{
"lowlevel": {
    "average_loudness": 0.740945518017,
    "barkbands_crest": {
        "dmean": 2.29583692551,
        "dmean2": 3.80477595329,
        "dvar": 4.60552167892,
        "dvar2": 12.4641981125,
        "max": 26.4157676697,
        "mean": 13.9302492142,
        "median": 13.2072238922,
        "min": 3.59026503563,
        "var": 20.2082996368
    },
    "barkbands_flatness_db": {
        "dmean": 0.0361891202629,
        "dmean2": 0.0561166033149,
        "dvar": 0.00177414924838,
        "dvar2": 0.00412131333724,
        "max": 0.647303760052,
        "mean": 0.324562549591,
        "median": 0.320912837982,
        "min": 0.0298518911004,
        "var": 0.00853772461414
    },
    "barkbands_kurtosis": {
        "dmean": 13.6281766891,
        "dmean2": 22.0158348083,
        "dvar": 851.086425781,
        "dvar2": 2123.97900391,
        "max": 996.592224121,
        "mean": 27.0480995178,
        "median": 14.1428117752,
        "min": -1.86341547966,
        "var": 1878.19445801
    },
    "barkbands_skewness": {
        "dmean": 0.927005052567,
        "dmean2": 1.47077918053,
        "dvar": 1.28005218506,
        "dvar2": 3.09291529655,
        "max": 24.8952350616,
        "mean": 2.90341997147,
        "median": 2.44471216202,
        "min": -1.8505679369,
        "var": 5.27584314346
    },
    "barkbands_spread": {
        "dmean": 1.7991694212,
        "dmean2": 3.05786824226,
        "dvar": 25.6248130798,
        "dvar2": 69.557510376,
        "max": 101.825065613,
        "mean": 3.61055064201,
        "median": 2.48066020012,
        "min": 0.080502524972,
        "var": 26.6053943634
    },
    "dissonance": {
        "dmean": 0.0376113094389,
        "dmean2": 0.0616909042001,
        "dvar": 0.00112962804269,
        "dvar2": 0.0028312979266,
        "max": 0.499999880791,
        "mean": 0.388852566481,
        "median": 0.402855455875,
        "min": 0.074421107769,
        "var": 0.00488377688453
    },
    "dynamic_complexity": 5.09594964981,
    "erbbands_crest": {
        "dmean": 2.51945757866,
        "dmean2": 3.90589928627,
        "dvar": 5.2285284996,
        "dvar2": 13.246506691,
        "max": 30.1557121277,
        "mean": 13.0507249832,
        "median": 12.2822036743,
        "min": 2.65261411667,
        "var": 23.1895980835
    },
    "erbbands_flatness_db": {
        "dmean": 0.0256356596947,
        "dmean2": 0.0376531518996,
        "dvar": 0.00100264197681,
        "dvar2": 0.0023533871863,
        "max": 0.512322068214,
        "mean": 0.240249484777,
        "median": 0.234738767147,
        "min": 0.0520853623748,
        "var": 0.00660287914798
    },
    "erbbands_kurtosis": {
        "dmean": 3.10632658005,
        "dmean2": 4.8719124794,
        "dvar": 19.474697113,
        "dvar2": 48.1313667297,
        "max": 170.73664856,
        "mean": 6.96790361404,
        "median": 4.81673717499,
        "min": -1.85250091553,
        "var": 72.2726974487
    },
    "erbbands_skewness": {
        "dmean": 0.472138524055,
        "dmean2": 0.73542034626,
        "dvar": 0.224359750748,
        "dvar2": 0.588562548161,
        "max": 11.0991678238,
        "mean": 1.76232111454,
        "median": 1.63807582855,
        "min": -1.56008982658,
        "var": 0.937154829502
    },
    "erbbands_spread": {
        "dmean": 7.66726589203,
        "dmean2": 12.4878969193,
        "dvar": 222.048187256,
        "dvar2": 561.207336426,
        "max": 186.821548462,
        "mean": 18.4267234802,
        "median": 13.2109737396,
        "min": 0.741534531116,
        "var": 325.154876709
    },
    "hfc": {
        "dmean": 4.99670410156,
        "dmean2": 8.21362304688,
        "dvar": 107.923782349,
        "dvar2": 277.365722656,
        "max": 160.664199829,
        "mean": 11.7050600052,
        "median": 7.90428161621,
        "min": 1.1888795629e-16,
        "var": 167.462509155
    },
    "melbands_crest": {
        "dmean": 2.921905756,
        "dmean2": 4.74298048019,
        "dvar": 7.70027303696,
        "dvar2": 20.0094280243,
        "max": 31.9777755737,
        "mean": 18.8254776001,
        "median": 18.5227546692,
        "min": 1.76475405693,
        "var": 33.036239624
    },
    "melbands_flatness_db": {
        "dmean": 0.0404599867761,
        "dmean2": 0.062640376389,
        "dvar": 0.00227897288278,
        "dvar2": 0.00525413779542,
        "max": 0.811358451843,
        "mean": 0.447399586439,
        "median": 0.444337964058,
        "min": 0.00585360871628,
        "var": 0.0106918336824
    },
    "melbands_kurtosis": {
        "dmean": 17.4281177521,
        "dmean2": 28.4545974731,
        "dvar": 1561.56494141,
        "dvar2": 3940.09033203,
        "max": 972.60144043,
        "mean": 32.1289329529,
        "median": 16.6396713257,
        "min": -1.51335048676,
        "var": 2435.73681641
    },
    "melbands_skewness": {
        "dmean": 0.932853579521,
        "dmean2": 1.50686597824,
        "dvar": 1.61364781857,
        "dvar2": 4.02606964111,
        "max": 24.938835144,
        "mean": 3.04681038857,
        "median": 2.60130882263,
        "min": -1.65468943119,
        "var": 4.5297164917
    },
    "melbands_spread": {
        "dmean": 1.10547018051,
        "dmean2": 1.84150373936,
        "dvar": 6.43626976013,
        "dvar2": 15.9634695053,
        "max": 119.374984741,
        "mean": 2.97986578941,
        "median": 2.37075066566,
        "min": 0.260467737913,
        "var": 8.26590442657
    },
    "pitch_salience": {
        "dmean": 0.0815742686391,
        "dmean2": 0.132701411843,
        "dvar": 0.00617381650954,
        "dvar2": 0.0157047212124,
        "max": 0.828729152679,
        "mean": 0.457254678011,
        "median": 0.497708678246,
        "min": 0.0265796575695,
        "var": 0.0320724248886
    },
    "silence_rate_20dB": {
        "dmean": 0.0298951640725,
        "dmean2": 0.0597943738103,
        "dvar": 0.0289996303618,
        "dvar2": 0.0639374703169,
        "max": 1,
        "mean": 0.961652934551,
        "median": 1,
        "min": 0,
        "var": 0.0368736237288
    },
    "silence_rate_30dB": {
        "dmean": 0.0619546845555,
        "dmean2": 0.123917751014,
        "dvar": 0.0581210367382,
        "dvar2": 0.125622302294,
        "max": 1,
        "mean": 0.758014321327,
        "median": 1,
        "min": 0,
        "var": 0.183448269963
    },
    "silence_rate_60dB": {
        "dmean": 0.00595197826624,
        "dmean2": 0.0119047621265,
        "dvar": 0.00591906160116,
        "dvar2": 0.013382405974,
        "max": 1,
        "mean": 0.0902881100774,
        "median": 0,
        "min": 0,
        "var": 0.0821432992816
    },
    "spectral_centroid": {
        "dmean": 70.5601501465,
        "dmean2": 117.949630737,
        "dvar": 31548.6464844,
        "dvar2": 70702.40625,
        "max": 11353.8232422,
        "mean": 308.010955811,
        "median": 279.109130859,
        "min": 86.0347137451,
        "var": 33696.6914062
    },
    "spectral_complexity": {
        "dmean": 1.82536351681,
        "dmean2": 3.0625,
        "dvar": 10.3637304306,
        "dvar2": 26.6980304718,
        "max": 45,
        "mean": 8.06512928009,
        "median": 8,
        "min": 0,
        "var": 19.7702770233
    },
    "spectral_decrease": {
        "dmean": 8.67093952195e-09,
        "dmean2": 1.43464689017e-08,
        "dvar": 3.50973104483e-16,
        "dvar2": 8.70403962698e-16,
        "max": 1.61967981176e-30,
        "mean": -2.07608508163e-08,
        "median": -1.03792041628e-08,
        "min": -2.70530051694e-07,
        "var": 7.7070522019e-16
    },
    "spectral_energy": {
        "dmean": 0.0330840349197,
        "dmean2": 0.0547036379576,
        "dvar": 0.00508456164971,
        "dvar2": 0.0126052163541,
        "max": 1.02857708931,
        "mean": 0.0794179216027,
        "median": 0.0400507599115,
        "min": 1.07773677049e-20,
        "var": 0.0111802713946
    },
    "spectral_energyband_high": {
        "dmean": 0.000178394242539,
        "dmean2": 0.000320758612361,
        "dvar": 5.08300388447e-07,
        "dvar2": 1.41239161167e-06,
        "max": 0.0129223251715,
        "mean": 0.000125859936816,
        "median": 6.18881495029e-06,
        "min": 8.08818414645e-21,
        "var": 3.39460029863e-07
    },
    "spectral_energyband_low": {
        "dmean": 0.0312983095646,
        "dmean2": 0.0522639378905,
        "dvar": 0.00507897092029,
        "dvar2": 0.0125812133774,
        "max": 1.00371086597,
        "mean": 0.0634518638253,
        "median": 0.0184872671962,
        "min": 3.34844632996e-23,
        "var": 0.0109624033794
    },
    "spectral_energyband_middle_high": {
        "dmean": 0.000305595429381,
        "dmean2": 0.000507820164785,
        "dvar": 7.64712865475e-07,
        "dvar2": 2.06698427974e-06,
        "max": 0.0183546431363,
        "mean": 0.000487773679197,
        "median": 0.000183025549632,
        "min": 1.4676378236e-21,
        "var": 8.35796583942e-07
    },
    "spectral_energyband_middle_low": {
        "dmean": 0.00543529400602,
        "dmean2": 0.00874958280474,
        "dvar": 6.34869938949e-05,
        "dvar2": 0.00016871484695,
        "max": 0.153435975313,
        "mean": 0.0160248726606,
        "median": 0.0125921778381,
        "min": 2.85498025982e-22,
        "var": 0.000198400899535
    },
    "spectral_entropy": {
        "dmean": 0.304684817791,
        "dmean2": 0.458513617516,
        "dvar": 0.165125444531,
        "dvar2": 0.390611082315,
        "max": 9.8005695343,
        "mean": 5.98106002808,
        "median": 5.92536449432,
        "min": 4.00727272034,
        "var": 0.632036864758
    },
    "spectral_flux": {
        "dmean": 0.0413831248879,
        "dmean2": 0.0661704391241,
        "dvar": 0.00512068253011,
        "dvar2": 0.0124727701768,
        "max": 0.910581409931,
        "mean": 0.0886698663235,
        "median": 0.070077329874,
        "min": 1.03814103147e-10,
        "var": 0.00730722816661
    },
    "spectral_kurtosis": {
        "dmean": 10.4832019806,
        "dmean2": 16.9899158478,
        "dvar": 209.965744019,
        "dvar2": 584.072692871,
        "max": 390.684661865,
        "mean": 36.2524375916,
        "median": 21.7977142334,
        "min": -1.22063672543,
        "var": 2061.99731445
    },
    "spectral_rms": {
        "dmean": 0.00151909969281,
        "dmean2": 0.00247056782246,
        "dvar": 5.10846439283e-06,
        "dvar2": 1.19808701129e-05,
        "max": 0.0316779091954,
        "mean": 0.00731739960611,
        "median": 0.00625091325492,
        "min": 3.24260778818e-12,
        "var": 2.39363962464e-05
    },
    "spectral_rolloff": {
        "dmean": 81.2911758423,
        "dmean2": 147.66583252,
        "dvar": 263848.03125,
        "dvar2": 732653,
        "max": 18174.0234375,
        "mean": 282.184875488,
        "median": 279.931640625,
        "min": 86.1328125,
        "var": 165168.65625
    },
    "spectral_skewness": {
        "dmean": 0.720082640648,
        "dmean2": 1.12305569649,
        "dvar": 0.577380478382,
        "dvar2": 1.36403334141,
        "max": 17.2117786407,
        "mean": 4.44104814529,
        "median": 3.86522293091,
        "min": -0.0064436304383,
        "var": 5.96642351151
    },
    "spectral_spread": {
        "dmean": 869523.3125,
        "dmean2": 1328541.75,
        "dvar": 1.65845388493e+12,
        "dvar2": 3.57290554163e+12,
        "max": 41281716,
        "mean": 3090454,
        "median": 2464656.5,
        "min": 277604.25,
        "var": 4.46153044787e+12
    },
    "spectral_strongpeak": {
        "dmean": 0.255149096251,
        "dmean2": 0.418577253819,
        "dvar": 0.096034668386,
        "dvar2": 0.243598490953,
        "max": 3.65790772438,
        "mean": 0.835874557495,
        "median": 0.71866607666,
        "min": 0,
        "var": 0.324114948511
    },
    "zerocrossingrate": {
        "dmean": 0.0037006996572,
        "dmean2": 0.0049990369007,
        "dvar": 6.25188476988e-05,
        "dvar2": 9.13263647817e-05,
        "max": 0.51220703125,
        "mean": 0.014360871166,
        "median": 0.01171875,
        "min": 0.0029296875,
        "var": 0.000208517929423
    },
    "barkbands": {
        "dmean": [0.00013290172501, 0.0239960681647, 0.00847183074802, 0.00102352525573, 0.00334416236728, 0.00186661304906, 0.000475986627862, 0.000301613850752, 0.000119386299048, 6.34652024019e-05, 5.34962709935e-05, 7.21061733202e-05, 2.44549137278e-05, 1.67180296557e-05, 2.23517363338e-05, 2.57823121501e-05, 3.33087300532e-05, 4.02649711759e-05, 3.13235104841e-05, 2.73058503808e-05, 2.21964473894e-05, 2.06179665838e-05, 2.6158959372e-05, 2.70750770142e-05, 4.1051669541e-05, 2.71256540145e-05, 5.62154946238e-06],
        "dmean2": [0.000242596928729, 0.0411269925535, 0.0129144201055, 0.00165592960548, 0.0053153145127, 0.00305115012452, 0.000766704557464, 0.000443159020506, 0.000191782630282, 0.000101453762909, 8.71165102581e-05, 0.000118727934023, 3.96135474148e-05, 2.71513617918e-05, 3.6354362237e-05, 4.46340163762e-05, 5.75551275688e-05, 7.35970315873e-05, 5.71562231926e-05, 5.10839490744e-05, 4.14920068579e-05, 3.64217739843e-05, 4.66436504212e-05, 4.85941745865e-05, 7.34748246032e-05, 4.96052307426e-05, 1.05119188447e-05],
        "dvar": [4.21082802404e-07, 0.00318004004657, 0.000422396929935, 3.12351744469e-06, 2.23512633966e-05, 1.76611574716e-05, 7.47793080791e-07, 4.31515701393e-07, 7.40597414506e-08, 1.71241882896e-08, 1.50229055862e-08, 3.57748213275e-08, 3.67411567836e-09, 2.60678789665e-09, 6.09306693988e-09, 1.08755831008e-08, 1.46662104683e-08, 2.70852176243e-08, 1.81567543223e-08, 1.49870711397e-08, 1.15672671441e-08, 6.63242971655e-09, 1.42813529891e-08, 1.8119228784e-08, 3.97552000209e-08, 1.58538462358e-08, 7.45060568796e-10],
        "dvar2": [1.19749495298e-06, 0.00818880461156, 0.000880266190507, 8.83451593836e-06, 6.1869599449e-05, 4.60448973172e-05, 2.10331813832e-06, 1.03454806322e-06, 1.84929547231e-07, 4.57181421609e-08, 3.79362532499e-08, 9.33706232331e-08, 9.03600128055e-09, 6.18136208885e-09, 1.53505972378e-08, 3.02364604465e-08, 4.06507112416e-08, 7.68965406905e-08, 5.24286676296e-08, 4.36583036389e-08, 3.35501439963e-08, 1.8227067855e-08, 3.9854860745e-08, 5.06200663608e-08, 1.12105695393e-07, 4.48914541096e-08, 2.16171969214e-09],
        "max": [0.0132089145482, 0.910185158253, 0.324263930321, 0.0598132908344, 0.117249965668, 0.0575632862747, 0.022710012272, 0.0205468777567, 0.00576101243496, 0.00384560809471, 0.00311743514612, 0.00398431997746, 0.00182555895299, 0.002147375606, 0.00212115864269, 0.00291944737546, 0.0024519728031, 0.00420831609517, 0.00412555877119, 0.00243163015693, 0.00302621116862, 0.00163900165353, 0.00414862670004, 0.00298448163085, 0.00525676319376, 0.00336935371161, 0.00121130398475],
        "mean": [9.00272862054e-05, 0.0443556159735, 0.0183586701751, 0.00206502154469, 0.00859447661787, 0.00349550438114, 0.000980995246209, 0.000622505845968, 0.000208128563827, 0.000109952845378, 9.18821824598e-05, 0.000116586139484, 3.86588108086e-05, 1.8920383809e-05, 2.34921408264e-05, 2.20968431677e-05, 3.29099857481e-05, 2.81456759694e-05, 2.81345346593e-05, 1.87311525224e-05, 1.40378651849e-05, 1.59658156917e-05, 1.90532937268e-05, 1.86129818758e-05, 2.84307188849e-05, 1.7777649191e-05, 3.45007288161e-06],
        "median": [1.24337084344e-05, 0.0113876964897, 0.00445156730711, 0.001071710838, 0.00543509237468, 0.00239103427157, 0.000592320226133, 0.000282173685264, 7.31264590286e-05, 5.24747738382e-05, 2.44530492637e-05, 2.83169829345e-05, 1.24703101392e-05, 3.30713373842e-06, 2.58742375081e-06, 2.05393916985e-06, 4.94284449815e-06, 2.12641225517e-06, 3.75543027076e-06, 1.45256387896e-06, 5.60384933124e-07, 1.19737069326e-06, 1.01525449736e-06, 4.61265869944e-07, 9.75756051957e-07, 4.46523756636e-07, 8.89757387768e-08],
        "min": [5.40589970041e-24, 9.41034855965e-24, 5.48371451782e-24, 1.88166644624e-23, 5.95625450628e-23, 2.24869486867e-23, 3.19390595427e-23, 9.79699611057e-23, 4.98958372194e-23, 7.80089971024e-23, 4.43543670392e-23, 8.27797060019e-23, 9.64299152921e-23, 1.71968181107e-22, 1.11513440671e-22, 1.19365055302e-22, 2.30846928915e-22, 1.99166464288e-22, 2.1479458137e-22, 3.24779108633e-22, 3.90163888938e-22, 6.39877114288e-22, 7.79170664079e-22, 7.44642992186e-22, 1.0965427096e-21, 2.21884151318e-21, 2.22433289385e-21],
        "var": [2.47299823286e-07, 0.0065047624521, 0.00125495763496, 8.73860426509e-06, 9.29307134356e-05, 1.85250355571e-05, 1.58040211318e-06, 1.19830872336e-06, 1.49394082882e-07, 2.97001356842e-08, 4.05015789795e-08, 7.29566238533e-08, 7.52456852382e-09, 3.22489457361e-09, 6.0503535515e-09, 7.82726150561e-09, 1.06733208938e-08, 1.65641846905e-08, 1.10063664849e-08, 8.48450554258e-09, 6.52223297593e-09, 4.72633621129e-09, 9.42620559385e-09, 1.16297211861e-08, 2.51297329612e-08, 9.84509007651e-09, 4.21512963422e-10]
    },
    "erbbands": {
        "dmean": [0.283846318722, 6.57838249207, 13.9326305389, 3.15083909035, 9.19269561768, 9.35251426697, 19.9858131409, 14.4639225006, 8.25322628021, 5.83579730988, 6.86810922623, 2.94213891029, 2.13958382607, 1.75925087929, 2.30667042732, 2.57109761238, 1.18220257759, 0.990972816944, 0.903523027897, 1.27048194408, 1.55631542206, 1.93373584747, 2.13816428185, 1.84953391552, 1.47338700294, 1.27230155468, 1.1143964529, 0.699995398521, 0.676896452904, 0.772883057594, 0.758251786232, 0.588108897209, 0.452833324671, 0.371837198734, 0.333805203438, 0.17198741436, 0.0376662947237, 0.00715888757259, 0.00102272583172, 7.59281610954e-05],
        "dmean2": [0.490183472633, 11.2366371155, 22.1734256744, 4.94267416, 13.6966218948, 15.7501478195, 31.8141403198, 24.5919532776, 13.0171670914, 9.29837799072, 9.94669628143, 4.65168237686, 3.35474658012, 2.82515144348, 3.83912348747, 4.20664739609, 1.90435087681, 1.56473302841, 1.44171094894, 2.11046862602, 2.69695973396, 3.35992383957, 3.88275051117, 3.39275050163, 2.6925547123, 2.38183259964, 2.09489536285, 1.29110467434, 1.20219290257, 1.36140799522, 1.35600173473, 1.05177295208, 0.81763625145, 0.666025936604, 0.598341703415, 0.312460720539, 0.0695128887892, 0.0133247505873, 0.00191103678662, 0.000132560249767],
        "dvar": [0.818914651871, 226.302780151, 1016.74212646, 34.1641349792, 197.52154541, 250.372558594, 1683.03955078, 1323.67175293, 202.349243164, 132.195327759, 190.735656738, 46.3970108032, 16.1135787964, 18.367313385, 38.494808197, 40.3870124817, 7.48136377335, 7.6475725174, 8.73447704315, 22.733543396, 38.357421875, 49.9221038818, 72.0447998047, 72.2283248901, 35.6067085266, 33.3265762329, 29.1587715149, 11.0150918961, 6.93325042725, 10.0485563278, 12.5914497375, 8.21332073212, 5.18467283249, 2.82920646667, 2.75832414627, 0.870707988739, 0.0239284150302, 0.00102519360371, 2.58299241978e-05, 5.70405234157e-08],
        "dvar2": [2.1601395607, 579.507629395, 2278.58691406, 80.4544448853, 487.155975342, 735.384216309, 4369.33740234, 3518.0078125, 549.77935791, 321.573425293, 439.219268799, 112.754837036, 41.5700416565, 47.3700942993, 102.345909119, 103.556564331, 18.3567714691, 17.5741691589, 21.3950634003, 61.0920257568, 106.948295593, 138.640945435, 203.88848877, 208.039596558, 103.023612976, 97.0361557007, 84.8309631348, 31.7872829437, 19.1259613037, 27.5163707733, 35.3575820923, 22.9437675476, 14.5017061234, 7.92956113815, 7.75832414627, 2.4844379425, 0.0676403492689, 0.00295599922538, 7.48979946366e-05, 1.61087939432e-07],
        "max": [17.197013855, 228.047332764, 461.82144165, 121.768913269, 434.092956543, 331.397521973, 620.509460449, 501.592285156, 401.739624023, 332.460205078, 498.883300781, 155.219589233, 107.927848816, 111.857315063, 139.446212769, 151.372055054, 90.2927474976, 118.394470215, 80.835105896, 176.9478302, 172.236785889, 148.555603027, 177.364990234, 243.648681641, 129.172027588, 113.543136597, 143.318450928, 83.9386978149, 52.5680732727, 66.6319885254, 126.427307129, 59.0363311768, 52.0921669006, 43.5833702087, 45.4536590576, 25.6586418152, 2.65762066841, 1.00948667526, 0.235211506486, 0.00879854429513],
        "mean": [0.482487380505, 12.3889913559, 29.3737754822, 8.05278205872, 26.4304866791, 18.2303848267, 38.6721801758, 19.4825839996, 17.4108905792, 11.9107151031, 14.0522174835, 5.68686771393, 4.06629037857, 3.2710852623, 3.69355010986, 4.61298131943, 2.13101172447, 1.33647084236, 1.02474689484, 1.20770430565, 1.37595570087, 1.87905859947, 1.56395792961, 1.36315274239, 1.41761636734, 0.878826916218, 0.686621904373, 0.474207252264, 0.51723742485, 0.594656944275, 0.54031598568, 0.411954045296, 0.307794541121, 0.257434278727, 0.231627970934, 0.113539516926, 0.0241793245077, 0.00442433729768, 0.000658238772303, 0.000115447510325],
        "median": [0.110031589866, 3.23767328262, 7.89638566971, 4.89955711365, 12.0427074432, 11.5442028046, 26.4409294128, 10.1509666443, 11.2504634857, 5.38016605377, 7.2689871788, 2.57118797302, 2.09487295151, 1.27081012726, 1.05877327919, 1.31556296349, 0.773894190788, 0.304635286331, 0.149031668901, 0.119503930211, 0.167596802115, 0.270590722561, 0.151654958725, 0.124348431826, 0.216791689396, 0.0657876431942, 0.0196221545339, 0.0296578519046, 0.0380393341184, 0.0449323132634, 0.0251395013183, 0.0130911879241, 0.00611021602526, 0.00814253091812, 0.00835523381829, 0.00306492764503, 0.000568013812881, 0.000107370360638, 5.0150876632e-05, 4.88065415993e-05],
        "min": [4.29501820061e-22, 1.40889335885e-21, 6.30514221392e-21, 5.03944795549e-20, 9.15701668923e-20, 1.865049297e-19, 3.01236457474e-19, 1.85746560175e-19, 3.10994784709e-19, 1.11262813084e-18, 2.05267557342e-18, 1.40558893063e-18, 1.04432948202e-18, 3.15836417591e-18, 1.6568531067e-18, 3.36217961768e-18, 5.20773888509e-18, 8.43050238041e-18, 6.37359081507e-18, 5.42756792314e-18, 1.00930981885e-17, 1.21607213292e-17, 9.6786137e-18, 1.23095575912e-17, 9.29441394806e-18, 1.66359636577e-17, 1.63559878358e-17, 1.50969842019e-17, 1.89540893479e-17, 2.79148575144e-17, 2.07409880682e-17, 1.74988288419e-17, 1.17987801804e-17, 9.11061937904e-18, 9.88392406393e-18, 8.43143213142e-18, 3.76666659452e-18, 1.43854752854e-18, 3.16878882297e-19, 3.08450577477e-20],
        "var": [1.30358946323, 478.744232178, 2705.61767578, 97.1889419556, 1489.58703613, 500.017608643, 2039.09216309, 1161.34094238, 412.30758667, 393.919952393, 499.694274902, 93.1187286377, 33.7992248535, 41.1934890747, 63.2918891907, 106.132041931, 15.946264267, 11.6615076065, 9.37515354156, 18.5067138672, 26.5921478271, 35.9278793335, 44.6624984741, 42.5010528564, 22.2525806427, 18.8062763214, 16.2642383575, 6.39413690567, 4.82204675674, 7.10297727585, 8.10222530365, 5.38284301758, 3.28867340088, 1.82470536232, 1.7520056963, 0.524521172047, 0.0148555459455, 0.000597747566644, 1.46298543768e-05, 4.70006433773e-08]
    },
    "gfcc": {
        "mean": [-124.335243225, 160.84413147, -39.1996116638, 15.8825521469, -48.6611289978, -3.09204816818, -33.167263031, 1.74998688698, -21.3520889282, -5.38387966156, -6.54684591293, 1.08698153496, -11.967997551],
        "cov": [[19883.4394531, -827.711669922, -1214.39660645, 1566.85095215, 228.762313843, 1282.94458008, 442.197601318, 1143.1307373, -19.9711990356, 321.806091309, 204.680389404, 361.70300293, -213.220504761], [-827.711669922, 1635.59484863, 157.485046387, -375.395507812, 33.0449295044, -293.706054688, 219.91960144, -142.82649231, 118.694618225, -143.628707886, 127.29712677, -136.074707031, 50.6975898743], [-1214.39660645, 157.485046387, 691.224121094, -10.9626426697, 85.3819656372, -2.478048563, 36.4979171753, -18.8010654449, 56.7885780334, -9.71088600159, -19.6134872437, -18.0808925629, 40.0314254761], [1566.85095215, -375.395507812, -10.9626426697, 639.65222168, 284.288604736, 294.215179443, 149.292098999, 169.673522949, 107.746788025, 68.4692306519, 64.6751861572, 46.4651374817, 39.3800544739], [228.762313843, 33.0449295044, 85.3819656372, 284.288604736, 334.958190918, 123.174919128, 144.688766479, 64.4356384277, 104.487854004, 32.2910881042, 46.9779891968, -2.27675819397, 49.409942627], [1282.94458008, -293.706054688, -2.478048563, 294.215179443, 123.174919128, 361.09286499, 74.1225738525, 155.688369751, 92.4202346802, 61.3738746643, 26.0777683258, 39.5305976868, 10.5694274902], [442.197601318, 219.91960144, 36.4979171753, 149.292098999, 144.688766479, 74.1225738525, 222.78237915, 81.3670883179, 90.9560317993, 3.23211455345, 74.83228302, -12.2066020966, 19.2948493958], [1143.1307373, -142.82649231, -18.8010654449, 169.673522949, 64.4356384277, 155.688369751, 81.3670883179, 182.03137207, 45.4564933777, 48.7084541321, 29.8979034424, 32.1693458557, -9.59917736053], [-19.9711990356, 118.694618225, 56.7885780334, 107.746788025, 104.487854004, 92.4202346802, 90.9560317993, 45.4564933777, 172.178817749, 33.6362228394, 46.9919700623, -10.8352718353, 50.2678947449], [321.806091309, -143.628707886, -9.71088600159, 68.4692306519, 32.2910881042, 61.3738746643, 3.23211455345, 48.7084541321, 33.6362228394, 89.0277862549, 16.8765182495, 24.9437408447, 10.4632387161], [204.680389404, 127.29712677, -19.6134872437, 64.6751861572, 46.9779891968, 26.0777683258, 74.83228302, 29.8979034424, 46.9919700623, 16.8765182495, 100.902618408, 7.98731327057, 18.6990337372], [361.70300293, -136.074707031, -18.0808925629, 46.4651374817, -2.27675819397, 39.5305976868, -12.2066020966, 32.1693458557, -10.8352718353, 24.9437408447, 7.98731327057, 77.2803955078, 13.6782245636], [-213.220504761, 50.6975898743, 40.0314254761, 39.3800544739, 49.409942627, 10.5694274902, 19.2948493958, -9.59917736053, 50.2678947449, 10.4632387161, 18.6990337372, 13.6782245636, 76.4986190796]],
        "icov": [[0.000139145660796, -0.000263703870587, 0.000199770700419, -0.000370400899556, 0.00020367965044, -0.000283058499917, 7.86063465057e-05, -0.000556757091545, 0.000391685025534, -0.000324938911945, 0.000265359965852, -0.000363729312085, 0.000253833946772], [-0.000263703870587, 0.00228924420662, -0.000504864787217, 0.00201566843316, -0.000796330336016, 0.00124483846594, -0.00168967375066, 0.00125650654081, -0.00176142598502, 0.00256873830222, -0.00237529189326, 0.00183867174201, -0.00104143482167], [0.000199770700419, -0.000504864787217, 0.0019093323499, -0.00034141226206, -0.000167787875398, -0.000470500119263, 2.42475798586e-05, -0.00075198803097, 0.000254232378211, -0.000431154912803, 0.00125572248362, -0.000543033529539, -0.000177027337486], [-0.000370400899556, 0.00201566843316, -0.00034141226206, 0.00578775070608, -0.00328549533151, -0.000562480243389, -0.0014423035318, 0.000637224875391, -0.00125823542476, 0.00223736697808, -0.00259521882981, 0.00106682942715, -0.00156107032672], [0.00020367965044, -0.000796330336016, -0.000167787875398, -0.00328549533151, 0.00700690178201, -0.000553192396183, -0.00235824193805, 0.000283508590655, 0.000258516258327, -0.00209955265746, 0.00165313028265, 0.000351670343662, -0.00129399658181], [-0.000283058499917, 0.00124483846594, -0.000470500119263, -0.000562480243389, -0.000553192396183, 0.00695709697902, 6.1098158767e-05, -0.00194150209427, -0.00351546541788, 0.00121637328994, -0.000362077582395, 9.09593945835e-05, 0.000274779536994], [7.86063465057e-05, -0.00168967375066, 2.42475798586e-05, -0.0014423035318, -0.00235824193805, 6.1098158767e-05, 0.0116503126919, -0.00450749834999, -0.00133575673681, 0.00178880966268, -0.00330126704648, 0.000468028330943, 0.00143562536687], [-0.000556757091545, 0.00125650654081, -0.00075198803097, 0.000637224875391, 0.000283508590655, -0.00194150209427, -0.00450749834999, 0.0144314076751, -0.00191735744011, -0.00207604165189, -0.000717367278412, -0.00146005768329, 0.00269413483329], [0.000391685025534, -0.00176142598502, 0.000254232378211, -0.00125823542476, 0.000258516258327, -0.00351546541788, -0.00133575673681, -0.00191735744011, 0.013470903039, -0.00505544384941, -3.52035203832e-06, 0.00276228925213, -0.00546462414786], [-0.000324938911945, 0.00256873830222, -0.000431154912803, 0.00223736697808, -0.00209955265746, 0.00121637328994, 0.00178880966268, -0.00207604165189, -0.00505544384941, 0.0190091505647, -0.00470112683252, -0.00112356734462, -0.000985859427601], [0.000265359965852, -0.00237529189326, 0.00125572248362, -0.00259521882981, 0.00165313028265, -0.000362077582395, -0.00330126704648, -0.000717367278412, -3.52035203832e-06, -0.00470112683252, 0.0173886362463, -0.00380269088782, -0.000207587945624], [-0.000363729312085, 0.00183867174201, -0.000543033529539, 0.00106682942715, 0.000351670343662, 9.09593945835e-05, 0.000468028330943, -0.00146005768329, 0.00276228925213, -0.00112356734462, -0.00380269088782, 0.0202066302299, -0.0073832697235], [0.000253833946772, -0.00104143482167, -0.000177027337486, -0.00156107032672, -0.00129399658181, 0.000274779536994, 0.00143562536687, 0.00269413483329, -0.00546462414786, -0.000985859427601, -0.000207587945624, -0.0073832697235, 0.0212364364415]]
    },
    "melbands": {
        "dmean": [0.00464463140815, 0.00824733451009, 0.00072882999666, 0.000658185046632, 0.000641397491563, 0.000316219724482, 0.000123097590404, 6.10799761489e-05, 5.16363870702e-05, 1.69545637618e-05, 1.06107145257e-05, 7.1882022894e-06, 7.64778542361e-06, 8.05965919426e-06, 4.74242779092e-06, 2.45827095569e-06, 1.82064161436e-06, 1.30357500439e-06, 1.71958390638e-06, 1.72726504388e-06, 1.88681792679e-06, 2.16208331949e-06, 1.71477381627e-06, 2.00627710001e-06, 1.46265995227e-06, 1.13247608624e-06, 9.83802237897e-07, 8.11688323665e-07, 7.37100720016e-07, 5.36924517291e-07, 3.63869929743e-07, 3.58214094831e-07, 4.53691484381e-07, 4.2188761995e-07, 4.40788966216e-07, 4.19965090259e-07, 3.35933663109e-07, 3.24403004015e-07, 2.8428419796e-07, 3.28161888774e-07],
        "dmean2": [0.00796316377819, 0.013620659709, 0.00110907747876, 0.00104323890992, 0.00103848672006, 0.000530381395947, 0.000196115943254, 9.71077533904e-05, 7.50357503421e-05, 2.70179662039e-05, 1.67266771314e-05, 1.15886796266e-05, 1.26584609461e-05, 1.34065221573e-05, 7.74148702476e-06, 3.9352926251e-06, 2.89055105895e-06, 2.11260203287e-06, 2.79552750726e-06, 2.9381267268e-06, 3.28989199261e-06, 3.73872649106e-06, 3.07376330966e-06, 3.67873190044e-06, 2.687727374e-06, 2.06864888241e-06, 1.81615348538e-06, 1.52505720052e-06, 1.38850418807e-06, 1.00570605355e-06, 6.66670416649e-07, 6.37225639366e-07, 8.00663315204e-07, 7.45280601677e-07, 7.91799777744e-07, 7.47385172417e-07, 6.04210299571e-07, 5.87174611155e-07, 5.1193183026e-07, 5.8908989331e-07],
        "dvar": [0.000146518694237, 0.000328370049829, 1.35351911013e-06, 9.76540832198e-07, 1.62462185926e-06, 5.79072150231e-07, 4.45033379037e-08, 1.5940340603e-08, 9.96747662185e-09, 1.6599949193e-09, 3.99954486197e-10, 3.15837800358e-10, 3.4232047752e-10, 5.08091291263e-10, 1.63619090499e-10, 3.72184574826e-11, 2.88747688953e-11, 1.88190314027e-11, 3.87228235588e-11, 4.883572019e-11, 5.90974283399e-11, 6.42786587846e-11, 3.96115536205e-11, 7.44807132635e-11, 4.99554980715e-11, 2.1815398446e-11, 1.86006089004e-11, 1.48154735008e-11, 1.34363466534e-11, 7.11579406509e-12, 3.05341212384e-12, 2.02192104205e-12, 3.6569072423e-12, 3.22811829351e-12, 4.25694982736e-12, 4.26858635244e-12, 3.04910979278e-12, 3.03833867787e-12, 1.84441437817e-12, 2.33056000713e-12],
        "dvar2": [0.000378446042305, 0.000792098522652, 3.21541165249e-06, 2.77868798548e-06, 4.25692678618e-06, 1.53114115164e-06, 1.23310101685e-07, 3.91894054985e-08, 2.2739437e-08, 4.00149113844e-09, 1.04560604619e-09, 8.2201334628e-10, 8.90751139515e-10, 1.34665179008e-09, 4.12005596306e-10, 8.84187514871e-11, 6.53145870722e-11, 4.68945333953e-11, 9.65649435414e-11, 1.34715863465e-10, 1.65031890931e-10, 1.78340536783e-10, 1.11566381134e-10, 2.11724873744e-10, 1.4447636143e-10, 6.3024939434e-11, 5.41919009667e-11, 4.32306516973e-11, 3.91957161172e-11, 2.06566326544e-11, 8.79411994614e-12, 5.61902694513e-12, 1.00437280021e-11, 8.90095202405e-12, 1.19928953921e-11, 1.18789431416e-11, 8.59636580669e-12, 8.52579118416e-12, 5.19658188008e-12, 6.5594556696e-12],
        "max": [0.215750187635, 0.262877553701, 0.0298790670931, 0.0285138282925, 0.0189385227859, 0.0106748174876, 0.0057053626515, 0.00408162083477, 0.00335580739193, 0.000944116036408, 0.000536273873877, 0.000471271981951, 0.00051030726172, 0.000575002399273, 0.000352558854502, 0.000213791805436, 0.000271369004622, 0.000126788028865, 0.000176235800609, 0.000233885235502, 0.000235784042161, 0.000165054545505, 0.000172785439645, 0.000211726612179, 0.000220596295549, 0.000103020705865, 0.000127435632749, 8.57919076225e-05, 0.000104158913018, 7.24305937183e-05, 4.57786372863e-05, 2.68057920039e-05, 4.88145669806e-05, 4.36766240455e-05, 6.72714595567e-05, 6.56003030599e-05, 4.67097815999e-05, 4.85993514303e-05, 4.22675366281e-05, 4.48048122053e-05],
        "mean": [0.00853042583913, 0.016694445163, 0.0021271398291, 0.00166478310712, 0.0011876039207, 0.000480666058138, 0.000258802843746, 0.000125195627334, 0.000103769321868, 3.05402863887e-05, 1.93123814825e-05, 1.2643122318e-05, 1.24235475596e-05, 1.25595115605e-05, 8.64113644639e-06, 3.72441422769e-06, 2.2664764856e-06, 1.44964803894e-06, 1.72926934283e-06, 1.56389819495e-06, 1.61527316322e-06, 2.13257044379e-06, 1.39151700296e-06, 1.37029621783e-06, 1.05095762137e-06, 1.08986637315e-06, 8.56010558437e-07, 5.17062801464e-07, 4.47232480383e-07, 3.35663628448e-07, 2.55669363014e-07, 2.72689447911e-07, 3.48376914872e-07, 3.19315915931e-07, 3.09732399728e-07, 3.01358966226e-07, 2.30091941944e-07, 2.1846534537e-07, 1.93866426912e-07, 2.26411003723e-07],
        "median": [0.00214164191857, 0.00457250885665, 0.00139517127536, 0.000885120360181, 0.000803588249255, 0.000283260073047, 0.000165995268617, 5.50515760551e-05, 5.33406127943e-05, 1.16186201922e-05, 9.47715852817e-06, 4.63247624793e-06, 3.56318832928e-06, 3.27052885041e-06, 2.42388159677e-06, 1.11325653052e-06, 4.29801190194e-07, 2.08203630336e-07, 1.56620018288e-07, 1.513330119e-07, 1.8345410524e-07, 2.86510385195e-07, 1.72486096517e-07, 8.80706068074e-08, 8.02325033078e-08, 1.61624257089e-07, 1.10714594825e-07, 2.28132872593e-08, 8.84008954927e-09, 1.01753432347e-08, 1.90032949376e-08, 2.0461122574e-08, 2.28127721158e-08, 2.42848265941e-08, 1.4786607494e-08, 9.5430152669e-09, 6.79505962609e-09, 4.00062472039e-09, 3.60553986667e-09, 7.8157134098e-09],
        "min": [3.08511805169e-24, 2.65785915251e-24, 8.23537495121e-24, 1.0125406794e-23, 1.0191382387e-23, 4.0450925508e-24, 5.24011190371e-24, 1.40942953814e-23, 1.70117696439e-23, 7.5884671993e-24, 5.09214684144e-24, 1.34524055737e-23, 6.12650520467e-24, 6.23278527899e-24, 1.16148637466e-23, 1.20148225365e-23, 1.61534700463e-23, 1.02081109713e-23, 8.27888063013e-24, 6.69575985565e-24, 1.32207691906e-23, 1.47119056281e-23, 7.90354692231e-24, 9.14174299915e-24, 1.02142806525e-23, 8.04226811249e-24, 5.70119715851e-24, 1.25512944948e-23, 9.42395088824e-24, 1.09977457491e-23, 8.29164203299e-24, 9.04948019425e-24, 1.60379271673e-23, 1.49903419732e-23, 1.17603778181e-23, 1.18117831501e-23, 1.04324819454e-23, 8.94958910441e-24, 7.12424780012e-24, 7.08836488413e-24],
        "var": [0.000285997317405, 0.000766543438658, 5.51723769604e-06, 4.83574513055e-06, 1.95301436179e-06, 5.38902895642e-07, 9.11094133471e-08, 4.68772043405e-08, 2.63261483724e-08, 3.23114734968e-09, 7.98156596371e-10, 6.46320830189e-10, 6.83877288132e-10, 9.35538535529e-10, 4.06712608036e-10, 7.69332930695e-11, 4.28927796059e-11, 1.93509219065e-11, 3.87485946107e-11, 3.80145845358e-11, 3.98889185571e-11, 4.71903488508e-11, 2.57240097279e-11, 4.50452383727e-11, 2.89981996748e-11, 1.36485805297e-11, 1.10852473034e-11, 8.23289440094e-12, 7.4305370884e-12, 3.99684148625e-12, 1.80198737876e-12, 1.38020692965e-12, 2.57869832258e-12, 2.20639522278e-12, 2.68158650667e-12, 2.91004330008e-12, 1.91213342902e-12, 1.89851172977e-12, 1.16126596186e-12, 1.4813531261e-12]
    },
    "mfcc": {
        "mean": [-786.319091797, 196.343078613, 57.8874511719, 31.3474731445, 9.91152763367, 0.088632568717, -0.438517332077, 6.78558254242, -10.1639995575, -4.95021724701, 2.77367901802, -2.31814813614, 6.81669044495],
        "cov": [[12427.0957031, 271.773773193, -769.112915039, 529.005249023, 423.789520264, 478.097625732, 474.359222412, 778.022155762, 265.359893799, 278.296417236, 388.768554688, 320.452514648, 429.732269287], [271.773773193, 2234.81835938, 283.909057617, 98.3167114258, -98.3038711548, -84.6410140991, 23.7829704285, 77.8154220581, -73.1240768433, -7.90297317505, 68.7741394043, -24.4931583405, 90.3834762573], [-769.112915039, 283.909057617, 568.240722656, -16.2444496155, 29.7146587372, -14.9889116287, -42.2114067078, -29.2998008728, 18.0867404938, -4.10643434525, -5.60972690582, -6.61813020706, -46.3004188538], [529.005249023, 98.3167114258, -16.2444496155, 321.820281982, 132.679870605, 110.587471008, 111.728729248, 97.6773147583, 72.1019134521, 55.1936454773, 54.1956443787, 53.1379928589, 32.3263893127], [423.789520264, -98.3038711548, 29.7146587372, 132.679870605, 261.447845459, 159.813262939, 77.7088470459, 89.7852401733, 102.166137695, 70.6278305054, 41.5023193359, 53.4210777283, 17.7576522827], [478.097625732, -84.6410140991, -14.9889116287, 110.587471008, 159.813262939, 212.875900269, 87.6021118164, 102.666847229, 96.1694488525, 70.4684524536, 53.2690429688, 51.8766174316, 29.9488792419], [474.359222412, 23.7829704285, -42.2114067078, 111.728729248, 77.7088470459, 87.6021118164, 150.676925659, 110.238807678, 49.3160247803, 48.6962585449, 51.6489524841, 44.2428703308, 48.3058204651], [778.022155762, 77.8154220581, -29.2998008728, 97.6773147583, 89.7852401733, 102.666847229, 110.238807678, 202.873321533, 73.2382278442, 59.7606010437, 75.7165679932, 51.0149993896, 65.7858810425], [265.359893799, -73.1240768433, 18.0867404938, 72.1019134521, 102.166137695, 96.1694488525, 49.3160247803, 73.2382278442, 139.757049561, 75.7720947266, 39.1659088135, 50.3255195618, 8.58575725555], [278.296417236, -7.90297317505, -4.10643434525, 55.1936454773, 70.6278305054, 70.4684524536, 48.6962585449, 59.7606010437, 75.7720947266, 107.657806396, 54.1820678711, 44.5912017822, 19.272857666], [388.768554688, 68.7741394043, -5.60972690582, 54.1956443787, 41.5023193359, 53.2690429688, 51.6489524841, 75.7165679932, 39.1659088135, 54.1820678711, 97.978012085, 46.8768997192, 41.4706001282], [320.452514648, -24.4931583405, -6.61813020706, 53.1379928589, 53.4210777283, 51.8766174316, 44.2428703308, 51.0149993896, 50.3255195618, 44.5912017822, 46.8768997192, 89.4696807861, 34.1255989075], [429.732269287, 90.3834762573, -46.3004188538, 32.3263893127, 17.7576522827, 29.9488792419, 48.3058204651, 65.7858810425, 8.58575725555, 19.272857666, 41.4706001282, 34.1255989075, 88.0369262695]],
