{
"lowlevel": {
    "average_loudness": 0.916927754879,
    "barkbands_crest": {
        "dmean": 2.0097887516,
        "dmean2": 3.11103892326,
        "dvar": 5.02340841293,
        "dvar2": 11.8926210403,
        "max": 26.9090900421,
        "mean": 15.2530708313,
        "median": 14.9497280121,
        "min": 3.14820194244,
        "var": 20.6308956146
    },
    "barkbands_flatness_db": {
        "dmean": 0.033664084971,
        "dmean2": 0.0489792712033,
        "dvar": 0.00146705133375,
        "dvar2": 0.00308544258587,
        "max": 0.703658938408,
        "mean": 0.348737984896,
        "median": 0.34677863121,
        "min": 0.0496383681893,
        "var": 0.0092653343454
    },
    "barkbands_kurtosis": {
        "dmean": 11.3107347488,
        "dmean2": 16.9057559967,
        "dvar": 820.212158203,
        "dvar2": 1756.31689453,
        "max": 1464.61828613,
        "mean": 21.8326663971,
        "median": 6.8783826828,
        "min": -1.85166275501,
        "var": 2479.35668945
    },
    "barkbands_skewness": {
        "dmean": 0.850445210934,
        "dmean2": 1.25118482113,
        "dvar": 1.24900650978,
        "dvar2": 2.66323137283,
        "max": 35.1475410461,
        "mean": 2.51741933823,
        "median": 1.94008386135,
        "min": -4.03593254089,
        "var": 6.00614023209
    },
    "barkbands_spread": {
        "dmean": 1.7629789114,
        "dmean2": 2.71620368958,
        "dvar": 19.5003833771,
        "dvar2": 40.3819351196,
        "max": 143.887084961,
        "mean": 5.26413011551,
        "median": 3.32746219635,
        "min": 0.0202959757298,
        "var": 59.9640769958
    },
    "dissonance": {
        "dmean": 0.0436437614262,
        "dmean2": 0.0716025456786,
        "dvar": 0.00195752969012,
        "dvar2": 0.00489201350138,
        "max": 0.500000298023,
        "mean": 0.384983628988,
        "median": 0.392906397581,
        "min": 0.0909193307161,
        "var": 0.0055018174462
    },
    "dynamic_complexity": 3.32166457176,
    "erbbands_crest": {
        "dmean": 2.73669838905,
        "dmean2": 4.16631603241,
        "dvar": 6.9253282547,
        "dvar2": 15.7962865829,
        "max": 32.2904510498,
        "mean": 15.5362949371,
        "median": 15.2066574097,
        "min": 2.37124562263,
        "var": 34.0988121033
    },
    "erbbands_flatness_db": {
        "dmean": 0.0299397706985,
        "dmean2": 0.0426023602486,
        "dvar": 0.00109462533146,
        "dvar2": 0.00218046898954,
        "max": 0.653479397297,
        "mean": 0.30146214366,
        "median": 0.292645156384,
        "min": 0.0505899116397,
        "var": 0.00845801085234
    },
    "erbbands_kurtosis": {
        "dmean": 4.57220363617,
        "dmean2": 6.9926533699,
        "dvar": 54.2890357971,
        "dvar2": 127.416572571,
        "max": 201.565750122,
        "mean": 9.55410575867,
        "median": 5.17480564117,
        "min": -1.89794790745,
        "var": 177.458511353
    },
    "erbbands_skewness": {
        "dmean": 0.616644084454,
        "dmean2": 0.926536619663,
        "dvar": 0.46856880188,
        "dvar2": 1.03651809692,
        "max": 10.6750497818,
        "mean": 1.77583599091,
        "median": 1.61403739452,
        "min": -3.18344545364,
        "var": 2.26996850967
    },
    "erbbands_spread": {
        "dmean": 6.83399915695,
        "dmean2": 10.4322757721,
        "dvar": 207.677719116,
        "dvar2": 436.420196533,
        "max": 179.426528931,
        "mean": 16.991437912,
        "median": 10.7062683105,
        "min": 0.265934348106,
        "var": 375.474243164
    },
    "hfc": {
        "dmean": 2.90224838257,
        "dmean2": 4.38267469406,
        "dvar": 26.7341423035,
        "dvar2": 56.5526809692,
        "max": 91.0279388428,
        "mean": 9.41103553772,
        "median": 6.68974208832,
        "min": 1.05148128973e-16,
        "var": 82.4821624756
    },
    "melbands_crest": {
        "dmean": 2.20152902603,
        "dmean2": 3.37780213356,
        "dvar": 6.51198911667,
        "dvar2": 15.30448246,
        "max": 34.7731208801,
        "mean": 18.3831176758,
        "median": 18.1269302368,
        "min": 1.53742027283,
        "var": 31.1583328247
    },
    "melbands_flatness_db": {
        "dmean": 0.0388800688088,
        "dmean2": 0.0557754077017,
        "dvar": 0.00213908217847,
        "dvar2": 0.00434807594866,
        "max": 0.873084306717,
        "mean": 0.455135375261,
        "median": 0.453902363777,
        "min": 0.00260377465747,
        "var": 0.0148680070415
    },
    "melbands_kurtosis": {
        "dmean": 13.2862024307,
        "dmean2": 19.918888092,
        "dvar": 1031.82446289,
        "dvar2": 2126.04760742,
        "max": 910.770812988,
        "mean": 24.737985611,
        "median": 9.58503627777,
        "min": -1.74341118336,
        "var": 2594.61157227
    },
    "melbands_skewness": {
        "dmean": 0.852483510971,
        "dmean2": 1.26743924618,
        "dvar": 1.44424235821,
        "dvar2": 2.88674664497,
        "max": 22.9373493195,
        "mean": 2.56401848793,
        "median": 2.07234430313,
        "min": -1.1869058609,
        "var": 4.83264780045
    },
    "melbands_spread": {
        "dmean": 1.65512216091,
        "dmean2": 2.46639847755,
        "dvar": 19.4060344696,
        "dvar2": 39.0121688843,
        "max": 171.941253662,
        "mean": 6.33482885361,
        "median": 3.64540457726,
        "min": 0.207271799445,
        "var": 175.524688721
    },
    "pitch_salience": {
        "dmean": 0.0558330006897,
        "dmean2": 0.0890651643276,
        "dvar": 0.00460300315171,
        "dvar2": 0.0115567417815,
        "max": 0.951926290989,
        "mean": 0.452535778284,
        "median": 0.454396545887,
        "min": 0.0298886373639,
        "var": 0.0133852520958
    },
    "silence_rate_20dB": {
        "dmean": 0,
        "dmean2": 0,
        "dvar": 0,
        "dvar2": 0,
        "max": 1,
        "mean": 1,
        "median": 1,
        "min": 1,
        "var": 0
    },
    "silence_rate_30dB": {
        "dmean": 0.00226833019406,
        "dmean2": 0.00453696306795,
        "dvar": 0.00226323958486,
        "dvar2": 0.00598418014124,
        "max": 1,
        "mean": 0.997598409653,
        "median": 1,
        "min": 0,
        "var": 0.00239596981555
    },
    "silence_rate_60dB": {
        "dmean": 0.0132096875459,
        "dmean2": 0.0264211371541,
        "dvar": 0.0130345541984,
        "dvar2": 0.0289281252772,
        "max": 1,
        "mean": 0.0680453628302,
        "median": 0,
        "min": 0,
        "var": 0.0634196698666
    },
    "spectral_centroid": {
        "dmean": 85.8167953491,
        "dmean2": 131.126556396,
        "dvar": 54033.0585938,
        "dvar2": 97370.4609375,
        "max": 11608.8212891,
        "mean": 536.00378418,
        "median": 373.82989502,
        "min": 103.094169617,
        "var": 816188.3125
    },
    "spectral_complexity": {
        "dmean": 1.49989998341,
        "dmean2": 2.32532691956,
        "dvar": 7.75569343567,
        "dvar2": 11.1064748764,
        "max": 45,
        "mean": 7.57164764404,
        "median": 7,
        "min": 0,
        "var": 33.8504905701
    },
    "spectral_decrease": {
        "dmean": 1.90126536737e-09,
        "dmean2": 2.99236480039e-09,
        "dvar": 8.46117258316e-18,
        "dvar2": 2.10135821304e-17,
        "max": 6.22078929739e-17,
        "mean": -9.89423121212e-09,
        "median": -9.88831860838e-09,
        "min": -3.90165517672e-08,
        "var": 3.45011276319e-17
    },
    "spectral_energy": {
        "dmean": 0.00737683661282,
        "dmean2": 0.0115892384201,
        "dvar": 0.000125993043184,
        "dvar2": 0.000312781834509,
        "max": 0.150343969464,
        "mean": 0.038196593523,
        "median": 0.0379761010408,
        "min": 9.903669492e-21,
        "var": 0.000515660562087
    },
    "spectral_energyband_high": {
        "dmean": 8.49509451655e-05,
        "dmean2": 0.00013982312521,
        "dvar": 1.01587552592e-07,
        "dvar2": 2.49604994451e-07,
        "max": 0.00470484932885,
        "mean": 8.49406278576e-05,
        "median": 3.23126550938e-06,
        "min": 6.90693064984e-21,
        "var": 9.85709860402e-08
    },
    "spectral_energyband_low": {
        "dmean": 0.00363016198389,
        "dmean2": 0.00572229921818,
        "dvar": 5.80277846893e-05,
        "dvar2": 0.000132136396132,
        "max": 0.0887418463826,
        "mean": 0.0194617491215,
        "median": 0.0222102012485,
        "min": 1.24368875755e-23,
        "var": 0.000236686595599
    },
    "spectral_energyband_middle_high": {
        "dmean": 0.000340283295373,
        "dmean2": 0.000495421234518,
        "dvar": 1.22354549603e-06,
        "dvar2": 2.16704233935e-06,
        "max": 0.0206312704831,
        "mean": 0.00073311291635,
        "median": 0.000196990586119,
        "min": 1.29042366698e-21,
        "var": 3.07129676003e-06
    },
    "spectral_energyband_middle_low": {
        "dmean": 0.00598823046312,
        "dmean2": 0.00963101442903,
        "dvar": 0.000113503847388,
        "dvar2": 0.000309976137942,
        "max": 0.137251183391,
        "mean": 0.0184715501964,
        "median": 0.0134606426582,
        "min": 1.75364006423e-22,
        "var": 0.000290670228424
    },
    "spectral_entropy": {
        "dmean": 0.316389173269,
        "dmean2": 0.470498412848,
        "dvar": 0.153562366962,
        "dvar2": 0.322235912085,
        "max": 9.82115745544,
        "mean": 5.93584728241,
        "median": 5.89987945557,
        "min": 3.02632927895,
        "var": 0.827908098698
    },
    "spectral_flux": {
        "dmean": 0.0237931758165,
        "dmean2": 0.0375549532473,
        "dvar": 0.00107266544364,
        "dvar2": 0.00219845515676,
        "max": 0.356276035309,
        "mean": 0.0572092160583,
        "median": 0.043356873095,
        "min": 6.38793670737e-11,
        "var": 0.00240830518305
    },
    "spectral_kurtosis": {
        "dmean": 20.8015022278,
        "dmean2": 33.3814544678,
        "dvar": 852.756286621,
        "dvar2": 2075.4777832,
        "max": 691.678344727,
        "mean": 50.5474967957,
        "median": 24.8148822784,
        "min": -1.27550542355,
        "var": 3861.26513672
    },
    "spectral_rms": {
        "dmean": 0.000579180836212,
        "dmean2": 0.000884667388164,
        "dvar": 6.54065331673e-07,
        "dvar2": 1.49750576384e-06,
        "max": 0.0121110295877,
        "mean": 0.00570788234472,
        "median": 0.00608685892075,
        "min": 3.10839461809e-12,
        "var": 4.68490998173e-06
    },
    "spectral_rolloff": {
        "dmean": 89.6915283203,
        "dmean2": 150.592880249,
        "dvar": 146683.03125,
        "dvar2": 296602.5625,
        "max": 19810.546875,
        "mean": 586.310058594,
        "median": 366.064453125,
        "min": 64.599609375,
        "var": 3213492.5
    },
    "spectral_skewness": {
        "dmean": 1.18029630184,
        "dmean2": 1.86038935184,
        "dvar": 1.70220541954,
        "dvar2": 3.87067103386,
        "max": 21.0054130554,
        "mean": 4.61392784119,
        "median": 3.64604902267,
        "min": -0.0903653502464,
        "var": 10.4260396957
    },
    "spectral_spread": {
        "dmean": 686953.3125,
        "dmean2": 1020844.9375,
        "dvar": 1.32544947814e+12,
        "dvar2": 2.53668805837e+12,
        "max": 42770064,
        "mean": 2504299.25,
        "median": 1815442.75,
        "min": 181378.46875,
        "var": 1.14072349573e+13
    },
    "spectral_strongpeak": {
        "dmean": 0.28234615922,
        "dmean2": 0.471539646387,
        "dvar": 0.22795920074,
        "dvar2": 0.52783125639,
        "max": 6.27460861206,
        "mean": 0.837905466557,
        "median": 0.408178538084,
        "min": 0,
        "var": 0.683176279068
    },
    "zerocrossingrate": {
        "dmean": 0.0035681440495,
        "dmean2": 0.0043999068439,
        "dvar": 4.55394620076e-05,
        "dvar2": 5.54602593184e-05,
        "max": 0.70751953125,
        "mean": 0.0213959366083,
        "median": 0.01416015625,
        "min": 0.001953125,
        "var": 0.00258625415154
    },
    "barkbands": {
        "dmean": [0.000174131928361, 0.00296321278438, 0.00148650095798, 0.000795659259893, 0.003229258582, 0.00195397622883, 0.00147819158155, 0.00016338028945, 0.000239508153754, 7.56717199693e-05, 5.1937680837e-05, 1.69618888322e-05, 2.97127135127e-05, 2.51703968388e-05, 4.0122999053e-05, 4.46733756689e-05, 6.01764950261e-05, 5.79606785323e-05, 4.31059961556e-05, 5.19819222973e-05, 2.22585913434e-05, 1.50946925714e-05, 1.94566691789e-05, 7.02994520907e-06, 1.00490933619e-05, 5.95862957198e-06, 8.10200447177e-07],
        "dmean2": [0.000266241753707, 0.00469225691631, 0.002638398204, 0.00144701334648, 0.00548694981262, 0.0029296092689, 0.00198910222389, 0.000267408409854, 0.000345851003658, 0.000113652393338, 8.53981910041e-05, 2.80747062789e-05, 4.74485023005e-05, 3.90137465729e-05, 6.14985765424e-05, 5.9909743868e-05, 9.18074510992e-05, 9.90471817204e-05, 5.92505530221e-05, 8.1170903286e-05, 3.47593631886e-05, 2.46842300839e-05, 3.33622920152e-05, 1.16555802379e-05, 1.80466468009e-05, 1.06067300294e-05, 1.41766372508e-06],
        "dvar": [1.33956831405e-07, 3.77851065423e-05, 2.2113445084e-05, 1.13295745905e-05, 5.35219514859e-05, 1.7919272068e-05, 9.38770972425e-06, 1.39806545008e-07, 6.51411994568e-07, 3.41064279041e-08, 1.32750219706e-08, 1.5321954816e-09, 3.62818464161e-09, 4.34606395316e-09, 2.71312252664e-08, 3.92575145725e-08, 6.89602686066e-08, 1.22285797488e-07, 5.96288032284e-08, 1.00206285936e-07, 1.04929114286e-08, 2.4076460825e-09, 1.07987903064e-08, 1.03351616154e-09, 3.39907946234e-09, 1.51644008461e-09, 2.59210014564e-11],
        "dvar2": [3.18323770898e-07, 8.97517093108e-05, 6.53810275253e-05, 3.34080577886e-05, 0.000149847197463, 4.30470827268e-05, 1.73096486833e-05, 3.71316957626e-07, 1.31277613491e-06, 7.17275483453e-08, 3.50386208936e-08, 4.17547108e-09, 8.30963475806e-09, 9.76882219561e-09, 6.34804777633e-08, 6.29556495824e-08, 1.37052140303e-07, 3.35765349746e-07, 1.09229674194e-07, 2.41225222908e-07, 2.08356318865e-08, 5.96743010561e-09, 2.9036344884e-08, 2.61594035322e-09, 9.3370662313e-09, 4.0731302775e-09, 6.88724910436e-11],
        "max": [0.00606627576053, 0.0732586607337, 0.0606952086091, 0.0448473244905, 0.103174127638, 0.0965779423714, 0.09196844697, 0.00657365377992, 0.0304954126477, 0.00488804187626, 0.00186033081263, 0.0007742663729, 0.00107639201451, 0.00101309409365, 0.00378498551436, 0.00355286872946, 0.00732996501029, 0.00602839002386, 0.00509252632037, 0.0067648794502, 0.00143911282066, 0.000880920502823, 0.00186961132567, 0.000576898280997, 0.00110557803418, 0.000960947480053, 0.00010833638953],
        "mean": [0.000820981746074, 0.015045966953, 0.00305408914573, 0.00124723161571, 0.00652729766443, 0.00538978399709, 0.00441465526819, 0.000280318694422, 0.000582992564887, 0.000141941491165, 7.62456984376e-05, 2.64594309556e-05, 6.44372557872e-05, 4.2098123231e-05, 6.09612579865e-05, 6.8703222496e-05, 0.000110485547339, 6.79359509377e-05, 5.28814889549e-05, 5.33861930307e-05, 2.24594296014e-05, 1.41496393553e-05, 1.46103548104e-05, 5.65474556424e-06, 6.50864103591e-06, 3.8594189391e-06, 5.61613262562e-07],
        "median": [0.00060377724003, 0.0177526269108, 0.00190560240299, 0.00084888341371, 0.00156884314492, 0.00191591819748, 0.00131189625245, 7.97100365162e-05, 7.50671024434e-05, 3.88070839108e-05, 1.17449471873e-05, 9.24397500057e-06, 1.43848046719e-05, 7.75035641709e-06, 5.59902082387e-06, 3.70633324565e-06, 5.49123706151e-06, 3.44019736076e-06, 1.32794377805e-06, 1.05605579392e-06, 9.91101273939e-07, 3.02173589262e-07, 1.13393248569e-07, 6.45503632768e-08, 3.22298774336e-08, 2.35121095926e-08, 2.91911490535e-08],
        "min": [9.02657665325e-26, 1.93709745379e-24, 1.25541907976e-24, 1.98761748667e-24, 4.18356051663e-24, 1.15206461444e-23, 9.05014047083e-24, 9.08263996241e-24, 3.17480542294e-23, 2.00933821949e-23, 1.9639642024e-23, 2.62551684147e-23, 2.03654966087e-23, 4.33399076923e-23, 6.24035550378e-23, 5.21363315634e-23, 5.93046254121e-23, 1.16322172666e-22, 1.42736353351e-22, 1.97416316416e-22, 2.85338360535e-22, 3.54566143004e-22, 4.59045203698e-22, 5.72374551686e-22, 8.32566778109e-22, 1.29592474117e-21, 1.75038001134e-21],
        "var": [7.42667793929e-07, 0.000144050936797, 1.9040720872e-05, 6.72769556331e-06, 9.85008373391e-05, 7.03652913217e-05, 5.60158259759e-05, 3.08378730551e-07, 3.44056934409e-06, 9.9001042031e-08, 2.40227411297e-08, 2.2418642498e-09, 1.68649592069e-08, 9.50929024413e-09, 4.73017358615e-08, 8.15695102574e-08, 1.92686442801e-07, 1.13638733978e-07, 9.44705291772e-08, 1.10399582809e-07, 1.28635804231e-08, 2.47229947625e-09, 7.23640303235e-09, 7.90178644738e-10, 2.15940865189e-09, 1.00987473939e-09, 1.75867289481e-11]
    },
    "erbbands": {
        "dmean": [0.0920134857297, 0.746330142021, 1.78709423542, 2.22088432312, 4.20875167847, 15.2129106522, 10.7728567123, 18.495552063, 25.129699707, 9.41871547699, 2.94172334671, 5.8843421936, 2.89608073235, 1.8555368185, 1.70196902752, 0.709962487221, 1.43970811367, 1.03802371025, 1.50010728836, 3.10489702225, 1.79967415333, 3.30831360817, 3.70662713051, 1.82403004169, 3.70689082146, 1.76218700409, 1.17332792282, 0.677857339382, 0.549811422825, 0.57071095705, 0.608314394951, 0.161232456565, 0.131479308009, 0.103784896433, 0.0754969492555, 0.03309180215, 0.00991786923259, 0.00173532718327, 0.000116900671856, 1.05046929093e-05],
        "dmean2": [0.136049926281, 1.23347568512, 3.13857388496, 3.9857749939, 7.39899921417, 25.9782428741, 17.6620101929, 27.6608448029, 33.8341293335, 13.5121860504, 4.70492935181, 8.33620452881, 4.52499198914, 2.84080815315, 2.75988817215, 1.17759585381, 2.29061889648, 1.59244775772, 2.41068744659, 4.36570930481, 2.45806026459, 5.03317928314, 6.68974065781, 2.36405229568, 5.90127849579, 2.61709308624, 1.92515277863, 0.997871339321, 0.888410329819, 0.962156295776, 1.05181217194, 0.262864202261, 0.22541500628, 0.178698793054, 0.1404607445, 0.0615612864494, 0.0173081196845, 0.002910426585, 0.000202146504307, 1.67031721503e-05],
        "dvar": [0.0424739532173, 2.61622548103, 26.0547981262, 71.1945114136, 227.281661987, 1140.58349609, 442.237213135, 1652.5144043, 3014.42358398, 304.30569458, 55.3709640503, 493.294219971, 36.9978027344, 14.8601789474, 12.1622934341, 2.38670015335, 8.54973983765, 6.23363828659, 31.7589817047, 173.711395264, 56.837146759, 202.726226807, 487.866882324, 71.489906311, 606.031555176, 85.5072250366, 34.0917167664, 6.51379013062, 3.9069943428, 4.29887247086, 11.8469371796, 0.393084287643, 0.539486289024, 0.338118731976, 0.215488374233, 0.0480398498476, 0.00417195307091, 0.000115412927698, 4.59489797322e-07, 4.06656180951e-10],
        "dvar2": [0.0948533266783, 6.9989862442, 75.244178772, 208.048751831, 664.643920898, 3181.86645508, 1200.07775879, 4114.66064453, 5640.47607422, 636.368041992, 145.586654663, 976.972045898, 88.2170639038, 32.312122345, 32.1282653809, 6.54002046585, 19.1663188934, 13.7786502838, 74.6955490112, 344.815551758, 103.134262085, 424.215362549, 1404.0567627, 96.9395904541, 1500.74365234, 179.651397705, 81.2159805298, 13.8348388672, 9.60067176819, 11.2657899857, 32.0795516968, 0.946737587452, 1.4416410923, 0.877933204174, 0.614269733429, 0.136745169759, 0.0107382563874, 0.000277409009868, 1.2027280718e-06, 1.04331643325e-09],
        "max": [3.07670760155, 17.9166793823, 58.8530082703, 106.909065247, 305.827880859, 347.866912842, 404.065216064, 803.625061035, 1535.49743652, 418.282043457, 123.970123291, 886.237304688, 121.223503113, 78.0178756714, 54.0490150452, 35.9020118713, 54.2139892578, 57.8274269104, 94.0346603394, 300.14364624, 145.445236206, 323.417877197, 447.502288818, 179.057662964, 490.131439209, 168.458724976, 92.3681564331, 47.4026374817, 38.7148551941, 33.9612884521, 61.1332244873, 9.85422039032, 14.0888261795, 11.2716159821, 8.70578765869, 3.84515380859, 2.11332583427, 0.334176301956, 0.0144078228623, 0.000382666476071],
        "mean": [0.573824524879, 2.76403641701, 4.10756397247, 3.63761615753, 7.45378112793, 30.4601020813, 26.2817268372, 51.0872497559, 78.6732025146, 25.4607334137, 6.32035017014, 14.7543144226, 5.61464691162, 3.60637784004, 2.7731218338, 1.34308087826, 3.26403403282, 1.96767985821, 2.27368211746, 5.0728187561, 2.85459470749, 5.42242002487, 4.90276622772, 2.69924497604, 3.52778458595, 2.06786417961, 1.27036595345, 0.635808646679, 0.514577150345, 0.474114775658, 0.438548266888, 0.138296872377, 0.0970367193222, 0.0730319991708, 0.0456054061651, 0.0198944546282, 0.00668927282095, 0.00127218780108, 9.86891973298e-05, 4.43680910394e-05],
        "median": [0.645695447922, 3.03876876831, 2.73085570335, 2.5898706913, 3.86768436432, 6.2272939682, 10.4426898956, 18.2541275024, 22.2582092285, 10.0766792297, 2.42112493515, 1.93084573746, 1.89995455742, 1.19523966312, 0.903687596321, 0.617105662823, 0.768905043602, 0.454142808914, 0.304338216782, 0.304153084755, 0.246728956699, 0.265950948, 0.206647574902, 0.130867570639, 0.0646049529314, 0.0548891983926, 0.0479685217142, 0.029942959547, 0.0126620680094, 0.00582204153761, 0.00310621107928, 0.00166534609161, 0.000929681526031, 0.00045722379582, 0.000214789441088, 0.000132743007271, 4.75647611893e-05, 1.32996920001e-05, 2.30600562645e-05, 4.26964543294e-05],
        "min": [8.29776659129e-23, 4.69260258223e-22, 2.05562500545e-21, 4.34587809528e-21, 9.74054769806e-21, 1.327816411e-20, 6.48876855509e-20, 6.96572348123e-20, 1.09310612554e-19, 2.55577354282e-19, 2.6442844533e-19, 6.54565906494e-19, 7.62840074666e-19, 9.20369953183e-19, 1.15079941418e-18, 1.6745552888e-18, 1.10559750922e-18, 2.07399904884e-18, 2.87333903672e-18, 3.71655185711e-18, 3.61790643316e-18, 4.78872392836e-18, 6.27859822071e-18, 7.20668452823e-18, 8.38527793478e-18, 1.07893981486e-17, 1.05193079622e-17, 1.15554120636e-17, 1.23780812331e-17, 1.06849268916e-17, 1.2924531635e-17, 1.10772917434e-17, 9.44037906613e-18, 8.16928039733e-18, 5.94426215687e-18, 4.30629482433e-18, 2.27375303381e-18, 9.40755922777e-19, 2.16819806681e-19, 2.53863781788e-20],
        "var": [0.214463412762, 5.87518453598, 27.1573486328, 44.9332313538, 185.696868896, 2363.38354492, 1434.11315918, 5825.59765625, 18472.2910156, 1374.4588623, 118.376159668, 2775.0847168, 87.6829376221, 44.9023170471, 22.7026081085, 3.8655705452, 42.5602149963, 18.810880661, 52.5350227356, 373.45602417, 114.56640625, 424.857147217, 464.749206543, 163.224334717, 580.243713379, 127.15776062, 41.9011535645, 7.49280405045, 3.98071980476, 3.30809497833, 7.78742980957, 0.331725805998, 0.366494953632, 0.242346808314, 0.124761655927, 0.0279143806547, 0.00302413501777, 9.36570359045e-05, 3.22380344642e-07, 8.56080428768e-10]
    },
    "gfcc": {
        "mean": [-157.216125488, 182.526687622, -80.4090805054, 11.3321638107, -42.7339668274, -21.9599113464, -29.7551422119, -11.7343235016, -6.3857755661, -3.70465016365, 2.47338438034, 1.10403013229, 0.842210590839],
        "cov": [[17435.4453125, 443.083007812, -325.152252197, 2893.27685547, -463.07623291, 1172.49853516, 338.353881836, 526.467895508, 322.284667969, 336.562591553, -21.6820430756, 14.4668416977, -147.746261597], [443.083007812, 2491.04589844, 211.918243408, -707.533874512, 749.273132324, -288.544158936, 271.732177734, 44.4763031006, 161.288497925, -57.4524765015, 141.580673218, -61.6309623718, 105.003982544], [-325.152252197, 211.918243408, 2894.78442383, 657.134765625, 397.930328369, 1104.91625977, 311.972869873, 154.353942871, -4.94278240204, 213.461669922, 60.5896644592, 187.856201172, -68.3123474121], [2893.27685547, -707.533874512, 657.134765625, 2287.41870117, 527.820495605, 907.453063965, 450.465637207, 227.901367188, 305.068450928, 153.805175781, 41.5004920959, -16.4975509644, -19.5821304321], [-463.07623291, 749.273132324, 397.930328369, 527.820495605, 1150.57751465, 216.867340088, 328.456298828, 251.550460815, 205.771606445, 75.7127075195, 37.4199676514, -51.2699661255, 26.7184066772], [1172.49853516, -288.544158936, 1104.91625977, 907.453063965, 216.867340088, 948.59576416, 343.097076416, 195.962493896, 128.990509033, 116.653785706, 11.5718832016, 50.4280319214, -81.8320541382], [338.353881836, 271.732177734, 311.972869873, 450.465637207, 328.456298828, 343.097076416, 402.554107666, 160.920013428, 147.067855835, 20.3955745697, 29.5146446228, -25.2718963623, 3.19272589684], [526.467895508, 44.4763031006, 154.353942871, 227.901367188, 251.550460815, 195.962493896, 160.920013428, 281.36026001, 115.495674133, 66.4170608521, -13.8536710739, 10.5492572784, -14.8447418213], [322.284667969, 161.288497925, -4.94278240204, 305.068450928, 205.771606445, 128.990509033, 147.067855835, 115.495674133, 234.673583984, 37.4420089722, 57.8476715088, -4.01765966415, 10.3401918411], [336.562591553, -57.4524765015, 213.461669922, 153.805175781, 75.7127075195, 116.653785706, 20.3955745697, 66.4170608521, 37.4420089722, 153.35369873, 50.6722679138, 48.3309059143, -12.2270278931], [-21.6820430756, 141.580673218, 60.5896644592, 41.5004920959, 37.4199676514, 11.5718832016, 29.5146446228, -13.8536710739, 57.8476715088, 50.6722679138, 128.990020752, 46.5250892639, 17.2962341309], [14.4668416977, -61.6309623718, 187.856201172, -16.4975509644, -51.2699661255, 50.4280319214, -25.2718963623, 10.5492572784, -4.01765966415, 48.3309059143, 46.5250892639, 104.759353638, 14.2159986496], [-147.746261597, 105.003982544, -68.3123474121, -19.5821304321, 26.7184066772, -81.8320541382, 3.19272589684, -14.8447418213, 10.3401918411, -12.2270278931, 17.2962341309, 14.2159986496, 79.6605529785]],
        "icov": [[0.0003703047405, -0.00108115014154, 0.000534798658919, -0.00110840226989, 0.00106986390892, -0.000654040952213, 0.00093973625917, -0.00103642710019, 0.000897953927051, -0.000759993446991, 0.000838285835925, -0.000740734220017, 0.000753521220759], [-0.00108115014154, 0.00420154305175, -0.00185597396921, 0.00381694710813, -0.0037142036017, 0.00233871885575, -0.00352854281664, 0.00330540211871, -0.00324770691805, 0.00253132358193, -0.00336739863269, 0.00300393532962, -0.00278596486896], [0.000534798658919, -0.00185597396921, 0.00174389383756, -0.00153947831132, 0.0013198168017, -0.00232828268781, 0.0016135701444, -0.00116442062426, 0.00205508782528, -0.00154363363981, 0.00150494044647, -0.00227731419727, 0.0010152333416], [-0.00110840226989, 0.00381694710813, -0.00153947831132, 0.00457425555214, -0.00375639623962, 0.00106554455124, -0.00325925392099, 0.00368376960978, -0.00355383404531, 0.00185941706877, -0.00278714322485, 0.0030633455608, -0.00330598349683], [0.00106986390892, -0.0037142036017, 0.0013198168017, -0.00375639623962, 0.00497080944479, -0.00137623259798, 0.00246992055327, -0.00411832425743, 0.002538027009, -0.00267367414199, 0.00262329634279, -0.00129958265461, 0.00206362828612], [-0.000654040952213, 0.00233871885575, -0.00232828268781, 0.00106554455124, -0.00137623259798, 0.0060930037871, -0.0041141314432, 0.00131547567435, -0.00243030115962, 0.00135782535654, -0.000845141184982, 0.000500165333506, 0.00171834859066], [0.00093973625917, -0.00352854281664, 0.0016135701444, -0.00325925392099, 0.00246992055327, -0.0041141314432, 0.00909994728863, -0.00473534502089, 0.00205924874172, -0.000329252710799, 0.000474169501103, 0.00024057358678, 0.000210998681723], [-0.00103642710019, 0.00330540211871, -0.00116442062426, 0.00368376960978, -0.00411832425743, 0.00131547567435, -0.00473534502089, 0.0104709370062, -0.00527294818312, -0.000650348840281, 0.00186215608846, -0.000655812385958, -0.00120122823864], [0.000897953927051, -0.00324770691805, 0.00205508782528, -0.00355383404531, 0.002538027009, -0.00243030115962, 0.00205924874172, -0.00527294818312, 0.0109292380512, -0.00150447082706, -0.0017443888355, -0.00113556941506, 0.00135396956466], [-0.000759993446991, 0.00253132358193, -0.00154363363981, 0.00185941706877, -0.00267367414199, 0.00135782535654, -0.000329252710799, -0.000650348840281, -0.00150447082706, 0.0126199880615, -0.00626376410946, -0.000438324874267, 0.000141299431561], [0.000838285835925, -0.00336739863269, 0.00150494044647, -0.00278714322485, 0.00262329634279, -0.000845141184982, 0.000474169501103, 0.00186215608846, -0.0017443888355, -0.00626376410946, 0.0172929950058, -0.00878019724041, 0.00225603207946], [-0.000740734220017, 0.00300393532962, -0.00227731419727, 0.0030633455608, -0.00129958265461, 0.000500165333506, 0.00024057358678, -0.000655812385958, -0.00113556941506, -0.000438324874267, -0.00878019724041, 0.0202839653939, -0.00734879076481], [0.000753521220759, -0.00278596486896, 0.0010152333416, -0.00330598349683, 0.00206362828612, 0.00171834859066, 0.000210998681723, -0.00120122823864, 0.00135396956466, 0.000141299431561, 0.00225603207946, -0.00734879076481, 0.0191893298179]]
    },
    "melbands": {
        "dmean": [0.000763887772337, 0.000930195499677, 0.000407176994486, 0.000671442889143, 0.00049538211897, 0.000409582396969, 0.000363325350918, 8.20785426185e-05, 2.82563414657e-05, 3.37514138664e-05, 1.45037556649e-05, 8.11672362033e-06, 7.46865953261e-06, 2.04775324164e-06, 2.88453361463e-06, 2.32702382164e-06, 2.10155417335e-06, 2.60780120698e-06, 3.73460807168e-06, 4.16771717937e-06, 1.64170842254e-06, 3.46710385202e-06, 4.60674573333e-06, 2.53504958891e-06, 1.42764338307e-06, 2.00048430088e-06, 3.32634863298e-06, 9.06061870865e-07, 7.82557265211e-07, 5.37763526154e-07, 3.61489668421e-07, 3.1034645076e-07, 3.20962499245e-07, 3.10804381343e-07, 4.27267792702e-07, 1.49281021322e-07, 7.71288739543e-08, 9.51193612764e-08, 7.54825180138e-08, 9.31472072807e-08],
        "dmean2": [0.00115893699694, 0.00157328974456, 0.000728940649424, 0.00115094636567, 0.000820201530587, 0.000611805880908, 0.000485530501464, 0.000120319578855, 4.33717250417e-05, 4.85286545882e-05, 2.2650217943e-05, 1.21909106383e-05, 1.2150456314e-05, 3.35485151481e-06, 4.63959850094e-06, 3.78299978365e-06, 3.26966278408e-06, 4.44251600129e-06, 5.96234394834e-06, 5.58978945264e-06, 2.41631755671e-06, 5.01314025314e-06, 8.36081835587e-06, 4.24860763815e-06, 1.77947265456e-06, 2.97105680147e-06, 5.75618560106e-06, 1.35627669806e-06, 1.33715889206e-06, 8.3661041117e-07, 5.78783158289e-07, 5.03795547502e-07, 5.37562073077e-07, 5.29358544554e-07, 7.51176969516e-07, 2.45393181331e-07, 1.2621282508e-07, 1.6551153692e-07, 1.2698262708e-07, 1.62820271044e-07],
        "dvar": [2.72982674687e-06, 4.89987860419e-06, 2.46495733336e-06, 2.44582633968e-06, 9.78355046755e-07, 8.13861106508e-07, 6.18779949946e-07, 2.39543869185e-08, 6.08689587622e-09, 1.52900625494e-08, 9.46708045291e-10, 3.23728988061e-10, 2.66254046588e-10, 2.26792699204e-11, 3.44917670814e-11, 2.09719880351e-11, 2.68257326075e-11, 1.01545494235e-10, 3.02884994863e-10, 3.56235124732e-10, 3.91122793875e-11, 2.5825536154e-10, 6.01090011099e-10, 2.03566496992e-10, 4.04939762277e-11, 1.50442519553e-10, 5.49970902153e-10, 1.89739786383e-11, 1.42606777082e-11, 6.26654197283e-12, 2.01333459453e-12, 1.52363050562e-12, 9.96674856361e-13, 1.54277014341e-12, 6.61940944766e-12, 4.28264167835e-13, 7.05930404193e-14, 2.8342145254e-13, 1.70320111096e-13, 2.81409363043e-13],
        "dvar2": [6.01761439611e-06, 1.33328012453e-05, 7.17430248187e-06, 6.94943219059e-06, 2.70417558568e-06, 1.95504458134e-06, 1.13926319045e-06, 5.34466728652e-08, 1.41447609181e-08, 3.08684313666e-08, 2.22411777884e-09, 6.68311794794e-10, 6.97685242912e-10, 6.12099260167e-11, 8.23400583827e-11, 5.04835791226e-11, 6.04495481449e-11, 2.86747625644e-10, 7.73580699498e-10, 5.74297276401e-10, 7.8667523884e-11, 5.17482001694e-10, 1.71104497237e-09, 5.33105171119e-10, 5.21453609459e-11, 3.03520930611e-10, 1.484537826e-09, 4.13747161532e-11, 3.65495862742e-11, 1.257842875e-11, 5.05057887873e-12, 3.80148950513e-12, 2.51913767624e-12, 4.09212594366e-12, 1.82971467838e-11, 1.01766826303e-12, 1.70794246259e-13, 7.71911722909e-13, 4.28008485858e-13, 7.44722805559e-13],
        "max": [0.0235012173653, 0.0231636948884, 0.0196188166738, 0.0253869555891, 0.0140436962247, 0.0180748756975, 0.0222036223859, 0.00388677767478, 0.00219315709546, 0.00481052557006, 0.000633738760371, 0.000430723302998, 0.00026472605532, 0.000102988662547, 0.000102974605397, 7.65698132454e-05, 0.000123360630823, 0.000166335827089, 0.000344721134752, 0.000370687106624, 0.000130391854327, 0.000310458563035, 0.000620304781478, 0.000252721976722, 0.000133382258355, 0.000247767777182, 0.000449055311037, 7.46304285713e-05, 5.72742428631e-05, 3.79344419343e-05, 2.48478372669e-05, 2.63703532255e-05, 1.40589927469e-05, 2.16985445149e-05, 4.55975095974e-05, 1.04012706288e-05, 5.18228989677e-06, 1.0593659681e-05, 7.56946292313e-06, 1.0069767086e-05],
        "mean": [0.00452782632783, 0.00268845073879, 0.000698487565387, 0.0013544044923, 0.0011500720866, 0.00114327389747, 0.00113955314737, 0.000206817727303, 5.88361508562e-05, 8.39759595692e-05, 2.60224169324e-05, 1.56505539053e-05, 1.14063504952e-05, 3.29334193339e-06, 6.17766590949e-06, 4.91348691867e-06, 3.73005741494e-06, 3.32364515998e-06, 5.16915361004e-06, 6.65332618155e-06, 2.55643476521e-06, 5.00771284351e-06, 6.94678283253e-06, 3.07145387524e-06, 2.01696252589e-06, 2.2328963496e-06, 2.79528762803e-06, 1.03853278688e-06, 8.20001048396e-07, 5.46623368791e-07, 3.0343716162e-07, 2.80977843659e-07, 2.87872779836e-07, 2.49831060728e-07, 2.95649670079e-07, 1.25666190343e-07, 6.75092692859e-08, 6.90777923751e-08, 5.68888687269e-08, 6.32489758345e-08],
        "median": [0.00526397395879, 0.00236104894429, 0.000505903968588, 0.000350866059307, 0.000397504016291, 0.000398949079681, 0.000315038079862, 8.0041209003e-05, 1.33927460411e-05, 1.05626550067e-05, 8.07284413895e-06, 4.28701059718e-06, 2.50788548328e-06, 1.17553202017e-06, 1.8868117877e-06, 1.22740163988e-06, 7.44082058191e-07, 4.69194134212e-07, 3.65758097587e-07, 3.44208672232e-07, 2.73145076335e-07, 2.70086047749e-07, 2.19761588482e-07, 1.3569155044e-07, 9.17196132377e-08, 4.90421143695e-08, 3.42419852473e-08, 3.36906538223e-08, 2.66172239805e-08, 2.20934435191e-08, 1.34895010717e-08, 7.26607485291e-09, 4.16398915348e-09, 2.60654897666e-09, 1.81791870446e-09, 1.2041184716e-09, 8.86913098519e-10, 6.64017507646e-10, 4.28077073789e-10, 3.31209504267e-10],
        "min": [1.28465998415e-24, 1.78524725156e-24, 1.13931196793e-24, 6.51478609209e-25, 2.00473281008e-24, 1.68333805831e-24, 1.49301846239e-24, 2.44513551245e-24, 1.93036708976e-24, 4.07634445885e-24, 3.77282115367e-24, 3.05509242792e-24, 3.04013325857e-24, 3.89834193989e-24, 3.0488324222e-24, 1.95301193369e-24, 4.01404338e-24, 3.07636859818e-24, 4.22264423575e-24, 4.00146814831e-24, 3.95046000775e-24, 3.18067020934e-24, 4.93423266543e-24, 4.67751090003e-24, 5.13811100537e-24, 5.34893999875e-24, 4.4974143498e-24, 5.7278839285e-24, 4.04416997797e-24, 5.7690928389e-24, 5.33874278826e-24, 6.09906428365e-24, 4.95364298243e-24, 5.60249290989e-24, 5.65233471961e-24, 6.42015709892e-24, 5.54103354563e-24, 5.96230183509e-24, 5.70368207036e-24, 5.26558698335e-24],
        "var": [1.30100452225e-05, 7.62489526096e-06, 1.57362023856e-06, 4.07580955653e-06, 2.75381489701e-06, 3.1155987017e-06, 3.85489920518e-06, 9.24877170405e-08, 2.06934380742e-08, 8.33612077145e-08, 2.19217421993e-09, 1.04968822523e-09, 4.99976726687e-10, 3.67093716536e-11, 1.44921796785e-10, 8.10378569804e-11, 7.94431950779e-11, 1.16159984409e-10, 4.07209960196e-10, 7.66882446435e-10, 7.85405074311e-11, 4.11377792942e-10, 9.08959130186e-10, 2.14799289466e-10, 9.47758885261e-11, 1.96550789533e-10, 4.34787594816e-10, 2.75676634298e-11, 1.7069425734e-11, 7.61959158962e-12, 1.71891429042e-12, 1.45002033384e-12, 1.00414500933e-12, 1.1117861189e-12, 4.14474270877e-12, 3.6092323249e-13, 6.11911915452e-14, 1.84969512038e-13, 1.3031958325e-13, 1.93839342906e-13]
    },
    "mfcc": {
        "mean": [-799.470703125, 201.496612549, 27.4068126678, 29.9926624298, 6.39400863647, -3.00093364716, -13.2110509872, -6.5565123558, -8.85186767578, -7.70442676544, -2.18024873734, 3.54702734947, 0.566982090473],
        "cov": [[8690.484375, -195.829421997, -690.998046875, 1548.74414062, 92.2596130371, 556.031677246, 255.600234985, 497.294616699, 356.200408936, 591.520507812, 349.116394043, 223.091537476, 101.206970215], [-195.829421997, 2798.07128906, 132.351089478, -275.36932373, 288.003204346, -143.969039917, 159.633651733, 44.9315948486, 153.273330688, -6.93051147461, 139.744644165, 124.143013, 27.0276107788], [-690.998046875, 132.351089478, 2214.13232422, 192.478378296, 231.088500977, 824.577148438, 377.746124268, 344.628173828, 51.0039100647, 96.6332702637, 123.218185425, 98.2201843262, 67.8549346924], [1548.74414062, -275.36932373, 192.478378296, 1258.51599121, 598.570800781, 617.334960938, 383.994628906, 322.107849121, 286.283599854, 311.851104736, 166.195449829, 138.39302063, 125.988433838], [92.2596130371, 288.003204346, 231.088500977, 598.570800781, 774.634094238, 437.636871338, 324.6355896, 283.918518066, 256.411376953, 209.916030884, 179.957931519, 140.511459351, 102.287826538], [556.031677246, -143.969039917, 824.577148438, 617.334960938, 437.636871338, 795.320495605, 398.826934814, 368.322509766, 207.218261719, 241.293533325, 183.719604492, 138.348709106, 73.5629653931], [255.600234985, 159.633651733, 377.746124268, 383.994628906, 324.6355896, 398.826934814, 403.242767334, 265.966247559, 197.087341309, 181.216888428, 144.67868042, 80.193687439, 42.5218544006], [497.294616699, 44.9315948486, 344.628173828, 322.107849121, 283.918518066, 368.322509766, 265.966247559, 395.695373535, 230.118560791, 215.979171753, 148.722091675, 100.004173279, 43.0031661987], [356.200408936, 153.273330688, 51.0039100647, 286.283599854, 256.411376953, 207.218261719, 197.087341309, 230.118560791, 278.098236084, 180.230422974, 111.351982117, 83.3849563599, 37.1788673401], [591.520507812, -6.93051147461, 96.6332702637, 311.851104736, 209.916030884, 241.293533325, 181.216888428, 215.979171753, 180.230422974, 239.708480835, 128.01890564, 66.9335250854, 44.7741966248], [349.116394043, 139.744644165, 123.218185425, 166.195449829, 179.957931519, 183.719604492, 144.67868042, 148.722091675, 111.351982117, 128.01890564, 162.319534302, 96.422996521, 42.5717468262], [223.091537476, 124.143013, 98.2201843262, 138.39302063, 140.511459351, 138.348709106, 80.193687439, 100.004173279, 83.3849563599, 66.9335250854, 96.422996521, 148.197601318, 66.8030700684], [101.206970215, 27.0276107788, 67.8549346924, 125.988433838, 102.287826538, 73.5629653931, 42.5218544006, 43.0031661987, 37.1788673401, 44.7741966248, 42.5717468262, 66.8030700684, 119.886535645]],
