{
"lowlevel": {
    "average_loudness": 0.114202164114,
    "barkbands_crest": {
        "dmean": 1.57060468197,
        "dmean2": 2.44117259979,
        "dvar": 2.39836978912,
        "dvar2": 6.88237047195,
        "max": 26.5728149414,
        "mean": 12.0264816284,
        "median": 11.0641298294,
        "min": 3.53568172455,
        "var": 22.7387218475
    },
    "barkbands_flatness_db": {
        "dmean": 0.0228306446224,
        "dmean2": 0.0355814322829,
        "dvar": 0.000924450927414,
        "dvar2": 0.00193416210823,
        "max": 0.887598931789,
        "mean": 0.366192519665,
        "median": 0.342811465263,
        "min": 0.0346071235836,
        "var": 0.0143048856407
    },
    "barkbands_kurtosis": {
        "dmean": 2.34908390045,
        "dmean2": 3.51989889145,
        "dvar": 98.1181716919,
        "dvar2": 194.743606567,
        "max": 820.739318848,
        "mean": 4.07836961746,
        "median": -0.090669631958,
        "min": -1.91690301895,
        "var": 509.101409912
    },
    "barkbands_skewness": {
        "dmean": 0.403337717056,
        "dmean2": 0.636081576347,
        "dvar": 0.28320389986,
        "dvar2": 0.687655448914,
        "max": 24.0370960236,
        "mean": 0.379057765007,
        "median": 0.403776437044,
        "min": -6.46662330627,
        "var": 3.17950415611
    },
    "barkbands_spread": {
        "dmean": 2.29107379913,
        "dmean2": 3.72756624222,
        "dvar": 8.17269706726,
        "dvar2": 24.8072185516,
        "max": 72.4295654297,
        "mean": 15.1235961914,
        "median": 14.7462453842,
        "min": 0.0955037772655,
        "var": 92.3737792969
    },
    "dissonance": {
        "dmean": 0.0303400512785,
        "dmean2": 0.0504748858511,
        "dvar": 0.00114544807002,
        "dvar2": 0.00301260687411,
        "max": 0.499934405088,
        "mean": 0.393527209759,
        "median": 0.414368510246,
        "min": 0.0247304495424,
        "var": 0.00757958414033
    },
    "dynamic_complexity": 4.7395734787,
    "erbbands_crest": {
        "dmean": 1.4244812727,
        "dmean2": 1.89618253708,
        "dvar": 2.60286664963,
        "dvar2": 5.57014846802,
        "max": 34.0374603271,
        "mean": 16.6778755188,
        "median": 15.5166368484,
        "min": 2.68651151657,
        "var": 43.8443946838
    },
    "erbbands_flatness_db": {
        "dmean": 0.0144966328517,
        "dmean2": 0.0209249574691,
        "dvar": 0.000530140649062,
        "dvar2": 0.00107879377902,
        "max": 0.68262308836,
        "mean": 0.378173559904,
        "median": 0.367685347795,
        "min": 0.0389638543129,
        "var": 0.00670924037695
    },
    "erbbands_kurtosis": {
        "dmean": 2.44152593613,
        "dmean2": 3.56456947327,
        "dvar": 47.9666862488,
        "dvar2": 118.946357727,
        "max": 229.1693573,
        "mean": 7.50260686874,
        "median": 2.37867450714,
        "min": -1.96544706821,
        "var": 206.679046631
    },
    "erbbands_skewness": {
        "dmean": 0.344268321991,
        "dmean2": 0.488129109144,
        "dvar": 0.233732536435,
        "dvar2": 0.588459789753,
        "max": 13.0077848434,
        "mean": -0.739883840084,
        "median": -0.849937915802,
        "min": -7.04386329651,
        "var": 3.23684406281
    },
    "erbbands_spread": {
        "dmean": 2.56172275543,
        "dmean2": 3.90951418877,
        "dvar": 17.5312347412,
        "dvar2": 47.7289085388,
        "max": 114.559677124,
        "mean": 15.2070493698,
        "median": 12.9130601883,
        "min": 0.3228058815,
        "var": 132.639556885
    },
    "hfc": {
        "dmean": 1.95462846756,
        "dmean2": 1.77570199966,
        "dvar": 33.1352081299,
        "dvar2": 17.8687725067,
        "max": 513.476379395,
        "mean": 16.247423172,
        "median": 8.48769760132,
        "min": 1.05412939266e-16,
        "var": 682.254638672
    },
    "melbands_crest": {
        "dmean": 2.45016908646,
        "dmean2": 4.02278518677,
        "dvar": 6.28655767441,
        "dvar2": 19.7564430237,
        "max": 33.129535675,
        "mean": 15.8125867844,
        "median": 14.9666194916,
        "min": 1.55791378021,
        "var": 33.9119758606
    },
    "melbands_flatness_db": {
        "dmean": 0.0256625525653,
        "dmean2": 0.0396817028522,
        "dvar": 0.00114221544936,
        "dvar2": 0.00239811744541,
        "max": 1,
        "mean": 0.444051533937,
        "median": 0.411768168211,
        "min": 0.00314241135493,
        "var": 0.023187674582
    },
    "melbands_kurtosis": {
        "dmean": 3.24076223373,
        "dmean2": 5.0216088295,
        "dvar": 118.307121277,
        "dvar2": 294.691070557,
        "max": 317.797058105,
        "mean": 6.30669593811,
        "median": 1.16351795197,
        "min": -1.9456704855,
        "var": 424.39831543
    },
    "melbands_skewness": {
        "dmean": 0.470050096512,
        "dmean2": 0.753077089787,
        "dvar": 0.355625063181,
        "dvar2": 0.916634202003,
        "max": 13.2628154755,
        "mean": 1.22263085842,
        "median": 1.11843287945,
        "min": -5.35686779022,
        "var": 3.04800248146
    },
    "melbands_spread": {
        "dmean": 4.05068492889,
        "dmean2": 6.69274806976,
        "dvar": 28.6100616455,
        "dvar2": 89.1859741211,
        "max": 160.278610229,
        "mean": 24.1761722565,
        "median": 21.4642124176,
        "min": 0.214791923761,
        "var": 368.100769043
    },
    "pitch_salience": {
        "dmean": 0.0388641916215,
        "dmean2": 0.0617334060371,
        "dvar": 0.00151952041779,
        "dvar2": 0.00410295370966,
        "max": 0.995926320553,
        "mean": 0.391712963581,
        "median": 0.38740581274,
        "min": 0.0230805743486,
        "var": 0.0110399564728
    },
    "silence_rate_20dB": {
        "dmean": 0.00106213486288,
        "dmean2": 0.00212445785291,
        "dvar": 0.00106090120971,
        "dvar2": 0.00211964570917,
        "max": 1,
        "mean": 0.997256398201,
        "median": 1,
        "min": 0,
        "var": 0.0027361526154
    },
    "silence_rate_30dB": {
        "dmean": 0.00548769673333,
        "dmean2": 0.0109763657674,
        "dvar": 0.00545786926523,
        "dvar2": 0.0110338451341,
        "max": 1,
        "mean": 0.98141425848,
        "median": 1,
        "min": 0,
        "var": 0.0182427186519
    },
    "silence_rate_60dB": {
        "dmean": 0.0115064615384,
        "dmean2": 0.0230149589479,
        "dvar": 0.0113723697141,
        "dvar2": 0.0279759373516,
        "max": 1,
        "mean": 0.0829276964068,
        "median": 0,
        "min": 0,
        "var": 0.0760498642921
    },
    "spectral_centroid": {
        "dmean": 83.2182769775,
        "dmean2": 130.891693115,
        "dvar": 27904.1640625,
        "dvar2": 59481.9335938,
        "max": 11809.7216797,
        "mean": 1039.77185059,
        "median": 941.938232422,
        "min": 87.6395339966,
        "var": 1221566.375
    },
    "spectral_complexity": {
        "dmean": 0.793414771557,
        "dmean2": 1.34106397629,
        "dvar": 0.894848704338,
        "dvar2": 1.99169945717,
        "max": 21,
        "mean": 9.47012996674,
        "median": 10,
        "min": 0,
        "var": 13.5403490067
    },
    "spectral_decrease": {
        "dmean": 9.26540788537e-10,
        "dmean2": 1.15038445436e-09,
        "dvar": 5.5664598198e-18,
        "dvar2": 3.61110866289e-18,
        "max": 1.47396245506e-28,
        "mean": -5.1549604585e-09,
        "median": -3.13387960027e-09,
        "min": -1.96289590804e-07,
        "var": 7.50355055109e-17
    },
    "spectral_energy": {
        "dmean": 0.0036473441869,
        "dmean2": 0.00446836836636,
        "dvar": 8.81658415892e-05,
        "dvar2": 5.5509921367e-05,
        "max": 0.78741645813,
        "mean": 0.0209298003465,
        "median": 0.0126304524019,
        "min": 9.88739487501e-21,
        "var": 0.00121634127572
    },
    "spectral_energyband_high": {
        "dmean": 1.54261442731e-06,
        "dmean2": 2.34934850596e-06,
        "dvar": 1.2191725407e-10,
        "dvar2": 2.67463245995e-10,
        "max": 0.000288495619316,
        "mean": 3.67361758435e-06,
        "median": 1.06649736153e-06,
        "min": 6.72510399196e-21,
        "var": 1.38739381095e-10
    },
    "spectral_energyband_low": {
        "dmean": 0.00162480876315,
        "dmean2": 0.00280194403604,
        "dvar": 4.5449432946e-06,
        "dvar2": 1.3879061953e-05,
        "max": 0.042444229126,
        "mean": 0.00320582138374,
        "median": 0.00239183241501,
        "min": 1.59744301753e-23,
        "var": 8.53612527862e-06
    },
    "spectral_energyband_middle_high": {
        "dmean": 0.00089929351816,
        "dmean2": 0.000800185953267,
        "dvar": 4.48636183137e-06,
        "dvar2": 4.00057479055e-06,
        "max": 0.143229112029,
        "mean": 0.00919232424349,
        "median": 0.00416400423273,
        "min": 1.21752655797e-21,
        "var": 0.000263834837824
    },
    "spectral_energyband_middle_low": {
        "dmean": 0.00235463562422,
        "dmean2": 0.00255461223423,
        "dvar": 8.4441890067e-05,
        "dvar2": 4.60244627902e-05,
        "max": 0.754989385605,
        "mean": 0.00912678055465,
        "median": 0.00358610018156,
        "min": 1.66527060345e-22,
        "var": 0.000933988136239
    },
    "spectral_entropy": {
        "dmean": 0.120700269938,
        "dmean2": 0.163527339697,
        "dvar": 0.0498109906912,
        "dvar2": 0.0991430059075,
        "max": 9.82591342926,
        "mean": 5.55633211136,
        "median": 5.67789268494,
        "min": 2.68961215019,
        "var": 0.701933920383
    },
    "spectral_flux": {
        "dmean": 0.00919749215245,
        "dmean2": 0.0148682389408,
        "dvar": 9.6310817753e-05,
        "dvar2": 0.000260395783698,
        "max": 0.173698931932,
        "mean": 0.0299074538052,
        "median": 0.0260639060289,
        "min": 6.35244981617e-11,
        "var": 0.000373666000087
    },
    "spectral_kurtosis": {
        "dmean": 35.8121833801,
        "dmean2": 60.6411170959,
        "dvar": 7565.9140625,
        "dvar2": 20303.0234375,
        "max": 2263.67089844,
        "mean": 81.6137161255,
        "median": 37.0652160645,
        "min": -1.25888264179,
        "var": 21915.0996094
    },
    "spectral_rms": {
        "dmean": 0.000353213807102,
        "dmean2": 0.000492287043016,
        "dvar": 1.7783304429e-07,
        "dvar2": 3.4394861359e-07,
        "max": 0.0277166236192,
        "mean": 0.00393052445725,
        "median": 0.00351032661274,
        "min": 3.10583958725e-12,
        "var": 4.97024802826e-06
    },
    "spectral_rolloff": {
        "dmean": 101.948440552,
        "dmean2": 184.240249634,
        "dvar": 97290.6953125,
        "dvar2": 202007.4375,
        "max": 19638.28125,
        "mean": 1342.65942383,
        "median": 1184.32617188,
        "min": 64.599609375,
        "var": 3448988.5
    },
    "spectral_skewness": {
        "dmean": 1.54957962036,
        "dmean2": 2.65885043144,
        "dvar": 3.14136099815,
        "dvar2": 7.99625253677,
        "max": 43.101020813,
        "mean": 4.97668409348,
        "median": 3.43866229057,
        "min": -0.0998956114054,
        "var": 22.7872505188
    },
    "spectral_spread": {
        "dmean": 269473.53125,
        "dmean2": 457963.03125,
        "dvar": 283866726400,
        "dvar2": 508237938688,
        "max": 42710480,
        "mean": 1645989.125,
        "median": 1230747.875,
        "min": 45014.8789062,
        "var": 1.54830309949e+13
    },
    "spectral_strongpeak": {
        "dmean": 0.554899871349,
        "dmean2": 0.879558563232,
        "dvar": 1.03068614006,
        "dvar2": 2.87563633919,
        "max": 16.3420543671,
        "mean": 2.2807469368,
        "median": 0.817258834839,
        "min": 0,
        "var": 9.22956562042
    },
    "zerocrossingrate": {
        "dmean": 0.00276117911562,
        "dmean2": 0.00367916049436,
        "dvar": 4.3230724259e-05,
        "dvar2": 7.35809153412e-05,
        "max": 0.5263671875,
        "mean": 0.0434306263924,
        "median": 0.04052734375,
        "min": 0.0029296875,
        "var": 0.0024595677387
    },
    "barkbands": {
        "dmean": [5.77458138196e-07, 0.00065469474066, 0.000809675664641, 0.000739398936275, 0.000464293872938, 0.000284940877464, 0.000125076971017, 0.000714186229743, 0.000423094374128, 6.77500502206e-05, 0.000199976246222, 0.000436024158262, 0.000106211875391, 0.000266081478912, 0.000107668754936, 1.1933818314e-05, 8.36326289573e-05, 1.76256125997e-05, 6.65339439365e-06, 2.04465050047e-06, 6.04939828008e-07, 3.16625261121e-07, 1.83811835086e-07, 9.54129149022e-08, 4.07711624462e-08, 1.97506295763e-08, 1.66531854973e-08],
        "dmean2": [1.05350090962e-06, 0.00107634824235, 0.00136028928682, 0.00136348383967, 0.00064199679764, 0.00031507507083, 8.32210498629e-05, 0.000399002950871, 0.000271882512607, 7.27314763935e-05, 0.000105139311927, 0.000294070021482, 6.73164395266e-05, 0.000344253174262, 7.58230526117e-05, 1.24389553093e-05, 0.000100376048067, 2.65572562057e-05, 9.86804388958e-06, 1.83891381766e-06, 9.06358536668e-07, 5.25588291111e-07, 3.1794056099e-07, 1.76334438606e-07, 7.64117800145e-08, 3.74781379264e-08, 3.21401785186e-08],
        "dvar": [2.26929204594e-11, 1.23825589071e-06, 1.61913897045e-06, 3.98314432459e-06, 6.779516184e-07, 5.24892868725e-07, 5.85314751333e-07, 3.41882732755e-05, 3.15069592034e-05, 3.45754287423e-08, 1.09184009034e-06, 2.57648616753e-06, 2.58421920307e-07, 1.03799004592e-06, 1.18741837696e-07, 2.05178118939e-09, 8.20898051757e-08, 6.05613914573e-09, 7.20487947081e-10, 6.24548190942e-11, 2.01581355774e-11, 1.02010058387e-11, 4.51170828128e-12, 1.8885650422e-12, 3.79869502824e-13, 1.81849896469e-13, 2.30882316304e-13],
        "dvar2": [6.753315962e-11, 3.62654714081e-06, 4.78594029119e-06, 1.45018784679e-05, 1.68918415966e-06, 8.17783018192e-07, 1.71652473568e-07, 1.00807146737e-05, 1.27393823277e-05, 3.9224403281e-08, 3.20759113492e-07, 1.15514114896e-06, 1.00978006401e-07, 2.21154596147e-06, 7.21874329201e-08, 1.86227744337e-09, 2.1194463784e-07, 1.82366051149e-08, 2.05988093249e-09, 9.00486699096e-11, 4.68172306478e-11, 2.55777794778e-11, 1.21279991258e-11, 5.35469585339e-12, 1.0915476422e-12, 5.42356849535e-13, 6.91983200341e-13],
        "max": [0.000185901008081, 0.0205725040287, 0.0378197729588, 0.0366689898074, 0.0364249758422, 0.0454923175275, 0.147757992148, 0.522073745728, 0.625855982304, 0.0137462764978, 0.133747667074, 0.135047316551, 0.0531881190836, 0.05248420313, 0.0345909819007, 0.00644633732736, 0.0174721963704, 0.00219298782758, 0.00101949716918, 0.000616909121163, 0.00015724246623, 9.47553417063e-05, 6.76507988828e-05, 5.45688562852e-05, 2.41520210693e-05, 3.01557593048e-05, 3.52222268702e-05],
        "mean": [8.64980393089e-07, 0.00126857298892, 0.00138204614632, 0.00143096223474, 0.00221970281564, 0.00107557827141, 0.000514275627211, 0.00248373276554, 0.00129388994537, 0.000331430754159, 0.00170963513665, 0.00343908788636, 0.000908725021873, 0.0012977119768, 0.00100103649311, 7.4353760283e-05, 0.00037974017323, 6.64314793539e-05, 2.77286035271e-05, 2.20931433432e-05, 1.13976648208e-06, 5.52741255433e-07, 3.18227193929e-07, 6.554193277e-08, 2.53121861249e-08, 1.30110349161e-08, 1.15178790949e-08],
        "median": [5.61703394908e-08, 0.00080673705088, 0.000819074222818, 0.000561809341889, 0.000749359140173, 0.000148313352838, 3.13379823638e-05, 3.80274432246e-05, 2.71015978797e-05, 5.13032064191e-05, 5.14755847689e-05, 0.000323482148815, 2.3457016141e-05, 0.000244204566116, 0.000245344213909, 4.80643711853e-06, 9.45821739151e-05, 1.49130519276e-05, 3.8273865357e-06, 1.53434496042e-06, 2.46860935249e-07, 4.66674947575e-08, 1.57220174657e-08, 1.77297554416e-09, 4.65858351895e-10, 2.93712221211e-10, 3.03914310384e-10],
        "min": [1.00273618359e-24, 1.3148458453e-24, 1.10848357958e-24, 2.27537619552e-24, 7.10248864977e-24, 4.48326455174e-24, 6.29182362913e-24, 5.78714039869e-24, 1.47715308908e-23, 1.75957113072e-23, 7.96813175348e-24, 2.29494736127e-23, 2.55065678146e-23, 4.03452591675e-23, 4.00066958442e-23, 5.03003366926e-23, 5.247523883e-23, 1.01678762253e-22, 1.2071066268e-22, 1.79158162319e-22, 2.16115904454e-22, 2.449314156e-22, 4.4506063098e-22, 5.74858920801e-22, 8.85955066639e-22, 1.19124004653e-21, 2.00293364082e-21],
        "var": [1.33932118868e-11, 2.08955498238e-06, 3.11030089506e-06, 6.77808156979e-06, 1.63211298059e-05, 9.91912929749e-06, 1.78698592208e-05, 0.000425727426773, 0.000290894735372, 6.37716652818e-07, 7.10222302587e-05, 0.000129646781716, 1.42408925967e-05, 1.33941139211e-05, 6.25435677648e-06, 9.19503904129e-08, 1.09211384824e-06, 2.70877809072e-08, 5.57735679863e-09, 5.0791122419e-09, 1.98398849433e-11, 8.57225661982e-12, 3.27351427215e-12, 1.1093343041e-12, 2.16093107492e-13, 9.55903921556e-14, 1.20759142703e-13]
    },
    "erbbands": {
        "dmean": [0.00495187425986, 0.191713571548, 0.862566947937, 1.70448184013, 2.41202330589, 1.03941726685, 2.02812552452, 1.91677331924, 2.0470263958, 10.7392053604, 13.0825834274, 7.27261543274, 2.13864135742, 8.00457763672, 3.64706110954, 21.808971405, 6.19264173508, 15.5429172516, 6.00920152664, 2.73716497421, 3.06919717789, 2.19717121124, 0.425625532866, 1.26996147633, 0.178081855178, 0.0588595196605, 0.0319743528962, 0.0185921788216, 0.0135043077171, 0.00728016998619, 0.00464509613812, 0.00260116579011, 0.00132514839061, 0.000588607043028, 0.000218917324673, 8.5730360297e-05, 3.75397139578e-05, 1.2304952179e-05, 4.20179912908e-06, 4.28339490099e-06],
        "dmean2": [0.00777823105454, 0.317715167999, 1.45435738564, 3.07844901085, 3.78323745728, 1.44280016422, 2.83737492561, 1.78636491299, 1.37822508812, 5.78784704208, 7.96218490601, 4.8514380455, 2.12637782097, 4.85461044312, 2.37600111961, 14.6537866592, 4.15167236328, 19.5334415436, 5.51227378845, 1.83672046661, 3.78571367264, 2.46873545647, 0.485080420971, 2.11614918709, 0.193151414394, 0.0679451078176, 0.0476085357368, 0.0292874854058, 0.0226504001766, 0.0121549535543, 0.00809951499104, 0.00474904291332, 0.00247558718547, 0.00109621312004, 0.000411781918956, 0.000161719115567, 7.07978906576e-05, 2.35101324506e-05, 6.81454230289e-06, 5.29392900717e-06],
        "dvar": [6.93580150255e-05, 0.0997908040881, 1.5036162138, 14.1817026138, 26.5185985565, 5.49678230286, 37.4717140198, 24.3281860352, 161.045837402, 10223.2539062, 11795.6669922, 7007.96337891, 51.2944107056, 1511.49243164, 126.034301758, 6631.78466797, 496.896942139, 3208.92700195, 410.595947266, 44.3911895752, 102.283737183, 47.8169021606, 1.58505356312, 43.5982017517, 0.29716578126, 0.0657254680991, 0.0490820370615, 0.0212434642017, 0.0202916264534, 0.00595676759258, 0.00306372670457, 0.00130883511156, 0.000409337051678, 8.05058152764e-05, 1.18843227028e-05, 2.08404571822e-06, 8.30672547636e-07, 1.1695581037e-07, 5.18316056741e-09, 1.49692300222e-10],
        "dvar2": [0.000185301323654, 0.293005377054, 4.52389669418, 49.1723022461, 91.5316543579, 11.2245378494, 84.1018829346, 26.5306339264, 56.2427978516, 2851.97412109, 4266.61962891, 2896.94995117, 44.4172439575, 516.258117676, 53.6523590088, 2921.6628418, 220.490722656, 6884.23144531, 351.93572998, 22.6603507996, 282.069274902, 112.19908905, 3.26515102386, 132.757949829, 0.503451704979, 0.135652661324, 0.112760253251, 0.0478762686253, 0.0532188415527, 0.0151350628585, 0.00830544810742, 0.00366673152894, 0.0011738500325, 0.000230322315474, 3.46077686117e-05, 6.15872704657e-06, 2.48347078013e-06, 3.50333550614e-07, 1.54817847431e-08, 1.77723613604e-10],
        "max": [0.160864412785, 5.91187143326, 31.0561962128, 62.0665054321, 155.556030273, 81.9062042236, 364.079406738, 330.137786865, 2658.99829102, 9286.53515625, 11281.2666016, 9234.61816406, 531.305786133, 4860.13330078, 1224.29394531, 6895.34716797, 2277.75952148, 2766.02197266, 1937.75695801, 456.768554688, 570.97668457, 449.436523438, 73.4496002197, 206.522323608, 41.802482605, 11.1731300354, 7.22369480133, 3.89220142365, 4.48847818375, 2.61080098152, 2.04402208328, 1.10909831524, 0.907000899315, 0.372521191835, 0.191908016801, 0.0936689600348, 0.0659086257219, 0.0250326134264, 0.00524703785777, 0.000901608204003],
        "mean": [0.0144350714982, 0.366722375154, 1.53380310535, 3.24496126175, 9.72915458679, 4.15289402008, 7.09432935715, 7.14679861069, 8.39181804657, 38.1518287659, 43.5166702271, 22.3018417358, 8.25538444519, 67.3280715942, 29.2772922516, 172.337783813, 55.1977005005, 82.2292633057, 50.3019065857, 26.8198432922, 14.6662368774, 11.4317150116, 3.09654641151, 3.65660047531, 1.69777524471, 0.455156475306, 0.0861200615764, 0.0434397794306, 0.0273713823408, 0.0156660731882, 0.00606922013685, 0.00208061374724, 0.000897903577425, 0.000383224047255, 0.000155404835823, 6.85722043272e-05, 3.21822371916e-05, 1.05684257505e-05, 1.26518179968e-05, 2.46082181548e-05],
        "median": [0.00723818223923, 0.240945443511, 1.03175902367, 1.69387245178, 2.59467840195, 1.50342261791, 1.36646640301, 0.954206287861, 0.826792478561, 0.586991608143, 1.04760622978, 0.88735896349, 1.52937686443, 2.74848747253, 5.43519878387, 16.975320816, 8.91640472412, 19.7486152649, 11.5551176071, 8.9716053009, 4.60654830933, 3.5498354435, 0.886071503162, 0.319226652384, 0.163368865848, 0.0564058944583, 0.0259452406317, 0.00904081668705, 0.00285562383942, 0.00105870084371, 0.000444673438324, 0.00011279071623, 4.70908053103e-05, 2.43266877078e-05, 1.46827906065e-05, 1.01116338556e-05, 5.83583960179e-06, 1.69668646777e-06, 6.73376916893e-06, 1.47733107951e-05],
        "min": [2.75387650144e-23, 4.58037178301e-22, 2.04704603582e-21, 7.92542828299e-21, 1.80134669631e-20, 2.18875302035e-20, 3.42211954179e-20, 5.31970967172e-20, 8.85466601947e-20, 1.32614939973e-19, 2.37492006616e-19, 3.83656785408e-19, 6.63687020313e-19, 7.26981123027e-19, 8.13057847762e-19, 1.19144096902e-18, 1.50993972945e-18, 2.08432722597e-18, 2.51678758997e-18, 2.77814336952e-18, 3.14575029195e-18, 3.52597564783e-18, 5.08773400337e-18, 7.13738002779e-18, 6.52217354619e-18, 8.03896140054e-18, 7.65644165243e-18, 1.02900035702e-17, 8.7446209093e-18, 9.92431115734e-18, 1.1827833245e-17, 1.07224850274e-17, 9.07986976695e-18, 8.35582782343e-18, 6.3551496505e-18, 3.96117273889e-18, 2.33455618551e-18, 9.67183309372e-19, 2.50576401244e-19, 2.84768364228e-20],
        "var": [0.000364652514691, 0.165177151561, 2.70312333107, 21.2316093445, 327.54296875, 52.7376251221, 606.938232422, 336.204742432, 5241.74804688, 131940.71875, 125556.601562, 63941.2890625, 473.881195068, 99813.96875, 7419.97216797, 333892.1875, 28626.1289062, 43066.3398438, 18556.1835938, 2619.4050293, 1309.56835938, 797.634399414, 48.7331962585, 142.38117981, 20.403295517, 1.66191077232, 0.0548740513623, 0.0231731329113, 0.0163091439754, 0.00503118988127, 0.0020557611715, 0.000794068269897, 0.000233040074818, 4.61653944512e-05, 6.57961436445e-06, 1.12696636734e-06, 4.3230073743e-07, 6.06557577498e-08, 3.00626923355e-09, 1.63287738886e-09]
    },
    "gfcc": {
        "mean": [-198.790512085, 215.355300903, -140.928161621, 2.43533921242, 16.6375102997, -8.35384941101, -17.7706832886, -27.6478805542, -11.276008606, -14.0077781677, -7.68434381485, -13.0756855011, -5.95485973358],
        "cov": [[20895.0898438, 1196.38635254, -8070.90087891, -1.9426074028, 271.018310547, -283.412780762, 351.855010986, -580.389526367, -191.060653687, -167.160522461, 212.935119629, -97.6165618896, -566.368896484], [1196.38635254, 1231.46813965, 258.356842041, -510.790100098, 112.689445496, -2.20056462288, 4.15687561035, -46.0133018494, -110.501335144, -27.590473175, -36.392250061, 20.2322864532, 175.340698242], [-8070.90087891, 258.356842041, 4936.18945312, -63.617515564, -430.258636475, 40.4772567749, -416.88092041, 206.470809937, 33.7145080566, -1.90645194054, -154.049484253, -32.2029571533, 309.809082031], [-1.9426074028, -510.790100098, -63.617515564, 1203.47106934, -19.1752033234, -475.143798828, -187.416488647, -57.7316131592, 161.091171265, 71.8502426147, -17.0010223389, -166.96685791, -204.890975952], [271.018310547, 112.689445496, -430.258636475, -19.1752033234, 1262.45019531, 185.320526123, -285.422302246, -197.117095947, -311.45916748, 115.13760376, 105.910568237, 83.9156494141, 123.952072144], [-283.412780762, -2.20056462288, 40.4772567749, -475.143798828, 185.320526123, 668.664306641, 220.983627319, -39.175453186, -140.484832764, -118.245056152, 10.0038785934, 145.228164673, 111.743812561], [351.855010986, 4.15687561035, -416.88092041, -187.416488647, -285.422302246, 220.983627319, 528.739562988, 110.221832275, -19.2977218628, -76.600440979, -60.5301551819, 17.8995513916, 7.95150852203], [-580.389526367, -46.0133018494, 206.470809937, -57.7316131592, -197.117095947, -39.175453186, 110.221832275, 281.508239746, 170.736740112, 0.597566783428, -55.7799606323, -59.8824005127, -12.8854122162], [-191.060653687, -110.501335144, 33.7145080566, 161.091171265, -311.45916748, -140.484832764, -19.2977218628, 170.736740112, 426.755340576, 89.0557861328, -55.508014679, -74.8551940918, -148.10887146], [-167.160522461, -27.590473175, -1.90645194054, 71.8502426147, 115.13760376, -118.245056152, -76.600440979, 0.597566783428, 89.0557861328, 251.956253052, 78.4277801514, -0.391542583704, -28.2082118988], [212.935119629, -36.392250061, -154.049484253, -17.0010223389, 105.910568237, 10.0038785934, -60.5301551819, -55.7799606323, -55.508014679, 78.4277801514, 187.270889282, 89.4022521973, -0.266488194466], [-97.6165618896, 20.2322864532, -32.2029571533, -166.96685791, 83.9156494141, 145.228164673, 17.8995513916, -59.8824005127, -74.8551940918, -0.391542583704, 89.4022521973, 232.92036438, 108.03377533], [-566.368896484, 175.340698242, 309.809082031, -204.890975952, 123.952072144, 111.743812561, 7.95150852203, -12.8854122162, -148.10887146, -28.2082118988, -0.266488194466, 108.03377533, 237.482513428]],
        "icov": [[0.00030870930641, -0.000654231756926, 0.000651635869872, -0.00036824712879, 0.000565068912692, -0.000596419034991, 0.000824040558655, -0.000402588309953, 0.000705740938429, -0.000325405475451, 0.000251760240644, -4.72077881568e-05, 0.000410989800002], [-0.000654231756926, 0.00280183763243, -0.00157547253184, 0.00178280624095, -0.00179513799958, 0.00246764509939, -0.0026333166752, 0.00218450464308, -0.00253378273919, 0.00150837097317, -0.000932945811655, 0.000806043855846, -0.00182176718954], [0.000651635869872, -0.00157547253184, 0.00179241644219, -0.00110187171958, 0.00176614942029, -0.00196340517141, 0.00272599677555, -0.00165689107962, 0.00216316571459, -0.00135912839323, 0.00109985808376, -0.000142085613334, 0.000502705923282], [-0.00036824712879, 0.00178280624095, -0.00110187171958, 0.00264276820235, -0.00165554310661, 0.00283535779454, -0.00227514794096, 0.00248036417179, -0.0024823397398, 0.0017104302533, -0.000987112638541, 0.000882394961081, -0.000483770854771], [0.000565068912692, -0.00179513799958, 0.00176614942029, -0.00165554310661, 0.00352166569792, -0.00330285681412, 0.00415692711249, -0.00251908577047, 0.00401131715626, -0.0031285402365, 0.00181835808326, -0.000479461828945, 0.000731042237021], [-0.000596419034991, 0.00246764509939, -0.00196340517141, 0.00283535779454, -0.00330285681412, 0.0062928753905, -0.00517796119675, 0.00382667314261, -0.00415300438181, 0.00390182994306, -0.00205099652521, -3.73448565369e-05, -0.00120476295706], [0.000824040558655, -0.0026333166752, 0.00272599677555, -0.00227514794096, 0.00415692711249, -0.00517796119675, 0.00829840824008, -0.00526961125433, 0.0058337636292, -0.00384017219767, 0.00359991472214, -0.00132881267928, 0.00188403704669], [-0.000402588309953, 0.00218450464308, -0.00165689107962, 0.00248036417179, -0.00251908577047, 0.00382667314261, -0.00526961125433, 0.00969609711319, -0.00680373003706, 0.00347847561352, -0.00275868386962, 0.00299576064572, -0.00325073697604], [0.000705740938429, -0.00253378273919, 0.00216316571459, -0.0024823397398, 0.00401131715626, -0.00415300438181, 0.0058337636292, -0.00680373003706, 0.010383582674, -0.00573099311441, 0.0049479175359, -0.00291454279795, 0.00501274876297], [-0.000325405475451, 0.00150837097317, -0.00135912839323, 0.0017104302533, -0.0031285402365, 0.00390182994306, -0.00384017219767, 0.00347847561352, -0.00573099311441, 0.00894414819777, -0.00517695117742, 0.0016466359375, -0.00179339619353], [0.000251760240644, -0.000932945811655, 0.00109985808376, -0.000987112638541, 0.00181835808326, -0.00205099652521, 0.00359991472214, -0.00275868386962, 0.0049479175359, -0.00517695117742, 0.0111773433164, -0.00508411973715, 0.00354482792318], [-4.72077881568e-05, 0.000806043855846, -0.000142085613334, 0.000882394961081, -0.000479461828945, -3.73448565369e-05, -0.00132881267928, 0.00299576064572, -0.00291454279795, 0.0016466359375, -0.00508411973715, 0.0092854378745, -0.00513806659728], [0.000410989800002, -0.00182176718954, 0.000502705923282, -0.000483770854771, 0.000731042237021, -0.00120476295706, 0.00188403704669, -0.00325073697604, 0.00501274876297, -0.00179339619353, 0.00354482792318, -0.00513806659728, 0.0106633314863]]
    },
    "melbands": {
        "dmean": [0.000112181522127, 0.000390249333577, 0.000320375780575, 0.000118384901725, 6.26706096227e-05, 4.74235566799e-05, 2.74844933301e-05, 0.000133163179271, 0.000117014060379, 4.0026530769e-05, 9.18096156965e-06, 2.99632120004e-05, 1.45112753671e-05, 4.67667196062e-05, 2.77778453892e-05, 1.41715227073e-05, 3.38708341587e-05, 8.40513348521e-06, 7.47491776565e-06, 1.58283603469e-06, 5.1659158089e-06, 3.54754342879e-06, 2.83308821736e-07, 6.36985760138e-07, 1.13039004646e-06, 1.00458919405e-07, 1.09697019468e-07, 2.7544992065e-08, 2.0997898531e-08, 1.6936199998e-08, 9.63910729013e-09, 8.24874657468e-09, 5.22735321695e-09, 3.82305609392e-09, 2.89287038768e-09, 2.06734718233e-09, 1.33873179209e-09, 1.00763197786e-09, 6.67823407685e-10, 4.32493707514e-10],
        "dmean2": [0.000181920127943, 0.000658934644889, 0.000570986361708, 0.00017167160695, 8.72868768056e-05, 4.53482025478e-05, 1.91580365936e-05, 7.13815461495e-05, 7.2260358138e-05, 2.70999789791e-05, 9.85698443401e-06, 1.85036333278e-05, 8.15638577478e-06, 3.21743536915e-05, 1.84688378795e-05, 8.90380397323e-06, 4.41050906375e-05, 7.70076894696e-06, 5.15984493177e-06, 1.30450257529e-06, 6.47672095511e-06, 4.06098570238e-06, 2.27621484328e-07, 9.05848253296e-07, 1.90435264358e-06, 9.83708048352e-08, 8.07019731042e-08, 4.24359392071e-08, 3.22797610863e-08, 2.52881342533e-08, 1.56290553832e-08, 1.39657077014e-08, 8.80968809014e-09, 6.49392850605e-09, 5.03214847569e-09, 3.7507525974e-09, 2.44659670301e-09, 1.87947279962e-09, 1.25335186674e-09, 8.05219224631e-10],
        "dvar": [3.65886343445e-08, 2.87603910465e-07, 4.8217452786e-07, 4.55733690785e-08, 2.97854718667e-08, 1.47763623559e-08, 2.65380535325e-08, 1.67436451193e-06, 1.35041034355e-06, 2.08443410088e-07, 1.03567732168e-09, 2.05350385585e-08, 4.98176433439e-09, 3.17078878709e-08, 8.95294949288e-09, 4.99346430871e-09, 1.68387845889e-08, 8.85430617714e-10, 4.21204598977e-10, 2.33071357353e-11, 3.30045213381e-10, 1.34721303557e-10, 9.05186841281e-13, 6.38579814027e-12, 3.56953251679e-11, 1.30671962508e-13, 1.67290484308e-13, 2.77698193217e-14, 2.22507034092e-14, 1.79474744934e-14, 6.72113994438e-15, 8.02809272375e-15, 3.09609304001e-15, 1.84150341392e-15, 1.2420518444e-15, 8.0397169804e-16, 3.61649663616e-16, 2.39863292929e-16, 1.1044828544e-16, 4.53533534568e-17],
        "dvar2": [1.04409878077e-07, 8.60791601554e-07, 1.73742273546e-06, 1.31096285827e-07, 6.61051231532e-08, 1.62953739391e-08, 9.36010291497e-09, 4.74851589161e-07, 5.0620917591e-07, 8.71496652621e-08, 1.00623520627e-09, 7.18289916435e-09, 1.57281199176e-09, 1.48230405728e-08, 4.00864808014e-09, 1.87554749509e-09, 3.63952707971e-08, 7.33593741309e-10, 2.39010949921e-10, 1.7935168975e-11, 9.00935270831e-10, 3.19010567962e-10, 9.15449790626e-13, 1.85871058128e-11, 1.08656257602e-10, 2.12180330272e-13, 1.68204873315e-13, 6.56207401785e-14, 5.22208043138e-14, 4.44539865259e-14, 1.61188574153e-14, 2.13799823386e-14, 7.90745490327e-15, 4.87669520854e-15, 3.39434244634e-15, 2.25564916205e-15, 1.01649671143e-15, 6.88834033064e-16, 3.18964311742e-16, 1.29393189774e-16],
        "max": [0.00361375138164, 0.0115535417572, 0.0127333933488, 0.00875731185079, 0.00945155695081, 0.0108419135213, 0.0341595895588, 0.118399806321, 0.128625169396, 0.0498334392905, 0.0026177901309, 0.0178620144725, 0.00905568618327, 0.0152377337217, 0.00741085316986, 0.0074283098802, 0.00635746540502, 0.00278008286841, 0.0016093973536, 0.000627923873253, 0.00103941571433, 0.000757599889766, 7.13040499249e-05, 7.66374650993e-05, 0.000186976976693, 2.21804766625e-05, 3.96998875658e-05, 4.2858237066e-06, 5.06561036673e-06, 4.87673378302e-06, 2.43204817707e-06, 3.08691255668e-06, 1.91050503418e-06, 1.34744016123e-06, 1.41745863402e-06, 9.70599330685e-07, 6.357284974e-07, 6.64061133193e-07, 4.24772821361e-07, 3.08416758799e-07],
        "mean": [0.000241306857788, 0.000717802031431, 0.000797943677753, 0.000527999422047, 0.000211437421967, 0.000180256160093, 0.000111459070467, 0.000470311497338, 0.000380440760637, 0.000121099823446, 2.9186010579e-05, 0.000248881871812, 0.00011686275684, 0.000356762931915, 0.000230558784097, 0.000121740980831, 0.000163753356901, 6.69525179546e-05, 6.99091615388e-05, 1.23733625514e-05, 2.19811827264e-05, 1.74439010152e-05, 2.30529099099e-06, 2.90036678052e-06, 3.01270642922e-06, 7.92487242052e-07, 1.35949562718e-06, 6.39828456883e-08, 5.8185555929e-08, 3.13163752708e-08, 2.13625881429e-08, 1.58755000257e-08, 8.69583871577e-09, 8.67487326417e-09, 3.68326302791e-09, 1.78009740281e-09, 1.0105523085e-09, 6.60735133273e-10, 4.0353370645e-10, 2.68459032782e-10],
        "median": [0.000147090642713, 0.0004998902441, 0.000398660136852, 0.000155597517733, 4.56327907159e-05, 2.2439426175e-05, 1.03513784779e-05, 5.4902420743e-06, 7.86264354247e-06, 4.03878402722e-06, 3.19986020259e-06, 8.38376126922e-06, 5.10736117576e-06, 3.25173459714e-05, 3.21589213854e-05, 1.64105540534e-06, 3.21577535942e-05, 1.19335973068e-05, 2.08692254091e-05, 3.26428539665e-06, 5.0408966672e-06, 4.92831759402e-06, 2.59904396671e-07, 7.93890365003e-07, 1.22595011476e-07, 7.68425465481e-08, 5.86181521101e-08, 1.6423712168e-08, 1.76308674327e-08, 7.37260252848e-09, 2.36787678354e-09, 1.50059331627e-09, 3.87486598363e-10, 4.3047171383e-10, 2.06199293751e-10, 6.3227818814e-11, 2.56790491648e-11, 1.55949298614e-11, 7.49673673833e-12, 4.79218444441e-12],
        "min": [4.18961315054e-25, 1.08578834716e-24, 1.51668251461e-24, 9.27566318186e-25, 1.90407770845e-24, 1.19977707164e-24, 1.37174697404e-24, 1.34851255519e-24, 2.04450697971e-24, 1.92853989069e-24, 2.69641315153e-24, 2.69177090232e-24, 2.35806873713e-24, 2.16031254946e-24, 3.07371644781e-24, 1.69474262041e-24, 3.80920420748e-24, 3.2853226664e-24, 3.60123877919e-24, 2.58364844336e-24, 3.04259470181e-24, 2.87861951025e-24, 3.51307528999e-24, 3.459222517e-24, 4.99206681941e-24, 3.76519641859e-24, 5.33016037604e-24, 3.99963404671e-24, 4.32761046223e-24, 4.70743397189e-24, 4.78684859922e-24, 3.80517549483e-24, 5.22648709258e-24, 5.14700620094e-24, 6.3060408748e-24, 5.72129417893e-24, 5.5752401322e-24, 5.25347126314e-24, 5.57833522796e-24, 7.13934423127e-24],
        "var": [7.68192478517e-08, 5.29980013653e-07, 1.19483433991e-06, 9.60784859672e-07, 4.25060846965e-07, 2.54481989259e-07, 8.71053600804e-07, 2.13124385482e-05, 1.37534616442e-05, 1.87898194781e-06, 7.60567875346e-09, 1.35190919082e-06, 3.12215547638e-07, 1.53621476784e-06, 4.82374446165e-07, 2.77202786947e-07, 2.05056863933e-07, 3.90573546838e-08, 2.19147899827e-08, 1.14682552343e-09, 3.93098353868e-09, 2.11346584678e-09, 4.39230596339e-11, 4.57330839865e-11, 1.1386124682e-10, 4.71873278299e-12, 1.98502846105e-11, 3.12488716272e-14, 2.49856016953e-14, 1.57361391306e-14, 6.86957060992e-15, 6.13717552527e-15, 2.46782244501e-15, 1.50693185838e-15, 8.1803297436e-16, 4.86654627153e-16, 2.17737442388e-16, 1.36037726494e-16, 6.17072832672e-17, 2.62322828129e-17]
    },
    "mfcc": {
        "mean": [-808.782348633, 209.822189331, -32.6561050415, 17.2610454559, 40.6624336243, 21.279094696, 7.53795146942, -1.15453124046, -2.49215459824, -2.08542633057, -5.57172346115, -4.94549322128, 1.16364657879],
        "cov": [[7791.57714844, 2198.64550781, -4085.3449707, -758.716125488, -135.315689087, -307.270874023, -168.110107422, -93.3921279907, -171.858352661, 53.408241272, 253.353027344, 27.9654884338, -44.5653114319], [2198.64550781, 1511.02331543, -843.704345703, -736.959106445, 15.0746955872, 56.1821212769, 85.817489624, 5.9017663002, -43.1021728516, -118.01864624, -149.57925415, 38.2851066589, 90.1419830322], [-4085.3449707, -843.704345703, 3093.5090332, 599.624816895, -399.285614014, -21.3194103241, -32.5189285278, 90.8143234253, 174.00038147, 30.7969856262, -159.091598511, -143.48223877, 1.02241551876], [-758.716125488, -736.959106445, 599.624816895, 1264.49291992, 260.057006836, -314.099975586, -249.219314575, -261.134979248, -104.92137146, 170.397583008, 171.921096802, -102.34462738, -154.626876831], [-135.315689087, 15.0746955872, -399.285614014, 260.057006836, 1041.35754395, 309.487915039, 29.003988266, -235.241195679, -250.949661255, -127.886177063, -52.2412414551, 96.0686416626, 10.3953399658], [-307.270874023, 56.1821212769, -21.3194103241, -314.099975586, 309.487915039, 543.689758301, 263.877868652, 31.4420204163, -32.9012298584, -189.915649414, -146.662704468, 86.3922042847, 62.9571037292], [-168.110107422, 85.817489624, -32.5189285278, -249.219314575, 29.003988266, 263.877868652, 405.385742188, 132.268737793, -36.8908119202, -95.7620697021, -192.84034729, -28.3689861298, 62.1881523132], [-93.3921279907, 5.9017663002, 90.8143234253, -261.134979248, -235.241195679, 31.4420204163, 132.268737793, 337.523468018, 143.668899536, -6.48078489304, -23.9605731964, -89.7849121094, -7.83650016785], [-171.858352661, -43.1021728516, 174.00038147, -104.92137146, -250.949661255, -32.9012298584, -36.8908119202, 143.668899536, 302.059265137, 95.4310836792, 31.2555160522, 51.3700637817, -15.5227298737], [53.408241272, -118.01864624, 30.7969856262, 170.397583008, -127.886177063, -189.915649414, -95.7620697021, -6.48078489304, 95.4310836792, 277.942077637, 151.327255249, -81.4756622314, -29.8042736053], [253.353027344, -149.57925415, -159.091598511, 171.921096802, -52.2412414551, -146.662704468, -192.84034729, -23.9605731964, 31.2555160522, 151.327255249, 368.374206543, 65.4887619019, -139.325836182], [27.9654884338, 38.2851066589, -143.48223877, -102.34462738, 96.0686416626, 86.3922042847, -28.3689861298, -89.7849121094, 51.3700637817, -81.4756622314, 65.4887619019, 350.037506104, 99.7024993896], [-44.5653114319, 90.1419830322, 1.02241551876, -154.626876831, 10.3953399658, 62.9571037292, 62.1881523132, -7.83650016785, -15.5227298737, -29.8042736053, -139.325836182, 99.7024993896, 252.342788696]],
