{
"lowlevel": {
    "average_loudness": 0.948795974255,
    "barkbands_crest": {
        "dmean": 1.94971990585,
        "dmean2": 3.00436925888,
        "dvar": 4.02924060822,
        "dvar2": 10.8799524307,
        "max": 24.8564472198,
        "mean": 13.2247314453,
        "median": 12.9095258713,
        "min": 3.28207659721,
        "var": 17.9652729034
    },
    "barkbands_flatness_db": {
        "dmean": 0.0201812237501,
        "dmean2": 0.0305400267243,
        "dvar": 0.000853806501254,
        "dvar2": 0.00211952370591,
        "max": 1,
        "mean": 0.162657529116,
        "median": 0.144511446357,
        "min": 0.0372790060937,
        "var": 0.00992191489786
    },
    "barkbands_kurtosis": {
        "dmean": 3.97580981255,
        "dmean2": 5.93674087524,
        "dvar": 71.2724075317,
        "dvar2": 167.544265747,
        "max": 404.280731201,
        "mean": 8.96720409393,
        "median": 4.5363817215,
        "min": -1.88786888123,
        "var": 241.756622314
    },
    "barkbands_skewness": {
        "dmean": 0.533488214016,
        "dmean2": 0.793305456638,
        "dvar": 0.427163869143,
        "dvar2": 1.01682877541,
        "max": 15.3382091522,
        "mean": 2.42264866829,
        "median": 2.20767784119,
        "min": -2.13940572739,
        "var": 2.38047981262
    },
    "barkbands_spread": {
        "dmean": 8.01005077362,
        "dmean2": 11.8777618408,
        "dvar": 135.696090698,
        "dvar2": 301.898101807,
        "max": 110.713554382,
        "mean": 33.4336280823,
        "median": 24.8547210693,
        "min": 0.202488958836,
        "var": 700.471191406
    },
    "dissonance": {
        "dmean": 0.0157367251813,
        "dmean2": 0.0250450968742,
        "dvar": 0.000438093440607,
        "dvar2": 0.00100996659603,
        "max": 0.500000059605,
        "mean": 0.458964377642,
        "median": 0.469759702682,
        "min": 0.0612604022026,
        "var": 0.00156790425535
    },
    "dynamic_complexity": 2.60412693024,
    "erbbands_crest": {
        "dmean": 1.79065275192,
        "dmean2": 2.70898771286,
        "dvar": 3.67935442924,
        "dvar2": 7.45331954956,
        "max": 31.5369338989,
        "mean": 7.96971893311,
        "median": 6.57855844498,
        "min": 2.37843680382,
        "var": 18.4847488403
    },
    "erbbands_flatness_db": {
        "dmean": 0.0133884884417,
        "dmean2": 0.0189779307693,
        "dvar": 0.000416077236878,
        "dvar2": 0.000851253396831,
        "max": 0.62277752161,
        "mean": 0.118472181261,
        "median": 0.103139743209,
        "min": 0.0470405109227,
        "var": 0.00450417026877
    },
    "erbbands_kurtosis": {
        "dmean": 1.22212505341,
        "dmean2": 1.89050090313,
        "dvar": 13.6648178101,
        "dvar2": 40.4806060791,
        "max": 111.941734314,
        "mean": 1.01177418232,
        "median": -0.548681974411,
        "min": -1.90315318108,
        "var": 25.6630134583
    },
    "erbbands_skewness": {
        "dmean": 0.367979794741,
        "dmean2": 0.528421759605,
        "dvar": 0.173901081085,
        "dvar2": 0.393741458654,
        "max": 8.19038772583,
        "mean": -0.0893340334296,
        "median": -0.119850590825,
        "min": -4.48379993439,
        "var": 1.37005162239
    },
    "erbbands_spread": {
        "dmean": 10.3559026718,
        "dmean2": 14.956911087,
        "dvar": 151.413085938,
        "dvar2": 315.305541992,
        "max": 168.186340332,
        "mean": 65.0264968872,
        "median": 67.5452728271,
        "min": 0.718808174133,
        "var": 824.179016113
    },
    "hfc": {
        "dmean": 11.5333871841,
        "dmean2": 15.4517402649,
        "dvar": 356.219818115,
        "dvar2": 661.900634766,
        "max": 170.973205566,
        "mean": 36.1962242126,
        "median": 20.3299713135,
        "min": 1.01434670358e-16,
        "var": 1441.640625
    },
    "melbands_crest": {
        "dmean": 1.88511741161,
        "dmean2": 2.9399638176,
        "dvar": 4.02795362473,
        "dvar2": 10.9665994644,
        "max": 31.1708297729,
        "mean": 16.965845108,
        "median": 17.1703338623,
        "min": 1.54237556458,
        "var": 15.2294797897
    },
    "melbands_flatness_db": {
        "dmean": 0.0231714770198,
        "dmean2": 0.0350520648062,
        "dvar": 0.000973721675109,
        "dvar2": 0.00227353652008,
        "max": 1,
        "mean": 0.252863109112,
        "median": 0.23540610075,
        "min": 0.00204666121863,
        "var": 0.0128889698535
    },
    "melbands_kurtosis": {
        "dmean": 13.0178108215,
        "dmean2": 19.7431163788,
        "dvar": 515.063354492,
        "dvar2": 1270.97631836,
        "max": 720.27166748,
        "mean": 38.7103996277,
        "median": 27.2820358276,
        "min": -1.42436468601,
        "var": 1847.02661133
    },
    "melbands_skewness": {
        "dmean": 0.82492595911,
        "dmean2": 1.23290836811,
        "dvar": 1.02752697468,
        "dvar2": 2.48989009857,
        "max": 21.720823288,
        "mean": 4.88458156586,
        "median": 4.63595628738,
        "min": -0.816898941994,
        "var": 5.50406980515
    },
    "melbands_spread": {
        "dmean": 5.20440530777,
        "dmean2": 8.19127655029,
        "dvar": 56.5068435669,
        "dvar2": 141.784454346,
        "max": 159.86177063,
        "mean": 19.0503997803,
        "median": 13.1764411926,
        "min": 0.287968039513,
        "var": 354.428100586
    },
    "pitch_salience": {
        "dmean": 0.0560204982758,
        "dmean2": 0.0899377837777,
        "dvar": 0.00339354923926,
        "dvar2": 0.00888570398092,
        "max": 0.950352668762,
        "mean": 0.467798143625,
        "median": 0.465461373329,
        "min": 0.155673623085,
        "var": 0.0109260408208
    },
    "silence_rate_20dB": {
        "dmean": 0,
        "dmean2": 0,
        "dvar": 0,
        "dvar2": 0,
        "max": 1,
        "mean": 1,
        "median": 1,
        "min": 1,
        "var": 0
    },
    "silence_rate_30dB": {
        "dmean": 0.0391833372414,
        "dmean2": 0.0783720612526,
        "dvar": 0.0376439467072,
        "dvar2": 0.0825435966253,
        "max": 1,
        "mean": 0.949546337128,
        "median": 1,
        "min": 0,
        "var": 0.047909412533
    },
    "silence_rate_60dB": {
        "dmean": 0.00329964933917,
        "dmean2": 0.0065310052596,
        "dvar": 0.0032892646268,
        "dvar2": 0.00758886523545,
        "max": 1,
        "mean": 0.0187654662877,
        "median": 0,
        "min": 0,
        "var": 0.0184121504426
    },
    "spectral_centroid": {
        "dmean": 294.440948486,
        "dmean2": 450.693603516,
        "dvar": 146901.515625,
        "dvar2": 339306.40625,
        "max": 11745.2441406,
        "mean": 1765.56994629,
        "median": 1537.37548828,
        "min": 95.2995605469,
        "var": 1613691.75
    },
    "spectral_complexity": {
        "dmean": 2.79274082184,
        "dmean2": 4.33473110199,
        "dvar": 10.0240545273,
        "dvar2": 19.9623737335,
        "max": 50,
        "mean": 15.5415172577,
        "median": 14,
        "min": 0,
        "var": 67.1253356934
    },
    "spectral_decrease": {
        "dmean": 3.33710126199e-09,
        "dmean2": 5.43540012998e-09,
        "dvar": 5.33428593829e-17,
        "dvar2": 1.47544152922e-16,
        "max": 1.98428706615e-28,
        "mean": -1.04132222845e-08,
        "median": -8.78924666381e-09,
        "min": -7.65506698031e-08,
        "var": 6.58768492722e-17
    },
    "spectral_energy": {
        "dmean": 0.0132237207144,
        "dmean2": 0.0212707743049,
        "dvar": 0.000787396042142,
        "dvar2": 0.00215968326665,
        "max": 0.294258981943,
        "mean": 0.0425850450993,
        "median": 0.0359305329621,
        "min": 9.81307544347e-21,
        "var": 0.001023133751
    },
    "spectral_energyband_high": {
        "dmean": 0.00134832086042,
        "dmean2": 0.00184220960364,
        "dvar": 5.18162232765e-06,
        "dvar2": 9.70320070337e-06,
        "max": 0.0251218825579,
        "mean": 0.00390519574285,
        "median": 0.00159250642173,
        "min": 7.07462617095e-21,
        "var": 2.57542251347e-05
    },
    "spectral_energyband_low": {
        "dmean": 0.0103949327022,
        "dmean2": 0.0175605677068,
        "dvar": 0.000674997456372,
        "dvar2": 0.00193203287199,
        "max": 0.261762976646,
        "mean": 0.0283366255462,
        "median": 0.0247392915189,
        "min": 8.06591816243e-24,
        "var": 0.00064551999094
    },
    "spectral_energyband_middle_high": {
        "dmean": 0.000459259288618,
        "dmean2": 0.000669150031172,
        "dvar": 4.9696438964e-07,
        "dvar2": 1.04480272967e-06,
        "max": 0.0156093062833,
        "mean": 0.00162115576677,
        "median": 0.00128373433836,
        "min": 1.10786383547e-21,
        "var": 1.86812872016e-06
    },
    "spectral_energyband_middle_low": {
        "dmean": 0.00427603861317,
        "dmean2": 0.00664400029927,
        "dvar": 7.82187125878e-05,
        "dvar2": 0.000187973069842,
        "max": 0.171226412058,
        "mean": 0.010488955304,
        "median": 0.00651401560754,
        "min": 1.66083278754e-22,
        "var": 0.000176841815119
    },
    "spectral_entropy": {
        "dmean": 0.161822170019,
        "dmean2": 0.23214776814,
        "dvar": 0.0624963976443,
        "dvar2": 0.11968319118,
        "max": 9.82458782196,
        "mean": 7.71269035339,
        "median": 7.90268421173,
        "min": 3.04155182838,
        "var": 0.620874166489
    },
    "spectral_flux": {
        "dmean": 0.0270619820803,
        "dmean2": 0.042869053781,
        "dvar": 0.00191613135394,
        "dvar2": 0.00393811427057,
        "max": 0.486658126116,
        "mean": 0.0781517922878,
        "median": 0.0634290650487,
        "min": 6.23675416866e-11,
        "var": 0.00346615957096
    },
    "spectral_kurtosis": {
        "dmean": 13.3019351959,
        "dmean2": 24.6256732941,
        "dvar": 18599.9453125,
        "dvar2": 60676.7929688,
        "max": 3374.86474609,
        "mean": 15.3737325668,
        "median": 1.15640640259,
        "min": -1.26375555992,
        "var": 20307.5976562
    },
    "spectral_rms": {
        "dmean": 0.000850339711178,
        "dmean2": 0.00130518898368,
        "dvar": 1.98814041141e-06,
        "dvar2": 5.08482298756e-06,
        "max": 0.0169434919953,
        "mean": 0.00608903774992,
        "median": 0.00592065695673,
        "min": 3.0941447321e-12,
        "var": 4.47002685178e-06
    },
    "spectral_rolloff": {
        "dmean": 713.355163574,
        "dmean2": 1218.42980957,
        "dvar": 1987480,
        "dvar2": 4402136.5,
        "max": 19616.7480469,
        "mean": 1937.06689453,
        "median": 495.263671875,
        "min": 86.1328125,
        "var": 7207156.5
    },
    "spectral_skewness": {
        "dmean": 0.348705947399,
        "dmean2": 0.576294004917,
        "dvar": 3.63622713089,
        "dvar2": 11.0147371292,
        "max": 52.4560050964,
        "mean": 1.44372606277,
        "median": 0.878690123558,
        "min": -0.097771152854,
        "var": 10.3796825409
    },
    "spectral_spread": {
        "dmean": 580230.8125,
        "dmean2": 803477.625,
        "dvar": 778167451648,
        "dvar2": 1.30264635802e+12,
        "max": 43458464,
        "mean": 6877114,
        "median": 6876907,
        "min": 36508.8945312,
        "var": 1.16197414666e+13
    },
    "spectral_strongpeak": {
        "dmean": 0.156449735165,
        "dmean2": 0.26313790679,
        "dvar": 0.0764876678586,
        "dvar2": 0.177899435163,
        "max": 4.81846189499,
        "mean": 0.395470112562,
        "median": 0.284641444683,
        "min": 0,
        "var": 0.171334534883
    },
    "zerocrossingrate": {
        "dmean": 0.0140443211421,
        "dmean2": 0.0155965341255,
        "dvar": 0.000247364194365,
        "dvar2": 0.000286403839709,
        "max": 0.5234375,
        "mean": 0.0790444016457,
        "median": 0.06640625,
        "min": 0.001953125,
        "var": 0.00379979214631
    },
    "barkbands": {
        "dmean": [0.000354565563612, 0.00786823313683, 0.00300187827088, 0.00189782469533, 0.00172034581192, 0.000831961340737, 0.000682077312376, 0.000288556097075, 0.000282762630377, 0.000175412118551, 9.52627524384e-05, 7.56938898121e-05, 7.64467185945e-05, 5.43515816389e-05, 4.13212146668e-05, 2.90441203106e-05, 5.41199478903e-05, 5.95965611865e-05, 0.000140770760481, 0.000187106954399, 0.000396849645767, 0.00037817293196, 0.000329767703079, 0.000174866974703, 0.000163859789609, 0.000146340491483, 5.32555750397e-05],
        "dmean2": [0.000566260598134, 0.0132629927248, 0.00504348659888, 0.00324006215669, 0.00280622625723, 0.00116540631279, 0.0010285852477, 0.000406381645007, 0.000350935850292, 0.000222317437874, 0.000139142939588, 0.000112037938379, 0.000116204289952, 8.57349077705e-05, 6.50228539598e-05, 4.73106592835e-05, 8.78952923813e-05, 9.7405310953e-05, 0.000220716363401, 0.000312228396069, 0.000609160924796, 0.00058391992934, 0.000475180626381, 0.000257686944678, 0.000220172121772, 0.0002149680804, 7.66328448663e-05],
        "dvar": [5.18542663031e-07, 0.000439508352429, 3.38231729984e-05, 1.81329269253e-05, 1.87701134564e-05, 6.56611064187e-06, 3.75918830287e-06, 6.30228896625e-07, 5.11720088525e-07, 1.26459255512e-07, 6.98396007692e-08, 3.46888384684e-08, 3.92881034372e-08, 1.45482665914e-08, 4.09374978361e-09, 3.45959128012e-09, 9.20973164398e-09, 1.77119350298e-08, 4.35947775657e-08, 1.4752973243e-07, 6.00107000537e-07, 3.81986808407e-07, 2.74943545264e-07, 1.25186375044e-07, 9.03107064687e-08, 1.04539310541e-07, 1.12138041075e-08],
        "dvar2": [1.33551520776e-06, 0.00129483127967, 9.53074268182e-05, 4.97089858982e-05, 4.36654845544e-05, 1.08516278488e-05, 7.84417898103e-06, 1.15361171993e-06, 8.38665812353e-07, 2.21156710722e-07, 1.49241273562e-07, 7.46515453898e-08, 7.89949012869e-08, 3.49648026088e-08, 9.72771729835e-09, 9.53359347022e-09, 2.48197249419e-08, 5.20883851607e-08, 1.03134674134e-07, 4.11351351204e-07, 1.31008710014e-06, 8.65708727815e-07, 5.64008189485e-07, 2.85317554471e-07, 1.69088252733e-07, 2.46648198754e-07, 2.04003871573e-08],
        "max": [0.00964198354632, 0.209706068039, 0.0677422359586, 0.0509434118867, 0.118765830994, 0.113298267126, 0.059693723917, 0.024543132633, 0.0197781175375, 0.00981665495783, 0.00881610717624, 0.00366212194785, 0.00627579120919, 0.00412754714489, 0.00117413827684, 0.00181290996261, 0.0028350003995, 0.00224891235121, 0.00265684677288, 0.00570221664384, 0.0111376354471, 0.00706132221967, 0.00561781413853, 0.00346307014115, 0.00271138502285, 0.00301039544865, 0.000760284601711],
        "mean": [0.000604390224908, 0.0194694530219, 0.00663822330534, 0.00272112083621, 0.002723115962, 0.00189977779519, 0.00144596153405, 0.000670486362651, 0.000780950067565, 0.000446542777354, 0.000164531360497, 0.00012038838031, 0.000127897787024, 0.000100390076113, 8.38932901388e-05, 5.9339676227e-05, 9.64551363722e-05, 9.99109106488e-05, 0.000270880409516, 0.000397741096094, 0.000995030510239, 0.000889462244231, 0.000711499364115, 0.000382155994885, 0.000361314538168, 0.000248411874054, 7.57564193918e-05],
        "median": [0.000423600286013, 0.0165885984898, 0.00506656337529, 0.00155024044216, 0.00092075963039, 0.000666489009745, 0.000511643360369, 0.000159198360052, 0.00020986943855, 0.000150087114889, 7.57554807933e-05, 4.10444081353e-05, 5.80031119171e-05, 4.65954726678e-05, 5.09095552843e-05, 4.26510887337e-05, 6.39260106254e-05, 4.3712585466e-05, 0.000172982981894, 0.000129835767439, 0.000301847205264, 0.000407659623306, 0.000291183474474, 0.000155167275807, 0.000103845100966, 4.14667374571e-05, 1.03232432593e-05],
        "min": [1.42481414017e-24, 3.37995619552e-24, 3.99589528975e-25, 8.62251199032e-25, 5.6397295112e-24, 1.25628584068e-23, 7.73891875114e-24, 1.11054134297e-23, 1.45026839388e-23, 1.58003285735e-23, 6.96582007567e-24, 2.25935506163e-23, 3.11868806695e-23, 3.34427010032e-23, 4.57465014331e-23, 3.89090053609e-23, 7.02012936246e-23, 6.63156109301e-23, 9.95020552014e-23, 1.02962560801e-22, 2.25503652149e-22, 2.26878441069e-22, 3.91485035317e-22, 6.09837089069e-22, 8.99117961838e-22, 1.32427082328e-21, 1.84994501133e-21],
        "var": [7.90347201018e-07, 0.000364211620763, 4.40118710685e-05, 1.76068733708e-05, 4.05000064347e-05, 2.29589422815e-05, 9.00338091014e-06, 2.41399561673e-06, 2.92108461508e-06, 6.91886498316e-07, 1.2107608427e-07, 6.50040092864e-08, 8.19555836529e-08, 2.87831660728e-08, 1.01850536893e-08, 4.54870985322e-09, 1.22367120881e-08, 3.37007541873e-08, 9.80856000865e-08, 4.72686934927e-07, 2.81746542896e-06, 1.41281566357e-06, 1.01016303233e-06, 2.53477367096e-07, 2.54000184441e-07, 1.85809327036e-07, 1.95156495408e-08]
    },
    "erbbands": {
        "dmean": [0.209408447146, 1.8813431263, 3.59446072578, 4.69700574875, 6.28841876984, 4.99632263184, 6.74537849426, 6.78314304352, 9.07220840454, 9.10222530365, 5.40103340149, 7.20862722397, 5.94097185135, 3.51762843132, 3.3888156414, 3.08665132523, 3.52119445801, 2.43474793434, 2.22279787064, 2.38710141182, 1.60389137268, 2.8946082592, 2.3678123951, 6.41054677963, 6.95927190781, 10.8262910843, 13.3302965164, 15.5551862717, 13.9678592682, 13.3861932755, 7.81020212173, 4.68782758713, 2.73642778397, 1.75444281101, 1.35815107822, 0.77215641737, 0.226393461227, 0.0724914819002, 0.00769217312336, 0.000328694528434],
        "dmean2": [0.326181739569, 3.22960877419, 6.14081907272, 7.75606489182, 11.0110359192, 7.97265768051, 9.2747220993, 9.96496105194, 13.5392036438, 13.2867088318, 7.19525051117, 8.68556880951, 7.3871216774, 4.75852394104, 4.98059654236, 4.56594991684, 5.3108792305, 3.83019256592, 3.42133021355, 3.85395431519, 2.61545157433, 4.64449977875, 3.87303352356, 10.7560901642, 10.7862939835, 18.3195953369, 19.1116981506, 25.0203590393, 21.6106529236, 19.2599563599, 11.8095283508, 6.95313262939, 4.18331575394, 2.65390992165, 1.88240206242, 1.13613021374, 0.322997719049, 0.105219446123, 0.010793778114, 0.000461961055407],
        "dvar": [0.274589985609, 25.9567623138, 65.7439498901, 70.6762084961, 375.047851562, 160.584823608, 738.908569336, 413.456665039, 565.12109375, 862.643432617, 181.579483032, 306.295928955, 181.074874878, 61.3190345764, 109.186698914, 58.133682251, 82.2827835083, 33.9498901367, 17.449262619, 15.2935886383, 9.83386611938, 26.6387748718, 22.2038288116, 125.697341919, 116.854614258, 708.226928711, 691.430358887, 840.588928223, 552.031799316, 459.042999268, 176.837112427, 103.779533386, 26.6511611938, 9.97337627411, 5.8404955864, 2.74929952621, 0.242391690612, 0.0216296985745, 0.000250174285611, 4.53571402659e-07],
        "dvar2": [0.721947491169, 78.9261856079, 192.013275146, 190.139907837, 1053.30627441, 342.773925781, 883.057128906, 743.760498047, 1365.95788574, 1668.25878906, 303.205078125, 475.719848633, 317.807159424, 121.108810425, 235.729034424, 130.480178833, 173.667999268, 76.4115600586, 41.2422180176, 38.547328949, 26.5828475952, 70.4604110718, 62.6292800903, 340.477600098, 265.410949707, 2016.56164551, 1201.39343262, 2076.16870117, 1335.95959473, 904.290161133, 414.198669434, 255.971115112, 59.4216156006, 20.8808040619, 10.1057424545, 6.44026708603, 0.518143713474, 0.0447458997369, 0.000460679992102, 7.37963489428e-07],
        "max": [5.87281036377, 49.7856407166, 100.408325195, 99.9076766968, 228.444351196, 344.061065674, 1439.41296387, 920.460876465, 547.865844727, 951.059143066, 508.601165771, 482.421417236, 420.648376465, 161.749725342, 383.689758301, 183.251983643, 305.930664062, 256.828735352, 141.616027832, 78.7422103882, 84.6134185791, 133.028503418, 112.032432556, 172.13482666, 145.824020386, 396.716003418, 413.170440674, 367.555847168, 241.706222534, 282.742370605, 103.613265991, 105.373413086, 49.6869544983, 27.5667934418, 23.3517227173, 15.8803119659, 5.01108074188, 1.2118858099, 0.123373128474, 0.00568009028211],
        "mean": [0.65620803833, 4.01968288422, 7.76302337646, 8.91938304901, 7.47529602051, 9.04658222198, 13.9306678772, 15.3176288605, 20.1695899963, 19.2655410767, 14.076789856, 21.2704257965, 15.6440696716, 8.26041126251, 6.11265039444, 5.31672000885, 6.16113233566, 4.84505367279, 4.45210266113, 4.83895254135, 3.66943693161, 5.24557542801, 4.53800725937, 12.1022920609, 14.719786644, 21.2586364746, 34.8120040894, 35.6708946228, 31.1100654602, 31.9229488373, 16.3000392914, 9.50375270844, 5.86952400208, 3.88899731636, 2.71340298653, 1.36670148373, 0.374353051186, 0.103027261794, 0.0113724777475, 0.000549609831069],
        "median": [0.598997056484, 3.37496781349, 5.53372001648, 5.97680854797, 3.23006916046, 2.87429857254, 3.89984416962, 5.98586463928, 7.56393241882, 6.3378868103, 4.54010295868, 5.98512840271, 5.23773384094, 4.010887146, 3.12346982956, 2.19273614883, 2.9588766098, 2.5661649704, 2.70333766937, 3.13745307922, 2.80229187012, 3.33940339088, 2.74881625175, 5.69737243652, 8.96742630005, 5.86058235168, 9.49552440643, 11.0080184937, 11.340139389, 15.2286272049, 6.684071064, 3.81155562401, 2.41483664513, 1.24259233475, 0.721008300781, 0.246997237206, 0.0592497363687, 0.0140268225223, 0.00159365206491, 0.000128464191221],
        "min": [5.1088708504e-23, 6.99616578764e-22, 2.3509817985e-21, 7.09113020132e-21, 1.35285332637e-20, 2.33567192937e-20, 3.46412965403e-20, 8.51627741687e-20, 1.1786253564e-19, 1.25867265825e-19, 2.42034236305e-19, 4.06023077087e-19, 6.82242904501e-19, 7.42604910437e-19, 3.94264652981e-19, 1.29764289467e-18, 1.73956579128e-18, 1.63904204696e-18, 2.37595802273e-18, 3.23536124925e-18, 3.36628491506e-18, 4.51177227875e-18, 4.79926965399e-18, 5.30193821325e-18, 6.29197249044e-18, 6.00350565952e-18, 9.28246201539e-18, 8.45811449644e-18, 8.80067811224e-18, 9.55532325687e-18, 1.12164359301e-17, 1.15600972146e-17, 1.04786156392e-17, 6.89741906799e-18, 6.53855958054e-18, 4.14511289171e-18, 2.30910611281e-18, 9.04024347291e-19, 2.33179552191e-19, 2.67052433485e-20],
        "var": [0.372401356697, 18.3505954742, 66.0137023926, 92.627746582, 265.642547607, 498.277740479, 3019.26611328, 1208.41064453, 1154.7668457, 2083.28613281, 735.069213867, 2129.97875977, 955.874328613, 190.690765381, 186.517211914, 107.832771301, 161.068466187, 80.729850769, 33.7712402344, 34.7336006165, 14.271364212, 37.8828735352, 38.4551925659, 276.623565674, 288.773468018, 1726.39807129, 3700.01391602, 3460.47192383, 1824.12756348, 1985.61242676, 436.825317383, 166.764694214, 60.6065788269, 27.5780334473, 16.2208709717, 5.26688194275, 0.462646216154, 0.0353750549257, 0.000442288961494, 8.58100122514e-07]
    },
    "gfcc": {
        "mean": [10.685508728, 61.5419616699, -59.0252494812, 55.16822052, -56.7504005432, 19.3230667114, -17.5584602356, 12.2021713257, -13.0103845596, 9.08119773865, -14.2943849564, 1.90843486786, -11.7942457199],
        "cov": [[16591.7421875, -2375.81201172, -1093.58947754, 506.460754395, -1688.75061035, 193.346435547, -339.676208496, 256.723632812, -388.362792969, 468.682678223, -308.376068115, 241.889526367, -234.323135376], [-2375.81201172, 2539.20776367, -409.855133057, -291.250579834, 440.188659668, -210.214508057, -25.7238311768, -169.011413574, 158.672286987, -247.949005127, 251.140853882, -92.4313430786, 98.045173645], [-1093.58947754, -409.855133057, 912.105224609, 71.4316482544, 117.003593445, 2.24292588234, 57.5944366455, 5.46512699127, -36.8875923157, -36.1749649048, -100.346038818, -12.3988466263, 11.3045778275], [506.460754395, -291.250579834, 71.4316482544, 502.602783203, 9.176404953, 60.023349762, 19.1268310547, -3.77598905563, -36.4857673645, -43.0860557556, -32.1401367188, -61.0297889709, -12.2100286484], [-1688.75061035, 440.188659668, 117.003593445, 9.176404953, 560.145080566, 1.35632073879, -54.5567779541, -124.96068573, 20.0588989258, -70.022102356, 27.6875782013, -38.9437026978, 8.63595199585], [193.346435547, -210.214508057, 2.24292588234, 60.023349762, 1.35632073879, 173.157348633, 39.6870574951, 4.28288650513, 2.44002819061, 16.4801712036, -20.5309276581, -6.91235160828, -20.277381897], [-339.676208496, -25.7238311768, 57.5944366455, 19.1268310547, -54.5567779541, 39.6870574951, 189.730895996, 87.1657028198, 32.4547615051, -23.0856113434, -23.0559463501, -33.7021026611, -3.28636431694], [256.723632812, -169.011413574, 5.46512699127, -3.77598905563, -124.96068573, 4.28288650513, 87.1657028198, 153.876556396, 32.2960968018, 16.5192489624, -44.8804359436, -9.73210144043, -14.7385110855], [-388.362792969, 158.672286987, -36.8875923157, -36.4857673645, 20.0588989258, 2.44002819061, 32.4547615051, 32.2960968018, 98.9264373779, 2.25479030609, 13.2247161865, -22.5905342102, -4.96738433838], [468.682678223, -247.949005127, -36.1749649048, -43.0860557556, -70.022102356, 16.4801712036, -23.0856113434, 16.5192489624, 2.25479030609, 114.418571472, -0.0132172815502, 26.3877391815, -23.3164405823], [-308.376068115, 251.140853882, -100.346038818, -32.1401367188, 27.6875782013, -20.5309276581, -23.0559463501, -44.8804359436, 13.2247161865, -0.0132172815502, 94.4919052124, 11.3536739349, 9.17385005951], [241.889526367, -92.4313430786, -12.3988466263, -61.0297889709, -38.9437026978, -6.91235160828, -33.7021026611, -9.73210144043, -22.5905342102, 26.3877391815, 11.3536739349, 70.9282531738, 19.3282203674], [-234.323135376, 98.045173645, 11.3045778275, -12.2100286484, 8.63595199585, -20.277381897, -3.28636431694, -14.7385110855, -4.96738433838, -23.3164405823, 9.17385005951, 19.3282203674, 56.1078109741]],
        "icov": [[0.000173782027559, -0.0001389610552, 0.00016833198606, -0.000289613410132, 0.000461014831671, -0.000150954045239, 0.000326247449266, -3.86012507079e-05, 0.000463271251647, -0.000413720321376, 0.000852942583151, -0.000631850503851, 0.000702398247086], [-0.0001389610552, 0.00152070540935, 0.000322269333992, 0.00106279342435, -0.000890258233994, 0.000979972654022, -0.000300018436974, 0.000459500355646, -0.00154294201639, 0.00262791127898, -0.00307313865051, 0.00248769950122, -0.00187605340034], [0.00016833198606, 0.000322269333992, 0.00170097569935, -0.000145417507156, -0.000119060881843, 0.000478269619634, -0.00041558558587, 0.000504405295942, 0.000381568301236, 0.000299941311823, 0.00171505112667, -0.000417064671637, 8.65101246745e-05], [-0.000289613410132, 0.00106279342435, -0.000145417507156, 0.00355299701914, -0.000873753044289, -0.000255063205259, -9.99384719762e-05, 8.06278985692e-05, -5.62515670026e-05, 0.00262340414338, -0.00286071514711, 0.00497227348387, -0.00236647343263], [0.000461014831671, -0.000890258233994, -0.000119060881843, -0.000873753044289, 0.00407554022968, -0.00101581052877, 0.00141199829523, 0.00181608158164, 0.000472316227388, -0.000738053349778, 0.00307205668651, -0.00120151776355, 0.00252691889182], [-0.000150954045239, 0.000979972654022, 0.000478269619634, -0.000255063205259, -0.00101581052877, 0.00793585926294, -0.00294861523435, 0.00234311749227, -0.00186636578292, 0.00040772734792, -7.52100459067e-05, -0.000233365906752, 0.0010693075601], [0.000326247449266, -0.000300018436974, -0.00041558558587, -9.99384719762e-05, 0.00141199829523, -0.00294861523435, 0.00999349076301, -0.00543602043763, 0.000432207103586, 0.0011929711327, -0.000142008750117, 0.00269408081658, -0.000547633855604], [-3.86012507079e-05, 0.000459500355646, 0.000504405295942, 8.06278985692e-05, 0.00181608158164, 0.00234311749227, -0.00543602043763, 0.0142327649519, -0.00487770931795, -0.000198386522243, 0.0052787354216, -0.00139820855111, 0.00204361160286], [0.000463271251647, -0.00154294201639, 0.000381568301236, -5.62515670026e-05, 0.000472316227388, -0.00186636578292, 0.000432207103586, -0.00487770931795, 0.0166139118373, -0.00448155077174, 0.000491441460326, 0.00260242074728, 0.00117032718845], [-0.000413720321376, 0.00262791127898, 0.000299941311823, 0.00262340414338, -0.000738053349778, 0.00040772734792, 0.0011929711327, -0.000198386522243, -0.00448155077174, 0.017670340836, -0.00619448721409, -0.00038863150985, 0.00256234640256], [0.000852942583151, -0.00307313865051, 0.00171505112667, -0.00286071514711, 0.00307205668651, -7.52100459067e-05, -0.000142008750117, 0.0052787354216, 0.000491441460326, -0.00619448721409, 0.0244896449149, -0.00974141899496, 0.00566337909549], [-0.000631850503851, 0.00248769950122, -0.000417064671637, 0.00497227348387, -0.00120151776355, -0.000233365906752, 0.00269408081658, -0.00139820855111, 0.00260242074728, -0.00038863150985, -0.00974141899496, 0.0306825879961, -0.0148367062211], [0.000702398247086, -0.00187605340034, 8.65101246745e-05, -0.00236647343263, 0.00252691889182, 0.0010693075601, -0.000547633855604, 0.00204361160286, 0.00117032718845, 0.00256234640256, 0.00566337909549, -0.0148367062211, 0.029357843101]]
    },
    "melbands": {
        "dmean": [0.00204426376149, 0.00205922150053, 0.000843518471811, 0.000393147958675, 0.000229948520428, 0.000154482724611, 0.000140294199809, 9.35157368076e-05, 4.41841511929e-05, 4.3207895942e-05, 2.93080429401e-05, 1.455729398e-05, 1.27326620714e-05, 9.12768609851e-06, 6.96344386597e-06, 7.74384625402e-06, 4.78246420244e-06, 4.21528102379e-06, 2.7606220101e-06, 2.85323426397e-06, 2.04541174753e-06, 3.57504313797e-06, 1.91480648937e-06, 3.23711788042e-06, 6.07518722973e-06, 4.89983995067e-06, 5.51965013074e-06, 7.99492045189e-06, 7.41756093703e-06, 1.4438854123e-05, 8.75053592608e-06, 7.54881830289e-06, 9.03917498363e-06, 8.45423619467e-06, 5.31173145646e-06, 3.36966991199e-06, 3.03925844491e-06, 2.14583178604e-06, 1.52481050009e-06, 1.62072774401e-06],
        "dmean2": [0.00335703184828, 0.00354936532676, 0.00140958011616, 0.000663919607177, 0.000321465777233, 0.00022264335712, 0.000207935809158, 0.000134355956106, 5.88206312386e-05, 5.23541566508e-05, 3.66359927284e-05, 1.96805740416e-05, 1.86861834663e-05, 1.35732443596e-05, 1.0292224033e-05, 1.19148871818e-05, 7.61433011576e-06, 6.55224357615e-06, 4.40815392722e-06, 4.60731916974e-06, 3.38767699759e-06, 5.74602654524e-06, 3.20074582305e-06, 5.28417331225e-06, 1.03133297671e-05, 7.68518111727e-06, 8.95308494364e-06, 1.37529514177e-05, 1.05996641651e-05, 2.38945067395e-05, 1.42611243064e-05, 1.18449561342e-05, 1.37913320941e-05, 1.21800394481e-05, 8.26871018944e-06, 4.89652575197e-06, 4.65672519567e-06, 3.3196338336e-06, 2.36955656874e-06, 2.47800039688e-06],
        "dvar": [2.86011727439e-05, 2.65886064881e-05, 3.10408177029e-06, 9.9329247405e-07, 7.04103626958e-07, 1.95482584786e-07, 1.3363187179e-07, 7.78594113626e-08, 1.15122373856e-08, 1.15685505619e-08, 4.38531877478e-09, 1.00704844463e-09, 1.42724898566e-09, 4.47719916696e-10, 4.18149265213e-10, 4.27613167098e-10, 1.18681495187e-10, 7.34770716493e-11, 1.8011998143e-11, 2.66823420997e-11, 1.41823549432e-11, 3.42839159839e-11, 2.64202184436e-11, 5.71743936917e-11, 1.19980830826e-10, 5.87664569784e-11, 8.81182002366e-11, 4.27377383483e-10, 2.28026569848e-10, 9.53124468239e-10, 2.61160842951e-10, 1.71092168211e-10, 2.0960075342e-10, 1.95448726648e-10, 7.9324546931e-11, 3.28366743518e-11, 4.77626757589e-11, 1.60802777344e-11, 8.44668345684e-12, 7.04873832913e-12],
        "dvar2": [8.16482643131e-05, 7.97636021161e-05, 8.49698062666e-06, 2.67905033979e-06, 8.95361552011e-07, 3.54395155e-07, 3.00713310253e-07, 1.47719021015e-07, 1.91490698853e-08, 1.87022894949e-08, 7.7366877349e-09, 1.95296423477e-09, 3.01624392129e-09, 9.46114186995e-10, 9.30915511343e-10, 9.00088614753e-10, 2.74218620033e-10, 1.76966205578e-10, 4.58336112119e-11, 7.05187089278e-11, 3.82373716024e-11, 8.7896197265e-11, 7.49061021543e-11, 1.68727865013e-10, 3.27831040092e-10, 1.32011943044e-10, 2.35070324317e-10, 1.21117249563e-09, 4.2977951753e-10, 2.35601427256e-09, 6.14263639953e-10, 3.77925385431e-10, 5.50492151863e-10, 3.95807858711e-10, 1.95752553056e-10, 7.16145684421e-11, 1.18872495181e-10, 3.5735931575e-11, 2.10795929323e-11, 1.37950293549e-11],
        "max": [0.0574531368911, 0.0600318498909, 0.0199454016984, 0.0130838844925, 0.0385204143822, 0.0196873042732, 0.0094131892547, 0.00829255208373, 0.00358886364847, 0.00340357655659, 0.00203396542929, 0.000744513410609, 0.00144853908569, 0.000393551570596, 0.000639866513666, 0.000711818633135, 0.000462218944449, 0.000326986279106, 6.97668074281e-05, 0.000141817159601, 8.32304649521e-05, 0.000127049584989, 0.000179503418622, 0.000152279812028, 0.000166860452737, 0.000124809332192, 0.00012489213259, 0.000287444476271, 0.000242482929025, 0.000431368593127, 0.000239159649936, 0.000158990791533, 0.000163558899658, 0.000198838650249, 6.68917782605e-05, 7.58912283345e-05, 6.96920469636e-05, 4.1384184442e-05, 2.75264501397e-05, 2.6313793569e-05],
        "mean": [0.00564129790291, 0.00449888594449, 0.00152899057139, 0.000559187086765, 0.000492774357554, 0.000357317825546, 0.000313439057209, 0.000204021343961, 0.000115962291602, 0.000125056889374, 7.43919372326e-05, 3.33919524564e-05, 2.21485479415e-05, 1.49027064253e-05, 1.24039434013e-05, 1.2477036762e-05, 8.91401668923e-06, 7.6326477938e-06, 5.56137592866e-06, 5.79451580052e-06, 4.05857781516e-06, 6.18017520537e-06, 3.10948053084e-06, 5.42115685676e-06, 1.05416866063e-05, 9.00085160538e-06, 1.22813580674e-05, 1.36919652505e-05, 1.70600724232e-05, 3.03595224977e-05, 1.72331547219e-05, 1.5817970052e-05, 1.95466254809e-05, 1.75103159563e-05, 9.71044210019e-06, 6.66427422402e-06, 5.59027330382e-06, 4.52726999356e-06, 2.97462111121e-06, 3.36969219461e-06],
        "median": [0.0049354871735, 0.00369154894724, 0.00103095674422, 0.000200278605917, 0.000141542550409, 0.000136251124786, 0.000112782072392, 6.48131244816e-05, 3.5800941987e-05, 3.30376497004e-05, 2.3505424906e-05, 1.58542898134e-05, 1.08394069684e-05, 5.22956543136e-06, 5.46817864233e-06, 5.93859067521e-06, 4.25367670687e-06, 4.09604308516e-06, 3.58407942258e-06, 3.79917673854e-06, 2.70462169283e-06, 3.75086710847e-06, 1.97495660359e-06, 2.24354653255e-06, 4.39664108853e-06, 5.47611716684e-06, 6.29643545835e-06, 2.85455143967e-06, 4.64289860247e-06, 7.75290391175e-06, 5.02733382746e-06, 5.29415729034e-06, 9.11540792004e-06, 7.78211597208e-06, 3.746998118e-06, 2.79532991954e-06, 2.11067799682e-06, 1.95982374862e-06, 1.03245179162e-06, 1.06937363853e-06],
        "min": [7.53705516195e-25, 1.24575139215e-24, 1.75639663611e-24, 1.848913257e-24, 1.09839809152e-24, 2.00410941275e-24, 1.6351412208e-24, 1.64717963264e-24, 1.48603369072e-24, 2.3415503842e-24, 2.84271371729e-24, 2.35078025401e-24, 1.11895649696e-24, 2.20228586607e-24, 2.32561283012e-24, 3.22385541352e-24, 2.58458896277e-24, 3.45143488215e-24, 3.92153997253e-24, 3.24928079493e-24, 3.23040828385e-24, 3.58005234185e-24, 4.4407883363e-24, 3.41141478513e-24, 3.24038579658e-24, 3.47581541728e-24, 3.06176441624e-24, 3.50152084431e-24, 4.65677924101e-24, 4.06570469739e-24, 3.59034421565e-24, 4.35462342621e-24, 4.70403753126e-24, 4.4576340665e-24, 4.77180462732e-24, 6.04816855577e-24, 6.64140418384e-24, 6.52871540353e-24, 5.90246673543e-24, 5.86419278203e-24],
        "var": [2.73355362879e-05, 2.08547626244e-05, 3.17480771628e-06, 1.26001043554e-06, 2.99267571791e-06, 6.12534222455e-07, 3.11584756219e-07, 2.10799939282e-07, 4.75626222851e-08, 7.56622071663e-08, 2.30073116114e-08, 3.36840111359e-09, 2.52213050445e-09, 8.92575291456e-10, 7.83271003613e-10, 7.74024955241e-10, 2.8227076232e-10, 1.25709373466e-10, 4.05550280858e-11, 4.78929396142e-11, 2.21488608704e-11, 5.45189657308e-11, 2.28007578096e-11, 1.07249119308e-10, 2.44650522063e-10, 1.18563214802e-10, 3.00055980063e-10, 8.52450665612e-10, 8.29170343497e-10, 3.20996074166e-09, 8.61558324683e-10, 5.48498246822e-10, 6.21660056765e-10, 7.76806063918e-10, 1.67510255666e-10, 7.99827357123e-11, 6.63451307781e-11, 3.72257329129e-11, 1.58569494341e-11, 2.17171072792e-11]
    },
    "mfcc": {
        "mean": [-643.289001465, 89.9620056152, 50.2462158203, 43.0859985352, 0.966954529285, 18.0345172882, 4.86387729645, 10.2305431366, 7.36336135864, 10.2804088593, 6.45375108719, 1.43349659443, 4.01698207855],
        "cov": [[8151.25146484, -1499.87878418, 205.264938354, -206.292953491, -835.854492188, -175.531494141, -215.099029541, -273.695648193, -104.764472961, -61.5600585938, 18.1406612396, 51.8842277527, 67.2739257812], [-1499.87878418, 2064.16040039, -557.432800293, -120.10496521, 195.826187134, -122.356544495, -88.3462982178, 26.1365680695, -153.560119629, -45.701877594, 2.24709439278, -12.4842739105, -2.49534130096], [205.264938354, -557.432800293, 648.972045898, 125.017219543, -101.570579529, 5.483066082, 44.3483200073, 44.5030937195, 91.3437805176, 26.9302387238, -11.7809896469, -31.4361248016, -17.1608409882], [-206.292953491, -120.10496521, 125.017219543, 344.949066162, 127.8360672, 47.371837616, 60.8925971985, 33.2685165405, 22.9684410095, 14.6153678894, -16.3907413483, -24.0525989532, -43.4220924377], [-835.854492188, 195.826187134, -101.570579529, 127.8360672, 406.55770874, 146.363235474, 27.621805191, -4.01679801941, -39.1179695129, -42.2015151978, -11.7503547668, -22.5778980255, -23.000038147], [-175.531494141, -122.356544495, 5.483066082, 47.371837616, 146.363235474, 198.430511475, 64.9620437622, 5.04262065887, -4.53639316559, -7.37715482712, -6.33247613907, 1.42871809006, -2.73997759819], [-215.099029541, -88.3462982178, 44.3483200073, 60.8925971985, 27.621805191, 64.9620437622, 113.88079834, 46.9218559265, 25.4895782471, 10.6445817947, -5.2405500412, -2.83663535118, -11.8662748337], [-273.695648193, 26.1365680695, 44.5030937195, 33.2685165405, -4.01679801941, 5.04262065887, 46.9218559265, 122.096885681, 60.4827079773, 36.8842964172, 5.95069503784, -13.4026727676, -13.7807445526], [-104.764472961, -153.560119629, 91.3437805176, 22.9684410095, -39.1179695129, -4.53639316559, 25.4895782471, 60.4827079773, 126.17011261, 60.7073440552, 8.80661201477, -0.154319733381, -7.69794178009], [-61.5600585938, -45.701877594, 26.9302387238, 14.6153678894, -42.2015151978, -7.37715482712, 10.6445817947, 36.8842964172, 60.7073440552, 96.5926895142, 38.1267814636, -0.33055961132, -7.43926811218], [18.1406612396, 2.24709439278, -11.7809896469, -16.3907413483, -11.7503547668, -6.33247613907, -5.2405500412, 5.95069503784, 8.80661201477, 38.1267814636, 60.0605239868, 28.7506732941, 2.57622861862], [51.8842277527, -12.4842739105, -31.4361248016, -24.0525989532, -22.5778980255, 1.42871809006, -2.83663535118, -13.4026727676, -0.154319733381, -0.33055961132, 28.7506732941, 68.2157287598, 31.3574447632], [67.2739257812, -2.49534130096, -17.1608409882, -43.4220924377, -23.000038147, -2.73997759819, -11.8662748337, -13.7807445526, -7.69794178009, -7.43926811218, 2.57622861862, 31.3574447632, 66.5404663086]],
