{
"lowlevel": {
    "average_loudness": 0.898916661739,
    "barkbands_crest": {
        "dmean": 2.51073288918,
        "dmean2": 3.91620588303,
        "dvar": 10.065568924,
        "dvar2": 20.1548500061,
        "max": 26.7892608643,
        "mean": 13.2089719772,
        "median": 12.5536279678,
        "min": 1.97767901421,
        "var": 37.1279754639
    },
    "barkbands_flatness_db": {
        "dmean": 0.0352363884449,
        "dmean2": 0.043340370059,
        "dvar": 0.00190986494999,
        "dvar2": 0.00285877124406,
        "max": 0.788472533226,
        "mean": 0.19449582696,
        "median": 0.168421268463,
        "min": 0.0141668794677,
        "var": 0.0128938248381
    },
    "barkbands_kurtosis": {
        "dmean": 18.5208015442,
        "dmean2": 25.2958698273,
        "dvar": 3490.99804688,
        "dvar2": 6789.35644531,
        "max": 1180.20837402,
        "mean": 29.0290107727,
        "median": 3.2857811451,
        "min": -1.96972894669,
        "var": 7160.46972656
    },
    "barkbands_skewness": {
        "dmean": 1.11971461773,
        "dmean2": 1.48046350479,
        "dvar": 3.30800294876,
        "dvar2": 5.8572435379,
        "max": 24.4520664215,
        "mean": 2.67290616035,
        "median": 1.6884355545,
        "min": -6.22909355164,
        "var": 12.498052597
    },
    "barkbands_spread": {
        "dmean": 7.19749593735,
        "dmean2": 10.8241624832,
        "dvar": 119.755935669,
        "dvar2": 263.576416016,
        "max": 123.93636322,
        "mean": 20.4720649719,
        "median": 16.9003219604,
        "min": 0.101237185299,
        "var": 303.187225342
    },
    "dissonance": {
        "dmean": 0.0179060753435,
        "dmean2": 0.0291486680508,
        "dvar": 0.00042016003863,
        "dvar2": 0.00111797451973,
        "max": 0.5,
        "mean": 0.462884783745,
        "median": 0.472057580948,
        "min": 0.225525230169,
        "var": 0.00106638739817
    },
    "dynamic_complexity": 4.71540260315,
    "erbbands_crest": {
        "dmean": 2.83761096001,
        "dmean2": 4.37479019165,
        "dvar": 7.83141756058,
        "dvar2": 17.3443260193,
        "max": 33.3955955505,
        "mean": 10.7390270233,
        "median": 9.25444126129,
        "min": 1.96449804306,
        "var": 31.3868198395
    },
    "erbbands_flatness_db": {
        "dmean": 0.0239386819303,
        "dmean2": 0.0319018922746,
        "dvar": 0.000733055465389,
        "dvar2": 0.00119826570153,
        "max": 0.58711206913,
        "mean": 0.173616155982,
        "median": 0.163764774799,
        "min": 0.040512278676,
        "var": 0.00463253306225
    },
    "erbbands_kurtosis": {
        "dmean": 2.11395764351,
        "dmean2": 3.13446331024,
        "dvar": 55.9367828369,
        "dvar2": 109.116004944,
        "max": 282.081390381,
        "mean": 2.17937397957,
        "median": 0.0533978939056,
        "min": -1.96342623234,
        "var": 94.1688232422
    },
    "erbbands_skewness": {
        "dmean": 0.494572371244,
        "dmean2": 0.714948713779,
        "dvar": 0.395399361849,
        "dvar2": 0.788434565067,
        "max": 13.692656517,
        "mean": 0.178495630622,
        "median": 0.169713675976,
        "min": -7.01420068741,
        "var": 1.70863199234
    },
    "erbbands_spread": {
        "dmean": 11.4441728592,
        "dmean2": 16.9513111115,
        "dvar": 239.082336426,
        "dvar2": 518.999755859,
        "max": 187.869506836,
        "mean": 41.466796875,
        "median": 35.1497650146,
        "min": 0.558127343655,
        "var": 718.771179199
    },
    "hfc": {
        "dmean": 7.60704278946,
        "dmean2": 10.3786125183,
        "dvar": 333.05065918,
        "dvar2": 519.450927734,
        "max": 534.950744629,
        "mean": 22.3757400513,
        "median": 8.40537834167,
        "min": 1.1174136726e-16,
        "var": 1591.06433105
    },
    "melbands_crest": {
        "dmean": 3.3601436615,
        "dmean2": 4.80181121826,
        "dvar": 16.8667201996,
        "dvar2": 27.3678970337,
        "max": 39.7805290222,
        "mean": 18.8942623138,
        "median": 18.0498523712,
        "min": 1.78981375694,
        "var": 91.8526306152
    },
    "melbands_flatness_db": {
        "dmean": 0.0402178131044,
        "dmean2": 0.0479523353279,
        "dvar": 0.00267377775162,
        "dvar2": 0.00373771716841,
        "max": 0.947344243526,
        "mean": 0.255984425545,
        "median": 0.233902692795,
        "min": 0.0030186267104,
        "var": 0.0216359365731
    },
    "melbands_kurtosis": {
        "dmean": 48.9128646851,
        "dmean2": 68.802230835,
        "dvar": 27983.4902344,
        "dvar2": 62815.7070312,
        "max": 3108.00268555,
        "mean": 77.4339294434,
        "median": 10.1743087769,
        "min": -1.93552553654,
        "var": 48063.2148438
    },
    "melbands_skewness": {
        "dmean": 1.61780023575,
        "dmean2": 2.15564608574,
        "dvar": 7.69356203079,
        "dvar2": 14.0809793472,
        "max": 40.1020965576,
        "mean": 4.5537610054,
        "median": 2.75902986526,
        "min": -4.42147111893,
        "var": 28.5833072662
    },
    "melbands_spread": {
        "dmean": 9.53516674042,
        "dmean2": 14.4130496979,
        "dvar": 328.088470459,
        "dvar2": 704.12310791,
        "max": 276.795562744,
        "mean": 25.974363327,
        "median": 16.2240047455,
        "min": 0.0826556235552,
        "var": 927.958618164
    },
    "pitch_salience": {
        "dmean": 0.0792844668031,
        "dmean2": 0.117268182337,
        "dvar": 0.0108754895627,
        "dvar2": 0.0200692787766,
        "max": 0.960129261017,
        "mean": 0.451145350933,
        "median": 0.481542289257,
        "min": 0.0165550671518,
        "var": 0.0451394431293
    },
    "silence_rate_20dB": {
        "dmean": 0,
        "dmean2": 0,
        "dvar": 0,
        "dvar2": 0,
        "max": 1,
        "mean": 1,
        "median": 1,
        "min": 1,
        "var": 0
    },
    "silence_rate_30dB": {
        "dmean": 0.0601706318557,
        "dmean2": 0.120352074504,
        "dvar": 0.0565521679819,
        "dvar2": 0.120959058404,
        "max": 1,
        "mean": 0.888829052448,
        "median": 1,
        "min": 0,
        "var": 0.0987998470664
    },
    "silence_rate_60dB": {
        "dmean": 0.0466995947063,
        "dmean2": 0.0934075787663,
        "dvar": 0.0445115230978,
        "dvar2": 0.0927654653788,
        "max": 1,
        "mean": 0.164242103696,
        "median": 0,
        "min": 0,
        "var": 0.137267649174
    },
    "spectral_centroid": {
        "dmean": 318.773925781,
        "dmean2": 466.444641113,
        "dvar": 188293.640625,
        "dvar2": 394225.09375,
        "max": 11237.2373047,
        "mean": 1596.87585449,
        "median": 1515.38623047,
        "min": 56.3625030518,
        "var": 1003075.875
    },
    "spectral_complexity": {
        "dmean": 2.88082623482,
        "dmean2": 4.34093761444,
        "dvar": 16.8885746002,
        "dvar2": 32.5724067688,
        "max": 52,
        "mean": 12.2539510727,
        "median": 9,
        "min": 0,
        "var": 94.2249603271
    },
    "spectral_decrease": {
        "dmean": 3.2959788232e-09,
        "dmean2": 4.70940975106e-09,
        "dvar": 5.19394614469e-17,
        "dvar2": 1.01514403952e-16,
        "max": 3.8963483262e-20,
        "mean": -8.72391581197e-09,
        "median": -4.64146898693e-09,
        "min": -6.17164559458e-08,
        "var": 1.34787373515e-16
    },
    "spectral_energy": {
        "dmean": 0.0128079168499,
        "dmean2": 0.0183037407696,
        "dvar": 0.000756557914428,
        "dvar2": 0.00148317869753,
        "max": 0.234677687287,
        "mean": 0.0349556282163,
        "median": 0.0201724469662,
        "min": 1.06011741955e-20,
        "var": 0.00195840932429
    },
    "spectral_energyband_high": {
        "dmean": 0.000639052712359,
        "dmean2": 0.000839333282784,
        "dvar": 4.23005030825e-06,
        "dvar2": 6.37954053673e-06,
        "max": 0.0616631284356,
        "mean": 0.00144624721725,
        "median": 0.000227202122915,
        "min": 7.51080076978e-21,
        "var": 1.80197584996e-05
    },
    "spectral_energyband_low": {
        "dmean": 0.010906691663,
        "dmean2": 0.015476513654,
        "dvar": 0.000685991952196,
        "dvar2": 0.00131457473617,
        "max": 0.231890231371,
        "mean": 0.0248980522156,
        "median": 0.00149646564387,
        "min": 6.85388733965e-23,
        "var": 0.00188431772403
    },
    "spectral_energyband_middle_high": {
        "dmean": 0.00121522333939,
        "dmean2": 0.00175882840995,
        "dvar": 5.1027536756e-06,
        "dvar2": 9.69224674918e-06,
        "max": 0.0622979179025,
        "mean": 0.00392060028389,
        "median": 0.00114979711361,
        "min": 1.71060021713e-21,
        "var": 4.18416311732e-05
    },
    "spectral_energyband_middle_low": {
        "dmean": 0.00367581751198,
        "dmean2": 0.00646768929437,
        "dvar": 0.000124048412545,
        "dvar2": 0.000361003330909,
        "max": 0.0886696353555,
        "mean": 0.00512282410637,
        "median": 0.00246728723869,
        "min": 1.69905720047e-22,
        "var": 8.4990344476e-05
    },
    "spectral_entropy": {
        "dmean": 0.232698634267,
        "dmean2": 0.321837455034,
        "dvar": 0.0913365855813,
        "dvar2": 0.173910304904,
        "max": 9.81184959412,
        "mean": 7.48096752167,
        "median": 7.57499504089,
        "min": 3.58616900444,
        "var": 0.491755247116
    },
    "spectral_flux": {
        "dmean": 0.0367026366293,
        "dmean2": 0.0551401935518,
        "dvar": 0.00409720698372,
        "dvar2": 0.00658880034462,
        "max": 0.481672823429,
        "mean": 0.0757178217173,
        "median": 0.0502576604486,
        "min": 6.64405891415e-11,
        "var": 0.00672320323065
    },
    "spectral_kurtosis": {
        "dmean": 2.54168367386,
        "dmean2": 4.01743173599,
        "dvar": 46.4560127258,
        "dvar2": 111.122955322,
        "max": 216.361297607,
        "mean": 5.72492170334,
        "median": 3.49465203285,
        "min": -1.35888659954,
        "var": 80.2518844604
    },
    "spectral_rms": {
        "dmean": 0.00093984848354,
        "dmean2": 0.00125100102741,
        "dvar": 2.66379834102e-06,
        "dvar2": 4.44711122327e-06,
        "max": 0.0151312202215,
        "mean": 0.00484451046214,
        "median": 0.00443626381457,
        "min": 3.21599257641e-12,
        "var": 1.06337802208e-05
    },
    "spectral_rolloff": {
        "dmean": 703.864013672,
        "dmean2": 1168.84558105,
        "dvar": 2509356.75,
        "dvar2": 5869808,
        "max": 19638.28125,
        "mean": 1874.14257812,
        "median": 904.39453125,
        "min": 21.533203125,
        "var": 6417663.5
    },
    "spectral_skewness": {
        "dmean": 0.293743342161,
        "dmean2": 0.448389112949,
        "dvar": 0.241654008627,
        "dvar2": 0.536213517189,
        "max": 13.5184431076,
        "mean": 1.64371275902,
        "median": 1.4804046154,
        "min": -0.185691922903,
        "var": 0.706281721592
    },
    "spectral_spread": {
        "dmean": 860145,
        "dmean2": 1221983.375,
        "dvar": 1.76200771174e+12,
        "dvar2": 3.23184807117e+12,
        "max": 41511008,
        "mean": 5200608.5,
        "median": 4787724,
        "min": 551239.875,
        "var": 5.8784439337e+12
    },
    "spectral_strongpeak": {
        "dmean": 0.52587133646,
        "dmean2": 0.871666431427,
        "dvar": 1.74757182598,
        "dvar2": 4.27623081207,
        "max": 22.5234851837,
        "mean": 1.06804251671,
        "median": 0.501028895378,
        "min": 0,
        "var": 3.90797162056
    },
    "zerocrossingrate": {
        "dmean": 0.0159398503602,
        "dmean2": 0.0171743091196,
        "dvar": 0.000486205593916,
        "dvar2": 0.000494671636261,
        "max": 0.529296875,
        "mean": 0.0696655362844,
        "median": 0.05322265625,
        "min": 0.0009765625,
        "var": 0.00449630850926
    },
    "barkbands": {
        "dmean": [0.000981625868008, 0.00891073793173, 0.00266623776406, 0.00120366027113, 0.00125530560035, 0.000568216608372, 0.000585819128901, 0.000298607104924, 0.000435856432887, 0.000137478113174, 0.000134446716402, 0.000238001608523, 0.000242367212195, 0.000221840833547, 0.000227622833336, 0.000198009918677, 0.000216506872675, 0.000241446759901, 0.000175478504389, 0.000120732234791, 0.00013580758241, 0.000148989114678, 7.21276883269e-05, 0.000154342997121, 0.000170947940205, 6.71177040203e-05, 9.84942562354e-06],
        "dmean2": [0.00116757594515, 0.0128420535475, 0.00478696171194, 0.00230875471607, 0.00221412070096, 0.000982098630629, 0.000958094780799, 0.000448864419013, 0.000656415126286, 0.000215972118895, 0.000203832081752, 0.000359729659976, 0.000374412542442, 0.000349159614416, 0.00034986960236, 0.000299554725643, 0.000322597188642, 0.000345392472809, 0.000265658891294, 0.000182182906428, 0.000195071756025, 0.000224635427003, 0.000111960907816, 0.000213598628761, 0.000235452593188, 9.42273181863e-05, 1.39918665809e-05],
        "dvar": [5.34835089638e-06, 0.0005007602158, 0.000107065650809, 2.75671245618e-05, 1.43125289469e-05, 2.39874293584e-06, 2.38156758314e-06, 8.44029159452e-07, 1.12924794848e-06, 1.33644263656e-07, 3.3251478726e-07, 8.03347234068e-07, 5.24805386704e-07, 4.36934158188e-07, 4.44767181307e-07, 4.81277368181e-07, 7.49620426177e-07, 8.9581277507e-07, 3.32878670406e-07, 1.16910612746e-07, 1.9734447676e-07, 3.58240896503e-07, 3.77736171231e-08, 4.89738283704e-07, 5.89293961184e-07, 4.46713599445e-08, 1.59070334682e-09],
        "dvar2": [6.02046884524e-06, 0.000976412091404, 0.00031228736043, 8.07331452961e-05, 4.16755901824e-05, 6.65009065415e-06, 6.02692944085e-06, 1.60142565164e-06, 2.43097770181e-06, 3.0774955917e-07, 6.16545605681e-07, 1.40777592605e-06, 1.08746803562e-06, 9.65788785834e-07, 9.04396756596e-07, 8.98362145563e-07, 1.61611262683e-06, 1.66858410466e-06, 6.63710522986e-07, 2.51146389019e-07, 3.62898447293e-07, 7.67646781696e-07, 8.82771686861e-08, 8.2404466184e-07, 1.01293221633e-06, 8.16488565647e-08, 2.61688937186e-09],
        "max": [0.023489875719, 0.207865089178, 0.0902961343527, 0.0467079654336, 0.0317753553391, 0.023202938959, 0.0458193346858, 0.0344359837472, 0.0277476832271, 0.0170662570745, 0.0559544861317, 0.0398295558989, 0.0257086213678, 0.0198700819165, 0.0334897711873, 0.0241090394557, 0.0288329124451, 0.048598524183, 0.0185385514051, 0.0120152914897, 0.0163239408284, 0.0196209978312, 0.00453493092209, 0.0243829656392, 0.0255891606212, 0.00895623862743, 0.0025300947018],
        "mean": [0.00230537657626, 0.0199009831995, 0.00229041324928, 0.000780508446041, 0.00131897837855, 0.000676529132761, 0.000957145239227, 0.000529213168193, 0.000805969699286, 0.000223106442718, 0.000218846937059, 0.000393994676415, 0.000460203649709, 0.000405228522141, 0.000473948777653, 0.000360049511073, 0.00042367115384, 0.000523187511135, 0.000356275500963, 0.000206883720239, 0.000284942361759, 0.000286318041617, 9.99645053525e-05, 0.000277450715657, 0.000288992596325, 9.33560659178e-05, 1.40519987326e-05],
        "median": [5.3399016906e-05, 0.000728888029698, 0.000165544595802, 0.000104224935058, 0.000375590811018, 0.000236941879848, 0.000258099578787, 5.54691505386e-05, 9.5235358458e-05, 2.9868881029e-05, 2.43356153078e-05, 4.9469213991e-05, 5.83154760534e-05, 7.34778150218e-05, 8.88048525667e-05, 4.67780337203e-05, 2.63048823399e-05, 3.39122416335e-05, 4.78932779515e-05, 3.50676637026e-05, 3.91712819692e-05, 3.75045274268e-05, 1.95127104234e-05, 2.59326116065e-05, 1.6381700334e-05, 5.74310115553e-06, 5.28900272911e-07],
        "min": [8.56673439672e-24, 1.23303661097e-23, 7.25167802417e-24, 1.54419443311e-23, 7.82952652585e-24, 1.09562556098e-23, 2.52080502263e-23, 3.07595610281e-23, 2.9742227072e-23, 1.63092432538e-23, 3.95780856262e-23, 6.18973966374e-23, 9.74863704382e-23, 7.97602809337e-23, 8.43610755051e-23, 1.16244763323e-22, 1.23548491968e-22, 1.64008751278e-22, 2.43739339487e-22, 1.83382506156e-22, 3.53821231118e-22, 3.45988687988e-22, 4.44735897966e-22, 7.7160158787e-22, 8.96828977792e-22, 1.66730359266e-21, 2.13200976319e-21],
        "var": [2.28067910939e-05, 0.00133575964719, 6.04804627073e-05, 1.47082409967e-05, 9.19131707633e-06, 2.19005391955e-06, 5.60004946237e-06, 3.19674768434e-06, 3.57451403943e-06, 4.00751844154e-07, 1.35083962505e-06, 2.47689536081e-06, 2.23346251005e-06, 1.28056012727e-06, 1.8752308506e-06, 1.33604476105e-06, 2.70384020951e-06, 4.46814556199e-06, 1.08947222088e-06, 2.91167026489e-07, 6.56235158658e-07, 8.59070155457e-07, 6.74362254927e-08, 1.57001545631e-06, 1.78805339601e-06, 1.20666598491e-07, 6.03079408634e-09]
    },
    "erbbands": {
        "dmean": [0.402793675661, 1.74054288864, 3.30603957176, 3.65726304054, 3.4101858139, 4.29227399826, 5.36966371536, 4.84685850143, 7.95417737961, 6.97573947906, 6.54508447647, 8.83315563202, 6.63271141052, 5.17877912521, 7.27158021927, 7.15547895432, 9.09739398956, 11.3802871704, 12.1888475418, 10.0782365799, 10.3184242249, 11.851808548, 12.9195585251, 7.94865274429, 8.54190444946, 5.17481279373, 5.23692560196, 5.56625556946, 5.57660102844, 3.10034489632, 2.15627264977, 2.99700474739, 2.68920779228, 2.31996011734, 0.971085309982, 0.372158408165, 0.116615593433, 0.0181668139994, 0.00163285899907, 6.73406393616e-05],
        "dmean2": [0.538813710213, 2.77130889893, 5.71911668777, 6.981133461, 6.42460107803, 7.66096878052, 8.75243282318, 8.26319694519, 13.5680065155, 10.8181123734, 9.85598278046, 13.3447561264, 9.95829391479, 8.20661830902, 10.8337364197, 10.9318933487, 13.800658226, 17.84075737, 18.603761673, 15.3009176254, 15.2046403885, 17.1024074554, 18.409702301, 11.8802890778, 12.7374563217, 7.85219621658, 7.66083621979, 8.02363109589, 8.36656856537, 4.61230039597, 3.36149334908, 4.26603984833, 3.68931007385, 3.16931676865, 1.35776591301, 0.518278002739, 0.169168904424, 0.0261365044862, 0.00228846305981, 9.16929493542e-05],
        "dvar": [1.06156218052, 23.8700485229, 138.698257446, 256.327819824, 176.483398438, 171.410263062, 160.456985474, 181.596755981, 446.942657471, 385.430664062, 378.739562988, 491.158416748, 358.986114502, 154.029098511, 911.437988281, 617.506713867, 866.940979004, 1166.73059082, 1179.93115234, 1132.65808105, 1425.7746582, 2031.52709961, 2776.85473633, 847.481750488, 697.974609375, 210.5703125, 323.699737549, 391.080871582, 522.704467773, 114.852828979, 34.2362632751, 195.9402771, 152.850769043, 117.334213257, 16.7405586243, 1.74021327496, 0.127586886287, 0.0037741176784, 5.26040203113e-05, 8.381711325e-08],
        "dvar2": [1.52132296562, 61.9142608643, 398.628265381, 750.936096191, 515.915039062, 496.803894043, 445.391601562, 490.486877441, 1189.27966309, 846.073303223, 698.211914062, 1041.20617676, 772.093200684, 372.263061523, 1678.78808594, 1177.57104492, 1583.26257324, 2690.45849609, 2399.1496582, 2132.9609375, 2674.6796875, 4091.40966797, 5113.86816406, 1585.72106934, 1463.52697754, 460.72354126, 649.128051758, 770.344238281, 1088.00793457, 242.052993774, 80.2051467896, 371.13482666, 251.005569458, 203.610794067, 29.4197444916, 3.02178120613, 0.246677860618, 0.00690156640485, 8.89307193574e-05, 1.48391166022e-07],
        "max": [9.19783115387, 45.1735877991, 100.474342346, 134.715591431, 108.612510681, 121.032485962, 105.89906311, 294.602600098, 480.531585693, 831.265625, 743.358215332, 720.308288574, 659.038024902, 392.008087158, 2665.83520508, 969.036376953, 1411.03588867, 1323.28918457, 1974.00305176, 2038.70507812, 1623.86816406, 1788.09765625, 2976.42895508, 1303.3795166, 779.273925781, 406.655944824, 605.233398438, 713.54473877, 881.591918945, 300.442565918, 159.379959106, 598.424377441, 410.690673828, 360.795715332, 148.22857666, 54.3336677551, 16.5770206451, 2.58304095268, 0.510991454124, 0.0282760318369],
        "mean": [0.983953297138, 2.7502450943, 3.23832941055, 2.48585367203, 2.63648557663, 4.21591997147, 7.01609373093, 5.89927101135, 12.0154056549, 12.9044809341, 12.0886297226, 16.1553974152, 12.4795694351, 8.48279666901, 13.8089113235, 12.6968374252, 18.6289043427, 21.2551822662, 28.5459537506, 19.720785141, 20.4457397461, 26.9680404663, 30.7570991516, 16.8754692078, 17.6556930542, 9.78340530396, 10.5334835052, 11.6867265701, 10.8690872192, 5.41012907028, 2.91911935806, 5.18185806274, 4.79290628433, 4.01746749878, 1.50570893288, 0.550568699837, 0.149035602808, 0.0240409206599, 0.00244789686985, 0.000136681643198],
        "median": [0.0183053091168, 0.154369488358, 0.251550316811, 0.454440295696, 0.412612140179, 0.933262646198, 2.02702021599, 1.967004776, 3.70833587646, 3.95804452896, 1.81313717365, 2.47529506683, 1.85863995552, 1.09089016914, 1.85409927368, 1.89173018932, 2.85477972031, 3.76631832123, 5.59251689911, 3.60347175598, 2.68129944801, 1.81518232822, 1.87305641174, 2.18697357178, 2.58765912056, 1.72810089588, 1.49462389946, 1.56637406349, 1.4069904089, 0.861334323883, 0.541423082352, 0.57745039463, 0.369252026081, 0.230301111937, 0.0886372029781, 0.0356299430132, 0.00740948878229, 0.00119527149945, 0.00011483617709, 3.80844503525e-05],
        "min": [1.68892115825e-22, 2.67525719736e-21, 6.75091461201e-21, 2.61969957921e-20, 4.08898221187e-20, 2.45180905672e-20, 8.82586591699e-20, 1.05282785809e-19, 2.1369863451e-19, 4.9125000299e-19, 7.80206266337e-19, 7.37688045478e-19, 7.62034297351e-19, 9.49114479469e-19, 2.28307205059e-18, 2.91182361472e-18, 4.98816296431e-18, 4.14860648902e-18, 4.31386228616e-18, 6.71532518231e-18, 8.03511335633e-18, 7.55441719568e-18, 9.50405625687e-18, 1.078116522e-17, 1.60157337083e-17, 1.02766313685e-17, 1.13823518174e-17, 1.48770600381e-17, 1.32656857351e-17, 1.12521089212e-17, 1.43000850172e-17, 1.76675439084e-17, 1.09048237585e-17, 9.48676900925e-18, 7.12192746677e-18, 5.79023409578e-18, 3.37263910973e-18, 1.04036284079e-18, 2.80172251477e-19, 3.43090348903e-20],
        "var": [3.91501617432, 28.0141944885, 85.8158493042, 136.714065552, 96.4095840454, 111.3125, 159.191986084, 196.598327637, 932.944763184, 1050.78588867, 1398.9074707, 1465.62902832, 1054.80456543, 375.54675293, 4267.91064453, 1740.69140625, 4232.63964844, 2777.56958008, 8684.58007812, 3492.76733398, 4460.46533203, 10527.9736328, 14832.9052734, 2618.20629883, 2578.27246094, 584.218505859, 931.628601074, 1231.62683105, 1266.59057617, 267.489593506, 60.0843391418, 543.658691406, 482.691314697, 358.589447021, 46.79322052, 4.96963214874, 0.301317095757, 0.00970214698464, 0.00019984683604, 4.19027003318e-07]
    },
    "gfcc": {
        "mean": [-68.2214279175, 64.8380126953, -108.944168091, 28.6815052032, -53.2157936096, 11.3890275955, -37.9899215698, 8.18201065063, -15.67628479, 12.0437755585, -9.29034042358, -1.49102973938, -7.57896757126],
        "cov": [[20476.1582031, -1157.99291992, 338.39642334, 872.890991211, -911.424682617, 902.273010254, -148.193283081, 700.78314209, -560.823547363, -109.680084229, -478.200714111, 249.454956055, -255.200119019], [-1157.99291992, 3618.64672852, 498.185577393, 68.1926879883, 719.115600586, -95.2338485718, 363.822998047, -147.795578003, 360.428192139, -175.91897583, 279.472259521, -198.898132324, 234.811218262], [338.39642334, 498.185577393, 2267.90380859, 970.715393066, 717.271240234, 754.778991699, 523.442504883, 300.570800781, 285.87197876, 119.667076111, 95.4715423584, 89.1585388184, 133.762893677], [872.890991211, 68.1926879883, 970.715393066, 1108.24645996, 599.554931641, 525.015319824, 330.886688232, 296.637695312, 248.242797852, 118.845474243, 59.001789093, 82.511505127, 95.6228027344], [-911.424682617, 719.115600586, 717.271240234, 599.554931641, 1170.17565918, 502.551727295, 395.956481934, 160.80519104, 410.65423584, 165.507766724, 137.833633423, 10.6737127304, 146.627166748], [902.273010254, -95.2338485718, 754.778991699, 525.015319824, 502.551727295, 842.077392578, 437.090667725, 263.08013916, 178.860366821, 135.89781189, 13.1780776978, 66.8550186157, 68.4183807373], [-148.193283081, 363.822998047, 523.442504883, 330.886688232, 395.956481934, 437.090667725, 610.01171875, 257.205108643, 188.48085022, 47.0170593262, 100.516456604, 35.0402336121, 103.868400574], [700.78314209, -147.795578003, 300.570800781, 296.637695312, 160.80519104, 263.08013916, 257.205108643, 351.185974121, 126.791404724, 43.8581733704, 28.8440055847, 86.5074996948, 49.1329994202], [-560.823547363, 360.428192139, 285.87197876, 248.242797852, 410.65423584, 178.860366821, 188.48085022, 126.791404724, 338.791656494, 114.227973938, 99.7066421509, 17.1635246277, 112.756217957], [-109.680084229, -175.91897583, 119.667076111, 118.845474243, 165.507766724, 135.89781189, 47.0170593262, 43.8581733704, 114.227973938, 239.285903931, 108.337471008, 41.9836044312, 27.2547492981], [-478.200714111, 279.472259521, 95.4715423584, 59.001789093, 137.833633423, 13.1780776978, 100.516456604, 28.8440055847, 99.7066421509, 108.337471008, 227.089385986, 43.3984794617, 48.2959938049], [249.454956055, -198.898132324, 89.1585388184, 82.511505127, 10.6737127304, 66.8550186157, 35.0402336121, 86.5074996948, 17.1635246277, 41.9836044312, 43.3984794617, 138.359695435, 26.3477973938], [-255.200119019, 234.811218262, 133.762893677, 95.6228027344, 146.627166748, 68.4183807373, 103.868400574, 49.1329994202, 112.756217957, 27.2547492981, 48.2959938049, 26.3477973938, 153.422607422]],
        "icov": [[7.73468127591e-05, -6.71642701491e-05, 3.22868327203e-05, -8.62789675011e-05, 0.00010608296725, -0.00015173551219, 0.000137168142828, -0.000220679241465, 0.000166743833688, -9.71586196101e-05, 0.000141489203088, -8.5127147031e-05, 6.59585057292e-05], [-6.71642701491e-05, 0.000673693662975, -0.000152799126226, 0.000171956009581, -0.000349175126757, 0.00029558094684, -0.000320800405461, 0.000583742861636, -0.000549069372937, 0.00112826237455, -0.00103875808418, 0.000832154997624, -0.000497429689858], [3.22868327203e-05, -0.000152799126226, 0.000857687089592, -0.00056888157269, 6.77948191878e-05, -0.000464958604425, -8.27614712762e-05, 2.63441361312e-05, 0.000102010206319, -5.8754991187e-05, 9.39856909099e-05, -0.000299649022054, 4.183222336e-05], [-8.62789675011e-05, 0.000171956009581, -0.00056888157269, 0.00206297310069, -0.000696750124916, -9.70494875219e-05, 0.00016716925893, -0.00064858578844, -0.000258768443018, 0.00019520893693, -0.000207973251236, 7.6210089901e-05, -0.000184901728062], [0.00010608296725, -0.000349175126757, 6.77948191878e-05, -0.000696750124916, 0.00234038475901, -0.000869508949108, -9.74096474238e-05, 0.000375718605937, -0.00145847199019, -0.00051423732657, 0.000276122824289, -9.40834070207e-05, 0.000275147496723], [-0.00015173551219, 0.00029558094684, -0.000464958604425, -9.70494875219e-05, -0.000869508949108, 0.0034741491545, -0.00189017027151, 0.000118977717648, 0.000173295353306, -0.00119271606673, 0.00121071271133, -0.000194715932594, 2.11944861803e-05], [0.000137168142828, -0.000320800405461, -8.27614712762e-05, 0.00016716925893, -9.74096474238e-05, -0.00189017027151, 0.00443961378187, -0.0025365811307, 0.000438063114416, 0.000882967317011, -0.00142329663504, 0.000895515084267, -0.00075475894846], [-0.000220679241465, 0.000583742861636, 2.63441361312e-05, -0.00064858578844, 0.000375718605937, 0.000118977717648, -0.0025365811307, 0.00697313807905, -0.00261577311903, 0.00117087480612, -6.80097582517e-05, -0.00226711831056, 0.000318001199048], [0.000166743833688, -0.000549069372937, 0.000102010206319, -0.000258768443018, -0.00145847199019, 0.000173295353306, 0.000438063114416, -0.00261577311903, 0.00797690451145, -0.00271523604169, 0.000247653777478, 0.000793608254753, -0.00254668132402], [-9.71586196101e-05, 0.00112826237455, -5.8754991187e-05, 0.00019520893693, -0.00051423732657, -0.00119271606673, 0.000882967317011, 0.00117087480612, -0.00271523604169, 0.00899743381888, -0.00497485464439, 0.000553572375793, -4.00842181989e-05], [0.000141489203088, -0.00103875808418, 9.39856909099e-05, -0.000207973251236, 0.000276122824289, 0.00121071271133, -0.00142329663504, -6.80097582517e-05, 0.000247653777478, -0.00497485464439, 0.00921330880374, -0.0033824488055, 0.000436756614363], [-8.5127147031e-05, 0.000832154997624, -0.000299649022054, 7.6210089901e-05, -9.40834070207e-05, -0.000194715932594, 0.000895515084267, -0.00226711831056, 0.000793608254753, 0.000553572375793, -0.0033824488055, 0.0112797301263, -0.00245887110941], [6.59585057292e-05, -0.000497429689858, 4.183222336e-05, -0.000184901728062, 0.000275147496723, 2.11944861803e-05, -0.00075475894846, 0.000318001199048, -0.00254668132402, -4.00842181989e-05, 0.000436756614363, -0.00245887110941, 0.00976802501827]]
    },
    "melbands": {
        "dmean": [0.00282030832022, 0.00187539099716, 0.000635484000668, 0.000261316250544, 0.000196709821466, 0.000109435495688, 0.000122985511553, 7.42290794733e-05, 5.35331928404e-05, 5.97270664002e-05, 3.36806406267e-05, 2.10885027627e-05, 2.10866091948e-05, 2.84531543002e-05, 1.76808043761e-05, 2.49449876719e-05, 2.09614445339e-05, 2.14392548514e-05, 1.53763558046e-05, 1.36541684697e-05, 1.22820056276e-05, 1.26305130834e-05, 1.57353188115e-05, 1.01551358966e-05, 6.71732959745e-06, 7.10563972461e-06, 5.55129190616e-06, 3.20137132803e-06, 3.30577404384e-06, 3.68199061995e-06, 3.52272513737e-06, 3.43351803167e-06, 2.87848388325e-06, 1.40601025578e-06, 1.24945120206e-06, 1.45883188907e-06, 2.09823792829e-06, 1.8091138827e-06, 2.26740235121e-06, 1.97970348381e-06],
        "dmean2": [0.00390404206701, 0.00310019729659, 0.00120865437202, 0.000482831674162, 0.000323704560287, 0.000187880068552, 0.000207164179301, 0.000113740643428, 8.11841528048e-05, 9.00285158423e-05, 5.06614742335e-05, 3.35422992066e-05, 3.16591285809e-05, 4.26501464972e-05, 2.76942064374e-05, 3.85397579521e-05, 3.30855073116e-05, 3.30612856487e-05, 2.35849656747e-05, 2.05811174965e-05, 1.84088621609e-05, 1.87378936971e-05, 2.24573686864e-05, 1.49301604324e-05, 1.02357698779e-05, 1.06889301605e-05, 8.4460934886e-06, 4.94677169627e-06, 4.97908604302e-06, 5.31335990672e-06, 5.23302014699e-06, 5.21143647347e-06, 4.32981732956e-06, 2.15951808968e-06, 2.04817297345e-06, 2.11776114156e-06, 3.0611524835e-06, 2.56238740803e-06, 3.25328232975e-06, 2.73468026535e-06],
        "dvar": [5.09132369189e-05, 3.45364423993e-05, 7.44105500416e-06, 8.31561578707e-07, 2.26983914331e-07, 9.25856724621e-08, 1.01577164457e-07, 3.82132725463e-08, 2.23008242983e-08, 2.25317720037e-08, 9.24772169952e-09, 2.61433252824e-09, 7.49117656795e-09, 1.29342110355e-08, 3.91567001046e-09, 6.25154461531e-09, 3.97283406173e-09, 4.1577159493e-09, 2.53980614318e-09, 2.34274732946e-09, 2.13656292658e-09, 3.0216660285e-09, 4.61401272744e-09, 1.37532985001e-09, 7.38168748349e-10, 5.61003965505e-10, 3.21042165075e-10, 8.59614116e-11, 1.36763197989e-10, 1.52700019296e-10, 1.82061560272e-10, 2.10892692198e-10, 1.26285246149e-10, 2.06089000032e-11, 1.24573780111e-11, 3.38162345348e-11, 1.0606557993e-10, 6.71010122466e-11, 1.25505397741e-10, 8.77172293134e-11],
        "dvar2": [8.36514445837e-05, 9.54702700255e-05, 2.17859578697e-05, 2.42656096816e-06, 6.33933439076e-07, 2.51981106203e-07, 2.68551588078e-07, 8.16982606011e-08, 4.16776764212e-08, 4.8156874044e-08, 1.99438616733e-08, 6.36319619218e-09, 1.39154670009e-08, 2.18334719193e-08, 8.32423552311e-09, 1.29993251718e-08, 9.0251583984e-09, 8.44755376761e-09, 5.01326358204e-09, 4.5571355578e-09, 4.15512557694e-09, 6.47362830009e-09, 8.6423828094e-09, 2.77581402308e-09, 1.42954348359e-09, 1.18096032953e-09, 6.83871181906e-10, 1.9018006614e-10, 2.89792412289e-10, 2.96220797891e-10, 4.03480499012e-10, 4.64114913168e-10, 2.67722510827e-10, 4.73637760956e-11, 3.32085470234e-11, 6.80572750933e-11, 2.07664607732e-10, 1.15957736468e-10, 2.37795699798e-10, 1.58385388138e-10],
        "max": [0.0612499974668, 0.0517493076622, 0.0223478078842, 0.00751516968012, 0.0044262050651, 0.00571010541171, 0.00735095562413, 0.00868894252926, 0.00521332677454, 0.00486021954566, 0.00327950879, 0.00144628749695, 0.00794731732458, 0.00534716434777, 0.00273165316321, 0.002833168488, 0.00223795557395, 0.00386220938526, 0.00288218120113, 0.00177763833199, 0.00180853076745, 0.00252002291381, 0.00315635907464, 0.00145971181337, 0.00119543855544, 0.000789153622463, 0.000836626102682, 0.000269069889328, 0.000406101637054, 0.000415731570683, 0.00049697473878, 0.000519470951986, 0.000317878264468, 0.000143695564475, 7.84128060332e-05, 0.000232048507314, 0.000477169960504, 0.000280479056528, 0.00037071184488, 0.000338200246915],
        "mean": [0.00675055198371, 0.00229965732433, 0.000446132326033, 0.000224986855756, 0.000250396842603, 0.0001303209865, 0.000193602609215, 0.000140462128911, 9.85149090411e-05, 0.000108021486085, 6.14588716417e-05, 3.27808265865e-05, 3.87343716284e-05, 4.81399620185e-05, 3.03512024402e-05, 4.73115724162e-05, 3.63137842214e-05, 4.90877173434e-05, 2.81288102997e-05, 2.42963651544e-05, 2.22870730795e-05, 2.53879788943e-05, 3.42713174177e-05, 2.13509720197e-05, 1.24280204545e-05, 1.37047354656e-05, 9.99696931103e-06, 5.63326966585e-06, 6.10322695138e-06, 7.11047596269e-06, 6.75805722494e-06, 6.39897371002e-06, 4.99315046909e-06, 2.1655062028e-06, 1.41721307045e-06, 2.25160988521e-06, 3.52253800884e-06, 3.11611506731e-06, 3.75173431166e-06, 3.31446562996e-06],
        "median": [0.000194114880287, 0.000187707017176, 8.70366493473e-05, 4.51553423773e-05, 7.19965610188e-05, 4.25678081228e-05, 5.80070336582e-05, 3.90927089029e-05, 1.10800137918e-05, 1.51086114784e-05, 8.08805816632e-06, 3.35569961862e-06, 5.14552812092e-06, 6.05067634751e-06, 4.17261389885e-06, 6.27320969215e-06, 5.99678696744e-06, 8.25363440526e-06, 5.74417663302e-06, 3.35684057973e-06, 2.33929222304e-06, 1.50460095938e-06, 1.6181427327e-06, 1.53896689881e-06, 1.55350346631e-06, 1.82922201475e-06, 1.44457862916e-06, 8.28527959129e-07, 7.84850044511e-07, 8.28420979815e-07, 8.37097104522e-07, 7.84914732321e-07, 5.69832650399e-07, 3.66918186501e-07, 2.50954258263e-07, 3.05202149775e-07, 3.33903471983e-07, 2.39252756273e-07, 2.16072280068e-07, 1.73688647465e-07],
        "min": [3.8060700631e-24, 3.73070505323e-24, 8.02404700331e-24, 1.99390668024e-24, 2.88373251221e-24, 2.23127453219e-24, 3.70441902458e-24, 5.25059980944e-24, 6.49323914533e-24, 3.80216244061e-24, 3.32615667065e-24, 3.32538910899e-24, 5.48943573154e-24, 6.75105663852e-24, 8.22727019427e-24, 1.1297263613e-23, 7.53759119294e-24, 6.70219853836e-24, 6.6561006625e-24, 5.93131892861e-24, 1.03009922432e-23, 6.65399361502e-24, 8.59452991072e-24, 7.34722722359e-24, 8.25822351846e-24, 7.13790613784e-24, 7.68951002606e-24, 6.29602589117e-24, 6.30309645147e-24, 6.51436207936e-24, 7.9586677892e-24, 7.18035000998e-24, 6.69352264612e-24, 6.16701242329e-24, 8.74603853617e-24, 7.95630515079e-24, 1.02853751638e-23, 7.10163036911e-24, 7.04049207123e-24, 7.73765184053e-24],
        "var": [0.000168300728546, 2.62139874394e-05, 3.96924724555e-06, 4.78129436488e-07, 2.15679975213e-07, 9.57106820465e-08, 2.24872479748e-07, 1.23427369658e-07, 8.69039169515e-08, 6.43716546733e-08, 2.72078075625e-08, 6.20108142613e-09, 3.50116451386e-08, 4.34957243556e-08, 1.03895461123e-08, 2.51515395178e-08, 8.7675244842e-09, 3.14999226703e-08, 6.91406176756e-09, 6.13732709098e-09, 6.05760464012e-09, 1.1470175032e-08, 2.30536709722e-08, 6.04115113489e-09, 1.81102866037e-09, 1.75411163372e-09, 8.91452689444e-10, 2.34301494872e-10, 3.49388934451e-10, 4.61346155722e-10, 4.83070417001e-10, 4.75072592376e-10, 2.76894535078e-10, 3.97241961547e-11, 1.25624493447e-11, 8.09941558266e-11, 2.80703238431e-10, 1.9645156335e-10, 3.47027240277e-10, 2.52726201078e-10]
    },
    "mfcc": {
        "mean": [-711.063415527, 99.4821777344, 4.38288402557, 18.0218849182, 7.17676687241, 4.8622136116, -2.36226820946, -5.5422205925, -0.0888785794377, 5.91598701477, 5.8769826889, 1.67305672169, 0.580637037754],
        "cov": [[14453.2490234, -1265.58764648, -178.706283569, 137.89855957, -237.03578186, -55.0345802307, 278.808532715, 354.440490723, 264.59463501, -514.249328613, 215.737991333, 73.3144454956, -391.728820801], [-1265.58764648, 2910.1159668, 183.833526611, 232.162597656, 324.512207031, 194.078491211, 98.4235534668, 92.587677002, 19.9438152313, 191.795516968, -39.4666557312, -34.4987068176, 109.758956909], [-178.706283569, 183.833526611, 1512.07397461, 532.437194824, 383.120422363, 452.459350586, 410.380279541, 342.203918457, 334.182983398, 137.114440918, 100.78515625, 143.677719116, 103.805557251], [137.89855957, 232.162597656, 532.437194824, 806.341796875, 498.751953125, 315.505310059, 236.696456909, 247.088928223, 249.48223877, 132.705123901, 125.858299255, 142.138870239, 89.9247817993], [-237.03578186, 324.512207031, 383.120422363, 498.751953125, 809.416992188, 494.19442749, 215.5234375, 205.04385376, 274.59185791, 243.873413086, 142.762832642, 108.464500427, 126.541534424], [-55.0345802307, 194.078491211, 452.459350586, 315.505310059, 494.19442749, 681.640930176, 369.606262207, 246.766799927, 310.000793457, 251.161712646, 152.592880249, 111.633018494, 75.7469100952], [278.808532715, 98.4235534668, 410.380279541, 236.696456909, 215.5234375, 369.606262207, 493.534088135, 316.744171143, 270.601898193, 148.253250122, 158.422866821, 116.475204468, 62.9832801819], [354.440490723, 92.587677002, 342.203918457, 247.088928223, 205.04385376, 246.766799927, 316.744171143, 445.954193115, 306.907043457, 91.333480835, 127.595420837, 119.587753296, 39.9752120972], [264.59463501, 19.9438152313, 334.182983398, 249.48223877, 274.59185791, 310.000793457, 270.601898193, 306.907043457, 443.315979004, 147.754837036, 110.608085632, 122.363861084, 55.0722732544], [-514.249328613, 191.795516968, 137.114440918, 132.705123901, 243.873413086, 251.161712646, 148.253250122, 91.333480835, 147.754837036, 285.198272705, 92.3573608398, 42.3950958252, 95.2780227661], [215.737991333, -39.4666557312, 100.78515625, 125.858299255, 142.762832642, 152.592880249, 158.422866821, 127.595420837, 110.608085632, 92.3573608398, 219.902160645, 109.035720825, 52.2552757263], [73.3144454956, -34.4987068176, 143.677719116, 142.138870239, 108.464500427, 111.633018494, 116.475204468, 119.587753296, 122.363861084, 42.3950958252, 109.035720825, 175.002700806, 64.522026062], [-391.728820801, 109.758956909, 103.805557251, 89.9247817993, 126.541534424, 75.7469100952, 62.9832801819, 39.9752120972, 55.0722732544, 95.2780227661, 52.2552757263, 64.522026062, 198.576980591]],
