{
"lowlevel": {
    "average_loudness": 0.685788094997,
    "barkbands_crest": {
        "dmean": 2.42792344093,
        "dmean2": 3.89865684509,
        "dvar": 6.1184592247,
        "dvar2": 14.8372678757,
        "max": 26.0781936646,
        "mean": 11.1122026443,
        "median": 10.1526203156,
        "min": 3.12695479393,
        "var": 17.705160141
    },
    "barkbands_flatness_db": {
        "dmean": 0.0246683657169,
        "dmean2": 0.0372528322041,
        "dvar": 0.000556436483748,
        "dvar2": 0.00128142244648,
        "max": 0.401711642742,
        "mean": 0.180609896779,
        "median": 0.182193368673,
        "min": 0.0384354218841,
        "var": 0.00265759788454
    },
    "barkbands_kurtosis": {
        "dmean": 2.91033196449,
        "dmean2": 4.62653779984,
        "dvar": 48.653968811,
        "dvar2": 123.01675415,
        "max": 283.999450684,
        "mean": 4.7980928421,
        "median": 3.09198498726,
        "min": -1.84832215309,
        "var": 59.0949363708
    },
    "barkbands_skewness": {
        "dmean": 0.483013808727,
        "dmean2": 0.739758968353,
        "dvar": 0.360904812813,
        "dvar2": 0.804891943932,
        "max": 13.2623701096,
        "mean": 1.24017500877,
        "median": 1.21779060364,
        "min": -3.66711354256,
        "var": 1.34090328217
    },
    "barkbands_spread": {
        "dmean": 2.81229257584,
        "dmean2": 4.45321321487,
        "dvar": 11.0158557892,
        "dvar2": 25.5733451843,
        "max": 79.637840271,
        "mean": 12.1533145905,
        "median": 10.3550853729,
        "min": 0.466289639473,
        "var": 54.6959915161
    },
    "dissonance": {
        "dmean": 0.0286142062396,
        "dmean2": 0.0481348335743,
        "dvar": 0.00072710996028,
        "dvar2": 0.0019381478196,
        "max": 0.500000059605,
        "mean": 0.433390945196,
        "median": 0.441522926092,
        "min": 0.162556216121,
        "var": 0.00189994543325
    },
    "dynamic_complexity": 4.22744655609,
    "erbbands_crest": {
        "dmean": 2.46157097816,
        "dmean2": 3.84320950508,
        "dvar": 5.57577180862,
        "dvar2": 12.4410877228,
        "max": 30.9764900208,
        "mean": 12.1091461182,
        "median": 11.0172386169,
        "min": 2.59006977081,
        "var": 31.7433681488
    },
    "erbbands_flatness_db": {
        "dmean": 0.0249084513634,
        "dmean2": 0.035012178123,
        "dvar": 0.000563315232284,
        "dvar2": 0.00106885284185,
        "max": 0.389174669981,
        "mean": 0.19459605217,
        "median": 0.195172518492,
        "min": 0.050836738199,
        "var": 0.00267283595167
    },
    "erbbands_kurtosis": {
        "dmean": 1.61688888073,
        "dmean2": 2.48846340179,
        "dvar": 6.5486664772,
        "dvar2": 13.0972700119,
        "max": 67.2300415039,
        "mean": 2.75769782066,
        "median": 1.27788233757,
        "min": -1.57586610317,
        "var": 22.5930309296
    },
    "erbbands_skewness": {
        "dmean": 0.376154333353,
        "dmean2": 0.576916277409,
        "dvar": 0.135940909386,
        "dvar2": 0.297402650118,
        "max": 6.81700611115,
        "mean": 1.02879202366,
        "median": 0.995954811573,
        "min": -3.21474313736,
        "var": 0.827095150948
    },
    "erbbands_spread": {
        "dmean": 5.10957813263,
        "dmean2": 7.88886499405,
        "dvar": 31.8380756378,
        "dvar2": 70.045539856,
        "max": 128.174087524,
        "mean": 23.3667354584,
        "median": 21.0776443481,
        "min": 1.04601466656,
        "var": 160.156829834
    },
    "hfc": {
        "dmean": 3.56702017784,
        "dmean2": 5.01080417633,
        "dvar": 29.9245071411,
        "dvar2": 56.7774887085,
        "max": 112.226318359,
        "mean": 12.8938741684,
        "median": 9.91442871094,
        "min": 1.12685544299e-16,
        "var": 140.23979187
    },
    "melbands_crest": {
        "dmean": 2.8556933403,
        "dmean2": 4.55160617828,
        "dvar": 7.47284984589,
        "dvar2": 18.0895843506,
        "max": 33.8724212646,
        "mean": 13.9864864349,
        "median": 13.0984859467,
        "min": 1.53799450397,
        "var": 29.4857940674
    },
    "melbands_flatness_db": {
        "dmean": 0.026309043169,
        "dmean2": 0.0400265082717,
        "dvar": 0.000726253085304,
        "dvar2": 0.00166561140213,
        "max": 0.536619603634,
        "mean": 0.260413646698,
        "median": 0.265560805798,
        "min": 0.00267877010629,
        "var": 0.00531937694177
    },
    "melbands_kurtosis": {
        "dmean": 4.45643854141,
        "dmean2": 7.10415506363,
        "dvar": 90.3557510376,
        "dvar2": 217.215270996,
        "max": 197.99621582,
        "mean": 7.79857063293,
        "median": 4.88350772858,
        "min": -1.83501756191,
        "var": 129.909423828
    },
    "melbands_skewness": {
        "dmean": 0.555213034153,
        "dmean2": 0.85507184267,
        "dvar": 0.453763753176,
        "dvar2": 1.00157701969,
        "max": 10.6930522919,
        "mean": 1.65738594532,
        "median": 1.53403115273,
        "min": -3.96011638641,
        "var": 1.59499013424
    },
    "melbands_spread": {
        "dmean": 3.40853834152,
        "dmean2": 5.36689090729,
        "dvar": 20.9242362976,
        "dvar2": 50.9445495605,
        "max": 157.160995483,
        "mean": 16.8528461456,
        "median": 12.1026210785,
        "min": 0.510071456432,
        "var": 446.524871826
    },
    "pitch_salience": {
        "dmean": 0.0625433623791,
        "dmean2": 0.100807882845,
        "dvar": 0.0038267695345,
        "dvar2": 0.00978098250926,
        "max": 0.852042376995,
        "mean": 0.5124822855,
        "median": 0.50996363163,
        "min": 0.0857658535242,
        "var": 0.0139741590247
    },
    "silence_rate_20dB": {
        "dmean": 0,
        "dmean2": 0,
        "dvar": 0,
        "dvar2": 0,
        "max": 1,
        "mean": 1,
        "median": 1,
        "min": 1,
        "var": 0
    },
    "silence_rate_30dB": {
        "dmean": 0.00564280990511,
        "dmean2": 0.011286681518,
        "dvar": 0.00561056891456,
        "dvar2": 0.0143565339968,
        "max": 1,
        "mean": 0.995580196381,
        "median": 1,
        "min": 0,
        "var": 0.00440006516874
    },
    "silence_rate_60dB": {
        "dmean": 0.00959277711809,
        "dmean2": 0.0191873591393,
        "dvar": 0.00950029212981,
        "dvar2": 0.0223914645612,
        "max": 1,
        "mean": 0.099868349731,
        "median": 0,
        "min": 0,
        "var": 0.0898993015289
    },
    "spectral_centroid": {
        "dmean": 118.702140808,
        "dmean2": 185.834686279,
        "dvar": 23555.3652344,
        "dvar2": 48613.6953125,
        "max": 10734.2490234,
        "mean": 865.627868652,
        "median": 693.656005859,
        "min": 192.094406128,
        "var": 395762.3125
    },
    "spectral_complexity": {
        "dmean": 1.88545095921,
        "dmean2": 2.9936041832,
        "dvar": 3.33371353149,
        "dvar2": 7.81265497208,
        "max": 33,
        "mean": 12.1940946579,
        "median": 13,
        "min": 0,
        "var": 28.0146369934
    },
    "spectral_decrease": {
        "dmean": 2.29539565133e-09,
        "dmean2": 3.54459439578e-09,
        "dvar": 1.17396963236e-17,
        "dvar2": 2.83526279643e-17,
        "max": 8.04968383263e-19,
        "mean": -7.0954264686e-09,
        "median": -5.73634029166e-09,
        "min": -4.18008134773e-08,
        "var": 3.56209382754e-17
    },
    "spectral_energy": {
        "dmean": 0.00893051270396,
        "dmean2": 0.0137451058254,
        "dvar": 0.000174112981767,
        "dvar2": 0.000417108094553,
        "max": 0.162261933088,
        "mean": 0.027949206531,
        "median": 0.0226798020303,
        "min": 1.0484675015e-20,
        "var": 0.000546989147551
    },
    "spectral_energyband_high": {
        "dmean": 7.28418381186e-05,
        "dmean2": 0.000109557899123,
        "dvar": 2.84390289096e-08,
        "dvar2": 5.7294414546e-08,
        "max": 0.00653807679191,
        "mean": 0.000145232581417,
        "median": 5.94988159719e-05,
        "min": 7.69982042547e-21,
        "var": 1.06380220188e-07
    },
    "spectral_energyband_low": {
        "dmean": 0.00520455790684,
        "dmean2": 0.00860230438411,
        "dvar": 0.000137706418172,
        "dvar2": 0.000358030461939,
        "max": 0.14217095077,
        "mean": 0.00915711838752,
        "median": 0.0050338441506,
        "min": 1.27124114461e-22,
        "var": 0.000166993879247
    },
    "spectral_energyband_middle_high": {
        "dmean": 0.00116200454067,
        "dmean2": 0.00166491547134,
        "dvar": 8.97137942957e-06,
        "dvar2": 1.83379706868e-05,
        "max": 0.0658805444837,
        "mean": 0.00307467440143,
        "median": 0.00176840112545,
        "min": 1.50692042086e-21,
        "var": 2.41822745011e-05
    },
    "spectral_energyband_middle_low": {
        "dmean": 0.00497314380482,
        "dmean2": 0.00740890437737,
        "dvar": 5.04165327584e-05,
        "dvar2": 0.000102146426798,
        "max": 0.133345767856,
        "mean": 0.0159421283752,
        "median": 0.0109669212252,
        "min": 2.25743087211e-22,
        "var": 0.000260927510681
    },
    "spectral_entropy": {
        "dmean": 0.221841737628,
        "dmean2": 0.32564240694,
        "dvar": 0.0491249933839,
        "dvar2": 0.100240796804,
        "max": 9.80742645264,
        "mean": 6.94017791748,
        "median": 6.88965082169,
        "min": 5.07650327682,
        "var": 0.292670845985
    },
    "spectral_flux": {
        "dmean": 0.0250671897084,
        "dmean2": 0.0403254330158,
        "dvar": 0.0011066555744,
        "dvar2": 0.00262093706988,
        "max": 0.340173304081,
        "mean": 0.0653324201703,
        "median": 0.0557037480175,
        "min": 1.02394703827e-10,
        "var": 0.00208519608714
    },
    "spectral_kurtosis": {
        "dmean": 3.75408744812,
        "dmean2": 6.16814088821,
        "dvar": 21.0122871399,
        "dvar2": 52.5226364136,
        "max": 65.2703552246,
        "mean": 9.61783409119,
        "median": 8.15139770508,
        "min": -1.14126491547,
        "var": 42.8033676147
    },
    "spectral_rms": {
        "dmean": 0.000754957203753,
        "dmean2": 0.00113537081052,
        "dvar": 9.2272546226e-07,
        "dvar2": 2.09090353565e-06,
        "max": 0.0125819044188,
        "mean": 0.00468200957403,
        "median": 0.00470389612019,
        "min": 3.19827324347e-12,
        "var": 5.34628406967e-06
    },
    "spectral_rolloff": {
        "dmean": 152.843887329,
        "dmean2": 260.15435791,
        "dvar": 127140.703125,
        "dvar2": 275228.84375,
        "max": 19078.4179688,
        "mean": 1277.71484375,
        "median": 624.462890625,
        "min": 64.599609375,
        "var": 9717695
    },
    "spectral_skewness": {
        "dmean": 0.347107976675,
        "dmean2": 0.561985373497,
        "dvar": 0.130708053708,
        "dvar2": 0.322231441736,
        "max": 6.47594118118,
        "mean": 2.29797935486,
        "median": 2.23721432686,
        "min": 0.0169202573597,
        "var": 0.463407695293
    },
    "spectral_spread": {
        "dmean": 627019.5,
        "dmean2": 901883,
        "dvar": 517684690944,
        "dvar2": 975514435584,
        "max": 39561580,
        "mean": 3616303.75,
        "median": 3302077.5,
        "min": 1160308.625,
        "var": 2.36242521293e+12
    },
    "spectral_strongpeak": {
        "dmean": 0.519976615906,
        "dmean2": 0.853734612465,
        "dvar": 0.747704923153,
        "dvar2": 1.6899087429,
        "max": 9.24388980865,
        "mean": 1.16648256779,
        "median": 0.501975059509,
        "min": 0,
        "var": 2.04791259766
    },
    "zerocrossingrate": {
        "dmean": 0.0053721498698,
        "dmean2": 0.0068945386447,
        "dvar": 4.79310474475e-05,
        "dvar2": 6.50591318845e-05,
        "max": 0.525390625,
        "mean": 0.0482151806355,
        "median": 0.03076171875,
        "min": 0.00244140625,
        "var": 0.00679510785267
    },
    "barkbands": {
        "dmean": [0.000148790466483, 0.00465183658525, 0.000826744071674, 0.000302186905174, 0.00169181916863, 0.00124959798995, 0.00130438874476, 0.00158265826758, 0.00110376102384, 0.000407345389249, 0.000446840946097, 0.000207073695492, 0.000160026567755, 0.000131533699459, 9.66576481005e-05, 8.36360704852e-05, 6.98839867255e-05, 4.949718641e-05, 3.16629411827e-05, 3.46497290593e-05, 1.52392603923e-05, 1.35445279739e-05, 1.24171492644e-05, 1.4151920368e-05, 9.48041997617e-06, 8.48163563205e-06, 2.09063910006e-06],
        "dmean2": [0.000246075360337, 0.0076895384118, 0.00140080263373, 0.00050320464652, 0.0027622114867, 0.00200160685927, 0.00187035964336, 0.00245957192965, 0.00151158042718, 0.000573612109292, 0.00068009912502, 0.000308469810989, 0.00022745791648, 0.000204954005312, 0.000154630179168, 0.00013754615793, 0.000114528542326, 8.17373220343e-05, 5.23240523762e-05, 5.62796740269e-05, 2.42155529122e-05, 2.16151420318e-05, 1.92675397557e-05, 2.17311662709e-05, 1.51529857249e-05, 1.24792068164e-05, 3.27452607962e-06],
        "dvar": [9.05599364387e-08, 0.000126917540911, 2.66149095296e-06, 4.86501335217e-07, 6.45625550533e-06, 5.49428705199e-06, 9.89374348137e-06, 1.20269451145e-05, 1.98758134502e-05, 2.67846894531e-06, 3.80780761589e-06, 8.37559525735e-07, 4.95766300901e-07, 7.17753181334e-08, 6.74081306329e-08, 2.5987361596e-08, 4.54411619444e-08, 1.225355728e-08, 5.08600717097e-09, 6.1815743635e-09, 9.03481234271e-10, 8.38204172737e-10, 2.45416797995e-09, 4.5449861652e-09, 5.21337506498e-09, 5.63714719348e-09, 5.22432826167e-11],
        "dvar2": [2.55727599097e-07, 0.000333796342602, 7.29666726329e-06, 1.19870696835e-06, 1.64851462614e-05, 1.32304985527e-05, 1.50593796207e-05, 2.86550839519e-05, 3.73749389837e-05, 4.29488909504e-06, 9.26508255361e-06, 1.26124211874e-06, 9.38255993788e-07, 1.54369189431e-07, 1.45367991422e-07, 6.57320882169e-08, 1.18613165512e-07, 3.31058487291e-08, 1.18794050152e-08, 1.59793884791e-08, 2.2357049545e-09, 2.00353422741e-09, 5.39633404628e-09, 8.9313001439e-09, 9.06706709713e-09, 9.98932669916e-09, 1.13424158954e-10],
        "max": [0.00336884637363, 0.133885383606, 0.0269855521619, 0.0173308644444, 0.0514515042305, 0.0543953515589, 0.0928820744157, 0.0918427631259, 0.119741022587, 0.0562476553023, 0.0518499948084, 0.0414767488837, 0.0248409546912, 0.0113586336374, 0.0153426676989, 0.0056067709811, 0.00736586563289, 0.00348666659556, 0.00261974241585, 0.00258746417239, 0.000857079576235, 0.000913784198929, 0.00269536813721, 0.0039519299753, 0.00648474274203, 0.00469743600115, 0.000294028111966],
        "mean": [0.000227521028137, 0.00694179534912, 0.00173502939288, 0.000497958622873, 0.00320357549936, 0.00260828132741, 0.00246837805025, 0.00409012148157, 0.00283358315937, 0.000771772814915, 0.000892118376214, 0.00038362617488, 0.000332868978148, 0.000222365764785, 0.000166794459801, 0.000129477819428, 0.000117657553346, 8.15950188553e-05, 5.94690900471e-05, 6.66818450554e-05, 2.76536848105e-05, 2.45117607847e-05, 2.18660206883e-05, 1.99422938749e-05, 1.2080934539e-05, 1.03645352283e-05, 2.20486799662e-06],
        "median": [9.32171897148e-05, 0.00270126247779, 0.000687854015268, 0.000155599918799, 0.00182655407116, 0.0012551714899, 0.000786866061389, 0.000892009818926, 0.000339842983522, 0.000166756712133, 0.000176288129296, 0.000126959523186, 6.97270734236e-05, 0.000102739380964, 5.90852941968e-05, 6.21129292995e-05, 5.36873667443e-05, 3.94968301407e-05, 3.24034699588e-05, 2.7291567676e-05, 1.21065713756e-05, 8.98920006875e-06, 6.26060955256e-06, 4.53315442428e-06, 1.98559541786e-06, 8.11189522665e-07, 1.87578677924e-07],
        "min": [1.5221673856e-23, 4.07235621477e-23, 4.51712419729e-23, 4.23392471004e-23, 5.01685811442e-23, 7.78169000056e-24, 4.61605208797e-23, 9.41212744099e-24, 5.51544912986e-23, 1.15477977902e-22, 3.93954643267e-23, 9.89260163466e-23, 1.90807189265e-22, 7.06298470445e-23, 1.61131693515e-22, 1.24933088007e-22, 1.92100100735e-22, 2.64622444023e-22, 1.83669840852e-22, 1.9898545542e-22, 5.87446263084e-22, 5.36896258226e-22, 7.39115412268e-22, 9.97737540433e-22, 1.24337261996e-21, 1.5429563948e-21, 2.08968784263e-21],
        "var": [1.26582563098e-07, 0.000138496936415, 5.73743318455e-06, 1.16800072192e-06, 1.45414887811e-05, 1.48046174218e-05, 2.70046093647e-05, 7.2074617492e-05, 6.15905519226e-05, 6.44998954158e-06, 9.37501317821e-06, 2.2857627755e-06, 1.51380629632e-06, 1.36790831107e-07, 1.43813281284e-07, 4.59070257364e-08, 6.27914005236e-08, 2.09229202852e-08, 1.08375610708e-08, 2.13291730944e-08, 3.10468473153e-09, 3.4573963692e-09, 6.37763664102e-09, 9.18366804825e-09, 9.95721194386e-09, 9.88223902709e-09, 6.89208204396e-11]
    },
    "erbbands": {
        "dmean": [0.142826393247, 1.03351712227, 1.16225671768, 0.837287604809, 2.26675486565, 6.73750114441, 10.9994411469, 10.6536741257, 16.4255008698, 29.3120002747, 24.6694755554, 25.240152359, 14.4144868851, 14.7611885071, 13.452706337, 6.42153024673, 7.10628414154, 5.36933231354, 5.52416610718, 4.85016727448, 3.87461566925, 4.4318022728, 2.81106543541, 2.24528026581, 1.3713876009, 1.33272850513, 0.767696201801, 0.567854762077, 0.515756607056, 0.444442152977, 0.309074699879, 0.317212402821, 0.215101972222, 0.114079900086, 0.0613072216511, 0.0512172430754, 0.0126200858504, 0.00199929624796, 0.000346142915078, 2.99843122775e-05],
        "dmean2": [0.224839091301, 1.75384581089, 1.96776998043, 1.39628124237, 3.76253652573, 11.0872135162, 17.8128166199, 17.1269168854, 24.1626434326, 43.4794273376, 38.073348999, 34.7538604736, 19.7247505188, 22.5021762848, 19.5035552979, 9.59865665436, 10.1768894196, 8.07347488403, 8.55005645752, 7.78390169144, 6.29048347473, 7.2674779892, 4.58775281906, 3.68065524101, 2.24970316887, 2.17689609528, 1.20889878273, 0.909488022327, 0.827497184277, 0.708574235439, 0.484264880419, 0.49038207531, 0.328804939985, 0.179305881262, 0.0998253300786, 0.0733684003353, 0.0196622554213, 0.00310747884214, 0.000541218265425, 4.52681451861e-05],
        "dvar": [0.105295531452, 6.64317846298, 5.56059598923, 3.29992198944, 18.1939945221, 109.883277893, 382.077056885, 455.54095459, 1169.56469727, 4133.67822266, 2841.11547852, 12615.1445312, 2235.5703125, 5452.41210938, 2080.08081055, 494.295501709, 798.66784668, 169.583892822, 122.733757019, 115.145973206, 66.6856460571, 187.4271698, 49.6253509521, 21.537519455, 7.23763275146, 9.90256118774, 2.51541876793, 1.38657712936, 1.34001803398, 1.57136893272, 1.41103482246, 1.66557097435, 1.00161254406, 1.49771428108, 0.0485719926655, 0.306375533342, 0.004793362692, 5.62005698157e-05, 1.70527937371e-06, 5.70579317127e-09],
        "dvar2": [0.267005622387, 17.6470108032, 15.2153539658, 8.41758823395, 45.4283638, 287.096496582, 947.742553711, 1098.4831543, 2267.08886719, 8674.97851562, 5902.09228516, 23528.96875, 3804.73071289, 13567.1855469, 3598.54516602, 788.513183594, 1512.34619141, 312.795196533, 281.610809326, 262.839233398, 170.772460938, 492.559967041, 132.800018311, 52.8391838074, 17.9870643616, 26.6612796783, 5.92343568802, 3.61667251587, 3.39695358276, 4.10151147842, 3.19780230522, 3.449239254, 1.98049890995, 2.57476758957, 0.121097162366, 0.531942486763, 0.00941015593708, 0.000130202126456, 3.55479028258e-06, 1.13220366416e-08],
        "max": [3.11830735207, 32.1195259094, 28.0357837677, 38.4458999634, 139.835250854, 190.406829834, 493.91708374, 671.355895996, 725.544006348, 1865.72241211, 1189.18640137, 3421.66552734, 1732.07543945, 2051.81103516, 1336.42919922, 975.447692871, 997.542602539, 690.698730469, 341.004486084, 507.050079346, 383.57019043, 446.785461426, 248.010162354, 133.523910522, 95.1390991211, 138.791000366, 37.954826355, 46.4537162781, 30.8517150879, 70.571472168, 64.274772644, 61.9381866455, 52.7449417114, 112.531471252, 6.81791830063, 34.520362854, 3.94442939758, 0.373142927885, 0.0737981125712, 0.00390453636646],
        "mean": [0.218268126249, 1.45081853867, 2.3571999073, 1.7726817131, 3.96165156364, 12.4212722778, 19.3801021576, 23.4591693878, 31.1964950562, 77.2367248535, 62.6009788513, 65.621711731, 33.6359214783, 29.3566570282, 27.5112514496, 13.1526107788, 15.5381441116, 10.9033174515, 10.1427469254, 8.52762317657, 6.84501934052, 7.6270108223, 4.98152685165, 4.28507614136, 2.73610401154, 2.67607951164, 1.42839384079, 1.03504955769, 0.903559088707, 0.80686211586, 0.540645003319, 0.456733942032, 0.298345834017, 0.163378491998, 0.0689789876342, 0.0648232251406, 0.0141675649211, 0.00224947882816, 0.000374682305846, 5.47616873519e-05],
        "median": [0.0879979133606, 0.45745664835, 1.05867803097, 0.78749859333, 2.14482593536, 6.68872261047, 9.87019729614, 10.2394695282, 11.8574380875, 16.2635993958, 19.5384941101, 9.9219121933, 9.03483963013, 7.05772733688, 6.85058355331, 5.46790409088, 4.3203830719, 5.08129310608, 5.4471950531, 4.40469169617, 3.82177758217, 3.56135511398, 2.64052963257, 2.21413183212, 1.50454092026, 1.11551570892, 0.649681925774, 0.425615549088, 0.335644185543, 0.253183484077, 0.169357329607, 0.108230158687, 0.0659859925508, 0.0278691444546, 0.0127181876451, 0.00479974783957, 0.00130013446324, 0.000246889714617, 5.00624228152e-05, 3.38205682056e-05],
        "min": [1.48248587715e-21, 8.36024094186e-21, 4.32359842169e-20, 1.28398399725e-19, 1.64090118708e-19, 1.40036145935e-19, 8.28917691839e-20, 5.81897391748e-20, 4.99249304802e-19, 6.51783529407e-19, 1.88583854299e-19, 1.28030560262e-18, 2.75735156443e-18, 2.89039260582e-18, 2.22981464724e-18, 4.23230889521e-18, 9.52101511379e-18, 3.59989250737e-18, 6.75674790584e-18, 8.01844483981e-18, 6.12643586549e-18, 1.1214095009e-17, 1.63452758469e-17, 9.17315340617e-18, 9.35238193821e-18, 9.77960169944e-18, 1.51117642651e-17, 2.61295651788e-17, 2.35199790911e-17, 2.10173309129e-17, 1.91962630159e-17, 2.0393512654e-17, 1.61348841124e-17, 1.20488269534e-17, 9.73263024836e-18, 6.23988658163e-18, 2.66541767718e-18, 1.12798205057e-18, 2.79073574678e-19, 3.32130787399e-20],
        "var": [0.140650048852, 6.66684389114, 9.59743785858, 7.99739170074, 36.5168228149, 243.009567261, 769.691772461, 1468.49633789, 2724.99389648, 26525.7285156, 11740.6005859, 37594.8945312, 7058.86914062, 12023.8759766, 6539.53222656, 1354.88757324, 2523.18945312, 456.996063232, 234.015991211, 226.29850769, 125.962852478, 264.165557861, 83.9046096802, 51.291633606, 19.7912940979, 39.6439666748, 7.24104499817, 5.39076662064, 4.3129324913, 5.54715013504, 3.75896549225, 3.38567948341, 1.97203230858, 2.91971898079, 0.0575043447316, 0.546774804592, 0.00764927500859, 7.68954705563e-05, 2.32457182392e-06, 8.60551629955e-09]
    },
    "gfcc": {
        "mean": [-78.1091995239, 126.036697388, -107.201919556, 16.2649173737, -53.2144241333, 1.80241906643, -29.7449932098, 9.20805835724, -9.57947826385, 3.78938674927, -6.65637874603, 0.815231025219, -5.5741443634],
        "cov": [[37779.9453125, 4554.83789062, -1713.64587402, 110.659431458, -1193.53356934, -189.857513428, -731.718444824, 0.150479480624, -169.225769043, 87.2079315186, -25.3130550385, 168.156768799, -29.0875339508], [4554.83789062, 2118.53222656, -377.532440186, -42.7272911072, -10.4811344147, -202.7240448, -65.8673706055, -128.618469238, 66.0634460449, -80.8878173828, 59.639755249, -119.211479187, 29.1645050049], [-1713.64587402, -377.532440186, 711.30078125, 22.2250461578, 168.585739136, 92.9889526367, 1.58139443398, 14.3855953217, -39.9471473694, 36.5354614258, -58.7563552856, 23.7619819641, -47.0175704956], [110.659431458, -42.7272911072, 22.2250461578, 311.178283691, 42.2922859192, 85.5108413696, 27.1124649048, -2.76145005226, 0.0864106416702, -21.0542526245, 14.1123342514, 25.4078960419, 40.2268753052], [-1193.53356934, -10.4811344147, 168.585739136, 42.2922859192, 250.300079346, 82.5527877808, 53.5515480042, -22.7690620422, -0.161248415709, 6.13022947311, 20.6646709442, 14.3708429337, 13.4728832245], [-189.857513428, -202.7240448, 92.9889526367, 85.5108413696, 82.5527877808, 189.961990356, 65.8496398926, 13.7731895447, -24.8215808868, -10.3158988953, 13.5149726868, 57.4894142151, 43.2496147156], [-731.718444824, -65.8673706055, 1.58139443398, 27.1124649048, 53.5515480042, 65.8496398926, 149.286300659, 46.3556632996, 25.8467979431, -19.8183727264, 11.7429904938, -3.56366610527, 30.7907333374], [0.150479480624, -128.618469238, 14.3855953217, -2.76145005226, -22.7690620422, 13.7731895447, 46.3556632996, 117.254737854, 41.4490013123, 15.3085813522, -14.1916055679, -1.85647749901, -8.75878334045], [-169.225769043, 66.0634460449, -39.9471473694, 0.0864106416702, -0.161248415709, -24.8215808868, 25.8467979431, 41.4490013123, 115.534553528, 41.8863754272, 27.1779537201, -33.6391448975, -12.7537555695], [87.2079315186, -80.8878173828, 36.5354614258, -21.0542526245, 6.13022947311, -10.3158988953, -19.8183727264, 15.3085813522, 41.8863754272, 113.469985962, 35.0686149597, -1.57675397396, -43.3893699646], [-25.3130550385, 59.639755249, -58.7563552856, 14.1123342514, 20.6646709442, 13.5149726868, 11.7429904938, -14.1916055679, 27.1779537201, 35.0686149597, 109.691444397, 32.4460220337, 15.1436061859], [168.156768799, -119.211479187, 23.7619819641, 25.4078960419, 14.3708429337, 57.4894142151, -3.56366610527, -1.85647749901, -33.6391448975, -1.57675397396, 32.4460220337, 126.03868866, 56.7930717468], [-29.0875339508, 29.1645050049, -47.0175704956, 40.2268753052, 13.4728832245, 43.2496147156, 30.7907333374, -8.75878334045, -12.7537555695, -43.3893699646, 15.1436061859, 56.7930717468, 117.96383667]],
        "icov": [[7.74983273004e-05, -0.000236508451053, 0.00010914979066, -6.97477953508e-05, 0.000332901428919, -0.000371419882867, 0.000272300036158, -0.000285043177428, 0.000265276961727, -0.000364303443348, 0.000238328735577, -0.000256000814261, 0.000138123286888], [-0.000236508451053, 0.00141000759322, -0.000109271910333, 0.000228025979595, -0.00132882874459, 0.00165272457525, -0.000520991627127, 0.00135771476198, -0.00126752408687, 0.00179190572817, -0.00118699728046, 0.00133896991611, -0.000715811154805], [0.00010914979066, -0.000109271910333, 0.00236721104011, -0.000120888398669, -0.0011164478492, -0.000946420477703, 0.000840841734316, -0.000681031611748, 0.000760388968047, -0.0011742740171, 0.00181002740283, -0.000860394909978, 0.00107528816443], [-6.97477953508e-05, 0.000228025979595, -0.000120888398669, 0.00387688260525, -0.000390649278415, -0.00147251563612, 0.000241289249971, 0.000455193425296, -0.00101480598096, 0.00110518618021, -0.000563372857869, 0.000513053324539, -0.000766396464314], [0.000332901428919, -0.00132882874459, -0.0011164478492, -0.000390649278415, 0.00785644538701, -0.00339655880816, -0.00105290964711, 0.00118268630467, 0.00040174255264, -0.00200292258523, 0.000213691906538, -0.00100054370705, 0.000570476055145], [-0.000371419882867, 0.00165272457525, -0.000946420477703, -0.00147251563612, -0.00339655880816, 0.0118209514767, -0.00459171645343, 0.000881550076883, 0.00076193473069, 0.00136489677243, -0.0015475305263, -0.00120527623221, -0.00169398309663], [0.000272300036158, -0.000520991627127, 0.000840841734316, 0.000241289249971, -0.00105290964711, -0.00459171645343, 0.0128679070622, -0.00573997199535, -0.000593515811488, 0.00182510819286, -0.00151616137009, 0.0025725425221, -0.00196916656569], [-0.000285043177428, 0.00135771476198, -0.000681031611748, 0.000455193425296, 0.00118268630467, 0.000881550076883, -0.00573997199535, 0.0152274603024, -0.00669205375016, 0.000514754734468, 0.00289721949957, -0.00190778286196, 0.00135034520645], [0.000265276961727, -0.00126752408687, 0.000760388968047, -0.00101480598096, 0.00040174255264, 0.00076193473069, -0.000593515811488, -0.00669205375016, 0.0166834741831, -0.00670667272061, -0.00255987560377, 0.00385121279396, -0.00182790088002], [-0.000364303443348, 0.00179190572817, -0.0011742740171, 0.00110518618021, -0.00200292258523, 0.00136489677243, 0.00182510819286, 0.000514754734468, -0.00670667272061, 0.0175880230963, -0.00629237713292, -0.000149744693772, 0.0045364019461], [0.000238328735577, -0.00118699728046, 0.00181002740283, -0.000563372857869, 0.000213691906538, -0.0015475305263, -0.00151616137009, 0.00289721949957, -0.00255987560377, -0.00629237713292, 0.0159181635827, -0.00619191722944, 0.000765968696214], [-0.000256000814261, 0.00133896991611, -0.000860394909978, 0.000513053324539, -0.00100054370705, -0.00120527623221, 0.0025725425221, -0.00190778286196, 0.00385121279396, -0.000149744693772, -0.00619191722944, 0.0165186114609, -0.00796562805772], [0.000138123286888, -0.000715811154805, 0.00107528816443, -0.000766396464314, 0.000570476055145, -0.00169398309663, -0.00196916656569, 0.00135034520645, -0.00182790088002, 0.0045364019461, 0.000765968696214, -0.00796562805772, 0.0157559365034]]
    },
    "melbands": {
        "dmean": [0.00130591413472, 0.000852105964441, 0.000165005709277, 0.00030650550616, 0.000374599680072, 0.000238840235397, 0.000252918020124, 0.000353639479727, 0.000195331143914, 0.000162107855431, 7.19990493963e-05, 6.1815007939e-05, 4.69947444799e-05, 2.72955639957e-05, 1.44559844557e-05, 2.01249949896e-05, 9.57861266215e-06, 1.01482310129e-05, 9.60589204624e-06, 6.46990611131e-06, 3.91046796722e-06, 5.11892631039e-06, 2.65782045972e-06, 2.3640523068e-06, 1.95903044187e-06, 1.03083698377e-06, 1.41558962241e-06, 8.75692080626e-07, 6.08466962149e-07, 3.81292409202e-07, 3.34284891323e-07, 3.10705331685e-07, 2.81962996951e-07, 2.60871672708e-07, 1.75184837303e-07, 2.21593239758e-07, 2.07442340638e-07, 1.76308958544e-07, 1.30574989043e-07, 9.02899799371e-08],
        "dmean2": [0.00212767557241, 0.00144979602192, 0.00027438098914, 0.000505274045281, 0.00060725439107, 0.000382303522201, 0.000364203733625, 0.000530077784788, 0.000298131315503, 0.000221639958909, 9.90848275251e-05, 9.32167095016e-05, 7.07929793862e-05, 3.86821084248e-05, 2.29565630434e-05, 2.81731026917e-05, 1.48926528709e-05, 1.58604434546e-05, 1.53332839545e-05, 1.07342684714e-05, 6.32155888525e-06, 8.44420628709e-06, 4.33706236436e-06, 3.86829515264e-06, 3.22744995174e-06, 1.70344628714e-06, 2.33914965975e-06, 1.43991940149e-06, 9.63800516729e-07, 6.22508707693e-07, 5.45437728761e-07, 5.05962248099e-07, 4.50036282018e-07, 4.18837458938e-07, 2.84394957362e-07, 3.4225720924e-07, 3.19470132126e-07, 2.65283318868e-07, 2.09016960184e-07, 1.42904440281e-07],
        "dvar": [9.76454793999e-06, 3.56435020876e-06, 1.04466103323e-07, 2.10127566902e-07, 4.06342564929e-07, 2.0518832855e-07, 3.15969913345e-07, 5.98938186158e-07, 2.57318021113e-07, 5.54496011773e-07, 6.04104570812e-08, 8.46489953688e-08, 2.71056297407e-08, 1.82062791509e-08, 1.02130326418e-09, 9.52261647313e-09, 3.77884473712e-10, 5.28097787722e-10, 7.77301001342e-10, 1.68284289281e-10, 9.56157097942e-11, 2.59498256217e-10, 4.4363891033e-11, 2.93966934128e-11, 1.83821274174e-11, 6.39425968771e-12, 1.54644803907e-11, 4.39321712689e-12, 2.12906190074e-12, 6.55976141462e-13, 5.48608196631e-13, 5.55431080903e-13, 5.3652026398e-13, 7.19644558788e-13, 2.5874804686e-13, 2.01668868237e-12, 1.32997334933e-12, 1.14913785952e-12, 1.78342301864e-12, 7.05849495606e-13],
        "dvar2": [2.55086051766e-05, 9.46283307712e-06, 2.61439481619e-07, 5.31710213636e-07, 1.01897376226e-06, 4.94156495279e-07, 5.34192281521e-07, 1.33878518227e-06, 4.96967174968e-07, 1.0313851817e-06, 1.00902539657e-07, 2.02258860327e-07, 5.91686344364e-08, 2.70753375275e-08, 2.48001197356e-09, 1.80403176842e-08, 7.28094307068e-10, 1.23904764227e-09, 1.64943725345e-09, 4.23317603193e-10, 2.4113133712e-10, 6.8220928906e-10, 1.15254215893e-10, 7.96518059842e-11, 4.47825838912e-11, 1.49820173628e-11, 4.05242298052e-11, 1.17375562395e-11, 4.99594332917e-12, 1.68392535159e-12, 1.53020510759e-12, 1.4445506423e-12, 1.28707981772e-12, 1.87607243109e-12, 6.7486982799e-13, 4.27858313015e-12, 2.57003099358e-12, 2.22367111703e-12, 3.09315008502e-12, 1.24616799085e-12],
        "max": [0.0342979431152, 0.0234686452895, 0.00848789140582, 0.0139558557421, 0.0139868166298, 0.0131297567859, 0.0148423975334, 0.0227041710168, 0.0122633045539, 0.0230491179973, 0.00871260184795, 0.00762222753838, 0.0035914524924, 0.00589409004897, 0.000812435348053, 0.00339954136871, 0.00117001240142, 0.000471842155093, 0.00164850964211, 0.000363221624866, 0.000467355595902, 0.000529720273335, 0.00022988213459, 0.00017261330504, 0.000127810548292, 0.000107026229671, 0.000153243425302, 7.90645863162e-05, 3.05618450511e-05, 1.90854389075e-05, 2.46403651545e-05, 2.36442047026e-05, 3.04203913402e-05, 4.32898013969e-05, 1.71499250428e-05, 8.65623514983e-05, 6.94473419571e-05, 6.44954561722e-05, 0.000126734434161, 6.7691624281e-05],
        "mean": [0.00192770990543, 0.00151230627671, 0.000349672453012, 0.000572619086597, 0.000688467174768, 0.000522543967236, 0.000474958826089, 0.000927294313442, 0.00048230329412, 0.000415399117628, 0.000158562834258, 0.000116683440865, 9.41493053688e-05, 5.33892562089e-05, 2.67988871201e-05, 4.12982881244e-05, 1.7450971427e-05, 1.6788022549e-05, 1.59662304213e-05, 9.46689942793e-06, 6.69438168188e-06, 8.2438100435e-06, 4.68977168566e-06, 3.89169463233e-06, 3.55921429218e-06, 1.81638665708e-06, 2.49475760938e-06, 1.6107776446e-06, 1.03446018329e-06, 6.24022050033e-07, 5.64639321965e-07, 5.11014945914e-07, 4.60058458884e-07, 4.53127626088e-07, 2.91718833978e-07, 3.29972067448e-07, 2.76070551308e-07, 2.31798324535e-07, 1.76268699192e-07, 1.21481079418e-07],
        "median": [0.000796465785243, 0.000693669018801, 0.000179999973625, 0.000325977918692, 0.000380014185794, 0.000247782445513, 0.00016550476721, 0.000180754374014, 0.000134529545903, 4.88954574394e-05, 3.88058360841e-05, 2.48379110417e-05, 2.24576397159e-05, 1.39424491863e-05, 1.00798442872e-05, 5.46322735318e-06, 9.03107502381e-06, 7.28723989596e-06, 4.78063020637e-06, 4.56758880318e-06, 3.18041838909e-06, 3.30211469191e-06, 2.48858691521e-06, 1.8320822619e-06, 1.5932766928e-06, 8.88219744866e-07, 8.24828703117e-07, 5.43597138858e-07, 4.13914932551e-07, 2.63037350123e-07, 1.89649085769e-07, 1.76812235964e-07, 1.37641251285e-07, 1.31052075858e-07, 9.27836651954e-08, 7.55174980327e-08, 5.65230919847e-08, 4.65644340863e-08, 3.13793506734e-08, 1.91551841056e-08],
        "min": [1.25415678399e-23, 1.87272186798e-23, 2.18777508526e-23, 1.14903609854e-23, 3.54650603186e-24, 1.20678097318e-24, 8.52358528293e-24, 6.09788138672e-24, 1.49080689084e-24, 8.70191202372e-24, 1.505664731e-23, 1.33548203243e-23, 6.18354458128e-24, 1.17450920603e-23, 1.54734261921e-23, 1.78693987096e-23, 5.48103870163e-24, 9.43137406936e-24, 1.46859536821e-23, 7.43506372995e-24, 7.12914189318e-24, 1.04895528765e-23, 1.61160796171e-23, 1.16746759693e-23, 6.74289113929e-24, 8.03768404177e-24, 5.08249236725e-24, 6.79648398261e-24, 8.48952384676e-24, 1.15019406746e-23, 1.71003524126e-23, 1.26614289435e-23, 1.09993242598e-23, 1.33652143556e-23, 1.24466639287e-23, 8.04770415299e-24, 1.49846921514e-23, 1.11125328994e-23, 1.14511609093e-23, 8.96803425009e-24],
        "var": [1.11108947749e-05, 4.46192416348e-06, 2.57867895925e-07, 4.86682097289e-07, 8.42015253966e-07, 6.36434322132e-07, 8.05630747891e-07, 3.95945971832e-06, 9.7928023024e-07, 1.65024164289e-06, 1.82222137823e-07, 1.84495334565e-07, 7.25857276507e-08, 5.15808125101e-08, 2.3794619608e-09, 2.88899819623e-08, 8.63027094233e-10, 8.5990908838e-10, 1.60665547533e-09, 2.61220850506e-10, 1.79586484572e-10, 3.56250140499e-10, 7.03431549121e-11, 4.77912570629e-11, 4.29873775465e-11, 1.28597106921e-11, 3.75787907736e-11, 1.47587202876e-11, 4.52604793921e-12, 1.62705721292e-12, 1.92777673165e-12, 1.46665568145e-12, 1.46280665532e-12, 2.19084472786e-12, 8.74801262245e-13, 3.58442247238e-12, 2.43846913148e-12, 2.00471800618e-12, 3.45584216625e-12, 1.36018995546e-12]
    },
    "mfcc": {
        "mean": [-709.57220459, 158.24848938, 4.47117042542, 20.1307201385, -0.622163176537, -2.05349135399, -6.47580337524, 2.9550280571, -0.696482717991, 5.16482305527, 2.02733969688, 3.70948076248, 2.13118219376],
        "cov": [[13264.9355469, 2415.77124023, -352.740142822, 350.315612793, -202.277694702, 28.4961681366, -140.680984497, 98.5545043945, -59.172504425, 87.8700180054, -22.0914497375, 56.1463432312, 96.1456985474], [2415.77124023, 1864.00183105, -147.193649292, 142.566543579, 63.3983688354, 3.46363949776, -37.2811927795, -20.4037971497, -24.9111366272, 37.9317207336, 33.8332824707, 29.3277130127, -4.7821097374], [-352.740142822, -147.193649292, 410.837860107, 37.2992935181, 92.8233947754, 46.6198730469, 40.3677253723, 9.26394939423, 37.1300468445, -16.7851390839, 1.73642194271, 0.29813054204, -14.5187978745], [350.315612793, 142.566543579, 37.2992935181, 189.6927948, 52.2072219849, 40.1131782532, 7.32148933411, 12.4466609955, 5.51430177689, 12.8913850784, 11.2971525192, 15.5488042831, 12.9808807373], [-202.277694702, 63.3983688354, 92.8233947754, 52.2072219849, 171.269271851, 84.2330093384, 40.6435050964, 6.71257591248, 2.66594934464, -23.9371318817, 0.884227633476, 11.0419855118, 14.1463470459], [28.4961681366, 3.46363949776, 46.6198730469, 40.1131782532, 84.2330093384, 160.388336182, 74.5146789551, 38.3082847595, 6.80553340912, -31.627986908, -19.9234275818, -7.93913984299, 15.4662065506], [-140.680984497, -37.2811927795, 40.3677253723, 7.32148933411, 40.6435050964, 74.5146789551, 123.161468506, 54.3955802917, 22.465763092, -14.9969320297, -20.3616046906, -11.8488492966, 12.36328125], [98.5545043945, -20.4037971497, 9.26394939423, 12.4466609955, 6.71257591248, 38.3082847595, 54.3955802917, 125.518447876, 47.3954124451, -5.31634712219, -30.4766712189, -15.729883194, -2.11696767807], [-59.172504425, -24.9111366272, 37.1300468445, 5.51430177689, 2.66594934464, 6.80553340912, 22.465763092, 47.3954124451, 97.140953064, 38.5116767883, -2.89250183105, -18.943687439, -8.88545703888], [87.8700180054, 37.9317207336, -16.7851390839, 12.8913850784, -23.9371318817, -31.627986908, -14.9969320297, -5.31634712219, 38.5116767883, 116.146499634, 57.290763855, 5.72930335999, -14.4420318604], [-22.0914497375, 33.8332824707, 1.73642194271, 11.2971525192, 0.884227633476, -19.9234275818, -20.3616046906, -30.4766712189, -2.89250183105, 57.290763855, 121.548210144, 61.2643241882, 0.425726681948], [56.1463432312, 29.3277130127, 0.29813054204, 15.5488042831, 11.0419855118, -7.93913984299, -11.8488492966, -15.729883194, -18.943687439, 5.72930335999, 61.2643241882, 120.026298523, 48.4207611084], [96.1456985474, -4.7821097374, -14.5187978745, 12.9808807373, 14.1463470459, 15.4662065506, 12.36328125, -2.11696767807, -8.88545703888, -14.4420318604, 0.425726681948, 48.4207611084, 119.378974915]],
