{
"lowlevel": {
    "average_loudness": 0.651671409607,
    "barkbands_crest": {
        "dmean": 1.98406147957,
        "dmean2": 3.11668348312,
        "dvar": 4.51960039139,
        "dvar2": 12.0064229965,
        "max": 26.1868972778,
        "mean": 13.0199117661,
        "median": 12.3388385773,
        "min": 2.72209453583,
        "var": 18.728143692
    },
    "barkbands_flatness_db": {
        "dmean": 0.0231614168733,
        "dmean2": 0.0344870574772,
        "dvar": 0.000839310872834,
        "dvar2": 0.00177457195241,
        "max": 0.672634720802,
        "mean": 0.231176644564,
        "median": 0.227472305298,
        "min": 0.0259097870439,
        "var": 0.00597718870267
    },
    "barkbands_kurtosis": {
        "dmean": 5.06044244766,
        "dmean2": 7.86168050766,
        "dvar": 251.507354736,
        "dvar2": 643.89666748,
        "max": 512.809020996,
        "mean": 10.1884469986,
        "median": 4.75368690491,
        "min": -1.8826508522,
        "var": 455.932037354
    },
    "barkbands_skewness": {
        "dmean": 0.549600064754,
        "dmean2": 0.822740793228,
        "dvar": 0.670666158199,
        "dvar2": 1.54437434673,
        "max": 18.8252620697,
        "mean": 1.92884886265,
        "median": 1.7120923996,
        "min": -2.61838817596,
        "var": 2.72510671616
    },
    "barkbands_spread": {
        "dmean": 3.11418843269,
        "dmean2": 4.91832399368,
        "dvar": 45.9233093262,
        "dvar2": 116.572311401,
        "max": 98.1439590454,
        "mean": 10.3679542542,
        "median": 7.91905927658,
        "min": 0.202606335282,
        "var": 103.702880859
    },
    "dissonance": {
        "dmean": 0.027345623821,
        "dmean2": 0.0458376407623,
        "dvar": 0.000727757636923,
        "dvar2": 0.001956226537,
        "max": 0.5,
        "mean": 0.42395222187,
        "median": 0.433462321758,
        "min": 0.165145024657,
        "var": 0.00265777483582
    },
    "dynamic_complexity": 5.26692390442,
    "erbbands_crest": {
        "dmean": 2.27914905548,
        "dmean2": 3.47040224075,
        "dvar": 5.78072166443,
        "dvar2": 12.8972520828,
        "max": 32.8493995667,
        "mean": 13.9228553772,
        "median": 12.9257011414,
        "min": 2.47872233391,
        "var": 39.7695198059
    },
    "erbbands_flatness_db": {
        "dmean": 0.0170035753399,
        "dmean2": 0.024556864053,
        "dvar": 0.00047862919746,
        "dvar2": 0.000950900779571,
        "max": 0.489084422588,
        "mean": 0.224101662636,
        "median": 0.205637320876,
        "min": 0.0461011715233,
        "var": 0.00869262591004
    },
    "erbbands_kurtosis": {
        "dmean": 1.52157449722,
        "dmean2": 2.30296039581,
        "dvar": 5.46120166779,
        "dvar2": 11.5235443115,
        "max": 102.945243835,
        "mean": 3.23253369331,
        "median": 1.8694653511,
        "min": -1.79770922661,
        "var": 29.7740097046
    },
    "erbbands_skewness": {
        "dmean": 0.335951864719,
        "dmean2": 0.506378352642,
        "dvar": 0.139461815357,
        "dvar2": 0.315020054579,
        "max": 5.91916131973,
        "mean": 1.04469811916,
        "median": 1.02263236046,
        "min": -3.56336188316,
        "var": 0.80215638876
    },
    "erbbands_spread": {
        "dmean": 6.04348325729,
        "dmean2": 9.26268100739,
        "dvar": 112.473495483,
        "dvar2": 263.365905762,
        "max": 155.261077881,
        "mean": 25.7744922638,
        "median": 18.6393051147,
        "min": 0.592046976089,
        "var": 486.631378174
    },
    "hfc": {
        "dmean": 3.71990442276,
        "dmean2": 5.66342544556,
        "dvar": 88.6495513916,
        "dvar2": 219.3021698,
        "max": 163.830368042,
        "mean": 12.9988470078,
        "median": 8.74309444427,
        "min": 1.14412062143e-16,
        "var": 229.174713135
    },
    "melbands_crest": {
        "dmean": 2.87117671967,
        "dmean2": 4.53468847275,
        "dvar": 12.3634662628,
        "dvar2": 28.0562419891,
        "max": 38.9127120972,
        "mean": 17.5711784363,
        "median": 16.18491745,
        "min": 1.79295790195,
        "var": 46.2392692566
    },
    "melbands_flatness_db": {
        "dmean": 0.0256640538573,
        "dmean2": 0.0377829484642,
        "dvar": 0.00110475742258,
        "dvar2": 0.00237440271303,
        "max": 0.823591172695,
        "mean": 0.313393801451,
        "median": 0.318101465702,
        "min": 0.00468110479414,
        "var": 0.00680451514199
    },
    "melbands_kurtosis": {
        "dmean": 11.1476449966,
        "dmean2": 17.1697845459,
        "dvar": 2877.53466797,
        "dvar2": 6635.31591797,
        "max": 3064.27978516,
        "mean": 21.4584159851,
        "median": 8.26040172577,
        "min": -1.6975082159,
        "var": 4919.53271484
    },
    "melbands_skewness": {
        "dmean": 0.724790990353,
        "dmean2": 1.07578444481,
        "dvar": 1.43533968925,
        "dvar2": 3.10711598396,
        "max": 41.2622489929,
        "mean": 2.61155438423,
        "median": 2.15410113335,
        "min": -2.42961478233,
        "var": 6.28680276871
    },
    "melbands_spread": {
        "dmean": 2.64537096024,
        "dmean2": 4.09512710571,
        "dvar": 31.9215946198,
        "dvar2": 72.9205627441,
        "max": 178.041122437,
        "mean": 10.6015739441,
        "median": 8.43062210083,
        "min": 0.0369806773961,
        "var": 135.655303955
    },
    "pitch_salience": {
        "dmean": 0.0561800971627,
        "dmean2": 0.0895118564367,
        "dvar": 0.00407483428717,
        "dvar2": 0.00958705507219,
        "max": 0.850075602531,
        "mean": 0.463112205267,
        "median": 0.468325972557,
        "min": 0.026286881417,
        "var": 0.0166021045297
    },
    "silence_rate_20dB": {
        "dmean": 0,
        "dmean2": 0,
        "dvar": 0,
        "dvar2": 0,
        "max": 1,
        "mean": 1,
        "median": 1,
        "min": 1,
        "var": 0
    },
    "silence_rate_30dB": {
        "dmean": 0.0361355543137,
        "dmean2": 0.0722778737545,
        "dvar": 0.0348333604634,
        "dvar2": 0.0717409104109,
        "max": 1,
        "mean": 0.95834505558,
        "median": 1,
        "min": 0,
        "var": 0.039922375232
    },
    "silence_rate_60dB": {
        "dmean": 0.0132933910936,
        "dmean2": 0.0265892706811,
        "dvar": 0.0131160551682,
        "dvar2": 0.0290626659989,
        "max": 1,
        "mean": 0.153327718377,
        "median": 0,
        "min": 0,
        "var": 0.129808649421
    },
    "spectral_centroid": {
        "dmean": 127.217002869,
        "dmean2": 198.102828979,
        "dvar": 69822.1875,
        "dvar2": 157212,
        "max": 11398.0722656,
        "mean": 778.123718262,
        "median": 654.660644531,
        "min": 78.0635604858,
        "var": 267834.1875
    },
    "spectral_complexity": {
        "dmean": 1.73712790012,
        "dmean2": 2.79599285126,
        "dvar": 8.42986297607,
        "dvar2": 19.1689090729,
        "max": 48,
        "mean": 10.1434049606,
        "median": 9,
        "min": 0,
        "var": 42.0851516724
    },
    "spectral_decrease": {
        "dmean": 2.92836754845e-09,
        "dmean2": 4.42127179312e-09,
        "dvar": 4.56455301927e-17,
        "dvar2": 9.21347515231e-17,
        "max": 3.34171434215e-18,
        "mean": -8.41857694667e-09,
        "median": -5.95703175676e-09,
        "min": -8.65381366566e-08,
        "var": 9.45665831146e-17
    },
    "spectral_energy": {
        "dmean": 0.0112774558365,
        "dmean2": 0.0170026347041,
        "dvar": 0.00065913668368,
        "dvar2": 0.0013322714949,
        "max": 0.327699780464,
        "mean": 0.0329527147114,
        "median": 0.0235965624452,
        "min": 1.06566881928e-20,
        "var": 0.00139484240208
    },
    "spectral_energyband_high": {
        "dmean": 0.000242413210799,
        "dmean2": 0.000392214831663,
        "dvar": 9.74647264229e-07,
        "dvar2": 2.48601281783e-06,
        "max": 0.0177180357277,
        "mean": 0.000336822064128,
        "median": 2.8119657145e-05,
        "min": 7.58108123348e-21,
        "var": 1.27480473111e-06
    },
    "spectral_energyband_low": {
        "dmean": 0.00813521444798,
        "dmean2": 0.0122627159581,
        "dvar": 0.000581013737246,
        "dvar2": 0.00112633302342,
        "max": 0.302987992764,
        "mean": 0.0154556110501,
        "median": 0.00683770421892,
        "min": 3.48034229559e-23,
        "var": 0.000930438225623
    },
    "spectral_energyband_middle_high": {
        "dmean": 0.000681955250911,
        "dmean2": 0.000993942259811,
        "dvar": 4.90264255859e-06,
        "dvar2": 9.74563135969e-06,
        "max": 0.07783523947,
        "mean": 0.00290525378659,
        "median": 0.00100388564169,
        "min": 1.89845442866e-21,
        "var": 3.94424168917e-05
    },
    "spectral_energyband_middle_low": {
        "dmean": 0.00482484977692,
        "dmean2": 0.00746444705874,
        "dvar": 0.000110765751742,
        "dvar2": 0.00027946793125,
        "max": 0.164722859859,
        "mean": 0.0156185869128,
        "median": 0.00929513666779,
        "min": 1.91738650979e-22,
        "var": 0.000316169374855
    },
    "spectral_entropy": {
        "dmean": 0.187958702445,
        "dmean2": 0.284567892551,
        "dvar": 0.0663383975625,
        "dvar2": 0.146535217762,
        "max": 9.79237937927,
        "mean": 6.73663234711,
        "median": 6.72192335129,
        "min": 4.71396827698,
        "var": 0.571999132633
    },
    "spectral_flux": {
        "dmean": 0.0251549463719,
        "dmean2": 0.0412234067917,
        "dvar": 0.00191936711781,
        "dvar2": 0.00451688189059,
        "max": 0.4845508039,
        "mean": 0.0589759871364,
        "median": 0.0396829470992,
        "min": 1.03231236059e-10,
        "var": 0.00410075765103
    },
    "spectral_kurtosis": {
        "dmean": 4.02728128433,
        "dmean2": 6.80049419403,
        "dvar": 27.9896469116,
        "dvar2": 78.9462738037,
        "max": 91.5646209717,
        "mean": 13.2340154648,
        "median": 8.97124385834,
        "min": -1.21562492847,
        "var": 166.666824341
    },
    "spectral_rms": {
        "dmean": 0.000742406060454,
        "dmean2": 0.00109714048449,
        "dvar": 1.6893029624e-06,
        "dvar2": 3.23890503751e-06,
        "max": 0.0178803540766,
        "mean": 0.00487496191636,
        "median": 0.00479802442715,
        "min": 3.22440208214e-12,
        "var": 8.38371761347e-06
    },
    "spectral_rolloff": {
        "dmean": 177.049179077,
        "dmean2": 312.72756958,
        "dvar": 425334.25,
        "dvar2": 1050141.875,
        "max": 18303.2226562,
        "mean": 756.081115723,
        "median": 602.9296875,
        "min": 43.06640625,
        "var": 1550837.5
    },
    "spectral_skewness": {
        "dmean": 0.375004142523,
        "dmean2": 0.609438657761,
        "dvar": 0.181960269809,
        "dvar2": 0.459204137325,
        "max": 7.83224773407,
        "mean": 2.61804962158,
        "median": 2.44635176659,
        "min": -0.0520672239363,
        "var": 1.52633011341
    },
    "spectral_spread": {
        "dmean": 499497.125,
        "dmean2": 766785.4375,
        "dvar": 691367313408,
        "dvar2": 1.37117328998e+12,
        "max": 40552144,
        "mean": 3824644,
        "median": 3416867,
        "min": 957262.0625,
        "var": 3.49185061683e+12
    },
    "spectral_strongpeak": {
        "dmean": 0.338628977537,
        "dmean2": 0.569295048714,
        "dvar": 0.486424565315,
        "dvar2": 1.14223015308,
        "max": 16.7113265991,
        "mean": 1.05985283852,
        "median": 0.523374021053,
        "min": 0,
        "var": 2.00793433189
    },
    "zerocrossingrate": {
        "dmean": 0.00583057710901,
        "dmean2": 0.00713550765067,
        "dvar": 9.39619640121e-05,
        "dvar2": 0.000120591073937,
        "max": 0.51904296875,
        "mean": 0.0343389734626,
        "median": 0.029296875,
        "min": 0.00146484375,
        "var": 0.00108043290675
    },
    "barkbands": {
        "dmean": [0.00250304839574, 0.00548656610772, 0.000821297755465, 0.00214277720079, 0.00152253382839, 0.000869404233526, 0.000872529693879, 0.000454558292404, 0.000776647822931, 0.000311336276354, 0.00018556539726, 6.32956216577e-05, 7.81827548053e-05, 0.000105495433672, 6.82624522597e-05, 4.7601199185e-05, 6.41341175651e-05, 5.04483286932e-05, 5.22410664416e-05, 4.21291078965e-05, 4.97985201946e-05, 5.56796221645e-05, 4.15171052737e-05, 3.85714301956e-05, 3.3261741919e-05, 1.70515486388e-05, 4.79594382341e-06],
        "dmean2": [0.00390156987123, 0.00818662717938, 0.00142579199746, 0.00357543025166, 0.00240153516643, 0.00131356425118, 0.00141856144182, 0.000688976608217, 0.00100419810042, 0.000424626050517, 0.000281494343653, 0.000100412784377, 0.000119991433166, 0.000165148085216, 0.00011041432299, 7.53207568778e-05, 9.51954061748e-05, 8.12503421912e-05, 8.12580256024e-05, 6.8901834311e-05, 7.86926611909e-05, 9.12409523153e-05, 7.0439382398e-05, 6.62078455207e-05, 5.56175837119e-05, 2.83623048745e-05, 7.99348708824e-06],
        "dvar": [0.000107254600152, 0.000314113887725, 7.84110216046e-06, 6.51023801765e-05, 1.41493846968e-05, 3.71324813386e-06, 6.39055451757e-06, 1.6902599782e-06, 3.18348406836e-06, 1.64533503266e-06, 1.38605628308e-06, 1.12446954859e-07, 1.9831745135e-07, 3.71892014073e-07, 4.56652372804e-07, 1.6041424189e-08, 9.09510475822e-08, 2.90459496455e-08, 5.68761819864e-08, 2.44709177366e-08, 4.87130620286e-08, 6.2051100258e-08, 3.35764482884e-08, 3.19668203019e-08, 2.25354206407e-08, 6.6438321511e-09, 7.38307914805e-10],
        "dvar2": [0.000232473539654, 0.000656915188301, 2.21579466597e-05, 0.000175466353539, 3.38409990945e-05, 8.19579690869e-06, 1.7951022528e-05, 3.44870818481e-06, 4.97082646689e-06, 2.75793195215e-06, 2.75114302895e-06, 2.53529492511e-07, 3.83466044696e-07, 6.79792208302e-07, 9.03349928194e-07, 3.5301408019e-08, 1.72896974959e-07, 7.15372294735e-08, 1.23254878304e-07, 6.26323952702e-08, 1.04457861028e-07, 1.46518743804e-07, 9.17987605931e-08, 8.86841107217e-08, 5.88610475916e-08, 1.62988520458e-08, 1.79897408081e-09],
        "max": [0.129156798124, 0.212921097875, 0.0500220321119, 0.139029830694, 0.0910165980458, 0.0576827786863, 0.0510222949088, 0.0480266660452, 0.0504333376884, 0.0575140565634, 0.0531746558845, 0.0276822503656, 0.0360961444676, 0.0468012019992, 0.0636760294437, 0.00532237766311, 0.0198634136468, 0.00558789633214, 0.012367606163, 0.00536403851584, 0.00946603156626, 0.00677414052188, 0.00431416602805, 0.00367301562801, 0.00356365391053, 0.00262010120787, 0.00110029417556],
        "mean": [0.00259939348325, 0.0104074496776, 0.00143537460826, 0.00313192792237, 0.00347246043384, 0.00226448988542, 0.00225403136574, 0.0012325582793, 0.00263241422363, 0.00125444075093, 0.000622619059868, 0.000152857843204, 0.000214003957808, 0.000281322747469, 0.000172623360413, 9.99799740384e-05, 0.000164465120179, 9.13378316909e-05, 0.000105170111055, 6.42434533802e-05, 6.80966550135e-05, 7.20397001714e-05, 5.31148907612e-05, 4.40270923718e-05, 3.96177747461e-05, 1.84180771612e-05, 4.19400384999e-06],
        "median": [1.56911373779e-05, 0.00410387571901, 0.000357593002263, 0.000199306552531, 0.000774553453084, 0.00111119728535, 0.000504124443978, 0.000302498199744, 0.00072762183845, 0.000116171489935, 3.11258336296e-05, 2.02246119443e-05, 4.04584679927e-05, 6.08338377788e-05, 3.23782769556e-05, 2.6810917916e-05, 2.37484109675e-05, 1.68270762515e-05, 1.22347364595e-05, 8.4950852397e-06, 4.45702107754e-06, 3.87782438338e-06, 3.20264052789e-06, 2.61585114458e-06, 2.09788208849e-06, 5.35940728241e-07, 7.54894458055e-08],
        "min": [2.13495564118e-23, 1.19372262335e-23, 1.17849409745e-24, 3.82680337873e-23, 2.76501269306e-23, 7.00443245039e-24, 1.72743688174e-23, 3.14037259106e-23, 4.84168555507e-23, 1.10560749133e-22, 5.63154926027e-23, 9.53730373166e-23, 1.85619753549e-22, 1.14159078199e-22, 1.773614401e-22, 2.38937738794e-22, 1.96031493185e-22, 2.63923071499e-22, 3.28299801164e-22, 2.7904004458e-22, 6.75766726136e-22, 4.67030091646e-22, 4.83271235694e-22, 9.12419797531e-22, 1.12951118845e-21, 1.72676517615e-21, 2.16432231366e-21],
        "var": [0.000119965574413, 0.000458335445728, 9.65034359979e-06, 8.0261263065e-05, 5.27585361851e-05, 1.26487602756e-05, 2.46803283517e-05, 7.75341140979e-06, 2.49402364716e-05, 1.57698341354e-05, 9.52157006395e-06, 9.76401565822e-07, 2.35313450503e-06, 2.21209143092e-06, 2.1991684207e-06, 4.20201118345e-08, 3.81479026146e-07, 5.91992446175e-08, 1.92853036651e-07, 3.70002588568e-08, 1.01713972356e-07, 8.15634209061e-08, 3.14833989989e-08, 2.73838036691e-08, 2.31134436035e-08, 7.65845964423e-09, 6.7799638126e-10]
    },
    "erbbands": {
        "dmean": [0.318831413984, 0.754757642746, 0.987246155739, 4.15509271622, 6.21572303772, 4.11821889877, 8.39393138885, 7.08613348007, 12.8379821777, 11.372294426, 9.78893470764, 21.244348526, 9.94996356964, 6.15810632706, 7.09530496597, 2.14272904396, 3.71740579605, 3.49146270752, 5.15167379379, 3.21784639359, 2.81551122665, 2.82542729378, 2.84025502205, 2.59947729111, 2.27583551407, 2.0239481926, 2.00157546997, 2.00267601013, 1.93561530113, 1.77773594856, 1.10189950466, 0.706936180592, 0.710605204105, 0.445259124041, 0.200794517994, 0.0859707966447, 0.0292878523469, 0.00677036400884, 0.000806399504654, 4.81750939798e-05],
        "dmean2": [0.474664151669, 1.24979066849, 1.70907831192, 7.06056308746, 9.9445734024, 6.555580616, 12.8484268188, 10.9180641174, 21.2845668793, 17.2684345245, 14.1480169296, 27.1245708466, 13.0742874146, 9.05284023285, 10.5717630386, 3.35642433167, 5.66842412949, 5.47975111008, 8.15122318268, 5.02218818665, 4.33992195129, 4.23275613785, 4.49384403229, 3.9487195015, 3.67288446426, 3.2959587574, 3.23794341087, 3.19446611404, 3.16371583939, 2.98283481598, 1.87289965153, 1.19431626797, 1.23138308525, 0.755967378616, 0.33502048254, 0.145482778549, 0.0480611138046, 0.0111689213663, 0.00134276493918, 7.83132563811e-05],
        "dvar": [1.26906704903, 7.36470460892, 13.9198141098, 236.066040039, 362.640899658, 116.616996765, 474.535949707, 269.690490723, 1558.40380859, 1151.3815918, 765.482116699, 2465.66333008, 1727.68286133, 677.297912598, 2064.10546875, 75.4351806641, 417.625030518, 567.661437988, 2242.67944336, 84.7508392334, 74.0702285767, 339.423583984, 83.6297683716, 133.928131104, 119.763587952, 58.114818573, 73.0176544189, 90.2364044189, 77.0459442139, 59.2266998291, 24.1427116394, 9.48802280426, 12.1215581894, 4.24460887909, 0.805031359196, 0.152289018035, 0.02270649001, 0.00125443632714, 2.04105072044e-05, 5.07312023501e-08],
        "dvar2": [2.53308582306, 20.0102806091, 39.9518203735, 646.102050781, 944.607788086, 276.237030029, 939.626831055, 605.067749023, 4670.57666016, 2479.50390625, 1429.64282227, 3812.21411133, 2733.41186523, 1393.61169434, 4063.67114258, 159.892456055, 818.256530762, 967.659118652, 4470.24072266, 191.925704956, 151.231567383, 635.214172363, 209.084121704, 290.837158203, 270.691314697, 148.765274048, 174.978744507, 185.977661133, 179.843521118, 152.877792358, 66.5593185425, 25.5444564819, 33.9929885864, 11.4763412476, 2.02171301842, 0.386510461569, 0.0545083880424, 0.00311744632199, 4.87598372274e-05, 1.25531713024e-07],
        "max": [13.6524114609, 44.3817634583, 74.6572265625, 276.816955566, 374.818939209, 334.191864014, 538.09576416, 555.551269531, 914.46270752, 1140.98120117, 1313.16357422, 1360.5690918, 2195.46411133, 994.850646973, 2300.27685547, 612.301025391, 1777.65612793, 2506.7824707, 3955.11425781, 409.03918457, 351.675170898, 1349.2878418, 243.932144165, 516.199523926, 786.770446777, 282.206237793, 292.000183105, 428.705932617, 234.43347168, 198.619018555, 130.744476318, 94.4582366943, 81.02318573, 41.0746154785, 27.5764751434, 9.20478248596, 5.76456832886, 1.40136861801, 0.186087429523, 0.008669805713],
        "mean": [0.451934337616, 1.69216096401, 2.16126132011, 6.14362049103, 11.2344608307, 9.47614097595, 17.15391922, 19.4532222748, 30.8332424164, 32.1835517883, 32.830783844, 72.8540878296, 40.2041778564, 24.2472362518, 25.5911560059, 6.37733078003, 10.3808269501, 9.93930625916, 13.9057817459, 8.61921405792, 7.09271812439, 6.84999370575, 5.66562223434, 5.93865537643, 3.96590924263, 3.12330341339, 2.84587168694, 2.65359807014, 2.50304055214, 2.25858449936, 1.41478598118, 0.914378345013, 0.748155236244, 0.497391670942, 0.246282637119, 0.0970907136798, 0.031011518091, 0.00646343687549, 0.000732491025701, 6.89495354891e-05],
        "median": [0.0555520802736, 0.839076161385, 0.94386279583, 0.725192308426, 1.10968351364, 2.32821846008, 6.04323577881, 9.48464298248, 8.58905506134, 7.6029214859, 12.4202680588, 21.8069839478, 8.31845188141, 2.64406061172, 1.86757028103, 1.41690289974, 2.27171015739, 2.60548567772, 3.33639574051, 1.93503499031, 1.9876806736, 1.29309594631, 1.27226912975, 0.762855112553, 0.590272009373, 0.436481237411, 0.244368717074, 0.15375430882, 0.127231940627, 0.122779496014, 0.0862129703164, 0.0580642744899, 0.0431063137949, 0.0270495228469, 0.0120546054095, 0.0036298292689, 0.000791787402704, 0.000121839591884, 3.0329601941e-05, 3.14638855343e-05],
        "min": [2.88370312714e-22, 2.8384236219e-21, 3.94433764564e-21, 6.38827580419e-20, 7.9991260366e-20, 1.37919649241e-19, 8.5133318784e-20, 6.2944786926e-20, 2.3888914052e-19, 1.78114991843e-19, 9.90042238805e-19, 9.26807589697e-19, 3.41802175366e-18, 2.68255934101e-18, 1.89575817045e-18, 5.20801102751e-18, 9.29163792993e-18, 5.85387116825e-18, 7.17576534412e-18, 1.15497260241e-17, 1.20893637665e-17, 1.27795219106e-17, 1.41062402038e-17, 1.5413448615e-17, 1.55785125063e-17, 1.67647474073e-17, 2.21862529237e-17, 2.42320161624e-17, 1.70010067339e-17, 1.53321897004e-17, 1.63045802151e-17, 1.98976641988e-17, 1.44403351444e-17, 1.20693741198e-17, 8.09058822411e-18, 6.74484725837e-18, 3.20558771028e-18, 1.26739362345e-18, 3.45936703241e-19, 2.84764745313e-20],
        "var": [1.70022022724, 7.96237802505, 14.2905254364, 268.369628906, 712.498046875, 437.984741211, 1250.83972168, 1033.90222168, 4119.36621094, 6823.89160156, 3906.39111328, 18679.7304688, 15833.8710938, 5912.47216797, 14348.7724609, 676.671142578, 5230.22998047, 4881.03662109, 10299.5849609, 399.718536377, 282.335632324, 992.045654297, 181.530426025, 629.729248047, 284.534576416, 89.3195266724, 135.141403198, 169.32333374, 105.476409912, 64.2534484863, 22.0821056366, 9.57002353668, 9.51993274689, 3.94141530991, 0.903250098228, 0.162530690432, 0.0277185644954, 0.00126146350522, 1.94585991267e-05, 4.60933300417e-08]
    },
    "gfcc": {
        "mean": [-91.6822662354, 119.883415222, -103.19216156, 7.31017160416, -60.5798797607, 2.1440410614, -34.3115615845, 12.2263250351, -7.2018995285, 4.97400808334, -10.4537601471, -3.48540401459, -4.55140304565],
        "cov": [[17820.0527344, -462.021942139, 1243.4699707, 2532.56347656, 46.7808799744, 769.086669922, -376.876556396, 345.992828369, -327.919189453, 107.390213013, -316.438995361, -179.516647339, -416.7081604], [-462.021942139, 1910.61987305, 476.222473145, -25.936630249, 213.34513855, -19.7548046112, 28.1363792419, -123.250106812, 208.047576904, 42.0732727051, 175.366516113, -146.859115601, 58.8965950012], [1243.4699707, 476.222473145, 2324.95874023, 1304.95959473, 191.408859253, 537.667114258, -95.5878372192, -203.53817749, -118.216827393, 223.551391602, 0.419766098261, -130.312561035, -291.218780518], [2532.56347656, -25.936630249, 1304.95959473, 1739.54931641, 349.237457275, 428.07699585, -21.9550857544, -103.332954407, -179.907852173, 129.915328979, 25.3475265503, -97.6317977905, -235.153945923], [46.7808799744, 213.34513855, 191.408859253, 349.237457275, 399.088287354, 124.201339722, 83.6135940552, 13.5012226105, 38.4544868469, 20.6723747253, 45.0693016052, -33.3901176453, -17.45819664], [769.086669922, -19.7548046112, 537.667114258, 428.07699585, 124.201339722, 338.116149902, 49.7924194336, -4.85158109665, -50.9003753662, 65.3871841431, -11.812125206, -21.2154769897, -83.3439331055], [-376.876556396, 28.1363792419, -95.5878372192, -21.9550857544, 83.6135940552, 49.7924194336, 271.590026855, 85.1827774048, 26.3926849365, -7.77548074722, 74.0793609619, 55.2251625061, 52.6990966797], [345.992828369, -123.250106812, -203.53817749, -103.332954407, 13.5012226105, -4.85158109665, 85.1827774048, 214.351715088, 79.9858779907, -2.36531996727, -3.9153573513, 21.8775138855, 34.0799369812], [-327.919189453, 208.047576904, -118.216827393, -179.907852173, 38.4544868469, -50.9003753662, 26.3926849365, 79.9858779907, 237.754608154, 81.6055145264, 9.54186820984, -37.7349319458, 71.1266784668], [107.390213013, 42.0732727051, 223.551391602, 129.915328979, 20.6723747253, 65.3871841431, -7.77548074722, -2.36531996727, 81.6055145264, 150.562133789, 37.1956748962, -19.2636489868, -18.2055530548], [-316.438995361, 175.366516113, 0.419766098261, 25.3475265503, 45.0693016052, -11.812125206, 74.0793609619, -3.9153573513, 9.54186820984, 37.1956748962, 165.048843384, 79.9819641113, 31.9776077271], [-179.516647339, -146.859115601, -130.312561035, -97.6317977905, -33.3901176453, -21.2154769897, 55.2251625061, 21.8775138855, -37.7349319458, -19.2636489868, 79.9819641113, 149.887329102, 60.0356025696], [-416.7081604, 58.8965950012, -291.218780518, -235.153945923, -17.45819664, -83.3439331055, 52.6990966797, 34.0799369812, 71.1266784668, -18.2055530548, 31.9776077271, 60.0356025696, 145.402374268]],
        "icov": [[0.000105864346551, -0.000118683397886, 0.000120563388919, -0.000240723165916, 0.000165056131664, -0.000166091223946, 0.000202975759748, -0.000370733789168, 0.00013740331633, -0.000137419556268, 0.000333714095177, -0.000243855567533, 8.44452224555e-05], [-0.000118683397886, 0.00149996520486, -0.000750225386582, 0.000657570839394, -0.000445121171651, 5.83967885177e-05, 1.45738213178e-05, 0.00100374105386, -0.00127584813163, 0.00205409736373, -0.00344801926985, 0.00317105161957, -0.00131704693194], [0.000120563388919, -0.000750225386582, 0.00153995188884, -0.000942984537687, 0.000598764279857, -0.00120105838869, 0.00025746691972, 8.918880485e-05, 0.000158637922141, -0.00139680271968, 0.00159855501261, -0.00162127369549, 0.0015432323562], [-0.000240723165916, 0.000657570839394, -0.000942984537687, 0.00212105643004, -0.00143915088847, 5.1716418966e-05, -0.000194449414266, 0.000580993597396, 0.000842761714011, -5.49379728909e-05, -0.0018993972335, 0.00198855483904, -0.000445911631687], [0.000165056131664, -0.000445121171651, 0.000598764279857, -0.00143915088847, 0.00446611829102, -0.00157924834639, -0.000390128610888, -0.000252790487139, -0.00171801773831, 0.00156490399968, -0.000592674012296, 0.000205994729185, 0.000438383285655], [-0.000166091223946, 5.83967885177e-05, -0.00120105838869, 5.1716418966e-05, -0.00157924834639, 0.00703784450889, -0.00216972245835, -0.000312749121804, 0.00175175501499, -0.00274570262991, 0.00246498989873, -0.00113345740829, 0.000607769237831], [0.000202975759748, 1.45738213178e-05, 0.00025746691972, -0.000194449414266, -0.000390128610888, -0.00216972245835, 0.00639768317342, -0.00263374578208, 0.000270887132501, 0.00128669734113, -0.00273013766855, 0.000375514937332, -0.00174099416472], [-0.000370733789168, 0.00100374105386, 8.918880485e-05, 0.000580993597396, -0.000252790487139, -0.000312749121804, -0.00263374578208, 0.00898523349315, -0.00504125934094, 0.0025296676904, -0.000693006964866, -0.000611644529272, 0.00147587468382], [0.00013740331633, -0.00127584813163, 0.000158637922141, 0.000842761714011, -0.00171801773831, 0.00175175501499, 0.000270887132501, -0.00504125934094, 0.0138863632455, -0.00979619752616, 0.00284831156023, 0.00298484950326, -0.00540571147576], [-0.000137419556268, 0.00205409736373, -0.00139680271968, -5.49379728909e-05, 0.00156490399968, -0.00274570262991, 0.00128669734113, 0.0025296676904, -0.00979619752616, 0.0175257399678, -0.00905887596309, 0.00403160555288, 0.000756554829422], [0.000333714095177, -0.00344801926985, 0.00159855501261, -0.0018993972335, -0.000592674012296, 0.00246498989873, -0.00273013766855, -0.000693006964866, 0.00284831156023, -0.00905887596309, 0.0202584676445, -0.0143249873072, 0.00390835432336], [-0.000243855567533, 0.00317105161957, -0.00162127369549, 0.00198855483904, 0.000205994729185, -0.00113345740829, 0.000375514937332, -0.000611644529272, 0.00298484950326, 0.00403160555288, -0.0143249873072, 0.0219230037183, -0.00948891788721], [8.44452224555e-05, -0.00131704693194, 0.0015432323562, -0.000445911631687, 0.000438383285655, 0.000607769237831, -0.00174099416472, 0.00147587468382, -0.00540571147576, 0.000756554829422, 0.00390835432336, -0.00948891788721, 0.0165061559528]]
    },
    "melbands": {
        "dmean": [0.00213440926746, 0.000622294726782, 0.000805750896689, 0.000333199684974, 0.000277817714959, 0.000159750328748, 0.000185275668628, 0.00011779567285, 9.72760390141e-05, 0.000117612362374, 4.86918434035e-05, 2.61017084995e-05, 2.71794888249e-05, 9.52901609708e-06, 7.18853880244e-06, 6.49765479466e-06, 7.25766267351e-06, 1.00287224996e-05, 4.00385169996e-06, 3.69536587641e-06, 3.85339808417e-06, 3.39097255164e-06, 2.72452803074e-06, 2.5929491585e-06, 2.19365460907e-06, 1.88274475477e-06, 1.38585107834e-06, 1.41368843742e-06, 1.29262173232e-06, 1.28952569867e-06, 1.16291971608e-06, 1.11799477054e-06, 1.15632394682e-06, 9.5256007171e-07, 7.05057573214e-07, 4.56964130535e-07, 4.37917549334e-07, 4.99332713844e-07, 4.9648139111e-07, 3.43992894614e-07],
        "dmean2": [0.00316816172563, 0.00106568587944, 0.00134702015202, 0.000519354711287, 0.000431197346188, 0.000244747381657, 0.000305719382595, 0.000177839639946, 0.000134850255563, 0.000151406464283, 6.46607222734e-05, 3.87321306334e-05, 4.11617947975e-05, 1.45261110447e-05, 1.12544075819e-05, 1.00639490483e-05, 1.13066171252e-05, 1.57440808835e-05, 6.44861393084e-06, 5.79904144615e-06, 5.95466008235e-06, 5.08433868163e-06, 4.25547932537e-06, 4.1368989514e-06, 3.36248967869e-06, 3.00895089822e-06, 2.30244904742e-06, 2.31999774769e-06, 2.12604868466e-06, 2.06922391044e-06, 1.87798070783e-06, 1.83754525551e-06, 1.928323627e-06, 1.6157458731e-06, 1.21258233321e-06, 7.72850057729e-07, 7.47546039293e-07, 8.68748259109e-07, 8.6616637418e-07, 5.81630672514e-07],
        "dvar": [5.2944287745e-05, 5.85871976e-06, 8.11365953268e-06, 8.78965693119e-07, 4.92117237627e-07, 1.33162686211e-07, 3.13347868541e-07, 1.15987127458e-07, 5.80101691128e-08, 7.33632248284e-08, 4.43226646496e-08, 1.24772645549e-08, 2.91121207141e-08, 3.64420693622e-09, 1.43741119008e-09, 1.90828086666e-09, 1.82162351869e-09, 6.67126842657e-09, 6.15779094382e-10, 7.79303149789e-11, 1.53363793887e-10, 5.71270142302e-10, 7.46881098634e-11, 9.71568658859e-11, 1.13383087641e-10, 1.15971919568e-10, 2.6761308447e-11, 3.0134027218e-11, 3.23358666232e-11, 3.69583912085e-11, 3.42463730985e-11, 2.62739153351e-11, 2.6948115614e-11, 1.72880217086e-11, 1.04297967832e-11, 3.87245010364e-12, 3.75378807899e-12, 5.81220878718e-12, 6.21098181566e-12, 2.47203516338e-12],
        "dvar2": [0.000103360158391, 1.65882793226e-05, 2.18438308366e-05, 2.10374469134e-06, 1.02577814687e-06, 2.98490448358e-07, 9.28092447339e-07, 2.52796695577e-07, 1.04343357066e-07, 1.14815613017e-07, 7.03532592183e-08, 2.51752076963e-08, 5.87625166304e-08, 7.11601044756e-09, 2.9455669015e-09, 3.42395556352e-09, 3.03815328451e-09, 1.32391102525e-08, 1.27175692199e-09, 1.81084411355e-10, 3.19586968001e-10, 1.05717545829e-09, 1.80507747638e-10, 2.32995650551e-10, 2.45032438784e-10, 2.5682755922e-10, 6.75608388678e-11, 7.59915880222e-11, 8.04364561069e-11, 8.2667504786e-11, 7.18555354107e-11, 6.12948025669e-11, 6.7045070884e-11, 4.60447166506e-11, 2.92057732165e-11, 1.03405504645e-11, 1.02244636369e-11, 1.63178897478e-11, 1.74406444148e-11, 6.56868266377e-12],
        "max": [0.0899470001459, 0.047676756978, 0.0495314449072, 0.0255320426077, 0.0161702539772, 0.0114703560248, 0.0120321325958, 0.0107346484438, 0.0101534584537, 0.00737562263384, 0.0109625961632, 0.00443819770589, 0.0077695469372, 0.0038429973647, 0.00342356693, 0.00388936512172, 0.00421000365168, 0.00601581158116, 0.00217928458005, 0.00027190768742, 0.000498037494253, 0.00176710635424, 0.000367952685338, 0.000396523508243, 0.000495460932143, 0.00080026028445, 0.000152418084326, 0.000189722195501, 0.000234750506934, 0.000224555347813, 0.000253621314187, 0.000141256532515, 0.000164109762409, 0.000102989542938, 8.90815936145e-05, 5.8479821746e-05, 6.18735939497e-05, 4.94377745781e-05, 5.53817772015e-05, 3.37551246048e-05],
        "mean": [0.00350191397592, 0.00152783142403, 0.00126757845283, 0.000734937959351, 0.000581443891861, 0.000442008138634, 0.000464836513856, 0.00033323749085, 0.000333542586304, 0.000399938231567, 0.00018858135445, 9.89368272712e-05, 9.25993808778e-05, 2.88652754534e-05, 1.85749431694e-05, 1.8378452296e-05, 1.96898763534e-05, 2.62465146079e-05, 1.01337564047e-05, 9.3413009381e-06, 9.34479157877e-06, 8.16597002995e-06, 5.44631984667e-06, 4.9806781135e-06, 4.83847088617e-06, 3.21596849062e-06, 2.05475112125e-06, 2.11061887967e-06, 1.7737302187e-06, 1.70352643636e-06, 1.46661488998e-06, 1.40472127441e-06, 1.41561088185e-06, 1.17417550882e-06, 8.66996344939e-07, 5.9606367131e-07, 5.40415271644e-07, 5.13219617915e-07, 5.12162898758e-07, 3.87508436006e-07],
        "median": [0.000906477798708, 0.000869863608386, 0.000148529710714, 0.000121383651276, 0.000211199963815, 0.000219849665882, 0.000122738740174, 7.72378552938e-05, 0.000121368590044, 0.000117899289762, 2.23084280151e-05, 8.68265669851e-06, 5.31220030098e-06, 2.90143771053e-06, 3.76937532565e-06, 3.66097333426e-06, 4.74082071378e-06, 5.22815935255e-06, 2.09205882129e-06, 1.65827248111e-06, 1.69633005953e-06, 1.19875073779e-06, 1.00340935205e-06, 7.56854433348e-07, 4.76515339187e-07, 3.57208790547e-07, 3.17220298029e-07, 2.40324283141e-07, 1.47402019479e-07, 1.0601122824e-07, 7.50695505758e-08, 6.58664447428e-08, 7.13129324481e-08, 6.2883152907e-08, 5.08402031585e-08, 3.73453161728e-08, 3.27487477136e-08, 2.82253331818e-08, 2.61879868901e-08, 2.06454071616e-08],
        "min": [3.74238019463e-24, 2.53529758075e-24, 1.2522493972e-23, 6.79134455381e-24, 4.35937000227e-24, 1.33395886035e-24, 3.77031336485e-24, 2.01409086979e-24, 8.6239378564e-24, 5.99622758718e-24, 1.80824463743e-23, 1.18657956674e-23, 5.28604096333e-24, 1.099668552e-23, 1.74085998114e-23, 1.83252041184e-23, 9.81615044221e-24, 1.07187311689e-23, 1.32340512417e-23, 1.48488187491e-23, 1.49991598604e-23, 1.25849891107e-23, 1.06454862228e-23, 1.41970855351e-23, 1.21830463357e-23, 1.18531320833e-23, 1.02693959973e-23, 1.09889341728e-23, 1.26806534838e-23, 1.2654184045e-23, 1.49059086128e-23, 7.9603709399e-24, 1.10097182911e-23, 6.62874217745e-24, 8.42585409424e-24, 1.11246884571e-23, 1.27830397407e-23, 1.08005139567e-23, 9.79548544194e-24, 1.00638685437e-23],
        "var": [7.64294600231e-05, 5.90474655837e-06, 1.00887564258e-05, 3.08215089717e-06, 1.30357045691e-06, 5.04949866809e-07, 9.38624168612e-07, 6.45934733257e-07, 3.43312336781e-07, 5.57068631224e-07, 4.07344401765e-07, 1.13071990882e-07, 1.96785379103e-07, 3.05962792879e-08, 1.79306951509e-08, 1.91500628688e-08, 1.5193327485e-08, 3.01035569805e-08, 2.84340373469e-09, 3.64725305513e-10, 7.18964054958e-10, 1.78255410432e-09, 2.49351733705e-10, 2.34946229138e-10, 5.52486778549e-10, 2.89994667169e-10, 3.69749925122e-11, 4.88683017663e-11, 4.92482790659e-11, 7.13704234601e-11, 5.66475442942e-11, 3.54619111853e-11, 3.11111449103e-11, 1.7097987956e-11, 8.90566006356e-12, 3.90963650343e-12, 3.62898535007e-12, 4.56388616135e-12, 4.77721378081e-12, 2.45099340129e-12]
    },
    "mfcc": {
        "mean": [-740.647949219, 154.052261353, 12.506111145, 11.2707414627, -1.49401855469, -6.8235244751, -10.7866420746, -1.15898406506, 3.5015847683, 9.98249340057, 5.55884218216, 0.54540926218, -0.485250234604],
        "cov": [[13921.9501953, -520.831604004, 916.77923584, 1654.1842041, 752.669250488, 593.461730957, 272.84286499, 298.894317627, -157.187820435, 119.289176941, 202.5859375, 6.96562480927, -136.769500732], [-520.831604004, 1944.65686035, 70.4447555542, -181.015472412, 60.3174972534, -77.8011856079, -86.9142684937, -83.5469741821, -16.6129627228, 105.230682373, 85.3062744141, 73.1890869141, 1.63377976418], [916.77923584, 70.4447555542, 1927.33740234, 822.81829834, 546.221557617, 656.40411377, 246.872940063, -88.5855865479, -208.112731934, 40.0636863708, 215.657745361, 96.6719665527, -36.4933815002], [1654.1842041, -181.015472412, 822.81829834, 1045.42749023, 521.65814209, 489.122650146, 274.970214844, 39.402431488, -107.29750061, 12.1088047028, 139.65083313, 95.1491699219, 0.378489792347], [752.669250488, 60.3174972534, 546.221557617, 521.65814209, 506.85256958, 344.588592529, 119.332847595, -4.42270183563, -59.1719932556, 49.9065132141, 119.532966614, 63.7956390381, -37.6724319458], [593.461730957, -77.8011856079, 656.40411377, 489.122650146, 344.588592529, 481.462799072, 205.651046753, 0.358889937401, -73.3627090454, 15.3698177338, 108.861076355, 64.3519668579, -13.0516624451], [272.84286499, -86.9142684937, 246.872940063, 274.970214844, 119.332847595, 205.651046753, 270.182312012, 130.858764648, -30.5184020996, -33.5938186646, 27.1700878143, 29.6004867554, 42.5090065002], [298.894317627, -83.5469741821, -88.5855865479, 39.402431488, -4.42270183563, 0.358889937401, 130.858764648, 210.15914917, 52.6903076172, -15.3601074219, -16.3130912781, -6.26569890976, 35.0185585022], [-157.187820435, -16.6129627228, -208.112731934, -107.29750061, -59.1719932556, -73.3627090454, -30.5184020996, 52.6903076172, 179.12020874, 91.1926116943, 9.34779262543, -4.29016637802, -4.00339174271], [119.289176941, 105.230682373, 40.0636863708, 12.1088047028, 49.9065132141, 15.3698177338, -33.5938186646, -15.3601074219, 91.1926116943, 170.401229858, 94.2275543213, 21.6888885498, -31.8551177979], [202.5859375, 85.3062744141, 215.657745361, 139.65083313, 119.532966614, 108.861076355, 27.1700878143, -16.3130912781, 9.34779262543, 94.2275543213, 153.348770142, 73.23878479, -17.7849349976], [6.96562480927, 73.1890869141, 96.6719665527, 95.1491699219, 63.7956390381, 64.3519668579, 29.6004867554, -6.26569890976, -4.29016637802, 21.6888885498, 73.23878479, 126.018562317, 50.4012641907], [-136.769500732, 1.63377976418, -36.4933815002, 0.378489792347, -37.6724319458, -13.0516624451, 42.5090065002, 35.0185585022, -4.00339174271, -31.8551177979, -17.7849349976, 50.4012641907, 125.526985168]],
