{
"lowlevel": {
    "average_loudness": 0.44294372201,
    "barkbands_crest": {
        "dmean": 2.34045672417,
        "dmean2": 3.88176012039,
        "dvar": 5.2586774826,
        "dvar2": 13.8552026749,
        "max": 25.8910751343,
        "mean": 13.3740243912,
        "median": 13.3298072815,
        "min": 2.44046974182,
        "var": 22.9450321198
    },
    "barkbands_flatness_db": {
        "dmean": 0.0308239758015,
        "dmean2": 0.0474735535681,
        "dvar": 0.00144644198008,
        "dvar2": 0.00310020009056,
        "max": 0.870856523514,
        "mean": 0.344544529915,
        "median": 0.316465258598,
        "min": 0.0199616923928,
        "var": 0.0234199762344
    },
    "barkbands_kurtosis": {
        "dmean": 6.88493824005,
        "dmean2": 10.9917497635,
        "dvar": 162.287597656,
        "dvar2": 377.986633301,
        "max": 361.590606689,
        "mean": 16.1576099396,
        "median": 8.99481105804,
        "min": -1.94033968449,
        "var": 506.198486328
    },
    "barkbands_skewness": {
        "dmean": 0.675175011158,
        "dmean2": 1.06189930439,
        "dvar": 0.620529711246,
        "dvar2": 1.44013702869,
        "max": 16.1928310394,
        "mean": 2.65652251244,
        "median": 2.39229393005,
        "min": -3.10307145119,
        "var": 3.51722049713
    },
    "barkbands_spread": {
        "dmean": 2.09673070908,
        "dmean2": 3.14636325836,
        "dvar": 17.9077167511,
        "dvar2": 35.8052101135,
        "max": 103.608711243,
        "mean": 7.32049703598,
        "median": 3.81492900848,
        "min": 0.119692005217,
        "var": 97.3336410522
    },
    "dissonance": {
        "dmean": 0.032470498234,
        "dmean2": 0.0536701083183,
        "dvar": 0.00144254241604,
        "dvar2": 0.00378317246214,
        "max": 0.500000178814,
        "mean": 0.40864738822,
        "median": 0.438097387552,
        "min": 0.0394495949149,
        "var": 0.00737014086917
    },
    "dynamic_complexity": 5.48704433441,
    "erbbands_crest": {
        "dmean": 2.41112947464,
        "dmean2": 3.83285045624,
        "dvar": 6.94164276123,
        "dvar2": 16.4552516937,
        "max": 32.1833686829,
        "mean": 10.6190795898,
        "median": 9.52381038666,
        "min": 2.08212995529,
        "var": 23.5161914825
    },
    "erbbands_flatness_db": {
        "dmean": 0.0177137311548,
        "dmean2": 0.0273241121322,
        "dvar": 0.000506133364979,
        "dvar2": 0.00119106669445,
        "max": 0.599925637245,
        "mean": 0.265056878328,
        "median": 0.247024178505,
        "min": 0.0434087403119,
        "var": 0.0115616256371
    },
    "erbbands_kurtosis": {
        "dmean": 1.88531792164,
        "dmean2": 3.04293823242,
        "dvar": 20.0993709564,
        "dvar2": 53.8965835571,
        "max": 142.457214355,
        "mean": 2.48292994499,
        "median": 0.468686580658,
        "min": -1.93749690056,
        "var": 39.1290092468
    },
    "erbbands_skewness": {
        "dmean": 0.407183587551,
        "dmean2": 0.617367565632,
        "dvar": 0.255331367254,
        "dvar2": 0.563196837902,
        "max": 7.16136169434,
        "mean": 0.748204946518,
        "median": 0.727202177048,
        "min": -7.51756286621,
        "var": 1.36225795746
    },
    "erbbands_spread": {
        "dmean": 5.11967325211,
        "dmean2": 7.78097629547,
        "dvar": 64.7359924316,
        "dvar2": 141.862442017,
        "max": 166.274963379,
        "mean": 25.6984653473,
        "median": 23.9087543488,
        "min": 0.400716215372,
        "var": 335.848999023
    },
    "hfc": {
        "dmean": 3.02749013901,
        "dmean2": 4.52911996841,
        "dvar": 23.5950717926,
        "dvar2": 47.3031272888,
        "max": 197.853210449,
        "mean": 11.9950561523,
        "median": 9.03395080566,
        "min": 1.15319710886e-16,
        "var": 137.696777344
    },
    "melbands_crest": {
        "dmean": 2.81261539459,
        "dmean2": 4.64302301407,
        "dvar": 7.06071186066,
        "dvar2": 19.075044632,
        "max": 30.7931213379,
        "mean": 17.473482132,
        "median": 17.9008369446,
        "min": 1.70456206799,
        "var": 30.715965271
    },
    "melbands_flatness_db": {
        "dmean": 0.0356196984649,
        "dmean2": 0.0542515739799,
        "dvar": 0.00190524512436,
        "dvar2": 0.00385378999636,
        "max": 1,
        "mean": 0.465673267841,
        "median": 0.440480798483,
        "min": 0.00419841287658,
        "var": 0.0327869802713
    },
    "melbands_kurtosis": {
        "dmean": 11.0447282791,
        "dmean2": 17.5485076904,
        "dvar": 439.785675049,
        "dvar2": 1022.09259033,
        "max": 637.18182373,
        "mean": 28.6748962402,
        "median": 16.4055309296,
        "min": -1.86423778534,
        "var": 1384.45361328
    },
    "melbands_skewness": {
        "dmean": 0.747622311115,
        "dmean2": 1.17022299767,
        "dvar": 0.844672262669,
        "dvar2": 1.96486055851,
        "max": 20.8823013306,
        "mean": 3.35380649567,
        "median": 3.02957224846,
        "min": -1.93291568756,
        "var": 4.64652585983
    },
    "melbands_spread": {
        "dmean": 2.32830762863,
        "dmean2": 3.53185462952,
        "dvar": 29.5407352448,
        "dvar2": 63.4313278198,
        "max": 192.303817749,
        "mean": 7.74481344223,
        "median": 3.28812217712,
        "min": 0.230561167002,
        "var": 177.115188599
    },
    "pitch_salience": {
        "dmean": 0.0717081651092,
        "dmean2": 0.117009460926,
        "dvar": 0.00464610336348,
        "dvar2": 0.0119378296658,
        "max": 0.920335769653,
        "mean": 0.453163027763,
        "median": 0.448430687189,
        "min": 0.0624037608504,
        "var": 0.0219709537923
    },
    "silence_rate_20dB": {
        "dmean": 0.000175208057044,
        "dmean2": 0.000350446818629,
        "dvar": 0.000175163251697,
        "dvar2": 0.000350377144059,
        "max": 1,
        "mean": 0.99956202507,
        "median": 1,
        "min": 0,
        "var": 0.000437701703049
    },
    "silence_rate_30dB": {
        "dmean": 0.0807709172368,
        "dmean2": 0.161555990577,
        "dvar": 0.0742510408163,
        "dvar2": 0.184358000755,
        "max": 1,
        "mean": 0.707603335381,
        "median": 1,
        "min": 0,
        "var": 0.206897974014
    },
    "silence_rate_60dB": {
        "dmean": 0.0159439332783,
        "dmean2": 0.0318906605244,
        "dvar": 0.0156922228634,
        "dvar2": 0.0336724184453,
        "max": 1,
        "mean": 0.142869651318,
        "median": 0,
        "min": 0,
        "var": 0.122434362769
    },
    "spectral_centroid": {
        "dmean": 102.419624329,
        "dmean2": 148.885101318,
        "dvar": 42601.3085938,
        "dvar2": 74950.7421875,
        "max": 11465.3388672,
        "mean": 507.010955811,
        "median": 332.823059082,
        "min": 90.8585891724,
        "var": 251891.796875
    },
    "spectral_complexity": {
        "dmean": 1.57599651814,
        "dmean2": 2.52829861641,
        "dvar": 3.09879517555,
        "dvar2": 6.44632291794,
        "max": 36,
        "mean": 9.95506286621,
        "median": 10,
        "min": 0,
        "var": 35.0978546143
    },
    "spectral_decrease": {
        "dmean": 5.58651835902e-09,
        "dmean2": 8.9832772332e-09,
        "dvar": 6.5496637358e-17,
        "dvar2": 1.69090527048e-16,
        "max": -1.0809895703e-28,
        "mean": -1.85253625773e-08,
        "median": -1.36936382233e-08,
        "min": -9.99798857038e-08,
        "var": 3.36051851494e-16
    },
    "spectral_energy": {
        "dmean": 0.0213126894087,
        "dmean2": 0.0342577323318,
        "dvar": 0.00094830134185,
        "dvar2": 0.00244716741145,
        "max": 0.381141573191,
        "mean": 0.0710071101785,
        "median": 0.052505068481,
        "min": 1.08678292753e-20,
        "var": 0.00489132292569
    },
    "spectral_energyband_high": {
        "dmean": 4.62788048026e-05,
        "dmean2": 5.98024926148e-05,
        "dvar": 1.3649044206e-07,
        "dvar2": 2.12020879076e-07,
        "max": 0.0274811312556,
        "mean": 0.000110288674477,
        "median": 2.91125752483e-06,
        "min": 7.51961137421e-21,
        "var": 4.85030739128e-07
    },
    "spectral_energyband_low": {
        "dmean": 0.0203982964158,
        "dmean2": 0.0331380516291,
        "dvar": 0.00093706761254,
        "dvar2": 0.00246664253063,
        "max": 0.363314390182,
        "mean": 0.0579736195505,
        "median": 0.0392911583185,
        "min": 1.465894908e-22,
        "var": 0.00400104792789
    },
    "spectral_energyband_middle_high": {
        "dmean": 0.000571839511395,
        "dmean2": 0.000776621862315,
        "dvar": 4.04891261496e-06,
        "dvar2": 8.10379424365e-06,
        "max": 0.0763706639409,
        "mean": 0.00156674825121,
        "median": 0.000730553641915,
        "min": 1.83928435768e-21,
        "var": 9.84239250101e-06
    },
    "spectral_energyband_middle_low": {
        "dmean": 0.00357346865349,
        "dmean2": 0.00556538533419,
        "dvar": 3.20939907397e-05,
        "dvar2": 7.81747949077e-05,
        "max": 0.121939890087,
        "mean": 0.0138873411343,
        "median": 0.00864260457456,
        "min": 3.82528699874e-22,
        "var": 0.000217345135752
    },
    "spectral_entropy": {
        "dmean": 0.186186671257,
        "dmean2": 0.274255096912,
        "dvar": 0.0630720704794,
        "dvar2": 0.117551803589,
        "max": 9.79932498932,
        "mean": 6.05967092514,
        "median": 6.24018383026,
        "min": 2.67587137222,
        "var": 1.03039109707
    },
    "spectral_flux": {
        "dmean": 0.0345245599747,
        "dmean2": 0.0556187368929,
        "dvar": 0.00189333863091,
        "dvar2": 0.00489075854421,
        "max": 0.459965229034,
        "mean": 0.0790050625801,
        "median": 0.0615235939622,
        "min": 1.04248880362e-10,
        "var": 0.00400205189362
    },
    "spectral_kurtosis": {
        "dmean": 38.0044212341,
        "dmean2": 65.7555999756,
        "dvar": 14154.5869141,
        "dvar2": 43844.15625,
        "max": 1992.82055664,
        "mean": 80.6214141846,
        "median": 20.7057037354,
        "min": -1.19954371452,
        "var": 23325.9335938
    },
    "spectral_rms": {
        "dmean": 0.00119746488053,
        "dmean2": 0.00186572480015,
        "dvar": 2.32137699641e-06,
        "dvar2": 5.46171850146e-06,
        "max": 0.0192832946777,
        "mean": 0.00702022062615,
        "median": 0.0071571264416,
        "min": 3.25618785407e-12,
        "var": 1.99918722501e-05
    },
    "spectral_rolloff": {
        "dmean": 129.635055542,
        "dmean2": 217.683563232,
        "dvar": 191221.4375,
        "dvar2": 400672.0625,
        "max": 18432.421875,
        "mean": 540.073242188,
        "median": 215.33203125,
        "min": 64.599609375,
        "var": 1841586.875
    },
    "spectral_skewness": {
        "dmean": 1.18297183514,
        "dmean2": 1.97082638741,
        "dvar": 4.5925154686,
        "dvar2": 13.0958995819,
        "max": 38.8763885498,
        "mean": 5.48812055588,
        "median": 3.4621014595,
        "min": -0.23182092607,
        "var": 25.8226528168
    },
    "spectral_spread": {
        "dmean": 363543.65625,
        "dmean2": 556757.9375,
        "dvar": 299364745216,
        "dvar2": 487231291392,
        "max": 40469460,
        "mean": 2360980.25,
        "median": 1887110,
        "min": 49582.2890625,
        "var": 3.48111791718e+12
    },
    "spectral_strongpeak": {
        "dmean": 0.297142237425,
        "dmean2": 0.493439674377,
        "dvar": 0.429956287146,
        "dvar2": 0.902902185917,
        "max": 15.9264879227,
        "mean": 0.715002179146,
        "median": 0.534079790115,
        "min": 2.60863483592e-11,
        "var": 0.794880747795
    },
    "zerocrossingrate": {
        "dmean": 0.00397015642375,
        "dmean2": 0.00474818656221,
        "dvar": 5.35454346391e-05,
        "dvar2": 5.59060754313e-05,
        "max": 0.49755859375,
        "mean": 0.0216041356325,
        "median": 0.0126953125,
        "min": 0.00244140625,
        "var": 0.00138569972478
    },
    "barkbands": {
        "dmean": [2.67135037575e-05, 0.0141719132662, 0.00902917142957, 0.00223325868137, 0.00129313848447, 0.000630945258308, 0.000472559710033, 0.000303205888486, 0.000287133152597, 0.000118608921184, 7.29049206711e-05, 9.44483690546e-05, 0.000199812377105, 5.36510524398e-05, 0.000143044875585, 3.69981862605e-05, 4.66309502372e-05, 2.85898859147e-05, 2.32330621657e-05, 1.00653887785e-05, 1.92348143173e-05, 1.04125165308e-05, 4.28716430179e-06, 4.9078248594e-06, 8.87433816388e-06, 5.03177034261e-06, 2.383638531e-07],
        "dmean2": [4.47884194728e-05, 0.0232795719057, 0.0147797912359, 0.00367072597146, 0.00189151044469, 0.00104403041769, 0.000674893381074, 0.000430150772445, 0.000389550754335, 0.000162463809829, 0.00010379608284, 0.000133006251417, 0.000282750610495, 8.00658963271e-05, 0.000195714150323, 5.63918802072e-05, 7.52466730773e-05, 4.38895403931e-05, 3.52613496943e-05, 1.43632050822e-05, 2.72123907052e-05, 1.58801030921e-05, 6.04910383117e-06, 6.51578466204e-06, 1.14152544484e-05, 6.71382122164e-06, 3.45617081621e-07],
        "dvar": [2.36246364693e-08, 0.000543238362297, 0.00019892702403, 1.67525849974e-05, 4.39799032392e-06, 1.8200547629e-06, 2.35099628298e-06, 8.52406969898e-07, 1.81389373211e-06, 1.84725706731e-07, 2.06426520322e-07, 2.35998470544e-07, 1.45768183302e-06, 6.7551219729e-08, 1.6236325564e-06, 2.54468908167e-08, 3.93975625457e-08, 1.07488666856e-08, 1.01502761751e-08, 4.99908914264e-09, 5.39795266263e-08, 7.57518758832e-09, 7.20632276074e-10, 7.82451492487e-10, 3.40162231716e-09, 1.79566683745e-09, 1.56202362243e-12],
        "dvar2": [6.97018762708e-08, 0.00148773624096, 0.000523913186044, 4.4500495278e-05, 9.74598879111e-06, 5.12376391271e-06, 4.3029981498e-06, 1.46407421653e-06, 3.93375421481e-06, 3.1579475035e-07, 4.25676432769e-07, 5.10430311351e-07, 3.13596729029e-06, 1.57851502536e-07, 3.15504712489e-06, 5.92559281642e-08, 1.13833827697e-07, 2.41161544068e-08, 2.28344365638e-08, 1.00485975096e-08, 1.0855763577e-07, 1.71793743675e-08, 1.33850541761e-09, 1.06126718524e-09, 4.64249305665e-09, 2.90471957598e-09, 3.2590763855e-12],
        "max": [0.00502040376887, 0.291554033756, 0.155819892883, 0.0629963874817, 0.0715386196971, 0.0347334519029, 0.0691130831838, 0.0366631709039, 0.0717097595334, 0.0203734375536, 0.0248111411929, 0.0279656480998, 0.0711150914431, 0.0141510078683, 0.0526053905487, 0.0094628110528, 0.0064894692041, 0.00388030777685, 0.00517611950636, 0.00376092153601, 0.0140297403559, 0.00509643321857, 0.00157433282584, 0.00237394496799, 0.004481412936, 0.00266753835604, 4.42785203632e-05],
        "mean": [5.22212721989e-05, 0.0383867025375, 0.017056144774, 0.00515272794291, 0.00439493870363, 0.00136206438765, 0.00127584964503, 0.000838553649373, 0.000740033574402, 0.000271480559604, 0.00015513614926, 0.000191908708075, 0.000374614930479, 0.000117518458865, 0.000213875377085, 0.000102242287539, 9.75633665803e-05, 6.04558445048e-05, 4.22345146944e-05, 1.92243060155e-05, 3.14614881063e-05, 1.95582651941e-05, 9.58714917942e-06, 1.12260877358e-05, 1.94172953343e-05, 9.81759330898e-06, 6.05182151503e-07],
        "median": [6.64994786348e-06, 0.0208295956254, 0.00757998833433, 0.00242497865111, 0.00239265710115, 0.00041992860497, 0.000288453826215, 0.000235769926803, 0.000110664848762, 8.68717834237e-05, 4.34816574852e-05, 3.82559992431e-05, 9.00297745829e-05, 2.84424386336e-05, 2.89330091618e-05, 1.37411661854e-05, 1.65011333593e-05, 9.18807108974e-06, 4.88927662445e-06, 1.27268663164e-06, 3.88733838008e-07, 3.00061259395e-07, 1.01002036956e-07, 1.00994419938e-07, 1.17250053222e-07, 4.28525623875e-08, 8.2564666215e-09],
        "min": [1.73798316319e-23, 1.24366913069e-22, 2.84147540288e-24, 9.36082150544e-24, 4.28583649077e-23, 1.83935021179e-23, 3.86625305042e-23, 1.5543662265e-22, 1.02267372395e-22, 3.21316488886e-23, 1.27107579936e-22, 6.96243586238e-23, 1.05772275086e-22, 1.01006760046e-22, 1.20508108443e-22, 1.5679263037e-22, 2.63902371789e-22, 2.47419015889e-22, 3.89764182584e-22, 3.7301960644e-22, 3.69549451494e-22, 7.21028056024e-22, 4.81784441147e-22, 9.24639593741e-22, 1.2172466575e-21, 1.64979910996e-21, 2.31304034051e-21],
        "var": [2.22668798955e-08, 0.00236193439923, 0.000481866241898, 4.94662126584e-05, 3.56050295522e-05, 6.2221843109e-06, 1.30742791953e-05, 5.63279218113e-06, 6.98515896147e-06, 5.99550389779e-07, 3.70557444285e-07, 4.48364431804e-07, 2.69609290626e-06, 2.43174270054e-07, 2.39667224378e-06, 2.04789500913e-07, 1.33881243869e-07, 3.49724729176e-08, 2.00719760812e-08, 9.22393361691e-09, 1.17258800003e-07, 1.75565890714e-08, 2.32004615519e-09, 3.3733393856e-09, 1.40600002752e-08, 5.9883094039e-09, 6.46273052435e-12]
    },
    "erbbands": {
        "dmean": [0.192424178123, 3.90271067619, 11.2862663269, 6.85817050934, 5.54812574387, 4.53480672836, 3.54964780807, 6.25624322891, 7.27696275711, 5.90262317657, 6.14900398254, 6.9016084671, 3.44114899635, 3.44932889938, 2.87955713272, 4.96768283844, 9.54523277283, 3.67839503288, 8.20329666138, 2.48222470284, 1.72075033188, 2.0141916275, 2.04794621468, 0.775774478912, 1.42277216911, 0.485182642937, 0.734575331211, 0.638261556625, 0.452095597982, 0.182948932052, 0.14507368207, 0.10175511986, 0.0857361853123, 0.0915880352259, 0.0699315667152, 0.0353000760078, 0.00618388736621, 0.000579016807023, 4.76271816297e-05, 2.39360979322e-05],
        "dmean2": [0.322409719229, 6.40735244751, 18.5830421448, 11.0508174896, 8.44766330719, 6.56570529938, 5.6585278511, 10.445441246, 10.148103714, 8.69245529175, 8.72147083282, 9.1253786087, 4.92840671539, 4.68091535568, 4.05905008316, 6.83122491837, 13.3862466812, 5.43039941788, 11.1123781204, 3.65234994888, 2.60577821732, 3.23442387581, 3.20422911644, 1.17112958431, 2.17619562149, 0.676465988159, 1.00827455521, 0.915382862091, 0.704952001572, 0.254228651524, 0.204222708941, 0.143228396773, 0.10973893106, 0.120409436524, 0.0952796936035, 0.0473481677473, 0.00825926382095, 0.000765176140703, 6.89546650392e-05, 3.8225294702e-05],
        "dvar": [0.0996278226376, 40.6833076477, 301.680664062, 124.661376953, 85.8835678101, 66.5866317749, 47.8256187439, 188.985397339, 518.788146973, 233.185516357, 580.230712891, 940.398010254, 119.493759155, 246.622543335, 390.252532959, 667.877563477, 3784.6809082, 231.214111328, 5573.20410156, 141.04045105, 34.9626846313, 74.4001464844, 52.452091217, 10.0104751587, 41.1595611572, 8.05445671082, 86.0731201172, 68.3762054443, 17.8843135834, 1.51164221764, 0.760513961315, 0.266396522522, 0.306751191616, 0.353094100952, 0.248932406306, 0.0961262732744, 0.00195051135961, 1.35131094794e-05, 4.6176200641e-08, 1.14212650448e-09],
        "dvar2": [0.278865545988, 110.915374756, 812.594909668, 316.685638428, 205.401123047, 142.21774292, 124.476676941, 548.615661621, 923.746643066, 464.934906006, 1132.66479492, 1863.41113281, 247.572525024, 429.834197998, 775.427307129, 1456.02685547, 8175.52539062, 541.709411621, 10728.9892578, 294.088806152, 76.244644165, 215.074142456, 127.093933105, 20.5379886627, 93.235786438, 14.9757051468, 184.018463135, 128.65637207, 44.4677734375, 2.40254116058, 1.43028748035, 0.421997576952, 0.428449690342, 0.567647635937, 0.386778503656, 0.161243483424, 0.0028388609644, 2.09531644941e-05, 9.32226242867e-08, 2.91002755226e-09],
        "max": [4.1192855835, 80.9672088623, 161.633666992, 164.141372681, 170.159378052, 306.206604004, 248.843963623, 305.280059814, 987.856201172, 690.201171875, 992.829284668, 1695.06079102, 375.742889404, 745.98840332, 1188.96130371, 1443.03881836, 3648.90087891, 710.602539062, 3081.09423828, 434.064971924, 366.07333374, 308.374725342, 243.770446777, 168.39390564, 335.796478271, 148.048446655, 543.106872559, 686.002746582, 230.293701172, 77.4818878174, 53.1763877869, 37.051651001, 41.7780647278, 32.296245575, 41.1217956543, 21.4543228149, 2.93687009811, 0.201421305537, 0.0074696643278, 0.000447793281637],
        "mean": [0.515649199486, 10.4528160095, 23.5936508179, 16.7983207703, 17.1794815063, 14.4056463242, 9.32823467255, 12.7095193863, 20.5521469116, 17.4274864197, 16.5943965912, 18.8807678223, 8.47712802887, 7.56085968018, 6.64438867569, 10.6394662857, 18.2868499756, 8.11560726166, 12.4645442963, 5.7734670639, 5.02244234085, 4.38453912735, 4.44334983826, 1.6302126646, 2.42418599129, 0.996030986309, 1.19896233082, 1.04519128799, 0.829219460487, 0.381160825491, 0.320314615965, 0.224117547274, 0.188765272498, 0.190014883876, 0.149134591222, 0.0690888166428, 0.0129678240046, 0.0013039218029, 0.000135059672175, 8.20594286779e-05],
        "median": [0.325031936169, 5.60425281525, 12.6542816162, 10.4751243591, 9.73352432251, 6.29454898834, 3.8075761795, 4.15745544434, 4.65463590622, 6.16155958176, 5.25862884521, 3.18651628494, 3.57687950134, 2.45692205429, 2.03826379776, 2.77010464668, 4.89384365082, 2.73521637917, 1.94133126736, 1.17287325859, 0.958362936974, 0.817948937416, 0.631753802299, 0.256819248199, 0.247277706861, 0.0649952366948, 0.0209724083543, 0.01491009444, 0.0108978087083, 0.00452705379575, 0.00314244395122, 0.00245414464734, 0.00152495515067, 0.00129283941351, 0.000785339740105, 0.000337261357345, 8.32313235151e-05, 1.27877556224e-05, 4.01562101615e-05, 6.3090788899e-05],
        "min": [5.91907626175e-21, 1.91986972275e-20, 6.05460059627e-21, 1.97550537376e-20, 7.88139820216e-20, 1.47897153489e-19, 1.19004613572e-19, 2.42365780634e-19, 4.38214852727e-19, 1.10693919618e-18, 4.19953186343e-18, 2.39467774038e-18, 1.27857524417e-18, 3.15642898686e-18, 3.02590216095e-18, 3.06807410332e-18, 3.85546029738e-18, 6.44963187442e-18, 7.1652361621e-18, 6.05075752483e-18, 9.72832973635e-18, 1.32805849122e-17, 1.07185112517e-17, 1.87043883364e-17, 2.23291235591e-17, 1.73661159844e-17, 1.45394545429e-17, 2.04172213047e-17, 2.35226823173e-17, 1.42253724099e-17, 1.47416935852e-17, 1.42504922308e-17, 1.86414580898e-17, 1.489597435e-17, 8.66870640859e-18, 4.99679004451e-18, 3.01629735327e-18, 1.17318809143e-18, 3.53109212182e-19, 3.46085065838e-20],
        "var": [0.391760110855, 176.813049316, 789.37677002, 393.658721924, 425.485473633, 577.250427246, 260.574890137, 563.15020752, 3148.98046875, 1842.74804688, 2312.69189453, 3856.14306641, 439.175689697, 639.30657959, 728.427490234, 1239.46386719, 6869.60058594, 794.55480957, 8224.46875, 416.661560059, 301.918304443, 238.672744751, 188.514190674, 23.5485839844, 72.015083313, 18.8010883331, 142.535842896, 153.077209473, 37.7253646851, 5.37422037125, 2.36658167839, 1.07542955875, 1.23591840267, 1.31553125381, 0.924793720245, 0.30747243762, 0.00754769938067, 5.05470816279e-05, 1.93802776494e-07, 6.08550276837e-09]
    },
    "gfcc": {
        "mean": [-148.890762329, 185.920272827, -60.6571311951, 12.7240743637, -21.9082565308, 3.06789064407, -26.1573753357, 4.64564418793, -14.410243988, -6.12663030624, -6.61826658249, -10.340262413, -11.383441925],
        "cov": [[27994.7148438, -3092.05419922, -5095.77832031, 1256.16296387, 175.15007019, 1514.41906738, -1171.57788086, 854.542602539, -297.838623047, 846.331115723, 40.7307090759, 58.4850082397, -634.675537109], [-3092.05419922, 3628.76464844, 647.258666992, -954.963134766, 907.823303223, -495.054656982, 564.882019043, -486.377563477, 335.397949219, -406.716461182, 262.643554688, -252.565353394, 290.502685547], [-5095.77832031, 647.258666992, 3650.72412109, 101.853172302, -172.76361084, 159.291870117, 245.166442871, -33.2890892029, 225.980697632, -193.731124878, -50.5497055054, 62.3763198853, 90.8117980957], [1256.16296387, -954.963134766, 101.853172302, 851.191833496, 64.9944610596, 5.8049826622, -198.413925171, 95.4689331055, -60.6934394836, 108.695129395, -4.08969163895, 42.1954574585, -44.3811912537], [175.15007019, 907.823303223, -172.76361084, 64.9944610596, 988.250183105, -133.085220337, 1.37348735332, -195.279083252, 116.95904541, -89.5845565796, 160.966140747, -99.8690338135, 91.8767166138], [1514.41906738, -495.054656982, 159.291870117, 5.8049826622, -133.085220337, 482.390441895, -45.2773246765, 77.6335525513, -18.2462024689, 67.0743789673, -37.1007652283, 67.5579910278, -77.1691513062], [-1171.57788086, 564.882019043, 245.166442871, -198.413925171, 1.37348735332, -45.2773246765, 405.143188477, -73.0714492798, -0.774103283882, -64.6173248291, -5.4380364418, -52.3681488037, 78.2765350342], [854.542602539, -486.377563477, -33.2890892029, 95.4689331055, -195.279083252, 77.6335525513, -73.0714492798, 260.844055176, 4.38232946396, 17.1021556854, -39.1851921082, 43.6406707764, -55.4055366516], [-297.838623047, 335.397949219, 225.980697632, -60.6934394836, 116.95904541, -18.2462024689, -0.774103283882, 4.38232946396, 176.65814209, -27.3495750427, 15.0060033798, -27.1094284058, 33.4060287476], [846.331115723, -406.716461182, -193.731124878, 108.695129395, -89.5845565796, 67.0743789673, -64.6173248291, 17.1021556854, -27.3495750427, 175.988647461, -15.2374277115, -4.71126794815, -44.872467041], [40.7307090759, 262.643554688, -50.5497055054, -4.08969163895, 160.966140747, -37.1007652283, -5.4380364418, -39.1851921082, 15.0060033798, -15.2374277115, 133.832885742, -4.15028762817, -6.83964347839], [58.4850082397, -252.565353394, 62.3763198853, 42.1954574585, -99.8690338135, 67.5579910278, -52.3681488037, 43.6406707764, -27.1094284058, -4.71126794815, -4.15028762817, 119.39793396, -11.6834192276], [-634.675537109, 290.502685547, 90.8117980957, -44.3811912537, 91.8767166138, -77.1691513062, 78.2765350342, -55.4055366516, 33.4060287476, -44.872467041, -6.83964347839, -11.6834192276, 115.133232117]],
        "icov": [[0.000139655967359, -0.000354600546416, 0.000235964063904, -0.00042044906877, 4.48187165603e-05, -0.000625624496024, 0.000279315485386, -0.000524949165992, 0.000250205222983, -0.000445474579465, 0.000290193711407, -1.96326145669e-05, 0.00018780134269], [-0.000354600546416, 0.0027956161648, -0.000809423974715, 0.00246064877138, -0.000763392541558, 0.0023854507599, -0.00170928507578, 0.00258918106556, -0.00226774718612, 0.00273725879379, -0.00278998841532, 0.0013437771704, -0.00111005350482], [0.000235964063904, -0.000809423974715, 0.000828644377179, -0.00115500343964, 0.000397130468627, -0.00137317983899, 0.000299189443467, -0.000688062224071, -0.000151318236021, -0.000347555964254, 0.000733330787625, -0.000345107167959, 0.000389428256312], [-0.00042044906877, 0.00246064877138, -0.00115500343964, 0.00409447448328, -0.00125814252533, 0.00287796673365, -0.00088261521887, 0.00154095119797, -0.000737494090572, 0.00111618451774, -0.00211673974991, 0.000624261680059, -0.00117585703265], [4.48187165603e-05, -0.000763392541558, 0.000397130468627, -0.00125814252533, 0.0023338033352, -0.000878691265825, 0.000695835915394, 0.000619784579612, -0.000583161832765, 0.00057579803979, -0.00112856156193, 0.000897837278899, -0.000833450059872], [-0.000625624496024, 0.0023854507599, -0.00137317983899, 0.00287796673365, -0.000878691265825, 0.00602208776399, -0.00187093112618, 0.00238371151499, -0.00168983673211, 0.00135643826798, -0.00122656289022, -0.00108407763764, 0.000717552204151], [0.000279315485386, -0.00170928507578, 0.000299189443467, -0.00088261521887, 0.000695835915394, -0.00187093112618, 0.00483144866303, -0.00164179084823, 0.00263382145204, -0.00130114436615, 0.0012226953404, 0.00118709926028, -0.00168601504993], [-0.000524949165992, 0.00258918106556, -0.000688062224071, 0.00154095119797, 0.000619784579612, 0.00238371151499, -0.00164179084823, 0.00873179268092, -0.00413835281506, 0.00418253010139, -0.00174284924287, 5.64317706448e-05, 0.000864309840836], [0.000250205222983, -0.00226774718612, -0.000151318236021, -0.000737494090572, -0.000583161832765, -0.00168983673211, 0.00263382145204, -0.00413835281506, 0.0104283215478, -0.00303046521731, 0.00185225857422, 0.000718422117643, -0.00153711286839], [-0.000445474579465, 0.00273725879379, -0.000347555964254, 0.00111618451774, 0.00057579803979, 0.00135643826798, -0.00130114436615, 0.00418253010139, -0.00303046521731, 0.0113850347698, -0.00273824995384, 0.00309152202681, 0.000156734531629], [0.000290193711407, -0.00278998841532, 0.000733330787625, -0.00211673974991, -0.00112856156193, -0.00122656289022, 0.0012226953404, -0.00174284924287, 0.00185225857422, -0.00273824995384, 0.0132272969931, -0.00354541628622, 0.00447483360767], [-1.96326145669e-05, 0.0013437771704, -0.000345107167959, 0.000624261680059, 0.000897837278899, -0.00108407763764, 0.00118709926028, 5.64317706448e-05, 0.000718422117643, 0.00309152202681, -0.00354541628622, 0.0129088200629, -0.00311321625486], [0.00018780134269, -0.00111005350482, 0.000389428256312, -0.00117585703265, -0.000833450059872, 0.000717552204151, -0.00168601504993, 0.000864309840836, -0.00153711286839, 0.000156734531629, 0.00447483360767, -0.00311321625486, 0.0149265462533]]
    },
    "melbands": {
        "dmean": [0.00294569390826, 0.0055273110047, 0.00118075415958, 0.000337053381372, 0.000136051312438, 0.000133453286253, 0.000109627580969, 6.46158805466e-05, 5.3855299484e-05, 4.01868674089e-05, 1.67173711816e-05, 1.43459647006e-05, 9.14765678317e-06, 1.05157077996e-05, 1.94375406863e-05, 1.64637003763e-05, 6.37714265395e-06, 1.19927271953e-05, 6.98659914633e-06, 3.26796634909e-06, 1.898991286e-06, 1.92014977074e-06, 2.8528720577e-06, 1.2897534134e-06, 5.76733555135e-07, 1.05147546492e-06, 7.81674430073e-07, 2.52103347975e-07, 3.6175600826e-07, 6.32543674328e-07, 2.94106797583e-07, 2.94762628528e-07, 1.63333609748e-07, 8.00398538559e-08, 9.78980878585e-08, 6.50967493243e-08, 6.57191492337e-08, 5.66769813304e-08, 7.90330147993e-08, 8.26178307989e-08],
        "dmean2": [0.00489392830059, 0.00904543790966, 0.00187516002916, 0.000494679727126, 0.000211326201679, 0.00022052913846, 0.000153094078996, 9.47698281379e-05, 7.55965083954e-05, 5.34815226274e-05, 2.41137240664e-05, 1.94916574401e-05, 1.30843372972e-05, 1.43520992424e-05, 2.75074489764e-05, 2.33513746934e-05, 9.58781856752e-06, 1.63356598932e-05, 9.65859726421e-06, 5.04607032781e-06, 2.90907041745e-06, 3.07357890961e-06, 4.59809143649e-06, 1.9619737941e-06, 8.70130179464e-07, 1.61976527124e-06, 1.18196851417e-06, 3.53452350055e-07, 5.09096366841e-07, 9.20246975511e-07, 4.039694943e-07, 4.77857440728e-07, 2.35647462432e-07, 1.13622448339e-07, 1.40444797125e-07, 9.2966317311e-08, 9.38317299415e-08, 7.52126467773e-08, 1.09248375679e-07, 1.12728024249e-07],
        "dvar": [2.32630682149e-05, 7.08087609382e-05, 3.41498025591e-06, 3.20445138868e-07, 6.01188077098e-08, 8.5433434549e-08, 1.20023571526e-07, 2.62534900486e-08, 5.02918666712e-08, 2.92835800053e-08, 2.97568281127e-09, 4.46791448283e-09, 3.38691963364e-09, 2.88909451918e-09, 1.16349117008e-08, 7.92842680397e-09, 1.01680175391e-09, 1.12831788357e-08, 3.21092974431e-09, 2.18124490692e-10, 3.34627291154e-11, 5.2694307251e-11, 1.61399740795e-10, 2.46649072694e-11, 7.00175898163e-12, 2.4439885879e-11, 1.97298236776e-11, 2.03309027599e-12, 2.21514594861e-11, 6.46511524871e-11, 1.51886662969e-11, 8.497784941e-12, 1.35733189011e-12, 2.91025341846e-13, 3.39733232865e-13, 1.17081095253e-13, 1.19053570713e-13, 1.31191932318e-13, 3.048835327e-13, 2.82412331368e-13],
        "dvar2": [6.50669899187e-05, 0.000187558747712, 8.47601040732e-06, 6.99375277691e-07, 1.45081585856e-07, 2.38666871155e-07, 2.15726061015e-07, 5.12348492521e-08, 1.088413768e-07, 5.80118033611e-08, 6.17694251304e-09, 7.66687957565e-09, 7.07455694027e-09, 5.89343507329e-09, 2.47491200867e-08, 1.74232184236e-08, 2.41207120943e-09, 2.15707736118e-08, 6.35667651849e-09, 5.22481280463e-10, 7.27770621545e-11, 1.47619055868e-10, 4.597169867e-10, 5.34364011373e-11, 1.48732536703e-11, 5.4759207585e-11, 4.38229834365e-11, 3.62302505705e-12, 4.84187689942e-11, 1.46518713828e-10, 2.49084034648e-11, 2.25823283684e-11, 2.4201452474e-12, 5.26906263846e-13, 6.82119996338e-13, 2.05620717393e-13, 2.11058817992e-13, 1.89079071952e-13, 5.22612714823e-13, 4.91768626688e-13],
        "max": [0.058929912746, 0.0955080389977, 0.0314643159509, 0.020661951974, 0.00810807943344, 0.00766614452004, 0.0155989360064, 0.00856704264879, 0.0091264275834, 0.00911826826632, 0.00183665333316, 0.00332479318604, 0.00334823410958, 0.0028836755082, 0.00631962856278, 0.00487624807283, 0.00163420208264, 0.00437181303278, 0.0023472525645, 0.000881691696122, 0.000295304897008, 0.000241760208155, 0.000370326306438, 0.000222383780056, 0.000150807842147, 0.00026401859941, 0.000220411573537, 5.84321242059e-05, 0.000279847910861, 0.000515453401022, 0.0003604843223, 0.000133657915285, 8.24946910143e-05, 3.21822190017e-05, 3.24121756421e-05, 2.56611729128e-05, 2.58175405179e-05, 2.95281752187e-05, 3.10454670398e-05, 2.88333885692e-05],
        "mean": [0.00793620664626, 0.0137378647923, 0.00311824935488, 0.00115788832773, 0.000380745652365, 0.000276764680166, 0.000305611349177, 0.000188917983905, 0.000142548524309, 0.000106530183984, 3.87403415516e-05, 3.00808114844e-05, 2.04301959457e-05, 2.23267070396e-05, 3.7890389649e-05, 3.10267059831e-05, 1.35296704684e-05, 1.81937957677e-05, 1.10364808279e-05, 9.19151534617e-06, 5.07332924826e-06, 4.22575476478e-06, 5.4848947002e-06, 2.71989915746e-06, 1.0383296285e-06, 1.85285841781e-06, 1.21442019463e-06, 5.54541543352e-07, 5.72706426283e-07, 9.75620650934e-07, 4.59643899831e-07, 5.25566065335e-07, 2.96636983421e-07, 1.57982682936e-07, 2.03669600296e-07, 1.38482874945e-07, 1.30985952751e-07, 1.24421106307e-07, 1.47694805719e-07, 1.65463944768e-07],
        "median": [0.00478215329349, 0.00828283466399, 0.00193726993166, 0.000625143293291, 0.000165244971868, 8.67257185746e-05, 6.88814252499e-05, 6.35562100797e-05, 3.80397686968e-05, 1.7268503143e-05, 1.48486942635e-05, 8.6932850536e-06, 5.57458952244e-06, 5.01681461174e-06, 8.87944224814e-06, 6.92205867381e-06, 3.28168016495e-06, 2.7144417345e-06, 1.66583072314e-06, 1.14761360237e-06, 9.70836708802e-07, 8.14259067283e-07, 6.40226176074e-07, 3.81375855341e-07, 1.44152124903e-07, 1.91062667909e-07, 1.02399340562e-07, 2.14576161284e-08, 1.0943300488e-08, 8.36658031744e-09, 6.6761853823e-09, 5.62126123427e-09, 3.18574944203e-09, 1.62773095003e-09, 1.6562982097e-09, 1.56813495522e-09, 1.29121124903e-09, 9.08322306259e-10, 1.00914243628e-09, 1.0200986722e-09],
        "min": [4.38879514513e-23, 9.4622437743e-24, 4.36505532282e-24, 9.00006752487e-24, 4.93957956465e-24, 4.9869830053e-24, 6.78680544817e-24, 1.71606529402e-23, 3.45909984913e-23, 1.30215999559e-23, 5.75255200344e-24, 1.17087310946e-23, 1.37509468278e-23, 8.05067500316e-24, 6.78337863639e-24, 1.10443398185e-23, 1.18402807503e-23, 1.13973179971e-23, 7.60303430477e-24, 9.86456520255e-24, 1.15648184108e-23, 1.29484709722e-23, 1.4319911178e-23, 8.96716886968e-24, 1.58048992336e-23, 1.64416235801e-23, 1.60097427448e-23, 1.04319447312e-23, 7.00059148665e-24, 1.08349572016e-23, 1.33443616064e-23, 1.57553161702e-23, 9.7485537401e-24, 6.76064050966e-24, 7.85235616045e-24, 8.05329954339e-24, 1.01006239398e-23, 1.54397512978e-23, 8.52672416047e-24, 1.42281524552e-23],
        "var": [9.54969291342e-05, 0.000251625082456, 1.28288320411e-05, 2.67686823463e-06, 3.59890862001e-07, 2.85728077642e-07, 7.16262263722e-07, 2.3946734018e-07, 1.91166151353e-07, 1.16727598254e-07, 1.05657207428e-08, 1.17837144487e-08, 6.05343153381e-09, 5.94697313616e-09, 2.24764509227e-08, 1.42211495913e-08, 3.56418894398e-09, 1.67544111918e-08, 4.90718488066e-09, 1.83976500701e-09, 2.46324655118e-10, 1.87623236392e-10, 4.33018954027e-10, 9.00945776316e-11, 1.36499301445e-11, 4.6724284164e-11, 2.89616247651e-11, 6.6724993586e-12, 3.08690746575e-11, 1.16366492831e-10, 3.56216826869e-11, 1.5982479229e-11, 4.02119917225e-12, 9.37520135309e-13, 9.76332729941e-13, 4.12585601534e-13, 4.05472232396e-13, 5.27011702507e-13, 9.7245995978e-13, 9.90767038724e-13]
    },
    "mfcc": {
        "mean": [-787.875427246, 202.239227295, 33.4828186035, 28.622095108, 26.5868854523, 6.09251689911, 6.11143350601, 7.7899851799, -0.645925283432, 4.97586870193, 6.81696128845, 0.403670430183, -0.48970836401],
        "cov": [[15768.6396484, 644.705078125, -3569.7019043, -910.05090332, 238.70350647, 1.21733641624, -17.6805381775, 128.804840088, -391.453094482, 142.197174072, 411.414581299, 238.106292725, 355.398742676], [644.705078125, 2968.95874023, -345.64730835, -255.381866455, 434.47164917, 236.201889038, 92.9938049316, 71.8896408081, -43.5591888428, 33.5434265137, 38.1343536377, 15.9176464081, 51.3311767578], [-3569.7019043, -345.64730835, 2549.59375, 509.283630371, -8.53155231476, 228.292419434, -25.5782985687, 146.227676392, 198.722167969, 47.0320396423, -30.5004959106, -37.0031166077, -37.5447540283], [-910.05090332, -255.381866455, 509.283630371, 642.253662109, 147.52142334, 17.2272071838, 48.1379394531, -47.0965194702, 65.9012985229, 3.02366876602, -20.23021698, 15.4359283447, -13.4913492203], [238.70350647, 434.47164917, -8.53155231476, 147.52142334, 532.220581055, 158.772323608, -12.0504102707, 40.3059196472, -67.3893280029, 10.6454086304, 12.8410110474, 37.0013237, 59.4622497559], [1.21733641624, 236.201889038, 228.292419434, 17.2272071838, 158.772323608, 365.639465332, 93.349861145, -3.81196522713, 7.37447118759, -31.3923778534, 39.4425163269, 20.2194404602, 2.66000914574], [-17.6805381775, 92.9938049316, -25.5782985687, 48.1379394531, -12.0504102707, 93.349861145, 197.766296387, 15.7913818359, 5.79540634155, -22.0723438263, 8.34754943848, 11.7994441986, -25.8596858978], [128.804840088, 71.8896408081, 146.227676392, -47.0965194702, 40.3059196472, -3.81196522713, 15.7913818359, 220.506027222, 29.8435096741, 2.3189675808, -8.85451793671, 3.90310001373, 26.6693687439], [-391.453094482, -43.5591888428, 198.722167969, 65.9012985229, -67.3893280029, 7.37447118759, 5.79540634155, 29.8435096741, 198.771316528, 25.3994884491, -37.7698440552, -24.3053245544, -15.5547609329], [142.197174072, 33.5434265137, 47.0320396423, 3.02366876602, 10.6454086304, -31.3923778534, -22.0723438263, 2.3189675808, 25.3994884491, 144.235992432, 28.0890769958, -26.1815776825, 10.3389167786], [411.414581299, 38.1343536377, -30.5004959106, -20.23021698, 12.8410110474, 39.4425163269, 8.34754943848, -8.85451793671, -37.7698440552, 28.0890769958, 121.399497986, 36.4366226196, -7.20696496964], [238.106292725, 15.9176464081, -37.0031166077, 15.4359283447, 37.0013237, 20.2194404602, 11.7994441986, 3.90310001373, -24.3053245544, -26.1815776825, 36.4366226196, 109.446617126, 21.447265625], [355.398742676, 51.3311767578, -37.5447540283, -13.4913492203, 59.4622497559, 2.66000914574, -25.8596858978, 26.6693687439, -15.5547609329, 10.3389167786, -7.20696496964, 21.447265625, 112.869750977]],
