{
"lowlevel": {
    "average_loudness": 0.811083376408,
    "barkbands_crest": {
        "dmean": 2.5664126873,
        "dmean2": 4.24412822723,
        "dvar": 6.46727848053,
        "dvar2": 17.0827312469,
        "max": 26.9609451294,
        "mean": 12.3785734177,
        "median": 11.3716497421,
        "min": 2.68384838104,
        "var": 27.2934761047
    },
    "barkbands_flatness_db": {
        "dmean": 0.030530994758,
        "dmean2": 0.0457557141781,
        "dvar": 0.00138038559817,
        "dvar2": 0.00288123288192,
        "max": 0.709855079651,
        "mean": 0.231885671616,
        "median": 0.193637594581,
        "min": 0.0355130285025,
        "var": 0.0163429994136
    },
    "barkbands_kurtosis": {
        "dmean": 25.1171092987,
        "dmean2": 40.1710662842,
        "dvar": 25798.7734375,
        "dvar2": 58181.2109375,
        "max": 7994.02197266,
        "mean": 35.6290283203,
        "median": 5.18457984924,
        "min": -1.92888617516,
        "var": 37852.6289062
    },
    "barkbands_skewness": {
        "dmean": 1.06055605412,
        "dmean2": 1.66370022297,
        "dvar": 4.44015550613,
        "dvar2": 10.1511545181,
        "max": 66.9853744507,
        "mean": 2.59703087807,
        "median": 1.92306065559,
        "min": -20.6077156067,
        "var": 10.7447357178
    },
    "barkbands_spread": {
        "dmean": 4.30060720444,
        "dmean2": 6.63623332977,
        "dvar": 56.7550392151,
        "dvar2": 124.19329834,
        "max": 123.311973572,
        "mean": 13.2760429382,
        "median": 10.6996049881,
        "min": 0.00983046460897,
        "var": 154.523666382
    },
    "dissonance": {
        "dmean": 0.0316024534404,
        "dmean2": 0.0531080178916,
        "dvar": 0.00245561311021,
        "dvar2": 0.00701850047335,
        "max": 0.500000059605,
        "mean": 0.434309571981,
        "median": 0.459619909525,
        "min": 0.0247685573995,
        "var": 0.00555964373052
    },
    "dynamic_complexity": 5.21391153336,
    "erbbands_crest": {
        "dmean": 2.99786329269,
        "dmean2": 4.91937351227,
        "dvar": 11.4718618393,
        "dvar2": 30.8431720734,
        "max": 34.4082450867,
        "mean": 11.9489297867,
        "median": 9.87367248535,
        "min": 2.53142690659,
        "var": 50.3369865417
    },
    "erbbands_flatness_db": {
        "dmean": 0.022324770689,
        "dmean2": 0.0328764468431,
        "dvar": 0.000849094532896,
        "dvar2": 0.00170859775972,
        "max": 0.70933753252,
        "mean": 0.210867777467,
        "median": 0.170856535435,
        "min": 0.0466490797698,
        "var": 0.0129092717543
    },
    "erbbands_kurtosis": {
        "dmean": 4.28362989426,
        "dmean2": 6.92862939835,
        "dvar": 165.358184814,
        "dvar2": 398.564483643,
        "max": 278.144287109,
        "mean": 7.26748037338,
        "median": 0.585856676102,
        "min": -1.80346810818,
        "var": 520.275634766
    },
    "erbbands_skewness": {
        "dmean": 0.545962631702,
        "dmean2": 0.840648889542,
        "dvar": 0.620329618454,
        "dvar2": 1.4614020586,
        "max": 12.4483985901,
        "mean": 0.840881168842,
        "median": 0.671346366405,
        "min": -9.24630260468,
        "var": 2.66797614098
    },
    "erbbands_spread": {
        "dmean": 8.25404930115,
        "dmean2": 12.8591547012,
        "dvar": 147.747131348,
        "dvar2": 338.127685547,
        "max": 171.081787109,
        "mean": 34.2018890381,
        "median": 30.6888484955,
        "min": 0.168435961008,
        "var": 593.112304688
    },
    "hfc": {
        "dmean": 3.84075069427,
        "dmean2": 5.87045431137,
        "dvar": 58.4224319458,
        "dvar2": 120.164733887,
        "max": 222.58770752,
        "mean": 12.5614442825,
        "median": 9.08151340485,
        "min": 1.160950372e-16,
        "var": 201.21661377
    },
    "melbands_crest": {
        "dmean": 3.40389275551,
        "dmean2": 5.51519107819,
        "dvar": 12.5905666351,
        "dvar2": 28.8789978027,
        "max": 38.9323234558,
        "mean": 17.7177200317,
        "median": 16.8338489532,
        "min": 1.54074442387,
        "var": 48.7615242004
    },
    "melbands_flatness_db": {
        "dmean": 0.0354916155338,
        "dmean2": 0.0529804378748,
        "dvar": 0.00189931923524,
        "dvar2": 0.00390380551107,
        "max": 0.8144723773,
        "mean": 0.317875057459,
        "median": 0.283411800861,
        "min": 0.00332453753799,
        "var": 0.0211338680238
    },
    "melbands_kurtosis": {
        "dmean": 21.7484588623,
        "dmean2": 34.7281303406,
        "dvar": 4639.31103516,
        "dvar2": 10220.5175781,
        "max": 2268.86962891,
        "mean": 36.3915252686,
        "median": 12.5299444199,
        "min": -1.94121742249,
        "var": 8765.46582031
    },
    "melbands_skewness": {
        "dmean": 1.13981831074,
        "dmean2": 1.7738622427,
        "dvar": 3.21316075325,
        "dvar2": 6.98393058777,
        "max": 35.3714370728,
        "mean": 3.34248614311,
        "median": 2.68812727928,
        "min": -6.15771913528,
        "var": 9.79354381561
    },
    "melbands_spread": {
        "dmean": 4.57618665695,
        "dmean2": 7.12800455093,
        "dvar": 83.9400939941,
        "dvar2": 185.058792114,
        "max": 209.242584229,
        "mean": 14.0005197525,
        "median": 10.0729179382,
        "min": 0.086124561727,
        "var": 307.576080322
    },
    "pitch_salience": {
        "dmean": 0.0788463130593,
        "dmean2": 0.129453852773,
        "dvar": 0.00705792289227,
        "dvar2": 0.0181901771575,
        "max": 0.975036323071,
        "mean": 0.476247131824,
        "median": 0.4962246418,
        "min": 0.0174161810428,
        "var": 0.0247777327895
    },
    "silence_rate_20dB": {
        "dmean": 0,
        "dmean2": 0,
        "dvar": 0,
        "dvar2": 0,
        "max": 1,
        "mean": 1,
        "median": 1,
        "min": 1,
        "var": 0
    },
    "silence_rate_30dB": {
        "dmean": 0.0501713939011,
        "dmean2": 0.100350603461,
        "dvar": 0.0476468652487,
        "dvar2": 0.105855181813,
        "max": 1,
        "mean": 0.952169537544,
        "median": 1,
        "min": 0,
        "var": 0.0455410368741
    },
    "silence_rate_60dB": {
        "dmean": 0.0342785902321,
        "dmean2": 0.0685625225306,
        "dvar": 0.0331127047539,
        "dvar2": 0.0763261243701,
        "max": 1,
        "mean": 0.126431405544,
        "median": 0,
        "min": 0,
        "var": 0.110449567437
    },
    "spectral_centroid": {
        "dmean": 217.426773071,
        "dmean2": 328.697418213,
        "dvar": 132559.96875,
        "dvar2": 266488.5625,
        "max": 11263.0097656,
        "mean": 984.85736084,
        "median": 808.011108398,
        "min": 83.6956253052,
        "var": 495021.125
    },
    "spectral_complexity": {
        "dmean": 2.36366462708,
        "dmean2": 3.56462788582,
        "dvar": 10.3304891586,
        "dvar2": 18.7363853455,
        "max": 52,
        "mean": 12.7998752594,
        "median": 11,
        "min": 0,
        "var": 96.8521881104
    },
    "spectral_decrease": {
        "dmean": 3.48133855077e-09,
        "dmean2": 5.77565728577e-09,
        "dvar": 4.98095408527e-17,
        "dvar2": 1.17251673924e-16,
        "max": 4.51776354792e-18,
        "mean": -8.47725267761e-09,
        "median": -5.56936630147e-09,
        "min": -5.54759012061e-08,
        "var": 8.87830487682e-17
    },
    "spectral_energy": {
        "dmean": 0.0133769558743,
        "dmean2": 0.0221714135259,
        "dvar": 0.000723250443116,
        "dvar2": 0.00170739053283,
        "max": 0.210949793458,
        "mean": 0.0331344790757,
        "median": 0.0222333278507,
        "min": 1.09498776757e-20,
        "var": 0.0013117659837
    },
    "spectral_energyband_high": {
        "dmean": 0.000238254724536,
        "dmean2": 0.000336302677169,
        "dvar": 7.86960129062e-07,
        "dvar2": 1.32905836381e-06,
        "max": 0.0350564531982,
        "mean": 0.000461457238998,
        "median": 0.000134860092658,
        "min": 7.84295417539e-21,
        "var": 1.90849709725e-06
    },
    "spectral_energyband_low": {
        "dmean": 0.00803162064403,
        "dmean2": 0.0131032802165,
        "dvar": 0.000424434343586,
        "dvar2": 0.000911890529096,
        "max": 0.201313406229,
        "mean": 0.0161035377532,
        "median": 0.00603991467506,
        "min": 1.1378231823e-22,
        "var": 0.000726905884221
    },
    "spectral_energyband_middle_high": {
        "dmean": 0.00126360054128,
        "dmean2": 0.00200677546673,
        "dvar": 8.554170563e-06,
        "dvar2": 2.27171476581e-05,
        "max": 0.0612985864282,
        "mean": 0.00285422801971,
        "median": 0.00143394141924,
        "min": 1.56695705239e-21,
        "var": 1.72127383848e-05
    },
    "spectral_energyband_middle_low": {
        "dmean": 0.00696196453646,
        "dmean2": 0.0117454910651,
        "dvar": 0.000373718998162,
        "dvar2": 0.00100791442674,
        "max": 0.206121698022,
        "mean": 0.0144126107916,
        "median": 0.00736761465669,
        "min": 5.3486561666e-22,
        "var": 0.000424511701567
    },
    "spectral_entropy": {
        "dmean": 0.239676117897,
        "dmean2": 0.346784800291,
        "dvar": 0.104904815555,
        "dvar2": 0.217669054866,
        "max": 9.78552341461,
        "mean": 6.91052150726,
        "median": 7.24864864349,
        "min": 2.79000282288,
        "var": 1.11529636383
    },
    "spectral_flux": {
        "dmean": 0.0321715883911,
        "dmean2": 0.0526856742799,
        "dvar": 0.00267574377358,
        "dvar2": 0.00621640821919,
        "max": 0.436342209578,
        "mean": 0.0760861411691,
        "median": 0.0571910329163,
        "min": 1.0464166339e-10,
        "var": 0.00483563309535
    },
    "spectral_kurtosis": {
        "dmean": 5.35016059875,
        "dmean2": 8.67168712616,
        "dvar": 133.823867798,
        "dvar2": 329.495544434,
        "max": 248.522140503,
        "mean": 13.9441347122,
        "median": 4.37062597275,
        "min": -1.22132694721,
        "var": 618.210388184
    },
    "spectral_rms": {
        "dmean": 0.000982399680652,
        "dmean2": 0.00157761061564,
        "dvar": 2.46807599069e-06,
        "dvar2": 5.4830497902e-06,
        "max": 0.0143458945677,
        "mean": 0.0048717064783,
        "median": 0.00465736538172,
        "min": 3.26845646902e-12,
        "var": 8.59269039211e-06
    },
    "spectral_rolloff": {
        "dmean": 266.12399292,
        "dmean2": 447.830230713,
        "dvar": 457784.40625,
        "dvar2": 998520.3125,
        "max": 18884.6191406,
        "mean": 893.343444824,
        "median": 581.396484375,
        "min": 43.06640625,
        "var": 2826976.5
    },
    "spectral_skewness": {
        "dmean": 0.438518792391,
        "dmean2": 0.678387641907,
        "dvar": 0.421423196793,
        "dvar2": 0.937193274498,
        "max": 13.2380275726,
        "mean": 2.28451132774,
        "median": 1.5947227478,
        "min": -0.00617321953177,
        "var": 3.57018399239
    },
    "spectral_spread": {
        "dmean": 469684.65625,
        "dmean2": 700321.125,
        "dvar": 575932596224,
        "dvar2": 1.09552979149e+12,
        "max": 40296588,
        "mean": 3725069,
        "median": 3791763.75,
        "min": 368407.5,
        "var": 2.62067060736e+12
    },
    "spectral_strongpeak": {
        "dmean": 0.386240541935,
        "dmean2": 0.655307471752,
        "dvar": 0.513084411621,
        "dvar2": 1.34132480621,
        "max": 16.6758117676,
        "mean": 0.689716696739,
        "median": 0.379986286163,
        "min": 0,
        "var": 0.844577312469
    },
    "zerocrossingrate": {
        "dmean": 0.00716068502516,
        "dmean2": 0.00837047584355,
        "dvar": 0.00012066882482,
        "dvar2": 0.000138888441143,
        "max": 0.5185546875,
        "mean": 0.0388629212976,
        "median": 0.03125,
        "min": 0.0009765625,
        "var": 0.00214970647357
    },
    "barkbands": {
        "dmean": [0.00214509665966, 0.00622587837279, 0.00134382850956, 0.00255586579442, 0.00386616052128, 0.000619101861957, 0.000541056331713, 0.000478926696815, 0.000620345468633, 0.000870819902048, 0.000226205112995, 0.000140914067742, 0.000154936817125, 7.53477361286e-05, 9.1003428679e-05, 6.86746934662e-05, 6.51550872135e-05, 9.50683024712e-05, 7.42603951949e-05, 8.25853567221e-05, 8.25489260023e-05, 5.72544595343e-05, 3.51879207301e-05, 2.02343762794e-05, 1.28995498017e-05, 8.16382362245e-06, 8.53193796502e-07],
        "dmean2": [0.00293478951789, 0.0104369772598, 0.00230185338296, 0.00440402142704, 0.0066306698136, 0.00100046105217, 0.000877933634911, 0.000644366780762, 0.0009497787687, 0.00147354009096, 0.000369896384655, 0.000226354444749, 0.000254344806308, 0.000112660069135, 0.00014529528562, 0.000110513414256, 0.000108335108962, 0.000148365361383, 0.000114450769615, 0.000130931177409, 0.000117789117212, 8.54488098412e-05, 5.30311881448e-05, 2.90402258543e-05, 1.8217613615e-05, 1.13820478873e-05, 1.31252124902e-06],
        "dvar": [4.85131131427e-05, 0.000291761942208, 1.06657071228e-05, 6.77051211824e-05, 0.00013520475477, 1.86316958661e-06, 1.52833115408e-06, 1.60984973263e-06, 2.13653970604e-06, 6.55866779198e-06, 7.87057615526e-07, 3.90335145539e-07, 6.25139989552e-07, 6.28742853337e-08, 7.92133107552e-07, 3.25339222229e-08, 1.1009251466e-07, 1.42702987205e-07, 6.36372803342e-08, 2.95535098616e-08, 1.94150914012e-07, 7.46523767248e-08, 1.27224435431e-08, 9.78711600652e-09, 5.47148548691e-09, 1.62753421851e-09, 1.70582749315e-11],
        "dvar2": [8.74303004821e-05, 0.000719082425348, 3.0624356441e-05, 0.000185872151633, 0.000363527273294, 5.22038180861e-06, 3.80474011763e-06, 2.12090230889e-06, 5.04656236444e-06, 1.88988069567e-05, 2.217077963e-06, 9.21980699786e-07, 1.55169993832e-06, 1.29696829276e-07, 1.85908879757e-06, 7.51683799649e-08, 3.06452733412e-07, 3.6654324731e-07, 1.11300714423e-07, 7.56308438099e-08, 3.42149263588e-07, 1.4478403898e-07, 2.72476796681e-08, 1.62494284695e-08, 1.04655821787e-08, 3.0388715988e-09, 4.19060064427e-11],
        "max": [0.104033268988, 0.171157822013, 0.0758274495602, 0.0894534662366, 0.125014737248, 0.0309054087847, 0.0296878423542, 0.0462855584919, 0.0458705015481, 0.0391875095665, 0.025636812672, 0.0364637710154, 0.0520649589598, 0.0116778202355, 0.0502304583788, 0.010593963787, 0.0096392435953, 0.019992094487, 0.0146070057526, 0.00567712727934, 0.0193087942898, 0.0113565474749, 0.00397451873869, 0.00457799248397, 0.00266926712357, 0.00192871969193, 0.00024480430875],
        "mean": [0.00294547784142, 0.00955448206514, 0.00312154600397, 0.00309036578983, 0.00543492939323, 0.00140584609471, 0.00111696717795, 0.00136456312612, 0.00150898017455, 0.00133291585371, 0.000390316417906, 0.000253638747381, 0.00024675464374, 0.000158458336955, 0.000128588697407, 0.000123618767248, 0.00010230539192, 0.000182348725502, 0.00014058254601, 0.000179201189894, 0.000141616212204, 8.83753964445e-05, 5.70298434468e-05, 3.26190056512e-05, 1.95609209186e-05, 1.24129228425e-05, 9.66222728493e-07],
        "median": [7.38554444979e-05, 0.00326457154006, 0.00108492211439, 0.00055729970336, 0.00141103065107, 0.00044925158727, 0.000322016334394, 0.000253727223026, 0.000324461754644, 0.000245993956923, 9.5236224297e-05, 5.66773778701e-05, 4.98389417771e-05, 3.86459687434e-05, 3.06899382849e-05, 3.86186802643e-05, 2.61889326794e-05, 5.29915123479e-05, 5.39965330972e-05, 5.60037697142e-05, 3.29390531988e-05, 2.05490086955e-05, 1.32375434987e-05, 5.76983120482e-06, 2.95510790238e-06, 9.92443801806e-07, 4.06376798878e-08],
        "min": [3.40904567806e-23, 5.88983683568e-23, 8.86313468236e-24, 4.47909100424e-23, 7.96418823782e-23, 4.08717480911e-23, 2.33262256924e-23, 1.63029238469e-22, 1.33726703533e-22, 6.6894268803e-23, 1.27042830233e-22, 5.85748154788e-23, 2.92035013381e-23, 1.75445416868e-22, 4.86450004354e-23, 1.81998099444e-22, 1.64098227037e-22, 1.84636012445e-22, 3.83671121926e-22, 5.35982239805e-22, 6.50106557636e-22, 6.68585037429e-22, 5.36405119737e-22, 7.15349873093e-22, 9.10379613903e-22, 1.59327759213e-21, 2.65292069549e-21],
        "var": [8.77115235198e-05, 0.000352867966285, 2.14656356547e-05, 5.61307060707e-05, 0.000129979875055, 6.17276555204e-06, 4.55273402622e-06, 1.17551926451e-05, 8.53460005601e-06, 9.27416294871e-06, 1.13391615741e-06, 7.18806688838e-07, 1.01784166873e-06, 1.57079810492e-07, 8.8919995278e-07, 8.15475686977e-08, 1.12148455855e-07, 1.68697894765e-07, 1.32457245172e-07, 8.48638137541e-08, 4.32572278442e-07, 1.23858413303e-07, 2.13990958287e-08, 2.11295461128e-08, 1.04037480853e-08, 4.08554523545e-09, 2.12695434182e-11]
    },
    "erbbands": {
        "dmean": [0.293139368296, 1.11625516415, 1.65122592449, 4.32132959366, 17.6445293427, 8.80773830414, 4.16426038742, 5.78489637375, 7.60623693466, 9.5387172699, 7.55147886276, 16.5519866943, 18.9038982391, 24.5016498566, 7.61683893204, 6.46664857864, 7.57307004929, 4.15891027451, 4.73818206787, 3.09841799736, 4.05011224747, 3.36058306694, 5.10019779205, 4.11000490189, 3.58216118813, 3.57637214661, 3.92785000801, 3.00146389008, 2.16406345367, 1.49347555637, 0.954095721245, 0.50964987278, 0.306596130133, 0.162606745958, 0.087153673172, 0.0447639860213, 0.0130678704008, 0.00205774814822, 0.000145264246385, 1.76095600182e-05],
        "dmean2": [0.468370527029, 1.99525547028, 2.89718365669, 7.44132661819, 30.6651725769, 14.8962106705, 6.71837282181, 9.48287010193, 12.1341705322, 13.6089935303, 11.2405643463, 25.3936347961, 31.8534812927, 41.5389518738, 11.9772567749, 10.2741746902, 12.3542766571, 6.19277954102, 7.39963197708, 4.98017120361, 6.57673072815, 5.47982501984, 7.90065288544, 6.18938875198, 5.67051696777, 5.65777397156, 5.94924211502, 4.27923059464, 3.30109810829, 2.17795991898, 1.4667454958, 0.740033745766, 0.44250074029, 0.233314156532, 0.124220825732, 0.0623399168253, 0.0186534654349, 0.00302952621132, 0.000220193513087, 2.83605168079e-05],
        "dvar": [0.810382187366, 9.04663181305, 16.695684433, 148.430603027, 3628.6965332, 502.320159912, 71.580406189, 184.419250488, 300.248779297, 614.963317871, 255.119277954, 1521.6003418, 4136.71582031, 6681.61621094, 504.205474854, 1015.48657227, 1570.5, 170.840332031, 2133.52709961, 467.563964844, 134.338195801, 270.108703613, 274.96484375, 487.098419189, 114.013839722, 63.3140716553, 163.49508667, 407.900817871, 115.141204834, 32.9957733154, 9.77910900116, 4.53933525085, 3.18994426727, 0.984614729881, 0.250138878822, 0.0581881329417, 0.00391353154555, 9.10356829991e-05, 4.93357163123e-07, 1.28663768528e-09],
        "dvar2": [1.6889898777, 27.0493240356, 48.9877662659, 408.962524414, 9885.44238281, 1384.5177002, 190.867706299, 528.190795898, 709.90423584, 975.4921875, 492.202178955, 3618.14038086, 12007.7412109, 19721.5292969, 1111.68225098, 2401.50537109, 3852.39428711, 348.55368042, 4660.23730469, 1290.66833496, 337.729217529, 734.71661377, 661.486938477, 1033.51281738, 278.435211182, 159.866546631, 318.256866455, 717.000610352, 228.586669922, 62.214641571, 21.9542770386, 7.85932397842, 5.84604978561, 1.95706164837, 0.504927992821, 0.10777694732, 0.00746909063309, 0.000203668183531, 1.19224023365e-06, 3.01024338789e-09],
        "max": [8.88860321045, 32.0184211731, 90.6156387329, 131.217147827, 580.323120117, 282.856933594, 140.439697266, 373.520263672, 449.472320557, 838.971862793, 655.391906738, 1306.39978027, 1348.55725098, 1249.60876465, 829.641967773, 1874.06848145, 2706.94311523, 522.404052734, 2963.30786133, 1647.98193359, 547.919616699, 554.164978027, 853.015319824, 1598.23291016, 482.703918457, 258.725189209, 658.748718262, 1002.35192871, 448.804412842, 324.419372559, 105.628486633, 97.098777771, 98.4260559082, 45.293674469, 19.2321281433, 13.1600484848, 2.09885382652, 0.489281982183, 0.0438060723245, 0.00109529134352],
        "mean": [0.378441631794, 1.71958684921, 4.09607744217, 6.22306728363, 20.081287384, 14.6112794876, 9.95425605774, 12.6775970459, 16.6156158447, 26.9028129578, 21.1509037018, 40.411190033, 34.2632064819, 34.2627067566, 16.2281494141, 11.6741752625, 12.4143810272, 9.01510810852, 7.74761199951, 5.06772851944, 7.40925216675, 5.98509740829, 9.98704338074, 7.66214466095, 7.28572750092, 7.82922887802, 7.50063848495, 4.79619169235, 3.25391507149, 2.48588252068, 1.49261534214, 0.843654811382, 0.456466019154, 0.233279958367, 0.133120045066, 0.0720484480262, 0.0185515880585, 0.00261101312935, 0.000179861526703, 4.2226525693e-05],
        "median": [0.0775716155767, 0.741148233414, 1.64377307892, 1.7210303545, 3.77916383743, 3.8044629097, 4.34799528122, 3.61096048355, 5.12162065506, 5.98926353455, 6.38991260529, 9.13051128387, 7.80547952652, 7.34494972229, 4.74009990692, 2.92765760422, 2.74702882767, 2.49949598312, 2.37280273438, 1.77976238728, 2.44416809082, 2.07974338531, 2.80314445496, 2.67435479164, 2.79269313812, 2.52072167397, 2.05063796043, 0.992359399796, 0.709292829037, 0.578445494175, 0.345275163651, 0.165343180299, 0.0725052133203, 0.0364212468266, 0.016376869753, 0.00634062290192, 0.00134802423418, 0.000147365033627, 2.70205000561e-05, 2.86683243758e-05],
        "min": [3.24389822816e-21, 7.31095183352e-21, 1.0645929998e-20, 9.10239885811e-20, 7.93960134424e-20, 2.40068441579e-19, 5.835868306e-19, 3.49247209299e-19, 4.47536868038e-19, 5.59067077594e-19, 4.57726099502e-18, 3.40815307536e-18, 3.11688086139e-18, 1.50860383277e-18, 5.79860185486e-18, 3.01003518244e-18, 1.45720665521e-18, 6.59657182485e-18, 4.60067971894e-18, 4.09063270861e-18, 1.20724363424e-17, 9.79321130206e-18, 9.93550539257e-18, 1.55343179005e-17, 1.99038647447e-17, 2.13596645725e-17, 2.88236047528e-17, 2.64692138102e-17, 2.38554636952e-17, 1.95996641114e-17, 1.52384420128e-17, 1.46741906841e-17, 1.1971837945e-17, 1.16941492775e-17, 6.20610287105e-18, 6.09455756545e-18, 2.34153883065e-18, 1.45882203555e-18, 3.79694719521e-19, 3.68047777389e-20],
        "var": [1.10217654705, 7.90630149841, 32.9080581665, 137.963790894, 2823.92260742, 725.480407715, 207.012054443, 598.305236816, 969.907531738, 4236.43310547, 1502.29736328, 6272.59570312, 6068.76611328, 8320.3984375, 1516.27185059, 1772.63659668, 2558.01025391, 448.206848145, 2759.15527344, 353.861022949, 283.141265869, 302.729370117, 427.204833984, 682.564147949, 211.112426758, 181.974258423, 432.369873047, 728.338806152, 184.213485718, 61.563709259, 15.0231962204, 9.60444641113, 6.05676269531, 1.68675875664, 0.486675322056, 0.147339642048, 0.00915758311749, 0.000157742557349, 6.11482789736e-07, 2.31254704275e-09]
    },
    "gfcc": {
        "mean": [-95.7400512695, 121.747062683, -100.581642151, 31.496969223, -50.315990448, 10.5995664597, -14.2117147446, 11.1186094284, -16.6896648407, -2.5828704834, -14.3691663742, -4.57852220535, -8.27397251129],
        "cov": [[27420.6621094, 463.914489746, -1463.00012207, 2978.50024414, -1860.54602051, -611.158325195, -1731.89526367, -517.063049316, -1002.29052734, 322.513641357, -47.5044517517, 360.794677734, -538.66784668], [463.914489746, 2292.82373047, 40.1642990112, -221.420150757, 459.734954834, -265.10736084, 140.874511719, -89.3177185059, 199.047607422, -15.6101198196, 274.153991699, -174.87979126, 44.2017822266], [-1463.00012207, 40.1642990112, 1898.60498047, 807.121765137, 355.114593506, 236.299972534, -74.0030899048, -158.092453003, -73.2844314575, 16.5360374451, 40.2183227539, 75.0000305176, -40.2862281799], [2978.50024414, -221.420150757, 807.121765137, 1902.5246582, 172.848770142, -91.5753250122, -464.947998047, -290.358551025, -217.185928345, 89.7988891602, 74.0980148315, 121.711418152, -93.3671722412], [-1860.54602051, 459.734954834, 355.114593506, 172.848770142, 668.614074707, 35.0844955444, 89.8708877563, -48.9368286133, 93.143951416, 1.60374736786, 111.114967346, -39.9082870483, 42.0626296997], [-611.158325195, -265.10736084, 236.299972534, -91.5753250122, 35.0844955444, 383.726043701, 216.311721802, 57.2781333923, 22.8600692749, -59.5454902649, -83.5350494385, 7.19707107544, 19.6654376984], [-1731.89526367, 140.874511719, -74.0030899048, -464.947998047, 89.8708877563, 216.311721802, 545.054748535, 185.664306641, 177.963516235, -65.026763916, -55.8974761963, -77.3281784058, 77.7818374634], [-517.063049316, -89.3177185059, -158.092453003, -290.358551025, -48.9368286133, 57.2781333923, 185.664306641, 215.882202148, 101.704872131, 4.62130880356, -44.8678092957, -26.6902332306, 17.2646274567], [-1002.29052734, 199.047607422, -73.2844314575, -217.185928345, 93.143951416, 22.8600692749, 177.963516235, 101.704872131, 222.376754761, 64.6887435913, 35.131477356, -66.4659118652, 6.63324022293], [322.513641357, -15.6101198196, 16.5360374451, 89.7988891602, 1.60374736786, -59.5454902649, -65.026763916, 4.62130880356, 64.6887435913, 209.707870483, 99.9954071045, 15.3535919189, -75.9381942749], [-47.5044517517, 274.153991699, 40.2183227539, 74.0980148315, 111.114967346, -83.5350494385, -55.8974761963, -44.8678092957, 35.131477356, 99.9954071045, 171.65687561, 26.0211105347, -16.719997406], [360.794677734, -174.87979126, 75.0000305176, 121.711418152, -39.9082870483, 7.19707107544, -77.3281784058, -26.6902332306, -66.4659118652, 15.3535919189, 26.0211105347, 109.610557556, 18.7425403595], [-538.66784668, 44.2017822266, -40.2862281799, -93.3671722412, 42.0626296997, 19.6654376984, 77.7818374634, 17.2646274567, 6.63324022293, -75.9381942749, -16.719997406, 18.7425403595, 130.140625]],
        "icov": [[0.000163587741554, -0.00038167272578, 0.000277926214039, -0.000348244124325, 0.000419615476858, -0.000391612906242, 0.000262805231614, -0.000242656315095, 0.000494430074468, -0.000467624166049, 0.000569237861782, -0.000464386423118, 0.000283557397779], [-0.00038167272578, 0.00183227204252, -0.000776160100941, 0.000901593593881, -0.00110643287189, 0.0015348107554, -0.000926707638428, 0.00098505069036, -0.00146384793334, 0.00203797477297, -0.00315947807394, 0.0024969605729, -0.000748407794163], [0.000277926214039, -0.000776160100941, 0.00131019309629, -0.000875219062436, 0.000373285409296, -0.00132324092556, 0.000487572862767, -0.000210308237001, 0.000850992451888, -0.000906080007553, 0.0012405323796, -0.00134871096816, 0.000788992270827], [-0.000348244124325, 0.000901593593881, -0.000875219062436, 0.0016623561969, -0.00116605940275, 0.00103262963239, -0.000226607706281, 0.00106976577081, -0.000808925076853, 0.000685657782014, -0.000956183823291, 0.000652616843581, -0.0003871054505], [0.000419615476858, -0.00110643287189, 0.000373285409296, -0.00116605940275, 0.00351114524528, -0.00134622585028, 0.000496894936077, -0.00030103183235, 0.000520085683092, -0.000587468442973, -0.000338988669682, 5.2185729146e-05, -0.000217203079956], [-0.000391612906242, 0.0015348107554, -0.00132324092556, 0.00103262963239, -0.00134622585028, 0.00604832591489, -0.00301170884632, 0.00130864034873, -0.00148610339966, 0.00195539509878, -0.000234322666074, -0.000415902206441, 0.000583097047638], [0.000262805231614, -0.000926707638428, 0.000487572862767, -0.000226607706281, 0.000496894936077, -0.00301170884632, 0.00545641640201, -0.00265303486958, -0.00100275164004, -0.000125974824186, 0.000908762332983, 0.000557184510399, -0.00120970921125], [-0.000242656315095, 0.00098505069036, -0.000210308237001, 0.00106976577081, -0.00030103183235, 0.00130864034873, -0.00265303486958, 0.00953023508191, -0.00375613500364, -4.28508610639e-05, 0.00136263191234, -0.00102797045838, 7.38955131965e-05], [0.000494430074468, -0.00146384793334, 0.000850992451888, -0.000808925076853, 0.000520085683092, -0.00148610339966, -0.00100275164004, -0.00375613500364, 0.0129158962518, -0.00629416014999, 0.000557332881726, 0.00384405325167, -0.00143216445576], [-0.000467624166049, 0.00203797477297, -0.000906080007553, 0.000685657782014, -0.000587468442973, 0.00195539509878, -0.000125974824186, -4.28508610639e-05, -0.00629416014999, 0.0136061785743, -0.00830276031047, -0.000365348765627, 0.00480510201305], [0.000569237861782, -0.00315947807394, 0.0012405323796, -0.000956183823291, -0.000338988669682, -0.000234322666074, 0.000908762332983, 0.00136263191234, 0.000557332881726, -0.00830276031047, 0.018096966669, -0.0088499058038, 0.00127476383932], [-0.000464386423118, 0.0024969605729, -0.00134871096816, 0.000652616843581, 5.2185729146e-05, -0.000415902206441, 0.000557184510399, -0.00102797045838, 0.00384405325167, -0.000365348765627, -0.0088499058038, 0.0207726303488, -0.00740793906152], [0.000283557397779, -0.000748407794163, 0.000788992270827, -0.0003871054505, -0.000217203079956, 0.000583097047638, -0.00120970921125, 7.38955131965e-05, -0.00143216445576, 0.00480510201305, 0.00127476383932, -0.00740793906152, 0.0138811534271]]
    },
    "melbands": {
        "dmean": [0.00209324224852, 0.00103008269798, 0.0012219917262, 0.00101012422238, 0.000166487210663, 0.000124826357933, 0.000117378658615, 0.00010830530664, 6.45665859338e-05, 0.00010416925943, 9.60672696237e-05, 0.000105997925857, 2.55613031186e-05, 1.79419566848e-05, 1.67465223058e-05, 1.3278940969e-05, 8.13485894469e-06, 7.46577825339e-06, 5.64190349905e-06, 4.27904569733e-06, 5.16346790391e-06, 3.69650229004e-06, 4.87575653096e-06, 4.09822723668e-06, 3.58807892553e-06, 2.91205446956e-06, 2.38931465901e-06, 2.72440865956e-06, 2.91458377433e-06, 2.26833890338e-06, 1.64141147252e-06, 1.34184040235e-06, 1.00935505998e-06, 7.8809051729e-07, 6.21861772743e-07, 3.84215439908e-07, 3.03806956481e-07, 2.34498344298e-07, 1.71375049263e-07, 1.29426098283e-07],
        "dmean2": [0.00336927943863, 0.00183365331031, 0.00211167056113, 0.00173959380481, 0.000272773089819, 0.000203209463507, 0.000188749094377, 0.000149785162648, 9.7675510915e-05, 0.00016073443112, 0.000161647723871, 0.000179323847988, 4.11116852774e-05, 2.80292570096e-05, 2.72375327768e-05, 2.18097065954e-05, 1.20472050185e-05, 1.17051004054e-05, 9.11194820219e-06, 6.82856307321e-06, 8.54106201587e-06, 6.19987167738e-06, 7.69886901253e-06, 6.41936821921e-06, 5.49644619241e-06, 4.69136512038e-06, 3.82154121326e-06, 4.4086714297e-06, 4.55152985523e-06, 3.32635818268e-06, 2.44531111093e-06, 2.10913754017e-06, 1.50931009557e-06, 1.17133515687e-06, 9.78340153779e-07, 5.84887459354e-07, 4.43373693315e-07, 3.46666439555e-07, 2.50673821256e-07, 1.90368425024e-07],
        "dvar": [3.67825814465e-05, 6.92060893925e-06, 1.51387648657e-05, 9.39950950851e-06, 1.21067003533e-07, 8.23805379468e-08, 7.20878077232e-08, 8.73654357747e-08, 1.74583085766e-08, 6.45353708251e-08, 1.0273124218e-07, 1.28758046003e-07, 6.67612587435e-09, 4.4626724538e-09, 6.22693674401e-09, 3.89749432728e-09, 7.52844453444e-10, 4.30114344141e-09, 2.64401567307e-09, 2.54016030432e-10, 2.40265751739e-10, 3.84207526904e-10, 3.28152421902e-10, 3.50046047704e-10, 3.93866800286e-10, 8.96736435108e-11, 3.83863323072e-11, 4.03784956859e-11, 4.99150477895e-11, 2.09256265093e-10, 1.35579325544e-10, 4.37867485326e-11, 2.3376118749e-11, 7.18990752352e-12, 3.84023065084e-12, 2.30638576813e-12, 1.76999842734e-12, 1.69871245976e-12, 1.37138954706e-12, 5.86890887451e-13],
        "dvar2": [7.86384334788e-05, 2.07467383007e-05, 4.14245114371e-05, 2.54418646364e-05, 3.36696103886e-07, 2.32573725611e-07, 1.74114219931e-07, 1.25009506746e-07, 3.67637333909e-08, 1.5535113107e-07, 2.97102161539e-07, 3.7768012362e-07, 1.69360738766e-08, 1.00335197928e-08, 1.55782462485e-08, 9.75066072328e-09, 1.466766264e-09, 9.29240329128e-09, 6.8056320579e-09, 6.37637054268e-10, 6.47909448315e-10, 1.09248554647e-09, 7.94577459384e-10, 9.11274056214e-10, 8.34778302039e-10, 2.20273813079e-10, 1.00789258883e-10, 1.06194407434e-10, 1.14961706821e-10, 4.32379826387e-10, 2.46895753842e-10, 9.2101874738e-11, 4.68651749352e-11, 1.42413372761e-11, 9.24526948054e-12, 4.81965812746e-12, 3.08990810369e-12, 3.13813016371e-12, 2.76216853209e-12, 1.19710675834e-12],
        "max": [0.0614786185324, 0.0415659360588, 0.0405262261629, 0.0323433242738, 0.00526839960366, 0.007309993729, 0.00692054675892, 0.0105977794155, 0.00490801315755, 0.00887913629413, 0.00668000755832, 0.00578170781955, 0.00228614243679, 0.00378936110064, 0.00447241868824, 0.00364012946375, 0.0011689675739, 0.0042501850985, 0.00328301731497, 0.000964945706073, 0.000527055701241, 0.000633038755041, 0.00109002715908, 0.00101180234924, 0.00146581430454, 0.000414387555793, 0.000226428543101, 0.000225007926929, 0.000332130555762, 0.000679818564095, 0.000561640888918, 0.000314678967698, 0.000253103411524, 0.000145691388752, 5.50045806449e-05, 6.66309788357e-05, 5.47665040358e-05, 7.00168602634e-05, 6.60158329993e-05, 2.85262449324e-05],
        "mean": [0.00310783041641, 0.00222252472304, 0.00158610683866, 0.00135153916199, 0.000388032232877, 0.000273578363704, 0.000248063937761, 0.000310413219268, 0.000181163661182, 0.000243515649345, 0.000167226986377, 0.000144490259117, 4.99217421748e-05, 3.62808059435e-05, 2.68487729045e-05, 2.16670541704e-05, 1.70066978171e-05, 1.22655656014e-05, 7.97048596723e-06, 7.30455758458e-06, 8.90585943125e-06, 5.76146476305e-06, 8.6053432824e-06, 7.88203215052e-06, 6.05049581281e-06, 5.25510085936e-06, 4.85361715619e-06, 5.45208649783e-06, 5.31284558747e-06, 3.58397574018e-06, 2.44818488682e-06, 1.91948629436e-06, 1.50903133544e-06, 1.31022773076e-06, 9.30167800561e-07, 5.81034441893e-07, 4.92426579513e-07, 3.36846824212e-07, 2.39714694317e-07, 1.79011379942e-07],
        "median": [0.000829997938126, 0.000964429113083, 0.000431405787822, 0.000308842922095, 0.000166547426488, 7.94590450823e-05, 7.10512103979e-05, 6.32697483525e-05, 5.08680350322e-05, 5.2586219681e-05, 3.47894820152e-05, 2.70376513072e-05, 1.29248655867e-05, 8.68133156473e-06, 5.6153735386e-06, 4.71608882435e-06, 3.85124258173e-06, 3.62157379641e-06, 2.02004298444e-06, 2.4370860956e-06, 2.72088868769e-06, 1.41070461268e-06, 2.34399522014e-06, 2.34364915741e-06, 1.70208750205e-06, 1.70975192759e-06, 1.81629388862e-06, 1.56596843226e-06, 1.34405127028e-06, 6.7891977551e-07, 4.71453347473e-07, 3.8578085082e-07, 3.27167981595e-07, 2.78469258319e-07, 2.1692092389e-07, 1.01881063586e-07, 9.28547834178e-08, 4.71674539426e-08, 3.34317853401e-08, 2.55600784982e-08],
        "min": [2.32204015797e-23, 6.274452912e-24, 1.53113357865e-23, 8.44857565489e-24, 2.07559370029e-23, 7.88506864447e-24, 6.22273558548e-24, 1.06815505768e-23, 3.48689583644e-23, 2.17195100882e-23, 1.51826268189e-23, 4.5568017709e-24, 1.75936018931e-23, 1.11209145465e-23, 3.4844988037e-24, 5.14358412233e-24, 1.37523999096e-23, 9.49552897134e-24, 4.02249168587e-24, 8.82479209806e-24, 1.40930789579e-23, 1.10331663926e-23, 7.32661034383e-24, 9.24837332771e-24, 1.14706725949e-23, 1.85105738094e-23, 1.05177357212e-23, 1.53140873333e-23, 2.0254466014e-23, 1.36953384449e-23, 1.56441151816e-23, 1.27095683914e-23, 1.47750760317e-23, 9.25506681249e-24, 8.4961778885e-24, 8.99747296136e-24, 9.28832203281e-24, 7.89031299177e-24, 9.85764215924e-24, 9.88821919679e-24],
        "var": [5.32315716555e-05, 9.28331792238e-06, 1.22649116747e-05, 8.68128245202e-06, 3.07198945393e-07, 2.65999204885e-07, 2.23916927666e-07, 6.31228147085e-07, 1.07781822578e-07, 2.26801134318e-07, 1.51196417164e-07, 1.6382378476e-07, 1.42653489021e-08, 1.00429504712e-08, 9.82600401045e-09, 6.31108187932e-09, 1.96758742632e-09, 5.70679326017e-09, 2.37863084784e-09, 3.84421799948e-10, 3.76105785405e-10, 3.52114587487e-10, 4.62938187784e-10, 3.70973057828e-10, 5.39318090187e-10, 1.51564927275e-10, 7.73318978298e-11, 9.63851845559e-11, 1.18572054952e-10, 3.98751892616e-10, 2.10486350571e-10, 6.40518679762e-11, 3.75158515364e-11, 1.33508421332e-11, 5.18497701371e-12, 3.91523402241e-12, 3.67198415771e-12, 3.19416194883e-12, 2.28143936035e-12, 9.63289669385e-13]
    },
    "mfcc": {
        "mean": [-735.802856445, 142.299743652, 13.7335166931, 30.955493927, -3.14745640755, 7.79606199265, 7.70272254944, 13.3202514648, 7.02170610428, 9.63666439056, 0.435410141945, -0.655356526375, -2.67313027382],
        "cov": [[22252.9414062, 189.297409058, -859.15020752, 2011.38598633, -694.888183594, -101.553596497, -889.068786621, -819.017822266, -1453.74133301, -621.623352051, -381.18572998, 376.479980469, 234.752349854], [189.297409058, 2217.21630859, -111.790382385, -108.168556213, 144.111801147, -116.057510376, 35.1758728027, -80.2554321289, -55.5215415955, 72.8038635254, 150.941970825, 163.076263428, 161.839584351], [-859.15020752, -111.790382385, 1218.76025391, 425.312957764, 332.386260986, 328.598937988, 123.581138611, 38.375453949, -45.4716262817, -80.5378036499, 25.775434494, 27.0706768036, 2.75580334663], [2011.38598633, -108.168556213, 425.312957764, 1186.77770996, 451.640777588, 263.910766602, -31.8207187653, -195.844894409, -298.883972168, -185.547073364, -19.7297534943, 154.593154907, 120.246078491], [-694.888183594, 144.111801147, 332.386260986, 451.640777588, 634.733642578, 218.01852417, 51.67735672, -89.299949646, -128.51020813, -90.4653396606, 27.3074245453, 80.431892395, 85.1429595947], [-101.553596497, -116.057510376, 328.598937988, 263.910766602, 218.01852417, 351.085784912, 119.837623596, 40.339263916, -1.42755651474, -30.3859272003, 21.9949970245, 25.9392871857, 12.0417852402], [-889.068786621, 35.1758728027, 123.581138611, -31.8207187653, 51.67735672, 119.837623596, 202.027709961, 128.63961792, 122.246589661, 38.7991981506, 16.5770645142, -31.1185951233, -22.9392471313], [-819.017822266, -80.2554321289, 38.375453949, -195.844894409, -89.299949646, 40.339263916, 128.63961792, 251.670043945, 213.957778931, 84.589515686, -23.7861385345, -98.0549316406, -82.8306045532], [-1453.74133301, -55.5215415955, -45.4716262817, -298.883972168, -128.51020813, -1.42755651474, 122.246589661, 213.957778931, 363.420684814, 171.761672974, 26.532623291, -88.9526748657, -74.3232879639], [-621.623352051, 72.8038635254, -80.5378036499, -185.547073364, -90.4653396606, -30.3859272003, 38.7991981506, 84.589515686, 171.761672974, 184.504806519, 94.3789596558, 13.539440155, -18.0537624359], [-381.18572998, 150.941970825, 25.775434494, -19.7297534943, 27.3074245453, 21.9949970245, 16.5770645142, -23.7861385345, 26.532623291, 94.3789596558, 187.904266357, 117.835754395, 50.4161109924], [376.479980469, 163.076263428, 27.0706768036, 154.593154907, 80.431892395, 25.9392871857, -31.1185951233, -98.0549316406, -88.9526748657, 13.539440155, 117.835754395, 209.031219482, 128.8931427], [234.752349854, 161.839584351, 2.75580334663, 120.246078491, 85.1429595947, 12.0417852402, -22.9392471313, -82.8306045532, -74.3232879639, -18.0537624359, 50.4161109924, 128.8931427, 161.004074097]],
