{
"lowlevel": {
    "average_loudness": 0.95134729147,
    "barkbands_crest": {
        "dmean": 2.84279131889,
        "dmean2": 4.39735221863,
        "dvar": 11.9356460571,
        "dvar2": 24.2345333099,
        "max": 26.6405906677,
        "mean": 14.8857698441,
        "median": 13.5727863312,
        "min": 2.24579715729,
        "var": 46.6617393494
    },
    "barkbands_flatness_db": {
        "dmean": 0.0631445199251,
        "dmean2": 0.0890431180596,
        "dvar": 0.00527564389631,
        "dvar2": 0.0102883968502,
        "max": 0.832109808922,
        "mean": 0.239349931479,
        "median": 0.195212393999,
        "min": 0.0222589503974,
        "var": 0.0223609618843
    },
    "barkbands_kurtosis": {
        "dmean": 34.9181861877,
        "dmean2": 56.6751556396,
        "dvar": 9169.75878906,
        "dvar2": 22828.5605469,
        "max": 1859.41101074,
        "mean": 50.5880050659,
        "median": 9.55584144592,
        "min": -1.96023619175,
        "var": 13539.3007812
    },
    "barkbands_skewness": {
        "dmean": 1.60652279854,
        "dmean2": 2.44744896889,
        "dvar": 6.12717437744,
        "dvar2": 14.1108970642,
        "max": 31.5800247192,
        "mean": 3.86481118202,
        "median": 2.62742996216,
        "min": -3.810972929,
        "var": 13.5768842697
    },
    "barkbands_spread": {
        "dmean": 6.43746519089,
        "dmean2": 9.43844032288,
        "dvar": 84.9655456543,
        "dvar2": 165.780899048,
        "max": 113.548995972,
        "mean": 13.8756637573,
        "median": 7.44256401062,
        "min": 0.0666218325496,
        "var": 260.586853027
    },
    "dissonance": {
        "dmean": 0.0301598478109,
        "dmean2": 0.0485641956329,
        "dvar": 0.00115066533908,
        "dvar2": 0.00275487569161,
        "max": 0.500000059605,
        "mean": 0.444289952517,
        "median": 0.461091816425,
        "min": 0.11590822041,
        "var": 0.00291675678454
    },
    "dynamic_complexity": 2.60639238358,
    "erbbands_crest": {
        "dmean": 3.02614426613,
        "dmean2": 4.91769599915,
        "dvar": 11.204574585,
        "dvar2": 26.9466266632,
        "max": 29.6891918182,
        "mean": 9.53338527679,
        "median": 8.28384208679,
        "min": 2.25338387489,
        "var": 26.3528022766
    },
    "erbbands_flatness_db": {
        "dmean": 0.0402976199985,
        "dmean2": 0.0580788739026,
        "dvar": 0.00218639336526,
        "dvar2": 0.00428864266723,
        "max": 0.477216780186,
        "mean": 0.170496791601,
        "median": 0.147175252438,
        "min": 0.0488063246012,
        "var": 0.00514236697927
    },
    "erbbands_kurtosis": {
        "dmean": 3.31978201866,
        "dmean2": 5.27986001968,
        "dvar": 179.616821289,
        "dvar2": 404.660400391,
        "max": 351.954284668,
        "mean": 3.31961154938,
        "median": 0.32964348793,
        "min": -1.92598164082,
        "var": 280.529937744
    },
    "erbbands_skewness": {
        "dmean": 0.647002458572,
        "dmean2": 0.967669188976,
        "dvar": 0.748395383358,
        "dvar2": 1.66177999973,
        "max": 14.0847921371,
        "mean": 0.862926483154,
        "median": 0.690706849098,
        "min": -5.16740846634,
        "var": 2.00787615776
    },
    "erbbands_spread": {
        "dmean": 14.5586538315,
        "dmean2": 22.334903717,
        "dvar": 297.226898193,
        "dvar2": 670.594543457,
        "max": 193.54119873,
        "mean": 41.6895332336,
        "median": 38.3642349243,
        "min": 0.583195447922,
        "var": 645.057128906
    },
    "hfc": {
        "dmean": 12.5361757278,
        "dmean2": 19.0819950104,
        "dvar": 418.164794922,
        "dvar2": 962.230529785,
        "max": 182.053695679,
        "mean": 18.0477027893,
        "median": 12.3350524902,
        "min": 1.21874528287e-16,
        "var": 489.777008057
    },
    "melbands_crest": {
        "dmean": 3.49183988571,
        "dmean2": 5.19365882874,
        "dvar": 16.5976428986,
        "dvar2": 34.7743492126,
        "max": 36.1707115173,
        "mean": 20.9579982758,
        "median": 19.5936584473,
        "min": 1.7257270813,
        "var": 83.764213562
    },
    "melbands_flatness_db": {
        "dmean": 0.0723403319716,
        "dmean2": 0.100528351963,
        "dvar": 0.00661913352087,
        "dvar2": 0.0127216940746,
        "max": 0.992761433125,
        "mean": 0.32702806592,
        "median": 0.283691257238,
        "min": 0.00426625646651,
        "var": 0.0331955999136
    },
    "melbands_kurtosis": {
        "dmean": 51.5466194153,
        "dmean2": 83.1062240601,
        "dvar": 17531.1796875,
        "dvar2": 41534.4570312,
        "max": 2685.59667969,
        "mean": 79.5825576782,
        "median": 23.423866272,
        "min": -1.80181705952,
        "var": 25791.1289062
    },
    "melbands_skewness": {
        "dmean": 1.77549517155,
        "dmean2": 2.70854830742,
        "dvar": 6.86144924164,
        "dvar2": 15.7921161652,
        "max": 40.9774055481,
        "mean": 5.14064359665,
        "median": 3.98626303673,
        "min": -2.1576218605,
        "var": 17.3232841492
    },
    "melbands_spread": {
        "dmean": 6.65457344055,
        "dmean2": 10.0632009506,
        "dvar": 144.151229858,
        "dvar2": 314.762481689,
        "max": 226.622848511,
        "mean": 12.9135828018,
        "median": 6.49532032013,
        "min": 0.08762550354,
        "var": 319.826507568
    },
    "pitch_salience": {
        "dmean": 0.110545367002,
        "dmean2": 0.175377115607,
        "dvar": 0.0163064654917,
        "dvar2": 0.0373659804463,
        "max": 0.929058372974,
        "mean": 0.431828439236,
        "median": 0.469990074635,
        "min": 0.00708284089342,
        "var": 0.052260838449
    },
    "silence_rate_20dB": {
        "dmean": 0,
        "dmean2": 0,
        "dvar": 0,
        "dvar2": 0,
        "max": 1,
        "mean": 1,
        "median": 1,
        "min": 1,
        "var": 0
    },
    "silence_rate_30dB": {
        "dmean": 0.0856156498194,
        "dmean2": 0.171244442463,
        "dvar": 0.0782818645239,
        "dvar2": 0.149886026978,
        "max": 1,
        "mean": 0.691930055618,
        "median": 1,
        "min": 0,
        "var": 0.213153094053
    },
    "silence_rate_60dB": {
        "dmean": 0.0658227875829,
        "dmean2": 0.131578952074,
        "dvar": 0.061490599066,
        "dvar2": 0.145581260324,
        "max": 1,
        "mean": 0.0724148526788,
        "median": 0,
        "min": 0,
        "var": 0.0671753436327
    },
    "spectral_centroid": {
        "dmean": 315.599853516,
        "dmean2": 474.404602051,
        "dvar": 176705.28125,
        "dvar2": 332599.59375,
        "max": 11245.3642578,
        "mean": 883.818603516,
        "median": 634.436889648,
        "min": 49.7352867126,
        "var": 548571.5
    },
    "spectral_complexity": {
        "dmean": 5.67195987701,
        "dmean2": 8.31655693054,
        "dvar": 52.8727035522,
        "dvar2": 81.1527633667,
        "max": 60,
        "mean": 13.1107702255,
        "median": 10,
        "min": 0,
        "var": 139.743759155
    },
    "spectral_decrease": {
        "dmean": 6.57341781007e-09,
        "dmean2": 8.74944650064e-09,
        "dvar": 8.6150245375e-17,
        "dvar2": 1.45610231119e-16,
        "max": 4.88092856063e-13,
        "mean": -2.02436876151e-08,
        "median": -9.44944389403e-09,
        "min": -8.04710111879e-08,
        "var": 4.69034118388e-16
    },
    "spectral_energy": {
        "dmean": 0.0256589241326,
        "dmean2": 0.0343460999429,
        "dvar": 0.0012788285967,
        "dvar2": 0.00220463285223,
        "max": 0.305201858282,
        "mean": 0.0780413076282,
        "median": 0.0379245206714,
        "min": 1.10428417905e-20,
        "var": 0.00673165358603
    },
    "spectral_energyband_high": {
        "dmean": 0.000829466211144,
        "dmean2": 0.00125002372079,
        "dvar": 3.3644191717e-06,
        "dvar2": 7.77235072746e-06,
        "max": 0.0179963447154,
        "mean": 0.000895708042663,
        "median": 0.000151258194819,
        "min": 8.21005838527e-21,
        "var": 3.87086993214e-06
    },
    "spectral_energyband_low": {
        "dmean": 0.0181428585202,
        "dmean2": 0.0217181146145,
        "dvar": 0.00110471772496,
        "dvar2": 0.00158481590915,
        "max": 0.30341732502,
        "mean": 0.0621600449085,
        "median": 0.0127077912912,
        "min": 4.58109198146e-23,
        "var": 0.0070020002313
    },
    "spectral_energyband_middle_high": {
        "dmean": 0.00230318889953,
        "dmean2": 0.00371428043582,
        "dvar": 1.59775408974e-05,
        "dvar2": 3.89580927731e-05,
        "max": 0.0387456230819,
        "mean": 0.0025491991546,
        "median": 0.000898726866581,
        "min": 1.55236113141e-21,
        "var": 1.77545189217e-05
    },
    "spectral_energyband_middle_low": {
        "dmean": 0.0112675754353,
        "dmean2": 0.0184951275587,
        "dvar": 0.00032818413456,
        "dvar2": 0.000829232740216,
        "max": 0.155739143491,
        "mean": 0.0143045410514,
        "median": 0.00832279957831,
        "min": 4.17123267172e-22,
        "var": 0.00034476298606
    },
    "spectral_entropy": {
        "dmean": 0.445408195257,
        "dmean2": 0.64565128088,
        "dvar": 0.299801260233,
        "dvar2": 0.605136215687,
        "max": 9.81060028076,
        "mean": 7.24528551102,
        "median": 7.50898790359,
        "min": 3.34478521347,
        "var": 0.842101216316
    },
    "spectral_flux": {
        "dmean": 0.0637567192316,
        "dmean2": 0.097930893302,
        "dvar": 0.00636697234586,
        "dvar2": 0.0127961328253,
        "max": 0.485593289137,
        "mean": 0.102986373007,
        "median": 0.07258464396,
        "min": 1.05084926871e-10,
        "var": 0.00788243208081
    },
    "spectral_kurtosis": {
        "dmean": 9.28043270111,
        "dmean2": 14.600356102,
        "dvar": 378.763977051,
        "dvar2": 827.839477539,
        "max": 239.2840271,
        "mean": 12.4560289383,
        "median": 4.13319826126,
        "min": -1.19439423084,
        "var": 534.278015137
    },
    "spectral_rms": {
        "dmean": 0.00170929939486,
        "dmean2": 0.00222613918595,
        "dvar": 4.34302137364e-06,
        "dvar2": 8.1834023149e-06,
        "max": 0.0172556638718,
        "mean": 0.00736417993903,
        "median": 0.00608272384852,
        "min": 3.28230173076e-12,
        "var": 2.19066860154e-05
    },
    "spectral_rolloff": {
        "dmean": 500.161499023,
        "dmean2": 809.079589844,
        "dvar": 1189862.125,
        "dvar2": 2579538.25,
        "max": 18755.4199219,
        "mean": 944.702514648,
        "median": 387.59765625,
        "min": 64.599609375,
        "var": 2267185.75
    },
    "spectral_skewness": {
        "dmean": 0.758962035179,
        "dmean2": 1.14094424248,
        "dvar": 1.38702213764,
        "dvar2": 2.9241373539,
        "max": 12.6439237595,
        "mean": 2.24969816208,
        "median": 1.698107481,
        "min": -0.0904323235154,
        "var": 2.71543717384
    },
    "spectral_spread": {
        "dmean": 1205999.25,
        "dmean2": 1735494.875,
        "dvar": 2.00314008371e+12,
        "dvar2": 3.6008188969e+12,
        "max": 40604356,
        "mean": 4680006,
        "median": 4676158,
        "min": 412243.84375,
        "var": 4.79214436352e+12
    },
    "spectral_strongpeak": {
        "dmean": 0.276224404573,
        "dmean2": 0.410092294216,
        "dvar": 0.111490733922,
        "dvar2": 0.276245594025,
        "max": 2.98806428909,
        "mean": 0.696559071541,
        "median": 0.642331838608,
        "min": 0,
        "var": 0.203818798065
    },
    "zerocrossingrate": {
        "dmean": 0.0121943699196,
        "dmean2": 0.013513373211,
        "dvar": 0.000296105368761,
        "dvar2": 0.000351823226083,
        "max": 0.59130859375,
        "mean": 0.0383826680481,
        "median": 0.02392578125,
        "min": 0.001953125,
        "var": 0.001745001995
    },
    "barkbands": {
        "dmean": [0.00119734555483, 0.0155828921124, 0.00346441473812, 0.00450311368331, 0.00532285077497, 0.000961583165918, 0.000756208726671, 0.000657980970573, 0.000377494259737, 0.000300511252135, 0.000246709823841, 0.000205702599487, 0.000209416917642, 0.000669739383738, 0.000323134416249, 0.00014559768897, 0.000143159631989, 0.000180245726369, 0.000162807336892, 0.000183655371075, 0.000196579028852, 0.000157279006089, 0.000205605319934, 0.000117389492516, 7.19564195606e-05, 3.09723181999e-05, 3.64289917343e-06],
        "dmean2": [0.00128222315107, 0.0180581696332, 0.00619591167197, 0.00752770481631, 0.00892328005284, 0.00167692208197, 0.00124417606276, 0.00102561642416, 0.000605499139056, 0.000478219415527, 0.000397682917537, 0.000310304807499, 0.000342459330568, 0.00126169424038, 0.00058003567392, 0.00023616933322, 0.000219124689465, 0.000287923263386, 0.00024097073765, 0.000284237583401, 0.00030525503098, 0.00023970741313, 0.000311793555738, 0.000181620431249, 0.000114207621664, 5.00020687468e-05, 6.41638143861e-06],
        "dvar": [5.54232883587e-06, 0.00103341147769, 7.32865082682e-05, 8.13247606857e-05, 9.65173021541e-05, 2.88920318781e-06, 2.05777610063e-06, 1.51689789618e-06, 4.99691736877e-07, 2.61355978637e-07, 2.98245424801e-07, 2.3243570979e-07, 2.11158990737e-07, 3.52127290171e-06, 5.43492603811e-07, 7.25448856542e-08, 1.09295775985e-07, 1.52130041897e-07, 1.78217021585e-07, 1.87008907915e-07, 2.75374191006e-07, 1.54028185761e-07, 2.30282438451e-07, 6.23140650191e-08, 1.67063340939e-08, 3.0845066501e-09, 4.65357995194e-11],
        "dvar2": [7.69598773331e-06, 0.00149662001058, 0.000209320074646, 0.000202385723242, 0.000248456228292, 7.81680319051e-06, 4.64170307168e-06, 3.43519991475e-06, 1.25456222122e-06, 6.16777469986e-07, 7.43641692225e-07, 5.07754805312e-07, 5.29501733126e-07, 1.01594932858e-05, 1.53851669893e-06, 1.71422612993e-07, 2.42278133555e-07, 3.17700795449e-07, 3.84251336527e-07, 3.93328235759e-07, 6.66747268951e-07, 3.7071032466e-07, 4.97644634834e-07, 1.44201166563e-07, 3.77376458971e-08, 7.12850933837e-09, 1.20472049003e-10],
        "max": [0.0289900712669, 0.282616883516, 0.103212043643, 0.0847717449069, 0.0985770151019, 0.0213509649038, 0.0249888040125, 0.0210687704384, 0.00913758389652, 0.011239266023, 0.00815203413367, 0.00831654295325, 0.00783682987094, 0.0157544463873, 0.00620167609304, 0.00345353898592, 0.00401465874165, 0.00371722900309, 0.00520054716617, 0.00432624435052, 0.00536128738895, 0.0039275502786, 0.00734550971538, 0.00229539652355, 0.00153069198132, 0.000880421546753, 6.21119543212e-05],
        "mean": [0.00397326890379, 0.0525306463242, 0.00390338571742, 0.00461564166471, 0.00546829169616, 0.00130841101054, 0.00106526934542, 0.00100365502294, 0.00057793664746, 0.000462104188045, 0.000296601239825, 0.000246441253694, 0.000229555371334, 0.00043781902059, 0.000253997684922, 0.00015740148956, 0.000151497239131, 0.000179790877155, 0.000171955995029, 0.000191418657778, 0.000197862493224, 0.000166498575709, 0.000224535469897, 0.000123514168081, 7.1934715379e-05, 2.87135590042e-05, 2.81438133243e-06],
        "median": [7.64753494877e-05, 0.00224766368046, 0.00107080151793, 0.00152960058767, 0.0020202214364, 0.000631892005913, 0.000394600909203, 0.000381836958695, 0.000238953973167, 0.000197216460947, 0.00010446968372, 6.35275209788e-05, 7.12391192792e-05, 5.71140335524e-05, 5.69283947698e-05, 4.46281919722e-05, 3.39810867445e-05, 3.09236565954e-05, 2.68177718681e-05, 2.83199333353e-05, 2.77471845038e-05, 2.318425868e-05, 2.59867974819e-05, 1.65981400642e-05, 1.18864991236e-05, 4.16685679738e-06, 2.64424755869e-07],
        "min": [2.43020182331e-23, 5.64810011427e-24, 1.82859630215e-23, 1.256424128e-23, 6.83082294004e-23, 8.8745078478e-23, 7.04029643373e-23, 8.44138534552e-23, 7.55659264333e-23, 2.8527267682e-23, 8.16800970089e-23, 6.02418678982e-23, 1.38657374491e-22, 9.02561005212e-23, 2.38804654804e-22, 2.04352334905e-22, 1.39443622689e-22, 2.37043614341e-22, 1.49042621023e-22, 2.84268816609e-22, 2.56023153337e-22, 6.66332050683e-22, 7.9237006145e-22, 8.45264182265e-22, 1.32648680299e-21, 1.57110224508e-21, 2.82851037924e-21],
        "var": [5.44077229279e-05, 0.00594791350886, 5.28747259523e-05, 7.68028694438e-05, 8.88428112376e-05, 3.42579869539e-06, 3.49199535776e-06, 2.65132143795e-06, 7.72500811763e-07, 5.34646687811e-07, 3.31967640932e-07, 3.33797601115e-07, 2.27598647484e-07, 1.95050915863e-06, 3.44176356748e-07, 9.0431917954e-08, 1.24736629914e-07, 1.82570886409e-07, 2.11810245787e-07, 2.28728154639e-07, 2.80128602981e-07, 1.63419215937e-07, 2.91719430834e-07, 7.29674383138e-08, 1.93155269557e-08, 3.41208905574e-09, 3.77456746414e-11]
    },
    "erbbands": {
        "dmean": [0.700978279114, 2.81577396393, 3.76411294937, 9.37613964081, 21.028629303, 16.5715084076, 8.36385822296, 8.00526428223, 11.0529918671, 12.4483509064, 11.8954954147, 8.48599052429, 10.2079763412, 9.73241424561, 8.27880573273, 8.17040729523, 9.99539756775, 20.8956489563, 34.7021903992, 9.79445171356, 7.4873752594, 7.8490357399, 9.48267650604, 8.10308074951, 9.75438213348, 8.17315292358, 7.27517700195, 7.66391611099, 5.50049638748, 7.08419179916, 5.6179599762, 3.20640873909, 1.57588219643, 0.924444496632, 0.450927168131, 0.185342535377, 0.0506769791245, 0.00719635048881, 0.00068005383946, 4.39658724645e-05],
        "dmean2": [0.757332384586, 3.58351063728, 6.65194988251, 15.8438100815, 34.9034881592, 28.2940406799, 14.8852939606, 13.9127664566, 18.1592140198, 19.8546543121, 18.5515060425, 13.7661619186, 15.558344841, 15.6740751266, 13.4342164993, 12.4592847824, 16.2606239319, 37.8884086609, 65.4055633545, 16.3424263, 11.878074646, 11.9742116928, 15.4404258728, 12.1633968353, 14.903758049, 12.3929786682, 11.2468948364, 11.9004487991, 8.31510829926, 10.7706308365, 8.791472435, 5.08169603348, 2.45533680916, 1.48317968845, 0.714188754559, 0.295585930347, 0.0835857018828, 0.0123294172809, 0.00118773966096, 6.57074997434e-05],
        "dvar": [2.17510986328, 38.8802566528, 93.6425018311, 294.865264893, 1897.25097656, 1332.05114746, 250.70072937, 203.663024902, 392.472503662, 543.124267578, 609.547241211, 291.239776611, 296.629394531, 361.213470459, 300.580230713, 366.670043945, 475.770843506, 2616.12060547, 9658.58496094, 294.112548828, 228.796310425, 304.661621094, 429.253845215, 394.745544434, 641.569580078, 389.177947998, 455.420074463, 316.591522217, 177.72454834, 350.688323975, 163.21824646, 61.154712677, 9.17983627319, 3.02693653107, 0.602787137032, 0.117504842579, 0.00741349067539, 0.000170803017681, 1.52119594077e-06, 3.26758708979e-09],
        "dvar2": [2.82236123085, 72.6100616455, 267.872650146, 783, 4852.765625, 3405.33935547, 671.39630127, 557.745117188, 907.882385254, 1226.53979492, 1348.51635742, 776.272277832, 609.78515625, 887.043395996, 721.680358887, 821.110717773, 1171.76599121, 7467.78466797, 27879.2441406, 735.122009277, 527.848205566, 669.889892578, 992.220031738, 682.10168457, 1417.27624512, 852.594421387, 1133.78039551, 727.157226562, 409.392669678, 822.499694824, 377.020202637, 149.535919189, 21.0186843872, 7.2010383606, 1.30353534222, 0.273506730795, 0.0171246062964, 0.000431893422501, 3.91110597775e-06, 7.13723524726e-09],
        "max": [14.8330888748, 52.5121650696, 107.357398987, 179.433517456, 464.943817139, 464.568908691, 185.799224854, 203.367340088, 392.171356201, 431.765563965, 453.451782227, 252.671356201, 252.974090576, 404.365447998, 256.782989502, 326.665679932, 377.915100098, 425.068695068, 881.656311035, 147.243804932, 200.358810425, 217.278549194, 195.041870117, 195.614456177, 293.004974365, 208.828903198, 232.103012085, 192.960571289, 130.374206543, 398.690551758, 118.281227112, 76.985206604, 34.8938865662, 18.3798274994, 11.1702280045, 5.26375293732, 1.10465228558, 0.134452745318, 0.0114978440106, 0.000414933339925],
        "mean": [2.49579000473, 7.83409690857, 4.92058181763, 10.5230169296, 22.0177898407, 15.3597154617, 8.67580318451, 11.2773723602, 17.0059394836, 18.5836906433, 17.9483852386, 12.975651741, 18.0766162872, 12.3793592453, 10.6758289337, 9.97765922546, 11.0467243195, 15.7588567734, 22.5339393616, 9.84943675995, 8.4750585556, 8.37444114685, 9.31866931915, 9.15915584564, 9.80854129791, 8.67080211639, 7.58622646332, 7.626765728, 6.01931858063, 7.45416784286, 5.88223695755, 3.30992412567, 1.66978299618, 0.911305785179, 0.450833827257, 0.175024747849, 0.0453012064099, 0.00597278354689, 0.00055787601741, 0.00010172551265],
        "median": [0.0827572718263, 0.536066412926, 2.18941688538, 4.66332149506, 6.06621646881, 4.8704624176, 2.96503186226, 5.42082309723, 7.9097328186, 7.45418739319, 7.23130464554, 6.13567399979, 7.52735567093, 5.36788368225, 3.86249399185, 3.01793599129, 3.30056858063, 3.22220897675, 2.99036836624, 2.93019866943, 2.30977058411, 1.94154417515, 1.73377418518, 1.47440552711, 1.41632127762, 1.31278765202, 1.10805058479, 1.09158372879, 0.818788766861, 0.851451277733, 0.697341024876, 0.438259094954, 0.234856516123, 0.14754486084, 0.0724491477013, 0.0269141662866, 0.00576830748469, 0.000661094905809, 0.000107482650492, 6.32503652014e-05],
        "min": [4.20813924518e-22, 1.09579398594e-21, 2.06791631158e-20, 4.02780832816e-20, 1.43855303447e-19, 2.08795960868e-19, 5.28191372158e-19, 8.19418091191e-19, 1.03458208908e-18, 7.91699579057e-19, 2.03867264642e-18, 2.30884472373e-18, 1.30664303332e-18, 2.21922280629e-18, 2.49676816478e-18, 2.75865251274e-18, 4.34453000737e-18, 6.71682941025e-18, 1.12649517274e-17, 1.0332586001e-17, 1.03136510096e-17, 1.00578594672e-17, 1.14769581184e-17, 8.70147185983e-18, 1.07972844886e-17, 1.27585752159e-17, 1.15119759825e-17, 1.00699652555e-17, 2.01340988877e-17, 2.7179664349e-17, 2.4893204787e-17, 1.69203251913e-17, 1.52532617807e-17, 1.23760529863e-17, 1.06557224529e-17, 5.41116245005e-18, 3.37394460754e-18, 1.85909980045e-18, 3.33601579151e-19, 3.66735500584e-20],
        "var": [16.0638275146, 134.624389648, 72.2117080688, 249.899627686, 1883.41870117, 1114.36987305, 220.99810791, 254.138198853, 712.960632324, 920.30670166, 1062.51757812, 360.219360352, 798.584777832, 441.951049805, 398.955169678, 494.696044922, 535.206298828, 1586.04345703, 5326.84423828, 318.996398926, 284.573425293, 356.073974609, 455.539886475, 566.669494629, 708.175354004, 470.726806641, 457.137664795, 350.681121826, 204.646896362, 378.858856201, 184.028457642, 62.1410331726, 11.4208288193, 3.24271678925, 0.745971262455, 0.128481000662, 0.00814776867628, 0.00015315496421, 1.24832877191e-06, 8.93168650151e-09]
    },
    "gfcc": {
        "mean": [-52.8383522034, 105.212028503, -87.1396713257, 27.514093399, -52.6738166809, 14.3964509964, -31.0054225922, 5.53101444244, -17.310956955, -0.131564006209, -14.8777446747, -5.3649225235, -9.8710641861],
        "cov": [[15001.3193359, -2655.1171875, -950.541992188, 1321.99389648, -1617.08874512, 315.401885986, -1007.2635498, 158.402893066, -760.086608887, 158.808380127, -671.22277832, 140.15663147, -583.796508789], [-2655.1171875, 4043.96630859, 1254.75549316, -427.855743408, 1118.48815918, -211.236099243, 863.262756348, 45.2859573364, 706.944763184, -94.1794128418, 533.958557129, -168.239898682, 401.856933594], [-950.541992188, 1254.75549316, 2416.02319336, 585.284240723, 826.298950195, 378.707672119, 575.632751465, 200.931274414, 432.790679932, 71.1630172729, 220.90637207, 21.461025238, 155.945922852], [1321.99389648, -427.855743408, 585.284240723, 873.586975098, 188.776596069, 284.619049072, 62.418926239, 93.7932281494, 10.3542718887, 49.7462997437, -26.3341693878, 25.0271072388, -28.7407226562], [-1617.08874512, 1118.48815918, 826.298950195, 188.776596069, 1192.38867188, 199.848602295, 571.883972168, 186.45111084, 393.7237854, 134.280838013, 315.265228271, 12.6228961945, 249.361831665], [315.401885986, -211.236099243, 378.707672119, 284.619049072, 199.848602295, 343.770690918, 149.932342529, 107.982284546, 101.330474854, 97.6903915405, 53.195602417, 77.0783843994, 21.1390552521], [-1007.2635498, 863.262756348, 575.632751465, 62.418926239, 571.883972168, 149.932342529, 482.447387695, 160.72076416, 327.156921387, 89.0905075073, 250.611694336, 35.1134033203, 179.574508667], [158.402893066, 45.2859573364, 200.931274414, 93.7932281494, 186.45111084, 107.982284546, 160.72076416, 192.679855347, 129.111663818, 125.883995056, 91.1403274536, 67.8080215454, 67.2690811157], [-760.086608887, 706.944763184, 432.790679932, 10.3542718887, 393.7237854, 101.330474854, 327.156921387, 129.111663818, 337.83706665, 121.089050293, 231.96661377, 45.7512741089, 146.843414307], [158.808380127, -94.1794128418, 71.1630172729, 49.7462997437, 134.280838013, 97.6903915405, 89.0905075073, 125.883995056, 121.089050293, 197.070770264, 102.908042908, 82.5702133179, 64.6870269775], [-671.22277832, 533.958557129, 220.90637207, -26.3341693878, 315.265228271, 53.195602417, 250.611694336, 91.1403274536, 231.96661377, 102.908042908, 223.475601196, 59.0315818787, 139.158981323], [140.15663147, -168.239898682, 21.461025238, 25.0271072388, 12.6228961945, 77.0783843994, 35.1134033203, 67.8080215454, 45.7512741089, 82.5702133179, 59.0315818787, 106.446357727, 40.3030204773], [-583.796508789, 401.856933594, 155.945922852, -28.7407226562, 249.361831665, 21.1390552521, 179.574508667, 67.2690811157, 146.843414307, 64.6870269775, 139.158981323, 40.3030204773, 143.15802002]],
        "icov": [[0.000148093182361, -0.000191379236639, 0.000107165127702, -0.000306389818434, 0.000158823895617, -0.000139389390824, 0.000165852659848, -0.000332953262841, 0.000241047426243, -0.000352523318725, 0.000273700017715, -0.000339753722074, 0.000396867457312], [-0.000191379236639, 0.00130342179909, -0.000480805290863, 0.000771268794779, -0.000275060359854, 0.000922530889511, -0.000686317274813, 0.000582563865464, -0.0013037181925, 0.00155898311641, -0.00154386030044, 0.00214761658572, -0.00130164891016], [0.000107165127702, -0.000480805290863, 0.000999421929009, -0.000744270801079, -5.8338380768e-05, -0.000494441366754, -0.000229136043345, -0.000161833682796, -0.000651310780086, -0.000169271646882, 0.00158963608555, -0.00107734731864, 0.000589294882957], [-0.000306389818434, 0.000771268794779, -0.000744270801079, 0.00270688766614, -0.000590356532484, -0.000914472679142, 0.000231846512179, -9.54167189775e-05, -1.58568909683e-05, 0.00118353555445, -0.0014066027943, 0.00205135787837, -0.000871639465913], [0.000158823895617, -0.000275060359854, -5.8338380768e-05, -0.000590356532484, 0.00256788986735, -0.000642535858788, -0.00162352703046, -0.000265656650299, 0.00114357285202, -0.00126689055469, -0.000686086947098, 0.00172523129731, -0.00127119745594], [-0.000139389390824, 0.000922530889511, -0.000494441366754, -0.000914472679142, -0.000642535858788, 0.00755086448044, -0.00368266785517, 0.00166955345776, -0.00189818162471, -0.000891649804544, 0.00237305741757, -0.00391874834895, 0.0021825642325], [0.000165852659848, -0.000686317274813, -0.000229136043345, 0.000231846512179, -0.00162352703046, -0.00368266785517, 0.013953843154, -0.00624642753974, -0.00318983476609, 0.00475574098527, -0.00554263824597, 0.00263717910275, -0.00252905441448], [-0.000332953262841, 0.000582563865464, -0.000161833682796, -9.54167189775e-05, -0.000265656650299, 0.00166955345776, -0.00624642753974, 0.0146020269021, -0.00197954033501, -0.00606795307249, 0.00517748855054, -0.00402529910207, -0.000773028994445], [0.000241047426243, -0.0013037181925, -0.000651310780086, -1.58568909683e-05, 0.00114357285202, -0.00189818162471, -0.00318983476609, -0.00197954033501, 0.0179971475154, -0.00494700158015, -0.0105334240943, 0.00254631438293, 0.00186592526734], [-0.000352523318725, 0.00155898311641, -0.000169271646882, 0.00118353555445, -0.00126689055469, -0.000891649804544, 0.00475574098527, -0.00606795307249, -0.00494700158015, 0.0159530807287, -0.00597001938149, -0.000240933310124, -0.00243066507392], [0.000273700017715, -0.00154386030044, 0.00158963608555, -0.0014066027943, -0.000686086947098, 0.00237305741757, -0.00554263824597, 0.00517748855054, -0.0105334240943, -0.00597001938149, 0.0320783555508, -0.0124984886497, -0.00536116864532], [-0.000339753722074, 0.00214761658572, -0.00107734731864, 0.00205135787837, 0.00172523129731, -0.00391874834895, 0.00263717910275, -0.00402529910207, 0.00254631438293, -0.000240933310124, -0.0124984886497, 0.0261152498424, -0.00737749179825], [0.000396867457312, -0.00130164891016, 0.000589294882957, -0.000871639465913, -0.00127119745594, 0.0021825642325, -0.00252905441448, -0.000773028994445, 0.00186592526734, -0.00243066507392, -0.00536116864532, -0.00737749179825, 0.0233409609646]]
    },
    "melbands": {
        "dmean": [0.00515035912395, 0.00231139315292, 0.00206117588095, 0.00138713000342, 0.000359345081961, 0.000181380222784, 0.0001662933646, 0.000140785487019, 8.93621545401e-05, 5.27873780811e-05, 5.02871334902e-05, 3.86602914659e-05, 3.08709495584e-05, 2.39371092903e-05, 2.17464421439e-05, 2.04762127396e-05, 4.33686036558e-05, 6.86767380103e-05, 1.80712704605e-05, 1.03101938294e-05, 8.64520006871e-06, 7.96947006165e-06, 8.72840337252e-06, 9.07063440536e-06, 6.23842015557e-06, 6.75958926877e-06, 7.81065227784e-06, 4.77131061416e-06, 4.3880895646e-06, 4.85080863655e-06, 4.21176764576e-06, 3.21554489346e-06, 2.93351240543e-06, 4.19818388764e-06, 3.41463510267e-06, 2.502033567e-06, 1.75257150659e-06, 1.15662487588e-06, 9.36510787142e-07, 7.31543536858e-07],
        "dmean2": [0.00576807046309, 0.00355635117739, 0.00346370763145, 0.00230761640705, 0.000636189768557, 0.000314706790959, 0.000272348057479, 0.000223347189603, 0.000140316114994, 8.52063967614e-05, 7.66886951169e-05, 6.30164431641e-05, 5.04930176248e-05, 3.63130820915e-05, 3.4784028685e-05, 3.33215575665e-05, 7.98459805083e-05, 0.000131075183162, 3.12125921482e-05, 1.69449449459e-05, 1.35686950671e-05, 1.19845335576e-05, 1.44580990309e-05, 1.46610655065e-05, 9.31356589717e-06, 1.03523998405e-05, 1.23953677758e-05, 7.34933746571e-06, 6.71054749546e-06, 7.64806645748e-06, 6.54392897559e-06, 4.89931426273e-06, 4.54844621345e-06, 6.30864633422e-06, 5.39048323844e-06, 4.06071467296e-06, 2.73068917522e-06, 1.79823007329e-06, 1.53146663706e-06, 1.17269621569e-06],
        "dvar": [0.000110659042548, 2.8453192499e-05, 1.51329932123e-05, 6.68100119583e-06, 5.07206152633e-07, 1.02433538984e-07, 8.96402383432e-08, 6.64865780209e-08, 3.3893257978e-08, 1.1076666695e-08, 7.20720816361e-09, 5.82899772894e-09, 4.34543157013e-09, 2.98844438085e-09, 2.64951749429e-09, 1.84911874701e-09, 1.24709016447e-08, 4.02000779332e-08, 1.23252674733e-09, 3.0791119654e-10, 3.60405677524e-10, 2.92066093532e-10, 4.25040058705e-10, 4.14369344393e-10, 2.38649128237e-10, 3.38803096689e-10, 3.82730652726e-10, 1.27421670437e-10, 1.64117566759e-10, 1.59623675389e-10, 9.21862031156e-11, 6.07483230386e-11, 5.69507115078e-11, 1.28903901442e-10, 6.03924202314e-11, 3.92527989279e-11, 1.61785237984e-11, 5.05059275652e-12, 3.2902860124e-12, 1.86972681261e-12],
        "dvar2": [0.000151180734974, 7.16467111488e-05, 3.87368563679e-05, 1.69294435182e-05, 1.36680421292e-06, 2.78961522326e-07, 2.04735613352e-07, 1.51893914335e-07, 7.65536256608e-08, 2.9064654683e-08, 1.47814764873e-08, 1.45078260516e-08, 1.08287698808e-08, 6.60796972696e-09, 6.26720764174e-09, 4.59754589954e-09, 3.57817917518e-08, 1.16068150646e-07, 3.32826655125e-09, 7.19516446424e-10, 8.3957468755e-10, 6.18444684353e-10, 1.0657332794e-09, 8.84872730644e-10, 3.99718202981e-10, 7.73973940493e-10, 8.21444468002e-10, 2.81528494961e-10, 3.99256072647e-10, 3.91229354468e-10, 2.11259038041e-10, 1.39267583577e-10, 1.41693934363e-10, 2.8573482469e-10, 1.4166121054e-10, 9.83912118446e-11, 3.76644618272e-11, 1.14624889441e-11, 8.04090995177e-12, 4.42322784303e-12],
        "max": [0.0992406532168, 0.0528305098414, 0.0346856378019, 0.026209872216, 0.00809278339148, 0.00492611574009, 0.00578398676589, 0.00428393343464, 0.00322941294871, 0.00151907862164, 0.00125158787705, 0.0017456318019, 0.000994868227281, 0.00093339587329, 0.000939972989727, 0.000715279718861, 0.000936943572015, 0.00180185085628, 0.000307833950501, 0.000192774983589, 0.000261734559899, 0.000223435767111, 0.000223083261517, 0.000183137890417, 0.00015870432253, 0.000219401306822, 0.000201186354388, 0.000120418902952, 0.000132164670504, 0.000142406570376, 9.00682571228e-05, 7.47956582927e-05, 0.000101284858829, 0.000238688575337, 7.01987592038e-05, 5.97580183239e-05, 3.80293386115e-05, 2.65902453975e-05, 1.68659335031e-05, 1.69753748196e-05],
        "mean": [0.0177683569491, 0.00498701725155, 0.00227907672524, 0.00140984077007, 0.000355985801434, 0.000256419851212, 0.000253963313298, 0.000212245300645, 0.000134801550303, 8.10195924714e-05, 8.83263564901e-05, 4.72772371722e-05, 3.83617880289e-05, 2.89776962745e-05, 2.44048533204e-05, 2.23353654292e-05, 3.10488794639e-05, 4.24392783316e-05, 1.59635510499e-05, 1.10920591396e-05, 9.63256297837e-06, 8.45461818244e-06, 8.60622094478e-06, 8.71882548381e-06, 7.15091709935e-06, 6.70007921144e-06, 7.75070475356e-06, 5.11258895131e-06, 4.58442218587e-06, 4.78675974591e-06, 4.18638137489e-06, 3.46039655597e-06, 3.0567016438e-06, 4.54519476989e-06, 3.53594373337e-06, 2.52293193626e-06, 1.83551253485e-06, 1.22406981973e-06, 9.12356426852e-07, 7.14946395419e-07],
        "median": [0.000678716343828, 0.00166332465596, 0.00103135604877, 0.000471175066195, 0.000116856870591, 0.00012300797971, 0.000115855320473, 8.57889390318e-05, 5.45330622117e-05, 3.66897002095e-05, 3.59817204298e-05, 1.98826819542e-05, 1.36000680868e-05, 8.34884485812e-06, 7.31100408302e-06, 6.59986289975e-06, 5.59948557566e-06, 4.59733200842e-06, 4.08435835197e-06, 3.57361159331e-06, 2.41438101511e-06, 1.97608687813e-06, 1.69329723576e-06, 1.40715940233e-06, 1.12372413241e-06, 9.78411321739e-07, 9.61961859502e-07, 8.3158556663e-07, 6.41896008347e-07, 6.84818019181e-07, 5.67777988181e-07, 4.4471053684e-07, 4.3146926032e-07, 4.57907816553e-07, 3.80287701773e-07, 3.47274067281e-07, 2.28257562185e-07, 1.65108431815e-07, 1.35929553835e-07, 1.19481313732e-07],
        "min": [3.76430816121e-24, 6.74369183311e-24, 8.06572568037e-24, 1.4352357027e-23, 1.49164604163e-23, 1.84429999842e-23, 1.47591647072e-23, 1.04445720277e-23, 1.50544653208e-23, 1.40168955048e-23, 5.79135646579e-24, 7.99710976998e-24, 9.23851493297e-24, 7.82402737648e-24, 7.89674536359e-24, 1.27856177381e-23, 1.13131070955e-23, 1.72570690978e-23, 1.3677365038e-23, 1.51542940906e-23, 1.10170546975e-23, 9.25622249371e-24, 1.14305164194e-23, 9.65069081165e-24, 6.78198077487e-24, 5.57406157401e-24, 1.05660921058e-23, 7.64857130053e-24, 7.32790880888e-24, 6.24238413848e-24, 5.68569998602e-24, 1.09599884996e-23, 1.32511340246e-23, 1.47587702768e-23, 1.46731126043e-23, 1.16269932719e-23, 9.66299940835e-24, 1.12029292594e-23, 9.50099183311e-24, 1.1169657473e-23],
        "var": [0.000721930293366, 5.00888236274e-05, 1.38337863973e-05, 6.2961612457e-06, 4.12701098185e-07, 1.30511295993e-07, 1.62256441172e-07, 1.12088102355e-07, 5.77489416287e-08, 1.45298839627e-08, 1.94341556181e-08, 6.80612988191e-09, 5.23178256273e-09, 4.20553547542e-09, 3.08133696336e-09, 2.12639106323e-09, 7.26021998076e-09, 2.1940358863e-08, 1.01784891626e-09, 3.96662230839e-10, 4.26954749333e-10, 3.57462948131e-10, 4.0678077573e-10, 4.70502192762e-10, 3.52473022991e-10, 3.6054315089e-10, 4.25123186654e-10, 1.55898183252e-10, 1.72294803424e-10, 1.58892343727e-10, 1.03724882849e-10, 7.01203400899e-11, 5.59945839695e-11, 1.54348436809e-10, 6.65723587367e-11, 3.68841832077e-11, 1.83727998093e-11, 6.34719056827e-12, 3.4389787025e-12, 1.99355115749e-12]
    },
    "mfcc": {
        "mean": [-702.036132812, 135.936447144, 22.8188076019, 19.6464290619, 5.62483167648, 8.38568401337, -0.254702061415, 4.24885368347, 1.32358109951, 5.31774282455, 0.141651988029, -1.71964478493, -1.9660050869],
        "cov": [[13788.2402344, -3322.28515625, -943.957336426, 56.7522621155, -804.135925293, -253.238449097, -585.381530762, -367.963226318, -526.147583008, -305.649841309, -321.601867676, -245.957382202, -354.428588867], [-3322.28515625, 3942.17578125, 658.17565918, 205.7293396, 487.59262085, 150.177383423, 381.295166016, 279.052490234, 393.745605469, 301.968536377, 315.295806885, 242.213516235, 270.879547119], [-943.957336426, 658.17565918, 1648.15783691, 473.222259521, 383.618133545, 369.515777588, 218.603744507, 288.521759033, 202.682983398, 211.460754395, 146.627151489, 116.899139404, 96.1859054565], [56.7522621155, 205.7293396, 473.222259521, 609.259338379, 379.059906006, 247.929992676, 232.12159729, 158.898376465, 169.495193481, 135.706161499, 114.352836609, 83.8824234009, 66.8463973999], [-804.135925293, 487.59262085, 383.618133545, 379.059906006, 540.163208008, 315.533843994, 295.341644287, 191.594833374, 212.441711426, 178.291351318, 161.462524414, 115.150505066, 104.042030334], [-253.238449097, 150.177383423, 369.515777588, 247.929992676, 315.533843994, 345.234893799, 216.163711548, 175.18321228, 148.265884399, 145.689437866, 119.86995697, 98.597946167, 81.601890564], [-585.381530762, 381.295166016, 218.603744507, 232.12159729, 295.341644287, 216.163711548, 285.108215332, 174.07069397, 187.146911621, 134.085861206, 125.42035675, 110.783805847, 108.880462646], [-367.963226318, 279.052490234, 288.521759033, 158.898376465, 191.594833374, 175.18321228, 174.07069397, 210.430206299, 137.390350342, 111.160491943, 98.836227417, 94.6494827271, 90.4840164185], [-526.147583008, 393.745605469, 202.682983398, 169.495193481, 212.441711426, 148.265884399, 187.146911621, 137.390350342, 197.502883911, 142.383422852, 129.824859619, 106.06880188, 106.365036011], [-305.649841309, 301.968536377, 211.460754395, 135.706161499, 178.291351318, 145.689437866, 134.085861206, 111.160491943, 142.383422852, 163.051116943, 135.656494141, 99.169380188, 93.9602584839], [-321.601867676, 315.295806885, 146.627151489, 114.352836609, 161.462524414, 119.86995697, 125.42035675, 98.836227417, 129.824859619, 135.656494141, 152.849487305, 109.914550781, 100.942489624], [-245.957382202, 242.213516235, 116.899139404, 83.8824234009, 115.150505066, 98.597946167, 110.783805847, 94.6494827271, 106.06880188, 99.169380188, 109.914550781, 124.018409729, 105.530654907], [-354.428588867, 270.879547119, 96.1859054565, 66.8463973999, 104.042030334, 81.601890564, 108.880462646, 90.4840164185, 106.365036011, 93.9602584839, 100.942489624, 105.530654907, 128.955795288]],
