{
"lowlevel": {
    "average_loudness": 0.739105939865,
    "barkbands_crest": {
        "dmean": 2.70747256279,
        "dmean2": 4.24722003937,
        "dvar": 7.24869680405,
        "dvar2": 17.0361614227,
        "max": 26.5435123444,
        "mean": 13.4510955811,
        "median": 12.654967308,
        "min": 2.42465877533,
        "var": 31.8376731873
    },
    "barkbands_flatness_db": {
        "dmean": 0.0289508309215,
        "dmean2": 0.0402060747147,
        "dvar": 0.00103780755308,
        "dvar2": 0.00184220389929,
        "max": 0.724165737629,
        "mean": 0.196372792125,
        "median": 0.183032676578,
        "min": 0.0141077218577,
        "var": 0.00816351361573
    },
    "barkbands_kurtosis": {
        "dmean": 11.8879756927,
        "dmean2": 18.0287780762,
        "dvar": 1584.35339355,
        "dvar2": 3751.97607422,
        "max": 1180.43725586,
        "mean": 22.3927173615,
        "median": 3.06895780563,
        "min": -1.94081127644,
        "var": 5026.37011719
    },
    "barkbands_skewness": {
        "dmean": 0.869534313679,
        "dmean2": 1.25560414791,
        "dvar": 1.63928079605,
        "dvar2": 3.42922329903,
        "max": 30.9390697479,
        "mean": 2.24456167221,
        "median": 1.51044940948,
        "min": -5.30340147018,
        "var": 10.5793390274
    },
    "barkbands_spread": {
        "dmean": 4.81763887405,
        "dmean2": 7.16239261627,
        "dvar": 46.4821014404,
        "dvar2": 98.2174758911,
        "max": 111.998573303,
        "mean": 16.0819969177,
        "median": 13.2958908081,
        "min": 0.126965865493,
        "var": 149.684326172
    },
    "dissonance": {
        "dmean": 0.0212386380881,
        "dmean2": 0.0354819372296,
        "dvar": 0.000502023322042,
        "dvar2": 0.00133144494612,
        "max": 0.500000059605,
        "mean": 0.461451858282,
        "median": 0.471937209368,
        "min": 0.220905527472,
        "var": 0.00119877012912
    },
    "dynamic_complexity": 3.38017416,
    "erbbands_crest": {
        "dmean": 2.78075027466,
        "dmean2": 4.24418783188,
        "dvar": 7.55680561066,
        "dvar2": 16.4923210144,
        "max": 32.8171005249,
        "mean": 12.0830745697,
        "median": 11.209985733,
        "min": 2.32431697845,
        "var": 36.0372314453
    },
    "erbbands_flatness_db": {
        "dmean": 0.0220120884478,
        "dmean2": 0.0294809117913,
        "dvar": 0.000647717039101,
        "dvar2": 0.0011031612521,
        "max": 0.492808669806,
        "mean": 0.192570120096,
        "median": 0.182499662042,
        "min": 0.0509850047529,
        "var": 0.0058163786307
    },
    "erbbands_kurtosis": {
        "dmean": 1.59374940395,
        "dmean2": 2.38677191734,
        "dvar": 10.4658632278,
        "dvar2": 21.473777771,
        "max": 129.035095215,
        "mean": 2.3534321785,
        "median": 0.564897537231,
        "min": -1.91587793827,
        "var": 48.252696991
    },
    "erbbands_skewness": {
        "dmean": 0.429922550917,
        "dmean2": 0.611512064934,
        "dvar": 0.218622297049,
        "dvar2": 0.428921222687,
        "max": 9.14865016937,
        "mean": 0.289394527674,
        "median": 0.226275503635,
        "min": -4.07683706284,
        "var": 1.48360109329
    },
    "erbbands_spread": {
        "dmean": 7.78459119797,
        "dmean2": 11.1852302551,
        "dvar": 113.923744202,
        "dvar2": 223.339416504,
        "max": 205.495162964,
        "mean": 33.7044258118,
        "median": 26.7114181519,
        "min": 1.43478369713,
        "var": 648.099731445
    },
    "hfc": {
        "dmean": 5.80055236816,
        "dmean2": 8.02541351318,
        "dvar": 71.5058364868,
        "dvar2": 144.32611084,
        "max": 149.208557129,
        "mean": 19.3221988678,
        "median": 12.756483078,
        "min": 4.2663828026e-06,
        "var": 353.98739624
    },
    "melbands_crest": {
        "dmean": 3.12228727341,
        "dmean2": 4.855489254,
        "dvar": 8.99163341522,
        "dvar2": 20.7901535034,
        "max": 36.9628829956,
        "mean": 16.619392395,
        "median": 16.3760681152,
        "min": 2.14341187477,
        "var": 35.6891441345
    },
    "melbands_flatness_db": {
        "dmean": 0.0328617356718,
        "dmean2": 0.0457342714071,
        "dvar": 0.0014525213046,
        "dvar2": 0.00252051535062,
        "max": 0.878039598465,
        "mean": 0.270883768797,
        "median": 0.252308517694,
        "min": 0.00717647699639,
        "var": 0.012175898999
    },
    "melbands_kurtosis": {
        "dmean": 16.5214195251,
        "dmean2": 24.4074897766,
        "dvar": 1808.16430664,
        "dvar2": 3796.58544922,
        "max": 1013.45629883,
        "mean": 36.0406608582,
        "median": 8.15573596954,
        "min": -1.81396055222,
        "var": 6540.77490234
    },
    "melbands_skewness": {
        "dmean": 0.969142377377,
        "dmean2": 1.41279792786,
        "dvar": 1.73449659348,
        "dvar2": 3.54140949249,
        "max": 22.2059650421,
        "mean": 3.10475730896,
        "median": 2.49532461166,
        "min": -4.10636234283,
        "var": 10.6927528381
    },
    "melbands_spread": {
        "dmean": 6.32900953293,
        "dmean2": 9.43623924255,
        "dvar": 111.705345154,
        "dvar2": 242.756759644,
        "max": 238.628555298,
        "mean": 19.9541015625,
        "median": 15.294219017,
        "min": 0.268794804811,
        "var": 377.320892334
    },
    "pitch_salience": {
        "dmean": 0.0756113901734,
        "dmean2": 0.117491513491,
        "dvar": 0.00535187311471,
        "dvar2": 0.0124413399026,
        "max": 0.949871778488,
        "mean": 0.476340472698,
        "median": 0.478455215693,
        "min": 0.0580580197275,
        "var": 0.0256489887834
    },
    "silence_rate_20dB": {
        "dmean": 0,
        "dmean2": 0,
        "dvar": 0,
        "dvar2": 0,
        "max": 1,
        "mean": 1,
        "median": 1,
        "min": 1,
        "var": 0
    },
    "silence_rate_30dB": {
        "dmean": 0.0532710291445,
        "dmean2": 0.106550350785,
        "dvar": 0.0504264682531,
        "dvar2": 0.114357352257,
        "max": 1,
        "mean": 0.901098072529,
        "median": 1,
        "min": 0,
        "var": 0.0891141444445
    },
    "silence_rate_60dB": {
        "dmean": 0.031775701791,
        "dmean2": 0.0634784623981,
        "dvar": 0.030764112249,
        "dvar2": 0.0663021504879,
        "max": 1,
        "mean": 0.0720348879695,
        "median": 0,
        "min": 0,
        "var": 0.0668455883861
    },
    "spectral_centroid": {
        "dmean": 213.142074585,
        "dmean2": 309.076782227,
        "dvar": 83822.9921875,
        "dvar2": 156380.59375,
        "max": 4923.27978516,
        "mean": 1311.57910156,
        "median": 1245.10571289,
        "min": 95.1947250366,
        "var": 540213.125
    },
    "spectral_complexity": {
        "dmean": 3.29003119469,
        "dmean2": 4.87055063248,
        "dvar": 21.6639156342,
        "dvar2": 44.0136833191,
        "max": 57,
        "mean": 11.6274433136,
        "median": 10,
        "min": 0,
        "var": 59.7754211426
    },
    "spectral_decrease": {
        "dmean": 3.3091656082e-09,
        "dmean2": 4.77293760071e-09,
        "dvar": 2.44657774035e-17,
        "dvar2": 4.72460254164e-17,
        "max": -9.1133968861e-16,
        "mean": -9.97084992349e-09,
        "median": -5.50422818435e-09,
        "min": -6.44981241749e-08,
        "var": 1.11452092274e-16
    },
    "spectral_energy": {
        "dmean": 0.0128717413172,
        "dmean2": 0.0185306891799,
        "dvar": 0.000356151605956,
        "dvar2": 0.000685555452947,
        "max": 0.245949193835,
        "mean": 0.0393848195672,
        "median": 0.0228620395064,
        "min": 3.82658171816e-09,
        "var": 0.00163629464805
    },
    "spectral_energyband_high": {
        "dmean": 0.000237205982557,
        "dmean2": 0.000333809934091,
        "dvar": 2.36443412405e-07,
        "dvar2": 5.00514204305e-07,
        "max": 0.00708390818909,
        "mean": 0.000407369778259,
        "median": 0.000168371130712,
        "min": 1.20823684391e-10,
        "var": 3.94451433294e-07
    },
    "spectral_energyband_low": {
        "dmean": 0.0103618726134,
        "dmean2": 0.0152814416215,
        "dvar": 0.000330166716594,
        "dvar2": 0.000656536372844,
        "max": 0.234717816114,
        "mean": 0.0258804131299,
        "median": 0.00664764270186,
        "min": 1.24698085191e-10,
        "var": 0.00142150442116
    },
    "spectral_energyband_middle_high": {
        "dmean": 0.00210366747342,
        "dmean2": 0.00299677415751,
        "dvar": 1.25049209601e-05,
        "dvar2": 2.6539359169e-05,
        "max": 0.0669751986861,
        "mean": 0.00692674471065,
        "median": 0.00290734763257,
        "min": 2.28404650748e-09,
        "var": 7.86308519309e-05
    },
    "spectral_energyband_middle_low": {
        "dmean": 0.00318864523433,
        "dmean2": 0.00477177882567,
        "dvar": 3.03808956232e-05,
        "dvar2": 6.76165873301e-05,
        "max": 0.0798697173595,
        "mean": 0.00721116689965,
        "median": 0.00413699168712,
        "min": 1.4050650643e-09,
        "var": 7.74042928242e-05
    },
    "spectral_entropy": {
        "dmean": 0.223119750619,
        "dmean2": 0.302596598864,
        "dvar": 0.0704710334539,
        "dvar2": 0.122883968055,
        "max": 8.65984535217,
        "mean": 7.14394664764,
        "median": 7.19991636276,
        "min": 3.92212080956,
        "var": 0.413636744022
    },
    "spectral_flux": {
        "dmean": 0.0319008342922,
        "dmean2": 0.0503763332963,
        "dvar": 0.00155475339852,
        "dvar2": 0.00359413749538,
        "max": 0.345508247614,
        "mean": 0.076649107039,
        "median": 0.0625779777765,
        "min": 0.00013454699365,
        "var": 0.00278697512113
    },
    "spectral_kurtosis": {
        "dmean": 2.37438201904,
        "dmean2": 3.93210411072,
        "dvar": 20.8819599152,
        "dvar2": 55.8326225281,
        "max": 143.650741577,
        "mean": 6.53197717667,
        "median": 4.98359918594,
        "min": -1.43075978756,
        "var": 37.5881996155
    },
    "spectral_rms": {
        "dmean": 0.000981476856396,
        "dmean2": 0.0013788274955,
        "dvar": 1.52430209255e-06,
        "dvar2": 2.63128663391e-06,
        "max": 0.0154903335497,
        "mean": 0.00540697388351,
        "median": 0.00472275633365,
        "min": 1.93216214939e-06,
        "var": 9.18883506529e-06
    },
    "spectral_rolloff": {
        "dmean": 367.797637939,
        "dmean2": 600.268981934,
        "dvar": 919010.1875,
        "dvar2": 1699618.875,
        "max": 14470.3125,
        "mean": 1358.61657715,
        "median": 947.4609375,
        "min": 43.06640625,
        "var": 2795014.25
    },
    "spectral_skewness": {
        "dmean": 0.275285154581,
        "dmean2": 0.43781799078,
        "dvar": 0.136977449059,
        "dvar2": 0.329393178225,
        "max": 9.8166475296,
        "mean": 1.78488957882,
        "median": 1.68929243088,
        "min": 0.0977894738317,
        "var": 0.410032600164
    },
    "spectral_spread": {
        "dmean": 534094.625,
        "dmean2": 775975.375,
        "dvar": 639530893312,
        "dvar2": 1.14069536768e+12,
        "max": 16577793,
        "mean": 4352004.5,
        "median": 4081484,
        "min": 531515.0625,
        "var": 3.26069072691e+12
    },
    "spectral_strongpeak": {
        "dmean": 0.670635938644,
        "dmean2": 1.13045334816,
        "dvar": 1.77379584312,
        "dvar2": 4.03936100006,
        "max": 21.3861274719,
        "mean": 1.66446912289,
        "median": 0.649327218533,
        "min": 0,
        "var": 6.32139444351
    },
    "zerocrossingrate": {
        "dmean": 0.0102828452364,
        "dmean2": 0.0111073236912,
        "dvar": 0.000254235870671,
        "dvar2": 0.000245370873017,
        "max": 0.376953125,
        "mean": 0.0543701797724,
        "median": 0.04443359375,
        "min": 0.00244140625,
        "var": 0.00213980628178
    },
    "barkbands": {
        "dmean": [0.000363624683814, 0.00878939218819, 0.00249277870171, 0.000875662546605, 0.00088270904962, 0.000682059268001, 0.00054640462622, 0.000622222491074, 0.000405940780183, 0.000596421188675, 0.000326306239003, 0.000272656936431, 0.000219523717533, 0.000470887986012, 0.000393495691242, 0.000285526970401, 0.000557097489946, 0.00013222299458, 0.000131421504193, 8.31149372971e-05, 7.89654368418e-05, 4.66770070489e-05, 2.96658217849e-05, 1.86322558875e-05, 4.51824598713e-05, 8.18850821815e-06, 1.08985186671e-05],
        "dmean2": [0.000567138195038, 0.0131789781153, 0.0041184918955, 0.00141800998244, 0.00138517480809, 0.00103598413989, 0.000799080822617, 0.000969450338744, 0.000611303490587, 0.000836270744912, 0.00045768453856, 0.000384561135434, 0.000327653135173, 0.000707223720383, 0.000530873017851, 0.000437294947915, 0.000818158092443, 0.000201502261916, 0.000200359863811, 0.00012387035531, 0.000115478331281, 6.78954529576e-05, 4.4978572987e-05, 2.70674445346e-05, 6.54907489661e-05, 1.17217487059e-05, 1.68555670825e-05],
        "dvar": [7.93758374584e-07, 0.000268035393674, 2.78519601125e-05, 4.89826015837e-06, 4.07497009292e-06, 3.17039416586e-06, 4.266914857e-06, 3.99712644139e-06, 1.71923534253e-06, 3.49545553036e-06, 1.71970020801e-06, 5.29306362296e-07, 3.78881196639e-07, 1.55604493557e-06, 9.95112827695e-07, 7.45112686218e-07, 3.88020816899e-06, 2.03573648605e-07, 8.25399979476e-08, 2.83166254889e-08, 3.14762971243e-08, 7.69863284233e-09, 5.25440313481e-09, 6.9504553224e-09, 1.56880659574e-08, 1.6005478054e-09, 3.3482934203e-09],
        "dvar2": [1.68398196365e-06, 0.000538367661647, 7.11067768862e-05, 1.2578575479e-05, 1.0165970707e-05, 6.83828784531e-06, 7.91002548794e-06, 9.76566570898e-06, 3.28356122736e-06, 8.20234163257e-06, 3.44811019204e-06, 9.69825578068e-07, 8.77844513525e-07, 3.62840137313e-06, 1.70989312664e-06, 1.6319883116e-06, 8.02971590019e-06, 4.67110510272e-07, 1.74125815988e-07, 6.51818297115e-08, 6.96440807246e-08, 1.65439395516e-08, 1.14632054959e-08, 1.39399221055e-08, 3.44204593716e-08, 3.49393403098e-09, 8.12394684857e-09],
        "max": [0.0162543877959, 0.22219465673, 0.0989949479699, 0.0308918468654, 0.0377800501883, 0.0449705645442, 0.0695829391479, 0.0558573640883, 0.0514784827828, 0.0618707872927, 0.0431303828955, 0.0160445682704, 0.0148397572339, 0.0269576050341, 0.0301092956215, 0.0184559896588, 0.0511400923133, 0.00904846563935, 0.00818209908903, 0.00358095718548, 0.00327028031461, 0.00133876502514, 0.00155042018741, 0.00272203260101, 0.00322081008926, 0.000767498160712, 0.00110019813292],
        "mean": [0.000505317351781, 0.0205365363508, 0.00407927390188, 0.0012534664711, 0.00142098695505, 0.00122600106988, 0.00113881821744, 0.000915894517675, 0.000666519918013, 0.00129292788915, 0.000658734352328, 0.000511236139573, 0.000467365985969, 0.000969286717009, 0.00110457814299, 0.000453552434919, 0.00125612935517, 0.00021211670537, 0.000223665760132, 0.000144752499182, 0.00013072603906, 7.15106580174e-05, 3.88013068005e-05, 2.67793675448e-05, 5.82430366194e-05, 1.0362431567e-05, 1.11959325295e-05],
        "median": [7.80032642069e-05, 0.00303340819664, 0.00130957912188, 0.000404672464356, 0.000475499575259, 0.000307875685394, 0.000171863110154, 0.000119561365864, 0.000100053744973, 0.000145488345879, 5.4512409406e-05, 6.07419278822e-05, 4.41216216132e-05, 0.000112039051601, 9.72221023403e-05, 6.73629838275e-05, 0.000110245549877, 3.77989526896e-05, 5.79123916395e-05, 5.1298240578e-05, 3.86167666875e-05, 2.565925206e-05, 1.15890252346e-05, 5.5875138969e-06, 1.00823299363e-05, 1.76067669599e-06, 8.91279114512e-07],
        "min": [1.33953629439e-11, 3.92113008729e-11, 4.51121709433e-11, 1.60068607674e-11, 4.92443689992e-11, 2.69727407076e-10, 2.77284056827e-10, 6.9418241988e-11, 1.63366209449e-10, 1.52106424678e-10, 3.65982660844e-11, 3.13961745491e-10, 1.25335464229e-10, 9.81723660698e-11, 6.78382211516e-11, 5.74139347176e-11, 5.35518192291e-11, 3.5940053017e-11, 1.82146485395e-11, 2.16353428228e-11, 2.31465333012e-11, 1.76359430532e-11, 1.65059285684e-11, 1.6757999502e-11, 1.15645609408e-11, 1.34984783767e-11, 1.26986554952e-11],
        "var": [1.55002203428e-06, 0.0011436494533, 5.4762862419e-05, 6.39397967461e-06, 7.29092698748e-06, 7.84476287663e-06, 1.76602952706e-05, 8.00225734565e-06, 5.50893946638e-06, 1.07219202619e-05, 7.57052112021e-06, 1.68596216099e-06, 1.44420391734e-06, 4.95151925861e-06, 7.96956919658e-06, 1.7442821445e-06, 1.53544406203e-05, 3.55019182052e-07, 2.21607521667e-07, 5.39428341995e-08, 5.81128531962e-08, 1.27042776299e-08, 7.29694615842e-09, 1.12411830955e-08, 1.99101677367e-08, 1.97390859213e-09, 3.33549499132e-09]
    },
    "erbbands": {
        "dmean": [0.252146303654, 2.04641532898, 2.97439360619, 2.8829202652, 2.78768563271, 2.85793542862, 2.92144656181, 6.5695810318, 8.41411399841, 9.60519218445, 11.8302946091, 9.6535358429, 18.2222251892, 12.687666893, 13.3438854218, 12.1920194626, 10.1984395981, 25.635881424, 18.3761386871, 17.3994579315, 22.9624710083, 22.0042953491, 7.05704164505, 8.63082027435, 4.64792776108, 4.23280382156, 3.40658831596, 2.58763957024, 1.56252527237, 1.71089267731, 0.632295012474, 0.448804050684, 0.29356610775, 0.285099208355, 0.420541584492, 0.0800711214542, 0.01411063876, 0.00477625662461, 0.00216550496407, 0.00014944432769],
        "dmean2": [0.388246685266, 3.0363881588, 4.90681266785, 4.46100997925, 4.38965940475, 4.61162376404, 4.42428016663, 10.0629482269, 11.9825620651, 14.7116508484, 18.48188591, 14.5316066742, 25.9519557953, 18.5117683411, 18.0008525848, 17.0269775391, 15.1409959793, 38.0047340393, 25.2190589905, 24.4642162323, 33.4127311707, 32.6568069458, 10.4400157928, 13.0136680603, 6.91310024261, 6.28601980209, 5.09257125854, 3.82581353188, 2.25222015381, 2.66532540321, 0.949444890022, 0.656296789646, 0.433737456799, 0.442649662495, 0.608858525753, 0.117114983499, 0.0207110606134, 0.00705307535827, 0.00343485432677, 0.000222300426685],
        "dvar": [0.271509021521, 13.8677091599, 38.6928710938, 35.4844055176, 43.1271743774, 48.9941062927, 41.3860054016, 323.056915283, 1018.83068848, 988.398193359, 1403.99194336, 915.333862305, 4132.23730469, 2542.80737305, 2399.11401367, 1083.59265137, 671.882873535, 4631.74560547, 2530.11450195, 1953.20361328, 5035.20849609, 6058.53271484, 380.616821289, 569.144775391, 89.5625762939, 71.3371429443, 56.8362426758, 33.1523284912, 9.67080593109, 14.4671573639, 3.49937653542, 4.22176361084, 2.13067722321, 1.70812416077, 1.14631223679, 0.0478262454271, 0.00634438870475, 0.00132199120708, 0.000107219675556, 4.40599961848e-07],
        "dvar2": [0.575005292892, 28.6732883453, 95.7963943481, 87.4740219116, 101.93434906, 125.571723938, 93.0686798096, 719.050720215, 1738.43371582, 2246.328125, 3432.01245117, 1853.76574707, 9745.484375, 6035.13476562, 4172.20654297, 2014.58178711, 1445.22497559, 10730.2099609, 4769.73876953, 3054.74389648, 10068.7285156, 14103.5048828, 873.568725586, 1203.39208984, 197.934509277, 165.055938721, 129.872192383, 70.0153961182, 20.0154247284, 34.9234275818, 7.44251298904, 8.65435409546, 4.75752067566, 3.89292812347, 2.34830188751, 0.10131970048, 0.0142981726676, 0.00318308756687, 0.000265951704932, 1.03035642951e-06],
        "max": [6.74812793732, 48.9763450623, 120.7760849, 78.3465881348, 131.180130005, 142.43006897, 127.019325256, 442.771179199, 1107.63879395, 986.632568359, 1226.04760742, 1027.41369629, 2375.67285156, 1429.28356934, 2188.31811523, 830.074584961, 534.632568359, 1527.30895996, 1649.38317871, 1418.77880859, 1716.45666504, 1655.29321289, 380.227416992, 483.57043457, 232.904403687, 119.188262939, 150.977035522, 140.892364502, 51.2830657959, 35.8165168762, 51.8489341736, 78.887588501, 54.4009666443, 56.9835662842, 8.96246814728, 2.86880707741, 1.55951046944, 0.716798484325, 0.204515248537, 0.012857818976],
        "mean": [0.507578313351, 4.86192846298, 5.66301965714, 5.13192558289, 4.49069547653, 4.20453929901, 5.30203294754, 11.0532436371, 19.1350383759, 15.6490259171, 18.9317188263, 17.194475174, 34.0579795837, 30.7012271881, 29.4679737091, 25.8179798126, 23.2592201233, 54.7324333191, 49.6285820007, 46.083065033, 48.055141449, 46.538898468, 14.6178941727, 15.3093509674, 8.54724407196, 7.64339590073, 5.59046411514, 4.217045784, 2.51827716827, 2.30886626244, 0.8555803895, 0.636495172977, 0.396177321672, 0.35878765583, 0.550425291061, 0.101197220385, 0.0156850069761, 0.00532580167055, 0.00211696559563, 0.000195634609554],
        "median": [0.0692677050829, 0.688630402088, 1.61672353745, 2.12431430817, 1.42532384396, 1.26193881035, 1.467056036, 2.83521676064, 2.91338396072, 2.78251647949, 3.14225077629, 3.3923137188, 5.53490495682, 3.79427313805, 4.33579540253, 4.48463869095, 4.77002763748, 9.4011926651, 7.99543333054, 7.98894023895, 6.1101474762, 5.76711273193, 3.21061611176, 3.43822145462, 2.79746866226, 2.85741686821, 1.93990087509, 1.13786935806, 0.869101166725, 0.798399090767, 0.24163800478, 0.123725116253, 0.0829888358712, 0.0721003636718, 0.0827733203769, 0.0162931997329, 0.00187558436301, 0.000552796060219, 0.000187579731573, 5.9491761931e-05],
        "min": [1.22137788772e-09, 8.94571172694e-09, 4.3364639879e-08, 7.73895507677e-08, 1.75806533775e-07, 9.47168032894e-08, 2.39314090322e-07, 2.95667427963e-06, 4.14968872064e-06, 3.1226968531e-06, 1.08856886527e-06, 3.25684231939e-06, 1.02894255178e-05, 2.17710976358e-06, 3.54354187948e-06, 1.07895039037e-05, 5.82332586418e-06, 5.90532226852e-06, 4.02440764447e-06, 2.82528480966e-06, 3.62357809536e-06, 2.94685241897e-06, 2.17284286919e-06, 1.13509634048e-06, 9.63458887782e-07, 9.99958729153e-07, 1.01026444099e-06, 7.55369342187e-07, 6.02316504228e-07, 5.95794347191e-07, 4.50017381581e-07, 3.69689502122e-07, 2.55890086009e-07, 1.28562021473e-07, 8.70800249686e-08, 5.30811554711e-08, 2.44990498999e-08, 9.11750319688e-09, 1.91667148819e-09, 1.69654901239e-10],
        "var": [0.808115303516, 64.0165634155, 94.3287353516, 67.7454528809, 84.2202453613, 74.0680541992, 122.852325439, 671.247009277, 4416.25927734, 1787.38244629, 4240.03320312, 2913.48046875, 7424.56640625, 11048.8525391, 13124.3955078, 3816.34277344, 2949.3503418, 14342.7597656, 16556.2226562, 17887.2421875, 19437.7324219, 17292.9316406, 979.299438477, 1441.73413086, 239.171264648, 147.970809937, 92.5978317261, 71.8124542236, 17.4194202423, 16.5842170715, 5.23677110672, 6.96982574463, 2.63868308067, 1.97191023827, 1.57863712311, 0.0617325380445, 0.00735285691917, 0.00134821806569, 0.000100501230918, 4.75008505418e-07]
    },
    "gfcc": {
        "mean": [-41.4545516968, 88.3387680054, -117.023132324, 30.2722606659, -37.8670120239, 12.8614778519, -25.3612213135, 7.0495262146, -13.6268749237, 6.49894428253, -15.1589374542, -3.86477303505, -4.33748531342],
        "cov": [[5943.95751953, -230.020111084, -277.320098877, 242.413146973, -15.5845165253, 58.4868278503, -55.5154800415, 88.3699951172, -82.7439575195, 157.01739502, 115.862625122, 9.3501996994, -17.4051303864], [-230.020111084, 3065.28076172, 973.995300293, 618.550476074, 400.360626221, 136.369766235, 250.877761841, -44.3718299866, 106.14201355, -70.55493927, 376.459320068, -128.764862061, 60.6573448181], [-277.320098877, 973.995300293, 2854.9765625, 907.567749023, -25.3251724243, 331.307891846, 102.473617554, 16.1516685486, -25.1946163177, 103.401100159, 184.516647339, -10.8163585663, 4.68391513824], [242.413146973, 618.550476074, 907.567749023, 1011.68444824, 271.08114624, 118.169006348, 144.08392334, 43.1575737, 73.0835418701, -8.99319934845, 47.088306427, -59.9513206482, 37.0426177979], [-15.5845165253, 400.360626221, -25.3251724243, 271.08114624, 517.573303223, 139.20098877, 122.64503479, 30.889749527, 101.228027344, -22.5130519867, -28.9883670807, 6.02916240692, 29.9725418091], [58.4868278503, 136.369766235, 331.307891846, 118.169006348, 139.20098877, 280.434295654, 110.537834167, 24.2820892334, 8.96822357178, 33.03931427, 9.51070594788, -23.6220436096, -16.1651153564], [-55.5154800415, 250.877761841, 102.473617554, 144.08392334, 122.64503479, 110.537834167, 225.358276367, 59.796081543, 33.1674079895, -12.9284229279, -7.58526754379, -21.8414363861, 19.2849254608], [88.3699951172, -44.3718299866, 16.1516685486, 43.1575737, 30.889749527, 24.2820892334, 59.796081543, 176.44342041, 64.9954223633, -26.3751144409, -5.92644405365, 1.56009984016, 2.33373475075], [-82.7439575195, 106.14201355, -25.1946163177, 73.0835418701, 101.228027344, 8.96822357178, 33.1674079895, 64.9954223633, 181.643417358, 38.4992408752, -16.4957752228, -2.63622736931, 11.0713129044], [157.01739502, -70.55493927, 103.401100159, -8.99319934845, -22.5130519867, 33.03931427, -12.9284229279, -26.3751144409, 38.4992408752, 150.866409302, 45.7560844421, 8.86497116089, -24.415725708], [115.862625122, 376.459320068, 184.516647339, 47.088306427, -28.9883670807, 9.51070594788, -7.58526754379, -5.92644405365, -16.4957752228, 45.7560844421, 253.235168457, -3.23978948593, -16.0946998596], [9.3501996994, -128.764862061, -10.8163585663, -59.9513206482, 6.02916240692, -23.6220436096, -21.8414363861, 1.56009984016, -2.63622736931, 8.86497116089, -3.23978948593, 135.794830322, 55.2334594727], [-17.4051303864, 60.6573448181, 4.68391513824, 37.0426177979, 29.9725418091, -16.1651153564, 19.2849254608, 2.33373475075, 11.0713129044, -24.415725708, -16.0946998596, 55.2334594727, 131.855316162]],
        "icov": [[0.000202775394428, -2.93456341751e-05, 0.000113559035526, -0.000174340268131, 5.5280939705e-05, -0.000132574830786, 0.000187633224414, -0.000316186138662, 0.000338731828379, -0.000406977749662, 1.93476921595e-06, -4.83983712911e-05, -4.87476063427e-05], [-2.93456341751e-05, 0.000743414217141, -0.000293361168588, 0.000151574684423, -0.000531361263711, 0.000387815904105, -0.000696954375599, 0.000836443970911, -0.000727329053916, 0.000964639591984, -0.00121697189752, 0.000755163142458, -0.000347753433743], [0.000113559035526, -0.000293361168588, 0.00087471853476, -0.000880723469891, 0.000813896127511, -0.0011229448719, 0.000557417108212, -0.000453091604868, 0.000510220881552, -0.000701333628967, 0.000210875121411, -0.00073419988621, 0.000130694621475], [-0.000174340268131, 0.000151574684423, -0.000880723469891, 0.00221761828288, -0.00128731597215, 0.00104464066681, -0.000834549427964, 0.000319470302202, -0.000579707266297, 0.000613688258454, -0.00028884812491, 0.00134477543179, -0.000583623885177], [5.5280939705e-05, -0.000531361263711, 0.000813896127511, -0.00128731597215, 0.00400069030002, -0.00235323770903, -1.02375415736e-05, 0.000316052435664, -0.00134893134236, 0.000511619029567, 0.000789472891483, -0.00182830449194, 0.000452700769529], [-0.000132574830786, 0.000387815904105, -0.0011229448719, 0.00104464066681, -0.00235323770903, 0.00681091845036, -0.00273791863583, -0.000102160200186, 0.00087121152319, -0.00113659957424, -0.000196046530618, 0.00153350329492, 0.000372761598555], [0.000187633224414, -0.000696954375599, 0.000557417108212, -0.000834549427964, -1.02375415736e-05, -0.00273791863583, 0.00758448569104, -0.00279725180008, 0.0010542384116, -0.00101162609644, 0.00114775635302, 0.000345142383594, -0.00111340172589], [-0.000316186138662, 0.000836443970911, -0.000453091604868, 0.000319470302202, 0.000316052435664, -0.000102160200186, -0.00279725180008, 0.00935425329953, -0.00500260433182, 0.00449093384668, -0.00173942849506, -0.000464253098471, 0.000892797892448], [0.000338731828379, -0.000727329053916, 0.000510220881552, -0.000579707266297, -0.00134893134236, 0.00087121152319, 0.0010542384116, -0.00500260433182, 0.0101431384683, -0.00564575521275, 0.00201361021027, 0.000531277502887, -0.00100203300826], [-0.000406977749662, 0.000964639591984, -0.000701333628967, 0.000613688258454, 0.000511619029567, -0.00113659957424, -0.00101162609644, 0.00449093384668, -0.00564575521275, 0.011773080565, -0.00306422403082, -0.000984966056421, 0.00186049868353], [1.93476921595e-06, -0.00121697189752, 0.000210875121411, -0.00028884812491, 0.000789472891483, -0.000196046530618, 0.00114775635302, -0.00173942849506, 0.00201361021027, -0.00306422403082, 0.00647009536624, -0.00105689733755, 0.000789191166405], [-4.83983712911e-05, 0.000755163142458, -0.00073419988621, 0.00134477543179, -0.00182830449194, 0.00153350329492, 0.000345142383594, -0.000464253098471, 0.000531277502887, -0.000984966056421, -0.00105689733755, 0.0111862150952, -0.00518600596115], [-4.87476063427e-05, -0.000347753433743, 0.000130694621475, -0.000583623885177, 0.000452700769529, 0.000372761598555, -0.00111340172589, 0.000892797892448, -0.00100203300826, 0.00186049868353, 0.000789191166405, -0.00518600596115, 0.010684132576]]
    },
    "melbands": {
        "dmean": [0.00237242481671, 0.00187792954966, 0.000469769758638, 0.000207490476896, 0.000106098217657, 0.000145578742377, 0.00012335187057, 0.00011569171329, 9.21709361137e-05, 5.95874007558e-05, 9.13285693969e-05, 5.28865130036e-05, 4.18054914917e-05, 3.7111050915e-05, 2.43129525188e-05, 2.06393124245e-05, 5.54136495339e-05, 2.95651680062e-05, 2.37457770709e-05, 2.28490571317e-05, 3.35063014063e-05, 2.94462734018e-05, 1.07326031866e-05, 5.99968143433e-06, 7.62883928473e-06, 4.04173533752e-06, 2.9384186746e-06, 2.7857142868e-06, 2.05461606129e-06, 2.34914750763e-06, 1.47091816416e-06, 9.27808230244e-07, 1.0433643638e-06, 9.11620816169e-07, 3.59591865617e-07, 3.04736602175e-07, 2.7337094366e-07, 2.2031620972e-07, 1.67982250332e-07, 2.81097271682e-07],
        "dmean2": [0.00357162021101, 0.00295697036199, 0.00072640820872, 0.000330852868501, 0.000157636168296, 0.000220136833377, 0.000176397457835, 0.000179111724719, 0.000141863813042, 9.04518383322e-05, 0.000129969572299, 7.72205239628e-05, 5.73316465307e-05, 5.11160578753e-05, 3.47474669979e-05, 3.14576536766e-05, 8.23267764645e-05, 4.06862345699e-05, 3.2775260479e-05, 3.36770426657e-05, 4.84186821268e-05, 4.3777647079e-05, 1.53969140229e-05, 9.29592715693e-06, 1.15519633255e-05, 6.13535485172e-06, 4.32007163909e-06, 4.2088840928e-06, 3.0585993045e-06, 3.62042715096e-06, 2.16588432522e-06, 1.36877577006e-06, 1.60960723861e-06, 1.4345313275e-06, 5.56674649488e-07, 4.54627496538e-07, 4.07579307193e-07, 3.32196862018e-07, 2.50799502055e-07, 4.56211665778e-07],
        "dvar": [2.15183044929e-05, 1.17885838335e-05, 9.24923199364e-07, 2.43380100073e-07, 5.25886179048e-08, 1.55618593567e-07, 2.18540904484e-07, 1.43221683402e-07, 8.44580085868e-08, 3.25666889012e-08, 1.04091220976e-07, 4.38601936992e-08, 2.25904681628e-08, 9.61742774308e-09, 3.33805605379e-09, 3.35476380009e-09, 2.29706991206e-08, 6.0793072798e-09, 3.25634497145e-09, 3.25859916828e-09, 1.33791173695e-08, 1.26604948747e-08, 1.1186467308e-09, 5.74221337146e-10, 4.49496856403e-10, 7.90726026323e-11, 3.03665079193e-11, 3.39936377658e-11, 1.9623306452e-11, 5.01794057695e-11, 1.38779144426e-11, 4.04679284874e-12, 4.24844881497e-12, 4.38904858638e-12, 1.18120509034e-12, 1.40743991982e-12, 1.90412334337e-12, 1.09745654404e-12, 1.4257064496e-12, 1.49494197403e-12],
        "dvar2": [4.26261285611e-05, 2.68411076831e-05, 2.23412848754e-06, 6.21227911779e-07, 1.14116197381e-07, 3.32567935857e-07, 3.72904310098e-07, 3.30459812403e-07, 1.9592806666e-07, 6.88797427983e-08, 2.43536646849e-07, 1.05583566778e-07, 4.38488072518e-08, 1.70055578508e-08, 6.5262346638e-09, 7.99156207876e-09, 5.28684971357e-08, 1.15085780905e-08, 5.55035528649e-09, 6.16188389202e-09, 2.54274219458e-08, 2.75339377964e-08, 2.40710851251e-09, 1.35601641027e-09, 9.35651778278e-10, 1.66772734511e-10, 6.6533036025e-11, 8.01716262822e-11, 4.4127725779e-11, 1.18792226056e-10, 2.75159443841e-11, 8.71139965719e-12, 1.00735366229e-11, 1.07804798075e-11, 2.65377411886e-12, 2.84866184461e-12, 4.00695188835e-12, 2.58893102269e-12, 3.17268585535e-12, 3.630805075e-12],
        "max": [0.0644854679704, 0.0528047010303, 0.0125456033275, 0.00720336427912, 0.00570999737829, 0.0103024188429, 0.0163237396628, 0.0110211186111, 0.00996359996498, 0.00553651852533, 0.0119024859741, 0.00601041503251, 0.00591787695885, 0.0026832644362, 0.00116594927385, 0.00158749811817, 0.0034510390833, 0.00223244121298, 0.00159075064585, 0.00139238114934, 0.00311996182427, 0.00238494761288, 0.000973805552348, 0.000530403573066, 0.000499408168253, 0.000212426282815, 8.69386421982e-05, 9.28147201193e-05, 0.000131838794914, 0.000145988655277, 0.000122959419969, 3.85212515539e-05, 2.21237514779e-05, 2.06814966077e-05, 3.11674739351e-05, 3.98912270612e-05, 5.43534843018e-05, 4.56044763268e-05, 6.00496168772e-05, 4.52438871434e-05],
        "mean": [0.00544910971075, 0.00437327846885, 0.00087111198809, 0.000312397110974, 0.00019167366554, 0.000256051891483, 0.000281390384771, 0.000175766297616, 0.000153378598043, 0.000101383418951, 0.000169983992237, 0.000124959362438, 8.72708114912e-05, 7.57331217756e-05, 5.35263388883e-05, 4.13426059822e-05, 0.00011463878036, 7.463098882e-05, 6.03870357736e-05, 5.17330408911e-05, 6.74897601129e-05, 5.97440302954e-05, 2.37755921262e-05, 9.12694031285e-06, 1.29124591695e-05, 6.71692805554e-06, 5.25192945133e-06, 4.74759508506e-06, 3.34386390932e-06, 3.18481852446e-06, 2.34527669818e-06, 1.39730548199e-06, 1.41588145652e-06, 1.16281012197e-06, 4.61630776272e-07, 4.04249220765e-07, 3.78559064984e-07, 2.90868456432e-07, 2.10694338421e-07, 3.32061091513e-07],
        "median": [0.000797293207143, 0.00108525762334, 0.000386415485991, 9.88334213616e-05, 4.93224833917e-05, 6.22355291853e-05, 3.99026102968e-05, 2.72780653177e-05, 2.18555851461e-05, 1.84272539627e-05, 2.35442621488e-05, 1.11292174552e-05, 9.00836403162e-06, 9.78005391516e-06, 7.55061228119e-06, 5.25430459675e-06, 1.14897429739e-05, 9.33402134251e-06, 6.90400702297e-06, 5.60541320738e-06, 5.27568045072e-06, 5.51246648683e-06, 2.614019877e-06, 1.67492669334e-06, 2.2950875973e-06, 1.57756835506e-06, 1.73224850641e-06, 1.65432652466e-06, 1.22523204027e-06, 7.4133902217e-07, 5.39878044492e-07, 3.87147679248e-07, 5.16726970545e-07, 3.77389284267e-07, 1.1957106949e-07, 7.94598022935e-08, 6.95696869002e-08, 6.37336086129e-08, 3.03739753349e-08, 6.54830216718e-08],
        "min": [1.17445983494e-11, 1.90870548533e-11, 1.76278835279e-11, 1.08074001137e-11, 5.75074146289e-12, 7.04515612515e-11, 6.22801255012e-11, 3.01240803136e-11, 6.78147338631e-12, 2.41243813121e-11, 4.153483113e-11, 8.54802513495e-12, 4.87704408109e-12, 4.58232791989e-11, 1.32304965594e-11, 1.34143963298e-11, 1.04528373804e-11, 4.22639744382e-12, 4.83574682034e-12, 3.23494594827e-12, 4.50184204151e-12, 3.21149725736e-12, 2.27436559169e-12, 1.64276318243e-12, 8.14445516237e-13, 7.65755948234e-13, 7.61230976257e-13, 6.06543840761e-13, 5.8850222872e-13, 5.93274778263e-13, 3.94339698699e-13, 3.17177192713e-13, 3.76499829577e-13, 3.17597836051e-13, 2.47256696454e-13, 2.74692730584e-13, 1.98289572696e-13, 1.81975379318e-13, 1.4677628145e-13, 9.57589110545e-14],
        "var": [8.41582659632e-05, 4.32296037616e-05, 1.81747270744e-06, 3.66237543403e-07, 1.58491758384e-07, 3.68370592696e-07, 9.92055447568e-07, 2.32155557001e-07, 2.95323275168e-07, 9.57405106305e-08, 1.90739896766e-07, 1.98161629328e-07, 1.13548772163e-07, 3.70664707816e-08, 1.38198874566e-08, 1.00771329059e-08, 7.23456849983e-08, 3.7662069019e-08, 2.49112748207e-08, 1.97230232146e-08, 5.67999443035e-08, 3.77725690726e-08, 4.72797534457e-09, 8.08266453767e-10, 1.18915866043e-09, 2.26296273387e-10, 6.94957494329e-11, 6.4573853209e-11, 3.48784057191e-11, 6.46176168129e-11, 3.53632748085e-11, 6.83719053596e-12, 5.48261436251e-12, 4.7723196922e-12, 1.60608180401e-12, 2.26948169459e-12, 2.96694981951e-12, 1.24308083358e-12, 1.59216737017e-12, 1.58922733914e-12]
    },
    "mfcc": {
        "mean": [-694.834960938, 124.14616394, -9.82374954224, 30.7392196655, 6.38374710083, 14.4718332291, 0.430153310299, 3.56092643738, 9.51911735535, 5.915766716, 2.91987633705, -0.246292799711, 4.03496646881],
        "cov": [[6233.32324219, -190.811035156, -661.06463623, 98.8933105469, -75.8927841187, -72.2818222046, 52.5214958191, -114.543273926, -181.126983643, 89.726272583, 16.1116638184, 10.3371448517, -22.3493289948], [-190.811035156, 2151.20898438, 632.164672852, 275.909667969, 359.348724365, 233.238861084, 285.084381104, 60.5499267578, -98.12890625, 91.9047012329, 32.7543258667, 127.419013977, 147.338485718], [-661.06463623, 632.164672852, 2200.18481445, 593.970458984, 358.86050415, 292.925628662, 281.543518066, 50.8596725464, -67.6651687622, 125.179840088, 14.4245500565, 123.361976624, 163.945739746], [98.8933105469, 275.909667969, 593.970458984, 798.500183105, 284.219543457, 222.644393921, 133.599060059, 100.780166626, 93.7449493408, 71.7411727905, 39.9044532776, 61.2162284851, 9.01180171967], [-75.8927841187, 359.348724365, 358.86050415, 284.219543457, 408.650817871, 157.012390137, 116.273727417, 75.395904541, 13.4085235596, 68.5634155273, 31.5615406036, 64.2366790771, 44.8917503357], [-72.2818222046, 233.238861084, 292.925628662, 222.644393921, 157.012390137, 351.627807617, 113.037567139, 30.3056240082, 89.7029571533, 16.6084213257, 52.476688385, 26.4662628174, 57.6432151794], [52.5214958191, 285.084381104, 281.543518066, 133.599060059, 116.273727417, 113.037567139, 270.032318115, 72.0986404419, -40.5560073853, 76.6325912476, 10.8877515793, 10.1042308807, -1.66077280045], [-114.543273926, 60.5499267578, 50.8596725464, 100.780166626, 75.395904541, 30.3056240082, 72.0986404419, 192.166534424, 112.570579529, 26.0598812103, 3.02062797546, 2.58627390862, -21.4829387665], [-181.126983643, -98.12890625, -67.6651687622, 93.7449493408, 13.4085235596, 89.7029571533, -40.5560073853, 112.570579529, 281.593078613, 12.0281581879, 13.9656887054, -14.6726379395, -27.7724590302], [89.726272583, 91.9047012329, 125.179840088, 71.7411727905, 68.5634155273, 16.6084213257, 76.6325912476, 26.0598812103, 12.0281581879, 159.993591309, 55.3967094421, 18.7711925507, -14.6730794907], [16.1116638184, 32.7543258667, 14.4245500565, 39.9044532776, 31.5615406036, 52.476688385, 10.8877515793, 3.02062797546, 13.9656887054, 55.3967094421, 142.848632812, 61.3329544067, 19.9971313477], [10.3371448517, 127.419013977, 123.361976624, 61.2162284851, 64.2366790771, 26.4662628174, 10.1042308807, 2.58627390862, -14.6726379395, 18.7711925507, 61.3329544067, 151.217956543, 77.0312728882], [-22.3493289948, 147.338485718, 163.945739746, 9.01180171967, 44.8917503357, 57.6432151794, -1.66077280045, -21.4829387665, -27.7724590302, -14.6730794907, 19.9971313477, 77.0312728882, 181.640472412]],
