{
"lowlevel": {
    "average_loudness": 0.821613609791,
    "barkbands_crest": {
        "dmean": 1.87613391876,
        "dmean2": 2.96518516541,
        "dvar": 5.01520729065,
        "dvar2": 11.9832019806,
        "max": 25.7633152008,
        "mean": 13.9244680405,
        "median": 13.7300128937,
        "min": 2.68303728104,
        "var": 21.257516861
    },
    "barkbands_flatness_db": {
        "dmean": 0.0293205250055,
        "dmean2": 0.0430949851871,
        "dvar": 0.00139926397242,
        "dvar2": 0.00263423798606,
        "max": 0.767837166786,
        "mean": 0.268723249435,
        "median": 0.269824326038,
        "min": 0.0459564998746,
        "var": 0.013245168142
    },
    "barkbands_kurtosis": {
        "dmean": 15.7096242905,
        "dmean2": 24.4367923737,
        "dvar": 1134.90979004,
        "dvar2": 2669.64697266,
        "max": 598.617797852,
        "mean": 33.902885437,
        "median": 16.7554569244,
        "min": -1.7752392292,
        "var": 2396.36645508
    },
    "barkbands_skewness": {
        "dmean": 0.921677350998,
        "dmean2": 1.40523672104,
        "dvar": 1.7492480278,
        "dvar2": 3.82562923431,
        "max": 19.3652801514,
        "mean": 3.68336486816,
        "median": 3.53236103058,
        "min": -3.53177571297,
        "var": 8.71811485291
    },
    "barkbands_spread": {
        "dmean": 2.19508242607,
        "dmean2": 3.34282493591,
        "dvar": 12.9152011871,
        "dvar2": 26.3307933807,
        "max": 51.159160614,
        "mean": 8.03493404388,
        "median": 4.65945386887,
        "min": 0.170565977693,
        "var": 69.9806213379
    },
    "dissonance": {
        "dmean": 0.0237833447754,
        "dmean2": 0.0395468138158,
        "dvar": 0.000868473318405,
        "dvar2": 0.00219556456432,
        "max": 0.500000059605,
        "mean": 0.445413589478,
        "median": 0.464247494936,
        "min": 0.0498300716281,
        "var": 0.0031110800337
    },
    "dynamic_complexity": 2.97252607346,
    "erbbands_crest": {
        "dmean": 2.38719415665,
        "dmean2": 3.88560056686,
        "dvar": 6.04202699661,
        "dvar2": 15.066031456,
        "max": 32.4650840759,
        "mean": 9.57483577728,
        "median": 8.30528736115,
        "min": 2.41625952721,
        "var": 26.0292129517
    },
    "erbbands_flatness_db": {
        "dmean": 0.0179576780647,
        "dmean2": 0.0270556695759,
        "dvar": 0.000430109939771,
        "dvar2": 0.00086184614338,
        "max": 0.544386267662,
        "mean": 0.193861335516,
        "median": 0.171689763665,
        "min": 0.0576858967543,
        "var": 0.00752703519538
    },
    "erbbands_kurtosis": {
        "dmean": 1.59816491604,
        "dmean2": 2.49729442596,
        "dvar": 28.7189674377,
        "dvar2": 52.1663322449,
        "max": 376.594146729,
        "mean": 2.18602657318,
        "median": 0.325427532196,
        "min": -1.76864588261,
        "var": 127.295227051
    },
    "erbbands_skewness": {
        "dmean": 0.371042072773,
        "dmean2": 0.568005442619,
        "dvar": 0.174343720078,
        "dvar2": 0.377314001322,
        "max": 12.7798948288,
        "mean": 0.529329359531,
        "median": 0.404664933681,
        "min": -2.79835033417,
        "var": 1.01331675053
    },
    "erbbands_spread": {
        "dmean": 6.28099250793,
        "dmean2": 9.84265995026,
        "dvar": 55.3661727905,
        "dvar2": 124.191101074,
        "max": 106.334465027,
        "mean": 31.2055664062,
        "median": 31.0314407349,
        "min": 0.402005374432,
        "var": 269.217895508
    },
    "hfc": {
        "dmean": 5.87142944336,
        "dmean2": 8.85393047333,
        "dvar": 118.577697754,
        "dvar2": 253.291687012,
        "max": 140.555099487,
        "mean": 18.4519023895,
        "median": 14.822265625,
        "min": 1.04997264464e-16,
        "var": 282.935272217
    },
    "melbands_crest": {
        "dmean": 2.22623538971,
        "dmean2": 3.51240086555,
        "dvar": 11.794511795,
        "dvar2": 27.7413463593,
        "max": 39.6493530273,
        "mean": 25.231098175,
        "median": 28.8444328308,
        "min": 1.54276263714,
        "var": 140.533782959
    },
    "melbands_flatness_db": {
        "dmean": 0.0319980122149,
        "dmean2": 0.0459999553859,
        "dvar": 0.00194304005709,
        "dvar2": 0.00350247463211,
        "max": 0.924654006958,
        "mean": 0.348909586668,
        "median": 0.355943888426,
        "min": 0.0025412379764,
        "var": 0.0227058101445
    },
    "melbands_kurtosis": {
        "dmean": 34.4076690674,
        "dmean2": 53.6424102783,
        "dvar": 6863.23876953,
        "dvar2": 16985.8066406,
        "max": 1920.89074707,
        "mean": 72.2362594604,
        "median": 28.5359954834,
        "min": -1.57400679588,
        "var": 15836.1523438
    },
    "melbands_skewness": {
        "dmean": 1.30422115326,
        "dmean2": 1.99597811699,
        "dvar": 3.71607351303,
        "dvar2": 8.5315284729,
        "max": 33.2500801086,
        "mean": 5.35571575165,
        "median": 4.4677028656,
        "min": -3.02829742432,
        "var": 20.2308177948
    },
    "melbands_spread": {
        "dmean": 2.77024459839,
        "dmean2": 4.35730552673,
        "dvar": 26.7916908264,
        "dvar2": 65.9898757935,
        "max": 165.397415161,
        "mean": 14.3757009506,
        "median": 4.39739561081,
        "min": 0.035368848592,
        "var": 944.991027832
    },
    "pitch_salience": {
        "dmean": 0.0600784793496,
        "dmean2": 0.0963344052434,
        "dvar": 0.00735454959795,
        "dvar2": 0.0185572188348,
        "max": 0.86876308918,
        "mean": 0.356631219387,
        "median": 0.288898020983,
        "min": 0.0178619548678,
        "var": 0.0507151596248
    },
    "silence_rate_20dB": {
        "dmean": 0.0659613013268,
        "dmean2": 0.131935179234,
        "dvar": 0.0616090893745,
        "dvar2": 0.127694249153,
        "max": 1,
        "mean": 0.915554702282,
        "median": 1,
        "min": 0,
        "var": 0.0773209705949
    },
    "silence_rate_30dB": {
        "dmean": 0.0272614620626,
        "dmean2": 0.0545281209052,
        "dvar": 0.0265170503408,
        "dvar2": 0.0629950538278,
        "max": 1,
        "mean": 0.440430790186,
        "median": 0,
        "min": 0,
        "var": 0.246464595199
    },
    "silence_rate_60dB": {
        "dmean": 0.00667238608003,
        "dmean2": 0.0133460434154,
        "dvar": 0.0066285408102,
        "dvar2": 0.0162203740329,
        "max": 1,
        "mean": 0.0934045016766,
        "median": 0,
        "min": 0,
        "var": 0.0846818760037
    },
    "spectral_centroid": {
        "dmean": 178.083755493,
        "dmean2": 273.766448975,
        "dvar": 72210.4140625,
        "dvar2": 155120.515625,
        "max": 11924.7880859,
        "mean": 1480.70141602,
        "median": 765.663146973,
        "min": 64.8711090088,
        "var": 6090420.5
    },
    "spectral_complexity": {
        "dmean": 2.83042597771,
        "dmean2": 4.33212566376,
        "dvar": 11.9158992767,
        "dvar2": 21.846540451,
        "max": 51,
        "mean": 15.2902212143,
        "median": 13,
        "min": 0,
        "var": 103.859619141
    },
    "spectral_decrease": {
        "dmean": 1.12627382975e-08,
        "dmean2": 1.80299171149e-08,
        "dvar": 4.64242929462e-16,
        "dvar2": 1.12246392126e-15,
        "max": 6.00242221836e-17,
        "mean": -4.01469293365e-08,
        "median": -3.34865006835e-08,
        "min": -2.23420641987e-07,
        "var": 1.47462655117e-15
    },
    "spectral_energy": {
        "dmean": 0.0428649298847,
        "dmean2": 0.0685976296663,
        "dvar": 0.00669386750087,
        "dvar2": 0.0161869022995,
        "max": 0.846262514591,
        "mean": 0.15319648385,
        "median": 0.130094051361,
        "min": 9.91777437548e-21,
        "var": 0.0212306026369
    },
    "spectral_energyband_high": {
        "dmean": 0.000204098847462,
        "dmean2": 0.000316338671837,
        "dvar": 3.64498077943e-07,
        "dvar2": 7.63001139603e-07,
        "max": 0.0162762869149,
        "mean": 0.000489299651235,
        "median": 7.57771849749e-05,
        "min": 6.71218696892e-21,
        "var": 9.74469003268e-07
    },
    "spectral_energyband_low": {
        "dmean": 0.0390384495258,
        "dmean2": 0.0619608722627,
        "dvar": 0.00645496509969,
        "dvar2": 0.0159124415368,
        "max": 0.822143435478,
        "mean": 0.132555171847,
        "median": 0.101298436522,
        "min": 7.62667804382e-24,
        "var": 0.0194554179907
    },
    "spectral_energyband_middle_high": {
        "dmean": 0.00135506293736,
        "dmean2": 0.00202800473198,
        "dvar": 7.18725141269e-06,
        "dvar2": 1.41120335684e-05,
        "max": 0.0652299895883,
        "mean": 0.00344911380671,
        "median": 0.00177452317439,
        "min": 1.11568761908e-21,
        "var": 2.1275563995e-05
    },
    "spectral_energyband_middle_low": {
        "dmean": 0.00611038226634,
        "dmean2": 0.01039875485,
        "dvar": 0.000374594324967,
        "dvar2": 0.00106737972237,
        "max": 0.217513561249,
        "mean": 0.0123959947377,
        "median": 0.00897795613855,
        "min": 1.08985122537e-22,
        "var": 0.000286035501631
    },
    "spectral_entropy": {
        "dmean": 0.177321299911,
        "dmean2": 0.272266417742,
        "dvar": 0.0614633858204,
        "dvar2": 0.117045983672,
        "max": 9.82851219177,
        "mean": 7.18820571899,
        "median": 7.32727575302,
        "min": 4.16438055038,
        "var": 1.17809212208
    },
    "spectral_flux": {
        "dmean": 0.0409381687641,
        "dmean2": 0.06544457376,
        "dvar": 0.00595359457657,
        "dvar2": 0.0132292723283,
        "max": 0.763829112053,
        "mean": 0.117055937648,
        "median": 0.0758860334754,
        "min": 6.21453652427e-11,
        "var": 0.0152974482626
    },
    "spectral_kurtosis": {
        "dmean": 6.29296779633,
        "dmean2": 10.4662561417,
        "dvar": 158.317779541,
        "dvar2": 418.474456787,
        "max": 309.343719482,
        "mean": 16.7451267242,
        "median": 4.86294746399,
        "min": -1.2763979435,
        "var": 1011.66992188
    },
    "spectral_rms": {
        "dmean": 0.00145585648715,
        "dmean2": 0.00228787586093,
        "dvar": 6.0006655076e-06,
        "dvar2": 1.37105871545e-05,
        "max": 0.0287336371839,
        "mean": 0.0102853206918,
        "median": 0.0112659242004,
        "min": 3.11060725788e-12,
        "var": 4.36726913904e-05
    },
    "spectral_rolloff": {
        "dmean": 121.151008606,
        "dmean2": 203.141723633,
        "dvar": 127642.484375,
        "dvar2": 275169.65625,
        "max": 19789.0136719,
        "mean": 1478.45629883,
        "median": 172.265625,
        "min": 43.06640625,
        "var": 19267078
    },
    "spectral_skewness": {
        "dmean": 0.484570652246,
        "dmean2": 0.780883550644,
        "dvar": 0.494920313358,
        "dvar2": 1.24184143543,
        "max": 14.4298095703,
        "mean": 2.49344730377,
        "median": 1.7921204567,
        "min": -0.106762446463,
        "var": 4.23763275146
    },
    "spectral_spread": {
        "dmean": 557501.6875,
        "dmean2": 868792.4375,
        "dvar": 717926891520,
        "dvar2": 1.45800010138e+12,
        "max": 44705864,
        "mean": 5796865.5,
        "median": 3814269.25,
        "min": 243057.0625,
        "var": 7.91465080914e+13
    },
    "spectral_strongpeak": {
        "dmean": 0.284689903259,
        "dmean2": 0.485134899616,
        "dvar": 0.161841586232,
        "dvar2": 0.42767894268,
        "max": 6.34891891479,
        "mean": 0.684410095215,
        "median": 0.66333168745,
        "min": 0,
        "var": 0.310286849737
    },
    "zerocrossingrate": {
        "dmean": 0.00472791772336,
        "dmean2": 0.00615420565009,
        "dvar": 6.33839590591e-05,
        "dvar2": 0.000107662512164,
        "max": 0.619140625,
        "mean": 0.0486776679754,
        "median": 0.01513671875,
        "min": 0.0009765625,
        "var": 0.013438235037
    },
    "barkbands": {
        "dmean": [0.0138520728797, 0.0289683956653, 0.00920148566365, 0.00183748384006, 0.00214802683331, 0.00139679189306, 0.000649566820357, 0.00063253287226, 0.000819694949314, 0.000392571528209, 0.000326551264152, 0.000400794873713, 0.000353828712832, 0.000235768427956, 0.000260633270955, 7.28720333427e-05, 8.35618993733e-05, 4.33717286796e-05, 4.73722648167e-05, 0.000104741062387, 8.28411793918e-05, 4.44657525804e-05, 2.82762903225e-05, 1.86363940884e-05, 1.8509954316e-05, 7.03727118889e-06, 4.2375868361e-06],
        "dmean2": [0.0212553106248, 0.0461055152118, 0.0165906511247, 0.00335045414977, 0.00352632440627, 0.00223868805915, 0.00100102799479, 0.00103095220402, 0.0013030632399, 0.000626162509434, 0.000518224900588, 0.000654089439195, 0.00054590246873, 0.00038817038876, 0.000429295585491, 0.000120554934256, 0.000137984316098, 7.1697657404e-05, 7.97075845185e-05, 0.000168002487044, 0.00014376580657, 6.25457760179e-05, 4.20710421167e-05, 2.85429086944e-05, 2.95542104141e-05, 1.13379310278e-05, 7.48415141061e-06],
        "dvar": [0.000601065461524, 0.00335948728025, 0.00204127235338, 6.08938971709e-05, 4.65664234071e-05, 1.21508974189e-05, 2.79647247226e-06, 1.86697866411e-06, 3.67691632164e-06, 4.95268238865e-07, 5.78650599437e-07, 9.63419211075e-07, 5.91999935295e-07, 2.78279770782e-07, 4.2185402549e-07, 2.97111188985e-08, 3.12885113374e-08, 1.05334390099e-08, 1.49417331841e-08, 4.68273562149e-08, 8.32468955991e-08, 1.92453679659e-08, 6.68155397676e-09, 1.69194602773e-09, 2.7046815898e-09, 4.70102179406e-10, 2.13080275646e-10],
        "dvar2": [0.0012845932506, 0.00851304735988, 0.00564231304452, 0.000179259834113, 0.00013231181947, 3.30972216034e-05, 6.66212145006e-06, 4.52410949947e-06, 8.29309919936e-06, 1.14875012969e-06, 1.30993646508e-06, 2.48987703344e-06, 1.29062300402e-06, 7.37464176837e-07, 1.08624101358e-06, 7.87125244983e-08, 8.37103897311e-08, 2.8250333628e-08, 4.0412270863e-08, 1.1657406418e-07, 2.36799195363e-07, 2.89747639215e-08, 1.23755645731e-08, 3.70871511279e-09, 5.49904788372e-09, 1.02173725036e-09, 6.26757201694e-10],
        "max": [0.30783188343, 0.598410725594, 0.437807887793, 0.0926493257284, 0.0863609388471, 0.0478092730045, 0.0552268922329, 0.0534944087267, 0.0380470827222, 0.0128698535264, 0.0224175769836, 0.0155960749835, 0.0231578946114, 0.0205649677664, 0.02601111494, 0.00346219330095, 0.00442001083866, 0.00200942438096, 0.00307019124739, 0.00327576347627, 0.00583002343774, 0.00684086885303, 0.00484476936981, 0.000880547449924, 0.000678159180097, 0.000456949550426, 0.000203832430998],
        "mean": [0.0475436374545, 0.0826982557774, 0.00674979574978, 0.00193129503168, 0.00389105733484, 0.00269429944456, 0.00140850315802, 0.000977656571195, 0.00120080425404, 0.000624787295237, 0.000470221973956, 0.000620535050984, 0.000577792001422, 0.000398617878091, 0.00039026507875, 0.000117541618238, 0.000140598363942, 8.06165262475e-05, 9.18061195989e-05, 0.000185944896657, 0.000138598814374, 9.39454184845e-05, 6.25364627922e-05, 4.61087729491e-05, 3.87574655178e-05, 1.58515540534e-05, 5.85941825193e-06],
        "median": [0.0204589143395, 0.0667108744383, 0.000540645269211, 0.000526409479789, 0.001530127367, 0.0012882000301, 0.000554202997591, 0.000342123297742, 0.000294073775876, 0.000254252634477, 0.000133836772875, 0.000187076831935, 0.000182029252755, 0.000154302164447, 8.81969972397e-05, 2.91415217362e-05, 3.23844942614e-05, 1.47368682519e-05, 1.39791336551e-05, 3.98584088543e-05, 1.45970816448e-05, 8.79438266566e-06, 6.47321485303e-06, 6.25288430456e-06, 2.17325805352e-06, 6.69713102752e-08, 2.80298948496e-08],
        "min": [2.78137929966e-27, 1.74711194047e-24, 2.82499274592e-25, 5.17780638752e-25, 3.55431259938e-24, 3.79598999845e-24, 3.64812196607e-24, 5.20299244824e-24, 9.17278783121e-24, 1.31667763948e-23, 6.70862459929e-24, 1.38159032125e-23, 1.829571492e-23, 2.29266913097e-23, 3.80796348705e-23, 3.50914171397e-23, 4.20016493428e-23, 7.06651817022e-23, 1.07720812009e-22, 1.41437762083e-22, 2.2647855801e-22, 2.80994324411e-22, 3.39932760591e-22, 5.18125811546e-22, 6.80434157365e-22, 1.24231703572e-21, 1.71078762524e-21],
        "var": [0.00324862147681, 0.00844144821167, 0.00128669349942, 3.76579409931e-05, 4.52747844975e-05, 1.62730611919e-05, 5.84992585573e-06, 3.6363903746e-06, 7.17299963071e-06, 1.11521853796e-06, 1.13760745535e-06, 1.45293097376e-06, 1.30020225697e-06, 4.31817625213e-07, 5.85687757848e-07, 4.71109089517e-08, 6.19677464897e-08, 2.50941454283e-08, 3.59035148279e-08, 8.62135394186e-08, 1.17583127235e-07, 5.34969295529e-08, 1.86022734994e-08, 7.05942238e-09, 7.73199371196e-09, 1.93011340244e-09, 3.07637498809e-10]
    },
    "erbbands": {
        "dmean": [1.71141541004, 3.83560419083, 10.2519721985, 6.98649120331, 6.76893281937, 7.14249563217, 9.27198791504, 11.9520120621, 9.02375030518, 12.2911167145, 16.1449699402, 18.8942470551, 15.3443946838, 10.8981399536, 13.146689415, 16.3461704254, 16.8742237091, 13.2358045578, 14.1760616302, 7.56192302704, 3.94289636612, 4.05729675293, 2.60478162766, 1.74074876308, 3.29799675941, 5.45800590515, 3.03494095802, 3.29630112648, 1.63480079174, 1.32974374294, 0.765375435352, 0.40630403161, 0.316751390696, 0.211947590113, 0.139517575502, 0.0390150099993, 0.00919858925045, 0.00618896633387, 0.000603023683652, 5.71002492507e-05],
        "dmean2": [2.68455481529, 5.75878238678, 17.8693447113, 12.2001199722, 11.4600992203, 11.7338733673, 14.2427444458, 19.8976383209, 14.2530670166, 19.1949653625, 26.1343479156, 29.8396778107, 24.7567749023, 17.2291355133, 20.9994602203, 26.8455944061, 25.7726039886, 21.7301216125, 22.8750610352, 12.3238534927, 6.56524896622, 6.63807106018, 4.232421875, 2.86102080345, 5.44892692566, 8.87900829315, 5.1079120636, 5.69053840637, 2.2676782608, 1.94001448154, 1.16482973099, 0.631199896336, 0.479375481606, 0.330203533173, 0.225958496332, 0.0627020671964, 0.014214376919, 0.0108334096149, 0.00104115775321, 9.25234635361e-05],
        "dvar": [12.0832576752, 99.4832077026, 2420.68774414, 991.631774902, 472.363220215, 558.376708984, 679.975463867, 991.65447998, 303.012115479, 1398.64611816, 1198.5300293, 2246.65673828, 738.812561035, 473.075592041, 1064.19165039, 1663.9732666, 1394.56347656, 889.045288086, 1099.58081055, 297.177093506, 84.8062210083, 82.008026123, 29.9998149872, 26.896528244, 57.7952957153, 132.182830811, 72.2213363647, 163.640365601, 25.568157196, 19.2609081268, 4.11965560913, 0.88769775629, 0.513026297092, 0.38639202714, 0.135631546378, 0.0112097356468, 0.00124246370979, 0.000499917543493, 3.54782901013e-06, 1.09775388779e-08],
        "dvar2": [30.0910549164, 201.024047852, 6504.57666016, 2707.87817383, 1370.29919434, 1585.75695801, 1718.89306641, 2818.72070312, 787.432250977, 3254.46630859, 2872.39501953, 4928.02880859, 1833.50634766, 974.397216797, 2420.74438477, 4389.984375, 2979.72680664, 2348.57861328, 2786.29858398, 743.946960449, 229.330627441, 220.332717896, 78.1147842407, 71.9743118286, 155.170623779, 339.915252686, 188.286468506, 454.713623047, 38.858581543, 33.3110771179, 7.85541677475, 2.01012635231, 1.12883651257, 0.73295468092, 0.302863180637, 0.0248299073428, 0.00249684345908, 0.00143356237095, 9.88869487628e-06, 2.71300226728e-08],
        "max": [37.6839447021, 123.834999084, 503.511199951, 356.327056885, 265.309051514, 293.490600586, 340.439422607, 441.645812988, 256.712402344, 1291.67553711, 1183.47436523, 1029.84594727, 352.094909668, 472.185394287, 708.484558105, 642.94152832, 1179.46179199, 1063.77392578, 1282.98925781, 518.869567871, 155.504821777, 288.31918335, 98.8039093018, 154.456085205, 203.462844849, 170.709838867, 182.731002808, 307.793457031, 241.637664795, 269.723724365, 90.3368301392, 21.9067974091, 13.2809295654, 8.89777946472, 5.77978420258, 1.98521757126, 0.850246608257, 0.30191385746, 0.0327343009412, 0.0022496227175],
        "mean": [5.41100788116, 6.89133548737, 8.39527225494, 6.92907857895, 10.0568904877, 12.8127117157, 17.1410083771, 20.8887081146, 18.9270210266, 24.8860988617, 25.6068401337, 27.8308506012, 24.3643169403, 18.3651390076, 21.1010951996, 26.3105163574, 28.7610263824, 23.2733268738, 21.736328125, 12.3819055557, 6.77146434784, 7.3021736145, 5.116563797, 3.71037530899, 6.47655057907, 9.288813591, 5.68225336075, 5.31299448013, 3.44037079811, 2.70003700256, 1.67732870579, 1.02022659779, 0.724435329437, 0.453768670559, 0.270490586758, 0.0853359848261, 0.023335525766, 0.0099430968985, 0.000918962468859, 0.000191909522982],
        "median": [3.97170162201, 3.23437261581, 1.18183350563, 1.76590538025, 3.17275547981, 3.91289448738, 8.08815765381, 8.13492965698, 9.43357563019, 7.59936714172, 9.28824901581, 7.64871883392, 10.2372217178, 6.28931808472, 6.73780727386, 8.51832771301, 9.42684555054, 9.5865278244, 5.64272785187, 3.14019560814, 1.72330641747, 1.72683382034, 1.04149460793, 0.567428588867, 1.41318178177, 1.86509776115, 0.780026257038, 0.491010010242, 0.305282652378, 0.238969564438, 0.193189263344, 0.132171273232, 0.101016208529, 0.0395316854119, 0.00806132890284, 0.000912955380045, 0.000186787103303, 4.91779210279e-05, 0.000119828720926, 0.000187700396054],
        "min": [4.66046180149e-23, 3.0553890475e-22, 4.81101704121e-22, 3.45767635278e-21, 4.89759827423e-21, 1.68968571467e-20, 1.67604612029e-20, 3.95051250045e-20, 7.23680478513e-20, 1.304922265e-19, 1.73521528655e-19, 1.96938249239e-19, 3.94846936433e-19, 5.06080937782e-19, 6.47980049553e-19, 7.41140800753e-19, 1.11330745292e-18, 1.41599662049e-18, 2.0711421738e-18, 2.39905228505e-18, 3.07070267652e-18, 3.4603485856e-18, 3.61616521797e-18, 6.10719399008e-18, 6.30181842127e-18, 6.32985694891e-18, 7.51653397799e-18, 8.94842663171e-18, 9.70889926376e-18, 9.77261781353e-18, 1.01840045107e-17, 9.97967435574e-18, 9.02672093105e-18, 7.14565348828e-18, 5.26008701016e-18, 4.01357711224e-18, 2.201861526e-18, 8.52013660216e-19, 2.31827732275e-19, 2.51602832218e-20],
        "var": [35.7873764038, 153.807296753, 1684.01806641, 672.96685791, 417.659362793, 604.661193848, 829.839294434, 1194.23608398, 721.31817627, 2996.05615234, 2489.89599609, 4464.67480469, 1317.43908691, 1121.26416016, 1835.64318848, 2445.66430664, 3167.46850586, 1451.85412598, 1704.51489258, 497.97744751, 136.548782349, 168.998275757, 79.041343689, 66.1898880005, 135.608093262, 224.714904785, 134.341339111, 213.798629761, 72.9853210449, 44.2012290955, 12.3899555206, 3.827927351, 1.72098922729, 1.07228267193, 0.373118668795, 0.0449184961617, 0.00550550967455, 0.000807618140243, 6.70616736898e-06, 3.54774805089e-08]
    },
    "gfcc": {
        "mean": [-112.987510681, 127.362190247, -93.6549453735, 16.909986496, -45.9252166748, 13.1217031479, -17.5429725647, -1.6026904583, -7.96288490295, 3.65093493462, 1.31743240356, -7.93533992767, 1.09877765179],
        "cov": [[81851.8671875, 5064.9765625, -7161.72412109, 3821.05493164, -2539.24609375, 2552.18676758, -962.686279297, 653.331665039, -354.313018799, 1265.35339355, 385.068267822, 294.659759521, 503.288330078], [5064.9765625, 3434.01879883, -412.686553955, -342.380706787, -140.040023804, -432.509765625, -190.761199951, -564.436706543, -107.78427124, -585.900939941, 32.5256309509, -525.18560791, -29.0827579498], [-7161.72412109, -412.686553955, 1921.8873291, -71.3876571655, 622.144226074, -54.5512123108, 340.080322266, 75.9257659912, 59.3443908691, 39.0783157349, -69.5998153687, 143.65512085, -28.3381137848], [3821.05493164, -342.380706787, -71.3876571655, 1063.09765625, 191.221099854, 445.824554443, 133.326797485, 113.614395142, 190.67539978, 88.0526351929, 146.563369751, 42.8623657227, 197.51260376], [-2539.24609375, -140.040023804, 622.144226074, 191.221099854, 721.683044434, 209.540039062, 346.456420898, 113.461372375, 176.790115356, 79.1303024292, 116.954055786, 129.228378296, 92.7494735718], [2552.18676758, -432.509765625, -54.5512123108, 445.824554443, 209.540039062, 535.763244629, 290.576049805, 255.382659912, 156.5493927, 230.171188354, 127.060005188, 135.681503296, 133.345397949], [-962.686279297, -190.761199951, 340.080322266, 133.326797485, 346.456420898, 290.576049805, 550.851135254, 204.989273071, 244.127487183, 137.763504028, 125.986366272, 113.038864136, 60.5327644348], [653.331665039, -564.436706543, 75.9257659912, 113.614395142, 113.461372375, 255.382659912, 204.989273071, 332.314117432, 134.60585022, 235.999160767, 65.9046859741, 163.606109619, 52.3835716248], [-354.313018799, -107.78427124, 59.3443908691, 190.67539978, 176.790115356, 156.5493927, 244.127487183, 134.60585022, 276.199768066, 74.893699646, 128.652694702, 23.3571414948, 90.5372161865], [1265.35339355, -585.900939941, 39.0783157349, 88.0526351929, 79.1303024292, 230.171188354, 137.763504028, 235.999160767, 74.893699646, 345.320648193, 55.0778579712, 228.67855835, 15.0926027298], [385.068267822, 32.5256309509, -69.5998153687, 146.563369751, 116.954055786, 127.060005188, 125.986366272, 65.9046859741, 128.652694702, 55.0778579712, 192.345733643, 51.1937904358, 91.7643127441], [294.659759521, -525.18560791, 143.65512085, 42.8623657227, 129.228378296, 135.681503296, 113.038864136, 163.606109619, 23.3571414948, 228.67855835, 51.1937904358, 281.853637695, 17.1411781311], [503.288330078, -29.0827579498, -28.3381137848, 197.51260376, 92.7494735718, 133.345397949, 60.5327644348, 52.3835716248, 90.5372161865, 15.0926027298, 91.7643127441, 17.1411781311, 155.048660278]],
        "icov": [[0.000135684473207, -0.000506075914018, 0.000293940422125, -0.00057397573255, 0.000387543230318, -0.000406648730859, 0.000160423311172, -0.0004640063853, 0.000312702584779, -0.000575341982767, 0.000507863180246, -0.000581657281145, 9.87120438367e-05], [-0.000506075914018, 0.0024298960343, -0.000998011790216, 0.00228909519501, -0.00156291562598, 0.00158302497584, -0.000825339462608, 0.00229050079361, -0.000942591170315, 0.00228832894936, -0.002422462916, 0.00286114146002, -0.000432997796452], [0.000293940422125, -0.000998011790216, 0.00163704215083, -0.0014040407259, -4.05582322855e-05, 6.37076882413e-05, -0.000393616239307, -0.00119586195797, 0.0011356609175, -0.00134851690382, 0.00187348900363, -0.00128660909832, -2.48364049185e-05], [-0.00057397573255, 0.00228909519501, -0.0014040407259, 0.00444274675101, -0.00161152216606, -0.000594874087255, 0.000384882034268, 0.0029811533168, -0.00270528229885, 0.00310918060131, -0.00225412542932, 0.00221392884851, -0.000939097080845], [0.000387543230318, -0.00156291562598, -4.05582322855e-05, -0.00161152216606, 0.00413493718952, -0.00208173831925, -8.06049501989e-05, -0.000735063571483, 7.23207049305e-05, -0.000906036584638, 0.00088474486256, -0.00291401287541, -6.45181789878e-05], [-0.000406648730859, 0.00158302497584, 6.37076882413e-05, -0.000594874087255, -0.00208173831925, 0.00936333276331, -0.00404834747314, -0.00122898758855, 0.00265229213983, -0.0017593561206, -0.00155229063239, 0.00390811730176, -0.00331613770686], [0.000160423311172, -0.000825339462608, -0.000393616239307, 0.000384882034268, -8.06049501989e-05, -0.00404834747314, 0.00607605790719, -0.000853758421727, -0.00386461545713, 0.000982869532891, 7.51865809434e-05, -0.00216575572267, 0.00256430986337], [-0.0004640063853, 0.00229050079361, -0.00119586195797, 0.0029811533168, -0.000735063571483, -0.00122898758855, -0.000853758421727, 0.0106605701149, -0.00386857520789, -0.000693103065714, -0.00100745959207, 0.00112214172259, -0.00105346145574], [0.000312702584779, -0.000942591170315, 0.0011356609175, -0.00270528229885, 7.23207049305e-05, 0.00265229213983, -0.00386461545713, -0.00386857520789, 0.0116564184427, -0.00373947550543, -0.0022365511395, 0.00286002526991, -0.0024815807119], [-0.000575341982767, 0.00228832894936, -0.00134851690382, 0.00310918060131, -0.000906036584638, -0.0017593561206, 0.000982869532891, -0.000693103065714, -0.00373947550543, 0.0133821330965, -0.00236161937937, -0.00393295800313, 0.00270859035663], [0.000507863180246, -0.002422462916, 0.00187348900363, -0.00225412542932, 0.00088474486256, -0.00155229063239, 7.51865809434e-05, -0.00100745959207, -0.0022365511395, -0.00236161937937, 0.0127747310326, -0.00478073814884, -0.00326847541146], [-0.000581657281145, 0.00286114146002, -0.00128660909832, 0.00221392884851, -0.00291401287541, 0.00390811730176, -0.00216575572267, 0.00112214172259, 0.00286002526991, -0.00393295800313, -0.00478073814884, 0.013405312784, -0.00172196549829], [9.87120438367e-05, -0.000432997796452, -2.48364049185e-05, -0.000939097080845, -6.45181789878e-05, -0.00331613770686, 0.00256430986337, -0.00105346145574, -0.0024815807119, 0.00270859035663, -0.00326847541146, -0.00172196549829, 0.0127952285111]]
    },
    "melbands": {
        "dmean": [0.0110424840823, 0.00480003468692, 0.0012629237026, 0.000473510212032, 0.000333391421009, 0.000269415962975, 0.000138870542287, 0.000128630417748, 0.000138161223731, 0.00011415269546, 7.55457731429e-05, 4.3635845941e-05, 4.59749498987e-05, 4.25775942858e-05, 4.3840638682e-05, 3.14602475555e-05, 2.50776047324e-05, 2.29804791161e-05, 1.45016947499e-05, 6.95341623214e-06, 4.53847542303e-06, 4.202843229e-06, 4.48690661869e-06, 2.03364879781e-06, 1.41796022035e-06, 2.17433080252e-06, 3.25691325997e-06, 3.8318416955e-06, 1.91220124179e-06, 2.18968648369e-06, 1.89833440345e-06, 9.92939590105e-07, 9.37829383929e-07, 7.14742554919e-07, 5.20769447121e-07, 2.80732251667e-07, 2.71532513807e-07, 2.41217094299e-07, 2.010009581e-07, 1.86934684621e-07],
        "dmean2": [0.0173423383385, 0.00754583859816, 0.00218429905362, 0.000800210866146, 0.000515050836839, 0.000441801501438, 0.000219649620703, 0.000203967123525, 0.000222972099436, 0.000180873670615, 0.000121829631098, 6.95653288858e-05, 7.30328974896e-05, 6.95767303114e-05, 6.84605183778e-05, 4.92689723615e-05, 4.16072507505e-05, 3.72891845473e-05, 2.37360909523e-05, 1.13384267024e-05, 7.67959045334e-06, 6.97826544638e-06, 7.30710962671e-06, 3.37283518093e-06, 2.36186406255e-06, 3.6470150917e-06, 5.31771866008e-06, 6.28090401733e-06, 3.16308478432e-06, 3.91148751078e-06, 3.18438105751e-06, 1.3696685528e-06, 1.33761170673e-06, 1.07712821773e-06, 8.07972128314e-07, 4.34650786474e-07, 4.29197342555e-07, 3.76541038349e-07, 3.10722384711e-07, 2.93300558951e-07],
        "dvar": [0.000487582146889, 0.000369863060769, 2.89250674541e-05, 2.36955133914e-06, 9.65904177974e-07, 4.74932392081e-07, 7.26795548189e-08, 1.25329705725e-07, 8.63917009042e-08, 7.45226031995e-08, 1.78613941415e-08, 7.80168996073e-09, 1.17144622891e-08, 9.4668175521e-09, 1.00209982534e-08, 4.14233314316e-09, 3.37612715562e-09, 2.61370680654e-09, 1.50824108758e-09, 2.42866782241e-10, 1.0505971787e-10, 1.04181441252e-10, 9.70556829349e-11, 3.13749720648e-11, 2.0801046649e-11, 3.55224981374e-11, 3.72302605411e-11, 7.53474158066e-11, 2.38547601811e-11, 5.62375701563e-11, 5.23766030547e-11, 8.7570593138e-12, 9.06204972173e-12, 5.55840096172e-12, 1.9246687577e-12, 4.84851796299e-13, 3.94073960746e-13, 2.79232203765e-13, 2.71242392696e-13, 3.30530850086e-13],
        "dvar2": [0.00121380656492, 0.000902678468265, 7.88985926192e-05, 6.88614272804e-06, 2.5330355129e-06, 1.33749415454e-06, 1.87258024198e-07, 2.9410375646e-07, 2.03661272735e-07, 1.67092991887e-07, 4.44020393786e-08, 1.60747077871e-08, 2.65327688709e-08, 2.36374422258e-08, 2.39817676828e-08, 9.71784697157e-09, 9.20632992063e-09, 6.63819621494e-09, 3.79701381448e-09, 6.27808527387e-10, 2.8955979281e-10, 2.88763929435e-10, 2.57414256577e-10, 8.38914215873e-11, 5.68722915983e-11, 9.61937682287e-11, 9.59499354969e-11, 1.9685104935e-10, 5.79111758547e-11, 1.68177208271e-10, 1.37758790486e-10, 1.42517560253e-11, 1.64221813231e-11, 1.03861806308e-11, 3.81242390088e-12, 1.13730541911e-12, 9.31481020788e-13, 6.50684313288e-13, 5.57692347164e-13, 6.35825864615e-13],
        "max": [0.245583713055, 0.213900595903, 0.0602346807718, 0.0195203926414, 0.0120560089126, 0.00947980862111, 0.00507814064622, 0.0116547709331, 0.00961502734572, 0.00557630229741, 0.00174231117126, 0.00208003330044, 0.00338436337188, 0.00142951647285, 0.00213274569251, 0.00159128627274, 0.00226661702618, 0.00183970446233, 0.00165852205828, 0.000331808085321, 0.000190709833987, 0.000398664240493, 0.000202014940442, 0.000139567549923, 0.000137414535857, 0.000195012878976, 0.000101320067188, 0.000136035072501, 0.000123980978969, 0.000125149803353, 0.00019231265469, 0.000136065515107, 0.000146678838064, 0.000154088222189, 5.73917568545e-05, 1.53705750563e-05, 1.28504643726e-05, 1.11010222099e-05, 8.5909232439e-06, 9.02364990907e-06],
        "mean": [0.0364460237324, 0.00547861075029, 0.001343357726, 0.00081280421, 0.0006086123758, 0.000492868537549, 0.000295676349197, 0.000248473574175, 0.000212103113881, 0.000167980731931, 0.00011796005856, 7.11972243153e-05, 7.02125325915e-05, 6.69566215947e-05, 7.12560504326e-05, 5.32935046067e-05, 4.09048552683e-05, 3.43407809851e-05, 2.21302016143e-05, 1.11404724521e-05, 7.25883182895e-06, 7.2394086601e-06, 7.13175177225e-06, 3.63088611266e-06, 2.67775976681e-06, 4.03802596338e-06, 5.83508517593e-06, 6.15056660536e-06, 3.45761895915e-06, 3.39093458024e-06, 2.97046585729e-06, 1.93833398043e-06, 1.73697253558e-06, 1.40201143495e-06, 1.04843456938e-06, 6.36419599687e-07, 6.3020951302e-07, 5.23823302956e-07, 4.26323794045e-07, 3.67218603969e-07],
        "median": [0.0280714351684, 0.00148744345643, 0.000391514622606, 0.000262822315563, 0.000297412450891, 0.000209523510421, 0.000145768019138, 7.78517351137e-05, 6.61431768094e-05, 4.51889936812e-05, 4.85661221319e-05, 2.18599925574e-05, 2.1450145141e-05, 2.15577019844e-05, 2.16193257074e-05, 1.92399638763e-05, 1.51307158376e-05, 8.16146530269e-06, 5.42341967957e-06, 2.74227909358e-06, 1.74493402483e-06, 1.76435878529e-06, 1.25697556541e-06, 5.72914643726e-07, 3.11642111228e-07, 5.94938512677e-07, 1.40986503538e-06, 1.09759662337e-06, 4.2856112259e-07, 3.56923294476e-07, 2.2735467553e-07, 1.57052795657e-07, 1.49042534758e-07, 1.20003988968e-07, 1.18879697197e-07, 7.63936611747e-08, 6.86686121298e-08, 7.78799460477e-08, 4.1819205876e-08, 1.87744930713e-08],
        "min": [8.47637452155e-25, 3.17496201183e-25, 6.10808441506e-25, 7.55216677867e-25, 5.93096295513e-25, 5.8255336673e-25, 1.04428607911e-24, 1.32734051457e-24, 1.34918338278e-24, 1.17320310875e-24, 1.58077716734e-24, 1.97502943599e-24, 1.17350701742e-24, 1.96725264797e-24, 2.24145833204e-24, 1.99567905347e-24, 1.87776564739e-24, 2.31472674684e-24, 3.05236237754e-24, 2.46048398466e-24, 3.08933332994e-24, 2.0972005216e-24, 2.70160444793e-24, 2.89576619089e-24, 4.14776398091e-24, 3.27311109958e-24, 3.76002385763e-24, 3.23942811944e-24, 3.7699915096e-24, 4.32416314007e-24, 3.34316253961e-24, 4.71963370579e-24, 3.34662445569e-24, 4.35075169688e-24, 5.03894053996e-24, 4.39779383925e-24, 4.80734636098e-24, 4.9080803487e-24, 4.60542479051e-24, 5.42452786183e-24],
        "var": [0.00152529776096, 0.000346330838511, 1.99494115805e-05, 2.23142660616e-06, 1.03896343262e-06, 6.10301810866e-07, 1.66522440281e-07, 2.61762323817e-07, 1.74665458985e-07, 1.44824994663e-07, 3.1508140097e-08, 1.86569497629e-08, 2.42818458673e-08, 1.48104444264e-08, 2.02339975885e-08, 8.60817195303e-09, 4.91384000156e-09, 4.23443191622e-09, 2.02442662633e-09, 4.2043829529e-10, 1.68915909038e-10, 1.89914362014e-10, 1.81601969573e-10, 6.42054048816e-11, 4.12892879609e-11, 7.77074654623e-11, 7.88092785475e-11, 1.12430537103e-10, 4.75555289592e-11, 7.3269501577e-11, 7.25179291616e-11, 2.41356448716e-11, 1.92613147654e-11, 1.22285254839e-11, 5.17807888581e-12, 1.6699554066e-12, 1.50747058066e-12, 8.70662103612e-13, 8.11807760771e-13, 8.04199155185e-13]
    },
    "mfcc": {
        "mean": [-718.006774902, 153.808166504, 11.0871009827, 14.4367017746, 0.375202059746, 13.5249757767, 5.20935201645, -1.37294852734, 0.466535925865, 8.93129825592, 1.49180054665, 5.80333662033, 3.30640125275],
        "cov": [[22721.3769531, 1257.21044922, -271.090454102, 927.568786621, 150.999954224, 1296.6541748, 666.254699707, 388.540283203, 513.592834473, 710.199951172, 233.588241577, 611.861755371, 582.729797363], [1257.21044922, 3876.5090332, 337.819610596, 62.7033691406, 134.954193115, 6.60191488266, 25.2014579773, -131.370925903, -266.513427734, -149.093215942, -118.258552551, -127.740226746, -157.208847046], [-271.090454102, 337.819610596, 790.086547852, 298.334106445, 151.223709106, 126.884803772, 79.4970016479, 66.0511474609, 67.750617981, 22.6975917816, -6.74136400223, -10.6898975372, -7.80898189545], [927.568786621, 62.7033691406, 298.334106445, 440.766174316, 185.446395874, 231.372268677, 91.4046325684, 127.383384705, 88.1309585571, 97.5613555908, 9.46530628204, 74.4421920776, 34.7744064331], [150.999954224, 134.954193115, 151.223709106, 185.446395874, 333.894195557, 143.333953857, 105.161125183, 89.6750869751, 72.3347625732, 73.8074874878, -4.97218704224, 41.4170227051, 23.2029666901], [1296.6541748, 6.60191488266, 126.884803772, 231.372268677, 143.333953857, 419.045410156, 254.805496216, 197.447387695, 191.632080078, 153.455780029, 112.014846802, 132.844543457, 131.11479187], [666.254699707, 25.2014579773, 79.4970016479, 91.4046325684, 105.161125183, 254.805496216, 314.166442871, 200.363571167, 167.687469482, 122.899940491, 121.836013794, 131.461013794, 130.58392334], [388.540283203, -131.370925903, 66.0511474609, 127.383384705, 89.6750869751, 197.447387695, 200.363571167, 249.155014038, 173.705551147, 139.087005615, 100.722930908, 132.98487854, 94.1496810913], [513.592834473, -266.513427734, 67.750617981, 88.1309585571, 72.3347625732, 191.632080078, 167.687469482, 173.705551147, 254.311630249, 176.669174194, 124.280967712, 103.032539368, 106.288368225], [710.199951172, -149.093215942, 22.6975917816, 97.5613555908, 73.8074874878, 153.455780029, 122.899940491, 139.087005615, 176.669174194, 245.975524902, 72.2909545898, 120.801963806, 61.1368865967], [233.588241577, -118.258552551, -6.74136400223, 9.46530628204, -4.97218704224, 112.014846802, 121.836013794, 100.722930908, 124.280967712, 72.2909545898, 215.554672241, 112.48147583, 134.913742065], [611.861755371, -127.740226746, -10.6898975372, 74.4421920776, 41.4170227051, 132.844543457, 131.461013794, 132.98487854, 103.032539368, 120.801963806, 112.48147583, 193.239593506, 115.199935913], [582.729797363, -157.208847046, -7.80898189545, 34.7744064331, 23.2029666901, 131.11479187, 130.58392334, 94.1496810913, 106.288368225, 61.1368865967, 134.913742065, 115.199935913, 174.815307617]],
