{
"lowlevel": {
    "average_loudness": 0.694093644619,
    "barkbands_crest": {
        "dmean": 2.56873106956,
        "dmean2": 4.13148641586,
        "dvar": 5.83421039581,
        "dvar2": 15.4403676987,
        "max": 26.196680069,
        "mean": 12.283408165,
        "median": 11.7481107712,
        "min": 2.3890273571,
        "var": 18.6434326172
    },
    "barkbands_flatness_db": {
        "dmean": 0.0239273030311,
        "dmean2": 0.0354362279177,
        "dvar": 0.000648186658509,
        "dvar2": 0.00141671905294,
        "max": 0.718879818916,
        "mean": 0.192748501897,
        "median": 0.175387963653,
        "min": 0.02670253627,
        "var": 0.0101560270414
    },
    "barkbands_kurtosis": {
        "dmean": 2.48433494568,
        "dmean2": 3.89891171455,
        "dvar": 29.3255767822,
        "dvar2": 65.1441955566,
        "max": 282.119140625,
        "mean": 3.91519737244,
        "median": 0.988524913788,
        "min": -1.91766142845,
        "var": 184.67237854
    },
    "barkbands_skewness": {
        "dmean": 0.516967475414,
        "dmean2": 0.803297162056,
        "dvar": 0.278745144606,
        "dvar2": 0.652310073376,
        "max": 11.7032060623,
        "mean": 1.2985509634,
        "median": 1.12406587601,
        "min": -2.02244615555,
        "var": 1.47691333294
    },
    "barkbands_spread": {
        "dmean": 6.68178033829,
        "dmean2": 10.7198677063,
        "dvar": 128.159667969,
        "dvar2": 317.124786377,
        "max": 112.082145691,
        "mean": 20.9647750854,
        "median": 16.771522522,
        "min": 0.132428020239,
        "var": 267.251953125
    },
    "dissonance": {
        "dmean": 0.0278597064316,
        "dmean2": 0.0464550815523,
        "dvar": 0.000764426251408,
        "dvar2": 0.00207449495792,
        "max": 0.5,
        "mean": 0.438455730677,
        "median": 0.445621490479,
        "min": 0.0978879854083,
        "var": 0.00170909625012
    },
    "dynamic_complexity": 3.5795276165,
    "erbbands_crest": {
        "dmean": 3.4401807785,
        "dmean2": 5.51881599426,
        "dvar": 10.1838083267,
        "dvar2": 24.0032405853,
        "max": 32.0205574036,
        "mean": 12.9056081772,
        "median": 11.7800779343,
        "min": 2.49265050888,
        "var": 32.2928771973
    },
    "erbbands_flatness_db": {
        "dmean": 0.0241698473692,
        "dmean2": 0.0347863659263,
        "dvar": 0.000676748575643,
        "dvar2": 0.00131502212025,
        "max": 0.529398620129,
        "mean": 0.204403489828,
        "median": 0.197825312614,
        "min": 0.0461683608592,
        "var": 0.00620230054483
    },
    "erbbands_kurtosis": {
        "dmean": 1.54539191723,
        "dmean2": 2.45521378517,
        "dvar": 5.57077312469,
        "dvar2": 13.8914499283,
        "max": 132.788772583,
        "mean": 1.78343772888,
        "median": 0.753498196602,
        "min": -1.80091798306,
        "var": 23.6277580261
    },
    "erbbands_skewness": {
        "dmean": 0.445576786995,
        "dmean2": 0.685435414314,
        "dvar": 0.176370859146,
        "dvar2": 0.395739287138,
        "max": 9.49464893341,
        "mean": 0.481077581644,
        "median": 0.42571040988,
        "min": -4.36169195175,
        "var": 0.890689313412
    },
    "erbbands_spread": {
        "dmean": 8.22373580933,
        "dmean2": 12.7037620544,
        "dvar": 140.436935425,
        "dvar2": 311.504425049,
        "max": 154.449157715,
        "mean": 26.9781608582,
        "median": 22.3312702179,
        "min": 0.986465096474,
        "var": 345.187194824
    },
    "hfc": {
        "dmean": 15.1172380447,
        "dmean2": 24.6009407043,
        "dvar": 1180.23852539,
        "dvar2": 3064.63891602,
        "max": 502.672241211,
        "mean": 29.71434021,
        "median": 18.2566223145,
        "min": 1.21270792319e-16,
        "var": 1492.08166504
    },
    "melbands_crest": {
        "dmean": 3.04265213013,
        "dmean2": 4.80870342255,
        "dvar": 8.9473657608,
        "dvar2": 21.9498577118,
        "max": 38.7783470154,
        "mean": 17.6318855286,
        "median": 16.1700286865,
        "min": 2.147534132,
        "var": 46.2288665771
    },
    "melbands_flatness_db": {
        "dmean": 0.0269412063062,
        "dmean2": 0.0398436114192,
        "dvar": 0.000886981375515,
        "dvar2": 0.00202620984055,
        "max": 0.880796790123,
        "mean": 0.269208967686,
        "median": 0.248460114002,
        "min": 0.00720231235027,
        "var": 0.0144306002185
    },
    "melbands_kurtosis": {
        "dmean": 5.98322296143,
        "dmean2": 9.39418697357,
        "dvar": 388.63973999,
        "dvar2": 785.463745117,
        "max": 1837.71813965,
        "mean": 12.0750112534,
        "median": 4.39786148071,
        "min": -1.75985324383,
        "var": 2137.54931641
    },
    "melbands_skewness": {
        "dmean": 0.684220194817,
        "dmean2": 1.05604231358,
        "dvar": 0.558839440346,
        "dvar2": 1.28664541245,
        "max": 33.3508338928,
        "mean": 2.20379018784,
        "median": 1.87936878204,
        "min": -1.10761010647,
        "var": 3.46269059181
    },
    "melbands_spread": {
        "dmean": 5.61247825623,
        "dmean2": 9.11474227905,
        "dvar": 62.8516731262,
        "dvar2": 160.240951538,
        "max": 197.739456177,
        "mean": 20.9021911621,
        "median": 17.9652080536,
        "min": 0.0605335049331,
        "var": 280.961547852
    },
    "pitch_salience": {
        "dmean": 0.0628811642528,
        "dmean2": 0.101346060634,
        "dvar": 0.00364799401723,
        "dvar2": 0.00940517708659,
        "max": 0.848426103592,
        "mean": 0.446607679129,
        "median": 0.447649866343,
        "min": 0.0123496968299,
        "var": 0.0143545065075
    },
    "silence_rate_20dB": {
        "dmean": 0,
        "dmean2": 0,
        "dvar": 0,
        "dvar2": 0,
        "max": 1,
        "mean": 1,
        "median": 1,
        "min": 1,
        "var": 0
    },
    "silence_rate_30dB": {
        "dmean": 0.024535022676,
        "dmean2": 0.0490739271045,
        "dvar": 0.0239333380014,
        "dvar2": 0.0567925423384,
        "max": 1,
        "mean": 0.970797717571,
        "median": 1,
        "min": 0,
        "var": 0.0283505059779
    },
    "silence_rate_60dB": {
        "dmean": 0.00506529491395,
        "dmean2": 0.0101313916966,
        "dvar": 0.00504055107012,
        "dvar2": 0.0127171026543,
        "max": 1,
        "mean": 0.0445552393794,
        "median": 0,
        "min": 0,
        "var": 0.042568590492
    },
    "spectral_centroid": {
        "dmean": 191.589202881,
        "dmean2": 308.479919434,
        "dvar": 78917.59375,
        "dvar2": 191501.375,
        "max": 10930.6826172,
        "mean": 1147.03479004,
        "median": 1042.58007812,
        "min": 56.3004226685,
        "var": 359314.53125
    },
    "spectral_complexity": {
        "dmean": 2.60245347023,
        "dmean2": 4.29998397827,
        "dvar": 11.4557332993,
        "dvar2": 26.387424469,
        "max": 53,
        "mean": 16.3281898499,
        "median": 16,
        "min": 0,
        "var": 56.804649353
    },
    "spectral_decrease": {
        "dmean": 2.39527353507e-09,
        "dmean2": 3.76830033844e-09,
        "dvar": 1.28755840495e-17,
        "dvar2": 3.54522794572e-17,
        "max": 3.1823034223e-29,
        "mean": -9.98898030957e-09,
        "median": -9.39207289719e-09,
        "min": -5.77694052595e-08,
        "var": 5.47711686902e-17
    },
    "spectral_energy": {
        "dmean": 0.00979752931744,
        "dmean2": 0.0153436269611,
        "dvar": 0.000199872185476,
        "dvar2": 0.000539170927368,
        "max": 0.220570132136,
        "mean": 0.0403960086405,
        "median": 0.0378480367362,
        "min": 1.08795204716e-20,
        "var": 0.000881279876921
    },
    "spectral_energyband_high": {
        "dmean": 0.00128533306997,
        "dmean2": 0.00213776691817,
        "dvar": 1.25476517496e-05,
        "dvar2": 3.28895330313e-05,
        "max": 0.0449614003301,
        "mean": 0.00137755437754,
        "median": 0.000122770259622,
        "min": 7.72905043569e-21,
        "var": 1.2309158592e-05
    },
    "spectral_energyband_low": {
        "dmean": 0.00684626866132,
        "dmean2": 0.0108536919579,
        "dvar": 0.000174780841917,
        "dvar2": 0.000496121472679,
        "max": 0.205741629004,
        "mean": 0.0203431081027,
        "median": 0.0179048702121,
        "min": 5.36393293134e-23,
        "var": 0.000473536696518
    },
    "spectral_energyband_middle_high": {
        "dmean": 0.00248626922257,
        "dmean2": 0.00396004226059,
        "dvar": 1.23902063933e-05,
        "dvar2": 2.95977642963e-05,
        "max": 0.0529856905341,
        "mean": 0.00730972737074,
        "median": 0.00503406208009,
        "min": 1.73732081664e-21,
        "var": 5.09154706378e-05
    },
    "spectral_energyband_middle_low": {
        "dmean": 0.00445217266679,
        "dmean2": 0.00691090151668,
        "dvar": 4.63360011054e-05,
        "dvar2": 0.00011681959586,
        "max": 0.105584517121,
        "mean": 0.0119949141517,
        "median": 0.00901817716658,
        "min": 3.27216676208e-22,
        "var": 0.000122881479911
    },
    "spectral_entropy": {
        "dmean": 0.221421048045,
        "dmean2": 0.323842704296,
        "dvar": 0.0800568833947,
        "dvar2": 0.171068876982,
        "max": 9.80896568298,
        "mean": 7.16165065765,
        "median": 7.1774058342,
        "min": 3.87524747849,
        "var": 0.529109120369
    },
    "spectral_flux": {
        "dmean": 0.0243597533554,
        "dmean2": 0.0393346510828,
        "dvar": 0.000814824248664,
        "dvar2": 0.00177350314334,
        "max": 0.3381293118,
        "mean": 0.079157486558,
        "median": 0.06798183918,
        "min": 1.04304939685e-10,
        "var": 0.00240803649649
    },
    "spectral_kurtosis": {
        "dmean": 5.47049617767,
        "dmean2": 9.26655578613,
        "dvar": 165.796676636,
        "dvar2": 509.872528076,
        "max": 369.119842529,
        "mean": 15.7670936584,
        "median": 6.44768428802,
        "min": -1.16153240204,
        "var": 1273.45153809
    },
    "spectral_rms": {
        "dmean": 0.000698822259437,
        "dmean2": 0.00107445905451,
        "dvar": 6.40160237708e-07,
        "dvar2": 1.66424581494e-06,
        "max": 0.0146693689749,
        "mean": 0.00578442262486,
        "median": 0.00607658736408,
        "min": 3.25793884058e-12,
        "var": 5.95102619627e-06
    },
    "spectral_rolloff": {
        "dmean": 619.770812988,
        "dmean2": 1130.16418457,
        "dvar": 2664233.25,
        "dvar2": 7080543,
        "max": 18992.2851562,
        "mean": 1364.2578125,
        "median": 904.39453125,
        "min": 43.06640625,
        "var": 3105784.25
    },
    "spectral_skewness": {
        "dmean": 0.424503028393,
        "dmean2": 0.695069491863,
        "dvar": 0.351229518652,
        "dvar2": 1.04950010777,
        "max": 16.1101207733,
        "mean": 2.3485763073,
        "median": 1.89851498604,
        "min": -0.0836041495204,
        "var": 3.66320705414
    },
    "spectral_spread": {
        "dmean": 918813.125,
        "dmean2": 1286566.375,
        "dvar": 2.55145934848e+12,
        "dvar2": 4.94108042854e+12,
        "max": 39560924,
        "mean": 4246895.5,
        "median": 3223621.5,
        "min": 253641.28125,
        "var": 8.031043584e+12
    },
    "spectral_strongpeak": {
        "dmean": 0.592732489109,
        "dmean2": 1.03249192238,
        "dvar": 1.47377955914,
        "dvar2": 3.59483408928,
        "max": 14.8303956985,
        "mean": 1.05179357529,
        "median": 0.463683634996,
        "min": 0,
        "var": 2.21658015251
    },
    "zerocrossingrate": {
        "dmean": 0.011159747839,
        "dmean2": 0.0132203092799,
        "dvar": 0.000259101681877,
        "dvar2": 0.000357537937816,
        "max": 0.50390625,
        "mean": 0.0498759448528,
        "median": 0.03955078125,
        "min": 0.00146484375,
        "var": 0.00162060395814
    },
    "barkbands": {
        "dmean": [0.000435307010775, 0.00608872249722, 0.00118848611601, 0.000765137083363, 0.000712117936928, 0.000531326339114, 0.00150264054537, 0.00143173104152, 0.0011779749766, 0.000878895632923, 0.00079359440133, 0.00054593157256, 0.000543215079233, 0.000321229017572, 0.000432216649642, 0.000277853832813, 0.000205921431188, 8.78378486959e-05, 9.73313872237e-05, 0.000101142300991, 9.98038376565e-05, 0.000146624966874, 0.000163828022778, 0.000283926929114, 0.000349259615177, 0.000233083759667, 1.38579143822e-05],
        "dmean2": [0.000567092967685, 0.00970030296594, 0.0020627961494, 0.00136129185557, 0.00113989447709, 0.000730008701794, 0.0021310755983, 0.00222846213728, 0.00184114777949, 0.00138162553776, 0.00130148674361, 0.000904509739485, 0.000896783429198, 0.000509848876391, 0.000693242705893, 0.000446961959824, 0.000327754183672, 0.000144856254337, 0.000159281276865, 0.00017058046069, 0.000168253158336, 0.000249265081948, 0.000283856876194, 0.000476341869216, 0.000579935905989, 0.00040522342897, 2.31284557231e-05],
        "dvar": [8.71816325798e-07, 0.000145716272527, 1.56759524543e-05, 1.156414055e-05, 4.00266526412e-06, 1.03184720501e-06, 9.1328547569e-06, 1.43712813951e-05, 9.3605449365e-06, 4.41677775598e-06, 3.41251211466e-06, 3.07428854285e-06, 2.02932687898e-06, 9.94975607682e-07, 1.38023813179e-06, 6.4544082079e-07, 6.3201781586e-07, 3.47302595571e-08, 5.45344320813e-08, 8.11474123452e-08, 7.78609887675e-08, 1.91785176185e-07, 2.37374493395e-07, 9.03869022295e-07, 1.37267443279e-06, 7.81295739216e-07, 2.27770602379e-09],
        "dvar2": [1.54226859195e-06, 0.000420911150286, 4.37818307546e-05, 3.27013804053e-05, 9.93578032649e-06, 2.03736362892e-06, 1.78086320375e-05, 3.60070043826e-05, 2.25784388022e-05, 1.05904473457e-05, 8.95553512237e-06, 8.33364629216e-06, 4.72434976473e-06, 1.98115662897e-06, 2.80154245047e-06, 1.40938959703e-06, 1.16910246106e-06, 8.76106085457e-08, 1.38147626672e-07, 2.15037374574e-07, 2.0874006168e-07, 5.24583072092e-07, 6.48375646506e-07, 2.39371252064e-06, 3.51653216057e-06, 2.1571202069e-06, 5.75440894934e-09],
        "max": [0.0258184894919, 0.200013816357, 0.0694332569838, 0.0445737466216, 0.0628418847919, 0.0304079055786, 0.0665757507086, 0.0982017815113, 0.101630851626, 0.0611117966473, 0.0426061451435, 0.0411027409136, 0.0364690981805, 0.0285659823567, 0.0276117902249, 0.0202002488077, 0.0261735003442, 0.00496099190786, 0.00586858158931, 0.00343748414889, 0.00524465413764, 0.00791871361434, 0.00835108291358, 0.0108607700095, 0.0183781869709, 0.0180194880813, 0.00114623550326],
        "mean": [0.00119680748321, 0.0162915308028, 0.00246237311512, 0.000797896413133, 0.00121259398293, 0.00141861452721, 0.00325201451778, 0.00265325140208, 0.00219050352462, 0.00152671849355, 0.00131604017224, 0.000966890831478, 0.000930360518396, 0.00059287273325, 0.000858720159158, 0.000514763698447, 0.00040597905172, 0.000174886983586, 0.000191661325516, 0.000142558594234, 0.000136845934321, 0.000154624111019, 0.000160516967298, 0.000277598737739, 0.000354431744199, 0.00020125482115, 1.36241424116e-05],
        "median": [0.000371916918084, 0.0127849001437, 0.00067939190194, 0.000245228438871, 0.000523214635905, 0.000618426362053, 0.00119017157704, 0.000584513647482, 0.000463165051769, 0.00032881856896, 0.000293490185868, 0.000165320991073, 0.000313548836857, 0.000222900795052, 0.000226425850997, 0.000136511182063, 0.000136854912853, 8.85889894562e-05, 8.66898335516e-05, 4.49815925094e-05, 2.93844059343e-05, 1.74897595571e-05, 9.16411227081e-06, 6.90492470312e-06, 3.87014551961e-06, 1.21718301216e-06, 1.10148768329e-07],
        "min": [4.35806680406e-23, 3.07329764156e-23, 3.56739388534e-24, 1.03242052642e-23, 1.19367920445e-22, 4.40424640591e-23, 2.28357719349e-23, 8.31812425135e-23, 2.5877225155e-23, 8.06317829074e-23, 6.71776591946e-23, 1.19392873693e-22, 1.77037098361e-22, 1.50233687394e-22, 7.12171571439e-23, 6.59605604138e-23, 1.49032738174e-22, 1.71634221576e-22, 5.06591781587e-22, 4.68375118422e-22, 3.4819527709e-22, 4.00402016067e-22, 5.65227901025e-22, 9.17598965985e-22, 1.11983513418e-21, 1.83312937459e-21, 2.34730694362e-21],
        "var": [6.60701107336e-06, 0.000346390763298, 2.04752232094e-05, 7.42678139432e-06, 5.75322565055e-06, 4.96509164805e-06, 3.1951458368e-05, 3.72136018996e-05, 2.69138599833e-05, 1.15559660117e-05, 6.91443301548e-06, 7.41227268009e-06, 4.6022701099e-06, 2.66056235887e-06, 4.22374660047e-06, 1.58835757702e-06, 1.75526520252e-06, 8.34625737411e-08, 1.05805710859e-07, 8.7043986241e-08, 8.39389215912e-08, 1.60978061103e-07, 2.01174501058e-07, 8.10544122487e-07, 1.50778475927e-06, 5.6651003888e-07, 2.21040052928e-09]
    },
    "erbbands": {
        "dmean": [0.226718455553, 1.22943615913, 1.46268939972, 2.0554087162, 2.78332042694, 2.10762906075, 2.1338083744, 5.18225049973, 16.4976291656, 29.4973773956, 28.5594348907, 32.9877357483, 16.3528671265, 28.6898174286, 32.331741333, 27.5519447327, 26.4977092743, 18.4567565918, 21.2000179291, 18.1511478424, 11.5765361786, 7.53105783463, 4.89285087585, 4.33227777481, 5.07701253891, 5.00622606277, 3.9069082737, 4.67916202545, 4.72254657745, 4.73072147369, 4.97627449036, 5.49442386627, 4.97386312485, 3.61602282524, 2.69237303734, 1.34114944935, 0.409013599157, 0.0324137993157, 0.00243798480369, 0.000107130865217],
        "dmean2": [0.327282190323, 2.08230566978, 2.53376269341, 3.63155794144, 4.68796634674, 3.31807374954, 2.93627715111, 7.2244181633, 22.6246490479, 44.4565658569, 44.3576698303, 50.7705879211, 24.7732887268, 46.2232131958, 52.8999633789, 45.9350547791, 43.5460548401, 29.3525600433, 33.9205932617, 29.7390594482, 18.5996112823, 12.0169506073, 8.08095645905, 7.01766395569, 8.4552116394, 8.3946723938, 6.44574975967, 8.11890029907, 8.02470779419, 8.10955619812, 8.54798030853, 9.19591903687, 8.52319717407, 6.04357147217, 4.55855178833, 2.31231951714, 0.720471858978, 0.0545710884035, 0.00408478965983, 0.000179482769454],
        "dvar": [0.168777823448, 7.59529209137, 20.7425937653, 75.3202972412, 83.5532455444, 24.5298309326, 15.2795066833, 104.778152466, 1354.78808594, 4292.16308594, 8470.16210938, 7602.31982422, 2969.94116211, 3952.00512695, 4969.13574219, 7705.10595703, 4779.59277344, 2997.77124023, 4373.45458984, 2305.38769531, 1041.00402832, 583.186889648, 150.48727417, 88.4239120483, 163.848754883, 202.249450684, 98.9601669312, 248.04927063, 200.032989502, 184.534790039, 246.997665405, 274.492340088, 355.000640869, 195.940383911, 84.7643966675, 24.1761131287, 2.54042315483, 0.00937410723418, 5.91610369156e-05, 9.48332328221e-08],
        "dvar2": [0.409166961908, 22.9143638611, 58.6310348511, 209.170852661, 218.022399902, 62.0480270386, 30.6240997314, 214.73928833, 2411.30908203, 10007.65625, 21662.2539062, 18366.8261719, 6492.45849609, 10234.1044922, 12782.8613281, 21028.4316406, 11100.2753906, 5973.89648438, 8767.99707031, 5365.64941406, 2180.51977539, 1073.50622559, 313.213897705, 201.630218506, 427.473022461, 538.692260742, 251.461914062, 695.245849609, 550.178466797, 501.830780029, 678.342468262, 705.375671387, 963.091186523, 522.76574707, 213.44960022, 65.7989196777, 7.09012842178, 0.0240917801857, 0.00014918333909, 2.41057676931e-07],
        "max": [8.3894109726, 34.726108551, 77.5073165894, 124.696708679, 247.604049683, 137.109222412, 133.974822998, 390.50302124, 986.36138916, 1640.46264648, 2715.24731445, 2844.58105469, 2287.08325195, 1024.92333984, 1345.38342285, 2108.44677734, 1860.97827148, 1511.29577637, 1701.40258789, 1533.34301758, 866.924987793, 747.023742676, 422.45211792, 241.582382202, 310.722717285, 199.90725708, 189.74671936, 201.553146362, 248.441009521, 229.963592529, 367.493408203, 182.154983521, 223.276672363, 223.438751221, 131.538391113, 97.6824874878, 35.3011512756, 2.14092254639, 0.195533022285, 0.0072369389236],
        "mean": [0.590038657188, 3.08670544624, 3.76428985596, 2.63235354424, 3.57377290726, 3.99042081833, 5.70136022568, 13.7456226349, 38.7109603882, 58.4267883301, 56.0572319031, 61.656036377, 33.0180664062, 48.7783660889, 58.939239502, 51.0197715759, 46.7103500366, 36.1052017212, 45.0895347595, 35.6897468567, 24.886598587, 16.1346912384, 10.8804912567, 9.75997829437, 9.46591854095, 7.40101337433, 5.78944540024, 5.54776763916, 5.07884883881, 4.94191932678, 4.83418607712, 5.45378112793, 4.73263931274, 3.69904923439, 2.66710925102, 1.19323480129, 0.334039986134, 0.030786184594, 0.00241241720505, 0.000145410347614],
        "median": [0.392648458481, 1.98063397408, 1.47340846062, 1.23088097572, 1.26025485992, 1.67300260067, 2.98024654388, 6.30947256088, 14.7315540314, 21.2423877716, 15.5195198059, 14.761973381, 10.4446020126, 15.8668136597, 17.2886810303, 12.2579574585, 17.7517585754, 15.7471237183, 12.790605545, 11.0528297424, 8.32803344727, 6.95045089722, 5.77219867706, 4.94912624359, 3.96506357193, 2.54419136047, 1.50881171227, 0.938529610634, 0.62800937891, 0.449344396591, 0.254798382521, 0.167000412941, 0.0941727533937, 0.0507744252682, 0.0228464864194, 0.00802712328732, 0.00169833516702, 0.000244201481109, 4.83266849187e-05, 4.97659675602e-05],
        "min": [7.0197377088e-22, 7.30802519743e-21, 9.65987497012e-21, 2.04527305011e-20, 2.47399278059e-19, 3.27576033678e-19, 4.91514442292e-19, 3.05955083429e-19, 2.50661419901e-19, 7.15635410348e-19, 2.04615449506e-18, 7.02427507314e-19, 1.76086776001e-18, 2.7059065138e-18, 2.90813459598e-18, 6.27324884369e-18, 8.38766765957e-18, 1.02788887444e-17, 3.23089488753e-18, 3.71588597672e-18, 4.85611929595e-18, 7.94442292833e-18, 8.83153277627e-18, 2.05724549815e-17, 2.31194003358e-17, 2.24011776079e-17, 1.45328999637e-17, 1.59272353089e-17, 1.7546441358e-17, 1.21239614228e-17, 1.91301630131e-17, 1.97773110741e-17, 1.39071146693e-17, 9.59015252375e-18, 1.08069550571e-17, 5.12952027278e-18, 3.90040887827e-18, 1.27561466136e-18, 3.19505413387e-19, 4.03696353733e-20],
        "var": [0.610643923283, 15.3369665146, 33.644821167, 52.0065994263, 82.7115707397, 48.5241661072, 66.9597930908, 467.857299805, 5117.66210938, 11919.3222656, 21960.0195312, 20058.9746094, 10433.7753906, 8012.19433594, 11211.8515625, 17756.9882812, 10711.3242188, 8038.71435547, 13900.7998047, 5780.77685547, 2922.38598633, 1707.22143555, 436.485717773, 262.567443848, 289.434112549, 225.201797485, 128.204528809, 200.275588989, 168.682785034, 165.757110596, 200.403900146, 261.40335083, 296.894042969, 188.009262085, 93.6121368408, 18.6441268921, 1.73028981686, 0.00993731338531, 5.89920273342e-05, 1.00118697333e-07]
    },
    "gfcc": {
        "mean": [-29.2722644806, 116.030448914, -117.406204224, 12.8974332809, -47.3175888062, 14.0255937576, -28.2246608734, 11.9381132126, -11.270149231, 9.36868572235, -4.93052768707, -0.726994216442, -7.99367570877],
        "cov": [[17243.9492188, -5062.11083984, -677.256652832, 823.393798828, -764.003234863, 1740.13916016, -95.1434631348, 1639.31384277, -422.73135376, 786.393371582, -672.297241211, 389.268737793, -544.891479492], [-5062.11083984, 3484.16552734, -67.3476333618, -477.036102295, 552.532836914, -680.157958984, 272.052246094, -541.741088867, 343.544403076, -329.838470459, 396.015655518, -199.039138794, 310.815246582], [-677.256652832, -67.3476333618, 1887.57214355, 221.225280762, 217.5209198, 345.889160156, 156.677230835, 227.957244873, 62.3758850098, 163.268798828, 36.2184867859, 129.91557312, 30.5681095123], [823.393798828, -477.036102295, 221.225280762, 715.48034668, 56.2172050476, 272.877532959, 177.404388428, 186.942276001, 61.3264160156, 122.353752136, 25.4818344116, 92.7573013306, 20.5062255859], [-764.003234863, 552.532836914, 217.5209198, 56.2172050476, 486.587341309, 105.285667419, 170.650039673, 45.2326164246, 122.630973816, 43.123664856, 96.9678344727, 31.2368030548, 88.8168945312], [1740.13916016, -680.157958984, 345.889160156, 272.877532959, 105.285667419, 553.466186523, 174.157287598, 329.667022705, 22.3900699615, 168.527160645, -29.780916214, 102.108222961, -29.8380126953], [-95.1434631348, 272.052246094, 156.677230835, 177.404388428, 170.650039673, 174.157287598, 357.436950684, 152.903427124, 120.93421936, 54.8165016174, 79.0460968018, 35.6792144775, 42.8289031982], [1639.31384277, -541.741088867, 227.957244873, 186.942276001, 45.2326164246, 329.667022705, 152.903427124, 425.069519043, 35.57188797, 169.001815796, -34.0348320007, 80.6991729736, -42.0188674927], [-422.73135376, 343.544403076, 62.3758850098, 61.3264160156, 122.630973816, 22.3900699615, 120.93421936, 35.57188797, 212.042556763, 45.132598877, 88.5194168091, 12.9117040634, 56.4308204651], [786.393371582, -329.838470459, 163.268798828, 122.353752136, 43.123664856, 168.527160645, 54.8165016174, 169.001815796, 45.132598877, 200.795089722, 19.4268321991, 61.8064308167, -22.9129524231], [-672.297241211, 396.015655518, 36.2184867859, 25.4818344116, 96.9678344727, -29.780916214, 79.0460968018, -34.0348320007, 88.5194168091, 19.4268321991, 173.074569702, 33.7547454834, 59.0347747803], [389.268737793, -199.039138794, 129.91557312, 92.7573013306, 31.2368030548, 102.108222961, 35.6792144775, 80.6991729736, 12.9117040634, 61.8064308167, 33.7547454834, 146.344604492, 28.7753677368], [-544.891479492, 310.815246582, 30.5681095123, 20.5062255859, 88.8168945312, -29.8380126953, 42.8289031982, -42.0188674927, 56.4308204651, -22.9129524231, 59.0347747803, 28.7753677368, 134.827301025]],
        "icov": [[0.000207077624509, -7.25014033378e-05, 0.000209444202483, -6.13222000538e-05, 0.000262837973423, -0.00051016593352, 0.000288587558316, -0.000487179029733, 0.000165504039614, -0.000318750535371, 0.000417966017267, -0.000313420459861, 0.000196758177481], [-7.25014033378e-05, 0.00150221248623, -0.000274146324955, 0.000644314917736, -0.00110906735063, 0.00141968147364, -0.00128293049056, 0.000557464372832, -0.000872035045177, 0.00129669927992, -0.00180715427268, 0.00148617965169, -0.00110639969353], [0.000209444202483, -0.000274146324955, 0.000872541044373, -0.000168056416442, 0.000214131563553, -0.000931485090405, 0.00044657473336, -0.000546973489691, 0.000304078566842, -0.000673703791108, 0.000664151913952, -0.000750495004468, 0.000274258869467], [-6.13222000538e-05, 0.000644314917736, -0.000168056416442, 0.00218872795813, -0.000222180548008, 4.4740143494e-05, -0.00122374668717, 0.000433390785474, -0.000506703392603, 0.000103870595922, -0.000729150138795, 0.000211910490179, -0.000844120397232], [0.000262837973423, -0.00110906735063, 0.000214131563553, -0.000222180548008, 0.0040622302331, -0.00209099822678, 0.000342395884218, -0.000553561432753, 0.00012554373825, -0.00150588713586, 0.00107435625978, -0.000990703119896, -0.000383246107958], [-0.00051016593352, 0.00141968147364, -0.000931485090405, 4.4740143494e-05, -0.00209099822678, 0.00663061579689, -0.00253777834587, -0.000424487778218, -0.000447463011369, 0.000844035006594, -0.00140749278944, 0.000936833617743, -0.000864438829012], [0.000288587558316, -0.00128293049056, 0.00044657473336, -0.00122374668717, 0.000342395884218, -0.00253777834587, 0.00660032080486, -0.00261746603064, -0.000651959737297, 7.88222096162e-05, 0.000159111223184, -0.000789849145804, 0.000894316472113], [-0.000487179029733, 0.000557464372832, -0.000546973489691, 0.000433390785474, -0.000553561432753, -0.000424487778218, -0.00261746603064, 0.00713591463864, -0.00102178729139, -0.00162189337425, 0.00037714606151, 4.96439461131e-05, 0.00010647156887], [0.000165504039614, -0.000872035045177, 0.000304078566842, -0.000506703392603, 0.00012554373825, -0.000447463011369, -0.000651959737297, -0.00102178729139, 0.00829952396452, -0.00260877655819, -0.00101761228871, 0.000259722874034, -0.00113268813584], [-0.000318750535371, 0.00129669927992, -0.000673703791108, 0.000103870595922, -0.00150588713586, 0.000844035006594, 7.88222096162e-05, -0.00162189337425, -0.00260877655819, 0.0108524933457, -0.00369724282064, 4.37884373241e-05, 0.00105346599594], [0.000417966017267, -0.00180715427268, 0.000664151913952, -0.000729150138795, 0.00107435625978, -0.00140749278944, 0.000159111223184, 0.00037714606151, -0.00101761228871, -0.00369724282064, 0.0124022271484, -0.0044352686964, 0.000177086883923], [-0.000313420459861, 0.00148617965169, -0.000750495004468, 0.000211910490179, -0.000990703119896, 0.000936833617743, -0.000789849145804, 4.96439461131e-05, 0.000259722874034, 4.37884373241e-05, -0.0044352686964, 0.0117291128263, -0.00409101415426], [0.000196758177481, -0.00110639969353, 0.000274258869467, -0.000844120397232, -0.000383246107958, -0.000864438829012, 0.000894316472113, 0.00010647156887, -0.00113268813584, 0.00105346599594, 0.000177086883923, -0.00409101415426, 0.0120877847075]]
    },
    "melbands": {
        "dmean": [0.00184407748748, 0.000983337289654, 0.000367842672858, 0.000185490338481, 7.20369062037e-05, 0.000112973590149, 0.000266163115157, 0.000316120305797, 0.000244124545134, 0.000184077449376, 8.06563984952e-05, 0.000120701930427, 0.000113792935736, 7.37926602596e-05, 6.43288440187e-05, 4.41270276497e-05, 3.70445450244e-05, 3.29442918883e-05, 2.21562877414e-05, 2.79319392575e-05, 1.27327475639e-05, 8.82335643837e-06, 7.48526235839e-06, 4.63215383206e-06, 3.52792835656e-06, 4.5424721975e-06, 2.87550938083e-06, 3.52701613338e-06, 2.71100589089e-06, 2.22972448682e-06, 3.216975756e-06, 2.74930289379e-06, 2.86849945041e-06, 2.61365858023e-06, 2.87740340355e-06, 2.9427149002e-06, 3.56386340172e-06, 3.34191213369e-06, 3.5745911191e-06, 2.81758548226e-06],
        "dmean2": [0.0028316504322, 0.0016876476584, 0.000642895465717, 0.000303247477859, 9.98912582872e-05, 0.000156848225743, 0.000367196829757, 0.000478300353279, 0.000379001314286, 0.000283125642454, 0.000122588491649, 0.000194860884221, 0.000186478719115, 0.000121719545859, 0.000106258194137, 7.25397330825e-05, 5.88138318562e-05, 5.27061783941e-05, 3.56391319656e-05, 4.54718137917e-05, 2.04319057957e-05, 1.3975379261e-05, 1.22445981106e-05, 7.75156331656e-06, 5.67269717067e-06, 7.68700192566e-06, 4.77310277347e-06, 5.95558913119e-06, 4.45809109806e-06, 3.69381541532e-06, 5.67856295675e-06, 4.6950781325e-06, 4.91838000016e-06, 4.52538506579e-06, 5.04019635628e-06, 4.9710993153e-06, 5.98158385401e-06, 5.73072975385e-06, 6.09074186286e-06, 4.67637255497e-06],
        "dvar": [1.21400944408e-05, 6.36231743556e-06, 2.10196185435e-06, 2.92723143502e-07, 1.57566901748e-08, 4.83683813002e-08, 3.26888880409e-07, 4.70925044738e-07, 5.43026828836e-07, 2.44585095288e-07, 7.45234629562e-08, 7.63083747302e-08, 7.08908132196e-08, 4.40724967632e-08, 2.21207727691e-08, 1.42632412548e-08, 1.47085579272e-08, 9.90269022338e-09, 2.95264324102e-09, 6.58245769003e-09, 1.91113858072e-09, 9.96971283307e-10, 8.69784577695e-10, 1.19367349338e-10, 6.81543987913e-11, 1.66194003004e-10, 4.94948838858e-11, 1.06770627062e-10, 4.91576189476e-11, 3.5262910647e-11, 1.45798637052e-10, 7.27423815627e-11, 8.66431579261e-11, 5.63198827852e-11, 8.55299719937e-11, 8.65644986248e-11, 1.18508119984e-10, 1.57200363837e-10, 2.08519479461e-10, 1.15575826687e-10],
        "dvar2": [3.3556472772e-05, 1.8320773961e-05, 5.83460769121e-06, 7.4378925774e-07, 3.21371551593e-08, 9.70430278358e-08, 5.88018565395e-07, 1.11742110676e-06, 1.39512781061e-06, 5.84654117119e-07, 1.62781418567e-07, 1.97603540641e-07, 1.8605148e-07, 1.17233547314e-07, 5.51527179482e-08, 3.21666213665e-08, 2.90555259852e-08, 1.99136263035e-08, 6.39066177754e-09, 1.43607490344e-08, 3.86561183063e-09, 1.91025151253e-09, 1.52467150016e-09, 3.1966651548e-10, 1.47517401072e-10, 4.58956400662e-10, 1.27774346659e-10, 2.84614998236e-10, 1.24628987686e-10, 9.03003574693e-11, 4.15970785594e-10, 2.02720354392e-10, 2.3875895705e-10, 1.54194573776e-10, 2.39137404323e-10, 2.28875626784e-10, 3.02244035355e-10, 4.29145274872e-10, 5.67389912831e-10, 3.04932357142e-10],
        "max": [0.0648648813367, 0.0371713750064, 0.0195433143526, 0.0159980561584, 0.00362372002564, 0.00751277571544, 0.0149223180488, 0.0160904079676, 0.0208617541939, 0.015411702916, 0.0115092806518, 0.00457059731707, 0.00642126286402, 0.00436761276796, 0.0033473263029, 0.00293575786054, 0.00346811185591, 0.00254773604684, 0.00126563676167, 0.00187130831182, 0.00156195717864, 0.00114316097461, 0.00128516450059, 0.000376515759854, 0.000247663090704, 0.000392948481021, 0.000156487847562, 0.00014479397214, 0.000120260985568, 0.000134655405418, 0.000146898499224, 0.000101323617855, 0.000252636527875, 8.56341284816e-05, 0.000219345078222, 0.000107682542875, 0.00014909847232, 0.000152179258293, 0.000179342503543, 0.00018242256192],
        "mean": [0.00485120108351, 0.00277023902163, 0.000490038946737, 0.00028809151263, 0.000197318746359, 0.000299149454804, 0.000614545773715, 0.000618364894763, 0.000467940350063, 0.000338876619935, 0.00015427035396, 0.000196447246708, 0.000193648622371, 0.000138201299706, 0.000112659436127, 7.72052153479e-05, 6.70323497616e-05, 6.90811066306e-05, 4.28065977758e-05, 5.29470016772e-05, 2.57945412159e-05, 1.77148576768e-05, 1.4175191609e-05, 8.98219786905e-06, 7.33817842047e-06, 8.00141151558e-06, 4.58508930024e-06, 4.92561639476e-06, 3.69316785509e-06, 3.23121116708e-06, 3.3699989217e-06, 2.86436693386e-06, 2.94529991152e-06, 2.62987236965e-06, 2.70057626039e-06, 2.86843965114e-06, 3.5103917071e-06, 3.163804422e-06, 3.34033711624e-06, 2.95764311886e-06],
        "median": [0.00384290702641, 0.00178077770397, 0.000234557519434, 0.000115505506983, 0.000108002306661, 0.000130448344862, 0.000235227547819, 0.00022137684573, 0.000111065615783, 7.39046663512e-05, 3.80820674764e-05, 5.19180030096e-05, 4.6586006647e-05, 2.51375531661e-05, 3.57837925549e-05, 2.7239031624e-05, 2.35526604229e-05, 1.89332131413e-05, 1.31923989102e-05, 1.23766039906e-05, 7.81044764153e-06, 6.29332498647e-06, 5.67967254028e-06, 4.15615340899e-06, 3.31594401359e-06, 2.99079238175e-06, 1.82610517641e-06, 1.44896011989e-06, 9.58023065323e-07, 5.9473654801e-07, 4.53143655932e-07, 3.31249026431e-07, 2.91620324333e-07, 2.11865142319e-07, 1.40103935564e-07, 1.07893903589e-07, 9.04130743606e-08, 6.37395274339e-08, 5.22716092632e-08, 3.71213140227e-08],
        "min": [9.60133809569e-24, 7.52525025293e-24, 8.88586649821e-24, 2.26253764206e-23, 1.62915443706e-23, 6.95030870369e-24, 4.64793887128e-24, 9.29835003263e-24, 1.50140361994e-23, 3.75531593575e-24, 9.16583481119e-24, 1.09984786009e-23, 9.14401097425e-24, 1.32729081633e-23, 1.73707597315e-23, 1.5864690157e-23, 2.07014898232e-23, 3.85672163853e-24, 5.27224102509e-24, 4.39573451785e-24, 6.16342468389e-24, 8.86431876258e-24, 5.15159500483e-24, 1.14293986035e-23, 1.7018030044e-23, 1.84188024648e-23, 1.20094669598e-23, 1.62582291968e-23, 1.03442265539e-23, 7.10006763566e-24, 1.03356050931e-23, 1.05239614114e-23, 7.52000748336e-24, 6.45043910248e-24, 1.22157572419e-23, 8.17348171344e-24, 1.34312956559e-23, 9.61809271246e-24, 6.93135237613e-24, 8.82484495174e-24],
        "var": [3.28858950525e-05, 1.30725711642e-05, 1.49074242017e-06, 3.74566099026e-07, 7.47101083221e-08, 2.27794387797e-07, 1.22711242057e-06, 1.26449947402e-06, 1.38586085541e-06, 6.34409900613e-07, 2.59358074572e-07, 1.53092329924e-07, 1.44536940638e-07, 1.13255254064e-07, 5.06008319689e-08, 3.29749454409e-08, 3.92501924296e-08, 3.19916395597e-08, 8.31329938222e-09, 1.67972675769e-08, 5.37977706827e-09, 2.77664358173e-09, 2.58374166506e-09, 2.83863155204e-10, 2.00087682534e-10, 2.4294558032e-10, 7.0021904941e-11, 1.15335317685e-10, 5.92603952021e-11, 5.09295002005e-11, 1.02679934e-10, 5.7907987433e-11, 7.10470293708e-11, 4.94481330882e-11, 6.61857443851e-11, 7.49627651619e-11, 1.16997939115e-10, 1.3295904655e-10, 1.70477063022e-10, 1.19293089296e-10]
    },
    "mfcc": {
        "mean": [-669.698059082, 146.487518311, -4.92877340317, 10.0875749588, 4.2691116333, 4.40140151978, 1.03290987015, 2.21444129944, 1.57770586014, 7.47403430939, 6.32196474075, 6.57492923737, 6.0635342598],
        "cov": [[11966.34375, -2630.76196289, -836.96875, -150.504837036, -213.198913574, 107.322227478, 285.971588135, 538.584106445, 502.755310059, 448.491851807, 254.966278076, 270.476470947, 245.946365356], [-2630.76196289, 2409.4128418, -348.899536133, -53.5432090759, 36.9921569824, -113.402297974, -76.3800735474, -110.148231506, -114.937454224, -45.400970459, -15.0741147995, -54.2976913452, -26.5677776337], [-836.96875, -348.899536133, 1528.3425293, 88.9832992554, 253.16545105, 177.610778809, 195.145980835, 125.764434814, 129.386291504, 69.2486343384, 71.6327667236, 65.6669082642, 45.3076133728], [-150.504837036, -53.5432090759, 88.9832992554, 446.998382568, 53.2309989929, 106.410881042, 90.9988327026, 89.7590789795, 62.912399292, 52.6523551941, 59.7498970032, 56.8217582703, 58.656124115], [-213.198913574, 36.9921569824, 253.16545105, 53.2309989929, 334.30770874, 118.928482056, 109.698287964, 61.8916053772, 82.4340591431, 57.400844574, 26.8956375122, 37.5533256531, 63.6065826416], [107.322227478, -113.402297974, 177.610778809, 106.410881042, 118.928482056, 266.877197266, 136.14163208, 111.936195374, 92.0003585815, 73.3591995239, 54.8917732239, 56.119934082, 72.8376083374], [285.971588135, -76.3800735474, 195.145980835, 90.9988327026, 109.698287964, 136.14163208, 288.00177002, 166.102478027, 130.71963501, 96.792755127, 87.4431228638, 88.5944366455, 76.3598403931], [538.584106445, -110.148231506, 125.764434814, 89.7590789795, 61.8916053772, 111.936195374, 166.102478027, 257.595794678, 147.58190918, 100.529701233, 76.9176330566, 82.860824585, 75.5598983765], [502.755310059, -114.937454224, 129.386291504, 62.912399292, 82.4340591431, 92.0003585815, 130.71963501, 147.58190918, 216.436645508, 126.170906067, 75.4819030762, 60.1206932068, 59.250377655], [448.491851807, -45.400970459, 69.2486343384, 52.6523551941, 57.400844574, 73.3591995239, 96.792755127, 100.529701233, 126.170906067, 181.977539062, 99.0872497559, 55.7720069885, 39.5855789185], [254.966278076, -15.0741147995, 71.6327667236, 59.7498970032, 26.8956375122, 54.8917732239, 87.4431228638, 76.9176330566, 75.4819030762, 99.0872497559, 162.069366455, 95.4839859009, 43.3627586365], [270.476470947, -54.2976913452, 65.6669082642, 56.8217582703, 37.5533256531, 56.119934082, 88.5944366455, 82.860824585, 60.1206932068, 55.7720069885, 95.4839859009, 155.578521729, 88.6848754883], [245.946365356, -26.5677776337, 45.3076133728, 58.656124115, 63.6065826416, 72.8376083374, 76.3598403931, 75.5598983765, 59.250377655, 39.5855789185, 43.3627586365, 88.6848754883, 159.476119995]],
