{
"lowlevel": {
    "average_loudness": 0.944301307201,
    "barkbands_crest": {
        "dmean": 2.51798057556,
        "dmean2": 4.10723257065,
        "dvar": 6.05441999435,
        "dvar2": 15.6469335556,
        "max": 26.3482284546,
        "mean": 10.3366422653,
        "median": 9.63956069946,
        "min": 2.74266624451,
        "var": 14.185377121
    },
    "barkbands_flatness_db": {
        "dmean": 0.0196359604597,
        "dmean2": 0.0296874195337,
        "dvar": 0.000438424613094,
        "dvar2": 0.000958630291279,
        "max": 0.459305554628,
        "mean": 0.165880933404,
        "median": 0.159430831671,
        "min": 0.0221095327288,
        "var": 0.00424207141623
    },
    "barkbands_kurtosis": {
        "dmean": 1.17120862007,
        "dmean2": 1.85945904255,
        "dvar": 10.6703424454,
        "dvar2": 22.504617691,
        "max": 180.526702881,
        "mean": 0.711392521858,
        "median": -0.193887472153,
        "min": -1.86737954617,
        "var": 29.2000713348
    },
    "barkbands_skewness": {
        "dmean": 0.413960427046,
        "dmean2": 0.637863755226,
        "dvar": 0.209676221013,
        "dvar2": 0.476926088333,
        "max": 12.2558012009,
        "mean": 0.428683370352,
        "median": 0.370196282864,
        "min": -3.36891841888,
        "var": 0.85910910368
    },
    "barkbands_spread": {
        "dmean": 5.10533666611,
        "dmean2": 8.30888652802,
        "dvar": 53.5606231689,
        "dvar2": 143.952835083,
        "max": 93.8085403442,
        "mean": 23.4929714203,
        "median": 23.0753746033,
        "min": 0.580835580826,
        "var": 129.641860962
    },
    "dissonance": {
        "dmean": 0.0288429521024,
        "dmean2": 0.0486314930022,
        "dvar": 0.000765341508668,
        "dvar2": 0.00212084851228,
        "max": 0.499652087688,
        "mean": 0.441404014826,
        "median": 0.450764894485,
        "min": 0.161637932062,
        "var": 0.0016216248041
    },
    "dynamic_complexity": 2.39401888847,
    "erbbands_crest": {
        "dmean": 3.18401360512,
        "dmean2": 5.04810190201,
        "dvar": 10.0957784653,
        "dvar2": 22.6378173828,
        "max": 34.2443618774,
        "mean": 12.9643783569,
        "median": 11.7876825333,
        "min": 2.55221033096,
        "var": 31.672624588
    },
    "erbbands_flatness_db": {
        "dmean": 0.0220232661813,
        "dmean2": 0.0319827720523,
        "dvar": 0.000611444236711,
        "dvar2": 0.00115252973046,
        "max": 0.475102722645,
        "mean": 0.217938423157,
        "median": 0.213662013412,
        "min": 0.055674508214,
        "var": 0.00546669913456
    },
    "erbbands_kurtosis": {
        "dmean": 1.80514883995,
        "dmean2": 2.83850502968,
        "dvar": 8.12972450256,
        "dvar2": 19.0588493347,
        "max": 90.6840362549,
        "mean": 2.65588140488,
        "median": 1.56140494347,
        "min": -1.66362178326,
        "var": 18.4736003876
    },
    "erbbands_skewness": {
        "dmean": 0.426468491554,
        "dmean2": 0.653395831585,
        "dvar": 0.1950584203,
        "dvar2": 0.439906656742,
        "max": 8.29961490631,
        "mean": 0.260860413313,
        "median": 0.375033378601,
        "min": -5.61270475388,
        "var": 1.14425897598
    },
    "erbbands_spread": {
        "dmean": 5.85563755035,
        "dmean2": 9.19211196899,
        "dvar": 66.919342041,
        "dvar2": 161.493713379,
        "max": 109.237792969,
        "mean": 20.221244812,
        "median": 16.3796367645,
        "min": 1.7367272377,
        "var": 171.616210938
    },
    "hfc": {
        "dmean": 12.778968811,
        "dmean2": 21.1233882904,
        "dvar": 635.272094727,
        "dvar2": 1743.24584961,
        "max": 283.398284912,
        "mean": 38.0895767212,
        "median": 32.903465271,
        "min": 1.24722848626e-16,
        "var": 870.786315918
    },
    "melbands_crest": {
        "dmean": 2.64345002174,
        "dmean2": 4.24502086639,
        "dvar": 6.41199922562,
        "dvar2": 16.5787563324,
        "max": 31.8482055664,
        "mean": 13.2814483643,
        "median": 12.6462392807,
        "min": 1.00403058529,
        "var": 18.2594280243
    },
    "melbands_flatness_db": {
        "dmean": 0.0204414352775,
        "dmean2": 0.031643923372,
        "dvar": 0.000530187448021,
        "dvar2": 0.0012703537941,
        "max": 0.572327077389,
        "mean": 0.212516561151,
        "median": 0.211381107569,
        "min": -2.32973349057e-07,
        "var": 0.00399996293709
    },
    "melbands_kurtosis": {
        "dmean": 2.27520489693,
        "dmean2": 3.56793165207,
        "dvar": 27.3529052734,
        "dvar2": 59.9768447876,
        "max": 263.817443848,
        "mean": 2.75057983398,
        "median": 0.741116642952,
        "min": -1.87244212627,
        "var": 82.7705535889
    },
    "melbands_skewness": {
        "dmean": 0.521472036839,
        "dmean2": 0.803754091263,
        "dvar": 0.314580500126,
        "dvar2": 0.723849475384,
        "max": 12.3871479034,
        "mean": 1.08622193336,
        "median": 0.945911645889,
        "min": -1.93814921379,
        "var": 1.18864786625
    },
    "melbands_spread": {
        "dmean": 5.95739984512,
        "dmean2": 9.5451669693,
        "dvar": 46.0652961731,
        "dvar2": 115.167953491,
        "max": 133.249786377,
        "mean": 31.3360118866,
        "median": 31.2467880249,
        "min": 0.626943469048,
        "var": 170.083679199
    },
    "pitch_salience": {
        "dmean": 0.0554284453392,
        "dmean2": 0.0904572233558,
        "dvar": 0.00280751800165,
        "dvar2": 0.00723585905507,
        "max": 0.99592936039,
        "mean": 0.449491769075,
        "median": 0.443936944008,
        "min": 0.0579084903002,
        "var": 0.00703032966703
    },
    "silence_rate_20dB": {
        "dmean": 0,
        "dmean2": 0,
        "dvar": 0,
        "dvar2": 0,
        "max": 1,
        "mean": 1,
        "median": 1,
        "min": 1,
        "var": 0
    },
    "silence_rate_30dB": {
        "dmean": 0.00438316119835,
        "dmean2": 0.00876712333411,
        "dvar": 0.00436387211084,
        "dvar2": 0.0119775449857,
        "max": 1,
        "mean": 0.99726074934,
        "median": 1,
        "min": 0,
        "var": 0.00273178773932
    },
    "silence_rate_60dB": {
        "dmean": 0.00712263723835,
        "dmean2": 0.0142465755343,
        "dvar": 0.00707442266867,
        "dvar2": 0.0171442516148,
        "max": 1,
        "mean": 0.0402666181326,
        "median": 0,
        "min": 0,
        "var": 0.0386412367225
    },
    "spectral_centroid": {
        "dmean": 166.32723999,
        "dmean2": 261.939086914,
        "dvar": 39475.2070312,
        "dvar2": 91383.03125,
        "max": 11188.2675781,
        "mean": 1385.43859863,
        "median": 1348.80053711,
        "min": 174.739059448,
        "var": 126639.8125
    },
    "spectral_complexity": {
        "dmean": 2.50862932205,
        "dmean2": 4.10557079315,
        "dvar": 8.33522224426,
        "dvar2": 20.0676708221,
        "max": 52,
        "mean": 18.8507118225,
        "median": 18,
        "min": 0,
        "var": 52.6033210754
    },
    "spectral_decrease": {
        "dmean": 2.12967177227e-09,
        "dmean2": 3.32583560692e-09,
        "dvar": 7.52636584675e-18,
        "dvar2": 1.85266751993e-17,
        "max": 4.06074721351e-28,
        "mean": -9.36046351541e-09,
        "median": -9.09263064841e-09,
        "min": -3.89228453912e-08,
        "var": 2.65579024611e-17
    },
    "spectral_energy": {
        "dmean": 0.00877111405134,
        "dmean2": 0.0136930746958,
        "dvar": 0.000115062415716,
        "dvar2": 0.00027907252661,
        "max": 0.149577066302,
        "mean": 0.0387833826244,
        "median": 0.0376961790025,
        "min": 1.06480326847e-20,
        "var": 0.000441518699517
    },
    "spectral_energyband_high": {
        "dmean": 0.000781757407822,
        "dmean2": 0.00135465920903,
        "dvar": 5.86014448345e-06,
        "dvar2": 1.62088963407e-05,
        "max": 0.0261024963111,
        "mean": 0.00126387539785,
        "median": 0.000356646894943,
        "min": 8.01660151951e-21,
        "var": 5.94879611526e-06
    },
    "spectral_energyband_low": {
        "dmean": 0.00479919090867,
        "dmean2": 0.00776497693732,
        "dvar": 0.000113612681162,
        "dvar2": 0.000289311807137,
        "max": 0.139335826039,
        "mean": 0.0126514229923,
        "median": 0.010798079893,
        "min": 2.78874036691e-23,
        "var": 0.000188457241165
    },
    "spectral_energyband_middle_high": {
        "dmean": 0.00546721182764,
        "dmean2": 0.0085269594565,
        "dvar": 4.44366123702e-05,
        "dvar2": 0.000109550303023,
        "max": 0.0867404341698,
        "mean": 0.0170619357377,
        "median": 0.0152935124934,
        "min": 1.2369045159e-21,
        "var": 0.000126313243527
    },
    "spectral_energyband_middle_low": {
        "dmean": 0.00277419225313,
        "dmean2": 0.00400939118117,
        "dvar": 1.16358314699e-05,
        "dvar2": 2.60037268163e-05,
        "max": 0.0677666217089,
        "mean": 0.00836930330843,
        "median": 0.00646890513599,
        "min": 2.37487623124e-22,
        "var": 4.69522456115e-05
    },
    "spectral_entropy": {
        "dmean": 0.165927946568,
        "dmean2": 0.250764876604,
        "dvar": 0.0432535931468,
        "dvar2": 0.0928247496486,
        "max": 9.80806255341,
        "mean": 7.27585220337,
        "median": 7.25821685791,
        "min": 5.21436548233,
        "var": 0.310507297516
    },
    "spectral_flux": {
        "dmean": 0.0240619517863,
        "dmean2": 0.0396901145577,
        "dvar": 0.000641502498183,
        "dvar2": 0.00163398392033,
        "max": 0.297165066004,
        "mean": 0.0860119760036,
        "median": 0.0782848000526,
        "min": 1.03189304324e-10,
        "var": 0.00203207228333
    },
    "spectral_kurtosis": {
        "dmean": 3.09953784943,
        "dmean2": 5.3478808403,
        "dvar": 29.8637657166,
        "dvar2": 89.6686248779,
        "max": 108.657112122,
        "mean": 7.90661287308,
        "median": 5.14497947693,
        "min": -1.20944094658,
        "var": 113.525016785
    },
    "spectral_rms": {
        "dmean": 0.000655649113469,
        "dmean2": 0.00101339851972,
        "dvar": 4.72107160476e-07,
        "dvar2": 1.12509792416e-06,
        "max": 0.0120801012963,
        "mean": 0.00585897639394,
        "median": 0.00606438424438,
        "min": 3.22309236592e-12,
        "var": 3.50987966158e-06
    },
    "spectral_rolloff": {
        "dmean": 474.558441162,
        "dmean2": 871.337341309,
        "dvar": 1717053.625,
        "dvar2": 4777898.5,
        "max": 19207.6171875,
        "mean": 1609.07141113,
        "median": 1485.79101562,
        "min": 64.599609375,
        "var": 1268928.5
    },
    "spectral_skewness": {
        "dmean": 0.300894767046,
        "dmean2": 0.50693076849,
        "dvar": 0.137601241469,
        "dvar2": 0.411122828722,
        "max": 7.7126789093,
        "mean": 1.88512003422,
        "median": 1.7408336401,
        "min": 0.0196912381798,
        "var": 0.639707386494
    },
    "spectral_spread": {
        "dmean": 645053.375,
        "dmean2": 964251.3125,
        "dvar": 1.47101410918e+12,
        "dvar2": 2.92839070106e+12,
        "max": 40752768,
        "mean": 4200267.5,
        "median": 3683660,
        "min": 625717.5,
        "var": 4.53079780557e+12
    },
    "spectral_strongpeak": {
        "dmean": 1.38324356079,
        "dmean2": 2.35492229462,
        "dvar": 4.34818506241,
        "dvar2": 9.50447750092,
        "max": 16.3968238831,
        "mean": 2.48736190796,
        "median": 0.732128083706,
        "min": 0,
        "var": 8.68303203583
    },
    "zerocrossingrate": {
        "dmean": 0.00842687580734,
        "dmean2": 0.0107023222372,
        "dvar": 0.00014936804655,
        "dvar2": 0.000217571956455,
        "max": 0.51416015625,
        "mean": 0.0623592026532,
        "median": 0.05615234375,
        "min": 0.00341796875,
        "var": 0.000665528466925
    },
    "barkbands": {
        "dmean": [5.02311268065e-05, 0.00409048702568, 0.001438174746, 0.000473505700938, 0.000422644632636, 0.000532726582605, 0.000569080933928, 0.00128420779947, 0.00104272225872, 0.00225638574921, 0.000974209106062, 0.00213260436431, 0.000592776050325, 0.00139308883809, 0.000745591067243, 0.00056157988729, 0.000180585746421, 0.000109971879283, 0.000130059823277, 9.88395695458e-05, 0.000105427679955, 0.000104231228761, 0.00010556653433, 0.000154243985889, 0.000258119398495, 0.000103125377791, 1.41580585478e-05],
        "dmean2": [7.84807780292e-05, 0.00676055345684, 0.00233559519984, 0.000767462945078, 0.000642792321742, 0.000755151733756, 0.000757479981985, 0.0018769451417, 0.00148677476682, 0.00352278794162, 0.00148860237096, 0.00329032540321, 0.000948165135924, 0.00221115071326, 0.00116011593491, 0.000902374042198, 0.000293743418297, 0.000185983764823, 0.000220391812036, 0.000164294266142, 0.000179804497748, 0.000177921625436, 0.000180718576303, 0.00027016090462, 0.000461698829895, 0.000179639624548, 2.51369383477e-05],
        "dvar": [1.44300731364e-08, 8.45081594889e-05, 2.04776006285e-05, 2.1020953227e-06, 1.00437364381e-06, 1.33251137413e-06, 1.22732035379e-06, 4.555475698e-06, 3.78882714358e-06, 1.73266689671e-05, 9.62353078648e-06, 1.84387299669e-05, 1.28280942135e-06, 7.75987155066e-06, 4.42332839157e-06, 3.11991175295e-06, 2.14825575995e-07, 2.48959981519e-08, 4.51360691045e-08, 3.01185849594e-08, 4.36638529777e-08, 5.36581872268e-08, 7.57390594686e-08, 2.55023280715e-07, 9.94052925307e-07, 1.77798852974e-07, 3.7399612296e-09],
        "dvar2": [3.36389547329e-08, 0.000228612843785, 5.12076767336e-05, 5.25429231857e-06, 2.30313980865e-06, 2.96301391245e-06, 1.9259630335e-06, 1.06540164779e-05, 7.20990556147e-06, 4.46990707132e-05, 2.34143972193e-05, 4.45832083642e-05, 2.92055210593e-06, 1.6851530745e-05, 9.3057169579e-06, 6.819029295e-06, 4.52498170489e-07, 6.89548826927e-08, 1.24469309526e-07, 7.79798270401e-08, 1.21417201626e-07, 1.47113780713e-07, 2.11661699723e-07, 7.16664885658e-07, 2.78418951893e-06, 4.93000356983e-07, 1.0362986913e-08],
        "max": [0.00293876440264, 0.122466742992, 0.0810468196869, 0.0201364737004, 0.0307562164962, 0.0290458016098, 0.0441899113357, 0.0580980889499, 0.0652620866895, 0.0763633400202, 0.0785191953182, 0.0792133361101, 0.0236765425652, 0.0529668629169, 0.0397318191826, 0.0481409206986, 0.0198779460043, 0.00259496737272, 0.0028674849309, 0.00227937218733, 0.00333315343596, 0.00417929282412, 0.00547180930153, 0.00533707160503, 0.0104930410162, 0.00624539796263, 0.00193412019871],
        "mean": [8.28914126032e-05, 0.00973654072732, 0.00241380860098, 0.000648679968435, 0.000796346692368, 0.00110818399116, 0.00118080305401, 0.00247035059147, 0.00194712413941, 0.0041469540447, 0.00181113113649, 0.00393020454794, 0.00104635104071, 0.00274949055165, 0.00152347888798, 0.00109170156065, 0.00033018810791, 0.00020137829415, 0.000220683577936, 0.000185246710316, 0.000221589696594, 0.000212445098441, 0.000181442912435, 0.00019361791783, 0.000244992610533, 8.99402584764e-05, 1.78824502655e-05],
        "median": [2.49186778092e-05, 0.00806575082242, 0.00105024233926, 8.31762808957e-05, 0.000206413242267, 0.0004216984089, 0.000407528976211, 0.00132625421975, 0.000768761557993, 0.00213392497972, 0.000217141758185, 0.00176761765033, 0.000439998722868, 0.00114813167602, 0.000366694643162, 0.00031838598079, 0.000149969549966, 0.000142026197864, 0.000140331481816, 8.65177935339e-05, 7.65702861827e-05, 5.4477561207e-05, 2.7887408578e-05, 1.46899274114e-05, 1.12789557534e-05, 2.19198727791e-06, 3.67098834886e-07],
        "min": [8.15816134441e-25, 1.08867269873e-23, 3.27221041764e-24, 2.21664045242e-23, 4.56649647699e-23, 5.16527819166e-23, 3.06991248164e-23, 3.96891130655e-23, 3.12948915047e-23, 3.95678493671e-23, 5.84918399334e-23, 9.09203214034e-23, 6.5383631724e-23, 8.44524760851e-23, 6.25807584406e-23, 4.36750852246e-23, 1.16716388549e-22, 1.82896353268e-22, 3.61484213329e-22, 3.63043734541e-22, 4.65553091596e-22, 4.95908206794e-22, 6.12579245306e-22, 7.96277863804e-22, 1.32389166518e-21, 1.88048889779e-21, 2.50552825789e-21],
        "var": [3.09436209989e-08, 0.000123426536447, 2.13916500797e-05, 3.09324059344e-06, 2.70128612101e-06, 3.84853092328e-06, 5.03246883454e-06, 1.35932668854e-05, 1.2794520444e-05, 3.63447688869e-05, 2.49465556408e-05, 4.15203539887e-05, 3.17375383929e-06, 2.01610346267e-05, 1.22037636174e-05, 8.14440591057e-06, 6.68202915222e-07, 4.48283934418e-08, 6.69294450972e-08, 5.84935868631e-08, 1.14660366535e-07, 1.33878145903e-07, 1.25599768808e-07, 2.23344926553e-07, 6.92036849159e-07, 1.17950349932e-07, 4.10285050378e-09]
    },
    "erbbands": {
        "dmean": [0.0902474373579, 1.02933967113, 1.88596463203, 1.4787017107, 1.14809083939, 1.20945298672, 3.5536904335, 5.37887001038, 9.08251476288, 9.20510005951, 28.7136325836, 18.678812027, 50.4392166138, 54.619304657, 56.8960952759, 71.032989502, 24.2687969208, 48.2117958069, 61.1735839844, 30.4778900146, 34.3581237793, 9.35431671143, 6.1930232048, 4.87559700012, 6.24828338623, 4.56256914139, 4.68665122986, 4.10496377945, 3.85362315178, 3.40459036827, 3.127409935, 3.15291380882, 2.66014170647, 2.36182165146, 2.03568792343, 0.704230308533, 0.160312145948, 0.0258735716343, 0.00235312548466, 9.27508008317e-05],
        "dmean2": [0.15112914145, 1.68991005421, 2.99212050438, 2.33926725388, 1.86305737495, 1.90245938301, 5.15462589264, 7.26989173889, 12.0929250717, 13.0979948044, 42.1429100037, 26.6619033813, 75.7336730957, 85.5000762939, 87.2393417358, 107.999565125, 38.2683067322, 76.0481033325, 97.9101715088, 46.4750328064, 54.2317390442, 15.1831579208, 10.3947277069, 8.19437599182, 10.7014379501, 7.57926082611, 7.88323259354, 7.11126947403, 6.57179164886, 5.7911400795, 5.41662693024, 5.51793289185, 4.62895774841, 4.11622714996, 3.72515702248, 1.25357401371, 0.28013536334, 0.0452409088612, 0.00419454928488, 0.000161591800861],
        "dvar": [0.0444770082831, 5.54489994049, 30.4434776306, 20.9844169617, 9.01776885986, 10.5336103439, 105.248275757, 118.89087677, 326.588775635, 318.60144043, 2215.34814453, 1103.03173828, 6907.00048828, 10347.0068359, 15285.8984375, 20816.8300781, 1933.9128418, 7713.87548828, 17535.4355469, 14488.9228516, 14156.4990234, 295.076934814, 80.8144607544, 50.5210037231, 131.829025269, 65.3728103638, 73.3654098511, 90.9676437378, 69.540687561, 67.794342041, 71.9344100952, 102.018295288, 74.7483825684, 63.5478134155, 75.6589050293, 8.98828792572, 0.41312110424, 0.0117801837623, 9.47390362853e-05, 1.43576428968e-07],
        "dvar2": [0.124206632376, 14.6507234573, 75.6074523926, 51.8941879272, 23.1928367615, 26.5859584808, 236.492233276, 229.766098022, 503.403747559, 627.534667969, 5169.25732422, 2094.15551758, 16751.9570312, 26739.2988281, 37832.2773438, 46237.8945312, 4318.04248047, 16542.1074219, 37604.2734375, 30527.4707031, 30465.1171875, 674.145324707, 220.948165894, 134.295333862, 371.936157227, 169.824020386, 197.174926758, 261.25668335, 191.621032715, 183.49079895, 203.407104492, 289.633575439, 206.483673096, 174.703887939, 215.121734619, 25.0419940948, 1.14608263969, 0.032542321831, 0.000262152811047, 3.97132481567e-07],
        "max": [3.90928006172, 30.8556404114, 100.69493866, 66.3421630859, 55.9011001587, 104.109649658, 324.356719971, 366.785888672, 788.681152344, 456.22265625, 1136.24230957, 815.713562012, 1514.99304199, 2352.60766602, 2130.26391602, 3257.16674805, 982.217407227, 2703.29418945, 2444.33203125, 2942.34033203, 3285.83862305, 543.864929199, 179.093444824, 133.509643555, 133.521896362, 111.357826233, 157.448562622, 151.647460938, 176.5050354, 176.160125732, 177.068710327, 121.081825256, 87.5067214966, 74.7058944702, 95.0992507935, 34.0401535034, 14.5733566284, 2.55961227417, 0.300563037395, 0.020283177495],
        "mean": [0.175519764423, 2.47011256218, 3.99312591553, 2.22491002083, 1.5887748003, 2.10144257545, 6.77439832687, 11.8005218506, 19.5504760742, 19.5263843536, 54.5320014954, 38.0888977051, 102.284317017, 108.511421204, 114.649116516, 131.544677734, 48.7280578613, 96.6192398071, 128.858505249, 68.7699661255, 71.540397644, 19.1457691193, 12.0714235306, 9.59708499908, 11.3178520203, 8.99333763123, 9.36605930328, 8.05541801453, 7.63779640198, 6.37589025497, 5.10736370087, 4.15541124344, 3.26078224182, 2.67313218117, 1.67606139183, 0.589546382427, 0.139723584056, 0.0251883324236, 0.00303914607503, 0.000191298749996],
        "median": [0.0818483829498, 2.13521337509, 2.33503985405, 0.632667303085, 0.372587949038, 0.476920545101, 1.87253761292, 4.48527431488, 8.09502983093, 8.79092597961, 30.2419567108, 19.002248764, 57.8563919067, 58.6852645874, 50.8056335449, 59.8684616089, 27.2833042145, 46.5349617004, 55.5344429016, 19.7693023682, 20.0324668884, 10.9916362762, 8.75888633728, 6.9219045639, 6.86677455902, 4.48601436615, 3.342669487, 2.66295576096, 2.09208869934, 1.25715994835, 0.738217055798, 0.417217314243, 0.213244706392, 0.158505886793, 0.0512786880136, 0.0146449562162, 0.00329050375149, 0.000522801536135, 9.16240096558e-05, 5.67987917748e-05],
        "min": [3.86546235936e-22, 2.09751192917e-21, 4.79654531849e-21, 4.45373687338e-20, 4.39739682638e-20, 2.49922540819e-19, 1.24097564603e-19, 6.15079354279e-19, 5.90823523587e-19, 5.22226934653e-19, 8.09918335446e-19, 8.97582574873e-19, 9.41034269053e-19, 1.87246352363e-18, 2.49721856463e-18, 3.52842244809e-18, 3.30486861574e-18, 4.63046773357e-18, 3.57404973068e-18, 2.29171670838e-18, 3.44538757666e-18, 6.47742638378e-18, 8.73550951486e-18, 1.87332354331e-17, 1.43945937109e-17, 1.38831876429e-17, 1.86302564099e-17, 2.03306651254e-17, 1.63750907449e-17, 1.97324960828e-17, 1.62103891587e-17, 1.46204669577e-17, 1.43313524444e-17, 1.48015483743e-17, 9.34220182641e-18, 6.5791832476e-18, 3.65528300273e-18, 1.4346285536e-18, 2.87700137888e-19, 4.04559788121e-20],
        "var": [0.0668016672134, 7.83118963242, 36.3148384094, 28.9647216797, 10.9452257156, 24.7746677399, 221.507583618, 465.62878418, 1317.03967285, 1088.04199219, 5954.05126953, 3268.98071289, 17473.4335938, 22785.3476562, 35609.515625, 48601.1523438, 5082.60595703, 19893.9453125, 45265.6171875, 38509.9921875, 38128.6992188, 800.165710449, 147.613937378, 97.4491958618, 193.382736206, 128.921890259, 192.137557983, 177.274078369, 170.371353149, 137.093643188, 107.413658142, 93.546913147, 67.2800598145, 55.8516654968, 46.5958747864, 5.78602075577, 0.27653619647, 0.00881420448422, 0.000111405948701, 2.7551757853e-07]
    },
    "gfcc": {
        "mean": [1.64552438259, 97.8697052002, -147.989181519, 8.57422351837, -52.0083389282, 26.7356014252, -16.5599212646, 11.040813446, -8.58115577698, 7.80749177933, -8.57393741608, -1.76337695122, -4.48177099228],
        "cov": [[10227.234375, -2481.53344727, 2122.87963867, 1472.14550781, 289.25692749, 1132.43261719, -229.091018677, 1018.77984619, -314.410583496, 478.947570801, -402.667785645, 407.557159424, -169.246444702], [-2481.53344727, 2184.52758789, -886.950683594, -65.4721908569, 519.082763672, -339.92288208, 487.63949585, -239.620285034, 344.455810547, -211.293197632, 183.480422974, -249.927337646, 101.248893738], [2122.87963867, -886.950683594, 1257.0201416, 293.126953125, 176.945205688, 348.628967285, -247.046508789, 256.165527344, -168.937271118, 207.37612915, -142.772018433, 139.542312622, -116.792015076], [1472.14550781, -65.4721908569, 293.126953125, 673.201904297, 47.7194442749, 279.601074219, 125.766242981, 201.744430542, 59.3831100464, 80.4837493896, 34.9327697754, 87.1668319702, 42.0774612427], [289.25692749, 519.082763672, 176.945205688, 47.7194442749, 754.13494873, 48.6488113403, 117.896697998, 42.7929954529, 74.9052963257, -7.83591270447, -111.958198547, -83.3573455811, -49.3026046753], [1132.43261719, -339.92288208, 348.628967285, 279.601074219, 48.6488113403, 454.100494385, 101.669136047, 249.47265625, -5.06578397751, 97.3647384644, -10.1256742477, 111.831245422, 12.6370697021], [-229.091018677, 487.63949585, -247.046508789, 125.766242981, 117.896697998, 101.669136047, 421.571899414, 124.711975098, 145.384628296, -49.5257377625, 64.1333007812, -6.30505371094, 41.4297599792], [1018.77984619, -239.620285034, 256.165527344, 201.744430542, 42.7929954529, 249.47265625, 124.711975098, 348.424102783, 51.8258476257, 72.6153182983, -25.8717460632, 87.8009567261, 2.79856514931], [-314.410583496, 344.455810547, -168.937271118, 59.3831100464, 74.9052963257, -5.06578397751, 145.384628296, 51.8258476257, 211.732147217, 13.2025938034, 44.5177879333, -32.7167472839, 36.7475357056], [478.947570801, -211.293197632, 207.37612915, 80.4837493896, -7.83591270447, 97.3647384644, -49.5257377625, 72.6153182983, 13.2025938034, 179.096115112, 30.7662277222, 55.1092147827, -13.0839996338], [-402.667785645, 183.480422974, -142.772018433, 34.9327697754, -111.958198547, -10.1256742477, 64.1333007812, -25.8717460632, 44.5177879333, 30.7662277222, 169.83203125, 41.1913719177, 43.5596313477], [407.557159424, -249.927337646, 139.542312622, 87.1668319702, -83.3573455811, 111.831245422, -6.30505371094, 87.8009567261, -32.7167472839, 55.1092147827, 41.1913719177, 174.695602417, 57.1628952026], [-169.246444702, 101.248893738, -116.792015076, 42.0774612427, -49.3026046753, 12.6370697021, 41.4297599792, 2.79856514931, 36.7475357056, -13.0839996338, 43.5596313477, 57.1628952026, 138.816040039]],
        "icov": [[0.00032271607779, 0.000249138072832, 2.54244496318e-05, -0.000597373989876, -0.000231900135987, 4.90063321195e-05, 6.02668478678e-05, -0.00044917021296, 0.000340721948305, -0.000240399342147, 0.000327611691318, -4.65927132609e-06, 0.00010471540736], [0.000249138072832, 0.00235395366326, 0.000254749931628, -0.000660597113892, -0.00174861005507, 0.000969246495515, -0.00127083493862, 0.000441226526164, -0.000824210117571, 0.00084843422519, -0.00222233659588, 0.00162266299594, -0.0010101692751], [2.54244496318e-05, 0.000254749931628, 0.00236667669378, -0.000705635873601, -0.000844850612339, -0.000564022688195, 0.00128902087454, -0.000868810981046, 0.000924415013287, -0.00102056283504, 0.000529597629793, -0.000838268606458, 0.00127245939802], [-0.000597373989876, -0.000660597113892, -0.000705635873601, 0.00344766234048, 0.000659989134874, -0.00101789552718, -0.000458590860944, 0.000609578040894, -0.00110237684567, 0.000454285385786, -0.000965461949818, 8.54058089317e-05, -0.000831156270579], [-0.000231900135987, -0.00174861005507, -0.000844850612339, 0.000659989134874, 0.00325158331543, -0.000694633810781, -0.000153953005793, 0.000405528611736, -0.000284721521894, -0.000700329255778, 0.00287986197509, -0.00056027318351, 0.000674042501487], [4.90063321195e-05, 0.000969246495515, -0.000564022688195, -0.00101789552718, -0.000694633810781, 0.00542269460857, -0.00192843913101, -0.0015870120842, 0.000794407736976, -0.000782406365033, -0.000654021918308, 4.75217857456e-05, -0.00104439677671], [6.02668478678e-05, -0.00127083493862, 0.00128902087454, -0.000458590860944, -0.000153953005793, -0.00192843913101, 0.00644581858069, -0.0026179663837, -0.000855748949107, 0.00151416216977, -0.0005223111948, -0.00103361078072, 0.0014325826196], [-0.00044917021296, 0.000441226526164, -0.000868810981046, 0.000609578040894, 0.000405528611736, -0.0015870120842, -0.0026179663837, 0.00772548373789, -0.00304632727057, 4.04085294576e-05, 0.0010544290999, -0.00162100046873, 0.000275765458355], [0.000340721948305, -0.000824210117571, 0.000924415013287, -0.00110237684567, -0.000284721521894, 0.000794407736976, -0.000855748949107, -0.00304632727057, 0.00979844573885, -0.00344290398061, 0.000392926973291, 0.0020499934908, -0.00161398376804], [-0.000240399342147, 0.00084843422519, -0.00102056283504, 0.000454285385786, -0.000700329255778, -0.000782406365033, 0.00151416216977, 4.04085294576e-05, -0.00344290398061, 0.0102993818, -0.00459737051278, -0.000581195170525, 0.00102563202381], [0.000327611691318, -0.00222233659588, 0.000529597629793, -0.000965461949818, 0.00287986197509, -0.000654021918308, -0.0005223111948, 0.0010544290999, 0.000392926973291, -0.00459737051278, 0.0135008087382, -0.0046682539396, 0.00112408283167], [-4.65927132609e-06, 0.00162266299594, -0.000838268606458, 8.54058089317e-05, -0.00056027318351, 4.75217857456e-05, -0.00103361078072, -0.00162100046873, 0.0020499934908, -0.000581195170525, -0.0046682539396, 0.0128639321774, -0.00621233414859], [0.00010471540736, -0.0010101692751, 0.00127245939802, -0.000831156270579, 0.000674042501487, -0.00104439677671, 0.0014325826196, 0.000275765458355, -0.00161398376804, 0.00102563202381, 0.00112408283167, -0.00621233414859, 0.0120214764029]]
    },
    "melbands": {
        "dmean": [0.000994479632936, 0.00107627001125, 0.000241731700953, 7.35154098948e-05, 0.000111253510113, 0.000117388364743, 0.000126571743749, 0.000147607701365, 0.000200572379981, 0.000144862468005, 0.000280877196928, 0.000260259024799, 0.000176049070433, 0.000275479600532, 7.08919033059e-05, 8.61789667397e-05, 9.19009326026e-05, 0.000122582481708, 3.89537963201e-05, 3.83063779736e-05, 4.05929458793e-05, 1.02842805063e-05, 6.06525372859e-06, 6.50620404485e-06, 4.01066427003e-06, 5.82195980314e-06, 3.68322480426e-06, 3.39325129062e-06, 3.71340001948e-06, 2.28373551181e-06, 2.60373303718e-06, 2.43365798269e-06, 2.09005770557e-06, 2.02782530323e-06, 1.97897725229e-06, 1.53743519604e-06, 2.14207534555e-06, 1.99434680326e-06, 1.81941152277e-06, 2.08756455322e-06],
        "dmean2": [0.00166523619555, 0.00172023987398, 0.000380315090297, 0.000120328884805, 0.000161389223649, 0.000158619004651, 0.000168935017427, 0.00021293683676, 0.000293831719318, 0.000206332333619, 0.000422992219683, 0.000407923158491, 0.00026683654869, 0.00042771169683, 0.000106506129669, 0.000136717295391, 0.000144406905747, 0.00019631498435, 5.97283542447e-05, 5.92808792135e-05, 6.42287923256e-05, 1.67011530721e-05, 1.00168354038e-05, 1.1035434909e-05, 6.71286579745e-06, 9.94349557004e-06, 6.32507908449e-06, 5.5902510212e-06, 6.2455551415e-06, 3.91480534745e-06, 4.56539919469e-06, 4.14320993514e-06, 3.54842586603e-06, 3.46120759787e-06, 3.455111937e-06, 2.59958096649e-06, 3.81514519177e-06, 3.52265419679e-06, 3.14216526931e-06, 3.64839070244e-06],
        "dvar": [5.03168121213e-06, 7.43974305806e-06, 4.90719060053e-07, 4.1244522464e-08, 8.89625368927e-08, 5.11484188337e-08, 5.91748836598e-08, 7.10883796273e-08, 1.05396367189e-07, 6.95712287779e-08, 2.20720068e-07, 2.30471400187e-07, 2.21512621579e-07, 3.30244375846e-07, 3.14200967466e-08, 2.86581709474e-08, 2.84448624654e-08, 7.28361655433e-08, 1.39424898293e-08, 1.34966668952e-08, 2.08717416683e-08, 5.1940479695e-10, 1.24243670907e-10, 1.05130334993e-10, 3.95396111685e-11, 9.08386768583e-11, 5.09540118432e-11, 3.7914667933e-11, 4.89844935447e-11, 2.12522967974e-11, 4.25169170704e-11, 2.78626028499e-11, 2.22411828538e-11, 2.53814434747e-11, 3.0039845611e-11, 1.54271179165e-11, 5.20103370094e-11, 4.54856048659e-11, 3.01958145987e-11, 5.13339509789e-11],
        "dvar2": [1.39614303407e-05, 1.82982548722e-05, 1.19349067518e-06, 1.07938191718e-07, 1.93290105699e-07, 9.98149118914e-08, 9.34585600021e-08, 1.55330297957e-07, 2.44243153702e-07, 1.30753704752e-07, 5.42010866411e-07, 5.96438326284e-07, 5.39629752438e-07, 8.12584119103e-07, 6.04032663887e-08, 6.30034975302e-08, 6.11528960803e-08, 1.57154630642e-07, 2.98714297742e-08, 2.86766201896e-08, 4.50317791945e-08, 1.14743492485e-09, 3.32991190177e-10, 2.92699642301e-10, 1.03054287326e-10, 2.55560295148e-10, 1.39393177556e-10, 9.58470594559e-11, 1.31910177226e-10, 5.87297641075e-11, 1.23018178977e-10, 7.70836658393e-11, 5.99607447027e-11, 6.89841100909e-11, 8.49795650515e-11, 4.20050383365e-11, 1.49091655688e-10, 1.26976304471e-10, 8.23994483756e-11, 1.41400252618e-10],
        "max": [0.0320675000548, 0.0429750047624, 0.00959317851812, 0.00507694249973, 0.00987822283059, 0.00707195885479, 0.0102422377095, 0.00713540893048, 0.00742996064946, 0.00768897123635, 0.00889294687659, 0.010808990337, 0.0107905203477, 0.0111593445763, 0.00467468705028, 0.00398811651394, 0.00457704346627, 0.00486795743927, 0.00260036438704, 0.0026283771731, 0.00398334581405, 0.000886536843609, 0.000178397385753, 0.00017308848328, 0.000125725127873, 0.0001161583059, 0.00010539694631, 9.00063896552e-05, 0.000150762556586, 0.000106241874164, 0.000109813838208, 0.000129667780129, 0.000140132804518, 8.16554602352e-05, 0.000121227705677, 4.84474403493e-05, 8.30822827993e-05, 7.15444621164e-05, 6.20269929641e-05, 6.80315279169e-05],
        "mean": [0.00220916070975, 0.00267804623581, 0.000376831245376, 0.000106190986116, 0.000218069049879, 0.00025750946952, 0.000271514581982, 0.000294814468361, 0.000380249461159, 0.00027073462843, 0.000557641265914, 0.000497086381074, 0.000341793580446, 0.000500407826621, 0.000118002324598, 0.000154653534992, 0.000180429517059, 0.000248715427006, 8.11338977655e-05, 7.91507773101e-05, 8.1576872617e-05, 1.84382297448e-05, 1.02832682387e-05, 1.11871040644e-05, 6.93494075676e-06, 9.69134180195e-06, 6.36583945379e-06, 5.86836904404e-06, 6.56207657812e-06, 4.57010219179e-06, 4.57993246528e-06, 4.39764380644e-06, 3.91763978769e-06, 3.41822260452e-06, 3.04024024445e-06, 2.49856861956e-06, 2.53953407992e-06, 2.27343207371e-06, 2.32806860367e-06, 2.19659432332e-06],
        "median": [0.00152324512601, 0.00221350346692, 0.000118437368656, 2.47163716267e-05, 5.85654161114e-05, 0.000104008460767, 0.000113741829409, 0.000130432308652, 0.000209954625461, 0.000107341031253, 0.000307313224766, 0.00026804630761, 0.000102313955722, 0.000213782332139, 4.89093363285e-05, 5.52933233848e-05, 7.57472807891e-05, 9.1054913355e-05, 1.97012304852e-05, 2.2154123144e-05, 1.70795246959e-05, 8.45602062327e-06, 5.92259675614e-06, 7.0658943514e-06, 4.27329814556e-06, 6.14240707364e-06, 2.91979472422e-06, 2.54666338151e-06, 2.28985368267e-06, 1.35018933634e-06, 1.37564029501e-06, 1.08043002456e-06, 9.49437549025e-07, 5.66161190818e-07, 4.24727488735e-07, 3.35990193889e-07, 1.95166649064e-07, 1.39070465366e-07, 1.40584674568e-07, 1.15423532066e-07],
        "min": [3.15694383711e-24, 2.38066664383e-24, 7.3910176813e-24, 9.31028234269e-24, 6.71457655482e-24, 1.23758257971e-23, 9.1660706806e-24, 6.78227975315e-24, 7.2136233741e-24, 4.80100076386e-24, 4.48004678811e-24, 6.90418952858e-24, 8.29802943974e-24, 8.1950065721e-24, 9.51986138596e-24, 6.78406178994e-24, 8.75092474062e-24, 5.78137343104e-24, 4.38120330555e-24, 1.93300523785e-24, 4.25574326161e-24, 6.956035045e-24, 5.48380089809e-24, 1.05676453729e-23, 1.62301331268e-23, 1.23963653685e-23, 9.21352460836e-24, 9.25974002449e-24, 1.35721467705e-23, 1.06606599623e-23, 1.2247340866e-23, 8.78411133004e-24, 1.01741512982e-23, 1.13795315503e-23, 9.72538016215e-24, 8.10363833548e-24, 9.12142904198e-24, 1.02878364099e-23, 9.06588850108e-24, 1.42399317263e-23],
        "var": [7.38202743378e-06, 1.05511599031e-05, 6.79075355947e-07, 5.23664489549e-08, 2.28587879292e-07, 1.96427336618e-07, 2.37940028569e-07, 2.3666763127e-07, 2.8280229003e-07, 2.19611195007e-07, 5.41446240732e-07, 4.85402836148e-07, 5.49501010028e-07, 7.20705088497e-07, 6.4306938441e-08, 7.50577555664e-08, 7.38061132211e-08, 1.87795066608e-07, 3.69582977555e-08, 3.53663374142e-08, 5.62805801962e-08, 1.49287249229e-09, 2.10450254445e-10, 1.78083783831e-10, 7.16785797383e-11, 1.31107097401e-10, 8.86073436845e-11, 6.81876222153e-11, 1.0623778246e-10, 5.49468769095e-11, 7.03538546865e-11, 6.22073018097e-11, 5.10561141975e-11, 4.37760036553e-11, 4.20138090984e-11, 2.42066956757e-11, 4.19609069713e-11, 3.67003302748e-11, 3.4578416519e-11, 4.19530590823e-11]
    },
    "mfcc": {
        "mean": [-634.171447754, 130.174423218, -25.9275226593, -3.29496574402, -10.2948436737, 12.9741659164, 5.57647228241, 8.38770961761, 8.86590957642, 11.2775774002, 6.19318532944, 2.40874266624, 4.94960165024],
        "cov": [[7255.05908203, -1354.9230957, 1150.83764648, 618.19342041, 773.533935547, 448.80078125, 392.67980957, 410.896392822, 472.26965332, 178.362609863, 40.6051483154, 154.423736572, 290.613555908], [-1354.9230957, 1679.02258301, -816.126953125, 217.082183838, 27.8869876862, 41.0414047241, 48.761100769, 47.1392440796, 59.0077552795, 96.2894287109, 74.1403961182, -51.327911377, -52.9486503601], [1150.83764648, -816.126953125, 967.674621582, 28.8110389709, 227.656906128, 73.5397186279, 81.0083770752, 29.5064983368, 30.7298736572, 0.0266350768507, 30.5525741577, 91.0394668579, 58.9574813843], [618.19342041, 217.082183838, 28.8110389709, 426.417266846, 147.346221924, 123.980827332, 74.267791748, 95.4791107178, 90.1196289062, 67.6514129639, 38.0443496704, 39.6848449707, 41.4474372864], [773.533935547, 27.8869876862, 227.656906128, 147.346221924, 522.642700195, 153.501739502, 107.374351501, 16.8055152893, 112.799240112, 52.7496299744, 18.4716300964, -9.28145503998, 29.5111312866], [448.80078125, 41.0414047241, 73.5397186279, 123.980827332, 153.501739502, 240.737243652, 119.113243103, 81.0143661499, 84.0027084351, 47.4510192871, 27.2465362549, 28.1251449585, 38.9284133911], [392.67980957, 48.761100769, 81.0083770752, 74.267791748, 107.374351501, 119.113243103, 237.260864258, 160.95539856, 108.767486572, 40.1799697876, 33.4844322205, 39.7446403503, 58.9597244263], [410.896392822, 47.1392440796, 29.5064983368, 95.4791107178, 16.8055152893, 81.0143661499, 160.95539856, 302.579864502, 184.883621216, 57.2596969604, 14.3395452499, 58.6472396851, 99.9834060669], [472.26965332, 59.0077552795, 30.7298736572, 90.1196289062, 112.799240112, 84.0027084351, 108.767486572, 184.883621216, 260.991546631, 101.089775085, 13.0674762726, 20.3746967316, 89.2149429321], [178.362609863, 96.2894287109, 0.0266350768507, 67.6514129639, 52.7496299744, 47.4510192871, 40.1799697876, 57.2596969604, 101.089775085, 160.71282959, 81.5260620117, 12.4679498672, -6.4491186142], [40.6051483154, 74.1403961182, 30.5525741577, 38.0443496704, 18.4716300964, 27.2465362549, 33.4844322205, 14.3395452499, 13.0674762726, 81.5260620117, 149.720108032, 61.9341621399, -13.1140136719], [154.423736572, -51.327911377, 91.0394668579, 39.6848449707, -9.28145503998, 28.1251449585, 39.7446403503, 58.6472396851, 20.3746967316, 12.4679498672, 61.9341621399, 140.43913269, 78.6986083984], [290.613555908, -52.9486503601, 58.9574813843, 41.4474372864, 29.5111312866, 38.9284133911, 58.9597244263, 99.9834060669, 89.2149429321, -6.4491186142, -13.1140136719, 78.6986083984, 177.6615448]],
