{
"lowlevel": {
    "average_loudness": 0.814022898674,
    "barkbands_crest": {
        "dmean": 2.53746676445,
        "dmean2": 4.13359594345,
        "dvar": 5.42137956619,
        "dvar2": 13.9470729828,
        "max": 26.5648460388,
        "mean": 12.1594991684,
        "median": 11.5833673477,
        "min": 3.11673903465,
        "var": 16.0257148743
    },
    "barkbands_flatness_db": {
        "dmean": 0.0296041108668,
        "dmean2": 0.042637269944,
        "dvar": 0.000793773040641,
        "dvar2": 0.00165251665749,
        "max": 0.505722880363,
        "mean": 0.185336947441,
        "median": 0.18387362361,
        "min": 0.0351836197078,
        "var": 0.00326389004476
    },
    "barkbands_kurtosis": {
        "dmean": 5.72174596786,
        "dmean2": 9.29208564758,
        "dvar": 1831.0501709,
        "dvar2": 5299.38330078,
        "max": 3411.77416992,
        "mean": 12.1438169479,
        "median": 9.21551990509,
        "min": -1.82396435738,
        "var": 1093.62036133
    },
    "barkbands_skewness": {
        "dmean": 0.622831165791,
        "dmean2": 0.96280425787,
        "dvar": 0.663341641426,
        "dvar2": 1.6338416338,
        "max": 49.4095687866,
        "mean": 2.48896193504,
        "median": 2.43107318878,
        "min": -2.45931124687,
        "var": 1.95862352848
    },
    "barkbands_spread": {
        "dmean": 4.2781701088,
        "dmean2": 6.72176027298,
        "dvar": 49.9182167053,
        "dvar2": 118.669128418,
        "max": 131.70892334,
        "mean": 10.1485624313,
        "median": 7.76650857925,
        "min": 0.0855511203408,
        "var": 71.9151763916
    },
    "dissonance": {
        "dmean": 0.020884970203,
        "dmean2": 0.0331561639905,
        "dvar": 0.000405037892051,
        "dvar2": 0.000976515526418,
        "max": 0.500000119209,
        "mean": 0.445370584726,
        "median": 0.455130785704,
        "min": 0.164492592216,
        "var": 0.00168126833159
    },
    "dynamic_complexity": 3.44946193695,
    "erbbands_crest": {
        "dmean": 2.18655848503,
        "dmean2": 3.40798330307,
        "dvar": 4.7953209877,
        "dvar2": 11.1877040863,
        "max": 33.5045166016,
        "mean": 10.6624975204,
        "median": 9.60846138,
        "min": 1.95203506947,
        "var": 26.0473842621
    },
    "erbbands_flatness_db": {
        "dmean": 0.0238011348993,
        "dmean2": 0.0317502059042,
        "dvar": 0.000555479957256,
        "dvar2": 0.00102214270737,
        "max": 0.430350244045,
        "mean": 0.165376201272,
        "median": 0.155240386724,
        "min": 0.0250993184745,
        "var": 0.00350382807665
    },
    "erbbands_kurtosis": {
        "dmean": 1.36133253574,
        "dmean2": 2.06565141678,
        "dvar": 3.40936899185,
        "dvar2": 7.09215641022,
        "max": 59.2877616882,
        "mean": 1.88096797466,
        "median": 0.825741052628,
        "min": -1.71428573132,
        "var": 16.2332382202
    },
    "erbbands_skewness": {
        "dmean": 0.388015806675,
        "dmean2": 0.590486347675,
        "dvar": 0.153783112764,
        "dvar2": 0.35302323103,
        "max": 6.71744918823,
        "mean": 1.08904087543,
        "median": 1.06737935543,
        "min": -2.1923520565,
        "var": 0.641398012638
    },
    "erbbands_spread": {
        "dmean": 9.870013237,
        "dmean2": 14.3898849487,
        "dvar": 135.407775879,
        "dvar2": 274.388977051,
        "max": 123.21232605,
        "mean": 35.8085441589,
        "median": 32.7539024353,
        "min": 1.01002907753,
        "var": 413.537139893
    },
    "hfc": {
        "dmean": 4.88203382492,
        "dmean2": 7.42134094238,
        "dvar": 81.1824264526,
        "dvar2": 205.09815979,
        "max": 170.326339722,
        "mean": 13.4287977219,
        "median": 10.8477897644,
        "min": 1.07848734707e-16,
        "var": 130.246932983
    },
    "melbands_crest": {
        "dmean": 3.17620253563,
        "dmean2": 5.21533155441,
        "dvar": 8.24180221558,
        "dvar2": 22.799161911,
        "max": 39.6998977661,
        "mean": 15.4095039368,
        "median": 14.8570728302,
        "min": 1.60240900517,
        "var": 23.912940979
    },
    "melbands_flatness_db": {
        "dmean": 0.0348865427077,
        "dmean2": 0.0501642562449,
        "dvar": 0.00114396656863,
        "dvar2": 0.00242422660813,
        "max": 0.599964857101,
        "mean": 0.269721269608,
        "median": 0.271482795477,
        "min": 0.00344127696007,
        "var": 0.00491615990177
    },
    "melbands_kurtosis": {
        "dmean": 10.0257778168,
        "dmean2": 15.8768997192,
        "dvar": 845.597961426,
        "dvar2": 2259.66845703,
        "max": 2175.31103516,
        "mean": 23.5083465576,
        "median": 16.6269550323,
        "min": -1.66556763649,
        "var": 969.561584473
    },
    "melbands_skewness": {
        "dmean": 0.786840796471,
        "dmean2": 1.19056773186,
        "dvar": 0.802456617355,
        "dvar2": 1.83728420734,
        "max": 39.3751220703,
        "mean": 3.17822599411,
        "median": 2.97586941719,
        "min": -2.16212081909,
        "var": 3.38601374626
    },
    "melbands_spread": {
        "dmean": 3.30433630943,
        "dmean2": 5.26016950607,
        "dvar": 36.1675682068,
        "dvar2": 88.3484802246,
        "max": 161.147521973,
        "mean": 10.4418649673,
        "median": 7.37204265594,
        "min": 0.164962410927,
        "var": 220.442642212
    },
    "pitch_salience": {
        "dmean": 0.0683883354068,
        "dmean2": 0.112313367426,
        "dvar": 0.00414670910686,
        "dvar2": 0.0109921088442,
        "max": 0.920063018799,
        "mean": 0.543311357498,
        "median": 0.544387042522,
        "min": 0.0206925794482,
        "var": 0.0123920496553
    },
    "silence_rate_20dB": {
        "dmean": 0,
        "dmean2": 0,
        "dvar": 0,
        "dvar2": 0,
        "max": 1,
        "mean": 1,
        "median": 1,
        "min": 1,
        "var": 0
    },
    "silence_rate_30dB": {
        "dmean": 0.0296135190874,
        "dmean2": 0.059231992811,
        "dvar": 0.0287367142737,
        "dvar2": 0.0719404444098,
        "max": 1,
        "mean": 0.976829767227,
        "median": 1,
        "min": 0,
        "var": 0.0226339977235
    },
    "silence_rate_60dB": {
        "dmean": 0.0098711727187,
        "dmean2": 0.0197439976037,
        "dvar": 0.00977440085262,
        "dvar2": 0.021866556257,
        "max": 1,
        "mean": 0.051191970706,
        "median": 0,
        "min": 0,
        "var": 0.0485748164356
    },
    "spectral_centroid": {
        "dmean": 202.341415405,
        "dmean2": 313.906433105,
        "dvar": 107715.953125,
        "dvar2": 230307.34375,
        "max": 11864.3798828,
        "mean": 816.199829102,
        "median": 601.85546875,
        "min": 161.267089844,
        "var": 1263432.75
    },
    "spectral_complexity": {
        "dmean": 3.09285593033,
        "dmean2": 4.9296412468,
        "dvar": 18.5844326019,
        "dvar2": 44.6880950928,
        "max": 51,
        "mean": 13.1838560104,
        "median": 12,
        "min": 0,
        "var": 42.2801856995
    },
    "spectral_decrease": {
        "dmean": 3.18334580918e-09,
        "dmean2": 4.98856245201e-09,
        "dvar": 2.31513377793e-17,
        "dvar2": 5.66196261916e-17,
        "max": 1.13430359746e-19,
        "mean": -9.50579881476e-09,
        "median": -8.27605628473e-09,
        "min": -5.85870374437e-08,
        "var": 5.1033473683e-17
    },
    "spectral_energy": {
        "dmean": 0.012308021076,
        "dmean2": 0.0192472226918,
        "dvar": 0.000338900426868,
        "dvar2": 0.000826283416245,
        "max": 0.223359152675,
        "mean": 0.0370951704681,
        "median": 0.0324100889266,
        "min": 9.83408938532e-21,
        "var": 0.000760783790611
    },
    "spectral_energyband_high": {
        "dmean": 0.000373033923097,
        "dmean2": 0.000602125131991,
        "dvar": 1.07736843802e-06,
        "dvar2": 2.83916415356e-06,
        "max": 0.0205069296062,
        "mean": 0.000354484218406,
        "median": 9.79765245575e-05,
        "min": 6.99837692058e-21,
        "var": 8.21230457859e-07
    },
    "spectral_energyband_low": {
        "dmean": 0.00914595555514,
        "dmean2": 0.0147163830698,
        "dvar": 0.000302120606648,
        "dvar2": 0.00076454813825,
        "max": 0.204300165176,
        "mean": 0.016104772687,
        "median": 0.00921399239451,
        "min": 1.16369826176e-23,
        "var": 0.00044299691217
    },
    "spectral_energyband_middle_high": {
        "dmean": 0.000732980668545,
        "dmean2": 0.00100934470538,
        "dvar": 1.73436637851e-06,
        "dvar2": 3.19191144627e-06,
        "max": 0.0389384999871,
        "mean": 0.00239024031907,
        "median": 0.00132818846032,
        "min": 1.09036349271e-21,
        "var": 1.02000003608e-05
    },
    "spectral_energyband_middle_low": {
        "dmean": 0.00557978032157,
        "dmean2": 0.0088761234656,
        "dvar": 5.3105657571e-05,
        "dvar2": 0.000134555157274,
        "max": 0.10872644186,
        "mean": 0.0195312723517,
        "median": 0.0161057561636,
        "min": 1.59368103453e-22,
        "var": 0.000224421804887
    },
    "spectral_entropy": {
        "dmean": 0.301282197237,
        "dmean2": 0.409078836441,
        "dvar": 0.0893996059895,
        "dvar2": 0.172837838531,
        "max": 9.8251914978,
        "mean": 7.09388875961,
        "median": 7.06318664551,
        "min": 4.17712450027,
        "var": 0.389529079199
    },
    "spectral_flux": {
        "dmean": 0.0274612121284,
        "dmean2": 0.04276387766,
        "dvar": 0.00114635040518,
        "dvar2": 0.00246290839277,
        "max": 0.409629195929,
        "mean": 0.0775373354554,
        "median": 0.0676976293325,
        "min": 6.29777549555e-11,
        "var": 0.00268551683985
    },
    "spectral_kurtosis": {
        "dmean": 3.23553156853,
        "dmean2": 4.9695057869,
        "dvar": 18.1357269287,
        "dvar2": 42.0442504883,
        "max": 117.034141541,
        "mean": 7.82089281082,
        "median": 5.92171192169,
        "min": -1.25701785088,
        "var": 67.7761917114
    },
    "spectral_rms": {
        "dmean": 0.000907184905373,
        "dmean2": 0.00138482591137,
        "dvar": 1.2060888821e-06,
        "dvar2": 2.79254595625e-06,
        "max": 0.0147618213668,
        "mean": 0.0055719697848,
        "median": 0.00562313059345,
        "min": 3.09745588553e-12,
        "var": 5.14360363013e-06
    },
    "spectral_rolloff": {
        "dmean": 201.201339722,
        "dmean2": 356.218658447,
        "dvar": 404765.28125,
        "dvar2": 1008057.6875,
        "max": 19853.6132812,
        "mean": 777.788146973,
        "median": 409.130859375,
        "min": 21.533203125,
        "var": 4135266.5
    },
    "spectral_skewness": {
        "dmean": 0.392423242331,
        "dmean2": 0.572340667248,
        "dvar": 0.162921860814,
        "dvar2": 0.334532797337,
        "max": 9.17259311676,
        "mean": 2.05134558678,
        "median": 1.95428586006,
        "min": -0.0936585813761,
        "var": 0.663427889347
    },
    "spectral_spread": {
        "dmean": 769007.0625,
        "dmean2": 1088256.625,
        "dvar": 997720129536,
        "dvar2": 1.96291002368e+12,
        "max": 41894664,
        "mean": 4571734,
        "median": 4071063,
        "min": 882412.9375,
        "var": 1.55007445893e+13
    },
    "spectral_strongpeak": {
        "dmean": 0.343898504972,
        "dmean2": 0.577193021774,
        "dvar": 0.257423013449,
        "dvar2": 0.597592175007,
        "max": 8.14874267578,
        "mean": 0.909474909306,
        "median": 0.51705878973,
        "min": 0,
        "var": 0.859910428524
    },
    "zerocrossingrate": {
        "dmean": 0.00826222170144,
        "dmean2": 0.0105433696881,
        "dvar": 0.000120619159134,
        "dvar2": 0.000186042991118,
        "max": 0.52880859375,
        "mean": 0.0376731753349,
        "median": 0.02880859375,
        "min": 0.0029296875,
        "var": 0.00279151252471
    },
    "barkbands": {
        "dmean": [0.000530673831236, 0.00674937013537, 0.00292890192941, 0.00205071480013, 0.0029535763897, 0.00161380972713, 0.000936053984333, 0.0003794322256, 0.000292500655632, 0.000227259690291, 0.000114055161248, 0.000165622594068, 9.92210625554e-05, 8.1641417637e-05, 9.16099525057e-05, 6.985024811e-05, 6.35468677501e-05, 6.95165654179e-05, 7.43866548873e-05, 9.48406450334e-05, 9.32520997594e-05, 6.7188659159e-05, 5.88914372202e-05, 5.01387585246e-05, 3.85998646379e-05, 1.85415865417e-05, 4.60140199721e-06],
        "dmean2": [0.000858002575114, 0.0111075071618, 0.00486018043011, 0.00350601854734, 0.00480200350285, 0.00248442054726, 0.00142998422962, 0.000538610212971, 0.000372061505914, 0.000283519737422, 0.00016045391385, 0.000237111758906, 0.000151816057041, 0.00012589697144, 0.000145517187775, 0.000110992179543, 0.000101776087831, 0.000111423432827, 0.00011929385073, 0.000156536494615, 0.000155658184667, 0.000109071552288, 9.75257862592e-05, 8.23500522529e-05, 6.32205119473e-05, 3.04096902255e-05, 7.75515309215e-06],
        "dvar": [1.41248301588e-06, 0.000180976057891, 3.35182303388e-05, 1.40112015288e-05, 2.06263975997e-05, 8.21157846076e-06, 5.47529589312e-06, 1.22433095839e-06, 9.53098890477e-07, 4.13392626797e-07, 7.65848611195e-08, 4.63363363679e-07, 1.68244326915e-07, 6.0993293971e-08, 3.98223818365e-08, 1.52808787846e-08, 1.3301557189e-08, 2.09865547163e-08, 1.78071122292e-08, 5.90637121434e-08, 5.97835310145e-08, 5.42658682434e-08, 4.21265404782e-08, 2.39216078057e-08, 1.32441648759e-08, 2.23759033524e-09, 2.49046727685e-10],
        "dvar2": [3.3716598864e-06, 0.000478600268252, 8.75610712683e-05, 3.6769608414e-05, 5.53819299967e-05, 2.01490402105e-05, 1.31408942252e-05, 2.1826988359e-06, 1.74782371687e-06, 5.28357361418e-07, 1.51125092884e-07, 7.3748185514e-07, 3.5318907976e-07, 1.49603977206e-07, 9.59950270385e-08, 3.52106859225e-08, 3.42998980329e-08, 5.35604378626e-08, 4.40667307089e-08, 1.56916954097e-07, 1.61970291401e-07, 1.46565469095e-07, 1.10130443431e-07, 6.24042684194e-08, 3.43377806189e-08, 5.63228752526e-09, 6.39825747939e-10],
        "max": [0.0121848192066, 0.17082695663, 0.0759308114648, 0.0649647861719, 0.0849875286222, 0.0737723633647, 0.0792498663068, 0.0487357787788, 0.0497580245137, 0.0298099927604, 0.0084230042994, 0.0370753929019, 0.0273324865848, 0.0132442833856, 0.00684965401888, 0.00477375090122, 0.003148175776, 0.0036376491189, 0.00293834018521, 0.00462161656469, 0.00558550981805, 0.0074838004075, 0.00419901683927, 0.00235807243735, 0.00351582211442, 0.000890298455488, 0.000512618629728],
        "mean": [0.000742320087738, 0.01056334842, 0.00353965512477, 0.00268929777667, 0.00647016568109, 0.00501024816185, 0.00329546025023, 0.0011059443932, 0.000909004767891, 0.000815673789475, 0.000266894174274, 0.000338312966051, 0.000198628782528, 0.000153571018018, 0.000157641217811, 0.000118743817438, 9.98206669465e-05, 0.000101614699815, 0.000108869251562, 0.000108163090772, 8.71926167747e-05, 6.26672190265e-05, 5.07907207066e-05, 4.42045384261e-05, 3.6229223042e-05, 1.65932124219e-05, 3.99646069127e-06],
        "median": [8.30056596897e-05, 0.00437156716362, 0.00124865397811, 0.00134031986818, 0.00410450808704, 0.00219944352284, 0.000694887072314, 0.000365435436834, 0.000294663797831, 0.000134498739499, 7.82517818152e-05, 0.000109577151306, 7.34889836167e-05, 6.07349793427e-05, 6.71132729622e-05, 6.07506917731e-05, 5.05759817315e-05, 4.97942201036e-05, 5.63899193367e-05, 4.16518632846e-05, 2.38688844547e-05, 1.47129621837e-05, 1.0001523151e-05, 9.18460864341e-06, 8.658711522e-06, 3.09166762236e-06, 7.54746452003e-07],
        "min": [1.16160064117e-24, 4.44994858913e-24, 1.14496967835e-24, 1.01412694063e-24, 5.0393010494e-24, 5.40723208648e-24, 7.68426804535e-24, 4.44535741867e-24, 1.57756309163e-23, 1.34909382735e-23, 1.71577515098e-23, 2.12194842926e-23, 1.33595203575e-23, 3.38058231442e-23, 5.69620177571e-23, 4.86975732815e-23, 6.9337623462e-23, 6.91559898163e-23, 1.23683709038e-22, 1.55175389784e-22, 2.54763954627e-22, 3.23048133237e-22, 4.00982138066e-22, 5.56096804493e-22, 8.16500016498e-22, 1.11562541898e-21, 1.95231467058e-21],
        "var": [2.51585561273e-06, 0.000240504014073, 3.83512597182e-05, 1.68107089848e-05, 5.57133971597e-05, 5.98568040004e-05, 4.84320953547e-05, 8.06632851891e-06, 5.01866179548e-06, 5.6750427575e-06, 2.64585850118e-07, 1.21091511573e-06, 3.5634494111e-07, 1.38636707447e-07, 9.9178912194e-08, 3.80094533625e-08, 2.04935126646e-08, 2.93180928423e-08, 2.30999841477e-08, 4.87750462241e-08, 4.3085890411e-08, 3.84405645093e-08, 3.13221697468e-08, 1.8246890221e-08, 1.05413704432e-08, 1.90589322102e-09, 1.95761018507e-10]
    },
    "erbbands": {
        "dmean": [0.242011129856, 1.45765852928, 3.23723387718, 5.0018863678, 8.39611530304, 9.91819572449, 12.6055364609, 14.520075798, 15.6459922791, 7.84077310562, 7.00480890274, 6.47100973129, 5.07685613632, 7.32050943375, 5.94347953796, 5.22223520279, 4.57592201233, 3.32283711433, 4.91132307053, 4.21863889694, 3.75259757042, 3.33121037483, 3.80897474289, 3.92678904533, 3.58231520653, 4.58590221405, 3.94577980042, 3.37721776962, 2.48505878448, 1.98725545406, 1.69473302364, 1.2399238348, 0.712466239929, 0.466714173555, 0.252331346273, 0.101629540324, 0.0297101158649, 0.00679671717808, 0.000778768677264, 3.97199873987e-05],
        "dmean2": [0.404861629009, 2.42025399208, 5.36823129654, 8.51019096375, 13.8443822861, 16.177116394, 20.005947113, 22.2843036652, 24.3800373077, 11.3720417023, 9.78553009033, 8.2999048233, 6.71269512177, 8.93410110474, 8.33992099762, 7.43521261215, 6.84782075882, 5.12908649445, 7.58648586273, 6.68274974823, 5.99558162689, 5.30820465088, 6.15101861954, 6.24188375473, 5.6777715683, 7.6571264267, 6.58061408997, 5.54846191406, 4.0572681427, 3.29282855988, 2.8180065155, 2.05973315239, 1.15902459621, 0.76049977541, 0.416149318218, 0.16612316668, 0.0491683147848, 0.0113818487152, 0.00131656974554, 6.42550512566e-05],
        "dvar": [0.265032827854, 8.78035354614, 42.0721893311, 80.2696456909, 226.445373535, 263.941375732, 624.045349121, 762.903991699, 1475.61218262, 434.967529297, 448.87298584, 510.352050781, 245.99887085, 495.698638916, 242.376693726, 619.682312012, 415.849700928, 165.369216919, 123.690895081, 70.8545379639, 41.4040374756, 36.4259262085, 67.2127075195, 49.5556182861, 50.4198608398, 159.05291748, 112.98109436, 77.4808273315, 68.5884170532, 52.8776855469, 34.8345794678, 18.0156841278, 3.778175354, 2.05501246452, 0.525464773178, 0.0642876178026, 0.00586995482445, 0.000454982626252, 6.87958981871e-06, 1.1421469992e-08],
        "dvar2": [0.710352361202, 23.9831066132, 111.024734497, 214.038238525, 580.785705566, 729.211425781, 1765.9041748, 1876.32495117, 3756.09472656, 829.319396973, 812.020751953, 1011.25476074, 436.668670654, 594.319152832, 458.749633789, 988.713317871, 863.903198242, 422.3253479, 283.664886475, 164.069778442, 97.8894958496, 93.2429199219, 173.727111816, 124.477592468, 126.046539307, 431.087463379, 305.635192871, 207.162109375, 186.045318604, 141.453582764, 91.0020065308, 47.4780921936, 9.67938327789, 5.37317800522, 1.35993254185, 0.160317867994, 0.0149510474876, 0.00116993905976, 1.77895090019e-05, 2.98561246836e-08],
        "max": [6.1609454155, 35.7795333862, 76.9327926636, 136.329681396, 223.433395386, 427.102111816, 577.927124023, 613.381408691, 1223.96582031, 1150.02111816, 881.746276855, 1391.15490723, 710.022827148, 1093.93981934, 724.80090332, 1454.78820801, 1406.52148438, 791.472045898, 406.216278076, 376.940155029, 254.573471069, 169.386077881, 188.418411255, 136.438964844, 165.290939331, 243.542739868, 220.800613403, 181.894699097, 291.066040039, 182.434783936, 125.775848389, 68.5360946655, 28.5242290497, 48.0189437866, 19.1913909912, 5.15379524231, 1.18678927422, 0.567475318909, 0.079965993762, 0.00252712145448],
        "mean": [0.32238471508, 2.2812538147, 4.37834405899, 6.84197330475, 13.3858470917, 21.7075843811, 32.9196243286, 47.0287780762, 54.7734909058, 27.5392036438, 22.4678096771, 20.3235416412, 17.0274982452, 27.4658241272, 14.8749904633, 11.9515972137, 9.94995117188, 6.51836824417, 9.60280132294, 7.24333190918, 6.56221246719, 5.4300236702, 5.66894340515, 5.97778081894, 5.11915826797, 5.2497844696, 3.90060830116, 3.12873244286, 2.30047678947, 1.75237429142, 1.44885015488, 1.06133615971, 0.652596831322, 0.44450673461, 0.229988962412, 0.0904609188437, 0.0264351591468, 0.00588745158166, 0.000687161460519, 6.84996412019e-05],
        "median": [0.106738984585, 0.851934254169, 1.7263931036, 3.74847459793, 7.81752157211, 13.0498285294, 17.3316993713, 18.7936420441, 14.2915143967, 10.4776334763, 8.87319374084, 7.02096271515, 5.76347208023, 5.17920351028, 6.65730142593, 4.59227705002, 3.75649166107, 3.07170343399, 4.0373878479, 3.61251568794, 3.61114740372, 2.86087322235, 2.89092230797, 3.05288767815, 2.63103890419, 2.05136394501, 1.18383848667, 0.824220657349, 0.544320821762, 0.382391482592, 0.269290328026, 0.199140176177, 0.149651691318, 0.107292152941, 0.0504048280418, 0.0165916495025, 0.00517376046628, 0.00104183051735, 0.000148955688928, 4.6628229029e-05],
        "min": [1.1038191121e-22, 2.663386267e-22, 1.89624814248e-21, 5.47606611376e-21, 9.12332313487e-21, 1.65888083011e-20, 2.51593817242e-20, 8.49881615112e-20, 1.38850821966e-19, 1.4542356034e-19, 1.80932950621e-19, 3.29760126537e-19, 4.69814909885e-19, 5.22113249017e-19, 8.51537152485e-19, 1.17923064581e-18, 9.75692516333e-19, 2.13122154246e-18, 2.21205135717e-18, 3.03553695393e-18, 3.42246909022e-18, 5.04205584917e-18, 5.18114833712e-18, 4.70853373106e-18, 5.59497893937e-18, 7.05884253735e-18, 9.58569236588e-18, 1.09160998846e-17, 1.14484551289e-17, 1.21154563517e-17, 1.04975100987e-17, 8.93627121261e-18, 8.6961654962e-18, 8.3224816914e-18, 5.90701049158e-18, 3.38119319124e-18, 2.36324342954e-18, 8.88664016906e-19, 2.00323705616e-19, 2.61155621226e-20],
        "var": [0.309117436409, 11.0608320236, 51.4282722473, 90.25050354, 310.868988037, 741.701477051, 2217.60668945, 5740.26220703, 12012.2041016, 3370.69018555, 2965.6184082, 2520.20019531, 1246.06262207, 7283.10449219, 735.885681152, 1460.66467285, 869.062316895, 225.095153809, 373.343200684, 207.326446533, 99.1033477783, 57.3105926514, 84.6125946045, 70.3038711548, 57.2014160156, 124.671516418, 82.2702178955, 57.6095161438, 48.5, 37.4348526001, 25.9388904572, 13.2443475723, 3.05604481697, 1.6031332016, 0.422264695168, 0.0558225810528, 0.00485869031399, 0.000359266297892, 5.32771673534e-06, 1.00974961725e-08]
    },
    "gfcc": {
        "mean": [-35.0333480835, 112.633728027, -92.3734741211, 24.6761074066, -55.9196205139, -3.13768386841, -38.5145187378, 2.78259682655, -25.7847995758, 0.756248533726, -12.0963859558, -0.28673556447, -7.07231807709],
        "cov": [[22451.1386719, 694.613708496, -1077.77282715, 1065.09204102, -691.988098145, 563.184936523, -466.359619141, 361.543640137, -320.468200684, 353.150878906, -76.5483627319, 240.552764893, -108.184669495], [694.613708496, 1263.88928223, -101.947097778, -52.260974884, 144.777557373, -106.020507812, 103.92780304, -2.53400397301, 103.744804382, -35.4542274475, 118.265625, -38.3736000061, 82.5206451416], [-1077.77282715, -101.947097778, 852.009765625, 459.545715332, 281.565032959, 173.352386475, 125.655731201, 109.912857056, 67.3000335693, 81.0446014404, 90.8894424438, 88.1048049927, 61.6206665039], [1065.09204102, -52.260974884, 459.545715332, 813.895507812, 262.929229736, 247.228683472, 113.591316223, 117.106170654, 67.9907302856, 93.9743804932, 74.9352493286, 64.9897003174, 61.1876945496], [-691.988098145, 144.777557373, 281.565032959, 262.929229736, 322.113922119, 130.811981201, 129.32258606, 52.4748458862, 90.3087692261, 42.4022827148, 75.7077636719, 29.4701747894, 43.3466110229], [563.184936523, -106.020507812, 173.352386475, 247.228683472, 130.811981201, 223.322723389, 89.547706604, 77.5041351318, 33.8254394531, 63.2858886719, 43.7653808594, 59.6803359985, 22.1507358551], [-466.359619141, 103.92780304, 125.655731201, 113.591316223, 129.32258606, 89.547706604, 174.780227661, 64.3621826172, 85.4670791626, 34.5032119751, 62.1672554016, 33.4982757568, 41.6000823975], [361.543640137, -2.53400397301, 109.912857056, 117.106170654, 52.4748458862, 77.5041351318, 64.3621826172, 119.507644653, 55.3061561584, 56.2672996521, 31.4697380066, 36.2708358765, 20.3755950928], [-320.468200684, 103.744804382, 67.3000335693, 67.9907302856, 90.3087692261, 33.8254394531, 85.4670791626, 55.3061561584, 129.405014038, 51.1480789185, 49.2402381897, 14.9686260223, 25.9964752197], [353.150878906, -35.4542274475, 81.0446014404, 93.9743804932, 42.4022827148, 63.2858886719, 34.5032119751, 56.2672996521, 51.1480789185, 102.871154785, 48.9074630737, 40.3003921509, 12.1413545609], [-76.5483627319, 118.265625, 90.8894424438, 74.9352493286, 75.7077636719, 43.7653808594, 62.1672554016, 31.4697380066, 49.2402381897, 48.9074630737, 106.705101013, 57.9365272522, 39.985408783], [240.552764893, -38.3736000061, 88.1048049927, 64.9897003174, 29.4701747894, 59.6803359985, 33.4982757568, 36.2708358765, 14.9686260223, 40.3003921509, 57.9365272522, 101.225257874, 44.5090904236], [-108.184669495, 82.5206451416, 61.6206665039, 61.1876945496, 43.3466110229, 22.1507358551, 41.6000823975, 20.3755950928, 25.9964752197, 12.1413545609, 39.985408783, 44.5090904236, 75.5186843872]],
        "icov": [[0.000184760036063, -0.000452709413366, 0.000348062138073, -0.000459588249214, 0.000601636769716, -0.000713486515451, 0.000609220354818, -0.000478384259623, 0.000442236399977, -0.000662657199427, 0.000637451943476, -0.000841326196678, 0.00061779859243], [-0.000452709413366, 0.0024788165465, -0.000451710773632, 0.00112495315261, -0.00219361996278, 0.00267554167658, -0.00164795259479, 0.000593380187638, -0.00122215831652, 0.00251526478678, -0.00374099984765, 0.00364484707825, -0.00282914587297], [0.000348062138073, -0.000451710773632, 0.00287052360363, -0.00160266202874, -0.000459105009213, -0.000506121490616, 0.000918483710848, -0.00188404228538, 0.00151477090549, -0.00125654204749, 0.000699165626429, -0.00222029304132, 0.00098181492649], [-0.000459588249214, 0.00112495315261, -0.00160266202874, 0.00363647192717, -0.00221544736996, -0.000146811071318, -0.000742500938941, 0.000634282128885, -0.000932118447963, 0.00113956083078, -0.00165625859518, 0.00321613484994, -0.00285464758053], [0.000601636769716, -0.00219361996278, -0.000459105009213, -0.00221544736996, 0.00969870388508, -0.0053297416307, 0.000349046196789, 0.000702920486219, -0.00134836835787, -0.00111710350029, 0.000704308215063, -0.00111318880226, 0.00196991255507], [-0.000713486515451, 0.00267554167658, -0.000506121490616, -0.000146811071318, -0.0053297416307, 0.014159723185, -0.00604017218575, -0.000905425637029, 0.00149025290739, 0.000122284109239, -0.00153837457765, -0.000444820034318, -0.000392246176489], [0.000609220354818, -0.00164795259479, 0.000918483710848, -0.000742500938941, 0.000349046196789, -0.00604017218575, 0.0149346878752, -0.00430548656732, -0.00376398372464, 0.00121179630514, -0.0010575002525, -0.00145904009696, -0.000447541591711], [-0.000478384259623, 0.000593380187638, -0.00188404228538, 0.000634282128885, 0.000702920486219, -0.000905425637029, -0.00430548656732, 0.0170692745596, -0.00492458511144, -0.00300952163525, 0.00180545856711, -0.000315026700264, -0.0012731233146], [0.000442236399977, -0.00122215831652, 0.00151477090549, -0.000932118447963, -0.00134836835787, 0.00149025290739, -0.00376398372464, -0.00492458511144, 0.0176202300936, -0.00777403125539, 6.82831741869e-05, 0.000776455795858, -8.23161390144e-05], [-0.000662657199427, 0.00251526478678, -0.00125654204749, 0.00113956083078, -0.00111710350029, 0.000122284109239, 0.00121179630514, -0.00300952163525, -0.00777403125539, 0.0222832858562, -0.00964905321598, 0.00138353579678, 0.000541120534763], [0.000637451943476, -0.00374099984765, 0.000699165626429, -0.00165625859518, 0.000704308215063, -0.00153837457765, -0.0010575002525, 0.00180545856711, 6.82831741869e-05, -0.00964905321598, 0.0260230433196, -0.013970755972, 0.00189813307952], [-0.000841326196678, 0.00364484707825, -0.00222029304132, 0.00321613484994, -0.00111318880226, -0.000444820034318, -0.00145904009696, -0.000315026700264, 0.000776455795858, 0.00138353579678, -0.013970755972, 0.0276768431067, -0.0137286866084], [0.00061779859243, -0.00282914587297, 0.00098181492649, -0.00285464758053, 0.00196991255507, -0.000392246176489, -0.000447541591711, -0.0012731233146, -8.23161390144e-05, 0.000541120534763, 0.00189813307952, -0.0137286866084, 0.0253321435302]]
    },
    "melbands": {
        "dmean": [0.00195329356939, 0.00168781913817, 0.000915892480407, 0.000663477287162, 0.000437803537352, 0.00031324865995, 0.000224007977522, 8.54445606819e-05, 5.31497462362e-05, 4.00001263188e-05, 2.67254727078e-05, 3.22126506944e-05, 1.81732502824e-05, 2.15642630792e-05, 1.13766136565e-05, 8.38481992105e-06, 6.40179632683e-06, 8.3977893155e-06, 6.16230272499e-06, 5.43464147995e-06, 4.32704564446e-06, 3.48424555341e-06, 3.82398275178e-06, 3.44423119714e-06, 3.31900150741e-06, 2.70254918178e-06, 2.83622557617e-06, 3.13003170049e-06, 2.55156737694e-06, 2.26788642976e-06, 1.89956517715e-06, 1.46218690134e-06, 1.20832237371e-06, 1.05879007606e-06, 1.01505406747e-06, 8.80472953213e-07, 7.0599026003e-07, 5.02251396028e-07, 4.44511783826e-07, 3.92400380633e-07],
        "dmean2": [0.00322627509013, 0.00278271106072, 0.00153114588466, 0.00107999623287, 0.00069867138518, 0.000481116439914, 0.00034612082527, 0.000121242796013, 7.33518609195e-05, 5.1297567552e-05, 3.52285060217e-05, 3.92056172132e-05, 2.55272934737e-05, 3.0704170058e-05, 1.68594669958e-05, 1.30009320856e-05, 9.93487174128e-06, 1.29285790536e-05, 9.97796087177e-06, 8.533142136e-06, 7.02348415871e-06, 5.61427896173e-06, 6.16158013145e-06, 5.61750766792e-06, 5.33158436156e-06, 4.33365357821e-06, 4.6458453653e-06, 5.26049825567e-06, 4.27786198998e-06, 3.74538058168e-06, 3.14201179208e-06, 2.38329857893e-06, 2.00196336664e-06, 1.75929744728e-06, 1.70046644143e-06, 1.47360276515e-06, 1.17442834835e-06, 8.19330352897e-07, 7.24851702216e-07, 6.46549608518e-07],
        "dvar": [1.57004378707e-05, 1.15227448987e-05, 2.51166397902e-06, 1.08919698505e-06, 6.79064214637e-07, 3.38144843681e-07, 2.92264473956e-07, 4.94029137599e-08, 2.36184796165e-08, 1.82492314593e-08, 6.56781695696e-09, 9.88093340482e-09, 1.73393743808e-09, 7.94539101179e-09, 1.93329641185e-09, 1.15756382257e-09, 5.15437692528e-10, 3.60278251677e-10, 1.51025497663e-10, 1.17214821183e-10, 5.71935415694e-11, 4.15212690619e-11, 5.76878995961e-11, 5.59227213148e-11, 3.5402385884e-11, 2.58200388153e-11, 4.35621538841e-11, 8.17851342205e-11, 4.98831427553e-11, 3.35173590271e-11, 2.55622883971e-11, 2.27559169425e-11, 2.24929259246e-11, 1.42273250472e-11, 1.21379295503e-11, 1.05342696372e-11, 5.77970570709e-12, 2.05360641686e-12, 1.46098248516e-12, 1.73034037185e-12],
        "dvar2": [4.12311164837e-05, 3.09888564516e-05, 6.43968905933e-06, 2.84068505607e-06, 1.90507864772e-06, 8.27532687708e-07, 7.30773649593e-07, 9.24111489553e-08, 4.38624319088e-08, 3.50352244993e-08, 1.16086065205e-08, 1.17328831095e-08, 3.41028671969e-09, 1.26236532338e-08, 3.58887741747e-09, 2.62417376717e-09, 1.31115729385e-09, 7.97352683879e-10, 3.80308118331e-10, 2.57334570319e-10, 1.38008313111e-10, 1.07272017658e-10, 1.47904272163e-10, 1.44863968043e-10, 8.96492394209e-11, 6.36402180954e-11, 1.12479393855e-10, 2.24190735421e-10, 1.34514246963e-10, 9.05701486031e-11, 6.81717321482e-11, 6.16340242732e-11, 6.17811427017e-11, 3.75370845518e-11, 3.1504979181e-11, 2.82067841306e-11, 1.5117306712e-11, 5.28917231193e-12, 3.77636420398e-12, 4.58419890589e-12],
        "max": [0.0481779389083, 0.0401779189706, 0.023152930662, 0.0165216047317, 0.0187859609723, 0.0137031404302, 0.0185083057731, 0.0111547727138, 0.00709729967639, 0.00748537108302, 0.00354125304148, 0.00488238595426, 0.00119642645586, 0.0052599911578, 0.00239737448283, 0.0018597926246, 0.00136154983193, 0.000625531189144, 0.000323175394442, 0.000501653179526, 0.000292718817946, 0.000172741783899, 0.00018856638053, 0.00024701966322, 0.000111576737254, 0.000112567053293, 0.00018125391216, 0.000175053821295, 0.000146776103065, 0.000165291581652, 0.00011698671733, 0.0001677552209, 0.000156883164891, 7.32026164769e-05, 6.86388229951e-05, 6.4837608079e-05, 4.2104125896e-05, 2.38513621298e-05, 2.30409859796e-05, 5.18184206157e-05],
        "mean": [0.00297048524953, 0.00259199133143, 0.0013468018733, 0.00131030660123, 0.00116353004705, 0.00102146051358, 0.000788507633843, 0.000288766692393, 0.000170628714841, 0.000123275705846, 8.68639181135e-05, 0.000119776734209, 4.4343083573e-05, 4.38387105532e-05, 2.49842632911e-05, 1.68172773556e-05, 1.18192292575e-05, 1.63303520822e-05, 9.9955495898e-06, 9.23063453229e-06, 7.12306064088e-06, 5.31704790774e-06, 5.68601490158e-06, 4.9301575018e-06, 4.85337750433e-06, 3.98088195652e-06, 3.58893476005e-06, 3.40786095876e-06, 2.5277433906e-06, 2.09528366213e-06, 1.72968566403e-06, 1.36182654842e-06, 1.06683467038e-06, 9.27436474285e-07, 8.66571838287e-07, 7.31232546514e-07, 6.11856819432e-07, 4.5727063025e-07, 4.09644940191e-07, 3.72004905103e-07],
        "median": [0.00123384268954, 0.00115269166417, 0.000782760034781, 0.000815259059891, 0.000645663414616, 0.000397818395868, 0.000191664352315, 0.000108086693217, 6.83784674038e-05, 4.00218450523e-05, 2.54108927038e-05, 1.90952141566e-05, 1.81046107173e-05, 1.52081465785e-05, 7.48453294364e-06, 6.65882043904e-06, 5.05947673446e-06, 6.38366009298e-06, 4.56970019513e-06, 4.34228195445e-06, 3.8239541027e-06, 2.61573677562e-06, 2.78805441667e-06, 2.40434133048e-06, 2.36904429585e-06, 2.04682919502e-06, 1.58234854553e-06, 1.23692245779e-06, 7.77928676143e-07, 5.53939457859e-07, 4.21932952577e-07, 3.09459636583e-07, 2.30033791127e-07, 1.91956090134e-07, 1.53550772097e-07, 1.22999907148e-07, 1.15896803266e-07, 1.01077880288e-07, 8.87488482704e-08, 9.02361634303e-08],
        "min": [1.6951970043e-24, 1.19014813682e-24, 8.89100079941e-25, 8.27948371429e-25, 1.03527018783e-24, 1.7523424827e-24, 1.9732369468e-24, 1.27951680827e-24, 1.18038430679e-24, 1.8567144997e-24, 2.02782986853e-24, 1.46855332192e-24, 2.33017481273e-24, 2.34738026351e-24, 2.30517462736e-24, 1.79927398732e-24, 3.35723936804e-24, 2.80447329048e-24, 2.99966114426e-24, 3.59670558999e-24, 2.98537723985e-24, 4.13766616689e-24, 3.37508537386e-24, 2.94629036528e-24, 3.42525416642e-24, 4.0640196905e-24, 3.26038401217e-24, 4.03734830329e-24, 4.79846970364e-24, 5.96649384195e-24, 4.85376096449e-24, 5.31095713502e-24, 5.60045883205e-24, 5.86201276492e-24, 4.88151979645e-24, 6.14176650774e-24, 5.22174406639e-24, 5.27930211905e-24, 5.88152721157e-24, 5.78666668771e-24],
        "var": [2.08934343391e-05, 1.4232772628e-05, 3.16863292937e-06, 2.35470952248e-06, 2.59308831119e-06, 2.60330557467e-06, 2.47769480666e-06, 3.76955910042e-07, 1.55202513952e-07, 9.30101151653e-08, 3.4133776694e-08, 1.45047224009e-07, 5.65256019769e-09, 2.12712727432e-08, 4.90356866223e-09, 2.12010520251e-09, 7.63376306612e-10, 1.25194021816e-09, 3.25726112749e-10, 3.44044626122e-10, 1.27340485379e-10, 6.14369388696e-11, 7.88600781898e-11, 7.32373398038e-11, 4.87862215903e-11, 3.39447636666e-11, 4.33002557421e-11, 6.03177438552e-11, 3.63749794174e-11, 2.46089693762e-11, 1.89902277931e-11, 1.64853720952e-11, 1.5011124288e-11, 1.03729585685e-11, 9.14330416935e-12, 7.42043405888e-12, 4.32586822266e-12, 1.63421728407e-12, 1.17834713341e-12, 1.30082468235e-12]
    },
    "mfcc": {
        "mean": [-677.934265137, 146.182891846, 14.0633888245, 29.438041687, 2.31051445007, -3.3203868866, -2.16065335274, -4.18959569931, -5.19763183594, -2.77265405655, -4.56836366653, -3.80884337425, -0.247300550342],
        "cov": [[7713.890625, 122.71018219, 469.761627197, 433.360870361, 226.80178833, 249.442260742, 174.735961914, 83.9232711792, 44.4631309509, 28.0022907257, 70.0827789307, 150.045013428, 102.925582886], [122.71018219, 1439.39990234, -147.210067749, -7.5966258049, -26.8344688416, -96.3346481323, -14.7607765198, -1.95185220242, -16.115732193, 29.583782196, 31.623884201, -23.0482978821, 36.6292877197], [469.761627197, -147.210067749, 544.378845215, 324.569091797, 214.100402832, 146.213302612, 135.369522095, 83.65259552, 61.4050521851, 34.7771148682, 38.7514801025, 63.470199585, 47.7827033997], [433.360870361, -7.5966258049, 324.569091797, 475.647735596, 248.891036987, 185.258514404, 139.726593018, 95.1865310669, 82.793586731, 64.583694458, 51.4486618042, 72.1337127686, 59.2034721375], [226.80178833, -26.8344688416, 214.100402832, 248.891036987, 260.958404541, 153.554229736, 114.305358887, 74.8376541138, 50.7442550659, 41.4939918518, 44.9318695068, 50.7532310486, 45.034778595], [249.442260742, -96.3346481323, 146.213302612, 185.258514404, 153.554229736, 205.384490967, 115.173851013, 79.2981033325, 55.9834403992, 41.1812400818, 33.1977500916, 60.5457496643, 50.4147109985], [174.735961914, -14.7607765198, 135.369522095, 139.726593018, 114.305358887, 115.173851013, 147.419219971, 78.407661438, 46.2114105225, 27.8927555084, 27.1647872925, 44.6388397217, 50.815826416], [83.9232711792, -1.95185220242, 83.65259552, 95.1865310669, 74.8376541138, 79.2981033325, 78.407661438, 113.507110596, 61.0141792297, 32.480682373, 27.0483589172, 35.8414115906, 41.7153892517], [44.4631309509, -16.115732193, 61.4050521851, 82.793586731, 50.7442550659, 55.9834403992, 46.2114105225, 61.0141792297, 100.542823792, 54.0968399048, 27.4157161713, 32.3937644958, 26.7305316925], [28.0022907257, 29.583782196, 34.7771148682, 64.583694458, 41.4939918518, 41.1812400818, 27.8927555084, 32.480682373, 54.0968399048, 100.481452942, 46.2457389832, 26.5013523102, 20.9646835327], [70.0827789307, 31.623884201, 38.7514801025, 51.4486618042, 44.9318695068, 33.1977500916, 27.1647872925, 27.0483589172, 27.4157161713, 46.2457389832, 89.096786499, 48.1845397949, 25.1630134583], [150.045013428, -23.0482978821, 63.470199585, 72.1337127686, 50.7532310486, 60.5457496643, 44.6388397217, 35.8414115906, 32.3937644958, 26.5013523102, 48.1845397949, 90.9241714478, 48.7349205017], [102.925582886, 36.6292877197, 47.7827033997, 59.2034721375, 45.034778595, 50.4147109985, 50.815826416, 41.7153892517, 26.7305316925, 20.9646835327, 25.1630134583, 48.7349205017, 91.9797134399]],
