{
"lowlevel": {
    "average_loudness": 0.882185518742,
    "barkbands_crest": {
        "dmean": 2.357411623,
        "dmean2": 3.68760967255,
        "dvar": 6.85007190704,
        "dvar2": 16.4929542542,
        "max": 24.7485408783,
        "mean": 13.8627672195,
        "median": 13.9423494339,
        "min": 2.87108802795,
        "var": 19.6895751953
    },
    "barkbands_flatness_db": {
        "dmean": 0.0448397286236,
        "dmean2": 0.0593756400049,
        "dvar": 0.00258505484089,
        "dvar2": 0.0046618450433,
        "max": 0.771230399609,
        "mean": 0.229659423232,
        "median": 0.216287747025,
        "min": 0.0228983163834,
        "var": 0.0135772060603
    },
    "barkbands_kurtosis": {
        "dmean": 13.6969432831,
        "dmean2": 20.4754543304,
        "dvar": 818.932250977,
        "dvar2": 1638.55871582,
        "max": 480.586090088,
        "mean": 22.4796619415,
        "median": 8.70999622345,
        "min": -1.90312159061,
        "var": 1940.74816895
    },
    "barkbands_skewness": {
        "dmean": 1.11371660233,
        "dmean2": 1.61936724186,
        "dvar": 1.92947840691,
        "dvar2": 3.9528195858,
        "max": 17.0844593048,
        "mean": 3.06497788429,
        "median": 2.80298852921,
        "min": -3.19121193886,
        "var": 6.02846813202
    },
    "barkbands_spread": {
        "dmean": 7.99382925034,
        "dmean2": 12.2182264328,
        "dvar": 138.726043701,
        "dvar2": 276.157775879,
        "max": 114.469726562,
        "mean": 16.1648292542,
        "median": 10.0633296967,
        "min": 0.202073559165,
        "var": 303.454284668
    },
    "dissonance": {
        "dmean": 0.027472525835,
        "dmean2": 0.0432436577976,
        "dvar": 0.000842063513119,
        "dvar2": 0.00199814024381,
        "max": 0.5,
        "mean": 0.441703528166,
        "median": 0.45561850071,
        "min": 0.179065838456,
        "var": 0.00220002792776
    },
    "dynamic_complexity": 4.30373954773,
    "erbbands_crest": {
        "dmean": 2.67761778831,
        "dmean2": 4.21705579758,
        "dvar": 8.87576770782,
        "dvar2": 19.6490936279,
        "max": 29.8160686493,
        "mean": 9.82800865173,
        "median": 8.45132064819,
        "min": 2.680798769,
        "var": 24.5805931091
    },
    "erbbands_flatness_db": {
        "dmean": 0.0313598737121,
        "dmean2": 0.040757983923,
        "dvar": 0.00118679739535,
        "dvar2": 0.00199883850291,
        "max": 0.53150677681,
        "mean": 0.174040973186,
        "median": 0.156208306551,
        "min": 0.0444043315947,
        "var": 0.00608443282545
    },
    "erbbands_kurtosis": {
        "dmean": 3.13287711143,
        "dmean2": 4.75514554977,
        "dvar": 95.9988174438,
        "dvar2": 186.23147583,
        "max": 256.243103027,
        "mean": 3.51621055603,
        "median": 0.241376638412,
        "min": -1.88009309769,
        "var": 210.012466431
    },
    "erbbands_skewness": {
        "dmean": 0.633470475674,
        "dmean2": 0.920783936977,
        "dvar": 0.731074333191,
        "dvar2": 1.38787281513,
        "max": 12.0719232559,
        "mean": 0.383747905493,
        "median": 0.0912298113108,
        "min": -4.42712640762,
        "var": 2.35147047043
    },
    "erbbands_spread": {
        "dmean": 17.6283302307,
        "dmean2": 25.490650177,
        "dvar": 438.842407227,
        "dvar2": 863.869018555,
        "max": 211.94921875,
        "mean": 44.3662376404,
        "median": 36.2547607422,
        "min": 0.637100994587,
        "var": 1016.67364502
    },
    "hfc": {
        "dmean": 12.0088949203,
        "dmean2": 18.9338760376,
        "dvar": 405.83694458,
        "dvar2": 1011.07684326,
        "max": 130.096801758,
        "mean": 14.4899673462,
        "median": 6.73458957672,
        "min": 1.19366212268e-16,
        "var": 413.830627441
    },
    "melbands_crest": {
        "dmean": 2.75840520859,
        "dmean2": 4.4938325882,
        "dvar": 10.378780365,
        "dvar2": 25.8226642609,
        "max": 30.4524364471,
        "mean": 20.1838092804,
        "median": 21.1254520416,
        "min": 2.02956938744,
        "var": 25.3005962372
    },
    "melbands_flatness_db": {
        "dmean": 0.055138759315,
        "dmean2": 0.0727485567331,
        "dvar": 0.00377897662111,
        "dvar2": 0.00690247071907,
        "max": 0.953902184963,
        "mean": 0.332329660654,
        "median": 0.321823596954,
        "min": 0.00857035908848,
        "var": 0.0208227112889
    },
    "melbands_kurtosis": {
        "dmean": 36.4576759338,
        "dmean2": 55.6233291626,
        "dvar": 5104.77490234,
        "dvar2": 11278.9921875,
        "max": 810.438049316,
        "mean": 58.8225021362,
        "median": 26.9383773804,
        "min": -1.77533185482,
        "var": 9935.1328125
    },
    "melbands_skewness": {
        "dmean": 1.66132616997,
        "dmean2": 2.41707205772,
        "dvar": 4.91789007187,
        "dvar2": 10.6333875656,
        "max": 22.4497432709,
        "mean": 4.86986970901,
        "median": 4.38885593414,
        "min": -1.53850078583,
        "var": 12.4163827896
    },
    "melbands_spread": {
        "dmean": 7.04389429092,
        "dmean2": 10.7960338593,
        "dvar": 199.772140503,
        "dvar2": 403.577087402,
        "max": 216.489135742,
        "mean": 14.5548744202,
        "median": 7.3440952301,
        "min": 0.277077078819,
        "var": 626.741088867
    },
    "pitch_salience": {
        "dmean": 0.0761455371976,
        "dmean2": 0.121834404767,
        "dvar": 0.00664622057229,
        "dvar2": 0.0160496030003,
        "max": 0.889745414257,
        "mean": 0.445220172405,
        "median": 0.439895868301,
        "min": 0.0982025042176,
        "var": 0.0169285293669
    },
    "silence_rate_20dB": {
        "dmean": 0.0110674472526,
        "dmean2": 0.022136669606,
        "dvar": 0.0109445927665,
        "dvar2": 0.0327134206891,
        "max": 1,
        "mean": 0.994466722012,
        "median": 1,
        "min": 0,
        "var": 0.00550257274881
    },
    "silence_rate_30dB": {
        "dmean": 0.0651215016842,
        "dmean2": 0.130253449082,
        "dvar": 0.0608732663095,
        "dvar2": 0.119546145201,
        "max": 1,
        "mean": 0.928307950497,
        "median": 1,
        "min": 0,
        "var": 0.0665450766683
    },
    "silence_rate_60dB": {
        "dmean": 0.0356083102524,
        "dmean2": 0.0711421221495,
        "dvar": 0.0343467146158,
        "dvar2": 0.0779560133815,
        "max": 1,
        "mean": 0.0788291916251,
        "median": 0,
        "min": 0,
        "var": 0.0726258531213
    },
    "spectral_centroid": {
        "dmean": 373.846405029,
        "dmean2": 568.565551758,
        "dvar": 257293.203125,
        "dvar2": 488091.15625,
        "max": 10497.0273438,
        "mean": 960.710449219,
        "median": 701.293945312,
        "min": 92.2903518677,
        "var": 702454.75
    },
    "spectral_complexity": {
        "dmean": 4.7208275795,
        "dmean2": 7.61886405945,
        "dvar": 59.7190475464,
        "dvar2": 123.159942627,
        "max": 57,
        "mean": 11.2979154587,
        "median": 10,
        "min": 0,
        "var": 83.4463577271
    },
    "spectral_decrease": {
        "dmean": 7.68743912971e-09,
        "dmean2": 1.31964466021e-08,
        "dvar": 4.14821574544e-16,
        "dvar2": 1.10629046241e-15,
        "max": 4.55079250582e-16,
        "mean": -1.11362226107e-08,
        "median": -7.01762692401e-09,
        "min": -1.606260156e-07,
        "var": 3.21310248898e-16
    },
    "spectral_energy": {
        "dmean": 0.0299920514226,
        "dmean2": 0.0513111017644,
        "dvar": 0.00611110962927,
        "dvar2": 0.0162835903466,
        "max": 0.613860845566,
        "mean": 0.0433448776603,
        "median": 0.027461450547,
        "min": 1.08325965511e-20,
        "var": 0.0047523775138
    },
    "spectral_energyband_high": {
        "dmean": 0.000869234732818,
        "dmean2": 0.00134127959609,
        "dvar": 1.90141179246e-06,
        "dvar2": 4.17207502323e-06,
        "max": 0.00817159656435,
        "mean": 0.000802656344604,
        "median": 5.88501497987e-05,
        "min": 7.77205009505e-21,
        "var": 2.20331139644e-06
    },
    "spectral_energyband_low": {
        "dmean": 0.0243295617402,
        "dmean2": 0.0420542247593,
        "dvar": 0.0056124040857,
        "dvar2": 0.0149992210791,
        "max": 0.585779964924,
        "mean": 0.0331722348928,
        "median": 0.0191115215421,
        "min": 1.58494335871e-23,
        "var": 0.00411976128817
    },
    "spectral_energyband_middle_high": {
        "dmean": 0.0019446463557,
        "dmean2": 0.00309239560738,
        "dvar": 2.19282064791e-05,
        "dvar2": 5.74769546802e-05,
        "max": 0.0405093841255,
        "mean": 0.00261013139971,
        "median": 0.000942928250879,
        "min": 1.67854272748e-21,
        "var": 2.40619156102e-05
    },
    "spectral_energyband_middle_low": {
        "dmean": 0.00624440098181,
        "dmean2": 0.0113219758496,
        "dvar": 0.000153703382239,
        "dvar2": 0.000426034734119,
        "max": 0.0919228047132,
        "mean": 0.00667763408273,
        "median": 0.00274860719219,
        "min": 2.36342752448e-22,
        "var": 0.000119169912068
    },
    "spectral_entropy": {
        "dmean": 0.440305173397,
        "dmean2": 0.583772599697,
        "dvar": 0.246968477964,
        "dvar2": 0.417057752609,
        "max": 9.78230285645,
        "mean": 7.03697538376,
        "median": 7.04217529297,
        "min": 3.27617239952,
        "var": 0.962224900723
    },
    "spectral_flux": {
        "dmean": 0.053465064615,
        "dmean2": 0.0853234753013,
        "dvar": 0.00845872052014,
        "dvar2": 0.0168463923037,
        "max": 0.69640737772,
        "mean": 0.0852885916829,
        "median": 0.0477355420589,
        "min": 1.040797587e-10,
        "var": 0.0122587773949
    },
    "spectral_kurtosis": {
        "dmean": 7.40433359146,
        "dmean2": 11.5387201309,
        "dvar": 384.585540771,
        "dvar2": 992.656799316,
        "max": 628.141357422,
        "mean": 16.8610877991,
        "median": 4.22755622864,
        "min": -1.1767359972,
        "var": 2450.98339844
    },
    "spectral_rms": {
        "dmean": 0.00160786940251,
        "dmean2": 0.00254279305227,
        "dvar": 9.36349351832e-06,
        "dvar2": 2.28385997616e-05,
        "max": 0.024472201243,
        "mean": 0.00547814462334,
        "median": 0.00517606595531,
        "min": 3.25090562109e-12,
        "var": 1.22774108604e-05
    },
    "spectral_rolloff": {
        "dmean": 515.671569824,
        "dmean2": 884.077880859,
        "dvar": 1613143.25,
        "dvar2": 3710115,
        "max": 19702.8808594,
        "mean": 967.929931641,
        "median": 193.798828125,
        "min": 86.1328125,
        "var": 4541504.5
    },
    "spectral_skewness": {
        "dmean": 0.695310175419,
        "dmean2": 0.983653962612,
        "dvar": 0.819170832634,
        "dvar2": 1.88362455368,
        "max": 21.9410762787,
        "mean": 2.3748190403,
        "median": 1.85719299316,
        "min": 0.0459982380271,
        "var": 4.78749847412
    },
    "spectral_spread": {
        "dmean": 991985.25,
        "dmean2": 1245727.75,
        "dvar": 1.26665202074e+12,
        "dvar2": 2.14264079974e+12,
        "max": 39687172,
        "mean": 4986102.5,
        "median": 5125042,
        "min": 147278.5625,
        "var": 5.9565801472e+12
    },
    "spectral_strongpeak": {
        "dmean": 0.265835404396,
        "dmean2": 0.442909777164,
        "dvar": 0.350449472666,
        "dvar2": 0.811548948288,
        "max": 10.9198083878,
        "mean": 0.577856361866,
        "median": 0.445945084095,
        "min": 0,
        "var": 0.474550098181
    },
    "zerocrossingrate": {
        "dmean": 0.0139006450772,
        "dmean2": 0.0163012631238,
        "dvar": 0.000366272084648,
        "dvar2": 0.000465288874693,
        "max": 0.72216796875,
        "mean": 0.0408916957676,
        "median": 0.0244140625,
        "min": 0.00390625,
        "var": 0.00423324294388
    },
    "barkbands": {
        "dmean": [0.000729546649382, 0.00880989897996, 0.0149087850004, 0.00376830389723, 0.00157595553901, 0.000388323765947, 0.000332643830916, 0.000378880708013, 0.000383782287827, 0.000350320042344, 0.000386289466405, 0.000299123901641, 0.000278646970401, 0.000170306273503, 0.000123843055917, 0.00017496732471, 0.000158382710651, 0.00014620507136, 0.000146441612742, 8.0137848272e-05, 0.000195240529138, 0.000292385841021, 0.000112590656499, 0.000116149807582, 6.62697857479e-05, 5.39288848813e-05, 6.57911141388e-06],
        "dmean2": [0.00117748742923, 0.014444289729, 0.0271535348147, 0.00710088154301, 0.00283201946877, 0.000658770499285, 0.000551869801711, 0.000603719847277, 0.000562564877328, 0.000489389756694, 0.000559558684472, 0.00048465517466, 0.000454593449831, 0.000302102736896, 0.000212632672628, 0.000290027703159, 0.000274813093711, 0.000248964410275, 0.00024862398277, 0.000120769822388, 0.000299524108414, 0.000454838969745, 0.00017539752298, 0.000179971888429, 0.000100836448837, 8.86874113348e-05, 1.11961917355e-05],
        "dvar": [6.95588914823e-06, 0.000744979712181, 0.00259805959649, 7.686909521e-05, 1.29808004203e-05, 1.60910622071e-06, 9.03175646272e-07, 1.71794943071e-06, 1.76930700491e-06, 2.00298609343e-06, 1.17385798148e-06, 9.65537651609e-07, 8.26889731798e-07, 3.1781885923e-07, 1.09419616479e-07, 2.45934785426e-07, 1.53393756364e-07, 1.7019985421e-07, 1.79294545433e-07, 2.60440451427e-08, 1.00829552707e-07, 2.39791660306e-07, 3.78551376912e-08, 4.09202662865e-08, 1.45579379662e-08, 2.20523119765e-08, 6.13546824457e-10],
        "dvar2": [1.49817942656e-05, 0.00188004958909, 0.00732782762498, 0.00021715798357, 3.55041811417e-05, 3.91860157833e-06, 2.22932067118e-06, 4.34985804532e-06, 2.93018661068e-06, 3.55887573278e-06, 2.07399170904e-06, 2.20030074161e-06, 1.58241107329e-06, 8.83292671006e-07, 2.85862000737e-07, 6.36001345811e-07, 4.03463985776e-07, 4.2300723635e-07, 4.97175676628e-07, 5.71089060486e-08, 2.29029794241e-07, 5.43880844361e-07, 8.71651337775e-08, 9.21094027717e-08, 3.37581873566e-08, 5.72787293152e-08, 1.65071722957e-09],
        "max": [0.0587627664208, 0.340495556593, 0.4553565979, 0.0779851526022, 0.0244863554835, 0.0276221781969, 0.0196246616542, 0.0303396414965, 0.0475937835872, 0.0333015024662, 0.0264041218907, 0.0209753047675, 0.0392350368202, 0.00567712308839, 0.00246604648419, 0.00668235169724, 0.00285636819899, 0.00283056055196, 0.00333619699813, 0.00124349293765, 0.00190629262943, 0.00264618429355, 0.00153860042337, 0.00136946327984, 0.000861542765051, 0.00124502240214, 0.000224810093641],
        "mean": [0.00236643943936, 0.0152635127306, 0.0156712606549, 0.00274288048968, 0.00132960441988, 0.000442481221398, 0.000491849554237, 0.000770978280343, 0.000839909072965, 0.000480421149405, 0.000585927453358, 0.000374042167095, 0.000341994687915, 0.000143258686876, 9.22756589716e-05, 0.000212372004171, 0.0001301739685, 0.000122608296806, 0.000111315130198, 7.54303837311e-05, 0.000179573209607, 0.000254623446381, 0.00010263913282, 0.00010616126383, 6.54542454868e-05, 4.25918333349e-05, 5.09889696332e-06],
        "median": [0.00053214840591, 0.0086553376168, 0.00527279265225, 0.000670045323204, 0.000470165978186, 7.04541889718e-05, 0.000150300329551, 0.000278870342299, 0.000350515765604, 6.6270615207e-05, 0.0001215808079, 6.00088424108e-05, 8.35919418023e-05, 2.75562433671e-05, 8.45201884658e-06, 3.03274446196e-05, 8.1566395238e-06, 1.06447005237e-05, 6.61729973217e-06, 4.96839402331e-06, 7.92066202848e-06, 1.05159797386e-05, 6.30097792964e-06, 1.02347112261e-05, 7.93675280875e-06, 1.55940688273e-06, 4.19381734673e-07],
        "min": [1.69339832255e-23, 7.01909027487e-24, 3.69141070825e-24, 2.93797616577e-24, 2.00775055803e-23, 1.69727131405e-23, 8.5055481361e-23, 2.9093499418e-23, 6.63441992493e-23, 8.40358944182e-23, 9.22867357764e-23, 8.92113773146e-23, 1.89886582278e-22, 9.08953618444e-23, 1.57730415592e-22, 1.76436301896e-22, 1.47603675623e-22, 2.13532858306e-22, 2.71462032155e-22, 3.67851721851e-22, 5.07410480368e-22, 5.85628475123e-22, 6.02025371867e-22, 8.00122153389e-22, 1.37966203596e-21, 1.73503274136e-21, 2.355233418e-21],
        "var": [3.74934570573e-05, 0.000669067609124, 0.00165815104265, 4.64059776277e-05, 8.63213790581e-06, 2.3253942345e-06, 1.74862509539e-06, 3.11210192194e-06, 4.97221753903e-06, 4.16158081862e-06, 2.79830942418e-06, 1.71897511336e-06, 1.72964496414e-06, 2.26134403647e-07, 8.13421223711e-08, 2.86295318119e-07, 1.18326070719e-07, 1.39037183544e-07, 1.22409090864e-07, 2.95893833879e-08, 1.17412561451e-07, 2.54528373489e-07, 4.19986108113e-08, 4.36888250022e-08, 1.62600599651e-08, 1.72803833465e-08, 4.30900343185e-10]
    },
    "erbbands": {
        "dmean": [0.112392470241, 2.61975693703, 15.6815261841, 14.6044425964, 10.8051767349, 2.63073134422, 1.73241651058, 4.19779586792, 4.57545232773, 7.42039489746, 5.95490026474, 10.384595871, 8.94571113586, 14.0254869461, 13.6794090271, 10.3676252365, 11.9812994003, 8.70793914795, 8.97867107391, 7.41255760193, 9.40198612213, 7.95344495773, 8.33439826965, 7.53649234772, 6.13588905334, 4.10749673843, 6.49512672424, 9.45640277863, 11.6658554077, 5.19361782074, 2.94212555885, 2.47497320175, 1.89151155949, 0.825792312622, 0.458748072386, 0.284538924694, 0.0890913084149, 0.0130244605243, 0.00129238830414, 6.88799991622e-05],
        "dmean2": [0.183538779616, 4.34978818893, 28.2528953552, 26.9125366211, 19.9390563965, 4.62627410889, 3.16743588448, 6.9015917778, 7.56136131287, 11.7558250427, 9.76098251343, 14.9908123016, 12.256819725, 21.6502380371, 20.3095588684, 16.9694061279, 19.4632644653, 14.7248439789, 15.9435091019, 12.5199213028, 15.7974309921, 13.7652769089, 14.3358373642, 12.4391288757, 10.4284210205, 6.26225090027, 10.2900285721, 14.5587148666, 18.2577228546, 7.96606731415, 4.60375595093, 3.91352963448, 2.90003561974, 1.27299118042, 0.692915320396, 0.452251642942, 0.153107896447, 0.0224168151617, 0.00218579894863, 0.000115426562843],
        "dvar": [0.0988610312343, 66.0475692749, 2745.35913086, 1749.72045898, 590.104431152, 32.3608932495, 25.1573143005, 225.460479736, 168.001403809, 443.859222412, 470.596832275, 1420.45214844, 1486.77954102, 1500.58850098, 1215.08154297, 1065.88757324, 1472.79077148, 598.081604004, 965.071105957, 321.078460693, 770.965454102, 326.367095947, 508.673309326, 454.785797119, 303.686950684, 69.4616317749, 130.386108398, 229.647949219, 394.0730896, 72.4787445068, 26.2326469421, 19.5890541077, 10.5739212036, 2.20841193199, 0.748434066772, 0.392176240683, 0.092430010438, 0.00247149635106, 2.46941581281e-05, 3.05117886512e-08],
        "dvar2": [0.251675784588, 167.350799561, 7674.37988281, 4916.546875, 1643.00134277, 87.625213623, 72.229888916, 530.825012207, 404.766204834, 1077.8848877, 1243.4107666, 2303.66259766, 2685.69238281, 3353.35351562, 2214.40234375, 2589.93408203, 2915.04882812, 1521.71289062, 2664.4230957, 841.995605469, 2008.85791016, 855.847595215, 1272.54467773, 1165.01000977, 847.46661377, 158.422698975, 325.727355957, 486.376617432, 884.012695312, 163.986923218, 61.1589851379, 47.4853439331, 22.8894042969, 5.09445333481, 1.72512304783, 0.937781274319, 0.254358649254, 0.00683727767318, 6.56691336189e-05, 7.94061847387e-08],
        "max": [3.64277029037, 95.0489578247, 439.97454834, 390.636901855, 147.236526489, 44.7419624329, 42.113193512, 337.20916748, 285.31942749, 485.89831543, 379.299163818, 1454.88659668, 893.710998535, 718.906433105, 1016.70574951, 706.989501953, 1509.0559082, 562.94519043, 243.020996094, 208.812149048, 264.014007568, 154.145370483, 152.736221313, 161.766723633, 138.423233032, 65.4655761719, 89.6146316528, 95.6515655518, 114.984573364, 63.8214225769, 42.6290931702, 32.0897026062, 20.7609176636, 11.0860118866, 6.47286558151, 4.66023492813, 2.60188889503, 0.422814846039, 0.045864995569, 0.00140804552939],
        "mean": [0.202123105526, 4.30210828781, 17.8462753296, 13.1491966248, 8.15296173096, 2.70651006699, 1.7650231123, 5.25809431076, 6.91194534302, 13.5509881973, 12.6961593628, 21.6741294861, 14.6793680191, 18.0023803711, 21.3777008057, 13.5503911972, 15.6746025085, 9.31196784973, 6.77954149246, 7.8907790184, 9.47556591034, 7.02137422562, 6.79364013672, 6.1120057106, 4.76157855988, 3.80997085571, 5.86508560181, 8.54356098175, 10.2097110748, 4.72945737839, 2.60564017296, 2.13807225227, 1.76498818398, 0.780941426754, 0.475051999092, 0.242358475924, 0.0651011019945, 0.00966277532279, 0.0010061977664, 7.94789448264e-05],
        "median": [0.122187852859, 2.32656860352, 8.41155815125, 3.29207134247, 2.254570961, 1.2830312252, 0.739065349102, 0.837585389614, 1.83892452717, 4.48921203613, 6.41143608093, 7.53477287292, 4.18014717102, 2.55106973648, 6.24579620361, 3.4741537571, 4.07336902618, 2.61417341232, 1.17461228371, 1.35686707497, 1.40120744705, 0.625327348709, 0.69345587492, 0.400798201561, 0.339130938053, 0.25360840559, 0.339454233646, 0.322088748217, 0.364184677601, 0.250419080257, 0.180985331535, 0.182543843985, 0.17423415184, 0.0972653105855, 0.0496209599078, 0.0105184577405, 0.00250576762483, 0.000571565236896, 9.13379044505e-05, 4.10021821153e-05],
        "min": [1.45399623498e-22, 1.84594966435e-21, 4.81588753155e-21, 6.50609136501e-21, 2.47379945944e-20, 7.50118980347e-20, 1.65831812111e-19, 1.55080273606e-19, 8.36357457666e-19, 1.24854858794e-18, 6.30866303065e-19, 1.39976423495e-18, 2.47601151488e-18, 2.14061273075e-18, 5.7311539613e-18, 3.10281858418e-18, 6.57714590175e-18, 6.32677735549e-18, 7.50473424655e-18, 9.43253243084e-18, 8.63851762495e-18, 8.81377982596e-18, 1.20058838719e-17, 9.00646906811e-18, 1.7011948679e-17, 1.6997494525e-17, 1.62732499222e-17, 2.31958698747e-17, 2.06096748003e-17, 1.89666194799e-17, 1.66239480322e-17, 1.30985489292e-17, 1.65250354289e-17, 1.30998732454e-17, 1.06340337773e-17, 5.53282665609e-18, 3.80947774072e-18, 1.28877324375e-18, 2.93729379825e-19, 3.57030022436e-20],
        "var": [0.0957431942225, 57.2849655151, 1768.39770508, 1138.69628906, 368.762054443, 23.4926548004, 17.3604660034, 351.47265625, 428.138214111, 827.951660156, 668.205688477, 3854.02758789, 2722.24536133, 2571.265625, 3030.82495117, 1571.03625488, 3077.89379883, 702.207702637, 623.455688477, 316.691070557, 663.403808594, 268.080596924, 409.005249023, 355.170959473, 207.91027832, 75.3936157227, 135.97958374, 270.162719727, 421.022399902, 82.130645752, 28.3493652344, 19.0455474854, 11.9144935608, 2.44458842278, 0.865308701992, 0.372498840094, 0.0613585673273, 0.00163917371538, 1.7602380467e-05, 2.41711113347e-08]
    },
    "gfcc": {
        "mean": [-79.0592346191, 107.376121521, -76.1661758423, 33.6080856323, -42.0619697571, 32.7286834717, -17.5832977295, 11.9081983566, -13.7074480057, -2.45232605934, -20.6072998047, -8.30449676514, -14.7488574982],
        "cov": [[19265.8457031, -2036.83032227, -1639.43481445, 831.548217773, -1547.18005371, 755.238525391, -457.524414062, 463.802185059, -398.224822998, 699.144592285, -305.586456299, 315.762268066, -336.1434021], [-2036.83032227, 4113.54492188, 134.39906311, -1565.25415039, 700.621643066, -263.722564697, 395.774078369, -143.008743286, 471.647277832, -324.640655518, 272.71081543, -274.036743164, 146.504653931], [-1639.43481445, 134.39906311, 1106.40246582, 265.090789795, 198.851257324, 81.4412765503, 158.470230103, 2.6926677227, 37.8297767639, 51.1781806946, 35.1756706238, -78.4588699341, 17.2596321106], [831.548217773, -1565.25415039, 265.090789795, 1590.6394043, -107.278617859, 142.260345459, -82.8914489746, 36.3387527466, -124.088150024, 25.3623466492, -117.549301147, 54.3694572449, -12.3207483292], [-1547.18005371, 700.621643066, 198.851257324, -107.278617859, 773.16394043, 40.3468360901, 157.202545166, 31.4202957153, 122.680259705, -178.190093994, 23.0279769897, -27.6949443817, 35.7615394592], [755.238525391, -263.722564697, 81.4412765503, 142.260345459, 40.3468360901, 266.272796631, 39.7760772705, 88.2534484863, -39.0294647217, 49.9134597778, -14.312497139, 20.2757873535, -3.77750229836], [-457.524414062, 395.774078369, 158.470230103, -82.8914489746, 157.202545166, 39.7760772705, 196.250335693, 53.31615448, 52.3139877319, -66.1725845337, 38.2935523987, -10.4282207489, 19.2850399017], [463.802185059, -143.008743286, 2.6926677227, 36.3387527466, 31.4202957153, 88.2534484863, 53.31615448, 190.246658325, 23.4109382629, -16.3301029205, -36.8995018005, 28.2192115784, 2.92956089973], [-398.224822998, 471.647277832, 37.8297767639, -124.088150024, 122.680259705, -39.0294647217, 52.3139877319, 23.4109382629, 177.338775635, -8.61663341522, 12.3782873154, -48.4232254028, 34.8100776672], [699.144592285, -324.640655518, 51.1781806946, 25.3623466492, -178.190093994, 49.9134597778, -66.1725845337, -16.3301029205, -8.61663341522, 202.773452759, 34.7898750305, 4.71164321899, -41.1241798401], [-305.586456299, 272.71081543, 35.1756706238, -117.549301147, 23.0279769897, -14.312497139, 38.2935523987, -36.8995018005, 12.3782873154, 34.7898750305, 117.391860962, -3.67610883713, -2.96522378922], [315.762268066, -274.036743164, -78.4588699341, 54.3694572449, -27.6949443817, 20.2757873535, -10.4282207489, 28.2192115784, -48.4232254028, 4.71164321899, -3.67610883713, 85.6682662964, 0.148725301027], [-336.1434021, 146.504653931, 17.2596321106, -12.3207483292, 35.7615394592, -3.77750229836, 19.2850399017, 2.92956089973, 34.8100776672, -41.1241798401, -2.96522378922, 0.148725301027, 80.4279174805]],
        "icov": [[0.000182984760613, -0.000432518456364, 0.000320890307194, -0.0003416731779, 0.000192721970961, -0.000299207487842, 6.93789697834e-05, -0.00049630983267, 0.000667242682539, -0.00117279461119, 0.00105568650179, -0.000756111636292, 0.000484986929223], [-0.000432518456364, 0.00239282427356, -0.000856785161886, 0.00171411817428, -0.000423409772338, 0.000366189837223, -0.000764077121858, 0.00210169330239, -0.00376093410887, 0.00506160687655, -0.00469417963177, 0.00376372993924, -0.0013719619019], [0.000320890307194, -0.000856785161886, 0.00204873317853, -0.00101046694908, -0.000235847110162, -6.37814882793e-05, -0.00153837469406, -0.000976978684776, 0.00234310585074, -0.00398686854169, 0.00237365090288, 0.000313377764542, -0.000152029970195], [-0.0003416731779, 0.00171411817428, -0.00101046694908, 0.00206313095987, -0.00020070814935, -0.000106584811874, -2.13138064282e-05, 0.00165391387418, -0.00262132380158, 0.00403842935339, -0.00282697821967, 0.00209711305797, -0.000897026562598], [0.000192721970961, -0.000423409772338, -0.000235847110162, -0.00020070814935, 0.00268488260917, -0.00178039947059, 0.000400639808504, 0.000206982018426, -0.00178231368773, 0.00205322657712, 0.000114004520583, -0.00200245389715, 0.00204472988844], [-0.000299207487842, 0.000366189837223, -6.37814882793e-05, -0.000106584811874, -0.00178039947059, 0.007354747504, -0.00244211778045, -0.00239032972604, 0.00333566428162, -0.00332966865972, 0.000206448952667, 0.00254035997204, -0.00325380079448], [6.93789697834e-05, -0.000764077121858, -0.00153837469406, -2.13138064282e-05, 0.000400639808504, -0.00244211778045, 0.0112199699506, -0.00249257963151, -0.00198513246141, 0.00434851367027, -0.0035366830416, -0.0027174949646, 0.00207355991006], [-0.00049630983267, 0.00210169330239, -0.000976978684776, 0.00165391387418, 0.000206982018426, -0.00239032972604, -0.00249257963151, 0.0106384241953, -0.00654209125787, 0.00600869674236, -0.0015015603276, -0.000660718302242, 0.000415924558183], [0.000667242682539, -0.00376093410887, 0.00234310585074, -0.00262132380158, -0.00178231368773, 0.00333566428162, -0.00198513246141, -0.00654209125787, 0.0181045550853, -0.0137187400833, 0.00858509819955, 0.00123084173538, -0.00413769157603], [-0.00117279461119, 0.00506160687655, -0.00398686854169, 0.00403842935339, 0.00205322657712, -0.00332966865972, 0.00434851367027, 0.00600869674236, -0.0137187400833, 0.0246997419745, -0.0155675373971, 0.00451536197215, 0.00300639425404], [0.00105568650179, -0.00469417963177, 0.00237365090288, -0.00282697821967, 0.000114004520583, 0.000206448952667, -0.0035366830416, -0.0015015603276, 0.00858509819955, -0.0155675373971, 0.0228175595403, -0.00820240192115, 0.00206294236705], [-0.000756111636292, 0.00376372993924, 0.000313377764542, 0.00209711305797, -0.00200245389715, 0.00254035997204, -0.0027174949646, -0.000660718302242, 0.00123084173538, 0.00451536197215, -0.00820240192115, 0.0242005959153, -0.00664773350582], [0.000484986929223, -0.0013719619019, -0.000152029970195, -0.000897026562598, 0.00204472988844, -0.00325380079448, 0.00207355991006, 0.000415924558183, -0.00413769157603, 0.00300639425404, 0.00206294236705, -0.00664773350582, 0.018696859479]]
    },
    "melbands": {
        "dmean": [0.00167488108855, 0.0066110859625, 0.00257304566912, 0.000452909356682, 6.00999337621e-05, 8.83192333276e-05, 6.71149100526e-05, 8.75325931702e-05, 4.50991101388e-05, 6.75429255352e-05, 4.59523616883e-05, 5.83326873311e-05, 4.7834666475e-05, 3.62672763004e-05, 2.45231258305e-05, 2.99807088595e-05, 1.43143433888e-05, 1.63774693647e-05, 7.67630262999e-06, 1.28640194816e-05, 1.13418118417e-05, 9.13233088795e-06, 6.40795860818e-06, 7.66532593843e-06, 6.01986948823e-06, 5.55258702661e-06, 3.09732058668e-06, 2.54479959949e-06, 3.9682008719e-06, 3.97370013161e-06, 6.17931937086e-06, 7.91734146333e-06, 3.87240106647e-06, 2.47991874858e-06, 1.86960483006e-06, 1.10706776013e-06, 1.79184371518e-06, 1.46538172885e-06, 8.71466454555e-07, 6.32184423921e-07],
        "dmean2": [0.00273471907713, 0.0116089200601, 0.004738567397, 0.000820930232294, 0.000109339038318, 0.000145742640598, 0.000111329121864, 0.000138237606734, 7.5190604548e-05, 9.67089654296e-05, 6.20884384261e-05, 8.86074849404e-05, 6.92240864737e-05, 5.72994395043e-05, 4.16285802203e-05, 4.70667109767e-05, 2.48420710705e-05, 2.96367270494e-05, 1.28673436848e-05, 2.13316379813e-05, 1.93347877939e-05, 1.60258023243e-05, 1.10185592348e-05, 1.30864318635e-05, 9.92838886305e-06, 9.66051629803e-06, 5.10916152052e-06, 3.9590936467e-06, 6.5147182795e-06, 6.29113492323e-06, 9.43446957535e-06, 1.2466053704e-05, 6.03200078331e-06, 3.85572684536e-06, 2.92623735731e-06, 1.73693308625e-06, 2.8664076126e-06, 2.23418601308e-06, 1.36981554988e-06, 9.74695808509e-07],
        "dvar": [2.55501181528e-05, 0.000452223466709, 4.58238864667e-05, 1.04913635823e-06, 2.84696781705e-08, 8.81899637761e-08, 3.47707178605e-08, 6.72086102327e-08, 2.73566538311e-08, 6.2044449578e-08, 4.27295923089e-08, 2.64549750995e-08, 1.76387757733e-08, 1.48258729737e-08, 7.36582395078e-09, 1.24232828469e-08, 1.72269976062e-09, 3.63314600627e-09, 2.64516103465e-10, 1.18167142737e-09, 1.32151223298e-09, 4.89084273081e-10, 1.98556060482e-10, 5.27995314137e-10, 2.94057139749e-10, 2.48383896784e-10, 7.07097227992e-11, 2.42616395724e-11, 5.4167583613e-11, 4.24346911776e-11, 1.02012377712e-10, 1.87535487139e-10, 4.348194374e-11, 1.78501206871e-11, 1.11795043709e-11, 3.1942996425e-12, 1.17618423681e-11, 6.27673347325e-12, 2.28323501598e-12, 1.41396833478e-12],
        "dvar2": [6.43775783828e-05, 0.00123164814431, 0.000128226587549, 2.88312276098e-06, 8.18403051994e-08, 2.09867280887e-07, 8.44899119556e-08, 1.6401847347e-07, 7.32189917585e-08, 9.74822569333e-08, 7.61808038874e-08, 5.66388749235e-08, 3.03079410457e-08, 3.20369082374e-08, 1.73727219277e-08, 2.02288443774e-08, 4.6430508327e-09, 1.02106278987e-08, 6.54350018614e-10, 3.05914094056e-09, 3.46543149732e-09, 1.31798916225e-09, 4.94902618886e-10, 1.32113708862e-09, 7.56644635835e-10, 7.03432923022e-10, 1.86688414727e-10, 5.04070916951e-11, 1.37751310358e-10, 9.57467091722e-11, 2.19934195855e-10, 4.32508945325e-10, 9.5537244782e-11, 4.02426009183e-11, 2.61539522678e-11, 7.16783360097e-12, 2.92464420737e-11, 1.29454971048e-11, 5.32502297465e-12, 3.26352703542e-12],
        "max": [0.0634865313768, 0.1711615026, 0.0608887150884, 0.00658664200455, 0.00152758113109, 0.00660483073443, 0.0038226665929, 0.00615746807307, 0.00306155928411, 0.00946235284209, 0.00485489331186, 0.00264409650117, 0.00361873558722, 0.00315000885166, 0.00296318624169, 0.00538287777454, 0.000575165031478, 0.000475550419651, 0.000110400811536, 0.000626919500064, 0.00026766047813, 0.000184369811905, 8.87544520083e-05, 0.000169910446857, 0.000133262466989, 0.000126094266307, 6.51599693811e-05, 3.75670169888e-05, 7.1462825872e-05, 5.02348593727e-05, 6.11536306678e-05, 8.44969981699e-05, 3.65268606402e-05, 3.79888333555e-05, 2.69598676823e-05, 1.8657578039e-05, 2.61002078332e-05, 1.70872808667e-05, 9.7138909041e-06, 1.17399849842e-05],
        "mean": [0.00305530731566, 0.00845526251942, 0.00230582919903, 0.00036997551797, 6.69482469675e-05, 0.000111224966531, 9.76023366093e-05, 0.000164434706676, 9.5690775197e-05, 0.000139722236781, 7.23828634364e-05, 7.40947580198e-05, 7.52586929593e-05, 4.54321561847e-05, 3.02950520563e-05, 3.94821618102e-05, 1.33657067636e-05, 1.17823565233e-05, 6.14813961874e-06, 1.73254684341e-05, 9.563877029e-06, 7.95069718151e-06, 4.87243278258e-06, 6.70710505801e-06, 4.75183105664e-06, 4.1355265239e-06, 2.5198264666e-06, 2.45244518737e-06, 3.53755990545e-06, 3.67700749848e-06, 5.53546669835e-06, 6.85264831191e-06, 3.37350843438e-06, 2.33464538724e-06, 1.63276877174e-06, 1.03222771486e-06, 1.48312824422e-06, 1.39096709972e-06, 7.99569534138e-07, 5.99067391249e-07],
        "median": [0.0018644076772, 0.00465121865273, 0.000611157913227, 0.000126320010168, 3.27419402311e-05, 1.86215620488e-05, 2.77900217043e-05, 5.3629395552e-05, 5.10830141138e-05, 4.56392481283e-05, 1.79616472451e-05, 7.62623358241e-06, 1.78589652933e-05, 8.80066727404e-06, 7.93158596935e-06, 8.71176325745e-06, 3.29841441271e-06, 1.57335261974e-06, 7.31262161935e-07, 2.21688060265e-06, 1.12392706342e-06, 4.94436790177e-07, 4.3967588681e-07, 4.67166671569e-07, 2.28415075298e-07, 3.10582777274e-07, 1.05706966735e-07, 1.81266671007e-07, 2.08873771612e-07, 2.00085224833e-07, 1.74385533569e-07, 2.41703645543e-07, 1.38817256357e-07, 1.22160997762e-07, 9.80461720701e-08, 1.25827057218e-07, 9.69880389334e-08, 1.16761036395e-07, 1.06343613027e-07, 7.24663351548e-08],
        "min": [2.2530823947e-24, 2.6573759752e-24, 1.72087225739e-24, 3.04050205104e-24, 5.32795156551e-24, 3.55751655794e-24, 1.40660636273e-23, 1.19630653725e-23, 4.40471451597e-24, 1.00946798729e-23, 1.27115618429e-23, 8.77269020186e-24, 1.52600188069e-23, 1.37093959462e-23, 7.47399874878e-24, 2.0037887408e-23, 9.9042062519e-24, 1.17807414735e-23, 1.15089165716e-23, 1.37736044907e-23, 9.71944398384e-24, 9.94455254289e-24, 7.52937836205e-24, 1.20372293416e-23, 5.91837174901e-24, 1.26073754054e-23, 1.27296109804e-23, 1.11006274106e-23, 8.49809166505e-24, 1.3209152425e-23, 1.46360566521e-23, 1.05987170263e-23, 1.2099272463e-23, 1.0224338629e-23, 9.45426996827e-24, 8.37175480222e-24, 8.0542256661e-24, 1.16584001911e-23, 1.2896630189e-23, 9.6126882264e-24],
        "var": [2.34688177443e-05, 0.000313378171995, 3.00982337649e-05, 6.84678241214e-07, 1.98929654971e-08, 1.37778201292e-07, 7.87252787404e-08, 1.29941682303e-07, 3.61138141614e-08, 1.74362199346e-07, 8.03703485985e-08, 4.79257700192e-08, 4.43389254201e-08, 2.74973555037e-08, 1.27898216462e-08, 3.00187750213e-08, 1.48720269433e-09, 2.23088147955e-09, 2.26079238663e-10, 1.79481707274e-09, 9.84750503363e-10, 3.79622583369e-10, 1.64864857877e-10, 4.32336361156e-10, 2.27397572994e-10, 1.62162006045e-10, 5.37551218815e-11, 2.93209588553e-11, 5.40298292218e-11, 4.85177210907e-11, 1.1718710724e-10, 1.91545959649e-10, 4.83846018806e-11, 2.00613102519e-11, 1.16872830858e-11, 4.09940744545e-12, 1.03730097428e-11, 7.40089673573e-12, 2.39541849897e-12, 1.56369014959e-12]
    },
    "mfcc": {
        "mean": [-730.54309082, 134.962402344, 34.9294662476, 20.4613304138, 9.8492193222, 22.2531280518, 11.523314476, 17.55610466, 15.4113645554, 4.45269441605, 7.85368204117, 6.4741268158, -2.62563705444],
        "cov": [[15130.3164062, -2004, -767.349182129, -178.409194946, -707.197143555, -6.62697219849, -296.726409912, -286.390563965, -98.8242416382, -11.8670749664, 80.9047241211, 137.150543213, 208.693496704], [-2004, 3738.39794922, -103.321815491, -974.528930664, -49.5780982971, -136.278411865, 12.2791576385, 108.580589294, 96.9319076538, 68.1314239502, 130.762634277, 165.259384155, 72.8764572144], [-767.349182129, -103.321815491, 721.454467773, 292.271057129, 75.2425384521, 116.836929321, 127.581588745, -31.7955322266, 55.7578048706, 134.804870605, 44.5980987549, -13.7466001511, 13.6025676727], [-178.409194946, -974.528930664, 292.271057129, 819.42199707, 256.363525391, 184.746429443, 75.5385971069, 107.032341003, 47.9320030212, 16.3956565857, -2.85387349129, -68.8760147095, -63.7742919922], [-707.197143555, -49.5780982971, 75.2425384521, 256.363525391, 349.912689209, 154.183990479, 116.787353516, 142.57699585, 83.298324585, 6.78258132935, 15.0053825378, 5.08338022232, -21.9929275513], [-6.62697219849, -136.278411865, 116.836929321, 184.746429443, 154.183990479, 205.280456543, 91.9937057495, 21.2326374054, 20.4664421082, 27.342086792, 17.5023288727, -6.94626665115, 13.881737709], [-296.726409912, 12.2791576385, 127.581588745, 75.5385971069, 116.787353516, 91.9937057495, 210.304290771, 148.541137695, 44.6290283203, -1.7478055954, 19.1570110321, 6.80425691605, -14.2283840179], [-286.390563965, 108.580589294, -31.7955322266, 107.032341003, 142.57699585, 21.2326374054, 148.541137695, 312.034210205, 136.578445435, -40.4011039734, 0.376942396164, 5.33955764771, -44.652053833], [-98.8242416382, 96.9319076538, 55.7578048706, 47.9320030212, 83.298324585, 20.4664421082, 44.6290283203, 136.578445435, 153.713394165, 41.5764808655, -6.55366611481, 16.6084308624, 1.78700196743], [-11.8670749664, 68.1314239502, 134.804870605, 16.3956565857, 6.78258132935, 27.342086792, -1.7478055954, -40.4011039734, 41.5764808655, 102.713981628, 46.9928131104, 21.1557407379, 27.8069896698], [80.9047241211, 130.762634277, 44.5980987549, -2.85387349129, 15.0053825378, 17.5023288727, 19.1570110321, 0.376942396164, -6.55366611481, 46.9928131104, 101.776283264, 48.3048210144, 11.0856332779], [137.150543213, 165.259384155, -13.7466001511, -68.8760147095, 5.08338022232, -6.94626665115, 6.80425691605, 5.33955764771, 16.6084308624, 21.1557407379, 48.3048210144, 84.1156768799, 29.2986774445], [208.693496704, 72.8764572144, 13.6025676727, -63.7742919922, -21.9929275513, 13.881737709, -14.2283840179, -44.652053833, 1.78700196743, 27.8069896698, 11.0856332779, 29.2986774445, 81.0826721191]],
