{
"lowlevel": {
    "average_loudness": 0.635323941708,
    "barkbands_crest": {
        "dmean": 2.61340546608,
        "dmean2": 4.21954250336,
        "dvar": 7.39194774628,
        "dvar2": 16.4457874298,
        "max": 25.3514060974,
        "mean": 9.718542099,
        "median": 8.69459724426,
        "min": 2.31124305725,
        "var": 19.874546051
    },
    "barkbands_flatness_db": {
        "dmean": 0.0221788343042,
        "dmean2": 0.0354474782944,
        "dvar": 0.000549113436136,
        "dvar2": 0.00136691029184,
        "max": 0.459821254015,
        "mean": 0.146560952067,
        "median": 0.140295833349,
        "min": 0.0219531282783,
        "var": 0.00373671017587
    },
    "barkbands_kurtosis": {
        "dmean": 2.2392680645,
        "dmean2": 3.77195739746,
        "dvar": 21.6980953217,
        "dvar2": 54.857093811,
        "max": 81.2620925903,
        "mean": 1.91071557999,
        "median": 0.0326464176178,
        "min": -1.87921988964,
        "var": 31.7148952484
    },
    "barkbands_skewness": {
        "dmean": 0.511552095413,
        "dmean2": 0.834796249866,
        "dvar": 0.454436212778,
        "dvar2": 1.06215167046,
        "max": 8.06095314026,
        "mean": 1.28281188011,
        "median": 1.03304052353,
        "min": -2.12831163406,
        "var": 1.1311237812
    },
    "barkbands_spread": {
        "dmean": 5.40121221542,
        "dmean2": 8.7586889267,
        "dvar": 34.9137420654,
        "dvar2": 79.3204421997,
        "max": 130.427078247,
        "mean": 27.8629055023,
        "median": 28.6824111938,
        "min": 0.592176258564,
        "var": 104.833023071
    },
    "dissonance": {
        "dmean": 0.0111050503328,
        "dmean2": 0.0187732391059,
        "dvar": 0.000171592182596,
        "dvar2": 0.000490697915666,
        "max": 0.499996423721,
        "mean": 0.475857377052,
        "median": 0.47918176651,
        "min": 0.150347605348,
        "var": 0.000347370427335
    },
    "dynamic_complexity": 3.08041763306,
    "erbbands_crest": {
        "dmean": 1.715259552,
        "dmean2": 2.84521198273,
        "dvar": 3.38366508484,
        "dvar2": 8.9132900238,
        "max": 26.2298641205,
        "mean": 6.63643836975,
        "median": 5.90418338776,
        "min": 2.48446321487,
        "var": 7.87375926971
    },
    "erbbands_flatness_db": {
        "dmean": 0.0145102348179,
        "dmean2": 0.0209342911839,
        "dvar": 0.000280487118289,
        "dvar2": 0.000560966436751,
        "max": 0.433405250311,
        "mean": 0.178324431181,
        "median": 0.175479963422,
        "min": 0.0229252204299,
        "var": 0.00377820851281
    },
    "erbbands_kurtosis": {
        "dmean": 0.427119106054,
        "dmean2": 0.700974285603,
        "dvar": 0.785679042339,
        "dvar2": 2.07399988174,
        "max": 37.424823761,
        "mean": -0.565296947956,
        "median": -0.76463162899,
        "min": -1.80609607697,
        "var": 1.3489253521
    },
    "erbbands_skewness": {
        "dmean": 0.259406477213,
        "dmean2": 0.412627547979,
        "dvar": 0.064610004425,
        "dvar2": 0.158894360065,
        "max": 4.84697437286,
        "mean": -0.301099091768,
        "median": -0.343794554472,
        "min": -2.42100334167,
        "var": 0.273960292339
    },
    "erbbands_spread": {
        "dmean": 6.25797080994,
        "dmean2": 10.2183933258,
        "dvar": 47.1072158813,
        "dvar2": 122.891586304,
        "max": 111.215614319,
        "mean": 41.9566497803,
        "median": 41.057975769,
        "min": 1.8432071209,
        "var": 141.660705566
    },
    "hfc": {
        "dmean": 5.01620721817,
        "dmean2": 7.64482069016,
        "dvar": 77.2813491821,
        "dvar2": 179.344223022,
        "max": 132.667816162,
        "mean": 19.2136268616,
        "median": 13.3514623642,
        "min": 1.12757158287e-16,
        "var": 281.670074463
    },
    "melbands_crest": {
        "dmean": 3.43574619293,
        "dmean2": 5.63898134232,
        "dvar": 9.56892776489,
        "dvar2": 24.0595188141,
        "max": 30.933763504,
        "mean": 15.1661882401,
        "median": 14.967830658,
        "min": 1.97194731236,
        "var": 31.9558620453
    },
    "melbands_flatness_db": {
        "dmean": 0.0278415996581,
        "dmean2": 0.0443192943931,
        "dvar": 0.000915670825634,
        "dvar2": 0.00210895179771,
        "max": 0.599240064621,
        "mean": 0.203239157796,
        "median": 0.18863299489,
        "min": 0.00452031800523,
        "var": 0.00514176627621
    },
    "melbands_kurtosis": {
        "dmean": 7.53252887726,
        "dmean2": 12.7411909103,
        "dvar": 248.527572632,
        "dvar2": 640.837402344,
        "max": 234.403167725,
        "mean": 11.4450874329,
        "median": 5.26743984222,
        "min": -1.81900596619,
        "var": 335.446960449
    },
    "melbands_skewness": {
        "dmean": 0.793044805527,
        "dmean2": 1.29934716225,
        "dvar": 1.227460742,
        "dvar2": 2.93261837959,
        "max": 13.7122144699,
        "mean": 2.68993425369,
        "median": 2.23531389236,
        "min": -0.582698523998,
        "var": 2.77780365944
    },
    "melbands_spread": {
        "dmean": 7.2980017662,
        "dmean2": 11.7790603638,
        "dvar": 60.2680740356,
        "dvar2": 131.279205322,
        "max": 166.770843506,
        "mean": 28.9344463348,
        "median": 28.4146766663,
        "min": 0.956894934177,
        "var": 221.736373901
    },
    "pitch_salience": {
        "dmean": 0.0807155817747,
        "dmean2": 0.131464079022,
        "dvar": 0.00625289138407,
        "dvar2": 0.0149243157357,
        "max": 0.894202709198,
        "mean": 0.524991095066,
        "median": 0.540102660656,
        "min": 0.0991036370397,
        "var": 0.0178827047348
    },
    "silence_rate_20dB": {
        "dmean": 0,
        "dmean2": 0,
        "dvar": 0,
        "dvar2": 0,
        "max": 1,
        "mean": 1,
        "median": 1,
        "min": 1,
        "var": 0
    },
    "silence_rate_30dB": {
        "dmean": 0.0668845847249,
        "dmean2": 0.133780390024,
        "dvar": 0.0624124407768,
        "dvar2": 0.151943728328,
        "max": 1,
        "mean": 0.946865558624,
        "median": 1,
        "min": 0,
        "var": 0.0503139272332
    },
    "silence_rate_60dB": {
        "dmean": 0.00385550246574,
        "dmean2": 0.00771165126935,
        "dvar": 0.00384102179669,
        "dvar2": 0.00865957234055,
        "max": 1,
        "mean": 0.0237177331001,
        "median": 0,
        "min": 0,
        "var": 0.0231571663171
    },
    "spectral_centroid": {
        "dmean": 232.486083984,
        "dmean2": 376.599700928,
        "dvar": 52761.8398438,
        "dvar2": 128432.15625,
        "max": 10800.1005859,
        "mean": 1913.22094727,
        "median": 1941.26489258,
        "min": 183.748901367,
        "var": 240675.359375
    },
    "spectral_complexity": {
        "dmean": 3.69994139671,
        "dmean2": 5.83721733093,
        "dvar": 10.8722953796,
        "dvar2": 25.2165985107,
        "max": 60,
        "mean": 26.0258960724,
        "median": 25,
        "min": 0,
        "var": 137.096633911
    },
    "spectral_decrease": {
        "dmean": 3.8985965567e-09,
        "dmean2": 6.44992059762e-09,
        "dvar": 5.5731148187e-17,
        "dvar2": 1.41763682452e-16,
        "max": -6.38732800311e-29,
        "mean": -7.79411468699e-09,
        "median": -4.19248458172e-09,
        "min": -6.29012930631e-08,
        "var": 8.67532997462e-17
    },
    "spectral_energy": {
        "dmean": 0.0150408679619,
        "dmean2": 0.0248275026679,
        "dvar": 0.00081719312584,
        "dvar2": 0.00207423046231,
        "max": 0.243131130934,
        "mean": 0.0311595257372,
        "median": 0.0171683914959,
        "min": 1.04684674449e-20,
        "var": 0.00130911672022
    },
    "spectral_energyband_high": {
        "dmean": 0.000274814548902,
        "dmean2": 0.000432055501733,
        "dvar": 2.86218408974e-07,
        "dvar2": 7.00045347912e-07,
        "max": 0.011667503044,
        "mean": 0.000723226170521,
        "median": 0.000309020630084,
        "min": 7.47324079229e-21,
        "var": 1.02372712263e-06
    },
    "spectral_energyband_low": {
        "dmean": 0.0130557296798,
        "dmean2": 0.0220216456801,
        "dvar": 0.000765002740081,
        "dvar2": 0.00197745091282,
        "max": 0.226346582174,
        "mean": 0.0185346119106,
        "median": 0.00610673008487,
        "min": 8.81523347048e-23,
        "var": 0.000993190566078
    },
    "spectral_energyband_middle_high": {
        "dmean": 0.00143962586299,
        "dmean2": 0.00219377153553,
        "dvar": 8.00946781965e-06,
        "dvar2": 1.85170592886e-05,
        "max": 0.0454284213483,
        "mean": 0.00506609119475,
        "median": 0.00355602893978,
        "min": 1.59547600233e-21,
        "var": 2.22329726967e-05
    },
    "spectral_energyband_middle_low": {
        "dmean": 0.0029035822954,
        "dmean2": 0.00469145644456,
        "dvar": 3.36936100211e-05,
        "dvar2": 8.57362974784e-05,
        "max": 0.0832096785307,
        "mean": 0.00738493632525,
        "median": 0.00536665506661,
        "min": 3.70035894682e-22,
        "var": 5.50251861569e-05
    },
    "spectral_entropy": {
        "dmean": 0.104450546205,
        "dmean2": 0.160331130028,
        "dvar": 0.0129593899474,
        "dvar2": 0.0294536985457,
        "max": 9.802526474,
        "mean": 7.57009553909,
        "median": 7.59856367111,
        "min": 4.74206352234,
        "var": 0.163973018527
    },
    "spectral_flux": {
        "dmean": 0.030680000782,
        "dmean2": 0.0512022487819,
        "dvar": 0.00230962107889,
        "dvar2": 0.00564691796899,
        "max": 0.418649554253,
        "mean": 0.0872769355774,
        "median": 0.0654672980309,
        "min": 1.02315531048e-10,
        "var": 0.00453472789377
    },
    "spectral_kurtosis": {
        "dmean": 2.64576745033,
        "dmean2": 4.58597612381,
        "dvar": 32.8097267151,
        "dvar2": 92.5295715332,
        "max": 180.102935791,
        "mean": 5.37250566483,
        "median": 3.6830163002,
        "min": -1.15994715691,
        "var": 90.9702453613
    },
    "spectral_rms": {
        "dmean": 0.00103027548175,
        "dmean2": 0.00165442423895,
        "dvar": 2.55971849583e-06,
        "dvar2": 6.03756279816e-06,
        "max": 0.0154013345018,
        "mean": 0.00482155429199,
        "median": 0.00409263372421,
        "min": 3.19580017831e-12,
        "var": 7.15216901881e-06
    },
    "spectral_rolloff": {
        "dmean": 532.188354492,
        "dmean2": 889.455932617,
        "dvar": 464924.03125,
        "dvar2": 986193,
        "max": 19013.8183594,
        "mean": 1843.47497559,
        "median": 1765.72265625,
        "min": 86.1328125,
        "var": 1511669.25
    },
    "spectral_skewness": {
        "dmean": 0.277373552322,
        "dmean2": 0.47176104784,
        "dvar": 0.127465292811,
        "dvar2": 0.377971768379,
        "max": 11.0544891357,
        "mean": 1.09830343723,
        "median": 1.07634949684,
        "min": -0.473927348852,
        "var": 0.669968962669
    },
    "spectral_spread": {
        "dmean": 330075,
        "dmean2": 478869.125,
        "dvar": 247935205376,
        "dvar2": 409328877568,
        "max": 39826016,
        "mean": 3293498.5,
        "median": 2946282.25,
        "min": 439363.5,
        "var": 1.54580379238e+12
    },
    "spectral_strongpeak": {
        "dmean": 0.319694489241,
        "dmean2": 0.563125133514,
        "dvar": 0.275855630636,
        "dvar2": 0.755729317665,
        "max": 6.26767683029,
        "mean": 0.552286863327,
        "median": 0.428165763617,
        "min": 0,
        "var": 0.287446379662
    },
    "zerocrossingrate": {
        "dmean": 0.00858365744352,
        "dmean2": 0.00999339390546,
        "dvar": 8.47471965244e-05,
        "dvar2": 9.62083940976e-05,
        "max": 0.50146484375,
        "mean": 0.0624466389418,
        "median": 0.0625,
        "min": 0.0048828125,
        "var": 0.000653909461107
    },
    "barkbands": {
        "dmean": [0.000224869305384, 0.00976040679961, 0.00428416579962, 0.000590890937019, 0.000878071528859, 0.000889114278834, 0.000536594132427, 0.000528464326635, 0.00102647941094, 0.00035154123907, 0.000399490469135, 0.000324139371514, 0.000230399527936, 0.000295237405226, 0.000166225974681, 0.000180769056897, 0.000196567241801, 0.000190464066691, 0.000283722154563, 0.000163021060871, 0.000126377140987, 4.96450338687e-05, 3.48385146935e-05, 3.05478315568e-05, 2.86185822915e-05, 8.84195196704e-06, 2.7625326311e-06],
        "dmean2": [0.000377831165679, 0.0164239481091, 0.00748833315447, 0.00100797624327, 0.00147831218783, 0.00143014604691, 0.000862707442138, 0.000892054464202, 0.00168622937053, 0.00056841300102, 0.000649227236863, 0.000528141565155, 0.000378641794669, 0.00049122562632, 0.000272492034128, 0.000295942329103, 0.00032156999805, 0.000312395044602, 0.000471738749184, 0.000271835684543, 0.000209915466257, 8.31105207908e-05, 5.40450091648e-05, 4.60181145172e-05, 4.16482907895e-05, 1.30334547066e-05, 4.09772792409e-06],
        "dvar": [2.76374976238e-07, 0.000480348593555, 6.65172483423e-05, 1.36225924052e-06, 2.28654130296e-06, 4.08125515605e-06, 8.1817802311e-07, 2.19714434024e-06, 5.45771536054e-06, 7.05670458956e-07, 1.34068784519e-06, 6.29774376648e-07, 3.43612725828e-07, 2.41206947749e-07, 1.11119881296e-07, 8.08782232298e-08, 6.49433644639e-08, 7.25335880247e-08, 1.2323219778e-07, 5.39874562833e-08, 6.73717721611e-08, 1.33964359605e-08, 7.27711935156e-09, 7.6877730848e-09, 7.81974396347e-09, 7.74094122136e-10, 9.91050783106e-11],
        "dvar2": [7.06635091774e-07, 0.00119748769794, 0.000192301216885, 3.75317085854e-06, 6.3592542574e-06, 9.6234243756e-06, 2.11359611058e-06, 6.06699904893e-06, 1.47372957144e-05, 1.8137330926e-06, 3.54056396645e-06, 1.64204800512e-06, 8.86060433913e-07, 6.30416877812e-07, 2.81862241991e-07, 2.05158343647e-07, 1.66147771097e-07, 1.80642302894e-07, 3.29551255618e-07, 1.47386913341e-07, 1.77698808557e-07, 3.58393066335e-08, 1.7024843757e-08, 1.63819748877e-08, 1.6328442598e-08, 1.68458480498e-09, 2.0813813173e-10],
        "max": [0.00537770567462, 0.160645887256, 0.107519581914, 0.0185754913837, 0.0317522883415, 0.037328582257, 0.0143852261826, 0.0367999151349, 0.0467339269817, 0.0230130515993, 0.0216138549149, 0.0150800887495, 0.00977316871285, 0.00885987654328, 0.00569689692929, 0.00594166247174, 0.00471942126751, 0.0056474423036, 0.00561232119799, 0.0045628962107, 0.00618731509894, 0.00209456123412, 0.00353046879172, 0.00316885276698, 0.00268050096929, 0.000740205985494, 0.000318562291795],
        "mean": [0.000224050847464, 0.0119728222489, 0.00592304952443, 0.000830310804304, 0.00153281644452, 0.00142217171378, 0.00100106012542, 0.000756893132348, 0.0015493548708, 0.000633811054286, 0.000586931942962, 0.000533622689545, 0.000347253226209, 0.000530363933649, 0.000279899861198, 0.000365890766261, 0.000439925759565, 0.000480616319692, 0.000781974347774, 0.000420386146288, 0.000236346721067, 8.38566629682e-05, 7.89810728747e-05, 7.09938103682e-05, 5.57967214263e-05, 1.60742911248e-05, 4.24988320447e-06],
        "median": [8.59545889398e-06, 0.00182775268331, 0.00245502078906, 0.000263242633082, 0.00105222151615, 0.000827111944091, 0.000613149139099, 0.00035273793037, 0.000567376962863, 0.000257436855463, 0.000134600908495, 0.000278442341369, 0.000152986947796, 0.000334090960678, 0.000157974514877, 0.000245787348831, 0.000344513216987, 0.000353771465598, 0.00066908064764, 0.00035769288661, 0.000113313493785, 9.51735819399e-06, 7.32726857677e-06, 6.1349714997e-06, 3.37932124239e-06, 5.10637164552e-07, 2.61541330815e-08],
        "min": [1.51166322933e-23, 6.8606677569e-23, 3.28247152587e-24, 3.02589877629e-23, 7.29757174282e-23, 5.02311788347e-23, 5.58811457883e-23, 4.36314233512e-23, 1.01403645434e-22, 1.0963554782e-22, 9.67400322912e-23, 9.14944796138e-23, 1.66292219609e-22, 6.6778918406e-23, 1.1193864301e-22, 2.20112437883e-22, 1.38825269336e-22, 2.74046466698e-22, 2.59016583861e-22, 1.95801600185e-22, 3.77288820684e-22, 6.04985682855e-22, 6.41410609401e-22, 9.46476980158e-22, 1.00578619359e-21, 1.79859317038e-21, 2.23881945979e-21],
        "var": [2.99856651509e-07, 0.000596799363848, 8.19604101707e-05, 1.97533586288e-06, 3.04768582282e-06, 4.96593202115e-06, 1.34735853408e-06, 2.90535990644e-06, 9.35642037803e-06, 1.54401345753e-06, 2.20420861297e-06, 8.26976759072e-07, 4.31364981068e-07, 4.71664606039e-07, 1.58039640041e-07, 1.70271533761e-07, 1.48050020243e-07, 2.05582139756e-07, 3.1748433571e-07, 1.15594950501e-07, 1.26428318481e-07, 2.64132928862e-08, 3.03623899356e-08, 2.38171313782e-08, 1.9526746442e-08, 1.7396428742e-09, 1.88723411898e-10]
    },
    "erbbands": {
        "dmean": [0.202733650804, 2.56243729591, 6.03159713745, 2.23388195038, 2.33380460739, 3.1995010376, 5.26056337357, 7.66563749313, 6.74923372269, 9.71548080444, 13.4072008133, 24.6131381989, 13.1088628769, 11.0093717575, 13.9626407623, 11.3789587021, 9.63799095154, 11.9052228928, 11.3559188843, 8.83625793457, 10.1243152618, 9.88439941406, 9.69129657745, 13.5786151886, 12.2123212814, 8.0320224762, 6.07521390915, 3.6146876812, 1.8237528801, 1.23349010944, 0.986568689346, 0.68144017458, 0.517991244793, 0.420103311539, 0.140869900584, 0.046898085624, 0.0147393494844, 0.00407665269449, 0.000458158843685, 3.14138924296e-05],
        "dmean2": [0.321735978127, 4.39724779129, 10.6805772781, 3.77006292343, 3.99232244492, 5.40108585358, 8.64909267426, 12.4586639404, 10.8664178848, 16.2433681488, 21.9371089935, 40.2638092041, 21.3736476898, 17.7627048492, 22.3252983093, 18.5015773773, 15.6673631668, 19.5337543488, 18.7112026215, 14.3856220245, 16.5519523621, 16.1340751648, 15.8050794601, 22.6237373352, 20.397228241, 13.3483695984, 10.1250724792, 6.00280666351, 3.0434281826, 1.95812702179, 1.54503643513, 1.05490386486, 0.763998746872, 0.617031574249, 0.207516744733, 0.0693859234452, 0.0218449886888, 0.00603203801438, 0.000679397024214, 4.78068759548e-05],
        "dvar": [0.211303576827, 32.5988388062, 144.816452026, 15.3681516647, 21.4398097992, 24.6648044586, 124.89743042, 374.89163208, 117.727073669, 804.71484375, 1004.18231201, 3344.1105957, 1212.00390625, 596.242004395, 1333.38977051, 959.015441895, 538.162963867, 608.697998047, 342.902404785, 263.446136475, 229.611175537, 160.62310791, 189.223724365, 286.885253906, 260.31817627, 125.552635193, 156.229492188, 66.3610839844, 18.7927360535, 7.68225622177, 6.27581691742, 2.89360499382, 2.85021448135, 1.97845125198, 0.181397810578, 0.0201547835022, 0.00222308002412, 0.000198034118512, 2.6951122436e-06, 5.1452926364e-09],
        "dvar2": [0.496064126492, 84.6536712646, 429.32635498, 40.1124382019, 61.0056724548, 68.9714279175, 311.4894104, 912.741760254, 305.988616943, 2182.22387695, 2720.14746094, 9067.7109375, 3099.0793457, 1582.77941895, 3479.80249023, 2515.01513672, 1397.03491211, 1567.9152832, 872.724975586, 669.751037598, 569.047790527, 403.185333252, 462.553741455, 771.558410645, 706.669128418, 340.073242188, 414.442199707, 174.829971313, 50.4962539673, 19.3554115295, 15.1690673828, 6.35136127472, 5.93671131134, 4.14647340775, 0.395300269127, 0.0434604808688, 0.00503061292693, 0.000416402617702, 5.68156247027e-06, 1.07803463933e-08],
        "max": [4.077480793, 41.9848899841, 129.496124268, 86.3148117065, 68.5231323242, 136.120346069, 181.72795105, 437.814086914, 213.809387207, 577.72277832, 961.130310059, 1339.61328125, 925.719726562, 516.319458008, 644.90045166, 609.646118164, 401.909393311, 520.303466797, 322.762176514, 299.332244873, 367.473846436, 243.763702393, 296.055175781, 365.362487793, 252.530441284, 190.238433838, 342.722381592, 154.104980469, 91.5445098877, 74.2065887451, 100.625961304, 65.8466110229, 73.2944946289, 58.3532180786, 10.6570005417, 4.3028459549, 1.50657045841, 0.439248085022, 0.0446026772261, 0.00224916334264],
        "mean": [0.239443719387, 3.04964470863, 7.77210569382, 3.87282848358, 3.73422241211, 5.62737941742, 8.08123874664, 12.1151304245, 13.3600320816, 14.8912630081, 21.9096736908, 37.735786438, 22.6099796295, 20.3865661621, 23.5530090332, 19.3944377899, 15.9225988388, 21.8318462372, 21.9684696198, 16.3453006744, 22.5906124115, 24.4507045746, 26.1475257874, 36.9775772095, 33.3184432983, 20.9931373596, 12.9547777176, 6.26929998398, 3.02525377274, 2.49982428551, 2.22434544563, 1.5978730917, 1.13239955902, 0.816621899605, 0.264520943165, 0.085855551064, 0.0264446809888, 0.00665407069027, 0.000716655340511, 6.45767795504e-05],
        "median": [0.0241276156157, 0.56439948082, 3.15613985062, 1.88868951797, 2.2619946003, 3.8166680336, 5.08319377899, 6.77306461334, 8.42908668518, 7.21198749542, 10.2273483276, 14.1905479431, 7.65214443207, 8.22027206421, 10.3822898865, 10.397192955, 7.63042354584, 12.2108078003, 15.2437744141, 9.38781166077, 16.0781898499, 19.2096805573, 19.361120224, 30.8267917633, 27.7461853027, 17.7557754517, 7.88871574402, 1.93967604637, 0.412693440914, 0.247929364443, 0.195737868547, 0.140202984214, 0.0986874252558, 0.0492955669761, 0.0155856553465, 0.00370493112132, 0.000690735061653, 9.09030786715e-05, 1.76373432623e-05, 2.36225241679e-05],
        "min": [2.87788938635e-21, 1.18075056434e-20, 6.25039804389e-21, 5.54267168219e-20, 1.46889208063e-19, 2.57326582783e-19, 4.01366593076e-19, 4.2548751578e-19, 9.25065133737e-19, 4.10730742899e-19, 1.83093636854e-18, 1.97852565574e-18, 2.37202891482e-18, 4.19706272931e-18, 3.19424665049e-18, 4.97199820078e-18, 6.83080373172e-18, 4.7512063245e-18, 4.22989311423e-18, 9.67570864168e-18, 8.10094866128e-18, 8.91375039325e-18, 1.48670676963e-17, 1.38676283755e-17, 1.1012567342e-17, 1.08326373608e-17, 1.73802822796e-17, 1.20603603327e-17, 2.1158583583e-17, 2.41009924077e-17, 1.71270458982e-17, 2.0701806177e-17, 1.58176768911e-17, 9.26471402817e-18, 8.52903117189e-18, 5.92367611297e-18, 3.63973531594e-18, 1.20706796176e-18, 2.96908958702e-19, 3.53745824598e-20],
        "var": [0.272794008255, 37.8277549744, 153.980880737, 28.6657810211, 23.7492198944, 38.4619369507, 136.539382935, 417.075378418, 213.29284668, 740.736083984, 1850.30383301, 5927.97509766, 2741.21191406, 1248.53393555, 2144.64331055, 1209.31445312, 732.419128418, 1109.39990234, 578.661010742, 458.544677734, 548.531311035, 396.35949707, 545.333862305, 759.415588379, 635.176208496, 278.589080811, 317.179656982, 114.415267944, 33.2300415039, 24.4177455902, 25.297416687, 11.1179494858, 7.33444881439, 4.70154428482, 0.428680807352, 0.0473501756787, 0.00472966721281, 0.00040663962136, 5.07326831212e-06, 1.14994671563e-08]
    },
    "gfcc": {
        "mean": [-17.6631336212, 117.622131348, -144.642654419, 45.0897254944, -42.7973670959, -6.94236755371, -25.1838665009, 12.651714325, -21.6642169952, -0.297219842672, -4.39756393433, -10.8995838165, -7.67330217361],
        "cov": [[9627.68164062, -2674.74560547, 1372.34997559, 518.83972168, -629.90423584, 1682.30761719, 28.2198295593, 666.248596191, -281.059539795, 208.849105835, -396.662811279, 238.757476807, -156.143737793], [-2674.74560547, 1855.22253418, -698.616333008, -28.3313446045, 394.792480469, -616.376525879, 239.028076172, -259.954223633, 140.561889648, -189.366363525, 145.458557129, -209.522293091, 128.762283325], [1372.34997559, -698.616333008, 1178.44726562, -105.720832825, 6.45861577988, 636.378356934, -72.8459014893, 228.952224731, -75.8664779663, 18.4443054199, -150.517211914, 136.392211914, -82.3431015015], [518.83972168, -28.3313446045, -105.720832825, 428.916381836, -14.6519269943, -26.921295166, 155.337921143, -8.65374755859, 51.3982696533, 51.5395698547, 38.4849662781, -28.8284931183, 31.5822811127], [-629.90423584, 394.792480469, 6.45861577988, -14.6519269943, 281.228637695, -84.8350219727, 82.1097793579, -24.4492778778, 40.3211288452, -30.250169754, 21.4389286041, -21.8320064545, 6.26941394806], [1682.30761719, -616.376525879, 636.378356934, -26.921295166, -84.8350219727, 634.453369141, -52.4517364502, 226.352462769, -66.8340301514, 18.6092681885, -78.2295837402, 84.5107879639, -31.8365421295], [28.2198295593, 239.028076172, -72.8459014893, 155.337921143, 82.1097793579, -52.4517364502, 248.147537231, -10.5680923462, 64.3117752075, 5.43766593933, -1.38891494274, -27.0002593994, 14.4577112198], [666.248596191, -259.954223633, 228.952224731, -8.65374755859, -24.4492778778, 226.352462769, -10.5680923462, 175.19468689, 7.00706481934, 29.9784088135, -19.4708614349, 20.9705295563, -15.4328079224], [-281.059539795, 140.561889648, -75.8664779663, 51.3982696533, 40.3211288452, -66.8340301514, 64.3117752075, 7.00706481934, 109.01448822, 29.9478092194, 31.5066261292, -16.1210021973, 5.60688591003], [208.849105835, -189.366363525, 18.4443054199, 51.5395698547, -30.250169754, 18.6092681885, 5.43766593933, 29.9784088135, 29.9478092194, 102.448806763, 34.6047058105, 29.8286838531, -11.2269153595], [-396.662811279, 145.458557129, -150.517211914, 38.4849662781, 21.4389286041, -78.2295837402, -1.38891494274, -19.4708614349, 31.5066261292, 34.6047058105, 121.419967651, 0.618011713028, 33.4556159973], [238.757476807, -209.522293091, 136.392211914, -28.8284931183, -21.8320064545, 84.5107879639, -27.0002593994, 20.9705295563, -16.1210021973, 29.8286838531, 0.618011713028, 89.1487808228, 5.58252382278], [-156.143737793, 128.762283325, -82.3431015015, 31.5822811127, 6.26941394806, -31.8365421295, 14.4577112198, -15.4328079224, 5.60688591003, -11.2269153595, 33.4556159973, 5.58252382278, 80.3885116577]],
        "icov": [[0.000383749371395, 1.09605252874e-05, 0.000311202515149, -0.000552199664526, 0.000269997632131, -0.000856224389281, -0.000142673728988, -0.000486717326567, 0.000724745099433, -0.000549100746866, 0.00100490939803, -0.000419781048549, 0.000319306069287], [1.09605252874e-05, 0.00348993879743, -0.000244426453719, 0.00162662926596, -0.00216526025906, 0.000847793999128, -0.00230628717691, 0.00205822079442, -0.00215315492824, 0.00443310895935, -0.00357144325972, 0.00491055939347, -0.00322898011655], [0.000311202515149, -0.000244426453719, 0.00290901190601, -0.000648476823699, -0.000836238497868, -0.00285386200994, 0.000561721506529, -0.00080982549116, 0.000616849283688, -0.000955516879912, 0.00296526146121, -0.00290277041495, 0.00170003436506], [-0.000552199664526, 0.00162662926596, -0.000648476823699, 0.00528864143416, -0.000607412599493, 0.00117717997637, -0.00325654423796, 0.00247959746048, -0.00197932566516, 0.000741335155908, -0.00380495283753, 0.00480033550411, -0.00335298362188], [0.000269997632131, -0.00216526025906, -0.000836238497868, -0.000607412599493, 0.00673754420131, 0.000113631314889, -0.000718439405318, -0.00168116297573, 0.000881372601725, -0.00103977357503, 0.00065598153742, -0.00265680998564, 0.00240552565083], [-0.000856224389281, 0.000847793999128, -0.00285386200994, 0.00117717997637, 0.000113631314889, 0.00788541976362, -0.000643499311991, -0.00321295671165, -0.000133425288368, 0.00357841025107, -0.0036721364595, 0.00106474803761, -0.00183047249448], [-0.000142673728988, -0.00230628717691, 0.000561721506529, -0.00325654423796, -0.000718439405318, -0.000643499311991, 0.00863315165043, -0.000992843997665, -0.00176410202403, -0.00259862281382, 0.00449394388124, -0.00323954271153, 0.00144450191874], [-0.000486717326567, 0.00205822079442, -0.00080982549116, 0.00247959746048, -0.00168116297573, -0.00321295671165, -0.000992843997665, 0.0144855296239, -0.00535094086081, 5.35661783942e-05, -0.00314589287154, 0.00633034529164, -0.00297735142522], [0.000724745099433, -0.00215315492824, 0.000616849283688, -0.00197932566516, 0.000881372601725, -0.000133425288368, -0.00176410202403, -0.00535094086081, 0.0171471200883, -0.00755085749552, 0.00227676751092, -0.00205606641248, 0.00237917574123], [-0.000549100746866, 0.00443310895935, -0.000955516879912, 0.000741335155908, -0.00103977357503, 0.00357841025107, -0.00259862281382, 5.35661783942e-05, -0.00755085749552, 0.0243201032281, -0.011360835284, -0.00035548247979, 0.00121454382315], [0.00100490939803, -0.00357144325972, 0.00296526146121, -0.00380495283753, 0.00065598153742, -0.0036721364595, 0.00449394388124, -0.00314589287154, 0.00227676751092, -0.011360835284, 0.0205743014812, -0.00700559746474, -0.000534369668458], [-0.000419781048549, 0.00491055939347, -0.00290277041495, 0.00480033550411, -0.00265680998564, 0.00106474803761, -0.00323954271153, 0.00633034529164, -0.00205606641248, -0.00035548247979, -0.00700559746474, 0.0261626075953, -0.00992086250335], [0.000319306069287, -0.00322898011655, 0.00170003436506, -0.00335298362188, 0.00240552565083, -0.00183047249448, 0.00144450191874, -0.00297735142522, 0.00237917574123, 0.00121454382315, -0.000534369668458, -0.00992086250335, 0.0204615816474]]
    },
    "melbands": {
        "dmean": [0.00224741315469, 0.00326832244173, 0.000395237642806, 0.000204665237106, 0.000165516583365, 0.000167247329955, 0.000105225146399, 0.000108235923108, 0.000130996428197, 0.000145797879668, 6.40880389255e-05, 4.34938665421e-05, 5.43400237802e-05, 4.11909604736e-05, 2.53877587966e-05, 2.01858983928e-05, 2.53143261943e-05, 2.24622908718e-05, 1.19731375889e-05, 1.17267527457e-05, 1.32635459522e-05, 1.14414442578e-05, 1.14569011203e-05, 9.26316715777e-06, 1.26281674966e-05, 1.20519671327e-05, 7.45751231079e-06, 5.24395591128e-06, 4.57922260466e-06, 3.08294556817e-06, 1.96895757654e-06, 1.18655668757e-06, 7.56821407322e-07, 7.08549976025e-07, 6.43968178338e-07, 5.63877392779e-07, 4.04522864983e-07, 3.60989162118e-07, 4.54123608051e-07, 3.52740386234e-07],
        "dmean2": [0.00364681147039, 0.00574583560228, 0.000671186950058, 0.000343356019584, 0.000272832956398, 0.000269993586699, 0.000168869722984, 0.000181556140888, 0.000213906008867, 0.000239097280428, 0.000104537211882, 7.02729448676e-05, 8.78101491253e-05, 6.77300849929e-05, 4.1962510295e-05, 3.32797826559e-05, 4.18191812059e-05, 3.71736023226e-05, 1.96636065084e-05, 1.92103525478e-05, 2.17523556785e-05, 1.88325939234e-05, 1.88788799278e-05, 1.5221718968e-05, 2.11673814192e-05, 2.01261809707e-05, 1.2536173017e-05, 8.75029036251e-06, 7.64079049986e-06, 5.1559777603e-06, 3.3155829442e-06, 2.00307772502e-06, 1.2424036413e-06, 1.12836573862e-06, 1.02690319181e-06, 9.01135479126e-07, 6.26438918516e-07, 5.52346079985e-07, 6.82781376327e-07, 5.2801971151e-07],
        "dvar": [2.5902489142e-05, 4.64536242362e-05, 4.497792645e-07, 1.11327295826e-07, 1.09396729897e-07, 1.63495954553e-07, 2.82718399802e-08, 1.05681557727e-07, 8.57130686427e-08, 1.16836311292e-07, 2.96322237858e-08, 8.76203021249e-09, 2.45551756706e-08, 1.04914565924e-08, 5.28726884497e-09, 2.56233145812e-09, 2.42645192827e-09, 1.22499121957e-09, 5.91117710336e-10, 4.38096198208e-10, 3.90326743149e-10, 2.27840468714e-10, 2.18468507174e-10, 2.03129360554e-10, 2.43805836631e-10, 2.29299884635e-10, 1.00945252157e-10, 5.21424153854e-11, 1.01363924199e-10, 4.23472368283e-11, 2.08193063483e-11, 8.11938103557e-12, 3.02737630971e-12, 2.61066710784e-12, 2.99558858621e-12, 2.20056676874e-12, 1.13219264693e-12, 1.31190956536e-12, 2.71879198842e-12, 1.28437386594e-12],
        "dvar2": [6.04927445238e-05, 0.000133039036882, 1.19503329188e-06, 3.1124426414e-07, 2.74392334632e-07, 3.92261739535e-07, 7.32045819518e-08, 2.89050063884e-07, 2.29900535942e-07, 3.16319642479e-07, 7.58013314339e-08, 2.33923120874e-08, 6.46109228342e-08, 2.75955063245e-08, 1.40274716287e-08, 6.71685107534e-09, 6.22883566948e-09, 3.20428528156e-09, 1.52988444135e-09, 1.12667342123e-09, 9.7124419618e-10, 5.85129666941e-10, 5.62100033186e-10, 4.9787213241e-10, 6.64051036381e-10, 6.26062479636e-10, 2.77098038959e-10, 1.42097736355e-10, 2.72559586012e-10, 1.12411600861e-10, 5.54041812428e-11, 2.20203213303e-11, 8.02339184675e-12, 6.50806838975e-12, 7.55172053363e-12, 5.00071295137e-12, 2.53779484406e-12, 2.9217717655e-12, 5.72439361538e-12, 2.77760626999e-12],
        "max": [0.0411835461855, 0.0630558356643, 0.0122801838443, 0.00679484801367, 0.0053196111694, 0.00868376996368, 0.00322208553553, 0.00667590182275, 0.00681029399857, 0.00757214752957, 0.0045836372301, 0.00191366649233, 0.00271076895297, 0.00218979199417, 0.00136285310145, 0.00083423772594, 0.00105746497866, 0.000569082156289, 0.000593216856942, 0.000473982770927, 0.000441030249931, 0.000278965890175, 0.000287343573291, 0.000416293652961, 0.000315935787512, 0.000234178383835, 0.000198000780074, 0.000116928873467, 0.000285587564576, 0.000134644957143, 7.9987818026e-05, 6.19111160631e-05, 4.58563517896e-05, 4.52800486528e-05, 5.16918080393e-05, 7.75229273131e-05, 2.89493982564e-05, 4.34892172052e-05, 6.22380030109e-05, 4.2224110075e-05],
        "mean": [0.00280815595761, 0.00419509736821, 0.000704158854205, 0.000366276246496, 0.000274680525763, 0.000268706411589, 0.000206545402762, 0.000162329874001, 0.000209930512938, 0.000221381284064, 0.000105183018604, 7.86534510553e-05, 8.44567257445e-05, 6.72678943374e-05, 3.79568555218e-05, 3.13431592076e-05, 4.41792944912e-05, 4.068312046e-05, 2.00951781153e-05, 2.16027165152e-05, 2.76595928881e-05, 2.46886684181e-05, 2.57442989096e-05, 2.20084803004e-05, 3.09640054184e-05, 2.95998470392e-05, 1.79144408321e-05, 1.24882035379e-05, 8.94088498171e-06, 5.46481533092e-06, 2.9141979212e-06, 1.75365414634e-06, 1.38713210163e-06, 1.38561483709e-06, 1.32135789954e-06, 1.19995854675e-06, 8.80838911144e-07, 7.35039179744e-07, 8.73090698406e-07, 6.39022232463e-07],
        "median": [0.000364403938875, 0.00152433873154, 0.000369853805751, 0.00024204023066, 0.000187071389519, 0.000152716529556, 0.00013478010078, 8.02141730674e-05, 9.35967036639e-05, 8.15525418147e-05, 3.15828801831e-05, 3.25244254782e-05, 2.78809457086e-05, 3.44954096363e-05, 1.53548226081e-05, 1.44379491758e-05, 2.47721782216e-05, 2.72913148365e-05, 1.14314143502e-05, 1.30115931825e-05, 1.93999221665e-05, 1.9013434212e-05, 1.96809342015e-05, 1.52706597873e-05, 2.58650543401e-05, 2.46588460868e-05, 1.53190812853e-05, 1.0249654224e-05, 5.24344250152e-06, 2.62039202426e-06, 5.29977853603e-07, 2.15153519889e-07, 1.56563459086e-07, 1.27380445747e-07, 1.08898021267e-07, 1.09468473397e-07, 7.64539578313e-08, 7.09754317541e-08, 5.86659005819e-08, 3.47564039771e-08],
        "min": [2.21050721665e-23, 6.93578735214e-24, 1.17461420342e-23, 1.51286608444e-23, 1.31701834851e-23, 1.01516592961e-23, 1.31123418369e-23, 4.5221155569e-24, 1.82632233171e-23, 1.12986512194e-23, 1.27047113748e-23, 1.77910364228e-23, 1.06580393663e-23, 8.42462110465e-24, 2.01358560438e-23, 1.23398655727e-23, 8.19545306737e-24, 5.20341606655e-24, 1.05005156765e-23, 1.67463495037e-23, 7.45634088628e-24, 7.08896362955e-24, 1.4152525938e-23, 1.36267958986e-23, 1.07724076315e-23, 9.93767604238e-24, 5.77953854057e-24, 7.14980926003e-24, 1.04779936976e-23, 8.50048349132e-24, 6.4398261623e-24, 1.22665914387e-23, 1.16063787587e-23, 1.34264441613e-23, 9.01557416369e-24, 1.20070475234e-23, 1.25847350975e-23, 1.03347002696e-23, 9.58852699459e-24, 7.04467934492e-24],
        "var": [3.45512635249e-05, 5.00612877659e-05, 8.41330461299e-07, 1.73923751845e-07, 1.26914571297e-07, 1.91132244254e-07, 5.16924281158e-08, 9.44391231883e-08, 1.57272680212e-07, 2.06166234307e-07, 6.56132215227e-08, 1.82523205439e-08, 3.97175554667e-08, 1.32207320647e-08, 6.16278361676e-09, 3.4251024239e-09, 4.56415083505e-09, 2.1486890045e-09, 8.13534017929e-10, 7.70202346345e-10, 9.27872612078e-10, 4.83998674472e-10, 5.03644292937e-10, 5.59561785796e-10, 5.62255297876e-10, 5.13622977483e-10, 2.01978003767e-10, 1.10633738282e-10, 1.96083996262e-10, 7.06537189865e-11, 3.05469330386e-11, 1.21466057698e-11, 7.67087868919e-12, 8.16323311031e-12, 9.99188405626e-12, 7.38351740859e-12, 3.6545610288e-12, 3.018178589e-12, 6.01110003787e-12, 2.89041989128e-12]
    },
    "mfcc": {
        "mean": [-646.625976562, 134.728317261, -30.1153182983, 45.9565391541, 3.55343008041, -8.18677330017, 10.5629501343, 0.558554649353, -2.2876458168, 8.24199390411, 0.0413164682686, 3.07277917862, -0.012577152811],
        "cov": [[6856.7890625, -1422.69689941, 1097.94836426, -486.543457031, 40.7752876282, 509.179626465, 348.141082764, 483.970489502, 318.654846191, 198.068984985, 81.259437561, -45.2738342285, -81.8514556885], [-1422.69689941, 1249.70275879, -542.811706543, 254.825805664, 18.9792499542, -124.510002136, 25.4074859619, -37.6048355103, -27.7402801514, 20.3655719757, -36.629776001, -28.3441314697, -38.5578536987], [1097.94836426, -542.811706543, 986.187744141, -384.083679199, 182.691101074, 223.371078491, 105.295188904, 217.732086182, 99.7455062866, 33.6869392395, 36.7077064514, -38.8195495605, -31.3223896027], [-486.543457031, 254.825805664, -384.083679199, 558.973205566, -132.009475708, -19.8320350647, 13.4475030899, -106.355003357, 15.6707029343, 16.0975208282, 6.21412181854, 53.4440536499, 41.9468650818], [40.7752876282, 18.9792499542, 182.691101074, -132.009475708, 234.942550659, 26.9234523773, 34.0634994507, 71.2265930176, 2.88862991333, 14.7004346848, 16.9201717377, -10.0850028992, -5.75479507446], [509.179626465, -124.510002136, 223.371078491, -19.8320350647, 26.9234523773, 175.247802734, 75.8360977173, 84.8033294678, 56.9625778198, 19.0594406128, 14.025094986, -6.28334856033, -0.393419742584], [348.141082764, 25.4074859619, 105.295188904, 13.4475030899, 34.0634994507, 75.8360977173, 134.839630127, 76.6848297119, 40.438129425, 31.9774684906, 12.0113477707, 2.91153693199, -7.59633922577], [483.970489502, -37.6048355103, 217.732086182, -106.355003357, 71.2265930176, 84.8033294678, 76.6848297119, 163.443725586, 71.5030136108, 42.0034370422, 17.4909954071, -24.0930252075, -21.172908783], [318.654846191, -27.7402801514, 99.7455062866, 15.6707029343, 2.88862991333, 56.9625778198, 40.438129425, 71.5030136108, 109.348266602, 46.1554145813, 17.4962711334, -9.42310810089, -0.704793512821], [198.068984985, 20.3655719757, 33.6869392395, 16.0975208282, 14.7004346848, 19.0594406128, 31.9774684906, 42.0034370422, 46.1554145813, 82.0491256714, 37.4640808105, 13.6666126251, -11.159538269], [81.259437561, -36.629776001, 36.7077064514, 6.21412181854, 16.9201717377, 14.025094986, 12.0113477707, 17.4909954071, 17.4962711334, 37.4640808105, 84.9642028809, 39.2546577454, 12.0841646194], [-45.2738342285, -28.3441314697, -38.8195495605, 53.4440536499, -10.0850028992, -6.28334856033, 2.91153693199, -24.0930252075, -9.42310810089, 13.6666126251, 39.2546577454, 79.5561981201, 39.5396537781], [-81.8514556885, -38.5578536987, -31.3223896027, 41.9468650818, -5.75479507446, -0.393419742584, -7.59633922577, -21.172908783, -0.704793512821, -11.159538269, 12.0841646194, 39.5396537781, 71.3042526245]],
