{
"lowlevel": {
    "average_loudness": 0.902122139931,
    "barkbands_crest": {
        "dmean": 2.0899412632,
        "dmean2": 3.40689778328,
        "dvar": 4.4173989296,
        "dvar2": 11.2730979919,
        "max": 26.6452541351,
        "mean": 12.2000675201,
        "median": 11.5161418915,
        "min": 2.84910440445,
        "var": 17.7319984436
    },
    "barkbands_flatness_db": {
        "dmean": 0.0313997715712,
        "dmean2": 0.0427279435098,
        "dvar": 0.00118637259584,
        "dvar2": 0.00239775632508,
        "max": 0.694131195545,
        "mean": 0.267421871424,
        "median": 0.255879223347,
        "min": 0.0420709997416,
        "var": 0.00804394483566
    },
    "barkbands_kurtosis": {
        "dmean": 11.1264686584,
        "dmean2": 18.1504001617,
        "dvar": 4329.63818359,
        "dvar2": 12084.5273438,
        "max": 2361.49560547,
        "mean": 19.8079204559,
        "median": 11.1386108398,
        "min": -1.89741826057,
        "var": 4115.69970703
    },
    "barkbands_skewness": {
        "dmean": 0.793141186237,
        "dmean2": 1.2112030983,
        "dvar": 2.16080451012,
        "dvar2": 5.3597650528,
        "max": 46.1415557861,
        "mean": 2.81318688393,
        "median": 2.71172451973,
        "min": -3.09869623184,
        "var": 3.8847784996
    },
    "barkbands_spread": {
        "dmean": 3.73967862129,
        "dmean2": 5.76133441925,
        "dvar": 35.949672699,
        "dvar2": 80.4654388428,
        "max": 110.780632019,
        "mean": 10.728729248,
        "median": 6.96584558487,
        "min": 0.0564450770617,
        "var": 128.328338623
    },
    "dissonance": {
        "dmean": 0.0233973152936,
        "dmean2": 0.0363747403026,
        "dvar": 0.000644330342766,
        "dvar2": 0.00142784416676,
        "max": 0.500000119209,
        "mean": 0.432278096676,
        "median": 0.450058311224,
        "min": 0.119602121413,
        "var": 0.00346791022457
    },
    "dynamic_complexity": 3.63783597946,
    "erbbands_crest": {
        "dmean": 2.46647071838,
        "dmean2": 3.91909646988,
        "dvar": 6.90403842926,
        "dvar2": 17.0090618134,
        "max": 32.2976493835,
        "mean": 10.9657392502,
        "median": 9.74409198761,
        "min": 2.59669399261,
        "var": 27.2751159668
    },
    "erbbands_flatness_db": {
        "dmean": 0.0247700884938,
        "dmean2": 0.0314657650888,
        "dvar": 0.00073710893048,
        "dvar2": 0.00123920431361,
        "max": 0.527586996555,
        "mean": 0.241847708821,
        "median": 0.236738741398,
        "min": 0.0526262149215,
        "var": 0.00458465376869
    },
    "erbbands_kurtosis": {
        "dmean": 3.05550098419,
        "dmean2": 4.69139623642,
        "dvar": 94.4695510864,
        "dvar2": 197.603759766,
        "max": 563.978393555,
        "mean": 5.11051368713,
        "median": -0.115530729294,
        "min": -1.96033751965,
        "var": 678.919616699
    },
    "erbbands_skewness": {
        "dmean": 0.524504482746,
        "dmean2": 0.777124941349,
        "dvar": 0.462250739336,
        "dvar2": 1.00515115261,
        "max": 18.1818885803,
        "mean": 1.21019625664,
        "median": 0.933072090149,
        "min": -3.74173808098,
        "var": 2.60093379021
    },
    "erbbands_spread": {
        "dmean": 8.98517227173,
        "dmean2": 13.1544866562,
        "dvar": 132.396820068,
        "dvar2": 272.642059326,
        "max": 157.946853638,
        "mean": 38.5597877502,
        "median": 40.3325195312,
        "min": 0.403329700232,
        "var": 440.998687744
    },
    "hfc": {
        "dmean": 3.4548163414,
        "dmean2": 5.04296445847,
        "dvar": 35.1534538269,
        "dvar2": 79.7529449463,
        "max": 127.400726318,
        "mean": 10.8545942307,
        "median": 8.70401668549,
        "min": 1.21926859042e-16,
        "var": 89.8323822021
    },
    "melbands_crest": {
        "dmean": 2.69907855988,
        "dmean2": 4.4224395752,
        "dvar": 7.52228116989,
        "dvar2": 19.4816627502,
        "max": 39.9815711975,
        "mean": 16.6788101196,
        "median": 16.0719738007,
        "min": 2.53660511971,
        "var": 24.7868041992
    },
    "melbands_flatness_db": {
        "dmean": 0.0370030961931,
        "dmean2": 0.049943394959,
        "dvar": 0.00171909853816,
        "dvar2": 0.00345151755027,
        "max": 0.803056001663,
        "mean": 0.349831193686,
        "median": 0.335790246725,
        "min": 0.00689943833277,
        "var": 0.0121880583465
    },
    "melbands_kurtosis": {
        "dmean": 16.7979545593,
        "dmean2": 26.6098709106,
        "dvar": 9630.78417969,
        "dvar2": 26048.3789062,
        "max": 5968.53955078,
        "mean": 35.2588691711,
        "median": 24.5097045898,
        "min": -1.84412693977,
        "var": 7673.61865234
    },
    "melbands_skewness": {
        "dmean": 0.954256772995,
        "dmean2": 1.42196464539,
        "dvar": 2.58370757103,
        "dvar2": 5.65197753906,
        "max": 74.2698822021,
        "mean": 3.97079896927,
        "median": 3.80372905731,
        "min": -2.12413716316,
        "var": 5.24338054657
    },
    "melbands_spread": {
        "dmean": 3.63997149467,
        "dmean2": 5.60145950317,
        "dvar": 46.3690605164,
        "dvar2": 101.589080811,
        "max": 168.407913208,
        "mean": 9.91243171692,
        "median": 5.60499811172,
        "min": 0.0572735704482,
        "var": 185.988082886
    },
    "pitch_salience": {
        "dmean": 0.0682090744376,
        "dmean2": 0.111002884805,
        "dvar": 0.00521533191204,
        "dvar2": 0.013335169293,
        "max": 0.848907291889,
        "mean": 0.532648384571,
        "median": 0.546086728573,
        "min": 0.00515482760966,
        "var": 0.0183874070644
    },
    "silence_rate_20dB": {
        "dmean": 0,
        "dmean2": 0,
        "dvar": 0,
        "dvar2": 0,
        "max": 1,
        "mean": 1,
        "median": 1,
        "min": 1,
        "var": 0
    },
    "silence_rate_30dB": {
        "dmean": 0.0214679427445,
        "dmean2": 0.0429389998317,
        "dvar": 0.021005185321,
        "dvar2": 0.0522592626512,
        "max": 1,
        "mean": 0.98339253664,
        "median": 1,
        "min": 0,
        "var": 0.0163307413459
    },
    "silence_rate_60dB": {
        "dmean": 0.0250942856073,
        "dmean2": 0.0501922108233,
        "dvar": 0.0244642980397,
        "dvar2": 0.0569543726742,
        "max": 1,
        "mean": 0.076220177114,
        "median": 0,
        "min": 0,
        "var": 0.0704012140632
    },
    "spectral_centroid": {
        "dmean": 193.232681274,
        "dmean2": 293.717895508,
        "dvar": 82199.96875,
        "dvar2": 181887.671875,
        "max": 11040.8359375,
        "mean": 775.760009766,
        "median": 572.823608398,
        "min": 79.9646987915,
        "var": 358980.84375
    },
    "spectral_complexity": {
        "dmean": 2.65796351433,
        "dmean2": 4.13534498215,
        "dvar": 14.0269699097,
        "dvar2": 31.604391098,
        "max": 48,
        "mean": 11.7152080536,
        "median": 10,
        "min": 0,
        "var": 54.9940605164
    },
    "spectral_decrease": {
        "dmean": 2.55988585884e-09,
        "dmean2": 3.84173626244e-09,
        "dvar": 2.34846171199e-17,
        "dvar2": 5.43533895413e-17,
        "max": 3.35742425974e-19,
        "mean": -7.78979547533e-09,
        "median": -6.12315220749e-09,
        "min": -5.96033373768e-08,
        "var": 4.84751926456e-17
    },
    "spectral_energy": {
        "dmean": 0.00991345848888,
        "dmean2": 0.014848115854,
        "dvar": 0.000349571055267,
        "dvar2": 0.000807520118542,
        "max": 0.230039045215,
        "mean": 0.0303850620985,
        "median": 0.0240729022771,
        "min": 1.06997775172e-20,
        "var": 0.000726455065887
    },
    "spectral_energyband_high": {
        "dmean": 0.000145833619172,
        "dmean2": 0.000221871639951,
        "dvar": 1.69430862229e-07,
        "dvar2": 4.25790744885e-07,
        "max": 0.0179705303162,
        "mean": 0.000223230294068,
        "median": 6.36118929833e-05,
        "min": 7.66693514936e-21,
        "var": 1.94629024008e-07
    },
    "spectral_energyband_low": {
        "dmean": 0.00522564677522,
        "dmean2": 0.00813711434603,
        "dvar": 0.000119699667266,
        "dvar2": 0.000285779271508,
        "max": 0.150044202805,
        "mean": 0.0120537923649,
        "median": 0.00654591061175,
        "min": 8.40424892954e-23,
        "var": 0.000239299290115
    },
    "spectral_energyband_middle_high": {
        "dmean": 0.000656484509818,
        "dmean2": 0.000973480928224,
        "dvar": 1.19492847261e-06,
        "dvar2": 2.63242418441e-06,
        "max": 0.0209087040275,
        "mean": 0.00179278326686,
        "median": 0.000893753254786,
        "min": 1.51074976626e-21,
        "var": 4.82756877318e-06
    },
    "spectral_energyband_middle_low": {
        "dmean": 0.0066404514946,
        "dmean2": 0.0101675363258,
        "dvar": 0.000209788689972,
        "dvar2": 0.000511618331075,
        "max": 0.223710104823,
        "mean": 0.0189422518015,
        "median": 0.0144161321223,
        "min": 2.30948811879e-22,
        "var": 0.00035352591658
    },
    "spectral_entropy": {
        "dmean": 0.303685665131,
        "dmean2": 0.414258956909,
        "dvar": 0.133287593722,
        "dvar2": 0.251784622669,
        "max": 9.80237865448,
        "mean": 6.47881221771,
        "median": 6.6288728714,
        "min": 2.65144491196,
        "var": 0.797681152821
    },
    "spectral_flux": {
        "dmean": 0.0258388351649,
        "dmean2": 0.0402095019817,
        "dvar": 0.0013272643555,
        "dvar2": 0.00291329668835,
        "max": 0.417040228844,
        "mean": 0.0621622651815,
        "median": 0.050911527127,
        "min": 1.03439729005e-10,
        "var": 0.00258133467287
    },
    "spectral_kurtosis": {
        "dmean": 7.95064783096,
        "dmean2": 12.4761743546,
        "dvar": 172.339813232,
        "dvar2": 350.065032959,
        "max": 352.787078857,
        "mean": 15.0972042084,
        "median": 5.43671035767,
        "min": -1.14184486866,
        "var": 838.134521484
    },
    "spectral_rms": {
        "dmean": 0.000826757459436,
        "dmean2": 0.0011895049829,
        "dvar": 1.46914203469e-06,
        "dvar2": 2.9546533824e-06,
        "max": 0.0149809326977,
        "mean": 0.00490529509261,
        "median": 0.0048462105915,
        "min": 3.23091423407e-12,
        "var": 5.5818659348e-06
    },
    "spectral_rolloff": {
        "dmean": 249.778808594,
        "dmean2": 428.997711182,
        "dvar": 488446.4375,
        "dvar2": 1079167.375,
        "max": 19229.1503906,
        "mean": 706.735412598,
        "median": 344.53125,
        "min": 21.533203125,
        "var": 2222092.5
    },
    "spectral_skewness": {
        "dmean": 0.65722733736,
        "dmean2": 1.00856137276,
        "dvar": 0.657077074051,
        "dvar2": 1.33186757565,
        "max": 16.7932376862,
        "mean": 2.19077157974,
        "median": 1.51089584827,
        "min": -0.146607741714,
        "var": 3.83583116531
    },
    "spectral_spread": {
        "dmean": 500972.90625,
        "dmean2": 682923.75,
        "dvar": 533958885376,
        "dvar2": 853023064064,
        "max": 39294580,
        "mean": 2986283.25,
        "median": 2785993.75,
        "min": 274481.59375,
        "var": 2.0962991145e+12
    },
    "spectral_strongpeak": {
        "dmean": 0.280452698469,
        "dmean2": 0.464491009712,
        "dvar": 0.234441503882,
        "dvar2": 0.588949263096,
        "max": 11.2046957016,
        "mean": 0.771276593208,
        "median": 0.621539235115,
        "min": 0,
        "var": 0.409647256136
    },
    "zerocrossingrate": {
        "dmean": 0.00625600619242,
        "dmean2": 0.00747151393443,
        "dvar": 9.90613407339e-05,
        "dvar2": 0.000106914565549,
        "max": 0.52099609375,
        "mean": 0.0315546393394,
        "median": 0.0244140625,
        "min": 0.0029296875,
        "var": 0.00133538187947
    },
    "barkbands": {
        "dmean": [1.82755939022e-05, 0.00137892144267, 0.00328723038547, 0.00255651236512, 0.00361162284389, 0.0015475313412, 0.000456065143226, 0.000163140182849, 0.000139421710628, 0.000119254291349, 6.76031413605e-05, 5.2835628594e-05, 7.00896343915e-05, 6.20889695711e-05, 0.000141588025144, 0.000114619688247, 0.000216834087041, 6.86740604579e-05, 0.000155037589138, 9.72945563262e-05, 5.33448910573e-05, 4.16807051806e-05, 7.28071654521e-06, 1.38555060403e-05, 6.47199703963e-06, 2.02152364182e-06, 3.08068905497e-07],
        "dmean2": [2.95830704999e-05, 0.00232423422858, 0.0051583214663, 0.00407919799909, 0.00574797717854, 0.00244956486858, 0.000676771334838, 0.000252792029642, 0.000210836660699, 0.000174847577, 0.000105080536741, 7.87965473137e-05, 0.000110453736852, 9.67655869317e-05, 0.000216866494156, 0.000180120056029, 0.000337961391779, 0.000108442371129, 0.000245116709266, 0.00015402547433, 8.39360582177e-05, 6.63729879307e-05, 1.16357878142e-05, 2.25360308832e-05, 1.00866845969e-05, 2.98601435134e-06, 4.54810475503e-07],
        "dvar": [4.60823157411e-09, 2.05964825e-05, 4.50814841315e-05, 7.45534416637e-05, 5.65557238588e-05, 6.43923704047e-06, 7.4998160926e-07, 1.48157567992e-07, 2.20396202621e-07, 1.18527303528e-07, 4.01705335662e-08, 1.24506644994e-08, 2.50859919504e-08, 2.64746748968e-08, 1.85251138873e-07, 7.26644557858e-08, 2.38353578652e-07, 1.94570848322e-08, 1.18285598205e-07, 4.12427212382e-08, 1.31941888526e-08, 7.35828393772e-08, 5.8241439449e-10, 2.44695730345e-09, 4.77936357157e-10, 4.52155951569e-11, 1.0164877837e-12],
        "dvar2": [1.20928058678e-08, 5.47466479475e-05, 0.000106907871668, 0.00017934506468, 0.00014572274813, 1.69079739862e-05, 1.80574249953e-06, 3.45854601846e-07, 4.99898419548e-07, 2.28824859505e-07, 9.16288485087e-08, 2.59753267784e-08, 5.84249768565e-08, 6.10480341834e-08, 3.66540461982e-07, 1.69188439259e-07, 5.25811628904e-07, 4.6258168851e-08, 2.95594304589e-07, 9.40733855259e-08, 3.17635695524e-08, 2.03876112437e-07, 1.52391543828e-09, 6.40018615883e-09, 1.15951759305e-09, 1.01952495057e-10, 2.29689206023e-12],
        "max": [0.00127622042783, 0.0669459700584, 0.0953278690577, 0.143885225058, 0.117315381765, 0.0560464151204, 0.0206823032349, 0.00701057212427, 0.0171215385199, 0.0105959996581, 0.0075866044499, 0.00309765036218, 0.00378763163462, 0.00513903377578, 0.0146200954914, 0.00695861550048, 0.0113953286782, 0.00368436076678, 0.00899174530059, 0.00617941003293, 0.00241725356318, 0.0134311206639, 0.000906994915567, 0.000527151103597, 0.000227286407608, 7.0982358011e-05, 1.08384328996e-05],
        "mean": [2.39765322476e-05, 0.00226770131849, 0.00718759605661, 0.00470429845154, 0.00878249295056, 0.00368126551621, 0.00109781860374, 0.000316377554554, 0.000259276508586, 0.000242556692683, 0.000114251917694, 9.64116916293e-05, 0.000111413857667, 0.000100098914118, 0.000211781036342, 0.000166363053722, 0.000359147350537, 0.000107741660031, 0.000241536341491, 0.000154668348841, 8.37452316773e-05, 4.94542109664e-05, 7.06239006831e-06, 1.07140440377e-05, 5.24174856764e-06, 1.75649290668e-06, 2.79907709455e-07],
        "median": [3.8437525518e-07, 0.000446645804914, 0.00296203140169, 0.00196119141765, 0.00543472869322, 0.0021466021426, 0.000460935407318, 0.000117861090985, 5.2971587138e-05, 5.37424020877e-05, 2.40808985836e-05, 3.57154967787e-05, 2.92140139209e-05, 1.6090920326e-05, 4.82891555293e-05, 5.53323807253e-05, 0.000107873784145, 3.23271779052e-05, 6.30776994512e-05, 4.86659628223e-05, 1.76982866833e-05, 9.39535402722e-06, 3.72981929786e-07, 8.0746396236e-08, 3.39322028253e-08, 2.93098612048e-08, 2.14898125961e-08],
        "min": [5.02743500366e-24, 3.1379132383e-23, 2.97302079873e-23, 2.76898476549e-23, 2.46201027273e-23, 3.18793837929e-23, 7.2524962307e-23, 1.81019722594e-23, 4.61734834421e-23, 5.73976015054e-23, 4.83527148482e-23, 7.05376008057e-23, 8.09990071251e-23, 1.62696768307e-22, 4.46921478125e-23, 1.78207414535e-22, 1.56836958042e-22, 2.15666594526e-22, 4.30960291347e-22, 1.56170288536e-22, 5.41360125477e-22, 5.67063107035e-22, 6.13521738451e-22, 1.00925112312e-21, 7.81466362909e-22, 1.92681444521e-21, 2.42644345015e-21],
        "var": [6.57257537284e-09, 2.53296002484e-05, 0.000106000203232, 8.37142579257e-05, 0.000106393497845, 2.09340105357e-05, 3.09943607135e-06, 3.7584123902e-07, 6.39142115233e-07, 4.35256339415e-07, 1.20224015632e-07, 3.32852252427e-08, 4.9877908026e-08, 6.20884961222e-08, 3.43952706316e-07, 1.20112048307e-07, 4.95197639339e-07, 3.57405554041e-08, 2.03190737125e-07, 7.0742444791e-08, 2.30966215042e-08, 5.19310674463e-08, 5.29800037175e-10, 1.91991111897e-09, 4.25717516794e-10, 4.53666305911e-11, 1.02523187422e-12]
    },
    "erbbands": {
        "dmean": [0.00991177558899, 0.438209086657, 3.20048904419, 6.03842115402, 12.6935968399, 11.2313728333, 13.8394775391, 9.18672466278, 8.66589736938, 4.73766946793, 3.15138435364, 3.66004180908, 3.23260879517, 3.18341588974, 2.41571331024, 2.41237545013, 3.48281407356, 3.24449896812, 6.36772727966, 6.94234275818, 7.15773916245, 9.93563175201, 4.23577022552, 4.87063550949, 8.55843257904, 4.90207195282, 2.76452326775, 1.65758895874, 1.64835381508, 0.562909722328, 0.220045208931, 0.232140481472, 0.245863929391, 0.0693101137877, 0.0562009476125, 0.0165502913296, 0.00195090414491, 0.000522602465935, 5.38532003702e-05, 1.25817323351e-05],
        "dmean2": [0.0155033348128, 0.734812796116, 5.10671663284, 9.38406276703, 20.3477249146, 17.8231887817, 22.4294376373, 14.2961492538, 12.7339611053, 7.30658483505, 4.76322650909, 5.52145576477, 4.70294189453, 4.80224990845, 3.72359871864, 3.59921169281, 5.43749666214, 5.04091501236, 9.73876857758, 10.799243927, 11.0923843384, 15.4701223373, 6.6216006279, 7.59218645096, 13.6481637955, 7.74054813385, 4.32480049133, 2.60592699051, 2.59868764877, 0.883714735508, 0.361839681864, 0.389009147882, 0.390263676643, 0.10457354039, 0.089221008122, 0.0247028898448, 0.00304648047313, 0.000785402371548, 8.2561688032e-05, 1.88098256331e-05],
        "dvar": [0.000968397536781, 1.87913560867, 49.4833183289, 226.011367798, 1290.84387207, 504.373138428, 591.973083496, 256.640869141, 317.167114258, 120.982574463, 65.0212249756, 183.512786865, 94.9962844849, 96.9876327515, 54.7539253235, 27.3058452606, 63.2371520996, 69.0374145508, 548.810791016, 373.190216064, 227.105285645, 559.782287598, 67.3844451904, 133.500167847, 432.308319092, 106.999755859, 35.0760498047, 16.0842170715, 90.388343811, 14.9636507034, 0.469743847847, 0.70823854208, 0.736419916153, 0.0519091375172, 0.0382476001978, 0.00308442511596, 4.53873108199e-05, 3.10252244162e-06, 3.02776435035e-08, 5.94766458306e-10],
        "dvar2": [0.00215215631761, 5.00613164902, 123.542686462, 507.457458496, 3422.91601562, 1176.50268555, 1585.73840332, 637.886291504, 712.636962891, 295.435760498, 143.185852051, 423.428741455, 179.517837524, 198.003341675, 123.638633728, 57.1140098572, 146.262634277, 163.798995972, 1076.24035645, 787.259887695, 496.93572998, 1253.16992188, 162.448104858, 319.957794189, 1091.43579102, 250.471664429, 80.905960083, 40.0894546509, 243.317871094, 42.3993873596, 1.2469689846, 1.91635262966, 1.86435425282, 0.121474780142, 0.0956003442407, 0.00711605185643, 0.000111959612696, 7.24178426026e-06, 7.29786080456e-08, 1.38144240491e-09],
        "max": [0.459043949842, 19.7268047333, 91.1060791016, 248.52986145, 562.288757324, 459.450134277, 569.470947266, 480.268218994, 535.387023926, 264.385345459, 189.077072144, 512.479370117, 314.947540283, 387.694610596, 348.12008667, 158.623077393, 211.292602539, 291.175048828, 906.272949219, 738.993103027, 436.293884277, 797.542663574, 169.863433838, 439.663269043, 575.761108398, 257.644714355, 154.776870728, 107.097267151, 395.069091797, 223.516448975, 13.4172210693, 9.61975002289, 8.66096305847, 2.35456132889, 2.15472912788, 0.580080389977, 0.0713992938399, 0.0195747260004, 0.00188859004993, 0.000311976997182],
        "mean": [0.0172307193279, 0.776373803616, 6.94540977478, 13.5454673767, 25.3700485229, 27.7616615295, 29.1061038971, 23.3451004028, 22.971244812, 9.31307315826, 6.85571527481, 7.00377464294, 6.540599823, 6.44063663483, 4.59544610977, 4.64700508118, 5.86644601822, 5.69471740723, 9.76946544647, 10.4953594208, 11.8094596863, 16.9832115173, 7.43933582306, 8.11134910583, 13.081580162, 7.93027162552, 4.69455862045, 2.40429615974, 1.98437297344, 0.657818555832, 0.199326261878, 0.17398032546, 0.196745529771, 0.0588448084891, 0.0442206226289, 0.0140795400366, 0.0015911568189, 0.000447945436463, 5.80446831009e-05, 3.60402664228e-05],
        "median": [0.00600538076833, 0.215089380741, 2.72909975052, 7.01450920105, 15.1182460785, 15.0775671005, 16.3982524872, 13.1455984116, 8.47108459473, 4.05710744858, 2.8029589653, 1.61841750145, 1.66954529285, 1.6497951746, 1.4658343792, 1.93367755413, 1.812926054, 1.36426639557, 2.0330452919, 3.23112249374, 4.65178012848, 5.59311437607, 2.6338095665, 2.70401358604, 3.31039714813, 2.35627102852, 1.19553375244, 0.517256677151, 0.393506914377, 0.0998050495982, 0.012248262763, 0.00348660955206, 0.000904806423932, 0.000436342641478, 0.000269773358013, 0.000148007413372, 5.63700159546e-05, 1.73790849658e-05, 1.72125983227e-05, 2.8644255508e-05],
        "min": [1.29459016523e-21, 6.24814551153e-21, 2.31168773057e-20, 8.49269242965e-20, 9.17971633469e-20, 4.58944069963e-20, 2.08963969006e-19, 2.62022849012e-19, 8.25908150277e-19, 8.70190592286e-19, 3.63239977487e-19, 1.21582883842e-18, 1.46350573897e-18, 2.50116235499e-18, 1.85292324281e-18, 2.89229346687e-18, 2.63227958107e-18, 8.31040071855e-18, 4.19741469466e-18, 4.6215618935e-18, 1.04686687923e-17, 7.98413007928e-18, 1.0428387578e-17, 2.64244236343e-17, 1.1713982587e-17, 8.53211407404e-18, 2.34367068188e-17, 2.00859867545e-17, 1.8791394502e-17, 1.4936547559e-17, 1.74117928979e-17, 2.2304222114e-17, 1.53409164558e-17, 9.20124115105e-18, 6.06474721694e-18, 6.32224399214e-18, 3.72621580821e-18, 1.3230745626e-18, 3.36511057709e-19, 3.61763111127e-20],
        "var": [0.00131087715272, 2.37514019012, 98.018661499, 381.161529541, 1455.96166992, 1414.52880859, 1425.13769531, 1028.52075195, 1897.078125, 293.157196045, 191.031311035, 506.966522217, 358.3800354, 317.617614746, 178.481903076, 74.2345581055, 129.65397644, 174.511245728, 995.909179688, 724.88684082, 441.228485107, 1191.2310791, 137.895965576, 219.763290405, 685.244628906, 185.47543335, 66.6811523438, 21.5208454132, 70.7573165894, 9.84670734406, 0.406924545765, 0.510159909725, 0.621589303017, 0.0497893840075, 0.0322426222265, 0.00299488450401, 3.93760383304e-05, 2.95728614219e-06, 2.7798552793e-08, 1.07974207353e-09]
    },
    "gfcc": {
        "mean": [-113.310493469, 162.708984375, -115.652038574, 50.5513877869, -37.4749641418, -34.2054367065, -29.3630580902, -21.7195186615, -22.1031837463, -12.2476139069, -16.7945098877, -6.99842882156, -5.60581445694],
        "cov": [[21030.8066406, 939.800842285, -3389.99829102, 1206.19152832, -700.479553223, -255.683349609, 85.6449966431, -136.751312256, 55.3957443237, 410.673461914, -86.7808303833, -258.306854248, -102.113922119], [939.800842285, 2166.24365234, -140.508499146, -171.292770386, 358.048706055, -604.17590332, 249.70135498, -378.507781982, 223.0806427, -76.5390396118, 110.555198669, -50.4870681763, 15.4444084167], [-3389.99829102, -140.508499146, 2041.61621094, -339.59866333, 57.6802482605, 317.32144165, -428.620819092, 165.109558105, -127.030250549, -58.166683197, 27.9136543274, 27.7842731476, -30.7762775421], [1206.19152832, -171.292770386, -339.59866333, 456.78326416, -62.1379547119, -1.69699406624, 142.249343872, -48.7432022095, 61.120262146, 23.9743709564, -43.3175010681, -19.1561927795, -15.4431676865], [-700.479553223, 358.048706055, 57.6802482605, -62.1379547119, 355.883331299, -17.1086673737, 84.5760269165, -19.180109024, 22.3035945892, 3.86139035225, 34.2519378662, -11.5475921631, 19.2077198029], [-255.683349609, -604.17590332, 317.32144165, -1.69699406624, -17.1086673737, 460.208557129, -62.404510498, 132.871963501, -93.1439590454, 49.7063713074, -17.4890842438, -15.7713832855, -10.9565086365], [85.6449966431, 249.70135498, -428.620819092, 142.249343872, 84.5760269165, -62.404510498, 374.890869141, -85.6605453491, 81.1741027832, -9.93051242828, -22.7822170258, -4.58314800262, 13.8154850006], [-136.751312256, -378.507781982, 165.109558105, -48.7432022095, -19.180109024, 132.871963501, -85.6605453491, 263.823913574, -40.6060218811, 6.79573059082, -16.864276886, 9.42167854309, 23.0593566895], [55.3957443237, 223.0806427, -127.030250549, 61.120262146, 22.3035945892, -93.1439590454, 81.1741027832, -40.6060218811, 148.113021851, 16.2119083405, -4.30821275711, -8.95563983917, -14.6965045929], [410.673461914, -76.5390396118, -58.166683197, 23.9743709564, 3.86139035225, 49.7063713074, -9.93051242828, 6.79573059082, 16.2119083405, 129.582168579, 38.7915992737, -20.6596546173, -24.0381813049], [-86.7808303833, 110.555198669, 27.9136543274, -43.3175010681, 34.2519378662, -17.4890842438, -22.7822170258, -16.864276886, -4.30821275711, 38.7915992737, 106.894203186, 23.9759273529, 1.22026777267], [-258.306854248, -50.4870681763, 27.7842731476, -19.1561927795, -11.5475921631, -15.7713832855, -4.58314800262, 9.42167854309, -8.95563983917, -20.6596546173, 23.9759273529, 94.8453979492, 28.0938625336], [-102.113922119, 15.4444084167, -30.7762775421, -15.4431676865, 19.2077198029, -10.9565086365, 13.8154850006, 23.0593566895, -14.6965045929, -24.0381813049, 1.22026777267, 28.0938625336, 79.7489471436]],
        "icov": [[0.000235994782997, -0.000812307174783, 0.000558944477234, -0.000762382289395, 0.000640844053123, -0.000702317105606, 0.000810314435512, -0.00068416056456, 0.00088322814554, -0.000819122185931, 0.000748332298826, -0.000439800001914, 0.000393517198972], [-0.000812307174783, 0.00446254573762, -0.00223961030133, 0.0033042631112, -0.00308416085318, 0.00394611246884, -0.0034970943816, 0.00369153684005, -0.00435177469626, 0.00360124791041, -0.00406900746748, 0.00325793283992, -0.0021072877571], [0.000558944477234, -0.00223961030133, 0.00223041675054, -0.00163899513427, 0.00134716369212, -0.00256513757631, 0.00292759551667, -0.00188665930182, 0.00207423651591, -0.0013198814122, 0.00190882571042, -0.00163138133939, 0.00158416153863], [-0.000762382289395, 0.0033042631112, -0.00163899513427, 0.00570470187813, -0.00184027466457, 0.00247454852797, -0.00362996035255, 0.00307513563894, -0.00412429030985, 0.00247741187923, -0.00211229221895, 0.00210342742503, -0.00134300009813], [0.000640844053123, -0.00308416085318, 0.00134716369212, -0.00184027466457, 0.00574377784505, -0.00263023888692, 0.0012320469832, -0.00254240306094, 0.00274914037436, -0.00271420856006, 0.00149687565863, -0.000899705686606, 0.000340852508089], [-0.000702317105606, 0.00394611246884, -0.00256513757631, 0.00247454852797, -0.00263023888692, 0.00710028829053, -0.00382063048892, 0.00192991166841, -0.00157430628315, 0.00111871701665, -0.00263681169599, 0.00312120793387, -0.00147349503823], [0.000810314435512, -0.0034970943816, 0.00292759551667, -0.00362996035255, 0.0012320469832, -0.00382063048892, 0.00788616202772, -0.00194583903067, 0.00181799381971, -0.00211966526695, 0.00383950397372, -0.00274951290339, 0.00112245837227], [-0.00068416056456, 0.00369153684005, -0.00188665930182, 0.00307513563894, -0.00254240306094, 0.00192991166841, -0.00194583903067, 0.00812971778214, -0.00385700026527, 0.00250404886901, -0.00214402610436, 0.00215802644379, -0.00354308867827], [0.00088322814554, -0.00435177469626, 0.00207423651591, -0.00412429030985, 0.00274914037436, -0.00157430628315, 0.00181799381971, -0.00385700026527, 0.0139665827155, -0.00586226209998, 0.00499608553946, -0.00313431001268, 0.00373190687969], [-0.000819122185931, 0.00360124791041, -0.0013198814122, 0.00247741187923, -0.00271420856006, 0.00111871701665, -0.00211966526695, 0.00250404886901, -0.00586226209998, 0.0149955581874, -0.00881944783032, 0.0048608276993, 0.000536965380888], [0.000748332298826, -0.00406900746748, 0.00190882571042, -0.00211229221895, 0.00149687565863, -0.00263681169599, 0.00383950397372, -0.00214402610436, 0.00499608553946, -0.00881944783032, 0.0174230579287, -0.00738930376247, 0.0019046375528], [-0.000439800001914, 0.00325793283992, -0.00163138133939, 0.00210342742503, -0.000899705686606, 0.00312120793387, -0.00274951290339, 0.00215802644379, -0.00313431001268, 0.0048608276993, -0.00738930376247, 0.0163583103567, -0.00568055128679], [0.000393517198972, -0.0021072877571, 0.00158416153863, -0.00134300009813, 0.000340852508089, -0.00147349503823, 0.00112245837227, -0.00354308867827, 0.00373190687969, 0.000536965380888, 0.0019046375528, -0.00568055128679, 0.0171696897596]]
    },
    "melbands": {
        "dmean": [0.000224459770834, 0.00129458366428, 0.00120095454622, 0.000903435458895, 0.000436260335846, 0.00023176598188, 0.000121963654237, 4.65059965791e-05, 2.58171348833e-05, 2.1626958187e-05, 1.60274921654e-05, 1.34030069603e-05, 9.16029603104e-06, 5.72397539145e-06, 7.68626341596e-06, 6.4660366661e-06, 6.23328423899e-06, 9.64471564657e-06, 8.45320482767e-06, 9.63213551586e-06, 9.61616933637e-06, 1.20261274787e-05, 7.33496835892e-06, 2.82846235677e-06, 4.01198940381e-06, 7.66338871472e-06, 4.21485628976e-06, 3.18430784318e-06, 1.92748007066e-06, 1.43036629652e-06, 9.15448424621e-07, 9.51907395574e-07, 7.95017569999e-07, 1.7205053382e-07, 1.4991179853e-07, 8.75240644405e-08, 1.51445689767e-07, 1.92744138872e-07, 1.04961443981e-07, 4.41334861989e-08],
        "dmean2": [0.000373459391994, 0.00207024835981, 0.00187825644389, 0.00143603584729, 0.000700419128407, 0.000359386292985, 0.000179083232069, 7.22842669347e-05, 3.90057139157e-05, 3.26328809024e-05, 2.33439332078e-05, 2.01545317395e-05, 1.4143934095e-05, 8.61104035721e-06, 1.16043629532e-05, 1.02753911051e-05, 9.67259620666e-06, 1.47281180034e-05, 1.30719263325e-05, 1.52092079588e-05, 1.50033210957e-05, 1.88492595043e-05, 1.15415823529e-05, 4.47701540907e-06, 6.32036972092e-06, 1.22269157146e-05, 6.80756420479e-06, 5.03866067447e-06, 3.02803846353e-06, 2.2865444862e-06, 1.46490754105e-06, 1.50553387357e-06, 1.3020987808e-06, 2.60909700955e-07, 2.56369446561e-07, 1.41185822145e-07, 2.5664161285e-07, 3.13699104026e-07, 1.60187369147e-07, 6.59673986547e-08],
        "dvar": [5.5345299188e-07, 8.90113551577e-06, 1.10229584607e-05, 3.99358123104e-06, 5.33716331574e-07, 1.53704718286e-07, 5.9820067122e-08, 1.20578151908e-08, 4.23264845395e-09, 6.58973231538e-09, 2.38432940058e-09, 1.87247795047e-09, 8.0214906939e-10, 1.40006589655e-10, 2.5883564736e-10, 1.9681523078e-10, 2.8578739375e-10, 1.31042787732e-09, 4.58475757359e-10, 7.08124614501e-10, 5.27119181637e-10, 9.08511321729e-10, 2.90311108486e-10, 3.54419965598e-11, 1.09699478668e-10, 3.73161751499e-10, 8.59886398197e-11, 5.0956936587e-11, 1.81186628201e-11, 1.15030606568e-11, 7.04349599479e-12, 2.09363342635e-11, 5.34974876898e-11, 4.73571919526e-13, 2.41663161921e-13, 8.22993406822e-14, 3.14633952572e-13, 4.77173530723e-13, 1.23128720761e-13, 2.0531399321e-14],
        "dvar2": [1.42873375353e-06, 2.23979295697e-05, 2.64696464001e-05, 1.02375051938e-05, 1.38125164995e-06, 3.79387529392e-07, 1.35442007831e-07, 2.98080919947e-08, 9.4359906555e-09, 1.50598342685e-08, 4.51979254024e-09, 3.77022146836e-09, 1.82037562801e-09, 3.0249430738e-10, 5.47234757509e-10, 4.80765538491e-10, 6.58357535155e-10, 2.57540921922e-09, 9.5664498545e-10, 1.5923360408e-09, 1.13577980354e-09, 2.04171057838e-09, 6.90581258844e-10, 8.51989034878e-11, 2.63935956424e-10, 9.43392697295e-10, 2.04474354115e-10, 1.18485429801e-10, 4.17672563202e-11, 2.84123315153e-11, 1.83977416635e-11, 5.45837923471e-11, 1.52295814848e-10, 1.25826551869e-12, 6.60697408242e-13, 2.13679985164e-13, 8.55494440479e-13, 1.24309980712e-12, 2.90837530925e-13, 4.78731671547e-14],
        "max": [0.0111186504364, 0.0393602773547, 0.0550022795796, 0.0299750752747, 0.0151548823342, 0.0105624720454, 0.00721139507368, 0.00250174314715, 0.00153324170969, 0.00336382375099, 0.00154779467266, 0.00173254718538, 0.00109746900853, 0.00031413132092, 0.00039836432552, 0.000339310936397, 0.000666042324156, 0.00140271044802, 0.000654863135424, 0.000685999519192, 0.000768891128246, 0.000942428072449, 0.000425582606113, 0.00014721925254, 0.000402243749704, 0.000571520649828, 0.000374852621462, 0.000230419493164, 0.00010747370834, 7.15313872206e-05, 9.84630096355e-05, 0.000154572961037, 0.000411407585489, 3.49739857484e-05, 6.11156065133e-06, 3.59185560228e-06, 6.35541664451e-06, 7.01866065356e-06, 3.58336660611e-06, 1.47758646563e-06],
        "mean": [0.000366901920643, 0.00276878662407, 0.002635050565, 0.0021178314928, 0.000978850875981, 0.00059336173581, 0.000320987513987, 8.69473369676e-05, 5.42289890291e-05, 4.04757265642e-05, 3.1538613257e-05, 2.61906898231e-05, 1.60233666975e-05, 1.0662846762e-05, 1.34470783451e-05, 1.07171208583e-05, 1.0241927157e-05, 1.43104798553e-05, 1.28985848278e-05, 1.38596360557e-05, 1.48057633851e-05, 1.95750872081e-05, 1.14322347144e-05, 4.46411058874e-06, 6.05629202255e-06, 1.1318664292e-05, 6.36235017737e-06, 4.85130703964e-06, 3.13419491249e-06, 2.05313835977e-06, 1.18159675822e-06, 1.14016506814e-06, 8.64576236381e-07, 1.96670413288e-07, 1.24045385519e-07, 7.38090761843e-08, 1.10462657688e-07, 1.50192150272e-07, 8.75487558005e-08, 3.79767612912e-08],
        "median": [8.37918632897e-05, 0.00108554656617, 0.00156085100025, 0.00121623952873, 0.000614225107711, 0.000331311282935, 0.000122254496091, 3.30146431224e-05, 2.02442661248e-05, 7.8994935393e-06, 7.19718264008e-06, 5.74106616114e-06, 3.76934212909e-06, 4.41894144387e-06, 4.53214215668e-06, 2.63230867859e-06, 1.71314627551e-06, 2.18389845941e-06, 3.98710062655e-06, 3.88738817492e-06, 4.82292171e-06, 5.9565736592e-06, 2.8511135497e-06, 1.42217345456e-06, 1.77735262241e-06, 2.34061508309e-06, 1.80753340828e-06, 1.33492676468e-06, 7.48759191538e-07, 3.7434486444e-07, 2.21031172032e-07, 2.15729784259e-07, 1.21841182477e-07, 1.87727735579e-08, 4.38688907423e-09, 2.49134135544e-09, 1.36660660566e-09, 5.24378707123e-10, 3.79306280829e-10, 3.06145331308e-10],
        "min": [1.07531823024e-23, 1.06252132864e-23, 1.45353364694e-23, 4.69972916743e-24, 5.84832997252e-24, 6.45203575696e-24, 1.33344582466e-23, 8.60555739731e-24, 2.4249085272e-24, 8.04054129597e-24, 7.1469709385e-24, 1.00510392988e-23, 5.66958513545e-24, 9.23743577125e-24, 3.78609807713e-24, 8.30003945733e-24, 1.75258024538e-23, 8.3242235661e-24, 3.64089955006e-24, 1.19649933485e-23, 1.19818836494e-23, 9.07558833477e-24, 7.13288898248e-24, 1.01196662532e-23, 2.44324122076e-23, 1.18392891522e-23, 4.56711612723e-24, 5.24267017962e-24, 1.51462019554e-23, 8.7349723954e-24, 1.46192349822e-23, 1.14507948779e-23, 8.96064972316e-24, 7.84859960482e-24, 8.71127580266e-24, 1.4332995225e-23, 1.30043168023e-23, 1.05219577047e-23, 8.37563520901e-24, 8.21272675462e-24],
        "var": [6.63384867039e-07, 1.62155229191e-05, 1.45588765008e-05, 7.2557159001e-06, 1.35500522447e-06, 6.58832959743e-07, 3.51619519279e-07, 2.82614909253e-08, 1.25534755924e-08, 1.84603194953e-08, 8.86245921095e-09, 6.09962746978e-09, 2.45254416775e-09, 3.87286175352e-10, 6.21920293042e-10, 4.09734940421e-10, 7.19222736922e-10, 2.36085750949e-09, 8.65127414151e-10, 1.24269594615e-09, 1.003182315e-09, 1.84961457261e-09, 5.50351930695e-10, 6.41517186595e-11, 1.65632452198e-10, 6.03228633711e-10, 1.36282637953e-10, 8.31561555725e-11, 3.34687486059e-11, 1.78432407738e-11, 7.30691028517e-12, 1.80259366461e-11, 3.36206652796e-11, 4.17376203043e-13, 1.88590001905e-13, 6.89639385637e-14, 2.21833199054e-13, 3.80302912642e-13, 1.15730572369e-13, 1.99788390719e-14]
    },
    "mfcc": {
        "mean": [-744.545349121, 173.701919556, -7.54633712769, 69.2995758057, 4.60261917114, 2.0321662426, -7.89297866821, -10.4138422012, -4.72496128082, -14.3041734695, -10.4544620514, -8.48673152924, 0.407567560673],
        "cov": [[12364.640625, 317.860351562, -2551.81665039, 1178.79174805, -921.597473145, 465.69720459, 65.0648193359, -67.7290420532, 283.249084473, 160.287918091, 140.879348755, 6.07841205597, -37.758228302], [317.860351562, 1894.16394043, -165.742950439, 266.229827881, 129.789459229, -5.73085927963, -5.93976831436, -59.2787017822, 9.61810588837, -90.6175689697, 13.8007230759, -9.75279808044, 106.421943665], [-2551.81665039, -165.742950439, 1599.54858398, -403.76965332, 475.241790771, -87.0684509277, -34.9272499084, 52.1669120789, -117.868003845, -13.4813489914, -73.5765457153, 28.1107997894, -28.3246555328], [1178.79174805, 266.229827881, -403.76965332, 537.840026855, -188.754928589, 84.6733856201, -24.9979667664, -9.72060966492, 83.8449401855, -13.1765756607, 50.6616249084, -33.9293518066, 39.2834320068], [-921.597473145, 129.789459229, 475.241790771, -188.754928589, 423.201477051, -69.7092132568, 31.3384056091, 4.79927253723, -57.9525032043, 6.93329954147, -35.6208610535, 55.9202423096, 1.17414689064], [465.69720459, -5.73085927963, -87.0684509277, 84.6733856201, -69.7092132568, 313.14364624, 59.7584075928, -24.8119335175, 15.6785545349, 28.1287002563, 58.7731666565, 6.77708482742, 3.26467227936], [65.0648193359, -5.93976831436, -34.9272499084, -24.9979667664, 31.3384056091, 59.7584075928, 173.211227417, 31.7154788971, 20.5883464813, 21.6213264465, 0.654266417027, 14.7745628357, -15.3508529663], [-67.7290420532, -59.2787017822, 52.1669120789, -9.72060966492, 4.79927253723, -24.8119335175, 31.7154788971, 139.168029785, 48.087059021, -2.64972305298, -21.3319377899, -29.5322055817, 3.27921438217], [283.249084473, 9.61810588837, -117.868003845, 83.8449401855, -57.9525032043, 15.6785545349, 20.5883464813, 48.087059021, 146.071105957, 41.2822418213, 4.16878175735, -10.6514282227, -10.6233205795], [160.287918091, -90.6175689697, -13.4813489914, -13.1765756607, 6.93329954147, 28.1287002563, 21.6213264465, -2.64972305298, 41.2822418213, 104.23979187, 34.6445541382, 15.3876209259, -16.7817211151], [140.879348755, 13.8007230759, -73.5765457153, 50.6616249084, -35.6208610535, 58.7731666565, 0.654266417027, -21.3319377899, 4.16878175735, 34.6445541382, 110.257011414, 32.9393424988, 7.75029277802], [6.07841205597, -9.75279808044, 28.1107997894, -33.9293518066, 55.9202423096, 6.77708482742, 14.7745628357, -29.5322055817, -10.6514282227, 15.3876209259, 32.9393424988, 115.114105225, 13.4970664978], [-37.758228302, 106.421943665, -28.3246555328, 39.2834320068, 1.17414689064, 3.26467227936, -15.3508529663, 3.27921438217, -10.6233205795, -16.7817211151, 7.75029277802, 13.4970664978, 92.2107620239]],
