{
"lowlevel": {
    "average_loudness": 0.656974256039,
    "barkbands_crest": {
        "dmean": 2.62101888657,
        "dmean2": 4.27023935318,
        "dvar": 7.72955846786,
        "dvar2": 21.7477493286,
        "max": 26.8964481354,
        "mean": 15.7095375061,
        "median": 15.7404432297,
        "min": 2.98114347458,
        "var": 33.228515625
    },
    "barkbands_flatness_db": {
        "dmean": 0.0336252003908,
        "dmean2": 0.0489582754672,
        "dvar": 0.00130515312776,
        "dvar2": 0.00287157902494,
        "max": 0.634669482708,
        "mean": 0.244914263487,
        "median": 0.231747359037,
        "min": 0.0265543516725,
        "var": 0.00971190351993
    },
    "barkbands_kurtosis": {
        "dmean": 9.89253902435,
        "dmean2": 15.7486543655,
        "dvar": 1091.46972656,
        "dvar2": 2852.75195312,
        "max": 1557.68688965,
        "mean": 19.6249084473,
        "median": 4.59920501709,
        "min": -1.86851251125,
        "var": 5618.03466797
    },
    "barkbands_skewness": {
        "dmean": 0.835822880268,
        "dmean2": 1.32157158852,
        "dvar": 1.21574354172,
        "dvar2": 3.13603496552,
        "max": 36.3267784119,
        "mean": 2.65741276741,
        "median": 2.03603959084,
        "min": -2.33601522446,
        "var": 9.1142244339
    },
    "barkbands_spread": {
        "dmean": 4.36290025711,
        "dmean2": 6.92473697662,
        "dvar": 49.2380638123,
        "dvar2": 122.692512512,
        "max": 103.899887085,
        "mean": 11.8518190384,
        "median": 9.39388275146,
        "min": 0.0579270422459,
        "var": 110.778205872
    },
    "dissonance": {
        "dmean": 0.0333942249417,
        "dmean2": 0.056079082191,
        "dvar": 0.000974687398411,
        "dvar2": 0.00263851042837,
        "max": 0.500000059605,
        "mean": 0.42623257637,
        "median": 0.437581062317,
        "min": 0.195141598582,
        "var": 0.00275649572723
    },
    "dynamic_complexity": 2.38187241554,
    "erbbands_crest": {
        "dmean": 3.08589911461,
        "dmean2": 5.0000462532,
        "dvar": 7.98109912872,
        "dvar2": 19.8457889557,
        "max": 33.2117347717,
        "mean": 12.2417154312,
        "median": 11.1768512726,
        "min": 2.13094806671,
        "var": 31.8557815552
    },
    "erbbands_flatness_db": {
        "dmean": 0.0251973159611,
        "dmean2": 0.0353036224842,
        "dvar": 0.000776753760874,
        "dvar2": 0.00152447889559,
        "max": 0.499045670033,
        "mean": 0.205948829651,
        "median": 0.197771027684,
        "min": 0.0363772846758,
        "var": 0.00726158311591
    },
    "erbbands_kurtosis": {
        "dmean": 1.42176449299,
        "dmean2": 2.24173164368,
        "dvar": 5.46229934692,
        "dvar2": 13.1872177124,
        "max": 92.8055419922,
        "mean": 1.92653167248,
        "median": 1.0608124733,
        "min": -1.81144547462,
        "var": 12.3790912628
    },
    "erbbands_skewness": {
        "dmean": 0.420531868935,
        "dmean2": 0.643734872341,
        "dvar": 0.179754912853,
        "dvar2": 0.397660285234,
        "max": 6.99798345566,
        "mean": 0.274218559265,
        "median": 0.230084732175,
        "min": -4.17379713058,
        "var": 0.757742643356
    },
    "erbbands_spread": {
        "dmean": 8.20418167114,
        "dmean2": 12.5718870163,
        "dvar": 115.80783844,
        "dvar2": 258.299713135,
        "max": 173.585891724,
        "mean": 28.6444816589,
        "median": 22.7029914856,
        "min": 1.52241587639,
        "var": 452.076141357
    },
    "hfc": {
        "dmean": 10.6095256805,
        "dmean2": 17.0534629822,
        "dvar": 547.715332031,
        "dvar2": 1441.2845459,
        "max": 417.242279053,
        "mean": 26.1437740326,
        "median": 20.315038681,
        "min": 1.33455255386e-16,
        "var": 787.823608398
    },
    "melbands_crest": {
        "dmean": 2.36506700516,
        "dmean2": 3.7425391674,
        "dvar": 6.13139152527,
        "dvar2": 15.898651123,
        "max": 35.348110199,
        "mean": 18.8288230896,
        "median": 19.4876117706,
        "min": 1.4957678318,
        "var": 32.8802604675
    },
    "melbands_flatness_db": {
        "dmean": 0.0363809391856,
        "dmean2": 0.0524672903121,
        "dvar": 0.00161838717759,
        "dvar2": 0.00356663879938,
        "max": 0.775544047356,
        "mean": 0.332870751619,
        "median": 0.321108877659,
        "min": 0.00305646541528,
        "var": 0.0136993182823
    },
    "melbands_kurtosis": {
        "dmean": 13.8402090073,
        "dmean2": 22.2095146179,
        "dvar": 925.30859375,
        "dvar2": 2288.94873047,
        "max": 846.532775879,
        "mean": 28.9434547424,
        "median": 11.4589643478,
        "min": -1.8241212368,
        "var": 3248.5559082
    },
    "melbands_skewness": {
        "dmean": 0.933118402958,
        "dmean2": 1.48987472057,
        "dvar": 1.14330005646,
        "dvar2": 3.02692222595,
        "max": 21.4455032349,
        "mean": 3.48652100563,
        "median": 3.06413221359,
        "min": -1.43021512032,
        "var": 6.87514781952
    },
    "melbands_spread": {
        "dmean": 3.57079672813,
        "dmean2": 5.75876808167,
        "dvar": 24.0149745941,
        "dvar2": 59.8872299194,
        "max": 182.510955811,
        "mean": 12.1075439453,
        "median": 8.45166015625,
        "min": 0.249858140945,
        "var": 290.768920898
    },
    "pitch_salience": {
        "dmean": 0.0703134462237,
        "dmean2": 0.113860376179,
        "dvar": 0.00498195039108,
        "dvar2": 0.013594458811,
        "max": 0.815620481968,
        "mean": 0.370404303074,
        "median": 0.361286610365,
        "min": 0.0155368000269,
        "var": 0.0233415048569
    },
    "silence_rate_20dB": {
        "dmean": 0.00193477061111,
        "dmean2": 0.00386980851181,
        "dvar": 0.00193108513486,
        "dvar2": 0.00523713883013,
        "max": 1,
        "mean": 0.998479902744,
        "median": 1,
        "min": 0,
        "var": 0.00151758210268
    },
    "silence_rate_30dB": {
        "dmean": 0.116086237133,
        "dmean2": 0.232188507915,
        "dvar": 0.102596223354,
        "dvar2": 0.233722522855,
        "max": 1,
        "mean": 0.672148108482,
        "median": 1,
        "min": 0,
        "var": 0.220360130072
    },
    "silence_rate_60dB": {
        "dmean": 0.000276395789115,
        "dmean2": 0.000552829820663,
        "dvar": 0.000276319740806,
        "dvar2": 0.000552516605239,
        "max": 1,
        "mean": 0.0404200926423,
        "median": 0,
        "min": 0,
        "var": 0.0387854240835
    },
    "spectral_centroid": {
        "dmean": 175.837692261,
        "dmean2": 263.938781738,
        "dvar": 71905.5625,
        "dvar2": 156101.921875,
        "max": 11200.8310547,
        "mean": 858.411621094,
        "median": 727.502563477,
        "min": 82.5470123291,
        "var": 386614.125
    },
    "spectral_complexity": {
        "dmean": 3.47263669968,
        "dmean2": 5.60099506378,
        "dvar": 28.1439781189,
        "dvar2": 61.8728027344,
        "max": 60,
        "mean": 14.6076831818,
        "median": 14,
        "min": 0,
        "var": 62.2042236328
    },
    "spectral_decrease": {
        "dmean": 6.29156238219e-09,
        "dmean2": 1.02706261274e-08,
        "dvar": 9.41186085646e-17,
        "dvar2": 2.81825887471e-16,
        "max": 2.18083397445e-18,
        "mean": -2.14878674853e-08,
        "median": -1.99100718135e-08,
        "min": -1.05124357219e-07,
        "var": 2.37961703963e-16
    },
    "spectral_energy": {
        "dmean": 0.0242465492338,
        "dmean2": 0.0395260900259,
        "dvar": 0.00136416836176,
        "dvar2": 0.00408402597532,
        "max": 0.400097876787,
        "mean": 0.0834710672498,
        "median": 0.0773938447237,
        "min": 1.14973848073e-20,
        "var": 0.00349764083512
    },
    "spectral_energyband_high": {
        "dmean": 0.000737493101042,
        "dmean2": 0.00119393330533,
        "dvar": 4.61145964437e-06,
        "dvar2": 1.19150317914e-05,
        "max": 0.0405398979783,
        "mean": 0.000888690061402,
        "median": 0.000105398110463,
        "min": 8.9099783915e-21,
        "var": 6.80615085003e-06
    },
    "spectral_energyband_low": {
        "dmean": 0.0227073598653,
        "dmean2": 0.0372237227857,
        "dvar": 0.0014350557467,
        "dvar2": 0.00433064531535,
        "max": 0.392538160086,
        "mean": 0.0637969821692,
        "median": 0.0571721494198,
        "min": 6.62843404838e-23,
        "var": 0.00330386147834
    },
    "spectral_energyband_middle_high": {
        "dmean": 0.00252240500413,
        "dmean2": 0.00403429102153,
        "dvar": 2.3331196644e-05,
        "dvar2": 5.36748011655e-05,
        "max": 0.158480420709,
        "mean": 0.00647360272706,
        "median": 0.00455751409754,
        "min": 1.247144713e-21,
        "var": 6.9390371209e-05
    },
    "spectral_energyband_middle_low": {
        "dmean": 0.00474984198809,
        "dmean2": 0.00760123040527,
        "dvar": 5.15271240147e-05,
        "dvar2": 0.00012803102436,
        "max": 0.131053581834,
        "mean": 0.0143494075164,
        "median": 0.0117444032803,
        "min": 2.14998372541e-22,
        "var": 0.000144671183079
    },
    "spectral_entropy": {
        "dmean": 0.245884984732,
        "dmean2": 0.334482163191,
        "dvar": 0.0866049081087,
        "dvar2": 0.167415007949,
        "max": 9.80409526825,
        "mean": 6.9558095932,
        "median": 6.97575569153,
        "min": 4.86284828186,
        "var": 0.570819437504
    },
    "spectral_flux": {
        "dmean": 0.0351140275598,
        "dmean2": 0.0552398376167,
        "dvar": 0.00191532890312,
        "dvar2": 0.00461473641917,
        "max": 0.499451398849,
        "mean": 0.101342111826,
        "median": 0.0828456506133,
        "min": 1.07225860135e-10,
        "var": 0.00494425930083
    },
    "spectral_kurtosis": {
        "dmean": 6.8427901268,
        "dmean2": 11.2380046844,
        "dvar": 163.231567383,
        "dvar2": 454.670135498,
        "max": 197.978515625,
        "mean": 15.654756546,
        "median": 7.34462070465,
        "min": -1.25344729424,
        "var": 576.077392578
    },
    "spectral_rms": {
        "dmean": 0.0011751439888,
        "dmean2": 0.00188773404807,
        "dvar": 2.35103448176e-06,
        "dvar2": 6.99212523614e-06,
        "max": 0.01975700818,
        "mean": 0.00836964789778,
        "median": 0.00868942961097,
        "min": 3.34917315235e-12,
        "var": 1.13845981105e-05
    },
    "spectral_rolloff": {
        "dmean": 231.210510254,
        "dmean2": 408.548522949,
        "dvar": 287547.8125,
        "dvar2": 723790.1875,
        "max": 19401.4160156,
        "mean": 912.890686035,
        "median": 559.86328125,
        "min": 64.599609375,
        "var": 5699879.5
    },
    "spectral_skewness": {
        "dmean": 0.535771548748,
        "dmean2": 0.837842583656,
        "dvar": 0.496857851744,
        "dvar2": 1.34633755684,
        "max": 11.2214183807,
        "mean": 2.55257964134,
        "median": 2.18689393997,
        "min": -0.0407486371696,
        "var": 2.28062391281
    },
    "spectral_spread": {
        "dmean": 711506.3125,
        "dmean2": 979835.125,
        "dvar": 1.24458277274e+12,
        "dvar2": 2.32406882714e+12,
        "max": 42576940,
        "mean": 3885259,
        "median": 3393032.5,
        "min": 323920,
        "var": 5.53073875354e+12
    },
    "spectral_strongpeak": {
        "dmean": 0.350911855698,
        "dmean2": 0.594987988472,
        "dvar": 0.638210058212,
        "dvar2": 1.60530519485,
        "max": 12.722694397,
        "mean": 0.960292041302,
        "median": 0.740827679634,
        "min": 0,
        "var": 0.983851313591
    },
    "zerocrossingrate": {
        "dmean": 0.00675428751856,
        "dmean2": 0.00856892950833,
        "dvar": 8.80441293702e-05,
        "dvar2": 0.000123764140881,
        "max": 0.52490234375,
        "mean": 0.0352266952395,
        "median": 0.02294921875,
        "min": 0.00244140625,
        "var": 0.00412279460579
    },
    "barkbands": {
        "dmean": [0.000150723644765, 0.0212443657219, 0.00495270220563, 0.00151754240505, 0.00113127811346, 0.0007170321187, 0.000614535354543, 0.00155796750914, 0.00133666070178, 0.00109127990436, 0.000883947708644, 0.000770195212681, 0.000459673232399, 0.000372391368728, 0.000139647469041, 9.45220745052e-05, 8.85165500222e-05, 8.86883353814e-05, 0.000104006343463, 0.00012206484098, 0.000122956364066, 0.000121521756228, 0.000101611032733, 0.000121733159176, 0.000109782638901, 7.14918642188e-05, 5.74080513616e-05],
        "dmean2": [0.000250589248026, 0.0347753167152, 0.00856250710785, 0.00263991137035, 0.00177973345853, 0.00106843479443, 0.000954013376031, 0.00234486395493, 0.00213131355122, 0.00176009105053, 0.00144243997056, 0.00127366161905, 0.000713771209121, 0.000567842042074, 0.000220866699237, 0.000158701179316, 0.000141907235957, 0.000145371494, 0.000162594267749, 0.000191541141248, 0.000193416737602, 0.000192842286197, 0.000164892029716, 0.000201208007638, 0.00018557049043, 0.000124948128359, 0.00010703245789],
        "dvar": [9.96820759269e-08, 0.00133765384089, 0.000136554910569, 1.32443137772e-05, 4.20757078246e-06, 8.6459283466e-07, 7.28977511244e-07, 8.98759753909e-06, 1.40635338539e-05, 1.22252022265e-05, 9.94927449938e-06, 2.27235386774e-06, 8.94999118373e-07, 7.02360637206e-07, 1.12340707403e-07, 5.10951529975e-08, 4.1871654588e-08, 4.14032435003e-08, 6.50062403906e-08, 1.80945107786e-07, 1.86375942235e-07, 1.39724591008e-07, 1.02656557033e-07, 2.39446791284e-07, 1.52038069245e-07, 1.01881816761e-07, 2.24395193982e-07],
        "dvar2": [2.72998448736e-07, 0.00406217388809, 0.000398126168875, 3.76092502847e-05, 1.17332137961e-05, 2.01294506041e-06, 1.81764403351e-06, 1.82317089639e-05, 3.33105781465e-05, 2.83540157398e-05, 2.13295697904e-05, 5.92272454014e-06, 2.00802242034e-06, 1.52462575898e-06, 2.52613517659e-07, 1.25135841245e-07, 9.86221522226e-08, 1.00127031999e-07, 1.57231596631e-07, 4.48112217555e-07, 4.49313148465e-07, 3.4392732573e-07, 2.632264966e-07, 6.4140425593e-07, 4.0694212089e-07, 2.86383908588e-07, 6.4677459477e-07],
        "max": [0.00607717502862, 0.382556259632, 0.183887496591, 0.0941328331828, 0.0545067414641, 0.0233599822968, 0.0193730983883, 0.0770948082209, 0.110263228416, 0.0942149236798, 0.113468527794, 0.0194500703365, 0.0148183424026, 0.0170587282628, 0.011819572188, 0.00564981717616, 0.00681165186688, 0.00465175462887, 0.00541525706649, 0.0123369125649, 0.0149243948981, 0.0113240871578, 0.00717304740101, 0.0174008607864, 0.0112626235932, 0.00521354656667, 0.00861646607518],
        "mean": [0.000194912208826, 0.0510701499879, 0.0110143292695, 0.00229962775484, 0.00214313180186, 0.0014929730678, 0.0012600448681, 0.00340320100076, 0.00268706819043, 0.00200861925259, 0.00158099329565, 0.00126136641484, 0.000775394204538, 0.000630984723102, 0.000194308027858, 0.000117659867101, 0.000122587094666, 0.000119900127174, 0.00014388175623, 0.000163867458468, 0.000152810112922, 0.000141424490721, 0.00011744916992, 0.00014820069191, 0.000130149375764, 6.09383678238e-05, 3.48136127286e-05],
        "median": [5.03566079715e-05, 0.0388189814985, 0.00388203794137, 0.000829690601677, 0.00136501446832, 0.00106760754716, 0.000677124946378, 0.00151917745825, 0.00101023493335, 0.000407995685237, 0.000325222732499, 0.000310831179377, 0.000147016558913, 0.000112335932499, 5.85172856518e-05, 3.81177560485e-05, 4.59483744635e-05, 3.81154022762e-05, 4.38514034613e-05, 3.94154849346e-05, 1.96531273104e-05, 1.32473269332e-05, 1.05887256723e-05, 1.09309994514e-05, 5.99304985371e-06, 8.11647510091e-07, 8.23205965617e-08],
        "min": [6.04835622578e-23, 1.52498204131e-23, 3.09564764872e-23, 1.3229410373e-23, 2.15758159189e-23, 3.17645193342e-23, 1.06455232992e-23, 3.51096966246e-23, 7.50322146993e-23, 1.32829219636e-22, 8.17934910308e-23, 8.66935352535e-23, 8.84749851259e-23, 7.09062323513e-23, 7.22253276916e-23, 1.46806496969e-22, 1.34269868976e-22, 1.26024694795e-22, 1.95373848248e-22, 3.2221928655e-22, 4.34920852718e-22, 5.70426153602e-22, 6.97070413441e-22, 9.64984035648e-22, 1.53418577615e-21, 1.86282366417e-21, 2.89969981266e-21],
        "var": [1.1687725987e-07, 0.00272656907327, 0.000264649512246, 2.19389658014e-05, 7.08637890057e-06, 2.26908309742e-06, 2.91082460535e-06, 3.23393032886e-05, 3.46937413269e-05, 3.06629335682e-05, 2.98157410725e-05, 4.41686461272e-06, 2.37374320022e-06, 1.87063892554e-06, 1.91115532289e-07, 8.24340347094e-08, 5.76414791453e-08, 6.14708071112e-08, 8.67910756597e-08, 2.51816203445e-07, 2.99964625583e-07, 1.93714527086e-07, 1.43059736502e-07, 3.19564207985e-07, 2.52506026754e-07, 7.13953056675e-08, 1.25375080984e-07]
    },
    "erbbands": {
        "dmean": [0.466628581285, 5.29718542099, 6.32155227661, 5.24069690704, 4.16542339325, 3.64830470085, 5.13601970673, 5.75281238556, 9.39248275757, 17.85338974, 36.0047111511, 30.9906024933, 36.8122634888, 22.9509010315, 32.8016777039, 33.3538742065, 22.3928813934, 18.8625297546, 10.3273248672, 5.7768740654, 4.53234672546, 4.78556632996, 4.45308446884, 5.79169273376, 4.8985991478, 5.49165248871, 5.15396928787, 4.8775177002, 4.28703832626, 3.73493671417, 2.87888002396, 2.51018071175, 2.04859972, 1.35991108418, 0.741131722927, 0.349714338779, 0.119651854038, 0.0366089604795, 0.00885862391442, 0.000819406239316],
        "dmean2": [0.735555112362, 8.77111339569, 10.8288450241, 9.07525920868, 6.81663942337, 5.78389215469, 7.75938081741, 8.47854709625, 14.686706543, 25.7977676392, 56.2989044189, 49.3347816467, 58.8160400391, 36.9598922729, 53.9385910034, 54.7893486023, 34.7047119141, 28.6156234741, 16.411655426, 9.46441173553, 7.45319509506, 7.65378189087, 7.26401615143, 9.32141399384, 7.65824842453, 8.60991382599, 8.14740753174, 7.65290594101, 6.8515920639, 5.98224306107, 4.66178703308, 4.09705734253, 3.435734272, 2.29101443291, 1.26478147507, 0.602622210979, 0.21089284122, 0.0661957785487, 0.0164630655199, 0.00153402995784],
        "dvar": [0.636193335056, 86.1455535889, 185.235076904, 172.293746948, 67.705039978, 51.2367591858, 57.4628715515, 63.3778953552, 192.260986328, 1369.52050781, 5921.00976562, 9140.54785156, 13736.3203125, 8820.04296875, 13279.2958984, 4205.83300781, 1955.04248047, 1669.79052734, 527.363037109, 145.34765625, 101.501556396, 124.420814514, 110.769332886, 198.152603149, 162.896881104, 407.828430176, 430.375823975, 262.738677979, 182.395095825, 132.025039673, 80.7594909668, 73.3726654053, 92.4933929443, 25.893371582, 6.83666181564, 1.83890414238, 0.347229808569, 0.0537212044001, 0.00519225466996, 5.23037269886e-05],
        "dvar2": [1.69227218628, 268.146636963, 545.601989746, 498.549041748, 187.289901733, 145.833892822, 140.979598999, 137.135147095, 499.86505127, 2485.62182617, 13176.3876953, 21759.453125, 31539.9042969, 20810.7988281, 28212.9824219, 10874.8964844, 4311.03613281, 3489.77807617, 1229.44213867, 367.171966553, 249.24671936, 287.946166992, 270.996276855, 493.437072754, 386.129852295, 1024.87915039, 1089.23754883, 591.385864258, 449.089691162, 333.4034729, 206.172241211, 192.272079468, 253.314926147, 69.5708389282, 18.3650512695, 5.05534887314, 0.984921574593, 0.154307767749, 0.0149787478149, 0.00015094759874],
        "max": [10.0555801392, 93.8635101318, 216.85697937, 380.107055664, 157.76625061, 172.534011841, 193.522277832, 199.220794678, 339.71585083, 1191.82312012, 2069.48925781, 3138.32641602, 3517.05883789, 5584.81640625, 5064.18945312, 867.662109375, 763.492248535, 971.013000488, 728.706054688, 185.745269775, 252.698425293, 411.604217529, 305.850280762, 330.492004395, 274.588134766, 630.308898926, 873.023193359, 803.014343262, 414.770629883, 250.597946167, 202.646331787, 223.68069458, 382.407806396, 166.539047241, 67.3861083984, 19.5020313263, 9.75888538361, 4.54009151459, 1.54250311852, 0.151600107551],
        "mean": [1.02558720112, 12.7745809555, 17.4889354706, 9.68331432343, 7.14327287674, 6.50049209595, 9.81407260895, 12.0927190781, 19.0817470551, 39.4574241638, 76.897026062, 65.1856231689, 71.3745803833, 44.9821243286, 58.8946418762, 57.5461196899, 42.1427650452, 33.8078346252, 17.2772064209, 8.18711566925, 6.04241085052, 6.69759750366, 6.12800884247, 8.41722488403, 6.44695615768, 7.39317035675, 6.44210004807, 6.11414194107, 4.99556493759, 4.31017541885, 3.32329440117, 2.96156096458, 2.47310709953, 1.64459133148, 0.835986971855, 0.337883472443, 0.0951821133494, 0.0247674696147, 0.0054255775176, 0.00056603376288],
        "median": [0.578633189201, 9.8331785202, 11.0891170502, 4.37146949768, 3.96990513802, 3.84353661537, 6.25278091431, 8.038189888, 10.0660915375, 17.3948554993, 33.57056427, 27.5775814056, 19.7433509827, 11.5895662308, 15.9997434616, 16.5566444397, 11.3345556259, 9.27704524994, 5.32851934433, 3.42349457741, 2.63606548309, 2.50620150566, 2.19888091087, 2.65651416779, 1.95078206062, 1.71332788467, 1.09493267536, 0.745569050312, 0.500539660454, 0.375398904085, 0.311325609684, 0.249740257859, 0.155953302979, 0.0867138803005, 0.0329326950014, 0.00662327650934, 0.00109122716822, 0.000171269697603, 6.10709757893e-05, 9.72095076577e-05],
        "min": [3.9695824063e-22, 4.28775977152e-21, 3.00389476226e-20, 4.41908608365e-20, 4.55906604593e-20, 6.50265484962e-20, 2.78214754407e-19, 1.8786493095e-19, 1.10137159857e-19, 4.22748565675e-19, 9.61461597677e-19, 1.5735098003e-18, 3.19561398005e-18, 4.36136354643e-18, 2.75103645405e-18, 3.73762552399e-18, 3.78262373572e-18, 4.6028229439e-18, 3.15236401454e-18, 5.73736691488e-18, 8.15886784778e-18, 8.11898864326e-18, 7.54512216714e-18, 8.29638248871e-18, 1.05153374953e-17, 1.55771542757e-17, 1.76501052867e-17, 1.61777122158e-17, 1.84579331816e-17, 2.08223197748e-17, 2.08407874091e-17, 1.79799518278e-17, 1.79029661281e-17, 1.67978429036e-17, 9.56494915766e-18, 5.79720640116e-18, 3.35844262247e-18, 1.63274782288e-18, 4.61210939045e-19, 3.88946560189e-20],
        "var": [1.47220361233, 168.093917847, 423.177185059, 319.90737915, 100.356025696, 79.3118591309, 125.669006348, 178.442276001, 744.382202148, 5605.80224609, 17906.0839844, 22026.21875, 34670.8046875, 22522.6308594, 37619.4140625, 8608.8984375, 5489.91601562, 4535.8359375, 1087.81115723, 197.266891479, 133.493896484, 183.620407104, 154.011383057, 287.389221191, 208.530014038, 554.028198242, 569.796386719, 492.844024658, 249.036987305, 182.218902588, 110.45930481, 103.538337708, 109.80255127, 42.3451080322, 10.3574209213, 1.74531197548, 0.219552218914, 0.0306207928807, 0.0028978404589, 2.91803262371e-05]
    },
    "gfcc": {
        "mean": [-39.3392066956, 136.810440063, -101.455581665, 17.5559253693, -47.3563652039, 18.0985031128, -13.4559202194, 8.77450084686, -12.3391647339, 2.01728701591, -4.56419086456, -9.9247713089, -9.35651302338],
        "cov": [[27479.9785156, -647.13861084, 969.365966797, 2358.52148438, -1084.02453613, 1520.3145752, -339.197875977, 992.312316895, -588.448425293, 227.785598755, -324.632263184, 220.25831604, -423.893615723], [-647.13861084, 3997.5, -627.732055664, -584.958496094, 553.33013916, -969.383666992, 403.514282227, -567.686401367, 462.015716553, -285.0652771, 222.982559204, -409.68460083, 172.829803467], [969.365966797, -627.732055664, 1215.08349609, 570.534729004, 286.322631836, 416.553283691, 218.983505249, 325.621337891, 56.3625106812, 174.249572754, -57.3120231628, 195.10093689, 21.4902477264], [2358.52148438, -584.958496094, 570.534729004, 970.547546387, 62.8220748901, 337.617736816, 164.430557251, 256.985809326, 39.4923553467, 93.3144760132, -16.3535766602, 128.927444458, -8.88314819336], [-1084.02453613, 553.33013916, 286.322631836, 62.8220748901, 617.548461914, 24.0714511871, 255.631759644, -4.33657741547, 177.399978638, 60.4242935181, 78.0985412598, 14.3843507767, 78.1557922363], [1520.3145752, -969.383666992, 416.553283691, 337.617736816, 24.0714511871, 696.619812012, 32.256111145, 329.563995361, -127.916564941, 152.061355591, 10.6944131851, 157.771148682, -11.8250732422], [-339.197875977, 403.514282227, 218.983505249, 164.430557251, 255.631759644, 32.256111145, 316.871826172, 53.3218765259, 160.204406738, 11.8458747864, 50.4661979675, 18.7144451141, 64.2914428711], [992.312316895, -567.686401367, 325.621337891, 256.985809326, -4.33657741547, 329.563995361, 53.3218765259, 309.445068359, -7.07831716537, 97.6998596191, -7.14006519318, 97.970085144, -14.006688118], [-588.448425293, 462.015716553, 56.3625106812, 39.4923553467, 177.399978638, -127.916564941, 160.204406738, -7.07831716537, 261.697753906, 20.8424110413, 26.4275283813, -22.81524086, 42.0859947205], [227.785598755, -285.0652771, 174.249572754, 93.3144760132, 60.4242935181, 152.061355591, 11.8458747864, 97.6998596191, 20.8424110413, 158.603057861, 33.9573478699, 61.2543449402, -10.4445381165], [-324.632263184, 222.982559204, -57.3120231628, -16.3535766602, 78.0985412598, 10.6944131851, 50.4661979675, -7.14006519318, 26.4275283813, 33.9573478699, 153.821334839, 4.21850824356, 13.7097501755], [220.25831604, -409.68460083, 195.10093689, 128.927444458, 14.3843507767, 157.771148682, 18.7144451141, 97.970085144, -22.81524086, 61.2543449402, 4.21850824356, 165.815078735, 12.2642793655], [-423.893615723, 172.829803467, 21.4902477264, -8.88314819336, 78.1557922363, -11.8250732422, 64.2914428711, -14.006688118, 42.0859947205, -10.4445381165, 13.7097501755, 12.2642793655, 112.376106262]],
        "icov": [[0.000108253945655, -0.000278133346001, 3.90293644159e-05, -0.00030809600139, 0.000222231479711, -0.000266552029643, 0.000265406852122, -0.000230094854487, 0.000233581667999, -0.00024310660956, 0.000413590110838, -0.000208030847716, 0.000303328008158], [-0.000278133346001, 0.001539007877, -0.000119123476907, 0.000948135741055, -0.000870126241352, 0.00113271886948, -0.00131110707298, 0.00100778928027, -0.00106908706948, 0.00132289645262, -0.00197363295592, 0.00162322167307, -0.00113131955732], [3.90293644159e-05, -0.000119123476907, 0.00192489055917, -0.000649935856927, -0.000683525053319, -2.31837530009e-05, -0.000536478240974, -0.00103191379458, 0.000556549464818, -0.0010742098093, 0.0015319546219, -0.000932128517888, 0.000168752070749], [-0.00030809600139, 0.000948135741055, -0.000649935856927, 0.0025671205949, -0.0003167562827, 0.000473157881061, -0.00150972499978, 0.000452111125924, -0.00104697409552, 0.00103801151272, -0.00136871915311, 0.000545886694454, -0.000506992277224], [0.000222231479711, -0.000870126241352, -0.000683525053319, -0.0003167562827, 0.0037482904736, -0.00126389891375, -0.000879667000845, 0.000827247567941, -0.000347194989445, -0.00145267287735, 0.000332687137416, -0.000437328853877, 0.000150827021571], [-0.000266552029643, 0.00113271886948, -2.31837530009e-05, 0.000473157881061, -0.00126389891375, 0.00523184984922, -0.00153037498239, -0.00270646973513, 0.00210827332921, -0.000795340456534, -0.0015774385538, 0.000447357946541, -0.0014578057453], [0.000265406852122, -0.00131110707298, -0.000536478240974, -0.00150972499978, -0.000879667000845, -0.00153037498239, 0.00876750890166, -0.00154060940258, -0.0024404192809, 0.00162859878037, -0.000153210959979, -0.00122737011407, -0.000538451480679], [-0.000230094854487, 0.00100778928027, -0.00103191379458, 0.000452111125924, 0.000827247567941, -0.00270646973513, -0.00154060940258, 0.00947975087911, -0.00270314351656, 2.75760176009e-05, -0.00113279453944, 0.000371570378775, 0.000130595421069], [0.000233581667999, -0.00106908706948, 0.000556549464818, -0.00104697409552, -0.000347194989445, 0.00210827332921, -0.0024404192809, -0.00270314351656, 0.00904180668294, -0.00384467141703, 0.00215708417818, -0.000277600542177, -0.000117755676911], [-0.00024310660956, 0.00132289645262, -0.0010742098093, 0.00103801151272, -0.00145267287735, -0.000795340456534, 0.00162859878037, 2.75760176009e-05, -0.00384467141703, 0.0124173341319, -0.00457947747782, -0.000307156762574, 0.000520398723893], [0.000413590110838, -0.00197363295592, 0.0015319546219, -0.00136871915311, 0.000332687137416, -0.0015774385538, -0.000153210959979, -0.00113279453944, 0.00215708417818, -0.00457947747782, 0.011179426685, -0.00240542762913, 0.00140856462531], [-0.000208030847716, 0.00162322167307, -0.000932128517888, 0.000545886694454, -0.000437328853877, 0.000447357946541, -0.00122737011407, 0.000371570378775, -0.000277600542177, -0.000307156762574, -0.00240542762913, 0.010863118805, -0.0027767024003], [0.000303328008158, -0.00113131955732, 0.000168752070749, -0.000506992277224, 0.000150827021571, -0.0014578057453, -0.000538451480679, 0.000130595421069, -0.000117755676911, 0.000520398723893, 0.00140856462531, -0.0027767024003, 0.012000140734]]
    },
    "melbands": {
        "dmean": [0.00536367017776, 0.00444178888574, 0.000854294281453, 0.000278071529465, 0.000162948083016, 0.000137240203912, 0.000132176588522, 0.000219988607569, 0.000307849026285, 0.000193857209524, 0.000185648983461, 9.4568982604e-05, 0.000105999562948, 8.58747589518e-05, 8.07479736977e-05, 4.52802887594e-05, 3.69534827769e-05, 1.92208390217e-05, 1.05696481114e-05, 7.66945504438e-06, 5.03591354573e-06, 5.57727662454e-06, 3.74446858586e-06, 4.40596204498e-06, 4.98570489071e-06, 3.93366053686e-06, 3.37015853802e-06, 4.01219267587e-06, 3.43099941347e-06, 3.14093495035e-06, 2.77678714156e-06, 2.57404735748e-06, 2.27715372603e-06, 1.97016561287e-06, 1.66795211953e-06, 1.61446916991e-06, 1.57165857217e-06, 1.51479559918e-06, 1.29480076794e-06, 1.14119370664e-06],
        "dmean2": [0.00867340434343, 0.00748568726704, 0.00147503218614, 0.000448078033514, 0.000245609262493, 0.000204503041459, 0.000205738499062, 0.000317514466587, 0.000483428681036, 0.000308908900479, 0.000297241465887, 0.000153040833538, 0.000174508313648, 0.000138842951856, 0.000131071225042, 7.20978714526e-05, 5.62185305171e-05, 3.07394475385e-05, 1.69200557139e-05, 1.27714201881e-05, 8.30846602184e-06, 8.90760838956e-06, 6.16279430687e-06, 7.22702407074e-06, 8.09420544101e-06, 6.09548624197e-06, 5.38704898645e-06, 6.33579065834e-06, 5.49614878764e-06, 4.94789128425e-06, 4.3999252739e-06, 4.14250780523e-06, 3.66486256098e-06, 3.188244591e-06, 2.7190626497e-06, 2.64292225438e-06, 2.57381270785e-06, 2.54641417996e-06, 2.17487695409e-06, 1.92949187294e-06],
        "dvar": [8.38826526888e-05, 6.36666227365e-05, 4.03488320444e-06, 2.93741180712e-07, 5.7336727366e-08, 3.14266799251e-08, 3.45344162156e-08, 2.11068197586e-07, 4.45579871666e-07, 4.03939480975e-07, 3.54176876272e-07, 1.39630657259e-07, 1.47411284956e-07, 3.62960790312e-08, 2.42212045976e-08, 9.81458470051e-09, 7.06346536816e-09, 2.06495065491e-09, 5.86087789411e-10, 3.46504408499e-10, 1.42666503611e-10, 1.84456991348e-10, 7.54669174374e-11, 1.2847130304e-10, 1.54962973009e-10, 1.03477122704e-10, 1.01666834673e-10, 2.59341159659e-10, 2.15854445429e-10, 1.32136315778e-10, 8.08226263693e-11, 8.09597736073e-11, 5.30438158675e-11, 3.94931344572e-11, 2.65394060894e-11, 3.12684184101e-11, 3.0785523436e-11, 5.19859606751e-11, 2.83212238383e-11, 1.80384249204e-11],
        "dvar2": [0.000245341070695, 0.000194792213733, 1.1635640476e-05, 8.30820965803e-07, 1.42338322462e-07, 7.16954247082e-08, 8.87777318326e-08, 3.74992140451e-07, 1.00045974705e-06, 9.61106479735e-07, 8.14793452264e-07, 3.32028321282e-07, 3.18872366734e-07, 8.52311785593e-08, 6.27460536862e-08, 2.50843044114e-08, 1.55257318113e-08, 4.99227059692e-09, 1.38576949915e-09, 8.27846680096e-10, 3.54106466371e-10, 4.18743845154e-10, 1.92714538771e-10, 3.08238129465e-10, 3.90813659212e-10, 2.35927388736e-10, 2.50896969867e-10, 6.50812126413e-10, 5.58873669565e-10, 3.10695053019e-10, 1.86340956554e-10, 2.02270367122e-10, 1.33520139389e-10, 1.03192357437e-10, 6.8551733734e-11, 8.07806876946e-11, 8.04310715252e-11, 1.42800146707e-10, 7.66332067248e-11, 4.88105458829e-11],
        "max": [0.105493359268, 0.108129516244, 0.0535434298217, 0.0144608123228, 0.00609481520951, 0.00425457209349, 0.00439457409084, 0.0141246486455, 0.0155967930332, 0.0212388243526, 0.0174218267202, 0.0212030261755, 0.0141546856612, 0.0062009068206, 0.0025066442322, 0.00169240415562, 0.00215491349809, 0.00109733315185, 0.000539628905244, 0.000532959937118, 0.00039477169048, 0.000536561652552, 0.000235829807934, 0.000286202208372, 0.000301122228848, 0.000187085461221, 0.000222337650484, 0.000541217857972, 0.000622663996182, 0.000475538807223, 0.000346114422427, 0.000295453588478, 0.000216164349695, 0.000156759851961, 0.000118938056403, 0.000161323288921, 0.000148069302668, 0.000298608269077, 0.000204491458135, 0.000138990479172],
        "mean": [0.0123242633417, 0.012581772171, 0.00163890235126, 0.000486999138957, 0.000325114699081, 0.000292222510325, 0.000265812268481, 0.000482126110001, 0.000633039744571, 0.000395628303522, 0.000349837966496, 0.000175636407221, 0.000189907441381, 0.000146280784975, 0.000132881701575, 7.7553508163e-05, 6.27468907624e-05, 3.03978504235e-05, 1.45030335261e-05, 1.00744136944e-05, 6.18320109425e-06, 7.7243994383e-06, 4.74320722788e-06, 5.96051859247e-06, 6.99389465808e-06, 4.94998130307e-06, 4.2155279516e-06, 5.32812782694e-06, 4.14620762967e-06, 3.90626928493e-06, 3.31687260768e-06, 2.96334064842e-06, 2.51420692621e-06, 2.2534090931e-06, 1.87684838693e-06, 1.81653115305e-06, 1.86714134998e-06, 1.78014022367e-06, 1.56873227297e-06, 1.33102287236e-06],
        "median": [0.00884677004069, 0.0108803333715, 0.000838611798827, 0.000286800175672, 0.000216699161683, 0.000205350326723, 0.000144797304529, 0.000202897659619, 0.000256886240095, 0.000145445374073, 8.48990894156e-05, 3.47815730493e-05, 4.21402255597e-05, 4.1704493924e-05, 3.13149575959e-05, 1.19911201182e-05, 1.36570188261e-05, 7.66679386288e-06, 3.94024345951e-06, 3.38370068675e-06, 2.47059665526e-06, 2.65946641775e-06, 1.73008561433e-06, 1.81725761195e-06, 1.95576672013e-06, 1.19580806768e-06, 1.05501283088e-06, 1.03657578165e-06, 6.88252612235e-07, 5.1603007023e-07, 3.56926790346e-07, 2.81768052446e-07, 1.9098885673e-07, 1.87818471886e-07, 1.75594649932e-07, 1.50583062464e-07, 1.39436238555e-07, 1.11077184783e-07, 8.09900626564e-08, 6.2327231376e-08],
        "min": [5.54509854587e-24, 1.25497088844e-23, 7.86842289051e-24, 3.57694225774e-24, 8.06696576972e-24, 4.59732476674e-24, 1.74909474235e-24, 5.01432531871e-24, 8.83336070522e-24, 1.07379367765e-23, 1.65925547593e-23, 1.82635593718e-23, 9.54741550852e-24, 8.23709466798e-24, 9.64496131489e-24, 8.87037169231e-24, 8.74284128292e-24, 4.67504886515e-24, 6.17608629585e-24, 9.18101328387e-24, 9.33699475066e-24, 9.55573168018e-24, 5.44208514456e-24, 6.31332600526e-24, 6.7740905881e-24, 7.91212972896e-24, 8.4832981565e-24, 1.08816175352e-23, 8.31717509391e-24, 1.55438982922e-23, 7.14624991963e-24, 1.07479931754e-23, 1.11433544838e-23, 1.07966643155e-23, 1.30660380684e-23, 1.01915164933e-23, 1.17011659185e-23, 1.35505966683e-23, 1.06744752833e-23, 1.61576667863e-23],
        "var": [0.000174512868398, 0.000148160543176, 7.22857521396e-06, 4.49533956726e-07, 1.24399832657e-07, 8.81401476249e-08, 1.31982389462e-07, 8.79582955804e-07, 1.30667115172e-06, 9.7346946859e-07, 8.91783940915e-07, 3.51784791519e-07, 4.22494906616e-07, 8.24471229066e-08, 5.03073529501e-08, 2.43235831476e-08, 1.87653359518e-08, 4.41056524636e-09, 9.78289560472e-10, 6.49028497612e-10, 1.56557822262e-10, 2.83015472169e-10, 8.40335925845e-11, 1.99262786826e-10, 2.14928783104e-10, 1.36868349987e-10, 1.33744265662e-10, 3.53883089499e-10, 2.53235238334e-10, 2.30040431148e-10, 1.31834126949e-10, 1.03023450881e-10, 6.38500780026e-11, 5.42344606724e-11, 3.48776459103e-11, 4.03072471233e-11, 4.39325971435e-11, 5.82239811919e-11, 4.24755959572e-11, 2.77198489856e-11]
    },
    "mfcc": {
        "mean": [-677.009277344, 163.486740112, 14.1327991486, 13.8600854874, -0.671277463436, 9.49806213379, 12.2068309784, 7.34043359756, 3.73027038574, 9.79905033112, 7.62124538422, 6.90118598938, 0.392153888941],
        "cov": [[12633.6142578, -1312.5838623, 698.787780762, 617.920410156, 188.237960815, 429.604156494, 452.256561279, 573.085571289, 227.940261841, 159.247406006, 182.551773071, 183.819976807, 20.3332366943], [-1312.5838623, 3264.33520508, -451.406005859, 111.92716217, 41.8225402832, -137.042739868, -152.501647949, -162.143218994, 9.63985729218, 95.0926589966, 28.5291938782, 17.3973770142, -13.5274753571], [698.787780762, -451.406005859, 701.960998535, 200.766098022, 162.517944336, 181.190460205, 150.448043823, 195.085494995, 174.589172363, 71.874130249, 64.018157959, 48.8509941101, 89.0612640381], [617.920410156, 111.92716217, 200.766098022, 591.939208984, 141.380645752, 163.290924072, 60.3290710449, 167.068130493, 172.827133179, 94.9364929199, 83.4584732056, 65.9467544556, 88.116645813], [188.237960815, 41.8225402832, 162.517944336, 141.380645752, 319.569396973, 165.618835449, 137.140945435, 94.3307571411, 88.9707641602, 80.0323104858, 61.9528427124, 45.9057006836, 56.0638809204], [429.604156494, -137.042739868, 181.190460205, 163.290924072, 165.618835449, 288.334777832, 175.470031738, 144.231582642, 120.024269104, 68.0226974487, 58.2278289795, 62.5365524292, 78.2615432739], [452.256561279, -152.501647949, 150.448043823, 60.3290710449, 137.140945435, 175.470031738, 279.334747314, 151.087844849, 61.152721405, 54.5599632263, 48.8317718506, 66.7895202637, 60.9659385681], [573.085571289, -162.143218994, 195.085494995, 167.068130493, 94.3307571411, 144.231582642, 151.087844849, 246.497543335, 139.392807007, 60.5317268372, 49.6400222778, 42.9200401306, 64.1347351074], [227.940261841, 9.63985729218, 174.589172363, 172.827133179, 88.9707641602, 120.024269104, 61.152721405, 139.392807007, 214.540115356, 102.009780884, 37.4329032898, 19.6782684326, 45.3484840393], [159.247406006, 95.0926589966, 71.874130249, 94.9364929199, 80.0323104858, 68.0226974487, 54.5599632263, 60.5317268372, 102.009780884, 147.544708252, 67.0294265747, 22.8850460052, 13.9929628372], [182.551773071, 28.5291938782, 64.018157959, 83.4584732056, 61.9528427124, 58.2278289795, 48.8317718506, 49.6400222778, 37.4329032898, 67.0294265747, 136.209075928, 85.0459060669, 25.8314781189], [183.819976807, 17.3973770142, 48.8509941101, 65.9467544556, 45.9057006836, 62.5365524292, 66.7895202637, 42.9200401306, 19.6782684326, 22.8850460052, 85.0459060669, 146.837478638, 77.1200332642], [20.3332366943, -13.5274753571, 89.0612640381, 88.116645813, 56.0638809204, 78.2615432739, 60.9659385681, 64.1347351074, 45.3484840393, 13.9929628372, 25.8314781189, 77.1200332642, 153.019180298]],
