{
"lowlevel": {
    "average_loudness": 0.904709815979,
    "barkbands_crest": {
        "dmean": 2.65693092346,
        "dmean2": 4.22477149963,
        "dvar": 7.15825510025,
        "dvar2": 17.0470581055,
        "max": 24.4003944397,
        "mean": 9.85308647156,
        "median": 9.14421272278,
        "min": 2.20030474663,
        "var": 20.1418361664
    },
    "barkbands_flatness_db": {
        "dmean": 0.0219133365899,
        "dmean2": 0.0353645533323,
        "dvar": 0.000473237771075,
        "dvar2": 0.00129480101168,
        "max": 0.286305993795,
        "mean": 0.103447765112,
        "median": 0.100304171443,
        "min": 0.00986573193222,
        "var": 0.00142123899423
    },
    "barkbands_kurtosis": {
        "dmean": 2.38570785522,
        "dmean2": 4.09464693069,
        "dvar": 13.7901926041,
        "dvar2": 39.3023223877,
        "max": 61.9085464478,
        "mean": 2.7529668808,
        "median": 0.827808618546,
        "min": -1.87246882915,
        "var": 28.0627422333
    },
    "barkbands_skewness": {
        "dmean": 0.562922298908,
        "dmean2": 0.915626645088,
        "dvar": 0.379047423601,
        "dvar2": 0.967399001122,
        "max": 7.29885673523,
        "mean": 1.41277897358,
        "median": 1.34170901775,
        "min": -3.29236102104,
        "var": 1.70238769054
    },
    "barkbands_spread": {
        "dmean": 8.33898830414,
        "dmean2": 13.332775116,
        "dvar": 84.8482055664,
        "dvar2": 215.279647827,
        "max": 103.458045959,
        "mean": 36.2881355286,
        "median": 34.4528198242,
        "min": 2.8305952549,
        "var": 271.148071289
    },
    "dissonance": {
        "dmean": 0.00820637121797,
        "dmean2": 0.0137292323634,
        "dvar": 5.32121412107e-05,
        "dvar2": 0.000144753692439,
        "max": 0.5,
        "mean": 0.482812196016,
        "median": 0.484363287687,
        "min": 0.391015648842,
        "var": 9.96004164335e-05
    },
    "dynamic_complexity": 2.78731560707,
    "erbbands_crest": {
        "dmean": 1.36993813515,
        "dmean2": 2.18507099152,
        "dvar": 2.02849078178,
        "dvar2": 4.38772201538,
        "max": 18.8917617798,
        "mean": 5.45968532562,
        "median": 4.82025003433,
        "min": 2.18795800209,
        "var": 5.62108802795
    },
    "erbbands_flatness_db": {
        "dmean": 0.0129275172949,
        "dmean2": 0.0177515950054,
        "dvar": 0.000263222260401,
        "dvar2": 0.000423039193265,
        "max": 0.262413412333,
        "mean": 0.116788677871,
        "median": 0.107990249991,
        "min": 0.0471355430782,
        "var": 0.00153511471581
    },
    "erbbands_kurtosis": {
        "dmean": 0.386897265911,
        "dmean2": 0.617225885391,
        "dvar": 0.290738761425,
        "dvar2": 0.77781778574,
        "max": 13.5925750732,
        "mean": -0.672833561897,
        "median": -0.979832172394,
        "min": -1.85634505749,
        "var": 1.71832621098
    },
    "erbbands_skewness": {
        "dmean": 0.240514725447,
        "dmean2": 0.371142864227,
        "dvar": 0.059028506279,
        "dvar2": 0.140414088964,
        "max": 2.3124423027,
        "mean": -0.398014485836,
        "median": -0.403111457825,
        "min": -2.86355376244,
        "var": 0.246594160795
    },
    "erbbands_spread": {
        "dmean": 8.6985502243,
        "dmean2": 13.4147729874,
        "dvar": 80.0072784424,
        "dvar2": 200.709136963,
        "max": 152.661529541,
        "mean": 61.1699981689,
        "median": 60.1186447144,
        "min": 8.11582946777,
        "var": 303.752868652
    },
    "hfc": {
        "dmean": 9.33805274963,
        "dmean2": 13.2560358047,
        "dvar": 172.513565063,
        "dvar2": 380.155792236,
        "max": 162.287780762,
        "mean": 33.1691970825,
        "median": 20.9005298615,
        "min": 1.24212180403e-16,
        "var": 790.407348633
    },
    "melbands_crest": {
        "dmean": 3.86591696739,
        "dmean2": 6.39270305634,
        "dvar": 12.2143564224,
        "dvar2": 36.3984527588,
        "max": 30.3394432068,
        "mean": 14.8522901535,
        "median": 14.8532629013,
        "min": 1.55337882042,
        "var": 33.7475013733
    },
    "melbands_flatness_db": {
        "dmean": 0.0286153946072,
        "dmean2": 0.0453907363117,
        "dvar": 0.000904068758246,
        "dvar2": 0.00224248575978,
        "max": 0.403887480497,
        "mean": 0.154336214066,
        "median": 0.155264511704,
        "min": 0.00381043483503,
        "var": 0.00385736906901
    },
    "melbands_kurtosis": {
        "dmean": 9.14752006531,
        "dmean2": 15.7156639099,
        "dvar": 228.994537354,
        "dvar2": 646.967468262,
        "max": 306.099761963,
        "mean": 17.638753891,
        "median": 10.9596576691,
        "min": -1.78850197792,
        "var": 529.152526855
    },
    "melbands_skewness": {
        "dmean": 0.872366189957,
        "dmean2": 1.43912780285,
        "dvar": 1.12457549572,
        "dvar2": 2.978048563,
        "max": 14.9544382095,
        "mean": 3.39361691475,
        "median": 3.16770482063,
        "min": -2.3842651844,
        "var": 3.72856283188
    },
    "melbands_spread": {
        "dmean": 11.4000597,
        "dmean2": 17.8508815765,
        "dvar": 188.011123657,
        "dvar2": 386.786407471,
        "max": 200.31161499,
        "mean": 37.06798172,
        "median": 28.6898498535,
        "min": 1.92365276814,
        "var": 878.042663574
    },
    "pitch_salience": {
        "dmean": 0.078268699348,
        "dmean2": 0.128768146038,
        "dvar": 0.00558397220448,
        "dvar2": 0.0147485192865,
        "max": 0.898982644081,
        "mean": 0.583127439022,
        "median": 0.588358283043,
        "min": 0.169612288475,
        "var": 0.015163465403
    },
    "silence_rate_20dB": {
        "dmean": 0,
        "dmean2": 0,
        "dvar": 0,
        "dvar2": 0,
        "max": 1,
        "mean": 1,
        "median": 1,
        "min": 1,
        "var": 0
    },
    "silence_rate_30dB": {
        "dmean": 0.0275908485055,
        "dmean2": 0.0551863387227,
        "dvar": 0.0268311072141,
        "dvar2": 0.0639231950045,
        "max": 1,
        "mean": 0.969635784626,
        "median": 1,
        "min": 0,
        "var": 0.0294384863228
    },
    "silence_rate_60dB": {
        "dmean": 0.00723418593407,
        "dmean2": 0.0143854627386,
        "dvar": 0.00718283373863,
        "dvar2": 0.0146828545257,
        "max": 1,
        "mean": 0.0535789392889,
        "median": 0,
        "min": 0,
        "var": 0.0507063753903
    },
    "spectral_centroid": {
        "dmean": 329.63369751,
        "dmean2": 503.387817383,
        "dvar": 111226,
        "dvar2": 249005,
        "max": 10445.9667969,
        "mean": 2107.40576172,
        "median": 2043.49658203,
        "min": 321.957702637,
        "var": 579200.125
    },
    "spectral_complexity": {
        "dmean": 4.87129878998,
        "dmean2": 7.24960041046,
        "dvar": 20.1553478241,
        "dvar2": 41.3884925842,
        "max": 57,
        "mean": 26.9907474518,
        "median": 28,
        "min": 0,
        "var": 132.990097046
    },
    "spectral_decrease": {
        "dmean": 3.46362383219e-09,
        "dmean2": 6.10854211658e-09,
        "dvar": 4.20799615449e-17,
        "dvar2": 1.14802967848e-16,
        "max": 1.93355929047e-18,
        "mean": -8.29406943126e-09,
        "median": -6.07419625709e-09,
        "min": -7.2026935527e-08,
        "var": 6.19447767472e-17
    },
    "spectral_energy": {
        "dmean": 0.013511906378,
        "dmean2": 0.0236827190965,
        "dvar": 0.000629629881587,
        "dvar2": 0.00170327816159,
        "max": 0.277969539165,
        "mean": 0.0343123860657,
        "median": 0.0269109960645,
        "min": 1.10720023305e-20,
        "var": 0.000958655553404
    },
    "spectral_energyband_high": {
        "dmean": 0.00108474225271,
        "dmean2": 0.00158576888498,
        "dvar": 2.41961151914e-06,
        "dvar2": 5.63319508728e-06,
        "max": 0.0236557610333,
        "mean": 0.00328310835175,
        "median": 0.00164511939511,
        "min": 7.77986549781e-21,
        "var": 1.23709169202e-05
    },
    "spectral_energyband_low": {
        "dmean": 0.0106132533401,
        "dmean2": 0.019242791459,
        "dvar": 0.000530873658136,
        "dvar2": 0.00148851331323,
        "max": 0.257357805967,
        "mean": 0.0164772737771,
        "median": 0.00485209841281,
        "min": 6.51168957638e-23,
        "var": 0.000613117183093
    },
    "spectral_energyband_middle_high": {
        "dmean": 0.00080944574438,
        "dmean2": 0.00123905204237,
        "dvar": 7.03653142864e-07,
        "dvar2": 1.65755466242e-06,
        "max": 0.0195355098695,
        "mean": 0.00347761553712,
        "median": 0.00306449411437,
        "min": 1.62090049705e-21,
        "var": 4.98907593283e-06
    },
    "spectral_energyband_middle_low": {
        "dmean": 0.00448440108448,
        "dmean2": 0.00732467556372,
        "dvar": 7.52760461182e-05,
        "dvar2": 0.000210391430301,
        "max": 0.10391920805,
        "mean": 0.0111552784219,
        "median": 0.00871359463781,
        "min": 3.27428141418e-22,
        "var": 9.83296631603e-05
    },
    "spectral_entropy": {
        "dmean": 0.112792529166,
        "dmean2": 0.158014059067,
        "dvar": 0.0179003030062,
        "dvar2": 0.035757355392,
        "max": 9.81341552734,
        "mean": 8.04749107361,
        "median": 8.02313423157,
        "min": 6.94319057465,
        "var": 0.0647865384817
    },
    "spectral_flux": {
        "dmean": 0.0305397212505,
        "dmean2": 0.0477562174201,
        "dvar": 0.00206785998307,
        "dvar2": 0.00441333930939,
        "max": 0.467415332794,
        "mean": 0.0929122716188,
        "median": 0.0787119120359,
        "min": 1.05223579849e-10,
        "var": 0.00372378877364
    },
    "spectral_kurtosis": {
        "dmean": 0.671493053436,
        "dmean2": 1.11562275887,
        "dvar": 0.593300402164,
        "dvar2": 1.65081417561,
        "max": 9.96598815918,
        "mean": 2.12158727646,
        "median": 1.86558961868,
        "min": -1.2633587122,
        "var": 1.59988451004
    },
    "spectral_rms": {
        "dmean": 0.000974594207946,
        "dmean2": 0.00163940445054,
        "dvar": 2.12126178667e-06,
        "dvar2": 5.36249763172e-06,
        "max": 0.0164678413421,
        "mean": 0.00523953139782,
        "median": 0.00512392725796,
        "min": 3.28663246792e-12,
        "var": 6.02272621109e-06
    },
    "spectral_rolloff": {
        "dmean": 930.939758301,
        "dmean2": 1507.88024902,
        "dvar": 1667568.625,
        "dvar2": 3682394.25,
        "max": 19358.3496094,
        "mean": 2926.64355469,
        "median": 2239.453125,
        "min": 86.1328125,
        "var": 8538456
    },
    "spectral_skewness": {
        "dmean": 0.118431195617,
        "dmean2": 0.190236538649,
        "dvar": 0.0135388970375,
        "dvar2": 0.0326539985836,
        "max": 1.77470207214,
        "mean": 0.940689146519,
        "median": 0.9774761796,
        "min": -0.146530911326,
        "var": 0.0790529772639
    },
    "spectral_spread": {
        "dmean": 527711.8125,
        "dmean2": 712317.125,
        "dvar": 551643643904,
        "dvar2": 874064838656,
        "max": 42778400,
        "mean": 5343116.5,
        "median": 5195945,
        "min": 2568156.5,
        "var": 2.25708421939e+12
    },
    "spectral_strongpeak": {
        "dmean": 0.25078240037,
        "dmean2": 0.418719232082,
        "dvar": 0.161069512367,
        "dvar2": 0.416813105345,
        "max": 7.49874448776,
        "mean": 0.484434753656,
        "median": 0.317405849695,
        "min": 0,
        "var": 0.297820270061
    },
    "zerocrossingrate": {
        "dmean": 0.016620086506,
        "dmean2": 0.0176856238395,
        "dvar": 0.000348914269125,
        "dvar2": 0.000388299959013,
        "max": 0.52685546875,
        "mean": 0.0944342240691,
        "median": 0.07666015625,
        "min": 0.00830078125,
        "var": 0.00498860701919
    },
    "barkbands": {
        "dmean": [0.00228926003911, 0.00752100953832, 0.00187415501568, 0.00217269128188, 0.00245991698466, 0.00102142093237, 0.000481715920614, 0.000322383421008, 0.000378864118829, 0.000239830405917, 0.000190804435988, 0.000137214010465, 0.000136747476063, 0.000135243448312, 0.000136109811137, 0.00020955693617, 0.000193609346752, 0.000121179960843, 0.00016883535136, 0.000192143721506, 0.000315306999255, 0.000358971272362, 0.000263169960817, 0.000118776020827, 0.000101778925455, 7.59023532737e-05, 2.53443377005e-05],
        "dmean2": [0.00407889345661, 0.0135147264227, 0.00337619474158, 0.00378191284835, 0.00393956154585, 0.00163437845185, 0.000777129258495, 0.000501591654029, 0.00055123004131, 0.000375859759515, 0.000305304827634, 0.000226941439905, 0.000224416842684, 0.000229231955018, 0.000233543891227, 0.000348479865352, 0.000322952750139, 0.000205406264286, 0.000273041951004, 0.000322601146763, 0.000505991454702, 0.000593032338656, 0.00038281083107, 0.000171125851921, 0.000136859933264, 0.00010910751007, 3.63740473404e-05],
        "dvar": [2.37722615566e-05, 0.000322176347254, 2.10820926441e-05, 2.34086965065e-05, 1.81936102308e-05, 2.57890269495e-06, 5.19928278209e-07, 4.61691911369e-07, 4.67748094479e-07, 1.77960799874e-07, 8.20348873276e-08, 4.37385239138e-08, 6.51055316325e-08, 5.31256780789e-08, 3.73383599594e-08, 4.85617874801e-08, 5.14841822508e-08, 2.02871426325e-08, 3.52882949528e-08, 4.95280048085e-08, 2.37808791326e-07, 3.04025633113e-07, 1.63246795637e-07, 5.3780528475e-08, 3.55162157462e-08, 2.36986821278e-08, 2.17515760959e-09],
        "dvar2": [7.01445896993e-05, 0.000907666806597, 6.30971262581e-05, 6.62355669192e-05, 4.90810743941e-05, 7.1519125413e-06, 1.22689857562e-06, 1.17787965337e-06, 8.14007819372e-07, 2.91683903697e-07, 1.74999385649e-07, 1.00339114795e-07, 1.5940564424e-07, 1.51995777742e-07, 1.14211665903e-07, 1.3599364479e-07, 1.50973491486e-07, 5.73535352544e-08, 9.19684595146e-08, 1.46241944776e-07, 6.89706610046e-07, 8.37433105971e-07, 3.56463374374e-07, 1.24039942762e-07, 7.29547835476e-08, 5.63803688181e-08, 4.34352509515e-09],
        "max": [0.114041909575, 0.215197831392, 0.0370664335787, 0.0436826124787, 0.0566391386092, 0.02615147084, 0.021435668692, 0.0154039897025, 0.014899273403, 0.0130032123998, 0.00746297230944, 0.00872709415853, 0.00471409456804, 0.00433480134234, 0.00333690270782, 0.00364063167945, 0.00313240196556, 0.00262296875007, 0.00271980417892, 0.00524441897869, 0.0118621569127, 0.0122231775895, 0.00734239863232, 0.00299676787108, 0.00164984923322, 0.00154313794337, 0.000361456768587],
        "mean": [0.00407931162044, 0.0102808177471, 0.00212855148129, 0.00258362316526, 0.00441045779735, 0.00197207601741, 0.000859851483256, 0.000485559809022, 0.000663355982397, 0.00039886200102, 0.000322968960973, 0.000241145782638, 0.000225159339607, 0.000239316184889, 0.00026409784914, 0.000468484387966, 0.000409472238971, 0.000288405164611, 0.000432913511759, 0.000505609204993, 0.000855775375385, 0.000963173457421, 0.000649571185932, 0.000252837839071, 0.000180501228897, 0.00011434454791, 3.60541962436e-05],
        "median": [0.000144573015859, 0.00285305548459, 0.000583284243476, 0.000746235949919, 0.00269938004203, 0.00128598511219, 0.000518970482517, 0.000232499587582, 0.000311690469971, 0.000252648518654, 0.000203207266168, 0.000169555918546, 0.000127268373035, 0.000163581920788, 0.000202059803996, 0.000430849497207, 0.000342985527823, 0.000238242020714, 0.000349744659616, 0.000397316238377, 0.000406991573982, 0.000405296741519, 0.000231123529375, 7.8816927271e-05, 3.26939771185e-05, 2.02504324989e-05, 1.38360792334e-05],
        "min": [9.74462126849e-24, 3.06295662172e-23, 2.49267124508e-23, 5.98503404537e-24, 2.69271232892e-23, 8.12874083611e-23, 8.99648909403e-23, 3.96957110981e-23, 5.46110986636e-23, 1.32595211938e-22, 5.77934960839e-23, 5.8493316681e-23, 1.64320256672e-22, 1.15061560318e-22, 8.98658352542e-23, 1.36526478171e-22, 1.87710096108e-22, 3.15867681464e-22, 2.05197476302e-22, 3.03988269268e-22, 3.39542293375e-22, 7.08671894163e-22, 5.26254385775e-22, 1.06233315691e-21, 1.14659279121e-21, 1.7047346261e-21, 2.50538992324e-21],
        "var": [5.97023026785e-05, 0.000308858900098, 1.81714203791e-05, 2.12938157347e-05, 2.6904137485e-05, 5.95819483351e-06, 1.46555248648e-06, 9.19951787637e-07, 1.52544703269e-06, 4.91324215091e-07, 1.90800591326e-07, 1.03162022924e-07, 1.13507432786e-07, 9.08622510565e-08, 6.43444408865e-08, 9.57918970812e-08, 9.45710851852e-08, 4.92092517845e-08, 1.0822196117e-07, 1.68606277384e-07, 1.37773497499e-06, 1.7461383095e-06, 9.44162366068e-07, 1.22445570128e-07, 8.36567792817e-08, 4.0687520908e-08, 3.42367978412e-09]
    },
    "erbbands": {
        "dmean": [0.280687183142, 1.60228872299, 2.72939133644, 4.39636230469, 7.17956352234, 10.1906442642, 7.03760051727, 9.99268722534, 7.70114707947, 7.72438573837, 5.67917442322, 8.84138393402, 8.08583068848, 6.05272769928, 6.53484582901, 5.96724319458, 6.31380462646, 5.87136793137, 6.82727050781, 7.41501522064, 13.1033973694, 8.83221435547, 5.8222026825, 8.2304315567, 8.51641273499, 9.60906887054, 10.2856731415, 13.5453157425, 13.4257459641, 11.3316726685, 6.72231721878, 3.33699321747, 1.73009204865, 1.12156975269, 0.785107970238, 0.417856782675, 0.114010326564, 0.0332128070295, 0.00354526587762, 0.000183160678716],
        "dmean2": [0.483240157366, 2.9052939415, 4.95225858688, 7.70723772049, 12.5737466812, 15.5647087097, 10.8657951355, 16.2404270172, 12.3390350342, 12.401181221, 8.5503320694, 12.8908309937, 12.2603635788, 9.71886730194, 10.3422307968, 9.81757926941, 10.2286119461, 9.91842460632, 11.6066608429, 12.6239118576, 21.7218608856, 14.6179456711, 9.81439208984, 13.4852161407, 13.7742166519, 16.2728595734, 16.7856197357, 22.3367156982, 22.1795520782, 17.6973705292, 9.70310020447, 4.85875415802, 2.61043977737, 1.65159642696, 1.0903211832, 0.598109304905, 0.16149751842, 0.0487678647041, 0.0049759936519, 0.00025819404982],
        "dvar": [0.286993533373, 19.2695770264, 48.8495597839, 78.9456253052, 441.510650635, 196.267089844, 97.3356399536, 274.970581055, 119.91355896, 206.633117676, 228.038757324, 271.361450195, 269.479888916, 72.3613891602, 101.56703949, 91.819442749, 147.976074219, 160.469787598, 82.9697875977, 116.748443604, 200.016189575, 93.2307815552, 48.1340942383, 81.1534729004, 116.731544495, 138.901916504, 218.056503296, 531.635253906, 444.75177002, 271.33682251, 119.972389221, 46.2523880005, 10.9921884537, 4.43594121933, 2.04201769829, 0.70132702589, 0.0509736724198, 0.00397186819464, 4.27472441515e-05, 1.00962303407e-07],
        "dvar2": [0.794523835182, 57.179851532, 148.099517822, 224.473129272, 1255.91833496, 448.531982422, 225.193893433, 803.332275391, 286.939453125, 511.87689209, 563.170043945, 486.364044189, 398.4375, 161.644271851, 215.284011841, 206.110244751, 360.068695068, 453.226013184, 245.869262695, 359.00201416, 572.785461426, 265.437866211, 136.522537231, 220.449447632, 316.222839355, 416.135742188, 671.460083008, 1513.05395508, 1254.2220459, 662.911254883, 277.845794678, 111.385223389, 25.0866394043, 9.91355037689, 3.95552754402, 1.65441906452, 0.112010352314, 0.00847567431629, 8.62683227751e-05, 1.87845515143e-07],
        "max": [6.49703264236, 45.7636489868, 57.0069503784, 81.7673797607, 215.963500977, 254.030715942, 187.730773926, 301.377105713, 336.763244629, 413.48248291, 372.208984375, 394.948944092, 507.243988037, 245.377532959, 275.974456787, 338.709716797, 249.744049072, 230.457992554, 182.517242432, 206.322784424, 246.884994507, 122.569412231, 99.1901245117, 172.815490723, 172.677566528, 290.286468506, 285.600280762, 507.560852051, 485.798095703, 283.457611084, 223.050827026, 100.126991272, 36.0848731995, 16.5553302765, 14.052324295, 8.93931865692, 2.26210927963, 0.483444303274, 0.0635087937117, 0.00297512044199],
        "mean": [0.407735735178, 1.83570599556, 3.20369768143, 5.24138259888, 8.52983570099, 19.5362682343, 15.0223121643, 18.32305336, 14.7924194336, 12.7008562088, 10.0592632294, 15.5466413498, 14.5074291229, 11.1942272186, 11.871011734, 11.0573062897, 10.9849433899, 11.1063728333, 13.7878904343, 16.0069580078, 29.3578052521, 21.5759849548, 15.4827823639, 21.3689289093, 22.1642875671, 25.1279945374, 29.0556125641, 35.0432853699, 34.9639663696, 27.9046649933, 17.0516548157, 7.5540266037, 3.35691976547, 1.97731649876, 1.33226525784, 0.647638499737, 0.169415786862, 0.0446925237775, 0.00532261235639, 0.000327805202687],
        "median": [0.102833524346, 0.467188477516, 0.873063862324, 1.9453908205, 3.61575722694, 10.9464139938, 9.81798553467, 11.7931480408, 9.91597175598, 6.84083032608, 4.9297041893, 6.977414608, 8.59371852875, 7.99057912827, 7.74131631851, 7.8909497261, 6.41250324249, 7.08231163025, 11.3833971024, 12.6643447876, 26.6489162445, 19.0100536346, 13.0827102661, 18.1791591644, 17.4970207214, 18.9897232056, 15.987326622, 14.8805055618, 13.2187423706, 12.2320661545, 5.56152200699, 2.27454423904, 1.15656173229, 0.457618743181, 0.206220790744, 0.0936123579741, 0.0353937894106, 0.0117451362312, 0.00225709169172, 0.000196800057893],
        "min": [5.54139419706e-22, 8.07470934196e-21, 2.92455812487e-20, 2.46898387887e-20, 4.71970419777e-20, 9.03820382646e-20, 5.48932822621e-19, 5.72487721141e-19, 5.13501523359e-19, 1.94085130116e-18, 1.19975702931e-18, 1.24623692832e-18, 3.26036505801e-18, 2.72003517226e-18, 2.70258889916e-18, 2.63807398126e-18, 5.69912635516e-18, 7.13571904912e-18, 5.98034584314e-18, 5.03363060104e-18, 9.41758775872e-18, 1.03406551479e-17, 1.92212769576e-17, 1.01090147979e-17, 1.34718720833e-17, 1.31439834787e-17, 9.67423543301e-18, 2.53536482576e-17, 1.94561813623e-17, 1.5335824332e-17, 1.90407762218e-17, 1.49307837645e-17, 2.07653650809e-17, 1.28719105404e-17, 8.46315037201e-18, 6.42898627351e-18, 2.75832908512e-18, 1.71066947735e-18, 3.13951955399e-19, 3.22297354749e-20],
        "var": [0.37095579505, 14.4890499115, 40.5568466187, 71.8406448364, 303.262481689, 554.765014648, 290.50491333, 522.441650391, 307.491363525, 524.938110352, 505.006347656, 879.524536133, 852.123657227, 155.987976074, 249.021408081, 208.1144104, 267.824035645, 272.246917725, 144.531890869, 209.50944519, 385.028594971, 203.912078857, 125.0128479, 237.075408936, 323.953155518, 479.297210693, 1170.51708984, 2708.23852539, 2475.16503906, 1221.75256348, 717.984619141, 120.402412415, 22.7693424225, 9.77072048187, 4.93376874924, 1.30240392685, 0.0919613316655, 0.00600883783773, 7.17938237358e-05, 1.82851294994e-07]
    },
    "gfcc": {
        "mean": [22.3838233948, 50.3401374817, -109.247917175, 45.6495857239, -60.9436454773, 0.186275601387, -33.6964149475, -3.70747995377, -22.1495609283, -0.0723411142826, -19.4920978546, 5.41694974899, -6.20132493973],
        "cov": [[15403.4951172, 1619.28039551, 235.328857422, 530.699768066, -85.9148025513, 261.34085083, -43.8713531494, 111.553512573, 216.157958984, 170.920608521, 58.2917976379, 209.974349976, -10.9505748749], [1619.28039551, 1942.33886719, -511.443725586, 303.238616943, 294.302246094, -178.774673462, 240.183319092, -66.6871414185, 94.848236084, 11.8266448975, 109.934059143, -15.2341527939, 132.273483276], [235.328857422, -511.443725586, 1224.17272949, 158.51411438, 467.629302979, 390.027679443, 130.204162598, 339.857513428, 91.4297485352, 212.068405151, 81.7412414551, 111.242546082, -24.8564338684], [530.699768066, 303.238616943, 158.51411438, 279.053131104, 107.458190918, 141.60446167, 127.091835022, 39.753276825, 109.376426697, 32.6544685364, 66.0417404175, 5.20283746719, 5.080701828], [-85.9148025513, 294.302246094, 467.629302979, 107.458190918, 525.93145752, 112.158187866, 202.634674072, 207.600326538, 58.0273895264, 172.15322876, 79.7587432861, 71.6522293091, 53.4761352539], [261.34085083, -178.774673462, 390.027679443, 141.60446167, 112.158187866, 264.789123535, 85.4867324829, 129.903564453, 100.214607239, 54.0083961487, 63.0308494568, 31.4480514526, -23.4749717712], [-43.8713531494, 240.183319092, 130.204162598, 127.091835022, 202.634674072, 85.4867324829, 215.714630127, 94.9797286987, 110.207740784, 86.8328704834, 56.3020706177, 23.6345481873, 11.9481773376], [111.553512573, -66.6871414185, 339.857513428, 39.753276825, 207.600326538, 129.903564453, 94.9797286987, 194.566619873, 66.6419525146, 109.338378906, 47.2844848633, 42.1919937134, 8.9907283783], [216.157958984, 94.848236084, 91.4297485352, 109.376426697, 58.0273895264, 100.214607239, 110.207740784, 66.6419525146, 145.205947876, 56.1783294678, 68.1229629517, 15.0509233475, -10.0064163208], [170.920608521, 11.8266448975, 212.068405151, 32.6544685364, 172.15322876, 54.0083961487, 86.8328704834, 109.338378906, 56.1783294678, 140.59236145, 51.5745773315, 53.1584434509, 10.8967189789], [58.2917976379, 109.934059143, 81.7412414551, 66.0417404175, 79.7587432861, 63.0308494568, 56.3020706177, 47.2844848633, 68.1229629517, 51.5745773315, 83.5725479126, 31.9719009399, 15.4318675995], [209.974349976, -15.2341527939, 111.242546082, 5.20283746719, 71.6522293091, 31.4480514526, 23.6345481873, 42.1919937134, 15.0509233475, 53.1584434509, 31.9719009399, 60.9243049622, 23.0198287964], [-10.9505748749, 132.273483276, -24.8564338684, 5.080701828, 53.4761352539, -23.4749717712, 11.9481773376, 8.9907283783, -10.0064163208, 10.8967189789, 15.4318675995, 23.0198287964, 54.5365066528]],
        "icov": [[0.00013065992971, -0.000332442141371, -4.99028392369e-05, -8.62610904733e-05, 0.000319470796967, -0.000327765970724, 0.000493843457662, -0.000200405571377, -0.000183973214007, -0.000356584554538, 0.000832612277009, -0.000962196907494, 0.000496371707413], [-0.000332442141371, 0.00265331938863, 0.00131372839678, -0.00233464036137, -0.00267799571157, 0.00281120208092, -0.00123246526346, 2.14739193325e-05, 0.000144378675031, 0.00211205286905, -0.00343160331249, 0.00246838130988, -0.00204980163835], [-4.99028392369e-05, 0.00131372839678, 0.00448861857876, -0.00255749840289, -0.00382483447902, -0.00218620547093, 0.00245907926001, -0.00241461163387, 0.000628694484476, -0.000163673990755, 0.00107811181806, -0.00275367870927, 0.00276177073829], [-8.62610904733e-05, -0.00233464036137, -0.00255749840289, 0.0122035481036, 0.00187735189684, -0.00669641094282, -0.00318015227094, 0.0062690381892, -0.00246561458334, -0.00199057930149, -0.000277805287624, 0.00548900524154, -0.00401042122394], [0.000319470796967, -0.00267799571157, -0.00382483447902, 0.00187735189684, 0.0106936777011, -0.000149900617544, -0.00507732061669, -0.00271632964723, 0.0049095172435, -0.00422539189458, -0.00055428216001, 0.000111464047222, -0.0024940255098], [-0.000327765970724, 0.00281120208092, -0.00218620547093, -0.00669641094282, -0.000149900617544, 0.0182658359408, -0.00286307604983, -0.00674802064896, -0.00135586212855, 0.00921011343598, -0.00853131432086, -0.00161889987066, 0.00350081687793], [0.000493843457662, -0.00123246526346, 0.00245907926001, -0.00318015227094, -0.00507732061669, -0.00286307604983, 0.0175223778933, -0.00145801261533, -0.0097542386502, -0.00360188214108, 0.00886049959809, -0.00484358612448, 0.00312034739181], [-0.000200405571377, 2.14739193325e-05, -0.00241461163387, 0.0062690381892, -0.00271632964723, -0.00674802064896, -0.00145801261533, 0.0205901023, -0.00464977044612, -0.00781088368967, 0.00169979175553, 0.00769105134532, -0.00811286177486], [-0.000183973214007, 0.000144378675031, 0.000628694484476, -0.00246561458334, 0.0049095172435, -0.00135586212855, -0.0097542386502, -0.00464977044612, 0.024428287521, -0.00216878880747, -0.0137959253043, 0.00276187830605, 0.00528843328357], [-0.000356584554538, 0.00211205286905, -0.000163673990755, -0.00199057930149, -0.00422539189458, 0.00921011343598, -0.00360188214108, -0.00781088368967, -0.00216878880747, 0.0252321474254, -0.00780904339626, -0.0105189401656, 0.00631138542667], [0.000832612277009, -0.00343160331249, 0.00107811181806, -0.000277805287624, -0.00055428216001, -0.00853131432086, 0.00886049959809, 0.00169979175553, -0.0137959253043, -0.00780904339626, 0.0366997569799, -0.0135155804455, -0.00199348665774], [-0.000962196907494, 0.00246838130988, -0.00275367870927, 0.00548900524154, 0.000111464047222, -0.00161889987066, -0.00484358612448, 0.00769105134532, 0.00276187830605, -0.0105189401656, -0.0135155804455, 0.0460514612496, -0.0219647493213], [0.000496371707413, -0.00204980163835, 0.00276177073829, -0.00401042122394, -0.0024940255098, 0.00350081687793, 0.00312034739181, -0.00811286177486, 0.00528843328357, 0.00631138542667, -0.00199348665774, -0.0219647493213, 0.0391909368336]]
    },
    "melbands": {
        "dmean": [0.00230018259026, 0.00170825200621, 0.000876927922945, 0.000540203240234, 0.000321027822793, 0.000214530940866, 0.000110718618089, 8.2988270151e-05, 4.97519649798e-05, 5.49401702301e-05, 4.07197148888e-05, 2.51367564488e-05, 2.64047430392e-05, 1.5798224922e-05, 1.70151870407e-05, 1.23305671877e-05, 1.19414798974e-05, 1.23778172565e-05, 9.1708252512e-06, 1.23677773445e-05, 1.7752245185e-05, 1.08111162263e-05, 7.67879919295e-06, 6.19342245045e-06, 7.53776203055e-06, 7.06604578227e-06, 7.0420164775e-06, 6.66006781103e-06, 6.47581555313e-06, 8.65926449478e-06, 9.43866416492e-06, 7.73340161686e-06, 8.25659026304e-06, 6.60560908727e-06, 4.630233434e-06, 2.61127706835e-06, 2.11046130971e-06, 1.29545242089e-06, 1.00510158063e-06, 9.66148490988e-07],
        "dmean2": [0.00408056331798, 0.00312137743458, 0.00152610160876, 0.000884693290573, 0.000484580348711, 0.000345230102539, 0.000177154244739, 0.000132680346724, 7.47056110413e-05, 8.02055437816e-05, 6.21040744591e-05, 4.07420593547e-05, 4.19653151766e-05, 2.61377954303e-05, 2.76517585007e-05, 2.03747513297e-05, 2.03200452233e-05, 2.10967482417e-05, 1.55241250468e-05, 2.09065965464e-05, 2.95853824355e-05, 1.80254282895e-05, 1.30760217871e-05, 1.0489719898e-05, 1.24615253299e-05, 1.16115470519e-05, 1.16707433335e-05, 1.14406548164e-05, 1.081897517e-05, 1.43004335769e-05, 1.62489377544e-05, 1.30452353915e-05, 1.32104605655e-05, 1.02387257357e-05, 6.94303207638e-06, 3.60185890713e-06, 3.14233193421e-06, 1.9870349206e-06, 1.53527093971e-06, 1.47044545429e-06],
        "dvar": [2.30330660997e-05, 2.07996890822e-05, 3.8960765778e-06, 1.16708338282e-06, 1.85010392784e-07, 1.16943688511e-07, 2.42572486542e-08, 2.26212630849e-08, 1.42075071707e-08, 9.71339630951e-09, 6.66092203616e-09, 1.32022659471e-09, 1.67846758714e-09, 5.95788585134e-10, 6.91043611223e-10, 4.48497738947e-10, 6.7810440596e-10, 2.41968500792e-10, 1.40112796365e-10, 1.94415719634e-10, 3.64073410308e-10, 1.47542561502e-10, 9.33918706258e-11, 8.36452226927e-11, 6.85741255446e-11, 7.36561436843e-11, 6.36956737354e-11, 6.82182227374e-11, 9.02750860177e-11, 1.51463175335e-10, 3.34288957626e-10, 1.77736020346e-10, 1.59707871927e-10, 9.81452905058e-11, 5.93799176496e-11, 1.50719471625e-11, 2.07528143975e-11, 6.21064918244e-12, 3.51942173321e-12, 3.04598013479e-12],
        "dvar2": [6.3307074015e-05, 6.30344366073e-05, 1.09689835881e-05, 3.30896909873e-06, 4.06792452168e-07, 3.35722205591e-07, 5.79808450141e-08, 5.72185463454e-08, 3.38350396589e-08, 1.76207226588e-08, 9.89926896011e-09, 2.94436341974e-09, 3.57420204544e-09, 1.41429978839e-09, 1.60129243199e-09, 1.14560860798e-09, 1.93374849466e-09, 7.12668479785e-10, 4.15912526641e-10, 5.64983171358e-10, 1.0450440513e-09, 4.27718138685e-10, 2.71085515147e-10, 2.43179643089e-10, 1.87905815907e-10, 1.97291641357e-10, 1.84510587364e-10, 2.05880520965e-10, 2.7572386041e-10, 4.45832232243e-10, 9.77475322905e-10, 5.2011600582e-10, 4.3411343964e-10, 2.36075881066e-10, 1.40097211609e-10, 3.04164679554e-11, 5.161837624e-11, 1.40970768045e-11, 8.63071506624e-12, 6.50097250338e-12],
        "max": [0.0595366358757, 0.0416357368231, 0.0181027967483, 0.0129433497787, 0.00810948200524, 0.00597384944558, 0.00500651076436, 0.00436909263954, 0.00272968690842, 0.00213677901775, 0.00251316674985, 0.00102613447234, 0.000935656426009, 0.00103614828549, 0.00103606085759, 0.000500998517964, 0.000524708826561, 0.000306204339722, 0.000236435735133, 0.000344228610629, 0.00031362802838, 0.00015543246991, 0.000145454338053, 0.000173323307536, 0.000159338276717, 0.000135517271701, 0.000187562502106, 0.000163573989994, 0.000177750538569, 0.000237378655584, 0.000393948168494, 0.000340643891832, 0.000266002083663, 0.000139001771458, 0.000178713627975, 7.64173382777e-05, 5.29843273398e-05, 2.88716655632e-05, 1.59811825142e-05, 1.62917694979e-05],
        "mean": [0.00341757317074, 0.00198326562531, 0.00106458668597, 0.000910803908482, 0.000697199837305, 0.000403747224482, 0.000214616491576, 0.000131137028802, 8.55003745528e-05, 9.62610429269e-05, 7.06411010469e-05, 4.38622446381e-05, 4.40032636106e-05, 2.72874058282e-05, 2.90207117359e-05, 2.04394982575e-05, 2.06834902201e-05, 2.27617329074e-05, 1.80642964551e-05, 2.56952589552e-05, 3.66481544916e-05, 2.32119928114e-05, 1.63899130712e-05, 1.36926282721e-05, 1.76430967258e-05, 1.5942074242e-05, 1.701736619e-05, 1.57675240189e-05, 1.68645983649e-05, 1.94383155758e-05, 2.12650465983e-05, 1.90142618521e-05, 1.95722877834e-05, 1.42230501297e-05, 1.06263978523e-05, 6.45821501166e-06, 3.90856575905e-06, 2.52531617662e-06, 1.65844630828e-06, 1.63043227985e-06],
        "median": [0.000875482684933, 0.00052261253586, 0.000396022078348, 0.00056939246133, 0.000469794671517, 0.000263411493506, 0.000145308978972, 6.8483321229e-05, 3.85873645428e-05, 4.41209813289e-05, 4.11851142417e-05, 3.10372743115e-05, 2.67128580163e-05, 1.84517011803e-05, 1.8538445147e-05, 1.15731863843e-05, 1.28304272948e-05, 1.84230466402e-05, 1.38778977998e-05, 2.13942494156e-05, 3.23462554661e-05, 1.99016230908e-05, 1.39219873745e-05, 1.06242423499e-05, 1.47549762914e-05, 1.22820574688e-05, 1.36938997457e-05, 1.15962848213e-05, 9.34672425501e-06, 9.52672507992e-06, 7.80396021582e-06, 6.415027201e-06, 8.79864546732e-06, 5.58884130442e-06, 3.01609088638e-06, 2.01298712454e-06, 1.04963874037e-06, 8.99346787264e-07, 4.6192769787e-07, 3.18595084536e-07],
        "min": [7.41167163752e-24, 1.44280008992e-23, 4.73415269075e-24, 4.88045562309e-24, 1.5283406955e-23, 1.31702276613e-23, 1.01719361768e-23, 1.77102365557e-23, 1.06412421511e-23, 6.93788808873e-24, 1.75554809787e-23, 1.25150116263e-23, 8.76215654219e-24, 7.44950067337e-24, 7.49828540947e-24, 1.66717358838e-23, 1.21624034235e-23, 1.04713790989e-23, 5.95585960251e-24, 7.53889754659e-24, 1.17567719349e-23, 1.09874171933e-23, 1.32668859992e-23, 1.70772072337e-23, 6.4958163539e-24, 9.44212861008e-24, 1.0704370745e-23, 8.20265852288e-24, 5.25565128025e-24, 8.0143132486e-24, 1.8659302489e-23, 1.35006507289e-23, 8.33594919459e-24, 7.57218984338e-24, 1.23042374588e-23, 7.19266728415e-24, 9.91937368052e-24, 1.39231504303e-23, 1.26867616338e-23, 1.11092299388e-23],
        "var": [2.76685623248e-05, 1.60263480211e-05, 3.32957688443e-06, 1.26150212054e-06, 5.8480526377e-07, 2.43689044055e-07, 6.46881446187e-08, 5.28198818017e-08, 3.40447456892e-08, 3.08859995357e-08, 2.10315072025e-08, 2.68571787032e-09, 3.80000875211e-09, 1.32630739724e-09, 1.48420553625e-09, 8.06627875605e-10, 1.09782249957e-09, 4.02973349134e-10, 2.68865069097e-10, 3.81408821193e-10, 6.63943899859e-10, 2.81385942325e-10, 1.60669838545e-10, 1.6537736458e-10, 1.73886738342e-10, 1.84102358358e-10, 1.89943782924e-10, 2.02503944169e-10, 3.83938464354e-10, 6.30843044469e-10, 1.30252908459e-09, 8.87961482121e-10, 6.50837106431e-10, 3.81231046731e-10, 3.05482611429e-10, 1.01530964192e-10, 3.47394682465e-11, 1.34127127807e-11, 6.1885817651e-12, 7.26788637953e-12]
    },
    "mfcc": {
        "mean": [-616.181640625, 81.6124038696, 3.64739871025, 39.3986053467, -5.72256469727, 9.63184547424, -9.08426475525, 0.587075650692, -1.6153768301, -5.16650342941, -8.01219654083, -4.43856287003, -0.652761459351],
        "cov": [[8771.96679688, 930.825683594, 268.100128174, 257.236175537, 57.2336654663, 288.543334961, -121.486351013, 204.659515381, 48.1558570862, 132.026733398, 104.9897995, 173.331924438, 224.285995483], [930.825683594, 1363.53308105, -405.667480469, 438.206970215, 93.1814346313, 58.051158905, 172.254013062, -13.7458429337, 127.317764282, -10.1765050888, 43.552520752, 71.768081665, 55.9499702454], [268.100128174, -405.667480469, 720.363586426, -18.7806949615, 295.486999512, 145.021530151, 127.292671204, 166.12109375, 66.3693008423, 146.331512451, 102.556938171, 84.1983261108, 92.5679244995], [257.236175537, 438.206970215, -18.7806949615, 273.654632568, 90.9735794067, 103.219284058, 116.537811279, 32.2031974792, 95.4595413208, 34.5592651367, 71.7132568359, 54.2041168213, 52.7776489258], [57.2336654663, 93.1814346313, 295.486999512, 90.9735794067, 325.002655029, 76.0367584229, 189.699295044, 85.3008270264, 101.054168701, 85.840057373, 71.5305480957, 77.7978286743, 83.5189971924], [288.543334961, 58.051158905, 145.021530151, 103.219284058, 76.0367584229, 157.021835327, 67.6667633057, 84.4759979248, 45.2555885315, 64.1886520386, 69.0349731445, 54.6363525391, 44.3050765991], [-121.486351013, 172.254013062, 127.292671204, 116.537811279, 189.699295044, 67.6667633057, 196.291473389, 62.4427833557, 113.981590271, 56.135383606, 76.2668685913, 62.8034667969, 65.6539535522], [204.659515381, -13.7458429337, 166.12109375, 32.2031974792, 85.3008270264, 84.4759979248, 62.4427833557, 120.534561157, 49.7250747681, 80.3611450195, 51.2425804138, 46.8786849976, 37.714302063], [48.1558570862, 127.317764282, 66.3693008423, 95.4595413208, 101.054168701, 45.2555885315, 113.981590271, 49.7250747681, 122.958625793, 58.542842865, 74.7007675171, 50.6528129578, 54.5344772339], [132.026733398, -10.1765050888, 146.331512451, 34.5592651367, 85.840057373, 64.1886520386, 56.135383606, 80.3611450195, 58.542842865, 105.288696289, 71.4448776245, 60.737197876, 47.1899833679], [104.9897995, 43.552520752, 102.556938171, 71.7132568359, 71.5305480957, 69.0349731445, 76.2668685913, 51.2425804138, 74.7007675171, 71.4448776245, 105.977615356, 73.1464157104, 62.8293914795], [173.331924438, 71.768081665, 84.1983261108, 54.2041168213, 77.7978286743, 54.6363525391, 62.8034667969, 46.8786849976, 50.6528129578, 60.737197876, 73.1464157104, 89.9140090942, 69.3997268677], [224.285995483, 55.9499702454, 92.5679244995, 52.7776489258, 83.5189971924, 44.3050765991, 65.6539535522, 37.714302063, 54.5344772339, 47.1899833679, 62.8293914795, 69.3997268677, 88.7825622559]],
