{
"lowlevel": {
    "average_loudness": 0.786354720592,
    "barkbands_crest": {
        "dmean": 1.94488930702,
        "dmean2": 2.92825007439,
        "dvar": 4.06655693054,
        "dvar2": 9.94646167755,
        "max": 26.0910015106,
        "mean": 10.9152498245,
        "median": 10.2847995758,
        "min": 2.53280091286,
        "var": 20.3880405426
    },
    "barkbands_flatness_db": {
        "dmean": 0.0177964158356,
        "dmean2": 0.0256407149136,
        "dvar": 0.000600597413722,
        "dvar2": 0.00130837690085,
        "max": 0.697536528111,
        "mean": 0.161498576403,
        "median": 0.13117942214,
        "min": 0.0204406026751,
        "var": 0.0108400266618
    },
    "barkbands_kurtosis": {
        "dmean": 2.15493011475,
        "dmean2": 3.20291447639,
        "dvar": 16.4164733887,
        "dvar2": 39.7458877563,
        "max": 138.285919189,
        "mean": 4.7892332077,
        "median": 3.01678824425,
        "min": -1.91967630386,
        "var": 49.5452232361
    },
    "barkbands_skewness": {
        "dmean": 0.432791650295,
        "dmean2": 0.620811760426,
        "dvar": 0.325883001089,
        "dvar2": 0.805167376995,
        "max": 8.01344871521,
        "mean": 1.33002734184,
        "median": 1.36711156368,
        "min": -3.77946949005,
        "var": 1.74166500568
    },
    "barkbands_spread": {
        "dmean": 6.77889633179,
        "dmean2": 9.67972183228,
        "dvar": 148.930404663,
        "dvar2": 316.893096924,
        "max": 109.305030823,
        "mean": 29.7925300598,
        "median": 17.2205505371,
        "min": 0.433879584074,
        "var": 742.453125
    },
    "dissonance": {
        "dmean": 0.0227526836097,
        "dmean2": 0.0364058129489,
        "dvar": 0.000894334283657,
        "dvar2": 0.00227011181414,
        "max": 0.499999970198,
        "mean": 0.436336129904,
        "median": 0.45551520586,
        "min": 0.101512014866,
        "var": 0.00345954392105
    },
    "dynamic_complexity": 4.22989797592,
    "erbbands_crest": {
        "dmean": 2.11658287048,
        "dmean2": 3.04320120811,
        "dvar": 6.50895166397,
        "dvar2": 12.8692188263,
        "max": 33.8350601196,
        "mean": 11.3504037857,
        "median": 8.93907165527,
        "min": 2.33545207977,
        "var": 46.0457115173
    },
    "erbbands_flatness_db": {
        "dmean": 0.0149853490293,
        "dmean2": 0.019638421014,
        "dvar": 0.00045193565893,
        "dvar2": 0.000783211842645,
        "max": 0.490681350231,
        "mean": 0.160929441452,
        "median": 0.131696164608,
        "min": 0.0538001507521,
        "var": 0.00696605537087
    },
    "erbbands_kurtosis": {
        "dmean": 2.14925885201,
        "dmean2": 3.04326605797,
        "dvar": 29.5358333588,
        "dvar2": 60.7260322571,
        "max": 183.293502808,
        "mean": 3.96040821075,
        "median": 0.669148445129,
        "min": -1.85768425465,
        "var": 117.847518921
    },
    "erbbands_skewness": {
        "dmean": 0.428793102503,
        "dmean2": 0.593216061592,
        "dvar": 0.343015313148,
        "dvar2": 0.728334605694,
        "max": 9.40747737885,
        "mean": 0.452523589134,
        "median": 0.451195657253,
        "min": -3.85749292374,
        "var": 2.30028891563
    },
    "erbbands_spread": {
        "dmean": 8.84627628326,
        "dmean2": 12.6603517532,
        "dvar": 185.537124634,
        "dvar2": 396.565826416,
        "max": 138.259506226,
        "mean": 44.2370033264,
        "median": 42.3191146851,
        "min": 0.40921074152,
        "var": 853.497558594
    },
    "hfc": {
        "dmean": 9.85888004303,
        "dmean2": 13.0734214783,
        "dvar": 487.30480957,
        "dvar2": 885.724060059,
        "max": 283.957061768,
        "mean": 26.6173095703,
        "median": 6.04608726501,
        "min": 1.24286957531e-16,
        "var": 2010.68505859
    },
    "melbands_crest": {
        "dmean": 2.33690428734,
        "dmean2": 3.6357319355,
        "dvar": 5.2077922821,
        "dvar2": 13.9921092987,
        "max": 32.886554718,
        "mean": 15.7536258698,
        "median": 15.0260696411,
        "min": 2.30899596214,
        "var": 26.2205219269
    },
    "melbands_flatness_db": {
        "dmean": 0.0232636518776,
        "dmean2": 0.03358354792,
        "dvar": 0.00115141947754,
        "dvar2": 0.00258314586245,
        "max": 0.889625668526,
        "mean": 0.242422357202,
        "median": 0.214129343629,
        "min": 0.0126293506473,
        "var": 0.0178739838302
    },
    "melbands_kurtosis": {
        "dmean": 5.52489948273,
        "dmean2": 8.63108062744,
        "dvar": 116.696563721,
        "dvar2": 322.988220215,
        "max": 169.432128906,
        "mean": 14.2270545959,
        "median": 9.54335975647,
        "min": -1.90453100204,
        "var": 249.858016968
    },
    "melbands_skewness": {
        "dmean": 0.589230298996,
        "dmean2": 0.868480086327,
        "dvar": 0.742774069309,
        "dvar2": 1.88669919968,
        "max": 11.8153934479,
        "mean": 2.56682872772,
        "median": 2.44337129593,
        "min": -2.96523547173,
        "var": 3.12056064606
    },
    "melbands_spread": {
        "dmean": 8.91177845001,
        "dmean2": 13.5441446304,
        "dvar": 314.985473633,
        "dvar2": 766.053710938,
        "max": 233.334365845,
        "mean": 30.047668457,
        "median": 14.1821603775,
        "min": 0.476797103882,
        "var": 1338.13952637
    },
    "pitch_salience": {
        "dmean": 0.052445679903,
        "dmean2": 0.0836594775319,
        "dvar": 0.00292771728709,
        "dvar2": 0.00800532568246,
        "max": 0.847186028957,
        "mean": 0.5215087533,
        "median": 0.526320576668,
        "min": 0.137565582991,
        "var": 0.0099808992818
    },
    "silence_rate_20dB": {
        "dmean": 0,
        "dmean2": 0,
        "dvar": 0,
        "dvar2": 0,
        "max": 1,
        "mean": 1,
        "median": 1,
        "min": 1,
        "var": 0
    },
    "silence_rate_30dB": {
        "dmean": 0.0186653565615,
        "dmean2": 0.0373333320022,
        "dvar": 0.0183181930333,
        "dvar2": 0.0415577217937,
        "max": 1,
        "mean": 0.980493962765,
        "median": 1,
        "min": 0,
        "var": 0.0191242955625
    },
    "silence_rate_60dB": {
        "dmean": 0.0245596803725,
        "dmean2": 0.0491228066385,
        "dvar": 0.0239600520581,
        "dvar2": 0.0512023195624,
        "max": 1,
        "mean": 0.108756668866,
        "median": 0,
        "min": 0,
        "var": 0.0969395041466
    },
    "spectral_centroid": {
        "dmean": 263.961700439,
        "dmean2": 394.235168457,
        "dvar": 228434.421875,
        "dvar2": 510821.625,
        "max": 10873.4570312,
        "mean": 1467.32116699,
        "median": 996.295410156,
        "min": 155.081985474,
        "var": 1327076.375
    },
    "spectral_complexity": {
        "dmean": 2.47533512115,
        "dmean2": 3.78196501732,
        "dvar": 15.0021514893,
        "dvar2": 28.5576534271,
        "max": 50,
        "mean": 11.8398122787,
        "median": 9,
        "min": 0,
        "var": 69.4002227783
    },
    "spectral_decrease": {
        "dmean": 1.78548342777e-09,
        "dmean2": 2.93318946909e-09,
        "dvar": 3.50410879747e-17,
        "dvar2": 9.67956628119e-17,
        "max": 1.2589534685e-22,
        "mean": -4.14020551176e-09,
        "median": -2.64774979719e-09,
        "min": -7.0933182883e-08,
        "var": 3.79363491588e-17
    },
    "spectral_energy": {
        "dmean": 0.00743784522638,
        "dmean2": 0.0119183342904,
        "dvar": 0.000537274347153,
        "dvar2": 0.00144707236905,
        "max": 0.285517781973,
        "mean": 0.0180404018611,
        "median": 0.011169902049,
        "min": 1.10635608877e-20,
        "var": 0.000669963948894
    },
    "spectral_energyband_high": {
        "dmean": 0.00121603708249,
        "dmean2": 0.00162802904379,
        "dvar": 7.68934023654e-06,
        "dvar2": 1.39978374136e-05,
        "max": 0.0473178587854,
        "mean": 0.00307361478917,
        "median": 0.000199296933715,
        "min": 8.10913104143e-21,
        "var": 3.83917686122e-05
    },
    "spectral_energyband_low": {
        "dmean": 0.00413902057335,
        "dmean2": 0.00708585698158,
        "dvar": 0.000330694660079,
        "dvar2": 0.000938161683735,
        "max": 0.246254637837,
        "mean": 0.00670895958319,
        "median": 0.00265937810764,
        "min": 4.34999360155e-23,
        "var": 0.000316509365803
    },
    "spectral_energyband_middle_high": {
        "dmean": 0.00029645851464,
        "dmean2": 0.000440650910605,
        "dvar": 2.91066470481e-07,
        "dvar2": 6.2278348878e-07,
        "max": 0.0093775447458,
        "mean": 0.000923083396628,
        "median": 0.00051982793957,
        "min": 1.63125661253e-21,
        "var": 1.38529765081e-06
    },
    "spectral_energyband_middle_low": {
        "dmean": 0.00324647757225,
        "dmean2": 0.00521767884493,
        "dvar": 0.000145505036926,
        "dvar2": 0.000412023247918,
        "max": 0.188485503197,
        "mean": 0.00789632461965,
        "median": 0.00531844701618,
        "min": 1.6642054519e-22,
        "var": 0.000124646961922
    },
    "spectral_entropy": {
        "dmean": 0.187350273132,
        "dmean2": 0.261657357216,
        "dvar": 0.104158438742,
        "dvar2": 0.20384003222,
        "max": 9.79787540436,
        "mean": 7.27466201782,
        "median": 7.44226169586,
        "min": 4.47456169128,
        "var": 0.879106283188
    },
    "spectral_flux": {
        "dmean": 0.018620248884,
        "dmean2": 0.0286092609167,
        "dvar": 0.00168849143665,
        "dvar2": 0.00332011422142,
        "max": 0.457670092583,
        "mean": 0.0515178926289,
        "median": 0.0328627377748,
        "min": 1.05183466104e-10,
        "var": 0.00334592559375
    },
    "spectral_kurtosis": {
        "dmean": 5.25782299042,
        "dmean2": 8.9846830368,
        "dvar": 648.590270996,
        "dvar2": 2004.83618164,
        "max": 823.145874023,
        "mean": 17.872636795,
        "median": 2.43660759926,
        "min": -1.17269229889,
        "var": 4458.25244141
    },
    "spectral_rms": {
        "dmean": 0.000606755784247,
        "dmean2": 0.00089128408581,
        "dvar": 1.67712926213e-06,
        "dvar2": 4.03667445426e-06,
        "max": 0.0166899356991,
        "mean": 0.00366955809295,
        "median": 0.00330113107339,
        "min": 3.28537934705e-12,
        "var": 4.1346074795e-06
    },
    "spectral_rolloff": {
        "dmean": 678.749755859,
        "dmean2": 1095.67382812,
        "dvar": 2327693.75,
        "dvar2": 5074469,
        "max": 19164.5507812,
        "mean": 2224.39526367,
        "median": 667.529296875,
        "min": 64.599609375,
        "var": 7338684.5
    },
    "spectral_skewness": {
        "dmean": 0.310423403978,
        "dmean2": 0.485377341509,
        "dvar": 0.453215420246,
        "dvar2": 1.10679960251,
        "max": 22.4490242004,
        "mean": 2.12104797363,
        "median": 1.29984021187,
        "min": 0.00317863351665,
        "var": 7.62695598602
    },
    "spectral_spread": {
        "dmean": 482003.40625,
        "dmean2": 690704.875,
        "dvar": 724092583936,
        "dvar2": 1.15350018458e+12,
        "max": 39553700,
        "mean": 5571385,
        "median": 5389835.5,
        "min": 110970.90625,
        "var": 4.94020696474e+12
    },
    "spectral_strongpeak": {
        "dmean": 0.259662330151,
        "dmean2": 0.402516752481,
        "dvar": 0.434386283159,
        "dvar2": 1.21064519882,
        "max": 12.5746965408,
        "mean": 0.771096885204,
        "median": 0.422697216272,
        "min": 0,
        "var": 0.951964199543
    },
    "zerocrossingrate": {
        "dmean": 0.0138715598732,
        "dmean2": 0.013647923246,
        "dvar": 0.000416343391407,
        "dvar2": 0.000409213243984,
        "max": 0.4921875,
        "mean": 0.077661588788,
        "median": 0.04931640625,
        "min": 0.001953125,
        "var": 0.00452235108241
    },
    "barkbands": {
        "dmean": [0.000236698790104, 0.00282401335426, 0.00108281662688, 0.00117657415103, 0.00145703728776, 0.000315448327456, 0.000350169633748, 0.000407201761845, 0.000353791518137, 6.16012475803e-05, 2.89919717034e-05, 3.00592018903e-05, 2.03913259611e-05, 2.07204484468e-05, 2.37949025177e-05, 2.37302301684e-05, 4.01353863708e-05, 4.38478928118e-05, 0.00011327102402, 0.000157126603881, 0.000342086976161, 0.000344782369211, 0.000311758194584, 0.000155141213327, 0.000129698877572, 9.85875158221e-05, 3.14033895847e-05],
        "dmean2": [0.000380768120522, 0.00476814480498, 0.00196404079907, 0.00213794410229, 0.00249525695108, 0.000492643506732, 0.000540913257282, 0.000403310521506, 0.000340555503499, 8.42368390295e-05, 4.62342031824e-05, 4.71894672955e-05, 3.20253129757e-05, 3.25863220496e-05, 3.88265834772e-05, 3.88616754208e-05, 6.32807132206e-05, 6.94301415933e-05, 0.00017757495516, 0.000261266308371, 0.000508028606419, 0.000527365482412, 0.000440900534159, 0.000220508707571, 0.000175999593921, 0.000142018368933, 4.5092558139e-05],
        "dvar": [6.99909946889e-07, 0.000202651746804, 2.11147616938e-05, 3.9472230128e-05, 2.99681578326e-05, 3.93314394387e-07, 6.90692104399e-07, 1.2979062376e-06, 7.49914647713e-07, 1.15102976039e-08, 3.55884388625e-09, 4.8790362861e-09, 2.26201612996e-09, 1.95152916049e-09, 2.31071073387e-09, 2.21637019848e-09, 5.36731903367e-09, 2.30027179526e-08, 6.62542305463e-08, 2.33197226862e-07, 9.25719405132e-07, 6.14114753716e-07, 4.82949758407e-07, 1.72431413148e-07, 1.0318414212e-07, 7.52282716121e-08, 6.52601128692e-09],
        "dvar2": [1.93676987692e-06, 0.000572378165089, 6.55698459013e-05, 0.000114679707622, 8.41722721816e-05, 1.03621698599e-06, 1.95940151571e-06, 9.97266397462e-07, 5.83244400332e-07, 2.34463630733e-08, 9.45994482748e-09, 1.28341781647e-08, 5.57627855002e-09, 4.79842166001e-09, 5.91578963594e-09, 5.81574788328e-09, 1.22340173547e-08, 6.74357067965e-08, 1.6206170983e-07, 6.55028316032e-07, 1.85903297734e-06, 1.38498432989e-06, 9.43411862409e-07, 3.86455582202e-07, 2.02503599667e-07, 1.73521925717e-07, 1.28079626904e-08],
        "max": [0.0148429060355, 0.206761270761, 0.0806629955769, 0.0915943086147, 0.108116440475, 0.0134942783043, 0.0309536270797, 0.0728743299842, 0.0420766212046, 0.0031275996007, 0.00119295623153, 0.00147364439908, 0.000613958400209, 0.000699453463312, 0.000682764162775, 0.00112943025306, 0.00104867736809, 0.00297329481691, 0.00366599252447, 0.0121441502124, 0.0283613391221, 0.0126018691808, 0.00924361590296, 0.00566470809281, 0.00354420510121, 0.0031142027583, 0.000687388994265],
        "mean": [0.000602899293881, 0.00425019487739, 0.00132046767976, 0.0011307442328, 0.00248232064769, 0.000813386228401, 0.000952350150328, 0.00125505332835, 0.00124335137662, 0.000143318771734, 5.18503184139e-05, 5.14286002726e-05, 4.28077946708e-05, 4.67575882794e-05, 4.68417929369e-05, 5.01067734149e-05, 7.82458373578e-05, 7.81886119512e-05, 0.000202839451958, 0.000317256344715, 0.000819337787107, 0.000722862721886, 0.00058297457872, 0.000301580963423, 0.000256820028881, 0.00015519898443, 4.11239343521e-05],
        "median": [0.000206408061786, 0.0015012009535, 0.000311545212753, 0.000214462241274, 0.00109082041308, 0.000332103227265, 0.000202480790904, 0.000165031364304, 0.000185417171451, 7.00765885995e-05, 2.35379957303e-05, 2.40661101998e-05, 1.65041365108e-05, 1.97436820599e-05, 2.28345106734e-05, 2.50777484325e-05, 3.39636026183e-05, 2.71269782388e-05, 3.16820478474e-05, 3.6684294173e-05, 5.11521866429e-05, 4.33705790783e-05, 2.96309826808e-05, 2.23911083594e-05, 1.31978868012e-05, 5.94011635258e-06, 1.30704006551e-06],
        "min": [1.25067664522e-24, 1.06094013584e-23, 1.61941279374e-23, 2.26327380706e-23, 3.91920991408e-23, 7.29097355244e-24, 2.21015506915e-23, 6.10669343635e-23, 1.16824525601e-23, 2.05232766784e-23, 1.61827541409e-23, 1.59977848757e-22, 6.32092344575e-23, 7.66596915447e-23, 9.24576787791e-23, 2.40217309048e-22, 2.75108689995e-22, 2.00538956045e-22, 4.13336179469e-22, 4.35595764243e-22, 4.83473083111e-22, 4.87588942796e-22, 7.52274672397e-22, 9.51691792504e-22, 1.28529680316e-21, 1.34973752522e-21, 2.67279039776e-21],
        "var": [1.1527214383e-06, 0.000180441449629, 1.53494202095e-05, 2.30641617236e-05, 2.46850577241e-05, 1.73563637418e-06, 3.89683282265e-06, 1.35799700729e-05, 1.03998008854e-05, 4.88327032144e-08, 5.6395417225e-09, 6.08405992253e-09, 4.27376400935e-09, 4.18335188712e-09, 3.93612253902e-09, 4.51209603014e-09, 1.25021282216e-08, 4.47450965169e-08, 1.61491300332e-07, 7.67917470057e-07, 4.56038787888e-06, 2.29681745623e-06, 1.48538799749e-06, 3.53071925474e-07, 2.6566061706e-07, 1.29642373281e-07, 1.0065524414e-08]
    },
    "erbbands": {
        "dmean": [0.0787218213081, 0.666876196861, 1.34672570229, 2.57732248306, 5.2857427597, 4.06546640396, 4.2988409996, 2.40536046028, 5.00567436218, 5.06150102615, 9.74133968353, 7.85441350937, 3.27167034149, 1.72678387165, 1.16664218903, 1.02813363075, 0.916719973087, 1.03068006039, 1.19466423988, 1.33360540867, 1.37115204334, 2.32236051559, 1.57078492641, 4.83806467056, 5.80255937576, 8.79036140442, 11.2110509872, 13.6719274521, 12.8312778473, 12.3133773804, 7.38863658905, 4.27222299576, 2.33954143524, 1.45348846912, 1.02809667587, 0.544318974018, 0.148224145174, 0.0426405929029, 0.00436723884195, 0.000208488170756],
        "dmean2": [0.116768985987, 1.18867301941, 2.462900877, 4.67989349365, 9.47978401184, 6.7364192009, 7.05656957626, 3.67009091377, 8.24779891968, 5.99534654617, 9.36823654175, 7.21151018143, 3.70161819458, 2.4834189415, 1.85229587555, 1.59152591228, 1.41649436951, 1.62549459934, 1.90797317028, 2.20076656342, 2.18566274643, 3.64412069321, 2.45870828629, 8.0188369751, 8.95210838318, 14.7454214096, 15.8008356094, 21.2177944183, 19.8118515015, 17.7845058441, 10.7103424072, 6.20156812668, 3.49508833885, 2.17735052109, 1.40762233734, 0.779187381268, 0.208174586296, 0.0623925179243, 0.00608448917046, 0.000292441050988],
        "dvar": [0.105167150497, 13.524228096, 41.3189239502, 132.558273315, 853.815124512, 120.850151062, 68.6576766968, 32.1306838989, 173.120285034, 134.570602417, 651.764038086, 448.488098145, 46.7066574097, 8.0915145874, 7.99876213074, 5.28513717651, 4.340716362, 5.30432510376, 5.81534337997, 7.81581497192, 7.40345907211, 19.5856952667, 17.9139003754, 174.904006958, 194.65763855, 1054.92456055, 1076.40820312, 1262.32849121, 879.794311523, 792.914489746, 286.761077881, 147.224899292, 35.2941551208, 12.8083896637, 5.90910053253, 2.23624706268, 0.162740543485, 0.0121371233836, 0.000130854532472, 2.92202940955e-07],
        "dvar2": [0.246408522129, 40.3080253601, 128.20475769, 386.145233154, 2454.35107422, 329.757049561, 177.413619995, 89.8819656372, 554.74395752, 147.665328979, 520.695556641, 307.815002441, 68.976020813, 17.865732193, 21.6456203461, 13.4144859314, 10.4169521332, 13.204492569, 15.0223407745, 20.2733860016, 17.8702487946, 44.2664909363, 49.8751792908, 492.610626221, 470.135803223, 3000.82104492, 1798.30566406, 2983.50195312, 2094.01245117, 1554.0880127, 628.733642578, 349.022125244, 78.4861831665, 28.0162982941, 10.6749563217, 5.10188484192, 0.342382788658, 0.0256828218699, 0.000257517414866, 5.36525305961e-07],
        "max": [6.60511064529, 48.6968574524, 92.1705703735, 182.827636719, 453.609313965, 263.96661377, 196.227920532, 128.447540283, 360.205322266, 802.830627441, 1336.84484863, 1138.2701416, 201.720870972, 76.6156692505, 64.0188369751, 42.8740272522, 28.8637733459, 38.3024139404, 31.9982395172, 34.3791503906, 83.2578353882, 68.2217178345, 74.7299575806, 205.682388306, 244.165939331, 811.979003906, 1037.32446289, 818.786804199, 417.45690918, 480.498443604, 152.664016724, 168.854721069, 73.2208404541, 34.694355011, 29.1914482117, 17.6979160309, 4.77612733841, 1.00796961784, 0.114358097315, 0.00635721348226],
        "mean": [0.175809189677, 0.735456764698, 1.50809311867, 2.93582749367, 5.66589975357, 8.26254177094, 9.41609954834, 6.47406482697, 12.5244493484, 16.1168308258, 31.8644218445, 29.2318840027, 9.93637275696, 3.98060560226, 2.33826327324, 1.94095170498, 2.08931088448, 2.27759504318, 2.39042305946, 2.78701019287, 3.18203496933, 4.56346082687, 3.32437801361, 8.94504547119, 11.3506393433, 16.7898960114, 27.9452095032, 30.073135376, 26.133731842, 24.749666214, 13.6420078278, 7.79429769516, 4.46803760529, 2.8427195549, 1.88112103939, 0.892831504345, 0.227573081851, 0.0563646107912, 0.00605366099626, 0.000310965522658],
        "median": [0.0730601623654, 0.20278146863, 0.366181522608, 0.677783608437, 1.70414853096, 3.41450500488, 3.79905080795, 2.66553497314, 3.50331544876, 4.39353132248, 4.95301675797, 4.45812940598, 3.70635175705, 2.38587236404, 1.24815356731, 0.930596709251, 0.861025452614, 1.09403336048, 1.05888557434, 1.3831372261, 1.62565290928, 2.02472710609, 1.36511337757, 1.80603814125, 1.84202408791, 1.77070403099, 1.74462449551, 1.86070132256, 1.5502538681, 1.31599354744, 0.779853105545, 0.522751688957, 0.322222292423, 0.167417734861, 0.0861239284277, 0.0349040180445, 0.0091989506036, 0.00167762907222, 0.000238690554397, 2.65794024017e-05],
        "min": [3.45928153957e-22, 2.510059172e-21, 1.32354237524e-20, 6.09620608471e-20, 3.92114080323e-20, 1.36940616363e-19, 1.955874116e-19, 9.07624379488e-20, 3.27483725491e-19, 5.16671693056e-19, 1.36573971141e-18, 3.72725231722e-19, 4.04417726313e-19, 7.83740653998e-19, 1.51955508369e-18, 6.74384719701e-18, 3.33870278433e-18, 3.13970794437e-18, 6.46408892358e-18, 3.82608049638e-18, 1.7594287139e-17, 1.52338346168e-17, 1.24737388807e-17, 1.23570849076e-17, 2.19935893242e-17, 2.19671642123e-17, 2.4022893323e-17, 1.56457192767e-17, 1.86115654368e-17, 2.12150684383e-17, 2.14291014218e-17, 2.25199011869e-17, 1.499227968e-17, 1.33829509946e-17, 8.71051211675e-18, 5.69994898628e-18, 2.39590444923e-18, 1.10154701256e-18, 3.64456863565e-19, 4.35131963508e-20],
        "var": [0.157966524363, 9.40127658844, 28.0363349915, 87.3474273682, 508.179595947, 201.039245605, 309.815826416, 107.969337463, 687.79095459, 1375.48913574, 7057.56787109, 6969.07666016, 309.965026855, 25.3438110352, 10.4312200546, 7.70636940002, 9.63805294037, 9.87741565704, 10.7717342377, 13.61302948, 17.9721603394, 44.3769569397, 41.3578872681, 430.349578857, 515.83996582, 2745.49047852, 5959.70068359, 5545.22607422, 2992.31933594, 2899.11474609, 672.109191895, 241.887588501, 78.7305831909, 31.6517906189, 15.5797643661, 4.15741109848, 0.296061009169, 0.01824195683, 0.000214487852645, 5.0000585361e-07]
    },
    "gfcc": {
        "mean": [-48.7667922974, 78.8745117188, -66.2700195312, 33.5318489075, -70.4738845825, 9.00930500031, -26.6316661835, 8.32716178894, -13.0291013718, 5.55408287048, -18.5013980865, 1.41777849197, -5.24186944962],
        "cov": [[13278.1992188, -6793.10546875, -1486.53613281, 2541.88696289, -834.540588379, -153.225692749, -375.457855225, 594.808288574, -480.715911865, 305.932250977, -294.227081299, 378.549743652, -491.860839844], [-6793.10546875, 4553.56298828, 733.822021484, -1571.33215332, 484.882019043, 40.167301178, 226.256362915, -326.068481445, 301.429595947, -252.449630737, 173.267364502, -250.871383667, 264.338348389], [-1486.53613281, 733.822021484, 917.109313965, -426.180511475, -6.6963262558, 78.6746749878, 147.579376221, -114.919021606, 87.8063583374, 25.9955921173, -2.40305304527, -48.3124008179, 77.1816940308], [2541.88696289, -1571.33215332, -426.180511475, 951.094421387, -94.3089904785, -11.7381057739, -50.0482063293, 101.655174255, -177.235244751, 56.2105522156, -22.9383220673, 86.2548294067, -104.199310303], [-834.540588379, 484.882019043, -6.6963262558, -94.3089904785, 449.628417969, 137.986862183, -61.0454292297, -118.10836792, -30.3058681488, -55.5666542053, 59.4048957825, -15.7404136658, -22.5672721863], [-153.225692749, 40.167301178, 78.6746749878, -11.7381057739, 137.986862183, 132.480499268, 2.59629225731, -47.1324195862, -24.1102581024, -3.44092488289, -0.0618697591126, 0.575881898403, -10.1842432022], [-375.457855225, 226.256362915, 147.579376221, -50.0482063293, -61.0454292297, 2.59629225731, 142.769378662, 30.9674015045, 40.127658844, -10.6595973969, -4.02476453781, -34.0176467896, 27.7866077423], [594.808288574, -326.068481445, -114.919021606, 101.655174255, -118.10836792, -47.1324195862, 30.9674015045, 144.666702271, 40.4099082947, 27.6426563263, -30.4859790802, 1.61030650139, -25.5822525024], [-480.715911865, 301.429595947, 87.8063583374, -177.235244751, -30.3058681488, -24.1102581024, 40.127658844, 40.4099082947, 109.977928162, 27.3964633942, 3.35572838783, -35.6096420288, 10.5657815933], [305.932250977, -252.449630737, 25.9955921173, 56.2105522156, -55.5666542053, -3.44092488289, -10.6595973969, 27.6426563263, 27.3964633942, 83.224105835, 12.699763298, 14.1728048325, -19.7523593903], [-294.227081299, 173.267364502, -2.40305304527, -22.9383220673, 59.4048957825, -0.0618697591126, -4.02476453781, -30.4859790802, 3.35572838783, 12.699763298, 70.4226837158, 20.0583229065, 8.92121219635], [378.549743652, -250.871383667, -48.3124008179, 86.2548294067, -15.7404136658, 0.575881898403, -34.0176467896, 1.61030650139, -35.6096420288, 14.1728048325, 20.0583229065, 73.571182251, 20.785238266], [-491.860839844, 264.338348389, 77.1816940308, -104.199310303, -22.5672721863, -10.1842432022, 27.7866077423, -25.5822525024, 10.5657815933, -19.7523593903, 8.92121219635, 20.785238266, 87.8826828003]],
        "icov": [[0.000415376765886, 0.000331987219397, 0.0001029178311, -0.00021070294315, 0.000262983492576, 8.30124554341e-05, 2.9139497201e-05, -0.000165627265233, 5.25153591298e-05, 0.000201328919502, 0.000699150143191, -0.00117549812421, 0.00125170475803], [0.000331987219397, 0.0019454456633, -7.78034973337e-06, 0.000919316837098, -0.000143569821375, -0.000123041623738, -0.00010626650328, 0.000920931925066, -0.00232500303537, 0.00396917387843, -0.00393800763413, 0.00346233160235, -0.00189366121776], [0.0001029178311, -7.78034973337e-06, 0.00256848242134, 0.000832118152175, -2.70496002486e-05, -0.000135974449222, -0.00355856027454, 0.00322771398351, -0.000292616692604, -0.00310047413222, 0.00311293220147, -0.0022185491398, 0.000919333368074], [-0.00021070294315, 0.000919316837098, 0.000832118152175, 0.00412046490237, -0.00107829121407, 0.00108489266131, -0.00281216902658, -0.00067149521783, 0.00498878303915, -0.00214576721191, -0.00161328667309, 0.00184784899466, -0.000602562271524], [0.000262983492576, -0.000143569821375, -2.70496002486e-05, -0.00107829121407, 0.00740301189944, -0.0075681656599, 0.00485759414732, 0.000394346599933, -0.00280715199187, 0.00663010636345, -0.00656721554697, 0.00178199273068, 0.0023247259669], [8.30124554341e-05, -0.000123041623738, -0.000135974449222, 0.00108489266131, -0.0075681656599, 0.0181061737239, -0.00768763339147, 0.00335543300025, 0.00507152779028, -0.00899285171181, 0.0114781688899, -0.00761485472322, 0.00380752258934], [2.9139497201e-05, -0.00010626650328, -0.00355856027454, -0.00281216902658, 0.00485759414732, -0.00768763339147, 0.0199875626713, -0.00930617097765, -0.00236735981889, 0.00959807448089, -0.0121154170483, 0.0135413110256, -0.00792937166989], [-0.000165627265233, 0.000920931925066, 0.00322771398351, -0.00067149521783, 0.000394346599933, 0.00335543300025, -0.00930617097765, 0.0233317408711, -0.0157127212733, 0.0014145685127, 0.00866827741265, -0.00995566416532, 0.00657810876146], [5.25153591298e-05, -0.00232500303537, -0.000292616692604, 0.00498878303915, -0.00280715199187, 0.00507152779028, -0.00236735981889, -0.0157127212733, 0.0390063300729, -0.0224168598652, 0.00338738574646, 0.00729297939688, -0.0022960153874], [0.000201328919502, 0.00396917387843, -0.00310047413222, -0.00214576721191, 0.00663010636345, -0.00899285171181, 0.00959807448089, 0.0014145685127, -0.0224168598652, 0.0401959046721, -0.0221436135471, 0.00635197665542, -0.000120645621791], [0.000699150143191, -0.00393800763413, 0.00311293220147, -0.00161328667309, -0.00656721554697, 0.0114781688899, -0.0121154170483, 0.00866827741265, 0.00338738574646, -0.0221436135471, 0.0458487793803, -0.0310431867838, 0.0144125474617], [-0.00117549812421, 0.00346233160235, -0.0022185491398, 0.00184784899466, 0.00178199273068, -0.00761485472322, 0.0135413110256, -0.00995566416532, 0.00729297939688, 0.00635197665542, -0.0310431867838, 0.0538451820612, -0.0294910930097], [0.00125170475803, -0.00189366121776, 0.000919333368074, -0.000602562271524, 0.0023247259669, 0.00380752258934, -0.00792937166989, 0.00657810876146, -0.0022960153874, -0.000120645621791, 0.0144125474617, -0.0294910930097, 0.0337793529034]]
    },
    "melbands": {
        "dmean": [0.000742154952604, 0.000772999715991, 0.000539104279596, 0.000343697727658, 0.000153694898472, 5.36787956662e-05, 7.2807444667e-05, 6.33699601167e-05, 8.03043440101e-05, 4.63452306576e-05, 1.60977488122e-05, 7.62256422604e-06, 4.11700057157e-06, 3.61432694262e-06, 2.17012188841e-06, 2.06342792808e-06, 1.9884298581e-06, 2.06656204682e-06, 1.55963482484e-06, 1.73291232386e-06, 1.68035501247e-06, 3.04370382764e-06, 9.614902865e-07, 2.29693205256e-06, 4.4932480705e-06, 4.1184712245e-06, 4.47572028861e-06, 6.46163425699e-06, 6.22775633019e-06, 1.23807776617e-05, 7.92373612057e-06, 6.65237985231e-06, 8.42179724714e-06, 7.59591011956e-06, 5.02231750943e-06, 3.20248705066e-06, 2.71958447229e-06, 1.74882995907e-06, 1.33251785428e-06, 1.29932629989e-06],
        "dmean2": [0.00119859050028, 0.00140924879815, 0.000981264049187, 0.000594820594415, 0.000252026628004, 8.18058324512e-05, 0.00011831514712, 6.92287940183e-05, 7.69870675867e-05, 4.36079462816e-05, 1.85562439583e-05, 1.08144440674e-05, 6.55205167277e-06, 5.70329575567e-06, 3.26072154166e-06, 3.28269402416e-06, 3.1573194974e-06, 3.33126104124e-06, 2.53656889981e-06, 2.87243278763e-06, 2.69899055638e-06, 4.81899314764e-06, 1.50980145008e-06, 3.65487426279e-06, 7.62864328863e-06, 6.5602093855e-06, 7.28156237528e-06, 1.09915281428e-05, 8.86484940565e-06, 1.95887459995e-05, 1.30036278279e-05, 1.04705522972e-05, 1.2552820408e-05, 1.10507453428e-05, 7.53444328438e-06, 4.48159653388e-06, 4.01859415433e-06, 2.64520394921e-06, 2.01348302653e-06, 2.02013393391e-06],
        "dvar": [1.18448597277e-05, 1.58474686032e-05, 7.17618831914e-06, 2.19584239858e-06, 8.35170652635e-08, 1.3648207009e-08, 3.3956911949e-08, 2.3836992824e-08, 3.85192642227e-08, 1.37867433025e-08, 1.18668919136e-09, 1.55184060047e-10, 8.52822604203e-11, 8.75400724132e-11, 1.82772928736e-11, 2.24257383497e-11, 1.96883204184e-11, 1.66255238743e-11, 1.07380883699e-11, 1.38196554894e-11, 1.20100899711e-11, 3.44138502417e-11, 4.93450159206e-12, 7.13946957109e-11, 1.64976352024e-10, 9.60283658147e-11, 1.37561725899e-10, 6.29696517152e-10, 3.55676904595e-10, 1.45697143239e-09, 4.07032296756e-10, 2.53882831425e-10, 3.56575630134e-10, 3.11695530497e-10, 1.28877603034e-10, 5.15446331451e-11, 6.48532963443e-11, 1.97608335945e-11, 1.11160594618e-11, 8.82999055818e-12],
        "dvar2": [3.15149482049e-05, 4.84906522615e-05, 2.07898174267e-05, 6.23688538326e-06, 2.16084387716e-07, 3.73511142016e-08, 1.07825066209e-07, 2.16139568465e-08, 3.0550058483e-08, 1.00894661514e-08, 1.73360836797e-09, 3.25543619839e-10, 2.28946625547e-10, 2.34696984069e-10, 4.24783715147e-11, 5.66944026448e-11, 4.98175077579e-11, 4.35405600463e-11, 2.69975361511e-11, 3.70278113726e-11, 2.94247681776e-11, 7.90295467956e-11, 1.22268098424e-11, 2.09742764823e-10, 4.68633021278e-10, 2.25577348467e-10, 3.77910230887e-10, 1.79255033039e-09, 6.78371414597e-10, 3.31674621101e-09, 9.76191572022e-10, 5.63022739541e-10, 8.85652273741e-10, 6.1345051261e-10, 2.96857510795e-10, 1.07825352813e-10, 1.57405935508e-10, 4.35173876101e-11, 2.66413384409e-11, 1.87975867511e-11],
        "max": [0.0596002489328, 0.055647727102, 0.0383603200316, 0.0298087708652, 0.00583138503134, 0.00262244348414, 0.00534712150693, 0.00957812089473, 0.00873511191458, 0.00612467061728, 0.0010175317293, 0.000335330521921, 0.000200285139726, 0.000203998482903, 5.29706594534e-05, 6.18291232968e-05, 8.29013370094e-05, 5.16940672242e-05, 4.89389822178e-05, 5.02434086229e-05, 0.000105177758087, 9.36540454859e-05, 3.20747640217e-05, 0.000160309515195, 0.000205766438739, 0.00014737204765, 0.000237332191318, 0.000571110926103, 0.000478992180433, 0.001195880468, 0.000449679180747, 0.000288043607725, 0.000293686403893, 0.000327308953274, 9.49675159063e-05, 0.000126374899992, 0.000113864291052, 6.00733001193e-05, 3.27141169691e-05, 3.37395867973e-05],
        "mean": [0.00135194079485, 0.000857849256136, 0.0005742815556, 0.00052224425599, 0.000339192076353, 0.000146988968481, 0.000187462297617, 0.000199950794922, 0.000268341362244, 0.000166102050571, 4.54791043012e-05, 1.68756196217e-05, 7.64972082834e-06, 6.01061537964e-06, 4.83375652038e-06, 4.13777297581e-06, 4.28899465987e-06, 3.94164680984e-06, 3.25835935655e-06, 3.61859952136e-06, 3.60585408998e-06, 5.50522645426e-06, 2.29470083468e-06, 3.99194004785e-06, 7.70482438384e-06, 7.06642049408e-06, 9.46933687374e-06, 1.08882968561e-05, 1.38633658935e-05, 2.44491948251e-05, 1.48856524902e-05, 1.31287270051e-05, 1.61681946338e-05, 1.34162119139e-05, 8.30713361211e-06, 5.59082991458e-06, 4.4941757551e-06, 3.3940823414e-06, 2.28398516811e-06, 2.4155972369e-06],
        "median": [0.000526008370798, 0.000238288354012, 0.000152439359226, 0.000184933276614, 0.000147694881889, 5.93961303821e-05, 5.27111260453e-05, 4.21422519139e-05, 3.52665338141e-05, 2.32327838603e-05, 1.49643155964e-05, 8.5642641352e-06, 3.76321895601e-06, 2.84702855424e-06, 1.72672525878e-06, 1.78484549451e-06, 1.95941197489e-06, 1.53773044076e-06, 1.54555334575e-06, 1.8193068172e-06, 1.64194705121e-06, 2.14984356717e-06, 1.00921738522e-06, 1.26550514779e-06, 1.34409629027e-06, 1.23691427234e-06, 1.31715262341e-06, 9.68131644186e-07, 8.88902775387e-07, 1.35940615564e-06, 9.03956106413e-07, 7.69763460085e-07, 9.42281360494e-07, 6.21956644409e-07, 4.64056000737e-07, 3.74537819425e-07, 3.09741523097e-07, 2.48839313599e-07, 1.55453491857e-07, 1.35987846761e-07],
        "min": [3.27952946912e-24, 5.65366276694e-24, 9.69104341353e-24, 4.61500077304e-24, 8.31873624964e-24, 1.82900221053e-24, 4.83457626171e-24, 6.56084807478e-24, 1.04810828769e-23, 1.60917053929e-24, 2.19547957418e-24, 3.2959099686e-24, 2.35721538684e-24, 1.80211613483e-23, 1.13515853638e-23, 6.90333834767e-24, 5.28093427226e-24, 1.13064475317e-23, 4.81308414077e-24, 9.05824443891e-24, 2.218296587e-23, 1.5215112111e-23, 1.55495165596e-23, 7.27544955869e-24, 9.60457952515e-24, 1.77780975262e-23, 9.16881591655e-24, 1.75180731946e-23, 1.70172995588e-23, 1.12383065156e-23, 7.50441643643e-24, 1.02556019755e-23, 1.0318506533e-23, 1.1803758857e-23, 1.04854500109e-23, 1.56711242013e-23, 1.23843115738e-23, 1.1747561195e-23, 8.49491255561e-24, 1.16177501887e-23],
        "var": [1.27845050883e-05, 1.07973373815e-05, 4.32727983934e-06, 1.67634686932e-06, 3.07461988314e-07, 5.08995476878e-08, 1.41449731927e-07, 2.35369384427e-07, 4.35639606167e-07, 2.05393902775e-07, 7.80520803545e-09, 5.62035806784e-10, 1.20219389999e-10, 9.55093643062e-11, 4.5892761813e-11, 3.46912602811e-11, 3.6528672448e-11, 3.11855645474e-11, 1.9362844661e-11, 2.38177515904e-11, 2.82458726547e-11, 7.37753538815e-11, 1.04728135886e-11, 1.39809608335e-10, 3.73367253781e-10, 1.95329044606e-10, 5.07800856919e-10, 1.33154509641e-09, 1.34566502386e-09, 5.17121989674e-09, 1.3538357102e-09, 8.57330595405e-10, 1.06462649807e-09, 1.06352471274e-09, 2.60748811431e-10, 1.15390003108e-10, 9.2935749374e-11, 4.72631690729e-11, 1.99669898671e-11, 2.3952461542e-11]
    },
    "mfcc": {
        "mean": [-703.172790527, 109.058616638, 48.3511886597, 29.8475723267, -8.44000339508, 6.46585655212, -6.23984909058, 3.5114505291, 6.6575293541, 7.10367393494, 0.424581706524, -2.30264258385, -0.588084876537],
        "cov": [[11394.9023438, -5431.73876953, -1005.36108398, 1021.35302734, -52.6854515076, -10.497756958, -71.9807281494, 52.7997894287, -188.989990234, -133.349472046, 196.376495361, 227.7212677, -15.1878385544], [-5431.73876953, 3723.40429688, 348.325592041, -727.41015625, 39.7406654358, -62.4778404236, -26.3972244263, -2.98615479469, 102.554367065, 51.0669822693, -96.7856521606, -89.3747024536, -4.66197538376], [-1005.36108398, 348.325592041, 738.213378906, -75.727394104, -202.665542603, 3.73720002174, 2.3072988987, -30.5116195679, 92.990234375, 69.1438064575, -21.035118103, -75.3870620728, 35.1025276184], [1021.35302734, -727.41015625, -75.727394104, 365.46395874, 0.274762928486, 28.8068733215, 60.6608123779, 28.4402065277, -37.2231292725, -16.3020858765, 15.4049081802, 26.5592021942, 1.97175836563], [-52.6854515076, 39.7406654358, -202.665542603, 0.274762928486, 301.058776855, 120.83644104, 64.5306167603, 14.3625230789, -67.9041061401, -73.1943283081, 1.90183770657, 41.9454994202, 3.5348136425], [-10.497756958, -62.4778404236, 3.73720002174, 28.8068733215, 120.83644104, 163.427230835, 81.7045059204, 2.56750535965, -34.428653717, -39.8875961304, -21.3235321045, -6.07154178619, 7.12426376343], [-71.9807281494, -26.3972244263, 2.3072988987, 60.6608123779, 64.5306167603, 81.7045059204, 104.283630371, 40.6813964844, -14.7524194717, -26.8117542267, -12.11074543, 2.30749845505, 1.49402403831], [52.7997894287, -2.98615479469, -30.5116195679, 28.4402065277, 14.3625230789, 2.56750535965, 40.6813964844, 70.7378234863, 21.0638237, -4.06127548218, -1.00684058666, 9.78283691406, -4.28020143509], [-188.989990234, 102.554367065, 92.990234375, -37.2231292725, -67.9041061401, -34.428653717, -14.7524194717, 21.0638237, 86.9480209351, 57.0842094421, 5.11721897125, -17.5078048706, 3.90668511391], [-133.349472046, 51.0669822693, 69.1438064575, -16.3020858765, -73.1943283081, -39.8875961304, -26.8117542267, -4.06127548218, 57.0842094421, 84.1230010986, 37.6811981201, -8.21813297272, -5.22264099121], [196.376495361, -96.7856521606, -21.035118103, 15.4049081802, 1.90183770657, -21.3235321045, -12.11074543, -1.00684058666, 5.11721897125, 37.6811981201, 74.5802459717, 45.7610359192, -0.539617359638], [227.7212677, -89.3747024536, -75.3870620728, 26.5592021942, 41.9454994202, -6.07154178619, 2.30749845505, 9.78283691406, -17.5078048706, -8.21813297272, 45.7610359192, 81.3065414429, 30.3308086395], [-15.1878385544, -4.66197538376, 35.1025276184, 1.97175836563, 3.5348136425, 7.12426376343, 1.49402403831, -4.28020143509, 3.90668511391, -5.22264099121, -0.539617359638, 30.3308086395, 67.6349945068]],
