{
"lowlevel": {
    "average_loudness": 0.889621794224,
    "barkbands_crest": {
        "dmean": 2.83215594292,
        "dmean2": 4.5127081871,
        "dvar": 6.58139133453,
        "dvar2": 15.7577571869,
        "max": 25.2074661255,
        "mean": 9.24124336243,
        "median": 8.25302314758,
        "min": 1.99838447571,
        "var": 16.8466339111
    },
    "barkbands_flatness_db": {
        "dmean": 0.0267623662949,
        "dmean2": 0.0404252484441,
        "dvar": 0.000887456000783,
        "dvar2": 0.00192732119467,
        "max": 0.434430390596,
        "mean": 0.097614377737,
        "median": 0.0872797220945,
        "min": 0.0224044043571,
        "var": 0.00220996816643
    },
    "barkbands_kurtosis": {
        "dmean": 3.93008303642,
        "dmean2": 5.92334699631,
        "dvar": 130.954421997,
        "dvar2": 291.297393799,
        "max": 237.535720825,
        "mean": 3.93622136116,
        "median": 0.777953863144,
        "min": -1.85068464279,
        "var": 175.592102051
    },
    "barkbands_skewness": {
        "dmean": 0.634367406368,
        "dmean2": 0.938880205154,
        "dvar": 0.584865033627,
        "dvar2": 1.29067778587,
        "max": 12.649728775,
        "mean": 1.45104050636,
        "median": 1.18564915657,
        "min": -2.20977258682,
        "var": 1.67710053921
    },
    "barkbands_spread": {
        "dmean": 7.77107524872,
        "dmean2": 11.2347307205,
        "dvar": 53.2711868286,
        "dvar2": 108.218803406,
        "max": 131.267547607,
        "mean": 29.5157108307,
        "median": 27.0491409302,
        "min": 0.477535873652,
        "var": 228.65574646
    },
    "dissonance": {
        "dmean": 0.01706347242,
        "dmean2": 0.0288094840944,
        "dvar": 0.000269987649517,
        "dvar2": 0.000756756053306,
        "max": 0.500000059605,
        "mean": 0.471470028162,
        "median": 0.477183461189,
        "min": 0.320626795292,
        "var": 0.000523999100551
    },
    "dynamic_complexity": 1.57334911823,
    "erbbands_crest": {
        "dmean": 2.74192118645,
        "dmean2": 4.4433927536,
        "dvar": 6.20359897614,
        "dvar2": 15.5731706619,
        "max": 30.0239696503,
        "mean": 8.30543613434,
        "median": 7.38583707809,
        "min": 2.55020523071,
        "var": 15.6277084351
    },
    "erbbands_flatness_db": {
        "dmean": 0.0167484879494,
        "dmean2": 0.0250650495291,
        "dvar": 0.000261740351561,
        "dvar2": 0.000572685559746,
        "max": 0.307062476873,
        "mean": 0.127297669649,
        "median": 0.121283181012,
        "min": 0.0530578903854,
        "var": 0.000999518437311
    },
    "erbbands_kurtosis": {
        "dmean": 1.00906419754,
        "dmean2": 1.56767368317,
        "dvar": 8.0438747406,
        "dvar2": 20.5988445282,
        "max": 71.0084762573,
        "mean": 0.225404381752,
        "median": -0.350777626038,
        "min": -1.82982707024,
        "var": 8.42908382416
    },
    "erbbands_skewness": {
        "dmean": 0.371811687946,
        "dmean2": 0.55984723568,
        "dvar": 0.159690022469,
        "dvar2": 0.365462005138,
        "max": 6.97008371353,
        "mean": 0.298628509045,
        "median": 0.194250464439,
        "min": -4.57929992676,
        "var": 0.60089224577
    },
    "erbbands_spread": {
        "dmean": 10.146522522,
        "dmean2": 14.5890607834,
        "dvar": 88.3632049561,
        "dvar2": 161.367340088,
        "max": 124.367980957,
        "mean": 46.8788757324,
        "median": 44.7483634949,
        "min": 3.46364116669,
        "var": 459.757751465
    },
    "hfc": {
        "dmean": 10.4300613403,
        "dmean2": 15.2077970505,
        "dvar": 112.661430359,
        "dvar2": 183.362411499,
        "max": 246.071670532,
        "mean": 31.3682460785,
        "median": 29.12241745,
        "min": 1.11679057399e-16,
        "var": 294.273254395
    },
    "melbands_crest": {
        "dmean": 3.75102353096,
        "dmean2": 5.99457359314,
        "dvar": 11.889550209,
        "dvar2": 27.8166809082,
        "max": 38.4576072693,
        "mean": 13.8576841354,
        "median": 12.9248027802,
        "min": 1.34040439129,
        "var": 29.1564712524
    },
    "melbands_flatness_db": {
        "dmean": 0.0335916504264,
        "dmean2": 0.0503680631518,
        "dvar": 0.0013130401494,
        "dvar2": 0.00277302530594,
        "max": 0.571757495403,
        "mean": 0.166931405663,
        "median": 0.155266180634,
        "min": 0.00527650443837,
        "var": 0.00385064654984
    },
    "melbands_kurtosis": {
        "dmean": 10.1525335312,
        "dmean2": 15.6226205826,
        "dvar": 447.007141113,
        "dvar2": 1016.63720703,
        "max": 415.925842285,
        "mean": 15.0337553024,
        "median": 7.01249408722,
        "min": -1.67622196674,
        "var": 679.275756836
    },
    "melbands_skewness": {
        "dmean": 0.915973782539,
        "dmean2": 1.38263320923,
        "dvar": 1.25623726845,
        "dvar2": 2.71832537651,
        "max": 12.8173875809,
        "mean": 2.73745203018,
        "median": 2.35872197151,
        "min": -0.820464372635,
        "var": 3.45215535164
    },
    "melbands_spread": {
        "dmean": 8.76310157776,
        "dmean2": 13.1229629517,
        "dvar": 76.2216873169,
        "dvar2": 163.258209229,
        "max": 185.841949463,
        "mean": 28.8224716187,
        "median": 26.1574726105,
        "min": 0.406109035015,
        "var": 352.978057861
    },
    "pitch_salience": {
        "dmean": 0.0891790762544,
        "dmean2": 0.14036244154,
        "dvar": 0.00737275369465,
        "dvar2": 0.0166792087257,
        "max": 0.991999983788,
        "mean": 0.572858691216,
        "median": 0.590226829052,
        "min": 0.103087171912,
        "var": 0.0169276427478
    },
    "silence_rate_20dB": {
        "dmean": 0,
        "dmean2": 0,
        "dvar": 0,
        "dvar2": 0,
        "max": 1,
        "mean": 1,
        "median": 1,
        "min": 1,
        "var": 0
    },
    "silence_rate_30dB": {
        "dmean": 0.0114104598761,
        "dmean2": 0.0228227283806,
        "dvar": 0.0112813441083,
        "dvar2": 0.0292736254632,
        "max": 1,
        "mean": 0.991125881672,
        "median": 1,
        "min": 0,
        "var": 0.00879456847906
    },
    "silence_rate_60dB": {
        "dmean": 0.000475435808767,
        "dmean2": 0.000950946996454,
        "dvar": 0.000475219450891,
        "dvar2": 0.00126707437448,
        "max": 1,
        "mean": 0.00879486557096,
        "median": 0,
        "min": 0,
        "var": 0.00871742237359
    },
    "spectral_centroid": {
        "dmean": 352.609771729,
        "dmean2": 522.171875,
        "dvar": 115837.523438,
        "dvar2": 243937.453125,
        "max": 11219.8964844,
        "mean": 1646.0760498,
        "median": 1546.55395508,
        "min": 144.035858154,
        "var": 594807.875
    },
    "spectral_complexity": {
        "dmean": 5.91568946838,
        "dmean2": 8.69038772583,
        "dvar": 27.4270992279,
        "dvar2": 56.0214271545,
        "max": 56,
        "mean": 25.9442996979,
        "median": 25,
        "min": 0,
        "var": 114.857391357
    },
    "spectral_decrease": {
        "dmean": 3.16436921111e-09,
        "dmean2": 4.87097073787e-09,
        "dvar": 1.40597129487e-17,
        "dvar2": 3.53757056935e-17,
        "max": 6.46378317695e-20,
        "mean": -8.59003357334e-09,
        "median": -7.09973102531e-09,
        "min": -4.56614159816e-08,
        "var": 3.51079638729e-17
    },
    "spectral_energy": {
        "dmean": 0.0125296758488,
        "dmean2": 0.0192368235439,
        "dvar": 0.000205639618798,
        "dvar2": 0.0005177463172,
        "max": 0.176246345043,
        "mean": 0.0352659001946,
        "median": 0.0300040282309,
        "min": 1.01934290834e-20,
        "var": 0.000520044588484
    },
    "spectral_energyband_high": {
        "dmean": 0.0008773120353,
        "dmean2": 0.0012446421897,
        "dvar": 1.20328763842e-06,
        "dvar2": 1.78075811164e-06,
        "max": 0.0435134246945,
        "mean": 0.00204011634924,
        "median": 0.0014591118088,
        "min": 7.22151535317e-21,
        "var": 4.01094530389e-06
    },
    "spectral_energyband_low": {
        "dmean": 0.00775887398049,
        "dmean2": 0.0118986684829,
        "dvar": 0.000178139802301,
        "dvar2": 0.000400444201659,
        "max": 0.152379378676,
        "mean": 0.0124845150858,
        "median": 0.00598453450948,
        "min": 1.46141342075e-23,
        "var": 0.00031296160887
    },
    "spectral_energyband_middle_high": {
        "dmean": 0.00262089679018,
        "dmean2": 0.00393249234185,
        "dvar": 8.92670232133e-06,
        "dvar2": 1.85380631592e-05,
        "max": 0.0518447607756,
        "mean": 0.00687891151756,
        "median": 0.00533248623833,
        "min": 1.30143500402e-21,
        "var": 3.47151253663e-05
    },
    "spectral_energyband_middle_low": {
        "dmean": 0.00865262001753,
        "dmean2": 0.0140671459958,
        "dvar": 0.000158490962349,
        "dvar2": 0.000419981603045,
        "max": 0.161156564951,
        "mean": 0.0163116808981,
        "median": 0.0116317952052,
        "min": 2.04466599829e-22,
        "var": 0.000237293264945
    },
    "spectral_entropy": {
        "dmean": 0.176775559783,
        "dmean2": 0.266112327576,
        "dvar": 0.0413783192635,
        "dvar2": 0.0956407114863,
        "max": 9.81553173065,
        "mean": 7.85717010498,
        "median": 7.90168523788,
        "min": 4.94876098633,
        "var": 0.0913066118956
    },
    "spectral_flux": {
        "dmean": 0.0305800456554,
        "dmean2": 0.0462070144713,
        "dvar": 0.00105185783468,
        "dvar2": 0.00224532396533,
        "max": 0.351032584906,
        "mean": 0.107402175665,
        "median": 0.0946771800518,
        "min": 6.65347013595e-11,
        "var": 0.00258426554501
    },
    "spectral_kurtosis": {
        "dmean": 0.801639556885,
        "dmean2": 1.25899648666,
        "dvar": 1.22128808498,
        "dvar2": 3.06134700775,
        "max": 27.1847114563,
        "mean": 3.1538169384,
        "median": 2.75970649719,
        "min": -1.34745836258,
        "var": 3.30941581726
    },
    "spectral_rms": {
        "dmean": 0.00100969744381,
        "dmean2": 0.00149897963274,
        "dvar": 9.04248224742e-07,
        "dvar2": 2.09187282962e-06,
        "max": 0.0131128812209,
        "mean": 0.00557533185929,
        "median": 0.00541038112715,
        "min": 3.15353906183e-12,
        "var": 3.32148647431e-06
    },
    "spectral_rolloff": {
        "dmean": 730.960205078,
        "dmean2": 1156.5526123,
        "dvar": 1011627.375,
        "dvar2": 1943897.875,
        "max": 20370.4101562,
        "mean": 2062.80053711,
        "median": 1485.79101562,
        "min": 21.533203125,
        "var": 3970267.75
    },
    "spectral_skewness": {
        "dmean": 0.162699341774,
        "dmean2": 0.240783333778,
        "dvar": 0.0333050861955,
        "dvar2": 0.0755721107125,
        "max": 4.3250541687,
        "mean": 1.30526089668,
        "median": 1.26149368286,
        "min": -0.0426956154406,
        "var": 0.124646820128
    },
    "spectral_spread": {
        "dmean": 522668.5,
        "dmean2": 757993.5625,
        "dvar": 779883773952,
        "dvar2": 1.36171067802e+12,
        "max": 50659632,
        "mean": 5675323.5,
        "median": 5220068.5,
        "min": 2371459.75,
        "var": 4.42161378099e+12
    },
    "spectral_strongpeak": {
        "dmean": 0.630602955818,
        "dmean2": 1.046697855,
        "dvar": 1.24932062626,
        "dvar2": 2.84356927872,
        "max": 39.540058136,
        "mean": 1.06719112396,
        "median": 0.584086120129,
        "min": 0,
        "var": 2.3581829071
    },
    "zerocrossingrate": {
        "dmean": 0.0191982351243,
        "dmean2": 0.0218688007444,
        "dvar": 0.000237653614022,
        "dvar2": 0.000302771804854,
        "max": 0.5205078125,
        "mean": 0.098695255816,
        "median": 0.09326171875,
        "min": 0.00390625,
        "var": 0.0024541777093
    },
    "barkbands": {
        "dmean": [0.000176656656549, 0.0030752280727, 0.00511561101303, 0.00391922099516, 0.00326511100866, 0.00104449945502, 0.00120679521933, 0.0014929472236, 0.000921737810131, 0.000629344431218, 0.000718544470146, 0.000669648405164, 0.000676457188092, 0.000478271860629, 0.000396846240619, 0.000183434865903, 0.000153783315909, 0.000157585891429, 0.000201019429369, 0.000244580965955, 0.000358331220923, 0.000257118808804, 7.23367993487e-05, 5.93224685872e-05, 0.000126116341562, 4.38534552814e-05, 4.95100503031e-05],
        "dmean2": [0.00028548471164, 0.0048139304854, 0.0080198077485, 0.00668234843761, 0.00555455219001, 0.00161061645485, 0.00194015388843, 0.0024532598909, 0.00141906947829, 0.000976239272859, 0.00113163609058, 0.00102800375316, 0.00104343774728, 0.000755693588872, 0.000638698344119, 0.000299330800772, 0.000250075856457, 0.000255100429058, 0.000319312675856, 0.00038582723937, 0.000564615649637, 0.000398002070142, 0.0001080031725, 9.07669236767e-05, 0.000172478481545, 6.229342398e-05, 7.1687536547e-05],
        "dvar": [1.13787713474e-07, 5.8534933487e-05, 0.000110403481813, 7.02966426616e-05, 5.63846915611e-05, 3.70844099962e-06, 3.73299303646e-06, 6.56322572468e-06, 3.27457360072e-06, 1.21990206026e-06, 1.278353011e-06, 1.79028916136e-06, 1.684609515e-06, 7.82072504535e-07, 4.93378706778e-07, 8.94993732459e-08, 5.24074117436e-08, 4.93686762582e-08, 6.83526764078e-08, 9.26599810214e-08, 2.69600974434e-07, 1.59608021022e-07, 6.57151222327e-09, 6.43069952844e-09, 5.84752903876e-08, 6.27045437795e-09, 1.1607359518e-08],
        "dvar2": [2.84177275489e-07, 0.000138858391438, 0.000267343915766, 0.000181885494385, 0.000161143019795, 6.97430778018e-06, 7.96383665147e-06, 1.62355463544e-05, 5.83096061746e-06, 2.30552723224e-06, 2.67918858299e-06, 3.65259143109e-06, 3.65661298929e-06, 1.8295955897e-06, 1.21821528865e-06, 2.4038246238e-07, 1.33425615445e-07, 1.24787490563e-07, 1.62926610869e-07, 2.24342016963e-07, 5.50945287614e-07, 3.2987867371e-07, 1.21143282072e-08, 1.32904505179e-08, 9.49964160668e-08, 1.06835722491e-08, 2.39397763835e-08],
        "max": [0.00879049859941, 0.0772343873978, 0.135867625475, 0.123860605061, 0.0938763618469, 0.125347539783, 0.0974945276976, 0.105963729322, 0.112611889839, 0.0391182228923, 0.0432369038463, 0.0359109938145, 0.0375713407993, 0.0168690998107, 0.0142474062741, 0.00708897924051, 0.00416195346043, 0.00346372602507, 0.0104026338086, 0.00873111281544, 0.024815376848, 0.0174056962132, 0.00087209418416, 0.000879442726728, 0.00291518098675, 0.000954434566665, 0.00155089807231],
        "mean": [0.000187551384442, 0.00376104307361, 0.00622726744041, 0.00438079144806, 0.00420983042568, 0.00177393143531, 0.0019084593514, 0.00219285278581, 0.00155586889014, 0.001019123476, 0.00106228888035, 0.00104942254256, 0.00108024524525, 0.00076055288082, 0.000639315519948, 0.000300720799714, 0.000258263346041, 0.000271906901617, 0.000359227124136, 0.000465568824438, 0.000712877663318, 0.000471155508421, 0.000132231944008, 9.63476122706e-05, 0.000231706027989, 7.78363246354e-05, 7.92212667875e-05],
        "median": [4.87413126393e-05, 0.000698432093486, 0.0022998531349, 0.00110308127478, 0.00203867768869, 0.000738134083804, 0.000905450782739, 0.000951470865402, 0.000691837456543, 0.000552281562705, 0.000581692322157, 0.000511140620802, 0.000544166134205, 0.000360902369721, 0.000334224314429, 0.000173906664713, 0.000138688119478, 0.000152828186401, 0.000242835536483, 0.000349125883076, 0.000473624735605, 0.000294736033538, 0.000101069068478, 6.58110293443e-05, 8.15079329186e-05, 3.15123761538e-05, 2.27452474064e-05],
        "min": [1.33889239645e-24, 5.2692543977e-24, 2.84369683519e-24, 1.69114107595e-24, 7.77017026476e-24, 9.70580378993e-24, 1.0487139751e-23, 2.33672180605e-23, 3.01865671764e-23, 1.54689580839e-23, 1.25685776484e-23, 1.49609442827e-23, 4.24616246703e-23, 5.55222834962e-23, 8.40998047733e-23, 6.90823354513e-23, 7.22540169851e-23, 7.51979449091e-23, 1.58580542591e-22, 2.18202687673e-22, 3.33385038372e-22, 3.24822704242e-22, 4.07742840107e-22, 6.11856825422e-22, 7.48728004254e-22, 1.45583929173e-21, 2.13508018654e-21],
        "var": [1.41411248933e-07, 7.71264240029e-05, 0.000124161946587, 8.27723633847e-05, 4.73453510494e-05, 1.44768691825e-05, 1.38421801239e-05, 1.3529311218e-05, 1.10516293717e-05, 3.11001258524e-06, 3.16249816024e-06, 3.67520829059e-06, 3.34927676704e-06, 1.38368932312e-06, 8.30711826438e-07, 1.58430225383e-07, 1.06107627573e-07, 1.07008197858e-07, 1.52083600824e-07, 1.97821094616e-07, 7.23149128135e-07, 3.85573486028e-07, 1.32596378322e-08, 1.027776797e-08, 1.53456142016e-07, 1.54119206286e-08, 2.45740530147e-08]
    },
    "erbbands": {
        "dmean": [0.0749985799193, 0.800339102745, 4.3441824913, 10.3666305542, 13.0167179108, 10.377196312, 8.48440742493, 9.11743354797, 10.8329372406, 34.383846283, 22.7304782867, 19.8050174713, 19.124671936, 21.8559551239, 28.0399589539, 27.4026050568, 30.2201347351, 27.7547931671, 19.5272541046, 14.9987354279, 9.0777759552, 7.93325471878, 8.27371120453, 8.74959659576, 11.0145626068, 11.6877412796, 15.7628259659, 12.3884077072, 10.7872571945, 4.49685955048, 1.84772109985, 1.11228179932, 1.16821324825, 1.37566399574, 0.863219022751, 0.212641626596, 0.0745539963245, 0.0571658909321, 0.00758820772171, 0.000260391680058],
        "dmean2": [0.112045429647, 1.22779130936, 6.67845630646, 17.0380325317, 22.2755031586, 17.6627998352, 13.5768203735, 14.3047847748, 17.7275333405, 56.6829833984, 35.2610244751, 30.423664093, 29.4495849609, 33.7804374695, 43.6782417297, 42.0540542603, 46.3259963989, 43.2351608276, 31.1149177551, 24.0063323975, 14.6821975708, 12.8183488846, 13.3713197708, 13.993388176, 17.3685188293, 18.5414218903, 24.9823284149, 18.6345291138, 16.3676319122, 7.03165388107, 2.70564579964, 1.71885061264, 1.76441526413, 1.94302213192, 1.18512427807, 0.306080311537, 0.106957547367, 0.0836689099669, 0.0106106204912, 0.000371418776922],
        "dvar": [0.0319085791707, 3.94498848915, 76.603225708, 407.501098633, 1019.28009033, 448.73840332, 255.741943359, 311.348297119, 234.465148926, 3864.71948242, 2162.46044922, 1721.34851074, 977.576538086, 1543.12634277, 1630.60668945, 2839.44921875, 3310.32080078, 2753.11938477, 1172.09106445, 786.052062988, 176.1275177, 128.765487671, 140.47277832, 140.003890991, 208.610458374, 184.742385864, 495.638000488, 518.961486816, 302.746887207, 39.1715774536, 4.1380610466, 2.24422645569, 3.04139328003, 6.05154323578, 3.23505926132, 0.175941392779, 0.0174218062311, 0.0171970538795, 0.000235058629187, 2.1836957842e-07],
        "dvar2": [0.0770232379436, 9.27708625793, 178.483886719, 1056.16125488, 2798.04443359, 1246.32629395, 566.55279541, 602.317077637, 569.05255127, 9685.61914062, 4200.98095703, 3009.09960938, 1901.99133301, 2835.20117188, 3433.33154297, 5938.75341797, 7138.46533203, 6213.94042969, 2857.22167969, 1916.55285645, 448.404296875, 333.734375, 358.458984375, 348.287200928, 467.905548096, 441.294281006, 1168.02160645, 909.258666992, 630.620727539, 77.5274353027, 7.29643964767, 4.99485969543, 5.91941452026, 11.4384145737, 5.41067171097, 0.284174501896, 0.0301723703742, 0.0359188169241, 0.000463393342216, 3.96684896486e-07],
        "max": [2.21421098709, 20.7160682678, 101.228881836, 240.267868042, 415.373687744, 237.298461914, 602.054748535, 1070.10998535, 307.601745605, 2630.55664062, 2848.95483398, 3139.01757812, 1149.5032959, 1392.04919434, 1343.6505127, 1384.10925293, 1625.96447754, 1081.27111816, 787.506286621, 1099.82641602, 269.849639893, 193.694839478, 197.820495605, 192.67616272, 683.793823242, 506.704376221, 322.901763916, 1541.31628418, 745.330627441, 229.979873657, 23.8226184845, 22.04155159, 21.7019138336, 33.4568252563, 24.3611087799, 4.93493747711, 1.61127364635, 1.81812548637, 0.226890966296, 0.00592742720619],
        "mean": [0.0939680486917, 0.966459810734, 5.55547428131, 12.7198600769, 14.7404613495, 13.4930830002, 13.578540802, 14.6338262558, 16.6378498077, 53.8194694519, 37.7203063965, 33.9221992493, 33.4721031189, 36.4986076355, 45.3195457458, 45.9870834351, 51.0028610229, 45.5456314087, 33.8443603516, 25.9460315704, 16.2835865021, 13.9930753708, 14.7196912766, 15.7232751846, 20.3701953888, 22.6845836639, 29.8340072632, 24.456407547, 19.0774002075, 8.64155769348, 3.43369865417, 1.67173600197, 2.04632925987, 2.49573493004, 1.55708456039, 0.385726392269, 0.125788167119, 0.092494033277, 0.0126942386851, 0.000459469563793],
        "median": [0.0161432754248, 0.22697456181, 2.02480220795, 4.74943971634, 4.16233348846, 6.28783130646, 5.99067211151, 6.16883516312, 9.69188404083, 20.8654174805, 18.9231948853, 17.210111618, 17.0806369781, 19.9547462463, 27.9333095551, 25.1555805206, 26.840007782, 21.6432552338, 17.5646095276, 14.8682260513, 10.0101547241, 7.7167429924, 8.17517852783, 10.2686414719, 14.6059131622, 17.0760974884, 20.1356372833, 16.4940433502, 11.4443225861, 6.06963539124, 2.57237267494, 1.17109167576, 1.21396863461, 1.00913190842, 0.507334053516, 0.152392596006, 0.0531645938754, 0.0233902335167, 0.00376748712733, 0.000240171109908],
        "min": [1.58289623311e-22, 3.36025892248e-22, 3.23719313765e-21, 4.36322021147e-21, 1.45503670843e-20, 3.53091867238e-20, 7.55920166004e-20, 1.1015279874e-19, 1.60010451002e-19, 3.94617083621e-19, 4.76514710955e-19, 6.37425845322e-19, 6.49633325104e-19, 6.58577060381e-19, 1.1696054688e-18, 9.35216501009e-19, 1.99791766444e-18, 3.08946106486e-18, 3.57577853816e-18, 4.11968453249e-18, 3.53771789022e-18, 5.62973913666e-18, 4.45967437582e-18, 6.7346617699e-18, 9.43889675848e-18, 1.04429939333e-17, 9.43125278244e-18, 1.43773238341e-17, 1.26861853318e-17, 1.23649373332e-17, 1.30123352027e-17, 1.28079893313e-17, 1.10296056083e-17, 7.84665762455e-18, 5.58496964036e-18, 5.20929894773e-18, 2.19582993177e-18, 1.023833911e-18, 2.84048859267e-19, 2.8466771315e-20],
        "var": [0.04545494169, 4.97051811218, 93.5618286133, 464.148040771, 1002.12908936, 445.644134521, 749.786132812, 1007.52758789, 429.964294434, 10942.5527344, 6353.21240234, 5743.30615234, 2994.83911133, 4067.34326172, 4048.21704102, 5705.49658203, 6807.40869141, 5122.98242188, 2211.28051758, 1352.70385742, 374.084686279, 279.813476562, 317.490814209, 289.5909729, 476.799621582, 431.429168701, 1157.71765137, 1383.50634766, 699.808654785, 93.0394287109, 9.14467144012, 2.97705984116, 6.0472946167, 14.7296924591, 7.89194583893, 0.417677670717, 0.039722982794, 0.0359133519232, 0.000582995242439, 4.54192843335e-07]
    },
    "gfcc": {
        "mean": [46.0655441284, 56.9277954102, -101.313835144, 18.2398738861, -60.0834236145, 9.31652641296, -21.3132667542, -3.86191511154, -29.2071743011, 8.64687156677, -20.6357688904, -6.56509113312, -14.3391113281],
        "cov": [[9849.27929688, 526.2734375, -636.241027832, 59.4792671204, -259.779266357, -8.86602497101, -128.446777344, -3.34691047668, -164.110412598, -14.6643447876, -141.328323364, -24.2814083099, -123.025772095], [526.2734375, 731.139221191, -296.718231201, 121.028556824, 235.301422119, 9.17084598541, -93.8805847168, -10.4661169052, 1.45141148567, -174.793121338, -25.857629776, -29.120634079, -21.2657146454], [-636.241027832, -296.718231201, 932.858398438, 63.2349243164, -202.035491943, 37.5904922485, 145.693267822, 3.45379137993, -3.22581315041, 208.89465332, -1.62583482265, -4.26998472214, 18.9759616852], [59.4792671204, 121.028556824, 63.2349243164, 394.668823242, 185.651046753, 92.3361663818, 58.954208374, -33.4287185669, -19.457485199, -50.4687995911, -27.7874984741, -33.4911460876, -2.82622623444], [-259.779266357, 235.301422119, -202.035491943, 185.651046753, 412.097320557, 107.542297363, -18.8980426788, -9.17697429657, 5.63533210754, -152.116119385, -13.0388498306, -30.7758178711, -45.7468490601], [-8.86602497101, 9.17084598541, 37.5904922485, 92.3361663818, 107.542297363, 147.442626953, 90.9094924927, 26.4970779419, 4.33639574051, 4.87773275375, -0.624713182449, -14.5254669189, -19.784198761], [-128.446777344, -93.8805847168, 145.693267822, 58.954208374, -18.8980426788, 90.9094924927, 175.199539185, 75.7605743408, 22.4962387085, 60.8281288147, 14.5908412933, 12.2967309952, 11.3426218033], [-3.34691047668, -10.4661169052, 3.45379137993, -33.4287185669, -9.17697429657, 26.4970779419, 75.7605743408, 140.851409912, 81.1830749512, 35.1114273071, 34.1664047241, 35.514629364, 19.7929592133], [-164.110412598, 1.45141148567, -3.22581315041, -19.457485199, 5.63533210754, 4.33639574051, 22.4962387085, 81.1830749512, 110.96559906, 51.6487922668, 39.0000076294, 35.4738197327, 30.603679657], [-14.6643447876, -174.793121338, 208.89465332, -50.4687995911, -152.116119385, 4.87773275375, 60.8281288147, 35.1114273071, 51.6487922668, 182.897781372, 69.9539337158, 37.4488182068, 33.3269233704], [-141.328323364, -25.857629776, -1.62583482265, -27.7874984741, -13.0388498306, -0.624713182449, 14.5908412933, 34.1664047241, 39.0000076294, 69.9539337158, 105.081863403, 68.3988800049, 35.0282249451], [-24.2814083099, -29.120634079, -4.26998472214, -33.4911460876, -30.7758178711, -14.5254669189, 12.2967309952, 35.514629364, 35.4738197327, 37.4488182068, 68.3988800049, 92.2160873413, 62.6267547607], [-123.025772095, -21.2657146454, 18.9759616852, -2.82622623444, -45.7468490601, -19.784198761, 11.3426218033, 19.7929592133, 30.603679657, 33.3269233704, 35.0282249451, 62.6267547607, 91.1923065186]],
        "icov": [[0.00017125053273, -0.00020289963868, 0.00024868210312, -0.00024393881904, 0.000186317818589, -0.000179834736628, 0.000398848816985, -0.000517560343724, 0.000727412581909, -0.000921182334423, 0.00106795364991, -0.00105367763899, 0.00064752396429], [-0.00020289963868, 0.00235845823772, -0.000180902701686, -0.000250563549343, -0.000256313680438, -0.000158521797857, 0.000615253811702, 8.06859170552e-05, -0.00151289871428, 0.00309068174101, -0.0025984889362, 0.00249929120764, -0.00129095301963], [0.00024868210312, -0.000180902701686, 0.00225862278603, -0.000855317164678, 8.32817895571e-05, 0.000255336693954, -0.000287010916509, -0.000673712755088, 0.00199222005904, -0.00439651636407, 0.00371110835113, -0.00241023558192, 0.00124382146169], [-0.00024393881904, -0.000250563549343, -0.000855317164678, 0.0048350696452, -0.0023589367047, 0.000125195991131, -0.00303852534853, 0.00296041439287, -0.00124250503723, 0.00135623768438, -0.00145337905269, 0.003289925633, -0.00326028955169], [0.000186317818589, -0.000256313680438, 8.32817895571e-05, -0.0023589367047, 0.00895915552974, -0.00651188567281, 0.00244466541335, 0.00129820907023, -0.00477897189558, 0.00832614582032, -0.00536361848935, 0.000943602819461, 0.00257009523921], [-0.000179834736628, -0.000158521797857, 0.000255336693954, 0.000125195991131, -0.00651188567281, 0.0172729026526, -0.00919881276786, 0.000624657492153, 0.00196455488913, -0.00501511571929, 0.00206634635106, 0.000366719177691, 0.00128836766817], [0.000398848816985, 0.000615253811702, -0.000287010916509, -0.00303852534853, 0.00244466541335, -0.00919881276786, 0.0179536696523, -0.0112251490355, 0.00640918128192, -0.00397600512952, 0.00350312446244, -0.00306986179203, 0.00014588740305], [-0.000517560343724, 8.06859170552e-05, -0.000673712755088, 0.00296041439287, 0.00129820907023, 0.000624657492153, -0.0112251490355, 0.0225776284933, -0.0172118991613, 0.00888286437839, -0.00615275511518, 0.00125581875909, 0.00086593645392], [0.000727412581909, -0.00151289871428, 0.00199222005904, -0.00124250503723, -0.00477897189558, 0.00196455488913, 0.00640918128192, -0.0172118991613, 0.0283339619637, -0.0171018689871, 0.0100861703977, -0.00660460721701, -0.00145432108548], [-0.000921182334423, 0.00309068174101, -0.00439651636407, 0.00135623768438, 0.00832614582032, -0.00501511571929, -0.00397600512952, 0.00888286437839, -0.0171018689871, 0.0327307358384, -0.0256073251367, 0.0159801766276, -0.00527050485834], [0.00106795364991, -0.0025984889362, 0.00371110835113, -0.00145337905269, -0.00536361848935, 0.00206634635106, 0.00350312446244, -0.00615275511518, 0.0100861703977, -0.0256073251367, 0.0412953011692, -0.0317697748542, 0.0106043238193], [-0.00105367763899, 0.00249929120764, -0.00241023558192, 0.003289925633, 0.000943602819461, 0.000366719177691, -0.00306986179203, 0.00125581875909, -0.00660460721701, 0.0159801766276, -0.0317697748542, 0.0491682998836, -0.0247599482536], [0.00064752396429, -0.00129095301963, 0.00124382146169, -0.00326028955169, 0.00257009523921, 0.00128836766817, 0.00014588740305, 0.00086593645392, -0.00145432108548, -0.00527050485834, 0.0106043238193, -0.0247599482536, 0.0278861541301]]
    },
    "melbands": {
        "dmean": [0.000743362994399, 0.00177893135697, 0.00179554068018, 0.000820452754851, 0.000325624132529, 0.000199008194613, 0.000179799229954, 0.000375532690668, 0.000171964100446, 0.000128064421006, 9.79136239039e-05, 9.00814629858e-05, 0.000105238788819, 7.13216140866e-05, 8.18746411824e-05, 5.72740573261e-05, 5.49491742277e-05, 3.18158672599e-05, 2.70485688816e-05, 1.6937376131e-05, 1.0580365597e-05, 9.107603546e-06, 7.70398128225e-06, 7.98173005023e-06, 7.35771345717e-06, 8.89616239874e-06, 8.83048687683e-06, 7.68468544265e-06, 1.14729627967e-05, 7.19086756362e-06, 8.08150252851e-06, 7.32741591492e-06, 3.82924554287e-06, 2.07508355743e-06, 1.16877799883e-06, 7.49314494897e-07, 6.83189909978e-07, 7.53532560793e-07, 1.10939299702e-06, 1.27918940507e-06],
        "dmean2": [0.00114724703599, 0.00272928131744, 0.00295523949899, 0.00140541535802, 0.000522860500496, 0.000310067494866, 0.000291182630463, 0.000619900529273, 0.000264089176198, 0.00019744495512, 0.000151356638526, 0.000139460564242, 0.00016477155441, 0.000111670604383, 0.000123940437334, 8.8350920123e-05, 8.6280706455e-05, 5.09852761752e-05, 4.40184339823e-05, 2.74505910056e-05, 1.72511263372e-05, 1.48851349877e-05, 1.25874830701e-05, 1.30116395667e-05, 1.19078158605e-05, 1.42532471727e-05, 1.42969483932e-05, 1.2180232261e-05, 1.83042302524e-05, 1.1419526345e-05, 1.21841749205e-05, 1.13519035949e-05, 6.0067081904e-06, 3.28402279592e-06, 1.74426702415e-06, 1.13762268938e-06, 1.07436619601e-06, 1.17292881896e-06, 1.63724223512e-06, 1.86658996881e-06],
        "dvar": [3.17698572871e-06, 1.19298483696e-05, 1.12110083137e-05, 3.95269898945e-06, 3.29847892999e-07, 1.40389744274e-07, 6.53197815836e-08, 4.30232688586e-07, 1.20226673062e-07, 6.38122301666e-08, 2.56578776003e-08, 2.93130248963e-08, 2.76652318831e-08, 1.39808484789e-08, 3.05888541163e-08, 1.01604431535e-08, 1.14239755433e-08, 3.04589375943e-09, 2.38347186432e-09, 1.00568109396e-09, 2.45623271722e-10, 1.83002682452e-10, 1.39095623908e-10, 1.36223740621e-10, 1.08809260213e-10, 1.62270752391e-10, 1.24559598746e-10, 8.24638551888e-11, 2.9734981144e-10, 8.78297296003e-11, 3.51598611337e-10, 1.50999698856e-10, 3.46874022561e-11, 7.33052854529e-12, 1.73639336416e-12, 7.05719825026e-13, 1.07733017386e-12, 1.09108316999e-12, 3.56321677893e-12, 6.20548230856e-12],
        "dvar2": [7.40156701795e-06, 2.7030477213e-05, 2.82826949842e-05, 1.12039706437e-05, 7.80648747423e-07, 2.65556167278e-07, 1.53924361257e-07, 1.12151894882e-06, 2.25170936119e-07, 1.1532475952e-07, 5.02247416989e-08, 5.3689390711e-08, 5.74694034583e-08, 3.01640632472e-08, 6.32933350175e-08, 2.2454688775e-08, 2.60901344973e-08, 7.43390415892e-09, 5.97747806808e-09, 2.58779508933e-09, 6.19110318567e-10, 4.81225559401e-10, 3.6306935236e-10, 3.46018019792e-10, 2.74754746732e-10, 3.67660124567e-10, 3.0326360867e-10, 1.99537983359e-10, 7.5110545561e-10, 1.97784788547e-10, 5.91323656707e-10, 3.40659750409e-10, 6.45123537923e-11, 1.49649233977e-11, 3.16826859886e-12, 1.51615395586e-12, 2.5418380508e-12, 2.26537950725e-12, 6.77034209945e-12, 1.33503425329e-11],
        "max": [0.0189902577549, 0.0380927622318, 0.0444124117494, 0.0252415593714, 0.0163822378963, 0.0237979739904, 0.0078419810161, 0.0243729911745, 0.0209744758904, 0.0169607438147, 0.00589095288888, 0.00625144736841, 0.00642015971243, 0.00252450001426, 0.00453125266358, 0.00220963358879, 0.00231644301675, 0.00120719335973, 0.000970284163486, 0.000993069610558, 0.00033022655407, 0.000197824178031, 0.00020338955801, 0.000195058368263, 0.000178648595465, 0.000646640837658, 0.000300110230455, 0.000290634605335, 0.000294781144476, 0.000170014245668, 0.00140210369136, 0.000591115909629, 0.000216369589907, 6.55198382447e-05, 1.77370693564e-05, 9.69656139205e-06, 1.65432265931e-05, 1.19543901747e-05, 2.17364122364e-05, 3.50375994458e-05],
        "mean": [0.000950349320192, 0.00241129682399, 0.00232767942362, 0.000993979396299, 0.000518899061717, 0.000327154179104, 0.00028386482154, 0.000581685861107, 0.000285507907392, 0.000213742911001, 0.00016622718249, 0.000144270918099, 0.000158894734341, 0.000112519926915, 0.0001334555418, 9.32163675316e-05, 8.44481910462e-05, 5.24858514837e-05, 4.31194166595e-05, 2.69459942501e-05, 1.75247605512e-05, 1.49099359987e-05, 1.27726952996e-05, 1.33567255034e-05, 1.21706334539e-05, 1.50601917994e-05, 1.50676050907e-05, 1.41806085594e-05, 1.97211047634e-05, 1.4251229004e-05, 1.45052435983e-05, 1.1710054423e-05, 7.1560161814e-06, 3.75959962184e-06, 2.10953999158e-06, 1.15092041142e-06, 9.50128764998e-07, 1.26832969727e-06, 1.87370903859e-06, 2.2374576929e-06],
        "median": [0.000174725966644, 0.000901890161913, 0.000898593221791, 0.0004286429903, 0.000243772010435, 0.000136752598337, 0.000158087917953, 0.000231159210671, 0.000145206489833, 0.000101128178358, 8.19316410343e-05, 7.2204573371e-05, 8.87305723154e-05, 6.41722217551e-05, 5.98789520154e-05, 5.01247632201e-05, 3.67834763892e-05, 2.59898934019e-05, 2.24557461479e-05, 1.41934242492e-05, 1.05504841486e-05, 7.87117551226e-06, 6.60905106997e-06, 7.51050765757e-06, 7.3918427006e-06, 9.53906965151e-06, 1.08547801574e-05, 1.03998272607e-05, 1.26876830109e-05, 9.65429990174e-06, 8.92321622814e-06, 6.68787197355e-06, 4.63680407847e-06, 2.67693962996e-06, 1.56075282121e-06, 8.10597271084e-07, 6.3522804794e-07, 8.15097848772e-07, 8.68431470735e-07, 8.32175885535e-07],
        "min": [1.64916913984e-24, 1.17968054425e-24, 1.18295500726e-24, 2.03083266756e-24, 2.51110144185e-24, 2.56135523418e-24, 2.1952920225e-24, 3.88281163525e-24, 3.42076988661e-24, 4.17541789437e-24, 2.06788921137e-24, 2.65399984775e-24, 2.73885248772e-24, 1.57514598237e-24, 3.99167049587e-24, 3.04004786438e-24, 5.60126504789e-24, 4.31196064516e-24, 5.10394307298e-24, 4.88821012579e-24, 3.3415938897e-24, 4.60468878329e-24, 6.54113128531e-24, 3.43287416834e-24, 4.84317602886e-24, 5.75897648665e-24, 6.23112945995e-24, 6.57591689579e-24, 4.54361911631e-24, 6.34189065863e-24, 7.53045357947e-24, 6.61248572634e-24, 6.12453699671e-24, 6.87564854103e-24, 6.886934774e-24, 8.1801736205e-24, 7.61090477002e-24, 8.25021894686e-24, 6.51837383149e-24, 6.63628289884e-24],
        "var": [4.58662589153e-06, 1.64905468409e-05, 1.50635842147e-05, 3.27424709212e-06, 7.91502372977e-07, 4.8681744147e-07, 1.55235369448e-07, 1.06880702333e-06, 3.74897098254e-07, 2.06911622058e-07, 7.78441702209e-08, 7.58668505796e-08, 6.91820787324e-08, 2.58703991562e-08, 6.59734666897e-08, 1.98103418114e-08, 1.99906331488e-08, 5.63351898464e-09, 3.84103282514e-09, 1.62255253677e-09, 4.73754702135e-10, 3.50197953969e-10, 2.6699453759e-10, 2.72553674074e-10, 2.00879063383e-10, 3.61237345592e-10, 2.40513609029e-10, 1.8452617212e-10, 5.76202530134e-10, 2.38735087255e-10, 9.02931174274e-10, 3.01691921445e-10, 8.89595966336e-11, 1.48989692111e-11, 3.67404370816e-12, 1.19382314364e-12, 1.21418066573e-12, 1.98306063411e-12, 7.47495988718e-12, 1.31529197256e-11]
    },
    "mfcc": {
        "mean": [-601.903503418, 101.768569946, 6.39901542664, 16.5006713867, -15.6998500824, 13.4729566574, 7.58243083954, -8.80038452148, 2.78277349472, -1.97356903553, 3.36028265953, -4.64600658417, -0.349212318659],
        "cov": [[3957.54858398, 352.864135742, -469.826873779, 94.8823471069, 80.3875656128, 3.57521057129, -15.767824173, 103.253295898, -30.3340263367, -21.7916603088, -74.9630050659, 53.0302696228, -76.5054397583], [352.864135742, 554.144165039, -199.222305298, 14.2892837524, 152.515365601, -30.0460643768, -35.5319519043, 75.4819412231, -37.0714111328, 6.44073534012, -47.0332870483, -10.2337198257, -61.0314102173], [-469.826873779, -199.222305298, 879.821411133, 49.6687736511, -262.427978516, 44.8797264099, 67.339630127, -180.408004761, 113.60320282, -23.771572113, 124.85585022, 3.23001003265, 136.86126709], [94.8823471069, 14.2892837524, 49.6687736511, 258.804473877, 119.091468811, 107.749206543, 53.4462127686, 44.6612281799, 14.6613531113, 8.69159317017, -22.4672966003, -29.6385135651, -12.4327335358], [80.3875656128, 152.515365601, -262.427978516, 119.091468811, 322.597991943, 87.1775131226, 11.9224176407, 115.475456238, -43.1919364929, 23.8373298645, -56.3051757812, -5.97365903854, -83.5349273682], [3.57521057129, -30.0460643768, 44.8797264099, 107.749206543, 87.1775131226, 187.753234863, 100.814849854, 20.9470996857, 14.2165985107, 10.9768323898, 8.81542873383, -18.4795455933, -12.6361970901], [-15.767824173, -35.5319519043, 67.339630127, 53.4462127686, 11.9224176407, 100.814849854, 142.12159729, 50.4978637695, 29.5425224304, 11.0142145157, 25.7696666718, 10.3176202774, 19.6398715973], [103.253295898, 75.4819412231, -180.408004761, 44.6612281799, 115.475456238, 20.9470996857, 50.4978637695, 175.312637329, 35.0276756287, 33.915473938, -22.574842453, 18.9317970276, -26.5332183838], [-30.3340263367, -37.0714111328, 113.60320282, 14.6613531113, -43.1919364929, 14.2165985107, 29.5425224304, 35.0276756287, 108.352706909, 38.9899978638, 30.2412986755, 7.55100536346, 30.8010921478], [-21.7916603088, 6.44073534012, -23.771572113, 8.69159317017, 23.8373298645, 10.9768323898, 11.0142145157, 33.915473938, 38.9899978638, 80.4255371094, 30.8589439392, 19.0547008514, 7.92558670044], [-74.9630050659, -47.0332870483, 124.85585022, -22.4672966003, -56.3051757812, 8.81542873383, 25.7696666718, -22.574842453, 30.2412986755, 30.8589439392, 91.2298431396, 45.6910400391, 43.8536109924], [53.0302696228, -10.2337198257, 3.23001003265, -29.6385135651, -5.97365903854, -18.4795455933, 10.3176202774, 18.9317970276, 7.55100536346, 19.0547008514, 45.6910400391, 92.7900085449, 43.8940162659], [-76.5054397583, -61.0314102173, 136.86126709, -12.4327335358, -83.5349273682, -12.6361970901, 19.6398715973, -26.5332183838, 30.8010921478, 7.92558670044, 43.8536109924, 43.8940162659, 100.891494751]],
