{
"lowlevel": {
    "average_loudness": 0.209833443165,
    "barkbands_crest": {
        "dmean": 2.6552927494,
        "dmean2": 4.61448335648,
        "dvar": 5.75535392761,
        "dvar2": 17.4281578064,
        "max": 25.5316810608,
        "mean": 12.6478023529,
        "median": 12.1282329559,
        "min": 2.86004638672,
        "var": 19.8214130402
    },
    "barkbands_flatness_db": {
        "dmean": 0.0208345260471,
        "dmean2": 0.0345092639327,
        "dvar": 0.000367253407603,
        "dvar2": 0.00103987206239,
        "max": 0.508889615536,
        "mean": 0.268987715244,
        "median": 0.275496840477,
        "min": 0.0310511719435,
        "var": 0.0071729356423
    },
    "barkbands_kurtosis": {
        "dmean": 4.81018352509,
        "dmean2": 7.97525930405,
        "dvar": 77.5468902588,
        "dvar2": 185.221450806,
        "max": 532.796264648,
        "mean": 9.08565711975,
        "median": 4.27700185776,
        "min": -1.9487862587,
        "var": 352.678100586
    },
    "barkbands_skewness": {
        "dmean": 0.628815114498,
        "dmean2": 1.03325486183,
        "dvar": 0.377202749252,
        "dvar2": 1.00489449501,
        "max": 16.5985088348,
        "mean": 1.86467254162,
        "median": 1.75651597977,
        "min": -8.99081611633,
        "var": 2.95010590553
    },
    "barkbands_spread": {
        "dmean": 2.18908071518,
        "dmean2": 3.57542085648,
        "dvar": 11.7701263428,
        "dvar2": 28.8102264404,
        "max": 120.553329468,
        "mean": 9.5538520813,
        "median": 5.38777351379,
        "min": 0.265500247478,
        "var": 178.917617798
    },
    "dissonance": {
        "dmean": 0.035944942385,
        "dmean2": 0.0606985539198,
        "dvar": 0.00126730371267,
        "dvar2": 0.00356288114563,
        "max": 0.500000178814,
        "mean": 0.416131913662,
        "median": 0.428485870361,
        "min": 0.141774117947,
        "var": 0.00358742056414
    },
    "dynamic_complexity": 7.85001945496,
    "erbbands_crest": {
        "dmean": 3.02867174149,
        "dmean2": 4.97836017609,
        "dvar": 8.49252510071,
        "dvar2": 21.2576332092,
        "max": 34.4981651306,
        "mean": 11.226102829,
        "median": 10.240020752,
        "min": 1.91266071796,
        "var": 23.3673973083
    },
    "erbbands_flatness_db": {
        "dmean": 0.0175871383399,
        "dmean2": 0.0274344347417,
        "dvar": 0.000302581087453,
        "dvar2": 0.000695144175552,
        "max": 0.499664634466,
        "mean": 0.260989636183,
        "median": 0.259366333485,
        "min": 0.0282170567662,
        "var": 0.00584884826094
    },
    "erbbands_kurtosis": {
        "dmean": 1.42016756535,
        "dmean2": 2.27413487434,
        "dvar": 10.6233701706,
        "dvar2": 23.7561950684,
        "max": 131.023834229,
        "mean": 1.34374773502,
        "median": 0.321673750877,
        "min": -1.8079110384,
        "var": 24.2417030334
    },
    "erbbands_skewness": {
        "dmean": 0.440749764442,
        "dmean2": 0.698820888996,
        "dvar": 0.185062274337,
        "dvar2": 0.438335686922,
        "max": 6.73002433777,
        "mean": 0.33468914032,
        "median": 0.418623566628,
        "min": -10.3103637695,
        "var": 1.10464143753
    },
    "erbbands_spread": {
        "dmean": 4.44272327423,
        "dmean2": 7.02099514008,
        "dvar": 25.2749385834,
        "dvar2": 60.2254371643,
        "max": 132.725494385,
        "mean": 22.5875644684,
        "median": 18.0150718689,
        "min": 0.783243656158,
        "var": 234.29675293
    },
    "hfc": {
        "dmean": 1.78799843788,
        "dmean2": 3.02528953552,
        "dvar": 7.01404762268,
        "dvar2": 20.5322799683,
        "max": 74.0998840332,
        "mean": 7.31691551208,
        "median": 4.9914484024,
        "min": 1.1348765803e-16,
        "var": 51.9913978577
    },
    "melbands_crest": {
        "dmean": 3.23070549965,
        "dmean2": 5.63094377518,
        "dvar": 8.81994438171,
        "dvar2": 27.6010169983,
        "max": 33.864490509,
        "mean": 15.9117183685,
        "median": 15.2505235672,
        "min": 2.07246088982,
        "var": 35.6564826965
    },
    "melbands_flatness_db": {
        "dmean": 0.0221366975456,
        "dmean2": 0.0366887114942,
        "dvar": 0.000410703476518,
        "dvar2": 0.00115900463425,
        "max": 0.642774760723,
        "mean": 0.352765649557,
        "median": 0.366155445576,
        "min": 0.00488544767722,
        "var": 0.0118712289259
    },
    "melbands_kurtosis": {
        "dmean": 6.5628285408,
        "dmean2": 10.8776922226,
        "dvar": 123.555175781,
        "dvar2": 304.94442749,
        "max": 499.641082764,
        "mean": 14.368938446,
        "median": 7.04986906052,
        "min": -1.94397330284,
        "var": 645.936462402
    },
    "melbands_skewness": {
        "dmean": 0.675529778004,
        "dmean2": 1.10426568985,
        "dvar": 0.399165481329,
        "dvar2": 1.06344342232,
        "max": 15.8263378143,
        "mean": 2.47404050827,
        "median": 2.21084618568,
        "min": -5.76304626465,
        "var": 3.37134623528
    },
    "melbands_spread": {
        "dmean": 3.20581936836,
        "dmean2": 5.21452140808,
        "dvar": 35.8231925964,
        "dvar2": 81.4036636353,
        "max": 183.005996704,
        "mean": 13.3885192871,
        "median": 7.05752944946,
        "min": 0.31433224678,
        "var": 383.042358398
    },
    "pitch_salience": {
        "dmean": 0.0669614672661,
        "dmean2": 0.111381351948,
        "dvar": 0.00340328668244,
        "dvar2": 0.00941543653607,
        "max": 0.914104282856,
        "mean": 0.504245042801,
        "median": 0.521867156029,
        "min": 0.0911113396287,
        "var": 0.0189541075379
    },
    "silence_rate_20dB": {
        "dmean": 0,
        "dmean2": 0,
        "dvar": 0,
        "dvar2": 0,
        "max": 1,
        "mean": 1,
        "median": 1,
        "min": 1,
        "var": 0
    },
    "silence_rate_30dB": {
        "dmean": 0.0179516375065,
        "dmean2": 0.0359056815505,
        "dvar": 0.0176314972341,
        "dvar2": 0.0468051992357,
        "max": 1,
        "mean": 0.974480926991,
        "median": 1,
        "min": 0,
        "var": 0.0248655620962
    },
    "silence_rate_60dB": {
        "dmean": 0.0210328884423,
        "dmean2": 0.0420685969293,
        "dvar": 0.02057868056,
        "dvar2": 0.049007281661,
        "max": 1,
        "mean": 0.276423305273,
        "median": 0,
        "min": 0,
        "var": 0.200031593442
    },
    "spectral_centroid": {
        "dmean": 110.203300476,
        "dmean2": 178.016311646,
        "dvar": 32945.1796875,
        "dvar2": 66493.3046875,
        "max": 11574.9091797,
        "mean": 751.037353516,
        "median": 464.188659668,
        "min": 149.390258789,
        "var": 591942.8125
    },
    "spectral_complexity": {
        "dmean": 1.35454487801,
        "dmean2": 2.28630757332,
        "dvar": 2.01150679588,
        "dvar2": 5.13809156418,
        "max": 41,
        "mean": 9.3180847168,
        "median": 10,
        "min": 0,
        "var": 30.5341701508
    },
    "spectral_decrease": {
        "dmean": 1.94868721159e-09,
        "dmean2": 3.41401018567e-09,
        "dvar": 1.20646236215e-17,
        "dvar2": 3.77707707612e-17,
        "max": 2.10814113542e-18,
        "mean": -6.89235513107e-09,
        "median": -3.70594976928e-09,
        "min": -5.97863092366e-08,
        "var": 6.66978227214e-17
    },
    "spectral_energy": {
        "dmean": 0.00749879516661,
        "dmean2": 0.0131299905479,
        "dvar": 0.000177039080882,
        "dvar2": 0.000554399564862,
        "max": 0.228822752833,
        "mean": 0.0266769770533,
        "median": 0.0144933927804,
        "min": 1.05052163976e-20,
        "var": 0.000986207160167
    },
    "spectral_energyband_high": {
        "dmean": 1.06101460915e-05,
        "dmean2": 1.72154104803e-05,
        "dvar": 3.33889671467e-09,
        "dvar2": 9.01474717097e-09,
        "max": 0.00303163798526,
        "mean": 2.26225092774e-05,
        "median": 5.90250328969e-06,
        "min": 7.25523427224e-21,
        "var": 5.40026645623e-09
    },
    "spectral_energyband_low": {
        "dmean": 0.00361508084461,
        "dmean2": 0.00619490537792,
        "dvar": 0.000104062557511,
        "dvar2": 0.00029741061735,
        "max": 0.212811529636,
        "mean": 0.0124975861982,
        "median": 0.00083607621491,
        "min": 1.02010531906e-22,
        "var": 0.000559456995688
    },
    "spectral_energyband_middle_high": {
        "dmean": 0.000597514561377,
        "dmean2": 0.000954038638156,
        "dvar": 1.57373153797e-06,
        "dvar2": 3.43299939232e-06,
        "max": 0.076713308692,
        "mean": 0.00153605698142,
        "median": 0.000897030928172,
        "min": 1.77803462215e-21,
        "var": 5.83135170018e-06
    },
    "spectral_energyband_middle_low": {
        "dmean": 0.00573810143396,
        "dmean2": 0.0101407682523,
        "dvar": 0.000104266197013,
        "dvar2": 0.000351343653165,
        "max": 0.140598118305,
        "mean": 0.0167786385864,
        "median": 0.0095715560019,
        "min": 2.5009170188e-22,
        "var": 0.00042343424866
    },
    "spectral_entropy": {
        "dmean": 0.16355574131,
        "dmean2": 0.270553678274,
        "dvar": 0.0238328613341,
        "dvar2": 0.0657434463501,
        "max": 9.79438781738,
        "mean": 6.37625408173,
        "median": 6.32714080811,
        "min": 4.50701093674,
        "var": 0.547648906708
    },
    "spectral_flux": {
        "dmean": 0.0145498057827,
        "dmean2": 0.0231507923454,
        "dvar": 0.000498965498991,
        "dvar2": 0.00121620367281,
        "max": 0.337942451239,
        "mean": 0.0503840744495,
        "median": 0.0440094769001,
        "min": 1.02494956966e-10,
        "var": 0.00161201797891
    },
    "spectral_kurtosis": {
        "dmean": 10.9339895248,
        "dmean2": 18.3231182098,
        "dvar": 212.289138794,
        "dvar2": 569.933654785,
        "max": 257.931274414,
        "mean": 33.5837669373,
        "median": 17.3941726685,
        "min": -1.20074152946,
        "var": 1515.1842041
    },
    "spectral_rms": {
        "dmean": 0.000597767531872,
        "dmean2": 0.00103316281457,
        "dvar": 6.61923650114e-07,
        "dvar2": 2.01691455004e-06,
        "max": 0.0149412760511,
        "mean": 0.00410375837237,
        "median": 0.0037603052333,
        "min": 3.20140463618e-12,
        "var": 9.18537898542e-06
    },
    "spectral_rolloff": {
        "dmean": 183.463195801,
        "dmean2": 325.178161621,
        "dvar": 258760.328125,
        "dvar2": 702439.625,
        "max": 19121.484375,
        "mean": 1027.09655762,
        "median": 559.86328125,
        "min": 107.666015625,
        "var": 3881628
    },
    "spectral_skewness": {
        "dmean": 0.673438191414,
        "dmean2": 1.11923933029,
        "dvar": 0.504791676998,
        "dvar2": 1.37731289864,
        "max": 13.2905788422,
        "mean": 3.74908685684,
        "median": 3.01890277863,
        "min": -0.0632392987609,
        "var": 5.56153059006
    },
    "spectral_spread": {
        "dmean": 284990.21875,
        "dmean2": 464429.28125,
        "dvar": 159902416896,
        "dvar2": 303380627456,
        "max": 40268524,
        "mean": 2332126.25,
        "median": 2006546.125,
        "min": 363051.5625,
        "var": 3.04488854323e+12
    },
    "spectral_strongpeak": {
        "dmean": 0.282934427261,
        "dmean2": 0.486312121153,
        "dvar": 0.148609086871,
        "dvar2": 0.385875612497,
        "max": 9.08857059479,
        "mean": 0.736144065857,
        "median": 0.618009924889,
        "min": 0,
        "var": 0.419819504023
    },
    "zerocrossingrate": {
        "dmean": 0.00397856486961,
        "dmean2": 0.00515034003183,
        "dvar": 3.27942179865e-05,
        "dvar2": 5.05739008076e-05,
        "max": 0.51025390625,
        "mean": 0.0374728552997,
        "median": 0.021484375,
        "min": 0.005859375,
        "var": 0.00289282621816
    },
    "barkbands": {
        "dmean": [9.08266372335e-07, 0.00074780016439, 0.00192377727944, 0.00230287387967, 0.00358514953405, 0.000848023686558, 0.000244850845775, 0.000489061931148, 0.000303720938973, 0.000629490066785, 0.000116577750305, 4.07852785429e-05, 0.000135147682158, 1.71606734511e-05, 3.122877024e-05, 2.08375859074e-05, 5.77653045184e-05, 3.04734458041e-05, 1.34555639306e-05, 8.70652547746e-06, 3.25150222125e-06, 2.83849044536e-06, 5.87911586081e-07, 5.05866637468e-07, 3.64450272627e-07, 7.41873691368e-07, 1.94625158656e-07],
        "dmean2": [1.48937238009e-06, 0.00122481095605, 0.00336247310042, 0.00385891715996, 0.00667254673317, 0.00116434309166, 0.000331413320964, 0.00078750733519, 0.000456527370261, 0.00100515712984, 0.000187499143067, 6.49551584502e-05, 0.000229796816711, 2.77950075542e-05, 4.99608540849e-05, 3.39817852364e-05, 9.32473267312e-05, 4.64174954686e-05, 2.27328673645e-05, 1.4331397324e-05, 5.20668345416e-06, 4.68747566629e-06, 9.60497118285e-07, 8.27411383852e-07, 6.01874432959e-07, 1.32457967084e-06, 3.11201830527e-07],
        "dvar": [1.10499413439e-11, 1.02056565083e-05, 3.46626875398e-05, 4.23672026955e-05, 6.62981474306e-05, 3.07833443003e-06, 3.39614160794e-07, 9.61256887422e-07, 2.74090496077e-07, 1.76079208813e-06, 4.8689493326e-08, 7.16921411126e-09, 1.30952372501e-07, 1.60128232896e-09, 8.98167051844e-09, 4.46336256843e-09, 3.11295238475e-08, 6.97914259717e-09, 1.7900454452e-09, 1.39163369717e-09, 1.43822176391e-10, 5.70662683774e-10, 2.92287097303e-11, 3.71100442043e-11, 2.01757482249e-11, 9.48139344814e-10, 2.1356718477e-12],
        "dvar2": [2.88035342105e-11, 3.09749339067e-05, 9.50398243731e-05, 0.00012815046648, 0.000242350550252, 7.03046634953e-06, 6.94856055361e-07, 2.3532159048e-06, 5.53878635401e-07, 3.82541566069e-06, 1.14911777871e-07, 1.77732832896e-08, 3.64216077742e-07, 3.70499142477e-09, 2.03417336309e-08, 1.11380122902e-08, 7.90501317738e-08, 1.41159102185e-08, 4.8126955754e-09, 3.77929332274e-09, 3.64804547681e-10, 1.49445167352e-09, 7.55927404006e-11, 9.69457639166e-11, 5.37060916572e-11, 2.83283529967e-09, 5.77081264719e-12],
        "max": [8.53386809467e-05, 0.09674449265, 0.126340895891, 0.112197779119, 0.115703009069, 0.0616974048316, 0.0268414262682, 0.0257135219872, 0.0198107138276, 0.0766931399703, 0.00923568662256, 0.00369792012498, 0.0083067920059, 0.0025899768807, 0.00662703672424, 0.00299367122352, 0.0057614906691, 0.00305992318317, 0.00169203919359, 0.00169210531749, 0.000599618884735, 0.00121833942831, 0.000296843412798, 0.000495358079206, 0.000364167994121, 0.00265434244648, 5.70727752347e-05],
        "mean": [1.15911529974e-06, 0.0038365481887, 0.0046859132126, 0.00574825145304, 0.00635832548141, 0.00219023996033, 0.000601820938755, 0.000826380681247, 0.000596304016653, 0.000998467556201, 0.000207007760764, 7.05907514202e-05, 0.000194464155356, 3.1217266951e-05, 5.91144598729e-05, 4.07471270591e-05, 0.000108582593384, 6.55545445625e-05, 2.45095870923e-05, 1.70548864844e-05, 6.36767981632e-06, 4.92257504447e-06, 1.02497904209e-06, 8.7896455625e-07, 5.67429310649e-07, 7.01090129951e-07, 2.11766845837e-07],
        "median": [2.74997660199e-08, 6.20628561592e-05, 0.00057640846353, 0.000542115885764, 0.00232237111777, 0.000961158832069, 0.000222979186219, 0.000332941766828, 0.000241106856265, 0.000511008664034, 9.09730733838e-05, 3.3990945667e-05, 2.1206562451e-05, 1.43644228956e-05, 1.05031303974e-05, 3.35320078193e-06, 8.49066600495e-06, 4.63694505015e-06, 3.29306135427e-06, 2.1675705284e-06, 1.59696060109e-06, 3.74989497232e-07, 1.44135810842e-07, 9.25696781451e-08, 6.9729097163e-08, 3.16872288408e-08, 1.36523663485e-08],
        "min": [6.08400074801e-23, 5.69943042562e-23, 1.16950861675e-23, 2.79469496513e-24, 3.23310224384e-23, 6.55221304554e-23, 1.78845890152e-23, 5.43410368658e-23, 5.64958135839e-23, 6.15887185207e-23, 9.73037586049e-23, 1.10270107532e-22, 1.07479900199e-22, 7.57760158696e-23, 1.17233666732e-22, 2.73899296807e-22, 2.05811046004e-22, 1.51939558081e-22, 2.98042328014e-22, 4.8312098609e-22, 5.12255929105e-22, 4.65822339289e-22, 6.63754330924e-22, 6.79549774871e-22, 1.19687571932e-21, 1.67396950518e-21, 2.27495711475e-21],
        "var": [1.45925597994e-11, 0.000129438136355, 9.39797973842e-05, 0.000164757919265, 0.000142013042932, 1.44099058161e-05, 1.50285507061e-06, 2.41141287916e-06, 1.20601578146e-06, 4.54802693639e-06, 1.41921930208e-07, 1.4784352409e-08, 2.00058551059e-07, 3.61023766438e-09, 2.85603185546e-08, 1.04447934746e-08, 6.98082303074e-08, 2.10464268235e-08, 3.56347196195e-09, 3.89793486377e-09, 3.32461197461e-10, 1.04028230474e-09, 3.20319708258e-11, 3.8565650673e-11, 1.68292532687e-11, 4.8191695079e-10, 1.74485924841e-12]
    },
    "erbbands": {
        "dmean": [0.0091760372743, 0.215049222112, 1.44735324383, 6.44166088104, 12.2542591095, 8.8120059967, 5.48671770096, 6.47366905212, 4.10750865936, 6.17352771759, 8.4031419754, 7.28477621078, 18.1429004669, 13.6875209808, 3.84128427505, 2.48071289062, 6.67245340347, 0.960852921009, 1.27809298038, 1.56676852703, 1.15855371952, 2.46902227402, 2.16001939774, 0.864387512207, 0.525016665459, 0.517658531666, 0.17480777204, 0.124617800117, 0.0741124749184, 0.0354125611484, 0.0196169149131, 0.0133136035874, 0.00667239911854, 0.00415615271777, 0.00272044609301, 0.00219033309259, 0.00195055094082, 0.000208226338145, 3.49410365743e-05, 9.77569288807e-06],
        "dmean2": [0.0150966010988, 0.349947273731, 2.50091171265, 11.0823507309, 22.4569892883, 16.1410694122, 7.95942592621, 9.01394081116, 5.4525141716, 9.91266441345, 13.0032167435, 10.6858167648, 29.2499370575, 21.9438323975, 6.17064285278, 4.00488996506, 11.3579473495, 1.56674802303, 2.08626699448, 2.47199702263, 1.85904979706, 3.97353076935, 3.308552742, 1.39280068874, 0.877700448036, 0.851053416729, 0.281646341085, 0.209223389626, 0.122931420803, 0.0545126982033, 0.0322996377945, 0.0214627441019, 0.0109737496823, 0.00683055492118, 0.00440899375826, 0.00376301887445, 0.00357362581417, 0.000335094111506, 5.62517343496e-05, 1.68859278347e-05],
        "dvar": [0.00120084022637, 0.78706663847, 18.2222270966, 321.567993164, 701.737731934, 354.725006104, 122.544036865, 186.323028564, 74.9231185913, 225.145767212, 320.390228271, 192.741851807, 1089.00708008, 1552.28845215, 71.6887969971, 21.5462818146, 324.806640625, 2.88778233528, 10.4830207825, 46.1991729736, 9.14631462097, 59.8357543945, 35.3700408936, 6.25725460052, 3.13494706154, 5.82872962952, 0.347694128752, 0.476196408272, 0.287451863289, 0.10170892626, 0.0387521460652, 0.014697285369, 0.0138792581856, 0.00212402362376, 0.00121387606487, 0.00335122412071, 0.00890524312854, 1.43980123539e-05, 5.85849058155e-08, 4.98984908948e-10],
        "dvar2": [0.00311900489032, 2.38750290871, 48.9273986816, 956.786315918, 2444.68579102, 1308.69970703, 275.267822266, 436.857086182, 151.182800293, 579.475585938, 627.088378906, 379.944274902, 2644.15625, 3279.94287109, 166.7371521, 54.2391433716, 905.41986084, 7.09087371826, 27.7716331482, 97.8054962158, 21.905796051, 147.02104187, 79.0424041748, 15.635389328, 8.52171134949, 15.6878890991, 0.867773115635, 1.32029056549, 0.767295122147, 0.216944739223, 0.0989920049906, 0.0366469547153, 0.036946862936, 0.00536910491064, 0.00328308762982, 0.00996192358434, 0.0266302041709, 4.25602484029e-05, 1.57705684956e-07, 1.42263423264e-09],
        "max": [1.23965549469, 26.6882858276, 83.0615005493, 321.853363037, 422.942657471, 249.856964111, 351.203430176, 480.800018311, 417.394897461, 556.814819336, 713.789367676, 545.342712402, 924.518554688, 2544.74975586, 430.806152344, 168.639648438, 425.536560059, 56.4109535217, 89.0923690796, 550.42364502, 107.900588989, 316.818023682, 163.689819336, 69.3880081177, 74.0540924072, 117.945426941, 29.062046051, 31.0925731659, 32.6617355347, 24.9749908447, 11.1635856628, 5.91383981705, 10.7800006866, 3.38239002228, 2.86715221405, 4.938393116, 8.12021350861, 0.315180122852, 0.01176820416, 0.000812317244709],
        "mean": [0.0552955009043, 1.07570767403, 4.06558465958, 16.6051654816, 24.3783149719, 15.6732597351, 13.5576438904, 16.544084549, 10.5782442093, 11.7532815933, 16.1005535126, 15.4662256241, 26.986246109, 22.2899684906, 7.42831802368, 4.71394300461, 9.6100769043, 2.04774236679, 2.52339148521, 3.15304231644, 2.51882123947, 5.03863954544, 4.9280090332, 1.70645260811, 1.12862205505, 1.0444252491, 0.35377407074, 0.245131656528, 0.136876016855, 0.0628500059247, 0.0330205261707, 0.023515118286, 0.010921953246, 0.00713360169902, 0.00368992239237, 0.00244608498178, 0.0016580595402, 0.000240288442001, 4.75015003758e-05, 3.14623393933e-05],
        "median": [0.000814783270471, 0.0501565337181, 0.655396938324, 1.71474087238, 8.04559993744, 7.01399040222, 6.04552841187, 6.84876155853, 4.86122894287, 4.08621120453, 7.42873001099, 6.17295980453, 13.855260849, 9.36689567566, 3.27680540085, 2.18421792984, 1.15563082695, 0.939622163773, 0.826280474663, 0.348695397377, 0.242277279496, 0.410553216934, 0.441996365786, 0.253228753805, 0.14512488246, 0.136726483703, 0.0922200232744, 0.0466085933149, 0.0166680254042, 0.00616714451462, 0.00430426001549, 0.00230028340593, 0.00146481022239, 0.00102223467547, 0.000360593025107, 0.000162136508152, 6.22046645731e-05, 1.37603728945e-05, 1.17930085253e-05, 1.7185077013e-05],
        "min": [2.79640583562e-21, 8.74428377504e-21, 9.21308677162e-21, 2.05239956651e-20, 1.90490453913e-20, 6.75299459966e-20, 5.80160338311e-19, 4.83371521245e-19, 3.22152081154e-19, 6.86259331664e-19, 1.22316541347e-18, 1.11787380009e-18, 1.41684696216e-18, 2.51555054136e-18, 4.1343231478e-18, 4.96345177069e-18, 5.90624824464e-18, 3.9257255681e-18, 3.72855507498e-18, 1.22723352908e-17, 1.27261745513e-17, 1.1032132645e-17, 7.3098091352e-18, 1.13485284022e-17, 2.11577927984e-17, 2.35408571297e-17, 1.75276742842e-17, 2.21804940923e-17, 1.57812577831e-17, 1.9153625164e-17, 1.82243853531e-17, 1.51126212242e-17, 1.22804582044e-17, 1.12998322795e-17, 8.74708508035e-18, 5.47848585293e-18, 2.98126397958e-18, 1.37896974153e-18, 3.1102417547e-19, 3.30418265037e-20],
        "var": [0.0283311139792, 9.33132362366, 59.0007972717, 1317.73303223, 2180.95532227, 571.104370117, 513.779296875, 883.671813965, 350.846130371, 578.511535645, 1063.37768555, 878.047973633, 1800.92138672, 3981.21948242, 215.676391602, 50.7279014587, 489.020172119, 8.47898197174, 28.5922584534, 147.112792969, 24.8516750336, 142.60736084, 109.101066589, 11.9674959183, 9.6998796463, 16.2444877625, 0.805091321468, 0.828166782856, 0.536917388439, 0.191917672753, 0.0455047301948, 0.0245952829719, 0.0104644158855, 0.00205943849869, 0.000938575307373, 0.00176556641236, 0.00451212795451, 7.91459660832e-06, 4.82857132056e-08, 1.46811585111e-09]
    },
    "gfcc": {
        "mean": [-181.516098022, 160.406616211, -105.51461792, -9.65838623047, -53.1250076294, -16.9655723572, -27.8997001648, -9.76703071594, -32.2564239502, -17.3060112, -20.9551696777, -11.3495931625, -7.00983953476],
        "cov": [[34102.8046875, 6181.42041016, -2289.30078125, 1218.55297852, 829.743164062, -231.404403687, 356.458709717, 421.246734619, 134.423751831, -692.552062988, 302.831695557, -74.12840271, -47.8717956543], [6181.42041016, 3539.9440918, 446.323516846, -763.103088379, -0.092845723033, -23.8713779449, 198.302536011, -241.014404297, 43.6198768616, -343.426452637, 13.5195989609, -340.962341309, 74.1067886353], [-2289.30078125, 446.323516846, 1499.58618164, -344.172912598, -117.62802124, 400.601013184, 106.32775116, -123.259307861, 20.3316822052, 33.4712371826, -74.2799987793, -109.96862793, -35.1074867249], [1218.55297852, -763.103088379, -344.172912598, 1221.8684082, 489.2996521, 75.7389755249, 159.030548096, 313.750793457, 135.679138184, 103.029792786, 125.86882782, 136.724334717, -45.421836853], [829.743164062, -0.092845723033, -117.62802124, 489.2996521, 541.513671875, 126.167381287, 49.2004776001, 203.649108887, 158.781845093, -11.2200679779, 92.367149353, 61.5431137085, -35.8793907166], [-231.404403687, -23.8713779449, 400.601013184, 75.7389755249, 126.167381287, 345.263153076, 69.8419189453, 23.4651756287, 88.6551513672, 30.9783687592, -9.44703578949, 22.3159580231, -37.8922271729], [356.458709717, 198.302536011, 106.32775116, 159.030548096, 49.2004776001, 69.8419189453, 217.550918579, 26.0473194122, 15.6215028763, 30.406244278, 15.5963907242, -41.5619926453, 25.6340332031], [421.246734619, -241.014404297, -123.259307861, 313.750793457, 203.649108887, 23.4651756287, 26.0473194122, 257.534942627, 74.9734420776, 13.9347400665, 67.4870376587, 68.0099945068, -36.4993629456], [134.423751831, 43.6198768616, 20.3316822052, 135.679138184, 158.781845093, 88.6551513672, 15.6215028763, 74.9734420776, 179.919921875, 9.57429885864, 24.6437034607, 47.5252494812, -19.3586597443], [-692.552062988, -343.426452637, 33.4712371826, 103.029792786, -11.2200679779, 30.9783687592, 30.406244278, 13.9347400665, 9.57429885864, 153.016174316, 15.1385288239, 15.8810062408, 13.7549285889], [302.831695557, 13.5195989609, -74.2799987793, 125.86882782, 92.367149353, -9.44703578949, 15.5963907242, 67.4870376587, 24.6437034607, 15.1385288239, 104.01474762, 25.7314376831, -7.19658708572], [-74.12840271, -340.962341309, -109.96862793, 136.724334717, 61.5431137085, 22.3159580231, -41.5619926453, 68.0099945068, 47.5252494812, 15.8810062408, 25.7314376831, 137.974533081, -1.09642875195], [-47.8717956543, 74.1067886353, -35.1074867249, -45.421836853, -35.8793907166, -37.8922271729, 25.6340332031, -36.4993629456, -19.3586597443, 13.7549285889, -7.19658708572, -1.09642875195, 87.3878326416]],
        "icov": [[0.00013104613754, -0.000470656668767, 0.000323458079947, -0.000379494827939, 0.00026733870618, -0.000393513590097, 0.000287433620542, -0.000267246185103, 0.000439900235506, -0.000246919546044, 0.000296383717796, -0.000472085404908, 0.000301606574794], [-0.000470656668767, 0.00246288813651, -0.00127155892551, 0.00181909720413, -0.0012812797213, 0.00163826055359, -0.00183876266237, 0.00136549724266, -0.00238314457238, 0.00245429831557, -0.00203284621239, 0.00300120608881, -0.00166171928868], [0.000323458079947, -0.00127155892551, 0.00209690537304, -0.000711002387106, 0.00105501664802, -0.00264686369337, 0.000593230535742, -0.000729778548703, 0.00117935216986, -0.00100231764372, 0.000859076331835, -0.000539701606613, 0.00101799436379], [-0.000379494827939, 0.00181909720413, -0.000711002387106, 0.00347306020558, -0.0024292957969, 0.00162540830206, -0.00299576693214, 0.000325408764184, -0.00124804873485, 0.000364908628399, -0.00121428677812, 0.000655926007312, 6.54188625049e-05], [0.00026733870618, -0.0012812797213, 0.00105501664802, -0.0024292957969, 0.00554130086675, -0.00279238284566, 0.00205616420135, -0.00214192084968, -0.00101334135979, 0.000663270882796, -0.00098120549228, 0.000332771538524, -0.000444785779109], [-0.000393513590097, 0.00163826055359, -0.00264686369337, 0.00162540830206, -0.00279238284566, 0.00788397248834, -0.00308427657001, 0.00182069151197, -0.00260011898354, 9.80734039331e-05, 0.000492849154398, -0.00093464780366, 0.00155132520013], [0.000287433620542, -0.00183876266237, 0.000593230535742, -0.00299576693214, 0.00205616420135, -0.00308427657001, 0.00934202410281, -0.00189689954277, 0.00128657347523, -0.00191598606762, 0.000434321118519, 0.00205542752519, -0.0029796755407], [-0.000267246185103, 0.00136549724266, -0.000729778548703, 0.000325408764184, -0.00214192084968, 0.00182069151197, -0.00189689954277, 0.00815027952194, -0.00190273509361, 0.00120820221491, -0.00272549269721, -0.000563845504075, 0.00159899436403], [0.000439900235506, -0.00238314457238, 0.00117935216986, -0.00124804873485, -0.00101334135979, -0.00260011898354, 0.00128657347523, -0.00190273509361, 0.0109158428386, -0.00300735933706, 0.00236923829652, -0.00511481799185, 0.00239386712201], [-0.000246919546044, 0.00245429831557, -0.00100231764372, 0.000364908628399, 0.000663270882796, 9.80734039331e-05, -0.00191598606762, 0.00120820221491, -0.00300735933706, 0.0117470156401, -0.00401002448052, 0.00368858175352, -0.00384721392766], [0.000296383717796, -0.00203284621239, 0.000859076331835, -0.00121428677812, -0.00098120549228, 0.000492849154398, 0.000434321118519, -0.00272549269721, 0.00236923829652, -0.00401002448052, 0.0149679034948, -0.00427036080509, 0.00248040840961], [-0.000472085404908, 0.00300120608881, -0.000539701606613, 0.000655926007312, 0.000332771538524, -0.00093464780366, 0.00205542752519, -0.000563845504075, -0.00511481799185, 0.00368858175352, -0.00427036080509, 0.0163190979511, -0.00564724113792], [0.000301606574794, -0.00166171928868, 0.00101799436379, 6.54188625049e-05, -0.000444785779109, 0.00155132520013, -0.0029796755407, 0.00159899436403, 0.00239386712201, -0.00384721392766, 0.00248040840961, -0.00564724113792, 0.0167618375272]]
    },
    "melbands": {
        "dmean": [0.000147851664224, 0.000604062573984, 0.00114537379704, 0.000952944799792, 0.000170994040673, 0.000149389830767, 5.92085525568e-05, 8.11462741694e-05, 6.51493683108e-05, 4.53437241958e-05, 9.03287727851e-05, 5.833562318e-05, 1.47102700794e-05, 5.75365038458e-06, 1.32646237034e-05, 8.96043457033e-06, 1.71486749423e-06, 2.07851917366e-06, 1.86305123862e-06, 2.01649390874e-06, 1.52013785737e-06, 2.39281234826e-06, 3.40397832588e-06, 1.67893313119e-06, 6.70313227147e-07, 5.17639989539e-07, 2.81746110886e-07, 3.52872945086e-07, 1.29962273832e-07, 6.55042313724e-08, 9.8636441237e-08, 5.87898014714e-08, 2.78009011367e-08, 1.48291379176e-08, 1.20518235391e-08, 7.36531102774e-09, 9.87376935768e-09, 4.76169503827e-09, 3.97157640109e-09, 3.67801145096e-09],
        "dmean2": [0.000242724418058, 0.00103199249133, 0.00197251886129, 0.00178274069913, 0.000250395794865, 0.000205738135264, 7.83826326369e-05, 0.000132701708935, 9.9530821899e-05, 6.76244526403e-05, 0.000145396916196, 9.31041213335e-05, 2.38102020376e-05, 9.14323118195e-06, 2.24217783398e-05, 1.52012289618e-05, 2.7813714496e-06, 3.39595089827e-06, 2.95095787806e-06, 3.23420749737e-06, 2.45501837526e-06, 3.86336432712e-06, 5.5212094594e-06, 2.53637949754e-06, 1.11455437946e-06, 8.70787459917e-07, 4.68421177402e-07, 5.81456333748e-07, 2.11556340446e-07, 1.05821257534e-07, 1.67721367461e-07, 9.90598394424e-08, 4.20356762731e-08, 2.34156498635e-08, 1.99966336822e-08, 1.22528760471e-08, 1.59480340045e-08, 7.92554111229e-09, 6.55116805248e-09, 6.12753980889e-09],
        "dvar": [3.66449427247e-07, 3.30596890308e-06, 7.13947247277e-06, 4.77014555145e-06, 1.01968225863e-07, 9.4933305661e-08, 1.58701336517e-08, 3.37814860529e-08, 1.71546243877e-08, 6.36757402361e-09, 2.72929181477e-08, 3.14884189834e-08, 8.87387663351e-10, 1.34749586489e-10, 1.14854614708e-09, 5.50185730308e-10, 1.07233883231e-11, 2.69349438586e-11, 3.77651347694e-11, 6.05235861428e-11, 1.67811094881e-11, 6.38334662906e-11, 1.25969179532e-10, 3.03013759917e-11, 4.80970948832e-12, 2.80849735829e-12, 1.05149547923e-12, 2.85594378008e-12, 1.93255730429e-13, 1.93942396322e-13, 4.39054988113e-13, 2.2476703658e-13, 1.37094911703e-13, 1.06298399716e-14, 1.27178066797e-14, 5.80869911294e-15, 1.01604414173e-14, 1.22058150737e-14, 3.15923278172e-15, 1.53612580182e-15],
        "dvar2": [1.05367166725e-06, 9.0572902991e-06, 2.14135125134e-05, 1.75353143277e-05, 2.31687081964e-07, 2.18761513793e-07, 3.13413579534e-08, 8.99569272406e-08, 3.29045128922e-08, 1.27884209888e-08, 6.60234960037e-08, 6.58150298705e-08, 2.11009165696e-09, 3.16109666221e-10, 3.18396087273e-09, 1.54153911858e-09, 2.52518821825e-11, 6.98947358324e-11, 8.22654097621e-11, 1.35786104583e-10, 3.97822712273e-11, 1.48792228538e-10, 3.37431915742e-10, 5.74272226994e-11, 1.25539448628e-11, 7.67170008076e-12, 2.88456953636e-12, 7.57757138287e-12, 4.8245213163e-13, 4.9359621208e-13, 1.22538882253e-12, 6.16408833698e-13, 2.70653345655e-13, 2.61716663559e-14, 3.28258335227e-14, 1.48199882948e-14, 2.51389688688e-14, 3.27560007384e-14, 8.80909691167e-15, 3.94239372728e-15],
        "max": [0.0186071004719, 0.034629765898, 0.0449242144823, 0.0297792740166, 0.00990760233253, 0.0111142527312, 0.00627510622144, 0.00560136605054, 0.00550252432004, 0.0036967729684, 0.00457729957998, 0.0116296568885, 0.00130416918546, 0.00036883764551, 0.000784701900557, 0.000564529851545, 0.000141823125887, 0.000207403034437, 0.000453386252047, 0.000525944982655, 0.000153870802023, 0.000382232276024, 0.000418926851125, 0.000247182964813, 5.98307997279e-05, 5.98339320277e-05, 4.01247743866e-05, 9.26833090489e-05, 2.59754124272e-05, 2.94759865938e-05, 3.10402137984e-05, 3.14082790283e-05, 3.36910270562e-05, 5.55839869776e-06, 6.22198967903e-06, 3.5152743294e-06, 5.87513113715e-06, 1.05308899947e-05, 4.14647956859e-06, 3.19166701956e-06],
        "mean": [0.000833336671349, 0.00200433144346, 0.00293821468949, 0.0016205458669, 0.000450778781669, 0.000385864637792, 0.000147920916788, 0.000143200086313, 0.000130079613882, 9.13527910598e-05, 0.000132922563353, 9.27454384509e-05, 2.63872516371e-05, 1.09124794108e-05, 1.98379620997e-05, 1.34658248498e-05, 3.12508336719e-06, 3.87373393096e-06, 3.69947656509e-06, 3.88725538869e-06, 2.86233671432e-06, 4.66761048301e-06, 6.61693502479e-06, 3.29937915922e-06, 1.07719688458e-06, 1.01170962807e-06, 5.71514988223e-07, 6.74612522289e-07, 2.28277144743e-07, 1.23113878203e-07, 1.75555598503e-07, 9.8920338587e-08, 4.76205563871e-08, 2.5194630382e-08, 1.94141893672e-08, 1.19025722611e-08, 1.63311266732e-08, 6.96201274408e-09, 6.61720189754e-09, 5.82298786966e-09],
        "median": [9.69323082245e-06, 0.000234350125538, 0.000547167437617, 0.000613032549154, 0.000226664837101, 0.000164663215401, 6.23629675829e-05, 4.99734451296e-05, 5.99003942625e-05, 3.86508181691e-05, 6.57758428133e-05, 3.45255139109e-05, 1.17903309729e-05, 4.86794397148e-06, 3.52301822204e-06, 1.95674715542e-06, 1.44374143929e-06, 1.2880907434e-06, 5.78062326895e-07, 2.69193265012e-07, 2.06613634646e-07, 3.70539794403e-07, 3.9513852812e-07, 1.90889977603e-07, 1.46287874259e-07, 1.03886151237e-07, 6.12092279084e-08, 7.15947621188e-08, 5.52003740495e-08, 2.48958524907e-08, 2.18716635914e-08, 9.30140142685e-09, 3.51190054815e-09, 2.57734544817e-09, 2.54116150344e-09, 1.57380886101e-09, 1.1829195401e-09, 9.98799709606e-10, 8.73256911227e-10, 8.19818657405e-10],
        "min": [2.34577635152e-23, 7.68094141891e-24, 3.11400830741e-24, 2.05687059946e-24, 1.64779900678e-23, 1.06304347567e-23, 4.35575623047e-24, 8.55298612887e-24, 1.08900843793e-23, 7.13851198301e-24, 6.92192469946e-24, 9.40899645206e-24, 1.40465913847e-23, 1.02215886599e-23, 1.56103345799e-23, 9.84553235549e-24, 7.35484604221e-24, 4.97503255145e-24, 1.00421685579e-23, 2.32811659575e-23, 1.35057783248e-23, 1.3427103649e-23, 6.25043367516e-24, 7.63761323369e-24, 9.3647752763e-24, 1.01077449872e-23, 2.10380731056e-23, 1.40217217558e-23, 1.09015007744e-23, 9.95724689258e-24, 1.30921643527e-23, 8.88145992119e-24, 9.65508161144e-24, 1.02545433242e-23, 9.79506182363e-24, 1.07081927761e-23, 8.87142482162e-24, 8.98435499336e-24, 8.17060789316e-24, 9.98848972873e-24],
        "var": [6.25657048658e-06, 1.55415600602e-05, 2.79167143162e-05, 9.03136060515e-06, 4.57503205098e-07, 4.61663432816e-07, 7.62563061585e-08, 7.80487283691e-08, 6.15490023392e-08, 2.88787607161e-08, 4.72212917657e-08, 8.26598238746e-08, 2.50693199533e-09, 3.64729552116e-10, 1.77691972247e-09, 8.60501669919e-10, 2.76571369973e-11, 6.7135519366e-11, 1.2428963414e-10, 1.72580574831e-10, 3.89307718007e-11, 1.45542813912e-10, 2.8373928207e-10, 7.93549115308e-11, 6.71688529449e-12, 7.96469574321e-12, 3.10384292053e-12, 7.45436698479e-12, 3.79958027931e-13, 4.6648709201e-13, 7.09837408037e-13, 3.96635523904e-13, 2.7764002577e-13, 1.5457519501e-14, 1.40928825074e-14, 6.49373912661e-15, 1.78949804736e-14, 8.58270618069e-15, 2.22618130934e-15, 1.4736985207e-15]
    },
    "mfcc": {
        "mean": [-811.960388184, 190.666564941, 0.733667492867, 8.31661987305, -12.0335817337, -10.5662851334, -1.76181066036, -4.67384338379, -4.90432453156, -11.9956026077, -12.1147985458, -10.0993366241, -16.0741577148],
        "cov": [[15888.5585938, 5362.50732422, -1300.10131836, 2041.55932617, 928.652160645, 130.520599365, 571.040344238, 848.560424805, 407.350036621, 50.3523445129, 356.683563232, 449.09564209, 122.618759155], [5362.50732422, 4551.41503906, 676.609375, -254.817718506, -165.467773438, 37.708152771, 125.46207428, 21.158952713, 60.0800743103, -27.5838088989, -110.726631165, -143.455612183, -177.192382812], [-1300.10131836, 676.609375, 1309.13110352, -607.182250977, -310.098571777, 222.222839355, -15.1326856613, -139.093948364, -44.3906784058, 74.7457199097, -86.4101486206, -185.00932312, -73.9031219482], [2041.55932617, -254.817718506, -607.182250977, 975.982971191, 433.9246521, 13.9767532349, 222.119567871, 268.284912109, 149.376495361, 65.7186126709, 189.22088623, 237.30960083, 130.986801147], [928.652160645, -165.467773438, -310.098571777, 433.9246521, 507.680969238, 115.737487793, 93.5439300537, 241.277114868, 124.64743042, 48.2432441711, 152.448303223, 179.875411987, 110.910453796], [130.520599365, 37.708152771, 222.222839355, 13.9767532349, 115.737487793, 299.111999512, 69.8894805908, 59.7324409485, 82.4154052734, 54.6276359558, 47.294467926, 40.4795379639, 49.2756576538], [571.040344238, 125.46207428, -15.1326856613, 222.119567871, 93.5439300537, 69.8894805908, 212.134033203, 79.8428649902, 47.2607688904, 65.4216995239, 50.4434890747, 53.9572677612, 34.8122596741], [848.560424805, 21.158952713, -139.093948364, 268.284912109, 241.277114868, 59.7324409485, 79.8428649902, 252.853912354, 95.9417800903, 29.2713851929, 112.33013916, 97.2115020752, 64.6150665283], [407.350036621, 60.0800743103, -44.3906784058, 149.376495361, 124.64743042, 82.4154052734, 47.2607688904, 95.9417800903, 157.881347656, 39.4974327087, 46.1021461487, 95.3195495605, 43.2597846985], [50.3523445129, -27.5838088989, 74.7457199097, 65.7186126709, 48.2432441711, 54.6276359558, 65.4216995239, 29.2713851929, 39.4974327087, 116.26335144, 49.2157707214, 23.2000465393, 39.3770256042], [356.683563232, -110.726631165, -86.4101486206, 189.22088623, 152.448303223, 47.294467926, 50.4434890747, 112.33013916, 46.1021461487, 49.2157707214, 148.015670776, 84.5814056396, 50.5354499817], [449.09564209, -143.455612183, -185.00932312, 237.30960083, 179.875411987, 40.4795379639, 53.9572677612, 97.2115020752, 95.3195495605, 23.2000465393, 84.5814056396, 190.371078491, 80.164855957], [122.618759155, -177.192382812, -73.9031219482, 130.986801147, 110.910453796, 49.2756576538, 34.8122596741, 64.6150665283, 43.2597846985, 39.3770256042, 50.5354499817, 80.164855957, 115.320396423]],
