{
"lowlevel": {
    "average_loudness": 0.737956166267,
    "barkbands_crest": {
        "dmean": 2.50443530083,
        "dmean2": 3.8670539856,
        "dvar": 6.38431930542,
        "dvar2": 14.6318044662,
        "max": 26.549118042,
        "mean": 15.2099504471,
        "median": 14.8861474991,
        "min": 2.14237308502,
        "var": 39.0351638794
    },
    "barkbands_flatness_db": {
        "dmean": 0.0359476171434,
        "dmean2": 0.0512496754527,
        "dvar": 0.0015075171832,
        "dvar2": 0.00284532713704,
        "max": 0.675333917141,
        "mean": 0.210321336985,
        "median": 0.202231541276,
        "min": 0.0167143940926,
        "var": 0.0100436471403
    },
    "barkbands_kurtosis": {
        "dmean": 22.8580703735,
        "dmean2": 34.2124099731,
        "dvar": 2243.80200195,
        "dvar2": 4679.08984375,
        "max": 982.71307373,
        "mean": 39.7879981995,
        "median": 12.4694595337,
        "min": -1.9503762722,
        "var": 5923.18554688
    },
    "barkbands_skewness": {
        "dmean": 1.34591126442,
        "dmean2": 1.99357414246,
        "dvar": 2.63734817505,
        "dvar2": 5.42860651016,
        "max": 26.214635849,
        "mean": 3.97551465034,
        "median": 3.03572964668,
        "min": -7.63131332397,
        "var": 13.1881561279
    },
    "barkbands_spread": {
        "dmean": 9.50213336945,
        "dmean2": 15.1185913086,
        "dvar": 237.537536621,
        "dvar2": 546.968261719,
        "max": 163.307601929,
        "mean": 18.5815944672,
        "median": 8.82499027252,
        "min": 0.106662325561,
        "var": 497.157653809
    },
    "dissonance": {
        "dmean": 0.021469483152,
        "dmean2": 0.0353503711522,
        "dvar": 0.000468532001833,
        "dvar2": 0.00122704228852,
        "max": 0.500000059605,
        "mean": 0.449756801128,
        "median": 0.459533274174,
        "min": 0.164711117744,
        "var": 0.00159091630485
    },
    "dynamic_complexity": 4.93631696701,
    "erbbands_crest": {
        "dmean": 2.7777364254,
        "dmean2": 4.40250015259,
        "dvar": 6.96818590164,
        "dvar2": 17.0346012115,
        "max": 33.3360977173,
        "mean": 10.0040245056,
        "median": 8.98813915253,
        "min": 2.22555971146,
        "var": 24.3957290649
    },
    "erbbands_flatness_db": {
        "dmean": 0.0232994295657,
        "dmean2": 0.0336338803172,
        "dvar": 0.00061344075948,
        "dvar2": 0.0012254700996,
        "max": 0.475317209959,
        "mean": 0.146089613438,
        "median": 0.132002741098,
        "min": 0.0212721899152,
        "var": 0.00452334992588
    },
    "erbbands_kurtosis": {
        "dmean": 1.96119296551,
        "dmean2": 3.14875054359,
        "dvar": 9.19652366638,
        "dvar2": 22.8392715454,
        "max": 97.1975326538,
        "mean": 1.76707732677,
        "median": 0.438386201859,
        "min": -1.90175282955,
        "var": 19.1372756958
    },
    "erbbands_skewness": {
        "dmean": 0.565022051334,
        "dmean2": 0.883819818497,
        "dvar": 0.338389337063,
        "dvar2": 0.841339826584,
        "max": 6.27871894836,
        "mean": 0.753202676773,
        "median": 0.715544521809,
        "min": -7.5233631134,
        "var": 1.33091723919
    },
    "erbbands_spread": {
        "dmean": 17.9951400757,
        "dmean2": 28.8942871094,
        "dvar": 529.953430176,
        "dvar2": 1376.94812012,
        "max": 198.968444824,
        "mean": 50.2722702026,
        "median": 42.8289299011,
        "min": 1.00253295898,
        "var": 1069.97119141
    },
    "hfc": {
        "dmean": 12.8342542648,
        "dmean2": 20.8730487823,
        "dvar": 606.96307373,
        "dvar2": 1547.42419434,
        "max": 300.5,
        "mean": 19.3225288391,
        "median": 9.47902870178,
        "min": 1.13608241111e-16,
        "var": 850.004089355
    },
    "melbands_crest": {
        "dmean": 3.0996799469,
        "dmean2": 4.88825702667,
        "dvar": 10.7480792999,
        "dvar2": 26.6171970367,
        "max": 39.5587158203,
        "mean": 20.7971420288,
        "median": 20.5072803497,
        "min": 2.41302871704,
        "var": 63.0080833435
    },
    "melbands_flatness_db": {
        "dmean": 0.0423862636089,
        "dmean2": 0.0603097453713,
        "dvar": 0.00208301050588,
        "dvar2": 0.00394144840539,
        "max": 0.864319980145,
        "mean": 0.301951885223,
        "median": 0.301050513983,
        "min": 0.00582984555513,
        "var": 0.0163221172988
    },
    "melbands_kurtosis": {
        "dmean": 40.8045845032,
        "dmean2": 62.8196678162,
        "dvar": 6545.67578125,
        "dvar2": 15096.8300781,
        "max": 1725.40563965,
        "mean": 79.5301361084,
        "median": 28.7576141357,
        "min": -1.84642064571,
        "var": 17381.8027344
    },
    "melbands_skewness": {
        "dmean": 1.60224425793,
        "dmean2": 2.48668003082,
        "dvar": 3.95650529861,
        "dvar2": 9.56115722656,
        "max": 34.8263435364,
        "mean": 5.44936132431,
        "median": 4.28149843216,
        "min": -5.89446544647,
        "var": 17.2556800842
    },
    "melbands_spread": {
        "dmean": 8.13599014282,
        "dmean2": 13.3906116486,
        "dvar": 343.069244385,
        "dvar2": 895.463256836,
        "max": 236.88041687,
        "mean": 15.8546514511,
        "median": 6.01986932755,
        "min": 0.179558083415,
        "var": 662.354431152
    },
    "pitch_salience": {
        "dmean": 0.0833759829402,
        "dmean2": 0.127850532532,
        "dvar": 0.00689989281818,
        "dvar2": 0.015850706026,
        "max": 0.898178458214,
        "mean": 0.405666291714,
        "median": 0.422562628984,
        "min": 0.0174462534487,
        "var": 0.0337298810482
    },
    "silence_rate_20dB": {
        "dmean": 0.0104166669771,
        "dmean2": 0.020835172385,
        "dvar": 0.0103071155027,
        "dvar2": 0.025872528553,
        "max": 1,
        "mean": 0.98658311367,
        "median": 1,
        "min": 0,
        "var": 0.0132377194241
    },
    "silence_rate_30dB": {
        "dmean": 0.0621468909085,
        "dmean2": 0.124304756522,
        "dvar": 0.0582849495113,
        "dvar2": 0.116806417704,
        "max": 1,
        "mean": 0.788772165775,
        "median": 1,
        "min": 0,
        "var": 0.166631281376
    },
    "silence_rate_60dB": {
        "dmean": 0.0444915257394,
        "dmean2": 0.0889909043908,
        "dvar": 0.042514577508,
        "dvar2": 0.0936199352145,
        "max": 1,
        "mean": 0.146438345313,
        "median": 0,
        "min": 0,
        "var": 0.124997191131
    },
    "spectral_centroid": {
        "dmean": 282.674713135,
        "dmean2": 442.748077393,
        "dvar": 178208.140625,
        "dvar2": 405864.8125,
        "max": 11405.8945312,
        "mean": 1003.44506836,
        "median": 627.656311035,
        "min": 95.965461731,
        "var": 798371.5625
    },
    "spectral_complexity": {
        "dmean": 2.87888407707,
        "dmean2": 4.52211523056,
        "dvar": 16.9469146729,
        "dvar2": 33.8357315063,
        "max": 66,
        "mean": 10.4645595551,
        "median": 7,
        "min": 0,
        "var": 87.4039764404
    },
    "spectral_decrease": {
        "dmean": 6.50968967619e-09,
        "dmean2": 9.28691257229e-09,
        "dvar": 1.51346947043e-16,
        "dvar2": 3.55837747048e-16,
        "max": 2.50142045966e-10,
        "mean": -1.65327911361e-08,
        "median": -5.49979928266e-09,
        "min": -1.34233616222e-07,
        "var": 5.32024252907e-16
    },
    "spectral_energy": {
        "dmean": 0.0251172203571,
        "dmean2": 0.0360690802336,
        "dvar": 0.00219196709804,
        "dvar2": 0.00514609646052,
        "max": 0.510470807552,
        "mean": 0.0641510859132,
        "median": 0.0228870734572,
        "min": 1.04697122548e-20,
        "var": 0.00772580690682
    },
    "spectral_energyband_high": {
        "dmean": 0.000996367423795,
        "dmean2": 0.00165027705953,
        "dvar": 4.86081398776e-06,
        "dvar2": 1.22858000395e-05,
        "max": 0.03541559726,
        "mean": 0.00114395585842,
        "median": 0.000181644965778,
        "min": 7.64258502008e-21,
        "var": 7.32090120437e-06
    },
    "spectral_energyband_low": {
        "dmean": 0.0238644368947,
        "dmean2": 0.0345302410424,
        "dvar": 0.00222980650142,
        "dvar2": 0.00538628222421,
        "max": 0.506758093834,
        "mean": 0.0553145296872,
        "median": 0.0122324768454,
        "min": 5.95069461462e-23,
        "var": 0.00716511253268
    },
    "spectral_energyband_middle_high": {
        "dmean": 0.000779965950642,
        "dmean2": 0.00129467854276,
        "dvar": 3.77629135073e-06,
        "dvar2": 9.49462446442e-06,
        "max": 0.0557405687869,
        "mean": 0.00130986282602,
        "median": 0.000458925351268,
        "min": 1.44405600697e-21,
        "var": 6.09663720752e-06
    },
    "spectral_energyband_middle_low": {
        "dmean": 0.00481095863506,
        "dmean2": 0.00778164155781,
        "dvar": 0.000163051299751,
        "dvar2": 0.000416691531427,
        "max": 0.161960676312,
        "mean": 0.00761436996982,
        "median": 0.00414610514417,
        "min": 4.26780212073e-22,
        "var": 0.000166395868291
    },
    "spectral_entropy": {
        "dmean": 0.333098620176,
        "dmean2": 0.497580051422,
        "dvar": 0.144964754581,
        "dvar2": 0.300799429417,
        "max": 9.80350589752,
        "mean": 7.26290512085,
        "median": 7.29245042801,
        "min": 4.06026792526,
        "var": 0.600163459778
    },
    "spectral_flux": {
        "dmean": 0.0352669209242,
        "dmean2": 0.0555216893554,
        "dvar": 0.00302829383872,
        "dvar2": 0.00664420099929,
        "max": 0.524284899235,
        "mean": 0.0851830467582,
        "median": 0.0547835342586,
        "min": 1.02321609519e-10,
        "var": 0.00720258289948
    },
    "spectral_kurtosis": {
        "dmean": 3.53524374962,
        "dmean2": 5.61593484879,
        "dvar": 69.8771362305,
        "dvar2": 184.146224976,
        "max": 456.566192627,
        "mean": 8.12530899048,
        "median": 5.1170463562,
        "min": -1.30257213116,
        "var": 332.152160645
    },
    "spectral_rms": {
        "dmean": 0.00127977982629,
        "dmean2": 0.00179314462002,
        "dvar": 3.63887829735e-06,
        "dvar2": 7.2972156886e-06,
        "max": 0.0223163682967,
        "mean": 0.0062382882461,
        "median": 0.00472534121946,
        "min": 3.19599013053e-12,
        "var": 2.36702544498e-05
    },
    "spectral_rolloff": {
        "dmean": 1018.47131348,
        "dmean2": 1780.87963867,
        "dvar": 6353631.5,
        "dvar2": 15000946,
        "max": 19961.2792969,
        "mean": 1578.44799805,
        "median": 366.064453125,
        "min": 21.533203125,
        "var": 9528999
    },
    "spectral_skewness": {
        "dmean": 0.420382320881,
        "dmean2": 0.649376273155,
        "dvar": 0.259918868542,
        "dvar2": 0.599761724472,
        "max": 18.8048381805,
        "mean": 2.02107930183,
        "median": 1.87304329872,
        "min": -0.0834687948227,
        "var": 1.1971937418
    },
    "spectral_spread": {
        "dmean": 1483940.875,
        "dmean2": 2254186.5,
        "dvar": 4.12758494413e+12,
        "dvar2": 9.22457053594e+12,
        "max": 39750472,
        "mean": 5884802.5,
        "median": 5055301,
        "min": 231334.046875,
        "var": 1.02483833651e+13
    },
    "spectral_strongpeak": {
        "dmean": 0.261277854443,
        "dmean2": 0.419020056725,
        "dvar": 0.330957084894,
        "dvar2": 0.939802646637,
        "max": 12.4726495743,
        "mean": 0.690227389336,
        "median": 0.551314592361,
        "min": 0,
        "var": 0.404425024986
    },
    "zerocrossingrate": {
        "dmean": 0.0188021901995,
        "dmean2": 0.0225983653218,
        "dvar": 0.000738597882446,
        "dvar2": 0.00102874729782,
        "max": 0.708984375,
        "mean": 0.0597953386605,
        "median": 0.03369140625,
        "min": 0,
        "var": 0.00435806531459
    },
    "barkbands": {
        "dmean": [0.00107224564999, 0.0165933668613, 0.00841416511685, 0.00174957921263, 0.00159827037714, 0.00161707622465, 0.000531977042556, 0.00024856091477, 0.000212132727029, 0.0002103386214, 0.000157136513735, 0.000100189849036, 9.07891735551e-05, 9.77291638264e-05, 8.46634284244e-05, 8.0491976405e-05, 8.56090046e-05, 6.80981611367e-05, 6.6100328695e-05, 7.09956002538e-05, 7.3794137279e-05, 6.65191109874e-05, 0.000133943598485, 0.000269599899184, 0.000277065904811, 0.000156293186592, 0.000105384548078],
        "dmean2": [0.00157709792256, 0.0222620256245, 0.0144965564832, 0.00301566440612, 0.00266666756943, 0.0026683001779, 0.000748095219024, 0.000423216959462, 0.000364097009879, 0.000371375354007, 0.000273141689831, 0.000170401661308, 0.000158485810971, 0.000168899612618, 0.000142165474244, 0.000135289621539, 0.000140698699397, 0.000108284111775, 0.000106584273453, 0.000109575572424, 0.000111267676402, 0.000101718236692, 0.000227737735258, 0.00049772800412, 0.000503171933815, 0.000237933680182, 0.000175031280378],
        "dvar": [6.75720320942e-06, 0.0011781816138, 0.000590419687796, 1.65048186318e-05, 3.04610839521e-05, 3.84969571314e-05, 1.17808610867e-06, 6.23717596682e-07, 5.69744827317e-07, 5.19655031894e-07, 2.52059749073e-07, 6.42577901999e-08, 5.9184596779e-08, 4.88085305506e-08, 5.18235161451e-08, 4.31745732499e-08, 4.94168510556e-08, 3.80690465818e-08, 4.83589239764e-08, 8.64097842168e-08, 8.44673451184e-08, 7.14540604463e-08, 1.30448512436e-07, 3.11761453986e-07, 8.68676920618e-07, 1.4127353154e-07, 1.01700138089e-07],
        "dvar2": [1.65961937455e-05, 0.00247240276076, 0.00178064976353, 4.67405079689e-05, 8.27296898933e-05, 0.000104515449493, 2.84881571133e-06, 1.7515332047e-06, 1.64823222804e-06, 1.50768210005e-06, 7.17875309419e-07, 1.76142378905e-07, 1.64424974969e-07, 1.33032017402e-07, 1.25976626464e-07, 1.12257126261e-07, 1.19531790688e-07, 8.17105316742e-08, 9.98272327024e-08, 1.82464233944e-07, 1.36477169121e-07, 1.21649691209e-07, 3.30349507749e-07, 9.10329390535e-07, 2.45497153628e-06, 3.31187408165e-07, 2.59765130295e-07],
        "max": [0.0547314211726, 0.455851972103, 0.364356696606, 0.0554568357766, 0.105504490435, 0.111459299922, 0.0238348655403, 0.0129656903446, 0.0140113690868, 0.00927437469363, 0.00669596390799, 0.0116436574608, 0.0121241109446, 0.00507359439507, 0.00711330445483, 0.00746340770274, 0.00864663161337, 0.0062546771951, 0.00654541701078, 0.00867492891848, 0.00973930209875, 0.00948177557439, 0.00626654317603, 0.00513469101861, 0.00854956451803, 0.00522757461295, 0.00547997746617],
        "mean": [0.00217005820014, 0.0402233600616, 0.0117318332195, 0.00199664803222, 0.00201930687763, 0.00187184975948, 0.00117193360347, 0.000252805330092, 0.000221738620894, 0.000197942412342, 0.00016147873248, 0.000119181153423, 0.000103218517324, 0.000112917135993, 0.000110727763968, 0.000120983262605, 0.0001329996594, 0.000116321520181, 0.000117902374768, 0.000117843417684, 0.000137930255732, 0.00011995613022, 0.000139521755045, 0.000219854598981, 0.000206037424505, 0.000156845460879, 9.96867674985e-05],
        "median": [3.83719088859e-05, 0.00445002363995, 0.000601092993747, 0.000672836846206, 0.000742554548196, 0.000436107686255, 0.000437230890384, 5.32551312062e-05, 6.83380785631e-05, 5.18195956829e-05, 5.191519449e-05, 4.97227738379e-05, 3.4784527088e-05, 2.91195974569e-05, 2.43894573941e-05, 2.33920309256e-05, 2.1640173145e-05, 1.76679077413e-05, 1.38203795359e-05, 1.30727203214e-05, 1.18245989142e-05, 1.017240902e-05, 1.43454399222e-05, 1.04208211269e-05, 1.07332343759e-05, 1.45689991768e-05, 7.05034608472e-06],
        "min": [9.05923051504e-24, 4.28639027112e-23, 3.90424498605e-24, 2.19888461339e-23, 7.10287329835e-23, 1.26794408468e-22, 4.52055164015e-23, 7.16385540177e-23, 4.12882918926e-23, 7.49594312367e-23, 1.32021350339e-22, 4.60380202475e-23, 1.07339899477e-22, 1.1977552803e-22, 9.93610005607e-23, 1.29057442146e-22, 2.25802535769e-22, 1.33304479933e-22, 2.66675754296e-22, 3.50339312678e-22, 5.84695322092e-22, 5.44288932515e-22, 5.87125468064e-22, 1.02700935397e-21, 9.2783734555e-22, 1.56857324537e-21, 2.3329134759e-21],
        "var": [2.33086066146e-05, 0.00477596279234, 0.000884806562681, 1.54711942741e-05, 2.71185035672e-05, 3.12885749736e-05, 3.19152218253e-06, 4.85899818159e-07, 3.85508599265e-07, 3.39008494166e-07, 1.78363436021e-07, 6.3566680808e-08, 5.62154163219e-08, 5.67162103948e-08, 7.6314407238e-08, 7.72684600747e-08, 1.10960549193e-07, 1.07908157077e-07, 1.50864295279e-07, 2.05965662303e-07, 3.08186770326e-07, 2.38224302507e-07, 1.72992187686e-07, 2.6183553814e-07, 5.52804294784e-07, 1.59596169169e-07, 9.65260511521e-08]
    },
    "erbbands": {
        "dmean": [0.515293121338, 3.73499774933, 10.1255025864, 7.04865312576, 3.73427009583, 5.74012327194, 10.4472665787, 14.4277839661, 9.78592586517, 5.61622619629, 5.65866851807, 5.0143532753, 6.20615673065, 6.81244134903, 4.76361131668, 4.11504173279, 3.95788097382, 5.03343582153, 4.19152450562, 3.90072584152, 4.3714966774, 4.70228338242, 3.66644835472, 3.72728586197, 3.16393518448, 3.34479904175, 3.08203125, 3.12174797058, 2.40274143219, 2.41650676727, 4.04394340515, 4.93068122864, 4.51088571548, 4.18711709976, 1.27191495895, 0.616679728031, 0.285522967577, 0.0840012431145, 0.0139515949413, 0.00166670593899],
        "dmean2": [0.632070958614, 5.34764575958, 17.116563797, 12.1136360168, 6.17828130722, 9.71474933624, 17.4465808868, 24.3911170959, 14.2393522263, 8.51733970642, 9.58819389343, 8.62808895111, 10.7998199463, 12.063580513, 8.24605846405, 7.04402589798, 6.82538175583, 8.79990673065, 7.15639877319, 6.42639970779, 7.23327541351, 7.64508342743, 5.8110909462, 5.94693946838, 5.03782701492, 5.14548110962, 4.56620883942, 4.76751756668, 3.71871542931, 3.77741193771, 6.90884876251, 8.91767978668, 8.32145023346, 7.74659013748, 2.22557353973, 0.935279428959, 0.442591935396, 0.136865675449, 0.0232408810407, 0.00275995861739],
        "dvar": [1.2592484951, 71.1080474854, 778.522094727, 293.527130127, 68.1615524292, 372.293121338, 1683.81689453, 4354.70996094, 563.409729004, 180.390182495, 284.808197021, 321.672973633, 391.877563477, 615.247070312, 215.778961182, 113.93372345, 91.4851455688, 154.803237915, 94.9852676392, 89.1226425171, 135.122741699, 146.730010986, 108.484786987, 142.306976318, 120.319717407, 213.360916138, 146.164169312, 177.515823364, 118.290962219, 54.9255943298, 115.590568542, 82.7872161865, 130.273452759, 206.080581665, 14.5346431732, 2.4076731205, 0.543574333191, 0.0505735091865, 0.00122340151574, 4.36331793026e-05],
        "dvar2": [2.10864305496, 164.433181763, 2308.49633789, 822.896606445, 182.926757812, 1032.49389648, 4607.68652344, 12023.2324219, 1443.25268555, 462.893920898, 785.749389648, 928.363830566, 1119.85949707, 1785.33361816, 607.120178223, 315.149414062, 250.800384521, 427.856109619, 245.173568726, 211.5390625, 333.51272583, 348.54586792, 240.658981323, 287.245361328, 242.191711426, 427.455993652, 256.281616211, 355.162811279, 236.106689453, 105.562271118, 290.147369385, 235.797515869, 372.880767822, 586.045288086, 40.2209320068, 5.8175983429, 1.27396500111, 0.123342715204, 0.00307428487577, 0.000113223570224],
        "max": [21.491891861, 123.957862854, 366.870178223, 220.90512085, 177.105834961, 364.199127197, 657.854492188, 1321.19458008, 483.183959961, 255.148971558, 253.454864502, 327.375579834, 276.465454102, 341.960266113, 236.998535156, 516.92401123, 386.250762939, 400.832794189, 234.695541382, 267.499755859, 398.134490967, 466.347869873, 336.889129639, 358.927032471, 337.261474609, 465.634460449, 428.269989014, 476.996673584, 374.524597168, 252.414672852, 204.805053711, 109.757858276, 107.485229492, 130.262451172, 39.0594558716, 33.1286392212, 12.9721412659, 3.48523306847, 0.380286455154, 0.127722710371],
        "mean": [1.3768351078, 8.02512836456, 15.0623369217, 9.57674217224, 5.52780246735, 7.14420318604, 11.3782758713, 15.1195478439, 18.950088501, 10.1525945663, 6.18769359589, 5.16311311722, 6.30605554581, 6.50966978073, 5.11628866196, 4.98835802078, 4.81482315063, 5.72600984573, 5.63463354111, 5.99351215363, 7.03730535507, 7.54377746582, 6.43555450439, 6.2967300415, 5.6605348587, 5.68149375916, 5.64607334137, 5.33550834656, 4.20519256592, 3.74448823929, 4.05395364761, 4.47635507584, 3.50316214561, 2.91746640205, 1.085983634, 0.645545601845, 0.278832554817, 0.0749188736081, 0.012553437613, 0.00165491842199],
        "median": [0.0985561385751, 1.03816282749, 1.04274523258, 2.39736938477, 2.87162637711, 2.16208171844, 2.75198364258, 3.41364502907, 6.36606693268, 3.10244178772, 1.87133443356, 1.53705477715, 1.84547293186, 1.86793708801, 1.50872039795, 2.15119504929, 1.92380261421, 1.64695596695, 1.42265343666, 1.6175621748, 1.42302823067, 1.20645880699, 1.03556036949, 0.862749814987, 0.644362151623, 0.582492947578, 0.504097282887, 0.473077118397, 0.358736842871, 0.325769782066, 0.446752607822, 0.283643722534, 0.160841926932, 0.12103189528, 0.0855340659618, 0.0597940608859, 0.0243379008025, 0.00732984300703, 0.00106331263669, 0.000160020354087],
        "min": [2.17275648629e-21, 6.12159010898e-21, 5.69747384863e-21, 3.6754290641e-20, 1.82546198385e-19, 2.59798844689e-19, 3.14831636131e-19, 1.26330125076e-18, 5.84562386735e-19, 1.58587304853e-18, 1.0212440085e-18, 8.17417451482e-19, 2.90234722683e-18, 2.30186807565e-18, 5.19772214147e-18, 1.86421177663e-18, 4.76372570307e-18, 5.7974222953e-18, 5.53565271865e-18, 7.66572923635e-18, 5.89461849882e-18, 1.18878394082e-17, 8.4440193388e-18, 1.48422191907e-17, 9.59839124265e-18, 2.01102959384e-17, 2.09573801708e-17, 2.40577771838e-17, 2.01642214969e-17, 1.88810608804e-17, 1.54680326093e-17, 1.71958557446e-17, 1.85212670924e-17, 1.01114822776e-17, 7.10470473924e-18, 4.83098872176e-18, 3.15566343121e-18, 1.28508081289e-18, 3.02340200755e-19, 3.7585484372e-20],
        "var": [7.50715732574, 216.758605957, 1246.98681641, 365.014465332, 88.6091995239, 338.370941162, 1348.85986328, 3191.93823242, 1021.706604, 365.08190918, 234.481842041, 213.65776062, 287.624053955, 385.299926758, 164.670166016, 112.510360718, 94.5456161499, 156.290893555, 138.768585205, 165.558029175, 277.59387207, 343.997283936, 292.739685059, 396.473388672, 394.25881958, 519.307434082, 529.61126709, 461.643707275, 331.945709229, 172.052337646, 149.802337646, 91.9300689697, 91.829788208, 125.713973999, 10.5689811707, 2.55179929733, 0.604526638985, 0.0502751618624, 0.00117748649791, 3.92992915295e-05]
    },
    "gfcc": {
        "mean": [-56.6145172119, 78.6202087402, -73.3435211182, 20.8566417694, -42.1572799683, 5.47277402878, -34.4728507996, 0.713748514652, -18.8775882721, 0.713646411896, -11.1730146408, 0.9920976758, -11.7862329483],
        "cov": [[16782.8183594, -1834.66491699, 1903.18322754, 1141.6027832, 544.478271484, 1208.30187988, 145.865020752, 1059.11206055, 375.599304199, 764.688842773, -222.855926514, 295.404937744, -70.6938934326], [-1834.66491699, 3574.42236328, -164.839019775, 45.1426773071, 186.490615845, -265.677978516, 342.059173584, -224.466079712, 144.803527832, -178.232833862, 133.627914429, -167.038803101, 79.9055099487], [1903.18322754, -164.839019775, 2303.40087891, 374.02532959, 539.946838379, 631.093322754, 250.591690063, 399.874908447, 214.905303955, 261.411956787, 160.965454102, 167.480255127, 24.4513626099], [1141.6027832, 45.1426773071, 374.02532959, 748.812927246, 371.34197998, 295.938934326, 286.058288574, 191.326278687, 168.454971313, 133.4347229, 50.7980499268, 81.8361663818, 70.4549484253], [544.478271484, 186.490615845, 539.946838379, 371.34197998, 686.42779541, 304.951019287, 331.071472168, 193.74256897, 204.603302002, 135.014282227, 108.070480347, 103.904624939, 87.8916168213], [1208.30187988, -265.677978516, 631.093322754, 295.938934326, 304.951019287, 492.319244385, 191.976318359, 256.705413818, 136.413986206, 148.308288574, 76.8843688965, 86.2032165527, 51.0450172424], [145.865020752, 342.059173584, 250.591690063, 286.058288574, 331.071472168, 191.976318359, 404.791015625, 138.22454834, 186.963668823, 84.2093963623, 82.1333999634, 77.9575805664, 81.5403060913], [1059.11206055, -224.466079712, 399.874908447, 191.326278687, 193.74256897, 256.705413818, 138.22454834, 306.501831055, 112.139022827, 143.308288574, 33.9723510742, 78.3696746826, 24.5231056213], [375.599304199, 144.803527832, 214.905303955, 168.454971313, 204.603302002, 136.413986206, 186.963668823, 112.139022827, 233.705612183, 90.4336242676, 90.2334899902, 50.8475189209, 55.7146720886], [764.688842773, -178.232833862, 261.411956787, 133.4347229, 135.014282227, 148.308288574, 84.2093963623, 143.308288574, 90.4336242676, 202.109024048, 49.2556724548, 93.5846557617, 21.7469329834], [-222.855926514, 133.627914429, 160.965454102, 50.7980499268, 108.070480347, 76.8843688965, 82.1333999634, 33.9723510742, 90.2334899902, 49.2556724548, 173.561477661, 48.0774459839, 62.4695167542], [295.404937744, -167.038803101, 167.480255127, 81.8361663818, 103.904624939, 86.2032165527, 77.9575805664, 78.3696746826, 50.8475189209, 93.5846557617, 48.0774459839, 152.546020508, 42.6047134399], [-70.6938934326, 79.9055099487, 24.4513626099, 70.4549484253, 87.8916168213, 51.0450172424, 81.5403060913, 24.5231056213, 55.7146720886, 21.7469329834, 62.4695167542, 42.6047134399, 122.689025879]],
        "icov": [[9.88782267086e-05, -3.60647277375e-07, -1.86067154573e-05, -9.09977243282e-05, 3.57952958439e-05, -0.000122463781736, 0.000161682197358, -0.000144324178109, -0.000127727413201, -0.000193273677723, 0.000274085236015, -1.66502213688e-05, 1.83604879567e-05], [-3.60647277375e-07, 0.000428041967098, -6.95027847541e-05, -2.94889241559e-06, -6.56000702293e-05, 0.000399495358579, -0.000551817473024, 0.000212902159547, -7.68554673414e-05, 0.00014222432219, -0.000313399475999, 0.000603583466727, -9.88023748505e-05], [-1.86067154573e-05, -6.95027847541e-05, 0.000764663796872, 6.65767583996e-05, -0.000281887390884, -0.000736549089197, 0.000229689030675, -0.00024249132548, 3.53984105459e-05, -5.97105718043e-05, -0.000367613160051, -0.000309230934363, 0.00053718406707], [-9.09977243282e-05, -2.94889241559e-06, 6.65767583996e-05, 0.00230208435096, -0.000516867265105, -0.000568018353079, -0.000908466521651, 0.000118169853522, -9.41643374972e-05, -0.000269348238362, 0.000338028388796, 0.000121775032312, -0.000322911888361], [3.57952958439e-05, -6.56000702293e-05, -0.000281887390884, -0.000516867265105, 0.00310488138348, -0.000590534473304, -0.00127173494548, 8.06494790595e-06, -0.000512077705935, -0.000192348757992, -4.12964145653e-05, -0.000296428828733, -0.000328035501298], [-0.000122463781736, 0.000399495358579, -0.000736549089197, -0.000568018353079, -0.000590534473304, 0.00561423134059, -0.000896204495803, -0.00210925587453, 0.000388301559724, 1.21788516481e-05, -0.00112068047747, 0.000970557157416, -0.000698221323546], [0.000161682197358, -0.000551817473024, 0.000229689030675, -0.000908466521651, -0.00127173494548, -0.000896204495803, 0.00657747872174, -0.000983959296718, -0.00262286118232, 0.00046771223424, 0.000911601353437, -0.00165790948085, -0.00074266892625], [-0.000144324178109, 0.000212902159547, -0.00024249132548, 0.000118169853522, 8.06494790595e-06, -0.00210925587453, -0.000983959296718, 0.00768994865939, -0.000883519998752, -0.00227839662693, 0.000811677891761, -0.000164266879437, 0.000196141132619], [-0.000127727413201, -7.68554673414e-05, 3.53984105459e-05, -9.41643374972e-05, -0.000512077705935, 0.000388301559724, -0.00262286118232, -0.000883519998752, 0.00889423210174, -0.00154216506053, -0.00284778373316, 0.00113410747144, -0.000560914340895], [-0.000193273677723, 0.00014222432219, -5.97105718043e-05, -0.000269348238362, -0.000192348757992, 1.21788516481e-05, 0.00046771223424, -0.00227839662693, -0.00154216506053, 0.0103029916063, -0.00133837736212, -0.0039113946259, 0.00115367840044], [0.000274085236015, -0.000313399475999, -0.000367613160051, 0.000338028388796, -4.12964145653e-05, -0.00112068047747, 0.000911601353437, 0.000811677891761, -0.00284778373316, -0.00133837736212, 0.00986379571259, -0.00135946599767, -0.00305087561719], [-1.66502213688e-05, 0.000603583466727, -0.000309230934363, 0.000121775032312, -0.000296428828733, 0.000970557157416, -0.00165790948085, -0.000164266879437, 0.00113410747144, -0.0039113946259, -0.00135946599767, 0.0112579530105, -0.00250667263754], [1.83604879567e-05, -9.88023748505e-05, 0.00053718406707, -0.000322911888361, -0.000328035501298, -0.000698221323546, -0.00074266892625, 0.000196141132619, -0.000560914340895, 0.00115367840044, -0.00305087561719, -0.00250667263754, 0.011757966131]]
    },
    "melbands": {
        "dmean": [0.00444886367768, 0.00510775111616, 0.00110927049536, 0.000318984675687, 0.000340252328897, 0.000313434866257, 0.000142293065437, 5.84019035159e-05, 4.45317673439e-05, 3.17212798109e-05, 3.13000782626e-05, 2.76900664176e-05, 1.82700296136e-05, 1.06061615952e-05, 1.04982709672e-05, 9.426806173e-06, 9.89359341474e-06, 6.68554321237e-06, 7.10946278559e-06, 5.47318268218e-06, 5.31980185769e-06, 5.50293952983e-06, 3.91918820242e-06, 3.11431972477e-06, 3.2614364045e-06, 2.46849754149e-06, 2.40346480496e-06, 2.31334706768e-06, 2.08184201256e-06, 1.71361023149e-06, 1.93096093426e-06, 1.43787428897e-06, 1.32536740693e-06, 1.35610093821e-06, 2.05325522984e-06, 2.72906140708e-06, 4.09932499679e-06, 3.19565515383e-06, 3.49991250914e-06, 3.56836267201e-06],
        "dmean2": [0.00570070371032, 0.00818538945168, 0.00189413293265, 0.000539817789104, 0.000565115828067, 0.000520976085681, 0.000206496901228, 9.0472305601e-05, 7.50208710087e-05, 5.48016323592e-05, 5.45002731087e-05, 4.9175672757e-05, 3.18011661875e-05, 1.81593713933e-05, 1.81121686182e-05, 1.64808734553e-05, 1.72814416146e-05, 1.14477861644e-05, 1.19136802823e-05, 9.06913101062e-06, 9.02765077626e-06, 9.1117926786e-06, 6.26013388683e-06, 5.12462520419e-06, 5.23036896993e-06, 4.13870247939e-06, 3.78134996026e-06, 3.60626063411e-06, 3.10261634695e-06, 2.56889643424e-06, 3.00395709019e-06, 2.26470729103e-06, 2.03683589461e-06, 2.20402489504e-06, 3.48926369043e-06, 4.80168455397e-06, 7.60567445468e-06, 5.92300966673e-06, 6.42993063593e-06, 6.62872707835e-06],
        "dvar": [8.19722990855e-05, 0.000156280730153, 7.07341996531e-06, 8.37984430291e-07, 1.76890421244e-06, 1.77890433406e-06, 1.16759892421e-07, 2.18073630265e-08, 1.4930542136e-08, 1.3632312168e-08, 9.91652004956e-09, 1.08367501639e-08, 3.70795238958e-09, 8.32161062281e-10, 6.90302037754e-10, 7.13819503506e-10, 5.90374804599e-10, 2.35486630196e-10, 4.16148865368e-10, 1.5430107192e-10, 2.21762636032e-10, 2.17329973462e-10, 1.12840847777e-10, 9.80374878501e-11, 1.12244137596e-10, 6.9253235091e-11, 1.07974858221e-10, 9.69359037484e-11, 6.87491591433e-11, 3.44035043509e-11, 7.38219832486e-11, 4.57099878781e-11, 2.61138888291e-11, 1.45977032545e-11, 3.14580410332e-11, 5.45062085744e-11, 6.25327706283e-11, 5.53760440281e-11, 1.11273795733e-10, 1.63071431358e-10],
        "dvar2": [0.000154142981046, 0.000432352768257, 1.99093992705e-05, 2.32239358411e-06, 4.79386699226e-06, 4.87559736939e-06, 3.01592564256e-07, 5.78831738096e-08, 4.06679916409e-08, 3.95089116978e-08, 2.8346111236e-08, 3.1533527789e-08, 1.0531393535e-08, 2.34144104105e-09, 1.87270221552e-09, 2.04369543511e-09, 1.63721669555e-09, 6.19796325374e-10, 9.83918169162e-10, 3.85219051102e-10, 5.74180925028e-10, 5.4797882898e-10, 2.48183723572e-10, 2.36873576309e-10, 2.33609548372e-10, 1.66685554248e-10, 2.26480278975e-10, 1.98999414169e-10, 1.34573935329e-10, 6.10068870421e-11, 1.54154009002e-10, 9.94951135369e-11, 5.07768098401e-11, 2.93989659006e-11, 7.62947899302e-11, 1.48965201285e-10, 1.89418286611e-10, 1.5990872515e-10, 3.15600462431e-10, 4.6479781135e-10],
        "max": [0.143807962537, 0.139447018504, 0.0354076996446, 0.0183347407728, 0.0219327267259, 0.0266554262489, 0.00677663087845, 0.00262549077161, 0.00173279212322, 0.00214852835052, 0.00132308003958, 0.00143971201032, 0.000832228921354, 0.00145996746141, 0.000923426356167, 0.00122571317479, 0.000635595060885, 0.000370107096387, 0.00077116698958, 0.000434078363469, 0.00052279495867, 0.000595609832089, 0.000288031704258, 0.000279945408693, 0.000319449522067, 0.000226921692956, 0.000299938750686, 0.000314538687235, 0.000300374726066, 0.000205781267141, 0.000307978072669, 0.000236794046941, 0.000198782930966, 0.000113136098662, 0.000125049380586, 8.77042475622e-05, 6.33878080407e-05, 7.21990072634e-05, 0.000102911661088, 0.000116200077173],
        "mean": [0.0115518113598, 0.00899141933769, 0.0016015683068, 0.000435303081758, 0.000378118013032, 0.000358294433681, 0.000281234824797, 9.3999929959e-05, 4.77793291793e-05, 3.17785779771e-05, 3.10835312121e-05, 2.57866504398e-05, 1.88627727766e-05, 1.24630314531e-05, 1.24070993479e-05, 1.05979170257e-05, 1.08289241325e-05, 8.73322551342e-06, 9.14966767596e-06, 8.17213367554e-06, 8.04371848062e-06, 8.22075344331e-06, 6.26302107776e-06, 5.33295360583e-06, 5.11236976308e-06, 4.24406243837e-06, 3.84285522159e-06, 3.74678802473e-06, 3.60190483661e-06, 3.04246782434e-06, 3.12773295263e-06, 2.36887217397e-06, 2.23637266572e-06, 1.96869837055e-06, 2.12687859857e-06, 2.39135420088e-06, 3.31387695951e-06, 2.47938669418e-06, 2.57967826656e-06, 2.41528732658e-06],
        "median": [0.00121655850671, 0.00103935843799, 0.000447120517492, 0.000184772128705, 0.000104159640614, 9.14594420465e-05, 9.8848468042e-05, 2.12804498005e-05, 1.43354618558e-05, 8.87147234607e-06, 8.58034036355e-06, 6.91337754688e-06, 5.61520892006e-06, 4.65633047497e-06, 5.15217880093e-06, 3.23346671394e-06, 2.80976018985e-06, 2.11751398638e-06, 1.9652179617e-06, 1.99210785468e-06, 1.37872552841e-06, 1.20256811442e-06, 1.00682007087e-06, 7.57445434374e-07, 6.50634945032e-07, 4.56148114836e-07, 3.90651422322e-07, 3.61344149269e-07, 3.08249212821e-07, 2.65207575012e-07, 2.55917967706e-07, 1.92245693142e-07, 1.78012754759e-07, 1.62145141758e-07, 2.01400951028e-07, 2.16946915543e-07, 1.30197534531e-07, 1.05958491758e-07, 1.01558178756e-07, 8.7780335889e-08],
        "min": [1.54264889682e-23, 4.01552604407e-24, 1.04086835896e-23, 1.74007948216e-23, 1.11979657466e-23, 2.67887318429e-23, 9.98468741917e-24, 1.89260479155e-23, 6.93894042918e-24, 5.95229158464e-24, 1.40902690353e-23, 7.89775668327e-24, 1.96429299963e-23, 7.05025816924e-24, 3.75398631069e-24, 1.39882661648e-23, 1.02215176624e-23, 8.44721486983e-24, 9.64054921585e-24, 1.06683907991e-23, 6.28917739523e-24, 1.08888285128e-23, 1.20360239622e-23, 7.20663091104e-24, 1.2953656155e-23, 7.09418115558e-24, 8.79668577287e-24, 1.33128797454e-23, 1.60505457863e-23, 7.87933283683e-24, 1.59220703216e-23, 1.33658391334e-23, 7.75621373763e-24, 1.09842025851e-23, 8.72423205417e-24, 7.94963690956e-24, 1.23246910444e-23, 1.47951667412e-23, 9.14584034269e-24, 8.15108437462e-24],
        "var": [0.000417891104007, 0.000308569549816, 9.30216901907e-06, 8.40457346385e-07, 1.45452054312e-06, 1.37038728099e-06, 2.07027170518e-07, 3.58909630904e-08, 1.29710899799e-08, 8.89668871906e-09, 7.25520887812e-09, 6.66604194066e-09, 2.61121435585e-09, 7.71773034369e-10, 7.03146763037e-10, 6.35223873502e-10, 5.79935210965e-10, 3.35723088218e-10, 6.19719553452e-10, 2.87958962231e-10, 4.21546186846e-10, 4.33223512619e-10, 2.63228022712e-10, 2.47917714136e-10, 2.76479700245e-10, 2.00124111727e-10, 2.3586488318e-10, 2.25863217018e-10, 2.27821622678e-10, 1.2516927772e-10, 1.73176306628e-10, 1.11299733319e-10, 7.93355034445e-11, 4.30529674411e-11, 4.61029582566e-11, 4.96816303375e-11, 5.4331511512e-11, 4.04391034547e-11, 7.191450907e-11, 9.75819217097e-11]
    },
    "mfcc": {
        "mean": [-715.746337891, 124.162658691, 22.3874549866, 22.8733940125, 12.6060094833, 6.2166352272, -0.886462450027, 0.00888022687286, -4.08779478073, -1.75221168995, -3.61114907265, 2.00724339485, -0.586092472076],
        "cov": [[9810.17578125, -999.304626465, 983.548828125, 651.702819824, 747.269714355, 595.35760498, 439.585144043, 535.437316895, 592.805969238, 495.481140137, 414.288665771, 404.556274414, 305.665863037], [-999.304626465, 2693.39575195, 133.055999756, 223.738861084, -41.5794448853, 57.7037200928, 37.8397102356, 51.4322967529, 7.25397109985, 7.10355424881, 50.0527839661, -5.59548377991, 48.5346031189], [983.548828125, 133.055999756, 1550.16418457, 198.207824707, 460.810119629, 269.70425415, 301.517303467, 232.535049438, 163.080657959, 258.540557861, 129.879562378, 194.486663818, 85.1522293091], [651.702819824, 223.738861084, 198.207824707, 633.217224121, 217.806472778, 315.371429443, 179.276092529, 223.302429199, 202.934295654, 138.301681519, 163.966445923, 85.2320480347, 154.984985352], [747.269714355, -41.5794448853, 460.810119629, 217.806472778, 517.275390625, 259.183685303, 256.490661621, 191.675384521, 178.849594116, 194.702682495, 104.81993866, 154.862258911, 99.1445083618], [595.35760498, 57.7037200928, 269.70425415, 315.371429443, 259.183685303, 405.524627686, 214.501739502, 233.234176636, 179.69732666, 175.899185181, 132.61895752, 108.992614746, 135.990280151], [439.585144043, 37.8397102356, 301.517303467, 179.276092529, 256.490661621, 214.501739502, 300.331756592, 187.066802979, 171.457458496, 149.123016357, 109.845108032, 102.933662415, 83.076385498], [535.437316895, 51.4322967529, 232.535049438, 223.302429199, 191.675384521, 233.234176636, 187.066802979, 289.6824646, 188.719238281, 169.857818604, 120.187850952, 109.707603455, 106.303962708], [592.805969238, 7.25397109985, 163.080657959, 202.934295654, 178.849594116, 179.69732666, 171.457458496, 188.719238281, 253.379898071, 150.8800354, 125.148132324, 100.789886475, 91.5991210938], [495.481140137, 7.10355424881, 258.540557861, 138.301681519, 194.702682495, 175.899185181, 149.123016357, 169.857818604, 150.8800354, 220.547027588, 115.497398376, 114.475852966, 82.6118087769], [414.288665771, 50.0527839661, 129.879562378, 163.966445923, 104.81993866, 132.61895752, 109.845108032, 120.187850952, 125.148132324, 115.497398376, 180.68182373, 88.2931594849, 87.2569656372], [404.556274414, -5.59548377991, 194.486663818, 85.2320480347, 154.862258911, 108.992614746, 102.933662415, 109.707603455, 100.789886475, 114.475852966, 88.2931594849, 165.671401978, 83.8181762695], [305.665863037, 48.5346031189, 85.1522293091, 154.984985352, 99.1445083618, 135.990280151, 83.076385498, 106.303962708, 91.5991210938, 82.6118087769, 87.2569656372, 83.8181762695, 152.811141968]],
