{
"lowlevel": {
    "average_loudness": 0.482051134109,
    "barkbands_crest": {
        "dmean": 2.59003686905,
        "dmean2": 3.93574905396,
        "dvar": 6.23674583435,
        "dvar2": 14.8037576675,
        "max": 26.1874103546,
        "mean": 13.5330276489,
        "median": 13.2612733841,
        "min": 2.07403254509,
        "var": 24.9201622009
    },
    "barkbands_flatness_db": {
        "dmean": 0.0305505860597,
        "dmean2": 0.0450370125473,
        "dvar": 0.00127998250537,
        "dvar2": 0.00263254414313,
        "max": 0.562382519245,
        "mean": 0.189816340804,
        "median": 0.176362037659,
        "min": 0.012887920253,
        "var": 0.00903365481645
    },
    "barkbands_kurtosis": {
        "dmean": 13.360918045,
        "dmean2": 21.5557727814,
        "dvar": 903.555297852,
        "dvar2": 2376.31665039,
        "max": 529.218261719,
        "mean": 18.4065608978,
        "median": 6.59152603149,
        "min": -1.95100200176,
        "var": 1436.35095215
    },
    "barkbands_skewness": {
        "dmean": 1.12584865093,
        "dmean2": 1.75077092648,
        "dvar": 1.84615433216,
        "dvar2": 4.92755174637,
        "max": 19.2416286469,
        "mean": 2.82289791107,
        "median": 2.37213492393,
        "min": -5.20371055603,
        "var": 5.31042146683
    },
    "barkbands_spread": {
        "dmean": 13.2104444504,
        "dmean2": 21.5063152313,
        "dvar": 451.788787842,
        "dvar2": 1141.61657715,
        "max": 150.823516846,
        "mean": 22.4141616821,
        "median": 12.3067789078,
        "min": 0.17868424952,
        "var": 614.346557617
    },
    "dissonance": {
        "dmean": 0.0268742050976,
        "dmean2": 0.0439332127571,
        "dvar": 0.000641279562842,
        "dvar2": 0.00160193198826,
        "max": 0.499999940395,
        "mean": 0.436737030745,
        "median": 0.445614695549,
        "min": 0.223318725824,
        "var": 0.00188563694246
    },
    "dynamic_complexity": 5.5578327179,
    "erbbands_crest": {
        "dmean": 2.9836306572,
        "dmean2": 4.83751726151,
        "dvar": 7.89700555801,
        "dvar2": 18.6179580688,
        "max": 30.6012382507,
        "mean": 9.7597694397,
        "median": 8.80259513855,
        "min": 2.52707767487,
        "var": 22.49061203
    },
    "erbbands_flatness_db": {
        "dmean": 0.0228314306587,
        "dmean2": 0.0336095131934,
        "dvar": 0.000617500802036,
        "dvar2": 0.00119520141743,
        "max": 0.362050563097,
        "mean": 0.14046703279,
        "median": 0.134888872504,
        "min": 0.0205026865005,
        "var": 0.00316785648465
    },
    "erbbands_kurtosis": {
        "dmean": 1.65127813816,
        "dmean2": 2.65580892563,
        "dvar": 8.00012397766,
        "dvar2": 19.6205825806,
        "max": 43.0985298157,
        "mean": 1.07348978519,
        "median": 0.0799338817596,
        "min": -1.81762349606,
        "var": 12.4101324081
    },
    "erbbands_skewness": {
        "dmean": 0.546187102795,
        "dmean2": 0.836154937744,
        "dvar": 0.264124602079,
        "dvar2": 0.660938620567,
        "max": 5.67610406876,
        "mean": 0.588272154331,
        "median": 0.522097110748,
        "min": -2.62281107903,
        "var": 0.845024228096
    },
    "erbbands_spread": {
        "dmean": 16.1580867767,
        "dmean2": 25.1806983948,
        "dvar": 459.053100586,
        "dvar2": 1043.70239258,
        "max": 212.586593628,
        "mean": 46.7034759521,
        "median": 36.5363540649,
        "min": 2.50663995743,
        "var": 947.843444824
    },
    "hfc": {
        "dmean": 21.5183944702,
        "dmean2": 36.4870223999,
        "dvar": 2067.38208008,
        "dvar2": 5358.67675781,
        "max": 439.929748535,
        "mean": 22.0224094391,
        "median": 6.04236650467,
        "min": 1.14921790689e-16,
        "var": 1969.84741211
    },
    "melbands_crest": {
        "dmean": 2.93281292915,
        "dmean2": 4.58204698563,
        "dvar": 10.6201248169,
        "dvar2": 26.6176834106,
        "max": 38.9490089417,
        "mean": 20.6472396851,
        "median": 19.3259811401,
        "min": 2.23860812187,
        "var": 58.9385528564
    },
    "melbands_flatness_db": {
        "dmean": 0.037701126188,
        "dmean2": 0.0554475337267,
        "dvar": 0.001878795214,
        "dvar2": 0.00387959624641,
        "max": 0.707837462425,
        "mean": 0.285168588161,
        "median": 0.276366204023,
        "min": 0.00610984442756,
        "var": 0.0135427303612
    },
    "melbands_kurtosis": {
        "dmean": 27.3020553589,
        "dmean2": 43.8193206787,
        "dvar": 5893.37011719,
        "dvar2": 16006.8994141,
        "max": 1704.21020508,
        "mean": 43.5121269226,
        "median": 18.9744491577,
        "min": -1.70454418659,
        "var": 7742.70605469
    },
    "melbands_skewness": {
        "dmean": 1.29325640202,
        "dmean2": 1.95442914963,
        "dvar": 3.04573655128,
        "dvar2": 7.66606283188,
        "max": 33.1710014343,
        "mean": 4.30777359009,
        "median": 3.66988134384,
        "min": -0.889994859695,
        "var": 9.2297410965
    },
    "melbands_spread": {
        "dmean": 7.16194009781,
        "dmean2": 11.3978090286,
        "dvar": 174.131149292,
        "dvar2": 433.435211182,
        "max": 234.999252319,
        "mean": 15.4755630493,
        "median": 9.3651008606,
        "min": 0.233461782336,
        "var": 352.086578369
    },
    "pitch_salience": {
        "dmean": 0.0790961012244,
        "dmean2": 0.120999403298,
        "dvar": 0.00609300518408,
        "dvar2": 0.01304105483,
        "max": 0.916019141674,
        "mean": 0.391413122416,
        "median": 0.393297791481,
        "min": 0.0345986895263,
        "var": 0.0240262355655
    },
    "silence_rate_20dB": {
        "dmean": 0.00628930795938,
        "dmean2": 0.012579780072,
        "dvar": 0.00624872371554,
        "dvar2": 0.0159346815199,
        "max": 1,
        "mean": 0.995283484459,
        "median": 1,
        "min": 0,
        "var": 0.00469481479377
    },
    "silence_rate_30dB": {
        "dmean": 0.036625970155,
        "dmean2": 0.0732587203383,
        "dvar": 0.0352857112885,
        "dvar2": 0.0815841853619,
        "max": 1,
        "mean": 0.888929963112,
        "median": 1,
        "min": 0,
        "var": 0.0987287834287
    },
    "silence_rate_60dB": {
        "dmean": 0.0118386978284,
        "dmean2": 0.0236795861274,
        "dvar": 0.0116962715983,
        "dvar2": 0.0258960723877,
        "max": 1,
        "mean": 0.209285125136,
        "median": 0,
        "min": 0,
        "var": 0.165494203568
    },
    "spectral_centroid": {
        "dmean": 293.477630615,
        "dmean2": 464.447540283,
        "dvar": 188225.203125,
        "dvar2": 431595.3125,
        "max": 11339.3173828,
        "mean": 1013.01361084,
        "median": 759.403991699,
        "min": 99.1904754639,
        "var": 553637.375
    },
    "spectral_complexity": {
        "dmean": 2.35238623619,
        "dmean2": 3.5204885006,
        "dvar": 19.8013191223,
        "dvar2": 29.6393032074,
        "max": 64,
        "mean": 9.44132041931,
        "median": 8,
        "min": 0,
        "var": 82.935295105
    },
    "spectral_decrease": {
        "dmean": 4.4222190354e-09,
        "dmean2": 7.41240668845e-09,
        "dvar": 1.23317065101e-16,
        "dvar2": 3.17212965244e-16,
        "max": 8.73654729565e-17,
        "mean": -1.03335553447e-08,
        "median": -4.86951812206e-09,
        "min": -1.1398433486e-07,
        "var": 3.32479066522e-16
    },
    "spectral_energy": {
        "dmean": 0.017966017127,
        "dmean2": 0.0300416983664,
        "dvar": 0.00180085864849,
        "dvar2": 0.00460820877925,
        "max": 0.433450132608,
        "mean": 0.0409987159073,
        "median": 0.0197288691998,
        "min": 1.08009035783e-20,
        "var": 0.00486288918182
    },
    "spectral_energyband_high": {
        "dmean": 0.00186855369247,
        "dmean2": 0.00318474904634,
        "dvar": 1.79488833965e-05,
        "dvar2": 4.66949750262e-05,
        "max": 0.0403802879155,
        "mean": 0.00158790033311,
        "median": 7.59270624258e-05,
        "min": 7.69215931128e-21,
        "var": 1.6500320271e-05
    },
    "spectral_energyband_low": {
        "dmean": 0.0149277793244,
        "dmean2": 0.0240435358137,
        "dvar": 0.00155515829101,
        "dvar2": 0.00408186018467,
        "max": 0.430808663368,
        "mean": 0.0317378230393,
        "median": 0.0131144300103,
        "min": 1.24921741031e-22,
        "var": 0.00411937246099
    },
    "spectral_energyband_middle_high": {
        "dmean": 0.000957511307206,
        "dmean2": 0.00145955884364,
        "dvar": 1.76617577381e-05,
        "dvar2": 4.17031842517e-05,
        "max": 0.053050827235,
        "mean": 0.00150683522224,
        "median": 0.000663947721478,
        "min": 1.49297830779e-21,
        "var": 1.90030878002e-05
    },
    "spectral_energyband_middle_low": {
        "dmean": 0.00435513909906,
        "dmean2": 0.00721732247621,
        "dvar": 0.000210783924558,
        "dvar2": 0.000568822433706,
        "max": 0.153113365173,
        "mean": 0.00700694229454,
        "median": 0.00363683863543,
        "min": 5.89429345804e-22,
        "var": 0.000174829750904
    },
    "spectral_entropy": {
        "dmean": 0.329468101263,
        "dmean2": 0.489316254854,
        "dvar": 0.151480585337,
        "dvar2": 0.318688541651,
        "max": 9.79026031494,
        "mean": 7.35761880875,
        "median": 7.44207143784,
        "min": 4.51804685593,
        "var": 0.617821753025
    },
    "spectral_flux": {
        "dmean": 0.0296460203826,
        "dmean2": 0.046332012862,
        "dvar": 0.00250383699313,
        "dvar2": 0.00545563688502,
        "max": 0.558545827866,
        "mean": 0.0799871757627,
        "median": 0.0435899160802,
        "min": 1.03927394468e-10,
        "var": 0.00861250981688
    },
    "spectral_kurtosis": {
        "dmean": 2.61817026138,
        "dmean2": 4.08193635941,
        "dvar": 19.1532745361,
        "dvar2": 46.0392684937,
        "max": 86.7034378052,
        "mean": 6.04496717453,
        "median": 4.47328186035,
        "min": -1.20163393021,
        "var": 37.8314323425
    },
    "spectral_rms": {
        "dmean": 0.00098259083461,
        "dmean2": 0.00158788403496,
        "dvar": 3.22755886373e-06,
        "dvar2": 7.75977787271e-06,
        "max": 0.0205640029162,
        "mean": 0.00494915340096,
        "median": 0.00438721757382,
        "min": 3.24614640723e-12,
        "var": 1.5504696421e-05
    },
    "spectral_rolloff": {
        "dmean": 1472.04968262,
        "dmean2": 2689.50830078,
        "dvar": 10210978,
        "dvar2": 27491588,
        "max": 19832.0800781,
        "mean": 1588.29052734,
        "median": 473.73046875,
        "min": 43.06640625,
        "var": 8963597
    },
    "spectral_skewness": {
        "dmean": 0.388784587383,
        "dmean2": 0.598122298717,
        "dvar": 0.227480441332,
        "dvar2": 0.503531813622,
        "max": 7.62123584747,
        "mean": 1.88291025162,
        "median": 1.74993371964,
        "min": -0.0591393150389,
        "var": 0.669502913952
    },
    "spectral_spread": {
        "dmean": 1715084.25,
        "dmean2": 2548564.5,
        "dvar": 6.35741772186e+12,
        "dvar2": 1.27748790026e+13,
        "max": 41239216,
        "mean": 6308646,
        "median": 4938125,
        "min": 956629.625,
        "var": 1.42917584814e+13
    },
    "spectral_strongpeak": {
        "dmean": 0.158067166805,
        "dmean2": 0.274746984243,
        "dvar": 0.0600802488625,
        "dvar2": 0.158403620124,
        "max": 4.0934214592,
        "mean": 0.38649725914,
        "median": 0.270238876343,
        "min": 0,
        "var": 0.112494327128
    },
    "zerocrossingrate": {
        "dmean": 0.02112403512,
        "dmean2": 0.0277194790542,
        "dvar": 0.000785133452155,
        "dvar2": 0.00122075947002,
        "max": 0.69189453125,
        "mean": 0.0548037327826,
        "median": 0.037109375,
        "min": 0.0009765625,
        "var": 0.0028826163616
    },
    "barkbands": {
        "dmean": [0.0035323870834, 0.0118547240272, 0.00345153501257, 0.00169556471519, 0.00219125207514, 0.000521847687196, 0.000482109229779, 0.000535370083526, 6.73793038004e-05, 8.36127437651e-05, 0.000113549496746, 0.000153053129907, 0.000100506389572, 0.000107822728751, 8.83374013938e-05, 7.57942834753e-05, 0.000145365615026, 0.000103277794551, 0.000156938127475, 0.000161028990988, 0.000166099591297, 0.000150252017193, 0.000179388734978, 0.000257353065535, 0.000458472321043, 0.000469406571938, 0.000134436253575],
        "dmean2": [0.00619376357645, 0.019638184458, 0.00568399298936, 0.00290844985284, 0.00398086616769, 0.000861637934577, 0.000735869107302, 0.000814711267594, 0.000116485847684, 0.000150544874487, 0.000180840521352, 0.000246309500653, 0.000169084320078, 0.000177149981027, 0.000135856593261, 0.000118527575978, 0.000244454131462, 0.000159920484293, 0.000248443044256, 0.000252477999311, 0.000257578998571, 0.000242613779847, 0.000292356766295, 0.000445461482741, 0.000813201011624, 0.000842329580337, 0.00023750938999],
        "dvar": [8.99286023923e-05, 0.00116378488019, 0.00017396757903, 4.84891679662e-05, 8.85740955709e-05, 8.43336863454e-07, 1.02475223684e-06, 1.28758063056e-06, 7.47636690335e-08, 1.4999774578e-07, 6.63624746267e-08, 2.60755967929e-07, 1.64899702781e-07, 5.09928277381e-08, 1.52666444819e-07, 1.10129370512e-07, 4.7946025461e-07, 2.48676116144e-07, 6.66936557536e-07, 7.4356995583e-07, 6.19026934601e-07, 2.88206337018e-07, 2.86289576934e-07, 3.78473998808e-07, 9.77610966402e-07, 8.66882601258e-07, 7.63564571571e-08],
        "dvar2": [0.000274562073173, 0.00330859399401, 0.000464598531835, 0.000132675442728, 0.000258651038166, 2.21267168854e-06, 2.18639320337e-06, 3.44668910657e-06, 1.88248890254e-07, 4.39527838125e-07, 1.64546165138e-07, 7.22756396954e-07, 4.60690557702e-07, 1.35546827096e-07, 3.7124436858e-07, 2.40728354584e-07, 1.20262996006e-06, 5.41145084298e-07, 1.61020250289e-06, 1.85772671557e-06, 1.47824243868e-06, 7.05991851646e-07, 7.0197563673e-07, 1.04023513359e-06, 2.71861244983e-06, 2.40010854213e-06, 2.12098910879e-07],
        "max": [0.111021600664, 0.383909255266, 0.189144402742, 0.0959303900599, 0.108879067004, 0.016913831234, 0.016105748713, 0.0225346945226, 0.00422540772706, 0.00793162640184, 0.0045987511985, 0.00927362125367, 0.00651410873979, 0.00430928589776, 0.00669718487188, 0.00714333355427, 0.00942650996149, 0.00686444574967, 0.0110301310197, 0.0110260704532, 0.0110017480329, 0.00886958651245, 0.00788317900151, 0.00536066992208, 0.0064236363396, 0.00550058996305, 0.00172019121237],
        "mean": [0.00505245756358, 0.0206033568829, 0.00526650808752, 0.00223392923363, 0.00192761386279, 0.00096354278503, 0.000877259008121, 0.000901590567082, 7.18463343219e-05, 8.60461223056e-05, 0.000170489656739, 0.000229710276471, 0.00012197765318, 0.000164110359037, 0.000108169326268, 9.84281359706e-05, 0.000159614442964, 0.000125511898659, 0.000169615479535, 0.000174213331775, 0.000179437032784, 0.000157152564498, 0.000177485970198, 0.000206711687497, 0.000336013472406, 0.000337450532243, 9.84037105809e-05],
        "median": [2.69877200481e-05, 0.00178403384052, 0.000375661416911, 0.000125694205053, 0.000291404401651, 0.000487930403324, 0.000303462496959, 0.000444365170551, 2.04530206247e-05, 2.82817836705e-05, 7.61667179177e-05, 8.34518141346e-05, 2.82207056443e-05, 6.52733069728e-05, 1.25382885017e-05, 1.98856796487e-05, 2.54322021647e-05, 1.26715358419e-05, 1.35912441692e-05, 8.41996006784e-06, 8.43596444611e-06, 8.61406988406e-06, 9.37108598009e-06, 7.99047575128e-06, 7.09711093805e-06, 5.46270530322e-06, 1.22161372929e-06],
        "min": [1.64993287553e-23, 3.5751741049e-23, 3.93719531163e-23, 6.54072723076e-23, 4.28591790121e-23, 6.05750638119e-23, 1.68882169867e-22, 9.51919211637e-23, 9.61803891215e-23, 1.15789672622e-22, 1.20342990389e-22, 9.40852313552e-23, 5.18393348989e-23, 5.35404945083e-23, 1.29565443325e-22, 1.7926763097e-22, 2.28895779285e-22, 2.22549677292e-22, 2.43701903304e-22, 2.68482838993e-22, 4.63312221754e-22, 5.15579898658e-22, 7.22363793174e-22, 9.4134607737e-22, 1.2105849859e-21, 1.49606387727e-21, 2.40960216597e-21],
        "var": [0.000132032044348, 0.00242734793574, 0.000181619398063, 3.87650725315e-05, 5.25821888004e-05, 1.67509301718e-06, 2.48708784056e-06, 1.72148770616e-06, 6.17217423837e-08, 9.19674292277e-08, 9.30533943233e-08, 2.35695253537e-07, 1.33117538326e-07, 6.87892551809e-08, 1.59686180723e-07, 1.32796628804e-07, 4.23316691922e-07, 3.00149054056e-07, 6.80492689753e-07, 7.2838122378e-07, 6.53633605907e-07, 3.16041479209e-07, 2.92989028594e-07, 3.03789050804e-07, 7.264562214e-07, 6.52886683383e-07, 5.82084140888e-08]
    },
    "erbbands": {
        "dmean": [0.63059514761, 2.02690291405, 3.64015603065, 4.86436271667, 7.83260059357, 6.17522621155, 4.07411623001, 4.47859525681, 7.51210260391, 11.6538333893, 6.71283721924, 1.64587414265, 2.16780209541, 2.88101744652, 4.98920583725, 6.79779577255, 5.3296084404, 5.90736198425, 3.99856424332, 5.88699865341, 4.04882144928, 8.51789569855, 5.910364151, 5.95388460159, 8.40601348877, 8.1203289032, 7.04057502747, 6.29512786865, 5.67657661438, 4.80029439926, 5.67913913727, 5.17585134506, 4.52692270279, 4.59346008301, 3.40870571136, 1.63338625431, 1.04837477207, 0.244295477867, 0.0195399187505, 0.000792859704234],
        "dmean2": [1.10004091263, 3.27765011787, 5.793592453, 7.78033161163, 14.2864570618, 11.045794487, 6.90773200989, 7.4547495842, 11.6856908798, 17.2464942932, 10.5600757599, 2.78076863289, 3.84339952469, 5.05772924423, 7.90244102478, 10.9595575333, 8.8667345047, 9.75183677673, 6.14149999619, 9.45445919037, 6.27418231964, 14.403632164, 9.19934082031, 9.06685352325, 13.0556402206, 13.0013599396, 10.9534130096, 9.73204994202, 9.3468837738, 7.6118888855, 9.39400959015, 8.8935136795, 7.88795185089, 8.11139774323, 6.04967164993, 2.89529895782, 1.89324963093, 0.439031720161, 0.0342664755881, 0.00138805992901],
        "dvar": [3.37289071083, 38.5068206787, 179.501205444, 302.787841797, 1452.77062988, 533.684692383, 93.2155151367, 63.6518287659, 242.523788452, 441.897705078, 409.706542969, 41.2571182251, 80.406867981, 176.312927246, 129.073120117, 518.421508789, 442.616821289, 174.324966431, 154.203979492, 1103.69396973, 260.150909424, 1849.19445801, 837.514160156, 826.731567383, 1939.29931641, 2001.703125, 1320.60510254, 761.281799316, 456.200561523, 240.190719604, 256.51940918, 153.779174805, 114.906570435, 110.446556091, 50.7008895874, 10.2473487854, 4.44745874405, 0.24845930934, 0.00144585676026, 2.63489414465e-06],
        "dvar2": [10.3129701614, 101.946144104, 464.594482422, 788.612243652, 4172.97705078, 1556.07788086, 260.924072266, 166.419692993, 494.144561768, 1115.69091797, 1089.96166992, 106.887313843, 235.064407349, 504.749847412, 315.002197266, 1438.39953613, 1245.17883301, 468.503295898, 343.040130615, 2925.14892578, 535.71875, 4637.43652344, 1933.91247559, 1920.27734375, 4509.36474609, 5118.57617188, 3220.82128906, 1815.76965332, 1150.11938477, 565.629333496, 647.68145752, 416.158905029, 316.685791016, 304.725219727, 141.918045044, 28.0333061218, 12.4298715591, 0.697545945644, 0.00393395032734, 7.17624334357e-06],
        "max": [19.9659461975, 76.244720459, 170.868927002, 282.099945068, 415.03237915, 262.223449707, 149.767913818, 139.426757812, 254.590667725, 406.765319824, 379.518585205, 120.476325989, 192.846481323, 272.973114014, 197.129364014, 423.816131592, 349.668914795, 230.657226562, 226.950698853, 647.486206055, 238.924453735, 580.381591797, 378.280487061, 397.83581543, 540.395263672, 599.080993652, 615.348632812, 398.543365479, 373.073791504, 209.507751465, 234.621459961, 127.117004395, 88.6570129395, 77.7330780029, 43.8817825317, 22.5277996063, 11.9217100143, 3.03241157532, 0.212085694075, 0.0120848193765],
        "mean": [0.895579516888, 3.45631122589, 5.47289848328, 8.69354915619, 6.632188797, 5.74544334412, 5.61562204361, 8.14845752716, 13.8970117569, 20.6675567627, 10.4560470581, 2.07696199417, 2.42011380196, 3.31128501892, 7.644947052, 10.3953390121, 7.28643417358, 8.96052360535, 6.05705738068, 6.19066095352, 5.75002574921, 8.86749744415, 6.92218589783, 7.30641365051, 8.89384555817, 8.60538864136, 7.66893434525, 6.70814943314, 5.89404439926, 4.8749666214, 5.44160366058, 4.27312803268, 3.53697872162, 3.39191818237, 2.49085903168, 1.21859002113, 0.737124204636, 0.171549975872, 0.0146766426042, 0.000631012313534],
        "median": [0.063529483974, 0.258440285921, 0.983150541782, 0.624771475792, 0.46264013648, 1.06562018394, 2.53307127953, 3.62625265121, 3.382989645, 10.0748281479, 3.90197753906, 0.682492554188, 0.988736510277, 1.2099776268, 3.76200652122, 4.04702377319, 2.8883433342, 3.71620845795, 2.08355498314, 1.13355243206, 1.24768352509, 1.25145804882, 0.698884606361, 0.872739911079, 0.506364822388, 0.430085927248, 0.324447780848, 0.345496028662, 0.306978881359, 0.302647858858, 0.255775898695, 0.174980521202, 0.123783037066, 0.0801262632012, 0.048719573766, 0.0256806798279, 0.00986600015312, 0.0017517193919, 0.000228124234127, 4.93381157867e-05],
        "min": [1.67160792068e-21, 5.90889402384e-21, 3.53091382562e-20, 1.54504879017e-19, 1.27855976039e-19, 1.59988672888e-19, 5.11286747269e-19, 4.38175768443e-19, 1.56683104064e-18, 2.89620644476e-18, 2.24411535926e-18, 1.97290909939e-18, 3.8429285111e-18, 4.14181450901e-18, 4.33288992179e-18, 4.47645332095e-18, 2.80158008461e-18, 2.76005520427e-18, 4.45973103769e-18, 7.65836484736e-18, 1.30450998267e-17, 1.11957034753e-17, 9.66130080977e-18, 1.47019492111e-17, 1.09921649322e-17, 1.44312841342e-17, 1.56281962826e-17, 1.87532052275e-17, 2.08220848555e-17, 2.70424714814e-17, 1.44884290796e-17, 1.65085910783e-17, 1.73888899211e-17, 1.14796042692e-17, 1.03965518778e-17, 5.21293316575e-18, 3.27288588415e-18, 1.34797228545e-18, 3.14984354351e-19, 3.31271068861e-20],
        "var": [4.86534500122, 75.0393066406, 221.517944336, 346.441894531, 893.657165527, 324.37713623, 82.9852905273, 125.209838867, 656.770629883, 799.284912109, 513.676147461, 35.0822639465, 50.9349555969, 119.381690979, 179.782028198, 468.507781982, 350.519989014, 220.55116272, 209.334243774, 885.975097656, 353.191345215, 1590.16125488, 928.036254883, 970.507507324, 2039.45825195, 1850.67553711, 1337.0267334, 822.66986084, 471.593353271, 259.180908203, 254.476303101, 129.026153564, 89.7951431274, 81.6850967407, 37.8446464539, 8.0959148407, 3.24476146698, 0.180056065321, 0.00116774346679, 2.11775318348e-06]
    },
    "gfcc": {
        "mean": [-64.9565353394, 81.1878204346, -75.6373901367, 19.1809940338, -43.289024353, 15.6451396942, -32.7240600586, 5.43231534958, -14.5060977936, 13.6579332352, -4.85779094696, 3.82787537575, -18.43800354],
        "cov": [[15934.0585938, -3549.34765625, 1309.45703125, 278.530944824, -454.562164307, 210.754364014, -632.394165039, 102.718955994, -510.136291504, 303.664398193, -215.715286255, 524.473022461, -81.4414520264], [-3549.34765625, 2785.12792969, -561.617553711, 45.7070579529, 336.004333496, -131.714096069, 233.959259033, -180.062698364, 217.810089111, -115.972518921, 265.885894775, -112.906158447, 103.75478363], [1309.45703125, -561.617553711, 1238.0090332, -26.3631095886, 187.897018433, 203.847625732, 18.5275325775, 61.6017227173, 31.0094604492, 127.995872498, 63.6749229431, 194.936065674, 13.7439851761], [278.530944824, 45.7070579529, -26.3631095886, 372.555480957, 53.3423461914, 27.2905273438, 100.325401306, 68.5975341797, 38.9972686768, -47.5622673035, -7.37196731567, -35.3744316101, 35.6677818298], [-454.562164307, 336.004333496, 187.897018433, 53.3423461914, 273.861755371, 81.3220977783, 101.64200592, 19.7751407623, 72.2586517334, 36.0792579651, 95.386100769, 63.1299438477, 73.6423568726], [210.754364014, -131.714096069, 203.847625732, 27.2905273438, 81.3220977783, 200.220977783, 76.8567962646, 46.784954071, 32.3201560974, 60.5971794128, 45.6634712219, 70.5850753784, 43.6815185547], [-632.394165039, 233.959259033, 18.5275325775, 100.325401306, 101.64200592, 76.8567962646, 209.686782837, 108.542129517, 112.909950256, 32.929889679, 62.0013885498, 5.87688112259, 50.2933540344], [102.718955994, -180.062698364, 61.6017227173, 68.5975341797, 19.7751407623, 46.784954071, 108.542129517, 204.950881958, 95.3534088135, 66.4950714111, 10.8138723373, 10.4604616165, 25.5133647919], [-510.136291504, 217.810089111, 31.0094604492, 38.9972686768, 72.2586517334, 32.3201560974, 112.909950256, 95.3534088135, 200.892852783, 108.059745789, 116.445465088, 26.1844215393, 46.072227478], [303.664398193, -115.972518921, 127.995872498, -47.5622673035, 36.0792579651, 60.5971794128, 32.929889679, 66.4950714111, 108.059745789, 219.233810425, 147.768615723, 121.150398254, 50.8750534058], [-215.715286255, 265.885894775, 63.6749229431, -7.37196731567, 95.386100769, 45.6634712219, 62.0013885498, 10.8138723373, 116.445465088, 147.768615723, 243.866729736, 148.97354126, 101.287124634], [524.473022461, -112.906158447, 194.936065674, -35.3744316101, 63.1299438477, 70.5850753784, 5.87688112259, 10.4604616165, 26.1844215393, 121.150398254, 148.97354126, 230.961135864, 122.734115601], [-81.4414520264, 103.75478363, 13.7439851761, 35.6677818298, 73.6423568726, 43.6815185547, 50.2933540344, 25.5133647919, 46.072227478, 50.8750534058, 101.287124634, 122.734115601, 167.349380493]],
        "icov": [[0.000128588450025, 2.5464767532e-05, -6.61553494865e-05, -0.000299989274936, 0.00012735024211, -7.62327981647e-05, 0.000385168765206, -0.000161229647347, 0.000253868754953, -0.00027375377249, 0.000165350560565, -0.000366211606888, 0.000170678351424], [2.5464767532e-05, 0.00105203466956, 0.00029896380147, 0.000294947065413, -0.00101625418756, 0.000680401804857, -0.000949070614297, 0.00123341893777, -0.000781786977313, 0.00111018656753, -0.00146859395318, 0.000860575062688, -0.000225047420827], [-6.61553494865e-05, 0.00029896380147, 0.00147493742406, 0.000210856538615, -0.00134196551517, -0.000641671591438, 5.43785463378e-05, 0.000152123568114, -0.000769928155933, 0.000419174728449, 0.00027384844725, -0.00132005987689, 0.00122178788297], [-0.000299989274936, 0.000294947065413, 0.000210856538615, 0.00428241631016, -0.00079129129881, 0.000233340149862, -0.00216046883725, -0.000150998384925, -0.0008309588884, 0.00236050947569, -0.00134890433401, 0.00200104806572, -0.001439285581], [0.00012735024211, -0.00101625418756, -0.00134196551517, -0.00079129129881, 0.00729376310483, -0.00146706542, -0.000787988421507, -0.000144125864608, 0.000492646708153, -0.000443252007244, 1.18222969832e-05, -0.000444547767984, -0.00127900857478], [-7.62327981647e-05, 0.000680401804857, -0.000641671591438, 0.000233340149862, -0.00146706542, 0.00849157944322, -0.00421066768467, 0.0012933028629, 0.000760236929636, -0.00113477115519, 0.000148379171151, -0.000268984702416, -0.000715458008926], [0.000385168765206, -0.000949070614297, 5.43785463378e-05, -0.00216046883725, -0.000787988421507, -0.00421066768467, 0.0140585936606, -0.00612427154556, -0.00181039678864, 0.000806084892247, -0.000382091820939, -0.000321317551425, 0.000106619634607], [-0.000161229647347, 0.00123341893777, 0.000152123568114, -0.000150998384925, -0.000144125864608, 0.0012933028629, -0.00612427154556, 0.011636310257, -0.0043568299152, -0.00187900464516, 0.00280494848266, 0.000442442687927, -0.00128261290956], [0.000253868754953, -0.000781786977313, -0.000769928155933, -0.0008309588884, 0.000492646708153, 0.000760236929636, -0.00181039678864, -0.0043568299152, 0.0145401004702, -0.00563036324456, -0.00381589843892, 0.00380897661671, -0.00113361352123], [-0.00027375377249, 0.00111018656753, 0.000419174728449, 0.00236050947569, -0.000443252007244, -0.00113477115519, 0.000806084892247, -0.00187900464516, -0.00563036324456, 0.0148113649338, -0.00721132569015, -0.00178206642158, 0.00189532537479], [0.000165350560565, -0.00146859395318, 0.00027384844725, -0.00134890433401, 1.18222969832e-05, 0.000148379171151, -0.000382091820939, 0.00280494848266, -0.00381589843892, -0.00721132569015, 0.0170355159789, -0.00850758422166, 7.09034939064e-05], [-0.000366211606888, 0.000860575062688, -0.00132005987689, 0.00200104806572, -0.000444547767984, -0.000268984702416, -0.000321317551425, 0.000442442687927, 0.00380897661671, -0.00178206642158, -0.00850758422166, 0.0182028543204, -0.00944259390235], [0.000170678351424, -0.000225047420827, 0.00122178788297, -0.001439285581, -0.00127900857478, -0.000715458008926, 0.000106619634607, -0.00128261290956, -0.00113361352123, 0.00189532537479, 7.09034939064e-05, -0.00944259390235, 0.0139357978478]]
    },
    "melbands": {
        "dmean": [0.00423055980355, 0.00189364224207, 0.000861350912601, 0.000536562816706, 0.000156594163855, 0.000105911887658, 0.000105930026621, 0.000132014625706, 4.30883155786e-05, 9.26538541535e-06, 1.09318771138e-05, 1.14572758321e-05, 1.61769821716e-05, 1.41420960063e-05, 1.78666323336e-05, 9.30194983084e-06, 1.21721523101e-05, 6.37756966171e-06, 6.30726390227e-06, 7.45529359847e-06, 4.63476044388e-06, 9.58096734394e-06, 7.21814740245e-06, 4.58665363112e-06, 4.66737083116e-06, 7.49957098378e-06, 4.7305343287e-06, 5.53351719645e-06, 4.85371856485e-06, 3.24363691107e-06, 3.98777183364e-06, 3.3702865494e-06, 2.69792894869e-06, 2.71258613793e-06, 3.33253433382e-06, 2.75975594377e-06, 3.48908133674e-06, 3.43615170095e-06, 3.08799690174e-06, 4.17046840084e-06],
        "dmean2": [0.0071970061399, 0.00298982067034, 0.00137200532481, 0.000979558215477, 0.000266636867309, 0.000174232802237, 0.000165367106092, 0.000196508975932, 6.87263600412e-05, 1.59613755386e-05, 1.9430040993e-05, 2.03278650588e-05, 2.56305538642e-05, 2.31352114497e-05, 2.92748791253e-05, 1.54687659233e-05, 2.01689726964e-05, 9.95947902993e-06, 9.84199687082e-06, 1.18660054795e-05, 7.20237949281e-06, 1.61641401064e-05, 1.21467119243e-05, 7.13991721568e-06, 7.25442532712e-06, 1.1925054423e-05, 7.29416251488e-06, 8.91243325896e-06, 7.85312022344e-06, 4.9097225201e-06, 6.26861356068e-06, 5.50882896277e-06, 4.54369046565e-06, 4.32348042523e-06, 5.53157133254e-06, 4.59463444713e-06, 6.08531854596e-06, 6.01577266934e-06, 5.41100462215e-06, 7.39031656849e-06],
        "dvar": [0.000142649674672, 3.71763089788e-05, 9.71038298303e-06, 5.90280569668e-06, 1.57807434675e-07, 3.44212622849e-08, 4.82702589011e-08, 6.00806799866e-08, 1.98152658726e-08, 1.43995926294e-09, 2.06958583604e-09, 3.0525233452e-09, 1.32396338337e-09, 1.69366121128e-09, 5.94751314864e-09, 1.11393283486e-09, 6.65180188708e-10, 3.70439234842e-10, 1.00529073954e-09, 1.47513834481e-09, 2.93605001422e-10, 2.23281082512e-09, 1.497445834e-09, 4.42074821194e-10, 5.01974406486e-10, 1.65117153283e-09, 5.72439762259e-10, 9.19767928487e-10, 7.26977478216e-10, 1.80295001151e-10, 3.44783923634e-10, 1.77893824671e-10, 6.73572586596e-11, 9.06951458379e-11, 9.73720409858e-11, 4.94836012443e-11, 7.44239045392e-11, 7.12772063594e-11, 5.41272790477e-11, 9.21411349997e-11],
        "dvar2": [0.000418163603172, 9.2589383712e-05, 2.36858668359e-05, 1.71858664544e-05, 4.46241784857e-07, 8.71853060858e-08, 1.01942937647e-07, 1.54408368758e-07, 5.21580716395e-08, 3.7631200378e-09, 6.0779288269e-09, 8.81881589976e-09, 3.23099236255e-09, 4.59285454113e-09, 1.69125122795e-08, 3.06011216367e-09, 1.80138315375e-09, 8.48622172533e-10, 2.56981391722e-09, 3.79837006292e-09, 6.54274856515e-10, 5.66400570889e-09, 3.98086674736e-09, 8.7693619033e-10, 1.23388133044e-09, 3.96302723971e-09, 1.30385890973e-09, 2.39296804594e-09, 1.88570292714e-09, 3.83693576911e-10, 8.50867931668e-10, 4.44160874746e-10, 1.69108949066e-10, 2.19666063117e-10, 2.48785908541e-10, 1.24115440148e-10, 2.07432515609e-10, 1.98966079723e-10, 1.47919884674e-10, 2.55369947411e-10],
        "max": [0.131774887443, 0.079868555069, 0.0414852388203, 0.0278592053801, 0.00544526847079, 0.00322333606891, 0.00330283888616, 0.00485713826492, 0.00276608509012, 0.000666478008498, 0.000945640611462, 0.00117013603449, 0.000688540749252, 0.000764662225265, 0.00122023501899, 0.000716177630238, 0.000449860410299, 0.000320129212923, 0.000595075602178, 0.00084406597307, 0.000286577211227, 0.000620486796834, 0.000472232903121, 0.000301372929243, 0.000318346457789, 0.000521362817381, 0.000303182256175, 0.000409724802012, 0.000484747346491, 0.000193321437109, 0.000278083025478, 0.000247693271376, 0.000134480884299, 0.000134932386572, 0.000167901031091, 8.35929240566e-05, 8.55955368024e-05, 8.16047249828e-05, 5.70945812797e-05, 7.44069839129e-05],
        "mean": [0.00704106409103, 0.00352213508449, 0.00142920610961, 0.000440774805611, 0.000207635501283, 0.000200081733055, 0.000196001928998, 0.000229668745305, 6.38966666884e-05, 1.01348532553e-05, 1.18554826258e-05, 1.19128890219e-05, 2.41749457928e-05, 2.22517574002e-05, 2.53810576396e-05, 1.2179542864e-05, 1.80635142897e-05, 9.48836895986e-06, 7.24814435671e-06, 8.29114560474e-06, 6.43726434646e-06, 9.96430389932e-06, 6.86627254254e-06, 5.75548256165e-06, 5.67810684515e-06, 7.45445277062e-06, 5.36987818123e-06, 5.71991904508e-06, 4.9123309509e-06, 3.86648844142e-06, 4.03057993026e-06, 3.50173149855e-06, 2.6852112569e-06, 2.7141704777e-06, 3.30785564984e-06, 2.42868213718e-06, 2.7814785426e-06, 2.65144080913e-06, 2.36097480411e-06, 3.03934530166e-06],
        "median": [0.000618774793111, 0.00106831698213, 9.35678326641e-05, 4.46377598564e-05, 8.84808905539e-05, 8.57112536323e-05, 5.14142666361e-05, 0.00011268984963, 2.0004423277e-05, 3.12403835778e-06, 4.67092331746e-06, 3.24758048009e-06, 1.09804650492e-05, 1.12221514428e-05, 7.49312403059e-06, 3.22688060805e-06, 6.6551965574e-06, 2.94236633636e-06, 9.73476744548e-07, 1.28219767248e-06, 1.21192238112e-06, 1.48286517287e-06, 6.66814798933e-07, 5.09157075612e-07, 7.07418735146e-07, 3.93867907178e-07, 2.9090267617e-07, 2.70815178283e-07, 1.73305082285e-07, 2.11602113609e-07, 1.9270021312e-07, 1.70002238065e-07, 1.57254319788e-07, 1.70360877405e-07, 1.58931896976e-07, 1.13676954072e-07, 9.96256090957e-08, 8.62936673229e-08, 7.40288044199e-08, 6.41232418275e-08],
        "min": [1.27420205513e-23, 1.47687809217e-23, 2.65453272329e-23, 8.2649785344e-24, 1.58043123211e-23, 9.72616113445e-24, 2.66446953079e-23, 2.76420332177e-23, 1.76023582492e-23, 1.3109426207e-23, 1.87560136805e-23, 1.53744399257e-23, 1.51526327495e-23, 9.93643831962e-24, 9.87111038148e-24, 5.15496067988e-24, 5.00504910332e-24, 6.50694757571e-24, 9.33998453349e-24, 1.10736767667e-23, 1.67458367441e-23, 1.1471483544e-23, 9.14959295401e-24, 1.05550906516e-23, 1.21333701867e-23, 9.11871930477e-24, 6.39672083028e-24, 1.0692982749e-23, 6.79133903179e-24, 1.60448028789e-23, 7.94470810662e-24, 1.08617737392e-23, 1.14148346535e-23, 1.75319681906e-23, 6.58198678603e-24, 9.87175014767e-24, 9.8847908073e-24, 1.0829204039e-23, 1.18934318315e-23, 8.97890554223e-24],
        "var": [0.000270797521807, 6.97882715031e-05, 1.09201846499e-05, 3.49969991476e-06, 1.27605417788e-07, 7.64335155168e-08, 1.23728611356e-07, 1.0022930752e-07, 2.47765630235e-08, 1.12592801749e-09, 1.29221278122e-09, 1.98492733361e-09, 1.89856907973e-09, 1.69776626091e-09, 4.44850511983e-09, 1.05775554982e-09, 9.13515485479e-10, 4.85827877927e-10, 9.16017706132e-10, 1.30533894804e-09, 3.90400461958e-10, 1.89313076326e-09, 1.18568110885e-09, 6.01421745738e-10, 5.61779178732e-10, 1.60053992282e-09, 6.57770171664e-10, 8.23630996738e-10, 6.35628438772e-10, 2.43105618969e-10, 3.38695599345e-10, 1.84554482807e-10, 7.17061271471e-11, 8.98730118104e-11, 9.74019129241e-11, 4.73289983594e-11, 5.78106520988e-11, 5.41363134876e-11, 4.11786056642e-11, 6.69755084726e-11]
    },
    "mfcc": {
        "mean": [-726.141479492, 124.86819458, 24.970582962, 17.5269088745, 12.0530853271, 11.6784553528, 1.48865747452, -0.404848247766, -5.09745454788, 0.354191243649, 9.27453517914, 12.6178417206, 9.20034408569],
        "cov": [[11626.4130859, -2134.92407227, 727.660949707, 132.687240601, 146.933853149, 12.8915624619, -94.1668319702, -142.919219971, -174.119033813, -294.5496521, -255.990936279, -46.7224082947, 103.57219696], [-2134.92407227, 2121.89135742, -262.807098389, 110.211364746, 75.5695266724, 134.611663818, 27.7644405365, 21.705083847, -94.8570709229, -60.7068939209, 100.494033813, 86.1949539185, 81.2458877563], [727.660949707, -262.807098389, 751.44934082, -14.8415374756, 178.500534058, 111.326011658, 61.7504348755, 52.4067573547, 22.3825531006, -8.70404815674, 49.7389068604, 57.1673088074, 95.9115905762], [132.687240601, 110.211364746, -14.8415374756, 289.745452881, 49.1135139465, 27.442899704, 41.6200332642, 70.9464950562, 56.6764640808, 39.4615287781, 18.2662582397, 4.66772890091, 6.00523471832], [146.933853149, 75.5695266724, 178.500534058, 49.1135139465, 183.320678711, 84.7224349976, 56.2568321228, 39.0208435059, 17.2109222412, -9.68276119232, 19.704618454, 31.5633907318, 38.9386520386], [12.8915624619, 134.611663818, 111.326011658, 27.442899704, 84.7224349976, 172.788833618, 68.4866790771, 41.5874595642, -3.35608506203, -5.56028175354, 24.2493782043, 32.9875183105, 48.3931770325], [-94.1668319702, 27.7644405365, 61.7504348755, 41.6200332642, 56.2568321228, 68.4866790771, 130.263916016, 78.0861358643, 55.4006614685, 28.6157684326, 23.554567337, 24.7166118622, 29.2065963745], [-142.919219971, 21.705083847, 52.4067573547, 70.9464950562, 39.0208435059, 41.5874595642, 78.0861358643, 141.209182739, 93.4951629639, 46.0091400146, 16.1181201935, 17.7414054871, 14.9309549332], [-174.119033813, -94.8570709229, 22.3825531006, 56.6764640808, 17.2109222412, -3.35608506203, 55.4006614685, 93.4951629639, 178.151672363, 100.793449402, 33.0769233704, 11.660905838, -6.68940639496], [-294.5496521, -60.7068939209, -8.70404815674, 39.4615287781, -9.68276119232, -5.56028175354, 28.6157684326, 46.0091400146, 100.793449402, 163.678359985, 84.4178543091, 23.6957836151, -2.93329977989], [-255.990936279, 100.494033813, 49.7389068604, 18.2662582397, 19.704618454, 24.2493782043, 23.554567337, 16.1181201935, 33.0769233704, 84.4178543091, 166.228469849, 89.2989044189, 43.9587287903], [-46.7224082947, 86.1949539185, 57.1673088074, 4.66772890091, 31.5633907318, 32.9875183105, 24.7166118622, 17.7414054871, 11.660905838, 23.6957836151, 89.2989044189, 140.866241455, 92.224609375], [103.57219696, 81.2458877563, 95.9115905762, 6.00523471832, 38.9386520386, 48.3931770325, 29.2065963745, 14.9309549332, -6.68940639496, -2.93329977989, 43.9587287903, 92.224609375, 155.860733032]],
