{
"lowlevel": {
    "average_loudness": 0.348827004433,
    "barkbands_crest": {
        "dmean": 2.28540182114,
        "dmean2": 3.64894747734,
        "dvar": 4.05679225922,
        "dvar2": 10.6608409882,
        "max": 26.0423488617,
        "mean": 11.7761859894,
        "median": 11.1282491684,
        "min": 2.85537743568,
        "var": 17.5818786621
    },
    "barkbands_flatness_db": {
        "dmean": 0.0173488948494,
        "dmean2": 0.0271850097924,
        "dvar": 0.000280989537714,
        "dvar2": 0.000699424068443,
        "max": 0.39358997345,
        "mean": 0.217194139957,
        "median": 0.217780604959,
        "min": 0.0388902015984,
        "var": 0.00308433291502
    },
    "barkbands_kurtosis": {
        "dmean": 3.43240451813,
        "dmean2": 5.45004987717,
        "dvar": 23.2511253357,
        "dvar2": 56.4605674744,
        "max": 131.417144775,
        "mean": 8.63562965393,
        "median": 5.81297302246,
        "min": -1.89588963985,
        "var": 105.237670898
    },
    "barkbands_skewness": {
        "dmean": 0.475286006927,
        "dmean2": 0.750280320644,
        "dvar": 0.205921441317,
        "dvar2": 0.506091356277,
        "max": 7.90268516541,
        "mean": 1.77694344521,
        "median": 1.72339987755,
        "min": -3.92669081688,
        "var": 1.85640263557
    },
    "barkbands_spread": {
        "dmean": 1.9608373642,
        "dmean2": 3.13246941566,
        "dvar": 7.20499658585,
        "dvar2": 18.5000915527,
        "max": 60.2602958679,
        "mean": 8.65124225616,
        "median": 6.24433898926,
        "min": 0.324603438377,
        "var": 46.5942115784
    },
    "dissonance": {
        "dmean": 0.0249931160361,
        "dmean2": 0.0416835397482,
        "dvar": 0.000622652529273,
        "dvar2": 0.00172053452116,
        "max": 0.500000238419,
        "mean": 0.426274180412,
        "median": 0.436467498541,
        "min": 0.202796533704,
        "var": 0.00238056015223
    },
    "dynamic_complexity": 6.08827781677,
    "erbbands_crest": {
        "dmean": 2.36255121231,
        "dmean2": 3.66387414932,
        "dvar": 5.04428911209,
        "dvar2": 12.340004921,
        "max": 31.717792511,
        "mean": 12.3298978806,
        "median": 11.0875101089,
        "min": 2.72079896927,
        "var": 31.9344940186
    },
    "erbbands_flatness_db": {
        "dmean": 0.0140701662749,
        "dmean2": 0.0210581291467,
        "dvar": 0.000195007145521,
        "dvar2": 0.000433976412751,
        "max": 0.456831276417,
        "mean": 0.228837028146,
        "median": 0.223509371281,
        "min": 0.0747664123774,
        "var": 0.00300061982125
    },
    "erbbands_kurtosis": {
        "dmean": 1.44687497616,
        "dmean2": 2.20927238464,
        "dvar": 4.7790184021,
        "dvar2": 10.2949876785,
        "max": 62.9326553345,
        "mean": 2.89192199707,
        "median": 1.3442530632,
        "min": -1.81855428219,
        "var": 25.4463233948
    },
    "erbbands_skewness": {
        "dmean": 0.354507297277,
        "dmean2": 0.544216871262,
        "dvar": 0.112637996674,
        "dvar2": 0.265936613083,
        "max": 4.92815494537,
        "mean": 0.946357667446,
        "median": 1.0024408102,
        "min": -6.43075799942,
        "var": 1.31330025196
    },
    "erbbands_spread": {
        "dmean": 3.86597061157,
        "dmean2": 6.00521945953,
        "dvar": 18.2148284912,
        "dvar2": 43.5957603455,
        "max": 103.487327576,
        "mean": 22.6181335449,
        "median": 20.673374176,
        "min": 0.752617299557,
        "var": 161.874786377
    },
    "hfc": {
        "dmean": 2.27185916901,
        "dmean2": 3.25309085846,
        "dvar": 69.9318313599,
        "dvar2": 138.467895508,
        "max": 348.651885986,
        "mean": 8.36148452759,
        "median": 3.16399741173,
        "min": 1.15056138055e-16,
        "var": 217.072494507
    },
    "melbands_crest": {
        "dmean": 2.71736860275,
        "dmean2": 4.36245632172,
        "dvar": 5.79352474213,
        "dvar2": 15.5238962173,
        "max": 34.3975067139,
        "mean": 14.351518631,
        "median": 13.7620754242,
        "min": 2.65537071228,
        "var": 21.1158351898
    },
    "melbands_flatness_db": {
        "dmean": 0.0190386399627,
        "dmean2": 0.0301134772599,
        "dvar": 0.000355127209332,
        "dvar2": 0.000897353049368,
        "max": 0.498549848795,
        "mean": 0.301459908485,
        "median": 0.304979175329,
        "min": 0.0108473207802,
        "var": 0.00444894330576
    },
    "melbands_kurtosis": {
        "dmean": 4.88401174545,
        "dmean2": 7.73174858093,
        "dvar": 43.4688415527,
        "dvar2": 105.62197113,
        "max": 155.174621582,
        "mean": 13.2559862137,
        "median": 9.57147121429,
        "min": -1.94774484634,
        "var": 188.535598755
    },
    "melbands_skewness": {
        "dmean": 0.532013177872,
        "dmean2": 0.828995704651,
        "dvar": 0.247832834721,
        "dvar2": 0.609982430935,
        "max": 9.22432804108,
        "mean": 2.27513051033,
        "median": 2.25044631958,
        "min": -3.53328990936,
        "var": 2.16767048836
    },
    "melbands_spread": {
        "dmean": 2.58485031128,
        "dmean2": 4.15730428696,
        "dvar": 15.036324501,
        "dvar2": 37.7469482422,
        "max": 105.269599915,
        "mean": 11.2153177261,
        "median": 7.09540271759,
        "min": 0.649423062801,
        "var": 115.726409912
    },
    "pitch_salience": {
        "dmean": 0.0620497502387,
        "dmean2": 0.0992773547769,
        "dvar": 0.00294552580453,
        "dvar2": 0.00774714490399,
        "max": 0.855285406113,
        "mean": 0.555954694748,
        "median": 0.555511295795,
        "min": 0.0819251313806,
        "var": 0.0140601210296
    },
    "silence_rate_20dB": {
        "dmean": 0,
        "dmean2": 0,
        "dvar": 0,
        "dvar2": 0,
        "max": 1,
        "mean": 1,
        "median": 1,
        "min": 1,
        "var": 0
    },
    "silence_rate_30dB": {
        "dmean": 0.00531829148531,
        "dmean2": 0.0106374407187,
        "dvar": 0.00529028568417,
        "dvar2": 0.0121342567727,
        "max": 1,
        "mean": 0.994843304157,
        "median": 1,
        "min": 0,
        "var": 0.00513020949438
    },
    "silence_rate_60dB": {
        "dmean": 0.0441579371691,
        "dmean2": 0.0883229896426,
        "dvar": 0.0422106534243,
        "dvar2": 0.094553001225,
        "max": 1,
        "mean": 0.249375551939,
        "median": 0,
        "min": 0,
        "var": 0.187164187431
    },
    "spectral_centroid": {
        "dmean": 90.0910186768,
        "dmean2": 144.548599243,
        "dvar": 22635.1855469,
        "dvar2": 47929,
        "max": 11096.5390625,
        "mean": 659.18170166,
        "median": 492.053009033,
        "min": 196.288818359,
        "var": 193037.78125
    },
    "spectral_complexity": {
        "dmean": 1.2907333374,
        "dmean2": 2.19816255569,
        "dvar": 2.1009850502,
        "dvar2": 5.41324424744,
        "max": 37,
        "mean": 8.21029758453,
        "median": 8,
        "min": 0,
        "var": 19.6627693176
    },
    "spectral_decrease": {
        "dmean": 1.17833764968e-09,
        "dmean2": 1.81776482755e-09,
        "dvar": 6.15466505825e-18,
        "dvar2": 1.37985422508e-17,
        "max": -9.34079694332e-29,
        "mean": -4.52339721235e-09,
        "median": -1.96958205301e-09,
        "min": -5.98304481514e-08,
        "var": 3.12454605462e-17
    },
    "spectral_energy": {
        "dmean": 0.00462836492807,
        "dmean2": 0.00711771659553,
        "dvar": 9.88331375993e-05,
        "dvar2": 0.000218923974899,
        "max": 0.251376122236,
        "mean": 0.0178306978196,
        "median": 0.00774279935285,
        "min": 1.07884643651e-20,
        "var": 0.000492550781928
    },
    "spectral_energyband_high": {
        "dmean": 1.73382632056e-05,
        "dmean2": 2.91506021313e-05,
        "dvar": 9.24026277715e-09,
        "dvar2": 2.53177798726e-08,
        "max": 0.00473158620298,
        "mean": 4.21105869464e-05,
        "median": 4.53781558463e-06,
        "min": 7.78776329552e-21,
        "var": 2.29151684294e-08
    },
    "spectral_energyband_low": {
        "dmean": 0.00160929223057,
        "dmean2": 0.00277841067873,
        "dvar": 1.19319838632e-05,
        "dvar2": 3.63364415534e-05,
        "max": 0.068264618516,
        "mean": 0.00328135513701,
        "median": 0.00111695879605,
        "min": 2.48892510242e-23,
        "var": 2.6694884582e-05
    },
    "spectral_energyband_middle_high": {
        "dmean": 0.00106449506711,
        "dmean2": 0.00151467660908,
        "dvar": 3.57398821507e-05,
        "dvar2": 6.87068022671e-05,
        "max": 0.248043045402,
        "mean": 0.00267355330288,
        "median": 0.000433905835962,
        "min": 1.99680127595e-21,
        "var": 9.78577809292e-05
    },
    "spectral_energyband_middle_low": {
        "dmean": 0.00333397788927,
        "dmean2": 0.00497042061761,
        "dvar": 4.67503341497e-05,
        "dvar2": 0.000103167556517,
        "max": 0.203750699759,
        "mean": 0.0125205302611,
        "median": 0.00512650469318,
        "min": 2.0623359777e-22,
        "var": 0.000272095028777
    },
    "spectral_entropy": {
        "dmean": 0.142663538456,
        "dmean2": 0.221154719591,
        "dvar": 0.0223554521799,
        "dvar2": 0.0548710636795,
        "max": 9.79046344757,
        "mean": 6.65587425232,
        "median": 6.63201093674,
        "min": 5.1500749588,
        "var": 0.260952800512
    },
    "spectral_flux": {
        "dmean": 0.0127195911482,
        "dmean2": 0.0210543889552,
        "dvar": 0.000470021885121,
        "dvar2": 0.00117228424642,
        "max": 0.41969832778,
        "mean": 0.0426841713488,
        "median": 0.0352739915252,
        "min": 1.0386753263e-10,
        "var": 0.00105699070264
    },
    "spectral_kurtosis": {
        "dmean": 5.08545541763,
        "dmean2": 8.97220039368,
        "dvar": 30.3343524933,
        "dvar2": 90.4829559326,
        "max": 83.7990112305,
        "mean": 14.6392278671,
        "median": 11.8937282562,
        "min": -1.15289795399,
        "var": 99.8568725586
    },
    "spectral_rms": {
        "dmean": 0.000462654803414,
        "dmean2": 0.000708583858795,
        "dvar": 4.42244328269e-07,
        "dvar2": 9.8072223409e-07,
        "max": 0.0156603008509,
        "mean": 0.00348483771086,
        "median": 0.00274844514206,
        "min": 3.24427659217e-12,
        "var": 5.2517380027e-06
    },
    "spectral_rolloff": {
        "dmean": 135.850540161,
        "dmean2": 239.776245117,
        "dvar": 100520.203125,
        "dvar2": 230357.21875,
        "max": 18367.8222656,
        "mean": 718.426696777,
        "median": 495.263671875,
        "min": 64.599609375,
        "var": 357615.21875
    },
    "spectral_skewness": {
        "dmean": 0.401267766953,
        "dmean2": 0.700502157211,
        "dvar": 0.150431901217,
        "dvar2": 0.447830826044,
        "max": 7.16151428223,
        "mean": 2.68810248375,
        "median": 2.55921769142,
        "min": 0.0119702015072,
        "var": 0.767563343048
    },
    "spectral_spread": {
        "dmean": 261780.140625,
        "dmean2": 443327.75,
        "dvar": 192324599808,
        "dvar2": 327392821248,
        "max": 39361848,
        "mean": 2649398,
        "median": 2581334.5,
        "min": 941812.4375,
        "var": 653507624960
    },
    "spectral_strongpeak": {
        "dmean": 0.353548556566,
        "dmean2": 0.553580343723,
        "dvar": 0.637881278992,
        "dvar2": 1.32768237591,
        "max": 26.6479816437,
        "mean": 1.03931927681,
        "median": 0.507215738297,
        "min": 0,
        "var": 2.45717048645
    },
    "zerocrossingrate": {
        "dmean": 0.00331130228005,
        "dmean2": 0.00436903303489,
        "dvar": 2.26836400543e-05,
        "dvar2": 2.79863797914e-05,
        "max": 0.5009765625,
        "mean": 0.0301543865353,
        "median": 0.0244140625,
        "min": 0.00537109375,
        "var": 0.000318682083162
    },
    "barkbands": {
        "dmean": [0.000161780335475, 0.000337773846695, 0.00108340964653, 0.000744328834116, 0.00186705007218, 0.000704448379111, 0.000540486362297, 0.000562891596928, 0.000321378844092, 0.000278351624729, 0.000160498020705, 0.000429567240644, 9.61325349635e-05, 0.000244832132012, 2.96171328955e-05, 6.84914557496e-05, 8.37470142869e-05, 2.95290392387e-05, 2.44863258558e-05, 1.09457687358e-05, 5.27751808477e-06, 4.54514702142e-06, 1.81711425284e-06, 1.40915847169e-06, 1.26558177271e-06, 4.77227843021e-07, 1.33418481596e-07],
        "dmean2": [0.000281319284113, 0.000566473114304, 0.00187244999688, 0.00131151732057, 0.00297480681911, 0.00093567953445, 0.000717776536476, 0.000706348509993, 0.000442482210929, 0.000383279315429, 0.000242049514782, 0.000600961502641, 0.000146373466123, 0.000373278948246, 4.68563084723e-05, 0.00011080603872, 0.000139005074743, 4.96808534081e-05, 4.19898715336e-05, 1.79688177013e-05, 8.88867634785e-06, 7.29942985345e-06, 3.16204136652e-06, 2.30338969232e-06, 2.17722549678e-06, 8.25790209547e-07, 2.28275425229e-07],
        "dvar": [1.50279777245e-06, 9.85432279776e-07, 5.83729024584e-06, 2.46079275712e-06, 1.88628473552e-05, 5.78683420827e-06, 2.14908709495e-06, 5.02527927893e-06, 3.81703375751e-06, 3.21733818964e-06, 2.18288300857e-06, 1.75822642632e-05, 8.0014501691e-07, 1.04639184428e-05, 3.04980858346e-08, 4.89269993409e-08, 1.04888535191e-07, 2.26824141691e-08, 1.34004496388e-08, 1.88580262517e-09, 1.23044074929e-09, 7.40489336515e-10, 2.51105081173e-10, 1.54383880679e-10, 2.15969978012e-10, 2.17258815105e-11, 1.07903584071e-12],
        "dvar2": [4.71437624583e-06, 2.83208100882e-06, 1.78701866389e-05, 7.50040817366e-06, 4.85407763335e-05, 9.51155016082e-06, 3.51455696546e-06, 9.70855035121e-06, 6.38706569589e-06, 5.24833012605e-06, 3.64134325537e-06, 3.25032124238e-05, 1.81556367806e-06, 2.06437925954e-05, 5.59735973127e-08, 1.28279268097e-07, 2.74160981917e-07, 6.55705321151e-08, 3.84515708163e-08, 4.92212182124e-09, 3.26816529395e-09, 1.80233661329e-09, 7.06329605915e-10, 4.01489980151e-10, 6.10227202102e-10, 5.71751083978e-11, 2.59258651873e-12],
        "max": [0.0535576567054, 0.0351589471102, 0.0403552129865, 0.0361328981817, 0.110177733004, 0.0905611515045, 0.0454992577434, 0.107013218105, 0.0971658825874, 0.0896156281233, 0.0582828707993, 0.242460921407, 0.0584216043353, 0.186309859157, 0.01663341932, 0.0065985401161, 0.00926052127033, 0.00430227443576, 0.00570954987779, 0.00110792985652, 0.00132999592461, 0.00119433680084, 0.000996301649138, 0.000724604993593, 0.000981075456366, 0.00025046771043, 3.37412457156e-05],
        "mean": [0.000169244129211, 0.000547608011402, 0.00190831557848, 0.00114020309411, 0.00458912691101, 0.00259231287055, 0.00174900621641, 0.00158471590839, 0.000810550409369, 0.000608992180787, 0.000326691515511, 0.000768425699789, 0.000175700872205, 0.000383793318179, 5.50311960978e-05, 0.000146199236042, 0.000136313145049, 4.90760576213e-05, 4.14819805883e-05, 2.05550259125e-05, 9.28182817006e-06, 1.00783599919e-05, 3.31552723765e-06, 2.21080426854e-06, 1.7106838186e-06, 6.39705774574e-07, 1.66286213243e-07],
        "median": [3.04789318761e-06, 0.000110338136437, 0.000451808969956, 0.0004804233904, 0.00147926073987, 0.000539310101885, 0.000349512381945, 0.00013921126083, 9.25539061427e-05, 6.21339131612e-05, 2.67948835244e-05, 4.40007497673e-05, 2.01010352612e-05, 2.28391909332e-05, 1.22365536299e-05, 1.22234241644e-05, 7.43426699046e-06, 5.11208691023e-06, 3.28176793118e-06, 1.80120230198e-06, 1.33132607516e-06, 7.59486226798e-07, 3.99558388153e-07, 2.7977145578e-07, 1.76472184421e-07, 6.13609216771e-08, 2.593499282e-08],
        "min": [3.56878306939e-24, 1.76777875512e-23, 2.08311462127e-24, 4.8513726881e-24, 6.07506074514e-23, 2.26980115773e-23, 2.16336757108e-23, 3.53112979175e-23, 5.01384876784e-23, 4.01945646465e-23, 3.40749540861e-23, 6.64365969494e-23, 7.36205701975e-23, 1.89842027414e-22, 1.76605118129e-22, 4.11988552607e-22, 3.37040178045e-22, 3.12976032929e-22, 2.0957959232e-22, 2.16317297488e-22, 4.62638319971e-22, 5.03189052161e-22, 7.45254340455e-22, 9.27924890177e-22, 1.1994279431e-21, 1.71981471835e-21, 2.43234034319e-21],
        "var": [1.56241696914e-06, 1.70650321252e-06, 1.19045562315e-05, 3.23714903061e-06, 6.43212188152e-05, 4.8448175221e-05, 1.54079862114e-05, 2.68913936452e-05, 1.91020717466e-05, 1.31055776365e-05, 6.69876362736e-06, 4.0679005906e-05, 2.39551468439e-06, 1.40124166137e-05, 8.98401424365e-08, 1.76586524958e-07, 2.15188180164e-07, 5.17106606424e-08, 1.89823126107e-08, 4.58441240525e-09, 2.22579510378e-09, 2.11385264848e-09, 2.78706363543e-10, 1.45283229891e-10, 1.54418602905e-10, 1.80175908915e-11, 1.03725155635e-12]
    },
    "erbbands": {
        "dmean": [0.00990658998489, 0.090671338141, 0.940513253212, 2.01386332512, 5.55700063705, 5.40952777863, 6.27838754654, 5.44834184647, 9.59863090515, 7.38491439819, 9.72835540771, 5.83554172516, 7.86112451553, 4.61692905426, 13.5018939972, 11.3164901733, 4.6042432785, 7.8716006279, 7.57942581177, 1.99239110947, 3.96443772316, 5.8946595192, 1.75391888618, 1.4980494976, 0.606206774712, 0.497840255499, 0.275767296553, 0.194831266999, 0.221270665526, 0.0748841390014, 0.0456058532, 0.0300471372902, 0.0252461377531, 0.0188359934837, 0.00575172388926, 0.00256631756201, 0.000780315313023, 0.000167923790286, 2.26576466957e-05, 5.64763422517e-06],
        "dmean2": [0.0171946063638, 0.150870755315, 1.59663128853, 3.56025385857, 9.12188148499, 8.70211219788, 8.61014080048, 7.30227947235, 12.6835451126, 9.18001270294, 12.7379388809, 8.11684036255, 10.6199359894, 6.60126399994, 19.1798763275, 15.7143268585, 7.04942989349, 12.1678142548, 11.2648420334, 3.09266519547, 6.51750516891, 9.74784564972, 2.95840024948, 2.50233078003, 1.03831028938, 0.811530470848, 0.463913738728, 0.325156331062, 0.348878741264, 0.128915801644, 0.0763672888279, 0.0497913174331, 0.0413579717278, 0.0324126593769, 0.00991617422551, 0.00446683214977, 0.00133795349393, 0.000287301489152, 3.88132066291e-05, 8.70303210831e-06],
        "dvar": [0.00250582955778, 0.0493721440434, 4.28607177734, 17.6281318665, 218.879928589, 147.001602173, 230.909042358, 625.270568848, 668.267272949, 891.012634277, 1737.48498535, 967.619812012, 2217.27880859, 703.281738281, 10972.6552734, 10808.3798828, 1551.84509277, 6030.90283203, 17242.2832031, 75.2080154419, 147.888442993, 513.064880371, 77.6939468384, 36.3584632874, 7.75372934341, 4.10557031631, 1.75139462948, 2.18399047852, 1.77785110474, 0.376527637243, 0.144404530525, 0.0724056139588, 0.0601646453142, 0.0539390929043, 0.00263600656763, 0.000656414311379, 5.34666978638e-05, 1.56922135375e-06, 3.00270137643e-08, 2.08842679261e-10],
        "dvar2": [0.0075602135621, 0.134506672621, 12.6387367249, 55.5470542908, 570.648254395, 390.985534668, 436.172790527, 966.255371094, 1086.62145996, 1479.15905762, 3487.62792969, 1759.05554199, 3520.20629883, 1196.49694824, 19697.7539062, 19656.3515625, 3744.97900391, 13631.9970703, 32511.4101562, 145.062301636, 405.958251953, 1338.44641113, 236.257293701, 97.5615005493, 22.0573043823, 10.6341161728, 4.90566778183, 5.45955848694, 4.12494468689, 1.04836893082, 0.393418103456, 0.193503946066, 0.156536728144, 0.152760386467, 0.00728292018175, 0.00177151151001, 0.000137518087286, 3.75702666133e-06, 7.07455853899e-08, 4.49629888877e-10],
        "max": [1.84308493137, 9.40305042267, 37.0987167358, 79.6651763916, 403.588470459, 283.7840271, 953.325561523, 948.043273926, 820.407165527, 1660.1817627, 1708.83007812, 1359.71984863, 2024.85974121, 1232.64697266, 4493.91259766, 5983.8671875, 2391.54907227, 3283.7512207, 7955.90478516, 621.411560059, 351.765289307, 650.893798828, 307.699676514, 213.689926147, 133.795761108, 50.5624771118, 51.8423309326, 71.5819168091, 52.1334838867, 39.5297012329, 22.7791252136, 14.720249176, 15.9749708176, 15.7470331192, 2.89767026901, 1.48443293571, 0.312168806791, 0.0476846471429, 0.00587978959084, 0.000545707880519],
        "mean": [0.0126039786264, 0.161317482591, 1.69862043858, 3.79495596886, 10.1931810379, 13.8937902451, 22.5284862518, 19.6580905914, 31.263551712, 24.4468231201, 25.4233665466, 14.8959941864, 18.7893772125, 10.8011312485, 27.5810852051, 21.1512336731, 8.68295955658, 13.4439983368, 12.1099557877, 4.34372711182, 8.35520076752, 9.75713729858, 3.28093457222, 2.71795725822, 1.15317642689, 0.94929420948, 0.502037584782, 0.380526334047, 0.488556683064, 0.153175383806, 0.0833796858788, 0.0460556745529, 0.0413828790188, 0.0252482127398, 0.00818518642336, 0.00343070970848, 0.00106427818537, 0.000232500518905, 3.56830714736e-05, 2.11527840293e-05],
        "median": [0.00176319282036, 0.0403732471168, 0.412464022636, 1.45596909523, 3.27320837975, 4.20761299133, 5.87334346771, 4.29074287415, 5.87684488297, 2.94466853142, 3.56136703491, 2.34658241272, 2.33123016357, 1.65417551994, 1.93140482903, 1.69848942757, 1.14855611324, 1.13058269024, 1.03864550591, 0.801764011383, 0.79070019722, 0.592612981796, 0.370471388102, 0.246786519885, 0.142128482461, 0.0898668169975, 0.0669884681702, 0.0443865731359, 0.027566248551, 0.0195727925748, 0.0104881990701, 0.0063295182772, 0.00493542384356, 0.00227905949578, 0.000928705208935, 0.000384141429095, 0.0001053698943, 2.69837019005e-05, 1.00388733699e-05, 9.39997880778e-06],
        "min": [8.52979317649e-22, 2.67523518499e-21, 1.94234508433e-21, 1.17834245093e-20, 1.05782822951e-19, 2.35352400564e-19, 1.1663609821e-19, 2.81608624761e-19, 2.01266071129e-19, 5.50172042576e-19, 1.09095465462e-18, 1.05078428253e-18, 9.89567643928e-19, 1.26588195088e-18, 2.77082633661e-18, 1.79645927381e-18, 2.86646061634e-18, 6.38319562276e-18, 1.3448261867e-17, 1.72082535276e-17, 1.80779826565e-17, 1.76505304575e-17, 1.76535165795e-17, 1.43697418966e-17, 1.01275138651e-17, 1.15033906749e-17, 1.24026890292e-17, 2.13589002576e-17, 1.78491348682e-17, 2.49183560407e-17, 1.93316476667e-17, 1.46241892705e-17, 1.87647576319e-17, 1.23545711057e-17, 9.47800006757e-18, 5.3608446398e-18, 3.37675454008e-18, 1.38231506672e-18, 3.36588166452e-19, 3.4991297337e-20],
        "var": [0.00317927380092, 0.102932043374, 8.94180870056, 35.6949462891, 507.696563721, 559.579467773, 2129.67504883, 4237.27587891, 4820.07373047, 6985.34082031, 6917.5078125, 4375.85009766, 10987.7685547, 2824.11572266, 32269.171875, 25701.9550781, 4283.51123047, 8873.37597656, 23140.0332031, 217.910125732, 501.032104492, 1052.80419922, 213.676589966, 75.5733184814, 11.7871952057, 10.2001829147, 2.54033017159, 5.38123178482, 5.62323951721, 0.463356286287, 0.158722952008, 0.0658062621951, 0.0573871843517, 0.0385268777609, 0.00214355485514, 0.000508458702825, 4.7059103963e-05, 1.62130208992e-06, 2.98279765332e-08, 7.6544820482e-10]
    },
    "gfcc": {
        "mean": [-118.365844727, 148.501235962, -115.597412109, 11.2553129196, -50.5742225647, -11.4873113632, -44.2705421448, -10.7262916565, -23.1624164581, -10.1024608612, -15.4495420456, -7.75710916519, -9.7226858139],
        "cov": [[4327.03808594, 675.858459473, -20.6692886353, 77.7250061035, -87.2872085571, -184.581970215, 159.037124634, 200.130966187, 86.3655548096, -94.1482543945, -12.5388383865, -73.2221069336, -11.2799339294], [675.858459473, 1082.27355957, 247.378707886, -169.27633667, 27.4565830231, -75.8536300659, 180.518188477, -37.5035743713, 111.847091675, -69.3817214966, 147.467147827, -35.4630508423, 85.7619476318], [-20.6692886353, 247.378707886, 756.671386719, 123.230491638, -39.9679985046, 23.2364521027, -42.2671928406, 5.18820905685, 59.5293312073, 60.8051605225, 6.65364456177, 3.99605226517, -6.17413806915], [77.7250061035, -169.27633667, 123.230491638, 319.259887695, 51.4409484863, 54.6251220703, -14.4429264069, 54.2430953979, 16.7035236359, 24.317987442, -25.002407074, -1.71516060829, -27.7599220276], [-87.2872085571, 27.4565830231, -39.9679985046, 51.4409484863, 186.797683716, 96.2095718384, 66.6882553101, 18.0006561279, -18.8164615631, -7.89542341232, 13.290769577, 12.1996307373, 9.79631328583], [-184.581970215, -75.8536300659, 23.2364521027, 54.6251220703, 96.2095718384, 247.049194336, 104.676742554, 34.8532295227, -4.28358888626, 19.9881305695, 20.3976612091, 12.0438623428, 10.8599720001], [159.037124634, 180.518188477, -42.2671928406, -14.4429264069, 66.6882553101, 104.676742554, 196.706863403, 71.7731552124, 36.1195449829, -18.7183189392, 31.577671051, -3.60533976555, 26.952627182], [200.130966187, -37.5035743713, 5.18820905685, 54.2430953979, 18.0006561279, 34.8532295227, 71.7731552124, 135.53288269, 50.6472091675, 12.0687427521, -20.232000351, -6.66010570526, -12.9028244019], [86.3655548096, 111.847091675, 59.5293312073, 16.7035236359, -18.8164615631, -4.28358888626, 36.1195449829, 50.6472091675, 118.999931335, 38.0396690369, 4.8373003006, -18.9997749329, -11.2992305756], [-94.1482543945, -69.3817214966, 60.8051605225, 24.317987442, -7.89542341232, 19.9881305695, -18.7183189392, 12.0687427521, 38.0396690369, 97.2288894653, 24.8488559723, 7.62764263153, -25.5883865356], [-12.5388383865, 147.467147827, 6.65364456177, -25.002407074, 13.290769577, 20.3976612091, 31.577671051, -20.232000351, 4.8373003006, 24.8488559723, 117.373458862, 29.3880767822, 20.9974994659], [-73.2221069336, -35.4630508423, 3.99605226517, -1.71516060829, 12.1996307373, 12.0438623428, -3.60533976555, -6.66010570526, -18.9997749329, 7.62764263153, 29.3880767822, 80.092086792, 28.7468605042], [-11.2799339294, 85.7619476318, -6.17413806915, -27.7599220276, 9.79631328583, 10.8599720001, 26.952627182, -12.9028244019, -11.2992305756, -25.5883865356, 20.9974994659, 28.7468605042, 88.9354553223]],
        "icov": [[0.000350287242327, -0.000571993354242, 0.00026598374825, -0.000376632553525, 0.000441228970885, 1.01470786831e-05, 0.000165741381352, -0.00081556616351, 0.00063354393933, -0.000266229530098, 0.000452521140687, -0.000154830835527, 0.000225621901336], [-0.000571993354242, 0.00519260019064, -0.00253840908408, 0.00223637954332, -0.00267933192663, 0.00312763475813, -0.0042911041528, 0.00396861275658, -0.00518838362768, 0.00478194514289, -0.00561438919976, 0.00300909974612, -0.00169901235495], [0.00026598374825, -0.00253840908408, 0.00281153223477, -0.00170372636057, 0.00175179587677, -0.00188015878666, 0.00246931845322, -0.00161146826576, 0.00176043703686, -0.00281741516665, 0.00270704831928, -0.00154107727576, 0.000471479404951], [-0.000376632553525, 0.00223637954332, -0.00170372636057, 0.00526495324448, -0.00256462511607, 0.000297542894259, 6.06994035479e-05, -0.000155708825332, -0.0024785567075, 0.0021297968924, -0.00206629931927, 0.0011706618825, -6.6733751737e-05], [0.000441228970885, -0.00267933192663, 0.00175179587677, -0.00256462511607, 0.00911806244403, -0.00334522384219, 7.73686697357e-05, -0.00176730542444, 0.00404996983707, -0.00207525282167, 0.00260643800721, -0.00213978928514, 0.00107880064752], [1.01470786831e-05, 0.00312763475813, -0.00188015878666, 0.000297542894259, -0.00334522384219, 0.00929009076208, -0.00715803774074, 0.00251752347685, -0.000884901732206, 6.18031772319e-05, -0.00282588647678, 0.00177644914947, -0.00128545367625], [0.000165741381352, -0.0042911041528, 0.00246931845322, 6.06994035479e-05, 7.73686697357e-05, -0.00715803774074, 0.0162076689303, -0.00862059555948, 0.000774849380832, 0.000587154296227, 0.000812139478512, -0.000735499197617, -0.000634249823634], [-0.00081556616351, 0.00396861275658, -0.00161146826576, -0.000155708825332, -0.00176730542444, 0.00251752347685, -0.00862059555948, 0.0166019778699, -0.00748724956065, 0.00181779428385, -0.000214061496081, -6.42538871034e-05, 0.000460577546619], [0.00063354393933, -0.00518838362768, 0.00176043703686, -0.0024785567075, 0.00404996983707, -0.000884901732206, 0.000774849380832, -0.00748724956065, 0.0191823504865, -0.0107058929279, 0.00540132075548, 0.000396944727981, 0.000726316706277], [-0.000266229530098, 0.00478194514289, -0.00281741516665, 0.0021297968924, -0.00207525282167, 6.18031772319e-05, 0.000587154296227, 0.00181779428385, -0.0107058929279, 0.0219439659268, -0.00993305817246, 0.000371872825781, 0.00330942682922], [0.000452521140687, -0.00561438919976, 0.00270704831928, -0.00206629931927, 0.00260643800721, -0.00282588647678, 0.000812139478512, -0.000214061496081, 0.00540132075548, -0.00993305817246, 0.0184985678643, -0.00694496976212, 0.000500871799886], [-0.000154830835527, 0.00300909974612, -0.00154107727576, 0.0011706618825, -0.00213978928514, 0.00177644914947, -0.000735499197617, -6.42538871034e-05, 0.000396944727981, 0.000371872825781, -0.00694496976212, 0.0188161376864, -0.00671546254307], [0.000225621901336, -0.00169901235495, 0.000471479404951, -6.6733751737e-05, 0.00107880064752, -0.00128545367625, -0.000634249823634, 0.000460577546619, 0.000726316706277, 0.00330942682922, 0.000500871799886, -0.00671546254307, 0.016317050904]]
    },
    "melbands": {
        "dmean": [8.92317912076e-05, 0.000360386038665, 0.000393503520172, 0.000435751542682, 0.000209100064239, 0.000129399937578, 0.000126052560518, 9.83348800219e-05, 7.67457313486e-05, 3.77382311854e-05, 4.27803388448e-05, 2.31850499404e-05, 2.94713554467e-05, 6.27921690466e-05, 7.00773807694e-06, 1.44053328768e-05, 1.50370560732e-05, 1.652280298e-05, 2.89835725198e-06, 3.69193730876e-06, 4.28990551882e-06, 6.84343285684e-06, 2.12956342693e-06, 1.33347737119e-06, 1.31112119561e-06, 8.36372180402e-07, 2.29723582379e-07, 4.11434029957e-07, 2.31702045994e-07, 1.4216671218e-07, 9.28803771671e-08, 1.3879503058e-07, 7.61918386161e-08, 4.45453061104e-08, 2.83259957712e-08, 2.80313763312e-08, 1.66865152806e-08, 1.69356955126e-08, 2.17401812108e-08, 1.37535556277e-08],
        "dmean2": [0.000152304375661, 0.000611457857303, 0.000683782796841, 0.000705548620317, 0.000294768484309, 0.000171640363988, 0.000167875157786, 0.000121963799756, 0.000102708625491, 5.19180393894e-05, 5.74647820031e-05, 3.25085347868e-05, 4.35584588558e-05, 8.61826265464e-05, 1.13686674013e-05, 2.18811401282e-05, 2.33098526223e-05, 2.45297869697e-05, 4.55631925433e-06, 5.86434543948e-06, 7.07317940396e-06, 1.13959613373e-05, 3.51496282747e-06, 2.23689289669e-06, 2.19167327487e-06, 1.44300508964e-06, 3.85342701748e-07, 6.68264760861e-07, 3.85373311929e-07, 2.38335061908e-07, 1.54633767124e-07, 2.13788368342e-07, 1.27368707581e-07, 7.55264721874e-08, 4.8018783616e-08, 4.39200711355e-08, 2.85462515848e-08, 2.73501328252e-08, 3.66439145694e-08, 2.3819504591e-08],
        "dvar": [1.37656883226e-07, 6.24297399554e-07, 6.83194230078e-07, 1.17834974844e-06, 2.26395357572e-07, 2.50661997825e-07, 1.14619261637e-07, 1.64231892086e-07, 1.32048469936e-07, 4.62109746024e-08, 6.69327846481e-08, 2.15084323685e-08, 5.44470957209e-08, 3.71085519646e-07, 8.00147115232e-10, 1.93342604149e-08, 2.35399504334e-08, 9.00527794556e-08, 3.51707829527e-10, 2.08827954928e-10, 1.949066325e-10, 7.19366899382e-10, 6.79357819999e-11, 4.78273913529e-11, 2.94418864288e-11, 2.09673545887e-11, 1.30829570268e-12, 3.30533365435e-12, 1.0363170825e-12, 1.19241292187e-12, 4.17741796016e-13, 7.53436158948e-13, 2.51004485209e-13, 1.26380947808e-13, 4.50348580042e-14, 3.85710581042e-14, 3.17014921529e-14, 2.42070462796e-14, 6.81746597109e-14, 2.50935340215e-14],
        "dvar2": [4.17339094838e-07, 1.83055760772e-06, 1.99248120225e-06, 3.03057163364e-06, 4.64123814936e-07, 3.95530321384e-07, 1.89104767401e-07, 2.87586885861e-07, 2.53179138099e-07, 7.7104296281e-08, 1.05063293176e-07, 3.42740307246e-08, 9.81520074106e-08, 6.83722134909e-07, 2.06344719089e-09, 4.31907700715e-08, 5.21665377562e-08, 1.69949515794e-07, 6.16620643434e-10, 5.04035146953e-10, 5.32842714396e-10, 1.9042150079e-09, 1.83066284354e-10, 1.35681021973e-10, 7.94585508501e-11, 6.03715688552e-11, 3.53169598601e-12, 8.63137946533e-12, 2.76953937214e-12, 3.21682914681e-12, 1.04455691059e-12, 1.64468297922e-12, 6.78433817371e-13, 3.52628489559e-13, 1.22517447576e-13, 1.00156733222e-13, 8.45965279165e-14, 6.10321594153e-14, 1.90663796058e-13, 7.11926448783e-14],
        "max": [0.0143773462623, 0.0163005255163, 0.016811888665, 0.0279075987637, 0.0260515008122, 0.0182809699327, 0.0105704292655, 0.0220163837075, 0.0186811257154, 0.0114698112011, 0.0114743672311, 0.00708361482248, 0.0085228132084, 0.0349812358618, 0.000721778429579, 0.0081026442349, 0.00669810082763, 0.0181936342269, 0.00186882261187, 0.000378287048079, 0.000413811707404, 0.000698729825672, 0.000259516644292, 0.000185093536857, 0.000201152928639, 0.000241443689447, 3.28000496665e-05, 4.93185179948e-05, 3.26948356815e-05, 4.44182587671e-05, 2.93379871437e-05, 3.74566297978e-05, 2.65352773567e-05, 2.21833161049e-05, 1.11862345875e-05, 9.97317965812e-06, 9.89185900835e-06, 9.20093225432e-06, 1.81319319381e-05, 1.03201709862e-05],
        "mean": [0.000134152272949, 0.000667678192258, 0.000772154773585, 0.00096206436865, 0.000751306477468, 0.000483892392367, 0.000400429300498, 0.000296850543236, 0.000199459303985, 9.18517835089e-05, 0.00010027494136, 5.20923786098e-05, 6.13768133917e-05, 0.000117103947559, 1.16401515697e-05, 2.5716079108e-05, 2.48932483373e-05, 2.53302096098e-05, 5.31758541911e-06, 8.0051158875e-06, 8.58108433022e-06, 1.09087222881e-05, 3.71250280295e-06, 2.20927313421e-06, 2.29142483477e-06, 1.40692498007e-06, 3.97753268544e-07, 7.46867556245e-07, 3.90782673776e-07, 2.45889992811e-07, 1.63016551369e-07, 2.90763239263e-07, 1.6275502901e-07, 6.94297099813e-08, 4.76865018584e-08, 4.41265015638e-08, 2.17610018893e-08, 2.67237609819e-08, 3.06445642195e-08, 1.7608398295e-08],
        "median": [2.30806035688e-05, 0.000168669692357, 0.000320761231706, 0.000306477944832, 0.00020310691616, 0.000110117129225, 7.24261553842e-05, 2.52283625741e-05, 2.71518838417e-05, 1.15849643407e-05, 1.08077992991e-05, 6.32942465018e-06, 5.20306093676e-06, 5.31280329596e-06, 2.60562705989e-06, 1.72118052433e-06, 2.00342446988e-06, 1.65108383499e-06, 9.0117828222e-07, 8.63189768552e-07, 7.66965172261e-07, 4.78812125948e-07, 3.68456511524e-07, 2.31350469448e-07, 1.88866266626e-07, 1.08720634273e-07, 6.09737895729e-08, 5.0158444509e-08, 4.28830517762e-08, 3.09569898604e-08, 2.28954153414e-08, 1.56838986243e-08, 1.29550139505e-08, 9.43549327559e-09, 6.23530782562e-09, 4.46682202337e-09, 3.30503224788e-09, 3.2299611874e-09, 2.74425260294e-09, 1.4771986967e-09],
        "min": [6.38890676859e-24, 1.78981002304e-24, 3.59961293686e-24, 1.40264186337e-23, 5.31047356329e-24, 5.53171749277e-24, 3.54556018763e-24, 5.9496358844e-24, 9.71867957762e-24, 6.38436924066e-24, 4.8677845448e-24, 4.89015742894e-24, 7.28475575079e-24, 9.26728705677e-24, 2.98311458956e-24, 8.0561283986e-24, 1.16148487583e-23, 2.37211531274e-23, 1.48995361944e-23, 2.72987745943e-23, 1.96100013644e-23, 1.76318711134e-23, 1.98553828598e-23, 1.36887246351e-23, 1.15441234338e-23, 8.28149097086e-24, 6.80313171346e-24, 7.34500973559e-24, 5.24145138953e-24, 1.3464954773e-23, 1.09003332602e-23, 9.80104375588e-24, 1.09416080405e-23, 1.46073720919e-23, 1.08590174592e-23, 9.55371692943e-24, 8.75959432197e-24, 1.29152409955e-23, 1.19230559251e-23, 1.03676951659e-23],
        "var": [2.0946414736e-07, 1.35403161039e-06, 1.30211913074e-06, 3.68812811757e-06, 2.01588864002e-06, 1.797185746e-06, 8.04918272479e-07, 1.15028967684e-06, 5.89834371567e-07, 2.23548397571e-07, 3.25174795535e-07, 8.72774421623e-08, 1.63351415949e-07, 8.86898817498e-07, 1.34492206261e-09, 5.38613491585e-08, 3.27903322273e-08, 1.20715967e-07, 1.08066344762e-09, 7.36955718672e-10, 6.19864770623e-10, 1.45432288434e-09, 1.7944773445e-10, 9.28093435437e-11, 6.05224551031e-11, 2.68156382516e-11, 2.50304876652e-12, 8.55815765477e-12, 1.68920357303e-12, 2.59762805883e-12, 8.26256597863e-13, 2.43268859917e-12, 6.11595084472e-13, 1.29695462269e-13, 5.11595838392e-14, 4.71986849832e-14, 2.58675137652e-14, 2.45925038688e-14, 5.07143494408e-14, 1.81829140774e-14]
    },
    "mfcc": {
        "mean": [-767.875671387, 183.732879639, -6.94699192047, 22.3256206512, 2.76215028763, -2.02205991745, -11.5640029907, -6.93284416199, -8.59694194794, -10.2261600494, -7.74539709091, -5.33569145203, -6.07146263123],
        "cov": [[4071.25439453, 500.717712402, 92.5049743652, 210.855834961, -185.898925781, -194.185638428, 38.1383171082, 197.79385376, 153.186889648, 10.2478475571, 78.2341308594, 82.235710144, 83.9977645874], [500.717712402, 1082.49645996, 188.613113403, -15.1206827164, -65.4639511108, -30.1847229004, 53.0877838135, 53.2888145447, -0.193811655045, 23.2158660889, -7.22052526474, 29.9364128113, 69.6853256226], [92.5049743652, 188.613113403, 581.492370605, 132.060562134, 79.4117126465, 36.9864273071, -28.3972396851, -16.6921615601, 23.8155403137, 38.0156555176, 52.900604248, 48.9910469055, 15.2668790817], [210.855834961, -15.1206827164, 132.060562134, 205.081085205, 71.8104019165, -5.09829854965, -15.019408226, 12.6950674057, 25.6910400391, 20.795753479, 25.8150215149, 31.9105911255, 6.818608284], [-185.898925781, -65.4639511108, 79.4117126465, 71.8104019165, 145.818939209, 69.4496841431, 32.9998321533, 7.00524663925, 9.79928207397, 10.1449279785, 18.5581760406, 15.5875148773, 0.0440374352038], [-194.185638428, -30.1847229004, 36.9864273071, -5.09829854965, 69.4496841431, 165.166534424, 95.4582672119, 48.4274864197, 17.6467113495, 31.0939540863, 31.6181564331, 1.15421056747, -8.15288448334], [38.1383171082, 53.0877838135, -28.3972396851, -15.019408226, 32.9998321533, 95.4582672119, 186.217590332, 98.8805160522, 40.2641983032, 15.9390335083, 21.7143383026, 14.0368127823, 14.0203790665], [197.79385376, 53.2888145447, -16.6921615601, 12.6950674057, 7.00524663925, 48.4274864197, 98.8805160522, 147.174209595, 80.4027404785, 38.6677207947, 20.0327262878, 17.0941734314, 28.9651870728], [153.186889648, -0.193811655045, 23.8155403137, 25.6910400391, 9.79928207397, 17.6467113495, 40.2641983032, 80.4027404785, 122.82334137, 60.5547180176, 26.0236759186, 16.02186203, 5.2211971283], [10.2478475571, 23.2158660889, 38.0156555176, 20.795753479, 10.1449279785, 31.0939540863, 15.9390335083, 38.6677207947, 60.5547180176, 109.487754822, 61.6800270081, 13.7256059647, -7.92812681198], [78.2341308594, -7.22052526474, 52.900604248, 25.8150215149, 18.5581760406, 31.6181564331, 21.7143383026, 20.0327262878, 26.0236759186, 61.6800270081, 119.365921021, 52.830745697, -9.66336345673], [82.235710144, 29.9364128113, 48.9910469055, 31.9105911255, 15.5875148773, 1.15421056747, 14.0368127823, 17.0941734314, 16.02186203, 13.7256059647, 52.830745697, 104.621444702, 48.9621925354], [83.9977645874, 69.6853256226, 15.2668790817, 6.818608284, 0.0440374352038, -8.15288448334, 14.0203790665, 28.9651870728, 5.2211971283, -7.92812681198, -9.66336345673, 48.9621925354, 130.022918701]],
