{
"lowlevel": {
    "average_loudness": 0.015797317028,
    "barkbands_crest": {
        "dmean": 1.57282006741,
        "dmean2": 2.32166409492,
        "dvar": 2.21677470207,
        "dvar2": 5.36819076538,
        "max": 26.2887573242,
        "mean": 12.9927988052,
        "median": 12.4401607513,
        "min": 4.3103313446,
        "var": 17.1792354584
    },
    "barkbands_flatness_db": {
        "dmean": 0.0123176146299,
        "dmean2": 0.0186474677175,
        "dvar": 0.000124153011711,
        "dvar2": 0.000286400812911,
        "max": 0.464256167412,
        "mean": 0.228484541178,
        "median": 0.227725982666,
        "min": 0.0762564092875,
        "var": 0.00275251269341
    },
    "barkbands_kurtosis": {
        "dmean": 3.05140018463,
        "dmean2": 4.65699863434,
        "dvar": 28.5984745026,
        "dvar2": 69.4060287476,
        "max": 221.718261719,
        "mean": 8.99988937378,
        "median": 5.27835464478,
        "min": -1.60435664654,
        "var": 123.165092468
    },
    "barkbands_skewness": {
        "dmean": 0.392483651638,
        "dmean2": 0.582438707352,
        "dvar": 0.164850324392,
        "dvar2": 0.380629450083,
        "max": 12.9343061447,
        "mean": 2.04790258408,
        "median": 1.86672258377,
        "min": -6.36340761185,
        "var": 1.50111889839
    },
    "barkbands_spread": {
        "dmean": 1.49648654461,
        "dmean2": 2.33916354179,
        "dvar": 3.42353224754,
        "dvar2": 8.80896949768,
        "max": 51.8106155396,
        "mean": 8.59306621552,
        "median": 7.04518270493,
        "min": 0.47807058692,
        "var": 39.6572570801
    },
    "dissonance": {
        "dmean": 0.0261077806354,
        "dmean2": 0.0438558347523,
        "dvar": 0.000591130519751,
        "dvar2": 0.00163780152798,
        "max": 0.499736577272,
        "mean": 0.417635530233,
        "median": 0.424110859632,
        "min": 0.0932552963495,
        "var": 0.00186978233978
    },
    "dynamic_complexity": 7.21015787125,
    "erbbands_crest": {
        "dmean": 2.34046673775,
        "dmean2": 3.45085597038,
        "dvar": 5.02302455902,
        "dvar2": 11.9823141098,
        "max": 32.7023849487,
        "mean": 12.3355922699,
        "median": 11.3855714798,
        "min": 3.25846457481,
        "var": 26.1221847534
    },
    "erbbands_flatness_db": {
        "dmean": 0.011244838126,
        "dmean2": 0.0161245949566,
        "dvar": 0.000110601104097,
        "dvar2": 0.000232344333199,
        "max": 0.499535292387,
        "mean": 0.231292203069,
        "median": 0.227689027786,
        "min": 0.0998326018453,
        "var": 0.00306401215494
    },
    "erbbands_kurtosis": {
        "dmean": 1.43070280552,
        "dmean2": 2.16702985764,
        "dvar": 5.76819801331,
        "dvar2": 13.2079153061,
        "max": 92.9304428101,
        "mean": 2.97248387337,
        "median": 1.25509262085,
        "min": -1.7707233429,
        "var": 29.8182086945
    },
    "erbbands_skewness": {
        "dmean": 0.3238697052,
        "dmean2": 0.481412023306,
        "dvar": 0.101723305881,
        "dvar2": 0.227822497487,
        "max": 5.89774942398,
        "mean": 1.04939079285,
        "median": 0.984617352486,
        "min": -3.85819721222,
        "var": 0.960286617279
    },
    "erbbands_spread": {
        "dmean": 3.61457443237,
        "dmean2": 5.42336940765,
        "dvar": 13.7955150604,
        "dvar2": 33.4516487122,
        "max": 81.9389724731,
        "mean": 22.1462192535,
        "median": 19.7746353149,
        "min": 0.374766111374,
        "var": 149.380477905
    },
    "hfc": {
        "dmean": 1.39641535282,
        "dmean2": 2.06949543953,
        "dvar": 10.3326826096,
        "dvar2": 24.4798946381,
        "max": 124.152656555,
        "mean": 8.12713336945,
        "median": 2.59480690956,
        "min": 1.10027104924e-16,
        "var": 161.872451782
    },
    "melbands_crest": {
        "dmean": 1.9076089859,
        "dmean2": 2.91466450691,
        "dvar": 3.50175690651,
        "dvar2": 9.24613285065,
        "max": 31.1948642731,
        "mean": 15.7140274048,
        "median": 14.8068742752,
        "min": 1.9494177103,
        "var": 26.3748855591
    },
    "melbands_flatness_db": {
        "dmean": 0.0128899198025,
        "dmean2": 0.0192583724856,
        "dvar": 0.00014799820201,
        "dvar2": 0.000319975923048,
        "max": 0.53696501255,
        "mean": 0.302136033773,
        "median": 0.301682144403,
        "min": 0.00570171419531,
        "var": 0.00296575343236
    },
    "melbands_kurtosis": {
        "dmean": 3.86068964005,
        "dmean2": 5.75560283661,
        "dvar": 25.8969631195,
        "dvar2": 57.3272705078,
        "max": 158.868255615,
        "mean": 12.0513954163,
        "median": 9.42373275757,
        "min": -1.78196549416,
        "var": 119.853088379
    },
    "melbands_skewness": {
        "dmean": 0.425151914358,
        "dmean2": 0.608651518822,
        "dvar": 0.145556688309,
        "dvar2": 0.321042835712,
        "max": 9.73738861084,
        "mean": 2.36437392235,
        "median": 2.27842760086,
        "min": -4.12874317169,
        "var": 1.44729721546
    },
    "melbands_spread": {
        "dmean": 1.78937518597,
        "dmean2": 2.78861188889,
        "dvar": 7.87573814392,
        "dvar2": 16.4932384491,
        "max": 135.628707886,
        "mean": 9.29522895813,
        "median": 7.99300146103,
        "min": 0.729851305485,
        "var": 36.6737098694
    },
    "pitch_salience": {
        "dmean": 0.0467937141657,
        "dmean2": 0.0724518820643,
        "dvar": 0.00180964439642,
        "dvar2": 0.00462520774454,
        "max": 0.903004348278,
        "mean": 0.489175587893,
        "median": 0.488271564245,
        "min": 0.0960889682174,
        "var": 0.0151256257668
    },
    "silence_rate_20dB": {
        "dmean": 0,
        "dmean2": 0,
        "dvar": 0,
        "dvar2": 0,
        "max": 1,
        "mean": 1,
        "median": 1,
        "min": 1,
        "var": 0
    },
    "silence_rate_30dB": {
        "dmean": 0.00455622375011,
        "dmean2": 0.00911327823997,
        "dvar": 0.00453493604437,
        "dvar2": 0.0108532616869,
        "max": 1,
        "mean": 0.961366713047,
        "median": 1,
        "min": 0,
        "var": 0.037141803652
    },
    "silence_rate_60dB": {
        "dmean": 0.0204118825495,
        "dmean2": 0.0408274866641,
        "dvar": 0.0199935380369,
        "dvar2": 0.04244723171,
        "max": 1,
        "mean": 0.391890674829,
        "median": 0,
        "min": 0,
        "var": 0.238311216235
    },
    "spectral_centroid": {
        "dmean": 82.2126159668,
        "dmean2": 130.115432739,
        "dvar": 30003.2363281,
        "dvar2": 48021.53125,
        "max": 11001.5146484,
        "mean": 681.118835449,
        "median": 579.825561523,
        "min": 224.438613892,
        "var": 121741.132812
    },
    "spectral_complexity": {
        "dmean": 1.13504648209,
        "dmean2": 1.9227193594,
        "dvar": 1.48605656624,
        "dvar2": 3.83031010628,
        "max": 31,
        "mean": 9.20810890198,
        "median": 7,
        "min": 0,
        "var": 45.0808944702
    },
    "spectral_decrease": {
        "dmean": 7.32411575832e-10,
        "dmean2": 1.10391484842e-09,
        "dvar": 1.74091512966e-18,
        "dvar2": 4.15585176401e-18,
        "max": -4.03171375941e-29,
        "mean": -5.3111590681e-09,
        "median": -1.5520135177e-09,
        "min": -6.8754040683e-08,
        "var": 7.82337298662e-17
    },
    "spectral_energy": {
        "dmean": 0.00285521894693,
        "dmean2": 0.00429408904165,
        "dvar": 2.64825594058e-05,
        "dvar2": 6.30024005659e-05,
        "max": 0.265554845333,
        "mean": 0.0207826402038,
        "median": 0.00608983635902,
        "min": 1.0131955993e-20,
        "var": 0.00118517200463
    },
    "spectral_energyband_high": {
        "dmean": 3.40116057487e-05,
        "dmean2": 5.72820208617e-05,
        "dvar": 1.26862795824e-08,
        "dvar2": 3.52111300117e-08,
        "max": 0.00315688527189,
        "mean": 0.000103771410068,
        "median": 3.72981025976e-06,
        "min": 7.1200508266e-21,
        "var": 6.65620660811e-08
    },
    "spectral_energyband_low": {
        "dmean": 0.00170430133585,
        "dmean2": 0.00267997058108,
        "dvar": 1.52574011736e-05,
        "dvar2": 3.8059639337e-05,
        "max": 0.238836944103,
        "mean": 0.0109070837498,
        "median": 0.000848632305861,
        "min": 1.73868130509e-23,
        "var": 0.000663365819491
    },
    "spectral_energyband_middle_high": {
        "dmean": 0.000692055677064,
        "dmean2": 0.00102975883055,
        "dvar": 3.60071362593e-06,
        "dvar2": 8.59411193233e-06,
        "max": 0.0571656376123,
        "mean": 0.00228452146985,
        "median": 0.00038280908484,
        "min": 1.55829952484e-21,
        "var": 1.85303197213e-05
    },
    "spectral_energyband_middle_low": {
        "dmean": 0.00173215894029,
        "dmean2": 0.00252638757229,
        "dvar": 9.57250540523e-06,
        "dvar2": 2.21504142246e-05,
        "max": 0.0668544322252,
        "mean": 0.00783410761505,
        "median": 0.00394018460065,
        "min": 2.95861487331e-22,
        "var": 8.9057313744e-05
    },
    "spectral_entropy": {
        "dmean": 0.10058978945,
        "dmean2": 0.149184077978,
        "dvar": 0.0102505926043,
        "dvar2": 0.0205745901912,
        "max": 9.8089799881,
        "mean": 6.48508119583,
        "median": 6.51529455185,
        "min": 4.31588172913,
        "var": 0.251550644636
    },
    "spectral_flux": {
        "dmean": 0.00680977711454,
        "dmean2": 0.0113832913339,
        "dvar": 9.089303785e-05,
        "dvar2": 0.000239386718022,
        "max": 0.171872794628,
        "mean": 0.0300117991865,
        "median": 0.0191014166921,
        "min": 1.00657621127e-10,
        "var": 0.000723455217667
    },
    "spectral_kurtosis": {
        "dmean": 4.64851617813,
        "dmean2": 8.21975708008,
        "dvar": 25.1850032806,
        "dvar2": 73.9946365356,
        "max": 121.029151917,
        "mean": 13.5867862701,
        "median": 10.7423915863,
        "min": -1.22391343117,
        "var": 115.64125061
    },
    "spectral_rms": {
        "dmean": 0.00026559404796,
        "dmean2": 0.0003902859753,
        "dvar": 1.20922649671e-07,
        "dvar2": 2.88812117333e-07,
        "max": 0.0160958971828,
        "mean": 0.00341741228476,
        "median": 0.0024374788627,
        "min": 3.14401564679e-12,
        "var": 8.59709234646e-06
    },
    "spectral_rolloff": {
        "dmean": 111.316665649,
        "dmean2": 194.552078247,
        "dvar": 105692.90625,
        "dvar2": 184863.890625,
        "max": 18346.2890625,
        "mean": 636.146118164,
        "median": 516.796875,
        "min": 107.666015625,
        "var": 165997.90625
    },
    "spectral_skewness": {
        "dmean": 0.377014756203,
        "dmean2": 0.658633947372,
        "dvar": 0.122491188347,
        "dvar2": 0.357462137938,
        "max": 8.7391576767,
        "mean": 2.60629653931,
        "median": 2.42750191689,
        "min": -0.057891368866,
        "var": 1.00754058361
    },
    "spectral_spread": {
        "dmean": 223519.765625,
        "dmean2": 372815.75,
        "dvar": 263007436800,
        "dvar2": 285029466112,
        "max": 41049116,
        "mean": 2771025,
        "median": 2690992,
        "min": 860512.8125,
        "var": 649934143488
    },
    "spectral_strongpeak": {
        "dmean": 0.151616513729,
        "dmean2": 0.246305584908,
        "dvar": 0.141901910305,
        "dvar2": 0.370458453894,
        "max": 10.7089557648,
        "mean": 0.64065515995,
        "median": 0.406165063381,
        "min": 1.2496789159e-09,
        "var": 0.413811028004
    },
    "zerocrossingrate": {
        "dmean": 0.00298397056758,
        "dmean2": 0.00389650487341,
        "dvar": 3.97369585698e-05,
        "dvar2": 4.02542282245e-05,
        "max": 0.4990234375,
        "mean": 0.0268547125161,
        "median": 0.02490234375,
        "min": 0.00390625,
        "var": 0.000142270961078
    },
    "barkbands": {
        "dmean": [1.57033036885e-06, 0.000696791976225, 0.00106088432949, 0.000297978578601, 0.000817493535578, 0.000510267680511, 0.00066495075589, 0.000179674098035, 0.000353781331796, 0.000289323943434, 6.8354398536e-05, 7.81372000347e-05, 0.000130025015096, 0.000316454272252, 6.86625207891e-05, 6.22569859843e-05, 7.91846905486e-05, 4.57297173853e-05, 7.86032323958e-05, 3.80940327886e-05, 1.83427637239e-05, 8.9772611318e-06, 4.38168535766e-06, 1.63963727573e-06, 4.86661861032e-07, 1.95426082428e-07, 3.5814000654e-08],
        "dmean2": [2.76957757706e-06, 0.00109527644236, 0.00166356679983, 0.000458447844721, 0.0013956183102, 0.000658344011754, 0.00088326347759, 0.000185318422155, 0.000408719934057, 0.000364242005162, 9.90862899926e-05, 0.000112574613013, 0.000200064212549, 0.000538276508451, 0.000114518268674, 0.000100900273537, 0.000134613379487, 7.70189872128e-05, 0.000133110370371, 6.61094891257e-05, 3.23264430335e-05, 1.49932329805e-05, 7.56690769776e-06, 2.83147619484e-06, 8.10204369373e-07, 3.30779641899e-07, 6.02294463192e-08],
        "dvar": [1.31175539181e-11, 2.4024452614e-06, 7.85794054536e-06, 3.84206259696e-07, 3.23907534039e-06, 2.58738714365e-06, 2.45736828219e-06, 5.66875883123e-07, 9.20746629163e-07, 6.37039875073e-07, 2.73055622557e-08, 6.37159303096e-08, 3.71960680923e-07, 2.19510934585e-06, 7.17408923379e-08, 3.49203475025e-08, 7.21237256585e-08, 7.26812316998e-08, 1.10479582816e-07, 1.86051671847e-08, 5.50705836488e-09, 1.43773626338e-09, 2.4823906819e-10, 2.63139232626e-11, 2.65038143342e-12, 3.80629935123e-13, 1.2722722859e-14],
        "dvar2": [3.95313538848e-11, 6.06141293247e-06, 1.83563934115e-05, 8.56492874846e-07, 9.7928186733e-06, 5.93347795075e-06, 5.63263938602e-06, 6.62391073547e-07, 1.03175739241e-06, 9.56439748734e-07, 5.30939701093e-08, 1.1446285697e-07, 9.13065946406e-07, 6.37908487988e-06, 1.87754366721e-07, 9.28124492816e-08, 1.91288393125e-07, 2.22959258167e-07, 3.07625157348e-07, 5.37698170433e-08, 1.51995909192e-08, 3.76903663835e-09, 7.22670090436e-10, 7.73178535085e-11, 6.82308159625e-12, 1.04867427676e-12, 3.49385369811e-14],
        "max": [8.75083351275e-05, 0.0530253574252, 0.207432419062, 0.0154511891305, 0.0383761972189, 0.0611063055694, 0.0484118759632, 0.0389928929508, 0.048458121717, 0.0207389462739, 0.00463444786146, 0.0242184977978, 0.0279344506562, 0.0328022651374, 0.0123979663476, 0.00451980251819, 0.00550783379003, 0.00752787897363, 0.0103479353711, 0.00399630749598, 0.00214597373269, 0.00154839723837, 0.000338242476573, 0.000100664772617, 4.56477355328e-05, 1.54401132022e-05, 4.18366107624e-06],
        "mean": [1.7153721501e-06, 0.003540284466, 0.00703892158344, 0.000701740384102, 0.00194413028657, 0.00176753639244, 0.00190949882381, 0.000513709906954, 0.000969936372712, 0.00068129558349, 0.000126544298837, 0.000240043998929, 0.000218945686356, 0.000435468158685, 0.000123125108075, 0.000104703271063, 0.000121040102385, 7.56435401854e-05, 0.000121675686387, 6.98547228239e-05, 4.01847719331e-05, 1.95111533685e-05, 1.02202548078e-05, 4.32349952462e-06, 1.70561031609e-06, 6.80603989167e-07, 1.31554685368e-07],
        "median": [2.78664884945e-07, 0.000265016657067, 0.000133928711875, 7.65074364608e-05, 0.000621272949502, 0.000384761049645, 0.00043409265345, 5.74505211262e-05, 0.000138833522215, 3.68079890904e-05, 2.59752887359e-05, 3.22817395499e-05, 1.52528537001e-05, 2.00498907361e-05, 1.02700896605e-05, 9.74223803496e-06, 1.04957953226e-05, 4.62118987343e-06, 5.1806614465e-06, 3.62017385669e-06, 1.14550311991e-06, 5.91208845435e-07, 2.86871056687e-07, 2.80268096731e-07, 1.08949073763e-07, 4.49810535486e-08, 8.30870128254e-09],
        "min": [1.2444282752e-24, 1.35476810384e-23, 1.2340690524e-24, 7.10416024603e-24, 4.3509036315e-23, 4.49714929254e-23, 2.2671527939e-23, 6.18994413649e-23, 8.90852289895e-23, 4.96935354179e-23, 1.46170640369e-23, 4.72874938798e-23, 1.13142570969e-22, 6.14411321116e-23, 1.0551908229e-22, 1.252909658e-22, 2.48807840223e-22, 2.42398427409e-22, 3.09143052454e-22, 2.14109017068e-22, 3.28345971615e-22, 5.6067345992e-22, 4.47834291167e-22, 8.70254286001e-22, 1.15169491636e-21, 1.50330907875e-21, 2.29337965483e-21],
        "var": [1.44137705244e-11, 5.55378392164e-05, 0.000460350798676, 1.69753411683e-06, 1.14425047286e-05, 1.43447296068e-05, 1.32708537421e-05, 3.19896776091e-06, 5.81696804147e-06, 2.87513944386e-06, 8.0126795865e-08, 4.08717426126e-07, 7.70701717556e-07, 3.13684654429e-06, 1.19220402439e-07, 7.40584127357e-08, 1.09253612379e-07, 1.29260158133e-07, 1.7340393299e-07, 4.21734007716e-08, 1.69219234181e-08, 4.45021886009e-09, 7.66684160602e-10, 1.12910535088e-10, 1.7535577157e-11, 2.41464986027e-12, 9.08906535647e-14]
    },
    "erbbands": {
        "dmean": [0.00445064343512, 0.21389375627, 1.18906378746, 0.973949193954, 1.53501582146, 4.01672649384, 2.10654830933, 5.26638698578, 9.35427379608, 7.3404045105, 4.71450042725, 7.20592355728, 7.99872875214, 5.22824668884, 2.57814645767, 3.16900396347, 7.38880252838, 10.1322154999, 9.85803985596, 3.75896787643, 3.50148653984, 4.7819776535, 2.2921462059, 3.48478150368, 2.89520359039, 1.88224887848, 0.852594614029, 0.647802591324, 0.314336001873, 0.182145506144, 0.0808068662882, 0.043264746666, 0.0227765738964, 0.00809171795845, 0.00266675278544, 0.00110291282181, 0.000353974202881, 5.48101197637e-05, 6.84164206177e-06, 3.22933692587e-06],
        "dmean2": [0.00659049954265, 0.337377876043, 1.86181366444, 1.52592980862, 2.53413629532, 6.96693611145, 2.89740800858, 7.0277557373, 13.4932289124, 7.72109746933, 4.85878515244, 8.15057659149, 10.1986246109, 6.59719371796, 3.71195912361, 4.55994129181, 11.6203212738, 17.5632991791, 16.2404842377, 6.46927452087, 5.50773048401, 8.07262516022, 3.87105417252, 5.92351961136, 4.93048095703, 3.2603123188, 1.4948925972, 1.12247824669, 0.526900172234, 0.309703797102, 0.139104798436, 0.0754406750202, 0.0389413274825, 0.0131541397423, 0.00447365548462, 0.00184048176743, 0.000577893573791, 9.1462781711e-05, 1.11923736767e-05, 4.84620431962e-06],
        "dvar": [0.000114692971692, 0.222013577819, 8.39251899719, 5.77662706375, 11.7462329865, 76.815788269, 28.4886550903, 301.735321045, 615.763916016, 429.544189453, 312.732788086, 456.882598877, 355.33795166, 177.217132568, 39.7014160156, 81.9799880981, 1101.18310547, 4385.62548828, 1879.3079834, 169.645812988, 136.062713623, 311.695922852, 110.660995483, 147.759017944, 260.459289551, 66.1552734375, 18.545879364, 4.86236286163, 1.25682747364, 0.430975466967, 0.0775317028165, 0.0193322319537, 0.00579062802717, 0.000824927876238, 7.0888971095e-05, 1.12711750262e-05, 1.40518181979e-06, 3.11267704944e-08, 4.15094736361e-10, 3.42354235239e-11],
        "dvar2": [0.000232574297115, 0.570063352585, 19.9090671539, 14.0711202621, 31.6131477356, 248.640686035, 56.985710144, 747.48840332, 1613.31054688, 455.051818848, 333.960662842, 462.752166748, 562.031677246, 261.313568115, 71.7095184326, 150.197525024, 2760.77929688, 13251.2148438, 4908.99902344, 487.753540039, 348.954833984, 817.684143066, 329.863586426, 425.064605713, 728.273376465, 190.468963623, 50.2070999146, 14.1252593994, 3.52595973015, 1.24299919605, 0.22020316124, 0.0581817552447, 0.0164584312588, 0.00210622930899, 0.000186191158718, 3.16488803946e-05, 3.41857230524e-06, 8.39408187403e-08, 1.08631059703e-09, 8.04307315194e-11],
        "max": [0.508664608002, 14.5860023499, 209.728561401, 105.86807251, 80.1890335083, 165.116958618, 185.457275391, 598.814147949, 712.952758789, 904.155822754, 815.984558105, 1359.66821289, 435.081054688, 311.780792236, 411.729400635, 817.452819824, 1483.96862793, 1842.96777344, 1290.18664551, 279.229400635, 280.599395752, 390.211486816, 287.472991943, 222.288024902, 720.957519531, 269.125274658, 140.160461426, 56.1602630615, 27.9848213196, 12.9690532684, 8.71543598175, 2.79529333115, 1.55337810516, 0.869602620602, 0.234223380685, 0.0793064683676, 0.038941450417, 0.00581011734903, 0.000786742544733, 0.000302566913888],
        "mean": [0.0288205500692, 1.16372871399, 7.80377435684, 4.23165988922, 3.90892410278, 8.43965435028, 7.71454286575, 17.5400733948, 24.9974632263, 22.9654407501, 13.8770389557, 20.1153564453, 19.7768573761, 13.3236436844, 6.25424480438, 10.4883012772, 12.4408283234, 14.4705724716, 16.0982284546, 6.12847757339, 6.18355083466, 7.54616737366, 4.28208351135, 6.01319122314, 5.00821065903, 3.461165905, 1.8660736084, 1.37337553501, 0.756317794323, 0.421282559633, 0.20670427382, 0.113695688546, 0.0619797259569, 0.0259041097015, 0.00933782104403, 0.00388674088754, 0.0011824038811, 0.000206603639526, 3.29769864038e-05, 2.42975002038e-05],
        "median": [0.00227256375365, 0.0905841588974, 0.283147513866, 0.255966514349, 0.577426612377, 3.21060466766, 2.50568962097, 4.32717847824, 5.18154001236, 6.17538022995, 1.51507663727, 3.15321826935, 2.98079752922, 1.88708257675, 1.88076293468, 1.72348093987, 1.03095185757, 0.763555169106, 0.953695178032, 0.819057285786, 0.560925781727, 0.592169165611, 0.343032747507, 0.302605122328, 0.273994147778, 0.1792935431, 0.0626626163721, 0.0388277620077, 0.0226015523076, 0.0108357071877, 0.00801991205662, 0.00559834484011, 0.00457737036049, 0.00171087123454, 0.000705843092874, 0.000253043544944, 7.15250280336e-05, 1.10507417048e-05, 4.53914708487e-06, 6.88915952196e-06],
        "min": [2.54990086339e-22, 3.17663689291e-21, 2.99335681245e-21, 1.25380305245e-20, 8.50222568621e-20, 1.37799888998e-19, 4.38013796139e-19, 3.03991356655e-19, 2.65064909113e-19, 4.98843831206e-19, 1.77629964152e-18, 2.05619667449e-18, 1.69412741607e-18, 1.1768077304e-18, 1.70190001869e-18, 2.32391678167e-18, 6.07783197346e-18, 4.18391138475e-18, 3.48303711583e-18, 8.45963650876e-18, 6.7207353571e-18, 1.54314249041e-17, 1.39992179217e-17, 1.51208152754e-17, 1.1042441797e-17, 9.4635053817e-18, 1.23031419783e-17, 1.54565711947e-17, 1.86090144118e-17, 1.47184150684e-17, 1.54130019375e-17, 1.66558143381e-17, 1.56229651924e-17, 1.21787505578e-17, 8.10620125817e-18, 5.27044207066e-18, 2.71408670968e-18, 1.37825784921e-18, 3.29311665398e-19, 2.85125635167e-20],
        "var": [0.00425105122849, 5.49706125259, 488.750213623, 110.701568604, 51.2727088928, 210.779586792, 218.771072388, 1352.49365234, 2825.06103516, 3046.34814453, 1753.88757324, 3166.68432617, 1568.85644531, 972.157531738, 170.828659058, 716.262207031, 2211.87060547, 5978.24902344, 3502.30200195, 266.847747803, 288.745849609, 446.736083984, 218.051681519, 270.95489502, 431.137298584, 138.079711914, 52.4033584595, 15.5091753006, 4.16793680191, 1.28575336933, 0.279311090708, 0.0763470232487, 0.0234636384994, 0.00454948702827, 0.000436786358478, 7.70996775827e-05, 8.39915355755e-06, 2.28434117844e-07, 4.37305613943e-09, 1.61159174894e-09]
    },
    "gfcc": {
        "mean": [-138.268218994, 144.693710327, -120.797035217, 11.188908577, -64.5073471069, -15.2590208054, -37.0557327271, -1.86356937885, -19.6370449066, -5.45283794403, -9.67649459839, -5.99785757065, -3.08724117279],
        "cov": [[15445.8144531, -143.836288452, -576.166015625, 2108.81518555, 1716.73901367, 1667.42895508, 922.241943359, 465.64730835, 206.123184204, 398.301361084, -87.0130233765, -497.010345459, -801.968994141], [-143.836288452, 646.388427734, 184.181655884, -7.86530828476, 208.799224854, 45.8424911499, 133.925308228, 17.1884021759, 88.8407058716, -28.6689014435, 92.7218933105, -23.1961116791, 48.6085586548], [-576.166015625, 184.181655884, 447.783721924, 87.3219146729, 23.9400978088, 24.7694149017, 55.7303390503, 15.9158563614, 84.5807189941, 1.27352929115, -70.4045791626, 4.96909189224, 31.7015609741], [2108.81518555, -7.86530828476, 87.3219146729, 626.515075684, 428.749450684, 337.396759033, 211.450469971, 149.344985962, 143.176223755, 111.804161072, -65.3686447144, -48.2838020325, -146.255371094], [1716.73901367, 208.799224854, 23.9400978088, 428.749450684, 485.08984375, 333.789337158, 227.384277344, 126.823028564, 116.864578247, 84.4573516846, 5.91644954681, -53.087677002, -115.921859741], [1667.42895508, 45.8424911499, 24.7694149017, 337.396759033, 333.789337158, 375.456359863, 217.599258423, 100.484733582, 74.7579727173, 79.6306762695, -30.0920906067, -62.3380508423, -111.995979309], [922.241943359, 133.925308228, 55.7303390503, 211.450469971, 227.384277344, 217.599258423, 242.929763794, 113.819358826, 90.9283065796, 43.093837738, -13.3671970367, -37.4162521362, -65.3399734497], [465.64730835, 17.1884021759, 15.9158563614, 149.344985962, 126.823028564, 100.484733582, 113.819358826, 130.29019165, 88.678565979, 36.0755081177, -24.2917327881, -6.56486225128, -36.960067749], [206.123184204, 88.8407058716, 84.5807189941, 143.176223755, 116.864578247, 74.7579727173, 90.9283065796, 88.678565979, 151.093048096, 59.8495941162, -26.0549449921, -5.52649784088, -25.0638389587], [398.301361084, -28.6689014435, 1.27352929115, 111.804161072, 84.4573516846, 79.6306762695, 43.093837738, 36.0755081177, 59.8495941162, 96.9188232422, 18.0128002167, -9.82298851013, -40.2624931335], [-87.0130233765, 92.7218933105, -70.4045791626, -65.3686447144, 5.91644954681, -30.0920906067, -13.3671970367, -24.2917327881, -26.0549449921, 18.0128002167, 131.901077271, 20.1904964447, 16.4777584076], [-497.010345459, -23.1961116791, 4.96909189224, -48.2838020325, -53.087677002, -62.3380508423, -37.4162521362, -6.56486225128, -5.52649784088, -9.82298851013, 20.1904964447, 84.736038208, 50.6906089783], [-801.968994141, 48.6085586548, 31.7015609741, -146.255371094, -115.921859741, -111.995979309, -65.3399734497, -36.960067749, -25.0638389587, -40.2624931335, 16.4777584076, 50.6906089783, 130.856628418]],
        "icov": [[0.000228507095017, -0.000183556476259, 0.000434481800767, -0.000727742852177, 0.000298956991173, -0.000530468707439, -1.40390766319e-05, -4.7155910579e-05, 0.000381839287002, -6.08864829701e-05, -1.67862581293e-05, 0.000548551848624, 0.00018449316849], [-0.000183556476259, 0.0077216620557, -0.00334516447037, 0.00411004154012, -0.00765128433704, 0.0030435915105, -0.00313113816082, 0.00379510805942, -0.00631686020643, 0.00664831744507, -0.00620433548465, 0.00357751687989, -0.00302273523994], [0.000434481800767, -0.00334516447037, 0.00517561193556, -0.00354218459688, 0.00401758216321, -0.00185931753367, -0.000112745765364, 0.000666035921313, 0.000796725507826, -0.00214164471254, 0.00369348190725, -0.000660273304675, 7.6387754234e-05], [-0.000727742852177, 0.00411004154012, -0.00354218459688, 0.0100511927158, -0.00864783860743, 0.00215375330299, -0.000338243786246, 0.000278402381809, -0.00355452066287, 0.000630310620181, 2.37513031607e-05, -0.00150879705325, 0.000292143231491], [0.000298956991173, -0.00765128433704, 0.00401758216321, -0.00864783860743, 0.017380271107, -0.00794830545783, 0.00214285380207, -0.00366999604739, 0.00323073659092, -0.00298847863451, 0.00136990344618, -0.00204743002541, 0.00298284599558], [-0.000530468707439, 0.0030435915105, -0.00185931753367, 0.00215375330299, -0.00794830545783, 0.0137524260208, -0.00719572603703, 0.00261112861335, 0.00135702523403, -0.00288970931433, 0.00142735766713, 0.00118289701641, -0.000917537370697], [-1.40390766319e-05, -0.00313113816082, -0.000112745765364, -0.000338243786246, 0.00214285380207, -0.00719572603703, 0.0149359069765, -0.0085363984108, 0.000129876265419, 0.00080326537136, -0.000129268228193, -0.000114658439998, 0.00184554199222], [-4.7155910579e-05, 0.00379510805942, 0.000666035921313, 0.000278402381809, -0.00366999604739, 0.00261112861335, -0.0085363984108, 0.0217072647065, -0.0107768364251, 0.00400281557813, -0.00069968868047, -0.00103366188705, -0.00104061281309], [0.000381839287002, -0.00631686020643, 0.000796725507826, -0.00355452066287, 0.00323073659092, 0.00135702523403, 0.000129876265419, -0.0107768364251, 0.0233252067119, -0.015004738234, 0.00839962530881, -0.00227899733, 0.00124126113951], [-6.08864829701e-05, 0.00664831744507, -0.00214164471254, 0.000630310620181, -0.00298847863451, -0.00288970931433, 0.00080326537136, 0.00400281557813, -0.015004738234, 0.0271140113473, -0.0125097511336, 0.00346432253718, 0.000493478146382], [-1.67862581293e-05, -0.00620433548465, 0.00369348190725, 2.37513031607e-05, 0.00136990344618, 0.00142735766713, -0.000129268228193, -0.00069968868047, 0.00839962530881, -0.0125097511336, 0.018190484494, -0.00628284271806, 0.00140959839337], [0.000548551848624, 0.00357751687989, -0.000660273304675, -0.00150879705325, -0.00204743002541, 0.00118289701641, -0.000114658439998, -0.00103366188705, -0.00227899733, 0.00346432253718, -0.00628284271806, 0.02072121948, -0.00725033786148], [0.00018449316849, -0.00302273523994, 7.6387754234e-05, 0.000292143231491, 0.00298284599558, -0.000917537370697, 0.00184554199222, -0.00104061281309, 0.00124126113951, 0.000493478146382, 0.00140959839337, -0.00725033786148, 0.0157089028507]]
    },
    "melbands": {
        "dmean": [0.000110124543426, 0.000505924050231, 0.000166312383953, 0.000209641133551, 9.04097760213e-05, 0.000115210888907, 0.000134786343551, 7.03761907062e-05, 4.56140332972e-05, 4.35957990703e-05, 4.37009293819e-05, 2.69778884103e-05, 1.0719319107e-05, 7.76598244556e-06, 1.48404005813e-05, 1.61586358445e-05, 1.87093028217e-05, 2.07772536669e-05, 4.83993881062e-06, 3.97534358854e-06, 4.21913273385e-06, 5.18366414326e-06, 2.76096557172e-06, 3.069648983e-06, 2.9105970043e-06, 3.49029050994e-06, 1.50339781158e-06, 1.2535336964e-06, 7.1732648621e-07, 2.78550430721e-07, 4.12981762565e-07, 1.56238542104e-07, 1.95300842165e-07, 1.19742097127e-07, 5.62282913563e-08, 3.77213993374e-08, 3.2820338447e-08, 1.94984703938e-08, 9.59011980939e-09, 7.30692262252e-09],
        "dmean2": [0.000168308615685, 0.000797629007138, 0.000260134780547, 0.000359782425221, 0.000136914270115, 0.000149976767716, 0.000191795930732, 7.08044826752e-05, 4.88959231006e-05, 5.01128852193e-05, 5.56957675144e-05, 3.38111094607e-05, 1.55070592882e-05, 1.08240110421e-05, 2.29274755839e-05, 2.66047718469e-05, 3.24054672092e-05, 3.4315391531e-05, 8.23518439574e-06, 6.79600589137e-06, 6.63381570121e-06, 8.77902311913e-06, 4.68954931421e-06, 5.21066431247e-06, 4.95730910188e-06, 5.91799152971e-06, 2.57861370301e-06, 2.18084301196e-06, 1.25632629988e-06, 4.87052659537e-07, 7.07030494596e-07, 2.59259508084e-07, 3.29533492049e-07, 2.05643203799e-07, 9.75932650249e-08, 6.50847766792e-08, 5.76678793607e-08, 3.34867209517e-08, 1.61238347118e-08, 1.19058931602e-08],
        "dvar": [6.19444264771e-08, 1.3865044366e-06, 1.44774688238e-07, 2.25790927288e-07, 3.82358678053e-08, 1.25873171442e-07, 1.1859517457e-07, 4.23154986606e-08, 2.44042084319e-08, 1.4612028032e-08, 1.1104429376e-08, 5.10443287638e-09, 6.62396693052e-10, 1.11945852588e-09, 2.74052669447e-09, 6.91579815637e-09, 1.3382713604e-08, 9.12649245066e-09, 2.68416733284e-10, 1.75292738658e-10, 2.15805734394e-10, 3.87215620679e-10, 1.06148791146e-10, 3.75127234831e-10, 1.07352335355e-10, 2.6634380812e-10, 3.44089999549e-11, 2.98653046737e-11, 1.31074517559e-11, 8.48464039912e-13, 2.23376113613e-12, 3.25549401889e-13, 8.98897492899e-13, 2.44151514327e-13, 4.56963263615e-14, 1.47803895045e-14, 1.28399107142e-14, 4.58936935086e-15, 9.40283227934e-16, 6.58606497671e-16],
        "dvar2": [1.43406012398e-07, 3.44483692061e-06, 3.49957787193e-07, 6.82815255004e-07, 9.0563034405e-08, 3.02942765984e-07, 3.07202355998e-07, 4.53810429235e-08, 2.55642387259e-08, 1.57075259466e-08, 1.73339937959e-08, 7.47081241315e-09, 1.26808830103e-09, 1.86693771553e-09, 6.69285871169e-09, 1.94271603249e-08, 4.0442397875e-08, 2.39021744619e-08, 7.47590656047e-10, 5.0409043606e-10, 5.50846757097e-10, 1.02580788308e-09, 2.75085204615e-10, 1.15302067893e-09, 3.04193892298e-10, 7.38852201643e-10, 9.93183452147e-11, 8.69033803252e-11, 3.54753518228e-11, 2.4952930347e-12, 6.06266425951e-12, 8.37088211247e-13, 2.58544899899e-12, 7.14411223322e-13, 1.2994665836e-13, 4.16118149053e-14, 3.8396335536e-14, 1.31378155899e-14, 2.55273156874e-15, 1.64416877177e-15],
        "max": [0.0100898761302, 0.0763606801629, 0.01807327196, 0.0107854409143, 0.00568911759183, 0.0126475896686, 0.0110939024016, 0.00888369604945, 0.00567515939474, 0.00734036369249, 0.00251691183075, 0.00175631698221, 0.000818471133243, 0.00352767691948, 0.00235940306447, 0.00210153264925, 0.00318106007762, 0.00289665791206, 0.00054502900457, 0.000302730040858, 0.000355679221684, 0.000445645855507, 0.000355457363185, 0.000549082586076, 0.000208670870052, 0.000607433554251, 0.000183427589945, 0.000182064672117, 0.000111710192868, 1.74904980668e-05, 5.42945417692e-05, 2.42835139943e-05, 2.16757471208e-05, 1.16762148537e-05, 7.41634494261e-06, 2.81896723209e-06, 1.9824001356e-06, 1.58904231284e-06, 9.0891654736e-07, 6.915985864e-07],
        "mean": [0.000611293246038, 0.00321617838927, 0.000775047694333, 0.000482814415591, 0.000299678154988, 0.00039440888213, 0.000365662272088, 0.00021675368771, 0.000124697675346, 0.000119552685646, 0.000104658334749, 6.64800900267e-05, 2.05965770874e-05, 2.64241898549e-05, 2.91536689474e-05, 2.51571254921e-05, 2.55874183495e-05, 3.18789279845e-05, 7.94077641331e-06, 6.32090404906e-06, 6.78394007991e-06, 7.6107271525e-06, 4.71936937174e-06, 4.64729691885e-06, 4.81299684907e-06, 5.28646751263e-06, 2.50928178502e-06, 2.09079689739e-06, 1.39667599797e-06, 5.91545699535e-07, 8.36381218505e-07, 3.7298383404e-07, 3.72515017943e-07, 2.38204691527e-07, 1.28047872749e-07, 8.36948714777e-08, 6.88345949129e-08, 4.7685464466e-08, 2.59610200004e-08, 2.08427959336e-08],
        "median": [4.47353886557e-05, 0.000166988684214, 5.79222178203e-05, 0.000139110605232, 0.000119398748211, 0.000100184501207, 7.51992774894e-05, 4.82575960632e-05, 1.01482610262e-05, 1.79015496542e-05, 1.03978563857e-05, 5.95073470322e-06, 5.04003901369e-06, 3.10848622576e-06, 2.92616095976e-06, 1.07196433419e-06, 1.32853938339e-06, 1.74425804289e-06, 7.18218700513e-07, 8.32297985198e-07, 4.84211852836e-07, 6.36389188458e-07, 2.913813546e-07, 2.74071993545e-07, 1.9840490495e-07, 2.26663814828e-07, 1.66248469213e-07, 9.07961350549e-08, 4.24783124231e-08, 2.24589538078e-08, 2.06176249407e-08, 1.42183100849e-08, 9.0517007223e-09, 5.11115727519e-09, 4.42734116035e-09, 3.77078324121e-09, 3.24828874909e-09, 3.69114472321e-09, 1.81936854471e-09, 1.19559095957e-09],
        "min": [3.59176337642e-24, 2.51782766436e-24, 4.07048480005e-24, 7.74724754458e-24, 1.32568895538e-23, 7.04357493965e-24, 4.48526115869e-24, 6.68353961137e-24, 1.58300291866e-23, 1.24261977213e-23, 8.52384560703e-24, 4.70109468565e-24, 3.03946331845e-24, 4.1862205556e-24, 1.06547490275e-23, 1.12698901396e-23, 6.60589558234e-24, 4.58480751632e-24, 9.84759049359e-24, 1.15131716874e-23, 6.76887069549e-24, 1.80075203655e-23, 1.31522148114e-23, 1.11974443095e-23, 1.21928715982e-23, 1.00994461705e-23, 4.96262968587e-24, 6.29468127776e-24, 7.50229124515e-24, 7.27847878456e-24, 9.61359304986e-24, 9.47014500513e-24, 1.1797389594e-23, 6.18113658337e-24, 7.13118425406e-24, 1.06819678842e-23, 9.47689055473e-24, 9.26171296561e-24, 9.51455787409e-24, 8.49116704403e-24],
        "var": [1.80578501841e-06, 6.63555183564e-05, 3.3120468288e-06, 8.10575215837e-07, 2.50935670465e-07, 6.19434331384e-07, 5.56975010113e-07, 3.01712958617e-07, 1.35171760007e-07, 9.79953398428e-08, 4.8661551233e-08, 2.60625210302e-08, 2.07826889032e-09, 7.44648076534e-09, 6.63294397185e-09, 1.20258132341e-08, 1.79792234434e-08, 1.65034688138e-08, 4.53885456997e-10, 2.77999456788e-10, 4.39847852585e-10, 5.21778287244e-10, 2.57251692171e-10, 6.37953356808e-10, 1.85084156334e-10, 4.10974421161e-10, 7.34336549901e-11, 5.84947298932e-11, 3.58524356037e-11, 2.29755602564e-12, 8.04459363707e-12, 1.23511097183e-12, 1.89632164138e-12, 6.10693407736e-13, 1.33101063266e-13, 4.53837169939e-14, 3.60385786697e-14, 1.56205242155e-14, 4.03718010221e-15, 3.25739564174e-15]
    },
    "mfcc": {
        "mean": [-780.260131836, 172.242523193, -1.15404486656, 22.7256469727, -9.0628786087, -12.5195169449, -10.4143047333, -7.64653635025, -6.76136159897, -2.28422808647, -6.72625589371, -5.34250450134, -2.79067087173],
        "cov": [[13664.4501953, 200.821029663, -1122.37805176, 1222.10437012, 966.19152832, 1735.70471191, 1203.80456543, 904.469726562, 411.109130859, 918.699584961, 896.286010742, 431.901000977, 71.9061813354], [200.821029663, 719.01550293, -63.5662574768, 48.5463294983, 83.9081878662, 6.16111660004, 61.0053596497, 19.3905143738, -10.0222072601, 8.39668941498, -29.1087551117, 16.3497028351, 71.2985687256], [-1122.37805176, -63.5662574768, 458.592498779, -19.1116409302, -46.4145545959, -52.5165634155, -104.29196167, -22.9884223938, 76.3978652954, -17.9876689911, -58.0955429077, -14.4071683884, -21.7713794708], [1222.10437012, 48.5463294983, -19.1116409302, 338.655578613, 218.217559814, 235.905593872, 118.473701477, 152.738220215, 146.15246582, 117.738975525, 134.067764282, 118.726448059, 49.177482605], [966.19152832, 83.9081878662, -46.4145545959, 218.217559814, 246.231842041, 238.448074341, 118.341316223, 120.552406311, 98.8000411987, 105.174766541, 100.467102051, 98.6881637573, 43.2611579895], [1735.70471191, 6.16111660004, -52.5165634155, 235.905593872, 238.448074341, 408.928863525, 217.954620361, 180.554244995, 144.123001099, 170.893280029, 161.315139771, 108.415481567, 39.9562339783], [1203.80456543, 61.0053596497, -104.29196167, 118.473701477, 118.341316223, 217.954620361, 230.705856323, 133.876556396, 36.3120689392, 110.319313049, 97.2229614258, 37.8029785156, 22.0685119629], [904.469726562, 19.3905143738, -22.9884223938, 152.738220215, 120.552406311, 180.554244995, 133.876556396, 197.861099243, 133.843215942, 89.7759933472, 102.251113892, 63.4562644958, 24.7672843933], [411.109130859, -10.0222072601, 76.3978652954, 146.15246582, 98.8000411987, 144.123001099, 36.3120689392, 133.843215942, 223.657424927, 99.1111831665, 73.1697387695, 64.2995071411, 18.0041275024], [918.699584961, 8.39668941498, -17.9876689911, 117.738975525, 105.174766541, 170.893280029, 110.319313049, 89.7759933472, 99.1111831665, 175.049499512, 118.150398254, 31.9729957581, 12.6459684372], [896.286010742, -29.1087551117, -58.0955429077, 134.067764282, 100.467102051, 161.315139771, 97.2229614258, 102.251113892, 73.1697387695, 118.150398254, 183.711273193, 83.2649002075, 22.6669254303], [431.901000977, 16.3497028351, -14.4071683884, 118.726448059, 98.6881637573, 108.415481567, 37.8029785156, 63.4562644958, 64.2995071411, 31.9729957581, 83.2649002075, 151.39881897, 63.3101081848], [71.9061813354, 71.2985687256, -21.7713794708, 49.177482605, 43.2611579895, 39.9562339783, 22.0685119629, 24.7672843933, 18.0041275024, 12.6459684372, 22.6669254303, 63.3101081848, 99.9355316162]],
