{
"lowlevel": {
    "average_loudness": 0.930147051811,
    "barkbands_crest": {
        "dmean": 3.40535068512,
        "dmean2": 5.74144601822,
        "dvar": 7.51087331772,
        "dvar2": 20.1629199982,
        "max": 26.7497596741,
        "mean": 15.1437911987,
        "median": 14.5945186615,
        "min": 4.56061887741,
        "var": 19.387550354
    },
    "barkbands_flatness_db": {
        "dmean": 0.0326745808125,
        "dmean2": 0.0550341680646,
        "dvar": 0.000835245824419,
        "dvar2": 0.00233037327416,
        "max": 0.851405322552,
        "mean": 0.417916178703,
        "median": 0.41550180316,
        "min": 0.0665427967906,
        "var": 0.00405946886167
    },
    "barkbands_kurtosis": {
        "dmean": 7.72976064682,
        "dmean2": 12.7583236694,
        "dvar": 586.403625488,
        "dvar2": 1476.87792969,
        "max": 921.877624512,
        "mean": 12.0138301849,
        "median": 4.91544961929,
        "min": -1.67747533321,
        "var": 1154.75
    },
    "barkbands_skewness": {
        "dmean": 0.770715177059,
        "dmean2": 1.2697224617,
        "dvar": 0.774814069271,
        "dvar2": 2.0344452858,
        "max": 24.807466507,
        "mean": 1.01579093933,
        "median": 0.807067751884,
        "min": -6.39462471008,
        "var": 3.85776233673
    },
    "barkbands_spread": {
        "dmean": 0.750452458858,
        "dmean2": 1.23528707027,
        "dvar": 1.03896331787,
        "dvar2": 2.65565538406,
        "max": 28.2942657471,
        "mean": 2.19650697708,
        "median": 1.95047140121,
        "min": 0.0498212352395,
        "var": 2.43594455719
    },
    "dissonance": {
        "dmean": 0.0746562629938,
        "dmean2": 0.129181146622,
        "dvar": 0.00372224859893,
        "dvar2": 0.0108777284622,
        "max": 0.500000119209,
        "mean": 0.347736865282,
        "median": 0.354897379875,
        "min": 0.0241585150361,
        "var": 0.00637276098132
    },
    "dynamic_complexity": 1.69516682625,
    "erbbands_crest": {
        "dmean": 4.48566770554,
        "dmean2": 7.60257482529,
        "dvar": 13.068362236,
        "dvar2": 35.5157394409,
        "max": 33.5064582825,
        "mean": 18.534029007,
        "median": 18.1043777466,
        "min": 3.03803110123,
        "var": 37.2742805481
    },
    "erbbands_flatness_db": {
        "dmean": 0.0306989140809,
        "dmean2": 0.0511735454202,
        "dvar": 0.000687544350512,
        "dvar2": 0.00186243234202,
        "max": 0.711060464382,
        "mean": 0.422598391771,
        "median": 0.418267011642,
        "min": 0.0978639349341,
        "var": 0.00325797731057
    },
    "erbbands_kurtosis": {
        "dmean": 8.09259700775,
        "dmean2": 13.4402933121,
        "dvar": 205.645767212,
        "dvar2": 537.084838867,
        "max": 228.408981323,
        "mean": 12.7933912277,
        "median": 6.21751642227,
        "min": -1.80471885204,
        "var": 411.743011475
    },
    "erbbands_skewness": {
        "dmean": 0.667678654194,
        "dmean2": 1.08376610279,
        "dvar": 0.581058323383,
        "dvar2": 1.50151240826,
        "max": 12.8458900452,
        "mean": 1.42826640606,
        "median": 1.08497869968,
        "min": -3.66368675232,
        "var": 2.70919489861
    },
    "erbbands_spread": {
        "dmean": 2.13881063461,
        "dmean2": 3.55464267731,
        "dvar": 7.24023199081,
        "dvar2": 19.049369812,
        "max": 83.960144043,
        "mean": 5.12487220764,
        "median": 4.20491981506,
        "min": 0.304130405188,
        "var": 16.5622158051
    },
    "hfc": {
        "dmean": 5.87343549728,
        "dmean2": 9.8853969574,
        "dvar": 36.4285812378,
        "dvar2": 98.0942077637,
        "max": 86.1162414551,
        "mean": 12.8625631332,
        "median": 11.6348752975,
        "min": 1.16704252412e-16,
        "var": 58.4019050598
    },
    "melbands_crest": {
        "dmean": 4.45327234268,
        "dmean2": 7.48340272903,
        "dvar": 13.8769264221,
        "dvar2": 38.1690177917,
        "max": 34.7324676514,
        "mean": 19.0633449554,
        "median": 18.2892990112,
        "min": 2.11831974983,
        "var": 35.4858207703
    },
    "melbands_flatness_db": {
        "dmean": 0.0306693892926,
        "dmean2": 0.0510870888829,
        "dvar": 0.000776134140324,
        "dvar2": 0.00211464008316,
        "max": 0.954969346523,
        "mean": 0.496157079935,
        "median": 0.493248254061,
        "min": 0.00371019938029,
        "var": 0.0042681125924
    },
    "melbands_kurtosis": {
        "dmean": 5.8736410141,
        "dmean2": 9.68744277954,
        "dvar": 309.040100098,
        "dvar2": 783.561218262,
        "max": 590.960754395,
        "mean": 10.7752065659,
        "median": 3.40024185181,
        "min": -1.7902084589,
        "var": 1397.79174805
    },
    "melbands_skewness": {
        "dmean": 0.702169656754,
        "dmean2": 1.16318833828,
        "dvar": 0.477254420519,
        "dvar2": 1.27683734894,
        "max": 18.3830223083,
        "mean": 0.745718717575,
        "median": 0.577616453171,
        "min": -4.29995727539,
        "var": 3.44366502762
    },
    "melbands_spread": {
        "dmean": 1.14395534992,
        "dmean2": 1.88411414623,
        "dvar": 2.93949604034,
        "dvar2": 6.14806127548,
        "max": 126.96321106,
        "mean": 3.68571686745,
        "median": 3.42167711258,
        "min": 0.219921663404,
        "var": 6.02044057846
    },
    "pitch_salience": {
        "dmean": 0.0782868564129,
        "dmean2": 0.131071716547,
        "dvar": 0.00449067167938,
        "dvar2": 0.0120796607807,
        "max": 0.85289478302,
        "mean": 0.48612639308,
        "median": 0.492917358875,
        "min": 0.0253726150841,
        "var": 0.0204556714743
    },
    "silence_rate_20dB": {
        "dmean": 0,
        "dmean2": 0,
        "dvar": 0,
        "dvar2": 0,
        "max": 1,
        "mean": 1,
        "median": 1,
        "min": 1,
        "var": 0
    },
    "silence_rate_30dB": {
        "dmean": 0.000412569614127,
        "dmean2": 0.000825195980724,
        "dvar": 0.000412384426454,
        "dvar2": 0.00109967635944,
        "max": 1,
        "mean": 0.999724984169,
        "median": 1,
        "min": 0,
        "var": 0.000274924794212
    },
    "silence_rate_60dB": {
        "dmean": 0.0027504642494,
        "dmean2": 0.00543254008517,
        "dvar": 0.00274290842935,
        "dvar2": 0.00705345068127,
        "max": 1,
        "mean": 0.00302530243061,
        "median": 0,
        "min": 0,
        "var": 0.00301612960175
    },
    "spectral_centroid": {
        "dmean": 34.3376731873,
        "dmean2": 56.1906433105,
        "dvar": 8647.71289062,
        "dvar2": 11450.015625,
        "max": 10979.3818359,
        "mean": 440.720947266,
        "median": 424.835083008,
        "min": 260.302764893,
        "var": 14799.4980469
    },
    "spectral_complexity": {
        "dmean": 1.13704192638,
        "dmean2": 1.95035076141,
        "dvar": 1.01654994488,
        "dvar2": 2.65776443481,
        "max": 16,
        "mean": 7.26828956604,
        "median": 7,
        "min": 0,
        "var": 4.85816383362
    },
    "spectral_decrease": {
        "dmean": 3.17947357331e-09,
        "dmean2": 5.31936628079e-09,
        "dvar": 9.37317229573e-18,
        "dvar2": 2.51453492901e-17,
        "max": -8.86117659074e-29,
        "mean": -7.90892418223e-09,
        "median": -7.2651697991e-09,
        "min": -4.17601668801e-08,
        "var": 2.05705309594e-17
    },
    "spectral_energy": {
        "dmean": 0.0125256935135,
        "dmean2": 0.0209614727646,
        "dvar": 0.000146064368892,
        "dvar2": 0.000391996756662,
        "max": 0.165423378348,
        "mean": 0.0310166664422,
        "median": 0.0285059548914,
        "min": 1.09198592589e-20,
        "var": 0.000315769488225
    },
    "spectral_energyband_high": {
        "dmean": 3.26344911628e-06,
        "dmean2": 5.19061268278e-06,
        "dvar": 1.56908777638e-10,
        "dvar2": 4.0103453891e-10,
        "max": 0.000369447574485,
        "mean": 6.71655834594e-06,
        "median": 6.07445940659e-07,
        "min": 7.91998456214e-21,
        "var": 4.32681224183e-10
    },
    "spectral_energyband_low": {
        "dmean": 0.000428088969784,
        "dmean2": 0.0006556485896,
        "dvar": 1.92347215489e-06,
        "dvar2": 3.95350343751e-06,
        "max": 0.0497585013509,
        "mean": 0.00094358145725,
        "median": 4.52182357549e-05,
        "min": 7.64994139415e-23,
        "var": 8.054553291e-06
    },
    "spectral_energyband_middle_high": {
        "dmean": 0.000337082776241,
        "dmean2": 0.000518212851603,
        "dvar": 1.69898305558e-06,
        "dvar2": 4.11518431065e-06,
        "max": 0.0493001230061,
        "mean": 0.000624024192803,
        "median": 0.000276443373878,
        "min": 1.75849591331e-21,
        "var": 2.19839580495e-06
    },
    "spectral_energyband_middle_low": {
        "dmean": 0.0123727247119,
        "dmean2": 0.0207314230502,
        "dvar": 0.000144035293488,
        "dvar2": 0.0003872551315,
        "max": 0.164385378361,
        "mean": 0.0297124125063,
        "median": 0.0272788982838,
        "min": 3.45608242461e-22,
        "var": 0.000302256492432
    },
    "spectral_entropy": {
        "dmean": 0.250439047813,
        "dmean2": 0.41470092535,
        "dvar": 0.0555845610797,
        "dvar2": 0.147580966353,
        "max": 9.79756069183,
        "mean": 5.41039228439,
        "median": 5.42618846893,
        "min": 2.4183716774,
        "var": 0.205467298627
    },
    "spectral_flux": {
        "dmean": 0.0288639385253,
        "dmean2": 0.0489923469722,
        "dvar": 0.000656011572573,
        "dvar2": 0.00181807775516,
        "max": 0.287750482559,
        "mean": 0.0789458453655,
        "median": 0.0736962929368,
        "min": 1.04498132369e-10,
        "var": 0.00105249718763
    },
    "spectral_kurtosis": {
        "dmean": 30.9163837433,
        "dmean2": 53.4531669617,
        "dvar": 1424.81347656,
        "dvar2": 4212.29248047,
        "max": 1251.18029785,
        "mean": 91.9425811768,
        "median": 78.3321228027,
        "min": -1.19694292545,
        "var": 5270.33642578
    },
    "spectral_rms": {
        "dmean": 0.00112538528629,
        "dmean2": 0.00186504831072,
        "dvar": 9.07675371309e-07,
        "dvar2": 2.45974752033e-06,
        "max": 0.0127038834617,
        "mean": 0.00526635814458,
        "median": 0.00527358427644,
        "min": 3.26397329303e-12,
        "var": 2.52562563219e-06
    },
    "spectral_rolloff": {
        "dmean": 42.6204795837,
        "dmean2": 77.6829299927,
        "dvar": 32337.5703125,
        "dvar2": 50308.2382812,
        "max": 18647.7539062,
        "mean": 528.198608398,
        "median": 516.796875,
        "min": 236.865234375,
        "var": 36652.8867188
    },
    "spectral_skewness": {
        "dmean": 1.45672929287,
        "dmean2": 2.53722333908,
        "dvar": 1.70532858372,
        "dvar2": 5.01216363907,
        "max": 30.902677536,
        "mean": 6.75538253784,
        "median": 6.49950408936,
        "min": 0.0118420412764,
        "var": 9.39329147339
    },
    "spectral_spread": {
        "dmean": 377397.9375,
        "dmean2": 667029.6875,
        "dvar": 215689379840,
        "dvar2": 446020583424,
        "max": 40433236,
        "mean": 1272816.125,
        "median": 1077078,
        "min": 112172.273438,
        "var": 631472586752
    },
    "spectral_strongpeak": {
        "dmean": 0.770686984062,
        "dmean2": 1.25950562954,
        "dvar": 0.533143520355,
        "dvar2": 1.35385131836,
        "max": 8.70229053497,
        "mean": 1.67688047886,
        "median": 1.51315176487,
        "min": 3.35556604725e-09,
        "var": 0.95923435688
    },
    "zerocrossingrate": {
        "dmean": 0.00149986252654,
        "dmean2": 0.0020802821964,
        "dvar": 1.15472348625e-05,
        "dvar2": 1.0254972949e-05,
        "max": 0.4736328125,
        "mean": 0.020894670859,
        "median": 0.02001953125,
        "min": 0.0087890625,
        "var": 3.18344573316e-05
    },
    "barkbands": {
        "dmean": [7.12993596608e-06, 7.97585817054e-05, 0.000301273510559, 0.000178685470019, 0.00257797818631, 0.00124552007765, 0.00602762633935, 0.00606727134436, 0.000460731971543, 0.000204274110729, 8.91651652637e-05, 8.13615770312e-05, 1.34583178806e-05, 4.94535634061e-05, 7.68073823565e-06, 1.15046850624e-05, 1.81025507118e-06, 1.01668285879e-06, 8.74949478202e-07, 1.54761653448e-06, 1.98875545721e-06, 9.05890829017e-07, 1.44577086303e-07, 2.91473813974e-08, 2.70371423028e-08, 1.62764290934e-08, 3.57356833014e-09],
        "dmean2": [8.38272353576e-06, 0.000121815835882, 0.000452642358141, 0.000287595350528, 0.00395184056833, 0.00194433971774, 0.0101494882256, 0.0104141915217, 0.000739763258025, 0.000321525119944, 0.000142595235957, 0.000129928332171, 2.10574671655e-05, 7.86470918683e-05, 1.25968044813e-05, 1.82236835826e-05, 3.01180989482e-06, 1.67181951838e-06, 1.45093497395e-06, 2.48136575465e-06, 3.29085264639e-06, 1.43765475968e-06, 2.43501148134e-07, 5.48770877629e-08, 5.09349398214e-08, 3.12693586579e-08, 6.83091805342e-09],
        "dvar": [2.49030240873e-09, 1.19613261518e-07, 1.11730457775e-06, 1.923046824e-07, 1.33947505674e-05, 7.61537012295e-06, 6.58460485283e-05, 8.96342389751e-05, 4.5321777975e-07, 8.73958867942e-07, 4.29945401947e-07, 1.37654652121e-07, 1.00960706462e-09, 1.92396768739e-07, 1.74569214639e-09, 1.29664741166e-08, 3.69746247508e-11, 3.8222346295e-12, 9.03733685109e-12, 4.6046652602e-11, 7.61502388924e-11, 1.87352546671e-11, 1.46528882777e-12, 7.42566164808e-13, 6.94904691515e-13, 2.88861924831e-13, 6.17895457836e-15],
        "dvar2": [2.84337264844e-09, 2.65890918172e-07, 2.26464931075e-06, 4.89674505388e-07, 3.68439723388e-05, 1.82814892469e-05, 0.000170736806467, 0.000249149452429, 1.15217358143e-06, 2.05831111089e-06, 1.13124485779e-06, 3.38637221375e-07, 2.25670038212e-09, 4.50398516705e-07, 4.07073752484e-09, 3.14403436619e-08, 9.02875274544e-11, 9.48116064825e-12, 2.39751569292e-11, 1.14982461052e-10, 1.97979563299e-10, 4.58712373641e-11, 4.0188837501e-12, 2.20634144635e-12, 2.06474073949e-12, 8.58395928123e-13, 1.83715212097e-14],
        "max": [0.00220324494876, 0.0124993650243, 0.040761590004, 0.010755491443, 0.0625800639391, 0.0718614086509, 0.112124234438, 0.137462511659, 0.0107963494956, 0.0485819876194, 0.0393898971379, 0.014997119084, 0.00155862723477, 0.0238833241165, 0.00338119408116, 0.00676948949695, 0.000457415851997, 5.17911757925e-05, 0.000121644661704, 0.00027344332193, 0.000252471276326, 0.000111321511213, 4.70398990728e-05, 4.81009737996e-05, 4.66407727799e-05, 2.99240255117e-05, 4.33698323832e-06],
        "mean": [1.21022612802e-05, 0.000130016400362, 0.000614621443674, 0.000349925569026, 0.00817802082747, 0.00347354798578, 0.00883281230927, 0.00771116185933, 0.00101243611425, 0.000321587111102, 0.000119262549561, 0.000120496086311, 2.49346267083e-05, 6.60759033053e-05, 1.48097351484e-05, 1.96577439056e-05, 3.76994967155e-06, 2.17539877667e-06, 1.57549538926e-06, 2.67207587967e-06, 3.42462749359e-06, 1.40491590628e-06, 1.88618514585e-07, 2.76029794577e-08, 2.30909957821e-08, 1.14942979579e-08, 2.64477306722e-09],
        "median": [1.29114340552e-07, 1.22753044707e-06, 6.63525406708e-06, 5.042450357e-05, 0.00524337170646, 0.000960019417107, 0.0055628772825, 0.0032752819825, 0.000616377568804, 0.00010136909259, 1.170070027e-05, 4.15866161347e-05, 1.07820669655e-05, 8.28459269542e-06, 5.92870947003e-06, 4.97423025081e-06, 2.18016020881e-06, 1.31585034069e-06, 6.98965891388e-07, 4.2700406766e-07, 2.07207165204e-07, 7.27782065724e-08, 2.03193657455e-08, 5.93697890849e-09, 3.89134235945e-09, 2.68702038397e-09, 8.25299495411e-10],
        "min": [6.01233494358e-23, 1.54561974699e-23, 2.33161945371e-23, 3.54486228239e-23, 2.32294371925e-23, 3.99050022071e-23, 7.958307122e-23, 2.55995145619e-23, 1.30538720977e-22, 5.40872003592e-23, 5.26818604338e-23, 7.09429490932e-23, 1.63033189084e-22, 1.43594835964e-22, 2.99756895103e-22, 1.77492933746e-22, 1.66044618258e-22, 1.78341382049e-22, 3.12703655036e-22, 2.80044005766e-22, 3.55458174294e-22, 4.67072551296e-22, 7.09758275536e-22, 1.14251454442e-21, 1.33383005041e-21, 1.57168587594e-21, 2.3886407307e-21],
        "var": [8.35435276514e-09, 2.83838517134e-07, 4.33633840657e-06, 6.21972844783e-07, 7.41431504139e-05, 3.28713504132e-05, 0.000104817736428, 0.000121400807984, 1.42736814723e-06, 1.25248345739e-06, 4.35495877582e-07, 1.90810425238e-07, 3.66349239833e-09, 2.167245583e-07, 3.13280534847e-09, 1.68302456416e-08, 6.3495639302e-11, 8.39710332518e-12, 1.26858905325e-11, 9.87245632467e-11, 1.67363678472e-10, 2.72243980831e-11, 1.22339616736e-12, 3.82998456084e-13, 3.57734539691e-13, 1.48514013587e-13, 3.17950651532e-15]
    },
    "erbbands": {
        "dmean": [0.000893009768333, 0.0269789304584, 0.280127644539, 0.506414234638, 2.81475830078, 13.590379715, 6.26919460297, 15.1868400574, 83.1493682861, 135.15737915, 56.8559570312, 13.9149751663, 6.89719343185, 3.66212916374, 4.91197156906, 3.32956719398, 0.897692084312, 2.54611039162, 0.851948618889, 0.453568935394, 0.382139056921, 0.0923440530896, 0.0547265410423, 0.0466674715281, 0.0467389523983, 0.0674922317266, 0.0870368033648, 0.0736155211926, 0.0350563637912, 0.0130490958691, 0.00303347012959, 0.000726279511582, 0.000477000896353, 0.000316915364238, 0.000190559236216, 8.54659156175e-05, 2.91477736027e-05, 5.73874876864e-06, 6.2318408709e-06, 1.40454512803e-05],
        "dmean2": [0.00140853156336, 0.0406378358603, 0.415362685919, 0.805854558945, 4.41037654877, 20.6076431274, 9.59279918671, 23.6785984039, 138.848526001, 232.669082642, 97.3330230713, 22.3174915314, 11.2225408554, 5.60418224335, 7.82129669189, 5.23986339569, 1.39825332165, 4.04623126984, 1.36376798153, 0.726740241051, 0.607032418251, 0.151178315282, 0.089314930141, 0.0766781419516, 0.0769490227103, 0.108130544424, 0.144678398967, 0.120246112347, 0.0557022467256, 0.0207456853241, 0.00516410218552, 0.00133942440152, 0.000899691716768, 0.000596819387283, 0.00035725926864, 0.000162258467753, 5.52026940568e-05, 1.09167585833e-05, 1.0487326108e-05, 2.35056158999e-05],
        "dvar": [1.19498799904e-05, 0.0132087748498, 1.1012481451, 1.69600439072, 16.5467243195, 390.125488281, 78.8945617676, 847.000549316, 18622.4199219, 38003.2890625, 10179.3466797, 405.584350586, 704.844543457, 637.835876465, 1230.42980957, 297.754516602, 4.97396421432, 507.645935059, 26.3928718567, 9.46475028992, 12.0480718613, 0.0503687039018, 0.0107127809897, 0.0214445758611, 0.0381436347961, 0.0834350213408, 0.187715008855, 0.10437977314, 0.0266940239817, 0.00486834999174, 0.00100609345827, 0.000346550979884, 0.000198355613975, 9.3849208497e-05, 3.23063468386e-05, 7.45964553062e-06, 8.28306781386e-07, 2.93121527051e-08, 1.96557284338e-10, 1.84428097794e-10],
        "dvar2": [2.89590607281e-05, 0.0275393072516, 2.12897515297, 4.09782981873, 45.0159835815, 1080.25537109, 212.494918823, 2013.34814453, 48373.1992188, 107118.0625, 28026.6035156, 1005.78601074, 1788.37463379, 1397.98400879, 3240.91040039, 716.641235352, 11.8637962341, 1200.98071289, 59.9843330383, 23.110710144, 28.9506168365, 0.120044074953, 0.0264514517039, 0.0498194396496, 0.103241950274, 0.202869728208, 0.504730761051, 0.267958492041, 0.0663403719664, 0.0117189818993, 0.00286504649557, 0.00102951412555, 0.000589403382037, 0.000278842606349, 9.60002580541e-05, 2.21684185817e-05, 2.46195168074e-06, 8.7133685156e-08, 5.73966707496e-10, 4.95068819273e-10],
        "max": [0.153723686934, 4.17835044861, 29.7219429016, 55.4603996277, 77.2491073608, 321.561950684, 169.202972412, 740.579406738, 1913.6439209, 2883.88623047, 1607.23522949, 334.859680176, 1842.21716309, 1198.37097168, 2186.54980469, 729.476623535, 89.9817352295, 1171.21948242, 273.990325928, 177.549224854, 211.705001831, 11.7967987061, 2.40924978256, 10.105134964, 7.69195842743, 12.0728158951, 15.1677007675, 9.68371009827, 4.6068778038, 2.37250542641, 1.31936466694, 1.03175139427, 0.791260063648, 0.540081441402, 0.318115621805, 0.153054118156, 0.0508691184223, 0.00930075906217, 0.000746514357161, 0.000186712597497],
        "mean": [0.00156450457871, 0.0470725558698, 0.55604660511, 1.19286990166, 8.4883852005, 38.4711685181, 18.5376853943, 44.8095092773, 118.235649109, 190.797943115, 80.2007369995, 31.2547664642, 12.4257545471, 6.53347492218, 6.96809530258, 5.08309221268, 1.66533732414, 3.42547774315, 1.4250125885, 0.851443052292, 0.706393122673, 0.213166236877, 0.126937314868, 0.0944826677442, 0.0858265757561, 0.123255580664, 0.140993505716, 0.125628650188, 0.0570865757763, 0.0202594641596, 0.00390341412276, 0.000762409355957, 0.000457584683318, 0.000282374559902, 0.000182004179806, 7.52929990995e-05, 2.83476310869e-05, 5.39294978807e-06, 1.50084852066e-05, 3.4663349652e-05],
        "median": [8.71868396644e-05, 0.000950201414526, 0.0159868262708, 0.329309880733, 5.17333889008, 23.6009216309, 11.5988340378, 15.9318580627, 50.8173408508, 115.896034241, 36.4019126892, 19.6311721802, 6.53565692902, 1.47592568398, 1.32600450516, 1.5263402462, 0.764356970787, 0.45139837265, 0.414313137531, 0.340815514326, 0.240410119295, 0.128275066614, 0.078177690506, 0.0520518198609, 0.0297453738749, 0.0202761404216, 0.0123008284718, 0.00606007641181, 0.00293796416372, 0.00139826652594, 0.000557172927074, 0.000213159408304, 0.000103780250356, 6.67322456138e-05, 4.76288478239e-05, 2.98099548672e-05, 1.38581362989e-05, 2.56347721006e-06, 1.36623284561e-05, 3.18675411108e-05],
        "min": [5.70406059737e-22, 3.90681401887e-21, 2.4262037778e-20, 7.52291621925e-20, 1.00302589834e-19, 7.69260844451e-20, 2.62435250246e-19, 2.70695294898e-19, 1.15113493932e-18, 6.5403785507e-19, 9.24405353801e-19, 2.10169367613e-18, 2.96741097907e-18, 1.91961674765e-18, 2.68506776622e-18, 3.30321983798e-18, 6.59748296429e-18, 8.0352895458e-18, 9.41598302833e-18, 1.64055094847e-17, 9.50569159294e-18, 8.82516183119e-18, 9.79729591992e-18, 1.14155391308e-17, 1.70741079933e-17, 1.30772705351e-17, 1.31963134058e-17, 1.58647881357e-17, 1.73207236211e-17, 2.00066022312e-17, 1.85425487952e-17, 2.17661444342e-17, 1.92454488295e-17, 1.25512117897e-17, 1.06751463081e-17, 6.16771176446e-18, 3.20807566277e-18, 1.01263212774e-18, 3.15752469098e-19, 3.88862614281e-20],
        "var": [2.44465190917e-05, 0.0359754338861, 3.95878458023, 7.15691804886, 82.1624450684, 1806.05773926, 350.881866455, 4724.56152344, 28827.4902344, 48975.9101562, 14141.6503906, 1279.50866699, 734.225097656, 1200.20471191, 1232.40234375, 444.860565186, 12.3219738007, 564.590332031, 35.0082855225, 12.7546138763, 15.4205942154, 0.103288084269, 0.0264936033636, 0.0331466756761, 0.0601319558918, 0.206903204322, 0.30661958456, 0.234493657947, 0.0415184684098, 0.00699080759659, 0.000705484824721, 0.000179248250788, 0.000102273617813, 4.83351650473e-05, 1.66394547705e-05, 3.83762562706e-06, 4.26063650139e-07, 1.50777594854e-08, 1.61388929998e-10, 3.9326886192e-10]
    },
    "gfcc": {
        "mean": [-185.19329834, 209.284240723, -118.5807724, -43.1906280518, -74.5732574463, -59.3570404053, -35.5190467834, -28.7778263092, -10.1627120972, -10.1381206512, -12.9491100311, -17.2783603668, -7.58409452438],
        "cov": [[2129.9543457, 362.4894104, -6.44998216629, 713.677978516, 219.018203735, 330.876342773, 295.596984863, -69.5013809204, 0.888723254204, -34.8787727356, -179.559020996, -136.774353027, -22.0495586395], [362.4894104, 946.686218262, 501.349914551, -318.858703613, 519.673278809, 171.577041626, -126.683708191, 117.976257324, -38.8477172852, -64.5925445557, -44.2598648071, -147.46333313, 13.9147796631], [-6.44998216629, 501.349914551, 753.373046875, 39.1820907593, 257.40423584, 210.792236328, -5.04334926605, 172.328216553, 25.6251049042, 97.773475647, 136.489868164, 5.85644817352, 20.1125812531], [713.677978516, -318.858703613, 39.1820907593, 1051.79882812, -100.561782837, 223.769287109, 366.066070557, -23.9918956757, 88.511177063, 143.376174927, 60.5144767761, 98.1419754028, -10.7749891281], [219.018203735, 519.673278809, 257.40423584, -100.561782837, 397.802612305, 149.428222656, -77.8110580444, 103.497070312, -20.9733200073, -6.78439331055, 3.73140358925, -95.4423522949, 12.8341913223], [330.876342773, 171.577041626, 210.792236328, 223.769287109, 149.428222656, 344.78527832, 142.018554688, 76.7354049683, -3.37027478218, 43.6250724792, 42.7762718201, 0.114642962813, -1.54764556885], [295.596984863, -126.683708191, -5.04334926605, 366.066070557, -77.8110580444, 142.018554688, 273.966674805, 29.0206298828, 15.6987514496, 50.4794883728, 1.01944458485, 27.4099235535, -23.8224868774], [-69.5013809204, 117.976257324, 172.328216553, -23.9918956757, 103.497070312, 76.7354049683, 29.0206298828, 167.277099609, 0.678336501122, -3.77139163017, 29.200334549, -36.6923179626, -5.39010429382], [0.888723254204, -38.8477172852, 25.6251049042, 88.511177063, -20.9733200073, -3.37027478218, 15.6987514496, 0.678336501122, 107.19960022, 29.093421936, -1.29159152508, 25.167842865, -32.3572692871], [-34.8787727356, -64.5925445557, 97.773475647, 143.376174927, -6.78439331055, 43.6250724792, 50.4794883728, -3.77139163017, 29.093421936, 177.786422729, 97.5769348145, 28.5960292816, 24.7483158112], [-179.559020996, -44.2598648071, 136.489868164, 60.5144767761, 3.73140358925, 42.7762718201, 1.01944458485, 29.200334549, -1.29159152508, 97.5769348145, 192.325408936, 103.924728394, 25.2741889954], [-136.774353027, -147.46333313, 5.85644817352, 98.1419754028, -95.4423522949, 0.114642962813, 27.4099235535, -36.6923179626, 25.167842865, 28.5960292816, 103.924728394, 178.505889893, 35.554271698], [-22.0495586395, 13.9147796631, 20.1125812531, -10.7749891281, 12.8341913223, -1.54764556885, -23.8224868774, -5.39010429382, -32.3572692871, 24.7483158112, 25.2741889954, 35.554271698, 95.992149353]],
        "icov": [[0.00129723758437, -0.00180929328781, 0.000976181996521, -0.00133161793929, 0.00101494952105, -0.000650583708193, -5.15674719281e-06, 0.000448499224149, 5.22469272255e-05, 0.00020072949701, 7.6894844824e-05, 0.00080465269275, -0.000268459843937], [-0.00180929328781, 0.0150008313358, -0.00837779697031, 0.00582784228027, -0.0157371461391, 0.0026906945277, -0.0072328611277, 0.00833333656192, -0.00227309251204, 0.00612361822277, 0.000450734019978, 0.00207781419158, -0.00259344256483], [0.000976181996521, -0.00837779697031, 0.00722165824845, -0.00329861533828, 0.00797921884805, -0.00237116287462, 0.0048860553652, -0.00658270390704, 0.000830709410366, -0.00445471517742, -0.000783758528996, -0.00168843055144, 0.00155342719518], [-0.00133161793929, 0.00582784228027, -0.00329861533828, 0.00489704264328, -0.00582589954138, 0.000955564610194, -0.00542836124077, 0.00382730015554, -0.00263320631348, 0.00191627687309, -0.00085419730749, 0.000600191415288, -0.00162681669462], [0.00101494952105, -0.0157371461391, 0.00797921884805, -0.00582589954138, 0.0229248758405, -0.0053668753244, 0.0113319177181, -0.0112177347764, 0.00238541862927, -0.0066318968311, -0.000869139912538, -0.000243228249019, 0.00205216114409], [-0.000650583708193, 0.0026906945277, -0.00237116287462, 0.000955564610194, -0.0053668753244, 0.00695309555158, -0.00487960828468, 0.00144063064363, 0.000329518516082, 0.00127692543902, -0.000656353775412, -0.000393825845094, -0.000135285634315], [-5.15674719281e-06, -0.0072328611277, 0.0048860553652, -0.00542836124077, 0.0113319177181, -0.00487960828468, 0.0168076306581, -0.0106470724568, 0.00589858368039, -0.00821940973401, 0.00550078414381, -0.00581590877846, 0.00620698882267], [0.000448499224149, 0.00833333656192, -0.00658270390704, 0.00382730015554, -0.0112177347764, 0.00144063064363, -0.0106470724568, 0.0188422054052, -0.00580994365737, 0.0100312968716, -0.00626613339409, 0.00880730617791, -0.00551429204643], [5.22469272255e-05, -0.00227309251204, 0.000830709410366, -0.00263320631348, 0.00238541862927, 0.000329518516082, 0.00589858368039, -0.00580994365737, 0.0178410820663, -0.00854181684554, 0.00875330436975, -0.00950228236616, 0.0101268412545], [0.00020072949701, 0.00612361822277, -0.00445471517742, 0.00191627687309, -0.0066318968311, 0.00127692543902, -0.00821940973401, 0.0100312968716, -0.00854181684554, 0.017821399495, -0.0112119829282, 0.0107017811388, -0.00874805543572], [7.6894844824e-05, 0.000450734019978, -0.000783758528996, -0.00085419730749, -0.000869139912538, -0.000656353775412, 0.00550078414381, -0.00626613339409, 0.00875330436975, -0.0112119829282, 0.0196459125727, -0.0139341559261, 0.00696915527806], [0.00080465269275, 0.00207781419158, -0.00168843055144, 0.000600191415288, -0.000243228249019, -0.000393825845094, -0.00581590877846, 0.00880730617791, -0.00950228236616, 0.0107017811388, -0.0139341559261, 0.0200292654335, -0.0103297997266], [-0.000268459843937, -0.00259344256483, 0.00155342719518, -0.00162681669462, 0.00205216114409, -0.000135285634315, 0.00620698882267, -0.00551429204643, 0.0101268412545, -0.00874805543572, 0.00696915527806, -0.0103297997266, 0.0188379660249]]
    },
    "melbands": {
        "dmean": [1.40858719533e-05, 0.000107340885734, 9.93029098026e-05, 0.000612471834756, 0.000311032345053, 0.000333054544171, 0.00122698757332, 0.0015343290288, 0.000352431583451, 7.51166371629e-05, 3.40769620379e-05, 1.49825809785e-05, 1.27248886201e-05, 1.3141877389e-05, 3.69674057765e-06, 1.10430880795e-06, 5.76852835366e-06, 1.57224508257e-06, 4.51571310123e-07, 1.07222376755e-06, 3.07142300926e-07, 1.07753237444e-07, 6.6882222427e-08, 5.06741457684e-08, 4.03312405695e-08, 3.51499345186e-08, 4.11617264717e-08, 5.14645712713e-08, 5.86243267264e-08, 5.57639872056e-08, 4.57088944472e-08, 2.35159731687e-08, 1.24750405561e-08, 5.53608048293e-09, 2.0591910399e-09, 5.67940139362e-10, 3.86698784105e-10, 3.47079892604e-10, 3.0262184425e-10, 2.60987814693e-10],
        "dmean2": [2.18236909859e-05, 0.000159930801601, 0.000161371426657, 0.00093709747307, 0.000470880360808, 0.000528151344042, 0.00205060956068, 0.00264309695922, 0.000601018371526, 0.000120780343423, 5.5040603911e-05, 2.28220214922e-05, 2.03126637643e-05, 2.08090059459e-05, 5.77181208428e-06, 1.73574539986e-06, 9.16770750337e-06, 2.5423257739e-06, 7.5575445635e-07, 1.69724989973e-06, 4.94391372285e-07, 1.79916071374e-07, 1.11383407386e-07, 8.4102090625e-08, 6.69915252161e-08, 5.93650888447e-08, 6.81280809545e-08, 8.3326185063e-08, 9.79766952014e-08, 9.36208977009e-08, 7.46499821958e-08, 3.78015059255e-08, 2.03682848365e-08, 8.8952178956e-09, 3.54744411624e-09, 1.05493402902e-09, 7.24673321351e-10, 6.55142606831e-10, 5.7380200591e-10, 4.92862084478e-10],
        "dvar": [3.06572145448e-09, 1.61792172548e-07, 4.74999310995e-08, 7.41240739899e-07, 2.04609435173e-07, 4.03211771527e-07, 3.77296214538e-06, 5.39150187251e-06, 4.87353077006e-07, 1.15488303365e-08, 1.77280554681e-08, 1.23608412395e-08, 8.64179483528e-09, 3.54962703675e-09, 4.360407313e-10, 4.7255537157e-12, 2.69342859127e-09, 1.01677888331e-10, 3.65241907899e-12, 1.15067233519e-10, 4.69220105478e-12, 8.01642755541e-14, 1.77814035197e-14, 1.20575453444e-14, 1.81685975265e-14, 1.94102224663e-14, 3.52016050857e-14, 5.4457266062e-14, 9.21866749604e-14, 7.24963098993e-14, 4.61799787863e-14, 1.21229523815e-14, 6.29693356241e-15, 1.11720532897e-15, 4.9954646861e-16, 1.6355425353e-16, 1.20687755719e-16, 9.98375963535e-17, 8.09004608994e-17, 6.25867086072e-17],
        "dvar2": [7.07138081424e-09, 3.13958850029e-07, 1.17504576735e-07, 2.02749379241e-06, 5.51696700768e-07, 9.72619886852e-07, 9.78177104116e-06, 1.5142918528e-05, 1.34019933284e-06, 2.85594410343e-08, 4.49139854197e-08, 2.70160001037e-08, 2.26446914553e-08, 9.04456154416e-09, 1.07228637081e-09, 1.08492954204e-11, 6.36743990867e-09, 2.29223917625e-10, 8.36883513877e-12, 2.8076177494e-10, 1.11755014964e-11, 1.95053405394e-13, 4.37422653979e-14, 2.98960651428e-14, 4.23616491278e-14, 5.31598487561e-14, 9.22572294167e-14, 1.3914807891e-13, 2.48327806885e-13, 1.89626851547e-13, 1.21690011583e-13, 2.98654398195e-14, 1.66513870292e-14, 2.75822430285e-15, 1.40278174598e-15, 4.8594640173e-16, 3.5857943388e-16, 2.96662066589e-16, 2.40327864031e-16, 1.85955389779e-16],
        "max": [0.00186770875007, 0.011810538359, 0.00803189538419, 0.0149227194488, 0.00767238391563, 0.016045589, 0.0270354468375, 0.034796167165, 0.0118670761585, 0.00194518256467, 0.00924942083657, 0.00531516224146, 0.00565610080957, 0.00310553889722, 0.000959871802479, 9.88382525975e-05, 0.00270668463781, 0.000608104863204, 0.000162427022588, 0.000625120068435, 0.000131540378788, 1.95113225345e-05, 4.26236010753e-06, 3.05454977934e-06, 9.55567702476e-06, 4.97997461935e-06, 7.00833970768e-06, 1.07431724246e-05, 1.14726926768e-05, 7.76403521741e-06, 6.38712117507e-06, 3.05518483401e-06, 3.21315951624e-06, 9.91946535578e-07, 7.83881262123e-07, 6.87869487592e-07, 6.08934897173e-07, 5.62032823836e-07, 5.05541549956e-07, 4.38877009401e-07],
        "mean": [2.35547122429e-05, 0.000213582185097, 0.000228827164392, 0.00188344763592, 0.000917823344935, 0.000900596845895, 0.00176095857751, 0.00211435835809, 0.000501269940287, 0.000165213277796, 5.38947970199e-05, 2.61870391114e-05, 1.77251640707e-05, 1.95127358893e-05, 5.94082302996e-06, 2.08593633033e-06, 7.51229163143e-06, 2.44801867666e-06, 8.69298162343e-07, 1.76491801085e-06, 5.61488832318e-07, 2.21869058237e-07, 1.34434728238e-07, 1.01357755966e-07, 7.24878432834e-08, 5.81429766555e-08, 6.8691825561e-08, 8.53441122217e-08, 8.54395665328e-08, 8.66637464014e-08, 7.07174123704e-08, 3.52711140295e-08, 1.74171148615e-08, 8.20834067383e-09, 2.41440534232e-09, 5.45593625834e-10, 3.5907124496e-10, 3.08935543814e-10, 2.61383109601e-10, 2.10320080796e-10],
        "median": [3.28369765157e-07, 2.0175609734e-06, 7.91232887423e-05, 0.00112778600305, 0.000592724827584, 0.000322536419844, 0.000826939241961, 0.00114347424824, 0.000221617388888, 9.96325834421e-05, 2.45730625466e-05, 4.28729572377e-06, 2.45248702413e-06, 6.40842699795e-06, 1.57076146934e-06, 1.02730996332e-06, 7.32339401566e-07, 6.48805780656e-07, 4.31890157415e-07, 3.86952279996e-07, 2.3408654215e-07, 1.30024346845e-07, 7.89835041815e-08, 5.87708370858e-08, 3.7460349489e-08, 2.24289955497e-08, 1.53246375589e-08, 1.19585426006e-08, 8.15798628651e-09, 4.67943017668e-09, 2.65888910889e-09, 1.62227353773e-09, 1.053853671e-09, 5.6558019379e-10, 2.84414408691e-10, 1.42876932507e-10, 8.57557982958e-11, 5.73806280268e-11, 4.07058553531e-11, 3.42680779586e-11],
        "min": [7.62018492971e-24, 9.89279932321e-24, 1.44083219751e-23, 6.27540743369e-24, 7.55434028768e-24, 6.78523561496e-24, 1.70611870464e-23, 5.95367327451e-24, 8.19073252372e-24, 1.61434878004e-23, 1.49322234349e-23, 7.64272268577e-24, 7.75775753842e-24, 9.10285610082e-24, 1.0264656521e-23, 1.74822794199e-23, 1.44383838865e-23, 1.27782537216e-23, 2.34120001163e-23, 1.79666715701e-23, 9.6727726061e-24, 8.72956002072e-24, 1.02668408769e-23, 8.00261444137e-24, 9.00044144494e-24, 1.24077786081e-23, 1.11381953335e-23, 7.87179448202e-24, 7.26760512585e-24, 1.09699447131e-23, 8.38935113357e-24, 9.69052197647e-24, 8.87316899308e-24, 1.30626522774e-23, 9.57633593816e-24, 1.20353912957e-23, 1.38823016349e-23, 1.33246258843e-23, 1.21581735513e-23, 1.01030481094e-23],
        "var": [7.10636838264e-09, 5.771622682e-07, 1.94853924995e-07, 4.21407230533e-06, 8.80168784079e-07, 1.90769014807e-06, 5.91554135099e-06, 7.13861527402e-06, 6.81658434587e-07, 3.97196799895e-08, 1.8043881056e-08, 2.35574102447e-08, 8.83299566823e-09, 4.18098045074e-09, 6.26155460814e-10, 1.59348697432e-11, 2.99713143193e-09, 1.26235535913e-10, 5.73303860982e-12, 1.49827400486e-10, 5.83929562689e-12, 1.51480661782e-13, 3.80184639738e-14, 2.26369673738e-14, 2.568741762e-14, 2.51544204438e-14, 6.57270529778e-14, 1.10522546247e-13, 1.26554948704e-13, 1.33432232819e-13, 8.87924174291e-14, 1.79088430148e-14, 6.41729990883e-15, 1.44593934519e-15, 3.7475077515e-16, 8.4729824062e-17, 6.22856744213e-17, 5.14843996134e-17, 4.17176928325e-17, 3.22296102605e-17]
    },
    "mfcc": {
        "mean": [-825.083129883, 228.366134644, 4.74344062805, -8.9688243866, -29.5041236877, -36.6389923096, -37.6389007568, -32.2394447327, -16.6037807465, -14.0730333328, -7.96221208572, -6.05986022949, -6.48926877975],
        "cov": [[1665.1048584, 541.579528809, -169.975280762, 507.984222412, 96.9541778564, 414.696624756, 300.037384033, 107.440574646, 278.701446533, 109.176528931, 26.525302887, -75.2139358521, -108.784126282], [541.579528809, 1327.09204102, 325.285827637, -260.176696777, 613.643188477, 168.311630249, 174.278305054, 173.723052979, 88.8009719849, 234.765090942, -20.8879241943, -65.2080535889, -119.830413818], [-169.975280762, 325.285827637, 619.982177734, 184.923126221, 209.815612793, 241.404281616, 166.600738525, 157.387130737, 69.714630127, 96.9683380127, 121.45589447, 144.382263184, 176.970703125], [507.984222412, -260.176696777, 184.923126221, 804.230224609, -43.7430534363, 324.379211426, 295.773162842, 77.6887969971, 171.863708496, 39.6205825806, 134.829849243, 169.057662964, 192.076339722], [96.9541778564, 613.643188477, 209.815612793, -43.7430534363, 488.61517334, 108.875434875, 120.790184021, 123.511634827, 14.9882116318, 144.176712036, 21.8427963257, 30.7951908112, 18.9132404327], [414.696624756, 168.311630249, 241.404281616, 324.379211426, 108.875434875, 404.363464355, 244.03012085, 108.143058777, 149.928085327, 71.3291778564, 105.392601013, 97.5245513916, 124.79246521], [300.037384033, 174.278305054, 166.600738525, 295.773162842, 120.790184021, 244.03012085, 353.701202393, 130.485626221, 115.878669739, 118.375907898, 35.14112854, 108.844787598, 130.126968384], [107.440574646, 173.723052979, 157.387130737, 77.6887969971, 123.511634827, 108.143058777, 130.485626221, 219.30317688, 88.3219909668, 38.7579498291, 38.2705879211, 45.2938041687, 97.2384490967], [278.701446533, 88.8009719849, 69.714630127, 171.863708496, 14.9882116318, 149.928085327, 115.878669739, 88.3219909668, 177.358337402, 67.9827041626, 23.8281669617, 37.2379226685, 28.2790393829], [109.176528931, 234.765090942, 96.9683380127, 39.6205825806, 144.176712036, 71.3291778564, 118.375907898, 38.7579498291, 67.9827041626, 169.331283569, 37.9199867249, 7.02132844925, -12.4481163025], [26.525302887, -20.8879241943, 121.45589447, 134.829849243, 21.8427963257, 105.392601013, 35.14112854, 38.2705879211, 23.8281669617, 37.9199867249, 150.457885742, 74.6150894165, 36.7553024292], [-75.2139358521, -65.2080535889, 144.382263184, 169.057662964, 30.7951908112, 97.5245513916, 108.844787598, 45.2938041687, 37.2379226685, 7.02132844925, 74.6150894165, 197.993774414, 171.410827637], [-108.784126282, -119.830413818, 176.970703125, 192.076339722, 18.9132404327, 124.79246521, 130.126968384, 97.2384490967, 28.2790393829, -12.4481163025, 36.7553024292, 171.410827637, 285.957244873]],
