{
"lowlevel": {
    "average_loudness": 0.96037453413,
    "barkbands_crest": {
        "dmean": 2.06939482689,
        "dmean2": 3.29799246788,
        "dvar": 4.39257192612,
        "dvar2": 10.8487129211,
        "max": 26.8683395386,
        "mean": 12.3819742203,
        "median": 11.5510969162,
        "min": 2.0795609951,
        "var": 22.4054775238
    },
    "barkbands_flatness_db": {
        "dmean": 0.0170350093395,
        "dmean2": 0.0248239450157,
        "dvar": 0.000310835777782,
        "dvar2": 0.000680664146785,
        "max": 0.85859888792,
        "mean": 0.130877822638,
        "median": 0.111426271498,
        "min": 0.0163893178105,
        "var": 0.00923065375537
    },
    "barkbands_kurtosis": {
        "dmean": 19.2614631653,
        "dmean2": 32.0606155396,
        "dvar": 27175.5839844,
        "dvar2": 81427.8984375,
        "max": 20470.1425781,
        "mean": 135.863952637,
        "median": 1.70872592926,
        "min": -1.93401920795,
        "var": 1305306.75
    },
    "barkbands_skewness": {
        "dmean": 0.54107260704,
        "dmean2": 0.826579034328,
        "dvar": 0.783409237862,
        "dvar2": 2.08881115913,
        "max": 113.631385803,
        "mean": 2.6218495369,
        "median": 1.57193589211,
        "min": -1.98700082302,
        "var": 47.5062789917
    },
    "barkbands_spread": {
        "dmean": 7.39531755447,
        "dmean2": 11.0533914566,
        "dvar": 99.591178894,
        "dvar2": 229.837402344,
        "max": 122.313316345,
        "mean": 29.6299705505,
        "median": 27.0135688782,
        "min": 0.00658068805933,
        "var": 325.601623535
    },
    "dissonance": {
        "dmean": 0.0140762599185,
        "dmean2": 0.0232423786074,
        "dvar": 0.000211203660001,
        "dvar2": 0.00055175711168,
        "max": 0.499999940395,
        "mean": 0.469598025084,
        "median": 0.476041197777,
        "min": 0.255052596331,
        "var": 0.00056840153411
    },
    "dynamic_complexity": 2.80812978745,
    "erbbands_crest": {
        "dmean": 2.48433732986,
        "dmean2": 3.98873543739,
        "dvar": 6.6355214119,
        "dvar2": 15.7630805969,
        "max": 31.0919647217,
        "mean": 8.32359886169,
        "median": 6.77597427368,
        "min": 2.15033984184,
        "var": 24.3674678802
    },
    "erbbands_flatness_db": {
        "dmean": 0.0150564480573,
        "dmean2": 0.0217114314437,
        "dvar": 0.000225735639106,
        "dvar2": 0.000466616766062,
        "max": 0.533892214298,
        "mean": 0.128334984183,
        "median": 0.11729144305,
        "min": 0.0433782078326,
        "var": 0.00335492938757
    },
    "erbbands_kurtosis": {
        "dmean": 0.947561204433,
        "dmean2": 1.43538665771,
        "dvar": 4.4144153595,
        "dvar2": 7.49729967117,
        "max": 499.529510498,
        "mean": 3.07612013817,
        "median": -0.298200130463,
        "min": -1.79738724232,
        "var": 704.956420898
    },
    "erbbands_skewness": {
        "dmean": 0.347073584795,
        "dmean2": 0.510783195496,
        "dvar": 0.111274749041,
        "dvar2": 0.227184936404,
        "max": 17.2780189514,
        "mean": 0.0937552079558,
        "median": -0.0576661787927,
        "min": -4.03488969803,
        "var": 1.74246740341
    },
    "erbbands_spread": {
        "dmean": 8.7049074173,
        "dmean2": 13.2020292282,
        "dvar": 82.2171630859,
        "dvar2": 183.602645874,
        "max": 172.509384155,
        "mean": 45.3632545471,
        "median": 43.4558792114,
        "min": 0.440363377333,
        "var": 366.938476562
    },
    "hfc": {
        "dmean": 10.9554405212,
        "dmean2": 15.8673467636,
        "dvar": 486.741455078,
        "dvar2": 1218.59777832,
        "max": 401.078125,
        "mean": 27.1373176575,
        "median": 18.9594745636,
        "min": 1.13325729153e-16,
        "var": 762.60546875
    },
    "melbands_crest": {
        "dmean": 2.41241955757,
        "dmean2": 3.902333498,
        "dvar": 5.76382303238,
        "dvar2": 14.7752084732,
        "max": 33.9888114929,
        "mean": 17.0255680084,
        "median": 16.780790329,
        "min": 2.37901687622,
        "var": 21.5328407288
    },
    "melbands_flatness_db": {
        "dmean": 0.0216211024672,
        "dmean2": 0.0315757878125,
        "dvar": 0.000549473275896,
        "dvar2": 0.00125406496227,
        "max": 1,
        "mean": 0.21435393393,
        "median": 0.193522408605,
        "min": 0.00875978171825,
        "var": 0.012692402117
    },
    "melbands_kurtosis": {
        "dmean": 6.96819448471,
        "dmean2": 10.6465101242,
        "dvar": 149.306259155,
        "dvar2": 265.823913574,
        "max": 1053.53857422,
        "mean": 18.5991764069,
        "median": 11.3284082413,
        "min": -1.6549372673,
        "var": 794.500183105
    },
    "melbands_skewness": {
        "dmean": 0.677496492863,
        "dmean2": 1.0429494381,
        "dvar": 0.527928352356,
        "dvar2": 1.16966366768,
        "max": 24.1966609955,
        "mean": 3.36580634117,
        "median": 3.06017613411,
        "min": -0.399128198624,
        "var": 2.80127501488
    },
    "melbands_spread": {
        "dmean": 6.73293638229,
        "dmean2": 10.4003677368,
        "dvar": 82.5577850342,
        "dvar2": 197.733932495,
        "max": 168.141525269,
        "mean": 23.4640254974,
        "median": 20.2182807922,
        "min": 0.219539254904,
        "var": 285.136535645
    },
    "pitch_salience": {
        "dmean": 0.0586210265756,
        "dmean2": 0.0944444835186,
        "dvar": 0.00355531624518,
        "dvar2": 0.00893779098988,
        "max": 0.95787769556,
        "mean": 0.479723840952,
        "median": 0.483341276646,
        "min": 0.00670499075204,
        "var": 0.0160513520241
    },
    "silence_rate_20dB": {
        "dmean": 0,
        "dmean2": 0,
        "dvar": 0,
        "dvar2": 0,
        "max": 1,
        "mean": 1,
        "median": 1,
        "min": 1,
        "var": 0
    },
    "silence_rate_30dB": {
        "dmean": 0,
        "dmean2": 0,
        "dvar": 0,
        "dvar2": 0,
        "max": 1,
        "mean": 1,
        "median": 1,
        "min": 1,
        "var": 0
    },
    "silence_rate_60dB": {
        "dmean": 0.0011130545754,
        "dmean2": 0.00222628610209,
        "dvar": 0.00111154513434,
        "dvar2": 0.00254010176286,
        "max": 1,
        "mean": 0.0238492731005,
        "median": 0,
        "min": 0,
        "var": 0.0232763700187
    },
    "spectral_centroid": {
        "dmean": 284.285125732,
        "dmean2": 427.020477295,
        "dvar": 104123.765625,
        "dvar2": 231199.21875,
        "max": 10404.0419922,
        "mean": 1613.63256836,
        "median": 1593.75402832,
        "min": 65.8473129272,
        "var": 548569.5
    },
    "spectral_complexity": {
        "dmean": 4.38145971298,
        "dmean2": 6.45956897736,
        "dvar": 25.9219646454,
        "dvar2": 50.6942977905,
        "max": 64,
        "mean": 22.9387073517,
        "median": 21,
        "min": 0,
        "var": 143.739837646
    },
    "spectral_decrease": {
        "dmean": 2.03438932367e-09,
        "dmean2": 3.2843665565e-09,
        "dvar": 9.7234849395e-18,
        "dvar2": 2.5029505954e-17,
        "max": -5.30255638788e-29,
        "mean": -7.89069343199e-09,
        "median": -7.30401383819e-09,
        "min": -3.32148637483e-08,
        "var": 1.54419118999e-17
    },
    "spectral_energy": {
        "dmean": 0.00835807062685,
        "dmean2": 0.0132937254384,
        "dvar": 0.000159601026098,
        "dvar2": 0.000402400124585,
        "max": 0.13322648406,
        "mean": 0.032242577523,
        "median": 0.0297522731125,
        "min": 1.04791117407e-20,
        "var": 0.000266467221081
    },
    "spectral_energyband_high": {
        "dmean": 0.000966415391304,
        "dmean2": 0.00140122300945,
        "dvar": 5.07968707097e-06,
        "dvar2": 1.27565108414e-05,
        "max": 0.0408351272345,
        "mean": 0.00169932632707,
        "median": 0.000723614590243,
        "min": 7.24548985844e-21,
        "var": 7.35974163035e-06
    },
    "spectral_energyband_low": {
        "dmean": 0.00401417864487,
        "dmean2": 0.00692003080621,
        "dvar": 5.30500583409e-05,
        "dvar2": 0.000152108390466,
        "max": 0.0883524417877,
        "mean": 0.0157898701727,
        "median": 0.0163991935551,
        "min": 6.99107845522e-23,
        "var": 6.57399286865e-05
    },
    "spectral_energyband_middle_high": {
        "dmean": 0.00188729073852,
        "dmean2": 0.00283749378286,
        "dvar": 8.11771860754e-06,
        "dvar2": 1.84818563866e-05,
        "max": 0.0461005605757,
        "mean": 0.00535959284753,
        "median": 0.00357229891233,
        "min": 1.66990610159e-21,
        "var": 2.78938314295e-05
    },
    "spectral_energyband_middle_low": {
        "dmean": 0.00476260157302,
        "dmean2": 0.00759745761752,
        "dvar": 7.1622809628e-05,
        "dvar2": 0.000184700111276,
        "max": 0.099758669734,
        "mean": 0.0104257222265,
        "median": 0.00722195859998,
        "min": 5.29415635412e-22,
        "var": 0.000103743012005
    },
    "spectral_entropy": {
        "dmean": 0.133868262172,
        "dmean2": 0.193207889795,
        "dvar": 0.0211139377207,
        "dvar2": 0.0441389158368,
        "max": 9.78822898865,
        "mean": 7.72536611557,
        "median": 7.83955955505,
        "min": 2.70351195335,
        "var": 0.436492800713
    },
    "spectral_flux": {
        "dmean": 0.0223486870527,
        "dmean2": 0.033258870244,
        "dvar": 0.000845975766424,
        "dvar2": 0.00155469099991,
        "max": 0.305392384529,
        "mean": 0.0775292590261,
        "median": 0.0673342570662,
        "min": 1.02367531118e-10,
        "var": 0.0021354930941
    },
    "spectral_kurtosis": {
        "dmean": 1.12265992165,
        "dmean2": 1.81033492088,
        "dvar": 3.01005625725,
        "dvar2": 7.70849275589,
        "max": 322.726623535,
        "mean": 6.07244777679,
        "median": 3.45524263382,
        "min": -1.22058904171,
        "var": 442.800567627
    },
    "spectral_rms": {
        "dmean": 0.000658009550534,
        "dmean2": 0.00102475914173,
        "dvar": 7.32236287604e-07,
        "dvar2": 1.78218340352e-06,
        "max": 0.0114007480443,
        "mean": 0.00540674291551,
        "median": 0.00538763450459,
        "min": 3.19742453e-12,
        "var": 2.22347944145e-06
    },
    "spectral_rolloff": {
        "dmean": 651.091186523,
        "dmean2": 1084.27563477,
        "dvar": 1572569.75,
        "dvar2": 4011514.25,
        "max": 18669.2871094,
        "mean": 1510.39575195,
        "median": 925.927734375,
        "min": 64.599609375,
        "var": 2512636.75
    },
    "spectral_skewness": {
        "dmean": 0.164737135172,
        "dmean2": 0.255556195974,
        "dvar": 0.0281497500837,
        "dvar2": 0.0667434334755,
        "max": 15.7367305756,
        "mean": 1.49665892124,
        "median": 1.35559332371,
        "min": 0.0309816263616,
        "var": 1.38336014748
    },
    "spectral_spread": {
        "dmean": 561892.6875,
        "dmean2": 782535,
        "dvar": 577444446208,
        "dvar2": 1.14744216781e+12,
        "max": 41390404,
        "mean": 4888437,
        "median": 4771414,
        "min": 480204.71875,
        "var": 2.58439826637e+12
    },
    "spectral_strongpeak": {
        "dmean": 0.299228638411,
        "dmean2": 0.535386741161,
        "dvar": 0.538974821568,
        "dvar2": 1.36774730682,
        "max": 10.647559166,
        "mean": 0.524083793163,
        "median": 0.289821267128,
        "min": 0,
        "var": 0.537160754204
    },
    "zerocrossingrate": {
        "dmean": 0.012183079496,
        "dmean2": 0.013466344215,
        "dvar": 0.000187820100109,
        "dvar2": 0.000236263920669,
        "max": 0.5107421875,
        "mean": 0.0630152970552,
        "median": 0.0576171875,
        "min": 0.0029296875,
        "var": 0.00128995825071
    },
    "barkbands": {
        "dmean": [0.000168946949998, 0.00252423179336, 0.0019492082065, 0.00126144662499, 0.00248560146429, 0.000768509809859, 0.00050342339091, 0.000817235035356, 0.000638167257421, 0.000740860414226, 0.000264810281806, 0.000272079923889, 0.00025908468524, 0.000259939377429, 0.00025153439492, 0.000286411144771, 0.000314162141876, 0.000246198149398, 0.00032137701055, 0.000246368319495, 0.000182176139788, 0.000245346804149, 0.00017072945775, 0.000120538592455, 7.57407105993e-05, 0.00017133851361, 1.49786865222e-05],
        "dmean2": [0.00027398718521, 0.00425085565075, 0.00347297475673, 0.00215213559568, 0.00411178916693, 0.00116248277482, 0.000780616130214, 0.00126522907522, 0.000996596412733, 0.00113696383778, 0.0004199941759, 0.000440213596448, 0.000423159828642, 0.000430439074989, 0.000407361862017, 0.000467129400931, 0.000498457986396, 0.000381905003451, 0.000509450794198, 0.000390153756598, 0.000276854087133, 0.000381067628041, 0.000256709026871, 0.000181337891263, 0.000110885179311, 0.000277767161606, 2.39979854086e-05],
        "dvar": [3.58307971737e-07, 1.5202562281e-05, 1.96945438802e-05, 6.73640352034e-06, 3.52342940459e-05, 3.16343971463e-06, 2.21793970923e-06, 6.4544055931e-06, 2.77400044979e-06, 4.11246037402e-06, 6.49013202292e-07, 5.94000653109e-07, 4.15284574729e-07, 3.9387259676e-07, 3.55639372174e-07, 3.10689273419e-07, 4.78024844597e-07, 1.86933206692e-07, 3.94584333208e-07, 2.60584272382e-07, 1.48828988245e-07, 3.19349936717e-07, 1.48464351923e-07, 8.46117629294e-08, 4.75014942936e-08, 5.44702061234e-07, 4.94732255163e-09],
        "dvar2": [1.06512709408e-06, 4.47614911536e-05, 5.70291376789e-05, 1.8236312826e-05, 9.4218965387e-05, 6.73595513945e-06, 5.05603838974e-06, 1.51047306645e-05, 6.70128156344e-06, 9.4674205684e-06, 1.57629699515e-06, 1.4785160829e-06, 1.05053607058e-06, 9.3246671895e-07, 8.63672369178e-07, 8.1063495827e-07, 1.20804577364e-06, 4.47604179499e-07, 9.40662232551e-07, 6.28782458989e-07, 3.43255038615e-07, 7.86636519479e-07, 3.55311584599e-07, 2.09121381545e-07, 1.27399317762e-07, 1.47985895183e-06, 1.30860406955e-08],
        "max": [0.0199184790254, 0.0450131818652, 0.0566674768925, 0.0455357432365, 0.0760943293571, 0.0427344329655, 0.0373306050897, 0.072672650218, 0.0499421395361, 0.0413041710854, 0.0265720989555, 0.0182467736304, 0.0175565481186, 0.02082076855, 0.0218234974891, 0.0107380924746, 0.0277095492929, 0.0119593143463, 0.0140070375055, 0.0120431296527, 0.00795103795826, 0.0109302615747, 0.00580102112144, 0.00611550081521, 0.00665746117011, 0.0176719352603, 0.00483326194808],
        "mean": [0.000367455242667, 0.0113320257515, 0.00334256305359, 0.00178323348518, 0.00374290510081, 0.00142071896698, 0.000732129206881, 0.00116961449385, 0.00107304763515, 0.00121500436217, 0.000393577473005, 0.0004199660616, 0.000396714254748, 0.00036792375613, 0.000411169108702, 0.000520354136825, 0.000584520632401, 0.000446613674285, 0.000584059918765, 0.000456806010334, 0.000315976009006, 0.00038637407124, 0.000280450360151, 0.000189250480616, 0.000120396864077, 0.000168141370523, 2.16923126573e-05],
        "median": [0.000148825478391, 0.0124872568995, 0.00230642198585, 0.00078048708383, 0.00165469397325, 0.000443190103397, 0.000250767101534, 0.000369734858396, 0.000401969096856, 0.000366179505363, 0.000152677152073, 0.000144035642734, 0.000152158128913, 0.000141259020893, 0.000202368712053, 0.000308389571728, 0.000295641337289, 0.000230831952649, 0.000296083919238, 0.000210626225453, 0.000120176897326, 0.000133319903398, 0.000108527499833, 5.32152844244e-05, 3.36437733495e-05, 2.22686339839e-05, 5.13865052199e-06],
        "min": [8.08375115206e-24, 3.85524339208e-23, 1.96774694821e-23, 1.10496654184e-23, 1.81550925751e-23, 7.63659828525e-23, 1.52736345461e-22, 7.8599260697e-23, 1.17655839845e-22, 9.31673443603e-23, 1.19119561788e-22, 2.37336297514e-23, 1.0876008892e-22, 8.38287206119e-23, 2.36456752315e-22, 9.84841974417e-23, 7.796950357e-23, 2.85955994447e-22, 4.0058220452e-22, 3.22514080715e-22, 2.75600383842e-22, 4.26620268947e-22, 6.28096808266e-22, 9.42160131337e-22, 1.30812313085e-21, 1.37975271079e-21, 2.30352877321e-21],
        "var": [4.73938712275e-07, 3.97024014092e-05, 1.83390275197e-05, 9.75545481197e-06, 3.62210885214e-05, 9.61902787822e-06, 3.22312666867e-06, 8.33123976918e-06, 4.64520962851e-06, 7.96353106125e-06, 1.00661952729e-06, 8.51780555422e-07, 7.0866627766e-07, 6.13305815023e-07, 5.58581291443e-07, 5.29440796981e-07, 1.02163903648e-06, 3.86003591757e-07, 7.43047507967e-07, 5.248209618e-07, 2.82332905499e-07, 5.40780547453e-07, 2.23087369022e-07, 1.35974062232e-07, 5.76563330412e-08, 3.9704525534e-07, 9.84037296092e-09]
    },
    "erbbands": {
        "dmean": [0.0699356645346, 0.637090802193, 2.01873254776, 3.2065384388, 7.76638650894, 7.39147853851, 7.0284538269, 6.11624288559, 6.26872444153, 12.0706291199, 17.1966514587, 15.3408555984, 18.2910060883, 17.8946399689, 11.7944765091, 11.2141780853, 11.4455757141, 13.1462917328, 12.7627649307, 12.0821371078, 15.5037145615, 14.9154548645, 13.4698734283, 14.5866365433, 16.1267986298, 10.5471382141, 6.87158489227, 9.25984287262, 9.54440307617, 5.0352306366, 4.77860403061, 3.75693297386, 1.4834343195, 0.983142793179, 0.494641959667, 0.827422261238, 0.292910039425, 0.0255768280476, 0.00267693237402, 0.000122221186757],
        "dmean2": [0.114782869816, 1.07910299301, 3.60107111931, 5.60444355011, 13.0890989304, 12.2022914886, 10.9040966034, 9.27333927155, 9.68702888489, 18.8380336761, 26.3908290863, 23.6919708252, 28.1299819946, 27.819442749, 18.6596298218, 18.0728435516, 18.4962253571, 21.7474861145, 20.56873703, 19.5211925507, 25.0194225311, 23.173494339, 20.7516441345, 23.0691871643, 25.4345283508, 16.6016044617, 10.6664972305, 14.2001180649, 14.7544488907, 7.83762454987, 7.20981359482, 5.73987817764, 2.17621660233, 1.4616099596, 0.732984662056, 1.34242749214, 0.474629878998, 0.0415443666279, 0.00425857352093, 0.000189849219169],
        "dvar": [0.0110068395734, 1.09633970261, 21.3331775665, 40.4692459106, 445.226654053, 257.947692871, 216.346557617, 251.046813965, 371.958984375, 1555.54162598, 3098.1184082, 1741.88500977, 2735.41967773, 3588.59057617, 1452.73730469, 982.14074707, 813.81262207, 1121.95495605, 1057.77453613, 540.123718262, 838.872131348, 841.111694336, 557.30847168, 689.568664551, 1124.89990234, 491.076751709, 217.503952026, 407.911437988, 493.257843018, 141.279251099, 109.835319519, 87.1773300171, 12.7661705017, 7.49406576157, 2.10448455811, 12.0815258026, 1.64657831192, 0.0113521013409, 0.000149830593728, 4.26418040433e-07],
        "dvar2": [0.0314118936658, 3.19900774956, 61.9313278198, 113.471832275, 1182.22070312, 693.675292969, 486.475280762, 522.859191895, 826.20892334, 3816.01928711, 6733.26367188, 4119.46044922, 6203.5234375, 8225.71386719, 3560.0859375, 2408.52612305, 2056.91601562, 2677.64086914, 2592.32177734, 1342.30895996, 2156.00927734, 2040.45812988, 1317.60314941, 1696.14501953, 2610.44580078, 1152.33850098, 519.513427734, 936.172119141, 1206.14855957, 355.452301025, 259.786499023, 220.709350586, 31.2565288544, 20.126039505, 5.62136745453, 32.7649345398, 4.49278879166, 0.0316918417811, 0.000397831521695, 1.02367948784e-06],
        "max": [1.83249914646, 12.4560155869, 53.0568847656, 87.0098648071, 260.185211182, 193.076385498, 451.782684326, 433.927886963, 576.3671875, 961.663146973, 2017.08862305, 1562.26940918, 1376.36376953, 1802.27587891, 1064.74719238, 918.915588379, 918.741760254, 1040.7088623, 1271.73901367, 617.460876465, 777.946228027, 905.399719238, 651.917480469, 749.466918945, 636.531860352, 534.387878418, 264.673034668, 417.612945557, 453.120056152, 175.816482544, 159.880477905, 157.143707275, 63.6390914917, 76.2656173706, 44.5662765503, 79.3963470459, 30.9772453308, 3.51686787605, 0.801817417145, 0.06226760149],
        "mean": [0.326894342899, 2.50377964973, 4.31284761429, 4.89864206314, 9.29856204987, 12.1233587265, 14.0460090637, 10.8972148895, 9.76190662384, 17.8642444611, 26.2121963501, 27.1571350098, 32.1227035522, 28.4621963501, 18.9889221191, 18.356502533, 18.8169536591, 19.7800369263, 21.177646637, 22.5989131927, 30.6956195831, 29.6911487579, 25.8932876587, 27.6081085205, 29.3667602539, 20.2803783417, 12.547118187, 15.4104852676, 14.8749418259, 8.09766292572, 7.93207550049, 5.40114307404, 2.51040029526, 1.52662134171, 0.769389569759, 0.825385987759, 0.286623835564, 0.0296713393182, 0.00377518055029, 0.000239423490711],
        "median": [0.369573175907, 2.42241740227, 3.11971950531, 2.87064123154, 3.06985259056, 5.25310993195, 5.95738744736, 3.54565024376, 3.74478340149, 6.51411104202, 8.7065410614, 10.7424583435, 11.3096866608, 8.64043998718, 7.1227145195, 6.76761054993, 7.61710500717, 7.99583435059, 10.0646600723, 13.2385549545, 18.2522621155, 16.0579986572, 13.7750434875, 15.0933895111, 14.2951116562, 9.60989952087, 5.2292766571, 5.74700403214, 5.00890207291, 2.68982315063, 3.09213757515, 1.58980357647, 0.690822720528, 0.433358341455, 0.210231080651, 0.125592544675, 0.034651633352, 0.00507789384574, 0.000816105282865, 0.00011008563888],
        "min": [6.45626837437e-22, 1.01567762581e-20, 2.78816573539e-20, 2.50844960293e-20, 4.01441349524e-20, 8.22824408029e-20, 3.83679920616e-19, 6.35029244594e-19, 1.53983093487e-18, 1.91239049782e-18, 2.52237312706e-18, 2.89217187132e-18, 3.81097080172e-18, 3.64302542682e-18, 2.59667917507e-18, 1.34317991117e-18, 4.86274583983e-18, 3.0398560775e-18, 7.56365928467e-18, 1.47991627854e-17, 3.85388534549e-18, 4.53899810143e-18, 1.5096398558e-17, 1.54238710907e-17, 2.39051888305e-17, 1.54200329727e-17, 8.9879311234e-18, 1.35871603811e-17, 1.79714881157e-17, 1.46014368405e-17, 1.75021507992e-17, 1.72858513409e-17, 1.7464965722e-17, 1.48665019047e-17, 9.41181982831e-18, 5.38365455878e-18, 2.41154912295e-18, 1.28739908996e-18, 3.36591501023e-19, 3.22261617962e-20],
        "var": [0.0473415032029, 2.42493700981, 20.2068843842, 45.3921051025, 379.905487061, 339.474914551, 794.993164062, 669.541137695, 565.666809082, 1925.72717285, 4642.36914062, 3026.81323242, 5733.33789062, 6389.40722656, 2166.68920898, 1488.74365234, 1484.5892334, 1819.24621582, 1697.99255371, 933.635253906, 1845.71179199, 1909.53076172, 1230.71289062, 1358.33935547, 2195.35595703, 1015.00476074, 402.262573242, 782.884033203, 859.185791016, 200.657562256, 173.285812378, 113.926544189, 22.547000885, 8.93831443787, 2.52867770195, 8.80518722534, 1.19675731659, 0.0107791861519, 0.000277870742138, 1.3718805576e-06]
    },
    "gfcc": {
        "mean": [18.6368217468, 76.825881958, -98.0071258545, 41.284324646, -41.119682312, 12.5567913055, -24.7964096069, 12.8577775955, -16.9256801605, 0.235354661942, -16.384803772, 1.17012345791, -10.3976068497],
        "cov": [[13912.6484375, -2258.16845703, -1590.42126465, 440.807495117, -1268.52294922, 486.976715088, -562.139892578, 435.306488037, -351.491088867, 297.170898438, -441.206268311, 291.221862793, -213.961776733], [-2258.16845703, 1447.2833252, -153.434036255, -218.668609619, 328.793395996, -200.257339478, 261.030578613, -146.486282349, 117.902328491, -128.331756592, 204.395294189, -115.307579041, 108.292999268], [-1590.42126465, -153.434036255, 988.89666748, 77.2301025391, 132.901672363, 89.7992630005, -9.37443447113, 3.83936309814, 29.9876995087, 59.0016059875, 20.5509204865, 97.987121582, 9.36215591431], [440.807495117, -218.668609619, 77.2301025391, 338.166534424, -4.73101329803, 63.7450370789, -9.6331577301, 14.756146431, 23.5120830536, 37.6204986572, 11.1890287399, 47.6318664551, 24.8960456848], [-1268.52294922, 328.793395996, 132.901672363, -4.73101329803, 350.237823486, -40.1012687683, 128.828613281, 23.4457988739, 87.9131088257, 3.11170506477, 67.0785446167, -7.01563596725, 47.4662208557], [486.976715088, -200.257339478, 89.7992630005, 63.7450370789, -40.1012687683, 260.160430908, 78.1407165527, 101.965438843, 0.879538476467, 44.1163024902, 6.00719022751, 56.7934646606, -0.78986376524], [-562.139892578, 261.030578613, -9.37443447113, -9.6331577301, 128.828613281, 78.1407165527, 263.899108887, 65.3182296753, 64.6892089844, 3.46312880516, 85.256111145, 5.10876655579, 30.7474136353], [435.306488037, -146.486282349, 3.83936309814, 14.756146431, 23.4457988739, 101.965438843, 65.3182296753, 193.625747681, 59.2649497986, 61.2765312195, -15.5550403595, 41.9726066589, -2.93288564682], [-351.491088867, 117.902328491, 29.9876995087, 23.5120830536, 87.9131088257, 0.879538476467, 64.6892089844, 59.2649497986, 139.489624023, 54.5273551941, 39.6585083008, 5.82309246063, 15.4107875824], [297.170898438, -128.331756592, 59.0016059875, 37.6204986572, 3.11170506477, 44.1163024902, 3.46312880516, 61.2765312195, 54.5273551941, 118.890106201, 19.2954826355, 47.4789962769, -9.22100257874], [-441.206268311, 204.395294189, 20.5509204865, 11.1890287399, 67.0785446167, 6.00719022751, 85.256111145, -15.5550403595, 39.6585083008, 19.2954826355, 132.547485352, 22.0118808746, 30.8957462311], [291.221862793, -115.307579041, 97.987121582, 47.6318664551, -7.01563596725, 56.7934646606, 5.10876655579, 41.9726066589, 5.82309246063, 47.4789962769, 22.0118808746, 112.668190002, 29.0664024353], [-213.961776733, 108.292999268, 9.36215591431, 24.8960456848, 47.4662208557, -0.78986376524, 30.7474136353, -2.93288564682, 15.4107875824, -9.22100257874, 30.8957462311, 29.0664024353, 85.2731933594]],
        "icov": [[0.00025433342671, -4.07573534176e-05, 0.000462977623101, -0.000308599963319, 0.000428617582656, -0.000222095579375, 0.000285555055598, -0.000428370927693, 0.000506203447003, -0.00054724549409, 0.00038739622687, -0.000633557501715, 0.000295782199828], [-4.07573534176e-05, 0.00221200124361, 0.000123167366837, 0.00118268292863, -0.00082895916421, 0.000649744353723, -0.00120186281856, 0.001431357814, -0.00174267159309, 0.0017132719513, -0.0018863088917, 0.00102405634243, -0.00148559873924], [0.000462977623101, 0.000123167366837, 0.00219005928375, -0.00050261040451, -0.000173168897163, -0.00106529600453, 0.000873076554853, 7.02449106029e-05, 0.000495859771036, -0.000956768344622, 0.000781106937211, -0.00233701686375, 0.00100620056037], [-0.000308599963319, 0.00118268292863, -0.00050261040451, 0.00436935340986, -0.000920558813959, -0.000416161492467, -0.000391691544792, 0.0018482261803, -0.00227282592095, 0.00104438955896, -0.00128705112729, 0.000516552885529, -0.00196945457719], [0.000428617582656, -0.00082895916421, -0.000173168897163, -0.000920558813959, 0.00590241700411, 0.00109081866685, -0.0011240830645, -0.00194769387599, -4.61059898953e-05, -0.00115890870802, 0.000678501150105, -0.00025877673761, -0.000795709085651], [-0.000222095579375, 0.000649744353723, -0.00106529600453, -0.000416161492467, 0.00109081866685, 0.00729383155704, -0.00327860936522, -0.00226101721637, 0.00123038992751, -4.79123036712e-06, -0.000825803203043, -5.13367122039e-05, -0.000485339143779], [0.000285555055598, -0.00120186281856, 0.000873076554853, -0.000391691544792, -0.0011240830645, -0.00327860936522, 0.00867012143135, -0.00301642529666, -2.59657135757e-05, 0.000867885595653, -0.00277605862357, -0.000284183042822, 0.00082788115833], [-0.000428370927693, 0.001431357814, 7.02449106029e-05, 0.0018482261803, -0.00194769387599, -0.00226101721637, -0.00301642529666, 0.0118747251108, -0.00546655058861, -0.000528726843186, 0.00267380126752, -0.0014460303355, -0.0004257337132], [0.000506203447003, -0.00174267159309, 0.000495859771036, -0.00227282592095, -4.61059898953e-05, 0.00123038992751, -2.59657135757e-05, -0.00546655058861, 0.0156721603125, -0.00816614553332, 0.000154153603944, 0.00154275284149, -0.000346299260855], [-0.00054724549409, 0.0017132719513, -0.000956768344622, 0.00104438955896, -0.00115890870802, -4.79123036712e-06, 0.000867885595653, -0.000528726843186, -0.00816614553332, 0.0181457735598, -0.00474241282791, -0.0033943853341, 0.00287842494436], [0.00038739622687, -0.0018863088917, 0.000781106937211, -0.00128705112729, 0.000678501150105, -0.000825803203043, -0.00277605862357, 0.00267380126752, 0.000154153603944, -0.00474241282791, 0.0149155557156, -0.00437988433987, -8.66988339112e-05], [-0.000633557501715, 0.00102405634243, -0.00233701686375, 0.000516552885529, -0.00025877673761, -5.13367122039e-05, -0.000284183042822, -0.0014460303355, 0.00154275284149, -0.0033943853341, -0.00437988433987, 0.0181654188782, -0.0078389775008], [0.000295782199828, -0.00148559873924, 0.00100620056037, -0.00196945457719, -0.000795709085651, -0.000485339143779, 0.00082788115833, -0.0004257337132, -0.000346299260855, 0.00287842494436, -8.66988339112e-05, -0.0078389775008, 0.0180228706449]]
    },
    "melbands": {
        "dmean": [0.000647020351607, 0.000932231603656, 0.000662661797833, 0.000583151879255, 0.000256350322161, 0.000138535062433, 9.62398480624e-05, 0.000140809075674, 0.000145673373481, 9.00605737115e-05, 9.30736641749e-05, 7.73350329837e-05, 3.68600667571e-05, 3.30112598022e-05, 2.88289065793e-05, 2.35451971093e-05, 2.67405193881e-05, 2.11170354305e-05, 1.76041885425e-05, 2.02317514777e-05, 2.01478360395e-05, 1.72253130586e-05, 1.54401241161e-05, 1.20496451927e-05, 1.28156452774e-05, 1.34938354677e-05, 1.06180041257e-05, 7.24067194824e-06, 4.81576898892e-06, 4.35650190411e-06, 6.35277501715e-06, 6.42392478767e-06, 3.46064211953e-06, 2.71827593679e-06, 2.56650218944e-06, 3.53220980287e-06, 1.96411656361e-06, 1.11553640636e-06, 8.28345150694e-07, 8.86246482423e-07],
        "dmean2": [0.00108266272582, 0.00164007372223, 0.00113273691386, 0.000979142845608, 0.000399164564442, 0.00020986450545, 0.000148272694787, 0.000220280562644, 0.000223745009862, 0.000139929848956, 0.000143413330079, 0.000120568838611, 5.83120490774e-05, 5.2920440794e-05, 4.65483208245e-05, 3.88732296415e-05, 4.43706812803e-05, 3.4130171116e-05, 2.84931193164e-05, 3.33083917212e-05, 3.26305889757e-05, 2.72844008578e-05, 2.42862461164e-05, 1.88529356819e-05, 2.06164186238e-05, 2.16610096686e-05, 1.69256545632e-05, 1.15663888209e-05, 7.67995061324e-06, 6.82036488797e-06, 9.908913853e-06, 1.00803526948e-05, 5.49094465896e-06, 4.28988778367e-06, 3.88965463571e-06, 5.50164759261e-06, 3.06421338792e-06, 1.68313067661e-06, 1.2145197843e-06, 1.36575135912e-06],
        "dvar": [9.43450345403e-07, 3.85756038668e-06, 1.79626999852e-06, 2.40124745687e-06, 2.2781671305e-07, 1.16734611311e-07, 8.23807866368e-08, 2.09521644479e-07, 2.08723065498e-07, 6.02330061383e-08, 7.02068589931e-08, 6.96019313295e-08, 1.40814426786e-08, 9.33688948379e-09, 6.19515283518e-09, 2.99043878549e-09, 4.63529792327e-09, 2.68229904954e-09, 1.48851464488e-09, 2.020367873e-09, 1.66182656525e-09, 1.49565193563e-09, 8.8644253049e-10, 4.39724839874e-10, 5.44849942941e-10, 8.61719140488e-10, 4.72457128975e-10, 2.69664235386e-10, 1.0784099308e-10, 9.50795692178e-11, 2.04087566291e-10, 2.31007282747e-10, 6.58322632519e-11, 4.17415026155e-11, 3.01115486712e-11, 8.74152625285e-11, 2.66542673349e-11, 8.0985270573e-12, 3.97077423026e-12, 7.93653337494e-12],
        "dvar2": [2.76172318081e-06, 1.11858780656e-05, 4.8624547162e-06, 6.46523812975e-06, 5.30292481926e-07, 2.45412280719e-07, 1.83776037943e-07, 5.23361507021e-07, 4.5595581355e-07, 1.44273400338e-07, 1.59927481036e-07, 1.5957040489e-07, 3.43153558902e-08, 2.31871908341e-08, 1.57570703152e-08, 7.48172812592e-09, 1.09343254451e-08, 6.5870642274e-09, 3.53739282311e-09, 5.37286348745e-09, 4.34271818506e-09, 3.73782338414e-09, 2.17484985576e-09, 1.0683078866e-09, 1.3823812095e-09, 2.07178563194e-09, 1.13599285534e-09, 6.5041466657e-10, 2.65739985572e-10, 2.29844546173e-10, 4.84620954477e-10, 5.67611124769e-10, 1.67197936052e-10, 1.04275560409e-10, 7.01111529944e-11, 2.22135546069e-10, 6.79565848039e-11, 1.99567723458e-11, 9.93664872606e-12, 2.19479937696e-11],
        "max": [0.0132590327412, 0.0228145066649, 0.0173064190894, 0.0196838565171, 0.0135893085971, 0.00950338318944, 0.00848144944757, 0.0121616488323, 0.0160623528063, 0.00894133839756, 0.0067632496357, 0.00748470891267, 0.00399038521573, 0.00252968864515, 0.0032103615813, 0.00165838561952, 0.0023929500021, 0.00180021987762, 0.000986585859209, 0.00106036639772, 0.00142551783938, 0.00137231172994, 0.000936490832828, 0.000331216753693, 0.000697449664585, 0.000707264698576, 0.00050354556879, 0.000382531812647, 0.000168964688783, 0.000228176751989, 0.00031529070111, 0.000343376217643, 0.000132486544317, 9.91891574813e-05, 0.00010872133862, 0.000179880182259, 0.000129277788801, 5.45422626601e-05, 6.10365605098e-05, 8.9596833277e-05],
        "mean": [0.00307760341093, 0.0026923129335, 0.000996677437797, 0.000790585705545, 0.000525854818989, 0.000248322612606, 0.000146559919813, 0.000204977521207, 0.000224528266699, 0.000156601541676, 0.000158427938004, 0.000118450996524, 5.66795060877e-05, 5.14801467943e-05, 4.65318044007e-05, 3.57390163117e-05, 3.72768481611e-05, 3.26909903379e-05, 2.95588670269e-05, 3.43569154211e-05, 3.71117057512e-05, 3.18667371175e-05, 2.67742798314e-05, 2.11417464016e-05, 2.2379852453e-05, 2.23014721996e-05, 1.85842600331e-05, 1.2574203538e-05, 8.19364686322e-06, 6.94942400514e-06, 9.90913213172e-06, 9.61357091001e-06, 5.28508189745e-06, 4.19010984842e-06, 4.32174056186e-06, 4.84541942569e-06, 2.76405762634e-06, 1.80898177859e-06, 1.38860946208e-06, 1.265994797e-06],
        "median": [0.00351969804615, 0.00240381876938, 0.000565965543501, 0.000325365399476, 0.000243805305217, 7.92250502855e-05, 5.40915934835e-05, 7.43147029425e-05, 7.34743298381e-05, 6.11382274656e-05, 5.24026036146e-05, 3.27737943735e-05, 2.12203503906e-05, 1.82901585504e-05, 1.7273479898e-05, 1.39875328387e-05, 1.36752814797e-05, 1.45528083522e-05, 1.53210057761e-05, 1.92711413547e-05, 2.09170993912e-05, 1.64815937751e-05, 1.34402380354e-05, 1.00782326626e-05, 1.18551624837e-05, 1.04366308733e-05, 8.37604147819e-06, 5.58351348445e-06, 3.37321580446e-06, 2.5505623853e-06, 3.54509006684e-06, 3.11375197271e-06, 1.64367975231e-06, 1.35542620683e-06, 1.70509190411e-06, 1.55276268288e-06, 6.95600704148e-07, 4.53424689795e-07, 4.0186358774e-07, 3.47480352048e-07],
        "min": [9.18353921649e-24, 1.49416408564e-23, 4.94011914551e-24, 4.45985470995e-24, 1.12474620352e-23, 1.39071665306e-23, 2.711857352e-23, 1.86957163084e-23, 2.27849377382e-23, 1.70598160062e-23, 1.7769528919e-23, 1.30187356019e-23, 1.26186419169e-23, 3.34191929483e-24, 6.48228857267e-24, 1.02521246767e-23, 5.13410477527e-24, 1.16444468194e-23, 1.88360152204e-23, 1.36189199113e-23, 3.29152153539e-24, 4.50612810736e-24, 6.48594652069e-24, 1.7346465971e-23, 1.10571106877e-23, 1.70702368587e-23, 1.53199675025e-23, 9.27155873857e-24, 4.83270390035e-24, 7.00834204504e-24, 7.39181758626e-24, 1.12778379132e-23, 6.88205409158e-24, 8.68285866627e-24, 9.82420313433e-24, 9.6335906738e-24, 1.19907938333e-23, 1.20800842103e-23, 1.31939629082e-23, 1.1759998376e-23],
        "var": [3.14326985063e-06, 3.94441167373e-06, 1.98852126232e-06, 2.10428515857e-06, 7.86554323895e-07, 3.15002694151e-07, 1.25746609569e-07, 2.4542958954e-07, 3.1836387393e-07, 1.01699527022e-07, 1.46144344626e-07, 1.23404646502e-07, 2.14281818955e-08, 1.33518431866e-08, 9.79685665925e-09, 5.13841724725e-09, 7.35678540309e-09, 4.2933612221e-09, 2.38409159081e-09, 2.8285682685e-09, 3.39803118976e-09, 2.95537816442e-09, 1.68077596285e-09, 8.87912299241e-10, 9.74306968438e-10, 1.36761646452e-09, 9.56012602416e-10, 4.73880379381e-10, 1.80650785997e-10, 1.63862631797e-10, 3.56489060493e-10, 3.97336441527e-10, 9.3590683814e-11, 5.8022312649e-11, 5.08539321764e-11, 9.69968272369e-11, 3.71591611648e-11, 1.33723986745e-11, 6.42285660421e-12, 7.66303340227e-12]
    },
    "mfcc": {
        "mean": [-626.116943359, 107.986427307, 5.31269741058, 35.40625, 10.0079984665, 9.49855327606, 4.37025928497, 12.7333698273, 5.37590312958, 6.95504140854, 0.995892524719, -0.548251092434, -0.275515407324],
        "cov": [[8509.15332031, -903.633666992, -364.831939697, -115.012107849, -396.231445312, -163.917541504, -244.450912476, 21.5920276642, -23.1212329865, 15.1698112488, -30.5185508728, -70.1160964966, -106.127998352], [-903.633666992, 1246.96520996, -333.916748047, -24.5834598541, -18.7191009521, -46.0028610229, 84.5911331177, 12.5367097855, -3.74722504616, 3.85797333717, 10.218167305, 7.17858695984, 34.6384086609], [-364.831939697, -333.916748047, 601.821533203, 2.33670759201, 69.3444747925, 98.8770599365, -14.0676593781, 1.30753624439, -38.761051178, -33.1460151672, -4.99148464203, 3.72394251823, -1.36678731441], [-115.012107849, -24.5834598541, 2.33670759201, 249.105667114, 83.3611831665, 25.4275474548, -16.419631958, -12.9613733292, 15.373046875, -5.49499940872, -5.62555027008, 15.1960048676, 31.0931911469], [-396.231445312, -18.7191009521, 69.3444747925, 83.3611831665, 191.60836792, 32.5734863281, -2.62144613266, 2.62718915939, 35.7517776489, 12.8000469208, 1.53838324547, 24.4778251648, 32.8004722595], [-163.917541504, -46.0028610229, 98.8770599365, 25.4275474548, 32.5734863281, 137.441268921, 63.3683700562, 33.5579147339, 8.28849697113, 10.3728294373, 18.8364677429, 18.8730812073, 8.21333312988], [-244.450912476, 84.5911331177, -14.0676593781, -16.419631958, -2.62144613266, 63.3683700562, 181.621917725, 86.9535675049, 25.0909442902, 20.3898105621, 32.4642448425, 22.8769702911, 18.0119533539], [21.5920276642, 12.5367097855, 1.30753624439, -12.9613733292, 2.62718915939, 33.5579147339, 86.9535675049, 137.089874268, 61.4761886597, 35.997959137, 26.3830852509, 26.1420879364, 21.5609798431], [-23.1212329865, -3.74722504616, -38.761051178, 15.373046875, 35.7517776489, 8.28849697113, 25.0909442902, 61.4761886597, 125.937095642, 60.1025085449, 20.6096954346, 27.4304008484, 21.2611732483], [15.1698112488, 3.85797333717, -33.1460151672, -5.49499940872, 12.8000469208, 10.3728294373, 20.3898105621, 35.997959137, 60.1025085449, 110.164474487, 45.9820175171, 29.5664844513, 13.3046188354], [-30.5185508728, 10.218167305, -4.99148464203, -5.62555027008, 1.53838324547, 18.8364677429, 32.4642448425, 26.3830852509, 20.6096954346, 45.9820175171, 102.675979614, 51.2577514648, 18.816652298], [-70.1160964966, 7.17858695984, 3.72394251823, 15.1960048676, 24.4778251648, 18.8730812073, 22.8769702911, 26.1420879364, 27.4304008484, 29.5664844513, 51.2577514648, 91.9734725952, 52.3183746338], [-106.127998352, 34.6384086609, -1.36678731441, 31.0931911469, 32.8004722595, 8.21333312988, 18.0119533539, 21.5609798431, 21.2611732483, 13.3046188354, 18.816652298, 52.3183746338, 80.4211425781]],
