{
"lowlevel": {
    "average_loudness": 0.953059315681,
    "barkbands_crest": {
        "dmean": 1.79249155521,
        "dmean2": 2.91167116165,
        "dvar": 2.55280089378,
        "dvar2": 6.63942909241,
        "max": 24.8125839233,
        "mean": 9.45741271973,
        "median": 8.94279766083,
        "min": 2.8470454216,
        "var": 10.0274324417
    },
    "barkbands_flatness_db": {
        "dmean": 0.0215144492686,
        "dmean2": 0.0322891175747,
        "dvar": 0.000517425534781,
        "dvar2": 0.00108736881521,
        "max": 0.557529211044,
        "mean": 0.153451710939,
        "median": 0.144738942385,
        "min": 0.0352589711547,
        "var": 0.0036076803226
    },
    "barkbands_kurtosis": {
        "dmean": 1.50994193554,
        "dmean2": 2.51098871231,
        "dvar": 5.68625402451,
        "dvar2": 15.1896076202,
        "max": 38.1652183533,
        "mean": 1.88012194633,
        "median": 1.23189425468,
        "min": -1.81298279762,
        "var": 7.91722774506
    },
    "barkbands_skewness": {
        "dmean": 0.371878445148,
        "dmean2": 0.591626346111,
        "dvar": 0.16476175189,
        "dvar2": 0.426019251347,
        "max": 5.3870382309,
        "mean": 1.12422549725,
        "median": 1.0791400671,
        "min": -2.21728515625,
        "var": 0.453460842371
    },
    "barkbands_spread": {
        "dmean": 4.5215549469,
        "dmean2": 7.39394760132,
        "dvar": 26.4346103668,
        "dvar2": 62.782875061,
        "max": 152.425354004,
        "mean": 21.2169094086,
        "median": 18.4289131165,
        "min": 1.2267023325,
        "var": 264.13168335
    },
    "dissonance": {
        "dmean": 0.0279752723873,
        "dmean2": 0.0469359979033,
        "dvar": 0.000610682705883,
        "dvar2": 0.00167049583979,
        "max": 0.500000059605,
        "mean": 0.437837183475,
        "median": 0.446899533272,
        "min": 0.0905368998647,
        "var": 0.00205964548513
    },
    "dynamic_complexity": 2.46076607704,
    "erbbands_crest": {
        "dmean": 2.78268074989,
        "dmean2": 4.49148702621,
        "dvar": 5.86307573318,
        "dvar2": 14.7893657684,
        "max": 28.4957008362,
        "mean": 10.9506797791,
        "median": 10.2683887482,
        "min": 2.49877810478,
        "var": 19.329990387
    },
    "erbbands_flatness_db": {
        "dmean": 0.0239284429699,
        "dmean2": 0.0356336273253,
        "dvar": 0.000588848895859,
        "dvar2": 0.00115452823229,
        "max": 0.506375133991,
        "mean": 0.179763928056,
        "median": 0.173003554344,
        "min": 0.0275609903038,
        "var": 0.00313597614877
    },
    "erbbands_kurtosis": {
        "dmean": 0.957784235477,
        "dmean2": 1.58015978336,
        "dvar": 0.958861649036,
        "dvar2": 2.40045762062,
        "max": 14.8456878662,
        "mean": 0.583199739456,
        "median": 0.271324753761,
        "min": -1.6589461565,
        "var": 2.22384095192
    },
    "erbbands_skewness": {
        "dmean": 0.341255009174,
        "dmean2": 0.551420629025,
        "dvar": 0.0766042768955,
        "dvar2": 0.195214137435,
        "max": 3.30220961571,
        "mean": 0.606032311916,
        "median": 0.609676003456,
        "min": -2.40160560608,
        "var": 0.284955561161
    },
    "erbbands_spread": {
        "dmean": 7.89435720444,
        "dmean2": 12.56457901,
        "dvar": 66.993057251,
        "dvar2": 159.580047607,
        "max": 95.0229263306,
        "mean": 30.6784534454,
        "median": 28.3007888794,
        "min": 4.3571305275,
        "var": 202.944595337
    },
    "hfc": {
        "dmean": 6.81174898148,
        "dmean2": 11.5571670532,
        "dvar": 72.8269424438,
        "dvar2": 200.303894043,
        "max": 135.261978149,
        "mean": 25.1893749237,
        "median": 23.5615959167,
        "min": 1.19958367707e-16,
        "var": 254.685806274
    },
    "melbands_crest": {
        "dmean": 2.22603845596,
        "dmean2": 3.57152438164,
        "dvar": 5.240878582,
        "dvar2": 13.5452432632,
        "max": 36.6300086975,
        "mean": 13.154250145,
        "median": 12.1967334747,
        "min": 3.13341021538,
        "var": 24.1979427338
    },
    "melbands_flatness_db": {
        "dmean": 0.025083636865,
        "dmean2": 0.0378364510834,
        "dvar": 0.000753045489546,
        "dvar2": 0.00161791266873,
        "max": 0.586028218269,
        "mean": 0.223517373204,
        "median": 0.214799016714,
        "min": 0.00932868849486,
        "var": 0.00413540704176
    },
    "melbands_kurtosis": {
        "dmean": 3.42252278328,
        "dmean2": 5.67739486694,
        "dvar": 37.7397727966,
        "dvar2": 103.436386108,
        "max": 88.2410583496,
        "mean": 5.8305978775,
        "median": 4.2207326889,
        "min": -1.49880683422,
        "var": 40.283908844
    },
    "melbands_skewness": {
        "dmean": 0.513447284698,
        "dmean2": 0.815949261189,
        "dvar": 0.377687096596,
        "dvar2": 0.978206336498,
        "max": 7.40397262573,
        "mean": 1.80377233028,
        "median": 1.68028211594,
        "min": -0.668834686279,
        "var": 0.820044100285
    },
    "melbands_spread": {
        "dmean": 4.63992929459,
        "dmean2": 7.65673112869,
        "dvar": 27.2313499451,
        "dvar2": 70.618560791,
        "max": 165.701965332,
        "mean": 21.7216625214,
        "median": 20.1753635406,
        "min": 1.90360593796,
        "var": 121.943916321
    },
    "pitch_salience": {
        "dmean": 0.0489685796201,
        "dmean2": 0.0799665376544,
        "dvar": 0.00190377759282,
        "dvar2": 0.00508071156219,
        "max": 0.909942388535,
        "mean": 0.495825439692,
        "median": 0.488286674023,
        "min": 0.207802638412,
        "var": 0.00584589922801
    },
    "silence_rate_20dB": {
        "dmean": 0,
        "dmean2": 0,
        "dvar": 0,
        "dvar2": 0,
        "max": 1,
        "mean": 1,
        "median": 1,
        "min": 1,
        "var": 0
    },
    "silence_rate_30dB": {
        "dmean": 0,
        "dmean2": 0,
        "dvar": 0,
        "dvar2": 0,
        "max": 1,
        "mean": 1,
        "median": 1,
        "min": 1,
        "var": 0
    },
    "silence_rate_60dB": {
        "dmean": 0.000178015136044,
        "dmean2": 0.000356061966158,
        "dvar": 0.000177983441972,
        "dvar2": 0.000355929514626,
        "max": 1,
        "mean": 0.019846919924,
        "median": 0,
        "min": 0,
        "var": 0.0194520056248
    },
    "spectral_centroid": {
        "dmean": 226.589096069,
        "dmean2": 380.72857666,
        "dvar": 61970.109375,
        "dvar2": 154048.796875,
        "max": 10806.2070312,
        "mean": 1180.62695312,
        "median": 1045.18994141,
        "min": 322.839752197,
        "var": 380076.875
    },
    "spectral_complexity": {
        "dmean": 2.93030714989,
        "dmean2": 4.99875354767,
        "dvar": 13.0999345779,
        "dvar2": 33.7471733093,
        "max": 47,
        "mean": 18.4030799866,
        "median": 18,
        "min": 0,
        "var": 36.5916786194
    },
    "spectral_decrease": {
        "dmean": 2.24978435881e-09,
        "dmean2": 3.83688680827e-09,
        "dvar": 1.28649274816e-17,
        "dvar2": 3.63111146174e-17,
        "max": 2.22158573208e-15,
        "mean": -9.61563628721e-09,
        "median": -9.19053988468e-09,
        "min": -3.95456964952e-08,
        "var": 1.82740575489e-17
    },
    "spectral_energy": {
        "dmean": 0.0089678587392,
        "dmean2": 0.0152951078489,
        "dvar": 0.000192993422388,
        "dvar2": 0.000544181151781,
        "max": 0.153357565403,
        "mean": 0.0385765060782,
        "median": 0.036939188838,
        "min": 1.06825981714e-20,
        "var": 0.000289325224003
    },
    "spectral_energyband_high": {
        "dmean": 0.000631661037914,
        "dmean2": 0.00110498769209,
        "dvar": 1.42153146498e-06,
        "dvar2": 4.15987551605e-06,
        "max": 0.0273490287364,
        "mean": 0.00109963899013,
        "median": 0.000395261798985,
        "min": 8.39365532276e-21,
        "var": 3.60132685273e-06
    },
    "spectral_energyband_low": {
        "dmean": 0.00491828843951,
        "dmean2": 0.00859063118696,
        "dvar": 0.000167060061358,
        "dvar2": 0.000471154489787,
        "max": 0.126062378287,
        "mean": 0.0131723610684,
        "median": 0.0117792123929,
        "min": 9.89228293486e-23,
        "var": 0.000132251836476
    },
    "spectral_energyband_middle_high": {
        "dmean": 0.00261094421148,
        "dmean2": 0.00416465103626,
        "dvar": 8.965640518e-06,
        "dvar2": 2.12346858461e-05,
        "max": 0.0644845962524,
        "mean": 0.00785738881677,
        "median": 0.00679016392678,
        "min": 1.22821639316e-21,
        "var": 3.5897402995e-05
    },
    "spectral_energyband_middle_low": {
        "dmean": 0.00449318950996,
        "dmean2": 0.00715844286606,
        "dvar": 2.19698613364e-05,
        "dvar2": 5.69912954234e-05,
        "max": 0.0773702785373,
        "mean": 0.0172134619206,
        "median": 0.0155512150377,
        "min": 2.6396881281e-22,
        "var": 8.7222259026e-05
    },
    "spectral_entropy": {
        "dmean": 0.241140440106,
        "dmean2": 0.367486178875,
        "dvar": 0.0677739530802,
        "dvar2": 0.146111503243,
        "max": 9.81502056122,
        "mean": 7.17201805115,
        "median": 7.1697177887,
        "min": 4.1827340126,
        "var": 0.283274054527
    },
    "spectral_flux": {
        "dmean": 0.0211565736681,
        "dmean2": 0.0344930551946,
        "dvar": 0.00082240474876,
        "dvar2": 0.00159075169358,
        "max": 0.288986086845,
        "mean": 0.0776475071907,
        "median": 0.0702836588025,
        "min": 1.03356656567e-10,
        "var": 0.00142252270598
    },
    "spectral_kurtosis": {
        "dmean": 3.25847005844,
        "dmean2": 5.4205827713,
        "dvar": 19.0745639801,
        "dvar2": 52.0082626343,
        "max": 97.909576416,
        "mean": 6.70031309128,
        "median": 4.64045906067,
        "min": -1.18321883678,
        "var": 56.0002555847
    },
    "spectral_rms": {
        "dmean": 0.000658544769976,
        "dmean2": 0.0011041975813,
        "dvar": 7.5369644037e-07,
        "dvar2": 2.08926485357e-06,
        "max": 0.0122318081558,
        "mean": 0.00595850683749,
        "median": 0.00600318517536,
        "min": 3.22831952143e-12,
        "var": 2.1321091026e-06
    },
    "spectral_rolloff": {
        "dmean": 292.578277588,
        "dmean2": 524.763916016,
        "dvar": 289308,
        "dvar2": 725729.625,
        "max": 19745.9472656,
        "mean": 1325.36193848,
        "median": 925.927734375,
        "min": 129.19921875,
        "var": 4831270
    },
    "spectral_skewness": {
        "dmean": 0.361323535442,
        "dmean2": 0.586059749126,
        "dvar": 0.143514409661,
        "dvar2": 0.375911414623,
        "max": 8.16416931152,
        "mean": 1.86680161953,
        "median": 1.75818157196,
        "min": -0.0106565523893,
        "var": 0.540357589722
    },
    "spectral_spread": {
        "dmean": 710590.875,
        "dmean2": 1079383,
        "dvar": 665660227584,
        "dvar2": 1.29682086298e+12,
        "max": 40089616,
        "mean": 4109683,
        "median": 3991482,
        "min": 973109.875,
        "var": 2.67619611443e+12
    },
    "spectral_strongpeak": {
        "dmean": 0.730573236942,
        "dmean2": 1.2716460228,
        "dvar": 2.43544459343,
        "dvar2": 7.05546522141,
        "max": 21.821969986,
        "mean": 1.39197289944,
        "median": 0.62809664011,
        "min": 0,
        "var": 3.18981337547
    },
    "zerocrossingrate": {
        "dmean": 0.00720118125901,
        "dmean2": 0.00895627122372,
        "dvar": 8.31730940263e-05,
        "dvar2": 0.000133242981974,
        "max": 0.6640625,
        "mean": 0.054438970983,
        "median": 0.044921875,
        "min": 0.0068359375,
        "var": 0.00392141425982
    },
    "barkbands": {
        "dmean": [7.96569293016e-05, 0.00272303982638, 0.00245680706576, 0.000495611282531, 0.00114902667701, 0.000926845357753, 0.00244775461033, 0.00112978171092, 0.000635678879917, 0.00121521798428, 0.000534749007784, 0.000916912511457, 0.000478770642076, 0.000202796130907, 0.000483904703287, 0.00019215188513, 0.000262932415353, 0.000177798152436, 0.000160516094184, 0.00021744944388, 0.000297433376545, 0.000118600488349, 8.93888354767e-05, 6.47350898362e-05, 2.89909457933e-05, 7.7308714026e-06, 1.13516011879e-06],
        "dmean2": [0.000128263942315, 0.00464553944767, 0.00429038796574, 0.000848781084642, 0.00171505706385, 0.00136532343458, 0.00384735688567, 0.00177009962499, 0.000955849303864, 0.00188459816854, 0.00076112622628, 0.00139968027361, 0.000769818550907, 0.000327418703819, 0.000826160423458, 0.00033403764246, 0.00046103115892, 0.000309866649332, 0.000280683540041, 0.000391051493352, 0.000545447401237, 0.00020379354828, 0.000147233469761, 0.000102307632915, 4.88215518999e-05, 1.2804742255e-05, 1.94549443222e-06],
        "dvar": [1.8713032901e-08, 3.9992879465e-05, 4.65260054625e-05, 1.14828594633e-06, 1.71426813722e-06, 1.73506646206e-06, 1.28217479869e-05, 5.79157676839e-06, 3.09908978124e-06, 4.31352327723e-06, 1.65936421581e-06, 3.00895749206e-06, 1.28572082758e-06, 2.266124568e-07, 9.86925329016e-07, 1.18761462886e-07, 1.9623615799e-07, 1.32237019557e-07, 4.4262225174e-07, 5.44888337117e-07, 3.76785806111e-07, 5.82267105642e-08, 2.58341170678e-08, 2.25548113519e-08, 3.86200094127e-09, 2.56887455752e-10, 2.1839011502e-11],
        "dvar2": [4.47453842867e-08, 0.000113556969154, 0.000130257336423, 3.3765770695e-06, 4.51710684501e-06, 3.85107659895e-06, 3.30039583787e-05, 1.44120076584e-05, 6.82889367454e-06, 1.06581019281e-05, 2.7294784104e-06, 6.64529125061e-06, 2.8522588309e-06, 5.6146376437e-07, 2.73980481325e-06, 3.3056949178e-07, 5.71370890157e-07, 4.0669556256e-07, 1.40822623962e-06, 1.83753297733e-06, 1.10090752514e-06, 1.49162147522e-07, 6.63449029048e-08, 5.23418961507e-08, 1.0152281682e-08, 6.84534262607e-10, 6.20373891147e-11],
        "max": [0.00258180871606, 0.0733204334974, 0.0714195519686, 0.0125718414783, 0.0199239440262, 0.0360718593001, 0.061132825911, 0.0672229677439, 0.0409465879202, 0.0544688254595, 0.053694114089, 0.048971876502, 0.0557489693165, 0.0174912698567, 0.0287485886365, 0.00588062591851, 0.00563948694617, 0.00704356050119, 0.0248730368912, 0.0265153832734, 0.00687215151265, 0.00868382956833, 0.00338163250126, 0.00234117126092, 0.00151441327762, 0.000324261607602, 9.84273428912e-05],
        "mean": [0.000340081285685, 0.00889578461647, 0.00336972507648, 0.00105864182115, 0.00330540025607, 0.00215162034146, 0.00615927157924, 0.00261160195805, 0.00150114053395, 0.00225919275545, 0.00110111397225, 0.0016618949594, 0.000835132610518, 0.000307628855808, 0.000705792743247, 0.000262081506662, 0.000352286238922, 0.000254733109614, 0.000236848398345, 0.000357811164577, 0.000406596867833, 0.000164300421602, 0.000133751047542, 9.32096445467e-05, 3.89105407521e-05, 1.05120952867e-05, 1.41054420055e-06],
        "median": [0.000225791271077, 0.00814503058791, 0.0018797267694, 0.00090389844263, 0.00261013465934, 0.00136267172638, 0.00304253585637, 0.000787741853856, 0.000413852831116, 0.00105507555418, 0.000238345470279, 0.00050658598775, 0.000340678554494, 0.00010445969383, 0.000356098986231, 0.000112159803393, 0.000185903292731, 0.000116801544209, 7.36347647035e-05, 5.50217737327e-05, 0.00011834569159, 5.32026751898e-05, 3.05456705973e-05, 2.54432852671e-05, 1.34581614475e-05, 2.85740998152e-06, 1.5550509147e-07],
        "min": [8.76213445408e-24, 2.43065967818e-23, 3.27132129252e-23, 8.07649552499e-23, 3.85763427171e-23, 4.01798886782e-23, 2.10593581506e-23, 4.81704879791e-23, 2.43700227763e-23, 2.46907562655e-23, 8.21940682876e-23, 4.0077503999e-23, 5.34269805795e-23, 5.54450256146e-23, 9.92805683028e-23, 1.30789200092e-22, 2.2176041249e-22, 1.77391277975e-22, 2.15777186514e-22, 2.41814266443e-22, 5.08811345874e-22, 5.9903547544e-22, 6.82905551296e-22, 1.17312870891e-21, 1.13831189741e-21, 1.5093612701e-21, 2.83113166937e-21],
        "var": [1.34430237608e-07, 4.39612340415e-05, 3.3826327126e-05, 9.64558239502e-07, 6.87546435074e-06, 6.71104362482e-06, 5.40825567441e-05, 2.29658671742e-05, 1.40806314448e-05, 1.12811740109e-05, 7.63731986808e-06, 8.20535115054e-06, 2.83313192995e-06, 5.09945550675e-07, 1.59772434927e-06, 1.68535947864e-07, 2.48274091064e-07, 1.7687169418e-07, 8.81212201875e-07, 1.94196400116e-06, 4.94965604503e-07, 8.22723578153e-08, 4.37871108261e-08, 3.21239568279e-08, 4.71006789127e-09, 3.44415801434e-10, 2.06167027894e-11]
    },
    "erbbands": {
        "dmean": [0.067608833313, 0.707180798054, 2.67583799362, 2.15982294083, 2.64029550552, 3.83771944046, 8.92777442932, 6.22757863998, 34.3508758545, 19.4166584015, 28.7382793427, 17.5524597168, 17.7250022888, 50.0484313965, 16.7123966217, 33.7397613525, 23.6008338928, 9.83240318298, 22.8653488159, 12.9920339584, 15.8751296997, 8.87538719177, 12.8707914352, 4.39851236343, 11.8787050247, 11.2791452408, 13.0322065353, 7.49201726913, 4.55157184601, 3.9869697094, 2.12900662422, 1.66901314259, 0.86624199152, 0.448592364788, 0.149831965566, 0.0507698915899, 0.0102300774306, 0.00174277508631, 0.000177751644515, 1.67357356986e-05],
        "dmean2": [0.107372380793, 1.23322069645, 4.70313167572, 3.81110525131, 3.93744063377, 5.49645280838, 14.6937036514, 8.78964424133, 51.6794548035, 32.1644210815, 45.4704208374, 26.4385204315, 26.7951412201, 76.5766448975, 25.066488266, 52.2441864014, 37.9549064636, 16.0172634125, 38.8292503357, 22.2989215851, 27.4100532532, 15.6252279282, 22.5617351532, 7.45318126678, 21.014213562, 20.3403663635, 24.2039489746, 13.2099752426, 7.96131420135, 6.83499240875, 3.40349531174, 2.62250638008, 1.4016610384, 0.754682540894, 0.253139585257, 0.0839311629534, 0.0171053744853, 0.00291013531387, 0.000304160814267, 2.88988030661e-05],
        "dvar": [0.0177820138633, 3.14431667328, 56.0961723328, 30.2031021118, 10.2015094757, 23.4292888641, 207.501403809, 83.1775054932, 2815.30566406, 642.021850586, 3640.04248047, 2288.58789062, 2088.10083008, 6238.36816406, 913.353820801, 3916.31542969, 2987.43188477, 600.152099609, 3183.94091797, 494.995147705, 587.549621582, 199.243331909, 653.179992676, 59.9426612854, 2398.02514648, 2397.51049805, 955.578369141, 371.312683105, 101.009292603, 49.7359695435, 19.9526596069, 18.5903015137, 2.54692339897, 0.940657436848, 0.102269269526, 0.00979421846569, 0.000667224812787, 2.87238635792e-05, 6.15494684553e-07, 1.39478961714e-09],
        "dvar2": [0.0459828898311, 9.03897571564, 157.739822388, 86.3656997681, 27.8981742859, 51.6720237732, 550.461425781, 170.840377808, 6963.62207031, 1799.64929199, 9024.45019531, 5113.1328125, 5651.90136719, 13523.6132812, 1831.99780273, 9257.20019531, 6573.75244141, 1544.64111328, 8944.01171875, 1292.05529785, 1623.24353027, 596.842407227, 2011.04980469, 175.873168945, 7642.07861328, 8263.2890625, 2947.77954102, 1031.0357666, 266.320343018, 130.410690308, 49.3819580078, 42.9733123779, 6.13709926605, 2.38893246651, 0.274663597345, 0.0253757927567, 0.00184251507744, 8.06369425845e-05, 1.74831302502e-06, 3.90176646548e-09],
        "max": [1.90861213207, 18.2765903473, 73.7950515747, 60.8688926697, 53.7771186829, 82.1712875366, 272.685760498, 317.249176025, 935.830810547, 449.872467041, 1722.56518555, 1291.58850098, 2084.68945312, 2187.55810547, 1031.54748535, 1273.05029297, 2715.99829102, 1038.89807129, 1735.0020752, 572.094787598, 403.129669189, 212.31867981, 483.543182373, 313.993469238, 1736.55114746, 1868.83581543, 445.093566895, 328.532684326, 419.615631104, 183.200210571, 123.257263184, 77.4012756348, 24.5406169891, 26.9769477844, 5.24533081055, 1.89028072357, 0.777700185776, 0.13985183835, 0.0235722661018, 0.000754760170821],
        "mean": [0.345367193222, 1.67590868473, 3.75249743462, 3.77259087563, 7.27289104462, 11.3676319122, 14.0430316925, 18.5999259949, 91.5343551636, 48.1856536865, 66.7184143066, 42.8630371094, 35.9231567383, 101.50038147, 35.4990844727, 65.2849960327, 42.7527313232, 16.9804801941, 35.5842018127, 19.3985710144, 23.2654857635, 13.577454567, 18.5719833374, 7.51640081406, 17.0041542053, 20.1882247925, 18.5152873993, 9.99528121948, 6.13696146011, 5.70264434814, 3.52236557007, 2.51037883759, 1.15255248547, 0.568118870258, 0.214997589588, 0.0714446082711, 0.0135903107002, 0.00230590207502, 0.000237819025642, 5.42264824617e-05],
        "median": [0.293063282967, 1.36390757561, 2.24068021774, 2.92011642456, 5.46445178986, 8.00044059753, 8.455078125, 12.9682807922, 45.4768447876, 32.5340957642, 21.209602356, 13.6279029846, 19.402015686, 50.8161659241, 19.6812210083, 24.9696521759, 19.7946720123, 8.03050994873, 17.9461936951, 10.4692296982, 13.7196884155, 9.13480949402, 9.08991622925, 4.41848468781, 3.66498851776, 3.01243710518, 3.84653329849, 3.17420387268, 2.37516975403, 1.78636085987, 0.848723649979, 0.616668045521, 0.357665896416, 0.184836298227, 0.0788128972054, 0.0207386016846, 0.00391950458288, 0.000498955429066, 4.85804412165e-05, 4.74423068226e-05],
        "min": [1.26868725476e-21, 3.79965697104e-21, 3.08637403974e-20, 1.57552858628e-19, 1.60407937136e-19, 8.62183018667e-20, 4.65452928021e-19, 2.22276148495e-19, 2.46529135754e-19, 8.99509595507e-19, 6.88874980158e-19, 6.35976314697e-19, 8.17822925078e-19, 8.38967781186e-19, 4.21202229068e-18, 1.91861399795e-18, 2.03580729278e-18, 2.49529516291e-18, 6.26097968725e-18, 2.64035658616e-18, 1.02847460103e-17, 1.26448775863e-17, 9.07340617764e-18, 9.85245645907e-18, 1.18065846294e-17, 1.28652782062e-17, 1.98352252975e-17, 1.9919025311e-17, 1.99703617942e-17, 1.76224542932e-17, 2.18736133938e-17, 2.27110824788e-17, 2.008601157e-17, 1.38374958402e-17, 7.29307692577e-18, 5.88372949324e-18, 2.69106131014e-18, 1.54457988216e-18, 4.06881096027e-19, 3.90309727989e-20],
        "var": [0.0581550300121, 2.52502083778, 39.2977981567, 20.9831314087, 38.6903419495, 112.424949646, 298.379058838, 447.726501465, 12420.4384766, 2185.51074219, 13294.7871094, 9823.85449219, 4239.92041016, 22133.9257812, 2544.78735352, 11245.9589844, 6513.19824219, 1380.83618164, 5310.89013672, 706.103759766, 870.518676758, 249.855514526, 867.541503906, 107.014183044, 4457.12011719, 8343.6015625, 1399.06201172, 426.312561035, 130.18145752, 77.7188568115, 39.944442749, 26.7935123444, 3.70915222168, 1.14945209026, 0.117043949664, 0.0146385021508, 0.000701923796441, 2.94496567221e-05, 5.77174319005e-07, 1.57303037263e-09]
    },
    "gfcc": {
        "mean": [6.56380987167, 121.528327942, -120.567893982, 29.7020931244, -62.2193412781, 16.3628501892, -26.5540447235, 6.53259325027, -10.9999885559, 5.17826318741, -6.94205713272, 2.41994214058, -2.67278051376],
        "cov": [[14001.3701172, 777.024658203, -82.6552505493, 1354.53234863, -644.718078613, 688.921691895, -491.661865234, 399.937683105, -529.479370117, 228.987564087, -416.198364258, 229.897125244, -275.849365234], [777.024658203, 2029.07080078, -372.336517334, -18.1327610016, 185.838317871, -271.656585693, 101.480484009, -152.632629395, 179.459152222, -182.739151001, 128.798782349, -123.119796753, 128.113189697], [-82.6552505493, -372.336517334, 450.251586914, 157.551071167, 6.30929708481, 123.913070679, -32.5554466248, 47.1080665588, -62.1152763367, 43.5127601624, -53.024887085, 32.4041748047, -28.7976016998], [1354.53234863, -18.1327610016, 157.551071167, 476.883544922, 47.5060081482, 99.4661178589, -23.2456645966, 90.832244873, -92.1743392944, -3.78905010223, -63.3472900391, -14.8156557083, -17.8584518433], [-644.718078613, 185.838317871, 6.30929708481, 47.5060081482, 183.27180481, -33.1710548401, 51.0864448547, -7.16708993912, 50.9655303955, -52.405090332, 22.0891704559, -37.0655441284, 23.2686691284], [688.921691895, -271.656585693, 123.913070679, 99.4661178589, -33.1710548401, 170.757202148, -27.0314121246, 53.0930290222, -55.6051292419, 37.7904701233, -61.4411621094, 33.738494873, -47.9498443604], [-491.661865234, 101.480484009, -32.5554466248, -23.2456645966, 51.0864448547, -27.0314121246, 122.785049438, -14.2434148788, 27.1681461334, -29.3983726501, 23.5756015778, -42.1137466431, 21.687877655], [399.937683105, -152.632629395, 47.1080665588, 90.832244873, -7.16708993912, 53.0930290222, -14.2434148788, 113.200942993, -30.7682571411, 8.55493450165, -36.4455680847, 10.4883556366, -21.7340488434], [-529.479370117, 179.459152222, -62.1152763367, -92.1743392944, 50.9655303955, -55.6051292419, 27.1681461334, -30.7682571411, 107.504859924, -15.4178228378, 32.4691352844, -14.4357395172, 15.0064201355], [228.987564087, -182.739151001, 43.5127601624, -3.78905010223, -52.405090332, 37.7904701233, -29.3983726501, 8.55493450165, -15.4178228378, 89.1261062622, -4.3356924057, 12.4452295303, -13.0103025436], [-416.198364258, 128.798782349, -53.024887085, -63.3472900391, 22.0891704559, -61.4411621094, 23.5756015778, -36.4455680847, 32.4691352844, -4.3356924057, 92.171661377, 5.88071107864, 14.6596822739], [229.897125244, -123.119796753, 32.4041748047, -14.8156557083, -37.0655441284, 33.738494873, -42.1137466431, 10.4883556366, -14.4357395172, 12.4452295303, 5.88071107864, 99.775100708, -6.53834915161], [-275.849365234, 128.113189697, -28.7976016998, -17.8584518433, 23.2686691284, -47.9498443604, 21.687877655, -21.7340488434, 15.0064201355, -13.0103025436, 14.6596822739, -6.53834915161, 82.3128433228]],
        "icov": [[0.00060338282492, -0.000983590260148, 0.000900954997633, -0.00137169414666, 0.00165136239957, -0.00145550363231, 0.000583211833145, -0.000681894016452, 0.00111378077418, -0.00161383289378, 0.0013270926429, -0.00131900596898, 0.00112289085519], [-0.000983590260148, 0.00257398979738, -0.00102377671283, 0.00165402248967, -0.00255909212865, 0.00252253748477, -0.000603719556239, 0.00184585852548, -0.00293752783909, 0.00400616740808, -0.00286273076199, 0.00284455297515, -0.00255788606592], [0.000900954997633, -0.00102377671283, 0.00466512842104, -0.00281885219738, 0.00147556967568, -0.00339590618387, 0.00103532837238, -0.000429620908108, 0.00191115867347, -0.00312844454311, 0.00230767647736, -0.00247173919342, 0.00140147737693], [-0.00137169414666, 0.00165402248967, -0.00281885219738, 0.00699552334845, -0.00550467986614, 0.00228355661966, -0.000705212936737, -0.000555769132916, 0.000745375757106, 0.00331007526256, -0.00245217769407, 0.00376923358999, -0.00259084068239], [0.00165136239957, -0.00255909212865, 0.00147556967568, -0.00550467986614, 0.0142855644226, -0.00482189375907, 0.00051210867241, -0.00210776878521, -0.00209640734829, 0.00044466817053, 0.00110056111589, -0.00121221295558, 0.00146054499783], [-0.00145550363231, 0.00252253748477, -0.00339590618387, 0.00228355661966, -0.00482189375907, 0.0170885566622, -0.00403919257224, 0.000842728477437, -0.000584100023843, -0.000189660626347, 0.0033350167796, -0.00155048293527, 0.00246737524867], [0.000583211833145, -0.000603719556239, 0.00103532837238, -0.000705212936737, 0.00051210867241, -0.00403919257224, 0.0127147110179, -0.00100898114033, -4.34790365489e-07, 0.00202868576162, -0.00276075233705, 0.00428696488962, -0.00185795186553], [-0.000681894016452, 0.00184585852548, -0.000429620908108, -0.000555769132916, -0.00210776878521, 0.000842728477437, -0.00100898114033, 0.0133679127321, -0.00155157654081, 0.00221881596372, 0.000953227165155, 0.000446298858151, -4.74500811833e-05], [0.00111378077418, -0.00293752783909, 0.00191115867347, 0.000745375757106, -0.00209640734829, -0.000584100023843, -4.34790365489e-07, -0.00155157654081, 0.0189166851342, -0.00616549933329, 0.00292062060907, -0.00353976269253, 0.00375316897407], [-0.00161383289378, 0.00400616740808, -0.00312844454311, 0.00331007526256, 0.00044466817053, -0.000189660626347, 0.00202868576162, 0.00221881596372, -0.00616549933329, 0.0227363202721, -0.00866777822375, 0.0074541256763, -0.00535127427429], [0.0013270926429, -0.00286273076199, 0.00230767647736, -0.00245217769407, 0.00110056111589, 0.0033350167796, -0.00276075233705, 0.000953227165155, 0.00292062060907, -0.00866777822375, 0.0218337457627, -0.00912590324879, 0.00527316704392], [-0.00131900596898, 0.00284455297515, -0.00247173919342, 0.00376923358999, -0.00121221295558, -0.00155048293527, 0.00428696488962, 0.000446298858151, -0.00353976269253, 0.0074541256763, -0.00912590324879, 0.0185031816363, -0.00554823037237], [0.00112289085519, -0.00255788606592, 0.00140147737693, -0.00259084068239, 0.00146054499783, 0.00246737524867, -0.00185795186553, -4.74500811833e-05, 0.00375316897407, -0.00535127427429, 0.00527316704392, -0.00554823037237, 0.0184127409011]]
    },
    "melbands": {
        "dmean": [0.000658689590637, 0.00122895336244, 0.000361440819688, 0.000250520679401, 0.000260633329162, 0.000154544526595, 0.00053445645608, 0.000206238910323, 0.000224896793952, 9.85617807601e-05, 9.24491250771e-05, 0.00020887577557, 5.22974332853e-05, 0.000117792551464, 5.75501981075e-05, 3.84357845178e-05, 1.87823061424e-05, 3.42859020748e-05, 3.26462468365e-05, 9.76820956566e-06, 2.15842883335e-05, 1.01831446955e-05, 1.4453365111e-05, 7.25962217984e-06, 3.54068492925e-06, 7.34303694117e-06, 8.62758224685e-06, 7.54078155296e-06, 9.99754047371e-06, 5.46249566469e-06, 4.55852341474e-06, 2.45941419053e-06, 2.9342011203e-06, 2.04356933864e-06, 1.18879199817e-06, 1.25089866287e-06, 9.07896378521e-07, 5.48003072254e-07, 6.51866287171e-07, 3.03663739487e-07],
        "dmean2": [0.0010950777214, 0.00217964639887, 0.000627415894996, 0.000351924682036, 0.000428647617809, 0.000219818699406, 0.000816734973341, 0.0003396908578, 0.000356857635779, 0.000147712737089, 0.000139747062349, 0.00032031009323, 7.71317136241e-05, 0.000178989124834, 9.1610920208e-05, 6.24122767476e-05, 3.04253771901e-05, 5.8003468439e-05, 5.58454703423e-05, 1.69094928424e-05, 3.712666512e-05, 1.78740392585e-05, 2.5591782105e-05, 1.26901040858e-05, 6.05800460107e-06, 1.27649627757e-05, 1.54065528477e-05, 1.35679101732e-05, 1.88122667168e-05, 9.77422314463e-06, 8.08160621091e-06, 4.28598468716e-06, 5.09583742314e-06, 3.4901613617e-06, 1.93268988369e-06, 1.93630330614e-06, 1.44570958582e-06, 8.7849053898e-07, 1.10965743261e-06, 5.13206430242e-07],
        "dvar": [2.07809193853e-06, 1.1645858649e-05, 7.39727511245e-07, 9.79039285198e-08, 1.6663015856e-07, 5.12560767163e-08, 6.43339149065e-07, 7.60496519092e-08, 2.0265645162e-07, 7.29903675278e-08, 5.20176079988e-08, 1.11598460251e-07, 8.99723850978e-09, 5.25281578234e-08, 1.32965976007e-08, 7.65992069773e-09, 2.98948465982e-09, 7.30232985191e-09, 3.36208327845e-09, 3.64180713364e-10, 1.04478425911e-09, 2.87890877804e-10, 7.08924585702e-10, 1.89043225518e-10, 4.79017173149e-11, 8.85390039063e-10, 6.53396226014e-10, 1.48932088884e-09, 7.66440966249e-10, 1.85525844687e-10, 2.53618487323e-10, 5.41411221411e-11, 3.35972742682e-11, 1.60980066083e-11, 8.83286846443e-12, 7.83355845468e-12, 7.15903464982e-12, 1.15116076393e-12, 2.07108418956e-12, 4.79122980439e-13],
        "dvar2": [5.77737819185e-06, 3.29593785864e-05, 2.11218252844e-06, 2.38959927401e-07, 4.49502493893e-07, 1.0064579925e-07, 1.61071068305e-06, 2.04449221997e-07, 5.02055684137e-07, 1.66798528767e-07, 1.40432447893e-07, 2.47550929089e-07, 1.61606408255e-08, 1.153157001e-07, 2.99839761908e-08, 1.85765092198e-08, 7.63548690941e-09, 2.04548431526e-08, 9.13987285855e-09, 9.51129508486e-10, 2.87028623092e-09, 8.19018297626e-10, 2.20117768457e-09, 5.81420245283e-10, 1.42404490977e-10, 2.80458167801e-09, 2.07458872303e-09, 5.13768583232e-09, 2.45373876773e-09, 5.17756004736e-10, 7.10542680249e-10, 1.39257938514e-10, 8.8827847855e-11, 4.24296084378e-11, 2.21704165443e-11, 1.8304227925e-11, 1.65424271503e-11, 2.70217724065e-12, 5.12785387069e-12, 1.22540215822e-12],
        "max": [0.0179901141673, 0.0321918204427, 0.00988111831248, 0.00549462391064, 0.00736446119845, 0.00835699494928, 0.0139981973916, 0.00561851682141, 0.0123442970216, 0.00777181331068, 0.0101189184934, 0.00846138782799, 0.00351400766522, 0.00681383628398, 0.00542333675548, 0.00333774299361, 0.00224871817045, 0.00255668209866, 0.00112742173951, 0.000539682572708, 0.000473125808639, 0.000236104780925, 0.000390518805943, 0.000253081641858, 0.00027146213688, 0.00102304155007, 0.000764405878726, 0.0014812333975, 0.000507550488692, 0.000235035753576, 0.000294356403174, 0.000377969350666, 0.000133847090183, 6.70741283102e-05, 0.00010616324289, 6.24671665719e-05, 4.08520827477e-05, 2.21296522795e-05, 2.97904080071e-05, 2.15810250666e-05],
        "mean": [0.00271582230926, 0.00201676064171, 0.000730114406906, 0.000747087178752, 0.000463390344521, 0.000421186443418, 0.00140500382986, 0.000508288387209, 0.000518657150678, 0.000231185942539, 0.000174919652636, 0.000418915267801, 0.000111731867946, 0.000210715763387, 0.000109266249638, 6.50858128211e-05, 2.84351153823e-05, 5.25273935637e-05, 4.58189861092e-05, 1.41142218126e-05, 3.06719193759e-05, 1.34495030579e-05, 2.01225466299e-05, 1.02601998151e-05, 5.06789092469e-06, 1.06028146547e-05, 1.14926860988e-05, 1.36927046697e-05, 1.35648178912e-05, 6.72292344461e-06, 5.73094712308e-06, 3.19683817906e-06, 3.8639759623e-06, 2.70012947112e-06, 1.93155347006e-06, 1.8787160343e-06, 1.32107334139e-06, 7.46377111227e-07, 7.89040768723e-07, 3.69338437167e-07],
        "median": [0.00252209068276, 0.00146788614802, 0.00059923477238, 0.000538726104423, 0.000312379444949, 0.000269237847533, 0.000705521204509, 0.000331925053615, 0.000152214081027, 6.75300761941e-05, 8.69669456733e-05, 0.000207222503377, 4.73314939882e-05, 6.12385119894e-05, 4.68077596452e-05, 2.91055985144e-05, 8.8493579824e-06, 2.54515871347e-05, 2.07085595321e-05, 6.64733033773e-06, 1.73058579094e-05, 7.48947059037e-06, 9.54279403231e-06, 4.77774119645e-06, 2.65048379333e-06, 2.73037221632e-06, 1.98973816623e-06, 1.38216660162e-06, 2.05762626138e-06, 1.49931486249e-06, 1.13226246867e-06, 8.49094874411e-07, 8.256886872e-07, 5.45850298295e-07, 3.72556144157e-07, 3.42950016829e-07, 2.65944890998e-07, 2.06308072848e-07, 2.25522171604e-07, 1.14607708213e-07],
        "min": [8.80572532998e-24, 1.1496675817e-23, 2.98608212651e-23, 6.35559277813e-24, 1.35518209804e-23, 5.44721629032e-24, 3.94912091636e-24, 1.05897342671e-23, 4.89156002362e-24, 3.8837811453e-24, 3.88317056696e-24, 2.4849929069e-24, 1.25812404436e-23, 7.0865654924e-24, 4.806722372e-24, 4.30228092742e-24, 4.60952173962e-24, 9.62967240169e-24, 5.94124950412e-24, 2.47200628425e-24, 1.49610862777e-23, 1.3288245197e-23, 9.28048312199e-24, 8.29825110966e-24, 7.72638611794e-24, 8.77762531568e-24, 8.2888068669e-24, 7.85805410277e-24, 1.26435486222e-23, 1.14243633044e-23, 1.22538055811e-23, 1.11287069146e-23, 1.10539852208e-23, 9.23563322409e-24, 1.30986535225e-23, 1.09359037873e-23, 1.5969338867e-23, 1.29896140128e-23, 1.39077281996e-23, 1.14428699812e-23],
        "var": [3.4478255202e-06, 7.93289473222e-06, 5.63718458579e-07, 4.6397457254e-07, 2.63152088564e-07, 2.87939485588e-07, 2.82829137177e-06, 2.92584843464e-07, 7.62260697229e-07, 3.12008467063e-07, 1.08417104627e-07, 3.80280027912e-07, 3.87206142705e-08, 1.37969280445e-07, 3.26000488826e-08, 1.62817546112e-08, 6.68302524431e-09, 1.25089938408e-08, 5.07923791915e-09, 5.13227405019e-10, 1.55892521114e-09, 3.67780028654e-10, 9.04082309017e-10, 2.56289378608e-10, 5.91027365937e-11, 1.61082958083e-09, 1.19680110267e-09, 5.24168397575e-09, 1.12808340447e-09, 2.35998082188e-10, 2.75215322754e-10, 7.1726735662e-11, 4.85937436123e-11, 2.33531059074e-11, 1.6473272399e-11, 1.44668600016e-11, 9.73976108098e-12, 1.90681433317e-12, 2.6537233782e-12, 5.6601945353e-13]
    },
    "mfcc": {
        "mean": [-632.343200684, 145.355484009, 2.71569538116, 18.3930664062, -4.77292585373, 8.7860660553, -3.53244900703, 4.74438238144, 3.54153013229, 1.74504196644, 0.145653650165, 7.68981313705, 6.13210678101],
        "cov": [[7342.18652344, -231.169296265, 529.598937988, 401.43170166, 169.442001343, 210.136932373, 197.993972778, 191.391326904, 76.0008621216, 44.6997566223, -51.2773857117, 128.101638794, -0.0926303192973], [-231.169296265, 1609.35961914, -303.589508057, 169.059051514, 2.03322410583, 13.0350046158, -97.931427002, 27.5383319855, 23.1124839783, 4.14140224457, 19.7995223999, -42.7576560974, 7.0681810379], [529.598937988, -303.589508057, 381.542755127, 52.8445167542, 57.408454895, 52.5945091248, 57.0364379883, 0.651274979115, 28.0019893646, -14.989900589, -11.7429666519, 7.82192659378, -23.0291538239], [401.43170166, 169.059051514, 52.8445167542, 309.460571289, 75.2886886597, 22.2753372192, 55.8139648438, 47.2966690063, 8.79008769989, 59.564491272, -32.1950759888, -66.4403076172, -16.5374622345], [169.442001343, 2.03322410583, 57.408454895, 75.2886886597, 126.490608215, 27.1833972931, 3.36209630966, 27.9809970856, 17.8208866119, -14.8072814941, 7.7839179039, 5.83358860016, -15.3467082977], [210.136932373, 13.0350046158, 52.5945091248, 22.2753372192, 27.1833972931, 96.3174591064, 18.7112045288, -0.893549978733, 10.8868265152, -2.56012678146, -2.28852343559, 21.5027980804, 0.625803351402], [197.993972778, -97.931427002, 57.0364379883, 55.8139648438, 3.36209630966, 18.7112045288, 100.637329102, 24.1437301636, 0.35122436285, 33.2095146179, -22.4394493103, -23.0672264099, -2.43783283234], [191.391326904, 27.5383319855, 0.651274979115, 47.2966690063, 27.9809970856, -0.893549978733, 24.1437301636, 100.677818298, 17.8856868744, -10.859333992, 5.29257154465, 4.73563814163, -21.5599880219], [76.0008621216, 23.1124839783, 28.0019893646, 8.79008769989, 17.8208866119, 10.8868265152, 0.35122436285, 17.8856868744, 79.1467514038, 11.0761594772, -14.9792823792, -3.36927914619, -1.85532641411], [44.6997566223, 4.14140224457, -14.989900589, 59.564491272, -14.8072814941, -2.56012678146, 33.2095146179, -10.859333992, 11.0761594772, 117.968971252, -5.44241476059, -52.9479026794, -9.19434356689], [-51.2773857117, 19.7995223999, -11.7429666519, -32.1950759888, 7.7839179039, -2.28852343559, -22.4394493103, 5.29257154465, -14.9792823792, -5.44241476059, 87.7698669434, 28.9506320953, -19.7901000977], [128.101638794, -42.7576560974, 7.82192659378, -66.4403076172, 5.83358860016, 21.5027980804, -23.0672264099, 4.73563814163, -3.36927914619, -52.9479026794, 28.9506320953, 121.573165894, 23.3802909851], [-0.0926303192973, 7.0681810379, -23.0291538239, -16.5374622345, -15.3467082977, 0.625803351402, -2.43783283234, -21.5599880219, -1.85532641411, -9.19434356689, -19.7901000977, 23.3802909851, 83.6577911377]],
