{
"lowlevel": {
    "average_loudness": 0.37466698885,
    "barkbands_crest": {
        "dmean": 2.39767694473,
        "dmean2": 3.93995642662,
        "dvar": 5.34142780304,
        "dvar2": 14.0047779083,
        "max": 26.1237812042,
        "mean": 12.0600147247,
        "median": 11.2804164886,
        "min": 2.77383947372,
        "var": 17.5607223511
    },
    "barkbands_flatness_db": {
        "dmean": 0.0259589422494,
        "dmean2": 0.0377530604601,
        "dvar": 0.000700970704202,
        "dvar2": 0.00138558051549,
        "max": 0.444482982159,
        "mean": 0.243252128363,
        "median": 0.247221559286,
        "min": 0.0367231182754,
        "var": 0.00521120382473
    },
    "barkbands_kurtosis": {
        "dmean": 3.26330637932,
        "dmean2": 5.13153409958,
        "dvar": 33.1569480896,
        "dvar2": 78.2797317505,
        "max": 247.443389893,
        "mean": 7.44569015503,
        "median": 4.8257932663,
        "min": -1.80585587025,
        "var": 88.927696228
    },
    "barkbands_skewness": {
        "dmean": 0.483168333769,
        "dmean2": 0.753709733486,
        "dvar": 0.256442695856,
        "dvar2": 0.62364256382,
        "max": 11.5219926834,
        "mean": 1.82788252831,
        "median": 1.7330685854,
        "min": -5.35023355484,
        "var": 1.01272892952
    },
    "barkbands_spread": {
        "dmean": 2.10610365868,
        "dmean2": 3.26821470261,
        "dvar": 13.3679742813,
        "dvar2": 30.4569511414,
        "max": 61.6779403687,
        "mean": 7.86366891861,
        "median": 6.10983848572,
        "min": 0.423919439316,
        "var": 43.5251579285
    },
    "dissonance": {
        "dmean": 0.0270645637065,
        "dmean2": 0.0449354425073,
        "dvar": 0.000610811635852,
        "dvar2": 0.00160031032283,
        "max": 0.500000119209,
        "mean": 0.420766443014,
        "median": 0.427899479866,
        "min": 0.19876678288,
        "var": 0.0022273149807
    },
    "dynamic_complexity": 3.29703426361,
    "erbbands_crest": {
        "dmean": 2.31479310989,
        "dmean2": 3.75743508339,
        "dvar": 5.56185150146,
        "dvar2": 14.9760904312,
        "max": 33.4604873657,
        "mean": 11.2029895782,
        "median": 10.4872426987,
        "min": 2.77636837959,
        "var": 17.9890499115
    },
    "erbbands_flatness_db": {
        "dmean": 0.0257029943168,
        "dmean2": 0.0352770239115,
        "dvar": 0.000694837071933,
        "dvar2": 0.00136137206573,
        "max": 0.419912815094,
        "mean": 0.26097241044,
        "median": 0.266673952341,
        "min": 0.0696313604712,
        "var": 0.00378530588932
    },
    "erbbands_kurtosis": {
        "dmean": 1.03234934807,
        "dmean2": 1.65245807171,
        "dvar": 3.46575093269,
        "dvar2": 9.15201759338,
        "max": 66.0995559692,
        "mean": 1.55277645588,
        "median": 0.667353868484,
        "min": -1.79342293739,
        "var": 8.60307216644
    },
    "erbbands_skewness": {
        "dmean": 0.311038553715,
        "dmean2": 0.483627915382,
        "dvar": 0.135104686022,
        "dvar2": 0.317584902048,
        "max": 6.0652923584,
        "mean": 0.851011693478,
        "median": 0.773875713348,
        "min": -5.86148834229,
        "var": 0.664149343967
    },
    "erbbands_spread": {
        "dmean": 4.15188741684,
        "dmean2": 6.38809013367,
        "dvar": 29.1578903198,
        "dvar2": 66.8933181763,
        "max": 86.1517333984,
        "mean": 20.5701904297,
        "median": 18.3612346649,
        "min": 1.30789458752,
        "var": 103.506721497
    },
    "hfc": {
        "dmean": 3.65028524399,
        "dmean2": 5.3655962944,
        "dvar": 129.573989868,
        "dvar2": 294.874725342,
        "max": 423.808166504,
        "mean": 11.0242881775,
        "median": 5.99649620056,
        "min": 1.17300894479e-16,
        "var": 274.24911499
    },
    "melbands_crest": {
        "dmean": 3.03378796577,
        "dmean2": 5.00489902496,
        "dvar": 8.11545085907,
        "dvar2": 21.9777889252,
        "max": 33.5300292969,
        "mean": 15.6415672302,
        "median": 14.9183111191,
        "min": 1.54942381382,
        "var": 25.438621521
    },
    "melbands_flatness_db": {
        "dmean": 0.0262992493808,
        "dmean2": 0.0383688136935,
        "dvar": 0.000813524762634,
        "dvar2": 0.00160543771926,
        "max": 0.583871603012,
        "mean": 0.345540106297,
        "median": 0.346906661987,
        "min": 0.00129122519866,
        "var": 0.00732292700559
    },
    "melbands_kurtosis": {
        "dmean": 4.29800462723,
        "dmean2": 6.71401977539,
        "dvar": 48.9905395508,
        "dvar2": 115.037811279,
        "max": 276.516021729,
        "mean": 10.3150606155,
        "median": 7.28683853149,
        "min": -1.87019717693,
        "var": 130.131698608
    },
    "melbands_skewness": {
        "dmean": 0.510134339333,
        "dmean2": 0.795176744461,
        "dvar": 0.285225391388,
        "dvar2": 0.692619919777,
        "max": 9.92174530029,
        "mean": 2.21926093102,
        "median": 2.08315682411,
        "min": -3.51075005531,
        "var": 1.10632407665
    },
    "melbands_spread": {
        "dmean": 2.68669009209,
        "dmean2": 4.21337270737,
        "dvar": 28.6060581207,
        "dvar2": 65.3687362671,
        "max": 148.250900269,
        "mean": 9.90847587585,
        "median": 7.55930995941,
        "min": 0.462789148092,
        "var": 87.6144104004
    },
    "pitch_salience": {
        "dmean": 0.0631464421749,
        "dmean2": 0.104032993317,
        "dvar": 0.00350038078614,
        "dvar2": 0.00918206851929,
        "max": 0.944874167442,
        "mean": 0.539243042469,
        "median": 0.544827997684,
        "min": 0.158778265119,
        "var": 0.00972924847156
    },
    "silence_rate_20dB": {
        "dmean": 0,
        "dmean2": 0,
        "dvar": 0,
        "dvar2": 0,
        "max": 1,
        "mean": 1,
        "median": 1,
        "min": 1,
        "var": 0
    },
    "silence_rate_30dB": {
        "dmean": 0.00643678149208,
        "dmean2": 0.0128745501861,
        "dvar": 0.00639527430758,
        "dvar2": 0.0148547254503,
        "max": 1,
        "mean": 0.991494894028,
        "median": 1,
        "min": 0,
        "var": 0.00843253545463
    },
    "silence_rate_60dB": {
        "dmean": 0.0153256701306,
        "dmean2": 0.0306536890566,
        "dvar": 0.0150882024318,
        "dvar2": 0.0349306426942,
        "max": 1,
        "mean": 0.0383878648281,
        "median": 0,
        "min": 0,
        "var": 0.0369109921157
    },
    "spectral_centroid": {
        "dmean": 104.069984436,
        "dmean2": 160.775726318,
        "dvar": 40655.5117188,
        "dvar2": 87558.640625,
        "max": 11121.5458984,
        "mean": 592.573181152,
        "median": 483.314300537,
        "min": 172.341552734,
        "var": 161071.53125
    },
    "spectral_complexity": {
        "dmean": 1.90911877155,
        "dmean2": 2.90780901909,
        "dvar": 7.5719909668,
        "dvar2": 14.2895612717,
        "max": 53,
        "mean": 11.8570222855,
        "median": 10,
        "min": 0,
        "var": 51.4964942932
    },
    "spectral_decrease": {
        "dmean": 1.5779052509e-09,
        "dmean2": 2.41055442274e-09,
        "dvar": 7.91524413223e-18,
        "dvar2": 1.66657686296e-17,
        "max": 9.18277819543e-20,
        "mean": -5.48507372855e-09,
        "median": -4.02600264238e-09,
        "min": -6.8985464452e-08,
        "var": 2.66768212547e-17
    },
    "spectral_energy": {
        "dmean": 0.00624976772815,
        "dmean2": 0.00952534936368,
        "dvar": 0.000126484927023,
        "dvar2": 0.000266019254923,
        "max": 0.268754631281,
        "mean": 0.0217018257827,
        "median": 0.0158043447882,
        "min": 1.0739781878e-20,
        "var": 0.000427051418228
    },
    "spectral_energyband_high": {
        "dmean": 0.000105989005533,
        "dmean2": 0.00016413492267,
        "dvar": 4.07811370451e-07,
        "dvar2": 1.01731109226e-06,
        "max": 0.0219715535641,
        "mean": 0.000120193508337,
        "median": 6.90303113515e-06,
        "min": 7.89203652031e-21,
        "var": 4.12826835827e-07
    },
    "spectral_energyband_low": {
        "dmean": 0.00169895007275,
        "dmean2": 0.00271850521676,
        "dvar": 1.402291673e-05,
        "dvar2": 3.52834722435e-05,
        "max": 0.071037016809,
        "mean": 0.00292067695409,
        "median": 0.00139009137638,
        "min": 7.97425157861e-23,
        "var": 2.27131549764e-05
    },
    "spectral_energyband_middle_high": {
        "dmean": 0.00128020753618,
        "dmean2": 0.00181502092164,
        "dvar": 1.73773041752e-05,
        "dvar2": 3.97258809244e-05,
        "max": 0.14746505022,
        "mean": 0.00347456336021,
        "median": 0.00114418682642,
        "min": 1.39274112258e-21,
        "var": 4.26260667155e-05
    },
    "spectral_energyband_middle_low": {
        "dmean": 0.00478666974232,
        "dmean2": 0.00748311169446,
        "dvar": 7.62691270211e-05,
        "dvar2": 0.000166332072695,
        "max": 0.250992387533,
        "mean": 0.0158332269639,
        "median": 0.0119162537158,
        "min": 2.74538791633e-22,
        "var": 0.000234306324273
    },
    "spectral_entropy": {
        "dmean": 0.212055876851,
        "dmean2": 0.319538384676,
        "dvar": 0.0574958883226,
        "dvar2": 0.116239823401,
        "max": 9.80409240723,
        "mean": 6.35760736465,
        "median": 6.33138561249,
        "min": 4.53218126297,
        "var": 0.382427990437
    },
    "spectral_flux": {
        "dmean": 0.0211972799152,
        "dmean2": 0.0330726765096,
        "dvar": 0.000751333951484,
        "dvar2": 0.00176639819983,
        "max": 0.404754757881,
        "mean": 0.053299959749,
        "median": 0.0423076748848,
        "min": 6.76611822126e-11,
        "var": 0.00162199896295
    },
    "spectral_kurtosis": {
        "dmean": 10.9155073166,
        "dmean2": 18.6302204132,
        "dvar": 137.51411438,
        "dvar2": 379.027282715,
        "max": 150.211380005,
        "mean": 24.4909629822,
        "median": 17.2116546631,
        "min": -1.23199260235,
        "var": 434.64553833
    },
    "spectral_rms": {
        "dmean": 0.000593615870457,
        "dmean2": 0.000898418074939,
        "dvar": 6.199925906e-07,
        "dvar2": 1.26370093767e-06,
        "max": 0.0161925796419,
        "mean": 0.00422036089003,
        "median": 0.00392668740824,
        "min": 3.23694846968e-12,
        "var": 3.36108109877e-06
    },
    "spectral_rolloff": {
        "dmean": 139.984741211,
        "dmean2": 239.69732666,
        "dvar": 109622.335938,
        "dvar2": 242871.859375,
        "max": 18884.6191406,
        "mean": 694.872070312,
        "median": 581.396484375,
        "min": 129.19921875,
        "var": 342436.125
    },
    "spectral_skewness": {
        "dmean": 0.751750528812,
        "dmean2": 1.27931857109,
        "dvar": 0.504684329033,
        "dvar2": 1.411231637,
        "max": 9.87774085999,
        "mean": 3.1938791275,
        "median": 2.8462164402,
        "min": -0.0272390209138,
        "var": 2.04848456383
    },
    "spectral_spread": {
        "dmean": 402556.34375,
        "dmean2": 610468.375,
        "dvar": 263006633984,
        "dvar2": 525230374912,
        "max": 40679288,
        "mean": 2121550.75,
        "median": 1951569.125,
        "min": 580223.3125,
        "var": 927560761344
    },
    "spectral_strongpeak": {
        "dmean": 0.371927499771,
        "dmean2": 0.623165309429,
        "dvar": 0.555522382259,
        "dvar2": 1.31161749363,
        "max": 28.9253921509,
        "mean": 0.921251773834,
        "median": 0.700009405613,
        "min": 0,
        "var": 0.929000735283
    },
    "zerocrossingrate": {
        "dmean": 0.00407144241035,
        "dmean2": 0.00501737138256,
        "dvar": 4.9478483561e-05,
        "dvar2": 7.83405848779e-05,
        "max": 0.51904296875,
        "mean": 0.0266632009298,
        "median": 0.02294921875,
        "min": 0.00634765625,
        "var": 0.000315326295095
    },
    "barkbands": {
        "dmean": [8.11773643363e-05, 0.000344487489201, 0.00121855759062, 0.000600816507358, 0.00376845477149, 0.00122732145246, 0.0004305911134, 0.000394509843318, 0.000305570749333, 0.000309220573399, 0.000297910970403, 0.000267200550297, 0.000187158730114, 0.0001554870978, 0.000112550507765, 0.000167395846802, 0.0001078795176, 5.2489744121e-05, 0.000140124684549, 5.33422389708e-05, 3.70511806977e-05, 1.4708535673e-05, 4.15744989368e-06, 1.88641934074e-06, 1.13669302664e-05, 1.37853967317e-05, 4.85376313009e-06],
        "dmean2": [0.000131032109493, 0.000551194883883, 0.00193952943664, 0.00101447757334, 0.0059826024808, 0.00206087320112, 0.000651090289466, 0.00058134435676, 0.000405160419177, 0.000464679789729, 0.000429733132478, 0.000343076942954, 0.000286979047814, 0.000255553430179, 0.000172874861164, 0.000272299192147, 0.000171781182871, 8.43997404445e-05, 0.000230804929743, 8.32395016914e-05, 6.08213595115e-05, 2.22633170779e-05, 6.34003527011e-06, 2.95490940516e-06, 1.86457054951e-05, 2.26265401579e-05, 8.10154051578e-06],
        "dvar": [3.46929063255e-08, 5.71363443669e-07, 8.64541925694e-06, 1.75346565356e-06, 6.33841991657e-05, 4.19594880441e-06, 1.81709151548e-06, 6.61696901716e-07, 6.53538791084e-07, 1.48894275753e-06, 1.93095843315e-06, 6.95033065767e-07, 1.06062566374e-06, 3.18426100421e-06, 2.49851922263e-07, 1.04369621567e-06, 2.5222863087e-07, 7.45702735117e-08, 4.44491297458e-06, 6.69929605124e-08, 1.90161443925e-07, 5.79131675948e-09, 6.92917889733e-10, 1.27129584637e-10, 6.2766467579e-09, 1.13564473381e-08, 1.45378187266e-09],
        "dvar2": [7.95626178274e-08, 1.46044806115e-06, 2.20317451749e-05, 4.83214307678e-06, 0.000143571887747, 1.19077694762e-05, 4.12907775171e-06, 1.33150274451e-06, 1.07387859316e-06, 3.42174917023e-06, 3.71547139366e-06, 1.15709246984e-06, 2.48059427577e-06, 8.70445273904e-06, 6.53754000268e-07, 2.87246552944e-06, 6.2506762788e-07, 1.92084144146e-07, 1.13086598503e-05, 1.61224591011e-07, 5.193621746e-07, 1.33743043307e-08, 1.51492862699e-09, 2.97710439634e-10, 1.47132119821e-08, 2.81509713318e-08, 3.58526497379e-09],
        "max": [0.013631535694, 0.0219742767513, 0.0553674995899, 0.0317530557513, 0.218454226851, 0.0382871665061, 0.0464040786028, 0.0244798678905, 0.0312335696071, 0.0393994376063, 0.052722916007, 0.0558864325285, 0.0523663535714, 0.106742806733, 0.0326596349478, 0.0397056378424, 0.0162686761469, 0.0101696057245, 0.117526970804, 0.00874412897974, 0.0214747339487, 0.00236205942929, 0.000941053498536, 0.000357291253749, 0.00304303597659, 0.00299140927382, 0.00153349118773],
        "mean": [8.91333183972e-05, 0.000441977987066, 0.00178150704596, 0.0013480988564, 0.00774414185435, 0.00330089312047, 0.00121462647803, 0.00115587515756, 0.000982781057246, 0.000919782905839, 0.000592010677792, 0.000646439497359, 0.000284869776806, 0.000204978190595, 0.000230065605137, 0.000220480200369, 0.000155264846398, 7.60143811931e-05, 0.000157054892043, 6.83840844431e-05, 3.97413823521e-05, 1.76045487024e-05, 4.34281855632e-06, 1.71835768015e-06, 9.45965803112e-06, 1.09167795017e-05, 3.72603471988e-06],
        "median": [2.91114192805e-05, 0.000160198833328, 0.000602327403612, 0.000637104967609, 0.0044530807063, 0.00187866424676, 0.000383034086553, 0.00051164184697, 0.000320641818689, 0.000157294300152, 5.84780209465e-05, 0.00011964069563, 5.19383866049e-05, 3.2282419852e-05, 4.19493590016e-05, 2.82124728983e-05, 2.44534439844e-05, 1.15658676805e-05, 1.32515579025e-05, 6.25867551207e-06, 2.36368759943e-06, 9.00911402368e-07, 9.70979385784e-08, 2.46167282114e-08, 6.51012115327e-08, 5.54049321977e-08, 2.28123759882e-08],
        "min": [6.24924486177e-24, 2.66705636347e-23, 8.17907710384e-24, 2.23888412114e-23, 2.62171610963e-23, 1.34377232945e-23, 2.76512155587e-23, 4.99079572783e-23, 6.03439464993e-23, 3.47262376495e-23, 3.13105172615e-23, 1.21735689607e-22, 1.04281858089e-22, 8.82890474551e-23, 1.44577112942e-22, 1.0498298504e-22, 1.42149402972e-22, 2.24456524494e-22, 1.94427013213e-22, 2.417230615e-22, 4.7143145587e-22, 4.97025738706e-22, 7.07898835719e-22, 7.79428552175e-22, 1.17958984576e-21, 1.53946208178e-21, 2.2233532422e-21],
        "var": [5.06564639124e-08, 7.41423605177e-07, 1.34792280733e-05, 3.97050598622e-06, 0.000128139698063, 1.55598372658e-05, 6.32514911558e-06, 2.95522340821e-06, 4.03654894399e-06, 5.19969626112e-06, 5.4643810472e-06, 2.8835354442e-06, 1.27612645429e-06, 2.41714792537e-06, 4.04340880777e-07, 8.99193992154e-07, 2.98520291153e-07, 9.22770055922e-08, 3.91482399209e-06, 8.1366344773e-08, 1.41969763945e-07, 7.08524083848e-09, 7.9488876592e-10, 1.30499194784e-10, 5.75888892129e-09, 9.33113675217e-09, 1.17807297251e-09]
    },
    "erbbands": {
        "dmean": [0.00637598102912, 0.109962537885, 1.14270627499, 1.7270154953, 6.25644683838, 16.2387180328, 11.883348465, 9.82278156281, 7.08254909515, 6.77857446671, 8.48229408264, 6.54173135757, 5.92590713501, 13.2785549164, 12.6718215942, 7.05890274048, 8.54366588593, 7.91322803497, 7.05506753922, 7.48959732056, 7.40259408951, 5.66158390045, 3.08461427689, 9.583527565, 2.59174752235, 2.51427769661, 2.52225399017, 0.623051822186, 0.579715192318, 0.308703094721, 0.0853959545493, 0.0312729291618, 0.040417380631, 0.0565052628517, 0.116586200893, 0.0671411156654, 0.0266628786922, 0.00485435174778, 0.000878139806446, 5.80823252676e-05],
        "dmean2": [0.0108874421567, 0.171797901392, 1.77076303959, 2.91839528084, 9.57106590271, 26.1068572998, 20.015296936, 16.7911319733, 11.2196807861, 10.3886260986, 11.983549118, 8.44580841064, 8.67561435699, 19.7264328003, 17.1442127228, 9.28512477875, 12.9810400009, 12.7000017166, 10.8446073532, 12.1654815674, 11.7714118958, 8.98092842102, 4.65714550018, 15.9324398041, 4.03349113464, 3.9249484539, 4.15304803848, 0.952659606934, 0.873484432697, 0.484784990549, 0.126787930727, 0.0476447381079, 0.0646156817675, 0.0909229591489, 0.192616581917, 0.110726952553, 0.0444277897477, 0.00801032129675, 0.00147214333992, 9.7529431514e-05],
        "dvar": [0.000227047217777, 0.0605381950736, 7.58656167984, 13.5266056061, 223.774612427, 1312.09655762, 398.184967041, 415.023223877, 489.129974365, 242.466094971, 388.771270752, 253.504180908, 293.732055664, 2218.45507812, 2082.46386719, 404.667053223, 2093.51123047, 5866.50244141, 1080.48120117, 2471.77978516, 1078.70385742, 729.557800293, 192.052459717, 23489.3632812, 244.037796021, 153.870941162, 851.448303223, 11.3408384323, 8.9866027832, 4.77723169327, 0.272674262524, 0.0405177734792, 0.0629689022899, 0.127317860723, 0.707324981689, 0.297666043043, 0.0431618206203, 0.00152679125313, 4.85251221107e-05, 1.85843063605e-07],
        "dvar2": [0.00065144628752, 0.145302012563, 18.1329193115, 38.4102478027, 489.55355835, 3158.82568359, 1113.41784668, 1223.1628418, 1219.02978516, 494.899414062, 745.340576172, 412.866210938, 551.39276123, 5014.97265625, 3874.7175293, 701.401733398, 4886.55029297, 15807.3125, 2738.8125, 7005.04541016, 2769.04199219, 1778.74597168, 456.892211914, 59280.0390625, 566.764953613, 363.28894043, 2323.59399414, 29.1879234314, 20.5203456879, 12.1577587128, 0.588482201099, 0.0842017605901, 0.148213475943, 0.298702985048, 1.67067420483, 0.762289822102, 0.106696769595, 0.00370459421538, 0.000121100303659, 4.68122607344e-07],
        "max": [0.523778378963, 6.19560718536, 58.9629249573, 63.4290161133, 470.556121826, 842.718505859, 353.41015625, 425.69342041, 768.796813965, 413.883514404, 589.07409668, 560.522460938, 653.811584473, 1444.6138916, 1741.99584961, 1225.27392578, 2176.66796875, 4515.91113281, 1590.84509277, 2251.31323242, 847.798217773, 1092.50732422, 525.048950195, 8504.78808594, 769.403259277, 447.379089355, 1461.75842285, 120.585472107, 89.021446228, 107.877838135, 24.0619010925, 11.4384002686, 7.19745492935, 14.2031335831, 26.3021316528, 19.9545555115, 5.46564006805, 1.68510603905, 0.225367888808, 0.0141610493883],
        "mean": [0.00733674364164, 0.151575520635, 1.72647511959, 3.58633995056, 12.7461662292, 30.998380661, 28.662979126, 25.0331993103, 19.5138721466, 19.8666152954, 25.7976665497, 22.3646850586, 18.5718345642, 37.0342750549, 31.2030334473, 18.0893630981, 13.5169801712, 11.7559576035, 13.5179672241, 10.9656791687, 10.8939266205, 8.30745315552, 4.96394300461, 10.3584222794, 3.90611028671, 3.22186040878, 2.69277310371, 0.790282607079, 0.695779561996, 0.316294521093, 0.0929052233696, 0.0316565036774, 0.0361777171493, 0.0490081906319, 0.0956120118499, 0.0528620816767, 0.0207077730447, 0.00381814385764, 0.000678576296195, 6.40867365291e-05],
        "median": [0.00319061195478, 0.050893753767, 0.558130085468, 2.09133172035, 6.16183185577, 14.584274292, 16.3540840149, 10.4964971542, 7.15769672394, 8.80844783783, 10.658364296, 8.57889652252, 6.13081455231, 6.58893537521, 7.36201334, 4.66398954391, 2.8817293644, 2.13880634308, 2.21820831299, 1.98796916008, 1.74900615215, 1.30589270592, 0.853574812412, 0.851213872433, 0.503160238266, 0.297614216805, 0.153174206614, 0.0595588237047, 0.0372497700155, 0.0104823168367, 0.00242640031502, 0.000637893215753, 0.000472272979096, 0.000524359755218, 0.000542817229871, 0.000269669602858, 0.000102678728581, 2.49271924986e-05, 1.42233684528e-05, 1.91554354387e-05],
        "min": [1.58659754323e-21, 2.74095787544e-21, 9.55914795908e-21, 5.35295651623e-20, 1.21110602486e-19, 9.48241984868e-20, 5.648917862e-20, 9.63431799725e-20, 3.33613004583e-19, 8.76346470404e-19, 1.35707530469e-18, 1.23155560982e-18, 1.52217248994e-18, 1.35960420262e-18, 2.76962878588e-18, 3.92735345955e-18, 3.80705368793e-18, 4.99743607257e-18, 7.47846464466e-18, 4.97836459636e-18, 6.70751122065e-18, 7.5755657224e-18, 1.22277072424e-17, 1.00860514369e-17, 9.60027307854e-18, 1.13549390519e-17, 1.72714765962e-17, 1.96557287589e-17, 1.7420893539e-17, 2.06378154848e-17, 2.10285706431e-17, 1.79097556266e-17, 1.1347419153e-17, 1.23672459943e-17, 8.70955176005e-18, 4.49268880843e-18, 3.14516878398e-18, 1.23914364777e-18, 3.0096870945e-19, 3.07742401013e-20],
        "var": [0.000201768707484, 0.0958041772246, 13.3484344482, 20.5192241669, 455.388214111, 2612.46557617, 1225.81274414, 1441.4119873, 1498.69165039, 1187.79943848, 1677.19348145, 1620.77600098, 1507.7623291, 7492.17333984, 6783.94287109, 1679.87084961, 2588.97192383, 4683.765625, 1715.43823242, 1979.57739258, 1258.55603027, 928.765930176, 278.036956787, 20863.0097656, 310.743804932, 188.120315552, 643.557067871, 12.2120094299, 10.9869756699, 4.30112981796, 0.328074902296, 0.0506689213216, 0.062929302454, 0.120787210763, 0.63833117485, 0.230648368597, 0.0354047715664, 0.00127610086929, 3.84631057386e-05, 1.47049988186e-07]
    },
    "gfcc": {
        "mean": [-105.483566284, 178.549804688, -121.881828308, -2.06210684776, -36.5877799988, -32.0075569153, -25.8676300049, -12.9885101318, -31.3444080353, -5.57288455963, -21.4667739868, -3.8713824749, -6.75721645355],
        "cov": [[7771.12402344, -2679.58276367, -871.267578125, 310.944488525, -466.980194092, 598.558837891, -151.608184814, 299.448577881, -349.680908203, 175.067703247, -331.386230469, 225.724777222, -175.432312012], [-2679.58276367, 1858.29821777, 30.9821147919, -329.402191162, 172.411834717, -427.710235596, 168.443695068, -240.16053772, 192.731399536, -194.004104614, 169.856262207, -145.846481323, 128.514862061], [-871.267578125, 30.9821147919, 838.800537109, 92.240562439, 93.7420425415, 70.0336608887, -49.4816703796, 64.700553894, -16.5333328247, 86.7411880493, -3.33912444115, -25.5992870331, -97.9781799316], [310.944488525, -329.402191162, 92.240562439, 356.723144531, 43.9565315247, 113.270462036, 0.403868347406, 44.7873420715, 0.861281335354, 50.9461860657, -12.5402393341, 12.662563324, -40.4124107361], [-466.980194092, 172.411834717, 93.7420425415, 43.9565315247, 187.520904541, 7.91792869568, 10.0468187332, -10.0154600143, 24.8208999634, 10.1258544922, 22.578956604, -22.9369316101, -3.65396308899], [598.558837891, -427.710235596, 70.0336608887, 113.270462036, 7.91792869568, 235.496902466, 1.38337254524, 80.7641830444, -46.375453949, 59.9309539795, -36.7712097168, 33.1495552063, -50.9895935059], [-151.608184814, 168.443695068, -49.4816703796, 0.403868347406, 10.0468187332, 1.38337254524, 124.536399841, 7.40685129166, 10.6971855164, -27.4568443298, 22.736743927, -1.21133816242, 17.8403835297], [299.448577881, -240.16053772, 64.700553894, 44.7873420715, -10.0154600143, 80.7641830444, 7.40685129166, 135.905700684, -9.79495334625, 30.1305656433, -24.5210342407, 30.5021209717, -16.4734916687], [-349.680908203, 192.731399536, -16.5333328247, 0.861281335354, 24.8208999634, -46.375453949, 10.6971855164, -9.79495334625, 102.30947113, -6.63347530365, 7.33606100082, -14.3310718536, 25.3263454437], [175.067703247, -194.004104614, 86.7411880493, 50.9461860657, 10.1258544922, 59.9309539795, -27.4568443298, 30.1305656433, -6.63347530365, 98.1383895874, -2.38641810417, 5.67288923264, -23.5536460876], [-331.386230469, 169.856262207, -3.33912444115, -12.5402393341, 22.578956604, -36.7712097168, 22.736743927, -24.5210342407, 7.33606100082, -2.38641810417, 90.1932678223, 9.96588039398, 9.14628791809], [225.724777222, -145.846481323, -25.5992870331, 12.662563324, -22.9369316101, 33.1495552063, -1.21133816242, 30.5021209717, -14.3310718536, 5.67288923264, 9.96588039398, 95.1653289795, 26.5348739624], [-175.432312012, 128.514862061, -97.9781799316, -40.4124107361, -3.65396308899, -50.9895935059, 17.8403835297, -16.4734916687, 25.3263454437, -23.5536460876, 9.14628791809, 26.5348739624, 106.71421814]],
        "icov": [[0.000393897062168, 0.000202981187613, 0.000502132985275, -0.00010033671424, 0.000376535026589, -0.000200930342544, 4.16432849306e-05, -0.0001647957979, 0.0005827107816, -0.000340836530086, 0.000770407961681, -0.000379830074962, 0.00052550341934], [0.000202981187613, 0.00390631519258, -0.00107026542537, 0.00201614690013, -0.00182032072917, 0.00241254107095, -0.00367891346104, 0.00259963632561, -0.00353447161615, 0.00335615477525, -0.00309007824399, 0.00274985190481, -0.00132234755438], [0.000502132985275, -0.00107026542537, 0.00266346568242, -0.00092880835291, 0.000431747699622, -0.000860060390551, 0.00172558892518, -0.0018249291461, 0.00224470417015, -0.00252430140972, 0.00210650195368, -0.0013564596884, 0.00230856775306], [-0.00010033671424, 0.00201614690013, -0.00092880835291, 0.00470971502364, -0.00183446425945, 5.84031768085e-05, -0.00224495562725, 0.00148428231478, -0.00303387781605, 0.00123022031039, -0.00192403781693, 0.00122280279174, -0.000240249093622], [0.000376535026589, -0.00182032072917, 0.000431747699622, -0.00183446425945, 0.00799443759024, -0.00254428270273, 0.0018328751903, -0.0009514898411, 0.00115271494724, -0.00198085536249, 0.000636242039036, -5.84808294661e-05, 0.000366862077499], [-0.000200930342544, 0.00241254107095, -0.000860060390551, 5.84031768085e-05, -0.00254428270273, 0.0102153969929, -0.00415996694937, -0.000412276218412, -0.000236161009525, -0.000789228943177, 0.00035132013727, -0.000578307022806, 0.00141804816667], [4.16432849306e-05, -0.00367891346104, 0.00172558892518, -0.00224495562725, 0.0018328751903, -0.00415996694937, 0.0136856622994, -0.00441663200036, 0.00309120537713, 6.23111409368e-05, -0.000100470489997, -0.000985442195088, -0.000127815321321], [-0.0001647957979, 0.00259963632561, -0.0018249291461, 0.00148428231478, -0.0009514898411, -0.000412276218412, -0.00441663200036, 0.0126878973097, -0.00395182380453, 0.00113759317901, -0.00020754893194, -0.000997962080874, -0.000592737458646], [0.0005827107816, -0.00353447161615, 0.00224470417015, -0.00303387781605, 0.00115271494724, -0.000236161009525, 0.00309120537713, -0.00395182380453, 0.0168386753649, -0.00501074828207, 0.0049288389273, -0.00176239956636, -0.000160178315127], [-0.000340836530086, 0.00335615477525, -0.00252430140972, 0.00123022031039, -0.00198085536249, -0.000789228943177, 6.23111409368e-05, 0.00113759317901, -0.00501074828207, 0.0181894041598, -0.0063729705289, 0.00391722237691, -0.00195751781575], [0.000770407961681, -0.00309007824399, 0.00210650195368, -0.00192403781693, 0.000636242039036, 0.00035132013727, -0.000100470489997, -0.00020754893194, 0.0049288389273, -0.0063729705289, 0.0193696822971, -0.00767698790878, 0.00404008571059], [-0.000379830074962, 0.00274985190481, -0.0013564596884, 0.00122280279174, -5.84808294661e-05, -0.000578307022806, -0.000985442195088, -0.000997962080874, -0.00176239956636, 0.00391722237691, -0.00767698790878, 0.0179918780923, -0.00751891545951], [0.00052550341934, -0.00132234755438, 0.00230856775306, -0.000240249093622, 0.000366862077499, 0.00141804816667, -0.000127815321321, -0.000592737458646, -0.000160178315127, -0.00195751781575, 0.00404008571059, -0.00751891545951, 0.0156050957739]]
    },
    "melbands": {
        "dmean": [7.20806638128e-05, 0.000435879832366, 0.000335654913215, 0.000901521707419, 0.000453752407338, 0.000216962973354, 0.00010487446707, 7.61152623454e-05, 6.3383988163e-05, 4.11384389736e-05, 3.06480724248e-05, 5.5222750234e-05, 4.7274021199e-05, 3.38322824973e-05, 1.27945822896e-05, 1.99768292077e-05, 1.53576220328e-05, 1.25446977108e-05, 7.40850464354e-06, 1.30289299705e-05, 8.16140891402e-06, 6.2491517383e-06, 4.32836895925e-06, 2.64774939751e-06, 9.42464976106e-06, 2.05609444492e-06, 1.73213834387e-06, 1.68640542597e-06, 1.88367607734e-06, 7.18893829799e-07, 2.74590405525e-07, 3.83062143783e-07, 2.3165043217e-07, 1.45751897662e-07, 5.53060033326e-08, 2.15919495616e-08, 1.84099846479e-08, 2.40821744768e-08, 3.95009642773e-08, 4.78804267345e-08],
        "dmean2": [0.000117577968922, 0.000678683223668, 0.000551771663595, 0.00139798782766, 0.000764998258092, 0.000368211098248, 0.000163829230587, 0.000116121467727, 8.80498482729e-05, 5.38580970897e-05, 4.49880499218e-05, 8.23313093861e-05, 6.58130666125e-05, 4.34679022874e-05, 1.89978891285e-05, 3.07980080834e-05, 2.53018879448e-05, 1.96165783564e-05, 1.1660787095e-05, 2.15480431507e-05, 1.30734488266e-05, 9.9817143564e-06, 6.79230606693e-06, 4.21380173066e-06, 1.57695321832e-05, 3.19898322232e-06, 2.67855489255e-06, 2.66263896265e-06, 3.12841348205e-06, 1.19214189453e-06, 4.12488759594e-07, 5.86377836953e-07, 3.56222244591e-07, 2.33650638393e-07, 8.35043394432e-08, 3.28301794639e-08, 2.87682695443e-08, 3.86694836152e-08, 6.53830625197e-08, 7.75880693027e-08],
        "dvar": [2.4323410841e-08, 1.07775258584e-06, 4.56899897472e-07, 4.56616407973e-06, 5.41534575405e-07, 1.82302002827e-07, 9.97222215915e-08, 2.40965629672e-08, 2.03273593513e-08, 1.12662625895e-08, 7.85189779862e-09, 4.1709405707e-08, 4.27246220625e-08, 1.22773720079e-08, 1.93639837498e-09, 1.76770065252e-08, 3.14207042607e-08, 5.60494450852e-09, 1.38091182933e-09, 9.87876180858e-09, 1.28000177124e-09, 1.0894242175e-09, 3.84575898904e-10, 2.30317168115e-10, 2.5176341012e-08, 1.92085861106e-10, 6.58306742451e-11, 7.99380908689e-11, 4.25341650789e-10, 5.0998233414e-11, 1.41481130197e-12, 4.39861948948e-12, 1.57053244108e-12, 1.3133759488e-12, 1.29703864836e-13, 3.03553636762e-14, 1.30702206667e-14, 2.35513479107e-14, 8.26011283569e-14, 9.1007198522e-14],
        "dvar2": [6.5576898578e-08, 2.58445561485e-06, 1.19682329114e-06, 1.01184350569e-05, 1.49540517214e-06, 5.37561163583e-07, 2.44585351084e-07, 5.09296071982e-08, 3.79990900967e-08, 1.8418711889e-08, 1.48930290322e-08, 9.51227434598e-08, 8.16134715365e-08, 2.06024548532e-08, 4.38098446409e-09, 4.15844461088e-08, 8.56789839077e-08, 1.48866714511e-08, 3.80646980602e-09, 2.79875091991e-08, 3.29885252448e-09, 2.63855226557e-09, 1.02547803582e-09, 5.72485781003e-10, 6.37814210336e-08, 4.75381400911e-10, 1.56176765964e-10, 1.92828905621e-10, 1.14246812011e-09, 1.43584505397e-10, 3.18839355959e-12, 1.03970694901e-11, 3.74816020235e-12, 3.32887753821e-12, 2.90110979944e-13, 5.70650094561e-14, 3.03379114094e-14, 5.63932411781e-14, 2.00392016891e-13, 2.20517384192e-13],
        "max": [0.00475714867935, 0.0224006213248, 0.0164786744863, 0.0622002147138, 0.0129630714655, 0.00889189168811, 0.0111726503819, 0.0038968003355, 0.00422317907214, 0.00369218876585, 0.0033051953651, 0.00642895745113, 0.00793649069965, 0.00770138343796, 0.00155625713523, 0.00713352486491, 0.0106166610494, 0.00407492695376, 0.00258654169738, 0.00387519295327, 0.00110089487862, 0.00153111072723, 0.000766531506088, 0.00070473679807, 0.00885949656367, 0.000796050240751, 0.000378715718398, 0.000331189337885, 0.000984507496469, 0.000356558855856, 3.50401023752e-05, 6.67458298267e-05, 3.73961556761e-05, 5.81682397751e-05, 1.86704783118e-05, 1.21799012049e-05, 4.7142098083e-06, 5.53473273612e-06, 1.06260304165e-05, 1.06054303615e-05],
        "mean": [9.34526397032e-05, 0.00065071566496, 0.000776084372774, 0.00171341653913, 0.00107753602788, 0.000564045039937, 0.000293657387374, 0.00022450031247, 0.000202304974664, 0.000134898305987, 9.35438438319e-05, 0.000154664201546, 0.000105657942186, 8.2650272816e-05, 2.36256109929e-05, 2.93652665277e-05, 2.08512974496e-05, 2.18470431719e-05, 1.36220724016e-05, 1.62374108186e-05, 1.16793235065e-05, 8.69348059496e-06, 6.13356041868e-06, 3.80042297365e-06, 9.7134607131e-06, 2.93369316751e-06, 2.39641713051e-06, 1.9961983071e-06, 1.96019300347e-06, 7.92026185081e-07, 3.48859828136e-07, 4.50023151188e-07, 2.53431295505e-07, 1.40312181429e-07, 5.87500181837e-08, 2.29152075093e-08, 1.74053376156e-08, 2.13285673567e-08, 3.39241346126e-08, 4.08452613954e-08],
        "median": [3.98506708734e-05, 0.000211233651498, 0.000440712348791, 0.00081945466809, 0.000689148961101, 0.00026448405697, 0.000112751738925, 0.000105234437797, 8.88591748662e-05, 4.56364614365e-05, 2.81980064756e-05, 2.37569274759e-05, 1.96060882445e-05, 1.45373032865e-05, 5.36074821866e-06, 5.01253271068e-06, 3.34099627253e-06, 3.21328457176e-06, 2.75736260846e-06, 2.00962381314e-06, 1.6981191493e-06, 1.2553881561e-06, 8.98362316093e-07, 5.9462382751e-07, 6.48307889151e-07, 3.74785827262e-07, 2.82654411876e-07, 1.46067108631e-07, 1.01252886964e-07, 4.60132376645e-08, 2.50878340324e-08, 2.16200639613e-08, 1.00059072139e-08, 3.046304764e-09, 1.3331689086e-09, 4.29964397419e-10, 2.76457218229e-10, 2.77823236638e-10, 3.47482348451e-10, 4.19182633049e-10],
        "min": [1.19331210014e-23, 9.22845932301e-24, 1.17893227024e-23, 7.32688644515e-24, 2.33388896709e-24, 2.54691237429e-24, 6.95621648301e-24, 1.01516592961e-23, 1.05493556328e-23, 7.60574009768e-24, 7.1629942812e-24, 5.27824820088e-24, 7.11354611308e-24, 1.17342602112e-23, 9.8134004731e-24, 1.04150347088e-23, 8.59209943027e-24, 1.21726302163e-23, 1.13250622825e-23, 5.11434025972e-24, 6.59902342057e-24, 5.43586813177e-24, 1.16567806597e-23, 1.1038750739e-23, 7.55570659476e-24, 8.82443316635e-24, 4.81908540011e-24, 7.96674414715e-24, 9.94896306421e-24, 1.29076261212e-23, 1.15803140056e-23, 1.03525435145e-23, 9.6199544242e-24, 1.09528216983e-23, 1.20571772673e-23, 1.01163483042e-23, 1.07450341581e-23, 7.25194465916e-24, 9.5700597608e-24, 9.32507190694e-24],
        "var": [2.75612475065e-08, 1.8699785187e-06, 9.60094553193e-07, 8.87343776412e-06, 1.47780872339e-06, 6.44675594685e-07, 3.26365466208e-07, 1.20198436093e-07, 9.72378728648e-08, 7.03795706158e-08, 3.96100539035e-08, 1.41543196719e-07, 1.24847318261e-07, 5.14537745744e-08, 3.89584009497e-09, 1.94662419517e-08, 2.37697577177e-08, 6.34281072109e-09, 1.44953526959e-09, 7.48880601975e-09, 1.50168477653e-09, 1.36345679191e-09, 4.07791467261e-10, 2.69816030629e-10, 2.20312745824e-08, 2.11102094139e-10, 8.18138543024e-11, 8.96155163965e-11, 3.36346950291e-10, 3.66679325792e-11, 2.01006377341e-12, 5.06747638643e-12, 1.71649424275e-12, 1.13680939662e-12, 1.43591464673e-13, 4.07277530657e-14, 1.40119823906e-14, 2.31906541767e-14, 7.33475780113e-14, 8.18949468244e-14]
    },
    "mfcc": {
        "mean": [-749.484436035, 210.882537842, -18.1675128937, 27.6512699127, -4.00507736206, -8.87915420532, -2.57079315186, -9.77873897552, -4.92944812775, -11.1408700943, -7.44925928116, -11.1295137405, -3.32696938515],
        "cov": [[6345.87402344, -1275.12414551, -1514.78088379, 297.878448486, -664.632507324, 268.858795166, 75.2040786743, 49.4179496765, 244.289306641, -179.473052979, 83.621635437, -182.910369873, 92.8994140625], [-1275.12414551, 988.05267334, 166.785522461, -182.161437988, 34.9010810852, -181.961380005, -51.5202980042, -34.9389953613, -73.5616607666, 8.37712001801, -62.7632980347, 13.9795131683, -38.6322402954], [-1514.78088379, 166.785522461, 833.934326172, -30.4657783508, 230.464477539, -4.92886304855, 5.89542722702, 12.2479057312, -76.5423736572, 65.954750061, 44.2423934937, 69.7525024414, -15.2831420898], [297.878448486, -182.161437988, -30.4657783508, 264.88885498, 15.5648097992, 68.5868835449, 31.6379318237, 6.60587692261, 37.932975769, -1.36344981194, 27.9248542786, 6.14154624939, 15.730758667], [-664.632507324, 34.9010810852, 230.464477539, 15.5648097992, 250.725799561, 30.6890869141, -1.05725824833, -4.45456218719, -28.8543872833, 49.2292518616, 9.88264751434, 36.5547714233, -3.22551989555], [268.858795166, -181.961380005, -4.92886304855, 68.5868835449, 30.6890869141, 165.578964233, 48.5997924805, 4.12874269485, 22.4433803558, 7.40230464935, 40.0221443176, 4.14188337326, 11.6714067459], [75.2040786743, -51.5202980042, 5.89542722702, 31.6379318237, -1.05725824833, 48.5997924805, 127.141799927, 38.2856559753, -4.86089754105, 8.62884140015, 15.9816551208, 16.1639099121, 5.86556386948], [49.4179496765, -34.9389953613, 12.2479057312, 6.60587692261, -4.45456218719, 4.12874269485, 38.2856559753, 111.722846985, 27.7354698181, -9.06002235413, 10.6167001724, 5.36005020142, 15.3230104446], [244.289306641, -73.5616607666, -76.5423736572, 37.932975769, -28.8543872833, 22.4433803558, -4.86089754105, 27.7354698181, 117.428161621, 12.7020998001, -19.6594543457, 1.06683909893, 14.4140472412], [-179.473052979, 8.37712001801, 65.954750061, -1.36344981194, 49.2292518616, 7.40230464935, 8.62884140015, -9.06002235413, 12.7020998001, 106.156219482, 16.6425094604, -14.7116203308, -0.535543859005], [83.621635437, -62.7632980347, 44.2423934937, 27.9248542786, 9.88264751434, 40.0221443176, 15.9816551208, 10.6167001724, -19.6594543457, 16.6425094604, 107.693809509, 9.23952102661, -20.0528411865], [-182.910369873, 13.9795131683, 69.7525024414, 6.14154624939, 36.5547714233, 4.14188337326, 16.1639099121, 5.36005020142, 1.06683909893, -14.7116203308, 9.23952102661, 105.373085022, 14.3505954742], [92.8994140625, -38.6322402954, -15.2831420898, 15.730758667, -3.22551989555, 11.6714067459, 5.86556386948, 15.3230104446, 14.4140472412, -0.535543859005, -20.0528411865, 14.3505954742, 83.7524642944]],
