{
"lowlevel": {
    "average_loudness": 0.631892442703,
    "barkbands_crest": {
        "dmean": 2.25063967705,
        "dmean2": 3.52077364922,
        "dvar": 4.53954219818,
        "dvar2": 12.1073303223,
        "max": 26.8937358856,
        "mean": 13.7748394012,
        "median": 12.8719339371,
        "min": 4.59574985504,
        "var": 21.9980506897
    },
    "barkbands_flatness_db": {
        "dmean": 0.0324629917741,
        "dmean2": 0.0513550527394,
        "dvar": 0.00169909920078,
        "dvar2": 0.00407951092348,
        "max": 0.649313271046,
        "mean": 0.38687261939,
        "median": 0.388941079378,
        "min": 0.0674004480243,
        "var": 0.00553801190108
    },
    "barkbands_kurtosis": {
        "dmean": 7.24900484085,
        "dmean2": 11.6633434296,
        "dvar": 280.589385986,
        "dvar2": 674.470581055,
        "max": 676.215087891,
        "mean": 13.3162126541,
        "median": 5.19254016876,
        "min": -1.82694852352,
        "var": 570.464477539
    },
    "barkbands_skewness": {
        "dmean": 0.708801746368,
        "dmean2": 1.07318627834,
        "dvar": 0.693200409412,
        "dvar2": 1.69432628155,
        "max": 23.140329361,
        "mean": 2.23360943794,
        "median": 1.82635712624,
        "min": -3.71075892448,
        "var": 4.09765434265
    },
    "barkbands_spread": {
        "dmean": 1.76920068264,
        "dmean2": 2.68003416061,
        "dvar": 5.0063328743,
        "dvar2": 11.6986627579,
        "max": 42.7155151367,
        "mean": 6.50377035141,
        "median": 4.66670322418,
        "min": 0.182668745518,
        "var": 30.9246692657
    },
    "dissonance": {
        "dmean": 0.0487074069679,
        "dmean2": 0.0820326879621,
        "dvar": 0.00224708067253,
        "dvar2": 0.0061723170802,
        "max": 0.500000119209,
        "mean": 0.353488683701,
        "median": 0.364139795303,
        "min": 0.0630840137601,
        "var": 0.00762486970052
    },
    "dynamic_complexity": 3.74606466293,
    "erbbands_crest": {
        "dmean": 3.0551431179,
        "dmean2": 4.77647781372,
        "dvar": 7.7317032814,
        "dvar2": 19.4146747589,
        "max": 33.8901672363,
        "mean": 15.7696371078,
        "median": 14.8587341309,
        "min": 3.24132466316,
        "var": 29.9303665161
    },
    "erbbands_flatness_db": {
        "dmean": 0.022148065269,
        "dmean2": 0.0330539643764,
        "dvar": 0.000693647132721,
        "dvar2": 0.00159809493925,
        "max": 0.599258720875,
        "mean": 0.367355316877,
        "median": 0.36922159791,
        "min": 0.0898892730474,
        "var": 0.00447023613378
    },
    "erbbands_kurtosis": {
        "dmean": 4.30051422119,
        "dmean2": 7.04513311386,
        "dvar": 60.6087265015,
        "dvar2": 163.77015686,
        "max": 114.866241455,
        "mean": 7.01179170609,
        "median": 2.29735994339,
        "min": -1.86902713776,
        "var": 141.93371582
    },
    "erbbands_skewness": {
        "dmean": 0.611013293266,
        "dmean2": 0.926726043224,
        "dvar": 0.380320340395,
        "dvar2": 0.958120107651,
        "max": 9.38798713684,
        "mean": 1.3457274437,
        "median": 0.932112455368,
        "min": -3.775131464,
        "var": 2.8171620369
    },
    "erbbands_spread": {
        "dmean": 4.00899124146,
        "dmean2": 6.16888093948,
        "dvar": 22.9119930267,
        "dvar2": 56.0997276306,
        "max": 83.337928772,
        "mean": 16.1861934662,
        "median": 10.5179300308,
        "min": 0.59925287962,
        "var": 201.406509399
    },
    "hfc": {
        "dmean": 3.6412127018,
        "dmean2": 5.06346654892,
        "dvar": 21.5694847107,
        "dvar2": 45.6902618408,
        "max": 88.4787979126,
        "mean": 13.434876442,
        "median": 10.0952911377,
        "min": 1.1748159043e-16,
        "var": 139.119140625
    },
    "melbands_crest": {
        "dmean": 2.55990004539,
        "dmean2": 3.95227050781,
        "dvar": 6.47236776352,
        "dvar2": 16.5502796173,
        "max": 35.6352424622,
        "mean": 17.056470871,
        "median": 15.7423706055,
        "min": 2.21484303474,
        "var": 39.2581176758
    },
    "melbands_flatness_db": {
        "dmean": 0.0274366717786,
        "dmean2": 0.0430870763958,
        "dvar": 0.00113213714212,
        "dvar2": 0.00275685149245,
        "max": 0.672501385212,
        "mean": 0.421204596758,
        "median": 0.419828116894,
        "min": 0.00440344493836,
        "var": 0.00512701645494
    },
    "melbands_kurtosis": {
        "dmean": 9.58580493927,
        "dmean2": 15.40558815,
        "dvar": 420.425567627,
        "dvar2": 1077.64208984,
        "max": 471.180755615,
        "mean": 19.9509754181,
        "median": 7.86423397064,
        "min": -1.84720051289,
        "var": 1171.44250488
    },
    "melbands_skewness": {
        "dmean": 0.731292784214,
        "dmean2": 1.1068226099,
        "dvar": 0.784093022346,
        "dvar2": 1.99567055702,
        "max": 19.0087337494,
        "mean": 2.5562505722,
        "median": 1.99242782593,
        "min": -2.57079553604,
        "var": 5.44655418396
    },
    "melbands_spread": {
        "dmean": 2.40951919556,
        "dmean2": 3.56181049347,
        "dvar": 11.9227819443,
        "dvar2": 23.7413597107,
        "max": 147.859573364,
        "mean": 8.96700668335,
        "median": 7.09283828735,
        "min": 0.320949614048,
        "var": 62.3970069885
    },
    "pitch_salience": {
        "dmean": 0.0637897104025,
        "dmean2": 0.0995865166187,
        "dvar": 0.0044183335267,
        "dvar2": 0.0117829125375,
        "max": 0.975308835506,
        "mean": 0.476399034262,
        "median": 0.470427840948,
        "min": 0.0394342653453,
        "var": 0.0201962143183
    },
    "silence_rate_20dB": {
        "dmean": 0,
        "dmean2": 0,
        "dvar": 0,
        "dvar2": 0,
        "max": 1,
        "mean": 1,
        "median": 1,
        "min": 1,
        "var": 0
    },
    "silence_rate_30dB": {
        "dmean": 0.000862515065819,
        "dmean2": 0.00172517902683,
        "dvar": 0.000861853244714,
        "dvar2": 0.00224008108489,
        "max": 1,
        "mean": 0.999137580395,
        "median": 1,
        "min": 0,
        "var": 0.00086177821504
    },
    "silence_rate_60dB": {
        "dmean": 0.0282904952765,
        "dmean2": 0.0565858706832,
        "dvar": 0.0274840462953,
        "dvar2": 0.0599399544299,
        "max": 1,
        "mean": 0.0990944355726,
        "median": 0,
        "min": 0,
        "var": 0.0892820134759
    },
    "spectral_centroid": {
        "dmean": 113.797805786,
        "dmean2": 174.620193481,
        "dvar": 30288.2480469,
        "dvar2": 62772.9296875,
        "max": 10878.5917969,
        "mean": 739.103149414,
        "median": 659.056762695,
        "min": 224.969848633,
        "var": 112219.9375
    },
    "spectral_complexity": {
        "dmean": 1.06900119781,
        "dmean2": 1.81531953812,
        "dvar": 1.33975088596,
        "dvar2": 3.12607479095,
        "max": 17,
        "mean": 6.97723150253,
        "median": 7,
        "min": 0,
        "var": 7.78869390488
    },
    "spectral_decrease": {
        "dmean": 1.32539268449e-09,
        "dmean2": 1.85507220696e-09,
        "dvar": 2.86486829366e-18,
        "dvar2": 6.63976099258e-18,
        "max": 1.48236525731e-29,
        "mean": -5.55635093491e-09,
        "median": -4.42218839325e-09,
        "min": -2.99060971543e-08,
        "var": 2.08249005783e-17
    },
    "spectral_energy": {
        "dmean": 0.00530533399433,
        "dmean2": 0.00742148794234,
        "dvar": 4.55738445453e-05,
        "dvar2": 0.000104919308797,
        "max": 0.119952358305,
        "mean": 0.0221894979477,
        "median": 0.0176423992962,
        "min": 1.05999649285e-20,
        "var": 0.000331777322572
    },
    "spectral_energyband_high": {
        "dmean": 2.24156901822e-05,
        "dmean2": 3.75792187697e-05,
        "dvar": 1.41288203359e-09,
        "dvar2": 3.7859333446e-09,
        "max": 0.000615436583757,
        "mean": 4.22509947384e-05,
        "median": 2.12088325497e-05,
        "min": 7.87064049211e-21,
        "var": 3.36297278913e-09
    },
    "spectral_energyband_low": {
        "dmean": 9.564631182e-05,
        "dmean2": 0.000153036700794,
        "dvar": 2.20393118866e-07,
        "dvar2": 5.63127628084e-07,
        "max": 0.0212492272258,
        "mean": 0.000195027503651,
        "median": 3.62549315014e-07,
        "min": 6.0795850202e-23,
        "var": 6.41791643829e-07
    },
    "spectral_energyband_middle_high": {
        "dmean": 0.00183258601464,
        "dmean2": 0.00241364352405,
        "dvar": 1.09001248347e-05,
        "dvar2": 2.01859475055e-05,
        "max": 0.0659110918641,
        "mean": 0.00434043304995,
        "median": 0.0013981515076,
        "min": 1.63204804828e-21,
        "var": 4.96156608278e-05
    },
    "spectral_energyband_middle_low": {
        "dmean": 0.00451436918229,
        "dmean2": 0.00629786262289,
        "dvar": 3.49418151018e-05,
        "dvar2": 8.44895621412e-05,
        "max": 0.114699050784,
        "mean": 0.0180892981589,
        "median": 0.0146283926442,
        "min": 2.1835096828e-22,
        "var": 0.000221312177018
    },
    "spectral_entropy": {
        "dmean": 0.221614405513,
        "dmean2": 0.358667582273,
        "dvar": 0.117960847914,
        "dvar2": 0.301515758038,
        "max": 9.80584335327,
        "mean": 5.30353736877,
        "median": 5.31315422058,
        "min": 3.48422694206,
        "var": 0.29248380661
    },
    "spectral_flux": {
        "dmean": 0.0171544309705,
        "dmean2": 0.0280308201909,
        "dvar": 0.00049420731375,
        "dvar2": 0.00119263923261,
        "max": 0.28370526433,
        "mean": 0.0490210466087,
        "median": 0.0444728508592,
        "min": 1.02956129733e-10,
        "var": 0.00102714356035
    },
    "spectral_kurtosis": {
        "dmean": 13.6732654572,
        "dmean2": 23.3751811981,
        "dvar": 232.686737061,
        "dvar2": 622.65057373,
        "max": 308.607513428,
        "mean": 32.9130249023,
        "median": 24.0273399353,
        "min": -1.17814362049,
        "var": 807.020935059
    },
    "spectral_rms": {
        "dmean": 0.000551307515707,
        "dmean2": 0.000766956654843,
        "dvar": 3.25848617422e-07,
        "dvar2": 7.65303923345e-07,
        "max": 0.0108178872615,
        "mean": 0.00422668922693,
        "median": 0.00414874637499,
        "min": 3.21580934624e-12,
        "var": 3.78334084417e-06
    },
    "spectral_rolloff": {
        "dmean": 150.750427246,
        "dmean2": 274.014678955,
        "dvar": 155871.703125,
        "dvar2": 306125.75,
        "max": 18798.4863281,
        "mean": 860.026733398,
        "median": 710.595703125,
        "min": 193.798828125,
        "var": 271820.96875
    },
    "spectral_skewness": {
        "dmean": 0.905193150043,
        "dmean2": 1.55076825619,
        "dvar": 0.709751188755,
        "dvar2": 1.93394601345,
        "max": 15.3325862885,
        "mean": 3.96317672729,
        "median": 3.66960430145,
        "min": 0.0285030249506,
        "var": 3.53383398056
    },
    "spectral_spread": {
        "dmean": 344153.0625,
        "dmean2": 587866,
        "dvar": 192656818176,
        "dvar2": 345611108352,
        "max": 39719940,
        "mean": 1990922.375,
        "median": 1894440.25,
        "min": 322170.90625,
        "var": 651990859776
    },
    "spectral_strongpeak": {
        "dmean": 0.589891016483,
        "dmean2": 0.93595290184,
        "dvar": 0.714644134045,
        "dvar2": 1.70334911346,
        "max": 9.26223754883,
        "mean": 1.6801763773,
        "median": 1.33336043358,
        "min": 0,
        "var": 1.66601002216
    },
    "zerocrossingrate": {
        "dmean": 0.00374061171897,
        "dmean2": 0.00464421045035,
        "dvar": 5.04996314703e-05,
        "dvar2": 6.10006973147e-05,
        "max": 0.51025390625,
        "mean": 0.0337394140661,
        "median": 0.03125,
        "min": 0.0068359375,
        "var": 0.000191294806427
    },
    "barkbands": {
        "dmean": [3.74343903786e-06, 9.11790448299e-06, 1.68569858943e-05, 0.000174133761902, 0.000973615329713, 0.00139234936796, 0.00127381202765, 0.00148943741806, 0.00142566103023, 0.000836313294712, 0.00083269609604, 0.000148534614709, 0.000344314175891, 0.000188789403182, 0.000121900135127, 0.00012318957306, 2.53398648056e-05, 1.90702085092e-05, 7.62781055528e-05, 8.34494312585e-06, 1.25091473819e-05, 1.11089175334e-05, 2.6947736842e-06, 5.97478788222e-07, 2.53241637438e-07, 7.99238506488e-08, 1.06060745964e-07],
        "dmean2": [7.20868592907e-06, 1.55814996106e-05, 2.99305374938e-05, 0.000258877669694, 0.00134076469112, 0.00195358181372, 0.00160255690571, 0.00207897578366, 0.00172036641743, 0.000961975078098, 0.00101652974263, 0.000205955351703, 0.000520555360708, 0.000301522115478, 0.000172786487383, 0.000180903851287, 4.38185561507e-05, 3.36505872838e-05, 0.00012302811956, 1.3199804016e-05, 2.04343505175e-05, 1.84791952051e-05, 4.58201111542e-06, 1.02350077213e-06, 4.13972912838e-07, 1.22887314546e-07, 1.57341318641e-07],
        "dvar": [6.94982738025e-10, 2.18241047456e-09, 9.19161813329e-09, 8.21990909117e-07, 5.24774532096e-06, 1.07596915768e-05, 5.02118928125e-06, 6.37409630144e-06, 5.56947361474e-06, 4.32330898548e-06, 5.03512228534e-06, 6.12930250554e-07, 1.39901851526e-06, 9.95704112938e-07, 1.23754915649e-07, 1.29842462115e-07, 1.47200394096e-08, 9.07574371212e-09, 4.73881698326e-08, 5.9628652016e-10, 8.39675107223e-10, 5.69515046234e-10, 7.48684378382e-11, 1.21917051107e-11, 6.21521931143e-13, 1.10266627101e-13, 2.0523512089e-13],
        "dvar2": [2.05258410269e-09, 5.98594462886e-09, 2.44055868848e-08, 1.96401242647e-06, 1.374045587e-05, 3.08859162033e-05, 1.10180289994e-05, 1.49592542584e-05, 8.90955652721e-06, 5.78454410061e-06, 8.01921578386e-06, 1.23596601043e-06, 3.14328895001e-06, 2.49747881753e-06, 2.32971444802e-07, 2.50562010251e-07, 4.20030659143e-08, 2.56663774678e-08, 1.18538885374e-07, 1.00431141181e-09, 2.02288963358e-09, 1.44238843092e-09, 1.99616864704e-10, 3.45452833006e-11, 1.62039891054e-12, 2.5397427759e-13, 4.06815585993e-13],
        "max": [0.000818318105303, 0.00127575383522, 0.00391359115019, 0.0466025173664, 0.0505677759647, 0.0787612274289, 0.0506111718714, 0.0620589368045, 0.0617087632418, 0.05985147506, 0.0496485158801, 0.0182621981949, 0.0204440336674, 0.0180803705007, 0.00844870787114, 0.0100753661245, 0.00303745735437, 0.00278143724427, 0.00263357092626, 0.00141572859138, 0.000590588781051, 0.000392896385165, 0.000315715704346, 0.000147324200952, 1.66780155268e-05, 6.91416062182e-06, 1.05472099676e-05],
        "mean": [2.11263682104e-06, 8.04261253506e-06, 2.02732953767e-05, 0.000456606649095, 0.00358045776375, 0.00359618593939, 0.00346633419394, 0.00308440206572, 0.00320977414958, 0.0016865975922, 0.00144876656123, 0.000239799264818, 0.000535876897629, 0.000228642718866, 0.000215293068322, 0.000195104716113, 2.80771473626e-05, 2.00687572942e-05, 0.000117386603961, 1.14010999823e-05, 1.80986025953e-05, 1.50351979755e-05, 3.82355119655e-06, 7.4702126085e-07, 3.39240443736e-07, 9.71563025587e-08, 1.09022785466e-07],
        "median": [5.5826507861e-09, 1.10105542461e-08, 4.72103529603e-08, 4.42255242206e-07, 0.000816038518678, 0.000982032390311, 0.00147523265332, 0.00125473621301, 0.000836946303025, 9.56122457865e-05, 7.1598528848e-06, 6.15216140432e-06, 4.25287762482e-05, 2.55492545875e-06, 1.57016038429e-05, 1.77162091859e-05, 3.70102611669e-06, 1.33374601319e-06, 5.94106040808e-06, 2.3544873784e-06, 3.64441120837e-06, 4.10633219872e-06, 5.82274935823e-07, 1.12049264089e-07, 5.76535335028e-08, 6.63885524332e-09, 1.53242452061e-09],
        "min": [4.56230289242e-24, 3.31100699139e-23, 1.38873077462e-23, 1.21641775717e-23, 2.37970652123e-23, 2.9817509646e-23, 3.31931432781e-23, 5.43770657211e-23, 5.29239997109e-23, 7.03510572897e-23, 1.14010052907e-22, 5.14164076349e-23, 7.20867595405e-23, 1.80018815878e-22, 1.46790404206e-22, 1.52398359584e-22, 1.27182490168e-22, 2.85257051064e-22, 2.3267925716e-22, 3.42306865884e-22, 3.38587355161e-22, 4.75620572334e-22, 5.68330434167e-22, 1.10241466201e-21, 1.48611095176e-21, 1.46631708111e-21, 2.49992600755e-21],
        "var": [3.65541596992e-10, 1.7766530469e-09, 1.11936220293e-08, 3.47652871824e-06, 3.63645558537e-05, 3.47518471244e-05, 2.3831764338e-05, 2.11314145417e-05, 2.62386438408e-05, 1.8106209609e-05, 1.58632010425e-05, 1.34066590363e-06, 2.8594338346e-06, 1.59321120918e-06, 3.70346072032e-07, 3.28821840867e-07, 1.05631254854e-08, 6.54045262394e-09, 1.03241546867e-07, 1.36059041811e-09, 1.45956247088e-09, 8.2931561618e-10, 1.11320376528e-10, 1.2355832503e-11, 8.51962868743e-13, 1.55473575095e-13, 2.60579210119e-13]
    },
    "erbbands": {
        "dmean": [0.000254183716606, 0.00229667522945, 0.0172557905316, 0.303611189127, 0.980547785759, 4.50418567657, 7.36832380295, 13.0856151581, 12.8217668533, 31.5681743622, 26.8381347656, 35.9151878357, 24.3408088684, 23.8601131439, 31.5531044006, 8.22071361542, 16.9881534576, 12.2141075134, 5.67009830475, 7.33132505417, 3.84694004059, 1.1763125658, 1.25623297691, 1.12570774555, 4.69715023041, 0.526860594749, 0.254491716623, 0.630316674709, 0.390922039747, 0.0782763063908, 0.0708185061812, 0.0217600110918, 0.00727604096755, 0.00260455114767, 0.00221123918891, 0.000314848090056, 0.000236732361373, 7.62582567404e-05, 1.95322536456e-05, 6.64986873744e-06],
        "dmean2": [0.000471794075565, 0.00379092618823, 0.0291468650103, 0.462731748819, 1.39477419853, 6.32201814651, 9.71199035645, 18.9918289185, 15.261141777, 43.6679344177, 37.1787910461, 43.0235061646, 27.5953502655, 27.8251590729, 38.8323478699, 11.3725290298, 25.6104297638, 19.3600673676, 8.2811384201, 10.4935512543, 5.74892997742, 2.02751111984, 2.20248770714, 1.86592781544, 7.53381490707, 0.848162412643, 0.426732420921, 1.05834639072, 0.664806544781, 0.134011685848, 0.119667373598, 0.0367658734322, 0.012404105626, 0.0042670648545, 0.00363016757183, 0.000499895075336, 0.000358743360266, 0.000111556029879, 2.8540051062e-05, 9.35852494877e-06],
        "dvar": [2.51343431046e-06, 0.000113783367851, 0.00635172473267, 2.41759800911, 7.31800174713, 137.108718872, 256.737915039, 1079.08129883, 701.70135498, 2980.57446289, 2517.02807617, 3718.76342773, 3223.4831543, 3853.89282227, 7215.00244141, 1084.60925293, 3397.26171875, 3578.67553711, 327.659515381, 413.777648926, 118.73361969, 35.2509765625, 30.4816589355, 16.3465137482, 196.296173096, 0.872042655945, 0.345570921898, 2.20275878906, 0.52774566412, 0.076272636652, 0.0591175481677, 0.0081156976521, 0.00380397471599, 6.39615536784e-05, 5.97993857809e-05, 8.44407395562e-07, 1.6569122181e-06, 1.47533981476e-07, 6.44529496441e-09, 9.31965615791e-11],
        "dvar2": [7.33718707124e-06, 0.000298249186017, 0.0162112191319, 5.99637794495, 16.9204998016, 375.956237793, 561.897094727, 3311.18334961, 1370.85888672, 7412.5, 5701.59423828, 5849.85058594, 4121.39160156, 5574.86572266, 11753.2939453, 2208.51147461, 7644.65917969, 8877.83984375, 642.063537598, 791.280090332, 243.463897705, 101.040725708, 85.8407363892, 43.6708679199, 491.698608398, 2.03633022308, 0.906992793083, 5.9339466095, 1.44444668293, 0.211529314518, 0.156409859657, 0.0223852451891, 0.0108218919486, 0.000172566942638, 0.00015275736223, 2.06206595976e-06, 3.8365024011e-06, 2.95902623293e-07, 1.27123911398e-08, 2.07923997464e-10],
        "max": [0.0447088256478, 0.263170897961, 2.4990837574, 77.5137176514, 83.8354644775, 237.678085327, 365.290863037, 789.202575684, 548.133972168, 1528.04150391, 1123.29785156, 1691.23034668, 2230.44335938, 1844.55187988, 2394.45410156, 936.215148926, 1010.36083984, 971.940368652, 479.707519531, 613.389221191, 326.752716064, 187.841186523, 143.203903198, 145.268249512, 170.293991089, 25.9030265808, 12.8067436218, 28.1593437195, 12.202501297, 6.99994182587, 7.49195194244, 2.70104289055, 2.8802947998, 0.182504564524, 0.245039850473, 0.0233070217073, 0.0273773018271, 0.00904551334679, 0.00147120363545, 0.000264981703367],
        "mean": [0.000199590416742, 0.00243336125277, 0.0295615550131, 0.788308858871, 4.4541425705, 15.4956436157, 22.0133972168, 32.1344985962, 38.3539466858, 72.4383773804, 59.6972923279, 83.104927063, 53.997833252, 47.5909004211, 55.7785987854, 14.1290159225, 26.7201709747, 15.6464071274, 9.35158538818, 13.1361093521, 6.21299028397, 1.4020216465, 1.43878877163, 1.56898379326, 7.3026266098, 0.840058028698, 0.397384256124, 0.999761819839, 0.632295131683, 0.116440035403, 0.103270538151, 0.0301479771733, 0.00966242328286, 0.00353948469274, 0.00287284213118, 0.000438260525698, 0.000284916925011, 8.58338535181e-05, 2.9013148378e-05, 2.61379445874e-05],
        "median": [1.33853800435e-05, 0.000118415002362, 0.00101315986831, 0.014314041473, 0.378197103739, 2.95011401176, 7.23977470398, 9.7759437561, 12.5120038986, 39.0160827637, 25.9866447449, 26.6941947937, 11.1047334671, 3.07931470871, 0.882635354996, 1.56009876728, 2.55119252205, 0.749598264694, 1.15869235992, 2.0877969265, 0.964696586132, 0.37891933322, 0.210266262293, 0.174364879727, 0.371358722448, 0.288664162159, 0.127647548914, 0.238744482398, 0.197417378426, 0.0345028601587, 0.0184978879988, 0.00646364409477, 0.00162910856307, 0.000657236319967, 0.000457209564047, 6.55351977912e-05, 2.23531496886e-05, 4.32499928138e-06, 1.06019961095e-05, 2.07710127142e-05],
        "min": [8.27661199238e-22, 7.94383062824e-21, 1.13851806652e-20, 4.69844048615e-20, 4.47697192442e-20, 6.22360870115e-20, 1.79491485006e-19, 2.79520562401e-19, 2.85951814116e-19, 9.15742187848e-19, 1.39866584249e-18, 1.38750324692e-18, 1.65910613989e-18, 3.88931845421e-18, 2.76201872425e-18, 2.31089757922e-18, 3.82323995816e-18, 1.03656194588e-17, 7.38098802691e-18, 7.77559205659e-18, 7.6888820217e-18, 8.33444024151e-18, 1.52858460794e-17, 8.91347990519e-18, 1.95449874729e-17, 1.56081057198e-17, 1.4552965711e-17, 1.18018018711e-17, 1.54814958009e-17, 1.7803706109e-17, 1.72861127299e-17, 2.21978185631e-17, 1.83110986967e-17, 1.48060002604e-17, 1.22604081735e-17, 5.57748200146e-18, 2.35621632344e-18, 1.1709412621e-18, 3.24072613591e-19, 4.14889238332e-20],
        "var": [1.47440937326e-06, 0.000114222493721, 0.0126855242997, 8.97414302826, 95.8456344604, 736.881774902, 1295.35253906, 2924.92456055, 4133.95068359, 9139.76953125, 8348.6640625, 17698.7910156, 14217.7148438, 14903.7216797, 22333.0039062, 2497.06713867, 6998.43261719, 5899.43603516, 921.838623047, 1145.62194824, 279.652130127, 23.6274337769, 24.1973667145, 18.5168685913, 427.606384277, 1.96224880219, 0.623314976692, 4.5028886795, 1.05723154545, 0.0988123938441, 0.0915483236313, 0.0100890649483, 0.00379098998383, 9.11793176783e-05, 7.73354549892e-05, 1.22656069834e-06, 2.26588872465e-06, 1.96935729946e-07, 8.358926884e-09, 4.77516304276e-10]
    },
    "gfcc": {
        "mean": [-162.018829346, 125.8230896, -169.19694519, -30.3101882935, -104.517982483, -44.2771453857, -38.6158370972, -28.1985397339, -8.35412883759, -5.52944660187, -12.3518314362, -11.9059791565, 1.30985486507],
        "cov": [[7149.08007812, 959.925476074, 140.442550659, 541.786987305, 154.830093384, 295.734832764, 100.300308228, -518.731750488, -792.502746582, -82.112739563, -264.143341064, -108.552276611, 36.9257278442], [959.925476074, 1898.08862305, 1075.63122559, 265.010925293, 448.260772705, 144.090072632, 193.894241333, -712.334655762, -720.723083496, -122.096313477, -174.596176147, -202.276107788, 180.547424316], [140.442550659, 1075.63122559, 1423.36413574, 457.140380859, 489.358764648, 122.516105652, -42.7480392456, -337.576843262, -614.534179688, 28.2688274384, -122.365531921, -181.342224121, -3.78504347801], [541.786987305, 265.010925293, 457.140380859, 1282.49572754, 710.19329834, 23.5933475494, -231.898849487, -315.947265625, -469.552001953, 104.874320984, -112.17805481, -377.204711914, -234.917114258], [154.830093384, 448.260772705, 489.358764648, 710.19329834, 807.715820312, 231.59942627, -149.33656311, -344.722412109, -466.559936523, 141.612762451, -104.564529419, -246.791809082, -106.186172485], [295.734832764, 144.090072632, 122.516105652, 23.5933475494, 231.59942627, 413.595581055, 57.8313369751, -124.899398804, -222.82019043, -11.2188644409, -39.6455802917, -16.6504459381, 38.6882514954], [100.300308228, 193.894241333, -42.7480392456, -231.898849487, -149.33656311, 57.8313369751, 311.574493408, 83.2044296265, 30.3792610168, -118.571182251, -24.2502746582, 9.84432315826, 76.4612960815], [-518.731750488, -712.334655762, -337.576843262, -315.947265625, -344.722412109, -124.899398804, 83.2044296265, 776.165100098, 520.197753906, -184.973434448, 75.4062957764, 67.7631607056, -139.416549683], [-792.502746582, -720.723083496, -614.534179688, -469.552001953, -466.559936523, -222.82019043, 30.3792610168, 520.197753906, 951.514038086, -15.1194734573, -58.7613487244, 182.903808594, -68.438079834], [-82.112739563, -122.096313477, 28.2688274384, 104.874320984, 141.612762451, -11.2188644409, -118.571182251, -184.973434448, -15.1194734573, 441.675994873, 68.8331756592, -70.9805374146, -44.8277053833], [-264.143341064, -174.596176147, -122.365531921, -112.17805481, -104.564529419, -39.6455802917, -24.2502746582, 75.4062957764, -58.7613487244, 68.8331756592, 386.335144043, 57.3007926941, -97.8232727051], [-108.552276611, -202.276107788, -181.342224121, -377.204711914, -246.791809082, -16.6504459381, 9.84432315826, 67.7631607056, 182.903808594, -70.9805374146, 57.3007926941, 346.164581299, 132.147354126], [36.9257278442, 180.547424316, -3.78504347801, -234.917114258, -106.186172485, 38.6882514954, 76.4612960815, -139.416549683, -68.438079834, -44.8277053833, -97.8232727051, 132.147354126, 329.057250977]],
        "icov": [[0.000248433439992, -0.000468148005893, 0.000394976959797, -0.000304980581859, 0.000538734951988, -0.000308401242364, 0.000212356739212, -0.000464213750092, 0.000544416019693, -0.0004599209351, 0.000548873911612, -0.000488628051244, 0.00038985881838], [-0.000468148005893, 0.00386880338192, -0.00252750143409, 0.00151065131649, -0.00231593218632, 0.00164356001187, -0.00253739370964, 0.0039254501462, -0.00179217639379, 0.00303125567734, -0.00180585321505, 0.00249605462886, -0.00120768148918], [0.000394976959797, -0.00252750143409, 0.00282746739686, -0.00090618833201, 0.00121922104154, -0.000783059513196, 0.0014922140399, -0.00272536370903, 0.00219678715803, -0.00215742737055, 0.0019527055556, -0.00193332799245, 0.00123203429393], [-0.000304980581859, 0.00151065131649, -0.00090618833201, 0.00307014561258, -0.00256842351519, 0.00164693396073, -0.000216587839532, 0.00173312099651, -0.000342732353602, 0.00162366451696, -0.000334460666636, 0.00198931037448, 0.000400491175242], [0.000538734951988, -0.00231593218632, 0.00121922104154, -0.00256842351519, 0.00599600095302, -0.00307444715872, 0.00215653399937, -0.00214537722059, 0.0020246214699, -0.00267797964625, 0.0022219598759, -0.00144670181908, 0.00157476007007], [-0.000308401242364, 0.00164356001187, -0.000783059513196, 0.00164693396073, -0.00307444715872, 0.00471933418885, -0.0020239695441, 0.00149615225382, 2.96056859952e-05, 0.0013539994834, -0.00037477092701, 0.000468117272248, -0.000252008787356], [0.000212356739212, -0.00253739370964, 0.0014922140399, -0.000216587839532, 0.00215653399937, -0.0020239695441, 0.00656325602904, -0.0027224177029, 0.000984158250503, -0.000947621301748, 0.000980840181001, 0.000112512709165, -0.0001917170448], [-0.000464213750092, 0.0039254501462, -0.00272536370903, 0.00173312099651, -0.00214537722059, 0.00149615225382, -0.0027224177029, 0.00704065570608, -0.00354318530299, 0.00450501637533, -0.00280899531208, 0.00327211106196, -0.0004207137099], [0.000544416019693, -0.00179217639379, 0.00219678715803, -0.000342732353602, 0.0020246214699, 2.96056859952e-05, 0.000984158250503, -0.00354318530299, 0.00528869684786, -0.00297484733164, 0.00394722167403, -0.00308926217258, 0.00273157469928], [-0.0004599209351, 0.00303125567734, -0.00215742737055, 0.00162366451696, -0.00267797964625, 0.0013539994834, -0.000947621301748, 0.00450501637533, -0.00297484733164, 0.00608330126852, -0.00310475681908, 0.00346354045905, -0.00147563242353], [0.000548873911612, -0.00180585321505, 0.0019527055556, -0.000334460666636, 0.0022219598759, -0.00037477092701, 0.000980840181001, -0.00280899531208, 0.00394722167403, -0.00310475681908, 0.00642848061398, -0.0033373828046, 0.00370531715453], [-0.000488628051244, 0.00249605462886, -0.00193332799245, 0.00198931037448, -0.00144670181908, 0.000468117272248, 0.000112512709165, 0.00327211106196, -0.00308926217258, 0.00346354045905, -0.0033373828046, 0.00789353717119, -0.00341125787236], [0.00038985881838, -0.00120768148918, 0.00123203429393, 0.000400491175242, 0.00157476007007, -0.000252008787356, -0.0001917170448, -0.0004207137099, 0.00273157469928, -0.00147563242353, 0.00370531715453, -0.00341125787236, 0.00720061641186]]
    },
    "melbands": {
        "dmean": [2.53909911407e-06, 5.68056111661e-06, 6.47750857752e-05, 0.000186667894013, 0.000257355364738, 0.000278480554698, 0.000207967561437, 0.000344221945852, 0.000221019712626, 0.00021607184317, 0.000120306271128, 9.70353576122e-05, 0.000119553274999, 2.47455318458e-05, 3.76894895453e-05, 3.07817972498e-05, 2.14827705349e-05, 8.2335618572e-06, 6.70003191772e-06, 1.34587698994e-05, 2.55845543506e-06, 1.05451238142e-06, 1.83095528428e-06, 7.05690865743e-07, 5.24280551417e-07, 4.46097510576e-06, 1.12551879283e-06, 2.46248276881e-07, 1.36273456519e-07, 1.7978881317e-07, 5.45241334748e-07, 3.0413613672e-07, 4.87576379271e-08, 4.37738520986e-08, 3.8863909424e-08, 3.43186563612e-08, 7.8416091398e-09, 7.30042737374e-09, 1.73134595549e-09, 2.62186072852e-09],
        "dmean2": [4.54970404462e-06, 9.8032560345e-06, 9.6147399745e-05, 0.000261175417108, 0.000346865039319, 0.000400242453907, 0.000249277130933, 0.000480820744997, 0.000299209641526, 0.000257599254837, 0.000136755945277, 0.000113075730042, 0.000146091624629, 3.22939667967e-05, 5.48077587155e-05, 4.73764630442e-05, 3.4288779716e-05, 1.19988035294e-05, 9.76117644313e-06, 1.93216201296e-05, 4.03332478527e-06, 1.82597352705e-06, 3.19246896652e-06, 1.26270595047e-06, 9.03653813111e-07, 7.12207747711e-06, 1.80237213954e-06, 4.06060223668e-07, 2.24124065085e-07, 3.0732857681e-07, 9.15726502626e-07, 5.16909040016e-07, 8.42010763336e-08, 7.51040971636e-08, 6.54396998812e-08, 5.81388306387e-08, 1.33970594618e-08, 1.25485311031e-08, 2.8729867374e-09, 4.32716795729e-09],
        "dvar": [2.18106602223e-10, 8.49941395042e-10, 9.03169592448e-08, 2.39592793605e-07, 2.71281379582e-07, 4.66187515258e-07, 1.67363779724e-07, 3.42164156564e-07, 1.56078613145e-07, 1.30965560174e-07, 8.11744058637e-08, 7.42617558558e-08, 1.03626575765e-07, 8.71823768733e-09, 2.03656593811e-08, 1.00885868548e-08, 1.34147457587e-08, 7.76950392911e-10, 3.70248248727e-10, 1.35941990997e-09, 5.47766693115e-11, 4.20167303727e-11, 7.12516157186e-11, 3.52868706477e-11, 1.06825451263e-11, 1.86414217396e-10, 8.94680683705e-12, 2.66869642704e-13, 1.04967548325e-13, 2.23631104412e-13, 1.98522513532e-12, 3.21230103064e-13, 1.63828420095e-14, 4.02188590591e-14, 2.34593296395e-14, 1.8370089724e-14, 1.57402840863e-15, 5.29762569058e-15, 5.29032228134e-17, 1.00655969147e-16],
        "dvar2": [6.23207208061e-10, 2.25624008365e-09, 2.13834326246e-07, 6.49883588721e-07, 6.35026594864e-07, 1.40423219364e-06, 3.38261060051e-07, 8.5152015572e-07, 3.47731941019e-07, 2.0153001401e-07, 1.03685934505e-07, 1.06245373388e-07, 1.65523886153e-07, 1.570853847e-08, 4.32415774299e-08, 2.35169110852e-08, 3.36351391184e-08, 1.52190782199e-09, 7.5142803091e-10, 2.52092968722e-09, 1.28578217518e-10, 1.20678841919e-10, 2.007642802e-10, 1.00609465203e-10, 2.86025630264e-11, 4.62770183285e-10, 2.03243671892e-11, 6.70340790255e-13, 2.63708326009e-13, 6.16057064303e-13, 5.36683414723e-12, 8.71239387058e-13, 4.72690293754e-14, 1.10311092942e-13, 6.10035297017e-14, 5.04338256812e-14, 4.43460965513e-15, 1.50589904994e-14, 1.38649327594e-16, 2.761970359e-16],
        "max": [0.000425053265644, 0.000976434559561, 0.0150630371645, 0.0143418470398, 0.0110991187394, 0.0165071990341, 0.00873782858253, 0.0175701156259, 0.008454605937, 0.00909424573183, 0.0110073043033, 0.00825968757272, 0.00723405787721, 0.00280498270877, 0.00253379717469, 0.00137814250775, 0.0022349266801, 0.000731744454242, 0.000549480377231, 0.000911034527235, 0.000219624344027, 0.000242273526965, 0.000286396301817, 0.00020078473608, 0.000135753463837, 0.000167676946148, 8.8178589067e-05, 6.94470054441e-06, 7.73991632741e-06, 7.74445379648e-06, 2.63714191533e-05, 9.3401349659e-06, 2.20045103561e-06, 5.48060643268e-06, 6.606685929e-06, 3.78593813366e-06, 1.509761546e-06, 3.3930743939e-06, 2.09940310469e-07, 2.39409473579e-07],
        "mean": [2.02350338441e-06, 6.47445767754e-06, 0.00018529719091, 0.000767440826166, 0.000786167918704, 0.000689658802003, 0.000607643916737, 0.000775717431679, 0.000491004495416, 0.000494459760375, 0.000256345228991, 0.000188750389498, 0.000209918725886, 4.1577652155e-05, 5.9356494603e-05, 4.58026079286e-05, 2.63124875346e-05, 1.32275772557e-05, 1.14319500426e-05, 2.30206023843e-05, 3.69770623365e-06, 1.13705846161e-06, 2.06685217563e-06, 6.83239761656e-07, 5.96019845034e-07, 6.92423600412e-06, 1.69211728007e-06, 3.28705652919e-07, 1.88717223182e-07, 2.57866162201e-07, 8.32229602565e-07, 4.77356365991e-07, 6.61857484374e-08, 5.73216247801e-08, 5.48472094408e-08, 4.60371900601e-08, 1.00252082191e-08, 9.13203557218e-09, 2.15593853881e-09, 3.28108984426e-09],
        "median": [3.62033936163e-09, 2.03309884483e-08, 1.03002150809e-06, 9.91475899355e-05, 0.000322462437907, 0.000197254965315, 0.000209440244362, 0.000425631151302, 0.000182289106306, 0.000137278722832, 3.10327413899e-05, 8.00225188868e-06, 1.871116865e-06, 1.23389645523e-06, 3.32364879796e-06, 3.23587028106e-06, 2.58711395418e-07, 1.05685160179e-06, 1.0115132909e-06, 2.5017882308e-06, 4.50789059414e-07, 1.19209488503e-07, 2.12237566188e-07, 2.61365649123e-08, 3.99423640829e-08, 2.29233819482e-07, 1.98729509293e-07, 6.44408615358e-08, 2.80707865841e-08, 2.56699834722e-08, 1.02111194167e-07, 1.3521270148e-07, 1.18467982091e-08, 4.19367118809e-09, 6.01175687009e-09, 4.8122301699e-09, 1.2444121289e-09, 8.93974005933e-10, 2.6068169845e-10, 3.67731012307e-10],
        "min": [9.22032932252e-24, 8.13942737703e-24, 7.07562872481e-24, 3.81262155292e-24, 5.34350829699e-24, 6.25765648561e-24, 4.65376579235e-24, 1.10202977047e-23, 1.09218123649e-23, 7.85066484267e-24, 8.21976970478e-24, 1.54628207461e-23, 1.21718792207e-23, 5.48576397846e-24, 5.75670101737e-24, 9.09450127498e-24, 2.15492628608e-23, 9.9574764511e-24, 1.10155140521e-23, 1.01459842307e-23, 8.40495322456e-24, 7.96749593159e-24, 1.12844611894e-23, 1.40398371576e-23, 5.94231722735e-24, 9.84153046412e-24, 1.54884082384e-23, 9.27547543296e-24, 8.6992085974e-24, 9.19587542332e-24, 5.58378783454e-24, 9.22694786552e-24, 9.52173966377e-24, 8.87418899023e-24, 9.79630033525e-24, 1.1417809448e-23, 1.43337051998e-23, 1.34085054643e-23, 1.03415783479e-23, 1.33795416473e-23],
        "var": [1.4446042973e-10, 9.28240428966e-10, 4.04673727417e-07, 2.28921476264e-06, 1.31659271574e-06, 1.33304172323e-06, 9.52143409449e-07, 1.05353774416e-06, 5.51804703264e-07, 6.33598176591e-07, 3.55260283413e-07, 2.8351223591e-07, 3.2673710848e-07, 2.27103242878e-08, 4.50886084025e-08, 1.92963032219e-08, 2.16630535732e-08, 2.14162265699e-09, 9.68343627505e-10, 3.75325814872e-09, 9.5047705817e-11, 2.87921041175e-11, 5.57495785647e-11, 2.23816486178e-11, 1.01873023906e-11, 4.09990486006e-10, 1.91354831286e-11, 4.07667064169e-13, 1.9811321366e-13, 3.56300302847e-13, 3.92050367864e-12, 6.48170861602e-13, 2.04133601976e-14, 5.06532478722e-14, 3.62641198266e-14, 2.43772118106e-14, 1.7176597855e-15, 5.26903578751e-15, 7.05680949284e-17, 1.35849724884e-16]
    },
    "mfcc": {
        "mean": [-820.314025879, 153.583068848, -27.9030742645, -18.3652687073, -60.4320335388, -34.6212120056, -47.8084907532, -35.7027015686, -14.809668541, -10.3839435577, -13.5523538589, -14.2501020432, -1.83397853374],
        "cov": [[5002.87207031, 1473.04846191, -341.749816895, 246.832504272, -490.629974365, 315.837921143, 94.1742630005, -217.707992554, -163.847381592, -206.158340454, -361.426849365, -315.470855713, -212.682525635], [1473.04846191, 1948.4510498, 873.23046875, 155.733383179, -55.3270454407, 500.057861328, 501.773193359, -233.057373047, -25.0866718292, -197.18359375, -308.596710205, -280.518707275, -104.054039001], [-341.749816895, 873.23046875, 1113.40368652, 437.85458374, 350.441223145, 398.282440186, 423.128173828, -120.39855957, -36.0657997131, -89.6450424194, -232.342575073, -232.062591553, -113.931602478], [246.832504272, 155.733383179, 437.85458374, 1093.59301758, 772.726257324, 478.485565186, 304.984436035, -329.627227783, -154.442626953, -67.0333938599, -121.710105896, -265.095489502, -107.728683472], [-490.629974365, -55.3270454407, 350.441223145, 772.726257324, 1060.22033691, 557.651733398, 338.052124023, -135.234649658, -84.1619720459, 3.22322297096, 81.3456878662, -25.3385753632, -4.42324447632], [315.837921143, 500.057861328, 398.282440186, 478.485565186, 557.651733398, 1033.10925293, 578.902160645, -469.407653809, -22.8268527985, -157.404815674, -303.298828125, -152.79385376, 101.14264679], [94.1742630005, 501.773193359, 423.128173828, 304.984436035, 338.052124023, 578.902160645, 838.054504395, -112.756454468, -203.472503662, -33.8500976562, -254.390563965, -236.763244629, -55.7173843384], [-217.707992554, -233.057373047, -120.39855957, -329.627227783, -135.234649658, -469.407653809, -112.756454468, 872.979553223, 256.35168457, 171.090240479, 204.943466187, 143.790878296, -101.098937988], [-163.847381592, -25.0866718292, -36.0657997131, -154.442626953, -84.1619720459, -22.8268527985, -203.472503662, 256.35168457, 697.901062012, 187.068099976, -0.539675951004, 117.21761322, 67.4134750366], [-206.158340454, -197.18359375, -89.6450424194, -67.0333938599, 3.22322297096, -157.404815674, -33.8500976562, 171.090240479, 187.068099976, 472.06817627, 239.531509399, 78.1988067627, -85.4333953857], [-361.426849365, -308.596710205, -232.342575073, -121.710105896, 81.3456878662, -303.298828125, -254.390563965, 204.943466187, -0.539675951004, 239.531509399, 780.630615234, 374.720672607, -19.1474323273], [-315.470855713, -280.518707275, -232.062591553, -265.095489502, -25.3385753632, -152.79385376, -236.763244629, 143.790878296, 117.21761322, 78.1988067627, 374.720672607, 474.125762939, 135.241195679], [-212.682525635, -104.054039001, -113.931602478, -107.728683472, -4.42324447632, 101.14264679, -55.7173843384, -101.098937988, 67.4134750366, -85.4333953857, -19.1474323273, 135.241195679, 354.969177246]],
