{
"lowlevel": {
    "average_loudness": 0.800648212433,
    "barkbands_crest": {
        "dmean": 2.20621109009,
        "dmean2": 3.41145157814,
        "dvar": 3.77982592583,
        "dvar2": 9.51227474213,
        "max": 24.3531723022,
        "mean": 10.3819255829,
        "median": 9.67221927643,
        "min": 2.63224959373,
        "var": 16.081735611
    },
    "barkbands_flatness_db": {
        "dmean": 0.0161018334329,
        "dmean2": 0.0235406681895,
        "dvar": 0.000228140997933,
        "dvar2": 0.000516588333994,
        "max": 0.551331341267,
        "mean": 0.189406901598,
        "median": 0.182995885611,
        "min": 0.0253376066685,
        "var": 0.00433172471821
    },
    "barkbands_kurtosis": {
        "dmean": 1.89189040661,
        "dmean2": 2.89946007729,
        "dvar": 15.5445728302,
        "dvar2": 35.4160652161,
        "max": 106.504936218,
        "mean": 2.63237810135,
        "median": 0.275852441788,
        "min": -1.86091983318,
        "var": 46.9779396057
    },
    "barkbands_skewness": {
        "dmean": 0.427000433207,
        "dmean2": 0.636046230793,
        "dvar": 0.180472165346,
        "dvar2": 0.399347990751,
        "max": 9.12630271912,
        "mean": 1.09665644169,
        "median": 0.864889681339,
        "min": -2.30922555923,
        "var": 1.41230034828
    },
    "barkbands_spread": {
        "dmean": 4.10504150391,
        "dmean2": 6.29034090042,
        "dvar": 23.1855392456,
        "dvar2": 57.8379249573,
        "max": 125.334007263,
        "mean": 21.4347057343,
        "median": 19.3490486145,
        "min": 0.551366508007,
        "var": 226.104721069
    },
    "dissonance": {
        "dmean": 0.0232973694801,
        "dmean2": 0.039514683187,
        "dvar": 0.000500063411891,
        "dvar2": 0.00141147372779,
        "max": 0.499995857477,
        "mean": 0.44476467371,
        "median": 0.451346069574,
        "min": 0.252148270607,
        "var": 0.00136807677336
    },
    "dynamic_complexity": 4.14178991318,
    "erbbands_crest": {
        "dmean": 2.7502655983,
        "dmean2": 4.31937885284,
        "dvar": 6.5228676796,
        "dvar2": 15.6767377853,
        "max": 32.65883255,
        "mean": 11.7500085831,
        "median": 10.679189682,
        "min": 2.58387994766,
        "var": 28.5122623444
    },
    "erbbands_flatness_db": {
        "dmean": 0.0135845998302,
        "dmean2": 0.0200820993632,
        "dvar": 0.000149240193423,
        "dvar2": 0.000322868145304,
        "max": 0.431759864092,
        "mean": 0.217169284821,
        "median": 0.214428722858,
        "min": 0.0521035790443,
        "var": 0.00259125302546
    },
    "erbbands_kurtosis": {
        "dmean": 0.869282484055,
        "dmean2": 1.35769951344,
        "dvar": 1.44946205616,
        "dvar2": 3.32809138298,
        "max": 27.2385177612,
        "mean": 0.517021477222,
        "median": -0.045206785202,
        "min": -1.75647699833,
        "var": 4.36201190948
    },
    "erbbands_skewness": {
        "dmean": 0.335765242577,
        "dmean2": 0.512885451317,
        "dvar": 0.0907752662897,
        "dvar2": 0.208558097482,
        "max": 4.00108575821,
        "mean": 0.0984132140875,
        "median": 0.0405381321907,
        "min": -3.91981697083,
        "var": 0.54746723175
    },
    "erbbands_spread": {
        "dmean": 5.53266906738,
        "dmean2": 8.50681972504,
        "dvar": 28.9204940796,
        "dvar2": 65.93724823,
        "max": 157.906539917,
        "mean": 28.6914710999,
        "median": 26.8764095306,
        "min": 2.14451956749,
        "var": 181.564880371
    },
    "hfc": {
        "dmean": 3.9726536274,
        "dmean2": 6.06137180328,
        "dvar": 28.9635658264,
        "dvar2": 71.1589660645,
        "max": 107.588928223,
        "mean": 17.3831710815,
        "median": 14.3005666733,
        "min": 1.22694495885e-16,
        "var": 217.54119873
    },
    "melbands_crest": {
        "dmean": 2.78963518143,
        "dmean2": 4.31218099594,
        "dvar": 6.62776470184,
        "dvar2": 16.7285346985,
        "max": 33.9060554504,
        "mean": 14.4968109131,
        "median": 13.7795934677,
        "min": 2.60910463333,
        "var": 28.1666812897
    },
    "melbands_flatness_db": {
        "dmean": 0.0189478825778,
        "dmean2": 0.0272023081779,
        "dvar": 0.000318489939673,
        "dvar2": 0.000692298985086,
        "max": 0.707815527916,
        "mean": 0.250366866589,
        "median": 0.243820592761,
        "min": 0.0044230716303,
        "var": 0.00791890267283
    },
    "melbands_kurtosis": {
        "dmean": 4.24484586716,
        "dmean2": 6.47838830948,
        "dvar": 86.2378540039,
        "dvar2": 203.742126465,
        "max": 379.815368652,
        "mean": 8.24477005005,
        "median": 3.07269716263,
        "min": -1.81040251255,
        "var": 234.676101685
    },
    "melbands_skewness": {
        "dmean": 0.559243798256,
        "dmean2": 0.826378822327,
        "dvar": 0.33555406332,
        "dvar2": 0.734814524651,
        "max": 15.2416276932,
        "mean": 2.00074648857,
        "median": 1.658847332,
        "min": -2.37474417686,
        "var": 2.34607934952
    },
    "melbands_spread": {
        "dmean": 5.89909648895,
        "dmean2": 9.04659843445,
        "dvar": 54.2587890625,
        "dvar2": 139.847122192,
        "max": 181.752639771,
        "mean": 26.9946746826,
        "median": 23.4576263428,
        "min": 0.539486646652,
        "var": 424.575317383
    },
    "pitch_salience": {
        "dmean": 0.0575176589191,
        "dmean2": 0.0913986265659,
        "dvar": 0.00279881595634,
        "dvar2": 0.00731365708634,
        "max": 0.84171807766,
        "mean": 0.45286822319,
        "median": 0.445727944374,
        "min": 0.0899937450886,
        "var": 0.00985483638942
    },
    "silence_rate_20dB": {
        "dmean": 0,
        "dmean2": 0,
        "dvar": 0,
        "dvar2": 0,
        "max": 1,
        "mean": 1,
        "median": 1,
        "min": 1,
        "var": 0
    },
    "silence_rate_30dB": {
        "dmean": 0.00697586731985,
        "dmean2": 0.0139530496672,
        "dvar": 0.00692736450583,
        "dvar2": 0.0164004042745,
        "max": 1,
        "mean": 0.992553472519,
        "median": 1,
        "min": 0,
        "var": 0.00739132799208
    },
    "silence_rate_60dB": {
        "dmean": 0.0126319760457,
        "dmean2": 0.0252663344145,
        "dvar": 0.01247168798,
        "dvar2": 0.0274582821876,
        "max": 1,
        "mean": 0.0943538472056,
        "median": 0,
        "min": 0,
        "var": 0.0854549631476
    },
    "spectral_centroid": {
        "dmean": 203.818817139,
        "dmean2": 313.620635986,
        "dvar": 44634.03125,
        "dvar2": 98857.203125,
        "max": 10921.2128906,
        "mean": 1401.17126465,
        "median": 1309.57617188,
        "min": 143.855041504,
        "var": 510707.96875
    },
    "spectral_complexity": {
        "dmean": 1.78959274292,
        "dmean2": 2.9931178093,
        "dvar": 2.76266860962,
        "dvar2": 7.49139356613,
        "max": 40,
        "mean": 14.0910549164,
        "median": 13,
        "min": 0,
        "var": 53.2276535034
    },
    "spectral_decrease": {
        "dmean": 1.72431191547e-09,
        "dmean2": 2.51658960337e-09,
        "dvar": 9.483511572e-18,
        "dvar2": 2.2683947646e-17,
        "max": 2.97531139319e-29,
        "mean": -6.20980333821e-09,
        "median": -4.99805485887e-09,
        "min": -7.14231660481e-08,
        "var": 3.05158177627e-17
    },
    "spectral_energy": {
        "dmean": 0.00678551057354,
        "dmean2": 0.00992520526052,
        "dvar": 0.000140306830872,
        "dvar2": 0.000335531076416,
        "max": 0.274208158255,
        "mean": 0.0250138454139,
        "median": 0.0204491857439,
        "min": 1.10164511747e-20,
        "var": 0.000468678103061
    },
    "spectral_energyband_high": {
        "dmean": 0.000138900810271,
        "dmean2": 0.000225924493861,
        "dvar": 8.9445123308e-08,
        "dvar2": 2.45228363838e-07,
        "max": 0.00628720689565,
        "mean": 0.000379560980946,
        "median": 0.000137983806781,
        "min": 7.95029216898e-21,
        "var": 3.31741347281e-07
    },
    "spectral_energyband_low": {
        "dmean": 0.00425299583003,
        "dmean2": 0.00633942289278,
        "dvar": 9.59313474596e-05,
        "dvar2": 0.000233465107158,
        "max": 0.226876050234,
        "mean": 0.00906178168952,
        "median": 0.00451929215342,
        "min": 5.78229931708e-23,
        "var": 0.000200754759135
    },
    "spectral_energyband_middle_high": {
        "dmean": 0.00205244100653,
        "dmean2": 0.0030527508352,
        "dvar": 1.09015072667e-05,
        "dvar2": 2.39416913246e-05,
        "max": 0.0785487219691,
        "mean": 0.00662910239771,
        "median": 0.00451063876972,
        "min": 1.46461435325e-21,
        "var": 5.13338090968e-05
    },
    "spectral_energyband_middle_low": {
        "dmean": 0.00355333695188,
        "dmean2": 0.00520042981952,
        "dvar": 6.05012828601e-05,
        "dvar2": 0.000152837150381,
        "max": 0.22532312572,
        "mean": 0.010607435368,
        "median": 0.0063936742954,
        "min": 3.73489111207e-22,
        "var": 0.000167820471688
    },
    "spectral_entropy": {
        "dmean": 0.119122475386,
        "dmean2": 0.181431233883,
        "dvar": 0.0125610735267,
        "dvar2": 0.029810262844,
        "max": 9.80097007751,
        "mean": 6.90439414978,
        "median": 6.90541124344,
        "min": 4.31161022186,
        "var": 0.286418795586
    },
    "spectral_flux": {
        "dmean": 0.0147684598342,
        "dmean2": 0.0239761285484,
        "dvar": 0.000345998298144,
        "dvar2": 0.000794037245214,
        "max": 0.351898491383,
        "mean": 0.0593824386597,
        "median": 0.056515045464,
        "min": 1.04959284319e-10,
        "var": 0.00121576094534
    },
    "spectral_kurtosis": {
        "dmean": 3.7985906601,
        "dmean2": 6.64651060104,
        "dvar": 48.8993263245,
        "dvar2": 136.481491089,
        "max": 258.72177124,
        "mean": 9.5801525116,
        "median": 5.84185123444,
        "min": -1.18677604198,
        "var": 281.072814941
    },
    "spectral_rms": {
        "dmean": 0.000596209138166,
        "dmean2": 0.000847150979098,
        "dvar": 5.34087746473e-07,
        "dvar2": 1.18610091704e-06,
        "max": 0.0163560435176,
        "mean": 0.00447723874822,
        "median": 0.0044665900059,
        "min": 3.27837713573e-12,
        "var": 4.35820584244e-06
    },
    "spectral_rolloff": {
        "dmean": 349.511260986,
        "dmean2": 600.917541504,
        "dvar": 344913.53125,
        "dvar2": 851712.375,
        "max": 19422.9492188,
        "mean": 1634.90979004,
        "median": 1248.92578125,
        "min": 86.1328125,
        "var": 3708659.75
    },
    "spectral_skewness": {
        "dmean": 0.327612906694,
        "dmean2": 0.567128181458,
        "dvar": 0.149881035089,
        "dvar2": 0.428010940552,
        "max": 13.1036996841,
        "mean": 1.81910312176,
        "median": 1.57335078716,
        "min": -0.00600095000118,
        "var": 1.14384579659
    },
    "spectral_spread": {
        "dmean": 228011.875,
        "dmean2": 374068,
        "dvar": 140515672064,
        "dvar2": 211005587456,
        "max": 39658464,
        "mean": 3019112.75,
        "median": 2820719.25,
        "min": 382856.09375,
        "var": 1.55699524403e+12
    },
    "spectral_strongpeak": {
        "dmean": 0.636016726494,
        "dmean2": 1.0526624918,
        "dvar": 1.13906645775,
        "dvar2": 2.75807595253,
        "max": 12.7684030533,
        "mean": 1.36314129829,
        "median": 0.674142599106,
        "min": 0,
        "var": 2.51377058029
    },
    "zerocrossingrate": {
        "dmean": 0.00638111960143,
        "dmean2": 0.00767112988979,
        "dvar": 6.14933669567e-05,
        "dvar2": 9.28630033741e-05,
        "max": 0.4951171875,
        "mean": 0.0561380311847,
        "median": 0.04833984375,
        "min": 0.0029296875,
        "var": 0.00213296175934
    },
    "barkbands": {
        "dmean": [2.01370971809e-06, 0.00172210438177, 0.00216214824468, 0.00168162898626, 0.00108927930705, 0.000821117020678, 0.00035145014408, 0.000496982072946, 0.000342579151038, 0.000343548919773, 0.000757290865295, 0.000488516699988, 0.000254390557529, 0.000554924830794, 0.000353658921085, 0.000279486237559, 0.000254173297435, 0.000207178934943, 0.000200903610676, 0.000127312450786, 7.66468438087e-05, 2.53797024925e-05, 1.09363509182e-05, 8.16380907054e-06, 1.97224130716e-06, 9.41365215112e-07, 1.19155210143e-07],
        "dmean2": [3.17674334838e-06, 0.0024090250954, 0.00338179734536, 0.00274230306968, 0.00174649851397, 0.00118083646521, 0.000448642851552, 0.000579911284149, 0.000436475209426, 0.000421869335696, 0.00102599477395, 0.000704897975083, 0.000405624887208, 0.000879458268173, 0.00057698530145, 0.000469318620162, 0.000429828040069, 0.000355580850737, 0.000338626938174, 0.000211220452911, 0.0001290437649, 4.16449074692e-05, 1.6894102373e-05, 1.27697476273e-05, 3.09394613396e-06, 1.40312840813e-06, 1.819549027e-07],
        "dvar": [1.43662911428e-11, 9.791755474e-06, 3.00521041936e-05, 4.45407968073e-05, 7.47352032704e-06, 3.46598449141e-06, 7.07139861333e-07, 1.37293307034e-06, 5.95496317146e-07, 7.23358368759e-07, 4.55223835161e-06, 1.38967300245e-06, 5.38182973742e-07, 1.59729552252e-06, 1.0856543895e-06, 5.50087861484e-07, 3.93855430048e-07, 2.29629151249e-07, 1.79611760132e-07, 9.52589687131e-08, 5.16156539732e-08, 2.65174260328e-09, 1.30520660946e-09, 2.07848938061e-09, 6.24536047877e-11, 8.79848277568e-11, 9.53644064758e-13],
        "dvar2": [3.75730488389e-11, 2.09722675208e-05, 7.39607348805e-05, 0.000116282084491, 2.25226067414e-05, 6.83506232235e-06, 8.09978701e-07, 1.51225117406e-06, 8.06959292277e-07, 9.5411962775e-07, 8.58459407027e-06, 2.91349510917e-06, 1.41235568663e-06, 4.07968809668e-06, 2.82097107629e-06, 1.51499853018e-06, 1.09325878839e-06, 6.71792804496e-07, 4.91049490847e-07, 2.62807276386e-07, 1.46535086287e-07, 7.05889080521e-09, 3.09215164584e-09, 5.02972552496e-09, 1.51106585577e-10, 1.55452928308e-10, 2.0199365184e-12],
        "max": [0.00012479252473, 0.110063716769, 0.166873037815, 0.202176660299, 0.0775588974357, 0.101413033903, 0.0578066110611, 0.0546628125012, 0.0307301227003, 0.0260780788958, 0.0665392503142, 0.0375989414752, 0.0212091319263, 0.0323091819882, 0.0279210358858, 0.0179195664823, 0.0135117992759, 0.0102339759469, 0.00708247162402, 0.00882761739194, 0.00483480701223, 0.00176633917727, 0.00165602448396, 0.00169596984051, 0.000304635294015, 0.000813018530607, 6.82029422023e-05],
        "mean": [5.02467310071e-06, 0.00401768647134, 0.00360028748401, 0.00226997211576, 0.00225235335529, 0.00205225800164, 0.00111686566379, 0.00154012546409, 0.000876636127941, 0.000914717325941, 0.00142416218296, 0.000949642970227, 0.000451313215308, 0.00090598402312, 0.000564852904063, 0.000430321524618, 0.000451499217888, 0.000329415692249, 0.000353847775841, 0.000233723403653, 0.000149086437887, 6.08669834037e-05, 3.30691582349e-05, 1.961354792e-05, 7.37197478884e-06, 2.93704738397e-06, 3.46441595411e-07],
        "median": [1.2910542182e-06, 0.00191211944912, 0.00092756585218, 0.000415087590227, 0.000797861954197, 0.000522479123902, 0.000186721139471, 0.0002577547275, 0.000205942604225, 0.000122607889352, 0.000174076165422, 0.000300401763525, 0.0001139047381, 0.000281740125502, 0.000133935463964, 0.000117185154522, 0.00014159087732, 0.000115131260827, 9.62316407822e-05, 5.28222226421e-05, 3.30168186338e-05, 2.06164604606e-05, 4.57262467535e-06, 2.43383465204e-06, 1.01769285266e-06, 2.42915945137e-07, 2.85620398444e-08],
        "min": [9.3820639519e-24, 1.58179675033e-23, 2.65881182038e-23, 9.7239081477e-24, 6.1016926893e-23, 6.33922123222e-23, 4.28382552655e-23, 1.22233871046e-22, 5.76628796506e-23, 5.66796875946e-23, 3.78782923239e-23, 7.59310491256e-23, 1.77823952404e-22, 9.06853039625e-23, 1.04410814759e-22, 1.77046501583e-22, 9.7165789988e-23, 2.0675981217e-22, 2.12695100646e-22, 4.11341181794e-22, 3.54040774263e-22, 6.60716168832e-22, 5.99645309096e-22, 9.87660012763e-22, 1.48274487596e-21, 1.71446954832e-21, 2.12707515424e-21],
        "var": [8.19665099683e-11, 3.42549210472e-05, 6.14310847595e-05, 5.30941324541e-05, 1.83539450518e-05, 2.5927725801e-05, 1.33365319925e-05, 1.61347870744e-05, 3.80998039873e-06, 5.85225143368e-06, 1.39554849738e-05, 4.23007304562e-06, 1.22271774217e-06, 2.94713231597e-06, 2.1107680368e-06, 9.65855974755e-07, 8.56986787312e-07, 3.76422377713e-07, 3.80920226917e-07, 2.10985973581e-07, 1.02779615929e-07, 1.20994023689e-08, 7.46694261977e-09, 4.32167590603e-09, 5.43492917338e-10, 1.90382057341e-10, 1.95094981836e-12]
    },
    "erbbands": {
        "dmean": [0.0242324471474, 0.474994003773, 2.01433324814, 4.83039426804, 3.55133104324, 3.2227139473, 6.22244501114, 6.65012645721, 5.20279455185, 11.5008039474, 7.0163435936, 6.05454063416, 12.8433437347, 9.60713386536, 32.7046279907, 21.7658348083, 12.4306125641, 30.3242607117, 11.9628705978, 21.9728984833, 11.6379127502, 12.7615537643, 7.9616150856, 15.3270559311, 7.49736118317, 5.23614931107, 4.7066988945, 1.2480186224, 0.984303295612, 0.584044694901, 0.316759198904, 0.222150474787, 0.0894067361951, 0.0324842892587, 0.0119866579771, 0.00537182297558, 0.00174431758933, 0.000212750193896, 2.0190162104e-05, 7.88553097664e-06],
        "dmean2": [0.0294496268034, 0.673878788948, 3.10397529602, 7.82324409485, 5.46286153793, 5.27531433105, 10.1388263702, 9.20940208435, 7.29875516891, 12.9335842133, 8.86156463623, 7.78726005554, 15.6870260239, 12.6269397736, 44.3302726746, 31.0891742706, 19.0330848694, 47.8045425415, 19.1289310455, 36.607460022, 19.432012558, 21.5058364868, 13.5912189484, 25.9462127686, 12.6492128372, 8.73832035065, 7.92657709122, 2.06568717957, 1.60534965992, 0.93612331152, 0.491521030664, 0.349207162857, 0.14060819149, 0.0515054278076, 0.0186250712723, 0.00798388384283, 0.00257852999493, 0.000320291146636, 2.99066759908e-05, 1.15464317787e-05],
        "dvar": [0.00188496510964, 0.747695505619, 20.3362255096, 317.645111084, 106.158218384, 72.238494873, 245.903305054, 346.004516602, 143.85144043, 838.811828613, 189.721099854, 192.787796021, 848.891784668, 534.638977051, 10423.4951172, 2741.41552734, 1171.10400391, 4816.58105469, 1209.83007812, 3845.49658203, 667.993896484, 1166.4486084, 455.317626953, 1031.82055664, 443.324554443, 137.470001221, 204.411605835, 6.62272453308, 5.43701934814, 1.60544383526, 1.20368480682, 1.51032936573, 0.438126146793, 0.0170125532895, 0.00196498958394, 0.001234712312, 0.000571016571485, 8.57743725646e-06, 1.67920131133e-08, 1.79366146935e-10],
        "dvar2": [0.00327381631359, 1.62534046173, 49.6458015442, 819.335327148, 246.338790894, 230.557220459, 770.630554199, 584.235717773, 309.397613525, 949.062316895, 266.168334961, 276.947662354, 1138.01928711, 891.202026367, 20539.9179688, 5640.51416016, 2887.27319336, 12124.2861328, 3081.33398438, 10597.1220703, 1821.0670166, 3232.27709961, 1332.1697998, 2909.65209961, 1223.04272461, 380.18649292, 576.122192383, 18.9466381073, 14.2657108307, 4.24186849594, 2.79803800583, 3.71150398254, 1.05410575867, 0.0394302718341, 0.00487281661481, 0.00220100046135, 0.00118399842177, 1.45445674207e-05, 3.13959134246e-08, 4.21644635873e-10],
        "max": [1.84859621525, 28.524023056, 130.192489624, 429.21270752, 287.183990479, 281.332061768, 422.577453613, 1188.22277832, 788.300720215, 1466.92041016, 631.248352051, 554.994689941, 1033.19287109, 557.839050293, 3458.32739258, 1928.13208008, 884.924499512, 2055.74926758, 1693.01721191, 1931.79943848, 576.726989746, 952.839660645, 539.116210938, 499.063842773, 468.842010498, 240.496643066, 302.285827637, 63.7442703247, 90.9275588989, 40.3684120178, 56.5392532349, 39.4900894165, 41.2347831726, 5.30349826813, 1.63507866859, 2.17018055916, 2.23678278923, 0.265135526657, 0.0107797859237, 0.000318766164128],
        "mean": [0.0752332359552, 1.07325124741, 3.6101231575, 7.03540849686, 6.29176235199, 6.89787721634, 11.9871463776, 17.7614021301, 14.1143741608, 40.0437316895, 20.2304363251, 15.9807653427, 34.9714317322, 21.8545684814, 62.6895484924, 44.4478530884, 24.8859863281, 50.5646858215, 21.9450473785, 36.7983131409, 20.2082481384, 23.8476161957, 15.3376102448, 26.9050102234, 14.1061086655, 10.1567878723, 8.99864196777, 3.00967383385, 2.30402970314, 1.47300314903, 1.01906681061, 0.53528624773, 0.236151665449, 0.109697751701, 0.043703250587, 0.0178172048181, 0.00458711897954, 0.000629803515039, 7.59324175306e-05, 3.13348864438e-05],
        "median": [0.0294250641018, 0.517510712147, 1.24261796474, 1.64021766186, 1.6650480032, 2.34166383743, 3.91653847694, 3.61030459404, 3.23944973946, 3.62423968315, 6.7895116806, 5.74626207352, 6.60129880905, 6.65828609467, 9.89731025696, 14.9906902313, 9.00525951385, 17.5854740143, 9.94054317474, 10.9445476532, 9.17272853851, 7.32099056244, 6.69337415695, 9.38722610474, 3.68912100792, 3.33032178879, 2.02035117149, 1.06556046009, 0.591741204262, 0.502385616302, 0.149409919977, 0.0685844048858, 0.0307096689939, 0.0144704524428, 0.00592372845858, 0.00179236067925, 0.00040588909178, 7.12099499651e-05, 1.94561071112e-05, 2.55537124758e-05],
        "min": [7.98482635371e-22, 2.78884347419e-21, 2.30133456354e-20, 4.52328402209e-20, 7.30325194524e-20, 2.36587122725e-19, 4.14514447966e-19, 4.79130721341e-19, 3.43583477796e-19, 2.22153208776e-18, 1.88218620455e-18, 1.42140038464e-18, 1.96134966392e-18, 1.30931782523e-18, 1.78940549114e-18, 4.21077779745e-18, 7.63728911253e-18, 3.95338400624e-18, 6.77411125408e-18, 6.49326523815e-18, 8.83478525043e-18, 7.25621775768e-18, 1.17824036586e-17, 1.21868461745e-17, 1.27799164757e-17, 1.77238715994e-17, 1.24755363442e-17, 1.76059206071e-17, 2.24024117614e-17, 2.18116046263e-17, 1.54575704289e-17, 2.19012031759e-17, 1.54504914172e-17, 1.5610488e-17, 1.09777769526e-17, 6.20384839029e-18, 2.83516423786e-18, 1.30425175757e-18, 3.05141525447e-19, 3.42715985053e-20],
        "var": [0.0137163251638, 2.41620516777, 47.909954071, 395.746337891, 211.624359131, 212.608169556, 553.479003906, 2924.05371094, 1367.87854004, 12835.328125, 1450.3079834, 1100.86743164, 5967.66699219, 2352.17993164, 29703.7890625, 9079.17773438, 2819.11938477, 9456.54492188, 2155.13549805, 7274.33837891, 1181.54040527, 2824.73193359, 801.680664062, 2042.60229492, 961.048950195, 321.859222412, 408.010650635, 25.7112293243, 21.5073204041, 7.23750782013, 6.96576309204, 3.07533288002, 0.896123051643, 0.127677604556, 0.0178879257292, 0.00437846686691, 0.000800818903372, 1.62048108905e-05, 5.36333821799e-08, 6.91508073025e-10]
    },
    "gfcc": {
        "mean": [-67.7676086426, 126.729980469, -142.510696411, 32.030506134, -40.355884552, 6.79339838028, -24.262676239, -0.531116068363, -17.0330715179, -2.25166916847, -8.22391033173, -3.82172679901, -8.32487201691],
        "cov": [[21256.4335938, 1214.87353516, -1909.77587891, 1859.33630371, -531.666870117, 431.197113037, 83.3874588013, 131.290863037, -77.8298873901, 112.618011475, 139.219497681, -123.500495911, -161.504455566], [1214.87353516, 2696.62792969, 73.3315505981, -194.749450684, 562.165588379, -237.456802368, 159.361801147, -279.287658691, 50.6121635437, -259.730377197, 8.54245662689, -237.337738037, 142.000106812], [-1909.77587891, 73.3315505981, 903.693786621, -13.780090332, 134.240234375, 20.848487854, -27.4289302826, -10.5992879868, 7.24168157578, -44.3139305115, -66.643409729, -24.7481479645, -50.0107536316], [1859.33630371, -194.749450684, -13.780090332, 670.575134277, 42.857257843, 110.016799927, 93.8605957031, 4.94480085373, -30.5468578339, 15.6000766754, 0.493576705456, -3.67260742188, -9.99947452545], [-531.666870117, 562.165588379, 134.240234375, 42.857257843, 422.771026611, 30.7194919586, 93.5237197876, -56.1700782776, -2.57679963112, -81.8363647461, -17.5830173492, -29.3223419189, 41.4280891418], [431.197113037, -237.456802368, 20.848487854, 110.016799927, 30.7194919586, 243.519180298, 39.3392410278, 59.3585281372, 1.30509960651, 13.3220758438, 14.5238981247, 40.2359275818, -11.1028966904], [83.3874588013, 159.361801147, -27.4289302826, 93.8605957031, 93.5237197876, 39.3392410278, 174.803833008, 25.6719512939, 13.5473518372, -10.5713586807, 16.7832736969, -2.19342565536, 34.7647514343], [131.290863037, -279.287658691, -10.5992879868, 4.94480085373, -56.1700782776, 59.3585281372, 25.6719512939, 173.66607666, 69.9413528442, 53.5381507874, 17.665851593, 38.1864547729, -21.3783416748], [-77.8298873901, 50.6121635437, 7.24168157578, -30.5468578339, -2.57679963112, 1.30509960651, 13.5473518372, 69.9413528442, 157.983688354, 51.2303733826, 17.9675312042, -9.86648082733, -19.1377830505], [112.618011475, -259.730377197, -44.3139305115, 15.6000766754, -81.8363647461, 13.3220758438, -10.5713586807, 53.5381507874, 51.2303733826, 150.80456543, 45.3950080872, 31.048833847, -24.0400981903], [139.219497681, 8.54245662689, -66.643409729, 0.493576705456, -17.5830173492, 14.5238981247, 16.7832736969, 17.665851593, 17.9675312042, 45.3950080872, 135.30859375, 42.8842163086, 11.0007095337], [-123.500495911, -237.337738037, -24.7481479645, -3.67260742188, -29.3223419189, 40.2359275818, -2.19342565536, 38.1864547729, -9.86648082733, 31.048833847, 42.8842163086, 141.04083252, 37.3599700928], [-161.504455566, 142.000106812, -50.0107536316, -9.99947452545, 41.4280891418, -11.1028966904, 34.7647514343, -21.3783416748, -19.1377830505, -24.0400981903, 11.0007095337, 37.3599700928, 164.037399292]],
        "icov": [[0.000202576542506, -0.000499802816194, 0.000404647435062, -0.000687456340529, 0.000596703321207, -0.000519632827491, 0.000524265342392, -0.000636809621938, 0.000463355856482, -0.000318279257044, 0.0002657197183, -0.000235850806348, 0.000376904354198], [-0.000499802816194, 0.00224885717034, -0.000963976548519, 0.00194976292551, -0.00235207239166, 0.00188062724192, -0.00183299533091, 0.00261247577146, -0.00208671344444, 0.00183557614218, -0.00150945340283, 0.00175643863622, -0.0014368534321], [0.000404647435062, -0.000963976548519, 0.00206560990773, -0.00134691246785, 0.000677218602505, -0.00111033592839, 0.00139194505755, -0.00130443484522, 0.000768304860685, -0.00045356125338, 0.00100750662386, -0.000566483009607, 0.00115394918248], [-0.000687456340529, 0.00194976292551, -0.00134691246785, 0.00417800853029, -0.00222068931907, 0.00118513556663, -0.00288492790423, 0.00268992758356, -0.00131466099992, 0.000847873569001, -0.000927793211304, 0.00129440252203, -0.00117929116823], [0.000596703321207, -0.00235207239166, 0.000677218602505, -0.00222068931907, 0.00596060231328, -0.00261670956388, 0.00024930309155, -0.00140370079316, 0.00133487128187, -0.000485934695462, 0.00146926543675, -0.00154648069292, 0.00111462490167], [-0.000519632827491, 0.00188062724192, -0.00111033592839, 0.00118513556663, -0.00261670956388, 0.00695196958259, -0.00207949453034, 0.000433776498539, -0.00110466300976, 0.0015239684144, -0.00134340324439, 2.2680267648e-05, -0.000597820209805], [0.000524265342392, -0.00183299533091, 0.00139194505755, -0.00288492790423, 0.00024930309155, -0.00207949453034, 0.00975848641247, -0.00417050393298, 0.00148899108171, -0.000912399438675, 4.51863925264e-05, -0.000134028654429, -0.000396453309804], [-0.000636809621938, 0.00261247577146, -0.00130443484522, 0.00268992758356, -0.00140370079316, 0.000433776498539, -0.00417050393298, 0.0125464471057, -0.00615860335529, 0.00111693213694, -0.000877762155142, -0.000444824690931, -0.000613981741481], [0.000463355856482, -0.00208671344444, 0.000768304860685, -0.00131466099992, 0.00133487128187, -0.00110466300976, 0.00148899108171, -0.00615860335529, 0.0110797993839, -0.00429337099195, 0.000670683162753, 0.000421157194069, 0.00140913738869], [-0.000318279257044, 0.00183557614218, -0.00045356125338, 0.000847873569001, -0.000485934695462, 0.0015239684144, -0.000912399438675, 0.00111693213694, -0.00429337099195, 0.0114460615441, -0.00359971937723, 0.000187633282621, -4.89067861054e-05], [0.0002657197183, -0.00150945340283, 0.00100750662386, -0.000927793211304, 0.00146926543675, -0.00134340324439, 4.51863925264e-05, -0.000877762155142, 0.000670683162753, -0.00359971937723, 0.0104028442875, -0.00380360963754, 0.00095226772828], [-0.000235850806348, 0.00175643863622, -0.000566483009607, 0.00129440252203, -0.00154648069292, 2.2680267648e-05, -0.000134028654429, -0.000444824690931, 0.000421157194069, 0.000187633282621, -0.00380360963754, 0.0117209516466, -0.00382171478122], [0.000376904354198, -0.0014368534321, 0.00115394918248, -0.00117929116823, 0.00111462490167, -0.000597820209805, -0.000396453309804, -0.000613981741481, 0.00140913738869, -4.89067861054e-05, 0.00095226772828, -0.00382171478122, 0.00863681454211]]
    },
    "melbands": {
        "dmean": [0.00035836911411, 0.000890445662662, 0.000757094123401, 0.000206311044167, 0.000212550294236, 0.00015151729167, 7.98310065875e-05, 0.000128839281388, 5.81367348786e-05, 4.09083186241e-05, 6.48000495858e-05, 3.48792709701e-05, 9.990176477e-05, 6.18512785877e-05, 5.21435395058e-05, 2.90112966468e-05, 6.21731887804e-05, 1.81093619176e-05, 2.78023126157e-05, 3.04641689581e-05, 1.1306822671e-05, 1.57506692631e-05, 7.04229796611e-06, 1.06817096821e-05, 1.33498406285e-05, 5.13565555593e-06, 5.19904551766e-06, 3.37839924214e-06, 4.05962009609e-06, 1.32168690925e-06, 6.28715213224e-07, 6.23021151114e-07, 5.10041047619e-07, 2.9438990623e-07, 2.23664756049e-07, 1.47647170934e-07, 1.48294233782e-07, 8.23372801051e-08, 3.52880995536e-08, 2.84416721286e-08],
        "dmean2": [0.000478030589875, 0.00134229427204, 0.0012050307123, 0.000320842576912, 0.000349409179762, 0.000212003564229, 0.000109481792606, 0.000144424659084, 7.53177882871e-05, 5.19288114447e-05, 7.91377751739e-05, 4.54879373137e-05, 0.000135129739647, 8.62192682689e-05, 7.70217957324e-05, 4.4949916628e-05, 9.83987338259e-05, 2.88606624963e-05, 4.53402535641e-05, 5.13481572852e-05, 1.87205841939e-05, 2.64993650489e-05, 1.20629665616e-05, 1.82118565135e-05, 2.25458661589e-05, 8.73091539688e-06, 8.60456839291e-06, 5.6283770391e-06, 6.84696851749e-06, 2.21283676183e-06, 1.03124807538e-06, 1.02113051526e-06, 8.39932909003e-07, 4.65642415293e-07, 3.48161364627e-07, 2.33817303297e-07, 2.36203518966e-07, 1.30587935132e-07, 5.58733503908e-08, 4.60240130451e-08],
        "dvar": [4.1630579517e-07, 3.32045055984e-06, 6.98430812918e-06, 2.41006091528e-07, 3.37009396389e-07, 1.58244176873e-07, 3.16328083727e-08, 1.03496063275e-07, 1.59134376787e-08, 7.9885600357e-09, 2.18856364143e-08, 8.48488923566e-09, 8.40511233946e-08, 2.3829864304e-08, 2.20505906867e-08, 9.79686465286e-09, 1.97821830028e-08, 2.78584622038e-09, 7.00654823049e-09, 6.52236797904e-09, 8.36988478525e-10, 1.99183980421e-09, 3.72751274291e-10, 7.30304927643e-10, 8.80351180843e-10, 3.11932035757e-10, 2.22439386355e-10, 9.13152678472e-11, 1.74622011295e-10, 7.46600611196e-12, 2.29863307208e-12, 2.88217279903e-12, 1.14638756387e-12, 6.02219608816e-13, 7.98796846811e-13, 3.57209894259e-13, 1.00819352866e-12, 5.55591813875e-13, 1.5178013875e-14, 1.61595963119e-14],
        "dvar2": [8.34679326545e-07, 7.86508826423e-06, 1.76590092451e-05, 5.95019514549e-07, 1.10679513909e-06, 2.84695545361e-07, 6.42433874987e-08, 1.16930188199e-07, 2.32330972239e-08, 1.09467972464e-08, 2.92934725366e-08, 1.3462999604e-08, 1.57129179001e-07, 4.95738738948e-08, 4.45921202186e-08, 2.4747254912e-08, 5.04404482626e-08, 7.09780456631e-09, 1.77331287432e-08, 1.82054140652e-08, 2.23937512978e-09, 5.537723613e-09, 1.07027897656e-09, 2.15813589222e-09, 2.47060416569e-09, 8.76702821451e-10, 6.03636307606e-10, 2.51490495096e-10, 4.92900498195e-10, 2.11625127144e-11, 6.43564628672e-12, 7.83862818404e-12, 3.177082512e-12, 1.55361422512e-12, 1.83999495328e-12, 8.97066058589e-13, 2.48100303323e-12, 1.34674920955e-12, 3.41063779324e-14, 4.08384568838e-14],
        "max": [0.0260536335409, 0.0489929579198, 0.0716222077608, 0.0103053394705, 0.0178646799177, 0.0239950101823, 0.0106573170051, 0.0132535649464, 0.0069519369863, 0.00315970205702, 0.00509919365868, 0.00207138829865, 0.00910145137459, 0.0044383360073, 0.00610080221668, 0.0030010570772, 0.00346929882653, 0.00253144698218, 0.00250950804912, 0.00173043820541, 0.000637326214928, 0.00113143399358, 0.000527522584889, 0.000658849952742, 0.000484050484374, 0.000431460939581, 0.00056255236268, 0.000227498807362, 0.00027612777194, 4.96090397064e-05, 3.21666084346e-05, 6.28755733487e-05, 2.85845981125e-05, 2.26301035582e-05, 5.13415798196e-05, 2.75782767858e-05, 3.93600639654e-05, 4.8248191888e-05, 4.97705605085e-06, 4.64413324153e-06],
        "mean": [0.000938873970881, 0.00179490621667, 0.00120566703845, 0.000423454010161, 0.000421902805101, 0.000400449061999, 0.000224258867092, 0.000439302355517, 0.000153177694301, 0.000106803410745, 0.000175592664164, 7.88002216723e-05, 0.000190152175492, 0.000123609119328, 9.81576522463e-05, 5.07754157297e-05, 0.000101076489955, 3.07385416818e-05, 4.58871290903e-05, 4.73396612506e-05, 1.84177279152e-05, 2.76725368167e-05, 1.33371095217e-05, 1.74699944182e-05, 2.28382323257e-05, 9.22479739529e-06, 9.01309522305e-06, 6.13375777903e-06, 7.2569173426e-06, 2.50859261541e-06, 1.40042152452e-06, 1.33271146296e-06, 1.08465496851e-06, 7.05757599917e-07, 6.3049583332e-07, 4.18015247305e-07, 2.97301198771e-07, 1.88104735344e-07, 1.0379250881e-07, 8.50945056641e-08],
        "median": [0.000432934204582, 0.000802654772997, 0.000317033205647, 0.000151773332618, 0.000131900567794, 8.48905256134e-05, 4.3600484787e-05, 3.56607743015e-05, 5.07282638864e-05, 3.03670822177e-05, 2.80454187305e-05, 1.3863186723e-05, 2.37930016738e-05, 3.49468100467e-05, 2.76866521745e-05, 9.63905677054e-06, 3.03436518152e-05, 1.10976388896e-05, 1.05739982246e-05, 1.13764017442e-05, 7.13865347279e-06, 7.58376563681e-06, 3.57188105227e-06, 5.33983575224e-06, 5.81161384616e-06, 1.393816774e-06, 1.48362880736e-06, 1.03738454982e-06, 1.07726214083e-06, 5.82058760301e-07, 2.36415445443e-07, 2.49686763709e-07, 3.55891302206e-07, 1.27777056491e-07, 6.06367436262e-08, 4.73080099539e-08, 2.65423576451e-08, 1.66319669148e-08, 1.45897534054e-08, 7.45762651633e-09],
        "min": [6.05335965495e-24, 9.074288292e-24, 7.54254129512e-24, 1.06323777211e-23, 1.4258081838e-23, 1.12700668445e-23, 5.6686065535e-24, 2.73859563461e-23, 1.29994668855e-23, 8.60084789771e-24, 9.8638134181e-24, 5.54541172365e-24, 4.87293107335e-24, 9.67050699759e-24, 1.28400680732e-23, 1.68427246405e-23, 5.9230603438e-24, 1.09848518176e-23, 9.13060112772e-24, 1.12171516327e-23, 9.03587155478e-24, 6.59504953376e-24, 1.04519668098e-23, 8.26390410584e-24, 1.05514224484e-23, 6.66494458211e-24, 1.39386799461e-23, 1.14146634707e-23, 6.84497289587e-24, 9.14804915322e-24, 1.0594737223e-23, 9.60256950757e-24, 1.69791770667e-23, 1.21821123243e-23, 8.38507708519e-24, 9.55504616005e-24, 1.49564887964e-23, 9.65111600767e-24, 1.1055651295e-23, 1.36039504867e-23],
        "var": [1.90138621292e-06, 8.67247126735e-06, 9.82549136097e-06, 6.01933891176e-07, 7.37721336463e-07, 1.31293973027e-06, 3.28785802139e-07, 1.45597232404e-06, 1.01124193463e-07, 4.82245567923e-08, 1.58684187568e-07, 4.42731611372e-08, 2.64623878365e-07, 6.98013948863e-08, 6.13552444406e-08, 2.3324499665e-08, 3.82255329612e-08, 4.75979033965e-09, 1.53498760369e-08, 1.18272778238e-08, 1.38929534543e-09, 4.53740334194e-09, 7.94627363909e-10, 1.21673915388e-09, 1.75737746577e-09, 6.61749710584e-10, 4.84067785855e-10, 1.90167784297e-10, 3.33902655525e-10, 1.84448862434e-11, 7.75357816146e-12, 9.62556510192e-12, 3.50258645872e-12, 2.44889590377e-12, 3.29261032501e-12, 1.42067022209e-12, 1.47328817982e-12, 9.51686537735e-13, 1.00910809385e-13, 8.7063270818e-14]
    },
    "mfcc": {
        "mean": [-701.549987793, 148.308120728, -25.1583538055, 29.3667755127, 4.73489999771, 12.0998287201, 1.11407983303, 5.56507110596, -2.25396442413, 0.720690131187, 0.821492791176, 1.22864294052, 1.3703918457],
        "cov": [[12374.4853516, 869.262634277, -840.404602051, 941.089904785, -266.186828613, 257.63684082, 79.2403106689, 115.092803955, -132.49230957, 188.166778564, 90.4740905762, 157.430587769, 55.8433609009], [869.262634277, 2345.62304688, -52.2801017761, 204.699966431, 248.156417847, 130.246734619, 84.9779968262, 20.6435604095, 70.5089416504, 5.46465492249, -74.6441192627, -143.670303345, -119.191596985], [-840.404602051, -52.2801017761, 631.879699707, 2.1204328537, 95.9976654053, 39.6381874084, 5.51649427414, 31.4220752716, 9.35583972931, 11.6135282516, -20.744020462, 9.60996627808, -6.96777582169], [941.089904785, 204.699966431, 2.1204328537, 390.213928223, 66.7657699585, 109.637039185, 67.4798355103, 41.4651489258, 20.9372692108, 11.2489891052, -5.87240314484, -1.28013575077, 5.19059181213], [-266.186828613, 248.156417847, 95.9976654053, 66.7657699585, 243.643188477, 94.7203903198, 45.4346885681, 36.2047233582, 28.5750255585, -12.1706638336, -10.8622837067, -0.25641682744, 26.8830337524], [257.63684082, 130.246734619, 39.6381874084, 109.637039185, 94.7203903198, 183.072341919, 79.3588409424, 32.3124580383, 20.2791042328, -14.8598642349, -15.1508836746, -8.9226474762, 35.8075523376], [79.2403106689, 84.9779968262, 5.51649427414, 67.4798355103, 45.4346885681, 79.3588409424, 150.057144165, 38.3323249817, 17.036529541, -21.4845275879, -30.5507907867, -6.0554189682, 6.28800106049], [115.092803955, 20.6435604095, 31.4220752716, 41.4651489258, 36.2047233582, 32.3124580383, 38.3323249817, 146.188110352, 45.9127426147, -1.68500828743, 3.29074645042, 11.0366344452, 51.1190834045], [-132.49230957, 70.5089416504, 9.35583972931, 20.9372692108, 28.5750255585, 20.2791042328, 17.036529541, 45.9127426147, 124.193649292, 29.7691326141, -3.81060910225, -19.71118927, 33.4079017639], [188.166778564, 5.46465492249, 11.6135282516, 11.2489891052, -12.1706638336, -14.8598642349, -21.4845275879, -1.68500828743, 29.7691326141, 145.651367188, 38.9506034851, -17.4470729828, -12.6159029007], [90.4740905762, -74.6441192627, -20.744020462, -5.87240314484, -10.8622837067, -15.1508836746, -30.5507907867, 3.29074645042, -3.81060910225, 38.9506034851, 171.604232788, 67.7239379883, -10.6855983734], [157.430587769, -143.670303345, 9.60996627808, -1.28013575077, -0.25641682744, -8.9226474762, -6.0554189682, 11.0366344452, -19.71118927, -17.4470729828, 67.7239379883, 195.470611572, 64.1954574585], [55.8433609009, -119.191596985, -6.96777582169, 5.19059181213, 26.8830337524, 35.8075523376, 6.28800106049, 51.1190834045, 33.4079017639, -12.6159029007, -10.6855983734, 64.1954574585, 246.160964966]],
