{
"lowlevel": {
    "average_loudness": 0.935746610165,
    "barkbands_crest": {
        "dmean": 2.54724931717,
        "dmean2": 4.15308666229,
        "dvar": 5.39595365524,
        "dvar2": 14.3007726669,
        "max": 24.4673862457,
        "mean": 12.3835496902,
        "median": 11.9023361206,
        "min": 3.10221457481,
        "var": 14.4548215866
    },
    "barkbands_flatness_db": {
        "dmean": 0.0344665236771,
        "dmean2": 0.0487025566399,
        "dvar": 0.00125556474086,
        "dvar2": 0.00248727295548,
        "max": 0.477293521166,
        "mean": 0.218897968531,
        "median": 0.214741110802,
        "min": 0.0252373609692,
        "var": 0.00668004481122
    },
    "barkbands_kurtosis": {
        "dmean": 9.44936466217,
        "dmean2": 14.3529376984,
        "dvar": 214.457580566,
        "dvar2": 476.438201904,
        "max": 265.242889404,
        "mean": 17.5814609528,
        "median": 10.5448493958,
        "min": -1.83052766323,
        "var": 473.527069092
    },
    "barkbands_skewness": {
        "dmean": 0.878944933414,
        "dmean2": 1.33469498158,
        "dvar": 0.868632018566,
        "dvar2": 2.01776456833,
        "max": 13.9978742599,
        "mean": 2.77555608749,
        "median": 2.57488059998,
        "min": -2.81477165222,
        "var": 3.24675869942
    },
    "barkbands_spread": {
        "dmean": 5.20998859406,
        "dmean2": 7.88450145721,
        "dvar": 82.9426116943,
        "dvar2": 190.095443726,
        "max": 104.859786987,
        "mean": 10.1903867722,
        "median": 6.39211034775,
        "min": 0.405406206846,
        "var": 127.147834778
    },
    "dissonance": {
        "dmean": 0.0303811579943,
        "dmean2": 0.0493125021458,
        "dvar": 0.000798885303084,
        "dvar2": 0.00196065078489,
        "max": 0.500000178814,
        "mean": 0.419254302979,
        "median": 0.434833586216,
        "min": 0.1272636801,
        "var": 0.00354222534224
    },
    "dynamic_complexity": 2.58682775497,
    "erbbands_crest": {
        "dmean": 2.37418031693,
        "dmean2": 3.70873999596,
        "dvar": 5.25529909134,
        "dvar2": 12.7016143799,
        "max": 29.7706623077,
        "mean": 10.4928731918,
        "median": 9.94159126282,
        "min": 2.35061883926,
        "var": 18.1704292297
    },
    "erbbands_flatness_db": {
        "dmean": 0.0299992896616,
        "dmean2": 0.0393301807344,
        "dvar": 0.000897603807971,
        "dvar2": 0.00175234500784,
        "max": 0.438811212778,
        "mean": 0.186146199703,
        "median": 0.168342322111,
        "min": 0.0292638000101,
        "var": 0.00785292126238
    },
    "erbbands_kurtosis": {
        "dmean": 2.20514273643,
        "dmean2": 3.31015896797,
        "dvar": 12.6404972076,
        "dvar2": 26.9229278564,
        "max": 78.5084838867,
        "mean": 3.49877643585,
        "median": 1.39344954491,
        "min": -1.71116483212,
        "var": 38.1676521301
    },
    "erbbands_skewness": {
        "dmean": 0.461853504181,
        "dmean2": 0.688638746738,
        "dvar": 0.230882674456,
        "dvar2": 0.513610363007,
        "max": 7.1059179306,
        "mean": 1.29821705818,
        "median": 1.1758415699,
        "min": -2.90729832649,
        "var": 1.03038561344
    },
    "erbbands_spread": {
        "dmean": 10.6337080002,
        "dmean2": 15.2164802551,
        "dvar": 228.533233643,
        "dvar2": 470.475799561,
        "max": 167.331985474,
        "mean": 33.0353813171,
        "median": 25.2306594849,
        "min": 2.31507396698,
        "var": 666.504882812
    },
    "hfc": {
        "dmean": 7.78265094757,
        "dmean2": 11.890953064,
        "dvar": 225.976669312,
        "dvar2": 557.000061035,
        "max": 203.287582397,
        "mean": 14.7594738007,
        "median": 10.674489975,
        "min": 1.1544826137e-16,
        "var": 244.944778442
    },
    "melbands_crest": {
        "dmean": 3.05931186676,
        "dmean2": 5.00388240814,
        "dvar": 8.41586303711,
        "dvar2": 21.4791965485,
        "max": 31.1292495728,
        "mean": 16.1011676788,
        "median": 15.3437843323,
        "min": 2.01507735252,
        "var": 26.4358768463
    },
    "melbands_flatness_db": {
        "dmean": 0.0393858291209,
        "dmean2": 0.0555549040437,
        "dvar": 0.00174415879883,
        "dvar2": 0.00341137847863,
        "max": 0.621138989925,
        "mean": 0.325877130032,
        "median": 0.324122399092,
        "min": 0.00404975749552,
        "var": 0.00882007554173
    },
    "melbands_kurtosis": {
        "dmean": 15.9120597839,
        "dmean2": 24.7494068146,
        "dvar": 669.579345703,
        "dvar2": 1588.47717285,
        "max": 523.600585938,
        "mean": 30.921667099,
        "median": 18.2129669189,
        "min": -1.8150588274,
        "var": 1438.4510498
    },
    "melbands_skewness": {
        "dmean": 0.98475176096,
        "dmean2": 1.50924921036,
        "dvar": 1.36461770535,
        "dvar2": 3.16847681999,
        "max": 15.7289266586,
        "mean": 3.42000460625,
        "median": 3.10695719719,
        "min": -1.34271764755,
        "var": 5.08605146408
    },
    "melbands_spread": {
        "dmean": 2.85306978226,
        "dmean2": 4.51863908768,
        "dvar": 24.3375663757,
        "dvar2": 57.0942802429,
        "max": 167.159118652,
        "mean": 7.45347642899,
        "median": 5.48580741882,
        "min": 0.452927708626,
        "var": 63.2894668579
    },
    "pitch_salience": {
        "dmean": 0.0763970166445,
        "dmean2": 0.122824557126,
        "dvar": 0.00499435514212,
        "dvar2": 0.0125065855682,
        "max": 0.844049334526,
        "mean": 0.55043566227,
        "median": 0.566373944283,
        "min": 0.134741738439,
        "var": 0.0145334759727
    },
    "silence_rate_20dB": {
        "dmean": 0,
        "dmean2": 0,
        "dvar": 0,
        "dvar2": 0,
        "max": 1,
        "mean": 1,
        "median": 1,
        "min": 1,
        "var": 0
    },
    "silence_rate_30dB": {
        "dmean": 0.0100882723927,
        "dmean2": 0.0201782416552,
        "dvar": 0.00998522248119,
        "dvar2": 0.0275032650679,
        "max": 1,
        "mean": 0.993359088898,
        "median": 1,
        "min": 0,
        "var": 0.00659747282043
    },
    "silence_rate_60dB": {
        "dmean": 0.0100882723927,
        "dmean2": 0.0200941655785,
        "dvar": 0.00998510699719,
        "dvar2": 0.0225444994867,
        "max": 1,
        "mean": 0.0232851374894,
        "median": 0,
        "min": 0,
        "var": 0.022747354582
    },
    "spectral_centroid": {
        "dmean": 124.560783386,
        "dmean2": 190.441925049,
        "dvar": 46966.5195312,
        "dvar2": 94695.515625,
        "max": 10643.9667969,
        "mean": 509.734619141,
        "median": 413.056732178,
        "min": 135.376373291,
        "var": 118664.125
    },
    "spectral_complexity": {
        "dmean": 2.7488861084,
        "dmean2": 4.17782068253,
        "dvar": 16.5655288696,
        "dvar2": 32.3962783813,
        "max": 52,
        "mean": 11.4538497925,
        "median": 10,
        "min": 0,
        "var": 35.91639328
    },
    "spectral_decrease": {
        "dmean": 3.57075102819e-09,
        "dmean2": 5.85206905157e-09,
        "dvar": 2.71484928748e-17,
        "dvar2": 7.22980935488e-17,
        "max": -6.1348476152e-29,
        "mean": -9.35372046484e-09,
        "median": -8.10411560082e-09,
        "min": -4.72174122024e-08,
        "var": 4.52597000678e-17
    },
    "spectral_energy": {
        "dmean": 0.0139589607716,
        "dmean2": 0.0228173937649,
        "dvar": 0.000413117522839,
        "dvar2": 0.00109689775854,
        "max": 0.183986499906,
        "mean": 0.0366417765617,
        "median": 0.031855776906,
        "min": 1.07030474656e-20,
        "var": 0.000685779552441
    },
    "spectral_energyband_high": {
        "dmean": 0.000485264405143,
        "dmean2": 0.000740977528039,
        "dvar": 1.36174617182e-06,
        "dvar2": 3.3403866837e-06,
        "max": 0.0169088151306,
        "mean": 0.000508025928866,
        "median": 6.66826817906e-05,
        "min": 7.74549549713e-21,
        "var": 1.35563493586e-06
    },
    "spectral_energyband_low": {
        "dmean": 0.0087223071605,
        "dmean2": 0.0145467715338,
        "dvar": 0.000274999649264,
        "dvar2": 0.000753825006541,
        "max": 0.147619351745,
        "mean": 0.0145583748817,
        "median": 0.00807723030448,
        "min": 7.22762439299e-23,
        "var": 0.000338834244758
    },
    "spectral_energyband_middle_high": {
        "dmean": 0.00089500809554,
        "dmean2": 0.00145856640302,
        "dvar": 4.94193227496e-06,
        "dvar2": 1.31596270876e-05,
        "max": 0.0286390408874,
        "mean": 0.00154200010002,
        "median": 0.000939619843848,
        "min": 1.65656498693e-21,
        "var": 4.71791463497e-06
    },
    "spectral_energyband_middle_low": {
        "dmean": 0.00783181004226,
        "dmean2": 0.0124273011461,
        "dvar": 0.000142487551784,
        "dvar2": 0.00035351634142,
        "max": 0.175284013152,
        "mean": 0.0222519170493,
        "median": 0.0170555897057,
        "min": 3.85416309441e-22,
        "var": 0.00034211151069
    },
    "spectral_entropy": {
        "dmean": 0.346561670303,
        "dmean2": 0.468901574612,
        "dvar": 0.145202413201,
        "dvar2": 0.270502507687,
        "max": 9.7854681015,
        "mean": 6.66906690598,
        "median": 6.64653778076,
        "min": 4.4492893219,
        "var": 0.715839743614
    },
    "spectral_flux": {
        "dmean": 0.0357464402914,
        "dmean2": 0.0556779839098,
        "dvar": 0.00195283279754,
        "dvar2": 0.0038989672903,
        "max": 0.37526807189,
        "mean": 0.0799922123551,
        "median": 0.0629428774118,
        "min": 1.03455535805e-10,
        "var": 0.00337317050435
    },
    "spectral_kurtosis": {
        "dmean": 8.76321315765,
        "dmean2": 13.2299175262,
        "dvar": 213.898574829,
        "dvar2": 516.807189941,
        "max": 252.745147705,
        "mean": 21.5576553345,
        "median": 9.93033599854,
        "min": -1.17410624027,
        "var": 964.804321289
    },
    "spectral_rms": {
        "dmean": 0.0010792381363,
        "dmean2": 0.00171921099536,
        "dvar": 1.85106955541e-06,
        "dvar2": 4.71892326459e-06,
        "max": 0.0133977243677,
        "mean": 0.00557190878317,
        "median": 0.005574837327,
        "min": 3.23140797974e-12,
        "var": 4.7019188969e-06
    },
    "spectral_rolloff": {
        "dmean": 294.959777832,
        "dmean2": 533.505310059,
        "dvar": 1204631.5,
        "dvar2": 3377427.25,
        "max": 18432.421875,
        "mean": 598.487365723,
        "median": 387.59765625,
        "min": 107.666015625,
        "var": 1298213.375
    },
    "spectral_skewness": {
        "dmean": 0.671727657318,
        "dmean2": 0.970868349075,
        "dvar": 0.623190164566,
        "dvar2": 1.45538210869,
        "max": 12.294670105,
        "mean": 3.23276138306,
        "median": 2.73371982574,
        "min": 0.0649085566401,
        "var": 3.51090335846
    },
    "spectral_spread": {
        "dmean": 1221075.5,
        "dmean2": 1573652.125,
        "dvar": 2.02827563008e+12,
        "dvar2": 3.50179373875e+12,
        "max": 40365684,
        "mean": 4713833,
        "median": 4328360.5,
        "min": 353918.9375,
        "var": 8.19558665421e+12
    },
    "spectral_strongpeak": {
        "dmean": 0.293074309826,
        "dmean2": 0.486400991678,
        "dvar": 0.118784956634,
        "dvar2": 0.287474036217,
        "max": 6.42066240311,
        "mean": 0.855771422386,
        "median": 0.698911368847,
        "min": 0,
        "var": 0.389223992825
    },
    "zerocrossingrate": {
        "dmean": 0.0118533503264,
        "dmean2": 0.01421278622,
        "dvar": 0.000270965072559,
        "dvar2": 0.000360644829925,
        "max": 0.4990234375,
        "mean": 0.0378957726061,
        "median": 0.02734375,
        "min": 0.0048828125,
        "var": 0.00119717093185
    },
    "barkbands": {
        "dmean": [0.000462846481241, 0.00353705720045, 0.00479470938444, 0.00218964042142, 0.00539652910084, 0.00125507393386, 0.000758003210649, 0.000416760740336, 0.000282574357698, 0.000227915355936, 0.000121384211525, 0.000211139005842, 0.00023953265918, 0.000108202104457, 9.17458673939e-05, 6.29970454611e-05, 5.25988725713e-05, 3.14454227919e-05, 3.16233490594e-05, 3.35876757163e-05, 4.60448609374e-05, 5.70106458326e-05, 5.91319949308e-05, 5.70436386624e-05, 8.08477125247e-05, 0.000108638036181, 8.43422603793e-05],
        "dmean2": [0.000784924312029, 0.00631410768256, 0.00770163303241, 0.00354996928945, 0.00867838039994, 0.00189927057363, 0.00120078446344, 0.000659930054098, 0.000461862218799, 0.000352476752596, 0.000194122912944, 0.000357192126103, 0.000418296345742, 0.000179950278834, 0.000152400214574, 0.000105181257823, 8.28733536764e-05, 4.80590533698e-05, 4.95461972605e-05, 5.26424373675e-05, 7.16461145203e-05, 8.90610681381e-05, 9.09692971618e-05, 8.85513436515e-05, 0.000126735307276, 0.000170074767084, 0.00013884351938],
        "dvar": [4.45972045782e-06, 0.000112952831842, 6.20186838205e-05, 1.33629782795e-05, 8.33881058497e-05, 5.9549611251e-06, 2.94565734293e-06, 9.46507555e-07, 6.66878349875e-07, 2.29936460983e-07, 6.68262032377e-08, 4.90538980102e-07, 9.89315708466e-07, 1.64707842032e-07, 5.75078118459e-08, 2.55005190297e-08, 1.52310519752e-08, 6.06395422764e-09, 5.70129721211e-09, 8.51847659078e-09, 2.24046576847e-08, 3.11579313461e-08, 3.53468614378e-08, 3.55664013796e-08, 5.44221485654e-08, 8.08699951449e-08, 5.71871296984e-08],
        "dvar2": [1.06390380097e-05, 0.000322212668834, 0.00015215028543, 3.27158304572e-05, 0.000206649841857, 1.34468618853e-05, 7.24522169548e-06, 2.2151077701e-06, 1.8623214828e-06, 5.45416469322e-07, 1.66838802329e-07, 1.3582326801e-06, 2.84313932752e-06, 4.45577683195e-07, 1.56700849629e-07, 6.70934667824e-08, 3.6317523211e-08, 1.30036630352e-08, 1.23749872571e-08, 2.08262864732e-08, 5.64642839151e-08, 7.34437648475e-08, 8.85357636093e-08, 9.41729183523e-08, 1.41604445503e-07, 2.04551710681e-07, 1.4925737446e-07],
        "max": [0.0347648821771, 0.113268181682, 0.0926604866982, 0.0534617900848, 0.128935068846, 0.0648546740413, 0.0403788350523, 0.0272249542177, 0.0144257452339, 0.0109885726124, 0.00466771656647, 0.0112995710224, 0.0176720861346, 0.012673471123, 0.00344379595481, 0.00211369106546, 0.00241005560383, 0.00156458746642, 0.00116444937885, 0.00158726423979, 0.00263814930804, 0.00282937963493, 0.00416658679023, 0.00386302103288, 0.00419668341056, 0.00431178603321, 0.00230261962861],
        "mean": [0.000359958066838, 0.00429986324161, 0.0078194597736, 0.00413740659133, 0.00927573814988, 0.00513705704361, 0.00217782473192, 0.000796085980255, 0.000478104571812, 0.000438112707343, 0.000201099741389, 0.00024492648663, 0.00026498400257, 0.000121127952298, 0.000125241131173, 7.55162254791e-05, 7.63071147958e-05, 4.08681880799e-05, 4.6584798838e-05, 4.24710851803e-05, 5.28478740307e-05, 6.04297201789e-05, 6.27679764875e-05, 6.09324815741e-05, 7.55660803406e-05, 9.9555196357e-05, 7.10011736373e-05],
        "median": [1.49693014464e-05, 0.00201684702188, 0.00324893160723, 0.00190965342335, 0.0055930102244, 0.00145274971146, 0.000752638210543, 0.000308809161652, 0.000127848281409, 0.000192781968508, 8.15897074062e-05, 8.2556027337e-05, 6.3231884269e-05, 3.14578719554e-05, 4.32480119343e-05, 2.13036983041e-05, 2.33217870118e-05, 8.18037187855e-06, 8.78479113453e-06, 5.67867164136e-06, 6.02413638262e-06, 5.51331959286e-06, 5.29444241693e-06, 7.78404319135e-06, 7.59025442676e-06, 9.19556441659e-06, 3.2872662814e-06],
        "min": [6.82333065471e-23, 1.62289861231e-23, 1.99244428989e-23, 1.95226713067e-23, 3.7254631514e-23, 4.22900190244e-23, 7.51199234102e-23, 1.2707516722e-22, 7.37727319998e-23, 9.39353477832e-23, 9.95682248541e-23, 7.88910445686e-23, 9.14299823462e-23, 1.27353174424e-22, 7.55078599598e-23, 2.19406300088e-22, 2.22263743613e-22, 2.61900836035e-22, 2.28384849854e-22, 3.66850916109e-22, 4.50751082275e-22, 5.46873417545e-22, 6.63993942691e-22, 7.95379445897e-22, 9.79274408718e-22, 1.62672943446e-21, 2.74052772536e-21],
        "var": [3.94856806452e-06, 7.91101556388e-05, 0.000133245790494, 3.35731165251e-05, 0.000145967802382, 6.33936069789e-05, 1.51512040247e-05, 2.72887496067e-06, 8.37602499359e-07, 4.88258990572e-07, 1.16035849373e-07, 3.66649203443e-07, 6.72686326197e-07, 1.34709793542e-07, 6.13433783769e-08, 2.41251676414e-08, 2.11291553143e-08, 8.98328078591e-09, 9.14947850816e-09, 1.21960148647e-08, 2.21653735366e-08, 3.25196545248e-08, 3.43544570569e-08, 2.904619123e-08, 4.36078835264e-08, 7.00586042512e-08, 4.69653222979e-08]
    },
    "erbbands": {
        "dmean": [0.0953285992146, 0.876904904842, 4.72159767151, 6.3496632576, 17.0407752991, 16.3126277924, 8.14956474304, 10.563501358, 10.9909257889, 12.5078792572, 6.0006403923, 6.94416856766, 7.56505155563, 4.83462381363, 5.67878437042, 9.738322258, 11.0671577454, 5.79414606094, 4.17901611328, 4.89241123199, 3.22769713402, 2.64592170715, 1.67472696304, 1.59587466717, 1.74394261837, 1.6263204813, 1.74335873127, 1.97435688972, 2.16620707512, 1.79227745533, 1.67078220844, 1.27436161041, 0.893911242485, 0.936949431896, 0.55600053072, 0.399332910776, 0.212780609727, 0.0795567184687, 0.0164490584284, 0.000589858856983],
        "dmean2": [0.170288175344, 1.55571854115, 7.62126064301, 10.3129138947, 26.4859428406, 27.145275116, 12.4970664978, 16.4905281067, 17.4062633514, 19.9851856232, 9.42411327362, 11.1674661636, 12.051117897, 7.50848054886, 9.24162960052, 16.6747188568, 19.2299289703, 9.89045906067, 6.752805233, 8.42635059357, 5.25669002533, 4.17042064667, 2.57768368721, 2.38434457779, 2.77871990204, 2.58820366859, 2.69092965126, 3.10279083252, 3.39613223076, 2.72395396233, 2.61684346199, 2.00287723541, 1.38000583649, 1.47914850712, 0.877841770649, 0.630953192711, 0.336853146553, 0.126563623548, 0.027218202129, 0.000983103993349],
        "dvar": [0.113808549941, 5.7578997612, 63.7836837769, 100.215309143, 905.965393066, 786.599182129, 192.283126831, 440.81930542, 556.196533203, 949.402832031, 140.774002075, 372.93838501, 321.790130615, 143.400054932, 152.188034058, 1139.89587402, 1854.05529785, 277.808044434, 170.988342285, 165.235656738, 67.0796127319, 39.3478736877, 16.1780338287, 15.7653045654, 19.2034053802, 21.3475189209, 29.090013504, 36.6591758728, 45.008266449, 28.7245082855, 31.1076641083, 20.3262958527, 7.29802417755, 7.96527910233, 2.69633483887, 1.31325161457, 0.308008551598, 0.0429921299219, 0.0022849033121, 3.05103321807e-06],
        "dvar2": [0.300914496183, 16.8071556091, 160.365158081, 268.637329102, 2051.96557617, 2127.95336914, 443.686431885, 1034.51965332, 1320.62353516, 2335.86694336, 348.767333984, 1018.23400879, 826.641601562, 338.767333984, 385.64263916, 3229.74145508, 5313.68017578, 764.610229492, 465.475708008, 462.15802002, 173.32409668, 91.0392227173, 36.1988983154, 32.4187660217, 42.6291427612, 52.8550949097, 70.4139938354, 91.261138916, 105.175079346, 64.6831359863, 81.5327758789, 53.7294654846, 19.0217132568, 20.9448661804, 7.05071163177, 3.41176724434, 0.786740720272, 0.107772372663, 0.00604384485632, 8.08948789199e-06],
        "max": [4.33099889755, 23.8045959473, 93.5917816162, 140.511672974, 482.486083984, 328.820587158, 373.578735352, 591.401855469, 621.074951172, 645.707885742, 228.182952881, 321.651947021, 371.190093994, 402.076934814, 211.972122192, 536.457275391, 763.055541992, 318.021972656, 410.699523926, 165.550445557, 121.861885071, 120.142196655, 64.2147293091, 111.47984314, 67.1506195068, 86.9178085327, 92.1725234985, 93.5122375488, 105.898460388, 96.9356079102, 138.895629883, 115.41619873, 62.3671417236, 45.2271270752, 33.5947990417, 25.9771556854, 7.62048864365, 2.49375033379, 0.480730563402, 0.0167194008827],
        "mean": [0.0924334675074, 1.19698107243, 7.86468648911, 12.3831071854, 28.4218330383, 27.6142139435, 27.7743225098, 40.8538780212, 36.7266921997, 26.2478504181, 12.5068235397, 12.9411306381, 13.8901176453, 8.96833133698, 8.94655799866, 12.0747995377, 13.076374054, 6.68662929535, 5.39534759521, 6.62448263168, 4.10175323486, 3.83396100998, 2.41173529625, 2.34899163246, 2.42895317078, 2.10231733322, 2.12244939804, 2.15023565292, 2.26399421692, 1.99245214462, 1.77419555187, 1.35099470615, 0.966266155243, 0.880063414574, 0.513991177082, 0.355639994144, 0.195255801082, 0.0709941908717, 0.0138729820028, 0.000504662748426],
        "median": [0.0263408273458, 0.654406428337, 3.18715834618, 6.34740066528, 13.9685459137, 17.3461780548, 12.1725006104, 11.4348487854, 12.4159584045, 10.1347236633, 7.1706571579, 4.01714229584, 5.85253381729, 4.20622730255, 4.08644866943, 4.52882862091, 3.53469467163, 2.3148651123, 1.57300615311, 2.61381912231, 1.31295967102, 1.13114619255, 0.674770116806, 0.427075207233, 0.4188195467, 0.272297978401, 0.281945168972, 0.206018149853, 0.202684670687, 0.171492695808, 0.147750049829, 0.150849342346, 0.129436522722, 0.0890350043774, 0.0489780381322, 0.0335304290056, 0.0175752546638, 0.00538028497249, 0.00058034772519, 6.37979901512e-05],
        "min": [7.51290375935e-22, 3.32352971019e-21, 1.99331075956e-20, 5.05183853946e-20, 6.19746333145e-20, 1.78636904036e-19, 2.71109815782e-19, 3.03968040502e-19, 5.85322824212e-19, 2.45437205646e-18, 2.22001090262e-18, 1.46579227298e-18, 2.3629588794e-18, 4.66627307356e-18, 2.46322557736e-18, 3.23846421052e-18, 5.04987436032e-18, 4.76686485349e-18, 7.0220197652e-18, 6.07176460367e-18, 1.10628069837e-17, 1.35894905489e-17, 1.28195971569e-17, 1.44646377108e-17, 9.74868995995e-18, 1.9710046401e-17, 1.74128847763e-17, 1.79045294995e-17, 1.84601963478e-17, 2.23550440908e-17, 1.68701666133e-17, 1.59249655253e-17, 1.37384806665e-17, 8.98286216061e-18, 8.58017657635e-18, 6.01815916407e-18, 3.34475505808e-18, 1.27683227122e-18, 3.91845020442e-19, 3.73798007428e-20],
        "var": [0.0845708027482, 4.17284059525, 130.427154541, 224.905975342, 1915.25280762, 1044.17944336, 1432.67199707, 4094.26464844, 4245.63720703, 2341.86523438, 307.877593994, 566.083496094, 535.465148926, 274.329467773, 208.184494019, 821.274963379, 1331.21606445, 221.313323975, 193.462081909, 154.562072754, 65.3347625732, 57.3831787109, 21.9858169556, 30.6362800598, 27.8669090271, 32.1010093689, 31.7847537994, 37.7118530273, 46.4038696289, 33.7183036804, 28.1166591644, 16.5452461243, 6.1893954277, 6.26579523087, 2.10755348206, 1.02976977825, 0.268192976713, 0.0383216552436, 0.00185273215175, 2.35618244915e-06]
    },
    "gfcc": {
        "mean": [-46.0832901001, 120.963058472, -63.1666755676, 2.49972677231, -46.6371154785, 1.80662178993, -41.6972808838, -4.44528341293, -24.6014728546, -3.57747578621, -16.7757167816, -1.82172250748, -13.3211545944],
        "cov": [[10750.2558594, -2951.68701172, 646.785888672, 1197.66259766, -132.909454346, 396.01852417, 69.1831054688, 238.310531616, -467.138305664, 66.3130950928, -509.600341797, 57.7033424377, -341.096832275], [-2951.68701172, 3418.87890625, -790.09375, -886.335693359, 343.187408447, -309.069854736, -105.085624695, -240.674240112, 409.770294189, -47.1519737244, 426.917907715, -61.9225997925, 306.247650146], [646.785888672, -790.09375, 1357.94287109, 364.073760986, 3.69177365303, 92.1098175049, 115.745315552, 86.783531189, -133.100128174, 33.1586990356, -99.357131958, 52.6545715332, -128.001800537], [1197.66259766, -886.335693359, 364.073760986, 766.609313965, -110.734565735, 136.312988281, 114.524551392, 108.255058289, -131.779174805, -40.3818740845, -151.964675903, -66.7350692749, -109.590019226], [-132.909454346, 343.187408447, 3.69177365303, -110.734565735, 284.896575928, 6.58034706116, 32.7736663818, -11.7552175522, 81.496055603, -0.359255105257, 26.1019802094, -11.6598291397, 24.5366191864], [396.01852417, -309.069854736, 92.1098175049, 136.312988281, 6.58034706116, 181.618438721, 53.5910148621, 40.3212242126, -42.9725875854, 5.83591794968, -42.8351211548, -9.73527050018, -37.5350265503], [69.1831054688, -105.085624695, 115.745315552, 114.524551392, 32.7736663818, 53.5910148621, 177.17956543, 53.8834648132, 3.34958171844, 3.29064011574, -10.4466514587, -29.6223526001, -27.1564388275], [238.310531616, -240.674240112, 86.783531189, 108.255058289, -11.7552175522, 40.3212242126, 53.8834648132, 123.319969177, 11.7130060196, 21.8194007874, -32.9933433533, 9.74292564392, -23.3443889618], [-467.138305664, 409.770294189, -133.100128174, -131.779174805, 81.496055603, -42.9725875854, 3.34958171844, 11.7130060196, 169.122512817, 38.7998123169, 62.897605896, -3.75595211983, 52.0623016357], [66.3130950928, -47.1519737244, 33.1586990356, -40.3818740845, -0.359255105257, 5.83591794968, 3.29064011574, 21.8194007874, 38.7998123169, 100.173728943, 50.8456382751, 37.5281333923, -0.643678247929], [-509.600341797, 426.917907715, -99.357131958, -151.964675903, 26.1019802094, -42.8351211548, -10.4466514587, -32.9933433533, 62.897605896, 50.8456382751, 158.488983154, 36.6254844666, 45.8106193542], [57.7033424377, -61.9225997925, 52.6545715332, -66.7350692749, -11.6598291397, -9.73527050018, -29.6223526001, 9.74292564392, -3.75595211983, 37.5281333923, 36.6254844666, 104.748748779, 27.2569351196], [-341.096832275, 306.247650146, -128.001800537, -109.590019226, 24.5366191864, -37.5350265503, -27.1564388275, -23.3443889618, 52.0623016357, -0.643678247929, 45.8106193542, 27.2569351196, 93.9732894897]],
        "icov": [[0.000148543753312, 6.81045730744e-06, 6.87602368998e-05, -0.0001797934965, -0.000149281346239, -4.20699361712e-05, 6.44654792268e-05, 1.08715112219e-05, 0.000245362956775, -0.000377213291358, 0.000378030556021, -0.000270535208983, 0.000200135240448], [6.81045730744e-06, 0.00112832011655, -5.1403134421e-05, 0.000463403266622, -0.00045453212806, 0.000379440287361, 0.000144569799886, 0.000374048075173, -0.00114062288776, 0.0016831047833, -0.00237042526715, 0.00152997823898, -0.00142178474925], [6.87602368998e-05, -5.1403134421e-05, 0.00111954694148, -0.000492348452099, -0.000447782775154, 0.000193981846678, -0.000486408767756, 0.000100221564935, 0.000591709162109, -0.000696104252711, 0.000671177869663, -0.00139770179521, 0.00119223655201], [-0.0001797934965, 0.000463403266622, -0.000492348452099, 0.00283922138624, 0.000712838256732, -0.000534373277333, -0.000563978741411, -0.00119357998483, 4.38073220721e-05, 0.00145581213292, -0.00078643852612, 0.00234577874653, -0.000692716566846], [-0.000149281346239, -0.00045453212806, -0.000447782775154, 0.000712838256732, 0.00506182014942, -0.00117287575267, -0.00110950984526, 0.000775818421971, -0.0024619710166, 0.000943019695114, 0.000711559143383, -0.000197874105652, 0.000323699525325], [-4.20699361712e-05, 0.000379440287361, 0.000193981846678, -0.000534373277333, -0.00117287575267, 0.00759408483282, -0.00127660587896, -0.000862443703227, 0.00153994781431, -0.00112950464245, 7.13678309694e-05, 0.00055123254424, -4.74374501209e-05], [6.44654792268e-05, 0.000144569799886, -0.000486408767756, -0.000563978741411, -0.00110950984526, -0.00127660587896, 0.00831050798297, -0.0032084363047, 3.66332860722e-05, 0.000427153659984, -0.00214118184522, 0.00293823308311, 1.14443093935e-06], [1.08715112219e-05, 0.000374048075173, 0.000100221564935, -0.00119357998483, 0.000775818421971, -0.000862443703227, -0.0032084363047, 0.0136307757348, -0.00457077240571, -0.00137052556966, 0.00286267348565, -0.00388922449201, 0.00173236301634], [0.000245362956775, -0.00114062288776, 0.000591709162109, 4.38073220721e-05, -0.0024619710166, 0.00153994781431, 3.66332860722e-05, -0.00457077240571, 0.014132768847, -0.00718080671504, 0.00126223324332, 0.00283100339584, -0.00371749373153], [-0.000377213291358, 0.0016831047833, -0.000696104252711, 0.00145581213292, 0.000943019695114, -0.00112950464245, 0.000427153659984, -0.00137052556966, -0.00718080671504, 0.0206128638238, -0.00943094771355, -0.00222625839524, 0.00234358152375], [0.000378030556021, -0.00237042526715, 0.000671177869663, -0.00078643852612, 0.000711559143383, 7.13678309694e-05, -0.00214118184522, 0.00286267348565, 0.00126223324332, -0.00943094771355, 0.0174618531018, -0.00632875459269, 0.00158861384261], [-0.000270535208983, 0.00152997823898, -0.00139770179521, 0.00234577874653, -0.000197874105652, 0.00055123254424, 0.00293823308311, -0.00388922449201, 0.00283100339584, -0.00222625839524, -0.00632875459269, 0.0195089858025, -0.00913846679032], [0.000200135240448, -0.00142178474925, 0.00119223655201, -0.000692716566846, 0.000323699525325, -4.74374501209e-05, 1.14443093935e-06, 0.00173236301634, -0.00371749373153, 0.00234358152375, 0.00158861384261, -0.00913846679032, 0.0210962854326]]
    },
    "melbands": {
        "dmean": [0.000914605334401, 0.00200107879937, 0.00124981650151, 0.00139162305277, 0.000312751188176, 0.000238132139202, 0.000166700934642, 0.000129592313897, 4.6625831601e-05, 4.13467059843e-05, 3.75025119865e-05, 1.98270372493e-05, 1.85677690752e-05, 2.11746919376e-05, 3.3151023672e-05, 1.61275002029e-05, 1.09521088234e-05, 6.62015554553e-06, 6.90468641551e-06, 5.37328287464e-06, 3.79477478418e-06, 2.8684555673e-06, 2.2364013148e-06, 1.44925206769e-06, 1.29825855311e-06, 1.30395710585e-06, 1.13764622256e-06, 1.09879636057e-06, 1.05388983229e-06, 1.18218019907e-06, 1.13914165922e-06, 1.25578128518e-06, 1.09282257199e-06, 1.04213188479e-06, 1.0269016002e-06, 7.9818391896e-07, 8.04689420875e-07, 6.20689320385e-07, 6.63226728648e-07, 8.40235259147e-07],
        "dmean2": [0.001635224442, 0.00330578768626, 0.00198957393877, 0.00225250562653, 0.000493298226502, 0.000367307686247, 0.000264629838057, 0.000206802520552, 7.28611339582e-05, 6.76278432366e-05, 5.97932375968e-05, 3.07936606987e-05, 2.98557006317e-05, 3.49089059455e-05, 5.91463649471e-05, 2.76406008197e-05, 1.86738016055e-05, 1.07319929157e-05, 1.1772968719e-05, 9.1851761681e-06, 6.16229181105e-06, 4.56300085716e-06, 3.52088068212e-06, 2.22909216063e-06, 1.94611857296e-06, 2.09177869692e-06, 1.82080850664e-06, 1.75872366981e-06, 1.63672984854e-06, 1.88047226857e-06, 1.79644155196e-06, 1.9796318611e-06, 1.72118643604e-06, 1.59697719937e-06, 1.6312740172e-06, 1.25193207623e-06, 1.26818349599e-06, 9.71405256678e-07, 1.03540287455e-06, 1.34075730784e-06],
        "dvar": [8.77234197105e-06, 1.29934414872e-05, 3.2372017813e-06, 5.66134895053e-06, 2.42657392846e-07, 2.23389307052e-07, 1.2826086504e-07, 1.0176881915e-07, 8.7590832365e-09, 1.43341774006e-08, 7.91936027866e-09, 2.47239206885e-09, 1.48014633883e-09, 3.69927888322e-09, 2.00864764821e-08, 3.39371797331e-09, 1.22245669143e-09, 6.44656716897e-10, 3.72416431027e-10, 1.72883735106e-10, 9.94741025662e-11, 4.88672609322e-11, 2.62025037084e-11, 1.26738116529e-11, 1.08365295903e-11, 1.0039706913e-11, 9.61429894031e-12, 1.01155993304e-11, 8.85015324914e-12, 1.86169395872e-11, 1.13613901273e-11, 1.44483817272e-11, 1.34433540688e-11, 9.60310390236e-12, 1.12275761605e-11, 9.8699035056e-12, 7.51885012584e-12, 3.32776666466e-12, 4.1970394174e-12, 6.51207083049e-12],
        "dvar2": [2.41133238887e-05, 3.49643742084e-05, 8.21320008981e-06, 1.42866647366e-05, 5.95526046254e-07, 5.18312504028e-07, 3.08165567731e-07, 2.4816279165e-07, 2.2393697563e-08, 3.98414421454e-08, 2.02499172985e-08, 5.82584291919e-09, 3.67673402835e-09, 9.93370186109e-09, 5.80686112528e-08, 9.67535651597e-09, 3.35963212805e-09, 1.77337244889e-09, 1.03905506421e-09, 4.69617733589e-10, 2.56618060135e-10, 1.167778374e-10, 6.23172416447e-11, 2.85897659713e-11, 2.24872811344e-11, 2.27031466543e-11, 2.28062135149e-11, 2.5295585071e-11, 2.08578172095e-11, 4.86256590548e-11, 2.8021298823e-11, 3.38097674857e-11, 3.23449496353e-11, 2.17904166933e-11, 2.94001663292e-11, 2.68958171706e-11, 1.98281842334e-11, 8.62922754086e-12, 1.11002318448e-11, 1.71189954573e-11],
        "max": [0.0353206172585, 0.0338630340993, 0.023226024583, 0.0323994904757, 0.0103750489652, 0.0131255844608, 0.0093978010118, 0.00746924756095, 0.00140949175693, 0.00204803608358, 0.00190348899923, 0.00166397355497, 0.000691404566169, 0.00102021370549, 0.00227651768364, 0.00115985586308, 0.0007978429785, 0.000998919829726, 0.000282176566543, 0.000160732291988, 0.00015677374904, 0.000119077005365, 0.000104335958895, 5.79916704737e-05, 9.7699885373e-05, 4.24580757681e-05, 5.29835560883e-05, 6.18454723735e-05, 4.5837216021e-05, 8.49271018524e-05, 5.43574424228e-05, 5.62030072615e-05, 7.943163655e-05, 4.95990461786e-05, 7.26316284272e-05, 0.000102200603578, 5.82568136451e-05, 3.87156360375e-05, 4.65447810711e-05, 3.9715134335e-05],
        "mean": [0.00102458347101, 0.0032432647422, 0.00256377737969, 0.00229698559269, 0.000957024749368, 0.000949567183852, 0.000536071951501, 0.000262829154963, 9.70655237325e-05, 7.25254940335e-05, 6.72393143759e-05, 3.53582327079e-05, 3.03367796732e-05, 2.74485100817e-05, 3.58825782314e-05, 1.93222258531e-05, 1.21641623991e-05, 8.26456926006e-06, 8.93519063538e-06, 7.29533576305e-06, 4.54168139186e-06, 3.93184109271e-06, 3.21348761645e-06, 1.90323487459e-06, 1.84849977813e-06, 1.86216630027e-06, 1.3814766362e-06, 1.41219311445e-06, 1.32711613787e-06, 1.23568520394e-06, 1.21952484733e-06, 1.27749865442e-06, 1.15971135983e-06, 1.12436134714e-06, 1.08885410555e-06, 8.15511157271e-07, 8.25530662496e-07, 6.59810154957e-07, 6.83792336531e-07, 7.60507646191e-07],
        "median": [0.000412122026319, 0.00149698776659, 0.00159249291755, 0.00130221317522, 0.000515647814609, 0.000263668538537, 0.000184054966667, 9.70494002104e-05, 5.15871652169e-05, 2.19624162128e-05, 2.70570562861e-05, 1.53647324623e-05, 1.25016176753e-05, 1.02836374936e-05, 1.05680665001e-05, 6.17517889623e-06, 3.40977908309e-06, 2.03948366106e-06, 2.92935192192e-06, 2.61388026956e-06, 1.21723155644e-06, 1.11855388241e-06, 8.41559540277e-07, 3.84401914744e-07, 2.945560027e-07, 3.39417795203e-07, 1.96109510853e-07, 1.61233117524e-07, 1.86146792203e-07, 1.2669099192e-07, 1.10026697087e-07, 1.12284560316e-07, 9.5362516106e-08, 9.34932131713e-08, 8.29043145245e-08, 7.99821009423e-08, 9.44027789274e-08, 9.02979309103e-08, 8.04480464467e-08, 6.96232120845e-08],
        "min": [8.67919361851e-24, 8.47756156e-24, 8.45744324033e-24, 9.10479985409e-24, 9.01187440604e-24, 7.28014643652e-24, 1.0798487373e-23, 2.94166925755e-23, 1.62371161236e-23, 9.3852257064e-24, 1.21889911914e-23, 1.89595492604e-23, 1.05306793509e-23, 6.28620891164e-24, 1.09553050324e-23, 8.90907163059e-24, 9.00873868394e-24, 1.29597658827e-23, 4.7160577993e-24, 1.55039629977e-23, 1.05721111145e-23, 1.26608783186e-23, 1.66121153543e-23, 8.73723958164e-24, 1.25139632302e-23, 7.86419617378e-24, 7.90396107429e-24, 1.43239580344e-23, 8.81590636883e-24, 1.30076820829e-23, 1.02346798066e-23, 9.16205695632e-24, 1.24371195006e-23, 1.30986653554e-23, 8.57254120184e-24, 1.12688086113e-23, 8.89015001292e-24, 9.34218939972e-24, 9.04493635544e-24, 6.8427104428e-24],
        "var": [6.35289961792e-06, 2.02892770176e-05, 7.79366109782e-06, 9.51285983319e-06, 1.27616328882e-06, 2.1943315005e-06, 9.02455724372e-07, 2.55735614019e-07, 1.70950524847e-08, 1.86062205643e-08, 1.33994335627e-08, 4.79202810766e-09, 2.51439735699e-09, 3.19763193701e-09, 1.27682042717e-08, 2.46564391126e-09, 9.65969970679e-10, 6.89367452011e-10, 3.41937450576e-10, 1.72250255726e-10, 9.67788904571e-11, 6.36952504629e-11, 3.9053382056e-11, 1.74198572234e-11, 2.14868695753e-11, 1.54609242076e-11, 1.12303708e-11, 1.66987760425e-11, 1.10354069632e-11, 1.59827342333e-11, 1.19457655573e-11, 1.46537539047e-11, 1.37167993977e-11, 1.09765131012e-11, 1.04990764346e-11, 7.39793296067e-12, 6.12296541594e-12, 2.84565079833e-12, 3.36087364536e-12, 5.06650320656e-12]
    },
    "mfcc": {
        "mean": [-711.6171875, 169.743240356, 34.4785995483, 12.683054924, 12.8384685516, 3.33968043327, -4.23535728455, -3.87840151787, -5.09991836548, -6.0800485611, -5.75082015991, -1.64076685905, -0.754141032696],
        "cov": [[7415.76855469, -2552.24658203, 158.472198486, 544.78692627, -128.553344727, 174.829360962, 266.995147705, 212.993301392, 98.5681991577, 41.7935447693, 0.195588186383, -265.470947266, -210.954116821], [-2552.24658203, 3076.95532227, -458.623596191, -521.66809082, 171.308746338, -118.241958618, -270.671417236, -212.327896118, -106.191795349, -72.3684616089, -24.4037418365, 222.639007568, 218.900436401], [158.472198486, -458.623596191, 895.36126709, 323.143798828, 18.8450565338, 68.3706893921, 152.024734497, 82.0049057007, 11.4682559967, 24.1780872345, 44.6485900879, -81.8942947388, -65.6827316284], [544.78692627, -521.66809082, 323.143798828, 453.930847168, -1.83219707012, 40.6670074463, 124.26966095, 94.3420791626, 46.671421051, 55.7885780334, 14.3732872009, -70.0015106201, -79.0630950928], [-128.553344727, 171.308746338, 18.8450565338, -1.83219707012, 176.402023315, 39.1385154724, -15.6473140717, 3.76425123215, 26.1304244995, -0.64471912384, 2.49867200851, 9.49421691895, 13.6587324142], [174.829360962, -118.241958618, 68.3706893921, 40.6670074463, 39.1385154724, 127.670982361, 69.0518493652, 28.4606056213, 18.5021781921, 20.801240921, 12.0120992661, -6.12508583069, -10.8915405273], [266.995147705, -270.671417236, 152.024734497, 124.26966095, -15.6473140717, 69.0518493652, 180.961074829, 74.4064025879, 9.14000415802, 31.3266448975, 24.3767242432, -35.0021476746, -36.3709068298], [212.993301392, -212.327896118, 82.0049057007, 94.3420791626, 3.76425123215, 28.4606056213, 74.4064025879, 110.019775391, 53.4266662598, 26.250005722, 9.67342567444, -26.0055541992, -27.9307060242], [98.5681991577, -106.191795349, 11.4682559967, 46.671421051, 26.1304244995, 18.5021781921, 9.14000415802, 53.4266662598, 122.351951599, 46.8669815063, 3.90579581261, -9.2698097229, -6.61682224274], [41.7935447693, -72.3684616089, 24.1780872345, 55.7885780334, -0.64471912384, 20.801240921, 31.3266448975, 26.250005722, 46.8669815063, 103.716384888, 42.7339439392, -7.65940189362, 0.225221723318], [0.195588186383, -24.4037418365, 44.6485900879, 14.3732872009, 2.49867200851, 12.0120992661, 24.3767242432, 9.67342567444, 3.90579581261, 42.7339439392, 85.5185546875, 31.7472686768, 10.8656682968], [-265.470947266, 222.639007568, -81.8942947388, -70.0015106201, 9.49421691895, -6.12508583069, -35.0021476746, -26.0055541992, -9.2698097229, -7.65940189362, 31.7472686768, 107.845596313, 67.0582885742], [-210.954116821, 218.900436401, -65.6827316284, -79.0630950928, 13.6587324142, -10.8915405273, -36.3709068298, -27.9307060242, -6.61682224274, 0.225221723318, 10.8656682968, 67.0582885742, 106.99168396]],
