{
"lowlevel": {
    "average_loudness": 0.891777813435,
    "barkbands_crest": {
        "dmean": 3.67767286301,
        "dmean2": 5.76894664764,
        "dvar": 12.8605470657,
        "dvar2": 27.4489860535,
        "max": 26.8629989624,
        "mean": 15.458776474,
        "median": 15.8114938736,
        "min": 2.01001977921,
        "var": 43.1556549072
    },
    "barkbands_flatness_db": {
        "dmean": 0.0556418634951,
        "dmean2": 0.0763357207179,
        "dvar": 0.00396044459194,
        "dvar2": 0.007015645504,
        "max": 0.954533398151,
        "mean": 0.2469073385,
        "median": 0.217244058847,
        "min": 0.0215429607779,
        "var": 0.0219355169684
    },
    "barkbands_kurtosis": {
        "dmean": 45.0188407898,
        "dmean2": 73.6174163818,
        "dvar": 38243.5703125,
        "dvar2": 89064.28125,
        "max": 11318.3251953,
        "mean": 50.2049331665,
        "median": 7.90403795242,
        "min": -1.94635128975,
        "var": 50382.5625
    },
    "barkbands_skewness": {
        "dmean": 1.9461299181,
        "dmean2": 2.94932460785,
        "dvar": 9.26696681976,
        "dvar2": 22.236410141,
        "max": 90.6106643677,
        "mean": 3.44181013107,
        "median": 2.50641822815,
        "min": -6.24043130875,
        "var": 18.1849594116
    },
    "barkbands_spread": {
        "dmean": 10.7754945755,
        "dmean2": 16.9945926666,
        "dvar": 256.427703857,
        "dvar2": 562.24822998,
        "max": 117.117538452,
        "mean": 19.3494377136,
        "median": 10.9286499023,
        "min": 0.0136534236372,
        "var": 461.522399902
    },
    "dissonance": {
        "dmean": 0.027176246047,
        "dmean2": 0.0450200401247,
        "dvar": 0.00160073186271,
        "dvar2": 0.0040065147914,
        "max": 0.500000119209,
        "mean": 0.456097126007,
        "median": 0.477252662182,
        "min": 0.061811324209,
        "var": 0.00341680226848
    },
    "dynamic_complexity": 3.8022582531,
    "erbbands_crest": {
        "dmean": 3.26528906822,
        "dmean2": 5.18585109711,
        "dvar": 10.728102684,
        "dvar2": 23.3906021118,
        "max": 29.5338611603,
        "mean": 10.5007886887,
        "median": 9.08724021912,
        "min": 2.41735339165,
        "var": 34.5585861206
    },
    "erbbands_flatness_db": {
        "dmean": 0.0356695428491,
        "dmean2": 0.0484383590519,
        "dvar": 0.00166024034843,
        "dvar2": 0.00284101697616,
        "max": 0.681746721268,
        "mean": 0.195507958531,
        "median": 0.155973494053,
        "min": 0.0347360447049,
        "var": 0.0128458999097
    },
    "erbbands_kurtosis": {
        "dmean": 6.10578298569,
        "dmean2": 9.2473897934,
        "dvar": 208.359329224,
        "dvar2": 441.994781494,
        "max": 240.959335327,
        "mean": 7.50763988495,
        "median": 0.413354754448,
        "min": -1.95363605022,
        "var": 454.509124756
    },
    "erbbands_skewness": {
        "dmean": 0.917843818665,
        "dmean2": 1.30750632286,
        "dvar": 1.22474873066,
        "dvar2": 2.34803986549,
        "max": 12.5565490723,
        "mean": 0.796424269676,
        "median": 0.294671773911,
        "min": -6.23151922226,
        "var": 4.3257021904
    },
    "erbbands_spread": {
        "dmean": 16.2978363037,
        "dmean2": 24.9360179901,
        "dvar": 507.93951416,
        "dvar2": 1189.78796387,
        "max": 222.49319458,
        "mean": 42.1606521606,
        "median": 36.8744125366,
        "min": 0.385079473257,
        "var": 1134.50109863
    },
    "hfc": {
        "dmean": 16.6409778595,
        "dmean2": 24.2902030945,
        "dvar": 774.741333008,
        "dvar2": 1438.88537598,
        "max": 227.626419067,
        "mean": 25.8606262207,
        "median": 12.6374425888,
        "min": 1.09358564318e-16,
        "var": 1374.41088867
    },
    "melbands_crest": {
        "dmean": 4.07913398743,
        "dmean2": 6.24334764481,
        "dvar": 15.7637729645,
        "dvar2": 33.0734329224,
        "max": 38.4156799316,
        "mean": 20.6562156677,
        "median": 21.2374172211,
        "min": 1.00828671455,
        "var": 67.0211639404
    },
    "melbands_flatness_db": {
        "dmean": 0.0664199143648,
        "dmean2": 0.090282343328,
        "dvar": 0.00594045966864,
        "dvar2": 0.0102167194709,
        "max": 1,
        "mean": 0.324030280113,
        "median": 0.296063423157,
        "min": -1.2080109002e-07,
        "var": 0.0343398749828
    },
    "melbands_kurtosis": {
        "dmean": 58.3537445068,
        "dmean2": 92.0657196045,
        "dvar": 26519.0058594,
        "dvar2": 65540.6015625,
        "max": 4808.12939453,
        "mean": 75.2690582275,
        "median": 22.9862785339,
        "min": -1.9279255867,
        "var": 33754.4609375
    },
    "melbands_skewness": {
        "dmean": 2.12487697601,
        "dmean2": 3.17870116234,
        "dvar": 8.90457057953,
        "dvar2": 21.7922267914,
        "max": 43.4318351746,
        "mean": 4.79601144791,
        "median": 3.69499874115,
        "min": -5.02717161179,
        "var": 21.412569046
    },
    "melbands_spread": {
        "dmean": 10.3498249054,
        "dmean2": 16.0972576141,
        "dvar": 290.678833008,
        "dvar2": 600.993652344,
        "max": 210.519729614,
        "mean": 19.7671127319,
        "median": 7.40044879913,
        "min": 0.0529188625515,
        "var": 832.191711426
    },
    "pitch_salience": {
        "dmean": 0.105430528522,
        "dmean2": 0.159638404846,
        "dvar": 0.0116134053096,
        "dvar2": 0.0231697410345,
        "max": 0.995890974998,
        "mean": 0.420205444098,
        "median": 0.418425619602,
        "min": 0.00732588069513,
        "var": 0.0494432784617
    },
    "silence_rate_20dB": {
        "dmean": 0,
        "dmean2": 0,
        "dvar": 0,
        "dvar2": 0,
        "max": 1,
        "mean": 1,
        "median": 1,
        "min": 1,
        "var": 0
    },
    "silence_rate_30dB": {
        "dmean": 0.091510400176,
        "dmean2": 0.183033272624,
        "dvar": 0.0831373929977,
        "dvar2": 0.191793501377,
        "max": 1,
        "mean": 0.905154764652,
        "median": 1,
        "min": 0,
        "var": 0.0858496502042
    },
    "silence_rate_60dB": {
        "dmean": 0.0504602789879,
        "dmean2": 0.100859247148,
        "dvar": 0.0479151979089,
        "dvar2": 0.107997901738,
        "max": 1,
        "mean": 0.120210006833,
        "median": 0,
        "min": 0,
        "var": 0.105747140944
    },
    "spectral_centroid": {
        "dmean": 435.457885742,
        "dmean2": 654.564147949,
        "dvar": 374817.6875,
        "dvar2": 728721.6875,
        "max": 11739.8398438,
        "mean": 1426.00244141,
        "median": 1059.26538086,
        "min": 55.3254203796,
        "var": 1997422.375
    },
    "spectral_complexity": {
        "dmean": 5.30664825439,
        "dmean2": 7.63604736328,
        "dvar": 58.286781311,
        "dvar2": 106.788444519,
        "max": 63,
        "mean": 13.5308876038,
        "median": 9,
        "min": 0,
        "var": 170.70022583
    },
    "spectral_decrease": {
        "dmean": 4.71786210099e-09,
        "dmean2": 6.79490330668e-09,
        "dvar": 3.19403551264e-17,
        "dvar2": 7.58120229653e-17,
        "max": 3.01679496122e-28,
        "mean": -1.18497718304e-08,
        "median": -9.92819693124e-09,
        "min": -5.60392088289e-08,
        "var": 1.08840259564e-16
    },
    "spectral_energy": {
        "dmean": 0.0182468444109,
        "dmean2": 0.0263193137944,
        "dvar": 0.000460923532955,
        "dvar2": 0.00108164828271,
        "max": 0.212897583842,
        "mean": 0.0470694117248,
        "median": 0.0415545776486,
        "min": 9.99420457161e-21,
        "var": 0.00158933259081
    },
    "spectral_energyband_high": {
        "dmean": 0.00157165329438,
        "dmean2": 0.00229018484242,
        "dvar": 9.28472127271e-06,
        "dvar2": 1.69987779373e-05,
        "max": 0.0244232788682,
        "mean": 0.00194461736828,
        "median": 0.000212855782593,
        "min": 6.8648567219e-21,
        "var": 1.61202315212e-05
    },
    "spectral_energyband_low": {
        "dmean": 0.0159225128591,
        "dmean2": 0.0244146119803,
        "dvar": 0.00057297811145,
        "dvar2": 0.00144900917076,
        "max": 0.211790427566,
        "mean": 0.0330247692764,
        "median": 0.0184659827501,
        "min": 1.88701681644e-23,
        "var": 0.00145869003609
    },
    "spectral_energyband_middle_high": {
        "dmean": 0.00238658022135,
        "dmean2": 0.0035602604039,
        "dvar": 1.85225162568e-05,
        "dvar2": 3.70225207007e-05,
        "max": 0.0609407052398,
        "mean": 0.00351945962757,
        "median": 0.00106515665539,
        "min": 1.19394262088e-21,
        "var": 3.36202647304e-05
    },
    "spectral_energyband_middle_low": {
        "dmean": 0.00773899210617,
        "dmean2": 0.0122465351596,
        "dvar": 0.000221837690333,
        "dvar2": 0.000544141279534,
        "max": 0.138736113906,
        "mean": 0.00972135178745,
        "median": 0.0034685335122,
        "min": 1.42475877791e-22,
        "var": 0.000274725956842
    },
    "spectral_entropy": {
        "dmean": 0.431894123554,
        "dmean2": 0.591670155525,
        "dvar": 0.325738787651,
        "dvar2": 0.534276723862,
        "max": 9.82149505615,
        "mean": 7.23733186722,
        "median": 7.62814283371,
        "min": 2.14709663391,
        "var": 1.57645142078
    },
    "spectral_flux": {
        "dmean": 0.0413223057985,
        "dmean2": 0.0644606053829,
        "dvar": 0.00201172637753,
        "dvar2": 0.00434206519276,
        "max": 0.393554031849,
        "mean": 0.104788050056,
        "median": 0.0928121060133,
        "min": 6.36818237032e-11,
        "var": 0.00500308675691
    },
    "spectral_kurtosis": {
        "dmean": 10.6035575867,
        "dmean2": 16.5733242035,
        "dvar": 1102.13012695,
        "dvar2": 3113.4206543,
        "max": 887.817687988,
        "mean": 19.1968421936,
        "median": 3.02130222321,
        "min": -1.28769850731,
        "var": 2915.68310547
    },
    "spectral_rms": {
        "dmean": 0.00131596857682,
        "dmean2": 0.00183640047908,
        "dvar": 1.83056795322e-06,
        "dvar2": 3.73312013835e-06,
        "max": 0.0144119728357,
        "mean": 0.0059541258961,
        "median": 0.00636718561873,
        "min": 3.12257012781e-12,
        "var": 1.04695282062e-05
    },
    "spectral_rolloff": {
        "dmean": 930.95916748,
        "dmean2": 1600.46716309,
        "dvar": 3510970,
        "dvar2": 7930529.5,
        "max": 19638.28125,
        "mean": 1804.76965332,
        "median": 387.59765625,
        "min": 43.06640625,
        "var": 9055284
    },
    "spectral_skewness": {
        "dmean": 0.732758700848,
        "dmean2": 1.03855490685,
        "dvar": 1.47950279713,
        "dvar2": 3.28090214729,
        "max": 25.5517616272,
        "mean": 2.43738222122,
        "median": 1.48648953438,
        "min": -0.500534117222,
        "var": 7.2364449501
    },
    "spectral_spread": {
        "dmean": 1190784,
        "dmean2": 1687480.375,
        "dvar": 2.90046450074e+12,
        "dvar2": 5.0999286825e+12,
        "max": 50218532,
        "mean": 5687333.5,
        "median": 5598629,
        "min": 113499,
        "var": 2.06046169661e+13
    },
    "spectral_strongpeak": {
        "dmean": 0.347433179617,
        "dmean2": 0.551197230816,
        "dvar": 0.265185058117,
        "dvar2": 0.657360196114,
        "max": 8.86446094513,
        "mean": 0.692024588585,
        "median": 0.532811045647,
        "min": 0,
        "var": 0.460130959749
    },
    "zerocrossingrate": {
        "dmean": 0.0186461172998,
        "dmean2": 0.0212691370398,
        "dvar": 0.000514565152116,
        "dvar2": 0.000619781843852,
        "max": 0.53271484375,
        "mean": 0.0609013177454,
        "median": 0.037109375,
        "min": 0.001953125,
        "var": 0.0051688705571
    },
    "barkbands": {
        "dmean": [0.000425976119004, 0.011382414028, 0.00698450580239, 0.00239748996682, 0.0032906436827, 0.00154964881949, 0.000580160238314, 0.000358513818355, 0.000603038584813, 0.00046991740237, 0.000468144222395, 0.000353778712451, 0.000424834230216, 0.000321356434142, 0.00022724540031, 0.000190556762391, 0.000135925060022, 0.000132929766551, 0.000220678717596, 0.000184233227628, 0.000208615660085, 0.00029332016129, 0.000355683092494, 0.000344933621818, 0.000234289764194, 0.000119285323308, 6.81429219185e-06],
        "dmean2": [0.000604540575296, 0.0178641136736, 0.0101805329323, 0.00382171804085, 0.00569043634459, 0.00235924590379, 0.000865646172315, 0.000567553157452, 0.000953541370109, 0.000736481510103, 0.000760907540098, 0.000558056344744, 0.000683489837684, 0.000496075314004, 0.000334128446411, 0.000320603867294, 0.000199308226001, 0.00019408899243, 0.000369870103896, 0.000265770300757, 0.000311081617838, 0.00041844061343, 0.000571411044803, 0.00048320449423, 0.000360105972504, 0.000191296945559, 1.11462095447e-05],
        "dvar": [8.66474351824e-07, 0.0003380496928, 0.000313352240482, 4.733323658e-05, 7.54645589041e-05, 1.63261520356e-05, 3.15223792313e-06, 1.05819049168e-06, 2.20257629735e-06, 2.26446468332e-06, 1.82169833352e-06, 1.05150184027e-06, 1.17577440051e-06, 7.22614799997e-07, 3.16380294407e-07, 2.1973146147e-07, 7.77798305762e-08, 1.6647054224e-07, 3.00928292063e-07, 2.11673651052e-07, 2.06530486935e-07, 3.89906915643e-07, 6.31526688721e-07, 4.93093352816e-07, 1.84876114417e-07, 7.40275680755e-08, 2.42966119446e-10],
        "dvar2": [1.76971320798e-06, 0.000896193785593, 0.000685857841745, 0.000117915747978, 0.000192610474187, 3.50927803083e-05, 5.53955487703e-06, 2.40454141931e-06, 4.78944093629e-06, 4.96620896229e-06, 4.1922426135e-06, 2.63442757387e-06, 2.75232923741e-06, 1.7580914573e-06, 6.21601486728e-07, 5.63227558814e-07, 1.47001372852e-07, 3.1175304116e-07, 7.72123428305e-07, 3.97078281367e-07, 4.34645642144e-07, 6.78962237544e-07, 1.44446744343e-06, 8.29780333333e-07, 3.91350937434e-07, 1.84924388691e-07, 6.17836004579e-10],
        "max": [0.0205945391208, 0.204537525773, 0.144016325474, 0.100780241191, 0.125382766128, 0.100637316704, 0.0651327744126, 0.02995955199, 0.0367656089365, 0.0442785993218, 0.0307736545801, 0.0387880578637, 0.0317167825997, 0.0233215354383, 0.0126937404275, 0.00848165340722, 0.00445437664166, 0.023609995842, 0.00456588715315, 0.0146666234359, 0.00909748114645, 0.00643262034282, 0.00693610822782, 0.0059640519321, 0.00419793464243, 0.00387932523154, 0.00021705875406],
        "mean": [0.00121452996973, 0.0238826032728, 0.00689069181681, 0.00206731399521, 0.00311231287196, 0.00212695589289, 0.000885884743184, 0.000507360033225, 0.000796682434157, 0.00062149297446, 0.000511588761583, 0.000412923720432, 0.000490651931614, 0.000365918123862, 0.000289448013064, 0.000214316838537, 0.000198285662918, 0.000187574129086, 0.000234006874962, 0.000236144187511, 0.000272791774478, 0.000372315349523, 0.000393401714973, 0.000413721456425, 0.00025098954211, 0.000110551911348, 8.81682171894e-06],
        "median": [9.27251094254e-05, 0.0115909576416, 0.000252805883065, 7.9359706433e-05, 0.00038219045382, 0.000354494579369, 0.000128402316477, 5.99807062827e-05, 0.000119790995086, 8.56980768731e-05, 8.50040960358e-05, 7.02108809492e-05, 6.06818939559e-05, 3.97034709749e-05, 3.81977879442e-05, 3.59531477443e-05, 2.94691162708e-05, 3.85495695809e-05, 3.73022412532e-05, 3.19483151543e-05, 3.57378012268e-05, 2.96006055578e-05, 2.9818747862e-05, 2.69476113317e-05, 2.21937389142e-05, 6.37127368464e-06, 8.00365910436e-07],
        "min": [4.75788093652e-25, 1.36332036185e-24, 2.79299851975e-25, 5.91864193387e-25, 1.97005941507e-24, 7.96546934793e-24, 5.68864322606e-24, 4.93467127209e-24, 1.25807584496e-23, 9.86545030448e-24, 1.53530144635e-23, 2.38019971706e-23, 1.87610213695e-23, 2.58374570991e-23, 4.22858633052e-23, 6.66209064113e-23, 5.82146783875e-23, 8.69011571329e-23, 1.12384078053e-22, 1.73777550344e-22, 1.98932658537e-22, 2.91792252481e-22, 3.99497716412e-22, 5.69382585288e-22, 8.80098159382e-22, 1.2290336783e-21, 1.91594517887e-21],
        "var": [6.11662017036e-06, 0.000891360687092, 0.00035969648161, 4.29150386481e-05, 7.23547200323e-05, 3.32367781084e-05, 9.61981004366e-06, 2.22701191888e-06, 4.40863504991e-06, 3.6348062622e-06, 2.25830785894e-06, 1.33874550556e-06, 1.66016570802e-06, 1.16402054573e-06, 5.67116387629e-07, 2.66340435928e-07, 1.73211859078e-07, 3.53117798113e-07, 3.03990987049e-07, 4.57680442878e-07, 3.57684967867e-07, 6.8644772e-07, 8.33989133753e-07, 9.1772074029e-07, 2.46746310495e-07, 6.42075264068e-08, 3.25239973842e-10]
    },
    "erbbands": {
        "dmean": [0.375997781754, 2.41631054878, 6.66884994507, 7.12140130997, 13.582072258, 7.84000253677, 8.79277133942, 13.7665224075, 8.88736534119, 9.11465644836, 8.1962184906, 11.899848938, 14.5948047638, 20.9696407318, 14.5729827881, 14.5407876968, 17.6728572845, 17.7354125977, 13.6142444611, 9.99769306183, 9.59543704987, 8.23703670502, 7.17964744568, 11.0435667038, 9.69991874695, 8.55154800415, 7.68334150314, 9.74936580658, 10.6539068222, 10.8466873169, 9.87549972534, 7.71743106842, 5.49839830399, 2.75477290154, 1.66869711876, 0.644292473793, 0.197167307138, 0.0275195110589, 0.00118511123583, 4.91121681989e-05],
        "dmean2": [0.575272083282, 3.77843618393, 9.20241546631, 9.95650291443, 24.0674915314, 13.2451763153, 13.5452728271, 21.0278701782, 12.7737588882, 14.1242275238, 12.8491067886, 18.8993854523, 22.5994110107, 33.2244110107, 22.4947624207, 23.0265159607, 28.5573577881, 26.9379386902, 20.5421657562, 15.3264732361, 16.1505489349, 11.9684476852, 10.475815773, 18.2470245361, 15.7049713135, 12.4381580353, 12.1678647995, 13.6762876511, 15.4948186874, 16.5169467926, 15.9535741806, 11.540514946, 7.21086120605, 4.12200832367, 2.64768671989, 1.01119327545, 0.321594357491, 0.0461371801794, 0.0019338632701, 7.54056309233e-05],
        "dvar": [0.455683737993, 16.0102596283, 216.030990601, 321.904724121, 1634.42126465, 358.457763672, 660.369873047, 1504.21875, 753.116943359, 658.464050293, 477.137939453, 951.098083496, 2016.29785156, 4410.67871094, 1300.54992676, 1885.96740723, 2046.08178711, 1709.75561523, 1247.18395996, 661.326599121, 496.129272461, 296.290618896, 482.106201172, 742.44909668, 551.66986084, 535.52166748, 294.792266846, 424.623962402, 526.435058594, 536.755187988, 526.796142578, 284.766357422, 110.866401672, 27.4198665619, 10.7450284958, 1.80967760086, 0.224923551083, 0.00509683834389, 7.10409949534e-06, 5.40905809032e-09],
        "dvar2": [1.16772317886, 42.4493026733, 428.78427124, 672.380859375, 4361.05371094, 888.362670898, 1363.9074707, 3181.41088867, 1165.8125, 1557.37683105, 1017.06768799, 2148.91772461, 4363.00634766, 10149.3261719, 2986.78881836, 4679.29296875, 4872.42822266, 3891.45141602, 2598.9609375, 1317.74609375, 1271.07592773, 588.345581055, 865.39642334, 1958.33239746, 1285.25805664, 1063.32080078, 666.247924805, 800.461181641, 933.618103027, 1094.03613281, 1276.71252441, 509.330352783, 192.315841675, 53.6569976807, 24.8026561737, 4.40478897095, 0.568731427193, 0.0133397243917, 1.81664072443e-05, 1.33660531532e-08],
        "max": [8.96790218353, 51.7558288574, 126.292381287, 240.147979736, 428.105133057, 285.110412598, 721.309509277, 1268.03125, 932.340759277, 777.058288574, 737.769287109, 921.592407227, 1242.67370605, 1923.90270996, 660.175720215, 1958.4967041, 1588.75964355, 1300.91772461, 1285.14672852, 556.237182617, 301.313201904, 222.071105957, 1271.46289062, 375.578857422, 297.826171875, 823.005371094, 276.816925049, 367.46484375, 195.423568726, 230.632492065, 204.502365112, 140.909820557, 96.9011764526, 42.4304733276, 44.9826698303, 18.483549118, 7.09896707535, 0.96153241396, 0.0370529592037, 0.0010319610592],
        "mean": [0.845349788666, 4.71327352524, 8.27243518829, 7.53905630112, 10.5407552719, 8.2621421814, 11.690322876, 18.5596847534, 13.5205392838, 13.913312912, 11.6815309525, 15.7416067123, 20.1162452698, 24.6715164185, 17.3459415436, 17.054725647, 21.200428009, 20.5557289124, 17.4595317841, 12.7380018234, 11.5811185837, 11.7596597672, 10.3565158844, 11.4447879791, 11.813117981, 11.045712471, 10.1300048828, 12.3432779312, 13.3879327774, 12.9118881226, 10.6696004868, 9.29015922546, 6.31810092926, 3.11568856239, 1.68267166615, 0.611704051495, 0.180561438203, 0.0256032142788, 0.00146536738612, 0.000109859509394],
        "median": [0.342958986759, 2.24845552444, 1.10076248646, 0.40612590313, 0.735679268837, 1.19767069817, 1.71029210091, 2.63985729218, 2.01504945755, 2.15348625183, 1.79481816292, 2.61953854561, 3.20079231262, 3.16466188431, 3.95727038383, 3.29402828217, 2.9694108963, 2.70761013031, 2.22432661057, 1.85771596432, 2.05932283401, 1.78480470181, 2.11105823517, 2.01285743713, 1.71286773682, 1.54791975021, 1.56248354912, 1.25867176056, 1.0439889431, 0.970015525818, 0.829607009888, 0.618991792202, 0.399897933006, 0.245976805687, 0.145463496447, 0.0461565628648, 0.0090083796531, 0.00145495473407, 0.000116825438454, 8.57366321725e-05],
        "min": [5.77254710303e-23, 1.67903818262e-22, 9.52921759184e-22, 5.47576723014e-21, 4.91637543569e-21, 1.45412697132e-20, 2.50470806469e-20, 6.28034036648e-20, 6.72453506295e-20, 2.24925271955e-19, 1.16342035502e-19, 2.8969341052e-19, 5.12682873046e-19, 5.06832586465e-19, 1.19287271527e-18, 1.30735668339e-18, 9.77170481293e-19, 1.54605153987e-18, 1.80737433559e-18, 2.82339759365e-18, 3.52458515723e-18, 4.37912725008e-18, 5.56267753645e-18, 6.85879552365e-18, 5.59452440362e-18, 8.47888748316e-18, 6.31858206357e-18, 9.35310406689e-18, 1.01525335971e-17, 1.06446266522e-17, 1.16109249817e-17, 1.00289536407e-17, 8.71020357838e-18, 6.57434134588e-18, 6.31316982082e-18, 4.07086515992e-18, 2.5177460855e-18, 9.98538934659e-19, 2.47672842198e-19, 2.78123809776e-20],
        "var": [1.39971101284, 38.9936180115, 326.340911865, 411.791809082, 1240.31628418, 455.868621826, 1394.70507812, 3156.00854492, 2339.64111328, 1598.33850098, 1058.0904541, 1773.375, 3412.58007812, 5987.53515625, 1586.14819336, 2558.67773438, 3069.71630859, 2801.36401367, 2292.41259766, 1163.67199707, 665.11541748, 604.302001953, 1097.07336426, 711.811584473, 752.821228027, 1124.20825195, 472.331481934, 776.36505127, 904.001098633, 820.526611328, 639.522766113, 483.956695557, 208.90788269, 41.9379234314, 11.6606864929, 1.72626006603, 0.187214016914, 0.00394899956882, 9.86400118563e-06, 1.17124629995e-08]
    },
    "gfcc": {
        "mean": [-81.4675292969, 72.1286087036, -85.7760467529, 22.9141426086, -51.3551101685, 19.2480716705, -26.4171562195, 10.7272872925, -17.7971420288, 4.96882009506, -7.6916308403, 6.01126098633, -5.89836454391],
        "cov": [[32416.3046875, -2946.96484375, -1967.81469727, 3213.16943359, -1062.87182617, 2464.83862305, -939.077026367, 393.662719727, -995.628173828, 689.499145508, -608.59765625, 100.268089294, -385.52734375], [-2946.96484375, 5293.74267578, 1504.84484863, -450.564331055, 902.126037598, -665.764648438, 458.774047852, -69.6594772339, 384.216949463, -341.347381592, 232.761688232, -284.140106201, 315.941589355], [-1967.81469727, 1504.84484863, 3869.01708984, 1268.02819824, 594.725524902, 577.185546875, 354.477844238, 281.562286377, 175.221038818, 132.511932373, 21.2622509003, 34.054813385, 53.0372085571], [3213.16943359, -450.564331055, 1268.02819824, 2241.53662109, 651.959228516, 1056.88574219, 88.3242645264, 186.684829712, -84.6887969971, 232.931304932, -54.8143463135, -3.41464424133, -26.9401130676], [-1062.87182617, 902.126037598, 594.725524902, 651.959228516, 1396.52331543, 516.50189209, 460.350891113, 187.724884033, 189.327163696, -22.3954906464, 31.0269985199, -94.907989502, -12.6051015854], [2464.83862305, -665.764648438, 577.185546875, 1056.88574219, 516.50189209, 1254.60229492, 393.425628662, 390.604614258, -24.9628620148, 153.372421265, -114.441558838, 13.7424898148, -44.956161499], [-939.077026367, 458.774047852, 354.477844238, 88.3242645264, 460.350891113, 393.425628662, 655.802001953, 342.098937988, 205.573348999, -27.0973796844, -3.07906866074, -59.0519790649, 18.2342147827], [393.662719727, -69.6594772339, 281.562286377, 186.684829712, 187.724884033, 390.604614258, 342.098937988, 454.315185547, 204.023544312, 120.746711731, -2.02632379532, 24.3493366241, -11.5089044571], [-995.628173828, 384.216949463, 175.221038818, -84.6887969971, 189.327163696, -24.9628620148, 205.573348999, 204.023544312, 316.581054688, 102.547050476, 101.16178894, 6.75508165359, 27.5022583008], [689.499145508, -341.347381592, 132.511932373, 232.931304932, -22.3954906464, 153.372421265, -27.0973796844, 120.746711731, 102.547050476, 235.980285645, 80.0203552246, 70.6473388672, -12.4126749039], [-608.59765625, 232.761688232, 21.2622509003, -54.8143463135, 31.0269985199, -114.441558838, -3.07906866074, -2.02632379532, 101.16178894, 80.0203552246, 181.35559082, 77.5687103271, 64.7630233765], [100.268089294, -284.140106201, 34.054813385, -3.41464424133, -94.907989502, 13.7424898148, -59.0519790649, 24.3493366241, 6.75508165359, 70.6473388672, 77.5687103271, 168.457107544, 60.4310417175], [-385.52734375, 315.941589355, 53.0372085571, -26.9401130676, -12.6051015854, -44.956161499, 18.2342147827, -11.5089044571, 27.5022583008, -12.4126749039, 64.7630233765, 60.4310417175, 147.529663086]],
        "icov": [[8.82446183823e-05, -0.00015675216855, 0.000153432250954, -0.000152460546815, 0.000156715250341, -0.000175652690814, 0.000111371256935, -0.000108533604362, 0.000194002990611, -0.00029718366568, 0.000347968743881, -0.000364937994163, 0.000356490345439], [-0.00015675216855, 0.000884277920704, -0.000554905389436, 0.000441068288637, -0.000590167182963, 0.000552179524675, -7.01494791429e-05, -2.89139570668e-05, -0.000432423898019, 0.00113105261698, -0.00153626012616, 0.00226792064495, -0.00197788141668], [0.000153432250954, -0.000554905389436, 0.00074817368295, -0.000595774326939, 0.000412027875427, -0.000310069037369, -4.28779203503e-05, -6.82312092977e-05, 0.000178432659595, -0.000747365644202, 0.00118163053412, -0.00160477228928, 0.0011947255116], [-0.000152460546815, 0.000441068288637, -0.000595774326939, 0.00147574581206, -0.000734765431844, -0.000437609181972, 0.000406870472943, 0.000165887904586, 0.000217690001591, -0.000243332178798, -0.000958210148383, 0.00178535981104, -0.00146452779882], [0.000156715250341, -0.000590167182963, 0.000412027875427, -0.000734765431844, 0.00185084959958, -0.0009969715029, -0.000344136555213, 0.000563044392038, -0.000893978343811, 0.000471976411063, 0.000177127352799, -0.0012102634646, 0.00195625214837], [-0.000175652690814, 0.000552179524675, -0.000310069037369, -0.000437609181972, -0.0009969715029, 0.00351662817411, -0.00173427374102, -0.0012817773968, 0.00196869089268, -0.00135960185435, 0.000790967838839, 0.000498724693898, -0.00154209428001], [0.000111371256935, -7.01494791429e-05, -4.28779203503e-05, 0.000406870472943, -0.000344136555213, -0.00173427374102, 0.00507555576041, -0.00264547416009, -0.00142502936069, 0.00280950311571, -0.00136816874146, 0.00159844721202, -0.000412720401073], [-0.000108533604362, -2.89139570668e-05, -6.82312092977e-05, 0.000165887904586, 0.000563044392038, -0.0012817773968, -0.00264547416009, 0.00751569028944, -0.00413578329608, -0.00142289348878, 0.00243587698787, -0.00224244152196, 0.000904421671294], [0.000194002990611, -0.000432423898019, 0.000178432659595, 0.000217690001591, -0.000893978343811, 0.00196869089268, -0.00142502936069, -0.00413578329608, 0.0107896151021, -0.00559387123212, -0.00129645713605, 0.00130518863443, -0.000661886355374], [-0.00029718366568, 0.00113105261698, -0.000747365644202, -0.000243332178798, 0.000471976411063, -0.00135960185435, 0.00280950311571, -0.00142289348878, -0.00559387123212, 0.01402303949, -0.00728874932975, 0.00107636197936, 0.00117460382171], [0.000347968743881, -0.00153626012616, 0.00118163053412, -0.000958210148383, 0.000177127352799, 0.000790967838839, -0.00136816874146, 0.00243587698787, -0.00129645713605, -0.00728874932975, 0.0160981304944, -0.00820647832006, 0.000137962924782], [-0.000364937994163, 0.00226792064495, -0.00160477228928, 0.00178535981104, -0.0012102634646, 0.000498724693898, 0.00159844721202, -0.00224244152196, 0.00130518863443, 0.00107636197936, -0.00820647832006, 0.0168987121433, -0.00870379805565], [0.000356490345439, -0.00197788141668, 0.0011947255116, -0.00146452779882, 0.00195625214837, -0.00154209428001, -0.000412720401073, 0.000904421671294, -0.000661886355374, 0.00117460382171, 0.000137962924782, -0.00870379805565, 0.0147943608463]]
    },
    "melbands": {
        "dmean": [0.00324193807319, 0.00310536124744, 0.0012173007708, 0.000816063955426, 0.000296198501019, 0.000299543142319, 0.000137867435114, 9.65859508142e-05, 7.31123436708e-05, 7.9556259152e-05, 7.21520700608e-05, 8.22503352538e-05, 5.55411315872e-05, 4.12512090406e-05, 4.28893472417e-05, 3.76375428459e-05, 3.27768721036e-05, 2.28122353292e-05, 1.55663856276e-05, 1.19467949844e-05, 1.14751774163e-05, 9.1972096925e-06, 6.48979766993e-06, 6.76700119584e-06, 9.68769563769e-06, 7.44257795304e-06, 6.63510672894e-06, 5.57778002985e-06, 5.01708245793e-06, 4.8269130275e-06, 5.8474938669e-06, 6.50210358799e-06, 5.42713905816e-06, 6.44846704745e-06, 5.74986734136e-06, 5.39051188753e-06, 4.58627391708e-06, 4.18151512349e-06, 2.89949298349e-06, 2.15674731407e-06],
        "dmean2": [0.00504145212471, 0.00447653513402, 0.00184817286208, 0.00144312309567, 0.000455646455521, 0.000455787114333, 0.000197490269784, 0.000150224019308, 0.000114864480565, 0.000126192011521, 0.000111975597974, 0.000129482141347, 8.78807986737e-05, 6.4787818701e-05, 6.87191422912e-05, 6.17282130406e-05, 5.03484116052e-05, 3.52803290298e-05, 2.34322778851e-05, 1.93502328329e-05, 1.96104283532e-05, 1.32493705678e-05, 9.59598219197e-06, 1.00457300505e-05, 1.63969270943e-05, 1.264029288e-05, 9.90289390757e-06, 8.34785078041e-06, 7.93014351075e-06, 7.44177532397e-06, 8.12044709164e-06, 9.63140064414e-06, 7.84553685662e-06, 1.02650619738e-05, 9.52378741204e-06, 8.39848689793e-06, 6.79755157762e-06, 5.58905139769e-06, 4.0159739001e-06, 3.30745365318e-06],
        "dvar": [2.88761493721e-05, 3.09082352032e-05, 9.56663461693e-06, 5.28961618329e-06, 7.1789975209e-07, 6.65417701384e-07, 1.86620027876e-07, 6.95083528512e-08, 4.16924628155e-08, 4.07297378047e-08, 4.86766111862e-08, 6.83619845177e-08, 2.08560564374e-08, 1.56377435445e-08, 1.33005997327e-08, 8.28161628164e-09, 6.2586940075e-09, 4.33095204144e-09, 1.75472614217e-09, 9.3002666679e-10, 7.35777716532e-10, 3.89690668623e-10, 1.70829586588e-10, 6.76892542018e-10, 6.1684368724e-10, 3.24782423178e-10, 2.6898311356e-10, 2.63953470192e-10, 1.3260824383e-10, 1.20485635358e-10, 1.49584844511e-10, 2.11371239955e-10, 1.33398611601e-10, 1.90578317016e-10, 1.87799706342e-10, 1.52415011168e-10, 1.0070747708e-10, 6.63686883229e-11, 3.11587387836e-11, 1.72614197241e-11],
        "dvar2": [7.6375916251e-05, 6.68803841108e-05, 1.78807167686e-05, 1.38357363539e-05, 1.45853812228e-06, 1.40533666126e-06, 2.8569462529e-07, 1.67182420796e-07, 8.89579609975e-08, 9.01152716892e-08, 1.0533801742e-07, 1.56404780682e-07, 4.84128754863e-08, 3.9621625092e-08, 3.13529362472e-08, 1.86391648782e-08, 1.47424943364e-08, 9.49083034385e-09, 3.32440763806e-09, 2.19232521026e-09, 1.92983429237e-09, 7.57453100242e-10, 3.38826605661e-10, 1.34628541648e-09, 1.66768343579e-09, 8.09129652168e-10, 5.17516973719e-10, 5.445022766e-10, 3.05638264697e-10, 2.74695793889e-10, 2.73873007606e-10, 3.83160642103e-10, 2.44983866526e-10, 4.30658592121e-10, 4.88225015971e-10, 2.87337931226e-10, 1.89069593315e-10, 1.20055451691e-10, 5.80752321233e-11, 3.57369828174e-11],
        "max": [0.06079191342, 0.0467978045344, 0.0346457958221, 0.0328648835421, 0.0240448862314, 0.0246628820896, 0.0139556517825, 0.00684738112614, 0.00756939966232, 0.00523231597617, 0.00603996496648, 0.00776436179876, 0.00254177860916, 0.00475234771147, 0.00369998253882, 0.00277606979944, 0.00248713744804, 0.00279874214903, 0.000929041649215, 0.000799634261057, 0.000370485213352, 0.000281010201434, 0.000431914464571, 0.00162114785053, 0.000204536700039, 0.000197402085178, 0.000338133395417, 0.000626858032774, 0.000235660918406, 0.000308609596686, 0.000150796768139, 0.000129226071294, 0.000155291039846, 0.000122869372717, 0.00012574014545, 9.6499126812e-05, 8.82933818502e-05, 7.84590665717e-05, 5.18093111168e-05, 3.16373552778e-05],
        "mean": [0.00705076800659, 0.00504432106391, 0.00145281024743, 0.000699084310327, 0.000397837517085, 0.000408689898904, 0.000212747312617, 0.000144438774441, 0.00010072511941, 0.000104290527815, 9.86372760963e-05, 9.684622637e-05, 6.2553321186e-05, 4.79817390442e-05, 4.62289171992e-05, 4.59402363049e-05, 3.66006534023e-05, 2.84761135845e-05, 1.98561319849e-05, 1.42454318848e-05, 1.33971989271e-05, 1.28555593619e-05, 9.01480962057e-06, 9.4627848739e-06, 9.27138535189e-06, 8.4279326984e-06, 8.39673793962e-06, 7.04628837411e-06, 6.5044373514e-06, 5.98971610088e-06, 7.34967989047e-06, 7.90865396993e-06, 6.83873076923e-06, 7.18112005416e-06, 5.86230044064e-06, 6.389363989e-06, 5.42738780496e-06, 4.80915969092e-06, 3.24886468661e-06, 2.39516907641e-06],
        "median": [0.00338507746346, 0.00171399838291, 7.66691300669e-05, 7.34101631679e-05, 5.8959267335e-05, 6.21763174422e-05, 2.8985687095e-05, 2.20457441173e-05, 1.2730837625e-05, 1.65030032804e-05, 1.4978733816e-05, 1.13587948363e-05, 1.2404672816e-05, 8.75451223692e-06, 6.66239611746e-06, 5.80222695135e-06, 4.3857116907e-06, 3.27344105244e-06, 2.41486714003e-06, 2.50709626926e-06, 2.21461823458e-06, 1.67887230873e-06, 1.5656684127e-06, 1.64648804457e-06, 1.41162456657e-06, 1.31433557726e-06, 9.22833123695e-07, 9.0034080813e-07, 9.85584620139e-07, 7.94872221377e-07, 7.23902417121e-07, 5.55354517928e-07, 5.74619662075e-07, 5.10563154421e-07, 4.91620198773e-07, 4.04079656846e-07, 3.50503711388e-07, 2.94361427677e-07, 2.25669737119e-07, 1.89527909811e-07],
        "min": [5.44448081653e-25, 8.88385864999e-25, 1.60829036773e-24, 4.02493054796e-25, 1.23683765836e-24, 1.60333168669e-24, 1.00771340287e-24, 2.90496352018e-24, 8.12174604591e-25, 2.16847745704e-24, 2.30122243422e-24, 1.31844226217e-24, 2.5502048825e-24, 2.21528984366e-24, 2.86973437266e-24, 1.76817709044e-24, 1.96917707415e-24, 2.36407906837e-24, 2.63408919571e-24, 3.64740410265e-24, 4.03540336673e-24, 4.28282485649e-24, 3.11812852791e-24, 4.49148803225e-24, 4.82674090076e-24, 4.10933738292e-24, 4.63067859467e-24, 5.66578834791e-24, 3.23362308925e-24, 4.5406955978e-24, 5.26302712971e-24, 5.28410273209e-24, 4.23082787878e-24, 5.13411621375e-24, 5.12233142069e-24, 5.31634229399e-24, 5.2871635124e-24, 5.48022420275e-24, 6.18939635148e-24, 5.44142723457e-24],
        "var": [8.22285583126e-05, 6.06505054748e-05, 1.34632718982e-05, 4.48765513283e-06, 1.59372802955e-06, 1.39541361932e-06, 5.94152425037e-07, 1.59240670428e-07, 9.15519038358e-08, 7.5441320746e-08, 8.27096471312e-08, 9.42200699683e-08, 2.45563143153e-08, 1.87806463714e-08, 1.84134734127e-08, 1.32739472747e-08, 9.618328356e-09, 7.65490604238e-09, 3.21521320679e-09, 1.27193233723e-09, 9.5401320177e-10, 8.09603328822e-10, 3.59350521562e-10, 1.29681332339e-09, 5.14749187719e-10, 3.89986765104e-10, 4.89871254672e-10, 5.43370293205e-10, 2.01639954733e-10, 1.96686861242e-10, 2.71523720174e-10, 3.39801242699e-10, 2.26565516348e-10, 2.58540022724e-10, 1.96257982088e-10, 2.44279624306e-10, 1.64512736767e-10, 1.24104060362e-10, 5.11014286442e-11, 2.46842546403e-11]
    },
    "mfcc": {
        "mean": [-724.031677246, 107.297531128, 22.4047527313, 13.8941450119, 4.00495767593, 9.25304317474, 5.74124288559, 7.96501111984, 1.02761626244, 1.99600803852, 1.71054768562, 3.38612246513, 2.51783084869],
        "cov": [[20446.921875, -3577.71801758, -1344.64221191, 335.04776001, 444.176330566, 1101.60534668, 358.196716309, 58.2880172729, -79.3980484009, 243.609542847, 66.4259338379, -96.8091278076, -143.342300415], [-3577.71801758, 4523.63085938, 764.15234375, 335.45791626, 302.134002686, -299.975219727, 38.9178390503, 183.747802734, 249.01802063, 104.389640808, 7.7990193367, 35.5751266479, 48.1976737976], [-1344.64221191, 764.15234375, 2845.45361328, 952.229064941, 438.122406006, 424.321472168, 304.636962891, 207.416351318, 248.862167358, 156.567352295, 76.1190261841, 94.0604400635, 144.72605896], [335.04776001, 335.45791626, 952.229064941, 1152.61218262, 742.214111328, 571.793273926, 347.312072754, 179.413513184, 154.547363281, 171.89100647, 93.1064376831, 71.3416137695, 90.1626815796], [444.176330566, 302.134002686, 438.122406006, 742.214111328, 1012.71661377, 701.168823242, 453.576782227, 284.803833008, 216.389343262, 193.09967041, 154.537384033, 107.925582886, 61.4411201477], [1101.60534668, -299.975219727, 424.321472168, 571.793273926, 701.168823242, 853.385864258, 571.037658691, 358.783325195, 266.606811523, 212.404205322, 123.935447693, 77.8763961792, 40.2538909912], [358.196716309, 38.9178390503, 304.636962891, 347.312072754, 453.576782227, 571.037658691, 615.225219727, 463.039031982, 340.275085449, 235.889801025, 135.980667114, 83.2762451172, 38.8210029602], [58.2880172729, 183.747802734, 207.416351318, 179.413513184, 284.803833008, 358.783325195, 463.039031982, 505.648956299, 395.321960449, 240.582305908, 140.792556763, 96.1873321533, 52.9332427979], [-79.3980484009, 249.01802063, 248.862167358, 154.547363281, 216.389343262, 266.606811523, 340.275085449, 395.321960449, 421.319549561, 275.112884521, 155.181335449, 109.427810669, 62.2119598389], [243.609542847, 104.389640808, 156.567352295, 171.89100647, 193.09967041, 212.404205322, 235.889801025, 240.582305908, 275.112884521, 279.108612061, 180.52154541, 104.789077759, 59.6391410828], [66.4259338379, 7.7990193367, 76.1190261841, 93.1064376831, 154.537384033, 123.935447693, 135.980667114, 140.792556763, 155.181335449, 180.52154541, 216.444564819, 147.284317017, 69.8331604004], [-96.8091278076, 35.5751266479, 94.0604400635, 71.3416137695, 107.925582886, 77.8763961792, 83.2762451172, 96.1873321533, 109.427810669, 104.789077759, 147.284317017, 176.544586182, 106.982788086], [-143.342300415, 48.1976737976, 144.72605896, 90.1626815796, 61.4411201477, 40.2538909912, 38.8210029602, 52.9332427979, 62.2119598389, 59.6391410828, 69.8331604004, 106.982788086, 131.277862549]],
