{
"lowlevel": {
    "average_loudness": 0.178899183869,
    "barkbands_crest": {
        "dmean": 2.47463846207,
        "dmean2": 3.82443332672,
        "dvar": 5.23626899719,
        "dvar2": 13.7021446228,
        "max": 26.8276348114,
        "mean": 15.1922702789,
        "median": 14.8427047729,
        "min": 4.12482690811,
        "var": 26.7920455933
    },
    "barkbands_flatness_db": {
        "dmean": 0.0204943567514,
        "dmean2": 0.0298408530653,
        "dvar": 0.000352152535925,
        "dvar2": 0.00080425851047,
        "max": 0.632683992386,
        "mean": 0.369448006153,
        "median": 0.364795923233,
        "min": 0.0312129091471,
        "var": 0.00955571141094
    },
    "barkbands_kurtosis": {
        "dmean": 4.78730869293,
        "dmean2": 7.30792856216,
        "dvar": 451.363311768,
        "dvar2": 1076.95751953,
        "max": 1472.72570801,
        "mean": 8.27781581879,
        "median": 2.96374797821,
        "min": -1.86081790924,
        "var": 905.501831055
    },
    "barkbands_skewness": {
        "dmean": 0.566978216171,
        "dmean2": 0.842992424965,
        "dvar": 0.452571094036,
        "dvar2": 1.07438588142,
        "max": 22.5873508453,
        "mean": 0.898985981941,
        "median": 0.809143364429,
        "min": -5.06996440887,
        "var": 2.23064827919
    },
    "barkbands_spread": {
        "dmean": 1.06918132305,
        "dmean2": 1.64583671093,
        "dvar": 1.83080911636,
        "dvar2": 4.68290090561,
        "max": 115.824935913,
        "mean": 4.30232906342,
        "median": 3.8407702446,
        "min": 0.0393535159528,
        "var": 16.8934574127
    },
    "dissonance": {
        "dmean": 0.053574513644,
        "dmean2": 0.0910452380776,
        "dvar": 0.00241937697865,
        "dvar2": 0.00674004340544,
        "max": 0.500000119209,
        "mean": 0.33143889904,
        "median": 0.346843928099,
        "min": 0.0393030829728,
        "var": 0.0107450643554
    },
    "dynamic_complexity": 5.4636721611,
    "erbbands_crest": {
        "dmean": 3.05115127563,
        "dmean2": 4.740711689,
        "dvar": 8.18548774719,
        "dvar2": 21.5086479187,
        "max": 33.6193618774,
        "mean": 17.801404953,
        "median": 17.1370429993,
        "min": 2.68880796432,
        "var": 39.5366020203
    },
    "erbbands_flatness_db": {
        "dmean": 0.0177826918662,
        "dmean2": 0.0258953198791,
        "dvar": 0.000274081947282,
        "dvar2": 0.00062120979419,
        "max": 0.590099155903,
        "mean": 0.397647440434,
        "median": 0.403164684772,
        "min": 0.0518478341401,
        "var": 0.00744027784094
    },
    "erbbands_kurtosis": {
        "dmean": 2.87552452087,
        "dmean2": 4.43003463745,
        "dvar": 31.7413234711,
        "dvar2": 74.2904663086,
        "max": 186.305389404,
        "mean": 5.04653120041,
        "median": 1.58548569679,
        "min": -1.80790352821,
        "var": 109.72076416
    },
    "erbbands_skewness": {
        "dmean": 0.533275067806,
        "dmean2": 0.789626121521,
        "dvar": 0.29329559207,
        "dvar2": 0.694935441017,
        "max": 9.9341545105,
        "mean": 1.02158641815,
        "median": 0.965549707413,
        "min": -4.5262799263,
        "var": 1.88062083721
    },
    "erbbands_spread": {
        "dmean": 1.66486346722,
        "dmean2": 2.51805877686,
        "dvar": 3.18349099159,
        "dvar2": 7.81840372086,
        "max": 86.8955154419,
        "mean": 7.68693351746,
        "median": 6.39785385132,
        "min": 0.345880180597,
        "var": 34.3913230896
    },
    "hfc": {
        "dmean": 4.11256217957,
        "dmean2": 5.979180336,
        "dvar": 86.9940643311,
        "dvar2": 203.93711853,
        "max": 219.5209198,
        "mean": 12.3290719986,
        "median": 6.43050384521,
        "min": 1.1095209799e-16,
        "var": 328.421081543
    },
    "melbands_crest": {
        "dmean": 2.75294995308,
        "dmean2": 4.36878824234,
        "dvar": 7.64187192917,
        "dvar2": 20.5687446594,
        "max": 33.9432907104,
        "mean": 16.4295940399,
        "median": 15.5061016083,
        "min": 1.62734723091,
        "var": 34.0204925537
    },
    "melbands_flatness_db": {
        "dmean": 0.0200064498931,
        "dmean2": 0.0288763418794,
        "dvar": 0.000339079153491,
        "dvar2": 0.000759756658226,
        "max": 0.693958699703,
        "mean": 0.444239675999,
        "median": 0.452979207039,
        "min": 0.00356178032234,
        "var": 0.00908640213311
    },
    "melbands_kurtosis": {
        "dmean": 2.87288236618,
        "dmean2": 4.40812063217,
        "dvar": 22.2604732513,
        "dvar2": 52.1311683655,
        "max": 164.989440918,
        "mean": 5.7305188179,
        "median": 2.9685561657,
        "min": -1.87642681599,
        "var": 86.614616394
    },
    "melbands_skewness": {
        "dmean": 0.485978811979,
        "dmean2": 0.730380177498,
        "dvar": 0.228339508176,
        "dvar2": 0.560162186623,
        "max": 6.25212812424,
        "mean": 0.903478324413,
        "median": 0.863499999046,
        "min": -3.7155213356,
        "var": 1.31683313847
    },
    "melbands_spread": {
        "dmean": 1.80861222744,
        "dmean2": 2.79149055481,
        "dvar": 6.03407526016,
        "dvar2": 14.5195503235,
        "max": 157.150939941,
        "mean": 7.31803417206,
        "median": 6.22062587738,
        "min": 0.21390530467,
        "var": 96.4871673584
    },
    "pitch_salience": {
        "dmean": 0.0559909045696,
        "dmean2": 0.0865923836827,
        "dvar": 0.00247733737342,
        "dvar2": 0.00612596049905,
        "max": 0.951826512814,
        "mean": 0.454634696245,
        "median": 0.448886185884,
        "min": 0.0721082761884,
        "var": 0.0181050691754
    },
    "silence_rate_20dB": {
        "dmean": 0,
        "dmean2": 0,
        "dvar": 0,
        "dvar2": 0,
        "max": 1,
        "mean": 1,
        "median": 1,
        "min": 1,
        "var": 0
    },
    "silence_rate_30dB": {
        "dmean": 0.00819252431393,
        "dmean2": 0.0163862481713,
        "dvar": 0.00812657177448,
        "dvar2": 0.0189009197056,
        "max": 1,
        "mean": 0.989028692245,
        "median": 1,
        "min": 0,
        "var": 0.0108523303643
    },
    "silence_rate_60dB": {
        "dmean": 0.0356959998608,
        "dmean2": 0.0713972225785,
        "dvar": 0.03442812711,
        "dvar2": 0.0731935799122,
        "max": 1,
        "mean": 0.198142185807,
        "median": 0,
        "min": 0,
        "var": 0.158893808722
    },
    "spectral_centroid": {
        "dmean": 53.0360794067,
        "dmean2": 80.8030548096,
        "dvar": 12302.0419922,
        "dvar2": 23133.1386719,
        "max": 11607.4179688,
        "mean": 641.948730469,
        "median": 559.242553711,
        "min": 227.857208252,
        "var": 280698.65625
    },
    "spectral_complexity": {
        "dmean": 0.878648221493,
        "dmean2": 1.49802482128,
        "dvar": 1.14140582085,
        "dvar2": 2.83412599564,
        "max": 23,
        "mean": 6.72081613541,
        "median": 6,
        "min": 0,
        "var": 18.9480190277
    },
    "spectral_decrease": {
        "dmean": 1.30084909511e-09,
        "dmean2": 1.80366854785e-09,
        "dvar": 5.05296263914e-18,
        "dvar2": 1.09361193098e-17,
        "max": 5.5475843854e-18,
        "mean": -4.54596893462e-09,
        "median": -3.00310687429e-09,
        "min": -5.53952226312e-08,
        "var": 2.69298309886e-17
    },
    "spectral_energy": {
        "dmean": 0.00526782497764,
        "dmean2": 0.00732830166817,
        "dvar": 8.58687417349e-05,
        "dvar2": 0.000187271318282,
        "max": 0.220113322139,
        "mean": 0.018275776878,
        "median": 0.0119629632682,
        "min": 1.02193721816e-20,
        "var": 0.000445925572421
    },
    "spectral_energyband_high": {
        "dmean": 8.74847273735e-07,
        "dmean2": 1.48819697188e-06,
        "dvar": 4.99821538325e-12,
        "dvar2": 1.47344862006e-11,
        "max": 6.99363954482e-05,
        "mean": 3.31950377586e-06,
        "median": 7.92414198258e-07,
        "min": 7.33882798172e-21,
        "var": 4.39415344389e-11
    },
    "spectral_energyband_low": {
        "dmean": 0.000204638636205,
        "dmean2": 0.000318147882354,
        "dvar": 3.31033334078e-07,
        "dvar2": 8.57214558891e-07,
        "max": 0.0209318809211,
        "mean": 0.000702476478182,
        "median": 7.26355210645e-05,
        "min": 2.07590435371e-23,
        "var": 2.47784169005e-06
    },
    "spectral_energyband_middle_high": {
        "dmean": 0.00227841478772,
        "dmean2": 0.00350252864882,
        "dvar": 4.3667270802e-05,
        "dvar2": 0.000104388280306,
        "max": 0.17135488987,
        "mean": 0.00455498555675,
        "median": 0.000942370272242,
        "min": 1.28128550226e-21,
        "var": 0.000123027901282
    },
    "spectral_energyband_middle_low": {
        "dmean": 0.00413198536262,
        "dmean2": 0.0055541601032,
        "dvar": 4.10309548897e-05,
        "dvar2": 7.58466267143e-05,
        "max": 0.2127712816,
        "mean": 0.0132821230218,
        "median": 0.00870319642127,
        "min": 1.39520842706e-22,
        "var": 0.00022838707082
    },
    "spectral_entropy": {
        "dmean": 0.154312089086,
        "dmean2": 0.222481071949,
        "dvar": 0.0222007483244,
        "dvar2": 0.0483636185527,
        "max": 9.81777000427,
        "mean": 5.37729930878,
        "median": 5.35769462585,
        "min": 3.14327096939,
        "var": 0.756203353405
    },
    "spectral_flux": {
        "dmean": 0.0135518172756,
        "dmean2": 0.0227864459157,
        "dvar": 0.000297988532111,
        "dvar2": 0.000859341060277,
        "max": 0.238616764545,
        "mean": 0.0400362759829,
        "median": 0.0333405956626,
        "min": 6.52637319187e-11,
        "var": 0.00101698935032
    },
    "spectral_kurtosis": {
        "dmean": 19.2798652649,
        "dmean2": 32.8081512451,
        "dvar": 416.849945068,
        "dvar2": 1191.10852051,
        "max": 427.606567383,
        "mean": 71.8669433594,
        "median": 61.1496124268,
        "min": -1.24503564835,
        "var": 2940.19873047
    },
    "spectral_rms": {
        "dmean": 0.000531228550244,
        "dmean2": 0.000727406470105,
        "dvar": 4.05957649718e-07,
        "dvar2": 8.85614383606e-07,
        "max": 0.0146541707218,
        "mean": 0.00362598756328,
        "median": 0.00341631146148,
        "min": 3.15754952566e-12,
        "var": 4.68221924166e-06
    },
    "spectral_rolloff": {
        "dmean": 97.138671875,
        "dmean2": 179.630874634,
        "dvar": 66049.7109375,
        "dvar2": 149227.328125,
        "max": 19918.2128906,
        "mean": 878.028686523,
        "median": 645.99609375,
        "min": 172.265625,
        "var": 1886410.25
    },
    "spectral_skewness": {
        "dmean": 1.01642274857,
        "dmean2": 1.74205088615,
        "dvar": 0.860710918903,
        "dvar2": 2.5163731575,
        "max": 15.9883327484,
        "mean": 6.1331987381,
        "median": 6.05826044083,
        "min": -0.060390073806,
        "var": 6.48608970642
    },
    "spectral_spread": {
        "dmean": 295696.84375,
        "dmean2": 515328.03125,
        "dvar": 197264916480,
        "dvar2": 377486082048,
        "max": 42194324,
        "mean": 1513933.25,
        "median": 1326094.375,
        "min": 233224.625,
        "var": 3.76924772762e+12
    },
    "spectral_strongpeak": {
        "dmean": 0.616614878178,
        "dmean2": 0.956677615643,
        "dvar": 1.03297376633,
        "dvar2": 2.58835124969,
        "max": 18.6576023102,
        "mean": 1.91894078255,
        "median": 1.31968450546,
        "min": 0,
        "var": 3.58785057068
    },
    "zerocrossingrate": {
        "dmean": 0.00257562915795,
        "dmean2": 0.00328573631123,
        "dvar": 1.7468139049e-05,
        "dvar2": 2.30234600167e-05,
        "max": 0.5244140625,
        "mean": 0.0319076366723,
        "median": 0.02587890625,
        "min": 0.00732421875,
        "var": 0.00138099212199
    },
    "barkbands": {
        "dmean": [5.20361300005e-06, 8.51917429827e-05, 8.62064043758e-05, 0.000164523036801, 0.000249708391493, 0.000427187886089, 0.00118981488049, 0.00159311213065, 0.00166727253236, 0.000389039865695, 6.60394289298e-05, 0.0006761434488, 0.00130787398666, 0.000328046560753, 2.23234583245e-05, 9.19316607906e-06, 7.75996977609e-06, 5.63482171856e-06, 2.50727794082e-06, 1.31153569782e-06, 4.91807895742e-07, 1.06277717293e-07, 5.89821489427e-08, 4.9178225936e-08, 1.69287766028e-08, 4.28072466363e-09, 1.33390309909e-09],
        "dmean2": [7.28374607206e-06, 0.000133806242957, 0.000129162930534, 0.000236095467699, 0.000376352458261, 0.000549605698325, 0.00176153425127, 0.00187863723841, 0.00234907330014, 0.00057334639132, 9.8587021057e-05, 0.000963477126788, 0.0021320655942, 0.000519536668435, 3.63895887858e-05, 1.52911288751e-05, 1.27747953229e-05, 9.52973005042e-06, 4.28238354289e-06, 2.23229699259e-06, 8.4403842493e-07, 1.83595474823e-07, 9.90193882444e-08, 8.26581043611e-08, 2.80227894223e-08, 7.09126712906e-09, 2.34452612879e-09],
        "dvar": [7.97389931861e-10, 8.38435880723e-08, 7.52515560976e-08, 3.60254432508e-07, 4.22694256486e-07, 8.81549908627e-07, 7.0217515713e-06, 1.33314306368e-05, 2.67979958153e-05, 5.39228904017e-06, 4.88819225097e-08, 3.13092186843e-06, 3.28250898747e-05, 1.79282119461e-06, 4.66804506161e-09, 6.47277287324e-10, 1.01517860784e-09, 2.81474343833e-10, 5.09778434743e-11, 1.03144394067e-11, 1.42108297786e-12, 1.19000553227e-13, 2.17899852486e-14, 9.25449055225e-15, 1.03290723363e-15, 9.56520227493e-17, 4.86553219773e-18],
        "dvar2": [1.32460942215e-09, 2.1761208302e-07, 1.75654051304e-07, 8.58363932821e-07, 1.12538316444e-06, 2.17976412387e-06, 1.79078779183e-05, 1.78755326488e-05, 5.01851573063e-05, 1.0788923646e-05, 9.99083837883e-08, 6.55626172374e-06, 8.10170240584e-05, 4.41505608251e-06, 1.20892886812e-08, 1.78815817709e-09, 2.23328444626e-09, 7.87628795518e-10, 1.46320400241e-10, 3.02996516766e-11, 4.13816203526e-12, 3.53985720944e-13, 5.92689553035e-14, 2.59645922113e-14, 2.67943456864e-15, 2.49796713e-16, 1.47397133148e-17],
        "max": [0.00086554774316, 0.0118971019983, 0.00852663908154, 0.0362418331206, 0.0168870966882, 0.0290709882975, 0.110509872437, 0.197799488902, 0.111150115728, 0.109434992075, 0.0138189774007, 0.0262969713658, 0.119931593537, 0.0292358566076, 0.00189838663209, 0.000955126073677, 0.00141286058351, 0.000434438727098, 0.000226348944125, 7.09789892426e-05, 3.65488049283e-05, 1.04367509266e-05, 4.95210952067e-06, 2.51361370829e-06, 1.64671075709e-06, 6.89732928549e-07, 5.5486140127e-08],
        "mean": [8.31066608953e-06, 0.00024093130196, 0.000225448500714, 0.000647056149319, 0.000856672180817, 0.00116228952538, 0.00298715266399, 0.00440692529082, 0.00315270619467, 0.000749876955524, 0.000119603981148, 0.00128930318169, 0.00188556069043, 0.000449265673524, 4.06556355301e-05, 1.73196895048e-05, 1.50557898451e-05, 1.08237582026e-05, 5.513940323e-06, 3.23235326505e-06, 1.25165649933e-06, 3.43742527775e-07, 2.19860964989e-07, 1.96051630041e-07, 8.72953549447e-08, 2.45126674514e-08, 4.11591072336e-09],
        "median": [9.94175820779e-07, 1.2949882148e-05, 2.01047641895e-05, 1.5157258531e-05, 6.69716537232e-05, 0.000335160468239, 0.000849145115353, 0.00077172962483, 0.000137903116411, 7.97385000624e-05, 1.11935405585e-05, 5.96880126977e-05, 4.06177859986e-05, 9.43629675021e-06, 3.77125888917e-06, 2.19694584302e-06, 4.10787947658e-07, 5.65401137465e-07, 7.05249476596e-07, 5.10996812864e-07, 2.469997753e-07, 2.38595401214e-08, 4.38226592792e-08, 6.92564512406e-08, 3.89275562895e-08, 1.05798960703e-08, 2.14578177449e-09],
        "min": [1.44352350496e-25, 1.74427499944e-24, 1.29230749759e-24, 2.23452385025e-24, 1.84603580796e-23, 1.9350679119e-23, 6.73896497857e-24, 7.85994342464e-24, 1.4223378269e-23, 2.32315560729e-23, 1.3152120937e-23, 1.9880766826e-23, 4.2554019215e-23, 3.58629735921e-23, 5.8173398874e-23, 6.9617353539e-23, 7.18554970775e-23, 1.04391232076e-22, 1.16114203688e-22, 1.99490414752e-22, 2.12046543386e-22, 4.27841097462e-22, 4.56381655873e-22, 6.93076429611e-22, 9.24784996583e-22, 1.26078531712e-21, 2.0489952417e-21],
        "var": [1.9868682255e-09, 5.436650099e-07, 3.42351654581e-07, 4.00373482989e-06, 3.52944061888e-06, 4.31474245488e-06, 3.0756353226e-05, 9.09907394089e-05, 8.73076060088e-05, 1.93513751583e-05, 1.49783502934e-07, 9.40430709306e-06, 5.871052781e-05, 2.96816506307e-06, 9.67631041959e-09, 1.5650161167e-09, 2.34968755564e-09, 6.42833786202e-10, 1.64361232957e-10, 4.43201170208e-11, 6.43374676451e-12, 7.53242683071e-13, 1.82078446287e-13, 7.09063409658e-14, 1.61208598012e-14, 1.64438931798e-15, 2.62388109223e-17]
    },
    "erbbands": {
        "dmean": [0.00117564364336, 0.023399328813, 0.088699862361, 0.320483088493, 0.77692091465, 0.682078957558, 2.10976028442, 4.42860937119, 17.2173805237, 17.6666030884, 38.5191421509, 39.0068130493, 18.6045475006, 6.75880813599, 12.2430295944, 29.357383728, 59.7544059753, 20.3690814972, 3.99739933014, 1.0910576582, 0.491532742977, 0.400746554136, 0.337668687105, 0.169597998261, 0.0924254655838, 0.0608232468367, 0.0307236649096, 0.00787896383554, 0.00435262173414, 0.00244525331073, 0.00142187206075, 0.00133323553018, 0.000656009942759, 0.000238722786889, 0.000132093045977, 2.85514815914e-05, 8.28721294965e-06, 1.69486679624e-06, 2.69401971309e-06, 6.1119098973e-06],
        "dmean2": [0.00194528675638, 0.0364227034152, 0.133343502879, 0.482436150312, 1.13649940491, 1.03782880306, 3.09876298904, 5.50755310059, 26.7118911743, 21.3108444214, 47.4959182739, 54.5605125427, 26.1315040588, 10.2856836319, 16.8025894165, 44.8898696899, 97.4813766479, 32.4547195435, 6.46028757095, 1.78621101379, 0.825777471066, 0.666370630264, 0.559243381023, 0.286001294851, 0.156623333693, 0.104242406785, 0.0524752810597, 0.0135664558038, 0.00753080192953, 0.0041253240779, 0.00238250568509, 0.00224897335283, 0.00109909730963, 0.00039533546078, 0.000221403635805, 4.65414705104e-05, 1.37208562592e-05, 2.81333109342e-06, 3.77606352231e-06, 8.53683741298e-06],
        "dvar": [1.51085914695e-05, 0.00653627375141, 0.086390838027, 1.20633530617, 6.04985284805, 3.07006430626, 43.2579078674, 65.83543396, 1841.09558105, 1009.92626953, 6790.75878906, 16760.6191406, 5031.49462891, 878.439147949, 790.377563477, 5883.45117188, 73161.265625, 7767.72509766, 492.669250488, 10.0162887573, 1.96729886532, 2.01957988739, 1.45370328426, 0.198784068227, 0.0614498890936, 0.0235939454287, 0.0056125735864, 0.000642933009658, 0.000204718002351, 3.90579807572e-05, 1.43965171446e-05, 8.40732536744e-06, 1.42102032896e-06, 2.41572536197e-07, 5.84945389903e-08, 5.30637223051e-09, 2.36822478294e-10, 8.48969332334e-12, 2.4443285937e-11, 1.20712093099e-10],
        "dvar2": [4.03428566642e-05, 0.0167295336723, 0.199727654457, 3.18468642235, 16.4375743866, 7.6247086525, 120.19052124, 120.215591431, 5098.27441406, 1294.97375488, 10691.6367188, 31322.9179688, 9598.61230469, 1891.96142578, 1398.45373535, 14055.0683594, 179790.375, 19013.5058594, 1295.23022461, 26.9674930573, 5.33743476868, 4.86261558533, 3.40769648552, 0.568648815155, 0.17826628685, 0.0707277879119, 0.0162456203252, 0.00189802760724, 0.000618132122327, 0.00011270273535, 3.90401510231e-05, 2.36939849856e-05, 3.99648251914e-06, 6.07227264027e-07, 1.61134067866e-07, 1.32896023075e-08, 6.48302855843e-10, 2.36706418355e-11, 5.4099499186e-11, 2.65589994441e-10],
        "max": [0.1093672961, 3.45206856728, 12.0128850937, 60.6515083313, 90.4572601318, 51.5863685608, 219.467514038, 315.639648438, 1524.76879883, 1880.69641113, 3760.93017578, 2922.62646484, 2783.1315918, 1247.18713379, 447.711883545, 1302.6661377, 5664.19677734, 2476.32714844, 770.276916504, 94.8059158325, 64.515083313, 50.3221969604, 48.1097183228, 11.3924760818, 5.86222314835, 3.53753376007, 2.2429921627, 0.972542464733, 0.378035575151, 0.190920799971, 0.148012652993, 0.08671207726, 0.0378810018301, 0.0313055701554, 0.00802953075618, 0.00514400564134, 0.000596693367697, 8.84076944203e-05, 0.000113040703582, 0.000249405275099],
        "mean": [0.00264482013881, 0.0690673366189, 0.275988638401, 1.1542391777, 2.9231698513, 2.10189938545, 5.31259679794, 12.3525667191, 35.6725273132, 59.5108032227, 98.8903503418, 77.1577987671, 35.2919692993, 13.5766983032, 24.950548172, 50.3406410217, 87.0355453491, 30.5203132629, 6.93942975998, 2.09749388695, 0.952753782272, 0.811684012413, 0.680680334568, 0.388660401106, 0.232418835163, 0.154928013682, 0.0792743265629, 0.0252441503108, 0.0136333182454, 0.00856201257557, 0.00562983192503, 0.00467602070421, 0.00264792703092, 0.00112955016084, 0.000589456409216, 0.000154196604853, 4.75827619084e-05, 9.56494295679e-06, 9.80091499514e-06, 2.10565412999e-05],
        "median": [0.000275931961369, 0.00424881651998, 0.0248132571578, 0.0536777675152, 0.115056365728, 0.202702999115, 0.7361561656, 4.17421627045, 12.5995960236, 22.5947265625, 24.2898674011, 8.41452884674, 3.1984796524, 3.60505127907, 3.90073156357, 3.87684011459, 3.46488952637, 0.821517467499, 0.546631574631, 0.272160828114, 0.118368729949, 0.0440492779016, 0.0469403862953, 0.0520266592503, 0.0308604314923, 0.0275459960103, 0.0159385483712, 0.00316794076934, 0.000909773691092, 0.00130493147299, 0.00141666666605, 0.00154025224037, 0.00100384245161, 0.000572852790356, 0.000229689103435, 5.87097238167e-05, 2.4780860258e-05, 4.66574874736e-06, 6.33775880488e-06, 1.36516910061e-05],
        "min": [9.40897815049e-23, 3.44990128921e-22, 2.03576903568e-21, 9.03224279461e-21, 2.78284172955e-20, 4.37140073692e-20, 6.68755491969e-20, 1.13753851989e-19, 1.41680076929e-19, 1.4875190248e-19, 3.73900526125e-19, 3.43272276939e-19, 5.1218098121e-19, 8.56326993521e-19, 1.1998854491e-18, 9.22616885919e-19, 2.01599528313e-18, 2.14784166892e-18, 3.23129565654e-18, 4.65402004715e-18, 4.53558391345e-18, 5.33752765911e-18, 6.7673523613e-18, 6.94479997348e-18, 7.20710225444e-18, 9.56845144038e-18, 6.7820720403e-18, 1.18881206496e-17, 1.22604784839e-17, 1.51736274487e-17, 1.29791652601e-17, 1.39029175548e-17, 1.20250496467e-17, 1.03390131944e-17, 6.89798361876e-18, 4.01139914569e-18, 2.49616990641e-18, 1.01054370349e-18, 2.66053002204e-19, 2.99770577107e-20],
        "var": [4.62696807517e-05, 0.0451079234481, 0.565981507301, 10.8489923477, 60.3474693298, 18.7418231964, 162.700241089, 421.928619385, 5708.13476562, 10034.2363281, 36521.4101562, 54888.875, 17051.921875, 2975.22949219, 2843.79248047, 13352.5214844, 131144.703125, 13828.9238281, 1072.96948242, 22.8232021332, 4.48316669464, 4.965092659, 3.32104587555, 0.687118649483, 0.254084736109, 0.0988791957498, 0.0256158914417, 0.00380749534816, 0.00118827202823, 0.00030630393303, 0.000124612284708, 5.13478116773e-05, 1.18043062685e-05, 2.6762129437e-06, 7.08783943537e-07, 7.62669856158e-08, 3.97293753451e-09, 1.34904462601e-10, 1.29926916448e-10, 6.09090777814e-10]
    },
    "gfcc": {
        "mean": [-220.519638062, 174.551223755, -131.023529053, -58.4116744995, -66.8205490112, -13.2200584412, -21.8140716553, 2.38189339638, -7.77567625046, 5.63923692703, 13.5579719543, -12.6710672379, -8.12197971344],
        "cov": [[17421.9980469, 942.141479492, -2734.00170898, 1680.69836426, 384.997802734, -211.180999756, -330.370422363, -428.471984863, -320.976074219, -528.495727539, -722.594970703, -1074.36169434, -476.766571045], [942.141479492, 2787.44580078, 1109.92932129, 513.904968262, 1033.29528809, -310.234191895, -394.305267334, -410.11517334, -63.5151290894, -444.014129639, -595.930725098, -207.27911377, -112.348312378], [-2734.00170898, 1109.92932129, 1945.64172363, 561.299438477, 34.6040916443, -182.304000854, -268.716094971, -246.467437744, -288.840789795, -215.353057861, -146.923248291, 217.938781738, 155.731735229], [1680.69836426, 513.904968262, 561.299438477, 1397.98583984, 341.6277771, -191.52973938, -259.821166992, -225.958099365, -234.599273682, -268.764953613, -474.931182861, -72.8436508179, -18.0469245911], [384.997802734, 1033.29528809, 34.6040916443, 341.6277771, 1063.6060791, 108.619270325, -87.1282730103, -106.211776733, 160.486877441, -210.088592529, -521.570861816, -268.958557129, -204.528808594], [-211.180999756, -310.234191895, -182.304000854, -191.52973938, 108.619270325, 455.354278564, 190.821075439, 76.2651519775, 38.7250938416, 45.970161438, 9.89529514313, -101.656082153, -87.3086395264], [-330.370422363, -394.305267334, -268.716094971, -259.821166992, -87.1282730103, 190.821075439, 261.406951904, 156.707550049, 89.3173065186, 106.59564209, 126.047210693, -26.9968795776, -34.8493118286], [-428.471984863, -410.11517334, -246.467437744, -225.958099365, -106.211776733, 76.2651519775, 156.707550049, 209.299240112, 134.039840698, 100.348869324, 102.280395508, 30.0043430328, -1.57973408699], [-320.976074219, -63.5151290894, -288.840789795, -234.599273682, 160.486877441, 38.7250938416, 89.3173065186, 134.039840698, 290.326171875, 115.943389893, -26.7359542847, -33.0312767029, -48.9691925049], [-528.495727539, -444.014129639, -215.353057861, -268.764953613, -210.088592529, 45.970161438, 106.59564209, 100.348869324, 115.943389893, 214.897537231, 209.493148804, 79.7530822754, 42.4347496033], [-722.594970703, -595.930725098, -146.923248291, -474.931182861, -521.570861816, 9.89529514313, 126.047210693, 102.280395508, -26.7359542847, 209.493148804, 468.050354004, 181.942901611, 107.998542786], [-1074.36169434, -207.27911377, 217.938781738, -72.8436508179, -268.958557129, -101.656082153, -26.9968795776, 30.0043430328, -33.0312767029, 79.7530822754, 181.942901611, 269.37588501, 166.161911011], [-476.766571045, -112.348312378, 155.731735229, -18.0469245911, -204.528808594, -87.3086395264, -34.8493118286, -1.57973408699, -48.9691925049, 42.4347496033, 107.998542786, 166.161911011, 169.271072388]],
        "icov": [[0.000458326627268, -0.000924276188016, 0.0013740103459, -0.00112392241135, 0.00127127068117, -0.00076477258699, 0.000690471788403, -0.000107735962956, -0.000252397177974, 0.000636931101326, -0.000574184232391, 0.00125087471679, -0.000517975655384], [-0.000924276188016, 0.0034502891358, -0.00356567115523, 0.00267634890042, -0.00385963940062, 0.00269202352501, -0.00176600879058, 0.00203511677682, -0.000511301739607, 0.00050588673912, 0.000441899814177, -0.0015346291475, 0.000582648906857], [0.0013740103459, -0.00356567115523, 0.00535371620208, -0.00368551909924, 0.00444573163986, -0.00299196201377, 0.00221902504563, -0.000609431182966, -9.79519027169e-05, 0.00160358543508, -0.0011695928406, 0.00210396689363, -0.00128477416001], [-0.00112392241135, 0.00267634890042, -0.00368551909924, 0.00475318171084, -0.00360277155414, 0.00297255069017, -0.00187071913388, 9.65335639194e-05, 0.00327254645526, -0.00334845040925, 0.00437367660925, -0.00340268039145, 0.00163982540835], [0.00127127068117, -0.00385963940062, 0.00444573163986, -0.00360277155414, 0.00776479812339, -0.00402827514336, 0.0019806495402, 0.000494711159263, -0.00324792531319, 0.00262478855439, 0.000627968169283, 0.00230605737306, -5.11783639467e-07], [-0.00076477258699, 0.00269202352501, -0.00299196201377, 0.00297255069017, -0.00402827514336, 0.00640203477815, -0.00444113882259, 0.00090178247774, 0.00284400000237, -0.00260437582619, 0.00212608138099, -0.00111057597678, 0.00144046964124], [0.000690471788403, -0.00176600879058, 0.00221902504563, -0.00187071913388, 0.0019806495402, -0.00444113882259, 0.0128201926127, -0.00752897933125, 0.000534902850632, -0.000863527937327, -0.00297737377696, 0.00432977033779, -0.000776091823354], [-0.000107735962956, 0.00203511677682, -0.000609431182966, 9.65335639194e-05, 0.000494711159263, 0.00090178247774, -0.00752897933125, 0.0173992663622, -0.00946753006428, 0.00694276951253, -0.00166395388078, -0.0024971079547, 0.000326968671288], [-0.000252397177974, -0.000511301739607, -9.79519027169e-05, 0.00327254645526, -0.00324792531319, 0.00284400000237, 0.000534902850632, -0.00946753006428, 0.0183913186193, -0.0153967710212, 0.00867310259491, -0.00231106183492, 0.00286833150312], [0.000636931101326, 0.00050588673912, 0.00160358543508, -0.00334845040925, 0.00262478855439, -0.00260437582619, -0.000863527937327, 0.00694276951253, -0.0153967710212, 0.0242376998067, -0.0113807534799, 0.00228839204647, -0.00350294751115], [-0.000574184232391, 0.000441899814177, -0.0011695928406, 0.00437367660925, 0.000627968169283, 0.00212608138099, -0.00297737377696, -0.00166395388078, 0.00867310259491, -0.0113807534799, 0.0149432774633, -0.00629393383861, 0.00345161091536], [0.00125087471679, -0.0015346291475, 0.00210396689363, -0.00340268039145, 0.00230605737306, -0.00111057597678, 0.00432977033779, -0.0024971079547, -0.00231106183492, 0.00228839204647, -0.00629393383861, 0.017857927829, -0.0114686628804], [-0.000517975655384, 0.000582648906857, -0.00128477416001, 0.00163982540835, -5.11783639467e-07, 0.00144046964124, -0.000776091823354, 0.000326968671288, 0.00286833150312, -0.00350294751115, 0.00345161091536, -0.0114686628804, 0.0175417084247]]
    },
    "melbands": {
        "dmean": [1.77355304913e-05, 3.93068294215e-05, 6.84982296661e-05, 4.94028754474e-05, 6.35750548099e-05, 0.000101792931673, 0.000249828473898, 0.000240314300754, 0.000320945022395, 0.000228336823056, 9.37046352192e-05, 3.30994225806e-05, 2.41747129621e-05, 8.99545484572e-05, 0.000124924263218, 9.41370672081e-05, 3.21906918543e-05, 7.48197044231e-06, 1.52470363446e-06, 9.62781427916e-07, 5.75195997499e-07, 4.48324158242e-07, 3.84083307381e-07, 3.5336830706e-07, 1.30722426661e-07, 9.77110659051e-08, 6.24595415388e-08, 4.25483968058e-08, 2.64384354409e-08, 8.84313866578e-09, 4.4177452807e-09, 3.39836025987e-09, 1.60607294131e-09, 1.69913205728e-09, 1.06837816372e-09, 7.73721531289e-10, 1.08902575846e-09, 6.15437312224e-10, 2.95064722655e-10, 2.28509974831e-10],
        "dmean2": [2.84746329271e-05, 5.953793152e-05, 9.99615731416e-05, 7.35103603802e-05, 9.34560885071e-05, 0.0001286661427, 0.000382651051041, 0.000278861931292, 0.000408766034525, 0.000321172294207, 0.000132303917781, 5.04537274537e-05, 3.30313196173e-05, 0.000128444342408, 0.000203688498004, 0.000152837936184, 5.14025850862e-05, 1.21765233416e-05, 2.48945525527e-06, 1.60403249083e-06, 9.7060240023e-07, 7.56761608045e-07, 6.22804577688e-07, 6.00593295985e-07, 2.22666159289e-07, 1.66297184023e-07, 1.06745744688e-07, 7.31243900987e-08, 4.52788775362e-08, 1.5208490467e-08, 7.60044738257e-09, 5.97026694749e-09, 2.73091460556e-09, 2.88198998e-09, 1.79659642718e-09, 1.3030523327e-09, 1.84470105857e-09, 1.03605279911e-09, 4.96188701238e-10, 3.81458642451e-10],
        "dvar": [3.57672602647e-09, 1.67692579822e-08, 4.81008051167e-08, 1.96212184278e-08, 3.63728176467e-08, 3.64386671947e-08, 3.5450489122e-07, 2.02296732255e-07, 4.6263349418e-07, 5.21798426689e-07, 1.45234295701e-07, 2.88364230272e-08, 2.85938850375e-09, 5.49905330161e-08, 3.24785588646e-07, 1.21524138308e-07, 2.19776694621e-08, 2.63903077169e-09, 2.90266820996e-11, 8.11895949776e-12, 3.2442236831e-12, 2.3755270754e-12, 6.19012306691e-12, 1.28060810654e-12, 1.339019092e-13, 7.78732072858e-14, 2.5665540453e-14, 1.28455570359e-14, 4.22546070331e-15, 7.63713810244e-16, 2.07220323973e-16, 1.36941497414e-16, 2.21293131191e-17, 1.84171581405e-17, 9.62809529844e-18, 2.87998894846e-18, 6.76716707284e-18, 1.31833957398e-18, 3.21182108488e-19, 2.36600409313e-19],
        "dvar2": [9.50979650582e-09, 3.89802643497e-08, 1.18349042566e-07, 5.30980450719e-08, 1.00247575574e-07, 7.25979347749e-08, 9.79782385002e-07, 2.29744443914e-07, 7.86439443345e-07, 9.81105586106e-07, 2.78391041775e-07, 6.14354931372e-08, 5.07548403306e-09, 1.14385393601e-07, 8.07299102235e-07, 2.97238614166e-07, 5.38730340338e-08, 7.00150959432e-09, 7.44383166218e-11, 2.26957497934e-11, 8.66613638489e-12, 6.39628237528e-12, 1.22869787261e-11, 3.6192971363e-12, 3.85719153015e-13, 2.23404262212e-13, 7.53541448532e-14, 3.86484430342e-14, 1.23016941211e-14, 2.26437106031e-15, 6.03887269306e-16, 4.19597119831e-16, 6.409632646e-17, 5.28133711466e-17, 2.62947283317e-17, 7.90111175146e-18, 1.90651300734e-17, 3.69943624947e-18, 8.83029882959e-19, 6.03768951872e-19],
        "max": [0.00213907985017, 0.00589975528419, 0.0120067363605, 0.004053294193, 0.00629970617592, 0.00632288819179, 0.023674653843, 0.0264241881669, 0.0245084501803, 0.0156580395997, 0.0152432462201, 0.00730930967256, 0.00207569776103, 0.00321487640031, 0.0122835608199, 0.00672275247052, 0.00412557693198, 0.00177911308128, 0.000195331158466, 7.23047196516e-05, 8.6692343757e-05, 3.69694389519e-05, 0.000127876061015, 3.3967782656e-05, 9.62391732173e-06, 7.58622172725e-06, 3.89411707147e-06, 2.50345942732e-06, 1.66939230439e-06, 8.41534017582e-07, 4.17853982526e-07, 3.08445237351e-07, 1.35959794534e-07, 1.0534009931e-07, 9.05528168005e-08, 8.16667693471e-08, 7.95260035602e-08, 3.51181199676e-08, 1.88619004859e-08, 2.63909036846e-08],
        "mean": [4.54667897429e-05, 0.000127007791889, 0.000272757082712, 0.000175349661731, 0.000166183890542, 0.000279428903013, 0.000546027731616, 0.00078243407188, 0.000776054977905, 0.000432885630289, 0.000171565203345, 6.4676751208e-05, 4.88817058795e-05, 0.00017048906011, 0.000179585622391, 0.000136925198603, 4.68784965051e-05, 1.24817843243e-05, 2.77804838333e-06, 1.76110324901e-06, 9.78410980679e-07, 8.3513464233e-07, 6.92805883773e-07, 6.1911487137e-07, 2.69355552973e-07, 2.01877057293e-07, 1.35148567892e-07, 9.28337513528e-08, 5.82369850122e-08, 2.21651390575e-08, 1.17666205668e-08, 8.62167315319e-09, 4.70803307451e-09, 4.86232609731e-09, 3.46351369807e-09, 2.40821229625e-09, 3.14653281208e-09, 2.08731454343e-09, 1.0951842766e-09, 8.70370109318e-10],
        "median": [3.18805587085e-06, 1.13686255645e-05, 1.20867189253e-05, 1.10058381324e-05, 1.75930326805e-05, 9.18348086998e-05, 0.000202703638934, 0.00027010004851, 0.000187542609638, 1.84529781109e-05, 1.12961588457e-05, 9.76811861619e-06, 6.30676277069e-06, 6.1420869315e-06, 5.17480293638e-06, 3.63341177945e-06, 6.66393248139e-07, 5.42287637018e-07, 2.68798203251e-07, 2.03474982641e-07, 7.39307068898e-08, 2.1803746364e-08, 4.16957490756e-08, 1.93852613961e-08, 3.70339137135e-08, 2.33674875005e-08, 1.99917753463e-08, 1.2924362025e-08, 1.10740625558e-08, 2.33148877982e-09, 8.40898017884e-10, 3.19331450171e-10, 5.43176614798e-10, 7.66733621038e-10, 6.97596092003e-10, 7.71890940054e-10, 1.00147456994e-09, 7.84551534849e-10, 5.50928191956e-10, 4.36006841742e-10],
        "min": [9.74281576309e-25, 5.6191819526e-25, 1.80728013665e-24, 4.45419305523e-24, 1.9069446262e-24, 3.40684254733e-24, 2.68602779771e-24, 2.21067619066e-24, 2.92455783899e-24, 2.20821100033e-24, 2.30852294747e-24, 2.65548113131e-24, 2.72702233516e-24, 2.62652165305e-24, 2.9525387353e-24, 4.36554402215e-24, 3.20785830044e-24, 4.17096516899e-24, 3.56893886942e-24, 5.58008334373e-24, 4.23186010328e-24, 4.53250051628e-24, 5.19260433341e-24, 4.59287638009e-24, 5.33651859494e-24, 4.1793519437e-24, 5.65292518199e-24, 6.10872230771e-24, 4.59526347319e-24, 3.79337531898e-24, 5.55710224784e-24, 5.67752383717e-24, 8.20672904515e-24, 7.31140347216e-24, 6.63981068481e-24, 6.35404266645e-24, 8.09668689318e-24, 7.52434464062e-24, 6.88688428691e-24, 7.07560427012e-24],
        "var": [1.61764948103e-08, 1.31507277956e-07, 5.40725807241e-07, 1.68987881466e-07, 1.54551997866e-07, 2.21872042516e-07, 1.14403553653e-06, 1.88448370864e-06, 2.10167672776e-06, 1.67835321463e-06, 4.84644999688e-07, 9.83798500442e-08, 1.00392067992e-08, 1.67487968383e-07, 5.70932570554e-07, 2.21019192281e-07, 3.86438792077e-08, 5.60630786239e-09, 5.32049924951e-11, 1.91776768077e-11, 6.49590580978e-12, 5.5150198644e-12, 1.14035838064e-11, 2.59338796098e-12, 3.77933199059e-13, 2.22443848823e-13, 8.10222182857e-14, 4.07875806968e-14, 1.40614728317e-14, 3.05159458764e-15, 9.21869472815e-16, 5.41834323804e-16, 1.17361549979e-16, 9.55245575256e-17, 5.64207455026e-17, 1.73020789701e-17, 2.72747636497e-17, 7.75517310317e-18, 2.33128427259e-18, 1.89808337515e-18]
    },
    "mfcc": {
        "mean": [-853.909729004, 196.716003418, -4.80042886734, -27.6893901825, -30.2216110229, -22.0465717316, -5.76325321198, -11.0652198792, -11.1117534637, 8.55185699463, 10.882525444, 15.9412603378, 10.901722908],
        "cov": [[9277.234375, 2857.92358398, -2047.96191406, 1265.60217285, 1076.86682129, 498.309051514, -8.49214553833, -13.2559547424, 37.6831436157, 215.338287354, -144.288406372, -621.516662598, -973.869506836], [2857.92358398, 2401.94677734, 348.646392822, 511.80847168, 724.738220215, 371.302856445, -120.991950989, -101.182449341, -21.8021888733, -273.228393555, -298.48550415, -435.832122803, -393.888793945], [-2047.96191406, 348.646392822, 1705.59057617, 377.228942871, 56.2933616638, 6.61906433105, -164.165298462, -141.797241211, -141.275604248, -556.53137207, -412.180297852, -166.388702393, 220.581161499], [1265.60217285, 511.80847168, 377.228942871, 1131.30883789, 535.086853027, 132.855194092, -174.209762573, -76.834487915, -16.1706581116, -331.128845215, -361.937896729, -380.266693115, -174.146575928], [1076.86682129, 724.738220215, 56.2933616638, 535.086853027, 805.474975586, 450.27130127, -103.074745178, 50.5489387512, 173.74597168, -60.772441864, -117.042800903, -389.064544678, -426.456481934], [498.309051514, 371.302856445, 6.61906433105, 132.855194092, 450.27130127, 443.9815979, 74.369354248, 92.3048934937, 155.340789795, 53.3921661377, -2.68584132195, -227.696380615, -319.62197876], [-8.49214553833, -120.991950989, -164.165298462, -174.209762573, -103.074745178, 74.369354248, 294.959838867, 112.354202271, -19.0363769531, 136.149627686, 80.51902771, 81.2608261108, -3.42002105713], [-13.2559547424, -101.182449341, -141.797241211, -76.834487915, 50.5489387512, 92.3048934937, 112.354202271, 176.517807007, 128.810668945, 106.22215271, 75.8126449585, -28.8311100006, -102.286766052], [37.6831436157, -21.8021888733, -141.275604248, -16.1706581116, 173.74597168, 155.340789795, -19.0363769531, 128.810668945, 250.008666992, 145.311004639, 88.7549362183, -88.8560791016, -167.509796143], [215.338287354, -273.228393555, -556.53137207, -331.128845215, -60.772441864, 53.3921661377, 136.149627686, 106.22215271, 145.311004639, 407.972595215, 299.128753662, 115.850616455, -94.9970932007], [-144.288406372, -298.48550415, -412.180297852, -361.937896729, -117.042800903, -2.68584132195, 80.51902771, 75.8126449585, 88.7549362183, 299.128753662, 313.399810791, 176.267059326, -19.0324497223], [-621.516662598, -435.832122803, -166.388702393, -380.266693115, -389.064544678, -227.696380615, 81.2608261108, -28.8311100006, -88.8560791016, 115.850616455, 176.267059326, 367.532562256, 295.983276367], [-973.869506836, -393.888793945, 220.581161499, -174.146575928, -426.456481934, -319.62197876, -3.42002105713, -102.286766052, -167.509796143, -94.9970932007, -19.0324497223, 295.983276367, 474.309692383]],
