{
"lowlevel": {
    "average_loudness": 0.0755439773202,
    "barkbands_crest": {
        "dmean": 2.5667052269,
        "dmean2": 3.97180747986,
        "dvar": 5.64419317245,
        "dvar2": 13.9273223877,
        "max": 26.795627594,
        "mean": 12.7531785965,
        "median": 12.0726976395,
        "min": 2.14815974236,
        "var": 23.5416164398
    },
    "barkbands_flatness_db": {
        "dmean": 0.0232998263091,
        "dmean2": 0.0348892360926,
        "dvar": 0.000689938897267,
        "dvar2": 0.00150531739928,
        "max": 0.472876757383,
        "mean": 0.246682390571,
        "median": 0.25631198287,
        "min": 0.0227513536811,
        "var": 0.00626417668536
    },
    "barkbands_kurtosis": {
        "dmean": 4.85088014603,
        "dmean2": 7.48699951172,
        "dvar": 117.930641174,
        "dvar2": 241.25831604,
        "max": 406.169708252,
        "mean": 9.25399875641,
        "median": 4.51621723175,
        "min": -1.90689337254,
        "var": 370.891143799
    },
    "barkbands_skewness": {
        "dmean": 0.629995584488,
        "dmean2": 0.942000865936,
        "dvar": 0.529474198818,
        "dvar2": 1.07240867615,
        "max": 18.814371109,
        "mean": 1.95622873306,
        "median": 1.73914301395,
        "min": -15.8334951401,
        "var": 2.86079692841
    },
    "barkbands_spread": {
        "dmean": 2.50384449959,
        "dmean2": 4.02776575089,
        "dvar": 21.9555053711,
        "dvar2": 54.4031448364,
        "max": 102.909767151,
        "mean": 8.97194766998,
        "median": 5.84719276428,
        "min": 0.366847127676,
        "var": 91.1992034912
    },
    "dissonance": {
        "dmean": 0.0316495895386,
        "dmean2": 0.0530609712005,
        "dvar": 0.000908942893147,
        "dvar2": 0.00236813048832,
        "max": 0.500000119209,
        "mean": 0.423538565636,
        "median": 0.43097537756,
        "min": 0.01916317828,
        "var": 0.00256155687384
    },
    "dynamic_complexity": 7.40493106842,
    "erbbands_crest": {
        "dmean": 2.54069375992,
        "dmean2": 3.96950697899,
        "dvar": 6.20711278915,
        "dvar2": 13.6387481689,
        "max": 35.2032279968,
        "mean": 10.1608457565,
        "median": 9.16553020477,
        "min": 2.29216885567,
        "var": 21.8470439911
    },
    "erbbands_flatness_db": {
        "dmean": 0.0174650270492,
        "dmean2": 0.0255075264722,
        "dvar": 0.000447476864792,
        "dvar2": 0.000876854523085,
        "max": 0.476166397333,
        "mean": 0.229348883033,
        "median": 0.231911689043,
        "min": 0.0355436727405,
        "var": 0.00470442092046
    },
    "erbbands_kurtosis": {
        "dmean": 1.75941169262,
        "dmean2": 2.7426879406,
        "dvar": 57.950592041,
        "dvar2": 123.978919983,
        "max": 298.180755615,
        "mean": 2.01602268219,
        "median": 0.615869283676,
        "min": -1.84792280197,
        "var": 115.182006836
    },
    "erbbands_skewness": {
        "dmean": 0.394984096289,
        "dmean2": 0.598793745041,
        "dvar": 0.251269310713,
        "dvar2": 0.517360329628,
        "max": 4.69804811478,
        "mean": 0.591655135155,
        "median": 0.667799055576,
        "min": -13.7778987885,
        "var": 0.954453587532
    },
    "erbbands_spread": {
        "dmean": 4.74742650986,
        "dmean2": 7.3473482132,
        "dvar": 37.2784729004,
        "dvar2": 86.759475708,
        "max": 140.008270264,
        "mean": 22.1992435455,
        "median": 18.1946392059,
        "min": 0.227024257183,
        "var": 177.312332153
    },
    "hfc": {
        "dmean": 3.31869792938,
        "dmean2": 5.0557308197,
        "dvar": 111.201057434,
        "dvar2": 275.162597656,
        "max": 186.65687561,
        "mean": 8.6824798584,
        "median": 3.99577856064,
        "min": 1.22848152956e-16,
        "var": 205.261764526
    },
    "melbands_crest": {
        "dmean": 2.8295416832,
        "dmean2": 4.40768289566,
        "dvar": 6.78519821167,
        "dvar2": 17.4646015167,
        "max": 37.4084014893,
        "mean": 15.3764753342,
        "median": 14.9953889847,
        "min": 1.54773342609,
        "var": 25.6377429962
    },
    "melbands_flatness_db": {
        "dmean": 0.0257052537054,
        "dmean2": 0.0383766852319,
        "dvar": 0.000844199035782,
        "dvar2": 0.00190414814278,
        "max": 0.585954368114,
        "mean": 0.332651227713,
        "median": 0.343787312508,
        "min": 0.00333628756925,
        "var": 0.00826148595661
    },
    "melbands_kurtosis": {
        "dmean": 7.01457881927,
        "dmean2": 10.9502468109,
        "dvar": 169.525192261,
        "dvar2": 395.238983154,
        "max": 397.814239502,
        "mean": 14.6763477325,
        "median": 7.23732376099,
        "min": -1.91734027863,
        "var": 578.903564453
    },
    "melbands_skewness": {
        "dmean": 0.692674458027,
        "dmean2": 1.05115377903,
        "dvar": 0.566783249378,
        "dvar2": 1.28832411766,
        "max": 15.3214483261,
        "mean": 2.50964379311,
        "median": 2.18740344048,
        "min": -11.1141252518,
        "var": 2.99741697311
    },
    "melbands_spread": {
        "dmean": 3.30343079567,
        "dmean2": 5.26543283463,
        "dvar": 57.9942779541,
        "dvar2": 140.300598145,
        "max": 198.511383057,
        "mean": 10.4821138382,
        "median": 7.0002040863,
        "min": 0.451240092516,
        "var": 169.803421021
    },
    "pitch_salience": {
        "dmean": 0.0719672143459,
        "dmean2": 0.113078579307,
        "dvar": 0.00443589081988,
        "dvar2": 0.0112363724038,
        "max": 0.960889399052,
        "mean": 0.514035522938,
        "median": 0.522197306156,
        "min": 0.0274798069149,
        "var": 0.0200578551739
    },
    "silence_rate_20dB": {
        "dmean": 0.00883458647877,
        "dmean2": 0.017670834437,
        "dvar": 0.00875590275973,
        "dvar2": 0.0226198770106,
        "max": 1,
        "mean": 0.991448163986,
        "median": 1,
        "min": 0,
        "var": 0.00847963709384
    },
    "silence_rate_30dB": {
        "dmean": 0.0308270677924,
        "dmean2": 0.0616599321365,
        "dvar": 0.029875151813,
        "dvar2": 0.0663135349751,
        "max": 1,
        "mean": 0.885161161423,
        "median": 1,
        "min": 0,
        "var": 0.101649351418
    },
    "silence_rate_60dB": {
        "dmean": 0.0184210520238,
        "dmean2": 0.0368455685675,
        "dvar": 0.0180785246193,
        "dvar2": 0.0407394841313,
        "max": 1,
        "mean": 0.20157879591,
        "median": 0,
        "min": 0,
        "var": 0.160951077938
    },
    "spectral_centroid": {
        "dmean": 106.02973175,
        "dmean2": 166.352828979,
        "dvar": 46155.6015625,
        "dvar2": 101182.25,
        "max": 10963.2119141,
        "mean": 619.489746094,
        "median": 467.425445557,
        "min": 136.871917725,
        "var": 226630.0625
    },
    "spectral_complexity": {
        "dmean": 1.76390981674,
        "dmean2": 2.87000656128,
        "dvar": 6.75771474838,
        "dvar2": 15.1471691132,
        "max": 51,
        "mean": 9.21426582336,
        "median": 9,
        "min": 0,
        "var": 39.5485954285
    },
    "spectral_decrease": {
        "dmean": 3.60142937694e-09,
        "dmean2": 5.45086908943e-09,
        "dvar": 8.28354944325e-17,
        "dvar2": 2.0159587962e-16,
        "max": 6.94745555412e-17,
        "mean": -9.57698365056e-09,
        "median": -2.98945890265e-09,
        "min": -2.01901514174e-07,
        "var": 3.01035403575e-16
    },
    "spectral_energy": {
        "dmean": 0.0138328289613,
        "dmean2": 0.0208848137408,
        "dvar": 0.00120632140897,
        "dvar2": 0.00292543740943,
        "max": 0.767852127552,
        "mean": 0.0369332805276,
        "median": 0.0116922184825,
        "min": 1.10889611487e-20,
        "var": 0.00441642012447
    },
    "spectral_energyband_high": {
        "dmean": 4.05857535952e-05,
        "dmean2": 7.49546888983e-05,
        "dvar": 1.67712428834e-07,
        "dvar2": 4.93937193369e-07,
        "max": 0.00959571357816,
        "mean": 3.35325967171e-05,
        "median": 3.057612048e-06,
        "min": 7.84700768351e-21,
        "var": 9.03358028381e-08
    },
    "spectral_energyband_low": {
        "dmean": 0.0107298307121,
        "dmean2": 0.0165984984487,
        "dvar": 0.00103680544998,
        "dvar2": 0.00256610382348,
        "max": 0.741111576557,
        "mean": 0.0239440593868,
        "median": 0.00114463409409,
        "min": 7.814754001e-23,
        "var": 0.00329554430209
    },
    "spectral_energyband_middle_high": {
        "dmean": 0.00119477615226,
        "dmean2": 0.0019409887027,
        "dvar": 1.56134592544e-05,
        "dvar2": 3.99025739171e-05,
        "max": 0.0807871818542,
        "mean": 0.00214339164086,
        "median": 0.000649156165309,
        "min": 1.66973091136e-21,
        "var": 2.26498068514e-05
    },
    "spectral_energyband_middle_low": {
        "dmean": 0.00497669866309,
        "dmean2": 0.00746400980279,
        "dvar": 0.000196418099222,
        "dvar2": 0.000488985097036,
        "max": 0.32164272666,
        "mean": 0.0123976776376,
        "median": 0.00711454963312,
        "min": 3.51031364573e-22,
        "var": 0.000352226255927
    },
    "spectral_entropy": {
        "dmean": 0.174720749259,
        "dmean2": 0.260998904705,
        "dvar": 0.046352121979,
        "dvar2": 0.0926966816187,
        "max": 9.80226993561,
        "mean": 6.64777469635,
        "median": 6.51077032089,
        "min": 4.36225748062,
        "var": 0.459933817387
    },
    "spectral_flux": {
        "dmean": 0.0215560030192,
        "dmean2": 0.0355372317135,
        "dvar": 0.00164754781872,
        "dvar2": 0.00418668519706,
        "max": 0.649038374424,
        "mean": 0.0589889511466,
        "median": 0.0378170274198,
        "min": 1.05304133469e-10,
        "var": 0.00439187698066
    },
    "spectral_kurtosis": {
        "dmean": 7.07700300217,
        "dmean2": 12.146739006,
        "dvar": 75.4864196777,
        "dvar2": 221.618850708,
        "max": 136.428146362,
        "mean": 20.1795349121,
        "median": 16.618680954,
        "min": -1.19511795044,
        "var": 235.899978638
    },
    "spectral_rms": {
        "dmean": 0.000805611372925,
        "dmean2": 0.00115927658044,
        "dvar": 1.83262909559e-06,
        "dvar2": 4.19235902882e-06,
        "max": 0.0273701306432,
        "mean": 0.00449479930103,
        "median": 0.00337743130513,
        "min": 3.28914868432e-12,
        "var": 1.5829293261e-05
    },
    "spectral_rolloff": {
        "dmean": 180.791687012,
        "dmean2": 312.335479736,
        "dvar": 195503.390625,
        "dvar2": 450843.5625,
        "max": 19422.9492188,
        "mean": 761.648132324,
        "median": 559.86328125,
        "min": 64.599609375,
        "var": 1532243.75
    },
    "spectral_skewness": {
        "dmean": 0.517034113407,
        "dmean2": 0.873750090599,
        "dvar": 0.297789871693,
        "dvar2": 0.853944003582,
        "max": 9.40372467041,
        "mean": 3.20577287674,
        "median": 3.15094637871,
        "min": -0.390415430069,
        "var": 1.43179392815
    },
    "spectral_spread": {
        "dmean": 342963.6875,
        "dmean2": 546679.875,
        "dvar": 260787814400,
        "dvar2": 492757254144,
        "max": 39833464,
        "mean": 2863324,
        "median": 2326511.75,
        "min": 679129.1875,
        "var": 2.96484313498e+12
    },
    "spectral_strongpeak": {
        "dmean": 0.28911241889,
        "dmean2": 0.47371506691,
        "dvar": 0.31294515729,
        "dvar2": 0.753630101681,
        "max": 8.69801807404,
        "mean": 0.632103025913,
        "median": 0.442323833704,
        "min": 0,
        "var": 0.530549108982
    },
    "zerocrossingrate": {
        "dmean": 0.00455579254776,
        "dmean2": 0.00568790966645,
        "dvar": 6.74393377267e-05,
        "dvar2": 8.35415703477e-05,
        "max": 0.60009765625,
        "mean": 0.0321647524834,
        "median": 0.021484375,
        "min": 0.0029296875,
        "var": 0.00161945587024
    },
    "barkbands": {
        "dmean": [0.000147865415784, 0.00851835589856, 0.00279694399796, 0.00212992518209, 0.00179317209404, 0.000757486908697, 0.000682076497469, 0.000626896566246, 0.0006454649847, 0.000458177353721, 0.000290971394861, 0.000182069881703, 0.000207605757168, 0.000102834754216, 7.08653096808e-05, 0.000118956784718, 8.126290777e-05, 3.96396098949e-05, 5.9413479903e-05, 1.85906410479e-05, 1.36692860906e-05, 9.53080234467e-06, 6.6005318331e-06, 2.79593336927e-06, 1.12120119411e-06, 3.69390619426e-07, 2.65104375785e-07],
        "dmean2": [0.000243026763201, 0.0128791807219, 0.00464875437319, 0.00344258616678, 0.00278279720806, 0.00101642531808, 0.000941766949836, 0.000956557050813, 0.000935114803724, 0.000715214933734, 0.000452654261608, 0.000299090868793, 0.000352245318936, 0.00017688938533, 0.00012063550821, 0.000212886283407, 0.00014462605759, 7.01333992765e-05, 0.000106525258161, 3.24118154822e-05, 2.58502786892e-05, 1.77155543497e-05, 1.24773187054e-05, 4.97949622513e-06, 1.80690028628e-06, 6.08083269071e-07, 4.38182468088e-07],
        "dvar": [5.1102767884e-07, 0.000653753755614, 0.000221315116505, 0.000101530102256, 1.64761386259e-05, 4.69783208246e-06, 5.0699231906e-06, 4.12160125052e-06, 7.04089734427e-06, 2.82414680441e-06, 1.41812540733e-06, 3.59257370519e-07, 6.59402076053e-07, 1.76933923512e-07, 9.43941458331e-08, 4.24237953212e-07, 2.86354037371e-07, 1.36573461873e-07, 3.7867903302e-07, 1.51871741849e-08, 2.32236416764e-08, 1.14182299171e-08, 7.68094565728e-09, 5.83369852425e-10, 5.28856194948e-11, 3.81957746681e-12, 3.28038247607e-12],
        "dvar2": [1.29549289341e-06, 0.00162054272369, 0.000620939012151, 0.000264764763415, 4.08777123084e-05, 1.01072464531e-05, 1.09378825073e-05, 9.31036538532e-06, 1.52853644977e-05, 6.1091036514e-06, 2.96408938993e-06, 8.15111206975e-07, 1.73912769696e-06, 4.900255135e-07, 2.49298011568e-07, 1.22013102555e-06, 8.1579679545e-07, 3.92155271811e-07, 1.04646949239e-06, 3.80255578136e-08, 6.87587373704e-08, 3.37314780552e-08, 2.27866010505e-08, 1.69653668891e-09, 1.26109039877e-10, 9.58506624765e-12, 7.76118145446e-12],
        "max": [0.0172965042293, 0.650766909122, 0.344672203064, 0.236777424812, 0.0955801457167, 0.0691222399473, 0.0556387193501, 0.0781526118517, 0.0945394188166, 0.0774043351412, 0.0557226389647, 0.0239673778415, 0.0231671016663, 0.0138427410275, 0.00949299614877, 0.0145442895591, 0.011825193651, 0.010265307501, 0.01685693115, 0.00257217278704, 0.00366512453184, 0.00252374866977, 0.00213867728598, 0.000643731968012, 0.000247015268542, 4.08716769016e-05, 5.01370450365e-05],
        "mean": [0.0005784764071, 0.0170539636165, 0.00476405164227, 0.00316535169259, 0.00424085417762, 0.00168500910513, 0.00125046703033, 0.00098681927193, 0.00102316192351, 0.000644926156383, 0.000434406974819, 0.000255574588664, 0.000263584108325, 0.0001275085815, 8.75197947607e-05, 0.000138776187669, 8.97246209206e-05, 4.32537744928e-05, 5.39052889508e-05, 1.91408398678e-05, 9.80620097835e-06, 6.83017560732e-06, 4.80542530568e-06, 2.82593418888e-06, 1.60346894518e-06, 6.39613972453e-07, 3.014503136e-07],
        "median": [1.79329262551e-07, 0.000147314669448, 0.000165313627804, 0.000340283557307, 0.00232591247186, 0.000700603239238, 0.000293326535029, 0.000339454447385, 0.000195453278138, 0.000143396668136, 6.40848884359e-05, 7.87555836723e-05, 5.41204026376e-05, 2.64998852799e-05, 1.30804337459e-05, 1.15593747978e-05, 7.6141259342e-06, 3.8024886635e-06, 2.05620244742e-06, 1.1649640328e-06, 6.54819302781e-07, 3.22565256283e-07, 2.9964334658e-07, 3.07716618408e-07, 2.7511822509e-07, 1.34951491759e-07, 4.22431369884e-08],
        "min": [3.32010176877e-24, 6.01701951518e-23, 1.50392813261e-23, 4.18986824843e-24, 5.3973093207e-23, 1.42819745415e-22, 4.07454451492e-23, 4.37329150399e-23, 4.79434159453e-23, 5.63874682717e-23, 6.89742110202e-23, 2.68155783572e-22, 7.08741036243e-23, 1.43997167648e-22, 1.46344893432e-22, 2.7411540683e-22, 1.62450063103e-22, 1.97318119011e-22, 1.40920774201e-22, 3.77028862617e-22, 3.51349029393e-22, 7.03825637632e-22, 5.34166572302e-22, 8.42705243706e-22, 1.16630436789e-21, 1.61603959926e-21, 2.68222542662e-21],
        "var": [2.30928549172e-06, 0.00184817507397, 0.0002753327135, 0.000113122790935, 4.01159704779e-05, 1.14894046419e-05, 1.03975135062e-05, 9.65718845691e-06, 1.4642703718e-05, 5.35979279448e-06, 2.81750931208e-06, 4.96046482112e-07, 7.52629489398e-07, 1.70969627789e-07, 8.95688145874e-08, 3.39236692071e-07, 1.93937339077e-07, 8.96096565839e-08, 2.56032706147e-07, 1.37596583016e-08, 1.22264696145e-08, 6.04721162034e-09, 3.99492749992e-09, 3.46326911593e-10, 5.44958453363e-11, 4.16931073e-12, 3.37937533859e-12]
    },
    "erbbands": {
        "dmean": [0.20123796165, 2.11464047432, 3.49639081955, 5.31558179855, 6.16231870651, 6.07107925415, 7.15920448303, 7.11908197403, 10.1040277481, 7.87055397034, 15.4793615341, 14.9881153107, 12.2428321838, 9.63286399841, 12.2152681351, 6.77528429031, 9.75963020325, 5.69979381561, 4.36449384689, 4.36853504181, 5.6266207695, 4.81862354279, 2.48531675339, 2.53451895714, 2.67544078827, 0.856438696384, 0.652432620525, 0.433529317379, 0.379376977682, 0.242855325341, 0.18029654026, 0.0900330245495, 0.0327472873032, 0.0155846932903, 0.00683362595737, 0.00230149761774, 0.000521899957675, 0.000204291514819, 4.60558767372e-05, 1.66113950399e-05],
        "dmean2": [0.316559135914, 3.17789673805, 5.60010242462, 8.66689682007, 9.93399715424, 9.52904415131, 9.66965770721, 9.41555404663, 13.7744617462, 11.8702077866, 22.8060359955, 22.2039356232, 19.0059871674, 15.222571373, 19.0341339111, 11.1013889313, 16.4026641846, 9.64669036865, 7.47767877579, 7.62243366241, 10.0041465759, 8.52544498444, 4.42350006104, 4.43357515335, 4.82427215576, 1.53955495358, 1.23757445812, 0.804772377014, 0.705556750298, 0.455759495497, 0.341084420681, 0.16423368454, 0.0569878928363, 0.0256486833096, 0.0108738355339, 0.00378289073706, 0.000876632519066, 0.000332340423483, 7.38423550501e-05, 2.53093767242e-05],
        "dvar": [0.445188879967, 39.1797714233, 181.655227661, 734.991943359, 446.263214111, 196.275970459, 338.56652832, 560.95513916, 1133.25219727, 681.651062012, 2620.88842773, 4162.88183594, 1944.59301758, 919.711364746, 3250.60327148, 509.739105225, 1338.18762207, 641.484985352, 235.629745483, 447.016113281, 1026.37084961, 894.188842773, 558.002990723, 523.960205078, 801.020385742, 35.7367897034, 50.539226532, 18.6697807312, 17.8178462982, 9.38205337524, 5.79632043839, 1.02687621117, 0.0529379956424, 0.0116160158068, 0.00162169325631, 0.000137452225317, 9.22224353417e-06, 1.6608111082e-06, 8.77811530131e-08, 2.00721417265e-09],
        "dvar2": [1.18822050095, 94.5423202515, 484.826538086, 1960.77209473, 1159.41101074, 524.40838623, 719.33013916, 1199.33483887, 2386.3527832, 1549.58764648, 5747.74267578, 9286.625, 4377.46582031, 2022.22949219, 6900.25439453, 1135.63562012, 3494.64697266, 1755.98181152, 641.540771484, 1266.59033203, 2942.5637207, 2537.65332031, 1607.21801758, 1431.6529541, 2219.32104492, 86.415763855, 149.614807129, 54.8881111145, 52.6639442444, 27.7567672729, 17.2018718719, 3.03048014641, 0.148721367121, 0.0299226883799, 0.00357623049058, 0.000323057261994, 2.47664611379e-05, 3.8230696191e-06, 1.90914121845e-07, 4.71021532888e-09],
        "max": [14.476940155, 165.915893555, 306.626281738, 557.769104004, 530.935668945, 322.403900146, 712.919067383, 775.334289551, 1001.06176758, 666.918457031, 1604.0501709, 2706.17407227, 1762.12255859, 1287.21118164, 2782.38012695, 867.11932373, 1075.75012207, 1065.75378418, 293.943481445, 445.172393799, 754.174377441, 655.656188965, 643.367553711, 621.816040039, 769.496337891, 127.735961914, 167.750045776, 97.1936950684, 100.433097839, 74.8451385498, 59.0931510925, 25.7203655243, 8.73595046997, 4.36436796188, 1.1347938776, 0.24732093513, 0.0608031153679, 0.037807174027, 0.00879420805722, 0.000830325880088],
        "mean": [0.397544115782, 4.07018470764, 6.70510959625, 8.1503534317, 11.4958591461, 13.8977537155, 17.0668869019, 15.2608041763, 19.2269897461, 13.2419948578, 25.9898529053, 23.2091712952, 18.0680961609, 14.0833511353, 19.0625095367, 10.0129871368, 13.1872930527, 7.51385641098, 5.84199619293, 5.56116390228, 6.7428393364, 5.61147642136, 2.70867705345, 2.6928524971, 2.29158711433, 0.890202045441, 0.480178385973, 0.329043835402, 0.269858777523, 0.172454178333, 0.132426813245, 0.0780295878649, 0.0381227247417, 0.0206022150815, 0.0101538272575, 0.00391730293632, 0.000887675152626, 0.000287058646791, 6.64948383928e-05, 4.33731765952e-05],
        "median": [0.00136940262746, 0.0564593933523, 0.366711318493, 1.04514288902, 3.35485172272, 7.09108018875, 9.35737419128, 6.26929664612, 4.89675188065, 5.74426364899, 8.19399642944, 5.43099689484, 5.37680101395, 5.01022911072, 2.84207510948, 3.06336474419, 3.02912902832, 1.60434305668, 1.3970041275, 0.799544394016, 0.574100971222, 0.508247792721, 0.248966187239, 0.143688216805, 0.0919824242592, 0.0511421561241, 0.0329379327595, 0.0216646939516, 0.0125145874918, 0.00892502535135, 0.00858909729868, 0.00625395076349, 0.0053503527306, 0.00338505581021, 0.00181862141471, 0.000805768417194, 0.000203852032428, 5.40050059499e-05, 1.61414136528e-05, 1.40729380291e-05],
        "min": [2.42725043592e-21, 1.05517800422e-20, 1.82498515946e-20, 1.44093537925e-20, 1.96608084621e-20, 1.80635811836e-19, 5.55717099511e-19, 1.62799680763e-18, 8.80366464784e-19, 4.96751788039e-19, 9.08583043044e-19, 1.07402495582e-18, 1.70373687664e-18, 2.17388731166e-18, 3.9060738247e-18, 1.00159305092e-17, 4.55061874827e-18, 5.86321913636e-18, 6.73258347861e-18, 9.06685821591e-18, 1.72062749116e-17, 9.30678195258e-18, 1.04607071789e-17, 8.71882610908e-18, 9.95301184306e-18, 1.58473098094e-17, 1.75288588069e-17, 1.39139901945e-17, 2.45602066878e-17, 2.05320836045e-17, 1.46336704146e-17, 1.86830222612e-17, 1.31551173298e-17, 1.41399279614e-17, 7.37669661389e-18, 4.74261977615e-18, 3.5075030504e-18, 1.42626555081e-18, 3.6906415618e-19, 3.80327661323e-20],
        "var": [1.07946324348, 109.439994812, 371.682098389, 741.601379395, 612.687011719, 472.622161865, 773.359191895, 1254.52307129, 2584.5949707, 1036.30493164, 6683.46484375, 7259.18554688, 3291.00073242, 1458.11877441, 6640.34033203, 728.249328613, 1579.79309082, 595.831665039, 239.515701294, 382.418243408, 782.492248535, 636.931762695, 355.165802002, 385.06427002, 532.885925293, 32.4033699036, 26.6557159424, 10.1057367325, 9.4252910614, 4.92401790619, 3.0125579834, 0.559029042721, 0.0371378436685, 0.0101417405531, 0.00193607900292, 0.000164087352459, 8.3473723862e-06, 1.95122538571e-06, 1.05715152188e-07, 6.17809403636e-09]
    },
    "gfcc": {
        "mean": [-140.124206543, 151.026977539, -106.575508118, -8.18623924255, -47.7990455627, -2.72501754761, -37.0426330566, -3.85095047951, -21.7089595795, -8.34415149689, -11.5989971161, -6.58991003036, -5.64650821686],
        "cov": [[15271.6884766, 3678.35229492, 0.756167769432, 1630.11730957, 1014.47302246, 310.329559326, 368.136688232, 287.021392822, 391.254211426, -141.595153809, 282.430755615, -151.845657349, 99.396194458], [3678.35229492, 3260.47021484, -52.4746665955, 258.574432373, 693.779052734, -262.288818359, 308.280181885, -169.90713501, 171.637481689, -277.703948975, 199.866394043, -206.524841309, 112.459022522], [0.756167769432, -52.4746665955, 880.038818359, 393.302429199, 215.270965576, 331.992492676, 107.001808167, 117.226799011, 36.9602661133, 67.5693817139, -15.3184900284, -3.32078576088, -72.4662780762], [1630.11730957, 258.574432373, 393.302429199, 955.403076172, 621.413879395, 323.809997559, 388.830230713, 253.513977051, 278.42855835, 88.391166687, 142.9581604, 19.0658035278, 8.58620738983], [1014.47302246, 693.779052734, 215.270965576, 621.413879395, 752.913085938, 247.741378784, 374.022277832, 175.707458496, 253.974197388, 28.4893798828, 134.908035278, -4.64064598083, 38.6019630432], [310.329559326, -262.288818359, 331.992492676, 323.809997559, 247.741378784, 396.163391113, 150.85635376, 189.890960693, 123.822990417, 116.751213074, 27.7078380585, 40.3831443787, -18.6482334137], [368.136688232, 308.280181885, 107.001808167, 388.830230713, 374.022277832, 150.85635376, 349.945098877, 146.588195801, 185.484115601, 45.7986297607, 110.463043213, 4.18576526642, 29.1458053589], [287.021392822, -169.90713501, 117.226799011, 253.513977051, 175.707458496, 189.890960693, 146.588195801, 229.490280151, 133.120834351, 91.3579101562, 49.8807449341, 47.4267616272, 9.44986820221], [391.254211426, 171.637481689, 36.9602661133, 278.42855835, 253.974197388, 123.822990417, 185.484115601, 133.120834351, 228.658554077, 69.5945968628, 80.3173599243, 14.6083621979, 39.8488502502], [-141.595153809, -277.703948975, 67.5693817139, 88.391166687, 28.4893798828, 116.751213074, 45.7986297607, 91.3579101562, 69.5945968628, 122.684707642, 36.3585853577, 42.1609992981, -1.78442919254], [282.430755615, 199.866394043, -15.3184900284, 142.9581604, 134.908035278, 27.7078380585, 110.463043213, 49.8807449341, 80.3173599243, 36.3585853577, 120.489311218, 36.6616210938, 37.5648384094], [-151.845657349, -206.524841309, -3.32078576088, 19.0658035278, -4.64064598083, 40.3831443787, 4.18576526642, 47.4267616272, 14.6083621979, 42.1609992981, 36.6616210938, 89.017616272, 38.2146148682], [99.396194458, 112.459022522, -72.4662780762, 8.58620738983, 38.6019630432, -18.6482334137, 29.1458053589, 9.44986820221, 39.8488502502, -1.78442919254, 37.5648384094, 38.2146148682, 80.7501678467]],
        "icov": [[0.0002205944038, -0.000491889310069, 0.000434435758507, -0.000836459861603, 0.000548023672309, -0.00059026380768, 0.000516220519785, -0.000358118792064, 0.000357736222213, -0.000217153443373, 0.000423946417868, -0.000282017310383, 0.000104523460323], [-0.000491889310069, 0.00209787907079, -0.00137551967055, 0.00232533295639, -0.00218844623305, 0.00185856851749, -0.000919995305594, 0.000985080376267, -0.00124330900144, 0.0021347173024, -0.00311299273744, 0.00315451505594, -0.00148967432324], [0.000434435758507, -0.00137551967055, 0.00308132404462, -0.00264736218378, 0.00155270902906, -0.00298796943389, 0.000947781431023, -0.000314418895869, 0.00173457048368, -0.00112993572839, 0.00217803055421, -0.00150220189244, 0.00150677573401], [-0.000836459861603, 0.00232533295639, -0.00264736218378, 0.00666525028646, -0.00393158104271, 0.00247518531978, -0.0025946716778, 0.000511203135829, -0.00269312714227, 0.00207455921918, -0.00359180802479, 0.00180524180178, 0.000225871044677], [0.000548023672309, -0.00218844623305, 0.00155270902906, -0.00393158104271, 0.00678829848766, -0.00362760201097, -0.000819932087325, -0.000517832813784, -0.000158170674695, 0.000566917296965, 0.00177963194437, -0.0022391481325, 0.000780773872975], [-0.00059026380768, 0.00185856851749, -0.00298796943389, 0.00247518531978, -0.00362760201097, 0.00932304561138, -0.00150142121129, -0.00152280915063, -0.00123269285541, -0.00247271126136, 0.00036585808266, 0.00033945555333, 2.3684298867e-05], [0.000516220519785, -0.000919995305594, 0.000947781431023, -0.0025946716778, -0.000819932087325, -0.00150142121129, 0.00989683717489, -0.00289614847861, -0.000856253260281, 0.00048411777243, -0.0032433422748, 0.0026031320449, -0.000705588958226], [-0.000358118792064, 0.000985080376267, -0.000314418895869, 0.000511203135829, -0.000517832813784, -0.00152280915063, -0.00289614847861, 0.0118947690353, -0.00374100124463, -0.0014269980602, 0.000801927410066, -0.00364636606537, 0.00144875328988], [0.000357736222213, -0.00124330900144, 0.00173457048368, -0.00269312714227, -0.000158170674695, -0.00123269285541, -0.000856253260281, -0.00374100124463, 0.0138710243627, -0.00658179121092, 0.000707814295311, 0.00384901696816, -0.00546940183267], [-0.000217153443373, 0.0021347173024, -0.00112993572839, 0.00207455921918, 0.000566917296965, -0.00247271126136, 0.00048411777243, -0.0014269980602, -0.00658179121092, 0.0216451901942, -0.00840079970658, -0.00118998193648, 0.00340743316337], [0.000423946417868, -0.00311299273744, 0.00217803055421, -0.00359180802479, 0.00177963194437, 0.00036585808266, -0.0032433422748, 0.000801927410066, 0.000707814295311, -0.00840079970658, 0.0230050068349, -0.0119948722422, 0.000900309125427], [-0.000282017310383, 0.00315451505594, -0.00150220189244, 0.00180524180178, -0.0022391481325, 0.00033945555333, 0.0026031320449, -0.00364636606537, 0.00384901696816, -0.00118998193648, -0.0119948722422, 0.030880138278, -0.0159097854048], [0.000104523460323, -0.00148967432324, 0.00150677573401, 0.000225871044677, 0.000780773872975, 2.3684298867e-05, -0.000705588958226, 0.00144875328988, -0.00546940183267, 0.00340743316337, 0.000900309125427, -0.0159097854048, 0.0252601560205]]
    },
    "melbands": {
        "dmean": [0.00211440701969, 0.00217735650949, 0.000947257620282, 0.000434623274487, 0.000251610937994, 0.000158341717906, 0.000142910401337, 9.94648580672e-05, 0.000129602980451, 9.31746617425e-05, 6.49701469229e-05, 4.61385679955e-05, 3.57721219189e-05, 2.20566744247e-05, 2.16412117879e-05, 2.39310174948e-05, 9.66401330516e-06, 7.70376209402e-06, 5.07223921886e-06, 8.97511472431e-06, 5.62289278605e-06, 5.16225782121e-06, 3.35708136845e-06, 1.89305490039e-06, 2.11544738704e-06, 2.1084117634e-06, 1.30462251491e-06, 4.86080125484e-07, 4.60319171225e-07, 2.54266183219e-07, 2.60861384049e-07, 2.15603208176e-07, 1.77029505721e-07, 1.22099464761e-07, 1.08299737178e-07, 8.79922197328e-08, 4.14710008556e-08, 2.3356742318e-08, 1.62332600695e-08, 1.2936916427e-08],
        "dmean2": [0.00324590248056, 0.00331984646618, 0.00153478980064, 0.000703812285792, 0.000342204177286, 0.000210255093407, 0.000196595516172, 0.000149847182911, 0.000189084865269, 0.000138772316859, 0.000101270125015, 7.27933365852e-05, 5.59612381039e-05, 3.5500015656e-05, 3.62722676073e-05, 4.02657060476e-05, 1.6595080524e-05, 1.32680297611e-05, 8.68817005539e-06, 1.6046800738e-05, 1.00464558273e-05, 9.05527213035e-06, 6.15013595961e-06, 3.31287492372e-06, 3.70217276213e-06, 3.75458557755e-06, 2.26005977311e-06, 8.35077969441e-07, 8.76207195688e-07, 4.75108322462e-07, 4.83670646645e-07, 3.98149950342e-07, 3.34039668815e-07, 2.28712920602e-07, 2.05023496846e-07, 1.65514848049e-07, 7.35204110924e-08, 4.04126758724e-08, 2.81217467091e-08, 2.13169641938e-08],
        "dvar": [4.30645268352e-05, 4.60167648271e-05, 1.94531894522e-05, 1.10663745545e-06, 4.3513105652e-07, 2.35837688933e-07, 2.20266869633e-07, 9.90209017004e-08, 2.09081079561e-07, 1.84285212868e-07, 5.71615039746e-08, 2.24532286097e-08, 2.40561188747e-08, 6.49939213559e-09, 7.65603846986e-09, 9.73587166442e-09, 2.09974548859e-09, 6.77607969735e-10, 6.85756895713e-10, 2.30237140464e-09, 1.22962362514e-09, 7.83813403071e-10, 1.1788828802e-09, 2.63251365151e-10, 3.65864893936e-10, 4.31494451281e-10, 1.64957311699e-10, 9.64171797957e-12, 2.53012090445e-11, 7.07866317645e-12, 6.80398966335e-12, 5.18096373095e-12, 4.86054555979e-12, 2.40978287672e-12, 2.12043707246e-12, 1.34004049177e-12, 1.51901765905e-13, 2.19660207179e-14, 1.93699206387e-14, 7.64804174581e-15],
        "dvar2": [0.000111640772957, 0.000113560221507, 5.16018408234e-05, 2.94503183795e-06, 9.42855706398e-07, 5.06738331296e-07, 4.71948311542e-07, 2.19977621896e-07, 4.44309108616e-07, 4.17242745243e-07, 1.27719815168e-07, 4.92900120719e-08, 5.09788264935e-08, 1.47845335974e-08, 1.78399570672e-08, 2.51366785164e-08, 5.81579762127e-09, 1.87065674062e-09, 1.77263659307e-09, 6.66640564972e-09, 3.53320106505e-09, 2.20860885136e-09, 3.44774653271e-09, 7.49823980684e-10, 9.99148319636e-10, 1.17313847525e-09, 4.32966662522e-10, 2.56447293956e-11, 7.49070250272e-11, 2.09036815635e-11, 1.9991336711e-11, 1.52874379822e-11, 1.43970651373e-11, 7.12892635549e-12, 6.2940061149e-12, 3.97806570671e-12, 4.40016241759e-13, 6.09452944925e-14, 5.40740175347e-14, 1.91680574408e-14],
        "max": [0.152231171727, 0.145066857338, 0.0835271328688, 0.0205141510814, 0.0262124631554, 0.0155702447519, 0.0134691065177, 0.0106610897928, 0.0174516607076, 0.0181031860411, 0.00998091604561, 0.00592468585819, 0.0075087803416, 0.0032821695786, 0.00333521491848, 0.0029879824724, 0.00178976601455, 0.00062263617292, 0.000921981118154, 0.00140591734089, 0.000847758026794, 0.00054097303655, 0.000919779762626, 0.000438442366431, 0.000522799964529, 0.000551148492377, 0.000361374637578, 6.64503168082e-05, 0.000113352907647, 6.62475213176e-05, 5.78422877879e-05, 5.3631963965e-05, 5.38871317985e-05, 3.84203303838e-05, 3.60137819371e-05, 2.91551477858e-05, 1.02098547359e-05, 5.8566511143e-06, 6.89112857799e-06, 3.16452428706e-06],
        "mean": [0.00430558854714, 0.00437144516036, 0.00154279998969, 0.000917672994547, 0.00061938323779, 0.000341752194799, 0.000267865223577, 0.000161801392096, 0.000216433050809, 0.000139620329719, 9.3311900855e-05, 6.5544663812e-05, 5.44735048607e-05, 3.39138059644e-05, 2.86767044599e-05, 3.01605159621e-05, 1.17606878121e-05, 9.95874324872e-06, 6.08534537605e-06, 1.07142277557e-05, 6.40149119135e-06, 6.08324626228e-06, 3.19679202221e-06, 2.06096137845e-06, 2.21984601012e-06, 1.81556072221e-06, 1.21083144222e-06, 4.5224379619e-07, 3.26813051288e-07, 1.91934219629e-07, 1.94127778741e-07, 1.55626196374e-07, 1.20114833635e-07, 8.7420623629e-08, 7.86934037933e-08, 6.53502425507e-08, 3.97288921761e-08, 2.7052928786e-08, 2.03190957393e-08, 1.66898708187e-08],
        "median": [2.46601248364e-05, 0.000190538252355, 0.000247323012445, 0.000445169076556, 0.000354844378307, 0.000145130237797, 6.92081594025e-05, 6.6297747253e-05, 5.87547801842e-05, 2.76599894278e-05, 2.40721001319e-05, 2.08484507311e-05, 8.32183377497e-06, 8.0353966041e-06, 6.20877381152e-06, 5.05665593664e-06, 2.25057033276e-06, 2.42336113843e-06, 9.42122085235e-07, 9.83149561762e-07, 4.7845486506e-07, 5.54975486011e-07, 2.31083873814e-07, 1.74962906385e-07, 1.05344952317e-07, 7.22373485473e-08, 4.94942469231e-08, 2.86040968689e-08, 2.06923260748e-08, 1.54799000285e-08, 1.089668622e-08, 7.36858396522e-09, 5.11063147357e-09, 4.75221728635e-09, 4.86215556705e-09, 4.14628953394e-09, 3.52737639098e-09, 3.73908282114e-09, 3.05972780446e-09, 2.6861199931e-09],
        "min": [1.81582985058e-23, 1.10772006083e-23, 2.73985019955e-24, 5.05211727809e-24, 1.96758318069e-23, 3.25980707875e-23, 1.23561823717e-23, 6.52820146065e-24, 7.7890279847e-24, 6.56714476252e-24, 8.5042148034e-24, 8.32394036503e-24, 1.15339636942e-23, 2.32518092877e-23, 2.32898907591e-23, 5.82283398807e-24, 1.28024993615e-23, 1.11944040396e-23, 1.26106365564e-23, 1.5177022751e-23, 1.991874259e-23, 1.04085415947e-23, 7.10051570865e-24, 1.01468945762e-23, 6.65533546742e-24, 5.50306843127e-24, 9.96033686075e-24, 1.12867725519e-23, 1.09335450932e-23, 9.59112076925e-24, 7.44819510857e-24, 1.37668060875e-23, 1.45553340934e-23, 1.0871529582e-23, 8.60527261852e-24, 7.80411968268e-24, 1.31741964205e-23, 8.9091300063e-24, 9.13687178306e-24, 1.32749592017e-23],
        "var": [0.000117625379062, 0.000125883278088, 2.08251130971e-05, 2.2923418328e-06, 9.56752160164e-07, 5.28125383426e-07, 4.78214985833e-07, 1.99539883283e-07, 5.64740901154e-07, 3.0380661542e-07, 9.90643158616e-08, 3.80981965975e-08, 4.84243365406e-08, 1.19379883756e-08, 1.04088622166e-08, 1.21308527667e-08, 1.96853444656e-09, 7.05899949605e-10, 6.10491046604e-10, 1.92875981853e-09, 8.65933824645e-10, 6.00243965643e-10, 6.91023294142e-10, 1.754593415e-10, 2.71033584465e-10, 3.00614394488e-10, 1.27619803614e-10, 7.15065029758e-12, 1.33496920116e-11, 3.76785191589e-12, 3.6914616329e-12, 2.76294525453e-12, 2.54151105543e-12, 1.26459931936e-12, 1.10140770202e-12, 6.96982077088e-13, 9.34841193714e-14, 1.64804659448e-14, 1.34949170572e-14, 6.95820244346e-15]
    },
    "mfcc": {
        "mean": [-789.490356445, 190.092254639, -0.956742525101, 2.33821153641, 2.80249285698, -4.92299604416, -3.89359998703, -3.45734143257, -5.83296251297, -5.09696102142, -6.22270441055, -3.65982627869, -5.38791847229],
        "cov": [[12417.6435547, 3069.76074219, -495.965789795, 1422.70129395, 743.397399902, 374.956237793, 257.385894775, 503.551116943, 202.781173706, 247.075744629, 218.599334717, 176.714492798, 208.763870239], [3069.76074219, 2526.76586914, -162.403411865, 292.500732422, 262.24017334, -13.7068223953, 99.0918579102, 40.1652069092, -56.7886047363, -69.0014190674, -35.3572998047, -48.3124580383, -32.9312171936], [-495.965789795, -162.403411865, 570.575195312, 127.436058044, 111.247825623, 183.841781616, 88.3958435059, 68.3678665161, 60.23777771, 52.6685791016, 58.9153671265, 46.9770698547, -16.1103096008], [1422.70129395, 292.500732422, 127.436058044, 782.183837891, 428.12097168, 347.943695068, 297.60446167, 335.756347656, 215.216278076, 226.670928955, 199.412261963, 154.777420044, 156.802062988], [743.397399902, 262.24017334, 111.247825623, 428.12097168, 420.81137085, 306.061462402, 225.375686646, 243.287475586, 173.168075562, 167.661895752, 131.092803955, 117.875015259, 100.780204773], [374.956237793, -13.7068223953, 183.841781616, 347.943695068, 306.061462402, 364.827575684, 222.816940308, 221.636627197, 177.363723755, 176.779067993, 149.620452881, 115.231658936, 89.1698608398], [257.385894775, 99.0918579102, 88.3958435059, 297.60446167, 225.375686646, 222.816940308, 248.0418396, 203.084732056, 126.782905579, 132.216674805, 115.020362854, 93.2583770752, 84.7869338989], [503.551116943, 40.1652069092, 68.3678665161, 335.756347656, 243.287475586, 221.636627197, 203.084732056, 260.725982666, 175.876754761, 160.60383606, 129.61756897, 108.537513733, 100.519416809], [202.781173706, -56.7886047363, 60.23777771, 215.216278076, 173.168075562, 177.363723755, 126.782905579, 175.876754761, 193.235366821, 152.703399658, 109.715087891, 85.732131958, 85.0029602051], [247.075744629, -69.0014190674, 52.6685791016, 226.670928955, 167.661895752, 176.779067993, 132.216674805, 160.60383606, 152.703399658, 193.114654541, 133.831237793, 87.7520675659, 83.0516891479], [218.599334717, -35.3572998047, 58.9153671265, 199.412261963, 131.092803955, 149.620452881, 115.020362854, 129.61756897, 109.715087891, 133.831237793, 156.764709473, 93.9645004272, 61.273349762], [176.714492798, -48.3124580383, 46.9770698547, 154.777420044, 117.875015259, 115.231658936, 93.2583770752, 108.537513733, 85.732131958, 87.7520675659, 93.9645004272, 118.11668396, 77.635345459], [208.763870239, -32.9312171936, -16.1103096008, 156.802062988, 100.780204773, 89.1698608398, 84.7869338989, 100.519416809, 85.0029602051, 83.0516891479, 61.273349762, 77.635345459, 120.62739563]],
