{
"lowlevel": {
    "average_loudness": 0.968919575214,
    "barkbands_crest": {
        "dmean": 2.69067430496,
        "dmean2": 4.32721185684,
        "dvar": 7.44143486023,
        "dvar2": 18.6208171844,
        "max": 26.3051166534,
        "mean": 12.6074142456,
        "median": 12.1001300812,
        "min": 2.70165038109,
        "var": 17.7290363312
    },
    "barkbands_flatness_db": {
        "dmean": 0.0541414730251,
        "dmean2": 0.0793711543083,
        "dvar": 0.00337311020121,
        "dvar2": 0.0065979459323,
        "max": 0.821891069412,
        "mean": 0.283579528332,
        "median": 0.270931869745,
        "min": 0.0320994220674,
        "var": 0.0165999550372
    },
    "barkbands_kurtosis": {
        "dmean": 22.3323173523,
        "dmean2": 38.2776298523,
        "dvar": 2487.47045898,
        "dvar2": 6823.93847656,
        "max": 686.370849609,
        "mean": 30.3656826019,
        "median": 14.6668586731,
        "min": -1.90369606018,
        "var": 2517.37060547
    },
    "barkbands_skewness": {
        "dmean": 1.34920668602,
        "dmean2": 2.23472499847,
        "dvar": 3.06865048409,
        "dvar2": 8.08366107941,
        "max": 19.8925876617,
        "mean": 3.42753481865,
        "median": 2.91012835503,
        "min": -3.86159944534,
        "var": 6.40065383911
    },
    "barkbands_spread": {
        "dmean": 7.0000872612,
        "dmean2": 11.1613006592,
        "dvar": 161.456283569,
        "dvar2": 369.026611328,
        "max": 112.045814514,
        "mean": 11.1933755875,
        "median": 5.32268571854,
        "min": 0.0885533690453,
        "var": 224.730194092
    },
    "dissonance": {
        "dmean": 0.0374641753733,
        "dmean2": 0.0619135834277,
        "dvar": 0.00147753127385,
        "dvar2": 0.00378148956224,
        "max": 0.500000119209,
        "mean": 0.43298459053,
        "median": 0.449503600597,
        "min": 0.0960750430822,
        "var": 0.00335181504488
    },
    "dynamic_complexity": 3.43713402748,
    "erbbands_crest": {
        "dmean": 2.4115896225,
        "dmean2": 3.79509210587,
        "dvar": 7.01387214661,
        "dvar2": 15.5227842331,
        "max": 27.2022457123,
        "mean": 9.7058391571,
        "median": 8.87691307068,
        "min": 2.45428013802,
        "var": 20.6804275513
    },
    "erbbands_flatness_db": {
        "dmean": 0.0333138890564,
        "dmean2": 0.0505119822919,
        "dvar": 0.00135310122278,
        "dvar2": 0.00267768744379,
        "max": 0.585147440434,
        "mean": 0.179771125317,
        "median": 0.16614381969,
        "min": 0.0532290749252,
        "var": 0.00530855357647
    },
    "erbbands_kurtosis": {
        "dmean": 4.02427148819,
        "dmean2": 6.62324571609,
        "dvar": 141.810836792,
        "dvar2": 345.367431641,
        "max": 315.624084473,
        "mean": 4.54213666916,
        "median": 0.224397659302,
        "min": -1.94008171558,
        "var": 205.238601685
    },
    "erbbands_skewness": {
        "dmean": 0.764847874641,
        "dmean2": 1.17594063282,
        "dvar": 1.06889879704,
        "dvar2": 2.27682590485,
        "max": 13.7898397446,
        "mean": 0.667747795582,
        "median": 0.360227108002,
        "min": -5.24430561066,
        "var": 2.85284519196
    },
    "erbbands_spread": {
        "dmean": 16.3893718719,
        "dmean2": 26.3495635986,
        "dvar": 540.083251953,
        "dvar2": 1253.34655762,
        "max": 212.55355835,
        "mean": 42.2298927307,
        "median": 35.1155853271,
        "min": 1.00985741615,
        "var": 961.479431152
    },
    "hfc": {
        "dmean": 14.3335380554,
        "dmean2": 22.5881843567,
        "dvar": 790.228942871,
        "dvar2": 1556.18969727,
        "max": 232.804595947,
        "mean": 16.8120746613,
        "median": 6.40638589859,
        "min": 6.47812498089e-11,
        "var": 969.860839844
    },
    "melbands_crest": {
        "dmean": 3.58448505402,
        "dmean2": 5.46561813354,
        "dvar": 16.4642429352,
        "dvar2": 35.7067718506,
        "max": 39.5643386841,
        "mean": 24.4665184021,
        "median": 22.3442955017,
        "min": 1.72852921486,
        "var": 95.5451126099
    },
    "melbands_flatness_db": {
        "dmean": 0.0624076798558,
        "dmean2": 0.089793741703,
        "dvar": 0.00457636034116,
        "dvar2": 0.00858512613922,
        "max": 0.979789733887,
        "mean": 0.387890845537,
        "median": 0.376716762781,
        "min": 0.0052581159398,
        "var": 0.0233175177127
    },
    "melbands_kurtosis": {
        "dmean": 128.489151001,
        "dmean2": 219.076324463,
        "dvar": 481762.8125,
        "dvar2": 1380124.625,
        "max": 22854.4609375,
        "mean": 153.956832886,
        "median": 38.1647567749,
        "min": -1.80054533482,
        "var": 469828.46875
    },
    "melbands_skewness": {
        "dmean": 2.42132711411,
        "dmean2": 3.88348984718,
        "dvar": 22.5806217194,
        "dvar2": 57.2480278015,
        "max": 104.841751099,
        "mean": 6.45109128952,
        "median": 4.80782365799,
        "min": -2.91800284386,
        "var": 41.7010765076
    },
    "melbands_spread": {
        "dmean": 5.0625743866,
        "dmean2": 8.30227661133,
        "dvar": 139.329376221,
        "dvar2": 340.65914917,
        "max": 236.687454224,
        "mean": 9.38214206696,
        "median": 3.6658475399,
        "min": 0.0134928468615,
        "var": 266.179748535
    },
    "pitch_salience": {
        "dmean": 0.0842707231641,
        "dmean2": 0.134813040495,
        "dvar": 0.0115899406374,
        "dvar2": 0.0274801626801,
        "max": 0.947613179684,
        "mean": 0.405646234751,
        "median": 0.435974925756,
        "min": 0.00517704011872,
        "var": 0.0461400710046
    },
    "silence_rate_20dB": {
        "dmean": 0,
        "dmean2": 0,
        "dvar": 0,
        "dvar2": 0,
        "max": 1,
        "mean": 1,
        "median": 1,
        "min": 1,
        "var": 0
    },
    "silence_rate_30dB": {
        "dmean": 0.0955734401941,
        "dmean2": 0.191079065204,
        "dvar": 0.0864475518465,
        "dvar2": 0.163274988532,
        "max": 1,
        "mean": 0.847262978554,
        "median": 1,
        "min": 0,
        "var": 0.12940068543
    },
    "silence_rate_60dB": {
        "dmean": 0.0103957075626,
        "dmean2": 0.0207093153149,
        "dvar": 0.0102865025401,
        "dvar2": 0.0231295973063,
        "max": 1,
        "mean": 0.026322407648,
        "median": 0,
        "min": 0,
        "var": 0.0256279222667
    },
    "spectral_centroid": {
        "dmean": 371.928985596,
        "dmean2": 568.222229004,
        "dvar": 316366.28125,
        "dvar2": 632641.125,
        "max": 11128.7675781,
        "mean": 878.044616699,
        "median": 596.696838379,
        "min": 30.9181423187,
        "var": 648264.5625
    },
    "spectral_complexity": {
        "dmean": 4.04275655746,
        "dmean2": 6.21078205109,
        "dvar": 40.8169555664,
        "dvar2": 72.1819458008,
        "max": 60,
        "mean": 9.72369861603,
        "median": 7,
        "min": 0,
        "var": 82.5221328735
    },
    "spectral_decrease": {
        "dmean": 8.27946422532e-09,
        "dmean2": 1.31367690059e-08,
        "dvar": 2.53562118557e-16,
        "dvar2": 6.17626620166e-16,
        "max": 5.26737602232e-19,
        "mean": -1.6845948636e-08,
        "median": -1.40548142014e-08,
        "min": -1.15406919576e-07,
        "var": 3.15552595379e-16
    },
    "spectral_energy": {
        "dmean": 0.032224137336,
        "dmean2": 0.0509016402066,
        "dvar": 0.0037645928096,
        "dvar2": 0.00912406854331,
        "max": 0.440632581711,
        "mean": 0.065105587244,
        "median": 0.0547985881567,
        "min": 5.15859539669e-15,
        "var": 0.0046884980984
    },
    "spectral_energyband_high": {
        "dmean": 0.00138004345354,
        "dmean2": 0.00218688440509,
        "dvar": 1.00143670352e-05,
        "dvar2": 2.03697418328e-05,
        "max": 0.0271655004472,
        "mean": 0.00120110402349,
        "median": 4.25845937571e-05,
        "min": 3.80143728047e-15,
        "var": 1.13383121061e-05
    },
    "spectral_energyband_low": {
        "dmean": 0.026910122484,
        "dmean2": 0.0429129898548,
        "dvar": 0.00306352810003,
        "dvar2": 0.00749943964183,
        "max": 0.401973605156,
        "mean": 0.0525345914066,
        "median": 0.0403818264604,
        "min": 2.04176994151e-17,
        "var": 0.0039024730213
    },
    "spectral_energyband_middle_high": {
        "dmean": 0.000923269602936,
        "dmean2": 0.00141232414171,
        "dvar": 3.43785359291e-06,
        "dvar2": 7.72449038777e-06,
        "max": 0.0236664973199,
        "mean": 0.00175949407276,
        "median": 0.000962655933108,
        "min": 6.98609799127e-16,
        "var": 5.9922190303e-06
    },
    "spectral_energyband_middle_low": {
        "dmean": 0.00787635799497,
        "dmean2": 0.0139242457226,
        "dvar": 0.000378449389245,
        "dvar2": 0.0010542019736,
        "max": 0.163089796901,
        "mean": 0.0113116428256,
        "median": 0.00526985479519,
        "min": 9.60761678802e-17,
        "var": 0.000295877602184
    },
    "spectral_entropy": {
        "dmean": 0.509117424488,
        "dmean2": 0.74160772562,
        "dvar": 0.308752626181,
        "dvar2": 0.545647799969,
        "max": 9.81224632263,
        "mean": 6.81191635132,
        "median": 6.84579372406,
        "min": 3.52525162697,
        "var": 1.0709733963
    },
    "spectral_flux": {
        "dmean": 0.0577730499208,
        "dmean2": 0.0848382860422,
        "dvar": 0.00772384740412,
        "dvar2": 0.0117242801934,
        "max": 0.625608325005,
        "mean": 0.115201577544,
        "median": 0.0712306275964,
        "min": 1.87644025118e-06,
        "var": 0.0140054887161
    },
    "spectral_kurtosis": {
        "dmean": 7.94137239456,
        "dmean2": 12.5145311356,
        "dvar": 289.412963867,
        "dvar2": 708.927246094,
        "max": 722.557006836,
        "mean": 13.4794378281,
        "median": 5.63497543335,
        "min": -1.21825706959,
        "var": 555.95513916
    },
    "spectral_rms": {
        "dmean": 0.00164358702023,
        "dmean2": 0.00252128532156,
        "dvar": 6.0029915403e-06,
        "dvar2": 1.31732613227e-05,
        "max": 0.0207336787134,
        "mean": 0.00709671759978,
        "median": 0.0073117739521,
        "min": 2.2433850333e-09,
        "var": 1.31540164148e-05
    },
    "spectral_rolloff": {
        "dmean": 385.763366699,
        "dmean2": 683.16418457,
        "dvar": 1438332.25,
        "dvar2": 3577478,
        "max": 20241.2109375,
        "mean": 635.48815918,
        "median": 172.265625,
        "min": 21.533203125,
        "var": 3805112.5
    },
    "spectral_skewness": {
        "dmean": 0.768275201321,
        "dmean2": 1.15368258953,
        "dvar": 1.05622315407,
        "dvar2": 2.29955673218,
        "max": 24.8436183929,
        "mean": 2.4402923584,
        "median": 1.84892392159,
        "min": -0.0200937893242,
        "var": 3.43568611145
    },
    "spectral_spread": {
        "dmean": 1336521.75,
        "dmean2": 2034645,
        "dvar": 2.36837457101e+12,
        "dvar2": 4.87935705088e+12,
        "max": 41372748,
        "mean": 4554281,
        "median": 3947245,
        "min": 322823.78125,
        "var": 5.6516804608e+12
    },
    "spectral_strongpeak": {
        "dmean": 0.240300193429,
        "dmean2": 0.414233148098,
        "dvar": 0.188779324293,
        "dvar2": 0.475324571133,
        "max": 8.98211765289,
        "mean": 0.41811606288,
        "median": 0.311481326818,
        "min": 0,
        "var": 0.262857049704
    },
    "zerocrossingrate": {
        "dmean": 0.00992220453918,
        "dmean2": 0.0125975087285,
        "dvar": 0.000252125610132,
        "dvar2": 0.000357366108801,
        "max": 0.52099609375,
        "mean": 0.0265416819602,
        "median": 0.0126953125,
        "min": 0,
        "var": 0.00237017520703
    },
    "barkbands": {
        "dmean": [0.00592253683135, 0.0185860898346, 0.00965997390449, 0.00454546650872, 0.00302615924738, 0.000829335360322, 0.000164302095072, 0.00011904216808, 8.81083542481e-05, 8.94457116374e-05, 0.0002054071374, 0.000220213230932, 0.000109552158392, 6.53074530419e-05, 5.18887973158e-05, 5.75617123104e-05, 7.6486467151e-05, 8.55870821397e-05, 0.000108382722829, 0.000192438834347, 0.000216176049435, 0.000234373554122, 0.000268876872724, 0.000420137948822, 0.000121967503219, 5.75288795517e-05, 7.43063310438e-06],
        "dmean2": [0.00954926945269, 0.0291247684509, 0.01810339652, 0.00822133757174, 0.00502905342728, 0.0014885206474, 0.0002814711479, 0.000204348951229, 0.000150162653881, 0.00014772938448, 0.000338321435265, 0.000319536455208, 0.000180021452252, 0.00010042766371, 8.52795274113e-05, 8.92062162166e-05, 0.000121271732496, 0.000132383647724, 0.000169687584275, 0.000305300811306, 0.000341690436471, 0.00036257415195, 0.000414215173805, 0.000698331627063, 0.000186043413123, 9.19577214518e-05, 1.23647487271e-05],
        "dvar": [5.57428538741e-05, 0.00146954075899, 0.000857978418935, 0.000130195796373, 5.15780775459e-05, 6.16453826296e-06, 1.07443028696e-07, 7.65615411069e-08, 3.63497925093e-08, 4.04841529189e-08, 1.59004372335e-07, 4.87567604068e-07, 9.21794409692e-08, 1.1137727185e-08, 1.2564420615e-08, 1.16795391136e-08, 3.60708583003e-08, 6.05881353977e-08, 9.47510230276e-08, 2.80130109331e-07, 3.49982286707e-07, 4.28745437375e-07, 4.22939336886e-07, 9.08191225335e-07, 9.54089998118e-08, 3.24847491129e-08, 5.48329048833e-10],
        "dvar2": [0.000162566066138, 0.00336021184921, 0.00247020414099, 0.000367437343812, 0.000138842093293, 1.70188304764e-05, 2.93851428523e-07, 2.07209851055e-07, 9.86246178059e-08, 1.06200438665e-07, 3.93043535496e-07, 1.04495643427e-06, 2.33137143368e-07, 2.42779805149e-08, 2.95311348708e-08, 2.57952965654e-08, 6.90444394991e-08, 1.31808903348e-07, 2.11867529742e-07, 6.43211933493e-07, 8.15471025817e-07, 8.83185066414e-07, 8.2681611957e-07, 2.20232777792e-06, 1.90828785662e-07, 7.9192425062e-08, 1.25831733921e-09],
        "max": [0.0877454504371, 0.287562131882, 0.185139864683, 0.111637845635, 0.076166972518, 0.0237680990249, 0.00340161146596, 0.00378232030198, 0.00234526232816, 0.00249352469109, 0.00575157767162, 0.0115568023175, 0.00422389805317, 0.00154534366447, 0.00166549987625, 0.00149619043805, 0.00241347239353, 0.00368826184422, 0.00437179626897, 0.00601120619103, 0.00762368924916, 0.00748065765947, 0.00530072115362, 0.00559904612601, 0.00234706024639, 0.00189215061255, 0.000199431102374],
        "mean": [0.0122700603679, 0.0306843519211, 0.00788940582424, 0.00607241922989, 0.0039417934604, 0.000796065316536, 0.000216687491047, 0.000168354454217, 0.000103523379948, 0.000120954478916, 0.000359264435247, 0.000505036849063, 0.000157516420586, 0.000119319636724, 6.62185484543e-05, 7.91813217802e-05, 8.11017453088e-05, 8.85206754901e-05, 0.000111239642138, 0.000164392913575, 0.000183636526344, 0.000209657955565, 0.000237818865571, 0.000318004953442, 0.000107501837192, 4.77040011901e-05, 5.74077375859e-06],
        "median": [0.00829680357128, 0.0157543513924, 0.00119298091158, 0.00172064837534, 0.00182536791544, 0.000269858835964, 7.70498954807e-05, 4.82387731608e-05, 2.71764274657e-05, 1.84101154446e-05, 0.000128851577756, 9.70718538156e-05, 4.04468846682e-05, 1.34341917146e-05, 9.59685985435e-06, 1.45385174619e-05, 1.33888688651e-05, 1.26146405819e-05, 1.20450422401e-05, 1.32934137582e-05, 8.30262615636e-06, 8.20651166578e-06, 2.42614783019e-06, 1.84883219845e-06, 9.24194694107e-07, 6.90053354901e-07, 1.65332949109e-07],
        "min": [8.05558111341e-18, 9.53162866823e-18, 4.6315629207e-18, 4.66832282712e-18, 1.07229490757e-17, 3.39266680673e-18, 1.59324300031e-17, 2.26865317582e-17, 3.13506944637e-17, 2.65952016893e-17, 6.03833707706e-17, 7.6975833e-17, 5.37501697339e-17, 5.50864237652e-18, 9.89189163303e-17, 1.08404719193e-16, 1.24157520308e-16, 6.54717226779e-17, 7.76080570683e-17, 4.80261328346e-17, 1.73098144323e-16, 1.56591325066e-16, 1.86193908963e-16, 3.02565039199e-16, 3.73353514895e-16, 7.86269397657e-16, 2.02662945257e-15],
        "var": [0.00014417807688, 0.00200125016272, 0.000489621597808, 0.000112582943984, 4.32410597568e-05, 3.97080111725e-06, 1.30778516905e-07, 8.40863236817e-08, 3.45794468615e-08, 6.25631955131e-08, 2.98735244542e-07, 1.211384415e-06, 1.18608163291e-07, 3.45559776349e-08, 1.76176335742e-08, 1.87986355371e-08, 4.65648390957e-08, 6.69747066695e-08, 9.79270566859e-08, 2.77550242345e-07, 3.47729724126e-07, 4.77233868423e-07, 5.03139915509e-07, 7.7287103295e-07, 1.11869226771e-07, 2.90989117246e-08, 4.95485485974e-10]
    },
    "erbbands": {
        "dmean": [0.743138849735, 4.2051782608, 10.8286952972, 13.916311264, 11.6267328262, 10.7223014832, 5.16989946365, 7.42421245575, 3.09026956558, 2.39488220215, 2.75137257576, 1.90043914318, 2.07418560982, 4.49403429031, 6.90768003464, 8.36608886719, 6.74468278885, 3.13532519341, 2.50447225571, 3.39232993126, 2.94793438911, 4.62397670746, 4.3292298317, 5.38518810272, 6.32213640213, 8.81313228607, 9.96057796478, 7.1977930069, 8.01716518402, 8.31845188141, 8.27062511444, 9.85644626617, 5.79771137238, 1.69923973083, 0.748775184155, 0.29735326767, 0.103402256966, 0.0157033894211, 0.00120869453531, 0.000102000260085],
        "dmean2": [1.13939547539, 6.86944818497, 20.1904811859, 25.2847061157, 20.1721591949, 18.0797042847, 9.07383346558, 13.5534925461, 5.41748428345, 4.12366724014, 4.72906351089, 3.29866456985, 3.37549948692, 7.56899738312, 11.4914464951, 12.3916902542, 10.438794136, 4.79240989685, 3.98832798004, 5.46391773224, 4.57360076904, 7.18217277527, 6.77181434631, 8.54587173462, 9.65721797943, 14.1600427628, 15.7466039658, 11.1597480774, 12.1957302094, 13.1482334137, 12.7231998444, 16.4538593292, 9.57187843323, 2.64318799973, 1.1375207901, 0.459315776825, 0.169607803226, 0.0261474978179, 0.0019922319334, 0.000163744829479],
        "dvar": [1.62293601036, 109.710708618, 1086.79748535, 1388.55358887, 709.621459961, 681.032470703, 172.477264404, 573.322753906, 52.9000778198, 28.1755924225, 33.0251083374, 19.6615505219, 15.7483205795, 105.704101562, 164.996032715, 700.668395996, 356.77532959, 27.7710170746, 21.2146072388, 42.1506996155, 44.1594161987, 131.98727417, 148.459503174, 244.979110718, 344.545532227, 630.266601562, 714.291992188, 332.188659668, 497.749359131, 459.063140869, 377.724090576, 510.754974365, 171.15411377, 18.0513019562, 3.34753537178, 0.67373085022, 0.124501228333, 0.00287947803736, 1.45118283399e-05, 6.64752377588e-08],
        "dvar2": [3.78744316101, 275.207672119, 3106.35424805, 3950.62207031, 1936.94909668, 1878.09741211, 470.012481689, 1589.40844727, 145.155166626, 74.8485717773, 89.27784729, 53.5173568726, 38.8636932373, 279.318389893, 413.249145508, 1538.21044922, 831.347351074, 59.4668655396, 47.8604812622, 100.298080444, 94.5774078369, 266.359313965, 291.767852783, 572.30090332, 748.344787598, 1481.94836426, 1634.75830078, 718.67779541, 1043.44836426, 940.860412598, 732.394165039, 1265.91687012, 401.686798096, 37.8390846252, 6.35398864746, 1.48351919651, 0.318094223738, 0.00736578414217, 3.27523557644e-05, 1.46190132e-07],
        "max": [9.35817146301, 69.6848297119, 216.856246948, 311.920623779, 225.850769043, 322.974060059, 105.322181702, 216.832214355, 83.7020874023, 81.615196228, 66.4060134888, 53.9910469055, 55.7868347168, 159.546279907, 191.502471924, 430.707061768, 269.744049072, 80.919342041, 71.0260620117, 81.1026535034, 82.8065795898, 148.894317627, 168.976043701, 212.646209717, 243.624008179, 285.671386719, 343.470031738, 225.49307251, 253.636108398, 202.54045105, 165.824234009, 137.273788452, 75.154510498, 34.7409172058, 14.8614521027, 8.0447177887, 3.65227174759, 0.596382498741, 0.0349196270108, 0.00287001300603],
        "mean": [1.55700218678, 4.31757926941, 9.0045671463, 17.1179733276, 15.1115312576, 13.9054784775, 6.37988424301, 5.85441017151, 3.53051614761, 3.11971306801, 3.999792099, 2.06163930893, 2.96566987038, 7.62411403656, 11.0065908432, 18.7760009766, 13.2285680771, 5.36649417877, 3.84228658676, 5.25880908966, 3.64072322845, 5.00873947144, 4.75195217133, 5.28553628922, 6.27721691132, 7.27628135681, 8.42232322693, 6.52865409851, 7.28539419174, 7.14950227737, 7.31207180023, 7.35218477249, 4.48351860046, 1.4535292387, 0.671737074852, 0.259754031897, 0.0812437385321, 0.0117827821523, 0.000970915367361, 0.000126925049699],
        "median": [0.855800807476, 1.16443264484, 1.46894478798, 4.57480859756, 7.87767505646, 5.67085838318, 3.26432681084, 1.54361140728, 1.01074385643, 1.19196283817, 1.3679792881, 0.586997270584, 0.716646969318, 3.20957422256, 4.01185178757, 4.21106958389, 3.45977115631, 1.03757750988, 0.713779091835, 0.868975579739, 0.689712107182, 0.950426518917, 0.674520432949, 0.686230540276, 0.70525687933, 0.578015446663, 0.449454814196, 0.318541318178, 0.345569908619, 0.139744102955, 0.064647205174, 0.0492521375418, 0.0237875226885, 0.0121550410986, 0.00582716381177, 0.00340021541342, 0.00118847342674, 0.000254597573075, 5.71422278881e-05, 6.66252453811e-05],
        "min": [3.86360129316e-16, 1.78746885288e-15, 4.94509820123e-15, 1.14914740728e-14, 2.48015651527e-14, 3.8656073107e-14, 3.14139719012e-14, 3.1300283139e-14, 1.53544738772e-13, 3.74921529369e-13, 5.43089878624e-13, 7.08737647563e-13, 7.6914760368e-13, 1.31561287472e-12, 3.12130291232e-12, 2.91938066603e-12, 2.57947677974e-12, 7.26865562097e-13, 1.8241191977e-12, 7.90026811331e-12, 5.2802233072e-12, 6.9866122436e-12, 3.70114919615e-12, 4.59629166324e-12, 2.19307341384e-12, 2.60263251922e-12, 7.92926575094e-12, 4.38120720259e-12, 5.12193499419e-12, 5.70639238986e-12, 5.51063274873e-12, 4.58169353151e-12, 5.79085564223e-12, 3.24139087966e-12, 2.64143611498e-12, 2.73173627816e-12, 1.23124232164e-12, 1.23310281257e-12, 3.00358262567e-13, 2.2411275445e-14],
        "var": [3.48923873901, 93.7844238281, 633.52947998, 1051.03649902, 553.090148926, 597.479187012, 124.909423828, 357.034332275, 49.2025718689, 34.1573829651, 36.558681488, 15.8696660995, 29.0131874084, 184.009750366, 263.103668213, 1617.19543457, 654.702575684, 69.8596572876, 43.7338485718, 73.8834381104, 62.0410957336, 165.255569458, 184.913925171, 235.09866333, 372.840484619, 592.988830566, 714.40246582, 378.512115479, 555.000244141, 507.053070068, 456.384979248, 417.760040283, 155.132736206, 20.0305862427, 4.13025665283, 0.715362012386, 0.100464820862, 0.00219866679981, 1.35303771458e-05, 6.77721629927e-08]
    },
    "gfcc": {
        "mean": [-88.6879653931, 113.519691467, -65.7067337036, 43.1516685486, -32.5776786804, 23.2685947418, -18.5849971771, -1.20664167404, -23.9264144897, -2.2641351223, -6.00443506241, 5.02990674973, -5.73028564453],
        "cov": [[18755.9472656, -1932.16833496, -2569.61791992, 1497.55847168, -909.670593262, 689.810668945, -823.468505859, -38.8952293396, -510.52230835, 76.2275238037, -435.551818848, -140.774551392, -475.880187988], [-1932.16833496, 2909.95947266, 445.610443115, -829.397705078, 492.348480225, -401.633392334, 331.670074463, -298.180541992, -13.6816453934, -271.81829834, 69.6053009033, -78.9081954956, 42.0842857361], [-2569.61791992, 445.610443115, 2090.41723633, -19.9088821411, 42.6847763062, 23.5694561005, -28.4457588196, 189.921798706, 132.757827759, -154.669418335, -43.2764663696, -97.5262832642, 39.5685844421], [1497.55847168, -829.397705078, -19.9088821411, 736.207214355, -26.5294284821, 46.9008216858, -204.205963135, 29.5383815765, 38.0469093323, 30.5974941254, -102.1173172, -95.3729553223, -28.4402923584], [-909.670593262, 492.348480225, 42.6847763062, -26.5294284821, 482.02154541, 16.6909942627, 126.747444153, -77.0007171631, 47.20129776, -31.5436134338, 66.7090835571, -26.5222530365, 30.3545055389], [689.810668945, -401.633392334, 23.5694561005, 46.9008216858, 16.6909942627, 415.864044189, 59.5044136047, 85.3472366333, -24.3228302002, 12.3114833832, 61.4944458008, 41.9265289307, -1.21541559696], [-823.468505859, 331.670074463, -28.4457588196, -204.205963135, 126.747444153, 59.5044136047, 398.666259766, 98.3043060303, 147.552215576, 48.6059913635, 99.6021957397, 59.2200546265, 83.1763305664], [-38.8952293396, -298.180541992, 189.921798706, 29.5383815765, -77.0007171631, 85.3472366333, 98.3043060303, 280.053131104, 178.129882812, 61.9313697815, 7.98786067963, 6.04356956482, 39.8220939636], [-510.52230835, -13.6816453934, 132.757827759, 38.0469093323, 47.20129776, -24.3228302002, 147.552215576, 178.129882812, 305.068054199, 92.0890426636, 33.953956604, 1.44144570827, 52.4834327698], [76.2275238037, -271.81829834, -154.669418335, 30.5974941254, -31.5436134338, 12.3114833832, 48.6059913635, 61.9313697815, 92.0890426636, 142.675979614, 54.9548072815, 44.9986572266, 18.0930347443], [-435.551818848, 69.6053009033, -43.2764663696, -102.1173172, 66.7090835571, 61.4944458008, 99.6021957397, 7.98786067963, 33.953956604, 54.9548072815, 148.989761353, 67.0794067383, 53.7970581055], [-140.774551392, -78.9081954956, -97.5262832642, -95.3729553223, -26.5222530365, 41.9265289307, 59.2200546265, 6.04356956482, 1.44144570827, 44.9986572266, 67.0794067383, 115.391136169, 44.421787262], [-475.880187988, 42.0842857361, 39.5685844421, -28.4402923584, 30.3545055389, -1.21541559696, 83.1763305664, 39.8220939636, 52.4834327698, 18.0930347443, 53.7970581055, 44.421787262, 103.427711487]],
        "icov": [[0.000178477392183, -0.000395320064854, 0.000276618811768, -0.000633636664134, 0.000387886044336, -0.000553650723305, 0.000296788464766, -0.000512236147188, 0.000304315210087, -0.000417870411184, 0.000331404677127, -0.000385149149224, 0.000451903848443], [-0.000395320064854, 0.00238027516752, -0.000793584913481, 0.00274420506321, -0.00146228738595, 0.00222874712199, -0.00152612838428, 0.00261708116159, -0.00155683467165, 0.00314424582757, -0.00146264687646, 0.00228506256826, -0.00103488273453], [0.000276618811768, -0.000793584913481, 0.00110377266537, -0.00103473116178, 0.000637604680378, -0.00102573283948, 0.000903254374862, -0.00147471518721, 0.000161128657055, 0.000163904784131, 0.000344731030054, -0.000423960998887, 0.00042342179222], [-0.000633636664134, 0.00274420506321, -0.00103473116178, 0.005735039711, -0.00212762644514, 0.00190036487766, -0.000403779413318, 0.00350074772723, -0.00259945355356, 0.00196673069149, -0.000216866363189, 0.00446160463616, -0.00326397060417], [0.000387886044336, -0.00146228738595, 0.000637604680378, -0.00212762644514, 0.00432189274579, -0.00204136408865, -9.77777744993e-06, 0.00036741461372, -0.000313074793667, -0.000611578521784, -0.000633725314401, 0.000369053857867, 0.000561689783353], [-0.000553650723305, 0.00222874712199, -0.00102573283948, 0.00190036487766, -0.00204136408865, 0.0061396472156, -0.00229520071298, 6.16549223196e-05, 0.000397610245273, 0.00373275903985, -0.00369353406131, 0.000384331273381, 0.000855367921758], [0.000296788464766, -0.00152612838428, 0.000903254374862, -0.000403779413318, -9.77777744993e-06, -0.00229520071298, 0.00610565720126, -0.00239740288816, -0.000927337387111, -0.00183001474943, 0.000639919482637, -0.00155263068154, -0.00135656597558], [-0.000512236147188, 0.00261708116159, -0.00147471518721, 0.00350074772723, 0.00036741461372, 6.16549223196e-05, -0.00239740288816, 0.0118995364755, -0.00633433181792, 0.00178517366294, 0.000284269917756, 0.00411027669907, -0.0036668300163], [0.000304315210087, -0.00155683467165, 0.000161128657055, -0.00259945355356, -0.000313074793667, 0.000397610245273, -0.000927337387111, -0.00633433181792, 0.0098544806242, -0.0060157449916, 0.000914816104341, -0.000560002692509, 0.000354879768565], [-0.000417870411184, 0.00314424582757, 0.000163904784131, 0.00196673069149, -0.000611578521784, 0.00373275903985, -0.00183001474943, 0.00178517366294, -0.0060157449916, 0.01921367459, -0.00744763901457, -0.00125398370437, 0.00238769105636], [0.000331404677127, -0.00146264687646, 0.000344731030054, -0.000216866363189, -0.000633725314401, -0.00369353406131, 0.000639919482637, 0.000284269917756, 0.000914816104341, -0.00744763901457, 0.0155758643523, -0.00425734324381, -0.00398755026981], [-0.000385149149224, 0.00228506256826, -0.000423960998887, 0.00446160463616, 0.000369053857867, 0.000384331273381, -0.00155263068154, 0.00411027669907, -0.000560002692509, -0.00125398370437, -0.00425734324381, 0.0194252002984, -0.00737566919997], [0.000451903848443, -0.00103488273453, 0.00042342179222, -0.00326397060417, 0.000561689783353, 0.000855367921758, -0.00135656597558, -0.0036668300163, 0.000354879768565, 0.00238769105636, -0.00398755026981, -0.00737566919997, 0.0181015282869]]
    },
    "melbands": {
        "dmean": [0.00556432036683, 0.00554314535111, 0.00233438168652, 0.00083452090621, 0.0002169667423, 0.000160697323736, 4.28512321378e-05, 2.58843283518e-05, 2.26430493058e-05, 1.10742957986e-05, 1.07662635855e-05, 1.74281631189e-05, 2.89070303552e-05, 1.07036730697e-05, 3.52867355105e-05, 7.88884881331e-06, 5.48783100385e-06, 4.20868082074e-06, 4.30279669672e-06, 4.35348101746e-06, 3.35405115948e-06, 5.30164606971e-06, 3.92996844312e-06, 4.22923358201e-06, 4.4238540795e-06, 4.1308398977e-06, 5.78505841986e-06, 5.83204564464e-06, 6.32997489447e-06, 5.60041826247e-06, 3.77871424462e-06, 4.26923634222e-06, 4.84321208205e-06, 4.54188329968e-06, 5.18497517987e-06, 4.45579962616e-06, 6.34057732896e-06, 5.08369066665e-06, 1.75232889887e-06, 1.30735645598e-06],
        "dmean2": [0.00877247191966, 0.00979405920953, 0.0042352443561, 0.00140031101182, 0.000379895354854, 0.000291612144792, 7.51173429308e-05, 4.42429482064e-05, 3.87488689739e-05, 1.91353828995e-05, 1.7384880266e-05, 2.94413257507e-05, 4.76498535136e-05, 1.73064690898e-05, 5.14239800395e-05, 1.27838411572e-05, 8.37353945826e-06, 6.79314143781e-06, 7.04712101651e-06, 6.94157415637e-06, 5.23965400134e-06, 8.37158495415e-06, 6.35022161077e-06, 6.53181086818e-06, 7.08848892828e-06, 6.51115760775e-06, 8.84515793587e-06, 9.46731233853e-06, 9.91754677671e-06, 9.22700382944e-06, 5.81627091378e-06, 6.46045555186e-06, 7.57176530897e-06, 7.25854351913e-06, 7.88112720329e-06, 7.14516409062e-06, 1.06433508336e-05, 8.45957129059e-06, 2.7887874694e-06, 2.00229328584e-06],
        "dvar": [0.000100824734545, 0.000247974938247, 3.77647629648e-05, 3.82818689104e-06, 3.12605266117e-07, 2.56518092101e-07, 9.72620384232e-09, 3.41743788823e-09, 2.02882599609e-09, 6.77596145859e-10, 4.49268872105e-10, 1.65460267709e-09, 3.03370528698e-09, 7.14704240234e-10, 1.2678551542e-08, 3.31289273792e-10, 8.37740848914e-11, 6.25616156102e-11, 9.59858789673e-11, 5.64175164919e-11, 6.52747508822e-11, 1.82100223789e-10, 1.3089587747e-10, 1.27636998193e-10, 1.71968037033e-10, 1.27057850352e-10, 3.78176101545e-10, 2.38909503292e-10, 2.68165351036e-10, 2.53066706479e-10, 9.62630877788e-11, 1.45872119939e-10, 1.8219914466e-10, 1.32869104608e-10, 1.56279142405e-10, 1.049941592e-10, 2.14054718395e-10, 1.36634703551e-10, 1.62576237195e-11, 1.28492468401e-11],
        "dvar2": [0.00022714107763, 0.000681007048115, 0.000107164363726, 1.02808344309e-05, 8.62202057306e-07, 7.10622487077e-07, 2.67093707151e-08, 9.07101416203e-09, 5.50192202908e-09, 1.84016513138e-09, 1.09040343421e-09, 4.43763914504e-09, 7.50687778606e-09, 1.71067249255e-09, 2.75361742297e-08, 8.05731481535e-10, 1.78017670049e-10, 1.45529727158e-10, 2.30284930014e-10, 1.26888388685e-10, 1.40743597332e-10, 3.91349563866e-10, 2.73521150174e-10, 2.66335592469e-10, 4.08481554137e-10, 2.92178420347e-10, 8.74242067628e-10, 5.58481205726e-10, 5.86842408001e-10, 6.37173425133e-10, 1.93239479973e-10, 2.97319530107e-10, 3.9521302897e-10, 2.73420452945e-10, 2.97999513954e-10, 2.35498592849e-10, 5.34538524555e-10, 3.31026372979e-10, 3.32120338176e-11, 2.79410349024e-11],
        "max": [0.0768940448761, 0.102901145816, 0.0499838367105, 0.0211240258068, 0.00455510197207, 0.00474895397201, 0.0011145157041, 0.000815338396933, 0.000490791804623, 0.000306120171444, 0.000314561999403, 0.000587639689911, 0.00082728615962, 0.000437868002336, 0.00183729361743, 0.000253038684605, 0.000139358497108, 0.000144971869304, 0.000150360152475, 0.000103499965917, 8.87078858796e-05, 0.000176993082277, 0.000132414817926, 0.000156131311087, 0.000176252477104, 0.000162127005751, 0.000224881587201, 0.000172947067767, 0.000197107161512, 0.000219822541112, 0.000112345172965, 0.000150074294652, 0.000125280203065, 0.000103359518107, 0.00010639741231, 8.04569426691e-05, 8.88559370651e-05, 6.86211787979e-05, 2.87934381049e-05, 2.91727119475e-05],
        "mean": [0.0114669268951, 0.00496500497684, 0.0028208498843, 0.00112927914597, 0.000260847416939, 0.000136595612275, 4.90557104058e-05, 3.44777072314e-05, 3.26862718794e-05, 1.12945290311e-05, 1.52385600813e-05, 2.91538690362e-05, 4.84646770929e-05, 1.85831850104e-05, 8.02147842478e-05, 1.06916686491e-05, 9.0364846983e-06, 6.53538018014e-06, 5.64001629755e-06, 6.77894013279e-06, 3.60257831744e-06, 5.46142155144e-06, 3.95419556298e-06, 4.49632170785e-06, 4.19926982431e-06, 4.3903983169e-06, 5.1500455811e-06, 4.6894388106e-06, 5.4958122746e-06, 4.44916713604e-06, 3.57330350198e-06, 4.03959120376e-06, 4.09684889746e-06, 3.86164811061e-06, 4.65393532068e-06, 3.54279359271e-06, 4.67412519356e-06, 3.82944290322e-06, 1.50551909428e-06, 1.11800648028e-06],
        "median": [0.0066045820713, 0.00090772745898, 0.000869183451869, 0.000556798651814, 0.000122480385471, 4.30426734965e-05, 1.43942497743e-05, 1.03412139651e-05, 1.16905330287e-05, 2.60917045125e-06, 2.7005148695e-06, 1.17332892842e-05, 1.72083509824e-05, 4.82627638121e-06, 1.56008027261e-05, 1.8189457478e-06, 1.02571596017e-06, 8.14875988908e-07, 8.17100840322e-07, 1.25197652778e-06, 3.8545181269e-07, 9.78073899205e-07, 4.45954469797e-07, 6.76104605191e-07, 5.03092678628e-07, 5.20985679486e-07, 3.54739910335e-07, 3.11376965101e-07, 3.10636920631e-07, 1.74494573457e-07, 1.46364186548e-07, 2.23780602937e-07, 1.03643053251e-07, 5.96015929943e-08, 3.67669592549e-08, 3.10195638065e-08, 2.77547371752e-08, 1.65446163436e-08, 1.22854961759e-08, 9.13395847846e-09],
        "min": [3.4377698636e-18, 2.54463379811e-18, 2.34749639221e-18, 2.37284099939e-18, 1.25809921529e-18, 7.24153767995e-19, 2.61035412496e-18, 4.33797211947e-18, 4.55823501376e-18, 4.49212715279e-18, 3.76197193096e-18, 4.8244333154e-18, 9.46229521646e-18, 9.63302115899e-18, 6.25509140206e-18, 4.6824204663e-18, 8.54912411276e-19, 1.44486873939e-18, 9.28378798591e-18, 9.82074235439e-18, 5.59183234432e-18, 7.83870676451e-18, 5.24474942724e-18, 2.05225908798e-18, 4.09951290608e-18, 2.46355190011e-18, 5.91771110677e-19, 1.94789515766e-18, 4.87452654612e-18, 3.84069884576e-18, 2.17119669992e-18, 2.10916725297e-18, 4.1339902076e-18, 2.5554117547e-18, 2.52867603653e-18, 4.95701837348e-18, 1.59463475237e-18, 3.28496540943e-18, 5.02819437005e-18, 2.28222936034e-18],
        "var": [0.000190942839254, 0.000163828124641, 2.71326971415e-05, 3.26750455315e-06, 2.30030991588e-07, 1.61488515005e-07, 8.97560603619e-09, 4.20290469094e-09, 2.30988450589e-09, 5.34503941108e-10, 8.84717799021e-10, 2.71931366314e-09, 5.3207278583e-09, 1.21289300825e-09, 2.9962706094e-08, 4.74145278595e-10, 2.12414058565e-10, 1.48787607235e-10, 1.28623847684e-10, 1.06507233588e-10, 8.58219259547e-11, 2.06179504025e-10, 1.57000995538e-10, 1.46967563119e-10, 1.59537383304e-10, 1.29799435089e-10, 3.71732561399e-10, 2.25015048261e-10, 2.8600125046e-10, 2.14413126143e-10, 1.19791190856e-10, 1.69932096172e-10, 1.87923024364e-10, 1.45223916226e-10, 1.94709637302e-10, 1.03184912004e-10, 1.71767364221e-10, 1.17051202064e-10, 1.84839990536e-11, 1.36360332748e-11]
    },
    "mfcc": {
        "mean": [-745.758666992, 144.310470581, 35.1965522766, 39.587688446, 15.5414848328, 25.6774921417, 17.9894714355, 13.9078731537, -0.59998768568, -3.52567529678, -2.25175905228, 4.01946020126, 4.91081523895],
        "cov": [[14325.5654297, -3564.83105469, -1745.12268066, 61.5990409851, -106.60723877, 396.971405029, -210.379486084, -319.141693115, -354.978759766, 99.4546966553, -158.42048645, -66.6950531006, -228.500686646], [-3564.83105469, 3423.22705078, 137.737686157, -69.9530029297, -66.595199585, -88.1259155273, 153.872344971, 120.584991455, -9.64401340485, -225.409317017, 14.0925159454, -93.7676239014, 59.6832809448], [-1745.12268066, 137.737686157, 1593.74450684, 57.2823867798, 247.119659424, -121.458709717, -30.1496601105, 147.33531189, 114.978530884, 85.9648590088, -37.5389671326, 21.2699260712, -90.3479309082], [61.5990409851, -69.9530029297, 57.2823867798, 450.930511475, 149.02104187, 14.9548635483, -104.935302734, -85.015296936, 19.9608135223, 65.9594955444, 16.9442043304, -93.1492156982, -70.6673660278], [-106.60723877, -66.595199585, 247.119659424, 149.02104187, 396.160552979, 88.7728347778, -9.00704956055, 3.94532370567, -38.3227806091, 45.3259773254, -9.4278087616, -61.5060195923, -45.1371421814], [396.971405029, -88.1259155273, -121.458709717, 14.9548635483, 88.7728347778, 238.872024536, 102.085044861, 20.0058250427, -28.7519264221, -41.2055702209, 6.69392347336, 12.5819072723, 37.1136207581], [-210.379486084, 153.872344971, -30.1496601105, -104.935302734, -9.00704956055, 102.085044861, 237.682189941, 95.7952728271, 5.13054943085, -41.2849617004, -23.4508514404, 41.7176933289, 55.5000419617], [-319.141693115, 120.584991455, 147.33531189, -85.015296936, 3.94532370567, 20.0058250427, 95.7952728271, 193.627761841, 103.924766541, 51.4073448181, 33.4877204895, 45.8834991455, 44.7969894409], [-354.978759766, -9.64401340485, 114.978530884, 19.9608135223, -38.3227806091, -28.7519264221, 5.13054943085, 103.924766541, 189.20539856, 127.447654724, 80.5820388794, 40.4013442993, 9.04640960693], [99.4546966553, -225.409317017, 85.9648590088, 65.9594955444, 45.3259773254, -41.2055702209, -41.2849617004, 51.4073448181, 127.447654724, 212.836105347, 109.488525391, 18.2213039398, -21.6543750763], [-158.42048645, 14.0925159454, -37.5389671326, 16.9442043304, -9.4278087616, 6.69392347336, -23.4508514404, 33.4877204895, 80.5820388794, 109.488525391, 153.210861206, 30.4588317871, 27.7168617249], [-66.6950531006, -93.7676239014, 21.2699260712, -93.1492156982, -61.5060195923, 12.5819072723, 41.7176933289, 45.8834991455, 40.4013442993, 18.2213039398, 30.4588317871, 142.641540527, 60.9047203064], [-228.500686646, 59.6832809448, -90.3479309082, -70.6673660278, -45.1371421814, 37.1136207581, 55.5000419617, 44.7969894409, 9.04640960693, -21.6543750763, 27.7168617249, 60.9047203064, 103.956466675]],
