{
"lowlevel": {
    "average_loudness": 0.790254175663,
    "barkbands_crest": {
        "dmean": 2.59829878807,
        "dmean2": 4.19349336624,
        "dvar": 5.47744464874,
        "dvar2": 13.9178733826,
        "max": 25.2488956451,
        "mean": 10.6395578384,
        "median": 9.94563102722,
        "min": 2.67476248741,
        "var": 15.1473827362
    },
    "barkbands_flatness_db": {
        "dmean": 0.0228871982545,
        "dmean2": 0.03505416587,
        "dvar": 0.000574983831029,
        "dvar2": 0.00128369196318,
        "max": 0.439599514008,
        "mean": 0.19766356051,
        "median": 0.200028717518,
        "min": 0.0277647916228,
        "var": 0.00462112342939
    },
    "barkbands_kurtosis": {
        "dmean": 1.93586599827,
        "dmean2": 3.05311083794,
        "dvar": 7.16179513931,
        "dvar2": 16.4726333618,
        "max": 95.6388015747,
        "mean": 2.85751509666,
        "median": 1.59365940094,
        "min": -1.81583762169,
        "var": 20.0077667236
    },
    "barkbands_skewness": {
        "dmean": 0.460577428341,
        "dmean2": 0.707929551601,
        "dvar": 0.178684160113,
        "dvar2": 0.415575057268,
        "max": 7.31468486786,
        "mean": 1.19490098953,
        "median": 1.12718975544,
        "min": -3.73355197906,
        "var": 0.796055138111
    },
    "barkbands_spread": {
        "dmean": 3.16215729713,
        "dmean2": 4.93938970566,
        "dvar": 13.9872999191,
        "dvar2": 32.7109146118,
        "max": 90.3465499878,
        "mean": 13.0822706223,
        "median": 11.7100133896,
        "min": 0.602977991104,
        "var": 63.8577346802
    },
    "dissonance": {
        "dmean": 0.0314862243831,
        "dmean2": 0.0530966669321,
        "dvar": 0.000870719610248,
        "dvar2": 0.00242365314625,
        "max": 0.500000059605,
        "mean": 0.438940346241,
        "median": 0.447606891394,
        "min": 0.198951989412,
        "var": 0.00166846381035
    },
    "dynamic_complexity": 3.67583298683,
    "erbbands_crest": {
        "dmean": 3.4556851387,
        "dmean2": 5.60597419739,
        "dvar": 10.492732048,
        "dvar2": 26.5406284332,
        "max": 32.7528076172,
        "mean": 11.6178779602,
        "median": 10.5385828018,
        "min": 2.22178483009,
        "var": 23.4576950073
    },
    "erbbands_flatness_db": {
        "dmean": 0.022680491209,
        "dmean2": 0.0341990217566,
        "dvar": 0.000579502375331,
        "dvar2": 0.00121314032003,
        "max": 0.460540950298,
        "mean": 0.225258529186,
        "median": 0.231132850051,
        "min": 0.0578263290226,
        "var": 0.00391632784158
    },
    "erbbands_kurtosis": {
        "dmean": 1.31806266308,
        "dmean2": 2.11648416519,
        "dvar": 4.30543375015,
        "dvar2": 10.5326318741,
        "max": 40.3121185303,
        "mean": 1.32249677181,
        "median": 0.695087432861,
        "min": -1.7034971714,
        "var": 7.11730623245
    },
    "erbbands_skewness": {
        "dmean": 0.393103033304,
        "dmean2": 0.608674764633,
        "dvar": 0.130773857236,
        "dvar2": 0.312612742186,
        "max": 4.54736471176,
        "mean": 0.531550645828,
        "median": 0.546752810478,
        "min": -3.07099866867,
        "var": 0.478432536125
    },
    "erbbands_spread": {
        "dmean": 5.20844650269,
        "dmean2": 8.05955696106,
        "dvar": 26.9016017914,
        "dvar2": 59.399181366,
        "max": 97.0341262817,
        "mean": 21.2405261993,
        "median": 19.77734375,
        "min": 1.02954626083,
        "var": 98.7444839478
    },
    "hfc": {
        "dmean": 5.05759716034,
        "dmean2": 7.68878030777,
        "dvar": 89.2226791382,
        "dvar2": 192.5027771,
        "max": 114.113700867,
        "mean": 15.0060539246,
        "median": 9.92038249969,
        "min": 1.23722343897e-16,
        "var": 238.866424561
    },
    "melbands_crest": {
        "dmean": 3.25603079796,
        "dmean2": 5.25031471252,
        "dvar": 9.15820121765,
        "dvar2": 23.8195571899,
        "max": 35.1582069397,
        "mean": 14.1886072159,
        "median": 13.3705148697,
        "min": 1.84514343739,
        "var": 26.6129798889
    },
    "melbands_flatness_db": {
        "dmean": 0.0245681740344,
        "dmean2": 0.0375584512949,
        "dvar": 0.000714751018677,
        "dvar2": 0.00159567350056,
        "max": 0.565530598164,
        "mean": 0.276953786612,
        "median": 0.279744803905,
        "min": 0.00375836133026,
        "var": 0.0058607943356
    },
    "melbands_kurtosis": {
        "dmean": 3.2576520443,
        "dmean2": 5.12205028534,
        "dvar": 20.5804519653,
        "dvar2": 47.1336631775,
        "max": 148.091720581,
        "mean": 5.67423009872,
        "median": 3.6411356926,
        "min": -1.72007095814,
        "var": 50.3275489807
    },
    "melbands_skewness": {
        "dmean": 0.553152024746,
        "dmean2": 0.854946255684,
        "dvar": 0.271445989609,
        "dvar2": 0.619959712029,
        "max": 8.54529476166,
        "mean": 1.6699103117,
        "median": 1.56123256683,
        "min": -3.28038930893,
        "var": 1.07598030567
    },
    "melbands_spread": {
        "dmean": 3.95543813705,
        "dmean2": 6.26238250732,
        "dvar": 20.9974384308,
        "dvar2": 50.9137649536,
        "max": 155.664642334,
        "mean": 15.7460708618,
        "median": 14.2891302109,
        "min": 0.599449396133,
        "var": 98.0236129761
    },
    "pitch_salience": {
        "dmean": 0.0688847973943,
        "dmean2": 0.111651584506,
        "dvar": 0.00386890745722,
        "dvar2": 0.0098469555378,
        "max": 0.939587533474,
        "mean": 0.521445810795,
        "median": 0.519836068153,
        "min": 0.105984777212,
        "var": 0.0107355453074
    },
    "silence_rate_20dB": {
        "dmean": 0,
        "dmean2": 0,
        "dvar": 0,
        "dvar2": 0,
        "max": 1,
        "mean": 1,
        "median": 1,
        "min": 1,
        "var": 0
    },
    "silence_rate_30dB": {
        "dmean": 0.00946176517755,
        "dmean2": 0.0189249981195,
        "dvar": 0.00937258731574,
        "dvar2": 0.0241520889103,
        "max": 1,
        "mean": 0.992787897587,
        "median": 1,
        "min": 0,
        "var": 0.00716050714254
    },
    "silence_rate_60dB": {
        "dmean": 0.0110128745437,
        "dmean2": 0.0220274571329,
        "dvar": 0.0108923446387,
        "dvar2": 0.0249578040093,
        "max": 1,
        "mean": 0.0870880186558,
        "median": 0,
        "min": 0,
        "var": 0.079504430294
    },
    "spectral_centroid": {
        "dmean": 134.609069824,
        "dmean2": 214.911865234,
        "dvar": 37887.5820312,
        "dvar2": 82443.6875,
        "max": 11019.3535156,
        "mean": 823.031005859,
        "median": 752.082824707,
        "min": 202.02116394,
        "var": 148669.125
    },
    "spectral_complexity": {
        "dmean": 2.64308977127,
        "dmean2": 4.19568777084,
        "dvar": 12.2950792313,
        "dvar2": 26.6275253296,
        "max": 55,
        "mean": 14.927025795,
        "median": 14,
        "min": 0,
        "var": 53.835193634
    },
    "spectral_decrease": {
        "dmean": 2.47222042837e-09,
        "dmean2": 3.81250586656e-09,
        "dvar": 1.17458364853e-17,
        "dvar2": 2.65564400058e-17,
        "max": 7.67121664914e-19,
        "mean": -7.68265095985e-09,
        "median": -5.87083048842e-09,
        "min": -4.43042935672e-08,
        "var": 4.24179276908e-17
    },
    "spectral_energy": {
        "dmean": 0.0096738981083,
        "dmean2": 0.0149104129523,
        "dvar": 0.000180060887942,
        "dvar2": 0.000405910541303,
        "max": 0.169040605426,
        "mean": 0.0303572118282,
        "median": 0.0231888853014,
        "min": 1.06446641855e-20,
        "var": 0.000655948999338
    },
    "spectral_energyband_high": {
        "dmean": 0.000172902378836,
        "dmean2": 0.000265961454716,
        "dvar": 3.24968510768e-07,
        "dvar2": 6.44139674932e-07,
        "max": 0.00632894504815,
        "mean": 0.00025340623688,
        "median": 3.4938351746e-05,
        "min": 7.65134554131e-21,
        "var": 5.26025985437e-07
    },
    "spectral_energyband_low": {
        "dmean": 0.006139036268,
        "dmean2": 0.00959115102887,
        "dvar": 9.9732511444e-05,
        "dvar2": 0.000234731880482,
        "max": 0.160617381334,
        "mean": 0.0120086437091,
        "median": 0.00651553180069,
        "min": 2.16139131675e-23,
        "var": 0.000229893397773
    },
    "spectral_energyband_middle_high": {
        "dmean": 0.00217192037962,
        "dmean2": 0.00338716246188,
        "dvar": 1.02801704998e-05,
        "dvar2": 2.45504488703e-05,
        "max": 0.0521210879087,
        "mean": 0.00530266575515,
        "median": 0.00352188549004,
        "min": 1.43600987817e-21,
        "var": 3.20483741234e-05
    },
    "spectral_energyband_middle_low": {
        "dmean": 0.00513159716502,
        "dmean2": 0.00801842659712,
        "dvar": 6.04496344749e-05,
        "dvar2": 0.000148875114974,
        "max": 0.10151591152,
        "mean": 0.0138613702729,
        "median": 0.0095865605399,
        "min": 2.05007796275e-22,
        "var": 0.000170867453562
    },
    "spectral_entropy": {
        "dmean": 0.184687048197,
        "dmean2": 0.283351689577,
        "dvar": 0.045193914324,
        "dvar2": 0.101222194731,
        "max": 9.79636383057,
        "mean": 6.94397592545,
        "median": 6.86400651932,
        "min": 5.09518718719,
        "var": 0.281914651394
    },
    "spectral_flux": {
        "dmean": 0.0241765789688,
        "dmean2": 0.0385818071663,
        "dvar": 0.000838015577756,
        "dvar2": 0.00189176073764,
        "max": 0.322625666857,
        "mean": 0.0771381407976,
        "median": 0.0669955313206,
        "min": 1.03172984045e-10,
        "var": 0.00239103543572
    },
    "spectral_kurtosis": {
        "dmean": 5.55970621109,
        "dmean2": 9.53772544861,
        "dvar": 40.2911567688,
        "dvar2": 116.608322144,
        "max": 133.189208984,
        "mean": 12.4322652817,
        "median": 9.55826568604,
        "min": -1.21868646145,
        "var": 98.7597122192
    },
    "spectral_rms": {
        "dmean": 0.000802049704362,
        "dmean2": 0.00121311016846,
        "dvar": 8.81601408764e-07,
        "dvar2": 1.87880834801e-06,
        "max": 0.0128420274705,
        "mean": 0.00491089792922,
        "median": 0.00475639617071,
        "min": 3.22258257406e-12,
        "var": 5.49973310626e-06
    },
    "spectral_rolloff": {
        "dmean": 234.506164551,
        "dmean2": 397.811035156,
        "dvar": 195578.640625,
        "dvar2": 423691.65625,
        "max": 20219.6777344,
        "mean": 966.882507324,
        "median": 796.728515625,
        "min": 64.599609375,
        "var": 1809680.875
    },
    "spectral_skewness": {
        "dmean": 0.450669378042,
        "dmean2": 0.764258444309,
        "dvar": 0.201951518655,
        "dvar2": 0.5787063241,
        "max": 8.87978744507,
        "mean": 2.39655542374,
        "median": 2.2657430172,
        "min": -0.0148265529424,
        "var": 0.56372153759
    },
    "spectral_spread": {
        "dmean": 419932.75,
        "dmean2": 619443.4375,
        "dvar": 408413405184,
        "dvar2": 652679053312,
        "max": 41377140,
        "mean": 2900555,
        "median": 2384212.5,
        "min": 585280.0625,
        "var": 2.36132368384e+12
    },
    "spectral_strongpeak": {
        "dmean": 0.508259296417,
        "dmean2": 0.873293101788,
        "dvar": 0.584122419357,
        "dvar2": 1.48565208912,
        "max": 8.93244743347,
        "mean": 0.859814465046,
        "median": 0.459758758545,
        "min": 0,
        "var": 0.925920963287
    },
    "zerocrossingrate": {
        "dmean": 0.00550878513604,
        "dmean2": 0.00686801504344,
        "dvar": 6.71026282362e-05,
        "dvar2": 8.36960971355e-05,
        "max": 0.51318359375,
        "mean": 0.0369287542999,
        "median": 0.03076171875,
        "min": 0.00244140625,
        "var": 0.00129411136732
    },
    "barkbands": {
        "dmean": [0.000479296897538, 0.00481374375522, 0.00146448251326, 0.00126324687153, 0.00152722955681, 0.0010248743929, 0.00187838461716, 0.00093988457229, 0.000688330503181, 0.000982795492746, 0.00099536369089, 0.000471066567115, 0.000234299906879, 0.000255798251601, 0.000256986502791, 0.000110330583993, 0.000138063638587, 0.000105772305687, 6.70346053084e-05, 5.52419842279e-05, 3.07877162413e-05, 3.21414227074e-05, 3.44222316926e-05, 2.02474184334e-05, 2.2687634555e-05, 4.01218348998e-05, 1.47456171362e-06],
        "dmean2": [0.000771211052779, 0.00758845824748, 0.0024304590188, 0.00215079612099, 0.00229299534112, 0.00153229408897, 0.00301380106248, 0.00141718552914, 0.00110079534352, 0.00154854671564, 0.00156345719006, 0.000744389602914, 0.000368986278772, 0.000419754273025, 0.000421750824898, 0.000181907511433, 0.000232342164963, 0.000182064439286, 0.000113439302368, 9.59650205914e-05, 5.06808355567e-05, 5.22273985553e-05, 5.37382693437e-05, 3.23715757986e-05, 3.63440885849e-05, 6.5320993599e-05, 2.38046800405e-06],
        "dvar": [1.12708164579e-06, 7.96698150225e-05, 1.10076534838e-05, 8.58659859659e-06, 8.40336269903e-06, 4.72403280583e-06, 1.98570542125e-05, 3.59573323294e-06, 2.25683970712e-06, 2.7113815122e-06, 4.67648624181e-06, 8.24249241305e-07, 1.93544266835e-07, 2.572892015e-07, 2.55889972323e-07, 7.28009155182e-08, 9.90686430669e-08, 6.60904362348e-08, 2.5044498031e-08, 2.17220961218e-08, 7.22505522077e-09, 1.25140262597e-08, 1.89768964987e-08, 3.90880794399e-09, 6.0581526462e-09, 3.55667744145e-08, 2.78950942206e-11],
        "dvar2": [2.83430745185e-06, 0.000193232277525, 2.84599100269e-05, 2.34145791183e-05, 1.84491946129e-05, 1.17436629807e-05, 5.31634832441e-05, 7.96977656137e-06, 5.48417756363e-06, 6.60889691062e-06, 1.13749001684e-05, 1.99742544282e-06, 4.53820291568e-07, 6.45273189548e-07, 6.73634701798e-07, 1.8565627613e-07, 2.58146855003e-07, 1.80959446539e-07, 6.42563833253e-08, 5.86288066984e-08, 1.83883699378e-08, 3.231822987e-08, 4.48278960619e-08, 8.63684235242e-09, 1.29396022785e-08, 8.31756068465e-08, 6.1190282008e-11],
        "max": [0.0148667637259, 0.158077552915, 0.0588037259877, 0.0409349054098, 0.0545340329409, 0.0499743483961, 0.0740417391062, 0.0402475371957, 0.0344454720616, 0.0388055071235, 0.0413340479136, 0.0183872692287, 0.00771363638341, 0.00920295342803, 0.00806238595396, 0.00597596541047, 0.0074878577143, 0.00430664885789, 0.00359406135976, 0.0018228366971, 0.00116716814227, 0.00142308161594, 0.00213210447691, 0.000845216214657, 0.00100769009441, 0.00246786233038, 8.70688527357e-05],
        "mean": [0.000664541556034, 0.00879080966115, 0.00178445875645, 0.00159277371131, 0.00293396110646, 0.00239738915116, 0.00338571844622, 0.00172901840415, 0.0011912889313, 0.00155985949095, 0.00158746354282, 0.000720879179426, 0.00037167177652, 0.000319914979627, 0.000402954639867, 0.000160359501024, 0.000209437304875, 0.00015634544252, 0.000102378646261, 7.28197337594e-05, 4.54587279819e-05, 4.01953657274e-05, 4.41561314801e-05, 2.59631087829e-05, 2.56768544205e-05, 4.02778241551e-05, 1.4866247966e-06],
        "median": [7.9491546785e-05, 0.00355153554119, 0.000568775518332, 0.000499012239743, 0.00132263801061, 0.0011274125427, 0.000834031496197, 0.00059166608844, 0.000435416557593, 0.000759544200264, 0.000482568662846, 0.00027409766335, 0.000106551866338, 0.00010134789045, 0.000140115691465, 3.64583429473e-05, 7.12574401405e-05, 3.62071295967e-05, 2.97064580081e-05, 1.74473807419e-05, 1.03028833109e-05, 4.73568343295e-06, 1.64223831689e-06, 7.55261680752e-07, 4.00456571015e-07, 1.413428663e-07, 8.53555626179e-09],
        "min": [3.28626476353e-24, 3.30223466091e-24, 1.16053382512e-23, 9.54971503806e-24, 2.0156118725e-23, 1.38321285036e-23, 7.1511768293e-23, 1.96520760496e-23, 6.04268336924e-23, 6.52394658158e-23, 3.37383313606e-23, 1.02385385986e-22, 1.21040722083e-22, 7.75821981091e-23, 9.04148761333e-23, 1.2378039183e-22, 1.26823766715e-22, 1.78013632431e-22, 2.88239626861e-22, 3.50689844599e-22, 5.14629882937e-22, 4.59134262939e-22, 7.02289466703e-22, 9.31570664493e-22, 1.14669235177e-21, 1.64081987862e-21, 2.41182622361e-21],
        "var": [2.09251447814e-06, 0.000165404329891, 1.16703640742e-05, 9.01120165508e-06, 1.99108380912e-05, 1.46205511555e-05, 4.38388779003e-05, 1.0918703083e-05, 6.19861339146e-06, 5.45530474483e-06, 9.62428111961e-06, 1.40643373925e-06, 4.13630289131e-07, 3.45274855817e-07, 4.13455950365e-07, 1.29142961214e-07, 1.58859592148e-07, 1.23626620052e-07, 4.97827166157e-08, 2.69118309859e-08, 9.35397181934e-09, 1.32766739824e-08, 2.45230484808e-08, 5.68999025674e-09, 8.66407123823e-09, 3.985735475e-08, 3.21155359251e-11]
    },
    "erbbands": {
        "dmean": [0.175164118409, 1.02297246456, 1.62259173393, 3.13192486763, 4.91313028336, 5.10439682007, 7.04023694992, 8.35232925415, 23.1373291016, 21.6634063721, 20.615945816, 15.5848941803, 25.1910190582, 43.6856231689, 22.091796875, 21.4668884277, 11.8750534058, 12.2198753357, 13.9818048477, 8.85787677765, 5.96100950241, 6.20924949646, 5.72029209137, 4.79977083206, 3.26072692871, 2.45273709297, 1.4384791851, 1.13291501999, 1.03979122639, 1.15099132061, 0.978464484215, 0.511019766331, 0.347727268934, 0.255460321903, 0.237501889467, 0.254513710737, 0.0209194030613, 0.00335770891979, 0.000261793786194, 1.98207144422e-05],
        "dmean2": [0.273016273975, 1.63030421734, 2.62369632721, 5.24120235443, 7.47025585175, 8.00014877319, 11.2913799286, 12.2790384293, 36.8455085754, 33.2208366394, 31.4925708771, 24.725812912, 40.0394821167, 68.2142791748, 34.3678627014, 33.7553787231, 18.576215744, 19.9809093475, 22.8170127869, 14.5795555115, 9.8521566391, 10.5309534073, 9.67866897583, 8.26853084564, 5.60841655731, 4.24132871628, 2.39741206169, 1.85827612877, 1.69021606445, 1.81377565861, 1.54058325291, 0.820310592651, 0.523782730103, 0.388994723558, 0.384735673666, 0.415067821741, 0.0340007282794, 0.00546077778563, 0.000422821060056, 3.08080561808e-05],
        "dvar": [0.107510961592, 4.11261987686, 12.9279441833, 52.8571777344, 138.209365845, 91.5614013672, 331.45892334, 332.286376953, 2792.65112305, 2224.67602539, 1745.14550781, 1247.87939453, 2251.49780273, 8030.99316406, 2543.49536133, 1731.03015137, 434.861785889, 544.430419922, 779.051940918, 442.519805908, 148.708053589, 240.677139282, 198.489700317, 141.037445068, 63.1465377808, 40.596206665, 16.6601200104, 10.2804813385, 11.4294309616, 19.8631439209, 15.0668039322, 2.99471855164, 1.10997164249, 0.681569516659, 0.977608501911, 1.4632922411, 0.0065324883908, 0.000146336649777, 8.55639655128e-07, 2.2422017576e-09],
        "dvar2": [0.258390009403, 9.96568107605, 32.9546012878, 138.32635498, 305.647125244, 229.23840332, 862.03326416, 745.260559082, 7334.45996094, 5338.46533203, 4041.03491211, 3029.86108398, 5686.15478516, 19826.4101562, 5650.5078125, 4157.70214844, 1020.04016113, 1357.31665039, 1979.90246582, 1163.07678223, 378.67678833, 628.479370117, 521.721557617, 374.376708984, 172.114074707, 108.63319397, 44.2555999756, 25.6160640717, 28.83020401, 47.8478775024, 36.1973457336, 7.4548664093, 2.11446094513, 1.52734768391, 2.1003510952, 3.41894650459, 0.014051951468, 0.000317614612868, 1.87028285836e-06, 4.95507901377e-09],
        "max": [5.28259468079, 35.0513916016, 63.5670814514, 105.936195374, 267.952087402, 205.774810791, 641.542785645, 504.109802246, 883.991394043, 952.875549316, 1098.05554199, 911.218994141, 1324.60778809, 1619.03955078, 1655.91564941, 913.808349609, 326.239501953, 468.885955811, 472.177764893, 329.410766602, 217.718963623, 344.706054688, 291.454284668, 270.543273926, 133.35925293, 69.5888900757, 50.3371391296, 48.1668395996, 46.1548461914, 76.8110961914, 57.3523902893, 26.3433380127, 14.5020904541, 11.2135229111, 12.4767169952, 15.8486127853, 0.98220795393, 0.14768885076, 0.0146487308666, 0.00085338455392],
        "mean": [0.321373313665, 1.68975937366, 2.21922516823, 4.11724758148, 7.26738929749, 10.233206749, 14.6140985489, 19.712890625, 44.9555702209, 42.9364776611, 38.380947113, 28.9579544067, 39.7765235901, 72.1569290161, 38.7475357056, 34.0204772949, 20.0844154358, 17.9140701294, 21.0607452393, 13.6598119736, 9.58488368988, 9.81037712097, 9.46174526215, 6.9044880867, 4.81038188934, 3.21179652214, 2.02977848053, 1.71576833725, 1.37104737759, 1.37155258656, 1.27373957634, 0.576540112495, 0.495261162519, 0.305671036243, 0.236905887723, 0.255403667688, 0.0229262579232, 0.0035407198593, 0.000275020109257, 4.49832550657e-05],
        "median": [0.0972143560648, 0.668903708458, 0.900735318661, 1.57993113995, 2.78112626076, 4.69921064377, 5.96324729919, 9.11421108246, 13.4473047256, 12.5343503952, 14.6231155396, 11.7597160339, 19.3967876434, 25.9637145996, 14.4036426544, 14.5071153641, 8.19570446014, 7.50665521622, 8.52391052246, 4.97356891632, 3.56146788597, 3.28425383568, 2.40927696228, 1.80826985836, 1.32843494415, 0.86398267746, 0.507907211781, 0.324692964554, 0.179237306118, 0.0984285995364, 0.045369040221, 0.0206298790872, 0.00979171320796, 0.00483469711617, 0.00246992777102, 0.000982970115729, 0.000219098234084, 3.07280824927e-05, 1.65378805832e-05, 2.86130289169e-05],
        "min": [1.3016225131e-22, 7.92125501948e-22, 7.94884298732e-21, 2.94596077699e-20, 4.17861692476e-20, 8.9800937422e-20, 8.39867495198e-20, 1.4024223023e-19, 5.36394573992e-19, 1.23851581768e-18, 7.59235945339e-19, 1.06143319894e-18, 1.52592799332e-18, 2.10208720731e-18, 2.01254159728e-18, 4.044613756e-18, 5.04120426673e-18, 4.76864246463e-18, 5.06545306639e-18, 4.38406882706e-18, 6.34178117103e-18, 7.69871968072e-18, 1.16872017875e-17, 1.05982606973e-17, 1.94379139057e-17, 1.41517649159e-17, 2.15978164883e-17, 1.748179223e-17, 1.78397414052e-17, 1.58693525184e-17, 1.96657608054e-17, 2.27537120588e-17, 1.54730387063e-17, 1.08401431977e-17, 8.20556219335e-18, 4.65024355406e-18, 3.19923558356e-18, 1.60162722028e-18, 3.06368983928e-19, 3.76264039629e-20],
        "var": [0.257320135832, 6.77482795715, 15.0494680405, 53.2722816467, 223.367034912, 247.921081543, 1033.47399902, 1117.39624023, 6815.578125, 6183.59716797, 5182.93945312, 3589.82202148, 3803.82470703, 16008.0244141, 5981.68017578, 2950.92089844, 935.047790527, 828.285522461, 1120.83654785, 548.204772949, 258.835479736, 380.92880249, 495.054595947, 251.522277832, 95.3273544312, 46.3470039368, 19.4562034607, 14.0492134094, 13.150472641, 22.0250701904, 19.8179664612, 3.22999429703, 2.3102080822, 1.06882226467, 1.13252949715, 1.65142071247, 0.00831321999431, 0.000185208846233, 1.00239424228e-06, 3.50311846198e-09]
    },
    "gfcc": {
        "mean": [-68.2322235107, 154.387954712, -130.072753906, 10.4617328644, -50.1026115417, 0.157611846924, -21.9893245697, 1.26764464378, -14.8074989319, -1.98639476299, -7.85353374481, -1.85891711712, -3.46353030205],
        "cov": [[19496.640625, -1249.04333496, 352.823303223, 1369.01074219, -49.9406585693, 1201.70251465, -128.668640137, 1311.37634277, 265.082977295, 890.131530762, 28.8220748901, 627.214355469, -193.911865234], [-1249.04333496, 2615.96191406, -396.175384521, 106.776992798, 336.736846924, -568.030639648, 386.085205078, -570.555175781, 177.464416504, -346.64743042, 112.242950439, -385.291107178, 200.946563721], [352.823303223, -396.175384521, 648.685180664, 193.470336914, 80.4239425659, 223.980941772, 48.1905326843, 192.085662842, 31.6096878052, 167.911758423, -17.4510917664, 110.337966919, -29.3515338898], [1369.01074219, 106.776992798, 193.470336914, 402.051544189, 111.885375977, 76.1790771484, 109.099937439, 93.8332138062, 103.334411621, 83.9512786865, 22.1176700592, 18.6225795746, 20.8062210083], [-49.9406585693, 336.736846924, 80.4239425659, 111.885375977, 217.459182739, 24.4445571899, 109.178245544, -18.9689025879, 47.5602416992, 13.6529598236, 14.5296640396, -37.7298736572, 35.5509605408], [1201.70251465, -568.030639648, 223.980941772, 76.1790771484, 24.4445571899, 350.023590088, 11.5448884964, 222.887969971, 3.49619030952, 146.901275635, -3.958070755, 134.550567627, -35.3723106384], [-128.668640137, 386.085205078, 48.1905326843, 109.099937439, 109.178245544, 11.5448884964, 249.47605896, -1.63483321667, 53.4440841675, -5.92655420303, 31.5676288605, -27.9159107208, 58.8095588684], [1311.37634277, -570.555175781, 192.085662842, 93.8332138062, -18.9689025879, 222.887969971, -1.63483321667, 319.299102783, 29.7122955322, 163.036407471, 12.0652322769, 136.921966553, -39.2161064148], [265.082977295, 177.464416504, 31.6096878052, 103.334411621, 47.5602416992, 3.49619030952, 53.4440841675, 29.7122955322, 181.979309082, 38.34815979, 32.4241371155, 9.97512054443, 27.5028381348], [890.131530762, -346.64743042, 167.911758423, 83.9512786865, 13.6529598236, 146.901275635, -5.92655420303, 163.036407471, 38.34815979, 228.910522461, 36.7687797546, 79.8623046875, -39.0344581604], [28.8220748901, 112.242950439, -17.4510917664, 22.1176700592, 14.5296640396, -3.958070755, 31.5676288605, 12.0652322769, 32.4241371155, 36.7687797546, 130.099761963, 31.1812839508, 9.02824783325], [627.214355469, -385.291107178, 110.337966919, 18.6225795746, -37.7298736572, 134.550567627, -27.9159107208, 136.921966553, 9.97512054443, 79.8623046875, 31.1812839508, 173.713745117, 11.429602623], [-193.911865234, 200.946563721, -29.3515338898, 20.8062210083, 35.5509605408, -35.3723106384, 58.8095588684, -39.2161064148, 27.5028381348, -39.0344581604, 9.02824783325, 11.429602623, 107.377616882]],
        "icov": [[0.000224965348025, -0.000618758611381, 0.000441488868091, -0.000858252227772, 0.000656212156173, -0.000878992374055, 0.000771247083321, -0.000830971519463, 0.000431993801612, -0.000576937978622, 0.000673721951898, -0.000671887188219, 0.000312974472763], [-0.000618758611381, 0.00375826610252, -0.00100987195037, 0.00218748813495, -0.00350695382804, 0.00388450059108, -0.00379385822453, 0.00372910685837, -0.00236808089539, 0.00250490242615, -0.0033408307936, 0.0033419013489, -0.0015277180355], [0.000441488868091, -0.00100987195037, 0.0034208279103, -0.0024478866253, 0.000383080419851, -0.00202765502036, 0.00100364233367, -0.0015118974261, 0.0009730111924, -0.00194050162099, 0.00222778739408, -0.00238757091574, 0.00131210580003], [-0.000858252227772, 0.00218748813495, -0.0024478866253, 0.00719179818407, -0.00336177670397, 0.00342373875901, -0.00351884542033, 0.00221227644943, -0.00292679085396, 0.00176234950777, -0.00249382876791, 0.00294366921298, -0.001443513087], [0.000656212156173, -0.00350695382804, 0.000383080419851, -0.00336177670397, 0.0108188046142, -0.00537575408816, 0.00198569055647, -0.00241765077226, 0.00167386198882, -0.00292591820471, 0.00242317444645, -0.000447405647719, -0.000467728998046], [-0.000878992374055, 0.00388450059108, -0.00202765502036, 0.00342373875901, -0.00537575408816, 0.0113121541217, -0.00503582227975, 0.00176921056118, -0.001738026971, 0.00176537921652, -0.0021378507372, 0.000243941700319, 7.67061283113e-05], [0.000771247083321, -0.00379385822453, 0.00100364233367, -0.00351884542033, 0.00198569055647, -0.00503582227975, 0.0105194216594, -0.00489090941846, 0.00207929802127, -0.00186637334991, 0.00173649948556, -0.00104605348315, -0.00166085676756], [-0.000830971519463, 0.00372910685837, -0.0015118974261, 0.00221227644943, -0.00241765077226, 0.00176921056118, -0.00489090941846, 0.0123142646626, -0.0030312249437, 0.000220197442104, -0.00260152458213, 0.000126996528707, 0.000299753679428], [0.000431993801612, -0.00236808089539, 0.0009730111924, -0.00292679085396, 0.00167386198882, -0.001738026971, 0.00207929802127, -0.0030312249437, 0.00865801330656, -0.00263692531735, 0.00124519923702, -0.00216675712727, -0.000377986318199], [-0.000576937978622, 0.00250490242615, -0.00194050162099, 0.00176234950777, -0.00292591820471, 0.00176537921652, -0.00186637334991, 0.000220197442104, -0.00263692531735, 0.010527882725, -0.00470215361565, 0.00231531262398, 0.000702862453181], [0.000673721951898, -0.0033408307936, 0.00222778739408, -0.00249382876791, 0.00242317444645, -0.0021378507372, 0.00173649948556, -0.00260152458213, 0.00124519923702, -0.00470215361565, 0.013112924993, -0.00692336354405, 0.00275930878706], [-0.000671887188219, 0.0033419013489, -0.00238757091574, 0.00294366921298, -0.000447405647719, 0.000243941700319, -0.00104605348315, 0.000126996528707, -0.00216675712727, 0.00231531262398, -0.00692336354405, 0.0170493181795, -0.00767865264788], [0.000312974472763, -0.0015277180355, 0.00131210580003, -0.001443513087, -0.000467728998046, 7.67061283113e-05, -0.00166085676756, 0.000299753679428, -0.000377986318199, 0.000702862453181, 0.00275930878706, -0.00767865264788, 0.0155123593286]]
    },
    "melbands": {
        "dmean": [0.00143117981497, 0.000959284021519, 0.000568167422898, 0.000351644062903, 0.00023569878249, 0.00019168786821, 0.000384085869882, 0.000222555871005, 0.000169395832927, 9.80647091637e-05, 0.000124662212329, 0.000172873187694, 9.26181746763e-05, 5.38734602742e-05, 4.27138038503e-05, 2.3468870495e-05, 2.54078022408e-05, 2.26242664212e-05, 1.87250116142e-05, 9.91152955976e-06, 7.16659769751e-06, 6.99907695889e-06, 6.34222442386e-06, 4.76318473375e-06, 4.03964304496e-06, 2.40168151322e-06, 2.34374670072e-06, 1.5177943169e-06, 9.30511873776e-07, 7.7506405205e-07, 6.73702288623e-07, 5.929314284e-07, 6.61944568492e-07, 6.16690897459e-07, 5.47446120436e-07, 4.71822374948e-07, 2.93119256867e-07, 2.40779201022e-07, 2.93000908869e-07, 1.86561734949e-07],
        "dmean2": [0.00224060961045, 0.0015192219289, 0.000933788658585, 0.000532790843863, 0.000378310011001, 0.000281929969788, 0.000614503514953, 0.000340429105563, 0.000259884749539, 0.000156394235091, 0.000198233727133, 0.000270004529739, 0.000144657024066, 8.4387982497e-05, 6.72886162647e-05, 3.71547830582e-05, 4.20470787503e-05, 3.70135567209e-05, 3.0728377169e-05, 1.63169061125e-05, 1.19760852613e-05, 1.17500785564e-05, 1.08703279693e-05, 8.17144427856e-06, 6.95180960975e-06, 4.12170220443e-06, 4.07413108405e-06, 2.61860577666e-06, 1.57511476573e-06, 1.26531278966e-06, 1.11690985705e-06, 9.81343646345e-07, 1.09273742055e-06, 9.74973545453e-07, 8.5643574721e-07, 7.53572351186e-07, 4.95598612815e-07, 3.69592783045e-07, 4.47023353445e-07, 2.87133758547e-07],
        "dvar": [6.8913582254e-06, 3.5633531752e-06, 1.50915252561e-06, 4.96370773817e-07, 2.84014475938e-07, 1.62529659065e-07, 7.9087112681e-07, 2.22838082209e-07, 1.18473806765e-07, 5.34288311371e-08, 5.58753683322e-08, 1.2305795849e-07, 3.92501284807e-08, 1.04061790296e-08, 7.71593278159e-09, 2.3991246767e-09, 2.73193978551e-09, 2.37132002923e-09, 1.6267043268e-09, 6.96061819294e-10, 2.2412066647e-10, 3.0157595865e-10, 2.52740217643e-10, 1.59373389486e-10, 9.90679413504e-11, 3.54357064525e-11, 4.33605408523e-11, 1.43227339711e-11, 7.31835078649e-12, 4.2711602484e-12, 3.90335290132e-12, 3.63400867558e-12, 5.75329671057e-12, 6.03313623018e-12, 4.5353629706e-12, 3.47606188625e-12, 9.9380952686e-13, 5.28135098588e-13, 8.51105210614e-13, 3.97373946899e-13],
        "dvar2": [1.6781496015e-05, 8.50132528285e-06, 3.92198307964e-06, 1.13331986995e-06, 7.289947348e-07, 3.70026612018e-07, 2.11862789001e-06, 5.1996670436e-07, 2.75609494338e-07, 1.29488526568e-07, 1.41301811141e-07, 3.03508983279e-07, 9.25899996673e-08, 2.44170106356e-08, 1.88697839576e-08, 5.69119329441e-09, 6.83329171025e-09, 5.97249671941e-09, 4.32322799782e-09, 1.78396164507e-09, 5.67844160582e-10, 7.59268536932e-10, 6.91979140655e-10, 4.39930841756e-10, 2.58005533604e-10, 9.66627194954e-11, 1.18233769997e-10, 3.77326121737e-11, 1.99567844889e-11, 1.05205219536e-11, 9.79867402495e-12, 9.24276887665e-12, 1.48316411236e-11, 1.41892626121e-11, 1.08958467249e-11, 8.36279309691e-12, 2.60593499904e-12, 1.04376956297e-12, 1.97879039543e-12, 8.79286444003e-13],
        "max": [0.0446343757212, 0.0289235096425, 0.0172746889293, 0.0137369288132, 0.0177290886641, 0.00991458352655, 0.0145554635674, 0.00972184725106, 0.00823761243373, 0.00616636592895, 0.00655107758939, 0.00599350826815, 0.00474067591131, 0.00220531108789, 0.00228884746321, 0.000978270196356, 0.00103990372736, 0.00088197842706, 0.000852304103319, 0.000528234930243, 0.000339003483532, 0.000450075807748, 0.000227975906455, 0.000273955549346, 0.000256370432908, 0.000113263209641, 0.000110210603452, 4.66646924906e-05, 3.13930249831e-05, 3.07090631395e-05, 3.55291413143e-05, 2.72198503808e-05, 3.29498070641e-05, 4.64654003736e-05, 3.20882936649e-05, 2.9012977393e-05, 1.48631024786e-05, 9.46828822634e-06, 1.31490905915e-05, 8.0139388956e-06],
        "mean": [0.00267089158297, 0.00154492678121, 0.000802502792794, 0.000624731124844, 0.000498586101457, 0.000448314240202, 0.000728125800379, 0.000440465199063, 0.000302965083392, 0.000175534500158, 0.000190135833691, 0.000280834006844, 0.000153111628606, 8.6857136921e-05, 6.60033038002e-05, 3.66585627489e-05, 3.32485506078e-05, 3.07808004436e-05, 2.85381793219e-05, 1.39044159368e-05, 1.07456326077e-05, 1.07774185381e-05, 9.62577269092e-06, 7.07004528522e-06, 5.48845719095e-06, 3.38105246556e-06, 3.06466790789e-06, 1.92174320546e-06, 1.27482678636e-06, 1.09015388716e-06, 9.9158046396e-07, 7.78544858804e-07, 7.64783294471e-07, 7.30098690838e-07, 7.05501463472e-07, 6.00522810146e-07, 2.80961842236e-07, 3.29077579408e-07, 3.68197675016e-07, 2.14349228145e-07],
        "median": [0.000990956788883, 0.000776431814302, 0.000319909944665, 0.000269659270998, 0.000219975860091, 0.000215092280996, 0.000208779616514, 0.000136375019792, 0.000107122767076, 6.68221036904e-05, 8.662831533e-05, 9.71585832303e-05, 5.02660295751e-05, 3.58531906386e-05, 2.63498259301e-05, 9.19374906516e-06, 1.08201593321e-05, 1.15135435408e-05, 9.05040724319e-06, 2.88454634756e-06, 3.90999412048e-06, 3.5507002849e-06, 2.14437454815e-06, 1.7539161945e-06, 1.24668474655e-06, 8.85280940111e-07, 6.57503846924e-07, 4.72378445693e-07, 2.87164340307e-07, 2.45563938961e-07, 1.43456006185e-07, 1.02216830555e-07, 6.57005116977e-08, 4.11028722169e-08, 2.50502942833e-08, 1.46561500713e-08, 1.0111611104e-08, 6.50354214926e-09, 5.05939778961e-09, 3.43179396012e-09],
        "min": [1.22628703818e-24, 3.30388357742e-24, 5.31232028667e-24, 4.76506736076e-24, 2.97016445172e-24, 2.85161325159e-24, 1.02132614442e-23, 1.17499861534e-23, 7.49855677762e-24, 6.56545068373e-24, 7.74953366348e-24, 8.65891042691e-24, 6.03415562508e-24, 8.15586566057e-24, 9.81443388088e-24, 1.41569120046e-23, 8.11609602689e-24, 8.46004174815e-24, 5.87151696111e-24, 5.82923401659e-24, 8.35702045823e-24, 6.98656553975e-24, 9.97637203637e-24, 1.0521377892e-23, 7.6948727025e-24, 1.26858142118e-23, 1.61099138803e-23, 7.10640849961e-24, 1.13359209528e-23, 1.34226670953e-23, 9.59845086478e-24, 9.57769277892e-24, 9.09597092284e-24, 9.41913647014e-24, 1.03501572102e-23, 1.41150392677e-23, 1.33262178056e-23, 1.04940288733e-23, 1.04587683685e-23, 8.00816565556e-24],
        "var": [1.56285568664e-05, 5.3407438827e-06, 1.80660072147e-06, 1.02862657059e-06, 8.92660978025e-07, 5.1607429441e-07, 1.82838869023e-06, 6.49354433335e-07, 3.47294928815e-07, 1.55254511469e-07, 9.41196631743e-08, 2.45412934419e-07, 8.43835508135e-08, 2.11166959474e-08, 1.20306768991e-08, 4.93424545667e-09, 3.89549104085e-09, 2.94326030215e-09, 2.52430276682e-09, 1.1064933414e-09, 3.46892375935e-10, 5.19936316223e-10, 4.74968342434e-10, 2.43615266848e-10, 1.94546892485e-10, 5.26533157352e-11, 5.78918163407e-11, 1.781613225e-11, 8.5070769873e-12, 5.71036880975e-12, 5.18506765301e-12, 4.20163166412e-12, 5.72160895052e-12, 6.84202390924e-12, 5.97808001018e-12, 4.45347708364e-12, 8.30254159694e-13, 9.97837337931e-13, 1.54042664041e-12, 5.58372521397e-13]
    },
    "mfcc": {
        "mean": [-702.323486328, 181.238037109, -15.3240375519, 16.8613243103, -6.17357206345, 0.210380226374, -0.308644711971, 2.68988728523, 0.745504081249, -0.367427229881, 0.250910967588, -1.1590154171, 0.599276125431],
        "cov": [[10411.2216797, -609.049926758, 381.880554199, 180.957641602, 249.645828247, 349.329833984, 184.607757568, 565.70892334, 235.793502808, 366.293121338, 316.506561279, 495.401245117, 487.252105713], [-609.049926758, 2149.95825195, -302.999206543, 397.455047607, -58.5593452454, 78.7391967773, 59.7999305725, -125.735488892, 20.1346645355, -28.3745250702, 2.56500864029, -112.848983765, -149.047134399], [381.880554199, -302.999206543, 437.633850098, 64.3448867798, 95.878944397, 69.0376968384, 45.3394508362, 65.1817932129, 72.2543258667, 54.9360084534, 70.9246520996, 62.6599617004, 32.3269577026], [180.957641602, 397.455047607, 64.3448867798, 351.631225586, 52.9246444702, 81.2774124146, 64.3886184692, 15.2419891357, 72.0747451782, 52.8210487366, 54.3770561218, 36.5887145996, 4.17836141586], [249.645828247, -58.5593452454, 95.878944397, 52.9246444702, 157.707351685, 55.765045166, 3.29090070724, 17.3734035492, 35.9502830505, 38.3241004944, 32.1807594299, 28.7905025482, 9.66883659363], [349.329833984, 78.7391967773, 69.0376968384, 81.2774124146, 55.765045166, 181.711959839, 78.4741668701, 48.3967781067, 61.0872268677, 47.4583473206, 43.7531356812, 24.0101661682, 14.5893144608], [184.607757568, 59.7999305725, 45.3394508362, 64.3886184692, 3.29090070724, 78.4741668701, 172.762771606, 57.3172225952, 29.7372016907, 39.3912315369, 19.1461429596, 38.3456687927, 31.9807605743], [565.70892334, -125.735488892, 65.1817932129, 15.2419891357, 17.3734035492, 48.3967781067, 57.3172225952, 175.240875244, 68.5856933594, 26.6298465729, 14.2882223129, 39.1332130432, 61.4739265442], [235.793502808, 20.1346645355, 72.2543258667, 72.0747451782, 35.9502830505, 61.0872268677, 29.7372016907, 68.5856933594, 146.904312134, 62.0450630188, 31.6858043671, 12.4018268585, 5.3750743866], [366.293121338, -28.3745250702, 54.9360084534, 52.8210487366, 38.3241004944, 47.4583473206, 39.3912315369, 26.6298465729, 62.0450630188, 118.299354553, 70.7936325073, 33.7257919312, 14.9883432388], [316.506561279, 2.56500864029, 70.9246520996, 54.3770561218, 32.1807594299, 43.7531356812, 19.1461429596, 14.2882223129, 31.6858043671, 70.7936325073, 129.243286133, 68.3386383057, 19.2234802246], [495.401245117, -112.848983765, 62.6599617004, 36.5887145996, 28.7905025482, 24.0101661682, 38.3456687927, 39.1332130432, 12.4018268585, 33.7257919312, 68.3386383057, 170.959289551, 99.6964187622], [487.252105713, -149.047134399, 32.3269577026, 4.17836141586, 9.66883659363, 14.5893144608, 31.9807605743, 61.4739265442, 5.3750743866, 14.9883432388, 19.2234802246, 99.6964187622, 157.668441772]],
