{
"lowlevel": {
    "average_loudness": 0.690954864025,
    "barkbands_crest": {
        "dmean": 1.82587170601,
        "dmean2": 2.71768021584,
        "dvar": 3.14509391785,
        "dvar2": 8.09388923645,
        "max": 24.2052974701,
        "mean": 12.7664222717,
        "median": 12.1646900177,
        "min": 3.82427620888,
        "var": 17.1865501404
    },
    "barkbands_flatness_db": {
        "dmean": 0.019541202113,
        "dmean2": 0.0334124490619,
        "dvar": 0.000282010674709,
        "dvar2": 0.000834576319903,
        "max": 0.61091530323,
        "mean": 0.444926738739,
        "median": 0.452808022499,
        "min": 0.0235094260424,
        "var": 0.00426276633516
    },
    "barkbands_kurtosis": {
        "dmean": 0.920674085617,
        "dmean2": 1.30168950558,
        "dvar": 1.86292564869,
        "dvar2": 3.91611266136,
        "max": 49.5511741638,
        "mean": 1.15017795563,
        "median": 0.266893863678,
        "min": -1.78832769394,
        "var": 9.68424129486
    },
    "barkbands_skewness": {
        "dmean": 0.311157524586,
        "dmean2": 0.436662852764,
        "dvar": 0.0901627466083,
        "dvar2": 0.214995518327,
        "max": 4.95014333725,
        "mean": -0.0963100120425,
        "median": -0.16565208137,
        "min": -4.31086730957,
        "var": 0.95537853241
    },
    "barkbands_spread": {
        "dmean": 0.670341551304,
        "dmean2": 0.958813965321,
        "dvar": 0.859871923923,
        "dvar2": 1.84953558445,
        "max": 71.134727478,
        "mean": 4.16741132736,
        "median": 3.7726726532,
        "min": 0.296318024397,
        "var": 7.52218914032
    },
    "dissonance": {
        "dmean": 0.055764593184,
        "dmean2": 0.0953423827887,
        "dvar": 0.00309818959795,
        "dvar2": 0.00874988734722,
        "max": 0.500000059605,
        "mean": 0.359515964985,
        "median": 0.375404000282,
        "min": 0.0855466499925,
        "var": 0.00727288192138
    },
    "dynamic_complexity": 3.74532866478,
    "erbbands_crest": {
        "dmean": 2.39549541473,
        "dmean2": 3.48948216438,
        "dvar": 6.27356910706,
        "dvar2": 16.6231307983,
        "max": 33.5935134888,
        "mean": 16.1631011963,
        "median": 15.4055814743,
        "min": 2.74471092224,
        "var": 29.9061832428
    },
    "erbbands_flatness_db": {
        "dmean": 0.0161597281694,
        "dmean2": 0.0263577438891,
        "dvar": 0.000219646084588,
        "dvar2": 0.000608208531048,
        "max": 0.609306871891,
        "mean": 0.463050335646,
        "median": 0.472470462322,
        "min": 0.062646612525,
        "var": 0.00399033119902
    },
    "erbbands_kurtosis": {
        "dmean": 1.43024790287,
        "dmean2": 2.09545874596,
        "dvar": 5.51438760757,
        "dvar2": 14.2492103577,
        "max": 61.6942901611,
        "mean": 2.80726933479,
        "median": 1.79314541817,
        "min": -1.61110186577,
        "var": 15.1282958984
    },
    "erbbands_skewness": {
        "dmean": 0.329208314419,
        "dmean2": 0.461006522179,
        "dvar": 0.125926434994,
        "dvar2": 0.327951461077,
        "max": 5.10281705856,
        "mean": -0.242695465684,
        "median": -0.19786478579,
        "min": -5.74898433685,
        "var": 0.878199994564
    },
    "erbbands_spread": {
        "dmean": 0.966188669205,
        "dmean2": 1.35158503056,
        "dvar": 1.24811661243,
        "dvar2": 2.66745257378,
        "max": 76.1980895996,
        "mean": 5.18782997131,
        "median": 4.52396440506,
        "min": 0.675036072731,
        "var": 12.2852993011
    },
    "hfc": {
        "dmean": 1.98415982723,
        "dmean2": 2.6244328022,
        "dvar": 10.1719646454,
        "dvar2": 24.1462841034,
        "max": 87.8407516479,
        "mean": 10.8353500366,
        "median": 7.89669799805,
        "min": 1.13390037483e-16,
        "var": 90.8484725952
    },
    "melbands_crest": {
        "dmean": 2.0716381073,
        "dmean2": 3.02141857147,
        "dvar": 4.40022706985,
        "dvar2": 10.8485927582,
        "max": 31.5972614288,
        "mean": 14.3474979401,
        "median": 13.5692958832,
        "min": 1.80253088474,
        "var": 25.2478809357
    },
    "melbands_flatness_db": {
        "dmean": 0.0211154166609,
        "dmean2": 0.0363124087453,
        "dvar": 0.000337513774866,
        "dvar2": 0.00101133284625,
        "max": 0.712078392506,
        "mean": 0.555154323578,
        "median": 0.571834087372,
        "min": 0.0043101971969,
        "var": 0.00565821817145
    },
    "melbands_kurtosis": {
        "dmean": 0.810615181923,
        "dmean2": 1.13548779488,
        "dvar": 1.08419501781,
        "dvar2": 2.13301086426,
        "max": 41.7318534851,
        "mean": 0.876004397869,
        "median": 0.123927474022,
        "min": -1.70745837688,
        "var": 6.75269985199
    },
    "melbands_skewness": {
        "dmean": 0.29352208972,
        "dmean2": 0.414903759956,
        "dvar": 0.0750461965799,
        "dvar2": 0.176445201039,
        "max": 5.27705860138,
        "mean": 0.179006591439,
        "median": 0.0751722678542,
        "min": -3.21855020523,
        "var": 0.863437175751
    },
    "melbands_spread": {
        "dmean": 1.19390535355,
        "dmean2": 1.72489523888,
        "dvar": 4.09957933426,
        "dvar2": 7.7920088768,
        "max": 151.930389404,
        "mean": 7.27133750916,
        "median": 6.79828262329,
        "min": 0.67723107338,
        "var": 37.6205711365
    },
    "pitch_salience": {
        "dmean": 0.0495053082705,
        "dmean2": 0.0757212340832,
        "dvar": 0.002140984172,
        "dvar2": 0.00552964583039,
        "max": 0.916897833347,
        "mean": 0.539542555809,
        "median": 0.543903231621,
        "min": 0.177558615804,
        "var": 0.0124440919608
    },
    "silence_rate_20dB": {
        "dmean": 0,
        "dmean2": 0,
        "dvar": 0,
        "dvar2": 0,
        "max": 1,
        "mean": 1,
        "median": 1,
        "min": 1,
        "var": 0
    },
    "silence_rate_30dB": {
        "dmean": 0.0012366399169,
        "dmean2": 0.00247349822894,
        "dvar": 0.00123517913744,
        "dvar2": 0.00299753318541,
        "max": 1,
        "mean": 0.998233556747,
        "median": 1,
        "min": 0,
        "var": 0.00176343077328
    },
    "silence_rate_60dB": {
        "dmean": 0.00547654787078,
        "dmean2": 0.0109540633857,
        "dvar": 0.00544692389667,
        "dvar2": 0.0127788055688,
        "max": 1,
        "mean": 0.0647412091494,
        "median": 0,
        "min": 0,
        "var": 0.0605479516089
    },
    "spectral_centroid": {
        "dmean": 32.6698989868,
        "dmean2": 49.0555381775,
        "dvar": 16079.4775391,
        "dvar2": 22426.796875,
        "max": 11509.2226562,
        "mean": 529.235412598,
        "median": 489.632171631,
        "min": 292.891448975,
        "var": 172105.359375
    },
    "spectral_complexity": {
        "dmean": 0.922179996967,
        "dmean2": 1.56431090832,
        "dvar": 0.772045135498,
        "dvar2": 1.84936213493,
        "max": 16,
        "mean": 9.33633613586,
        "median": 10,
        "min": 0,
        "var": 6.80837345123
    },
    "spectral_decrease": {
        "dmean": 8.99625485218e-10,
        "dmean2": 1.22154542037e-09,
        "dvar": 1.0915485703e-18,
        "dvar2": 2.31009686838e-18,
        "max": 1.71580557078e-28,
        "mean": -5.76553516041e-09,
        "median": -4.62132909718e-09,
        "min": -3.58148177781e-08,
        "var": 1.98534381602e-17
    },
    "spectral_energy": {
        "dmean": 0.0035659193527,
        "dmean2": 0.00483510596678,
        "dvar": 1.75747081812e-05,
        "dvar2": 3.74038609152e-05,
        "max": 0.143140748143,
        "mean": 0.022743280977,
        "median": 0.0182235985994,
        "min": 1.02916915163e-20,
        "var": 0.00031007223879
    },
    "spectral_energyband_high": {
        "dmean": 4.13166034718e-08,
        "dmean2": 7.27222726482e-08,
        "dvar": 8.65309038344e-15,
        "dvar2": 2.74373521136e-14,
        "max": 1.77595063633e-06,
        "mean": 1.30916674834e-07,
        "median": 1.60009534511e-08,
        "min": 7.40857934064e-21,
        "var": 6.76609647216e-14
    },
    "spectral_energyband_low": {
        "dmean": 0.000669215049129,
        "dmean2": 0.0009786025621,
        "dvar": 2.75172692454e-06,
        "dvar2": 6.13037263975e-06,
        "max": 0.0632218495011,
        "mean": 0.00258503900841,
        "median": 0.00028018373996,
        "min": 3.10630421292e-23,
        "var": 3.39479738614e-05
    },
    "spectral_energyband_middle_high": {
        "dmean": 0.000948400527705,
        "dmean2": 0.00143419543747,
        "dvar": 7.28858776711e-06,
        "dvar2": 1.96792279894e-05,
        "max": 0.067801348865,
        "mean": 0.00205629039556,
        "median": 0.000672846334055,
        "min": 1.3591110608e-21,
        "var": 1.46567899719e-05
    },
    "spectral_energyband_middle_low": {
        "dmean": 0.00284771504812,
        "dmean2": 0.00366755644791,
        "dvar": 1.12230873128e-05,
        "dvar2": 1.95312859432e-05,
        "max": 0.141480714083,
        "mean": 0.0187538918108,
        "median": 0.0132617950439,
        "min": 2.05117163951e-22,
        "var": 0.000284704205114
    },
    "spectral_entropy": {
        "dmean": 0.091474160552,
        "dmean2": 0.139758452773,
        "dvar": 0.0100138410926,
        "dvar2": 0.0226007066667,
        "max": 9.81600379944,
        "mean": 5.26381206512,
        "median": 5.24979448318,
        "min": 4.209897995,
        "var": 0.146944582462
    },
    "spectral_flux": {
        "dmean": 0.00982689671218,
        "dmean2": 0.0165945310146,
        "dvar": 0.000122028795886,
        "dvar2": 0.000356027507223,
        "max": 0.20502191782,
        "mean": 0.0383297726512,
        "median": 0.0368518382311,
        "min": 6.55320936405e-11,
        "var": 0.000346859567799
    },
    "spectral_kurtosis": {
        "dmean": 84.5986404419,
        "dmean2": 151.846572876,
        "dvar": 7833.49121094,
        "dvar2": 25488.0117188,
        "max": 855.606323242,
        "mean": 268.033843994,
        "median": 251.631622314,
        "min": -1.25110566616,
        "var": 20146.0097656
    },
    "spectral_rms": {
        "dmean": 0.000371713540517,
        "dmean2": 0.000517183041666,
        "dvar": 1.5612707216e-07,
        "dvar2": 3.79049737376e-07,
        "max": 0.0118173388764,
        "mean": 0.00434811832383,
        "median": 0.00421652942896,
        "min": 3.16870227973e-12,
        "var": 3.28259466187e-06
    },
    "spectral_rolloff": {
        "dmean": 43.4593582153,
        "dmean2": 71.3615646362,
        "dvar": 57513.1210938,
        "dvar2": 81394.0390625,
        "max": 19186.0839844,
        "mean": 693.301513672,
        "median": 602.9296875,
        "min": 193.798828125,
        "var": 577011.75
    },
    "spectral_skewness": {
        "dmean": 2.05481910706,
        "dmean2": 3.65194010735,
        "dvar": 3.46112585068,
        "dvar2": 10.2591028214,
        "max": 23.5135478973,
        "mean": 12.5994491577,
        "median": 13.040725708,
        "min": -0.0647464841604,
        "var": 15.7654056549
    },
    "spectral_spread": {
        "dmean": 302700.40625,
        "dmean2": 550329.5625,
        "dvar": 273125949440,
        "dvar2": 476174680064,
        "max": 42026268,
        "mean": 711278.625,
        "median": 600984.5,
        "min": 115489.734375,
        "var": 2.49976455168e+12
    },
    "spectral_strongpeak": {
        "dmean": 0.388633310795,
        "dmean2": 0.578159093857,
        "dvar": 0.312933772802,
        "dvar2": 0.747082829475,
        "max": 10.4134635925,
        "mean": 1.64465510845,
        "median": 1.43102478981,
        "min": 0,
        "var": 1.70299804211
    },
    "zerocrossingrate": {
        "dmean": 0.00170719448943,
        "dmean2": 0.00219014845788,
        "dvar": 2.73166679108e-05,
        "dvar2": 2.63217661995e-05,
        "max": 0.53515625,
        "mean": 0.0247758962214,
        "median": 0.0234375,
        "min": 0.0048828125,
        "var": 0.000464532204205
    },
    "barkbands": {
        "dmean": [7.44284250231e-07, 0.000553077145014, 0.000199404850719, 0.000114876951557, 0.000717418326531, 0.000883573258761, 0.000575008103624, 0.00138108339161, 0.000629913061857, 0.000627784873359, 0.000629181216937, 0.000185238794074, 2.15384952753e-05, 1.74053402588e-05, 8.02631348051e-07, 1.01249565887e-06, 4.75038092418e-07, 1.06159738777e-07, 8.8058662584e-08, 4.35242384356e-08, 2.22893543622e-08, 1.09858282471e-08, 3.91693610879e-09, 1.70958047718e-09, 1.24507149035e-09, 1.0370214687e-09, 1.09313635921e-09],
        "dmean2": [1.08781796371e-06, 0.000811513513327, 0.000275204743957, 0.000208444020245, 0.00102736102417, 0.00136656942777, 0.000606350891758, 0.00154264795128, 0.000599642167799, 0.00086909980746, 0.00103057303932, 0.000260266067926, 2.17914493987e-05, 2.06716758839e-05, 1.21747905268e-06, 1.70313035142e-06, 7.14500629329e-07, 1.71279879169e-07, 1.46418443592e-07, 7.3103961995e-08, 4.0620541597e-08, 2.08254018474e-08, 7.16602821527e-09, 3.01096614308e-09, 2.22204765699e-09, 1.92983518055e-09, 2.0426276226e-09],
        "dvar": [2.42068192748e-12, 2.24712948693e-06, 1.68440024595e-07, 8.44593230909e-08, 1.25027088416e-06, 2.23441793423e-06, 1.47620801272e-06, 4.33262948718e-06, 2.45828186962e-06, 2.65168819169e-06, 5.19227205587e-06, 3.00534878761e-07, 8.09812750191e-09, 5.82053605314e-09, 1.66775111516e-12, 1.01222025553e-11, 1.09454676225e-12, 6.26210983567e-14, 4.72585193906e-14, 9.43473492827e-15, 3.32754373406e-15, 9.86687716191e-16, 1.20344614731e-16, 1.22360237163e-17, 5.1485226794e-18, 3.00361522691e-18, 3.42048489073e-18],
        "dvar2": [4.41877003737e-12, 4.97776500197e-06, 3.20246527963e-07, 2.98125485187e-07, 3.2396392271e-06, 6.97248833603e-06, 1.00080580978e-06, 5.52256233277e-06, 1.34188962875e-06, 6.43956036583e-06, 1.4085411749e-05, 6.94267896506e-07, 5.84557513506e-09, 7.21186443897e-09, 3.9516905373e-12, 3.030985532e-11, 2.87397341169e-12, 1.47391213817e-13, 1.24887513525e-13, 2.59494523444e-14, 1.10326202316e-14, 3.56049240587e-15, 4.26156940022e-16, 3.49944945452e-17, 1.46302392695e-17, 1.02169188544e-17, 1.16492259256e-17],
        "max": [0.000107067760837, 0.060617133975, 0.00746929273009, 0.00882730167359, 0.0248060505837, 0.0347092859447, 0.0551637001336, 0.08277656883, 0.107555806637, 0.0640140771866, 0.0569256693125, 0.0151781411842, 0.00364784570411, 0.00247905985452, 2.05352062039e-05, 8.29726632219e-05, 1.97134831978e-05, 4.8490064728e-06, 4.83150142827e-06, 1.58229397584e-06, 8.55417283674e-07, 6.43499447506e-07, 3.07447010073e-07, 1.67512339999e-07, 1.1226533303e-07, 3.046126551e-08, 3.25286322322e-08],
        "mean": [3.70663360627e-06, 0.00210326304659, 0.000402998324716, 0.000286421127385, 0.00276970630512, 0.00252013443969, 0.00313896685839, 0.0064411140047, 0.00247946940362, 0.0012583831558, 0.000912433257326, 0.000338214158546, 4.60523951915e-05, 3.80499768653e-05, 1.46246554777e-06, 1.64162145211e-06, 7.81978258146e-07, 1.68017592728e-07, 1.47451672206e-07, 8.31691409076e-08, 4.39133884811e-08, 3.18739132865e-08, 1.3178365954e-08, 5.45492451209e-09, 2.96030777669e-09, 1.54648926998e-09, 1.43250400431e-09],
        "median": [3.23272388414e-07, 0.000126952596474, 2.53948164755e-05, 0.000151637257659, 0.00179654522799, 0.00151237263344, 0.000898216152564, 0.00279710115865, 0.000498457695358, 0.000397966941819, 0.000122989498777, 6.05807072134e-05, 5.48519119548e-06, 3.62164587386e-06, 7.7508434515e-07, 2.48343326348e-07, 2.95140409889e-07, 3.60328442639e-08, 2.38971953337e-08, 6.2959326641e-09, 3.08039638242e-09, 1.85080417658e-09, 1.40080413935e-09, 1.22317267426e-09, 1.06579345349e-09, 9.82362413637e-10, 9.80315606469e-10],
        "min": [2.95065513267e-24, 2.32326872994e-24, 2.59290848709e-24, 2.73276701749e-24, 1.22884775956e-23, 2.80277925113e-23, 1.44808498467e-23, 1.18142720063e-23, 2.63694648935e-23, 3.28202518837e-23, 4.32861515548e-23, 3.59588485911e-23, 4.18909658469e-23, 6.29927268489e-23, 5.81327441384e-23, 1.0587622171e-22, 9.14556108593e-23, 1.07908624013e-22, 1.32941540808e-22, 1.69600639136e-22, 2.81328473268e-22, 3.28390173069e-22, 5.10664525291e-22, 7.04810792374e-22, 1.07266897657e-21, 1.40642878067e-21, 2.21356076469e-21],
        "var": [9.8410023186e-11, 2.99029343296e-05, 5.57960618153e-07, 2.54607215311e-07, 8.79258368514e-06, 9.96097242023e-06, 4.05584687542e-05, 0.00010289108468, 4.50733459729e-05, 5.90223908148e-06, 7.41609619581e-06, 8.72243447247e-07, 3.93088797068e-08, 2.55672034655e-08, 4.01103889686e-12, 1.82326514997e-11, 2.04207701096e-12, 1.22870409593e-13, 1.06264775896e-13, 3.09748022587e-14, 1.01347974948e-14, 7.45984203636e-15, 1.29569931139e-15, 2.79228010952e-16, 9.62197267299e-17, 3.72518720912e-18, 2.90374288732e-18]
    },
    "erbbands": {
        "dmean": [0.00689017027617, 0.150030091405, 0.262759059668, 0.22361035645, 1.23394656181, 2.75671315193, 4.72062063217, 8.56440734863, 9.59638309479, 23.0151119232, 17.4396057129, 17.9616165161, 25.4219760895, 3.74248528481, 32.1061706543, 6.96269226074, 1.20695757866, 0.953977882862, 0.187981337309, 0.0594494491816, 0.0395670831203, 0.0138052580878, 0.00561141828075, 0.00565481698141, 0.00249605369754, 0.0015005186433, 0.0012622596696, 0.00081444112584, 0.000370199297322, 0.000314128497848, 0.000107956693682, 4.61169947812e-05, 2.58857453446e-05, 1.56939295266e-05, 9.00405302673e-06, 4.82935411128e-06, 2.35722040998e-06, 7.69890164065e-07, 1.73214311872e-06, 4.03391504733e-06],
        "dmean2": [0.00794612895697, 0.223031267524, 0.383930325508, 0.335760682821, 1.80279803276, 4.10994005203, 7.08004570007, 13.8870763779, 9.40000915527, 27.1644878387, 18.4178085327, 16.2791633606, 34.3915901184, 5.21983480453, 52.5683898926, 8.91993808746, 1.29008197784, 1.12588632107, 0.233963087201, 0.093314409256, 0.0644665211439, 0.0208920538425, 0.00897884368896, 0.0093604689464, 0.00410925131291, 0.00258062477224, 0.00225969986059, 0.00152683572378, 0.000691759341862, 0.000605815963354, 0.000197734174435, 8.09052435216e-05, 4.4928623538e-05, 2.72010911431e-05, 1.56165697263e-05, 8.42284953251e-06, 4.03038575314e-06, 1.36665653372e-06, 2.34113122133e-06, 5.46011278857e-06],
        "dvar": [0.000368049164535, 0.163633361459, 0.302689135075, 0.179607897997, 6.48687934875, 20.2794456482, 55.6292572021, 247.387908936, 417.084320068, 1249.61584473, 791.861877441, 2039.32043457, 3886.54541016, 68.006072998, 13504.7246094, 361.612701416, 20.20454216, 15.6165447235, 0.521431684494, 0.0120377792045, 0.0104445060715, 0.000863725610543, 0.000154894980369, 0.000246303650783, 3.32883319061e-05, 1.18079615277e-05, 9.74853537627e-06, 5.35987055628e-06, 1.03874083379e-06, 1.05447850274e-06, 1.00745445764e-07, 1.02593462614e-08, 3.08207304123e-09, 9.50855838511e-10, 2.18331061563e-10, 5.07901394553e-11, 1.13720820955e-11, 1.39364865134e-12, 4.4173549367e-12, 2.31868500095e-11],
        "dvar2": [0.000486335600726, 0.373701572418, 0.660452544689, 0.494732767344, 23.0201282501, 53.1429824829, 131.366500854, 815.670288086, 300.760925293, 1712.12646484, 665.242126465, 1027.08422852, 9349.00292969, 172.019348145, 36788.1445312, 604.355102539, 15.1879358292, 19.303352356, 0.666872680187, 0.0311899725348, 0.0309804324061, 0.00228628376499, 0.00034817494452, 0.000684073602315, 8.55555190356e-05, 3.36674456776e-05, 3.06840483972e-05, 1.90081500477e-05, 3.63063145414e-06, 4.0099648686e-06, 3.58085685548e-07, 3.0068807888e-08, 8.44640002384e-09, 2.51925236228e-09, 6.43173236892e-10, 1.62052538055e-10, 3.53752825644e-11, 4.50610338973e-12, 9.42489575967e-12, 4.9694644233e-11],
        "max": [1.48116648197, 14.3730278015, 11.5055580139, 11.0006628036, 56.0006713867, 89.2828826904, 186.599243164, 373.017974854, 887.370544434, 1485.77319336, 1730.73803711, 3069.88842773, 2360.43725586, 284.545562744, 2884.29858398, 784.58996582, 185.521286011, 131.689102173, 22.9305324554, 2.35272026062, 2.53261065483, 0.559254825115, 0.227975174785, 0.44478315115, 0.0992881804705, 0.0629609748721, 0.0394048281014, 0.0325969196856, 0.0233472250402, 0.017804550007, 0.0087609551847, 0.00401752395555, 0.00322672049515, 0.00195634691045, 0.00066160003189, 0.000173888183781, 8.88804279384e-05, 2.70430700766e-05, 7.31264153728e-05, 0.00016349874204],
        "mean": [0.0522955544293, 0.503265082836, 0.564322292805, 0.719221413136, 4.43486976624, 9.0711479187, 13.8542871475, 23.86835289, 51.5459289551, 100.038597107, 89.1506729126, 75.0710830688, 57.3227119446, 9.44988155365, 47.9461936951, 15.6523599625, 3.14493179321, 2.22038888931, 0.431035339832, 0.115513220429, 0.0753445401788, 0.0284022483975, 0.00979258492589, 0.0111558372155, 0.00471296720207, 0.00292668608017, 0.00202491157688, 0.00160779245198, 0.00111832492985, 0.0007339057629, 0.000361822196282, 0.00017289367679, 9.72643974819e-05, 5.76804122829e-05, 3.11907169817e-05, 1.79187081812e-05, 9.58890541369e-06, 2.27391706176e-06, 1.10553082777e-05, 2.55929080595e-05],
        "median": [0.00222162343562, 0.0325885005295, 0.0610064417124, 0.355189085007, 2.90028524399, 5.1108789444, 8.45400714874, 13.4953832626, 15.2885856628, 45.5911827087, 44.5821266174, 18.2366752625, 20.2871417999, 4.92078495026, 5.88947868347, 3.21458244324, 0.642648816109, 0.319848775864, 0.083259113133, 0.0488754287362, 0.0230874344707, 0.0122157502919, 0.00321460841224, 0.00191028788686, 0.000638204684947, 0.000311280193273, 0.000182588788448, 0.000114707174362, 8.18568296381e-05, 6.64313993184e-05, 5.31970108568e-05, 4.31671069236e-05, 3.4486707591e-05, 2.65956805379e-05, 1.99039786821e-05, 1.36579428727e-05, 7.66068478697e-06, 1.7564659629e-06, 8.87602891453e-06, 2.05663745874e-05],
        "min": [1.24933454038e-22, 6.15098702955e-22, 4.09466197e-21, 4.24134516485e-21, 9.39001537321e-21, 4.38132011881e-20, 6.40199730883e-20, 1.88686941683e-19, 2.73075377863e-19, 1.27206290291e-19, 3.58290826635e-19, 5.9118308866e-19, 4.35146788136e-19, 1.40157317555e-18, 1.6987168209e-18, 1.74937842809e-18, 2.19540041824e-18, 3.07570505127e-18, 2.85879844232e-18, 3.45264815448e-18, 5.85454986995e-18, 5.38031853937e-18, 6.20189789841e-18, 4.52417212972e-18, 7.19164390316e-18, 7.5699210419e-18, 9.36386982256e-18, 1.37758576497e-17, 1.26851844432e-17, 1.00267616121e-17, 1.51897872492e-17, 9.95068002091e-18, 1.2338235943e-17, 1.00974408867e-17, 7.70766977495e-18, 4.65173744225e-18, 2.29357993271e-18, 1.01064110401e-18, 2.90209752168e-19, 3.16878029267e-20],
        "var": [0.020376233384, 1.63869297504, 0.973988890648, 1.06808722019, 25.9626674652, 123.84047699, 261.786743164, 1012.54681396, 10056.2871094, 24711.7578125, 21637.3632812, 37258.6171875, 9748.55371094, 171.377227783, 19895.9980469, 1936.57055664, 116.92313385, 74.4691925049, 2.33044981956, 0.0290820114315, 0.0230043400079, 0.00219497317448, 0.000323895714246, 0.000678224605508, 9.04723565327e-05, 3.44419386238e-05, 1.95333068405e-05, 1.5594472643e-05, 8.66453956405e-06, 4.29867350249e-06, 9.0383252882e-07, 1.82780553359e-07, 7.74663320158e-08, 2.64537938222e-08, 2.98228508555e-09, 2.4497562312e-10, 5.37372472909e-11, 3.63834483375e-12, 7.3201028572e-11, 3.94191734809e-10]
    },
    "gfcc": {
        "mean": [-244.195739746, 256.4715271, -78.4793930054, -86.2826080322, -60.7812614441, -21.3634090424, -18.4984340668, -15.0491933823, -8.63020324707, -13.4138031006, -3.78714799881, -10.2897176743, -2.05248332024],
        "cov": [[6610.14550781, 1023.6572876, -790.984924316, 350.559051514, 335.417419434, 85.7770385742, 471.451782227, -32.4648780823, 29.6211357117, -139.966720581, 74.5962982178, -84.850769043, 62.1565933228], [1023.6572876, 862.866882324, 367.180419922, -69.4554595947, 353.684692383, 101.040634155, 66.9311141968, 121.449455261, 115.967460632, 26.0783061981, 84.1098251343, 3.31532764435, -11.7685041428], [-790.984924316, 367.180419922, 950.348999023, 118.132820129, 26.3143501282, 134.675048828, -19.7608623505, 153.291244507, 231.20199585, 135.835281372, 68.240447998, 16.50730896, -44.0175933838], [350.559051514, -69.4554595947, 118.132820129, 1371.84326172, 331.14630127, 292.270812988, 622.852600098, 315.829071045, 175.338790894, 80.0602416992, 71.6104278564, 102.987426758, 26.9312171936], [335.417419434, 353.684692383, 26.3143501282, 331.14630127, 551.897888184, 156.321014404, 208.518661499, 228.296554565, 69.252784729, 21.4011383057, 91.05027771, 67.2186126709, 15.9272356033], [85.7770385742, 101.040634155, 134.675048828, 292.270812988, 156.321014404, 296.596282959, 166.115081787, 47.5373268127, 56.9383506775, 15.0478010178, 31.5621242523, 36.1895217896, 3.72955346107], [471.451782227, 66.9311141968, -19.7608623505, 622.852600098, 208.518661499, 166.115081787, 449.46572876, 179.746231079, 36.8524627686, 12.9063415527, 42.2086181641, 61.7873153687, 10.6993284225], [-32.4648780823, 121.449455261, 153.291244507, 315.829071045, 228.296554565, 47.5373268127, 179.746231079, 276.328277588, 116.108474731, 16.8426780701, 40.0063476562, 54.7925720215, 5.49660301208], [29.6211357117, 115.967460632, 231.20199585, 175.338790894, 69.252784729, 56.9383506775, 36.8524627686, 116.108474731, 180.483825684, 68.7383880615, 28.7395458221, 18.564666748, 2.92290043831], [-139.966720581, 26.0783061981, 135.835281372, 80.0602416992, 21.4011383057, 15.0478010178, 12.9063415527, 16.8426780701, 68.7383880615, 147.188674927, 92.540145874, 7.88274478912, -6.73188638687], [74.5962982178, 84.1098251343, 68.240447998, 71.6104278564, 91.05027771, 31.5621242523, 42.2086181641, 40.0063476562, 28.7395458221, 92.540145874, 138.584823608, 63.0379867554, 3.28149294853], [-84.850769043, 3.31532764435, 16.50730896, 102.987426758, 67.2186126709, 36.1895217896, 61.7873153687, 54.7925720215, 18.564666748, 7.88274478912, 63.0379867554, 99.3016204834, 35.9522209167], [62.1565933228, -11.7685041428, -44.0175933838, 26.9312171936, 15.9272356033, 3.72955346107, 10.6993284225, 5.49660301208, 2.92290043831, -6.73188638687, 3.28149294853, 35.9522209167, 61.2818984985]],
        "icov": [[0.000561696942896, -0.00112975598313, 0.000990202650428, -0.000315207376843, 0.000755598768592, 4.1262814193e-05, -0.000472021463793, 0.000424550205935, -0.00131157611031, 0.00173488585278, -0.00223636860028, 0.00207997160032, -0.00093883392401], [-0.00112975598313, 0.00647549144924, -0.00420868443325, 0.00262168236077, -0.00511298095807, 0.00141945516225, -0.00273018865846, 0.00252335448749, -0.00132943631615, 0.00181797123514, -0.000756346911658, 0.000799596135039, -0.000458385242382], [0.000990202650428, -0.00420868443325, 0.00493088550866, -0.00142461585347, 0.00390628771856, -0.00201821234077, 0.00186180195305, -0.00251090363599, -0.00155058735982, -0.00105082045775, -0.000837498169858, 0.000473604624858, 0.0010885137599], [-0.000315207376843, 0.00262168236077, -0.00142461585347, 0.00361110572703, -0.0021049794741, 0.000141214724863, -0.00445785839111, 0.00102569593582, -0.00241146073677, 0.000197674220544, 5.16042637173e-05, 0.000347236811649, -0.000631999806501], [0.000755598768592, -0.00511298095807, 0.00390628771856, -0.0021049794741, 0.00806900113821, -0.00334054953419, 0.00295346765779, -0.00614376878366, 0.00220437161624, -0.00126078072935, -0.00164517201483, 0.000509807025082, -0.00033046581666], [4.1262814193e-05, 0.00141945516225, -0.00201821234077, 0.000141214724863, -0.00334054953419, 0.00715401722118, -0.00361500889994, 0.00563774816692, -0.00361177208833, 0.00408650189638, -0.00235616997816, 0.00102478498593, -0.000576524471398], [-0.000472021463793, -0.00273018865846, 0.00186180195305, -0.00445785839111, 0.00295346765779, -0.00361500889994, 0.0119109926745, -0.00703153992072, 0.00805833097547, -0.00676288316026, 0.00628555705771, -0.00646969210356, 0.00358607503586], [0.000424550205935, 0.00252335448749, -0.00251090363599, 0.00102569593582, -0.00614376878366, 0.00563774816692, -0.00703153992072, 0.0155374063179, -0.0102930264547, 0.00921311043203, -0.00593448197469, 0.0028467788361, -0.000961945625022], [-0.00131157611031, -0.00132943631615, -0.00155058735982, -0.00241146073677, 0.00220437161624, -0.00361177208833, 0.00805833097547, -0.0102930264547, 0.0210760850459, -0.0161017309874, 0.0146842217073, -0.0109059587121, 0.00302202976309], [0.00173488585278, 0.00181797123514, -0.00105082045775, 0.000197674220544, -0.00126078072935, 0.00408650189638, -0.00676288316026, 0.00921311043203, -0.0161017309874, 0.0351553373039, -0.0336502641439, 0.0251283943653, -0.0101291500032], [-0.00223636860028, -0.000756346911658, -0.000837498169858, 5.16042637173e-05, -0.00164517201483, -0.00235616997816, 0.00628555705771, -0.00593448197469, 0.0146842217073, -0.0336502641439, 0.0456910058856, -0.0350566245615, 0.0152277732268], [0.00207997160032, 0.000799596135039, 0.000473604624858, 0.000347236811649, 0.000509807025082, 0.00102478498593, -0.00646969210356, 0.0028467788361, -0.0109059587121, 0.0251283943653, -0.0350566245615, 0.043097987771, -0.0212156996131], [-0.00093883392401, -0.000458385242382, 0.0010885137599, -0.000631999806501, -0.00033046581666, -0.000576524471398, 0.00358607503586, -0.000961945625022, 0.00302202976309, -0.0101291500032, 0.0152277732268, -0.0212156996131, 0.0281973518431]]
    },
    "melbands": {
        "dmean": [0.000111150569865, 0.000164387718542, 7.15636415407e-05, 0.000110623514047, 0.000174854561919, 0.000188568374142, 0.000136076938361, 0.000283824570943, 0.000128132436657, 0.000109106164018, 0.000124469981529, 9.84981852525e-06, 8.76865451573e-05, 4.57408386865e-05, 4.77474713989e-06, 1.74377714757e-06, 2.08917435884e-06, 3.7534877606e-07, 4.72577426081e-08, 1.11360513699e-07, 3.98794064438e-08, 2.25800640408e-08, 6.48766906863e-09, 3.63363139577e-09, 5.21849141677e-09, 2.24664220561e-09, 2.30892771569e-09, 1.24664534251e-09, 8.57349913286e-10, 4.21522428073e-10, 5.09464470611e-10, 2.96123681132e-10, 1.9259654982e-10, 1.53253187918e-10, 7.29214674755e-11, 3.80413305023e-11, 2.81944866759e-11, 1.92807818322e-11, 1.60317228243e-11, 1.30132085663e-11],
        "dmean2": [0.000155655143317, 0.000245101866312, 0.000112136927783, 0.000162363168783, 0.000260957633145, 0.000294607511023, 0.000132426750497, 0.000336444907589, 0.000131155509735, 9.95071022771e-05, 0.000170218292624, 1.31914148369e-05, 0.000143680721521, 6.98149160598e-05, 4.40035046267e-06, 1.81273890121e-06, 2.47268371822e-06, 4.71860545304e-07, 7.14923444889e-08, 1.84476576237e-07, 6.20457072387e-08, 3.39795995785e-08, 1.06358797325e-08, 5.82658366e-09, 8.67186500386e-09, 3.85447362916e-09, 3.89215282226e-09, 2.17736451091e-09, 1.5371416362e-09, 7.59679374962e-10, 9.60006851791e-10, 5.63497470907e-10, 3.64172442202e-10, 2.93921664785e-10, 1.3393774978e-10, 6.80153225407e-11, 5.01401038744e-11, 3.38811513567e-11, 2.83850998262e-11, 2.3032416252e-11],
        "dvar": [9.33085289034e-08, 1.54763270643e-07, 2.32540351419e-08, 3.11509751327e-08, 7.07829457269e-08, 1.07592377674e-07, 8.90451943292e-08, 1.99863464445e-07, 4.31234390419e-08, 8.28186088597e-08, 9.67710249711e-08, 4.91136797898e-10, 1.01458923041e-07, 2.10236077436e-08, 2.79456957575e-10, 4.43126299543e-11, 8.32945656892e-11, 2.15834273197e-12, 5.75568755593e-15, 9.15448882606e-14, 7.52934278375e-15, 2.41440134758e-15, 2.01952890772e-16, 7.38182199041e-17, 2.10421526179e-16, 3.32229019749e-17, 2.83458086874e-17, 9.75779639131e-18, 4.53046035674e-18, 1.10795404339e-18, 2.23217066442e-18, 7.51077101066e-19, 3.69108048451e-19, 2.53122101278e-19, 5.03242855251e-20, 7.78695469416e-21, 4.60385383713e-21, 1.86156290036e-21, 1.66883981408e-21, 8.27266238671e-22],
        "dvar2": [1.85726577229e-07, 3.60254375664e-07, 8.20746990371e-08, 9.1177064121e-08, 1.69987757204e-07, 3.40226478102e-07, 6.15010193883e-08, 2.73039290732e-07, 3.11499412931e-08, 3.8678940939e-08, 2.33834043684e-07, 1.13725828754e-09, 2.76236107766e-07, 5.65196032198e-08, 1.88281751301e-10, 3.28937536931e-11, 1.02806416158e-10, 2.80570011668e-12, 1.34951296625e-14, 2.71889959548e-13, 2.13031784731e-14, 6.33046209108e-15, 4.58744732722e-16, 1.76009859784e-16, 5.86913311378e-16, 8.61017064167e-17, 7.61871195946e-17, 2.79770118656e-17, 1.42290252395e-17, 3.67585705252e-18, 7.95914508888e-18, 2.67964849244e-18, 1.37158798174e-18, 9.59172375332e-19, 1.78569643912e-19, 2.41585933494e-20, 1.37915758907e-20, 5.15817915033e-21, 4.61483579067e-21, 2.26209098271e-21],
        "max": [0.0161834470928, 0.0105538424104, 0.00384535780177, 0.00374916964211, 0.00606634840369, 0.00789091922343, 0.0131922699511, 0.0188148301095, 0.0130012333393, 0.0209562778473, 0.0119494330138, 0.00101795908995, 0.0080763977021, 0.00368932378478, 0.000906037515961, 0.000261200009845, 0.00030085479375, 4.58727226942e-05, 1.50902110363e-06, 7.95343385107e-06, 1.52407221776e-06, 9.0127770136e-07, 2.4265813181e-07, 1.75268525027e-07, 4.04092162398e-07, 9.3379682653e-08, 7.22866815295e-08, 4.71867593888e-08, 2.46905855761e-08, 1.84053696728e-08, 1.95884695131e-08, 1.61822697464e-08, 1.06695541291e-08, 9.08741171202e-09, 5.91094906355e-09, 2.47185671931e-09, 2.43912268161e-09, 2.30310082117e-09, 2.18798379414e-09, 1.75433978455e-09],
        "mean": [0.000563724723179, 0.000435121910414, 0.000234928971622, 0.000449567509349, 0.000542912108358, 0.00053027132526, 0.000746248231735, 0.00123020645697, 0.000656235672068, 0.000433603621786, 0.000268494099146, 2.35980860452e-05, 0.000130170388729, 7.7945915109e-05, 1.46473730638e-05, 3.83032602258e-06, 4.56118277725e-06, 8.17784041374e-07, 8.71022720617e-08, 1.83893973826e-07, 7.0887210768e-08, 3.85027298933e-08, 1.01584838319e-08, 6.79565070882e-09, 9.74884262206e-09, 3.22314730461e-09, 3.31684701926e-09, 1.74225467386e-09, 1.19708165602e-09, 1.01945241138e-09, 8.81833606137e-10, 6.63336774398e-10, 4.95948837553e-10, 3.52142259796e-10, 2.16186193946e-10, 1.33853844675e-10, 8.1624020043e-11, 6.0574392724e-11, 4.64929067467e-11, 3.37045460985e-11],
        "median": [3.02617881971e-05, 4.16656803282e-05, 0.000154197245138, 0.000315895566018, 0.000321380153764, 0.000308772316203, 0.000193924148334, 0.000537979241926, 0.000326474721078, 8.8869172032e-05, 9.0751425887e-05, 1.17685758596e-05, 1.76496632776e-05, 1.19535980048e-05, 1.97149165615e-06, 4.90966158395e-07, 4.64279452217e-07, 1.30103416041e-07, 4.64607268214e-08, 4.7340257936e-08, 2.34330421733e-08, 1.46038878768e-08, 2.95045587961e-09, 1.65907820815e-09, 1.46452594496e-09, 3.99347777069e-10, 2.53244647475e-10, 1.65318869705e-10, 1.00617611465e-10, 7.94136353899e-11, 4.79075876192e-11, 3.90520463189e-11, 3.26299126607e-11, 2.76241026581e-11, 2.29316426958e-11, 1.94603673453e-11, 1.63333339909e-11, 1.39482991129e-11, 1.18672606464e-11, 1.01112399703e-11],
        "min": [1.78723301168e-24, 2.93373051638e-24, 1.00159736427e-24, 1.57307108098e-24, 3.73804895383e-24, 4.7278741468e-24, 3.77986607598e-24, 9.83071458946e-25, 3.54209590497e-24, 3.36679089588e-24, 2.41523373984e-24, 4.93982726697e-24, 6.00535510229e-24, 4.37877124738e-24, 4.19607697818e-24, 3.98682452333e-24, 4.12774900202e-24, 3.14110291849e-24, 4.66758426883e-24, 5.96188689426e-24, 5.30400569273e-24, 5.20351309644e-24, 6.52362961727e-24, 4.71674134728e-24, 2.95792586642e-24, 4.90493239926e-24, 5.14340544534e-24, 4.82255244379e-24, 4.95142194456e-24, 5.04093754135e-24, 7.86067390983e-24, 6.4223588097e-24, 5.15007999746e-24, 5.44237228993e-24, 7.80500084031e-24, 7.00878932917e-24, 5.60788674633e-24, 7.87743878179e-24, 7.89445135607e-24, 7.70461197923e-24],
        "var": [2.26702036343e-06, 7.98305109129e-07, 7.90655221294e-08, 2.02352794076e-07, 4.09614244745e-07, 4.70359736937e-07, 2.33122887039e-06, 4.00222506869e-06, 1.1738405874e-06, 1.45823617004e-06, 2.30629822795e-07, 1.25510091209e-09, 1.47631396885e-07, 3.7602521985e-08, 2.62382449101e-09, 2.24154070305e-10, 3.68355623781e-10, 9.19979457198e-12, 1.43634731116e-14, 1.66565952654e-13, 1.71052747162e-14, 4.80560458031e-15, 3.77132737677e-16, 1.80062713914e-16, 5.64631474425e-16, 5.0702720552e-17, 5.79676923621e-17, 1.47154951208e-17, 7.25832954978e-18, 5.09597933971e-18, 5.28596990512e-18, 3.2563720504e-18, 1.96565141669e-18, 1.04809708292e-18, 3.63957194777e-19, 1.26254102008e-19, 5.18977510713e-20, 4.04099216541e-20, 3.08489416192e-20, 1.64482231399e-20]
    },
    "mfcc": {
        "mean": [-862.7421875, 259.48425293, 48.2642631531, -39.9435539246, -34.2509727478, -16.6728172302, -12.180024147, -9.23504734039, -6.13297939301, -6.34307527542, -5.15074682236, -1.50458991528, -0.356917351484],
        "cov": [[2126.59985352, 1377.46594238, -345.259429932, -135.053100586, 213.168029785, 210.528533936, 170.093460083, 211.765716553, 148.762145996, 28.4012432098, 16.1150608063, 42.3294448853, 65.012878418], [1377.46594238, 1260.12158203, 131.779296875, -173.508544922, 99.975944519, 160.211807251, 54.4916801453, 46.1630172729, 60.7431869507, 45.5717697144, 58.2524528503, 85.7656555176, 48.6843185425], [-345.259429932, 131.779296875, 669.695678711, 294.842773438, 25.2831745148, 74.2310943604, 53.6989059448, 21.5838699341, 70.4261169434, 113.968475342, 144.237136841, 140.542755127, 56.3731842041], [-135.053100586, -173.508544922, 294.842773438, 665.715026855, 330.553527832, 127.553825378, 259.673736572, 338.756652832, 264.01473999, 164.679946899, 159.867553711, 172.463241577, 137.157501221], [213.168029785, 99.975944519, 25.2831745148, 330.553527832, 412.929382324, 212.670013428, 185.737640381, 267.514343262, 211.122177124, 114.312141418, 104.957923889, 135.834594727, 119.559127808], [210.528533936, 160.211807251, 74.2310943604, 127.553825378, 212.670013428, 273.765777588, 179.56930542, 112.51159668, 94.0847244263, 71.4453125, 82.8707885742, 83.6097259521, 68.6999511719], [170.093460083, 54.4916801453, 53.6989059448, 259.673736572, 185.737640381, 179.56930542, 301.560028076, 257.482543945, 124.468177795, 64.1468429565, 69.7766494751, 86.6189727783, 96.7244186401], [211.765716553, 46.1630172729, 21.5838699341, 338.756652832, 267.514343262, 112.51159668, 257.482543945, 398.951873779, 256.245025635, 63.1159362793, 41.770149231, 94.9394836426, 119.060371399], [148.762145996, 60.7431869507, 70.4261169434, 264.01473999, 211.122177124, 94.0847244263, 124.468177795, 256.245025635, 252.9034729, 100.757385254, 37.081287384, 67.423034668, 73.4177398682], [28.4012432098, 45.5717697144, 113.968475342, 164.679946899, 114.312141418, 71.4453125, 64.1468429565, 63.1159362793, 100.757385254, 127.720405579, 96.1438369751, 57.4613342285, 25.7443275452], [16.1150608063, 58.2524528503, 144.237136841, 159.867553711, 104.957923889, 82.8707885742, 69.7766494751, 41.770149231, 37.081287384, 96.1438369751, 153.119033813, 115.50554657, 38.0287475586], [42.3294448853, 85.7656555176, 140.542755127, 172.463241577, 135.834594727, 83.6097259521, 86.6189727783, 94.9394836426, 67.423034668, 57.4613342285, 115.50554657, 154.804397583, 101.505851746], [65.012878418, 48.6843185425, 56.3731842041, 137.157501221, 119.559127808, 68.6999511719, 96.7244186401, 119.060371399, 73.4177398682, 25.7443275452, 38.0287475586, 101.505851746, 139.483734131]],
