{
"lowlevel": {
    "average_loudness": 0.959772646427,
    "barkbands_crest": {
        "dmean": 2.7986946106,
        "dmean2": 4.01033592224,
        "dvar": 9.83291435242,
        "dvar2": 20.1565074921,
        "max": 26.6970806122,
        "mean": 16.3908500671,
        "median": 18.7984924316,
        "min": 1.99606001377,
        "var": 48.0977783203
    },
    "barkbands_flatness_db": {
        "dmean": 0.0455071590841,
        "dmean2": 0.0613330677152,
        "dvar": 0.0028308276087,
        "dvar2": 0.00578787783161,
        "max": 0.523567736149,
        "mean": 0.193780705333,
        "median": 0.1893786937,
        "min": 0.0202399380505,
        "var": 0.00954472739249
    },
    "barkbands_kurtosis": {
        "dmean": 25.9760742188,
        "dmean2": 37.9338226318,
        "dvar": 3515.38378906,
        "dvar2": 7833.08300781,
        "max": 1992.1685791,
        "mean": 35.1708259583,
        "median": 8.14787960052,
        "min": -1.787748456,
        "var": 5533.19824219
    },
    "barkbands_skewness": {
        "dmean": 1.7494289875,
        "dmean2": 2.4392118454,
        "dvar": 4.65784788132,
        "dvar2": 10.0153255463,
        "max": 38.2529983521,
        "mean": 3.84864401817,
        "median": 2.85887527466,
        "min": -2.77445554733,
        "var": 14.6902980804
    },
    "barkbands_spread": {
        "dmean": 11.2627449036,
        "dmean2": 17.2186985016,
        "dvar": 204.474349976,
        "dvar2": 429.144012451,
        "max": 122.043197632,
        "mean": 21.1842975616,
        "median": 14.4355049133,
        "min": 0.107732750475,
        "var": 437.098510742
    },
    "dissonance": {
        "dmean": 0.0158020406961,
        "dmean2": 0.0255319755524,
        "dvar": 0.000321903818985,
        "dvar2": 0.000804679701105,
        "max": 0.499999850988,
        "mean": 0.474270522594,
        "median": 0.482068657875,
        "min": 0.273055076599,
        "var": 0.000637252465822
    },
    "dynamic_complexity": 3.56534266472,
    "erbbands_crest": {
        "dmean": 2.55649518967,
        "dmean2": 4.08861351013,
        "dvar": 7.02774572372,
        "dvar2": 16.1188602448,
        "max": 30.8296108246,
        "mean": 7.43884372711,
        "median": 6.0662984848,
        "min": 2.28399610519,
        "var": 15.4576892853
    },
    "erbbands_flatness_db": {
        "dmean": 0.0216287188232,
        "dmean2": 0.0314965806901,
        "dvar": 0.000562801316846,
        "dvar2": 0.00114036374725,
        "max": 0.383137643337,
        "mean": 0.135563015938,
        "median": 0.12049574405,
        "min": 0.0366187952459,
        "var": 0.00342181348242
    },
    "erbbands_kurtosis": {
        "dmean": 1.19325852394,
        "dmean2": 1.86091053486,
        "dvar": 3.01678419113,
        "dvar2": 7.00036668777,
        "max": 40.2271575928,
        "mean": 0.413257718086,
        "median": -0.116188764572,
        "min": -1.88812100887,
        "var": 4.43965530396
    },
    "erbbands_skewness": {
        "dmean": 0.458533138037,
        "dmean2": 0.693591177464,
        "dvar": 0.210612386465,
        "dvar2": 0.469933331013,
        "max": 5.96360683441,
        "mean": -0.0286846961826,
        "median": -0.0588200651109,
        "min": -2.44106984138,
        "var": 0.593039095402
    },
    "erbbands_spread": {
        "dmean": 16.5810680389,
        "dmean2": 24.7644252777,
        "dvar": 406.674224854,
        "dvar2": 863.706970215,
        "max": 214.506622314,
        "mean": 51.9611129761,
        "median": 41.1707649231,
        "min": 3.23326635361,
        "var": 1194.01586914
    },
    "hfc": {
        "dmean": 15.4582977295,
        "dmean2": 22.9039287567,
        "dvar": 616.340026855,
        "dvar2": 1356.63623047,
        "max": 184.526199341,
        "mean": 18.2368450165,
        "median": 5.61801767349,
        "min": 1.19621513292e-16,
        "var": 833.988525391
    },
    "melbands_crest": {
        "dmean": 3.46262192726,
        "dmean2": 5.18900346756,
        "dvar": 16.8211593628,
        "dvar2": 39.9659881592,
        "max": 37.4044342041,
        "mean": 25.132019043,
        "median": 28.8325805664,
        "min": 2.14111733437,
        "var": 96.8809127808
    },
    "melbands_flatness_db": {
        "dmean": 0.0546373799443,
        "dmean2": 0.0728399306536,
        "dvar": 0.00397227983922,
        "dvar2": 0.00815060269088,
        "max": 0.678732812405,
        "mean": 0.271787345409,
        "median": 0.270435363054,
        "min": 0.0032595791854,
        "var": 0.0157424770296
    },
    "melbands_kurtosis": {
        "dmean": 69.6969985962,
        "dmean2": 102.585861206,
        "dvar": 20788.9316406,
        "dvar2": 43870.421875,
        "max": 2178.32641602,
        "mean": 111.869445801,
        "median": 30.0846176147,
        "min": -1.74675810337,
        "var": 40261.6679688
    },
    "melbands_skewness": {
        "dmean": 2.38327765465,
        "dmean2": 3.39031791687,
        "dvar": 10.7048435211,
        "dvar2": 21.2859020233,
        "max": 38.0370521545,
        "mean": 6.65856742859,
        "median": 4.91966342926,
        "min": -1.04675352573,
        "var": 35.4923553467
    },
    "melbands_spread": {
        "dmean": 11.0606546402,
        "dmean2": 16.1838188171,
        "dvar": 259.59072876,
        "dvar2": 486.970947266,
        "max": 236.273635864,
        "mean": 20.6207294464,
        "median": 8.84196186066,
        "min": 0.154961153865,
        "var": 695.826599121
    },
    "pitch_salience": {
        "dmean": 0.094160027802,
        "dmean2": 0.138923719525,
        "dvar": 0.0128729073331,
        "dvar2": 0.0261865779757,
        "max": 0.897051036358,
        "mean": 0.357265561819,
        "median": 0.294922679663,
        "min": 0.0214810855687,
        "var": 0.0493298284709
    },
    "silence_rate_20dB": {
        "dmean": 0,
        "dmean2": 0,
        "dvar": 0,
        "dvar2": 0,
        "max": 1,
        "mean": 1,
        "median": 1,
        "min": 1,
        "var": 0
    },
    "silence_rate_30dB": {
        "dmean": 0.0222146268934,
        "dmean2": 0.0444330498576,
        "dvar": 0.0217190477997,
        "dvar2": 0.0643287375569,
        "max": 1,
        "mean": 0.988722741604,
        "median": 1,
        "min": 0,
        "var": 0.0111507810652
    },
    "silence_rate_60dB": {
        "dmean": 0.02529049851,
        "dmean2": 0.0505853183568,
        "dvar": 0.0246521197259,
        "dvar2": 0.0536702014506,
        "max": 1,
        "mean": 0.0868859440088,
        "median": 0,
        "min": 0,
        "var": 0.0793493315578
    },
    "spectral_centroid": {
        "dmean": 479.671813965,
        "dmean2": 699.625976562,
        "dvar": 314349.59375,
        "dvar2": 637370.8125,
        "max": 11181.796875,
        "mean": 1584.18383789,
        "median": 1275.70910645,
        "min": 102.912521362,
        "var": 972896.5
    },
    "spectral_complexity": {
        "dmean": 7.25170898438,
        "dmean2": 10.4750919342,
        "dvar": 99.9464569092,
        "dvar2": 175.084747314,
        "max": 61,
        "mean": 14.2045278549,
        "median": 8,
        "min": 0,
        "var": 224.187225342
    },
    "spectral_decrease": {
        "dmean": 2.07484585069e-09,
        "dmean2": 2.82088397086e-09,
        "dvar": 1.01174388052e-17,
        "dvar2": 1.5004320121e-17,
        "max": 9.99015371487e-29,
        "mean": -7.20215309613e-09,
        "median": -6.50327880436e-09,
        "min": -3.09235481666e-08,
        "var": 3.58164374501e-17
    },
    "spectral_energy": {
        "dmean": 0.00871070381254,
        "dmean2": 0.0117990989238,
        "dvar": 0.00016005623911,
        "dvar2": 0.000245237082709,
        "max": 0.11887871474,
        "mean": 0.0288367979228,
        "median": 0.0258625801653,
        "min": 1.04729571615e-20,
        "var": 0.00054915167857
    },
    "spectral_energyband_high": {
        "dmean": 0.00124740984756,
        "dmean2": 0.00185815279838,
        "dvar": 4.2293977458e-06,
        "dvar2": 8.94476033864e-06,
        "max": 0.0155354626477,
        "mean": 0.00128982472233,
        "median": 0.000192533319932,
        "min": 7.46820339161e-21,
        "var": 5.89682622376e-06
    },
    "spectral_energyband_low": {
        "dmean": 0.00660912599415,
        "dmean2": 0.00952585786581,
        "dvar": 0.000171286825207,
        "dvar2": 0.000340582249919,
        "max": 0.114069640636,
        "mean": 0.0215464495122,
        "median": 0.0200736857951,
        "min": 6.15678925928e-23,
        "var": 0.000431308610132
    },
    "spectral_energyband_middle_high": {
        "dmean": 0.00258549978025,
        "dmean2": 0.00396377732977,
        "dvar": 2.38274224102e-05,
        "dvar2": 5.87492359045e-05,
        "max": 0.0357766076922,
        "mean": 0.00293208286166,
        "median": 0.000879244063981,
        "min": 1.6074091328e-21,
        "var": 2.63595775323e-05
    },
    "spectral_energyband_middle_low": {
        "dmean": 0.0039051156491,
        "dmean2": 0.00689771911129,
        "dvar": 0.000151814689161,
        "dvar2": 0.000418452167651,
        "max": 0.0945465266705,
        "mean": 0.00375065603293,
        "median": 0.00135320250411,
        "min": 3.25239929619e-22,
        "var": 9.69957982306e-05
    },
    "spectral_entropy": {
        "dmean": 0.237545952201,
        "dmean2": 0.349686175585,
        "dvar": 0.0838012620807,
        "dvar2": 0.182007163763,
        "max": 9.77742004395,
        "mean": 7.82532644272,
        "median": 7.92308235168,
        "min": 5.18777894974,
        "var": 0.268785238266
    },
    "spectral_flux": {
        "dmean": 0.0307581778616,
        "dmean2": 0.0381908789277,
        "dvar": 0.00162331422325,
        "dvar2": 0.00232991110533,
        "max": 0.390980869532,
        "mean": 0.0756774768233,
        "median": 0.0499393604696,
        "min": 1.02337464891e-10,
        "var": 0.00512466300279
    },
    "spectral_kurtosis": {
        "dmean": 1.96828913689,
        "dmean2": 3.21961641312,
        "dvar": 9.32096099854,
        "dvar2": 24.6618423462,
        "max": 71.1539916992,
        "mean": 4.24140834808,
        "median": 3.37965869904,
        "min": -1.14929556847,
        "var": 15.9626350403
    },
    "spectral_rms": {
        "dmean": 0.000750229752157,
        "dmean2": 0.00100624922197,
        "dvar": 8.78345986166e-07,
        "dvar2": 1.44810815073e-06,
        "max": 0.0107693653554,
        "mean": 0.00484132580459,
        "median": 0.00502312509343,
        "min": 3.19648539408e-12,
        "var": 4.69484712085e-06
    },
    "spectral_rolloff": {
        "dmean": 729.228271484,
        "dmean2": 1141.48083496,
        "dvar": 1417626.125,
        "dvar2": 2917653.75,
        "max": 19056.8847656,
        "mean": 1275.99914551,
        "median": 236.865234375,
        "min": 43.06640625,
        "var": 3586492.25
    },
    "spectral_skewness": {
        "dmean": 0.2641710639,
        "dmean2": 0.412639260292,
        "dvar": 0.0969830900431,
        "dvar2": 0.242237210274,
        "max": 6.7704539299,
        "mean": 1.48186683655,
        "median": 1.41097021103,
        "min": -0.0113993864506,
        "var": 0.240169167519
    },
    "spectral_spread": {
        "dmean": 1057699.75,
        "dmean2": 1591685.875,
        "dvar": 2.29496874598e+12,
        "dvar2": 4.54835621069e+12,
        "max": 38112996,
        "mean": 5582187.5,
        "median": 4908130,
        "min": 1026122.6875,
        "var": 8.38264212685e+12
    },
    "spectral_strongpeak": {
        "dmean": 0.129712864757,
        "dmean2": 0.204878166318,
        "dvar": 0.0596115738153,
        "dvar2": 0.15121974051,
        "max": 3.63371729851,
        "mean": 0.420945316553,
        "median": 0.39238718152,
        "min": 0,
        "var": 0.0730250552297
    },
    "zerocrossingrate": {
        "dmean": 0.0168297253549,
        "dmean2": 0.018860347569,
        "dvar": 0.000318248552503,
        "dvar2": 0.000385464139981,
        "max": 0.517578125,
        "mean": 0.0492361038923,
        "median": 0.037109375,
        "min": 0.001953125,
        "var": 0.00207242951728
    },
    "barkbands": {
        "dmean": [0.000369020592188, 0.00500184204429, 0.00306238606572, 0.0016980957007, 0.00148644531146, 0.000761539326049, 0.000305672059767, 0.000127421997604, 0.00026769755641, 0.00018306664424, 0.000179557566298, 0.00021207719692, 0.000286259921268, 0.000236247404246, 0.000258886720985, 0.000335347111104, 0.000294780562399, 0.000351064431015, 0.00036094817915, 0.000403905927669, 0.000264865986537, 0.000208544108318, 0.000185778248124, 0.000157828530064, 0.000139467796544, 0.000147993050632, 2.31956655625e-05],
        "dmean2": [0.000468780955998, 0.00730927661061, 0.00519846472889, 0.00318534416147, 0.00274654850364, 0.00134542840533, 0.000535446568392, 0.000217556400457, 0.000449148094049, 0.000309674127493, 0.000320351595292, 0.000360079458915, 0.000511718913913, 0.000419706979301, 0.00043509376701, 0.000529675802682, 0.000450243678642, 0.000540334789548, 0.000534911465365, 0.000610030139796, 0.000415221060393, 0.000315249460982, 0.000280923210084, 0.000238438457018, 0.000214790852624, 0.000251289020525, 4.01178294851e-05],
        "dvar": [2.75166087249e-07, 8.14403538243e-05, 0.000134029469336, 5.16823056387e-05, 3.41465929523e-05, 2.84064981315e-06, 5.22480661402e-07, 6.04092562639e-08, 4.10696856079e-07, 1.62801669035e-07, 2.11490771562e-07, 1.63893972172e-07, 5.07123502302e-07, 3.35789962946e-07, 2.82477373048e-07, 4.46417317335e-07, 3.83739831022e-07, 4.9554614634e-07, 6.5911439151e-07, 6.479110084e-07, 2.96495073826e-07, 1.61831707146e-07, 1.01692862131e-07, 7.44040136169e-08, 5.30176613722e-08, 5.86453090534e-08, 1.51782419966e-09],
        "dvar2": [4.98085057643e-07, 0.000169803970493, 0.000345764681697, 0.000149680505274, 9.94556176011e-05, 8.0805939433e-06, 1.4645495412e-06, 1.62282390193e-07, 9.9044837043e-07, 4.15332493731e-07, 5.93642255353e-07, 4.26956489719e-07, 1.4374032844e-06, 9.49122295424e-07, 7.39708013953e-07, 1.00195904906e-06, 8.86270584033e-07, 1.20051015529e-06, 1.51203585119e-06, 1.42155704452e-06, 6.76906552144e-07, 3.46300282672e-07, 2.09368664628e-07, 1.57515287924e-07, 1.15814913215e-07, 1.66603101093e-07, 4.16086409771e-09],
        "max": [0.00493037002161, 0.0780945569277, 0.0843037366867, 0.0570539496839, 0.045512098819, 0.0158609263599, 0.0151362242177, 0.00314799603075, 0.0128300022334, 0.00982814282179, 0.00599959352985, 0.00756460707635, 0.00953364092857, 0.00650403182954, 0.00429795496166, 0.00571122067049, 0.00545719033107, 0.0059814164415, 0.00685029290617, 0.00776035385206, 0.00482758460566, 0.00343210878782, 0.00318754930049, 0.00222796038724, 0.00190375884995, 0.00191649282351, 0.000281724525848],
        "mean": [0.00154243491124, 0.017104383558, 0.00225985073484, 0.00111060019117, 0.00114000565372, 0.000739108130801, 0.000292811222607, 0.000138834424433, 0.000280541134998, 0.000207851073355, 0.000161611460499, 0.000241900372203, 0.000270687742159, 0.000229991434026, 0.00024553926778, 0.000331334886141, 0.000302308151731, 0.000360279576853, 0.000367414730135, 0.000388910761103, 0.000275909114862, 0.000203791001695, 0.000190834645764, 0.000161661082529, 0.000143094701343, 0.000126313243527, 1.87839923456e-05],
        "median": [0.00150025589392, 0.0168116297573, 0.000131598426378, 0.000127753752167, 0.000221938375034, 0.000232356367633, 5.79810839554e-05, 4.31608568761e-05, 6.65203697281e-05, 8.57928753248e-05, 4.26312144555e-05, 9.13420444704e-05, 7.32978223823e-05, 5.57043931622e-05, 5.59961117688e-05, 4.54043620266e-05, 3.02437383652e-05, 4.45828882221e-05, 2.8027992812e-05, 2.08169694815e-05, 1.80290389835e-05, 2.18297500396e-05, 3.9151920646e-05, 2.82610199065e-05, 2.38433858613e-05, 1.08989243017e-05, 1.05369667835e-06],
        "min": [2.22969404936e-23, 2.70285360918e-23, 1.45936743111e-23, 2.79075385549e-23, 5.44731489794e-23, 6.84119235887e-23, 4.54690085656e-23, 6.57426202338e-23, 5.0340527578e-23, 5.38329978211e-23, 4.81431429047e-23, 4.97033835575e-23, 5.70768822158e-23, 9.26542818493e-23, 1.94821468909e-22, 1.76862513976e-22, 1.29379499343e-22, 2.3660210467e-22, 4.02482942783e-22, 2.87126840736e-22, 3.29857833006e-22, 3.69894581295e-22, 5.69287265647e-22, 8.05392047159e-22, 1.01053814022e-21, 1.8938223384e-21, 2.64342265873e-21],
        "var": [1.97623785425e-06, 0.000227552664001, 9.78022217168e-05, 2.83602767013e-05, 1.8803655621e-05, 2.02014371098e-06, 4.14808766891e-07, 6.22833766784e-08, 5.0753163805e-07, 1.78326246214e-07, 1.48685529666e-07, 1.72862186787e-07, 3.48595506239e-07, 2.39955426196e-07, 2.37296021055e-07, 5.08884852479e-07, 4.55006215816e-07, 5.75487717924e-07, 7.67927929246e-07, 7.84081635175e-07, 3.66738760249e-07, 1.96872804281e-07, 1.35994227435e-07, 9.93477797806e-08, 6.95397872619e-08, 5.50743735062e-08, 1.35657218792e-09]
    },
    "erbbands": {
        "dmean": [0.179527252913, 1.17446088791, 3.32316350937, 4.75056791306, 5.44830083847, 4.42574119568, 5.07375860214, 6.81773138046, 6.07732915878, 2.51649904251, 3.07839369774, 6.74062156677, 5.05329227448, 6.41226100922, 7.40271377563, 8.97528266907, 12.8848562241, 10.9947462082, 14.2119283676, 13.9628400803, 18.1185417175, 17.9294586182, 19.1264820099, 17.6412639618, 21.5159606934, 17.731212616, 11.9965906143, 9.47591304779, 6.91417789459, 6.95380115509, 5.09404850006, 3.70822048187, 2.38902258873, 1.61252641678, 0.98889195919, 0.651007950306, 0.273844629526, 0.0493140108883, 0.00383461127058, 0.000156905443873],
        "dmean2": [0.251842558384, 1.6042290926, 5.26449537277, 8.49062633514, 10.2107963562, 8.19812393188, 8.90606307983, 11.9643230438, 10.629948616, 4.36682653427, 5.27565956116, 11.2127819061, 8.56892490387, 11.0938472748, 12.8967008591, 15.4181270599, 22.8390903473, 19.1937389374, 24.5469474792, 22.3269557953, 28.6572589874, 27.1742134094, 29.5056743622, 26.9259395599, 32.0552062988, 26.5720672607, 18.5526199341, 14.620267868, 10.3029623032, 10.6721792221, 7.76122570038, 5.68684530258, 3.56264853477, 2.39235591888, 1.59275352955, 1.08256614208, 0.469905525446, 0.0857392773032, 0.00649474840611, 0.000267347000772],
        "dvar": [0.0648804232478, 6.61506795883, 133.737304688, 352.880950928, 510.458648682, 308.81451416, 244.313980103, 191.64881897, 194.307434082, 28.626537323, 36.5673484802, 297.575653076, 166.835006714, 241.392196655, 278.638275146, 342.477416992, 958.068786621, 597.18371582, 1346.33764648, 763.627197266, 1264.91638184, 1338.66418457, 1444.10803223, 1548.85388184, 2278.37841797, 1199.10217285, 577.318481445, 373.575012207, 159.023895264, 179.558395386, 79.7967224121, 40.7862548828, 17.6907901764, 8.50539112091, 2.44164204597, 1.05392825603, 0.214288905263, 0.00697497650981, 3.90877576137e-05, 8.02538977496e-08],
        "dvar2": [0.148301005363, 12.0085144043, 318.218994141, 979.082519531, 1482.02062988, 900.422363281, 706.158935547, 538.652770996, 545.653442383, 77.8553466797, 98.5155334473, 698.87298584, 455.259490967, 628.10748291, 758.884033203, 909.313842773, 2699.22680664, 1651.40136719, 3795.58203125, 1860.35498047, 2977.53149414, 2962.14428711, 3522.87060547, 3776.28637695, 5151.95019531, 2501.96411133, 1378.15136719, 834.317199707, 311.230926514, 404.347015381, 168.136734009, 85.3198242188, 37.8025245667, 17.3942947388, 5.8963394165, 2.97170090675, 0.605816066265, 0.0196451824158, 0.000103618040157, 2.16264538722e-07],
        "max": [2.35470819473, 22.0785007477, 84.9123764038, 138.844268799, 187.029678345, 140.208557129, 138.322128296, 147.53086853, 260.181030273, 63.702091217, 73.871925354, 381.184051514, 378.18057251, 373.043212891, 192.371231079, 375.952209473, 388.449645996, 236.836120605, 305.457000732, 294.742156982, 313.059906006, 318.928039551, 316.221160889, 350.971496582, 430.115936279, 367.613311768, 189.824142456, 180.052154541, 108.114768982, 126.609054565, 93.9997024536, 50.0360298157, 35.0524749756, 28.6763572693, 10.1001758575, 9.04150485992, 3.28818058968, 0.605807781219, 0.0398215800524, 0.00235739722848],
        "mean": [0.784384787083, 2.61975908279, 2.98104834557, 3.42183351517, 3.69463539124, 3.37262654305, 4.70767021179, 6.62304592133, 5.86012411118, 2.61452841759, 3.31986093521, 7.01563167572, 5.89240121841, 7.01381063461, 7.65517997742, 9.94981956482, 12.6965990067, 11.6865777969, 12.4752521515, 14.7002153397, 17.4640426636, 18.6265392303, 19.3145256042, 17.9110507965, 20.9513034821, 17.6551208496, 12.1125707626, 9.925989151, 7.23904371262, 6.8365187645, 5.09047746658, 3.81847691536, 2.44179701805, 1.70858001709, 0.955542504787, 0.586609065533, 0.225745409727, 0.039857879281, 0.00327280396596, 0.00015040206199],
        "median": [0.825627326965, 1.78975117207, 0.300767660141, 0.420684814453, 0.420382738113, 0.634162604809, 1.17019152641, 2.22661161423, 1.46422314644, 0.798374056816, 1.110024333, 1.45375049114, 2.38237118721, 2.9332075119, 2.80510044098, 3.45685267448, 3.59291625023, 3.24703526497, 2.70080041885, 3.0274245739, 2.55504608154, 1.96475446224, 2.53086495399, 1.57963943481, 1.33815741539, 1.01630055904, 0.788860142231, 0.698253452778, 0.896671533585, 1.29353189468, 0.853252351284, 0.612646043301, 0.45065459609, 0.277607917786, 0.14019601047, 0.0651924833655, 0.0157782044262, 0.00251692440361, 0.000211019127164, 4.44653305749e-05],
        "min": [7.0240467826e-22, 6.38802223779e-21, 2.13508628538e-20, 5.07478827781e-20, 8.94384836796e-20, 2.29802122051e-19, 3.29488837146e-19, 6.4287908521e-19, 7.1219216765e-19, 6.89477115946e-19, 1.62649164911e-18, 1.35991336137e-18, 1.34646257743e-18, 1.81734144838e-18, 2.02373086943e-18, 2.41897720485e-18, 2.46444194645e-18, 3.58103237582e-18, 9.3903677263e-18, 9.48223109641e-18, 9.96629636369e-18, 7.30201874819e-18, 1.07916952292e-17, 1.44625647962e-17, 2.27850043014e-17, 1.51393540472e-17, 1.38699337279e-17, 1.15562963197e-17, 1.37158481778e-17, 1.34583079756e-17, 1.6788492454e-17, 1.99568936394e-17, 1.15076928413e-17, 1.09380797278e-17, 7.49031566129e-18, 6.90699161563e-18, 3.42442351121e-18, 1.53908523154e-18, 3.5952790109e-19, 3.8260134172e-20],
        "var": [0.389775454998, 12.8894195557, 119.177467346, 219.374664307, 279.051177979, 170.984130859, 155.227554321, 146.160202026, 150.329833984, 24.9602813721, 34.8500785828, 377.082733154, 150.241622925, 245.232376099, 215.311752319, 334.894348145, 686.785522461, 493.725463867, 880.804382324, 819.390258789, 1365.43908691, 1671.52294922, 1645.46276855, 1698.61047363, 2609.0222168, 1556.54541016, 671.017150879, 483.719207764, 220.122940063, 207.186264038, 101.572853088, 54.1028671265, 23.4603233337, 11.7925739288, 2.79663324356, 1.05659902096, 0.193269208074, 0.00611723028123, 3.87473410228e-05, 6.83822491965e-08]
    },
    "gfcc": {
        "mean": [-55.4159164429, 70.9531097412, -100.52721405, 39.1132354736, -39.3896369934, 21.0686035156, -25.1747322083, 9.85449504852, -15.1191263199, 7.68551588058, -4.62414646149, 9.54905986786, -3.39988851547],
        "cov": [[17232.9257812, -3342.49682617, 551.286682129, 816.545043945, -177.872528076, 686.381835938, -510.281158447, 889.962768555, -275.204376221, 820.859863281, -188.783615112, 552.117675781, -335.632446289], [-3342.49682617, 3906.93432617, -1075.05297852, -348.088989258, 69.9635772705, -458.82598877, 384.024597168, -635.580383301, 259.953338623, -547.161743164, 222.999267578, -415.927124023, 263.115020752], [551.286682129, -1075.05297852, 2375.37158203, 516.216003418, 431.918060303, 784.893005371, 265.742553711, 699.204711914, 288.281921387, 515.852722168, 114.620269775, 333.903320312, -75.9574966431], [816.545043945, -348.088989258, 516.216003418, 669.936584473, 247.03338623, 234.202255249, 91.7098464966, 154.916809082, 39.264465332, 99.6615371704, 35.5870437622, 42.7761192322, 11.1901931763], [-177.872528076, 69.9635772705, 431.918060303, 247.03338623, 408.225402832, 196.985855103, 192.439193726, 117.510452271, 111.162254333, 92.1180267334, 75.4428863525, 71.328704834, 31.3609848022], [686.381835938, -458.82598877, 784.893005371, 234.202255249, 196.985855103, 507.800994873, 171.465789795, 332.749206543, 135.292404175, 229.930786133, 59.6014137268, 127.879547119, -34.1140441895], [-510.281158447, 384.024597168, 265.742553711, 91.7098464966, 192.439193726, 171.465789795, 288.003295898, 135.808853149, 187.352706909, 52.7123680115, 98.2758636475, 13.5004997253, 48.4229469299], [889.962768555, -635.580383301, 699.204711914, 154.916809082, 117.510452271, 332.749206543, 135.808853149, 420.994018555, 159.723068237, 277.390045166, 42.5641784668, 150.69833374, -35.8133125305], [-275.204376221, 259.953338623, 288.281921387, 39.264465332, 111.162254333, 135.292404175, 187.352706909, 159.723068237, 236.149841309, 110.155288696, 113.520080566, 39.4494400024, 41.881439209], [820.859863281, -547.161743164, 515.852722168, 99.6615371704, 92.1180267334, 229.930786133, 52.7123680115, 277.390045166, 110.155288696, 280.113433838, 77.1354217529, 158.159820557, -19.7713565826], [-188.783615112, 222.999267578, 114.620269775, 35.5870437622, 75.4428863525, 59.6014137268, 98.2758636475, 42.5641784668, 113.520080566, 77.1354217529, 148.983047485, 65.9888153076, 71.4228439331], [552.117675781, -415.927124023, 333.903320312, 42.7761192322, 71.328704834, 127.879547119, 13.5004997253, 150.69833374, 39.4494400024, 158.159820557, 65.9888153076, 175.479827881, 28.618391037], [-335.632446289, 263.115020752, -75.9574966431, 11.1901931763, 31.3609848022, -34.1140441895, 48.4229469299, -35.8133125305, 41.881439209, -19.7713565826, 71.4228439331, 28.618391037, 108.434188843]],
        "icov": [[0.000113104702905, -0.000103471320472, 0.000177893816726, -0.00024537279387, 0.000103894097265, -0.000128253304865, 0.000243783550104, -0.000288783077849, 0.000108052794531, -0.000211955048144, 0.000238903900026, -0.00058659556089, 0.000393532041926], [-0.000103471320472, 0.00118646037299, -0.000317290861858, 0.000700061093085, -0.000302758679027, 0.000222858812776, -0.00111387798097, 0.00146831257734, -0.00113251432776, 0.000955198192969, -0.00154459651094, 0.00255908514373, -0.00140010309406], [0.000177893816726, -0.000317290861858, 0.00152835797053, -0.000810420082416, -0.000184335731319, -0.00107566360384, 0.000819023349322, -0.00115153519437, -0.00052724435227, -0.00021533817926, 0.000833088124637, -0.00251952395774, 0.00172420952003], [-0.00024537279387, 0.000700061093085, -0.000810420082416, 0.00323802838102, -0.00181088596582, -0.000162074065884, 6.63136961521e-05, -0.000153140266775, 0.000831427867524, 0.000792922393885, -0.0022036943119, 0.00456428807229, -0.00289714359678], [0.000103894097265, -0.000302758679027, -0.000184335731319, -0.00181088596582, 0.005650004372, -0.000294023833703, -0.00403929874301, 0.00267847045325, 8.65103284013e-05, -0.0019881632179, 0.00236362568103, -0.0036161635071, 0.00107745255809], [-0.000128253304865, 0.000222858812776, -0.00107566360384, -0.000162074065884, -0.000294023833703, 0.0060559543781, -0.00263933441602, -0.00181576737668, 0.00143934646621, -0.000259342137724, -0.00144699367229, 0.000771249644458, 0.00104102003388], [0.000243783550104, -0.00111387798097, 0.000819023349322, 6.63136961521e-05, -0.00403929874301, -0.00263933441602, 0.0153306638822, -0.00739612709731, -0.00425390619785, 0.00553058739752, -0.00358075555414, 0.00110793544445, -0.000209175705095], [-0.000288783077849, 0.00146831257734, -0.00115153519437, -0.000153140266775, 0.00267847045325, -0.00181576737668, -0.00739612709731, 0.0185853186995, -0.00659237802029, -0.00977182947099, 0.00884266104549, -0.00126960780472, -0.00187718053348], [0.000108052794531, -0.00113251432776, -0.00052724435227, 0.000831427867524, 8.65103284013e-05, 0.00143934646621, -0.00425390619785, -0.00659237802029, 0.0173923727125, -0.00337828230113, -0.00681234057993, 0.00458616483957, -0.00127936189529], [-0.000211955048144, 0.000955198192969, -0.00021533817926, 0.000792922393885, -0.0019881632179, -0.000259342137724, 0.00553058739752, -0.00977182947099, -0.00337828230113, 0.0234337672591, -0.0119134774432, -0.00479463394731, 0.00627987319604], [0.000238903900026, -0.00154459651094, 0.000833088124637, -0.0022036943119, 0.00236362568103, -0.00144699367229, -0.00358075555414, 0.00884266104549, -0.00681234057993, -0.0119134774432, 0.0269367620349, -0.0095537872985, -0.00608299160376], [-0.00058659556089, 0.00255908514373, -0.00251952395774, 0.00456428807229, -0.0036161635071, 0.000771249644458, 0.00110793544445, -0.00126960780472, 0.00458616483957, -0.00479463394731, -0.0095537872985, 0.0283241514117, -0.0137149756774], [0.000393532041926, -0.00140010309406, 0.00172420952003, -0.00289714359678, 0.00107745255809, 0.00104102003388, -0.000209175705095, -0.00187718053348, -0.00127936189529, 0.00627987319604, -0.00608299160376, -0.0137149756774, 0.0240993089974]]
    },
    "melbands": {
        "dmean": [0.00136938388459, 0.00156445184257, 0.000817193184048, 0.000357293378329, 0.000178049114766, 0.00015234266175, 8.41197252157e-05, 2.62075645878e-05, 2.75177717413e-05, 4.26511942351e-05, 2.50911416515e-05, 2.62782104983e-05, 2.44837792707e-05, 2.29499873967e-05, 2.81786378764e-05, 2.74971625913e-05, 2.03653744393e-05, 2.36162850342e-05, 1.95734974113e-05, 1.96406363102e-05, 2.19769208343e-05, 1.77042693394e-05, 1.88874419109e-05, 1.62952455867e-05, 1.3998886061e-05, 1.47065857163e-05, 1.74045926542e-05, 1.01830373751e-05, 7.64754440752e-06, 6.90461411068e-06, 4.93918287248e-06, 3.96847008233e-06, 4.11032442571e-06, 3.78859817829e-06, 3.1087795378e-06, 2.40444865085e-06, 2.21156051339e-06, 1.70844521108e-06, 1.45323576817e-06, 1.35889069952e-06],
        "dmean2": [0.00196514092386, 0.00224017398432, 0.00144024426118, 0.000667089014314, 0.000315583718475, 0.000267765164608, 0.000147401544382, 4.51925807283e-05, 4.71786515845e-05, 7.08809311618e-05, 4.26539845648e-05, 4.5227825467e-05, 4.32564556831e-05, 3.88738881156e-05, 4.95475251228e-05, 4.8679743486e-05, 3.57883473043e-05, 4.15777976741e-05, 3.19600694638e-05, 3.14212193189e-05, 3.5678713175e-05, 2.74398353213e-05, 2.89935014735e-05, 2.54305123235e-05, 2.18947261601e-05, 2.21983355004e-05, 2.65233102255e-05, 1.52687280206e-05, 1.22433548313e-05, 1.07829710032e-05, 7.87967928773e-06, 6.02374757364e-06, 6.38202163827e-06, 5.81900349061e-06, 4.77303228763e-06, 3.70255338566e-06, 3.40112069352e-06, 2.54990482063e-06, 2.17568799599e-06, 2.05669675779e-06],
        "dvar": [4.03162175644e-06, 2.06395070563e-05, 9.99788062472e-06, 2.09540075957e-06, 3.39941863103e-07, 9.79154677339e-08, 3.743276622e-08, 2.93221025238e-09, 3.27118043764e-09, 1.23311245659e-08, 4.18886081377e-09, 3.83041420804e-09, 3.64187391355e-09, 1.78299275344e-09, 3.53706464118e-09, 4.5186006048e-09, 2.03426187007e-09, 4.4021759571e-09, 1.48437584446e-09, 1.62376634361e-09, 2.00658178962e-09, 1.33726685281e-09, 1.47122714012e-09, 1.09802333892e-09, 1.03210850977e-09, 1.09431497197e-09, 1.46427359127e-09, 3.70555919282e-10, 2.45055004067e-10, 2.1410681561e-10, 1.01754132897e-10, 5.39617517337e-11, 7.12666037295e-11, 5.00731157926e-11, 3.10794827374e-11, 1.67072362889e-11, 1.51639100582e-11, 9.2688825365e-12, 6.58938181797e-12, 6.70213710918e-12],
        "dvar2": [8.86427369551e-06, 4.27113191108e-05, 2.72121123999e-05, 6.09741618973e-06, 9.89071736512e-07, 2.76958076029e-07, 1.05364811986e-07, 7.86335974112e-09, 8.63079119284e-09, 2.89179293844e-08, 1.13690585835e-08, 9.85685133514e-09, 1.01639541228e-08, 4.64707916592e-09, 9.74451896951e-09, 1.27294166319e-08, 5.63524693575e-09, 1.25938202089e-08, 3.7626590732e-09, 3.76594666562e-09, 4.95019358837e-09, 2.90382229373e-09, 3.5846123847e-09, 2.65354471729e-09, 2.52878606943e-09, 2.57308485629e-09, 3.22196713753e-09, 7.67010621683e-10, 6.24618190503e-10, 4.42430342362e-10, 2.38076780512e-10, 1.06581320158e-10, 1.65699787225e-10, 1.09680278748e-10, 6.67367203167e-11, 3.56137584701e-11, 3.19868680154e-11, 1.98433561249e-11, 1.43125311949e-11, 1.3725420106e-11],
        "max": [0.0185764227062, 0.0355790071189, 0.0240593664348, 0.0112784681842, 0.00497832708061, 0.00312309269793, 0.0036277459003, 0.000756194232963, 0.000822506670374, 0.00254542590119, 0.00191301957238, 0.00149083894212, 0.000758564565331, 0.000619076134171, 0.000795203319285, 0.000781539885793, 0.000522675167304, 0.00062683474971, 0.000348616973497, 0.000425236823503, 0.000426797836553, 0.000315828394378, 0.000310305331368, 0.000298517756164, 0.000280822336208, 0.000283006753307, 0.000334968644893, 0.000207161501748, 0.000150191088323, 0.000125628721435, 9.47063308558e-05, 5.93891309109e-05, 8.49171119626e-05, 6.45351246931e-05, 6.19506463408e-05, 3.52469323843e-05, 3.15365323331e-05, 2.77029066638e-05, 2.10651705856e-05, 2.94992078125e-05],
        "mean": [0.00561983603984, 0.0021859484259, 0.000605987792369, 0.000253776001045, 0.000161049872986, 0.000148233855725, 8.06949101388e-05, 2.73797504633e-05, 2.84742636723e-05, 4.43823773821e-05, 2.88556857413e-05, 2.86067825073e-05, 2.36305077124e-05, 2.62300709437e-05, 2.80074236798e-05, 2.63221572823e-05, 2.11631650018e-05, 1.95852808247e-05, 1.97761601157e-05, 2.01699258469e-05, 2.01285565709e-05, 1.83807496796e-05, 1.8694317987e-05, 1.68773076439e-05, 1.39791945912e-05, 1.459025043e-05, 1.61501811817e-05, 1.04908058347e-05, 7.39969073038e-06, 7.37228856451e-06, 5.07669938088e-06, 4.14226497014e-06, 3.82952066502e-06, 3.8194134504e-06, 3.03181468553e-06, 2.48288529292e-06, 2.25130884246e-06, 1.75546847458e-06, 1.47538810324e-06, 1.43788645346e-06],
        "median": [0.0059916479513, 0.000765513803344, 8.08099503047e-05, 3.54254116246e-05, 4.02496298193e-05, 5.11497055413e-05, 2.01484981517e-05, 7.82536881161e-06, 8.75913883647e-06, 9.29093130253e-06, 1.14931990538e-05, 1.15606844702e-05, 7.67916571931e-06, 1.03344709714e-05, 7.09981895852e-06, 7.2977900345e-06, 5.5561517911e-06, 3.7651598177e-06, 4.50444622402e-06, 3.15027909892e-06, 2.79139635495e-06, 1.70012344824e-06, 2.44268881033e-06, 1.88633191556e-06, 1.17830006729e-06, 1.12861721391e-06, 7.95462312908e-07, 6.17571515704e-07, 4.87668330607e-07, 4.5338288146e-07, 3.6005994275e-07, 5.01709848777e-07, 4.06820106491e-07, 7.94917866642e-07, 4.89428657602e-07, 3.60546692946e-07, 3.72477330757e-07, 3.45892885889e-07, 2.46540167836e-07, 2.21034156311e-07],
        "min": [7.62746453815e-24, 1.01462571766e-23, 1.00937916155e-23, 1.09476759586e-23, 1.21213495243e-23, 1.3728169258e-23, 1.11500590127e-23, 7.94882043852e-24, 1.30049431579e-23, 8.06223339314e-24, 7.12313787283e-24, 7.56571881737e-24, 6.55287032444e-24, 5.70752382297e-24, 6.26904250948e-24, 5.0866883184e-24, 6.33100437814e-24, 1.49483714176e-23, 1.38805961176e-23, 1.22752223658e-23, 1.15600181922e-23, 7.3374185271e-24, 9.07100426405e-24, 1.07043044807e-23, 9.96760463627e-24, 2.05366415598e-23, 1.10866653615e-23, 9.43898184393e-24, 8.46232944478e-24, 8.36740029002e-24, 5.73275830003e-24, 7.49963041732e-24, 7.65218191689e-24, 7.35728677786e-24, 9.60586536843e-24, 9.67689598206e-24, 1.35272400746e-23, 7.7916935457e-24, 7.52601071485e-24, 1.01892437851e-23],
        "var": [1.91448634723e-05, 2.63398687821e-05, 6.49005278319e-06, 1.14706870136e-06, 2.06357910315e-07, 7.2280222696e-08, 2.82417023101e-08, 2.8297948429e-09, 3.13897730031e-09, 1.57618362806e-08, 3.82677045607e-09, 4.01038580122e-09, 2.56239252039e-09, 1.85645820938e-09, 2.98835822754e-09, 3.14973069848e-09, 1.71937075688e-09, 2.70054911766e-09, 1.41777134477e-09, 1.83034409851e-09, 1.95214866494e-09, 1.67085556502e-09, 1.63393698571e-09, 1.29170996122e-09, 1.08478037664e-09, 1.2337153521e-09, 1.63613445014e-09, 5.0587406486e-10, 2.51245885208e-10, 2.82921575057e-10, 1.25406560136e-10, 7.29150351209e-11, 7.57938573015e-11, 6.05469285819e-11, 3.79339858136e-11, 2.20008802843e-11, 1.96147039583e-11, 1.22856065599e-11, 8.59919427332e-12, 8.99213776356e-12]
    },
    "mfcc": {
        "mean": [-698.209411621, 103.923141479, 5.37246751785, 27.2691802979, 13.1888256073, 15.8491306305, 8.27609348297, 9.65352725983, 1.38683366776, 4.3722205162, 2.98115730286, 3.44013786316, 5.59705972672],
        "cov": [[10148.3720703, -2460.73242188, -382.83001709, 164.539245605, 176.492553711, -52.293132782, 1.27019965649, -79.6655807495, -21.5357990265, 63.2599601746, 36.8029708862, 172.243408203, 66.9741439819], [-2460.73242188, 2911.78613281, -434.957244873, -88.5912628174, -253.97164917, 42.0881080627, -46.0532493591, -5.97431087494, -19.9612007141, -68.6210403442, -21.7857189178, -75.1186676025, -59.4860801697], [-382.83001709, -434.957244873, 1498.11743164, 206.812271118, 466.116119385, 293.24520874, 278.78604126, 343.174865723, 260.881256104, 350.713439941, 304.757263184, 207.474533081, 236.313690186], [164.539245605, -88.5912628174, 206.812271118, 471.261199951, 223.596862793, 149.108764648, 125.712844849, 78.941619873, 84.6241455078, 47.563419342, 32.7412109375, 66.6711044312, 53.2129402161], [176.492553711, -253.97164917, 466.116119385, 223.596862793, 352.863647461, 212.298034668, 175.957244873, 152.570587158, 121.425979614, 125.672935486, 113.769020081, 110.480102539, 108.913536072], [-52.293132782, 42.0881080627, 293.24520874, 149.108764648, 212.298034668, 251.582977295, 171.487915039, 143.394592285, 95.8767318726, 96.277671814, 96.7015686035, 78.9831008911, 74.454750061], [1.27019965649, -46.0532493591, 278.78604126, 125.712844849, 175.957244873, 171.487915039, 198.531936646, 148.048828125, 115.187156677, 103.477760315, 99.7999954224, 85.204536438, 78.8994750977], [-79.6655807495, -5.97431087494, 343.174865723, 78.941619873, 152.570587158, 143.394592285, 148.048828125, 207.159179688, 150.459289551, 149.606384277, 123.198074341, 89.3175811768, 84.7648391724], [-21.5357990265, -19.9612007141, 260.881256104, 84.6241455078, 121.425979614, 95.8767318726, 115.187156677, 150.459289551, 165.948272705, 149.380630493, 115.212631226, 83.137802124, 72.9406967163], [63.2599601746, -68.6210403442, 350.713439941, 47.563419342, 125.672935486, 96.277671814, 103.477760315, 149.606384277, 149.380630493, 203.447372437, 161.218795776, 102.049751282, 89.0738754272], [36.8029708862, -21.7857189178, 304.757263184, 32.7412109375, 113.769020081, 96.7015686035, 99.7999954224, 123.198074341, 115.212631226, 161.218795776, 173.748199463, 118.382614136, 95.452003479], [172.243408203, -75.1186676025, 207.474533081, 66.6711044312, 110.480102539, 78.9831008911, 85.204536438, 89.3175811768, 83.137802124, 102.049751282, 118.382614136, 130.682952881, 99.0715560913], [66.9741439819, -59.4860801697, 236.313690186, 53.2129402161, 108.913536072, 74.454750061, 78.8994750977, 84.7648391724, 72.9406967163, 89.0738754272, 95.452003479, 99.0715560913, 126.666221619]],
