{
"lowlevel": {
    "average_loudness": 0.913407444954,
    "barkbands_crest": {
        "dmean": 2.82731842995,
        "dmean2": 3.98163485527,
        "dvar": 7.49700927734,
        "dvar2": 15.0109777451,
        "max": 26.4744300842,
        "mean": 14.3131990433,
        "median": 13.6483249664,
        "min": 2.23449420929,
        "var": 39.0793876648
    },
    "barkbands_flatness_db": {
        "dmean": 0.0345749557018,
        "dmean2": 0.048833951354,
        "dvar": 0.00119870901108,
        "dvar2": 0.00239703501575,
        "max": 0.511126220226,
        "mean": 0.182394012809,
        "median": 0.179167076945,
        "min": 0.020293796435,
        "var": 0.00763535220176
    },
    "barkbands_kurtosis": {
        "dmean": 12.3393688202,
        "dmean2": 18.4308433533,
        "dvar": 686.66809082,
        "dvar2": 1489.85498047,
        "max": 846.96661377,
        "mean": 20.8634414673,
        "median": 7.32991409302,
        "min": -1.92695379257,
        "var": 1416.81164551
    },
    "barkbands_skewness": {
        "dmean": 1.03657865524,
        "dmean2": 1.49048793316,
        "dvar": 1.34568619728,
        "dvar2": 2.67996048927,
        "max": 23.3086051941,
        "mean": 3.12627410889,
        "median": 2.4172949791,
        "min": -2.64141321182,
        "var": 7.06868743896
    },
    "barkbands_spread": {
        "dmean": 7.94128322601,
        "dmean2": 12.4908742905,
        "dvar": 130.405075073,
        "dvar2": 308.840698242,
        "max": 123.695716858,
        "mean": 18.7871284485,
        "median": 11.7276601791,
        "min": 0.30415186286,
        "var": 407.45690918
    },
    "dissonance": {
        "dmean": 0.0199467334896,
        "dmean2": 0.0334691591561,
        "dvar": 0.000397759053158,
        "dvar2": 0.00106463988777,
        "max": 0.500000119209,
        "mean": 0.462796628475,
        "median": 0.471213817596,
        "min": 0.24135120213,
        "var": 0.000929421745241
    },
    "dynamic_complexity": 4.62933015823,
    "erbbands_crest": {
        "dmean": 2.79952645302,
        "dmean2": 4.53222513199,
        "dvar": 7.19947147369,
        "dvar2": 16.9172439575,
        "max": 29.4763431549,
        "mean": 8.30066204071,
        "median": 7.23360157013,
        "min": 2.08581829071,
        "var": 19.7405929565
    },
    "erbbands_flatness_db": {
        "dmean": 0.0229791104794,
        "dmean2": 0.0348025709391,
        "dvar": 0.00066467828583,
        "dvar2": 0.00140722387005,
        "max": 0.448551118374,
        "mean": 0.145425572991,
        "median": 0.117394424975,
        "min": 0.0341620519757,
        "var": 0.00630480702966
    },
    "erbbands_kurtosis": {
        "dmean": 1.59893906116,
        "dmean2": 2.62392640114,
        "dvar": 8.40772914886,
        "dvar2": 22.2038383484,
        "max": 78.1531524658,
        "mean": 0.895746350288,
        "median": -0.253692388535,
        "min": -1.78902328014,
        "var": 12.658372879
    },
    "erbbands_skewness": {
        "dmean": 0.537537574768,
        "dmean2": 0.806977570057,
        "dvar": 0.270791083574,
        "dvar2": 0.598027288914,
        "max": 7.73493337631,
        "mean": 0.619865715504,
        "median": 0.50844335556,
        "min": -3.1015920639,
        "var": 0.942314743996
    },
    "erbbands_spread": {
        "dmean": 14.3718662262,
        "dmean2": 22.6455516815,
        "dvar": 254.477844238,
        "dvar2": 604.407531738,
        "max": 184.79598999,
        "mean": 49.5873908997,
        "median": 45.7557029724,
        "min": 1.06318116188,
        "var": 813.15637207
    },
    "hfc": {
        "dmean": 12.4699764252,
        "dmean2": 18.7559661865,
        "dvar": 849.645874023,
        "dvar2": 1685.33374023,
        "max": 325.377868652,
        "mean": 17.4181747437,
        "median": 7.18478059769,
        "min": 1.11972792543e-16,
        "var": 1230.39111328
    },
    "melbands_crest": {
        "dmean": 3.6654419899,
        "dmean2": 5.36688518524,
        "dvar": 13.5729055405,
        "dvar2": 28.6870079041,
        "max": 37.4515953064,
        "mean": 20.9383487701,
        "median": 19.7459335327,
        "min": 1.87826299667,
        "var": 81.6683502197
    },
    "melbands_flatness_db": {
        "dmean": 0.0413446985185,
        "dmean2": 0.0577777698636,
        "dvar": 0.00175135338213,
        "dvar2": 0.00331653584726,
        "max": 0.654432952404,
        "mean": 0.259930849075,
        "median": 0.260004192591,
        "min": 0.00721889454871,
        "var": 0.0125251226127
    },
    "melbands_kurtosis": {
        "dmean": 29.6494197845,
        "dmean2": 44.1465339661,
        "dvar": 4114.00195312,
        "dvar2": 8608.20605469,
        "max": 1609.81896973,
        "mean": 58.2923355103,
        "median": 18.3739814758,
        "min": -1.76878619194,
        "var": 10494.6064453
    },
    "melbands_skewness": {
        "dmean": 1.42143416405,
        "dmean2": 2.08363747597,
        "dvar": 2.98256754875,
        "dvar2": 5.97342920303,
        "max": 32.3380241394,
        "mean": 4.80068254471,
        "median": 3.37627506256,
        "min": -0.695447087288,
        "var": 15.772605896
    },
    "melbands_spread": {
        "dmean": 7.48114442825,
        "dmean2": 11.0773677826,
        "dvar": 174.883026123,
        "dvar2": 333.954345703,
        "max": 212.213317871,
        "mean": 17.3432636261,
        "median": 9.02631092072,
        "min": 0.229758292437,
        "var": 615.462402344
    },
    "pitch_salience": {
        "dmean": 0.0832156538963,
        "dmean2": 0.124161958694,
        "dvar": 0.0087924785912,
        "dvar2": 0.0180553626269,
        "max": 0.891609191895,
        "mean": 0.464191973209,
        "median": 0.505606532097,
        "min": 0.0263635851443,
        "var": 0.0431607030332
    },
    "silence_rate_20dB": {
        "dmean": 0,
        "dmean2": 0,
        "dvar": 0,
        "dvar2": 0,
        "max": 1,
        "mean": 1,
        "median": 1,
        "min": 1,
        "var": 0
    },
    "silence_rate_30dB": {
        "dmean": 0.0310040153563,
        "dmean2": 0.0620130114257,
        "dvar": 0.0300380773842,
        "dvar2": 0.0848412811756,
        "max": 1,
        "mean": 0.982009470463,
        "median": 1,
        "min": 0,
        "var": 0.0176645386964
    },
    "silence_rate_60dB": {
        "dmean": 0.0268273092806,
        "dmean2": 0.0536589287221,
        "dvar": 0.0261113978922,
        "dvar2": 0.0604108572006,
        "max": 1,
        "mean": 0.159183993936,
        "median": 0,
        "min": 0,
        "var": 0.133856877685
    },
    "spectral_centroid": {
        "dmean": 357.314453125,
        "dmean2": 532.878601074,
        "dvar": 184265.75,
        "dvar2": 344322.28125,
        "max": 11120.8164062,
        "mean": 1191.765625,
        "median": 939.41394043,
        "min": 98.3999938965,
        "var": 651716.0625
    },
    "spectral_complexity": {
        "dmean": 4.57734918594,
        "dmean2": 6.75957918167,
        "dvar": 42.1603317261,
        "dvar2": 75.4886627197,
        "max": 64,
        "mean": 12.8656330109,
        "median": 9,
        "min": 0,
        "var": 146.30065918
    },
    "spectral_decrease": {
        "dmean": 2.61337440577e-09,
        "dmean2": 3.67942987189e-09,
        "dvar": 2.24726857175e-17,
        "dvar2": 5.00118129823e-17,
        "max": 2.02659189491e-21,
        "mean": -8.1037292432e-09,
        "median": -6.06551875393e-09,
        "min": -4.50753212533e-08,
        "var": 6.06165959987e-17
    },
    "spectral_energy": {
        "dmean": 0.0106796734035,
        "dmean2": 0.0150542203337,
        "dvar": 0.000359708588803,
        "dvar2": 0.000807549513411,
        "max": 0.176256507635,
        "mean": 0.0321652553976,
        "median": 0.0248539876193,
        "min": 1.03359279076e-20,
        "var": 0.000930051202886
    },
    "spectral_energyband_high": {
        "dmean": 0.00109938147943,
        "dmean2": 0.00162009941414,
        "dvar": 9.31518206926e-06,
        "dvar2": 1.77653528226e-05,
        "max": 0.0375005826354,
        "mean": 0.00124785967637,
        "median": 0.000204827883863,
        "min": 7.51887628206e-21,
        "var": 1.27538014567e-05
    },
    "spectral_energyband_low": {
        "dmean": 0.00655680941418,
        "dmean2": 0.00868658721447,
        "dvar": 0.000212214785279,
        "dvar2": 0.000440450327005,
        "max": 0.161598294973,
        "mean": 0.0209842473269,
        "median": 0.00520850578323,
        "min": 4.14717336075e-23,
        "var": 0.000710915308446
    },
    "spectral_energyband_middle_high": {
        "dmean": 0.00146004185081,
        "dmean2": 0.0022724783048,
        "dvar": 1.2135351426e-05,
        "dvar2": 2.68592466455e-05,
        "max": 0.0525164976716,
        "mean": 0.00207344302908,
        "median": 0.000687431078404,
        "min": 1.43528639806e-21,
        "var": 1.69762970472e-05
    },
    "spectral_energyband_middle_low": {
        "dmean": 0.00582340825349,
        "dmean2": 0.00995554495603,
        "dvar": 0.000192507432075,
        "dvar2": 0.00053058960475,
        "max": 0.119014747441,
        "mean": 0.00864272378385,
        "median": 0.00425948947668,
        "min": 2.0784432552e-22,
        "var": 0.000178683796548
    },
    "spectral_entropy": {
        "dmean": 0.266193896532,
        "dmean2": 0.399955332279,
        "dvar": 0.0927257537842,
        "dvar2": 0.204986155033,
        "max": 9.79609012604,
        "mean": 7.59849691391,
        "median": 7.77234649658,
        "min": 4.71439933777,
        "var": 0.484285950661
    },
    "spectral_flux": {
        "dmean": 0.028456972912,
        "dmean2": 0.0414941199124,
        "dvar": 0.00198531732894,
        "dvar2": 0.00337800197303,
        "max": 0.397443979979,
        "mean": 0.0747883841395,
        "median": 0.0575549937785,
        "min": 1.05582750876e-10,
        "var": 0.00474899215624
    },
    "spectral_kurtosis": {
        "dmean": 3.22041988373,
        "dmean2": 5.26828813553,
        "dvar": 40.9785842896,
        "dvar2": 102.368865967,
        "max": 205.215759277,
        "mean": 6.87127494812,
        "median": 2.94541978836,
        "min": -1.3151768446,
        "var": 131.634521484
    },
    "spectral_rms": {
        "dmean": 0.000832453137264,
        "dmean2": 0.00114492070861,
        "dvar": 1.41947441534e-06,
        "dvar2": 2.93465586765e-06,
        "max": 0.0131132593378,
        "mean": 0.00482076406479,
        "median": 0.00492420466617,
        "min": 3.17550499784e-12,
        "var": 8.14085069578e-06
    },
    "spectral_rolloff": {
        "dmean": 708.879211426,
        "dmean2": 1173.7911377,
        "dvar": 2949176.5,
        "dvar2": 7228895.5,
        "max": 18410.8886719,
        "mean": 1457.97387695,
        "median": 452.197265625,
        "min": 64.599609375,
        "var": 7739377.5
    },
    "spectral_skewness": {
        "dmean": 0.381152302027,
        "dmean2": 0.595249652863,
        "dvar": 0.231258094311,
        "dvar2": 0.557141780853,
        "max": 11.6357393265,
        "mean": 1.76681101322,
        "median": 1.46352910995,
        "min": -0.800206303596,
        "var": 0.974130809307
    },
    "spectral_spread": {
        "dmean": 1074138.75,
        "dmean2": 1670227.5,
        "dvar": 2.94805438464e+12,
        "dvar2": 6.49116830925e+12,
        "max": 48919868,
        "mean": 5621620.5,
        "median": 5613504.5,
        "min": 503399.84375,
        "var": 7.6957703209e+12
    },
    "spectral_strongpeak": {
        "dmean": 0.225397273898,
        "dmean2": 0.370746195316,
        "dvar": 0.137776225805,
        "dvar2": 0.332908004522,
        "max": 7.63630008698,
        "mean": 0.519101560116,
        "median": 0.416823834181,
        "min": 0,
        "var": 0.251026034355
    },
    "zerocrossingrate": {
        "dmean": 0.0155382864177,
        "dmean2": 0.0187309533358,
        "dvar": 0.000412078370573,
        "dvar2": 0.00058523012558,
        "max": 0.49951171875,
        "mean": 0.0566968619823,
        "median": 0.0361328125,
        "min": 0.001953125,
        "var": 0.0040142792277
    },
    "barkbands": {
        "dmean": [0.00073315075133, 0.00445323297754, 0.00269630318508, 0.00184365082532, 0.00238497415558, 0.0013237100793, 0.00120253150817, 0.000250758428592, 0.000322606007103, 0.000268639414571, 0.000129809690407, 0.000195575456019, 0.000174655549927, 0.000161444171681, 0.000157641392434, 0.000187031866517, 0.000139477197081, 0.000157177681103, 0.000206964105018, 0.000170107698068, 0.000224418530706, 0.000225378957111, 0.000179058115464, 0.000142492572195, 0.000128529893118, 0.000116522227472, 3.02563203149e-05],
        "dmean2": [0.000807877106126, 0.00562944170088, 0.00443262560293, 0.00343975308351, 0.00401171622798, 0.00215898640454, 0.00205066613853, 0.000407878746046, 0.000548283627722, 0.000468595215352, 0.000217201755731, 0.000331756658852, 0.000306716392515, 0.000265970506007, 0.000265374372248, 0.000316653837217, 0.000221584472456, 0.000250315060839, 0.000321820611134, 0.000251718971413, 0.000334749958711, 0.00033496710239, 0.000269397889497, 0.000209982928936, 0.000199300135137, 0.000199220929062, 5.15469546372e-05],
        "dvar": [1.73537500814e-06, 6.48712812108e-05, 0.000111352681415, 5.27207230334e-05, 3.84494414902e-05, 7.54037591832e-06, 1.26192799144e-05, 3.83728689712e-07, 5.41472331861e-07, 3.15632661341e-07, 9.36658963724e-08, 2.91766781402e-07, 2.17691663806e-07, 1.17312822567e-07, 1.6754793819e-07, 2.97232446655e-07, 1.49435081198e-07, 2.73655217597e-07, 3.34994155082e-07, 2.76875113059e-07, 5.38406482065e-07, 5.71538919303e-07, 2.92404308766e-07, 1.63765946581e-07, 8.71992398288e-08, 5.58617294644e-08, 4.44884928896e-09],
        "dvar2": [1.6082149159e-06, 0.000136766568176, 0.000281807297142, 0.000151293279487, 0.000107557323645, 1.80352653842e-05, 3.40043916367e-05, 9.33140029247e-07, 1.39650683195e-06, 8.64340904627e-07, 2.19990226924e-07, 7.25073277863e-07, 5.98307963173e-07, 2.82721543954e-07, 4.22024839963e-07, 7.71307384184e-07, 3.253620946e-07, 6.32815670087e-07, 7.3813794188e-07, 4.61606504132e-07, 1.13655869427e-06, 1.12995235213e-06, 5.90941510836e-07, 2.89311174129e-07, 1.89378155824e-07, 1.35890459774e-07, 1.0461477018e-08],
        "max": [0.0141562270001, 0.135490089655, 0.121429651976, 0.0571673735976, 0.0696494653821, 0.0961299687624, 0.0718337967992, 0.0180250499398, 0.0299393311143, 0.0103314304724, 0.00479890126735, 0.00936846714467, 0.00700703449547, 0.00686454027891, 0.00537066021934, 0.00678784959018, 0.0050659077242, 0.00955429207534, 0.00677817733958, 0.00689036631957, 0.00979773141444, 0.0105739859864, 0.00735283177346, 0.00571259949356, 0.00324528827332, 0.00223762402311, 0.000660000718199],
        "mean": [0.00162853789516, 0.0165493581444, 0.00206258543767, 0.00125361187384, 0.00293622538447, 0.0019739412237, 0.00163768406492, 0.000342088373145, 0.000420031021349, 0.000325438188156, 0.000156165770022, 0.000225154188229, 0.000180492846994, 0.000204823460081, 0.00016796917771, 0.000183096242836, 0.000160586059792, 0.000174479660927, 0.000233602913795, 0.0002114619856, 0.000242956841248, 0.000242275040364, 0.000196878623683, 0.000178901143954, 0.000143509547343, 0.000104138191091, 2.91971518891e-05],
        "median": [0.000235928586335, 0.0037752664648, 5.95457095187e-05, 9.22255421756e-05, 0.00109350658022, 0.00073826010339, 0.000388866988942, 9.39367600949e-05, 0.000186473844224, 0.000117211071483, 2.82683795376e-05, 7.25855788914e-05, 4.19419557147e-05, 6.77070056554e-05, 3.7561490899e-05, 3.45442240359e-05, 3.32992240146e-05, 2.9765196814e-05, 3.24258653563e-05, 2.91254837066e-05, 2.93964312732e-05, 3.01887885144e-05, 2.63685869868e-05, 2.47541811405e-05, 2.0168179617e-05, 7.30870488042e-06, 2.09583276956e-06],
        "min": [2.56624735508e-24, 4.8407104441e-24, 1.40545383695e-23, 9.07564039959e-24, 5.29942241087e-23, 6.3310789255e-24, 3.33682798654e-23, 3.44577535735e-23, 2.56097981527e-23, 3.14642252312e-23, 3.95956046492e-23, 7.76913133495e-23, 1.28312681721e-22, 7.82692202269e-23, 1.09077337221e-22, 1.61938742397e-22, 1.00838391886e-22, 1.04957482745e-22, 2.72871127058e-22, 2.16418751311e-22, 5.37028332474e-22, 4.358162414e-22, 6.51441688941e-22, 8.26915858211e-22, 1.19412588905e-21, 1.5685101365e-21, 2.32592242647e-21],
        "var": [8.32467503642e-06, 0.000428045197623, 8.46137336339e-05, 2.99809998978e-05, 3.25743530993e-05, 1.37370361699e-05, 1.73057196662e-05, 5.71313705677e-07, 7.89542241364e-07, 3.58078267482e-07, 1.3325278303e-07, 2.89997359459e-07, 1.81865701165e-07, 1.57109056431e-07, 1.64926461821e-07, 2.59907238842e-07, 1.7855595047e-07, 2.93352428571e-07, 4.13294714008e-07, 4.34808072214e-07, 6.523043794e-07, 7.01671581282e-07, 3.61150028994e-07, 2.49574611644e-07, 1.12199273872e-07, 5.37215960605e-08, 4.63623495151e-09]
    },
    "erbbands": {
        "dmean": [0.214085832238, 0.991510033607, 2.84555029869, 5.32232379913, 5.08820915222, 9.80849933624, 10.3706760406, 11.6712198257, 21.4071788788, 7.36796617508, 5.26746845245, 6.31348848343, 8.69400310516, 7.29245853424, 5.64053344727, 7.21116828918, 7.01767206192, 7.63060760498, 9.09096813202, 8.14468860626, 10.3924894333, 8.0806016922, 8.02880477905, 9.72775745392, 9.87320804596, 7.67118167877, 9.32834434509, 8.65519142151, 7.40992641449, 6.99034261703, 5.03793668747, 3.25750660896, 2.28641343117, 1.38490962982, 0.956190705299, 0.533725857735, 0.216975346208, 0.0394801981747, 0.00553386146203, 0.000291533535346],
        "dmean2": [0.190521985292, 1.35406017303, 4.55786800385, 9.70811653137, 8.96169567108, 16.4527931213, 17.9560699463, 18.5387001038, 36.6225204468, 11.6134252548, 8.77234649658, 10.7247343063, 15.0212106705, 12.4363718033, 9.50508403778, 12.2613592148, 12.2446088791, 12.902053833, 15.1047649384, 13.6358337402, 17.3308753967, 12.6791305542, 12.8824443817, 15.1896800995, 14.8342151642, 11.0254039764, 14.3501672745, 12.5549583435, 10.8161649704, 10.5006065369, 7.67148065567, 4.87238883972, 3.3504281044, 2.0778131485, 1.55049669743, 0.894777953625, 0.375278323889, 0.0681032687426, 0.00944645423442, 0.000497033819556],
        "dvar": [0.0942826792598, 4.77582788467, 108.768608093, 454.443206787, 249.985336304, 616.066772461, 487.115997314, 626.94732666, 4016.79003906, 372.436920166, 199.303970337, 253.127502441, 287.564880371, 270.599182129, 162.746780396, 396.915466309, 327.16796875, 334.692779541, 459.129089355, 422.823364258, 996.625244141, 533.03729248, 708.988769531, 848.756164551, 807.277587891, 505.03302002, 915.678466797, 828.673339844, 515.035400391, 580.677856445, 236.87512207, 82.13331604, 43.5116882324, 12.2397756577, 4.45329523087, 1.19275975227, 0.193737432361, 0.00680032698438, 0.000148288134369, 4.55927988696e-07],
        "dvar2": [0.0925328880548, 10.674911499, 252.111038208, 1292.90234375, 707.215820312, 1694.10009766, 1346.43139648, 1441.1394043, 10861.0810547, 780.704406738, 489.611022949, 597.481994629, 777.325561523, 702.324829102, 405.385772705, 967.971801758, 893.14239502, 832.793151855, 1130.43725586, 1044.17468262, 2550.10961914, 1150.24133301, 1621.86181641, 1925.14624023, 1556.49511719, 828.745788574, 1937.66040039, 1707.09362793, 924.190856934, 1224.29956055, 494.802703857, 142.436737061, 81.9743118286, 25.3403682709, 10.2341880798, 2.88415789604, 0.470312088728, 0.0161537472159, 0.000349131820258, 1.11558517801e-06],
        "max": [6.75695085526, 20.7309436798, 116.843719482, 170.926727295, 153.5831604, 289.424804688, 431.387023926, 923.211303711, 1259.09216309, 747.377807617, 482.928436279, 888.648071289, 313.094268799, 380.459838867, 250.652160645, 334.663879395, 308.123016357, 334.660705566, 349.019012451, 278.672363281, 411.748046875, 350.655181885, 493.05847168, 456.209960938, 346.534240723, 307.324554443, 398.674743652, 392.488800049, 298.09173584, 341.355499268, 206.362594604, 122.694580078, 90.4039535522, 42.2566146851, 22.5009326935, 11.1059274673, 4.04300546646, 0.792886316776, 0.125835895538, 0.00757243158296],
        "mean": [0.804645597935, 2.37897014618, 2.58430433273, 3.66516089439, 4.71940326691, 11.548122406, 13.0774841309, 18.7865715027, 29.7286472321, 11.230796814, 7.14267873764, 8.46425056458, 11.2014551163, 9.28252029419, 7.40311574936, 8.54622077942, 7.71668767929, 9.24918079376, 10.9174184799, 8.60636520386, 10.4858188629, 9.36110210419, 9.26975154877, 10.7413301468, 11.6606369019, 9.55441665649, 10.0718669891, 9.45343017578, 8.41560935974, 7.25705099106, 5.45065259933, 4.00394248962, 2.81302142143, 1.66717505455, 0.982206761837, 0.493655085564, 0.188994184136, 0.0369633771479, 0.00520981755108, 0.000305427762214],
        "median": [0.160617679358, 0.51837003231, 0.225892081857, 0.278489947319, 1.2342247963, 3.68978953362, 5.13406991959, 6.71855592728, 8.36957168579, 3.04785275459, 2.26696157455, 3.64697551727, 4.97885656357, 3.09102416039, 2.16647672653, 2.5058863163, 1.88380384445, 2.80965304375, 3.43721938133, 1.61161494255, 2.18280482292, 1.99623250961, 1.70787501335, 1.64831387997, 1.62825870514, 1.30904126167, 1.33433938026, 1.06054759026, 1.06355953217, 0.913764417171, 0.713453292847, 0.541022062302, 0.417253166437, 0.249073565006, 0.116008512676, 0.040905687958, 0.0113856885582, 0.00233655725606, 0.000346154876752, 7.01526150806e-05],
        "min": [2.83606249179e-22, 8.20833223139e-22, 1.10139736718e-20, 3.01814521013e-20, 9.29500786374e-20, 2.13825723056e-19, 9.30924441757e-20, 7.32206965794e-20, 3.9560525426e-19, 6.41296792095e-19, 7.40537010604e-19, 4.95733373609e-19, 7.61807753261e-19, 1.30218287546e-18, 1.71644619656e-18, 4.02913968828e-18, 6.28054333592e-18, 5.42220820636e-18, 5.23380789569e-18, 5.7743828337e-18, 1.14660368528e-17, 7.00426350618e-18, 5.80088818207e-18, 1.22458679927e-17, 1.2796015892e-17, 1.12368515748e-17, 1.37938951501e-17, 2.33528852986e-17, 1.53404581978e-17, 1.94357367663e-17, 1.89929999239e-17, 1.48178090908e-17, 1.32830970598e-17, 1.11495865018e-17, 9.92244751942e-18, 5.04830602588e-18, 3.56968180345e-18, 1.39083678479e-18, 3.36552494288e-19, 3.03203570519e-20],
        "var": [1.19188296795, 11.9494895935, 97.9487075806, 266.949951172, 163.249145508, 555.19329834, 507.37411499, 1264.14123535, 5455.14160156, 701.033081055, 286.79901123, 452.142791748, 344.686279297, 338.13092041, 213.165924072, 414.95300293, 295.55090332, 361.978424072, 525.568054199, 439.913818359, 863.151000977, 643.285949707, 775.783935547, 953.779724121, 1129.53076172, 820.236206055, 1091.51696777, 1041.36425781, 734.58581543, 651.915100098, 277.769805908, 126.079963684, 62.7752876282, 16.8914737701, 5.08352851868, 1.18911576271, 0.182889506221, 0.00691892392933, 0.000153147178935, 4.40185459638e-07]
    },
    "gfcc": {
        "mean": [-68.1557388306, 81.5494766235, -95.0362243652, 19.1884670258, -55.2227478027, 2.18314504623, -35.1248474121, 2.70900535583, -18.1607608795, 6.39723205566, -5.9977183342, 7.1054148674, 0.0625275820494],
        "cov": [[30275.3984375, -2223.79638672, 2058.17675781, 2284.19116211, -500.656677246, 1590.81079102, -239.147689819, 1031.0802002, 93.2340545654, 681.135009766, -70.4143676758, 491.519683838, -288.553527832], [-2223.79638672, 4013.48144531, -1017.31713867, -370.570953369, 447.573547363, -603.555603027, 350.399108887, -241.56463623, 309.618743896, -107.342712402, 371.810852051, -142.594863892, 333.559417725], [2058.17675781, -1017.31713867, 2030.53125, 605.337280273, 289.624786377, 705.36315918, 169.778717041, 450.886627197, 106.665237427, 241.63961792, -69.9716567993, 159.749725342, -94.521232605], [2284.19116211, -370.570953369, 605.337280273, 1072.97314453, 235.789474487, 537.91418457, 288.96295166, 323.023254395, 200.54234314, 165.79057312, 88.3442687988, 105.504440308, 69.0209274292], [-500.656677246, 447.573547363, 289.624786377, 235.789474487, 561.420837402, 199.570495605, 314.603424072, 149.09664917, 134.97303772, 73.9871749878, 94.4772567749, 45.054019928, 81.3531494141], [1590.81079102, -603.555603027, 705.36315918, 537.91418457, 199.570495605, 601.911254883, 212.060577393, 316.786224365, 122.580482483, 149.563247681, 11.2108411789, 114.702430725, -2.00094628334], [-239.147689819, 350.399108887, 169.778717041, 288.96295166, 314.603424072, 212.060577393, 340.605987549, 172.27520752, 175.875, 88.0411529541, 106.330368042, 56.7508888245, 96.0172653198], [1031.0802002, -241.56463623, 450.886627197, 323.023254395, 149.09664917, 316.786224365, 172.27520752, 290.354949951, 132.273742676, 138.213348389, 46.350894928, 82.4738616943, 17.534236908], [93.2340545654, 309.618743896, 106.665237427, 200.54234314, 134.97303772, 122.580482483, 175.875, 132.273742676, 210.010162354, 101.382331848, 109.98033905, 47.7177505493, 78.4990386963], [681.135009766, -107.342712402, 241.63961792, 165.79057312, 73.9871749878, 149.563247681, 88.0411529541, 138.213348389, 101.382331848, 150.698913574, 74.624961853, 70.662322998, 19.6850891113], [-70.4143676758, 371.810852051, -69.9716567993, 88.3442687988, 94.4772567749, 11.2108411789, 106.330368042, 46.350894928, 109.98033905, 74.624961853, 152.321060181, 50.2091026306, 83.654083252], [491.519683838, -142.594863892, 159.749725342, 105.504440308, 45.054019928, 114.702430725, 56.7508888245, 82.4738616943, 47.7177505493, 70.662322998, 50.2091026306, 95.7599563599, 37.8937759399], [-288.553527832, 333.559417725, -94.521232605, 69.0209274292, 81.3531494141, -2.00094628334, 96.0172653198, 17.534236908, 78.4990386963, 19.6850891113, 83.654083252, 37.8937759399, 119.382286072]],
        "icov": [[6.30531794741e-05, -9.38650919124e-05, 4.63870601379e-05, -0.000166161480593, 6.83033940732e-05, -8.62643573782e-05, 0.000249391479883, -0.000169284758158, 0.000148658902617, -0.000240919427597, 0.000233891885728, -0.000397726602387, 0.00022807707137], [-9.38650919124e-05, 0.000888953334652, -0.00016753791715, 0.000483386509586, -0.000428992731031, 0.000590327312239, -0.000723434204701, 0.000465977325803, -0.00103306944948, 0.00116886699107, -0.00187071214896, 0.00218369672075, -0.00120286596939], [4.63870601379e-05, -0.00016753791715, 0.00117767672054, -0.000271072785836, -0.000521954149008, -0.000647486478556, 0.000873542507179, -0.000786353717558, 2.86512058665e-05, -0.00109500670806, 0.00160369067453, -0.00137697195169, 0.000902175088413], [-0.000166161480593, 0.000483386509586, -0.000271072785836, 0.0024548121728, -7.91421916801e-06, -0.0012151064584, -0.00116639537737, 0.000314462202368, -0.00078939658124, 0.000845052069053, -0.00173049804289, 0.00256156967953, -0.00172990316059], [6.83033940732e-05, -0.000428992731031, -0.000521954149008, -7.91421916801e-06, 0.00439348025247, -0.000423602439696, -0.00385613180697, 0.00015731115127, 0.0017526576994, -0.000431633234257, -0.000391488138121, 4.73562686238e-05, 0.00021033246594], [-8.62643573782e-05, 0.000590327312239, -0.000647486478556, -0.0012151064584, -0.000423602439696, 0.0068945037201, -0.00199007499032, -0.00285491440445, -0.00051097618416, 0.00102870096453, 0.00100351276342, -0.00205567618832, 0.000871763506439], [0.000249391479883, -0.000723434204701, 0.000873542507179, -0.00116639537737, -0.00385613180697, -0.00199007499032, 0.0127427037805, -0.00321821682155, -0.00310973613523, 0.000147711994941, 0.00107097555883, -0.00168359884992, -0.00138721638359], [-0.000169284758158, 0.000465977325803, -0.000786353717558, 0.000314462202368, 0.00015731115127, -0.00285491440445, -0.00321821682155, 0.0133797796443, -0.0032419662457, -0.00392138585448, 0.000532234553248, 0.000395695766201, 0.000232408812735], [0.000148658902617, -0.00103306944948, 2.86512058665e-05, -0.00078939658124, 0.0017526576994, -0.00051097618416, -0.00310973613523, -0.0032419662457, 0.0153498202562, -0.00594502687454, -0.00212485459633, 0.00187103287317, -0.00271865492687], [-0.000240919427597, 0.00116886699107, -0.00109500670806, 0.000845052069053, -0.000431633234257, 0.00102870096453, 0.000147711994941, -0.00392138585448, -0.00594502687454, 0.0224622245878, -0.0105612790212, -0.00365550303832, 0.00433095451444], [0.000233891885728, -0.00187071214896, 0.00160369067453, -0.00173049804289, -0.000391488138121, 0.00100351276342, 0.00107097555883, 0.000532234553248, -0.00212485459633, -0.0105612790212, 0.0237090606242, -0.00919899903238, -0.00314851105213], [-0.000397726602387, 0.00218369672075, -0.00137697195169, 0.00256156967953, 4.73562686238e-05, -0.00205567618832, -0.00168359884992, 0.000395695766201, 0.00187103287317, -0.00365550303832, -0.00919899903238, 0.0296428930014, -0.0119952913374], [0.00022807707137, -0.00120286596939, 0.000902175088413, -0.00172990316059, 0.00021033246594, 0.000871763506439, -0.00138721638359, 0.000232408812735, -0.00271865492687, 0.00433095451444, -0.00314851105213, -0.0119952913374, 0.022043120116]]
    },
    "melbands": {
        "dmean": [0.00135905481875, 0.00134335854091, 0.000875039317179, 0.000522988731973, 0.000384957733331, 0.000263842259301, 0.000298283644952, 6.71641973895e-05, 4.26513215643e-05, 4.42712989752e-05, 4.46485864813e-05, 3.15649449476e-05, 1.79623148142e-05, 2.55052218563e-05, 1.58866587299e-05, 1.61542429851e-05, 1.40925794767e-05, 1.5714291294e-05, 1.15841457955e-05, 1.07485357148e-05, 1.355051063e-05, 8.81767027749e-06, 6.71708494338e-06, 7.9112523963e-06, 8.03013699624e-06, 8.08755976323e-06, 6.7084897637e-06, 4.78266247228e-06, 5.98950873609e-06, 5.19132936461e-06, 5.17139960721e-06, 4.25750749855e-06, 4.41687279817e-06, 3.70117913917e-06, 3.20821095556e-06, 2.08133428714e-06, 2.01698981073e-06, 1.68654696608e-06, 1.31928209157e-06, 1.15200498385e-06],
        "dmean2": [0.00140664936043, 0.00201639393345, 0.0015902381856, 0.000873685930856, 0.000661932397634, 0.000422682554927, 0.000507210206706, 0.000104427468614, 7.16815411579e-05, 7.543607353e-05, 7.72929342929e-05, 5.40261971764e-05, 3.02247863146e-05, 4.32521192124e-05, 2.79143932858e-05, 2.79358318949e-05, 2.39156324824e-05, 2.62249432126e-05, 1.94982876565e-05, 1.83567444765e-05, 2.29184570344e-05, 1.3947043044e-05, 1.07967043732e-05, 1.24551470435e-05, 1.27066186906e-05, 1.28553538161e-05, 9.98250106932e-06, 6.94708660376e-06, 9.50414687395e-06, 7.88543547969e-06, 7.74712225393e-06, 6.27332019576e-06, 6.84089809511e-06, 5.5584509937e-06, 4.94829055242e-06, 3.16323257721e-06, 3.0044700452e-06, 2.46229274126e-06, 1.98723728317e-06, 1.76868729795e-06],
        "dvar": [4.17363298766e-06, 1.75717595994e-05, 1.14701897473e-05, 1.919762326e-06, 7.5250716236e-07, 3.23530457536e-07, 7.38585697491e-07, 3.19128723447e-08, 1.38640050551e-08, 1.22315615414e-08, 7.51894102535e-09, 5.09945241589e-09, 1.71102709778e-09, 5.77705350224e-09, 1.35843747362e-09, 1.83752657534e-09, 1.11923070811e-09, 1.31514221735e-09, 8.20396639512e-10, 7.80024878022e-10, 2.00125005456e-09, 5.99591265527e-10, 4.14301426499e-10, 8.1207540692e-10, 5.77590864026e-10, 4.90369023165e-10, 4.36496866429e-10, 2.09369480086e-10, 3.56166457438e-10, 3.38185535131e-10, 3.06268177486e-10, 1.56855542444e-10, 2.56812709987e-10, 1.48520945542e-10, 1.00338376496e-10, 3.30421003059e-11, 3.20991011549e-11, 2.47206838333e-11, 1.27810539929e-11, 8.73381488659e-12],
        "dvar2": [5.61243450647e-06, 3.79155644623e-05, 3.22637206409e-05, 5.33745333087e-06, 2.0820930331e-06, 7.46231421545e-07, 1.99568989956e-06, 6.50742180142e-08, 3.40237349405e-08, 3.04018890063e-08, 2.04393515446e-08, 1.34438060684e-08, 4.22784030008e-09, 1.44104195243e-08, 3.6468024156e-09, 4.95548757584e-09, 2.77857914455e-09, 3.23660032109e-09, 2.01419703139e-09, 2.03764893847e-09, 5.26868282336e-09, 1.27967048069e-09, 9.49420098095e-10, 1.93029370266e-09, 1.32944910636e-09, 1.11348075205e-09, 8.05490396605e-10, 3.60182439429e-10, 7.85251474955e-10, 6.511022832e-10, 6.65838606473e-10, 2.81486611797e-10, 5.48367795616e-10, 3.08651104675e-10, 2.17483295262e-10, 6.23618656714e-11, 5.53549428517e-11, 4.68897524974e-11, 2.50165149013e-11, 1.93140364813e-11],
        "max": [0.0469497963786, 0.0460445806384, 0.0272054560483, 0.0163963958621, 0.0165253989398, 0.0210652388632, 0.0168398171663, 0.00664686458185, 0.00377860059962, 0.00514237582684, 0.00139969063457, 0.00169523817021, 0.000628735637292, 0.00137361511588, 0.000731948530301, 0.000671949994285, 0.00071021867916, 0.000617091485765, 0.000416032125941, 0.000308147224132, 0.000609639391769, 0.000357297074515, 0.000276623759419, 0.00057525531156, 0.000361924874596, 0.000268572330242, 0.000288026116323, 0.000204946205486, 0.000269279669737, 0.000256700877799, 0.000244886789005, 0.000154715628014, 0.000233771192143, 0.000163843898918, 0.000135236274218, 7.77579698479e-05, 7.95591404312e-05, 6.79813019815e-05, 4.81890638184e-05, 3.83053302357e-05],
        "mean": [0.00561310583726, 0.0018933856627, 0.000629886344541, 0.000591201998759, 0.00048456544755, 0.000422728830017, 0.000420189724537, 0.000100895776995, 5.52627243451e-05, 5.7115976233e-05, 5.692423656e-05, 3.92288784496e-05, 2.27563796216e-05, 2.8779000786e-05, 1.7251339159e-05, 1.72412692336e-05, 1.6848624e-05, 1.87795540114e-05, 1.21999055409e-05, 1.09366364995e-05, 1.29285335788e-05, 9.92583500192e-06, 7.99980261945e-06, 8.45179511089e-06, 8.6836371338e-06, 9.14541669772e-06, 7.63878779253e-06, 5.98463429924e-06, 6.35806190985e-06, 5.81275435252e-06, 5.46240607946e-06, 4.77810772281e-06, 4.53713482784e-06, 3.86281999454e-06, 3.33781008521e-06, 2.48166884376e-06, 2.43940644395e-06, 2.03148579203e-06, 1.64988296092e-06, 1.33034063765e-06],
        "median": [0.0012398455292, 0.000315871497151, 6.42504892312e-05, 0.000170901432284, 0.000201483548153, 0.000146546270116, 0.000121675351693, 2.88765713776e-05, 1.73536082002e-05, 2.51069322985e-05, 2.51036235568e-05, 1.29885975184e-05, 5.43520127394e-06, 9.13685562409e-06, 3.86930469176e-06, 4.52082758784e-06, 5.08438188263e-06, 5.78799290452e-06, 2.46806484938e-06, 1.96817609321e-06, 2.59283137893e-06, 2.01508282771e-06, 1.64368191236e-06, 1.34869480917e-06, 1.29066847876e-06, 1.22527364965e-06, 1.04009689039e-06, 7.79316167154e-07, 8.61482135406e-07, 6.1123944306e-07, 6.0552793002e-07, 5.97544044467e-07, 5.38326958122e-07, 4.80560913729e-07, 4.21877388135e-07, 3.41380797408e-07, 3.07556689449e-07, 3.02045833678e-07, 2.43936455036e-07, 1.89163756659e-07],
        "min": [2.53584327529e-24, 4.15500887946e-24, 9.03997757579e-24, 1.20826803515e-23, 4.69196874827e-24, 1.66532106688e-24, 6.09234673861e-24, 7.56722869714e-24, 6.02324410104e-24, 2.88138466494e-24, 3.81445289351e-24, 5.01786651531e-24, 5.69483460088e-24, 5.19901343384e-24, 1.72968166434e-23, 1.34321697137e-23, 8.4177635368e-24, 6.0025238805e-24, 6.64738296064e-24, 1.2224700558e-23, 1.42932208581e-23, 7.26246175274e-24, 4.14036880435e-24, 5.24497365347e-24, 1.05854988729e-23, 1.09093310077e-23, 8.62879250641e-24, 6.99259717023e-24, 5.99724916206e-24, 1.36933946916e-23, 1.24349075346e-23, 6.89346733116e-24, 1.07994773935e-23, 1.06044449453e-23, 1.13575018206e-23, 9.91223212275e-24, 8.39635700727e-24, 9.71638557011e-24, 8.49562963017e-24, 9.60162918537e-24],
        "var": [5.14446473971e-05, 2.09648696909e-05, 6.93820356901e-06, 1.63295158018e-06, 7.34133607239e-07, 6.65634217967e-07, 1.00263457625e-06, 5.797192415e-08, 1.93698213025e-08, 1.86994366658e-08, 8.74683170338e-09, 6.17916029455e-09, 2.34041808156e-09, 5.48679857104e-09, 1.37980127324e-09, 1.59372881559e-09, 1.23255317064e-09, 1.54650692252e-09, 8.57659498976e-10, 7.42043870794e-10, 1.56403734408e-09, 7.2215144975e-10, 4.86407081279e-10, 8.04782185337e-10, 6.2643734644e-10, 6.08435135607e-10, 5.96933225072e-10, 3.34687139114e-10, 4.09012768099e-10, 4.36339742116e-10, 3.54959422966e-10, 2.26716229124e-10, 2.78652989572e-10, 1.72042671776e-10, 1.10206531401e-10, 4.66180635761e-11, 4.90930421315e-11, 3.52010608162e-11, 1.82111496022e-11, 1.10760992392e-11]
    },
    "mfcc": {
        "mean": [-706.534973145, 117.030883789, 15.9004096985, 17.4914512634, 2.8025405407, 0.983715236187, -3.10034322739, -2.48489260674, -4.02759075165, -0.299785345793, -0.878750562668, -0.921074271202, 0.0528371594846],
        "cov": [[15923.0537109, -1552.09350586, 942.135986328, 1173.09777832, 377.960327148, 624.299682617, 254.185043335, 407.739807129, 304.827423096, 256.652618408, 90.4296112061, 146.697616577, 206.643936157], [-1552.09350586, 2755.05761719, -282.490844727, -26.396440506, 69.8145217896, -187.99836731, -36.0898170471, -71.907989502, -22.5576953888, 13.5656881332, 41.5953674316, 28.5324516296, -25.8205451965], [942.135986328, -282.490844727, 1090.32800293, 317.331054688, 274.156585693, 294.417541504, 191.937210083, 216.36315918, 198.758728027, 164.240081787, 147.617492676, 107.688262939, 85.2203216553], [1173.09777832, -26.396440506, 317.331054688, 537.873962402, 217.679779053, 254.976303101, 188.085098267, 202.702804565, 186.679977417, 160.67376709, 119.719802856, 101.699958801, 82.2660827637], [377.960327148, 69.8145217896, 274.156585693, 217.679779053, 308.955444336, 205.828338623, 193.999725342, 168.756942749, 138.404388428, 123.771583557, 88.2193984985, 72.4202423096, 62.5239677429], [624.299682617, -187.99836731, 294.417541504, 254.976303101, 205.828338623, 321.415435791, 208.698059082, 209.65574646, 176.703781128, 128.20703125, 101.809570312, 86.5439376831, 69.3631286621], [254.185043335, -36.0898170471, 191.937210083, 188.085098267, 193.999725342, 208.698059082, 243.703720093, 194.301345825, 149.106948853, 120.963829041, 86.3708343506, 77.2860336304, 68.0860366821], [407.739807129, -71.907989502, 216.36315918, 202.702804565, 168.756942749, 209.65574646, 194.301345825, 232.514541626, 177.490325928, 128.751159668, 94.8474121094, 82.5984802246, 72.8900756836], [304.827423096, -22.5576953888, 198.758728027, 186.679977417, 138.404388428, 176.703781128, 149.106948853, 177.490325928, 193.021438599, 135.264511108, 98.5589523315, 83.0336227417, 67.3591842651], [256.652618408, 13.5656881332, 164.240081787, 160.67376709, 123.771583557, 128.20703125, 120.963829041, 128.751159668, 135.264511108, 148.210998535, 104.524879456, 74.661491394, 59.9548225403], [90.4296112061, 41.5953674316, 147.617492676, 119.719802856, 88.2193984985, 101.809570312, 86.3708343506, 94.8474121094, 98.5589523315, 104.524879456, 117.245391846, 85.5509872437, 59.11536026], [146.697616577, 28.5324516296, 107.688262939, 101.699958801, 72.4202423096, 86.5439376831, 77.2860336304, 82.5984802246, 83.0336227417, 74.661491394, 85.5509872437, 107.800842285, 80.1875991821], [206.643936157, -25.8205451965, 85.2203216553, 82.2660827637, 62.5239677429, 69.3631286621, 68.0860366821, 72.8900756836, 67.3591842651, 59.9548225403, 59.11536026, 80.1875991821, 96.4286117554]],
