{
"lowlevel": {
    "average_loudness": 0.852744996548,
    "barkbands_crest": {
        "dmean": 2.53512191772,
        "dmean2": 3.79021239281,
        "dvar": 6.65757799149,
        "dvar2": 14.0842971802,
        "max": 26.4888858795,
        "mean": 14.8344182968,
        "median": 14.853805542,
        "min": 2.00868463516,
        "var": 43.5665473938
    },
    "barkbands_flatness_db": {
        "dmean": 0.0281918291003,
        "dmean2": 0.0412086173892,
        "dvar": 0.00111455121078,
        "dvar2": 0.00242679752409,
        "max": 0.551567971706,
        "mean": 0.19302816689,
        "median": 0.180376932025,
        "min": 0.0184513442218,
        "var": 0.00865979585797
    },
    "barkbands_kurtosis": {
        "dmean": 9.86637306213,
        "dmean2": 14.7748374939,
        "dvar": 462.994873047,
        "dvar2": 955.119384766,
        "max": 392.14932251,
        "mean": 17.568271637,
        "median": 6.63056325912,
        "min": -1.85231482983,
        "var": 1080.49182129
    },
    "barkbands_skewness": {
        "dmean": 0.87740033865,
        "dmean2": 1.30502903461,
        "dvar": 1.30596554279,
        "dvar2": 2.67852854729,
        "max": 17.2919158936,
        "mean": 2.90463352203,
        "median": 2.40573143959,
        "min": -2.25864863396,
        "var": 6.26456975937
    },
    "barkbands_spread": {
        "dmean": 5.70331525803,
        "dmean2": 8.67291355133,
        "dvar": 64.9483566284,
        "dvar2": 137.73576355,
        "max": 132.611221313,
        "mean": 16.3874607086,
        "median": 10.7454023361,
        "min": 0.295463323593,
        "var": 273.952789307
    },
    "dissonance": {
        "dmean": 0.0190013069659,
        "dmean2": 0.0319944098592,
        "dvar": 0.000446766091045,
        "dvar2": 0.00124771590345,
        "max": 0.5,
        "mean": 0.463256418705,
        "median": 0.47593408823,
        "min": 0.104927308857,
        "var": 0.0016144758556
    },
    "dynamic_complexity": 4.27357721329,
    "erbbands_crest": {
        "dmean": 2.44875717163,
        "dmean2": 3.94647908211,
        "dvar": 5.85501241684,
        "dvar2": 13.8128261566,
        "max": 31.5300045013,
        "mean": 7.89610338211,
        "median": 6.80349111557,
        "min": 2.02866506577,
        "var": 17.4161930084
    },
    "erbbands_flatness_db": {
        "dmean": 0.0171220954508,
        "dmean2": 0.0254558268934,
        "dvar": 0.00034610851435,
        "dvar2": 0.000750094244722,
        "max": 0.457687228918,
        "mean": 0.162207737565,
        "median": 0.131415575743,
        "min": 0.0324772931635,
        "var": 0.00736892409623
    },
    "erbbands_kurtosis": {
        "dmean": 0.836927056313,
        "dmean2": 1.32811009884,
        "dvar": 1.7928160429,
        "dvar2": 4.00710821152,
        "max": 35.6217956543,
        "mean": 0.271042644978,
        "median": -0.311360955238,
        "min": -1.72448766232,
        "var": 4.69174289703
    },
    "erbbands_skewness": {
        "dmean": 0.35707628727,
        "dmean2": 0.548138201237,
        "dvar": 0.120361581445,
        "dvar2": 0.265704870224,
        "max": 4.30878591537,
        "mean": 0.314948678017,
        "median": 0.23711681366,
        "min": -2.4716989994,
        "var": 0.513020157814
    },
    "erbbands_spread": {
        "dmean": 8.75733757019,
        "dmean2": 13.5119962692,
        "dvar": 90.0679779053,
        "dvar2": 207.759048462,
        "max": 165.074005127,
        "mean": 43.3619155884,
        "median": 40.8190383911,
        "min": 0.917784392834,
        "var": 626.39251709
    },
    "hfc": {
        "dmean": 12.687710762,
        "dmean2": 19.1934909821,
        "dvar": 663.497436523,
        "dvar2": 1572.64221191,
        "max": 282.406494141,
        "mean": 22.1203708649,
        "median": 12.0085735321,
        "min": 1.12098471057e-16,
        "var": 947.580078125
    },
    "melbands_crest": {
        "dmean": 2.87088823318,
        "dmean2": 4.39335441589,
        "dvar": 8.85914325714,
        "dvar2": 20.2410202026,
        "max": 35.8496437073,
        "mean": 18.7515850067,
        "median": 19.2742328644,
        "min": 2.50648331642,
        "var": 56.1330490112
    },
    "melbands_flatness_db": {
        "dmean": 0.0331727899611,
        "dmean2": 0.048276938498,
        "dvar": 0.00164550275076,
        "dvar2": 0.00350896758027,
        "max": 0.721877872944,
        "mean": 0.278588026762,
        "median": 0.27566742897,
        "min": 0.00961276795715,
        "var": 0.0150296501815
    },
    "melbands_kurtosis": {
        "dmean": 20.0718669891,
        "dmean2": 30.4047927856,
        "dvar": 1531.47229004,
        "dvar2": 3234.81811523,
        "max": 589.251647949,
        "mean": 44.2869987488,
        "median": 19.1540870667,
        "min": -1.58355927467,
        "var": 4652.16064453
    },
    "melbands_skewness": {
        "dmean": 1.06184232235,
        "dmean2": 1.60094404221,
        "dvar": 1.66484248638,
        "dvar2": 3.50026249886,
        "max": 19.928445816,
        "mean": 4.41059160233,
        "median": 3.76368784904,
        "min": -1.71211063862,
        "var": 10.8531646729
    },
    "melbands_spread": {
        "dmean": 5.17050361633,
        "dmean2": 7.91033840179,
        "dvar": 66.7912368774,
        "dvar2": 144.701904297,
        "max": 147.497940063,
        "mean": 14.9045343399,
        "median": 8.4740114212,
        "min": 0.408722162247,
        "var": 307.450134277
    },
    "pitch_salience": {
        "dmean": 0.0756262391806,
        "dmean2": 0.113123260438,
        "dvar": 0.0056524365209,
        "dvar2": 0.0117144137621,
        "max": 0.923256933689,
        "mean": 0.453336149454,
        "median": 0.454130738974,
        "min": 0.0535259842873,
        "var": 0.0400380864739
    },
    "silence_rate_20dB": {
        "dmean": 0,
        "dmean2": 0,
        "dvar": 0,
        "dvar2": 0,
        "max": 1,
        "mean": 1,
        "median": 1,
        "min": 1,
        "var": 0
    },
    "silence_rate_30dB": {
        "dmean": 0.10811791569,
        "dmean2": 0.216255441308,
        "dvar": 0.0964413955808,
        "dvar2": 0.203073114157,
        "max": 1,
        "mean": 0.861327767372,
        "median": 1,
        "min": 0,
        "var": 0.119458898902
    },
    "silence_rate_60dB": {
        "dmean": 0.0221315193921,
        "dmean2": 0.0442670546472,
        "dvar": 0.0216403156519,
        "dvar2": 0.0491961240768,
        "max": 1,
        "mean": 0.151460185647,
        "median": 0,
        "min": 0,
        "var": 0.128525972366
    },
    "spectral_centroid": {
        "dmean": 254.302062988,
        "dmean2": 386.176055908,
        "dvar": 104225.820312,
        "dvar2": 224992.578125,
        "max": 10972.9248047,
        "mean": 1174.60144043,
        "median": 1022.26086426,
        "min": 123.800201416,
        "var": 593918.5625
    },
    "spectral_complexity": {
        "dmean": 4.51301574707,
        "dmean2": 6.91328001022,
        "dvar": 35.2576065063,
        "dvar2": 72.6809768677,
        "max": 67,
        "mean": 17.3891716003,
        "median": 14,
        "min": 0,
        "var": 159.402862549
    },
    "spectral_decrease": {
        "dmean": 3.01477909304e-09,
        "dmean2": 4.58221238731e-09,
        "dvar": 2.96043970766e-17,
        "dvar2": 6.64270037889e-17,
        "max": -1.17267683568e-28,
        "mean": -1.36178339716e-08,
        "median": -1.20289325167e-08,
        "min": -6.1918470351e-08,
        "var": 1.46649381727e-16
    },
    "spectral_energy": {
        "dmean": 0.0121575342491,
        "dmean2": 0.0184610635042,
        "dvar": 0.000454691326013,
        "dvar2": 0.00102147308644,
        "max": 0.236667811871,
        "mean": 0.0534031316638,
        "median": 0.0486744642258,
        "min": 1.06102521796e-20,
        "var": 0.00220322352834
    },
    "spectral_energyband_high": {
        "dmean": 0.000994567992166,
        "dmean2": 0.00151035573799,
        "dvar": 4.49240224043e-06,
        "dvar2": 1.02721605799e-05,
        "max": 0.0251685604453,
        "mean": 0.00134296820033,
        "median": 0.000268726376817,
        "min": 7.67654627722e-21,
        "var": 6.47658634989e-06
    },
    "spectral_energyband_low": {
        "dmean": 0.00938745494932,
        "dmean2": 0.0144180580974,
        "dvar": 0.0003909272491,
        "dvar2": 0.000907357374672,
        "max": 0.22764608264,
        "mean": 0.0412750840187,
        "median": 0.0270932931453,
        "min": 7.05769554985e-23,
        "var": 0.00175720883999
    },
    "spectral_energyband_middle_high": {
        "dmean": 0.00238926731981,
        "dmean2": 0.0040001468733,
        "dvar": 4.24184618169e-05,
        "dvar2": 0.000113703426905,
        "max": 0.08275590837,
        "mean": 0.00373230664991,
        "median": 0.00170421646908,
        "min": 1.68538453704e-21,
        "var": 4.09874410252e-05
    },
    "spectral_energyband_middle_low": {
        "dmean": 0.00465980824083,
        "dmean2": 0.00733920978382,
        "dvar": 0.000115988499601,
        "dvar2": 0.000286826427327,
        "max": 0.120051853359,
        "mean": 0.00859550666064,
        "median": 0.00532873533666,
        "min": 3.84219815707e-22,
        "var": 0.000133480949444
    },
    "spectral_entropy": {
        "dmean": 0.194373831153,
        "dmean2": 0.291661977768,
        "dvar": 0.0569543689489,
        "dvar2": 0.129985719919,
        "max": 9.81007003784,
        "mean": 7.47622156143,
        "median": 7.72892999649,
        "min": 4.2113494873,
        "var": 0.646985650063
    },
    "spectral_flux": {
        "dmean": 0.0268467683345,
        "dmean2": 0.0409659333527,
        "dvar": 0.00161874108016,
        "dvar2": 0.00317974388599,
        "max": 0.454728126526,
        "mean": 0.0825768783689,
        "median": 0.0648779571056,
        "min": 1.03006075891e-10,
        "var": 0.00461041135713
    },
    "spectral_kurtosis": {
        "dmean": 4.59431791306,
        "dmean2": 7.65109729767,
        "dvar": 84.936668396,
        "dvar2": 235.601760864,
        "max": 149.208694458,
        "mean": 13.0076961517,
        "median": 3.74886345863,
        "min": -1.20675265789,
        "var": 428.328186035
    },
    "spectral_rms": {
        "dmean": 0.000780719157774,
        "dmean2": 0.00115391495638,
        "dvar": 1.40210545396e-06,
        "dvar2": 2.92756794806e-06,
        "max": 0.0151952439919,
        "mean": 0.00618910929188,
        "median": 0.00689110159874,
        "min": 3.21736951317e-12,
        "var": 1.37957995321e-05
    },
    "spectral_rolloff": {
        "dmean": 458.118225098,
        "dmean2": 717.944458008,
        "dvar": 1205219.5,
        "dvar2": 2443117.5,
        "max": 18023.2910156,
        "mean": 1197.77282715,
        "median": 387.59765625,
        "min": 64.599609375,
        "var": 4536091.5
    },
    "spectral_skewness": {
        "dmean": 0.370523452759,
        "dmean2": 0.59707057476,
        "dvar": 0.276087909937,
        "dvar2": 0.769343078136,
        "max": 10.3389701843,
        "mean": 2.18985438347,
        "median": 1.54716718197,
        "min": -0.00594059098512,
        "var": 2.27504897118
    },
    "spectral_spread": {
        "dmean": 726371.5625,
        "dmean2": 1032709.125,
        "dvar": 898135621632,
        "dvar2": 1.71608060723e+12,
        "max": 40841212,
        "mean": 4562546,
        "median": 4873146,
        "min": 535455.3125,
        "var": 6.2891580457e+12
    },
    "spectral_strongpeak": {
        "dmean": 0.191122204065,
        "dmean2": 0.310028553009,
        "dvar": 0.0887170806527,
        "dvar2": 0.228820204735,
        "max": 6.12614870071,
        "mean": 0.567987680435,
        "median": 0.542899012566,
        "min": 0,
        "var": 0.146120488644
    },
    "zerocrossingrate": {
        "dmean": 0.0119089251384,
        "dmean2": 0.0139837386087,
        "dvar": 0.000287362083327,
        "dvar2": 0.000343790976331,
        "max": 0.484375,
        "mean": 0.0497105382383,
        "median": 0.03125,
        "min": 0.001953125,
        "var": 0.00269983848557
    },
    "barkbands": {
        "dmean": [0.000327571673552, 0.00716549949721, 0.00451254891232, 0.00204426492564, 0.00197232537903, 0.000785511394497, 0.000478617614135, 0.000466062541818, 0.000496958731674, 0.00059222773416, 0.000550890748855, 0.000440966337919, 0.000350242567947, 0.000292846321827, 0.000218718807446, 0.000232705773669, 0.000201253700652, 0.000139549243613, 0.000138602641528, 0.000162353651831, 0.000193435509573, 0.000142873439472, 0.000135779147968, 0.00014377295156, 0.000180578834261, 0.000129697786178, 4.73308464279e-05],
        "dmean2": [0.000439917843323, 0.0105947023258, 0.00666231289506, 0.00336612365209, 0.00328139704652, 0.0012132601114, 0.0007683049771, 0.000761498115025, 0.000844383786898, 0.00100622896571, 0.000931427930482, 0.000769280828536, 0.000611291558016, 0.000497835106216, 0.000373198447051, 0.000405004509958, 0.000340279919328, 0.000239906337811, 0.000225489391596, 0.00026525510475, 0.000319524813676, 0.000232603066252, 0.000209240723052, 0.000222507616854, 0.000282555032754, 0.000194547261344, 7.13578774594e-05],
        "dvar": [7.80432515057e-07, 0.00023772046552, 0.00015665772662, 4.72205501865e-05, 3.51968847099e-05, 1.66029360571e-06, 9.19695366974e-07, 1.39137512178e-06, 1.25964982089e-06, 1.67574489751e-06, 3.07259233523e-06, 1.48316564719e-06, 8.1967772303e-07, 4.94922630878e-07, 2.11490117863e-07, 4.14189429421e-07, 3.03919563294e-07, 1.13532898638e-07, 9.40386826187e-08, 2.39175363959e-07, 2.34562307355e-07, 1.07050702525e-07, 9.36443598221e-08, 1.07479628753e-07, 1.46288698488e-07, 9.36347390734e-08, 1.82837069929e-08],
        "dvar2": [1.47152866248e-06, 0.000574303441681, 0.000338654994266, 0.000124655984109, 0.000100131983345, 3.78793356504e-06, 2.28829253501e-06, 3.30915986524e-06, 3.29541899191e-06, 4.33698278357e-06, 8.24873222882e-06, 4.027534942e-06, 2.23502911467e-06, 1.32838624722e-06, 5.64986521567e-07, 1.11767371891e-06, 7.92194271071e-07, 3.04863675638e-07, 2.25460524916e-07, 6.23896596608e-07, 5.88524869727e-07, 2.65803208777e-07, 2.10552144608e-07, 2.48359867783e-07, 3.47061984485e-07, 2.01207214445e-07, 4.15152427991e-08],
        "max": [0.0303251184523, 0.173578292131, 0.174821034074, 0.0805120021105, 0.0770852789283, 0.0343915969133, 0.0188560094684, 0.0238846279681, 0.0194070599973, 0.0223705675453, 0.0248214844614, 0.0157250501215, 0.0156390629709, 0.013503221795, 0.00571937486529, 0.00986739713699, 0.00881575699896, 0.00433246511966, 0.00391509523615, 0.00756343826652, 0.00774441985413, 0.0033596586436, 0.00481649441645, 0.00649404199794, 0.00402052281424, 0.00331143778749, 0.0032702262979],
        "mean": [0.0011169386562, 0.0321126766503, 0.00670768693089, 0.00233659008518, 0.00267493491992, 0.00126006407663, 0.000686426355969, 0.000601468898822, 0.000623253697995, 0.000774472369812, 0.000615936878603, 0.000473367690574, 0.000394753966248, 0.000379431905458, 0.00029402441578, 0.000271031050943, 0.000262435642071, 0.000184150892892, 0.000211026170291, 0.000227612137678, 0.000275193277048, 0.00017915252829, 0.000178031681571, 0.000179015332833, 0.00019606621936, 0.000139194497024, 4.82388022647e-05],
        "median": [0.000107838364784, 0.0131910555065, 0.00121253717225, 0.000454826513305, 0.000995869515464, 0.000598098267801, 0.00026062555844, 0.000194460822968, 0.000219647714403, 0.00032173487125, 0.000150897612912, 0.000138925184729, 0.000130232641823, 0.000138960807817, 0.000112043293484, 0.000101596568129, 9.30693640839e-05, 7.27654041839e-05, 6.2590232119e-05, 5.70005176996e-05, 5.89171613683e-05, 3.88092375943e-05, 3.19498431054e-05, 2.65986018348e-05, 1.79068483703e-05, 7.68401150708e-06, 1.0919311535e-06],
        "min": [6.74214724346e-24, 8.6973965839e-24, 4.17182589512e-23, 4.92782096177e-23, 1.55502811236e-22, 4.34820067849e-23, 4.3070325522e-23, 1.21808848568e-23, 6.17207044164e-23, 6.46279534639e-23, 5.2092278415e-23, 1.02410086799e-22, 1.01324954981e-22, 1.12503644123e-22, 8.81635428405e-23, 2.90377225344e-22, 2.27544340647e-22, 2.42229699528e-22, 2.24649006555e-22, 5.79251096373e-22, 5.03307090996e-22, 6.31895255566e-22, 4.3603510297e-22, 7.1894223206e-22, 1.14354791434e-21, 1.69177701144e-21, 2.36818396446e-21],
        "var": [6.54938276057e-06, 0.00125723192468, 0.00023595901439, 4.03825652029e-05, 3.00982646877e-05, 3.56609234586e-06, 1.51684696448e-06, 1.69374698089e-06, 1.50056519033e-06, 1.89915681403e-06, 2.63047081717e-06, 1.24561393022e-06, 7.05101001586e-07, 5.18061085586e-07, 2.39392306867e-07, 3.44489592408e-07, 3.25493033415e-07, 1.16158503261e-07, 1.3975189006e-07, 2.60394614315e-07, 2.98878489957e-07, 1.26789004185e-07, 1.3148905964e-07, 1.40100780754e-07, 1.73523844182e-07, 1.23288771192e-07, 2.00877359191e-08]
    },
    "erbbands": {
        "dmean": [0.254890680313, 1.59166955948, 4.47923851013, 6.48735809326, 7.60080766678, 5.56305599213, 5.25503110886, 6.73692369461, 8.62970066071, 4.51530599594, 11.771323204, 10.5306224823, 20.9746665955, 15.8876686096, 22.5802154541, 17.7931156158, 15.6269073486, 15.9006614685, 11.7940750122, 11.1074409485, 12.2745523453, 10.9830417633, 8.08012580872, 7.11351633072, 6.54897117615, 7.36102676392, 8.75846195221, 7.28233337402, 5.23695802689, 4.54715251923, 3.48676276207, 2.91959118843, 2.5389726162, 2.03661417961, 1.29215681553, 0.639759063721, 0.208598420024, 0.0611771345139, 0.00858929660171, 0.000324352731695],
        "dmean2": [0.348077088594, 2.36845469475, 6.54334211349, 10.2963504791, 12.6752748489, 9.2827501297, 8.18452453613, 10.3481788635, 13.7998752594, 7.16821813583, 19.3078536987, 17.7421989441, 35.6393928528, 26.1134319305, 39.4664764404, 30.8157253265, 27.1511192322, 27.1122322083, 20.1609897614, 19.0950450897, 21.2641906738, 18.6196174622, 13.8470201492, 11.7366476059, 10.6253099442, 12.004483223, 14.4375314713, 12.1681432724, 8.49046611786, 7.05182218552, 5.44458198547, 4.55397939682, 3.95622301102, 3.22738957405, 2.0177936554, 0.977144062519, 0.307842373848, 0.0903447642922, 0.0130960773677, 0.000506727781612],
        "dvar": [0.284938901663, 12.383808136, 144.147369385, 420.349487305, 714.191345215, 208.212524414, 85.3141403198, 142.134857178, 313.218200684, 68.0866928101, 999.152832031, 537.396118164, 2409.1796875, 1192.70812988, 7229.66552734, 2094.66455078, 1618.05786133, 1677.55554199, 666.447265625, 684.664123535, 1240.07446289, 878.380493164, 381.951751709, 273.470245361, 222.795303345, 516.436584473, 546.358276367, 299.252624512, 143.377807617, 113.840774536, 61.351764679, 41.8457794189, 35.5592842102, 18.4161586761, 8.4611415863, 2.20384263992, 0.273091763258, 0.0257965046912, 0.00066516752122, 1.00193392427e-06],
        "dvar2": [0.633529603481, 30.4040336609, 308.215881348, 1073.25720215, 1961.59484863, 589.392944336, 196.692337036, 314.058349609, 774.606323242, 159.172332764, 2410.99902344, 1395.84936523, 6315.70898438, 2889.47363281, 20302.1542969, 5521.47119141, 4398.28808594, 4537.34179688, 1802.26782227, 1832.34436035, 3265.10083008, 2293.55175781, 1017.47570801, 668.610595703, 537.816040039, 1351.9276123, 1376.27001953, 765.09979248, 352.502593994, 250.166564941, 140.993041992, 98.1480484009, 84.2114105225, 43.9232978821, 20.1943721771, 4.86581707001, 0.571625888348, 0.056064017117, 0.0015599806793, 2.41570842263e-06],
        "max": [6.8447971344, 44.3985557556, 151.78704834, 303.867950439, 324.718292236, 173.796661377, 188.616088867, 377.256286621, 323.605529785, 197.574798584, 654.899658203, 349.840148926, 983.953491211, 600.915222168, 1200.08190918, 793.567077637, 742.122680664, 718.615722656, 421.423614502, 380.283447266, 486.675628662, 608.660217285, 254.186035156, 206.428878784, 220.061965942, 350.787689209, 325.286773682, 319.382385254, 114.587402344, 138.989883423, 173.407806396, 69.6782226562, 138.129852295, 46.7043838501, 28.871799469, 15.0247888565, 6.90353965759, 1.76450848579, 0.732124507427, 0.0345345884562],
        "mean": [1.09108412266, 6.5715098381, 8.0254983902, 8.75264644623, 9.02862644196, 7.60937213898, 8.56269168854, 11.1444540024, 12.6210451126, 7.32699012756, 14.9090137482, 14.0483732224, 26.4857635498, 21.6317844391, 23.0661144257, 20.540063858, 18.4697532654, 20.3491630554, 16.6332702637, 14.8696727753, 14.9050397873, 14.6114025116, 11.0265445709, 9.92202091217, 10.1823120117, 10.7187814713, 12.1445407867, 9.80552196503, 6.8381652832, 5.83196020126, 4.71086215973, 3.67226743698, 3.07750439644, 2.24261188507, 1.36796200275, 0.674835443497, 0.231983751059, 0.0639764890075, 0.00853423308581, 0.000368227571016],
        "median": [0.334015965462, 2.42514514923, 2.8895483017, 2.45865106583, 1.37299752235, 3.4727230072, 4.57138252258, 4.73722934723, 4.51789617538, 3.59936904907, 4.84163570404, 5.38838100433, 10.534570694, 7.46691513062, 5.57173538208, 6.43887758255, 6.37047863007, 7.23759651184, 6.54037952423, 6.09025096893, 5.61745786667, 5.39668178558, 4.47852516174, 3.45374178886, 2.92521476746, 2.7671790123, 2.54821538925, 1.99819040298, 1.55904531479, 1.04395341873, 0.848586440086, 0.58068305254, 0.4174451828, 0.2342210114, 0.116237297654, 0.0484512671828, 0.0108225522563, 0.00186109659262, 0.000225572555792, 9.92513887468e-05],
        "min": [2.2231842114e-22, 3.05351542081e-21, 3.43673834353e-20, 1.13520742153e-19, 3.19562592247e-19, 4.16734885074e-19, 8.77042853083e-19, 2.26801808723e-19, 6.73511082557e-19, 2.92725105013e-19, 4.13807984025e-19, 1.31906097887e-18, 1.72560991018e-18, 2.59252321288e-18, 2.00637703376e-18, 4.34109886219e-18, 5.2826595283e-18, 6.17404672718e-18, 3.94732366749e-18, 7.83280483084e-18, 1.73860841244e-17, 1.3393889631e-17, 1.23773028562e-17, 1.24270470167e-17, 1.43815044049e-17, 2.5365475286e-17, 2.4634360121e-17, 2.01188258249e-17, 2.24038808342e-17, 1.2956522018e-17, 1.55067612056e-17, 1.48914165848e-17, 1.2011398685e-17, 1.23688209462e-17, 8.2515964488e-18, 5.35978212631e-18, 3.45589152967e-18, 1.45848113374e-18, 3.52149113984e-19, 3.00124939989e-20],
        "var": [1.59484910965, 59.9001693726, 245.961456299, 404.965179443, 633.604064941, 177.489822388, 154.000411987, 339.910736084, 521.415161133, 134.81211853, 1146.77722168, 664.241943359, 2543.89672852, 1601.26428223, 4997.61230469, 2027.37548828, 1411.02722168, 1622.3671875, 752.440124512, 690.445617676, 1078.06201172, 968.400512695, 403.421264648, 340.337188721, 331.459075928, 564.521606445, 660.519775391, 371.378997803, 177.88949585, 156.327392578, 86.676399231, 55.3600082397, 43.4380989075, 21.7330436707, 9.5669927597, 2.72456884384, 0.375268727541, 0.0325385630131, 0.000672021415085, 9.69639700088e-07]
    },
    "gfcc": {
        "mean": [-45.346698761, 100.011566162, -101.443908691, 15.4026632309, -42.4875335693, 11.789563179, -28.2023334503, 3.84764766693, -19.4066505432, 0.27564895153, -13.4851503372, -0.503153979778, -6.01909971237],
        "cov": [[23746.3691406, -4819.85791016, 1078.94274902, 2983.89916992, -356.717651367, 1754.58007812, 126.081855774, 1121.30773926, -235.484893799, 734.288391113, -306.925476074, 405.409484863, -28.6321201324], [-4819.85791016, 5133.38427734, 77.5642242432, -921.883911133, 803.352294922, -610.684509277, 126.936416626, -460.877563477, 460.01461792, -333.100189209, 280.443786621, -238.658203125, 188.148757935], [1078.94274902, 77.5642242432, 1625.60522461, 568.459838867, 383.839263916, 447.878967285, 282.811187744, 283.052581787, 90.9173202515, 222.056777954, 98.6871109009, 104.681007385, 2.48285293579], [2983.89916992, -921.883911133, 568.459838867, 1280.66162109, 94.7136535645, 581.241516113, 267.790222168, 347.451843262, 85.0210494995, 229.705505371, 67.6541137695, 117.554489136, 63.2287864685], [-356.717651367, 803.352294922, 383.839263916, 94.7136535645, 711.103881836, 251.850982666, 221.164215088, 115.527915955, 206.604232788, 25.0287132263, 51.2119827271, 4.37554216385, 51.1263198853], [1754.58007812, -610.684509277, 447.878967285, 581.241516113, 251.850982666, 598.797668457, 244.28012085, 296.773834229, 79.9660415649, 157.216323853, 14.7503910065, 74.6536026001, 17.2378692627], [126.081855774, 126.936416626, 282.811187744, 267.790222168, 221.164215088, 244.28012085, 284.055511475, 145.151809692, 123.520393372, 83.2653656006, 70.2712097168, 39.3445854187, 30.9045200348], [1121.30773926, -460.877563477, 283.052581787, 347.451843262, 115.527915955, 296.773834229, 145.151809692, 271.567779541, 67.2084655762, 133.834869385, 22.0893878937, 72.0174713135, 14.2498664856], [-235.484893799, 460.01461792, 90.9173202515, 85.0210494995, 206.604232788, 79.9660415649, 123.520393372, 67.2084655762, 214.321243286, 51.3356170654, 87.6778259277, 13.9039583206, 70.8737945557], [734.288391113, -333.100189209, 222.056777954, 229.705505371, 25.0287132263, 157.216323853, 83.2653656006, 133.834869385, 51.3356170654, 168.529083252, 60.7587242126, 70.2211990356, 14.5828313828], [-306.925476074, 280.443786621, 98.6871109009, 67.6541137695, 51.2119827271, 14.7503910065, 70.2712097168, 22.0893878937, 87.6778259277, 60.7587242126, 140.128540039, 51.6859588623, 57.2307014465], [405.409484863, -238.658203125, 104.681007385, 117.554489136, 4.37554216385, 74.6536026001, 39.3445854187, 72.0174713135, 13.9039583206, 70.2211990356, 51.6859588623, 95.9856033325, 37.7551651001], [-28.6321201324, 188.148757935, 2.48285293579, 63.2287864685, 51.1263198853, 17.2378692627, 30.9045200348, 14.2498664856, 70.8737945557, 14.5828313828, 57.2307014465, 37.7551651001, 95.2446594238]],
        "icov": [[8.36988256196e-05, -4.5149205107e-05, 2.70384116448e-05, -0.000153357817908, 7.35013745725e-05, -0.000164356577443, 0.000216082888073, -8.17469408503e-05, 2.84461948468e-05, -0.000214302825043, 0.000386642263038, -0.000280893931631, 3.85263119824e-05], [-4.5149205107e-05, 0.000835498154629, -0.000304701563437, 0.000303145090584, -0.000704045116436, 0.000760014750995, -0.000476707471535, 0.000501667323988, -0.000664298015181, 0.00113115971908, -0.00183194794226, 0.00212025409564, -0.000955904135481], [2.70384116448e-05, -0.000304701563437, 0.00109742209315, -0.000324862019625, -0.000277628540061, -0.000331372662913, -4.41839765699e-05, -0.000334305659635, 0.000827860785648, -0.00112098886166, 0.000209687932511, -0.000877756334376, 0.0008480019751], [-0.000153357817908, 0.000303145090584, -0.000324862019625, 0.00206243200228, 0.000250415847404, -0.00079431355698, -0.000871916068718, -0.000222682123422, 3.49958936567e-05, 0.000118832133012, -0.00124386930838, 0.00156710820738, -0.00159808609169], [7.35013745725e-05, -0.000704045116436, -0.000277628540061, 0.000250415847404, 0.0035027784761, -0.00189536390826, -0.000306149304379, -0.000220021553105, -0.00190644466784, 0.000419393589254, 0.00221608811989, -0.00193509738892, 0.000638804747723], [-0.000164356577443, 0.000760014750995, -0.000331372662913, -0.00079431355698, -0.00189536390826, 0.00667347898707, -0.00255752215162, -0.00252517033368, 0.000568206887692, 0.000237537344219, -0.000407621409977, 0.00213700183667, -0.00105891562998], [0.000216082888073, -0.000476707471535, -4.41839765699e-05, -0.000871916068718, -0.000306149304379, -0.00255752215162, 0.00874257553369, -0.0014550157357, -0.00194145832211, 5.6206346926e-05, -0.00106362404767, -0.00155761325732, 0.00228742160834], [-8.17469408503e-05, 0.000501667323988, -0.000334305659635, -0.000222682123422, -0.000220021553105, -0.00252517033368, -0.0014550157357, 0.0119566293433, -0.00306107127108, -0.00294615142047, 0.00231751939282, -0.00321753928438, 0.00101111538243], [2.84461948468e-05, -0.000664298015181, 0.000827860785648, 3.49958936567e-05, -0.00190644466784, 0.000568206887692, -0.00194145832211, -0.00306107127108, 0.013438494876, -0.00400092592463, -0.00312999915332, 0.00514934118837, -0.00626331008971], [-0.000214302825043, 0.00113115971908, -0.00112098886166, 0.000118832133012, 0.000419393589254, 0.000237537344219, 5.6206346926e-05, -0.00294615142047, -0.00400092592463, 0.0170147418976, -0.00705477036536, -0.00265583884902, 0.00346974562854], [0.000386642263038, -0.00183194794226, 0.000209687932511, -0.00124386930838, 0.00221608811989, -0.000407621409977, -0.00106362404767, 0.00231751939282, -0.00312999915332, -0.00705477036536, 0.0212694704533, -0.0112370252609, -0.00147880322766], [-0.000280893931631, 0.00212025409564, -0.000877756334376, 0.00156710820738, -0.00193509738892, 0.00213700183667, -0.00155761325732, -0.00321753928438, 0.00514934118837, -0.00265583884902, -0.0112370252609, 0.0293441005051, -0.0119565874338], [3.85263119824e-05, -0.000955904135481, 0.0008480019751, -0.00159808609169, 0.000638804747723, -0.00105891562998, 0.00228742160834, 0.00101111538243, -0.00626331008971, 0.00346974562854, -0.00147880322766, -0.0119565874338, 0.0221508517861]]
    },
    "melbands": {
        "dmean": [0.00205123960041, 0.00202477094717, 0.00108708860353, 0.000475993729196, 0.000190907798242, 0.000154710913193, 0.000119767792057, 5.40975706826e-05, 9.64656355791e-05, 7.10208769306e-05, 0.000104812119389, 6.25058382866e-05, 7.62258932809e-05, 5.24656243215e-05, 4.15331451222e-05, 3.35894546879e-05, 3.09282295348e-05, 1.96652326849e-05, 1.66185382113e-05, 1.59818137035e-05, 1.43982788359e-05, 1.20744762171e-05, 9.28694407776e-06, 6.5855460889e-06, 5.91397611061e-06, 5.59948557566e-06, 4.20341575591e-06, 5.40003929927e-06, 5.89326464251e-06, 4.93842298965e-06, 4.19442494604e-06, 2.92136928692e-06, 2.84957991425e-06, 2.66244774139e-06, 2.03840158974e-06, 2.07247421713e-06, 1.76071444002e-06, 1.77911431365e-06, 1.87178250144e-06, 1.69392058069e-06],
        "dmean2": [0.00292831170373, 0.00296693504788, 0.00166004314087, 0.000804875802714, 0.000296524696751, 0.000238480002736, 0.000190811013454, 8.63583190949e-05, 0.000158434762852, 0.000120579818031, 0.000178483722266, 0.00010346131603, 0.000132137502078, 9.20906604733e-05, 7.20526368241e-05, 5.85493180552e-05, 5.25663381268e-05, 3.3533302485e-05, 2.8497652238e-05, 2.77521721728e-05, 2.50327448157e-05, 2.06177574e-05, 1.6028936443e-05, 1.13033465823e-05, 9.77640775091e-06, 9.15882083063e-06, 6.86515249981e-06, 8.95784796739e-06, 9.77789932222e-06, 8.29061627883e-06, 7.09607593308e-06, 4.82978930449e-06, 4.6368677431e-06, 4.1228313421e-06, 3.1988054161e-06, 3.34945298164e-06, 2.74868057204e-06, 2.78432003142e-06, 2.99561770589e-06, 2.71681847153e-06],
        "dvar": [1.91629533219e-05, 2.34316939896e-05, 1.04149703475e-05, 2.55340296462e-06, 9.67465254575e-08, 6.85394923039e-08, 5.6178464547e-08, 1.10393187924e-08, 6.21535534151e-08, 2.502908103e-08, 6.05399463893e-08, 1.76166849997e-08, 7.71474546468e-08, 2.77503584556e-08, 9.90125048617e-09, 8.72253025364e-09, 5.88461679385e-09, 1.75886327725e-09, 1.29689303741e-09, 1.76502823468e-09, 1.79918080434e-09, 1.14873777157e-09, 4.53567683412e-10, 2.91845797529e-10, 1.84472812026e-10, 1.50465265247e-10, 1.23781193628e-10, 2.82873446888e-10, 2.58134680298e-10, 1.54771542804e-10, 9.47663961193e-11, 4.43111554393e-11, 4.42682626667e-11, 4.29084719145e-11, 2.22805107697e-11, 2.68190938207e-11, 1.55292601695e-11, 1.83940970094e-11, 1.73297487471e-11, 1.36171759632e-11],
        "dvar2": [4.41495976702e-05, 5.06933356519e-05, 2.4681476134e-05, 7.23469156583e-06, 2.25881137794e-07, 1.54569946176e-07, 1.37808953582e-07, 2.58641001949e-08, 1.51245217239e-07, 6.54403038425e-08, 1.59428978463e-07, 4.33062261607e-08, 2.15298626927e-07, 7.72590240672e-08, 2.60962487175e-08, 2.40046116318e-08, 1.5740054593e-08, 4.75755435048e-09, 3.49303475033e-09, 4.85967310837e-09, 4.70602268265e-09, 3.0275002505e-09, 1.20605725407e-09, 7.76247566225e-10, 4.51419984726e-10, 3.70733277411e-10, 3.02393526885e-10, 7.52349127442e-10, 6.61316557071e-10, 3.89818483049e-10, 2.49496395766e-10, 1.10830587763e-10, 1.08600198279e-10, 9.53735146414e-11, 5.2077300805e-11, 6.97712651543e-11, 3.56696651382e-11, 4.3661411292e-11, 4.20744168672e-11, 3.29326357851e-11],
        "max": [0.0478891022503, 0.0576692372561, 0.0432095788419, 0.0200651753694, 0.00506956130266, 0.00771576026455, 0.00451094191521, 0.00243728165515, 0.00499729439616, 0.00244496995583, 0.00482290610671, 0.00224315887317, 0.00390753056854, 0.00236817938276, 0.00132069608662, 0.00154414342251, 0.00142884382512, 0.000718114140909, 0.000560432497878, 0.00063843728276, 0.000605481502134, 0.000638039899059, 0.000267537310719, 0.000248644180829, 0.000186163495528, 0.000161607051268, 0.00018105484196, 0.000257774197962, 0.000246573850745, 0.000194211068447, 0.00022034032736, 7.09823216312e-05, 7.3105620686e-05, 8.10335841379e-05, 0.000142315780977, 8.43431043904e-05, 4.66750097985e-05, 7.60338079999e-05, 0.00010709365597, 4.52998392575e-05],
        "mean": [0.00953485723585, 0.00580337131396, 0.00156502309255, 0.000585900736041, 0.000322864216287, 0.000253714330029, 0.000176941641257, 8.2387450675e-05, 0.000121301141917, 9.04700864339e-05, 0.000130755346618, 8.26507020975e-05, 7.87664685049e-05, 5.51798875676e-05, 4.93948391522e-05, 3.70026864402e-05, 3.8733403926e-05, 2.69168249361e-05, 2.18328441406e-05, 1.92536263057e-05, 1.6745105313e-05, 1.53233395395e-05, 1.25103415485e-05, 8.23883419798e-06, 7.78263984103e-06, 8.50626656757e-06, 5.88806778978e-06, 7.4873119047e-06, 7.88647957961e-06, 6.50614674669e-06, 5.3532066886e-06, 3.65666937796e-06, 3.52784036295e-06, 3.27956036017e-06, 2.78691072708e-06, 2.43811882683e-06, 2.19270236812e-06, 2.17205547415e-06, 2.08487062991e-06, 1.81419613909e-06],
        "median": [0.00382391037419, 0.00275797583163, 0.000422815181082, 0.000169759325217, 0.000177726527909, 0.00011413214088, 6.60557852825e-05, 3.55749798473e-05, 3.87038635381e-05, 3.34439646394e-05, 5.12597689521e-05, 2.84196248685e-05, 1.87798414117e-05, 1.51221120177e-05, 1.65093370015e-05, 1.1963592442e-05, 1.3253104953e-05, 1.02516223706e-05, 8.10093297332e-06, 7.57473026169e-06, 5.80157393415e-06, 5.14543216923e-06, 4.75333217764e-06, 3.03801516566e-06, 2.53800521932e-06, 2.37992799157e-06, 1.59776050168e-06, 1.76720539002e-06, 1.64448408668e-06, 1.28301439872e-06, 1.00851048046e-06, 8.14747750155e-07, 6.83831103743e-07, 5.28245436726e-07, 4.98311237607e-07, 4.04151535349e-07, 3.28132671257e-07, 3.05445240656e-07, 2.35174724139e-07, 1.75386986712e-07],
        "min": [2.75799163379e-24, 1.30198226523e-23, 2.60790915052e-23, 2.59991578074e-23, 2.88039243569e-23, 6.0573599686e-24, 9.28280710622e-24, 2.83308941703e-24, 4.48841975776e-24, 8.4574519178e-24, 8.62291628153e-24, 1.04663059345e-23, 6.52167324223e-24, 8.909006944e-24, 1.37772537613e-23, 1.21059146718e-23, 1.04780063194e-23, 6.053339539e-24, 5.90736713938e-24, 1.79857336051e-23, 1.91097562654e-23, 1.52678679729e-23, 9.46271551312e-24, 1.24226312812e-23, 9.93113559662e-24, 7.47954365209e-24, 1.37592740435e-23, 1.86267935311e-23, 2.02004558633e-23, 7.10462409624e-24, 1.37261639736e-23, 1.31634071699e-23, 1.04723060105e-23, 5.23817958892e-24, 8.30346390252e-24, 1.07003901529e-23, 8.08755661706e-24, 7.00881851703e-24, 1.12030136675e-23, 9.7959603362e-24],
        "var": [0.000110861015855, 5.68232317164e-05, 1.15683242257e-05, 2.02667206395e-06, 1.91889000689e-07, 1.57889942898e-07, 9.55737675667e-08, 2.01656966681e-08, 7.24491258097e-08, 2.92557817971e-08, 6.3005323625e-08, 2.32228618557e-08, 5.5096052165e-08, 2.05769641326e-08, 1.0074435508e-08, 7.02007785236e-09, 6.03152816581e-09, 2.02909444802e-09, 1.39421152401e-09, 1.49948453654e-09, 1.54222468129e-09, 1.18697573992e-09, 5.13209308384e-10, 2.83573609039e-10, 2.23394261423e-10, 2.2947067857e-10, 1.50317550074e-10, 2.96231567054e-10, 3.02282227027e-10, 1.80516837589e-10, 1.12328681079e-10, 5.18878377764e-11, 5.30165807089e-11, 5.58037539788e-11, 3.18606599436e-11, 2.71840345373e-11, 2.10569617298e-11, 2.22670562544e-11, 2.01522687426e-11, 1.52935927811e-11]
    },
    "mfcc": {
        "mean": [-688.370605469, 135.411087036, 4.75719213486, 12.6232070923, 7.36737537384, 8.68661880493, 3.04747486115, 3.25776457787, 2.42194247246, 0.522856473923, -2.12252426147, -0.716917037964, -2.85164546967],
        "cov": [[16227.0957031, -4357.41357422, 367.923675537, 1357.16296387, 267.028533936, 784.694763184, 737.121582031, 522.028930664, 634.61315918, 434.775054932, 167.907562256, 262.479492188, 190.512420654], [-4357.41357422, 4294.79296875, -28.6127586365, -239.746826172, 433.230529785, -40.3128700256, -241.693313599, -66.0246963501, -45.7226867676, -20.4349899292, 41.1933517456, -44.1738014221, -28.2799739838], [367.923675537, -28.6127586365, 1213.63476562, 385.5887146, 185.920196533, 249.508071899, 281.513946533, 158.293685913, 110.816413879, 120.617866516, 159.213058472, 139.799743652, 95.3666915894], [1357.16296387, -239.746826172, 385.5887146, 652.269104004, 199.632781982, 262.875366211, 224.367370605, 172.20085144, 160.527023315, 148.689437866, 110.626686096, 119.106666565, 92.4696350098], [267.028533936, 433.230529785, 185.920196533, 199.632781982, 450.041229248, 257.847198486, 173.717636108, 182.768676758, 181.394332886, 132.077682495, 100.597084045, 72.624961853, 58.7680091858], [784.694763184, -40.3128700256, 249.508071899, 262.875366211, 257.847198486, 356.7940979, 238.368865967, 198.859954834, 183.862045288, 152.861221313, 110.39717865, 94.5198516846, 68.9259185791], [737.121582031, -241.693313599, 281.513946533, 224.367370605, 173.717636108, 238.368865967, 294.46472168, 195.694519043, 149.374053955, 121.486534119, 107.921821594, 92.5754928589, 70.7418670654], [522.028930664, -66.0246963501, 158.293685913, 172.20085144, 182.768676758, 198.859954834, 195.694519043, 225.660446167, 161.527023315, 121.777961731, 88.0187835693, 75.7216720581, 60.0132484436], [634.61315918, -45.7226867676, 110.816413879, 160.527023315, 181.394332886, 183.862045288, 149.374053955, 161.527023315, 202.114425659, 134.992156982, 85.8469161987, 69.3016204834, 54.8299446106], [434.775054932, -20.4349899292, 120.617866516, 148.689437866, 132.077682495, 152.861221313, 121.486534119, 121.777961731, 134.992156982, 152.600143433, 93.9337615967, 69.3525772095, 53.3042869568], [167.907562256, 41.1933517456, 159.213058472, 110.626686096, 100.597084045, 110.39717865, 107.921821594, 88.0187835693, 85.8469161987, 93.9337615967, 116.519271851, 80.4276275635, 56.9792289734], [262.479492188, -44.1738014221, 139.799743652, 119.106666565, 72.624961853, 94.5198516846, 92.5754928589, 75.7216720581, 69.3016204834, 69.3525772095, 80.4276275635, 101.241607666, 69.6605987549], [190.512420654, -28.2799739838, 95.3666915894, 92.4696350098, 58.7680091858, 68.9259185791, 70.7418670654, 60.0132484436, 54.8299446106, 53.3042869568, 56.9792289734, 69.6605987549, 87.0561294556]],
