{
"lowlevel": {
    "average_loudness": 0.94533354044,
    "barkbands_crest": {
        "dmean": 3.20315861702,
        "dmean2": 4.67519235611,
        "dvar": 9.3105430603,
        "dvar2": 19.9220352173,
        "max": 26.4901714325,
        "mean": 14.8043107986,
        "median": 14.8484954834,
        "min": 1.84974431992,
        "var": 32.0684318542
    },
    "barkbands_flatness_db": {
        "dmean": 0.0367116034031,
        "dmean2": 0.053650252521,
        "dvar": 0.00163299008273,
        "dvar2": 0.00342961261049,
        "max": 0.483957886696,
        "mean": 0.191304668784,
        "median": 0.184411734343,
        "min": 0.0265314411372,
        "var": 0.00663399742916
    },
    "barkbands_kurtosis": {
        "dmean": 13.4846019745,
        "dmean2": 20.4462490082,
        "dvar": 609.847412109,
        "dvar2": 1205.52124023,
        "max": 1058.23681641,
        "mean": 23.1297187805,
        "median": 12.0546875,
        "min": -1.94474112988,
        "var": 1630.80615234
    },
    "barkbands_skewness": {
        "dmean": 1.1748290062,
        "dmean2": 1.7544260025,
        "dvar": 1.75225293636,
        "dvar2": 3.60821843147,
        "max": 28.211315155,
        "mean": 3.42536473274,
        "median": 3.16891670227,
        "min": -4.36116933823,
        "var": 6.02404212952
    },
    "barkbands_spread": {
        "dmean": 10.5415077209,
        "dmean2": 16.0054740906,
        "dvar": 226.573013306,
        "dvar2": 453.218353271,
        "max": 134.716506958,
        "mean": 21.4667167664,
        "median": 12.179063797,
        "min": 0.191763371229,
        "var": 529.810241699
    },
    "dissonance": {
        "dmean": 0.0215684976429,
        "dmean2": 0.035622164607,
        "dvar": 0.000469938357128,
        "dvar2": 0.00122917722911,
        "max": 0.500000059605,
        "mean": 0.452818632126,
        "median": 0.464093625546,
        "min": 0.172113254666,
        "var": 0.00155384058598
    },
    "dynamic_complexity": 4.045586586,
    "erbbands_crest": {
        "dmean": 2.78302550316,
        "dmean2": 4.54010534286,
        "dvar": 7.26801681519,
        "dvar2": 18.5660305023,
        "max": 31.536272049,
        "mean": 8.72206115723,
        "median": 7.66945743561,
        "min": 2.33684706688,
        "var": 21.0520248413
    },
    "erbbands_flatness_db": {
        "dmean": 0.020794365555,
        "dmean2": 0.0303660556674,
        "dvar": 0.000471692619612,
        "dvar2": 0.000913952826522,
        "max": 0.453417658806,
        "mean": 0.127135261893,
        "median": 0.10034134984,
        "min": 0.0328020043671,
        "var": 0.0056113335304
    },
    "erbbands_kurtosis": {
        "dmean": 1.72256457806,
        "dmean2": 2.69423317909,
        "dvar": 7.5647983551,
        "dvar2": 17.1239547729,
        "max": 127.889678955,
        "mean": 1.21637189388,
        "median": -0.00775349140167,
        "min": -1.85301101208,
        "var": 16.8221168518
    },
    "erbbands_skewness": {
        "dmean": 0.583768248558,
        "dmean2": 0.872612774372,
        "dvar": 0.333465635777,
        "dvar2": 0.727554857731,
        "max": 9.75192165375,
        "mean": 0.76454859972,
        "median": 0.743144750595,
        "min": -4.02191114426,
        "var": 1.15293335915
    },
    "erbbands_spread": {
        "dmean": 18.8558101654,
        "dmean2": 27.3016700745,
        "dvar": 412.100067139,
        "dvar2": 799.345092773,
        "max": 187.635742188,
        "mean": 65.0218734741,
        "median": 57.8301811218,
        "min": 1.18800258636,
        "var": 1679.10449219
    },
    "hfc": {
        "dmean": 22.9414291382,
        "dmean2": 35.3443031311,
        "dvar": 1732.50048828,
        "dvar2": 4224.69921875,
        "max": 348.45791626,
        "mean": 29.9089756012,
        "median": 13.3108091354,
        "min": 1.24882898148e-16,
        "var": 2004.98022461
    },
    "melbands_crest": {
        "dmean": 3.89848446846,
        "dmean2": 6.3422832489,
        "dvar": 15.0202970505,
        "dvar2": 39.0391540527,
        "max": 36.7092247009,
        "mean": 20.2674312592,
        "median": 19.7518768311,
        "min": 2.08526659012,
        "var": 56.4420700073
    },
    "melbands_flatness_db": {
        "dmean": 0.0434537231922,
        "dmean2": 0.0635948628187,
        "dvar": 0.00241907523014,
        "dvar2": 0.00506119104102,
        "max": 0.618853032589,
        "mean": 0.281691730022,
        "median": 0.287120729685,
        "min": 0.00541264750063,
        "var": 0.0108587536961
    },
    "melbands_kurtosis": {
        "dmean": 34.5545921326,
        "dmean2": 52.9511909485,
        "dvar": 2919.94604492,
        "dvar2": 6266.35791016,
        "max": 1227.1529541,
        "mean": 70.2509994507,
        "median": 40.0334091187,
        "min": -1.86636483669,
        "var": 8676.484375
    },
    "melbands_skewness": {
        "dmean": 1.61458289623,
        "dmean2": 2.42528057098,
        "dvar": 3.03979468346,
        "dvar2": 7.0052728653,
        "max": 28.3662796021,
        "mean": 5.64471387863,
        "median": 4.96610927582,
        "min": -1.88747537136,
        "var": 12.2531194687
    },
    "melbands_spread": {
        "dmean": 7.45844602585,
        "dmean2": 11.6041021347,
        "dvar": 252.543426514,
        "dvar2": 538.66394043,
        "max": 271.774963379,
        "mean": 15.710682869,
        "median": 6.11950111389,
        "min": 0.146084398031,
        "var": 938.350158691
    },
    "pitch_salience": {
        "dmean": 0.103060409427,
        "dmean2": 0.162807136774,
        "dvar": 0.0132374605164,
        "dvar2": 0.0320765450597,
        "max": 0.902879536152,
        "mean": 0.478560358286,
        "median": 0.494724243879,
        "min": 0.0416484177113,
        "var": 0.032982300967
    },
    "silence_rate_20dB": {
        "dmean": 0,
        "dmean2": 0,
        "dvar": 0,
        "dvar2": 0,
        "max": 1,
        "mean": 1,
        "median": 1,
        "min": 1,
        "var": 0
    },
    "silence_rate_30dB": {
        "dmean": 0.0581938363612,
        "dmean2": 0.116396032274,
        "dvar": 0.0548003613949,
        "dvar2": 0.133314102888,
        "max": 1,
        "mean": 0.957040250301,
        "median": 1,
        "min": 0,
        "var": 0.0411071367562
    },
    "silence_rate_60dB": {
        "dmean": 0.0186795033514,
        "dmean2": 0.0373616889119,
        "dvar": 0.018332278356,
        "dvar2": 0.0417190566659,
        "max": 1,
        "mean": 0.129669547081,
        "median": 0,
        "min": 0,
        "var": 0.11285533011
    },
    "spectral_centroid": {
        "dmean": 336.119842529,
        "dmean2": 533.187316895,
        "dvar": 241168.21875,
        "dvar2": 509803.28125,
        "max": 10474.1972656,
        "mean": 972.014709473,
        "median": 632.202148438,
        "min": 135.337966919,
        "var": 761922
    },
    "spectral_complexity": {
        "dmean": 4.61656713486,
        "dmean2": 6.95875835419,
        "dvar": 46.1496734619,
        "dvar2": 81.6394500732,
        "max": 64,
        "mean": 11.6122846603,
        "median": 8,
        "min": 0,
        "var": 112.31463623
    },
    "spectral_decrease": {
        "dmean": 3.2141156403e-09,
        "dmean2": 4.73096761766e-09,
        "dvar": 2.5885912512e-17,
        "dvar2": 5.62141290205e-17,
        "max": 9.35043802825e-29,
        "mean": -1.11657056934e-08,
        "median": -1.2139411254e-08,
        "min": -5.15693443504e-08,
        "var": 7.82513388871e-17
    },
    "spectral_energy": {
        "dmean": 0.0134691400453,
        "dmean2": 0.020076431334,
        "dvar": 0.000422999029979,
        "dvar2": 0.000925389758777,
        "max": 0.198868975043,
        "mean": 0.0448547303677,
        "median": 0.0489876419306,
        "min": 1.09743320103e-20,
        "var": 0.00122365891002
    },
    "spectral_energyband_high": {
        "dmean": 0.00201929011382,
        "dmean2": 0.00312470062636,
        "dvar": 1.52974389493e-05,
        "dvar2": 3.68441724277e-05,
        "max": 0.0348644778132,
        "mean": 0.00231935665943,
        "median": 0.000591562828049,
        "min": 8.1129018218e-21,
        "var": 1.76506946445e-05
    },
    "spectral_energyband_low": {
        "dmean": 0.00920284446329,
        "dmean2": 0.0131567083299,
        "dvar": 0.000288564508082,
        "dvar2": 0.000673351169098,
        "max": 0.164833962917,
        "mean": 0.0292672365904,
        "median": 0.0275032371283,
        "min": 8.53851684214e-23,
        "var": 0.000832662160974
    },
    "spectral_energyband_middle_high": {
        "dmean": 0.00163310335483,
        "dmean2": 0.00264858477749,
        "dvar": 1.88109734154e-05,
        "dvar2": 4.82580835524e-05,
        "max": 0.0465709082782,
        "mean": 0.00184649997391,
        "median": 0.000546488328837,
        "min": 1.42089525274e-21,
        "var": 1.81111718121e-05
    },
    "spectral_energyband_middle_low": {
        "dmean": 0.00869336631149,
        "dmean2": 0.0154396183789,
        "dvar": 0.000282377121039,
        "dvar2": 0.00079373997869,
        "max": 0.172677248716,
        "mean": 0.0128055745736,
        "median": 0.00809312239289,
        "min": 2.87716984423e-22,
        "var": 0.000246290204814
    },
    "spectral_entropy": {
        "dmean": 0.304563432932,
        "dmean2": 0.455064862967,
        "dvar": 0.113804243505,
        "dvar2": 0.226284995675,
        "max": 9.80455875397,
        "mean": 7.53455924988,
        "median": 7.70829105377,
        "min": 4.56612539291,
        "var": 0.693204760551
    },
    "spectral_flux": {
        "dmean": 0.0388086810708,
        "dmean2": 0.0567023009062,
        "dvar": 0.0025500995107,
        "dvar2": 0.00414257356897,
        "max": 0.425289958715,
        "mean": 0.096960246563,
        "median": 0.0771461129189,
        "min": 1.04758444974e-10,
        "var": 0.00642021512613
    },
    "spectral_kurtosis": {
        "dmean": 3.12426614761,
        "dmean2": 4.93161153793,
        "dvar": 54.0822029114,
        "dvar2": 139.791091919,
        "max": 206.118560791,
        "mean": 8.1264705658,
        "median": 2.06499481201,
        "min": -1.49178791046,
        "var": 341.401611328
    },
    "spectral_rms": {
        "dmean": 0.000925480737351,
        "dmean2": 0.00135193951428,
        "dvar": 1.53179610152e-06,
        "dvar2": 3.14643966703e-06,
        "max": 0.0139290532097,
        "mean": 0.00588700268418,
        "median": 0.00691323541105,
        "min": 3.27210415881e-12,
        "var": 9.10366088647e-06
    },
    "spectral_rolloff": {
        "dmean": 855.911682129,
        "dmean2": 1465.7902832,
        "dvar": 4024211.5,
        "dvar2": 8354713.5,
        "max": 18927.6855469,
        "mean": 1596.79931641,
        "median": 301.46484375,
        "min": 64.599609375,
        "var": 10909163
    },
    "spectral_skewness": {
        "dmean": 0.366693258286,
        "dmean2": 0.544435441494,
        "dvar": 0.223127111793,
        "dvar2": 0.51934248209,
        "max": 11.9575815201,
        "mean": 1.89058458805,
        "median": 1.42003417015,
        "min": -0.216842159629,
        "var": 1.92826378345
    },
    "spectral_spread": {
        "dmean": 1351559.75,
        "dmean2": 1863013.375,
        "dvar": 2.31333245747e+12,
        "dvar2": 3.87781545165e+12,
        "max": 39905592,
        "mean": 7542165.5,
        "median": 7616558,
        "min": 450900.59375,
        "var": 1.2979570475e+13
    },
    "spectral_strongpeak": {
        "dmean": 0.18997900188,
        "dmean2": 0.315825968981,
        "dvar": 0.0912493765354,
        "dvar2": 0.241066172719,
        "max": 6.04877948761,
        "mean": 0.540933668613,
        "median": 0.503984093666,
        "min": 0,
        "var": 0.139883697033
    },
    "zerocrossingrate": {
        "dmean": 0.021327495575,
        "dmean2": 0.0239873509854,
        "dvar": 0.000637095363345,
        "dvar2": 0.000757795874961,
        "max": 0.5263671875,
        "mean": 0.0691237896681,
        "median": 0.0439453125,
        "min": 0.001953125,
        "var": 0.00638805003837
    },
    "barkbands": {
        "dmean": [0.000697931740433, 0.00696804467589, 0.00510447612032, 0.00320672406815, 0.0041895811446, 0.00183699734043, 0.000636354146991, 0.000252664089203, 0.000330264825607, 0.00038090950693, 0.000175347784534, 0.000204137482797, 0.000150543128257, 0.00015845685266, 0.000151170708705, 0.000185647630133, 0.000143195240526, 0.0001255391835, 0.000135024383781, 0.000146631355165, 0.000220580550376, 0.000220089641516, 0.000287989212666, 0.000380754063372, 0.000477048568428, 0.000344180705724, 0.000108640218969],
        "dmean2": [0.000844377558678, 0.00963896140456, 0.00905970297754, 0.00592025462538, 0.00748064974323, 0.00322803785093, 0.00109214091208, 0.0004149445449, 0.00052563555073, 0.000657474563923, 0.000310598115902, 0.000345978303812, 0.000259439984802, 0.000274617224932, 0.000245420116698, 0.000315339595545, 0.0002453608613, 0.000204435913474, 0.000216144617298, 0.000226609161473, 0.000357363373041, 0.000335114164045, 0.000473523832625, 0.000603736785706, 0.000747604004573, 0.000543579400983, 0.000165327219293],
        "dvar": [1.16286184948e-06, 0.000132092493004, 0.000208126584766, 5.59193176741e-05, 6.57452328596e-05, 1.31584547489e-05, 1.8936067363e-06, 3.22986238643e-07, 4.48459928748e-07, 7.6921088521e-07, 2.11701305375e-07, 3.81170565333e-07, 1.49532496607e-07, 2.87744228444e-07, 2.79473226783e-07, 2.92681761493e-07, 2.05287790322e-07, 1.29847876451e-07, 1.50982288005e-07, 1.66632403875e-07, 3.7879226511e-07, 2.17804270619e-07, 3.67457147377e-07, 6.77781770264e-07, 7.94268430582e-07, 4.42193083927e-07, 8.06349262916e-08],
        "dvar2": [1.45899866766e-06, 0.000282560882624, 0.000565290742088, 0.000158103750437, 0.000187685538549, 3.75880190404e-05, 4.66363417218e-06, 7.26523694539e-07, 1.02290141513e-06, 2.07937182495e-06, 5.69932353756e-07, 1.0354136748e-06, 3.95475808546e-07, 7.9773417383e-07, 7.20221294159e-07, 7.51519507958e-07, 5.4436083019e-07, 3.27603629557e-07, 3.38960603585e-07, 3.94885262267e-07, 9.67634832705e-07, 4.66261809606e-07, 9.06358820885e-07, 1.67449661603e-06, 1.951862032e-06, 1.10367534489e-06, 1.9861340661e-07],
        "max": [0.0107176238671, 0.0939093232155, 0.116903759539, 0.156383484602, 0.0874918997288, 0.0424652546644, 0.0290971603245, 0.0124273141846, 0.0145861515775, 0.0146626448259, 0.00979082193226, 0.0108879776672, 0.00932531058788, 0.0066304244101, 0.0068413070403, 0.00739634037018, 0.00619133189321, 0.00399803183973, 0.00469837011769, 0.00448615243658, 0.0073639601469, 0.00502380542457, 0.00556083628908, 0.009939850308, 0.0101355630904, 0.00628461921588, 0.00300868810154],
        "mean": [0.00143422419205, 0.0222271736711, 0.00426401244476, 0.00260341214016, 0.00573661364615, 0.00287082791328, 0.00080335396342, 0.000314940349199, 0.000412107910961, 0.000415544491261, 0.000148318722495, 0.000213043196709, 0.000158732305863, 0.000144344492583, 0.000149174637045, 0.000157701899298, 0.000122114797705, 0.00013071783178, 0.00014662258036, 0.000183807569556, 0.00022257528326, 0.000261353648966, 0.000326072797179, 0.000423371238867, 0.00051339372294, 0.000349729612935, 0.000121316901641],
        "median": [9.28933877731e-05, 0.0129429530352, 0.000607481924817, 0.000588302849792, 0.00347558921203, 0.00103573710658, 0.000193794301595, 9.26047214307e-05, 0.000144883917528, 0.000124167709146, 3.24327011185e-05, 5.82987340749e-05, 4.01681063522e-05, 2.66367460426e-05, 2.59291628026e-05, 2.29128272622e-05, 1.61373318406e-05, 2.17933884414e-05, 2.42292244366e-05, 3.23670938087e-05, 3.79348784918e-05, 5.7582728914e-05, 7.05626880517e-05, 0.000104222948721, 0.000127807172248, 6.7504857725e-05, 1.74209744728e-05],
        "min": [3.20649790981e-24, 4.98358774797e-23, 2.39919107004e-23, 1.86320773214e-23, 2.66505896766e-23, 1.19675831789e-23, 6.66920805976e-23, 5.66411848715e-23, 8.19042786564e-23, 7.18743981848e-23, 5.6743130944e-23, 9.09265313165e-23, 1.09721123451e-22, 3.96088385798e-23, 1.48410939076e-22, 1.57948582964e-22, 1.11215200762e-22, 1.74540637586e-22, 3.246647806e-22, 4.12356401603e-22, 3.2255103727e-22, 6.45966413657e-22, 6.0595286419e-22, 8.20261254807e-22, 1.33020568262e-21, 1.71529268996e-21, 2.55737507434e-21],
        "var": [4.78286392536e-06, 0.000528476841282, 0.000141794516821, 3.81492209272e-05, 5.70922020415e-05, 1.94743570319e-05, 3.13660802931e-06, 5.96062363911e-07, 6.703287454e-07, 8.22318440896e-07, 1.70053326087e-07, 3.29436858237e-07, 1.52680513565e-07, 2.09906346527e-07, 2.41996616523e-07, 2.42148104235e-07, 1.62365367373e-07, 1.3119276332e-07, 1.6941623926e-07, 2.30453025551e-07, 3.74294103267e-07, 3.19095363466e-07, 4.25197555387e-07, 6.72726343964e-07, 8.42322720018e-07, 4.45450808684e-07, 9.00115395552e-08]
    },
    "erbbands": {
        "dmean": [0.252771556377, 1.72986400127, 5.36442327499, 8.53151416779, 11.3464384079, 14.040304184, 21.0094013214, 14.3922548294, 10.4364776611, 6.08552312851, 5.7273812294, 7.72119760513, 8.58833599091, 11.9827003479, 6.59056997299, 7.84915161133, 6.85721063614, 8.51718521118, 5.98018836975, 8.56307220459, 11.6928768158, 7.61231613159, 6.35546636581, 6.3233833313, 7.37668514252, 6.52436256409, 8.44253826141, 8.81563949585, 8.03949069977, 7.4766740799, 8.46378612518, 8.48243522644, 6.0985789299, 5.12265729904, 3.39906978607, 1.77652394772, 0.571601569653, 0.135871037841, 0.0180002227426, 0.00087450875435],
        "dmean2": [0.292088747025, 2.30509495735, 9.09087371826, 15.4317007065, 20.4178085327, 25.3002185822, 36.7664527893, 25.1731948853, 17.6619033813, 10.7016038895, 9.40228939056, 12.3496999741, 14.3068275452, 21.1794624329, 11.1475934982, 13.331571579, 11.6771402359, 14.7442798615, 9.6120929718, 14.2879772186, 20.079668045, 12.7577114105, 10.3258943558, 10.0992650986, 11.2993965149, 10.1586017609, 12.7582988739, 14.8267192841, 12.2728404999, 11.8896131516, 13.9680948257, 13.9990825653, 9.44647693634, 8.07319641113, 5.3713684082, 2.83801913261, 0.895421028137, 0.209206312895, 0.0271152444184, 0.00134206132498],
        "dvar": [0.142720386386, 9.6156129837, 214.739456177, 387.04196167, 489.866729736, 865.500488281, 1493.25756836, 940.839477539, 464.320129395, 178.553588867, 158.930419922, 285.341674805, 384.68057251, 860.793212891, 270.296691895, 603.876403809, 307.434234619, 884.013793945, 286.932250977, 856.657165527, 1387.4140625, 456.202178955, 334.744750977, 267.045196533, 465.031890869, 338.752929688, 517.322387695, 543.722167969, 296.356048584, 242.725845337, 332.120849609, 396.060913086, 151.140182495, 89.8190155029, 40.8748168945, 12.1728801727, 1.26117348671, 0.0895148217678, 0.00223122467287, 5.66372045796e-06],
        "dvar2": [0.197174459696, 19.9797534943, 563.772094727, 1070.15454102, 1374.68225098, 2487.42138672, 4246.75488281, 2716.64379883, 1142.48022461, 477.793395996, 371.43762207, 633.458618164, 1015.79852295, 2358.68334961, 676.519104004, 1646.08410645, 792.555603027, 2440.73486328, 711.616882324, 2260.32568359, 3613.92602539, 1170.59191895, 826.738891602, 649.585632324, 1029.59204102, 798.173950195, 1191.15759277, 1445.14660645, 655.590820312, 529.441711426, 832.684814453, 1018.62420654, 355.574829102, 217.11946106, 100.811698914, 30.4969940186, 3.14504790306, 0.222052723169, 0.00544706219807, 1.36366588777e-05],
        "max": [4.2491440773, 26.5429325104, 115.145423889, 313.665588379, 263.09375, 332.384887695, 626.469970703, 428.395507812, 447.600982666, 170.920501709, 276.563232422, 427.151855469, 397.372253418, 287.755157471, 489.660461426, 450.072479248, 491.595611572, 365.87979126, 225.241043091, 374.729766846, 498.95892334, 261.437835693, 200.436523438, 226.238235474, 273.744567871, 198.047531128, 256.671600342, 271.629760742, 173.521514893, 188.342346191, 192.640869141, 232.415649414, 137.337478638, 104.466079712, 67.7588806152, 32.6791610718, 11.0401268005, 3.18238806725, 0.611371994019, 0.0251950584352],
        "mean": [0.906512796879, 3.86854243279, 5.34789180756, 7.27805805206, 11.933347702, 17.9779396057, 30.8975830078, 21.5103816986, 15.8872747421, 7.06557369232, 7.33153676987, 9.57645702362, 11.0502653122, 11.5441522598, 6.98743104935, 7.93359088898, 7.53005361557, 7.71483516693, 6.460313797, 7.94334411621, 9.74185657501, 6.78836870193, 6.77508401871, 6.3973608017, 8.62614250183, 8.12933540344, 9.59474182129, 8.64488506317, 9.416264534, 9.14622783661, 9.39506244659, 9.01123905182, 6.97361373901, 5.55216360092, 3.65204429626, 1.76097786427, 0.594229161739, 0.148658052087, 0.0203099176288, 0.00102156063076],
        "median": [0.367155075073, 2.19280552864, 1.20410633087, 1.59761929512, 4.95151758194, 10.403424263, 15.7192363739, 6.41940689087, 4.91498708725, 2.01591968536, 2.50995707512, 3.04843711853, 3.80385971069, 3.56795978546, 1.97779643536, 2.01130771637, 1.88476014137, 1.49229955673, 1.40125894547, 1.26150083542, 1.2918920517, 1.02485370636, 1.19475150108, 1.10189199448, 1.42202138901, 1.4306948185, 1.91525745392, 1.22116184235, 2.12944960594, 1.92940199375, 2.12795257568, 1.97024965286, 1.73824679852, 1.36196112633, 0.913026094437, 0.344490289688, 0.118597850204, 0.025903493166, 0.00295174424537, 0.000177904192242],
        "min": [4.43570655746e-22, 1.42935598159e-20, 3.84993024602e-20, 3.90594491377e-20, 6.27954743631e-20, 1.2126319146e-19, 4.26879932169e-20, 1.73121173239e-19, 9.76225220648e-19, 1.06185795619e-18, 8.74822700318e-19, 1.8899490878e-18, 2.2163851632e-18, 2.80526703539e-18, 1.82854147387e-18, 4.25612218427e-18, 5.47967823378e-18, 2.34940986777e-18, 6.48768838646e-18, 6.31237531384e-18, 9.52562085544e-18, 6.4804460066e-18, 8.5761382806e-18, 1.52589279679e-17, 1.6013263747e-17, 1.63842079296e-17, 1.40065053829e-17, 1.9632124333e-17, 1.904173906e-17, 1.80369412632e-17, 1.83983811406e-17, 1.68194290089e-17, 1.60891757661e-17, 1.2978463811e-17, 8.65674206821e-18, 6.92007140907e-18, 3.32570053908e-18, 1.39450605459e-18, 3.4644105077e-19, 3.84780348711e-20],
        "var": [1.04078316689, 23.6156826019, 166.438232422, 274.457702637, 400.075469971, 684.012634277, 1970.58190918, 1375.01647949, 902.675476074, 199.75201416, 274.202392578, 434.13269043, 545.619812012, 659.408691406, 306.941070557, 489.205810547, 331.280212402, 641.961181641, 288.733947754, 696.882202148, 1088.34558105, 404.454681396, 350.541320801, 273.340423584, 571.993652344, 462.957794189, 633.798278809, 529.178710938, 410.832977295, 359.980926514, 354.005859375, 343.583282471, 170.007415771, 97.9531784058, 43.0388870239, 11.7676868439, 1.29645204544, 0.0972183346748, 0.00255636568181, 6.52717017147e-06]
    },
    "gfcc": {
        "mean": [-37.5217208862, 71.2194137573, -56.0122299194, 22.6736507416, -53.4284439087, 11.1524982452, -38.1056060791, 1.86168217659, -26.9920864105, -1.06198620796, -14.1786518097, 4.31800985336, -4.23329114914],
        "cov": [[26556.6035156, -3063.57910156, 1809.60632324, 1797.60473633, -644.09967041, 1050.80310059, -117.71988678, 924.043395996, 48.198097229, 885.022705078, 64.9681167603, 655.216796875, 11.0080928802], [-3063.57910156, 4218.16992188, -848.936828613, -728.313720703, 301.301452637, -503.551483154, 193.843002319, -307.326080322, 85.6359405518, -401.544067383, 137.365936279, -244.103668213, 125.345092773], [1809.60632324, -848.936828613, 1243.9609375, 437.34487915, 59.3332366943, 434.738372803, 109.328872681, 266.56036377, 85.4469223022, 232.25201416, 38.496635437, 143.56741333, 1.82160902023], [1797.60473633, -728.313720703, 437.34487915, 830.81817627, 97.2136459351, 348.906677246, 166.569747925, 250.173736572, 88.4051132202, 167.269592285, 77.6237945557, 138.554336548, 75.4920806885], [-644.09967041, 301.301452637, 59.3332366943, 97.2136459351, 309.997436523, 102.715530396, 164.066040039, 65.688911438, 84.3081130981, 20.9223747253, 49.64503479, 12.3826723099, 40.0596542358], [1050.80310059, -503.551483154, 434.738372803, 348.906677246, 102.715530396, 433.453216553, 158.298583984, 233.323623657, 97.2430877686, 165.437896729, 56.3888626099, 104.893447876, 46.3952789307], [-117.71988678, 193.843002319, 109.328872681, 166.569747925, 164.066040039, 158.298583984, 252.025619507, 130.70703125, 108.540977478, 44.9056243896, 74.6329498291, 36.0946083069, 62.1614265442], [924.043395996, -307.326080322, 266.56036377, 250.173736572, 65.688911438, 233.323623657, 130.70703125, 227.181121826, 95.8394699097, 120.626815796, 42.0154075623, 76.3491210938, 34.8726119995], [48.198097229, 85.6359405518, 85.4469223022, 88.4051132202, 84.3081130981, 97.2430877686, 108.540977478, 95.8394699097, 126.859680176, 68.2777633667, 62.5222663879, 31.4638977051, 43.6902656555], [885.022705078, -401.544067383, 232.25201416, 167.269592285, 20.9223747253, 165.437896729, 44.9056243896, 120.626815796, 68.2777633667, 162.25769043, 61.2829780579, 82.8915328979, 17.6442337036], [64.9681167603, 137.365936279, 38.496635437, 77.6237945557, 49.64503479, 56.3888626099, 74.6329498291, 42.0154075623, 62.5222663879, 61.2829780579, 116.321350098, 56.2945556641, 55.7188148499], [655.216796875, -244.103668213, 143.56741333, 138.554336548, 12.3826723099, 104.893447876, 36.0946083069, 76.3491210938, 31.4638977051, 82.8915328979, 56.2945556641, 107.307067871, 45.3442993164], [11.0080928802, 125.345092773, 1.82160902023, 75.4920806885, 40.0596542358, 46.3952789307, 62.1614265442, 34.8726119995, 43.6902656555, 17.6442337036, 55.7188148499, 45.3442993164, 97.6563796997]],
        "icov": [[6.50461006444e-05, -5.76430429646e-05, -2.30616387853e-06, -0.000111913606816, 0.000170509578311, 1.26287386593e-05, 6.44817700959e-05, -0.000170571816852, 0.000145549798617, -0.000332163093844, 0.00023032684112, -0.000252974539762, 7.80761765782e-05], [-5.76430429646e-05, 0.000662296835799, -3.49288238795e-05, 0.000444929057267, -0.000520550180227, 0.000222572940402, -0.000232640115428, 6.62263410049e-05, -0.000591026153415, 0.00176319666207, -0.00168258952908, 0.00114338845015, -0.000579686136916], [-2.30616387853e-06, -3.49288238795e-05, 0.00141130527481, -0.000195986693143, 4.96992151966e-06, -0.000930094567593, 7.40824470995e-05, -0.000131917535327, 3.63623839803e-05, -0.00080014008563, 0.000539952307008, -0.000722382159438, 0.000765703909565], [-0.000111913606816, 0.000444929057267, -0.000195986693143, 0.00251656305045, -0.00062543299282, -0.000489719794132, -0.000523596827406, -0.000969689339399, 0.000451624859124, 0.00113017426338, -0.00133220769931, 0.000288358976832, -0.00111146783456], [0.000170509578311, -0.000520550180227, 4.96992151966e-06, -0.00062543299282, 0.00587293691933, -0.000765636912547, -0.00282519403845, 0.00107498117723, -0.00112362194341, -0.00126538996119, 0.00162144715432, -0.00104737957008, 0.000793887418695], [1.26287386593e-05, 0.000222572940402, -0.000930094567593, -0.000489719794132, -0.000765636912547, 0.00732467044145, -0.00173871393781, -0.00354402139783, 0.00140382093377, -0.00281490478665, 0.000797207292635, 0.000270410848316, -0.00138454325497], [6.44817700959e-05, -0.000232640115428, 7.40824470995e-05, -0.000523596827406, -0.00282519403845, -0.00173871393781, 0.0115437805653, -0.00451831473038, -0.00316558941267, 0.00411420268938, -0.00380166200921, 0.00105239101686, -0.000701515062246], [-0.000170571816852, 6.62263410049e-05, -0.000131917535327, -0.000969689339399, 0.00107498117723, -0.00354402139783, -0.00451831473038, 0.0165560450405, -0.0061052236706, -0.00314053846523, 0.00488689215854, -0.00297893048264, 0.000786763383076], [0.000145549798617, -0.000591026153415, 3.63623839803e-05, 0.000451624859124, -0.00112362194341, 0.00140382093377, -0.00316558941267, -0.0061052236706, 0.0211059898138, -0.00851245503873, -0.00294311973266, 0.00499045103788, -0.00416100164875], [-0.000332163093844, 0.00176319666207, -0.00080014008563, 0.00113017426338, -0.00126538996119, -0.00281490478665, 0.00411420268938, -0.00314053846523, -0.00851245503873, 0.0261517968029, -0.0114154303446, -0.00439356081188, 0.00491120386869], [0.00023032684112, -0.00168258952908, 0.000539952307008, -0.00133220769931, 0.00162144715432, 0.000797207292635, -0.00380166200921, 0.00488689215854, -0.00294311973266, -0.0114154303446, 0.024446927011, -0.0090264370665, -0.00359362992458], [-0.000252974539762, 0.00114338845015, -0.000722382159438, 0.000288358976832, -0.00104737957008, 0.000270410848316, 0.00105239101686, -0.00297893048264, 0.00499045103788, -0.00439356081188, -0.0090264370665, 0.0263520367444, -0.00947807822376], [7.80761765782e-05, -0.000579686136916, 0.000765703909565, -0.00111146783456, 0.000793887418695, -0.00138454325497, -0.000701515062246, 0.000786763383076, -0.00416100164875, 0.00491120386869, -0.00359362992458, -0.00947807822376, 0.0197433903813]]
    },
    "melbands": {
        "dmean": [0.00191035133321, 0.00241333781742, 0.00153275905177, 0.00088094372768, 0.0007184871356, 0.000314818491461, 0.000154432622367, 6.31109069218e-05, 4.69520200568e-05, 4.81828756165e-05, 4.47155216534e-05, 5.20977264387e-05, 2.21730842895e-05, 2.43856775342e-05, 1.62049964274e-05, 1.52553839143e-05, 1.61453717737e-05, 8.64428238856e-06, 1.33527601065e-05, 1.08252615973e-05, 1.45958256326e-05, 8.54422978591e-06, 6.27869530945e-06, 5.49840660824e-06, 5.04996614836e-06, 5.65593154533e-06, 5.16654154126e-06, 4.24741892857e-06, 5.41526014786e-06, 5.13377062816e-06, 5.19429340784e-06, 4.60888441012e-06, 4.43714816356e-06, 4.11399696532e-06, 4.69650831292e-06, 5.44191607332e-06, 5.21091533301e-06, 4.18299669036e-06, 4.30852924183e-06, 4.42502550868e-06],
        "dmean2": [0.00251413416117, 0.00367414788343, 0.00275729596615, 0.00157305737957, 0.00126622593962, 0.000551639532205, 0.000261229055468, 0.000108679763798, 7.66265875427e-05, 7.66552839195e-05, 7.50352846808e-05, 9.17904617381e-05, 3.84931918234e-05, 4.13670531998e-05, 2.71105545835e-05, 2.63789588644e-05, 2.81454867945e-05, 1.4015531633e-05, 2.22648886847e-05, 1.80721126526e-05, 2.53026719292e-05, 1.45340081872e-05, 1.05372910184e-05, 8.75736077433e-06, 8.2628457676e-06, 8.92357002158e-06, 8.11318295746e-06, 6.79966160533e-06, 8.26754148875e-06, 8.35351238493e-06, 8.76760896062e-06, 7.09319192538e-06, 7.00767259332e-06, 6.62937372908e-06, 7.71931081545e-06, 9.11928145797e-06, 8.66414484335e-06, 6.47445995128e-06, 6.78308379065e-06, 7.02218039805e-06],
        "dvar": [8.48914987728e-06, 3.24990251102e-05, 1.12224352051e-05, 3.10867540065e-06, 1.8033156266e-06, 4.33864983052e-07, 1.02708355598e-07, 1.8027712656e-08, 1.01514459061e-08, 1.08027675694e-08, 1.07616973111e-08, 1.56620370007e-08, 3.19892001777e-09, 5.58086110658e-09, 1.58417734486e-09, 1.94988936109e-09, 3.37974537246e-09, 4.68693250877e-10, 2.72911626631e-09, 8.79665507103e-10, 2.49878717717e-09, 6.4394611865e-10, 3.48359896485e-10, 2.13251416525e-10, 1.7152515519e-10, 2.85235834951e-10, 2.16879236792e-10, 1.49153814299e-10, 2.15327186637e-10, 2.32206739947e-10, 1.79786185939e-10, 9.98164814692e-11, 9.29594942689e-11, 7.15504322457e-11, 1.01703957756e-10, 1.73359576694e-10, 1.51481494015e-10, 7.07633604491e-11, 7.19407450278e-11, 6.70053387775e-11],
        "dvar2": [1.53432029038e-05, 7.97591783339e-05, 3.08654452965e-05, 8.84288874659e-06, 5.14870362167e-06, 1.24939003854e-06, 2.49461066915e-07, 4.61657592155e-08, 2.35507116031e-08, 2.44436790808e-08, 2.85002546008e-08, 4.29208384389e-08, 8.40383851397e-09, 1.51405163962e-08, 3.88723764289e-09, 5.20416287841e-09, 9.4315666388e-09, 1.14188736244e-09, 7.39458005938e-09, 2.21912532794e-09, 6.5892211687e-09, 1.67448144239e-09, 9.19608555972e-10, 5.09407183102e-10, 4.30380148186e-10, 6.28401497504e-10, 5.20553766759e-10, 3.60031476854e-10, 4.95015528568e-10, 6.06292238636e-10, 4.75643968656e-10, 2.28700641758e-10, 2.05219854998e-10, 1.56332669032e-10, 2.4999352588e-10, 4.56426174633e-10, 3.91718768533e-10, 1.65793864748e-10, 1.73933450975e-10, 1.6170641215e-10],
        "max": [0.029298517853, 0.0478742681444, 0.0543792545795, 0.0184867829084, 0.0198519267142, 0.00883310101926, 0.00686808396131, 0.00163726008032, 0.00234240922146, 0.00228816107847, 0.00213887169957, 0.00122037925757, 0.00131729652639, 0.00134569883812, 0.000600494036917, 0.00106204801705, 0.000721778720617, 0.000411084824009, 0.00069365039235, 0.000349368259776, 0.000693251087796, 0.000325943430653, 0.000222124202992, 0.00019906097441, 0.000188404170331, 0.000202364084544, 0.000173529464519, 0.000141463824548, 0.000178819027497, 0.00021109294903, 0.000151658110553, 0.000107956853753, 0.000108986161649, 9.86990562524e-05, 0.000111280096462, 0.000182589326869, 0.000145639482071, 9.86416707747e-05, 9.34900745051e-05, 0.000109615466499],
        "mean": [0.00692761689425, 0.0035998004023, 0.00139369594399, 0.00105606904253, 0.00104390771594, 0.000474360102089, 0.000233287966694, 7.42330666981e-05, 5.94059529249e-05, 5.93642471358e-05, 5.66201742913e-05, 5.06648466398e-05, 2.1157467927e-05, 2.58768614003e-05, 1.70015791809e-05, 1.56903352035e-05, 1.41564187288e-05, 9.47268108575e-06, 1.2390180018e-05, 9.60761917668e-06, 1.18227444545e-05, 7.30235524316e-06, 6.13256042925e-06, 5.88593502471e-06, 4.87254146719e-06, 6.22286870566e-06, 6.06482308285e-06, 5.20643243362e-06, 6.29009036857e-06, 5.11115376867e-06, 5.01667000208e-06, 5.26669509782e-06, 5.09095707457e-06, 5.06681226398e-06, 5.22315895068e-06, 5.6571211644e-06, 5.45571401744e-06, 4.79709069623e-06, 4.66137407784e-06, 4.77464800497e-06],
        "median": [0.00365309673361, 0.00169533118606, 0.00039985316107, 0.000551118748263, 0.000567668699659, 0.00015021985746, 7.01861790731e-05, 2.07444063562e-05, 2.06685963349e-05, 1.93063060578e-05, 1.91698454728e-05, 1.57246722665e-05, 5.38253425475e-06, 6.92413232173e-06, 4.06476647186e-06, 3.68689075003e-06, 2.51206301982e-06, 2.12089003071e-06, 1.99613305085e-06, 1.40218867273e-06, 1.42874205267e-06, 9.51816787165e-07, 1.06926268018e-06, 1.02899343801e-06, 8.08743607195e-07, 9.34760407745e-07, 9.94351466943e-07, 8.47412366056e-07, 1.27964483454e-06, 8.43856923893e-07, 6.08185757756e-07, 1.14537567697e-06, 1.09333484488e-06, 1.00796023617e-06, 1.2054238141e-06, 1.11746953735e-06, 1.2266802969e-06, 1.24477401187e-06, 1.05333015199e-06, 1.16152932605e-06],
        "min": [9.34237399317e-24, 2.06948618139e-23, 7.50497810539e-24, 6.88939680889e-24, 2.34897928456e-24, 4.51196765021e-24, 1.40701972584e-23, 1.23093342891e-23, 6.37616153737e-24, 1.31887643149e-23, 1.07937360638e-23, 1.07902208996e-23, 6.842573181e-24, 5.76887156341e-24, 1.58977102968e-23, 1.02429383914e-23, 3.00119015391e-24, 1.00460734194e-23, 9.17741607814e-24, 8.4821117097e-24, 1.1832269079e-23, 6.34274854487e-24, 5.73263208229e-24, 1.02842786472e-23, 1.27539126295e-23, 1.12715577916e-23, 1.05472659403e-23, 1.17816565521e-23, 1.05988534992e-23, 8.20767488938e-24, 1.23619189682e-23, 9.27742470826e-24, 1.467592726e-23, 8.13082405999e-24, 1.03406506475e-23, 1.04883806292e-23, 1.03076265634e-23, 9.38986578625e-24, 1.53619680348e-23, 9.00569920288e-24],
        "var": [5.12290353072e-05, 3.69113513443e-05, 8.31542092783e-06, 2.49559707299e-06, 2.12457462112e-06, 6.25828647571e-07, 2.02468726229e-07, 2.41047555249e-08, 1.71940897076e-08, 1.5863559355e-08, 1.50308032687e-08, 1.23562822196e-08, 2.98419422506e-09, 4.95427210367e-09, 1.72319636338e-09, 1.77519898781e-09, 2.36752706329e-09, 5.19227494333e-10, 2.0493693409e-09, 7.96206156561e-10, 1.87333015766e-09, 5.39511768594e-10, 3.18392479048e-10, 2.36561187306e-10, 1.62005561744e-10, 3.32908506318e-10, 2.60840515853e-10, 1.98804611662e-10, 2.65843486114e-10, 2.18207896197e-10, 1.80217923917e-10, 1.33277153203e-10, 1.23222571036e-10, 1.09605199916e-10, 1.15917067611e-10, 1.44088740939e-10, 1.29291202744e-10, 8.00692082081e-11, 7.67970617654e-11, 7.32806593184e-11]
    },
    "mfcc": {
        "mean": [-693.311279297, 114.64730835, 46.889213562, 19.1981525421, 10.5020313263, 5.93901109695, 2.76412820816, 1.43374025822, -2.70808577538, -3.01707601547, -6.0763835907, -5.42587947845, -2.9875421524],
        "cov": [[15490.5517578, -2606.5949707, 1068.18408203, 715.462646484, 505.097717285, 469.004638672, 289.757049561, 221.74887085, 242.339797974, 277.509002686, 216.353912354, 330.879241943, 301.32131958], [-2606.5949707, 2967.24072266, -435.950897217, -204.194961548, -69.1429519653, -134.214996338, -47.9169616699, -19.2763652802, -85.8724060059, -102.577148438, -75.9390029907, -102.923530579, -78.6815948486], [1068.18408203, -435.950897217, 941.531860352, 166.474014282, 169.304946899, 194.936080933, 151.659835815, 117.835952759, 119.044120789, 130.557815552, 94.9740524292, 110.8383255, 79.6628265381], [715.462646484, -204.194961548, 166.474014282, 408.081207275, 142.609710693, 125.758361816, 129.115905762, 120.015426636, 77.5685501099, 74.4879226685, 52.0857048035, 39.3539810181, 42.9883956909], [505.097717285, -69.1429519653, 169.304946899, 142.609710693, 203.233032227, 127.362991333, 103.725311279, 85.7803726196, 74.9033584595, 77.7396621704, 61.5985641479, 45.3004837036, 38.8364334106], [469.004638672, -134.214996338, 194.936080933, 125.758361816, 127.362991333, 190.269485474, 139.937026978, 111.146255493, 91.9079055786, 91.8439025879, 69.5236206055, 57.2699775696, 52.4596824646], [289.757049561, -47.9169616699, 151.659835815, 129.115905762, 103.725311279, 139.937026978, 183.250442505, 134.622879028, 97.1061477661, 92.9348526001, 70.6436691284, 53.3734779358, 44.6021728516], [221.74887085, -19.2763652802, 117.835952759, 120.015426636, 85.7803726196, 111.146255493, 134.622879028, 169.835998535, 117.745368958, 90.486000061, 67.2446594238, 43.9035720825, 36.9001922607], [242.339797974, -85.8724060059, 119.044120789, 77.5685501099, 74.9033584595, 91.9079055786, 97.1061477661, 117.745368958, 135.657119751, 102.707717896, 64.5616531372, 39.4541549683, 32.971244812], [277.509002686, -102.577148438, 130.557815552, 74.4879226685, 77.7396621704, 91.8439025879, 92.9348526001, 90.486000061, 102.707717896, 130.458755493, 80.7474822998, 49.0765419006, 38.1455078125], [216.353912354, -75.9390029907, 94.9740524292, 52.0857048035, 61.5985641479, 69.5236206055, 70.6436691284, 67.2446594238, 64.5616531372, 80.7474822998, 100.279823303, 63.1192131042, 37.4047851562], [330.879241943, -102.923530579, 110.8383255, 39.3539810181, 45.3004837036, 57.2699775696, 53.3734779358, 43.9035720825, 39.4541549683, 49.0765419006, 63.1192131042, 93.8289718628, 58.1828117371], [301.32131958, -78.6815948486, 79.6628265381, 42.9883956909, 38.8364334106, 52.4596824646, 44.6021728516, 36.9001922607, 32.971244812, 38.1455078125, 37.4047851562, 58.1828117371, 77.9237213135]],
