{
"lowlevel": {
    "average_loudness": 0.841045975685,
    "barkbands_crest": {
        "dmean": 3.33400726318,
        "dmean2": 5.25792789459,
        "dvar": 9.64303874969,
        "dvar2": 23.1682777405,
        "max": 26.6069869995,
        "mean": 15.423368454,
        "median": 15.3078403473,
        "min": 3.03612518311,
        "var": 25.5617103577
    },
    "barkbands_flatness_db": {
        "dmean": 0.0706834495068,
        "dmean2": 0.107434473932,
        "dvar": 0.00501428125426,
        "dvar2": 0.0109846005216,
        "max": 0.693519353867,
        "mean": 0.338776946068,
        "median": 0.347282350063,
        "min": 0.0341876409948,
        "var": 0.0114292409271
    },
    "barkbands_kurtosis": {
        "dmean": 10.142827034,
        "dmean2": 15.7928600311,
        "dvar": 483.796844482,
        "dvar2": 1219.72290039,
        "max": 525.20715332,
        "mean": 12.4073410034,
        "median": 4.46073293686,
        "min": -1.91644561291,
        "var": 673.051208496
    },
    "barkbands_skewness": {
        "dmean": 1.03452062607,
        "dmean2": 1.48759138584,
        "dvar": 1.19790279865,
        "dvar2": 2.80911660194,
        "max": 18.3301906586,
        "mean": 2.09765911102,
        "median": 1.75223684311,
        "min": -3.46416044235,
        "var": 3.17120170593
    },
    "barkbands_spread": {
        "dmean": 4.7611322403,
        "dmean2": 8.27998256683,
        "dvar": 55.5122718811,
        "dvar2": 147.042434692,
        "max": 76.7373199463,
        "mean": 6.47629070282,
        "median": 4.44302225113,
        "min": 0.0742205604911,
        "var": 48.8412208557
    },
    "dissonance": {
        "dmean": 0.0549418665469,
        "dmean2": 0.0854744836688,
        "dvar": 0.00226759165525,
        "dvar2": 0.00505132507533,
        "max": 0.499885290861,
        "mean": 0.363355278969,
        "median": 0.377999871969,
        "min": 0.0473581925035,
        "var": 0.00691918144003
    },
    "dynamic_complexity": 3.86159729958,
    "erbbands_crest": {
        "dmean": 4.43227624893,
        "dmean2": 6.9392490387,
        "dvar": 15.3114376068,
        "dvar2": 36.6126289368,
        "max": 34.2865447998,
        "mean": 14.8941783905,
        "median": 14.1809062958,
        "min": 2.72429776192,
        "var": 37.4547538757
    },
    "erbbands_flatness_db": {
        "dmean": 0.0514497235417,
        "dmean2": 0.0764932408929,
        "dvar": 0.00256105163135,
        "dvar2": 0.00491434009746,
        "max": 0.580140173435,
        "mean": 0.307927429676,
        "median": 0.311061561108,
        "min": 0.0676465928555,
        "var": 0.00831197574735
    },
    "erbbands_kurtosis": {
        "dmean": 3.710064888,
        "dmean2": 5.74244642258,
        "dvar": 44.790222168,
        "dvar2": 105.915962219,
        "max": 195.281784058,
        "mean": 4.03155374527,
        "median": 1.57588577271,
        "min": -1.92219102383,
        "var": 76.8999710083
    },
    "erbbands_skewness": {
        "dmean": 0.764149725437,
        "dmean2": 1.17387795448,
        "dvar": 0.590372741222,
        "dvar2": 1.49806046486,
        "max": 11.2168302536,
        "mean": 0.830067396164,
        "median": 0.65609651804,
        "min": -4.01081085205,
        "var": 1.49668443203
    },
    "erbbands_spread": {
        "dmean": 10.1704387665,
        "dmean2": 16.6529502869,
        "dvar": 201.20161438,
        "dvar2": 477.674804688,
        "max": 128.427658081,
        "mean": 16.4580173492,
        "median": 11.4797697067,
        "min": 0.397210627794,
        "var": 225.572921753
    },
    "hfc": {
        "dmean": 6.81113290787,
        "dmean2": 11.111787796,
        "dvar": 113.499710083,
        "dvar2": 296.854522705,
        "max": 112.497688293,
        "mean": 12.3928108215,
        "median": 8.61782932281,
        "min": 1.20553898044e-16,
        "var": 162.290679932
    },
    "melbands_crest": {
        "dmean": 3.91848897934,
        "dmean2": 6.04906368256,
        "dvar": 14.5684528351,
        "dvar2": 32.8642730713,
        "max": 39.2067527771,
        "mean": 21.0602779388,
        "median": 20.748210907,
        "min": 1.8733934164,
        "var": 50.7444915771
    },
    "melbands_flatness_db": {
        "dmean": 0.0848799943924,
        "dmean2": 0.128989219666,
        "dvar": 0.00756410509348,
        "dvar2": 0.016645854339,
        "max": 0.849519014359,
        "mean": 0.446738511324,
        "median": 0.460677415133,
        "min": 0.00586780719459,
        "var": 0.01517013181
    },
    "melbands_kurtosis": {
        "dmean": 14.2642908096,
        "dmean2": 22.787815094,
        "dvar": 1479.04980469,
        "dvar2": 3966.60107422,
        "max": 1694.01464844,
        "mean": 17.5914707184,
        "median": 7.53673267365,
        "min": -1.79898583889,
        "var": 1575.39953613
    },
    "melbands_skewness": {
        "dmean": 1.15025341511,
        "dmean2": 1.67200624943,
        "dvar": 1.69819509983,
        "dvar2": 4.05651283264,
        "max": 35.8173332214,
        "mean": 2.56158828735,
        "median": 2.17802190781,
        "min": -3.46509766579,
        "var": 4.38321256638
    },
    "melbands_spread": {
        "dmean": 4.91165113449,
        "dmean2": 8.44237422943,
        "dvar": 74.7429733276,
        "dvar2": 200.839813232,
        "max": 137.188537598,
        "mean": 7.14687490463,
        "median": 5.10644817352,
        "min": 0.0969250947237,
        "var": 63.7305488586
    },
    "pitch_salience": {
        "dmean": 0.0934056192636,
        "dmean2": 0.143875524402,
        "dvar": 0.00793163850904,
        "dvar2": 0.0190970320255,
        "max": 0.844632327557,
        "mean": 0.398963987827,
        "median": 0.406693011522,
        "min": 0.0257533546537,
        "var": 0.0212592147291
    },
    "silence_rate_20dB": {
        "dmean": 0.000496935565025,
        "dmean2": 0.000993953435682,
        "dvar": 0.000496740569361,
        "dvar2": 0.00149014987983,
        "max": 1,
        "mean": 0.999751567841,
        "median": 1,
        "min": 0,
        "var": 0.000248386611929
    },
    "silence_rate_30dB": {
        "dmean": 0.133344382048,
        "dmean2": 0.266710847616,
        "dvar": 0.115569964051,
        "dvar2": 0.231837168336,
        "max": 1,
        "mean": 0.798674941063,
        "median": 1,
        "min": 0,
        "var": 0.160795494914
    },
    "silence_rate_60dB": {
        "dmean": 0.0400861352682,
        "dmean2": 0.0801789090037,
        "dvar": 0.038482002914,
        "dvar2": 0.0833481028676,
        "max": 1,
        "mean": 0.112712211907,
        "median": 0,
        "min": 0,
        "var": 0.100001305342
    },
    "spectral_centroid": {
        "dmean": 314.912994385,
        "dmean2": 556.115112305,
        "dvar": 251522.984375,
        "dvar2": 640419.4375,
        "max": 10675.0898438,
        "mean": 589.854431152,
        "median": 436.875366211,
        "min": 87.3767089844,
        "var": 199063.390625
    },
    "spectral_complexity": {
        "dmean": 4.16349172592,
        "dmean2": 7.3269276619,
        "dvar": 36.0202064514,
        "dvar2": 94.8790359497,
        "max": 41,
        "mean": 8.81772232056,
        "median": 7,
        "min": 0,
        "var": 42.6841964722
    },
    "spectral_decrease": {
        "dmean": 7.27420035318e-09,
        "dmean2": 1.12511209238e-08,
        "dvar": 1.62476086467e-16,
        "dvar2": 4.16754159623e-16,
        "max": 1.0350185855e-28,
        "mean": -1.47811061169e-08,
        "median": -9.65569224576e-09,
        "min": -1.0878500234e-07,
        "var": 2.53398932366e-16
    },
    "spectral_energy": {
        "dmean": 0.0278330780566,
        "dmean2": 0.0430080629885,
        "dvar": 0.00234954338521,
        "dvar2": 0.00601852731779,
        "max": 0.414031386375,
        "mean": 0.0569113083184,
        "median": 0.0377885699272,
        "min": 1.05439557537e-20,
        "var": 0.00369742931798
    },
    "spectral_energyband_high": {
        "dmean": 0.00020141818095,
        "dmean2": 0.000380633748136,
        "dvar": 2.61576275307e-07,
        "dvar2": 7.35930882456e-07,
        "max": 0.0076096537523,
        "mean": 0.000116898219858,
        "median": 1.52992470248e-06,
        "min": 7.84105586051e-21,
        "var": 1.51605462406e-07
    },
    "spectral_energyband_low": {
        "dmean": 0.0247833095491,
        "dmean2": 0.0391822382808,
        "dvar": 0.00233524129726,
        "dvar2": 0.0060267704539,
        "max": 0.403173178434,
        "mean": 0.039398688823,
        "median": 0.0129498634487,
        "min": 7.77419455978e-23,
        "var": 0.00307024992071
    },
    "spectral_energyband_middle_high": {
        "dmean": 0.00202585710213,
        "dmean2": 0.00352206453681,
        "dvar": 1.44948326124e-05,
        "dvar2": 3.91797584598e-05,
        "max": 0.0468181222677,
        "mean": 0.00225174683146,
        "median": 0.000648727116641,
        "min": 1.32605352271e-21,
        "var": 1.46693610077e-05
    },
    "spectral_energyband_middle_low": {
        "dmean": 0.00616629421711,
        "dmean2": 0.00869809277356,
        "dvar": 6.79432050674e-05,
        "dvar2": 0.000147961691255,
        "max": 0.127547800541,
        "mean": 0.015894934535,
        "median": 0.0113654378802,
        "min": 2.45951103517e-22,
        "var": 0.000228712699027
    },
    "spectral_entropy": {
        "dmean": 0.648433566093,
        "dmean2": 1.01065468788,
        "dvar": 0.44900316,
        "dvar2": 0.924934864044,
        "max": 9.79690647125,
        "mean": 5.99081707001,
        "median": 5.87407779694,
        "min": 3.06675648689,
        "var": 0.917437553406
    },
    "spectral_flux": {
        "dmean": 0.0545850284398,
        "dmean2": 0.0819215327501,
        "dvar": 0.00453629950061,
        "dvar2": 0.00825378112495,
        "max": 0.581058204174,
        "mean": 0.103318601847,
        "median": 0.069716848433,
        "min": 1.02683764269e-10,
        "var": 0.00925871822983
    },
    "spectral_kurtosis": {
        "dmean": 23.5216732025,
        "dmean2": 37.6820411682,
        "dvar": 565.967651367,
        "dvar2": 1260.59985352,
        "max": 454.29397583,
        "mean": 44.9874267578,
        "median": 32.9101066589,
        "min": -1.24161624908,
        "var": 2190.7956543
    },
    "spectral_rms": {
        "dmean": 0.00157379801385,
        "dmean2": 0.00224209367298,
        "dvar": 4.34257572124e-06,
        "dvar2": 1.03121074062e-05,
        "max": 0.0200980864465,
        "mean": 0.0063794804737,
        "median": 0.00607181200758,
        "min": 3.20730204548e-12,
        "var": 1.48251028804e-05
    },
    "spectral_rolloff": {
        "dmean": 245.749145508,
        "dmean2": 451.39263916,
        "dvar": 278257.90625,
        "dvar2": 694888.375,
        "max": 18927.6855469,
        "mean": 490.535369873,
        "median": 387.59765625,
        "min": 43.06640625,
        "var": 237536.796875
    },
    "spectral_skewness": {
        "dmean": 1.67586290836,
        "dmean2": 2.63873052597,
        "dvar": 2.0870847702,
        "dvar2": 4.32164144516,
        "max": 18.6643733978,
        "mean": 4.35405349731,
        "median": 3.98732924461,
        "min": 0.0204694792628,
        "var": 7.36588191986
    },
    "spectral_spread": {
        "dmean": 737245.5625,
        "dmean2": 1160201.375,
        "dvar": 723001278464,
        "dvar2": 1.28238996685e+12,
        "max": 40814176,
        "mean": 1927624.625,
        "median": 1597697.625,
        "min": 263333,
        "var": 1.26635134157e+12
    },
    "spectral_strongpeak": {
        "dmean": 0.375630140305,
        "dmean2": 0.585942149162,
        "dvar": 0.258309036493,
        "dvar2": 0.580129027367,
        "max": 6.40434598923,
        "mean": 0.820829868317,
        "median": 0.589914321899,
        "min": 0,
        "var": 0.559625446796
    },
    "zerocrossingrate": {
        "dmean": 0.00438886974007,
        "dmean2": 0.00579988164827,
        "dvar": 4.89638514409e-05,
        "dvar2": 5.83524633839e-05,
        "max": 0.5029296875,
        "mean": 0.0169261936098,
        "median": 0.01611328125,
        "min": 0.00146484375,
        "var": 0.000115257149446
    },
    "barkbands": {
        "dmean": [0.00196210038848, 0.0180396400392, 0.0069471122697, 0.00122490187641, 0.00163087330293, 0.00296150497161, 0.00100302847568, 0.000928006717004, 0.000911817071028, 0.000800759124104, 0.000405640952522, 0.000240986701101, 0.000152845692355, 0.000196311593754, 0.000190677223145, 0.000159939052537, 0.000141198936035, 0.000162339769304, 0.000195463071577, 0.000186736360774, 5.87386093684e-05, 3.06609908876e-05, 1.2387593415e-05, 7.61925775805e-06, 3.25532710121e-06, 1.87320381428e-06, 6.4500403596e-07],
        "dmean2": [0.00291679590009, 0.0281506869942, 0.0125905927271, 0.00215294281952, 0.00219573895447, 0.00389472092502, 0.00151734636165, 0.00127541238908, 0.00133878935594, 0.00124356255401, 0.000663631828502, 0.000399615964852, 0.000272009870969, 0.000351442489773, 0.000353876908775, 0.000299702718621, 0.000263038149569, 0.000308694900014, 0.00037184759276, 0.000355019612471, 0.000111713561637, 5.83454566367e-05, 2.33962146012e-05, 1.44175464811e-05, 6.06779485679e-06, 3.5138154999e-06, 1.19451851788e-06],
        "dvar": [1.86831184692e-05, 0.00110170629341, 0.000459559058072, 1.19029864436e-05, 8.86576435732e-06, 2.29601500905e-05, 7.28475970391e-06, 3.41745862897e-06, 3.47353488905e-06, 3.2611626466e-06, 9.6017015494e-07, 5.20627736478e-07, 1.34602501589e-07, 2.25245699426e-07, 2.92746506148e-07, 2.08678883951e-07, 1.37259931421e-07, 1.68360656971e-07, 2.04718915597e-07, 2.43759984642e-07, 2.49337990255e-08, 1.05939337303e-08, 1.80164949626e-09, 8.7225410228e-10, 1.23835830479e-10, 6.63029839365e-11, 6.60216672999e-12],
        "dvar2": [3.78935583285e-05, 0.0028291887138, 0.00129516900051, 3.39861107932e-05, 1.70024068211e-05, 4.119741061e-05, 1.45534195326e-05, 6.4739761001e-06, 6.88712816554e-06, 6.94241998644e-06, 2.30871273743e-06, 1.29552097405e-06, 3.64508736084e-07, 6.08620098319e-07, 8.01711621534e-07, 5.85755174143e-07, 3.80098953201e-07, 4.76314596654e-07, 5.74156274524e-07, 6.88742943566e-07, 7.0803380936e-08, 3.05461504979e-08, 5.17615550422e-09, 2.51803267126e-09, 3.49222012419e-10, 1.90532228883e-10, 1.87526903728e-11],
        "max": [0.0635316222906, 0.337060540915, 0.223380386829, 0.0395945310593, 0.0656887218356, 0.0769840851426, 0.0616543218493, 0.0361281819642, 0.0451984480023, 0.0414741560817, 0.0364199765027, 0.0132115082815, 0.00649719219655, 0.00730483792722, 0.0139006422833, 0.00518118869513, 0.00673482660204, 0.00569292763248, 0.00432332139462, 0.00779083603993, 0.00215803110041, 0.00232399930246, 0.000812090642285, 0.000476185174193, 0.00013601014507, 9.38930752454e-05, 2.69809879683e-05],
        "mean": [0.00429850304499, 0.0294545907527, 0.00522292824462, 0.00127823173534, 0.00305770547129, 0.00608278624713, 0.00167844432872, 0.00161468586884, 0.00141502125189, 0.00104169861879, 0.000473741296446, 0.000280341599137, 0.000133922527311, 0.000161903662956, 0.000129963533254, 0.000104036073026, 9.51093970798e-05, 9.84824946499e-05, 0.000115571237984, 0.000107394647785, 3.38842655765e-05, 1.73745756911e-05, 7.08094967194e-06, 4.34879757449e-06, 1.9384171992e-06, 1.10978169232e-06, 3.98094556431e-07],
        "median": [9.80906115728e-05, 0.0084038618952, 0.000409598986153, 0.000398431380745, 0.00109419645742, 0.00231887726113, 0.000332299299771, 0.000354982184945, 0.000287267495878, 0.000180916293175, 5.82617976761e-05, 3.24211287079e-05, 1.54330609803e-05, 1.29343816297e-05, 1.14092244985e-05, 6.60400655761e-06, 6.57160217088e-06, 4.92069420943e-06, 3.98922611566e-06, 1.64303730799e-06, 5.10800703069e-07, 1.16957359353e-07, 3.45734072482e-08, 1.86447763895e-08, 1.49190366727e-08, 1.81229253826e-08, 1.76146528474e-08],
        "min": [2.37468053063e-23, 3.52390855903e-23, 2.11928870583e-23, 1.86586430013e-23, 1.48067598411e-23, 4.02016075966e-23, 4.25885870999e-23, 3.36676494235e-23, 7.61454678305e-23, 4.64500990962e-23, 8.93317637996e-23, 1.38733976041e-22, 1.17385077539e-22, 1.08659556486e-22, 7.06362084188e-23, 6.17416881165e-23, 1.87769670883e-22, 1.87675941586e-22, 2.139110824e-22, 3.32284495368e-22, 2.76074937319e-22, 4.60333785899e-22, 9.35710303601e-22, 7.37185845872e-22, 1.30370874096e-21, 1.53670346675e-21, 2.68832709533e-21],
        "var": [7.37418522476e-05, 0.00168302108068, 0.000282048684312, 8.1408297774e-06, 2.58871496044e-05, 8.03687798907e-05, 2.22499384108e-05, 1.01784517028e-05, 8.62981050886e-06, 6.07873289482e-06, 1.72338343418e-06, 7.65289996707e-07, 1.23346950431e-07, 2.01178679049e-07, 2.03048784897e-07, 1.30599175918e-07, 9.51190415321e-08, 9.84576971064e-08, 1.20739429121e-07, 1.39895647067e-07, 1.41399221221e-08, 5.82617953881e-09, 1.00104158296e-09, 4.79341732973e-10, 7.22394921659e-11, 3.70144123685e-11, 3.80763389568e-12]
    },
    "erbbands": {
        "dmean": [0.628113508224, 3.99934482574, 8.84922409058, 5.38138723373, 2.85539150238, 6.07172632217, 17.2650737762, 25.1608810425, 19.4268074036, 17.4654083252, 15.5762653351, 21.7162723541, 30.5992240906, 13.4067296982, 16.1956157684, 10.8358917236, 7.02787160873, 9.94330883026, 10.4814195633, 8.69211196899, 8.59277915955, 7.36129951477, 8.47612857819, 9.31503486633, 10.2006378174, 8.11479663849, 4.56678819656, 1.67823505402, 1.1628433466, 0.535756707191, 0.309163242579, 0.189728751779, 0.105427846313, 0.0469755865633, 0.0186328366399, 0.0103074200451, 0.00246489653364, 0.000780009955633, 0.000110861299618, 3.46448287019e-05],
        "dmean2": [0.978444695473, 6.3900680542, 15.7282791138, 9.3988494873, 4.760679245, 7.99531412125, 23.6083621979, 32.2449569702, 27.4849891663, 24.8146953583, 22.0677318573, 31.1941452026, 46.8586578369, 22.2697219849, 26.3972187042, 17.6369934082, 12.3218479156, 17.5507736206, 19.4443588257, 16.1916027069, 15.9675769806, 13.8194446564, 16.0377864838, 17.705537796, 19.4411087036, 15.3955717087, 8.67147159576, 3.18026471138, 2.21034145355, 1.01212978363, 0.584257304668, 0.360282719135, 0.198743849993, 0.0877187252045, 0.0347745716572, 0.0194563642144, 0.0046159690246, 0.00144880719017, 0.000199917383725, 5.397374116e-05],
        "dvar": [1.32004618645, 69.7339859009, 675.817871094, 247.287139893, 43.7561225891, 171.681655884, 1062.70800781, 2068.41162109, 2467.02197266, 2446.48657227, 965.465637207, 2306.74291992, 5085.4609375, 1030.94104004, 1632.51708984, 966.999084473, 252.594680786, 586.106262207, 825.971069336, 603.349487305, 687.597961426, 326.95791626, 419.114837646, 460.531921387, 633.534423828, 443.437805176, 135.753005981, 21.9268341064, 14.0829563141, 2.88656449318, 1.23713314533, 0.56795167923, 0.143416449428, 0.0272046942264, 0.00378372450359, 0.0018613851862, 0.000120946475363, 1.10816490633e-05, 1.76882210212e-07, 3.40777672747e-09],
        "dvar2": [3.36782360077, 181.041595459, 1894.72802734, 693.290161133, 119.030670166, 329.87411499, 2113.58081055, 3492.96508789, 4809.69335938, 4729.05419922, 1874.60119629, 4408.96533203, 10812.6474609, 2550.33105469, 3886.69848633, 2255.18701172, 670.770935059, 1575.671875, 2247.44189453, 1692.73193359, 1928.46679688, 912.938842773, 1182.04211426, 1291.35852051, 1786.7298584, 1251.56799316, 382.283203125, 62.3659057617, 40.5017280579, 8.27105140686, 3.56450176239, 1.64563310146, 0.411281079054, 0.076922737062, 0.0106699001044, 0.00538738025352, 0.000347447727108, 3.14196113322e-05, 5.01237138906e-07, 8.61458193668e-09],
        "max": [13.1169300079, 78.280921936, 272.046478271, 143.299041748, 119.649330139, 291.846191406, 594.09576416, 951.153808594, 1121.16699219, 1998.05114746, 658.76574707, 1319.48022461, 1642.72900391, 595.928710938, 1803.26257324, 683.089294434, 310.584106445, 346.345703125, 880.49206543, 282.730651855, 472.134124756, 200.569702148, 256.245910645, 263.399810791, 280.999572754, 345.139129639, 160.77041626, 54.8391876221, 99.041809082, 31.6376914978, 28.1990070343, 12.1523981094, 5.8074593544, 2.61637043953, 0.691322863102, 0.497130066156, 0.125793799758, 0.0402071513236, 0.00460020639002, 0.000503787188791],
        "mean": [1.22931444645, 4.99877309799, 7.16791772842, 4.91454601288, 3.98659682274, 11.1608448029, 31.4215354919, 54.4335365295, 36.6715354919, 29.3253078461, 27.8171730042, 35.9422111511, 42.0039749146, 16.0031890869, 19.0786457062, 13.3830890656, 6.84126615524, 8.89476108551, 7.44071054459, 5.91883039474, 5.76406335831, 4.80502891541, 5.2585105896, 5.59301424026, 5.9071097374, 4.70033359528, 2.63123130798, 0.971360087395, 0.660637915134, 0.308526813984, 0.176431253552, 0.107322387397, 0.0607091337442, 0.0278163924813, 0.0111138243228, 0.00595909403637, 0.00146881386172, 0.000470147933811, 8.95266493899e-05, 6.68016364216e-05],
        "median": [0.170737370849, 1.49869644642, 0.924532413483, 1.45130479336, 1.26738071442, 3.24523234367, 12.0992860794, 17.1235542297, 8.95946979523, 6.96614122391, 6.90830612183, 8.45168209076, 9.87768936157, 3.4414639473, 3.05730700493, 1.81742286682, 1.07273137569, 1.08115410805, 0.730585873127, 0.504803061485, 0.490481823683, 0.336811691523, 0.277684181929, 0.223177790642, 0.160293847322, 0.081446647644, 0.0379124991596, 0.0112278237939, 0.00473089516163, 0.00210146233439, 0.000921155326068, 0.000506616546772, 0.000302568369079, 0.000202168652322, 0.000134981048177, 8.98682555999e-05, 4.95012100146e-05, 1.32762734211e-05, 2.38751181314e-05, 4.42896052846e-05],
        "min": [6.92158119786e-22, 8.74846976131e-21, 2.44700979358e-20, 5.38432378667e-20, 7.1726898866e-20, 3.23849610868e-20, 5.47957072615e-20, 4.28081399084e-19, 4.22678022679e-19, 9.37149518703e-19, 8.29026362692e-19, 2.25028426547e-18, 1.61303280016e-18, 1.71156314261e-18, 6.65645887402e-18, 3.86249670926e-18, 5.01079958895e-18, 5.43485827947e-18, 3.81004849534e-18, 4.3084206785e-18, 5.75823171865e-18, 9.84290996762e-18, 9.60184637607e-18, 1.24507349879e-17, 9.63510896286e-18, 1.442803166e-17, 1.05509831894e-17, 1.46861169742e-17, 1.45690907699e-17, 2.59505120091e-17, 2.50558748176e-17, 1.73206988057e-17, 1.27925566226e-17, 1.3793839729e-17, 8.77560461351e-18, 5.82323239837e-18, 2.86672303939e-18, 1.33398280013e-18, 3.3999550434e-19, 4.08040667536e-20],
        "var": [3.0406832695, 73.8749313354, 435.154418945, 159.138626099, 51.9506835938, 476.330200195, 2710.69946289, 8189.95263672, 8184.17578125, 6563.48046875, 2765.56762695, 5960.05371094, 9333.07226562, 1621.0411377, 3082.41650391, 1708.54956055, 264.02355957, 544.412902832, 608.22869873, 374.232452393, 432.035614014, 207.622497559, 249.580718994, 275.186401367, 364.945129395, 255.765609741, 78.314201355, 12.4378223419, 7.79111814499, 1.61257874966, 0.683259308338, 0.309092134237, 0.0801204517484, 0.0157710760832, 0.00220416486263, 0.00101866258774, 6.77119896864e-05, 6.41786346023e-06, 1.04949485547e-07, 5.18288967299e-09]
    },
    "gfcc": {
        "mean": [-145.99659729, 191.552108765, -98.9903030396, -6.9828248024, -39.3635673523, -22.4372406006, -14.7154054642, -1.54900360107, -11.730474472, -2.94818973541, -0.100116863847, -2.07152938843, 3.62678694725],
        "cov": [[15477.6835938, -1297.66992188, -1790.50671387, 3853.1628418, 876.485900879, 1021.7064209, 1120.21911621, 1008.4284668, 465.960662842, 509.928924561, 157.188781738, -75.9978027344, -55.8658180237], [-1297.66992188, 1797.36096191, 183.153533936, -756.943603516, 575.622619629, -217.649246216, 176.715209961, -92.0723114014, 231.64390564, -52.1281013489, 143.70715332, -72.7361450195, 78.447845459], [-1790.50671387, 183.153533936, 1991.86584473, 303.513427734, 7.81889533997, 314.251708984, 154.578140259, 115.271430969, 146.964538574, 117.250923157, 71.1817932129, 106.948760986, 46.497051239], [3853.1628418, -756.943603516, 303.513427734, 2023.00378418, 270.737030029, 520.263061523, 521.630615234, 461.393127441, 201.348373413, 221.190582275, 51.6831588745, 41.1193122864, 10.632891655], [876.485900879, 575.622619629, 7.81889533997, 270.737030029, 653.128601074, 205.86680603, 314.596160889, 190.243041992, 243.108718872, 104.67023468, 148.783218384, 12.0558576584, 64.9563217163], [1021.7064209, -217.649246216, 314.251708984, 520.263061523, 205.86680603, 456.940612793, 266.260864258, 223.386062622, 143.989685059, 116.982254028, 49.1062927246, 67.1561279297, 29.4866714478], [1120.21911621, 176.715209961, 154.578140259, 521.630615234, 314.596160889, 266.260864258, 448.703796387, 275.783081055, 205.219390869, 109.446762085, 94.0625686646, 30.9311637878, 67.0846328735], [1008.4284668, -92.0723114014, 115.271430969, 461.393127441, 190.243041992, 223.386062622, 275.783081055, 296.453491211, 164.348007202, 109.36264801, 51.9601821899, 24.2281227112, 28.6925182343], [465.960662842, 231.64390564, 146.964538574, 201.348373413, 243.108718872, 143.989685059, 205.219390869, 164.348007202, 249.810317993, 129.475021362, 98.4990386963, 27.5990943909, 41.9715881348], [509.928924561, -52.1281013489, 117.250923157, 221.190582275, 104.67023468, 116.982254028, 109.446762085, 109.36264801, 129.475021362, 181.684005737, 118.474525452, 37.7416152954, 21.0424213409], [157.188781738, 143.70715332, 71.1817932129, 51.6831588745, 148.783218384, 49.1062927246, 94.0625686646, 51.9601821899, 98.4990386963, 118.474525452, 165.050445557, 62.2533912659, 44.2081947327], [-75.9978027344, -72.7361450195, 106.948760986, 41.1193122864, 12.0558576584, 67.1561279297, 30.9311637878, 24.2281227112, 27.5990943909, 37.7416152954, 62.2533912659, 109.162757874, 55.7902603149], [-55.8658180237, 78.447845459, 46.497051239, 10.632891655, 64.9563217163, 29.4866714478, 67.0846328735, 28.6925182343, 41.9715881348, 21.0424213409, 44.2081947327, 55.7902603149, 97.7477874756]],
        "icov": [[0.000233180224313, -0.00025288836332, 0.000371146132238, -0.000498133071233, 0.000193708459847, -0.000407214160077, 0.000207066361327, -0.00023559955298, 0.000164237688296, -0.0003182834771, -2.78291972791e-05, 7.1390219091e-05, 0.000104862308945], [-0.00025288836332, 0.00375410541892, -0.00123490719125, 0.00180693122093, -0.00294821849093, 0.00279265805148, -0.00307831238024, 0.00305211404338, -0.00313714542426, 0.00314677762799, -0.00166413816623, 0.00254923547618, -0.000465766352136], [0.000371146132238, -0.00123490719125, 0.00139944569673, -0.00111081288196, 0.00124821381178, -0.00167744420469, 0.000978511758149, -0.000796617416199, 0.000514233193826, -0.0010751351947, 0.000207711957046, -0.000713062938303, 0.000220850299229], [-0.000498133071233, 0.00180693122093, -0.00111081288196, 0.00249925465323, -0.00149992003571, 0.00143842212856, -0.00226797000505, 0.000847352668643, -0.000646612024866, 0.0004931454896, 0.000372940441594, 0.000448575912742, 0.00013907389075], [0.000193708459847, -0.00294821849093, 0.00124821381178, -0.00149992003571, 0.00603988580406, -0.00353436893784, 0.00181486236397, -0.00225279433653, -0.00013514161401, 0.000544814975001, -0.00283512915485, 0.000850449723657, -0.000747973157559], [-0.000407214160077, 0.00279265805148, -0.00167744420469, 0.00143842212856, -0.00353436893784, 0.00779544189572, -0.00399930169806, 0.00136687268969, -0.00146559730638, -0.000521314272191, 0.00281389802694, -0.00273730512708, 0.00153932569083], [0.000207066361327, -0.00307831238024, 0.000978511758149, -0.00226797000505, 0.00181486236397, -0.00399930169806, 0.0109549006447, -0.00697415228933, 0.00069054326741, 0.00103755656164, -0.00247926055454, 0.0012004727032, -0.00318447197787], [-0.00023559955298, 0.00305211404338, -0.000796617416199, 0.000847352668643, -0.00225279433653, 0.00136687268969, -0.00697415228933, 0.0135066434741, -0.00512754963711, -0.000205215779715, 0.00173999113031, 0.000771470717154, 0.000627652101684], [0.000164237688296, -0.00313714542426, 0.000514233193826, -0.000646612024866, -0.00013514161401, -0.00146559730638, 0.00069054326741, -0.00512754963711, 0.0142723498866, -0.00896586943418, 0.00331073068082, -0.00269315345213, -0.0001580119133], [-0.0003182834771, 0.00314677762799, -0.0010751351947, 0.0004931454896, 0.000544814975001, -0.000521314272191, 0.00103755656164, -0.000205215779715, -0.00896586943418, 0.0225320998579, -0.0162044651806, 0.00681337853894, -0.000666956650093], [-2.78291972791e-05, -0.00166413816623, 0.000207711957046, 0.000372940441594, -0.00283512915485, 0.00281389802694, -0.00247926055454, 0.00173999113031, 0.00331073068082, -0.0162044651806, 0.0237123556435, -0.0122084980831, 0.00171678571496], [7.1390219091e-05, 0.00254923547618, -0.000713062938303, 0.000448575912742, 0.000850449723657, -0.00273730512708, 0.0012004727032, 0.000771470717154, -0.00269315345213, 0.00681337853894, -0.0122084980831, 0.0231842249632, -0.0105258366093], [0.000104862308945, -0.000465766352136, 0.000220850299229, 0.00013907389075, -0.000747973157559, 0.00153932569083, -0.00318447197787, 0.000627652101684, -0.0001580119133, -0.000666956650093, 0.00171678571496, -0.0105258366093, 0.0180206093937]]
    },
    "melbands": {
        "dmean": [0.00510982703418, 0.00489683216438, 0.000898680707905, 0.000246580049861, 0.000554669531994, 0.000566153030377, 0.000266680173809, 0.000199315443751, 0.000123510733829, 0.000146536563989, 0.000149806641275, 5.23575945408e-05, 5.2289062296e-05, 3.29902395606e-05, 2.11079259316e-05, 1.61759799084e-05, 1.90002901945e-05, 1.68899350683e-05, 1.33527773869e-05, 1.13363621494e-05, 1.05518065538e-05, 7.80525715527e-06, 7.67545316194e-06, 7.55758901505e-06, 7.50700610297e-06, 7.58848364057e-06, 7.10585845809e-06, 5.04507761434e-06, 3.51065023096e-06, 1.45348872138e-06, 8.5052073473e-07, 8.09224445675e-07, 3.42158841704e-07, 2.892431894e-07, 2.02617314926e-07, 1.27265366245e-07, 1.04888776775e-07, 8.26496204809e-08, 4.5579803043e-08, 3.84972942413e-08],
        "dmean2": [0.00792098138481, 0.00829410366714, 0.00156119640451, 0.000350231624907, 0.00074147596024, 0.000733275723178, 0.000380041339668, 0.000279506581137, 0.000176712230314, 0.000211974373087, 0.000230608784477, 8.80303268787e-05, 8.66205737111e-05, 5.37028463441e-05, 3.51372837031e-05, 2.83892295556e-05, 3.35913609888e-05, 3.1468400266e-05, 2.49756394624e-05, 2.11562291952e-05, 1.9721175704e-05, 1.46094153024e-05, 1.4572492546e-05, 1.43650695463e-05, 1.42816406878e-05, 1.44688865475e-05, 1.35695381687e-05, 9.55717951001e-06, 6.66978667141e-06, 2.7613043585e-06, 1.61363107054e-06, 1.5431154452e-06, 6.48518948765e-07, 5.45810507901e-07, 3.82607993288e-07, 2.43153863266e-07, 1.98640549343e-07, 1.55876307417e-07, 8.55481445683e-08, 7.18623027751e-08],
        "dvar": [8.24450689834e-05, 0.000159381437697, 6.47248543828e-06, 2.19165286808e-07, 8.78442676822e-07, 9.40318784615e-07, 4.37880515847e-07, 2.78996452607e-07, 7.26057720613e-08, 1.05011771723e-07, 1.23921282125e-07, 1.78024475161e-08, 1.74592127422e-08, 8.57468052118e-09, 3.22169713129e-09, 1.721959908e-09, 2.36647967888e-09, 2.32439090198e-09, 1.66857838657e-09, 1.26184929172e-09, 1.51724677266e-09, 4.15103895701e-10, 3.70011132844e-10, 3.90512955306e-10, 3.08271297378e-10, 3.8297290339e-10, 3.94284244143e-10, 1.74754252735e-10, 9.02405580816e-11, 1.99009940471e-11, 7.67701440613e-12, 8.47591875158e-12, 1.09660587902e-12, 8.97852376214e-13, 6.56713561569e-13, 2.42900697386e-13, 1.84149028491e-13, 9.04005941827e-14, 3.01756639424e-14, 1.80825677782e-14],
        "dvar2": [0.000209732097574, 0.000434230780229, 1.80932547664e-05, 4.8260812946e-07, 1.70010775946e-06, 1.60961474194e-06, 8.44905741815e-07, 5.36998754797e-07, 1.38623391877e-07, 2.01407516442e-07, 2.64053284127e-07, 4.44083809725e-08, 4.39628351501e-08, 2.19760316611e-08, 7.40073868855e-09, 4.58944082737e-09, 6.33256602711e-09, 6.39547437231e-09, 4.65333549471e-09, 3.57486706903e-09, 4.29873425745e-09, 1.16317278032e-09, 1.0491688629e-09, 1.10847364621e-09, 8.66165472679e-10, 1.08509634611e-09, 1.12321163481e-09, 4.93203811125e-10, 2.55150095496e-10, 5.70772977493e-11, 2.20708572946e-11, 2.45499176543e-11, 3.14149292517e-12, 2.57284037825e-12, 1.90272992674e-12, 7.05211605258e-13, 5.33108930265e-13, 2.59378293583e-13, 8.62602903603e-14, 5.11704563542e-14],
        "max": [0.105356052518, 0.117562845349, 0.0246314052492, 0.00852775946259, 0.0163216087967, 0.0183323659003, 0.0143563160673, 0.0194108020514, 0.00713226431981, 0.00892969593406, 0.00810939259827, 0.00262254173867, 0.00483595347032, 0.00213719019666, 0.00139284483157, 0.000830274191685, 0.000790972087998, 0.00140748301055, 0.000558578409255, 0.000515520339832, 0.000791664409917, 0.00030538419378, 0.000273725949228, 0.000308377348119, 0.000216854081373, 0.000228176795645, 0.000356567266863, 0.000196301916731, 0.00017525612202, 8.69241193868e-05, 4.42156233476e-05, 8.16916945041e-05, 2.28451626754e-05, 1.98442030523e-05, 2.55306640611e-05, 9.84079724731e-06, 7.01410044712e-06, 6.63751279717e-06, 3.21156267091e-06, 2.61167838289e-06],
        "mean": [0.00946487300098, 0.00479451846331, 0.000863315013703, 0.000430945510743, 0.0010451580165, 0.00121649901848, 0.000492687686346, 0.000327744579408, 0.000212660335819, 0.000234062463278, 0.000200588692678, 5.79455263505e-05, 5.84699737374e-05, 4.01993384003e-05, 2.38468455791e-05, 1.43867418956e-05, 1.66597401403e-05, 1.17899217003e-05, 8.80575134943e-06, 7.75750322646e-06, 6.90510614731e-06, 5.18213255418e-06, 4.72884448754e-06, 4.55300187241e-06, 4.49623121312e-06, 4.37903099737e-06, 4.05401624448e-06, 2.92996742246e-06, 2.0148531803e-06, 8.42375300181e-07, 4.89106867008e-07, 4.56676872318e-07, 1.95851214357e-07, 1.66797789802e-07, 1.15922915711e-07, 7.08882623712e-08, 5.98114766603e-08, 4.75782435672e-08, 2.66633186641e-08, 2.27738539138e-08],
        "median": [0.0020663253963, 0.00120631908067, 0.000293810677249, 0.000157336646225, 0.000421851611463, 0.000413847272284, 0.000113007132313, 5.80412743147e-05, 4.28692510468e-05, 5.03365954501e-05, 4.32433334936e-05, 8.65855963639e-06, 7.38043127058e-06, 6.19839784122e-06, 2.42722671828e-06, 1.38282769058e-06, 1.65873530023e-06, 1.03454601685e-06, 7.12682492576e-07, 5.76057857415e-07, 5.05518471527e-07, 3.65285615089e-07, 2.53669441008e-07, 2.11362731761e-07, 1.72178005187e-07, 1.20695929695e-07, 8.40085263576e-08, 4.58167903616e-08, 2.50473490837e-08, 1.20114380664e-08, 4.28881152814e-09, 2.82794365702e-09, 1.43706468947e-09, 9.68550351033e-10, 5.08793840392e-10, 3.62883584293e-10, 2.55187315723e-10, 2.02607167155e-10, 1.47033912823e-10, 1.44485465259e-10],
        "min": [8.91456052477e-24, 1.35315362111e-23, 9.75148830267e-24, 3.84983803827e-24, 1.37243969252e-24, 8.9297823848e-24, 7.62197485511e-24, 9.42113623253e-24, 7.10763675604e-24, 1.34946411866e-23, 7.58985243905e-24, 6.36471753222e-24, 1.7230208384e-23, 1.76206740217e-23, 1.01947287349e-23, 1.03721206755e-23, 1.0138303881e-23, 6.71531887293e-24, 5.26489909664e-24, 4.3509733668e-24, 8.19917649085e-24, 1.08314870024e-23, 8.30747526022e-24, 8.84160272395e-24, 1.05313459384e-23, 7.09683567253e-24, 7.57912787504e-24, 1.02503473731e-23, 7.37055620714e-24, 6.47762285485e-24, 8.70119731574e-24, 6.50861522766e-24, 1.25588186501e-23, 1.51911149622e-23, 1.39703826881e-23, 1.36399935415e-23, 9.29290215922e-24, 8.52745701225e-24, 9.45395047961e-24, 1.30631997469e-23],
        "var": [0.000163122022059, 0.000119774937048, 4.25137614002e-06, 5.01177510159e-07, 2.43772774411e-06, 3.66181370737e-06, 1.45581293509e-06, 7.63233060752e-07, 2.02794083748e-07, 2.67288726263e-07, 2.25728214787e-07, 2.67960693634e-08, 2.68871485076e-08, 1.23975425481e-08, 5.96508442641e-09, 1.73204761644e-09, 2.23657625753e-09, 1.66141289615e-09, 1.04445574411e-09, 7.97574284395e-10, 9.29187782273e-10, 2.71812294894e-10, 2.16691664612e-10, 2.25615651162e-10, 1.83992099334e-10, 2.19090606768e-10, 2.21976659276e-10, 1.00824050497e-10, 5.1615402924e-11, 1.10961699898e-11, 4.25179075975e-12, 4.61414760566e-12, 6.11340242752e-13, 5.01978612757e-13, 3.58443391071e-13, 1.31212708342e-13, 1.0058745964e-13, 5.04320333595e-14, 1.70305681043e-14, 1.04609094146e-14]
    },
    "mfcc": {
        "mean": [-787.791564941, 212.04057312, 7.88521337509, 20.3976688385, -4.34080791473, -10.162238121, 0.548411905766, -2.24790620804, -2.34522867203, 0.162268683314, -2.75318908691, -1.71146416664, 0.567853927612],
        "cov": [[12653.7900391, -570.967163086, -2357.47753906, 2549.92236328, 439.039550781, 805.961425781, 926.804870605, 775.278381348, 709.616210938, 846.048217773, 516.762695312, 397.755218506, 294.238616943], [-570.967163086, 2174.57202148, -20.6110630035, -167.622161865, 377.804290771, -14.428191185, 156.833465576, 93.3513259888, 168.678649902, 163.505462646, 155.497497559, 132.109542847, 127.866249084], [-2357.47753906, -20.6110630035, 1607.85327148, 70.65574646, 67.8134231567, 115.798088074, 54.8637428284, 34.4089508057, 34.6384887695, -6.53481864929, 50.4067764282, 58.8531074524, 9.00826263428], [2549.92236328, -167.622161865, 70.65574646, 1405.59240723, 319.472351074, 347.48449707, 492.628387451, 370.357543945, 367.051971436, 363.730499268, 266.791900635, 236.946578979, 152.669418335], [439.039550781, 377.804290771, 67.8134231567, 319.472351074, 413.944213867, 209.670715332, 206.231826782, 177.535858154, 165.836883545, 174.906417847, 150.926132202, 139.241424561, 109.09249115], [805.961425781, -14.428191185, 115.798088074, 347.48449707, 209.670715332, 318.602478027, 221.890762329, 186.40852356, 163.611999512, 158.321411133, 132.155258179, 115.280540466, 88.142868042], [926.804870605, 156.833465576, 54.8637428284, 492.628387451, 206.231826782, 221.890762329, 371.636627197, 253.355438232, 225.171905518, 209.00163269, 155.49987793, 139.127624512, 112.181236267], [775.278381348, 93.3513259888, 34.4089508057, 370.357543945, 177.535858154, 186.40852356, 253.355438232, 299.27230835, 239.662597656, 174.137741089, 131.260635376, 105.597915649, 81.5123291016], [709.616210938, 168.678649902, 34.6384887695, 367.051971436, 165.836883545, 163.611999512, 225.171905518, 239.662597656, 285.761352539, 212.666244507, 142.508544922, 116.599990845, 69.2109603882], [846.048217773, 163.505462646, -6.53481864929, 363.730499268, 174.906417847, 158.321411133, 209.00163269, 174.137741089, 212.666244507, 268.261627197, 183.232818604, 133.413787842, 89.8242111206], [516.762695312, 155.497497559, 50.4067764282, 266.791900635, 150.926132202, 132.155258179, 155.49987793, 131.260635376, 142.508544922, 183.232818604, 196.628814697, 150.938583374, 88.1358413696], [397.755218506, 132.109542847, 58.8531074524, 236.946578979, 139.241424561, 115.280540466, 139.127624512, 105.597915649, 116.599990845, 133.413787842, 150.938583374, 174.350692749, 118.856323242], [294.238616943, 127.866249084, 9.00826263428, 152.669418335, 109.09249115, 88.142868042, 112.181236267, 81.5123291016, 69.2109603882, 89.8242111206, 88.1358413696, 118.856323242, 156.467300415]],
