{
"lowlevel": {
    "average_loudness": 0.832279503345,
    "barkbands_crest": {
        "dmean": 2.72147536278,
        "dmean2": 4.34530305862,
        "dvar": 12.0842943192,
        "dvar2": 29.6165409088,
        "max": 26.7990531921,
        "mean": 17.0423698425,
        "median": 17.1741428375,
        "min": 2.44305968285,
        "var": 35.4664993286
    },
    "barkbands_flatness_db": {
        "dmean": 0.0502286031842,
        "dmean2": 0.0734964236617,
        "dvar": 0.00472250813618,
        "dvar2": 0.00972032081336,
        "max": 0.91943448782,
        "mean": 0.287766963243,
        "median": 0.263229727745,
        "min": 0.0147237060592,
        "var": 0.0230189748108
    },
    "barkbands_kurtosis": {
        "dmean": 41.0495185852,
        "dmean2": 66.1409225464,
        "dvar": 26594.7636719,
        "dvar2": 66984.9609375,
        "max": 4328.63818359,
        "mean": 64.1041870117,
        "median": 17.1300315857,
        "min": -1.96449434757,
        "var": 39885.5585938
    },
    "barkbands_skewness": {
        "dmean": 1.7077562809,
        "dmean2": 2.59812140465,
        "dvar": 8.66464710236,
        "dvar2": 19.5458984375,
        "max": 57.4078330994,
        "mean": 4.07386064529,
        "median": 3.51606369019,
        "min": -20.1676311493,
        "var": 17.5961952209
    },
    "barkbands_spread": {
        "dmean": 7.64900493622,
        "dmean2": 12.0000667572,
        "dvar": 200.262496948,
        "dvar2": 447.807922363,
        "max": 161.393325806,
        "mean": 15.3193130493,
        "median": 6.70610523224,
        "min": 0.0419809110463,
        "var": 447.185516357
    },
    "dissonance": {
        "dmean": 0.0340610817075,
        "dmean2": 0.0542551055551,
        "dvar": 0.00184587517288,
        "dvar2": 0.00430136127397,
        "max": 0.499999970198,
        "mean": 0.421558529139,
        "median": 0.440133601427,
        "min": 0.0115385521203,
        "var": 0.00535447150469
    },
    "dynamic_complexity": 4.83910226822,
    "erbbands_crest": {
        "dmean": 3.06135654449,
        "dmean2": 4.85457801819,
        "dvar": 13.9248285294,
        "dvar2": 30.1647453308,
        "max": 34.1976776123,
        "mean": 11.4841136932,
        "median": 9.13792800903,
        "min": 1.91085886955,
        "var": 46.3638763428
    },
    "erbbands_flatness_db": {
        "dmean": 0.0340381190181,
        "dmean2": 0.0484697669744,
        "dvar": 0.00208469363861,
        "dvar2": 0.00384229398333,
        "max": 0.691243886948,
        "mean": 0.207570970058,
        "median": 0.195038169622,
        "min": 0.0254413858056,
        "var": 0.0115430001169
    },
    "erbbands_kurtosis": {
        "dmean": 7.77735090256,
        "dmean2": 12.7046575546,
        "dvar": 865.005065918,
        "dvar2": 2126.08984375,
        "max": 438.469360352,
        "mean": 8.62534999847,
        "median": -0.0421767234802,
        "min": -1.97262024879,
        "var": 1186.52624512
    },
    "erbbands_skewness": {
        "dmean": 0.8258035779,
        "dmean2": 1.24190115929,
        "dvar": 2.11562466621,
        "dvar2": 4.17034244537,
        "max": 14.8888301849,
        "mean": 0.650811195374,
        "median": 0.445811480284,
        "min": -16.8143138885,
        "var": 5.45715761185
    },
    "erbbands_spread": {
        "dmean": 14.2296686172,
        "dmean2": 21.8121299744,
        "dvar": 420.541046143,
        "dvar2": 939.183227539,
        "max": 231.210968018,
        "mean": 47.9309768677,
        "median": 38.6730957031,
        "min": 0.211806982756,
        "var": 1355.51818848
    },
    "hfc": {
        "dmean": 17.1955871582,
        "dmean2": 27.2746353149,
        "dvar": 2200.08032227,
        "dvar2": 5402.91552734,
        "max": 551.691772461,
        "mean": 26.9623260498,
        "median": 11.404630661,
        "min": 1.17471783376e-16,
        "var": 2415.43017578
    },
    "melbands_crest": {
        "dmean": 2.83432793617,
        "dmean2": 4.47077417374,
        "dvar": 13.5438528061,
        "dvar2": 31.5603027344,
        "max": 35.4678230286,
        "mean": 21.3050270081,
        "median": 20.5059089661,
        "min": 1.90920627117,
        "var": 46.5089645386
    },
    "melbands_flatness_db": {
        "dmean": 0.0587470121682,
        "dmean2": 0.0850027799606,
        "dvar": 0.00665233796462,
        "dvar2": 0.0134768029675,
        "max": 1,
        "mean": 0.396182954311,
        "median": 0.376125633717,
        "min": 0.00552923465148,
        "var": 0.0320132263005
    },
    "melbands_kurtosis": {
        "dmean": 45.7097740173,
        "dmean2": 70.8869934082,
        "dvar": 11113.8720703,
        "dvar2": 23550.1445312,
        "max": 1853.99194336,
        "mean": 80.0173110962,
        "median": 38.1302146912,
        "min": -1.92566251755,
        "var": 21047.9941406
    },
    "melbands_skewness": {
        "dmean": 1.80806005001,
        "dmean2": 2.7714574337,
        "dvar": 6.81300592422,
        "dvar2": 14.3687181473,
        "max": 35.3374595642,
        "mean": 5.55801057816,
        "median": 4.84379339218,
        "min": -11.9809303284,
        "var": 20.9666900635
    },
    "melbands_spread": {
        "dmean": 7.42764377594,
        "dmean2": 12.3640642166,
        "dvar": 347.135284424,
        "dvar2": 870.754211426,
        "max": 251.821090698,
        "mean": 14.143204689,
        "median": 4.50826311111,
        "min": 0.109064377844,
        "var": 1034.4888916
    },
    "pitch_salience": {
        "dmean": 0.090450130403,
        "dmean2": 0.148702815175,
        "dvar": 0.0148617085069,
        "dvar2": 0.0385048240423,
        "max": 0.920483469963,
        "mean": 0.33890542388,
        "median": 0.324560403824,
        "min": 0.00184940663166,
        "var": 0.0307933595031
    },
    "silence_rate_20dB": {
        "dmean": 0.047489952296,
        "dmean2": 0.0949887782335,
        "dvar": 0.0452374108136,
        "dvar2": 0.0951323658228,
        "max": 1,
        "mean": 0.947186410427,
        "median": 1,
        "min": 0,
        "var": 0.0500229932368
    },
    "silence_rate_30dB": {
        "dmean": 0.079648502171,
        "dmean2": 0.159311890602,
        "dvar": 0.0733077451587,
        "dvar2": 0.151328682899,
        "max": 1,
        "mean": 0.722471475601,
        "median": 1,
        "min": 0,
        "var": 0.20050086081
    },
    "silence_rate_60dB": {
        "dmean": 0.029727961868,
        "dmean2": 0.0593679882586,
        "dvar": 0.0288453642279,
        "dvar2": 0.0652022510767,
        "max": 1,
        "mean": 0.132361188531,
        "median": 0,
        "min": 0,
        "var": 0.114840723574
    },
    "spectral_centroid": {
        "dmean": 329.527618408,
        "dmean2": 521.233947754,
        "dvar": 320085.59375,
        "dvar2": 701153.6875,
        "max": 10531.3408203,
        "mean": 941.869873047,
        "median": 626.521118164,
        "min": 50.4535217285,
        "var": 814491.6875
    },
    "spectral_complexity": {
        "dmean": 3.27101063728,
        "dmean2": 5.15491771698,
        "dvar": 40.5554199219,
        "dvar2": 90.2275695801,
        "max": 61,
        "mean": 9.42549991608,
        "median": 8,
        "min": 0,
        "var": 76.1874847412
    },
    "spectral_decrease": {
        "dmean": 9.53190948394e-09,
        "dmean2": 1.33181945472e-08,
        "dvar": 3.98443054309e-16,
        "dvar2": 8.63558930632e-16,
        "max": 7.8550319027e-11,
        "mean": -2.20933440431e-08,
        "median": -1.17471401495e-08,
        "min": -1.74433566258e-07,
        "var": 8.93299051504e-16
    },
    "spectral_energy": {
        "dmean": 0.0370818451047,
        "dmean2": 0.0520250573754,
        "dvar": 0.00576431816444,
        "dvar2": 0.0124962348491,
        "max": 0.662354528904,
        "mean": 0.0858307257295,
        "median": 0.0468808412552,
        "min": 1.08244354127e-20,
        "var": 0.0129642151296
    },
    "spectral_energyband_high": {
        "dmean": 0.00126293720677,
        "dmean2": 0.00201627216302,
        "dvar": 1.62860378623e-05,
        "dvar2": 4.01328798034e-05,
        "max": 0.0493662394583,
        "mean": 0.00163970014546,
        "median": 5.13980194228e-05,
        "min": 7.72693482434e-21,
        "var": 1.79477865458e-05
    },
    "spectral_energyband_low": {
        "dmean": 0.0330277755857,
        "dmean2": 0.046120043844,
        "dvar": 0.00558977387846,
        "dvar2": 0.0122749209404,
        "max": 0.641482234001,
        "mean": 0.0717961341143,
        "median": 0.0313109382987,
        "min": 1.02999384828e-22,
        "var": 0.0120721012354
    },
    "spectral_energyband_middle_high": {
        "dmean": 0.00263518793508,
        "dmean2": 0.00439088558778,
        "dvar": 7.44039862184e-05,
        "dvar2": 0.00018727342831,
        "max": 0.14513258636,
        "mean": 0.00337239098735,
        "median": 0.000888115435373,
        "min": 1.78017749654e-21,
        "var": 0.000103501333797
    },
    "spectral_energyband_middle_low": {
        "dmean": 0.00634757149965,
        "dmean2": 0.0109988376498,
        "dvar": 0.000257798732491,
        "dvar2": 0.000747784157284,
        "max": 0.181800872087,
        "mean": 0.0100979218259,
        "median": 0.0053788209334,
        "min": 2.23643707461e-22,
        "var": 0.000230827688938
    },
    "spectral_entropy": {
        "dmean": 0.424472749233,
        "dmean2": 0.621759593487,
        "dvar": 0.405222594738,
        "dvar2": 0.734807789326,
        "max": 9.7990026474,
        "mean": 6.67222976685,
        "median": 6.66357326508,
        "min": 2.26008415222,
        "var": 1.66315603256
    },
    "spectral_flux": {
        "dmean": 0.0536272153258,
        "dmean2": 0.0830633044243,
        "dvar": 0.00832261797041,
        "dvar2": 0.0178445409983,
        "max": 0.738200128078,
        "mean": 0.0949812605977,
        "median": 0.0587684288621,
        "min": 1.04040547011e-10,
        "var": 0.0125357015058
    },
    "spectral_kurtosis": {
        "dmean": 8.92368221283,
        "dmean2": 13.9929761887,
        "dvar": 395.228179932,
        "dvar2": 824.254577637,
        "max": 376.969360352,
        "mean": 19.3197746277,
        "median": 6.14453411102,
        "min": -1.15607273579,
        "var": 1215.67199707
    },
    "spectral_rms": {
        "dmean": 0.0015988094965,
        "dmean2": 0.00218845112249,
        "dvar": 6.62420916342e-06,
        "dvar2": 1.35452419272e-05,
        "max": 0.0254204552621,
        "mean": 0.00747400335968,
        "median": 0.00676294323057,
        "min": 3.24968068947e-12,
        "var": 2.78764000541e-05
    },
    "spectral_rolloff": {
        "dmean": 699.834838867,
        "dmean2": 1263.87609863,
        "dvar": 4356698,
        "dvar2": 10022086,
        "max": 19444.4824219,
        "mean": 1294.546875,
        "median": 215.33203125,
        "min": 64.599609375,
        "var": 10162441
    },
    "spectral_skewness": {
        "dmean": 0.685622513294,
        "dmean2": 1.05258595943,
        "dvar": 1.19107961655,
        "dvar2": 2.32854819298,
        "max": 15.0471935272,
        "mean": 2.61472964287,
        "median": 1.89548254013,
        "min": 0.00898486375809,
        "var": 5.10626363754
    },
    "spectral_spread": {
        "dmean": 1033990.25,
        "dmean2": 1467924.75,
        "dvar": 2.28751468134e+12,
        "dvar2": 3.89522967757e+12,
        "max": 39276508,
        "mean": 5251055,
        "median": 3771617.5,
        "min": 257453.71875,
        "var": 1.37616592732e+13
    },
    "spectral_strongpeak": {
        "dmean": 0.35570192337,
        "dmean2": 0.573230028152,
        "dvar": 0.917182147503,
        "dvar2": 2.08937525749,
        "max": 17.8862819672,
        "mean": 0.761121034622,
        "median": 0.497782289982,
        "min": 0,
        "var": 1.39894747734
    },
    "zerocrossingrate": {
        "dmean": 0.0149031449109,
        "dmean2": 0.0179077237844,
        "dvar": 0.000646450964268,
        "dvar2": 0.000838270876557,
        "max": 0.548828125,
        "mean": 0.0505878180265,
        "median": 0.0234375,
        "min": 0.001953125,
        "var": 0.00600488903001
    },
    "barkbands": {
        "dmean": [0.0014515016228, 0.0304835084826, 0.00409614061937, 0.00265666772611, 0.00230414001271, 0.00123434641864, 0.000356007396476, 0.000325740606058, 0.000204154013772, 0.00113002175931, 0.000180695846211, 0.000186511620996, 0.00022361734591, 0.000369050278096, 0.000294845405733, 0.000112333589641, 0.000267179042567, 0.000115109527542, 0.000114488233521, 0.000153625558596, 0.000148589169839, 0.000147879880387, 0.000145397571032, 0.000198423455004, 0.000331231625751, 0.000244294322329, 4.39985778939e-05],
        "dmean2": [0.0021353403572, 0.0431004464626, 0.00714924698696, 0.00491869729012, 0.00406235083938, 0.00189962703735, 0.000544198788702, 0.000472187588457, 0.000282181106741, 0.00180968933273, 0.000279397791019, 0.000299353705486, 0.00039692100836, 0.000599598221015, 0.00052736455109, 0.000181292794878, 0.000495044281706, 0.000198345602257, 0.00019734952366, 0.000260801345576, 0.000256945204455, 0.000251195800956, 0.000233983359067, 0.00032902698149, 0.000533140148036, 0.000373869406758, 7.26615544409e-05],
        "dvar": [1.68701517396e-05, 0.00518651353195, 0.00014732281852, 7.40335817682e-05, 3.8539772504e-05, 7.83461382525e-06, 8.09519804079e-07, 5.20393939496e-07, 4.89025694606e-07, 4.83999683638e-05, 1.59441910341e-07, 2.07158308285e-07, 8.11715153759e-07, 2.81873803942e-06, 1.40932877457e-06, 1.1212144102e-07, 1.30266960241e-06, 2.02285932005e-07, 1.74221995053e-07, 4.19623319203e-07, 2.56778918128e-07, 1.629932882e-07, 1.5510637752e-07, 3.26739524326e-07, 1.50861421844e-06, 1.03940567442e-06, 3.1251328636e-08],
        "dvar2": [4.24285863119e-05, 0.0117275360972, 0.000437517621322, 0.000216370768612, 0.000111010878754, 1.79397229658e-05, 1.68416545421e-06, 1.06785182652e-06, 7.37745835977e-07, 0.000118594427477, 3.67618525843e-07, 5.34819889708e-07, 2.30959153669e-06, 5.99229042564e-06, 3.91277626477e-06, 2.79272683201e-07, 3.7938755213e-06, 5.60120611226e-07, 4.80168523609e-07, 1.1185288713e-06, 7.16349290997e-07, 4.2788343535e-07, 3.75190126078e-07, 8.4026822833e-07, 3.54688245352e-06, 2.33720857068e-06, 7.59193241606e-08],
        "max": [0.067243039608, 0.602751195431, 0.132340461016, 0.0913809686899, 0.0684551298618, 0.0488219335675, 0.0178123246878, 0.0205928310752, 0.0343272909522, 0.144174352288, 0.00797098316252, 0.00702719995752, 0.0138336177915, 0.0308460723609, 0.0200151279569, 0.00413554301485, 0.0129814399406, 0.00734242191538, 0.00541356299073, 0.010377603583, 0.00694133946672, 0.00522188749164, 0.00552754476666, 0.00682059209794, 0.0155299101025, 0.011075977236, 0.00238601560704],
        "mean": [0.00265993364155, 0.0609066784382, 0.00726091023535, 0.00233551161364, 0.00396058056504, 0.00210489099845, 0.000544308393728, 0.000562055502087, 0.000352319737431, 0.00145346333738, 0.000250996119576, 0.000259445310803, 0.000235506959143, 0.000350205460563, 0.000282423687167, 0.000157439513714, 0.000200118563953, 0.000115685157652, 0.000100743418443, 0.000158846960403, 0.000153728571604, 0.000188978810911, 0.000283670931822, 0.000287275004666, 0.000358843128197, 0.000267384981271, 3.88379048673e-05],
        "median": [0.00063634919934, 0.0211329646409, 0.00325012253597, 0.000189777696505, 0.00123178691138, 0.000294328143355, 0.000117835559649, 0.000183157157153, 4.29218125646e-05, 3.14757562592e-05, 4.67089339509e-05, 5.75891681365e-05, 4.09916174249e-05, 2.82064283965e-05, 3.00670799334e-05, 2.18501772906e-05, 1.9817303837e-05, 1.24575308291e-05, 9.19406738831e-06, 1.05822655314e-05, 1.03829315776e-05, 6.65147081236e-06, 1.03329989543e-06, 6.41663518763e-07, 6.14597297499e-07, 3.48484491042e-07, 1.07268078864e-06],
        "min": [2.20102952619e-23, 5.80564076464e-23, 1.79911767453e-23, 9.52516963099e-24, 4.12147637453e-23, 2.04582130086e-23, 1.90385805013e-23, 7.54935153131e-23, 5.29872064021e-23, 8.43857447634e-23, 1.23629132485e-22, 7.56277415739e-23, 1.21465507903e-22, 9.67663991781e-23, 1.61252269327e-22, 1.80306756419e-22, 3.03239722311e-22, 2.68556550156e-22, 1.62801036786e-22, 4.17694225763e-22, 3.75231749123e-22, 5.24869070294e-22, 8.10066950479e-22, 8.7936316821e-22, 1.10517489263e-21, 1.66590944194e-21, 2.35796052908e-21],
        "var": [2.8227797884e-05, 0.0102724079043, 0.000130285028717, 5.22998489032e-05, 4.19318857894e-05, 2.05026444746e-05, 1.46037234572e-06, 1.07151220163e-06, 1.32051491164e-06, 7.93083381723e-05, 2.7663870128e-07, 2.63678231249e-07, 5.36208290214e-07, 3.14031444759e-06, 1.26081363305e-06, 1.67782829408e-07, 7.38998267025e-07, 1.52882662974e-07, 1.23729904544e-07, 3.43318504292e-07, 1.89644580928e-07, 1.873330433e-07, 4.68522387109e-07, 4.76305416441e-07, 1.56583519129e-06, 1.25729889078e-06, 2.82808780838e-08]
    },
    "erbbands": {
        "dmean": [1.1920747757, 5.89304876328, 5.53365421295, 6.34485054016, 9.8529214859, 6.43552875519, 9.55079174042, 7.84417581558, 6.7911438942, 4.40020513535, 8.02593803406, 4.68072938919, 18.7186717987, 29.9883289337, 7.23886680603, 8.69509410858, 10.3022537231, 16.9378852844, 17.3227081299, 10.0449552536, 7.58029413223, 15.571228981, 7.05512571335, 5.6451215744, 6.57122373581, 7.46302127838, 6.95582723618, 4.87372970581, 6.78861045837, 4.3444108963, 3.60633158684, 2.96144533157, 4.29664039612, 3.62273859978, 2.40969944, 1.2349499464, 0.396908521652, 0.0890700146556, 0.00687869265676, 0.000237010157434],
        "dmean2": [1.6104375124, 8.75273513794, 9.45459079742, 11.7014036179, 18.0461673737, 10.9887037277, 15.3996162415, 12.2046585083, 10.0345592499, 6.62181377411, 11.4740762711, 6.56983184814, 28.4381275177, 48.6209983826, 11.3991298676, 13.9502515793, 18.0918464661, 27.5065040588, 30.1479530334, 17.4163665771, 13.1401605606, 28.8518466949, 12.2251634598, 9.59387588501, 11.2451286316, 12.7983856201, 12.1273546219, 8.38597011566, 11.491060257, 6.83815670013, 6.04896736145, 4.7243719101, 7.26881170273, 5.95917367935, 3.95329546928, 1.90898132324, 0.606984496117, 0.145805120468, 0.0113398404792, 0.000373336632038],
        "dvar": [8.97403430939, 188.525146484, 243.737350464, 428.334869385, 836.689453125, 309.399047852, 589.370544434, 331.612762451, 308.429992676, 140.791137695, 383.494415283, 264.004669189, 6616.24169922, 36609.9140625, 323.051574707, 406.222625732, 1503.94519043, 6583.90429688, 4746.37890625, 1384.79016113, 774.414794922, 4208.94140625, 709.151245117, 342.145019531, 605.91784668, 1012.28997803, 661.440124512, 239.271224976, 320.805236816, 137.538421631, 97.4314117432, 57.7756156921, 193.316925049, 192.099609375, 78.5603790283, 25.1542167664, 2.66915678978, 0.133387863636, 0.000680467812344, 6.06788148616e-07],
        "dvar2": [18.3013134003, 473.137481689, 709.92755127, 1248.08972168, 2441.42773438, 876.86932373, 1461.56945801, 785.151855469, 623.186584473, 267.176849365, 735.805786133, 408.97265625, 14358.7089844, 95763.7734375, 773.683898926, 1031.41638184, 4239.65917969, 13769.8798828, 12618.2724609, 3833.63623047, 2190.96191406, 12236.9199219, 1969.38671875, 921.190429688, 1642.68469238, 2732.98852539, 1861.72338867, 647.776367188, 836.556640625, 330.274658203, 244.609359741, 129.483795166, 505.785797119, 457.520019531, 188.597320557, 57.8161697388, 5.75729751587, 0.330202877522, 0.00165514345281, 1.39897542795e-06],
        "max": [26.7562770844, 115.906410217, 163.17124939, 221.482803345, 290.126831055, 258.101806641, 574.108703613, 428.271972656, 557.073669434, 238.303649902, 562.252258301, 976.301269531, 1702.14123535, 4085.13452148, 412.437469482, 331.869598389, 586.55267334, 1554.43127441, 945.591674805, 551.16595459, 370.759002686, 766.463317871, 414.673278809, 202.519546509, 312.082397461, 514.173706055, 361.026489258, 205.377868652, 228.374038696, 168.583068848, 112.207809448, 105.49332428, 177.623031616, 176.836730957, 111.316215515, 57.9816474915, 18.866891861, 4.3468079567, 0.288129895926, 0.00997797772288],
        "mean": [2.26129674911, 11.3932332993, 11.681224823, 7.1560344696, 12.9029598236, 11.7173576355, 16.5870246887, 12.4727106094, 11.0667285919, 7.7496099472, 13.5850000381, 8.415766716, 24.6526222229, 37.2797317505, 10.0131607056, 12.6885614395, 11.6255111694, 17.0048160553, 17.1521072388, 10.9820985794, 8.34286785126, 11.4453744888, 7.03973865509, 5.37576007843, 6.24808168411, 7.37863969803, 6.91681146622, 5.20650434494, 8.9290895462, 8.5377702713, 6.27125549316, 5.41707468033, 5.29328918457, 3.98582601547, 2.58325767517, 1.38139462471, 0.419910371304, 0.0808494538069, 0.0061953086406, 0.000306719361106],
        "median": [0.634639620781, 4.16929721832, 6.43400287628, 2.30554580688, 1.54523694515, 2.86144423485, 2.51145744324, 2.47907876968, 2.15848946571, 1.90085554123, 4.17056465149, 2.15708446503, 1.58539319038, 1.68781518936, 2.26102304459, 3.60853624344, 2.81279659271, 2.45680904388, 1.67808628082, 1.53221452236, 1.46637225151, 1.1481000185, 0.824784815311, 0.600449442863, 0.538198947906, 0.580285668373, 0.457265794277, 0.372987568378, 0.318934321404, 0.0717437714338, 0.0252161175013, 0.0127628156915, 0.0123799555004, 0.00780307827517, 0.00406947219744, 0.00190152507275, 0.000597664620727, 0.000114654438221, 9.54941060627e-05, 9.65037761489e-05],
        "min": [9.51483482738e-22, 1.55358930075e-20, 2.89682075561e-20, 2.70982607682e-20, 9.56953747682e-20, 1.11552685605e-19, 2.02085225504e-19, 1.73477222793e-19, 2.48243209079e-19, 3.49563218142e-19, 2.04076934248e-18, 1.25753642228e-18, 1.8710480108e-18, 5.34254988619e-18, 4.02663250385e-18, 2.85600443301e-18, 4.93002788368e-18, 3.80218200771e-18, 7.05988892083e-18, 1.05636655226e-17, 1.08279158139e-17, 1.62457246601e-17, 1.4763034845e-17, 1.18464257836e-17, 9.29811061822e-18, 2.31893450741e-17, 1.19218878166e-17, 1.7271049771e-17, 1.76450214346e-17, 2.29930319537e-17, 2.06636681877e-17, 1.57554613285e-17, 1.65138767624e-17, 1.33692677729e-17, 7.13758185986e-18, 5.89949141981e-18, 3.350347833e-18, 1.1466854314e-18, 3.48894416768e-19, 3.49618807265e-20],
        "var": [19.2206172943, 322.536682129, 267.690887451, 305.367004395, 705.421081543, 453.457061768, 1388.71923828, 703.11895752, 675.247375488, 315.738464355, 807.022155762, 687.894470215, 12169.3876953, 52968.0703125, 529.668762207, 578.37310791, 1053.93688965, 7228.82714844, 4980.41601562, 1217.83959961, 571.566223145, 2388.76757812, 539.728515625, 271.001342773, 470.216125488, 770.987976074, 478.920410156, 189.87852478, 410.112823486, 427.601745605, 218.681152344, 170.339355469, 192.786071777, 187.517059326, 84.4562454224, 31.6435718536, 3.19453072548, 0.118526928127, 0.000620265724137, 6.31598084055e-07]
    },
    "gfcc": {
        "mean": [-109.227905273, 109.062942505, -72.4972839355, 27.3543777466, -24.9066562653, 11.0942182541, -15.0903911591, 0.904264032841, -12.2396326065, 5.66943502426, -7.72068500519, 0.501863539219, -3.39733767509],
        "cov": [[36743.0078125, -965.155395508, -931.023681641, 2124.63867188, -2524.58642578, 2084.09375, -930.511047363, 572.532836914, -1041.04541016, 200.280166626, -1155.9876709, 171.491836548, -746.76776123], [-965.155395508, 6648.59375, -1181.66931152, -386.159820557, 1564.33630371, -1314.90283203, 927.171630859, -671.776550293, 531.594543457, -202.771102905, 375.032531738, -400.813781738, 407.293060303], [-931.023681641, -1181.66931152, 2428.84643555, 472.110687256, -57.2154693604, 777.874267578, -76.6765823364, 424.985778809, 90.7822036743, 311.039306641, 103.679405212, 195.466140747, -102.153266907], [2124.63867188, -386.159820557, 472.110687256, 1402.9921875, 68.3962936401, 214.354721069, 20.3616199493, -12.8498191833, -35.0281524658, -35.1738586426, 26.1570415497, -61.2364196777, -161.835083008], [-2524.58642578, 1564.33630371, -57.2154693604, 68.3962936401, 1288.5567627, -140.672286987, 356.916137695, -54.7863426208, 323.835906982, 4.77219963074, 190.098831177, -44.4904594421, 197.967651367], [2084.09375, -1314.90283203, 777.874267578, 214.354721069, -140.672286987, 1060.50476074, -64.0642929077, 382.252258301, 23.7943077087, 177.196838379, -119.562644958, 181.23727417, -55.1895217896], [-930.511047363, 927.171630859, -76.6765823364, 20.3616199493, 356.916137695, -64.0642929077, 551.917297363, 81.0212478638, 149.281265259, -90.5521316528, 85.2355880737, -47.8496017456, 114.446327209], [572.532836914, -671.776550293, 424.985778809, -12.8498191833, -54.7863426208, 382.252258301, 81.0212478638, 470.964019775, 71.2505187988, 103.792655945, -55.9833908081, 130.037567139, 20.3837203979], [-1041.04541016, 531.594543457, 90.7822036743, -35.0281524658, 323.835906982, 23.7943077087, 149.281265259, 71.2505187988, 387.472076416, 162.959701538, 150.173355103, 34.3647193909, 129.156845093], [200.280166626, -202.771102905, 311.039306641, -35.1738586426, 4.77219963074, 177.196838379, -90.5521316528, 103.792655945, 162.959701538, 330.379302979, 104.068626404, 80.7600097656, 26.0836048126], [-1155.9876709, 375.032531738, 103.679405212, 26.1570415497, 190.098831177, -119.562644958, 85.2355880737, -55.9833908081, 150.173355103, 104.068626404, 264.577484131, 62.6956672668, 91.3770599365], [171.491836548, -400.813781738, 195.466140747, -61.2364196777, -44.4904594421, 181.23727417, -47.8496017456, 130.037567139, 34.3647193909, 80.7600097656, 62.6956672668, 237.32749939, 101.892402649], [-746.76776123, 407.293060303, -102.153266907, -161.835083008, 197.967651367, -55.1895217896, 114.446327209, 20.3837203979, 129.156845093, 26.0836048126, 91.3770599365, 101.892402649, 218.364959717]],
        "icov": [[9.72620910034e-05, -0.000184709453606, 0.000163654563949, -0.000224879215239, 0.000221499722102, -0.000262820249191, 0.000163966338732, -0.000213723033085, 0.000242545807851, -0.000240582463448, 0.000231734127738, -0.000269119656878, 0.000167695689015], [-0.000184709453606, 0.000763887830544, -0.000326789042447, 0.0004953261232, -0.000659963407088, 0.000762034906074, -0.000797601649538, 0.000864813511726, -0.000658654025756, 0.000315928657074, -0.000279286148725, 0.000809313496575, -0.00062296591932], [0.000163654563949, -0.000326789042447, 0.000965906889178, -0.0005116709508, 0.000333008589223, -0.000780050118919, 0.000377687363653, -0.000792862847447, 0.00053505069809, -0.000617519894149, -0.000210257159779, -0.000550330674741, 0.000720926211216], [-0.000224879215239, 0.0004953261232, -0.0005116709508, 0.0014427290298, -0.00065551395528, 0.000411407992942, -0.000516288273502, 0.000731913605705, -0.000650207861327, 0.000900733750314, -0.000932458846364, 0.000727755541448, 0.000365081534255], [0.000221499722102, -0.000659963407088, 0.000333008589223, -0.00065551395528, 0.00188683299348, -0.000826450937893, 0.00032114671194, -0.000563043693546, -3.68381333828e-05, -0.000193528772797, 0.000131372100441, -0.000196802226128, -0.000295039324556], [-0.000262820249191, 0.000762034906074, -0.000780050118919, 0.000411407992942, -0.000826450937893, 0.0028953445144, -0.00106214359403, 0.000384126236895, -0.000972761190496, -0.000276541162748, 0.00116147124209, -0.000659139361233, 5.16177460668e-05], [0.000163966338732, -0.000797601649538, 0.000377687363653, -0.000516288273502, 0.00032114671194, -0.00106214359403, 0.00441207084805, -0.00251727900468, 7.83862342359e-05, 0.00175797543488, -0.00163946056273, 0.00151377602015, -0.0010711903451], [-0.000213723033085, 0.000864813511726, -0.000792862847447, 0.000731913605705, -0.000563043693546, 0.000384126236895, -0.00251727900468, 0.0054656942375, -0.00152658054139, -0.000642344763037, 0.0020891467575, -0.00159743800759, 9.50601606746e-05], [0.000242545807851, -0.000658654025756, 0.00053505069809, -0.000650207861327, -3.68381333828e-05, -0.000972761190496, 7.83862342359e-05, -0.00152658054139, 0.00643468648195, -0.00302139506675, -0.000979720149189, 0.000767749850638, -0.00167794618756], [-0.000240582463448, 0.000315928657074, -0.000617519894149, 0.000900733750314, -0.000193528772797, -0.000276541162748, 0.00175797543488, -0.000642344763037, -0.00302139506675, 0.00714368419722, -0.00342247961089, 0.00124152039643, -2.5685176297e-06], [0.000231734127738, -0.000279286148725, -0.000210257159779, -0.000932458846364, 0.000131372100441, 0.00116147124209, -0.00163946056273, 0.0020891467575, -0.000979720149189, -0.00342247961089, 0.00957445520908, -0.00444706110284, 0.000419496995164], [-0.000269119656878, 0.000809313496575, -0.000550330674741, 0.000727755541448, -0.000196802226128, -0.000659139361233, 0.00151377602015, -0.00159743800759, 0.000767749850638, 0.00124152039643, -0.00444706110284, 0.0117016192526, -0.00698203174397], [0.000167695689015, -0.00062296591932, 0.000720926211216, 0.000365081534255, -0.000295039324556, 5.16177460668e-05, -0.0010711903451, 9.50601606746e-05, -0.00167794618756, -2.5685176297e-06, 0.000419496995164, -0.00698203174397, 0.0118309697136]]
    },
    "melbands": {
        "dmean": [0.00948285032064, 0.00418851571158, 0.00124363065697, 0.000577455153689, 0.000303041219013, 0.000196555061848, 9.66597872321e-05, 4.92100771226e-05, 6.50919537293e-05, 2.82650908048e-05, 0.000106233623228, 0.000138676041388, 2.23488914344e-05, 2.19827070396e-05, 2.08411256608e-05, 2.30119730986e-05, 3.38930149155e-05, 2.88453884423e-05, 2.27985092351e-05, 8.7768657977e-06, 8.7129565145e-06, 1.80867536983e-05, 8.48065701575e-06, 4.9662417041e-06, 4.47615502708e-06, 4.85569808006e-06, 5.43816895515e-06, 4.61362969872e-06, 4.60527780888e-06, 3.19158448292e-06, 2.7051980851e-06, 4.54580595033e-06, 2.04310936169e-06, 2.79201776721e-06, 1.97369672605e-06, 2.10527264244e-06, 1.80560243734e-06, 2.66020856543e-06, 3.6472301872e-06, 2.95587074106e-06],
        "dmean2": [0.0132057685405, 0.00655781105161, 0.00229738210328, 0.00102836161386, 0.000491627026349, 0.000300741754472, 0.000143016164657, 7.34993082006e-05, 9.22651015571e-05, 3.95272327296e-05, 0.000162660522619, 0.000226124713663, 3.47628338204e-05, 3.54221374437e-05, 3.4687196603e-05, 4.06715480494e-05, 5.45258953935e-05, 4.9226648116e-05, 4.1222305299e-05, 1.37029619509e-05, 1.54383851623e-05, 3.36726734531e-05, 1.52344218805e-05, 8.38126197777e-06, 7.61827459428e-06, 8.65239780978e-06, 9.11022652872e-06, 7.99324152467e-06, 7.99836197984e-06, 5.6418434724e-06, 4.64977847514e-06, 7.73391184339e-06, 3.3800872643e-06, 4.37094695371e-06, 3.39653729498e-06, 3.51650555785e-06, 2.85809687739e-06, 4.4734383664e-06, 6.10957158642e-06, 4.86367207486e-06],
        "dvar": [0.000534630089533, 0.000100412733445, 1.565351522e-05, 2.76694254353e-06, 5.05513412463e-07, 1.9484470215e-07, 5.85633941341e-08, 1.49289736129e-08, 2.8152575382e-08, 1.11505080724e-08, 2.64644995696e-07, 8.51258505463e-07, 2.65691713075e-09, 3.18439363767e-09, 2.54238163855e-09, 1.11307238981e-08, 3.23451629924e-08, 1.5697532163e-08, 1.11171285511e-08, 7.26035842558e-10, 1.26503352238e-09, 6.10604411477e-09, 1.06761166574e-09, 2.85945489509e-10, 2.18941573205e-10, 3.58550883428e-10, 6.22901730196e-10, 3.46231737725e-10, 2.68665756309e-10, 1.32134178599e-10, 7.44218436877e-11, 1.31444966023e-10, 3.528158668e-11, 5.90142240631e-11, 2.89047119573e-11, 3.11099444816e-11, 2.14885088889e-11, 6.54625034735e-11, 1.60417790163e-10, 1.41348391325e-10],
        "dvar2": [0.00116573902778, 0.000270928547252, 4.5666583901e-05, 7.98569544713e-06, 1.2751304439e-06, 4.40407006863e-07, 1.18748801015e-07, 2.93429405218e-08, 5.13390432388e-08, 1.70933169841e-08, 5.80789446758e-07, 2.19185403694e-06, 6.29372731709e-09, 8.49506953671e-09, 6.54326015592e-09, 3.18706838698e-08, 6.58196910308e-08, 4.15056291558e-08, 3.12397610003e-08, 1.67123204164e-09, 3.64533403463e-09, 1.77743917362e-08, 3.04721470279e-09, 7.60992713289e-10, 5.84785053714e-10, 1.01449171286e-09, 1.65155278342e-09, 9.27206866841e-10, 7.4853201415e-10, 3.70482200474e-10, 2.0005169743e-10, 3.46691925168e-10, 9.02618188525e-11, 1.36698846687e-10, 7.31206900584e-11, 7.79412159813e-11, 4.58004779935e-11, 1.75104361566e-10, 3.87705839655e-10, 3.41727701691e-10],
        "max": [0.197561398149, 0.0947394296527, 0.0402365662158, 0.0178026016802, 0.0159337949008, 0.0101369600743, 0.00751974945888, 0.00210120948032, 0.00418839976192, 0.00666621513665, 0.0108775347471, 0.019597845152, 0.0010673769284, 0.000911065668333, 0.000714802474249, 0.00167144101579, 0.0035586359445, 0.00196237652563, 0.00194844673388, 0.000416195543949, 0.000503813789692, 0.000845536997076, 0.00044914719183, 0.00029846013058, 0.000162627824466, 0.000242115536821, 0.00041772815166, 0.000297779683024, 0.000216513406485, 0.000169436927536, 0.000109811291622, 0.000144529578392, 7.87821918493e-05, 0.000127289124066, 6.31800721749e-05, 6.55599942547e-05, 6.94024929544e-05, 0.000100917874079, 0.000159742718097, 0.00015512072423],
        "mean": [0.0182633176446, 0.00929557252675, 0.00147118023597, 0.000909263268113, 0.000541843881365, 0.000323707587086, 0.000156472044182, 8.66510890773e-05, 0.000109946457087, 4.86649878439e-05, 0.000138846618938, 0.000172593718162, 3.05080557155e-05, 3.03627311951e-05, 2.61842797045e-05, 2.51153542195e-05, 3.2991891203e-05, 2.78078623523e-05, 2.13780567719e-05, 1.30285934574e-05, 8.54690006236e-06, 1.30081116367e-05, 7.23350376575e-06, 5.33957836524e-06, 4.18842409999e-06, 4.12598410549e-06, 5.74381556362e-06, 4.3382997319e-06, 4.75725755678e-06, 2.98334816762e-06, 2.78439188151e-06, 5.4587599152e-06, 3.25756013808e-06, 5.8348323364e-06, 3.29587965098e-06, 3.55706788469e-06, 3.25374344357e-06, 3.36699235959e-06, 4.17065029978e-06, 3.09207803184e-06],
        "median": [0.00562625285238, 0.00477981567383, 0.000474957865663, 0.000168765691342, 9.9331693491e-05, 5.8895580878e-05, 2.89734216494e-05, 1.88487920241e-05, 2.79618416243e-05, 8.83361462911e-06, 5.56058694201e-06, 5.03736373503e-06, 5.72438057134e-06, 7.23754055798e-06, 7.65050663176e-06, 4.06797971664e-06, 3.3248516047e-06, 2.27696000366e-06, 2.02428304874e-06, 1.45778426486e-06, 1.31579577101e-06, 1.106822765e-06, 8.20447553451e-07, 5.72642989027e-07, 3.95114483354e-07, 3.51024567635e-07, 2.81199618257e-07, 2.90860469931e-07, 2.61190791662e-07, 2.25701427325e-07, 1.85645845363e-07, 2.01150953671e-07, 5.55652732714e-08, 2.39425972381e-08, 1.42307090556e-08, 9.15026632242e-09, 5.98021010489e-09, 7.6534192317e-09, 9.14696940413e-09, 5.23699661414e-09],
        "min": [1.59375130626e-23, 1.84520608406e-23, 6.30799212225e-24, 7.98068095276e-24, 6.47504327969e-24, 3.88981711452e-24, 3.59341919546e-24, 4.94553940879e-24, 1.60892062815e-23, 7.71751932136e-24, 9.08449220781e-24, 2.08977710382e-23, 1.48704934914e-23, 9.60010116179e-24, 7.87818977737e-24, 1.12564100845e-23, 6.25880112278e-24, 1.08678392907e-23, 1.54391438749e-23, 1.29781502861e-23, 1.30738020374e-23, 1.70597639413e-23, 1.43121046105e-23, 1.29439113562e-23, 9.31511174915e-24, 5.82996686837e-24, 1.03936944436e-23, 1.61583357404e-23, 6.74863325782e-24, 9.09879031172e-24, 9.40089642829e-24, 9.19076360466e-24, 1.20429075624e-23, 1.37761130684e-23, 1.34757400793e-23, 1.01941654882e-23, 9.51784584635e-24, 1.36797205767e-23, 9.1670070585e-24, 1.19320757607e-23],
        "var": [0.00106774957385, 0.000158646798809, 1.11023837235e-05, 2.82482687908e-06, 1.13741407404e-06, 4.67650778546e-07, 1.27710762854e-07, 3.55248133133e-08, 6.49223892424e-08, 2.88359274236e-08, 4.83420478758e-07, 1.27193959543e-06, 4.32186153532e-09, 3.88310317234e-09, 2.79108625101e-09, 7.16053261129e-09, 3.61526417691e-08, 1.65149280917e-08, 9.82730608001e-09, 1.43552503218e-09, 8.07872380104e-10, 3.43458839147e-09, 6.70956012971e-10, 2.70918204537e-10, 1.76892001047e-10, 2.31524951988e-10, 5.37946354129e-10, 2.66868610543e-10, 2.18193310642e-10, 9.0632681915e-11, 5.95628060762e-11, 1.53603740838e-10, 5.74736022663e-11, 2.13778730829e-10, 6.01709099213e-11, 7.20318873992e-11, 6.34706939784e-11, 6.9535904812e-11, 1.58942789485e-10, 1.3196943538e-10]
    },
    "mfcc": {
        "mean": [-757.413574219, 137.846206665, 24.3132457733, 29.5420589447, 16.7476348877, 19.5942401886, 11.8709926605, 5.46465015411, 7.99169588089, 0.926035821438, 6.63614749908, 6.16790151596, 4.20115566254],
        "cov": [[23663.6835938, -91.0448150635, 29.4733009338, 438.281494141, -455.28237915, 409.57913208, -26.3327617645, -59.0787010193, 44.2646369934, -327.785797119, -206.627975464, -318.585845947, -484.314056396], [-91.0448150635, 5585.77587891, -1453.11791992, 581.065979004, 149.728210449, 2.54014086723, 177.886291504, -203.4375, 210.862319946, -83.9978408813, 52.8763961792, 16.9274291992, -119.079277039], [29.4733009338, -1453.11791992, 2055.32177734, -112.306617737, 186.867034912, 284.416137695, 118.82106781, 266.214324951, -8.75430774689, 262.637237549, 169.409576416, 82.1466751099, 159.415756226], [438.281494141, 581.065979004, -112.306617737, 1042.61950684, 140.777511597, 75.9208755493, 137.477050781, 0.162635311484, -26.9350261688, -47.2916603088, 60.4442672729, 128.221801758, 12.1606264114], [-455.28237915, 149.728210449, 186.867034912, 140.777511597, 499.52444458, 254.459030151, 105.905273438, 86.4194259644, 79.02368927, 136.454986572, 124.075637817, 84.8826065063, 58.9837341309], [409.57913208, 2.54014086723, 284.416137695, 75.9208755493, 254.459030151, 400.316497803, 121.962059021, 78.6620864868, 63.3300285339, 137.851623535, 103.248168945, 30.7691822052, 9.66584968567], [-26.3327617645, 177.886291504, 118.82106781, 137.477050781, 105.905273438, 121.962059021, 265.813720703, 165.216064453, 102.788536072, 60.7943000793, 27.4004154205, 10.9507074356, 7.87185811996], [-59.0787010193, -203.4375, 266.214324951, 0.162635311484, 86.4194259644, 78.6620864868, 165.216064453, 337.805053711, 183.380905151, 62.6293182373, 6.4073266983, 41.0259857178, 42.4140930176], [44.2646369934, 210.862319946, -8.75430774689, -26.9350261688, 79.02368927, 63.3300285339, 102.788536072, 183.380905151, 313.418518066, 122.587265015, 33.4703445435, 29.533624649, 14.1322803497], [-327.785797119, -83.9978408813, 262.637237549, -47.2916603088, 136.454986572, 137.851623535, 60.7943000793, 62.6293182373, 122.587265015, 281.195068359, 165.377197266, 33.0135726929, 42.7326049805], [-206.627975464, 52.8763961792, 169.409576416, 60.4442672729, 124.075637817, 103.248168945, 27.4004154205, 6.4073266983, 33.4703445435, 165.377197266, 210.716293335, 76.7220993042, 33.5925102234], [-318.585845947, 16.9274291992, 82.1466751099, 128.221801758, 84.8826065063, 30.7691822052, 10.9507074356, 41.0259857178, 29.533624649, 33.0135726929, 76.7220993042, 165.727844238, 97.2497940063], [-484.314056396, -119.079277039, 159.415756226, 12.1606264114, 58.9837341309, 9.66584968567, 7.87185811996, 42.4140930176, 14.1322803497, 42.7326049805, 33.5925102234, 97.2497940063, 173.000961304]],
