{
"lowlevel": {
    "average_loudness": 0.932668149471,
    "barkbands_crest": {
        "dmean": 2.70398306847,
        "dmean2": 4.5231423378,
        "dvar": 7.3080739975,
        "dvar2": 18.7295532227,
        "max": 23.5855751038,
        "mean": 8.49688816071,
        "median": 7.69728899002,
        "min": 2.05898427963,
        "var": 15.6379413605
    },
    "barkbands_flatness_db": {
        "dmean": 0.0170785486698,
        "dmean2": 0.0278969779611,
        "dvar": 0.000307782232994,
        "dvar2": 0.000749019207433,
        "max": 0.245248898864,
        "mean": 0.0703120604157,
        "median": 0.0633652955294,
        "min": 0.0128963021562,
        "var": 0.000961256213486
    },
    "barkbands_kurtosis": {
        "dmean": 1.65901648998,
        "dmean2": 2.72846889496,
        "dvar": 9.58944988251,
        "dvar2": 23.9061470032,
        "max": 61.9641647339,
        "mean": 1.34382796288,
        "median": 0.0583603382111,
        "min": -1.80946004391,
        "var": 14.5668106079
    },
    "barkbands_skewness": {
        "dmean": 0.471517980099,
        "dmean2": 0.748907327652,
        "dvar": 0.264036536217,
        "dvar2": 0.597265660763,
        "max": 7.42445898056,
        "mean": 0.990730762482,
        "median": 0.923514485359,
        "min": -2.93203186989,
        "var": 1.04263031483
    },
    "barkbands_spread": {
        "dmean": 7.54358196259,
        "dmean2": 11.97133255,
        "dvar": 53.2606697083,
        "dvar2": 119.730125427,
        "max": 95.07862854,
        "mean": 39.5325927734,
        "median": 38.5272789001,
        "min": 3.49899721146,
        "var": 243.211044312
    },
    "dissonance": {
        "dmean": 0.0109182782471,
        "dmean2": 0.0185090862215,
        "dvar": 0.000122588637169,
        "dvar2": 0.000336324243108,
        "max": 0.500000059605,
        "mean": 0.479263961315,
        "median": 0.483469516039,
        "min": 0.372831135988,
        "var": 0.000264904811047
    },
    "dynamic_complexity": 2.52596473694,
    "erbbands_crest": {
        "dmean": 2.1042175293,
        "dmean2": 3.44062209129,
        "dvar": 5.78104162216,
        "dvar2": 11.9109926224,
        "max": 29.4336929321,
        "mean": 7.69569444656,
        "median": 6.39114141464,
        "min": 2.12802362442,
        "var": 18.0582675934
    },
    "erbbands_flatness_db": {
        "dmean": 0.0131853949279,
        "dmean2": 0.020748488605,
        "dvar": 0.000189953643712,
        "dvar2": 0.000380872690585,
        "max": 0.293844133615,
        "mean": 0.10638063401,
        "median": 0.100897550583,
        "min": 0.0390264317393,
        "var": 0.00108147214632
    },
    "erbbands_kurtosis": {
        "dmean": 0.621026456356,
        "dmean2": 0.985189557076,
        "dvar": 0.595506489277,
        "dvar2": 1.27191591263,
        "max": 15.479757309,
        "mean": 0.209732443094,
        "median": -0.190764427185,
        "min": -1.69047009945,
        "var": 1.6851695776
    },
    "erbbands_skewness": {
        "dmean": 0.274477958679,
        "dmean2": 0.428387641907,
        "dvar": 0.0709476917982,
        "dvar2": 0.141604602337,
        "max": 3.20119333267,
        "mean": -0.0308597628027,
        "median": -0.0633876994252,
        "min": -2.03166770935,
        "var": 0.382556438446
    },
    "erbbands_spread": {
        "dmean": 7.48322868347,
        "dmean2": 11.8891706467,
        "dvar": 60.7114715576,
        "dvar2": 123.34286499,
        "max": 109.237533569,
        "mean": 42.802936554,
        "median": 41.5055961609,
        "min": 4.66657495499,
        "var": 295.109832764
    },
    "hfc": {
        "dmean": 7.25616550446,
        "dmean2": 10.9660692215,
        "dvar": 77.7995223999,
        "dvar2": 158.850906372,
        "max": 157.812591553,
        "mean": 36.7001342773,
        "median": 33.3103218079,
        "min": 1.03033544308e-16,
        "var": 439.768829346
    },
    "melbands_crest": {
        "dmean": 3.49838042259,
        "dmean2": 5.8335723877,
        "dvar": 9.78127098083,
        "dvar2": 25.8369693756,
        "max": 32.9445343018,
        "mean": 12.9677057266,
        "median": 12.4161901474,
        "min": 1.69103217125,
        "var": 24.7693195343
    },
    "melbands_flatness_db": {
        "dmean": 0.0240061804652,
        "dmean2": 0.0379533693194,
        "dvar": 0.000564583810046,
        "dvar2": 0.00128259032499,
        "max": 0.350363761187,
        "mean": 0.140209063888,
        "median": 0.134966850281,
        "min": 0.00346935167909,
        "var": 0.00248447689228
    },
    "melbands_kurtosis": {
        "dmean": 5.21725225449,
        "dmean2": 8.61122703552,
        "dvar": 94.4303131104,
        "dvar2": 237.682495117,
        "max": 210.628601074,
        "mean": 8.08479785919,
        "median": 4.65811157227,
        "min": -1.70153772831,
        "var": 140.702606201
    },
    "melbands_skewness": {
        "dmean": 0.711271286011,
        "dmean2": 1.14333152771,
        "dvar": 0.625539779663,
        "dvar2": 1.43478417397,
        "max": 12.3120851517,
        "mean": 2.1909570694,
        "median": 2.03076076508,
        "min": -1.5503371954,
        "var": 1.93063271046
    },
    "melbands_spread": {
        "dmean": 10.1942911148,
        "dmean2": 16.1817550659,
        "dvar": 141.559707642,
        "dvar2": 316.715576172,
        "max": 212.993453979,
        "mean": 39.238243103,
        "median": 33.6376876831,
        "min": 1.78212654591,
        "var": 672.814697266
    },
    "pitch_salience": {
        "dmean": 0.0770239681005,
        "dmean2": 0.128380656242,
        "dvar": 0.00569079676643,
        "dvar2": 0.0157523863018,
        "max": 0.892587780952,
        "mean": 0.591858327389,
        "median": 0.604775428772,
        "min": 0.178699761629,
        "var": 0.0112752746791
    },
    "silence_rate_20dB": {
        "dmean": 0,
        "dmean2": 0,
        "dvar": 0,
        "dvar2": 0,
        "max": 1,
        "mean": 1,
        "median": 1,
        "min": 1,
        "var": 0
    },
    "silence_rate_30dB": {
        "dmean": 0,
        "dmean2": 0,
        "dvar": 0,
        "dvar2": 0,
        "max": 1,
        "mean": 1,
        "median": 1,
        "min": 1,
        "var": 0
    },
    "silence_rate_60dB": {
        "dmean": 0.00970708485693,
        "dmean2": 0.0194158218801,
        "dvar": 0.00961279310286,
        "dvar2": 0.0219342764467,
        "max": 1,
        "mean": 0.0311621967703,
        "median": 0,
        "min": 0,
        "var": 0.0301897190511
    },
    "spectral_centroid": {
        "dmean": 269.412445068,
        "dmean2": 420.42578125,
        "dvar": 80811.8359375,
        "dvar2": 153249.96875,
        "max": 11619.3476562,
        "mean": 1950.47509766,
        "median": 1899.52124023,
        "min": 341.903137207,
        "var": 976244.4375
    },
    "spectral_complexity": {
        "dmean": 4.00238418579,
        "dmean2": 6.19364738464,
        "dvar": 17.2961120605,
        "dvar2": 34.3747558594,
        "max": 62,
        "mean": 28.2813968658,
        "median": 32,
        "min": 0,
        "var": 231.531051636
    },
    "spectral_decrease": {
        "dmean": 1.46207324025e-09,
        "dmean2": 2.25501328721e-09,
        "dvar": 3.53995830891e-18,
        "dvar2": 7.57141244855e-18,
        "max": 1.89350715451e-28,
        "mean": -6.36935837406e-09,
        "median": -5.80885606283e-09,
        "min": -1.69426535024e-08,
        "var": 1.65799999262e-17
    },
    "spectral_energy": {
        "dmean": 0.00555435568094,
        "dmean2": 0.00846699345857,
        "dvar": 5.13219856657e-05,
        "dvar2": 0.00010678088438,
        "max": 0.0662284344435,
        "mean": 0.0273682307452,
        "median": 0.0260837189853,
        "min": 9.92983554122e-21,
        "var": 0.000262580229901
    },
    "spectral_energyband_high": {
        "dmean": 0.000533093872946,
        "dmean2": 0.000785742304288,
        "dvar": 5.35071876584e-07,
        "dvar2": 1.04092850961e-06,
        "max": 0.0169772543013,
        "mean": 0.00208317860961,
        "median": 0.00155557680409,
        "min": 7.23928600385e-21,
        "var": 2.99504517898e-06
    },
    "spectral_energyband_low": {
        "dmean": 0.00469799572602,
        "dmean2": 0.00766848353669,
        "dvar": 4.81123679492e-05,
        "dvar2": 0.000119494732644,
        "max": 0.0545305721462,
        "mean": 0.00856695044786,
        "median": 0.00409580767155,
        "min": 1.48373013799e-23,
        "var": 0.000109846056148
    },
    "spectral_energyband_middle_high": {
        "dmean": 0.00200016237795,
        "dmean2": 0.00321301468648,
        "dvar": 5.96260179009e-06,
        "dvar2": 1.54032204591e-05,
        "max": 0.0342011936009,
        "mean": 0.00736373756081,
        "median": 0.00570837035775,
        "min": 9.96390645634e-22,
        "var": 3.86970932595e-05
    },
    "spectral_energyband_middle_low": {
        "dmean": 0.00414304202422,
        "dmean2": 0.00657746195793,
        "dvar": 2.97138540191e-05,
        "dvar2": 6.77444550092e-05,
        "max": 0.0518472716212,
        "mean": 0.0102651696652,
        "median": 0.00739440321922,
        "min": 1.86835129457e-22,
        "var": 7.83882569522e-05
    },
    "spectral_entropy": {
        "dmean": 0.092676140368,
        "dmean2": 0.144219532609,
        "dvar": 0.0103303929791,
        "dvar2": 0.020648766309,
        "max": 9.82044124603,
        "mean": 7.98879623413,
        "median": 7.99926900864,
        "min": 6.23368549347,
        "var": 0.0807611346245
    },
    "spectral_flux": {
        "dmean": 0.0232116635889,
        "dmean2": 0.038622867316,
        "dvar": 0.000615109456703,
        "dvar2": 0.00151526159607,
        "max": 0.22557592392,
        "mean": 0.0908317938447,
        "median": 0.088656745851,
        "min": 6.25409515842e-11,
        "var": 0.00182246766053
    },
    "spectral_kurtosis": {
        "dmean": 0.677091360092,
        "dmean2": 1.04708254337,
        "dvar": 0.637314617634,
        "dvar2": 1.44318401814,
        "max": 23.8103466034,
        "mean": 4.74969291687,
        "median": 4.47904109955,
        "min": -1.25218403339,
        "var": 4.59844350815
    },
    "spectral_rms": {
        "dmean": 0.000521410140209,
        "dmean2": 0.000782910443377,
        "dvar": 3.89481300545e-07,
        "dvar2": 7.55301869049e-07,
        "max": 0.0080382283777,
        "mean": 0.00487621966749,
        "median": 0.00504455436021,
        "min": 3.11249810647e-12,
        "var": 2.92316758532e-06
    },
    "spectral_rolloff": {
        "dmean": 761.879089355,
        "dmean2": 1215.53552246,
        "dvar": 1030123,
        "dvar2": 2052703.25,
        "max": 19466.015625,
        "mean": 3013.89453125,
        "median": 2433.25195312,
        "min": 86.1328125,
        "var": 6940662
    },
    "spectral_skewness": {
        "dmean": 0.115800976753,
        "dmean2": 0.178463101387,
        "dvar": 0.0145247755572,
        "dvar2": 0.0292048137635,
        "max": 3.47257351875,
        "mean": 1.62241399288,
        "median": 1.63108313084,
        "min": -0.0890401899815,
        "var": 0.119432210922
    },
    "spectral_spread": {
        "dmean": 389857.65625,
        "dmean2": 590266.375,
        "dvar": 221584539648,
        "dvar2": 401282236416,
        "max": 42275772,
        "mean": 6090431.5,
        "median": 5953001,
        "min": 1912627.875,
        "var": 9.96226052915e+12
    },
    "spectral_strongpeak": {
        "dmean": 0.564875364304,
        "dmean2": 0.972929596901,
        "dvar": 0.800396680832,
        "dvar2": 2.00074696541,
        "max": 10.8183164597,
        "mean": 0.916038095951,
        "median": 0.554723978043,
        "min": 0,
        "var": 1.12011301517
    },
    "zerocrossingrate": {
        "dmean": 0.0153477219865,
        "dmean2": 0.0178166311234,
        "dvar": 0.000237200190895,
        "dvar2": 0.00028354942333,
        "max": 0.5263671875,
        "mean": 0.119735583663,
        "median": 0.109375,
        "min": 0.013671875,
        "var": 0.00411025574431
    },
    "barkbands": {
        "dmean": [0.000310966657707, 0.00300786318257, 0.00225323811173, 0.0012749749003, 0.00222145067528, 0.00090924045071, 0.00117990921717, 0.000712134351488, 0.00065598054789, 0.000343680905644, 0.000507403921802, 0.000373907620087, 0.000369611865608, 0.000448332808446, 0.00055485352641, 0.000374207185814, 0.000285654095933, 0.00029395436286, 0.000270422897302, 0.000186185119674, 0.000158866532729, 0.000101617268228, 9.1660876933e-05, 8.44232927193e-05, 6.6172768129e-05, 8.17936161184e-05, 7.44808494346e-05],
        "dmean2": [0.000539142405614, 0.0048174993135, 0.00382354715839, 0.00231496244669, 0.00353083061054, 0.00143729150295, 0.00184420973528, 0.00113626231905, 0.0011106665479, 0.000583389075473, 0.000876647653058, 0.000634195865132, 0.000609719660133, 0.000738888047636, 0.000909949187189, 0.000611046911217, 0.00047644454753, 0.000478237547213, 0.000446695310529, 0.000298022961942, 0.000261393812252, 0.000158567592734, 0.000142616147059, 0.000128501880681, 9.80372133199e-05, 0.000127907420392, 0.000118248724903],
        "dvar": [1.59777712838e-07, 3.59610130545e-05, 1.17131294246e-05, 5.45448165212e-06, 1.40091296998e-05, 4.94090772918e-06, 3.17006697514e-06, 1.73323951458e-06, 2.84593011202e-06, 4.60598840846e-07, 8.8665427711e-07, 4.42510895482e-07, 3.91054896909e-07, 4.12196925481e-07, 8.55937855704e-07, 4.07541222103e-07, 1.57533648348e-07, 1.75976623495e-07, 1.32460897362e-07, 5.49413421425e-08, 4.17930756669e-08, 2.0276676338e-08, 2.75145559669e-08, 2.06436450156e-08, 1.17683462975e-08, 1.13873994678e-08, 8.31497892761e-09],
        "dvar2": [4.48401209496e-07, 8.47136980155e-05, 3.45505759469e-05, 1.6464780856e-05, 3.23053682223e-05, 1.35285117722e-05, 7.47299054638e-06, 3.69250733456e-06, 7.74680756876e-06, 1.32196248614e-06, 2.69100587502e-06, 1.18314335396e-06, 1.00925797142e-06, 9.58636292125e-07, 1.98981160793e-06, 1.00010970527e-06, 4.19579464506e-07, 4.752718894e-07, 3.49098172592e-07, 1.30619184802e-07, 1.08841419433e-07, 4.86988689374e-08, 6.47945270771e-08, 4.54787105753e-08, 2.29781154104e-08, 2.36991297697e-08, 1.74584293688e-08],
        "max": [0.00432736193761, 0.0498129166663, 0.0334021523595, 0.0290415100753, 0.0393488444388, 0.0348026789725, 0.0263935029507, 0.0322351716459, 0.0329744778574, 0.0111307818443, 0.0120890727267, 0.0102578066289, 0.0205386076123, 0.0114287361503, 0.0153943430632, 0.0159555096179, 0.00473663164303, 0.00571539252996, 0.00754810543731, 0.00424386048689, 0.00368727021851, 0.00282100751065, 0.00427127722651, 0.00247961166315, 0.00176929018926, 0.00253418181092, 0.00217296625488],
        "mean": [0.000368185807019, 0.00409874832258, 0.00330121396109, 0.00137885066215, 0.00335635617375, 0.00127381738275, 0.00193679484073, 0.0011983391596, 0.000929853064008, 0.000510365236551, 0.000719723931979, 0.000642181548756, 0.000714483961929, 0.000855848833453, 0.00111498136539, 0.000809214951005, 0.000599573017098, 0.000632699637208, 0.00062973581953, 0.000460268929601, 0.000396798714064, 0.000273022742476, 0.000235415544012, 0.000218938730541, 0.000190697130165, 0.000281144079054, 0.000240864072111],
        "median": [0.000248492084211, 0.00103641569149, 0.00181443430483, 0.000431428139564, 0.00182281527668, 0.000323553598719, 0.000926896813326, 0.000451659492683, 0.000265815848252, 0.000188397723832, 0.000265684153419, 0.000295314297546, 0.000345857726643, 0.000532362551894, 0.000545936345588, 0.000379844015697, 0.000384265062166, 0.000427743332693, 0.000478995061712, 0.000367553875549, 0.000324158201693, 0.000191667233594, 0.000125170467072, 0.000108734362584, 0.00010845826182, 0.000232852093177, 0.000202865383471],
        "min": [5.37189821767e-25, 5.22475435961e-24, 5.96150863545e-25, 1.14039290459e-24, 4.29791892105e-24, 8.50610728071e-24, 9.67096769235e-24, 4.2851926225e-24, 9.76851507645e-24, 1.79282682436e-23, 1.16863881872e-23, 1.50244239198e-23, 3.23422305741e-23, 3.13008489822e-23, 3.91265006233e-23, 5.85303615891e-23, 6.73880957297e-23, 8.99386944474e-23, 1.22670319386e-22, 2.029194732e-22, 2.54496701175e-22, 3.20857523301e-22, 4.16885548672e-22, 5.13208469181e-22, 9.62800872559e-22, 1.34952406577e-21, 1.96959115355e-21],
        "var": [1.67370515669e-07, 5.59479485673e-05, 1.75770874193e-05, 5.71873260924e-06, 2.17706892727e-05, 7.23765379007e-06, 6.99973315932e-06, 4.68005146104e-06, 4.74783382742e-06, 7.85949680449e-07, 1.29645093239e-06, 9.28428960378e-07, 9.98280142994e-07, 1.00686088444e-06, 2.34655362874e-06, 1.40783220104e-06, 4.2721455884e-07, 4.60941720348e-07, 3.72817737571e-07, 1.64744534459e-07, 1.12265148289e-07, 7.38942205203e-08, 1.1150252277e-07, 7.75616797455e-08, 4.45783570058e-08, 4.61255531548e-08, 3.7046849144e-08]
    },
    "erbbands": {
        "dmean": [0.0592567138374, 0.789163351059, 2.3727107048, 3.54516291618, 4.97583818436, 9.66338825226, 8.19643211365, 7.15603113174, 11.037856102, 24.8220157623, 11.0669784546, 12.8900432587, 14.2150716782, 12.7562561035, 17.4072055817, 15.5820913315, 16.0095252991, 23.0341339111, 25.4885177612, 24.0843868256, 19.2882575989, 14.9844264984, 14.5778970718, 14.6980199814, 11.4351320267, 9.52856731415, 8.11019229889, 4.65270614624, 3.65360474586, 3.17898464203, 2.62268304825, 1.87549090385, 1.47722876072, 0.810916721821, 0.474771618843, 0.274801880121, 0.173327296972, 0.0813099741936, 0.0131799634546, 0.00057514332002],
        "dmean2": [0.0956441760063, 1.27410423756, 3.96441459656, 6.21792888641, 8.43289852142, 15.5038614273, 13.0241708755, 11.6537380219, 17.971200943, 38.7501373291, 17.3229026794, 21.7703800201, 23.9312973022, 22.0350780487, 29.9117851257, 26.3383140564, 26.2717781067, 37.4574279785, 41.6156349182, 39.7744865417, 31.629152298, 24.812417984, 23.5710163116, 24.6142807007, 18.6235580444, 15.2221832275, 13.3876390457, 7.4949836731, 5.67469167709, 4.96387863159, 4.10724496841, 2.83843874931, 2.29372525215, 1.21643447876, 0.71563065052, 0.427035331726, 0.274035960436, 0.129038572311, 0.0209186449647, 0.000909115828108],
        "dvar": [0.00858161412179, 2.64204621315, 14.4517993927, 34.2025413513, 92.8597717285, 253.948287964, 321.555633545, 285.302154541, 521.816345215, 1370.50439453, 621.503601074, 1077.97167969, 1143.57629395, 594.280090332, 994.350158691, 824.688171387, 817.222839355, 1155.54174805, 2032.72668457, 1701.70593262, 1431.8236084, 425.22467041, 382.96496582, 451.551391602, 205.959487915, 163.209320068, 95.3232498169, 46.5483856201, 24.8795948029, 29.0119590759, 25.9991321564, 11.2747955322, 7.59841251373, 2.00785326958, 0.516811549664, 0.142281010747, 0.0495641417801, 0.0104415835813, 0.000264063099166, 5.03424928411e-07],
        "dvar2": [0.0205462705344, 6.3548412323, 41.0732917786, 100.868133545, 240.811096191, 579.527587891, 787.829772949, 830.04876709, 1379.28979492, 2953.90966797, 1108.26220703, 2676.70556641, 3323.09741211, 1842.42736816, 2905.82202148, 2189.69189453, 2116.33398438, 2534.31518555, 4457.16210938, 4180.30957031, 3485.60131836, 1125.06005859, 996.753662109, 1277.82580566, 542.352111816, 393.085540771, 245.248474121, 116.124656677, 58.6603507996, 71.543586731, 61.9593811035, 24.2186832428, 18.09308815, 4.06315088272, 1.03117144108, 0.301202952862, 0.105518646538, 0.0216158628464, 0.000566325208638, 1.12978568723e-06],
        "max": [0.914684772491, 13.3368453979, 34.3782501221, 67.1376495361, 122.678581238, 167.498703003, 261.964904785, 292.229858398, 325.671691895, 704.004333496, 885.487670898, 917.170898438, 608.719299316, 338.639221191, 433.514556885, 506.007873535, 1024.8182373, 616.984375, 943.653808594, 802.964294434, 1071.56481934, 278.046417236, 271.707763672, 405.432861328, 206.200866699, 251.867599487, 200.47076416, 100.008491516, 110.224395752, 107.36856842, 146.149536133, 72.8529586792, 34.6703453064, 25.7003250122, 10.2548789978, 5.39913702011, 5.33084201813, 2.42679905891, 0.481665194035, 0.0149335227907],
        "mean": [0.0807804465294, 1.04692661762, 3.53640222549, 4.96809387207, 6.27168655396, 14.0392427444, 11.137969017, 10.0611753464, 17.0161247253, 42.2075843811, 20.6906814575, 19.4896850586, 21.4066066742, 19.5544605255, 27.9590835571, 28.5974807739, 33.4916687012, 45.7856254578, 51.0325088501, 52.8865623474, 43.7650871277, 34.2910728455, 33.6849784851, 33.7732200623, 28.223739624, 23.2614307404, 19.7410564423, 12.017493248, 9.75812244415, 8.16988754272, 6.61207818985, 4.80642175674, 3.53301382065, 2.15389180183, 1.36125290394, 0.828364133835, 0.568521499634, 0.264207661152, 0.0408226065338, 0.00176009628922],
        "median": [0.0335295274854, 0.213361144066, 1.70873069763, 2.34341883659, 2.84574913979, 7.6304473877, 4.01936244965, 3.08012247086, 6.84762573242, 21.1025104523, 8.12536907196, 5.98800897598, 7.91443014145, 9.19986152649, 11.84578228, 13.8542556763, 16.6340789795, 27.6550102234, 27.9809780121, 26.6512813568, 20.1195163727, 23.2177562714, 24.094991684, 24.3775539398, 22.0592041016, 18.2480335236, 16.299036026, 8.89823722839, 7.04173803329, 4.88666439056, 3.39816689491, 2.51109910011, 1.64743614197, 1.13818717003, 0.816775083542, 0.614964067936, 0.465206205845, 0.22201436758, 0.034108646214, 0.00147255277261],
        "min": [2.38196335761e-22, 6.78025872307e-22, 1.31577283496e-21, 6.12039255502e-21, 1.30833921563e-20, 2.16700172453e-20, 4.04738342811e-20, 8.43984140462e-20, 1.0195670549e-19, 1.6254020196e-19, 1.78412259876e-19, 2.54857293559e-19, 7.7123352804e-19, 7.29989889108e-19, 8.59768271664e-19, 1.32846085255e-18, 1.62158057442e-18, 1.56950717671e-18, 2.89776030354e-18, 3.17045755646e-18, 4.28250593709e-18, 5.12845775928e-18, 5.4259354822e-18, 6.42595093426e-18, 5.25632002965e-18, 8.34867353831e-18, 8.80304715751e-18, 1.13976314977e-17, 1.21595409425e-17, 9.87686076868e-18, 1.05771113434e-17, 1.04082060254e-17, 8.90951357415e-18, 8.88746507492e-18, 6.56823137629e-18, 3.95073744187e-18, 2.24973853306e-18, 1.05518271204e-18, 2.68259971777e-19, 2.87491694836e-20],
        "var": [0.0137054547668, 3.97709965706, 22.3451290131, 52.9632606506, 113.220626831, 381.816314697, 457.413421631, 370.059265137, 857.761657715, 3298.26367188, 1981.52624512, 2064.60546875, 2004.16894531, 934.254333496, 1637.70288086, 1802.98376465, 2138.99487305, 2978.69995117, 5215.12207031, 4799.27197266, 4557.26708984, 1260.72033691, 1163.01257324, 1209.95422363, 674.241699219, 465.246063232, 259.150726318, 122.749412537, 85.3470916748, 105.336135864, 98.560874939, 39.8620147705, 22.9673194885, 6.85732030869, 1.94733858109, 0.479435861111, 0.200140327215, 0.0426217056811, 0.00112861720845, 2.19136336455e-06]
    },
    "gfcc": {
        "mean": [49.5157852173, 28.4562015533, -92.7240447998, 15.4417333603, -35.7440032959, -0.162112548947, -29.8708553314, 2.11666035652, -21.1298885345, 7.52071428299, -16.5961399078, -0.699976861477, -17.3723621368],
        "cov": [[14660.8818359, 353.956817627, -814.236206055, 446.646209717, -113.813667297, 209.620697021, -221.913024902, 26.8515605927, -198.600540161, -90.9485092163, -209.84425354, 17.8391590118, -152.083984375], [353.956817627, 1187.02966309, -68.435256958, -4.01159095764, 137.547454834, 9.01742935181, 37.9440536499, -17.4787826538, -95.6131744385, -119.998268127, -49.0100784302, 24.0963382721, -32.5165672302], [-814.236206055, -68.435256958, 573.324401855, 23.0225543976, 7.79136562347, -22.5586395264, 63.9089584351, -13.0267982483, -32.2612037659, -8.44637680054, -22.471950531, -27.1173744202, 19.5247325897], [446.646209717, -4.01159095764, 23.0225543976, 278.885742188, 68.765335083, 84.1714172363, 13.1607723236, 14.7214565277, 1.52207696438, 0.965872049332, 6.23872232437, -3.61006951332, 1.36304628849], [-113.813667297, 137.547454834, 7.79136562347, 68.765335083, 284.131988525, 34.955581665, 51.5078544617, -12.8937101364, 17.2745876312, -11.6231994629, -22.4143924713, -5.70089435577, -18.3869628906], [209.620697021, 9.01742935181, -22.5586395264, 84.1714172363, 34.955581665, 113.615112305, 38.1191139221, 22.3854141235, 4.29694509506, -3.97971105576, 1.94882237911, 7.37958145142, 9.10906410217], [-221.913024902, 37.9440536499, 63.9089584351, 13.1607723236, 51.5078544617, 38.1191139221, 105.98361969, 58.3238563538, 21.7563552856, 1.2132216692, -12.8005399704, -9.29859352112, -4.33569192886], [26.8515605927, -17.4787826538, -13.0267982483, 14.7214565277, -12.8937101364, 22.3854141235, 58.3238563538, 110.011100769, 68.6601333618, 34.547744751, 3.20909118652, -11.0999059677, -17.7968788147], [-198.600540161, -95.6131744385, -32.2612037659, 1.52207696438, 17.2745876312, 4.29694509506, 21.7563552856, 68.6601333618, 122.237312317, 80.9933013916, 30.5128421783, -14.3446817398, -23.8692359924], [-90.9485092163, -119.998268127, -8.44637680054, 0.965872049332, -11.6231994629, -3.97971105576, 1.2132216692, 34.547744751, 80.9933013916, 124.016433716, 68.2072982788, 2.45387840271, -34.4358062744], [-209.84425354, -49.0100784302, -22.471950531, 6.23872232437, -22.4143924713, 1.94882237911, -12.8005399704, 3.20909118652, 30.5128421783, 68.2072982788, 102.677215576, 40.0280227661, -15.416888237], [17.8391590118, 24.0963382721, -27.1173744202, -3.61006951332, -5.70089435577, 7.37958145142, -9.29859352112, -11.0999059677, -14.3446817398, 2.45387840271, 40.0280227661, 65.126739502, 32.1548957825], [-152.083984375, -32.5165672302, 19.5247325897, 1.36304628849, -18.3869628906, 9.10906410217, -4.33569192886, -17.7968788147, -23.8692359924, -34.4358062744, -15.416888237, 32.1548957825, 86.3700790405]],
        "icov": [[0.000105898529, -2.54818810497e-09, 0.000110558845336, -0.00017790174752, 8.02484719316e-05, -0.000165901103173, 0.00030904437881, -0.00021026514878, 0.000320425955579, -0.000319458369631, 0.000716041133273, -0.000544719747268, 0.000462844065623], [-2.54818810497e-09, 0.00112554966472, 0.000128296829644, 6.96398201399e-05, -0.00048399384832, 0.000187975703739, -0.000265556445811, -0.000407165003708, 0.000634480966255, 0.00100559927523, 0.00020968982426, -0.00115886214189, 0.00121869402938], [0.000110558845336, 0.000128296829644, 0.0024402316194, -0.000773003499489, 0.000322873529512, 0.00127955526114, -0.00249495147727, 0.000964337086771, 0.00137720850762, -0.001134470338, 0.000435301859397, 0.000986592145637, -0.000650520669296], [-0.00017790174752, 6.96398201399e-05, -0.000773003499489, 0.00570201175287, -0.00191178778186, -0.00391668034717, 0.00261507183313, -0.00242617283948, 0.00129045941867, 0.00042282755021, -0.00297435047105, 0.00322422687896, -0.00177090300713], [8.02484719316e-05, -0.00048399384832, 0.000322873529512, -0.00191178778186, 0.0061739590019, -1.87371024367e-05, -0.00490171508864, 0.0064159790054, -0.00488366745412, 0.000604599015787, 0.0037274279166, -0.00390665465966, 0.00331973168068], [-0.000165901103173, 0.000187975703739, 0.00127955526114, -0.00391668034717, -1.87371024367e-05, 0.0145751303062, -0.00665718270466, 0.000790964637417, -0.000123421894386, 0.000925276021007, -0.00167691975366, -0.000194993583136, -0.00205309852026], [0.00030904437881, -0.000265556445811, -0.00249495147727, 0.00261507183313, -0.00490171508864, -0.00665718270466, 0.0238924678415, -0.0159109570086, 0.00577080482617, -0.00105210684706, 0.000686416460667, 0.00136020907667, -0.00066212558886], [-0.00021026514878, -0.000407165003708, 0.000964337086771, -0.00242617283948, 0.0064159790054, 0.000790964637417, -0.0159109570086, 0.0283809881657, -0.0167860407382, 0.0023166728206, 0.00449667358771, -0.00536207016557, 0.00471207685769], [0.000320425955579, 0.000634480966255, 0.00137720850762, 0.00129045941867, -0.00488366745412, -0.000123421894386, 0.00577080482617, -0.0167860407382, 0.0283302012831, -0.0140403890982, -0.00151391117834, 0.00789269711822, -0.00470158830285], [-0.000319458369631, 0.00100559927523, -0.001134470338, 0.00042282755021, 0.000604599015787, 0.000925276021007, -0.00105210684706, 0.0023166728206, -0.0140403890982, 0.0259548854083, -0.0138319600374, 0.00203163153492, 0.00376421608962], [0.000716041133273, 0.00020968982426, 0.000435301859397, -0.00297435047105, 0.0037274279166, -0.00167691975366, 0.000686416460667, 0.00449667358771, -0.00151391117834, -0.0138319600374, 0.0341909751296, -0.0261909943074, 0.0131402267143], [-0.000544719747268, -0.00115886214189, 0.000986592145637, 0.00322422687896, -0.00390665465966, -0.000194993583136, 0.00136020907667, -0.00536207016557, 0.00789269711822, 0.00203163153492, -0.0261909943074, 0.0438743345439, -0.0215349327773], [0.000462844065623, 0.00121869402938, -0.000650520669296, -0.00177090300713, 0.00331973168068, -0.00205309852026, -0.00066212558886, 0.00471207685769, -0.00470158830285, 0.00376421608962, 0.0131402267143, -0.0215349327773, 0.0254521071911]]
    },
    "melbands": {
        "dmean": [0.000691996188834, 0.00116082653403, 0.000600474479143, 0.000514951592777, 0.000303934124531, 0.000162217955221, 0.000183179450687, 0.000248094991548, 8.44895839691e-05, 8.81917076185e-05, 7.18026785762e-05, 5.02438488184e-05, 6.90106753609e-05, 3.97446274292e-05, 4.1356881411e-05, 3.76226053049e-05, 4.51803571195e-05, 4.04420025006e-05, 3.77649339498e-05, 3.03828364849e-05, 2.29013767239e-05, 1.67485159182e-05, 1.6054513253e-05, 1.4722956621e-05, 1.28932815642e-05, 1.03984166344e-05, 7.11892334948e-06, 6.8076747084e-06, 6.35002106719e-06, 3.85415751225e-06, 2.68552958005e-06, 2.17403749048e-06, 2.36334085457e-06, 1.88446085758e-06, 1.50029916313e-06, 1.66809797975e-06, 1.10107271212e-06, 1.21855418911e-06, 7.95096752881e-07, 7.40965106161e-07],
        "dmean2": [0.00110741739627, 0.00190500065219, 0.00104962906335, 0.000832410121802, 0.000486236531287, 0.000262578192633, 0.000293214572594, 0.000388180895243, 0.000133807086968, 0.000149523169966, 0.000121284087072, 8.6824351456e-05, 0.00011879466183, 6.76475683576e-05, 6.92670291755e-05, 6.11102950643e-05, 7.41444091545e-05, 6.66774358251e-05, 6.18826670689e-05, 4.99349007441e-05, 3.80219062208e-05, 2.78092284134e-05, 2.65103008132e-05, 2.42684982368e-05, 2.1720499717e-05, 1.72354011738e-05, 1.14665917863e-05, 1.097776385e-05, 1.06275101643e-05, 6.32841920378e-06, 4.32472052125e-06, 3.40266433341e-06, 3.73842249246e-06, 2.99598673337e-06, 2.32404113376e-06, 2.63461515715e-06, 1.6914985963e-06, 1.92186575987e-06, 1.21181153645e-06, 1.12833652111e-06],
        "dvar": [1.66575398453e-06, 3.47469062945e-06, 9.1065601282e-07, 8.28931035812e-07, 3.54535018232e-07, 1.48263751498e-07, 1.14061649015e-07, 1.38645617653e-07, 3.78389621858e-08, 5.12693105748e-08, 2.96267845812e-08, 9.57096712995e-09, 1.63791877839e-08, 5.31947330629e-09, 4.59922233631e-09, 3.55435636479e-09, 4.50686465925e-09, 4.76398653859e-09, 3.90246057691e-09, 2.52822407454e-09, 2.06912975642e-09, 5.60315793763e-10, 5.13684816905e-10, 5.08714959047e-10, 3.69113156706e-10, 1.78153505836e-10, 8.87916198899e-11, 8.53245182841e-11, 5.76300153432e-11, 2.84892213986e-11, 1.45720050609e-11, 8.7523148451e-12, 1.34469787735e-11, 1.09141714763e-11, 7.52714297142e-12, 1.13289273795e-11, 3.70500548644e-12, 5.72960949519e-12, 1.81251118715e-12, 1.76984176013e-12],
        "dvar2": [3.963978088e-06, 9.17836950975e-06, 2.65034736913e-06, 1.93135815607e-06, 8.5715350906e-07, 4.29700804716e-07, 2.94305039006e-07, 3.06583729071e-07, 6.88243630975e-08, 1.38297750141e-07, 8.63385878347e-08, 2.93606969848e-08, 4.82959556791e-08, 1.42084601862e-08, 1.24373942256e-08, 8.55314397086e-09, 1.00055572716e-08, 1.07217976719e-08, 9.58302681653e-09, 6.49412346121e-09, 5.08835862334e-09, 1.48991119442e-09, 1.35388189548e-09, 1.2924814552e-09, 1.03810116059e-09, 4.83407536223e-10, 2.21638277176e-10, 2.07723768741e-10, 1.54778967421e-10, 7.16383549704e-11, 3.58201766859e-11, 2.10899665787e-11, 3.42245953799e-11, 2.77857025582e-11, 1.66188538625e-11, 2.96109560483e-11, 8.09159596965e-12, 1.43860028057e-11, 4.11421547872e-12, 3.76835541938e-12],
        "max": [0.0105226188898, 0.014584871009, 0.0104697588831, 0.0105242682621, 0.00708895688877, 0.00616236869246, 0.00500227324665, 0.00645617209375, 0.00669043185189, 0.00493217119947, 0.00309902755544, 0.00145128124859, 0.00187186675612, 0.00118309084792, 0.00194166880101, 0.00130186777096, 0.00133521715179, 0.00140228529926, 0.000902090512682, 0.000835617189296, 0.00131944776513, 0.000375819276087, 0.000287403381662, 0.000445599405793, 0.000381353776902, 0.000215786189074, 0.000141300057294, 0.000180888848263, 0.000166584184626, 8.42602385092e-05, 8.22617512313e-05, 6.92975227139e-05, 9.00703089428e-05, 5.23202797922e-05, 7.56518929848e-05, 8.62762026372e-05, 4.08069172408e-05, 3.68157743651e-05, 2.85918049485e-05, 2.37157510128e-05],
        "mean": [0.000953894748818, 0.00178730546031, 0.000862169545144, 0.000753546366468, 0.000451585830888, 0.000227145996178, 0.000294187280815, 0.000424328114605, 0.000150822117575, 0.000126304861624, 0.000105779276055, 7.46216901462e-05, 0.000101797246316, 6.89453227096e-05, 7.71336635808e-05, 7.5188880146e-05, 8.40367065393e-05, 7.5880845543e-05, 7.85148658906e-05, 6.35842297925e-05, 4.72982464998e-05, 3.43134270224e-05, 3.38064965035e-05, 2.88896353595e-05, 2.69181400654e-05, 2.36677424255e-05, 1.63461882039e-05, 1.49638035509e-05, 1.35881509777e-05, 8.61725311552e-06, 6.36411959931e-06, 5.34561240784e-06, 5.40176597497e-06, 4.19954585595e-06, 3.69916165255e-06, 3.65288042303e-06, 2.62239268523e-06, 2.62961589215e-06, 1.93176015273e-06, 1.80084771273e-06],
        "median": [0.000318447011523, 0.000743700074963, 0.000439772644313, 0.000407674669987, 0.000199684596737, 6.28041234449e-05, 0.000133355584694, 0.000215866501094, 4.41799784312e-05, 3.78429249395e-05, 3.76207572117e-05, 3.31308765453e-05, 3.96763643948e-05, 2.8549158742e-05, 3.82463949791e-05, 3.53780815203e-05, 4.98286390211e-05, 4.28453240602e-05, 3.82711587008e-05, 2.96190191875e-05, 2.05829055631e-05, 2.14401752601e-05, 2.29789075092e-05, 1.92044026335e-05, 1.82339063031e-05, 1.77158617589e-05, 1.2497462194e-05, 1.12202424134e-05, 1.1060149518e-05, 6.52798735246e-06, 4.54751943835e-06, 3.8542098082e-06, 3.48195180777e-06, 2.33550667872e-06, 1.88493891073e-06, 1.83000918241e-06, 1.37430049563e-06, 1.15005298085e-06, 9.97337338049e-07, 9.34332774705e-07],
        "min": [2.00878203311e-24, 9.71525000484e-25, 1.76570756137e-24, 1.14818280742e-24, 1.30698287423e-24, 1.97241929247e-24, 2.14017391662e-24, 1.72781285285e-24, 1.94493912562e-24, 1.40473477051e-24, 3.89856242652e-24, 2.5408961266e-24, 1.8553635754e-24, 2.03409381855e-24, 2.82121706041e-24, 3.88722531202e-24, 2.41204102254e-24, 4.49383410458e-24, 2.79988034507e-24, 3.90580061975e-24, 4.70264361404e-24, 3.3711730182e-24, 4.21625051811e-24, 2.90159212589e-24, 4.71623371529e-24, 2.75258142849e-24, 5.70130562688e-24, 4.8292514506e-24, 5.68639931122e-24, 5.13388349978e-24, 5.57828276871e-24, 5.96336955833e-24, 4.49849311709e-24, 5.2644478682e-24, 5.96833228228e-24, 4.4182655686e-24, 5.94451538826e-24, 5.53307472796e-24, 6.08618810152e-24, 7.31010895142e-24],
        "var": [2.56051794167e-06, 6.098056474e-06, 1.32534000841e-06, 1.19244987218e-06, 5.23414939835e-07, 1.99887438157e-07, 2.05984548529e-07, 3.23183115825e-07, 1.19911831575e-07, 8.72797798479e-08, 5.123277802e-08, 1.47438248277e-08, 2.48971367967e-08, 1.12299440858e-08, 1.12955236276e-08, 1.04895310216e-08, 1.07834052798e-08, 1.14306208943e-08, 1.10662305985e-08, 7.21335391418e-09, 5.78723025058e-09, 1.44498690791e-09, 1.37107802889e-09, 1.06580366754e-09, 8.86369089237e-10, 5.25932575268e-10, 2.50964221626e-10, 2.15113052371e-10, 1.29775329372e-10, 6.50713302686e-11, 3.78019698877e-11, 2.52019863312e-11, 4.26825484678e-11, 3.08859708642e-11, 3.08085813805e-11, 3.08960461382e-11, 1.1347568718e-11, 1.43626716423e-11, 5.51161677062e-12, 5.39648664297e-12]
    },
    "mfcc": {
        "mean": [-606.159118652, 85.7260742188, -3.05725240707, 23.3494682312, 7.97891378403, 6.2753663063, 1.58607292175, -3.08926439285, -1.65859079361, 3.59469056129, 1.96322286129, 1.11110496521, -0.759966611862],
        "cov": [[6245.83740234, 756.8828125, -390.401489258, 229.982543945, 198.009033203, 180.197479248, 39.1019935608, 164.092666626, -2.56618952751, -14.4862337112, -151.243530273, -65.0432662964, 62.4826126099], [756.8828125, 1061.96777344, -83.8241958618, 53.257686615, 47.1375770569, 15.8562908173, 73.9243011475, 78.1823883057, 19.051235199, -86.7448806763, -73.6652908325, -35.554233551, 3.34041976929], [-390.401489258, -83.8241958618, 455.628967285, 31.9550762177, -67.5848770142, -29.6413116455, 27.8508682251, -29.8848171234, 2.93881821632, 2.44627189636, 0.19622297585, -9.77335166931, -27.9415473938], [229.982543945, 53.257686615, 31.9550762177, 176.962997437, 85.5781097412, 54.8539352417, 40.082775116, 23.2779483795, 16.7814331055, 24.5921878815, 1.48047685623, -9.23923206329, 2.91280031204], [198.009033203, 47.1375770569, -67.5848770142, 85.5781097412, 134.958496094, 76.9449005127, 19.6623363495, 17.7172451019, 6.84995794296, 7.60249233246, -4.34159374237, -5.37308168411, 0.334876358509], [180.197479248, 15.8562908173, -29.6413116455, 54.8539352417, 76.9449005127, 108.491264343, 45.2761306763, 21.5818767548, 11.4167032242, -3.5858643055, -12.240729332, -2.19755649567, 1.39843189716], [39.1019935608, 73.9243011475, 27.8508682251, 40.082775116, 19.6623363495, 45.2761306763, 89.8602600098, 46.6082038879, 18.1247634888, -10.0258665085, -17.1866397858, -8.6608505249, 2.38307309151], [164.092666626, 78.1823883057, -29.8848171234, 23.2779483795, 17.7172451019, 21.5818767548, 46.6082038879, 88.7816925049, 43.676700592, 6.83076953888, -23.3657779694, -18.9872741699, 4.41695261002], [-2.56618952751, 19.051235199, 2.93881821632, 16.7814331055, 6.84995794296, 11.4167032242, 18.1247634888, 43.676700592, 88.8879394531, 50.3211517334, 7.48063230515, -14.503575325, -6.27346420288], [-14.4862337112, -86.7448806763, 2.44627189636, 24.5921878815, 7.60249233246, -3.5858643055, -10.0258665085, 6.83076953888, 50.3211517334, 102.263366699, 62.5766983032, 14.6993160248, 2.52270317078], [-151.243530273, -73.6652908325, 0.19622297585, 1.48047685623, -4.34159374237, -12.240729332, -17.1866397858, -23.3657779694, 7.48063230515, 62.5766983032, 120.060775757, 79.4123840332, 25.5812187195], [-65.0432662964, -35.554233551, -9.77335166931, -9.23923206329, -5.37308168411, -2.19755649567, -8.6608505249, -18.9872741699, -14.503575325, 14.6993160248, 79.4123840332, 110.931526184, 58.6627311707], [62.4826126099, 3.34041976929, -27.9415473938, 2.91280031204, 0.334876358509, 1.39843189716, 2.38307309151, 4.41695261002, -6.27346420288, 2.52270317078, 25.5812187195, 58.6627311707, 76.3539276123]],
