{
"lowlevel": {
    "average_loudness": 0.0982676148415,
    "barkbands_crest": {
        "dmean": 2.09246873856,
        "dmean2": 3.20025277138,
        "dvar": 4.48873519897,
        "dvar2": 10.3782424927,
        "max": 26.4557476044,
        "mean": 13.4532241821,
        "median": 12.8417892456,
        "min": 3.4388961792,
        "var": 23.0641059875
    },
    "barkbands_flatness_db": {
        "dmean": 0.0190937947482,
        "dmean2": 0.0275209769607,
        "dvar": 0.0004629381001,
        "dvar2": 0.000887974514626,
        "max": 0.497656553984,
        "mean": 0.203269571066,
        "median": 0.198723107576,
        "min": 0.03016102314,
        "var": 0.00436258595437
    },
    "barkbands_kurtosis": {
        "dmean": 5.9332652092,
        "dmean2": 8.92068195343,
        "dvar": 106.455970764,
        "dvar2": 220.410903931,
        "max": 413.836700439,
        "mean": 17.6849327087,
        "median": 11.0937843323,
        "min": -1.91734790802,
        "var": 595.075073242
    },
    "barkbands_skewness": {
        "dmean": 0.590991914272,
        "dmean2": 0.860979855061,
        "dvar": 0.583094954491,
        "dvar2": 1.10800588131,
        "max": 16.8532352448,
        "mean": 2.590082407,
        "median": 2.52305269241,
        "min": -8.84025478363,
        "var": 4.05115032196
    },
    "barkbands_spread": {
        "dmean": 3.97750449181,
        "dmean2": 6.20016956329,
        "dvar": 85.2380981445,
        "dvar2": 194.817443848,
        "max": 113.769248962,
        "mean": 11.8511095047,
        "median": 8.23098945618,
        "min": 0.312071621418,
        "var": 168.081253052
    },
    "dissonance": {
        "dmean": 0.0275461692363,
        "dmean2": 0.0445819236338,
        "dvar": 0.000878806458786,
        "dvar2": 0.00219083414413,
        "max": 0.500000059605,
        "mean": 0.398814678192,
        "median": 0.416158795357,
        "min": 0.122907534242,
        "var": 0.00519901514053
    },
    "dynamic_complexity": 13.8954429626,
    "erbbands_crest": {
        "dmean": 2.30660700798,
        "dmean2": 3.49671530724,
        "dvar": 6.16936349869,
        "dvar2": 13.867773056,
        "max": 31.190990448,
        "mean": 12.635216713,
        "median": 11.7676668167,
        "min": 1.67013978958,
        "var": 31.646156311
    },
    "erbbands_flatness_db": {
        "dmean": 0.0154971024022,
        "dmean2": 0.0216299574822,
        "dvar": 0.000362582039088,
        "dvar2": 0.000658618693706,
        "max": 0.46287587285,
        "mean": 0.195647656918,
        "median": 0.201620101929,
        "min": 0.0221105217934,
        "var": 0.00557235488668
    },
    "erbbands_kurtosis": {
        "dmean": 2.77109599113,
        "dmean2": 4.05081510544,
        "dvar": 33.8359909058,
        "dvar2": 67.4609069824,
        "max": 255.989013672,
        "mean": 6.0380320549,
        "median": 1.66103672981,
        "min": -1.87034809589,
        "var": 147.485946655
    },
    "erbbands_skewness": {
        "dmean": 0.435926705599,
        "dmean2": 0.615930497646,
        "dvar": 0.352089077234,
        "dvar2": 0.608232676983,
        "max": 11.2081604004,
        "mean": 1.41347765923,
        "median": 1.24362432957,
        "min": -6.52023649216,
        "var": 2.48370480537
    },
    "erbbands_spread": {
        "dmean": 7.2092962265,
        "dmean2": 10.7964382172,
        "dvar": 154.749603271,
        "dvar2": 350.181854248,
        "max": 188.138763428,
        "mean": 34.1920967102,
        "median": 28.7896614075,
        "min": 0.574104368687,
        "var": 653.427185059
    },
    "hfc": {
        "dmean": 2.08885145187,
        "dmean2": 2.46892166138,
        "dvar": 28.2509021759,
        "dvar2": 42.0727920532,
        "max": 150.821990967,
        "mean": 8.75646209717,
        "median": 0.547237813473,
        "min": 1.06887332459e-16,
        "var": 285.57131958
    },
    "melbands_crest": {
        "dmean": 2.47409462929,
        "dmean2": 3.85577821732,
        "dvar": 6.37102174759,
        "dvar2": 15.5262069702,
        "max": 39.0219078064,
        "mean": 15.9887971878,
        "median": 15.4923248291,
        "min": 1.00053262711,
        "var": 29.8558292389
    },
    "melbands_flatness_db": {
        "dmean": 0.0220186971128,
        "dmean2": 0.0310882311314,
        "dvar": 0.000693733047228,
        "dvar2": 0.0012873011874,
        "max": 0.589741528034,
        "mean": 0.268463462591,
        "median": 0.260059595108,
        "min": 3.06317929244e-07,
        "var": 0.00639973487705
    },
    "melbands_kurtosis": {
        "dmean": 10.4631252289,
        "dmean2": 15.8969402313,
        "dvar": 344.289245605,
        "dvar2": 782.099060059,
        "max": 781.061523438,
        "mean": 29.5331935883,
        "median": 19.7917366028,
        "min": -1.95010018349,
        "var": 1055.33813477
    },
    "melbands_skewness": {
        "dmean": 0.723639726639,
        "dmean2": 1.06586575508,
        "dvar": 0.855473101139,
        "dvar2": 1.83235692978,
        "max": 24.4301185608,
        "mean": 3.33552718163,
        "median": 3.1459171772,
        "min": -4.65365600586,
        "var": 4.91706943512
    },
    "melbands_spread": {
        "dmean": 5.04229545593,
        "dmean2": 7.74142456055,
        "dvar": 304.349609375,
        "dvar2": 605.795288086,
        "max": 282.928375244,
        "mean": 15.4323129654,
        "median": 7.72473716736,
        "min": 0.253677964211,
        "var": 1008.49462891
    },
    "pitch_salience": {
        "dmean": 0.0579300113022,
        "dmean2": 0.0896940976381,
        "dvar": 0.00359603529796,
        "dvar2": 0.00833569094539,
        "max": 0.996096611023,
        "mean": 0.569805443287,
        "median": 0.583224654198,
        "min": 0.03576727584,
        "var": 0.0213020779192
    },
    "silence_rate_20dB": {
        "dmean": 0,
        "dmean2": 0,
        "dvar": 0,
        "dvar2": 0,
        "max": 1,
        "mean": 1,
        "median": 1,
        "min": 1,
        "var": 0
    },
    "silence_rate_30dB": {
        "dmean": 0.00253554293886,
        "dmean2": 0.00507154501975,
        "dvar": 0.00252901343629,
        "dvar2": 0.00649458030239,
        "max": 1,
        "mean": 0.997464716434,
        "median": 1,
        "min": 0,
        "var": 0.00252872495912
    },
    "silence_rate_60dB": {
        "dmean": 0.0320565067232,
        "dmean2": 0.0641188174486,
        "dvar": 0.0310290511698,
        "dvar2": 0.063809633255,
        "max": 1,
        "mean": 0.550253510475,
        "median": 1,
        "min": 0,
        "var": 0.247476011515
    },
    "spectral_centroid": {
        "dmean": 157.973922729,
        "dmean2": 226.467712402,
        "dvar": 147599.328125,
        "dvar2": 237422.828125,
        "max": 11472.4628906,
        "mean": 925.0078125,
        "median": 616.02545166,
        "min": 197.289993286,
        "var": 1599295.125
    },
    "spectral_complexity": {
        "dmean": 0.759213984013,
        "dmean2": 1.11247956753,
        "dvar": 1.57250440121,
        "dvar2": 2.53142166138,
        "max": 38,
        "mean": 4.57950019836,
        "median": 2,
        "min": 0,
        "var": 28.3639526367
    },
    "spectral_decrease": {
        "dmean": 6.20345774749e-10,
        "dmean2": 7.68048513677e-10,
        "dvar": 2.08714584391e-18,
        "dvar2": 3.38994765726e-18,
        "max": 2.23351886765e-27,
        "mean": -2.77751643907e-09,
        "median": -2.40153397169e-10,
        "min": -3.94877979204e-08,
        "var": 2.04276867938e-17
    },
    "spectral_energy": {
        "dmean": 0.00251040258445,
        "dmean2": 0.00309994048439,
        "dvar": 3.35743134201e-05,
        "dvar2": 5.44356225873e-05,
        "max": 0.157225593925,
        "mean": 0.0112772556022,
        "median": 0.00112608599011,
        "min": 1.00071090738e-20,
        "var": 0.000337070581736
    },
    "spectral_energyband_high": {
        "dmean": 7.65115910326e-05,
        "dmean2": 9.35031930567e-05,
        "dvar": 1.70412718603e-07,
        "dvar2": 2.30857892802e-07,
        "max": 0.0168866384774,
        "mean": 0.000183542069863,
        "median": 4.85005102746e-06,
        "min": 6.88219439523e-21,
        "var": 8.0941174474e-07
    },
    "spectral_energyband_low": {
        "dmean": 9.09312002477e-05,
        "dmean2": 0.000135322770802,
        "dvar": 4.28970707844e-08,
        "dvar2": 9.93130981897e-08,
        "max": 0.00602273503318,
        "mean": 0.000278988823993,
        "median": 8.17537948024e-05,
        "min": 1.93570404933e-23,
        "var": 1.69859447396e-07
    },
    "spectral_energyband_middle_high": {
        "dmean": 0.000545544666238,
        "dmean2": 0.00066814373713,
        "dvar": 3.71366331819e-06,
        "dvar2": 5.84396502745e-06,
        "max": 0.0923744961619,
        "mean": 0.00222386862151,
        "median": 1.83057454706e-05,
        "min": 1.18528367969e-21,
        "var": 4.8102789151e-05
    },
    "spectral_energyband_middle_low": {
        "dmean": 0.00219705188647,
        "dmean2": 0.00279494398274,
        "dvar": 2.78965308098e-05,
        "dvar2": 4.77891917399e-05,
        "max": 0.146930277348,
        "mean": 0.00875477213413,
        "median": 0.000518959597684,
        "min": 1.63717857241e-22,
        "var": 0.000206961747608
    },
    "spectral_entropy": {
        "dmean": 0.200244680047,
        "dmean2": 0.28237169981,
        "dvar": 0.0613150335848,
        "dvar2": 0.0994373261929,
        "max": 9.82122612,
        "mean": 6.86493444443,
        "median": 6.81761264801,
        "min": 3.88332915306,
        "var": 0.669352352619
    },
    "spectral_flux": {
        "dmean": 0.0127167077735,
        "dmean2": 0.0198205970228,
        "dvar": 0.000419091054937,
        "dvar2": 0.00102112966124,
        "max": 0.283362239599,
        "mean": 0.0293926093727,
        "median": 0.0139504820108,
        "min": 6.38385316831e-11,
        "var": 0.00140986335464
    },
    "spectral_kurtosis": {
        "dmean": 2.10808801651,
        "dmean2": 3.36878108978,
        "dvar": 8.68360328674,
        "dvar2": 20.782207489,
        "max": 55.2127532959,
        "mean": 6.84214782715,
        "median": 5.32582569122,
        "min": -1.26170003414,
        "var": 37.189743042
    },
    "spectral_rms": {
        "dmean": 0.000307351670926,
        "dmean2": 0.00036435900256,
        "dvar": 2.71120825346e-07,
        "dvar2": 3.65774752709e-07,
        "max": 0.0123851047829,
        "mean": 0.00228872499429,
        "median": 0.001048150938,
        "min": 3.12458522597e-12,
        "var": 5.76394904783e-06
    },
    "spectral_rolloff": {
        "dmean": 293.535369873,
        "dmean2": 512.731201172,
        "dvar": 1347893.5,
        "dvar2": 2958461.75,
        "max": 19853.6132812,
        "mean": 1110.8972168,
        "median": 452.197265625,
        "min": 21.533203125,
        "var": 5759631
    },
    "spectral_skewness": {
        "dmean": 0.254488825798,
        "dmean2": 0.382104188204,
        "dvar": 0.08950291574,
        "dvar2": 0.172800049186,
        "max": 6.46463918686,
        "mean": 2.08063626289,
        "median": 1.98546242714,
        "min": -0.662295818329,
        "var": 0.720178961754
    },
    "spectral_spread": {
        "dmean": 581308.0625,
        "dmean2": 865443.5,
        "dvar": 814196785152,
        "dvar2": 1.59086516634e+12,
        "max": 42924188,
        "mean": 5558690,
        "median": 4768921,
        "min": 1591966.875,
        "var": 1.43254785884e+13
    },
    "spectral_strongpeak": {
        "dmean": 0.28498724103,
        "dmean2": 0.435327857733,
        "dvar": 0.401840269566,
        "dvar2": 0.930294394493,
        "max": 15.9005365372,
        "mean": 0.956933021545,
        "median": 0.191221445799,
        "min": 0,
        "var": 2.02158117294
    },
    "zerocrossingrate": {
        "dmean": 0.00882253423333,
        "dmean2": 0.0100350156426,
        "dvar": 0.000352114671841,
        "dvar2": 0.000318752456224,
        "max": 0.52734375,
        "mean": 0.0506904385984,
        "median": 0.033203125,
        "min": 0,
        "var": 0.00479610078037
    },
    "barkbands": {
        "dmean": [1.40920365084e-05, 1.25520755319e-05, 3.58913021046e-05, 0.000119100834127, 0.000230287172599, 0.00090260518482, 0.000644469226245, 0.000559395819437, 0.00066048419103, 0.000224829826038, 0.000101670659205, 9.59235258051e-05, 0.000103582497104, 9.32826878852e-05, 9.88940446405e-05, 4.92785584356e-05, 5.65035370528e-05, 7.79305992182e-05, 9.8929995147e-06, 1.30164371512e-05, 3.23787298839e-06, 1.55300258484e-05, 1.62601481861e-05, 3.43696192431e-05, 1.48226663441e-05, 2.09080099012e-06, 7.51950963718e-08],
        "dmean2": [1.74153137777e-05, 1.91353574337e-05, 5.62462118978e-05, 0.000164371536812, 0.000318507256452, 0.00120040494949, 0.000838565523736, 0.000755065644626, 0.000860563188326, 0.000310781848384, 0.000143423327245, 0.000131490989588, 0.000142451783177, 0.000128154439153, 0.000137987051858, 6.84384649503e-05, 8.17474065116e-05, 0.000106669467641, 1.42932740346e-05, 1.78401915036e-05, 4.59399461761e-06, 2.18366185436e-05, 2.15671898331e-05, 4.51956912002e-05, 1.99420428544e-05, 2.94712936011e-06, 1.15808838075e-07],
        "dvar": [1.99809724322e-09, 8.96087026803e-09, 1.03683603925e-08, 5.01735186731e-08, 3.5496992723e-07, 5.92390097154e-06, 7.42219708627e-06, 9.29897669266e-06, 7.75748958404e-06, 2.02774572244e-06, 2.65671786792e-07, 1.8568154303e-07, 4.48629180028e-07, 3.61767718005e-07, 2.47440397061e-07, 8.21564185571e-08, 5.51081491551e-08, 6.72265301205e-08, 1.19273824151e-09, 2.41533060219e-09, 4.14727030495e-10, 6.04448846531e-09, 9.99677318703e-09, 4.32205098377e-08, 1.65704516775e-08, 3.45838024884e-10, 6.78868636653e-13],
        "dvar2": [3.15302894904e-09, 2.21057128158e-08, 2.63933159772e-08, 1.01918374185e-07, 6.14721272996e-07, 1.00891847978e-05, 1.18068865049e-05, 1.80633687705e-05, 1.44964060382e-05, 3.8228727135e-06, 5.38124652394e-07, 3.3022482171e-07, 8.16061913156e-07, 7.22136064724e-07, 4.99601696902e-07, 1.44523625067e-07, 1.1834229241e-07, 1.22290828131e-07, 2.54190490878e-09, 4.4421719636e-09, 7.82474807171e-10, 1.26731949379e-08, 1.71969922746e-08, 6.79587444097e-08, 2.69887685533e-08, 6.56439069768e-10, 1.73289637848e-12],
        "max": [0.00294947554357, 0.00484005734324, 0.00381450261921, 0.00463846419007, 0.0215074811131, 0.111604198813, 0.140127569437, 0.109704598784, 0.114116117358, 0.0744953751564, 0.0249912664294, 0.0181583892554, 0.0504433363676, 0.0299766827375, 0.0242426805198, 0.0111738704145, 0.00811772048473, 0.0101813599467, 0.00150605768431, 0.00205111736432, 0.00130193168297, 0.00304302643053, 0.0053253644146, 0.0084332562983, 0.00770535506308, 0.00162037601694, 6.26993423793e-05],
        "mean": [6.11377909081e-05, 1.85268654604e-05, 6.98079893482e-05, 0.0004113218165, 0.000660676858388, 0.00285222451203, 0.00172502582427, 0.00103345070966, 0.00199592951685, 0.000534289574716, 0.000267761206487, 0.000306293513859, 0.000260242348304, 0.000199403250008, 0.000223399867537, 0.000108502419607, 0.000125782578834, 0.00019382496248, 2.39661476371e-05, 3.11097028316e-05, 6.1430318965e-06, 3.42002167599e-05, 3.1693620258e-05, 7.00035670889e-05, 2.84951292997e-05, 3.91614594264e-06, 9.1505619082e-08],
        "median": [1.18434663818e-05, 1.8668932853e-06, 1.10585096991e-05, 5.08951779921e-05, 8.90043884283e-05, 7.21376636648e-05, 1.83565971383e-05, 4.11203245676e-06, 4.47594447905e-06, 1.54069175551e-06, 1.74744377546e-06, 1.24100836274e-06, 8.38559230942e-07, 1.02994431472e-06, 1.22975484373e-06, 8.09363768894e-07, 1.08035533231e-06, 1.50429309542e-06, 6.85816871737e-07, 5.33654656465e-07, 3.11537149855e-07, 4.71569450156e-07, 7.92080186329e-07, 1.10309701995e-06, 3.60771821306e-07, 1.14655833272e-07, 7.93776244734e-09],
        "min": [8.33292509631e-25, 4.80284669838e-24, 1.62485674257e-25, 5.5955920533e-25, 6.69260598975e-24, 7.64149364048e-24, 5.5833417337e-24, 4.60267087709e-24, 1.33336946292e-23, 1.46385952065e-23, 1.05560364959e-23, 1.9503806487e-23, 2.58403222419e-23, 3.73178476715e-23, 4.9022473534e-23, 4.45270139815e-23, 7.46660128453e-23, 9.45929548556e-23, 1.09701622809e-22, 1.62323403596e-22, 2.68868535177e-22, 3.13156372843e-22, 3.6148777267e-22, 5.70000951264e-22, 9.55743483087e-22, 1.11343044191e-21, 1.90694979166e-21],
        "var": [2.95760358426e-08, 1.03878399216e-08, 2.77819776073e-08, 3.72975705432e-07, 2.13790985981e-06, 3.82138932764e-05, 4.51147898275e-05, 2.16040371015e-05, 4.08382147725e-05, 8.57185477798e-06, 1.83839767942e-06, 1.56354712999e-06, 2.67049881586e-06, 1.51096242007e-06, 1.17235572361e-06, 2.74752835594e-07, 2.12800287613e-07, 3.12442182349e-07, 6.28168539407e-09, 1.15950804513e-08, 1.15232079434e-09, 1.88774240684e-08, 2.76066565164e-08, 1.70559530943e-07, 6.01202216899e-08, 1.45911283056e-09, 1.03310816933e-12]
    },
    "erbbands": {
        "dmean": [0.000380527490051, 0.00305910594761, 0.0293079353869, 0.215245366096, 0.586760759354, 0.71126306057, 4.4110212326, 7.64554166794, 8.21620368958, 11.4825649261, 11.1441745758, 14.4836339951, 7.35498094559, 5.43898200989, 4.04835510254, 3.5687379837, 4.41701364517, 4.69495916367, 4.20969152451, 4.37346172333, 1.38800406456, 2.66024160385, 4.69146871567, 0.678201675415, 0.701078653336, 0.549905121326, 0.0995978787541, 0.252757936716, 0.641973495483, 0.2474848032, 0.559878706932, 0.914087057114, 0.400681138039, 0.23782248795, 0.0671868547797, 0.0144510567188, 0.00305845029652, 0.000279681495158, 8.79099843587e-06, 3.36287644132e-06],
        "dmean2": [0.000595975609031, 0.00467090355232, 0.0454754494131, 0.310532867908, 0.807296216488, 0.961943686008, 5.70514154434, 9.97723007202, 10.5583648682, 15.1474399567, 15.1101675034, 18.2792510986, 10.0313501358, 7.28058719635, 5.38863325119, 4.78229761124, 5.93960046768, 6.5039191246, 5.97396850586, 5.70584964752, 1.81425285339, 3.52187395096, 6.23495101929, 0.855085790157, 0.963193595409, 0.733826696873, 0.134489789605, 0.353560835123, 0.914941310883, 0.334696233273, 0.747508347034, 1.19515669346, 0.521682202816, 0.325846374035, 0.0925821959972, 0.0210261475295, 0.00417935103178, 0.000406235369155, 1.21594302982e-05, 4.13619181927e-06],
        "dvar": [2.1479318093e-05, 0.000249038974289, 0.00723612681031, 0.16904425621, 1.7687100172, 5.35953474045, 144.330062866, 534.507995605, 1330.17907715, 3018.74951172, 2617.66845703, 3535.08276367, 1320.83056641, 1115.96582031, 329.950073242, 275.940917969, 753.090881348, 940.446594238, 655.679382324, 489.52444458, 40.4796295166, 112.254173279, 220.251647949, 4.42305612564, 5.6639957428, 4.33077383041, 0.326500713825, 2.26028943062, 12.0710449219, 1.04450178146, 11.2375860214, 32.6018333435, 6.3579325676, 4.50623750687, 0.396960675716, 0.0145817659795, 0.000882569584064, 1.11654117063e-05, 5.63716051616e-09, 6.45153236389e-11],
        "dvar2": [5.07452205056e-05, 0.000632665934972, 0.0191209409386, 0.375368922949, 3.61919975281, 8.51302719116, 255.848892212, 884.197875977, 2132.35473633, 5684.40087891, 5127.06152344, 6120.86230469, 2656.86206055, 1999.57995605, 607.846923828, 488.814758301, 1254.23266602, 1990.4822998, 1490.49133301, 913.709533691, 83.7179489136, 219.160568237, 385.586547852, 6.91862392426, 10.3938093185, 7.890832901, 0.583466529846, 4.67326259613, 26.1884536743, 1.91638934612, 18.5487422943, 54.5262069702, 9.4199886322, 7.89119672775, 0.577510535717, 0.0286128502339, 0.00152204965707, 2.02215196623e-05, 9.79549419355e-09, 1.00853290996e-10],
        "max": [0.247116222978, 0.745902180672, 3.70147824287, 9.96277999878, 37.0423278809, 114.103370667, 349.800415039, 1132.59924316, 1458.87512207, 2352.41577148, 2780.14257812, 2099.02880859, 1294.81066895, 2212.8828125, 864.729553223, 716.139831543, 2120.37426758, 1674.60595703, 1492.75183105, 939.28302002, 281.366516113, 534.464050293, 510.051483154, 136.111831665, 89.6668777466, 87.4214401245, 36.6969604492, 66.8074035645, 141.457672119, 42.5041656494, 185.016952515, 223.594085693, 152.152542114, 145.028579712, 52.9726448059, 8.012134552, 2.70702719688, 0.332992702723, 0.0073171146214, 0.000351798866177],
        "mean": [0.000528808799572, 0.00543005950749, 0.0655177533627, 0.761198997498, 1.7291264534, 2.13278341293, 12.7344150543, 23.7485561371, 23.5887622833, 27.7877120972, 24.4135665894, 45.0327453613, 21.0510864258, 16.7039165497, 12.5641584396, 12.2955961227, 12.3034992218, 10.6958208084, 10.6847429276, 11.6552410126, 4.39850378036, 7.74730920792, 12.672747612, 2.10720276833, 1.80488789082, 1.41323435307, 0.232582747936, 0.518955945969, 1.37366211414, 0.57604932785, 1.10917913914, 1.82205593586, 0.804686427116, 0.454508543015, 0.133297562599, 0.0273017119616, 0.00577931897715, 0.000508541706949, 2.07005596167e-05, 1.44075202115e-05],
        "median": [0.000126769489725, 0.00101388664916, 0.0200789533556, 0.154312521219, 0.35016092658, 0.350934743881, 0.642940759659, 0.917746305466, 0.427781999111, 0.239615947008, 0.119058631361, 0.134627118707, 0.0607186853886, 0.0498450286686, 0.0760950222611, 0.0597611255944, 0.0474497154355, 0.0449870191514, 0.0939746052027, 0.0473689697683, 0.048528727144, 0.0691096410155, 0.0912784337997, 0.0508167073131, 0.0281901042908, 0.0253155641258, 0.0147338807583, 0.0159158483148, 0.0155271552503, 0.0138018727303, 0.0284682810307, 0.0238577276468, 0.0166382417083, 0.00557251973078, 0.00183353689499, 0.000641623046249, 0.000196067616343, 3.3632524719e-05, 2.64642130787e-06, 1.76788068984e-06],
        "min": [1.3437566469e-22, 6.07217313557e-22, 4.22304985225e-22, 3.23343992679e-21, 7.1673285607e-21, 2.36984660557e-20, 3.40595203822e-20, 7.23007877277e-20, 9.34114967852e-20, 1.60431563482e-19, 1.87791130929e-19, 3.54668370088e-19, 5.22404675087e-19, 6.31506799353e-19, 4.82487265171e-19, 1.06341078099e-18, 1.55927443555e-18, 2.55706880426e-18, 2.5394546135e-18, 2.8374964736e-18, 2.76716358086e-18, 4.32765345492e-18, 5.60495928705e-18, 5.99825719854e-18, 6.7788973211e-18, 7.62757387624e-18, 1.00174343235e-17, 9.92876966084e-18, 1.1447956339e-17, 1.07883302585e-17, 1.28788001277e-17, 1.04230688067e-17, 1.04844183112e-17, 8.7254088124e-18, 5.87282807994e-18, 3.79025406328e-18, 1.97174504947e-18, 9.47879498814e-19, 2.39623547657e-19, 2.78248371544e-20],
        "var": [2.14904375753e-05, 0.000450431602076, 0.0206380728632, 1.08299207687, 8.86482429504, 38.5614395142, 770.733886719, 3392.72070312, 8066.76513672, 10491.4638672, 7273.45751953, 20348.5566406, 7505.67333984, 8755.66699219, 2268.85913086, 2472.10083008, 5152.78613281, 3943.46362305, 3883.37890625, 2799.87353516, 298.829193115, 658.457885742, 1197.01306152, 36.2790260315, 31.9116287231, 22.3567619324, 1.12681055069, 5.7781496048, 32.891418457, 4.59202718735, 32.8978271484, 118.164093018, 25.6847858429, 14.7418479919, 1.78914260864, 0.0632694587111, 0.0033239480108, 2.85093992716e-05, 1.8050934969e-08, 5.72814462529e-10]
    },
    "gfcc": {
        "mean": [-212.021499634, 88.3450775146, -92.6017150879, 17.2152938843, -73.8243179321, -2.09339427948, -61.8825531006, 0.932585000992, -26.3051395416, -7.84794855118, -13.0435390472, -2.23038339615, -15.6233224869],
        "cov": [[27286.1816406, 1974.62451172, -5194.54394531, -1132.82543945, -2957.50415039, -1249.27661133, -1310.09484863, 55.9263343811, 455.098083496, -1684.93469238, 444.538085938, -675.481750488, -205.065917969], [1974.62451172, 1715.44433594, -373.020965576, -439.535949707, -106.983764648, -404.333831787, -21.4978427887, -147.743743896, -14.2644643784, -284.397277832, 148.66734314, -134.799133301, -59.992149353], [-5194.54394531, -373.020965576, 1822.66625977, 538.469726562, 525.409057617, 228.734420776, 78.7728347778, -65.0006027222, -108.454803467, 400.611938477, -108.368103027, 196.243362427, 74.2770233154], [-1132.82543945, -439.535949707, 538.469726562, 586.292602539, 180.49055481, 47.4493637085, -139.586044312, 6.49285268784, 20.4116687775, 129.76953125, -69.1177520752, 74.9028091431, 70.6491317749], [-2957.50415039, -106.983764648, 525.409057617, 180.49055481, 579.686035156, 186.125854492, 113.778312683, 10.5090389252, -95.6477661133, 208.009735107, -103.382888794, 69.4006347656, 25.9766330719], [-1249.27661133, -404.333831787, 228.734420776, 47.4493637085, 186.125854492, 396.440338135, 204.141067505, 42.8241615295, -123.978981018, 141.287063599, -58.5588760376, 36.9848747253, -33.5474739075], [-1310.09484863, -21.4978427887, 78.7728347778, -139.586044312, 113.778312683, 204.141067505, 411.695373535, 37.3575172424, -116.633384705, 40.1914787292, 15.3871355057, 10.2341403961, -73.2809143066], [55.9263343811, -147.743743896, -65.0006027222, 6.49285268784, 10.5090389252, 42.8241615295, 37.3575172424, 165.096588135, 17.9286899567, -3.20010828972, -20.8665676117, -7.93241882324, -9.85034179688], [455.098083496, -14.2644643784, -108.454803467, 20.4116687775, -95.6477661133, -123.978981018, -116.633384705, 17.9286899567, 189.294082642, -28.8305454254, 5.3141078949, -27.1476669312, 34.481098175], [-1684.93469238, -284.397277832, 400.611938477, 129.76953125, 208.009735107, 141.287063599, 40.1914787292, -3.20010828972, -28.8305454254, 259.703063965, -43.9219474792, 67.0172805786, 13.8548936844], [444.538085938, 148.66734314, -108.368103027, -69.1177520752, -103.382888794, -58.5588760376, 15.3871355057, -20.8665676117, 5.3141078949, -43.9219474792, 144.695526123, 4.40326452255, -13.5467033386], [-675.481750488, -134.799133301, 196.243362427, 74.9028091431, 69.4006347656, 36.9848747253, 10.2341403961, -7.93241882324, -27.1476669312, 67.0172805786, 4.40326452255, 121.413848877, 34.9357299805], [-205.065917969, -59.992149353, 74.2770233154, 70.6491317749, 25.9766330719, -33.5474739075, -73.2809143066, -9.85034179688, 34.481098175, 13.8548936844, -13.5467033386, 34.9357299805, 95.4448776245]],
        "icov": [[0.000262422516244, -0.000324934284436, 0.000519552500919, -0.000341409730026, 0.000953609473072, -0.000449186569313, 0.000682555080857, -0.000250772340223, 0.00026936570066, 0.000173070016899, 0.000213592371438, -0.000124859900097, 0.000242307170993], [-0.000324934284436, 0.00189065758605, -0.00092211808078, 0.00139440747444, -0.00204504979774, 0.0020199958235, -0.000800536887255, 0.00108196085785, 0.000253522768617, 0.000887759728357, -0.00113564333878, 0.00118558027316, 0.000123716890812], [0.000519552500919, -0.00092211808078, 0.00229116668925, -0.0016538631171, 0.00172422418837, -0.000937879201956, 0.000924866006244, -0.000135441543534, 0.000651228823699, -0.000898494676221, 0.000772812229116, -0.00106720894109, 0.000270519725746], [-0.000341409730026, 0.00139440747444, -0.0016538631171, 0.00410298258066, -0.00212967954576, 0.000987688079476, 0.000544903858099, 0.000266597635346, -0.000325174099999, 0.000681747624185, -0.000638405093923, 0.000381083635148, -0.000445991143351], [0.000953609473072, -0.00204504979774, 0.00172422418837, -0.00212967954576, 0.00718919513747, -0.00240099593066, 0.00169487693347, -0.00154045468662, 0.0016566835111, -0.00150389235932, 0.0026843813248, -0.000857010832988, -0.000345726817613], [-0.000449186569313, 0.0020199958235, -0.000937879201956, 0.000987688079476, -0.00240099593066, 0.00739854900166, -0.00307892472483, 0.000309915398248, 0.00221854494885, -0.00143119657878, 0.000188187405001, 0.00127251422964, 0.000192547697225], [0.000682555080857, -0.000800536887255, 0.000924866006244, 0.000544903858099, 0.00169487693347, -0.00307892472483, 0.0065557626076, -0.00148901389912, 0.00141239189543, 0.00121734011918, -0.000681742676534, -0.000696495582815, 0.00264768023044], [-0.000250772340223, 0.00108196085785, -0.000135441543534, 0.000266597635346, -0.00154045468662, 0.000309915398248, -0.00148901389912, 0.00768359890208, -0.00160599534865, 0.000794227642473, 0.000326836976456, 0.000282003951725, 0.000635342265014], [0.00026936570066, 0.000253522768617, 0.000651228823699, -0.000325174099999, 0.0016566835111, 0.00221854494885, 0.00141239189543, -0.00160599534865, 0.00894182641059, -0.00107113632839, 1.48400959006e-05, 0.00230337772518, -0.00219634990208], [0.000173070016899, 0.000887759728357, -0.000898494676221, 0.000681747624185, -0.00150389235932, -0.00143119657878, 0.00121734011918, 0.000794227642473, -0.00107113632839, 0.00884180050343, -0.000550478114747, -0.00132291868795, 0.00155689823441], [0.000213592371438, -0.00113564333878, 0.000772812229116, -0.000638405093923, 0.0026843813248, 0.000188187405001, -0.000681742676534, 0.000326836976456, 1.48400959006e-05, -0.000550478114747, 0.00981357321143, -0.00275982287712, 0.000939676072448], [-0.000124859900097, 0.00118558027316, -0.00106720894109, 0.000381083635148, -0.000857010832988, 0.00127251422964, -0.000696495582815, 0.000282003951725, 0.00230337772518, -0.00132291868795, -0.00275982287712, 0.0132159423083, -0.00466900272295], [0.000242307170993, 0.000123716890812, 0.000270519725746, -0.000445991143351, -0.000345726817613, 0.000192547697225, 0.00264768023044, 0.000635342265014, -0.00219634990208, 0.00155689823441, 0.000939676072448, -0.00466900272295, 0.0158652402461]]
    },
    "melbands": {
        "dmean": [3.64939000974e-06, 1.13056057671e-05, 4.75580782222e-05, 4.41902666353e-05, 0.000119906471809, 0.000171526990016, 0.00012781850819, 0.000128706509713, 0.000101498590084, 9.1079818958e-05, 3.91905705328e-05, 2.51997262239e-05, 1.3476262211e-05, 1.07826272142e-05, 1.1429908227e-05, 8.78172522789e-06, 9.48894557951e-06, 7.20818525224e-06, 6.65940615363e-06, 4.70577515443e-06, 1.36366736569e-06, 2.17872434405e-06, 5.73552233618e-06, 2.74107583209e-06, 3.9169353272e-07, 3.67880375052e-07, 6.81479718878e-07, 3.20817690636e-07, 6.02550684903e-08, 5.84091601752e-08, 1.91849878206e-07, 4.20647182864e-07, 2.63149075863e-07, 9.98327323032e-08, 2.85726770244e-07, 4.9017182846e-07, 6.63755770347e-07, 3.4220482803e-07, 2.02346924993e-07, 2.25759990258e-07],
        "dmean2": [5.50702861801e-06, 1.75020177267e-05, 6.68968714308e-05, 6.11726136412e-05, 0.000155787420226, 0.000224887946388, 0.000165035162354, 0.0001716841507, 0.0001361395407, 0.000115138587717, 5.44343820366e-05, 3.44464788213e-05, 1.84569580597e-05, 1.41438877108e-05, 1.53147957462e-05, 1.20780714497e-05, 1.32421864691e-05, 1.03825577753e-05, 9.16360841074e-06, 6.23651385467e-06, 1.90422269952e-06, 2.98602117255e-06, 7.76215529186e-06, 3.67319807992e-06, 5.34821879228e-07, 5.16249883731e-07, 9.39208007367e-07, 4.42467495532e-07, 8.62852544969e-08, 8.29235631272e-08, 2.79940223891e-07, 6.1002089069e-07, 3.68602002254e-07, 1.41056304415e-07, 4.03051473086e-07, 6.31733428236e-07, 9.11545498639e-07, 4.62518443101e-07, 2.84395980543e-07, 3.17434739827e-07],
        "dvar": [1.05642350423e-09, 1.1135258271e-09, 7.6634574242e-09, 1.72543792587e-08, 9.77982423933e-08, 2.57902939893e-07, 3.01874024444e-07, 4.16056707309e-07, 1.91732340227e-07, 1.41586582458e-07, 3.98543882341e-08, 2.64239581327e-08, 4.30524416117e-09, 2.53000287387e-09, 5.5747526595e-09, 2.36268671294e-09, 4.64413174583e-09, 2.26565921579e-09, 1.06768460739e-09, 6.34918118081e-10, 5.25478272007e-11, 1.12494326354e-10, 3.54406448633e-10, 8.37339642068e-11, 1.61106978452e-12, 1.68134126413e-12, 6.58447211685e-12, 1.70652120907e-12, 1.1599056405e-13, 2.33986468439e-13, 1.43149706498e-12, 5.8393611127e-12, 1.3023967755e-12, 1.74488570294e-13, 2.4126985132e-12, 1.22349786552e-11, 1.7147942788e-11, 4.75266484154e-12, 3.22107488251e-12, 4.30386412273e-12],
        "dvar2": [2.46021958361e-09, 2.81192336082e-09, 1.62045967755e-08, 3.05917922105e-08, 1.71844931174e-07, 4.25337418619e-07, 4.7985912488e-07, 8.04603132565e-07, 3.76721089879e-07, 2.41183272465e-07, 8.04078510441e-08, 4.89731135644e-08, 9.12036224321e-09, 4.20924939348e-09, 1.02847232952e-08, 3.98813693181e-09, 1.00394288438e-08, 5.1240598431e-09, 2.1151276286e-09, 1.12254516793e-09, 1.15132015033e-10, 2.29230773252e-10, 6.38833652644e-10, 1.43678124953e-10, 3.05293876117e-12, 3.1996404224e-12, 1.18930681275e-11, 3.2165175471e-12, 2.40322410409e-13, 3.93337109845e-13, 3.19094403678e-12, 1.30042912203e-11, 2.60399557819e-12, 3.65449261564e-13, 4.32381647847e-12, 1.99963604702e-11, 3.16773170195e-11, 7.7372283927e-12, 6.69807568784e-12, 7.62327961173e-12],
        "max": [0.00172076665331, 0.00147918122821, 0.00168386753649, 0.00613679178059, 0.00910825375468, 0.0248251594603, 0.0246592070907, 0.0270431675017, 0.0187485516071, 0.0121876178309, 0.00781421735883, 0.00903400685638, 0.00300100306049, 0.0022972796578, 0.00571615574881, 0.00224438915029, 0.00375246186741, 0.00293915369548, 0.00112948683091, 0.00106966879684, 0.00041140493704, 0.00063168653287, 0.000679860066157, 0.00053189281607, 5.86737878621e-05, 6.54215255054e-05, 0.000108457978058, 5.19413733855e-05, 1.6723826775e-05, 4.19005955337e-05, 5.70649681322e-05, 9.27268192754e-05, 4.93742700201e-05, 2.08290111914e-05, 7.60147668188e-05, 0.000199735615752, 0.000172317726538, 0.000125894148368, 0.000105800441816, 0.000128722647787],
        "mean": [6.79010645399e-06, 2.20809179154e-05, 0.000163796139532, 0.000130595159135, 0.000364543346222, 0.000539934553672, 0.000365984771634, 0.000291019270662, 0.000224409828661, 0.000280719948933, 0.000101630721474, 7.10735985194e-05, 3.99962700612e-05, 3.62885075447e-05, 3.15214565489e-05, 2.16907537833e-05, 1.97831104742e-05, 1.71358897205e-05, 1.51092635861e-05, 1.21562216009e-05, 3.64523270946e-06, 5.87265503782e-06, 1.51202357301e-05, 7.13000235919e-06, 1.03144475361e-06, 9.37738036555e-07, 1.62628168709e-06, 7.67020935655e-07, 1.19844528967e-07, 1.05806087447e-07, 3.69038730241e-07, 8.46867351356e-07, 5.71086388845e-07, 2.08479335129e-07, 5.42337318166e-07, 8.93807566626e-07, 1.27541352413e-06, 6.41136296053e-07, 3.5300303125e-07, 4.0058284867e-07],
        "median": [1.69248608017e-06, 3.87114505429e-06, 3.90697896364e-05, 2.14657047763e-05, 1.6463418433e-05, 1.77703350346e-05, 5.3511639635e-06, 2.02322826226e-06, 8.86667919531e-07, 6.58071030557e-07, 2.67973945256e-07, 1.83587914648e-07, 2.5740774845e-07, 1.67592546063e-07, 1.27117075976e-07, 6.80315181967e-08, 7.89227243558e-08, 1.49008855033e-07, 7.15181158739e-08, 5.70692222368e-08, 4.97212937489e-08, 5.66435716109e-08, 9.89105757299e-08, 5.56876997848e-08, 3.3903383212e-08, 1.99673912959e-08, 1.54784238759e-08, 1.46036125415e-08, 7.26025994879e-09, 6.30202912077e-09, 8.42534930712e-09, 8.12570544184e-09, 8.48960723943e-09, 5.23509102734e-09, 1.48360985719e-08, 1.24853354322e-08, 1.34758240122e-08, 1.22577326067e-08, 5.50099787944e-09, 3.75339759273e-09],
        "min": [1.9124260262e-24, 5.76078642939e-25, 8.73517907695e-25, 8.91809324112e-25, 1.29789746457e-24, 1.86975890642e-24, 1.29260026359e-24, 1.74419907158e-24, 1.76747500423e-24, 1.9652635352e-24, 2.30615656197e-24, 2.01732283292e-24, 1.48823806391e-24, 2.45888930234e-24, 1.87645081347e-24, 3.02661257708e-24, 3.82789429447e-24, 2.5678808888e-24, 3.64714456741e-24, 4.00854423063e-24, 2.69296543494e-24, 3.80622822971e-24, 3.30085001281e-24, 3.11721285762e-24, 4.27122031814e-24, 3.58609225538e-24, 5.25242720573e-24, 4.72365137438e-24, 4.27452367318e-24, 5.71436285258e-24, 5.77972707833e-24, 6.03697659167e-24, 5.48373029504e-24, 5.1557420466e-24, 6.22870016279e-24, 6.49855212352e-24, 5.62006518099e-24, 6.04249270155e-24, 5.97852791505e-24, 6.8789160029e-24],
        "var": [1.18446752406e-09, 3.37486416591e-09, 4.90289977506e-08, 1.18680802075e-07, 5.73548788907e-07, 1.69682573414e-06, 1.9798080757e-06, 1.26697864289e-06, 6.21135370693e-07, 8.20818513603e-07, 1.98693527409e-07, 1.69887655943e-07, 3.00492217775e-08, 2.39099460231e-08, 3.33742598002e-08, 1.24703811721e-08, 1.76936048035e-08, 1.23873205027e-08, 4.20583479155e-09, 3.16203463413e-09, 2.55719528885e-10, 5.25959109599e-10, 1.86443704919e-09, 4.81551853948e-10, 9.32145766824e-12, 1.0588283722e-11, 3.16132536815e-11, 8.48606428183e-12, 3.6104303683e-13, 6.13710579751e-13, 3.06043406763e-12, 1.41105356566e-11, 5.02646969186e-12, 6.01304108502e-13, 6.18897121052e-12, 3.60316880499e-11, 5.71352375134e-11, 1.63263048913e-11, 8.56526048004e-12, 1.3182034457e-11]
    },
    "mfcc": {
        "mean": [-855.011230469, 121.903038025, 26.072435379, 11.1732769012, 8.23041248322, -12.7906503677, -17.2860031128, -3.73554110527, -17.2208576202, -7.54535770416, -5.96511697769, -3.87272882462, -7.22777509689],
        "cov": [[20972.8339844, 1174.73413086, -2548.1027832, -1748.27270508, -1481.54064941, -2275.36743164, -1705.70166016, 635.733032227, -992.025268555, -199.230606079, -201.66355896, -267.307434082, -142.620819092], [1174.73413086, 1888.21484375, -215.508422852, -141.652587891, -208.804855347, -284.563781738, -68.1416778564, -13.1337566376, -282.049224854, -56.4110221863, -96.2015609741, -79.7998123169, -5.91374349594], [-2548.1027832, -215.508422852, 1033.40270996, 426.531555176, 266.65814209, 271.9324646, 99.6089172363, -155.836349487, 112.105033875, -78.3808898926, -19.7742710114, 101.960472107, 54.1267929077], [-1748.27270508, -141.652587891, 426.531555176, 566.897033691, 332.759765625, 141.046325684, -19.2375221252, -125.739349365, 121.040039062, -45.5200271606, -78.8236999512, 78.2490921021, 69.6768341064], [-1481.54064941, -208.804855347, 266.65814209, 332.759765625, 468.097076416, 174.193984985, -3.02012968063, -117.244262695, 145.291824341, 10.514377594, -49.7258262634, 32.4511528015, 25.0518856049], [-2275.36743164, -284.563781738, 271.9324646, 141.046325684, 174.193984985, 486.699310303, 303.292602539, -54.5885276794, 124.396362305, 58.4354400635, 52.2949447632, 12.8638238907, -16.0027370453], [-1705.70166016, -68.1416778564, 99.6089172363, -19.2375221252, -3.02012968063, 303.292602539, 514.782897949, 82.7088470459, 47.280128479, 64.8998413086, 103.754119873, 2.31372308731, -44.8400650024], [635.733032227, -13.1337566376, -155.836349487, -125.739349365, -117.244262695, -54.5885276794, 82.7088470459, 203.905258179, -10.252412796, 17.3783130646, 28.8355064392, -23.1478271484, -14.6517362595], [-992.025268555, -282.049224854, 112.105033875, 121.040039062, 145.291824341, 124.396362305, 47.280128479, -10.252412796, 216.029998779, 42.2262306213, 1.74793851376, 23.2265071869, 12.513466835], [-199.230606079, -56.4110221863, -78.3808898926, -45.5200271606, 10.514377594, 58.4354400635, 64.8998413086, 17.3783130646, 42.2262306213, 150.521987915, 41.0818939209, -35.8119392395, -30.7714138031], [-201.66355896, -96.2015609741, -19.7742710114, -78.8236999512, -49.7258262634, 52.2949447632, 103.754119873, 28.8355064392, 1.74793851376, 41.0818939209, 156.172119141, 33.1240501404, -38.4739570618], [-267.307434082, -79.7998123169, 101.960472107, 78.2490921021, 32.4511528015, 12.8638238907, 2.31372308731, -23.1478271484, 23.2265071869, -35.8119392395, 33.1240501404, 124.710075378, 33.7343139648], [-142.620819092, -5.91374349594, 54.1267929077, 69.6768341064, 25.0518856049, -16.0027370453, -44.8400650024, -14.6517362595, 12.513466835, -30.7714138031, -38.4739570618, 33.7343139648, 108.920036316]],
