{
"lowlevel": {
    "average_loudness": 0.696762263775,
    "barkbands_crest": {
        "dmean": 2.29580593109,
        "dmean2": 3.6183385849,
        "dvar": 7.00644493103,
        "dvar2": 16.3415775299,
        "max": 26.212310791,
        "mean": 11.7041635513,
        "median": 10.9802913666,
        "min": 3.03634595871,
        "var": 20.1691894531
    },
    "barkbands_flatness_db": {
        "dmean": 0.0478608943522,
        "dmean2": 0.0615244805813,
        "dvar": 0.00306860310957,
        "dvar2": 0.00533362152055,
        "max": 0.538958251476,
        "mean": 0.263170152903,
        "median": 0.271963059902,
        "min": 0.0392591431737,
        "var": 0.00895353034139
    },
    "barkbands_kurtosis": {
        "dmean": 6.01793289185,
        "dmean2": 9.21804046631,
        "dvar": 140.578903198,
        "dvar2": 327.793792725,
        "max": 209.908874512,
        "mean": 9.60019779205,
        "median": 3.41313886642,
        "min": -1.92695641518,
        "var": 291.027526855
    },
    "barkbands_skewness": {
        "dmean": 0.734621405602,
        "dmean2": 1.10512423515,
        "dvar": 0.918693840504,
        "dvar2": 2.07216238976,
        "max": 13.0786132812,
        "mean": 1.9688962698,
        "median": 1.58858036995,
        "min": -3.04875826836,
        "var": 2.98946833611
    },
    "barkbands_spread": {
        "dmean": 5.71748733521,
        "dmean2": 9.17798805237,
        "dvar": 129.20552063,
        "dvar2": 295.420043945,
        "max": 115.328765869,
        "mean": 10.7050971985,
        "median": 7.82144212723,
        "min": 0.467175453901,
        "var": 139.655181885
    },
    "dissonance": {
        "dmean": 0.0370087325573,
        "dmean2": 0.0603382661939,
        "dvar": 0.00130275147967,
        "dvar2": 0.00333694228902,
        "max": 0.500000119209,
        "mean": 0.402589023113,
        "median": 0.413302510977,
        "min": 0.174062848091,
        "var": 0.00347207253799
    },
    "dynamic_complexity": 4.96202468872,
    "erbbands_crest": {
        "dmean": 2.13312482834,
        "dmean2": 3.31105542183,
        "dvar": 6.93397188187,
        "dvar2": 16.1984043121,
        "max": 33.5725440979,
        "mean": 11.4221048355,
        "median": 10.2468957901,
        "min": 2.62870955467,
        "var": 25.518327713
    },
    "erbbands_flatness_db": {
        "dmean": 0.0427137240767,
        "dmean2": 0.0532260350883,
        "dvar": 0.00268151191995,
        "dvar2": 0.00435681734234,
        "max": 0.465958148241,
        "mean": 0.23876363039,
        "median": 0.265329688787,
        "min": 0.027183117345,
        "var": 0.00805442873389
    },
    "erbbands_kurtosis": {
        "dmean": 1.67011320591,
        "dmean2": 2.62188696861,
        "dvar": 14.6119394302,
        "dvar2": 30.615978241,
        "max": 173.09703064,
        "mean": 2.16130661964,
        "median": 0.858568191528,
        "min": -1.78145468235,
        "var": 40.4029502869
    },
    "erbbands_skewness": {
        "dmean": 0.447217553854,
        "dmean2": 0.683623790741,
        "dvar": 0.325657278299,
        "dvar2": 0.745416760445,
        "max": 9.26246261597,
        "mean": 0.617697238922,
        "median": 0.58322006464,
        "min": -7.98309659958,
        "var": 0.825488746166
    },
    "erbbands_spread": {
        "dmean": 10.7672338486,
        "dmean2": 16.5434360504,
        "dvar": 350.753692627,
        "dvar2": 730.994934082,
        "max": 163.631698608,
        "mean": 25.9583778381,
        "median": 18.6588802338,
        "min": 0.680781364441,
        "var": 557.292175293
    },
    "hfc": {
        "dmean": 8.67563247681,
        "dmean2": 13.9749145508,
        "dvar": 350.473266602,
        "dvar2": 929.943908691,
        "max": 199.916137695,
        "mean": 11.8934316635,
        "median": 4.54033565521,
        "min": 1.24479578117e-16,
        "var": 369.898010254
    },
    "melbands_crest": {
        "dmean": 2.71341848373,
        "dmean2": 4.13215923309,
        "dvar": 9.47537326813,
        "dvar2": 20.8648662567,
        "max": 33.1551628113,
        "mean": 16.4838809967,
        "median": 15.0119953156,
        "min": 1.96541011333,
        "var": 36.9843559265
    },
    "melbands_flatness_db": {
        "dmean": 0.0493749193847,
        "dmean2": 0.0646281167865,
        "dvar": 0.00374864204787,
        "dvar2": 0.00705925282091,
        "max": 0.676625847816,
        "mean": 0.351956188679,
        "median": 0.346157580614,
        "min": 0.00641736947,
        "var": 0.011215605773
    },
    "melbands_kurtosis": {
        "dmean": 12.6306657791,
        "dmean2": 20.0232849121,
        "dvar": 744.870239258,
        "dvar2": 1843.2833252,
        "max": 399.177642822,
        "mean": 19.7388515472,
        "median": 6.83069419861,
        "min": -1.94719290733,
        "var": 1184.07714844
    },
    "melbands_skewness": {
        "dmean": 0.908905684948,
        "dmean2": 1.37683522701,
        "dvar": 1.73660349846,
        "dvar2": 3.92407536507,
        "max": 15.4150218964,
        "mean": 2.68199300766,
        "median": 2.11456561089,
        "min": -2.6123521328,
        "var": 4.80309009552
    },
    "melbands_spread": {
        "dmean": 3.56907129288,
        "dmean2": 5.6925034523,
        "dvar": 43.5313987732,
        "dvar2": 104.079139709,
        "max": 136.34552002,
        "mean": 10.4855871201,
        "median": 9.37011432648,
        "min": 0.578379094601,
        "var": 83.4906311035
    },
    "pitch_salience": {
        "dmean": 0.0684396922588,
        "dmean2": 0.108152806759,
        "dvar": 0.00638823909685,
        "dvar2": 0.0150057841092,
        "max": 0.912711977959,
        "mean": 0.464404821396,
        "median": 0.475533097982,
        "min": 0.0781912878156,
        "var": 0.0167534854263
    },
    "silence_rate_20dB": {
        "dmean": 0,
        "dmean2": 0,
        "dvar": 0,
        "dvar2": 0,
        "max": 1,
        "mean": 1,
        "median": 1,
        "min": 1,
        "var": 0
    },
    "silence_rate_30dB": {
        "dmean": 0.00738310068846,
        "dmean2": 0.0147674130276,
        "dvar": 0.00732819037512,
        "dvar2": 0.0186499208212,
        "max": 1,
        "mean": 0.993027627468,
        "median": 1,
        "min": 0,
        "var": 0.00692304829136
    },
    "silence_rate_60dB": {
        "dmean": 0.0710418373346,
        "dmean2": 0.142095327377,
        "dvar": 0.065998531878,
        "dvar2": 0.13829895854,
        "max": 1,
        "mean": 0.161922723055,
        "median": 0,
        "min": 0,
        "var": 0.135719507933
    },
    "spectral_centroid": {
        "dmean": 146.167984009,
        "dmean2": 225.543029785,
        "dvar": 76811.59375,
        "dvar2": 161581.5,
        "max": 11219.6337891,
        "mean": 597.347106934,
        "median": 535.589416504,
        "min": 136.228088379,
        "var": 132421.578125
    },
    "spectral_complexity": {
        "dmean": 2.03429031372,
        "dmean2": 3.06161284447,
        "dvar": 8.73679256439,
        "dvar2": 17.8051795959,
        "max": 34,
        "mean": 8.90164852142,
        "median": 8,
        "min": 0,
        "var": 30.5012454987
    },
    "spectral_decrease": {
        "dmean": 2.35198993614e-09,
        "dmean2": 3.33202665459e-09,
        "dvar": 1.69400881905e-17,
        "dvar2": 4.04045039054e-17,
        "max": 4.32024092402e-17,
        "mean": -5.1906559051e-09,
        "median": -3.03576852545e-09,
        "min": -5.09654185521e-08,
        "var": 3.56650898678e-17
    },
    "spectral_energy": {
        "dmean": 0.00957394298166,
        "dmean2": 0.0136736277491,
        "dvar": 0.000277698651189,
        "dvar2": 0.000665799889248,
        "max": 0.203773990273,
        "mean": 0.0206694919616,
        "median": 0.0119937183335,
        "min": 1.07171281152e-20,
        "var": 0.000571991025936
    },
    "spectral_energyband_high": {
        "dmean": 0.000567587616388,
        "dmean2": 0.00102403142955,
        "dvar": 2.74500166597e-06,
        "dvar2": 7.52744290367e-06,
        "max": 0.0219325628132,
        "mean": 0.000360120233381,
        "median": 4.31515991295e-06,
        "min": 8.11416359535e-21,
        "var": 1.7647957975e-06
    },
    "spectral_energyband_low": {
        "dmean": 0.00461417390034,
        "dmean2": 0.00739214289933,
        "dvar": 0.00013332060189,
        "dvar2": 0.000344760977896,
        "max": 0.14184704423,
        "mean": 0.00685482099652,
        "median": 0.00339499977417,
        "min": 3.06745312888e-23,
        "var": 0.000130914268084
    },
    "spectral_energyband_middle_high": {
        "dmean": 0.001390629448,
        "dmean2": 0.00182517629582,
        "dvar": 1.55308280227e-05,
        "dvar2": 3.38904355885e-05,
        "max": 0.0924355685711,
        "mean": 0.00306713022292,
        "median": 0.00095663178945,
        "min": 1.46476763208e-21,
        "var": 3.41554587067e-05
    },
    "spectral_energyband_middle_low": {
        "dmean": 0.00510092824697,
        "dmean2": 0.00721445120871,
        "dvar": 8.28963020467e-05,
        "dvar2": 0.000183239579201,
        "max": 0.133005991578,
        "mean": 0.0114079760388,
        "median": 0.00475101405755,
        "min": 1.97757672307e-22,
        "var": 0.000247692776611
    },
    "spectral_entropy": {
        "dmean": 0.413024842739,
        "dmean2": 0.557252943516,
        "dvar": 0.290554314852,
        "dvar2": 0.517792344093,
        "max": 9.79625320435,
        "mean": 6.46351766586,
        "median": 6.25821208954,
        "min": 4.56568861008,
        "var": 0.687915682793
    },
    "spectral_flux": {
        "dmean": 0.0303861778229,
        "dmean2": 0.0450203157961,
        "dvar": 0.00178984738886,
        "dvar2": 0.00326157244854,
        "max": 0.398857563734,
        "mean": 0.0547934286296,
        "median": 0.0316781625152,
        "min": 1.03523564721e-10,
        "var": 0.00330073223449
    },
    "spectral_kurtosis": {
        "dmean": 13.1572599411,
        "dmean2": 21.1577339172,
        "dvar": 227.971099854,
        "dvar2": 552.880859375,
        "max": 277.978363037,
        "mean": 22.9309177399,
        "median": 16.7821426392,
        "min": -1.17651581764,
        "var": 456.654052734
    },
    "spectral_rms": {
        "dmean": 0.000938487413805,
        "dmean2": 0.00125681376085,
        "dvar": 1.68993688021e-06,
        "dvar2": 3.71720557268e-06,
        "max": 0.0140997832641,
        "mean": 0.00385073386133,
        "median": 0.00342070008628,
        "min": 3.23353279916e-12,
        "var": 5.33719412488e-06
    },
    "spectral_rolloff": {
        "dmean": 361.348724365,
        "dmean2": 660.638183594,
        "dvar": 1471244.75,
        "dvar2": 3894505.75,
        "max": 19875.1464844,
        "mean": 763.454650879,
        "median": 667.529296875,
        "min": 64.599609375,
        "var": 1389199.625
    },
    "spectral_skewness": {
        "dmean": 0.988838970661,
        "dmean2": 1.54083967209,
        "dvar": 0.95606392622,
        "dvar2": 2.19324421883,
        "max": 13.7965459824,
        "mean": 3.24642658234,
        "median": 2.95904874802,
        "min": -0.0613364838064,
        "var": 2.41400623322
    },
    "spectral_spread": {
        "dmean": 1564860.375,
        "dmean2": 2178360.25,
        "dvar": 4.60376978227e+12,
        "dvar2": 7.99785353216e+12,
        "max": 40139900,
        "mean": 3519695.75,
        "median": 2014963.375,
        "min": 291882.625,
        "var": 8.71590998835e+12
    },
    "spectral_strongpeak": {
        "dmean": 0.334239780903,
        "dmean2": 0.537766933441,
        "dvar": 0.634027481079,
        "dvar2": 1.57986783981,
        "max": 13.8297023773,
        "mean": 0.764525473118,
        "median": 0.338307708502,
        "min": 0,
        "var": 1.24236059189
    },
    "zerocrossingrate": {
        "dmean": 0.0108319530264,
        "dmean2": 0.0141958892345,
        "dvar": 0.00025727742468,
        "dvar2": 0.000374967377866,
        "max": 0.59326171875,
        "mean": 0.0311981327832,
        "median": 0.0263671875,
        "min": 0.00244140625,
        "var": 0.000821166147944
    },
    "barkbands": {
        "dmean": [9.811307973e-05, 0.00242646830156, 0.00199842103757, 0.000958813528996, 0.00149438204244, 0.00147320027463, 0.00070819578832, 0.000394467089791, 0.000641159189399, 0.000710786902346, 0.000274503778201, 0.000188109479495, 8.68886781973e-05, 0.000143636236317, 0.000143983663293, 7.79097463237e-05, 0.000105682483991, 5.5073229305e-05, 4.81751667394e-05, 4.9974914873e-05, 4.23064775532e-05, 8.09305929579e-05, 8.47041155794e-05, 7.07203798811e-05, 0.000116566538054, 9.76870869636e-05, 4.24918580393e-05],
        "dmean2": [0.000170289786183, 0.00382268708199, 0.00347435264848, 0.00171132222749, 0.00205835443921, 0.00206869654357, 0.00119783112314, 0.000608348811511, 0.000950707064476, 0.000920625287108, 0.000327984947944, 0.000296754034935, 0.000131447959575, 0.000218129527639, 0.000227383294259, 0.000128714527818, 0.000163118558703, 8.99309743545e-05, 7.86252639955e-05, 8.75835612533e-05, 7.46862206142e-05, 0.00014632687089, 0.000152840118972, 0.000124344020151, 0.000212417842704, 0.000180494520464, 7.85934535088e-05],
        "dvar": [1.16243853654e-07, 3.32230920321e-05, 3.72488248104e-05, 1.12017496576e-05, 1.39471285365e-05, 1.39743306136e-05, 2.16776970774e-06, 1.04791229205e-06, 6.17348223386e-06, 1.30125654323e-05, 9.66298898675e-07, 5.64887841392e-07, 2.45433312784e-07, 8.61967976107e-07, 3.47810129142e-07, 8.62367414811e-07, 9.27663165839e-07, 5.12214626269e-07, 1.63170142287e-07, 3.51310035285e-07, 9.61849906389e-08, 6.28957010917e-08, 7.27902857989e-08, 2.8343189129e-08, 1.30922074959e-07, 8.15828755663e-08, 1.2400493965e-08],
        "dvar2": [3.19617555533e-07, 8.59701249283e-05, 0.00010412732081, 3.15624383802e-05, 3.00648334814e-05, 3.01179406961e-05, 5.80733740208e-06, 2.31192097999e-06, 1.41662148962e-05, 2.95381232718e-05, 1.6538122054e-06, 1.45860076373e-06, 6.57103385038e-07, 2.00236672754e-06, 8.65765969138e-07, 2.23262895815e-06, 2.11732526623e-06, 1.36207233936e-06, 4.17412138631e-07, 9.78916659733e-07, 2.78612276361e-07, 1.72344627458e-07, 2.00746356427e-07, 7.38842587111e-08, 3.60952356004e-07, 2.26479059506e-07, 3.40835271118e-08],
        "max": [0.00416647549719, 0.0852883011103, 0.0771823376417, 0.0432418212295, 0.0734815597534, 0.0836905539036, 0.0213620737195, 0.0277066510171, 0.122683621943, 0.124905601144, 0.0247993990779, 0.0230333358049, 0.0165331345052, 0.0279550626874, 0.0240584798157, 0.035074070096, 0.0282314885408, 0.0305970944464, 0.0224776975811, 0.0217398162931, 0.0165327191353, 0.00195296853781, 0.00221318705007, 0.00130320002791, 0.00292249768972, 0.00212801760063, 0.000878427061252],
        "mean": [8.04997835075e-05, 0.00359671982005, 0.00250348518603, 0.000883083848748, 0.00344613450579, 0.00284000346437, 0.00114735390525, 0.000794106570538, 0.00148729258217, 0.00158013263717, 0.000755546323489, 0.000298866332741, 0.00014347663091, 0.000232716833125, 0.000208013065276, 8.47639457788e-05, 0.000113483976747, 5.55583283131e-05, 4.59346156276e-05, 3.65788218915e-05, 2.91849373752e-05, 5.14900493727e-05, 5.32329286216e-05, 4.65972734673e-05, 7.15315909474e-05, 5.82878310524e-05, 2.54157730524e-05],
        "median": [5.5065070228e-06, 0.00162748235743, 0.000988707062788, 0.000132218759973, 0.000664111110382, 0.000366105698049, 0.000323660002323, 0.000175588545972, 0.000196082895854, 0.000200911250431, 8.53896708577e-05, 2.95859445032e-05, 1.53951368702e-05, 2.94170913548e-05, 3.02316930174e-05, 7.24260462448e-06, 1.08144731712e-05, 6.91689319865e-06, 4.5789406613e-06, 1.63968638844e-06, 1.20671325021e-06, 6.50349306852e-07, 1.66999569728e-07, 8.55864854543e-08, 3.07100123109e-08, 4.65552263407e-09, 9.0869606284e-10],
        "min": [4.08281232941e-24, 2.48353197595e-23, 4.44029588988e-25, 2.44160930421e-24, 5.97550271237e-23, 1.87661442323e-23, 1.99344141007e-23, 5.3955965459e-23, 4.05333709389e-23, 3.13799180885e-23, 4.96881143658e-23, 9.66252877393e-23, 4.51894646598e-23, 1.03417683056e-22, 7.74311533338e-23, 1.58976790579e-22, 2.04137840469e-22, 1.53208677505e-22, 1.9634798418e-22, 5.32144564029e-22, 3.73018798646e-22, 3.96518725199e-22, 6.12864093513e-22, 1.02427295326e-21, 1.09346955995e-21, 2.02852716635e-21, 2.59546839753e-21],
        "var": [8.3304669829e-08, 3.79216508009e-05, 2.62119356194e-05, 7.40904351915e-06, 3.93337941205e-05, 3.84867453249e-05, 3.19169771501e-06, 2.98789063891e-06, 1.29108766487e-05, 2.31736557907e-05, 4.14349597122e-06, 7.54984966989e-07, 3.699641411e-07, 1.57712213422e-06, 5.36019967967e-07, 6.69319092594e-07, 8.94474567303e-07, 3.65563408877e-07, 1.28807727151e-07, 2.1994193844e-07, 5.45346239278e-08, 4.01340365386e-08, 4.60030840088e-08, 2.03699457302e-08, 8.1462879109e-08, 4.95503797993e-08, 7.64377006135e-09]
    },
    "erbbands": {
        "dmean": [0.0751993432641, 0.547247171402, 1.82141542435, 3.54676508904, 2.6290140152, 5.38869714737, 14.8207406998, 7.47581577301, 9.65186214447, 8.16217327118, 9.04564189911, 15.5161104202, 24.2640972137, 15.2667531967, 8.94393348694, 8.01067447662, 3.9004573822, 7.06141614914, 8.42709445953, 5.39682388306, 4.88975286484, 4.20515966415, 3.16205644608, 3.1016061306, 1.71264994144, 2.05821490288, 2.00849413872, 2.13756990433, 2.47751402855, 2.54974198341, 2.66419386864, 1.57597851753, 1.161698699, 1.4113650322, 0.751347780228, 0.438744723797, 0.172582983971, 0.0541851036251, 0.00772797456011, 0.000218661545659],
        "dmean2": [0.118835121393, 0.872378587723, 3.15313220024, 6.26673460007, 4.27968072891, 7.30912923813, 19.1743202209, 11.2489376068, 16.4363327026, 13.1816310883, 13.7408237457, 21.9659690857, 33.985824585, 17.6410865784, 11.0303440094, 12.5780506134, 5.77011823654, 10.6887054443, 13.5549583435, 8.37358760834, 7.61996173859, 6.48364686966, 5.1719751358, 4.97479820251, 2.81435489655, 3.58795547485, 3.55881094933, 3.82228779793, 4.45169973373, 4.55289077759, 4.83405685425, 2.76828718185, 2.0626168251, 2.57833170891, 1.36688613892, 0.802304089069, 0.322322875261, 0.10027358681, 0.0143358204514, 0.000399886659579],
        "dvar": [0.0386660583317, 1.66352701187, 26.9991874695, 145.078811646, 61.0037002563, 222.443557739, 1212.08691406, 420.439697266, 410.362182617, 294.053436279, 620.078186035, 4309.44677734, 19395.890625, 2473.66943359, 819.154968262, 1218.52709961, 323.928863525, 2540.16381836, 954.641174316, 1263.52563477, 1610.99621582, 1279.74145508, 1341.24975586, 941.869995117, 87.9659347534, 570.270446777, 289.534973145, 131.32824707, 61.8662834167, 48.1692276001, 76.9515686035, 17.5020065308, 7.87690496445, 20.4277629852, 5.09297466278, 1.53959441185, 0.276234000921, 0.0230854768306, 0.000423125107773, 3.20688599231e-07],
        "dvar2": [0.100983142853, 4.35237789154, 74.9827728271, 406.794525146, 154.405075073, 452.398468018, 2211.85668945, 943.493469238, 1107.60791016, 754.72833252, 1327.62329102, 9526.12890625, 45142.140625, 4101.00146484, 1459.46508789, 3200.20214844, 795.295532227, 6052.81738281, 2452.87548828, 3212.93994141, 3895.03979492, 2934.38378906, 3619.14086914, 2436.76293945, 224.247787476, 1599.54882812, 812.373840332, 373.95123291, 168.937805176, 128.804382324, 213.573287964, 46.1363563538, 20.8127212524, 56.5188293457, 13.9884386063, 4.21406412125, 0.776911437511, 0.0640746578574, 0.00116746150889, 8.8220753014e-07],
        "max": [2.75957727432, 18.9759025574, 63.5278625488, 155.455490112, 140.658370972, 297.994232178, 994.517456055, 476.435943604, 250.87928772, 287.805175781, 690.545166016, 3474.02075195, 4914.51464844, 1317.4720459, 924.964599609, 1133.76318359, 468.203948975, 1773.32751465, 1106.67663574, 1124.76135254, 1094.67785645, 1470.56677246, 1671.56774902, 1657.33581543, 321.932800293, 1007.72357178, 680.34576416, 509.423400879, 62.7168388367, 51.1788139343, 74.6387481689, 35.3129615784, 21.9231529236, 40.5448951721, 18.3449039459, 9.00321674347, 3.93179488182, 1.25683474541, 0.161889672279, 0.00497504137456],
        "mean": [0.0908804610372, 0.863325119019, 2.66293787956, 3.50671720505, 3.34584450722, 12.5841474533, 34.3914451599, 13.6100120544, 15.0688428879, 14.0477991104, 20.0518321991, 39.7274131775, 49.873840332, 40.883014679, 23.8321781158, 13.437748909, 7.0083155632, 11.5538740158, 11.7700252533, 7.92844295502, 5.55166292191, 4.61262321472, 3.27943992615, 3.09471130371, 1.61181223392, 1.54677307606, 1.3834553957, 1.4179764986, 1.60499119759, 1.65124726295, 1.65437889099, 1.0388071537, 0.751841366291, 0.862598061562, 0.462537765503, 0.267904400826, 0.100600294769, 0.0322448648512, 0.00460232561454, 0.000148128863657],
        "median": [0.0275499932468, 0.400069177151, 1.16629290581, 0.975873887539, 0.923879444599, 1.96138489246, 4.67982006073, 2.68005418777, 4.33830308914, 4.05785703659, 4.90512514114, 5.83616828918, 6.07989931107, 6.43311977386, 5.39478111267, 2.13841247559, 1.26016068459, 1.73448848724, 1.74942100048, 1.13821864128, 0.578016102314, 0.588420391083, 0.479247063398, 0.296750307083, 0.179743856192, 0.0955609083176, 0.0550801865757, 0.0437616333365, 0.0268067233264, 0.0104396119714, 0.00469578569755, 0.00250874646008, 0.00104884104803, 0.000471010629553, 0.000176274537807, 4.67861718789e-05, 1.40039501275e-05, 2.56891917161e-06, 8.58613111632e-06, 1.61702573678e-05],
        "min": [1.05926182479e-21, 4.02494251893e-21, 2.11132418942e-21, 6.42766834215e-21, 5.40575293442e-20, 1.57141659391e-19, 3.56013417463e-19, 1.57480079659e-19, 1.80536756957e-19, 6.64949504723e-19, 1.17664580979e-18, 8.16484960438e-19, 8.08094867484e-19, 1.62074708655e-18, 2.44083917485e-18, 3.93437291423e-18, 2.60266010449e-18, 4.98399686916e-18, 3.42465801692e-18, 5.7366067359e-18, 1.00047098042e-17, 9.60238487065e-18, 8.81438614935e-18, 9.44559609426e-18, 1.28164414628e-17, 2.71276495778e-17, 2.2242595504e-17, 1.00518847417e-17, 1.54794162689e-17, 1.38144026118e-17, 1.88433364814e-17, 1.69484741475e-17, 1.98472194164e-17, 9.35169455112e-18, 1.04520159922e-17, 7.14155398116e-18, 4.02728680371e-18, 1.09051769646e-18, 3.2803333531e-19, 4.52907331702e-20],
        "var": [0.0388555265963, 1.91783094406, 21.3031978607, 95.7446975708, 62.2372055054, 690.670654297, 4906.61035156, 925.424499512, 545.034118652, 538.793518066, 1940.4342041, 9750.91992188, 31169.2675781, 9675.68945312, 3220.79052734, 1539.1685791, 603.757141113, 4576.67333984, 1405.75585938, 1311.83862305, 1440.28137207, 1214.8972168, 921.120361328, 716.190490723, 74.0774765015, 349.244140625, 177.418609619, 77.7288589478, 39.8914489746, 32.6868171692, 47.7543373108, 12.3030691147, 5.47590732574, 12.6082134247, 3.19533658028, 0.969740688801, 0.162065684795, 0.0139678837731, 0.000258351210505, 2.00284219432e-07]
    },
    "gfcc": {
        "mean": [-133.640197754, 163.897155762, -100.004043579, 8.0416135788, -46.2451248169, 2.1364068985, -19.392162323, -0.682150483131, -7.64610242844, -8.46183109283, -6.6309170723, -3.82668638229, 0.603377759457],
        "cov": [[17178.0566406, -4434.83984375, -296.296875, -564.613769531, -818.853088379, 108.768844604, -834.393493652, 329.341094971, -886.093688965, 409.715820312, -736.182006836, 456.463775635, -441.295684814], [-4434.83984375, 4475.27099609, -1674.93139648, -218.137573242, 671.606994629, -898.053466797, 540.72265625, -515.653930664, 406.857299805, -602.197753906, 371.871124268, -329.370758057, 566.85925293], [-296.296875, -1674.93139648, 2714.80859375, 665.209472656, -94.6398925781, 831.565795898, -229.499694824, 282.610076904, -26.9798316956, 345.172271729, -141.347320557, 86.9068527222, -390.818206787], [-564.613769531, -218.137573242, 665.209472656, 560.526184082, 117.887512207, 301.434997559, 9.11261749268, 63.8565216064, 58.7325019836, 98.4924087524, 0.121415950358, -25.2851772308, -71.6921844482], [-818.853088379, 671.606994629, -94.6398925781, 117.887512207, 330.100952148, -29.892496109, 132.76890564, -70.6895675659, 77.1964645386, -70.8201065063, 53.0386695862, -65.067741394, 50.9026184082], [108.768844604, -898.053466797, 831.565795898, 301.434997559, -29.892496109, 621.795227051, 10.2601766586, 239.867538452, -41.9074478149, 168.402786255, -35.3238716125, 47.5818710327, -180.473876953], [-834.393493652, 540.72265625, -229.499694824, 9.11261749268, 132.76890564, 10.2601766586, 313.246917725, 19.4064083099, 72.5487747192, -91.7082977295, 59.7313270569, -73.824432373, 37.2846870422], [329.341094971, -515.653930664, 282.610076904, 63.8565216064, -70.6895675659, 239.867538452, 19.4064083099, 234.029434204, 1.41793298721, 77.7849655151, -33.0041770935, 37.9448852539, -82.9761047363], [-886.093688965, 406.857299805, -26.9798316956, 58.7325019836, 77.1964645386, -41.9074478149, 72.5487747192, 1.41793298721, 160.476730347, -6.89879274368, 51.8179855347, -51.9091415405, 52.3211288452], [409.715820312, -602.197753906, 345.172271729, 98.4924087524, -70.8201065063, 168.402786255, -91.7082977295, 77.7849655151, -6.89879274368, 169.297409058, -21.4326705933, 31.3758792877, -98.9725112915], [-736.182006836, 371.871124268, -141.347320557, 0.121415950358, 53.0386695862, -35.3238716125, 59.7313270569, -33.0041770935, 51.8179855347, -21.4326705933, 114.604682922, -7.81240653992, 41.283821106], [456.463775635, -329.370758057, 86.9068527222, -25.2851772308, -65.067741394, 47.5818710327, -73.824432373, 37.9448852539, -51.9091415405, 31.3758792877, -7.81240653992, 113.157905579, 1.21113336086], [-441.295684814, 566.85925293, -390.818206787, -71.6921844482, 50.9026184082, -180.473876953, 37.2846870422, -82.9761047363, 52.3211288452, -98.9725112915, 41.283821106, 1.21113336086, 187.984619141]],
        "icov": [[0.000129478372401, 2.46965032602e-06, 0.00011417701171, -1.65755500348e-05, -2.37043313973e-05, 9.49447276071e-05, 5.81907661399e-05, -0.00013576495985, 0.000394506379962, -0.000307679671096, 0.000628723937552, -0.000268433504971, 0.000145519006765], [2.46965032602e-06, 0.00165337242652, -0.000125857419334, 0.000242731926846, -0.0012197396718, 0.000483688490931, -9.43832928897e-05, 0.000602226762567, -0.00131569674704, 0.00295094773173, -0.00270660757087, 0.00219332054257, -0.00156965118367], [0.00011417701171, -0.000125857419334, 0.00111526076216, -0.000639026402496, 0.000221758338739, -0.000859500607476, 0.000601278792601, 0.000344389321981, -0.000677042582538, -0.000148902050569, 0.00153519085143, -0.00124149175826, 0.00165090046357], [-1.65755500348e-05, 0.000242731926846, -0.000639026402496, 0.00362195423804, -0.00141580845229, -0.00129933189601, 0.000213060571696, 0.000650875561405, -0.000897396355867, -0.000469182705274, -0.000495049229357, 0.00142395030707, -0.00123478856403], [-2.37043313973e-05, -0.0012197396718, 0.000221758338739, -0.00141580845229, 0.00597446458414, -0.000873150129337, -0.00118393893354, 0.00141206232365, -0.000522061483935, -0.000538357824553, 0.00158226874191, -0.0013814039994, 0.00146885204595], [9.49447276071e-05, 0.000483688490931, -0.000859500607476, -0.00129933189601, -0.000873150129337, 0.00596929481253, -0.00153338653035, -0.00377502595074, 0.00301428092644, -0.00174263503868, -0.00160849746317, 0.00040632969467, -0.00031882096664], [5.81907661399e-05, -9.43832928897e-05, 0.000601278792601, 0.000213060571696, -0.00118393893354, -0.00153338653035, 0.00663659162819, -0.00182745861821, -0.00114781572483, 0.00353113678284, -0.00149758602493, 0.00236345734447, 0.000970301101916], [-0.00013576495985, 0.000602226762567, 0.000344389321981, 0.000650875561405, 0.00141206232365, -0.00377502595074, -0.00182745861821, 0.0105127040297, -0.00536487903446, 0.00146696646698, 0.00163135281764, -0.00291050761007, 0.00175172102172], [0.000394506379962, -0.00131569674704, -0.000677042582538, -0.000897396355867, -0.000522061483935, 0.00301428092644, -0.00114781572483, -0.00536487903446, 0.0162322670221, -0.00792224612087, -0.000726484286133, 0.0040220124647, -0.00451669842005], [-0.000307679671096, 0.00295094773173, -0.000148902050569, -0.000469182705274, -0.000538357824553, -0.00174263503868, 0.00353113678284, 0.00146696646698, -0.00792224612087, 0.0205006804317, -0.00688220513985, 0.00225134263746, 0.00280603417195], [0.000628723937552, -0.00270660757087, 0.00153519085143, -0.000495049229357, 0.00158226874191, -0.00160849746317, -0.00149758602493, 0.00163135281764, -0.000726484286133, -0.00688220513985, 0.0205400716513, -0.00868957862258, 0.00380875822157], [-0.000268433504971, 0.00219332054257, -0.00124149175826, 0.00142395030707, -0.0013814039994, 0.00040632969467, 0.00236345734447, -0.00291050761007, 0.0040220124647, 0.00225134263746, -0.00868957862258, 0.0198395717889, -0.00842490699142], [0.000145519006765, -0.00156965118367, 0.00165090046357, -0.00123478856403, 0.00146885204595, -0.00031882096664, 0.000970301101916, 0.00175172102172, -0.00451669842005, 0.00280603417195, 0.00380875822157, -0.00842490699142, 0.0151849361137]]
    },
    "melbands": {
        "dmean": [0.000678451033309, 0.000854705867823, 0.000547073315829, 0.000286167691229, 0.00044240479474, 0.000193511805264, 0.000146915874211, 8.58583807712e-05, 7.00020827935e-05, 0.000105691651697, 0.00011926497973, 6.13447700744e-05, 3.44137770298e-05, 2.51069795922e-05, 1.06150018837e-05, 9.85049609881e-06, 1.36188509714e-05, 1.3454132386e-05, 9.07619687496e-06, 7.19369381841e-06, 6.02358704782e-06, 5.29932549398e-06, 2.96791472465e-06, 3.12172232952e-06, 2.58666455011e-06, 1.48368212649e-06, 1.07169717012e-06, 1.5327558458e-06, 1.37211134188e-06, 1.11064048269e-06, 1.42209773912e-06, 1.33932621793e-06, 1.65642507e-06, 1.32463014779e-06, 1.65883022873e-06, 1.13482622055e-06, 9.16002022677e-07, 8.73218766628e-07, 8.08703703115e-07, 1.30210707994e-06],
        "dmean2": [0.00106675887946, 0.00143342406955, 0.000955185852945, 0.000427164573921, 0.000568958173972, 0.000286802067421, 0.000249451230047, 0.000137642375194, 0.000107063133328, 0.00015057521523, 0.000167601261637, 7.10848471499e-05, 4.13289199059e-05, 3.88646476495e-05, 1.63710355991e-05, 1.4907392142e-05, 2.05756678042e-05, 2.18805616896e-05, 1.390498619e-05, 1.17872059491e-05, 9.24580945139e-06, 8.0873760453e-06, 4.89554486194e-06, 5.06466449224e-06, 4.16969260186e-06, 2.44869261223e-06, 1.79996186489e-06, 2.70709892902e-06, 2.42744522438e-06, 1.99348437491e-06, 2.56653834185e-06, 2.41096586251e-06, 2.99587941299e-06, 2.3543880161e-06, 3.02247690342e-06, 2.01807006306e-06, 1.6057567791e-06, 1.55481802722e-06, 1.45110061567e-06, 2.38685584009e-06],
        "dvar": [2.80639437733e-06, 4.93396373713e-06, 3.2088403259e-06, 8.72977921063e-07, 9.68991457739e-07, 2.61399719648e-07, 9.41487741102e-08, 3.3205189709e-08, 3.78514997124e-08, 2.03902359885e-07, 4.76719577591e-07, 4.14720098263e-08, 1.33455158036e-08, 7.75191555391e-09, 2.58121213292e-09, 4.95365881648e-09, 9.32673493992e-09, 3.40475958538e-09, 2.69944333553e-09, 7.37910177406e-09, 2.79521361612e-09, 2.55606091848e-09, 8.22008627832e-10, 1.95690574856e-09, 7.74132147274e-10, 1.03827169085e-10, 1.2616328815e-10, 4.41722436406e-10, 3.08560371698e-10, 2.25319513047e-10, 3.2471296485e-11, 1.95408238202e-11, 2.36337806964e-11, 1.27478453141e-11, 2.96619291629e-11, 1.3082721538e-11, 5.05671806511e-12, 4.3483571778e-12, 4.8378558104e-12, 1.86475002106e-11],
        "dvar2": [7.28677241568e-06, 1.33291105158e-05, 8.92878233572e-06, 2.0671141101e-06, 1.74520607743e-06, 5.88610760133e-07, 2.53407193895e-07, 8.36706419705e-08, 8.09588840411e-08, 4.55781929531e-07, 1.11247925361e-06, 6.73523459227e-08, 2.35540476012e-08, 1.92115496844e-08, 6.55675158612e-09, 1.24438788163e-08, 2.20661977579e-08, 8.68090843653e-09, 6.40393871265e-09, 1.92528482046e-08, 6.41614050778e-09, 5.81319392623e-09, 2.10305328707e-09, 5.16065590261e-09, 2.00811078876e-09, 2.48610659837e-10, 3.43025052807e-10, 1.24082966124e-09, 8.59734117231e-10, 6.61533938739e-10, 8.9982583884e-11, 5.36578871613e-11, 6.43961342583e-11, 3.39338036837e-11, 8.25401483273e-11, 3.56484529396e-11, 1.31296249914e-11, 1.15177806528e-11, 1.3041374404e-11, 5.18244683279e-11],
        "max": [0.0239767208695, 0.028149113059, 0.0230063833296, 0.0202044658363, 0.0275693908334, 0.0108080403879, 0.00392538448796, 0.00270639662631, 0.00509476661682, 0.0237217564136, 0.0244436692446, 0.00456406082958, 0.0033057348337, 0.00233767251484, 0.00150515697896, 0.00280423695222, 0.00299299252219, 0.00253374851309, 0.00253817392513, 0.00329190352932, 0.00155902584083, 0.00175482826307, 0.00112650869414, 0.00210820999928, 0.00164991663769, 0.000409869215218, 0.000599390594289, 0.000831247365568, 0.000784947769716, 0.000856299011502, 0.000196952154511, 3.55204792868e-05, 4.13937341364e-05, 3.02708031086e-05, 4.75136839668e-05, 3.17611738865e-05, 1.72799718712e-05, 1.76868761628e-05, 1.82366875379e-05, 3.93738300772e-05],
        "mean": [0.000917200115509, 0.00134461757261, 0.00055925064953, 0.000513725099154, 0.00108142953832, 0.000352276663762, 0.000233497994486, 0.000150647218106, 0.000152002263349, 0.000264525122475, 0.000241711735725, 0.000163156437338, 9.34627241804e-05, 4.19836942456e-05, 1.86884481082e-05, 1.63673521456e-05, 2.200907511e-05, 1.83667289093e-05, 1.42096650961e-05, 8.24953349365e-06, 6.65105380904e-06, 5.68578479943e-06, 3.0491007692e-06, 3.06895185531e-06, 2.54240057984e-06, 1.36303833642e-06, 9.37375205012e-07, 1.09499399059e-06, 9.42785788993e-07, 7.42968040868e-07, 9.15947452995e-07, 8.6365827201e-07, 1.05124536276e-06, 8.63562945597e-07, 1.02322781004e-06, 7.28395093574e-07, 6.08613277109e-07, 5.63895241612e-07, 5.11775738232e-07, 7.90178376064e-07],
        "median": [0.000383768347092, 0.000660588440951, 0.000180373855983, 8.5272200522e-05, 0.000156183712534, 6.15627650404e-05, 6.34892567177e-05, 3.97608928324e-05, 3.38279278367e-05, 3.24075299432e-05, 2.72007146123e-05, 2.11215665331e-05, 1.52920238179e-05, 5.02445664097e-06, 2.53610414802e-06, 1.52439031353e-06, 3.03677643387e-06, 2.43039880843e-06, 1.79406640655e-06, 7.85116242241e-07, 5.15415422342e-07, 5.48707248527e-07, 4.8127236596e-07, 3.1179610005e-07, 2.01149120471e-07, 1.04049661331e-07, 8.5622360757e-08, 4.94432477183e-08, 2.81622014597e-08, 2.68750959265e-08, 2.31579821985e-08, 1.45906584592e-08, 9.45574729627e-09, 3.78141162827e-09, 2.48315701334e-09, 2.08288142289e-09, 1.23473797853e-09, 7.98125621149e-10, 4.1043241028e-10, 3.48108319947e-10],
        "min": [8.1497409445e-24, 2.65567262729e-24, 2.20331769614e-24, 6.1051964939e-24, 1.30118788229e-23, 3.38351238048e-24, 3.11679180311e-24, 9.01906171775e-24, 8.88162794856e-24, 5.37539918237e-24, 4.11883132392e-24, 6.5540910867e-24, 7.14861255804e-24, 1.02685400833e-23, 7.31618633583e-24, 6.25113655022e-24, 9.5276695312e-24, 4.92381772933e-24, 7.1306407289e-24, 1.08219473075e-23, 1.14947904394e-23, 8.70381475622e-24, 1.24333897662e-23, 6.05623150308e-24, 8.0080094611e-24, 5.97978733149e-24, 1.6894047931e-23, 1.67556627955e-23, 1.5383461339e-23, 7.54425312328e-24, 5.04406143053e-24, 9.3845236202e-24, 6.63925296015e-24, 8.23723508522e-24, 1.15000560859e-23, 9.76532255637e-24, 9.99067408458e-24, 1.43931237809e-23, 1.04413305982e-23, 6.96634230159e-24],
        "var": [3.03015644931e-06, 4.44662146037e-06, 2.16091711991e-06, 1.48355707097e-06, 4.19603657065e-06, 6.00453006427e-07, 1.30091834194e-07, 6.32014902635e-08, 1.17696032476e-07, 4.46956192945e-07, 7.57260806949e-07, 1.64725150853e-07, 5.45468985536e-08, 1.23787060602e-08, 3.80953402157e-09, 8.66352589668e-09, 1.6483433285e-08, 5.13654008216e-09, 4.7341597309e-09, 5.68868152584e-09, 2.70457300999e-09, 2.45574116597e-09, 6.42582265176e-10, 1.42703615591e-09, 5.81642067843e-10, 9.69390470673e-11, 9.35446303751e-11, 2.67898703221e-10, 1.91093349478e-10, 1.22603857622e-10, 2.03842359658e-11, 1.24128381185e-11, 1.53027347738e-11, 8.7565605808e-12, 1.82682376171e-11, 8.5222289295e-12, 3.66618757922e-12, 3.00489494398e-12, 3.1955239236e-12, 1.1373258238e-11]
    },
    "mfcc": {
        "mean": [-777.908569336, 185.967559814, 17.6035785675, 11.6898212433, 3.35262608528, 0.760594367981, -0.519535779953, 5.97727012634, 4.99434185028, 2.08886957169, 0.113194264472, -4.45271730423, -2.08810305595],
        "cov": [[13644.3212891, -1438.75927734, -1742.00756836, -384.915588379, -688.746337891, -362.571166992, -445.423065186, -202.802978516, -244.95640564, -245.980575562, -209.174362183, -352.528656006, -230.61541748], [-1438.75927734, 2715.65844727, -1166.79748535, 109.181655884, -41.960975647, -297.967529297, -15.6618309021, -49.6501808167, 43.1319313049, -147.95123291, -158.880584717, -136.203491211, -127.295715332], [-1742.00756836, -1166.79748535, 2178.04882812, 237.198577881, 436.081665039, 485.677612305, 153.207550049, 134.58996582, 55.5478172302, 206.595443726, 177.687942505, 192.785003662, 157.552093506], [-384.915588379, 109.181655884, 237.198577881, 350.51965332, 157.723754883, 130.980697632, 22.7073078156, -10.7049045563, 36.2508544922, 29.0783023834, 14.9502372742, 13.4178743362, 19.1747093201], [-688.746337891, -41.960975647, 436.081665039, 157.723754883, 306.112670898, 179.123886108, 36.3120040894, 22.5865955353, 28.549861908, 49.7481193542, 36.807800293, 46.0319747925, 30.5648536682], [-362.571166992, -297.967529297, 485.677612305, 130.980697632, 179.123886108, 295.89630127, 130.674667358, 68.2719573975, 33.3163108826, 74.6642227173, 65.6226348877, 64.962097168, 46.9080123901], [-445.423065186, -15.6618309021, 153.207550049, 22.7073078156, 36.3120040894, 130.674667358, 211.654434204, 127.617347717, 41.2696838379, 43.8935394287, 42.8872413635, 59.7174110413, 28.4310474396], [-202.802978516, -49.6501808167, 134.58996582, -10.7049045563, 22.5865955353, 68.2719573975, 127.617347717, 183.195388794, 73.0164413452, 32.6150283813, 24.4445419312, 61.9050102234, 42.0759963989], [-244.95640564, 43.1319313049, 55.5478172302, 36.2508544922, 28.549861908, 33.3163108826, 41.2696838379, 73.0164413452, 116.60105896, 52.8650169373, -5.64928102493, 19.3566493988, 34.952205658], [-245.980575562, -147.95123291, 206.595443726, 29.0783023834, 49.7481193542, 74.6642227173, 43.8935394287, 32.6150283813, 52.8650169373, 139.750762939, 67.8950881958, 12.520942688, 15.8911132812], [-209.174362183, -158.880584717, 177.687942505, 14.9502372742, 36.807800293, 65.6226348877, 42.8872413635, 24.4445419312, -5.64928102493, 67.8950881958, 146.770751953, 70.8965988159, -7.45282363892], [-352.528656006, -136.203491211, 192.785003662, 13.4178743362, 46.0319747925, 64.962097168, 59.7174110413, 61.9050102234, 19.3566493988, 12.520942688, 70.8965988159, 148.594207764, 64.2498168945], [-230.61541748, -127.295715332, 157.552093506, 19.1747093201, 30.5648536682, 46.9080123901, 28.4310474396, 42.0759963989, 34.952205658, 15.8911132812, -7.45282363892, 64.2498168945, 116.758811951]],
