{
"lowlevel": {
    "average_loudness": 0.796484827995,
    "barkbands_crest": {
        "dmean": 2.11315965652,
        "dmean2": 3.48775529861,
        "dvar": 4.02799797058,
        "dvar2": 10.6639442444,
        "max": 25.3554420471,
        "mean": 10.3719806671,
        "median": 9.86964988708,
        "min": 3.4217031002,
        "var": 10.359662056
    },
    "barkbands_flatness_db": {
        "dmean": 0.0317042395473,
        "dmean2": 0.0440667755902,
        "dvar": 0.000946992717218,
        "dvar2": 0.00184616795741,
        "max": 0.500117182732,
        "mean": 0.267877459526,
        "median": 0.26931655407,
        "min": 0.0395021475852,
        "var": 0.00442177522928
    },
    "barkbands_kurtosis": {
        "dmean": 9.96231174469,
        "dmean2": 15.6351490021,
        "dvar": 193.642700195,
        "dvar2": 467.411102295,
        "max": 468.748535156,
        "mean": 23.220954895,
        "median": 16.0525131226,
        "min": -1.89422905445,
        "var": 572.06439209
    },
    "barkbands_skewness": {
        "dmean": 0.883243083954,
        "dmean2": 1.34026908875,
        "dvar": 0.93663173914,
        "dvar2": 2.03369736671,
        "max": 17.0041694641,
        "mean": 2.62229847908,
        "median": 2.32168340683,
        "min": -2.52155375481,
        "var": 4.17874240875
    },
    "barkbands_spread": {
        "dmean": 2.43398189545,
        "dmean2": 3.78039288521,
        "dvar": 34.8950576782,
        "dvar2": 82.9283218384,
        "max": 109.864006042,
        "mean": 6.02763080597,
        "median": 4.17157411575,
        "min": 0.397033393383,
        "var": 67.2762069702
    },
    "dissonance": {
        "dmean": 0.0430327765644,
        "dmean2": 0.0700026527047,
        "dvar": 0.00165066833142,
        "dvar2": 0.00404473952949,
        "max": 0.500000178814,
        "mean": 0.380819022655,
        "median": 0.39013427496,
        "min": 0.10041821003,
        "var": 0.00558388791978
    },
    "dynamic_complexity": 3.41857266426,
    "erbbands_crest": {
        "dmean": 2.40749788284,
        "dmean2": 3.90144205093,
        "dvar": 6.51481866837,
        "dvar2": 16.296049118,
        "max": 32.1684837341,
        "mean": 12.3330526352,
        "median": 11.5679836273,
        "min": 2.36209726334,
        "var": 20.8838195801
    },
    "erbbands_flatness_db": {
        "dmean": 0.0307192355394,
        "dmean2": 0.041133724153,
        "dvar": 0.00091447122395,
        "dvar2": 0.00169034383725,
        "max": 0.445421725512,
        "mean": 0.222364798188,
        "median": 0.224243596196,
        "min": 0.0414146631956,
        "var": 0.00459427805617
    },
    "erbbands_kurtosis": {
        "dmean": 5.89674472809,
        "dmean2": 8.80454730988,
        "dvar": 77.180770874,
        "dvar2": 164.865859985,
        "max": 200.144012451,
        "mean": 13.8396530151,
        "median": 9.34012889862,
        "min": -1.81605219841,
        "var": 214.62387085
    },
    "erbbands_skewness": {
        "dmean": 0.685010790825,
        "dmean2": 1.00998413563,
        "dvar": 0.548062682152,
        "dvar2": 1.13444256783,
        "max": 9.75146770477,
        "mean": 2.27481031418,
        "median": 2.12055420876,
        "min": -1.9953250885,
        "var": 2.5044491291
    },
    "erbbands_spread": {
        "dmean": 8.00473880768,
        "dmean2": 11.5908269882,
        "dvar": 188.822677612,
        "dvar2": 391.676239014,
        "max": 180.208480835,
        "mean": 20.8395805359,
        "median": 11.7726221085,
        "min": 0.830755472183,
        "var": 544.475952148
    },
    "hfc": {
        "dmean": 2.90364766121,
        "dmean2": 4.32112026215,
        "dvar": 14.5919742584,
        "dvar2": 31.2679405212,
        "max": 74.6969833374,
        "mean": 9.98007965088,
        "median": 7.9732465744,
        "min": 1.04808898895e-16,
        "var": 65.8118972778
    },
    "melbands_crest": {
        "dmean": 2.72096991539,
        "dmean2": 4.4956908226,
        "dvar": 7.10248327255,
        "dvar2": 19.599199295,
        "max": 33.6776618958,
        "mean": 13.3824615479,
        "median": 12.7739219666,
        "min": 1.64463365078,
        "var": 18.5251464844
    },
    "melbands_flatness_db": {
        "dmean": 0.0333226509392,
        "dmean2": 0.0470228604972,
        "dvar": 0.00119620806072,
        "dvar2": 0.0023513038177,
        "max": 0.627701640129,
        "mean": 0.370937466621,
        "median": 0.37377166748,
        "min": 0.00323497806676,
        "var": 0.00646285852417
    },
    "melbands_kurtosis": {
        "dmean": 15.4599790573,
        "dmean2": 23.8552055359,
        "dvar": 822.593200684,
        "dvar2": 1830.5958252,
        "max": 502.828430176,
        "mean": 33.0170555115,
        "median": 12.2203855515,
        "min": -1.58693349361,
        "var": 2787.4230957
    },
    "melbands_skewness": {
        "dmean": 0.917369842529,
        "dmean2": 1.37464427948,
        "dvar": 1.55764567852,
        "dvar2": 3.27907085419,
        "max": 17.9330978394,
        "mean": 2.52855634689,
        "median": 1.6971218586,
        "min": -1.70950007439,
        "var": 6.21988964081
    },
    "melbands_spread": {
        "dmean": 1.82616055012,
        "dmean2": 2.9607732296,
        "dvar": 39.016078949,
        "dvar2": 88.3770523071,
        "max": 208.11706543,
        "mean": 6.4121389389,
        "median": 4.31044864655,
        "min": 0.406427651644,
        "var": 185.481781006
    },
    "pitch_salience": {
        "dmean": 0.0633291006088,
        "dmean2": 0.104872442782,
        "dvar": 0.00365313119255,
        "dvar2": 0.00968408677727,
        "max": 0.961584866047,
        "mean": 0.607681810856,
        "median": 0.615652441978,
        "min": 0.0888867154717,
        "var": 0.00922821927816
    },
    "silence_rate_20dB": {
        "dmean": 0,
        "dmean2": 0,
        "dvar": 0,
        "dvar2": 0,
        "max": 1,
        "mean": 1,
        "median": 1,
        "min": 1,
        "var": 0
    },
    "silence_rate_30dB": {
        "dmean": 0.00171969051007,
        "dmean2": 0.00343964970671,
        "dvar": 0.00171677430626,
        "dvar2": 0.00405314797536,
        "max": 1,
        "mean": 0.998436748981,
        "median": 1,
        "min": 0,
        "var": 0.0015607731184
    },
    "silence_rate_60dB": {
        "dmean": 0.0181349180639,
        "dmean2": 0.0361944958568,
        "dvar": 0.0178094487637,
        "dvar2": 0.041135083884,
        "max": 1,
        "mean": 0.0476786009967,
        "median": 0,
        "min": 0,
        "var": 0.0453998595476
    },
    "spectral_centroid": {
        "dmean": 73.2748794556,
        "dmean2": 111.759262085,
        "dvar": 46954.0195312,
        "dvar2": 89715.375,
        "max": 11907.0712891,
        "mean": 477.944335938,
        "median": 354.693237305,
        "min": 134.513076782,
        "var": 844056.3125
    },
    "spectral_complexity": {
        "dmean": 1.11951851845,
        "dmean2": 1.86139774323,
        "dvar": 1.94783115387,
        "dvar2": 4.23389530182,
        "max": 28,
        "mean": 6.68414878845,
        "median": 7,
        "min": 0,
        "var": 7.68562793732
    },
    "spectral_decrease": {
        "dmean": 2.42209363677e-09,
        "dmean2": 3.85774168166e-09,
        "dvar": 8.30532761985e-18,
        "dvar2": 2.02571717823e-17,
        "max": 2.08939900118e-17,
        "mean": -7.67299201954e-09,
        "median": -6.76588474136e-09,
        "min": -3.97755570702e-08,
        "var": 2.54821391852e-17
    },
    "spectral_energy": {
        "dmean": 0.00936936121434,
        "dmean2": 0.0148934582248,
        "dvar": 0.00012444332242,
        "dvar2": 0.000302149885101,
        "max": 0.155003190041,
        "mean": 0.0298649128526,
        "median": 0.0262993518263,
        "min": 9.98244632845e-21,
        "var": 0.00038856070023
    },
    "spectral_energyband_high": {
        "dmean": 9.09296213649e-05,
        "dmean2": 0.000125719583593,
        "dvar": 3.63105172596e-08,
        "dvar2": 7.60187575111e-08,
        "max": 0.00389589858241,
        "mean": 0.000127714025439,
        "median": 4.79335067212e-05,
        "min": 7.10602591469e-21,
        "var": 5.6445053076e-08
    },
    "spectral_energyband_low": {
        "dmean": 0.00433783512563,
        "dmean2": 0.00735793123022,
        "dvar": 4.95021085953e-05,
        "dvar2": 0.000134399233502,
        "max": 0.0672676116228,
        "mean": 0.0077118454501,
        "median": 0.0064282277599,
        "min": 1.94915270782e-23,
        "var": 5.35874933121e-05
    },
    "spectral_energyband_middle_high": {
        "dmean": 0.000264588627033,
        "dmean2": 0.000392924965126,
        "dvar": 7.16352758445e-07,
        "dvar2": 1.39431278967e-06,
        "max": 0.0284850671887,
        "mean": 0.00110687455162,
        "median": 0.000115427770652,
        "min": 1.17488303459e-21,
        "var": 6.87343526806e-06
    },
    "spectral_energyband_middle_low": {
        "dmean": 0.00700553832576,
        "dmean2": 0.011073904112,
        "dvar": 7.82064744271e-05,
        "dvar2": 0.00019110685389,
        "max": 0.146224752069,
        "mean": 0.0221933461726,
        "median": 0.0185184348375,
        "min": 1.57568983097e-22,
        "var": 0.000296550570056
    },
    "spectral_entropy": {
        "dmean": 0.332612365484,
        "dmean2": 0.452931255102,
        "dvar": 0.117506936193,
        "dvar2": 0.217723086476,
        "max": 9.81880569458,
        "mean": 6.27726507187,
        "median": 6.16983032227,
        "min": 4.33761835098,
        "var": 0.606850206852
    },
    "spectral_flux": {
        "dmean": 0.028319530189,
        "dmean2": 0.0442653223872,
        "dvar": 0.000923006096855,
        "dvar2": 0.00209405669011,
        "max": 0.274695545435,
        "mean": 0.0670066103339,
        "median": 0.0586485341191,
        "min": 6.43101683018e-11,
        "var": 0.00175294734072
    },
    "spectral_kurtosis": {
        "dmean": 5.2992682457,
        "dmean2": 7.66767024994,
        "dvar": 67.0789337158,
        "dvar2": 134.070236206,
        "max": 215.407058716,
        "mean": 13.6996479034,
        "median": 9.810754776,
        "min": -1.26905548573,
        "var": 210.513442993
    },
    "spectral_rms": {
        "dmean": 0.000849965552334,
        "dmean2": 0.00132260343526,
        "dvar": 8.66369816777e-07,
        "dvar2": 2.00634872272e-06,
        "max": 0.0122972615063,
        "mean": 0.00505136977881,
        "median": 0.0050653629005,
        "min": 3.12073262197e-12,
        "var": 3.62016544386e-06
    },
    "spectral_rolloff": {
        "dmean": 133.29598999,
        "dmean2": 234.693756104,
        "dvar": 545757,
        "dvar2": 1298956.375,
        "max": 19810.546875,
        "mean": 643.255615234,
        "median": 409.130859375,
        "min": 107.666015625,
        "var": 3267296
    },
    "spectral_skewness": {
        "dmean": 0.533691048622,
        "dmean2": 0.734909057617,
        "dvar": 0.375033438206,
        "dvar2": 0.689755141735,
        "max": 12.8422307968,
        "mean": 3.02549004555,
        "median": 2.8965086937,
        "min": -0.0861484855413,
        "var": 1.78918015957
    },
    "spectral_spread": {
        "dmean": 1041423.75,
        "dmean2": 1461583.75,
        "dvar": 1.40052135936e+12,
        "dvar2": 2.69596806349e+12,
        "max": 42704060,
        "mean": 5246304.5,
        "median": 4702194,
        "min": 447008.84375,
        "var": 1.34260740588e+13
    },
    "spectral_strongpeak": {
        "dmean": 0.346177846193,
        "dmean2": 0.598534822464,
        "dvar": 0.218032941222,
        "dvar2": 0.544712841511,
        "max": 6.94215488434,
        "mean": 0.802730023861,
        "median": 0.594743609428,
        "min": 0,
        "var": 0.572261095047
    },
    "zerocrossingrate": {
        "dmean": 0.00792135484517,
        "dmean2": 0.00989777222276,
        "dvar": 0.000164706754731,
        "dvar2": 0.000208602359635,
        "max": 0.5927734375,
        "mean": 0.0340176783502,
        "median": 0.02392578125,
        "min": 0.00244140625,
        "var": 0.00241842283867
    },
    "barkbands": {
        "dmean": [4.53753054899e-05, 0.00250471918844, 0.00182822777424, 0.00170852534939, 0.00342011358589, 0.00231407512911, 0.001109915087, 0.000652396527585, 0.000351897731889, 0.000180702365469, 4.15488175349e-05, 3.76319512725e-05, 8.29700275062e-06, 8.99601400306e-06, 4.58496015199e-06, 5.47570334675e-06, 5.34131459062e-06, 6.88754789735e-06, 8.06607567938e-06, 9.20539969229e-06, 1.37899387482e-05, 1.23326053654e-05, 1.03272768683e-05, 1.43492070492e-05, 1.83242427738e-05, 1.79368489626e-05, 4.90247794005e-06],
        "dmean2": [7.31645122869e-05, 0.00431702146307, 0.00310812541284, 0.00292307836935, 0.005669885315, 0.00349662802182, 0.00180256227031, 0.0010059295455, 0.000531082914677, 0.000277529616142, 6.53837705613e-05, 5.39263019164e-05, 1.36767439471e-05, 1.37872984851e-05, 7.32335229259e-06, 8.98371763469e-06, 8.56734277477e-06, 1.13554069685e-05, 1.24909302031e-05, 1.36999142342e-05, 1.95995144168e-05, 1.7362737708e-05, 1.50351306729e-05, 2.0569004846e-05, 2.64742775471e-05, 2.64838799922e-05, 8.58943531057e-06],
        "dvar": [6.38357988691e-09, 1.75511686393e-05, 1.14968752314e-05, 6.64750450596e-06, 2.23977804126e-05, 1.52751545102e-05, 6.97439008945e-06, 2.65812650468e-06, 1.13846613203e-06, 4.92965114063e-07, 2.98407663024e-08, 8.28031687661e-08, 1.15670695244e-09, 6.87502987873e-09, 4.60541021985e-10, 3.26101728954e-10, 1.78639991688e-10, 4.91406415559e-10, 9.83273018562e-10, 7.29565519109e-10, 1.71450165176e-09, 1.35981736982e-09, 6.47587927727e-10, 1.25465648981e-09, 1.20309695539e-09, 1.55913071342e-09, 2.83424644865e-10],
        "dvar2": [1.62840301243e-08, 4.76492350572e-05, 3.21914521919e-05, 1.96322380361e-05, 6.21518993285e-05, 3.30858601956e-05, 1.83772153832e-05, 5.686158147e-06, 2.3070235784e-06, 9.98259224616e-07, 6.46150866146e-08, 1.23759306803e-07, 2.80078626957e-09, 9.91801307748e-09, 9.06376529386e-10, 7.60234541985e-10, 4.2914227727e-10, 1.29410104854e-09, 2.65406785438e-09, 1.6219557919e-09, 3.71875996663e-09, 2.86214119072e-09, 1.39822586842e-09, 2.5748172483e-09, 2.67152522326e-09, 3.77009801156e-09, 7.86205822667e-10],
        "max": [0.00098419340793, 0.034875780344, 0.0426686406136, 0.0337894111872, 0.0963707789779, 0.0885913670063, 0.0600034967065, 0.0357761532068, 0.0274859406054, 0.0258982311934, 0.00797323416919, 0.0202808883041, 0.00197399267927, 0.00779261859134, 0.00175081938505, 0.00085597706493, 0.000347235152731, 0.00094727659598, 0.0014827423729, 0.000793430488557, 0.000871502503287, 0.000776072207373, 0.000569807656575, 0.000654795265291, 0.000620090693701, 0.00144169770647, 0.000793095678091],
        "mean": [6.54945179122e-05, 0.00349155766889, 0.00289335777052, 0.00308517506346, 0.00766447884962, 0.00564132723957, 0.00311920209788, 0.00159110338427, 0.00105925928801, 0.00078346580267, 0.000112464294943, 0.000143392084283, 1.36121097967e-05, 2.42329570028e-05, 6.57627469991e-06, 6.13899965174e-06, 7.24620167603e-06, 8.96564597497e-06, 1.24416264953e-05, 1.46313004734e-05, 2.00160811801e-05, 1.7281039618e-05, 1.42717053677e-05, 2.00337017304e-05, 2.57885749306e-05, 1.99327496375e-05, 3.40432666235e-06],
        "median": [2.64796181e-05, 0.00237895455211, 0.00185134867206, 0.00230020703748, 0.00610908074304, 0.00299137597904, 0.00107135158032, 0.000402255391236, 0.000205594187719, 4.55320841866e-05, 6.38381834506e-06, 4.51481992059e-06, 2.16925718632e-06, 1.38520567816e-06, 1.02068395336e-06, 1.1999218259e-06, 2.87557736556e-06, 2.34451545111e-06, 2.92911363431e-06, 4.52234962722e-06, 6.14779764874e-06, 4.63318610855e-06, 4.91399487146e-06, 7.55380551709e-06, 1.06991519715e-05, 4.96052507515e-06, 2.00329395739e-07],
        "min": [5.98933866211e-25, 3.26009390857e-24, 2.31986242855e-24, 1.71090677479e-24, 1.18745338797e-23, 9.57318049454e-24, 7.56009108367e-24, 6.56643242113e-24, 1.64751769898e-23, 2.05554779805e-23, 1.47098956105e-23, 1.62906545355e-23, 3.30639815044e-23, 2.98778511943e-23, 5.30831634426e-23, 5.90744168673e-23, 7.58087630635e-23, 7.35385602178e-23, 1.22147954627e-22, 1.60926602301e-22, 2.00596157927e-22, 2.85287141374e-22, 3.79493693225e-22, 5.30553766061e-22, 8.66318715743e-22, 1.28578097443e-21, 1.99936763612e-21],
        "var": [9.11354103295e-09, 1.74605356733e-05, 1.18530442705e-05, 9.5351924756e-06, 4.7070432629e-05, 5.55599290237e-05, 2.47627922363e-05, 8.32264231576e-06, 5.93478534938e-06, 4.47127058578e-06, 2.24743445187e-07, 9.55088694354e-07, 4.53849891002e-09, 8.01842219289e-08, 1.51784773639e-09, 5.79149395108e-10, 2.27258128982e-10, 5.95947624582e-10, 1.48521961396e-09, 1.26205690343e-09, 2.60551047404e-09, 2.21778062581e-09, 9.74849201363e-10, 1.79555870172e-09, 1.6577746953e-09, 1.68750879936e-09, 1.78538503426e-10]
    },
    "erbbands": {
        "dmean": [0.0571284629405, 0.637026906013, 1.92700076103, 3.68903613091, 7.98177480698, 11.5875415802, 27.6141834259, 12.4725141525, 18.1846828461, 7.81749153137, 16.3636436462, 7.57858610153, 5.71172571182, 4.48906373978, 1.54182994366, 1.56017661095, 0.453905582428, 0.464641869068, 0.254874616861, 0.254642724991, 0.303137421608, 0.310566693544, 0.369221478701, 0.379582434893, 0.425359219313, 0.447151452303, 0.502998650074, 0.558670639992, 0.436883091927, 0.359922140837, 0.284699529409, 0.308421641588, 0.232421755791, 0.189193874598, 0.138285532594, 0.0825764462352, 0.0309799034148, 0.00707566272467, 0.000938565237448, 3.72315007553e-05],
        "dmean2": [0.0920670926571, 1.11661040783, 3.31289362907, 6.28509807587, 13.3784704208, 19.2083282471, 43.8178710938, 18.9063644409, 29.7461738586, 12.1998577118, 24.9366722107, 11.560549736, 8.66719245911, 6.82145786285, 2.37580680847, 2.22210025787, 0.710028409958, 0.724453032017, 0.407496958971, 0.412804722786, 0.488919645548, 0.496660709381, 0.608577549458, 0.605064272881, 0.647165894508, 0.662660479546, 0.720721364021, 0.798750638962, 0.619770109653, 0.510734021664, 0.413142710924, 0.449733138084, 0.333676934242, 0.277406185865, 0.202843874693, 0.120085649192, 0.0462077818811, 0.0114498110488, 0.00165703508537, 6.32388764643e-05],
        "dvar": [0.0076851863414, 1.22203421593, 13.0759391785, 31.846824646, 101.82093811, 301.661682129, 2297.66796875, 573.269042969, 2023.05004883, 249.934814453, 1670.76574707, 352.542358398, 486.180847168, 265.147277832, 33.7129058838, 192.031860352, 2.89362597466, 23.9292125702, 0.804095745087, 0.810240983963, 1.14654242992, 0.585781872272, 1.21087014675, 2.56472110748, 2.3524787426, 1.65408372879, 2.33209466934, 2.88549351692, 1.75094997883, 0.897540569305, 0.491792917252, 0.524274051189, 0.347713857889, 0.160629928112, 0.0655233114958, 0.02636320889, 0.00524648837745, 0.000408980471548, 1.18117259262e-05, 9.42839140095e-09],
        "dvar2": [0.0187336616218, 3.40036916733, 36.7963142395, 90.2948226929, 298.133728027, 823.77331543, 6137.87695312, 1226.96130371, 5433.18945312, 536.294128418, 3592.30151367, 743.733642578, 1018.74731445, 538.839538574, 72.14868927, 274.779388428, 5.61784505844, 39.0367279053, 1.60449397564, 1.68416392803, 2.56552004814, 1.3962430954, 3.11478018761, 7.1294798851, 6.09404945374, 3.60377979279, 5.02057600021, 6.28568315506, 3.65645861626, 1.90789711475, 1.04908263683, 1.07457101345, 0.732211887836, 0.349743515253, 0.149612039328, 0.0618044883013, 0.012773652561, 0.00107351271436, 3.30441071128e-05, 2.58772860917e-08],
        "max": [0.853183269501, 10.2017650604, 41.6904945374, 82.286239624, 124.500785828, 337.992950439, 1136.21850586, 517.441711426, 1010.49212646, 313.120300293, 799.776000977, 367.228546143, 560.507629395, 654.658813477, 259.049407959, 1049.47290039, 89.2441177368, 417.586212158, 72.6385192871, 66.0871276855, 58.4872703552, 22.156879425, 36.0555801392, 80.7831420898, 73.689666748, 28.16248703, 39.1763572693, 38.972366333, 24.3994293213, 22.3771495819, 13.9638881683, 12.3981533051, 11.304359436, 8.8651638031, 5.09501075745, 5.72504234314, 2.50450325012, 0.854220867157, 0.169640555978, 0.00417022267357],
        "mean": [0.0840671360493, 0.85665255785, 3.01579117775, 7.0437541008, 15.4880886078, 23.9103069305, 62.001537323, 33.2796783447, 49.3225975037, 24.3084354401, 40.7676353455, 23.5261669159, 21.2897567749, 18.6070537567, 5.14597272873, 5.98528289795, 1.04280805588, 1.30200338364, 0.418963551521, 0.340159118176, 0.377383619547, 0.430244237185, 0.474932283163, 0.576336562634, 0.671970307827, 0.704114258289, 0.718361496925, 0.808183610439, 0.611135363579, 0.508904933929, 0.391168475151, 0.419619649649, 0.329674184322, 0.270934909582, 0.184157505631, 0.102807216346, 0.0328570120037, 0.00597945135087, 0.000656178453937, 5.39074317203e-05],
        "median": [0.0549267530441, 0.586047530174, 2.14003372192, 6.17700099945, 12.3386859894, 17.5359973907, 37.4268035889, 16.9673290253, 17.2269363403, 10.1426010132, 11.0681705475, 6.65873670578, 2.75641918182, 1.34417331219, 0.47063228488, 0.224956274033, 0.130872383714, 0.0812785476446, 0.0635478198528, 0.0582497417927, 0.0932503044605, 0.169875949621, 0.122053831816, 0.144836559892, 0.19665838778, 0.207780987024, 0.191632866859, 0.248672842979, 0.152741789818, 0.160122841597, 0.134645223618, 0.150203689933, 0.129787415266, 0.117483653128, 0.0714772194624, 0.0315281301737, 0.00681471638381, 0.000837332569063, 5.37460036867e-05, 3.54501171387e-05],
        "min": [1.08192841131e-22, 5.33802156429e-22, 3.30876384963e-21, 6.12983081505e-21, 1.48044294703e-20, 2.94674853728e-20, 4.1958074181e-20, 1.04344517425e-19, 6.28222414107e-20, 2.14377258654e-19, 2.05939783761e-19, 3.6521781803e-19, 4.16372192225e-19, 6.52257245404e-19, 8.81716009953e-19, 9.97053421677e-19, 1.60751519528e-18, 2.19561031532e-18, 2.55721604241e-18, 2.69281286509e-18, 3.80833871301e-18, 4.69096151971e-18, 4.42641633852e-18, 5.97923783471e-18, 4.93995032872e-18, 9.01076130831e-18, 9.82199636019e-18, 9.58841958036e-18, 1.09256794633e-17, 1.11737889793e-17, 1.28706697694e-17, 1.19163200639e-17, 9.15495874141e-18, 7.687239241e-18, 6.17756803505e-18, 4.3507322076e-18, 2.12479931219e-18, 9.07102182952e-19, 2.57123303148e-19, 2.85232974776e-20],
        "var": [0.0101074362174, 1.10634446144, 12.0010528564, 39.6366233826, 175.349227905, 575.054382324, 5630.38037109, 2107.22119141, 6465.24804688, 1356.35473633, 5026.53515625, 1728.42138672, 2681.38696289, 2430.89990234, 292.576690674, 2146.33227539, 22.3861713409, 231.964004517, 7.14826822281, 2.53658366203, 2.45018720627, 0.776504278183, 1.56563436985, 3.36151409149, 3.31976103783, 2.95841288567, 3.66839385033, 4.35957479477, 2.97144198418, 1.44470381737, 0.73820400238, 0.767222642899, 0.477747738361, 0.21794603765, 0.0850235819817, 0.0326278582215, 0.00546055473387, 0.000313177646603, 7.27659380573e-06, 6.76203359973e-09]
    },
    "gfcc": {
        "mean": [-92.2130126953, 118.18560791, -24.5919895172, 25.3198986053, -81.6163406372, -5.12937355042, -37.4056091309, 11.8930568695, -30.3436698914, -2.13637399673, -19.3687610626, 0.30789232254, -6.49220943451],
        "cov": [[13901.4121094, 569.627258301, -683.128723145, -230.270187378, -1100.58776855, 46.3157920837, -276.702575684, 245.177047729, -303.746643066, 117.697158813, -174.512741089, 161.787445068, -115.044075012], [569.627258301, 1582.92407227, 2.56035518646, -391.893310547, -206.954742432, -154.242538452, 124.753799438, -68.9677124023, 135.379974365, -42.5107841492, 146.94468689, -92.7811965942, 123.334587097], [-683.128723145, 2.56035518646, 716.734130859, 188.460296631, 170.960266113, -30.2504081726, 5.39803791046, 45.7145614624, 19.5942993164, 0.433255851269, -42.6936988831, -13.6835479736, -29.2792739868], [-230.270187378, -391.893310547, 188.460296631, 920.774536133, 449.279418945, 153.087402344, -88.406791687, -18.3938217163, 18.7804813385, -5.58276367188, -67.9239883423, -75.1594390869, -78.0856552124], [-1100.58776855, -206.954742432, 170.960266113, 449.279418945, 598.649780273, 227.414840698, 40.1426696777, -106.979820251, 15.0467433929, -12.2489442825, -7.77569055557, -39.6919670105, -41.9409599304], [46.3157920837, -154.242538452, -30.2504081726, 153.087402344, 227.414840698, 289.702056885, 86.9865341187, -18.3938503265, -77.3915786743, -24.5432434082, -24.7294101715, 16.5493946075, -16.2117443085], [-276.702575684, 124.753799438, 5.39803791046, -88.406791687, 40.1426696777, 86.9865341187, 184.115539551, 49.6911201477, 5.6509718895, -52.0713768005, -0.255777657032, 6.60767841339, 24.7343025208], [245.177047729, -68.9677124023, 45.7145614624, -18.3938217163, -106.979820251, -18.3938503265, 49.6911201477, 174.230163574, 26.0697040558, 0.76048386097, -48.1847801208, 7.04044151306, -12.8689041138], [-303.746643066, 135.379974365, 19.5942993164, 18.7804813385, 15.0467433929, -77.3915786743, 5.6509718895, 26.0697040558, 161.442886353, 62.244392395, 22.1675548553, -59.9308891296, -16.0796813965], [117.697158813, -42.5107841492, 0.433255851269, -5.58276367188, -12.2489442825, -24.5432434082, -52.0713768005, 0.76048386097, 62.244392395, 114.470161438, 35.5302124023, -16.7300033569, -44.7921676636], [-174.512741089, 146.94468689, -42.6936988831, -67.9239883423, -7.77569055557, -24.7294101715, -0.255777657032, -48.1847801208, 22.1675548553, 35.5302124023, 94.6180953979, 18.6685295105, 16.9294834137], [161.787445068, -92.7811965942, -13.6835479736, -75.1594390869, -39.6919670105, 16.5493946075, 6.60767841339, 7.04044151306, -59.9308891296, -16.7300033569, 18.6685295105, 100.62802124, 42.0430183411], [-115.044075012, 123.334587097, -29.2792739868, -78.0856552124, -41.9409599304, -16.2117443085, 24.7343025208, -12.8689041138, -16.0796813965, -44.7921676636, 16.9294834137, 42.0430183411, 89.5791473389]],
        "icov": [[0.000153816814418, -0.000305610272335, 0.000167898149812, -0.000204016338103, 0.000326058536302, -0.000177692811121, 0.00013697630493, 3.22306732414e-05, 0.000235803541727, -0.000515987747349, 0.000887024449185, -0.00087726971833, 0.000611080962699], [-0.000305610272335, 0.00209387531504, -0.000821719353553, 0.000749805301894, 0.000135501337354, -0.000244892347837, -0.000482466100948, 0.000267523428192, -0.00139866408426, 0.00256995437667, -0.00459003588185, 0.00467244489118, -0.00299109891057], [0.000167898149812, -0.000821719353553, 0.0021992942784, -0.000482048344566, -0.00108391209505, 0.0016446840018, -0.000517620472237, -0.000831760815345, 0.00160072394647, -0.00207731500268, 0.00275575229898, -0.00208460679278, 0.00116542959586], [-0.000204016338103, 0.000749805301894, -0.000482048344566, 0.00296997954138, -0.00218452187255, -0.000959453813266, 0.00297326548025, -0.00193515350111, -0.00117083860096, 0.00305040902458, -0.0023514314089, 0.00298951566219, -0.000801987713203], [0.000326058536302, 0.000135501337354, -0.00108391209505, -0.00218452187255, 0.00702037522569, -0.00441912375391, -0.00107565394137, 0.00473855109885, -0.00371828489006, 0.00136681261938, 0.000504952855408, -0.00198046257719, 0.00228867866099], [-0.000177692811121, -0.000244892347837, 0.0016446840018, -0.000959453813266, -0.00441912375391, 0.0114734387025, -0.00719654140994, 5.69747498957e-06, 0.00795492809266, -0.00714180665091, 0.00377358635888, -0.000375200470444, -0.000874767370988], [0.00013697630493, -0.000482466100948, -0.000517620472237, 0.00297326548025, -0.00107565394137, -0.00719654140994, 0.0157654955983, -0.00651625171304, -0.00542700663209, 0.0105639901012, -0.00538450200111, 0.000702121469658, 0.00116372993216], [3.22306732414e-05, 0.000267523428192, -0.000831760815345, -0.00193515350111, 0.00473855109885, 5.69747498957e-06, -0.00651625171304, 0.0138084879145, -0.00422829482704, -0.00233197212219, 0.00772784557194, -0.00561232492328, 0.00296548590995], [0.000235803541727, -0.00139866408426, 0.00160072394647, -0.00117083860096, -0.00371828489006, 0.00795492809266, -0.00542700663209, -0.00422829482704, 0.0200743209571, -0.0146036446095, 0.00244384841062, 0.00671059172601, -0.00498931435868], [-0.000515987747349, 0.00256995437667, -0.00207731500268, 0.00305040902458, 0.00136681261938, -0.00714180665091, 0.0105639901012, -0.00233197212219, -0.0146036446095, 0.0306632574648, -0.0166941396892, 0.0022465873044, 0.00868626777083], [0.000887024449185, -0.00459003588185, 0.00275575229898, -0.0023514314089, 0.000504952855408, 0.00377358635888, -0.00538450200111, 0.00772784557194, 0.00244384841062, -0.0166941396892, 0.032137285918, -0.0164122693241, 0.00354657554999], [-0.00087726971833, 0.00467244489118, -0.00208460679278, 0.00298951566219, -0.00198046257719, -0.000375200470444, 0.000702121469658, -0.00561232492328, 0.00671059172601, 0.0022465873044, -0.0164122693241, 0.0318035371602, -0.0171274710447], [0.000611080962699, -0.00299109891057, 0.00116542959586, -0.000801987713203, 0.00228867866099, -0.000874767370988, 0.00116372993216, 0.00296548590995, -0.00498931435868, 0.00868626777083, 0.00354657554999, -0.0171274710447, 0.0275822207332]]
    },
    "melbands": {
        "dmean": [0.000608485424891, 0.000931530608796, 0.000744215387385, 0.000667501415592, 0.00085382378893, 0.000314008852001, 0.000256023020484, 9.19206504477e-05, 0.00012357790547, 4.42173186457e-05, 2.95224763249e-05, 2.07369885175e-05, 5.51376797375e-06, 4.45904788648e-06, 2.43850558945e-06, 8.29386976875e-07, 8.37451182178e-07, 4.31462467532e-07, 3.78793316713e-07, 3.48050377852e-07, 3.64027300748e-07, 3.42963119238e-07, 3.23079689224e-07, 3.42207840731e-07, 3.18274459232e-07, 3.23274406355e-07, 3.29719171077e-07, 2.98173148394e-07, 2.89481988602e-07, 3.73040364821e-07, 3.28269578631e-07, 2.62016783381e-07, 2.29965493759e-07, 1.96607729208e-07, 1.6604690245e-07, 1.76246828687e-07, 1.99666814638e-07, 1.63288703448e-07, 1.61506790164e-07, 1.62037665064e-07],
        "dmean2": [0.00102581619285, 0.00160927441902, 0.0012631167192, 0.00110599037725, 0.00136537745129, 0.000470381171908, 0.000419310468715, 0.000141778407851, 0.00018724927213, 6.7907232733e-05, 4.476932736e-05, 3.14886092383e-05, 8.66269601829e-06, 6.46051603326e-06, 3.62235869034e-06, 1.32042600853e-06, 1.32074706016e-06, 7.01169653894e-07, 6.00431633302e-07, 5.85512339057e-07, 5.86846056194e-07, 5.52705557766e-07, 5.34607352165e-07, 5.66650157907e-07, 5.17263629263e-07, 5.07173751885e-07, 5.06977357873e-07, 4.50442911415e-07, 4.25737852083e-07, 5.52639960461e-07, 4.80725930174e-07, 3.8197472918e-07, 3.33157800014e-07, 2.89119554964e-07, 2.46522802172e-07, 2.60904357674e-07, 2.97829927831e-07, 2.37956811588e-07, 2.38831091792e-07, 2.40833941234e-07],
        "dvar": [9.48336094098e-07, 2.87466764348e-06, 1.12196107693e-06, 7.2584219879e-07, 2.11959718399e-06, 3.26521899296e-07, 3.88253482697e-07, 3.51658933084e-08, 8.94309337696e-08, 1.56831081455e-08, 1.33508937239e-08, 5.99459282213e-09, 5.2351156743e-10, 1.09086351063e-09, 2.78345207994e-10, 4.29495328191e-11, 7.09734701565e-11, 2.46038866364e-12, 4.80788325818e-12, 9.8108869119e-13, 1.84710623533e-12, 6.32897055076e-13, 8.67148583841e-13, 1.31290280297e-12, 1.8367334563e-12, 1.58355696177e-12, 9.97730544017e-13, 7.34324005682e-13, 8.49902450934e-13, 1.13314089015e-12, 1.0996604018e-12, 6.87823170815e-13, 4.53362553662e-13, 2.52818111498e-13, 1.70424452003e-13, 1.90462432609e-13, 2.15575712663e-13, 1.91421070618e-13, 1.41611332036e-13, 1.18899885055e-13],
        "dvar2": [2.49215304393e-06, 8.04988212622e-06, 3.24810662278e-06, 1.9611359221e-06, 5.8019950302e-06, 6.91499053573e-07, 1.0523376659e-06, 7.39671790484e-08, 1.91021271689e-07, 3.33072414094e-08, 2.77972453944e-08, 1.20857261976e-08, 1.12544606967e-09, 1.7284881304e-09, 4.13691941814e-10, 7.25719623285e-11, 1.16879853018e-10, 4.81947945094e-12, 8.77498507884e-12, 2.54774066427e-12, 4.01869379787e-12, 1.54841894515e-12, 2.16328517599e-12, 3.53513984579e-12, 5.15745259e-12, 4.28031915467e-12, 2.40758476523e-12, 1.6366971797e-12, 1.90262259073e-12, 2.49063031484e-12, 2.499373538e-12, 1.47329576924e-12, 1.00319687453e-12, 5.56703500573e-13, 3.74521756923e-13, 4.11242193727e-13, 4.51533423282e-13, 4.16574083171e-13, 3.01143712831e-13, 2.69366397677e-13],
        "max": [0.00857671257108, 0.0173226520419, 0.0143097965047, 0.0119328182191, 0.0309522729367, 0.010791384615, 0.0133334491402, 0.00371101358905, 0.00579130835831, 0.00291399657726, 0.00318097346462, 0.00289246742614, 0.00121316697914, 0.00213899021037, 0.00125255878083, 0.000533780257683, 0.000717521994375, 0.00011788118718, 0.000191514132894, 2.50184566539e-05, 8.10832789284e-05, 2.45677529165e-05, 2.05614687729e-05, 5.07046861458e-05, 6.6562955908e-05, 5.71659220441e-05, 4.31633525295e-05, 1.63196127687e-05, 2.20719812205e-05, 2.51408146141e-05, 2.64681402768e-05, 1.60594063345e-05, 1.6878493625e-05, 1.07916575871e-05, 7.46047498978e-06, 1.07653777377e-05, 7.36080755814e-06, 8.51011736813e-06, 7.45250054024e-06, 8.2543838289e-06],
        "mean": [0.000866349728312, 0.00145595567301, 0.00150681938976, 0.00134105258621, 0.00194716383703, 0.000831682467833, 0.000696133996826, 0.000262981688138, 0.000321634404827, 0.000133121604449, 0.000111354849651, 8.85392000782e-05, 1.69991290022e-05, 1.70158909896e-05, 6.99415522831e-06, 1.97595818463e-06, 2.23533629651e-06, 6.26165103768e-07, 5.83610528793e-07, 3.57977796739e-07, 4.55605487559e-07, 4.6445990165e-07, 3.78532917011e-07, 4.46081827477e-07, 4.65666886384e-07, 4.73217710351e-07, 5.16276259077e-07, 4.40970438831e-07, 3.92647905301e-07, 5.26253245425e-07, 4.51730983286e-07, 3.49901114305e-07, 3.15727533007e-07, 2.69320338475e-07, 2.22106947945e-07, 2.31501218195e-07, 2.66831222007e-07, 2.23888932283e-07, 2.29096798421e-07, 2.26937942216e-07],
        "median": [0.000587804301176, 0.0010878269095, 0.00134038983379, 0.00106632476673, 0.00127862987574, 0.000429453706602, 0.0002565983159, 9.29004672798e-05, 8.65195543156e-05, 2.92221193376e-05, 9.68166477833e-06, 4.88894147566e-06, 1.11282759008e-06, 5.37427126801e-07, 3.50705334995e-07, 1.81263999366e-07, 1.31148567561e-07, 9.60515791348e-08, 7.19476247468e-08, 7.48693409491e-08, 1.09677806392e-07, 1.97608926555e-07, 8.18466503461e-08, 1.21881356563e-07, 1.12342704028e-07, 1.07923369796e-07, 1.73813333504e-07, 1.15894366104e-07, 8.51260892887e-08, 1.64704573535e-07, 1.22076770026e-07, 7.51424380496e-08, 8.97400198596e-08, 8.17938428099e-08, 7.31219245154e-08, 7.81670195238e-08, 9.20087757095e-08, 8.08901745586e-08, 9.31449477548e-08, 9.78398730922e-08],
        "min": [1.82437159702e-24, 1.40866241035e-24, 1.23174644868e-24, 2.01950521661e-24, 2.07611348074e-24, 2.11087641146e-24, 9.78830838542e-25, 2.10107915345e-24, 1.30767608575e-24, 2.33125752433e-24, 1.54620947968e-24, 2.29779522802e-24, 2.56054231301e-24, 1.68331774514e-24, 2.46355758396e-24, 3.36258311181e-24, 3.56273526726e-24, 2.70208762524e-24, 4.0319576223e-24, 2.38627702259e-24, 3.62082816761e-24, 4.15165464289e-24, 3.69552540673e-24, 4.21394862199e-24, 4.58371573283e-24, 3.94318039932e-24, 2.54881372629e-24, 5.26717772137e-24, 4.8416598382e-24, 4.02636933164e-24, 4.24130197945e-24, 6.36808320727e-24, 4.30943865685e-24, 4.94221436007e-24, 6.65281821228e-24, 5.77431667581e-24, 6.67640278676e-24, 5.92728193293e-24, 4.87624428915e-24, 5.71754551191e-24],
        "var": [1.04403875412e-06, 2.62697176368e-06, 1.56428484388e-06, 1.34756453463e-06, 4.90824368171e-06, 1.25928602301e-06, 1.22286019177e-06, 1.64466428032e-07, 3.0060402878e-07, 7.32832603489e-08, 7.83693749895e-08, 5.57900428078e-08, 4.81989870238e-09, 1.24435253213e-08, 2.92782309508e-09, 3.86171233879e-10, 6.84621914715e-10, 1.39315208675e-11, 1.79922500509e-11, 9.25478769141e-13, 4.25325530004e-12, 8.04715072789e-13, 1.03309082209e-12, 1.49243670807e-12, 2.38718441715e-12, 2.18067881461e-12, 1.45025040154e-12, 1.27233900499e-12, 1.29014041204e-12, 1.63834397438e-12, 1.54200133565e-12, 1.10509604939e-12, 6.72078386867e-13, 3.88510377298e-13, 2.4757672583e-13, 2.60928241904e-13, 3.05789979926e-13, 2.50592705224e-13, 1.92729350274e-13, 1.52298285745e-13]
    },
    "mfcc": {
        "mean": [-761.809509277, 155.552597046, 85.7674331665, 35.2167358398, -6.73014736176, -14.365737915, -3.42858624458, -1.41274881363, 0.441704422235, -4.49236822128, -5.59118127823, -3.62960982323, -5.21646213531],
        "cov": [[6318.73730469, 226.778594971, -133.262374878, -393.039154053, -529.795837402, -219.793869019, -81.5844039917, 6.61209154129, -21.0037670135, -12.7742328644, 5.74941635132, 1.00050806999, 3.60020303726], [226.778594971, 1730.35925293, 252.135009766, -271.376647949, -319.391571045, -205.692382812, -80.4449386597, -82.1676712036, -2.93386316299, 19.6305751801, -4.33840322495, 26.3076782227, 38.8458251953], [-133.262374878, 252.135009766, 542.669494629, 171.34866333, 21.6498565674, -106.451210022, -22.9269561768, 6.35707616806, 39.2963638306, 15.5451221466, 13.261721611, 3.89217829704, -6.07938909531], [-393.039154053, -271.376647949, 171.34866333, 533.353088379, 352.054199219, 152.342575073, 19.7173061371, 30.3962306976, 27.7569999695, 39.9811897278, 46.184677124, 20.500295639, -9.06477928162], [-529.795837402, -319.391571045, 21.6498565674, 352.054199219, 462.73614502, 314.270782471, 108.720832825, 27.9092178345, 3.03905844688, 9.61204528809, 29.5677452087, 19.7036495209, -0.989415764809], [-219.793869019, -205.692382812, -106.451210022, 152.342575073, 314.270782471, 387.977355957, 174.912094116, 54.2502822876, -6.95875024796, -13.9298467636, 1.23526024818, 3.63873767853, 1.88201093674], [-81.5844039917, -80.4449386597, -22.9269561768, 19.7173061371, 108.720832825, 174.912094116, 207.950317383, 123.817985535, 27.6751060486, -33.104259491, -37.8812332153, -25.9725952148, -8.07399940491], [6.61209154129, -82.1676712036, 6.35707616806, 30.3962306976, 27.9092178345, 54.2502822876, 123.817985535, 168.015594482, 83.7265319824, -7.52246761322, -39.2238922119, -42.6411705017, -21.2279033661], [-21.0037670135, -2.93386316299, 39.2963638306, 27.7569999695, 3.03905844688, -6.95875024796, 27.6751060486, 83.7265319824, 113.602371216, 53.6272583008, 3.3443646431, -19.392791748, -21.9555149078], [-12.7742328644, 19.6305751801, 15.5451221466, 39.9811897278, 9.61204528809, -13.9298467636, -33.104259491, -7.52246761322, 53.6272583008, 103.913162231, 69.1293945312, 22.4607028961, -7.38599252701], [5.74941635132, -4.33840322495, 13.261721611, 46.184677124, 29.5677452087, 1.23526024818, -37.8812332153, -39.2238922119, 3.3443646431, 69.1293945312, 106.845748901, 63.3309249878, 11.5832519531], [1.00050806999, 26.3076782227, 3.89217829704, 20.500295639, 19.7036495209, 3.63873767853, -25.9725952148, -42.6411705017, -19.392791748, 22.4607028961, 63.3309249878, 87.3480300903, 43.8800888062], [3.60020303726, 38.8458251953, -6.07938909531, -9.06477928162, -0.989415764809, 1.88201093674, -8.07399940491, -21.2279033661, -21.9555149078, -7.38599252701, 11.5832519531, 43.8800888062, 66.4691543579]],
