{
"lowlevel": {
    "average_loudness": 0.881020367146,
    "barkbands_crest": {
        "dmean": 1.68149137497,
        "dmean2": 2.77186441422,
        "dvar": 2.90743708611,
        "dvar2": 7.32726144791,
        "max": 24.9958724976,
        "mean": 9.73759460449,
        "median": 9.09965896606,
        "min": 2.80473446846,
        "var": 9.58513069153
    },
    "barkbands_flatness_db": {
        "dmean": 0.0419445969164,
        "dmean2": 0.0516968816519,
        "dvar": 0.00207512523048,
        "dvar2": 0.00349635118619,
        "max": 0.617694079876,
        "mean": 0.280328392982,
        "median": 0.271164536476,
        "min": 0.0246760621667,
        "var": 0.0140327820554
    },
    "barkbands_kurtosis": {
        "dmean": 5.20291948318,
        "dmean2": 7.74140787125,
        "dvar": 114.920555115,
        "dvar2": 248.434432983,
        "max": 247.790664673,
        "mean": 8.75465583801,
        "median": 3.47163105011,
        "min": -1.79397177696,
        "var": 260.557830811
    },
    "barkbands_skewness": {
        "dmean": 0.635398328304,
        "dmean2": 0.935526847839,
        "dvar": 0.675314307213,
        "dvar2": 1.36785149574,
        "max": 12.196182251,
        "mean": 1.47461593151,
        "median": 1.17459380627,
        "min": -4.46979808807,
        "var": 2.4062936306
    },
    "barkbands_spread": {
        "dmean": 2.80657935143,
        "dmean2": 4.11631774902,
        "dvar": 28.9476299286,
        "dvar2": 52.9959220886,
        "max": 108.718696594,
        "mean": 8.7719707489,
        "median": 5.73220491409,
        "min": 0.282428354025,
        "var": 107.30657959
    },
    "dissonance": {
        "dmean": 0.0490769296885,
        "dmean2": 0.0768305882812,
        "dvar": 0.00226816092618,
        "dvar2": 0.00537040224299,
        "max": 0.500000119209,
        "mean": 0.349086076021,
        "median": 0.362177252769,
        "min": 0.03130742535,
        "var": 0.00882934592664
    },
    "dynamic_complexity": 2.97458863258,
    "erbbands_crest": {
        "dmean": 2.36902523041,
        "dmean2": 3.9451239109,
        "dvar": 6.39837026596,
        "dvar2": 17.0337104797,
        "max": 33.0676612854,
        "mean": 11.7117919922,
        "median": 10.8935022354,
        "min": 2.3578453064,
        "var": 20.5941562653
    },
    "erbbands_flatness_db": {
        "dmean": 0.0376178659499,
        "dmean2": 0.0474310740829,
        "dvar": 0.00174891145434,
        "dvar2": 0.00299425702542,
        "max": 0.576624631882,
        "mean": 0.256434381008,
        "median": 0.249823257327,
        "min": 0.0380897112191,
        "var": 0.0113590806723
    },
    "erbbands_kurtosis": {
        "dmean": 3.95040225983,
        "dmean2": 5.96808338165,
        "dvar": 55.6916122437,
        "dvar2": 123.487312317,
        "max": 215.324798584,
        "mean": 6.78379106522,
        "median": 2.73426961899,
        "min": -1.75518035889,
        "var": 141.744949341
    },
    "erbbands_skewness": {
        "dmean": 0.590098917484,
        "dmean2": 0.875422596931,
        "dvar": 0.494994699955,
        "dvar2": 1.03332149982,
        "max": 12.5809421539,
        "mean": 1.22948360443,
        "median": 0.967274188995,
        "min": -3.1194562912,
        "var": 2.03055214882
    },
    "erbbands_spread": {
        "dmean": 6.35468912125,
        "dmean2": 9.30999851227,
        "dvar": 123.670471191,
        "dvar2": 243.110839844,
        "max": 159.08555603,
        "mean": 19.7416286469,
        "median": 12.7655124664,
        "min": 0.337239265442,
        "var": 457.644866943
    },
    "hfc": {
        "dmean": 3.81314373016,
        "dmean2": 5.67181301117,
        "dvar": 33.6052589417,
        "dvar2": 72.0441360474,
        "max": 136.850524902,
        "mean": 11.6702451706,
        "median": 9.46717643738,
        "min": 1.05394145722e-16,
        "var": 96.5023574829
    },
    "melbands_crest": {
        "dmean": 2.13088679314,
        "dmean2": 3.51855969429,
        "dvar": 5.0100274086,
        "dvar2": 12.4477853775,
        "max": 31.9078426361,
        "mean": 13.12155056,
        "median": 12.0630998611,
        "min": 1.53000509739,
        "var": 25.1066360474
    },
    "melbands_flatness_db": {
        "dmean": 0.0471736639738,
        "dmean2": 0.0573788844049,
        "dvar": 0.00276159704663,
        "dvar2": 0.00474411714822,
        "max": 0.774617254734,
        "mean": 0.385468512774,
        "median": 0.374972343445,
        "min": 0.00338160642423,
        "var": 0.0206227339804
    },
    "melbands_kurtosis": {
        "dmean": 8.75171470642,
        "dmean2": 12.8999481201,
        "dvar": 496.880462646,
        "dvar2": 918.946044922,
        "max": 525.784301758,
        "mean": 14.8501310349,
        "median": 4.32174682617,
        "min": -1.81181836128,
        "var": 1154.74719238
    },
    "melbands_skewness": {
        "dmean": 0.67653554678,
        "dmean2": 1.00199449062,
        "dvar": 1.05095493793,
        "dvar2": 2.02607917786,
        "max": 17.7710113525,
        "mean": 1.88191366196,
        "median": 1.4324889183,
        "min": -2.41440224648,
        "var": 3.40990495682
    },
    "melbands_spread": {
        "dmean": 2.49289274216,
        "dmean2": 3.8380253315,
        "dvar": 22.9862651825,
        "dvar2": 50.8799781799,
        "max": 165.245101929,
        "mean": 9.74636650085,
        "median": 6.48945617676,
        "min": 0.307302892208,
        "var": 242.696807861
    },
    "pitch_salience": {
        "dmean": 0.0575172528625,
        "dmean2": 0.0955166444182,
        "dvar": 0.00280650914647,
        "dvar2": 0.00719102472067,
        "max": 0.845438420773,
        "mean": 0.560540258884,
        "median": 0.564093768597,
        "min": 0.0448166765273,
        "var": 0.010554744862
    },
    "silence_rate_20dB": {
        "dmean": 0,
        "dmean2": 0,
        "dvar": 0,
        "dvar2": 0,
        "max": 1,
        "mean": 1,
        "median": 1,
        "min": 1,
        "var": 0
    },
    "silence_rate_30dB": {
        "dmean": 0.00307503086515,
        "dmean2": 0.0061505343765,
        "dvar": 0.00306512601674,
        "dvar2": 0.00734309013933,
        "max": 1,
        "mean": 0.997155785561,
        "median": 1,
        "min": 0,
        "var": 0.0028357852716
    },
    "silence_rate_60dB": {
        "dmean": 0.00691881915554,
        "dmean2": 0.0137618202716,
        "dvar": 0.00687027024105,
        "dvar2": 0.0166446920484,
        "max": 1,
        "mean": 0.0402798056602,
        "median": 0,
        "min": 0,
        "var": 0.038658414036
    },
    "spectral_centroid": {
        "dmean": 93.6161499023,
        "dmean2": 136.486251831,
        "dvar": 42038.4453125,
        "dvar2": 79732.515625,
        "max": 11688.625,
        "mean": 583.428833008,
        "median": 403.8722229,
        "min": 122.499725342,
        "var": 912116.3125
    },
    "spectral_complexity": {
        "dmean": 1.48877608776,
        "dmean2": 2.26331973076,
        "dvar": 4.43369150162,
        "dvar2": 8.71685791016,
        "max": 34,
        "mean": 8.09239768982,
        "median": 7,
        "min": 0,
        "var": 16.6180667877
    },
    "spectral_decrease": {
        "dmean": 1.88309057236e-09,
        "dmean2": 2.94248270194e-09,
        "dvar": 5.6862823082e-18,
        "dvar2": 1.27507409883e-17,
        "max": 5.30964323522e-17,
        "mean": -7.91491050478e-09,
        "median": -7.03425540038e-09,
        "min": -4.49795614088e-08,
        "var": 2.7027841965e-17
    },
    "spectral_energy": {
        "dmean": 0.00739425653592,
        "dmean2": 0.0115331131965,
        "dvar": 8.79671424627e-05,
        "dvar2": 0.000196489112568,
        "max": 0.182175770402,
        "mean": 0.0309310741723,
        "median": 0.0273984279484,
        "min": 9.72538137384e-21,
        "var": 0.000413002708228
    },
    "spectral_energyband_high": {
        "dmean": 0.000115976399684,
        "dmean2": 0.000165143079357,
        "dvar": 7.63687353356e-08,
        "dvar2": 1.62821507388e-07,
        "max": 0.00363093661144,
        "mean": 0.000168509388459,
        "median": 1.9603085093e-05,
        "min": 7.03141567747e-21,
        "var": 1.3877009053e-07
    },
    "spectral_energyband_low": {
        "dmean": 0.00186992471572,
        "dmean2": 0.00300180050544,
        "dvar": 1.36873159136e-05,
        "dvar2": 2.9836766771e-05,
        "max": 0.0468407869339,
        "mean": 0.0099631510675,
        "median": 0.00765776727349,
        "min": 1.54817707628e-23,
        "var": 5.76548809477e-05
    },
    "spectral_energyband_middle_high": {
        "dmean": 0.000942561193369,
        "dmean2": 0.00138550391421,
        "dvar": 7.87486351328e-06,
        "dvar2": 1.70941457327e-05,
        "max": 0.0826291888952,
        "mean": 0.00164556887466,
        "median": 0.000391361652873,
        "min": 1.1705281185e-21,
        "var": 1.50200248754e-05
    },
    "spectral_energyband_middle_low": {
        "dmean": 0.00617345934734,
        "dmean2": 0.00978608522564,
        "dvar": 6.87617721269e-05,
        "dvar2": 0.000162804528372,
        "max": 0.164444297552,
        "mean": 0.0212545227259,
        "median": 0.0172421950847,
        "min": 1.55526981934e-22,
        "var": 0.000288195937173
    },
    "spectral_entropy": {
        "dmean": 0.38997399807,
        "dmean2": 0.503326177597,
        "dvar": 0.205486059189,
        "dvar2": 0.3539711833,
        "max": 9.82524013519,
        "mean": 6.18847703934,
        "median": 6.11268758774,
        "min": 3.05698204041,
        "var": 1.17459666729
    },
    "spectral_flux": {
        "dmean": 0.0237100403756,
        "dmean2": 0.0363018102944,
        "dvar": 0.000752183783334,
        "dvar2": 0.00179627747275,
        "max": 0.351451605558,
        "mean": 0.056000109762,
        "median": 0.0473684817553,
        "min": 6.354979043e-11,
        "var": 0.00149030273315
    },
    "spectral_kurtosis": {
        "dmean": 22.1574001312,
        "dmean2": 33.5108070374,
        "dvar": 1603.5645752,
        "dvar2": 3993.48413086,
        "max": 785.376831055,
        "mean": 49.6412467957,
        "median": 14.8327236176,
        "min": -1.25465250015,
        "var": 6911.72558594
    },
    "spectral_rms": {
        "dmean": 0.000633519666735,
        "dmean2": 0.000974041467998,
        "dvar": 5.35134915935e-07,
        "dvar2": 1.12227257887e-06,
        "max": 0.0133316339925,
        "mean": 0.00514815421775,
        "median": 0.00517012318596,
        "min": 3.08028841149e-12,
        "var": 3.67313737115e-06
    },
    "spectral_rolloff": {
        "dmean": 151.836074829,
        "dmean2": 252.274291992,
        "dvar": 353311.90625,
        "dvar2": 702555,
        "max": 19832.0800781,
        "mean": 916.393493652,
        "median": 473.73046875,
        "min": 43.06640625,
        "var": 6171108.5
    },
    "spectral_skewness": {
        "dmean": 1.15961432457,
        "dmean2": 1.64672791958,
        "dvar": 2.34634447098,
        "dvar2": 4.86494159698,
        "max": 23.6461734772,
        "mean": 4.57004308701,
        "median": 3.25493502617,
        "min": -0.0615606456995,
        "var": 13.4273071289
    },
    "spectral_spread": {
        "dmean": 1045723.1875,
        "dmean2": 1396020.25,
        "dvar": 1.74465640038e+12,
        "dvar2": 3.05628971008e+12,
        "max": 42433884,
        "mean": 4070489.25,
        "median": 3100056.5,
        "min": 137928.734375,
        "var": 1.71680475382e+13
    },
    "spectral_strongpeak": {
        "dmean": 0.362293362617,
        "dmean2": 0.623865365982,
        "dvar": 0.410926610231,
        "dvar2": 0.928923130035,
        "max": 16.2101707458,
        "mean": 0.878631055355,
        "median": 0.659869730473,
        "min": 0,
        "var": 0.856614232063
    },
    "zerocrossingrate": {
        "dmean": 0.00742188980803,
        "dmean2": 0.00880501698703,
        "dvar": 0.000130617409013,
        "dvar2": 0.000150753214257,
        "max": 0.62060546875,
        "mean": 0.0392804965377,
        "median": 0.0224609375,
        "min": 0.001953125,
        "var": 0.00506795058027
    },
    "barkbands": {
        "dmean": [0.000215463311179, 0.000986577710137, 0.000674835639074, 0.000632033217698, 0.00174007029273, 0.0029938898515, 0.0016770765651, 0.000547915347852, 0.000575173588004, 0.000391073466744, 0.000189478159882, 0.000430471642176, 5.12240330863e-05, 6.79679797031e-05, 3.0018556572e-05, 1.67387461261e-05, 1.14393324111e-05, 1.20565318866e-05, 1.10332721306e-05, 1.51396197907e-05, 1.95574266399e-05, 1.57308113558e-05, 1.34990632432e-05, 1.31058186525e-05, 2.61135137407e-05, 2.34229992202e-05, 4.64269942313e-06],
        "dmean2": [0.000365350075299, 0.0015944376355, 0.00107814185321, 0.00105011556298, 0.00266290456057, 0.00509313493967, 0.00287513411604, 0.000752076331992, 0.000764424796216, 0.000478809583001, 0.000279860949377, 0.000706368882675, 8.57498016558e-05, 9.89550462691e-05, 4.6725388529e-05, 2.48353953793e-05, 1.71496485564e-05, 1.85327589861e-05, 1.68114074768e-05, 2.3848402634e-05, 2.89241907012e-05, 2.2583963073e-05, 1.9694067305e-05, 1.91501858353e-05, 4.02790028602e-05, 3.59525947715e-05, 7.89389923739e-06],
        "dvar": [3.96988411921e-07, 5.49539527128e-06, 1.61101161211e-06, 1.04689866021e-06, 5.93550566919e-06, 2.1381132683e-05, 1.33048242787e-05, 1.24545044855e-06, 1.50988444148e-06, 7.00391683495e-06, 3.4344998312e-07, 2.51664891948e-06, 3.28195852717e-08, 8.85696238129e-07, 8.2850171168e-09, 1.58744706269e-09, 8.29382951206e-10, 7.65040808481e-10, 6.4056643323e-10, 1.62308100293e-09, 1.95601468356e-09, 1.07440922825e-09, 8.64025406777e-10, 1.10033482326e-09, 5.25465715384e-09, 4.80645567791e-09, 3.18225168439e-10],
        "dvar2": [1.02281762793e-06, 1.29368900161e-05, 3.39540724781e-06, 2.59475336861e-06, 1.35069985845e-05, 5.61264132557e-05, 4.03700323659e-05, 2.35663424064e-06, 2.47048205892e-06, 1.14174436021e-05, 6.29918247341e-07, 6.16770239503e-06, 8.14419323092e-08, 1.67820371644e-06, 1.90983602266e-08, 2.98469693405e-09, 1.91157778495e-09, 1.84127835201e-09, 1.50367462926e-09, 4.10462730471e-09, 4.32714886145e-09, 2.19917128952e-09, 1.81272019617e-09, 2.33320252008e-09, 1.1924071508e-08, 1.10993845226e-08, 8.46228864759e-10],
        "max": [0.0120008159429, 0.0363016203046, 0.0151067711413, 0.0162983052433, 0.0724179595709, 0.0788651108742, 0.0646473541856, 0.0367933772504, 0.0316500850022, 0.151572644711, 0.0447805598378, 0.0659943595529, 0.00780768413097, 0.066915512085, 0.00319710001349, 0.00214973371476, 0.00084415829042, 0.000658697041217, 0.000589098315686, 0.000509979319759, 0.000650996982586, 0.000521843670867, 0.000456052919617, 0.000511657388415, 0.00112201890443, 0.0009807262104, 0.000342254556017],
        "mean": [0.000290289899567, 0.00425436487421, 0.0036130156368, 0.0026277762372, 0.00414514075965, 0.00674141803756, 0.00351442559622, 0.00152794714086, 0.00209036283195, 0.000706232793164, 0.000331066374201, 0.00065581034869, 5.859724115e-05, 8.54183526826e-05, 3.78365839424e-05, 2.72660854534e-05, 1.80364477274e-05, 1.67130874615e-05, 1.41776872624e-05, 1.72253985511e-05, 2.7044554372e-05, 2.20212332351e-05, 1.97283316083e-05, 1.98562029254e-05, 3.72865215468e-05, 2.78471288766e-05, 4.2350034164e-06],
        "median": [1.85343124031e-05, 0.00229475833476, 0.00287999701686, 0.00143023533747, 0.00284565426409, 0.0036794161424, 0.00131823029369, 0.000770744925831, 0.000903159263544, 3.30290240527e-05, 5.26833318872e-05, 4.95497806696e-05, 1.07922205643e-05, 6.34298885416e-06, 4.90063121106e-06, 5.29033195562e-06, 3.18404568134e-06, 3.89291062675e-06, 2.97443443742e-06, 2.71126941698e-06, 3.79510470339e-06, 2.63785887e-06, 2.2629360501e-06, 1.74410865839e-06, 2.01288025892e-06, 8.22290701308e-07, 2.84528116623e-08],
        "min": [4.45705178855e-25, 2.24506579296e-24, 2.04556582826e-24, 1.96377101037e-24, 8.74848716042e-24, 8.26436006745e-24, 9.36401796983e-24, 2.4486980083e-24, 1.57458056632e-23, 1.63858416477e-23, 1.77297876844e-23, 2.11179263396e-23, 2.55049995592e-23, 3.27818028032e-23, 3.82823153251e-23, 3.98563452665e-23, 4.94218864321e-23, 7.36729947378e-23, 1.0208688102e-22, 1.63733154832e-22, 2.33607790622e-22, 3.39992865481e-22, 4.23407042842e-22, 4.68416871252e-22, 8.74059397598e-22, 1.34276990181e-21, 1.89210658487e-21],
        "var": [5.11576388362e-07, 2.32077236433e-05, 7.27271981305e-06, 7.92273021943e-06, 1.84340133274e-05, 6.43481107545e-05, 2.8214240956e-05, 4.6777913667e-06, 9.60690522334e-06, 1.71926658368e-05, 1.0554003893e-06, 4.38592451246e-06, 3.72039892227e-08, 1.23598454138e-06, 1.35879201224e-08, 4.45933823201e-09, 1.58159962904e-09, 1.09073861054e-09, 8.40569336358e-10, 1.6379502199e-09, 3.68142316631e-09, 2.06690531357e-09, 1.6799344138e-09, 2.08182004968e-09, 8.77041461678e-09, 6.19934725776e-09, 2.58718491075e-10]
    },
    "erbbands": {
        "dmean": [0.0340330973268, 0.216787323356, 0.675275146961, 1.63532841206, 5.06123828888, 4.2310090065, 23.8368320465, 17.1676826477, 27.8642520905, 10.6429605484, 18.6830215454, 10.0426225662, 14.888250351, 5.20113277435, 11.0552158356, 16.6599502563, 3.34090948105, 3.44062256813, 2.03057527542, 1.20988762379, 0.80264043808, 0.584760963917, 0.639889895916, 0.627027988434, 0.537657678127, 0.65868216753, 0.834853053093, 0.734680116177, 0.624179244041, 0.47438877821, 0.374531835318, 0.271024465561, 0.234431430697, 0.252261459827, 0.215618416667, 0.117120869458, 0.0410861633718, 0.0081096496433, 0.000769215810578, 3.25240725942e-05],
        "dmean2": [0.0551139079034, 0.347541838884, 1.09511637688, 2.58294773102, 7.69768619537, 6.6265501976, 41.9677238464, 27.9405651093, 48.6912918091, 16.0804786682, 25.1392021179, 13.5893068314, 18.2215518951, 7.22044754028, 17.5834884644, 26.8785076141, 5.46600151062, 4.94373321533, 3.09984850883, 1.84995388985, 1.1698704958, 0.873338758945, 0.970084011555, 0.967922627926, 0.82139146328, 1.02712523937, 1.24237751961, 1.11403441429, 0.920370101929, 0.683397293091, 0.553721547127, 0.395907074213, 0.349602550268, 0.39059227705, 0.336929649115, 0.178948923945, 0.0639840438962, 0.0130943153054, 0.00130974408239, 5.46835835848e-05],
        "dvar": [0.00740948412567, 0.251244872808, 1.41447544098, 9.06243896484, 57.348865509, 54.5278739929, 1611.37023926, 1164.20690918, 4548.89404297, 511.775878906, 1259.94360352, 409.789642334, 10857.4589844, 360.038269043, 1491.39758301, 4020.97314453, 126.538002014, 2180.9050293, 121.099067688, 9.30109214783, 3.05291748047, 2.73593044281, 2.07099485397, 2.54828929901, 1.42994427681, 3.01350641251, 3.47319173813, 3.12143158913, 1.74561047554, 0.997297346592, 0.685019493103, 0.403280138969, 0.398163735867, 0.440584540367, 0.380096286535, 0.11424254626, 0.015479513444, 0.000734402681701, 8.49454318086e-06, 1.06719104664e-08],
        "dvar2": [0.0176074467599, 0.600115835667, 3.26527667046, 20.1018123627, 130.016693115, 131.290100098, 4896.47460938, 2495.61425781, 14610.9619141, 1023.42425537, 2369.99169922, 708.607910156, 18031.5664062, 504.968353271, 3900.37402344, 9066.44921875, 308.08694458, 4076.75488281, 244.171020508, 21.3784770966, 5.82317590714, 6.52474212646, 4.77501010895, 6.26279735565, 3.3700773716, 7.54656028748, 7.82063913345, 7.41142702103, 3.74548506737, 1.99956083298, 1.4754345417, 0.834284245968, 0.878502011299, 0.979022860527, 0.896543622017, 0.261868149042, 0.0363043546677, 0.00182409479748, 2.27172713494e-05, 2.8327796997e-08],
        "max": [1.47656846046, 7.72444534302, 13.1893596649, 43.7118873596, 144.964263916, 270.5965271, 676.439758301, 910.602905273, 1269.15441895, 696.202575684, 715.712402344, 465.369934082, 5911.01269531, 1686.32067871, 487.263580322, 3407.14672852, 317.095825195, 3295.92651367, 723.037841797, 101.854240417, 74.7574005127, 59.9180335999, 47.3126564026, 42.6178436279, 17.6872348785, 22.5792617798, 28.891336441, 25.609495163, 22.6912689209, 16.3309288025, 12.5803251266, 9.5650510788, 10.8411092758, 11.0331754684, 9.50000476837, 4.65450906754, 1.83583974838, 0.447302699089, 0.04939269647, 0.00246687396429],
        "mean": [0.115027695894, 0.993334591389, 3.45676612854, 8.5091791153, 13.7626857758, 9.55360221863, 44.7911987305, 41.6415328979, 52.277797699, 32.3543205261, 60.5312767029, 35.9240074158, 28.3974742889, 12.0186405182, 12.0428524017, 29.669500351, 4.96943902969, 4.59081554413, 2.49866771698, 1.67008137703, 1.4568618536, 0.936555504799, 0.934073150158, 0.818029284477, 0.697204828262, 0.780011534691, 1.13743829727, 0.953812897205, 0.841946125031, 0.679449558258, 0.540181457996, 0.397036343813, 0.353287309408, 0.370637059212, 0.285630494356, 0.145671918988, 0.0475048273802, 0.00851847417653, 0.000701897719409, 5.61923079658e-05],
        "median": [0.0126518905163, 0.67859852314, 2.93110871315, 4.14558458328, 8.87580108643, 6.28178596497, 22.7174568176, 20.2157459259, 18.5472106934, 16.3838253021, 34.3804397583, 19.1265277863, 2.43936014175, 2.44286775589, 1.81045019627, 2.06845998764, 1.04851078987, 0.479580044746, 0.281064331532, 0.287962675095, 0.316595971584, 0.188289046288, 0.201618522406, 0.196627229452, 0.122682265937, 0.123513907194, 0.192927345634, 0.12188154459, 0.0988012701273, 0.0797545462847, 0.0589769482613, 0.0386129021645, 0.0291450638324, 0.023260422051, 0.0126147316769, 0.00501467473805, 0.00118048058357, 0.000162223484949, 2.85983078356e-05, 3.79884513677e-05],
        "min": [6.69848994547e-23, 5.16883475527e-22, 2.84668957152e-21, 5.00139409302e-21, 8.90729974803e-21, 1.76238406608e-20, 3.16992089719e-20, 1.04334022571e-19, 1.39403507863e-19, 2.47960261611e-19, 2.07042725711e-19, 3.32810820335e-19, 5.75052601426e-19, 5.34491541595e-19, 6.78823546644e-19, 9.85611962841e-19, 1.43125820619e-18, 2.27401545686e-18, 3.13473927723e-18, 2.6874324688e-18, 4.24523483305e-18, 3.7018582343e-18, 5.05263466202e-18, 6.84989506026e-18, 7.82793273703e-18, 8.65953628432e-18, 9.67601966159e-18, 8.72049205084e-18, 1.1425826776e-17, 1.15204314227e-17, 1.28150741333e-17, 9.18358663523e-18, 9.38764961081e-18, 8.10730223557e-18, 6.39185579018e-18, 3.9559801126e-18, 2.48181356649e-18, 9.66687001004e-19, 2.43458848115e-19, 2.70295692345e-20],
        "var": [0.0281255580485, 1.09446370602, 5.34494256973, 68.7429504395, 179.283706665, 148.395324707, 3396.62597656, 3658.07983398, 7602.44824219, 2004.83496094, 5501.81738281, 2295.15722656, 26939.5878906, 1531.32617188, 1256.80041504, 9862.00585938, 171.816970825, 3102.17041016, 167.135238647, 15.3568563461, 9.52600765228, 4.2759552002, 3.44579744339, 3.02383995056, 2.01393651962, 3.24216341972, 6.0782585144, 4.51213645935, 2.99959278107, 2.08876538277, 1.23319768906, 0.785670161247, 0.691147089005, 0.829038977623, 0.552573740482, 0.154270499945, 0.0193417090923, 0.000760043447372, 6.85132363287e-06, 8.50190495782e-09]
    },
    "gfcc": {
        "mean": [-110.951026917, 150.143127441, -51.3351669312, 4.37882995605, -67.8338470459, -3.66378211975, -30.2833595276, -1.22484755516, -20.7713413239, 1.20160090923, -15.0464029312, -6.55540132523, -11.9998464584],
        "cov": [[24040.4550781, -1655.91357422, -2279.16015625, 876.272277832, -1408.47412109, 669.359313965, -1108.76989746, 572.397888184, -730.777770996, 412.627044678, -464.320953369, 540.645812988, -448.19921875], [-1655.91357422, 5264.61181641, 207.681518555, -1179.15625, 224.380706787, -773.391296387, 626.752441406, -487.248077393, 502.983520508, -355.001312256, 348.20199585, -538.089355469, 269.075805664], [-2279.16015625, 207.681518555, 2034.87719727, 231.144226074, -104.887359619, -106.689491272, 72.5021514893, 104.067428589, 86.8084182739, 93.4138412476, -41.7424240112, -63.4506416321, 18.2470302582], [876.272277832, -1179.15625, 231.144226074, 887.756408691, 108.787536621, 209.806503296, -164.623291016, 164.122619629, -71.6973190308, 49.8402862549, -116.464302063, 114.089263916, -5.52066230774], [-1408.47412109, 224.380706787, -104.887359619, 108.787536621, 554.846008301, 91.5729064941, 119.070175171, -64.4937515259, 38.7233810425, -90.8905105591, 43.4616661072, -11.3649568558, 66.3960113525], [669.359313965, -773.391296387, -106.689491272, 209.806503296, 91.5729064941, 440.082519531, -10.5357341766, 50.2199478149, -183.694656372, 23.657497406, -36.7728538513, 125.325286865, -67.5559234619], [-1108.76989746, 626.752441406, 72.5021514893, -164.623291016, 119.070175171, -10.5357341766, 323.256164551, -17.1028690338, 80.7767410278, -42.2094764709, 67.6683120728, -69.6540908813, 66.6885299683], [572.397888184, -487.248077393, 104.067428589, 164.122619629, -64.4937515259, 50.2199478149, -17.1028690338, 280.841918945, 88.5699157715, 94.4672927856, -61.2227630615, 65.3089370728, -7.40274572372], [-730.777770996, 502.983520508, 86.8084182739, -71.6973190308, 38.7233810425, -183.694656372, 80.7767410278, 88.5699157715, 269.80267334, 31.0622596741, 42.8587265015, -70.1345291138, 67.2091751099], [412.627044678, -355.001312256, 93.4138412476, 49.8402862549, -90.8905105591, 23.657497406, -42.2094764709, 94.4672927856, 31.0622596741, 161.92225647, 21.0830059052, 50.5589141846, -25.1242046356], [-464.320953369, 348.20199585, -41.7424240112, -116.464302063, 43.4616661072, -36.7728538513, 67.6683120728, -61.2227630615, 42.8587265015, 21.0830059052, 141.844360352, 9.37813663483, 23.4651489258], [540.645812988, -538.089355469, -63.4506416321, 114.089263916, -11.3649568558, 125.325286865, -69.6540908813, 65.3089370728, -70.1345291138, 50.5589141846, 9.37813663483, 154.100097656, -0.335563093424], [-448.19921875, 269.075805664, 18.2470302582, -5.52066230774, 66.3960113525, -67.5559234619, 66.6885299683, -7.40274572372, 67.2091751099, -25.1242046356, 23.4651489258, -0.335563093424, 115.371902466]],
        "icov": [[0.000178380680154, -0.000417185772676, 0.000310834875563, -0.0003867764608, 0.000345932669006, -0.000112176930998, 0.000332047173288, -0.000453316868516, 0.000686101673637, -0.000836604100186, 0.000793368497398, -0.00067001854768, 0.00036732191802], [-0.000417185772676, 0.00172825204208, -0.000854908605106, 0.00135354313534, -0.00072485912824, 0.000364457373507, -0.000984819838777, 0.00133442226797, -0.00221888790838, 0.00310478755273, -0.00311425817199, 0.00294135487638, -0.00155530998018], [0.000310834875563, -0.000854908605106, 0.00114427297376, -0.00101689668372, 0.000704429170582, 1.73308653757e-05, 0.00025981629733, -0.000839577231091, 0.00138647551648, -0.00208991998807, 0.00176294834819, -0.00112954061478, 0.000747815414798], [-0.0003867764608, 0.00135354313534, -0.00101689668372, 0.00305500230752, -0.00138238666113, -0.000357604178134, 0.000364892650396, 0.000147131155245, -0.00141698354855, 0.00229819118977, -0.00185840937775, 0.00240351236425, -0.00225676293485], [0.000345932669006, -0.00072485912824, 0.000704429170582, -0.00138238666113, 0.00358255323954, -0.00146744481754, 2.17404358409e-05, 0.000273010606179, -0.000378531665774, -9.90991338767e-06, 0.000816836662125, -0.00129823025782, -1.07328669401e-05], [-0.000112176930998, 0.000364457373507, 1.73308653757e-05, -0.000357604178134, -0.00146744481754, 0.00583466887474, -0.00241878069937, -0.000509418605361, 0.00262385676615, -0.000149304396473, 0.000299415871268, -0.00256192917004, 0.00269141886383], [0.000332047173288, -0.000984819838777, 0.00025981629733, 0.000364892650396, 2.17404358409e-05, -0.00241878069937, 0.0071287904866, -0.00352070643567, 0.0021257114131, -0.000645772786811, -0.0019032957498, 0.00320435455069, -0.00319475797005], [-0.000453316868516, 0.00133442226797, -0.000839577231091, 0.000147131155245, 0.000273010606179, -0.000509418605361, -0.00352070643567, 0.0121549777687, -0.00919412728399, -0.00027138646692, 0.00464063696563, -0.0048865377903, 0.00196497817524], [0.000686101673637, -0.00221888790838, 0.00138647551648, -0.00141698354855, -0.000378531665774, 0.00262385676615, 0.0021257114131, -0.00919412728399, 0.0153500949964, -0.00586472125724, -0.000797684537247, 0.00311375921592, -0.00255907839164], [-0.000836604100186, 0.00310478755273, -0.00208991998807, 0.00229819118977, -9.90991338767e-06, -0.000149304396473, -0.000645772786811, -0.00027138646692, -0.00586472125724, 0.0167922712862, -0.00977663416415, 0.00357318366878, -0.00070444541052], [0.000793368497398, -0.00311425817199, 0.00176294834819, -0.00185840937775, 0.000816836662125, 0.000299415871268, -0.0019032957498, 0.00464063696563, -0.000797684537247, -0.00977663416415, 0.0207206718624, -0.0129715800285, 0.00516433920711], [-0.00067001854768, 0.00294135487638, -0.00112954061478, 0.00240351236425, -0.00129823025782, -0.00256192917004, 0.00320435455069, -0.0048865377903, 0.00311375921592, 0.00357318366878, -0.0129715800285, 0.0233847983181, -0.0104174911976], [0.00036732191802, -0.00155530998018, 0.000747815414798, -0.00225676293485, -1.07328669401e-05, 0.00269141886383, -0.00319475797005, 0.00196497817524, -0.00255907839164, -0.00070444541052, 0.00516433920711, -0.0104174911976, 0.0173073038459]]
    },
    "melbands": {
        "dmean": [0.000283840403426, 0.000330356095219, 0.00034346387838, 0.000365687592421, 0.000638215569779, 0.000465847202577, 0.000385019433452, 9.70391920418e-05, 0.00017616772675, 5.54123216716e-05, 7.31842010282e-05, 1.78716636583e-05, 2.78890038317e-05, 5.28228702024e-05, 2.26846968872e-05, 3.08760468215e-06, 7.36543506719e-06, 3.44526870322e-06, 2.0849511202e-06, 1.47863454458e-06, 8.44194346428e-07, 6.64290269015e-07, 5.51843982066e-07, 5.98037786403e-07, 5.27473218881e-07, 3.78470190299e-07, 3.94712088791e-07, 4.72778339144e-07, 5.80041330522e-07, 5.09353128564e-07, 4.14517757008e-07, 3.65018394177e-07, 3.04080913338e-07, 2.73022976671e-07, 2.41049264105e-07, 1.7209526959e-07, 1.71573546481e-07, 1.61254064324e-07, 1.85377828643e-07, 2.26551591709e-07],
        "dmean2": [0.000458336202428, 0.000530042336322, 0.000544705835637, 0.000543186906725, 0.00111696438398, 0.000780768110417, 0.000662052538246, 0.000143520243, 0.000235206607613, 7.47895246604e-05, 8.95512494026e-05, 2.53152229561e-05, 4.2874358769e-05, 8.72425880516e-05, 3.63796389138e-05, 4.95667836731e-06, 1.05621002149e-05, 5.25515861227e-06, 3.28697706209e-06, 2.22353264689e-06, 1.24753978525e-06, 1.00513148027e-06, 8.41500252591e-07, 9.30985095238e-07, 8.26720167879e-07, 5.82502195812e-07, 6.10105473697e-07, 7.58420128477e-07, 8.8774646656e-07, 7.88905765603e-07, 6.40321673018e-07, 5.50649986053e-07, 4.4167205715e-07, 4.02706263003e-07, 3.64596218105e-07, 2.54355029483e-07, 2.56458434933e-07, 2.4623247441e-07, 2.83019630842e-07, 3.57133217221e-07],
        "dvar": [4.90680406529e-07, 3.93322011405e-07, 2.50105586019e-07, 2.92132767754e-07, 1.14877241231e-06, 6.75545891227e-07, 7.74218449351e-07, 4.61039135757e-08, 1.09707393392e-07, 1.5343633919e-08, 2.66514575742e-07, 4.87733364807e-09, 8.0012814152e-09, 3.80126081723e-08, 7.04766511817e-09, 1.54436713418e-10, 1.15879030815e-08, 5.45630374216e-10, 3.78313873284e-11, 1.33225036905e-11, 3.06080182901e-12, 3.71071966557e-12, 1.47809021966e-12, 1.97550591337e-12, 1.99051886085e-12, 7.50814991776e-13, 8.79707060236e-13, 1.79597309247e-12, 1.90295674184e-12, 1.31491280538e-12, 1.08915350697e-12, 5.97247999754e-13, 4.32531479166e-13, 3.42355077664e-13, 2.98303292874e-13, 1.47721773507e-13, 1.68164717177e-13, 1.95959635779e-13, 2.26075329789e-13, 3.64923613246e-13],
        "dvar2": [1.13797955237e-06, 9.0095932137e-07, 5.83871099025e-07, 6.51745438063e-07, 3.4153897559e-06, 1.62997287134e-06, 2.40342797042e-06, 8.72973018318e-08, 2.00997078537e-07, 2.62010217966e-08, 4.41521194716e-07, 7.02392766172e-09, 1.94603604342e-08, 9.62359223422e-08, 1.54589585577e-08, 3.47907286313e-10, 2.16978062184e-08, 1.10440545598e-09, 8.93167831362e-11, 2.57984692636e-11, 6.11507199044e-12, 8.8890700356e-12, 3.36175640277e-12, 4.81175299258e-12, 4.93558752895e-12, 1.78801342222e-12, 2.0871329838e-12, 4.66680383573e-12, 4.4915481924e-12, 3.16545964787e-12, 2.67024271618e-12, 1.3324802416e-12, 8.92101767892e-13, 7.26665960477e-13, 6.71101087028e-13, 3.16638371339e-13, 3.58407747925e-13, 4.42705957613e-13, 4.93210452947e-13, 8.37390432603e-13],
        "max": [0.0103264972568, 0.00765910558403, 0.00616684742272, 0.0103800678626, 0.0232630334795, 0.0187754761428, 0.0164652876556, 0.0086763696745, 0.00658685201779, 0.0035866945982, 0.0292799249291, 0.00620772177354, 0.00297123636119, 0.00704487925395, 0.004007674288, 0.00103875575587, 0.00760351726785, 0.00162499991711, 0.000235543513554, 0.000189946396858, 5.24925380887e-05, 6.7894354288e-05, 3.20724029734e-05, 3.64845582226e-05, 4.35301190009e-05, 1.19328115034e-05, 1.57736994879e-05, 1.94770436792e-05, 2.13694966078e-05, 1.87740006368e-05, 1.57604536071e-05, 1.30219968923e-05, 1.25021133499e-05, 8.04660976428e-06, 9.04880380403e-06, 6.71451743983e-06, 6.1610130615e-06, 8.19894285087e-06, 7.45223587728e-06, 1.05143217297e-05],
        "mean": [0.00112127733883, 0.00170049141161, 0.00156356452499, 0.000857105769683, 0.00123294221703, 0.00107728934381, 0.000780082133133, 0.000297940190649, 0.000578086532187, 0.000194557549548, 0.000135033391416, 4.17128321715e-05, 3.58296492777e-05, 7.26665894035e-05, 4.20331598434e-05, 3.91467801819e-06, 9.53933795245e-06, 4.07315701523e-06, 2.6256664114e-06, 2.22613107326e-06, 1.53479300025e-06, 1.02472131402e-06, 7.9407919884e-07, 8.1424354903e-07, 6.62925856432e-07, 4.57637924001e-07, 5.06650849275e-07, 5.13776512889e-07, 7.35067942514e-07, 6.65409970679e-07, 5.03415378716e-07, 4.81480981307e-07, 4.05920872026e-07, 3.7420986132e-07, 3.33340096859e-07, 2.37910214196e-07, 2.47523786356e-07, 2.36539719367e-07, 2.70576094863e-07, 3.23482908016e-07],
        "median": [0.000367475906387, 0.0013901873026, 0.00139652763028, 0.000564416695852, 0.000635796110146, 0.000557322113309, 0.000286463997327, 0.000140340227517, 0.000330748182023, 9.30128371692e-05, 4.87162606078e-06, 7.9348901636e-06, 5.53232666789e-06, 4.99605448567e-06, 4.2715842028e-06, 8.91715046691e-07, 6.47683862098e-07, 4.0368701093e-07, 3.79260200134e-07, 3.33702985245e-07, 3.48250466686e-07, 1.7492656923e-07, 1.50378085095e-07, 1.88169707371e-07, 1.46603326812e-07, 8.52887467317e-08, 6.8171701173e-08, 7.84918512409e-08, 1.16597199451e-07, 9.28683263623e-08, 5.68502613874e-08, 5.46849392435e-08, 4.42884697804e-08, 4.20731183226e-08, 3.51469324755e-08, 2.4901773088e-08, 2.23099263508e-08, 1.94194385017e-08, 2.03035011026e-08, 1.89198594569e-08],
        "min": [6.87594041957e-25, 1.44501331808e-24, 1.36957040819e-24, 1.16697041735e-24, 7.55193209255e-25, 2.55917718922e-24, 2.14051391567e-24, 3.26876901195e-24, 2.16922963591e-24, 2.08712282353e-24, 2.2414163252e-24, 2.27933568562e-24, 2.39232896624e-24, 2.03243168862e-24, 2.55131697916e-24, 2.56226755181e-24, 3.01684766237e-24, 4.70020958372e-24, 3.39234880591e-24, 2.45043626331e-24, 4.79463189534e-24, 2.02541792631e-24, 2.62752074539e-24, 3.39869361417e-24, 4.78577574839e-24, 4.12950224538e-24, 4.74704425566e-24, 5.04951600926e-24, 4.81579782229e-24, 3.76591349315e-24, 4.60051531467e-24, 5.64828825759e-24, 5.62944749816e-24, 4.82570946513e-24, 6.15292100094e-24, 6.61217294299e-24, 5.26207615789e-24, 5.53597181963e-24, 5.85505461731e-24, 6.34120908281e-24],
        "var": [2.07531115848e-06, 1.66659538081e-06, 1.31400258851e-06, 8.50233675465e-07, 2.53040138887e-06, 1.9825158688e-06, 1.48330184402e-06, 1.90716775705e-07, 5.24032657268e-07, 7.89136862522e-08, 6.62837692289e-07, 2.04088639322e-08, 1.01753165893e-08, 5.54744694625e-08, 1.64685651782e-08, 2.67115829455e-10, 1.64228719512e-08, 7.15778603055e-10, 6.01102778663e-11, 3.35285237074e-11, 9.60169183745e-12, 5.8506775813e-12, 2.55028702149e-12, 2.71371401912e-12, 2.28359887423e-12, 9.16469265928e-13, 1.27755564374e-12, 1.64180377193e-12, 2.71583948906e-12, 2.25470271793e-12, 1.37380428214e-12, 9.77101862962e-13, 7.93534129465e-13, 6.65717806402e-13, 4.74820161488e-13, 2.82400594879e-13, 3.1107188765e-13, 3.10080466078e-13, 4.233704587e-13, 6.64558252178e-13]
    },
    "mfcc": {
        "mean": [-765.927734375, 183.091400146, 57.822227478, 18.9942340851, -7.44789838791, -3.53341245651, -6.01690006256, -6.93795633316, -2.98420023918, -4.9530134201, -0.351054310799, 3.34362530708, -0.606952190399],
        "cov": [[11552.0625, -1728.19494629, -1737.80493164, -457.960021973, -226.456817627, 83.6462860107, -43.3134002686, 126.907684326, -2.6271417141, -153.082687378, -62.8351364136, -19.3518161774, 172.489608765], [-1728.19494629, 4135.34179688, 298.73638916, -138.764343262, -313.718719482, -321.030487061, -154.220550537, -119.674095154, 4.18338632584, 87.5599822998, 28.2389507294, 116.964355469, 7.51116752625], [-1737.80493164, 298.73638916, 1820.28015137, 438.879119873, 29.4627456665, -60.7157325745, -11.8120689392, -58.8110313416, 42.4035720825, 106.06463623, 139.784286499, 101.89666748, 7.96603345871], [-457.960021973, -138.764343262, 438.879119873, 536.653259277, 263.10055542, 49.4833984375, -12.7482452393, 26.0038394928, 98.8266067505, 118.355361938, 78.3832473755, -7.16704559326, -40.1848258972], [-226.456817627, -313.718719482, 29.4627456665, 263.10055542, 397.993927002, 161.742050171, 56.224697113, 74.6950759888, 61.1167373657, 48.8702278137, 26.5082683563, -43.4232215881, -31.6058750153], [83.6462860107, -321.030487061, -60.7157325745, 49.4833984375, 161.742050171, 283.75680542, 189.078186035, 89.3302078247, -13.479640007, -42.0286903381, -40.043964386, -27.19099617, 12.9936084747], [-43.3134002686, -154.220550537, -11.8120689392, -12.7482452393, 56.224697113, 189.078186035, 260.545379639, 135.861114502, 13.4287662506, -38.9667396545, -39.1617507935, 2.42724180222, 40.7990226746], [126.907684326, -119.674095154, -58.8110313416, 26.0038394928, 74.6950759888, 89.3302078247, 135.861114502, 201.758895874, 107.341850281, 20.5363044739, -6.66125822067, -23.9833564758, 13.6231918335], [-2.6271417141, 4.18338632584, 42.4035720825, 98.8266067505, 61.1167373657, -13.479640007, 13.4287662506, 107.341850281, 188.568847656, 118.423423767, 49.3329772949, -10.3094577789, -29.4341373444], [-153.082687378, 87.5599822998, 106.06463623, 118.355361938, 48.8702278137, -42.0286903381, -38.9667396545, 20.5363044739, 118.423423767, 173.653594971, 101.772636414, 16.6660003662, -19.3241271973], [-62.8351364136, 28.2389507294, 139.784286499, 78.3832473755, 26.5082683563, -40.043964386, -39.1617507935, -6.66125822067, 49.3329772949, 101.772636414, 139.022003174, 74.9089508057, 15.6193332672], [-19.3518161774, 116.964355469, 101.89666748, -7.16704559326, -43.4232215881, -27.19099617, 2.42724180222, -23.9833564758, -10.3094577789, 16.6660003662, 74.9089508057, 144.967834473, 79.0084457397], [172.489608765, 7.51116752625, 7.96603345871, -40.1848258972, -31.6058750153, 12.9936084747, 40.7990226746, 13.6231918335, -29.4341373444, -19.3241271973, 15.6193332672, 79.0084457397, 125.500938416]],
