{
"lowlevel": {
    "average_loudness": 0.0156447701156,
    "barkbands_crest": {
        "dmean": 1.88313746452,
        "dmean2": 2.83252477646,
        "dvar": 2.77974843979,
        "dvar2": 6.81843137741,
        "max": 25.7642650604,
        "mean": 12.7034044266,
        "median": 12.0304107666,
        "min": 4.36700153351,
        "var": 16.2679424286
    },
    "barkbands_flatness_db": {
        "dmean": 0.0151345599443,
        "dmean2": 0.0224532075226,
        "dvar": 0.00017125744489,
        "dvar2": 0.000451039231848,
        "max": 0.467560976744,
        "mean": 0.284026116133,
        "median": 0.286925137043,
        "min": 0.0563098303974,
        "var": 0.00264235213399
    },
    "barkbands_kurtosis": {
        "dmean": 3.50235533714,
        "dmean2": 5.18781042099,
        "dvar": 27.2364177704,
        "dvar2": 61.4539375305,
        "max": 232.581787109,
        "mean": 10.7599420547,
        "median": 8.21809577942,
        "min": -1.77984535694,
        "var": 106.869232178
    },
    "barkbands_skewness": {
        "dmean": 0.403217613697,
        "dmean2": 0.589122056961,
        "dvar": 0.149404540658,
        "dvar2": 0.333871692419,
        "max": 8.80201625824,
        "mean": 1.94255518913,
        "median": 1.79849147797,
        "min": -2.02938914299,
        "var": 1.02744245529
    },
    "barkbands_spread": {
        "dmean": 0.785549879074,
        "dmean2": 1.18151736259,
        "dvar": 3.45070624352,
        "dvar2": 6.67650032043,
        "max": 124.579818726,
        "mean": 4.43011331558,
        "median": 3.0721116066,
        "min": 0.264024376869,
        "var": 83.4962463379
    },
    "dissonance": {
        "dmean": 0.0299625750631,
        "dmean2": 0.0492839217186,
        "dvar": 0.000665415602271,
        "dvar2": 0.00182143948041,
        "max": 0.500000059605,
        "mean": 0.390121936798,
        "median": 0.393597394228,
        "min": 0.193050712347,
        "var": 0.00263347174041
    },
    "dynamic_complexity": 5.95215415955,
    "erbbands_crest": {
        "dmean": 2.16801214218,
        "dmean2": 3.33317446709,
        "dvar": 4.07881784439,
        "dvar2": 11.0792217255,
        "max": 31.9234027863,
        "mean": 12.126824379,
        "median": 11.2278671265,
        "min": 2.39330792427,
        "var": 21.2612228394
    },
    "erbbands_flatness_db": {
        "dmean": 0.0115608843043,
        "dmean2": 0.0167183559388,
        "dvar": 9.51898182393e-05,
        "dvar2": 0.000238059146795,
        "max": 0.422881811857,
        "mean": 0.256770670414,
        "median": 0.25756496191,
        "min": 0.0343292728066,
        "var": 0.00188065890688
    },
    "erbbands_kurtosis": {
        "dmean": 1.46449935436,
        "dmean2": 2.15407776833,
        "dvar": 3.60275864601,
        "dvar2": 7.7842669487,
        "max": 70.1029815674,
        "mean": 3.65108394623,
        "median": 2.5905828476,
        "min": -1.43423068523,
        "var": 18.4715251923
    },
    "erbbands_skewness": {
        "dmean": 0.308896392584,
        "dmean2": 0.451533913612,
        "dvar": 0.0763940960169,
        "dvar2": 0.180741086602,
        "max": 6.44384813309,
        "mean": 1.38591742516,
        "median": 1.3207757473,
        "min": -1.46321177483,
        "var": 0.568286299706
    },
    "erbbands_spread": {
        "dmean": 2.30151414871,
        "dmean2": 3.42388868332,
        "dvar": 5.16049575806,
        "dvar2": 12.6052942276,
        "max": 111.516700745,
        "mean": 14.3445663452,
        "median": 12.9711933136,
        "min": 0.937202870846,
        "var": 67.9430923462
    },
    "hfc": {
        "dmean": 1.03537380695,
        "dmean2": 1.47386038303,
        "dvar": 3.15573358536,
        "dvar2": 7.42173719406,
        "max": 82.0763168335,
        "mean": 5.37798881531,
        "median": 3.03617858887,
        "min": 1.17478718459e-16,
        "var": 45.7618217468
    },
    "melbands_crest": {
        "dmean": 2.23829960823,
        "dmean2": 3.40463757515,
        "dvar": 3.98492288589,
        "dvar2": 9.86507320404,
        "max": 31.1280250549,
        "mean": 15.6561870575,
        "median": 14.7607307434,
        "min": 1.89077007771,
        "var": 24.5205898285
    },
    "melbands_flatness_db": {
        "dmean": 0.0163180753589,
        "dmean2": 0.0240823533386,
        "dvar": 0.000203138770303,
        "dvar2": 0.000538642343599,
        "max": 0.598318696022,
        "mean": 0.398454785347,
        "median": 0.403168469667,
        "min": 0.00478316936642,
        "var": 0.00393264275044
    },
    "melbands_kurtosis": {
        "dmean": 4.21512842178,
        "dmean2": 6.34311342239,
        "dvar": 26.9454116821,
        "dvar2": 66.0828857422,
        "max": 124.616416931,
        "mean": 13.0689382553,
        "median": 10.11693573,
        "min": -1.37260329723,
        "var": 124.698219299
    },
    "melbands_skewness": {
        "dmean": 0.434467464685,
        "dmean2": 0.632015347481,
        "dvar": 0.152534797788,
        "dvar2": 0.363341957331,
        "max": 8.08449363708,
        "mean": 2.2668261528,
        "median": 2.1273355484,
        "min": -2.00428342819,
        "var": 1.21173000336
    },
    "melbands_spread": {
        "dmean": 0.916123747826,
        "dmean2": 1.37041759491,
        "dvar": 3.45150494576,
        "dvar2": 7.33607530594,
        "max": 166.851928711,
        "mean": 4.98252773285,
        "median": 3.66100406647,
        "min": 0.439453423023,
        "var": 83.9685745239
    },
    "pitch_salience": {
        "dmean": 0.0547642074525,
        "dmean2": 0.0836427658796,
        "dvar": 0.00225237593986,
        "dvar2": 0.00561431236565,
        "max": 0.890568077564,
        "mean": 0.544043123722,
        "median": 0.556910932064,
        "min": 0.0983386486769,
        "var": 0.0124001903459
    },
    "silence_rate_20dB": {
        "dmean": 0.000333806237904,
        "dmean2": 0.00066766818054,
        "dvar": 0.000333647039952,
        "dvar2": 0.000667235639412,
        "max": 1,
        "mean": 0.999499320984,
        "median": 1,
        "min": 0,
        "var": 0.000500513822772
    },
    "silence_rate_30dB": {
        "dmean": 0.00901276804507,
        "dmean2": 0.0180270411074,
        "dvar": 0.00893200282007,
        "dvar2": 0.0207058414817,
        "max": 1,
        "mean": 0.974799752235,
        "median": 1,
        "min": 0,
        "var": 0.0245664585382
    },
    "silence_rate_60dB": {
        "dmean": 0.024701660499,
        "dmean2": 0.0494074448943,
        "dvar": 0.0240916144103,
        "dvar2": 0.053977124393,
        "max": 1,
        "mean": 0.208361148834,
        "median": 0,
        "min": 0,
        "var": 0.164968177676
    },
    "spectral_centroid": {
        "dmean": 28.4814529419,
        "dmean2": 42.4311752319,
        "dvar": 6081.57226562,
        "dvar2": 8246.26464844,
        "max": 10882.0380859,
        "mean": 353.843536377,
        "median": 311.33984375,
        "min": 128.109436035,
        "var": 99675.1328125
    },
    "spectral_complexity": {
        "dmean": 0.974380373955,
        "dmean2": 1.65782010555,
        "dvar": 0.935054421425,
        "dvar2": 2.30142259598,
        "max": 21,
        "mean": 7.17756986618,
        "median": 7,
        "min": 0,
        "var": 10.9537611008
    },
    "spectral_decrease": {
        "dmean": 1.25826316033e-09,
        "dmean2": 1.83668102949e-09,
        "dvar": 5.08063472576e-18,
        "dvar2": 1.28938316538e-17,
        "max": 3.94017400823e-29,
        "mean": -5.83022119471e-09,
        "median": -3.1270648293e-09,
        "min": -1.06791389953e-07,
        "var": 6.43856874732e-17
    },
    "spectral_energy": {
        "dmean": 0.00483773555607,
        "dmean2": 0.00705907028168,
        "dvar": 7.49280952732e-05,
        "dvar2": 0.000190069826203,
        "max": 0.410498470068,
        "mean": 0.0224923137575,
        "median": 0.012103988789,
        "min": 1.05069515382e-20,
        "var": 0.000953018898144
    },
    "spectral_energyband_high": {
        "dmean": 3.30626249934e-07,
        "dmean2": 5.34317393885e-07,
        "dvar": 5.0517912336e-13,
        "dvar2": 1.29736748688e-12,
        "max": 4.2549407226e-05,
        "mean": 1.9882579636e-06,
        "median": 1.13189855711e-06,
        "min": 7.48872134821e-21,
        "var": 7.2937931736e-12
    },
    "spectral_energyband_low": {
        "dmean": 0.00193574267905,
        "dmean2": 0.00263348943554,
        "dvar": 1.78942991624e-05,
        "dvar2": 4.21526310674e-05,
        "max": 0.173707902431,
        "mean": 0.00694635743275,
        "median": 0.00261046690866,
        "min": 8.40186972505e-23,
        "var": 0.000142744582263
    },
    "spectral_energyband_middle_high": {
        "dmean": 8.48445124575e-05,
        "dmean2": 0.000121317207231,
        "dvar": 2.82527619078e-08,
        "dvar2": 6.37336867726e-08,
        "max": 0.0054901894182,
        "mean": 0.000345957261743,
        "median": 0.000182843330549,
        "min": 1.64720700138e-21,
        "var": 2.10323690908e-07
    },
    "spectral_energyband_middle_low": {
        "dmean": 0.00404243823141,
        "dmean2": 0.00600157259032,
        "dvar": 6.3162377046e-05,
        "dvar2": 0.000166347643244,
        "max": 0.392122387886,
        "mean": 0.016354823485,
        "median": 0.00783062260598,
        "min": 2.6269595734e-22,
        "var": 0.000658461940475
    },
    "spectral_entropy": {
        "dmean": 0.129974499345,
        "dmean2": 0.19443795085,
        "dvar": 0.0130130015314,
        "dvar2": 0.0357754230499,
        "max": 9.79871845245,
        "mean": 5.95209741592,
        "median": 5.92830133438,
        "min": 4.29275751114,
        "var": 0.235988274217
    },
    "spectral_flux": {
        "dmean": 0.0103320199996,
        "dmean2": 0.0173324458301,
        "dvar": 0.000160648531164,
        "dvar2": 0.000444918288849,
        "max": 0.237074688077,
        "mean": 0.0355608277023,
        "median": 0.0294889695942,
        "min": 1.02503422417e-10,
        "var": 0.00071756716352
    },
    "spectral_kurtosis": {
        "dmean": 8.2630443573,
        "dmean2": 14.3888177872,
        "dvar": 56.6566581726,
        "dvar2": 171.428482056,
        "max": 102.57925415,
        "mean": 31.7119827271,
        "median": 29.4745731354,
        "min": -1.18638753891,
        "var": 199.975326538
    },
    "spectral_rms": {
        "dmean": 0.000432670087321,
        "dmean2": 0.000624666688964,
        "dvar": 2.66053120868e-07,
        "dvar2": 7.2136037943e-07,
        "max": 0.0200121533126,
        "mean": 0.00390125764534,
        "median": 0.00343638891354,
        "min": 3.20166896467e-12,
        "var": 6.7237847361e-06
    },
    "spectral_rolloff": {
        "dmean": 63.1806526184,
        "dmean2": 106.74369812,
        "dvar": 67205.859375,
        "dvar2": 173966.1875,
        "max": 19207.6171875,
        "mean": 440.677490234,
        "median": 366.064453125,
        "min": 86.1328125,
        "var": 664613
    },
    "spectral_skewness": {
        "dmean": 0.509287774563,
        "dmean2": 0.882886648178,
        "dvar": 0.192051947117,
        "dvar2": 0.58071488142,
        "max": 8.34993553162,
        "mean": 4.2943353653,
        "median": 4.23357772827,
        "min": 0.0222977269441,
        "var": 0.953424453735
    },
    "spectral_spread": {
        "dmean": 194637.5,
        "dmean2": 327079,
        "dvar": 101141823488,
        "dvar2": 154059882496,
        "max": 39230608,
        "mean": 1921632.25,
        "median": 1747950,
        "min": 801833.9375,
        "var": 1.22486181069e+12
    },
    "spectral_strongpeak": {
        "dmean": 0.204099908471,
        "dmean2": 0.336110413074,
        "dvar": 0.0798258781433,
        "dvar2": 0.206859156489,
        "max": 5.7250418663,
        "mean": 0.644679427147,
        "median": 0.46646207571,
        "min": 0,
        "var": 0.371655136347
    },
    "zerocrossingrate": {
        "dmean": 0.00193800753914,
        "dmean2": 0.00255750655197,
        "dvar": 3.04862951452e-05,
        "dvar2": 3.84890518035e-05,
        "max": 0.5078125,
        "mean": 0.0163524914533,
        "median": 0.01416015625,
        "min": 0.0029296875,
        "var": 0.000229251323617
    },
    "barkbands": {
        "dmean": [4.89578087581e-06, 0.000713338435162, 0.00114848988596, 0.00145526661072, 0.00253744469956, 0.000672726950143, 0.000409954722272, 0.000169047692907, 0.000140882271808, 7.335349801e-05, 3.38194295182e-05, 3.50045083906e-05, 1.32407267301e-05, 7.30636975277e-06, 1.631664054e-05, 9.51249967329e-06, 5.74661726205e-06, 1.53288726779e-06, 5.56913050787e-07, 5.00930070757e-07, 1.27985956055e-07, 1.41102091789e-07, 6.41939976731e-08, 5.47860423694e-08, 3.23735918073e-08, 1.51431525097e-08, 1.03871853341e-08],
        "dmean2": [7.79891433922e-06, 0.000883210741449, 0.00151449779514, 0.00233013206162, 0.00368506438099, 0.000902557163499, 0.000518824555911, 0.000204085023142, 0.000183685842785, 9.30498936214e-05, 4.85456839669e-05, 5.41755325685e-05, 2.09033787542e-05, 1.1760354937e-05, 2.66624829237e-05, 1.55250581884e-05, 9.39666733757e-06, 2.52868994721e-06, 9.11308916329e-07, 8.24267203825e-07, 2.11785973647e-07, 2.36198275161e-07, 1.07242449587e-07, 9.09869868337e-08, 5.44447509299e-08, 2.57737617915e-08, 1.75373742195e-08],
        "dvar": [1.51290716066e-10, 2.95870222544e-06, 6.42977329335e-06, 1.96157343453e-05, 2.58840191236e-05, 3.24330380863e-06, 1.60904471613e-06, 1.20465358577e-07, 1.28981440639e-07, 2.9982807348e-08, 4.79129136366e-09, 1.32550432852e-08, 8.80295170091e-10, 2.80427653321e-10, 1.18738108235e-09, 6.36724672987e-10, 1.60203530997e-10, 1.21426532024e-11, 1.73283360317e-12, 2.21045837884e-12, 1.00066364971e-13, 1.37932349461e-13, 1.87877972457e-14, 1.33520031172e-14, 2.92052280356e-15, 1.34303871227e-15, 3.60202746053e-16],
        "dvar2": [2.96426799773e-10, 5.07156437379e-06, 1.31450642584e-05, 5.34252430953e-05, 6.98402000125e-05, 7.87215321907e-06, 1.74325464286e-06, 1.77810818514e-07, 1.78285219476e-07, 4.73037466975e-08, 1.00854524732e-08, 3.31269198739e-08, 2.23911533759e-09, 7.22253090668e-10, 3.15546699881e-09, 1.65411440101e-09, 4.14837553198e-10, 3.12503044275e-11, 4.35345292801e-12, 5.89230660791e-12, 2.64134688514e-13, 3.45270795461e-13, 5.11959859272e-14, 3.55631898984e-14, 7.834538072e-15, 3.85601415436e-15, 9.82358001402e-16],
        "max": [0.000886281428393, 0.0548853799701, 0.108847022057, 0.24618768692, 0.185014039278, 0.102513700724, 0.0737282186747, 0.0134538616985, 0.0212354362011, 0.00702823372558, 0.00157835753635, 0.00403118319809, 0.00104195694439, 0.000425210164394, 0.000895141856745, 0.000866180227604, 0.000359300436685, 0.000160870898981, 4.92500112159e-05, 5.71509553993e-05, 1.91268136405e-05, 3.09227289108e-05, 6.08427171755e-06, 5.84199824516e-06, 2.23660754273e-06, 2.19124763134e-06, 1.16424155294e-06],
        "mean": [7.09741789251e-06, 0.00232465518638, 0.00349901709706, 0.00375420507044, 0.00809362903237, 0.002476003021, 0.00108973879833, 0.0004805008939, 0.000334518583259, 0.000185137221706, 6.87858555466e-05, 6.76870840834e-05, 2.78886127489e-05, 1.39526518979e-05, 3.07221125695e-05, 1.93708001461e-05, 1.15096199806e-05, 3.60431408808e-06, 1.49275172134e-06, 1.27313330722e-06, 3.97067253743e-07, 4.87379679726e-07, 2.27752195769e-07, 1.99760478381e-07, 1.4344277588e-07, 7.68069412516e-08, 6.08553065717e-08],
        "median": [2.6306804557e-06, 0.000636153505184, 0.00107385544106, 0.000715812318958, 0.00347857922316, 0.00074242282426, 0.000333288160618, 0.000160223979037, 0.0001035832247, 5.98273254582e-05, 2.71484477707e-05, 2.13062085095e-05, 1.1230356904e-05, 5.33728780283e-06, 1.31864453579e-05, 6.1274276959e-06, 4.34893217971e-06, 1.60634795066e-06, 6.52863718642e-07, 5.2641127013e-07, 1.82059366693e-07, 2.47274499543e-07, 1.20690671679e-07, 1.17716624004e-07, 9.54825480903e-08, 5.32656692087e-08, 5.07126181049e-08],
        "min": [1.02131446928e-23, 3.80751162752e-23, 1.77404089076e-23, 2.76891597682e-23, 1.13054164905e-23, 7.05421888207e-23, 1.3364083129e-23, 4.75534346682e-23, 6.3133257686e-23, 8.61072538287e-23, 6.39339199503e-23, 7.3512748689e-23, 3.48192096403e-23, 1.14898184069e-22, 1.42049905524e-22, 1.42149731138e-22, 2.12070928655e-22, 2.52727380827e-22, 3.65912992047e-22, 3.2098235265e-22, 4.25908299892e-22, 4.31352929507e-22, 7.40477099787e-22, 6.65017821037e-22, 1.09824887059e-21, 1.89521416672e-21, 2.25533904018e-21],
        "var": [3.2552799345e-10, 1.90529790416e-05, 4.84201082145e-05, 0.000166588302818, 0.000170674873516, 3.07914306177e-05, 8.87953137862e-06, 8.05220508937e-07, 6.640545962e-07, 1.58743176826e-07, 1.33916575606e-08, 2.89351689275e-08, 2.4735467008e-09, 6.72026823079e-10, 2.74565015168e-09, 1.73236924805e-09, 4.67660465908e-10, 4.61809236685e-11, 6.97048842258e-12, 7.08350392231e-12, 5.00235107243e-13, 8.13731514896e-13, 1.30340630324e-13, 6.75158578134e-14, 2.05543217266e-14, 8.22741228173e-15, 2.94035946815e-15]
    },
    "erbbands": {
        "dmean": [0.00620506564155, 0.21126973629, 1.14227974415, 2.81252121925, 9.26741123199, 6.85820579529, 7.92430353165, 4.27383518219, 5.76597595215, 5.84372282028, 4.48338842392, 2.660633564, 2.83818864822, 1.05758774281, 1.33232879639, 1.56681799889, 0.518988490105, 0.44023385644, 0.666415214539, 0.589076638222, 0.413025587797, 0.185779765248, 0.0921637564898, 0.0362736023962, 0.0311775077134, 0.0191451311111, 0.00760140456259, 0.00292828679085, 0.00459344359115, 0.00480828713626, 0.00141835631803, 0.00178640265949, 0.000563861336559, 0.000503655290231, 0.000183974188985, 8.64323883434e-05, 2.860099994e-05, 1.0200734323e-05, 3.21500624523e-06, 5.29033013663e-06],
        "dmean2": [0.00813882984221, 0.25747564435, 1.41039931774, 4.5354847908, 13.9320631027, 9.63606262207, 11.0627651215, 5.34343099594, 7.62110280991, 6.52892923355, 5.4660077095, 3.56237673759, 3.60334944725, 1.45062172413, 1.95261466503, 2.41109013557, 0.813643634319, 0.692223966122, 1.08963942528, 0.956744432449, 0.673489093781, 0.30344337225, 0.152320861816, 0.0599676072598, 0.0520217567682, 0.0314479731023, 0.0125270532444, 0.00485544744879, 0.00767030008137, 0.00799859594554, 0.0023811114952, 0.00295756570995, 0.000955771829467, 0.000846699636895, 0.000313688185997, 0.000147721162648, 4.87438446726e-05, 1.72823729372e-05, 5.0953731261e-06, 7.71985378378e-06],
        "dvar": [0.000274125224678, 0.242692187428, 5.83423852921, 59.1123580933, 500.959472656, 203.586120605, 400.541259766, 82.0045547485, 124.833274841, 800.424743652, 107.343406677, 32.8513908386, 52.7093734741, 5.01764202118, 8.75251483917, 26.9498825073, 1.15821039677, 0.880500555038, 1.86036252975, 1.75582110882, 0.851083219051, 0.165603995323, 0.040673751384, 0.00806418806314, 0.00662484904751, 0.00284143281169, 0.00038544065319, 3.33479838446e-05, 9.60937977652e-05, 0.000180675386218, 7.58855230742e-06, 1.51696021931e-05, 1.21663788377e-06, 7.58839121318e-07, 1.03229993442e-07, 3.28901137436e-08, 6.9818288928e-09, 6.37852548557e-10, 2.69972915551e-11, 8.92398308028e-11],
        "dvar2": [0.000486681208713, 0.403747946024, 9.45825195312, 180.111602783, 1370.34838867, 528.665344238, 961.145080566, 137.97277832, 241.108123779, 713.700195312, 160.24055481, 50.349319458, 83.5284118652, 8.99730873108, 19.4851360321, 68.2793197632, 2.86003684998, 2.18685007095, 4.91425085068, 4.52935409546, 2.2878780365, 0.42817941308, 0.106439441442, 0.0213842615485, 0.0180025715381, 0.0076117599383, 0.000995201058686, 8.72523451108e-05, 0.000240431210841, 0.000432601606008, 2.03831932595e-05, 4.01146644435e-05, 3.39629195878e-06, 1.96348378267e-06, 2.95542236017e-07, 9.3916781907e-08, 2.0211563978e-08, 1.9002763807e-09, 6.69677716059e-11, 2.26210189469e-10],
        "max": [0.965169608593, 16.9873828888, 133.962112427, 329.151702881, 865.676391602, 520.714538574, 1035.10009766, 621.692810059, 397.488586426, 1698.14343262, 561.225646973, 312.230285645, 288.444396973, 69.705078125, 74.5507583618, 181.336074829, 38.3303604126, 30.8506832123, 36.8366355896, 46.2783622742, 25.7490692139, 15.3414812088, 7.81097412109, 3.49295902252, 2.44741439819, 3.00714683533, 1.26386165619, 0.221798539162, 0.833901524544, 1.05014193058, 0.140000864863, 0.223852515221, 0.0462519451976, 0.0409274287522, 0.0128114735708, 0.00983561947942, 0.00456838030368, 0.00167151296046, 0.00040055232239, 0.000454421737231],
        "mean": [0.024033203721, 0.705713570118, 3.97133898735, 7.48697662354, 25.1842517853, 22.1804065704, 26.3721218109, 16.5068798065, 17.395690918, 15.3616094589, 12.0088176727, 6.7715921402, 6.89933586121, 2.90882921219, 2.81137871742, 3.18408918381, 1.26404678822, 0.971817493439, 1.34893620014, 1.3600461483, 0.967267215252, 0.455837845802, 0.228628650308, 0.101320579648, 0.0822029486299, 0.0552468076348, 0.0242259241641, 0.0106535954401, 0.0157722942531, 0.0151445288211, 0.00562281906605, 0.00574215315282, 0.00236576143652, 0.00187709624879, 0.000827837444376, 0.000381981779356, 0.000136768619996, 5.67453134863e-05, 1.9785729819e-05, 2.52074059972e-05],
        "median": [0.00466211047024, 0.2057929039, 1.24794769287, 2.1894557476, 6.85163784027, 9.31936264038, 7.59214162827, 5.86264419556, 6.67864608765, 3.10299158096, 4.00466442108, 2.71682548523, 2.26631736755, 1.25630521774, 1.18538284302, 1.10263252258, 0.569609284401, 0.410621404648, 0.568161964417, 0.5823174119, 0.390516877174, 0.199853226542, 0.104453295469, 0.0437785983086, 0.0347535088658, 0.0236242674291, 0.0109602641314, 0.00541209569201, 0.00827343575656, 0.00698547437787, 0.00320713943802, 0.00315388245508, 0.00152337399777, 0.00119915092364, 0.000558858213481, 0.000263768772129, 9.62224294199e-05, 4.39452633145e-05, 1.37816568895e-05, 1.38029581649e-05],
        "min": [1.17015936074e-21, 8.44291619006e-21, 1.79162086177e-20, 7.97190791704e-20, 3.12639439486e-20, 4.81213096835e-20, 3.71687507794e-19, 5.31753211876e-19, 2.7155876806e-19, 6.02022153214e-19, 7.52660221361e-19, 9.63816891074e-19, 3.25610611183e-18, 2.76557105139e-18, 2.33415024662e-18, 2.75044853543e-18, 1.79118124112e-18, 4.48080429098e-18, 6.01462917081e-18, 1.01665518269e-17, 7.32178009303e-18, 1.30354185049e-17, 1.2611978959e-17, 2.06544897916e-17, 1.41218457932e-17, 1.36733377117e-17, 1.57512923382e-17, 1.65270702932e-17, 1.36148692773e-17, 1.7139195527e-17, 2.11595480756e-17, 1.46653845193e-17, 1.24268799262e-17, 9.97967021984e-18, 9.32013264767e-18, 7.70166113498e-18, 3.30545529359e-18, 1.3878797175e-18, 2.56824018862e-19, 3.78519528515e-20],
        "var": [0.00357435201295, 1.73437583447, 63.999584198, 349.030426025, 3684.84082031, 1353.13195801, 4135.74853516, 1051.50927734, 882.312805176, 4202.07666016, 652.657104492, 173.123077393, 259.285217285, 25.2021541595, 22.4882259369, 58.7934684753, 4.10642957687, 2.69722557068, 5.026034832, 5.47120952606, 2.76326370239, 0.587040424347, 0.156945645809, 0.0348024107516, 0.0239724852145, 0.0126230837777, 0.00205128686503, 0.000242706664721, 0.000716280308552, 0.00093283993192, 6.13112424617e-05, 7.00161108398e-05, 6.8200847636e-06, 4.25296957474e-06, 5.99538168444e-07, 1.57915295063e-07, 3.22788586971e-08, 3.73487063499e-09, 4.118589636e-10, 1.15595466532e-09]
    },
    "gfcc": {
        "mean": [-164.346206665, 180.759841919, -75.9555130005, -3.66057991982, -40.9643363953, -9.18111228943, -41.4186325073, -10.2767829895, -16.2340393066, -13.2164840698, -16.3539772034, -6.81475448608, -7.12332057953],
        "cov": [[8729.77734375, 2382.01293945, -584.442932129, 19.9201335907, 55.8225364685, -100.492134094, -38.9018630981, -173.521759033, 51.1601028442, -313.839660645, -8.43050289154, -297.132720947, 29.704908371], [2382.01293945, 975.36907959, 71.7802352905, 6.30037689209, 87.2978439331, -20.7647285461, 0.912075281143, -50.1154747009, 34.1467628479, -92.1820373535, 18.430355072, -77.2491531372, 10.0179929733], [-584.442932129, 71.7802352905, 439.300750732, 91.6521606445, 98.9232635498, 46.8460121155, 42.5261039734, 29.8385753632, 28.410402298, 23.8102016449, 24.1419124603, 14.3043956757, 1.61794149876], [19.9201335907, 6.30037689209, 91.6521606445, 147.100448608, 91.8431549072, 58.4603691101, 45.2061042786, 14.884636879, 15.3628015518, -0.579215824604, 13.2784662247, -5.1903219223, 6.82535076141], [55.8225364685, 87.2978439331, 98.9232635498, 91.8431549072, 139.87020874, 83.7176818848, 49.8439826965, 16.2894763947, 10.413816452, -10.4505281448, 11.3572673798, -0.735769450665, 2.60965418816], [-100.492134094, -20.7647285461, 46.8460121155, 58.4603691101, 83.7176818848, 123.416130066, 76.5308609009, 43.9405441284, 15.8430719376, 9.04789066315, 8.53028392792, 8.08445072174, -4.08487319946], [-38.9018630981, 0.912075281143, 42.5261039734, 45.2061042786, 49.8439826965, 76.5308609009, 98.56690979, 59.661895752, 21.1093387604, 6.94275665283, 4.89831781387, -5.1628780365, -4.42297267914], [-173.521759033, -50.1154747009, 29.8385753632, 14.884636879, 16.2894763947, 43.9405441284, 59.661895752, 93.2392730713, 45.3954391479, 28.6088542938, -0.96732968092, -1.95069217682, -10.2543478012], [51.1601028442, 34.1467628479, 28.410402298, 15.3628015518, 10.413816452, 15.8430719376, 21.1093387604, 45.3954391479, 66.8972625732, 34.8140907288, 9.20943927765, -6.21354007721, -5.10792350769], [-313.839660645, -92.1820373535, 23.8102016449, -0.579215824604, -10.4505281448, 9.04789066315, 6.94275665283, 28.6088542938, 34.8140907288, 73.2649459839, 30.3878898621, 18.6667060852, -5.03450155258], [-8.43050289154, 18.430355072, 24.1419124603, 13.2784662247, 11.3572673798, 8.53028392792, 4.89831781387, -0.96732968092, 9.20943927765, 30.3878898621, 61.4906730652, 30.4509887695, 6.939245224], [-297.132720947, -77.2491531372, 14.3043956757, -5.1903219223, -0.735769450665, 8.08445072174, -5.1628780365, -1.95069217682, -6.21354007721, 18.6667060852, 30.4509887695, 67.0009918213, 22.9217662811], [29.704908371, 10.0179929733, 1.61794149876, 6.82535076141, 2.60965418816, -4.08487319946, -4.42297267914, -10.2543478012, -5.10792350769, -5.03450155258, 6.939245224, 22.9217662811, 47.4468154907]],
        "icov": [[0.000865437497851, -0.00217430572957, 0.00152459461242, -0.00150767515879, 0.00137376377825, -0.000771771126892, 0.000448061909992, -0.000161742282216, -0.000138538554893, 0.000733361346647, -0.000592284603044, 0.00125295226462, -0.000508815865032], [-0.00217430572957, 0.00765752419829, -0.00418585864827, 0.00571891246364, -0.00538253923878, 0.00287229847163, -0.00195957440883, 0.00231409003027, -0.00358068034984, 0.00247502326965, -0.00204587518238, -0.00011131229985, 0.000155421847012], [0.00152459461242, -0.00418585864827, 0.0057159466669, -0.00382959865965, 0.000495056912769, -4.51747037005e-05, 0.000231394224102, -0.000781840470154, 0.000121572782518, -0.000442060554633, -0.000206622848054, 0.000739281531423, -0.000253977661487], [-0.00150767515879, 0.00571891246364, -0.00382959865965, 0.0169500950724, -0.0108138881624, 0.00217026565224, -0.00416980031878, 0.00365898595192, -0.00446326192468, 0.00188237172551, -0.00341923860833, 0.00294477841817, -0.00259092985652], [0.00137376377825, -0.00538253923878, 0.000495056912769, -0.0108138881624, 0.0238181576133, -0.0134928654879, 0.0037443251349, -0.000583567598369, 0.00102558522485, 0.00360172428191, -0.00120180903468, 0.000792832754087, -0.000148303297465], [-0.000771771126892, 0.00287229847163, -4.51747037005e-05, 0.00217026565224, -0.0134928654879, 0.0256157573313, -0.0150258224458, 0.00109463604167, -0.000479379232274, -0.00293283886276, 0.00283710076474, -0.00600264174864, 0.00347158382647], [0.000448061909992, -0.00195957440883, 0.000231394224102, -0.00416980031878, 0.0037443251349, -0.0150258224458, 0.031347155571, -0.0172213409096, 0.00568610336632, 0.00312790716998, -0.00496682943776, 0.00599464774132, -0.00279974308796], [-0.000161742282216, 0.00231409003027, -0.000781840470154, 0.00365898595192, -0.000583567598369, 0.00109463604167, -0.0172213409096, 0.0311148650944, -0.0175972357392, -0.000938294862863, 0.00471336347982, -0.00268865493126, 0.00297412904911], [-0.000138538554893, -0.00358068034984, 0.000121572782518, -0.00446326192468, 0.00102558522485, -0.000479379232274, 0.00568610336632, -0.0175972357392, 0.0371991060674, -0.0185592416674, 0.00373988016509, 0.00232245004736, -0.0015236667823], [0.000733361346647, 0.00247502326965, -0.000442060554633, 0.00188237172551, 0.00360172428191, -0.00293283886276, 0.00312790716998, -0.000938294862863, -0.0185592416674, 0.0368705838919, -0.0183846447617, 0.00274065905251, 0.0016798247816], [-0.000592284603044, -0.00204587518238, -0.000206622848054, -0.00341923860833, -0.00120180903468, 0.00283710076474, -0.00496682943776, 0.00471336347982, 0.00373988016509, -0.0183846447617, 0.0346227250993, -0.017435118556, 0.00397886754945], [0.00125295226462, -0.00011131229985, 0.000739281531423, 0.00294477841817, 0.000792832754087, -0.00600264174864, 0.00599464774132, -0.00268865493126, 0.00232245004736, 0.00274065905251, -0.017435118556, 0.0341093614697, -0.0151800233871], [-0.000508815865032, 0.000155421847012, -0.000253977661487, -0.00259092985652, -0.000148303297465, 0.00347158382647, -0.00279974308796, 0.00297412904911, -0.0015236667823, 0.0016798247816, 0.00397886754945, -0.0151800233871, 0.0291979908943]]
    },
    "melbands": {
        "dmean": [0.000125398917589, 0.000474385131383, 0.000696253380738, 0.000566030794289, 0.000289866991807, 0.000109774904558, 8.592587983e-05, 5.54573089175e-05, 3.90984168916e-05, 1.55603993335e-05, 1.39729390867e-05, 4.35400988863e-06, 4.44162560598e-06, 4.49148410553e-06, 2.43339786721e-06, 1.21827986277e-06, 8.5656029114e-07, 9.44967325722e-07, 1.27496093683e-06, 8.94836318821e-07, 5.16188094934e-07, 2.64684388185e-07, 1.06106625708e-07, 6.97744582112e-08, 3.15508970061e-08, 2.11897237534e-08, 2.76516303188e-08, 1.17102274544e-08, 6.68414035232e-09, 2.54463983218e-09, 1.80367731861e-09, 2.83597523243e-09, 3.84285270272e-09, 2.28435337313e-09, 8.97485086249e-10, 1.1547464096e-09, 1.16722786991e-09, 4.69152994231e-10, 5.06497899178e-10, 4.47642894974e-10],
        "dmean2": [0.000159747854923, 0.000581561820582, 0.0010959317442, 0.000831307494082, 0.000396936928155, 0.000142105578561, 0.000110898137791, 6.17388432147e-05, 4.84895317641e-05, 2.09453519346e-05, 1.77637230081e-05, 6.01371039011e-06, 6.39621111986e-06, 6.89089483785e-06, 3.79684183827e-06, 1.94869880943e-06, 1.3445736613e-06, 1.5532945099e-06, 2.09289032682e-06, 1.47070898038e-06, 8.41624341774e-07, 4.32713136433e-07, 1.7523217366e-07, 1.16135453254e-07, 5.22090672916e-08, 3.54120537338e-08, 4.63389149274e-08, 1.92192413095e-08, 1.09655617919e-08, 4.23061852217e-09, 2.98557334411e-09, 4.73083883179e-09, 6.44961772878e-09, 3.8097880406e-09, 1.51105838953e-09, 1.94125737707e-09, 1.93522886605e-09, 7.97326649149e-10, 8.6041540559e-10, 7.53792750441e-10],
        "dvar": [9.99451614803e-08, 9.95589175545e-07, 3.03085698761e-06, 1.51717676999e-06, 4.41475151547e-07, 5.66958249237e-08, 2.89650579077e-08, 6.45037445679e-08, 9.73263603044e-09, 1.08997288972e-09, 1.26320043314e-09, 9.69230529169e-11, 9.04343613883e-11, 2.47263959308e-10, 2.71838055538e-11, 9.06960617719e-12, 3.22692133431e-12, 3.79231455266e-12, 8.77613866995e-12, 6.26763614966e-12, 1.40476313307e-12, 3.36647376642e-13, 5.62710143238e-14, 3.38394812388e-14, 6.34773521046e-15, 2.51138047905e-15, 6.59066764786e-15, 1.02288588095e-15, 2.85732456364e-16, 3.97110155322e-17, 1.51257915939e-17, 3.85849944167e-17, 1.18055217024e-16, 3.48122170254e-17, 3.60994812849e-18, 4.65654046647e-18, 6.67073063471e-18, 9.35188687061e-19, 7.33958236398e-19, 5.72899191797e-19],
        "dvar2": [1.78189139888e-07, 1.60080594469e-06, 8.45894919621e-06, 4.20698279413e-06, 1.06243578557e-06, 1.12804087848e-07, 4.74854857657e-08, 5.76056038426e-08, 1.41198857051e-08, 1.72837888446e-09, 2.00418104335e-09, 1.72061323522e-10, 1.91641563729e-10, 6.09979344812e-10, 6.93438709232e-11, 2.37932503561e-11, 7.77303828942e-12, 1.01353682391e-11, 2.34232008789e-11, 1.62842204998e-11, 3.80414319837e-12, 8.73601104651e-13, 1.54748962125e-13, 8.87662474991e-14, 1.68073681464e-14, 6.84480463709e-15, 1.83408891102e-14, 2.6940052294e-15, 7.15011268661e-16, 1.06759020203e-16, 3.89175508014e-17, 9.66919873026e-17, 2.89693076546e-16, 8.63607462973e-17, 9.58821692111e-18, 1.24567386647e-17, 1.75275849487e-17, 2.55424894555e-18, 2.01978025482e-18, 1.48499640828e-18],
        "max": [0.0116613553837, 0.0518043525517, 0.0893804207444, 0.04660416767, 0.0293245390058, 0.0159054715186, 0.00644736923277, 0.0150740966201, 0.0059184092097, 0.00160956417676, 0.00139828969259, 0.000325706787407, 0.000238284192164, 0.000568504270632, 0.000124037396745, 0.000117066512757, 4.69897859148e-05, 4.40079711552e-05, 8.90345399966e-05, 9.06978893909e-05, 4.14105634263e-05, 1.70783405338e-05, 7.12595056029e-06, 9.54203642323e-06, 3.51025596501e-06, 1.67115547356e-06, 2.41152861236e-06, 1.82539554316e-06, 7.05437457782e-07, 4.87109161895e-07, 1.7349337611e-07, 5.35210745056e-07, 8.78228490819e-07, 3.49597456761e-07, 1.01770176286e-07, 7.69684760371e-08, 1.47192011468e-07, 3.85218648091e-08, 3.18379989039e-08, 3.0779744975e-08],
        "mean": [0.000415232643718, 0.00169403257314, 0.00198092753999, 0.00168951111846, 0.000976262672339, 0.000406952225603, 0.000256999483099, 0.000145773039549, 9.8995231383e-05, 3.87429136026e-05, 3.31179217028e-05, 1.10812170533e-05, 9.06438526727e-06, 8.76884405443e-06, 5.08005450683e-06, 2.38088455262e-06, 1.69952306805e-06, 1.84225666544e-06, 2.3959939881e-06, 1.72394425135e-06, 1.04258720057e-06, 5.62575166896e-07, 2.41585325966e-07, 1.5631579231e-07, 7.35167589028e-08, 5.30430241952e-08, 6.27866043601e-08, 3.02027380883e-08, 1.78818595487e-08, 7.39869587818e-09, 5.35452926442e-09, 8.28245294571e-09, 1.11403446468e-08, 6.71709310396e-09, 2.78476841586e-09, 3.58122886901e-09, 3.3436429181e-09, 1.54037183009e-09, 1.65681479647e-09, 1.50457712955e-09],
        "median": [0.000103432881588, 0.000561279593967, 0.000594085780904, 0.000656421878375, 0.000322593288729, 0.000140784191899, 9.79675460258e-05, 2.69405427389e-05, 2.96284160868e-05, 1.47873488459e-05, 1.04035025288e-05, 4.24981590186e-06, 3.543796538e-06, 2.93459811473e-06, 2.07127368412e-06, 9.48485990193e-07, 6.53032259379e-07, 7.48465026845e-07, 1.00284887594e-06, 5.42211807897e-07, 4.07981360695e-07, 2.272775248e-07, 1.05837322906e-07, 6.33029344499e-08, 2.952278777e-08, 2.35927135606e-08, 2.33041141939e-08, 1.22593561969e-08, 7.38838457082e-09, 3.56454354922e-09, 2.61258037426e-09, 4.27689972327e-09, 5.37564126546e-09, 3.0018365571e-09, 1.5484278304e-09, 1.97977989558e-09, 1.79181691706e-09, 9.70267532985e-10, 1.06497577423e-09, 9.54043510859e-10],
        "min": [1.13831658324e-23, 1.0005610377e-23, 1.12267047382e-23, 2.1635447098e-24, 1.04706904234e-23, 1.24308527895e-23, 3.45991553131e-24, 8.4556217605e-24, 5.6770217272e-24, 7.68054304415e-24, 1.66121689969e-23, 1.11603236708e-23, 7.95545396987e-24, 7.86117799195e-24, 5.35173729952e-24, 4.46240943599e-24, 8.61418280245e-24, 9.96970221741e-24, 1.05902833143e-23, 1.33869316963e-23, 7.69121948764e-24, 1.21984322787e-23, 1.43677035271e-23, 1.08960442235e-23, 1.8252987058e-23, 1.08557492084e-23, 1.08339829583e-23, 8.34083303246e-24, 1.04305918347e-23, 7.44931607992e-24, 1.20928566572e-23, 8.18306479572e-24, 7.63464711669e-24, 9.59859759291e-24, 1.16228083648e-23, 1.32133641533e-23, 7.81423287948e-24, 8.93680403572e-24, 8.78940853102e-24, 8.02861687453e-24],
        "var": [6.74202567552e-07, 1.06298966784e-05, 2.54025508184e-05, 9.46373256738e-06, 4.05356649935e-06, 6.37116897906e-07, 1.99567224968e-07, 3.42504023365e-07, 5.64461650754e-08, 5.42997424802e-09, 6.15469009091e-09, 4.61321425504e-10, 2.44726877652e-10, 5.388596791e-10, 7.01572133721e-11, 2.08094930176e-11, 9.04547530628e-12, 9.53568734391e-12, 1.95605788511e-11, 1.48260570487e-11, 3.50616410905e-12, 9.98971088143e-13, 1.83325292338e-13, 1.13052904711e-13, 2.14575942735e-14, 8.92587226191e-15, 1.88493579062e-14, 4.41820177991e-15, 1.32619387392e-15, 1.70621777328e-16, 7.15769442558e-17, 2.22576435737e-16, 5.07937335804e-16, 1.85405652161e-16, 1.67153035134e-17, 2.5679401909e-17, 2.59101505583e-17, 3.61694649006e-18, 3.28848134062e-18, 2.83243516223e-18]
    },
    "mfcc": {
        "mean": [-821.96472168, 222.16166687, 21.8587627411, 14.9981489182, 15.3236179352, -0.157067492604, -11.8715200424, -2.84221482277, -3.99543833733, -5.21353912354, -9.33916282654, -7.95243597031, 0.49363180995],
        "cov": [[5743.20166016, 1918.06506348, -624.488586426, 207.350646973, -32.4021224976, 55.6978416443, -72.1366958618, 97.386680603, -22.9660930634, 87.4819869995, -51.1370697021, -103.384902954, 61.3647346497], [1918.06506348, 1184.66174316, 17.6779727936, 78.0260696411, 77.894493103, 11.9593000412, -18.0220451355, 35.0424308777, 1.81840014458, 7.46762943268, -6.05728626251, -22.6479358673, 24.7316112518], [-624.488586426, 17.6779727936, 331.452392578, 62.5482711792, 78.5227050781, 28.031539917, 31.6378803253, 10.207654953, 25.6930522919, 1.96623158455, 29.6448345184, 35.3163986206, -3.28307461739], [207.350646973, 78.0260696411, 62.5482711792, 123.223892212, 58.5475006104, 37.2869491577, 27.4192523956, 21.552570343, 14.331035614, 17.6506671906, 5.60305690765, 2.49272227287, 8.99425697327], [-32.4021224976, 77.894493103, 78.5227050781, 58.5475006104, 113.38860321, 60.215473175, 33.0896339417, 26.6118068695, 14.7045812607, 1.06379961967, 10.2770814896, 12.9174966812, 4.40730237961], [55.6978416443, 11.9593000412, 28.031539917, 37.2869491577, 60.215473175, 99.3238449097, 59.2708282471, 38.0076637268, 16.7510566711, 6.8522772789, 11.3552560806, 8.9751625061, 9.41298675537], [-72.1366958618, -18.0220451355, 31.6378803253, 27.4192523956, 33.0896339417, 59.2708282471, 97.8528671265, 58.8992424011, 25.7299404144, 15.7282428741, 15.6145772934, 14.3651266098, 5.3132891655], [97.386680603, 35.0424308777, 10.207654953, 21.552570343, 26.6118068695, 38.0076637268, 58.8992424011, 89.8211135864, 48.077960968, 20.8375148773, 19.9172000885, 10.9481477737, 6.27028846741], [-22.9660930634, 1.81840014458, 25.6930522919, 14.331035614, 14.7045812607, 16.7510566711, 25.7299404144, 48.077960968, 79.0173950195, 45.2129821777, 18.3679885864, 9.86614704132, 3.41130638123], [87.4819869995, 7.46762943268, 1.96623158455, 17.6506671906, 1.06379961967, 6.8522772789, 15.7282428741, 20.8375148773, 45.2129821777, 82.5065994263, 37.6100921631, 6.90754079819, 3.28213500977], [-51.1370697021, -6.05728626251, 29.6448345184, 5.60305690765, 10.2770814896, 11.3552560806, 15.6145772934, 19.9172000885, 18.3679885864, 37.6100921631, 75.1999053955, 35.214389801, 6.51624298096], [-103.384902954, -22.6479358673, 35.3163986206, 2.49272227287, 12.9174966812, 8.9751625061, 14.3651266098, 10.9481477737, 9.86614704132, 6.90754079819, 35.214389801, 72.5082321167, 29.4729938507], [61.3647346497, 24.7316112518, -3.28307461739, 8.99425697327, 4.40730237961, 9.41298675537, 5.3132891655, 6.27028846741, 3.41130638123, 3.28213500977, 6.51624298096, 29.4729938507, 61.2609939575]],
