{
"lowlevel": {
    "average_loudness": 0.645149171352,
    "barkbands_crest": {
        "dmean": 2.08906340599,
        "dmean2": 3.28929662704,
        "dvar": 4.13641357422,
        "dvar2": 10.8775157928,
        "max": 25.6676025391,
        "mean": 11.2717542648,
        "median": 10.6742944717,
        "min": 2.80554962158,
        "var": 15.1863412857
    },
    "barkbands_flatness_db": {
        "dmean": 0.0301063302904,
        "dmean2": 0.0458456650376,
        "dvar": 0.00160683784634,
        "dvar2": 0.00372247234918,
        "max": 0.630352139473,
        "mean": 0.268874406815,
        "median": 0.273556888103,
        "min": 0.0404238179326,
        "var": 0.00816307961941
    },
    "barkbands_kurtosis": {
        "dmean": 5.12489652634,
        "dmean2": 7.82014322281,
        "dvar": 144.985046387,
        "dvar2": 290.094421387,
        "max": 974.19140625,
        "mean": 12.8715991974,
        "median": 5.38948297501,
        "min": -1.9410507679,
        "var": 862.650634766
    },
    "barkbands_skewness": {
        "dmean": 0.596874296665,
        "dmean2": 0.923612654209,
        "dvar": 0.608660519123,
        "dvar2": 1.50210261345,
        "max": 18.8825740814,
        "mean": 2.09264850616,
        "median": 1.73029494286,
        "min": -6.45315933228,
        "var": 3.42349743843
    },
    "barkbands_spread": {
        "dmean": 4.92658090591,
        "dmean2": 8.10125541687,
        "dvar": 126.478385925,
        "dvar2": 326.35925293,
        "max": 93.743598938,
        "mean": 13.4779644012,
        "median": 6.6025686264,
        "min": 0.153348460793,
        "var": 293.766601562
    },
    "dissonance": {
        "dmean": 0.0334256254137,
        "dmean2": 0.0542944297194,
        "dvar": 0.00115890847519,
        "dvar2": 0.00292038521729,
        "max": 0.500000238419,
        "mean": 0.403793483973,
        "median": 0.411100566387,
        "min": 0.0781705677509,
        "var": 0.00426106760278
    },
    "dynamic_complexity": 3.4852848053,
    "erbbands_crest": {
        "dmean": 2.20130634308,
        "dmean2": 3.47816085815,
        "dvar": 4.75203180313,
        "dvar2": 11.9319448471,
        "max": 32.0172462463,
        "mean": 11.9825773239,
        "median": 11.0177268982,
        "min": 2.70415687561,
        "var": 22.6260490417
    },
    "erbbands_flatness_db": {
        "dmean": 0.022853910923,
        "dmean2": 0.032946061343,
        "dvar": 0.000924365303945,
        "dvar2": 0.00182914233301,
        "max": 0.510051012039,
        "mean": 0.249497383833,
        "median": 0.258086264133,
        "min": 0.0601549297571,
        "var": 0.00538737699389
    },
    "erbbands_kurtosis": {
        "dmean": 1.98465061188,
        "dmean2": 3.03376054764,
        "dvar": 15.7246379852,
        "dvar2": 32.995349884,
        "max": 175.010055542,
        "mean": 4.33556652069,
        "median": 2.04920434952,
        "min": -1.88859260082,
        "var": 85.7831726074
    },
    "erbbands_skewness": {
        "dmean": 0.457652568817,
        "dmean2": 0.706417739391,
        "dvar": 0.38465359807,
        "dvar2": 0.925322175026,
        "max": 11.9787321091,
        "mean": 0.863974928856,
        "median": 0.782543301582,
        "min": -8.83173465729,
        "var": 2.14056754112
    },
    "erbbands_spread": {
        "dmean": 6.94885063171,
        "dmean2": 10.5008621216,
        "dvar": 124.930625916,
        "dvar2": 258.143585205,
        "max": 149.193222046,
        "mean": 29.9855079651,
        "median": 18.8472251892,
        "min": 0.676721096039,
        "var": 736.531982422
    },
    "hfc": {
        "dmean": 8.97246360779,
        "dmean2": 15.1908893585,
        "dvar": 763.850219727,
        "dvar2": 2067.28515625,
        "max": 261.929870605,
        "mean": 15.4768409729,
        "median": 5.90761137009,
        "min": 1.15675451488e-16,
        "var": 979.936279297
    },
    "melbands_crest": {
        "dmean": 2.7967402935,
        "dmean2": 4.53445768356,
        "dvar": 7.25928878784,
        "dvar2": 19.2336883545,
        "max": 32.3372573853,
        "mean": 15.5499725342,
        "median": 14.8399009705,
        "min": 1.57233297825,
        "var": 26.3972854614
    },
    "melbands_flatness_db": {
        "dmean": 0.0321787521243,
        "dmean2": 0.0494001731277,
        "dvar": 0.00216662930325,
        "dvar2": 0.00513946590945,
        "max": 0.766765594482,
        "mean": 0.335748761892,
        "median": 0.345779746771,
        "min": 0.00373928272165,
        "var": 0.0113378297538
    },
    "melbands_kurtosis": {
        "dmean": 9.08020782471,
        "dmean2": 14.2674846649,
        "dvar": 427.07800293,
        "dvar2": 1092.82788086,
        "max": 703.063659668,
        "mean": 22.1074924469,
        "median": 8.8022441864,
        "min": -1.95338630676,
        "var": 1573.4128418
    },
    "melbands_skewness": {
        "dmean": 0.707415759563,
        "dmean2": 1.07932627201,
        "dvar": 0.971997618675,
        "dvar2": 2.37074542046,
        "max": 22.5254688263,
        "mean": 2.82323431969,
        "median": 2.21863746643,
        "min": -2.70182561874,
        "var": 4.77414226532
    },
    "melbands_spread": {
        "dmean": 6.21339559555,
        "dmean2": 10.414855957,
        "dvar": 239.853408813,
        "dvar2": 629.41784668,
        "max": 233.949966431,
        "mean": 16.1940841675,
        "median": 7.49773979187,
        "min": 0.238746538758,
        "var": 682.072570801
    },
    "pitch_salience": {
        "dmean": 0.0634193867445,
        "dmean2": 0.103477992117,
        "dvar": 0.00407357886434,
        "dvar2": 0.0112622054294,
        "max": 0.880202054977,
        "mean": 0.519115686417,
        "median": 0.522485435009,
        "min": 0.0230995044112,
        "var": 0.0137114981189
    },
    "silence_rate_20dB": {
        "dmean": 0.000144833073136,
        "dmean2": 0.000289687130135,
        "dvar": 0.000144791876664,
        "dvar2": 0.00043436588021,
        "max": 1,
        "mean": 0.999927580357,
        "median": 1,
        "min": 0,
        "var": 7.24009951227e-05
    },
    "silence_rate_30dB": {
        "dmean": 0.0325874425471,
        "dmean2": 0.0651796087623,
        "dvar": 0.0315289050341,
        "dvar2": 0.062385968864,
        "max": 1,
        "mean": 0.954525709152,
        "median": 1,
        "min": 0,
        "var": 0.0434116981924
    },
    "silence_rate_60dB": {
        "dmean": 0.0121659785509,
        "dmean2": 0.0243337191641,
        "dvar": 0.0120160877705,
        "dvar2": 0.0264944750816,
        "max": 1,
        "mean": 0.0926864594221,
        "median": 0,
        "min": 0,
        "var": 0.0841098204255
    },
    "spectral_centroid": {
        "dmean": 237.752624512,
        "dmean2": 387.642456055,
        "dvar": 311155.625,
        "dvar2": 762254.375,
        "max": 11003.421875,
        "mean": 852.054870605,
        "median": 497.954803467,
        "min": 120.99647522,
        "var": 797244.0625
    },
    "spectral_complexity": {
        "dmean": 2.49489474297,
        "dmean2": 4.07879495621,
        "dvar": 22.6976222992,
        "dvar2": 55.4360198975,
        "max": 52,
        "mean": 9.50209999084,
        "median": 8,
        "min": 0,
        "var": 44.8246879578
    },
    "spectral_decrease": {
        "dmean": 2.99290126016e-09,
        "dmean2": 4.67401539694e-09,
        "dvar": 6.92352952034e-17,
        "dvar2": 1.60341311977e-16,
        "max": 8.94666659816e-19,
        "mean": -6.312638412e-09,
        "median": -3.71240416186e-09,
        "min": -9.46070386476e-08,
        "var": 9.84086517715e-17
    },
    "spectral_energy": {
        "dmean": 0.0118849445134,
        "dmean2": 0.0185808707029,
        "dvar": 0.00103821814992,
        "dvar2": 0.00239756796509,
        "max": 0.360314100981,
        "mean": 0.0252290926874,
        "median": 0.0148733891547,
        "min": 1.06909903388e-20,
        "var": 0.0014922627015
    },
    "spectral_energyband_high": {
        "dmean": 0.00106474431232,
        "dmean2": 0.00186809885781,
        "dvar": 1.60630042956e-05,
        "dvar2": 4.44397664978e-05,
        "max": 0.0414418131113,
        "mean": 0.00130447244737,
        "median": 2.77916260529e-05,
        "min": 7.92380300233e-21,
        "var": 1.9416133e-05
    },
    "spectral_energyband_low": {
        "dmean": 0.00800475571305,
        "dmean2": 0.0125207528472,
        "dvar": 0.000822772912215,
        "dvar2": 0.00194862217177,
        "max": 0.338621586561,
        "mean": 0.011044039391,
        "median": 0.00229865312576,
        "min": 3.53440167124e-23,
        "var": 0.00100963935256
    },
    "spectral_energyband_middle_high": {
        "dmean": 0.00086283206474,
        "dmean2": 0.00139816384763,
        "dvar": 7.17044986231e-06,
        "dvar2": 1.94251115317e-05,
        "max": 0.0349632017314,
        "mean": 0.00171578931622,
        "median": 0.000635308679193,
        "min": 1.42642641724e-21,
        "var": 9.11456663744e-06
    },
    "spectral_energyband_middle_low": {
        "dmean": 0.00407251343131,
        "dmean2": 0.00653176521882,
        "dvar": 0.000118368523545,
        "dvar2": 0.000301535794279,
        "max": 0.347513347864,
        "mean": 0.0125746605918,
        "median": 0.0100290514529,
        "min": 2.9752796546e-22,
        "var": 0.000218930043047
    },
    "spectral_entropy": {
        "dmean": 0.240999609232,
        "dmean2": 0.356658756733,
        "dvar": 0.133192121983,
        "dvar2": 0.275355100632,
        "max": 9.81360816956,
        "mean": 6.50494527817,
        "median": 6.36648654938,
        "min": 3.18834280968,
        "var": 0.764809966087
    },
    "spectral_flux": {
        "dmean": 0.0268486980349,
        "dmean2": 0.0427265241742,
        "dvar": 0.00286107300781,
        "dvar2": 0.0063469465822,
        "max": 0.537890613079,
        "mean": 0.0611866749823,
        "median": 0.038783878088,
        "min": 1.03397242157e-10,
        "var": 0.00464912876487
    },
    "spectral_kurtosis": {
        "dmean": 5.65100193024,
        "dmean2": 9.45336914062,
        "dvar": 145.105499268,
        "dvar2": 357.195800781,
        "max": 459.788635254,
        "mean": 15.0888261795,
        "median": 7.57708644867,
        "min": -1.44168412685,
        "var": 911.818115234
    },
    "spectral_rms": {
        "dmean": 0.000836343795527,
        "dmean2": 0.00126841454767,
        "dvar": 2.55765371548e-06,
        "dvar2": 5.47369745618e-06,
        "max": 0.018749024719,
        "mean": 0.00425276719034,
        "median": 0.00380928115919,
        "min": 3.22958738745e-12,
        "var": 6.52774406262e-06
    },
    "spectral_rolloff": {
        "dmean": 377.132049561,
        "dmean2": 675.955810547,
        "dvar": 1078052.875,
        "dvar2": 2643478.5,
        "max": 19681.3476562,
        "mean": 1207.26867676,
        "median": 538.330078125,
        "min": 86.1328125,
        "var": 3824848.25
    },
    "spectral_skewness": {
        "dmean": 0.475362122059,
        "dmean2": 0.76605373621,
        "dvar": 0.433429390192,
        "dvar2": 0.933737039566,
        "max": 17.9544563293,
        "mean": 2.54586148262,
        "median": 2.30597448349,
        "min": -1.95864760876,
        "var": 3.74517774582
    },
    "spectral_spread": {
        "dmean": 502833.90625,
        "dmean2": 775307.6875,
        "dvar": 619362975744,
        "dvar2": 1.05396358349e+12,
        "max": 49837812,
        "mean": 3758430,
        "median": 3185562,
        "min": 253515.21875,
        "var": 3.97280280576e+12
    },
    "spectral_strongpeak": {
        "dmean": 0.282958567142,
        "dmean2": 0.489170581102,
        "dvar": 0.322261214256,
        "dvar2": 0.87136054039,
        "max": 12.1896295547,
        "mean": 0.680155396461,
        "median": 0.486595928669,
        "min": 0,
        "var": 0.497348457575
    },
    "zerocrossingrate": {
        "dmean": 0.00691772438586,
        "dmean2": 0.00850450247526,
        "dvar": 0.000143079727422,
        "dvar2": 0.000164038952789,
        "max": 0.51416015625,
        "mean": 0.0436164923012,
        "median": 0.02587890625,
        "min": 0.00439453125,
        "var": 0.00276884203777
    },
    "barkbands": {
        "dmean": [0.00111123279203, 0.00477789156139, 0.00207543349825, 0.00168848084286, 0.00190364848822, 0.0010311199585, 0.000619089812972, 0.000272787321592, 0.000216422748053, 0.000126763945445, 6.43088424113e-05, 0.000122620011098, 0.000118204799946, 0.000155031855684, 2.91786836897e-05, 2.34362960327e-05, 9.93535286398e-05, 7.77798777563e-05, 0.000119195632578, 0.000290560157737, 0.000492450897582, 0.000224718824029, 0.000108499029011, 7.85707379691e-05, 5.64483380003e-05, 2.76738464891e-05, 7.47991907701e-06],
        "dmean2": [0.0014719592873, 0.00745738018304, 0.00344194890931, 0.00277693057433, 0.00300331390463, 0.00164778064936, 0.0010452120332, 0.000390958040953, 0.000298085389659, 0.000161613585078, 9.44885687204e-05, 0.000169726612512, 0.000172689309693, 0.000270636053756, 4.79856280435e-05, 4.02145305998e-05, 0.000181144525413, 0.000141318902024, 0.000214125684579, 0.000539152766578, 0.000903763633687, 0.000389080640161, 0.000170766725205, 0.000133346082293, 9.16198914638e-05, 4.37141134171e-05, 1.14696240416e-05],
        "dvar": [2.7512664019e-05, 0.000447748316219, 4.26984297519e-05, 2.9179145713e-05, 2.71894750767e-05, 8.45624253998e-06, 3.82744519811e-06, 8.04086823791e-07, 5.48296497982e-07, 1.94408897869e-07, 8.39790814666e-08, 1.79707029702e-07, 1.85167010613e-07, 7.83194820997e-07, 1.97659630885e-08, 5.79285286406e-09, 1.16154957652e-07, 1.0455940469e-07, 3.13533263352e-07, 1.57919225785e-06, 5.49592959942e-06, 6.08802110946e-07, 1.52925622388e-07, 8.21999748268e-08, 3.98325674666e-08, 1.9276003016e-08, 1.47537138062e-09],
        "dvar2": [5.18229026056e-05, 0.00111217133235, 0.000124964208226, 8.30167773529e-05, 6.69072687742e-05, 1.79568014573e-05, 1.03353531813e-05, 1.60886759204e-06, 1.13595604034e-06, 4.23912155156e-07, 1.89015793239e-07, 3.91217866991e-07, 4.34312511288e-07, 2.1272308004e-06, 4.29579856132e-08, 1.52742991588e-08, 3.29979940261e-07, 3.00353860894e-07, 9.07658943561e-07, 4.55950294054e-06, 1.58248567459e-05, 1.62840944995e-06, 3.22703499478e-07, 2.09653322258e-07, 8.97483971585e-08, 4.48589965174e-08, 2.89084112204e-09],
        "max": [0.0588143020868, 0.25003027916, 0.101543925703, 0.106603227556, 0.18731854856, 0.238086014986, 0.102487333119, 0.0395362973213, 0.0316518731415, 0.0312509797513, 0.0143090030178, 0.0113945277408, 0.00934368185699, 0.0112631553784, 0.0114763770252, 0.00220245425589, 0.00390140153468, 0.00404630880803, 0.00617001904175, 0.0118406517431, 0.0233390349895, 0.0121151991189, 0.00890655070543, 0.00523789832368, 0.00333061791025, 0.00316312909126, 0.000768395664636],
        "mean": [0.00111895031296, 0.00526371365413, 0.00331897754222, 0.00264286831953, 0.00463379127905, 0.00230932608247, 0.00131764158141, 0.000897310848814, 0.000644436688162, 0.000469673163025, 0.000128218656755, 0.000331800983986, 0.000287716538878, 0.000129764855956, 3.80074270652e-05, 2.87419916276e-05, 8.34690508782e-05, 6.6042492108e-05, 0.000113472298835, 0.000239311251789, 0.000468560698209, 0.000292530108709, 0.000179218492121, 0.000100920624391, 7.76151136961e-05, 3.77678370569e-05, 9.20239835978e-06],
        "median": [1.96881092052e-06, 3.80605670216e-05, 0.00085577275604, 0.000930946436711, 0.00308009702712, 0.0012237111805, 0.000417068251409, 0.000131398264784, 0.000118381882203, 5.89541668887e-05, 1.97298868443e-05, 1.64645625773e-05, 1.5065936168e-05, 3.5224502426e-06, 7.36041602067e-06, 8.47074988997e-06, 1.42298285937e-05, 6.41066981188e-06, 4.76281365991e-06, 1.74624960891e-06, 8.30817225506e-06, 7.15909300197e-06, 4.61678155261e-06, 6.95176538557e-07, 1.76471871782e-07, 8.53477502005e-08, 1.51518122493e-08],
        "min": [4.26142582114e-24, 8.82714527014e-24, 4.53488642609e-24, 9.51168720926e-24, 7.43519326091e-23, 2.15020621574e-23, 4.68543556003e-23, 3.3066212403e-23, 3.44351826853e-23, 5.48906520357e-23, 4.91212894064e-23, 8.93431170857e-23, 7.50672969215e-23, 1.14921862518e-22, 1.20041557171e-22, 1.23170697014e-22, 1.38589734402e-22, 7.30353616236e-23, 2.85753591672e-22, 2.84110615287e-22, 3.77887168526e-22, 5.11855717879e-22, 5.60095685572e-22, 7.3800545342e-22, 1.23867843057e-21, 1.77459584494e-21, 2.28101536455e-21],
        "var": [3.60702542821e-05, 0.000480453280034, 4.27423728979e-05, 2.66687147814e-05, 5.5120093748e-05, 2.32525035244e-05, 6.81781330059e-06, 3.89085153074e-06, 2.26305132855e-06, 9.80877189249e-07, 1.89925046357e-07, 7.7828775602e-07, 7.90243234405e-07, 5.73253998937e-07, 3.44231807503e-08, 6.55465903776e-09, 7.81298723496e-08, 7.57596865242e-08, 2.06756084253e-07, 1.07798484805e-06, 4.21034428655e-06, 9.84113512459e-07, 4.82342159103e-07, 1.21786285945e-07, 8.16508745061e-08, 3.37043850607e-08, 2.39437381033e-09]
    },
    "erbbands": {
        "dmean": [0.161884129047, 0.984383702278, 2.57481956482, 3.98704648018, 5.35527324677, 6.87193441391, 9.75318145752, 8.58770847321, 8.29493713379, 5.25466680527, 6.3002166748, 6.17326784134, 2.8276655674, 4.30982017517, 3.11672663689, 4.7672123909, 5.37817621231, 8.17640781403, 2.89825677872, 1.42665779591, 1.63381063938, 5.85685777664, 4.61817598343, 3.88609528542, 8.46453475952, 14.3172979355, 23.0810279846, 13.0137805939, 9.20345306396, 4.97112369537, 2.62860870361, 1.77083218098, 1.29985535145, 0.681332051754, 0.422153383493, 0.16635350883, 0.038608841598, 0.00962315872312, 0.00109525758307, 7.24173878552e-05],
        "dmean2": [0.234659478068, 1.65711510181, 4.2713727951, 6.59158849716, 8.78424167633, 10.407746315, 15.3528175354, 14.2517700195, 13.6121826172, 8.77241325378, 8.87409687042, 8.4396572113, 3.67292618752, 5.52269697189, 4.63712644577, 6.39859580994, 7.77698230743, 14.0971269608, 4.93794250488, 2.37364888191, 2.83572173119, 10.6451311111, 8.43361377716, 6.96516132355, 15.3995609283, 26.4979724884, 42.816242218, 23.4413433075, 16.2015171051, 7.9033408165, 4.27409934998, 2.92833995819, 2.28057289124, 1.174020648, 0.678880691528, 0.266156613827, 0.0590311102569, 0.0147665375844, 0.00165747106075, 0.000113322210382],
        "dvar": [0.456663310528, 22.6131725311, 83.7348709106, 115.837127686, 558.99822998, 247.281295776, 930.498352051, 402.130645752, 794.579345703, 243.577926636, 400.673278809, 407.636779785, 195.537078857, 190.516296387, 142.924575806, 277.833648682, 373.62310791, 2132.96508789, 173.850265503, 21.761636734, 23.7733783722, 413.839416504, 354.973052979, 211.891784668, 1789.66357422, 4161.48242188, 13517.8896484, 2451.28442383, 1157.08007812, 306.287445068, 99.7420043945, 51.8097038269, 21.088470459, 5.41975212097, 2.27279400826, 0.611417710781, 0.0401507951319, 0.00274646957405, 3.09173410642e-05, 8.11247886645e-08],
        "dvar2": [0.899013578892, 63.240032196, 240.501434326, 328.247528076, 1552.20825195, 558.712097168, 1724.33605957, 1066.27441406, 2067.43139648, 593.48034668, 697.440673828, 850.041503906, 422.601867676, 378.684783936, 346.974182129, 569.446472168, 874.000732422, 5810.34179688, 437.610229492, 51.696056366, 63.3506202698, 1175.10388184, 1019.06402588, 603.741210938, 5202.31005859, 12028.1132812, 39192.375, 6875.40136719, 3219.88037109, 634.145629883, 242.304458618, 131.712463379, 55.0060462952, 13.3990907669, 4.81127548218, 1.41652655602, 0.0847266614437, 0.00579072441906, 6.05723325862e-05, 1.62342431054e-07],
        "max": [6.29768562317, 64.1813735962, 121.175926208, 205.172592163, 734.187316895, 593.192932129, 2165.42358398, 1205.57629395, 1816.14428711, 791.671875, 822.924804688, 671.246826172, 1263.99023438, 680.867919922, 364.427886963, 478.326843262, 437.336334229, 583.444946289, 643.171691895, 225.51020813, 102.172607422, 231.122146606, 202.470230103, 192.88961792, 466.3565979, 660.650024414, 1162.32250977, 610.55871582, 385.988952637, 464.191040039, 144.362960815, 158.885543823, 73.2590332031, 31.9268169403, 28.6512126923, 18.0989227295, 4.67194414139, 1.00079929829, 0.124594405293, 0.00531409401447],
        "mean": [0.175498232245, 1.07509112358, 3.76107335091, 6.93138790131, 9.40312862396, 17.3306217194, 22.0922241211, 18.5500659943, 20.3903465271, 12.7795858383, 21.7978992462, 19.26704216, 9.72658538818, 15.4252195358, 7.12315130234, 13.9089775085, 14.042432785, 7.63333272934, 3.21492409706, 1.83285212517, 1.92891323566, 4.85676717758, 3.78050923347, 4.26396656036, 7.55860567093, 12.0227899551, 19.6508369446, 14.2347755432, 10.6670894623, 8.74171924591, 4.13894939423, 2.44105243683, 1.56366765499, 0.900822758675, 0.553069531918, 0.226735293865, 0.0534938052297, 0.0123973563313, 0.0013955013128, 0.000101217221527],
        "median": [0.00127507804427, 0.0207516811788, 0.68345117569, 3.35301232338, 4.68127632141, 10.3946151733, 13.3482761383, 8.22296142578, 7.34351062775, 5.28283500671, 3.84010457993, 4.37978553772, 2.43656539917, 2.20540642738, 1.76818728447, 0.852573394775, 0.892990708351, 0.306230425835, 0.43306428194, 0.441988706589, 0.61025094986, 0.766658782959, 0.444273412228, 0.337447196245, 0.169916778803, 0.101246327162, 0.181684449315, 0.450247883797, 0.251689612865, 0.144067198038, 0.109550610185, 0.0282570198178, 0.00750043988228, 0.0022806590423, 0.00108155910857, 0.000469187274575, 0.00011829793948, 2.59018524957e-05, 1.32085615405e-05, 1.91260078282e-05],
        "min": [4.22397401858e-22, 1.67649244643e-21, 7.22195236949e-21, 2.73909550737e-20, 8.93873858898e-20, 2.50101987313e-19, 2.30842043178e-19, 2.51922069004e-19, 5.75437654001e-19, 7.31041752654e-19, 1.07676964449e-18, 7.1890479002e-19, 9.01579098002e-19, 2.37065827655e-18, 1.90244075582e-18, 4.19852932053e-18, 3.0294840598e-18, 5.66650359257e-18, 8.17866476138e-18, 6.9713160752e-18, 6.13746466459e-18, 8.43326268211e-18, 4.91258057661e-18, 1.49036340424e-17, 1.06982717965e-17, 1.32629378411e-17, 1.30973950122e-17, 1.64861579401e-17, 1.65484926167e-17, 1.7600854953e-17, 1.51956387248e-17, 1.2942603877e-17, 1.37632059222e-17, 1.11017820798e-17, 9.16608762937e-18, 6.99899602003e-18, 3.03017124009e-18, 1.17670722795e-18, 3.06952973441e-19, 3.58720088136e-20],
        "var": [0.597620904446, 19.5450630188, 82.9627075195, 123.982696533, 493.470703125, 738.900512695, 2309.24243164, 1175.10327148, 1473.29064941, 516.134460449, 2239.96533203, 1749.05004883, 521.829772949, 1052.08911133, 295.481384277, 1409.9050293, 1821.0201416, 1587.52319336, 205.541244507, 33.8862228394, 25.0815563202, 276.887237549, 231.365570068, 221.450256348, 1098.31335449, 2997.08520508, 8912.99707031, 2873.41430664, 1416.77709961, 1080.47485352, 212.3203125, 76.6367416382, 29.245803833, 10.0395078659, 4.72731399536, 1.11566948891, 0.0754475072026, 0.00434449966997, 5.31704827154e-05, 1.32705395117e-07]
    },
    "gfcc": {
        "mean": [-110.645927429, 135.862213135, -96.6853790283, 24.859828949, -81.6988220215, -12.8089427948, -33.2890434265, -20.1874141693, -16.4343967438, -21.57122612, -19.2252483368, -2.32899975777, -9.86664581299],
        "cov": [[11486.5205078, -2571.15649414, 800.595458984, 1165.92944336, 294.690063477, 970.587341309, 168.581451416, 944.436218262, -966.966247559, 1318.91491699, 232.18977356, -71.5218582153, -195.977783203], [-2571.15649414, 4508.51318359, -441.896118164, -1096.95581055, 597.054382324, -59.2852478027, 413.013336182, -535.734802246, 691.585998535, -546.578918457, 169.573898315, 38.3905067444, 146.08644104], [800.595458984, -441.896118164, 2064.21679688, 333.783508301, 128.492111206, 201.077545166, -35.6542778015, 353.072570801, -333.299804688, 403.938903809, -11.8813848495, -129.87399292, -121.706748962], [1165.92944336, -1096.95581055, 333.783508301, 955.269287109, -35.1203346252, 15.3434028625, 38.5913887024, 247.995697021, -73.260559082, 108.787612915, -8.44683933258, 21.1930198669, -17.2562160492], [294.690063477, 597.054382324, 128.492111206, -35.1203346252, 536.303771973, 240.920974731, 188.202880859, 27.6354122162, 40.669052124, 158.177703857, 17.8004493713, -40.037727356, 20.760187149], [970.587341309, -59.2852478027, 201.077545166, 15.3434028625, 240.920974731, 435.38684082, 132.589141846, 223.727737427, -125.358978271, 152.267944336, 153.018066406, -27.5669174194, -103.038482666], [168.581451416, 413.013336182, -35.6542778015, 38.5913887024, 188.202880859, 132.589141846, 266.189727783, 69.94090271, 63.0877113342, 71.1949081421, 25.9444503784, 12.098572731, 54.0536384583], [944.436218262, -535.734802246, 353.072570801, 247.995697021, 27.6354122162, 223.727737427, 69.94090271, 423.757843018, -154.833694458, 118.99937439, 187.899597168, 18.1913375854, -70.0717849731], [-966.966247559, 691.585998535, -333.299804688, -73.260559082, 40.669052124, -125.358978271, 63.0877113342, -154.833694458, 380.888519287, -207.296173096, -63.9613838196, 49.2863273621, 35.3067207336], [1318.91491699, -546.578918457, 403.938903809, 108.787612915, 158.177703857, 152.267944336, 71.1949081421, 118.99937439, -207.296173096, 658.698303223, -118.140815735, -123.359260559, 96.9961013794], [232.18977356, 169.573898315, -11.8813848495, -8.44683933258, 17.8004493713, 153.018066406, 25.9444503784, 187.899597168, -63.9613838196, -118.140815735, 467.606964111, 61.3345718384, -132.852706909], [-71.5218582153, 38.3905067444, -129.87399292, 21.1930198669, -40.037727356, -27.5669174194, 12.098572731, 18.1913375854, 49.2863273621, -123.359260559, 61.3345718384, 178.128677368, 43.1678886414], [-195.977783203, 146.08644104, -121.706748962, -17.2562160492, 20.760187149, -103.038482666, 54.0536384583, -70.0717849731, 35.3067207336, 96.9961013794, -132.852706909, 43.1678886414, 262.895812988]],
        "icov": [[0.000194846506929, -0.000144012752571, 0.000156434500241, -0.000308836053591, 0.000106749110273, -0.00027811122709, 0.000241356174229, -0.000208054305403, 0.000404331862228, -0.000449128390756, 0.000182291652891, -0.000314959004754, 0.000310155621264], [-0.000144012752571, 0.0012267784914, -0.000578836421482, 0.00122059916612, -0.000847945048008, 0.000510125537403, -0.00172666064464, 0.00118275580462, -0.00141651136801, 0.00116994103882, -0.00117847020738, 0.000849564734381, -0.00101619132329], [0.000156434500241, -0.000578836421482, 0.00104108301457, -0.000726005178876, 8.21123176138e-05, -8.09936900623e-05, 0.00105509324931, -0.00117869314272, 0.00112456467468, -0.00092829822097, 0.000832942081615, -0.000390645553125, 0.000979780685157], [-0.000308836053591, 0.00122059916612, -0.000726005178876, 0.00275716604665, -0.000885473389644, 0.00134596473072, -0.00203612167388, 0.000147570317495, -0.00161092483904, 0.00131713785231, -0.000825358671136, 0.00072748324601, -0.000814338680357], [0.000106749110273, -0.000847945048008, 8.21123176138e-05, -0.000885473389644, 0.00418186653405, -0.00257935980335, -0.000119102835015, 0.000393102207454, 3.00872416119e-05, -0.00121955305804, 0.000498758279718, -0.000134488480398, 3.87898144254e-05], [-0.00027811122709, 0.000510125537403, -8.09936900623e-05, 0.00134596473072, -0.00257935980335, 0.00686009693891, -0.00252273748629, -0.00171795603819, 0.000627243658528, 0.000232785401749, -0.000642991333734, 0.00011232317047, 0.00199976749718], [0.000241356174229, -0.00172666064464, 0.00105509324931, -0.00203612167388, -0.000119102835015, -0.00252273748629, 0.00922824256122, -0.0026259792503, 0.000233752347413, -0.00193465768825, 0.00140489998739, -0.00105833192356, -0.000516338564921], [-0.000208054305403, 0.00118275580462, -0.00117869314272, 0.000147570317495, 0.000393102207454, -0.00171795603819, -0.0026259792503, 0.00694700563326, -0.000921428960282, 0.000868498929776, -0.00274504930712, 0.000186746503459, -0.00127566768788], [0.000404331862228, -0.00141651136801, 0.00112456467468, -0.00161092483904, 3.00872416119e-05, 0.000627243658528, 0.000233752347413, -0.000921428960282, 0.00677052559331, -0.000569155148696, 0.00208561564796, -0.00183551339433, 0.00210928334855], [-0.000449128390756, 0.00116994103882, -0.00092829822097, 0.00131713785231, -0.00121955305804, 0.000232785401749, -0.00193465768825, 0.000868498929776, -0.000569155148696, 0.00472028926015, -0.000568425748497, 0.00287210894749, -0.00293538696133], [0.000182291652891, -0.00117847020738, 0.000832942081615, -0.000825358671136, 0.000498758279718, -0.000642991333734, 0.00140489998739, -0.00274504930712, 0.00208561564796, -0.000568425748497, 0.00481338147074, -0.00200409372337, 0.0025013720151], [-0.000314959004754, 0.000849564734381, -0.000390645553125, 0.00072748324601, -0.000134488480398, 0.00011232317047, -0.00105833192356, 0.000186746503459, -0.00183551339433, 0.00287210894749, -0.00200409372337, 0.00908961705863, -0.00383640103973], [0.000310155621264, -0.00101619132329, 0.000979780685157, -0.000814338680357, 3.87898144254e-05, 0.00199976749718, -0.000516338564921, -0.00127566768788, 0.00210928334855, -0.00293538696133, 0.0025013720151, -0.00383640103973, 0.00824041571468]]
    },
    "melbands": {
        "dmean": [0.00138594070449, 0.00133988913149, 0.000717345334124, 0.000450562249171, 0.000315835408401, 0.000185036173207, 0.000131651977426, 5.71713790123e-05, 4.74906846648e-05, 3.60107878805e-05, 1.36297749123e-05, 1.81663926924e-05, 8.90651790542e-06, 1.51853837451e-05, 1.2043681636e-05, 1.15533857752e-05, 1.63746226463e-05, 5.28435020897e-06, 2.17262663682e-06, 1.76892535819e-06, 1.9082133349e-06, 6.23733558314e-06, 5.07664844918e-06, 3.86048941436e-06, 2.93500556836e-06, 4.9482855502e-06, 7.75413536758e-06, 9.86889335763e-06, 1.23792951854e-05, 1.6726908143e-05, 5.23481821801e-06, 6.13029760643e-06, 3.21821494254e-06, 2.79990740637e-06, 1.66722418271e-06, 1.13048861294e-06, 1.19115190955e-06, 1.01792932128e-06, 6.70241831813e-07, 5.68447887872e-07],
        "dmean2": [0.00208337861113, 0.0022277389653, 0.00119260512292, 0.000702603138052, 0.000492468068842, 0.000303708016872, 0.000218361150473, 9.2379101261e-05, 6.62639504299e-05, 4.95614985994e-05, 1.78180434887e-05, 2.33105656662e-05, 1.33145967993e-05, 2.10130056075e-05, 1.71196443262e-05, 1.78920709004e-05, 2.83400531771e-05, 8.99469705473e-06, 3.57882436219e-06, 3.05027901959e-06, 3.30069724441e-06, 1.13205360321e-05, 9.33880983212e-06, 6.99874226484e-06, 5.24218330611e-06, 8.98214420886e-06, 1.43501720231e-05, 1.8213147996e-05, 2.28545541177e-05, 3.09402967105e-05, 9.22866638575e-06, 1.09971533675e-05, 5.21058746017e-06, 4.38396773461e-06, 2.74915919363e-06, 1.80292272489e-06, 2.01388024834e-06, 1.78571394827e-06, 1.17430386126e-06, 9.77095055532e-07],
        "dvar": [3.47915301973e-05, 2.84069246845e-05, 5.10508016305e-06, 1.76434218702e-06, 7.9943822584e-07, 2.06042784612e-07, 1.78994341127e-07, 2.64827768603e-08, 2.30957031278e-08, 1.42303866468e-08, 4.62695481929e-09, 3.34792571444e-09, 1.284679918e-09, 2.67641087071e-09, 2.02602357113e-09, 2.03241556918e-09, 9.0635579042e-09, 5.69365665726e-10, 8.43730987854e-11, 3.52339962761e-11, 3.36787125965e-11, 4.50832676746e-10, 3.62828295186e-10, 2.80539674824e-10, 1.08113101804e-10, 6.23531504207e-10, 1.46280143554e-09, 1.90265714295e-09, 3.56199914009e-09, 7.09316561043e-09, 2.98721825054e-10, 6.73697431175e-10, 1.24895829789e-10, 1.06084890872e-10, 4.15222335681e-11, 1.7594797147e-11, 2.40673730945e-11, 1.27950419357e-11, 5.43169155487e-12, 3.52067745617e-12],
        "dvar2": [7.63265707064e-05, 8.05709350971e-05, 1.45228686961e-05, 4.62009074909e-06, 1.43997385749e-06, 5.00867997744e-07, 4.72134871643e-07, 6.32226431208e-08, 3.96663999425e-08, 2.96782030063e-08, 1.00301189576e-08, 6.69263888753e-09, 3.03385849776e-09, 5.86932591418e-09, 4.86220352869e-09, 5.16675502382e-09, 2.45662619136e-08, 1.44371070654e-09, 1.89198143263e-10, 9.44702857608e-11, 9.03351352055e-11, 1.2707379593e-09, 1.04407349433e-09, 8.08004163577e-10, 3.04284097918e-10, 1.80887982371e-09, 4.25735624532e-09, 5.48634693232e-09, 1.03353441361e-08, 2.04803765058e-08, 7.84175668844e-10, 1.90519400256e-09, 3.13521597572e-10, 2.12348333362e-10, 1.04024698577e-10, 4.03715290365e-11, 6.25033705348e-11, 3.35118287287e-11, 1.44987884546e-11, 8.41491633319e-12],
        "max": [0.0599953308702, 0.074585609138, 0.0449111573398, 0.0429416373372, 0.064893424511, 0.0314949005842, 0.0248351506889, 0.00679997121915, 0.00744766369462, 0.00451887072995, 0.00614126212895, 0.00267879944295, 0.00103539880365, 0.00132576120086, 0.00152902991977, 0.000980728538707, 0.00117659603711, 0.00094597885618, 0.000632416747976, 0.00017009358271, 0.000147409926285, 0.00030135695124, 0.000245114846621, 0.000201893431949, 0.00019348396745, 0.000276299251709, 0.00041132766637, 0.000477881490951, 0.000587995513342, 0.000846840790473, 0.000402707897592, 0.000277780723991, 0.000229297729675, 0.000311433541356, 9.13353069336e-05, 0.000109592954686, 0.000108286476461, 5.87280519539e-05, 3.35238255502e-05, 3.16924379149e-05],
        "mean": [0.00152267038357, 0.00182535429485, 0.00124522997066, 0.000967360800132, 0.00078774994472, 0.000406317441957, 0.000308558664983, 0.000152547145262, 0.000169406834175, 0.000108214742795, 4.51228152087e-05, 6.47434862913e-05, 1.83601223398e-05, 4.14819005528e-05, 3.075292625e-05, 2.45201827056e-05, 1.3559009858e-05, 5.59302498004e-06, 2.73317300525e-06, 2.12225336327e-06, 2.19245930566e-06, 5.18247179571e-06, 3.99537293561e-06, 3.22599635183e-06, 3.36040670845e-06, 4.30725594924e-06, 6.78820651956e-06, 7.99170084065e-06, 1.00356664916e-05, 1.50082732944e-05, 6.1597261265e-06, 6.1921955421e-06, 5.28883219886e-06, 4.6518880481e-06, 2.40815529651e-06, 1.68520591615e-06, 1.46705008319e-06, 1.22125607049e-06, 7.59836893849e-07, 7.52788594127e-07],
        "median": [1.20552413136e-05, 0.00024739903165, 0.000616856152192, 0.000565319089219, 0.000509539269842, 0.000186412304174, 0.000101912155515, 5.5441443692e-05, 2.84746274701e-05, 2.11572023545e-05, 8.26682116895e-06, 8.54898826219e-06, 4.37760445493e-06, 2.73424006991e-06, 1.98083739633e-06, 1.19823630484e-06, 3.54432415861e-07, 5.0626221082e-07, 5.5459588566e-07, 5.56513555239e-07, 6.67616632199e-07, 7.83754899203e-07, 5.24118718204e-07, 3.18995716952e-07, 2.44701368501e-07, 1.26945593593e-07, 9.28127761313e-08, 4.64083740326e-08, 8.72910987937e-08, 1.63320578395e-07, 2.79793653135e-07, 1.39758157047e-07, 7.88721052913e-08, 7.64074812309e-08, 6.44687290219e-08, 2.88394979009e-08, 9.77650760348e-09, 4.7760617683e-09, 2.4385755637e-09, 1.53553414428e-09],
        "min": [3.14542311524e-24, 5.94063971464e-24, 4.53094527701e-24, 1.49137498902e-23, 9.6715640712e-24, 4.84470208028e-24, 8.88447968074e-24, 7.24570240281e-24, 9.73360798139e-24, 3.81991141654e-24, 4.91851303417e-24, 1.00389026737e-23, 6.79727363238e-24, 7.78228716827e-24, 7.05903188023e-24, 7.14780870878e-24, 1.03725356164e-23, 1.33553788378e-23, 9.96119277483e-24, 8.66152234537e-24, 6.60461210565e-24, 9.18841516574e-24, 5.10806605451e-24, 3.72674694364e-24, 1.39175842277e-23, 6.90999317826e-24, 1.05632711392e-23, 8.0791394712e-24, 7.62488101868e-24, 1.2062107648e-23, 9.15065554965e-24, 1.08049915312e-23, 7.85597939859e-24, 1.03040845779e-23, 8.75945627131e-24, 8.1258297816e-24, 7.67839576477e-24, 8.86836246358e-24, 9.93050450789e-24, 9.39866158534e-24],
        "var": [4.23964920628e-05, 2.71137523669e-05, 4.5692772801e-06, 2.70156101578e-06, 2.34379217545e-06, 6.14415000655e-07, 3.38194524829e-07, 6.83706389282e-08, 1.28467632976e-07, 5.81929029408e-08, 1.27453958498e-08, 1.95074445486e-08, 2.53228304992e-09, 1.17370460018e-08, 7.8405557602e-09, 5.31881916288e-09, 6.62208599067e-09, 6.51008857933e-10, 1.49840098662e-10, 3.8599658192e-11, 3.46270651042e-11, 3.09462316883e-10, 2.44629455581e-10, 1.9884828506e-10, 1.4746703858e-10, 3.80686621115e-10, 9.26726473338e-10, 1.38131450722e-09, 2.2694555124e-09, 5.13535347579e-09, 5.32140165266e-10, 5.94925220199e-10, 3.40954625644e-10, 3.81475850908e-10, 7.66240820793e-11, 3.66866780011e-11, 2.99487656896e-11, 1.81704460506e-11, 6.86001516009e-12, 7.41351424693e-12]
    },
    "mfcc": {
        "mean": [-758.753723145, 154.499969482, 31.5907154083, 24.8321304321, -19.9583740234, -2.09934568405, -24.4840984344, 1.27704977989, -8.07605743408, -19.7969913483, -10.9768333435, -6.3448677063, -9.32757663727],
        "cov": [[9722.21582031, -2194.33300781, -186.871322632, 871.699645996, 119.140434265, 654.948730469, 1330.30456543, -235.111495972, -6.91813087463, 653.464355469, 493.876617432, 475.157226562, 209.501342773], [-2194.33300781, 4290.28125, -260.661132812, -685.486206055, 183.741470337, 337.510162354, -52.3561248779, 273.882843018, 143.148849487, -184.76701355, 121.296279907, 214.450485229, 80.219581604], [-186.871322632, -260.661132812, 1261.76513672, 397.73638916, 138.911636353, -45.0177879333, 181.004272461, -4.65638542175, -121.079223633, 201.40625, 13.8395757675, -70.5179672241, 26.3274669647], [871.699645996, -685.486206055, 397.73638916, 699.256591797, 84.5968780518, 66.6855773926, 205.926803589, -53.0054512024, 121.259773254, 160.608383179, 0.315307796001, 13.0089092255, 63.9908905029], [119.140434265, 183.741470337, 138.911636353, 84.5968780518, 317.757598877, 114.230934143, 160.114776611, 128.629486084, -44.0158309937, 105.445739746, 96.3128204346, 37.7414245605, 27.1491603851], [654.948730469, 337.510162354, -45.0177879333, 66.6855773926, 114.230934143, 395.329589844, 221.242645264, -168.010498047, 223.589767456, 83.2269973755, 109.046394348, 101.789909363, 23.8941726685], [1330.30456543, -52.3561248779, 181.004272461, 205.926803589, 160.114776611, 221.242645264, 738.411682129, 27.6234378815, -91.8580551147, 343.723266602, 165.745849609, 221.265762329, 99.6872177124], [-235.111495972, 273.882843018, -4.65638542175, -53.0054512024, 128.629486084, -168.010498047, 27.6234378815, 765.395446777, -305.527496338, -57.580745697, 113.299041748, 27.3140487671, 99.1738052368], [-6.91813087463, 143.148849487, -121.079223633, 121.259773254, -44.0158309937, 223.589767456, -91.8580551147, -305.527496338, 633.847229004, -32.8503074646, -75.2060852051, -1.4439291954, -30.1062049866], [653.464355469, -184.76701355, 201.40625, 160.608383179, 105.445739746, 83.2269973755, 343.723266602, -57.580745697, -32.8503074646, 335.11541748, 114.939361572, 95.3358306885, 35.1184616089], [493.876617432, 121.296279907, 13.8395757675, 0.315307796001, 96.3128204346, 109.046394348, 165.745849609, 113.299041748, -75.2060852051, 114.939361572, 239.3800354, 118.700866699, 59.8681983948], [475.157226562, 214.450485229, -70.5179672241, 13.0089092255, 37.7414245605, 101.789909363, 221.265762329, 27.3140487671, -1.4439291954, 95.3358306885, 118.700866699, 220.20715332, 90.4695510864], [209.501342773, 80.219581604, 26.3274669647, 63.9908905029, 27.1491603851, 23.8941726685, 99.6872177124, 99.1738052368, -30.1062049866, 35.1184616089, 59.8681983948, 90.4695510864, 138.008377075]],
