{
"lowlevel": {
    "average_loudness": 0.968667447567,
    "barkbands_crest": {
        "dmean": 3.63869929314,
        "dmean2": 5.37068557739,
        "dvar": 9.87167072296,
        "dvar2": 21.2684764862,
        "max": 26.609380722,
        "mean": 14.4629907608,
        "median": 14.4273099899,
        "min": 2.56910252571,
        "var": 26.9299354553
    },
    "barkbands_flatness_db": {
        "dmean": 0.0436521135271,
        "dmean2": 0.0607338808477,
        "dvar": 0.00215973705053,
        "dvar2": 0.00403780676425,
        "max": 0.720488786697,
        "mean": 0.20116083324,
        "median": 0.189566284418,
        "min": 0.0277840029448,
        "var": 0.00958825740963
    },
    "barkbands_kurtosis": {
        "dmean": 18.8777294159,
        "dmean2": 27.8435268402,
        "dvar": 1046.17285156,
        "dvar2": 2353.04443359,
        "max": 831.340881348,
        "mean": 25.307012558,
        "median": 9.12707138062,
        "min": -1.92375814915,
        "var": 1726.18908691
    },
    "barkbands_skewness": {
        "dmean": 1.50364243984,
        "dmean2": 2.09022140503,
        "dvar": 2.58497738838,
        "dvar2": 5.39141559601,
        "max": 23.1558551788,
        "mean": 3.48865556717,
        "median": 2.74534845352,
        "min": -3.42162656784,
        "var": 7.3286523819
    },
    "barkbands_spread": {
        "dmean": 6.88082361221,
        "dmean2": 9.92816448212,
        "dvar": 76.1918792725,
        "dvar2": 151.511291504,
        "max": 108.251953125,
        "mean": 15.3319120407,
        "median": 11.2712850571,
        "min": 0.0459960848093,
        "var": 205.830749512
    },
    "dissonance": {
        "dmean": 0.025866156444,
        "dmean2": 0.0430793501437,
        "dvar": 0.000820524524897,
        "dvar2": 0.0022158685606,
        "max": 0.5,
        "mean": 0.451532751322,
        "median": 0.463175266981,
        "min": 0.13901335001,
        "var": 0.00165935326368
    },
    "dynamic_complexity": 2.44952893257,
    "erbbands_crest": {
        "dmean": 3.45386338234,
        "dmean2": 5.48418521881,
        "dvar": 9.30605316162,
        "dvar2": 21.9579105377,
        "max": 30.9071865082,
        "mean": 10.0121297836,
        "median": 8.92327880859,
        "min": 2.31922078133,
        "var": 23.2436599731
    },
    "erbbands_flatness_db": {
        "dmean": 0.0254622194916,
        "dmean2": 0.0380067415535,
        "dvar": 0.000689613050781,
        "dvar2": 0.0014485612046,
        "max": 0.5391908288,
        "mean": 0.144230410457,
        "median": 0.131894186139,
        "min": 0.0526774264872,
        "var": 0.00318227824755
    },
    "erbbands_kurtosis": {
        "dmean": 1.92871165276,
        "dmean2": 3.07899951935,
        "dvar": 15.456492424,
        "dvar2": 37.6553459167,
        "max": 87.6364059448,
        "mean": 1.5092600584,
        "median": 0.266315937042,
        "min": -1.92470800877,
        "var": 22.2204399109
    },
    "erbbands_skewness": {
        "dmean": 0.549493610859,
        "dmean2": 0.810903549194,
        "dvar": 0.365619450808,
        "dvar2": 0.767470836639,
        "max": 8.37129116058,
        "mean": 0.673317372799,
        "median": 0.613619983196,
        "min": -4.78684473038,
        "var": 1.0018504858
    },
    "erbbands_spread": {
        "dmean": 16.484249115,
        "dmean2": 24.3773899078,
        "dvar": 309.038787842,
        "dvar2": 644.491394043,
        "max": 196.004653931,
        "mean": 49.7627983093,
        "median": 43.6772079468,
        "min": 0.700128674507,
        "var": 857.766906738
    },
    "hfc": {
        "dmean": 8.29799365997,
        "dmean2": 12.0707654953,
        "dvar": 107.125816345,
        "dvar2": 234.235015869,
        "max": 102.643981934,
        "mean": 18.266122818,
        "median": 13.8003787994,
        "min": 1.09515847748e-16,
        "var": 208.020050049
    },
    "melbands_crest": {
        "dmean": 4.50573348999,
        "dmean2": 7.27101135254,
        "dvar": 18.0325489044,
        "dvar2": 45.0769615173,
        "max": 37.7068557739,
        "mean": 19.864030838,
        "median": 20.218788147,
        "min": 1.8970438242,
        "var": 40.8251190186
    },
    "melbands_flatness_db": {
        "dmean": 0.0518079847097,
        "dmean2": 0.071336068213,
        "dvar": 0.00316361058503,
        "dvar2": 0.00582115119323,
        "max": 0.885187745094,
        "mean": 0.292696833611,
        "median": 0.283180803061,
        "min": 0.00422141421586,
        "var": 0.0144710913301
    },
    "melbands_kurtosis": {
        "dmean": 46.6487693787,
        "dmean2": 69.7295074463,
        "dvar": 6015.05078125,
        "dvar2": 12785.8583984,
        "max": 1350.0567627,
        "mean": 67.6541137695,
        "median": 25.6048984528,
        "min": -1.89955413342,
        "var": 11025.4980469
    },
    "melbands_skewness": {
        "dmean": 2.09035468102,
        "dmean2": 3.05620861053,
        "dvar": 5.63162136078,
        "dvar2": 11.4150571823,
        "max": 28.6557540894,
        "mean": 5.19138860703,
        "median": 4.1355881691,
        "min": -2.73385977745,
        "var": 14.694021225
    },
    "melbands_spread": {
        "dmean": 6.60829114914,
        "dmean2": 9.76247787476,
        "dvar": 92.6091766357,
        "dvar2": 178.466308594,
        "max": 292.837310791,
        "mean": 12.9817056656,
        "median": 7.85239696503,
        "min": 0.152748242021,
        "var": 240.81652832
    },
    "pitch_salience": {
        "dmean": 0.114322908223,
        "dmean2": 0.178348660469,
        "dvar": 0.015217105858,
        "dvar2": 0.0359973981977,
        "max": 0.922915220261,
        "mean": 0.407261759043,
        "median": 0.405188858509,
        "min": 0.041552066803,
        "var": 0.0240444391966
    },
    "silence_rate_20dB": {
        "dmean": 0,
        "dmean2": 0,
        "dvar": 0,
        "dvar2": 0,
        "max": 1,
        "mean": 1,
        "median": 1,
        "min": 1,
        "var": 0
    },
    "silence_rate_30dB": {
        "dmean": 0.095094434917,
        "dmean2": 0.190201357007,
        "dvar": 0.0860443040729,
        "dvar2": 0.157021209598,
        "max": 1,
        "mean": 0.832316875458,
        "median": 1,
        "min": 0,
        "var": 0.139550805092
    },
    "silence_rate_60dB": {
        "dmean": 0.0098373554647,
        "dmean2": 0.0196104142815,
        "dvar": 0.00974149256945,
        "dvar2": 0.0234261956066,
        "max": 1,
        "mean": 0.0178372357041,
        "median": 0,
        "min": 0,
        "var": 0.0175200626254
    },
    "spectral_centroid": {
        "dmean": 304.573791504,
        "dmean2": 446.870178223,
        "dvar": 134639.75,
        "dvar2": 249082.984375,
        "max": 10813.640625,
        "mean": 992.87902832,
        "median": 831.572937012,
        "min": 77.6069946289,
        "var": 451064.6875
    },
    "spectral_complexity": {
        "dmean": 3.95592856407,
        "dmean2": 6.06230735779,
        "dvar": 22.8095836639,
        "dvar2": 50.3388404846,
        "max": 49,
        "mean": 12.8306121826,
        "median": 11,
        "min": 0,
        "var": 58.1141624451
    },
    "spectral_decrease": {
        "dmean": 7.18971771008e-09,
        "dmean2": 9.69268043605e-09,
        "dvar": 9.61612549867e-17,
        "dvar2": 1.70995411502e-16,
        "max": -1.44516005237e-29,
        "mean": -1.58660711236e-08,
        "median": -1.09427382711e-08,
        "min": -9.19577729519e-08,
        "var": 2.31777595824e-16
    },
    "spectral_energy": {
        "dmean": 0.0275136306882,
        "dmean2": 0.0370494090021,
        "dvar": 0.00138307502493,
        "dvar2": 0.0024517539423,
        "max": 0.350053995848,
        "mean": 0.0615388900042,
        "median": 0.042790979147,
        "min": 1.01754661779e-20,
        "var": 0.00336281768978
    },
    "spectral_energyband_high": {
        "dmean": 0.000511649588589,
        "dmean2": 0.0007705015596,
        "dvar": 5.64083052268e-07,
        "dvar2": 1.19200615245e-06,
        "max": 0.0111362710595,
        "mean": 0.000700687349308,
        "median": 0.00034268622403,
        "min": 7.34793989316e-21,
        "var": 1.0063231457e-06
    },
    "spectral_energyband_low": {
        "dmean": 0.026607811451,
        "dmean2": 0.0378540940583,
        "dvar": 0.00174228334799,
        "dvar2": 0.00330964080058,
        "max": 0.341371148825,
        "mean": 0.0469671078026,
        "median": 0.0291272159666,
        "min": 5.34256742259e-23,
        "var": 0.00321306311525
    },
    "spectral_energyband_middle_high": {
        "dmean": 0.00214738026261,
        "dmean2": 0.00340399728157,
        "dvar": 1.2736849385e-05,
        "dvar2": 3.22681444231e-05,
        "max": 0.0586163252592,
        "mean": 0.00343143986538,
        "median": 0.0020260408055,
        "min": 1.52649426873e-21,
        "var": 1.97569606826e-05
    },
    "spectral_energyband_middle_low": {
        "dmean": 0.00877044349909,
        "dmean2": 0.0148266432807,
        "dvar": 0.000222143309657,
        "dvar2": 0.000598778482527,
        "max": 0.135921284556,
        "mean": 0.0122442543507,
        "median": 0.00777741987258,
        "min": 3.10753313199e-22,
        "var": 0.000219280627789
    },
    "spectral_entropy": {
        "dmean": 0.307135850191,
        "dmean2": 0.459165751934,
        "dvar": 0.113489508629,
        "dvar2": 0.239194974303,
        "max": 9.79366207123,
        "mean": 7.34769678116,
        "median": 7.46957159042,
        "min": 3.79667830467,
        "var": 0.449546396732
    },
    "spectral_flux": {
        "dmean": 0.0524059645832,
        "dmean2": 0.0745654404163,
        "dvar": 0.0032747129444,
        "dvar2": 0.00556392082945,
        "max": 0.530139744282,
        "mean": 0.128498882055,
        "median": 0.0973415151238,
        "min": 1.00873517872e-10,
        "var": 0.00923366285861
    },
    "spectral_kurtosis": {
        "dmean": 3.36526083946,
        "dmean2": 5.2344994545,
        "dvar": 201.65335083,
        "dvar2": 461.595550537,
        "max": 518.351623535,
        "mean": 6.74855613708,
        "median": 3.25613594055,
        "min": -1.493486166,
        "var": 503.831451416
    },
    "spectral_rms": {
        "dmean": 0.00161757622845,
        "dmean2": 0.00214599072933,
        "dvar": 2.96292296298e-06,
        "dvar2": 4.76368086311e-06,
        "max": 0.0184801537544,
        "mean": 0.00703758699819,
        "median": 0.00646121473983,
        "min": 3.1507593843e-12,
        "var": 1.05103435999e-05
    },
    "spectral_rolloff": {
        "dmean": 427.804718018,
        "dmean2": 698.28112793,
        "dvar": 693159.6875,
        "dvar2": 1424775.375,
        "max": 18863.0859375,
        "mean": 759.32409668,
        "median": 301.46484375,
        "min": 43.06640625,
        "var": 1335275.375
    },
    "spectral_skewness": {
        "dmean": 0.346687167883,
        "dmean2": 0.519225716591,
        "dvar": 0.408244222403,
        "dvar2": 0.804296076298,
        "max": 19.5775222778,
        "mean": 1.76641249657,
        "median": 1.54379343987,
        "min": -0.291871607304,
        "var": 1.57832443714
    },
    "spectral_spread": {
        "dmean": 1002641.6875,
        "dmean2": 1484931,
        "dvar": 1.11572602061e+12,
        "dvar2": 2.18128580608e+12,
        "max": 41693920,
        "mean": 5662578,
        "median": 5603694.5,
        "min": 156430.234375,
        "var": 3.62580803584e+12
    },
    "spectral_strongpeak": {
        "dmean": 0.364850372076,
        "dmean2": 0.604862749577,
        "dvar": 0.313786149025,
        "dvar2": 0.774757742882,
        "max": 11.0549497604,
        "mean": 0.703760921955,
        "median": 0.521193981171,
        "min": 0,
        "var": 0.501801490784
    },
    "zerocrossingrate": {
        "dmean": 0.0124238887802,
        "dmean2": 0.0144282355905,
        "dvar": 0.000199433634407,
        "dvar2": 0.000226718912018,
        "max": 0.48828125,
        "mean": 0.0403081960976,
        "median": 0.03076171875,
        "min": 0.00146484375,
        "var": 0.00103408237919
    },
    "barkbands": {
        "dmean": [0.000570883450564, 0.0215927436948, 0.0109950872138, 0.00279304664582, 0.00363082950935, 0.00165552343242, 0.000558159372304, 0.000468828657176, 0.00127639865968, 0.00103996426333, 0.000589635630604, 0.000247296236921, 0.000228202814469, 0.000184684729902, 0.000193272702745, 0.000187868979992, 0.000139406081871, 9.72577690845e-05, 0.000127489140141, 0.000107856169052, 7.67393576098e-05, 9.17358338484e-05, 0.000110188339022, 0.000135820009746, 6.91006425768e-05, 3.08704620693e-05, 1.10240298454e-05],
        "dmean2": [0.000623615982477, 0.031561434269, 0.0191819239408, 0.00516250589862, 0.00616909610108, 0.00279622059315, 0.000909870723262, 0.000741180556361, 0.00208031851798, 0.00161957205273, 0.000998593401164, 0.000414384470787, 0.000363625265891, 0.000283369532553, 0.000321795028867, 0.00031803586171, 0.000228121076361, 0.000153493499965, 0.000198222085601, 0.00016919679183, 0.000125046266476, 0.000148370760144, 0.000174675893504, 0.00020845590916, 0.000107079067675, 4.81828537886e-05, 1.75325949385e-05],
        "dvar": [7.2951996799e-07, 0.00132209237199, 0.000678257376421, 5.41844055988e-05, 5.03727969772e-05, 1.72557283804e-05, 4.01682882512e-06, 1.08036874735e-06, 5.99080476604e-06, 4.86186445414e-06, 1.58493685376e-06, 7.94065442733e-07, 1.89823666119e-07, 1.36463711442e-07, 1.55123160539e-07, 2.03859499948e-07, 5.86562229898e-08, 6.53041141163e-08, 7.15863137657e-08, 4.37107132711e-08, 2.77025993256e-08, 2.15088586941e-08, 2.55918077841e-08, 5.88239039701e-08, 4.82897704046e-08, 2.66367661261e-09, 1.20807808202e-09],
        "dvar2": [9.18777459447e-07, 0.00277868122794, 0.00184328097384, 0.000155436515342, 0.000131131746457, 4.23592828156e-05, 9.82007441053e-06, 2.43495037466e-06, 1.34402162075e-05, 1.10919027065e-05, 4.08724918088e-06, 2.02523756343e-06, 4.22632581376e-07, 2.90651399837e-07, 3.8002096403e-07, 5.52082894956e-07, 1.46108902754e-07, 1.26480259155e-07, 1.56333840096e-07, 1.00740933817e-07, 7.23034077055e-08, 5.33565973626e-08, 5.82002464e-08, 1.16847118647e-07, 1.1712706538e-07, 5.90370241582e-09, 2.85004064793e-09],
        "max": [0.00796896032989, 0.317067563534, 0.210834294558, 0.0693040192127, 0.113323688507, 0.11601845175, 0.0613908059895, 0.0309040769935, 0.0452918410301, 0.0498877987266, 0.0332757942379, 0.0317605957389, 0.016012661159, 0.0078169927001, 0.0114668952301, 0.00617031613365, 0.00351181649603, 0.0120987901464, 0.0114134792238, 0.00667363451794, 0.0046077715233, 0.00307311536744, 0.00283793220297, 0.00607415707782, 0.00515793496743, 0.00071327254409, 0.000783071096521],
        "mean": [0.00102388509549, 0.0315803065896, 0.0127914100885, 0.00259228120558, 0.0040672426112, 0.00207487074658, 0.000688603555318, 0.000715012778528, 0.00157938851044, 0.00119418883696, 0.000685776467435, 0.000250599579886, 0.00028943803045, 0.000241418631049, 0.000250469252933, 0.000215612584725, 0.00019741228607, 0.00012834694644, 0.000189229409443, 0.000156700989464, 8.64595131134e-05, 0.00010863305215, 0.000133224908495, 0.000165730089066, 8.83856409928e-05, 3.47775458067e-05, 9.4876759249e-06],
        "median": [0.000219093708438, 0.0156670883298, 0.00492900144309, 0.000616565113887, 0.00154305784963, 0.00061905500479, 0.000127884704852, 0.000119531221571, 0.000323886488331, 0.000235989442444, 0.000167524631252, 4.52268068329e-05, 8.20404093247e-05, 6.56474439893e-05, 6.7019922426e-05, 5.32289886905e-05, 9.78678799584e-05, 4.61712406832e-05, 7.59465401643e-05, 7.08561492502e-05, 3.17027515848e-05, 5.18205124536e-05, 6.08376321907e-05, 6.83300531819e-05, 3.31233022735e-05, 1.14762515295e-05, 8.0763521737e-07],
        "min": [6.24841290934e-25, 2.10609137843e-23, 9.50863905072e-24, 5.86735098667e-24, 3.18804913536e-23, 4.3028935568e-23, 3.69692815919e-23, 8.27158524448e-23, 2.9022334698e-23, 8.06871420103e-23, 8.07092806027e-23, 5.91340105756e-23, 3.42335403716e-23, 8.74398102916e-23, 1.99711497754e-22, 1.29341646642e-22, 1.44792011274e-22, 1.20536949198e-22, 3.33943147997e-22, 3.11450464291e-22, 3.84058585159e-22, 4.94185990909e-22, 5.97508190241e-22, 9.20246711349e-22, 1.02459082003e-21, 1.52116818282e-21, 2.27171200604e-21],
        "var": [2.57760279965e-06, 0.0019917122554, 0.000527077703737, 3.38515201292e-05, 5.8449262724e-05, 2.56092171185e-05, 4.794641427e-06, 2.96342091133e-06, 9.07554021978e-06, 7.95762025518e-06, 2.13121506931e-06, 8.79781453023e-07, 3.22776458006e-07, 2.12888394913e-07, 2.35062685761e-07, 2.08584694406e-07, 8.97348186868e-08, 1.28282209744e-07, 1.55809061653e-07, 8.24924129006e-08, 2.52533460809e-08, 2.49365612603e-08, 3.73414792421e-08, 1.22078091636e-07, 6.44307789344e-08, 3.51233508944e-09, 1.15649356758e-09]
    },
    "erbbands": {
        "dmean": [0.513386845589, 5.39750766754, 12.8921079636, 10.3653211594, 9.73697948456, 12.9669847488, 13.1288967133, 12.8306159973, 10.6989908218, 6.3628745079, 13.6940507889, 30.9564723969, 33.5154495239, 25.0461349487, 19.456237793, 10.5232181549, 10.6578063965, 8.44120121002, 9.27254295349, 10.6868305206, 8.20710372925, 6.69063997269, 5.98714256287, 5.98973178864, 5.97302246094, 5.35420131683, 3.64690685272, 2.78320550919, 2.67792582512, 5.1437292099, 2.27946949005, 1.77650487423, 2.89768457413, 0.913040399551, 0.42870682478, 0.112045548856, 0.078931607306, 0.0113966586068, 0.00187246070709, 0.000139545678394],
        "dmean2": [0.714239478111, 7.95649862289, 21.3960762024, 18.6189193726, 17.5022926331, 21.5312843323, 22.2664699554, 21.6948432922, 17.2946453094, 10.1847963333, 22.1638584137, 50.1268043518, 51.8899536133, 41.2485275269, 32.033618927, 17.1774120331, 17.0142002106, 12.9269485474, 14.7781715393, 17.6984348297, 13.7168769836, 10.9453315735, 9.4480047226, 9.24237918854, 9.17808532715, 8.42913532257, 6.00875759125, 4.46916866302, 4.2978553772, 8.31478881836, 3.55807805061, 2.68186187744, 4.51170682907, 1.42137444019, 0.663615047932, 0.169733658433, 0.126074016094, 0.0180755611509, 0.00297054136172, 0.000210861457163],
        "dvar": [0.510891795158, 96.8006973267, 777.499084473, 709.155944824, 413.633636475, 649.069824219, 970.582580566, 1314.35546875, 1611.23950195, 192.043426514, 764.93951416, 3778.80688477, 5892.12353516, 2750.15087891, 1674.7253418, 1813.92358398, 396.320098877, 277.339355469, 313.521606445, 566.811462402, 412.027008057, 157.116928101, 276.104705811, 159.639648438, 158.974533081, 105.632102966, 82.7819137573, 28.7251682281, 23.919801712, 55.1404457092, 12.4215545654, 12.92395401, 26.3549728394, 15.0923805237, 0.689653933048, 0.0416619293392, 0.0170383602381, 0.000662350270431, 5.56633349333e-05, 1.29188435949e-07],
        "dvar2": [0.933126032352, 208.052825928, 1984.03356934, 1982.08776855, 1162.08374023, 1606.12475586, 2285.19677734, 3264.43530273, 3861.75415039, 451.322906494, 1751.6237793, 8474.30566406, 13450.3369141, 6551.57080078, 4099.04248047, 4601.48144531, 919.453125, 612.730834961, 740.328613281, 1401.83093262, 1127.46813965, 389.389984131, 506.392272949, 343.647918701, 312.359344482, 241.04347229, 215.830123901, 71.6383209229, 59.2892227173, 137.748153687, 26.5104961395, 26.5740642548, 54.7868499756, 38.5904083252, 1.31480240822, 0.084210947156, 0.0396592766047, 0.00165312085301, 0.000130706612254, 2.92839132499e-07],
        "max": [6.73470640182, 80.1128921509, 225.022033691, 250.042007446, 226.48677063, 516.67199707, 1178.35791016, 847.502380371, 1140.1451416, 560.775024414, 602.023254395, 1195.85168457, 1353.49914551, 1738.57592773, 1718.31640625, 1600.61437988, 442.424163818, 551.934692383, 708.22088623, 420.81137085, 299.527435303, 276.239105225, 869.621520996, 659.739257812, 392.011962891, 322.609130859, 316.26260376, 64.8119049072, 95.9276657104, 113.081787109, 68.3407974243, 96.8232955933, 129.134780884, 97.884262085, 25.1603183746, 4.58349609375, 1.21830630302, 0.29008975625, 0.196111023426, 0.00720127858222],
        "mean": [0.810604691505, 7.29310178757, 16.6677532196, 10.8376655579, 9.77416038513, 14.3447151184, 16.9261760712, 16.0030879974, 13.5940818787, 9.43195152283, 21.3925437927, 38.0948867798, 36.4478874207, 30.146062851, 24.3747749329, 12.2567720413, 14.0332155228, 11.9902706146, 12.9330968857, 13.5719299316, 10.302652359, 9.47524166107, 8.4552488327, 8.9988079071, 9.09712505341, 7.91898584366, 4.37247800827, 3.17934274673, 3.15874886513, 5.96821737289, 2.84301590919, 2.2951529026, 3.38616251945, 1.12900614738, 0.561605989933, 0.14074639976, 0.0840568616986, 0.0108306696638, 0.00162090361118, 0.000178316666279],
        "median": [0.276602089405, 3.2777428627, 7.48864364624, 5.08891487122, 4.6250538826, 4.27060270309, 5.04537773132, 4.2698636055, 2.09711933136, 2.65524983406, 4.97421169281, 8.45587825775, 6.80641222, 9.82656288147, 7.45746850967, 2.98922348022, 4.42887830734, 3.97985577583, 4.03269195557, 3.90064454079, 3.32049584389, 4.76236820221, 4.10063743591, 3.66132688522, 3.55363607407, 3.6360244751, 1.79963171482, 1.11628973484, 1.31622040272, 3.00805425644, 1.23233318329, 0.844801545143, 1.40797495842, 0.344421476126, 0.247298508883, 0.0525075830519, 0.0276516005397, 0.00211763288826, 0.000170919563971, 7.55097935325e-05],
        "min": [3.85833610548e-22, 5.99506136362e-21, 1.08048666135e-20, 1.5224016836e-20, 5.67759388739e-20, 7.63635887038e-20, 1.75776332532e-19, 3.45370006973e-19, 4.45208458011e-19, 8.62105625581e-19, 1.60781711621e-18, 7.30125133138e-19, 1.31655441482e-18, 3.50999286404e-18, 3.22997568308e-18, 2.50942423495e-18, 1.90071442988e-18, 3.12404072998e-18, 8.07326044464e-18, 8.01265788424e-18, 8.77687433575e-18, 7.36379259634e-18, 8.93313454372e-18, 1.17571845761e-17, 1.54139498865e-17, 1.58750385579e-17, 1.50676639579e-17, 1.53312897279e-17, 1.55166443595e-17, 1.40571685411e-17, 1.89709472888e-17, 1.92796064257e-17, 1.59385180524e-17, 1.21416151114e-17, 7.61732676281e-18, 5.26319472772e-18, 2.77182681156e-18, 1.22566494648e-18, 2.88544404951e-19, 3.19030476006e-20],
        "var": [1.1382420063, 130.080032349, 721.464294434, 468.127166748, 290.848022461, 878.081726074, 1491.04943848, 1933.5682373, 2386.37695312, 449.602783203, 1879.74047852, 5487.13085938, 8057.03369141, 5053.76171875, 2740.49023438, 2056.97827148, 673.36114502, 483.355499268, 568.532104492, 708.721557617, 409.101135254, 234.405105591, 545.14050293, 314.97454834, 416.346496582, 212.814163208, 75.3327713013, 30.3599681854, 26.0866260529, 65.6371612549, 20.8765487671, 27.7212028503, 48.3477859497, 16.5294971466, 1.4754139185, 0.0705382078886, 0.0196499954909, 0.000628939713351, 5.23568596691e-05, 1.38101810876e-07]
    },
    "gfcc": {
        "mean": [-5.21522140503, 88.2525787354, -79.6604919434, 39.8691139221, -47.77942276, 26.8297309875, -24.4408836365, 17.4927787781, -20.8042984009, -3.39294195175, -13.4031152725, 0.397073090076, -6.18246984482],
        "cov": [[5513.61523438, -1426.24584961, -800.1484375, -254.438858032, -463.108703613, 143.818756104, -515.70501709, 41.0754928589, -66.5764160156, 325.229431152, -194.12097168, -50.860584259, -388.92578125], [-1426.24584961, 1677.30126953, 458.780609131, -44.7841796875, 251.814788818, -141.303466797, 248.485656738, -116.954849243, 4.30764532089, -213.272018433, 69.7777328491, -135.57194519, 122.874145508], [-800.1484375, 458.780609131, 1449.20849609, 405.370635986, 153.978012085, 151.760513306, 158.639251709, -48.9223480225, -1.41708731651, -157.938995361, -36.4575119019, -29.3201732635, -20.1964054108], [-254.438858032, -44.7841796875, 405.370635986, 625.719787598, 227.924209595, 92.200958252, 46.7126731873, 20.9432373047, 21.0617275238, -43.9305343628, -31.5922298431, -18.853012085, -18.9416275024], [-463.108703613, 251.814788818, 153.978012085, 227.924209595, 412.240234375, 69.2246704102, 130.305587769, 20.48072052, 38.8258552551, -73.3520889282, -16.209903717, -55.1166496277, 19.7738780975], [143.818756104, -141.303466797, 151.760513306, 92.200958252, 69.2246704102, 338.875762939, 81.5277252197, 87.4399108887, 17.3754405975, 15.1139497757, -44.0157318115, -12.7173938751, -56.7356414795], [-515.70501709, 248.485656738, 158.639251709, 46.7126731873, 130.305587769, 81.5277252197, 294.030212402, 58.9850158691, 29.5959396362, -55.1304092407, 4.70801877975, -45.8319168091, 32.1230163574], [41.0754928589, -116.954849243, -48.9223480225, 20.9432373047, 20.48072052, 87.4399108887, 58.9850158691, 177.897293091, 60.1583328247, 33.46043396, 13.7465457916, 12.5170412064, -6.4971036911], [-66.5764160156, 4.30764532089, -1.41708731651, 21.0617275238, 38.8258552551, 17.3754405975, 29.5959396362, 60.1583328247, 116.942169189, 43.2065696716, 22.8771572113, 11.4812994003, 8.57717323303], [325.229431152, -213.272018433, -157.938995361, -43.9305343628, -73.3520889282, 15.1139497757, -55.1304092407, 33.46043396, 43.2065696716, 164.547729492, 58.7203063965, 41.0780296326, -16.9999332428], [-194.12097168, 69.7777328491, -36.4575119019, -31.5922298431, -16.209903717, -44.0157318115, 4.70801877975, 13.7465457916, 22.8771572113, 58.7203063965, 142.258728027, 63.6948127747, 33.3712120056], [-50.860584259, -135.57194519, -29.3201732635, -18.853012085, -55.1166496277, -12.7173938751, -45.8319168091, 12.5170412064, 11.4812994003, 41.0780296326, 63.6948127747, 152.305603027, 42.8045082092], [-388.92578125, 122.874145508, -20.1964054108, -18.9416275024, 19.7738780975, -56.7356414795, 32.1230163574, -6.4971036911, 8.57717323303, -16.9999332428, 33.3712120056, 42.8045082092, 132.190597534]],
        "icov": [[0.000347154593328, 9.13515104912e-05, 7.74628933868e-05, 5.72235949221e-05, 9.23948173295e-05, -5.66868839087e-05, 0.000308069866151, -7.23262273823e-05, 0.000155179266585, -0.000467777659651, 0.000424064928666, 0.0001072327359, 0.000627934292424], [9.13515104912e-05, 0.00130632473156, -0.000328528898535, 0.00051357713528, -0.000440113857621, 0.000263285881374, -0.000305710360408, 0.000652130052913, -0.000471678911708, 0.00108575634658, -0.00136660737917, 0.00138526281808, -0.000570242118556], [7.74628933868e-05, -0.000328528898535, 0.00118408037815, -0.000784178904723, 0.000488781486638, -0.000583918241318, -0.000246023759246, 0.000534258317202, -0.000337623903761, 0.000673802685924, 7.83235882409e-05, -0.000486064935103, 0.000610316637903], [5.72235949221e-05, 0.00051357713528, -0.000784178904723, 0.00270095304586, -0.00156602589414, 0.000109195178084, 0.000383018603316, -0.000224315634114, 4.27553313784e-05, -7.90276826592e-05, -4.16575221607e-06, 0.000243017289904, 4.46353660664e-05], [9.23948173295e-05, -0.000440113857621, 0.000488781486638, -0.00156602589414, 0.00427002506331, -0.000823541078717, -0.000719266885426, 0.000368089036783, -0.0014076315565, 0.00120932469144, -0.000194573411136, 0.000684946309775, -0.000193919724552], [-5.66868839087e-05, 0.000263285881374, -0.000583918241318, 0.000109195178084, -0.000823541078717, 0.00473007885739, -0.00128192652483, -0.00186469091568, 0.000951288209762, -0.00143391126767, 0.00172994751483, -0.000842927256599, 0.00147820694838], [0.000308069866151, -0.000305710360408, -0.000246023759246, 0.000383018603316, -0.000719266885426, -0.00128192652483, 0.00587824359536, -0.00178179761861, -0.000267505849479, 0.000773392035626, -0.000745976576582, 0.00179053004831, -0.00102542701643], [-7.23262273823e-05, 0.000652130052913, 0.000534258317202, -0.000224315634114, 0.000368089036783, -0.00186469091568, -0.00178179761861, 0.00903596449643, -0.00412970548496, 0.000928287045099, -0.00138657703064, -2.87537259283e-05, -1.07706512154e-06], [0.000155179266585, -0.000471678911708, -0.000337623903761, 4.27553313784e-05, -0.0014076315565, 0.000951288209762, -0.000267505849479, -0.00412970548496, 0.0127953020856, -0.00482884468511, 0.00120771874208, -0.000711136148311, -0.000195407905267], [-0.000467777659651, 0.00108575634658, 0.000673802685924, -7.90276826592e-05, 0.00120932469144, -0.00143391126767, 0.000773392035626, 0.000928287045099, -0.00482884468511, 0.013158983551, -0.00653140991926, 0.000915683165658, 0.000125389109598], [0.000424064928666, -0.00136660737917, 7.83235882409e-05, -4.16575221607e-06, -0.000194573411136, 0.00172994751483, -0.000745976576582, -0.00138657703064, 0.00120771874208, -0.00653140991926, 0.0136936623603, -0.00537169771269, 0.0007782044122], [0.0001072327359, 0.00138526281808, -0.000486064935103, 0.000243017289904, 0.000684946309775, -0.000842927256599, 0.00179053004831, -2.87537259283e-05, -0.000711136148311, 0.000915683165658, -0.00537169771269, 0.0117197111249, -0.00418731337413], [0.000627934292424, -0.000570242118556, 0.000610316637903, 4.46353660664e-05, -0.000193919724552, 0.00147820694838, -0.00102542701643, -1.07706512154e-06, -0.000195407905267, 0.000125389109598, 0.0007782044122, -0.00418731337413, 0.0121428286657]]
    },
    "melbands": {
        "dmean": [0.00530277565122, 0.0064979577437, 0.00172105140518, 0.000860832456965, 0.000465819466626, 0.000295898760669, 0.000147012557136, 7.11010652594e-05, 0.000135015405249, 0.000193192376173, 0.000168527738424, 0.000104055507109, 7.52915148041e-05, 2.9368491596e-05, 3.06379297399e-05, 1.76919056685e-05, 1.76070952875e-05, 1.60277959367e-05, 1.26376480694e-05, 1.70016137417e-05, 8.60098134581e-06, 6.61044532535e-06, 8.32760269986e-06, 4.27485201726e-06, 5.11215330334e-06, 5.13369741384e-06, 3.66048993783e-06, 3.62943364962e-06, 2.64734080702e-06, 1.63888773841e-06, 1.66967345194e-06, 1.41944940424e-06, 2.19819912672e-06, 3.26166468767e-06, 1.51509607349e-06, 7.35653316042e-07, 1.29318175368e-06, 2.94704864245e-06, 7.61480748679e-07, 7.69663756728e-07],
        "dmean2": [0.00754635129124, 0.00993994250894, 0.00305036106147, 0.00150049244985, 0.000783691881225, 0.000499365385622, 0.000237737505813, 0.000113538204459, 0.000219108682359, 0.000313323340379, 0.000261612818576, 0.000171385152498, 0.000126591781736, 4.77623652841e-05, 4.97764958709e-05, 2.80861331703e-05, 2.70069776889e-05, 2.53985144809e-05, 2.12058948819e-05, 2.83244044113e-05, 1.44263995026e-05, 1.07744517663e-05, 1.36969065352e-05, 6.73354134051e-06, 7.94416519057e-06, 8.06318075774e-06, 5.53213703824e-06, 5.81281619816e-06, 4.41312795374e-06, 2.68735971076e-06, 2.70666214419e-06, 2.29635338655e-06, 3.58286979463e-06, 5.29359795109e-06, 2.38942493525e-06, 1.1384742038e-06, 1.99176088245e-06, 4.66913661512e-06, 1.19453102343e-06, 1.22032963645e-06],
        "dvar": [6.65086918161e-05, 0.000152566906763, 1.73462121893e-05, 3.30174566443e-06, 9.94701508716e-07, 6.37793675651e-07, 2.82758293224e-07, 2.59081183174e-08, 6.88338204213e-08, 1.52258579078e-07, 1.47718509425e-07, 4.68295269229e-08, 2.43874413997e-08, 8.9929574898e-09, 6.21185058947e-09, 1.16167353514e-09, 1.34346156422e-09, 9.42917410818e-10, 7.02266134134e-10, 1.45701017917e-09, 5.07073660838e-10, 1.85119933271e-10, 2.59563148752e-10, 1.18067708388e-10, 1.32276606335e-10, 1.48583562121e-10, 4.99841418256e-11, 5.82254036652e-11, 5.42323130848e-11, 1.01357533477e-11, 1.05454898286e-11, 7.95560058803e-12, 1.09605562473e-11, 2.33019749329e-11, 5.44895595658e-12, 2.52251821861e-12, 7.82747564682e-12, 2.69096325084e-11, 7.8949433796e-12, 1.23123256382e-11],
        "dvar2": [0.000130240310682, 0.000342999730492, 4.78726542497e-05, 8.95220091479e-06, 2.34544563682e-06, 1.58154239216e-06, 6.79165111706e-07, 5.96936118313e-08, 1.5807452769e-07, 3.32293410565e-07, 3.38106985964e-07, 1.09458824227e-07, 6.28930294511e-08, 2.27390675178e-08, 1.52641135287e-08, 2.56112397956e-09, 2.91308732692e-09, 2.1324402244e-09, 1.72592184988e-09, 3.80022280311e-09, 1.38004463412e-09, 4.54891957435e-10, 5.79944203771e-10, 2.35487324085e-10, 2.86755758028e-10, 3.02294328458e-10, 1.01883966541e-10, 1.34252400863e-10, 1.42121286961e-10, 2.55087270751e-11, 2.6551434662e-11, 1.9917926683e-11, 2.7868681321e-11, 5.8136336023e-11, 1.21725051913e-11, 5.45166993146e-12, 1.75270145619e-11, 5.97937949154e-11, 1.92971142537e-11, 3.1713975196e-11],
        "max": [0.0789911970496, 0.0919438526034, 0.0382974818349, 0.021649427712, 0.0305569395423, 0.0163690671325, 0.0148387104273, 0.0070817838423, 0.00666282325983, 0.0074116513133, 0.00668523553759, 0.00780708435923, 0.00447746785358, 0.00326048745774, 0.00204498576932, 0.00159890763462, 0.00089726789156, 0.00106727308594, 0.000553315330762, 0.000548599055037, 0.000353731709765, 0.000326046108967, 0.0005774050951, 0.000517495034728, 0.000639883801341, 0.000611114723142, 0.000194204360014, 0.000308230431983, 0.000268849165877, 6.20680730208e-05, 4.08477280871e-05, 5.54653088329e-05, 6.06098546996e-05, 6.84934275341e-05, 4.59775146737e-05, 4.66690107714e-05, 8.0482714111e-05, 0.000115793351142, 6.21557701379e-05, 8.89291914064e-05],
        "mean": [0.00801679305732, 0.00937522947788, 0.00190333893988, 0.000876224250533, 0.000614717660937, 0.000374181661755, 0.000187080295291, 0.000104231221485, 0.000207391756703, 0.000230558929616, 0.000178636022611, 0.00012267936836, 8.99808728718e-05, 3.43112915289e-05, 3.55502343155e-05, 2.28664484894e-05, 2.36143187067e-05, 2.11289843719e-05, 1.57552349265e-05, 1.99597216124e-05, 1.04344862848e-05, 8.95726861927e-06, 1.12036523205e-05, 5.80007053941e-06, 7.3293153946e-06, 7.15331998435e-06, 5.61228898732e-06, 5.0683356676e-06, 3.08908056468e-06, 1.79624646535e-06, 1.85508918094e-06, 1.55199597884e-06, 2.55022155216e-06, 3.694277666e-06, 1.79850962923e-06, 9.23633024286e-07, 1.58456271038e-06, 3.24368534166e-06, 9.66482616604e-07, 9.03957356968e-07],
        "median": [0.00362180825323, 0.00521114747971, 0.00108922657091, 0.000364140985766, 0.000185144308489, 0.000100801800727, 2.78105562757e-05, 2.35479110415e-05, 4.31609514635e-05, 4.69897604489e-05, 2.67902541964e-05, 3.66553649656e-05, 2.39278524532e-05, 7.31235104467e-06, 8.41114797367e-06, 6.75533965477e-06, 6.40038570054e-06, 6.13973861618e-06, 4.26648284702e-06, 4.62334219264e-06, 3.38814265888e-06, 3.95637243855e-06, 5.62392506254e-06, 2.12359032048e-06, 2.76366358776e-06, 2.68939334092e-06, 2.34539766097e-06, 2.25962298828e-06, 1.26914585508e-06, 5.73273894133e-07, 6.27724148217e-07, 4.91695516303e-07, 1.31599006181e-06, 1.7403935999e-06, 7.50665265059e-07, 2.904662324e-07, 5.43973612821e-07, 1.30340606574e-06, 2.60230905269e-07, 2.4417744271e-07],
        "min": [4.5537295521e-24, 7.30995985671e-24, 3.70951940476e-24, 5.04527035987e-24, 5.81611170986e-24, 7.83766835926e-24, 7.62028984821e-24, 1.15862217849e-23, 1.19046652108e-23, 4.74865787064e-24, 6.77939567768e-24, 1.43513393965e-23, 1.22388724442e-23, 6.70593300588e-24, 4.10540530574e-24, 3.26422635642e-24, 6.54026353832e-24, 1.13619833394e-23, 1.66326557146e-23, 5.77000121223e-24, 1.08962027845e-23, 6.66429534959e-24, 1.16043853072e-23, 5.19633643436e-24, 9.76635359757e-24, 1.18465979484e-23, 1.00578219248e-23, 9.21460455894e-24, 9.9939707343e-24, 9.15730091392e-24, 7.65063732724e-24, 7.23760159018e-24, 9.53634857888e-24, 7.01822331674e-24, 9.55215656256e-24, 1.27789652741e-23, 1.18505493527e-23, 1.06661638448e-23, 1.01798342522e-23, 1.02002539167e-23],
        "var": [0.00011774518498, 0.000189046986634, 1.18969319374e-05, 2.79937398773e-06, 1.77764059117e-06, 9.90816715785e-07, 4.27990585194e-07, 6.49549320997e-08, 1.58859975841e-07, 2.13617241229e-07, 2.01068345973e-07, 9.22121898839e-08, 3.3907614494e-08, 1.0937660555e-08, 7.90277709939e-09, 2.00150074292e-09, 2.21085150187e-09, 1.62874624898e-09, 1.02283925774e-09, 1.69893177304e-09, 4.98888486078e-10, 2.59345961373e-10, 4.29096341792e-10, 2.4349744443e-10, 2.38057074053e-10, 3.2631736202e-10, 1.19218260264e-10, 1.09667601389e-10, 4.86445536629e-11, 1.03448404357e-11, 1.07860387288e-11, 8.12480551587e-12, 1.27173419365e-11, 2.68200045506e-11, 8.28212758791e-12, 4.68192628764e-12, 1.48433331598e-11, 4.11161209246e-11, 1.08360985115e-11, 1.26963630581e-11]
    },
    "mfcc": {
        "mean": [-661.270629883, 120.024085999, 29.2611026764, 26.8774986267, 12.7315368652, 11.4499416351, 12.8490867615, 18.2749080658, 5.79740762711, 9.00713920593, -1.46713876724, -4.88654851913, 0.220464676619],
        "cov": [[5585.22314453, -1112.58349609, -1000.09973145, -577.162902832, -206.173812866, -178.297851562, -389.895263672, -382.497467041, -164.879653931, 58.3663749695, 134.207382202, 85.5688400269, 21.3835754395], [-1112.58349609, 1342.76525879, 287.253265381, 65.0960388184, 14.9526796341, 5.03996992111, 126.83744812, 51.4140777588, 16.4118366241, -17.8825073242, -66.8855743408, -47.348651886, -50.1202926636], [-1000.09973145, 287.253265381, 1201.4564209, 273.773345947, 144.769195557, 188.390472412, 121.412704468, 153.353240967, 18.8204593658, -5.39587450027, 6.03960609436, -38.9677467346, -65.1303863525], [-577.162902832, 65.0960388184, 273.773345947, 540.948608398, 204.022796631, 107.900558472, 78.3957138062, 80.5468521118, 39.3869590759, -7.50765037537, -16.3449306488, -0.864048063755, 2.08359718323], [-206.173812866, 14.9526796341, 144.769195557, 204.022796631, 316.570709229, 111.889678955, 51.1260795593, 75.2386932373, 41.7102203369, 27.7132987976, 10.167345047, -9.28712463379, 15.1246042252], [-178.297851562, 5.03996992111, 188.390472412, 107.900558472, 111.889678955, 244.718811035, 98.1082611084, 85.7139205933, 54.8444290161, 31.5274734497, 21.1527805328, -0.602620065212, -8.29710102081], [-389.895263672, 126.83744812, 121.412704468, 78.3957138062, 51.1260795593, 98.1082611084, 213.444366455, 110.830673218, 62.7155685425, 54.278213501, 12.9386091232, -1.44035589695, -25.1435108185], [-382.497467041, 51.4140777588, 153.353240967, 80.5468521118, 75.2386932373, 85.7139205933, 110.830673218, 213.240081787, 86.0532913208, 28.0119132996, 14.2107439041, -2.77812743187, 2.7641518116], [-164.879653931, 16.4118366241, 18.8204593658, 39.3869590759, 41.7102203369, 54.8444290161, 62.7155685425, 86.0532913208, 173.335128784, 57.002571106, 7.42839860916, 6.482462883, -20.2239322662], [58.3663749695, -17.8825073242, -5.39587450027, -7.50765037537, 27.7132987976, 31.5274734497, 54.278213501, 28.0119132996, 57.002571106, 126.358703613, 55.8211746216, 8.07431602478, -4.46701908112], [134.207382202, -66.8855743408, 6.03960609436, -16.3449306488, 10.167345047, 21.1527805328, 12.9386091232, 14.2107439041, 7.42839860916, 55.8211746216, 98.7091369629, 48.8070983887, 24.5117893219], [85.5688400269, -47.348651886, -38.9677467346, -0.864048063755, -9.28712463379, -0.602620065212, -1.44035589695, -2.77812743187, 6.482462883, 8.07431602478, 48.8070983887, 113.888275146, 50.3906402588], [21.3835754395, -50.1202926636, -65.1303863525, 2.08359718323, 15.1246042252, -8.29710102081, -25.1435108185, 2.7641518116, -20.2239322662, -4.46701908112, 24.5117893219, 50.3906402588, 114.0807724]],
