{
"lowlevel": {
    "average_loudness": 0.965981304646,
    "barkbands_crest": {
        "dmean": 3.36975264549,
        "dmean2": 4.98904561996,
        "dvar": 9.47219085693,
        "dvar2": 18.3956184387,
        "max": 26.6842536926,
        "mean": 13.6472349167,
        "median": 12.5283269882,
        "min": 2.22599554062,
        "var": 40.4677963257
    },
    "barkbands_flatness_db": {
        "dmean": 0.0468101911247,
        "dmean2": 0.0654690936208,
        "dvar": 0.00239014439285,
        "dvar2": 0.00415495829657,
        "max": 0.694902002811,
        "mean": 0.1889564991,
        "median": 0.168577551842,
        "min": 0.0193768721074,
        "var": 0.0126859471202
    },
    "barkbands_kurtosis": {
        "dmean": 33.8603973389,
        "dmean2": 48.6163101196,
        "dvar": 21252.9667969,
        "dvar2": 41023.6289062,
        "max": 3368.72045898,
        "mean": 44.8444747925,
        "median": 5.93454933167,
        "min": -1.96562850475,
        "var": 35361.3515625
    },
    "barkbands_skewness": {
        "dmean": 1.50628376007,
        "dmean2": 2.10305595398,
        "dvar": 5.2020072937,
        "dvar2": 9.43901634216,
        "max": 45.0970191956,
        "mean": 3.12796449661,
        "median": 2.23686075211,
        "min": -10.314245224,
        "var": 16.885263443
    },
    "barkbands_spread": {
        "dmean": 9.43370437622,
        "dmean2": 14.5165119171,
        "dvar": 151.996307373,
        "dvar2": 299.84072876,
        "max": 143.955886841,
        "mean": 23.025636673,
        "median": 15.0938816071,
        "min": 0.0299258232117,
        "var": 494.112701416
    },
    "dissonance": {
        "dmean": 0.0196640267968,
        "dmean2": 0.0331874527037,
        "dvar": 0.000564210000448,
        "dvar2": 0.00152247899678,
        "max": 0.500000178814,
        "mean": 0.468144178391,
        "median": 0.478315383196,
        "min": 0.0878260061145,
        "var": 0.0011085094884
    },
    "dynamic_complexity": 3.49570250511,
    "erbbands_crest": {
        "dmean": 2.97275733948,
        "dmean2": 4.75818967819,
        "dvar": 7.71447944641,
        "dvar2": 17.7716026306,
        "max": 29.1026229858,
        "mean": 9.20038127899,
        "median": 8.17888450623,
        "min": 2.376922369,
        "var": 20.9622364044
    },
    "erbbands_flatness_db": {
        "dmean": 0.0268928352743,
        "dmean2": 0.0396804772317,
        "dvar": 0.000727852690034,
        "dvar2": 0.00142344424967,
        "max": 0.443912833929,
        "mean": 0.154465690255,
        "median": 0.145862340927,
        "min": 0.0357454232872,
        "var": 0.00374860106967
    },
    "erbbands_kurtosis": {
        "dmean": 3.17746376991,
        "dmean2": 4.54898643494,
        "dvar": 80.1928100586,
        "dvar2": 126.006866455,
        "max": 292.712432861,
        "mean": 3.67822694778,
        "median": 0.176081776619,
        "min": -1.89441132545,
        "var": 339.31729126
    },
    "erbbands_skewness": {
        "dmean": 0.684181511402,
        "dmean2": 1.00977277756,
        "dvar": 0.592938482761,
        "dvar2": 1.19420695305,
        "max": 14.8958864212,
        "mean": 0.351226300001,
        "median": 0.211053267121,
        "min": -9.80861473083,
        "var": 3.14742422104
    },
    "erbbands_spread": {
        "dmean": 15.2624692917,
        "dmean2": 23.2546672821,
        "dvar": 244.53213501,
        "dvar2": 528.514221191,
        "max": 230.51373291,
        "mean": 47.5995979309,
        "median": 43.3461456299,
        "min": 0.713852286339,
        "var": 769.666320801
    },
    "hfc": {
        "dmean": 16.3993778229,
        "dmean2": 26.7676334381,
        "dvar": 826.02545166,
        "dvar2": 2093.34106445,
        "max": 205.583267212,
        "mean": 22.3163776398,
        "median": 9.63933563232,
        "min": 6.01859901508e-05,
        "var": 967.419067383
    },
    "melbands_crest": {
        "dmean": 4.27146482468,
        "dmean2": 6.49771738052,
        "dvar": 14.6553010941,
        "dvar2": 29.3775920868,
        "max": 37.6725769043,
        "mean": 18.9163665771,
        "median": 17.4744491577,
        "min": 3.06907963753,
        "var": 69.659538269
    },
    "melbands_flatness_db": {
        "dmean": 0.0593746826053,
        "dmean2": 0.0823263078928,
        "dvar": 0.0036670230329,
        "dvar2": 0.00669376272708,
        "max": 0.845589458942,
        "mean": 0.267274171114,
        "median": 0.245800822973,
        "min": 0.0265378411859,
        "var": 0.0198047608137
    },
    "melbands_kurtosis": {
        "dmean": 41.41563797,
        "dmean2": 62.4324836731,
        "dvar": 15636.6064453,
        "dvar2": 35542.2929688,
        "max": 3882.27685547,
        "mean": 60.775680542,
        "median": 17.693649292,
        "min": -1.95139312744,
        "var": 28055.1113281
    },
    "melbands_skewness": {
        "dmean": 1.71587193012,
        "dmean2": 2.50558018684,
        "dvar": 4.54186487198,
        "dvar2": 9.6524066925,
        "max": 38.7416877747,
        "mean": 4.45667600632,
        "median": 3.44055080414,
        "min": -6.70106077194,
        "var": 13.539352417
    },
    "melbands_spread": {
        "dmean": 11.509645462,
        "dmean2": 17.6667308807,
        "dvar": 280.264953613,
        "dvar2": 623.144592285,
        "max": 255.088226318,
        "mean": 22.1696434021,
        "median": 10.7539834976,
        "min": 0.0667202025652,
        "var": 788.342590332
    },
    "pitch_salience": {
        "dmean": 0.108748562634,
        "dmean2": 0.161080524325,
        "dvar": 0.0102495942265,
        "dvar2": 0.020983653143,
        "max": 0.88358861208,
        "mean": 0.487320631742,
        "median": 0.523312211037,
        "min": 0.0106385629624,
        "var": 0.0432908907533
    },
    "silence_rate_20dB": {
        "dmean": 0,
        "dmean2": 0,
        "dvar": 0,
        "dvar2": 0,
        "max": 1,
        "mean": 1,
        "median": 1,
        "min": 1,
        "var": 0
    },
    "silence_rate_30dB": {
        "dmean": 0.0390438996255,
        "dmean2": 0.0780952349305,
        "dvar": 0.0375205613673,
        "dvar2": 0.104952670634,
        "max": 1,
        "mean": 0.972481429577,
        "median": 1,
        "min": 0,
        "var": 0.0267638694495
    },
    "silence_rate_60dB": {
        "dmean": 0.0268545858562,
        "dmean2": 0.0536190457642,
        "dvar": 0.026132799685,
        "dvar2": 0.0636909455061,
        "max": 1,
        "mean": 0.0379927642643,
        "median": 0,
        "min": 0,
        "var": 0.036548871547
    },
    "spectral_centroid": {
        "dmean": 411.24621582,
        "dmean2": 637.434448242,
        "dvar": 235904.0625,
        "dvar2": 538389.625,
        "max": 5212.71972656,
        "mean": 1324.58569336,
        "median": 1068.01794434,
        "min": 54.2739868164,
        "var": 929792.3125
    },
    "spectral_complexity": {
        "dmean": 6.51042747498,
        "dmean2": 10.5526666641,
        "dvar": 75.3106307983,
        "dvar2": 167.38710022,
        "max": 60,
        "mean": 14.7160539627,
        "median": 12,
        "min": 0,
        "var": 129.116592407
    },
    "spectral_decrease": {
        "dmean": 4.44876091521e-09,
        "dmean2": 6.8034755607e-09,
        "dvar": 3.71499022283e-17,
        "dvar2": 1.04603255178e-16,
        "max": 5.40410105554e-10,
        "mean": -8.74600036838e-09,
        "median": -5.05903319237e-09,
        "min": -4.91836686933e-08,
        "var": 7.55557954988e-17
    },
    "spectral_energy": {
        "dmean": 0.0178720988333,
        "dmean2": 0.0275505743921,
        "dvar": 0.000569284136873,
        "dvar2": 0.00159219326451,
        "max": 0.190568730235,
        "mean": 0.0350333787501,
        "median": 0.021392468363,
        "min": 1.03913837535e-08,
        "var": 0.00112335872836
    },
    "spectral_energyband_high": {
        "dmean": 0.00130955060013,
        "dmean2": 0.00216688145883,
        "dvar": 6.70406234349e-06,
        "dvar2": 1.70497314684e-05,
        "max": 0.0202445462346,
        "mean": 0.00151126098353,
        "median": 0.000207239412703,
        "min": 5.99025895553e-09,
        "var": 8.35761147755e-06
    },
    "spectral_energyband_low": {
        "dmean": 0.012023425661,
        "dmean2": 0.0175208840519,
        "dvar": 0.000393306516344,
        "dvar2": 0.00108708173502,
        "max": 0.148949980736,
        "mean": 0.0219206027687,
        "median": 0.00727463886142,
        "min": 2.26252588713e-12,
        "var": 0.000899776816368
    },
    "spectral_energyband_middle_high": {
        "dmean": 0.00220824149437,
        "dmean2": 0.00371567718685,
        "dvar": 1.40459587783e-05,
        "dvar2": 3.54572512151e-05,
        "max": 0.0398656725883,
        "mean": 0.00286272307858,
        "median": 0.00128593062982,
        "min": 3.83329501474e-09,
        "var": 1.77123147296e-05
    },
    "spectral_energyband_middle_low": {
        "dmean": 0.00901068001986,
        "dmean2": 0.015395630151,
        "dvar": 0.000297298596706,
        "dvar2": 0.000802568916697,
        "max": 0.124526455998,
        "mean": 0.0101892035455,
        "median": 0.00470365863293,
        "min": 5.73241842883e-10,
        "var": 0.000248406024184
    },
    "spectral_entropy": {
        "dmean": 0.329091787338,
        "dmean2": 0.492749661207,
        "dvar": 0.136630326509,
        "dvar2": 0.283133476973,
        "max": 9.02451992035,
        "mean": 7.48346090317,
        "median": 7.59557056427,
        "min": 4.0440864563,
        "var": 0.542526781559
    },
    "spectral_flux": {
        "dmean": 0.0415100641549,
        "dmean2": 0.0609222650528,
        "dvar": 0.00222712522373,
        "dvar2": 0.00373667082749,
        "max": 0.396945744753,
        "mean": 0.107964150608,
        "median": 0.0848034098744,
        "min": 0.000101938137959,
        "var": 0.00544861052185
    },
    "spectral_kurtosis": {
        "dmean": 3.12609696388,
        "dmean2": 5.01163005829,
        "dvar": 46.213684082,
        "dvar2": 98.8098297119,
        "max": 197.778259277,
        "mean": 6.07783222198,
        "median": 3.54319643974,
        "min": -1.41104471684,
        "var": 114.265434265
    },
    "spectral_rms": {
        "dmean": 0.00144345778972,
        "dmean2": 0.00215843017213,
        "dvar": 2.48612946052e-06,
        "dvar2": 6.48317018204e-06,
        "max": 0.0136352749541,
        "mean": 0.00520736863837,
        "median": 0.00456844596192,
        "min": 3.18401248478e-06,
        "var": 7.06241416992e-06
    },
    "spectral_rolloff": {
        "dmean": 936.979614258,
        "dmean2": 1567.33190918,
        "dvar": 3323968.25,
        "dvar2": 6667611,
        "max": 17872.5585938,
        "mean": 1733.58862305,
        "median": 409.130859375,
        "min": 64.599609375,
        "var": 6857251.5
    },
    "spectral_skewness": {
        "dmean": 0.400695472956,
        "dmean2": 0.624433994293,
        "dvar": 0.298449397087,
        "dvar2": 0.642169415951,
        "max": 12.0309181213,
        "mean": 1.64163017273,
        "median": 1.41717100143,
        "min": -0.620340406895,
        "var": 1.14021730423
    },
    "spectral_spread": {
        "dmean": 1004764.9375,
        "dmean2": 1454438.5,
        "dvar": 1.19765716173e+12,
        "dvar2": 2.23669963981e+12,
        "max": 20025606,
        "mean": 5152832,
        "median": 4663365.5,
        "min": 455195.1875,
        "var": 6.40960692224e+12
    },
    "spectral_strongpeak": {
        "dmean": 0.309916198254,
        "dmean2": 0.505429029465,
        "dvar": 0.4603305161,
        "dvar2": 1.25669777393,
        "max": 13.6630563736,
        "mean": 0.566097617149,
        "median": 0.410793840885,
        "min": 0,
        "var": 0.536671102047
    },
    "zerocrossingrate": {
        "dmean": 0.0180923063308,
        "dmean2": 0.0201356951147,
        "dvar": 0.000554737111088,
        "dvar2": 0.000647214765195,
        "max": 0.626953125,
        "mean": 0.0616498067975,
        "median": 0.0419921875,
        "min": 0.001953125,
        "var": 0.00414710817859
    },
    "barkbands": {
        "dmean": [0.000354866089765, 0.00866496469826, 0.00526006566361, 0.00343910814263, 0.003800627077, 0.00145878607873, 0.00110622297507, 0.000369933433831, 0.00039875388029, 0.000261287234025, 0.000129747408209, 0.000251502729952, 0.000370483321603, 0.000369959074305, 0.000150693042087, 0.000189635102288, 0.000300048181089, 0.000294549477985, 0.000303124339553, 0.000308069167659, 0.000224904477363, 0.000198242240003, 0.00020190779469, 0.000277802726487, 0.000137836264912, 0.000123612087918, 5.84376466577e-05],
        "dmean2": [0.000365348474588, 0.0102129308507, 0.00895680859685, 0.0063483431004, 0.0068147610873, 0.00231512915343, 0.0019209953025, 0.00066602032166, 0.000680308381561, 0.000437511160271, 0.000224213348702, 0.000434746092651, 0.000640519079752, 0.000644903222565, 0.000256766245002, 0.00032107392326, 0.000498933717608, 0.00051630300004, 0.00051796156913, 0.000550684635527, 0.000387528416468, 0.000331041432219, 0.000335628486937, 0.000453168264357, 0.000214339917875, 0.000185050696018, 9.16962526389e-05],
        "dvar": [2.81382313005e-07, 0.000233882921748, 0.000187730940524, 0.000110677887278, 6.41523511149e-05, 6.95433254805e-06, 7.5103312156e-06, 6.89045918989e-07, 1.08729921067e-06, 2.12137123867e-07, 6.98692232959e-08, 2.85262672151e-07, 6.98085443673e-07, 7.59212980483e-07, 1.03848805111e-07, 1.27174871523e-07, 5.87579620515e-07, 4.31735031725e-07, 5.29433691554e-07, 5.00550413562e-07, 2.16495564587e-07, 1.52838623535e-07, 1.88977267612e-07, 4.03171071639e-07, 1.05491594127e-07, 1.25747575908e-07, 3.61178109642e-08],
        "dvar2": [3.34405882541e-07, 0.000365165615221, 0.000482976145577, 0.000317101832479, 0.00018116843421, 1.49162269736e-05, 2.06839213206e-05, 1.82111512004e-06, 2.79469759334e-06, 5.1769404763e-07, 1.79838977488e-07, 7.27305575765e-07, 1.82109965863e-06, 1.99015835278e-06, 2.64142357764e-07, 3.32616139076e-07, 1.192212153e-06, 1.14809279239e-06, 1.35263098855e-06, 1.37577433179e-06, 5.69636029013e-07, 3.95011653609e-07, 4.67928799708e-07, 1.01270200048e-06, 2.30489149544e-07, 2.82231439996e-07, 9.09199258103e-08],
        "max": [0.00521531188861, 0.140775382519, 0.102167226374, 0.0896316245198, 0.0679192170501, 0.0569592826068, 0.0253375265747, 0.0150227705017, 0.0133446156979, 0.0082781733945, 0.00634020147845, 0.0141989411786, 0.0155340004712, 0.0146113121882, 0.0105371698737, 0.00545427994803, 0.0243042837828, 0.0119917681441, 0.0198058076203, 0.00968702696264, 0.00609572930261, 0.00559502793476, 0.00825161952525, 0.010098638013, 0.00764673715457, 0.00632225722075, 0.00452537415549],
        "mean": [0.000706273072865, 0.0158250592649, 0.00400450872257, 0.00247771618888, 0.00368079566397, 0.00213307258673, 0.0010986084817, 0.000303957756842, 0.000364323961549, 0.000299889827147, 0.00012781174155, 0.000240540801315, 0.00034429889638, 0.000375764153432, 0.000165450052009, 0.000240340435994, 0.000329044007231, 0.000318696460454, 0.000365134823369, 0.000296802492812, 0.000225990574108, 0.000211616716115, 0.000222334565478, 0.000297418650007, 0.000178629765287, 0.00014655700943, 5.28674645466e-05],
        "median": [9.39598976402e-05, 0.00343591929413, 0.00039865609142, 0.000410389679018, 0.00149797508493, 0.000713514978997, 0.00031747110188, 6.99337979313e-05, 8.67903800099e-05, 8.16684623715e-05, 3.47173408954e-05, 5.39556422154e-05, 7.43234122638e-05, 7.63370189816e-05, 5.81585154578e-05, 7.59107497288e-05, 6.49268913548e-05, 6.99340307619e-05, 5.14632265549e-05, 4.54492292192e-05, 4.00492244808e-05, 2.50378507189e-05, 2.48266333074e-05, 2.40866611421e-05, 8.79771323525e-06, 1.79036123882e-06, 3.57794533556e-07],
        "min": [2.06412740632e-13, 1.10604678628e-12, 9.30589589762e-13, 9.92484414965e-13, 2.50783751404e-11, 8.60511800704e-11, 6.05713396107e-11, 6.48753065158e-11, 1.34666389151e-10, 8.3786796945e-11, 1.07121853055e-10, 1.1443588438e-10, 2.35300640083e-10, 1.70848696301e-10, 4.83794060369e-10, 2.45417686173e-10, 2.35876040922e-10, 1.58771856773e-10, 3.23924886914e-10, 3.188482256e-10, 4.45100512003e-10, 3.03200298202e-10, 6.79479361665e-10, 6.87520373965e-10, 7.02919222828e-10, 4.06155581389e-10, 3.79186994304e-11],
        "var": [1.33511639433e-06, 0.000672897149343, 0.000142634220538, 6.43222883809e-05, 4.46823651146e-05, 1.50391724674e-05, 5.97214830123e-06, 6.42538168449e-07, 9.64365426626e-07, 3.07171433178e-07, 7.58893961006e-08, 4.74086959912e-07, 6.57776979551e-07, 8.7587187636e-07, 1.24049094552e-07, 1.78037907972e-07, 1.10888367999e-06, 4.57272676613e-07, 8.46106729568e-07, 5.22991228991e-07, 2.48934412639e-07, 2.38648567574e-07, 3.30089306999e-07, 6.37109110357e-07, 3.39047034004e-07, 2.8004944852e-07, 3.46533006734e-08]
    },
    "erbbands": {
        "dmean": [0.300346195698, 1.98370313644, 4.84736633301, 9.81746482849, 12.8977861404, 11.6922025681, 11.1563339233, 12.1163396835, 16.6158065796, 13.8261966705, 7.45958185196, 8.10922431946, 9.74095630646, 6.09238433838, 6.46089935303, 10.6122179031, 15.6985244751, 20.0940761566, 9.69287490845, 8.53305435181, 11.4657859802, 16.6554164886, 16.9148197174, 15.9783334732, 14.0724725723, 14.0902891159, 11.3907461166, 8.03604698181, 7.23686742783, 6.56195163727, 5.98603725433, 5.8764424324, 4.23621511459, 1.94043886662, 0.783681869507, 0.436695158482, 0.238812163472, 0.0822617039084, 0.0107034165412, 0.000468789046863],
        "dmean2": [0.308748245239, 2.55177760124, 7.58796739578, 17.7220344543, 23.4561328888, 20.9721851349, 19.1822471619, 19.0155582428, 27.0346755981, 25.093044281, 13.1992931366, 13.8671245575, 16.459728241, 10.2653980255, 11.1126232147, 18.2386512756, 27.2389793396, 34.270111084, 16.3608398438, 14.7045211792, 19.149477005, 28.0601215363, 29.2327613831, 26.8938846588, 24.6983013153, 25.0465888977, 20.0508956909, 13.7804021835, 12.1131343842, 10.8013629913, 9.9704618454, 9.79630088806, 6.71556615829, 3.01436710358, 1.21050035954, 0.643287479877, 0.355899006128, 0.127446189523, 0.0170054249465, 0.000718443887308],
        "dvar": [0.244038984179, 13.2702884674, 132.679168701, 794.131591797, 1137.12609863, 545.278503418, 340.063995361, 511.411346436, 1354.74169922, 1551.96557617, 314.018127441, 364.564361572, 540.450317383, 122.308113098, 175.674240112, 519.624755859, 1136.68444824, 2307.27246094, 404.142028809, 246.646224976, 454.127380371, 1779.24060059, 1548.86425781, 1042.53808594, 1524.16479492, 1013.75048828, 635.114196777, 287.330871582, 217.250732422, 206.244552612, 162.9190979, 190.322463989, 89.0125198364, 21.6744651794, 3.99166560173, 1.49623525143, 0.50871014595, 0.0691218301654, 0.00131935067475, 1.93308369489e-06],
        "dvar2": [0.295367062092, 23.5847835541, 332.747680664, 2213.07495117, 3232.56079102, 1540.45043945, 886.198486328, 1064.99902344, 3169.796875, 4375.70458984, 811.794494629, 941.424072266, 1402.65405273, 303.682098389, 452.13079834, 1313.38830566, 3047.67651367, 5849.06835938, 969.099914551, 651.119567871, 1103.41479492, 3869.98217773, 4035.0246582, 2506.46313477, 4000.35888672, 2750.12084961, 1727.8157959, 741.64654541, 555.152648926, 515.810180664, 406.269470215, 488.264953613, 209.80267334, 47.362159729, 8.83312416077, 3.07142233849, 1.13079357147, 0.163186058402, 0.00338597688824, 4.82267978441e-06],
        "max": [4.79564762115, 33.2755126953, 96.3052749634, 247.354003906, 268.843383789, 207.020553589, 209.2084198, 510.735076904, 729.153930664, 455.101318359, 395.721343994, 371.391326904, 329.714202881, 138.513671875, 362.269897461, 682.058105469, 515.487854004, 986.085083008, 620.799926758, 175.046173096, 263.006530762, 1196.99450684, 713.746765137, 601.115905762, 1141.97814941, 488.843841553, 259.225402832, 346.91229248, 227.233657837, 318.559967041, 262.604492188, 242.685501099, 224.286056519, 125.414604187, 80.7709121704, 37.5200042725, 17.4424419403, 4.28011417389, 0.949392318726, 0.0301785431802],
        "mean": [0.598332881927, 2.97933697701, 4.50908041, 7.3618106842, 10.316696167, 11.3563022614, 12.8062944412, 18.0541095734, 21.1242313385, 10.6163101196, 6.52492523193, 7.69013786316, 10.9720306396, 6.16987895966, 6.39273262024, 10.6664180756, 14.8982782364, 20.8592319489, 11.2591667175, 10.3570365906, 14.0934610367, 18.1771259308, 18.0202312469, 19.8280887604, 16.0927352905, 13.8488683701, 10.7541246414, 8.53538131714, 7.51941156387, 7.18632173538, 6.47648525238, 6.22384977341, 4.67518997192, 2.35573816299, 1.05745327473, 0.569416224957, 0.272837311029, 0.0772130712867, 0.00947732198983, 0.00048897851957],
        "median": [0.089547097683, 0.655970811844, 0.69915241003, 1.34893059731, 2.40113544464, 5.09816551208, 6.09786128998, 5.74096870422, 6.13850688934, 2.68729352951, 1.65344500542, 2.04176282883, 3.18978261948, 1.76528131962, 1.71094799042, 2.48037481308, 3.47692060471, 4.1245136261, 3.42495536804, 3.86761593819, 4.6512594223, 3.75786685944, 3.76941204071, 3.43852424622, 2.44312238693, 2.16535568237, 1.91811203957, 1.28612160683, 0.922014951706, 0.772414922714, 0.723216056824, 0.522624313831, 0.356378912926, 0.156854510307, 0.0330023914576, 0.0106142088771, 0.00281471479684, 0.000565798138268, 7.7355929534e-05, 4.86313074362e-05],
        "min": [3.10532537184e-11, 2.57520282876e-10, 1.06316877524e-09, 2.49113574213e-09, 4.76069139665e-08, 1.04033937021e-07, 1.16947560969e-07, 9.36941830787e-07, 9.73317582975e-07, 9.9978160506e-07, 2.68902886091e-06, 4.23585288445e-06, 2.59978810391e-06, 6.91305376677e-06, 8.2631722762e-06, 4.87794932269e-06, 1.79297021532e-05, 1.10292794488e-05, 2.21628906729e-05, 1.36478629429e-05, 1.18427069538e-05, 1.4055795873e-05, 9.6527610367e-06, 1.51159547386e-05, 1.58679467859e-05, 1.51525418914e-05, 2.51292185567e-05, 1.15774992082e-05, 1.22883648146e-05, 7.26304460841e-06, 2.08650290006e-05, 1.49597753989e-05, 1.15253551485e-05, 3.31806450049e-06, 6.14403279542e-06, 3.94399830839e-06, 3.82591053949e-07, 1.71815855765e-07, 1.05530588712e-07, 6.24993301557e-09],
        "var": [0.976774632931, 28.3299884796, 123.763496399, 499.827331543, 716.692749023, 380.998260498, 345.868682861, 1177.08337402, 2050.65893555, 960.612243652, 314.132507324, 350.008270264, 615.678222656, 135.163208008, 194.554412842, 955.18548584, 1027.21691895, 2800.60864258, 612.46282959, 290.374908447, 610.073364258, 3039.23120117, 1734.25878906, 1838.50109863, 2013.74768066, 1116.43859863, 597.396850586, 484.061462402, 299.590606689, 381.560974121, 264.9815979, 325.489105225, 156.767791748, 60.4253349304, 15.5974960327, 4.83974695206, 1.19352650642, 0.0795385092497, 0.00119578687008, 1.98123552764e-06]
    },
    "gfcc": {
        "mean": [-36.3304634094, 85.2958450317, -88.0234527588, 43.4484214783, -47.8194313049, 8.37334823608, -37.9195518494, 0.981283724308, -17.1773166656, 1.65877890587, -5.03808164597, 1.41818499565, -5.04206895828],
        "cov": [[9912.72949219, -2365.63500977, -1393.46337891, -248.297897339, -769.812011719, 43.1698226929, -586.306091309, 99.6020736694, -442.716064453, -10.5841350555, -328.752838135, -43.793598175, -408.260986328], [-2365.63500977, 2766.95117188, -121.705108643, -105.176376343, 268.364990234, -79.2750930786, 203.085800171, -184.833511353, 181.367614746, -106.501464844, 225.633270264, -15.7562332153, 218.111053467], [-1393.46337891, -121.705108643, 2201.73461914, 174.34173584, 264.427093506, 263.941436768, 263.96875, 129.244384766, 106.564125061, 104.920974731, 18.8779678345, 76.462638855, 17.393327713], [-248.297897339, -105.176376343, 174.34173584, 821.453979492, 219.248168945, 39.6582641602, 153.264068604, 135.213653564, 120.683708191, 30.2390613556, 106.215278625, -24.6427288055, 70.3377380371], [-769.812011719, 268.364990234, 264.427093506, 219.248168945, 729.09173584, 74.9536209106, 217.213272095, 87.6862487793, 121.617431641, 78.0540618896, 99.7473907471, 37.807346344, 49.662399292], [43.1698226929, -79.2750930786, 263.941436768, 39.6582641602, 74.9536209106, 403.510894775, 92.0608825684, 66.9223098755, 109.716552734, 80.4790878296, 31.5528755188, -11.341501236, 13.5484495163], [-586.306091309, 203.085800171, 263.96875, 153.264068604, 217.213272095, 92.0608825684, 326.139709473, 112.355857849, 120.916114807, 68.769203186, 72.1566314697, 22.2692661285, 60.4532585144], [99.6020736694, -184.833511353, 129.244384766, 135.213653564, 87.6862487793, 66.9223098755, 112.355857849, 234.705078125, 75.9087982178, 43.8417549133, 44.0952186584, 22.6033592224, 22.5655002594], [-442.716064453, 181.367614746, 106.564125061, 120.683708191, 121.617431641, 109.716552734, 120.916114807, 75.9087982178, 235.913360596, 89.2462539673, 88.7609176636, 23.3621616364, 90.1809082031], [-10.5841350555, -106.501464844, 104.920974731, 30.2390613556, 78.0540618896, 80.4790878296, 68.769203186, 43.8417549133, 89.2462539673, 138.530014038, 60.860496521, 40.6566848755, 40.4338378906], [-328.752838135, 225.633270264, 18.8779678345, 106.215278625, 99.7473907471, 31.5528755188, 72.1566314697, 44.0952186584, 88.7609176636, 60.860496521, 170.069168091, 52.7353363037, 70.3195114136], [-43.793598175, -15.7562332153, 76.462638855, -24.6427288055, 37.807346344, -11.341501236, 22.2692661285, 22.6033592224, 23.3621616364, 40.6566848755, 52.7353363037, 109.820823669, 45.7158164978], [-408.260986328, 218.111053467, 17.393327713, 70.3377380371, 49.662399292, 13.5484495163, 60.4532585144, 22.5655002594, 90.1809082031, 40.4338378906, 70.3195114136, 45.7158164978, 116.402328491]],
        "icov": [[0.000176870933501, 4.57703245047e-05, 0.000126582774101, -6.62708989694e-05, 9.76713563432e-05, -0.00013480031339, 0.000149072657223, -0.000191843413631, 0.000151296742843, -0.000247551390203, 0.000165374061908, -0.000278929626802, 0.000467918842332], [4.57703245047e-05, 0.000826867355499, 5.09066876475e-06, 0.000442638469394, -0.000228488992434, 0.000114739639685, -0.000515660271049, 0.000791532278527, -0.000416795141064, 0.0015242806403, -0.00124519818928, 0.000917076831684, -0.00127307896037], [0.000126582774101, 5.09066876475e-06, 0.000661061494611, -0.000173150096089, 1.39177482197e-05, -0.000413109606598, -0.000230649951845, -0.000153646309627, 0.000130685963086, -0.000305749941617, 0.000510085374117, -0.000852819415741, 0.000663745333441], [-6.62708989694e-05, 0.000442638469394, -0.000173150096089, 0.00194613658823, -0.000461830786662, 0.000339598365827, -0.000473369000247, -0.000175353285158, -0.000429419771535, 0.00128586485516, -0.00161442742683, 0.00202172994614, -0.00170729751699], [9.76713563432e-05, -0.000228488992434, 1.39177482197e-05, -0.000461830786662, 0.00198291172273, -7.68801692175e-05, -0.000680251279846, -0.000225748110097, -7.70946353441e-05, -0.000837478437461, 5.91973730479e-05, -0.000836043152958, 0.00125091150403], [-0.00013480031339, 0.000114739639685, -0.000413109606598, 0.000339598365827, -7.68801692175e-05, 0.00348482490517, -0.000365520943888, -7.93694271124e-05, -0.00134612433612, -0.000851039600093, -0.000508877856191, 0.00164943304844, -7.26164671505e-07], [0.000149072657223, -0.000515660271049, -0.000230649951845, -0.000473369000247, -0.000680251279846, -0.000365520943888, 0.00567431794479, -0.00213031517342, -0.000293876131764, -0.00175434164703, 0.000694862974342, -0.000129423671751, 7.65111035435e-05], [-0.000191843413631, 0.000791532278527, -0.000153646309627, -0.000175353285158, -0.000225748110097, -7.93694271124e-05, -0.00213031517342, 0.00683441665024, -0.00164364464581, 0.00173458922654, -0.00152975926176, -0.000157197719091, -0.000483333627926], [0.000151296742843, -0.000416795141064, 0.000130685963086, -0.000429419771535, -7.70946353441e-05, -0.00134612433612, -0.000293876131764, -0.00164364464581, 0.00935879535973, -0.00395595096052, -0.000285484915366, 0.00139002723154, -0.00403747847304], [-0.000247551390203, 0.0015242806403, -0.000305749941617, 0.00128586485516, -0.000837478437461, -0.000851039600093, -0.00175434164703, 0.00173458922654, -0.00395595096052, 0.0150511860847, -0.00430761650205, -0.000715652189683, -0.00270458031446], [0.000165374061908, -0.00124519818928, 0.000510085374117, -0.00161442742683, 5.91973730479e-05, -0.000508877856191, 0.000694862974342, -0.00152975926176, -0.000285484915366, -0.00430761650205, 0.0121465073898, -0.00495051825419, 0.00010616050713], [-0.000278929626802, 0.000917076831684, -0.000852819415741, 0.00202172994614, -0.000836043152958, 0.00164943304844, -0.000129423671751, -0.000157197719091, 0.00139002723154, -0.000715652189683, -0.00495051825419, 0.0162644907832, -0.00775389187038], [0.000467918842332, -0.00127307896037, 0.000663745333441, -0.00170729751699, 0.00125091150403, -7.26164671505e-07, 7.65111035435e-05, -0.000483333627926, -0.00403747847304, -0.00270458031446, 0.00010616050713, -0.00775389187038, 0.0201188977808]]
    },
    "melbands": {
        "dmean": [0.00253504677676, 0.00219045206904, 0.00172932166606, 0.000884225359187, 0.000423776451498, 0.000283479079371, 0.000252545491094, 0.000136416099849, 5.81386520935e-05, 5.34968166903e-05, 4.91436803713e-05, 2.58323761955e-05, 1.95754564629e-05, 2.52838035522e-05, 2.96525959129e-05, 4.09942440456e-05, 3.83369151677e-05, 1.75237273652e-05, 1.17769914141e-05, 1.21423690871e-05, 1.41756554513e-05, 1.66096779139e-05, 1.86949400813e-05, 1.40215270221e-05, 1.33422408908e-05, 1.13559390229e-05, 9.32156854105e-06, 9.9621793197e-06, 8.55574216985e-06, 4.94886444358e-06, 4.57705300505e-06, 4.20828155256e-06, 3.86214696846e-06, 3.61886645805e-06, 3.40485780725e-06, 3.50985214936e-06, 3.69589406546e-06, 3.34368405674e-06, 2.21618847718e-06, 1.46866761952e-06],
        "dmean2": [0.00280476175249, 0.00329998414963, 0.00304788211361, 0.00160982692614, 0.000729274586774, 0.000440918345703, 0.000417285016738, 0.000247836374911, 0.000102004298242, 9.11836395971e-05, 8.29108685139e-05, 4.35605870734e-05, 3.36555131071e-05, 4.33271416114e-05, 5.17681728525e-05, 7.05515485606e-05, 6.55190815451e-05, 2.98761606246e-05, 2.03210693144e-05, 2.0641968149e-05, 2.36544819927e-05, 2.79688301816e-05, 3.18843522109e-05, 2.44526945608e-05, 2.23060796998e-05, 1.97025747184e-05, 1.65634355653e-05, 1.76874636963e-05, 1.54085337272e-05, 8.3965869635e-06, 7.89120713307e-06, 7.09210826244e-06, 6.36674485577e-06, 5.99616350883e-06, 5.72590488446e-06, 5.75889771426e-06, 6.21951630819e-06, 5.37273945156e-06, 3.43417491422e-06, 2.30338582696e-06],
        "dvar": [1.90689843294e-05, 1.83556076081e-05, 2.24798823183e-05, 4.35641504737e-06, 4.5080295763e-07, 2.96704371294e-07, 3.13289973519e-07, 1.406586847e-07, 1.97304288463e-08, 1.82764665624e-08, 1.34020545772e-08, 2.22487162027e-09, 1.58256374672e-09, 2.80277645537e-09, 4.84476814222e-09, 9.26954513147e-09, 8.85207995793e-09, 1.43809164577e-09, 5.97112137513e-10, 5.30431754076e-10, 7.30780491676e-10, 1.72772085527e-09, 2.67658473163e-09, 8.76454187004e-10, 7.54314166684e-10, 1.14820619679e-09, 4.73625361153e-10, 5.49192469279e-10, 4.09991207651e-10, 1.10400896758e-10, 1.00056317398e-10, 8.24887103068e-11, 5.67254611339e-11, 8.02055435956e-11, 5.42307171392e-11, 6.20012860497e-11, 8.77237796293e-11, 6.19598539142e-11, 2.5016303265e-11, 1.48432828528e-11],
        "dvar2": [2.75204183708e-05, 4.58986287413e-05, 6.17480254732e-05, 1.23568052004e-05, 1.19479841487e-06, 6.05727791481e-07, 7.69904602294e-07, 3.94539057424e-07, 5.08518418485e-08, 4.70180410161e-08, 3.4654856762e-08, 5.47716627608e-09, 4.07411615555e-09, 7.08691372253e-09, 1.2885000622e-08, 2.43699158631e-08, 2.25473701931e-08, 3.47708684068e-09, 1.57893775832e-09, 1.44573497618e-09, 1.73826175676e-09, 3.86417742249e-09, 6.22548901319e-09, 2.31503727299e-09, 1.78304204734e-09, 3.04715030985e-09, 1.27259291993e-09, 1.48422973911e-09, 1.1385080656e-09, 2.85628160013e-10, 2.56045601388e-10, 2.12964659796e-10, 1.41134756659e-10, 1.94841781598e-10, 1.35185806993e-10, 1.50120568754e-10, 2.29257668405e-10, 1.47860154676e-10, 5.45893399928e-11, 3.16618606333e-11],
        "max": [0.0425829291344, 0.0374662987888, 0.0403663665056, 0.0150709925219, 0.00637651188299, 0.0129814576358, 0.00985940359533, 0.00429154327139, 0.00357787590474, 0.00233160331845, 0.00160016166046, 0.000597906298935, 0.00091801706003, 0.00187197816558, 0.00143471336924, 0.00191247009207, 0.00174368964508, 0.000919820158742, 0.000446512305643, 0.000386778294342, 0.000370583904441, 0.00115217152052, 0.00128360791132, 0.000428952858783, 0.000533717160579, 0.00111619115341, 0.000326500856318, 0.00045471516205, 0.000270604941761, 0.000103901606053, 0.000297209509881, 0.000172984247911, 0.000159536357387, 0.000228674325626, 0.000147769402247, 0.000180633665877, 0.000156106427312, 0.000184831878869, 0.000132769448101, 0.00011814658501],
        "mean": [0.00481564644724, 0.00291793420911, 0.00137503724545, 0.0007706444012, 0.000487808778416, 0.000428199826274, 0.000305416819174, 0.00010185809515, 5.1888931921e-05, 5.00260284753e-05, 5.51012526557e-05, 2.55085014942e-05, 1.92227380467e-05, 2.51967849181e-05, 2.75541679002e-05, 3.8512138417e-05, 3.91203539039e-05, 1.92666757357e-05, 1.27523026094e-05, 1.55285379151e-05, 1.63637560036e-05, 1.79382932401e-05, 1.88070298464e-05, 1.51094827743e-05, 1.63023505593e-05, 1.30168009491e-05, 9.38619814406e-06, 9.40916015679e-06, 7.51800325816e-06, 4.95162612424e-06, 4.94356800118e-06, 4.24337804361e-06, 4.02834848501e-06, 3.92719812226e-06, 3.6188453123e-06, 3.74515502699e-06, 3.78472782359e-06, 3.49576316694e-06, 2.59086868937e-06, 1.77439881099e-06],
        "median": [0.0009010725189, 0.000629464164376, 0.000291009782813, 0.000262546702288, 0.000253428210272, 0.000133648543851, 8.88225113158e-05, 2.22896887863e-05, 1.25715014292e-05, 1.27819166664e-05, 1.57434842549e-05, 6.57692817185e-06, 4.9963159654e-06, 6.16992383584e-06, 6.04052274866e-06, 7.93880008132e-06, 7.29747353034e-06, 5.10685185873e-06, 4.43868020739e-06, 5.09395022164e-06, 5.26557232661e-06, 3.6579672269e-06, 2.92214053843e-06, 3.41195800502e-06, 2.59684202319e-06, 1.69537145212e-06, 1.56800581408e-06, 1.23404333863e-06, 1.16746650747e-06, 9.15041368899e-07, 6.21887693342e-07, 5.01821943999e-07, 4.2187846816e-07, 4.15493161654e-07, 4.12502288327e-07, 3.52100329337e-07, 3.01864872654e-07, 2.53134203376e-07, 1.94788924546e-07, 9.62431414564e-08],
        "min": [2.99026808089e-13, 4.83496380953e-13, 1.18786707901e-12, 6.40557528894e-12, 3.81024769028e-12, 2.03524991998e-11, 1.44823979198e-11, 9.75472740777e-12, 2.85317793697e-11, 2.1518281948e-11, 1.07248775832e-11, 2.30191681688e-11, 2.08152019926e-11, 1.78528199168e-11, 1.81856300852e-11, 2.99687323568e-11, 1.39891639939e-11, 3.06422907881e-11, 2.52846667215e-11, 1.79814912959e-11, 1.06883642562e-11, 1.44436979738e-11, 8.86938959777e-12, 8.54057536498e-12, 1.22887394705e-11, 1.09861512249e-11, 9.8764798423e-12, 9.43067065412e-12, 1.60676229266e-11, 9.2237710525e-12, 6.41426451883e-12, 7.30500469143e-12, 5.18576934866e-12, 4.0588604526e-12, 1.11513871054e-11, 1.16897238417e-11, 5.57795780051e-12, 5.90186927107e-12, 5.26565076264e-12, 2.22286533798e-12],
        "var": [6.23735759291e-05, 2.69025240414e-05, 1.48655853991e-05, 2.8017943805e-06, 4.54815364037e-07, 6.93506649441e-07, 4.13131033383e-07, 8.93272797953e-08, 2.01413747902e-08, 1.66783653555e-08, 1.53972532502e-08, 2.48041565065e-09, 1.74132386288e-09, 5.19488008166e-09, 5.12545206277e-09, 9.20436171725e-09, 1.03158930287e-08, 2.09175921029e-09, 6.1575250454e-10, 7.69231067732e-10, 9.15758524567e-10, 2.81033041283e-09, 3.75736508573e-09, 9.5099661479e-10, 1.35471101004e-09, 1.5861523206e-09, 4.97846264214e-10, 6.48683384785e-10, 3.68485464364e-10, 1.13485769393e-10, 2.27989141455e-10, 1.10125089603e-10, 9.52237108609e-11, 1.44678019565e-10, 8.99659582942e-11, 1.14823789366e-10, 1.37576908199e-10, 9.55784548728e-11, 6.07724010004e-11, 4.09447267757e-11]
    },
    "mfcc": {
        "mean": [-685.88885498, 115.348579407, 20.2680206299, 35.1509284973, 15.7111978531, 9.15029239655, -0.766352891922, 0.158679127693, -5.41991090775, 0.470157414675, -1.20079708099, 2.13668107986, -1.50023162365],
        "cov": [[10418.1806641, -2292.67626953, -1260.96582031, -695.510925293, -510.819213867, -468.481750488, -327.832672119, -223.407501221, -331.154205322, -143.744903564, -106.86605835, -91.5713424683, -256.24710083], [-2292.67626953, 2388.12084961, -34.8301353455, -9.10682201385, 72.9951553345, 132.685333252, 46.0363082886, 33.287689209, 8.59640789032, -90.015953064, -0.0211653187871, 34.3956031799, 48.5874671936], [-1260.96582031, -34.8301353455, 1598.62390137, 113.962852478, 121.42212677, 164.722625732, 122.883049011, 107.854110718, 136.522262573, 87.658416748, 45.1259803772, 66.5219802856, 61.9842529297], [-695.510925293, -9.10682201385, 113.962852478, 762.515686035, 206.186172485, 39.7113113403, 156.792953491, 103.70627594, 77.5557937622, 74.9087142944, 43.0259895325, 29.8462734222, 69.0778961182], [-510.819213867, 72.9951553345, 121.42212677, 206.186172485, 424.272796631, 156.100021362, 122.979980469, 84.9331665039, 72.3980484009, 87.7869644165, 60.6369018555, 52.2563323975, 59.380153656], [-468.481750488, 132.685333252, 164.722625732, 39.7113113403, 156.100021362, 321.692169189, 99.0676574707, 42.2265625, 92.1730880737, 79.5115127563, 52.8459854126, 74.0013580322, 52.1063766479], [-327.832672119, 46.0363082886, 122.883049011, 156.792953491, 122.979980469, 99.0676574707, 236.657409668, 110.306365967, 65.9184646606, 82.5381393433, 71.5995178223, 41.6686058044, 42.5636444092], [-223.407501221, 33.287689209, 107.854110718, 103.70627594, 84.9331665039, 42.2265625, 110.306365967, 165.796325684, 87.8610153198, 72.5342788696, 59.3293952942, 39.2202148438, 33.3968925476], [-331.154205322, 8.59640789032, 136.522262573, 77.5557937622, 72.3980484009, 92.1730880737, 65.9184646606, 87.8610153198, 187.313034058, 107.853820801, 58.9966659546, 52.1941719055, 33.2625999451], [-143.744903564, -90.015953064, 87.658416748, 74.9087142944, 87.7869644165, 79.5115127563, 82.5381393433, 72.5342788696, 107.853820801, 192.715377808, 86.7234954834, 53.079624176, 36.0090789795], [-106.86605835, -0.0211653187871, 45.1259803772, 43.0259895325, 60.6369018555, 52.8459854126, 71.5995178223, 59.3293952942, 58.9966659546, 86.7234954834, 103.299789429, 53.2026596069, 31.1169433594], [-91.5713424683, 34.3956031799, 66.5219802856, 29.8462734222, 52.2563323975, 74.0013580322, 41.6686058044, 39.2202148438, 52.1941719055, 53.079624176, 53.2026596069, 98.5481414795, 44.1806793213], [-256.24710083, 48.5874671936, 61.9842529297, 69.0778961182, 59.380153656, 52.1063766479, 42.5636444092, 33.3968925476, 33.2625999451, 36.0090789795, 31.1169433594, 44.1806793213, 82.3799972534]],
