{
"lowlevel": {
    "average_loudness": 0.971805512905,
    "barkbands_crest": {
        "dmean": 4.31189060211,
        "dmean2": 7.13080263138,
        "dvar": 12.2072086334,
        "dvar2": 31.6820583344,
        "max": 26.6676750183,
        "mean": 15.4897174835,
        "median": 15.4786109924,
        "min": 3.01270532608,
        "var": 31.1107063293
    },
    "barkbands_flatness_db": {
        "dmean": 0.0521638654172,
        "dmean2": 0.0780080109835,
        "dvar": 0.00229696626775,
        "dvar2": 0.00476072635502,
        "max": 0.576683163643,
        "mean": 0.199659138918,
        "median": 0.188010394573,
        "min": 0.0248916316777,
        "var": 0.00837786402553
    },
    "barkbands_kurtosis": {
        "dmean": 26.6927185059,
        "dmean2": 44.013507843,
        "dvar": 3977.94165039,
        "dvar2": 10371.7304688,
        "max": 1250.1451416,
        "mean": 30.9410743713,
        "median": 10.401638031,
        "min": -1.91776919365,
        "var": 4908.82958984
    },
    "barkbands_skewness": {
        "dmean": 1.73962426186,
        "dmean2": 2.73003292084,
        "dvar": 3.85292220116,
        "dvar2": 9.78203868866,
        "max": 25.5710945129,
        "mean": 3.74292588234,
        "median": 2.97481894493,
        "min": -2.41453504562,
        "var": 8.63054466248
    },
    "barkbands_spread": {
        "dmean": 12.2118644714,
        "dmean2": 18.4819202423,
        "dvar": 252.663909912,
        "dvar2": 536.095458984,
        "max": 119.889671326,
        "mean": 19.3721065521,
        "median": 11.1414318085,
        "min": 0.0633838549256,
        "var": 440.682739258
    },
    "dissonance": {
        "dmean": 0.0201556645334,
        "dmean2": 0.0318140350282,
        "dvar": 0.000537328247447,
        "dvar2": 0.00124986772425,
        "max": 0.500000119209,
        "mean": 0.459744006395,
        "median": 0.473962008953,
        "min": 0.156309753656,
        "var": 0.0019382990431
    },
    "dynamic_complexity": 2.78153252602,
    "erbbands_crest": {
        "dmean": 2.50842475891,
        "dmean2": 3.97299742699,
        "dvar": 5.75529003143,
        "dvar2": 13.5337648392,
        "max": 30.051410675,
        "mean": 8.19016933441,
        "median": 7.14620161057,
        "min": 2.10860800743,
        "var": 17.1562137604
    },
    "erbbands_flatness_db": {
        "dmean": 0.0258485674858,
        "dmean2": 0.0374972932041,
        "dvar": 0.00079335772898,
        "dvar2": 0.00151777558494,
        "max": 0.398774653673,
        "mean": 0.128506049514,
        "median": 0.110071882606,
        "min": 0.0230403933674,
        "var": 0.00351312104613
    },
    "erbbands_kurtosis": {
        "dmean": 1.66296470165,
        "dmean2": 2.56657338142,
        "dvar": 5.78320932388,
        "dvar2": 12.3201360703,
        "max": 44.6250648499,
        "mean": 1.09094822407,
        "median": 0.134610414505,
        "min": -1.84087026119,
        "var": 10.6632814407
    },
    "erbbands_skewness": {
        "dmean": 0.601976633072,
        "dmean2": 0.857861936092,
        "dvar": 0.398727029562,
        "dvar2": 0.811851322651,
        "max": 6.25359010696,
        "mean": 0.205911263824,
        "median": 0.17677205801,
        "min": -3.98677635193,
        "var": 1.24454259872
    },
    "erbbands_spread": {
        "dmean": 18.8606090546,
        "dmean2": 28.9303779602,
        "dvar": 389.953643799,
        "dvar2": 876.27532959,
        "max": 184.078903198,
        "mean": 52.6300621033,
        "median": 47.2797317505,
        "min": 3.96601247787,
        "var": 896.9765625
    },
    "hfc": {
        "dmean": 23.0414276123,
        "dmean2": 32.8650588989,
        "dvar": 1182.04663086,
        "dvar2": 2371.16186523,
        "max": 343.661987305,
        "mean": 30.8449726105,
        "median": 14.5188493729,
        "min": 9.56497103743e-10,
        "var": 1785.99121094
    },
    "melbands_crest": {
        "dmean": 4.98877763748,
        "dmean2": 8.33575344086,
        "dvar": 18.3068885803,
        "dvar2": 45.5211410522,
        "max": 37.9467887878,
        "mean": 22.9975013733,
        "median": 23.458114624,
        "min": 4.39244556427,
        "var": 53.6439628601
    },
    "melbands_flatness_db": {
        "dmean": 0.0612438693643,
        "dmean2": 0.0910042151809,
        "dvar": 0.00312772858888,
        "dvar2": 0.0065654409118,
        "max": 0.71988850832,
        "mean": 0.299489319324,
        "median": 0.290974378586,
        "min": 0.024161471054,
        "var": 0.0114174047485
    },
    "melbands_kurtosis": {
        "dmean": 50.967830658,
        "dmean2": 84.4713287354,
        "dvar": 6097.69873047,
        "dvar2": 16294.6777344,
        "max": 1321.1784668,
        "mean": 70.9475097656,
        "median": 36.0818061829,
        "min": -1.49693596363,
        "var": 9002.51757812
    },
    "melbands_skewness": {
        "dmean": 2.22909045219,
        "dmean2": 3.54269957542,
        "dvar": 5.3586769104,
        "dvar2": 13.4417619705,
        "max": 26.6529331207,
        "mean": 5.90057563782,
        "median": 5.09914493561,
        "min": -0.485549420118,
        "var": 13.3506622314
    },
    "melbands_spread": {
        "dmean": 8.39931869507,
        "dmean2": 13.5375347137,
        "dvar": 182.28604126,
        "dvar2": 446.542572021,
        "max": 196.884292603,
        "mean": 12.274228096,
        "median": 7.24268341064,
        "min": 0.154189094901,
        "var": 230.852783203
    },
    "pitch_salience": {
        "dmean": 0.119137234986,
        "dmean2": 0.192331016064,
        "dvar": 0.0122302789241,
        "dvar2": 0.0280340798199,
        "max": 0.916630446911,
        "mean": 0.391456395388,
        "median": 0.396532714367,
        "min": 0.0324345380068,
        "var": 0.0327706038952
    },
    "silence_rate_20dB": {
        "dmean": 0,
        "dmean2": 0,
        "dvar": 0,
        "dvar2": 0,
        "max": 1,
        "mean": 1,
        "median": 1,
        "min": 1,
        "var": 0
    },
    "silence_rate_30dB": {
        "dmean": 0.152166306973,
        "dmean2": 0.304353922606,
        "dvar": 0.129024878144,
        "dvar2": 0.252848744392,
        "max": 1,
        "mean": 0.801931679249,
        "median": 1,
        "min": 0,
        "var": 0.158828184009
    },
    "silence_rate_60dB": {
        "dmean": 0.00209981109947,
        "dmean2": 0.00412991736084,
        "dvar": 0.00209557381459,
        "dvar2": 0.00537285255268,
        "max": 1,
        "mean": 0.0054591265507,
        "median": 0,
        "min": 0,
        "var": 0.00542919989675
    },
    "spectral_centroid": {
        "dmean": 474.635162354,
        "dmean2": 681.003051758,
        "dvar": 335702.5625,
        "dvar2": 605765.75,
        "max": 4701.04443359,
        "mean": 1278.59924316,
        "median": 998.804260254,
        "min": 84.1067047119,
        "var": 913739.625
    },
    "spectral_complexity": {
        "dmean": 6.08623218536,
        "dmean2": 8.70740604401,
        "dvar": 61.8519973755,
        "dvar2": 105.704460144,
        "max": 64,
        "mean": 15.6360578537,
        "median": 11,
        "min": 0,
        "var": 157.347167969
    },
    "spectral_decrease": {
        "dmean": 9.73127711745e-09,
        "dmean2": 1.52535477582e-08,
        "dvar": 1.04347643133e-16,
        "dvar2": 2.45305585495e-16,
        "max": -8.13268450955e-23,
        "mean": -1.73204668386e-08,
        "median": -1.28714496839e-08,
        "min": -9.09051109943e-08,
        "var": 1.99578472132e-16
    },
    "spectral_energy": {
        "dmean": 0.0377712398767,
        "dmean2": 0.0586178265512,
        "dvar": 0.00153446476907,
        "dvar2": 0.00354005699046,
        "max": 0.345921188593,
        "mean": 0.0681691840291,
        "median": 0.0513492524624,
        "min": 8.70640229833e-14,
        "var": 0.00301244459115
    },
    "spectral_energyband_high": {
        "dmean": 0.00243534543552,
        "dmean2": 0.00354146049358,
        "dvar": 1.54707122419e-05,
        "dvar2": 3.30041621055e-05,
        "max": 0.0379068367183,
        "mean": 0.00250595179386,
        "median": 0.00041007384425,
        "min": 6.78534919224e-14,
        "var": 2.00826143555e-05
    },
    "spectral_energyband_low": {
        "dmean": 0.0355053693056,
        "dmean2": 0.0565208047628,
        "dvar": 0.00154949550051,
        "dvar2": 0.00364307616837,
        "max": 0.343909472227,
        "mean": 0.0538913831115,
        "median": 0.0356484875083,
        "min": 1.80544479784e-15,
        "var": 0.00269596558064
    },
    "spectral_energyband_middle_high": {
        "dmean": 0.00185890414286,
        "dmean2": 0.00275178416632,
        "dvar": 1.35360687636e-05,
        "dvar2": 3.07624504785e-05,
        "max": 0.0345959179103,
        "mean": 0.00315728317946,
        "median": 0.00134435971268,
        "min": 7.83974054837e-15,
        "var": 2.36377327383e-05
    },
    "spectral_energyband_middle_low": {
        "dmean": 0.00563977425918,
        "dmean2": 0.0095975510776,
        "dvar": 0.000170402578078,
        "dvar2": 0.000474853004562,
        "max": 0.127879947424,
        "mean": 0.0102937854826,
        "median": 0.0069057168439,
        "min": 1.63297904302e-15,
        "var": 0.000172405911144
    },
    "spectral_entropy": {
        "dmean": 0.325458735228,
        "dmean2": 0.452418833971,
        "dvar": 0.13405752182,
        "dvar2": 0.247931703925,
        "max": 9.02015113831,
        "mean": 7.61408138275,
        "median": 7.85944318771,
        "min": 4.98296165466,
        "var": 0.586759924889
    },
    "spectral_flux": {
        "dmean": 0.0538480915129,
        "dmean2": 0.0827128142118,
        "dvar": 0.00279282568954,
        "dvar2": 0.00563633674756,
        "max": 0.517944812775,
        "mean": 0.139300793409,
        "median": 0.116934999824,
        "min": 2.96749044537e-06,
        "var": 0.00716000376269
    },
    "spectral_kurtosis": {
        "dmean": 3.25441861153,
        "dmean2": 4.96447563171,
        "dvar": 84.7382965088,
        "dvar2": 189.490310669,
        "max": 165.981826782,
        "mean": 5.98150873184,
        "median": 2.70494413376,
        "min": -1.11326253414,
        "var": 187.970153809
    },
    "spectral_rms": {
        "dmean": 0.00219485140406,
        "dmean2": 0.00336715765297,
        "dvar": 3.56075474883e-06,
        "dvar2": 8.50556989462e-06,
        "max": 0.0183707401156,
        "mean": 0.00754213752225,
        "median": 0.00707791186869,
        "min": 9.21631748696e-09,
        "var": 9.62319700193e-06
    },
    "spectral_rolloff": {
        "dmean": 790.807983398,
        "dmean2": 1409.32409668,
        "dvar": 2762647.75,
        "dvar2": 6720328.5,
        "max": 17764.8925781,
        "mean": 841.887207031,
        "median": 215.33203125,
        "min": 21.533203125,
        "var": 2570131.25
    },
    "spectral_skewness": {
        "dmean": 0.417322635651,
        "dmean2": 0.584523260593,
        "dvar": 0.377656459808,
        "dvar2": 0.783414006233,
        "max": 10.819237709,
        "mean": 1.64617037773,
        "median": 1.38664472103,
        "min": 0.056266028434,
        "var": 1.26353335381
    },
    "spectral_spread": {
        "dmean": 1250528.375,
        "dmean2": 1860831.125,
        "dvar": 2.1416158167e+12,
        "dvar2": 4.53575127859e+12,
        "max": 18219350,
        "mean": 5869837.5,
        "median": 5811957,
        "min": 528184.9375,
        "var": 5.3120115671e+12
    },
    "spectral_strongpeak": {
        "dmean": 0.270377576351,
        "dmean2": 0.454242378473,
        "dvar": 0.162166431546,
        "dvar2": 0.411338090897,
        "max": 6.19810295105,
        "mean": 0.508472323418,
        "median": 0.313078939915,
        "min": 0,
        "var": 0.363517671824
    },
    "zerocrossingrate": {
        "dmean": 0.0170930568129,
        "dmean2": 0.0202697906643,
        "dvar": 0.000319564132951,
        "dvar2": 0.000432849570643,
        "max": 0.494140625,
        "mean": 0.0429794825613,
        "median": 0.0322265625,
        "min": 0.00146484375,
        "var": 0.00123975658789
    },
    "barkbands": {
        "dmean": [0.00294100050814, 0.0316893234849, 0.00730407750234, 0.00330164213665, 0.00145304552279, 0.000705630052835, 0.000601086358074, 0.000469489285024, 0.000348378700437, 0.000215909880353, 0.000459314673208, 0.000420567026595, 0.00026393745793, 0.000166758371051, 0.000178012473043, 0.000139805924846, 0.000142015123856, 0.000150276828208, 0.000177453097422, 0.000237080166698, 0.000551564793568, 0.000453276879853, 0.000437473732745, 0.000363767903764, 0.000296437821817, 0.000180374248885, 9.12856557989e-05],
        "dmean2": [0.00347718014382, 0.053121201694, 0.0125624136999, 0.00600537471473, 0.0024327756837, 0.00116644671652, 0.00102603679989, 0.000611991330516, 0.000555635080673, 0.000323423329974, 0.000718940864317, 0.000683729769662, 0.000441498646978, 0.00025810484658, 0.000301205436699, 0.000233817278058, 0.000221764523303, 0.000243091053562, 0.000291248317808, 0.000371949805412, 0.000860845961142, 0.000659702229314, 0.000670870824251, 0.000535502738785, 0.000445622892585, 0.000277067476418, 0.000140836011269],
        "dvar": [1.29535001179e-05, 0.00149760872591, 0.00033928747871, 0.000109762186185, 7.78484263719e-06, 2.44584452957e-06, 2.41061570705e-06, 1.79703147296e-06, 4.38817323811e-07, 2.84735051537e-07, 1.31511922064e-06, 1.31497404254e-06, 4.91431649152e-07, 1.5221006322e-07, 2.19303785798e-07, 1.02061498808e-07, 1.35136133395e-07, 8.71697594107e-08, 1.09604869181e-07, 1.70632290519e-07, 1.13811688607e-06, 5.70044733195e-07, 6.06836238148e-07, 4.27121250368e-07, 3.3208132777e-07, 1.48557930402e-07, 6.22672828854e-08],
        "dvar2": [1.63220174727e-05, 0.00371994567104, 0.000920268357731, 0.000312241143547, 2.14735191548e-05, 6.00217708779e-06, 6.20756600256e-06, 2.82713358501e-06, 9.88916099232e-07, 5.87330248436e-07, 3.0787293781e-06, 3.39502707902e-06, 1.28679505451e-06, 3.15495668701e-07, 5.80427013119e-07, 2.71578556976e-07, 3.25904608189e-07, 2.24953112138e-07, 2.73237588999e-07, 3.8362605892e-07, 2.76889613815e-06, 1.12745226488e-06, 1.36855385335e-06, 9.18809746508e-07, 7.23016967186e-07, 3.24423780285e-07, 1.33993353302e-07],
        "max": [0.0391800962389, 0.334336847067, 0.16094468534, 0.109723135829, 0.0403095446527, 0.036328278482, 0.0565154962242, 0.042700894177, 0.0185430888087, 0.017540236935, 0.0168529022485, 0.012973273173, 0.00734645361081, 0.0156487375498, 0.00972677581012, 0.0114608481526, 0.0114232739434, 0.00634925300255, 0.00885427743196, 0.00318529480137, 0.00745843769982, 0.00672291498631, 0.0139041924849, 0.0148139111698, 0.0133877787739, 0.00754759181291, 0.00249993777834],
        "mean": [0.00474021350965, 0.0410996563733, 0.00644465023652, 0.00273796729743, 0.00338468304835, 0.00132543570362, 0.00089011201635, 0.0011306591332, 0.000661035068333, 0.00036183471093, 0.0006857845583, 0.000580372638069, 0.000306639645714, 0.000260032858932, 0.000213722145418, 0.000178671019967, 0.000176279703737, 0.000173939013621, 0.000199015179533, 0.000249921344221, 0.000499523186591, 0.00051781226648, 0.0004287288466, 0.000363162398571, 0.000300301675452, 0.00017781528004, 8.11745776446e-05],
        "median": [0.00215318403207, 0.0232784971595, 0.00193025299814, 0.000765794655308, 0.00206498173065, 0.000479701207951, 0.000275313854218, 0.000122427984024, 0.000235441257246, 8.4460771177e-05, 0.000143689365359, 0.000227058873861, 5.90020317759e-05, 6.9750516559e-05, 4.48251703347e-05, 4.46128105978e-05, 2.89694253297e-05, 3.25535584125e-05, 4.37941343989e-05, 4.50052320957e-05, 6.30751164863e-05, 7.50657782191e-05, 7.04039266566e-05, 5.05832140334e-05, 3.61210477422e-05, 1.72010495589e-05, 2.1828395802e-06],
        "min": [1.08824040206e-15, 9.28269442006e-16, 2.54096490468e-16, 1.83810120021e-16, 4.26484132967e-16, 5.1952866405e-16, 1.35751641116e-16, 6.47431353769e-17, 2.47170593226e-16, 1.79843597078e-16, 7.01986231273e-16, 7.83730310518e-16, 2.12535641006e-16, 1.87045256484e-16, 7.11163303861e-16, 2.37044287871e-15, 3.1618061737e-16, 1.21600484012e-15, 3.65060109429e-16, 1.73924282027e-15, 4.21187810649e-15, 2.85331010392e-15, 8.56656850898e-15, 9.16478468094e-15, 9.65825082942e-15, 1.79169948599e-14, 1.56197330867e-14],
        "var": [3.67878637917e-05, 0.00209171883762, 0.000233229788137, 6.52141679893e-05, 1.53750443133e-05, 6.82278960085e-06, 4.06061644753e-06, 1.44600762724e-05, 1.446730721e-06, 9.4792329719e-07, 2.71503404292e-06, 1.4581656842e-06, 5.57274518087e-07, 3.90060591826e-07, 2.66352316203e-07, 1.43467374869e-07, 1.90200239558e-07, 1.18929968096e-07, 1.3759260753e-07, 1.96649835971e-07, 1.08108542918e-06, 8.02922443199e-07, 7.01648957602e-07, 5.40518612979e-07, 4.59886109638e-07, 1.79928747457e-07, 6.6113997832e-08]
    },
    "erbbands": {
        "dmean": [1.28901684284, 6.04675865173, 8.39628314972, 10.0469560623, 7.26505851746, 4.21027803421, 4.54057025909, 6.01610422134, 7.46142816544, 13.1963615417, 6.43825721741, 5.91137552261, 9.21281433105, 7.4428191185, 19.1082286835, 18.3259506226, 14.6925945282, 9.40160655975, 7.45129823685, 9.7171049118, 7.49837350845, 7.62775945663, 8.24123668671, 8.04559421539, 10.2572669983, 12.2945175171, 24.1261730194, 18.4324226379, 16.7061309814, 14.239531517, 11.5414028168, 7.62331485748, 6.1634349823, 3.43647551537, 2.06704139709, 0.888251185417, 0.324646472931, 0.0891561508179, 0.0152762616053, 0.000844897411298],
        "dmean2": [2.17696475983, 9.78616714478, 13.417142868, 17.5663089752, 12.7510681152, 6.99034833908, 7.22336053848, 9.96859169006, 12.881775856, 18.77485466, 9.23184776306, 9.46745586395, 14.0423412323, 11.519235611, 28.995929718, 29.8252182007, 24.7725467682, 14.3359823227, 11.7826766968, 17.0335941315, 12.2278308868, 11.8113431931, 13.2729358673, 12.9920063019, 16.9541568756, 19.2980480194, 39.4495353699, 27.3609962463, 23.9090595245, 21.7316741943, 17.6546363831, 11.2016439438, 9.22800159454, 5.07611560822, 3.17050600052, 1.37009692192, 0.504571259022, 0.135127782822, 0.0240545682609, 0.00130112178158],
        "dvar": [2.07534909248, 73.9675292969, 378.202362061, 809.989929199, 351.621063232, 63.6970367432, 102.151023865, 188.102935791, 416.877685547, 1020.84484863, 251.156494141, 151.993362427, 355.375213623, 324.015319824, 2315.1496582, 2697.59106445, 1779.84545898, 474.584106445, 306.365264893, 733.806091309, 278.908630371, 327.811676025, 272.191314697, 231.743347168, 338.753753662, 471.065124512, 2890.19750977, 995.08996582, 807.233825684, 591.270751953, 420.972625732, 169.717681885, 138.091110229, 56.2314567566, 14.2804832458, 3.07220578194, 0.535180866718, 0.0543510764837, 0.00172203325201, 5.07584627485e-06],
        "dvar2": [5.76514816284, 167.445800781, 954.770385742, 2220.42871094, 1014.86901855, 170.382476807, 252.736541748, 463.61126709, 1042.31433105, 1927.4654541, 506.79788208, 346.377593994, 775.347595215, 672.536804199, 5087.32763672, 7120.25292969, 4817.02099609, 945.32409668, 717.702880859, 2112.8815918, 709.882873535, 790.182434082, 694.762756348, 585.868774414, 831.879882812, 1075.95068359, 7506.09082031, 2125.52368164, 1681.28051758, 1227.08093262, 949.225585938, 362.595245361, 295.018188477, 119.464782715, 32.9802970886, 6.84855747223, 1.20601308346, 0.111871667206, 0.00381865003146, 1.07272644527e-05],
        "max": [11.5585765839, 78.5562133789, 165.316085815, 305.246765137, 239.435562134, 130.155517578, 227.039474487, 403.726196289, 884.383300781, 947.612487793, 410.274383545, 510.471740723, 613.791625977, 607.20098877, 817.780944824, 651.028198242, 421.631652832, 869.338684082, 614.282104492, 351.573669434, 460.034790039, 439.089050293, 335.942932129, 281.367431641, 370.816955566, 168.610748291, 371.647247314, 281.000183105, 224.48651123, 450.571472168, 373.528808594, 267.078582764, 274.421203613, 232.728729248, 78.1155090332, 50.465171814, 10.4044713974, 2.45946478844, 0.42728549242, 0.0232601203024],
        "mean": [1.64910256863, 7.27804946899, 8.54943275452, 9.58254051208, 11.0691509247, 8.9931344986, 9.96068191528, 10.389336586, 11.4322214127, 27.8141708374, 13.7426671982, 11.0465650558, 17.769323349, 12.2423458099, 31.0942592621, 25.1098880768, 17.6654911041, 15.2262687683, 10.1692314148, 11.037317276, 10.0450630188, 9.5473947525, 9.80991268158, 9.23429393768, 11.1075334549, 12.6270523071, 20.5175819397, 18.385427475, 18.5204467773, 15.5925912857, 11.4154891968, 7.78870153427, 6.04249286652, 3.53515386581, 2.03088450432, 0.876303315163, 0.311216652393, 0.0872225090861, 0.0131266927347, 0.000796637847088],
        "median": [1.02029514313, 3.48529815674, 3.10961055756, 3.05583024025, 4.58987617493, 4.8146572113, 3.86581945419, 4.23124313354, 2.39985251427, 6.31157922745, 2.22835111618, 4.18213224411, 6.58001708984, 3.65960288048, 7.14975214005, 10.0113735199, 4.53297042847, 4.16417741776, 2.55823087692, 2.71070933342, 2.45767307281, 1.7324681282, 1.78608644009, 1.94698953629, 2.37404441833, 2.26817131042, 2.306194067, 2.75054645538, 2.72190570831, 2.33471107483, 1.86915946007, 1.20535838604, 0.750209093094, 0.438114285469, 0.233142226934, 0.0909920781851, 0.0286549963057, 0.00436703627929, 0.000427657039836, 0.000101894460386],
        "min": [4.36938998166e-14, 1.5208648685e-13, 2.9350279802e-13, 4.9944987382e-13, 7.61733287124e-13, 1.50906793572e-12, 3.43663205532e-12, 4.22912703121e-12, 2.70949517163e-12, 1.19499343147e-12, 2.00630766341e-12, 5.52244101143e-12, 6.07535983327e-12, 1.1370143542e-11, 3.60343005434e-11, 2.81001506786e-11, 1.00816195669e-11, 5.43996358376e-12, 2.51057473422e-11, 8.03278762951e-11, 1.11125761371e-10, 2.20206890916e-11, 4.83826138875e-11, 5.51947341998e-11, 1.85013324105e-11, 9.00192004272e-11, 1.08156116008e-10, 1.82845433239e-10, 9.89405224416e-11, 1.40897168932e-10, 3.32000815728e-10, 1.89237472914e-10, 1.30592633929e-10, 1.31808050585e-10, 6.34238495056e-11, 5.767407385e-11, 3.8759270099e-11, 1.44648806821e-11, 1.87351046135e-12, 1.83580012086e-13],
        "var": [3.00893592834, 102.49041748, 321.767211914, 539.315307617, 292.820068359, 149.054107666, 360.979217529, 392.395111084, 788.696716309, 6447.60791016, 1293.63232422, 433.478210449, 1242.00476074, 751.492858887, 5795.22558594, 2765.90673828, 1771.41259766, 1325.01745605, 530.771179199, 693.704711914, 452.477142334, 462.833526611, 393.074188232, 288.670928955, 399.878082275, 524.170166016, 2297.96948242, 1201.93286133, 1074.15148926, 764.788146973, 501.678253174, 228.375762939, 169.309417725, 80.3129806519, 17.4127025604, 3.9028942585, 0.593817293644, 0.0632041096687, 0.00174014840741, 5.51730818188e-06]
    },
    "gfcc": {
        "mean": [-0.672013103962, 82.933555603, -72.4373779297, 40.736530304, -44.6967964172, 32.4409942627, -16.7490901947, 8.83487319946, -16.361158371, 8.3217716217, -7.63159751892, 5.85538339615, -6.66324520111],
        "cov": [[8147.83105469, -3217.94677734, 234.395843506, 389.749847412, -463.1277771, 181.922393799, -331.41229248, 381.526611328, -339.256744385, 204.864044189, -408.653106689, 194.506652832, -411.104003906], [-3217.94677734, 3167.90844727, -181.982086182, -630.251281738, 322.994537354, -353.878601074, 9.6248626709, -399.349334717, 181.728942871, -213.772460938, 261.897735596, -186.34928894, 265.65335083], [234.395843506, -181.982086182, 825.448547363, 190.032089233, -28.1388568878, 29.1821212769, -32.8948364258, -99.7178955078, -124.168731689, -18.8968296051, -35.132724762, 3.10546088219, -31.1578655243], [389.749847412, -630.251281738, 190.032089233, 793.958862305, -25.4185256958, 114.758766174, 8.64577388763, 30.5750656128, -158.711730957, -4.64726400375, -79.0877838135, -16.9007453918, -61.6617965698], [-463.1277771, 322.994537354, -28.1388568878, -25.4185256958, 413.9453125, 80.7899398804, 130.342056274, -26.3059177399, 80.2910079956, -51.0572280884, 52.5637931824, -59.7775192261, 13.0234661102], [181.922393799, -353.878601074, 29.1821212769, 114.758766174, 80.7899398804, 263.858886719, 120.022651672, 66.0850219727, 0.565102398396, 34.7619781494, -25.0458049774, -0.312122613192, -48.0589408875], [-331.41229248, 9.6248626709, -32.8948364258, 8.64577388763, 130.342056274, 120.022651672, 226.804702759, 50.5396957397, 73.1274414062, 0.635633945465, 35.4109649658, -21.4897384644, 10.9086484909], [381.526611328, -399.349334717, -99.7178955078, 30.5750656128, -26.3059177399, 66.0850219727, 50.5396957397, 214.102325439, 74.8546905518, 67.442024231, -14.9968013763, 49.1970100403, -21.451965332], [-339.256744385, 181.728942871, -124.168731689, -158.711730957, 80.2910079956, 0.565102398396, 73.1274414062, 74.8546905518, 195.594512939, 45.342666626, 75.567024231, 27.7949943542, 53.0349617004], [204.864044189, -213.772460938, -18.8968296051, -4.64726400375, -51.0572280884, 34.7619781494, 0.635633945465, 67.442024231, 45.342666626, 105.337615967, 23.6666126251, 51.9809036255, -2.02390623093], [-408.653106689, 261.897735596, -35.132724762, -79.0877838135, 52.5637931824, -25.0458049774, 35.4109649658, -14.9968013763, 75.567024231, 23.6666126251, 111.428153992, 26.1603145599, 46.7329559326], [194.506652832, -186.34928894, 3.10546088219, -16.9007453918, -59.7775192261, -0.312122613192, -21.4897384644, 49.1970100403, 27.7949943542, 51.9809036255, 26.1603145599, 107.753318787, 28.3393592834], [-411.104003906, 265.65335083, -31.1578655243, -61.6617965698, 13.0234661102, -48.0589408875, 10.9086484909, -21.451965332, 53.0349617004, -2.02390623093, 46.7329559326, 28.3393592834, 97.4037399292]],
        "icov": [[0.000254987564404, 0.000185622062418, -1.35125910674e-05, 0.00010022969218, -9.86055165413e-05, 0.000124268277432, 0.000224613395403, -0.000104346596345, 0.000143320721691, -0.000138916453579, 0.00034579061321, -0.000266851711785, 0.00048625189811], [0.000185622062418, 0.00117335293908, 3.95723764086e-05, 0.000479680777062, -0.000230438206927, 0.000369364628568, 0.000534553604666, 0.000663977640215, -0.000205496049603, 0.00087232363876, -0.00145715498365, 0.00182621006388, -0.00150314497296], [-1.35125910674e-05, 3.95723764086e-05, 0.00146137934644, -0.000241959074629, -3.94132912334e-05, -6.90899469191e-05, -0.000168180573382, 0.000953937822487, 0.000382586411433, -0.000138602641528, 0.00014032459876, -0.000609578273725, 0.000248285010457], [0.00010022969218, 0.000479680777062, -0.000241959074629, 0.00196299515665, -0.00027880538255, -0.000310837174766, 0.000146994483657, -0.000699552707374, 0.00185167917516, 1.47346854646e-05, -0.000599202583544, 0.00109213090036, -0.00104472972453], [-9.86055165413e-05, -0.000230438206927, -3.94132912334e-05, -0.00027880538255, 0.00413467502221, -0.00153667887207, -0.000804603623692, 0.00052477628924, -0.00208087754436, 0.00258276588283, -0.00164383475203, 0.00117069890257, 0.000552611949388], [0.000124268277432, 0.000369364628568, -6.90899469191e-05, -0.000310837174766, -0.00153667887207, 0.00762388203293, -0.0039374018088, 0.00027542989119, 0.000866255897563, -0.00316125224344, 0.00243969773874, -0.00130593066569, 0.00243900902569], [0.000224613395403, 0.000534553604666, -0.000168180573382, 0.000146994483657, -0.000804603623692, -0.0039374018088, 0.00914512202144, -0.0020658778958, -0.0014979216503, 0.00244837719947, -0.00343723734841, 0.00349744851701, -0.00228692521341], [-0.000104346596345, 0.000663977640215, 0.000953937822487, -0.000699552707374, 0.00052477628924, 0.00027542989119, -0.0020658778958, 0.0108588552102, -0.00553576415405, -0.0020009893924, 0.00367927202024, -0.00300474651158, 0.00238114618696], [0.000143320721691, -0.000205496049603, 0.000382586411433, 0.00185167917516, -0.00208087754436, 0.000866255897563, -0.0014979216503, -0.00553576415405, 0.0143098272383, -0.0041983127594, -0.0039725555107, 0.00114295620006, -0.00419113086537], [-0.000138916453579, 0.00087232363876, -0.000138602641528, 1.47346854646e-05, 0.00258276588283, -0.00316125224344, 0.00244837719947, -0.0020009893924, -0.0041983127594, 0.0196018889546, -0.00674281688407, -0.00241030007601, 0.00100916484371], [0.00034579061321, -0.00145715498365, 0.00014032459876, -0.000599202583544, -0.00164383475203, 0.00243969773874, -0.00343723734841, 0.00367927202024, -0.0039725555107, -0.00674281688407, 0.0214446149766, -0.00790179893374, 0.00175104639493], [-0.000266851711785, 0.00182621006388, -0.000609578273725, 0.00109213090036, 0.00117069890257, -0.00130593066569, 0.00349744851701, -0.00300474651158, 0.00114295620006, -0.00241030007601, -0.00790179893374, 0.0213905069977, -0.0105696674436], [0.00048625189811, -0.00150314497296, 0.000248285010457, -0.00104472972453, 0.000552611949388, 0.00243900902569, -0.00228692521341, 0.00238114618696, -0.00419113086537, 0.00100916484371, 0.00175104639493, -0.0105696674436, 0.0222846008837]]
    },
    "melbands": {
        "dmean": [0.00986549537629, 0.00491632334888, 0.00161806296092, 0.000371733010979, 0.000167482707184, 0.000136629809276, 0.000118379444757, 0.000140009593451, 4.76447494293e-05, 4.37740163761e-05, 4.63401047455e-05, 2.81484572042e-05, 6.54347823001e-05, 4.33092027379e-05, 4.76720088045e-05, 2.65197159024e-05, 1.68996448338e-05, 1.17193176266e-05, 1.35654918267e-05, 1.14648310046e-05, 8.78658920556e-06, 8.08787808637e-06, 8.09068387753e-06, 7.21222249922e-06, 6.55899202684e-06, 6.81962956151e-06, 8.13981660031e-06, 7.29080056772e-06, 1.73690277734e-05, 1.07351879706e-05, 1.04717755676e-05, 9.7543497759e-06, 7.93563413026e-06, 8.26585346658e-06, 6.78473588778e-06, 5.50148843104e-06, 4.59865805169e-06, 4.72973988508e-06, 3.42992575497e-06, 2.78697416434e-06],
        "dmean2": [0.0167413074523, 0.00755060231313, 0.00280936644413, 0.000642018567305, 0.000264583854005, 0.000226145668421, 0.000204919851967, 0.000192925566807, 6.98525036569e-05, 7.07640720066e-05, 7.04148915247e-05, 4.38875904365e-05, 0.000103038328234, 6.76397030475e-05, 7.98873370513e-05, 4.35915062553e-05, 2.61442419287e-05, 1.82990788744e-05, 2.27693326451e-05, 1.99228179554e-05, 1.42111066452e-05, 1.25981987367e-05, 1.29419704535e-05, 1.18969064715e-05, 1.06831566882e-05, 1.12278994493e-05, 1.34297306431e-05, 1.13590594992e-05, 2.9137594538e-05, 1.65979363373e-05, 1.55583365995e-05, 1.41445780173e-05, 1.20047734526e-05, 1.27841994981e-05, 1.05581457319e-05, 8.38600226416e-06, 6.76980334902e-06, 7.20358957551e-06, 5.00156011185e-06, 4.20494643549e-06],
        "dvar": [0.000132231289172, 7.36496949685e-05, 2.00885679078e-05, 6.56121414977e-07, 1.10101268547e-07, 9.29412209416e-08, 9.9099537465e-08, 1.25983930843e-07, 1.65436091493e-08, 6.98620095108e-09, 8.86995366045e-09, 5.23597298852e-09, 2.81226171239e-08, 1.05200079759e-08, 1.87643429683e-08, 4.40497727183e-09, 1.97272709279e-09, 8.30629509618e-10, 1.48413636936e-09, 7.73257680109e-10, 4.15003836851e-10, 3.7041911205e-10, 3.98259425438e-10, 2.30545402213e-10, 1.58045285192e-10, 1.70342628891e-10, 2.04466402143e-10, 1.60124927207e-10, 1.74030334588e-09, 3.77466891077e-10, 3.21688287119e-10, 2.81153822446e-10, 1.79184223015e-10, 2.19382817468e-10, 1.5088311156e-10, 9.72600472382e-11, 6.4299822411e-11, 8.66419921919e-11, 5.20684606542e-11, 3.9812604602e-11],
        "dvar2": [0.00034579259227, 0.000153482353198, 5.48082898604e-05, 1.87241744243e-06, 2.76717969427e-07, 2.2923727272e-07, 2.51890838854e-07, 2.19008668978e-07, 3.44693127374e-08, 1.61641935392e-08, 1.93216109778e-08, 1.08372493202e-08, 6.75518094795e-08, 2.4772393914e-08, 5.24548617875e-08, 1.09792797076e-08, 3.87510024069e-09, 1.99901939446e-09, 3.93812671362e-09, 2.21075313611e-09, 1.01027808341e-09, 8.49020964644e-10, 1.0098195613e-09, 6.06991734653e-10, 4.00235261599e-10, 4.3055922716e-10, 4.920313601e-10, 3.56684126679e-10, 4.61260984963e-09, 8.98931096227e-10, 6.790200624e-10, 5.6701471296e-10, 3.75549175091e-10, 4.81592099533e-10, 3.45891509879e-10, 2.17091608579e-10, 1.38711639397e-10, 1.89520385496e-10, 1.06669034716e-10, 8.81788253526e-11],
        "max": [0.0943512544036, 0.0690540596843, 0.0452217869461, 0.0109812980518, 0.00676070339978, 0.00809172075242, 0.0127806272358, 0.0102734249085, 0.00434180023149, 0.00277963047847, 0.00299376808107, 0.00269129592925, 0.00230660312809, 0.00153057568241, 0.00184288888704, 0.00101539574098, 0.00199601915665, 0.000955734401941, 0.000530853751116, 0.00114774890244, 0.000670039793476, 0.000686512503307, 0.00073071900988, 0.000383359205443, 0.000266646500677, 0.00040274739149, 0.00012152986892, 0.000107366293378, 0.000304848159431, 0.000170956351212, 0.000146812177263, 0.000137861992698, 0.000149083018187, 0.000299353239825, 0.000223535040277, 0.000261119712377, 0.000151100946823, 0.000196718494408, 0.000198615336558, 0.000207063785638],
        "mean": [0.0130602624267, 0.00632535014302, 0.00168869423214, 0.000725352496374, 0.000377181597287, 0.000244089082116, 0.00017580302665, 0.000308073969791, 9.59899043664e-05, 8.06913085398e-05, 8.83901084308e-05, 4.34679895989e-05, 9.66617881204e-05, 6.67219501338e-05, 6.06606481597e-05, 3.25317341776e-05, 2.67592749879e-05, 1.51017729877e-05, 1.57106078404e-05, 1.36287417263e-05, 1.1445439668e-05, 1.00582983578e-05, 9.2913132903e-06, 8.12409780337e-06, 7.31492809791e-06, 7.60108105169e-06, 8.30274893815e-06, 7.66733046476e-06, 1.40359470606e-05, 1.00902279883e-05, 1.05868621176e-05, 1.0974660654e-05, 8.83113352756e-06, 8.6454419943e-06, 6.59397983327e-06, 5.49187916477e-06, 4.60492537968e-06, 4.49169010608e-06, 3.54355370291e-06, 2.79591017716e-06],
        "median": [0.00777552230284, 0.00299399299547, 0.000654127565213, 0.000438827613834, 0.000143396056956, 9.26073771552e-05, 4.32190790889e-05, 6.04774904787e-05, 1.32513387143e-05, 2.95059180644e-05, 3.179558189e-05, 9.9609769677e-06, 2.14389037865e-05, 2.34855688177e-05, 2.0041505195e-05, 6.52217113384e-06, 7.05481761543e-06, 3.5417961044e-06, 2.99098655887e-06, 3.24341158375e-06, 2.43090153162e-06, 1.69271447703e-06, 1.55757277298e-06, 1.52487746163e-06, 1.42272904213e-06, 1.66631457432e-06, 1.55608063324e-06, 1.38525433613e-06, 1.39421376844e-06, 1.39350856898e-06, 1.52295058342e-06, 1.52702602918e-06, 1.24529947243e-06, 1.2905757103e-06, 1.0956089227e-06, 8.58578118823e-07, 6.48082561838e-07, 5.13588702233e-07, 4.07524936463e-07, 3.26151507579e-07],
        "min": [3.76081702139e-16, 1.71274098576e-16, 9.39029129481e-17, 7.57758784813e-17, 1.1281871376e-16, 9.54578470636e-17, 3.78623793597e-17, 1.21181107743e-17, 1.83759446937e-17, 3.69569937833e-17, 2.9458273967e-17, 3.89489340339e-17, 1.11483631016e-16, 1.00445660131e-16, 4.76278222086e-17, 1.23610255961e-17, 8.47543979437e-18, 3.65675836207e-17, 6.33541469272e-17, 1.5183973493e-16, 1.2298579581e-16, 1.61880106144e-17, 3.43654435416e-17, 5.19873121909e-17, 4.64564153472e-17, 5.64076752217e-18, 3.29642425974e-17, 6.3280190363e-17, 4.86372009316e-17, 1.32030625379e-16, 8.45206598636e-17, 5.10444023933e-17, 6.03012681318e-17, 7.34323037523e-17, 2.21048136837e-16, 1.15745914042e-16, 1.08188308892e-16, 7.70730366481e-17, 1.0302812462e-16, 1.27057244959e-16],
        "var": [0.000185769400559, 9.74513532128e-05, 1.37890619953e-05, 7.94870516074e-07, 4.51053551842e-07, 2.2560789148e-07, 1.72570807422e-07, 8.9923315727e-07, 7.28993967414e-08, 1.98075351676e-08, 3.08966505713e-08, 1.29365274049e-08, 5.28434647151e-08, 1.60089950185e-08, 1.8863792306e-08, 5.68190205996e-09, 5.4123723281e-09, 1.26989041505e-09, 1.58290791585e-09, 8.63890736724e-10, 6.87240708785e-10, 5.7081872562e-10, 4.92746399239e-10, 2.7758390031e-10, 1.90227195107e-10, 2.12580092418e-10, 2.24016361017e-10, 1.87929907747e-10, 1.28589672244e-09, 3.9142256103e-10, 3.94311472363e-10, 3.81356113355e-10, 2.3490626111e-10, 2.58161492184e-10, 1.73623004862e-10, 1.20379595181e-10, 8.40367428423e-11, 9.79178266247e-11, 7.41461822495e-11, 5.4053327786e-11]
    },
    "mfcc": {
        "mean": [-657.675048828, 116.841468811, 34.3203163147, 26.23097229, 8.4697971344, 26.0569820404, 14.3838529587, 12.5136947632, 5.20792675018, 4.85007858276, 4.23813533783, 7.84657812119, 6.69220542908],
        "cov": [[7375.83642578, -3063.15380859, 34.1743927002, 23.6009235382, -137.238128662, -196.333343506, -90.5376052856, 86.7881240845, 33.7191429138, -2.49605584145, 107.025428772, -71.6262817383, -125.612098694], [-3063.15380859, 3104.34106445, -294.231262207, -283.270935059, 78.2189025879, -85.3629150391, -130.641204834, -204.136505127, -121.748565674, -58.0896034241, -137.823745728, 27.5520572662, 106.138832092], [34.1743927002, -294.231262207, 725.501037598, 182.17930603, -34.5986061096, 59.6359481812, 8.07002735138, -69.4447784424, -77.0454330444, -100.939064026, -55.7250480652, -32.2804336548, -19.1907634735], [23.6009235382, -283.270935059, 182.17930603, 446.837371826, 81.7867584229, 70.1326599121, 59.8115844727, 0.125932559371, -28.2029838562, -37.232219696, -27.3413848877, -37.7876205444, -52.6437416077], [-137.238128662, 78.2189025879, -34.5986061096, 81.7867584229, 201.099319458, 75.7957458496, 46.3515625, 25.9207248688, 7.2524471283, 9.21625423431, 5.11528873444, -1.03236448765, -8.48947620392], [-196.333343506, -85.3629150391, 59.6359481812, 70.1326599121, 75.7957458496, 239.464004517, 136.945083618, 48.036491394, 18.423997879, 11.6735973358, 14.3568372726, 12.2130250931, -17.385225296], [-90.5376052856, -130.641204834, 8.07002735138, 59.8115844727, 46.3515625, 136.945083618, 184.197494507, 76.3378219604, 32.5332794189, 30.623960495, 25.8204174042, 2.89251041412, -38.2394752502], [86.7881240845, -204.136505127, -69.4447784424, 0.125932559371, 25.9207248688, 48.036491394, 76.3378219604, 141.427871704, 79.8462219238, 55.8053855896, 51.301940918, 11.8353281021, -1.28853821754], [33.7191429138, -121.748565674, -77.0454330444, -28.2029838562, 7.2524471283, 18.423997879, 32.5332794189, 79.8462219238, 113.863517761, 68.7126693726, 33.5240478516, 17.3923931122, 15.2181758881], [-2.49605584145, -58.0896034241, -100.939064026, -37.232219696, 9.21625423431, 11.6735973358, 30.623960495, 55.8053855896, 68.7126693726, 103.791778564, 59.1849861145, 18.331697464, -2.43532967567], [107.025428772, -137.823745728, -55.7250480652, -27.3413848877, 5.11528873444, 14.3568372726, 25.8204174042, 51.301940918, 33.5240478516, 59.1849861145, 94.1307983398, 33.7010726929, 6.11039352417], [-71.6262817383, 27.5520572662, -32.2804336548, -37.7876205444, -1.03236448765, 12.2130250931, 2.89251041412, 11.8353281021, 17.3923931122, 18.331697464, 33.7010726929, 73.8819351196, 56.2894020081], [-125.612098694, 106.138832092, -19.1907634735, -52.6437416077, -8.48947620392, -17.385225296, -38.2394752502, -1.28853821754, 15.2181758881, -2.43532967567, 6.11039352417, 56.2894020081, 116.313552856]],
