{
"lowlevel": {
    "average_loudness": 0.978285908699,
    "barkbands_crest": {
        "dmean": 3.33214950562,
        "dmean2": 5.17416715622,
        "dvar": 12.6697854996,
        "dvar2": 25.9382972717,
        "max": 26.6316165924,
        "mean": 15.824341774,
        "median": 15.718506813,
        "min": 2.27276229858,
        "var": 47.0590209961
    },
    "barkbands_flatness_db": {
        "dmean": 0.0588593557477,
        "dmean2": 0.0753173455596,
        "dvar": 0.00404873024672,
        "dvar2": 0.00718252547085,
        "max": 0.874612987041,
        "mean": 0.29533675313,
        "median": 0.276910722256,
        "min": 0.0225492548198,
        "var": 0.0235878769308
    },
    "barkbands_kurtosis": {
        "dmean": 48.1714057922,
        "dmean2": 73.8495178223,
        "dvar": 42420.0625,
        "dvar2": 111160.960938,
        "max": 5053.27148438,
        "mean": 54.8313140869,
        "median": 13.6254234314,
        "min": -1.96110522747,
        "var": 34489.9179688
    },
    "barkbands_skewness": {
        "dmean": 1.94369781017,
        "dmean2": 2.67678427696,
        "dvar": 8.24460792542,
        "dvar2": 19.0068912506,
        "max": 45.275100708,
        "mean": 3.99496197701,
        "median": 3.00963973999,
        "min": -3.34940361977,
        "var": 16.9659442902
    },
    "barkbands_spread": {
        "dmean": 10.123298645,
        "dmean2": 14.8168144226,
        "dvar": 339.724884033,
        "dvar2": 698.909667969,
        "max": 117.53263092,
        "mean": 15.8073129654,
        "median": 4.5901799202,
        "min": 0.0335428342223,
        "var": 603.502868652
    },
    "dissonance": {
        "dmean": 0.0387823134661,
        "dmean2": 0.0639850869775,
        "dvar": 0.00160745240282,
        "dvar2": 0.00417677126825,
        "max": 0.500000119209,
        "mean": 0.429116338491,
        "median": 0.445128321648,
        "min": 0.0622122138739,
        "var": 0.00361482705921
    },
    "dynamic_complexity": 2.80929589272,
    "erbbands_crest": {
        "dmean": 3.14000678062,
        "dmean2": 5.05784034729,
        "dvar": 7.35917949677,
        "dvar2": 18.8975028992,
        "max": 29.1424846649,
        "mean": 10.4495306015,
        "median": 9.64539527893,
        "min": 1.76608550549,
        "var": 20.6161956787
    },
    "erbbands_flatness_db": {
        "dmean": 0.0358938612044,
        "dmean2": 0.0506254434586,
        "dvar": 0.00177845300641,
        "dvar2": 0.00329135311767,
        "max": 0.557629942894,
        "mean": 0.196145325899,
        "median": 0.176693528891,
        "min": 0.0273818261921,
        "var": 0.00742617947981
    },
    "erbbands_kurtosis": {
        "dmean": 5.71894311905,
        "dmean2": 8.80942726135,
        "dvar": 413.686004639,
        "dvar2": 749.169433594,
        "max": 569.96862793,
        "mean": 7.89441156387,
        "median": 0.652855396271,
        "min": -1.95313727856,
        "var": 1407.07678223
    },
    "erbbands_skewness": {
        "dmean": 0.943506896496,
        "dmean2": 1.35589778423,
        "dvar": 1.43955028057,
        "dvar2": 2.99335408211,
        "max": 18.2846317291,
        "mean": 0.718387722969,
        "median": 0.520009160042,
        "min": -6.39303636551,
        "var": 4.31997346878
    },
    "erbbands_spread": {
        "dmean": 17.9238147736,
        "dmean2": 26.6120758057,
        "dvar": 567.42755127,
        "dvar2": 1155.55737305,
        "max": 210.007324219,
        "mean": 42.3643875122,
        "median": 30.7129955292,
        "min": 0.46549642086,
        "var": 1243.77368164
    },
    "hfc": {
        "dmean": 22.0214061737,
        "dmean2": 34.9072036743,
        "dvar": 1749.79138184,
        "dvar2": 4496.50585938,
        "max": 332.536376953,
        "mean": 24.9848365784,
        "median": 11.0367965698,
        "min": 3.65881325237e-09,
        "var": 1536.66564941
    },
    "melbands_crest": {
        "dmean": 4.01306772232,
        "dmean2": 5.79755210876,
        "dvar": 14.589015007,
        "dvar2": 31.3701553345,
        "max": 38.7813873291,
        "mean": 22.474111557,
        "median": 22.5425548553,
        "min": 3.43456292152,
        "var": 74.3509216309
    },
    "melbands_flatness_db": {
        "dmean": 0.0710497424006,
        "dmean2": 0.0898337066174,
        "dvar": 0.00586349749938,
        "dvar2": 0.0101953623816,
        "max": 1,
        "mean": 0.405129700899,
        "median": 0.397024422884,
        "min": 0.0165701452643,
        "var": 0.0352812446654
    },
    "melbands_kurtosis": {
        "dmean": 47.1565093994,
        "dmean2": 67.7828140259,
        "dvar": 13981.7763672,
        "dvar2": 30368.7636719,
        "max": 2836.21801758,
        "mean": 71.3721466064,
        "median": 29.40209198,
        "min": -1.95008277893,
        "var": 21277.4023438
    },
    "melbands_skewness": {
        "dmean": 1.87721133232,
        "dmean2": 2.61849403381,
        "dvar": 5.49543476105,
        "dvar2": 12.3819608688,
        "max": 39.9150238037,
        "mean": 5.18889808655,
        "median": 4.25127744675,
        "min": -2.38864040375,
        "var": 15.7046251297
    },
    "melbands_spread": {
        "dmean": 11.0610113144,
        "dmean2": 16.6110572815,
        "dvar": 704.221923828,
        "dvar2": 1514.6595459,
        "max": 269.584655762,
        "mean": 15.5521469116,
        "median": 3.63023853302,
        "min": 0.0729806572199,
        "var": 1115.42004395
    },
    "pitch_salience": {
        "dmean": 0.105945058167,
        "dmean2": 0.161116555333,
        "dvar": 0.0120138647035,
        "dvar2": 0.0253522433341,
        "max": 0.945094764233,
        "mean": 0.401098102331,
        "median": 0.430998235941,
        "min": 0.00783045869321,
        "var": 0.0438130423427
    },
    "silence_rate_20dB": {
        "dmean": 0.064583003521,
        "dmean2": 0.129176303744,
        "dvar": 0.0604105815291,
        "dvar2": 0.136097684503,
        "max": 1,
        "mean": 0.935741066933,
        "median": 1,
        "min": 0,
        "var": 0.0601309798658
    },
    "silence_rate_30dB": {
        "dmean": 0.110189765692,
        "dmean2": 0.220317363739,
        "dvar": 0.0980414003134,
        "dvar2": 0.180726841092,
        "max": 1,
        "mean": 0.684365808964,
        "median": 1,
        "min": 0,
        "var": 0.21599842608
    },
    "silence_rate_60dB": {
        "dmean": 0.0196140967309,
        "dmean2": 0.0391515828669,
        "dvar": 0.0192273966968,
        "dvar2": 0.0467038750648,
        "max": 1,
        "mean": 0.0294188000262,
        "median": 0,
        "min": 0,
        "var": 0.0285535436124
    },
    "spectral_centroid": {
        "dmean": 426.985321045,
        "dmean2": 624.641784668,
        "dvar": 559891.9375,
        "dvar2": 1111790.75,
        "max": 5995.94433594,
        "mean": 941.695922852,
        "median": 475.275909424,
        "min": 49.2876701355,
        "var": 1228426.75
    },
    "spectral_complexity": {
        "dmean": 3.36214327812,
        "dmean2": 4.74730873108,
        "dvar": 27.9023036957,
        "dvar2": 48.9919281006,
        "max": 60,
        "mean": 10.8695688248,
        "median": 8,
        "min": 0,
        "var": 74.8870162964
    },
    "spectral_decrease": {
        "dmean": 1.17268488253e-08,
        "dmean2": 1.66336544538e-08,
        "dvar": 3.0665192023e-16,
        "dvar2": 5.99163101861e-16,
        "max": -2.33136796485e-21,
        "mean": -2.52977478965e-08,
        "median": -1.10596349856e-08,
        "min": -1.47616546542e-07,
        "var": 9.21715736335e-16
    },
    "spectral_energy": {
        "dmean": 0.0455092191696,
        "dmean2": 0.0650414079428,
        "dvar": 0.00442743347958,
        "dvar2": 0.00864805560559,
        "max": 0.560088694096,
        "mean": 0.0977454259992,
        "median": 0.0443003550172,
        "min": 3.4066407464e-13,
        "var": 0.0132110714912
    },
    "spectral_energyband_high": {
        "dmean": 0.00219177175313,
        "dmean2": 0.00351502443664,
        "dvar": 2.65074686467e-05,
        "dvar2": 6.80910306983e-05,
        "max": 0.040566265583,
        "mean": 0.00184260017704,
        "median": 8.87869027792e-05,
        "min": 2.36621865764e-13,
        "var": 2.26123029279e-05
    },
    "spectral_energyband_low": {
        "dmean": 0.0421503335238,
        "dmean2": 0.0573653802276,
        "dvar": 0.00409617228433,
        "dvar2": 0.00772990472615,
        "max": 0.552808821201,
        "mean": 0.0850200504065,
        "median": 0.0315841659904,
        "min": 1.17653325301e-14,
        "var": 0.0127797890455
    },
    "spectral_energyband_middle_high": {
        "dmean": 0.000994554487988,
        "dmean2": 0.00143277610186,
        "dvar": 4.36287700722e-06,
        "dvar2": 9.62127342063e-06,
        "max": 0.0314612947404,
        "mean": 0.00161439564545,
        "median": 0.000428975443356,
        "min": 4.43778585928e-14,
        "var": 9.20496131585e-06
    },
    "spectral_energyband_middle_low": {
        "dmean": 0.0094235567376,
        "dmean2": 0.0158838890493,
        "dvar": 0.000348428613506,
        "dvar2": 0.000924265303183,
        "max": 0.167680501938,
        "mean": 0.0119493147358,
        "median": 0.00706239230931,
        "min": 8.51079054237e-15,
        "var": 0.00029025474214
    },
    "spectral_entropy": {
        "dmean": 0.455406188965,
        "dmean2": 0.631381928921,
        "dvar": 0.327112942934,
        "dvar2": 0.566982209682,
        "max": 8.97295761108,
        "mean": 6.82176303864,
        "median": 6.9660654068,
        "min": 3.02339696884,
        "var": 1.25418710709
    },
    "spectral_flux": {
        "dmean": 0.0640502050519,
        "dmean2": 0.0996425896883,
        "dvar": 0.00766729889438,
        "dvar2": 0.0135396486148,
        "max": 0.640394866467,
        "mean": 0.136053398252,
        "median": 0.0958524718881,
        "min": 4.54126166005e-05,
        "var": 0.0135833956301
    },
    "spectral_kurtosis": {
        "dmean": 15.3463878632,
        "dmean2": 22.1931438446,
        "dvar": 1180.27270508,
        "dvar2": 2400.35766602,
        "max": 699.930053711,
        "mean": 26.2581443787,
        "median": 5.99623298645,
        "min": -0.74191069603,
        "var": 2625.2980957
    },
    "spectral_rms": {
        "dmean": 0.00212503504008,
        "dmean2": 0.00296792061999,
        "dvar": 6.77607613397e-06,
        "dvar2": 1.28971068989e-05,
        "max": 0.0233757980168,
        "mean": 0.00829665828496,
        "median": 0.0065741809085,
        "min": 1.82306116869e-08,
        "var": 2.6526473448e-05
    },
    "spectral_rolloff": {
        "dmean": 812.267028809,
        "dmean2": 1398.18151855,
        "dvar": 3786086.75,
        "dvar2": 7733592,
        "max": 18906.1523438,
        "mean": 1178.67663574,
        "median": 193.798828125,
        "min": 43.06640625,
        "var": 5397401
    },
    "spectral_skewness": {
        "dmean": 1.0489872694,
        "dmean2": 1.42102611065,
        "dvar": 2.54971909523,
        "dvar2": 4.56606531143,
        "max": 22.9228935242,
        "mean": 3.16525053978,
        "median": 2.06131124496,
        "min": 0.0350641384721,
        "var": 8.50959300995
    },
    "spectral_spread": {
        "dmean": 1419993.75,
        "dmean2": 1994638.375,
        "dvar": 4.05959370342e+12,
        "dvar2": 7.23845329715e+12,
        "max": 18677572,
        "mean": 5055761.5,
        "median": 4489388.5,
        "min": 176297,
        "var": 1.15589030871e+13
    },
    "spectral_strongpeak": {
        "dmean": 0.580510258675,
        "dmean2": 0.984513223171,
        "dvar": 3.80171990395,
        "dvar2": 10.4687795639,
        "max": 19.1561107635,
        "mean": 0.841175079346,
        "median": 0.520618438721,
        "min": 0,
        "var": 2.52684831619
    },
    "zerocrossingrate": {
        "dmean": 0.0192845016718,
        "dmean2": 0.0201336108148,
        "dvar": 0.0008326000534,
        "dvar2": 0.000956470088568,
        "max": 0.48193359375,
        "mean": 0.0429879426956,
        "median": 0.0166015625,
        "min": 0.00146484375,
        "var": 0.00330476509407
    },
    "barkbands": {
        "dmean": [0.00219894596376, 0.0389286130667, 0.00969532318413, 0.00462080445141, 0.0037299329415, 0.00162558932789, 0.000535510538612, 0.000335003162036, 0.000316885969369, 0.000255580671364, 0.000198120804271, 0.000169809456565, 0.000122769997688, 0.000104096427094, 0.00015492059174, 0.000155127418111, 7.99713234301e-05, 6.64702456561e-05, 5.15917454322e-05, 0.000133066001581, 9.98822360998e-05, 0.000687634164933, 0.000638302590232, 0.000195946849999, 0.000282949331449, 0.000218933899305, 1.95761494979e-05],
        "dmean2": [0.0029099418316, 0.0499541684985, 0.0179707389325, 0.00788516085595, 0.00669885706156, 0.00285724317655, 0.000840573862661, 0.000490100181196, 0.000495543412399, 0.000385189981898, 0.000313296739478, 0.00028404549812, 0.00019502484065, 0.000169630395249, 0.000258175423369, 0.000260680099018, 0.000120416974823, 0.00010451056005, 7.90892518125e-05, 0.000200129419682, 0.000150316103827, 0.00103049899917, 0.00110286881682, 0.00032175128581, 0.000463464151835, 0.000365875457646, 3.1349092751e-05],
        "dvar": [1.13523346954e-05, 0.00360949966125, 0.00072853587335, 0.00010784681217, 8.55529870023e-05, 5.51684524908e-06, 1.60856973253e-06, 1.26322163396e-06, 5.82247992043e-07, 3.41951135852e-07, 2.00406503836e-07, 1.96561558141e-07, 1.12634133131e-07, 8.55092920915e-08, 2.07251744655e-07, 2.0588846894e-07, 3.79547593354e-08, 3.4204429511e-08, 1.63432538614e-08, 1.96162602606e-07, 5.73606655507e-08, 2.78590755443e-06, 2.95988456855e-06, 2.26248047852e-07, 4.87895192691e-07, 3.17504003533e-07, 4.77649120256e-09],
        "dvar2": [2.78194384009e-05, 0.00646963855252, 0.00208840495907, 0.00028646478313, 0.000241541856667, 1.52833199536e-05, 4.00113503929e-06, 2.74718695437e-06, 1.2533142808e-06, 6.50010349545e-07, 4.49329661478e-07, 5.06967523961e-07, 2.66818915406e-07, 2.14016637301e-07, 5.64867491448e-07, 5.2826544561e-07, 9.01457752889e-08, 8.4351469809e-08, 3.74820565696e-08, 4.67831625883e-07, 1.26096693975e-07, 6.775213933e-06, 8.0220415839e-06, 5.80102891945e-07, 1.25922724692e-06, 8.21450328203e-07, 1.20154259875e-08],
        "max": [0.0321683064103, 0.514850735664, 0.198263987899, 0.121010430157, 0.108950063586, 0.046144541353, 0.0435579568148, 0.021425999701, 0.0246541555971, 0.0120679074898, 0.00795337744057, 0.00634695682675, 0.0112117547542, 0.00762943038717, 0.00636864406988, 0.00587132154033, 0.00433214521036, 0.00468249665573, 0.00391989806667, 0.00661304173991, 0.010093908757, 0.0144339678809, 0.0130067327991, 0.00405915174633, 0.00626543164253, 0.0049221389927, 0.00239650136791],
        "mean": [0.00419236533344, 0.0710920467973, 0.00714192306623, 0.00438201101497, 0.00345494109206, 0.00218053930439, 0.000873047974892, 0.000455631583463, 0.000425860926043, 0.000359646481229, 0.000280242617009, 0.00017405457038, 0.000154305918841, 0.000126458297018, 0.00016105089162, 0.00015269794676, 9.07293724595e-05, 8.4928884462e-05, 6.25287284493e-05, 0.000138048882945, 0.000103796090116, 0.00062781496672, 0.000460806855699, 0.000162185475347, 0.000224279370741, 0.000166108336998, 1.73976804945e-05],
        "median": [0.00239620520733, 0.0220402702689, 0.00142224086449, 0.000856958096847, 0.00109397456981, 0.00129854027182, 0.000384746381314, 0.000124823272927, 7.91601196397e-05, 9.57076772465e-05, 9.5289084129e-05, 2.14042102016e-05, 1.28049405248e-05, 1.00521538116e-05, 1.175872967e-05, 9.76042247203e-06, 5.67310098631e-06, 4.71694420412e-06, 6.49154981147e-06, 6.20183664068e-06, 6.89934631737e-06, 1.58910115715e-05, 1.27471639644e-05, 9.05666365725e-06, 6.75520004734e-06, 3.8419352677e-06, 6.59361546695e-07],
        "min": [8.24779528257e-15, 5.86464182745e-15, 1.49433510203e-15, 9.05929795055e-16, 9.18337133666e-16, 8.0551742729e-16, 1.53129856106e-15, 2.45337693337e-15, 1.44733006741e-15, 8.89372736156e-16, 3.80636785925e-15, 3.12907989111e-15, 1.77041151514e-15, 4.5343151739e-15, 2.27330937549e-15, 3.3832454677e-15, 3.37367674826e-15, 5.817737378e-15, 9.94647073038e-15, 9.80423865194e-15, 9.40556226653e-15, 1.69635999854e-14, 2.98919146813e-14, 2.66003378721e-14, 3.03232577394e-14, 6.40823386109e-14, 6.35810916178e-14],
        "var": [2.57741994574e-05, 0.0108321364969, 0.000431091233622, 8.59978827066e-05, 5.81422136747e-05, 7.11806842446e-06, 2.67256859843e-06, 1.71900580881e-06, 1.03435399978e-06, 6.74543230161e-07, 3.47720600757e-07, 2.02263706228e-07, 1.95834743977e-07, 1.32592106183e-07, 2.07457119927e-07, 1.95735879061e-07, 5.83146544386e-08, 4.94830736386e-08, 3.04280618479e-08, 2.27766818739e-07, 8.30346991165e-08, 2.76015884992e-06, 2.06086792787e-06, 1.89089391256e-07, 3.96547903847e-07, 2.4838243462e-07, 5.04578423488e-09]
    },
    "erbbands": {
        "dmean": [1.61998617649, 7.38890886307, 11.1560955048, 14.2085857391, 15.2504892349, 10.5425357819, 12.1574907303, 12.6839570999, 9.63672542572, 5.28047180176, 7.86897087097, 7.41951560974, 8.58563041687, 7.11751127243, 6.84933423996, 7.61875343323, 5.61570882797, 5.84109258652, 6.27218675613, 10.5024108887, 5.84251785278, 4.30552434921, 3.60588741302, 2.77337121964, 3.71164035797, 6.95749759674, 3.45442414284, 5.73840284348, 17.0190391541, 33.8332138062, 15.1992721558, 5.09552049637, 3.10251426697, 2.85586452484, 2.07265996933, 1.19901204109, 0.389696240425, 0.0392644256353, 0.00343649089336, 0.000224642295507],
        "dmean2": [1.98306083679, 10.4128274918, 20.0601615906, 24.4110088348, 26.829416275, 19.0267848969, 21.3826942444, 22.2782230377, 14.9855823517, 7.99245786667, 11.6010808945, 11.5049333572, 13.4929695129, 10.6490535736, 10.9477500916, 12.5897693634, 8.9446554184, 9.54971408844, 9.93976211548, 17.5604286194, 9.38135623932, 6.35931348801, 5.64608764648, 4.09235954285, 5.90363740921, 10.5556440353, 5.10304832458, 8.65182781219, 25.779214859, 54.6740455627, 25.990650177, 8.45126247406, 5.01587438583, 4.68908834457, 3.40710496902, 1.96431958675, 0.673214137554, 0.0643434897065, 0.00557853002101, 0.000359444180503],
        "dvar": [6.20208454132, 167.053649902, 886.224304199, 1042.85534668, 1376.39111328, 649.749389648, 434.074707031, 392.44833374, 566.196655273, 103.657493591, 907.800292969, 334.729675293, 393.66607666, 306.72946167, 291.377563477, 428.714355469, 233.375900269, 254.936706543, 281.407928467, 1184.11425781, 232.666503906, 112.197044373, 91.4231262207, 53.9598045349, 97.7054290771, 600.655700684, 64.7419815063, 166.957290649, 1621.95678711, 7742.90869141, 1676.54284668, 150.762390137, 54.798034668, 52.0232620239, 25.2730522156, 9.08817481995, 1.10676634312, 0.010217577219, 0.000136412651045, 5.44808358427e-07],
        "dvar2": [10.4821577072, 328.621734619, 2518.65869141, 2796.57446289, 3752.56176758, 1846.0723877, 1169.51965332, 1131.0090332, 1399.06640625, 220.779556274, 2023.09558105, 671.751220703, 832.804077148, 604.324157715, 700.454406738, 1109.65136719, 544.073303223, 659.046020508, 738.005981445, 3101.49121094, 572.3984375, 261.651245117, 224.928009033, 119.7554245, 249.145874023, 1452.3404541, 142.288253784, 364.597808838, 3958.7253418, 19964.3554688, 4599.22607422, 389.272674561, 139.774581909, 136.339828491, 64.8820800781, 23.1063766479, 2.96199655533, 0.0254182219505, 0.00034934800351, 1.4247332274e-06],
        "max": [24.1396999359, 105.729438782, 220.896591187, 279.951904297, 370.614868164, 318.065826416, 586.638549805, 329.784606934, 793.214599609, 248.885986328, 593.720397949, 749.593933105, 546.261413574, 377.561096191, 378.693206787, 320.40246582, 480.625976562, 389.353149414, 366.568237305, 320.547393799, 298.46182251, 282.244628906, 171.457229614, 204.308120728, 251.791488647, 353.745910645, 302.701171875, 488.899078369, 430.697387695, 699.846496582, 317.879241943, 94.0894546509, 84.1623687744, 80.8451461792, 37.4710006714, 28.0363197327, 8.50180721283, 1.98318910599, 0.33824712038, 0.0272305756807],
        "mean": [3.02756762505, 11.9489078522, 9.73442459106, 13.2048635483, 12.9988174438, 10.1982650757, 14.3212509155, 16.8620891571, 16.2375488281, 9.00910282135, 10.4397468567, 10.6220178604, 11.404463768, 10.5325193405, 9.82479667664, 8.22602653503, 7.5109910965, 6.91088724136, 7.54845285416, 9.82440948486, 6.52061223984, 4.9949836731, 4.65551185608, 3.65312409401, 4.00966215134, 7.10662269592, 3.78148794174, 5.7721953392, 15.4737081528, 27.213350296, 11.3752288818, 4.18814229965, 2.60086464882, 2.2560737133, 1.64178526402, 0.93307363987, 0.27778711915, 0.032169688493, 0.00306071504019, 0.000263479305431],
        "median": [0.925887465477, 3.26908826828, 2.80670118332, 2.71225380898, 3.23195934296, 3.40435314178, 7.10670804977, 9.56909179688, 7.73610830307, 3.67880535126, 2.53481888771, 2.16406846046, 3.10786366463, 3.296251297, 2.58456850052, 1.21510887146, 0.725088059902, 0.663545310497, 0.580154359341, 0.702395200729, 0.53965228796, 0.326103419065, 0.274031341076, 0.315539747477, 0.349815249443, 0.303404599428, 0.295408397913, 0.314259171486, 0.50726556778, 0.545046329498, 0.305405378342, 0.22244784236, 0.127903327346, 0.0724233910441, 0.0452322885394, 0.0205292720348, 0.0062981150113, 0.00110606348608, 0.000195872678887, 9.96010494418e-05],
        "min": [2.93132814029e-13, 9.10986238702e-13, 1.72367242007e-12, 2.61667055211e-12, 3.35586311344e-12, 2.92592295878e-12, 1.85300234358e-12, 8.79492399047e-12, 1.70327883742e-11, 4.07599648478e-11, 4.91179007189e-11, 3.1341967216e-11, 3.51864370973e-11, 6.94431873116e-11, 1.62089411337e-10, 1.15854888183e-10, 9.47547110219e-11, 2.37605435327e-10, 1.37275982248e-10, 1.24804500068e-10, 2.04696981587e-10, 1.59766366803e-10, 2.09215755831e-10, 4.08421102494e-10, 6.60096421967e-10, 4.28219487647e-10, 3.93433841062e-10, 3.64384383778e-10, 6.85758283492e-10, 7.30218052691e-10, 9.19071985184e-10, 5.06792496857e-10, 4.91363227884e-10, 4.63341365275e-10, 1.69896957614e-10, 1.58355356605e-10, 1.41522321639e-10, 4.87990516052e-11, 7.84510997831e-12, 9.559706542e-13],
        "var": [20.0246086121, 359.977874756, 584.215881348, 801.404785156, 971.829406738, 464.453674316, 476.351196289, 487.855682373, 838.789733887, 269.651245117, 1097.74609375, 678.218933105, 644.017822266, 563.184814453, 506.141784668, 448.947052002, 407.899414062, 357.527709961, 427.250457764, 966.471801758, 282.739929199, 179.150085449, 128.204650879, 100.995567322, 124.431037903, 673.013000488, 103.425384521, 229.251373291, 1596.58776855, 6356.50146484, 1187.4317627, 123.704902649, 47.013633728, 41.2597732544, 20.6981678009, 7.41473150253, 0.791366934776, 0.00988887436688, 0.000138880845043, 5.44486567833e-07]
    },
    "gfcc": {
        "mean": [-70.4949111938, 112.472457886, -42.2846069336, 28.4493942261, -48.3165626526, 16.8999862671, -24.7711238861, 4.61454582214, -10.5844068527, 3.97309565544, -7.63732814789, 8.58912277222, -4.12199401855],
        "cov": [[13879.3251953, -4793.18261719, -2815.05273438, 518.12677002, -1363.01928711, 671.663757324, -936.169250488, 79.7574386597, -965.000610352, 153.473922729, -889.003417969, 167.839447021, -525.096008301], [-4793.18261719, 5672.55810547, 742.66796875, -1369.11877441, 1352.08959961, -510.834411621, 496.706512451, -23.6112785339, 536.754211426, -277.837738037, 639.60925293, -303.768859863, 530.961364746], [-2815.05273438, 742.66796875, 3210.70654297, 613.74798584, 150.882797241, 300.643280029, 292.396270752, 65.7212371826, 292.146636963, 144.447601318, 99.0038757324, 158.164764404, -20.4412651062], [518.12677002, -1369.11877441, 613.74798584, 1337.22167969, -25.4838123322, 283.416778564, 86.1204376221, 70.4713973999, 17.2283992767, 121.79549408, -83.854057312, 53.9942626953, -84.2883911133], [-1363.01928711, 1352.08959961, 150.882797241, -25.4838123322, 1148.88952637, 123.19732666, 292.135528564, 194.806549072, 230.810394287, -69.8620071411, 279.036895752, -79.7973556519, 237.289321899], [671.663757324, -510.834411621, 300.643280029, 283.416778564, 123.19732666, 507.210601807, 75.1280670166, 80.0486373901, 5.02289915085, 47.0158576965, -78.8438034058, 95.4342422485, -22.5579204559], [-936.169250488, 496.706512451, 292.396270752, 86.1204376221, 292.135528564, 75.1280670166, 299.041015625, 68.1345214844, 145.062576294, 4.32373809814, 119.745277405, -9.40941047668, 102.466003418], [79.7574386597, -23.6112785339, 65.7212371826, 70.4713973999, 194.806549072, 80.0486373901, 68.1345214844, 206.538589478, 70.9891052246, 30.7145233154, 45.4513168335, 14.2585411072, 28.3726348877], [-965.000610352, 536.754211426, 292.146636963, 17.2283992767, 230.810394287, 5.02289915085, 145.062576294, 70.9891052246, 235.471115112, 33.1250343323, 132.338180542, -5.45450401306, 82.9997940063], [153.473922729, -277.837738037, 144.447601318, 121.79549408, -69.8620071411, 47.0158576965, 4.32373809814, 30.7145233154, 33.1250343323, 105.898620605, 14.187461853, 39.1875686646, -15.6029071808], [-889.003417969, 639.60925293, 99.0038757324, -83.854057312, 279.036895752, -78.8438034058, 119.745277405, 45.4513168335, 132.338180542, 14.187461853, 216.111572266, -3.0592982769, 110.843986511], [167.839447021, -303.768859863, 158.164764404, 53.9942626953, -79.7973556519, 95.4342422485, -9.40941047668, 14.2585411072, -5.45450401306, 39.1875686646, -3.0592982769, 145.19480896, 1.10564279556], [-525.096008301, 530.961364746, -20.4412651062, -84.2883911133, 237.289321899, -22.5579204559, 102.466003418, 28.3726348877, 82.9997940063, -15.6029071808, 110.843986511, 1.10564279556, 148.702713013]],
        "icov": [[0.000187773577636, -6.31441071164e-05, 0.0001791233517, -0.000101489989902, 8.68823190103e-05, -0.000273500831099, 0.000263353314949, -0.000311835319735, 0.000433880341006, -0.000436900358181, 0.000276422360912, -9.17573051993e-05, 6.01407555223e-05], [-6.31441071164e-05, 0.00100229785312, -0.00049879582366, 0.000852425349876, -0.000407432497013, 0.000329823698848, -0.00017917068908, 0.000693269481417, -0.000871405180078, 0.00146421382669, -0.000889235758223, 0.00143993331585, -0.00140366808046], [0.0001791233517, -0.00049879582366, 0.000816010404378, -0.000579573737923, 0.000192720763152, -0.000412916822825, -3.72476170014e-05, -0.000317271158565, 0.000191134691704, -0.00112078397069, 0.000600466970354, -0.00120511685964, 0.0012503011385], [-0.000101489989902, 0.000852425349876, -0.000579573737923, 0.00176508910954, -0.000503050163388, 0.000123994090245, -0.000626873923466, 0.0006155850715, -0.000655988638755, 0.000248091237154, -0.000290283118375, 0.00132459041197, -0.00074649049202], [8.68823190103e-05, -0.000407432497013, 0.000192720763152, -0.000503050163388, 0.00280297268182, -0.00160330231301, 0.000210945639992, -0.00183955731336, 0.000323303305777, 0.00172420567833, -0.00226558325812, 0.00132208503783, -0.00132802303415], [-0.000273500831099, 0.000329823698848, -0.000412916822825, 0.000123994090245, -0.00160330231301, 0.00437729293481, -0.00166228460148, 0.000406220380682, -0.000705530808773, -0.000640192243736, 0.00290771387517, -0.00229102699086, 0.00033667619573], [0.000263353314949, -0.00017917068908, -3.72476170014e-05, -0.000626873923466, 0.000210945639992, -0.00166228460148, 0.00701244408265, -0.000926711189095, -0.00110408570617, 0.000511598365847, -0.00128354330081, 0.00116019509733, -0.00241667544469], [-0.000311835319735, 0.000693269481417, -0.000317271158565, 0.0006155850715, -0.00183955731336, 0.000406220380682, -0.000926711189095, 0.00775256054476, -0.00236143870279, -0.000790088321082, -0.000176075729541, -5.28963246325e-05, 0.000251990975812], [0.000433880341006, -0.000871405180078, 0.000191134691704, -0.000655988638755, 0.000323303305777, -0.000705530808773, -0.00110408570617, -0.00236143870279, 0.0104752853513, -0.00428447313607, -0.00154494098388, 3.21524421452e-05, -0.000258630141616], [-0.000436900358181, 0.00146421382669, -0.00112078397069, 0.000248091237154, 0.00172420567833, -0.000640192243736, 0.000511598365847, -0.000790088321082, -0.00428447313607, 0.0185090545565, -0.00623626541346, 0.000894826778676, -0.000859214691445], [0.000276422360912, -0.000889235758223, 0.000600466970354, -0.000290283118375, -0.00226558325812, 0.00290771387517, -0.00128354330081, -0.000176075729541, -0.00154494098388, -0.00623626541346, 0.0150260766968, -0.00399199640378, -0.00191926397383], [-9.17573051993e-05, 0.00143993331585, -0.00120511685964, 0.00132459041197, 0.00132208503783, -0.00229102699086, 0.00116019509733, -5.28963246325e-05, 3.21524421452e-05, 0.000894826778676, -0.00399199640378, 0.0128539046273, -0.00517087988555], [6.01407555223e-05, -0.00140366808046, 0.0012503011385, -0.00074649049202, -0.00132802303415, 0.00033667619573, -0.00241667544469, 0.000251990975812, -0.000258630141616, -0.000859214691445, -0.00191926397383, -0.00517087988555, 0.0170085951686]]
    },
    "melbands": {
        "dmean": [0.0124193429947, 0.00653784442693, 0.00250750733539, 0.000922274019103, 0.000401767960284, 0.000287848175503, 0.000137691269629, 5.73430625082e-05, 6.69448418193e-05, 4.5325155952e-05, 4.22488992626e-05, 2.85587175313e-05, 2.37490821746e-05, 1.83871670743e-05, 1.67537928064e-05, 1.17154904729e-05, 1.14889662655e-05, 9.51887523115e-06, 1.28485044115e-05, 1.37953984449e-05, 5.62439072382e-06, 4.81255528939e-06, 3.56443752025e-06, 3.51483072336e-06, 2.16714170165e-06, 2.09020072361e-06, 3.76336470254e-06, 5.00547730553e-06, 2.05646074392e-06, 2.19240314436e-06, 3.53390169039e-06, 7.14133057045e-06, 1.94250951608e-05, 1.88506783161e-05, 8.9377799668e-06, 4.26464612246e-06, 2.83416511593e-06, 2.33464425037e-06, 1.95671236725e-06, 2.49049003287e-06],
        "dmean2": [0.0154976295307, 0.0105919931084, 0.00434739561751, 0.00165567256045, 0.000703378580511, 0.000503661751281, 0.000213110557524, 8.6882551841e-05, 9.93476860458e-05, 7.09889864083e-05, 6.64966864861e-05, 4.27043305535e-05, 3.78055228794e-05, 3.06445181195e-05, 2.66564366029e-05, 1.88852245628e-05, 1.90333230421e-05, 1.50069936353e-05, 2.15721647692e-05, 2.30421410379e-05, 9.02805368241e-06, 7.27318638383e-06, 5.3321869018e-06, 5.66670678381e-06, 3.21343782161e-06, 3.30697730533e-06, 5.90450599702e-06, 7.66580706113e-06, 3.07755794893e-06, 3.39717485076e-06, 5.35705703442e-06, 1.09255133793e-05, 2.90914740617e-05, 3.19591163134e-05, 1.54695317178e-05, 6.96583492754e-06, 4.76723062093e-06, 3.84258646591e-06, 3.11858343593e-06, 4.11858582083e-06],
        "dvar": [0.000353589246515, 0.000191957849893, 3.35859658662e-05, 5.54972893951e-06, 4.97627013374e-07, 1.96921803308e-07, 1.03616365266e-07, 1.38038691588e-08, 5.85656891872e-08, 1.29781962954e-08, 9.64884527832e-09, 5.26093657527e-09, 3.21000981351e-09, 1.95391280933e-09, 1.89214555135e-09, 9.67831703669e-10, 1.1336176442e-09, 6.4962774049e-10, 1.72788938713e-09, 1.7645693795e-09, 2.18504520033e-10, 1.47949097418e-10, 8.10794348327e-11, 1.02902034116e-10, 3.64044766554e-11, 3.1313580201e-11, 1.25052426747e-10, 3.41018657757e-10, 2.61597948165e-11, 3.04963242159e-11, 7.22284246302e-11, 2.67877942051e-10, 2.37785680035e-09, 2.58132804021e-09, 6.10134331946e-10, 9.6218796819e-11, 5.13872520924e-11, 3.22680458742e-11, 2.28216560233e-11, 4.06390095187e-11],
        "dvar2": [0.00061600987101, 0.000496440101415, 9.02331157704e-05, 1.55685320351e-05, 1.33579101202e-06, 5.53588961338e-07, 2.56405883192e-07, 2.82483529901e-08, 1.30534729692e-07, 2.67104773854e-08, 2.03722798631e-08, 1.02233768118e-08, 7.57975637811e-09, 5.0114379313e-09, 4.56727544673e-09, 2.29553709374e-09, 2.99012015148e-09, 1.6849721618e-09, 4.67510252733e-09, 4.51418635805e-09, 5.49936651772e-10, 3.55001528174e-10, 2.01892252916e-10, 2.5679211535e-10, 8.18545162207e-11, 7.57220536274e-11, 3.14822806713e-10, 8.26321677749e-10, 5.68409035118e-11, 7.2685989172e-11, 1.52538870424e-10, 6.60029919608e-10, 5.76751446602e-09, 6.81662726265e-09, 1.68770686315e-09, 2.4839816315e-10, 1.34181263323e-10, 8.39223898708e-11, 5.82218093181e-11, 1.07157650808e-10],
        "max": [0.174347281456, 0.111606881022, 0.0510698892176, 0.0286762751639, 0.0186154413968, 0.00761214271188, 0.0102985259145, 0.00288079306483, 0.00477972114459, 0.00491771940142, 0.00263875187375, 0.00173823209479, 0.00110263889655, 0.000804542389233, 0.00120226282161, 0.000739831535611, 0.00088947621407, 0.000565427413676, 0.000412079883972, 0.000519949302543, 0.000326229986968, 0.0002909998002, 0.000235731145949, 0.000247761170613, 0.0001748798677, 0.00019983817765, 0.000205270451261, 0.000275897444226, 0.000197267567273, 0.000301178719383, 0.000279109546682, 0.000249127740972, 0.000403220445151, 0.000387991545722, 0.000189425147255, 8.66793780006e-05, 5.67192073504e-05, 5.98223014094e-05, 6.32583905826e-05, 6.90550732543e-05],
        "mean": [0.0228574685752, 0.00861089769751, 0.00228432589211, 0.000807568780147, 0.000485180789838, 0.000393205351429, 0.000234296123381, 9.36864380492e-05, 8.61318912939e-05, 6.36574259261e-05, 5.50873992324e-05, 4.09621570725e-05, 3.39256403095e-05, 2.12924987864e-05, 1.95128541236e-05, 1.43850547829e-05, 1.29076361191e-05, 1.15647571874e-05, 1.20502518257e-05, 1.34496303872e-05, 6.25092206974e-06, 5.23737980984e-06, 4.31517264587e-06, 4.23852634412e-06, 2.74493095276e-06, 2.39461132878e-06, 3.75679769604e-06, 5.046896149e-06, 2.30535101764e-06, 2.20681295104e-06, 3.5802045204e-06, 6.47741762805e-06, 1.7591562937e-05, 1.38922814585e-05, 6.54729456073e-06, 3.59902037417e-06, 2.2544481908e-06, 1.91932963389e-06, 1.63496463301e-06, 1.93969049178e-06],
        "median": [0.00717081781477, 0.00276643317193, 0.000521347566973, 0.000231595098739, 0.00023757116287, 0.000227349781198, 0.000110917389975, 3.51832277374e-05, 1.88653575606e-05, 1.25267079056e-05, 1.43257830132e-05, 1.13103342301e-05, 1.06275956568e-05, 3.43652664014e-06, 1.99290207092e-06, 1.29792158532e-06, 1.06970605884e-06, 8.0036181771e-07, 8.50889307458e-07, 8.14503664515e-07, 5.40148050732e-07, 3.00839246847e-07, 2.43963143021e-07, 2.10580168414e-07, 2.45960364964e-07, 2.19743242269e-07, 2.21607550088e-07, 1.80728932264e-07, 1.59018455292e-07, 1.67562973274e-07, 1.71194628251e-07, 2.48229497402e-07, 3.04103650706e-07, 2.90083676191e-07, 1.628140609e-07, 1.4945823068e-07, 1.21760749039e-07, 8.98163463603e-08, 6.60050005763e-08, 5.53551444682e-08],
        "min": [2.51845235713e-15, 1.00955919395e-15, 4.81026146158e-16, 2.38054004084e-16, 7.2988756273e-17, 1.94978937645e-16, 2.72874522694e-16, 4.81583652656e-16, 3.79465757582e-16, 1.92108845913e-16, 1.64633108807e-16, 2.38221557789e-16, 5.5632478113e-16, 3.98576779635e-16, 2.53116340999e-16, 1.74654487955e-16, 4.92910388985e-16, 2.12679583667e-16, 1.4535372572e-16, 2.4957089931e-16, 2.44998509581e-16, 2.03456096321e-16, 8.89637976582e-17, 2.91469172287e-16, 3.09018344996e-16, 4.8669454358e-16, 4.34520119826e-16, 2.43630445492e-16, 2.8301501585e-16, 1.7684803859e-16, 2.00996021474e-16, 3.5598404552e-16, 3.60929817959e-16, 4.73313752354e-16, 6.34357850215e-16, 2.37233943842e-16, 3.5048833694e-16, 3.66840599154e-16, 2.24680068531e-16, 4.70254534047e-16],
        "var": [0.00111817428842, 0.000220694899326, 2.48918058787e-05, 3.68558130504e-06, 5.54603047931e-07, 2.53846337728e-07, 1.64854725426e-07, 3.38326664462e-08, 7.04139324625e-08, 2.64685713347e-08, 1.58376867176e-08, 9.64793045455e-09, 5.41019451461e-09, 2.40028130705e-09, 2.61794674827e-09, 1.48700751712e-09, 1.56111801264e-09, 1.06651310006e-09, 1.37734801342e-09, 1.65351921044e-09, 2.65966915158e-10, 2.08534994828e-10, 1.28069430061e-10, 1.28427379842e-10, 6.35655278414e-11, 5.42045540397e-11, 1.31867128328e-10, 3.77829934006e-10, 4.10025867426e-11, 4.00041319515e-11, 1.02369682176e-10, 2.62960569986e-10, 2.3493473833e-09, 1.89755056113e-09, 4.20392526346e-10, 8.29597571195e-11, 4.02354503881e-11, 2.64854319032e-11, 1.95681856135e-11, 3.16322176785e-11]
    },
    "mfcc": {
        "mean": [-736.373046875, 149.923538208, 58.7252845764, 27.4288082123, 10.748085022, 15.5957841873, 0.395890176296, 9.92590618134, 2.06119918823, 2.27986478806, 1.96457839012, -0.337169975042, 8.17104244232],
        "cov": [[13726.2412109, -4618.49609375, -2344.16015625, -818.139526367, -892.539611816, 61.0569534302, -426.543029785, -242.531173706, -295.10256958, -269.66116333, -416.172088623, -354.042144775, -334.429718018], [-4618.49609375, 5742.85839844, -98.6523971558, -393.220855713, 608.684814453, -377.093475342, 338.511932373, 53.9296875, 190.623565674, 167.830352783, -26.505235672, 175.988632202, 78.6475219727], [-2344.16015625, -98.6523971558, 2747.52832031, 605.523071289, 128.803955078, 408.228607178, -0.639021813869, 181.328475952, 70.6018447876, 36.3621864319, 303.406951904, 9.29975032806, 164.989044189], [-818.139526367, -393.220855713, 605.523071289, 844.541687012, 285.022003174, 186.758865356, 145.502975464, 85.0135116577, 84.9582977295, 116.88407135, 127.434333801, 104.508811951, 33.7478561401], [-892.539611816, 608.684814453, 128.803955078, 285.022003174, 675.262634277, 192.614868164, 272.367462158, 193.944732666, 164.649246216, 159.053710938, 73.1332473755, 115.932685852, 63.2909393311], [61.0569534302, -377.093475342, 408.228607178, 186.758865356, 192.614868164, 415.308654785, 140.769256592, 155.34173584, 101.293983459, 48.3948440552, 63.9436836243, -6.86525917053, 77.575012207], [-426.543029785, 338.511932373, -0.639021813869, 145.502975464, 272.367462158, 140.769256592, 284.556396484, 140.059753418, 119.216194153, 102.488479614, 21.9039020538, 68.2797241211, 29.416934967], [-242.531173706, 53.9296875, 181.328475952, 85.0135116577, 193.944732666, 155.34173584, 140.059753418, 215.915084839, 116.120742798, 64.7550964355, 58.6500854492, 29.4315757751, 58.5449790955], [-295.10256958, 190.623565674, 70.6018447876, 84.9582977295, 164.649246216, 101.293983459, 119.216194153, 116.120742798, 155.82208252, 96.9840240479, 44.7195625305, 31.6145973206, 39.8187484741], [-269.66116333, 167.830352783, 36.3621864319, 116.88407135, 159.053710938, 48.3948440552, 102.488479614, 64.7550964355, 96.9840240479, 144.891998291, 70.0882034302, 59.9786262512, 3.15008687973], [-416.172088623, -26.505235672, 303.406951904, 127.434333801, 73.1332473755, 63.9436836243, 21.9039020538, 58.6500854492, 44.7195625305, 70.0882034302, 150.652191162, 60.6629142761, 21.0083961487], [-354.042144775, 175.988632202, 9.29975032806, 104.508811951, 115.932685852, -6.86525917053, 68.2797241211, 29.4315757751, 31.6145973206, 59.9786262512, 60.6629142761, 124.562721252, 27.8006420135], [-334.429718018, 78.6475219727, 164.989044189, 33.7478561401, 63.2909393311, 77.575012207, 29.416934967, 58.5449790955, 39.8187484741, 3.15008687973, 21.0083961487, 27.8006420135, 121.25881958]],
