{
"lowlevel": {
    "average_loudness": 0.968558371067,
    "barkbands_crest": {
        "dmean": 3.29414844513,
        "dmean2": 5.21580076218,
        "dvar": 11.1014919281,
        "dvar2": 22.7861690521,
        "max": 26.5130500793,
        "mean": 13.5970840454,
        "median": 12.7921609879,
        "min": 2.43410038948,
        "var": 35.8842811584
    },
    "barkbands_flatness_db": {
        "dmean": 0.0409365110099,
        "dmean2": 0.0599968656898,
        "dvar": 0.00183791480958,
        "dvar2": 0.00374968349934,
        "max": 0.693271934986,
        "mean": 0.175254479051,
        "median": 0.161816805601,
        "min": 0.0317402966321,
        "var": 0.00660413084552
    },
    "barkbands_kurtosis": {
        "dmean": 13.5995512009,
        "dmean2": 21.3448543549,
        "dvar": 1907.08862305,
        "dvar2": 4809.73828125,
        "max": 1815.3782959,
        "mean": 16.396894455,
        "median": 5.7301659584,
        "min": -1.95660293102,
        "var": 2230.5300293
    },
    "barkbands_skewness": {
        "dmean": 1.24808418751,
        "dmean2": 1.82343614101,
        "dvar": 2.60222411156,
        "dvar2": 5.70340681076,
        "max": 33.5740280151,
        "mean": 2.64966678619,
        "median": 2.35751771927,
        "min": -9.86857509613,
        "var": 6.49158906937
    },
    "barkbands_spread": {
        "dmean": 12.1710205078,
        "dmean2": 18.3945426941,
        "dvar": 200.809371948,
        "dvar2": 418.275024414,
        "max": 116.910072327,
        "mean": 27.2605743408,
        "median": 22.407081604,
        "min": 0.0550809167325,
        "var": 453.002349854
    },
    "dissonance": {
        "dmean": 0.0210342984647,
        "dmean2": 0.0345970541239,
        "dvar": 0.000535682309419,
        "dvar2": 0.00134005933069,
        "max": 0.500000119209,
        "mean": 0.462592929602,
        "median": 0.472376763821,
        "min": 0.131508171558,
        "var": 0.00124338129535
    },
    "dynamic_complexity": 2.24420046806,
    "erbbands_crest": {
        "dmean": 2.86890864372,
        "dmean2": 4.62933063507,
        "dvar": 7.81264305115,
        "dvar2": 18.4848194122,
        "max": 31.9906330109,
        "mean": 8.57705497742,
        "median": 7.6317896843,
        "min": 2.09449243546,
        "var": 17.4453353882
    },
    "erbbands_flatness_db": {
        "dmean": 0.0278626196086,
        "dmean2": 0.039416257292,
        "dvar": 0.000925923290197,
        "dvar2": 0.00174597383011,
        "max": 0.480413258076,
        "mean": 0.135108739138,
        "median": 0.124070182443,
        "min": 0.0367031022906,
        "var": 0.00346970907412
    },
    "erbbands_kurtosis": {
        "dmean": 2.37872815132,
        "dmean2": 3.74372434616,
        "dvar": 59.5010452271,
        "dvar2": 126.969047546,
        "max": 326.440063477,
        "mean": 1.41923236847,
        "median": -0.490063786507,
        "min": -1.94615066051,
        "var": 81.662437439
    },
    "erbbands_skewness": {
        "dmean": 0.651773810387,
        "dmean2": 0.94599032402,
        "dvar": 0.621463000774,
        "dvar2": 1.23518431187,
        "max": 15.617556572,
        "mean": 0.264851689339,
        "median": 0.197405159473,
        "min": -6.67162942886,
        "var": 1.66533708572
    },
    "erbbands_spread": {
        "dmean": 20.1317501068,
        "dmean2": 30.1435413361,
        "dvar": 430.541351318,
        "dvar2": 874.401245117,
        "max": 199.105880737,
        "mean": 64.8337860107,
        "median": 60.3531951904,
        "min": 0.820206880569,
        "var": 1115.40087891
    },
    "hfc": {
        "dmean": 23.5614032745,
        "dmean2": 35.9850883484,
        "dvar": 876.780883789,
        "dvar2": 2239.10327148,
        "max": 334.168579102,
        "mean": 38.0207481384,
        "median": 27.6368465424,
        "min": 8.56636717117e-09,
        "var": 1229.37109375
    },
    "melbands_crest": {
        "dmean": 3.72926044464,
        "dmean2": 5.90529584885,
        "dvar": 13.5507078171,
        "dvar2": 30.9392910004,
        "max": 38.7632522583,
        "mean": 18.2726783752,
        "median": 18.2502479553,
        "min": 2.73225736618,
        "var": 45.7680778503
    },
    "melbands_flatness_db": {
        "dmean": 0.0490830689669,
        "dmean2": 0.0708104595542,
        "dvar": 0.002626048401,
        "dvar2": 0.00504292640835,
        "max": 0.855409443378,
        "mean": 0.238786220551,
        "median": 0.228989198804,
        "min": 0.026682138443,
        "var": 0.0119299432263
    },
    "melbands_kurtosis": {
        "dmean": 38.663520813,
        "dmean2": 59.579662323,
        "dvar": 7486.50732422,
        "dvar2": 17176.9433594,
        "max": 1685.66235352,
        "mean": 57.103843689,
        "median": 28.2161979675,
        "min": -1.93424367905,
        "var": 11257.984375
    },
    "melbands_skewness": {
        "dmean": 1.85216736794,
        "dmean2": 2.73835468292,
        "dvar": 5.31324386597,
        "dvar2": 11.7120628357,
        "max": 32.0501976013,
        "mean": 5.10873365402,
        "median": 4.5281496048,
        "min": -4.73845386505,
        "var": 14.328412056
    },
    "melbands_spread": {
        "dmean": 13.6810235977,
        "dmean2": 21.0189819336,
        "dvar": 600.104858398,
        "dvar2": 1293.59912109,
        "max": 280.618286133,
        "mean": 25.3650379181,
        "median": 12.5810728073,
        "min": 0.16445954144,
        "var": 1201.4395752
    },
    "pitch_salience": {
        "dmean": 0.100697405636,
        "dmean2": 0.162376120687,
        "dvar": 0.011760651134,
        "dvar2": 0.0277475696057,
        "max": 0.966235697269,
        "mean": 0.462086945772,
        "median": 0.488019287586,
        "min": 0.0314180329442,
        "var": 0.0346670337021
    },
    "silence_rate_20dB": {
        "dmean": 0,
        "dmean2": 0,
        "dvar": 0,
        "dvar2": 0,
        "max": 1,
        "mean": 1,
        "median": 1,
        "min": 1,
        "var": 0
    },
    "silence_rate_30dB": {
        "dmean": 0.124265670776,
        "dmean2": 0.248548522592,
        "dvar": 0.108844257891,
        "dvar2": 0.203910991549,
        "max": 1,
        "mean": 0.816862463951,
        "median": 1,
        "min": 0,
        "var": 0.14960667491
    },
    "silence_rate_60dB": {
        "dmean": 0.0182459056377,
        "dmean2": 0.0364252142608,
        "dvar": 0.0179155059159,
        "dvar2": 0.0399287827313,
        "max": 1,
        "mean": 0.0400138199329,
        "median": 0,
        "min": 0,
        "var": 0.0384101234376
    },
    "spectral_centroid": {
        "dmean": 449.298187256,
        "dmean2": 679.401672363,
        "dvar": 302182.90625,
        "dvar2": 567478.625,
        "max": 9191.42675781,
        "mean": 1486.77612305,
        "median": 1318.80444336,
        "min": 73.7953338623,
        "var": 999201.375
    },
    "spectral_complexity": {
        "dmean": 5.291036129,
        "dmean2": 8.1326379776,
        "dvar": 40.3770370483,
        "dvar2": 77.0724868774,
        "max": 58,
        "mean": 16.1751899719,
        "median": 15,
        "min": 0,
        "var": 107.36844635
    },
    "spectral_decrease": {
        "dmean": 5.98058091938e-09,
        "dmean2": 8.5803923966e-09,
        "dvar": 7.64787371565e-17,
        "dvar2": 1.73988230367e-16,
        "max": 7.75509448325e-11,
        "mean": -1.46779690624e-08,
        "median": -1.07575992558e-08,
        "min": -8.25840658081e-08,
        "var": 1.744743214e-16
    },
    "spectral_energy": {
        "dmean": 0.0238570701331,
        "dmean2": 0.0343332774937,
        "dvar": 0.00112427957356,
        "dvar2": 0.00254686223343,
        "max": 0.315364778042,
        "mean": 0.0588463805616,
        "median": 0.0444171726704,
        "min": 9.26957512484e-13,
        "var": 0.00256138341501
    },
    "spectral_energyband_high": {
        "dmean": 0.00233458494768,
        "dmean2": 0.00361159164459,
        "dvar": 9.90476019069e-06,
        "dvar2": 2.50942357525e-05,
        "max": 0.0349870920181,
        "mean": 0.00300693139434,
        "median": 0.00184797530528,
        "min": 7.96330286868e-13,
        "var": 1.29347272377e-05
    },
    "spectral_energyband_low": {
        "dmean": 0.0190659705549,
        "dmean2": 0.0279955156147,
        "dvar": 0.00113393506035,
        "dvar2": 0.00274319271557,
        "max": 0.30379024148,
        "mean": 0.0400564037263,
        "median": 0.020641438663,
        "min": 1.04405348841e-14,
        "var": 0.00225912057795
    },
    "spectral_energyband_middle_high": {
        "dmean": 0.00190384860616,
        "dmean2": 0.00298163015395,
        "dvar": 7.856629054e-06,
        "dvar2": 1.68533988472e-05,
        "max": 0.0743304416537,
        "mean": 0.00365718407556,
        "median": 0.00235616229475,
        "min": 6.0787353341e-14,
        "var": 1.88952071767e-05
    },
    "spectral_energyband_middle_low": {
        "dmean": 0.00790041871369,
        "dmean2": 0.0132716195658,
        "dvar": 0.000179601251148,
        "dvar2": 0.000483648327645,
        "max": 0.144144773483,
        "mean": 0.0129827819765,
        "median": 0.0098469723016,
        "min": 1.87943634451e-14,
        "var": 0.000181239127414
    },
    "spectral_entropy": {
        "dmean": 0.319494068623,
        "dmean2": 0.453264296055,
        "dvar": 0.145872965455,
        "dvar2": 0.272718578577,
        "max": 9.1634721756,
        "mean": 7.77095460892,
        "median": 7.91996240616,
        "min": 3.30283284187,
        "var": 0.416140377522
    },
    "spectral_flux": {
        "dmean": 0.0539397038519,
        "dmean2": 0.0823004543781,
        "dvar": 0.00347098149359,
        "dvar2": 0.00670883944258,
        "max": 0.478184193373,
        "mean": 0.119309492409,
        "median": 0.0945732295513,
        "min": 0.00026030628942,
        "var": 0.00646039936692
    },
    "spectral_kurtosis": {
        "dmean": 2.0175743103,
        "dmean2": 3.07626700401,
        "dvar": 51.9065132141,
        "dvar2": 111.486671448,
        "max": 183.108139038,
        "mean": 3.02510857582,
        "median": 1.60276341438,
        "min": -1.17709648609,
        "var": 77.7041091919
    },
    "spectral_rms": {
        "dmean": 0.00150275637861,
        "dmean2": 0.00214839773253,
        "dvar": 3.17377930514e-06,
        "dvar2": 6.33847093923e-06,
        "max": 0.017540609464,
        "mean": 0.00680905021727,
        "median": 0.00658284313977,
        "min": 3.00723925761e-08,
        "var": 1.10481851152e-05
    },
    "spectral_rolloff": {
        "dmean": 1210.78564453,
        "dmean2": 2022.54736328,
        "dvar": 4366082.5,
        "dvar2": 8673714,
        "max": 17312.6953125,
        "mean": 2234.86694336,
        "median": 495.263671875,
        "min": 43.06640625,
        "var": 9720716
    },
    "spectral_skewness": {
        "dmean": 0.34176197648,
        "dmean2": 0.486195296049,
        "dvar": 0.321699589491,
        "dvar2": 0.605462670326,
        "max": 11.3848495483,
        "mean": 1.30032229424,
        "median": 1.21107244492,
        "min": -0.762242615223,
        "var": 0.706323385239
    },
    "spectral_spread": {
        "dmean": 1375934.5,
        "dmean2": 2014882.5,
        "dvar": 1.99078025626e+12,
        "dvar2": 4.07110077645e+12,
        "max": 19233324,
        "mean": 7283934,
        "median": 7421323.5,
        "min": 465897.53125,
        "var": 5.29186632499e+12
    },
    "spectral_strongpeak": {
        "dmean": 0.415054023266,
        "dmean2": 0.688844680786,
        "dvar": 0.440447568893,
        "dvar2": 1.090452075,
        "max": 9.07608318329,
        "mean": 0.806492984295,
        "median": 0.673473656178,
        "min": 0,
        "var": 0.534630715847
    },
    "zerocrossingrate": {
        "dmean": 0.0251792687923,
        "dmean2": 0.0255530923605,
        "dvar": 0.000668567663524,
        "dvar2": 0.000698197516613,
        "max": 0.5302734375,
        "mean": 0.084974437952,
        "median": 0.06396484375,
        "min": 0.001953125,
        "var": 0.00505392020568
    },
    "barkbands": {
        "dmean": [0.000276673061308, 0.015667470172, 0.00505225965753, 0.00229988363571, 0.00346824526787, 0.00153092935216, 0.000942815444432, 0.000846897310112, 0.000834077887703, 0.00050657679094, 0.000306771398755, 0.000391315319575, 0.000254735234194, 0.000216101776459, 0.000266517658019, 0.000212137994822, 0.000239516535657, 0.000181862313184, 0.000208031997317, 0.000169704100699, 0.000203068979317, 0.000360366568202, 0.000713365036063, 0.000465369725134, 0.000442543270765, 0.000166654543136, 7.60462498874e-05],
        "dmean2": [0.000338689860655, 0.023704694584, 0.00816177111119, 0.00407672207803, 0.0058561922051, 0.00255035958253, 0.00153527734801, 0.00139808119275, 0.00131944636814, 0.000849742733408, 0.00049739331007, 0.000627650064416, 0.000412135123042, 0.000345625565387, 0.0004186166625, 0.000337767094607, 0.000391067442251, 0.000287762057269, 0.000332004390657, 0.000264610978775, 0.000311567273457, 0.000576754915528, 0.00110995816067, 0.000712848035619, 0.000748425896745, 0.000261400680756, 0.000118956551887],
        "dvar": [2.09144261021e-07, 0.000850751239341, 0.000142448436236, 3.00256288028e-05, 4.20358410338e-05, 4.71589737572e-06, 1.31038659674e-05, 4.0615668695e-06, 6.82331528878e-06, 1.4168939515e-06, 6.37902473954e-07, 5.8583293594e-07, 2.49460867963e-07, 3.11588905788e-07, 7.33492129257e-07, 1.81397297183e-07, 1.87459150425e-07, 1.57957259717e-07, 1.70818694301e-07, 7.08999152721e-08, 9.59256922783e-08, 2.76885543826e-07, 1.11764450139e-06, 5.29672945504e-07, 6.3411755491e-07, 5.8506579137e-08, 4.34471232325e-08],
        "dvar2": [2.50153334491e-07, 0.00204135337844, 0.000349305599229, 8.18020052975e-05, 0.000113556983706, 1.27157545649e-05, 3.23853564623e-05, 1.04090540844e-05, 1.51767053467e-05, 3.49542006006e-06, 1.41524265018e-06, 1.36147912144e-06, 5.68335053686e-07, 7.10035067186e-07, 1.37816300594e-06, 4.13146238998e-07, 4.46504969887e-07, 3.62916580343e-07, 3.97802040197e-07, 1.63417837484e-07, 2.1773045944e-07, 7.16910449228e-07, 2.90948901238e-06, 1.29563466089e-06, 1.69955831097e-06, 1.3820911704e-07, 9.57820063263e-08],
        "max": [0.00451720552519, 0.254098504782, 0.109145358205, 0.0419215038419, 0.0942678749561, 0.0740780234337, 0.123033411801, 0.0434003025293, 0.0874079987407, 0.0354527048767, 0.046830624342, 0.0131387552246, 0.00957878772169, 0.0210773143917, 0.0204991530627, 0.00733228120953, 0.00940458942205, 0.00713409576565, 0.0117875542492, 0.00515289884061, 0.00701697729528, 0.00541785638779, 0.00995954219252, 0.012443928048, 0.00936920847744, 0.00389087642543, 0.00669034430757],
        "mean": [0.000530998571776, 0.0311468821019, 0.00757978763431, 0.00192580686416, 0.004838693887, 0.00282457587309, 0.00114993448369, 0.00111414212734, 0.00101458781864, 0.000573428289499, 0.00033685733797, 0.000575356069021, 0.000329799368046, 0.000248635129537, 0.000350615417119, 0.000265212584054, 0.000356443837518, 0.000247620686423, 0.000316225457937, 0.000259842083324, 0.000278030609479, 0.000456511770608, 0.000817029154859, 0.000582902983297, 0.000424763682531, 0.000196669308934, 0.000104713813926],
        "median": [8.71409702086e-06, 0.0106783770025, 0.000978884287179, 0.000184996504686, 0.00196019047871, 0.00147954863496, 0.00032743596239, 0.000301460677292, 0.000217898515984, 0.000113623456855, 6.80843077134e-05, 0.000128319399664, 0.000104055456177, 5.61901906622e-05, 9.66356892604e-05, 6.82618338033e-05, 0.000143855926581, 9.37501172302e-05, 0.000160150113516, 0.000149557527038, 0.000140251213452, 0.000193909538211, 0.000347138207871, 0.000308496848447, 0.00016290077474, 7.59384056437e-05, 2.23077695409e-05],
        "min": [1.02292238807e-14, 5.08302438768e-15, 4.82264614206e-16, 2.81897726453e-16, 7.07860298883e-16, 1.9678561657e-15, 5.57215796263e-15, 1.53108595579e-15, 5.94070538612e-15, 4.83851773955e-15, 3.17487345685e-15, 2.70742223129e-15, 4.05773420371e-15, 1.29563451337e-15, 6.45345085151e-15, 3.61835365002e-15, 7.69552725987e-15, 1.00624363171e-14, 1.34190305284e-14, 1.012734784e-14, 1.85479107388e-14, 1.37082307853e-13, 1.25933822832e-13, 2.50038976069e-13, 1.0468616398e-13, 6.53917431271e-14, 9.5123453385e-14],
        "var": [8.6941633981e-07, 0.00163577240892, 0.000200184556888, 2.21193768084e-05, 4.88764926558e-05, 1.2315766071e-05, 1.38175446409e-05, 5.5884925132e-06, 8.43415909912e-06, 1.80863128207e-06, 8.86156442448e-07, 1.18613422728e-06, 3.7486228166e-07, 4.01784689075e-07, 1.09071629595e-06, 2.60759236426e-07, 3.57675986606e-07, 2.28914984746e-07, 3.04676376572e-07, 1.29845645347e-07, 1.52259332253e-07, 3.66657189943e-07, 1.37975553116e-06, 6.78963772316e-07, 5.30611146132e-07, 1.02548391112e-07, 1.18735563603e-07]
    },
    "erbbands": {
        "dmean": [0.397875547409, 4.04890918732, 7.27889251709, 5.79633951187, 12.1570997238, 9.40372085571, 12.2453155518, 13.6009302139, 12.5549602509, 14.0470333099, 19.4555187225, 21.0535869598, 13.4821414948, 14.7940979004, 11.6696376801, 18.9162559509, 10.8378887177, 11.5116710663, 12.4898023605, 13.0412025452, 12.1285877228, 11.6299877167, 9.21325302124, 10.0147819519, 11.1795558929, 7.28275203705, 7.27936935425, 10.175195694, 13.4837732315, 19.827917099, 18.1505908966, 10.3264474869, 7.2643198967, 6.00015592575, 2.60150885582, 0.81818562746, 0.296281248331, 0.0735574066639, 0.0130946002901, 0.000755864486564],
        "dmean2": [0.510166406631, 6.12068367004, 11.7651767731, 10.0089235306, 21.1865081787, 15.6675720215, 19.7860832214, 22.7140254974, 20.3007411957, 23.1625289917, 31.9298629761, 31.7660236359, 23.1214447021, 24.4153995514, 19.0459804535, 30.0511760712, 17.5083217621, 18.658246994, 19.563709259, 19.8569755554, 19.1236457825, 18.5043735504, 14.5319280624, 15.8880777359, 17.9771366119, 11.2008886337, 11.6084632874, 15.3337945938, 21.3114032745, 31.9412441254, 28.0069980621, 15.8838529587, 11.1118917465, 10.1854887009, 4.35605621338, 1.32525682449, 0.466586381197, 0.113497368991, 0.0202948227525, 0.00120067608077],
        "dvar": [0.454099595547, 61.7133750916, 273.801116943, 193.629425049, 784.410461426, 275.425384521, 301.217773438, 426.250427246, 2672.39868164, 1819.24609375, 2720.34960938, 4751.47607422, 1180.88745117, 1448.6184082, 556.792907715, 1491.38903809, 411.772918701, 648.703735352, 1498.09106445, 713.769042969, 560.874938965, 524.68157959, 382.015472412, 517.481628418, 523.162963867, 139.031112671, 133.862716675, 245.465652466, 362.263153076, 884.229309082, 675.52154541, 229.496734619, 153.945922852, 116.478431702, 20.5187301636, 1.37775373459, 0.208735927939, 0.031176712364, 0.00146192975808, 3.57631620318e-06],
        "dvar2": [0.626405596733, 161.171798706, 689.919067383, 526.115905762, 2162.16040039, 727.034057617, 755.74407959, 1156.28356934, 6676.34521484, 4541.86132812, 6745.26757812, 10464.4492188, 2805.15991211, 3291.78344727, 1336.83654785, 3454.56347656, 976.245483398, 1434.56982422, 3156.53491211, 1440.4486084, 1283.88720703, 1210.18664551, 869.80078125, 1258.43725586, 1281.38452148, 303.186340332, 319.283172607, 579.422119141, 925.742248535, 2341.78149414, 1728.69042969, 568.779052734, 379.468444824, 313.056213379, 55.1998291016, 3.3211710453, 0.496371328831, 0.0681597292423, 0.00326542928815, 8.54186964716e-06],
        "max": [5.89685964584, 68.2487945557, 153.590621948, 123.295715332, 433.324584961, 200.610900879, 304.87878418, 769.24810791, 2042.74377441, 1412.65405273, 1259.88122559, 2559.94262695, 1312.07836914, 2181.72119141, 696.535949707, 673.446350098, 527.95526123, 748.965454102, 960.958251953, 625.352233887, 462.045257568, 566.019592285, 314.387207031, 504.606903076, 799.015380859, 232.744384766, 277.732879639, 236.511825562, 193.734146118, 256.787536621, 228.239837646, 185.447311401, 241.205856323, 136.672988892, 52.0893554688, 16.0272293091, 8.22178840637, 5.5436372757, 1.31433153152, 0.0415964238346],
        "mean": [0.775478899479, 7.25939226151, 11.693936348, 5.9811205864, 13.1774492264, 14.0835180283, 20.9445896149, 25.0244159698, 17.1159515381, 17.9056339264, 26.2998523712, 25.6736907959, 14.56681633, 18.9506244659, 15.0171756744, 28.0473308563, 15.3548412323, 14.4706487656, 15.7398958206, 17.4134120941, 16.8983516693, 17.9226570129, 13.5264339447, 13.302816391, 17.6432647705, 11.6573133469, 10.6967163086, 13.2349786758, 17.4666404724, 21.5177116394, 21.3137531281, 13.3827829361, 8.87490272522, 5.67472696304, 2.53917193413, 0.928247213364, 0.344773322344, 0.103562690318, 0.0185014326125, 0.000959773955401],
        "median": [0.107444033027, 2.29400157928, 2.76874518394, 1.68274617195, 1.93122458458, 6.65130805969, 10.6518745422, 11.5966520309, 5.21575117111, 6.86078357697, 6.15933704376, 5.69100904465, 4.67147827148, 3.73492527008, 5.81586790085, 6.19114875793, 6.50908708572, 4.09420871735, 4.94797277451, 5.09130764008, 6.26586580276, 7.32788848877, 5.28385353088, 5.28587245941, 9.6769657135, 6.67009449005, 5.90623807907, 5.35944080353, 7.47896671295, 9.68315505981, 9.62756252289, 7.34711647034, 4.11667919159, 2.05782604218, 1.01721692085, 0.409379124641, 0.127053126693, 0.0272576063871, 0.00381761905737, 0.000267037248705],
        "min": [2.89825075831e-13, 6.77623430458e-13, 6.49104251252e-13, 9.89701376408e-13, 8.15268967787e-13, 3.33378897405e-12, 7.85682369858e-12, 1.90443338183e-11, 6.85254353261e-11, 7.01124436286e-11, 6.18794737672e-11, 1.13209816521e-10, 1.81337250771e-10, 1.07489697698e-10, 1.26556237712e-10, 1.17990395232e-10, 2.03758579453e-10, 7.82443485003e-11, 2.39730263418e-10, 3.11876052761e-10, 1.80442910613e-10, 4.59752347304e-10, 4.27160806726e-10, 6.80501155426e-10, 6.31176666488e-10, 5.57916990385e-10, 5.28108001774e-10, 1.09416053995e-09, 3.09510572727e-09, 6.69161348554e-09, 3.34785488221e-09, 3.90912635595e-09, 4.33163016567e-09, 1.11180953333e-09, 9.56087764514e-10, 3.08513575797e-10, 1.20691581729e-10, 5.30559866874e-11, 1.19886227681e-11, 1.43856595473e-12],
        "var": [1.38294529915, 94.27293396, 358.638214111, 146.160140991, 750.535461426, 370.020324707, 696.380737305, 1160.08959961, 2952.7121582, 1914.94567871, 4104.25585938, 5766.3359375, 1380.47839355, 2419.80419922, 862.561767578, 2987.77709961, 649.51965332, 931.59576416, 2101.22802734, 1172.76489258, 859.823425293, 1001.79852295, 618.834533691, 682.227844238, 872.063720703, 270.569061279, 226.372497559, 353.853179932, 519.83190918, 975.387756348, 878.524230957, 299.19039917, 186.605377197, 96.6726379395, 17.4738063812, 1.75226533413, 0.374782979488, 0.0914446562529, 0.00407970929518, 6.82337031321e-06]
    },
    "gfcc": {
        "mean": [15.8551311493, 40.0803070068, -76.8630599976, 30.944606781, -68.569984436, 12.2638607025, -41.3047981262, 2.47854948044, -20.2856960297, 0.731342554092, -9.53715991974, 4.86273527145, -9.7290096283],
        "cov": [[8661.44824219, 203.587203979, -187.781616211, 486.790405273, 1063.27429199, 466.880249023, 241.501983643, 309.481445312, -101.427780151, 24.3137760162, -152.813018799, -62.2477684021, -181.572616577], [203.587203979, 2969.76342773, 331.643035889, 350.407226562, 833.992980957, 379.667999268, 394.835601807, 268.141845703, 259.137786865, 108.833229065, 258.622741699, -94.4441757202, 36.4354782104], [-187.781616211, 331.643035889, 2214.71069336, 873.532226562, 504.697357178, 487.548339844, 490.578125, 134.571853638, 214.486709595, 225.1378479, 79.2656707764, 133.216094971, -83.0148239136], [486.790405273, 350.407226562, 873.532226562, 1091.73718262, 594.092895508, 445.338317871, 320.888519287, 188.937957764, 193.198745728, 164.968917847, 118.285797119, 61.104763031, -2.45504164696], [1063.27429199, 833.992980957, 504.697357178, 594.092895508, 1022.55194092, 494.205108643, 367.07824707, 272.394348145, 174.792648315, 117.899147034, 79.4619445801, -2.20509982109, -27.8706226349], [466.880249023, 379.667999268, 487.548339844, 445.338317871, 494.205108643, 629.546081543, 431.490112305, 218.744262695, 162.374069214, 137.422332764, 60.9677886963, 67.1500549316, -23.7495822906], [241.501983643, 394.835601807, 490.578125, 320.888519287, 367.07824707, 431.490112305, 528.329956055, 215.854324341, 149.79850769, 147.597335815, 80.9172592163, 74.1153182983, -4.04181861877], [309.481445312, 268.141845703, 134.571853638, 188.937957764, 272.394348145, 218.744262695, 215.854324341, 263.567626953, 142.20072937, 77.0734786987, 27.8297100067, 20.4487266541, 2.94248151779], [-101.427780151, 259.137786865, 214.486709595, 193.198745728, 174.792648315, 162.374069214, 149.79850769, 142.20072937, 246.89263916, 118.902275085, 55.5002555847, 49.0452613831, 11.8871889114], [24.3137760162, 108.833229065, 225.1378479, 164.968917847, 117.899147034, 137.422332764, 147.597335815, 77.0734786987, 118.902275085, 205.603973389, 113.649452209, 83.1971435547, 26.9986362457], [-152.813018799, 258.622741699, 79.2656707764, 118.285797119, 79.4619445801, 60.9677886963, 80.9172592163, 27.8297100067, 55.5002555847, 113.649452209, 208.661209106, 71.0663833618, 27.0268421173], [-62.2477684021, -94.4441757202, 133.216094971, 61.104763031, -2.20509982109, 67.1500549316, 74.1153182983, 20.4487266541, 49.0452613831, 83.1971435547, 71.0663833618, 160.346130371, 54.5813713074], [-181.572616577, 36.4354782104, -83.0148239136, -2.45504164696, -27.8706226349, -23.7495822906, -4.04181861877, 2.94248151779, 11.8871889114, 26.9986362457, 27.0268421173, 54.5813713074, 105.171058655]],
        "icov": [[0.00016400864115, -9.47406715568e-06, 9.7960641142e-05, -7.54715147195e-05, -0.000188981663086, 2.48642245424e-05, 2.35907755268e-05, -0.000139781681355, 0.00030712375883, -0.000222244518227, 0.000280932697933, -0.00023868495191, 0.000396365619963], [-9.47406715568e-06, 0.000634459138382, -0.000106913714262, 0.000253242207691, -0.000433681387221, -2.06885033549e-05, -0.000226295785978, 6.64592080284e-05, -0.000562932458706, 0.000559554551728, -0.0010681329295, 0.00109508319292, -0.000818644184619], [9.7960641142e-05, -0.000106913714262, 0.000949361885432, -0.000679270830005, -9.2323491117e-05, 0.000233081911574, -0.000593512086198, 0.000487625395181, 8.02697832114e-05, -0.000587298767641, 0.000819285342004, -0.000993629451841, 0.00137820921373], [-7.54715147195e-05, 0.000253242207691, -0.000679270830005, 0.00209148530848, -0.000649332301691, -0.000748592079617, 0.000415242888266, -5.80217965762e-05, -0.000633630261291, 0.000310863164486, -0.00115585268941, 0.000976417039055, -0.00124681007583], [-0.000188981663086, -0.000433681387221, -9.2323491117e-05, -0.000649332301691, 0.00258986302651, -0.000973014743067, 0.000165907360497, -0.000931010581553, 0.000103060083347, 5.83159562666e-05, -4.88773621328e-05, 0.000443527125753, -9.27321798372e-06], [2.48642245424e-05, -2.06885033549e-05, 0.000233081911574, -0.000748592079617, -0.000973014743067, 0.00492880260572, -0.00282826181501, -0.000178200280061, -0.000158012320753, -0.000362402613973, 0.000933705479838, -0.00136203831062, 0.0015458711423], [2.35907755268e-05, -0.000226295785978, -0.000593512086198, 0.000415242888266, 0.000165907360497, -0.00282826181501, 0.00566323567182, -0.00226715602912, 0.000709443294909, -0.00103917799424, -0.000301183725242, -0.000416491529904, -0.000173162290594], [-0.000139781681355, 6.64592080284e-05, 0.000487625395181, -5.80217965762e-05, -0.000931010581553, -0.000178200280061, -0.00226715602912, 0.00837380439043, -0.00347644463181, 0.000200217342353, 0.000529892568011, 0.0005646974314, -0.000576881691813], [0.00030712375883, -0.000562932458706, 8.02697832114e-05, -0.000633630261291, 0.000103060083347, -0.000158012320753, 0.000709443294909, -0.00347644463181, 0.00853557139635, -0.00383043289185, 0.00165735709015, -0.00167210772634, 0.00135042599868], [-0.000222244518227, 0.000559554551728, -0.000587298767641, 0.000310863164486, 5.83159562666e-05, -0.000362402613973, -0.00103917799424, 0.000200217342353, -0.00383043289185, 0.0113864438608, -0.00507291359827, -0.0005756795872, -0.00203347345814], [0.000280932697933, -0.0010681329295, 0.000819285342004, -0.00115585268941, -4.88773621328e-05, 0.000933705479838, -0.000301183725242, 0.000529892568011, 0.00165735709015, -0.00507291359827, 0.00988408178091, -0.00414300384, 0.00237132585607], [-0.00023868495191, 0.00109508319292, -0.000993629451841, 0.000976417039055, 0.000443527125753, -0.00136203831062, -0.000416491529904, 0.0005646974314, -0.00167210772634, -0.0005756795872, -0.00414300384, 0.0130112553015, -0.00712590944022], [0.000396365619963, -0.000818644184619, 0.00137820921373, -0.00124681007583, -9.27321798372e-06, 0.0015458711423, -0.000173162290594, -0.000576881691813, 0.00135042599868, -0.00203347345814, 0.00237132585607, -0.00712590944022, 0.0153492921963]]
    },
    "melbands": {
        "dmean": [0.00386710325256, 0.00440065190196, 0.00123826786876, 0.00079123134492, 0.00040984080988, 0.000293855468044, 0.000191351151443, 0.000153671397129, 0.00016099079221, 0.000130836953758, 6.79722725181e-05, 6.46118278382e-05, 4.02870173275e-05, 4.56775087514e-05, 3.26863810187e-05, 2.45658975473e-05, 2.20013625949e-05, 1.95804714167e-05, 2.16467269638e-05, 1.50172336362e-05, 1.60018807946e-05, 1.3607244e-05, 9.88048759609e-06, 7.78637604526e-06, 8.54697100294e-06, 8.56113820191e-06, 6.7375422077e-06, 4.99355837746e-06, 4.72407282359e-06, 4.97810469824e-06, 6.34062780591e-06, 8.71059091878e-06, 6.02528280069e-06, 1.43285069498e-05, 1.21347438835e-05, 6.97358882462e-06, 5.93712957198e-06, 4.90479669679e-06, 5.05419211549e-06, 5.45022976439e-06],
        "dmean2": [0.00548317236826, 0.00682313647121, 0.00212513515726, 0.00134543329477, 0.000666994019412, 0.000491690181661, 0.000309730356093, 0.000253460195381, 0.000259295600699, 0.00019759190036, 0.000117122566735, 0.000107070300146, 6.5327352786e-05, 7.30959291104e-05, 5.24057395523e-05, 3.99594937335e-05, 3.56426971848e-05, 3.10248105961e-05, 3.2707441278e-05, 2.38216471189e-05, 2.54842834693e-05, 2.18612804019e-05, 1.59133178386e-05, 1.21407801998e-05, 1.36941471283e-05, 1.38448767757e-05, 1.07468504211e-05, 7.65171625972e-06, 7.49736000216e-06, 8.08641016192e-06, 9.45969350141e-06, 1.43479419421e-05, 9.33634601097e-06, 2.33816354012e-05, 1.90598620975e-05, 1.06126572064e-05, 9.2363306976e-06, 7.25780409994e-06, 8.30265253171e-06, 9.48821343627e-06],
        "dvar": [4.47220627393e-05, 8.35702812765e-05, 7.80559912528e-06, 2.80199583358e-06, 3.15014204944e-07, 2.01679014822e-07, 5.73110639834e-07, 1.72965471279e-07, 1.93152430938e-07, 1.90249139109e-07, 3.15334922618e-08, 2.5523409164e-08, 8.3026323594e-09, 7.44847294953e-09, 3.97333010937e-09, 2.3849811015e-09, 2.99429836481e-09, 3.26228466463e-09, 4.83513495908e-09, 8.04408206712e-10, 9.86223880339e-10, 6.91423251986e-10, 4.88095008855e-10, 2.62445509769e-10, 4.18777235112e-10, 3.57783858096e-10, 1.2320146292e-10, 8.1620092629e-11, 7.24344334513e-11, 6.12984524251e-11, 1.01517932949e-10, 1.57307666893e-10, 7.31625524053e-11, 4.95783802901e-10, 3.29736543625e-10, 8.89327292364e-11, 9.12124126229e-11, 7.28628685165e-11, 7.81201353606e-11, 1.06179245951e-10],
        "dvar2": [8.87605783646e-05, 0.000219845751417, 2.10650941881e-05, 7.59949580242e-06, 7.81620542512e-07, 5.41336589777e-07, 1.43041017964e-06, 4.34781554759e-07, 4.59915128204e-07, 4.31546595792e-07, 7.53529505459e-08, 5.98747362801e-08, 1.94611953219e-08, 1.72899792261e-08, 9.07394959171e-09, 5.27661425664e-09, 6.6216281347e-09, 7.36405070256e-09, 9.13421160931e-09, 1.81687198619e-09, 2.31186292332e-09, 1.61492308415e-09, 1.14351039748e-09, 5.8520965851e-10, 1.03777053617e-09, 8.82855788475e-10, 2.95600321998e-10, 1.69456379484e-10, 1.75352732334e-10, 1.43436235112e-10, 2.42839914844e-10, 4.06636835315e-10, 1.8054230333e-10, 1.32302147016e-09, 8.56080373257e-10, 2.17472470587e-10, 2.1908250214e-10, 1.6325918395e-10, 2.10331613237e-10, 2.87418366884e-10],
        "max": [0.0570636503398, 0.0841522663832, 0.0220368653536, 0.024118643254, 0.00850900262594, 0.0167769659311, 0.0288265421987, 0.0124658774585, 0.0103341629729, 0.0167555492371, 0.00659952592105, 0.00818045251071, 0.00299437600188, 0.00145364098717, 0.00160714332014, 0.00116199115291, 0.00179502426181, 0.00178029155359, 0.00190075789578, 0.000701480428688, 0.000704157864675, 0.000690234592184, 0.000408029009122, 0.000315566896461, 0.000450153427664, 0.000622378778644, 0.000227732991334, 0.000186941833817, 0.000234445455135, 0.000195408909349, 0.000149346611579, 0.000119905002066, 9.6990406746e-05, 0.000212076090975, 0.000170480532688, 0.000107391089841, 0.000149761603097, 0.000184118092875, 0.000126429891679, 0.000130005850224],
        "mean": [0.00795262400061, 0.00760442670435, 0.00129882979672, 0.00104101083707, 0.000703868980054, 0.000531194615178, 0.000251091667451, 0.000196144887013, 0.000218939632759, 0.000150481253513, 6.95923517924e-05, 7.8920609667e-05, 4.56929992652e-05, 6.72926034895e-05, 4.79453883599e-05, 3.26055596815e-05, 2.5744229788e-05, 2.29003071581e-05, 2.74161393463e-05, 1.97856061277e-05, 2.10756516026e-05, 2.03171621251e-05, 1.39463518281e-05, 1.08536805783e-05, 1.03810871224e-05, 1.28934652821e-05, 1.01914802144e-05, 7.59001659389e-06, 6.82467089064e-06, 6.52045218885e-06, 7.93410799815e-06, 1.11268464025e-05, 7.28412851458e-06, 1.49458810483e-05, 1.36980797834e-05, 9.28121062316e-06, 7.55614746595e-06, 6.28885118203e-06, 5.24739743923e-06, 4.79847676615e-06],
        "median": [0.00239936425351, 0.004161067307, 0.000397014606278, 0.000286904978566, 0.00037935731234, 0.000255133636529, 7.55766450311e-05, 7.08356237737e-05, 4.65552111564e-05, 3.17314043059e-05, 2.06724980671e-05, 1.33651938086e-05, 1.06953430077e-05, 1.82837502507e-05, 1.43779980135e-05, 1.08998301585e-05, 5.94892844674e-06, 6.33113177173e-06, 7.32282023819e-06, 5.39033499081e-06, 6.94466871209e-06, 7.87487533671e-06, 4.42506552645e-06, 4.26773340223e-06, 3.68159089703e-06, 6.3773745751e-06, 6.0097804635e-06, 3.87707677874e-06, 3.40698443324e-06, 3.20050548908e-06, 2.675066753e-06, 4.30063573731e-06, 3.59243495041e-06, 6.15676026428e-06, 5.74922887608e-06, 4.81465440316e-06, 4.05197033615e-06, 2.79853793472e-06, 2.16793114305e-06, 1.48758329033e-06],
        "min": [2.49810535518e-15, 5.24472795363e-16, 1.44886070889e-16, 1.48073852916e-16, 2.55111447697e-16, 5.02544065271e-16, 1.00652660424e-15, 6.33901087698e-16, 6.38590050336e-16, 7.35194475608e-16, 9.08774025813e-16, 4.08968841577e-16, 4.57825807853e-16, 3.16490154972e-16, 3.24474737519e-16, 4.03380435828e-16, 1.04368944689e-16, 3.01917376631e-16, 5.30042566387e-16, 3.71643302435e-16, 1.62522937977e-16, 5.08215586127e-16, 3.67530110443e-16, 4.5987028069e-16, 5.35207932118e-16, 6.11776216539e-16, 2.87522316391e-16, 3.74420617589e-16, 2.58432902111e-16, 5.18589569209e-16, 6.23910704662e-16, 1.40596923684e-15, 3.45555222349e-15, 3.41428858994e-15, 1.68176295271e-15, 1.54313245836e-15, 3.0963846311e-15, 3.39464928403e-15, 1.95037234688e-15, 6.03822735983e-16],
        "var": [0.000113409150799, 0.000108593631012, 6.29145051789e-06, 3.14010003422e-06, 7.09824689693e-07, 5.05175592025e-07, 6.17512455392e-07, 1.92510157149e-07, 3.09020236955e-07, 2.13934740145e-07, 3.47582833626e-08, 4.13580352188e-08, 1.17727534388e-08, 1.51893839728e-08, 7.47746575769e-09, 3.78987596861e-09, 3.98772748156e-09, 4.33989910675e-09, 6.89166324008e-09, 1.33541755432e-09, 1.43313494405e-09, 1.31056088204e-09, 7.90505050308e-10, 4.03030331331e-10, 5.06520936305e-10, 5.59402746347e-10, 2.13999359899e-10, 1.62556801353e-10, 1.20502080536e-10, 9.09179051489e-11, 1.40189623798e-10, 2.22356494328e-10, 9.38057756472e-11, 5.22826615335e-10, 3.97988808576e-10, 1.31902766487e-10, 1.16957610263e-10, 1.0318387117e-10, 7.02531852137e-11, 8.17894918459e-11]
    },
    "mfcc": {
        "mean": [-640.622741699, 78.9932785034, 37.3078269958, 17.5355587006, 3.30076813698, 4.0925822258, -6.87542057037, 2.11306166649, -9.166223526, -0.468337148428, -3.3445892334, 0.102316148579, 1.91626417637],
        "cov": [[8492.68261719, 139.215881348, -1030.38671875, 232.709152222, 589.297485352, 265.313812256, 455.249694824, 257.862091064, 265.647888184, 136.49508667, 49.1735877991, 55.7509498596, 62.7728004456], [139.215881348, 2413.63305664, 41.6857337952, 230.264907837, 456.827606201, 237.839706421, 383.892272949, 222.424972534, 210.774765015, 208.576766968, 185.501983643, 222.913864136, 130.419555664], [-1030.38671875, 41.6857337952, 1681.7409668, 606.815063477, 212.100219727, 506.721557617, 257.614105225, 234.857910156, 160.830551147, 122.502441406, 200.861587524, 165.9503479, 150.325012207], [232.709152222, 230.264907837, 606.815063477, 780.371704102, 491.432830811, 380.859436035, 291.468139648, 200.214126587, 187.480957031, 156.911178589, 121.892539978, 175.841720581, 157.943527222], [589.297485352, 456.827606201, 212.100219727, 491.432830811, 712.224914551, 357.335571289, 292.33102417, 238.847183228, 198.443725586, 179.853103638, 129.41569519, 120.660057068, 107.178237915], [265.313812256, 237.839706421, 506.721557617, 380.859436035, 357.335571289, 613.559326172, 391.444580078, 295.304626465, 254.331970215, 167.06401062, 194.83581543, 212.759506226, 144.063339233], [455.249694824, 383.892272949, 257.614105225, 291.468139648, 292.33102417, 391.444580078, 505.704711914, 261.476135254, 208.65675354, 138.040817261, 146.78163147, 190.30632019, 120.163696289], [257.862091064, 222.424972534, 234.857910156, 200.214126587, 238.847183228, 295.304626465, 261.476135254, 347.097595215, 232.685501099, 158.393035889, 129.18057251, 112.815513611, 97.7579421997], [265.647888184, 210.774765015, 160.830551147, 187.480957031, 198.443725586, 254.331970215, 208.65675354, 232.685501099, 318.80078125, 152.55418396, 113.256538391, 92.3831863403, 83.8677749634], [136.49508667, 208.576766968, 122.502441406, 156.911178589, 179.853103638, 167.06401062, 138.040817261, 158.393035889, 152.55418396, 214.03326416, 125.739860535, 88.3301467896, 64.7359542847], [49.1735877991, 185.501983643, 200.861587524, 121.892539978, 129.41569519, 194.83581543, 146.78163147, 129.18057251, 113.256538391, 125.739860535, 177.06036377, 122.869422913, 66.7479553223], [55.7509498596, 222.913864136, 165.9503479, 175.841720581, 120.660057068, 212.759506226, 190.30632019, 112.815513611, 92.3831863403, 88.3301467896, 122.869422913, 238.853469849, 144.677459717], [62.7728004456, 130.419555664, 150.325012207, 157.943527222, 107.178237915, 144.063339233, 120.163696289, 97.7579421997, 83.8677749634, 64.7359542847, 66.7479553223, 144.677459717, 168.065719604]],
