{
"lowlevel": {
    "average_loudness": 0.886103630066,
    "barkbands_crest": {
        "dmean": 3.05283355713,
        "dmean2": 4.92353868484,
        "dvar": 7.41530752182,
        "dvar2": 17.9173316956,
        "max": 26.7002944946,
        "mean": 13.8707609177,
        "median": 13.2711772919,
        "min": 2.36918497086,
        "var": 25.6763420105
    },
    "barkbands_flatness_db": {
        "dmean": 0.0369198434055,
        "dmean2": 0.0545928925276,
        "dvar": 0.00153621588834,
        "dvar2": 0.00299150473438,
        "max": 0.745038747787,
        "mean": 0.287204772234,
        "median": 0.279248714447,
        "min": 0.0196663830429,
        "var": 0.013343308121
    },
    "barkbands_kurtosis": {
        "dmean": 8.55553436279,
        "dmean2": 13.8353567123,
        "dvar": 879.707824707,
        "dvar2": 2429.16210938,
        "max": 1382.3034668,
        "mean": 11.8264732361,
        "median": 4.23353052139,
        "min": -1.8584176302,
        "var": 991.921813965
    },
    "barkbands_skewness": {
        "dmean": 0.845381081104,
        "dmean2": 1.29259181023,
        "dvar": 1.12314987183,
        "dvar2": 2.67078542709,
        "max": 25.7774047852,
        "mean": 1.73567736149,
        "median": 1.38297259808,
        "min": -3.38747835159,
        "var": 3.80936145782
    },
    "barkbands_spread": {
        "dmean": 2.68788862228,
        "dmean2": 4.19726085663,
        "dvar": 21.7467670441,
        "dvar2": 51.2221183777,
        "max": 79.4936676025,
        "mean": 8.0953836441,
        "median": 4.81184482574,
        "min": 0.0460749827325,
        "var": 73.5751876831
    },
    "dissonance": {
        "dmean": 0.041481949389,
        "dmean2": 0.0694729164243,
        "dvar": 0.00166409276426,
        "dvar2": 0.0044240267016,
        "max": 0.5,
        "mean": 0.408841907978,
        "median": 0.420530200005,
        "min": 0.0352773815393,
        "var": 0.00422634510323
    },
    "dynamic_complexity": 3.9683098793,
    "erbbands_crest": {
        "dmean": 3.46484589577,
        "dmean2": 5.58955049515,
        "dvar": 10.2753553391,
        "dvar2": 25.0345726013,
        "max": 32.1896209717,
        "mean": 13.3000926971,
        "median": 11.9623146057,
        "min": 2.81806635857,
        "var": 33.5549201965
    },
    "erbbands_flatness_db": {
        "dmean": 0.0287097021937,
        "dmean2": 0.0419316515326,
        "dvar": 0.00101771345362,
        "dvar2": 0.0020361810457,
        "max": 0.541053235531,
        "mean": 0.259192734957,
        "median": 0.258381336927,
        "min": 0.0504682473838,
        "var": 0.00633451482281
    },
    "erbbands_kurtosis": {
        "dmean": 2.98307394981,
        "dmean2": 4.72867679596,
        "dvar": 30.6182003021,
        "dvar2": 73.1214599609,
        "max": 132.00793457,
        "mean": 4.11681652069,
        "median": 2.2487077713,
        "min": -1.76818454266,
        "var": 47.1049957275
    },
    "erbbands_skewness": {
        "dmean": 0.590506732464,
        "dmean2": 0.896710455418,
        "dvar": 0.417453736067,
        "dvar2": 0.920223236084,
        "max": 9.3503446579,
        "mean": 0.831076741219,
        "median": 0.778648018837,
        "min": -5.67995452881,
        "var": 1.59900271893
    },
    "erbbands_spread": {
        "dmean": 5.44736289978,
        "dmean2": 8.49765491486,
        "dvar": 64.4730148315,
        "dvar2": 160.488052368,
        "max": 108.544647217,
        "mean": 18.033706665,
        "median": 13.1528224945,
        "min": 0.758951485157,
        "var": 199.122665405
    },
    "hfc": {
        "dmean": 5.04150485992,
        "dmean2": 7.36311626434,
        "dvar": 62.3531799316,
        "dvar2": 130.650878906,
        "max": 206.837615967,
        "mean": 12.5906333923,
        "median": 8.27076053619,
        "min": 1.16860741749e-16,
        "var": 184.783737183
    },
    "melbands_crest": {
        "dmean": 4.15678548813,
        "dmean2": 6.62003993988,
        "dvar": 13.936378479,
        "dvar2": 31.7855243683,
        "max": 38.2849731445,
        "mean": 19.0686149597,
        "median": 17.725856781,
        "min": 2.31397390366,
        "var": 63.7382698059
    },
    "melbands_flatness_db": {
        "dmean": 0.0409771241248,
        "dmean2": 0.0600451081991,
        "dvar": 0.00204666820355,
        "dvar2": 0.0039128921926,
        "max": 0.941104054451,
        "mean": 0.380891591311,
        "median": 0.376617729664,
        "min": 0.00467869313434,
        "var": 0.0215702950954
    },
    "melbands_kurtosis": {
        "dmean": 11.978518486,
        "dmean2": 18.8868522644,
        "dvar": 891.405639648,
        "dvar2": 2110.07324219,
        "max": 836.264404297,
        "mean": 18.7700080872,
        "median": 6.59597301483,
        "min": -1.91499638557,
        "var": 1747.06030273
    },
    "melbands_skewness": {
        "dmean": 0.939038991928,
        "dmean2": 1.42240762711,
        "dvar": 1.41001999378,
        "dvar2": 3.07689237595,
        "max": 23.5206012726,
        "mean": 2.33656358719,
        "median": 1.83087992668,
        "min": -2.91406559944,
        "var": 5.70723104477
    },
    "melbands_spread": {
        "dmean": 3.75201773643,
        "dmean2": 5.86142635345,
        "dvar": 49.5376319885,
        "dvar2": 118.187652588,
        "max": 138.865890503,
        "mean": 10.68364048,
        "median": 5.65937709808,
        "min": 0.0813070088625,
        "var": 150.305130005
    },
    "pitch_salience": {
        "dmean": 0.0887816771865,
        "dmean2": 0.140479922295,
        "dvar": 0.00692922482267,
        "dvar2": 0.0162271540612,
        "max": 0.917742908001,
        "mean": 0.480858206749,
        "median": 0.490621238947,
        "min": 0.0248018894345,
        "var": 0.0276218932122
    },
    "silence_rate_20dB": {
        "dmean": 0,
        "dmean2": 0,
        "dvar": 0,
        "dvar2": 0,
        "max": 1,
        "mean": 1,
        "median": 1,
        "min": 1,
        "var": 0
    },
    "silence_rate_30dB": {
        "dmean": 0.0756903141737,
        "dmean2": 0.151392027736,
        "dvar": 0.0699661299586,
        "dvar2": 0.147297337651,
        "max": 1,
        "mean": 0.829671978951,
        "median": 1,
        "min": 0,
        "var": 0.141324356198
    },
    "silence_rate_60dB": {
        "dmean": 0.0282898209989,
        "dmean2": 0.0565086528659,
        "dvar": 0.0274856500328,
        "dvar2": 0.0597874484956,
        "max": 1,
        "mean": 0.0899037048221,
        "median": 0,
        "min": 0,
        "var": 0.0818104296923
    },
    "spectral_centroid": {
        "dmean": 130.908859253,
        "dmean2": 199.138076782,
        "dvar": 63176.6914062,
        "dvar2": 132683.59375,
        "max": 11292.4902344,
        "mean": 660.48059082,
        "median": 443.563964844,
        "min": 63.5918273926,
        "var": 244951.046875
    },
    "spectral_complexity": {
        "dmean": 2.1671807766,
        "dmean2": 3.32054185867,
        "dvar": 11.8142595291,
        "dvar2": 24.3281478882,
        "max": 55,
        "mean": 9.58674430847,
        "median": 8,
        "min": 0,
        "var": 37.013923645
    },
    "spectral_decrease": {
        "dmean": 5.02139485548e-09,
        "dmean2": 7.41834993434e-09,
        "dvar": 5.9058088463e-17,
        "dvar2": 1.25823409122e-16,
        "max": 6.78744101762e-22,
        "mean": -1.21409566844e-08,
        "median": -5.99630967102e-09,
        "min": -7.92962993046e-08,
        "var": 2.04328910833e-16
    },
    "spectral_energy": {
        "dmean": 0.0193339530379,
        "dmean2": 0.0285608395934,
        "dvar": 0.000856126891449,
        "dvar2": 0.00182245112956,
        "max": 0.301684051752,
        "mean": 0.0469647794962,
        "median": 0.0236579328775,
        "min": 1.04008591623e-20,
        "var": 0.00296522420831
    },
    "spectral_energyband_high": {
        "dmean": 8.32353471196e-05,
        "dmean2": 0.000133171124617,
        "dvar": 9.52210399419e-08,
        "dvar2": 2.41495001774e-07,
        "max": 0.00521888257936,
        "mean": 0.000109428576252,
        "median": 7.85684369475e-06,
        "min": 7.4435430696e-21,
        "var": 1.02677056191e-07
    },
    "spectral_energyband_low": {
        "dmean": 0.0141100483015,
        "dmean2": 0.020395508036,
        "dvar": 0.000749278755393,
        "dvar2": 0.00160938943736,
        "max": 0.280846446753,
        "mean": 0.0285073202103,
        "median": 0.00364012923092,
        "min": 6.45451924886e-23,
        "var": 0.00231930240989
    },
    "spectral_energyband_middle_high": {
        "dmean": 0.00172843481414,
        "dmean2": 0.00244586844929,
        "dvar": 1.94681779249e-05,
        "dvar2": 3.57068565791e-05,
        "max": 0.0841483175755,
        "mean": 0.00388831039891,
        "median": 0.000504937313963,
        "min": 1.40458711232e-21,
        "var": 7.07318540663e-05
    },
    "spectral_energyband_middle_low": {
        "dmean": 0.0101569369435,
        "dmean2": 0.016476392746,
        "dvar": 0.000463845353806,
        "dvar2": 0.00114767404739,
        "max": 0.213284105062,
        "mean": 0.01599278301,
        "median": 0.008540276438,
        "min": 3.40882776312e-22,
        "var": 0.000522298389114
    },
    "spectral_entropy": {
        "dmean": 0.283082693815,
        "dmean2": 0.429795235395,
        "dvar": 0.115366995335,
        "dvar2": 0.245344504714,
        "max": 9.81722354889,
        "mean": 6.34678888321,
        "median": 6.26360321045,
        "min": 3.67609286308,
        "var": 0.725023031235
    },
    "spectral_flux": {
        "dmean": 0.041471876204,
        "dmean2": 0.0633881688118,
        "dvar": 0.00244202418253,
        "dvar2": 0.00500702904537,
        "max": 0.450461357832,
        "mean": 0.0983014777303,
        "median": 0.0709199607372,
        "min": 1.01984601319e-10,
        "var": 0.00676049990579
    },
    "spectral_kurtosis": {
        "dmean": 15.9856033325,
        "dmean2": 25.6816806793,
        "dvar": 1047.28710938,
        "dvar2": 2664.85205078,
        "max": 955.535217285,
        "mean": 37.7790794373,
        "median": 14.7584466934,
        "min": -1.22929894924,
        "var": 3951.67407227
    },
    "spectral_rms": {
        "dmean": 0.00128101510927,
        "dmean2": 0.00184979662299,
        "dvar": 2.47270622822e-06,
        "dvar2": 4.6386185204e-06,
        "max": 0.0171559285372,
        "mean": 0.00573508953676,
        "median": 0.00480425916612,
        "min": 3.18546382848e-12,
        "var": 1.29279133034e-05
    },
    "spectral_rolloff": {
        "dmean": 181.039840698,
        "dmean2": 306.338531494,
        "dvar": 241140.859375,
        "dvar2": 554566.625,
        "max": 19939.7460938,
        "mean": 693.620239258,
        "median": 409.130859375,
        "min": 43.06640625,
        "var": 554836.4375
    },
    "spectral_skewness": {
        "dmean": 0.873508393764,
        "dmean2": 1.3838288784,
        "dvar": 1.28694212437,
        "dvar2": 3.03542900085,
        "max": 24.5644645691,
        "mean": 3.96122002602,
        "median": 3.04154205322,
        "min": -0.0323914922774,
        "var": 7.79179334641
    },
    "spectral_spread": {
        "dmean": 561323.75,
        "dmean2": 872942.75,
        "dvar": 675192111104,
        "dvar2": 1.37527702323e+12,
        "max": 41427464,
        "mean": 2646604.25,
        "median": 2520061,
        "min": 109438.179688,
        "var": 2.1052367831e+12
    },
    "spectral_strongpeak": {
        "dmean": 0.519614040852,
        "dmean2": 0.831545591354,
        "dvar": 0.844268679619,
        "dvar2": 1.82246315479,
        "max": 22.5039310455,
        "mean": 1.12006771564,
        "median": 0.553400754929,
        "min": 0,
        "var": 2.75535678864
    },
    "zerocrossingrate": {
        "dmean": 0.00464838882908,
        "dmean2": 0.00538747990504,
        "dvar": 6.4647050749e-05,
        "dvar2": 6.87553110765e-05,
        "max": 0.5048828125,
        "mean": 0.0256954152137,
        "median": 0.017578125,
        "min": 0.0009765625,
        "var": 0.000490870326757
    },
    "barkbands": {
        "dmean": [0.00186388730071, 0.0110753793269, 0.00378816737793, 0.00426828907803, 0.00492221768945, 0.00161659426522, 0.000728847051505, 0.000291572854621, 0.000920606136788, 0.000632783514448, 0.000232385893469, 0.000268562784186, 0.000374701339751, 0.000481589842821, 0.000159348681336, 9.50206012931e-05, 7.14813213563e-05, 4.62273019366e-05, 2.6927471481e-05, 3.9069684135e-05, 2.22853814194e-05, 1.80062361324e-05, 1.16953169709e-05, 1.45592248373e-05, 9.01860039448e-06, 3.03137858282e-06, 1.19776814245e-06],
        "dmean2": [0.0023848908022, 0.0162976235151, 0.00620017945766, 0.00733356922865, 0.00870619341731, 0.00261655892245, 0.00116876722313, 0.000433198205428, 0.00134076317772, 0.00091202306794, 0.000331925228238, 0.000401776051149, 0.000573377183173, 0.000725911173504, 0.000254225597018, 0.000155616668053, 0.000111081026262, 7.52210908104e-05, 4.40016810899e-05, 6.04494343861e-05, 3.65411178791e-05, 2.7842939744e-05, 1.85953522305e-05, 2.42603164224e-05, 1.55435882334e-05, 5.02482225784e-06, 2.10274060919e-06],
        "dvar": [2.76386326732e-05, 0.000550584227312, 0.000160307463375, 0.000201745919185, 0.00016393623082, 1.20440881801e-05, 2.67756445282e-06, 1.37519646159e-06, 9.63605725701e-06, 9.75173770712e-06, 1.05808680928e-06, 9.40892846302e-07, 1.87408704733e-06, 3.41425470651e-06, 4.58819442883e-07, 1.55669880542e-07, 5.55986829909e-08, 1.3830904777e-07, 1.41138007947e-08, 1.49092130641e-07, 5.83933212894e-09, 3.71114050601e-09, 2.10557815628e-09, 4.24950741262e-09, 1.83168635814e-09, 1.60746735367e-10, 3.09161099499e-11],
        "dvar2": [4.74538901472e-05, 0.00124425534159, 0.000394641800085, 0.000527186726686, 0.000467000762001, 2.72581455647e-05, 6.81243636791e-06, 2.98931331599e-06, 1.96667278942e-05, 1.68744081748e-05, 1.87174691746e-06, 2.05202422876e-06, 4.37637572759e-06, 7.36499578124e-06, 1.01730870483e-06, 4.19329893475e-07, 1.28182236381e-07, 2.96266819078e-07, 3.72083768241e-08, 3.53890072802e-07, 1.50676182642e-08, 9.04018637726e-09, 5.22471221842e-09, 1.07639461788e-08, 4.9503983135e-09, 4.26931184849e-10, 8.62520402323e-11],
        "max": [0.106281466782, 0.261497944593, 0.133731245995, 0.148633778095, 0.186968937516, 0.0950417369604, 0.035603351891, 0.0367215052247, 0.0738700032234, 0.0758482441306, 0.0441762953997, 0.0306123383343, 0.0371434912086, 0.038718495518, 0.0274219121784, 0.00840533617884, 0.00511332508177, 0.0403310582042, 0.00397790316492, 0.0387196168303, 0.00122591224499, 0.000918523583096, 0.00231121713296, 0.00112330273259, 0.000737329537515, 0.000224592833547, 7.79905894888e-05],
        "mean": [0.00396962789819, 0.0197570882738, 0.00347450305708, 0.00364856282249, 0.00550684891641, 0.002842950169, 0.00142961833626, 0.000467727630166, 0.00171564670745, 0.00108414981514, 0.000433183769928, 0.000415421236539, 0.000607779016718, 0.00093064608518, 0.000196286317077, 0.000133848079713, 0.000123208286823, 5.0742244639e-05, 3.09092574753e-05, 4.95076310472e-05, 2.69093598035e-05, 2.70882574114e-05, 1.53430901264e-05, 1.51999402078e-05, 8.23403388495e-06, 2.7016653803e-06, 9.26931875256e-07],
        "median": [0.000202997369342, 0.00201780418865, 0.000301364518236, 0.000446334976004, 0.00150984781794, 0.00123700592667, 0.000468400889076, 0.000105784754851, 0.000195881730178, 4.16612056142e-05, 2.28621920542e-05, 4.14071400883e-05, 4.77051653434e-05, 1.87285531865e-05, 1.1664313206e-05, 7.18310957382e-06, 5.54307371203e-06, 3.73253828911e-06, 3.36331231665e-06, 1.93033474716e-06, 2.04533125725e-06, 1.30680359689e-06, 7.74561897288e-07, 4.79685127175e-07, 2.59845478467e-07, 1.09898238065e-07, 1.82049806341e-08],
        "min": [1.03085810851e-23, 2.78667639124e-23, 2.50809300246e-23, 1.46454425191e-23, 7.63291209601e-23, 1.62073524016e-23, 9.09011236844e-23, 6.09892915178e-23, 6.25091361813e-23, 5.15685157947e-23, 5.31510181022e-23, 1.21889094654e-22, 6.67462153883e-23, 6.9057836587e-23, 1.32816433779e-22, 1.72421138728e-22, 1.97082457859e-22, 2.16169774188e-22, 1.7897991762e-22, 2.96757860512e-22, 4.48789608034e-22, 4.97251769444e-22, 6.04586077474e-22, 9.00764043179e-22, 1.09907322392e-21, 1.60551051499e-21, 2.4338268853e-21],
        "var": [0.000126684724819, 0.00133292062674, 0.000139776850119, 0.000151985586854, 0.000134531059302, 3.07571172016e-05, 7.76795786805e-06, 2.46708555096e-06, 2.4499177016e-05, 2.64398640866e-05, 2.93517132377e-06, 1.65368066973e-06, 4.76414970763e-06, 1.35674108606e-05, 6.76230740737e-07, 1.88716242633e-07, 1.38506692338e-07, 2.22211298251e-07, 1.41992702041e-08, 2.02030662422e-07, 6.41699005044e-09, 4.99832664147e-09, 2.22853779874e-09, 4.05446209939e-09, 1.42128242508e-09, 1.29432034535e-10, 2.1036478115e-11]
    },
    "erbbands": {
        "dmean": [0.532695174217, 1.75968229771, 3.54676771164, 9.08129787445, 20.9104728699, 11.7896957397, 12.8704624176, 11.9690027237, 11.1890459061, 6.94703292847, 9.09479236603, 23.2400588989, 23.0811386108, 11.3672571182, 7.81557416916, 11.1120376587, 16.1537532806, 24.9597091675, 13.1536483765, 6.52123594284, 4.55647420883, 4.49265193939, 2.95080423355, 1.30913734436, 1.97038173676, 1.45029997826, 0.765105545521, 0.971653401852, 0.689972519875, 0.47548365593, 0.313463717699, 0.283782988787, 0.252864778042, 0.135347932577, 0.0476154610515, 0.0160691514611, 0.00504487473518, 0.00132747727912, 0.000215463165659, 2.9367451134e-05],
        "dmean2": [0.744689822197, 2.73438596725, 5.51196813583, 14.5557060242, 36.5870094299, 20.7511310577, 21.5133209229, 19.1809577942, 18.2664489746, 10.7824964523, 13.1043615341, 34.4277801514, 34.0459671021, 15.4860010147, 11.5206956863, 16.4728565216, 24.6831474304, 37.21118927, 20.1525554657, 10.2084131241, 7.39450597763, 7.00691413879, 4.67692279816, 2.06912541389, 3.09650444984, 2.3135228157, 1.24811434746, 1.56969153881, 1.0680590868, 0.741647839546, 0.501491248608, 0.469680994749, 0.421482175589, 0.232864394784, 0.0815722346306, 0.0263166464865, 0.00858802162111, 0.00229727453552, 0.000373960996512, 4.53284992545e-05],
        "dvar": [1.30057477951, 17.3600788116, 120.257911682, 797.645874023, 3549.66064453, 809.722595215, 578.255493164, 1170.40270996, 663.664611816, 318.9034729, 999.291748047, 7611.71923828, 8904.75390625, 2016.40234375, 1236.12756348, 1633.54418945, 3120.5456543, 9242.62011719, 2314.8215332, 585.07043457, 385.142211914, 236.763870239, 672.344543457, 25.4812507629, 286.82699585, 71.3496856689, 7.43094587326, 11.5728902817, 5.26627731323, 3.48353266716, 1.24359357357, 1.29006803036, 1.48980760574, 0.424139171839, 0.0509250126779, 0.00410579936579, 0.000572726537939, 3.9950129576e-05, 9.97791175905e-07, 2.7599122987e-09],
        "dvar2": [2.6930475235, 41.6438827515, 281.559387207, 1912.44104004, 9758.71191406, 2288.97338867, 1428.23156738, 2635.27636719, 1756.37487793, 702.614318848, 2004.61816406, 16079.4794922, 16595.2011719, 3211.75317383, 2528.22094727, 3780.80371094, 7591.86523438, 19875.7539062, 4970.26806641, 1431.02709961, 1059.95483398, 546.207519531, 1439.29431152, 60.0183753967, 686.951599121, 171.789642334, 19.8370876312, 28.8727378845, 12.8770160675, 8.55672073364, 3.07984042168, 3.34051799774, 3.72728204727, 1.13038444519, 0.140774577856, 0.0108391745016, 0.00156172399875, 0.000109992077341, 2.79499749922e-06, 7.03023461668e-09],
        "max": [13.7147359848, 56.8415756226, 124.146789551, 295.728271484, 709.321960449, 337.075042725, 650.513977051, 1188.10144043, 610.777526855, 514.763122559, 913.944458008, 2323.85766602, 1896.39697266, 1679.7911377, 1467.80212402, 1200.75915527, 1416.10717773, 2315.33398438, 1620.14501953, 535.905883789, 403.457489014, 308.367340088, 2849.4128418, 207.343154907, 1650.51464844, 758.103149414, 69.080078125, 44.5406036377, 39.299861908, 102.554718018, 20.545211792, 17.2161502838, 27.0476284027, 8.7636423111, 6.37438201904, 1.72506952286, 0.418871074915, 0.103034123778, 0.0162350460887, 0.000736038258765],
        "mean": [0.980130851269, 2.81550073624, 3.87476873398, 8.69361019135, 19.7952957153, 14.4741573334, 19.3917007446, 22.6383609772, 22.5729408264, 13.1498794556, 16.3132476807, 41.9827308655, 39.5858230591, 20.825012207, 14.6590433121, 18.6529827118, 27.675907135, 49.1747283936, 20.8556289673, 8.99949169159, 6.82671022415, 7.6125125885, 3.74870848656, 1.65785193443, 2.37067508698, 1.81415200233, 0.942788362503, 1.20718622208, 1.02350914478, 0.688940763474, 0.401947677135, 0.324167877436, 0.246261328459, 0.122086495161, 0.0437110476196, 0.0149988364428, 0.00426250137389, 0.00108533573803, 0.000182585063158, 5.93512704654e-05],
        "median": [0.108779579401, 0.251456022263, 0.32910707593, 1.23453116417, 3.3633055687, 4.69447183609, 8.8091468811, 8.88918781281, 8.84856510162, 3.93700695038, 3.95047807693, 5.53551054001, 2.81781387329, 2.0990691185, 1.38595998287, 2.27302837372, 2.60625267029, 1.6382625103, 0.906718611717, 0.552899718285, 0.454398334026, 0.320206582546, 0.227768987417, 0.212991863489, 0.162123963237, 0.0943434983492, 0.0765637904406, 0.082629263401, 0.05390143767, 0.0312236025929, 0.0214234255254, 0.0129754338413, 0.00658249855042, 0.00365316960961, 0.00132751394995, 0.000678556389175, 0.00016486273671, 2.67268715106e-05, 2.95853023999e-05, 3.19068567478e-05],
        "min": [8.58014193978e-22, 6.28544739896e-21, 3.07210097364e-20, 3.05589760404e-20, 2.56547999032e-19, 1.76880450629e-19, 7.68248969917e-20, 2.43182207899e-19, 8.19030195182e-19, 2.26866835458e-18, 7.91507569757e-19, 1.19242469357e-18, 2.00051832028e-18, 1.47766624388e-18, 3.40869839418e-18, 4.19937387194e-18, 3.78461434586e-18, 4.10383120246e-18, 4.61870108935e-18, 7.11972054889e-18, 1.10949644572e-17, 1.20378461307e-17, 1.19309148386e-17, 7.25254921166e-18, 1.09956771411e-17, 1.48787011644e-17, 1.72794555804e-17, 1.90144123213e-17, 1.89826072267e-17, 1.38491169006e-17, 1.94184900505e-17, 1.92829134938e-17, 1.35475864063e-17, 1.1494904629e-17, 8.82806358078e-18, 6.10312095274e-18, 3.06727132454e-18, 1.30927326087e-18, 3.86845385724e-19, 2.96555300216e-20],
        "var": [3.6476213932, 34.2544631958, 126.745941162, 728.615661621, 2742.09448242, 756.587890625, 1100.55065918, 3156.10693359, 1781.02539062, 820.028564453, 1871.7989502, 17078.2695312, 22572.2089844, 5473.26220703, 3289.42138672, 2700.33081055, 7876.65820312, 35606.53125, 4982.08544922, 748.759338379, 462.674499512, 564.82611084, 1092.7989502, 35.4551010132, 379.89440918, 100.091926575, 8.42297554016, 13.2818393707, 7.11760473251, 4.02339792252, 1.35979115963, 1.30587291718, 1.37496733665, 0.336995869875, 0.037919357419, 0.00346532231197, 0.000412754627177, 2.92008171527e-05, 6.6461706183e-07, 4.92795226847e-09]
    },
    "gfcc": {
        "mean": [-113.550971985, 164.193023682, -92.2865829468, 10.965628624, -46.610332489, 1.52920460701, -26.3354930878, -8.60338115692, -10.5953912735, 0.210796877742, -3.98889780045, -3.00149798393, -1.87961292267],
        "cov": [[10963.3427734, -3368.70385742, -1645.45703125, 855.501037598, -354.345611572, 1353.44580078, -506.249786377, 158.184051514, -310.654907227, 99.0556640625, -342.892974854, 227.736175537, -180.092971802], [-3368.70385742, 3726.2409668, 1628.68151855, -441.681518555, 595.598388672, -980.24407959, 679.910644531, -177.256774902, 134.583023071, -166.624008179, 356.923706055, -335.828918457, 97.3163986206], [-1645.45703125, 1628.68151855, 2019.43054199, 98.573638916, 397.033721924, -320.956634521, 321.250366211, 48.6960105896, 118.176139832, -18.6954517365, 181.67427063, -69.5857315063, 45.4886016846], [855.501037598, -441.681518555, 98.573638916, 664.152587891, 145.548095703, 130.372573853, -132.392669678, 52.9954185486, 67.2323760986, 36.8742370605, -11.5108947754, 42.5840568542, 62.162815094], [-354.345611572, 595.598388672, 397.033721924, 145.548095703, 542.86315918, -61.0549697876, 191.117507935, 38.6451339722, 115.162872314, 30.739068985, 82.7821426392, -37.6825332642, 86.5939254761], [1353.44580078, -980.24407959, -320.956634521, 130.372573853, -61.0549697876, 619.811401367, -15.2058429718, 70.9755783081, 4.55351018906, 53.1698799133, -46.1095428467, 99.7508392334, -33.836971283], [-506.249786377, 679.910644531, 321.250366211, -132.392669678, 191.117507935, -15.2058429718, 437.252807617, 41.8933334351, 22.9032096863, -10.7376470566, 127.155052185, -51.1876983643, 23.3038787842], [158.184051514, -177.256774902, 48.6960105896, 52.9954185486, 38.6451339722, 70.9755783081, 41.8933334351, 188.836334229, 77.2936401367, 41.2592163086, 1.33259522915, 46.7035217285, 31.9086456299], [-310.654907227, 134.583023071, 118.176139832, 67.2323760986, 115.162872314, 4.55351018906, 22.9032096863, 77.2936401367, 224.70274353, 62.905960083, 9.34317207336, -1.64416539669, 59.8451423645], [99.0556640625, -166.624008179, -18.6954517365, 36.8742370605, 30.739068985, 53.1698799133, -10.7376470566, 41.2592163086, 62.905960083, 141.084030151, 43.2958145142, 22.6454372406, 15.3373737335], [-342.892974854, 356.923706055, 181.67427063, -11.5108947754, 82.7821426392, -46.1095428467, 127.155052185, 1.33259522915, 9.34317207336, 43.2958145142, 198.567352295, 14.6292123795, 25.7672481537], [227.736175537, -335.828918457, -69.5857315063, 42.5840568542, -37.6825332642, 99.7508392334, -51.1876983643, 46.7035217285, -1.64416539669, 22.6454372406, 14.6292123795, 181.624816895, 38.3246955872], [-180.092971802, 97.3163986206, 45.4886016846, 62.162815094, 86.5939254761, -33.836971283, 23.3038787842, 31.9086456299, 59.8451423645, 15.3373737335, 25.7672481537, 38.3246955872, 122.945358276]],
        "icov": [[0.000168425307493, -7.67626042943e-05, 0.000104385253508, -0.000222447444685, 5.41282224731e-06, -0.000323199375998, 8.51507284096e-05, -0.000202580180485, 0.000361216079909, -0.000183038617251, 0.000196731227334, -2.52652389463e-05, 0.000138649964356], [-7.67626042943e-05, 0.00223561376333, -0.000868086062837, 0.00101799180266, -0.000768623081967, 0.00212602829561, -0.00143704842776, 0.00176243227907, -0.0018005380407, 0.00230835471302, -0.00202648434788, 0.00145361304749, -0.000574027944822], [0.000104385253508, -0.000868086062837, 0.00108789536171, -0.000696134055033, 1.99787773454e-05, -0.000541316578165, 0.000198101290152, -0.000865923822857, 0.000546462135389, -0.000680112047121, 0.000527435389813, -0.000683894322719, 0.00073512137169], [-0.000222447444685, 0.00101799180266, -0.000696134055033, 0.00286625139415, -0.00108885217924, 0.000541760120541, 0.000662729202304, 0.000528432079591, -0.00106836168561, 0.00134124187753, -0.00140048377216, 0.000965357641689, -0.00132471940015], [5.41282224731e-06, -0.000768623081967, 1.99787773454e-05, -0.00108885217924, 0.00336259137839, -0.000556952494662, -0.000766074634157, -0.000227750235354, -0.000201113696676, -0.00113706232514, 0.000665410712827, -9.98559698928e-06, -0.00105446844827], [-0.000323199375998, 0.00212602829561, -0.000541316578165, 0.000541760120541, -0.000556952494662, 0.0048420005478, -0.00237735756673, 0.00158898881637, -0.00229596695863, 0.00153451692313, -0.00130225508474, -0.000121258126455, 0.000770092417952], [8.51507284096e-05, -0.00143704842776, 0.000198101290152, 0.000662729202304, -0.000766074634157, -0.00237735756673, 0.00556279486045, -0.00260060979053, 0.00162787479348, -7.53574349801e-05, -0.00125432468485, 0.000748070189729, -0.0003936435387], [-0.000202580180485, 0.00176243227907, -0.000865923822857, 0.000528432079591, -0.000227750235354, 0.00158898881637, -0.00260060979053, 0.0089435884729, -0.00371038611047, 0.000607403402682, -0.000420524913352, -0.000802031310741, -0.000800641486421], [0.000361216079909, -0.0018005380407, 0.000546462135389, -0.00106836168561, -0.000201113696676, -0.00229596695863, 0.00162787479348, -0.00371038611047, 0.00900888256729, -0.00455043325201, 0.00264292745851, 0.000160494193551, -0.00196497747675], [-0.000183038617251, 0.00230835471302, -0.000680112047121, 0.00134124187753, -0.00113706232514, 0.00153451692313, -7.53574349801e-05, 0.000607403402682, -0.00455043325201, 0.0124684236944, -0.00549423741177, 0.00153649528511, -0.000109868691652], [0.000196731227334, -0.00202648434788, 0.000527435389813, -0.00140048377216, 0.000665410712827, -0.00130225508474, -0.00125432468485, -0.000420524913352, 0.00264292745851, -0.00549423741177, 0.00995248742402, -0.00298350746743, 0.000168078826391], [-2.52652389463e-05, 0.00145361304749, -0.000683894322719, 0.000965357641689, -9.98559698928e-06, -0.000121258126455, 0.000748070189729, -0.000802031310741, 0.000160494193551, 0.00153649528511, -0.00298350746743, 0.00908290501684, -0.00385848921724], [0.000138649964356, -0.000574027944822, 0.00073512137169, -0.00132471940015, -0.00105446844827, 0.000770092417952, -0.0003936435387, -0.000800641486421, -0.00196497747675, -0.000109868691652, 0.000168078826391, -0.00385848921724, 0.0125637417659]]
    },
    "melbands": {
        "dmean": [0.00378995272331, 0.0017603773158, 0.00179208582267, 0.00126397539862, 0.00039737514453, 0.000272494537057, 0.000167905367562, 6.96596034686e-05, 8.88537106221e-05, 0.000150769279571, 0.000117038944154, 5.19825698575e-05, 2.67424129561e-05, 2.38067259488e-05, 4.21131408075e-05, 3.77751275664e-05, 5.13334925927e-05, 2.64415284619e-05, 1.03943775684e-05, 7.78935191192e-06, 5.18254046256e-06, 4.76080322187e-06, 3.82578627978e-06, 1.99012060875e-06, 1.00595389085e-06, 1.11513622869e-06, 1.96062046598e-06, 7.42425754652e-07, 4.63257208594e-07, 5.47731303868e-07, 5.8273394643e-07, 4.20626776076e-07, 3.12863420504e-07, 2.56085940009e-07, 1.75418605863e-07, 1.86130350244e-07, 1.69162333918e-07, 1.87704998211e-07, 1.51759039113e-07, 1.04671713075e-07],
        "dmean2": [0.0053901122883, 0.00266981567256, 0.00281453761272, 0.00223138416186, 0.000665720493998, 0.000437205890194, 0.000272099016001, 0.000107084269985, 0.000128611311084, 0.000219422916416, 0.000173405307578, 7.07642393536e-05, 3.92656838812e-05, 3.50064728991e-05, 6.35596443317e-05, 5.71910168219e-05, 7.65852018958e-05, 4.00036369683e-05, 1.63646163855e-05, 1.25650612972e-05, 8.56285168993e-06, 7.36871743356e-06, 6.15978251517e-06, 3.20367598761e-06, 1.62169430951e-06, 1.82597261755e-06, 3.01284148918e-06, 1.23243967209e-06, 7.63877949339e-07, 8.98108623915e-07, 9.44258204072e-07, 6.55580151943e-07, 4.92302376642e-07, 4.03071794608e-07, 2.80872654912e-07, 3.07937000343e-07, 2.80663670083e-07, 3.13898993909e-07, 2.53762351576e-07, 1.81336815785e-07],
        "dvar": [6.36258919258e-05, 1.97607805603e-05, 2.60766482825e-05, 1.14734993986e-05, 5.25530765572e-07, 4.93647974054e-07, 1.37941071898e-07, 3.83124714176e-08, 9.83080781225e-08, 3.10904738399e-07, 2.48014060844e-07, 4.86807820721e-08, 1.20932872605e-08, 7.67535546231e-09, 3.45815429625e-08, 2.29455014988e-08, 4.31328537331e-08, 9.35886301789e-09, 1.53644508227e-09, 9.2911484062e-10, 5.03796948603e-10, 2.41074521456e-10, 4.42749309437e-10, 2.31734922918e-10, 1.52768284134e-11, 2.86457715187e-11, 5.92020543699e-10, 8.24746087397e-12, 3.35061752649e-12, 3.56211869897e-12, 4.22835377822e-12, 1.9912238091e-12, 1.15657657063e-12, 1.52053294001e-12, 3.52677766548e-13, 5.27702339291e-13, 4.65834131252e-13, 9.13801261222e-13, 5.11626168948e-13, 2.71557434742e-13],
        "dvar2": [0.00013589001901, 4.52202220913e-05, 5.89309202041e-05, 3.22866690112e-05, 1.30531452669e-06, 1.11210840714e-06, 3.60711311487e-07, 8.32066646694e-08, 1.90984721371e-07, 6.43762064101e-07, 4.54579947018e-07, 7.85892737554e-08, 2.41580391247e-08, 1.65174363076e-08, 8.64939480039e-08, 4.83972506515e-08, 9.16100546533e-08, 1.96948928277e-08, 3.47813622348e-09, 2.28857688356e-09, 1.39300659896e-09, 5.58563306718e-10, 9.89577197963e-10, 4.91059581886e-10, 3.59274693329e-11, 7.62226393114e-11, 1.39793809861e-09, 2.19950811037e-11, 9.09749445915e-12, 9.11806654486e-12, 1.03901574844e-11, 4.85722616642e-12, 2.90578086766e-12, 3.73871853615e-12, 8.60541347382e-13, 1.35674793882e-12, 1.21749724018e-12, 2.27344770613e-12, 1.31799226481e-12, 7.3456751749e-13],
        "max": [0.0854638814926, 0.0471200123429, 0.0540766455233, 0.0476119145751, 0.0170758906752, 0.023083852604, 0.0084545398131, 0.00596493016928, 0.00635035289451, 0.0142765585333, 0.0100799538195, 0.00619011977687, 0.00409048981965, 0.00411590514705, 0.00554659310728, 0.00507058529183, 0.0047949468717, 0.00243540178053, 0.00123176781926, 0.00081986177247, 0.000442814227426, 0.00030837522354, 0.00199797633104, 0.00162121537142, 0.00019652993069, 0.000220274465391, 0.00250762910582, 8.14176091808e-05, 5.51826815354e-05, 4.21908953285e-05, 2.96288035315e-05, 2.7860285627e-05, 1.78656027856e-05, 8.94573386176e-05, 1.03222455436e-05, 1.03326883618e-05, 1.18532261695e-05, 3.07638256345e-05, 1.14744152597e-05, 7.90616923041e-06],
        "mean": [0.00701135955751, 0.00253719557077, 0.0018801036058, 0.00131813040935, 0.000623664818704, 0.000515880004968, 0.000337129167747, 0.000127282284666, 0.000152376902406, 0.000267520663328, 0.000196390465135, 9.08072397579e-05, 4.86698736495e-05, 3.98197844333e-05, 6.17407204118e-05, 6.17892146693e-05, 0.000100737408502, 3.82370526495e-05, 1.33534294946e-05, 1.02733356471e-05, 7.06751234247e-06, 8.149052519e-06, 4.92880735692e-06, 2.15525847125e-06, 1.22012761494e-06, 1.24983591832e-06, 2.38094366978e-06, 8.90475121196e-07, 5.39451946224e-07, 6.67468157189e-07, 6.98538599408e-07, 6.00761211444e-07, 4.66325246862e-07, 3.47387640431e-07, 2.22222823254e-07, 2.19279939984e-07, 1.86882218145e-07, 1.81128314125e-07, 1.39796370036e-07, 9.09044288733e-08],
        "median": [0.00073327543214, 0.000246921175858, 0.000305484951241, 0.000299927312881, 0.000300139916362, 0.000218012035475, 0.000131801818497, 3.40015685651e-05, 2.61012501142e-05, 3.09827410092e-05, 9.4954702945e-06, 6.70133067615e-06, 3.04550735564e-06, 4.46716603619e-06, 4.82133373225e-06, 4.49788149126e-06, 2.2007870939e-06, 1.29346585709e-06, 8.09255709555e-07, 5.21955712429e-07, 4.53573790082e-07, 3.24639330529e-07, 1.94711560653e-07, 1.71606814092e-07, 1.50108732555e-07, 1.19503354767e-07, 7.77017277187e-08, 5.08300317392e-08, 3.84210103732e-08, 4.71964725079e-08, 4.26833466349e-08, 2.98108417951e-08, 1.97375147337e-08, 1.43345033621e-08, 1.16115037585e-08, 9.97292026739e-09, 6.10208417129e-09, 4.13052481107e-09, 3.92868271248e-09, 2.26815144444e-09],
        "min": [8.39749217812e-24, 1.34403533568e-23, 1.20281282534e-23, 1.84849547626e-23, 3.13960211062e-24, 4.94728515797e-24, 1.34262311689e-23, 2.31611581257e-23, 6.2471275591e-24, 7.93164772548e-24, 1.01390390993e-23, 5.92855239342e-24, 9.18777539955e-24, 1.24853362568e-23, 9.54539760232e-24, 7.53439551741e-24, 7.35074475437e-24, 5.33896721919e-24, 1.17250478936e-23, 8.1506165801e-24, 1.46757647546e-23, 1.21696948648e-23, 1.19312482456e-23, 9.81474548094e-24, 4.83310188067e-24, 7.74411103362e-24, 8.84736693059e-24, 9.68324631234e-24, 1.11628046383e-23, 9.99910148563e-24, 1.12758925823e-23, 1.17726138396e-23, 7.05937030156e-24, 7.94478068183e-24, 1.05829666294e-23, 1.31420037958e-23, 1.08067159811e-23, 9.73032710889e-24, 8.50876574196e-24, 1.00958726306e-23],
        "var": [0.000173261665623, 3.07624104607e-05, 2.70207947324e-05, 9.2957598099e-06, 9.95035406959e-07, 1.31694366701e-06, 3.81409023475e-07, 9.55766878974e-08, 1.89433905007e-07, 7.22089794181e-07, 6.35245783087e-07, 1.30501319973e-07, 3.17895363366e-08, 1.64044333673e-08, 4.54377193648e-08, 6.91654093998e-08, 1.77830855819e-07, 1.9942053342e-08, 2.25371210583e-09, 1.17562659607e-09, 5.66757640819e-10, 6.19594209272e-10, 7.07264413702e-10, 3.72505248869e-10, 2.1492103236e-11, 2.9500672738e-11, 7.95045196345e-10, 1.07213370126e-11, 3.90200979167e-12, 4.14193072201e-12, 4.87315266265e-12, 2.65268883248e-12, 1.49675291692e-12, 1.56077201944e-12, 4.01402787962e-13, 5.26862624708e-13, 4.73000490771e-13, 8.4115705937e-13, 4.45489836427e-13, 2.0446368394e-13]
    },
    "mfcc": {
        "mean": [-761.978637695, 188.959472656, 21.6863040924, 17.6051673889, 4.98942995071, 10.0992670059, -4.01315402985, -2.68784213066, -4.3204498291, -0.327527433634, 3.25374531746, 0.950418829918, -2.53122210503],
        "cov": [[9200.75390625, -2549.02685547, -1973.47473145, -388.524230957, -125.071273804, 682.939758301, -124.906600952, 146.731842041, 4.43772935867, -71.618347168, -81.0502471924, -129.376022339, -190.481185913], [-2549.02685547, 3024.16113281, 1101.38537598, 439.069885254, 43.8186302185, -333.015563965, 366.302490234, -31.3089160919, -86.1820220947, 62.5562782288, 99.5286941528, 125.038566589, 60.3114089966], [-1973.47473145, 1101.38537598, 1312.55651855, 334.944274902, 111.493202209, -139.033065796, 126.873275757, 29.0737018585, 25.9153499603, 54.9885673523, 34.3590698242, 106.872665405, 77.3495407104], [-388.524230957, 439.069885254, 334.944274902, 590.128356934, 231.207183838, -59.6766471863, 68.1673812866, -18.6986465454, 71.9071044922, -5.30610942841, -12.3167953491, 68.313079834, 110.805435181], [-125.071273804, 43.8186302185, 111.493202209, 231.207183838, 381.843994141, 81.4941940308, -11.2091054916, 13.6783103943, 115.499595642, 37.8011398315, -5.02773427963, 52.5741729736, 85.1543045044], [682.939758301, -333.015563965, -139.033065796, -59.6766471863, 81.4941940308, 328.337799072, 69.4054718018, 75.0196990967, 45.0517692566, 42.6390075684, 25.3163375854, 13.0753107071, -27.7853355408], [-124.906600952, 366.302490234, 126.873275757, 68.1673812866, -11.2091054916, 69.4054718018, 358.719085693, 86.077835083, -30.301776886, 52.399646759, 30.7418861389, 49.6291885376, 12.5374736786], [146.731842041, -31.3089160919, 29.0737018585, -18.6986465454, 13.6783103943, 75.0196990967, 86.077835083, 189.753372192, 64.487487793, -2.02251291275, 32.8207855225, 15.7435102463, 14.6124572754], [4.43772935867, -86.1820220947, 25.9153499603, 71.9071044922, 115.499595642, 45.0517692566, -30.301776886, 64.487487793, 206.558120728, 62.0376701355, -3.25415158272, 28.2612628937, 52.5290298462], [-71.618347168, 62.5562782288, 54.9885673523, -5.30610942841, 37.8011398315, 42.6390075684, 52.399646759, -2.02251291275, 62.0376701355, 196.175582886, 56.7269630432, 21.4793319702, -5.13446140289], [-81.0502471924, 99.5286941528, 34.3590698242, -12.3167953491, -5.02773427963, 25.3163375854, 30.7418861389, 32.8207855225, -3.25415158272, 56.7269630432, 129.815734863, 37.2029533386, -10.3715667725], [-129.376022339, 125.038566589, 106.872665405, 68.313079834, 52.5741729736, 13.0753107071, 49.6291885376, 15.7435102463, 28.2612628937, 21.4793319702, 37.2029533386, 116.888366699, 64.6344680786], [-190.481185913, 60.3114089966, 77.3495407104, 110.805435181, 85.1543045044, -27.7853355408, 12.5374736786, 14.6124572754, 52.5290298462, -5.13446140289, -10.3715667725, 64.6344680786, 170.037597656]],
