{
"lowlevel": {
    "average_loudness": 0.455080121756,
    "barkbands_crest": {
        "dmean": 1.70970726013,
        "dmean2": 2.67603254318,
        "dvar": 4.04798269272,
        "dvar2": 9.99604797363,
        "max": 26.0567684174,
        "mean": 12.969244957,
        "median": 12.462223053,
        "min": 4.16895008087,
        "var": 16.5751190186
    },
    "barkbands_flatness_db": {
        "dmean": 0.0322912149131,
        "dmean2": 0.0456034466624,
        "dvar": 0.00148359534796,
        "dvar2": 0.00307211489417,
        "max": 0.572647750378,
        "mean": 0.323928356171,
        "median": 0.329863995314,
        "min": 0.0674648806453,
        "var": 0.00747376447544
    },
    "barkbands_kurtosis": {
        "dmean": 5.37460517883,
        "dmean2": 8.05813980103,
        "dvar": 86.2426147461,
        "dvar2": 192.028015137,
        "max": 193.426757812,
        "mean": 15.1257400513,
        "median": 11.6547899246,
        "min": -1.6533421278,
        "var": 222.329727173
    },
    "barkbands_skewness": {
        "dmean": 0.523521900177,
        "dmean2": 0.773327589035,
        "dvar": 0.42060098052,
        "dvar2": 0.949801921844,
        "max": 12.3233385086,
        "mean": 2.38468575478,
        "median": 2.27581644058,
        "min": -1.96865737438,
        "var": 1.79093778133
    },
    "barkbands_spread": {
        "dmean": 1.43473851681,
        "dmean2": 2.07096266747,
        "dvar": 7.9012336731,
        "dvar2": 15.3715524673,
        "max": 79.0600585938,
        "mean": 4.93658065796,
        "median": 2.84971952438,
        "min": 0.281386911869,
        "var": 31.6904850006
    },
    "dissonance": {
        "dmean": 0.0327239707112,
        "dmean2": 0.0530902259052,
        "dvar": 0.000946970074438,
        "dvar2": 0.00233181286603,
        "max": 0.500000059605,
        "mean": 0.358312100172,
        "median": 0.362951874733,
        "min": 0.121595926583,
        "var": 0.00409657182172
    },
    "dynamic_complexity": 4.56917190552,
    "erbbands_crest": {
        "dmean": 2.11189937592,
        "dmean2": 3.1801264286,
        "dvar": 5.61587810516,
        "dvar2": 12.0275678635,
        "max": 30.0089244843,
        "mean": 15.9811515808,
        "median": 15.2694978714,
        "min": 3.09743261337,
        "var": 31.2222042084
    },
    "erbbands_flatness_db": {
        "dmean": 0.0282804723829,
        "dmean2": 0.0391520000994,
        "dvar": 0.00121532112826,
        "dvar2": 0.00268297479488,
        "max": 0.552542090416,
        "mean": 0.302564889193,
        "median": 0.3044051826,
        "min": 0.0407227165997,
        "var": 0.00530259869993
    },
    "erbbands_kurtosis": {
        "dmean": 2.29915428162,
        "dmean2": 3.43667244911,
        "dvar": 12.4419755936,
        "dvar2": 27.2999820709,
        "max": 84.8893356323,
        "mean": 6.46454763412,
        "median": 4.18938970566,
        "min": -1.76080393791,
        "var": 61.093460083
    },
    "erbbands_skewness": {
        "dmean": 0.378503710032,
        "dmean2": 0.549690306187,
        "dvar": 0.186914488673,
        "dvar2": 0.383944481611,
        "max": 7.03140115738,
        "mean": 1.80574154854,
        "median": 1.77277696133,
        "min": -1.76638770103,
        "var": 1.05668854713
    },
    "erbbands_spread": {
        "dmean": 3.95974063873,
        "dmean2": 5.77939558029,
        "dvar": 33.8419761658,
        "dvar2": 70.2666702271,
        "max": 88.6106872559,
        "mean": 17.1289157867,
        "median": 13.4979343414,
        "min": 0.697228074074,
        "var": 162.328613281
    },
    "hfc": {
        "dmean": 2.23674654961,
        "dmean2": 3.03629517555,
        "dvar": 22.189622879,
        "dvar2": 40.3687324524,
        "max": 124.543151855,
        "mean": 6.49079418182,
        "median": 4.22882175446,
        "min": 1.20143087064e-16,
        "var": 60.2731018066
    },
    "melbands_crest": {
        "dmean": 2.14540433884,
        "dmean2": 3.33771538734,
        "dvar": 5.44790697098,
        "dvar2": 13.4504842758,
        "max": 33.2607650757,
        "mean": 17.3532352448,
        "median": 17.4006900787,
        "min": 2.19205451012,
        "var": 23.1507358551
    },
    "melbands_flatness_db": {
        "dmean": 0.0322176143527,
        "dmean2": 0.0436541698873,
        "dvar": 0.00159891077783,
        "dvar2": 0.00318914791569,
        "max": 0.700556576252,
        "mean": 0.411537438631,
        "median": 0.416166186333,
        "min": 0.00663321930915,
        "var": 0.00996756274253
    },
    "melbands_kurtosis": {
        "dmean": 6.00021886826,
        "dmean2": 8.91459560394,
        "dvar": 95.3683853149,
        "dvar2": 216.601898193,
        "max": 213.285308838,
        "mean": 17.0847167969,
        "median": 13.0356407166,
        "min": -1.59218633175,
        "var": 254.454803467
    },
    "melbands_skewness": {
        "dmean": 0.534225046635,
        "dmean2": 0.782529950142,
        "dvar": 0.414764583111,
        "dvar2": 0.913174390793,
        "max": 11.6136779785,
        "mean": 2.3696269989,
        "median": 2.21814846992,
        "min": -1.06221282482,
        "var": 2.03458356857
    },
    "melbands_spread": {
        "dmean": 1.66241466999,
        "dmean2": 2.31133413315,
        "dvar": 14.3703136444,
        "dvar2": 22.3887557983,
        "max": 180.016586304,
        "mean": 5.94135570526,
        "median": 3.49761366844,
        "min": 0.419328093529,
        "var": 57.9270629883
    },
    "pitch_salience": {
        "dmean": 0.0483965314925,
        "dmean2": 0.0759620442986,
        "dvar": 0.00365305878222,
        "dvar2": 0.00899158138782,
        "max": 0.946099460125,
        "mean": 0.508611083031,
        "median": 0.515514850616,
        "min": 0.0748064815998,
        "var": 0.0125621492043
    },
    "silence_rate_20dB": {
        "dmean": 0.000754716980737,
        "dmean2": 0.00150954793207,
        "dvar": 0.000754229258746,
        "dvar2": 0.00150706386194,
        "max": 1,
        "mean": 0.999169886112,
        "median": 1,
        "min": 0,
        "var": 0.000829484255519
    },
    "silence_rate_30dB": {
        "dmean": 0.0179622638971,
        "dmean2": 0.0359272398055,
        "dvar": 0.0176383908838,
        "dvar2": 0.0412750504911,
        "max": 1,
        "mean": 0.978794038296,
        "median": 1,
        "min": 0,
        "var": 0.0207546241581
    },
    "silence_rate_60dB": {
        "dmean": 0.0552452839911,
        "dmean2": 0.1104234308,
        "dvar": 0.0521929636598,
        "dvar2": 0.115449242294,
        "max": 1,
        "mean": 0.175005659461,
        "median": 0,
        "min": 0,
        "var": 0.144391328096
    },
    "spectral_centroid": {
        "dmean": 78.3117218018,
        "dmean2": 104.747810364,
        "dvar": 35229.5976562,
        "dvar2": 50632.4921875,
        "max": 11594.2744141,
        "mean": 483.190979004,
        "median": 360.179046631,
        "min": 160.731140137,
        "var": 141970.203125
    },
    "spectral_complexity": {
        "dmean": 1.19456601143,
        "dmean2": 1.85221529007,
        "dvar": 2.52090644836,
        "dvar2": 4.96702766418,
        "max": 22,
        "mean": 6.31605148315,
        "median": 6,
        "min": 0,
        "var": 9.43033981323
    },
    "spectral_decrease": {
        "dmean": 1.9979478072e-09,
        "dmean2": 2.729851456e-09,
        "dvar": 2.32529304478e-17,
        "dvar2": 3.97598522756e-17,
        "max": -1.92083224857e-29,
        "mean": -5.71506619806e-09,
        "median": -3.49343221018e-09,
        "min": -1.53341858322e-07,
        "var": 6.05502759659e-17
    },
    "spectral_energy": {
        "dmean": 0.00773431127891,
        "dmean2": 0.0105630243197,
        "dvar": 0.000345785461832,
        "dvar2": 0.000591717776842,
        "max": 0.590043962002,
        "mean": 0.0221586767584,
        "median": 0.0136051438749,
        "min": 1.09698431015e-20,
        "var": 0.000901652034372
    },
    "spectral_energyband_high": {
        "dmean": 2.08170331462e-05,
        "dmean2": 3.1960546039e-05,
        "dvar": 4.55712489966e-09,
        "dvar2": 1.12414273445e-08,
        "max": 0.00207078712992,
        "mean": 2.47068201134e-05,
        "median": 2.77460549114e-06,
        "min": 8.08321944718e-21,
        "var": 5.37489741603e-09
    },
    "spectral_energyband_low": {
        "dmean": 0.00166482769419,
        "dmean2": 0.00220784847625,
        "dvar": 1.67902671819e-05,
        "dvar2": 2.7217411116e-05,
        "max": 0.107505977154,
        "mean": 0.00483449641615,
        "median": 0.00181900989264,
        "min": 6.76495368555e-23,
        "var": 6.70928420732e-05
    },
    "spectral_energyband_middle_high": {
        "dmean": 0.000288678565994,
        "dmean2": 0.00038357602898,
        "dvar": 4.84767213038e-07,
        "dvar2": 9.77952595349e-07,
        "max": 0.0156080164015,
        "mean": 0.000652424234431,
        "median": 0.000298968923744,
        "min": 1.69382466715e-21,
        "var": 1.05931997041e-06
    },
    "spectral_energyband_middle_low": {
        "dmean": 0.00690335407853,
        "dmean2": 0.00965889077634,
        "dvar": 0.000320081278915,
        "dvar2": 0.000563233450521,
        "max": 0.586420595646,
        "mean": 0.0182956438512,
        "median": 0.0106383757666,
        "min": 3.20228933688e-22,
        "var": 0.000743188895285
    },
    "spectral_entropy": {
        "dmean": 0.272537022829,
        "dmean2": 0.407340407372,
        "dvar": 0.134092882276,
        "dvar2": 0.312379509211,
        "max": 9.7970867157,
        "mean": 5.5731010437,
        "median": 5.51789045334,
        "min": 3.5192759037,
        "var": 0.426194578409
    },
    "spectral_flux": {
        "dmean": 0.0224586110562,
        "dmean2": 0.0363593250513,
        "dvar": 0.00146775657777,
        "dvar2": 0.0036285512615,
        "max": 0.539382576942,
        "mean": 0.038499366492,
        "median": 0.0227971915156,
        "min": 1.0473701767e-10,
        "var": 0.00207444047555
    },
    "spectral_kurtosis": {
        "dmean": 16.2261810303,
        "dmean2": 27.2079544067,
        "dvar": 335.991729736,
        "dvar2": 830.455749512,
        "max": 267.840484619,
        "mean": 40.2782516479,
        "median": 27.3695640564,
        "min": -1.19871342182,
        "var": 1364.52111816
    },
    "spectral_rms": {
        "dmean": 0.000699287978932,
        "dmean2": 0.000928374007344,
        "dvar": 1.48891444951e-06,
        "dvar2": 2.45445221481e-06,
        "max": 0.0239927619696,
        "mean": 0.00394721142948,
        "median": 0.0036432556808,
        "min": 3.27143477238e-12,
        "var": 6.03771604801e-06
    },
    "spectral_rolloff": {
        "dmean": 80.7182159424,
        "dmean2": 134.963134766,
        "dvar": 97616.046875,
        "dvar2": 142947.078125,
        "max": 19358.3496094,
        "mean": 490.987915039,
        "median": 387.59765625,
        "min": 107.666015625,
        "var": 248742.5
    },
    "spectral_skewness": {
        "dmean": 1.02719569206,
        "dmean2": 1.71899414062,
        "dvar": 1.00153422356,
        "dvar2": 2.46964478493,
        "max": 13.8844366074,
        "mean": 4.28099966049,
        "median": 3.76911854744,
        "min": -0.0487685911357,
        "var": 4.52672624588
    },
    "spectral_spread": {
        "dmean": 559766.625,
        "dmean2": 898464.4375,
        "dvar": 526026211328,
        "dvar2": 1.12050293965e+12,
        "max": 39892260,
        "mean": 2028538.5,
        "median": 1797703.125,
        "min": 297727.96875,
        "var": 1.21158880461e+12
    },
    "spectral_strongpeak": {
        "dmean": 0.250936329365,
        "dmean2": 0.385915666819,
        "dvar": 0.182274103165,
        "dvar2": 0.386828690767,
        "max": 6.4732170105,
        "mean": 0.977967917919,
        "median": 0.833989083767,
        "min": 0,
        "var": 0.504527270794
    },
    "zerocrossingrate": {
        "dmean": 0.00348599650897,
        "dmean2": 0.00400520348921,
        "dvar": 4.47456732218e-05,
        "dvar2": 4.66855308332e-05,
        "max": 0.517578125,
        "mean": 0.0219095349312,
        "median": 0.017578125,
        "min": 0.00390625,
        "var": 0.000256602332229
    },
    "barkbands": {
        "dmean": [1.4178216361e-06, 0.000361288781278, 0.00103747239336, 0.0011561664287, 0.00440398231149, 0.00159733020701, 0.000484271207824, 0.00012984246132, 5.29209391971e-05, 7.05831262167e-05, 6.09813178016e-05, 3.08803864755e-05, 0.000111643712444, 1.17737936307e-05, 2.12559843931e-05, 5.97817552261e-06, 2.52855097642e-05, 1.16227356557e-05, 1.02838121165e-05, 2.69268512056e-05, 8.54504378367e-06, 3.51310472979e-06, 2.48648279921e-06, 2.08483561437e-06, 3.11876578962e-06, 9.96002540887e-07, 2.09881434898e-07],
        "dmean2": [2.51140022556e-06, 0.00039578898577, 0.00143292522989, 0.00165695126634, 0.00625225016847, 0.00236426130868, 0.000800560694188, 0.000194997643121, 7.46096411604e-05, 7.89040714153e-05, 8.26862888061e-05, 4.88200603286e-05, 0.000168350088643, 1.68118440342e-05, 3.00543943013e-05, 9.02328611119e-06, 3.47387831425e-05, 1.43567731357e-05, 1.4520642253e-05, 3.26584049617e-05, 1.29361787913e-05, 5.3565709095e-06, 3.83165934181e-06, 3.5185012166e-06, 5.49955120732e-06, 1.84737939435e-06, 3.97771088956e-07],
        "dvar": [1.05249385596e-11, 1.37852987336e-06, 7.77194054535e-06, 1.09400189103e-05, 0.000209266305319, 1.50817104441e-05, 2.52100517173e-06, 2.22136506522e-07, 4.98453474052e-08, 3.76560223003e-08, 4.59178508549e-08, 1.07549702477e-08, 2.10757860941e-07, 1.3908617591e-09, 5.21812637544e-09, 6.49848730383e-10, 3.75349618054e-09, 2.29421281972e-09, 1.57558044389e-09, 1.3052138037e-08, 1.03473152269e-09, 1.43615994097e-10, 1.20572454798e-10, 8.39153538323e-11, 1.73615316568e-10, 1.71810309035e-11, 1.58497412243e-12],
        "dvar2": [3.04440743448e-11, 1.49401955696e-06, 1.37503775477e-05, 2.34419858316e-05, 0.000381614721846, 3.51244379999e-05, 6.61000558466e-06, 4.39108248429e-07, 1.14068292589e-07, 4.62531595247e-08, 7.61054010923e-08, 2.62871822088e-08, 4.83761425585e-07, 2.99274893756e-09, 9.86702008987e-09, 1.26548305168e-09, 7.63707319607e-09, 3.59731111566e-09, 2.79746981136e-09, 1.98542799978e-08, 2.49238230055e-09, 3.38950839618e-10, 2.77602107968e-10, 2.19963700032e-10, 4.81183981549e-10, 4.84007105228e-11, 4.49373047454e-12],
        "max": [5.99593804509e-05, 0.035049226135, 0.0790076851845, 0.139662325382, 0.490501016378, 0.130957752466, 0.0541899874806, 0.0137914475054, 0.015367644839, 0.00851196236908, 0.0049068541266, 0.00306205777451, 0.0106602991, 0.00134610221721, 0.00332459481433, 0.00183262664359, 0.00114163686521, 0.00149462546688, 0.00128655368462, 0.00243391259573, 0.00176775630098, 0.000415248417994, 0.000409057654906, 0.000166690922924, 0.000564906338695, 0.000108629603346, 5.45577204321e-05],
        "mean": [1.40442068641e-06, 0.000817160471343, 0.00243891053833, 0.00350498128682, 0.00735858920962, 0.00594222126529, 0.00101928168442, 0.000204371579457, 0.000101915757114, 0.000222548304009, 9.84744692687e-05, 4.98988520121e-05, 0.000178424103069, 2.62743760686e-05, 3.94150483771e-05, 9.21149967326e-06, 4.65060220449e-05, 1.96032342501e-05, 1.50717460201e-05, 4.26876795245e-05, 1.1424076547e-05, 3.59121395377e-06, 2.38488496507e-06, 1.55305065164e-06, 2.09670724871e-06, 6.06438447903e-07, 1.20086170341e-07],
        "median": [3.39033988439e-07, 6.33567688055e-05, 0.000676398631185, 0.00102748419158, 0.00213163346052, 0.00340848858468, 0.000360902602552, 4.57435126009e-05, 2.78515599348e-05, 6.59154029563e-05, 1.67220241565e-05, 1.26847180582e-05, 1.53844775923e-05, 6.67625727147e-06, 8.86369525688e-06, 1.898529149e-06, 6.20808168605e-06, 1.9643041469e-06, 1.79672133527e-06, 1.50789310283e-06, 1.08465121684e-06, 2.44515035774e-07, 4.69797036828e-08, 2.48377691747e-08, 1.38659048687e-08, 2.65603916638e-09, 7.26838644827e-10],
        "min": [6.75070953973e-24, 5.18155239213e-23, 7.60521787176e-24, 1.01298046936e-23, 4.83693661242e-23, 4.1556914808e-23, 3.68378573651e-23, 1.28546184549e-22, 5.34130776949e-23, 4.772568718e-23, 9.48767302113e-23, 2.13572768357e-22, 6.19045090073e-23, 1.47400313593e-22, 2.69184104783e-22, 1.77497629047e-22, 2.29131629763e-22, 1.03070066765e-22, 2.10118945987e-22, 3.84502997839e-22, 4.85270676233e-22, 5.00552615907e-22, 3.29621351439e-22, 1.05405953325e-21, 1.18852686989e-21, 1.79564007905e-21, 2.62423534009e-21],
        "var": [1.08401577645e-11, 7.26603502699e-06, 2.6682520911e-05, 3.55911579391e-05, 0.000367661326891, 6.31745788269e-05, 4.268030807e-06, 4.34245265524e-07, 7.41778265478e-08, 2.58787025587e-07, 9.18293281416e-08, 1.82845294461e-08, 3.08466297838e-07, 3.76211906072e-09, 1.06330091398e-08, 1.49160628293e-09, 1.02369961397e-08, 6.60932242269e-09, 3.47379702781e-09, 3.05534761935e-08, 1.39108502495e-09, 1.64086341736e-10, 1.31644306567e-10, 6.30212479424e-11, 1.10949728571e-10, 1.03343991351e-11, 9.25724340933e-13]
    },
    "erbbands": {
        "dmean": [0.00169194838963, 0.12542937696, 1.10843873024, 2.36071705818, 15.8238258362, 8.98825931549, 7.66818141937, 13.7610635757, 12.5999956131, 4.29891347885, 1.51181542873, 1.12359476089, 2.80924940109, 1.29853916168, 2.30388379097, 1.92473614216, 5.48362016678, 0.859871923923, 0.454314827919, 1.26645004749, 0.48563170433, 0.966222703457, 0.885846614838, 0.757213294506, 0.47439032793, 1.67211079597, 0.477702051401, 0.160170972347, 0.10828576237, 0.129547655582, 0.054933950305, 0.0343612469733, 0.0426863953471, 0.0498092025518, 0.0131930429488, 0.00501923309639, 0.00188352516852, 0.0003561283811, 4.1758572479e-05, 9.33421506488e-06],
        "dmean2": [0.00192850222811, 0.143740803003, 1.46283447742, 3.347448349, 22.0351963043, 13.1223478317, 11.1380386353, 20.1916866302, 20.7612400055, 6.43330097198, 2.25622487068, 1.56991004944, 3.27082133293, 1.64721333981, 3.20326113701, 2.96006774902, 8.24464797974, 1.22729933262, 0.667718946934, 1.75593292713, 0.701434731483, 1.34568917751, 1.12080264091, 1.01385557652, 0.639958500862, 2.01927018166, 0.727923512459, 0.227420434356, 0.155270412564, 0.19973435998, 0.0875307917595, 0.0581926070154, 0.0716492012143, 0.0880696177483, 0.0234059114009, 0.0092231137678, 0.00352492253296, 0.000671749818139, 7.76442975621e-05, 1.30427160911e-05],
        "dvar": [2.60766391875e-05, 0.158706441522, 9.95341396332, 31.0921707153, 3152.05834961, 798.54119873, 432.228515625, 1406.28393555, 1768.45776367, 246.112579346, 16.248462677, 15.6690263748, 72.2365341187, 9.11381244659, 53.6821022034, 28.466342926, 502.404327393, 6.1726603508, 1.30098819733, 24.007806778, 3.11857962608, 5.77906322479, 4.95812273026, 7.07336425781, 3.94689416885, 52.2788581848, 3.7974793911, 0.261825114489, 0.137588441372, 0.232866063714, 0.0513681545854, 0.0210311021656, 0.0335633307695, 0.0545685254037, 0.00363820488565, 0.000463471718831, 6.56928532408e-05, 3.07641948893e-06, 5.83818753341e-08, 4.72230365922e-10],
        "dvar2": [2.87064085569e-05, 0.186430945992, 16.0922298431, 64.4227752686, 5310.85351562, 1751.59313965, 838.711669922, 3122.79638672, 4650.35058594, 522.452270508, 35.4214630127, 35.9834594727, 104.257827759, 15.3879404068, 96.9309844971, 69.0820083618, 1146.07763672, 12.9289903641, 2.60480499268, 45.3145179749, 5.83294153214, 11.8678827286, 8.68730163574, 12.4961166382, 7.16236305237, 78.8760147095, 8.78813076019, 0.55365395546, 0.291887253523, 0.531524479389, 0.130596920848, 0.0559491030872, 0.0880256891251, 0.150882393122, 0.00997384078801, 0.00130055088084, 0.000186817720532, 8.79317667568e-06, 1.66376992183e-07, 8.74970929043e-10],
        "max": [0.155602350831, 11.2668304443, 91.1553192139, 220.824966431, 1999.60522461, 731.673095703, 629.68572998, 1518.91650391, 1413.26464844, 408.168487549, 90.1896514893, 197.179275513, 334.0909729, 64.1133499146, 148.485702515, 117.665412903, 518.760314941, 91.6960525513, 55.463470459, 227.191802979, 125.451667786, 67.6954879761, 60.2532997131, 73.8406143188, 84.4551391602, 155.187591553, 106.607315063, 16.8647880554, 16.1172771454, 13.4728517532, 6.44436359406, 4.69680929184, 3.96951699257, 9.8974199295, 1.77649569511, 0.589509487152, 0.197384178638, 0.0450315959752, 0.0127642359585, 0.000645219231956],
        "mean": [0.00410411786288, 0.283654987812, 2.52164363861, 7.78938102722, 24.0797386169, 16.6072902679, 34.5861854553, 46.4851303101, 31.0750408173, 7.98240232468, 2.75503873825, 2.4782166481, 7.9890871048, 3.36404728889, 3.91281056404, 3.33945322037, 8.90251064301, 1.84447026253, 0.95561081171, 2.33942747116, 0.794071555138, 1.82544398308, 1.72847628593, 1.2154532671, 0.723135709763, 2.68061423302, 0.682940006256, 0.218423098326, 0.122695572674, 0.127829700708, 0.0494125820696, 0.026364646852, 0.0314696282148, 0.0336405970156, 0.00873535126448, 0.003115007421, 0.00113356427755, 0.00020781593048, 3.30484217557e-05, 2.5213446861e-05],
        "median": [0.00058743316913, 0.0319272615016, 0.689977705479, 3.48931026459, 3.97314500809, 4.54093313217, 9.25583744049, 21.68085289, 10.7148647308, 2.67179203033, 1.04020893574, 0.81875616312, 1.72982239723, 1.42589390278, 0.898387849331, 1.16672074795, 0.89356637001, 0.542457282543, 0.466607600451, 0.297364771366, 0.239444106817, 0.318075537682, 0.286682546139, 0.158255964518, 0.101104915142, 0.10112567246, 0.0685937181115, 0.0210236273706, 0.00863792840391, 0.0050769248046, 0.00141227606218, 0.000706818711478, 0.000402637990192, 0.000238893175265, 6.04703054705e-05, 2.59679727606e-05, 1.15033944894e-05, 1.74384126694e-06, 7.8917337305e-06, 1.56007845362e-05],
        "min": [2.51961597575e-21, 7.64306404167e-21, 1.03273386386e-20, 1.58172151951e-20, 8.27503019121e-20, 2.00970819349e-19, 2.54769560715e-19, 3.71610321503e-19, 6.05034383113e-19, 1.01798160816e-18, 2.99390681486e-18, 1.26370326054e-18, 7.22785145972e-19, 3.00489590929e-18, 3.6108861513e-18, 8.52136155325e-18, 4.52145815013e-18, 7.5669258209e-18, 9.94754500639e-18, 1.16088462768e-17, 1.15298745166e-17, 1.2674750387e-17, 6.29933067558e-18, 9.26683161054e-18, 1.10314601472e-17, 1.85028325453e-17, 1.75566388406e-17, 2.14804842271e-17, 1.55299487325e-17, 1.37879667466e-17, 1.06832766663e-17, 1.62126109659e-17, 2.01001944087e-17, 1.07668765021e-17, 1.0633611088e-17, 6.20975197832e-18, 3.53092591021e-18, 1.44929643041e-18, 4.08091752402e-19, 3.46803711307e-20],
        "var": [0.000143377183122, 0.77518171072, 35.9434776306, 120.073356628, 6052.06835938, 1306.24597168, 3409.43505859, 6200.84179688, 3731.88769531, 450.837524414, 32.2912750244, 30.4031887054, 407.638183594, 29.0737915039, 105.771217346, 43.5663299561, 747.742797852, 16.7051010132, 2.94782090187, 50.0105361938, 7.47802209854, 15.3209438324, 15.6402215958, 17.4271678925, 7.29169797897, 123.781486511, 5.63959360123, 0.451056987047, 0.193944379687, 0.268387258053, 0.0460003688931, 0.0156113915145, 0.0250669196248, 0.0349039621651, 0.00240154704079, 0.000281258544419, 3.85967141483e-05, 1.77552169589e-06, 3.40653443232e-08, 1.13773868105e-09]
    },
    "gfcc": {
        "mean": [-176.105224609, 186.846282959, -108.864395142, 11.7222299576, -47.5053215027, -31.1381645203, -34.5933685303, -25.3859004974, -29.305803299, -14.1773424149, -4.29579114914, -9.80916786194, -2.65796017647],
        "cov": [[12218.0566406, -1451.36486816, -492.423797607, 1241.42932129, -517.389953613, 700.053283691, -137.414978027, 358.558685303, -308.55847168, 68.2316894531, -266.070953369, -141.081268311, -107.081680298], [-1451.36486816, 2069.98706055, 212.302734375, -443.768768311, 616.088439941, -502.60736084, 328.645996094, -345.520996094, 226.805755615, -171.839050293, 194.620742798, -137.420196533, 112.992095947], [-492.423797607, 212.302734375, 869.025146484, -108.178909302, 209.965118408, 64.1302490234, -62.7113571167, 6.1469078064, -83.8699035645, -29.7045917511, -54.3988380432, 51.8823165894, -24.5705356598], [1241.42932129, -443.768768311, -108.178909302, 512.532775879, -79.2995529175, 219.212768555, 38.9079399109, 110.414154053, -20.0495471954, -30.2131347656, -56.4999847412, -18.4192371368, 10.4885511398], [-517.389953613, 616.088439941, 209.965118408, -79.2995529175, 346.728485107, -86.7758865356, 123.705123901, -67.5606155396, 55.6910133362, -61.6673240662, 28.274389267, -13.2977962494, 21.5470504761], [700.053283691, -502.60736084, 64.1302490234, 219.212768555, -86.7758865356, 319.210601807, -27.8047447205, 138.008682251, -55.1136894226, 34.5518112183, -67.9522476196, 4.75041103363, -13.3373746872], [-137.414978027, 328.645996094, -62.7113571167, 38.9079399109, 123.705123901, -27.8047447205, 189.118270874, -16.2020626068, 60.0863304138, -32.2818756104, 25.2668476105, -24.6775817871, 39.8073310852], [358.558685303, -345.520996094, 6.1469078064, 110.414154053, -67.5606155396, 138.008682251, -16.2020626068, 198.246734619, -0.892676889896, 15.6466426849, -62.3025627136, 63.7598953247, 11.295165062], [-308.55847168, 226.805755615, -83.8699035645, -20.0495471954, 55.6910133362, -55.1136894226, 60.0863304138, -0.892676889896, 132.697494507, 0.874692499638, 29.2848987579, -21.3872566223, 29.3843917847], [68.2316894531, -171.839050293, -29.7045917511, -30.2131347656, -61.6673240662, 34.5518112183, -32.2818756104, 15.6466426849, 0.874692499638, 137.451538086, 35.3827056885, -13.3829813004, -39.0070877075], [-266.070953369, 194.620742798, -54.3988380432, -56.4999847412, 28.274389267, -67.9522476196, 25.2668476105, -62.3025627136, 29.2848987579, 35.3827056885, 111.203765869, -16.658367157, -23.8371009827], [-141.081268311, -137.420196533, 51.8823165894, -18.4192371368, -13.2977962494, 4.75041103363, -24.6775817871, 63.7598953247, -21.3872566223, -13.3829813004, -16.658367157, 126.275405884, 2.66432952881], [-107.081680298, 112.992095947, -24.5705356598, 10.4885511398, 21.5470504761, -13.3373746872, 39.8073310852, 11.295165062, 29.3843917847, -39.0070877075, -23.8371009827, 2.66432952881, 108.130378723]],
        "icov": [[0.000160219817189, -0.00048375048209, 0.000212209182791, -0.000530352641363, 0.000324832624756, -0.000242462992901, 0.000414765148889, -0.000259187130723, 0.000586817506701, -0.000507946184371, 0.000656198069919, -0.000131970751681, 0.000348781468347], [-0.00048375048209, 0.0069085508585, -0.00200471561402, 0.00391101511195, -0.0049636005424, 0.00383283174597, -0.00502512278035, 0.00195993110538, -0.0044998601079, 0.0059926295653, -0.00721397902817, 0.0047337920405, -0.00374836823903], [0.000212209182791, -0.00200471561402, 0.00264465995133, -0.00082263519289, -0.000605583481956, -0.00194319128059, 0.0027742376551, -0.000597234931774, 0.0024908434134, -0.00184778135736, 0.00283112726174, -0.00172454933636, 0.00123096012976], [-0.000530352641363, 0.00391101511195, -0.00082263519289, 0.00616384902969, -0.0023388043046, -0.000158535287483, -0.00392386782914, 0.000643632258289, -0.00292505370453, 0.00524600455537, -0.00449061626568, 0.00307793426327, -0.00195153488312], [0.000324832624756, -0.0049636005424, -0.000605583481956, -0.0023388043046, 0.0101997228339, -0.00227205664851, -0.000469852850074, -0.000338292506058, 0.00119253445882, -0.00250814598985, 0.00460807373747, -0.00341944629326, 0.00336451362818], [-0.000242462992901, 0.00383283174597, -0.00194319128059, -0.000158535287483, -0.00227205664851, 0.00960907153785, -0.00314085790887, -0.00280581787229, -0.000283120229142, 0.00126033031847, -0.0027391477488, 0.00463928701356, -0.0017706498038], [0.000414765148889, -0.00502512278035, 0.0027742376551, -0.00392386782914, -0.000469852850074, -0.00314085790887, 0.0134605076164, -0.00210226187482, 0.00224284129217, -0.00378162949346, 0.00345345120877, -0.00253246282227, 0.000493269879371], [-0.000259187130723, 0.00195993110538, -0.000597234931774, 0.000643632258289, -0.000338292506058, -0.00280581787229, -0.00210226187482, 0.0127407507971, -0.00527767837048, -0.000264662958216, 0.00238254154101, -0.00517066009343, -0.00134713004809], [0.000586817506701, -0.0044998601079, 0.0024908434134, -0.00292505370453, 0.00119253445882, -0.000283120229142, 0.00224284129217, -0.00527767837048, 0.0154734319076, -0.00502085313201, 0.00262033939362, -2.09014760912e-05, 0.000148124308907], [-0.000507946184371, 0.0059926295653, -0.00184778135736, 0.00524600455537, -0.00250814598985, 0.00126033031847, -0.00378162949346, -0.000264662958216, -0.00502085313201, 0.0167154278606, -0.0110902115703, 0.00603687763214, -0.000817944703158], [0.000656198069919, -0.00721397902817, 0.00283112726174, -0.00449061626568, 0.00460807373747, -0.0027391477488, 0.00345345120877, 0.00238254154101, 0.00262033939362, -0.0110902115703, 0.0233545918018, -0.0066757905297, 0.00709091033787], [-0.000131970751681, 0.0047337920405, -0.00172454933636, 0.00307793426327, -0.00341944629326, 0.00463928701356, -0.00253246282227, -0.00517066009343, -2.09014760912e-05, 0.00603687763214, -0.0066757905297, 0.0154749304056, -0.00271123228595], [0.000348781468347, -0.00374836823903, 0.00123096012976, -0.00195153488312, 0.00336451362818, -0.0017706498038, 0.000493269879371, -0.00134713004809, 0.000148124308907, -0.000817944703158, 0.00709091033787, -0.00271123228595, 0.0143443457782]]
    },
    "melbands": {
        "dmean": [5.11818725499e-05, 0.000430184270954, 0.000781719514634, 0.00104523869231, 0.00024660435156, 0.000319534126902, 0.000174022265128, 4.18946365244e-05, 9.55320683715e-06, 7.67804249335e-06, 1.38844434332e-05, 4.78984384245e-06, 8.82656968315e-06, 3.73121224584e-06, 1.18097395898e-05, 7.07917752152e-06, 1.31677779791e-06, 6.47028230105e-07, 1.33418939186e-06, 1.17311412851e-06, 5.61754234241e-07, 8.08639413208e-07, 1.47266280237e-06, 8.00171505944e-07, 6.09065068602e-07, 2.60642110561e-07, 7.9892430449e-07, 1.01951968645e-06, 2.90559967198e-07, 1.86876732755e-07, 7.27267490674e-08, 4.60559697046e-08, 9.469145823e-08, 7.09398477738e-08, 3.55143079389e-08, 1.63979763101e-08, 2.35255139813e-08, 3.50478330802e-08, 3.22394910768e-08, 4.06787918905e-08],
        "dmean2": [5.58318897674e-05, 0.000557497609407, 0.00108258693945, 0.00148722587619, 0.000361000769772, 0.000475688779261, 0.000285580492346, 6.24505628366e-05, 1.399237226e-05, 1.07295554699e-05, 1.61496336659e-05, 6.09789913142e-06, 1.1947897292e-05, 5.83486462347e-06, 1.79944509e-05, 1.0547484635e-05, 1.85116334706e-06, 9.43540953813e-07, 1.89589627553e-06, 1.63919196439e-06, 8.25982681363e-07, 1.15935642953e-06, 1.98231623472e-06, 9.59432554737e-07, 8.39988217649e-07, 3.96900986743e-07, 9.76626211013e-07, 1.23872962376e-06, 4.49610553233e-07, 2.86096565105e-07, 1.0179824983e-07, 6.5082943479e-08, 1.46485959363e-07, 1.08540440635e-07, 5.71754128487e-08, 2.69266067221e-08, 4.0232961851e-08, 5.90701247916e-08, 5.55021983928e-08, 7.24075448488e-08],
        "dvar": [2.72168723114e-08, 1.53851578943e-06, 4.83618850922e-06, 1.33429521156e-05, 3.90141536855e-07, 7.40447831049e-07, 3.21469116216e-07, 2.65108770492e-08, 5.69172597942e-10, 8.60134630187e-10, 1.77581060967e-09, 1.23836302324e-10, 9.90537429857e-10, 1.20323057073e-10, 2.02548222639e-09, 7.75830510946e-10, 1.78638319415e-11, 3.18003197559e-12, 2.27305535505e-11, 1.673727823e-11, 5.08550883696e-12, 4.44651867409e-12, 1.59090188939e-11, 1.27747517426e-11, 5.59961929256e-12, 2.00423878882e-12, 1.14182951289e-11, 1.96203591568e-11, 2.15769177699e-12, 5.55406957405e-13, 7.29537957822e-14, 2.5430073764e-14, 1.2033745582e-13, 9.04226238156e-14, 2.43187733135e-14, 8.04802679713e-15, 1.18923925544e-14, 3.08778135981e-14, 1.56052962571e-14, 4.34753212705e-14],
        "dvar2": [2.8911575356e-08, 2.35763695855e-06, 8.35890114104e-06, 2.49654640356e-05, 7.90649437477e-07, 1.72976217527e-06, 8.45191607368e-07, 5.5506998109e-08, 1.26447918802e-09, 1.99788185995e-09, 2.57635379697e-09, 2.11798134586e-10, 1.64442859329e-09, 3.03830460791e-10, 4.71680872138e-09, 1.74281211685e-09, 3.55630941362e-11, 6.1210598222e-12, 4.31141997104e-11, 3.20430799949e-11, 9.6477244596e-12, 9.14715352074e-12, 3.14676930346e-11, 2.01850793025e-11, 9.96383964919e-12, 3.62749175316e-12, 1.78638302067e-11, 2.98396099496e-11, 5.20765939052e-12, 1.35869722591e-12, 1.44735677436e-13, 5.37341337062e-14, 2.82277727668e-13, 1.97603706401e-13, 6.36667300369e-14, 2.21814652421e-14, 3.19754700419e-14, 8.16944236326e-14, 4.20306726977e-14, 1.20803757622e-13],
        "max": [0.00502070784569, 0.0353054441512, 0.0724708065391, 0.120970107615, 0.0173506382853, 0.0307894367725, 0.0186991933733, 0.00403596507385, 0.000499452464283, 0.00183956080582, 0.00165033421945, 0.000224354167585, 0.000719511532225, 0.000240399094764, 0.00102596031502, 0.000635280506685, 0.000154155568453, 8.21363355499e-05, 0.00022202434775, 0.000180970397196, 0.000152543812874, 8.55502221384e-05, 7.98432956799e-05, 0.000112380694191, 6.8629909947e-05, 8.0133031588e-05, 6.8913497671e-05, 9.4604329206e-05, 0.000100752862636, 4.20864016633e-05, 7.27351152818e-06, 7.0402224992e-06, 1.05575863927e-05, 8.08380173112e-06, 3.13281157105e-06, 4.16990542362e-06, 2.53204416367e-06, 3.27229599861e-06, 3.61585557584e-06, 9.64864102571e-06],
        "mean": [0.000117436626169, 0.000980228884146, 0.0018495649565, 0.00154519779608, 0.00105138483923, 0.00108068611007, 0.000432097411249, 7.15018468327e-05, 1.79258968274e-05, 1.63205513672e-05, 3.93785558117e-05, 1.23373547467e-05, 1.43289580592e-05, 6.10992992733e-06, 1.93785235751e-05, 1.15994607768e-05, 2.94094365927e-06, 1.35764014431e-06, 2.46209606303e-06, 2.12266263588e-06, 8.04854096259e-07, 1.46535160184e-06, 2.75437878372e-06, 1.38423854423e-06, 9.3243960464e-07, 3.38600273153e-07, 1.24151847558e-06, 1.63733034242e-06, 3.64571377531e-07, 2.57375717183e-07, 9.02238141975e-08, 5.28374286546e-08, 9.50670226985e-08, 7.0096824345e-08, 3.12920285239e-08, 1.36092612735e-08, 1.75099739153e-08, 2.55092125201e-08, 2.30474270779e-08, 2.70039972605e-08],
        "median": [9.24584674067e-06, 0.000241928370087, 0.000775398162659, 0.00026779086329, 0.000293961464195, 0.000577604863793, 0.000153493427206, 1.69002451003e-05, 6.04132765147e-06, 4.96262191518e-06, 8.62543674884e-06, 4.7269818424e-06, 2.54883207162e-06, 1.79683092938e-06, 2.67327686743e-06, 1.23945733321e-06, 6.71286500165e-07, 5.88674595292e-07, 4.77724029224e-07, 2.61340773022e-07, 1.30867789494e-07, 2.84737694756e-07, 2.18725347167e-07, 1.1187886173e-07, 8.15982730273e-08, 5.14445623878e-08, 5.16873797096e-08, 5.32905488626e-08, 3.28757536749e-08, 1.60790190051e-08, 4.78873474208e-09, 3.54920270951e-09, 4.17817691556e-09, 1.80094850144e-09, 6.22379814352e-10, 4.02678640432e-10, 3.27192523075e-10, 2.59888555121e-10, 2.09617143088e-10, 1.58170906928e-10],
        "min": [1.79380832509e-23, 6.55007026266e-24, 5.2362559516e-24, 9.29849754962e-24, 9.71252488484e-24, 8.97665649979e-24, 8.20184047412e-24, 1.41281864236e-23, 2.42432133858e-23, 6.74997274364e-24, 3.61689490714e-24, 1.1886861409e-23, 1.21618772533e-23, 1.65369889749e-23, 2.39221233316e-23, 6.19361360188e-24, 1.46091833165e-23, 1.39958755171e-23, 2.05332021263e-23, 1.27030098018e-23, 1.2567116678e-23, 1.39663500312e-23, 8.80197350752e-24, 4.17703032606e-24, 7.69466207664e-24, 9.00836318615e-24, 7.95457202338e-24, 1.36844411204e-23, 1.0525688228e-23, 1.08579943066e-23, 1.36979085537e-23, 9.2762698159e-24, 8.92461061271e-24, 6.4968071632e-24, 6.0903532871e-24, 5.85107639176e-24, 1.17945212958e-23, 1.51721081476e-23, 1.06881146884e-23, 7.95854393804e-24],
        "var": [1.47868803424e-07, 5.89430192122e-06, 1.14000786198e-05, 2.28712506214e-05, 2.79531946035e-06, 2.89060608338e-06, 7.00725195202e-07, 4.85846314291e-08, 1.21908161343e-09, 1.40705713747e-09, 9.95277993354e-09, 4.26652935204e-10, 1.97715399608e-09, 1.61465008031e-10, 2.98219782202e-09, 1.19009180288e-09, 5.49878476086e-11, 7.63700821332e-12, 4.62348596908e-11, 3.57911755788e-11, 1.17720303991e-11, 1.06561799315e-11, 4.51632967136e-11, 3.64697820554e-11, 1.3321723065e-11, 3.7207862659e-12, 2.5474431592e-11, 4.62839454263e-11, 2.54235933521e-12, 8.17429674296e-13, 1.32602736842e-13, 3.6312410869e-14, 1.39745216809e-13, 1.07469304181e-13, 2.0252125782e-14, 5.51710209161e-15, 8.46544971573e-15, 2.24278959255e-14, 1.09067884051e-14, 2.72932040466e-14]
    },
    "mfcc": {
        "mean": [-813.543334961, 197.57522583, 14.3833417892, 26.1520004272, 2.53623270988, -6.45013999939, -3.67985415459, -15.8993387222, -17.4737701416, -17.3318977356, -13.2000637054, -6.64179611206, -3.88581466675],
        "cov": [[6979.80322266, 277.996368408, -732.956237793, 778.387939453, -193.776657104, 269.89440918, 267.149414062, -10.4033384323, 194.763641357, 109.195037842, 84.1178741455, 38.7263526917, 83.7585830688], [277.996368408, 1668.14367676, 34.7469062805, 41.7695579529, 203.922546387, -9.53845977783, 68.1369400024, -7.0788936615, -97.0250549316, 4.66827964783, 2.74341511726, -100.842094421, -149.402420044], [-732.956237793, 34.7469062805, 526.685974121, -84.5283508301, 132.787261963, 36.3014297485, -16.2581119537, 23.7971343994, -21.3444709778, -41.3990478516, -11.5236053467, -30.575838089, -20.8021831512], [778.387939453, 41.7695579529, -84.5283508301, 337.545410156, 17.1365642548, 93.8487930298, 84.1447906494, 60.1988258362, 76.333656311, 19.5051574707, 31.4931221008, 5.7569103241, -9.17544269562], [-193.776657104, 203.922546387, 132.787261963, 17.1365642548, 191.842849731, 35.1345672607, 23.8154220581, 57.0218582153, 25.8848838806, 4.12300539017, 10.3598566055, -0.637081980705, -47.349155426], [269.89440918, -9.53845977783, 36.3014297485, 93.8487930298, 35.1345672607, 150.210983276, 71.3811035156, 22.1627674103, 37.9933395386, 43.2599716187, 7.92156076431, 15.6779909134, 30.8686656952], [267.149414062, 68.1369400024, -16.2581119537, 84.1447906494, 23.8154220581, 71.3811035156, 138.771560669, 42.3331031799, 29.9259605408, 34.8162727356, 17.7284317017, -1.12930750847, 9.13816356659], [-10.4033384323, -7.0788936615, 23.7971343994, 60.1988258362, 57.0218582153, 22.1627674103, 42.3331031799, 176.104187012, 104.813903809, -33.1942863464, 15.2248773575, 3.88393378258, -58.3731842041], [194.763641357, -97.0250549316, -21.3444709778, 76.333656311, 25.8848838806, 37.9933395386, 29.9259605408, 104.813903809, 200.849822998, 29.7580108643, -22.1570243835, 33.3508720398, -17.6993484497], [109.195037842, 4.66827964783, -41.3990478516, 19.5051574707, 4.12300539017, 43.2599716187, 34.8162727356, -33.1942863464, 29.7580108643, 172.112869263, 30.1551208496, 14.9637403488, 48.8663711548], [84.1178741455, 2.74341511726, -11.5236053467, 31.4931221008, 10.3598566055, 7.92156076431, 17.7284317017, 15.2248773575, -22.1570243835, 30.1551208496, 144.219589233, 5.26467466354, -5.51103305817], [38.7263526917, -100.842094421, -30.575838089, 5.7569103241, -0.637081980705, 15.6779909134, -1.12930750847, 3.88393378258, 33.3508720398, 14.9637403488, 5.26467466354, 147.906723022, 60.390827179], [83.7585830688, -149.402420044, -20.8021831512, -9.17544269562, -47.349155426, 30.8686656952, 9.13816356659, -58.3731842041, -17.6993484497, 48.8663711548, -5.51103305817, 60.390827179, 185.261138916]],
