{
"lowlevel": {
    "average_loudness": 0.965153872967,
    "barkbands_crest": {
        "dmean": 4.6687335968,
        "dmean2": 7.85023880005,
        "dvar": 14.1044645309,
        "dvar2": 36.178604126,
        "max": 25.3723049164,
        "mean": 12.1157741547,
        "median": 11.5686397552,
        "min": 2.4433760643,
        "var": 28.4702072144
    },
    "barkbands_flatness_db": {
        "dmean": 0.0406462177634,
        "dmean2": 0.066364787519,
        "dvar": 0.00149058108218,
        "dvar2": 0.00357050541788,
        "max": 0.530246317387,
        "mean": 0.142293795943,
        "median": 0.127994149923,
        "min": 0.0176634360105,
        "var": 0.00474249338731
    },
    "barkbands_kurtosis": {
        "dmean": 8.23415184021,
        "dmean2": 14.3855381012,
        "dvar": 269.741027832,
        "dvar2": 748.697998047,
        "max": 207.169158936,
        "mean": 6.57531023026,
        "median": 0.776746273041,
        "min": -1.90032327175,
        "var": 277.087799072
    },
    "barkbands_skewness": {
        "dmean": 1.28348827362,
        "dmean2": 2.0515024662,
        "dvar": 1.662322402,
        "dvar2": 4.09003686905,
        "max": 11.8874702454,
        "mean": 1.83703792095,
        "median": 1.38838291168,
        "min": -3.11909914017,
        "var": 3.49878334999
    },
    "barkbands_spread": {
        "dmean": 12.9366865158,
        "dmean2": 21.7965564728,
        "dvar": 171.500854492,
        "dvar2": 454.04208374,
        "max": 126.294815063,
        "mean": 32.1347885132,
        "median": 29.4254016876,
        "min": 0.357098698616,
        "var": 413.279388428
    },
    "dissonance": {
        "dmean": 0.00736843096092,
        "dmean2": 0.0128766912967,
        "dvar": 5.99354643782e-05,
        "dvar2": 0.00017300437321,
        "max": 0.500000119209,
        "mean": 0.489142000675,
        "median": 0.491480469704,
        "min": 0.360110759735,
        "var": 8.16056126496e-05
    },
    "dynamic_complexity": 2.41965842247,
    "erbbands_crest": {
        "dmean": 2.4809346199,
        "dmean2": 4.18117761612,
        "dvar": 5.13500642776,
        "dvar2": 13.8358783722,
        "max": 28.7388744354,
        "mean": 7.7476477623,
        "median": 7.1488070488,
        "min": 1.92689263821,
        "var": 8.64655208588
    },
    "erbbands_flatness_db": {
        "dmean": 0.0194193068892,
        "dmean2": 0.0302254334092,
        "dvar": 0.000284291076241,
        "dvar2": 0.000638771336526,
        "max": 0.414308190346,
        "mean": 0.150114908814,
        "median": 0.146543294191,
        "min": 0.0200497917831,
        "var": 0.00183836161159
    },
    "erbbands_kurtosis": {
        "dmean": 1.33932650089,
        "dmean2": 2.18824934959,
        "dvar": 3.07320332527,
        "dvar2": 7.62123918533,
        "max": 29.310546875,
        "mean": 0.859699726105,
        "median": 0.111443281174,
        "min": -1.80641853809,
        "var": 6.246322155
    },
    "erbbands_skewness": {
        "dmean": 0.468886852264,
        "dmean2": 0.772731184959,
        "dvar": 0.196083888412,
        "dvar2": 0.50816732645,
        "max": 2.40425801277,
        "mean": -0.666430354118,
        "median": -0.615050792694,
        "min": -3.98243784904,
        "var": 0.43666639924
    },
    "erbbands_spread": {
        "dmean": 11.9147100449,
        "dmean2": 19.435459137,
        "dvar": 144.046585083,
        "dvar2": 369.747558594,
        "max": 145.532958984,
        "mean": 39.6825942993,
        "median": 37.6932868958,
        "min": 4.09675073624,
        "var": 295.009643555
    },
    "hfc": {
        "dmean": 13.7326850891,
        "dmean2": 21.3146076202,
        "dvar": 504.575775146,
        "dvar2": 1018.27935791,
        "max": 305.980987549,
        "mean": 30.1833782196,
        "median": 20.7649230957,
        "min": 1.1956106955e-16,
        "var": 1111.52941895
    },
    "melbands_crest": {
        "dmean": 6.29445409775,
        "dmean2": 10.3337717056,
        "dvar": 29.2304725647,
        "dvar2": 67.8286743164,
        "max": 37.078704834,
        "mean": 20.0945701599,
        "median": 19.3806762695,
        "min": 2.42972517014,
        "var": 72.0825576782
    },
    "melbands_flatness_db": {
        "dmean": 0.0556810721755,
        "dmean2": 0.0891650319099,
        "dvar": 0.00245727715082,
        "dvar2": 0.005634768866,
        "max": 0.659170746803,
        "mean": 0.215664684772,
        "median": 0.202146559954,
        "min": 0.00595760904253,
        "var": 0.00797598436475
    },
    "melbands_kurtosis": {
        "dmean": 27.6217746735,
        "dmean2": 47.77576828,
        "dvar": 2600.31811523,
        "dvar2": 7304.93994141,
        "max": 829.755310059,
        "mean": 27.9744529724,
        "median": 9.66377639771,
        "min": -1.80580055714,
        "var": 2655.95874023
    },
    "melbands_skewness": {
        "dmean": 2.01191830635,
        "dmean2": 3.26740884781,
        "dvar": 4.42319488525,
        "dvar2": 11.2681541443,
        "max": 22.7147769928,
        "mean": 3.89159083366,
        "median": 2.99920558929,
        "min": -1.7509226799,
        "var": 8.58715820312
    },
    "melbands_spread": {
        "dmean": 18.5518875122,
        "dmean2": 30.3458576202,
        "dvar": 481.145507812,
        "dvar2": 1111.21337891,
        "max": 247.758728027,
        "mean": 31.4731845856,
        "median": 25.0241889954,
        "min": 0.185875445604,
        "var": 761.02911377
    },
    "pitch_salience": {
        "dmean": 0.129452317953,
        "dmean2": 0.217906221747,
        "dvar": 0.0112125305459,
        "dvar2": 0.0275089293718,
        "max": 0.998018920422,
        "mean": 0.487965047359,
        "median": 0.496473014355,
        "min": 0.130082115531,
        "var": 0.0241020675749
    },
    "silence_rate_20dB": {
        "dmean": 0,
        "dmean2": 0,
        "dvar": 0,
        "dvar2": 0,
        "max": 1,
        "mean": 1,
        "median": 1,
        "min": 1,
        "var": 0
    },
    "silence_rate_30dB": {
        "dmean": 0,
        "dmean2": 0,
        "dvar": 0,
        "dvar2": 0,
        "max": 1,
        "mean": 1,
        "median": 1,
        "min": 1,
        "var": 0
    },
    "silence_rate_60dB": {
        "dmean": 0.00397178670391,
        "dmean2": 0.00794411730021,
        "dvar": 0.00395555701107,
        "dvar2": 0.00856421142817,
        "max": 1,
        "mean": 0.0251985751092,
        "median": 0,
        "min": 0,
        "var": 0.0245620571077
    },
    "spectral_centroid": {
        "dmean": 392.946838379,
        "dmean2": 622.977050781,
        "dvar": 130271.78125,
        "dvar2": 297088.5,
        "max": 11127.5009766,
        "mean": 2057.03515625,
        "median": 2120.87109375,
        "min": 202.251922607,
        "var": 532040.25
    },
    "spectral_complexity": {
        "dmean": 6.5293431282,
        "dmean2": 9.86042976379,
        "dvar": 36.0982513428,
        "dvar2": 72.4717102051,
        "max": 58,
        "mean": 25.9504928589,
        "median": 26,
        "min": 0,
        "var": 190.228805542
    },
    "spectral_decrease": {
        "dmean": 2.38992203805e-09,
        "dmean2": 3.84688148003e-09,
        "dvar": 4.43967645733e-18,
        "dvar2": 1.00550842763e-17,
        "max": 1.81411622961e-28,
        "mean": -8.31999180662e-09,
        "median": -8.86323725524e-09,
        "min": -1.70040195258e-08,
        "var": 1.52625725257e-17
    },
    "spectral_energy": {
        "dmean": 0.00838008429855,
        "dmean2": 0.0135923204944,
        "dvar": 5.87858812651e-05,
        "dvar2": 0.000135268608574,
        "max": 0.0645162686706,
        "mean": 0.0341392382979,
        "median": 0.0378758274019,
        "min": 1.093338657e-20,
        "var": 0.000229827899602
    },
    "spectral_energyband_high": {
        "dmean": 0.000981289544143,
        "dmean2": 0.00154153397307,
        "dvar": 5.21361016581e-06,
        "dvar2": 1.07107416625e-05,
        "max": 0.0320334210992,
        "mean": 0.00181847438216,
        "median": 0.000653426162899,
        "min": 7.92256869376e-21,
        "var": 1.14549893624e-05
    },
    "spectral_energyband_low": {
        "dmean": 0.0107338456437,
        "dmean2": 0.0175473298877,
        "dvar": 9.41173857427e-05,
        "dvar2": 0.000223176917643,
        "max": 0.0555615536869,
        "mean": 0.0199236534536,
        "median": 0.0167083796114,
        "min": 4.21139736694e-23,
        "var": 0.000252987432759
    },
    "spectral_energyband_middle_high": {
        "dmean": 0.00325108715333,
        "dmean2": 0.00516458274797,
        "dvar": 1.3953909729e-05,
        "dvar2": 3.10855903081e-05,
        "max": 0.0370710492134,
        "mean": 0.00647075660527,
        "median": 0.00483908737078,
        "min": 1.58006037282e-21,
        "var": 3.389842459e-05
    },
    "spectral_energyband_middle_low": {
        "dmean": 0.002988854656,
        "dmean2": 0.00486068567261,
        "dvar": 1.52009079102e-05,
        "dvar2": 3.65196210623e-05,
        "max": 0.0533375218511,
        "mean": 0.00585447857156,
        "median": 0.00308578787372,
        "min": 4.3576388628e-22,
        "var": 4.43634271505e-05
    },
    "spectral_entropy": {
        "dmean": 0.122664175928,
        "dmean2": 0.198135152459,
        "dvar": 0.0178403723985,
        "dvar2": 0.041194844991,
        "max": 9.79766654968,
        "mean": 7.85475587845,
        "median": 7.88915252686,
        "min": 6.20991277695,
        "var": 0.134991407394
    },
    "spectral_flux": {
        "dmean": 0.030835468322,
        "dmean2": 0.0523589737713,
        "dvar": 0.000696127244737,
        "dvar2": 0.00192023732234,
        "max": 0.236037522554,
        "mean": 0.11161980778,
        "median": 0.112322285771,
        "min": 1.04562837555e-10,
        "var": 0.00151554099284
    },
    "spectral_kurtosis": {
        "dmean": 1.68546307087,
        "dmean2": 2.92314982414,
        "dvar": 5.89034080505,
        "dvar2": 17.434885025,
        "max": 42.5924835205,
        "mean": 4.23861217499,
        "median": 3.80621862411,
        "min": -1.23429775238,
        "var": 8.35061168671
    },
    "spectral_rms": {
        "dmean": 0.000755116285291,
        "dmean2": 0.00122118403669,
        "dvar": 5.23412438724e-07,
        "dvar2": 1.23242648442e-06,
        "max": 0.00793364364654,
        "mean": 0.00555196357891,
        "median": 0.00607881788164,
        "min": 3.26599424588e-12,
        "var": 2.48231708611e-06
    },
    "spectral_rolloff": {
        "dmean": 1155.61560059,
        "dmean2": 1968.54321289,
        "dvar": 2823404.5,
        "dvar2": 6605611,
        "max": 19789.0136719,
        "mean": 1941.29589844,
        "median": 1593.45703125,
        "min": 43.06640625,
        "var": 4613561.5
    },
    "spectral_skewness": {
        "dmean": 0.212614178658,
        "dmean2": 0.358046323061,
        "dvar": 0.0563390813768,
        "dvar2": 0.160777270794,
        "max": 4.65870523453,
        "mean": 1.22890365124,
        "median": 1.22056674957,
        "min": -0.00662411469966,
        "var": 0.0975314453244
    },
    "spectral_spread": {
        "dmean": 454360.4375,
        "dmean2": 698925.0625,
        "dvar": 373960966144,
        "dvar2": 659809632256,
        "max": 41443036,
        "mean": 4101459,
        "median": 3669321.5,
        "min": 692458.5,
        "var": 3.40126466048e+12
    },
    "spectral_strongpeak": {
        "dmean": 0.495883196592,
        "dmean2": 0.893164873123,
        "dvar": 1.9060549736,
        "dvar2": 5.20734882355,
        "max": 23.1242256165,
        "mean": 0.510489702225,
        "median": 0.261996388435,
        "min": 0,
        "var": 1.33502268791
    },
    "zerocrossingrate": {
        "dmean": 0.0171657800674,
        "dmean2": 0.0215266421437,
        "dvar": 0.000455191417132,
        "dvar2": 0.000664434512146,
        "max": 0.5126953125,
        "mean": 0.0622275732458,
        "median": 0.05078125,
        "min": 0.00244140625,
        "var": 0.00243187719025
    },
    "barkbands": {
        "dmean": [0.00330041907728, 0.00978704635054, 0.00121655757539, 0.000914377800655, 0.00104056403507, 0.00146879965905, 0.000585112487897, 0.000184950971743, 0.000144476129208, 0.00026877905475, 0.000502614653669, 0.000418950774474, 0.000308661808958, 0.000355150987161, 0.00045103993034, 0.000413309666328, 0.000691151013598, 0.000707733910531, 0.00055828463519, 0.000160222756676, 0.000128519721329, 0.000214580199099, 0.000351263850462, 0.000138295683428, 0.00013504398521, 4.33777022408e-05, 3.22457708535e-05],
        "dmean2": [0.00514961406589, 0.0166044980288, 0.00211982172914, 0.00157173164189, 0.00172327959444, 0.00248920894228, 0.000959889031947, 0.000290030817268, 0.00024636942544, 0.000447200844064, 0.000847324146889, 0.000711645639967, 0.000531526224222, 0.000599572667852, 0.000740009651054, 0.000690063287038, 0.00115015695337, 0.00117215025239, 0.000906766625121, 0.000260111875832, 0.000212436323636, 0.000351504975697, 0.000558855885174, 0.000220368470764, 0.000205964912311, 6.78554861224e-05, 5.12796395924e-05],
        "dvar": [2.29582965403e-05, 7.89299301687e-05, 2.2463498226e-06, 1.81032123692e-06, 2.83249005406e-06, 8.94590630196e-06, 2.09691506825e-06, 1.87669755292e-07, 5.69570666187e-08, 3.99693476538e-07, 1.57958777436e-06, 4.35911886143e-07, 2.94069565143e-07, 3.92340410826e-07, 7.44662031593e-07, 4.62957018499e-07, 8.44069063533e-07, 1.60955698902e-06, 6.79208369547e-07, 5.04720212291e-08, 4.96814678286e-08, 1.95655360358e-07, 8.46916350383e-07, 2.82679593511e-07, 3.9974554511e-07, 1.80137718075e-08, 1.85193158586e-08],
        "dvar2": [5.60486478207e-05, 0.000193901010789, 6.57795544612e-06, 4.81414826936e-06, 6.96144707035e-06, 2.51071542152e-05, 4.55007557321e-06, 3.88895699643e-07, 1.519377264e-07, 9.77794570645e-07, 3.92572883356e-06, 1.11631209165e-06, 7.62719309932e-07, 1.03313789168e-06, 1.82311316621e-06, 1.19060973702e-06, 2.1546568405e-06, 4.02815021516e-06, 1.690627073e-06, 1.18568287633e-07, 1.23702477595e-07, 5.10300083079e-07, 2.01857892534e-06, 5.59168256586e-07, 8.56190752074e-07, 4.0460054862e-08, 3.89883219043e-08],
        "max": [0.0397486314178, 0.0488331578672, 0.0153494570404, 0.0196970570832, 0.0412226356566, 0.0333614461124, 0.0401519685984, 0.0095382463187, 0.00370572693646, 0.0250698719174, 0.0229452122003, 0.00928604323417, 0.0153876105323, 0.0142053700984, 0.0203207898885, 0.0179105103016, 0.0158269163221, 0.0196865145117, 0.0161191727966, 0.00448800483719, 0.00331323547289, 0.00760043179616, 0.0183847695589, 0.0089918570593, 0.0112802106887, 0.00252730119973, 0.0033492881339],
        "mean": [0.00399742741138, 0.0145632475615, 0.00147877505515, 0.00108732248191, 0.00158517505042, 0.00181833829265, 0.000817504012957, 0.000267124647507, 0.000202691036975, 0.00033909548074, 0.000585724774282, 0.00053408369422, 0.000415616988903, 0.000486422650283, 0.000655777577776, 0.000600543164182, 0.000992022687569, 0.000951491121668, 0.000791404861957, 0.000275158294244, 0.000230470381211, 0.000332833034918, 0.000607247522566, 0.000218766726903, 0.000183705924428, 7.24937417544e-05, 4.84674274048e-05],
        "median": [0.000720909738448, 0.0114550217986, 0.000930849695578, 0.000562115921639, 0.00078546628356, 0.000410494249081, 0.000120302422147, 5.27057854924e-05, 8.49762000144e-05, 0.000131436303491, 0.000203623785637, 0.000250993674854, 0.000226102536544, 0.000243564951234, 0.00026000966318, 0.000350340094883, 0.000633708550595, 0.000592623371631, 0.000472223240649, 0.000164046228747, 0.000139435956953, 0.00014149362687, 7.64813448768e-05, 3.93697773688e-05, 2.22059316002e-05, 8.03591319709e-06, 2.08861138162e-06],
        "min": [5.3866873875e-24, 1.36113010927e-23, 6.99296951258e-24, 2.45028653751e-23, 6.47882184454e-23, 6.29768486566e-23, 1.57043652221e-22, 4.27340498953e-23, 6.35670491423e-23, 5.15483935307e-23, 2.47225931139e-23, 9.95105622774e-23, 1.292429065e-22, 1.54132970051e-22, 1.9676216771e-22, 1.33658179919e-22, 2.45263746922e-22, 2.25658849488e-22, 2.1873456925e-22, 3.5357798428e-22, 5.16230980273e-22, 4.58254272822e-22, 5.61773624271e-22, 8.52186064366e-22, 1.31791278109e-21, 1.77397525753e-21, 2.34690183515e-21],
        "var": [3.66056556231e-05, 0.000160307041369, 2.74713534054e-06, 2.242825758e-06, 6.87251349518e-06, 1.05930812424e-05, 5.37382720722e-06, 4.427303395e-07, 8.61693649767e-08, 4.80647941004e-07, 1.96535165742e-06, 5.96882216541e-07, 4.20709454829e-07, 5.35337107976e-07, 1.30161527068e-06, 6.77382104186e-07, 1.21153880173e-06, 1.75250852408e-06, 1.09514655833e-06, 1.07213956824e-07, 8.33006197354e-08, 3.12094499577e-07, 2.06970617e-06, 4.68949679089e-07, 5.43884425497e-07, 3.5881512872e-08, 3.48511051129e-08]
    },
    "erbbands": {
        "dmean": [0.461000084877, 1.87273669243, 1.71574783325, 2.17947053909, 2.70665717125, 3.21179866791, 13.2427206039, 8.40728855133, 9.57699298859, 4.74355792999, 3.85939884186, 3.09850358963, 5.76426458359, 13.2207756042, 20.4358272552, 15.3304157257, 13.2957239151, 17.4733657837, 18.6673793793, 23.0456848145, 26.0198860168, 39.1413421631, 38.6271781921, 33.8942146301, 20.434431076, 7.44605207443, 5.49260997772, 5.01351499557, 6.68122291565, 10.5023174286, 10.0809144974, 3.44550514221, 2.50572657585, 1.70855867863, 0.878284990788, 0.219185113907, 0.0796986371279, 0.0254955235869, 0.0051860040985, 0.000407034473028],
        "dmean2": [0.754004776478, 3.30582976341, 3.04139661789, 3.76799941063, 4.57446956635, 5.25807285309, 22.7781467438, 14.0072746277, 15.820889473, 7.52575922012, 6.02972173691, 5.24360799789, 9.74461460114, 22.0954532623, 34.239982605, 26.0664997101, 22.8323993683, 29.5373191833, 31.2318611145, 37.0979957581, 43.5067634583, 64.9901733398, 63.9249801636, 54.7374038696, 33.0873222351, 12.0071992874, 8.92436122894, 8.30792808533, 10.8630123138, 17.0233821869, 16.069852829, 5.44463300705, 3.83350563049, 2.68593788147, 1.39086139202, 0.342884600163, 0.127557143569, 0.0400282852352, 0.0082575539127, 0.000653145776596],
        "dvar": [0.263025194407, 3.49666643143, 4.93273639679, 7.45787525177, 25.4133930206, 24.6036434174, 936.473266602, 220.065689087, 585.129882812, 115.604705811, 84.0191650391, 26.6104221344, 106.6822052, 844.055969238, 2034.48168945, 544.746032715, 582.172485352, 944.520629883, 916.307739258, 2380.69702148, 1691.50939941, 2790.92602539, 5490.44433594, 2651.44799805, 927.677001953, 106.066459656, 68.2840270996, 93.6146774292, 165.981369019, 593.160644531, 739.385498047, 139.276397705, 114.821861267, 58.2977714539, 21.0171413422, 0.633813142776, 0.0549216680229, 0.00862875953317, 0.000478997069877, 3.22451637658e-06],
        "dvar2": [0.634029448032, 10.1082983017, 15.18546772, 20.8301010132, 62.2932014465, 58.2326278687, 2642.83203125, 584.792419434, 1308.42626953, 244.402069092, 169.465362549, 69.1234817505, 274.274505615, 2146.96264648, 4944.09619141, 1410.4185791, 1499.12463379, 2479.50756836, 2353.75537109, 5754.53662109, 4429.37841797, 7170.54052734, 14029.9560547, 6497.18994141, 2311.50073242, 247.339691162, 164.809173584, 244.34777832, 425.033325195, 1430.4251709, 1779.79040527, 314.254486084, 237.638885498, 114.502334595, 51.0383987427, 1.39459681511, 0.127740159631, 0.0193347036839, 0.00102844729554, 6.92156118021e-06],
        "max": [2.63217306137, 11.0940065384, 18.7113018036, 31.654209137, 179.863983154, 96.30418396, 363.432556152, 216.393829346, 659.518432617, 222.402404785, 246.829544067, 104.022476196, 280.154144287, 704.383239746, 998.407287598, 374.945831299, 642.81237793, 704.72644043, 688.986633301, 1614.26672363, 1105.89526367, 999.166625977, 1199.56787109, 518.094604492, 572.72253418, 235.24055481, 100.205482483, 156.505081177, 196.485992432, 367.911010742, 466.237945557, 217.748336792, 205.487304688, 138.131454468, 89.1110534668, 13.9795532227, 4.27852869034, 2.40915465355, 0.537773013115, 0.0448176153004],
        "mean": [0.664575815201, 2.27690196037, 2.19901394844, 2.85009479523, 3.68927264214, 4.96376752853, 15.4410390854, 12.2938117981, 13.3209247589, 6.87586021423, 5.79687643051, 4.57781267166, 7.62175703049, 16.5036716461, 25.4683856964, 20.5458221436, 18.9842281342, 24.7885913849, 27.8756389618, 35.4112129211, 39.1117668152, 56.5547332764, 52.5699005127, 47.2828674316, 30.5591259003, 13.088850975, 10.0096025467, 8.74388790131, 10.4882173538, 17.1764259338, 17.4004821777, 5.55955982208, 3.62950158119, 2.51216959953, 1.01783943176, 0.319927513599, 0.136981979012, 0.0421583540738, 0.00778599735349, 0.000584719062317],
        "median": [0.357816815376, 1.71914505959, 1.4876203537, 1.95757222176, 1.67390739918, 2.35043811798, 3.10548090935, 3.24439406395, 2.13962745667, 1.31417584419, 1.2771923542, 1.93590593338, 3.42044210434, 6.14723682404, 9.86235618591, 10.1409301758, 10.7683391571, 12.823767662, 13.9905052185, 14.8172521591, 24.9791107178, 36.3897781372, 33.5798950195, 30.1004772186, 17.6548862457, 7.89752197266, 6.17998504639, 5.39329528809, 5.23168849945, 3.6276216507, 1.98365044594, 1.00793242455, 0.567455291748, 0.314810335636, 0.119854062796, 0.040242485702, 0.013841541484, 0.00304417964071, 0.000362414459232, 6.72579844831e-05],
        "min": [8.59307370504e-22, 1.14069004167e-21, 5.72953113633e-21, 6.00395541313e-20, 1.03826327545e-19, 3.03447821444e-19, 2.74860459475e-19, 6.09431623551e-19, 1.97346868707e-18, 1.70493132544e-18, 1.33791128766e-18, 1.23295943871e-18, 1.79371262059e-18, 1.1826826773e-18, 1.50512533149e-18, 4.53435803178e-18, 5.27128165898e-18, 9.71694359522e-18, 9.92154258383e-18, 8.16377468317e-18, 8.38820698133e-18, 1.53888102133e-17, 1.21928639134e-17, 1.17638582693e-17, 1.1594667574e-17, 1.68857225719e-17, 1.99445835375e-17, 1.9635806941e-17, 1.74510939031e-17, 1.56836686688e-17, 1.73898726116e-17, 1.32261878608e-17, 1.68610841702e-17, 1.0247382262e-17, 1.06715968761e-17, 6.90126669861e-18, 3.758326546e-18, 1.48262198633e-18, 3.11155619639e-19, 3.37276367796e-20],
        "var": [0.516299128532, 4.44994831085, 5.60195922852, 8.69953155518, 80.6049880981, 50.4271697998, 1023.31237793, 380.681304932, 1431.25048828, 280.403320312, 203.925979614, 44.7626647949, 135.067642212, 1023.70349121, 2876.43286133, 784.358398438, 830.491088867, 1388.68225098, 1580.22119141, 3959.41064453, 2377.66918945, 3907.80249023, 5541.29492188, 3332.71728516, 1701.25732422, 236.461990356, 136.180892944, 131.991210938, 248.333862305, 1275.50427246, 1834.13049316, 224.354660034, 172.109436035, 93.0134277344, 20.7990055084, 0.881152272224, 0.125862300396, 0.0187695473433, 0.000887868634891, 5.18357637702e-06]
    },
    "gfcc": {
        "mean": [-6.02166604996, 77.5060882568, -118.768096924, 54.1825904846, -25.1888942719, 14.5602884293, -25.9759254456, 6.95439624786, -17.5409259796, -3.0943133831, -4.38289499283, 12.9471578598, -6.76949357986],
        "cov": [[21198.1425781, -1933.55639648, -567.425415039, 339.82421875, -966.848571777, 727.613769531, -803.385864258, 414.603027344, -32.9931259155, 351.47454834, -277.445678711, 321.731231689, -325.080657959], [-1933.55639648, 3171.03149414, -906.16394043, -55.9352493286, 319.174987793, -691.486755371, 259.484619141, -289.466918945, -195.600891113, -130.493652344, 200.873947144, -36.4047927856, 284.887634277], [-567.425415039, -906.16394043, 933.516906738, 165.898803711, 38.514503479, 308.721221924, 31.4355640411, 144.259963989, 183.075500488, -18.9260482788, -34.9538154602, 28.0996704102, -108.219589233], [339.82421875, -55.9352493286, 165.898803711, 395.241363525, 146.965484619, 147.136322021, 65.3767852783, 61.9785957336, 41.677822113, -17.7577972412, -20.8864784241, 47.8963432312, -27.2900238037], [-966.848571777, 319.174987793, 38.514503479, 146.965484619, 358.245422363, 54.1422805786, 165.569778442, -2.90303230286, 28.2680187225, -64.1848068237, -3.29355502129, 9.62539482117, 50.6403236389], [727.613769531, -691.486755371, 308.721221924, 147.136322021, 54.1422805786, 394.616912842, 50.7176132202, 112.95111084, 74.9334182739, -11.7171030045, -73.9116821289, 22.6042327881, -61.5685157776], [-803.385864258, 259.484619141, 31.4355640411, 65.3767852783, 165.569778442, 50.7176132202, 225.51473999, 15.4216871262, -28.8582458496, -44.2691268921, 12.5688686371, -1.67229259014, 26.8756084442], [414.603027344, -289.466918945, 144.259963989, 61.9785957336, -2.90303230286, 112.95111084, 15.4216871262, 111.910133362, 60.1321601868, 17.9849662781, -16.0610275269, 5.30537891388, -36.4572525024], [-32.9931259155, -195.600891113, 183.075500488, 41.677822113, 28.2680187225, 74.9334182739, -28.8582458496, 60.1321601868, 153.207611084, 30.6191768646, -10.6641798019, 5.37094163895, -20.3528804779], [351.47454834, -130.493652344, -18.9260482788, -17.7577972412, -64.1848068237, -11.7171030045, -44.2691268921, 17.9849662781, 30.6191768646, 119.790016174, 9.94581127167, -7.88337087631, -5.70073509216], [-277.445678711, 200.873947144, -34.9538154602, -20.8864784241, -3.29355502129, -73.9116821289, 12.5688686371, -16.0610275269, -10.6641798019, 9.94581127167, 78.3707809448, 8.19857501984, 15.3977565765], [321.731231689, -36.4047927856, 28.0996704102, 47.8963432312, 9.62539482117, 22.6042327881, -1.67229259014, 5.30537891388, 5.37094163895, -7.88337087631, 8.19857501984, 67.5038833618, 13.0318880081], [-325.080657959, 284.887634277, -108.219589233, -27.2900238037, 50.6403236389, -61.5685157776, 26.8756084442, -36.4572525024, -20.3528804779, -5.70073509216, 15.3977565765, 13.0318880081, 86.2463989258]],
        "icov": [[0.000111827212095, -0.000134682122734, 0.000137478142278, 1.36198405016e-05, 0.000121553974168, -0.000378411059501, 0.000464664510218, -0.000517448235769, 0.000304142653476, -0.000304789893562, 0.000341303733876, -0.000695980153978, 0.000434015819337], [-0.000134682122734, 0.00143809057772, 0.000544969399925, -0.000790497579146, -0.000123365825857, 0.00193522300106, -0.00191456626635, 0.00165838585235, -0.00137998256832, 0.00161811499856, -0.0018122352194, 0.0018974194536, -0.00225454568863], [0.000137478142278, 0.000544969399925, 0.00254747527651, -0.000553207821213, 0.00046239446965, -0.000518050102983, -0.000676841300447, -0.000220454588998, -0.00216351426207, 0.0011211365927, -0.000895055709407, -0.000711449014489, 0.00104675674811], [1.36198405016e-05, -0.000790497579146, -0.000553207821213, 0.00452164467424, -0.00203807139769, -0.00138239027001, 0.00109708157834, -0.0018407193711, 0.00129274080973, -0.00138448376674, 0.00121869414579, -0.00353937619366, 0.00301973172463], [0.000121553974168, -0.000123365825857, 0.00046239446965, -0.00203807139769, 0.00669834623113, -0.000621379469521, -0.00354309356771, 0.00163752678782, -0.00305273756385, 0.00187563686632, 0.000812596932519, 0.000508956203703, -0.00259772315621], [-0.000378411059501, 0.00193522300106, -0.000518050102983, -0.00138239027001, -0.000621379469521, 0.00844401773065, -0.00419160537422, 0.000113534384582, -0.00217303703539, 0.00232782261446, 0.00134821422398, 0.00186703237705, -0.00204098946415], [0.000464664510218, -0.00191456626635, -0.000676841300447, 0.00109708157834, -0.00354309356771, -0.00419160537422, 0.0122455321252, -0.0063601876609, 0.00638513406739, -0.00191921438091, 0.000149099752889, -0.00213598576374, 0.00183321349323], [-0.000517448235769, 0.00165838585235, -0.000220454588998, -0.0018407193711, 0.00163752678782, 0.000113534384582, -0.0063601876609, 0.0203642677516, -0.00731211947277, 0.000828179996461, -0.00273428717628, 0.00380412722006, -0.000335166725563], [0.000304142653476, -0.00137998256832, -0.00216351426207, 0.00129274080973, -0.00305273756385, -0.00217303703539, 0.00638513406739, -0.00731211947277, 0.0141510860994, -0.00478863948956, 0.00176727341022, -0.0025329280179, 0.00164975377265], [-0.000304789893562, 0.00161811499856, 0.0011211365927, -0.00138448376674, 0.00187563686632, 0.00232782261446, -0.00191921438091, 0.000828179996461, -0.00478863948956, 0.0130824847147, -0.0043363631703, 0.00493808509782, -0.00425374368206], [0.000341303733876, -0.0018122352194, -0.000895055709407, 0.00121869414579, 0.000812596932519, 0.00134821422398, 0.000149099752889, -0.00273428717628, 0.00176727341022, -0.0043363631703, 0.0201277174056, -0.00720123481005, 0.00344325741753], [-0.000695980153978, 0.0018974194536, -0.000711449014489, -0.00353937619366, 0.000508956203703, 0.00186703237705, -0.00213598576374, 0.00380412722006, -0.0025329280179, 0.00493808509782, -0.00720123481005, 0.0245517753065, -0.0102912997827], [0.000434015819337, -0.00225454568863, 0.00104675674811, 0.00301973172463, -0.00259772315621, -0.00204098946415, 0.00183321349323, -0.000335166725563, 0.00164975377265, -0.00425374368206, 0.00344325741753, -0.0102912997827, 0.0233504902571]]
    },
    "melbands": {
        "dmean": [0.00314433290623, 0.00139699946158, 0.000378715340048, 0.000179532435141, 0.000377517368179, 0.000208288038266, 0.000135302499984, 4.64972654299e-05, 2.87017828668e-05, 2.07948451134e-05, 2.96317648463e-05, 5.19880268257e-05, 7.21682154108e-05, 5.03923765791e-05, 3.36686898663e-05, 3.21135812555e-05, 3.41987251886e-05, 3.02555054077e-05, 3.54468174919e-05, 2.54762362601e-05, 3.46421402355e-05, 4.41975425929e-05, 3.52665192622e-05, 3.75686504412e-05, 2.82470937236e-05, 2.02928549697e-05, 8.91248600965e-06, 4.47860657005e-06, 3.76395587409e-06, 3.28731266563e-06, 2.94458868666e-06, 3.42692237609e-06, 5.09067967869e-06, 6.80103130435e-06, 7.69881262386e-06, 2.73090722658e-06, 1.8620460196e-06, 1.65355731951e-06, 1.74653689555e-06, 1.55074667418e-06],
        "dmean2": [0.00519933784381, 0.00247136177495, 0.000646864296868, 0.000300214713207, 0.000635089061689, 0.000347586494172, 0.000223387411097, 7.3309551226e-05, 4.5549855713e-05, 3.52866591129e-05, 5.00554633618e-05, 8.69552095537e-05, 0.000120959841297, 8.50256183185e-05, 5.8293917391e-05, 5.49610776943e-05, 5.78888066229e-05, 5.13769482495e-05, 5.76181300858e-05, 4.17369556089e-05, 5.84787121625e-05, 7.46041187085e-05, 5.81429994782e-05, 6.34315802017e-05, 4.58453687315e-05, 3.34203687089e-05, 1.43689703691e-05, 7.37873460821e-06, 6.15232283963e-06, 5.45342527403e-06, 4.90575212098e-06, 5.6123099057e-06, 8.35990977066e-06, 1.10265027615e-05, 1.22955289044e-05, 4.48457512903e-06, 2.98965687762e-06, 2.58866657532e-06, 2.57916963164e-06, 2.42522196459e-06],
        "dvar": [9.58878717938e-06, 2.44893203671e-06, 2.60899611249e-07, 6.99691113937e-08, 6.75469493672e-07, 1.38102862479e-07, 1.16383340298e-07, 1.11746309983e-08, 4.21759871472e-09, 1.21814924814e-09, 3.04202307788e-09, 1.37487168317e-08, 3.05953626878e-08, 7.07320158e-09, 2.63453947547e-09, 3.23250826106e-09, 3.79248898952e-09, 2.6091238059e-09, 5.20516829638e-09, 2.49954079656e-09, 2.98801117182e-09, 3.96411037329e-09, 2.90016344273e-09, 5.32306598799e-09, 1.88288695746e-09, 1.1403314959e-09, 1.75638018018e-10, 3.99931476824e-11, 3.16355622254e-11, 3.43207996745e-11, 3.30326911657e-11, 3.70796414406e-11, 1.54780549488e-10, 2.79531675584e-10, 4.69058014652e-10, 6.47349673866e-11, 4.18476607533e-11, 4.25856259978e-11, 5.95946833548e-11, 5.21310911106e-11],
        "dvar2": [2.19224457396e-05, 7.53873700887e-06, 7.09664504939e-07, 1.6385088486e-07, 1.84463874575e-06, 3.70038463871e-07, 2.5559779715e-07, 2.37806823122e-08, 8.85209150425e-09, 3.19848836305e-09, 7.82888243123e-09, 3.49474724715e-08, 7.522383072e-08, 1.79133063938e-08, 7.14189285489e-09, 8.31940649704e-09, 1.0143605067e-08, 6.90797152814e-09, 1.26821646518e-08, 6.1459362044e-09, 7.85441578444e-09, 1.04569490844e-08, 6.86310297482e-09, 1.3987051517e-08, 4.68938754494e-09, 3.03504221755e-09, 4.10236539183e-10, 9.8227551093e-11, 7.85217099675e-11, 8.60789911572e-11, 8.85607212564e-11, 9.50142603484e-11, 4.08934247575e-10, 6.68871125153e-10, 1.14375275917e-09, 1.63944732789e-10, 9.30435520297e-11, 9.30414911782e-11, 1.11164008554e-10, 1.14971018816e-10],
        "max": [0.0167206730694, 0.010754683055, 0.00739487167448, 0.0100134238601, 0.0110059613362, 0.0044078445062, 0.00960764102638, 0.00235283770598, 0.00170335383154, 0.000663929851726, 0.0017345068045, 0.00333983404562, 0.00379836233333, 0.00132492382545, 0.000961638754234, 0.00162010127679, 0.00129095697775, 0.00136199919507, 0.00139010662679, 0.00147814617958, 0.00123082345817, 0.00133914360777, 0.000751945015509, 0.00112767296378, 0.000477946741739, 0.000863578636199, 0.000230154953897, 0.000139693642268, 8.02504218882e-05, 9.6580493846e-05, 9.99245021376e-05, 8.19998967927e-05, 0.000219391367864, 0.000345255277352, 0.000396886578528, 0.000121981262055, 0.000116388560855, 0.000121484081319, 0.000146705599036, 0.000140066389577],
        "mean": [0.00508795678616, 0.00180320139043, 0.000535754079465, 0.000268122326816, 0.000485235621454, 0.000297056307318, 0.0001869455009, 6.70129011269e-05, 4.24379722972e-05, 2.91063424811e-05, 3.80348428735e-05, 6.34153766441e-05, 8.60797445057e-05, 6.32707087789e-05, 4.45857549494e-05, 4.27910526923e-05, 4.58969952888e-05, 4.21166805609e-05, 5.18073175044e-05, 3.82794532925e-05, 4.86961798742e-05, 6.11034411122e-05, 4.83079675178e-05, 4.67694590043e-05, 3.77134856535e-05, 2.86909526039e-05, 1.3208224118e-05, 7.47480817154e-06, 6.36704271528e-06, 5.47110721527e-06, 4.8601555136e-06, 5.22787468071e-06, 7.50244316805e-06, 1.08963577077e-05, 1.26006634673e-05, 4.46585863756e-06, 2.76860282611e-06, 2.3301154215e-06, 2.49789718509e-06, 2.07863740798e-06],
        "median": [0.00361337512732, 0.00138284044806, 0.000351888826117, 0.000149780564243, 0.000113566682558, 7.40460745874e-05, 2.97358965327e-05, 1.31995384436e-05, 1.03625916381e-05, 1.22490882859e-05, 1.65789879247e-05, 2.25888725254e-05, 3.11112416966e-05, 2.81016618828e-05, 2.42988644459e-05, 2.23203496716e-05, 2.20413021452e-05, 2.08673445741e-05, 1.94985113922e-05, 1.84737764357e-05, 2.9829563573e-05, 3.69082263205e-05, 3.12656447932e-05, 2.70676937362e-05, 2.35949555645e-05, 1.6061560018e-05, 7.02171610101e-06, 4.4280441216e-06, 3.72856629838e-06, 3.28244186676e-06, 2.86997192234e-06, 2.88428009299e-06, 2.36326513914e-06, 1.74398087438e-06, 1.16174419418e-06, 7.72594830778e-07, 5.30450392944e-07, 3.90801062622e-07, 3.04381416072e-07, 2.42160979269e-07],
        "min": [5.38639748111e-24, 2.3690765022e-24, 1.02367371559e-23, 1.50653989329e-23, 1.1026415321e-23, 1.43621357468e-23, 3.05672714493e-23, 1.55282283592e-23, 1.09961514612e-23, 7.80779340791e-24, 8.69789672171e-24, 4.86521916914e-24, 4.02966834795e-24, 1.00790470163e-23, 9.90118491463e-24, 1.58331436094e-23, 1.69782414777e-23, 1.62117021806e-23, 9.8869215206e-24, 1.07093460908e-23, 8.98737948607e-24, 1.56923414042e-23, 1.27586173959e-23, 1.02037753918e-23, 9.34906274479e-24, 8.2090830061e-24, 8.31208694107e-24, 1.23428766548e-23, 1.13518646206e-23, 1.38091947393e-23, 1.00734271713e-23, 9.51761234352e-24, 9.36513420801e-24, 7.98918802876e-24, 1.03702242539e-23, 8.69591668084e-24, 7.84567056428e-24, 1.15142555822e-23, 1.13216157492e-23, 7.95794677034e-24],
        "var": [2.2594600523e-05, 2.89053605229e-06, 3.94235428303e-07, 2.47308435064e-07, 8.65030585828e-07, 2.25981068525e-07, 2.89685061716e-07, 2.60865942181e-08, 9.85397363706e-09, 1.86501880606e-09, 3.69046349036e-09, 1.60914304104e-08, 3.99291266717e-08, 9.7758769968e-09, 3.70019992424e-09, 4.60925431156e-09, 5.22139620429e-09, 3.74495101596e-09, 9.01654395591e-09, 4.0183425476e-09, 3.90527699068e-09, 5.25429699749e-09, 3.55879303804e-09, 5.09448128128e-09, 2.24563279083e-09, 1.9337511592e-09, 3.09513470409e-10, 8.04076805139e-11, 5.83666309728e-11, 5.17639715814e-11, 4.41328917855e-11, 5.27291717234e-11, 2.44400083504e-10, 5.98041616229e-10, 1.07784703385e-09, 1.14351979275e-10, 6.13793738058e-11, 6.15993020481e-11, 9.66722535356e-11, 7.04338531943e-11]
    },
    "mfcc": {
        "mean": [-638.679870605, 103.378868103, -16.73711586, 43.2995033264, 21.8593292236, 16.7949485779, 8.20627212524, 18.5398864746, -2.95076107979, -5.01687002182, 2.69382047653, 1.92838358879, 4.45683383942],
        "cov": [[8748.7265625, -1276.61181641, 274.811981201, -370.638977051, -31.039100647, 25.3352031708, -338.654022217, -67.6092910767, -66.1211624146, 319.165374756, 24.7400512695, -20.917640686, 140.076873779], [-1276.61181641, 2480.16015625, -743.327026367, 440.807952881, -167.376205444, -149.125473022, 156.410644531, -169.878311157, -92.8291091919, -263.86831665, -92.8858032227, 13.1466808319, -138.779754639], [274.811981201, -743.327026367, 722.597045898, -81.9891815186, 144.994247437, 81.5750808716, -62.7085876465, 181.925384521, 43.2555847168, 132.712371826, 73.5534133911, 21.739276886, 125.105560303], [-370.638977051, 440.807952881, -81.9891815186, 394.340759277, 66.4887008667, 58.5795555115, 85.5589447021, 43.6093482971, 22.4605255127, -82.9596862793, 57.8973274231, 19.409330368, -20.4044075012], [-31.039100647, -167.376205444, 144.994247437, 66.4887008667, 251.80708313, 115.266304016, -1.9229156971, 135.637710571, 74.5262756348, 42.5072631836, 28.9594402313, 17.8597507477, 39.9162216187], [25.3352031708, -149.125473022, 81.5750808716, 58.5795555115, 115.266304016, 201.80039978, 89.6797866821, 116.700790405, 90.1423416138, 10.2412977219, 24.6229820251, 14.4018201828, 16.8290023804], [-338.654022217, 156.410644531, -62.7085876465, 85.5589447021, -1.9229156971, 89.6797866821, 220.272476196, 82.2844085693, 44.0463218689, -50.9425506592, 15.0362100601, 2.42874932289, -24.1070671082], [-67.6092910767, -169.878311157, 181.925384521, 43.6093482971, 135.637710571, 116.700790405, 82.2844085693, 236.202529907, 70.809753418, 16.8721733093, 31.0496940613, 2.42778968811, 47.4630012512], [-66.1211624146, -92.8291091919, 43.2555847168, 22.4605255127, 74.5262756348, 90.1423416138, 44.0463218689, 70.809753418, 132.227600098, 31.6935195923, 12.2375507355, 28.340921402, 8.70227432251], [319.165374756, -263.86831665, 132.712371826, -82.9596862793, 42.5072631836, 10.2412977219, -50.9425506592, 16.8721733093, 31.6935195923, 137.977371216, 28.9807491302, 7.88264274597, 40.4668922424], [24.7400512695, -92.8858032227, 73.5534133911, 57.8973274231, 28.9594402313, 24.6229820251, 15.0362100601, 31.0496940613, 12.2375507355, 28.9807491302, 82.2630310059, 26.6925811768, 16.69439888], [-20.917640686, 13.1466808319, 21.739276886, 19.409330368, 17.8597507477, 14.4018201828, 2.42874932289, 2.42778968811, 28.340921402, 7.88264274597, 26.6925811768, 66.3718719482, 18.6581497192], [140.076873779, -138.779754639, 125.105560303, -20.4044075012, 39.9162216187, 16.8290023804, -24.1070671082, 47.4630012512, 8.70227432251, 40.4668922424, 16.69439888, 18.6581497192, 74.2691802979]],
