{
"lowlevel": {
    "average_loudness": 0.978376626968,
    "barkbands_crest": {
        "dmean": 2.560131073,
        "dmean2": 4.28605651855,
        "dvar": 7.49961423874,
        "dvar2": 21.552274704,
        "max": 25.015253067,
        "mean": 13.1699590683,
        "median": 12.8528022766,
        "min": 2.75325274467,
        "var": 14.7756881714
    },
    "barkbands_flatness_db": {
        "dmean": 0.0192590802908,
        "dmean2": 0.0308167319745,
        "dvar": 0.000444716890343,
        "dvar2": 0.00119942286983,
        "max": 0.42136400938,
        "mean": 0.125673159957,
        "median": 0.116611965001,
        "min": 0.0329555533826,
        "var": 0.0018899848219
    },
    "barkbands_kurtosis": {
        "dmean": 3.54519414902,
        "dmean2": 5.85767412186,
        "dvar": 55.3704910278,
        "dvar2": 127.159431458,
        "max": 156.367218018,
        "mean": 4.94208240509,
        "median": 1.90444326401,
        "min": -1.7933754921,
        "var": 105.053840637
    },
    "barkbands_skewness": {
        "dmean": 0.581406116486,
        "dmean2": 0.947430372238,
        "dvar": 0.542213499546,
        "dvar2": 1.4111212492,
        "max": 10.8855228424,
        "mean": 1.98761069775,
        "median": 1.70362532139,
        "min": -2.07543063164,
        "var": 1.51318347454
    },
    "barkbands_spread": {
        "dmean": 5.94546365738,
        "dmean2": 9.75102901459,
        "dvar": 40.4326057434,
        "dvar2": 109.709579468,
        "max": 87.3955688477,
        "mean": 28.0433750153,
        "median": 27.6572933197,
        "min": 0.560718655586,
        "var": 130.477493286
    },
    "dissonance": {
        "dmean": 0.0110799884424,
        "dmean2": 0.0185013730079,
        "dvar": 0.000137633149279,
        "dvar2": 0.000363966828445,
        "max": 0.500000178814,
        "mean": 0.476181447506,
        "median": 0.482013225555,
        "min": 0.284343212843,
        "var": 0.000409020489315
    },
    "dynamic_complexity": 1.49161374569,
    "erbbands_crest": {
        "dmean": 1.94610881805,
        "dmean2": 3.11994981766,
        "dvar": 3.81459832191,
        "dvar2": 9.44936847687,
        "max": 29.3777942657,
        "mean": 8.22478961945,
        "median": 6.76422023773,
        "min": 2.65583062172,
        "var": 18.2116527557
    },
    "erbbands_flatness_db": {
        "dmean": 0.0123700164258,
        "dmean2": 0.0184206739068,
        "dvar": 0.000204322903301,
        "dvar2": 0.000422603829065,
        "max": 0.291925042868,
        "mean": 0.11838979274,
        "median": 0.11108995229,
        "min": 0.0476922057569,
        "var": 0.00124446733389
    },
    "erbbands_kurtosis": {
        "dmean": 0.610525608063,
        "dmean2": 0.962825119495,
        "dvar": 0.560005784035,
        "dvar2": 1.30403900146,
        "max": 21.1634464264,
        "mean": 0.0475837253034,
        "median": -0.21330332756,
        "min": -1.76386070251,
        "var": 1.71639871597
    },
    "erbbands_skewness": {
        "dmean": 0.270845353603,
        "dmean2": 0.423141896725,
        "dvar": 0.0704476684332,
        "dvar2": 0.164229780436,
        "max": 3.77138543129,
        "mean": -0.294707924128,
        "median": -0.468198895454,
        "min": -2.90067481995,
        "var": 0.495262682438
    },
    "erbbands_spread": {
        "dmean": 8.96402931213,
        "dmean2": 14.4511003494,
        "dvar": 110.422103882,
        "dvar2": 280.737426758,
        "max": 147.642272949,
        "mean": 47.399936676,
        "median": 43.3696365356,
        "min": 5.44924592972,
        "var": 352.818389893
    },
    "hfc": {
        "dmean": 6.58977174759,
        "dmean2": 11.0663871765,
        "dvar": 84.1548614502,
        "dvar2": 231.684997559,
        "max": 109.856735229,
        "mean": 31.8082084656,
        "median": 30.9233226776,
        "min": 1.20807280009e-16,
        "var": 230.537002563
    },
    "melbands_crest": {
        "dmean": 2.85443735123,
        "dmean2": 4.74569988251,
        "dvar": 7.90214347839,
        "dvar2": 22.3775196075,
        "max": 32.4702148438,
        "mean": 18.8631725311,
        "median": 18.7181835175,
        "min": 1.61737024784,
        "var": 19.4386577606
    },
    "melbands_flatness_db": {
        "dmean": 0.0236972961575,
        "dmean2": 0.0378795564175,
        "dvar": 0.000656275486108,
        "dvar2": 0.00177814473864,
        "max": 0.543230295181,
        "mean": 0.21087525785,
        "median": 0.203792095184,
        "min": 0.00356173957698,
        "var": 0.00286864396185
    },
    "melbands_kurtosis": {
        "dmean": 13.3405666351,
        "dmean2": 22.4266548157,
        "dvar": 657.986450195,
        "dvar2": 1731.97644043,
        "max": 426.961456299,
        "mean": 24.6658000946,
        "median": 13.2857971191,
        "min": -1.4091565609,
        "var": 1103.78649902
    },
    "melbands_skewness": {
        "dmean": 1.00333726406,
        "dmean2": 1.64830183983,
        "dvar": 1.80561578274,
        "dvar2": 4.85167694092,
        "max": 16.213891983,
        "mean": 3.99061346054,
        "median": 3.47528624535,
        "min": -0.401959836483,
        "var": 4.69779968262
    },
    "melbands_spread": {
        "dmean": 5.68877983093,
        "dmean2": 9.29212284088,
        "dvar": 41.0230903625,
        "dvar2": 109.311088562,
        "max": 158.913009644,
        "mean": 21.261554718,
        "median": 19.9991264343,
        "min": 0.4621116817,
        "var": 186.826095581
    },
    "pitch_salience": {
        "dmean": 0.0666075199842,
        "dmean2": 0.110019557178,
        "dvar": 0.00436539296061,
        "dvar2": 0.0123229613528,
        "max": 0.8365675807,
        "mean": 0.436305522919,
        "median": 0.433588057756,
        "min": 0.119852520525,
        "var": 0.00949373934418
    },
    "silence_rate_20dB": {
        "dmean": 0,
        "dmean2": 0,
        "dvar": 0,
        "dvar2": 0,
        "max": 1,
        "mean": 1,
        "median": 1,
        "min": 1,
        "var": 0
    },
    "silence_rate_30dB": {
        "dmean": 0.0227642282844,
        "dmean2": 0.045532155782,
        "dvar": 0.0222464930266,
        "dvar2": 0.0634623840451,
        "max": 1,
        "mean": 0.98723679781,
        "median": 1,
        "min": 0,
        "var": 0.0125999525189
    },
    "silence_rate_60dB": {
        "dmean": 0.000162601631018,
        "dmean2": 0.000325229688315,
        "dvar": 0.000162548851222,
        "dvar2": 0.000325123924995,
        "max": 1,
        "mean": 0.0127631900832,
        "median": 0,
        "min": 0,
        "var": 0.0126014323905
    },
    "spectral_centroid": {
        "dmean": 244.156845093,
        "dmean2": 384.787719727,
        "dvar": 70951.0625,
        "dvar2": 163359.6875,
        "max": 10698.921875,
        "mean": 1866.62463379,
        "median": 1927.28503418,
        "min": 156.666442871,
        "var": 319289.53125
    },
    "spectral_complexity": {
        "dmean": 4.64617872238,
        "dmean2": 7.30498409271,
        "dvar": 19.6925373077,
        "dvar2": 43.9785690308,
        "max": 59,
        "mean": 28.8119659424,
        "median": 30,
        "min": 0,
        "var": 109.093917847
    },
    "spectral_decrease": {
        "dmean": 4.31421831593e-09,
        "dmean2": 7.54254614321e-09,
        "dvar": 4.39336931499e-17,
        "dvar2": 1.25174065724e-16,
        "max": 6.11037446229e-29,
        "mean": -1.38264732996e-08,
        "median": -1.30106254659e-08,
        "min": -4.98065126919e-08,
        "var": 3.75868421889e-17
    },
    "spectral_energy": {
        "dmean": 0.0165913626552,
        "dmean2": 0.0290284268558,
        "dvar": 0.000651076319627,
        "dvar2": 0.00185156997759,
        "max": 0.191570222378,
        "mean": 0.0550693012774,
        "median": 0.0520739518106,
        "min": 1.0726954924e-20,
        "var": 0.000564160814974
    },
    "spectral_energyband_high": {
        "dmean": 0.000590487616137,
        "dmean2": 0.0010011048289,
        "dvar": 9.69750544755e-07,
        "dvar2": 2.63536639977e-06,
        "max": 0.0113228783011,
        "mean": 0.00153557863086,
        "median": 0.00120638264343,
        "min": 7.88705566518e-21,
        "var": 1.72598288373e-06
    },
    "spectral_energyband_low": {
        "dmean": 0.015104717575,
        "dmean2": 0.0258898362517,
        "dvar": 0.000617097422946,
        "dvar2": 0.00177513738163,
        "max": 0.180172502995,
        "mean": 0.0359257608652,
        "median": 0.0318731330335,
        "min": 5.63645471293e-23,
        "var": 0.000537331565283
    },
    "spectral_energyband_middle_high": {
        "dmean": 0.00157334865071,
        "dmean2": 0.00246873218566,
        "dvar": 3.03360411635e-06,
        "dvar2": 7.36309993954e-06,
        "max": 0.0338069014251,
        "mean": 0.00740815093741,
        "median": 0.00657194387168,
        "min": 1.3153379391e-21,
        "var": 2.63130350504e-05
    },
    "spectral_energyband_middle_low": {
        "dmean": 0.00480795977637,
        "dmean2": 0.00802494958043,
        "dvar": 0.000113836445962,
        "dvar2": 0.000309912255034,
        "max": 0.107674106956,
        "mean": 0.0111602433026,
        "median": 0.00878188572824,
        "min": 3.47156732242e-22,
        "var": 0.000108897700557
    },
    "spectral_entropy": {
        "dmean": 0.112240672112,
        "dmean2": 0.16483065486,
        "dvar": 0.0161247029901,
        "dvar2": 0.0337882228196,
        "max": 9.80336761475,
        "mean": 7.83348703384,
        "median": 7.86222648621,
        "min": 5.91718673706,
        "var": 0.0730319544673
    },
    "spectral_flux": {
        "dmean": 0.0325318947434,
        "dmean2": 0.0511936917901,
        "dvar": 0.00167511124164,
        "dvar2": 0.00317190331407,
        "max": 0.378301680088,
        "mean": 0.100724801421,
        "median": 0.0856392607093,
        "min": 1.07865653909e-10,
        "var": 0.00298720877618
    },
    "spectral_kurtosis": {
        "dmean": 0.95240187645,
        "dmean2": 1.59964871407,
        "dvar": 1.27732288837,
        "dvar2": 3.61013174057,
        "max": 21.0688495636,
        "mean": 3.73257637024,
        "median": 3.82426834106,
        "min": -1.19954454899,
        "var": 2.66025304794
    },
    "spectral_rms": {
        "dmean": 0.00101104134228,
        "dmean2": 0.00173187709879,
        "dvar": 1.90693617697e-06,
        "dvar2": 5.40869768884e-06,
        "max": 0.0136710563675,
        "mean": 0.00715497601777,
        "median": 0.00712768221274,
        "min": 3.23501512037e-12,
        "var": 2.5321855901e-06
    },
    "spectral_rolloff": {
        "dmean": 465.451171875,
        "dmean2": 801.652099609,
        "dvar": 431168.96875,
        "dvar2": 1059361.5,
        "max": 19186.0839844,
        "mean": 1186.9354248,
        "median": 882.861328125,
        "min": 64.599609375,
        "var": 1607461.375
    },
    "spectral_skewness": {
        "dmean": 0.151220738888,
        "dmean2": 0.242346122861,
        "dvar": 0.0273131225258,
        "dvar2": 0.0659070163965,
        "max": 3.19783854485,
        "mean": 1.29039728642,
        "median": 1.33653521538,
        "min": 0.0822121351957,
        "var": 0.105832248926
    },
    "spectral_spread": {
        "dmean": 455992,
        "dmean2": 656194.1875,
        "dvar": 525659635712,
        "dvar2": 768415629312,
        "max": 49703720,
        "mean": 4791440,
        "median": 4728601.5,
        "min": 1863300.75,
        "var": 1.68662938419e+12
    },
    "spectral_strongpeak": {
        "dmean": 0.286713898182,
        "dmean2": 0.517016530037,
        "dvar": 0.356848150492,
        "dvar2": 0.918435454369,
        "max": 7.26378774643,
        "mean": 0.537719190121,
        "median": 0.360749006271,
        "min": 0,
        "var": 0.478339612484
    },
    "zerocrossingrate": {
        "dmean": 0.00815981440246,
        "dmean2": 0.0104427235201,
        "dvar": 6.76897980156e-05,
        "dvar2": 9.85218212008e-05,
        "max": 0.5068359375,
        "mean": 0.0578619427979,
        "median": 0.0556640625,
        "min": 0.0048828125,
        "var": 0.000915648124646
    },
    "barkbands": {
        "dmean": [0.00071678601671, 0.0125419162214, 0.00418611150235, 0.00143549195491, 0.00277773127891, 0.00067232886795, 0.000450665131211, 0.000441605050582, 0.000928904686589, 0.00052587146638, 0.000243939197389, 0.00017353745352, 0.000330947426846, 0.000272564473562, 0.000245978444582, 0.000228900884395, 0.000386213243473, 0.000390045432141, 0.000351355673047, 0.000170087994775, 0.000203997900826, 0.000175681721885, 9.46710715652e-05, 8.34364545881e-05, 5.70003685425e-05, 2.96763701044e-05, 1.09657185021e-05],
        "dmean2": [0.00123501417693, 0.0216996129602, 0.00704217143357, 0.0024826482404, 0.00471364567056, 0.00108148367144, 0.000719570904039, 0.000689084990881, 0.00145121873356, 0.000801316229627, 0.00038044800749, 0.000280709122308, 0.00051695498405, 0.0004448822001, 0.000392140034819, 0.000372889597202, 0.00062944489764, 0.00063403591048, 0.000579965824727, 0.000293625897029, 0.000353446026566, 0.000304321350995, 0.000155517802341, 0.000134871937917, 9.60881079664e-05, 3.71709902538e-05, 1.62621563504e-05],
        "dvar": [1.04284879399e-06, 0.000476349378005, 3.81880017812e-05, 8.9014902187e-06, 6.07395959378e-05, 1.35518439492e-06, 6.09197797985e-07, 1.18864863907e-06, 3.11171675094e-06, 1.20789763969e-06, 2.45711959224e-07, 2.12939355038e-07, 4.55020028767e-07, 2.08806554269e-07, 1.5350742899e-07, 1.17271731881e-07, 3.26196897049e-07, 2.29167383736e-07, 1.36346471891e-07, 6.16143296384e-08, 9.45942346675e-08, 8.80663293401e-08, 3.14571231286e-08, 2.85687455914e-08, 9.65768887085e-09, 1.73943615067e-09, 3.6914105106e-10],
        "dvar2": [3.0185938158e-06, 0.00136975303758, 0.000106066203443, 2.47237203439e-05, 0.000165755947819, 3.39971347785e-06, 1.43323893553e-06, 2.75168940789e-06, 7.51013931222e-06, 2.62514322458e-06, 5.59440536563e-07, 5.40581822861e-07, 1.05870617517e-06, 5.30724719283e-07, 3.69822714674e-07, 2.98787000474e-07, 8.44538135425e-07, 6.02696161423e-07, 3.58772922482e-07, 1.73733653241e-07, 2.71719727607e-07, 2.40074399471e-07, 7.14044290362e-08, 6.49474287684e-08, 2.65402917421e-08, 2.76987499603e-09, 6.82853773526e-10],
        "max": [0.00971749890596, 0.153048455715, 0.0662140250206, 0.0330780521035, 0.0764894410968, 0.021599797532, 0.0217628777027, 0.0402810163796, 0.0346858091652, 0.0239012166858, 0.0188211109489, 0.0145177291706, 0.0170842353255, 0.00981787778437, 0.00808358006179, 0.010069295764, 0.0146888503805, 0.00699265487492, 0.00632351543754, 0.00258281058632, 0.00502347806469, 0.00328790931962, 0.00463292188942, 0.00458908034489, 0.00127927400172, 0.000458986731246, 0.000164894809132],
        "mean": [0.00138206023257, 0.0264136306942, 0.00737475464121, 0.00170204229653, 0.00384260807186, 0.00119568780065, 0.000906720757484, 0.00079894985538, 0.00230184197426, 0.00154687999748, 0.000537918589544, 0.000309916096739, 0.000646201719064, 0.000519368099049, 0.000516933214385, 0.000499961548485, 0.000898305152077, 0.000973748217802, 0.000959389319178, 0.000359641300747, 0.000484749645693, 0.000295167847071, 0.000198406603886, 0.000183294236194, 0.000119380027172, 7.9158875451e-05, 2.25872336159e-05],
        "median": [0.000891920411959, 0.0228901430964, 0.00502854492515, 0.000848476309329, 0.00182343926281, 0.000562750268728, 0.000467075500637, 0.00017150095664, 0.000635449716356, 0.00033248733962, 0.000205616510357, 0.000126989398268, 0.000243291375227, 0.000284218112938, 0.000282692781184, 0.000316900346661, 0.000485546013806, 0.000728834420443, 0.000846949638799, 0.000287739414489, 0.000390463479562, 0.000184968754184, 0.000104752398329, 9.75248476607e-05, 9.61846890277e-05, 5.46264964214e-05, 1.77042766154e-05],
        "min": [1.60292244538e-23, 1.9267298099e-23, 1.92589677279e-23, 3.35635576494e-23, 8.54731548113e-23, 1.1777380926e-23, 1.62758223727e-23, 1.38201315069e-23, 7.92405099496e-23, 4.47417103654e-23, 5.76790039675e-23, 4.30912366469e-23, 4.33717334967e-23, 6.18040964804e-23, 1.13318101987e-22, 1.17695800383e-22, 1.35315191717e-22, 1.63836678626e-22, 2.60604605039e-22, 2.81554276814e-22, 3.74634562485e-22, 3.97037000503e-22, 7.6702669949e-22, 8.94396509413e-22, 1.06651116621e-21, 1.54903443555e-21, 2.36683171803e-21],
        "var": [1.66056236139e-06, 0.000389745808206, 5.42073612451e-05, 7.54394704927e-06, 5.15714236826e-05, 2.91206129077e-06, 1.53176006279e-06, 3.5669575027e-06, 1.67587531905e-05, 1.09361708382e-05, 9.93012008621e-07, 3.8382674461e-07, 1.4956309542e-06, 4.41278245944e-07, 4.00639692089e-07, 3.14163344228e-07, 1.11596580155e-06, 7.09536152499e-07, 4.30822012731e-07, 8.41666221163e-08, 1.52234647999e-07, 1.14795973616e-07, 9.19593006188e-08, 8.52175574551e-08, 1.29261676918e-08, 5.83883252858e-09, 6.24168661201e-10]
    },
    "erbbands": {
        "dmean": [0.412348657846, 2.72353816032, 4.85909891129, 4.29360437393, 9.86584186554, 7.43236303329, 5.51892662048, 5.24611234665, 5.79737472534, 7.90749549866, 10.0321121216, 24.5153865814, 13.2137842178, 15.4171066284, 9.89508247375, 7.75091791153, 15.8632516861, 10.8607368469, 15.2336244583, 9.44448471069, 13.6325597763, 17.3513088226, 19.4374771118, 20.1305599213, 14.6715450287, 7.85000181198, 8.47047615051, 8.00705337524, 6.55497837067, 3.83680295944, 2.53473520279, 1.93986546993, 1.3678047657, 0.887106835842, 0.266054362059, 0.111677236855, 0.062197137624, 0.0177760869265, 0.00182048080023, 6.93386027706e-05],
        "dmean2": [0.705240011215, 4.72523736954, 8.20866394043, 7.4823346138, 17.0353889465, 12.508895874, 9.06352424622, 8.39630413055, 9.194190979, 12.6891021729, 15.3040924072, 38.0474662781, 20.7840499878, 22.9148025513, 15.5056447983, 12.4863033295, 24.6620254517, 17.5008583069, 24.5947132111, 14.8911867142, 22.3205528259, 28.2478294373, 31.3717937469, 32.7291030884, 24.5371761322, 13.5205202103, 14.7604532242, 13.8606386185, 11.5146007538, 6.33128881454, 4.1884765625, 3.14880537987, 2.28500199318, 1.54374504089, 0.420082271099, 0.146802246571, 0.0807289481163, 0.0249102916569, 0.00269913603552, 0.000103195183328],
        "dvar": [0.450916945934, 24.3100032806, 55.0406150818, 44.6303138733, 977.768432617, 295.037475586, 101.203231812, 91.1756286621, 92.0371856689, 288.206817627, 649.766967773, 2360.7253418, 847.03314209, 1184.27062988, 406.534240723, 400.162841797, 1055.92163086, 342.521942139, 582.113830566, 220.111038208, 403.71585083, 560.871887207, 641.053100586, 510.789215088, 266.884124756, 144.30267334, 151.631195068, 176.266052246, 132.995849609, 57.6885719299, 19.8565273285, 14.5242509842, 8.19807529449, 2.77348446846, 0.152416184545, 0.0214156676084, 0.00754699064419, 0.000983694102615, 9.06736022444e-06, 1.21789804908e-08],
        "dvar2": [1.30100440979, 69.9261322021, 156.96786499, 125.550888062, 2649.03466797, 816.328979492, 269.493865967, 219.955993652, 220.819274902, 674.053771973, 1458.92883301, 5662.59521484, 2007.32189941, 2447.77685547, 992.657470703, 1049.17736816, 2439.73242188, 838.617919922, 1461.55603027, 494.982574463, 1056.67041016, 1437.95263672, 1679.08483887, 1333.60595703, 734.69317627, 406.751373291, 427.286682129, 510.241577148, 369.692687988, 131.116607666, 47.0586547852, 33.2484092712, 20.1980361938, 7.60266256332, 0.38554173708, 0.0357172526419, 0.0126321138814, 0.00175871176179, 1.68418882822e-05, 2.28379164469e-08],
        "max": [5.71869754791, 33.083946228, 71.8498306274, 107.974853516, 279.755615234, 213.634185791, 155.161254883, 226.08531189, 322.01675415, 405.35256958, 879.463378906, 1051.14208984, 958.53137207, 950.837890625, 547.764465332, 703.321350098, 924.995178223, 378.08380127, 499.211303711, 652.210021973, 331.662567139, 592.746887207, 485.179199219, 479.321685791, 260.332519531, 128.026306152, 130.356628418, 251.798400879, 101.4765625, 183.066146851, 105.992126465, 124.279647827, 74.399597168, 24.617351532, 4.67064571381, 2.00357484818, 0.932187855244, 0.295727342367, 0.0293562486768, 0.00104491284583],
        "mean": [0.981517732143, 5.04599666595, 9.12110424042, 6.51957988739, 11.2742080688, 12.0096549988, 9.12587356567, 9.64019393921, 11.915143013, 15.6308584213, 22.4560661316, 61.8948669434, 34.0817909241, 47.2153892517, 23.3872089386, 15.4981985092, 31.6258049011, 24.1672954559, 32.969203949, 23.0946521759, 32.5079994202, 44.4337539673, 51.6823387146, 56.8894309998, 38.4729652405, 17.6352806091, 18.7620792389, 17.9921245575, 10.8986587524, 7.30625104904, 5.38840103149, 4.34519529343, 2.68683385849, 1.55781698227, 0.684329867363, 0.332730561495, 0.149186775088, 0.0376066379249, 0.00388338789344, 0.000201536109671],
        "median": [0.900351405144, 3.98591279984, 6.66285991669, 4.36668777466, 4.84607315063, 5.85428571701, 5.02824687958, 4.39411735535, 6.69426250458, 6.25239372253, 7.277821064, 16.2804107666, 12.3022079468, 10.8077907562, 10.7535018921, 7.75724554062, 12.7043390274, 14.1841344833, 20.4081764221, 15.5637521744, 21.0762195587, 27.987039566, 38.4448547363, 48.0479927063, 34.0234069824, 13.959936142, 15.5050945282, 14.0599012375, 7.17527961731, 3.81436944008, 2.81381654739, 2.15133428574, 1.54786765575, 1.09628033638, 0.585069835186, 0.257543712854, 0.0965433344245, 0.0256303418428, 0.00317184976302, 0.000172680127434],
        "min": [6.64447619753e-22, 4.43172070205e-21, 2.15343951678e-20, 7.14308457549e-20, 2.57431660571e-19, 2.30890872683e-19, 7.80112613982e-20, 1.22366559924e-19, 1.97805393015e-19, 2.88879206303e-19, 4.73868870368e-19, 1.11066781618e-18, 1.98244090838e-18, 1.99085540316e-18, 2.11718573503e-18, 1.64806203795e-18, 1.96961919529e-18, 2.52447271825e-18, 5.65400737506e-18, 6.27170201594e-18, 5.82051924596e-18, 8.894834427e-18, 8.64135485445e-18, 9.27162512219e-18, 1.45762524996e-17, 1.22219451022e-17, 1.45691867228e-17, 1.52187054834e-17, 1.28789614279e-17, 1.8749795589e-17, 2.3850924128e-17, 1.3385160394e-17, 1.3066781885e-17, 1.25455373307e-17, 7.83517966637e-18, 4.52025253439e-18, 2.76511858359e-18, 1.37879520642e-18, 2.87342873412e-19, 3.59511305779e-20],
        "var": [0.459467232227, 19.3278331757, 67.319770813, 45.2473564148, 726.358764648, 350.187316895, 142.244888306, 215.293228149, 209.135482788, 823.140869141, 2143.5065918, 12939.3359375, 5118.98486328, 12059.296875, 1389.78771973, 748.098632812, 3423.32568359, 965.109191895, 1408.40576172, 763.15447998, 1052.00927734, 2071.45581055, 2179.40844727, 1814.16345215, 690.313781738, 201.359054565, 215.05645752, 255.371917725, 146.156051636, 145.551757812, 58.3435249329, 49.427318573, 16.7921924591, 3.02960562706, 0.336055040359, 0.08450306952, 0.0228102114052, 0.00186707905959, 1.61252301041e-05, 2.34436310365e-08]
    },
    "gfcc": {
        "mean": [53.9508895874, 71.2601394653, -100.256072998, 49.7756538391, -34.728302002, 14.4384384155, -20.6976222992, 19.1739654541, -18.3625183105, 4.25334692001, -15.0405683517, 2.2564125061, -10.9097967148],
        "cov": [[6690.23681641, -97.15209198, 341.841796875, -25.865398407, 57.3230476379, 146.403091431, -28.0571155548, 270.598114014, -67.6658248901, 183.86831665, -95.4411621094, 200.958755493, -75.913269043], [-97.15209198, 985.910339355, -421.451629639, 21.3899002075, 49.805229187, -137.69303894, 126.385528564, -109.769454956, 47.5089225769, -110.782623291, 46.3244552612, -108.272277832, 66.9492492676], [341.841796875, -421.451629639, 615.738647461, 31.9528427124, 53.1409454346, 137.839645386, -76.8365783691, 57.388759613, -30.5772628784, 72.9807739258, -19.9269332886, 72.162437439, -32.6851997375], [-25.865398407, 21.3899002075, 31.9528427124, 347.01651001, 32.0911064148, -5.6440987587, -77.9154205322, -74.7476501465, 8.65383720398, -38.8704986572, 32.993270874, -37.5378417969, 37.8774452209], [57.3230476379, 49.805229187, 53.1409454346, 32.0911064148, 211.646316528, -25.5836162567, 18.8630084991, 13.7614059448, 5.81799459457, 36.3035430908, -0.494731277227, 15.8538427353, 5.36769008636], [146.403091431, -137.69303894, 137.839645386, -5.6440987587, -25.5836162567, 182.962646484, 25.9291362762, 30.0880126953, 11.4166116714, 12.730638504, 3.42488479614, 9.20541000366, -14.3195848465], [-28.0571155548, 126.385528564, -76.8365783691, -77.9154205322, 18.8630084991, 25.9291362762, 163.79586792, 58.8952331543, 8.80594921112, -12.4031715393, -6.68563365936, -9.65480327606, -3.52092695236], [270.598114014, -109.769454956, 57.388759613, -74.7476501465, 13.7614059448, 30.0880126953, 58.8952331543, 130.714630127, 29.1163845062, 44.494808197, -18.695274353, 27.774805069, -19.9361400604], [-67.6658248901, 47.5089225769, -30.5772628784, 8.65383720398, 5.81799459457, 11.4166116714, 8.80594921112, 29.1163845062, 96.1686096191, 34.0998764038, 7.03254890442, -11.856546402, -0.356055080891], [183.86831665, -110.782623291, 72.9807739258, -38.8704986572, 36.3035430908, 12.730638504, -12.4031715393, 44.494808197, 34.0998764038, 95.7459564209, 15.8335351944, 36.3064575195, -21.7842483521], [-95.4411621094, 46.3244552612, -19.9269332886, 32.993270874, -0.494731277227, 3.42488479614, -6.68563365936, -18.695274353, 7.03254890442, 15.8335351944, 67.8776245117, 12.992108345, 4.35180330276], [200.958755493, -108.272277832, 72.162437439, -37.5378417969, 15.8538427353, 9.20541000366, -9.65480327606, 27.774805069, -11.856546402, 36.3064575195, 12.992108345, 82.1980361938, 11.0671749115], [-75.913269043, 66.9492492676, -32.6851997375, 37.8774452209, 5.36769008636, -14.3195848465, -3.52092695236, -19.9361400604, -0.356055080891, -21.7842483521, 4.35180330276, 11.0671749115, 57.8708572388]],
        "icov": [[0.000268513133051, -0.0005178891588, 9.7848205769e-05, -0.00046789253247, 0.000235076367971, -0.000500428373925, 0.000514033366926, -0.000859121209942, 0.000888718350325, -0.000890837924089, 0.00109523523133, -0.00102056853939, 0.00068549340358], [-0.0005178891588, 0.0037064764183, 0.000160856754519, 0.00176570296753, -0.00151824660134, 0.00235313805752, -0.00303998147137, 0.00360598252155, -0.00383941619657, 0.00387379201129, -0.00459914887324, 0.00416944408789, -0.00326866889372], [9.7848205769e-05, 0.000160856754519, 0.00325763784349, -0.000816600339022, -0.000843995076139, -0.00246944720857, 0.0017576549435, -0.00123678194359, 0.00179492461029, -0.00135035149287, 0.00172479054891, -0.00177216983866, 0.00117669650353], [-0.00046789253247, 0.00176570296753, -0.000816600339022, 0.00595435593277, -0.00210041180253, 0.0010798338335, 0.000786606164183, 0.00226251175627, -0.00333748501725, 0.00471889367327, -0.00587980868295, 0.00549806142226, -0.00457910634577], [0.000235076367971, -0.00151824660134, -0.000843995076139, -0.00210041180253, 0.00684535223991, 0.000802325375844, -0.00143697415479, -0.000465466699097, 0.00205725105479, -0.00550894485787, 0.00332222832367, -0.00205821706913, 0.000361396872904], [-0.000500428373925, 0.00235313805752, -0.00246944720857, 0.0010798338335, 0.000802325375844, 0.00971142947674, -0.00477053970098, 0.0029274483677, -0.0045445128344, 0.0033422561828, -0.00449130591005, 0.00296320440248, -0.00143218843732], [0.000514033366926, -0.00303998147137, 0.0017576549435, 0.000786606164183, -0.00143697415479, -0.00477053970098, 0.0139888003469, -0.00956433266401, 0.00401746295393, 0.00106083240826, 0.00134017248638, -0.0010896549793, 0.00170978927054], [-0.000859121209942, 0.00360598252155, -0.00123678194359, 0.00226251175627, -0.000465466699097, 0.0029274483677, -0.00956433266401, 0.019909908995, -0.00850941799581, -8.52980065247e-06, 0.000232237332966, -0.000320213788655, -0.000445333338575], [0.000888718350325, -0.00383941619657, 0.00179492461029, -0.00333748501725, 0.00205725105479, -0.0045445128344, 0.00401746295393, -0.00850941799581, 0.0210978072137, -0.0137261273339, 0.00509257894009, 0.00155345886014, -0.000913745723665], [-0.000890837924089, 0.00387379201129, -0.00135035149287, 0.00471889367327, -0.00550894485787, 0.0033422561828, 0.00106083240826, -8.52980065247e-06, -0.0137261273339, 0.0303235203028, -0.0121362358332, -0.00264431512915, 0.00464676879346], [0.00109523523133, -0.00459914887324, 0.00172479054891, -0.00587980868295, 0.00332222832367, -0.00449130591005, 0.00134017248638, 0.000232237332966, 0.00509257894009, -0.0121362358332, 0.0274454224855, -0.012048041448, 0.00602508941665], [-0.00102056853939, 0.00416944408789, -0.00177216983866, 0.00549806142226, -0.00205821706913, 0.00296320440248, -0.0010896549793, -0.000320213788655, 0.00155345886014, -0.00264431512915, -0.012048041448, 0.0296846162528, -0.015770945698], [0.00068549340358, -0.00326866889372, 0.00117669650353, -0.00457910634577, 0.000361396872904, -0.00143218843732, 0.00170978927054, -0.000445333338575, -0.000913745723665, 0.00464676879346, 0.00602508941665, -0.015770945698, 0.0294914040715]]
    },
    "melbands": {
        "dmean": [0.00355496560223, 0.00274957134388, 0.00087982811965, 0.000692584668286, 0.000195216009161, 0.000118589421618, 8.95373159437e-05, 8.84806358954e-05, 9.79166288744e-05, 0.00014859806106, 6.56609263388e-05, 6.6089691245e-05, 3.55141455657e-05, 2.05868345802e-05, 3.1126797694e-05, 2.84664856736e-05, 2.27477321459e-05, 2.6811610951e-05, 1.54183289851e-05, 1.51563126565e-05, 1.88356261788e-05, 1.95382381207e-05, 2.395964475e-05, 1.99492224056e-05, 1.83549800568e-05, 1.32357481561e-05, 8.00557700131e-06, 5.31477189725e-06, 5.75976355321e-06, 5.42925727132e-06, 4.9287591537e-06, 4.33436844105e-06, 2.78596007774e-06, 2.10416897062e-06, 1.64366247191e-06, 1.32982506784e-06, 1.23004781472e-06, 1.05938102024e-06, 9.68851622929e-07, 7.0167203603e-07],
        "dmean2": [0.00613658223301, 0.00470876181498, 0.00152012926992, 0.00118422845844, 0.000321315630572, 0.00018977484433, 0.00014167460904, 0.000141551456181, 0.000147809842019, 0.000231997095398, 0.000103151643998, 9.83919526334e-05, 5.55108235858e-05, 3.30789916916e-05, 4.88975238113e-05, 4.44990510005e-05, 3.68020046153e-05, 4.35828587797e-05, 2.46415729634e-05, 2.42880596488e-05, 3.07897353196e-05, 3.18137645081e-05, 3.85926541639e-05, 3.26429872075e-05, 2.99292150885e-05, 2.20738038479e-05, 1.34835336212e-05, 9.28898316488e-06, 1.00912011476e-05, 9.23475909076e-06, 8.58525618241e-06, 7.59545355322e-06, 4.79964683109e-06, 3.43506258105e-06, 2.70294003712e-06, 2.26726524488e-06, 1.98498173631e-06, 1.78426137154e-06, 1.64455184404e-06, 1.23119502859e-06],
        "dvar": [3.72178583348e-05, 1.99907117349e-05, 2.73855630439e-06, 3.99393411499e-06, 1.24931602841e-07, 4.35898179774e-08, 2.16402664677e-08, 3.54159581661e-08, 4.85109588055e-08, 8.61141771225e-08, 2.11791277849e-08, 2.29180265876e-08, 5.29429122764e-09, 3.23139270897e-09, 4.57344029314e-09, 3.39356853729e-09, 1.55853929762e-09, 1.86962645365e-09, 5.65403113217e-10, 5.88663062739e-10, 8.71572813921e-10, 7.84868114945e-10, 1.4683149141e-09, 6.83494094655e-10, 4.56610083077e-10, 1.88921642219e-10, 9.18832440688e-11, 8.0993607654e-11, 8.35439772917e-11, 4.72883364411e-11, 8.07878278164e-11, 6.17356651911e-11, 2.71536942237e-11, 1.92276351091e-11, 8.71545977749e-12, 6.6993914756e-12, 7.36534704754e-12, 5.38899870908e-12, 2.93017866915e-12, 1.69955586063e-12],
        "dvar2": [0.000106781291834, 5.79915067647e-05, 7.50217805034e-06, 1.09931870611e-05, 3.35696881848e-07, 1.05705403541e-07, 5.17874525485e-08, 8.38853537743e-08, 1.07725270482e-07, 2.09896157344e-07, 4.98947478889e-08, 4.7343334586e-08, 1.24706946991e-08, 8.21363599357e-09, 1.06878852435e-08, 7.70180186294e-09, 3.85426490723e-09, 4.74551775653e-09, 1.33539967972e-09, 1.42516498602e-09, 2.25124163755e-09, 1.93674032367e-09, 3.6020175731e-09, 1.77430492521e-09, 1.17664200605e-09, 5.20727960751e-10, 2.56211024618e-10, 2.29073732205e-10, 2.34050695491e-10, 1.30390823139e-10, 2.35130498405e-10, 1.72754963113e-10, 7.35621077941e-11, 4.03556146833e-11, 2.05041122969e-11, 1.8487390438e-11, 1.66580828992e-11, 1.34644830008e-11, 7.50733416405e-12, 4.73404605447e-12],
        "max": [0.0437308177352, 0.0348265469074, 0.0170836374164, 0.0195459239185, 0.0060030464083, 0.00442202808335, 0.00496435910463, 0.00441525410861, 0.00680810492486, 0.00650000944734, 0.00472033163533, 0.00410413555801, 0.00201971689239, 0.0017517786473, 0.00228747352958, 0.00176250212826, 0.000835905899294, 0.00102799676824, 0.000622170511633, 0.000991785083897, 0.000591329240706, 0.000670576235279, 0.00124196906108, 0.000384299928555, 0.000457527756225, 0.000190603299416, 0.000132441447931, 9.29298912524e-05, 9.91606430034e-05, 0.000153031491209, 0.000133652167278, 6.58774006297e-05, 8.25276219985e-05, 0.000123365636682, 7.66873490647e-05, 5.1980772696e-05, 0.000106469829916, 6.98160220054e-05, 3.96406867367e-05, 1.64284756465e-05],
        "mean": [0.00792798865587, 0.0054203402251, 0.00130045437254, 0.000943324004766, 0.000343278370565, 0.000217300694203, 0.000183287993423, 0.00017057666264, 0.000230406352784, 0.000362349848729, 0.000160171446623, 0.000198215420824, 8.09577904874e-05, 3.93651353079e-05, 5.62263048778e-05, 5.85076631978e-05, 4.485034151e-05, 5.4458676459e-05, 3.36015109497e-05, 3.24502216245e-05, 4.0466486098e-05, 4.4305492338e-05, 5.31870973646e-05, 4.6041503083e-05, 4.69422848255e-05, 3.23180101987e-05, 1.88682915905e-05, 9.6647945611e-06, 1.07693895188e-05, 1.2759072888e-05, 9.61736077443e-06, 6.67006906951e-06, 4.33861441707e-06, 4.03866124543e-06, 3.28951045958e-06, 2.57754345512e-06, 2.65429434876e-06, 1.90618197848e-06, 1.64581911122e-06, 1.19340484162e-06],
        "median": [0.00705143855885, 0.00427325861529, 0.000858423707541, 0.000433427747339, 0.000202871102374, 9.97680908768e-05, 0.000102352074464, 6.05643508607e-05, 6.1080652813e-05, 9.8618787888e-05, 5.08383345732e-05, 3.99541204388e-05, 3.23449894495e-05, 1.6000956748e-05, 2.48077831202e-05, 2.45932187681e-05, 2.4007196771e-05, 3.31675983034e-05, 2.01103248401e-05, 1.88444664673e-05, 2.32757047343e-05, 2.64022710326e-05, 2.86161593976e-05, 3.46615452145e-05, 3.82963116863e-05, 2.87610928353e-05, 1.54718036356e-05, 7.03599425833e-06, 8.45122031023e-06, 1.0087785995e-05, 6.96673987477e-06, 4.29271130997e-06, 2.17922433876e-06, 2.14056899495e-06, 1.66314498529e-06, 1.29078853206e-06, 1.29873740207e-06, 1.06255845367e-06, 9.95663526737e-07, 8.55568146108e-07],
        "min": [6.38555055986e-24, 9.5390559495e-24, 2.13310418463e-23, 1.64183790046e-23, 5.17615855569e-24, 2.78446659463e-24, 3.25350041191e-24, 3.22982137133e-24, 4.52844695452e-24, 8.76497987537e-24, 9.73428955722e-24, 7.89710666188e-24, 7.90947284543e-24, 5.79213349379e-24, 1.99208717256e-24, 5.0302591257e-24, 4.46018642596e-24, 7.78747313986e-24, 9.72785955198e-24, 6.98193334852e-24, 5.92790316089e-24, 8.39468856646e-24, 8.10923845904e-24, 7.7989999754e-24, 6.60824086581e-24, 1.17045106888e-23, 8.24739876912e-24, 6.64684337978e-24, 8.62102301536e-24, 8.91950352721e-24, 8.99809063944e-24, 6.79144710573e-24, 8.86210837432e-24, 1.04880256418e-23, 1.53227648033e-23, 9.13646551969e-24, 7.67232232466e-24, 8.53860913887e-24, 1.09133857528e-23, 8.25056604566e-24],
        "var": [3.22556552419e-05, 1.8991968318e-05, 2.34507729147e-06, 3.3546564282e-06, 1.80287884177e-07, 1.04285525993e-07, 5.06367179298e-08, 1.00035883577e-07, 1.90668529854e-07, 4.28214121939e-07, 1.28094427509e-07, 2.35268686311e-07, 1.97205416441e-08, 6.22128171202e-09, 9.94922633168e-09, 1.34159252596e-08, 3.9153347231e-09, 4.08438971533e-09, 1.52435575274e-09, 1.84368242895e-09, 2.07914707673e-09, 2.47129183784e-09, 5.12750109039e-09, 1.77212922114e-09, 1.43854894663e-09, 4.765969841e-10, 2.19584905814e-10, 8.36231431323e-11, 9.37070768203e-11, 1.09202320797e-10, 9.53995146769e-11, 5.91686769025e-11, 4.06180124257e-11, 5.43854267177e-11, 2.46651067626e-11, 1.32571792086e-11, 2.335475216e-11, 1.02166478402e-11, 4.55297865382e-12, 1.68824394568e-12]
    },
    "mfcc": {
        "mean": [-594.012329102, 102.941467285, 1.17021942139, 43.5863227844, 13.6063814163, 8.79485321045, 11.2978200912, 13.3612833023, 8.67175292969, 6.98320388794, 7.63755559921, 1.49197351933, -5.38931083679],
        "cov": [[3727.89501953, -44.690284729, 115.891433716, 2.26384472847, 43.6919174194, -7.04941558838, 34.8524932861, 88.4192962646, 84.2480010986, 11.3748207092, 87.4946517944, 67.7062072754, 3.56260991096], [-44.690284729, 775.579528809, -323.571472168, 46.9856033325, -94.5825805664, -24.0606956482, 30.7955913544, 9.15110874176, 39.5510482788, -20.5599689484, 18.9317512512, 4.05102300644, -28.3601703644], [115.891433716, -323.571472168, 506.687225342, -51.4182319641, 104.049697876, 70.9943618774, 4.77845239639, 18.952123642, -22.7945270538, 23.7645435333, -11.6101140976, -14.1858520508, 64.9755325317], [2.26384472847, 46.9856033325, -51.4182319641, 266.814483643, 88.4856109619, 13.5817775726, -4.18404006958, -31.9202594757, -13.8756198883, -21.8525390625, -34.937374115, -7.08258008957, -14.7340679169], [43.6919174194, -94.5825805664, 104.049697876, 88.4856109619, 193.118331909, 55.9408836365, -13.467212677, -27.7389526367, -8.96578979492, 3.50359082222, -9.23591327667, -2.25513386726, 38.3908615112], [-7.04941558838, -24.0606956482, 70.9943618774, 13.5817775726, 55.9408836365, 111.86125946, 18.7880077362, 5.91330623627, -7.87550115585, 5.5622549057, -5.26496124268, -9.35016727448, 22.1331253052], [34.8524932861, 30.7955913544, 4.77845239639, -4.18404006958, -13.467212677, 18.7880077362, 112.000831604, 43.287021637, 11.5020265579, 0.309689164162, 7.3197312355, 6.05520629883, -13.5645847321], [88.4192962646, 9.15110874176, 18.952123642, -31.9202594757, -27.7389526367, 5.91330623627, 43.287021637, 80.3538894653, 38.908493042, 14.3104038239, 11.6395339966, 0.106609925628, 0.19387820363], [84.2480010986, 39.5510482788, -22.7945270538, -13.8756198883, -8.96578979492, -7.87550115585, 11.5020265579, 38.908493042, 97.5085449219, 32.5393028259, 24.5393047333, 2.60636520386, 5.38478851318], [11.3748207092, -20.5599689484, 23.7645435333, -21.8525390625, 3.50359082222, 5.5622549057, 0.309689164162, 14.3104038239, 32.5393028259, 72.3350067139, 28.7168540955, 0.666286230087, 6.39669704437], [87.4946517944, 18.9317512512, -11.6101140976, -34.937374115, -9.23591327667, -5.26496124268, 7.3197312355, 11.6395339966, 24.5393047333, 28.7168540955, 82.4744033813, 37.2560806274, 12.7059421539], [67.7062072754, 4.05102300644, -14.1858520508, -7.08258008957, -2.25513386726, -9.35016727448, 6.05520629883, 0.106609925628, 2.60636520386, 0.666286230087, 37.2560806274, 69.5038909912, 30.2628002167], [3.56260991096, -28.3601703644, 64.9755325317, -14.7340679169, 38.3908615112, 22.1331253052, -13.5645847321, 0.19387820363, 5.38478851318, 6.39669704437, 12.7059421539, 30.2628002167, 86.2484436035]],
