{
"lowlevel": {
    "average_loudness": 0.849318563938,
    "barkbands_crest": {
        "dmean": 2.65793991089,
        "dmean2": 4.34292650223,
        "dvar": 6.57012414932,
        "dvar2": 15.4456100464,
        "max": 25.765789032,
        "mean": 12.9924888611,
        "median": 12.0675487518,
        "min": 3.2749607563,
        "var": 22.4636726379
    },
    "barkbands_flatness_db": {
        "dmean": 0.0368142463267,
        "dmean2": 0.0570131763816,
        "dvar": 0.00147590774577,
        "dvar2": 0.00292124785483,
        "max": 0.54224562645,
        "mean": 0.238492518663,
        "median": 0.235871806741,
        "min": 0.033228084445,
        "var": 0.00552710471675
    },
    "barkbands_kurtosis": {
        "dmean": 16.420747757,
        "dmean2": 27.8532485962,
        "dvar": 760.18927002,
        "dvar2": 2047.11547852,
        "max": 636.718933105,
        "mean": 32.1155090332,
        "median": 23.1589565277,
        "min": -1.93423318863,
        "var": 1240.62902832
    },
    "barkbands_skewness": {
        "dmean": 1.1514852047,
        "dmean2": 1.8779835701,
        "dvar": 1.66720700264,
        "dvar2": 4.04429244995,
        "max": 21.6897125244,
        "mean": 3.89932107925,
        "median": 4.06425571442,
        "min": -3.33664345741,
        "var": 6.91775274277
    },
    "barkbands_spread": {
        "dmean": 6.69993400574,
        "dmean2": 10.5983104706,
        "dvar": 153.387496948,
        "dvar2": 336.051513672,
        "max": 134.035079956,
        "mean": 13.2655153275,
        "median": 5.7996468544,
        "min": 0.160209432244,
        "var": 328.642944336
    },
    "dissonance": {
        "dmean": 0.0239055529237,
        "dmean2": 0.0398293659091,
        "dvar": 0.000747629441321,
        "dvar2": 0.00191777409054,
        "max": 0.500000119209,
        "mean": 0.444096416235,
        "median": 0.461013734341,
        "min": 0.112495876849,
        "var": 0.00255837268196
    },
    "dynamic_complexity": 4.30314731598,
    "erbbands_crest": {
        "dmean": 2.71952748299,
        "dmean2": 4.4401640892,
        "dvar": 7.86064910889,
        "dvar2": 20.287935257,
        "max": 32.3466529846,
        "mean": 11.4304761887,
        "median": 9.57705116272,
        "min": 2.16720628738,
        "var": 40.6379852295
    },
    "erbbands_flatness_db": {
        "dmean": 0.0237438436598,
        "dmean2": 0.0340915024281,
        "dvar": 0.00111991236918,
        "dvar2": 0.00182233005762,
        "max": 0.486211419106,
        "mean": 0.137207910419,
        "median": 0.115528605878,
        "min": 0.0212295670062,
        "var": 0.00655074138194
    },
    "erbbands_kurtosis": {
        "dmean": 1.89326632023,
        "dmean2": 3.00578284264,
        "dvar": 12.4653787613,
        "dvar2": 30.2048969269,
        "max": 96.2178649902,
        "mean": 2.78184986115,
        "median": 0.426673412323,
        "min": -1.83460485935,
        "var": 46.8717079163
    },
    "erbbands_skewness": {
        "dmean": 0.471400290728,
        "dmean2": 0.741307735443,
        "dvar": 0.257092863321,
        "dvar2": 0.649097323418,
        "max": 8.06155490875,
        "mean": 1.02414619923,
        "median": 0.923235476017,
        "min": -3.80616688728,
        "var": 1.31520020962
    },
    "erbbands_spread": {
        "dmean": 12.5241613388,
        "dmean2": 18.6346740723,
        "dvar": 272.546875,
        "dvar2": 545.515075684,
        "max": 192.140319824,
        "mean": 55.7906837463,
        "median": 51.0480880737,
        "min": 0.630208492279,
        "var": 1476.24804688
    },
    "hfc": {
        "dmean": 9.40296268463,
        "dmean2": 13.7987995148,
        "dvar": 271.231414795,
        "dvar2": 568.347167969,
        "max": 218.861755371,
        "mean": 21.9355430603,
        "median": 11.2101345062,
        "min": 1.20967131008e-16,
        "var": 710.46484375
    },
    "melbands_crest": {
        "dmean": 4.69102573395,
        "dmean2": 8.15362548828,
        "dvar": 15.3201303482,
        "dvar2": 44.5797195435,
        "max": 36.44556427,
        "mean": 20.9550685883,
        "median": 20.8064880371,
        "min": 2.00850296021,
        "var": 46.0491867065
    },
    "melbands_flatness_db": {
        "dmean": 0.0400899834931,
        "dmean2": 0.0616652593017,
        "dvar": 0.00186870933976,
        "dvar2": 0.00347536476329,
        "max": 0.692121863365,
        "mean": 0.335306584835,
        "median": 0.343464463949,
        "min": 0.00623151101172,
        "var": 0.00973866600543
    },
    "melbands_kurtosis": {
        "dmean": 37.5131111145,
        "dmean2": 62.8468093872,
        "dvar": 4045.0402832,
        "dvar2": 10622.2382812,
        "max": 998.783935547,
        "mean": 81.9874725342,
        "median": 59.8101577759,
        "min": -1.7961357832,
        "var": 8924.52636719
    },
    "melbands_skewness": {
        "dmean": 1.524102211,
        "dmean2": 2.46006560326,
        "dvar": 3.24613571167,
        "dvar2": 7.9294052124,
        "max": 27.3809394836,
        "mean": 5.7820725441,
        "median": 5.67303228378,
        "min": -2.31993770599,
        "var": 16.1991539001
    },
    "melbands_spread": {
        "dmean": 4.49021863937,
        "dmean2": 7.06566810608,
        "dvar": 168.379455566,
        "dvar2": 352.40423584,
        "max": 235.348297119,
        "mean": 11.1282291412,
        "median": 3.57021188736,
        "min": 0.254691243172,
        "var": 666.107177734
    },
    "pitch_salience": {
        "dmean": 0.086318127811,
        "dmean2": 0.147970825434,
        "dvar": 0.00635345838964,
        "dvar2": 0.016206998378,
        "max": 0.892866253853,
        "mean": 0.44655790925,
        "median": 0.449614852667,
        "min": 0.0315904580057,
        "var": 0.016695369035
    },
    "silence_rate_20dB": {
        "dmean": 0,
        "dmean2": 0,
        "dvar": 0,
        "dvar2": 0,
        "max": 1,
        "mean": 1,
        "median": 1,
        "min": 1,
        "var": 0
    },
    "silence_rate_30dB": {
        "dmean": 0.0888618379831,
        "dmean2": 0.177737191319,
        "dvar": 0.0809611231089,
        "dvar2": 0.186011552811,
        "max": 1,
        "mean": 0.699505507946,
        "median": 1,
        "min": 0,
        "var": 0.210201367736
    },
    "silence_rate_60dB": {
        "dmean": 0.0249543525279,
        "dmean2": 0.0498364157975,
        "dvar": 0.0243302509189,
        "dvar2": 0.050093382597,
        "max": 1,
        "mean": 0.154507413507,
        "median": 0,
        "min": 0,
        "var": 0.130648627877
    },
    "spectral_centroid": {
        "dmean": 168.444107056,
        "dmean2": 257.523742676,
        "dvar": 106055.554688,
        "dvar2": 204016.015625,
        "max": 11038.7158203,
        "mean": 742.595031738,
        "median": 501.057312012,
        "min": 140.121383667,
        "var": 485316.71875
    },
    "spectral_complexity": {
        "dmean": 1.95222151279,
        "dmean2": 3.13368344307,
        "dvar": 5.22610378265,
        "dvar2": 12.1675777435,
        "max": 30,
        "mean": 6.962266922,
        "median": 7,
        "min": 0,
        "var": 12.0724000931
    },
    "spectral_decrease": {
        "dmean": 7.80667264166e-09,
        "dmean2": 1.37610456363e-08,
        "dvar": 9.1213470844e-17,
        "dvar2": 2.63609755726e-16,
        "max": 1.30207025717e-10,
        "mean": -2.08690131842e-08,
        "median": -1.97529352874e-08,
        "min": -9.31844681418e-08,
        "var": 2.61540665995e-16
    },
    "spectral_energy": {
        "dmean": 0.0297791119665,
        "dmean2": 0.0523804947734,
        "dvar": 0.001309359679,
        "dvar2": 0.00377892167307,
        "max": 0.358575940132,
        "mean": 0.0807541161776,
        "median": 0.0762579068542,
        "min": 1.11479785467e-20,
        "var": 0.00382977980189
    },
    "spectral_energyband_high": {
        "dmean": 0.000618668040261,
        "dmean2": 0.000874175981153,
        "dvar": 1.52075017468e-06,
        "dvar2": 3.04326476908e-06,
        "max": 0.0171626843512,
        "mean": 0.00110568641685,
        "median": 0.000118226431368,
        "min": 8.25881680497e-21,
        "var": 4.08302230426e-06
    },
    "spectral_energyband_low": {
        "dmean": 0.0281097795814,
        "dmean2": 0.0496058911085,
        "dvar": 0.00122447288595,
        "dvar2": 0.00358855072409,
        "max": 0.345559746027,
        "mean": 0.0611845068634,
        "median": 0.0554869808257,
        "min": 7.53376616418e-23,
        "var": 0.0027886047028
    },
    "spectral_energyband_middle_high": {
        "dmean": 0.000218747009058,
        "dmean2": 0.000348693749402,
        "dvar": 9.91358604097e-08,
        "dvar2": 2.41694181113e-07,
        "max": 0.00437540002167,
        "mean": 0.00057565496536,
        "median": 0.000498105364386,
        "min": 1.51754724816e-21,
        "var": 1.83746124094e-07
    },
    "spectral_energyband_middle_low": {
        "dmean": 0.0048646107316,
        "dmean2": 0.00801631249487,
        "dvar": 5.83291475778e-05,
        "dvar2": 0.000157928356202,
        "max": 0.124253027141,
        "mean": 0.0147137166932,
        "median": 0.0080422591418,
        "min": 5.26761427699e-22,
        "var": 0.00029488952714
    },
    "spectral_entropy": {
        "dmean": 0.256068378687,
        "dmean2": 0.369239807129,
        "dvar": 0.126977786422,
        "dvar2": 0.216409355402,
        "max": 9.80873966217,
        "mean": 7.36674404144,
        "median": 7.38881492615,
        "min": 4.17925548553,
        "var": 0.630717992783
    },
    "spectral_flux": {
        "dmean": 0.0429731234908,
        "dmean2": 0.0670893788338,
        "dvar": 0.00239445222542,
        "dvar2": 0.00586189888418,
        "max": 0.457518666983,
        "mean": 0.113057203591,
        "median": 0.105887889862,
        "min": 1.05583985999e-10,
        "var": 0.00624019606039
    },
    "spectral_kurtosis": {
        "dmean": 2.76007914543,
        "dmean2": 4.36950111389,
        "dvar": 62.3927993774,
        "dvar2": 144.187011719,
        "max": 218.010437012,
        "mean": 7.13552427292,
        "median": 4.26038980484,
        "min": -1.21613299847,
        "var": 161.674835205
    },
    "spectral_rms": {
        "dmean": 0.00154049019329,
        "dmean2": 0.00265560322441,
        "dvar": 2.66166011897e-06,
        "dvar2": 7.3023729783e-06,
        "max": 0.0187037475407,
        "mean": 0.00790155865252,
        "median": 0.00862542446703,
        "min": 3.29788973907e-12,
        "var": 1.63495169545e-05
    },
    "spectral_rolloff": {
        "dmean": 595.789123535,
        "dmean2": 1019.48510742,
        "dvar": 5597055.5,
        "dvar2": 10949778,
        "max": 19272.2167969,
        "mean": 1406.74230957,
        "median": 193.798828125,
        "min": 43.06640625,
        "var": 14852963
    },
    "spectral_skewness": {
        "dmean": 0.288167834282,
        "dmean2": 0.436287820339,
        "dvar": 0.293594360352,
        "dvar2": 0.605604231358,
        "max": 10.3050956726,
        "mean": 1.93136906624,
        "median": 1.73425519466,
        "min": -0.0407985411584,
        "var": 1.04766786098
    },
    "spectral_spread": {
        "dmean": 1160169.125,
        "dmean2": 1629774.375,
        "dvar": 3.3646903296e+12,
        "dvar2": 5.5312819159e+12,
        "max": 40946472,
        "mean": 6804575,
        "median": 5388045.5,
        "min": 381028.5,
        "var": 1.11228695347e+13
    },
    "spectral_strongpeak": {
        "dmean": 0.303816437721,
        "dmean2": 0.547584891319,
        "dvar": 0.343885838985,
        "dvar2": 1.07167708874,
        "max": 6.22280979156,
        "mean": 0.458590447903,
        "median": 0.271729022264,
        "min": 0,
        "var": 0.528754115105
    },
    "zerocrossingrate": {
        "dmean": 0.018284952268,
        "dmean2": 0.0217170920223,
        "dvar": 0.00118964572903,
        "dvar2": 0.00143606856,
        "max": 0.5234375,
        "mean": 0.0540646761656,
        "median": 0.02099609375,
        "min": 0.00146484375,
        "var": 0.00825392547995
    },
    "barkbands": {
        "dmean": [0.00976592954248, 0.0205070320517, 0.00498605100438, 0.00161029025912, 0.00255156401545, 0.00113887607586, 0.000729444785975, 0.000301064166706, 0.000287486880552, 9.09806913114e-05, 4.15769827669e-05, 4.4970511226e-05, 4.49845647381e-05, 3.274795381e-05, 3.45983207808e-05, 2.31209560297e-05, 1.94639051188e-05, 1.91305643966e-05, 2.086924178e-05, 2.5886709409e-05, 3.3823231206e-05, 4.48734499514e-05, 5.25035575265e-05, 7.0109119406e-05, 0.000101643250673, 0.000147157392348, 0.000193350017071],
        "dmean2": [0.0178228709847, 0.035261888057, 0.00829901732504, 0.002640057588, 0.00419442076236, 0.00192254700232, 0.00123237725347, 0.000479488051496, 0.000508010271005, 0.00015446334146, 6.56274496578e-05, 7.28113736841e-05, 7.51604457037e-05, 5.44214562979e-05, 6.02913787588e-05, 3.80305900762e-05, 3.34679134539e-05, 3.16250407195e-05, 3.3815693314e-05, 4.06145409215e-05, 5.16468790011e-05, 6.86130224494e-05, 7.92583741713e-05, 0.000105455168523, 0.000152533059008, 0.000221179812797, 0.000293775548926],
        "dvar": [0.000193619634956, 0.000770272221416, 9.25595377339e-05, 7.01838962414e-06, 2.02611427085e-05, 1.35875170599e-05, 8.68854203873e-06, 3.39806365446e-06, 9.20629986467e-07, 2.76334493066e-08, 5.69126301642e-09, 6.23753759754e-09, 4.28628288418e-09, 2.06062278352e-09, 2.96631452734e-09, 1.11405973335e-09, 6.70478672582e-10, 6.7548322491e-10, 8.99837426793e-10, 2.0076484919e-09, 4.66000082966e-09, 9.84098136314e-09, 1.30005428645e-08, 2.17918714185e-08, 4.38195009167e-08, 8.46594829795e-08, 1.40152138783e-07],
        "dvar2": [0.000572190678213, 0.00208283960819, 0.000274340884062, 2.11558599403e-05, 5.44932045159e-05, 3.60835474567e-05, 2.45151240961e-05, 7.92736227595e-06, 2.62002254203e-06, 7.51377768893e-08, 1.42422855731e-08, 1.67179603494e-08, 1.18274243732e-08, 5.68942670753e-09, 8.49742676223e-09, 2.85526713384e-09, 1.93506899393e-09, 1.69308889131e-09, 2.08944439528e-09, 4.48497372574e-09, 9.84540093896e-09, 2.0472736395e-08, 2.6254756591e-08, 4.2963893776e-08, 8.91700793204e-08, 1.7621378845e-07, 3.0309050203e-07],
        "max": [0.220877826214, 0.278698593378, 0.107218332589, 0.0365611948073, 0.0875285416842, 0.083777576685, 0.0847575068474, 0.0929382964969, 0.0172504782677, 0.00241057714447, 0.00131604541093, 0.00128860259429, 0.00131981028244, 0.000707839208189, 0.0011929954635, 0.000608783971984, 0.000298153405311, 0.000360903010005, 0.000479369889945, 0.000630757946055, 0.000903300126083, 0.00144008407369, 0.00160671176855, 0.00208906456828, 0.00337850349024, 0.00397415040061, 0.00538849551231],
        "mean": [0.0186058022082, 0.0365645736456, 0.00919758155942, 0.00311105442233, 0.00547673879191, 0.00251951022074, 0.00222114124335, 0.0010500382632, 0.000309807714075, 0.00012766616419, 5.90730960539e-05, 6.56509364489e-05, 6.87084102537e-05, 5.08011362399e-05, 5.45280854567e-05, 3.89896413253e-05, 3.44169129676e-05, 3.42629064107e-05, 3.68296205124e-05, 4.68372745672e-05, 6.64736726321e-05, 8.52027224028e-05, 9.90182452369e-05, 0.000127295206767, 0.000171547013451, 0.000234192717471, 0.000295825302601],
        "median": [0.015217567794, 0.0247662514448, 0.00608029402792, 0.001460991567, 0.00256765703671, 0.000421477714553, 0.000120003060147, 4.14931346313e-05, 7.59751565056e-05, 6.12345684203e-05, 3.21913139487e-05, 3.98830379709e-05, 4.41895717813e-05, 3.44423897332e-05, 3.53655595973e-05, 2.96150010399e-05, 2.81344418909e-05, 2.90318967018e-05, 2.71552526101e-05, 2.50599168794e-05, 2.57369629253e-05, 1.98513134819e-05, 1.6246773157e-05, 1.31004717332e-05, 1.00311108326e-05, 7.35455205358e-06, 6.27864073977e-06],
        "min": [8.08756529453e-24, 3.06709782593e-23, 1.34421598483e-23, 5.72536627892e-23, 1.05828820635e-22, 6.02671240689e-23, 5.15026175101e-23, 1.0952907053e-22, 1.04276342374e-22, 9.58485311158e-23, 6.98507049056e-23, 1.07543084802e-22, 5.59834389596e-23, 1.70902272252e-22, 2.01263168222e-22, 1.21193950425e-22, 3.07412001327e-22, 1.64898333943e-22, 1.67738977887e-22, 2.8216958832e-22, 2.12199948433e-22, 7.59322570294e-22, 5.9359998399e-22, 8.54448391225e-22, 1.22437967664e-21, 2.12234128199e-21, 2.45487798565e-21],
        "var": [0.00033665279625, 0.00173863931559, 0.000138863790198, 1.68624028447e-05, 6.75126066199e-05, 4.36628542957e-05, 6.94284390192e-05, 3.42821294907e-05, 6.81340054598e-07, 3.41380150815e-08, 8.85945983242e-09, 7.71169172964e-09, 6.76480516049e-09, 3.22870130631e-09, 4.89987739272e-09, 1.78004722073e-09, 1.10660247632e-09, 1.03778952099e-09, 1.54252599582e-09, 4.09258760214e-09, 1.18208465238e-08, 2.50806539981e-08, 3.53897071648e-08, 5.9307772915e-08, 1.08487874684e-07, 1.97449111283e-07, 3.05028805769e-07]
    },
    "erbbands": {
        "dmean": [1.28288900852, 2.51464033127, 5.5459318161, 5.12873983383, 5.81055736542, 9.43846511841, 9.61035251617, 11.6410598755, 13.4020528793, 5.80118465424, 6.31121301651, 5.77203893661, 4.52696466446, 2.4732208252, 1.94256496429, 1.48691248894, 1.92704594135, 1.84472095966, 1.88224041462, 1.30049312115, 1.17623972893, 1.04681587219, 1.02800166607, 1.04247927666, 1.06408822536, 1.22594082355, 1.28403556347, 1.47657513618, 1.58921444416, 1.61590278149, 1.51793837547, 1.42377257347, 1.25425446033, 1.05163609982, 0.79383534193, 0.520458161831, 0.2894705832, 0.116890750825, 0.0301733668894, 0.0026790255215],
        "dmean2": [2.28275799751, 4.08502674103, 9.28015136719, 8.4575176239, 9.32503795624, 15.7030801773, 15.8326807022, 19.7993450165, 22.8752479553, 9.3748254776, 10.184472084, 10.2931642532, 7.80381059647, 4.0744304657, 3.10853862762, 2.38113045692, 3.19897913933, 3.05211305618, 3.23842096329, 2.20776605606, 1.91181027889, 1.78646576405, 1.71327126026, 1.69538795948, 1.65777218342, 1.9235316515, 1.94823384285, 2.27861881256, 2.43799042702, 2.45826220512, 2.29919314384, 2.14935851097, 1.90314126015, 1.59795153141, 1.20178818703, 0.79140150547, 0.442874163389, 0.179986849427, 0.046438280493, 0.0041599557735],
        "dvar": [2.66349482536, 18.8260288239, 117.269515991, 77.007232666, 112.282493591, 323.567626953, 485.720123291, 1751.19372559, 2580.72387695, 728.072265625, 1134.68249512, 426.13659668, 195.486831665, 16.6525859833, 15.4717025757, 5.41640901566, 7.88195705414, 7.07657003403, 9.71954154968, 3.42429208755, 2.57100534439, 1.91334199905, 1.87532448769, 2.00908017159, 2.74415302277, 4.49019384384, 6.57084846497, 9.20379257202, 12.0977096558, 12.8936138153, 10.801074028, 9.10113239288, 6.85568141937, 4.8232049942, 2.62925863266, 1.07086181641, 0.328257590532, 0.0532505139709, 0.00345508591272, 2.6437894121e-05],
        "dvar2": [8.0400428772, 44.7203407288, 350.609283447, 231.929489136, 293.020172119, 871.490844727, 1323.9407959, 4658.12939453, 7374.63232422, 1734.80383301, 2639.18994141, 1235.42626953, 538.046325684, 43.6560211182, 37.4518165588, 13.9362325668, 21.6664199829, 19.7801094055, 27.5600471497, 9.53382396698, 6.52124834061, 5.4866309166, 4.7938785553, 4.86400556564, 6.19976472855, 9.99502086639, 14.2900276184, 19.5433235168, 25.8228054047, 26.6112594604, 21.8816604614, 18.4862117767, 13.9258871078, 10.0131082535, 5.41243553162, 2.22155213356, 0.693309545517, 0.11372923106, 0.00750267319381, 5.79093211854e-05],
        "max": [14.6458892822, 43.1602134705, 106.460372925, 121.19127655, 276.425933838, 418.049499512, 567.958618164, 1021.67437744, 1519.86584473, 1446.65515137, 1590.82116699, 384.285125732, 214.935058594, 87.2007064819, 74.4916610718, 34.1790542603, 51.3639526367, 45.6353683472, 76.3992004395, 28.45744133, 31.825920105, 18.0983772278, 18.3327407837, 20.1272563934, 23.643157959, 31.2823925018, 38.8960533142, 42.1957511902, 50.7866401672, 56.2830924988, 48.6885375977, 49.3939971924, 38.086566925, 35.3584251404, 28.2041931152, 14.8501977921, 8.0576505661, 3.40823769569, 0.768642127514, 0.0757718980312],
        "mean": [1.78928637505, 5.55243301392, 10.5645294189, 11.1744251251, 11.3979005814, 18.1566200256, 21.0553798676, 27.0996837616, 38.1005783081, 20.7502040863, 19.6974163055, 6.41846895218, 5.73013782501, 3.94712519646, 3.07836532593, 2.3460290432, 3.03446149826, 3.08848547935, 3.11159968376, 2.13817691803, 2.16970062256, 1.94015014172, 1.8783955574, 1.85807573795, 1.93792068958, 2.20948767662, 2.50891757011, 2.79676985741, 2.97576761246, 3.00385761261, 2.82551908493, 2.54842305183, 2.19905734062, 1.76921510696, 1.29851710796, 0.831348955631, 0.449115633965, 0.180249720812, 0.045601438731, 0.00407017860562],
        "median": [1.25634169579, 3.38357996941, 7.10966396332, 6.38406038284, 6.11909866333, 6.94104957581, 6.01170921326, 3.48683643341, 2.95438933372, 1.27914047241, 0.981297671795, 1.77140533924, 2.28286075592, 2.16565084457, 1.68683123589, 1.58177316189, 2.02295017242, 2.11045646667, 1.97816312313, 1.65511989594, 1.70743775368, 1.66561877728, 1.62055325508, 1.49955999851, 1.34398710728, 1.17073023319, 1.1011070013, 0.947345018387, 0.742833733559, 0.610611081123, 0.433437496424, 0.308838754892, 0.199521824718, 0.12766470015, 0.0673655495048, 0.0330620631576, 0.0134542938322, 0.00488397339359, 0.00108607613947, 0.000229023818974],
        "min": [1.37994133059e-21, 4.73285846977e-21, 1.70649153671e-20, 1.03489238521e-19, 2.16827496875e-19, 4.6915466466e-19, 4.95589702676e-19, 4.13314208898e-19, 5.47926454008e-19, 2.06400339832e-18, 2.02789510342e-18, 2.86991347501e-18, 2.78924289257e-18, 1.94485175339e-18, 4.3475752728e-18, 3.41362673627e-18, 3.08344725501e-18, 7.63918501049e-18, 1.05846047726e-17, 7.21806736064e-18, 9.46098578955e-18, 1.68328524959e-17, 8.18317537726e-18, 9.82375494618e-18, 7.81112029108e-18, 1.37872098764e-17, 1.13195588827e-17, 1.20005832985e-17, 2.26185358575e-17, 2.4048792348e-17, 1.6544399727e-17, 1.70628004343e-17, 1.73438449736e-17, 1.3950301769e-17, 8.32853003604e-18, 8.88590004921e-18, 3.28093249035e-18, 1.25842409047e-18, 3.63462282276e-19, 3.56369796597e-20],
        "var": [4.36020755768, 43.355632782, 163.925201416, 162.71812439, 277.370178223, 904.63671875, 2339.71777344, 6164.96630859, 17718.5742188, 7501.32177734, 10983.1611328, 286.884674072, 174.410217285, 29.0308990479, 25.3456287384, 7.28014802933, 12.3336935043, 12.0664186478, 16.8791751862, 4.91479301453, 4.90464496613, 3.25733876228, 2.98364806175, 3.34283947945, 4.97290277481, 9.17967128754, 15.2661352158, 23.0176372528, 30.1593666077, 32.548664093, 29.123632431, 24.0953636169, 17.8679580688, 11.7265844345, 6.26117515564, 2.52372837067, 0.732706427574, 0.116487689316, 0.00733475992456, 5.55723345315e-05]
    },
    "gfcc": {
        "mean": [-39.5090904236, 76.8275604248, -49.4557380676, 27.7748165131, -36.4508399963, 8.94380474091, -25.7949829102, -1.63607108593, -20.8585891724, -1.86131262779, -12.995057106, 0.163738265634, -7.00271272659],
        "cov": [[12887.2333984, -2163.49731445, 2976.26074219, 1615.07763672, 1023.07800293, 800.286132812, 392.347167969, 632.026733398, 561.901794434, 845.909667969, 362.98828125, 764.637634277, 284.452178955], [-2163.49731445, 4129.68701172, -636.008911133, 343.856048584, 449.428375244, -124.27519989, 146.141433716, 117.362358093, 259.284484863, -88.6595535278, 342.748260498, 57.8635215759, 100.574165344], [2976.26074219, -636.008911133, 1478.22045898, 456.554901123, 293.730041504, 138.855834961, 180.585800171, 215.065963745, 182.338531494, 220.627075195, 175.540756226, 281.032165527, 85.4292755127], [1615.07763672, 343.856048584, 456.554901123, 817.722595215, 571.581604004, 329.319763184, 163.344680786, 146.669540405, 122.733528137, 134.849563599, 133.094482422, 203.884109497, 112.726234436], [1023.07800293, 449.428375244, 293.730041504, 571.581604004, 731.51361084, 325.338928223, 129.430984497, 115.577781677, 125.524307251, 111.096618652, 115.065620422, 148.046936035, 119.849960327], [800.286132812, -124.27519989, 138.855834961, 329.319763184, 325.338928223, 367.862976074, 134.386703491, 57.8345413208, 45.2586555481, 92.9283294678, 35.8149337769, 72.9181671143, 50.5880088806], [392.347167969, 146.141433716, 180.585800171, 163.344680786, 129.430984497, 134.386703491, 175.114212036, 94.9607925415, 61.2998886108, 36.3895111084, 67.9517669678, 59.0358963013, 30.2792358398], [632.026733398, 117.362358093, 215.065963745, 146.669540405, 115.577781677, 57.8345413208, 94.9607925415, 151.206924438, 107.670906067, 62.1150131226, 56.5039100647, 68.9549942017, 16.0174980164], [561.901794434, 259.284484863, 182.338531494, 122.733528137, 125.524307251, 45.2586555481, 61.2998886108, 107.670906067, 175.732254028, 112.395683289, 80.5068817139, 50.4963035583, 26.8534259796], [845.909667969, -88.6595535278, 220.627075195, 134.849563599, 111.096618652, 92.9283294678, 36.3895111084, 62.1150131226, 112.395683289, 172.040405273, 84.3397064209, 64.9911727905, 16.4776248932], [362.98828125, 342.748260498, 175.540756226, 133.094482422, 115.065620422, 35.8149337769, 67.9517669678, 56.5039100647, 80.5068817139, 84.3397064209, 151.498245239, 101.771598816, 34.9006729126], [764.637634277, 57.8635215759, 281.032165527, 203.884109497, 148.046936035, 72.9181671143, 59.0358963013, 68.9549942017, 50.4963035583, 64.9911727905, 101.771598816, 155.916595459, 66.3317337036], [284.452178955, 100.574165344, 85.4292755127, 112.726234436, 119.849960327, 50.5880088806, 30.2792358398, 16.0174980164, 26.8534259796, 16.4776248932, 34.9006729126, 66.3317337036, 89.3686828613]],
        "icov": [[0.00022964605887, 5.02741713717e-05, -0.000246228650212, -0.000188336329302, 8.85251429281e-05, -0.000112079134851, 0.000201040471438, -0.000366195978131, 4.3293908675e-05, -0.000617911922745, 0.000372630485799, -0.000325757660903, -0.000175157110789], [5.02741713717e-05, 0.000798753346317, 0.000516577216331, -0.000540158129297, -0.000361243757652, 0.000673580972943, -0.0001783878688, 0.000108583677502, -0.00161738798488, 0.00181428948417, -0.00252179801464, 0.000759038724937, -0.000154326015036], [-0.000246228650212, 0.000516577216331, 0.00203535263427, -0.000351004709955, -0.000581654021516, 0.0016616450157, -0.00186010694597, 0.000760918017477, -0.0013477106113, 0.000507685705088, -0.000564047484659, -0.0018597249873, 0.000944747240283], [-0.000188336329302, -0.000540158129297, -0.000351004709955, 0.00406954064965, -0.00168430700433, -0.00132150645368, -0.000306112400722, -0.000252589059528, 0.00106054614298, -0.000795927131549, 0.00178110029083, -0.00254331086762, 0.000585756090004], [8.85251429281e-05, -0.000361243757652, -0.000581654021516, -0.00168430700433, 0.00449587777257, -0.00326101738028, 0.0026809789706, -0.00168521620799, -0.000169638980879, 0.000690169690643, -0.00127014098689, 0.00175244500861, -0.00286534242332], [-0.000112079134851, 0.000673580972943, 0.0016616450157, -0.00132150645368, -0.00326101738028, 0.010154359974, -0.00848117936403, 0.00395636400208, 0.000380652170861, -0.00465141423047, 0.00431318720803, -0.00285903038457, 0.00164780206978], [0.000201040471438, -0.0001783878688, -0.00186010694597, -0.000306112400722, 0.0026809789706, -0.00848117936403, 0.0184585414827, -0.0111342677847, 0.0018707687268, 0.0057744034566, -0.0102127501741, 0.00789604801685, -0.00482696061954], [-0.000366195978131, 0.000108583677502, 0.000760918017477, -0.000252589059528, -0.00168521620799, 0.00395636400208, -0.0111342677847, 0.0238288864493, -0.0130805447698, 0.00190710520837, 0.00791497621685, -0.0114836161956, 0.00916789658368], [4.3293908675e-05, -0.00161738798488, -0.0013477106113, 0.00106054614298, -0.000169638980879, 0.000380652170861, 0.0018707687268, -0.0130805447698, 0.0235016923398, -0.0133082354441, -0.000283646397293, 0.00744872912765, -0.00667033018544], [-0.000617911922745, 0.00181428948417, 0.000507685705088, -0.000795927131549, 0.000690169690643, -0.00465141423047, 0.0057744034566, 0.00190710520837, -0.0133082354441, 0.0241562239826, -0.0147330183536, 0.00385693646967, 0.00228864629753], [0.000372630485799, -0.00252179801464, -0.000564047484659, 0.00178110029083, -0.00127014098689, 0.00431318720803, -0.0102127501741, 0.00791497621685, -0.000283646397293, -0.0147330183536, 0.0327365770936, -0.0205596704036, 0.00652511091903], [-0.000325757660903, 0.000759038724937, -0.0018597249873, -0.00254331086762, 0.00175244500861, -0.00285903038457, 0.00789604801685, -0.0114836161956, 0.00744872912765, 0.00385693646967, -0.0205596704036, 0.0318359173834, -0.0147301275283], [-0.000175157110789, -0.000154326015036, 0.000944747240283, 0.000585756090004, -0.00286534242332, 0.00164780206978, -0.00482696061954, 0.00916789658368, -0.00667033018544, 0.00228864629753, 0.00652511091903, -0.0147301275283, 0.0231481734663]]
    },
    "melbands": {
        "dmean": [0.00822843145579, 0.00279642618261, 0.000873992510606, 0.000513564562425, 0.000384709681384, 0.000244006572757, 0.000192658160813, 6.1929335061e-05, 4.92916915391e-05, 3.87657928513e-05, 2.23211591219e-05, 1.04543887574e-05, 5.90924264543e-06, 5.63074218007e-06, 3.32720856022e-06, 5.19123432241e-06, 3.29374142893e-06, 3.05676667267e-06, 2.19055846173e-06, 1.80449660547e-06, 1.41337284276e-06, 1.22269659641e-06, 1.10366829631e-06, 9.66053903539e-07, 9.18785133308e-07, 8.40889413212e-07, 8.47283274652e-07, 8.76411036188e-07, 8.51470815633e-07, 8.85544693574e-07, 9.25748224745e-07, 9.39881658724e-07, 9.61139448918e-07, 9.43860015923e-07, 9.10373955776e-07, 9.11564086437e-07, 9.08911374609e-07, 9.03010857201e-07, 9.12733298719e-07, 9.15964335491e-07],
        "dmean2": [0.0144404536113, 0.00459749391302, 0.00143613188993, 0.000834471778944, 0.000640211394057, 0.00041467466508, 0.000326987094013, 9.82970668701e-05, 8.10093770269e-05, 6.89744701958e-05, 3.83107944799e-05, 1.72588424903e-05, 9.38959783525e-06, 9.14034626476e-06, 5.34965693078e-06, 8.72465261637e-06, 5.4382462622e-06, 5.27302927367e-06, 3.83785572922e-06, 3.03008732772e-06, 2.34271374211e-06, 2.13225007428e-06, 1.8964777837e-06, 1.61400760135e-06, 1.53006408254e-06, 1.36855578603e-06, 1.35264986056e-06, 1.38925975079e-06, 1.31817057536e-06, 1.39747771755e-06, 1.45669037011e-06, 1.47428090713e-06, 1.49885420342e-06, 1.46110767218e-06, 1.39953442613e-06, 1.42165299621e-06, 1.3899212945e-06, 1.39487076467e-06, 1.41799114317e-06, 1.4170555005e-06],
        "dvar": [0.000109457520011, 2.42944333877e-05, 1.87250054751e-06, 8.3711984189e-07, 7.16177964932e-07, 7.35896549031e-07, 4.9722143558e-07, 9.15122413403e-08, 5.68677300805e-08, 1.76964434218e-08, 4.68983030188e-09, 3.08863518095e-10, 1.19859816516e-10, 1.09218883937e-10, 2.2563711316e-11, 6.586972634e-11, 2.22079021839e-11, 2.43431576979e-11, 9.43279829246e-12, 7.18558025581e-12, 3.49885528536e-12, 2.61017206113e-12, 1.96174782148e-12, 1.65671924963e-12, 1.4835985088e-12, 1.52485446145e-12, 1.84003441824e-12, 2.32127251448e-12, 2.74844036419e-12, 3.07684606959e-12, 3.65842859479e-12, 4.18635829127e-12, 4.47504446693e-12, 4.38669846975e-12, 3.87403607457e-12, 3.81901888585e-12, 3.68553061333e-12, 3.56462494071e-12, 3.77587371092e-12, 3.62236911473e-12],
        "dvar2": [0.000320214341627, 6.9783818617e-05, 5.56159966436e-06, 2.20400079343e-06, 1.97506665245e-06, 1.95567781702e-06, 1.42183023399e-06, 2.1960659069e-07, 1.3552312339e-07, 5.09073672106e-08, 1.28621335804e-08, 8.10077782631e-10, 2.93212426561e-10, 2.83687545677e-10, 5.69852533217e-11, 1.85403581376e-10, 6.14818265743e-11, 6.85836248904e-11, 2.69981693252e-11, 1.9255990899e-11, 9.09633566387e-12, 7.6631348836e-12, 5.50465706003e-12, 4.20792654193e-12, 3.74038387069e-12, 3.56416784107e-12, 4.29348267009e-12, 5.35923909417e-12, 6.28456444871e-12, 6.88201709162e-12, 8.05988695923e-12, 9.2280011757e-12, 9.77767172783e-12, 9.38797303784e-12, 8.12967748676e-12, 8.08006526271e-12, 7.72135307081e-12, 7.42032563866e-12, 8.17566847555e-12, 7.65161545235e-12],
        "max": [0.1008875072, 0.0481807775795, 0.0176251213998, 0.0160863921046, 0.0199101641774, 0.0201586335897, 0.01968418248, 0.0180426370353, 0.0104183740914, 0.00254503381439, 0.00107583962381, 0.000390088738641, 0.000190043385373, 0.000167905614944, 7.0147907536e-05, 0.000178021175088, 8.17163090687e-05, 0.000123465317301, 3.86860738217e-05, 4.19646894443e-05, 3.52256865881e-05, 2.11541264434e-05, 1.9233148123e-05, 1.80280185305e-05, 1.77710244316e-05, 1.72659456439e-05, 2.3018597858e-05, 2.49182776315e-05, 2.82676428469e-05, 2.62017128989e-05, 2.59094831563e-05, 3.00502633763e-05, 3.29838985635e-05, 3.5024339013e-05, 2.74246485787e-05, 2.92730728688e-05, 2.82844102912e-05, 2.94468918582e-05, 2.80120148091e-05, 2.92902986985e-05],
        "mean": [0.0139170940965, 0.00605842284858, 0.00196115369909, 0.00101726094726, 0.000814648345113, 0.000563516747206, 0.000553795311134, 0.000236782405409, 0.000131699460326, 4.10281427321e-05, 2.84814705083e-05, 1.64085777214e-05, 8.91712534212e-06, 8.5298643171e-06, 4.93702737003e-06, 7.85039173934e-06, 5.19973218616e-06, 4.864120001e-06, 3.43705846717e-06, 2.70928330792e-06, 2.44698799179e-06, 2.02888600143e-06, 1.77422850811e-06, 1.63250865626e-06, 1.47882474266e-06, 1.40091481171e-06, 1.40041026953e-06, 1.47777382153e-06, 1.53130031322e-06, 1.57942031365e-06, 1.63721790614e-06, 1.66932329648e-06, 1.67085408975e-06, 1.66633742538e-06, 1.61781724728e-06, 1.58035982167e-06, 1.5492798866e-06, 1.52984762281e-06, 1.50774462782e-06, 1.48214417095e-06],
        "median": [0.0106296446174, 0.00494531681761, 0.00127594184596, 0.000510591664352, 0.000240712339291, 7.39293609513e-05, 4.1108669393e-05, 1.20600634546e-05, 6.07545098319e-06, 1.07940895759e-05, 1.12904644993e-05, 8.55966209201e-06, 4.98210010846e-06, 4.78477295474e-06, 3.34761534759e-06, 4.77530920762e-06, 3.42212911164e-06, 3.06798960992e-06, 2.4318414944e-06, 1.95176085072e-06, 1.88423734926e-06, 1.65119308804e-06, 1.47492914948e-06, 1.3337441942e-06, 1.14916190341e-06, 9.83291556622e-07, 8.51213087572e-07, 7.49061257466e-07, 6.93544450314e-07, 5.8839191297e-07, 5.20648711699e-07, 4.31823622193e-07, 3.46376026528e-07, 3.41372071944e-07, 2.56442064028e-07, 2.12298218116e-07, 1.81431843771e-07, 1.51095036927e-07, 1.22404060221e-07, 1.05163941555e-07],
        "min": [9.98988680139e-24, 7.68588205476e-24, 2.17045169979e-23, 2.39752862457e-23, 1.86970841932e-23, 1.05332786476e-23, 7.9283076884e-24, 2.26489696726e-23, 1.94581724614e-23, 1.52657648697e-23, 1.40978547218e-23, 8.19223924805e-24, 1.13553316643e-23, 1.52452308203e-23, 5.36248395163e-24, 5.97278066893e-24, 1.59411260456e-23, 1.6950602947e-23, 1.34759877816e-23, 6.63906284467e-24, 1.26651129239e-23, 1.78843113362e-23, 1.16235782931e-23, 6.97150224077e-24, 8.06103038026e-24, 7.02396701299e-24, 4.25345477613e-24, 1.10024670816e-23, 7.88653513689e-24, 4.78352946696e-24, 8.48082192212e-24, 1.34274318152e-23, 1.34401466752e-23, 1.30132616961e-23, 9.57339822015e-24, 9.39558423895e-24, 1.0321983043e-23, 1.10519980801e-23, 1.52783677115e-23, 1.02174944718e-23],
        "var": [0.000215425287024, 3.86737556255e-05, 4.25152893513e-06, 2.00309182219e-06, 3.09308279611e-06, 2.56397379417e-06, 3.450864142e-06, 1.09271343263e-06, 4.71758880849e-07, 1.22871091079e-08, 4.27946433845e-09, 5.59427504321e-10, 1.90660154331e-10, 1.51851475838e-10, 3.0835691639e-11, 1.0211376883e-10, 3.70469731281e-11, 4.19419776687e-11, 1.41836533837e-11, 9.72751480061e-12, 6.38109573861e-12, 3.96355734691e-12, 2.86026540994e-12, 2.45889463305e-12, 2.28272891041e-12, 2.48729530895e-12, 3.23111567883e-12, 4.44193683571e-12, 5.66890197978e-12, 6.96253167967e-12, 8.40449845135e-12, 9.64440419887e-12, 1.0335933498e-11, 1.02827503456e-11, 9.74963512701e-12, 9.47665383666e-12, 9.12300443523e-12, 8.84628655051e-12, 8.63021026171e-12, 8.41167586974e-12]
    },
    "mfcc": {
        "mean": [-708.757568359, 121.761955261, 41.6094703674, 32.224609375, 15.6287240982, 14.5751876831, 6.88637018204, 4.42371082306, -0.050169184804, -0.0202400237322, -2.05728840828, -5.4569234848, -4.76556634903],
        "cov": [[8631.39453125, -590.95703125, 1555.38317871, 1183.36938477, 1149.49865723, 888.665771484, 576.052734375, 403.467285156, 517.565795898, 272.301086426, 290.134979248, 793.855285645, 719.152160645], [-590.95703125, 2617.5222168, -107.036346436, 390.882446289, 239.392913818, 65.4578399658, 72.4703979492, 212.024398804, 36.2389984131, 7.57166099548, 115.69128418, 245.298980713, 289.740539551], [1555.38317871, -107.036346436, 860.943786621, 300.61151123, 122.431083679, 32.8197746277, 87.2228317261, 124.249076843, 108.22038269, -5.08427858353, 54.017124176, 254.939254761, 273.930969238], [1183.36938477, 390.882446289, 300.61151123, 577.301940918, 430.219696045, 289.227416992, 211.997283936, 211.964508057, 146.92489624, 32.309928894, 62.6133995056, 241.341827393, 242.311645508], [1149.49865723, 239.392913818, 122.431083679, 430.219696045, 576.879577637, 395.207611084, 222.305557251, 186.04637146, 157.183700562, 77.6466445923, 75.888343811, 182.234130859, 158.722625732], [888.665771484, 65.4578399658, 32.8197746277, 289.227416992, 395.207611084, 417.589996338, 245.12020874, 140.948394775, 120.163642883, 80.3704605103, 62.1128997803, 115.948829651, 91.6745452881], [576.052734375, 72.4703979492, 87.2228317261, 211.997283936, 222.305557251, 245.12020874, 248.302993774, 161.622894287, 84.8382797241, 29.7605800629, 31.0532817841, 103.542259216, 99.5390319824], [403.467285156, 212.024398804, 124.249076843, 211.964508057, 186.04637146, 140.948394775, 161.622894287, 212.401672363, 112.015548706, 13.6650781631, 24.1323986053, 113.845375061, 130.170410156], [517.565795898, 36.2389984131, 108.22038269, 146.92489624, 157.183700562, 120.163642883, 84.8382797241, 112.015548706, 136.933441162, 67.9786071777, 42.1964683533, 85.7169342041, 80.1798248291], [272.301086426, 7.57166099548, -5.08427858353, 32.309928894, 77.6466445923, 80.3704605103, 29.7605800629, 13.6650781631, 67.9786071777, 119.668678284, 75.5329742432, 31.0075683594, 1.0182415247], [290.134979248, 115.69128418, 54.017124176, 62.6133995056, 75.888343811, 62.1128997803, 31.0532817841, 24.1323986053, 42.1964683533, 75.5329742432, 116.713607788, 94.2698822021, 49.5265464783], [793.855285645, 245.298980713, 254.939254761, 241.341827393, 182.234130859, 115.948829651, 103.542259216, 113.845375061, 85.7169342041, 31.0075683594, 94.2698822021, 260.19052124, 224.562408447], [719.152160645, 289.740539551, 273.930969238, 242.311645508, 158.722625732, 91.6745452881, 99.5390319824, 130.170410156, 80.1798248291, 1.0182415247, 49.5265464783, 224.562408447, 296.162475586]],
