{
"lowlevel": {
    "average_loudness": 0.91158914566,
    "barkbands_crest": {
        "dmean": 2.29796028137,
        "dmean2": 3.62944793701,
        "dvar": 6.85609960556,
        "dvar2": 20.9115848541,
        "max": 26.7765598297,
        "mean": 15.7618436813,
        "median": 15.9624328613,
        "min": 2.68642759323,
        "var": 17.0744953156
    },
    "barkbands_flatness_db": {
        "dmean": 0.0533961690962,
        "dmean2": 0.0668642371893,
        "dvar": 0.00389253068715,
        "dvar2": 0.00788581185043,
        "max": 0.759316563606,
        "mean": 0.33620968461,
        "median": 0.341424047947,
        "min": 0.0189357940108,
        "var": 0.014799294062
    },
    "barkbands_kurtosis": {
        "dmean": 12.2436695099,
        "dmean2": 19.2178554535,
        "dvar": 650.802856445,
        "dvar2": 1675.08654785,
        "max": 466.600708008,
        "mean": 19.198266983,
        "median": 9.79665184021,
        "min": -1.96227562428,
        "var": 992.880737305
    },
    "barkbands_skewness": {
        "dmean": 0.956647694111,
        "dmean2": 1.39793336391,
        "dvar": 1.73977720737,
        "dvar2": 4.07364797592,
        "max": 18.2677497864,
        "mean": 2.90847325325,
        "median": 2.66780948639,
        "min": -8.25820827484,
        "var": 5.12140035629
    },
    "barkbands_spread": {
        "dmean": 3.40255665779,
        "dmean2": 5.37872171402,
        "dvar": 44.400138855,
        "dvar2": 107.375411987,
        "max": 98.4761199951,
        "mean": 7.44450235367,
        "median": 4.87913227081,
        "min": 0.052655223757,
        "var": 66.2093429565
    },
    "dissonance": {
        "dmean": 0.0457175672054,
        "dmean2": 0.0733189880848,
        "dvar": 0.00190326187294,
        "dvar2": 0.00466274050996,
        "max": 0.500000119209,
        "mean": 0.38148227334,
        "median": 0.392503976822,
        "min": 0.0471739694476,
        "var": 0.00532846711576
    },
    "dynamic_complexity": 3.75456380844,
    "erbbands_crest": {
        "dmean": 3.07035517693,
        "dmean2": 4.5362663269,
        "dvar": 11.3535022736,
        "dvar2": 22.5924949646,
        "max": 33.4307136536,
        "mean": 13.880440712,
        "median": 12.4510345459,
        "min": 2.64573216438,
        "var": 48.4890556335
    },
    "erbbands_flatness_db": {
        "dmean": 0.0477199666202,
        "dmean2": 0.0553858317435,
        "dvar": 0.00338030885905,
        "dvar2": 0.0059003517963,
        "max": 0.669574856758,
        "mean": 0.257386356592,
        "median": 0.263653874397,
        "min": 0.0377209447324,
        "var": 0.0142875453457
    },
    "erbbands_kurtosis": {
        "dmean": 2.61120891571,
        "dmean2": 3.75130581856,
        "dvar": 21.0835399628,
        "dvar2": 40.0919113159,
        "max": 136.992584229,
        "mean": 3.42119860649,
        "median": 1.22633647919,
        "min": -1.89513194561,
        "var": 54.9201393127
    },
    "erbbands_skewness": {
        "dmean": 0.572976827621,
        "dmean2": 0.766021668911,
        "dvar": 0.409361630678,
        "dvar2": 0.707544744015,
        "max": 8.26009464264,
        "mean": 0.570639431477,
        "median": 0.55429148674,
        "min": -7.23500967026,
        "var": 1.85888552666
    },
    "erbbands_spread": {
        "dmean": 11.954199791,
        "dmean2": 17.7113857269,
        "dvar": 417.966888428,
        "dvar2": 835.034667969,
        "max": 212.516189575,
        "mean": 27.9501113892,
        "median": 19.2212772369,
        "min": 0.298632234335,
        "var": 718.456665039
    },
    "hfc": {
        "dmean": 9.15162467957,
        "dmean2": 14.3179683685,
        "dvar": 349.912994385,
        "dvar2": 858.885681152,
        "max": 225.994384766,
        "mean": 14.3521595001,
        "median": 7.86343002319,
        "min": 1.04339821314e-16,
        "var": 379.918121338
    },
    "melbands_crest": {
        "dmean": 2.37744188309,
        "dmean2": 3.58186078072,
        "dvar": 7.16466712952,
        "dvar2": 18.4405193329,
        "max": 34.3495483398,
        "mean": 18.9972229004,
        "median": 18.9666366577,
        "min": 1.47072148323,
        "var": 31.17445755
    },
    "melbands_flatness_db": {
        "dmean": 0.0598923452199,
        "dmean2": 0.0754244551063,
        "dvar": 0.00511118210852,
        "dvar2": 0.010527620092,
        "max": 0.95562940836,
        "mean": 0.468251079321,
        "median": 0.474532723427,
        "min": 0.0031607656274,
        "var": 0.0207594931126
    },
    "melbands_kurtosis": {
        "dmean": 24.0178947449,
        "dmean2": 36.2066917419,
        "dvar": 3336.24291992,
        "dvar2": 7558.18554688,
        "max": 1127.65649414,
        "mean": 37.1630706787,
        "median": 17.2063140869,
        "min": -1.84954154491,
        "var": 4452.16259766
    },
    "melbands_skewness": {
        "dmean": 1.1104131937,
        "dmean2": 1.60732233524,
        "dvar": 2.80867958069,
        "dvar2": 5.58404159546,
        "max": 25.3813819885,
        "mean": 3.69873261452,
        "median": 3.25407671928,
        "min": -5.53159284592,
        "var": 7.28766345978
    },
    "melbands_spread": {
        "dmean": 2.01230716705,
        "dmean2": 3.07107067108,
        "dvar": 32.1023597717,
        "dvar2": 65.2081451416,
        "max": 249.308929443,
        "mean": 7.63868284225,
        "median": 4.1342458725,
        "min": 0.171127080917,
        "var": 294.570129395
    },
    "pitch_salience": {
        "dmean": 0.0600979328156,
        "dmean2": 0.0951862558722,
        "dvar": 0.00470804143697,
        "dvar2": 0.0134180150926,
        "max": 0.915173649788,
        "mean": 0.432271361351,
        "median": 0.42475515604,
        "min": 0.0656730681658,
        "var": 0.0131106311455
    },
    "silence_rate_20dB": {
        "dmean": 0.0416703596711,
        "dmean2": 0.0833481103182,
        "dvar": 0.0399365760386,
        "dvar2": 0.0983999595046,
        "max": 1,
        "mean": 0.969326257706,
        "median": 1,
        "min": 0,
        "var": 0.0297353323549
    },
    "silence_rate_30dB": {
        "dmean": 0.0735880807042,
        "dmean2": 0.147189214826,
        "dvar": 0.0681751295924,
        "dvar2": 0.139872223139,
        "max": 1,
        "mean": 0.869946837425,
        "median": 1,
        "min": 0,
        "var": 0.113148756325
    },
    "silence_rate_60dB": {
        "dmean": 0.0122351273894,
        "dmean2": 0.0244724247605,
        "dvar": 0.0120865032077,
        "dvar2": 0.0256456676871,
        "max": 1,
        "mean": 0.107180848718,
        "median": 0,
        "min": 0,
        "var": 0.0956883430481
    },
    "spectral_centroid": {
        "dmean": 100.796646118,
        "dmean2": 162.549865723,
        "dvar": 48666.8203125,
        "dvar2": 108544.101562,
        "max": 11996.6875,
        "mean": 593.416687012,
        "median": 382.780212402,
        "min": 119.610176086,
        "var": 1718623
    },
    "spectral_complexity": {
        "dmean": 1.82551646233,
        "dmean2": 2.93083882332,
        "dvar": 6.31596326828,
        "dvar2": 15.6691827774,
        "max": 50,
        "mean": 8.85540771484,
        "median": 9,
        "min": 0,
        "var": 15.5341396332
    },
    "spectral_decrease": {
        "dmean": 8.45809289274e-09,
        "dmean2": 1.42683829196e-08,
        "dvar": 6.1521935253e-16,
        "dvar2": 1.66031967837e-15,
        "max": 1.25561699926e-10,
        "mean": -1.73815717375e-08,
        "median": -1.23058470081e-08,
        "min": -2.00031905706e-07,
        "var": 5.7944523364e-16
    },
    "spectral_energy": {
        "dmean": 0.0326274000108,
        "dmean2": 0.0548975728452,
        "dvar": 0.00897947512567,
        "dvar2": 0.0241845846176,
        "max": 0.765252232552,
        "mean": 0.0669039487839,
        "median": 0.0474917292595,
        "min": 9.89024315513e-21,
        "var": 0.00849517155439
    },
    "spectral_energyband_high": {
        "dmean": 0.000499108806252,
        "dmean2": 0.000795165484305,
        "dvar": 1.2857171896e-06,
        "dvar2": 3.11766325467e-06,
        "max": 0.0167319066823,
        "mean": 0.000411321030697,
        "median": 2.15453928831e-06,
        "min": 7.04330478319e-21,
        "var": 1.17432671232e-06
    },
    "spectral_energyband_low": {
        "dmean": 0.0275823976845,
        "dmean2": 0.0478170365095,
        "dvar": 0.00862332712859,
        "dvar2": 0.023641275242,
        "max": 0.730350136757,
        "mean": 0.0520309172571,
        "median": 0.0338691994548,
        "min": 1.55439614011e-23,
        "var": 0.00749270664528
    },
    "spectral_energyband_middle_high": {
        "dmean": 0.000648291548714,
        "dmean2": 0.000940169673413,
        "dvar": 3.91618959839e-06,
        "dvar2": 7.880404155e-06,
        "max": 0.082683339715,
        "mean": 0.00153729494195,
        "median": 0.000482839648612,
        "min": 1.10399278772e-21,
        "var": 1.38056493597e-05
    },
    "spectral_energyband_middle_low": {
        "dmean": 0.00691943615675,
        "dmean2": 0.0106152528897,
        "dvar": 0.000188176956726,
        "dvar2": 0.00045491597848,
        "max": 0.16633708775,
        "mean": 0.0146895647049,
        "median": 0.00901747401804,
        "min": 1.24911403798e-22,
        "var": 0.000318740494549
    },
    "spectral_entropy": {
        "dmean": 0.421352446079,
        "dmean2": 0.545963466167,
        "dvar": 0.31698602438,
        "dvar2": 0.596824705601,
        "max": 9.82764816284,
        "mean": 6.11830806732,
        "median": 5.88985109329,
        "min": 3.17037892342,
        "var": 1.10824263096
    },
    "spectral_flux": {
        "dmean": 0.0471950508654,
        "dmean2": 0.0748991146684,
        "dvar": 0.00779616972432,
        "dvar2": 0.0144599042833,
        "max": 0.785335898399,
        "mean": 0.0850381553173,
        "median": 0.045127376914,
        "min": 6.34067867655e-11,
        "var": 0.0142138404772
    },
    "spectral_kurtosis": {
        "dmean": 35.5506858826,
        "dmean2": 53.2077980042,
        "dvar": 3605.87817383,
        "dvar2": 8776.07421875,
        "max": 1432.40466309,
        "mean": 67.3305130005,
        "median": 28.1568870544,
        "min": -1.27348315716,
        "var": 9014.91894531
    },
    "spectral_rms": {
        "dmean": 0.00132273253985,
        "dmean2": 0.00209368090145,
        "dvar": 8.47628052725e-06,
        "dvar2": 2.13814582821e-05,
        "max": 0.0273237545043,
        "mean": 0.00700582424179,
        "median": 0.00680686347187,
        "min": 3.10628671223e-12,
        "var": 1.61904608831e-05
    },
    "spectral_rolloff": {
        "dmean": 139.991424561,
        "dmean2": 247.507034302,
        "dvar": 550661.5,
        "dvar2": 1347056.75,
        "max": 20801.0742188,
        "mean": 672.500366211,
        "median": 236.865234375,
        "min": 64.599609375,
        "var": 5691976.5
    },
    "spectral_skewness": {
        "dmean": 1.67155206203,
        "dmean2": 2.38925218582,
        "dvar": 4.25228786469,
        "dvar2": 9.31091117859,
        "max": 33.6664886475,
        "mean": 5.25462579727,
        "median": 4.11789226532,
        "min": -0.120600149035,
        "var": 15.0244998932
    },
    "spectral_spread": {
        "dmean": 1736915.5,
        "dmean2": 2145604,
        "dvar": 5.52929486438e+12,
        "dvar2": 8.34025239347e+12,
        "max": 43626276,
        "mean": 4336016,
        "median": 1857094.5,
        "min": 84993.40625,
        "var": 3.45423206154e+13
    },
    "spectral_strongpeak": {
        "dmean": 0.247377827764,
        "dmean2": 0.427880108356,
        "dvar": 0.367278814316,
        "dvar2": 0.882492899895,
        "max": 14.4724235535,
        "mean": 0.576759696007,
        "median": 0.35524263978,
        "min": 0,
        "var": 0.618857324123
    },
    "zerocrossingrate": {
        "dmean": 0.00897318031639,
        "dmean2": 0.0113003905863,
        "dvar": 0.000216068918235,
        "dvar2": 0.000300042447634,
        "max": 0.52685546875,
        "mean": 0.0301456525922,
        "median": 0.015625,
        "min": 0.001953125,
        "var": 0.00402033049613
    },
    "barkbands": {
        "dmean": [0.00175082241185, 0.0237752441317, 0.00533249881119, 0.00173178035766, 0.00404324848205, 0.00105488509871, 0.000562703120522, 0.000542215013411, 0.000537198793609, 0.000149179322761, 0.000200906360988, 0.000184866221389, 0.000123065707157, 4.87438992423e-05, 4.05252067139e-05, 2.69284901151e-05, 2.24988671107e-05, 1.44075947901e-05, 2.81911161437e-05, 3.10311734211e-05, 2.93751672871e-05, 4.78017354908e-05, 4.51702653663e-05, 6.18391495664e-05, 0.000128910774947, 0.000133444409585, 5.18882698088e-05],
        "dmean2": [0.00257139001042, 0.0419472679496, 0.00972637441009, 0.00312663894147, 0.0061583337374, 0.0015863138251, 0.000843402929604, 0.00076778588118, 0.000654564937577, 0.000200856447918, 0.000301627180306, 0.000263846712187, 0.000180008937605, 7.54320426495e-05, 6.56375486869e-05, 4.29110696132e-05, 3.6564997572e-05, 2.4386214136e-05, 4.96103712067e-05, 5.59299151064e-05, 5.2356368542e-05, 8.33822341519e-05, 7.34876739443e-05, 9.66548541328e-05, 0.000205065618502, 0.00021698542696, 8.47815317684e-05],
        "dvar": [3.57513417839e-05, 0.00659285485744, 0.000474276515888, 3.03587421513e-05, 0.000102747777419, 9.36595370149e-06, 2.07077960113e-06, 3.06798187921e-06, 2.91717583423e-06, 3.87880731978e-07, 1.36302412557e-06, 1.40884128541e-06, 3.53541480536e-07, 4.56661624071e-08, 1.26838859416e-08, 7.22942994358e-09, 3.18563175838e-09, 1.45288325815e-09, 7.65666818836e-09, 1.02244497313e-08, 7.76684405679e-09, 2.39398350033e-08, 1.33908697464e-08, 2.07416679388e-08, 1.02662788493e-07, 1.18067113419e-07, 1.8215956743e-08],
        "dvar2": [7.37004374969e-05, 0.0191062651575, 0.00138380611315, 8.82765598362e-05, 0.000227154087042, 2.10427479033e-05, 4.92876006319e-06, 5.55253973289e-06, 4.06413573728e-06, 5.67094502912e-07, 3.1091215078e-06, 2.50233483712e-06, 5.91989135046e-07, 9.58434327458e-08, 2.67426454315e-08, 1.91141378281e-08, 8.19136403152e-09, 3.88933241169e-09, 2.13958202266e-08, 2.87079267025e-08, 2.16210072068e-08, 6.50631264421e-08, 3.40676997723e-08, 4.79902340089e-08, 2.45660459086e-07, 2.88546857519e-07, 4.47381758306e-08],
        "max": [0.0750864893198, 0.642142653465, 0.233979970217, 0.0572867020965, 0.132083550096, 0.106642708182, 0.0529182776809, 0.0883071422577, 0.0542743131518, 0.0276094004512, 0.0744388774037, 0.0756416767836, 0.025210833177, 0.0151462275535, 0.00496616540477, 0.00442586233839, 0.000811184814665, 0.000387625361327, 0.000959083263297, 0.000978714204393, 0.00101378106046, 0.00224133301526, 0.0018433725927, 0.00435888953507, 0.00713476957753, 0.00639116810635, 0.00247992482036],
        "mean": [0.00303612439893, 0.0397223681211, 0.00761755462736, 0.00330405985005, 0.00590748898685, 0.00151987408753, 0.00113490468357, 0.00116914173122, 0.00143177295104, 0.000378671975341, 0.000418621639255, 0.000365030136891, 0.000252992438618, 8.13419246697e-05, 5.48646421521e-05, 3.14963072015e-05, 2.60537108261e-05, 1.29629825096e-05, 2.09116587939e-05, 2.09896006709e-05, 2.04403349926e-05, 3.33006646542e-05, 3.60999583791e-05, 5.51892408112e-05, 0.000110592896817, 0.00010147386638, 3.95199094783e-05],
        "median": [0.000821722089313, 0.0254123341292, 0.00395492883399, 0.00218370324001, 0.0016619975213, 0.000471260980703, 0.000406118051615, 0.000204374213354, 0.000211389517062, 5.09449237143e-05, 5.34993232577e-05, 2.51202563959e-05, 5.27295160282e-05, 9.56381336437e-06, 9.51056790655e-06, 7.24174515199e-06, 3.87990485251e-06, 1.19941228149e-06, 1.27862733734e-06, 5.46291119008e-07, 1.71784620306e-07, 1.88233926224e-07, 1.45134308127e-07, 1.95223577748e-07, 2.19484405761e-07, 1.06141527567e-07, 4.82119375533e-08],
        "min": [4.87328438443e-26, 6.15848325918e-25, 7.71330838185e-25, 7.25888555044e-25, 6.15174875364e-24, 6.66344732411e-24, 8.17339730533e-24, 5.37292452571e-24, 1.23027291568e-23, 1.0068908576e-23, 9.23273416026e-24, 1.94267600201e-23, 2.05675917286e-23, 3.73425642614e-23, 3.6142653182e-23, 6.24056944285e-23, 5.59294998064e-23, 9.05468746509e-23, 9.61543630225e-23, 1.2349160563e-22, 2.68180320302e-22, 2.93033629245e-22, 3.70051040812e-22, 4.76449620969e-22, 9.27005823047e-22, 1.18867661462e-21, 1.85862434931e-21],
        "var": [4.54634464404e-05, 0.00492030056193, 0.000295527715934, 2.28057178902e-05, 0.000170568207977, 1.60417839652e-05, 6.78948072164e-06, 1.25145315906e-05, 1.53590081027e-05, 2.8006188586e-06, 3.41357190337e-06, 5.5157765928e-06, 1.23082077153e-06, 1.63852064361e-07, 3.18169277591e-08, 6.91265134023e-09, 3.3157196988e-09, 1.0970087061e-09, 4.88121987274e-09, 6.31219831959e-09, 4.94095875325e-09, 1.64992872698e-08, 1.15217444474e-08, 2.28968666249e-08, 1.07904753577e-07, 1.00065385311e-07, 1.53207917464e-08]
    },
    "erbbands": {
        "dmean": [0.806916236877, 5.09220314026, 7.02523899078, 6.03895282745, 7.93611335754, 19.0716209412, 8.32448959351, 7.94124031067, 7.45251560211, 11.1550636292, 10.8657846451, 14.5140342712, 5.54713869095, 4.1557598114, 8.62998390198, 8.2283706665, 6.55691289902, 2.82498455048, 1.56123781204, 2.2400662899, 1.27510011196, 1.15413570404, 0.868921756744, 1.13968551159, 1.3358669281, 1.39298927784, 1.74575579166, 1.0109244585, 2.02254676819, 1.08934986591, 1.33444416523, 1.00376868248, 1.24820709229, 1.5438529253, 0.897198855877, 0.41890668869, 0.27953967452, 0.055078599602, 0.0114170927554, 0.000606152985711],
        "dmean2": [1.41940248013, 9.10768985748, 12.7713623047, 10.8149995804, 13.6283626556, 28.0578994751, 12.4536972046, 11.9246101379, 10.9734373093, 17.0642547607, 14.2047586441, 17.2640132904, 7.19962692261, 6.02224111557, 12.8348855972, 11.7196798325, 9.28606796265, 4.34224939346, 2.48186016083, 3.68985795975, 2.06684350967, 1.85808503628, 1.44298100471, 1.95841169357, 2.36496591568, 2.499822855, 3.14946556091, 1.74036169052, 3.5999186039, 1.76309275627, 2.17219400406, 1.57909274101, 1.9602355957, 2.43129563332, 1.46513688564, 0.662244319916, 0.462133407593, 0.091393776238, 0.0189014989883, 0.000977410934865],
        "dvar": [7.29387807846, 322.823242188, 784.813293457, 467.257263184, 344.568634033, 3000.12524414, 444.763885498, 449.691101074, 576.75592041, 1031.79431152, 1788.85180664, 2094.89379883, 454.809326172, 308.372833252, 2078.95605469, 2982.40087891, 1013.59143066, 136.408691406, 33.3711395264, 27.4850959778, 22.3521823883, 9.17535972595, 5.02994680405, 10.5188856125, 16.5297393799, 18.0830287933, 27.1107635498, 7.7054309845, 50.7518882751, 9.81505012512, 11.5734844208, 5.12859201431, 8.3793926239, 12.7024698257, 6.347676754, 0.909446120262, 0.657332241535, 0.0196961965412, 0.00101204751991, 2.33293781093e-06],
        "dvar2": [21.2423629761, 938.957275391, 2275.72924805, 1351.68859863, 948.208251953, 6168.09228516, 1023.82629395, 996.764587402, 1247.99914551, 2614.67871094, 2785.16186523, 2844.35571289, 663.39251709, 588.541564941, 4658.91894531, 5727.20507812, 1569.99365234, 287.426544189, 64.6392593384, 67.1709899902, 60.2720184326, 23.1620292664, 13.2650623322, 28.9053993225, 46.0240135193, 50.4680023193, 75.6459960938, 20.0923671722, 140.8802948, 24.7809200287, 29.81001091, 11.8143701553, 19.6679058075, 28.5568695068, 16.0596408844, 2.10592651367, 1.65958487988, 0.0485776737332, 0.0025423807092, 5.66263088331e-06],
        "max": [24.0563697815, 147.022338867, 274.158538818, 223.944213867, 264.670898438, 726.815917969, 335.745758057, 929.501342773, 1581.11206055, 1489.48291016, 2409.73950195, 1559.13891602, 1063.71520996, 903.141357422, 2331.35424805, 2661.60717773, 1305.04553223, 815.197875977, 309.507385254, 248.813491821, 290.448425293, 37.0430145264, 27.9554576874, 34.6098365784, 40.0741424561, 39.6569023132, 60.684211731, 31.631696701, 104.209899902, 52.0208129883, 52.6924552917, 61.5646438599, 79.7235107422, 132.078079224, 33.3992118835, 19.338180542, 14.1450328827, 2.31081986427, 0.534651041031, 0.0300110075623],
        "mean": [1.37982523441, 7.77175569534, 10.643992424, 10.2650108337, 12.3661441803, 28.3976173401, 11.4116315842, 12.3406333923, 15.4371109009, 20.8270797729, 27.7285022736, 40.5520629883, 14.8653068542, 9.10069847107, 17.9548797607, 17.6541671753, 14.5464792252, 5.25696134567, 2.33342909813, 3.18676757812, 1.56700825691, 1.26689088345, 0.823108673096, 0.932748496532, 0.976250469685, 0.960015296936, 1.12659621239, 0.789375841618, 1.34556031227, 0.865540087223, 1.05750668049, 0.907741189003, 1.08772814274, 1.36755132675, 0.740677654743, 0.336255401373, 0.2074547261, 0.0409133806825, 0.00852828100324, 0.000518932531122],
        "median": [0.880639076233, 4.77383232117, 6.38084793091, 6.08372306824, 7.24967765808, 5.49139404297, 2.74230766296, 4.1006526947, 5.40193367004, 7.0552406311, 5.07467937469, 6.54558181763, 2.09283542633, 2.32464122772, 2.75663900375, 2.18548297882, 2.92609500885, 1.10736775398, 0.502174735069, 0.655925154686, 0.457749426365, 0.183718800545, 0.107979722321, 0.0802882164717, 0.0510103367269, 0.0291525088251, 0.0132901454344, 0.00733552267775, 0.00656015053391, 0.00458738207817, 0.00467774551362, 0.00405868142843, 0.00330727687106, 0.00258655240759, 0.00148377334699, 0.000573840981815, 0.000232345744735, 4.2652587581e-05, 3.84315535484e-05, 6.40998914605e-05],
        "min": [5.06675577548e-23, 4.24516067679e-22, 1.16650005588e-21, 3.38455447521e-21, 6.05731235927e-21, 1.52084361136e-20, 4.56229980513e-20, 5.4489540575e-20, 9.51257704436e-20, 1.40335326823e-19, 1.81587147088e-19, 2.86996181338e-19, 4.86132133142e-19, 4.37036585643e-19, 5.45384579684e-19, 7.62156771781e-19, 1.22323748158e-18, 1.614498771e-18, 2.3383366077e-18, 2.30757706944e-18, 3.41119896117e-18, 4.22494161108e-18, 5.3226632235e-18, 5.80414479214e-18, 5.19115391381e-18, 5.72104995012e-18, 8.72363533716e-18, 1.14668069579e-17, 1.07208008876e-17, 9.8046611361e-18, 1.07206577854e-17, 1.01270969661e-17, 9.88923869937e-18, 8.36135173556e-18, 6.44381017727e-18, 3.79437383632e-18, 2.07283872124e-18, 9.60487075518e-19, 2.43183371122e-19, 2.45415537392e-20],
        "var": [5.7932009697, 220.809570312, 498.119598389, 326.086730957, 314.186798096, 5508.37939453, 564.209655762, 946.944030762, 2226.28979492, 2046.8392334, 8431.8125, 11225.0644531, 3267.49633789, 1259.23242188, 5290.46728516, 9704.04492188, 4106.53417969, 482.304931641, 101.588928223, 53.7642745972, 18.3624801636, 9.02094936371, 4.08968400955, 7.18941020966, 10.6483135223, 11.4624872208, 16.869058609, 5.98428058624, 32.6099967957, 8.39795875549, 9.72542572021, 5.31506252289, 9.07131385803, 16.9745254517, 5.35838508606, 0.854732871056, 0.518389225006, 0.016317544505, 0.000810486264527, 2.03420813705e-06]
    },
    "gfcc": {
        "mean": [-138.047744751, 173.019882202, -44.1735191345, -7.80744552612, -26.6768035889, 11.9475603104, -18.9832057953, 4.59214067459, -12.7803478241, -0.695584774017, -4.51184606552, -6.83776092529, -6.76719713211],
        "cov": [[35803.7226562, -4456.72900391, -163.69039917, 2464.375, -703.296875, 1761.00695801, -1111.015625, 1254.56481934, -319.190887451, 758.977416992, -666.588195801, 400.379333496, -519.903015137], [-4456.72900391, 6373.54882812, -1451.06921387, -1334.39233398, 1285.39086914, -808.329467773, 828.28894043, -440.706939697, 437.515380859, -398.889007568, 423.891937256, -512.159240723, 243.948150635], [-163.69039917, -1451.06921387, 2035.86914062, 455.303039551, -464.475708008, 472.454681396, -156.484680176, 120.115257263, -77.0015869141, 93.9610443115, -99.5481948853, 172.079956055, -56.7476005554], [2464.375, -1334.39233398, 455.303039551, 1027.57946777, 47.6413650513, 267.63671875, -132.340301514, 233.436767578, 13.2025432587, 113.178199768, -89.868560791, 117.088294983, -54.4931602478], [-703.296875, 1285.39086914, -464.475708008, 47.6413650513, 1026.40380859, -44.1647338867, 266.480834961, -10.0524129868, 228.590789795, -24.1188716888, 92.4220657349, -105.745422363, 58.2328338623], [1761.00695801, -808.329467773, 472.454681396, 267.63671875, -44.1647338867, 588.560668945, -61.6642913818, 60.8277206421, -33.8299217224, 103.48160553, -63.8762397766, 94.5654983521, -45.1352119446], [-1111.015625, 828.28894043, -156.484680176, -132.340301514, 266.480834961, -61.6642913818, 378.209014893, -8.11647224426, 71.3550415039, -60.6712646484, 62.4581260681, -93.4526901245, 15.7118759155], [1254.56481934, -440.706939697, 120.115257263, 233.436767578, -10.0524129868, 60.8277206421, -8.11647224426, 290.486175537, 68.3908920288, 38.2045440674, -61.8170928955, -3.9834485054, -52.8405151367], [-319.190887451, 437.515380859, -77.0015869141, 13.2025432587, 228.590789795, -33.8299217224, 71.3550415039, 68.3908920288, 243.182662964, 60.544834137, 2.81326699257, -84.5738220215, 0.374363154173], [758.977416992, -398.889007568, 93.9610443115, 113.178199768, -24.1188716888, 103.48160553, -60.6712646484, 38.2045440674, 60.544834137, 157.721466064, -2.91885852814, 2.59201312065, -54.4531211853], [-666.588195801, 423.891937256, -99.5481948853, -89.868560791, 92.4220657349, -63.8762397766, 62.4581260681, -61.8170928955, 2.81326699257, -2.91885852814, 141.121795654, 12.6223926544, 8.05368614197], [400.379333496, -512.159240723, 172.079956055, 117.088294983, -105.745422363, 94.5654983521, -93.4526901245, -3.9834485054, -84.5738220215, 2.59201312065, 12.6223926544, 171.108505249, 23.1535243988], [-519.903015137, 243.948150635, -56.7476005554, -54.4931602478, 58.2328338623, -45.1352119446, 15.7118759155, -52.8405151367, 0.374363154173, -54.4531211853, 8.05368614197, 23.1535243988, 106.467430115]],
        "icov": [[7.52952764742e-05, -0.000153468557983, 0.000108765641926, -0.000158575363457, 6.95294074831e-05, -0.000176979010575, 0.000155500412802, -0.000344240514096, 0.000417272356572, -0.000531646946911, 0.000442805787316, -0.00025576504413, 0.000138025279739], [-0.000153468557983, 0.00110636057798, -0.00019489065744, 0.000729700899683, -0.000478320813272, 0.000364749925211, -0.000564202666283, 0.00118974561337, -0.00196603499353, 0.00273579685017, -0.00250040832907, 0.00186026573647, -0.000734086148441], [0.000108765641926, -0.00019489065744, 0.000895399425644, -0.000438094313722, 0.000483005249407, -0.000726382771973, 9.6040792414e-05, -0.000432585715316, 0.000235382729443, -0.000522749265656, 0.000602731539402, -0.000651270092931, 0.000257559790043], [-0.000158575363457, 0.000729700899683, -0.000438094313722, 0.00219051982276, -0.000860198168084, 0.000300817628158, -0.000177219422767, -8.93547694432e-05, -0.00102074909955, 0.00116280338261, -0.00107831403147, 0.000306971836835, -0.000365707906894], [6.95294074831e-05, -0.000478320813272, 0.000483005249407, -0.000860198168084, 0.00210060784593, -0.00065495230956, -0.000466184545076, -0.000134441550472, -0.000798373599537, -0.000391418492654, 9.71261688392e-05, -0.000447156809969, -0.000279340165434], [-0.000176979010575, 0.000364749925211, -0.000726382771973, 0.000300817628158, -0.00065495230956, 0.0032207283657, -0.000829353404697, 0.00089418789139, -0.000185103010153, -0.000607935420703, 0.000439235911472, -0.000724112440366, 0.000170584229636], [0.000155500412802, -0.000564202666283, 9.6040792414e-05, -0.000177219422767, -0.000466184545076, -0.000829353404697, 0.00468624290079, -0.00139410828706, 0.000906617904548, 0.000300323386909, -0.000507274875417, 0.00108460162301, 0.000485411699628], [-0.000344240514096, 0.00118974561337, -0.000432585715316, -8.93547694432e-05, -0.000134441550472, 0.00089418789139, -0.00139410828706, 0.00740340026096, -0.00489940354601, 0.004529456608, -0.00121661042795, 0.00104596139863, 0.00184774049558], [0.000417272356572, -0.00196603499353, 0.000235382729443, -0.00102074909955, -0.000798373599537, -0.000185103010153, 0.000906617904548, -0.00489940354601, 0.0125702591613, -0.0101461587474, 0.00493323570117, -0.000186138320714, -0.00162797421217], [-0.000531646946911, 0.00273579685017, -0.000522749265656, 0.00116280338261, -0.000391418492654, -0.000607935420703, 0.000300323386909, 0.004529456608, -0.0101461587474, 0.0194502808154, -0.00850100629032, 0.00439978484064, 0.00328173232265], [0.000442805787316, -0.00250040832907, 0.000602731539402, -0.00107831403147, 9.71261688392e-05, 0.000439235911472, -0.000507274875417, -0.00121661042795, 0.00493323570117, -0.00850100629032, 0.0165001880378, -0.00798521377146, 0.00338814640418], [-0.00025576504413, 0.00186026573647, -0.000651270092931, 0.000306971836835, -0.000447156809969, -0.000724112440366, 0.00108460162301, 0.00104596139863, -0.000186138320714, 0.00439978484064, -0.00798521377146, 0.0143953384832, -0.00568031007424], [0.000138025279739, -0.000734086148441, 0.000257559790043, -0.000365707906894, -0.000279340165434, 0.000170584229636, 0.000485411699628, 0.00184774049558, -0.00162797421217, 0.00328173232265, 0.00338814640418, -0.00568031007424, 0.0154323549941]]
    },
    "melbands": {
        "dmean": [0.00677848933265, 0.00466509349644, 0.00104322039988, 0.00102270767093, 0.000391262408812, 0.000186337827472, 0.000112187524792, 0.000119842341519, 9.19646554394e-05, 8.38171472424e-05, 2.58862492046e-05, 1.61962252605e-05, 2.89632225758e-05, 2.09042846109e-05, 2.15601357922e-05, 8.84115797817e-06, 5.37147843716e-06, 2.36711389334e-06, 2.78730431091e-06, 2.56861403614e-06, 1.37791255383e-06, 1.20689878713e-06, 9.58430632636e-07, 7.60141517731e-07, 9.31106967528e-07, 1.13558292014e-06, 7.14456007245e-07, 1.03123761619e-06, 1.26306088077e-06, 6.87104261488e-07, 5.67342453905e-07, 1.32551474508e-06, 6.37579262275e-07, 6.23002108568e-07, 7.76832166594e-07, 7.11671646059e-07, 5.98414260367e-07, 8.74375473359e-07, 8.66954280809e-07, 1.52250231622e-06],
        "dmean2": [0.0118935927749, 0.0083811013028, 0.00187479669694, 0.00157842063345, 0.000563270121347, 0.000278966588667, 0.000165837293025, 0.0001826533844, 0.00011682917102, 0.000100733464933, 3.44137406501e-05, 2.34547678701e-05, 4.3420252041e-05, 3.0593113479e-05, 2.99570820061e-05, 1.29705567815e-05, 8.3034437921e-06, 3.75850072487e-06, 4.64050344817e-06, 4.16167540607e-06, 2.24842528951e-06, 1.94559584088e-06, 1.58692125751e-06, 1.30090813855e-06, 1.59976298164e-06, 2.02265482585e-06, 1.24871087337e-06, 1.8709994265e-06, 2.31597982747e-06, 1.22247661238e-06, 9.69114353211e-07, 2.38535403696e-06, 1.07589346499e-06, 1.00375325474e-06, 1.27498447e-06, 1.16089654512e-06, 9.35648927225e-07, 1.37805443501e-06, 1.36991650379e-06, 2.41517773247e-06],
        "dvar": [0.000527696858626, 0.000298886414384, 1.2452653209e-05, 6.70157805871e-06, 8.6010470568e-07, 2.69033989753e-07, 1.16891420987e-07, 1.19167921753e-07, 1.16772120862e-07, 7.66788943452e-08, 1.1092954999e-08, 5.03634023374e-09, 2.84342043244e-08, 1.28825048407e-08, 1.86943793778e-08, 1.45328882262e-09, 6.57094212375e-10, 7.86997966795e-11, 4.67090324752e-11, 3.93725052561e-11, 3.04625664971e-11, 9.64411710214e-12, 7.31358463374e-12, 4.23832366772e-12, 7.1703263986e-12, 1.35214573913e-11, 3.90336330966e-12, 1.20769748368e-11, 1.51943145565e-11, 4.31144920113e-12, 2.39563186996e-12, 2.23900151891e-11, 3.67990056829e-12, 3.47528689854e-12, 4.57835809195e-12, 2.55440373714e-12, 1.80230689314e-12, 4.17098777392e-12, 4.61817519989e-12, 1.30857503652e-11],
        "dvar2": [0.00152031797916, 0.000853250501677, 3.60956291843e-05, 1.50719533849e-05, 1.8031792024e-06, 5.88052671446e-07, 2.54062342719e-07, 2.9529238077e-07, 1.81147029821e-07, 1.04294308301e-07, 1.62716542462e-08, 8.99153107525e-09, 6.50377458555e-08, 2.64065675992e-08, 2.84908896475e-08, 2.32498220676e-09, 1.36614963786e-09, 1.5302582812e-10, 1.13999851226e-10, 9.649688687e-11, 8.18742157405e-11, 2.40340664037e-11, 1.99250355798e-11, 1.14879113167e-11, 1.97060284757e-11, 3.80825961044e-11, 1.05341195836e-11, 3.41511575963e-11, 4.26482980875e-11, 1.20274224608e-11, 6.12531770097e-12, 6.24421070405e-11, 9.78921457784e-12, 8.73689575548e-12, 1.19132516352e-11, 6.34482006864e-12, 4.08184510498e-12, 9.61147307577e-12, 1.11953762233e-11, 2.92781736355e-11],
        "max": [0.188892424107, 0.146670758724, 0.0363934226334, 0.0351803079247, 0.0120076071471, 0.0244937688112, 0.0213308893144, 0.0163463000208, 0.0179363433272, 0.00898384675384, 0.00528271030635, 0.00403452012688, 0.0111098093912, 0.00409268820658, 0.0112606557086, 0.001729521784, 0.00187229609583, 0.000466520548798, 0.000221069771214, 0.00022148017888, 0.000358799414244, 4.15359609178e-05, 7.15827409294e-05, 2.30908426602e-05, 3.04447548842e-05, 4.23493220296e-05, 1.99882069865e-05, 3.42357634509e-05, 4.60586852569e-05, 2.39045712078e-05, 2.12282484426e-05, 6.81294623064e-05, 2.85806218017e-05, 3.28870519297e-05, 3.49241709046e-05, 3.01198779198e-05, 3.42177918355e-05, 4.60738556285e-05, 9.32579860091e-05, 0.000136231959914],
        "mean": [0.0116544347256, 0.00742355780676, 0.00180979946163, 0.00153260235675, 0.000572296325117, 0.000284294743324, 0.000233853599639, 0.000225844240049, 0.000241404879489, 0.000230603647651, 6.53960960335e-05, 3.34327232849e-05, 6.00290331931e-05, 3.99682248826e-05, 4.91311984661e-05, 1.82802432391e-05, 9.38517678151e-06, 3.47586865246e-06, 3.57983594768e-06, 3.60976196134e-06, 1.60718695952e-06, 1.35980974392e-06, 9.72422753875e-07, 6.74764407904e-07, 7.5293030477e-07, 8.21701519271e-07, 5.22524373991e-07, 6.92269338742e-07, 7.89703108239e-07, 4.65682916229e-07, 4.59653563212e-07, 8.61781586536e-07, 4.71602561447e-07, 4.99721863889e-07, 6.03157047863e-07, 5.9456147028e-07, 5.412767905e-07, 7.61624619372e-07, 7.51804122956e-07, 1.33663411361e-06],
        "median": [0.00760807935148, 0.00456932000816, 0.00114568555728, 0.000490264152177, 0.000114408176159, 9.24545893213e-05, 8.26725445222e-05, 7.24639976397e-05, 3.84010381822e-05, 3.38780810125e-05, 6.48281093163e-06, 7.46410887587e-06, 8.01108217274e-06, 4.5728306759e-06, 6.4225037022e-06, 4.24040717917e-06, 1.14026590836e-06, 4.39030714006e-07, 5.92865433191e-07, 8.12210487311e-07, 2.03208884386e-07, 1.64576022144e-07, 1.22642191513e-07, 5.67759315118e-08, 5.65715367884e-08, 3.92408878724e-08, 1.92034121937e-08, 1.7974457478e-08, 7.84263587406e-09, 4.03339406319e-09, 3.85007936643e-09, 3.68579922139e-09, 2.84718315591e-09, 2.05822470178e-09, 2.52379783738e-09, 2.42766207137e-09, 2.3307733521e-09, 2.20528972861e-09, 2.17705409256e-09, 2.19384688194e-09],
        "min": [5.46184117986e-25, 5.60373359088e-25, 7.48823847698e-25, 9.63146706025e-25, 1.54627229273e-24, 1.00778834465e-24, 1.49209450905e-24, 1.5240988918e-24, 1.66756005134e-24, 1.63201368313e-24, 1.83068110375e-24, 1.56197200525e-24, 1.44959127513e-24, 1.83599329309e-24, 1.91709075794e-24, 1.78340900844e-24, 2.95180647516e-24, 3.15997148526e-24, 2.18534133104e-24, 3.64854400666e-24, 2.35977070453e-24, 2.84405813349e-24, 4.15261508104e-24, 3.95355313136e-24, 3.77968266582e-24, 3.44204940953e-24, 3.929366656e-24, 3.03241839613e-24, 4.21517214526e-24, 5.67007975124e-24, 4.5479657399e-24, 5.46147534561e-24, 4.60785803198e-24, 4.48741711555e-24, 5.38814165257e-24, 4.85228737232e-24, 4.66115071372e-24, 5.17655101399e-24, 6.22743640762e-24, 6.40716258765e-24],
        "var": [0.000416507275077, 0.000204916461371, 8.73754743225e-06, 1.0807983017e-05, 1.46303921156e-06, 5.8214652654e-07, 4.54181360965e-07, 2.51652778616e-07, 5.62939476367e-07, 4.09808563973e-07, 7.98833283966e-08, 2.23355360873e-08, 6.93773074545e-08, 3.25201057194e-08, 9.61223989293e-08, 5.22691001592e-09, 2.43097342256e-09, 2.45528014586e-10, 8.20135626078e-11, 6.60020232912e-11, 2.39324254858e-11, 1.00845764031e-11, 6.56204300967e-12, 3.10691446528e-12, 4.89378156054e-12, 8.39991270984e-12, 2.71440986008e-12, 7.33166045236e-12, 9.22965870398e-12, 2.7130049509e-12, 2.02469052808e-12, 1.41043782556e-11, 2.74836078375e-12, 3.00537047505e-12, 3.69710772413e-12, 2.30715229907e-12, 1.94462328185e-12, 4.53392358379e-12, 5.11072564477e-12, 1.74868782649e-11]
    },
    "mfcc": {
        "mean": [-785.637573242, 200.931732178, 53.4190750122, 7.24649620056, 17.4182510376, 8.41495704651, 9.79714488983, 6.59380245209, 2.78436684608, 3.695779562, 5.09127235413, 6.14999771118, 5.02566003799],
        "cov": [[13741.4199219, -1679.62023926, 8.25522041321, 595.385620117, 862.226379395, 210.796264648, 219.501403809, 104.171722412, 265.388214111, 216.758132935, 240.017974854, 186.920410156, 137.469070435], [-1679.62023926, 4310.86669922, -639.370239258, -179.888824463, 296.026519775, 178.278015137, 137.766616821, 199.948028564, 98.3918533325, 206.203292847, 173.972900391, 167.862121582, 93.2067642212], [8.25522041321, -639.370239258, 1513.22851562, 79.970664978, -146.838043213, 135.30809021, 38.6312179565, -21.7139339447, 23.2806949615, -53.783115387, -16.7303524017, -29.0771427155, -40.8504486084], [595.385620117, -179.888824463, 79.970664978, 578.528198242, 244.463531494, -26.2864761353, 50.2224617004, 90.2021255493, 63.2772636414, 63.0840988159, 38.492931366, 23.3871269226, 16.5081100464], [862.226379395, 296.026519775, -146.838043213, 244.463531494, 559.209350586, 184.121414185, 74.0000915527, 84.0413208008, 101.958862305, 90.9542312622, 75.0765457153, 68.1125717163, 64.8452148438], [210.796264648, 178.278015137, 135.30809021, -26.2864761353, 184.121414185, 416.806488037, 142.244277954, 27.5328350067, 44.7099838257, 26.394826889, 32.5723342896, 50.9007949829, 43.242401123], [219.501403809, 137.766616821, 38.6312179565, 50.2224617004, 74.0000915527, 142.244277954, 225.850769043, 109.606414795, 25.0810985565, -4.67013549805, 15.3632068634, 37.3983726501, 31.9994106293], [104.171722412, 199.948028564, -21.7139339447, 90.2021255493, 84.0413208008, 27.5328350067, 109.606414795, 177.946044922, 76.4482192993, 6.6061873436, 1.70127367973, 25.2296333313, 27.3271865845], [265.388214111, 98.3918533325, 23.2806949615, 63.2772636414, 101.958862305, 44.7099838257, 25.0810985565, 76.4482192993, 165.796936035, 109.657035828, 41.4884223938, 5.11606121063, -0.98418956995], [216.758132935, 206.203292847, -53.783115387, 63.0840988159, 90.9542312622, 26.394826889, -4.67013549805, 6.6061873436, 109.657035828, 214.135955811, 119.361122131, 11.2890405655, -22.1761703491], [240.017974854, 173.972900391, -16.7303524017, 38.492931366, 75.0765457153, 32.5723342896, 15.3632068634, 1.70127367973, 41.4884223938, 119.361122131, 157.772567749, 80.5401916504, 1.31874227524], [186.920410156, 167.862121582, -29.0771427155, 23.3871269226, 68.1125717163, 50.9007949829, 37.3983726501, 25.2296333313, 5.11606121063, 11.2890405655, 80.5401916504, 148.107666016, 83.8810882568], [137.469070435, 93.2067642212, -40.8504486084, 16.5081100464, 64.8452148438, 43.242401123, 31.9994106293, 27.3271865845, -0.98418956995, -22.1761703491, 1.31874227524, 83.8810882568, 133.819992065]],
