{
"lowlevel": {
    "average_loudness": 0.950019598007,
    "barkbands_crest": {
        "dmean": 2.94366359711,
        "dmean2": 4.68908834457,
        "dvar": 10.0706501007,
        "dvar2": 24.6263389587,
        "max": 26.7680606842,
        "mean": 14.360912323,
        "median": 14.5481262207,
        "min": 2.20247173309,
        "var": 20.597158432
    },
    "barkbands_flatness_db": {
        "dmean": 0.0593289770186,
        "dmean2": 0.088306941092,
        "dvar": 0.00320511264727,
        "dvar2": 0.0068986187689,
        "max": 0.660314261913,
        "mean": 0.301242858171,
        "median": 0.309818923473,
        "min": 0.0152799058706,
        "var": 0.0100851431489
    },
    "barkbands_kurtosis": {
        "dmean": 10.7755031586,
        "dmean2": 17.1304206848,
        "dvar": 739.611328125,
        "dvar2": 1865.19787598,
        "max": 757.638122559,
        "mean": 15.0276889801,
        "median": 7.76350307465,
        "min": -1.88205623627,
        "var": 712.61505127
    },
    "barkbands_skewness": {
        "dmean": 0.992559611797,
        "dmean2": 1.46127402782,
        "dvar": 1.61441552639,
        "dvar2": 3.41025185585,
        "max": 20.1078681946,
        "mean": 2.42645311356,
        "median": 2.27585887909,
        "min": -3.93514823914,
        "var": 3.70628404617
    },
    "barkbands_spread": {
        "dmean": 3.26041817665,
        "dmean2": 5.11200237274,
        "dvar": 23.8769779205,
        "dvar2": 49.3516082764,
        "max": 68.2792282104,
        "mean": 6.67389917374,
        "median": 4.35626745224,
        "min": 0.121423572302,
        "var": 47.2711181641
    },
    "dissonance": {
        "dmean": 0.038059219718,
        "dmean2": 0.061592258513,
        "dvar": 0.00132911698893,
        "dvar2": 0.00323673477396,
        "max": 0.499999970198,
        "mean": 0.419033169746,
        "median": 0.429574072361,
        "min": 0.163067862391,
        "var": 0.00304083828814
    },
    "dynamic_complexity": 3.94695711136,
    "erbbands_crest": {
        "dmean": 3.24629116058,
        "dmean2": 5.13933753967,
        "dvar": 11.8907108307,
        "dvar2": 26.5232601166,
        "max": 33.8010826111,
        "mean": 13.0069217682,
        "median": 11.4709644318,
        "min": 2.68206620216,
        "var": 38.7180480957
    },
    "erbbands_flatness_db": {
        "dmean": 0.0475999563932,
        "dmean2": 0.0685592889786,
        "dvar": 0.00230118702166,
        "dvar2": 0.00492687569931,
        "max": 0.582430005074,
        "mean": 0.273906111717,
        "median": 0.27675268054,
        "min": 0.0632660463452,
        "var": 0.00692449230701
    },
    "erbbands_kurtosis": {
        "dmean": 2.3488650322,
        "dmean2": 3.64291524887,
        "dvar": 22.1158084869,
        "dvar2": 45.5483398438,
        "max": 111.268363953,
        "mean": 2.46165943146,
        "median": 0.537249803543,
        "min": -1.87804102898,
        "var": 47.4774780273
    },
    "erbbands_skewness": {
        "dmean": 0.572805464268,
        "dmean2": 0.866120994091,
        "dvar": 0.379861950874,
        "dvar2": 0.806404292583,
        "max": 8.89871311188,
        "mean": 0.788107216358,
        "median": 0.754751384258,
        "min": -5.40222549438,
        "var": 1.20978951454
    },
    "erbbands_spread": {
        "dmean": 8.33538246155,
        "dmean2": 12.9245328903,
        "dvar": 108.457069397,
        "dvar2": 227.136581421,
        "max": 158.979660034,
        "mean": 23.5220909119,
        "median": 19.6861209869,
        "min": 0.66457515955,
        "var": 259.938842773
    },
    "hfc": {
        "dmean": 7.17496490479,
        "dmean2": 11.6800498962,
        "dvar": 303.690490723,
        "dvar2": 767.455871582,
        "max": 133.337539673,
        "mean": 9.32255840302,
        "median": 5.14666652679,
        "min": 1.05671277697e-16,
        "var": 262.262664795
    },
    "melbands_crest": {
        "dmean": 3.03967261314,
        "dmean2": 4.89931535721,
        "dvar": 12.0361843109,
        "dvar2": 27.9909114838,
        "max": 35.6620330811,
        "mean": 16.9300193787,
        "median": 16.3892211914,
        "min": 1.5966117382,
        "var": 25.8444519043
    },
    "melbands_flatness_db": {
        "dmean": 0.0688129886985,
        "dmean2": 0.0998086854815,
        "dvar": 0.00438186898828,
        "dvar2": 0.00901979580522,
        "max": 0.81966573,
        "mean": 0.389919131994,
        "median": 0.396681189537,
        "min": 0.00358134275302,
        "var": 0.0170248560607
    },
    "melbands_kurtosis": {
        "dmean": 14.8510656357,
        "dmean2": 22.8811607361,
        "dvar": 631.959716797,
        "dvar2": 1407.234375,
        "max": 327.312286377,
        "mean": 24.693025589,
        "median": 13.0866031647,
        "min": -1.90424954891,
        "var": 987.381103516
    },
    "melbands_skewness": {
        "dmean": 1.0840947628,
        "dmean2": 1.60062646866,
        "dvar": 1.53063488007,
        "dvar2": 3.06224703789,
        "max": 13.2171134949,
        "mean": 3.02128481865,
        "median": 2.8350148201,
        "min": -3.1758275032,
        "var": 4.58030939102
    },
    "melbands_spread": {
        "dmean": 3.88705658913,
        "dmean2": 5.96580410004,
        "dvar": 41.1606559753,
        "dvar2": 85.9013671875,
        "max": 158.913345337,
        "mean": 8.92211818695,
        "median": 5.00772857666,
        "min": 0.111701831222,
        "var": 202.058929443
    },
    "pitch_salience": {
        "dmean": 0.0824298486114,
        "dmean2": 0.133863821626,
        "dvar": 0.00960872881114,
        "dvar2": 0.023923330009,
        "max": 0.905697464943,
        "mean": 0.474435538054,
        "median": 0.47469368577,
        "min": 0.0586399659514,
        "var": 0.0159187149256
    },
    "silence_rate_20dB": {
        "dmean": 0.00344015937299,
        "dmean2": 0.00688094180077,
        "dvar": 0.00342803634703,
        "dvar2": 0.0100919092074,
        "max": 1,
        "mean": 0.99818956852,
        "median": 1,
        "min": 0,
        "var": 0.00180712435395
    },
    "silence_rate_30dB": {
        "dmean": 0.0738728940487,
        "dmean2": 0.14775916934,
        "dvar": 0.0684105455875,
        "dvar2": 0.129012987018,
        "max": 1,
        "mean": 0.911559700966,
        "median": 1,
        "min": 0,
        "var": 0.0806128755212
    },
    "silence_rate_60dB": {
        "dmean": 0.0760456249118,
        "dmean2": 0.152105018497,
        "dvar": 0.0702632144094,
        "dvar2": 0.151256859303,
        "max": 1,
        "mean": 0.191907301545,
        "median": 0,
        "min": 0,
        "var": 0.155079677701
    },
    "spectral_centroid": {
        "dmean": 190.757202148,
        "dmean2": 291.429077148,
        "dvar": 87051.1484375,
        "dvar2": 157638.625,
        "max": 11618.0449219,
        "mean": 686.839660645,
        "median": 486.56628418,
        "min": 82.065284729,
        "var": 961154.75
    },
    "spectral_complexity": {
        "dmean": 3.46731853485,
        "dmean2": 5.56306028366,
        "dvar": 52.7637329102,
        "dvar2": 108.974075317,
        "max": 58,
        "mean": 8.88883876801,
        "median": 7,
        "min": 0,
        "var": 65.097869873
    },
    "spectral_decrease": {
        "dmean": 7.46574535526e-09,
        "dmean2": 1.19305809676e-08,
        "dvar": 3.53984809536e-16,
        "dvar2": 8.50758092277e-16,
        "max": 1.53883149793e-21,
        "mean": -1.12917142303e-08,
        "median": -5.61489743589e-09,
        "min": -1.30517847197e-07,
        "var": 3.39280344042e-16
    },
    "spectral_energy": {
        "dmean": 0.0287914182991,
        "dmean2": 0.0460181385279,
        "dvar": 0.00515736080706,
        "dvar2": 0.0123913604766,
        "max": 0.497562676668,
        "mean": 0.0434631109238,
        "median": 0.0220627598464,
        "min": 9.725713377e-21,
        "var": 0.00495079765096
    },
    "spectral_energyband_high": {
        "dmean": 0.000234617938986,
        "dmean2": 0.000398756237701,
        "dvar": 7.34708805794e-07,
        "dvar2": 1.88678029645e-06,
        "max": 0.0104453759268,
        "mean": 0.000175948851393,
        "median": 2.57398914982e-06,
        "min": 6.70766251716e-21,
        "var": 5.80648134019e-07
    },
    "spectral_energyband_low": {
        "dmean": 0.0244500730187,
        "dmean2": 0.0396058671176,
        "dvar": 0.00491227954626,
        "dvar2": 0.0120412902907,
        "max": 0.483161628246,
        "mean": 0.0345453135669,
        "median": 0.00570163596421,
        "min": 6.90153264506e-24,
        "var": 0.00446953391656
    },
    "spectral_energyband_middle_high": {
        "dmean": 0.00169186817948,
        "dmean2": 0.00286815827712,
        "dvar": 3.43687133864e-05,
        "dvar2": 9.21258106246e-05,
        "max": 0.0546270310879,
        "mean": 0.0018577760784,
        "median": 0.000497602566611,
        "min": 1.27743101428e-21,
        "var": 2.64947066171e-05
    },
    "spectral_energyband_middle_low": {
        "dmean": 0.00552439130843,
        "dmean2": 0.009008734487,
        "dvar": 0.00015170853294,
        "dvar2": 0.000396431132685,
        "max": 0.151812419295,
        "mean": 0.0102027421817,
        "median": 0.00677520222962,
        "min": 1.93095819902e-22,
        "var": 0.000158187001944
    },
    "spectral_entropy": {
        "dmean": 0.467039197683,
        "dmean2": 0.70878213644,
        "dvar": 0.230029448867,
        "dvar2": 0.495370000601,
        "max": 9.82167053223,
        "mean": 6.41774225235,
        "median": 6.27217149734,
        "min": 3.58744287491,
        "var": 0.638919591904
    },
    "spectral_flux": {
        "dmean": 0.0537496991456,
        "dmean2": 0.080390907824,
        "dvar": 0.00796783063561,
        "dvar2": 0.0147497383878,
        "max": 0.695529937744,
        "mean": 0.0854625329375,
        "median": 0.0377463214099,
        "min": 6.34537838939e-11,
        "var": 0.0141468252987
    },
    "spectral_kurtosis": {
        "dmean": 18.7155895233,
        "dmean2": 30.0179462433,
        "dvar": 482.58392334,
        "dvar2": 1079.8137207,
        "max": 623.642272949,
        "mean": 27.8226585388,
        "median": 17.9786243439,
        "min": -1.25482535362,
        "var": 899.877868652
    },
    "spectral_rms": {
        "dmean": 0.00162005226593,
        "dmean2": 0.0023704408668,
        "dvar": 9.01312887436e-06,
        "dvar2": 1.85927710845e-05,
        "max": 0.0220324080437,
        "mean": 0.00515300687402,
        "median": 0.00463946582749,
        "min": 3.08034110372e-12,
        "var": 1.58495768119e-05
    },
    "spectral_rolloff": {
        "dmean": 213.696426392,
        "dmean2": 348.391571045,
        "dvar": 302019.5,
        "dvar2": 607597.625,
        "max": 19638.28125,
        "mean": 745.674865723,
        "median": 430.6640625,
        "min": 64.599609375,
        "var": 2999958.75
    },
    "spectral_skewness": {
        "dmean": 1.26573777199,
        "dmean2": 1.99813532829,
        "dvar": 1.47556293011,
        "dvar2": 3.37914538383,
        "max": 20.2252731323,
        "mean": 3.29220080376,
        "median": 2.92629814148,
        "min": -0.0905489996076,
        "var": 3.37496066093
    },
    "spectral_spread": {
        "dmean": 754323,
        "dmean2": 1150315,
        "dvar": 831172968448,
        "dvar2": 1.6659325911e+12,
        "max": 42947604,
        "mean": 2525501.75,
        "median": 1912484.125,
        "min": 247866.703125,
        "var": 1.15218118083e+13
    },
    "spectral_strongpeak": {
        "dmean": 0.286586910486,
        "dmean2": 0.466074824333,
        "dvar": 0.193897560239,
        "dvar2": 0.446194589138,
        "max": 7.71358537674,
        "mean": 0.708418726921,
        "median": 0.570921719074,
        "min": 0,
        "var": 0.42316108942
    },
    "zerocrossingrate": {
        "dmean": 0.00647001387551,
        "dmean2": 0.00768009619787,
        "dvar": 0.000128599873278,
        "dvar2": 0.000192433493794,
        "max": 0.52197265625,
        "mean": 0.0294026900083,
        "median": 0.021484375,
        "min": 0.001953125,
        "var": 0.00221603759564
    },
    "barkbands": {
        "dmean": [0.000221599839278, 0.0152401607484, 0.0101256547496, 0.00236320192926, 0.00114467530511, 0.00166359043214, 0.000404217687901, 0.000397776515456, 0.000365110434359, 0.000646969361696, 0.000296325859381, 0.000117097217299, 7.42659540265e-05, 9.64757564361e-05, 0.000118940632092, 0.000102838217572, 0.000131637832965, 0.000115833288874, 0.000119296324556, 0.000118567731988, 7.55421060603e-05, 6.82291574776e-05, 2.44576804107e-05, 1.12054221972e-05, 7.84556868894e-06, 3.05237585962e-06, 3.16637965625e-07],
        "dmean2": [0.000359588448191, 0.0248451400548, 0.0189314559102, 0.00407387595624, 0.00198299554177, 0.00255823135376, 0.000654110917822, 0.000622298975941, 0.000615328201093, 0.00115905958228, 0.000489262980409, 0.000187627709238, 0.000117274204968, 0.000156312147737, 0.000200720722205, 0.000166512967553, 0.000222381087951, 0.000199402100407, 0.000203769071959, 0.000203904943191, 0.000130504224217, 0.00011853416072, 3.95912356908e-05, 1.90210921573e-05, 1.32851791932e-05, 5.28198552274e-06, 5.57875694085e-07],
        "dvar": [4.15523999209e-07, 0.00192791922018, 0.00129721441772, 4.58682006865e-05, 8.85284043761e-06, 3.58135112037e-05, 1.27584098664e-06, 9.88754777609e-07, 8.28290694699e-07, 7.51294464862e-06, 9.52694506395e-07, 1.58176135301e-07, 7.11125522912e-08, 1.01988639756e-07, 1.32122636387e-07, 8.69672760473e-08, 2.1144568052e-07, 2.07796247764e-07, 1.78863430733e-07, 2.06027891636e-07, 7.7758329553e-08, 7.92771928104e-08, 8.13084533036e-09, 1.83681914123e-09, 2.05193217973e-09, 4.87943241367e-10, 2.15027648465e-12],
        "dvar2": [9.33981368689e-07, 0.0046280878596, 0.00373946572654, 0.000126308892504, 2.45075498242e-05, 8.28809861559e-05, 3.40219571626e-06, 2.11966721508e-06, 2.00800946004e-06, 2.14114770642e-05, 2.31920580518e-06, 2.91218697157e-07, 1.56883487534e-07, 2.50529325285e-07, 3.39315363362e-07, 2.06355750265e-07, 5.29475585154e-07, 5.40090468348e-07, 4.57291008615e-07, 5.40109567737e-07, 2.04888138455e-07, 2.10452697047e-07, 1.89969693309e-08, 4.56833992857e-09, 5.24796117674e-09, 1.27656551996e-09, 5.79269488279e-12],
        "max": [0.0128432316706, 0.447429180145, 0.323655426502, 0.0925723016262, 0.0487288460135, 0.0847557336092, 0.0418942570686, 0.0236419551075, 0.0174774639308, 0.0343437939882, 0.0193361211568, 0.0308920498937, 0.0147732766345, 0.00934211257845, 0.00823911651969, 0.0037183931563, 0.00550907291472, 0.00383249903098, 0.00389606901444, 0.00426230905578, 0.00314085511491, 0.00297242612578, 0.00357945123687, 0.00139132654294, 0.00163285876624, 0.000652417831589, 3.39105208695e-05],
        "mean": [0.000304905988742, 0.0225317608565, 0.008470592089, 0.00415484467521, 0.00168612203561, 0.0021440917626, 0.000744809978642, 0.00078349141404, 0.000529366254341, 0.000633161340374, 0.0003748255549, 0.000171497173142, 0.000112328452815, 0.00010403356282, 0.000115648028441, 9.70382170635e-05, 0.00010613584891, 8.31127836136e-05, 8.96232158993e-05, 8.64964240463e-05, 5.42153320566e-05, 4.70947634312e-05, 2.02005539904e-05, 8.85917143023e-06, 6.1839641603e-06, 2.20971764975e-06, 2.18048754164e-07],
        "median": [7.48293950892e-06, 0.00206668139435, 0.00160456821322, 0.00102928979322, 0.000940886733588, 0.000587230490055, 0.000258913991274, 0.000172653904883, 6.78720170981e-05, 7.21316973795e-05, 4.62968382635e-05, 4.41476367996e-05, 3.30226357619e-05, 1.11572626338e-05, 1.67834150488e-05, 8.62447541294e-06, 7.15281339581e-06, 3.03880119645e-06, 4.4148773668e-06, 2.03344256988e-06, 7.43969849282e-07, 2.10634041764e-07, 5.9327550872e-08, 3.93609802529e-08, 1.22622951793e-08, 4.31471613993e-09, 1.89304949494e-09],
        "min": [3.66741632052e-25, 1.85425660634e-24, 8.83796469467e-25, 7.41026006954e-25, 1.22478623031e-23, 9.36021408254e-24, 6.57581394944e-24, 6.71785348302e-24, 1.35900318249e-23, 1.43513425519e-23, 1.71094495566e-23, 2.6874443158e-23, 2.67105431054e-23, 3.38899567375e-23, 5.10179319036e-23, 8.59916951725e-23, 7.87708284775e-23, 9.6791478644e-23, 9.88318515981e-23, 1.87595919536e-22, 2.71046220416e-22, 3.23328614309e-22, 3.50142387753e-22, 6.17249503814e-22, 8.21515253345e-22, 1.36586552768e-21, 1.86883203272e-21],
        "var": [8.89836258011e-07, 0.00182554346975, 0.000751434767153, 4.71054590889e-05, 7.11031043465e-06, 4.14027017541e-05, 2.83755252894e-06, 3.52688471139e-06, 1.99005535251e-06, 5.27488009539e-06, 1.68576877968e-06, 5.15207489116e-07, 1.45815064911e-07, 1.32245418172e-07, 1.2684778028e-07, 9.84491208555e-08, 1.68926973743e-07, 1.49252400661e-07, 1.3451888492e-07, 1.47440019305e-07, 5.66818485481e-08, 5.53372068168e-08, 9.20557141626e-09, 2.06508854461e-09, 2.33205210698e-09, 3.9671166352e-10, 1.55939063745e-12]
    },
    "erbbands": {
        "dmean": [0.294348359108, 4.09679460526, 12.0822143555, 9.67883586884, 4.56782484055, 3.7446103096, 10.2416715622, 12.094042778, 5.80693817139, 6.30523633957, 9.07520103455, 9.29439163208, 9.01521587372, 23.3845386505, 11.0315151215, 5.5413980484, 3.49776387215, 4.77119731903, 5.05391216278, 6.12834692001, 5.75379610062, 7.01031208038, 6.30181932449, 6.71869897842, 6.60293102264, 5.54343414307, 3.08491134644, 3.03967666626, 2.21280455589, 1.54323399067, 0.68763589859, 0.297580242157, 0.170317053795, 0.11134891957, 0.0439754873514, 0.0192307718098, 0.004549712874, 0.000661532452796, 6.5749969508e-05, 3.42319035553e-05],
        "dmean2": [0.483448714018, 6.77297401428, 22.3136615753, 17.0397663116, 8.14905738831, 6.43453645706, 15.4222898483, 19.0108146667, 9.16683483124, 10.2569351196, 14.4070081711, 15.2785758972, 15.3361120224, 42.3541717529, 17.939781189, 8.77216339111, 5.4580411911, 7.64411592484, 8.32654190063, 10.0347480774, 9.58493328094, 11.740858078, 10.7993335724, 11.4593286514, 11.4985046387, 9.58475971222, 5.20538187027, 5.29191160202, 3.83056998253, 2.63872766495, 1.135866642, 0.495354145765, 0.289030104876, 0.18958710134, 0.0744526982307, 0.0331327617168, 0.00792512949556, 0.0011785243405, 0.00011198939319, 5.50280274183e-05],
        "dvar": [0.728026688099, 146.124282837, 1808.86181641, 819.172729492, 200.664199829, 87.469543457, 1108.98791504, 1803.22106934, 331.999298096, 215.353607178, 488.775024414, 543.235229492, 882.121826172, 10814.7412109, 1276.86254883, 364.868377686, 156.489273071, 220.704864502, 229.278839111, 322.947235107, 300.332733154, 626.11114502, 582.695495605, 619.805541992, 606.452087402, 477.562927246, 117.529533386, 138.910675049, 79.5427017212, 38.5436515808, 6.8130531311, 1.11336839199, 0.477138847113, 0.402456194162, 0.0805112197995, 0.0213107671589, 0.000918333651498, 1.09603479359e-05, 6.90784531798e-08, 6.54903375974e-09],
        "dvar2": [1.81804943085, 363.794799805, 5138.43847656, 2301.51367188, 573.51739502, 234.990402222, 2384.484375, 4293.77099609, 905.967468262, 499.522857666, 1070.58837891, 1267.73620605, 2293.43041992, 30715.9980469, 2894.33911133, 669.279296875, 337.334686279, 536.816101074, 574.043029785, 776.360168457, 753.916503906, 1538.01391602, 1502.0012207, 1588.82666016, 1598.5546875, 1261.37658691, 301.178527832, 368.561035156, 209.83934021, 100.561149597, 16.5356483459, 2.58357667923, 1.19179689884, 1.05770432949, 0.206310540438, 0.0558670721948, 0.00236866343766, 2.93040011456e-05, 1.83775625828e-07, 1.57402677559e-08],
        "max": [13.5521097183, 101.527740479, 339.839630127, 303.354248047, 245.285903931, 139.285919189, 432.884674072, 614.899719238, 704.137817383, 330.380310059, 555.624267578, 502.590087891, 483.647644043, 1032.84143066, 993.163452148, 1570.17321777, 720.393859863, 476.59085083, 456.231750488, 637.664245605, 184.941299438, 241.010543823, 217.10067749, 221.593704224, 224.354049683, 200.922805786, 152.105163574, 113.020454407, 90.0585250854, 73.609992981, 124.013847351, 43.9880104065, 21.0477180481, 20.630695343, 12.2319936752, 4.48674917221, 0.799965143204, 0.0786289200187, 0.00700915884227, 0.000765449192841],
        "mean": [0.470706492662, 5.62296485901, 10.7279653549, 14.1865196228, 6.31088399887, 5.79098320007, 14.2982740402, 15.497423172, 11.6718635559, 11.3754005432, 17.2249641418, 15.2785243988, 12.6650590897, 19.2406826019, 15.9593992233, 8.79061698914, 5.6586933136, 5.58190917969, 5.48815250397, 5.83572340012, 5.09581375122, 5.57148313522, 4.65456581116, 5.10375642776, 4.64048194885, 3.9997355938, 2.35931754112, 2.11796283722, 1.55297005177, 1.09795343876, 0.552864432335, 0.239712893963, 0.135344222188, 0.0849705338478, 0.0347900539637, 0.0141945285723, 0.00323824910447, 0.000449514831416, 5.79031911911e-05, 4.96433094668e-05],
        "median": [0.0673685446382, 0.401981949806, 1.68717050552, 3.88801884651, 2.857391119, 2.61675262451, 3.03183078766, 4.5427532196, 4.38463973999, 3.6850669384, 3.71634507179, 2.47391581535, 1.42709183693, 2.86208057404, 2.61669325829, 2.58482646942, 1.96475160122, 0.920004367828, 1.02766644955, 0.790934681892, 0.510223925114, 0.334443509579, 0.215240195394, 0.23750269413, 0.173602551222, 0.102345764637, 0.0516614541411, 0.02254473418, 0.00973783712834, 0.00349363475107, 0.00179002829827, 0.00112075998913, 0.000472422107123, 0.000209530335269, 8.20047716843e-05, 3.97426920244e-05, 1.87728455785e-05, 2.93008292829e-06, 1.49766337927e-05, 2.57460324065e-05],
        "min": [7.42087385775e-23, 3.24858550081e-22, 1.94101505222e-21, 5.16538386115e-21, 8.11571617459e-21, 3.20850111795e-20, 5.71218554663e-20, 8.77803225936e-20, 9.72903146985e-20, 2.54412735678e-19, 1.6589074873e-19, 3.92646506757e-19, 5.30312470044e-19, 7.7285014915e-19, 9.79571269623e-19, 1.07079233399e-18, 1.13970495761e-18, 2.10182271631e-18, 2.25267481744e-18, 3.74506932232e-18, 3.85350360164e-18, 4.99073384165e-18, 4.60999129109e-18, 3.89130865077e-18, 6.65904753574e-18, 8.13787813973e-18, 9.89301974195e-18, 9.79128231687e-18, 9.37678376628e-18, 1.16052033734e-17, 1.00573631589e-17, 1.10498508538e-17, 1.05922487486e-17, 7.26658646665e-18, 5.6132641804e-18, 4.62266038935e-18, 2.28251060175e-18, 9.63215530769e-19, 2.4249140869e-19, 2.72898936361e-20],
        "var": [0.728085815907, 127.950584412, 1085.62231445, 647.192016602, 138.375640869, 77.9737548828, 1543.69433594, 2055.95703125, 730.587219238, 618.742431641, 1639.61022949, 1506.56152344, 1411.79089355, 6652.37597656, 3083.2121582, 1211.84887695, 335.017913818, 313.464660645, 259.996704102, 325.784698486, 268.560638428, 505.749694824, 426.610565186, 464.52947998, 424.633392334, 335.123382568, 93.5383682251, 97.0816955566, 56.452381134, 28.5391330719, 7.91261148453, 1.52319717407, 0.529601514339, 0.386417448521, 0.0934473127127, 0.0176846012473, 0.000731719424948, 8.27728399599e-06, 5.30272323829e-08, 6.2975953341e-09]
    },
    "gfcc": {
        "mean": [-158.976165771, 179.314041138, -121.069297791, 8.47587871552, -36.6356887817, -12.1968841553, -16.6469268799, -8.50308513641, -12.93338871, -4.63105630875, -0.712098121643, -8.85327339172, -0.515086889267],
        "cov": [[19775.703125, -419.387573242, 713.119812012, 2852.20336914, -417.05947876, 1218.05554199, -199.236557007, 553.15234375, -125.106155396, -106.262275696, -509.080352783, -198.846191406, -242.01574707], [-419.387573242, 3314.16870117, 725.389892578, -419.716156006, 1215.95605469, -252.691070557, 667.064208984, -273.364562988, 227.466888428, -94.1184005737, 293.491027832, -211.185073853, 104.603691101], [713.119812012, 725.389892578, 2175.6965332, 1056.66064453, 945.094421387, 661.640563965, 421.74520874, 151.539001465, 90.7951507568, -61.8601303101, -29.6522579193, -150.217132568, -74.6366882324], [2852.20336914, -419.716156006, 1056.66064453, 1427.11828613, 364.190734863, 653.901611328, 138.720565796, 231.638763428, 47.3557243347, -34.6496047974, -137.019058228, -119.730682373, -121.342941284], [-417.05947876, 1215.95605469, 945.094421387, 364.190734863, 1113.97753906, 314.460357666, 443.941467285, -1.64377570152, 140.580703735, -54.9923744202, 73.7240219116, -150.187911987, -29.3332080841], [1218.05554199, -252.691070557, 661.640563965, 653.901611328, 314.460357666, 621.260009766, 154.087799072, 142.408706665, 21.823841095, -20.4450759888, -87.4637145996, -64.8125152588, -71.4093475342], [-199.236557007, 667.064208984, 421.74520874, 138.720565796, 443.941467285, 154.087799072, 431.891998291, 74.6092605591, 119.408370972, -2.91217684746, 49.0269508362, -66.7191314697, 6.94740724564], [553.15234375, -273.364562988, 151.539001465, 231.638763428, -1.64377570152, 142.408706665, 74.6092605591, 239.635665894, 78.1721343994, 33.4395294189, -56.1117019653, -19.4376506805, -35.1546363831], [-125.106155396, 227.466888428, 90.7951507568, 47.3557243347, 140.580703735, 21.823841095, 119.408370972, 78.1721343994, 176.263504028, 55.6544380188, 35.2183074951, -38.0674781799, -3.83281779289], [-106.262275696, -94.1184005737, -61.8601303101, -34.6496047974, -54.9923744202, -20.4450759888, -2.91217684746, 33.4395294189, 55.6544380188, 137.93145752, 57.0324668884, 3.96852660179, -9.21247291565], [-509.080352783, 293.491027832, -29.6522579193, -137.019058228, 73.7240219116, -87.4637145996, 49.0269508362, -56.1117019653, 35.2183074951, 57.0324668884, 180.837280273, 49.1047935486, 36.7688713074], [-198.846191406, -211.185073853, -150.217132568, -119.730682373, -150.187911987, -64.8125152588, -66.7191314697, -19.4376506805, -38.0674781799, 3.96852660179, 49.1047935486, 162.17779541, 60.6054382324], [-242.01574707, 104.603691101, -74.6366882324, -121.342941284, -29.3332080841, -71.4093475342, 6.94740724564, -35.1546363831, -3.83281779289, -9.21247291565, 36.7688713074, 60.6054382324, 106.186027527]],
        "icov": [[0.000162091149832, -0.000459273229353, 0.000224682473345, -0.000519136548974, 0.000374569528503, -0.000365163898095, 0.000343090301612, -0.000427301944001, 0.000381866615498, -0.000303715089103, 0.000379464705475, -0.000353013718268, 0.00013805947674], [-0.000459273229353, 0.00265829777345, -0.000945749867242, 0.00182693300303, -0.00183536473196, 0.00192863203119, -0.00199812441133, 0.00224864529446, -0.00185178767424, 0.0019512969302, -0.00215452862903, 0.00248936912976, -0.00114963355009], [0.000224682473345, -0.000945749867242, 0.00148609292228, -0.0013293029042, 3.99399868911e-05, -0.000960176403169, 0.000501867674757, -0.000959954049904, 0.00104921276215, -0.000694145623129, 0.000690418819431, -0.000836842635181, 0.000200135313207], [-0.000519136548974, 0.00182693300303, -0.0013293029042, 0.00351672596298, -0.001285857521, 0.000199901973247, -0.000893882883247, 0.00095620402135, -0.00161963002756, 0.00159229943529, -0.00146519497503, 0.00184697087388, -0.000211402148125], [0.000374569528503, -0.00183536473196, 3.99399868911e-05, -0.001285857521, 0.00391394086182, -0.00193798413966, -5.40861037734e-05, -0.00040088838432, 0.000137946582981, -3.13747727887e-06, 0.00032371134148, -0.000525561161339, 0.00106171239167], [-0.000365163898095, 0.00192863203119, -0.000960176403169, 0.000199901973247, -0.00193798413966, 0.00525527307764, -0.00201995600946, 0.000973208749201, -0.000412653316744, 0.00065709365299, -0.000344680942362, 0.000942613813095, -0.000102016412711], [0.000343090301612, -0.00199812441133, 0.000501867674757, -0.000893882883247, -5.40861037734e-05, -0.00201995600946, 0.00651216879487, -0.00335507746786, 0.000126007289509, -0.000689147622325, 0.000379053206416, -0.000820775341708, -0.00054661964532], [-0.000427301944001, 0.00224864529446, -0.000959954049904, 0.00095620402135, -0.00040088838432, 0.000973208749201, -0.00335507746786, 0.0098373265937, -0.0050349268131, 0.000171660052729, 0.00103752012365, 0.000339587801136, 0.000529054086655], [0.000381866615498, -0.00185178767424, 0.00104921276215, -0.00161963002756, 0.000137946582981, -0.000412653316744, 0.000126007289509, -0.0050349268131, 0.0117290699854, -0.00463526463136, 0.000412267487263, 0.000198148278287, -0.000567974988371], [-0.000303715089103, 0.0019512969302, -0.000694145623129, 0.00159229943529, -3.13747727887e-06, 0.00065709365299, -0.000689147622325, 0.000171660052729, -0.00463526463136, 0.013018338941, -0.00654179789126, 0.00297756586224, 0.000788095465396], [0.000379464705475, -0.00215452862903, 0.000690418819431, -0.00146519497503, 0.00032371134148, -0.000344680942362, 0.000379053206416, 0.00103752012365, 0.000412267487263, -0.00654179789126, 0.012541658245, -0.00608765659854, 0.000553616613615], [-0.000353013718268, 0.00248936912976, -0.000836842635181, 0.00184697087388, -0.000525561161339, 0.000942613813095, -0.000820775341708, 0.000339587801136, 0.000198148278287, 0.00297756586224, -0.00608765659854, 0.0133335972205, -0.00631628325209], [0.00013805947674, -0.00114963355009, 0.000200135313207, -0.000211402148125, 0.00106171239167, -0.000102016412711, -0.00054661964532, 0.000529054086655, -0.000567974988371, 0.000788095465396, 0.000553616613615, -0.00631628325209, 0.014660471119]]
    },
    "melbands": {
        "dmean": [0.00342519953847, 0.0060784467496, 0.00153859029524, 0.000275010854239, 0.000314948847517, 0.000282121822238, 8.60345753608e-05, 7.13242770871e-05, 7.56501831347e-05, 5.41207700735e-05, 4.59611801489e-05, 0.000100128025224, 3.98544943891e-05, 1.70577568497e-05, 9.00174927665e-06, 8.00564339443e-06, 9.18600289879e-06, 7.45872512198e-06, 9.51518359216e-06, 7.24371557226e-06, 6.52474091112e-06, 6.84164979248e-06, 6.75277578921e-06, 6.18329249846e-06, 5.38778294867e-06, 4.47991396868e-06, 5.13081567988e-06, 3.25637688547e-06, 1.94263225239e-06, 1.70378291386e-06, 1.90834089153e-06, 1.37912252285e-06, 9.26862185224e-07, 7.73711974489e-07, 3.9422957343e-07, 2.78461442349e-07, 1.48541204226e-07, 1.22135801917e-07, 1.0687978147e-07, 9.31627681666e-08],
        "dmean2": [0.0055319564417, 0.010689788498, 0.00272216368467, 0.00048880482791, 0.000474365253467, 0.000440128089394, 0.000137266048114, 0.000115631788503, 0.000120933240396, 8.96274868865e-05, 7.86974269431e-05, 0.000181991359568, 6.61474332446e-05, 2.66136703431e-05, 1.40342708619e-05, 1.29417830976e-05, 1.46287375173e-05, 1.21825660244e-05, 1.63721433637e-05, 1.14655467769e-05, 1.10421651698e-05, 1.14295598905e-05, 1.15553402793e-05, 1.06897468868e-05, 9.19170634006e-06, 7.64656670071e-06, 8.99442420632e-06, 5.60392027182e-06, 3.29944691657e-06, 2.85609689854e-06, 3.37833125741e-06, 2.40312647293e-06, 1.57746580953e-06, 1.32036439027e-06, 6.51889990877e-07, 4.61144935571e-07, 2.48728952101e-07, 2.07017265552e-07, 1.83209706961e-07, 1.60634201052e-07],
        "dvar": [9.42459009821e-05, 0.000394844944822, 2.12361574086e-05, 6.27862505098e-07, 9.8912789781e-07, 1.00443537576e-06, 6.76734117633e-08, 3.06605230094e-08, 3.17988444465e-08, 1.8557305026e-08, 2.49104630257e-08, 2.02319739628e-07, 1.7266417629e-08, 2.87577606173e-09, 8.61767379678e-10, 6.78738121263e-10, 8.75041705761e-10, 5.22788423662e-10, 9.17443787607e-10, 4.12193307264e-10, 4.10298822695e-10, 5.68414149082e-10, 6.41985131722e-10, 6.13757933365e-10, 3.91438298442e-10, 2.50933079871e-10, 4.00685068458e-10, 1.62682464722e-10, 4.88303043833e-11, 3.33027667943e-11, 6.28584129192e-11, 3.13560601095e-11, 1.38355507606e-11, 9.69000921169e-12, 2.14416505384e-12, 1.19786775984e-12, 3.10536102041e-13, 2.01819003133e-13, 3.6833906693e-13, 3.0269268537e-13],
        "dvar2": [0.000221567213885, 0.00107172084972, 5.97698635829e-05, 1.80068445843e-06, 2.08232268051e-06, 2.36045548263e-06, 1.81199268923e-07, 6.92244626066e-08, 7.14925434409e-08, 4.36160760842e-08, 6.56366196949e-08, 5.75929277602e-07, 4.24629185147e-08, 5.20268095272e-09, 1.69565150809e-09, 1.58748481027e-09, 2.08533168511e-09, 1.28981714198e-09, 2.39904140997e-09, 9.30499954865e-10, 1.05007480489e-09, 1.38187550291e-09, 1.63593683045e-09, 1.60565316598e-09, 1.00063513031e-09, 6.43927022814e-10, 1.06539554956e-09, 4.29179858319e-10, 1.26854887705e-10, 8.40366248811e-11, 1.69900427061e-10, 8.32549931773e-11, 3.57590589084e-11, 2.52728619282e-11, 5.16053866306e-12, 2.9215111233e-12, 7.29885227778e-13, 4.98093536902e-13, 9.9068528988e-13, 8.07649249129e-13],
        "max": [0.121165648103, 0.135227248073, 0.0493218377233, 0.0141134494916, 0.012891557999, 0.0143248820677, 0.00987805984914, 0.00417689047754, 0.00382473599166, 0.00292186019942, 0.00262205256149, 0.00454428838566, 0.0027565357741, 0.00353984371759, 0.00164531322662, 0.00091823405819, 0.00109635235276, 0.000666641921271, 0.000558418047149, 0.000575078709517, 0.000335665507009, 0.000243897011387, 0.000288429728243, 0.000252718135016, 0.000180165719939, 0.00015833969519, 0.000186571312952, 0.000119593423733, 9.50861649471e-05, 9.24100822886e-05, 7.79061301728e-05, 5.49344695173e-05, 4.47151905973e-05, 3.76871721528e-05, 6.00531020609e-05, 6.68355860398e-05, 2.70646996796e-05, 1.36598491736e-05, 2.43786016654e-05, 1.60388899531e-05],
        "mean": [0.00547723798081, 0.00656138779595, 0.00214573740959, 0.000402563950047, 0.000442203774583, 0.000360260892194, 0.000169900158653, 0.000129908294184, 0.000139183219289, 8.4687359049e-05, 6.19301135885e-05, 8.01742717158e-05, 5.11903126608e-05, 2.87108778139e-05, 1.48900408021e-05, 1.05645303847e-05, 1.06027309812e-05, 8.25799725135e-06, 8.41703331389e-06, 7.62349191064e-06, 5.49932474314e-06, 5.54477628611e-06, 5.09664232595e-06, 4.42042119175e-06, 4.13852012571e-06, 3.24251800521e-06, 3.54335884367e-06, 2.38366487793e-06, 1.47108789861e-06, 1.31530157432e-06, 1.26558518332e-06, 9.52697462253e-07, 6.70784174872e-07, 5.5147643252e-07, 3.17641422498e-07, 2.24147953531e-07, 1.18183386633e-07, 9.67023012777e-08, 8.1700370913e-08, 6.90250914204e-08],
        "median": [0.000611484923866, 0.000790425867308, 0.000657199765556, 0.000204746087547, 0.000105201681436, 0.000101933030237, 6.04135966569e-05, 3.95916795242e-05, 2.67621362582e-05, 1.1990726307e-05, 5.70331894778e-06, 1.02464455267e-05, 6.63943592372e-06, 6.95106791682e-06, 5.4582710618e-06, 2.76121522802e-06, 1.24900304854e-06, 1.49312324993e-06, 9.99850385597e-07, 7.41276778626e-07, 5.09164806317e-07, 3.55693828169e-07, 2.02144420314e-07, 1.54465041646e-07, 1.78307473675e-07, 1.36752461799e-07, 7.25385049805e-08, 5.97487783693e-08, 2.85708736669e-08, 2.0927036104e-08, 8.05297428741e-09, 5.32105648432e-09, 2.62893373737e-09, 1.38763178725e-09, 9.94735627202e-10, 7.3752848273e-10, 5.69439773113e-10, 3.2318622778e-10, 2.02867139754e-10, 1.36427744102e-10],
        "min": [5.3458515097e-25, 1.07638009618e-24, 9.64215908374e-25, 2.14881332404e-24, 1.91958710828e-24, 1.81633487933e-24, 1.92044124742e-24, 2.87072715411e-24, 1.25380546478e-24, 2.49853745143e-24, 2.63439961248e-24, 2.57468678626e-24, 3.08173206347e-24, 3.40994908157e-24, 2.9086254125e-24, 2.49393444805e-24, 2.74048010499e-24, 2.9569048832e-24, 4.20645404896e-24, 4.17460418434e-24, 3.23939972044e-24, 3.91557618409e-24, 4.53026922321e-24, 4.18556185675e-24, 2.70761477917e-24, 4.37145535134e-24, 5.06933771723e-24, 5.08034153799e-24, 5.28479574639e-24, 5.20407555427e-24, 5.64148945988e-24, 4.45195111254e-24, 6.5579198231e-24, 5.96538036478e-24, 4.34152872961e-24, 5.44022777156e-24, 5.79698538278e-24, 6.64076757309e-24, 6.3702245702e-24, 5.30186156879e-24],
        "var": [9.57935044426e-05, 0.000271832133876, 1.58369985002e-05, 4.4162550239e-07, 1.39889903039e-06, 1.15117472888e-06, 1.56659993422e-07, 9.20573413055e-08, 9.91945299234e-08, 5.00838019946e-08, 3.76494568854e-08, 1.24309693206e-07, 3.10004040216e-08, 1.06144346645e-08, 2.25531904263e-09, 1.24127375045e-09, 1.40330713716e-09, 6.20330009582e-10, 7.38389849264e-10, 5.82756509715e-10, 3.36571132076e-10, 4.71346184305e-10, 4.85457340993e-10, 4.35900232576e-10, 2.9705929383e-10, 1.86490434206e-10, 2.74475442374e-10, 1.15627944719e-10, 3.76653395973e-11, 2.7327626273e-11, 4.15515677421e-11, 2.17966009824e-11, 1.0402737699e-11, 7.22953988341e-12, 2.42933819762e-12, 1.54690225473e-12, 4.43770508621e-13, 2.31775183898e-13, 3.41831299594e-13, 2.6478436956e-13]
    },
    "mfcc": {
        "mean": [-786.774719238, 192.235656738, -3.48557543755, 17.2745475769, 3.04744005203, -0.279407501221, 3.031437397, -3.27458167076, -3.74270796776, 0.404503554106, -2.50388073921, 2.28796291351, 4.55124759674],
        "cov": [[10129.1699219, -660.477661133, 197.880661011, 1857.14135742, 80.2352905273, 569.048950195, 149.400650024, 446.942504883, 390.126068115, 273.325378418, -7.10387659073, -113.101608276, -157.957443237], [-660.477661133, 2944.1394043, 486.152099609, 181.929641724, 602.978027344, 289.570098877, 460.70098877, 131.604064941, 108.831420898, 113.04549408, 118.169776917, 127.006370544, 91.9361190796], [197.880661011, 486.152099609, 994.668762207, 536.50604248, 424.322845459, 444.637969971, 311.801849365, 253.742355347, 163.344238281, 102.822120667, 74.7267990112, 67.2432098389, 7.53399848938], [1857.14135742, 181.929641724, 536.50604248, 1097.16479492, 444.80078125, 496.963470459, 349.308990479, 288.297729492, 256.976135254, 185.428634644, 89.8940429688, 74.5876693726, -27.0381355286], [80.2352905273, 602.978027344, 424.322845459, 444.80078125, 613.74432373, 438.357971191, 320.96762085, 213.615859985, 138.636672974, 125.702560425, 89.8182601929, 59.1716499329, 9.97257518768], [569.048950195, 289.570098877, 444.637969971, 496.963470459, 438.357971191, 572.62713623, 351.67590332, 235.349197388, 170.275894165, 110.381278992, 76.3292694092, 57.0817832947, -1.36991906166], [149.400650024, 460.70098877, 311.801849365, 349.308990479, 320.96762085, 351.67590332, 376.196472168, 203.887115479, 147.059631348, 105.342208862, 69.9773864746, 79.6751556396, 18.0182380676], [446.942504883, 131.604064941, 253.742355347, 288.297729492, 213.615859985, 235.349197388, 203.887115479, 271.720428467, 171.044540405, 75.6600418091, 47.7073440552, 22.2722969055, 1.88449335098], [390.126068115, 108.831420898, 163.344238281, 256.976135254, 138.636672974, 170.275894165, 147.059631348, 171.044540405, 228.084945679, 137.387512207, 61.6428070068, 29.0547504425, -18.9438514709], [273.325378418, 113.04549408, 102.822120667, 185.428634644, 125.702560425, 110.381278992, 105.342208862, 75.6600418091, 137.387512207, 196.007171631, 111.421829224, 53.1194267273, -1.96385025978], [-7.10387659073, 118.169776917, 74.7267990112, 89.8940429688, 89.8182601929, 76.3292694092, 69.9773864746, 47.7073440552, 61.6428070068, 111.421829224, 140.879226685, 86.0757369995, 12.5039787292], [-113.101608276, 127.006370544, 67.2432098389, 74.5876693726, 59.1716499329, 57.0817832947, 79.6751556396, 22.2722969055, 29.0547504425, 53.1194267273, 86.0757369995, 142.736968994, 63.0142173767], [-157.957443237, 91.9361190796, 7.53399848938, -27.0381355286, 9.97257518768, -1.36991906166, 18.0182380676, 1.88449335098, -18.9438514709, -1.96385025978, 12.5039787292, 63.0142173767, 110.849105835]],
