{
"lowlevel": {
    "average_loudness": 0.845157623291,
    "barkbands_crest": {
        "dmean": 1.89733660221,
        "dmean2": 3.11962771416,
        "dvar": 3.67414832115,
        "dvar2": 10.0668678284,
        "max": 26.232503891,
        "mean": 11.2480144501,
        "median": 10.8677921295,
        "min": 2.69740462303,
        "var": 12.9054632187
    },
    "barkbands_flatness_db": {
        "dmean": 0.0273668635637,
        "dmean2": 0.038474265486,
        "dvar": 0.00113455299288,
        "dvar2": 0.00243349769153,
        "max": 0.489300429821,
        "mean": 0.196080505848,
        "median": 0.185054242611,
        "min": 0.0263385288417,
        "var": 0.0055007324554
    },
    "barkbands_kurtosis": {
        "dmean": 6.72281694412,
        "dmean2": 10.0286693573,
        "dvar": 137.492858887,
        "dvar2": 342.471923828,
        "max": 546.09387207,
        "mean": 15.4643211365,
        "median": 11.0984649658,
        "min": -1.90132939816,
        "var": 395.503356934
    },
    "barkbands_skewness": {
        "dmean": 0.698959469795,
        "dmean2": 1.04114127159,
        "dvar": 0.646878600121,
        "dvar2": 1.57659423351,
        "max": 19.7015895844,
        "mean": 2.81310033798,
        "median": 2.87546539307,
        "min": -3.3378367424,
        "var": 2.94461584091
    },
    "barkbands_spread": {
        "dmean": 6.83161497116,
        "dmean2": 10.191119194,
        "dvar": 102.630653381,
        "dvar2": 241.06489563,
        "max": 107.479354858,
        "mean": 19.1835727692,
        "median": 12.4615898132,
        "min": 0.288472443819,
        "var": 361.434936523
    },
    "dissonance": {
        "dmean": 0.0221243426204,
        "dmean2": 0.0339423567057,
        "dvar": 0.000608347123489,
        "dvar2": 0.00129281193949,
        "max": 0.499958455563,
        "mean": 0.435619831085,
        "median": 0.450649380684,
        "min": 0.128477469087,
        "var": 0.00287449918687
    },
    "dynamic_complexity": 3.71385860443,
    "erbbands_crest": {
        "dmean": 2.04621601105,
        "dmean2": 3.17183423042,
        "dvar": 4.40119981766,
        "dvar2": 10.7633771896,
        "max": 29.5409584045,
        "mean": 9.6873292923,
        "median": 8.94657897949,
        "min": 2.69072461128,
        "var": 16.2272548676
    },
    "erbbands_flatness_db": {
        "dmean": 0.0210090056062,
        "dmean2": 0.0270183719695,
        "dvar": 0.000901551626157,
        "dvar2": 0.00156154984143,
        "max": 0.39955753088,
        "mean": 0.160657778382,
        "median": 0.14713716507,
        "min": 0.0524987131357,
        "var": 0.00418842025101
    },
    "erbbands_kurtosis": {
        "dmean": 2.42089605331,
        "dmean2": 3.36386966705,
        "dvar": 18.3348007202,
        "dvar2": 35.7534675598,
        "max": 109.98374939,
        "mean": 3.54545044899,
        "median": 0.752538204193,
        "min": -1.87397933006,
        "var": 62.9654579163
    },
    "erbbands_skewness": {
        "dmean": 0.503960907459,
        "dmean2": 0.707636773586,
        "dvar": 0.304623097181,
        "dvar2": 0.660253822803,
        "max": 9.02250289917,
        "mean": 1.03645122051,
        "median": 0.987889528275,
        "min": -3.35157299042,
        "var": 2.1330640316
    },
    "erbbands_spread": {
        "dmean": 14.0469551086,
        "dmean2": 19.7480068207,
        "dvar": 362.346557617,
        "dvar2": 696.808349609,
        "max": 162.319534302,
        "mean": 55.2743759155,
        "median": 47.3946380615,
        "min": 1.93735063076,
        "var": 1318.84423828
    },
    "hfc": {
        "dmean": 6.15407133102,
        "dmean2": 8.82861232758,
        "dvar": 94.4930419922,
        "dvar2": 196.075866699,
        "max": 100.458305359,
        "mean": 18.7161540985,
        "median": 13.8486566544,
        "min": 1.2782338626e-16,
        "var": 262.593475342
    },
    "melbands_crest": {
        "dmean": 2.20448827744,
        "dmean2": 3.58266496658,
        "dvar": 4.99894952774,
        "dvar2": 13.2665967941,
        "max": 30.7509384155,
        "mean": 14.7424926758,
        "median": 13.9938659668,
        "min": 2.25809383392,
        "var": 23.5290546417
    },
    "melbands_flatness_db": {
        "dmean": 0.033056948334,
        "dmean2": 0.0460121631622,
        "dvar": 0.00160219357349,
        "dvar2": 0.00355407921597,
        "max": 0.608917593956,
        "mean": 0.275792330503,
        "median": 0.270407736301,
        "min": 0.00710952607915,
        "var": 0.00818304345012
    },
    "melbands_kurtosis": {
        "dmean": 15.4850988388,
        "dmean2": 23.8585834503,
        "dvar": 555.806396484,
        "dvar2": 1392.99743652,
        "max": 455.101226807,
        "mean": 40.6254043579,
        "median": 34.3801765442,
        "min": -1.82972574234,
        "var": 1380.79748535
    },
    "melbands_skewness": {
        "dmean": 1.00249671936,
        "dmean2": 1.47818303108,
        "dvar": 1.59686625004,
        "dvar2": 3.66552495956,
        "max": 19.1510505676,
        "mean": 4.4528632164,
        "median": 4.4968495369,
        "min": -2.13511133194,
        "var": 5.53887987137
    },
    "melbands_spread": {
        "dmean": 6.07762432098,
        "dmean2": 9.25272655487,
        "dvar": 212.520996094,
        "dvar2": 475.115203857,
        "max": 224.248016357,
        "mean": 15.8076028824,
        "median": 7.70953464508,
        "min": 0.485058426857,
        "var": 705.156188965
    },
    "pitch_salience": {
        "dmean": 0.0591892413795,
        "dmean2": 0.0980873927474,
        "dvar": 0.00405910331756,
        "dvar2": 0.011123389937,
        "max": 0.923122525215,
        "mean": 0.563728511333,
        "median": 0.589043140411,
        "min": 0.100732535124,
        "var": 0.0165149737149
    },
    "silence_rate_20dB": {
        "dmean": 0,
        "dmean2": 0,
        "dvar": 0,
        "dvar2": 0,
        "max": 1,
        "mean": 1,
        "median": 1,
        "min": 1,
        "var": 0
    },
    "silence_rate_30dB": {
        "dmean": 0.0248435605317,
        "dmean2": 0.0496917627752,
        "dvar": 0.0242232009768,
        "dvar2": 0.0554393790662,
        "max": 1,
        "mean": 0.973571181297,
        "median": 1,
        "min": 0,
        "var": 0.0257326904684
    },
    "silence_rate_60dB": {
        "dmean": 0.029886988923,
        "dmean2": 0.0596861578524,
        "dvar": 0.0289979036897,
        "dvar2": 0.064158372581,
        "max": 1,
        "mean": 0.105715349317,
        "median": 0,
        "min": 0,
        "var": 0.0945338904858
    },
    "spectral_centroid": {
        "dmean": 227.795227051,
        "dmean2": 343.272949219,
        "dvar": 152102.96875,
        "dvar2": 339944.6875,
        "max": 11168.0205078,
        "mean": 992.558898926,
        "median": 635.50769043,
        "min": 153.609207153,
        "var": 875237.3125
    },
    "spectral_complexity": {
        "dmean": 1.68805456161,
        "dmean2": 2.7203438282,
        "dvar": 5.32047891617,
        "dvar2": 12.6139593124,
        "max": 31,
        "mean": 9.46806144714,
        "median": 9,
        "min": 0,
        "var": 21.5507488251
    },
    "spectral_decrease": {
        "dmean": 2.9031570481e-09,
        "dmean2": 4.91871121611e-09,
        "dvar": 3.18081683558e-17,
        "dvar2": 8.58426533012e-17,
        "max": 1.64791004022e-28,
        "mean": -8.93259599621e-09,
        "median": -7.61514673542e-09,
        "min": -6.96765454222e-08,
        "var": 6.17902064693e-17
    },
    "spectral_energy": {
        "dmean": 0.0113401664421,
        "dmean2": 0.0190595593303,
        "dvar": 0.000475515524158,
        "dvar2": 0.00127288710792,
        "max": 0.270003437996,
        "mean": 0.0354113504291,
        "median": 0.030125271529,
        "min": 1.09720023337e-20,
        "var": 0.000945074658375
    },
    "spectral_energyband_high": {
        "dmean": 0.000653518014587,
        "dmean2": 0.000925037427805,
        "dvar": 1.08603126137e-06,
        "dvar2": 2.2904484922e-06,
        "max": 0.00799354258925,
        "mean": 0.0013179180678,
        "median": 0.000445700861746,
        "min": 8.53400541604e-21,
        "var": 2.8529541396e-06
    },
    "spectral_energyband_low": {
        "dmean": 0.00675368029624,
        "dmean2": 0.0116631137207,
        "dvar": 0.000357323617209,
        "dvar2": 0.000987998093478,
        "max": 0.254895091057,
        "mean": 0.0115006836131,
        "median": 0.00407684780657,
        "min": 8.23832939307e-23,
        "var": 0.000431473046774
    },
    "spectral_energyband_middle_high": {
        "dmean": 0.000319498853059,
        "dmean2": 0.000446362508228,
        "dvar": 1.56940586749e-07,
        "dvar2": 3.4178867736e-07,
        "max": 0.00701056467369,
        "mean": 0.000961673038546,
        "median": 0.000808641430922,
        "min": 1.28739585475e-21,
        "var": 6.77050991271e-07
    },
    "spectral_energyband_middle_low": {
        "dmean": 0.00646168366075,
        "dmean2": 0.0109793553129,
        "dvar": 0.000116961244203,
        "dvar2": 0.000321963161696,
        "max": 0.156742215157,
        "mean": 0.0232474058867,
        "median": 0.0231554321945,
        "min": 1.95219711138e-22,
        "var": 0.000343369320035
    },
    "spectral_entropy": {
        "dmean": 0.299275428057,
        "dmean2": 0.381755560637,
        "dvar": 0.173318237066,
        "dvar2": 0.325716167688,
        "max": 9.80035495758,
        "mean": 7.12779426575,
        "median": 7.28758478165,
        "min": 4.46523857117,
        "var": 0.771992325783
    },
    "spectral_flux": {
        "dmean": 0.0264743231237,
        "dmean2": 0.0416260100901,
        "dvar": 0.00179095729254,
        "dvar2": 0.00374338496476,
        "max": 0.46723023057,
        "mean": 0.0659075826406,
        "median": 0.0490940138698,
        "min": 1.04747328866e-10,
        "var": 0.00327030313201
    },
    "spectral_kurtosis": {
        "dmean": 2.35442948341,
        "dmean2": 3.40508127213,
        "dvar": 29.9877643585,
        "dvar2": 63.9596939087,
        "max": 91.9752883911,
        "mean": 4.74878501892,
        "median": 1.7145254612,
        "min": -1.20957887173,
        "var": 61.5234565735
    },
    "spectral_rms": {
        "dmean": 0.000812886282802,
        "dmean2": 0.00131278089248,
        "dvar": 1.52617838012e-06,
        "dvar2": 3.82762527806e-06,
        "max": 0.0162301566452,
        "mean": 0.00530034210533,
        "median": 0.00542130135,
        "min": 3.27175678043e-12,
        "var": 6.45398677079e-06
    },
    "spectral_rolloff": {
        "dmean": 501.908782959,
        "dmean2": 856.09173584,
        "dvar": 1666634.5,
        "dvar2": 3953157.25,
        "max": 18820.0195312,
        "mean": 1188.15759277,
        "median": 387.59765625,
        "min": 86.1328125,
        "var": 4474277.5
    },
    "spectral_skewness": {
        "dmean": 0.353709250689,
        "dmean2": 0.468015879393,
        "dvar": 0.333854049444,
        "dvar2": 0.623000919819,
        "max": 8.1019821167,
        "mean": 1.63691496849,
        "median": 1.29529964924,
        "min": -0.00746294623241,
        "var": 1.06415498257
    },
    "spectral_spread": {
        "dmean": 779801.125,
        "dmean2": 997350.0625,
        "dvar": 1.22965380301e+12,
        "dvar2": 1.92704557875e+12,
        "max": 40662396,
        "mean": 6549814,
        "median": 6896895,
        "min": 810273.75,
        "var": 4.80753798349e+12
    },
    "spectral_strongpeak": {
        "dmean": 0.291659146547,
        "dmean2": 0.51283621788,
        "dvar": 0.154201686382,
        "dvar2": 0.394218325615,
        "max": 4.68374824524,
        "mean": 0.705207467079,
        "median": 0.527292728424,
        "min": 0,
        "var": 0.384812951088
    },
    "zerocrossingrate": {
        "dmean": 0.0137283783406,
        "dmean2": 0.014754476957,
        "dvar": 0.000280878768535,
        "dvar2": 0.000317866390105,
        "max": 0.51611328125,
        "mean": 0.0632681697607,
        "median": 0.04736328125,
        "min": 0.00390625,
        "var": 0.00316097820178
    },
    "barkbands": {
        "dmean": [5.80006635573e-05, 0.00429056631401, 0.00262843980454, 0.00233066431247, 0.00405876757577, 0.00157415564172, 0.000296368205454, 0.000222904563998, 8.85753615876e-05, 0.000108313950477, 8.72060409165e-05, 9.2243491963e-05, 2.84156867565e-05, 4.82507857669e-05, 3.07257032546e-05, 1.71907176991e-05, 4.60590672446e-05, 1.93506166397e-05, 5.61546439712e-05, 4.9446025514e-05, 0.000142554243212, 0.000190181628568, 0.000159057672136, 8.84601831785e-05, 7.21854812582e-05, 5.69032745261e-05, 1.80637598532e-05],
        "dmean2": [7.57009183872e-05, 0.00715198926628, 0.00466762576252, 0.00421912455931, 0.00670991512015, 0.00256097619422, 0.000438038667198, 0.000284745445242, 0.000114148686407, 0.000126759623527, 0.000113378780952, 0.000125222577481, 4.25037251262e-05, 7.1568050771e-05, 5.18519555044e-05, 2.55004779319e-05, 6.12110889051e-05, 3.06874462694e-05, 8.53297315189e-05, 7.7374286775e-05, 0.000204618190764, 0.000299285107758, 0.000228831398999, 0.000128669285914, 9.76535739028e-05, 8.23153386591e-05, 2.59974549408e-05],
        "dvar": [2.90422192961e-08, 0.000179438953637, 5.18944907526e-05, 2.7818565286e-05, 4.024196096e-05, 6.99402153259e-06, 3.85749302723e-07, 1.15277330792e-07, 2.65046526948e-08, 4.01518924775e-08, 3.67807757584e-08, 3.92077090794e-08, 7.90246712512e-09, 2.27125376284e-08, 1.28286430368e-08, 2.22865303989e-09, 1.08922399988e-08, 2.21977414228e-09, 8.48646841689e-09, 6.3566556463e-09, 4.03956477157e-08, 8.23885102363e-08, 6.91737440661e-08, 3.15488328795e-08, 1.73391114799e-08, 1.28981314518e-08, 1.11214859544e-09],
        "dvar2": [5.40600915144e-08, 0.000496407505125, 0.000149942672579, 8.08404729469e-05, 0.000108057705802, 2.08741676033e-05, 1.09519965008e-06, 2.34941609278e-07, 4.37661533681e-08, 5.19812033417e-08, 6.08534449498e-08, 7.67326682194e-08, 1.67882507895e-08, 5.31374659829e-08, 3.50577415986e-08, 4.44647474396e-09, 1.86500592747e-08, 5.22007903569e-09, 1.95376514966e-08, 1.61790598696e-08, 9.44056068874e-08, 2.05253940067e-07, 1.44786767464e-07, 7.31827114464e-08, 3.39100942881e-08, 2.99581515151e-08, 2.15408579862e-09],
        "max": [0.00307829910889, 0.220622360706, 0.111473336816, 0.0608305856586, 0.0986276343465, 0.0503642335534, 0.0150898192078, 0.00636512320489, 0.00443149497733, 0.00585754262283, 0.00520252110437, 0.00354953855276, 0.00190667517018, 0.00307470164262, 0.0019263952272, 0.00145023863297, 0.00259863818064, 0.00141033646651, 0.00100359204225, 0.00116443855222, 0.00194479350466, 0.00286022084765, 0.00201432988979, 0.00175694935024, 0.00110015552491, 0.00102828955278, 0.000234772407566],
        "mean": [9.80641052593e-05, 0.00641678227112, 0.00346122891642, 0.00342207425274, 0.0109035829082, 0.0065421522595, 0.00118045601994, 0.000742538075428, 0.000253557926044, 0.00025929720141, 0.000188988444279, 0.000170052415342, 4.36938098574e-05, 7.7702163253e-05, 3.80456185667e-05, 2.90012558253e-05, 0.000109552267531, 2.85916994471e-05, 9.04904300114e-05, 8.50685755722e-05, 0.000256333529251, 0.00034191281884, 0.000250872952165, 0.000162758558872, 0.000143291501445, 9.11752867978e-05, 2.40938334173e-05],
        "median": [4.46559806733e-06, 0.000918645353522, 0.00102016376331, 0.00154947908595, 0.00990588124841, 0.00413329713047, 0.000465043005534, 0.00045905506704, 8.74348188518e-05, 6.07929941907e-05, 3.35296354024e-05, 3.34576834575e-05, 8.95237462828e-06, 8.78436731e-06, 6.04796287007e-06, 6.65037805447e-06, 1.88525154954e-05, 8.39130370878e-06, 3.53420255124e-05, 3.49277506757e-05, 9.51674956013e-05, 0.000129994048621, 8.28510528663e-05, 4.64113618364e-05, 3.21677725879e-05, 1.31085853354e-05, 3.03535944113e-06],
        "min": [1.06418503628e-23, 6.27186197724e-23, 1.09666591074e-23, 1.55808832469e-23, 3.53767071084e-23, 1.22287529365e-23, 1.65906236278e-23, 1.62110032499e-23, 8.90136824608e-23, 3.97565164967e-23, 5.43504716423e-23, 1.1224691723e-22, 1.35090763945e-22, 1.66698741721e-22, 5.54188228108e-23, 1.02070270764e-22, 2.54419102505e-22, 1.17794616256e-22, 1.67482452942e-22, 2.75777315876e-22, 3.59681117114e-22, 3.92104411034e-22, 5.84946192481e-22, 1.01980030126e-21, 1.62500762247e-21, 1.66520918589e-21, 3.01288279855e-21],
        "var": [6.6257385356e-08, 0.000204736366868, 5.27146366949e-05, 2.67637042271e-05, 9.35035786824e-05, 5.67741299164e-05, 3.33674756803e-06, 7.21499247902e-07, 1.58862931698e-07, 2.01835788971e-07, 1.40182265795e-07, 1.04166943515e-07, 1.77773937793e-08, 4.86807287814e-08, 1.99867464801e-08, 5.47860290467e-09, 6.23825897605e-08, 4.14907797008e-09, 1.72358323169e-08, 1.20504566326e-08, 1.02461726215e-07, 2.09335084378e-07, 1.18674591931e-07, 5.58524249072e-08, 4.41300400666e-08, 2.24253362546e-08, 1.75688863457e-09]
    },
    "erbbands": {
        "dmean": [0.0848241820931, 1.09843611717, 2.76659345627, 5.40104007721, 12.4233798981, 13.7205562592, 18.4818305969, 8.96080970764, 6.03691864014, 4.33543634415, 3.88376426697, 2.09251046181, 3.76112985611, 2.18810248375, 3.51372361183, 4.49535179138, 1.57355856895, 2.71112966537, 1.81441485882, 1.13459336758, 1.48346829414, 1.98964810371, 1.02768456936, 1.86487138271, 3.26814603806, 2.29993629456, 4.26225185394, 5.93681240082, 6.9242939949, 6.35054969788, 4.07022476196, 2.37896871567, 1.32559394836, 0.802028357983, 0.578994095325, 0.313909888268, 0.0855616778135, 0.0244562029839, 0.0025218448136, 0.000127254548715],
        "dmean2": [0.140318155289, 1.84242427349, 4.91848182678, 9.73290920258, 21.072889328, 23.2153778076, 29.6764583588, 13.3138437271, 8.32018089294, 5.8319106102, 5.22126054764, 2.63805770874, 4.31655073166, 2.88637948036, 4.58917188644, 6.06868171692, 2.27098417282, 4.00940990448, 2.93823432922, 1.84612011909, 1.99474024773, 2.752399683, 1.61900818348, 2.8712053299, 5.10244274139, 3.61721849442, 6.20768594742, 9.1345911026, 11.0595579147, 9.6380443573, 5.94096565247, 3.50049185753, 2.01295566559, 1.19798064232, 0.79533135891, 0.453119128942, 0.12043517828, 0.0358528010547, 0.00352501892485, 0.000179012844455],
        "dvar": [0.0690312832594, 11.9457530975, 61.0698242188, 141.40788269, 845.746154785, 443.813720703, 751.364135742, 289.324645996, 194.782577515, 48.2835044861, 37.2525787354, 16.1564769745, 53.1063270569, 30.1313533783, 60.0905075073, 96.0563964844, 15.4390964508, 64.4976806641, 37.7399749756, 6.82034254074, 11.9363698959, 15.1169252396, 8.23914432526, 11.9555358887, 35.2202720642, 15.7955751419, 42.8401298523, 77.1522445679, 119.899589539, 97.1362609863, 49.5453453064, 27.4800739288, 6.18343877792, 2.11618685722, 1.00032830238, 0.380245923996, 0.0279989596456, 0.00203567883, 2.27966684179e-05, 5.66023601323e-08],
        "dvar2": [0.189251422882, 33.3594169617, 173.348327637, 409.993835449, 2345.34716797, 1285.52111816, 2096.09057617, 747.821899414, 510.491394043, 108.980743408, 73.6848449707, 25.8798694611, 65.8689422607, 48.0412826538, 102.601196289, 186.625640869, 32.6412849426, 151.036331177, 99.9424972534, 18.7128887177, 21.2566680908, 27.4054641724, 19.1941070557, 26.7939090729, 88.3382644653, 41.2540588379, 89.3001480103, 194.88885498, 308.177062988, 215.540206909, 114.695716858, 68.529586792, 13.9735870361, 4.54122161865, 1.77511060238, 0.870905041695, 0.0590096227825, 0.0042633372359, 4.4761418394e-05, 1.05067634593e-07],
        "max": [3.26489019394, 57.7111167908, 100.630569458, 145.110473633, 475.509460449, 230.803222656, 378.17489624, 370.865997314, 472.467376709, 127.08441925, 143.553070068, 128.810348511, 229.556030273, 203.291091919, 211.395492554, 180.708374023, 80.4939880371, 165.328979492, 96.9718704224, 56.7211685181, 84.2932128906, 96.0068435669, 96.0513000488, 83.3260726929, 66.302696228, 63.1463546753, 69.657989502, 78.8267974854, 105.806640625, 86.3611221313, 66.0830307007, 53.7707901001, 24.1727905273, 10.7179775238, 9.3748292923, 5.85270357132, 1.53358352184, 0.315502405167, 0.0398877039552, 0.00269330083393],
        "mean": [0.114618711174, 1.66044020653, 4.08966970444, 8.38679885864, 23.3889541626, 35.9485244751, 56.3280448914, 43.5628433228, 29.5448608398, 14.7835264206, 11.8994407654, 6.32810878754, 9.58269023895, 4.44666385651, 7.92631244659, 8.32314872742, 2.80009198189, 4.47980642319, 2.5458509922, 1.69340515137, 3.55490636826, 4.3784866333, 1.59289693832, 2.99188065529, 5.27858161926, 3.85802459717, 8.56429481506, 10.0436611176, 12.0923290253, 10.9325752258, 6.56908988953, 3.92637038231, 2.46788358688, 1.56577074528, 1.07157123089, 0.523420512676, 0.133704513311, 0.0329928174615, 0.00356261595152, 0.0002112059301],
        "median": [0.00924392603338, 0.278525710106, 1.38415431976, 4.34295654297, 16.6468963623, 33.4598464966, 41.7324142456, 21.6680831909, 10.9682483673, 8.89064407349, 7.64531803131, 2.97242259979, 2.74330759048, 1.70689296722, 1.95373308659, 1.8253698349, 0.94063949585, 0.691370129585, 0.547206759453, 0.548269271851, 0.756222128868, 1.09592843056, 0.578041672707, 1.19811236858, 2.11286306381, 1.39310717583, 2.92527341843, 3.90742540359, 4.32635879517, 3.97961378098, 2.17182946205, 1.02898573875, 0.729808986187, 0.364910393953, 0.242250859737, 0.0807903856039, 0.0207253545523, 0.00427486747503, 0.000479619251564, 7.10812601028e-05],
        "min": [1.43110556148e-21, 1.53103408877e-20, 1.24528179967e-20, 3.89444322585e-20, 7.58825767153e-20, 1.50048391768e-19, 1.14143673777e-19, 8.70916365725e-20, 1.80573786214e-19, 3.2950271827e-19, 4.70119881037e-19, 2.14956944242e-18, 1.45477774274e-18, 2.15132265173e-18, 1.6285741797e-18, 6.01429002676e-18, 6.69122155285e-18, 6.89478573851e-18, 4.56264347283e-18, 4.52913025031e-18, 8.05649101208e-18, 1.35280963767e-17, 7.31039229753e-18, 8.27758232775e-18, 8.37408866263e-18, 1.51239287832e-17, 1.35935594504e-17, 1.39456728663e-17, 1.14604293954e-17, 1.67610879603e-17, 1.80932524106e-17, 1.69550436159e-17, 1.92400754642e-17, 1.33906594907e-17, 1.39631627732e-17, 5.21537376215e-18, 3.8974682512e-18, 1.4327041179e-18, 4.1959708509e-19, 4.4234775726e-20],
        "var": [0.0766083747149, 13.4296140671, 66.2349777222, 157.826690674, 917.346923828, 1035.90478516, 3069.11987305, 3410.67773438, 2832.74487305, 280.850921631, 180.680709839, 94.5559616089, 279.10369873, 91.84790802, 248.919448853, 246.511047363, 37.2228050232, 138.000579834, 59.6805648804, 12.3675537109, 61.6932907104, 70.5376052856, 15.1974153519, 24.3286132812, 62.532913208, 26.0783061981, 137.450805664, 149.66645813, 280.678924561, 190.859069824, 81.174446106, 34.9581260681, 12.6589899063, 5.15564680099, 2.67043185234, 0.716682553291, 0.0518005639315, 0.00313238450326, 3.79563789465e-05, 9.77670708835e-08]
    },
    "gfcc": {
        "mean": [-25.8055400848, 72.7553024292, -51.2373695374, 38.9860877991, -82.0366363525, 2.15593290329, -36.7294464111, -8.02743721008, -29.1236839294, -0.234688639641, -18.597454071, 4.13655376434, -10.4094047546],
        "cov": [[7191.60644531, -954.256530762, 347.05178833, 602.596069336, -45.4063034058, -14.4024791718, -256.588623047, 121.656356812, -44.5624580383, 190.113601685, -7.57764434814, 253.600921631, -31.0049915314], [-954.256530762, 2771.34765625, 43.7311019897, -626.00982666, -180.564315796, -193.28604126, 28.5583972931, -281.7527771, -35.5600814819, -174.937606812, 221.218994141, -49.4750289917, 111.739631653], [347.05178833, 43.7311019897, 905.572143555, 265.156951904, -167.379516602, -94.8264083862, 81.1799850464, 94.0286254883, 0.835061013699, 45.5220870972, 9.27798652649, 51.3126068115, 33.2151031494], [602.596069336, -626.00982666, 265.156951904, 646.471374512, 191.642929077, 44.850063324, 2.39889621735, 154.444702148, 69.7998657227, 50.3549156189, -60.8467597961, 21.1284198761, 1.71634197235], [-45.4063034058, -180.564315796, -167.379516602, 191.642929077, 532.836853027, 242.310028076, 6.37407064438, 65.1103057861, 77.9418792725, 44.5397071838, -27.114408493, 5.85306692123, -10.9766292572], [-14.4024791718, -193.28604126, -94.8264083862, 44.850063324, 242.310028076, 325.551971436, 132.194717407, 37.6825828552, 9.58276462555, 70.1581192017, 16.85587883, 10.6063194275, -21.0842704773], [-256.588623047, 28.5583972931, 81.1799850464, 2.39889621735, 6.37407064438, 132.194717407, 185.746505737, 76.1382675171, -2.04342961311, 10.8164634705, 31.2534255981, 18.2496395111, 4.13369274139], [121.656356812, -281.7527771, 94.0286254883, 154.444702148, 65.1103057861, 37.6825828552, 76.1382675171, 196.403289795, 75.3842086792, 26.6175518036, -26.2067947388, 44.517414093, 8.71861457825], [-44.5624580383, -35.5600814819, 0.835061013699, 69.7998657227, 77.9418792725, 9.58276462555, -2.04342961311, 75.3842086792, 108.673179626, 42.4824104309, -12.43491745, -2.25255489349, 16.5643291473], [190.113601685, -174.937606812, 45.5220870972, 50.3549156189, 44.5397071838, 70.1581192017, 10.8164634705, 26.6175518036, 42.4824104309, 114.461112976, 21.9114513397, 8.30874919891, -6.20880317688], [-7.57764434814, 221.218994141, 9.27798652649, -60.8467597961, -27.114408493, 16.85587883, 31.2534255981, -26.2067947388, -12.43491745, 21.9114513397, 95.0717849731, 31.9140625, 5.74641561508], [253.600921631, -49.4750289917, 51.3126068115, 21.1284198761, 5.85306692123, 10.6063194275, 18.2496395111, 44.517414093, -2.25255489349, 8.30874919891, 31.9140625, 86.9645614624, 26.7200546265], [-31.0049915314, 111.739631653, 33.2151031494, 1.71634197235, -10.9766292572, -21.0842704773, 4.13369274139, 8.71861457825, 16.5643291473, -6.20880317688, 5.74641561508, 26.7200546265, 68.1680908203]],
        "icov": [[0.000224405230256, -0.000108461244963, 3.18522870657e-05, -0.000276192789897, 0.00030560453888, -0.000387392996345, 0.000747299578506, -0.00028760562418, 0.000406630337238, -0.000450988183729, 0.000334975862643, -0.000826999603305, 0.00034818489803], [-0.000108461244963, 0.0011608263012, -0.000566244474612, 0.000996850896627, -0.000763011223171, 0.000673868926242, -0.000836770283058, 0.00120342697483, -0.00167215790134, 0.00240584649146, -0.00307581201196, 0.00194327195641, -0.00159591634292], [3.18522870657e-05, -0.000566244474612, 0.0021118693985, -0.00137027609162, 0.000594790908508, 0.00123951036949, -0.00167668878566, -3.94854796468e-05, 0.00134872167837, -0.00272695650347, 0.00209655356593, -0.00176680833101, 0.000473730819067], [-0.000276192789897, 0.000996850896627, -0.00137027609162, 0.00372418691404, -0.001871862798, 0.000723872857634, -3.68680593965e-05, -0.000979289063253, -0.000844805326778, 0.00182325486094, -0.00216178246774, 0.00295499362983, -0.00174046854954], [0.00030560453888, -0.000763011223171, 0.000594790908508, -0.001871862798, 0.0058247516863, -0.00635903887451, 0.00520804151893, -0.00171354541089, -0.00176306918729, 0.00107601215132, 0.00128430488985, -0.00205614534207, 0.00124555779621], [-0.000387392996345, 0.000673868926242, 0.00123951036949, 0.000723872857634, -0.00635903887451, 0.0146568687633, -0.0135447671637, 0.00546889100224, 0.00140236795414, -0.00645312434062, 0.0023131351918, -0.00124235032126, 0.0010917634936], [0.000747299578506, -0.000836770283058, -0.00167668878566, -3.68680593965e-05, 0.00520804151893, -0.0135447671637, 0.0226515755057, -0.0130924759433, 0.00509045831859, 0.0042662168853, -0.00672036595643, 0.0045818076469, -0.00259822653607], [-0.00028760562418, 0.00120342697483, -3.94854796468e-05, -0.000979289063253, -0.00171354541089, 0.00546889100224, -0.0130924759433, 0.0204230584204, -0.0135248936713, 0.00141628808342, 0.00623500579968, -0.0106636984274, 0.00460762018338], [0.000406630337238, -0.00167215790134, 0.00134872167837, -0.000844805326778, -0.00176306918729, 0.00140236795414, 0.00509045831859, -0.0135248936713, 0.0256425775588, -0.0114566711709, 0.00138680497184, 0.00615045893937, -0.00594114977866], [-0.000450988183729, 0.00240584649146, -0.00272695650347, 0.00182325486094, 0.00107601215132, -0.00645312434062, 0.0042662168853, 0.00141628808342, -0.0114566711709, 0.0223577693105, -0.0121403960511, 0.00539686344564, -0.00140021345578], [0.000334975862643, -0.00307581201196, 0.00209655356593, -0.00216178246774, 0.00128430488985, 0.0023131351918, -0.00672036595643, 0.00623500579968, 0.00138680497184, -0.0121403960511, 0.0282594691962, -0.0171111635864, 0.00764152687043], [-0.000826999603305, 0.00194327195641, -0.00176680833101, 0.00295499362983, -0.00205614534207, -0.00124235032126, 0.0045818076469, -0.0106636984274, 0.00615045893937, 0.00539686344564, -0.0171111635864, 0.0303043853492, -0.0138433752581], [0.00034818489803, -0.00159591634292, 0.000473730819067, -0.00174046854954, 0.00124555779621, 0.0010917634936, -0.00259822653607, 0.00460762018338, -0.00594114977866, -0.00140021345578, 0.00764152687043, -0.0138433752581, 0.023461651057]]
    },
    "melbands": {
        "dmean": [0.00100880255923, 0.00142357149161, 0.00112431601156, 0.000899857957847, 0.000634598312899, 0.000224067887757, 8.38362248032e-05, 4.84128722746e-05, 3.08937742375e-05, 1.29630780066e-05, 1.84581294889e-05, 8.30984936329e-06, 1.01454024843e-05, 1.18253065011e-05, 6.56208476357e-06, 3.30681041305e-06, 5.71732607568e-06, 2.78271659226e-06, 1.99767509912e-06, 1.61444870628e-06, 2.17591400542e-06, 2.77304093288e-06, 8.57783675201e-07, 8.39856284074e-07, 1.66743291174e-06, 2.38678194364e-06, 1.82204155408e-06, 1.6073503275e-06, 2.5079509669e-06, 4.41979091192e-06, 3.5749997096e-06, 3.46299975718e-06, 4.61294439447e-06, 3.72503586732e-06, 2.74291915048e-06, 1.66413849456e-06, 1.53024348037e-06, 9.72447196546e-07, 7.67721530792e-07, 7.11382824647e-07],
        "dmean2": [0.00167770218104, 0.00248937262222, 0.00199588225223, 0.00152833480388, 0.00101728294976, 0.000342440354871, 0.000114779693831, 6.36577969999e-05, 4.21086297138e-05, 1.6040616174e-05, 2.12152463064e-05, 1.11722984002e-05, 1.32831828523e-05, 1.6017096641e-05, 8.81087362359e-06, 4.8958095249e-06, 8.46827333589e-06, 4.47601541964e-06, 3.41017471328e-06, 2.41537077272e-06, 2.87507282337e-06, 3.76682305614e-06, 1.35681602842e-06, 1.33243759137e-06, 2.66421284323e-06, 3.79053608413e-06, 2.92007052849e-06, 2.61173931904e-06, 3.77008746e-06, 6.93668744134e-06, 6.03117268838e-06, 5.64540505366e-06, 7.02186252965e-06, 5.62708464713e-06, 4.14573696617e-06, 2.33254309023e-06, 2.27507985073e-06, 1.49609138589e-06, 1.18445916542e-06, 1.08618007744e-06],
        "dvar": [9.73596979748e-06, 1.7793956431e-05, 6.12444455328e-06, 2.61983154815e-06, 7.67058679685e-07, 1.62441281759e-07, 3.55235414418e-08, 6.10010797431e-09, 2.46194420406e-09, 6.87696843915e-10, 1.30672050958e-09, 4.77367645413e-10, 4.85843587583e-10, 4.93918350664e-10, 2.0362724007e-10, 1.45992815059e-10, 3.40112688013e-10, 8.36853225605e-11, 5.54336299086e-11, 2.00109321474e-11, 3.46144710117e-11, 3.17523091153e-11, 6.07513518658e-12, 3.57362707135e-12, 1.00559560678e-11, 1.87721505007e-11, 8.14597868326e-12, 8.62156006309e-12, 1.83698802697e-11, 4.16091328059e-11, 3.09312159219e-11, 2.93346354152e-11, 5.33208373288e-11, 3.39925934623e-11, 2.2240183653e-11, 6.96299745293e-12, 1.23540240538e-11, 3.40029827212e-12, 1.96180311579e-12, 1.4117751022e-12],
        "dvar2": [2.69212087005e-05, 4.98770859849e-05, 1.74032793439e-05, 7.15252417649e-06, 2.05850642487e-06, 4.38201681163e-07, 9.10161901402e-08, 1.32719817358e-08, 4.81928097429e-09, 1.07250519576e-09, 1.62505853218e-09, 7.616847153e-10, 8.2642875876e-10, 9.53866652331e-10, 3.93660715137e-10, 3.0596269962e-10, 7.92866383659e-10, 2.19271406587e-10, 1.62553526195e-10, 3.86690297838e-11, 5.93802229609e-11, 5.57735073403e-11, 1.45705895266e-11, 8.66956072904e-12, 2.28559844662e-11, 4.5099073781e-11, 2.18994336554e-11, 2.28381341616e-11, 3.94588250963e-11, 1.04628791742e-10, 7.97600041569e-11, 7.2538440532e-11, 1.38615119383e-10, 7.51289655487e-11, 5.2754117047e-11, 1.49340227684e-11, 3.11096114147e-11, 7.53022470767e-12, 4.8285321054e-12, 2.85993559564e-12],
        "max": [0.0467613600194, 0.0565002411604, 0.0289970915765, 0.0247948300093, 0.0106816357002, 0.00937426276505, 0.00643724901602, 0.00152255885769, 0.00106008991133, 0.000872311065905, 0.00113415753003, 0.000749602913857, 0.00057347281836, 0.000404741324019, 0.000266815477517, 0.000264988280833, 0.000380285462597, 0.000145712809172, 0.000163730044733, 0.000139144991408, 0.000153775545186, 0.000129025807837, 7.77137101977e-05, 4.89261256007e-05, 7.69437756389e-05, 4.68622674816e-05, 3.3450909541e-05, 4.73842919746e-05, 3.780300176e-05, 5.34981481906e-05, 5.3660805861e-05, 5.2200834034e-05, 7.57659145165e-05, 5.40380169696e-05, 4.21555050707e-05, 2.4664645025e-05, 3.69399458577e-05, 1.97612152988e-05, 1.07829955596e-05, 1.05010794869e-05],
        "mean": [0.00144541123882, 0.00228379038163, 0.00190120714251, 0.00207681185566, 0.00198726123199, 0.00106779136695, 0.000402330362704, 0.000159521019668, 8.85353947524e-05, 3.74834635295e-05, 4.60974697489e-05, 1.54389781528e-05, 2.23474944505e-05, 2.28441549552e-05, 1.27981757032e-05, 5.01780641571e-06, 9.21604350879e-06, 3.88286980524e-06, 2.48348624154e-06, 2.59711760009e-06, 5.19546711075e-06, 6.25171333013e-06, 1.2052674947e-06, 1.27683051687e-06, 2.42050214183e-06, 3.62140690413e-06, 3.21512766277e-06, 2.28525937018e-06, 4.9844284149e-06, 6.5714707489e-06, 5.36591915079e-06, 5.75981221118e-06, 8.32264049677e-06, 5.43146188647e-06, 4.10391157857e-06, 2.68660960501e-06, 2.3288198463e-06, 1.87590319456e-06, 1.29086618017e-06, 1.31171884732e-06],
        "median": [0.000167649559444, 0.000669802480843, 0.0012499995064, 0.00174106028862, 0.00178300007246, 0.00057164602913, 0.000148796767462, 9.06031200429e-05, 5.30098986928e-05, 1.50277719513e-05, 1.19767628348e-05, 4.50573134003e-06, 4.05772789236e-06, 6.86935163685e-06, 2.09354152503e-06, 7.62490458328e-07, 9.61768364505e-07, 7.94954871708e-07, 4.78121307879e-07, 5.10302584189e-07, 7.98001337898e-07, 1.21745711112e-06, 3.27454188209e-07, 4.18145106096e-07, 8.56678184391e-07, 1.35361710818e-06, 1.397206006e-06, 6.9919769885e-07, 1.48874505612e-06, 2.48806463787e-06, 2.0865161332e-06, 2.03165291168e-06, 3.16051318805e-06, 1.85000942565e-06, 1.21893231153e-06, 1.02195940599e-06, 5.63348294236e-07, 5.76046659262e-07, 3.32429408445e-07, 2.84480023538e-07],
        "min": [1.67439403225e-23, 1.22502659622e-23, 8.14448555315e-24, 7.4802536269e-24, 5.05789883967e-24, 2.01210096815e-24, 3.17286403625e-24, 3.74386206984e-24, 4.15710172744e-24, 1.44403118625e-23, 6.90670126171e-24, 8.55374580192e-24, 6.16960935339e-24, 9.92350731166e-24, 2.02771394542e-23, 9.45362625777e-24, 1.45774427091e-23, 8.86051960846e-24, 4.39211088528e-24, 7.04278844533e-24, 9.95278825074e-24, 1.36466357503e-23, 9.60426161421e-24, 6.25322782048e-24, 6.64059402369e-24, 6.37449980187e-24, 5.66463937201e-24, 1.13961283948e-23, 7.96598684068e-24, 9.23845261296e-24, 7.54333567805e-24, 5.69744849148e-24, 8.52336282415e-24, 9.55237665475e-24, 1.17932393968e-23, 7.45553388157e-24, 1.17496216996e-23, 1.46035492719e-23, 1.01970850625e-23, 1.19774005529e-23],
        "var": [1.07060550363e-05, 2.0537936507e-05, 6.49255480312e-06, 4.28456723967e-06, 3.22461369251e-06, 1.87657849438e-06, 5.19418563272e-07, 3.57099558812e-08, 1.09847251295e-08, 3.97000565755e-09, 6.83301104587e-09, 1.44532719126e-09, 1.97499105958e-09, 1.36147126906e-09, 6.61697252546e-10, 3.32286503868e-10, 7.23400450653e-10, 1.33907912536e-10, 8.42959799185e-11, 5.00601435305e-11, 1.85578344358e-10, 1.63460828206e-10, 1.00840447104e-11, 6.45763130469e-12, 1.92670601695e-11, 3.25096165266e-11, 1.65206407582e-11, 1.10813519819e-11, 6.1047840394e-11, 7.05880146001e-11, 4.80805187331e-11, 6.26858079333e-11, 1.37324498994e-10, 5.30229402051e-11, 3.48494878788e-11, 1.26720335614e-11, 1.47928370942e-11, 7.52846483071e-12, 3.30906482771e-12, 3.90050188329e-12]
    },
    "mfcc": {
        "mean": [-692.105712891, 105.982185364, 70.378326416, 36.8733406067, -13.0309848785, 7.6333117485, -8.4328622818, -3.24188899994, -7.02569103241, -8.74108028412, -7.62411880493, -3.83531403542, 0.167371049523],
        "cov": [[6952.35888672, -1095.72216797, 94.3048706055, 370.387817383, 227.317337036, 47.4280281067, -88.4727859497, -50.6155891418, -41.2746429443, -90.1914978027, 21.4869995117, 93.7217712402, 159.589111328], [-1095.72216797, 2529.77294922, 226.904205322, -301.937652588, -287.938751221, -167.262390137, -57.9988365173, -77.7913131714, -205.483917236, -194.13079834, -103.410125732, 36.297794342, -19.4188213348], [94.3048706055, 226.904205322, 865.245178223, 269.206817627, -183.565826416, -136.316101074, -20.1019191742, -24.8149261475, -25.1808128357, 15.9916572571, -2.55009126663, -48.1694221497, 27.3887767792], [370.387817383, -301.937652588, 269.206817627, 403.387634277, 145.908630371, -4.2220249176, -15.3958902359, 18.7912101746, 72.654258728, 33.1203117371, -2.45512294769, 20.4191322327, 38.2440986633], [227.317337036, -287.938751221, -183.565826416, 145.908630371, 376.268890381, 182.158370972, 64.5002365112, 54.3307991028, 112.630203247, 43.6166000366, 18.6441268921, 72.6677017212, 55.6831207275], [47.4280281067, -167.262390137, -136.316101074, -4.2220249176, 182.158370972, 253.43963623, 142.617462158, 39.0641441345, 48.3733444214, 46.7080993652, 28.1101932526, 33.813999176, 40.8052787781], [-88.4727859497, -57.9988365173, -20.1019191742, -15.3958902359, 64.5002365112, 142.617462158, 181.380691528, 91.4983062744, 41.2810325623, 24.3398952484, 31.4176158905, 34.8443641663, 42.1153831482], [-50.6155891418, -77.7913131714, -24.8149261475, 18.7912101746, 54.3307991028, 39.0641441345, 91.4983062744, 143.182128906, 77.124961853, 14.8561105728, 33.3034248352, 35.9286079407, 23.3153686523], [-41.2746429443, -205.483917236, -25.1808128357, 72.654258728, 112.630203247, 48.3733444214, 41.2810325623, 77.124961853, 157.303695679, 67.9458312988, 5.246925354, 34.4188041687, 51.6271781921], [-90.1914978027, -194.13079834, 15.9916572571, 33.1203117371, 43.6166000366, 46.7080993652, 24.3398952484, 14.8561105728, 67.9458312988, 129.716186523, 60.8609199524, -39.8899917603, -16.6172142029], [21.4869995117, -103.410125732, -2.55009126663, -2.45512294769, 18.6441268921, 28.1101932526, 31.4176158905, 33.3034248352, 5.246925354, 60.8609199524, 132.828338623, 10.6836881638, -45.7410850525], [93.7217712402, 36.297794342, -48.1694221497, 20.4191322327, 72.6677017212, 33.813999176, 34.8443641663, 35.9286079407, 34.4188041687, -39.8899917603, 10.6836881638, 137.111587524, 83.8343353271], [159.589111328, -19.4188213348, 27.3887767792, 38.2440986633, 55.6831207275, 40.8052787781, 42.1153831482, 23.3153686523, 51.6271781921, -16.6172142029, -45.7410850525, 83.8343353271, 153.758224487]],
