{
"lowlevel": {
    "average_loudness": 0.969832956791,
    "barkbands_crest": {
        "dmean": 2.38472104073,
        "dmean2": 3.77236366272,
        "dvar": 5.04364061356,
        "dvar2": 12.3274412155,
        "max": 26.3232345581,
        "mean": 12.9739942551,
        "median": 12.1460914612,
        "min": 3.70839309692,
        "var": 17.1620082855
    },
    "barkbands_flatness_db": {
        "dmean": 0.0305357091129,
        "dmean2": 0.0462554879487,
        "dvar": 0.00123879790772,
        "dvar2": 0.00287076109089,
        "max": 0.739996850491,
        "mean": 0.278694957495,
        "median": 0.237693607807,
        "min": 0.0338469818234,
        "var": 0.0176047254354
    },
    "barkbands_kurtosis": {
        "dmean": 7.65731859207,
        "dmean2": 11.2737016678,
        "dvar": 142.129486084,
        "dvar2": 323.195220947,
        "max": 260.047363281,
        "mean": 17.2293109894,
        "median": 10.8402462006,
        "min": -1.75418627262,
        "var": 453.3019104
    },
    "barkbands_skewness": {
        "dmean": 0.765189766884,
        "dmean2": 1.10537576675,
        "dvar": 0.672589957714,
        "dvar2": 1.47817444801,
        "max": 13.2402973175,
        "mean": 2.76528668404,
        "median": 2.68298768997,
        "min": -2.35603904724,
        "var": 3.91454195976
    },
    "barkbands_spread": {
        "dmean": 3.54797840118,
        "dmean2": 5.48620128632,
        "dvar": 37.5293540955,
        "dvar2": 88.675743103,
        "max": 97.6275787354,
        "mean": 9.13534641266,
        "median": 5.73136043549,
        "min": 0.120265439153,
        "var": 91.0723190308
    },
    "dissonance": {
        "dmean": 0.0321945883334,
        "dmean2": 0.0521297641098,
        "dvar": 0.00143904611468,
        "dvar2": 0.00360466493294,
        "max": 0.499999821186,
        "mean": 0.386804908514,
        "median": 0.414636731148,
        "min": 0.0653527900577,
        "var": 0.00779405841604
    },
    "dynamic_complexity": 1.9643433094,
    "erbbands_crest": {
        "dmean": 2.15014767647,
        "dmean2": 3.403632164,
        "dvar": 4.52730369568,
        "dvar2": 11.1605091095,
        "max": 28.608745575,
        "mean": 11.7442035675,
        "median": 11.3120937347,
        "min": 2.53775787354,
        "var": 21.9014625549
    },
    "erbbands_flatness_db": {
        "dmean": 0.0214761756361,
        "dmean2": 0.0296731200069,
        "dvar": 0.000852253986523,
        "dvar2": 0.00162190978881,
        "max": 0.600781738758,
        "mean": 0.226869180799,
        "median": 0.1858715415,
        "min": 0.0451224595308,
        "var": 0.0151496902108
    },
    "erbbands_kurtosis": {
        "dmean": 3.01354026794,
        "dmean2": 4.38862943649,
        "dvar": 30.0959663391,
        "dvar2": 65.9182357788,
        "max": 122.473342896,
        "mean": 5.96377372742,
        "median": 1.79850649834,
        "min": -1.87683105469,
        "var": 104.473999023
    },
    "erbbands_skewness": {
        "dmean": 0.495474904776,
        "dmean2": 0.726783931255,
        "dvar": 0.340004563332,
        "dvar2": 0.763538777828,
        "max": 7.70428419113,
        "mean": 1.41781067848,
        "median": 1.16694355011,
        "min": -1.66916966438,
        "var": 1.76686835289
    },
    "erbbands_spread": {
        "dmean": 9.49262428284,
        "dmean2": 13.6087255478,
        "dvar": 245.657608032,
        "dvar2": 440.398101807,
        "max": 156.357940674,
        "mean": 41.5046577454,
        "median": 27.8759326935,
        "min": 0.85902017355,
        "var": 1594.23205566
    },
    "hfc": {
        "dmean": 5.3640203476,
        "dmean2": 7.72052955627,
        "dvar": 66.3745498657,
        "dvar2": 133.702789307,
        "max": 100.782661438,
        "mean": 17.8049812317,
        "median": 13.577331543,
        "min": 1.23903000143e-16,
        "var": 195.925247192
    },
    "melbands_crest": {
        "dmean": 2.88138008118,
        "dmean2": 4.35959768295,
        "dvar": 7.62052440643,
        "dvar2": 17.0142154694,
        "max": 32.0603065491,
        "mean": 17.758398056,
        "median": 17.2848777771,
        "min": 1.62155735493,
        "var": 27.5866603851
    },
    "melbands_flatness_db": {
        "dmean": 0.034489300102,
        "dmean2": 0.0520164258778,
        "dvar": 0.00160041404888,
        "dvar2": 0.00368935358711,
        "max": 0.884291648865,
        "mean": 0.37857696414,
        "median": 0.332985460758,
        "min": 0.0029873137828,
        "var": 0.0243778433651
    },
    "melbands_kurtosis": {
        "dmean": 17.370388031,
        "dmean2": 25.5532646179,
        "dvar": 773.529663086,
        "dvar2": 1598.51879883,
        "max": 633.410095215,
        "mean": 44.0777549744,
        "median": 27.1249217987,
        "min": -1.66996574402,
        "var": 3020.70874023
    },
    "melbands_skewness": {
        "dmean": 0.998817443848,
        "dmean2": 1.43044006824,
        "dvar": 1.32393658161,
        "dvar2": 2.69002938271,
        "max": 19.4054489136,
        "mean": 4.1102514267,
        "median": 3.59745502472,
        "min": -1.94516170025,
        "var": 9.87923526764
    },
    "melbands_spread": {
        "dmean": 2.14929914474,
        "dmean2": 3.40734529495,
        "dvar": 16.9107666016,
        "dvar2": 37.0909690857,
        "max": 173.124420166,
        "mean": 6.78663539886,
        "median": 4.65323829651,
        "min": 0.220957219601,
        "var": 126.164962769
    },
    "pitch_salience": {
        "dmean": 0.0757810920477,
        "dmean2": 0.122356653214,
        "dvar": 0.00611502537504,
        "dvar2": 0.0157574862242,
        "max": 0.853437840939,
        "mean": 0.486840814352,
        "median": 0.48946428299,
        "min": 0.041453089565,
        "var": 0.0162473656237
    },
    "silence_rate_20dB": {
        "dmean": 0,
        "dmean2": 0,
        "dvar": 0,
        "dvar2": 0,
        "max": 1,
        "mean": 1,
        "median": 1,
        "min": 1,
        "var": 0
    },
    "silence_rate_30dB": {
        "dmean": 0.0895905122161,
        "dmean2": 0.179195389152,
        "dvar": 0.0815784856677,
        "dvar2": 0.158297091722,
        "max": 1,
        "mean": 0.872756421566,
        "median": 1,
        "min": 0,
        "var": 0.111061029136
    },
    "silence_rate_60dB": {
        "dmean": 0.00176296173595,
        "dmean2": 0.0035262061283,
        "dvar": 0.00175985519309,
        "dvar2": 0.003674012376,
        "max": 1,
        "mean": 0.0169070512056,
        "median": 0,
        "min": 0,
        "var": 0.0166214574128
    },
    "spectral_centroid": {
        "dmean": 112.740615845,
        "dmean2": 173.328521729,
        "dvar": 40735.8359375,
        "dvar2": 83345.9375,
        "max": 11071.3427734,
        "mean": 558.827270508,
        "median": 458.294250488,
        "min": 111.141685486,
        "var": 180094.21875
    },
    "spectral_complexity": {
        "dmean": 1.67513418198,
        "dmean2": 2.64994382858,
        "dvar": 4.88052558899,
        "dvar2": 10.7672405243,
        "max": 33,
        "mean": 8.88325309753,
        "median": 8,
        "min": 0,
        "var": 20.5740680695
    },
    "spectral_decrease": {
        "dmean": 5.30587662695e-09,
        "dmean2": 7.79153808139e-09,
        "dvar": 4.97996444639e-17,
        "dvar2": 1.11739236443e-16,
        "max": 1.69207456058e-18,
        "mean": -1.39608955507e-08,
        "median": -1.0311887344e-08,
        "min": -7.71269057509e-08,
        "var": 1.21213167609e-16
    },
    "spectral_energy": {
        "dmean": 0.0204137787223,
        "dmean2": 0.0299029946327,
        "dvar": 0.000730738800485,
        "dvar2": 0.00163451069966,
        "max": 0.298045307398,
        "mean": 0.0543066449463,
        "median": 0.0403621047735,
        "min": 1.09873552582e-20,
        "var": 0.00179357687011
    },
    "spectral_energyband_high": {
        "dmean": 0.000385558960261,
        "dmean2": 0.000555674138013,
        "dvar": 6.43309704174e-07,
        "dvar2": 1.34637468818e-06,
        "max": 0.0095021398738,
        "mean": 0.000825792260002,
        "median": 0.000151163068949,
        "min": 8.02602200809e-21,
        "var": 1.87385001027e-06
    },
    "spectral_energyband_low": {
        "dmean": 0.0174952354282,
        "dmean2": 0.0257385149598,
        "dvar": 0.000647932931315,
        "dvar2": 0.00147630018182,
        "max": 0.25009059906,
        "mean": 0.0318355225027,
        "median": 0.017910618335,
        "min": 8.87138711406e-23,
        "var": 0.00150407059118
    },
    "spectral_energyband_middle_high": {
        "dmean": 0.000335425924277,
        "dmean2": 0.000498068053275,
        "dvar": 4.84518864141e-07,
        "dvar2": 1.06062896066e-06,
        "max": 0.0228396262974,
        "mean": 0.000827459734865,
        "median": 0.000315444427542,
        "min": 1.41120687962e-21,
        "var": 1.56946316565e-06
    },
    "spectral_energyband_middle_low": {
        "dmean": 0.00638351868838,
        "dmean2": 0.0105431172997,
        "dvar": 8.66653426783e-05,
        "dvar2": 0.000226062868023,
        "max": 0.133536025882,
        "mean": 0.0225437413901,
        "median": 0.0196656994522,
        "min": 3.80720327757e-22,
        "var": 0.000155628906214
    },
    "spectral_entropy": {
        "dmean": 0.26532793045,
        "dmean2": 0.372034817934,
        "dvar": 0.142244279385,
        "dvar2": 0.293772757053,
        "max": 9.78456401825,
        "mean": 6.46556568146,
        "median": 6.79931688309,
        "min": 3.37286043167,
        "var": 1.41001951694
    },
    "spectral_flux": {
        "dmean": 0.0400620400906,
        "dmean2": 0.0633972808719,
        "dvar": 0.00236895936541,
        "dvar2": 0.00516578787938,
        "max": 0.45910179615,
        "mean": 0.0839994773269,
        "median": 0.0667457431555,
        "min": 1.04820582769e-10,
        "var": 0.00401404313743
    },
    "spectral_kurtosis": {
        "dmean": 23.018863678,
        "dmean2": 39.4928512573,
        "dvar": 6012.44824219,
        "dvar2": 17782.0429688,
        "max": 1821.78710938,
        "mean": 56.3888320923,
        "median": 4.74583292007,
        "min": -1.20211589336,
        "var": 19217.78125
    },
    "spectral_rms": {
        "dmean": 0.00124926271383,
        "dmean2": 0.00179244170431,
        "dvar": 1.99461919692e-06,
        "dvar2": 4.22862285632e-06,
        "max": 0.0170521531254,
        "mean": 0.00677238404751,
        "median": 0.00627516210079,
        "min": 3.27404509753e-12,
        "var": 7.11686971044e-06
    },
    "spectral_rolloff": {
        "dmean": 140.402923584,
        "dmean2": 252.203582764,
        "dvar": 396123.0625,
        "dvar2": 930987.625,
        "max": 19207.6171875,
        "mean": 554.233886719,
        "median": 344.53125,
        "min": 86.1328125,
        "var": 2557568.25
    },
    "spectral_skewness": {
        "dmean": 0.751436710358,
        "dmean2": 1.18866026402,
        "dvar": 2.14661765099,
        "dvar2": 5.83517789841,
        "max": 35.3390159607,
        "mean": 4.03772592545,
        "median": 1.8772367239,
        "min": -0.00948322191834,
        "var": 25.3206787109
    },
    "spectral_spread": {
        "dmean": 609934.25,
        "dmean2": 849773.4375,
        "dvar": 880401448960,
        "dvar2": 1.39072674202e+12,
        "max": 39675708,
        "mean": 4967946,
        "median": 4953394,
        "min": 56253.8320312,
        "var": 8.79100847718e+12
    },
    "spectral_strongpeak": {
        "dmean": 0.339993625879,
        "dmean2": 0.56689119339,
        "dvar": 0.184462919831,
        "dvar2": 0.472365856171,
        "max": 5.18786764145,
        "mean": 0.999220848083,
        "median": 0.780447363853,
        "min": 0,
        "var": 0.5287514925
    },
    "zerocrossingrate": {
        "dmean": 0.00749247008935,
        "dmean2": 0.00858440529555,
        "dvar": 0.000136118498631,
        "dvar2": 0.000148773033288,
        "max": 0.51904296875,
        "mean": 0.0356906987727,
        "median": 0.02392578125,
        "min": 0.00341796875,
        "var": 0.00223862356506
    },
    "barkbands": {
        "dmean": [0.000727008853573, 0.00608680350706, 0.0116452705115, 0.00248277350329, 0.00303607340902, 0.00160368112847, 0.00109234766569, 0.000559081730898, 0.000236162508372, 5.92012984271e-05, 7.63347852626e-05, 7.21638352843e-05, 7.90884441813e-05, 4.59862130811e-05, 4.98804911331e-05, 3.15720026265e-05, 2.92449331027e-05, 2.25815347221e-05, 3.9424343413e-05, 3.50610062014e-05, 8.11433928902e-05, 0.00010941112123, 9.77356248768e-05, 5.39795219083e-05, 4.4772248657e-05, 3.37587334798e-05, 1.07116229628e-05],
        "dmean2": [0.000902404659428, 0.010316291824, 0.0159953981638, 0.00407186662778, 0.00502763455734, 0.00262757251039, 0.00179867027327, 0.000870440911967, 0.000341153296176, 8.73686658451e-05, 0.000111397515866, 0.000106705672806, 0.000121541132103, 7.29757812223e-05, 8.08926779428e-05, 5.35409017175e-05, 4.92466788273e-05, 3.94184462493e-05, 6.17951154709e-05, 5.58667707082e-05, 0.000119759461086, 0.000174018932739, 0.00014321260096, 7.9661149357e-05, 6.13803131273e-05, 4.86343815282e-05, 1.55063316924e-05],
        "dvar": [1.41587470353e-05, 0.000188939797226, 0.000306365429424, 2.49090226134e-05, 2.33105238294e-05, 6.97452969689e-06, 7.25129848433e-06, 3.21926040669e-06, 1.13865803542e-06, 1.04271791201e-07, 7.06220291136e-08, 5.83919117503e-08, 8.11859948158e-08, 3.67293964132e-08, 3.86992375923e-08, 9.6066603561e-09, 4.6817301147e-09, 3.61238750024e-09, 5.64449198492e-09, 4.5474966015e-09, 2.32355343854e-08, 4.63580001053e-08, 4.14548892991e-08, 1.81749939543e-08, 1.02525650192e-08, 7.01032032424e-09, 6.28317564644e-10],
        "dvar2": [2.80152144114e-05, 0.00052663742099, 0.000583154091146, 6.37304910924e-05, 6.48195200483e-05, 1.92229872482e-05, 2.00444665097e-05, 7.5312127592e-06, 2.43559088631e-06, 2.24317730613e-07, 1.35952504365e-07, 1.19889193684e-07, 1.78926427452e-07, 8.51846806427e-08, 1.0362117564e-07, 2.79729608366e-08, 1.36063835754e-08, 1.12304725519e-08, 1.34403208563e-08, 1.12148708098e-08, 5.28145136514e-08, 1.17429451052e-07, 8.70212844006e-08, 4.2138566414e-08, 2.03902050799e-08, 1.62622519895e-08, 1.23126731033e-09],
        "max": [0.0582976341248, 0.191860467196, 0.170050561428, 0.0835679993033, 0.0982252880931, 0.0601281300187, 0.0766985863447, 0.0521497242153, 0.0273160934448, 0.0212694332004, 0.00664987135679, 0.00667988369241, 0.00513721816242, 0.00845183804631, 0.00504600070417, 0.00212954566814, 0.00150018732529, 0.00191874534357, 0.00109132623766, 0.000825002440251, 0.0022291042842, 0.00314463442191, 0.00176943116821, 0.00154172990005, 0.00100205547642, 0.000919029756915, 0.000211807826417],
        "mean": [0.00115462346002, 0.00872314348817, 0.0202415902168, 0.00408565253019, 0.0069996570237, 0.00531075987965, 0.00344829866663, 0.0019190866733, 0.0007579093799, 0.000112136440293, 0.000128938903799, 0.000115040405944, 0.000111351037049, 6.81334349792e-05, 6.69634537189e-05, 4.91055543534e-05, 4.77882094856e-05, 3.69228073396e-05, 7.13233894203e-05, 6.71336019877e-05, 0.000158485054271, 0.000213632010855, 0.000157124581165, 0.000102143218101, 8.87731875991e-05, 5.54874859517e-05, 1.52986576722e-05],
        "median": [1.35164191306e-05, 0.00261552562006, 0.00856488011777, 0.00181463663466, 0.00629445724189, 0.00365072814748, 0.000938384095207, 0.000273809477221, 0.000119108284707, 3.1599203794e-05, 2.6540550607e-05, 1.66310583154e-05, 1.18490061141e-05, 1.05780018202e-05, 6.71489033266e-06, 7.58242595111e-06, 1.17066019811e-05, 9.16519820748e-06, 2.53236830758e-05, 2.44965503953e-05, 3.40986662195e-05, 3.24604188791e-05, 2.03866384254e-05, 1.3999911971e-05, 9.31467548071e-06, 5.08512130182e-06, 2.10597909245e-06],
        "min": [1.15376823845e-23, 6.34720008696e-23, 2.08782388422e-23, 2.49458624437e-24, 1.1877772627e-22, 8.50815958124e-23, 2.56067531496e-23, 9.18774431843e-23, 4.41759014589e-23, 4.02186817021e-23, 5.20921869071e-23, 9.23706327113e-23, 7.10289791081e-23, 5.55539325957e-23, 1.36214732963e-22, 2.76933849072e-22, 1.41841204483e-22, 2.34513907812e-22, 1.64651590874e-22, 3.38088391172e-22, 3.38833404033e-22, 4.40287631229e-22, 6.98124987943e-22, 8.22745119051e-22, 1.67152552574e-21, 1.45609647301e-21, 2.64818379402e-21],
        "var": [2.75636266451e-05, 0.000224068353418, 0.00090627616737, 4.66094752483e-05, 3.68435066775e-05, 2.635207602e-05, 2.64784703177e-05, 1.98797188204e-05, 6.66781943437e-06, 3.10150966243e-07, 1.70280472389e-07, 1.33867501972e-07, 1.39981622738e-07, 5.57416619529e-08, 6.32121484045e-08, 1.71998060239e-08, 1.01249559847e-08, 6.5935013005e-09, 1.248258652e-08, 9.91896786928e-09, 6.51834071164e-08, 1.34283482112e-07, 7.68599832668e-08, 3.58199905293e-08, 2.74213682872e-08, 1.30081510008e-08, 1.02618058495e-09]
    },
    "erbbands": {
        "dmean": [0.0871053636074, 1.81052732468, 11.5359191895, 10.506067276, 9.39581775665, 9.83447170258, 12.7460641861, 13.734046936, 14.0460653305, 15.6436567307, 9.46275138855, 4.42442035675, 2.83370804787, 2.072234869, 3.43260526657, 2.55396842957, 3.4035179615, 2.75443053246, 2.18890500069, 2.21988391876, 1.58189916611, 1.65789890289, 1.21863615513, 1.36417889595, 2.31464767456, 1.6428848505, 2.45815682411, 3.44195914268, 3.85968780518, 3.85582780838, 2.53426909447, 1.45671379566, 0.809763431549, 0.501151204109, 0.348629981279, 0.186146453023, 0.0507383309305, 0.0144711751491, 0.00150991487317, 8.81183732417e-05],
        "dmean2": [0.138542711735, 3.00305151939, 16.0295848846, 15.6454524994, 16.1020030975, 16.1497898102, 19.8309993744, 22.6980609894, 22.9540138245, 25.449426651, 14.4288196564, 6.54189443588, 4.10503005981, 2.99390149117, 4.94825172424, 3.78608822823, 5.23667097092, 4.35998344421, 3.51924300194, 3.64272618294, 2.65577626228, 2.77734375, 2.14530205727, 2.27024745941, 3.64101672173, 2.64129304886, 3.62173390388, 5.39789295197, 6.17392301559, 5.89865398407, 3.79491281509, 2.1838593483, 1.25007212162, 0.757305383682, 0.484048604965, 0.268107175827, 0.0721239447594, 0.0213827677071, 0.00213510962203, 0.000125007936731],
        "dvar": [0.051203366369, 13.7738437653, 289.287689209, 307.507385254, 312.295013428, 257.404968262, 453.099365234, 657.39239502, 999.093566895, 1567.91088867, 1074.73937988, 403.143066406, 254.88041687, 35.5237312317, 154.903671265, 59.4302139282, 145.915084839, 106.804252625, 67.4685058594, 100.664588928, 21.8354492188, 15.4381799698, 11.8309230804, 6.71368169785, 21.7100906372, 11.033162117, 23.9699954987, 45.0719909668, 64.0737304688, 61.0870399475, 30.1674442291, 15.3089551926, 3.59422135353, 1.28352475166, 0.596252739429, 0.210173025727, 0.0151121867821, 0.00114371650852, 1.28344745463e-05, 3.18501918173e-08],
        "dvar2": [0.126220658422, 38.805305481, 557.475097656, 740.738647461, 890.127258301, 689.477539062, 1111.06030273, 1844.72094727, 2765.16674805, 4240.66357422, 2524.68579102, 893.035888672, 544.273193359, 73.2698364258, 293.976165771, 122.221878052, 325.922912598, 247.04826355, 164.608688354, 275.981323242, 63.1485061646, 44.003780365, 38.3482398987, 17.9273262024, 53.0665283203, 28.2260971069, 48.9850273132, 112.087661743, 167.572311401, 137.364425659, 69.8727874756, 37.5255508423, 8.27244377136, 2.83832168579, 1.09796667099, 0.482067495584, 0.0318157933652, 0.0024248205591, 2.52434529102e-05, 5.91006248385e-08],
        "max": [3.07294893265, 50.6126098633, 178.805831909, 237.675445557, 272.833099365, 300.717376709, 481.171966553, 582.970336914, 825.37902832, 868.888244629, 1051.19799805, 772.386779785, 599.967773438, 273.762542725, 331.394958496, 242.050292969, 252.943710327, 482.254425049, 267.672271729, 317.892059326, 92.7019729614, 104.079872131, 132.53352356, 48.5417442322, 70.7257537842, 41.2878036499, 88.22631073, 92.7468032837, 127.724304199, 78.6381225586, 43.6912689209, 45.9535102844, 23.860042572, 10.7402887344, 8.47424697876, 5.30815792084, 1.42343223095, 0.279774576426, 0.0364084281027, 0.00181797135156],
        "mean": [0.115572571754, 2.72531366348, 20.3421993256, 19.3207511902, 15.6829442978, 24.0541725159, 37.703289032, 45.4840278625, 44.1836242676, 54.9516029358, 36.1661720276, 13.7059345245, 7.28440713882, 4.10257959366, 5.59136867523, 4.29653263092, 5.08412885666, 4.12392377853, 3.26216077805, 3.35256028175, 2.65130877495, 2.79153370857, 2.03120112419, 2.46913385391, 4.24379587173, 3.07960557938, 5.38828325272, 6.23486661911, 7.29181241989, 7.062312603, 4.1495475769, 2.4717130661, 1.55330455303, 0.975380659103, 0.655873060226, 0.316154271364, 0.082101739943, 0.0204480551183, 0.00231229607016, 0.000172363914317],
        "median": [0.0260348729789, 1.05428004265, 9.6817150116, 6.96968889236, 11.2031240463, 19.8052444458, 27.9504585266, 26.4777774811, 18.0023059845, 12.3811016083, 6.45252323151, 2.99553251266, 1.7392809391, 1.4106156826, 1.05188858509, 0.658095121384, 0.608155846596, 0.602959513664, 0.453425586224, 0.489268600941, 0.586390852928, 0.722101092339, 0.549038410187, 0.947027981281, 1.48157739639, 1.08612751961, 1.19185805321, 1.3601565361, 1.10366415977, 0.918130159378, 0.557214856148, 0.334313809872, 0.213072180748, 0.107228964567, 0.0604655444622, 0.0244890674949, 0.0087581705302, 0.00230470392853, 0.000370989611838, 7.97078828327e-05],
        "min": [6.79239834577e-22, 1.78453731998e-20, 3.35131643564e-20, 1.11273895042e-20, 5.39349838289e-20, 5.57376061928e-19, 7.6157784875e-19, 7.3307454901e-19, 4.58021899289e-19, 4.55024351846e-19, 2.51099546453e-18, 8.14666145367e-19, 1.4714660082e-18, 9.08467237758e-19, 2.89819622772e-18, 4.46629967893e-18, 3.04839837168e-18, 3.179010604e-18, 3.49045651233e-18, 1.35777032252e-17, 1.40210720335e-17, 8.90432797889e-18, 1.26418641674e-17, 7.65602144468e-18, 1.16532518137e-17, 1.83333134593e-17, 1.69889580211e-17, 1.00281430037e-17, 1.41754818385e-17, 2.72669021252e-17, 1.57603102613e-17, 1.48548039165e-17, 1.36405325558e-17, 1.70622826193e-17, 1.29393696008e-17, 5.17546312477e-18, 2.75353640065e-18, 1.29238822982e-18, 3.5999213036e-19, 3.81509301753e-20],
        "var": [0.0633591488004, 17.158870697, 820.93572998, 782.064758301, 352.234405518, 496.73626709, 1311.9473877, 2540.67553711, 3533.96313477, 8350.515625, 7025.47167969, 1916.67382812, 996.983032227, 95.7835006714, 329.500457764, 137.971908569, 265.738616943, 169.221435547, 110.936630249, 141.548187256, 42.6978530884, 33.1164283752, 19.6867618561, 14.4193925858, 45.8440742493, 21.4048671722, 86.0487442017, 96.9666748047, 169.794692993, 138.324691772, 53.1427650452, 21.9478874207, 8.09366321564, 3.229377985, 1.62589156628, 0.420928835869, 0.0295601729304, 0.00181169097777, 2.23943752644e-05, 6.01295866431e-08]
    },
    "gfcc": {
        "mean": [-66.290512085, 117.372367859, -43.014755249, 24.5295677185, -72.3960494995, -6.90709924698, -35.2928009033, -9.10780525208, -19.1781330109, 1.33833837509, -13.0527791977, -2.96488213539, -13.2037506104],
        "cov": [[20090.5234375, -5618.20458984, -1996.29919434, 3177.12792969, -486.742767334, 864.932067871, -591.260070801, 617.642944336, -544.836242676, 613.758605957, -528.898132324, 454.759124756, -555.909545898], [-5618.20458984, 5647.94677734, 1389.56140137, -1668.69848633, 639.235168457, -448.266998291, 487.836456299, -367.283203125, 454.841003418, -429.647277832, 373.097351074, -380.503753662, 338.211761475], [-1996.29919434, 1389.56140137, 1365.73876953, -133.865829468, 166.409103394, 25.2341632843, 250.156082153, -84.751625061, 29.2917976379, -180.067733765, -6.20135641098, -104.11554718, 92.9811782837], [3177.12792969, -1668.69848633, -133.865829468, 1467.33630371, 115.041000366, 302.977111816, -28.5901088715, 229.070541382, -164.855163574, 77.2957000732, -161.47795105, 123.727760315, -98.6991577148], [-486.742767334, 639.235168457, 166.409103394, 115.041000366, 844.78717041, 203.76890564, 72.6071166992, -10.4522361755, -25.7992248535, -129.379760742, -43.1531906128, -56.70703125, 45.3367118835], [864.932067871, -448.266998291, 25.2341632843, 302.977111816, 203.76890564, 329.455718994, 67.5329818726, 48.9993171692, -64.5016708374, 21.7442455292, -58.4875907898, 24.4575958252, -46.2958183289], [-591.260070801, 487.836456299, 250.156082153, -28.5901088715, 72.6071166992, 67.5329818726, 243.213394165, 85.7465362549, 100.177597046, -5.36854982376, 64.1643981934, -27.8560562134, 19.3463459015], [617.642944336, -367.283203125, -84.751625061, 229.070541382, -10.4522361755, 48.9993171692, 85.7465362549, 223.060073853, 95.6410751343, 93.9619140625, -0.785004496574, 27.4879016876, -34.2869911194], [-544.836242676, 454.841003418, 29.2917976379, -164.855163574, -25.7992248535, -64.5016708374, 100.177597046, 95.6410751343, 222.062805176, 65.2959899902, 76.5171966553, -36.8898735046, 14.9696502686], [613.758605957, -429.647277832, -180.067733765, 77.2957000732, -129.379760742, 21.7442455292, -5.36854982376, 93.9619140625, 65.2959899902, 151.184661865, 35.9938964844, 43.8435440063, -43.6372489929], [-528.898132324, 373.097351074, -6.20135641098, -161.47795105, -43.1531906128, -58.4875907898, 64.1643981934, -0.785004496574, 76.5171966553, 35.9938964844, 145.609786987, 32.2748947144, 35.4032440186], [454.759124756, -380.503753662, -104.11554718, 123.727760315, -56.70703125, 24.4575958252, -27.8560562134, 27.4879016876, -36.8898735046, 43.8435440063, 32.2748947144, 103.232269287, 18.324590683], [-555.909545898, 338.211761475, 92.9811782837, -98.6991577148, 45.3367118835, -46.2958183289, 19.3463459015, -34.2869911194, 14.9696502686, -43.6372489929, 35.4032440186, 18.324590683, 89.9021377563]],
        "icov": [[0.000163675766089, -0.000348762987414, 0.000240664099692, -0.000298172031762, 0.000281329499558, -0.00040773791261, 0.000410713546444, -0.00042520056013, 0.000477862660773, -0.000619196915068, 0.000851435819641, -0.000871584867127, 0.000607735244557], [-0.000348762987414, 0.00227640196681, -0.00108742504381, 0.000999782932922, -0.00144695711788, 0.00176248978823, -0.00182496872731, 0.0023431670852, -0.00280466070399, 0.00319028203376, -0.00468061119318, 0.00489088241011, -0.00271262368187], [0.000240664099692, -0.00108742504381, 0.0017991180066, -0.000713393616024, 0.000803911534604, -0.000781393202487, -0.00077231641626, -0.000191288243514, 0.00118219293654, -0.0011229775846, 0.00317953550257, -0.00214188965037, 0.000663115701173], [-0.000298172031762, 0.000999782932922, -0.000713393616024, 0.00200897827744, -0.000833907397464, 0.000451383268228, -0.00068725872552, -0.000528893375304, -0.000407354615163, 0.00170362531208, -0.00144425069448, 0.000986046972685, -0.000799881934654], [0.000281329499558, -0.00144695711788, 0.000803911534604, -0.000833907397464, 0.00304984999821, -0.00331395678222, 0.00241663772613, -0.00270385667682, 0.00163419672754, 0.000144135163282, 0.00164682837203, -0.000917838013265, -2.32853999478e-05], [-0.00040773791261, 0.00176248978823, -0.000781393202487, 0.000451383268228, -0.00331395678222, 0.00918262079358, -0.00707798963413, 0.00512695452198, -0.00110766768921, -0.00126861489844, 0.00105714332312, -0.0007315085968, 0.00133176590316], [0.000410713546444, -0.00182496872731, -0.00077231641626, -0.00068725872552, 0.00241663772613, -0.00707798963413, 0.0154366092756, -0.0100300917402, 0.0016736619873, 0.00222448445857, -0.00562953436747, 0.00278234737925, -0.000110433858936], [-0.00042520056013, 0.0023431670852, -0.000191288243514, -0.000528893375304, -0.00270385667682, 0.00512695452198, -0.0100300917402, 0.018047509715, -0.00982284639031, -0.0012977271108, 0.00353234796785, -0.00360281066969, 0.00156709202565], [0.000477862660773, -0.00280466070399, 0.00118219293654, -0.000407354615163, 0.00163419672754, -0.00110766768921, 0.0016736619873, -0.00982284639031, 0.0186096932739, -0.0112973256037, 0.000442382501205, 0.00540012586862, -0.00352200563066], [-0.000619196915068, 0.00319028203376, -0.0011229775846, 0.00170362531208, 0.000144135163282, -0.00126861489844, 0.00222448445857, -0.0012977271108, -0.0112973256037, 0.0260582659394, -0.0117400875315, 0.00039209832903, 0.00457427417859], [0.000851435819641, -0.00468061119318, 0.00317953550257, -0.00144425069448, 0.00164682837203, 0.00105714332312, -0.00562953436747, 0.00353234796785, 0.000442382501205, -0.0117400875315, 0.0299402605742, -0.0234152916819, 0.00748197641224], [-0.000871584867127, 0.00489088241011, -0.00214188965037, 0.000986046972685, -0.000917838013265, -0.0007315085968, 0.00278234737925, -0.00360281066969, 0.00540012586862, 0.00039209832903, -0.0234152916819, 0.042680259794, -0.0225651990622], [0.000607735244557, -0.00271262368187, 0.000663115701173, -0.000799881934654, -2.32853999478e-05, 0.00133176590316, -0.000110433858936, 0.00156709202565, -0.00352200563066, 0.00457427417859, 0.00748197641224, -0.0225651990622, 0.0293007940054]]
    },
    "melbands": {
        "dmean": [0.00123494677246, 0.00472520198673, 0.00173404125962, 0.00069004658144, 0.000432166620158, 0.000300112209516, 0.00022213041666, 0.0001645575976, 7.05273268977e-05, 2.76623650279e-05, 1.42337785292e-05, 8.43626730784e-06, 1.06329307528e-05, 9.01757994143e-06, 6.51116442896e-06, 8.44987243909e-06, 5.06444439452e-06, 3.62471769222e-06, 3.51010226041e-06, 2.56218618233e-06, 1.92341121874e-06, 2.00185627364e-06, 1.31002752823e-06, 1.10664529984e-06, 1.19448179703e-06, 1.74576939571e-06, 1.38756820434e-06, 1.13452369987e-06, 1.48621495555e-06, 2.57442434304e-06, 2.10040138882e-06, 1.94251924768e-06, 2.63562492364e-06, 2.2688923309e-06, 1.7025837451e-06, 1.03184811451e-06, 9.42447798025e-07, 5.98155168063e-07, 4.77873413729e-07, 4.36494161704e-07],
        "dmean2": [0.00206422549672, 0.00682664941996, 0.00259561417624, 0.00117599184159, 0.000673526723403, 0.00049458432477, 0.000363988045137, 0.000265100825345, 0.000106940722617, 4.05251666962e-05, 2.06106433325e-05, 1.2124532077e-05, 1.5465044271e-05, 1.33471548907e-05, 9.71298140939e-06, 1.29418194774e-05, 8.06970638223e-06, 5.83938708587e-06, 5.72241651753e-06, 4.32358228863e-06, 3.25176551996e-06, 3.35747927238e-06, 2.3217476155e-06, 1.95657071345e-06, 2.04350772037e-06, 2.78952893495e-06, 2.24899349632e-06, 1.86507816125e-06, 2.25710959967e-06, 4.10367283621e-06, 3.55730571755e-06, 3.18160209645e-06, 4.03909689339e-06, 3.46207161783e-06, 2.62702883447e-06, 1.49177219555e-06, 1.42769022204e-06, 9.35564855808e-07, 7.48581953758e-07, 6.75465230415e-07],
        "dvar": [8.76726153365e-06, 4.84575357405e-05, 7.53676886234e-06, 1.3946269064e-06, 4.80116511881e-07, 2.81867698959e-07, 2.52074215723e-07, 1.68113686527e-07, 6.74139926105e-08, 1.80389534421e-08, 6.76395339738e-09, 8.43587422139e-10, 1.44349865394e-09, 9.36197341872e-10, 6.54590215365e-10, 1.12056208756e-09, 4.70263383789e-10, 2.03105823826e-10, 2.18799964258e-10, 8.59887924753e-11, 3.68460470468e-11, 2.38411339282e-11, 1.30797334769e-11, 9.13729075042e-12, 5.04074689975e-12, 1.17422200435e-11, 6.28488016838e-12, 5.74385287597e-12, 1.04177274446e-11, 2.53312475162e-11, 1.75910449401e-11, 1.57480781887e-11, 2.93894873715e-11, 2.16550007093e-11, 1.35052325226e-11, 4.3016818406e-12, 6.92360058174e-12, 2.02646666808e-12, 1.16127485232e-12, 8.6697315993e-13],
        "dvar2": [2.37252297666e-05, 0.000104544807982, 1.80572169484e-05, 3.93025356971e-06, 1.18370155633e-06, 7.92386174453e-07, 7.00450584645e-07, 4.40711801275e-07, 1.56415694619e-07, 3.92938623861e-08, 1.43716913925e-08, 1.75736081243e-09, 2.80514500517e-09, 1.94876581538e-09, 1.29377886182e-09, 2.4007853483e-09, 1.080147638e-09, 4.92538898555e-10, 5.98234184412e-10, 2.42466241529e-10, 1.09383960223e-10, 6.80658238106e-11, 4.215124777e-11, 2.87404822163e-11, 1.37938514777e-11, 2.83407429469e-11, 1.62782877455e-11, 1.49518158271e-11, 2.15970401285e-11, 6.475821962e-11, 4.55301248092e-11, 4.04586260327e-11, 7.5008409206e-11, 4.87382530168e-11, 3.21050512564e-11, 9.23791165092e-12, 1.71899647294e-11, 4.61653328412e-12, 2.88507303985e-12, 1.84147315452e-12],
        "max": [0.0405222065747, 0.0683904066682, 0.0393696054816, 0.0232915841043, 0.0135688884184, 0.0117704262957, 0.0144084617496, 0.0107187954709, 0.00730919698253, 0.00514704640955, 0.00302419392392, 0.00158825924154, 0.000980822369456, 0.000829991477076, 0.00110259407666, 0.000712244072929, 0.00109925866127, 0.000522698624991, 0.00039914768422, 0.000289858639007, 0.000142212491482, 0.00011729093967, 9.46870204643e-05, 9.99380208668e-05, 4.17263727286e-05, 4.69015358249e-05, 3.30648945237e-05, 2.93074608635e-05, 5.47258568986e-05, 6.40156358713e-05, 5.36900952284e-05, 6.08987611486e-05, 7.92899736552e-05, 4.63159412902e-05, 3.05592366203e-05, 1.82199237315e-05, 3.13662167173e-05, 1.93731539184e-05, 1.04223072412e-05, 9.64063747233e-06],
        "mean": [0.00170014100149, 0.00835012551397, 0.00336731085554, 0.00137577031273, 0.00130535790231, 0.000998281291686, 0.000714243913535, 0.000588331895415, 0.000264048663666, 8.14134982647e-05, 3.53589639417e-05, 1.61056868819e-05, 1.78439313459e-05, 1.46165120896e-05, 1.0239878975e-05, 1.11771996671e-05, 7.17105058357e-06, 4.96615757584e-06, 5.204351055e-06, 3.69584768123e-06, 2.94521919386e-06, 3.13914301842e-06, 1.97186409423e-06, 1.69065640421e-06, 1.91977778741e-06, 2.99453768093e-06, 2.65531525656e-06, 1.82234919066e-06, 3.1737097288e-06, 4.04988577429e-06, 3.34089645548e-06, 3.46942647411e-06, 5.16792215421e-06, 3.50192090082e-06, 2.56480734606e-06, 1.70217651885e-06, 1.46881166074e-06, 1.1869943819e-06, 8.11047698335e-07, 8.12947064333e-07],
        "median": [0.00051063176943, 0.00420064199716, 0.00145320012234, 0.0011964738369, 0.00108239869587, 0.000633946503513, 0.000273201032542, 0.000124243524624, 4.04502716265e-05, 1.48909939526e-05, 7.2891889431e-06, 5.11139342052e-06, 3.54211510967e-06, 2.13273256122e-06, 1.18717844089e-06, 1.24961957226e-06, 9.80183585853e-07, 6.86086821133e-07, 5.73245472424e-07, 5.37106302545e-07, 6.01493468366e-07, 7.26252324057e-07, 4.16904782696e-07, 4.31061664585e-07, 6.74350644658e-07, 1.01420323517e-06, 9.92303625935e-07, 5.58873580303e-07, 6.68395045977e-07, 8.44241526465e-07, 7.05578145244e-07, 5.38767835678e-07, 6.46538182991e-07, 4.42562679837e-07, 3.12812488801e-07, 2.60527144746e-07, 1.67859241174e-07, 1.57325899863e-07, 1.0393616634e-07, 8.2674745272e-08],
        "min": [1.32298986779e-23, 2.13604127156e-23, 2.37223805949e-24, 1.94447649814e-23, 2.86052702483e-23, 1.56848298706e-23, 6.46330147954e-24, 7.30419643893e-24, 2.0168737344e-23, 4.45590803884e-24, 7.57895748108e-24, 3.55129836186e-24, 8.18322730107e-24, 1.09638468183e-23, 9.55856369083e-24, 6.16438038888e-24, 5.83260915797e-24, 4.47352330286e-24, 1.16117871891e-23, 2.06218117163e-23, 1.48175214816e-23, 7.85420051725e-24, 1.20821612811e-23, 1.02559869397e-23, 5.50470847309e-24, 6.36921640596e-24, 9.90316732208e-24, 1.22109207357e-23, 1.24126308915e-23, 5.53612525308e-24, 6.12156732983e-24, 7.82001838536e-24, 9.8441479046e-24, 1.69270428272e-23, 8.88361903349e-24, 7.5583208798e-24, 1.01668180472e-23, 9.52037414555e-24, 1.12221151455e-23, 1.5358558578e-23],
        "var": [9.90107218968e-06, 0.000120390839584, 1.93289797608e-05, 1.81518737463e-06, 1.36285234476e-06, 1.08117433228e-06, 9.26499410525e-07, 9.86667259895e-07, 4.4561568302e-07, 8.15695671008e-08, 2.64498218883e-08, 2.32591590432e-09, 3.46930639772e-09, 2.21981300008e-09, 1.43610578984e-09, 1.59980195757e-09, 6.75129452343e-10, 3.15008019669e-10, 4.10449563226e-10, 1.30302366119e-10, 6.30821436753e-11, 4.58878109122e-11, 2.33055987703e-11, 1.43103098815e-11, 9.537888708e-12, 2.37871267822e-11, 1.45614943714e-11, 8.85021830127e-12, 3.70974952146e-11, 4.54029799868e-11, 3.0383466576e-11, 3.78661928202e-11, 8.59994922497e-11, 3.75126076035e-11, 2.23090591139e-11, 8.27287370553e-12, 9.18250978726e-12, 4.87888462269e-12, 2.12146706452e-12, 2.38441384692e-12]
    },
    "mfcc": {
        "mean": [-722.688476562, 146.536407471, 68.1729354858, 34.7275428772, -8.41861248016, 3.13120365143, -11.2313499451, -7.55474901199, -8.84104347229, -3.97244238853, -1.87822973728, -1.38132762909, 1.30396485329],
        "cov": [[12617.21875, -4805.35009766, -1461.85400391, 1002.44152832, 524.104492188, 667.930908203, 117.658287048, 219.337371826, 134.456497192, 137.252441406, 151.701126099, 102.78565979, 136.293533325], [-4805.35009766, 4494.21386719, 781.36114502, -369.357147217, -14.7033500671, -167.466369629, 94.8007736206, 21.1193256378, 37.9607086182, 55.8482055664, 23.3483905792, 35.9839057922, -19.1828289032], [-1461.85400391, 781.36114502, 1250.92895508, 144.927871704, -153.194702148, 25.4389648438, 84.4198760986, 78.6939086914, 60.8655509949, 13.0382881165, -19.6377620697, -41.5349884033, -9.72329998016], [1002.44152832, -369.357147217, 144.927871704, 648.914428711, 291.284667969, 151.278091431, 133.877258301, 159.272293091, 106.364952087, 48.7129173279, 6.09600257874, -17.7691497803, -12.3671560287], [524.104492188, -14.7033500671, -153.194702148, 291.284667969, 555.128234863, 274.610534668, 199.4972229, 125.878166199, 104.435890198, 16.0834598541, -37.8272705078, -45.5054130554, -56.897693634], [667.930908203, -167.466369629, 25.4389648438, 151.278091431, 274.610534668, 319.286071777, 190.374893188, 102.056488037, 63.6879920959, 7.91381835938, -18.511384964, -20.768327713, -13.6455039978], [117.658287048, 94.8007736206, 84.4198760986, 133.877258301, 199.4972229, 190.374893188, 237.023956299, 134.18737793, 66.0248794556, 7.84358787537, -10.7338905334, -9.11195278168, -4.83845853806], [219.337371826, 21.1193256378, 78.6939086914, 159.272293091, 125.878166199, 102.056488037, 134.18737793, 157.064483643, 96.1553497314, 50.8276939392, 29.9172725677, 14.2267351151, 10.7964696884], [134.456497192, 37.9607086182, 60.8655509949, 106.364952087, 104.435890198, 63.6879920959, 66.0248794556, 96.1553497314, 139.897750854, 95.5776977539, 43.8135604858, 19.0759906769, 8.16420173645], [137.252441406, 55.8482055664, 13.0382881165, 48.7129173279, 16.0834598541, 7.91381835938, 7.84358787537, 50.8276939392, 95.5776977539, 130.270477295, 96.1381835938, 49.0632209778, 32.1182022095], [151.701126099, 23.3483905792, -19.6377620697, 6.09600257874, -37.8272705078, -18.511384964, -10.7338905334, 29.9172725677, 43.8135604858, 96.1381835938, 120.219009399, 81.8248291016, 51.9047164917], [102.78565979, 35.9839057922, -41.5349884033, -17.7691497803, -45.5054130554, -20.768327713, -9.11195278168, 14.2267351151, 19.0759906769, 49.0632209778, 81.8248291016, 98.260307312, 70.2196884155], [136.293533325, -19.1828289032, -9.72329998016, -12.3671560287, -56.897693634, -13.6455039978, -4.83845853806, 10.7964696884, 8.16420173645, 32.1182022095, 51.9047164917, 70.2196884155, 94.2130203247]],
