{
"lowlevel": {
    "average_loudness": 0.916512846947,
    "barkbands_crest": {
        "dmean": 2.65039277077,
        "dmean2": 3.90247702599,
        "dvar": 7.16522693634,
        "dvar2": 14.5564813614,
        "max": 26.5538196564,
        "mean": 12.2547607422,
        "median": 10.3908510208,
        "min": 2.29995131493,
        "var": 47.1336517334
    },
    "barkbands_flatness_db": {
        "dmean": 0.0249560959637,
        "dmean2": 0.0378948561847,
        "dvar": 0.000740566698369,
        "dvar2": 0.00159291434102,
        "max": 0.391485273838,
        "mean": 0.133154854178,
        "median": 0.119894772768,
        "min": 0.021068604663,
        "var": 0.00464240787551
    },
    "barkbands_kurtosis": {
        "dmean": 6.19278335571,
        "dmean2": 9.88093185425,
        "dvar": 196.217056274,
        "dvar2": 493.80166626,
        "max": 338.694732666,
        "mean": 8.65943908691,
        "median": 1.09435653687,
        "min": -1.87964510918,
        "var": 411.913238525
    },
    "barkbands_skewness": {
        "dmean": 0.813459277153,
        "dmean2": 1.20655083656,
        "dvar": 0.931589543819,
        "dvar2": 2.23263955116,
        "max": 17.0499000549,
        "mean": 2.02629351616,
        "median": 1.32997012138,
        "min": -8.25317382812,
        "var": 4.73842954636
    },
    "barkbands_spread": {
        "dmean": 7.68480014801,
        "dmean2": 11.6183519363,
        "dvar": 73.8649291992,
        "dvar2": 158.473052979,
        "max": 94.30103302,
        "mean": 27.9870491028,
        "median": 25.2551689148,
        "min": 0.474451690912,
        "var": 299.083374023
    },
    "dissonance": {
        "dmean": 0.0122746117413,
        "dmean2": 0.020343631506,
        "dvar": 0.000136719565489,
        "dvar2": 0.000359163619578,
        "max": 0.5,
        "mean": 0.473422169685,
        "median": 0.479760527611,
        "min": 0.331263899803,
        "var": 0.000499257526826
    },
    "dynamic_complexity": 4.00410318375,
    "erbbands_crest": {
        "dmean": 1.92239999771,
        "dmean2": 3.18426775932,
        "dvar": 3.40597176552,
        "dvar2": 8.69584655762,
        "max": 25.1336936951,
        "mean": 6.22109794617,
        "median": 5.60962152481,
        "min": 2.32652425766,
        "var": 6.53020572662
    },
    "erbbands_flatness_db": {
        "dmean": 0.014141776599,
        "dmean2": 0.0207019858062,
        "dvar": 0.000204498224775,
        "dvar2": 0.000374047202058,
        "max": 0.301458537579,
        "mean": 0.12945844233,
        "median": 0.119408853352,
        "min": 0.0462474226952,
        "var": 0.00193653220776
    },
    "erbbands_kurtosis": {
        "dmean": 0.666560053825,
        "dmean2": 1.09436821938,
        "dvar": 0.646338820457,
        "dvar2": 1.55437350273,
        "max": 12.3086147308,
        "mean": -0.150134816766,
        "median": -0.403936624527,
        "min": -1.72394728661,
        "var": 1.22172260284
    },
    "erbbands_skewness": {
        "dmean": 0.322633236647,
        "dmean2": 0.499837964773,
        "dvar": 0.0888109505177,
        "dvar2": 0.194582700729,
        "max": 2.12951683998,
        "mean": -0.193292498589,
        "median": -0.161175221205,
        "min": -2.74300479889,
        "var": 0.356453627348
    },
    "erbbands_spread": {
        "dmean": 10.6027030945,
        "dmean2": 16.6009807587,
        "dvar": 117.623001099,
        "dvar2": 280.314727783,
        "max": 140.055786133,
        "mean": 46.8042640686,
        "median": 42.4493637085,
        "min": 9.45204257965,
        "var": 377.959106445
    },
    "hfc": {
        "dmean": 10.4276952744,
        "dmean2": 15.6691303253,
        "dvar": 470.088378906,
        "dvar2": 1054.09851074,
        "max": 226.446731567,
        "mean": 22.083530426,
        "median": 13.958237648,
        "min": 1.14397424355e-16,
        "var": 737.86920166
    },
    "melbands_crest": {
        "dmean": 3.2889251709,
        "dmean2": 4.81791877747,
        "dvar": 11.0247907639,
        "dvar2": 24.8606185913,
        "max": 36.3052139282,
        "mean": 18.4046020508,
        "median": 17.1684913635,
        "min": 2.06103944778,
        "var": 79.2983474731
    },
    "melbands_flatness_db": {
        "dmean": 0.031504381448,
        "dmean2": 0.0457434505224,
        "dvar": 0.00111363444012,
        "dvar2": 0.00225441739894,
        "max": 0.51784914732,
        "mean": 0.188388884068,
        "median": 0.17733900249,
        "min": 0.00673130014911,
        "var": 0.00843295454979
    },
    "melbands_kurtosis": {
        "dmean": 18.4413394928,
        "dmean2": 29.6262779236,
        "dvar": 1140.48327637,
        "dvar2": 3010.97363281,
        "max": 602.074462891,
        "mean": 32.560131073,
        "median": 8.03167057037,
        "min": -1.73519980907,
        "var": 3057.70727539
    },
    "melbands_skewness": {
        "dmean": 1.18297827244,
        "dmean2": 1.78523373604,
        "dvar": 1.94528448582,
        "dvar2": 4.643471241,
        "max": 19.2502040863,
        "mean": 3.95820188522,
        "median": 2.67549419403,
        "min": -1.46326386929,
        "var": 10.7826156616
    },
    "melbands_spread": {
        "dmean": 10.1311454773,
        "dmean2": 14.88788414,
        "dvar": 218.068817139,
        "dvar2": 413.013427734,
        "max": 200.375808716,
        "mean": 30.1696186066,
        "median": 23.2521877289,
        "min": 0.496526271105,
        "var": 769.784179688
    },
    "pitch_salience": {
        "dmean": 0.0810629427433,
        "dmean2": 0.122761487961,
        "dvar": 0.00666900305077,
        "dvar2": 0.0143469190225,
        "max": 0.924629330635,
        "mean": 0.457947909832,
        "median": 0.499230891466,
        "min": 0.0398170314729,
        "var": 0.0370031557977
    },
    "silence_rate_20dB": {
        "dmean": 0,
        "dmean2": 0,
        "dvar": 0,
        "dvar2": 0,
        "max": 1,
        "mean": 1,
        "median": 1,
        "min": 1,
        "var": 0
    },
    "silence_rate_30dB": {
        "dmean": 0.0657621994615,
        "dmean2": 0.131536796689,
        "dvar": 0.0614418722689,
        "dvar2": 0.151741698384,
        "max": 1,
        "mean": 0.95025908947,
        "median": 1,
        "min": 0,
        "var": 0.0472649559379
    },
    "silence_rate_60dB": {
        "dmean": 0.0288298465312,
        "dmean2": 0.0576651282609,
        "dvar": 0.0279946718365,
        "dvar2": 0.0601769536734,
        "max": 1,
        "mean": 0.138294860721,
        "median": 0,
        "min": 0,
        "var": 0.119164153934
    },
    "spectral_centroid": {
        "dmean": 336.602783203,
        "dmean2": 514.446716309,
        "dvar": 133268.53125,
        "dvar2": 255674.890625,
        "max": 11124.4677734,
        "mean": 1979.13122559,
        "median": 1898.96850586,
        "min": 243.787780762,
        "var": 566656.75
    },
    "spectral_complexity": {
        "dmean": 3.88713026047,
        "dmean2": 5.80099868774,
        "dvar": 20.3631668091,
        "dvar2": 35.7723617554,
        "max": 65,
        "mean": 20.9722099304,
        "median": 17,
        "min": 0,
        "var": 185.426086426
    },
    "spectral_decrease": {
        "dmean": 3.96310717576e-09,
        "dmean2": 6.46493258927e-09,
        "dvar": 3.75577221227e-17,
        "dvar2": 1.13432097963e-16,
        "max": 1.83567987712e-16,
        "mean": -8.60857785057e-09,
        "median": -5.31796473524e-09,
        "min": -4.77701043167e-08,
        "var": 8.54793357238e-17
    },
    "spectral_energy": {
        "dmean": 0.0156810227782,
        "dmean2": 0.0254900995642,
        "dvar": 0.000557239633054,
        "dvar2": 0.00167272449471,
        "max": 0.181577578187,
        "mean": 0.0344938114285,
        "median": 0.0223336219788,
        "min": 1.04733949857e-20,
        "var": 0.00127366546076
    },
    "spectral_energyband_high": {
        "dmean": 0.00103682850022,
        "dmean2": 0.0016027650563,
        "dvar": 5.45625607629e-06,
        "dvar2": 1.21313751151e-05,
        "max": 0.020806863904,
        "mean": 0.00156731915195,
        "median": 0.000745714001823,
        "min": 7.34695842397e-21,
        "var": 7.05297225068e-06
    },
    "spectral_energyband_low": {
        "dmean": 0.0131263583899,
        "dmean2": 0.0222445577383,
        "dvar": 0.000541884626728,
        "dvar2": 0.00163762818556,
        "max": 0.179289788008,
        "mean": 0.0240561347455,
        "median": 0.00866579636931,
        "min": 1.18596010583e-22,
        "var": 0.00110775989015
    },
    "spectral_energyband_middle_high": {
        "dmean": 0.00142688676715,
        "dmean2": 0.0020497511141,
        "dvar": 7.98608834884e-06,
        "dvar2": 1.59482860909e-05,
        "max": 0.0388074181974,
        "mean": 0.00405106460676,
        "median": 0.00224844133481,
        "min": 1.50225329255e-21,
        "var": 2.42156511376e-05
    },
    "spectral_energyband_middle_low": {
        "dmean": 0.00374662922695,
        "dmean2": 0.00622721575201,
        "dvar": 5.51308585273e-05,
        "dvar2": 0.000146270089317,
        "max": 0.0781299620867,
        "mean": 0.0054521667771,
        "median": 0.00227639591321,
        "min": 4.25403984271e-22,
        "var": 6.00641214987e-05
    },
    "spectral_entropy": {
        "dmean": 0.130050420761,
        "dmean2": 0.196902155876,
        "dvar": 0.0245668720454,
        "dvar2": 0.0439279228449,
        "max": 9.78050708771,
        "mean": 7.88400650024,
        "median": 7.93464851379,
        "min": 6.31264686584,
        "var": 0.123633228242
    },
    "spectral_flux": {
        "dmean": 0.0300001334399,
        "dmean2": 0.0472735278308,
        "dvar": 0.0014075152576,
        "dvar2": 0.00338316266425,
        "max": 0.368662297726,
        "mean": 0.0849606841803,
        "median": 0.0712454169989,
        "min": 1.02339609009e-10,
        "var": 0.00369708030485
    },
    "spectral_kurtosis": {
        "dmean": 0.984267234802,
        "dmean2": 1.58021485806,
        "dvar": 1.32589745522,
        "dvar2": 3.23728442192,
        "max": 16.8695774078,
        "mean": 3.30605792999,
        "median": 2.9228978157,
        "min": -1.23343515396,
        "var": 3.41922259331
    },
    "spectral_rms": {
        "dmean": 0.00112224882469,
        "dmean2": 0.00174545834307,
        "dvar": 1.94803351405e-06,
        "dvar2": 5.3955718613e-06,
        "max": 0.0133097283542,
        "mean": 0.0050089568831,
        "median": 0.0046678581275,
        "min": 3.19655218094e-12,
        "var": 8.56284350448e-06
    },
    "spectral_rolloff": {
        "dmean": 714.423156738,
        "dmean2": 1111.4901123,
        "dvar": 1249325.75,
        "dvar2": 2266845.25,
        "max": 19745.9472656,
        "mean": 2047.78601074,
        "median": 1485.79101562,
        "min": 64.599609375,
        "var": 4959362.5
    },
    "spectral_skewness": {
        "dmean": 0.164667621255,
        "dmean2": 0.255740463734,
        "dvar": 0.0308363884687,
        "dvar2": 0.0645384863019,
        "max": 2.92399024963,
        "mean": 1.2887519598,
        "median": 1.25681471825,
        "min": 0.00885662902147,
        "var": 0.110881671309
    },
    "spectral_spread": {
        "dmean": 522762,
        "dmean2": 774854.25,
        "dvar": 496527605760,
        "dvar2": 744876474368,
        "max": 41531092,
        "mean": 5012531.5,
        "median": 4898398.5,
        "min": 2375522.75,
        "var": 1.67626447258e+12
    },
    "spectral_strongpeak": {
        "dmean": 0.274952024221,
        "dmean2": 0.464406073093,
        "dvar": 0.215794831514,
        "dvar2": 0.56562256813,
        "max": 6.16628074646,
        "mean": 0.514389157295,
        "median": 0.395077168941,
        "min": 0,
        "var": 0.260693371296
    },
    "zerocrossingrate": {
        "dmean": 0.0152567876503,
        "dmean2": 0.0166803281754,
        "dvar": 0.00034412369132,
        "dvar2": 0.000380248500733,
        "max": 0.7900390625,
        "mean": 0.0778344720602,
        "median": 0.06640625,
        "min": 0.00244140625,
        "var": 0.00330278184265
    },
    "barkbands": {
        "dmean": [0.000406832346926, 0.0114245610312, 0.00204729591496, 0.00127415638417, 0.00115173659287, 0.000550434808247, 0.000691021268722, 0.00066170480568, 0.000410652341088, 0.000301454303553, 0.000237208936596, 0.000240907029365, 0.000218987872358, 0.000281751912553, 0.000188167163287, 0.000218552610022, 0.000181282113772, 0.000212154409382, 0.000216588945477, 0.000224858216825, 0.000263622583589, 0.0002276571322, 0.000238848399022, 0.000161876436323, 8.17489053588e-05, 4.34033936472e-05, 1.17404142657e-05],
        "dmean2": [0.000581900007091, 0.0193780157715, 0.00353010790423, 0.0022654319182, 0.00201165885665, 0.000870451447554, 0.00111234444194, 0.00113129988313, 0.000651816779282, 0.000474788161227, 0.00037660083035, 0.000390865345253, 0.000351960887201, 0.000477140652947, 0.000299603154417, 0.000342288956745, 0.00028273917269, 0.000344598985976, 0.000332438532496, 0.00034561130451, 0.000426019600127, 0.00035412813304, 0.000378990866011, 0.000254110316746, 0.000124981830595, 7.24657948012e-05, 1.91632316273e-05],
        "dvar": [4.86632814045e-07, 0.000475252862088, 2.52935806202e-05, 1.28763313114e-05, 7.11751226845e-06, 1.50171865698e-06, 1.95942379833e-06, 3.59636123903e-06, 9.58813529905e-07, 4.22759285357e-07, 2.19397122692e-07, 1.9927031758e-07, 1.53377513357e-07, 3.28224160739e-07, 8.27844814921e-08, 2.7475658726e-07, 1.23173222732e-07, 1.58608216339e-07, 1.61016004085e-07, 2.55937266047e-07, 3.41076798804e-07, 2.4568097956e-07, 2.80302117517e-07, 1.2171022945e-07, 4.05088123046e-08, 1.16578116049e-08, 6.87697288004e-10],
        "dvar2": [9.54043116508e-07, 0.00134657765739, 6.45150139462e-05, 3.4888569644e-05, 1.91430153791e-05, 3.40005726684e-06, 5.20935191162e-06, 1.00609631772e-05, 2.33056334764e-06, 1.05608114609e-06, 5.37464529771e-07, 4.88760178996e-07, 3.82820644518e-07, 9.70894120655e-07, 1.91377267811e-07, 5.35273215974e-07, 2.81077177533e-07, 3.88215966041e-07, 3.31612255877e-07, 5.07082518197e-07, 8.26174471058e-07, 5.31773764578e-07, 6.41239523702e-07, 2.68428294703e-07, 9.0036508027e-08, 3.07453404957e-08, 1.7286125864e-09],
        "max": [0.00738154118881, 0.177215278149, 0.0512523800135, 0.0324047394097, 0.029493784532, 0.0219372343272, 0.0242816638201, 0.0303509160876, 0.0220655929297, 0.0127066038549, 0.011305578053, 0.00845613703132, 0.00853204075247, 0.00980069581419, 0.00479059526697, 0.00673167966306, 0.00439094286412, 0.00552640855312, 0.00597685575485, 0.00631453841925, 0.00676073040813, 0.00522267399356, 0.00532167125493, 0.00331434933469, 0.00247502862476, 0.000995515147224, 0.000373115675757],
        "mean": [0.0010603624396, 0.020198058337, 0.00221888022497, 0.000991280539893, 0.00118082214613, 0.000780149770435, 0.00105476716999, 0.000762366340496, 0.000601465988439, 0.000443351833383, 0.000374718627427, 0.000398698583012, 0.000365761865396, 0.000418375304434, 0.00034082721686, 0.000395991897676, 0.000327904243022, 0.000397025229177, 0.000418105046265, 0.000386344880098, 0.000357082637493, 0.000322132982546, 0.000301202351693, 0.000203382922336, 0.000123682111735, 5.69060939597e-05, 1.41128030009e-05],
        "median": [6.29402638879e-05, 0.00484939385206, 0.000263139343588, 8.48602066981e-05, 0.00037212780444, 0.00019659246027, 0.000445154175395, 0.000179536553333, 0.000155922622071, 0.000168020429555, 0.000162860204, 0.000164447177667, 0.000160978990607, 0.000182358082384, 0.000175446926733, 0.000135811031214, 0.000171188701643, 0.000230615754845, 0.000234113031183, 0.000188849953702, 0.000161412652233, 0.000131282955408, 0.000112221081508, 8.58188723214e-05, 5.75494414079e-05, 2.30045134231e-05, 4.5585143198e-06],
        "min": [7.21760522841e-23, 2.76115894977e-23, 3.3903610342e-23, 4.67520182528e-23, 7.75945422045e-23, 1.48176256112e-23, 9.38193473648e-23, 6.36690141475e-23, 1.19585507215e-22, 8.14918937296e-23, 6.69961580776e-23, 1.28028982096e-22, 4.01641777244e-23, 5.59148459262e-23, 1.22339300729e-22, 1.22911407901e-22, 3.00506906186e-22, 2.35962761305e-22, 2.30888706989e-22, 2.37456901725e-22, 4.29434823682e-22, 5.69193006235e-22, 5.55457082475e-22, 8.4103316151e-22, 1.04513028413e-21, 1.72705254871e-21, 2.2886817294e-21],
        "var": [2.32753609453e-06, 0.000978752388619, 2.49135828199e-05, 8.97175596037e-06, 5.51994162379e-06, 2.79609434983e-06, 3.15417287311e-06, 3.38117592946e-06, 1.56700309617e-06, 6.42803513529e-07, 3.80743188089e-07, 4.01161912578e-07, 2.95271206596e-07, 4.3751910539e-07, 1.94608631432e-07, 5.45261059415e-07, 2.26960395366e-07, 2.97615457612e-07, 3.47692690639e-07, 4.62466715589e-07, 3.97437048605e-07, 3.26375328541e-07, 3.21591187458e-07, 1.45944596852e-07, 5.2284789831e-08, 1.04970752091e-08, 7.48273887297e-10]
    },
    "erbbands": {
        "dmean": [0.350588202477, 2.64293408394, 3.08677244186, 3.28615021706, 3.53406643867, 4.47355699539, 3.5156853199, 5.13174200058, 9.2347869873, 11.6488809586, 14.2996292114, 9.23437786102, 9.04985713959, 8.20031261444, 8.87676525116, 9.31618213654, 9.38672351837, 11.9872312546, 11.8921842575, 9.49388980865, 13.0303888321, 9.75903701782, 12.0083885193, 11.4903087616, 10.7665452957, 9.8024187088, 9.18484210968, 11.5880680084, 8.10796451569, 7.97149753571, 6.52559566498, 4.58404159546, 1.97969436646, 0.815140783787, 0.648777484894, 0.299769490957, 0.0457939170301, 0.0108059737831, 0.00176863651723, 0.000168777696672],
        "dmean2": [0.576445400715, 4.26743268967, 5.39159297943, 5.51263284683, 6.2798871994, 7.80856990814, 5.85595273972, 7.97642040253, 14.4637956619, 20.0196418762, 23.7516651154, 14.8828077316, 14.5163297653, 12.8887348175, 13.9169559479, 15.0846338272, 14.9688777924, 19.8291530609, 19.6787719727, 15.0676555634, 20.567905426, 14.8925495148, 19.1363487244, 18.2548789978, 16.8104877472, 15.2182064056, 14.2581167221, 18.7930259705, 12.6368532181, 12.8982782364, 10.3839931488, 7.29369878769, 3.01740241051, 1.26005101204, 1.0152477026, 0.491422712803, 0.0726031064987, 0.0169322211295, 0.00289465580136, 0.000284630659735],
        "dvar": [0.331848531961, 28.229429245, 45.8790054321, 70.9950866699, 93.7597808838, 121.382545471, 65.9347763062, 145.909255981, 408.120269775, 815.510437012, 1643.88793945, 589.530456543, 386.847076416, 239.768722534, 311.212097168, 316.788879395, 326.1300354, 578.33807373, 420.033874512, 368.125701904, 1009.27838135, 335.419677734, 698.39666748, 454.824981689, 456.353210449, 471.52243042, 464.047912598, 618.104125977, 307.610931396, 304.66973877, 205.456756592, 99.2221221924, 19.6619052887, 3.49749588966, 2.92449450493, 0.626610517502, 0.00976438261569, 0.00051986501785, 1.64489792951e-05, 1.36638632853e-07],
        "dvar2": [0.881835639477, 79.6742324829, 135.046234131, 181.006164551, 259.588226318, 328.544677734, 168.02722168, 321.928833008, 1033.84082031, 2380.71826172, 4449.83789062, 1470.85583496, 966.78326416, 589.405639648, 749.768615723, 789.967346191, 806.721496582, 1576.56433105, 1154.47790527, 927.667785645, 2149.59887695, 723.090576172, 1701.37890625, 1059.38916016, 875.127380371, 975.307434082, 1057.74169922, 1468.67883301, 670.780456543, 678.672119141, 467.853942871, 226.025650024, 40.3631820679, 7.18918371201, 7.00479221344, 1.60885930061, 0.0238556228578, 0.00122268439736, 4.18764175265e-05, 3.52943260395e-07],
        "max": [5.22784423828, 42.3573379517, 65.9632644653, 80.9639511108, 125.259391785, 122.899543762, 142.157501221, 246.515579224, 448.651916504, 404.683074951, 566.047485352, 630.702697754, 351.571014404, 326.097076416, 422.586517334, 323.203674316, 442.183654785, 301.668914795, 302.572479248, 369.233917236, 369.316467285, 280.789215088, 376.618377686, 349.966827393, 287.253356934, 325.767486572, 272.17590332, 250.433532715, 193.22756958, 159.824478149, 131.190292358, 90.7178421021, 54.2771987915, 21.460144043, 21.8703670502, 7.30960845947, 1.44347405434, 0.483686953783, 0.0810594037175, 0.00407906668261],
        "mean": [0.729175508022, 3.88862061501, 3.37572240829, 3.27119970322, 3.03436756134, 4.39100313187, 4.57419157028, 7.58085489273, 14.8127088547, 14.4212684631, 17.7747306824, 13.40812397, 13.2378177643, 14.378027916, 15.8326311111, 15.9798927307, 16.7700138092, 19.6881980896, 20.6391029358, 17.6575679779, 23.0984077454, 19.1295375824, 21.5310592651, 23.0694561005, 20.0626659393, 17.4862709045, 14.2902965546, 14.87150383, 11.5653810501, 10.2077531815, 8.06115627289, 5.54403734207, 2.7377204895, 1.33422100544, 0.870518505573, 0.390416443348, 0.0692894086242, 0.0156754422933, 0.00220802077092, 0.00019383666222],
        "median": [0.131865218282, 0.992973744869, 0.649033844471, 0.440904796124, 0.469159424305, 1.41297459602, 1.51024615765, 2.12356543541, 6.64969015121, 4.09627342224, 4.49006462097, 3.51868629456, 4.27194643021, 6.16962337494, 7.41259384155, 6.56378078461, 7.17133045197, 8.66194534302, 9.94904899597, 8.3925409317, 8.67425727844, 10.0257673264, 11.831697464, 13.5670661926, 11.6121711731, 8.6907491684, 6.62783050537, 6.09626531601, 4.71001148224, 3.90329623222, 3.0871758461, 2.11492276192, 1.24642014503, 0.692089259624, 0.367188066244, 0.147628873587, 0.0271606203169, 0.00661576213315, 0.000750019098632, 8.80471561686e-05],
        "min": [1.7875092329e-21, 3.69159398272e-21, 2.88017342266e-20, 1.04047824541e-19, 1.93484072248e-19, 2.32596648353e-19, 2.93073296352e-19, 1.85279526246e-19, 1.35836622343e-18, 7.31946791642e-19, 1.81657444516e-18, 2.54836190113e-18, 2.14319870414e-18, 3.77543388184e-18, 3.8116586024e-18, 4.90527533103e-18, 2.0035255354e-18, 2.50233612428e-18, 3.79115651733e-18, 8.80788368255e-18, 5.53185637323e-18, 1.81508655403e-17, 1.34321161287e-17, 1.12408112884e-17, 1.48197397304e-17, 1.11585002e-17, 1.43741590411e-17, 1.84864576779e-17, 2.25169895111e-17, 1.36354941987e-17, 1.71305415634e-17, 1.67980546618e-17, 1.50318420743e-17, 1.05963887876e-17, 8.41341613768e-18, 5.40584905539e-18, 3.37620260381e-18, 1.54142480851e-18, 3.12859275659e-19, 2.95446845884e-20],
        "var": [1.05914652348, 49.325378418, 43.8978347778, 63.5562286377, 63.3672561646, 91.517364502, 89.2784576416, 278.201263428, 709.566772461, 867.674255371, 1741.92590332, 890.594238281, 590.234008789, 475.948974609, 582.198730469, 626.04095459, 646.390258789, 866.510131836, 786.440124512, 643.970581055, 1800.76611328, 732.517578125, 1083.71582031, 956.534423828, 888.139587402, 858.462646484, 664.867004395, 713.171264648, 412.771270752, 365.641143799, 226.575836182, 112.351593018, 26.9273700714, 5.22600221634, 3.16243338585, 0.590671479702, 0.0129391709343, 0.000717457442079, 1.77378951776e-05, 1.22946360648e-07]
    },
    "gfcc": {
        "mean": [-3.07872438431, 48.2552185059, -121.454345703, 29.7671394348, -57.327709198, 12.2906246185, -31.9957923889, 11.5562238693, -16.4345760345, 9.35445404053, -7.67236661911, 6.43982076645, -9.0908241272],
        "cov": [[9534.984375, -9.73208141327, 1537.14550781, 1606.1965332, 746.316589355, 1104.65893555, 575.158203125, 638.3984375, 323.137664795, 290.539306641, -39.8422813416, -8.54394817352, -223.748397827], [-9.73208141327, 1845.47912598, 415.91973877, 542.831237793, 703.927246094, 239.429885864, 382.735290527, 143.931747437, 173.93939209, 7.6237745285, 103.33405304, -87.8453826904, 7.8868598938], [1537.14550781, 415.91973877, 1402.67016602, 986.571899414, 787.669372559, 628.104736328, 491.399749756, 332.868743896, 229.717773438, 100.841598511, 42.6893348694, -13.9175348282, -76.8302307129], [1606.1965332, 542.831237793, 986.571899414, 1240.01196289, 778.593200684, 628.518249512, 500.969512939, 354.154663086, 206.453643799, 55.6377487183, 42.7291526794, -58.7429161072, -66.8342514038], [746.316589355, 703.927246094, 787.669372559, 778.593200684, 839.035583496, 480.717651367, 465.528167725, 305.112670898, 224.493499756, 84.9407653809, 78.6764221191, -16.3305206299, -31.9804229736], [1104.65893555, 239.429885864, 628.104736328, 628.518249512, 480.717651367, 506.461608887, 344.048797607, 275.633972168, 175.742553711, 108.881263733, 41.206905365, 3.07555699348, -26.1070728302], [575.158203125, 382.735290527, 491.399749756, 500.969512939, 465.528167725, 344.048797607, 381.463256836, 246.764038086, 188.100799561, 82.7591781616, 85.3061141968, 17.696269989, 13.2078227997], [638.3984375, 143.931747437, 332.868743896, 354.154663086, 305.112670898, 275.633972168, 246.764038086, 262.413635254, 153.976074219, 98.5273895264, 56.0407905579, 37.2895393372, 7.04719591141], [323.137664795, 173.93939209, 229.717773438, 206.453643799, 224.493499756, 175.742553711, 188.100799561, 153.976074219, 175.948043823, 99.2618484497, 71.9233703613, 31.6990909576, 24.2989749908], [290.539306641, 7.6237745285, 100.841598511, 55.6377487183, 84.9407653809, 108.881263733, 82.7591781616, 98.5273895264, 99.2618484497, 134.332763672, 70.0551986694, 48.1850585938, 16.1342201233], [-39.8422813416, 103.33405304, 42.6893348694, 42.7291526794, 78.6764221191, 41.206905365, 85.3061141968, 56.0407905579, 71.9233703613, 70.0551986694, 115.033836365, 59.2055587769, 43.283657074], [-8.54394817352, -87.8453826904, -13.9175348282, -58.7429161072, -16.3305206299, 3.07555699348, 17.696269989, 37.2895393372, 31.6990909576, 48.1850585938, 59.2055587769, 105.545150757, 51.2011489868], [-223.748397827, 7.8868598938, -76.8302307129, -66.8342514038, -31.9804229736, -26.1070728302, 13.2078227997, 7.04719591141, 24.2989749908, 16.1342201233, 43.283657074, 51.2011489868, 88.9939498901]],
        "icov": [[0.000172586514964, -1.92326588149e-05, -4.84763986606e-05, -0.000204164491151, 0.000226196934818, -0.000187860583537, 7.59379327064e-05, -0.000124895188492, -2.47959560511e-05, -0.000276308157481, 0.000264759961283, -0.000220427769818, 0.000320150837069], [-1.92326588149e-05, 0.00105467042886, 0.0002109669731, 3.37251221936e-05, -0.00116451724898, 0.000398081698222, -0.000440761970822, 0.000526208605152, -0.000213647901546, 0.000306026777253, -0.000822405912913, 0.00126563862432, -0.000537631683983], [-4.84763986606e-05, 0.0002109669731, 0.00227948767133, -0.000717345799785, -0.00102777825668, -0.000960982171819, -0.000682306359522, 0.00125330837909, -0.000536287901923, -9.93477297015e-05, 0.000711932836566, -0.00111157889478, 0.00109710136894], [-0.000204164491151, 3.37251221936e-05, -0.000717345799785, 0.00383472256362, -0.00106746435631, -0.00226576719433, -0.000250801473157, -0.0012120725587, 0.000637070450466, 0.0028248524759, -0.00215981737711, 0.00218327622861, -6.25342145213e-05], [0.000226196934818, -0.00116451724898, -0.00102777825668, -0.00106746435631, 0.00649597449228, -0.000764249067288, -0.00305100413971, -0.000699591299053, -0.000631167204119, 4.78280817333e-05, 0.000408966123359, -0.000993036897853, 0.00213739322498], [-0.000187860583537, 0.000398081698222, -0.000960982171819, -0.00226576719433, -0.000764249067288, 0.0111850788817, -0.00408600689843, -0.00212141079828, 0.00148753426038, -0.00563598424196, 0.00406274572015, 9.14221236599e-05, -0.000670779380016], [7.59379327064e-05, -0.000440761970822, -0.000682306359522, -0.000250801473157, -0.00305100413971, -0.00408600689843, 0.0183026120067, -0.00579892750829, -0.0057161198929, 0.00591582851484, -0.00648828456178, 0.00194003432989, -0.00257187103853], [-0.000124895188492, 0.000526208605152, 0.00125330837909, -0.0012120725587, -0.000699591299053, -0.00212141079828, -0.00579892750829, 0.0159375425428, -0.00413624383509, -0.00367950904183, 0.00407790672034, -0.00464826915413, 0.00102333317045], [-2.47959560511e-05, -0.000213647901546, -0.000536287901923, 0.000637070450466, -0.000631167204119, 0.00148753426038, -0.0057161198929, -0.00413624383509, 0.020604159683, -0.00933981779963, -0.000928201596253, 0.00278732553124, -0.00372720882297], [-0.000276308157481, 0.000306026777253, -9.93477297015e-05, 0.0028248524759, 4.78280817333e-05, -0.00563598424196, 0.00591582851484, -0.00367950904183, -0.00933981779963, 0.023081285879, -0.0109918359667, -0.00090846180683, 0.00332542858087], [0.000264759961283, -0.000822405912913, 0.000711932836566, -0.00215981737711, 0.000408966123359, 0.00406274572015, -0.00648828456178, 0.00407790672034, -0.000928201596253, -0.0109918359667, 0.0240881014615, -0.0091973207891, -0.00246793264523], [-0.000220427769818, 0.00126563862432, -0.00111157889478, 0.00218327622861, -0.000993036897853, 9.14221236599e-05, 0.00194003432989, -0.00464826915413, 0.00278732553124, -0.00090846180683, -0.0091973207891, 0.0217923764139, -0.00889720767736], [0.000320150837069, -0.000537631683983, 0.00109710136894, -6.25342145213e-05, 0.00213739322498, -0.000670779380016, -0.00257187103853, 0.00102333317045, -0.00372720882297, 0.00332542858087, -0.00246793264523, -0.00889720767736, 0.0205954108387]]
    },
    "melbands": {
        "dmean": [0.00313760456629, 0.00229994719848, 0.000554090773221, 0.000285133632133, 0.000135212059831, 0.000114959329949, 0.000137421186082, 0.00012997527665, 0.000109800850623, 5.64637994103e-05, 4.66631063318e-05, 3.54440853698e-05, 3.30612820107e-05, 2.63828842435e-05, 2.59067310253e-05, 2.15251257032e-05, 2.35728512052e-05, 2.25133680942e-05, 1.25555843624e-05, 1.42650951602e-05, 1.73423904926e-05, 1.04817027022e-05, 1.22008277685e-05, 1.05160970634e-05, 1.01743653431e-05, 8.52253651829e-06, 8.79019080458e-06, 6.24413814876e-06, 6.58165936329e-06, 5.21809715792e-06, 7.49992523197e-06, 4.79007985632e-06, 4.49351546195e-06, 4.55486360806e-06, 3.79605012313e-06, 3.73988723368e-06, 2.55652344094e-06, 1.65820063103e-06, 7.68675590734e-07, 6.83884536556e-07],
        "dmean2": [0.00526160467416, 0.00386038562283, 0.000917794473935, 0.000503551622387, 0.000226616975851, 0.000179841576028, 0.000216162210563, 0.000224509727559, 0.000180251270649, 9.08894799068e-05, 7.48185193515e-05, 5.55747756152e-05, 5.22076879861e-05, 4.25236139563e-05, 4.21859149355e-05, 3.47082568624e-05, 3.93758527935e-05, 3.7955102016e-05, 1.98132838705e-05, 2.25113290071e-05, 2.80992935586e-05, 1.63463173521e-05, 1.91987855942e-05, 1.71773735929e-05, 1.64163375302e-05, 1.32160985231e-05, 1.39617432069e-05, 9.7606498457e-06, 1.03419461084e-05, 8.42614190333e-06, 1.23705594888e-05, 7.52318055675e-06, 7.06889295543e-06, 7.40601490179e-06, 6.07206720815e-06, 6.00882049184e-06, 4.10119764638e-06, 2.56780822383e-06, 1.15847296911e-06, 1.06925654109e-06],
        "dvar": [3.19690770993e-05, 2.05919350265e-05, 2.01647344511e-06, 4.85620716972e-07, 8.3999289302e-08, 6.74061624295e-08, 8.25658901249e-08, 1.08397841814e-07, 9.17675890832e-08, 2.02829752993e-08, 1.03540385155e-08, 4.72351313618e-09, 4.36557856531e-09, 2.61595300977e-09, 2.60765942173e-09, 1.4291497985e-09, 2.48211073917e-09, 1.72415925981e-09, 4.49828035931e-10, 1.16902043601e-09, 1.98314409339e-09, 3.64607594117e-10, 8.97935614752e-10, 3.09608283455e-10, 3.85293880134e-10, 2.17616938358e-10, 4.18154150195e-10, 1.63374480611e-10, 2.46445419627e-10, 1.36061675815e-10, 2.5299418116e-10, 1.03080127767e-10, 9.853088484e-11, 1.01960842547e-10, 7.27187476901e-11, 6.62420812647e-11, 3.08519321202e-11, 1.33231958452e-11, 2.83540920777e-12, 2.38239636352e-12],
        "dvar2": [8.67666094564e-05, 6.40760990791e-05, 5.14697012477e-06, 1.30703654122e-06, 2.20124235284e-07, 1.50590111048e-07, 2.12369656083e-07, 3.16686509905e-07, 2.44530667715e-07, 5.03586043976e-08, 2.59202206365e-08, 1.15964446934e-08, 1.05865032296e-08, 6.35264996163e-09, 6.56612098027e-09, 3.59691831875e-09, 6.92553392412e-09, 4.93998042472e-09, 1.01149122411e-09, 2.94734792128e-09, 4.7378843071e-09, 8.36141156313e-10, 2.14127315878e-09, 7.58505813714e-10, 9.40402200555e-10, 4.21834761566e-10, 8.78374595281e-10, 3.43643086209e-10, 5.60490542867e-10, 3.3175062697e-10, 6.08599337593e-10, 2.29713220667e-10, 2.13661546788e-10, 2.35339026045e-10, 1.71034464369e-10, 1.5431361744e-10, 7.23247156609e-11, 2.82552679171e-11, 5.69909570924e-12, 5.10898268136e-12],
        "max": [0.0473592057824, 0.0384536162019, 0.013082168065, 0.00699518900365, 0.00418757088482, 0.0050754561089, 0.00582158332691, 0.00497687328607, 0.00487457355484, 0.00342522887513, 0.00174018670805, 0.00143693445716, 0.00166869990062, 0.00114329834469, 0.000797843502369, 0.000768904690631, 0.000655157200526, 0.000718477298506, 0.000507524469867, 0.000653019698802, 0.000511624210048, 0.000363222847227, 0.000369741232134, 0.000243283691816, 0.00030671939021, 0.000197102155653, 0.000293590012006, 0.00020482914988, 0.000219927445869, 0.000130429325509, 0.000141911397805, 0.000117491596029, 0.000104754151835, 0.000113639805932, 8.90062947292e-05, 7.8202712757e-05, 5.13615668751e-05, 4.35275651398e-05, 2.06052536669e-05, 1.74282013177e-05],
        "mean": [0.00610070396215, 0.00297740194947, 0.000555636710487, 0.000263035995886, 0.000170581333805, 0.000169758699485, 0.000221581940423, 0.000156435300596, 0.000139587151352, 8.08975673863e-05, 6.69994187774e-05, 5.98897204327e-05, 5.49184187548e-05, 4.33903624071e-05, 4.20418582507e-05, 3.59412624675e-05, 3.64442603313e-05, 3.5188797483e-05, 2.30712867051e-05, 2.43546710408e-05, 2.70957461908e-05, 1.90468035726e-05, 1.94306430785e-05, 1.9106129912e-05, 1.86791130545e-05, 1.57044196385e-05, 1.34571673698e-05, 1.09053253254e-05, 9.57103293331e-06, 7.71148370404e-06, 8.84784458322e-06, 6.76705121805e-06, 5.82137045058e-06, 5.57034218218e-06, 4.45440218755e-06, 4.51482537756e-06, 2.95399490824e-06, 2.10768826037e-06, 1.23353072468e-06, 1.05975561837e-06],
        "median": [0.00130203051958, 0.000822230416816, 7.20359385014e-05, 6.21803555987e-05, 6.00707971898e-05, 4.76608729514e-05, 9.84744838206e-05, 4.10716602346e-05, 3.54415897164e-05, 2.10408215935e-05, 2.18723198486e-05, 2.56292369158e-05, 2.5935460144e-05, 1.78496011358e-05, 1.54437402671e-05, 1.59259052452e-05, 1.56614005391e-05, 1.63816184795e-05, 1.093406172e-05, 9.78926254902e-06, 9.28875306272e-06, 9.20040929486e-06, 9.71611734712e-06, 1.1245290807e-05, 1.02303647509e-05, 9.38363700698e-06, 6.34700427327e-06, 5.04435547555e-06, 4.06666049457e-06, 3.40984365721e-06, 3.33943876285e-06, 2.66242182079e-06, 2.28440899264e-06, 1.9903991415e-06, 1.71376586877e-06, 1.52614438775e-06, 1.11573206141e-06, 8.81290361576e-07, 6.09598828305e-07, 5.1584834182e-07],
        "min": [1.5959878847e-23, 1.15182685177e-23, 2.25625846703e-23, 1.2757051507e-23, 1.22696743071e-23, 3.80841731872e-24, 2.06508654635e-23, 8.41036086606e-24, 1.3198257467e-23, 1.81652436372e-23, 1.01768957453e-23, 1.51740313905e-23, 9.72811672063e-24, 1.97704146517e-23, 4.87039764655e-24, 3.68285866717e-24, 4.94047886608e-24, 4.7135578991e-24, 1.1379686167e-23, 1.10830799887e-23, 4.70386989832e-24, 1.78112975263e-23, 1.72898099808e-23, 9.82888186836e-24, 8.55191880006e-24, 1.00493755911e-23, 1.00594690664e-23, 6.72510469246e-24, 7.65181194112e-24, 1.11885972345e-23, 1.03004794836e-23, 1.31819674893e-23, 1.01700705208e-23, 6.78243752533e-24, 9.3480474808e-24, 1.071888973e-23, 9.5331639474e-24, 1.02266231702e-23, 1.12413065536e-23, 7.7042009827e-24],
        "var": [8.0566140241e-05, 2.68754083663e-05, 1.79923574706e-06, 3.54061853614e-07, 1.00695984884e-07, 1.28697379864e-07, 1.43383303453e-07, 1.08189105674e-07, 1.03474881996e-07, 3.10080245924e-08, 1.54320520807e-08, 8.80241213252e-09, 7.54874296405e-09, 5.12239628492e-09, 4.74639838544e-09, 2.71170175203e-09, 3.31170069146e-09, 2.64584509857e-09, 1.06760378316e-09, 1.71937875049e-09, 2.94205904083e-09, 7.59360907487e-10, 1.24041343863e-09, 5.98694926968e-10, 7.09489356154e-10, 4.77537176469e-10, 6.16025119804e-10, 3.19792886616e-10, 3.42074035764e-10, 1.7942916597e-10, 2.66806216009e-10, 1.38876188327e-10, 1.22403212566e-10, 1.19991114267e-10, 7.52627127287e-11, 7.3228104136e-11, 3.32247805657e-11, 1.70083374468e-11, 4.58360909991e-12, 3.36741030026e-12]
    },
    "mfcc": {
        "mean": [-644.810241699, 83.9650039673, -8.90365409851, 18.0857124329, -2.78202080727, 3.87257051468, -2.20626926422, 4.18327379227, -3.18975830078, 4.83489894867, 3.39817404747, 4.41034507751, 3.89577507973],
        "cov": [[7651.65380859, -145.618896484, 1202.52453613, 981.397033691, 785.355773926, 807.281921387, 647.926635742, 631.246765137, 557.40246582, 472.957000732, 385.344390869, 320.392883301, 74.1641387939], [-145.618896484, 1440.97338867, 65.1778182983, 358.524963379, 338.124755859, 229.745452881, 251.967636108, 170.91178894, 143.363891602, 147.869003296, 114.914421082, 78.9443359375, 52.8970565796], [1202.52453613, 65.1778182983, 979.385925293, 641.653381348, 562.726806641, 517.891906738, 436.912109375, 392.101989746, 312.348510742, 244.9034729, 198.052734375, 138.580047607, 59.0997161865], [981.397033691, 358.524963379, 641.653381348, 858.942138672, 631.612609863, 515.717285156, 496.882476807, 434.147338867, 321.157836914, 250.355255127, 210.733001709, 152.003311157, 72.2559051514], [785.355773926, 338.124755859, 562.726806641, 631.612609863, 623.909057617, 475.23059082, 439.759185791, 373.859558105, 305.125579834, 238.621185303, 203.889770508, 141.868423462, 69.4946975708], [807.281921387, 229.745452881, 517.891906738, 515.717285156, 475.23059082, 469.904174805, 378.58416748, 321.454742432, 261.08883667, 218.407333374, 175.243789673, 132.47706604, 63.8504257202], [647.926635742, 251.967636108, 436.912109375, 496.882476807, 439.759185791, 378.58416748, 416.471130371, 327.838409424, 259.142944336, 196.052322388, 172.805145264, 124.771377563, 72.9290847778], [631.246765137, 170.91178894, 392.101989746, 434.147338867, 373.859558105, 321.454742432, 327.838409424, 345.269439697, 247.363082886, 177.307830811, 151.938476562, 116.518936157, 67.6838912964], [557.40246582, 143.363891602, 312.348510742, 321.157836914, 305.125579834, 261.08883667, 259.142944336, 247.363082886, 259.358856201, 177.847000122, 131.034790039, 100.767715454, 62.5897827148], [472.957000732, 147.869003296, 244.9034729, 250.355255127, 238.621185303, 218.407333374, 196.052322388, 177.307830811, 177.847000122, 186.446670532, 135.392578125, 92.0559616089, 53.0540809631], [385.344390869, 114.914421082, 198.052734375, 210.733001709, 203.889770508, 175.243789673, 172.805145264, 151.938476562, 131.034790039, 135.392578125, 157.284698486, 99.64427948, 49.5340576172], [320.392883301, 78.9443359375, 138.580047607, 152.003311157, 141.868423462, 132.47706604, 124.771377563, 116.518936157, 100.767715454, 92.0559616089, 99.64427948, 118.785118103, 66.6527328491], [74.1641387939, 52.8970565796, 59.0997161865, 72.2559051514, 69.4946975708, 63.8504257202, 72.9290847778, 67.6838912964, 62.5897827148, 53.0540809631, 49.5340576172, 66.6527328491, 89.9208831787]],
