{
"lowlevel": {
    "average_loudness": 0.164080247283,
    "barkbands_crest": {
        "dmean": 2.17747354507,
        "dmean2": 3.5244011879,
        "dvar": 4.32033061981,
        "dvar2": 10.6871881485,
        "max": 26.1127147675,
        "mean": 12.4851999283,
        "median": 11.6840982437,
        "min": 3.99569702148,
        "var": 18.7462711334
    },
    "barkbands_flatness_db": {
        "dmean": 0.0187706388533,
        "dmean2": 0.0301954820752,
        "dvar": 0.000342001614626,
        "dvar2": 0.000823612557724,
        "max": 0.49630022049,
        "mean": 0.324657738209,
        "median": 0.325655370951,
        "min": 0.0672019198537,
        "var": 0.00191949156579
    },
    "barkbands_kurtosis": {
        "dmean": 1.91775083542,
        "dmean2": 3.07286286354,
        "dvar": 10.4663639069,
        "dvar2": 25.081161499,
        "max": 95.9651565552,
        "mean": 4.00533771515,
        "median": 2.34256649017,
        "min": -1.8864736557,
        "var": 36.1325798035
    },
    "barkbands_skewness": {
        "dmean": 0.433165788651,
        "dmean2": 0.685684680939,
        "dvar": 0.211258813739,
        "dvar2": 0.501163899899,
        "max": 8.36535167694,
        "mean": 0.421164602041,
        "median": 0.483068317175,
        "min": -6.17536735535,
        "var": 1.66087174416
    },
    "barkbands_spread": {
        "dmean": 1.21900522709,
        "dmean2": 1.96990799904,
        "dvar": 3.94110703468,
        "dvar2": 9.91554260254,
        "max": 74.051612854,
        "mean": 5.55356645584,
        "median": 4.57946157455,
        "min": 0.447898894548,
        "var": 22.1067581177
    },
    "dissonance": {
        "dmean": 0.0466070175171,
        "dmean2": 0.0799961090088,
        "dvar": 0.002096345881,
        "dvar2": 0.00572916306555,
        "max": 0.500000119209,
        "mean": 0.387600898743,
        "median": 0.396793693304,
        "min": 0.113629810512,
        "var": 0.00510430335999
    },
    "dynamic_complexity": 8.19550418854,
    "erbbands_crest": {
        "dmean": 2.39510250092,
        "dmean2": 3.74429011345,
        "dvar": 6.16869068146,
        "dvar2": 13.5563135147,
        "max": 34.5092735291,
        "mean": 14.9952220917,
        "median": 13.9680395126,
        "min": 2.20664000511,
        "var": 35.1114463806
    },
    "erbbands_flatness_db": {
        "dmean": 0.0150818005204,
        "dmean2": 0.0234327744693,
        "dvar": 0.000260174536379,
        "dvar2": 0.000554912723601,
        "max": 0.551230311394,
        "mean": 0.378870993853,
        "median": 0.380843102932,
        "min": 0.0106892343611,
        "var": 0.00258751935326
    },
    "erbbands_kurtosis": {
        "dmean": 1.53912639618,
        "dmean2": 2.35474944115,
        "dvar": 8.52687740326,
        "dvar2": 17.8073596954,
        "max": 105.487548828,
        "mean": 3.27521061897,
        "median": 1.47257232666,
        "min": -1.81567800045,
        "var": 40.3918266296
    },
    "erbbands_skewness": {
        "dmean": 0.336742132902,
        "dmean2": 0.512921512127,
        "dvar": 0.141609758139,
        "dvar2": 0.28757506609,
        "max": 5.46272754669,
        "mean": 0.361226379871,
        "median": 0.483617812395,
        "min": -6.22749614716,
        "var": 1.271941185
    },
    "erbbands_spread": {
        "dmean": 1.53580152988,
        "dmean2": 2.3779129982,
        "dvar": 5.18120288849,
        "dvar2": 11.4336996078,
        "max": 128.219467163,
        "mean": 8.90290546417,
        "median": 7.95918464661,
        "min": 0.314902275801,
        "var": 45.4028320312
    },
    "hfc": {
        "dmean": 2.9067428112,
        "dmean2": 4.05600976944,
        "dvar": 56.3214683533,
        "dvar2": 116.750938416,
        "max": 264.567352295,
        "mean": 9.61587142944,
        "median": 3.64471101761,
        "min": 1.16716904967e-16,
        "var": 240.563171387
    },
    "melbands_crest": {
        "dmean": 2.5305814743,
        "dmean2": 4.12878656387,
        "dvar": 6.22022533417,
        "dvar2": 15.5239830017,
        "max": 39.7936134338,
        "mean": 14.079454422,
        "median": 13.1479558945,
        "min": 1.91133129597,
        "var": 25.3382530212
    },
    "melbands_flatness_db": {
        "dmean": 0.0203851144761,
        "dmean2": 0.0326563604176,
        "dvar": 0.000442336691776,
        "dvar2": 0.00105175003409,
        "max": 0.61685025692,
        "mean": 0.425606697798,
        "median": 0.429337114096,
        "min": 0.0044668186456,
        "var": 0.00338888913393
    },
    "melbands_kurtosis": {
        "dmean": 1.88945138454,
        "dmean2": 3.0178732872,
        "dvar": 17.2553672791,
        "dvar2": 34.3359718323,
        "max": 272.036560059,
        "mean": 3.84123206139,
        "median": 2.16933441162,
        "min": -1.86966478825,
        "var": 69.9014053345
    },
    "melbands_skewness": {
        "dmean": 0.409119039774,
        "dmean2": 0.643821656704,
        "dvar": 0.208485797048,
        "dvar2": 0.472136110067,
        "max": 16.1379508972,
        "mean": 0.588112533092,
        "median": 0.606440722942,
        "min": -6.03198862076,
        "var": 1.69726991653
    },
    "melbands_spread": {
        "dmean": 1.9833753109,
        "dmean2": 3.18665385246,
        "dvar": 9.49570655823,
        "dvar2": 22.8071956635,
        "max": 122.933830261,
        "mean": 9.1453037262,
        "median": 7.47509908676,
        "min": 0.758151948452,
        "var": 43.5689582825
    },
    "pitch_salience": {
        "dmean": 0.0579102598131,
        "dmean2": 0.0942503586411,
        "dvar": 0.00325723132119,
        "dvar2": 0.00828149821609,
        "max": 0.8877581954,
        "mean": 0.535685241222,
        "median": 0.542527556419,
        "min": 0.0599064528942,
        "var": 0.0130757298321
    },
    "silence_rate_20dB": {
        "dmean": 0,
        "dmean2": 0,
        "dvar": 0,
        "dvar2": 0,
        "max": 1,
        "mean": 1,
        "median": 1,
        "min": 1,
        "var": 0
    },
    "silence_rate_30dB": {
        "dmean": 0.00688416650519,
        "dmean2": 0.0137693630531,
        "dvar": 0.00683563109487,
        "dvar2": 0.0161229874939,
        "max": 1,
        "mean": 0.991694748402,
        "median": 1,
        "min": 0,
        "var": 0.00823600683361
    },
    "silence_rate_60dB": {
        "dmean": 0.0442981161177,
        "dmean2": 0.0886028558016,
        "dvar": 0.0423316769302,
        "dvar2": 0.0939256921411,
        "max": 1,
        "mean": 0.373138785362,
        "median": 0,
        "min": 0,
        "var": 0.233911126852
    },
    "spectral_centroid": {
        "dmean": 49.4793243408,
        "dmean2": 76.4676971436,
        "dvar": 13842.4423828,
        "dvar2": 25095.3828125,
        "max": 10900.4619141,
        "mean": 631.851867676,
        "median": 567.499633789,
        "min": 203.774032593,
        "var": 84754.0703125
    },
    "spectral_complexity": {
        "dmean": 1.30709373951,
        "dmean2": 2.14682340622,
        "dvar": 2.26009368896,
        "dvar2": 5.28565740585,
        "max": 48,
        "mean": 8.47946166992,
        "median": 8,
        "min": 0,
        "var": 30.3387832642
    },
    "spectral_decrease": {
        "dmean": 1.06702635616e-09,
        "dmean2": 1.53605994591e-09,
        "dvar": 4.89825049968e-18,
        "dvar2": 9.73856196053e-18,
        "max": 5.24082250907e-29,
        "mean": -3.84919651708e-09,
        "median": -1.5965404554e-09,
        "min": -8.08866857938e-08,
        "var": 2.97755308191e-17
    },
    "spectral_energy": {
        "dmean": 0.00428375089541,
        "dmean2": 0.00615274440497,
        "dvar": 7.99886547611e-05,
        "dvar2": 0.00015883895685,
        "max": 0.326648324728,
        "mean": 0.0153998620808,
        "median": 0.00638371706009,
        "min": 1.03887584147e-20,
        "var": 0.000478716858197
    },
    "spectral_energyband_high": {
        "dmean": 4.27839313488e-06,
        "dmean2": 7.28863506083e-06,
        "dvar": 3.04560110465e-08,
        "dvar2": 8.52899546544e-08,
        "max": 0.016405262053,
        "mean": 4.43374256065e-06,
        "median": 1.44094116195e-07,
        "min": 7.0254347739e-21,
        "var": 2.19603766283e-08
    },
    "spectral_energyband_low": {
        "dmean": 0.000379542267183,
        "dmean2": 0.00062724458985,
        "dvar": 1.07907317215e-06,
        "dvar2": 2.87445277536e-06,
        "max": 0.0495216101408,
        "mean": 0.000774756714236,
        "median": 0.000148476217873,
        "min": 4.74584274162e-23,
        "var": 3.55598172064e-06
    },
    "spectral_energyband_middle_high": {
        "dmean": 0.0016142509412,
        "dmean2": 0.00223410059698,
        "dvar": 2.4452483558e-05,
        "dvar2": 4.799515591e-05,
        "max": 0.144882872701,
        "mean": 0.00428152875975,
        "median": 0.000905237335246,
        "min": 1.60762673219e-21,
        "var": 9.0091220045e-05
    },
    "spectral_energyband_middle_low": {
        "dmean": 0.00305510591716,
        "dmean2": 0.00452825194225,
        "dvar": 4.43313547294e-05,
        "dvar2": 9.07075882424e-05,
        "max": 0.258006542921,
        "mean": 0.0108427964151,
        "median": 0.00367177277803,
        "min": 3.34116697396e-22,
        "var": 0.000283985835267
    },
    "spectral_entropy": {
        "dmean": 0.159177407622,
        "dmean2": 0.257235974073,
        "dvar": 0.0321960859001,
        "dvar2": 0.0757313892245,
        "max": 9.79697704315,
        "mean": 5.84055233002,
        "median": 5.85139894485,
        "min": 3.77119326591,
        "var": 0.190751358867
    },
    "spectral_flux": {
        "dmean": 0.0144952172413,
        "dmean2": 0.0238327104598,
        "dvar": 0.000486107106553,
        "dvar2": 0.00123533827718,
        "max": 0.31445735693,
        "mean": 0.0369872711599,
        "median": 0.0275721531361,
        "min": 1.01925259899e-10,
        "var": 0.00119822542183
    },
    "spectral_kurtosis": {
        "dmean": 28.7833919525,
        "dmean2": 49.912689209,
        "dvar": 616.261352539,
        "dvar2": 1707.79882812,
        "max": 273.509796143,
        "mean": 86.9313201904,
        "median": 84.8433609009,
        "min": -1.18969428539,
        "var": 2075.78857422
    },
    "spectral_rms": {
        "dmean": 0.000449398969067,
        "dmean2": 0.000640171812847,
        "dvar": 3.96891181254e-07,
        "dvar2": 7.85108056789e-07,
        "max": 0.0178516469896,
        "mean": 0.00306475465186,
        "median": 0.00249559944496,
        "min": 3.18361027644e-12,
        "var": 5.63160074307e-06
    },
    "spectral_rolloff": {
        "dmean": 68.7582931519,
        "dmean2": 120.913398743,
        "dvar": 53008.109375,
        "dvar2": 88614.4609375,
        "max": 19659.8144531,
        "mean": 794.22479248,
        "median": 710.595703125,
        "min": 21.533203125,
        "var": 149265.234375
    },
    "spectral_skewness": {
        "dmean": 1.58256614208,
        "dmean2": 2.77926802635,
        "dvar": 1.65455210209,
        "dvar2": 4.74154806137,
        "max": 13.4729375839,
        "mean": 6.30444765091,
        "median": 6.2685713768,
        "min": -0.00302424561232,
        "var": 4.95239448547
    },
    "spectral_spread": {
        "dmean": 253980.796875,
        "dmean2": 446862.71875,
        "dvar": 155053064192,
        "dvar2": 318850367488,
        "max": 39117776,
        "mean": 1059197.375,
        "median": 893060.25,
        "min": 301542.3125,
        "var": 1.2568386601e+12
    },
    "spectral_strongpeak": {
        "dmean": 0.435150057077,
        "dmean2": 0.682275295258,
        "dvar": 0.592033743858,
        "dvar2": 1.34614801407,
        "max": 18.6847267151,
        "mean": 1.34607899189,
        "median": 0.864685773849,
        "min": 0,
        "var": 2.25327396393
    },
    "zerocrossingrate": {
        "dmean": 0.00247187819332,
        "dmean2": 0.00310222851112,
        "dvar": 2.87475995719e-05,
        "dvar2": 3.29948306899e-05,
        "max": 0.50341796875,
        "mean": 0.0306796263903,
        "median": 0.02783203125,
        "min": 0.00390625,
        "var": 0.000218938279431
    },
    "barkbands": {
        "dmean": [4.40508338215e-05, 0.000195832632016, 0.000205723801628, 0.000149207931827, 0.00100263895001, 0.000774006766733, 0.000653568131384, 0.000917785509955, 0.000568681338336, 0.000952097645495, 0.000428647821536, 0.000242967638769, 0.000179905080586, 0.000199552159756, 4.22892917413e-05, 4.47647435067e-05, 2.8529238989e-05, 1.28958890855e-05, 1.33359608299e-05, 3.42769976669e-06, 7.76649699219e-07, 3.94933550751e-07, 3.05240661191e-07, 1.23914446704e-07, 3.4674425109e-08, 1.14780016602e-08, 2.14394701992e-09],
        "dmean2": [7.50622493797e-05, 0.000333058880642, 0.000341786624631, 0.000248706608545, 0.00166438624728, 0.0012445297325, 0.00108375248965, 0.00127861974761, 0.000808685261291, 0.00126907776576, 0.000594178680331, 0.000364579696907, 0.000275668629911, 0.000291629898129, 6.49148787488e-05, 6.49541980238e-05, 4.48126120318e-05, 2.08430228668e-05, 2.17175402213e-05, 5.95853998675e-06, 1.20034997053e-06, 6.43382009002e-07, 5.35012702585e-07, 2.20656616534e-07, 6.26459737418e-08, 2.04044123819e-08, 3.90524990124e-09],
        "dvar": [3.52609745846e-08, 2.63600782091e-07, 3.78614060992e-07, 2.28350216958e-07, 6.43041676085e-06, 5.74480509385e-06, 3.25528731082e-06, 8.35314858705e-06, 2.81867437479e-06, 1.54884473886e-05, 2.73762680081e-06, 9.90375838228e-07, 7.75458318003e-07, 2.42156420427e-06, 6.52415081959e-08, 2.81068963659e-07, 1.33722593887e-07, 6.14526527443e-08, 1.4622254696e-07, 2.55597747412e-08, 8.71207758713e-11, 6.01859118099e-11, 6.29701360499e-11, 1.85212799958e-11, 5.84372502645e-13, 5.21707954886e-14, 6.67611781389e-16],
        "dvar2": [9.94191395876e-08, 7.10674669335e-07, 9.87238991002e-07, 6.22214486157e-07, 1.800406244e-05, 1.433165653e-05, 8.65064885147e-06, 1.67275156855e-05, 5.25024279341e-06, 2.7134674383e-05, 5.0311027735e-06, 2.20607375923e-06, 1.87230386928e-06, 5.49275182493e-06, 1.38900205116e-07, 6.02911370606e-07, 3.23042513628e-07, 1.24465188378e-07, 3.80430321911e-07, 7.21815567317e-08, 2.31489105662e-10, 1.57662480293e-10, 1.71448286124e-10, 5.19408231703e-11, 1.60809668533e-12, 1.30040861976e-13, 1.58838032313e-15],
        "max": [0.00553152710199, 0.0181656908244, 0.0253316499293, 0.0201056748629, 0.0566037967801, 0.0915325880051, 0.0467557199299, 0.114421576262, 0.0624044761062, 0.15981143713, 0.0598359033465, 0.0439310595393, 0.0350601375103, 0.0923016667366, 0.0150158228353, 0.0363002903759, 0.0187537670135, 0.0190078224987, 0.0291915945709, 0.0150338755921, 0.000541243935004, 0.000609994516708, 0.00061466783518, 0.000376457843231, 5.47537820239e-05, 1.82760886673e-05, 1.80936945071e-06],
        "mean": [4.38377064711e-05, 0.000341801060131, 0.00032331928378, 0.000217915876419, 0.00225417874753, 0.00194152246695, 0.00141667609569, 0.00277272355743, 0.00143687182572, 0.00203279871494, 0.00103350367863, 0.000577737402637, 0.000386181724025, 0.000403688871302, 6.6986613092e-05, 7.52754276618e-05, 3.98314259655e-05, 1.64445518749e-05, 1.32425921038e-05, 3.53673090103e-06, 1.00205011222e-06, 4.43367213165e-07, 2.57821341165e-07, 8.92759786097e-08, 2.5235111778e-08, 8.48689563071e-09, 5.1457615946e-09],
        "median": [1.86001716429e-06, 4.8556656111e-05, 4.67409518023e-05, 3.16041005135e-05, 0.000436853792053, 0.000240862354985, 0.000302578759147, 0.000388524262235, 0.000274407793768, 0.000139271098305, 8.61816879478e-05, 7.28522354621e-05, 4.04418569815e-05, 2.04811385629e-05, 8.12798862171e-06, 7.82319330028e-06, 2.57399938164e-06, 6.84320355049e-07, 5.00508235746e-07, 1.70093088059e-07, 3.38553611812e-08, 1.16351701607e-08, 2.60453347778e-09, 7.41948946725e-10, 4.48748371795e-10, 5.76872216662e-10, 4.15620116101e-09],
        "min": [3.38373428706e-23, 1.2214395668e-23, 7.7452777589e-24, 2.66914400497e-23, 4.85525995798e-23, 7.87315305827e-23, 3.32894379511e-23, 3.87972679468e-23, 9.51464449102e-23, 5.20418070943e-23, 9.53301232834e-23, 5.46588215929e-23, 1.66727834911e-22, 9.46775838535e-23, 1.25997255057e-22, 1.58908746593e-22, 1.42582241485e-22, 2.79153110436e-22, 2.27105229113e-22, 3.70279873583e-22, 4.74106767189e-22, 5.09259418868e-22, 4.55506563004e-22, 7.30210649396e-22, 1.05941368999e-21, 1.9232492483e-21, 1.96925087051e-21],
        "var": [3.54781874989e-08, 1.13623752895e-06, 9.22359731703e-07, 4.04306433666e-07, 2.0092824343e-05, 2.55712584476e-05, 9.15260443435e-06, 5.04258496221e-05, 1.00691740954e-05, 4.12314911955e-05, 1.16862456707e-05, 3.5758885133e-06, 1.7822621885e-06, 5.84486815569e-06, 1.04073677676e-07, 4.27968757322e-07, 1.86204658803e-07, 7.49555368884e-08, 1.20709543694e-07, 1.82107822155e-08, 7.35580693578e-11, 4.73062526651e-11, 4.28029556243e-11, 1.15418985133e-11, 3.79437068787e-13, 4.0578316125e-14, 5.50669830356e-16]
    },
    "erbbands": {
        "dmean": [0.00307691539638, 0.0538488328457, 0.206143677235, 0.343606591225, 1.31265842915, 4.14620399475, 4.61902952194, 6.9607257843, 12.2360372543, 7.52340936661, 21.5397529602, 15.18379879, 21.3860225677, 25.7973003387, 18.242225647, 8.85915660858, 8.46322822571, 8.91649246216, 5.19460201263, 2.26681137085, 2.37505722046, 1.2683672905, 0.924136519432, 0.61592400074, 0.619606852531, 0.238944664598, 0.04587206617, 0.0292420405895, 0.0139904553071, 0.0120021430776, 0.00804061815143, 0.00396092841402, 0.0011689538369, 0.000344692583894, 0.000321589555824, 8.25333045213e-05, 1.68609622051e-05, 2.80658764495e-06, 2.28326848628e-06, 4.93083462061e-06],
        "dmean2": [0.00502240145579, 0.0918487459421, 0.34435236454, 0.558856725693, 2.17262601852, 6.99357795715, 7.60272359848, 11.3907594681, 19.923784256, 11.3420190811, 30.07995224, 21.700761795, 28.4854831696, 35.0810966492, 24.3826007843, 13.2018938065, 12.5730476379, 13.7004394531, 7.29633903503, 3.21996045113, 3.47483205795, 1.98577749729, 1.46832334995, 0.996991097927, 1.01094985008, 0.415099650621, 0.0733830481768, 0.0476602762938, 0.022726694122, 0.0208032224327, 0.014138976112, 0.00706741027534, 0.00202177092433, 0.000606935645919, 0.000584401772358, 0.000144443140016, 3.01731688523e-05, 5.02980583406e-06, 3.31063392878e-06, 7.05965112502e-06],
        "dvar": [7.41012117942e-05, 0.019388101995, 0.331848710775, 1.33879804611, 16.6723327637, 131.904159546, 128.609115601, 522.18927002, 1353.59680176, 324.270172119, 5244.80078125, 2154.66870117, 10426.8339844, 13794.2421875, 5914.64697266, 1216.34130859, 1578.00012207, 5834.91992188, 2002.97045898, 194.144729614, 1282.47875977, 283.251800537, 171.120880127, 151.854034424, 590.981628418, 123.063735962, 1.32938826084, 0.198909699917, 0.0717443674803, 0.0626786649227, 0.0913722589612, 0.0163604635745, 0.000966977153439, 2.30160640058e-05, 9.54481001827e-05, 3.58668216904e-06, 9.03672159325e-08, 1.33710542638e-09, 5.59701382463e-11, 1.08310770075e-10],
        "dvar2": [0.000176522167749, 0.0531958378851, 0.873210847378, 3.62388777733, 44.3636054993, 380.804473877, 343.889892578, 1357.90844727, 3298.17163086, 722.321166992, 10404.3125, 4095.85620117, 18842.7265625, 24519.7363281, 9498.38476562, 2740.93481445, 3538.78369141, 15054.4648438, 3613.87890625, 381.877349854, 2759.82495117, 687.147399902, 384.790679932, 361.787719727, 1548.99060059, 347.702911377, 3.67725944519, 0.54358202219, 0.188343286514, 0.148640185595, 0.254806101322, 0.0460185259581, 0.00259592453949, 5.82126194786e-05, 0.000270213960903, 9.02935335034e-06, 2.4483452421e-07, 3.62044683122e-09, 1.16395296179e-10, 2.15357010003e-10],
        "max": [0.446798920631, 4.31816005707, 23.8087120056, 60.7798194885, 124.037582397, 281.15637207, 308.597930908, 795.682006836, 1359.07971191, 495.978179932, 2869.62768555, 1841.94665527, 6151.41210938, 3787.80834961, 3205.98291016, 1788.75488281, 1620.5760498, 4666.53662109, 3677.48510742, 664.581481934, 2476.9050293, 1217.99072266, 669.531005859, 820.518493652, 1970.80187988, 1033.88647461, 106.689460754, 28.9514389038, 20.2823638916, 17.8251972198, 25.3142681122, 10.9278297424, 2.71942257881, 0.235393241048, 0.744748175144, 0.144445925951, 0.0176531281322, 0.00162552099209, 0.000520808505826, 0.000377678399673],
        "mean": [0.00695312581956, 0.0907279923558, 0.328935116529, 0.614062845707, 2.4597094059, 8.82639408112, 10.201051712, 16.9367656708, 29.0327739716, 21.1533603668, 64.8645553589, 39.6330337524, 51.3238830566, 56.7645149231, 44.5448875427, 22.7271251678, 20.216791153, 18.516412735, 10.1098833084, 4.27386522293, 3.76090669632, 1.84045183659, 1.27817189693, 0.754646599293, 0.587822139263, 0.231704264879, 0.0581581294537, 0.034969907254, 0.0158560816199, 0.0113126998767, 0.00659151654691, 0.00287224957719, 0.000915429671295, 0.000282938301098, 0.000232431397308, 6.65177285555e-05, 1.69954510056e-05, 3.88690023101e-06, 8.35288756207e-06, 1.77102956513e-05],
        "median": [0.000797895831056, 0.0137964077294, 0.0545100569725, 0.109781883657, 0.400848180056, 1.55358970165, 1.96365368366, 2.04469704628, 4.70943641663, 6.3255648613, 8.72244358063, 9.23394775391, 5.34002971649, 6.107817173, 5.16790151596, 3.50666451454, 2.46444201469, 1.49741756916, 0.797117233276, 0.50315541029, 0.362633556128, 0.153591200709, 0.0779815763235, 0.034194290638, 0.0188726019114, 0.00805633142591, 0.00271560670808, 0.00123124255333, 0.000475231092423, 0.00020188743656, 6.41106453259e-05, 2.93942612188e-05, 1.61050138558e-05, 1.0995354387e-05, 7.73886222305e-06, 5.30832130607e-06, 3.3622097817e-06, 1.53222390509e-06, 3.73238276552e-06, 7.42111524232e-06],
        "min": [5.75988367669e-22, 2.21109840795e-21, 8.64952958964e-21, 5.02012100973e-20, 1.44402548045e-19, 1.66400498783e-19, 2.22382389505e-19, 9.26433600663e-19, 6.16472843419e-19, 5.32647187323e-19, 1.06616808417e-18, 2.34299963161e-18, 1.13060783203e-18, 4.03209768615e-18, 2.1838310566e-18, 3.02171000961e-18, 6.97493912628e-18, 6.67815251276e-18, 3.73954416942e-18, 8.93417927284e-18, 9.31341924982e-18, 8.03899200622e-18, 1.49675784125e-17, 1.35073440695e-17, 1.28207725805e-17, 1.6448332625e-17, 1.84418643711e-17, 1.8806182837e-17, 2.03279503186e-17, 1.11895459428e-17, 1.47178906359e-17, 1.33932841348e-17, 1.29254498055e-17, 1.04594788157e-17, 9.5077967676e-18, 7.89118475693e-18, 3.09227058381e-18, 1.19504933765e-18, 2.41494888696e-19, 3.22272183902e-20],
        "var": [0.000712826615199, 0.0682030171156, 0.811906218529, 2.70785021782, 39.4453086853, 366.781402588, 413.765686035, 2116.54052734, 5251.24511719, 1544.40991211, 30399.3222656, 7471.50976562, 27601.4921875, 38320.453125, 24106.375, 4816.82324219, 4489.31494141, 10658.5390625, 5139.45898438, 417.458984375, 1852.18310547, 367.034118652, 241.643508911, 158.94468689, 476.545196533, 87.5922927856, 0.992308199406, 0.145646393299, 0.0558648966253, 0.0562222525477, 0.0582279190421, 0.0101194679737, 0.000673564092722, 1.85903190868e-05, 5.75344529352e-05, 2.74795115729e-06, 6.065285163e-08, 9.21436260626e-10, 1.62308097518e-10, 6.32904284537e-10]
    },
    "gfcc": {
        "mean": [-242.714309692, 227.597564697, -136.514541626, -51.4179534912, -28.4183578491, -27.1806144714, -14.2773237228, -14.0234041214, -8.89688682556, -10.766076088, -5.51176452637, -8.52793216705, -2.70148181915],
        "cov": [[17747.8183594, 1472.63293457, -3487.74487305, 1355.39562988, -901.619445801, -326.35043335, 657.401123047, -540.737731934, 32.2734146118, -165.179626465, 43.4585876465, -98.6937561035, 122.796081543], [1472.63293457, 1264.69555664, 51.913394928, -123.621360779, 47.3363456726, -374.29397583, -85.5040283203, -79.8011245728, -76.7026443481, -26.7188148499, 22.4359340668, -25.5615196228, 2.83072304726], [-3487.74487305, 51.913394928, 1247.00769043, -185.334777832, 162.059707642, -16.7853393555, -254.202804565, 52.6113395691, -32.6192016602, 12.1343612671, -14.7887220383, 21.5258827209, -1.3542355299], [1355.39562988, -123.621360779, -185.334777832, 431.077667236, 35.5187988281, 90.0886077881, 46.3297157288, -69.0879440308, 32.9741516113, 2.46309494972, -2.06991863251, -20.5110092163, -1.15607297421], [-901.619445801, 47.3363456726, 162.059707642, 35.5187988281, 350.398162842, 136.468688965, -63.5164794922, 10.9993305206, -8.25502490997, 24.6843452454, -2.98842597008, -9.40277290344, -5.59733629227], [-326.35043335, -374.29397583, -16.7853393555, 90.0886077881, 136.468688965, 383.846710205, 107.240242004, 16.8407611847, 11.6710329056, -43.5295906067, -32.594871521, 24.1200141907, 21.3639659882], [657.401123047, -85.5040283203, -254.202804565, 46.3297157288, -63.5164794922, 107.240242004, 269.196411133, 69.9399261475, 15.8403511047, -42.4889144897, -35.1335754395, 0.0291122775525, 14.3209161758], [-540.737731934, -79.8011245728, 52.6113395691, -69.0879440308, 10.9993305206, 16.8407611847, 69.9399261475, 147.309295654, 49.9857635498, 7.72140169144, -11.0165548325, -4.46946620941, -10.544752121], [32.2734146118, -76.7026443481, -32.6192016602, 32.9741516113, -8.25502490997, 11.6710329056, 15.8403511047, 49.9857635498, 123.396369934, 59.5269317627, -14.1886892319, -11.4764471054, -8.8055896759], [-165.179626465, -26.7188148499, 12.1343612671, 2.46309494972, 24.6843452454, -43.5295906067, -42.4889144897, 7.72140169144, 59.5269317627, 132.231719971, 58.6024360657, -30.5429210663, -37.9737663269], [43.4585876465, 22.4359340668, -14.7887220383, -2.06991863251, -2.98842597008, -32.594871521, -35.1335754395, -11.0165548325, -14.1886892319, 58.6024360657, 126.052398682, 36.8937225342, -33.0938072205], [-98.6937561035, -25.5615196228, 21.5258827209, -20.5110092163, -9.40277290344, 24.1200141907, 0.0291122775525, -4.46946620941, -11.4764471054, -30.5429210663, 36.8937225342, 111.168205261, 44.461315155], [122.796081543, 2.83072304726, -1.3542355299, -1.15607297421, -5.59733629227, 21.3639659882, 14.3209161758, -10.544752121, -8.8055896759, -37.9737663269, -33.0938072205, 44.461315155, 96.8385848999]],
        "icov": [[0.000668660039082, -0.00140565447509, 0.00150702823885, -0.00185422308277, 0.00201134080999, -0.00121029303409, 0.000623507134151, -0.000122617639136, 0.000177218942554, -0.000311766983941, -9.73456408246e-05, 0.000363627448678, -0.00083651841851], [-0.00140565447509, 0.0047466144897, -0.00338911055587, 0.004588377662, -0.00605413550511, 0.00523903733119, -0.00283361901529, 0.00244874414057, -0.00203839642927, 0.00339984730817, -0.00178336759564, 0.000691530294716, 0.00105191627517], [0.00150702823885, -0.00338911055587, 0.00469928607345, -0.00415441347286, 0.0046900366433, -0.00337886577472, 0.00320378178731, -0.00193509052042, 0.0017415122129, -0.00180099310819, 0.00121704651974, -0.000180510527571, -0.00151286658365], [-0.00185422308277, 0.004588377662, -0.00415441347286, 0.00875496398658, -0.00700727896765, 0.00408944254741, -0.00333804264665, 0.00406127236784, -0.00405788561329, 0.00382412550971, -0.00239720661193, 0.00129699229728, 0.00160807848442], [0.00201134080999, -0.00605413550511, 0.0046900366433, -0.00700727896765, 0.0124534172937, -0.00858253333718, 0.00558951171115, -0.00470631429926, 0.00502878846601, -0.0065705771558, 0.00348271452822, -0.000864882196765, -0.00164940091781], [-0.00121029303409, 0.00523903733119, -0.00337886577472, 0.00408944254741, -0.00858253333718, 0.0105931088328, -0.00591656845063, 0.00479680672288, -0.00454948283732, 0.00650143111125, -0.00314603256993, 0.000816491083242, 0.000633105577435], [0.000623507134151, -0.00283361901529, 0.00320378178731, -0.00333804264665, 0.00558951171115, -0.00591656845063, 0.0102850608528, -0.0077063110657, 0.0044892700389, -0.00344646675512, 0.00385866314173, -0.00150751019828, -0.000367097294657], [-0.000122617639136, 0.00244874414057, -0.00193509052042, 0.00406127236784, -0.00470631429926, 0.00479680672288, -0.0077063110657, 0.0165929552168, -0.0107084438205, 0.00791053939611, -0.00618857331574, 0.00396433519199, -8.52553421282e-05], [0.000177218942554, -0.00203839642927, 0.0017415122129, -0.00405788561329, 0.00502878846601, -0.00454948283732, 0.0044892700389, -0.0107084438205, 0.0228312332183, -0.0185191761702, 0.0144433798268, -0.00924955774099, 0.00327187287621], [-0.000311766983941, 0.00339984730817, -0.00180099310819, 0.00382412550971, -0.0065705771558, 0.00650143111125, -0.00344646675512, 0.00791053939611, -0.0185191761702, 0.0292808506638, -0.0202790293843, 0.0143053345382, -0.00382671272382], [-9.73456408246e-05, -0.00178336759564, 0.00121704651974, -0.00239720661193, 0.00348271452822, -0.00314603256993, 0.00385866314173, -0.00618857331574, 0.0144433798268, -0.0202790293843, 0.0272817201912, -0.0178610347211, 0.0106998700649], [0.000363627448678, 0.000691530294716, -0.000180510527571, 0.00129699229728, -0.000864882196765, 0.000816491083242, -0.00150751019828, 0.00396433519199, -0.00924955774099, 0.0143053345382, -0.0178610347211, 0.0234152264893, -0.0121297631413], [-0.00083651841851, 0.00105191627517, -0.00151286658365, 0.00160807848442, -0.00164940091781, 0.000633105577435, -0.000367097294657, -8.52553421282e-05, 0.00327187287621, -0.00382671272382, 0.0106998700649, -0.0121297631413, 0.0191871337593]]
    },
    "melbands": {
        "dmean": [4.24159115937e-05, 9.28488298086e-05, 7.82183560659e-05, 0.000178479385795, 0.000182527684956, 0.000165655379533, 0.000174687738763, 0.000107732885226, 0.000158639988513, 9.44065468502e-05, 0.000107456660771, 0.000108265048766, 5.76547681703e-05, 3.55536649295e-05, 1.94555759663e-05, 1.91711133084e-05, 1.67438192875e-05, 1.0535043657e-05, 2.6164962037e-06, 3.20802337228e-06, 2.77242111224e-06, 1.18981085961e-06, 1.46481079355e-06, 7.02546969933e-07, 4.79197353798e-07, 5.0066427093e-07, 1.92010972455e-07, 1.68279584045e-07, 1.96531502183e-08, 2.0171510684e-08, 1.59836766045e-08, 8.48818615395e-09, 6.4418874679e-09, 6.68651445324e-09, 4.84104889509e-09, 2.22342588785e-09, 2.99100766377e-09, 9.06663244482e-10, 3.16072862327e-10, 2.66259347903e-10],
        "dmean2": [7.11137545295e-05, 0.000155061745318, 0.000127149134642, 0.000298884260701, 0.000302767643007, 0.000267658819212, 0.00028467644006, 0.000157642964041, 0.000219979003305, 0.000135134512675, 0.000143376673805, 0.000147012848174, 7.9304772953e-05, 5.07410877617e-05, 2.87465954898e-05, 2.96848320431e-05, 2.53754606092e-05, 1.4526664927e-05, 3.92792298953e-06, 4.57985561297e-06, 4.1158627937e-06, 1.88045748928e-06, 2.33504556491e-06, 1.10396752007e-06, 7.73295312229e-07, 8.23813138595e-07, 3.09905033191e-07, 2.99535770409e-07, 3.00748546067e-08, 3.02974214605e-08, 2.69642423945e-08, 1.39186138171e-08, 1.03212247637e-08, 1.18544578598e-08, 8.53043147231e-09, 3.92067844857e-09, 5.44024203464e-09, 1.57501611753e-09, 5.40135491889e-10, 4.79574102652e-10],
        "dvar": [1.28598252047e-08, 5.97980331918e-08, 5.42780114188e-08, 2.24539022042e-07, 2.10994187455e-07, 2.98989050407e-07, 2.60069441538e-07, 7.5674407185e-08, 2.6369752959e-07, 9.07317740939e-08, 2.62487645841e-07, 2.62147352714e-07, 5.33722257501e-08, 2.20699725162e-08, 1.00532275837e-08, 1.41634020068e-08, 1.8788151479e-08, 1.00994110852e-08, 2.52811993562e-10, 4.03721583941e-10, 2.04477346166e-09, 3.20683646304e-10, 6.73260946993e-10, 2.80369949479e-10, 1.11801658209e-10, 4.09877937146e-10, 3.88111626171e-11, 8.76861708243e-11, 4.16316015949e-14, 4.21086132814e-14, 7.22033991298e-14, 2.15260497822e-14, 2.60707203574e-14, 1.80509937781e-14, 4.04012557458e-14, 4.77865792116e-15, 1.43532324833e-14, 7.10897441395e-16, 2.65610655997e-17, 1.29181970859e-17],
        "dvar2": [3.33859979662e-08, 1.60437352292e-07, 1.41937135822e-07, 6.29645853678e-07, 5.80261200867e-07, 7.40979771763e-07, 6.39102040623e-07, 1.597145598e-07, 5.08968071244e-07, 1.70832279878e-07, 4.75090104146e-07, 4.59297439193e-07, 9.58563077802e-08, 4.2615795337e-08, 1.88248314714e-08, 3.67793582257e-08, 4.7108212442e-08, 1.79966264113e-08, 5.21665655118e-10, 8.28635104977e-10, 4.49278836356e-09, 8.1124268414e-10, 1.62390589864e-09, 5.50673284749e-10, 2.71547506703e-10, 1.07981945607e-09, 1.00758713872e-10, 2.49020970511e-10, 9.59844318827e-14, 1.099959357e-13, 1.99016801303e-13, 5.78072542634e-14, 6.44610775348e-14, 4.35316557378e-14, 1.12161514343e-13, 1.36390236195e-14, 4.10333998225e-14, 1.91464259134e-15, 6.54466624141e-17, 3.35197671706e-17],
        "max": [0.00490310741588, 0.00985176581889, 0.00953224673867, 0.0127135124058, 0.00986370164901, 0.021072300151, 0.0182380154729, 0.00976271182299, 0.0207698587328, 0.0121133541688, 0.0307079348713, 0.0165891069919, 0.00859723705798, 0.0045876246877, 0.00713789928705, 0.00695763342083, 0.00792086869478, 0.00838335510343, 0.000778582238127, 0.000806706724688, 0.00314254150726, 0.00139696185943, 0.00173402368091, 0.00133753113914, 0.000812088372186, 0.00165664346423, 0.000492751947604, 0.000875293975696, 1.40065421874e-05, 1.21541143017e-05, 1.82309904631e-05, 9.86907980405e-06, 1.43478837344e-05, 8.63310742716e-06, 1.68912447407e-05, 5.70125439481e-06, 1.03045767901e-05, 2.34729304793e-06, 2.87175652147e-07, 1.42416141102e-07],
        "mean": [8.39686690597e-05, 0.00015828278265, 0.00014479852689, 0.000384294631658, 0.000403959304094, 0.000411226908909, 0.000412492634496, 0.000306466477923, 0.000488506688271, 0.000234081497183, 0.000253197387792, 0.000231485042605, 0.000141889206134, 8.54817335494e-05, 4.56877169199e-05, 4.3022158934e-05, 3.2929914596e-05, 2.00840895559e-05, 4.34767116531e-06, 6.03667331234e-06, 3.93711525248e-06, 1.63733659519e-06, 1.99930786948e-06, 8.97970608094e-07, 5.66158576021e-07, 4.65380736614e-07, 1.94734596448e-07, 1.55518620204e-07, 2.76752487594e-08, 2.71547033748e-08, 1.74307590584e-08, 9.7476391403e-09, 6.39735331376e-09, 5.96212768045e-09, 3.92736332344e-09, 1.7680370501e-09, 2.022767287e-09, 6.88921864e-10, 2.73143840879e-10, 1.99334049267e-10],
        "median": [1.11528761408e-05, 2.77757699223e-05, 2.58283507719e-05, 7.04577832948e-05, 7.53580970922e-05, 4.50490369985e-05, 7.13871850166e-05, 7.0024310844e-05, 6.75902556395e-05, 4.66010460514e-05, 2.15499039768e-05, 2.0457953724e-05, 1.48120798258e-05, 9.82820165518e-06, 4.62681009594e-06, 4.81406186736e-06, 1.96459541257e-06, 1.12109978545e-06, 5.38609072009e-07, 6.25060181392e-07, 2.92347777986e-07, 1.0994985189e-07, 9.9928314512e-08, 2.4265192522e-08, 2.39896422727e-08, 1.30500428241e-08, 8.69233218737e-09, 3.85533382996e-09, 1.6394864355e-09, 8.82179218564e-10, 4.8895065774e-10, 2.42852460364e-10, 1.26722937699e-10, 7.67244601185e-11, 2.67847098667e-11, 1.79469859113e-11, 1.05245118176e-11, 7.36552572406e-12, 5.2592838938e-12, 4.3178629075e-12],
        "min": [6.31364036633e-24, 4.01872487504e-24, 1.17359594176e-23, 1.17187338509e-23, 8.25028442231e-24, 1.89911541837e-23, 8.12222310954e-24, 6.28365379117e-24, 1.19095719256e-23, 1.31931614255e-23, 4.62158500059e-24, 1.52646383763e-23, 9.64926139569e-24, 3.90530324295e-24, 1.43612569558e-23, 1.59586056255e-23, 1.17991148328e-23, 4.33014231131e-24, 1.09234563511e-23, 1.09775217221e-23, 1.06393260079e-23, 8.51451259366e-24, 9.10851381124e-24, 1.3942292929e-23, 1.02983574477e-23, 1.05866088002e-23, 1.11485349334e-23, 1.01077473538e-23, 1.1810836517e-23, 1.13753908194e-23, 1.05561216928e-23, 1.24846231266e-23, 8.46784752681e-24, 5.27535110921e-24, 8.2947170128e-24, 9.19918390596e-24, 7.3575360579e-24, 7.73417611938e-24, 9.73233081559e-24, 8.48150349794e-24],
        "var": [8.10263287576e-08, 1.55627375875e-07, 1.28614715322e-07, 6.48220009225e-07, 6.71155703458e-07, 1.31164154027e-06, 9.87558223642e-07, 4.22950307666e-07, 1.66464678841e-06, 2.91475089398e-07, 6.89350429184e-07, 7.20633693163e-07, 2.21187121952e-07, 8.07803033354e-08, 3.67516186373e-08, 2.70783822032e-08, 3.69221631047e-08, 2.58861962976e-08, 4.28233976058e-10, 9.05268082718e-10, 2.81176526506e-09, 3.47037731885e-10, 1.03116692962e-09, 3.45322936912e-10, 1.10149736554e-10, 3.25017679437e-10, 3.21767855416e-11, 6.1319581357e-11, 4.69782700696e-14, 3.95483138967e-14, 4.99764549948e-14, 1.63673108134e-14, 2.22139574259e-14, 1.55345910289e-14, 2.60203811893e-14, 2.86660322724e-15, 8.49041177669e-15, 4.90002524877e-16, 2.42517047153e-17, 9.67631413789e-18]
    },
    "mfcc": {
        "mean": [-844.103088379, 221.840576172, -6.31517362595, -23.0176620483, -7.72701835632, -9.02337741852, -6.38042974472, -4.75673818588, -2.73926568031, -2.53028392792, -2.89398741722, -1.40301215649, -0.194617897272],
        "cov": [[9433.01074219, 3995.41723633, -2612.625, 143.003311157, -99.6015701294, -225.458770752, 84.7242202759, -73.5636749268, -75.2440261841, -72.5601119995, 27.3091373444, -3.2307677269, -146.899154663], [3995.41723633, 2489.88525391, -702.751647949, -118.455062866, 15.2409334183, -213.034255981, -62.4911193848, -84.8135757446, -80.9947509766, -78.8689117432, -36.3536109924, -15.1077642441, -63.2475662231], [-2612.625, -702.751647949, 1233.08288574, 50.193775177, 12.1414957047, 7.25820922852, -131.902832031, -54.9145240784, -37.531162262, -41.9427909851, -45.317276001, -5.52248811722, 22.3661632538], [143.003311157, -118.455062866, 50.193775177, 345.318511963, 71.2462615967, 23.4419841766, -1.92917919159, -57.9492149353, -24.9243106842, -3.87165331841, 18.268119812, 15.0705289841, -10.7323226929], [-99.6015701294, 15.2409334183, 12.1414957047, 71.2462615967, 268.315856934, 129.256637573, 7.93546724319, -21.9764213562, -20.4948348999, 2.43827009201, -5.08896684647, 4.69119739532, 15.4083862305], [-225.458770752, -213.034255981, 7.25820922852, 23.4419841766, 129.256637573, 233.270965576, 91.9843215942, 24.2894630432, 18.2226867676, -5.18191957474, -17.7432003021, -16.3171195984, 2.20279550552], [84.7242202759, -62.4911193848, -131.902832031, -1.92917919159, 7.93546724319, 91.9843215942, 185.705612183, 110.051147461, 28.9136924744, 12.1817312241, -8.49054145813, -23.487695694, -8.4048204422], [-73.5636749268, -84.8135757446, -54.9145240784, -57.9492149353, -21.9764213562, 24.2894630432, 110.051147461, 187.723480225, 102.945892334, -1.19737160206, -27.571472168, -28.5603027344, -8.59365177155], [-75.2440261841, -80.9947509766, -37.531162262, -24.9243106842, -20.4948348999, 18.2226867676, 28.9136924744, 102.945892334, 165.204071045, 60.2642097473, -30.7661018372, -28.4349308014, -7.58240890503], [-72.5601119995, -78.8689117432, -41.9427909851, -3.87165331841, 2.43827009201, -5.18191957474, 12.1817312241, -1.19737160206, 60.2642097473, 143.724258423, 57.87109375, -15.7156105042, -6.17573785782], [27.3091373444, -36.3536109924, -45.317276001, 18.268119812, -5.08896684647, -17.7432003021, -8.49054145813, -27.571472168, -30.7661018372, 57.87109375, 136.890716553, 69.2774810791, -17.8959655762], [-3.2307677269, -15.1077642441, -5.52248811722, 15.0705289841, 4.69119739532, -16.3171195984, -23.487695694, -28.5603027344, -28.4349308014, -15.7156105042, 69.2774810791, 143.552261353, 60.5196876526], [-146.899154663, -63.2475662231, 22.3661632538, -10.7323226929, 15.4083862305, 2.20279550552, -8.4048204422, -8.59365177155, -7.58240890503, -6.17573785782, -17.8959655762, 60.5196876526, 135.886444092]],
