{
"lowlevel": {
    "average_loudness": 0.401008427143,
    "barkbands_crest": {
        "dmean": 2.34813046455,
        "dmean2": 3.84834885597,
        "dvar": 5.47829532623,
        "dvar2": 14.9724597931,
        "max": 25.8862304688,
        "mean": 12.3411254883,
        "median": 11.5888366699,
        "min": 4.14815235138,
        "var": 17.6556892395
    },
    "barkbands_flatness_db": {
        "dmean": 0.0231818836182,
        "dmean2": 0.0391574092209,
        "dvar": 0.000452197244158,
        "dvar2": 0.001179260551,
        "max": 0.548604905605,
        "mean": 0.365048825741,
        "median": 0.364447116852,
        "min": 0.0526586174965,
        "var": 0.00243872543797
    },
    "barkbands_kurtosis": {
        "dmean": 1.70062124729,
        "dmean2": 2.68272256851,
        "dvar": 4.74599123001,
        "dvar2": 11.435552597,
        "max": 98.8932418823,
        "mean": 3.52506685257,
        "median": 2.55575227737,
        "min": -1.79622375965,
        "var": 23.6415462494
    },
    "barkbands_skewness": {
        "dmean": 0.382825314999,
        "dmean2": 0.604359030724,
        "dvar": 0.143547460437,
        "dvar2": 0.364863753319,
        "max": 6.98901462555,
        "mean": 1.35491681099,
        "median": 1.46828830242,
        "min": -5.15439128876,
        "var": 1.04725980759
    },
    "barkbands_spread": {
        "dmean": 1.2409607172,
        "dmean2": 1.99086987972,
        "dvar": 2.49295353889,
        "dvar2": 6.61540222168,
        "max": 62.5620765686,
        "mean": 6.53099393845,
        "median": 6.04015541077,
        "min": 0.524743974209,
        "var": 9.26784706116
    },
    "dissonance": {
        "dmean": 0.0318885482848,
        "dmean2": 0.0541316717863,
        "dvar": 0.00108271581121,
        "dvar2": 0.00295622041449,
        "max": 0.499999970198,
        "mean": 0.412619113922,
        "median": 0.420289933681,
        "min": 0.137538552284,
        "var": 0.00248388387263
    },
    "dynamic_complexity": 3.94153928757,
    "erbbands_crest": {
        "dmean": 1.67260944843,
        "dmean2": 2.58439159393,
        "dvar": 3.58311009407,
        "dvar2": 7.60658073425,
        "max": 34.6099510193,
        "mean": 11.9877252579,
        "median": 9.98863220215,
        "min": 2.852237463,
        "var": 38.2163009644
    },
    "erbbands_flatness_db": {
        "dmean": 0.0110295135528,
        "dmean2": 0.018020639196,
        "dvar": 0.000155936344527,
        "dvar2": 0.000379861652618,
        "max": 0.504240870476,
        "mean": 0.36587625742,
        "median": 0.367355704308,
        "min": 0.046773031354,
        "var": 0.00158432649914
    },
    "erbbands_kurtosis": {
        "dmean": 0.772539556026,
        "dmean2": 1.08139526844,
        "dvar": 5.04556512833,
        "dvar2": 8.3800983429,
        "max": 87.8395309448,
        "mean": 1.03528237343,
        "median": -0.535564661026,
        "min": -1.67446351051,
        "var": 31.1413173676
    },
    "erbbands_skewness": {
        "dmean": 0.237317457795,
        "dmean2": 0.358052402735,
        "dvar": 0.0728714540601,
        "dvar2": 0.145838156343,
        "max": 5.55876207352,
        "mean": 0.272854596376,
        "median": 0.279227674007,
        "min": -5.99671792984,
        "var": 0.58792245388
    },
    "erbbands_spread": {
        "dmean": 2.01375055313,
        "dmean2": 3.16617631912,
        "dvar": 6.46568059921,
        "dvar2": 17.3448085785,
        "max": 119.870063782,
        "mean": 16.6340408325,
        "median": 17.1731891632,
        "min": 0.667893528938,
        "var": 44.393497467
    },
    "hfc": {
        "dmean": 3.57974147797,
        "dmean2": 4.71645975113,
        "dvar": 225.410125732,
        "dvar2": 372.024749756,
        "max": 737.632263184,
        "mean": 12.371088028,
        "median": 7.58911418915,
        "min": 1.16354904261e-16,
        "var": 612.095458984
    },
    "melbands_crest": {
        "dmean": 3.0618083477,
        "dmean2": 4.99783277512,
        "dvar": 9.05184555054,
        "dvar2": 24.4731235504,
        "max": 33.4088439941,
        "mean": 16.9551143646,
        "median": 16.276763916,
        "min": 2.29168319702,
        "var": 28.5971736908
    },
    "melbands_flatness_db": {
        "dmean": 0.025315400213,
        "dmean2": 0.042179133743,
        "dvar": 0.000659778481349,
        "dvar2": 0.00158287631348,
        "max": 0.708509624004,
        "mean": 0.458736807108,
        "median": 0.458388447762,
        "min": 0.00725388620049,
        "var": 0.00504984008148
    },
    "melbands_kurtosis": {
        "dmean": 2.37741112709,
        "dmean2": 3.79208278656,
        "dvar": 8.50798892975,
        "dvar2": 22.4785633087,
        "max": 103.931427002,
        "mean": 5.61451387405,
        "median": 4.4360165596,
        "min": -1.90131640434,
        "var": 36.809261322
    },
    "melbands_skewness": {
        "dmean": 0.433283030987,
        "dmean2": 0.687520444393,
        "dvar": 0.185336008668,
        "dvar2": 0.480878144503,
        "max": 7.14264392853,
        "mean": 1.76665997505,
        "median": 1.87905824184,
        "min": -3.32829451561,
        "var": 1.30759811401
    },
    "melbands_spread": {
        "dmean": 1.92693722248,
        "dmean2": 3.07673382759,
        "dvar": 7.4189696312,
        "dvar2": 17.3095016479,
        "max": 155.326522827,
        "mean": 9.35440158844,
        "median": 8.34641361237,
        "min": 0.586235702038,
        "var": 29.6988487244
    },
    "pitch_salience": {
        "dmean": 0.0544988550246,
        "dmean2": 0.0883920490742,
        "dvar": 0.002844507806,
        "dvar2": 0.00754237081856,
        "max": 0.907419383526,
        "mean": 0.490814834833,
        "median": 0.498011261225,
        "min": 0.113871984184,
        "var": 0.0113116819412
    },
    "silence_rate_20dB": {
        "dmean": 0.00134292570874,
        "dmean2": 0.00268610892817,
        "dvar": 0.00134118611459,
        "dvar2": 0.00344654521905,
        "max": 1,
        "mean": 0.998657226562,
        "median": 1,
        "min": 0,
        "var": 0.00134105794132
    },
    "silence_rate_30dB": {
        "dmean": 0.00767386099324,
        "dmean2": 0.0153491944075,
        "dvar": 0.00761515134946,
        "dvar2": 0.0172229781747,
        "max": 1,
        "mean": 0.985804736614,
        "median": 1,
        "min": 0,
        "var": 0.0139926094562
    },
    "silence_rate_60dB": {
        "dmean": 0.00767386099324,
        "dmean2": 0.0153491944075,
        "dvar": 0.00761442258954,
        "dvar2": 0.0168402493,
        "max": 1,
        "mean": 0.0831574872136,
        "median": 0,
        "min": 0,
        "var": 0.0762410387397
    },
    "spectral_centroid": {
        "dmean": 59.5617027283,
        "dmean2": 94.357383728,
        "dvar": 12130.6259766,
        "dvar2": 22560.3183594,
        "max": 11248.6269531,
        "mean": 505.174285889,
        "median": 454.215942383,
        "min": 154.111572266,
        "var": 61976.46875
    },
    "spectral_complexity": {
        "dmean": 1.2650359869,
        "dmean2": 2.07655405998,
        "dvar": 1.86155581474,
        "dvar2": 4.15182304382,
        "max": 30,
        "mean": 12.0948591232,
        "median": 12,
        "min": 0,
        "var": 16.9700679779
    },
    "spectral_decrease": {
        "dmean": 1.95842386752e-09,
        "dmean2": 2.87856249948e-09,
        "dvar": 1.6371340308e-17,
        "dvar2": 3.10070306977e-17,
        "max": 1.19311360055e-28,
        "mean": -6.51986153954e-09,
        "median": -4.9330628471e-09,
        "min": -1.6759997834e-07,
        "var": 5.31845667921e-17
    },
    "spectral_energy": {
        "dmean": 0.00770334573463,
        "dmean2": 0.0112732108682,
        "dvar": 0.000272281817161,
        "dvar2": 0.000507249147631,
        "max": 0.699465870857,
        "mean": 0.0257295239717,
        "median": 0.0193700641394,
        "min": 1.05602521812e-20,
        "var": 0.000874046003446
    },
    "spectral_energyband_high": {
        "dmean": 2.66990218734e-06,
        "dmean2": 3.70281100004e-06,
        "dvar": 2.51641513183e-10,
        "dvar2": 5.77844050387e-10,
        "max": 0.000506134005263,
        "mean": 4.8716397032e-06,
        "median": 3.33701308364e-07,
        "min": 7.51163360494e-21,
        "var": 4.0101810761e-10
    },
    "spectral_energyband_low": {
        "dmean": 0.00179572403431,
        "dmean2": 0.0027586906217,
        "dvar": 2.69835109066e-05,
        "dvar2": 7.92625141912e-05,
        "max": 0.167085111141,
        "mean": 0.00454765651375,
        "median": 0.00153616839088,
        "min": 3.59137036592e-23,
        "var": 6.44336105324e-05
    },
    "spectral_energyband_middle_high": {
        "dmean": 0.00195377669297,
        "dmean2": 0.00240850099362,
        "dvar": 0.000181681331014,
        "dvar2": 0.000295593868941,
        "max": 0.666765570641,
        "mean": 0.00561668165028,
        "median": 0.00219174008816,
        "min": 1.45024582615e-21,
        "var": 0.000482618110254
    },
    "spectral_energyband_middle_low": {
        "dmean": 0.00561939598992,
        "dmean2": 0.00863141193986,
        "dvar": 7.19764939277e-05,
        "dvar2": 0.000162057694979,
        "max": 0.249512374401,
        "mean": 0.018083229661,
        "median": 0.0138982608914,
        "min": 3.02837239166e-22,
        "var": 0.000292060896754
    },
    "spectral_entropy": {
        "dmean": 0.141645371914,
        "dmean2": 0.230462864041,
        "dvar": 0.0326204672456,
        "dvar2": 0.0815294831991,
        "max": 9.80335044861,
        "mean": 5.86647081375,
        "median": 5.86158752441,
        "min": 4.60013866425,
        "var": 0.117913730443
    },
    "spectral_flux": {
        "dmean": 0.0205920413136,
        "dmean2": 0.0342887639999,
        "dvar": 0.000945175474044,
        "dvar2": 0.00246901554056,
        "max": 0.659742057323,
        "mean": 0.0476042851806,
        "median": 0.0381917655468,
        "min": 7.15079870317e-11,
        "var": 0.00148081418592
    },
    "spectral_kurtosis": {
        "dmean": 29.5768756866,
        "dmean2": 51.7685432434,
        "dvar": 825.00970459,
        "dvar2": 2239.09985352,
        "max": 462.963562012,
        "mean": 81.7655258179,
        "median": 68.5053329468,
        "min": -1.25551223755,
        "var": 3797.14672852
    },
    "spectral_rms": {
        "dmean": 0.000658740696963,
        "dmean2": 0.00096472306177,
        "dvar": 7.40346081329e-07,
        "dvar2": 1.48322271798e-06,
        "max": 0.0261228960007,
        "mean": 0.00451189558953,
        "median": 0.00434713950381,
        "min": 3.20977966428e-12,
        "var": 4.74479702461e-06
    },
    "spectral_rolloff": {
        "dmean": 117.635818481,
        "dmean2": 206.183395386,
        "dvar": 75582.2734375,
        "dvar2": 146195.484375,
        "max": 19229.1503906,
        "mean": 680.780151367,
        "median": 602.9296875,
        "min": 86.1328125,
        "var": 244044.40625
    },
    "spectral_skewness": {
        "dmean": 1.70088517666,
        "dmean2": 2.99858140945,
        "dvar": 2.00782513618,
        "dvar2": 5.57922172546,
        "max": 16.6996860504,
        "mean": 5.66358947754,
        "median": 5.25356292725,
        "min": -0.0488641113043,
        "var": 7.05069637299
    },
    "spectral_spread": {
        "dmean": 248616.03125,
        "dmean2": 438302,
        "dvar": 282917994496,
        "dvar2": 502357393408,
        "max": 46605116,
        "mean": 1020396.75,
        "median": 943155.0625,
        "min": 178466.171875,
        "var": 828138782720
    },
    "spectral_strongpeak": {
        "dmean": 0.37832903862,
        "dmean2": 0.576676428318,
        "dvar": 0.651392459869,
        "dvar2": 1.15313196182,
        "max": 26.4386539459,
        "mean": 1.24595010281,
        "median": 0.763644099236,
        "min": 0,
        "var": 3.06362390518
    },
    "zerocrossingrate": {
        "dmean": 0.00272013642825,
        "dmean2": 0.00359282991849,
        "dvar": 3.44864165527e-05,
        "dvar2": 5.59979343961e-05,
        "max": 0.515625,
        "mean": 0.0239551924169,
        "median": 0.0224609375,
        "min": 0.0029296875,
        "var": 0.000192250212422
    },
    "barkbands": {
        "dmean": [9.95163205175e-08, 0.000229232449783, 0.000989991007373, 0.00115961860865, 0.00359587441199, 0.00068580795778, 0.000995478243567, 0.000473198335385, 0.000297372316709, 0.000995825161226, 0.000592016789597, 0.000298755359836, 0.000123154226458, 0.000136214875965, 0.000182809759281, 2.91199849016e-05, 3.30114125973e-05, 1.82507974387e-05, 8.25380448077e-06, 2.33831042351e-06, 1.13798512302e-06, 7.2507106097e-07, 1.15521807231e-07, 5.08027149237e-08, 1.15239684462e-08, 1.05960096253e-09, 1.05993458455e-09],
        "dmean2": [1.85063484537e-07, 0.00032176024979, 0.00156771321781, 0.0018097080756, 0.00589449843392, 0.00102463958319, 0.00161134288646, 0.00061386130983, 0.000441211916041, 0.00129610300064, 0.000752514111809, 0.00039236297016, 0.000171180567122, 0.000192945066374, 0.000229719342315, 4.35662877862e-05, 4.3499374442e-05, 2.35480965785e-05, 1.11402159746e-05, 3.15630791192e-06, 1.52717370838e-06, 1.07586697595e-06, 1.91200214772e-07, 6.86405812189e-08, 2.03168557533e-08, 1.94290850075e-09, 1.96761007487e-09],
        "dvar": [9.05316945542e-14, 4.26618811389e-07, 9.89055206446e-06, 8.81210598891e-06, 3.49389338226e-05, 3.95651477447e-06, 3.4654551655e-06, 7.80225855124e-06, 2.19228695642e-06, 6.50819056318e-05, 7.8381759522e-05, 3.02303283206e-06, 5.60150567708e-07, 2.76210175798e-06, 3.93611162508e-06, 1.37674689427e-08, 3.66429802057e-08, 5.84438009099e-09, 2.32916885778e-09, 1.86479082176e-10, 4.94853949484e-11, 2.62004411222e-11, 1.54885262602e-12, 8.27271627937e-13, 4.57706924662e-14, 7.70293333876e-18, 5.16418782584e-18],
        "dvar2": [2.7997577672e-13, 8.20830564408e-07, 3.01274521917e-05, 2.42059159064e-05, 9.17344514164e-05, 7.24171059119e-06, 9.0110615929e-06, 1.18543657663e-05, 4.467970939e-06, 0.000116640847409, 0.000127569612232, 5.1129250096e-06, 1.28653823595e-06, 4.56653651781e-06, 6.9552770583e-06, 3.23450848327e-08, 6.45680984235e-08, 1.14962066533e-08, 4.76329820032e-09, 4.26103513584e-10, 9.95294680006e-11, 5.82911288682e-11, 4.2615780696e-12, 1.34626251119e-12, 1.17985197892e-13, 2.38818143608e-17, 1.76060876976e-17],
        "max": [4.49595609098e-06, 0.0271038115025, 0.0814043208957, 0.0969636663795, 0.167099818587, 0.0947319716215, 0.0595550760627, 0.163729608059, 0.050435449928, 0.350898623466, 0.540514409542, 0.0801380947232, 0.0625109151006, 0.129890888929, 0.111777402461, 0.00329210376367, 0.011800643988, 0.00253726355731, 0.00280997389928, 0.000610109535046, 0.00024469467462, 0.00017060956452, 5.08795419591e-05, 5.18972738064e-05, 1.11539584395e-05, 9.97760380983e-08, 6.62102408455e-08],
        "mean": [8.68790124287e-08, 0.000636813347228, 0.00208741682582, 0.00258051347919, 0.00689851585776, 0.00194886280224, 0.00331699242815, 0.00118818529882, 0.000880552746821, 0.00296034780331, 0.00131015549414, 0.000703580328263, 0.000347390625393, 0.000320579769323, 0.000349392561475, 6.20722275926e-05, 6.8400237069e-05, 4.5095817768e-05, 1.7457325157e-05, 4.04656339015e-06, 1.88559806702e-06, 1.02524211343e-06, 1.28699213064e-07, 6.57217071875e-08, 1.00167936168e-08, 9.91650650484e-10, 9.91256854377e-10],
        "median": [1.66138693913e-08, 6.53283641441e-05, 0.000525972864125, 0.000953713897616, 0.00376349361613, 0.000718725495972, 0.00153225800022, 0.000253150705248, 0.000308271148242, 0.000593258417211, 0.000139896204928, 0.000183811513125, 0.000145874015288, 0.000102192061604, 3.48676476278e-05, 1.36939652293e-05, 9.66618972598e-06, 7.21924971003e-06, 2.47749221671e-06, 2.97331553156e-07, 9.85902985917e-08, 8.98480667644e-09, 1.56675217244e-09, 5.33732946728e-10, 3.90622423296e-10, 3.75072584102e-10, 4.17381851303e-10],
        "min": [3.73875419548e-24, 9.13892439913e-24, 4.31229867206e-24, 1.11131300671e-23, 4.37642990821e-23, 2.43323341577e-23, 5.91979800952e-24, 2.06458877512e-23, 2.53764246979e-23, 2.63113148008e-23, 4.78829923554e-23, 3.84029258466e-23, 1.07061766054e-22, 4.93879180815e-23, 1.36311403133e-22, 1.18625520292e-22, 1.63743302739e-22, 2.06969384113e-22, 1.98981164017e-22, 3.56722017817e-22, 4.06339854142e-22, 6.0590954626e-22, 5.24203397908e-22, 6.67141964708e-22, 1.21268302774e-21, 1.68650413893e-21, 2.07975218371e-21],
        "var": [6.62595995324e-14, 2.96185203297e-06, 1.94521126105e-05, 2.45586779783e-05, 8.14984523458e-05, 1.49005081767e-05, 2.82390465145e-05, 2.83723711618e-05, 7.11725306246e-06, 0.000192700521438, 0.000206616503419, 9.38405901252e-06, 1.0825881418e-06, 5.16028103448e-06, 6.42378881821e-06, 2.45584050873e-08, 9.77937943958e-08, 1.89194349076e-08, 4.80558526306e-09, 2.92676272107e-10, 8.34419894291e-11, 3.89423805702e-11, 1.29950748513e-12, 1.64571763335e-12, 3.70721282719e-14, 6.42045721422e-18, 3.58610092502e-18]
    },
    "erbbands": {
        "dmean": [0.00208803731948, 0.073594301939, 0.761960744858, 3.12948584557, 7.48329305649, 14.8674936295, 6.97765874863, 4.20826911926, 12.4481725693, 9.98719596863, 11.6373510361, 7.77638578415, 19.723241806, 39.5845985413, 10.532535553, 14.2104635239, 6.81430673599, 7.43870210648, 6.71264839172, 6.32541656494, 1.74944114685, 1.38127779961, 1.14406180382, 0.41077914834, 0.3888451159, 0.108434528112, 0.0476454496384, 0.0481754131615, 0.0353851504624, 0.007184416987, 0.00260551716201, 0.00132310134359, 0.00086995359743, 0.000218588655116, 5.73538818571e-05, 8.15472412796e-06, 3.37576807397e-06, 9.30180306113e-07, 3.6950671074e-06, 8.65672245709e-06],
        "dmean2": [0.00282981572673, 0.104398220778, 1.18180847168, 4.87530755997, 12.6580200195, 23.9057445526, 10.416882515, 6.48580932617, 19.3793506622, 15.7737131119, 15.440533638, 11.1975440979, 25.3372707367, 49.510761261, 14.3421239853, 18.1269016266, 9.20289134979, 10.58689785, 8.57365322113, 8.20989131927, 2.49608898163, 1.81809842587, 1.44249045849, 0.520305871964, 0.549277067184, 0.147041901946, 0.0679329931736, 0.0628021508455, 0.0511603541672, 0.0111269103363, 0.00436360342428, 0.00189156539273, 0.00120060693007, 0.000342389743309, 9.76515293587e-05, 1.33175508381e-05, 5.27208658241e-06, 1.49839456753e-06, 5.32951889909e-06, 1.2598052308e-05],
        "dvar": [3.63255421689e-05, 0.0389241911471, 4.85464572906, 83.7677001953, 145.432022095, 726.801635742, 493.059295654, 159.893951416, 592.096069336, 956.589172363, 4849.38037109, 1343.99243164, 23725.296875, 156149.390625, 9309.59082031, 7861.69921875, 1105.25048828, 6363.375, 1898.26782227, 5672.31640625, 52.4727706909, 49.1615867615, 26.7785949707, 5.29998874664, 6.20283603668, 0.320347309113, 0.0808522701263, 0.0953506231308, 0.0645022317767, 0.00253339763731, 0.00105975219049, 0.000291609321721, 0.000287321803626, 1.61577809195e-05, 2.38338066083e-06, 4.577327406e-09, 8.51996390105e-11, 7.70008189155e-12, 7.54123569147e-11, 3.75139697084e-10],
        "dvar2": [6.42494196654e-05, 0.0761250704527, 13.9802045822, 240.512008667, 412.94821167, 1847.3848877, 845.021972656, 316.18170166, 1339.0958252, 1429.91271973, 8460.97851562, 2729.96923828, 44529.3007812, 247272.40625, 17092.2617188, 13092.5722656, 2472.49267578, 10837.7197266, 3296.28271484, 9928.26269531, 111.662200928, 89.3124313354, 51.9620056152, 10.1656646729, 13.1194972992, 0.741025745869, 0.209489092231, 0.162833958864, 0.137172996998, 0.00638511218131, 0.00290985265747, 0.000475584325613, 0.000543942500371, 3.65698688256e-05, 6.55217081658e-06, 1.19832401779e-08, 1.77120471068e-10, 1.58939597594e-11, 1.3526813003e-10, 6.86463996757e-10],
        "max": [0.35638576746, 7.66907072067, 50.879611969, 320.265411377, 323.926818848, 696.881225586, 448.457427979, 782.181518555, 1017.71826172, 2357.12963867, 4578.26318359, 1362.09289551, 8778.87402344, 18259.4277344, 5483.20507812, 4137.97460938, 2574.17114258, 6193.30322266, 2032.9276123, 4250.97167969, 323.42199707, 449.894073486, 155.082183838, 131.000640869, 108.38458252, 19.9307098389, 10.4884271622, 14.6831197739, 9.29385662079, 1.95135211945, 1.56793808937, 0.981627523899, 0.957866132259, 0.211981445551, 0.0919609889388, 0.0039683021605, 0.000454968772829, 0.00015177950263, 0.000393984111724, 0.000842116307467],
        "mean": [0.00707246316597, 0.206998348236, 1.77829384804, 7.37402868271, 13.7830810547, 28.2306861877, 17.636302948, 14.3690395355, 48.5656471252, 28.6306056976, 29.1930122375, 24.7004089355, 65.0442504883, 102.408950806, 27.4893836975, 34.2471427917, 20.3343677521, 18.3358039856, 15.3118839264, 11.6589155197, 3.81331372261, 3.06428933144, 2.86249399185, 1.00564777851, 0.739863455296, 0.199636012316, 0.0850927457213, 0.0766400024295, 0.0517237782478, 0.0103644868359, 0.00289455568418, 0.00173193053342, 0.00102149916347, 0.000234798528254, 5.90854906477e-05, 1.85969420272e-05, 9.84203597909e-06, 2.29829083764e-06, 1.25156893773e-05, 2.90246316581e-05],
        "median": [0.000769755744841, 0.0311660412699, 0.50729650259, 2.70924282074, 8.00797748566, 12.5021905899, 6.3983001709, 6.07348537445, 22.2492485046, 14.2456474304, 7.08262395859, 9.6331653595, 9.78291797638, 21.1571235657, 8.81193733215, 8.85869216919, 9.48839378357, 6.92826032639, 3.70497608185, 1.78197336197, 0.881181120872, 0.635125637054, 0.461342871189, 0.199884817004, 0.0985503122211, 0.0220700092614, 0.00774304987863, 0.00275905197486, 0.000616912264377, 0.000142067292472, 5.6032127759e-05, 2.95718164125e-05, 2.23629504035e-05, 1.87564146472e-05, 1.55779744091e-05, 1.17898071039e-05, 6.96718871041e-06, 1.42094881994e-06, 9.29131056182e-06, 2.16821717913e-05],
        "min": [4.54216062294e-22, 7.62026861208e-22, 6.36955446126e-21, 2.62771644568e-20, 4.47508459553e-20, 1.41102187874e-19, 1.3606695854e-19, 2.85154567101e-19, 1.03651262523e-19, 3.30140526221e-19, 4.66380766174e-19, 7.08474197592e-19, 8.0327679891e-19, 9.37927792262e-19, 1.79381208906e-18, 2.02680942887e-18, 4.00393301348e-18, 4.37467660479e-18, 7.82756546884e-18, 6.02907298508e-18, 7.07647141057e-18, 9.12332404607e-18, 9.72229297224e-18, 1.26507158271e-17, 1.01127073321e-17, 1.50568063852e-17, 1.41765968779e-17, 1.91973366963e-17, 1.86702720992e-17, 1.5345945714e-17, 1.60905075269e-17, 1.54831617427e-17, 1.01894035185e-17, 9.41455448741e-18, 8.94130377945e-18, 5.97845904417e-18, 3.34354902875e-18, 1.27034986356e-18, 3.04380441736e-19, 3.0084659045e-20],
        "var": [0.000423964433139, 0.246723309159, 13.0036869049, 205.914321899, 313.56652832, 1635.20043945, 1272.00146484, 1003.33874512, 6229.56738281, 5626.23632812, 12431.3330078, 4451.43310547, 101892.054688, 435804.65625, 21705.3925781, 24478.7363281, 2381.17138672, 11730.0742188, 3517.05004883, 9315.18261719, 130.289611816, 127.213432312, 86.1993484497, 12.5294132233, 9.91928386688, 0.497924625874, 0.0917868614197, 0.182074591517, 0.0988153219223, 0.00395087618381, 0.000844241352752, 0.000654081697576, 0.000449812388979, 1.90388091141e-05, 1.63736228842e-06, 4.36547820115e-09, 2.12203449257e-10, 1.86699232463e-11, 2.36802466524e-10, 1.1871996719e-09]
    },
    "gfcc": {
        "mean": [-180.002548218, 251.451034546, -141.350296021, -42.4716491699, -13.5944509506, -36.9276351929, -20.5374088287, -21.7937355042, -23.0160980225, -19.2358951569, -10.4003238678, -17.3014736176, -7.77873516083],
        "cov": [[9175.375, -415.973327637, -2511.32519531, 1219.05236816, -163.444549561, -762.090820312, 355.979797363, -563.049804688, 70.1596908569, 106.733161926, -20.2607955933, 102.244148254, 96.6898498535], [-415.973327637, 936.756530762, 493.673583984, -507.246337891, 390.100250244, -5.30995464325, -179.268081665, 87.2319259644, -91.7341461182, 7.92123365402, 115.603981018, -67.6444396973, -39.7042579651], [-2511.32519531, 493.673583984, 1262.80969238, -416.371368408, 179.139953613, 415.957550049, -82.2062149048, 263.903778076, 39.9016914368, -48.3296470642, 45.5237846375, -58.4792518616, -64.5347671509], [1219.05236816, -507.246337891, -416.371368408, 682.272338867, -173.769882202, -35.1828422546, 267.988342285, -75.0955123901, 140.835739136, 58.3935966492, -93.7480316162, 70.7307662964, 12.9713745117], [-163.444549561, 390.100250244, 179.139953613, -173.769882202, 323.757049561, -2.92379498482, -111.706771851, 61.9103965759, -67.8863296509, 16.563791275, 80.6253509521, -22.5303115845, -17.4883537292], [-762.090820312, -5.30995464325, 415.957550049, -35.1828422546, -2.92379498482, 342.81262207, 80.4387435913, 123.300346375, 122.56388855, -34.0236778259, -13.1029081345, 15.8089227676, -1.1938419342], [355.979797363, -179.268081665, -82.2062149048, 267.988342285, -111.706771851, 80.4387435913, 245.712493896, 41.1643257141, 106.461280823, 21.6217823029, -59.7898674011, 30.8631706238, 17.5012626648], [-563.049804688, 87.2319259644, 263.903778076, -75.0955123901, 61.9103965759, 123.300346375, 41.1643257141, 213.593811035, 80.9790802002, -30.2942142487, 31.0882320404, 3.29517054558, -5.62942695618], [70.1596908569, -91.7341461182, 39.9016914368, 140.835739136, -67.8863296509, 122.56388855, 106.461280823, 80.9790802002, 209.035964966, 34.7552909851, -38.7011680603, 47.3762817383, 9.78724002838], [106.733161926, 7.92123365402, -48.3296470642, 58.3935966492, 16.563791275, -34.0236778259, 21.6217823029, -30.2942142487, 34.7552909851, 109.30405426, 13.6156806946, 3.63133907318, 11.1166248322], [-20.2607955933, 115.603981018, 45.5237846375, -93.7480316162, 80.6253509521, -13.1029081345, -59.7898674011, 31.0882320404, -38.7011680603, 13.6156806946, 99.9244384766, 9.75856304169, -19.8762836456], [102.244148254, -67.6444396973, -58.4792518616, 70.7307662964, -22.5303115845, 15.8089227676, 30.8631706238, 3.29517054558, 47.3762817383, 3.63133907318, 9.75856304169, 75.7191543579, 17.54753685], [96.6898498535, -39.7042579651, -64.5347671509, 12.9713745117, -17.4883537292, -1.1938419342, 17.5012626648, -5.62942695618, 9.78724002838, 11.1166248322, -19.8762836456, 17.54753685, 83.769203186]],
        "icov": [[0.000534345686901, -0.000875331985299, 0.00103272905108, -0.000984467449598, 0.00011284568609, -8.36588878883e-05, -0.000287771428702, 0.00106290564872, -0.0011201153975, 0.00143595261034, -0.00177853263449, 0.00135822873563, -0.000695890164934], [-0.000875331985299, 0.00941295176744, -0.00571950431913, 0.00792180653661, -0.009661661461, 0.00830406136811, -0.00880057364702, 0.0076444693841, -0.00817567761987, 0.00440616346896, -0.00388339068741, 0.00198035896756, -0.000673200469464], [0.00103272905108, -0.00571950431913, 0.00671853544191, -0.00451757339761, 0.00503439828753, -0.00779127050191, 0.00578025076538, -0.00570539524779, 0.00529938796535, -0.00329877738841, 0.00251940474845, 3.855488103e-05, 0.00172977545299], [-0.000984467449598, 0.00792180653661, -0.00451757339761, 0.0108864735812, -0.00809486024082, 0.00731184706092, -0.010747349821, 0.007174490951, -0.00742731802166, 0.002594177844, -0.00117125327233, -0.000738693925086, 0.00126711034682], [0.00011284568609, -0.009661661461, 0.00503439828753, -0.00809486024082, 0.0164742339402, -0.0105402199551, 0.0134651651606, -0.0140072451904, 0.0144642554224, -0.0107464762405, 0.00710825342685, -0.00512981135398, 0.00245423591696], [-8.36588878883e-05, 0.00830406136811, -0.00779127050191, 0.00731184706092, -0.0105402199551, 0.0181115511805, -0.014155450277, 0.0136086754501, -0.0170741360635, 0.0130092138425, -0.0108812591061, 0.00547919142991, -0.00463360734284], [-0.000287771428702, -0.00880057364702, 0.00578025076538, -0.010747349821, 0.0134651651606, -0.014155450277, 0.0238869078457, -0.0188009217381, 0.0168445538729, -0.0144889112562, 0.0147925922647, -0.00752880843356, 0.00367526500486], [0.00106290564872, 0.0076444693841, -0.00570539524779, 0.007174490951, -0.0140072451904, 0.0136086754501, -0.0188009217381, 0.0291412696242, -0.0252086818218, 0.021325526759, -0.0220251083374, 0.0130683649331, -0.00780216930434], [-0.0011201153975, -0.00817567761987, 0.00529938796535, -0.00742731802166, 0.0144642554224, -0.0170741360635, 0.0168445538729, -0.0252086818218, 0.0332344956696, -0.0236082505435, 0.0233609843999, -0.0173352509737, 0.00863781943917], [0.00143595261034, 0.00440616346896, -0.00329877738841, 0.002594177844, -0.0107464762405, 0.0130092138425, -0.0144889112562, 0.021325526759, -0.0236082505435, 0.0298268999904, -0.0223473515362, 0.0145499054343, -0.00966022256762], [-0.00177853263449, -0.00388339068741, 0.00251940474845, -0.00117125327233, 0.00710825342685, -0.0108812591061, 0.0147925922647, -0.0220251083374, 0.0233609843999, -0.0223473515362, 0.036900959909, -0.0198496822268, 0.012242670171], [0.00135822873563, 0.00198035896756, 3.855488103e-05, -0.000738693925086, -0.00512981135398, 0.00547919142991, -0.00752880843356, 0.0130683649331, -0.0173352509737, 0.0145499054343, -0.0198496822268, 0.0286320950836, -0.00963970087469], [-0.000695890164934, -0.000673200469464, 0.00172977545299, 0.00126711034682, 0.00245423591696, -0.00463360734284, 0.00367526500486, -0.00780216930434, 0.00863781943917, -0.00966022256762, 0.012242670171, -0.00963970087469, 0.0179091691971]]
    },
    "melbands": {
        "dmean": [3.98896336264e-05, 0.000304413988488, 0.000541721470654, 0.000956852221861, 0.000271014199825, 0.000102181067632, 0.000205502525205, 0.000100243632914, 9.46976433625e-05, 4.61522031401e-05, 9.91844135569e-05, 0.000160250143381, 4.94805753988e-05, 3.26810477418e-05, 2.34299204749e-05, 1.27038592836e-05, 1.53997170855e-05, 8.0248746599e-06, 1.66763256857e-05, 2.80491121885e-06, 2.08431697502e-06, 1.69468910372e-06, 1.33253718104e-06, 7.68820882513e-07, 3.10784514568e-07, 2.62765638581e-07, 2.08804038948e-07, 5.26936290157e-08, 3.67235344356e-08, 2.78023861711e-08, 2.83305201521e-08, 2.10974775428e-08, 1.10965228117e-08, 2.71511368943e-09, 1.62946434124e-09, 1.29286581441e-09, 6.17704998263e-10, 6.12957906654e-10, 4.08948874764e-10, 1.38734190802e-10],
        "dmean2": [5.50037948415e-05, 0.000469809019705, 0.000865386973601, 0.00157332187518, 0.000414803624153, 0.000155632616952, 0.000325793604134, 0.000153403583681, 0.000127266757772, 6.76930067129e-05, 0.0001284024911, 0.000201468428713, 6.47034030408e-05, 4.38551505795e-05, 3.00715619233e-05, 1.80220358743e-05, 2.20126839849e-05, 1.04462424133e-05, 2.09874506254e-05, 4.05806531489e-06, 3.00373267237e-06, 2.26064094022e-06, 1.72352963546e-06, 9.91570914266e-07, 3.9356152115e-07, 3.65035873529e-07, 2.91029749633e-07, 7.27907050191e-08, 5.43799423269e-08, 3.79841047504e-08, 3.60783118936e-08, 3.07046228443e-08, 1.70893112994e-08, 4.11612788298e-09, 2.7187678775e-09, 2.19741203011e-09, 8.04463939907e-10, 8.79199824055e-10, 5.88942339341e-10, 2.37312475226e-10],
        "dvar": [1.3152489764e-08, 7.35884327696e-07, 1.72350314642e-06, 2.70005148195e-06, 4.18030680294e-07, 8.71483152309e-08, 1.52895452743e-07, 1.32262769625e-07, 3.06315286025e-07, 5.97564735472e-08, 6.03562284596e-07, 2.52849417848e-06, 4.14826928363e-07, 3.32300018613e-08, 1.45842111721e-08, 8.90887452698e-09, 3.36558336755e-08, 2.81057310758e-09, 4.90226099714e-08, 1.67083985536e-10, 9.85994341729e-11, 1.13971963811e-10, 3.50948263506e-11, 1.36660361846e-11, 4.95540891307e-12, 2.47357451362e-12, 1.53525022556e-12, 8.31887523819e-14, 5.70660123431e-14, 3.86067419082e-14, 5.22851618771e-14, 2.65271864127e-14, 9.43367698411e-15, 5.34193716043e-16, 6.53298089251e-16, 3.4486763806e-16, 9.07868177015e-17, 1.31034144056e-16, 6.3903513968e-17, 8.38611421438e-18],
        "dvar2": [2.4752974781e-08, 2.09825088859e-06, 4.94176219945e-06, 7.08730067345e-06, 7.58906935516e-07, 1.69907195868e-07, 3.69041174508e-07, 1.64978573025e-07, 5.39127483989e-07, 1.24294828652e-07, 1.1317301869e-06, 4.05900254918e-06, 7.08011555162e-07, 5.72624401229e-08, 2.57162167117e-08, 2.04597867537e-08, 5.68670799339e-08, 4.56944881932e-09, 8.7165325624e-08, 3.47594480976e-10, 2.01329938831e-10, 2.05608405301e-10, 6.66264127203e-11, 2.71104996091e-11, 9.35680352643e-12, 5.20333125545e-12, 3.28839429645e-12, 2.08181264111e-13, 1.48651029637e-13, 7.94122729272e-14, 7.79125028383e-14, 5.82662512531e-14, 2.40054338034e-14, 1.30992120634e-15, 1.79588708982e-15, 9.43788673786e-16, 1.34838261666e-16, 2.68407985614e-16, 1.19212343439e-16, 2.08379534884e-17],
        "max": [0.00580726983026, 0.0191561449319, 0.0441964715719, 0.0477736666799, 0.0128213018179, 0.0174280758947, 0.014190913178, 0.0296783354133, 0.0359567627311, 0.0095298262313, 0.0438872613013, 0.0670545399189, 0.0392749719322, 0.00798940844834, 0.0054836301133, 0.00831403769553, 0.0143369529396, 0.00360387028195, 0.0125662982464, 0.000633336079773, 0.000505337084178, 0.000710149295628, 0.00027260321076, 0.000157273359946, 0.00013148310245, 6.28753186902e-05, 4.88788573421e-05, 1.05548397187e-05, 8.95038101589e-06, 8.79834533407e-06, 1.26898839881e-05, 7.36077981855e-06, 2.8394488254e-06, 1.02816875369e-06, 1.37135907607e-06, 1.07486016532e-06, 5.66009873637e-07, 5.4677099115e-07, 4.65688970053e-07, 1.46638768683e-07],
        "mean": [0.000121373945149, 0.000717514485586, 0.00125761702657, 0.00173325359356, 0.000672090041917, 0.000322395906551, 0.000755917804781, 0.000279365514871, 0.000236900581513, 0.000143349083373, 0.000320840481436, 0.000412918569054, 0.000116881070426, 7.71107370383e-05, 6.43310122541e-05, 3.26757945004e-05, 3.66438362107e-05, 1.91288963833e-05, 2.9536546208e-05, 5.83065320825e-06, 4.35021502199e-06, 3.48741696143e-06, 2.98051577374e-06, 2.00327167477e-06, 6.79788058733e-07, 5.84916847401e-07, 3.35137826823e-07, 9.36199242574e-08, 5.8963980365e-08, 4.7242778578e-08, 4.31808224732e-08, 3.00047773294e-08, 1.46218974706e-08, 3.4020382067e-09, 1.69892488966e-09, 1.32384114782e-09, 8.26278823141e-10, 6.62328747403e-10, 4.66728877768e-10, 1.22587467954e-10],
        "median": [1.11019317046e-05, 0.000194049876882, 0.000571872922592, 0.000839291838929, 0.000307412323309, 0.000126118189655, 0.000353518931661, 0.000130953383632, 5.5298616644e-05, 5.16644686286e-05, 4.60391092929e-05, 8.08432960184e-05, 2.29853721976e-05, 2.26113825192e-05, 2.27443815675e-05, 1.30420148707e-05, 1.13777687147e-05, 4.56948691863e-06, 2.68455869445e-06, 1.33990772611e-06, 7.32221451472e-07, 5.61615877359e-07, 4.32959495811e-07, 3.02964849652e-07, 9.5694929314e-08, 5.93057727372e-08, 2.45819933298e-08, 7.68402941276e-09, 3.76274522651e-09, 1.96407867747e-09, 9.01876739956e-10, 2.16173273726e-10, 6.14830061862e-11, 4.17717457846e-11, 2.12384693166e-11, 1.01394708601e-11, 7.19820297118e-12, 5.48450694582e-12, 4.39033271543e-12, 3.59755324489e-12],
        "min": [4.10473161853e-24, 1.7231713925e-24, 4.29777495393e-24, 6.42026004526e-24, 6.33654139284e-24, 6.2334952538e-24, 1.39072124818e-24, 4.95315112766e-24, 4.35337702598e-24, 3.98071952878e-24, 3.31776871264e-24, 3.33050053322e-24, 6.67414585571e-24, 3.33801522221e-24, 4.92725006313e-24, 9.19272155742e-24, 5.52437359217e-24, 1.2058540419e-23, 7.96559083251e-24, 4.79229568377e-24, 7.56222810787e-24, 9.10349034499e-24, 7.86634739746e-24, 9.82985690044e-24, 9.87588141223e-24, 7.82564848564e-24, 8.4996867418e-24, 9.53901098443e-24, 6.12581258479e-24, 8.78725257417e-24, 1.07520210991e-23, 1.06115439046e-23, 1.00575355683e-23, 7.30981233972e-24, 8.88383912568e-24, 8.34099632667e-24, 8.685707243e-24, 5.87806253447e-24, 8.17020320752e-24, 7.21896554015e-24],
        "var": [1.17525921439e-07, 1.97216809283e-06, 4.420850928e-06, 6.09340213487e-06, 1.17204888284e-06, 4.73642074894e-07, 1.48396031818e-06, 8.23270511319e-07, 7.80528068844e-07, 1.8270075941e-07, 2.56587145486e-06, 6.95941525919e-06, 1.03002514606e-06, 1.01568694788e-07, 4.44301093694e-08, 1.6313274287e-08, 6.20362996528e-08, 5.93291726858e-09, 7.83629445777e-08, 3.07694592028e-10, 2.71232841742e-10, 2.87165485835e-10, 9.41567587787e-11, 4.50621658044e-11, 1.04063042905e-11, 5.47525262976e-12, 2.26620697034e-12, 1.23271252689e-13, 5.930151525e-14, 6.86898183732e-14, 1.04975225832e-13, 3.65993619146e-14, 1.28865085378e-14, 6.88181817694e-16, 4.8228568415e-16, 2.72831853409e-16, 2.11008996467e-16, 1.75643438625e-16, 1.02899051358e-16, 7.61185248151e-18]
    },
    "mfcc": {
        "mean": [-789.950927734, 249.726470947, -19.2202014923, -11.7576637268, 5.34671115875, -8.82861614227, -4.44615268707, -5.94716930389, -10.6359930038, -10.4318056107, -5.87931013107, -8.45994758606, -10.0556621552],
        "cov": [[4652.29296875, 1058.01953125, -1930.00830078, 603.345947266, -2.09298300743, -202.076644897, 4.10224580765, -293.035339355, -148.031585693, -123.689819336, -20.0156707764, -32.4392166138, -35.2011871338], [1058.01953125, 987.246520996, -178.795394897, -140.639709473, 254.309188843, -35.6943778992, -12.4197797775, -46.9369049072, -165.189315796, -78.1654129028, 20.754327774, 37.7715568542, -15.3320026398], [-1930.00830078, -178.795394897, 1184.89074707, -251.035858154, 8.58598804474, 195.388916016, 41.8748168945, 227.404129028, 154.209381104, 104.084510803, 56.6619682312, 56.7741470337, 42.3449363708], [603.345947266, -140.639709473, -251.035858154, 400.193267822, -65.9895477295, -14.0430173874, 72.4970932007, -32.3037109375, 88.7357254028, 46.1828956604, 30.4812107086, 35.9900245667, 24.0323123932], [-2.09298300743, 254.309188843, 8.58598804474, -65.9895477295, 259.228973389, 16.3177375793, -11.8011264801, 17.1109256744, -79.3155212402, -33.9255905151, 13.4318027496, 38.8772087097, 16.3647060394], [-202.076644897, -35.6943778992, 195.388916016, -14.0430173874, 16.3177375793, 160.292739868, 38.012008667, 40.0378456116, 83.1796798706, 30.8994903564, 14.0845470428, 31.7374610901, 30.4829406738], [4.10224580765, -12.4197797775, 41.8748168945, 72.4970932007, -11.8011264801, 38.012008667, 116.035972595, 35.9319725037, 13.7442569733, 32.1402053833, 17.6669521332, 15.6776218414, 4.70978403091], [-293.035339355, -46.9369049072, 227.404129028, -32.3037109375, 17.1109256744, 40.0378456116, 35.9319725037, 219.478271484, 102.855491638, 26.0463066101, 55.3624572754, 9.09247589111, 15.7442150116], [-148.031585693, -165.189315796, 154.209381104, 88.7357254028, -79.3155212402, 83.1796798706, 13.7442569733, 102.855491638, 251.220962524, 101.735939026, 8.13652038574, 33.436416626, 60.2548675537], [-123.689819336, -78.1654129028, 104.084510803, 46.1828956604, -33.9255905151, 30.8994903564, 32.1402053833, 26.0463066101, 101.735939026, 123.519714355, 22.926820755, 4.18150091171, 41.5828704834], [-20.0156707764, 20.754327774, 56.6619682312, 30.4812107086, 13.4318027496, 14.0845470428, 17.6669521332, 55.3624572754, 8.13652038574, 22.926820755, 111.441665649, 36.6641654968, -10.0528879166], [-32.4392166138, 37.7715568542, 56.7741470337, 35.9900245667, 38.8772087097, 31.7374610901, 15.6776218414, 9.09247589111, 33.436416626, 4.18150091171, 36.6641654968, 118.050132751, 71.5159912109], [-35.2011871338, -15.3320026398, 42.3449363708, 24.0323123932, 16.3647060394, 30.4829406738, 4.70978403091, 15.7442150116, 60.2548675537, 41.5828704834, -10.0528879166, 71.5159912109, 134.781280518]],
