{
"lowlevel": {
    "average_loudness": 0.943231880665,
    "barkbands_crest": {
        "dmean": 3.45429182053,
        "dmean2": 5.46997499466,
        "dvar": 15.851984024,
        "dvar2": 33.6563224792,
        "max": 26.4920959473,
        "mean": 15.5355386734,
        "median": 16.4279785156,
        "min": 2.23420500755,
        "var": 47.8934516907
    },
    "barkbands_flatness_db": {
        "dmean": 0.0450291447341,
        "dmean2": 0.0655028000474,
        "dvar": 0.00222370191477,
        "dvar2": 0.00454949680716,
        "max": 0.611941576004,
        "mean": 0.169379606843,
        "median": 0.147466763854,
        "min": 0.0205834191293,
        "var": 0.00997180398554
    },
    "barkbands_kurtosis": {
        "dmean": 22.2202949524,
        "dmean2": 32.8560333252,
        "dvar": 2769.43237305,
        "dvar2": 5528.71191406,
        "max": 1451.0020752,
        "mean": 30.5237121582,
        "median": 7.21644830704,
        "min": -1.94377553463,
        "var": 4961.71972656
    },
    "barkbands_skewness": {
        "dmean": 1.64785599709,
        "dmean2": 2.42149162292,
        "dvar": 3.94623756409,
        "dvar2": 7.75603628159,
        "max": 28.879114151,
        "mean": 3.42512011528,
        "median": 2.60718154907,
        "min": -2.71961259842,
        "var": 12.0029830933
    },
    "barkbands_spread": {
        "dmean": 14.4024019241,
        "dmean2": 22.5426597595,
        "dvar": 271.411651611,
        "dvar2": 622.288146973,
        "max": 125.474136353,
        "mean": 27.8367347717,
        "median": 21.5396461487,
        "min": 0.108573943377,
        "var": 580.655456543
    },
    "dissonance": {
        "dmean": 0.0146919982508,
        "dmean2": 0.0235227067024,
        "dvar": 0.000276838283753,
        "dvar2": 0.000655845622532,
        "max": 0.500000238419,
        "mean": 0.46842738986,
        "median": 0.480526059866,
        "min": 0.0956829115748,
        "var": 0.00205865269527
    },
    "dynamic_complexity": 2.434643507,
    "erbbands_crest": {
        "dmean": 2.41428828239,
        "dmean2": 3.82602930069,
        "dvar": 5.92163705826,
        "dvar2": 13.5433931351,
        "max": 28.4345035553,
        "mean": 7.87134408951,
        "median": 6.65937280655,
        "min": 1.99828910828,
        "var": 18.3968906403
    },
    "erbbands_flatness_db": {
        "dmean": 0.020699031651,
        "dmean2": 0.0303059667349,
        "dvar": 0.000404746824643,
        "dvar2": 0.000875072495546,
        "max": 0.459629625082,
        "mean": 0.111179843545,
        "median": 0.101292744279,
        "min": 0.0424348190427,
        "var": 0.00263319211081
    },
    "erbbands_kurtosis": {
        "dmean": 1.59817004204,
        "dmean2": 2.59053516388,
        "dvar": 13.8329296112,
        "dvar2": 32.5001831055,
        "max": 370.586456299,
        "mean": 3.07374286652,
        "median": -0.115873456001,
        "min": -1.85421776772,
        "var": 627.891296387
    },
    "erbbands_skewness": {
        "dmean": 0.573725104332,
        "dmean2": 0.861471295357,
        "dvar": 0.345604747534,
        "dvar2": 0.788185417652,
        "max": 14.4142274857,
        "mean": 0.165879055858,
        "median": 0.0141835529357,
        "min": -3.90273976326,
        "var": 1.6233382225
    },
    "erbbands_spread": {
        "dmean": 19.2567558289,
        "dmean2": 29.499578476,
        "dvar": 388.183013916,
        "dvar2": 951.501708984,
        "max": 192.593521118,
        "mean": 59.5518035889,
        "median": 55.0377616882,
        "min": 0.54003226757,
        "var": 903.801757812
    },
    "hfc": {
        "dmean": 29.7281131744,
        "dmean2": 46.9818763733,
        "dvar": 2293.75585938,
        "dvar2": 5862.16748047,
        "max": 877.241210938,
        "mean": 35.9333992004,
        "median": 18.1171894073,
        "min": 1.08033738614e-16,
        "var": 2544.84448242
    },
    "melbands_crest": {
        "dmean": 3.68331646919,
        "dmean2": 5.81943893433,
        "dvar": 15.4367742538,
        "dvar2": 33.7549972534,
        "max": 36.5693740845,
        "mean": 21.8109474182,
        "median": 23.3115768433,
        "min": 1.71230196953,
        "var": 67.3214874268
    },
    "melbands_flatness_db": {
        "dmean": 0.0576498843729,
        "dmean2": 0.0842676088214,
        "dvar": 0.00345594855025,
        "dvar2": 0.00743012921885,
        "max": 0.763193190098,
        "mean": 0.250830709934,
        "median": 0.239244014025,
        "min": 0.00363933620974,
        "var": 0.0164467263967
    },
    "melbands_kurtosis": {
        "dmean": 46.9634819031,
        "dmean2": 70.5508346558,
        "dvar": 5877.23583984,
        "dvar2": 12437.1005859,
        "max": 1537.18395996,
        "mean": 74.4004364014,
        "median": 32.0378837585,
        "min": -1.82355463505,
        "var": 12790.4277344
    },
    "melbands_skewness": {
        "dmean": 2.10406088829,
        "dmean2": 3.20032143593,
        "dvar": 5.73467350006,
        "dvar2": 12.8314399719,
        "max": 30.2630691528,
        "mean": 5.68408632278,
        "median": 4.85166215897,
        "min": -2.07842993736,
        "var": 16.9880447388
    },
    "melbands_spread": {
        "dmean": 15.1444377899,
        "dmean2": 25.1582832336,
        "dvar": 519.63104248,
        "dvar2": 1323.29272461,
        "max": 262.222991943,
        "mean": 23.9493656158,
        "median": 10.6555900574,
        "min": 0.245625779033,
        "var": 930.734436035
    },
    "pitch_salience": {
        "dmean": 0.109584830701,
        "dmean2": 0.175306528807,
        "dvar": 0.01383611653,
        "dvar2": 0.0320024974644,
        "max": 0.93603605032,
        "mean": 0.415388792753,
        "median": 0.391959667206,
        "min": 0.0372993052006,
        "var": 0.0396171174943
    },
    "silence_rate_20dB": {
        "dmean": 0,
        "dmean2": 0,
        "dvar": 0,
        "dvar2": 0,
        "max": 1,
        "mean": 1,
        "median": 1,
        "min": 1,
        "var": 0
    },
    "silence_rate_30dB": {
        "dmean": 0.130920007825,
        "dmean2": 0.261864572763,
        "dvar": 0.11377723515,
        "dvar2": 0.226510435343,
        "max": 1,
        "mean": 0.802700698376,
        "median": 1,
        "min": 0,
        "var": 0.15837906301
    },
    "silence_rate_60dB": {
        "dmean": 0.0136922067031,
        "dmean2": 0.0273869819939,
        "dvar": 0.0135049503297,
        "dvar2": 0.033018283546,
        "max": 1,
        "mean": 0.0393848456442,
        "median": 0,
        "min": 0,
        "var": 0.0378349758685
    },
    "spectral_centroid": {
        "dmean": 558.31640625,
        "dmean2": 901.712463379,
        "dvar": 395894.25,
        "dvar2": 955206.8125,
        "max": 11552.3134766,
        "mean": 1628.25427246,
        "median": 1521.26611328,
        "min": 102.337890625,
        "var": 1236341.875
    },
    "spectral_complexity": {
        "dmean": 7.44293355942,
        "dmean2": 11.1568183899,
        "dvar": 75.9691162109,
        "dvar2": 161.935623169,
        "max": 62,
        "mean": 17.3897228241,
        "median": 13,
        "min": 0,
        "var": 171.210037231
    },
    "spectral_decrease": {
        "dmean": 6.59858123697e-09,
        "dmean2": 9.55758139298e-09,
        "dvar": 9.08012172616e-17,
        "dvar2": 1.84151447829e-16,
        "max": 1.79317739888e-28,
        "mean": -1.50243391062e-08,
        "median": -1.02249844147e-08,
        "min": -8.36524378656e-08,
        "var": 2.06088515902e-16
    },
    "spectral_energy": {
        "dmean": 0.0263590272516,
        "dmean2": 0.0382554084063,
        "dvar": 0.00128791062161,
        "dvar2": 0.00261258985847,
        "max": 0.317408233881,
        "mean": 0.0599644705653,
        "median": 0.0430173538625,
        "min": 9.94094512615e-21,
        "var": 0.00299078482203
    },
    "spectral_energyband_high": {
        "dmean": 0.00270278682001,
        "dmean2": 0.00430975528434,
        "dvar": 2.01673410629e-05,
        "dvar2": 5.05185998918e-05,
        "max": 0.0969937369227,
        "mean": 0.00289231608622,
        "median": 0.00102192163467,
        "min": 7.24148158676e-21,
        "var": 2.38598222495e-05
    },
    "spectral_energyband_low": {
        "dmean": 0.0232021398842,
        "dmean2": 0.0336636565626,
        "dvar": 0.00138144998346,
        "dvar2": 0.00286529352888,
        "max": 0.310833364725,
        "mean": 0.0469763539732,
        "median": 0.0254111848772,
        "min": 2.26244739638e-23,
        "var": 0.00287579093128
    },
    "spectral_energyband_middle_high": {
        "dmean": 0.00346536398865,
        "dmean2": 0.00582218496129,
        "dvar": 4.8079964472e-05,
        "dvar2": 0.000127718041767,
        "max": 0.0712134093046,
        "mean": 0.00380195816979,
        "median": 0.00160403316841,
        "min": 1.09507191946e-21,
        "var": 4.35741494584e-05
    },
    "spectral_energyband_middle_low": {
        "dmean": 0.00273173651658,
        "dmean2": 0.0043207090348,
        "dvar": 1.3237744497e-05,
        "dvar2": 3.29611830239e-05,
        "max": 0.0606493577361,
        "mean": 0.00678100809455,
        "median": 0.00386229669675,
        "min": 2.18289172072e-22,
        "var": 4.89201593155e-05
    },
    "spectral_entropy": {
        "dmean": 0.29185578227,
        "dmean2": 0.411128222942,
        "dvar": 0.101378835738,
        "dvar2": 0.194637775421,
        "max": 9.82834720612,
        "mean": 7.8371219635,
        "median": 8.04921913147,
        "min": 3.47310400009,
        "var": 0.558080613613
    },
    "spectral_flux": {
        "dmean": 0.0567904449999,
        "dmean2": 0.0909986570477,
        "dvar": 0.00393920112401,
        "dvar2": 0.010432317853,
        "max": 0.467306673527,
        "mean": 0.108307138085,
        "median": 0.0826843753457,
        "min": 6.42755848546e-11,
        "var": 0.00619884440675
    },
    "spectral_kurtosis": {
        "dmean": 1.48851549625,
        "dmean2": 2.17153191566,
        "dvar": 8.00899600983,
        "dvar2": 16.3595809937,
        "max": 96.9573059082,
        "mean": 3.44292783737,
        "median": 1.98921990395,
        "min": -1.27904427052,
        "var": 56.8687400818
    },
    "spectral_rms": {
        "dmean": 0.00163211824838,
        "dmean2": 0.00229661120102,
        "dvar": 3.63338995157e-06,
        "dvar2": 6.85721761329e-06,
        "max": 0.0175973456353,
        "mean": 0.00680405832827,
        "median": 0.00647828262299,
        "min": 3.11423868464e-12,
        "var": 1.22072260638e-05
    },
    "spectral_rolloff": {
        "dmean": 1303.43237305,
        "dmean2": 2206.90820312,
        "dvar": 4153627.5,
        "dvar2": 8925010,
        "max": 19896.6796875,
        "mean": 1936.29199219,
        "median": 344.53125,
        "min": 64.599609375,
        "var": 8943495
    },
    "spectral_skewness": {
        "dmean": 0.282681196928,
        "dmean2": 0.402177453041,
        "dvar": 0.111669562757,
        "dvar2": 0.228382706642,
        "max": 8.72346687317,
        "mean": 1.41362714767,
        "median": 1.26012969017,
        "min": -0.0568379871547,
        "var": 0.679970681667
    },
    "spectral_spread": {
        "dmean": 1317197.5,
        "dmean2": 1842801,
        "dvar": 1.93313046528e+12,
        "dvar2": 3.98408889139e+12,
        "max": 50462300,
        "mean": 7120375,
        "median": 6708186,
        "min": 879448.6875,
        "var": 1.0438994559e+13
    },
    "spectral_strongpeak": {
        "dmean": 0.242715850472,
        "dmean2": 0.386957615614,
        "dvar": 0.253550648689,
        "dvar2": 0.699840724468,
        "max": 12.2905607224,
        "mean": 0.525570750237,
        "median": 0.427536427975,
        "min": 0,
        "var": 0.245616182685
    },
    "zerocrossingrate": {
        "dmean": 0.0234748665243,
        "dmean2": 0.0274185817689,
        "dvar": 0.000557616585866,
        "dvar2": 0.00068464135984,
        "max": 0.53466796875,
        "mean": 0.0733154937625,
        "median": 0.0546875,
        "min": 0.00146484375,
        "var": 0.00463742529973
    },
    "barkbands": {
        "dmean": [0.00108752271626, 0.0214223228395, 0.00244399323128, 0.000717944290955, 0.00176807644311, 0.000638975645415, 0.000309410737827, 0.000162956101121, 0.000225916752242, 0.000151789121446, 0.000287052476779, 0.000288709095912, 0.000326976994984, 0.000240654539084, 0.00044346562936, 0.000405303901061, 0.000623474537861, 0.000520639412571, 0.000550760771148, 0.000352761999238, 0.000414324982557, 0.000391352135921, 0.00037695816718, 0.000441698823124, 0.000690038665198, 0.000260346598225, 4.41942829639e-05],
        "dmean2": [0.00124983675778, 0.0311903357506, 0.00422897143289, 0.0011017365614, 0.00290690525435, 0.00108504155651, 0.00050455291057, 0.00025737012038, 0.000345266889781, 0.000241409303271, 0.000510914193001, 0.000505917822011, 0.00052156863967, 0.000403875514166, 0.000792191538494, 0.000733160180971, 0.00109634222463, 0.000845433794893, 0.00102450698614, 0.000603055173997, 0.00072394637391, 0.000665294704959, 0.000616121396888, 0.000708473147824, 0.0011072983034, 0.000408165127737, 7.15811329428e-05],
        "dvar": [6.42205668555e-06, 0.00129452603869, 2.58454001596e-05, 2.36031905843e-06, 7.38410608392e-06, 1.30783382701e-06, 3.02499358895e-07, 1.05958434915e-07, 3.98235783905e-07, 1.5800021913e-07, 4.51747018815e-06, 1.63521303875e-06, 4.04065218618e-07, 2.63731720906e-07, 6.08250786627e-07, 1.95356005861e-06, 3.50225604961e-06, 1.47358741742e-06, 1.75376135303e-06, 4.74677676721e-07, 5.57029011361e-07, 4.69812761139e-07, 4.664888138e-07, 1.02711635463e-06, 2.1231314804e-06, 1.54561021759e-07, 5.831168437e-09],
        "dvar2": [8.54381869431e-06, 0.00270060705952, 6.95915950928e-05, 5.23693779542e-06, 1.92409370356e-05, 3.68191149391e-06, 8.05786271485e-07, 2.55087513779e-07, 1.05786307358e-06, 3.85246664791e-07, 1.28372676045e-05, 4.65745642941e-06, 9.7221516171e-07, 6.91137984177e-07, 1.63107097251e-06, 5.62028708373e-06, 9.78037769528e-06, 3.74096543965e-06, 5.02201328345e-06, 1.29874194954e-06, 1.50129847043e-06, 1.22177220874e-06, 1.20601055187e-06, 2.3572072223e-06, 5.36450443178e-06, 3.71724183879e-07, 1.42990650431e-08],
        "max": [0.0565635934472, 0.283850073814, 0.0484580770135, 0.0283269584179, 0.0467932336032, 0.0231036879122, 0.0116784870625, 0.00700788199902, 0.0128075871617, 0.00947876647115, 0.0498072877526, 0.0368743017316, 0.0126602035016, 0.00890335720032, 0.00891179498285, 0.0329376533628, 0.0233643352985, 0.013889872469, 0.0114163663238, 0.00659202272072, 0.00723313726485, 0.0143675329164, 0.0125177605078, 0.0306842774153, 0.0337575301528, 0.00435987720266, 0.000606722664088],
        "mean": [0.00270912889391, 0.0412315540016, 0.00260072830133, 0.00113077706192, 0.00300646293908, 0.00126427283976, 0.000587995513342, 0.000289156596409, 0.000411428773077, 0.000209516612813, 0.000251084129559, 0.000277192419162, 0.000527642958332, 0.000257066334598, 0.0003821204009, 0.00031967627001, 0.000556143117137, 0.000511245045345, 0.000432356842794, 0.000354778952897, 0.000396374380216, 0.000407061394071, 0.000442827236839, 0.000465645745862, 0.000662933744024, 0.000239349363255, 4.01292672905e-05],
        "median": [0.000651834765449, 0.0212499313056, 0.000856494181789, 0.000433668144979, 0.00151416123845, 0.000399169512093, 0.000146568476339, 0.000112682013423, 0.000190151346033, 7.77970126364e-05, 4.6722132538e-05, 5.24819479324e-05, 0.000123734644148, 7.45049474062e-05, 0.000124791666167, 7.40352625144e-05, 0.000147250058944, 9.34904091991e-05, 9.49207824306e-05, 0.000107226653199, 0.00012016495748, 0.000129285006551, 0.000141542172059, 0.000132691347972, 0.000192669525859, 5.28787713847e-05, 8.59186002344e-06],
        "min": [3.70635794607e-25, 3.87007192606e-24, 8.43821830564e-25, 1.55543234835e-24, 6.13818113493e-24, 1.78101694552e-23, 1.03945811232e-23, 6.79943668898e-24, 1.54966802339e-23, 2.26673501317e-23, 1.97300754605e-23, 1.65068308225e-23, 3.90614353759e-23, 5.09721874374e-23, 7.53223324967e-23, 6.1689105804e-23, 8.17311710193e-23, 7.7851969606e-23, 1.62422181603e-22, 1.72577472026e-22, 2.87350700528e-22, 3.28737751495e-22, 3.84779162265e-22, 6.08286731266e-22, 9.61598370861e-22, 1.35014142201e-21, 1.97523641889e-21],
        "var": [3.65899140888e-05, 0.00246781040914, 2.26327883865e-05, 4.17048840973e-06, 1.48077915583e-05, 3.82850885217e-06, 9.11778840873e-07, 2.41978341364e-07, 5.84596989484e-07, 2.01816860113e-07, 2.78876973425e-06, 1.09224913558e-06, 1.06756533569e-06, 2.61950219738e-07, 4.74429299402e-07, 1.17810895972e-06, 2.43460340243e-06, 1.47978528275e-06, 1.08521805942e-06, 4.03241102731e-07, 4.88137686716e-07, 5.22830987393e-07, 6.2885811758e-07, 1.38191421684e-06, 2.06651407098e-06, 1.67257283579e-07, 5.91391602356e-09]
    },
    "erbbands": {
        "dmean": [0.799952685833, 4.30466127396, 4.03333997726, 1.98808157444, 4.31742668152, 7.08888292313, 4.32081508636, 5.37269592285, 4.67209100723, 3.68034434319, 4.09976530075, 5.62169218063, 4.91925287247, 6.78062152863, 11.1978769302, 11.8676147461, 14.3498811722, 12.4723653793, 21.0222454071, 20.6852207184, 23.9841423035, 36.8499908447, 31.9745178223, 31.8165855408, 17.1270523071, 17.076467514, 19.6946926117, 16.0479888916, 14.6019382477, 10.9500818253, 10.3528680801, 8.85782146454, 8.66599178314, 9.8177690506, 3.13791179657, 1.33676612377, 0.456568211317, 0.0781563669443, 0.00711124157533, 0.000283134286292],
        "dmean2": [1.07602059841, 6.59098672867, 6.92654561996, 3.14956521988, 6.88391399384, 11.849360466, 7.15118837357, 9.22025585175, 7.57956838608, 6.16029310226, 6.33539676666, 8.56229496002, 7.78973388672, 11.7461261749, 19.5367584229, 20.4404678345, 22.8205337524, 20.777463913, 37.2970085144, 36.3925971985, 42.7840385437, 66.1293563843, 52.5744056702, 57.3973007202, 30.5921325684, 29.0343570709, 34.8494377136, 27.9944496155, 24.9736862183, 17.7509708405, 16.9747886658, 14.2877349854, 13.9553718567, 15.8385286331, 4.97609806061, 2.05739879608, 0.741989374161, 0.126968532801, 0.0113177113235, 0.000455905683339],
        "dvar": [1.62671864033, 58.2691307068, 63.9325942993, 13.1718130112, 50.7962799072, 111.369445801, 51.9219245911, 110.050056458, 72.9537658691, 50.3032913208, 80.3517608643, 241.347549438, 217.801864624, 1690.13146973, 3552.38183594, 2649.01342773, 861.672485352, 674.54510498, 1734.2355957, 1278.90966797, 7033.97167969, 12811.9619141, 5543.6171875, 5075.04394531, 1329.06201172, 1144.92077637, 1477.12573242, 660.863647461, 665.969604492, 401.758178711, 384.741973877, 388.667327881, 379.848388672, 425.783966064, 50.7404327393, 4.32056951523, 0.513095140457, 0.0145914247259, 0.000148578168591, 2.07354133863e-07],
        "dvar2": [3.50933265686, 118.480804443, 172.822662354, 32.6560554504, 125.240432739, 304.12677002, 137.109085083, 313.133239746, 191.554885864, 140.750595093, 197.017471313, 639.760437012, 550.271057129, 4787.60107422, 9934.31347656, 7594.78955078, 2063.26904297, 1804.34289551, 4635.76123047, 3414.61791992, 20127.0371094, 36237.7695312, 14223.6328125, 14139.4150391, 3738.42016602, 3149.4387207, 4041.95532227, 1767.91821289, 1713.42224121, 1025.29150391, 992.064697266, 924.298522949, 903.034240723, 1081.40991211, 127.174224854, 10.1502637863, 1.27576863766, 0.0361702293158, 0.000355687516276, 5.09776725721e-07],
        "max": [15.6859169006, 59.8934288025, 66.3750839233, 62.5319976807, 130.768478394, 164.974029541, 126.328300476, 247.080963135, 138.690689087, 221.047607422, 189.53326416, 308.486358643, 378.468200684, 978.517822266, 1270.21459961, 1594.41442871, 627.467163086, 518.685241699, 621.301940918, 546.519958496, 2011.07983398, 1337.83325195, 838.632324219, 581.949279785, 328.233978271, 318.935150146, 312.544250488, 229.824874878, 541.674072266, 437.596435547, 398.202636719, 567.189819336, 540.195556641, 455.421081543, 198.320510864, 25.1615352631, 7.75798559189, 0.891629755497, 0.0981962457299, 0.00410574814305],
        "mean": [1.64125061035, 7.39056587219, 4.69035673141, 3.31505203247, 6.8185095787, 11.384355545, 9.24327945709, 10.1465997696, 9.19935798645, 6.65587615967, 7.93123102188, 10.4077444077, 7.00494289398, 7.05379962921, 10.4833745956, 13.2662096024, 24.0500774384, 15.2434978485, 17.5507278442, 19.3239536285, 20.0303249359, 30.8073577881, 30.3662528992, 26.9034748077, 15.6170911789, 17.3953113556, 18.100610733, 15.3214712143, 15.0707902908, 13.1083068848, 12.0007686615, 9.56160068512, 8.62474441528, 9.14429569244, 3.29965806007, 1.30429935455, 0.390368461609, 0.0683353915811, 0.00677793379873, 0.000321702798828],
        "median": [0.807227253914, 3.24581384659, 1.83707308769, 1.80618190765, 3.36241769791, 5.70322132111, 3.63027048111, 3.00778388977, 2.28384256363, 2.1937277317, 3.49862384796, 4.89142513275, 2.58613467216, 2.33551597595, 2.26966142654, 3.44074416161, 5.81643295288, 4.97925281525, 4.79994058609, 6.95188713074, 4.94429779053, 7.55723953247, 6.41752624512, 5.88284778595, 4.23870849609, 5.40668678284, 4.71380805969, 4.72912406921, 4.8161945343, 4.21034193039, 3.74219894409, 2.78538632393, 2.32661676407, 2.18365097046, 1.1257737875, 0.333410322666, 0.0759836286306, 0.0145747885108, 0.00150914676487, 0.000153609842528],
        "min": [4.7861103043e-23, 1.18074943342e-21, 2.22036157873e-21, 1.05078950411e-20, 1.56885805319e-20, 2.14493441987e-20, 8.17902812631e-20, 1.96354453597e-19, 1.81944786381e-19, 1.87386303568e-19, 3.11011018128e-19, 3.07582535435e-19, 9.0887803633e-19, 7.70190918577e-19, 6.40394027854e-19, 1.08859305397e-18, 1.79562919807e-18, 1.84338895228e-18, 2.17628199953e-18, 3.30753565283e-18, 3.86307863082e-18, 4.87598693349e-18, 4.87121989162e-18, 6.70851417714e-18, 8.71589292663e-18, 8.24251566004e-18, 1.0257288577e-17, 1.13210535981e-17, 1.18004295785e-17, 1.22503662009e-17, 1.0576710988e-17, 1.06260887075e-17, 1.10400545538e-17, 9.47145376021e-18, 7.25935938964e-18, 4.26369460919e-18, 2.32594130622e-18, 1.01718492983e-18, 2.70516468789e-19, 2.7351615527e-20],
        "var": [4.18490743637, 96.1372528076, 58.4941635132, 21.1630496979, 93.6688766479, 215.61328125, 181.112716675, 269.805877686, 227.081436157, 111.359092712, 179.092422485, 369.907501221, 257.761962891, 1062.83605957, 2526.72607422, 1784.57824707, 2387.29467773, 778.472412109, 1381.32177734, 1067.61608887, 4361.55761719, 8448.96679688, 5224.48779297, 3565.83007812, 965.091064453, 962.371704102, 1185.6361084, 624.651489258, 716.034729004, 555.788330078, 513.4921875, 534.967773438, 444.147613525, 407.263275146, 51.5761566162, 5.01118421555, 0.496480107307, 0.0145166870207, 0.000161483985721, 2.21674724799e-07]
    },
    "gfcc": {
        "mean": [5.34779930115, 55.2208137512, -71.140838623, 46.843711853, -43.2157211304, 24.8400020599, -35.7919692993, 12.7323446274, -18.4164428711, 7.90975856781, -12.1027297974, 3.35437488556, -5.63515472412],
        "cov": [[17722.3945312, -2587.85473633, -1759.83703613, 740.877929688, -248.815292358, 753.15814209, -364.815490723, 549.523010254, -460.736785889, 338.625793457, -440.20916748, 172.166763306, -609.921630859], [-2587.85473633, 2099.16235352, 409.692810059, -20.5259037018, 118.798446655, -106.713142395, 231.407546997, -57.5086975098, 260.959899902, -110.387687683, 198.770355225, -63.2611618042, 283.589660645], [-1759.83703613, 409.692810059, 1127.26940918, -11.3761005402, 37.8009719849, -6.13806724548, 56.1163902283, 22.0034828186, 124.876457214, 51.3211097717, 58.0276069641, 44.8269119263, 191.853378296], [740.877929688, -20.5259037018, -11.3761005402, 428.220825195, 95.4092178345, 113.188316345, 125.319351196, 54.2634048462, 23.3380756378, 21.637922287, -5.50881767273, 23.4756259918, 25.3112068176], [-248.815292358, 118.798446655, 37.8009719849, 95.4092178345, 315.572906494, 113.631202698, 124.574745178, 33.1536407471, 52.5256195068, -8.4540309906, 18.1418704987, 10.3778505325, 15.1921701431], [753.15814209, -106.713142395, -6.13806724548, 113.188316345, 113.631202698, 305.850616455, 111.33392334, 86.3252716064, 10.3005075455, 17.8079242706, -28.8989639282, -12.5202274323, 19.5968208313], [-364.815490723, 231.407546997, 56.1163902283, 125.319351196, 124.574745178, 111.33392334, 227.031814575, 56.4504776001, 68.5898895264, -14.5719165802, 19.4869995117, -9.09223937988, 50.1345901489], [549.523010254, -57.5086975098, 22.0034828186, 54.2634048462, 33.1536407471, 86.3252716064, 56.4504776001, 147.338027954, 16.0881633759, 12.2608423233, -11.7940731049, 3.88138484955, -2.65694403648], [-460.736785889, 260.959899902, 124.876457214, 23.3380756378, 52.5256195068, 10.3005075455, 68.5898895264, 16.0881633759, 125.796379089, 18.0669784546, 30.2030410767, -6.70695638657, 55.057510376], [338.625793457, -110.387687683, 51.3211097717, 21.637922287, -8.4540309906, 17.8079242706, -14.5719165802, 12.2608423233, 18.0669784546, 96.3008880615, 2.33047771454, 21.3774833679, -8.76047134399], [-440.20916748, 198.770355225, 58.0276069641, -5.50881767273, 18.1418704987, -28.8989639282, 19.4869995117, -11.7940731049, 30.2030410767, 2.33047771454, 100.838996887, 26.4883708954, 26.5318336487], [172.166763306, -63.2611618042, 44.8269119263, 23.4756259918, 10.3778505325, -12.5202274323, -9.09223937988, 3.88138484955, -6.70695638657, 21.3774833679, 26.4883708954, 81.6851730347, 18.1580257416], [-609.921630859, 283.589660645, 191.853378296, 25.3112068176, 15.1921701431, 19.5968208313, 50.1345901489, -2.65694403648, 55.057510376, -8.76047134399, 26.5318336487, 18.1580257416, 144.914337158]],
        "icov": [[0.00015620602062, -9.03907421161e-05, 0.000179729060619, -0.000247012358159, 0.000177568101208, -0.000411256100051, 0.000428639847087, -0.000440214556875, 0.00011980713316, -0.000342044106219, 0.000471126200864, -0.000595596851781, 0.000442347460194], [-9.03907421161e-05, 0.00124288722873, -0.0001245415624, 0.000220810601604, -0.000248562922934, 0.000815196079202, -0.000796066131443, 0.000443938391982, -0.00119789876044, 0.00110139197204, -0.00194709177595, 0.00185898831114, -0.00184177211486], [0.000179729060619, -0.0001245415624, 0.00146698229946, -9.66017614701e-05, 6.13204392721e-05, -0.00026406274992, 0.000566937262192, -0.000810539582744, -0.000262463960098, -0.00116452598013, 0.000495519547258, -0.000840383232571, -0.0010629252065], [-0.000247012358159, 0.000220810601604, -9.66017614701e-05, 0.00347267370671, -0.000540309993085, 0.000338084704708, -0.00226712343283, 0.000504492723849, 5.50339827896e-05, -0.00023034735932, -0.00029179546982, 8.09403616131e-07, -0.00112741068006], [0.000177568101208, -0.000248562922934, 6.13204392721e-05, -0.000540309993085, 0.00488389423117, -0.00198620185256, -0.00105387635995, 0.000127556952066, -0.00142125308048, 0.000797936809249, 0.000447099533631, -0.00244934973307, 0.00218376377597], [-0.000411256100051, 0.000815196079202, -0.00026406274992, 0.000338084704708, -0.00198620185256, 0.006843497511, -0.00301486602984, -0.000933706935029, 0.00108006002847, -0.000694885733537, -0.00084264104953, 0.00388024840504, -0.00351126585156], [0.000428639847087, -0.000796066131443, 0.000566937262192, -0.00226712343283, -0.00105387635995, -0.00301486602984, 0.0101837087423, -0.00279650185257, -0.00212842482142, 0.000837314699311, 0.000698908232152, -0.00104258360807, 0.000813051825389], [-0.000440214556875, 0.000443938391982, -0.000810539582744, 0.000504492723849, 0.000127556952066, -0.000933706935029, -0.00279650185257, 0.0101787429303, -0.00174261757638, 0.00114903762005, -0.000523492984939, 0.000271195953246, 0.000323801708873], [0.00011980713316, -0.00119789876044, -0.000262463960098, 5.50339827896e-05, -0.00142125308048, 0.00108006002847, -0.00212842482142, -0.00174261757638, 0.0152043914422, -0.00573772704229, -0.000663825194351, 0.00264764088206, -0.00244002393447], [-0.000342044106219, 0.00110139197204, -0.00116452598013, -0.00023034735932, 0.000797936809249, -0.000694885733537, 0.000837314699311, 0.00114903762005, -0.00573772704229, 0.0154241751879, -0.0018367881421, -0.00212305784225, 0.00144338177051], [0.000471126200864, -0.00194709177595, 0.000495519547258, -0.00029179546982, 0.000447099533631, -0.00084264104953, 0.000698908232152, -0.000523492984939, -0.000663825194351, -0.0018367881421, 0.0166184920818, -0.00843739043921, 0.00315965153277], [-0.000595596851781, 0.00185898831114, -0.000840383232571, 8.09403616131e-07, -0.00244934973307, 0.00388024840504, -0.00104258360807, 0.000271195953246, 0.00264764088206, -0.00212305784225, -0.00843739043921, 0.0212825853378, -0.00719079142436], [0.000442347460194, -0.00184177211486, -0.0010629252065, -0.00112741068006, 0.00218376377597, -0.00351126585156, 0.000813051825389, 0.000323801708873, -0.00244002393447, 0.00144338177051, 0.00315965153277, -0.00719079142436, 0.0152781577781]]
    },
    "melbands": {
        "dmean": [0.00655146036297, 0.00324839237146, 0.000382393482141, 0.000456623529317, 0.000165698627825, 0.000118754913274, 7.00340024196e-05, 3.68044275092e-05, 3.58545039489e-05, 3.39094731316e-05, 2.44310904236e-05, 2.576276529e-05, 3.99633026973e-05, 3.28542446368e-05, 3.16723599099e-05, 3.02846819977e-05, 2.24480718316e-05, 3.28164751409e-05, 3.06894362438e-05, 2.74811445706e-05, 2.6858133424e-05, 3.55577103619e-05, 3.84238555853e-05, 2.31092944887e-05, 2.77751696558e-05, 1.72591044247e-05, 7.21325977793e-06, 1.27231251099e-05, 1.47025748447e-05, 8.16647025204e-06, 1.01516834548e-05, 9.29647012526e-06, 5.96633526584e-06, 6.53863799016e-06, 6.04621163802e-06, 6.19031379756e-06, 5.23086464455e-06, 5.23893731952e-06, 8.90491446626e-06, 7.98036671767e-06],
        "dmean2": [0.0090612731874, 0.00525177968666, 0.000599789258558, 0.00074786611367, 0.000275769998552, 0.000202710216399, 0.000113890120701, 6.1353246565e-05, 5.51862867724e-05, 5.21709371242e-05, 3.8780777686e-05, 4.44692777819e-05, 7.05554630258e-05, 5.75168342039e-05, 5.16060827067e-05, 4.94527375849e-05, 3.73570837837e-05, 5.83702312724e-05, 5.44233043911e-05, 4.89508493047e-05, 4.76686109323e-05, 6.39403006062e-05, 6.74983239151e-05, 3.69733461412e-05, 5.1020335377e-05, 3.19236860378e-05, 1.17905146908e-05, 2.19054891204e-05, 2.64415357378e-05, 1.42780500028e-05, 1.76493886102e-05, 1.60804247571e-05, 9.90136959444e-06, 1.07190726339e-05, 9.99277108349e-06, 1.04550208562e-05, 8.4926305135e-06, 8.39665972308e-06, 1.47259079313e-05, 1.27966522996e-05],
        "dvar": [0.000114027097879, 3.21701372741e-05, 4.04879187954e-07, 5.2550961982e-07, 5.89677568996e-08, 5.07380342185e-08, 1.64809534908e-08, 4.66921212805e-09, 5.88571014148e-09, 1.10920943541e-08, 5.4926405646e-09, 2.22522906768e-08, 7.03523568291e-08, 2.37287895999e-08, 7.65465291153e-09, 3.44114070572e-09, 2.37635111588e-09, 4.65028149321e-09, 2.76364420237e-09, 5.05039787768e-09, 8.64400462319e-09, 1.22125927149e-08, 1.05035011799e-08, 3.00030889022e-09, 4.04222344486e-09, 1.73968395245e-09, 1.92357227369e-10, 6.67332522575e-10, 9.08822239687e-10, 1.96536745212e-10, 2.57367516188e-10, 2.55423876494e-10, 1.71904268598e-10, 1.29284180583e-10, 1.2725967502e-10, 1.59579724435e-10, 1.68941569068e-10, 1.77810058344e-10, 3.03285618841e-10, 3.29571342439e-10],
        "dvar2": [0.00023993247305, 7.53551285015e-05, 9.66062430052e-07, 1.36740004564e-06, 1.56613893409e-07, 1.43781392126e-07, 4.3370533831e-08, 1.28314017189e-08, 1.45659706519e-08, 2.9974369653e-08, 1.38231133207e-08, 6.30550047731e-08, 1.99865951345e-07, 6.76422189372e-08, 2.04263255199e-08, 8.86817996815e-09, 6.35250607672e-09, 1.24669634616e-08, 7.39643857273e-09, 1.42278491211e-08, 2.46545912574e-08, 3.46464332779e-08, 2.88516375235e-08, 7.29479099348e-09, 1.14067786328e-08, 4.98929342285e-09, 5.03423858156e-10, 1.84725912344e-09, 2.52459897432e-09, 5.2364612646e-10, 6.92696344728e-10, 6.66013411088e-10, 4.46225861817e-10, 3.33963606769e-10, 3.30624388978e-10, 4.21683937768e-10, 3.72149588923e-10, 4.21084750402e-10, 7.51785078634e-10, 8.55101267572e-10],
        "max": [0.100343212485, 0.0529051907361, 0.0101604573429, 0.0120525583625, 0.00406647473574, 0.0051195519045, 0.00202795863152, 0.00196395488456, 0.001866863342, 0.00219407910481, 0.00187636329792, 0.00356644508429, 0.00638276012614, 0.00442253891379, 0.00191335834097, 0.00112200889271, 0.00107527931686, 0.00103173719253, 0.00070774636697, 0.00135705166031, 0.00222687306814, 0.00131187494844, 0.00116919982247, 0.000859101302922, 0.000545927614439, 0.000335393036949, 0.000232973252423, 0.00022918175091, 0.000247303250944, 0.000186059827683, 0.00013436950394, 0.000309220573399, 0.000364415813237, 0.000194683947484, 0.000221100519411, 0.00022812197858, 0.000444831995992, 0.000417300121626, 0.000256021536188, 0.000441239622887],
        "mean": [0.0130558181554, 0.0049206437543, 0.000650634814519, 0.000726525497157, 0.000355249852873, 0.000230045829085, 0.000136548958835, 6.60302175675e-05, 7.11498432793e-05, 5.98106344114e-05, 3.32457457262e-05, 2.70189411822e-05, 3.53881114279e-05, 3.11970870825e-05, 4.79501213704e-05, 4.5741442591e-05, 2.57765532297e-05, 2.69523807219e-05, 2.65465441771e-05, 2.4554268748e-05, 2.26836273214e-05, 3.02418447973e-05, 3.27527341142e-05, 2.40076624323e-05, 2.22182316065e-05, 1.36052258313e-05, 8.41176643007e-06, 1.24348653117e-05, 1.25467704493e-05, 8.34305410535e-06, 9.2923619377e-06, 9.0313005785e-06, 6.80006678522e-06, 7.73758165451e-06, 7.07227763996e-06, 6.36790036879e-06, 5.61568140256e-06, 5.49271817363e-06, 7.7000586316e-06, 7.70373935666e-06],
        "median": [0.00669337809086, 0.00211785337888, 0.000371066329535, 0.000367173051927, 0.000160928728292, 6.93264591973e-05, 3.42224011547e-05, 2.35195366258e-05, 3.13727796311e-05, 2.71213630185e-05, 1.09373104351e-05, 8.76449848874e-06, 6.71508314554e-06, 6.0368602135e-06, 1.06935976874e-05, 1.14251151899e-05, 6.8623644438e-06, 6.44579176878e-06, 8.82504718902e-06, 8.25985807751e-06, 4.48671335107e-06, 7.76964679972e-06, 6.09010476182e-06, 4.56909356217e-06, 4.47717047791e-06, 2.93907987725e-06, 2.74565377367e-06, 3.53130576514e-06, 2.72752731689e-06, 2.4719161047e-06, 2.76009041045e-06, 2.78221659755e-06, 2.0403401777e-06, 2.46255103775e-06, 2.14733427129e-06, 1.81887219242e-06, 1.61629805007e-06, 1.57625981956e-06, 1.57297733949e-06, 1.8631317289e-06],
        "min": [8.58378779456e-25, 1.28179060122e-24, 1.94857912705e-24, 1.6149992353e-24, 3.66404630674e-24, 4.24980471672e-24, 2.42443659116e-24, 1.76005872564e-24, 2.4841561227e-24, 1.99817816482e-24, 4.15877924016e-24, 2.40441687911e-24, 2.2409228927e-24, 2.00356115442e-24, 3.69287917282e-24, 3.28303260319e-24, 3.33458564942e-24, 2.77543058739e-24, 4.78113487968e-24, 3.70411531313e-24, 4.1982700115e-24, 4.57442374023e-24, 6.12130976675e-24, 3.29569717338e-24, 4.5556062522e-24, 6.11631233291e-24, 5.69869528615e-24, 4.8359595293e-24, 5.16154372413e-24, 5.45133374982e-24, 5.54694645254e-24, 5.27942044819e-24, 6.45684110316e-24, 6.14743802322e-24, 4.93231573343e-24, 5.8201041349e-24, 5.58258837153e-24, 6.61488662451e-24, 7.02090859926e-24, 7.27037008332e-24],
        "var": [0.000246337789577, 4.34594403487e-05, 7.39674646866e-07, 9.26730479023e-07, 2.13611201616e-07, 1.33765453825e-07, 4.97679550904e-08, 1.05062900602e-08, 1.37468889605e-08, 1.41825591271e-08, 6.49327480673e-09, 1.41395828379e-08, 4.4668027499e-08, 1.58583759458e-08, 1.16073781697e-08, 6.75397160421e-09, 2.57974086537e-09, 3.69079677931e-09, 2.16043227752e-09, 3.40394223919e-09, 5.47454570565e-09, 8.0650623957e-09, 7.81774733838e-09, 3.20332893544e-09, 2.66443134223e-09, 1.07333308907e-09, 2.05323841262e-10, 5.3271609346e-10, 6.67026489598e-10, 2.02563951723e-10, 2.32656852117e-10, 2.58835453071e-10, 1.87620016745e-10, 1.80650425174e-10, 1.77772463417e-10, 1.68620326035e-10, 2.49173598421e-10, 2.15673992554e-10, 2.87509932528e-10, 3.05695496694e-10]
    },
    "mfcc": {
        "mean": [-645.905639648, 88.3306045532, 33.1998558044, 30.5548400879, 23.1526813507, 14.7750253677, 6.22809457779, 5.5838561058, 5.60890674591, 3.93553376198, 4.51263809204, 2.50922608376, 0.153100058436],
        "cov": [[9802.16796875, -1530.96899414, -760.192932129, 79.0330734253, 31.819814682, -19.843536377, 9.938580513, 10.5829763412, -94.1394424438, -89.3436431885, 238.157958984, 177.968811035, 9.20718002319], [-1530.96899414, 1693.33056641, 363.755279541, 72.6446151733, 58.6218414307, 18.6225643158, 20.0908184052, 79.6194000244, 121.77003479, 101.128379822, -10.3251342773, 7.14154577255, 34.4029808044], [-760.192932129, 363.755279541, 808.619506836, 73.5546875, 55.2327384949, 26.5244655609, 15.5403423309, 0.89227104187, 104.102851868, 88.3619613647, -38.6313705444, -44.5673217773, 61.6900367737], [79.0330734253, 72.6446151733, 73.5546875, 329.435882568, 27.5884170532, 76.3307571411, 44.6777877808, 62.8310585022, 39.7924156189, 38.9429855347, 18.6947040558, -4.2090883255, 21.7805023193], [31.819814682, 58.6218414307, 55.2327384949, 27.5884170532, 188.945831299, 73.5282669067, 56.0007095337, 44.9260406494, 46.932094574, 19.4006881714, 12.9557466507, 12.6464233398, 10.9255180359], [-19.843536377, 18.6225643158, 26.5244655609, 76.3307571411, 73.5282669067, 216.571411133, 92.866027832, 63.1263847351, 70.8768234253, 53.8577308655, 23.2524337769, -7.06165218353, -4.51119375229], [9.938580513, 20.0908184052, 15.5403423309, 44.6777877808, 56.0007095337, 92.866027832, 154.84173584, 102.870391846, 52.1257400513, 43.0468482971, 19.3057022095, 8.13895130157, -1.82799291611], [10.5829763412, 79.6194000244, 0.89227104187, 62.8310585022, 44.9260406494, 63.1263847351, 102.870391846, 147.893753052, 67.7356872559, 44.3617935181, 14.1153202057, 9.49024009705, 0.0375330150127], [-94.1394424438, 121.77003479, 104.102851868, 39.7924156189, 46.932094574, 70.8768234253, 52.1257400513, 67.7356872559, 133.662124634, 78.2669830322, 12.2342376709, -20.1870937347, 0.713399529457], [-89.3436431885, 101.128379822, 88.3619613647, 38.9429855347, 19.4006881714, 53.8577308655, 43.0468482971, 44.3617935181, 78.2669830322, 107.715194702, 32.0895271301, -6.4736084938, -7.53660440445], [238.157958984, -10.3251342773, -38.6313705444, 18.6947040558, 12.9557466507, 23.2524337769, 19.3057022095, 14.1153202057, 12.2342376709, 32.0895271301, 83.4538879395, 43.5272521973, -2.8706099987], [177.968811035, 7.14154577255, -44.5673217773, -4.2090883255, 12.6464233398, -7.06165218353, 8.13895130157, 9.49024009705, -20.1870937347, -6.4736084938, 43.5272521973, 80.698387146, 30.1458015442], [9.20718002319, 34.4029808044, 61.6900367737, 21.7805023193, 10.9255180359, -4.51119375229, -1.82799291611, 0.0375330150127, 0.713399529457, -7.53660440445, -2.8706099987, 30.1458015442, 75.8081512451]],
