{
"lowlevel": {
    "average_loudness": 0.0462141260505,
    "barkbands_crest": {
        "dmean": 1.89660191536,
        "dmean2": 2.91828513145,
        "dvar": 3.63967728615,
        "dvar2": 9.2449760437,
        "max": 26.7622051239,
        "mean": 11.1726293564,
        "median": 10.0439348221,
        "min": 2.7830684185,
        "var": 25.6186523438
    },
    "barkbands_flatness_db": {
        "dmean": 0.013667460531,
        "dmean2": 0.0203618761152,
        "dvar": 0.000175636349013,
        "dvar2": 0.000405050872359,
        "max": 0.578322649002,
        "mean": 0.220244109631,
        "median": 0.197716802359,
        "min": 0.0305657219142,
        "var": 0.0110396500677
    },
    "barkbands_kurtosis": {
        "dmean": 1.95279419422,
        "dmean2": 2.83526158333,
        "dvar": 71.7187805176,
        "dvar2": 175.322357178,
        "max": 595.809875488,
        "mean": 5.08129167557,
        "median": 1.23270940781,
        "min": -1.82442462444,
        "var": 203.302993774
    },
    "barkbands_skewness": {
        "dmean": 0.345511078835,
        "dmean2": 0.510541200638,
        "dvar": 0.180050820112,
        "dvar2": 0.404618799686,
        "max": 20.6817016602,
        "mean": 1.01108276844,
        "median": 0.74339735508,
        "min": -2.83153009415,
        "var": 2.12755250931
    },
    "barkbands_spread": {
        "dmean": 1.92876589298,
        "dmean2": 2.93729424477,
        "dvar": 5.64630460739,
        "dvar2": 13.7844362259,
        "max": 122.970314026,
        "mean": 11.7319459915,
        "median": 10.918258667,
        "min": 0.155896052718,
        "var": 66.8493881226
    },
    "dissonance": {
        "dmean": 0.0290193650872,
        "dmean2": 0.049126740545,
        "dvar": 0.000806003285106,
        "dvar2": 0.00220746267587,
        "max": 0.499998450279,
        "mean": 0.414915591478,
        "median": 0.433459252119,
        "min": 0.0943840891123,
        "var": 0.00462425127625
    },
    "dynamic_complexity": 6.30537366867,
    "erbbands_crest": {
        "dmean": 2.11686944962,
        "dmean2": 3.17495703697,
        "dvar": 4.29759597778,
        "dvar2": 10.2431592941,
        "max": 32.9407653809,
        "mean": 13.5647554398,
        "median": 12.1964979172,
        "min": 2.35043978691,
        "var": 44.403087616
    },
    "erbbands_flatness_db": {
        "dmean": 0.0123601164669,
        "dmean2": 0.0176170095801,
        "dvar": 0.000140747157275,
        "dvar2": 0.000294256344205,
        "max": 0.524406313896,
        "mean": 0.262027174234,
        "median": 0.245391368866,
        "min": 0.0316633097827,
        "var": 0.00717558944598
    },
    "erbbands_kurtosis": {
        "dmean": 1.32066488266,
        "dmean2": 1.89099264145,
        "dvar": 5.94019937515,
        "dvar2": 12.2511968613,
        "max": 106.815391541,
        "mean": 3.43456602097,
        "median": 1.33658742905,
        "min": -1.83063447475,
        "var": 46.0922927856
    },
    "erbbands_skewness": {
        "dmean": 0.30068770051,
        "dmean2": 0.439722239971,
        "dvar": 0.0848625153303,
        "dvar2": 0.18370769918,
        "max": 7.98158502579,
        "mean": 0.73074311018,
        "median": 0.5556884408,
        "min": -2.89010739326,
        "var": 1.11197328568
    },
    "erbbands_spread": {
        "dmean": 2.66500711441,
        "dmean2": 3.93601179123,
        "dvar": 7.9063410759,
        "dvar2": 18.3900165558,
        "max": 75.1621704102,
        "mean": 16.8935565948,
        "median": 15.5098981857,
        "min": 0.985225737095,
        "var": 99.6020278931
    },
    "hfc": {
        "dmean": 1.84185099602,
        "dmean2": 2.67492079735,
        "dvar": 13.2657747269,
        "dvar2": 28.8667049408,
        "max": 135.983734131,
        "mean": 10.7943115234,
        "median": 3.8425245285,
        "min": 1.06279043689e-16,
        "var": 241.585281372
    },
    "melbands_crest": {
        "dmean": 2.24556398392,
        "dmean2": 3.4597325325,
        "dvar": 5.05551290512,
        "dvar2": 12.947385788,
        "max": 34.5328903198,
        "mean": 13.7337026596,
        "median": 12.4603452682,
        "min": 1.54981958866,
        "var": 37.3075714111
    },
    "melbands_flatness_db": {
        "dmean": 0.014747377485,
        "dmean2": 0.0220610629767,
        "dvar": 0.000244391820161,
        "dvar2": 0.000582578592002,
        "max": 0.625718653202,
        "mean": 0.278755307198,
        "median": 0.263355612755,
        "min": 0.003036594484,
        "var": 0.0102980257943
    },
    "melbands_kurtosis": {
        "dmean": 2.36695814133,
        "dmean2": 3.51174592972,
        "dvar": 38.1192588806,
        "dvar2": 80.4817276001,
        "max": 237.976135254,
        "mean": 6.34904050827,
        "median": 2.12583351135,
        "min": -1.77082335949,
        "var": 214.068023682
    },
    "melbands_skewness": {
        "dmean": 0.374731779099,
        "dmean2": 0.557667553425,
        "dvar": 0.175688773394,
        "dvar2": 0.407480895519,
        "max": 11.3912057877,
        "mean": 1.28611469269,
        "median": 1.04443025589,
        "min": -2.05877804756,
        "var": 2.01968359947
    },
    "melbands_spread": {
        "dmean": 2.69755077362,
        "dmean2": 4.10956048965,
        "dvar": 11.810256958,
        "dvar2": 28.4495124817,
        "max": 163.6484375,
        "mean": 16.9948120117,
        "median": 16.3193664551,
        "min": 0.314759522676,
        "var": 188.442672729
    },
    "pitch_salience": {
        "dmean": 0.0509641543031,
        "dmean2": 0.0799933895469,
        "dvar": 0.00253242696635,
        "dvar2": 0.00659131724387,
        "max": 0.870456874371,
        "mean": 0.527421534061,
        "median": 0.535064041615,
        "min": 0.0819040387869,
        "var": 0.0140603352338
    },
    "silence_rate_20dB": {
        "dmean": 0,
        "dmean2": 0,
        "dvar": 0,
        "dvar2": 0,
        "max": 1,
        "mean": 1,
        "median": 1,
        "min": 1,
        "var": 0
    },
    "silence_rate_30dB": {
        "dmean": 0.00413907272741,
        "dmean2": 0.00827883090824,
        "dvar": 0.00412180554122,
        "dvar2": 0.00887263193727,
        "max": 1,
        "mean": 0.991805315018,
        "median": 1,
        "min": 0,
        "var": 0.00812765397131
    },
    "silence_rate_60dB": {
        "dmean": 0.0279801320285,
        "dmean2": 0.0559648983181,
        "dvar": 0.0272014234215,
        "dvar2": 0.062097478658,
        "max": 1,
        "mean": 0.311480849981,
        "median": 0,
        "min": 0,
        "var": 0.214427366853
    },
    "spectral_centroid": {
        "dmean": 86.0756378174,
        "dmean2": 130.020828247,
        "dvar": 24488.4902344,
        "dvar2": 43883.875,
        "max": 11767.4580078,
        "mean": 985.852966309,
        "median": 906.530151367,
        "min": 243.482543945,
        "var": 766352.8125
    },
    "spectral_complexity": {
        "dmean": 1.36870861053,
        "dmean2": 2.2968788147,
        "dvar": 2.48849797249,
        "dvar2": 6.61011552811,
        "max": 38,
        "mean": 11.9699525833,
        "median": 9,
        "min": 0,
        "var": 78.6288375854
    },
    "spectral_decrease": {
        "dmean": 8.76801853344e-10,
        "dmean2": 1.35409161661e-09,
        "dvar": 3.46088480543e-18,
        "dvar2": 8.40312187495e-18,
        "max": 5.51293378954e-18,
        "mean": -3.9834948673e-09,
        "median": -1.47816137108e-09,
        "min": -5.17169524983e-08,
        "var": 3.25001611865e-17
    },
    "spectral_energy": {
        "dmean": 0.00343744177371,
        "dmean2": 0.00529828248546,
        "dvar": 5.23070593772e-05,
        "dvar2": 0.000126222279505,
        "max": 0.207525789738,
        "mean": 0.0160136874765,
        "median": 0.00592451263219,
        "min": 1.0101887493e-20,
        "var": 0.000522602174897
    },
    "spectral_energyband_high": {
        "dmean": 2.29007837333e-05,
        "dmean2": 3.31705959979e-05,
        "dvar": 4.57786120123e-09,
        "dvar2": 8.78994033116e-09,
        "max": 0.0020605691243,
        "mean": 7.83738942118e-05,
        "median": 7.72769089963e-06,
        "min": 6.97604223625e-21,
        "var": 2.8471173863e-08
    },
    "spectral_energyband_low": {
        "dmean": 0.0020941295661,
        "dmean2": 0.00352098862641,
        "dvar": 3.29575232172e-05,
        "dvar2": 8.63832538016e-05,
        "max": 0.108466528356,
        "mean": 0.00328281405382,
        "median": 0.000678422569763,
        "min": 2.02231466584e-23,
        "var": 5.28876007593e-05
    },
    "spectral_energyband_middle_high": {
        "dmean": 0.00130314042326,
        "dmean2": 0.00190983596258,
        "dvar": 8.29460623208e-06,
        "dvar2": 1.88048452401e-05,
        "max": 0.0688504949212,
        "mean": 0.00502382125705,
        "median": 0.00172550382558,
        "min": 1.14124378416e-21,
        "var": 6.40775178908e-05
    },
    "spectral_energyband_middle_low": {
        "dmean": 0.00170837738551,
        "dmean2": 0.00244397507049,
        "dvar": 1.13858295663e-05,
        "dvar2": 2.2850024834e-05,
        "max": 0.148663774133,
        "mean": 0.00789671484381,
        "median": 0.0029898530338,
        "min": 1.6731300562e-22,
        "var": 0.000160560826771
    },
    "spectral_entropy": {
        "dmean": 0.0914935991168,
        "dmean2": 0.130203813314,
        "dvar": 0.00895539764315,
        "dvar2": 0.0172856859863,
        "max": 9.81879615784,
        "mean": 6.63084793091,
        "median": 6.77695083618,
        "min": 3.71079730988,
        "var": 0.751950621605
    },
    "spectral_flux": {
        "dmean": 0.00869085732847,
        "dmean2": 0.0145082985982,
        "dvar": 0.000184102958883,
        "dvar2": 0.00047879156773,
        "max": 0.279432177544,
        "mean": 0.0415387041867,
        "median": 0.022605529055,
        "min": 6.40702005339e-11,
        "var": 0.0018023167504
    },
    "spectral_kurtosis": {
        "dmean": 4.74868345261,
        "dmean2": 8.32406234741,
        "dvar": 29.4572048187,
        "dvar2": 82.508644104,
        "max": 186.870666504,
        "mean": 13.8084220886,
        "median": 10.0271244049,
        "min": -1.26240885258,
        "var": 142.694778442
    },
    "spectral_rms": {
        "dmean": 0.000327947171172,
        "dmean2": 0.00049218692584,
        "dvar": 2.4203529847e-07,
        "dvar2": 5.8517952084e-07,
        "max": 0.0142289912328,
        "mean": 0.0031799976714,
        "median": 0.00240416568704,
        "min": 3.13934707223e-12,
        "var": 5.51069342691e-06
    },
    "spectral_rolloff": {
        "dmean": 127.094612122,
        "dmean2": 217.267425537,
        "dvar": 91475.546875,
        "dvar2": 203044.328125,
        "max": 19638.28125,
        "mean": 1133.06323242,
        "median": 990.52734375,
        "min": 64.599609375,
        "var": 2915169
    },
    "spectral_skewness": {
        "dmean": 0.376679480076,
        "dmean2": 0.651703119278,
        "dvar": 0.135317310691,
        "dvar2": 0.384846389294,
        "max": 11.462392807,
        "mean": 2.53347635269,
        "median": 2.22616672516,
        "min": -0.105000123382,
        "var": 1.11009395123
    },
    "spectral_spread": {
        "dmean": 225802.296875,
        "dmean2": 369894.625,
        "dvar": 396365037568,
        "dvar2": 782138671104,
        "max": 47252176,
        "mean": 2846926.75,
        "median": 2548720.5,
        "min": 521593.875,
        "var": 9.95518264115e+12
    },
    "spectral_strongpeak": {
        "dmean": 0.446627289057,
        "dmean2": 0.736643373966,
        "dvar": 0.60846298933,
        "dvar2": 1.52040731907,
        "max": 9.79264163971,
        "mean": 1.16875708103,
        "median": 0.716877102852,
        "min": 0,
        "var": 1.52813088894
    },
    "zerocrossingrate": {
        "dmean": 0.00338741065934,
        "dmean2": 0.00443067029119,
        "dvar": 3.02383450617e-05,
        "dvar2": 5.91767748119e-05,
        "max": 0.54150390625,
        "mean": 0.0422356203198,
        "median": 0.0390625,
        "min": 0.00634765625,
        "var": 0.00206738174893
    },
    "barkbands": {
        "dmean": [8.26452378533e-05, 0.00166886905208, 0.000690574466716, 0.000270337099209, 0.000402060890337, 0.000515991589054, 0.000719814212061, 0.000544978014659, 0.000640518439468, 0.000623000552878, 0.000514911778737, 0.000496121821925, 0.000306088448269, 0.000149561310536, 0.000112945977889, 7.54014909035e-05, 7.12143591954e-05, 5.43691676285e-05, 3.55023585143e-05, 2.69045231107e-05, 9.79706874205e-06, 5.3011676755e-06, 4.5476053856e-06, 3.2810362427e-06, 1.5562459339e-06, 4.90311549584e-07, 1.09016085048e-07],
        "dmean2": [0.000145595986396, 0.00287250848487, 0.00116936466657, 0.000462088093627, 0.000634968280792, 0.000746533565689, 0.000919310841709, 0.000826403847896, 0.000962705351412, 0.00091150746448, 0.000784769130405, 0.000750613166019, 0.000470429018606, 0.000233832673985, 0.000182312840479, 0.000126242506667, 0.000118691590615, 9.21727332752e-05, 5.85374073125e-05, 4.48512510047e-05, 1.57534650498e-05, 8.46877992444e-06, 6.60563864585e-06, 4.76882087241e-06, 2.08760911846e-06, 7.00107705143e-07, 1.43764964378e-07],
        "dvar": [6.467403324e-08, 2.28687749768e-05, 4.20659898737e-06, 5.62294019346e-07, 7.36419735858e-07, 1.28246415443e-06, 3.81774452762e-06, 1.72012596522e-06, 3.00523947772e-06, 3.0589335438e-06, 2.8564297736e-06, 1.97390841095e-06, 8.79222795902e-07, 1.3276662969e-07, 7.58794129752e-08, 3.97591080059e-08, 2.83033063653e-08, 1.78269772277e-08, 6.56422383116e-09, 6.14401729493e-09, 7.92646448478e-10, 2.34250202569e-10, 2.64535726657e-10, 2.32267316491e-10, 3.12206406561e-11, 3.04945305118e-12, 4.60548916711e-13],
        "dvar2": [1.86891398357e-07, 6.22355146334e-05, 1.17858608064e-05, 1.5980721173e-06, 1.96043265532e-06, 2.70765258392e-06, 5.58233614356e-06, 3.98868905904e-06, 6.40552934783e-06, 6.97466566635e-06, 6.42932855044e-06, 4.72504552818e-06, 1.88529031675e-06, 3.03331916029e-07, 1.89742493717e-07, 1.13208287189e-07, 7.90084229152e-08, 5.00653669633e-08, 1.75597971719e-08, 1.70972178637e-08, 1.99135019585e-09, 5.52263734743e-10, 5.27504040448e-10, 4.28253682516e-10, 5.33812265224e-11, 5.52462112516e-12, 6.27846028205e-13],
        "max": [0.00517101492733, 0.086460351944, 0.0468038246036, 0.0191697962582, 0.0161290690303, 0.0329872369766, 0.119348704815, 0.0371013432741, 0.054215669632, 0.0568934604526, 0.0577969290316, 0.041646707803, 0.0257226154208, 0.0119064114988, 0.00779490172863, 0.00487002776936, 0.00328685482964, 0.00257415836677, 0.0019107441185, 0.00247410614975, 0.000911522307433, 0.000451186409919, 0.000481301540276, 0.000679686723743, 0.000188807724044, 4.71724742965e-05, 2.13341645576e-05],
        "mean": [8.72547389008e-05, 0.00214131176472, 0.000884140143171, 0.000368470005924, 0.000930074718781, 0.00143658893649, 0.00230205827393, 0.00119142327458, 0.00144384161104, 0.00150902045425, 0.000951259222347, 0.00103996973485, 0.0006109214155, 0.000292729586363, 0.000216124215513, 0.000143079232657, 0.000147839979036, 0.000110973560368, 8.74807228683e-05, 5.71025375393e-05, 2.40915596805e-05, 1.36880853461e-05, 1.11934905362e-05, 7.92526589066e-06, 3.85041130357e-06, 1.08709571123e-06, 1.88903314324e-07],
        "median": [7.01439466866e-06, 0.00030486297328, 0.000181078125024, 8.29157652333e-05, 0.000352308416041, 0.000428306782851, 0.000528035976458, 0.000340724975104, 0.000166378493304, 0.000291121948976, 8.43320012791e-05, 0.000148878971231, 4.77069552289e-05, 3.15618162858e-05, 3.06352303596e-05, 2.22111539188e-05, 2.32121092267e-05, 1.75781624421e-05, 2.28795361181e-05, 1.23808877106e-05, 1.79443964043e-06, 4.91010723636e-07, 5.42499719813e-07, 5.67689312447e-07, 2.49687502674e-07, 3.22755369098e-08, 1.5572394485e-09],
        "min": [1.21230211205e-24, 2.14429906751e-24, 1.00029387023e-24, 1.44190619219e-24, 8.08330071248e-24, 7.93630200482e-24, 1.08349232805e-23, 5.87143965274e-24, 1.58650325227e-23, 1.18780900646e-23, 9.32135085005e-24, 2.38624112942e-23, 3.39234864814e-23, 5.31963870706e-23, 4.46189288987e-23, 6.2732131382e-23, 6.04937038536e-23, 8.21906477867e-23, 1.25427091638e-22, 2.19508107321e-22, 2.32279777998e-22, 3.22412854083e-22, 3.80600420899e-22, 6.47132211236e-22, 7.95590835376e-22, 1.20630549753e-21, 1.77515645367e-21],
        "var": [6.76651410458e-08, 2.8571119401e-05, 5.05350408275e-06, 6.75102114656e-07, 2.14026658796e-06, 7.69050166127e-06, 6.10547504039e-05, 5.15488454766e-06, 1.30528669615e-05, 1.15674365588e-05, 7.55408655095e-06, 6.16608031123e-06, 2.82340306512e-06, 4.13475959249e-07, 1.87300202015e-07, 1.02771331001e-07, 7.62414273936e-08, 4.44556143009e-08, 2.43844624492e-08, 1.43247049778e-08, 2.88583890118e-09, 9.56016821263e-10, 9.07825425944e-10, 6.80887679572e-10, 1.11609776976e-10, 1.05293612371e-11, 1.11523409865e-12]
    },
    "erbbands": {
        "dmean": [0.0385365635157, 0.420286625624, 0.859544456005, 0.724935412407, 1.04399871826, 1.66285765171, 2.57207894325, 5.023478508, 9.62623977661, 9.18491268158, 13.3460378647, 11.9224729538, 15.3622570038, 22.250038147, 20.0460739136, 17.7740001678, 14.4846830368, 8.31464672089, 5.57566404343, 5.45714521408, 4.65350961685, 3.3518204689, 2.7185883522, 1.99169814587, 1.50269138813, 1.52875423431, 0.475366503, 0.28096818924, 0.202493607998, 0.150538295507, 0.122750803828, 0.0933849141002, 0.0389054566622, 0.0214403700083, 0.00940461363643, 0.0031074360013, 0.000849838776048, 0.000166395286215, 1.74913784576e-05, 4.18068293584e-06],
        "dmean2": [0.0669280961156, 0.72029030323, 1.44699168205, 1.24226737022, 1.72011387348, 2.62008881569, 3.92507600784, 7.16724872589, 12.3726434708, 12.7322778702, 20.3560028076, 18.0048770905, 23.0331802368, 32.2574005127, 30.1073970795, 27.2807769775, 22.0564231873, 13.2048492432, 8.83950805664, 8.93002796173, 7.77988672256, 5.5671954155, 4.60791921616, 3.28735494614, 2.47543549538, 2.54730510712, 0.782821059227, 0.440060287714, 0.324378252029, 0.232982352376, 0.176791653037, 0.13939923048, 0.0569369159639, 0.029622849077, 0.0129425143823, 0.00441790884361, 0.00118372926954, 0.000224860006711, 2.31836256717e-05, 6.25679513178e-06],
        "dvar": [0.0114080943167, 1.45513892174, 6.34419441223, 4.27229499817, 5.55113887787, 16.0847492218, 31.4615268707, 140.859390259, 854.055847168, 468.620330811, 1095.5892334, 1023.35241699, 1627.54101562, 3863.16601562, 3178.63354492, 2706.69213867, 2176.42480469, 455.386413574, 174.604797363, 262.699584961, 171.190795898, 72.365852356, 42.0853309631, 18.1977577209, 14.0005111694, 23.4615116119, 1.75776708126, 0.933814287186, 0.36280593276, 0.244775936007, 0.217770278454, 0.191609680653, 0.028358368203, 0.00588943157345, 0.00108705274761, 0.00012723627151, 1.10404216684e-05, 7.05827801539e-07, 9.51871292898e-09, 8.59875365355e-11],
        "dvar2": [0.0324503146112, 3.91041874886, 17.2070541382, 11.7558860779, 15.4612188339, 41.7387428284, 80.9734802246, 280.959472656, 1258.22155762, 874.734802246, 2547.23120117, 2358.50610352, 3619.5871582, 8654.51464844, 7275.78662109, 6691.98974609, 4585.81103516, 1058.03515625, 448.886993408, 647.498291016, 486.581085205, 200.729446411, 117.205406189, 48.4725494385, 37.8709754944, 65.7319869995, 4.72858762741, 2.12239050865, 0.851033568382, 0.543975293636, 0.430973142385, 0.388455122709, 0.053559012711, 0.0106330001727, 0.00188130454626, 0.000221185880946, 1.8312544853e-05, 1.06845118353e-06, 1.36225226655e-08, 1.82560785933e-10],
        "max": [1.53781414032, 21.850894928, 58.1341743469, 60.0322341919, 42.5612945557, 78.0713272095, 138.181030273, 389.184875488, 1916.61743164, 665.463439941, 1014.88537598, 1081.66674805, 1203.14880371, 1973.36560059, 1740.21386719, 1707.06347656, 1324.48449707, 704.110351562, 440.486083984, 611.520324707, 329.542907715, 226.366287231, 130.111938477, 80.8648452759, 117.755729675, 167.35218811, 46.7118492126, 36.3655738831, 22.3842582703, 13.096654892, 17.3265209198, 21.2318077087, 5.57771539688, 2.63684201241, 0.940488100052, 0.345415353775, 0.0958301946521, 0.0261098518968, 0.00319217261858, 0.000308723916532],
        "mean": [0.0465338416398, 0.525655806065, 1.15558946133, 1.10987651348, 1.74836492538, 3.52312421799, 6.27643156052, 14.4005260468, 33.0694046021, 24.8053035736, 29.8202877045, 28.5266113281, 37.1385688782, 55.8428840637, 45.111240387, 38.1041145325, 30.9663333893, 16.3636398315, 11.7332191467, 10.0541639328, 9.41412639618, 7.63917589188, 6.41006135941, 5.28007078171, 3.8994307518, 3.18998217583, 1.16200721264, 0.71875500679, 0.522010207176, 0.397531151772, 0.300336569548, 0.213027834892, 0.0930169448256, 0.0509504973888, 0.0230680257082, 0.00699297431856, 0.00184220878873, 0.00033072772203, 3.84164486604e-05, 1.97405970539e-05],
        "median": [0.00409040320665, 0.0776810795069, 0.236460000277, 0.284316390753, 0.519731104374, 1.16159784794, 2.29458117485, 3.32183670998, 5.51201915741, 8.615650177, 8.59584712982, 3.98903918266, 5.89775943756, 14.2323675156, 8.61158084869, 7.46735620499, 3.01176905632, 2.33987116814, 1.85174643993, 1.25687539577, 1.61820840836, 1.27755308151, 0.993365764618, 1.31107246876, 0.964775204659, 0.683321356773, 0.150818914175, 0.0318528935313, 0.0182332098484, 0.0128742782399, 0.0155913988128, 0.0160165820271, 0.00665344204754, 0.00371977407485, 0.00125452573411, 0.000264598522335, 4.43787685072e-05, 5.97993221163e-06, 3.64974061995e-06, 6.88303225616e-06],
        "min": [1.22568411179e-22, 4.89013385777e-22, 2.32730496516e-21, 7.25006116224e-21, 9.29468926996e-21, 2.89661492981e-20, 5.5223430724e-20, 5.92000692072e-20, 1.68025766515e-19, 1.45747983161e-19, 3.46018956013e-19, 4.43653978845e-19, 5.37543579562e-19, 6.17995682926e-19, 9.81997597155e-19, 9.94043518223e-19, 1.75286892348e-18, 2.42569825412e-18, 2.44599416442e-18, 3.41363066537e-18, 3.20136640082e-18, 4.62707339792e-18, 5.0412270142e-18, 5.59720653676e-18, 7.64879436767e-18, 1.04889165193e-17, 9.39809276604e-18, 1.13512605797e-17, 1.20694609738e-17, 1.12823547803e-17, 1.04048617342e-17, 1.11306018795e-17, 1.08793581762e-17, 7.95671317787e-18, 6.64770523518e-18, 4.28231072246e-18, 2.30421189192e-18, 9.87851347555e-19, 2.43582821809e-19, 2.72836090022e-20],
        "var": [0.0132822338492, 1.80180966854, 8.27711391449, 6.02006626129, 9.68018054962, 39.881729126, 114.34677124, 925.731811523, 14926.1142578, 2472.18286133, 3297.50048828, 4641.50439453, 6530.29736328, 14647.9433594, 10016.7021484, 7095.16357422, 7124.29150391, 1284.11706543, 477.702270508, 572.336120605, 469.18762207, 215.507614136, 131.597000122, 79.1667480469, 50.44947052, 49.8430747986, 5.93757390976, 3.16939496994, 1.47550308704, 0.92798101902, 0.719826042652, 0.490488648415, 0.0812484696507, 0.0197366774082, 0.004077936057, 0.000432694389019, 3.72523136321e-05, 1.93699543161e-06, 2.44854909681e-08, 8.61483218095e-10]
    },
    "gfcc": {
        "mean": [-138.036743164, 140.907501221, -143.763793945, -2.30601906776, -65.2362213135, -6.15399312973, -29.4738845825, 10.2517328262, -23.3924064636, -8.11421966553, 5.42465257645, -7.41984367371, -1.07215619087],
        "cov": [[27968.4628906, 1436.39440918, -1175.34863281, 2590.67333984, 1216.2331543, 2249.64794922, 156.52041626, 248.514282227, 528.346191406, 855.901245117, -1085.60681152, 425.043121338, -706.985900879], [1436.39440918, 1217.77416992, 118.657669067, 255.517929077, 387.474212646, 170.372589111, 124.111679077, -94.0810852051, 54.9702758789, -22.367313385, -16.7569103241, -51.0870094299, -11.635389328], [-1175.34863281, 118.657669067, 799.715148926, 233.447540283, 198.548446655, 133.766433716, 58.6517868042, -13.8667669296, 121.206428528, 40.5622253418, -116.958404541, 43.7377433777, -69.7004699707], [2590.67333984, 255.517929077, 233.447540283, 901.860412598, 639.365905762, 400.436706543, 8.14100170135, 44.4367637634, 268.872314453, 195.122024536, -322.116668701, 55.1738014221, -133.704360962], [1216.2331543, 387.474212646, 198.548446655, 639.365905762, 822.816894531, 479.147644043, 128.2918396, 1.95192337036, 174.755584717, 175.61932373, -237.816497803, 64.2474212646, -99.8482818604], [2249.64794922, 170.372589111, 133.766433716, 400.436706543, 479.147644043, 668.541015625, 265.610107422, 5.79550695419, 70.7626342773, 152.58644104, -175.166488647, 102.081291199, -132.127044678], [156.52041626, 124.111679077, 58.6517868042, 8.14100170135, 128.2918396, 265.610107422, 348.822479248, -15.4458208084, -36.994644165, 43.0053520203, 25.4149837494, 37.9906044006, -32.4443511963], [248.514282227, -94.0810852051, -13.8667669296, 44.4367637634, 1.95192337036, 5.79550695419, -15.4458208084, 133.903106689, 41.0842132568, 3.43733048439, -32.9334716797, -13.8875598907, -1.11145961285], [528.346191406, 54.9702758789, 121.206428528, 268.872314453, 174.755584717, 70.7626342773, -36.994644165, 41.0842132568, 240.194122314, 95.6338348389, -137.756835938, 41.1802635193, -39.297504425], [855.901245117, -22.367313385, 40.5622253418, 195.122024536, 175.61932373, 152.58644104, 43.0053520203, 3.43733048439, 95.6338348389, 167.064605713, -44.893409729, 68.8302078247, -49.6837348938], [-1085.60681152, -16.7569103241, -116.958404541, -322.116668701, -237.816497803, -175.166488647, 25.4149837494, -32.9334716797, -137.756835938, -44.893409729, 288.737884521, -4.23884630203, 83.9940185547], [425.043121338, -51.0870094299, 43.7377433777, 55.1738014221, 64.2474212646, 102.081291199, 37.9906044006, -13.8875598907, 41.1802635193, 68.8302078247, -4.23884630203, 155.358184814, 8.83249092102], [-706.985900879, -11.635389328, -69.7004699707, -133.704360962, -99.8482818604, -132.127044678, -32.4443511963, -1.11145961285, -39.297504425, -49.6837348938, 83.9940185547, 8.83249092102, 115.604621887]],
        "icov": [[0.000225233728997, -0.000524054456037, 0.000553447753191, -0.000694891612511, 0.00100767693948, -0.000753215514123, 0.000417252536863, -0.000508769066073, 0.0005810285802, -0.000830657605547, 0.000549371819943, -0.000564089335967, 0.000460819632281], [-0.000524054456037, 0.00254637212493, -0.00127642427105, 0.00133007171098, -0.00307559012435, 0.0016513238661, -0.00132811628282, 0.00226770178415, -0.00222148001194, 0.00330303632654, -0.00217740703374, 0.00200707116164, -0.00120677729137], [0.000553447753191, -0.00127642427105, 0.00286913081072, -0.00189884193242, 0.00231159804389, -0.00163808546495, 0.000647063483484, -0.000925447500776, 0.000736582151148, -0.00125964020845, 0.00135729915928, -0.00189913541544, 0.00195489032194], [-0.000694891612511, 0.00133007171098, -0.00189884193242, 0.00611614296213, -0.0048293559812, 0.00182693626266, -0.000285851943772, 0.000984149286523, -0.00287816929631, 0.00101929879747, -0.000123390345834, 0.00201731873676, -0.000945547886658], [0.00100767693948, -0.00307559012435, 0.00231159804389, -0.0048293559812, 0.00861335825175, -0.00486449571326, 0.00181678740773, -0.00206799758598, 0.00300915422849, -0.00536898057908, 0.00333805172704, -0.0020537879318, 0.000477919325931], [-0.000753215514123, 0.0016513238661, -0.00163808546495, 0.00182693626266, -0.00486449571326, 0.007797697559, -0.00419142702594, 0.000914634205401, -0.000189040976693, 0.00201777205803, -0.000329465256073, -0.000516486761626, 0.00131011428311], [0.000417252536863, -0.00132811628282, 0.000647063483484, -0.000285851943772, 0.00181678740773, -0.00419142702594, 0.00608794623986, -0.00117856182624, 0.00143267936073, -0.0021114712581, -0.000137982569868, -0.000737525813747, 0.000689679174684], [-0.000508769066073, 0.00226770178415, -0.000925447500776, 0.000984149286523, -0.00206799758598, 0.000914634205401, -0.00117856182624, 0.0104800341651, -0.0038452562876, 0.00316894077696, -0.00151347927749, 0.00323643162847, -0.00236651767045], [0.0005810285802, -0.00222148001194, 0.000736582151148, -0.00287816929631, 0.00300915422849, -0.000189040976693, 0.00143267936073, -0.0038452562876, 0.0112966634333, -0.00703722517937, 0.00501794693992, -0.00309336045757, 0.000599258986767], [-0.000830657605547, 0.00330303632654, -0.00125964020845, 0.00101929879747, -0.00536898057908, 0.00201777205803, -0.0021114712581, 0.00316894077696, -0.00703722517937, 0.0177329685539, -0.00636925827712, -0.00127480132505, 0.00273281126283], [0.000549371819943, -0.00217740703374, 0.00135729915928, -0.000123390345834, 0.00333805172704, -0.000329465256073, -0.000137982569868, -0.00151347927749, 0.00501794693992, -0.00636925827712, 0.0101593835279, -0.00194043316878, -0.00199530133978], [-0.000564089335967, 0.00200707116164, -0.00189913541544, 0.00201731873676, -0.0020537879318, -0.000516486761626, -0.000737525813747, 0.00323643162847, -0.00309336045757, -0.00127480132505, -0.00194043316878, 0.0117718093097, -0.00568856811151], [0.000460819632281, -0.00120677729137, 0.00195489032194, -0.000945547886658, 0.000477919325931, 0.00131011428311, 0.000689679174684, -0.00236651767045, 0.000599258986767, 0.00273281126283, -0.00199530133978, -0.00568856811151, 0.0167754068971]]
    },
    "melbands": {
        "dmean": [0.000410200125771, 0.000475535576697, 0.000128239102196, 8.88215508894e-05, 8.22212095954e-05, 0.000107453823148, 0.000146266116644, 9.70186156337e-05, 0.000105667924799, 8.28626943985e-05, 7.98445544206e-05, 9.54312563408e-05, 8.03110815468e-05, 6.18479825789e-05, 3.61283164239e-05, 2.48508531513e-05, 1.47858054333e-05, 9.99282929115e-06, 6.5176463977e-06, 5.85773204875e-06, 5.65063146496e-06, 3.74681258108e-06, 3.50215259459e-06, 3.70560155716e-06, 1.62317633112e-06, 1.60058220899e-06, 9.93982553155e-07, 9.72815655587e-07, 3.87904862009e-07, 2.09440301546e-07, 1.82416528105e-07, 1.16662441485e-07, 1.22682351389e-07, 1.00844253836e-07, 8.99006593613e-08, 6.39580193251e-08, 5.18947658179e-08, 2.79084026999e-08, 2.38315696066e-08, 1.92293629908e-08],
        "dmean2": [0.000710553547833, 0.000797023414634, 0.000216357570025, 0.00014311283303, 0.000124716825667, 0.000154744135216, 0.000185790035175, 0.000138740055263, 0.000161728195962, 0.000124894577311, 0.00011923481361, 0.000138315270306, 0.000121714241686, 9.31626636884e-05, 5.59766012884e-05, 3.83087462978e-05, 2.35205261561e-05, 1.58558559633e-05, 1.04983691926e-05, 9.65759591054e-06, 9.47012358665e-06, 6.23496816843e-06, 5.89726687394e-06, 6.32664477962e-06, 2.69687825494e-06, 2.6451289159e-06, 1.65378082784e-06, 1.61394621045e-06, 6.4684758172e-07, 3.38145241585e-07, 2.91138547936e-07, 1.90297882341e-07, 2.008722646e-07, 1.55959853032e-07, 1.34969369014e-07, 9.53862553388e-08, 7.97437635924e-08, 4.2403517142e-08, 3.51514088948e-08, 2.7376923839e-08],
        "dvar": [1.36300195663e-06, 1.7834826167e-06, 1.16991536458e-07, 3.8657834267e-08, 3.11552987853e-08, 6.21788416311e-08, 1.88898070519e-07, 4.56308804075e-08, 6.33507966086e-08, 4.92057026236e-08, 4.26373389928e-08, 7.48256141492e-08, 6.36485566474e-08, 3.34043228634e-08, 9.92893589569e-09, 4.63896343561e-09, 1.39469580329e-09, 5.6870913534e-10, 2.62312754851e-10, 2.42531411621e-10, 2.47141751508e-10, 1.03400447926e-10, 8.49148321103e-11, 9.69069685608e-11, 1.2363109668e-11, 1.52174627066e-11, 6.74785010854e-12, 9.49775934983e-12, 1.12849996275e-12, 4.57489623441e-13, 5.26214326019e-13, 1.14395824627e-13, 1.44734688102e-13, 1.32649791216e-13, 1.36241942749e-13, 6.8172423544e-14, 5.17790935725e-14, 1.11503349414e-14, 1.06667562085e-14, 5.57788263481e-15],
        "dvar2": [3.80666415367e-06, 4.64316644866e-06, 3.18828824675e-07, 1.05711521314e-07, 7.96726027374e-08, 1.26864534877e-07, 2.66954828021e-07, 9.09669637394e-08, 1.48144337686e-07, 1.08922911579e-07, 9.46410025904e-08, 1.67897539427e-07, 1.43795077179e-07, 7.85835112538e-08, 2.25807212928e-08, 1.01236983241e-08, 3.2660971705e-09, 1.44300815741e-09, 6.48597897612e-10, 6.04844008212e-10, 7.0250655293e-10, 2.88144397231e-10, 2.34149394318e-10, 2.73146477658e-10, 3.30117808089e-11, 4.10638814619e-11, 1.87172430333e-11, 2.6714365095e-11, 3.11706498286e-12, 1.18136457648e-12, 1.23187777253e-12, 2.78801043667e-13, 3.71635529425e-13, 3.00887868223e-13, 2.88223167121e-13, 1.35935872476e-13, 1.08970903861e-13, 2.27853082539e-14, 2.12025882284e-14, 1.12568002066e-14],
        "max": [0.0194077864289, 0.028196208179, 0.00977149792016, 0.00364083936438, 0.00437592575327, 0.00784549023956, 0.0285476464778, 0.00598101504147, 0.00758668081835, 0.00612056581303, 0.00609223544598, 0.00880571361631, 0.00849091075361, 0.00584863638505, 0.00229199323803, 0.00173510855529, 0.0011963697616, 0.000656595395412, 0.000514168117661, 0.000571126642171, 0.000388771324651, 0.00029332988197, 0.000254989456153, 0.00018699040811, 8.0280326074e-05, 0.000117495059385, 6.64146136842e-05, 0.000111331130029, 3.09770111926e-05, 3.16259793181e-05, 3.15409415634e-05, 1.15773173093e-05, 1.22492037917e-05, 1.06000670712e-05, 1.51128360812e-05, 1.19151518447e-05, 1.02228741525e-05, 3.16430896419e-06, 3.32978333972e-06, 2.90431444228e-06],
        "mean": [0.000519853376318, 0.000665781495627, 0.000215001797187, 0.000178277099621, 0.000208876954275, 0.000302138942061, 0.000508528377395, 0.000254482642049, 0.000233240018133, 0.000189221755136, 0.000189481695998, 0.000232871956541, 0.000160309107741, 0.000129705265863, 7.5938522059e-05, 5.07841723447e-05, 2.75007496384e-05, 1.9283617803e-05, 1.289485499e-05, 1.10133005364e-05, 1.06041234176e-05, 7.59945351092e-06, 6.74189186611e-06, 6.45081036055e-06, 3.8386747292e-06, 3.61490378964e-06, 2.18108175432e-06, 1.91592403098e-06, 7.70096164615e-07, 4.62029845494e-07, 3.97752302206e-07, 2.80201163605e-07, 2.72440928484e-07, 2.21034255787e-07, 1.94567434164e-07, 1.4008674043e-07, 1.13975247018e-07, 6.3390274363e-08, 5.15522735611e-08, 4.12852898535e-08],
        "median": [6.46407570457e-05, 0.0001320575102, 6.04354099778e-05, 6.05259519944e-05, 7.89762052591e-05, 7.37940863473e-05, 9.54241622821e-05, 9.160234913e-05, 6.61606100039e-05, 2.1764108169e-05, 3.02442313114e-05, 5.45540824533e-05, 2.30065179494e-05, 1.53552700795e-05, 8.94761978998e-06, 5.2236364354e-06, 3.21583820551e-06, 2.77095068668e-06, 1.72258887687e-06, 1.46833599501e-06, 1.77327547135e-06, 1.28510464492e-06, 8.22776712539e-07, 9.19835542845e-07, 9.36686774367e-07, 8.68526001341e-07, 4.92248943829e-07, 3.85817656934e-07, 9.97175888529e-08, 2.14235118534e-08, 1.32655122442e-08, 1.05488258129e-08, 7.91841525682e-09, 6.52552589742e-09, 8.28035950917e-09, 9.61387058851e-09, 9.22751830501e-09, 4.8867407898e-09, 3.22026783017e-09, 3.03574076987e-09],
        "min": [1.07511318557e-24, 1.41038646586e-24, 1.57342340598e-24, 8.60711441152e-25, 2.22274655137e-24, 1.4649147996e-24, 2.87804462787e-24, 1.58264144287e-24, 1.91415757588e-24, 2.64020483988e-24, 2.36950485367e-24, 1.5570714041e-24, 2.92535596901e-24, 2.36733134466e-24, 2.2475388719e-24, 3.21787683394e-24, 4.71519715206e-24, 3.9879782324e-24, 3.63858108786e-24, 4.65183978845e-24, 2.98849008498e-24, 3.67630007761e-24, 3.18628551848e-24, 3.51823720132e-24, 3.75748017564e-24, 5.3127908422e-24, 5.12799031439e-24, 6.43933588524e-24, 4.06655035628e-24, 5.50013386871e-24, 5.95845298274e-24, 5.89048591044e-24, 5.86042281577e-24, 5.78318978327e-24, 5.81209364684e-24, 4.10317756254e-24, 6.28858653841e-24, 6.56102517405e-24, 6.15228912336e-24, 6.32009482625e-24],
        "var": [1.64839457284e-06, 2.55865825238e-06, 1.86843323036e-07, 8.89410287641e-08, 1.16613122714e-07, 3.91697398072e-07, 3.35676850227e-06, 2.01087203777e-07, 1.98333452772e-07, 2.14500758489e-07, 1.70150187273e-07, 2.76802268218e-07, 1.7519276696e-07, 1.07476580524e-07, 3.117591163e-08, 1.53883359388e-08, 3.78777542664e-09, 1.43497813632e-09, 6.67930266651e-10, 5.88353588071e-10, 6.41398101298e-10, 2.55398702187e-10, 1.76552925057e-10, 1.86213267028e-10, 4.44152110923e-11, 4.6488281974e-11, 1.76957719311e-11, 1.99027322401e-11, 2.80202011767e-12, 1.39838368749e-12, 1.33370549847e-12, 4.15350452599e-13, 4.50680047752e-13, 3.6971402502e-13, 3.70767300325e-13, 1.83197207404e-13, 1.33016061815e-13, 3.23490861106e-14, 2.67502084936e-14, 1.44425300847e-14]
    },
    "mfcc": {
        "mean": [-765.442749023, 163.801086426, -21.6654930115, 2.57030057907, -13.9830312729, -20.3292961121, 2.53603124619, 1.9565577507, -11.4010105133, 2.94801425934, -5.1223692894, -0.969254255295, 4.92735767365],
        "cov": [[18276.578125, 1870.73754883, -786.534606934, 1473.11022949, 1442.8145752, 2365.35375977, 446.838134766, 856.406799316, 892.304199219, 452.039978027, 789.116333008, 499.100585938, -61.4982566833], [1870.73754883, 1504.10351562, -11.075510025, 268.471313477, 389.363647461, 394.945526123, 316.81060791, 152.63835144, 90.7625656128, 84.3388824463, 51.6480941772, 45.4632568359, 42.1100959778], [-786.534606934, -11.075510025, 563.092895508, 4.27458047867, -35.1837921143, 15.6293430328, -94.1900177002, -3.11480593681, 57.5712852478, -52.7698478699, 1.72069823742, -0.777096688747, -15.0257015228], [1473.11022949, 268.471313477, 4.27458047867, 535.904541016, 478.504180908, 291.476226807, -44.4562759399, 69.8485870361, 201.42276001, 85.6706466675, 101.102210999, 94.0461883545, -2.90758442879], [1442.8145752, 389.363647461, -35.1837921143, 478.504180908, 707.860168457, 428.746643066, 24.9445266724, 107.761566162, 244.643569946, 75.9272232056, 112.77167511, 107.241264343, -13.6039743423], [2365.35375977, 394.945526123, 15.6293430328, 291.476226807, 428.746643066, 788.804626465, 243.281036377, 218.18006897, 232.408447266, 76.2836837769, 198.70463562, 94.2729110718, -14.9873008728], [446.838134766, 316.81060791, -94.1900177002, -44.4562759399, 24.9445266724, 243.281036377, 448.450500488, 139.8331604, -39.8896980286, 67.0845718384, 12.1815776825, -11.7222290039, 36.0603981018], [856.406799316, 152.63835144, -3.11480593681, 69.8485870361, 107.761566162, 218.18006897, 139.8331604, 172.338973999, 111.941337585, 41.7164726257, 49.1357498169, 18.4653644562, -8.1025428772], [892.304199219, 90.7625656128, 57.5712852478, 201.42276001, 244.643569946, 232.408447266, -39.8896980286, 111.941337585, 241.742156982, 62.9992637634, 78.695854187, 41.55052948, -31.1823310852], [452.039978027, 84.3388824463, -52.7698478699, 85.6706466675, 75.9272232056, 76.2836837769, 67.0845718384, 41.7164726257, 62.9992637634, 130.988922119, 43.3127937317, 7.05114364624, -10.8223810196], [789.116333008, 51.6480941772, 1.72069823742, 101.102210999, 112.77167511, 198.70463562, 12.1815776825, 49.1357498169, 78.695854187, 43.3127937317, 133.608200073, 62.5626792908, -7.76155519485], [499.100585938, 45.4632568359, -0.777096688747, 94.0461883545, 107.241264343, 94.2729110718, -11.7222290039, 18.4653644562, 41.55052948, 7.05114364624, 62.5626792908, 110.945755005, 35.2932319641], [-61.4982566833, 42.1100959778, -15.0257015228, -2.90758442879, -13.6039743423, -14.9873008728, 36.0603981018, -8.1025428772, -31.1823310852, -10.8223810196, -7.76155519485, 35.2932319641, 96.7587738037]],
