{
"lowlevel": {
    "average_loudness": 0.00812787562609,
    "barkbands_crest": {
        "dmean": 2.35988163948,
        "dmean2": 3.72489356995,
        "dvar": 4.92804431915,
        "dvar2": 12.6673259735,
        "max": 25.9187431335,
        "mean": 10.3163614273,
        "median": 9.41288089752,
        "min": 2.63975453377,
        "var": 18.3878498077
    },
    "barkbands_flatness_db": {
        "dmean": 0.0186097882688,
        "dmean2": 0.0276735536754,
        "dvar": 0.000420134776505,
        "dvar2": 0.00115897494834,
        "max": 0.797985196114,
        "mean": 0.179370030761,
        "median": 0.156601041555,
        "min": 0.0265962183475,
        "var": 0.0104699190706
    },
    "barkbands_kurtosis": {
        "dmean": 2.98339915276,
        "dmean2": 4.86717033386,
        "dvar": 134.117996216,
        "dvar2": 397.923919678,
        "max": 887.52130127,
        "mean": 5.3262090683,
        "median": 2.51184463501,
        "min": -1.68134403229,
        "var": 208.562957764
    },
    "barkbands_skewness": {
        "dmean": 0.449552565813,
        "dmean2": 0.701558470726,
        "dvar": 0.252535790205,
        "dvar2": 0.693183839321,
        "max": 24.8344287872,
        "mean": 1.58340239525,
        "median": 1.41114926338,
        "min": -2.42476248741,
        "var": 1.36336314678
    },
    "barkbands_spread": {
        "dmean": 2.68332910538,
        "dmean2": 4.13194513321,
        "dvar": 7.46278858185,
        "dvar2": 19.3430328369,
        "max": 89.4629592896,
        "mean": 12.9751272202,
        "median": 12.0248889923,
        "min": 0.0868832468987,
        "var": 61.1102905273
    },
    "dissonance": {
        "dmean": 0.0231965519488,
        "dmean2": 0.0387432090938,
        "dvar": 0.000709982006811,
        "dvar2": 0.00210474734195,
        "max": 0.500000119209,
        "mean": 0.443590641022,
        "median": 0.450685977936,
        "min": 0.115182287991,
        "var": 0.0017628595233
    },
    "dynamic_complexity": 7.04859828949,
    "erbbands_crest": {
        "dmean": 2.37359142303,
        "dmean2": 3.82738995552,
        "dvar": 4.58462810516,
        "dvar2": 11.5912399292,
        "max": 30.2551403046,
        "mean": 9.25632190704,
        "median": 8.02774143219,
        "min": 2.53935265541,
        "var": 19.6553573608
    },
    "erbbands_flatness_db": {
        "dmean": 0.0128614176065,
        "dmean2": 0.0195286180824,
        "dvar": 0.000219543464482,
        "dvar2": 0.000612067640759,
        "max": 0.621201813221,
        "mean": 0.199639752507,
        "median": 0.190652802587,
        "min": 0.055742405355,
        "var": 0.004591176752
    },
    "erbbands_kurtosis": {
        "dmean": 2.25278401375,
        "dmean2": 3.78761696815,
        "dvar": 126.757507324,
        "dvar2": 370.03729248,
        "max": 450.773406982,
        "mean": 3.29619789124,
        "median": -0.0829560756683,
        "min": -1.50093829632,
        "var": 421.065490723
    },
    "erbbands_skewness": {
        "dmean": 0.361515194178,
        "dmean2": 0.571991205215,
        "dvar": 0.230615854263,
        "dvar2": 0.661295294762,
        "max": 14.6782999039,
        "mean": 0.619299709797,
        "median": 0.504457175732,
        "min": -1.69991159439,
        "var": 0.976564824581
    },
    "erbbands_spread": {
        "dmean": 4.17153453827,
        "dmean2": 6.57126951218,
        "dvar": 14.2919950485,
        "dvar2": 38.0987243652,
        "max": 119.35925293,
        "mean": 26.7406215668,
        "median": 26.7991352081,
        "min": 0.323944061995,
        "var": 79.9312744141
    },
    "hfc": {
        "dmean": 2.06622290611,
        "dmean2": 2.84754657745,
        "dvar": 11.2674388885,
        "dvar2": 23.7093524933,
        "max": 97.8174514771,
        "mean": 10.8685703278,
        "median": 6.7956533432,
        "min": 1.17810424502e-16,
        "var": 156.688110352
    },
    "melbands_crest": {
        "dmean": 2.91627669334,
        "dmean2": 4.5810213089,
        "dvar": 7.63675069809,
        "dvar2": 19.6648330688,
        "max": 33.4233894348,
        "mean": 14.2560272217,
        "median": 13.1029872894,
        "min": 1.56085133553,
        "var": 35.9003601074
    },
    "melbands_flatness_db": {
        "dmean": 0.0218558982015,
        "dmean2": 0.0319984517992,
        "dvar": 0.000542164954823,
        "dvar2": 0.00148737558629,
        "max": 0.960392296314,
        "mean": 0.252800405025,
        "median": 0.226540267467,
        "min": 0.0031169175636,
        "var": 0.0146691752598
    },
    "melbands_kurtosis": {
        "dmean": 4.57878065109,
        "dmean2": 7.30928087234,
        "dvar": 174.286819458,
        "dvar2": 507.551055908,
        "max": 799.863830566,
        "mean": 9.94153785706,
        "median": 5.75381755829,
        "min": -1.5457649231,
        "var": 365.819519043
    },
    "melbands_skewness": {
        "dmean": 0.524811029434,
        "dmean2": 0.814108192921,
        "dvar": 0.318675667048,
        "dvar2": 0.833974480629,
        "max": 20.9524116516,
        "mean": 2.19819521904,
        "median": 1.95878243446,
        "min": -0.728227317333,
        "var": 1.71090340614
    },
    "melbands_spread": {
        "dmean": 3.78167843819,
        "dmean2": 5.85314512253,
        "dvar": 18.2400131226,
        "dvar2": 45.088344574,
        "max": 156.739105225,
        "mean": 16.1933097839,
        "median": 13.8298864365,
        "min": 0.170015484095,
        "var": 224.589584351
    },
    "pitch_salience": {
        "dmean": 0.0633160248399,
        "dmean2": 0.101235479116,
        "dvar": 0.00326710147783,
        "dvar2": 0.00863210763782,
        "max": 0.937891602516,
        "mean": 0.543063163757,
        "median": 0.559245824814,
        "min": 0.0452357344329,
        "var": 0.019730200991
    },
    "silence_rate_20dB": {
        "dmean": 0.000191534185433,
        "dmean2": 0.000383105070796,
        "dvar": 0.000191473998711,
        "dvar2": 0.000383017089916,
        "max": 1,
        "mean": 0.998755156994,
        "median": 1,
        "min": 0,
        "var": 0.00124353298452
    },
    "silence_rate_30dB": {
        "dmean": 0.00785290170461,
        "dmean2": 0.0157073084265,
        "dvar": 0.00779089471325,
        "dvar2": 0.0183337777853,
        "max": 1,
        "mean": 0.984774470329,
        "median": 1,
        "min": 0,
        "var": 0.0149918533862
    },
    "silence_rate_60dB": {
        "dmean": 0.0203026235104,
        "dmean2": 0.0406091362238,
        "dvar": 0.0198902599514,
        "dvar2": 0.046621195972,
        "max": 1,
        "mean": 0.29005074501,
        "median": 0,
        "min": 0,
        "var": 0.205903038383
    },
    "spectral_centroid": {
        "dmean": 133.055435181,
        "dmean2": 197.573562622,
        "dvar": 22782.5820312,
        "dvar2": 46338.5,
        "max": 11120.8886719,
        "mean": 880.583251953,
        "median": 801.820800781,
        "min": 136.5546875,
        "var": 282829.6875
    },
    "spectral_complexity": {
        "dmean": 1.7400881052,
        "dmean2": 2.82386755943,
        "dvar": 2.70026612282,
        "dvar2": 6.77513456345,
        "max": 39,
        "mean": 12.6466531754,
        "median": 13,
        "min": 0,
        "var": 72.7129364014
    },
    "spectral_decrease": {
        "dmean": 1.21120558028e-09,
        "dmean2": 1.69255331972e-09,
        "dvar": 6.05105613704e-18,
        "dvar2": 1.60137269681e-17,
        "max": 8.18324237889e-18,
        "mean": -5.40852074238e-09,
        "median": -3.40001693466e-09,
        "min": -1.00392114177e-07,
        "var": 5.77417727932e-17
    },
    "spectral_energy": {
        "dmean": 0.0047161676921,
        "dmean2": 0.00657897116616,
        "dvar": 8.86357447598e-05,
        "dvar2": 0.000233115672017,
        "max": 0.384178847075,
        "mean": 0.0213987156749,
        "median": 0.0135967498645,
        "min": 1.07122005745e-20,
        "var": 0.000870026473422
    },
    "spectral_energyband_high": {
        "dmean": 3.53561372322e-05,
        "dmean2": 5.12308288307e-05,
        "dvar": 8.65062688149e-09,
        "dvar2": 2.09422061914e-08,
        "max": 0.00419953092933,
        "mean": 0.000120127282571,
        "median": 2.51184865192e-05,
        "min": 7.82612783539e-21,
        "var": 5.57218768904e-08
    },
    "spectral_energyband_low": {
        "dmean": 0.00217856955715,
        "dmean2": 0.00337706552818,
        "dvar": 7.17601287761e-05,
        "dvar2": 0.000207580975257,
        "max": 0.36038517952,
        "mean": 0.00649196095765,
        "median": 0.000785655924119,
        "min": 6.52901801057e-23,
        "var": 0.000498572539072
    },
    "spectral_energyband_middle_high": {
        "dmean": 0.00100505922455,
        "dmean2": 0.00154221442062,
        "dvar": 3.04907757709e-06,
        "dvar2": 7.4020899774e-06,
        "max": 0.0400593988597,
        "mean": 0.00350119592622,
        "median": 0.0017844842514,
        "min": 1.67559236245e-21,
        "var": 2.04350981221e-05
    },
    "spectral_energyband_middle_low": {
        "dmean": 0.00308479066007,
        "dmean2": 0.00394467776641,
        "dvar": 2.08279780054e-05,
        "dvar2": 3.34473697876e-05,
        "max": 0.19774505496,
        "mean": 0.0130817014724,
        "median": 0.0077094649896,
        "min": 2.68264305589e-22,
        "var": 0.000310578005156
    },
    "spectral_entropy": {
        "dmean": 0.127564430237,
        "dmean2": 0.181616038084,
        "dvar": 0.0163770336658,
        "dvar2": 0.0405485443771,
        "max": 9.80425739288,
        "mean": 7.03690099716,
        "median": 7.19402122498,
        "min": 2.51225948334,
        "var": 0.659622609615
    },
    "spectral_flux": {
        "dmean": 0.0105513622984,
        "dmean2": 0.017559973523,
        "dvar": 0.000181277253432,
        "dvar2": 0.000474985630717,
        "max": 0.373319864273,
        "mean": 0.0479653030634,
        "median": 0.0433215796947,
        "min": 1.03499764315e-10,
        "var": 0.00118958286475
    },
    "spectral_kurtosis": {
        "dmean": 5.07375240326,
        "dmean2": 9.00144195557,
        "dvar": 314.709869385,
        "dvar2": 980.95489502,
        "max": 460.571502686,
        "mean": 12.9782304764,
        "median": 7.04448795319,
        "min": -1.19247961044,
        "var": 785.619689941
    },
    "spectral_rms": {
        "dmean": 0.000440704752691,
        "dmean2": 0.000608541886322,
        "dvar": 3.21448993645e-07,
        "dvar2": 7.90374883763e-07,
        "max": 0.0193599760532,
        "mean": 0.00373723777011,
        "median": 0.00364213157445,
        "min": 3.23278947015e-12,
        "var": 6.90988326824e-06
    },
    "spectral_rolloff": {
        "dmean": 219.023468018,
        "dmean2": 366.220153809,
        "dvar": 110588.984375,
        "dvar2": 248302.34375,
        "max": 19702.8808594,
        "mean": 1111.31225586,
        "median": 839.794921875,
        "min": 64.599609375,
        "var": 3966336
    },
    "spectral_skewness": {
        "dmean": 0.345052748919,
        "dmean2": 0.589125394821,
        "dvar": 0.388701111078,
        "dvar2": 1.1821680069,
        "max": 19.3576107025,
        "mean": 2.30691051483,
        "median": 1.93477904797,
        "min": -0.0092867705971,
        "var": 2.68823122978
    },
    "spectral_spread": {
        "dmean": 220722.203125,
        "dmean2": 365922.96875,
        "dvar": 151344513024,
        "dvar2": 272608280576,
        "max": 39671376,
        "mean": 3117143.25,
        "median": 2984349.5,
        "min": 231782.375,
        "var": 1.37514293658e+12
    },
    "spectral_strongpeak": {
        "dmean": 0.286237835884,
        "dmean2": 0.460816413164,
        "dvar": 0.220796853304,
        "dvar2": 0.572772979736,
        "max": 6.59132480621,
        "mean": 0.76252156496,
        "median": 0.575655579567,
        "min": 0,
        "var": 0.549230635166
    },
    "zerocrossingrate": {
        "dmean": 0.00471339654177,
        "dmean2": 0.00600135605782,
        "dvar": 3.63201324944e-05,
        "dvar2": 6.0930960899e-05,
        "max": 0.53076171875,
        "mean": 0.0420742928982,
        "median": 0.03564453125,
        "min": 0.00390625,
        "var": 0.00275694951415
    },
    "barkbands": {
        "dmean": [0.000194299194845, 0.00133745430503, 0.000644964980893, 0.00068728561746, 0.00107601284981, 0.00100931723136, 0.00120952434372, 0.000618382182438, 0.000314513366902, 0.000346415035892, 0.000263521127636, 0.000401283119572, 0.000246373441769, 0.000192673120182, 0.000213682389585, 0.00017046170251, 0.000111913162982, 5.25685609318e-05, 8.26495379442e-05, 4.54338041891e-05, 2.24470986723e-05, 8.35128139443e-06, 7.4016866165e-06, 2.21190225602e-06, 9.67940422925e-07, 3.89211891161e-07, 7.9006042597e-08],
        "dmean2": [0.000308009446599, 0.0022472050041, 0.000937435019296, 0.000889488030225, 0.00129741360433, 0.00125282700174, 0.00171842973214, 0.0008747454267, 0.000467259989819, 0.000526099815033, 0.000422486773459, 0.0006419995334, 0.000386596424505, 0.000327421759721, 0.000361544371117, 0.000283150933683, 0.000188554855413, 8.73546887306e-05, 0.000138446615892, 7.17498769518e-05, 3.64465377061e-05, 1.32309469336e-05, 1.18411198855e-05, 3.39523694493e-06, 1.40560484851e-06, 5.77608318508e-07, 1.20730163644e-07],
        "dvar": [1.46153058722e-06, 5.53884165129e-05, 3.2939058201e-06, 5.25905943505e-06, 3.79776497539e-06, 5.38525046068e-06, 5.08783068653e-06, 1.53339772169e-06, 3.7052194557e-07, 4.85043813114e-07, 3.31791596864e-07, 7.19258082427e-07, 3.85164554473e-07, 2.05409207865e-07, 3.15842754617e-07, 2.04692881312e-07, 8.43751521984e-08, 1.63524109809e-08, 1.01541630215e-07, 1.65023461562e-08, 4.74321693034e-09, 3.94978078022e-10, 6.3595717581e-10, 2.71802615137e-11, 4.68454181696e-12, 9.24930271262e-13, 6.19608463387e-14],
        "dvar2": [3.61833872375e-06, 0.00016420254542, 8.22012771096e-06, 9.27319342736e-06, 5.57490784558e-06, 7.3002447607e-06, 9.79248216026e-06, 3.05336834572e-06, 7.40680036415e-07, 1.10701773792e-06, 8.67159883455e-07, 1.84848238405e-06, 8.98542452887e-07, 5.64472941278e-07, 9.05940737539e-07, 5.69550763885e-07, 2.40666906848e-07, 4.44344365746e-08, 2.79790526747e-07, 4.25508766e-08, 1.24662822287e-08, 9.78281677888e-10, 1.65362090687e-09, 6.2586352767e-11, 9.82114910231e-12, 2.33859286103e-12, 1.51162055421e-13],
        "max": [0.0300080776215, 0.172110766172, 0.191687971354, 0.181284949183, 0.0538664162159, 0.0852169468999, 0.04808620736, 0.032832775265, 0.021894371137, 0.0142724225298, 0.0113012110814, 0.0163304712623, 0.014667859301, 0.0133803943172, 0.0154832005501, 0.0158119034022, 0.00641694804654, 0.0034140793141, 0.0122671704739, 0.0030931676738, 0.00303965434432, 0.000428407336585, 0.000953758892138, 0.000133053908939, 6.20659120614e-05, 5.32732483407e-05, 1.85701373994e-05],
        "mean": [0.000226289848797, 0.00202128081582, 0.00247739534825, 0.00305271684192, 0.00317214010283, 0.00263972021639, 0.00240363716148, 0.0011428744765, 0.00063155090902, 0.000594107434154, 0.000434079905972, 0.000620246108156, 0.000419568124926, 0.000292275653919, 0.000355591764674, 0.000302826083498, 0.000191282480955, 9.84033831628e-05, 0.000141460433952, 8.4298371803e-05, 4.61341733171e-05, 2.05078904401e-05, 1.71373776539e-05, 7.31794534659e-06, 3.78902336706e-06, 1.7500354943e-06, 3.93199741211e-07],
        "median": [1.97273743652e-06, 0.000156283800607, 0.000215858701267, 0.00020729075186, 0.00114386493806, 0.000658925971948, 0.000768217723817, 0.000348788220435, 0.000241970818024, 0.00020505223074, 0.000138874471304, 0.000227436132263, 0.000127387073007, 8.79461440491e-05, 9.51467372943e-05, 7.45976431062e-05, 4.25974903919e-05, 3.43151514244e-05, 2.33864175243e-05, 1.81903851626e-05, 7.60795774113e-06, 3.84803388442e-06, 1.891621082e-06, 1.03368051896e-06, 6.25866846349e-07, 3.11244889417e-07, 5.93003619542e-08],
        "min": [1.04394217126e-22, 2.60655672739e-23, 5.05611404187e-24, 4.161922062e-24, 5.99379103251e-23, 6.04797883472e-23, 5.84703639841e-23, 9.24068193388e-24, 6.16857042358e-23, 6.17604503843e-23, 3.37747104701e-23, 1.23249923892e-22, 5.70608967384e-23, 1.12574717335e-22, 1.06125722637e-22, 8.64034048343e-23, 2.40331384646e-22, 2.08078926443e-22, 3.94596630893e-22, 3.6148620757e-22, 3.0799257771e-22, 5.88616654988e-22, 7.14510424116e-22, 7.14670973087e-22, 1.26566560195e-21, 1.7686484648e-21, 2.50836118993e-21],
        "var": [2.05780816032e-06, 6.92072280799e-05, 0.000116806666483, 0.000147570244735, 2.81601860479e-05, 3.58834076906e-05, 1.81538289326e-05, 4.38105280409e-06, 1.25578731058e-06, 1.0509617141e-06, 6.14210364347e-07, 1.27597377286e-06, 7.95943606136e-07, 3.03713534322e-07, 5.47284969343e-07, 4.52854067134e-07, 1.6814067294e-07, 3.17695274532e-08, 1.87262372719e-07, 3.82620264361e-08, 1.27705481745e-08, 1.41188039038e-09, 1.86290849413e-09, 1.7017476317e-10, 4.71811409386e-11, 1.90273821005e-11, 1.63763035251e-12]
    },
    "erbbands": {
        "dmean": [0.0538302883506, 0.259581536055, 0.622863769531, 1.666213274, 2.66019558907, 2.95727992058, 7.56049776077, 9.17329597473, 18.5480232239, 11.7687196732, 10.8893527985, 6.31231880188, 8.02958011627, 9.20982074738, 12.4124479294, 10.9282417297, 10.6081895828, 8.38331222534, 7.94094324112, 13.227722168, 9.76471042633, 6.27648687363, 3.34679508209, 4.06111335754, 2.39931488037, 2.43614935875, 1.23278367519, 0.524378120899, 0.320614337921, 0.293908119202, 0.123279839754, 0.0664667189121, 0.0269908253103, 0.0152125637978, 0.00581674464047, 0.0023867150303, 0.000664566468913, 0.000130867949338, 1.42384506034e-05, 5.4838315009e-06],
        "dmean2": [0.0941967815161, 0.429680585861, 0.92576944828, 2.22505092621, 3.29870152473, 3.69536375999, 9.38418769836, 11.0551710129, 26.1291999817, 16.6866874695, 15.1435031891, 9.415599823, 11.9641304016, 14.1158771515, 19.9223041534, 17.4103775024, 16.6595745087, 13.7251396179, 13.4298944473, 22.5229053497, 16.4304714203, 10.5037155151, 5.51422405243, 6.79458999634, 3.82818293571, 3.92035722733, 2.00110340118, 0.849907279015, 0.506037950516, 0.467015445232, 0.191385671496, 0.103122912347, 0.0410248748958, 0.0226827878505, 0.00885288883001, 0.00355509109795, 0.000997834140435, 0.00019929856353, 2.18553868763e-05, 7.63297248341e-06],
        "dvar": [0.11514647305, 1.78271377087, 3.33241987228, 25.8336734772, 40.9640769958, 27.8964366913, 224.255386353, 490.415710449, 1236.7878418, 637.039428711, 437.96295166, 138.285446167, 248.928588867, 277.086151123, 534.030944824, 474.071105957, 680.241821289, 501.890258789, 330.547180176, 1553.68164062, 862.52166748, 257.389648438, 58.363609314, 217.610061646, 45.7495269775, 57.8695411682, 15.9144182205, 2.71952986717, 0.624174237251, 0.753782868385, 0.13152936101, 0.0277798976749, 0.00321148778312, 0.00125333294272, 0.000176618399564, 3.48170979123e-05, 3.37269102602e-06, 1.66489044773e-07, 1.86236837063e-09, 1.09083894695e-10],
        "dvar2": [0.341578185558, 5.09112453461, 8.57886695862, 53.3366699219, 62.9043426514, 44.7613716125, 323.497650146, 628.283569336, 2431.83862305, 1157.30749512, 825.37677002, 284.415130615, 531.803588867, 641.999450684, 1372.3302002, 1218.07629395, 1611.59216309, 1264.86938477, 916.149902344, 4558.46240234, 2422.4440918, 732.528564453, 158.852233887, 601.903015137, 119.80872345, 155.212310791, 42.0526542664, 7.55070734024, 1.52330482006, 1.94794690609, 0.328556656837, 0.0648382008076, 0.00762429507449, 0.00276652607135, 0.000434840418166, 8.84398396011e-05, 9.17584020499e-06, 4.43476068313e-07, 4.57964555167e-09, 2.84021112185e-10],
        "max": [7.39415454865, 33.3868598938, 114.536949158, 658.065979004, 239.618453979, 178.007141113, 479.532653809, 776.500610352, 865.428283691, 998.850708008, 572.585021973, 359.001739502, 405.18258667, 274.801208496, 370.481140137, 478.738220215, 717.892456055, 716.361999512, 482.198303223, 1130.01147461, 1082.21960449, 429.999664307, 165.989135742, 566.377868652, 229.074951172, 199.331054688, 182.851852417, 56.9033050537, 17.7501144409, 29.0264568329, 13.7259407043, 4.27567958832, 1.17018306255, 0.960276126862, 0.42899414897, 0.255831748247, 0.114112377167, 0.0237216409296, 0.00312054157257, 0.000418292183895],
        "mean": [0.0602914653718, 0.456187278032, 2.13538813591, 8.04023361206, 9.51914596558, 8.19497871399, 18.2400074005, 25.0422992706, 37.4610176086, 24.6329936981, 22.696559906, 13.0634174347, 15.4377737045, 18.0296726227, 22.5932025909, 19.2765159607, 19.3942222595, 14.1831321716, 13.830994606, 23.4060726166, 16.8987789154, 11.7838354111, 6.78389024734, 7.53280591965, 4.86894702911, 4.55791664124, 2.44307160378, 1.15160262585, 0.795208573341, 0.714681088924, 0.334043681622, 0.193719431758, 0.0910912156105, 0.0505493842065, 0.0224354770035, 0.00945462752134, 0.00287003186531, 0.000577560684178, 7.64303913456e-05, 2.77048293356e-05],
        "median": [0.0028362784069, 0.0555900558829, 0.25320199132, 0.718247532845, 1.36007070541, 3.37730526924, 5.65455722809, 6.31337451935, 12.8007678986, 8.68447780609, 8.73991394043, 5.68420362473, 6.70018005371, 8.30167770386, 10.5329494476, 8.44644451141, 6.66636514664, 4.83857059479, 5.02292871475, 5.45324897766, 4.2664399147, 2.82681059837, 2.17228031158, 1.49201512337, 1.12479996681, 0.889624893665, 0.457935035229, 0.21708214283, 0.151453599334, 0.087479069829, 0.0489988103509, 0.0273089855909, 0.0139056267217, 0.00772961694747, 0.00422909157351, 0.00173176638782, 0.000492969644256, 9.49375680648e-05, 2.19613921217e-05, 1.83147931239e-05],
        "min": [1.30995470179e-21, 4.37914182268e-21, 7.4626288082e-21, 1.03356467955e-20, 4.06604184392e-20, 3.38666121698e-19, 4.17074029125e-19, 3.48822710548e-19, 4.90214786453e-19, 8.83975040206e-19, 3.55197869078e-19, 1.19414584963e-18, 2.11907956504e-18, 1.79542405728e-18, 1.68604244936e-18, 5.63654352438e-18, 2.57864787849e-18, 5.20956695425e-18, 4.37137698133e-18, 7.54631165286e-18, 5.22755937334e-18, 1.24646432027e-17, 1.21948408751e-17, 1.60327868638e-17, 2.14698384126e-17, 1.68023493836e-17, 1.21856451082e-17, 1.69224460824e-17, 1.94625374181e-17, 1.62038147272e-17, 2.27600912757e-17, 1.6970885779e-17, 1.07585840165e-17, 1.1698145387e-17, 1.03646235333e-17, 6.22346497852e-18, 3.52783804498e-18, 1.58799621437e-18, 3.46282051146e-19, 3.23908547486e-20],
        "var": [0.113612219691, 2.65048599243, 48.8374900818, 1406.52648926, 526.608398438, 170.780288696, 1146.85058594, 3395.36572266, 4319.16894531, 2209.56005859, 1469.26672363, 459.07019043, 644.419555664, 677.900634766, 1154.61572266, 948.02947998, 1537.22546387, 842.381774902, 568.796264648, 2841.14990234, 1738.19934082, 583.971557617, 141.961105347, 402.079528809, 114.618179321, 131.850692749, 36.2569999695, 7.4231543541, 2.23895096779, 2.48077630997, 0.471846222878, 0.132924884558, 0.0234034191817, 0.00829662196338, 0.00184573465958, 0.000440106960014, 5.94317498326e-05, 2.96611392514e-06, 4.54897985946e-08, 1.27988997178e-09]
    },
    "gfcc": {
        "mean": [-106.306427002, 128.548233032, -125.689720154, 13.8015146255, -51.6938438416, -3.46468877792, -36.9120750427, -4.03059625626, -22.9654502869, -3.79291343689, -11.8110752106, -2.97422003746, -8.92655658722],
        "cov": [[30450.0351562, 1312.10827637, -4664.2109375, -632.113464355, -1575.30554199, -302.449188232, -512.044677734, 325.003387451, 284.266540527, 583.369445801, 183.888412476, 357.063720703, 101.512496948], [1312.10827637, 1347.33178711, 108.064292908, 44.5427207947, 167.244018555, -152.64151001, 34.9705200195, -187.61315918, -83.4309692383, -214.164596558, -43.625831604, -182.744354248, 0.713206529617], [-4664.2109375, 108.064292908, 1529.49804688, 374.262176514, 526.050292969, 146.780975342, 116.980812073, -108.473930359, -112.030319214, -209.716125488, -107.795875549, -132.44859314, -75.8096847534], [-632.113464355, 44.5427207947, 374.262176514, 386.378845215, 210.096984863, 147.170684814, 114.293983459, 46.482131958, 60.2768516541, -28.829580307, -2.84442400932, -29.1331520081, -17.1317310333], [-1575.30554199, 167.244018555, 526.050292969, 210.096984863, 333.079620361, 113.721595764, 104.294746399, -24.6133556366, -29.987493515, -84.0952606201, -29.528963089, -66.2702026367, -27.0608272552], [-302.449188232, -152.64151001, 146.780975342, 147.170684814, 113.721595764, 215.766830444, 90.7057876587, 87.7457046509, 46.9862556458, 38.5707702637, 20.3538017273, 40.3036804199, -6.39116001129], [-512.044677734, 34.9705200195, 116.980812073, 114.293983459, 104.294746399, 90.7057876587, 152.431045532, 69.0964126587, 42.1853713989, -1.02953243256, 9.46138858795, 2.94838428497, 0.0922917351127], [325.003387451, -187.61315918, -108.473930359, 46.482131958, -24.6133556366, 87.7457046509, 69.0964126587, 151.884063721, 99.9941101074, 92.5132827759, 36.7672157288, 63.0687065125, 13.3433008194], [284.266540527, -83.4309692383, -112.030319214, 60.2768516541, -29.987493515, 46.9862556458, 42.1853713989, 99.9941101074, 143.26953125, 92.2032928467, 46.1706771851, 40.4174499512, 20.6298961639], [583.369445801, -214.164596558, -209.716125488, -28.829580307, -84.0952606201, 38.5707702637, -1.02953243256, 92.5132827759, 92.2032928467, 142.784194946, 64.1505126953, 75.0809631348, 18.6098327637], [183.888412476, -43.625831604, -107.795875549, -2.84442400932, -29.528963089, 20.3538017273, 9.46138858795, 36.7672157288, 46.1706771851, 64.1505126953, 74.6055145264, 51.535572052, 22.002872467], [357.063720703, -182.744354248, -132.44859314, -29.1331520081, -66.2702026367, 40.3036804199, 2.94838428497, 63.0687065125, 40.4174499512, 75.0809631348, 51.535572052, 105.47441864, 35.6567153931], [101.512496948, 0.713206529617, -75.8096847534, -17.1317310333, -27.0608272552, -6.39116001129, 0.0922917351127, 13.3433008194, 20.6298961639, 18.6098327637, 22.002872467, 35.6567153931, 59.6184387207]],
        "icov": [[0.000119219272165, -0.000338774756528, 0.000342887273291, -0.000345766893588, 0.000204747208045, -0.000188334553968, 0.000440502422862, -0.000282948400127, 0.000356023403583, -0.000507805962116, 0.00067914056126, -0.000531838159077, 0.000375852541765], [-0.000338774756528, 0.00246119243093, -0.000517267850228, 0.00104199338239, -0.0014715178404, 0.0012270193547, -0.00191829714458, 0.00180947233457, -0.00192018586677, 0.00351947662421, -0.00350184435956, 0.00317403837107, -0.00178942480125], [0.000342887273291, -0.000517267850228, 0.00284878304228, -0.00158792163711, -0.00205935770646, -0.000176498637302, 0.00143433804624, 3.87827858503e-05, 0.000755767570809, -0.000251571967965, 0.0027157808654, -0.0022483789362, 0.00178338086698], [-0.000345766893588, 0.00104199338239, -0.00158792163711, 0.00683353515342, -0.00200283550657, -0.00173154240474, -0.00167232414242, 0.00072601181455, -0.0050178389065, 0.00421110587195, -0.00312597118318, 0.00257361936383, -0.000697569572367], [0.000204747208045, -0.0014715178404, -0.00205935770646, -0.00200283550657, 0.0117890266702, -0.00421228073537, -0.00251546199434, 0.00057345861569, 0.00278429873288, -0.00186946196482, -0.000671708607115, 0.00322926626541, -0.000813529244624], [-0.000188334553968, 0.0012270193547, -0.000176498637302, -0.00173154240474, -0.00421228073537, 0.0115463109687, -0.00238241814077, -0.00274154846556, 0.000881542335264, -0.000561330001801, -0.000364068167983, -0.00362385623157, 0.00169900048058], [0.000440502422862, -0.00191829714458, 0.00143433804624, -0.00167232414242, -0.00251546199434, -0.00238241814077, 0.01612672396, -0.0097882039845, 0.000467125180876, 0.00302782165818, 2.32101519941e-05, -0.00147957296576, 0.00115437875502], [-0.000282948400127, 0.00180947233457, 3.87827858503e-05, 0.00072601181455, 0.00057345861569, -0.00274154846556, -0.0097882039845, 0.0254047233611, -0.00962380692363, -0.00500519527122, 0.00462692882866, -0.00447247037664, 0.000873541284818], [0.000356023403583, -0.00192018586677, 0.000755767570809, -0.0050178389065, 0.00278429873288, 0.000881542335264, 0.000467125180876, -0.00962380692363, 0.0222033578902, -0.01235863287, -0.000240378692979, 0.00379462027922, -0.00355874630623], [-0.000507805962116, 0.00351947662421, -0.000251571967965, 0.00421110587195, -0.00186946196482, -0.000561330001801, 0.00302782165818, -0.00500519527122, -0.01235863287, 0.0322647690773, -0.015659539029, -0.000766578363255, 0.00236242334358], [0.00067914056126, -0.00350184435956, 0.0027157808654, -0.00312597118318, -0.000671708607115, -0.000364068167983, 2.32101519941e-05, 0.00462692882866, -0.000240378692979, -0.015659539029, 0.0346285514534, -0.0149547774345, 0.00119647651445], [-0.000531838159077, 0.00317403837107, -0.0022483789362, 0.00257361936383, 0.00322926626541, -0.00362385623157, -0.00147957296576, -0.00447247037664, 0.00379462027922, -0.000766578363255, -0.0149547774345, 0.0318536423147, -0.0137769244611], [0.000375852541765, -0.00178942480125, 0.00178338086698, -0.000697569572367, -0.000813529244624, 0.00169900048058, 0.00115437875502, 0.000873541284818, -0.00355874630623, 0.00236242334358, 0.00119647651445, -0.0137769244611, 0.0261297859251]]
    },
    "melbands": {
        "dmean": [0.000409761210904, 0.000323139480315, 0.00031015498098, 0.000180993272807, 0.000252926693065, 0.000208198805922, 0.000262633810053, 0.000138433169923, 8.007982251e-05, 3.89065935451e-05, 4.4108437578e-05, 4.19947245973e-05, 4.23251440225e-05, 4.57829955849e-05, 3.08171547658e-05, 2.11931346712e-05, 1.58221155289e-05, 1.54706467583e-05, 1.46900965774e-05, 1.38940795296e-05, 1.1711519619e-05, 6.82647487338e-06, 5.03623914483e-06, 3.35607023771e-06, 3.6153955989e-06, 3.07091363538e-06, 1.7167817532e-06, 1.48198068928e-06, 1.12228497073e-06, 2.79492837763e-07, 2.98005602417e-07, 1.90007781953e-07, 1.83822351119e-07, 2.31121873639e-07, 9.38523925242e-08, 4.27837569816e-08, 4.26538733223e-08, 2.45442279834e-08, 1.58395021543e-08, 1.26089254593e-08],
        "dmean2": [0.00069944106508, 0.000493372790515, 0.000404040503781, 0.000222661779844, 0.000310271949274, 0.000252106110565, 0.000372445909306, 0.000196672510356, 0.000112684778287, 5.77551872993e-05, 6.58344433759e-05, 6.39966092422e-05, 6.80287121213e-05, 7.33154593036e-05, 4.84837983095e-05, 3.36906196026e-05, 2.61070090346e-05, 2.62552403001e-05, 2.47064472205e-05, 2.35659481405e-05, 1.96686269192e-05, 1.14686781671e-05, 8.40054963192e-06, 5.65287791687e-06, 6.10416145719e-06, 5.10108657181e-06, 2.69148040388e-06, 2.41401085077e-06, 1.84377449841e-06, 4.44828458512e-07, 4.93286734127e-07, 3.02006043285e-07, 2.985915728e-07, 3.76032261329e-07, 1.49007050254e-07, 6.71615225656e-08, 6.79038905105e-08, 3.84759211158e-08, 2.41146231872e-08, 1.93052311914e-08],
        "dvar": [5.93843560637e-06, 1.19045819247e-06, 7.21274034277e-07, 1.32318461965e-07, 2.45448006808e-07, 2.23926335252e-07, 2.45187891323e-07, 7.22808692899e-08, 2.18007834007e-08, 5.35973043725e-09, 7.67433228077e-09, 5.89954129993e-09, 7.26633686554e-09, 1.27617898471e-08, 4.91468421515e-09, 3.4443474739e-09, 1.55683077541e-09, 1.44858269824e-09, 1.43628264837e-09, 1.33270638969e-09, 1.33655053691e-09, 3.24365784232e-10, 2.52044524141e-10, 8.78002601179e-11, 1.94963239997e-10, 1.28191984805e-10, 2.02581076914e-11, 2.23408409827e-11, 1.43813736961e-11, 7.52460539623e-13, 7.86078396386e-13, 2.48516566484e-13, 2.38082204776e-13, 6.30407618468e-13, 9.44438212531e-14, 1.02406791543e-14, 1.13972857031e-14, 2.85725304229e-15, 1.35550184917e-15, 8.24940580984e-16],
        "dvar2": [1.75445875357e-05, 3.20816957355e-06, 1.30346768401e-06, 1.99078002083e-07, 3.48108471826e-07, 2.90510058676e-07, 4.85493501401e-07, 1.36149211016e-07, 4.18687307047e-08, 1.05312798482e-08, 1.65760187798e-08, 1.35512410182e-08, 1.89442754817e-08, 3.32441487672e-08, 1.17198650784e-08, 8.40699954097e-09, 3.9461243162e-09, 4.03208133548e-09, 4.14400913584e-09, 3.86858589607e-09, 3.76201736429e-09, 9.34518684659e-10, 7.08112402048e-10, 2.40876207869e-10, 5.41245437358e-10, 3.5132249887e-10, 4.96693554342e-11, 6.05713396107e-11, 3.80961512336e-11, 2.04929432798e-12, 2.20729879687e-12, 6.11579363541e-13, 6.13952248416e-13, 1.66940007824e-12, 2.39903203639e-13, 2.51414693101e-14, 2.77353942086e-14, 7.11801765533e-15, 3.05661770478e-15, 1.92437838803e-15],
        "max": [0.0561004728079, 0.0445701442659, 0.0895500704646, 0.01322104875, 0.0159248560667, 0.0162555612624, 0.0111075947061, 0.00904659088701, 0.00416058115661, 0.00229628314264, 0.00216671661474, 0.00122621643823, 0.00171132350806, 0.00243969145231, 0.00182690110523, 0.00180196284782, 0.00118402461521, 0.00115450285375, 0.00103871338069, 0.0010667067254, 0.00131262221839, 0.00052469765069, 0.000367140397429, 0.00026958034141, 0.000537188374437, 0.000421375618316, 9.55127470661e-05, 0.00012529140804, 0.000170814950252, 3.03588276438e-05, 2.67404502665e-05, 1.28879428303e-05, 1.15935399663e-05, 2.82364526356e-05, 1.19300275401e-05, 2.86888848677e-06, 2.41187490246e-06, 1.1348473663e-06, 1.08527444809e-06, 7.09537971488e-07],
        "mean": [0.000553716206923, 0.000977949122898, 0.00143532792572, 0.00060054945061, 0.00061575404834, 0.000566810311284, 0.000528714212123, 0.000274060905213, 0.00016981868248, 7.73526116973e-05, 8.15756211523e-05, 7.89564437582e-05, 7.38415546948e-05, 6.88433137839e-05, 5.24069182575e-05, 3.52380229742e-05, 2.52551035373e-05, 2.33771788771e-05, 2.57272586168e-05, 2.54824117292e-05, 1.78663431143e-05, 1.14788872452e-05, 8.64499179443e-06, 5.57188786843e-06, 6.17412206338e-06, 5.36912511961e-06, 2.94919072985e-06, 2.66563711193e-06, 1.9612430151e-06, 6.01006775014e-07, 6.12784447185e-07, 4.37389502395e-07, 3.85278411841e-07, 4.751837821e-07, 2.21963659897e-07, 1.12333140123e-07, 1.12924688267e-07, 6.99938595972e-08, 4.76733497123e-08, 3.78870304019e-08],
        "median": [3.61927814083e-05, 0.00012596968736, 0.000163875505677, 0.000165468925843, 0.000202017938136, 0.000152058390086, 0.00018372417253, 9.06923232833e-05, 6.75747432979e-05, 3.02753378492e-05, 3.3421209082e-05, 3.38467325491e-05, 3.0098217394e-05, 2.18180448428e-05, 1.40336360346e-05, 1.00469997051e-05, 8.14479790279e-06, 6.96771121511e-06, 7.03390014678e-06, 5.50646700503e-06, 4.03950843975e-06, 2.65126982413e-06, 1.98477096092e-06, 1.63042125223e-06, 1.02934393453e-06, 8.55701102864e-07, 6.88280408667e-07, 4.97926464504e-07, 3.24363867321e-07, 1.35960988246e-07, 1.12486205239e-07, 9.03633576854e-08, 5.94325655356e-08, 4.25730917186e-08, 2.94431110603e-08, 1.86188646722e-08, 1.58699240416e-08, 1.02732506946e-08, 7.14576664507e-09, 5.9240266026e-09],
        "min": [1.34202279374e-23, 4.7013116224e-24, 1.82019240916e-24, 1.31937641153e-23, 1.46110702718e-23, 8.8135965841e-24, 9.98100896077e-24, 8.16466540397e-24, 2.97416180714e-24, 8.34379126085e-24, 1.09744104547e-23, 7.65626427207e-24, 4.58047233122e-24, 1.48408496763e-23, 9.40399191848e-24, 5.50638204151e-24, 1.00031562307e-23, 6.78786488836e-24, 9.51540589957e-24, 7.52573776897e-24, 6.3348804462e-24, 1.19852576075e-23, 1.5208340529e-23, 9.29291399214e-24, 1.34774992391e-23, 1.34366520214e-23, 1.78726156844e-23, 9.04032467459e-24, 7.54964972073e-24, 7.87364357198e-24, 1.10781180536e-23, 1.18826654579e-23, 9.56832347795e-24, 8.5075927058e-24, 1.28398282595e-23, 1.40003783352e-23, 8.61109520087e-24, 7.75835786157e-24, 6.51471667233e-24, 1.15097929961e-23],
        "var": [6.757704341e-06, 8.94379445526e-06, 2.94586552627e-05, 1.33395349167e-06, 1.25787153138e-06, 1.53773169131e-06, 8.40182167394e-07, 2.43314730142e-07, 7.72023511786e-08, 1.77819838854e-08, 1.90404669809e-08, 1.39372078323e-08, 1.40692053563e-08, 2.16916866691e-08, 1.08062643278e-08, 6.17876505515e-09, 2.5968918127e-09, 2.12269868349e-09, 2.73908362658e-09, 2.76648326469e-09, 2.51596543599e-09, 5.85985149293e-10, 5.17975273784e-10, 1.4552369032e-10, 3.37601169242e-10, 2.49520876183e-10, 4.01181865506e-11, 5.0449543848e-11, 2.74787935461e-11, 2.0210074933e-12, 2.05313023527e-12, 7.78219394308e-13, 6.18046412659e-13, 1.6972148513e-12, 2.6612403687e-13, 3.93958174731e-14, 4.89832343252e-14, 1.49909449546e-14, 7.34277107162e-15, 4.8212120094e-15]
    },
    "mfcc": {
        "mean": [-734.007446289, 157.125289917, -16.729839325, 17.530960083, -1.94901132584, -0.140360087156, -5.46105289459, -3.1818151474, -7.62199354172, -3.97036075592, -7.05816316605, -3.25125908852, 1.10006690025],
        "cov": [[17541.4863281, 2014.00939941, -2058.44506836, -234.754714966, -948.873901367, -549.024230957, -773.51385498, -257.467712402, -300.379302979, 175.295623779, -26.5186805725, 109.206031799, 461.596588135], [2014.00939941, 1586.06323242, -372.363342285, 12.1860733032, -140.974578857, -105.540763855, -54.7917709351, -99.4380645752, -91.130821228, -105.814056396, -101.632705688, -38.1635475159, -7.09903049469], [-2058.44506836, -372.363342285, 630.438293457, 158.417678833, 271.710174561, 193.869247437, 164.360275269, 128.637451172, 81.9476699829, 21.4648704529, 30.6186790466, -16.8790626526, -59.2485771179], [-234.754714966, 12.1860733032, 158.417678833, 227.705688477, 123.298156738, 108.86075592, 85.3156509399, 80.7967453003, 55.3585777283, 39.1588287354, 11.5548000336, 0.879799306393, -8.8750743866], [-948.873901367, -140.974578857, 271.710174561, 123.298156738, 246.077423096, 159.338821411, 122.274238586, 83.7787094116, 55.2009124756, 23.7200241089, 24.8903369904, -0.865943729877, -26.5946331024], [-549.024230957, -105.540763855, 193.869247437, 108.86075592, 159.338821411, 175.876724243, 123.378219604, 93.6628646851, 52.9628143311, 28.5232200623, 26.4359531403, 5.28968000412, -10.3290433884], [-773.51385498, -54.7917709351, 164.360275269, 85.3156509399, 122.274238586, 123.378219604, 171.44519043, 96.8739852905, 51.5462265015, 6.71995019913, 11.722817421, 7.16295576096, -15.8805398941], [-257.467712402, -99.4380645752, 128.637451172, 80.7967453003, 83.7787094116, 93.6628646851, 96.8739852905, 135.659347534, 75.8219070435, 47.6492004395, 34.761844635, 23.2527656555, 17.4330806732], [-300.379302979, -91.130821228, 81.9476699829, 55.3585777283, 55.2009124756, 52.9628143311, 51.5462265015, 75.8219070435, 97.1009140015, 60.4599266052, 34.7741508484, 25.1205387115, 20.7804737091], [175.295623779, -105.814056396, 21.4648704529, 39.1588287354, 23.7200241089, 28.5232200623, 6.71995019913, 47.6492004395, 60.4599266052, 110.605628967, 60.4484634399, 39.1174545288, 38.444934845], [-26.5186805725, -101.632705688, 30.6186790466, 11.5548000336, 24.8903369904, 26.4359531403, 11.722817421, 34.761844635, 34.7741508484, 60.4484634399, 89.4680786133, 52.4196739197, 34.3028450012], [109.206031799, -38.1635475159, -16.8790626526, 0.879799306393, -0.865943729877, 5.28968000412, 7.16295576096, 23.2527656555, 25.1205387115, 39.1174545288, 52.4196739197, 91.0506286621, 61.2443695068], [461.596588135, -7.09903049469, -59.2485771179, -8.8750743866, -26.5946331024, -10.3290433884, -15.8805398941, 17.4330806732, 20.7804737091, 38.444934845, 34.3028450012, 61.2443695068, 97.9313201904]],
