{
"lowlevel": {
    "average_loudness": 0.290973126888,
    "barkbands_crest": {
        "dmean": 2.15913891792,
        "dmean2": 3.54366135597,
        "dvar": 3.55147099495,
        "dvar2": 9.85529327393,
        "max": 24.400396347,
        "mean": 8.41616821289,
        "median": 7.81058597565,
        "min": 2.77985525131,
        "var": 9.14880847931
    },
    "barkbands_flatness_db": {
        "dmean": 0.021956121549,
        "dmean2": 0.0315270610154,
        "dvar": 0.000552765093744,
        "dvar2": 0.00108480802737,
        "max": 0.610945463181,
        "mean": 0.182290077209,
        "median": 0.165665477514,
        "min": 0.0268049202859,
        "var": 0.0068361335434
    },
    "barkbands_kurtosis": {
        "dmean": 2.01982879639,
        "dmean2": 3.26281404495,
        "dvar": 16.0252494812,
        "dvar2": 42.890499115,
        "max": 180.194595337,
        "mean": 3.69047045708,
        "median": 2.3498916626,
        "min": -1.68857240677,
        "var": 39.0144729614
    },
    "barkbands_skewness": {
        "dmean": 0.39166277647,
        "dmean2": 0.621541500092,
        "dvar": 0.147491812706,
        "dvar2": 0.376037955284,
        "max": 11.7855043411,
        "mean": 1.34076595306,
        "median": 1.24311518669,
        "min": -2.75764536858,
        "var": 0.721929192543
    },
    "barkbands_spread": {
        "dmean": 2.45960140228,
        "dmean2": 3.79456734657,
        "dvar": 5.49966096878,
        "dvar2": 13.3523635864,
        "max": 96.8925628662,
        "mean": 11.9410324097,
        "median": 10.8057756424,
        "min": 0.575447618961,
        "var": 51.9294471741
    },
    "dissonance": {
        "dmean": 0.0241780523211,
        "dmean2": 0.0400957539678,
        "dvar": 0.000497320550494,
        "dvar2": 0.00130986073054,
        "max": 0.500000119209,
        "mean": 0.449883103371,
        "median": 0.457615315914,
        "min": 0.168061152101,
        "var": 0.00128295726608
    },
    "dynamic_complexity": 5.88499927521,
    "erbbands_crest": {
        "dmean": 2.39161705971,
        "dmean2": 3.74142599106,
        "dvar": 4.53594017029,
        "dvar2": 10.4770307541,
        "max": 26.5845794678,
        "mean": 8.84802436829,
        "median": 8.12158107758,
        "min": 2.13445568085,
        "var": 12.8112850189
    },
    "erbbands_flatness_db": {
        "dmean": 0.018968231976,
        "dmean2": 0.0259171389043,
        "dvar": 0.000414108857512,
        "dvar2": 0.000754141889047,
        "max": 0.482215344906,
        "mean": 0.203643813729,
        "median": 0.196124479175,
        "min": 0.0320982560515,
        "var": 0.00339158042334
    },
    "erbbands_kurtosis": {
        "dmean": 0.798343002796,
        "dmean2": 1.22749245167,
        "dvar": 0.779577851295,
        "dvar2": 1.7526345253,
        "max": 19.4541549683,
        "mean": 0.596670031548,
        "median": 0.233368873596,
        "min": -1.67376673222,
        "var": 1.99612116814
    },
    "erbbands_skewness": {
        "dmean": 0.300072133541,
        "dmean2": 0.45420986414,
        "dvar": 0.0623261407018,
        "dvar2": 0.14333948493,
        "max": 3.22464799881,
        "mean": 0.705055058002,
        "median": 0.679777801037,
        "min": -1.15692615509,
        "var": 0.241843983531
    },
    "erbbands_spread": {
        "dmean": 4.53210783005,
        "dmean2": 6.78282356262,
        "dvar": 18.2933330536,
        "dvar2": 40.8795814514,
        "max": 101.536125183,
        "mean": 24.7856464386,
        "median": 24.0775508881,
        "min": 1.65555000305,
        "var": 104.357902527
    },
    "hfc": {
        "dmean": 1.96132206917,
        "dmean2": 2.66611027718,
        "dvar": 10.5720720291,
        "dvar2": 19.13763237,
        "max": 88.8353729248,
        "mean": 10.1762094498,
        "median": 3.55014228821,
        "min": 1.08865842606e-16,
        "var": 180.163970947
    },
    "melbands_crest": {
        "dmean": 3.00951623917,
        "dmean2": 4.96469402313,
        "dvar": 6.80868053436,
        "dvar2": 19.154417038,
        "max": 33.6946563721,
        "mean": 12.2051067352,
        "median": 11.5005207062,
        "min": 1.61837291718,
        "var": 18.5602245331
    },
    "melbands_flatness_db": {
        "dmean": 0.0255210734904,
        "dmean2": 0.0370671823621,
        "dvar": 0.000785060692579,
        "dvar2": 0.0015274179168,
        "max": 0.791773080826,
        "mean": 0.266956090927,
        "median": 0.246744066477,
        "min": 0.00269876723178,
        "var": 0.011074016802
    },
    "melbands_kurtosis": {
        "dmean": 3.6549012661,
        "dmean2": 5.8721613884,
        "dvar": 56.4977684021,
        "dvar2": 141.036911011,
        "max": 294.901916504,
        "mean": 7.81668281555,
        "median": 5.18225383759,
        "min": -1.52071154118,
        "var": 171.523452759
    },
    "melbands_skewness": {
        "dmean": 0.481563717127,
        "dmean2": 0.757420778275,
        "dvar": 0.223118975759,
        "dvar2": 0.569256007671,
        "max": 12.9877500534,
        "mean": 1.92204844952,
        "median": 1.75999081135,
        "min": -0.673013687134,
        "var": 1.05095148087
    },
    "melbands_spread": {
        "dmean": 2.90277194977,
        "dmean2": 4.51405668259,
        "dvar": 10.9923553467,
        "dvar2": 27.1741752625,
        "max": 174.672851562,
        "mean": 14.1306467056,
        "median": 11.9490556717,
        "min": 0.569944858551,
        "var": 177.947235107
    },
    "pitch_salience": {
        "dmean": 0.0663753822446,
        "dmean2": 0.109704360366,
        "dvar": 0.00310585321859,
        "dvar2": 0.00874319951981,
        "max": 0.988400280476,
        "mean": 0.621807694435,
        "median": 0.627161204815,
        "min": 0.140423759818,
        "var": 0.00709812436253
    },
    "silence_rate_20dB": {
        "dmean": 0,
        "dmean2": 0,
        "dvar": 0,
        "dvar2": 0,
        "max": 1,
        "mean": 1,
        "median": 1,
        "min": 1,
        "var": 0
    },
    "silence_rate_30dB": {
        "dmean": 0.00110192841385,
        "dmean2": 0.00220405915752,
        "dvar": 0.00110069988295,
        "dvar2": 0.00238293921575,
        "max": 1,
        "mean": 0.998071789742,
        "median": 1,
        "min": 0,
        "var": 0.00192449521273
    },
    "silence_rate_60dB": {
        "dmean": 0.0383838377893,
        "dmean2": 0.0767747238278,
        "dvar": 0.0369047857821,
        "dvar2": 0.088165961206,
        "max": 1,
        "mean": 0.167753189802,
        "median": 0,
        "min": 0,
        "var": 0.139619335532
    },
    "spectral_centroid": {
        "dmean": 111.491195679,
        "dmean2": 170.983566284,
        "dvar": 21682.6601562,
        "dvar2": 47088.7226562,
        "max": 11769.0517578,
        "mean": 805.540649414,
        "median": 673.499938965,
        "min": 145.371368408,
        "var": 914122
    },
    "spectral_complexity": {
        "dmean": 2.03140497208,
        "dmean2": 3.25686478615,
        "dvar": 3.81474971771,
        "dvar2": 9.05816936493,
        "max": 46,
        "mean": 13.8996419907,
        "median": 11,
        "min": 0,
        "var": 91.6226119995
    },
    "spectral_decrease": {
        "dmean": 1.09666942194e-09,
        "dmean2": 1.65371549787e-09,
        "dvar": 2.28177916729e-18,
        "dvar2": 5.10280482054e-18,
        "max": 4.68707366744e-19,
        "mean": -4.44225189966e-09,
        "median": -2.44538367333e-09,
        "min": -3.39490604517e-08,
        "var": 2.28382366825e-17
    },
    "spectral_energy": {
        "dmean": 0.0042796144262,
        "dmean2": 0.00642256019637,
        "dvar": 3.49003748852e-05,
        "dvar2": 7.70765764173e-05,
        "max": 0.134886756539,
        "mean": 0.0176890734583,
        "median": 0.00958124175668,
        "min": 1.00719005803e-20,
        "var": 0.000368387816707
    },
    "spectral_energyband_high": {
        "dmean": 3.65004998457e-05,
        "dmean2": 5.09586716362e-05,
        "dvar": 7.03194835694e-09,
        "dvar2": 1.25952475116e-08,
        "max": 0.00191694335081,
        "mean": 0.000127723498736,
        "median": 1.89728525584e-05,
        "min": 7.01292205155e-21,
        "var": 5.6174059182e-08
    },
    "spectral_energyband_low": {
        "dmean": 0.00225497619249,
        "dmean2": 0.00381235964596,
        "dvar": 1.23767631521e-05,
        "dvar2": 3.3485761378e-05,
        "max": 0.0551096834242,
        "mean": 0.00415595620871,
        "median": 0.00264737056568,
        "min": 1.17624667218e-23,
        "var": 2.29017441598e-05
    },
    "spectral_energyband_middle_high": {
        "dmean": 0.000911293260287,
        "dmean2": 0.00130321993493,
        "dvar": 2.89716126645e-06,
        "dvar2": 6.02820000495e-06,
        "max": 0.0415792986751,
        "mean": 0.00333283073269,
        "median": 0.000848514668178,
        "min": 1.25603942894e-21,
        "var": 2.46930394496e-05
    },
    "spectral_energyband_middle_low": {
        "dmean": 0.00295711727813,
        "dmean2": 0.00433690007776,
        "dvar": 1.91124217963e-05,
        "dvar2": 4.02689838666e-05,
        "max": 0.123104192317,
        "mean": 0.0106968637556,
        "median": 0.00527906557545,
        "min": 1.84910637014e-22,
        "var": 0.000164897966897
    },
    "spectral_entropy": {
        "dmean": 0.166838690639,
        "dmean2": 0.233038634062,
        "dvar": 0.033689238131,
        "dvar2": 0.0629137009382,
        "max": 9.82442569733,
        "mean": 7.08927965164,
        "median": 7.17182636261,
        "min": 4.43888378143,
        "var": 0.360524684191
    },
    "spectral_flux": {
        "dmean": 0.0114965587854,
        "dmean2": 0.018850626424,
        "dvar": 0.000132190587465,
        "dvar2": 0.00033106392948,
        "max": 0.219665795565,
        "mean": 0.0585453398526,
        "median": 0.0513208694756,
        "min": 6.44239314673e-11,
        "var": 0.00126146408729
    },
    "spectral_kurtosis": {
        "dmean": 7.90683031082,
        "dmean2": 12.3724012375,
        "dvar": 433.920349121,
        "dvar2": 868.135742188,
        "max": 625.596008301,
        "mean": 18.0287685394,
        "median": 7.31579017639,
        "min": -1.25819885731,
        "var": 1834.92602539
    },
    "spectral_rms": {
        "dmean": 0.000476309796795,
        "dmean2": 0.000719068979379,
        "dvar": 2.16655152485e-07,
        "dvar2": 4.94733512824e-07,
        "max": 0.0114715667441,
        "mean": 0.00360702862963,
        "median": 0.00305737671442,
        "min": 3.13468413553e-12,
        "var": 4.24691734224e-06
    },
    "spectral_rolloff": {
        "dmean": 162.63508606,
        "dmean2": 272.577514648,
        "dvar": 101976.75,
        "dvar2": 253555.390625,
        "max": 19853.6132812,
        "mean": 906.392089844,
        "median": 624.462890625,
        "min": 43.06640625,
        "var": 3334735.25
    },
    "spectral_skewness": {
        "dmean": 0.488460451365,
        "dmean2": 0.784727036953,
        "dvar": 0.654210984707,
        "dvar2": 1.39806807041,
        "max": 19.7201881409,
        "mean": 2.53686332703,
        "median": 1.99452388287,
        "min": -0.0797606855631,
        "var": 3.68625760078
    },
    "spectral_spread": {
        "dmean": 365422.8125,
        "dmean2": 555695.625,
        "dvar": 352920240128,
        "dvar2": 714647339008,
        "max": 42713436,
        "mean": 3094638.75,
        "median": 2831000.75,
        "min": 154772.625,
        "var": 1.18886991135e+13
    },
    "spectral_strongpeak": {
        "dmean": 0.33193346858,
        "dmean2": 0.544281065464,
        "dvar": 0.225558787584,
        "dvar2": 0.541895806789,
        "max": 7.63269758224,
        "mean": 0.664872944355,
        "median": 0.299699515104,
        "min": 0,
        "var": 0.694456160069
    },
    "zerocrossingrate": {
        "dmean": 0.0040913396515,
        "dmean2": 0.00535539910197,
        "dvar": 3.72026552213e-05,
        "dvar2": 7.50266990508e-05,
        "max": 0.5341796875,
        "mean": 0.0358377173543,
        "median": 0.029296875,
        "min": 0.00244140625,
        "var": 0.00242851488292
    },
    "barkbands": {
        "dmean": [0.000605138659012, 0.00138219911605, 0.000852092751302, 0.000885317160282, 0.00082523515448, 0.00122357008513, 0.00114501349162, 0.000697557756212, 0.000463541684439, 0.00054929847829, 0.000243407805101, 0.00024629640393, 0.000226092728553, 0.000115361108328, 0.000224973497097, 9.7815762274e-05, 0.000122403667774, 6.35791293462e-05, 5.33472775714e-05, 2.54661717918e-05, 1.53822256834e-05, 9.44238581724e-06, 7.29317343939e-06, 4.49982053397e-06, 2.42949636231e-06, 8.35232640384e-07, 1.60886514777e-07],
        "dmean2": [0.00103207060602, 0.00240030139685, 0.00146016466897, 0.00152872106992, 0.00131281337235, 0.00184127013199, 0.00163670512848, 0.00101506744977, 0.000695228693075, 0.000826276140288, 0.000374072085833, 0.000394307629904, 0.000360808247933, 0.000184523523785, 0.000368099979823, 0.000160184354172, 0.000203186340514, 0.000103541759017, 8.84757537278e-05, 4.16078764829e-05, 2.45627525146e-05, 1.4527003259e-05, 1.0930116332e-05, 6.39599693386e-06, 3.47337845596e-06, 1.22642131828e-06, 2.48519796742e-07],
        "dvar": [1.02976957805e-06, 5.72733188164e-06, 2.3231502837e-06, 2.31828812502e-06, 1.64694586147e-06, 5.31002842763e-06, 5.67745564695e-06, 1.97602389562e-06, 1.26246197851e-06, 1.54652070705e-06, 3.68721600807e-07, 3.45469885588e-07, 2.47543226806e-07, 9.55561745286e-08, 2.93484163194e-07, 4.49421122539e-08, 7.60827774116e-08, 2.38738167013e-08, 1.72002607712e-08, 3.90175092235e-09, 1.38640232628e-09, 4.88389828579e-10, 4.09782430211e-10, 1.33074121167e-10, 4.82162365589e-11, 5.63596088202e-12, 6.23368002182e-13],
        "dvar2": [2.84280145024e-06, 1.64497741935e-05, 6.75738101563e-06, 6.66108371661e-06, 4.16440161644e-06, 1.163718116e-05, 1.11649696919e-05, 3.90984541809e-06, 2.51953338193e-06, 3.25781752508e-06, 7.76710805894e-07, 8.07883395737e-07, 6.11924690475e-07, 2.28842978345e-07, 7.41176449992e-07, 1.18322866172e-07, 2.06188346397e-07, 6.16760686967e-08, 4.59595383973e-08, 1.06685265067e-08, 3.4720750719e-09, 1.1174121628e-09, 8.57131976506e-10, 2.48123938063e-10, 8.90766210793e-11, 1.18476270461e-11, 1.33453350367e-12],
        "max": [0.018183697015, 0.0436264015734, 0.0319677628577, 0.0239944178611, 0.0249901972711, 0.0683916658163, 0.0653699189425, 0.0413346141577, 0.0391460061073, 0.0242815725505, 0.0203504692763, 0.0261684171855, 0.0103409271687, 0.00659377966076, 0.0119151873514, 0.00373330665752, 0.00871252827346, 0.00489398324862, 0.00278237019666, 0.00162227335386, 0.000784738513175, 0.00052077480359, 0.000566851871554, 0.000264165922999, 0.000164900120581, 4.61460695078e-05, 3.67459761037e-05],
        "mean": [0.000718128751032, 0.00184190564323, 0.00111055443995, 0.00116525660269, 0.0017122393474, 0.00270673958585, 0.00257187453099, 0.00135607819539, 0.000897060264833, 0.000963582075201, 0.000429815467214, 0.000408010295359, 0.000417361414293, 0.000206900920602, 0.000372529611923, 0.000185028475244, 0.000225679061259, 0.000131547130877, 0.00010932173609, 5.83430919505e-05, 3.92843539885e-05, 2.62813082372e-05, 1.76326157089e-05, 1.07569285319e-05, 5.20820913152e-06, 1.68955671143e-06, 2.79748547882e-07],
        "median": [0.000367957254639, 0.00102141476236, 0.000585986650549, 0.000592786062043, 0.00101420201827, 0.00102170230821, 0.000533009239007, 0.000367086118786, 0.000222229093197, 0.000201613278477, 8.39897547849e-05, 9.00288214325e-05, 7.26339567336e-05, 4.1726125346e-05, 6.24756867182e-05, 4.21168406319e-05, 4.44503930339e-05, 2.19883331738e-05, 1.54722129082e-05, 9.56139865593e-06, 5.49580909137e-06, 3.7859567783e-06, 2.15100953938e-06, 1.05095750769e-06, 3.68625677538e-07, 1.03626156545e-07, 8.29306401329e-09],
        "min": [6.40811040403e-25, 2.70279483904e-24, 1.08540515798e-24, 1.42132984016e-24, 7.54020863342e-24, 4.75740042163e-24, 1.21541251171e-23, 5.95381605834e-24, 1.55818961443e-23, 8.51655022138e-24, 1.13228029848e-23, 2.09154651883e-23, 3.14531149142e-23, 2.46299871545e-23, 4.00264552321e-23, 5.41750731532e-23, 7.52296571175e-23, 1.11803022043e-22, 1.39688687063e-22, 1.45412573438e-22, 2.75044697598e-22, 3.11166398635e-22, 4.09283125734e-22, 5.78604053726e-22, 8.65215875575e-22, 1.26579525282e-21, 1.96912101769e-21],
        "var": [1.20385107039e-06, 6.82948348185e-06, 2.7519017749e-06, 2.92008758151e-06, 4.5672509259e-06, 2.14438605326e-05, 2.95184436254e-05, 7.63950538385e-06, 3.59455998478e-06, 4.12770941693e-06, 1.03322201994e-06, 7.32965474981e-07, 6.11924065197e-07, 2.22809518391e-07, 6.02593900112e-07, 1.13788530598e-07, 1.79812985834e-07, 6.22997191613e-08, 4.48277006626e-08, 1.19245218144e-08, 5.80522607763e-09, 2.47303399981e-09, 1.41335532167e-09, 5.388601787e-10, 1.57532834e-10, 1.69977643072e-11, 1.45674520623e-12]
    },
    "erbbands": {
        "dmean": [0.0594348087907, 0.272577702999, 0.817699790001, 2.15302324295, 2.33381986618, 2.58832931519, 9.22968769073, 10.5050172806, 16.0834197998, 10.2101459503, 17.8032970428, 12.7882471085, 10.8158731461, 18.4863128662, 8.31411457062, 11.8671894073, 10.0285959244, 7.14869070053, 11.6669187546, 5.91987657547, 5.30124330521, 4.26780319214, 4.18662405014, 2.54974603653, 2.64003133774, 1.24765396118, 0.770029604435, 0.440164834261, 0.347865343094, 0.27407169342, 0.22738724947, 0.120668634772, 0.0611066482961, 0.0326135121286, 0.0151894167066, 0.00499088177457, 0.00137805007398, 0.000247051415499, 2.65467951976e-05, 5.82866596233e-06],
        "dmean2": [0.102698765695, 0.478559792042, 1.403434515, 3.66952037811, 3.97257184982, 4.15964841843, 13.1280908585, 16.385181427, 22.3291511536, 15.1040525436, 26.1059532166, 18.9425735474, 16.0449199677, 27.7095413208, 13.1327400208, 19.0175743103, 16.043680191, 11.268409729, 19.1208610535, 9.71287345886, 8.64510726929, 6.90304374695, 6.82292175293, 4.11817455292, 4.43863677979, 2.01856350899, 1.23255634308, 0.698585391045, 0.547312617302, 0.419026553631, 0.34112533927, 0.172564983368, 0.0893370062113, 0.0479233078659, 0.0218604393303, 0.00742408400401, 0.00202616862953, 0.00036971073132, 4.16755756305e-05, 8.64217145136e-06],
        "dvar": [0.00951394159347, 0.269832730293, 2.17622280121, 12.7856464386, 16.1914978027, 15.7404193878, 263.839050293, 479.552520752, 1148.265625, 422.095092773, 1341.18896484, 983.639831543, 983.868896484, 1704.359375, 362.259674072, 851.429382324, 494.750366211, 309.95715332, 795.12487793, 207.872329712, 116.010353088, 82.9484329224, 108.885124207, 48.3981056213, 45.9019584656, 9.31005859375, 3.16999387741, 1.19209456444, 0.677495181561, 0.450125306845, 0.446654349566, 0.106242783368, 0.0242173094302, 0.00762195140123, 0.0020905805286, 0.000200586975552, 1.5728190192e-05, 5.35115816547e-07, 1.31521575852e-08, 2.40263725582e-10],
        "dvar2": [0.0269003044814, 0.779241383076, 6.23242902756, 35.9308509827, 46.0446853638, 42.0855178833, 488.405639648, 1095.13745117, 1990.47033691, 903.126647949, 2680.49438477, 1934.95532227, 1955.32495117, 3695.68774414, 880.610900879, 1990.24865723, 1232.97961426, 741.103149414, 2046.54553223, 524.18560791, 302.881317139, 217.34161377, 287.528320312, 121.252349854, 126.134552002, 24.5789756775, 8.08240795135, 2.83021879196, 1.5957852602, 0.988353073597, 0.960502326488, 0.189026191831, 0.0510956346989, 0.0156843289733, 0.00396626489237, 0.000420653785113, 3.37290657626e-05, 1.16877845358e-06, 3.09173984192e-08, 4.89580320728e-10],
        "max": [1.52546465397, 10.8445119858, 29.9131717682, 58.0815734863, 85.3344726562, 88.4021911621, 467.408630371, 665.307495117, 1041.08764648, 785.320678711, 1102.88769531, 1106.95178223, 918.394226074, 817.138244629, 556.744750977, 1309.12719727, 471.689117432, 365.27645874, 575.681518555, 379.440582275, 225.293640137, 322.090484619, 336.149078369, 174.966003418, 159.025085449, 63.3303527832, 42.3450241089, 24.8867034912, 20.5060119629, 20.5120620728, 17.2833881378, 7.6260676384, 3.50257134438, 2.05525803566, 1.0919867754, 0.314949601889, 0.0786689221859, 0.0172179862857, 0.00442949682474, 0.000846038514283],
        "mean": [0.0729384943843, 0.344866812229, 1.13076901436, 3.11374759674, 3.54212737083, 5.18979740143, 17.8715133667, 21.9778766632, 38.2899589539, 24.7700099945, 33.3888893127, 25.9483776093, 21.4936122894, 32.4534263611, 16.238571167, 20.1487388611, 19.2937488556, 14.62566185, 19.4786148071, 12.1534566879, 11.3142242432, 9.33595943451, 8.86685371399, 5.59478855133, 5.25910520554, 2.9218313694, 1.94764316082, 1.19757866859, 0.943699836731, 0.722455322742, 0.5131534338, 0.279541790485, 0.145595148206, 0.071525208652, 0.0307739973068, 0.0100234774873, 0.00269265729003, 0.000474245345686, 5.45022230654e-05, 2.28638964472e-05],
        "median": [0.0371544770896, 0.184474274516, 0.608158290386, 1.68566203117, 2.05371499062, 3.09508228302, 7.90013313293, 6.64180088043, 8.14386367798, 6.28404569626, 9.98800468445, 6.72683954239, 5.02549171448, 6.77975845337, 4.1095161438, 4.18247032166, 3.4888510704, 2.97019839287, 3.31297302246, 2.66590332985, 2.60104060173, 2.14342737198, 1.51782619953, 0.89157885313, 0.71590846777, 0.464281082153, 0.287004411221, 0.174041137099, 0.138511464, 0.0963488966227, 0.0587796978652, 0.0292889010161, 0.0137183833867, 0.0056004091166, 0.00192459358368, 0.000640739453956, 0.0001620362018, 2.35830957536e-05, 6.70104418532e-06, 1.09636321213e-05],
        "min": [1.15237596206e-22, 5.10467221712e-22, 1.58829461654e-21, 6.39436584067e-21, 1.74939975384e-20, 1.81966260765e-20, 6.45610267571e-20, 6.79008977273e-20, 1.30046363225e-19, 1.71940592634e-19, 2.03349467673e-19, 4.0879666538e-19, 3.6891567726e-19, 7.73059115652e-19, 9.1157878103e-19, 1.13629552592e-18, 2.03067939337e-18, 1.58766482514e-18, 2.1105440951e-18, 2.36984660557e-18, 2.78952330679e-18, 5.2900536958e-18, 5.48511984144e-18, 6.39083753084e-18, 7.73725802546e-18, 8.16778154606e-18, 8.95038704976e-18, 1.18212844561e-17, 1.15547147504e-17, 1.29007220683e-17, 1.15494820058e-17, 1.04068833636e-17, 8.40493919076e-18, 8.46075651131e-18, 5.53312278675e-18, 4.36809059276e-18, 2.22380290534e-18, 8.69014031262e-19, 2.70748906541e-19, 2.83669312613e-20],
        "var": [0.0115886302665, 0.286147415638, 2.73013353348, 18.6397628784, 23.0669631958, 42.0657119751, 883.988586426, 1728.21191406, 7014.39648438, 2406.76806641, 4308.33642578, 2828.52587891, 2695.02001953, 4326.79248047, 915.60949707, 1833.22619629, 1249.9921875, 813.384460449, 1569.32434082, 523.131958008, 360.688903809, 262.328582764, 281.87298584, 126.381401062, 112.213401794, 30.2222499847, 13.4337415695, 5.28778219223, 3.15851902962, 2.03923130035, 1.3173674345, 0.386679559946, 0.0948260501027, 0.0262549910694, 0.00606120284647, 0.000588376889937, 4.48163373221e-05, 1.50435698743e-06, 3.01509111011e-08, 1.05789743632e-09]
    },
    "gfcc": {
        "mean": [-105.630455017, 159.798629761, -120.428245544, 18.5197467804, -50.1666221619, 0.559307873249, -29.7427959442, -0.496492147446, -11.0254678726, -4.22779607773, -6.51681661606, -2.87112092972, -3.87151765823],
        "cov": [[29009.9863281, -2005.68835449, -3801.34423828, 1150.13891602, -1841.18518066, 626.684692383, -937.159606934, 674.854248047, -438.57800293, 486.837432861, -208.928100586, 192.095428467, -434.509124756], [-2005.68835449, 2341.2902832, 347.28515625, -337.489013672, 452.62286377, -329.978271484, 263.196044922, -268.20892334, 211.744354248, -254.349075317, 119.232322693, -157.290771484, 176.525039673], [-3801.34423828, 347.28515625, 944.251953125, -144.706192017, 304.633758545, -27.4173316956, 107.097610474, -78.9323272705, 36.9929122925, -59.1171646118, 3.42490243912, -10.6680164337, 54.9583969116], [1150.13891602, -337.489013672, -144.706192017, 273.666748047, -77.3267059326, 101.10634613, -48.0358772278, 36.1358413696, -23.8285675049, 14.7086830139, -30.0628509521, 7.48826885223, -30.8330497742], [-1841.18518066, 452.62286377, 304.633758545, -77.3267059326, 270.226135254, -54.2265892029, 112.800117493, -67.2663955688, 55.841758728, -58.8421783447, 25.926279068, -30.4670944214, 46.7731590271], [626.684692383, -329.978271484, -27.4173316956, 101.10634613, -54.2265892029, 132.524490356, -34.0811958313, 51.2311019897, -37.4061737061, 32.5982818604, -30.1436386108, 20.1318016052, -28.4784259796], [-937.159606934, 263.196044922, 107.097610474, -48.0358772278, 112.800117493, -34.0811958313, 129.723388672, -11.7967796326, 48.2211875916, -28.532251358, 28.1754760742, -23.2585201263, 24.2963161469], [674.854248047, -268.20892334, -78.9323272705, 36.1358413696, -67.2663955688, 51.2311019897, -11.7967796326, 94.5854568481, -8.55954742432, 53.0162086487, -9.62684345245, 23.6782836914, -27.0694618225], [-438.57800293, 211.744354248, 36.9929122925, -23.8285675049, 55.841758728, -37.4061737061, 48.2211875916, -8.55954742432, 74.5873794556, -8.71230316162, 26.1086521149, -19.646697998, 22.4660263062], [486.837432861, -254.349075317, -59.1171646118, 14.7086830139, -58.8421783447, 32.5982818604, -28.532251358, 53.0162086487, -8.71230316162, 83.6554031372, 13.4314403534, 32.1834945679, -23.2815589905], [-208.928100586, 119.232322693, 3.42490243912, -30.0628509521, 25.926279068, -30.1436386108, 28.1754760742, -9.62684345245, 26.1086521149, 13.4314403534, 58.3878517151, 11.9708280563, 21.049703598], [192.095428467, -157.290771484, -10.6680164337, 7.48826885223, -30.4670944214, 20.1318016052, -23.2585201263, 23.6782836914, -19.646697998, 32.1834945679, 11.9708280563, 53.7540054321, 7.4048576355], [-434.509124756, 176.525039673, 54.9583969116, -30.8330497742, 46.7731590271, -28.4784259796, 24.2963161469, -27.0694618225, 22.4660263062, -23.2815589905, 21.049703598, 7.4048576355, 59.4697990417]],
        "icov": [[0.000204558396945, -0.000547581061255, 0.000507004093379, -0.000505537027493, 0.000531349680386, -0.000458834256278, 0.000632641254924, -0.000931237300392, 0.000730673142243, -0.000766082433984, 0.000422648095991, -0.000428423052654, 0.000397160212742], [-0.000547581061255, 0.0030715612229, -0.00112938578241, 0.00216361577623, -0.00232230382971, 0.00195285631344, -0.0017186634941, 0.00332409166731, -0.00336999539286, 0.00453146966174, -0.00301113724709, 0.00320086465217, -0.00226148962975], [0.000507004093379, -0.00112938578241, 0.0031833180692, -0.000340361322742, -0.000948039523792, -0.00197479850613, 0.00151212897617, -0.00138655456249, 0.00138571485877, -0.00181834597606, 0.00213296571746, -0.00195218087174, 0.000742249598261], [-0.000505537027493, 0.00216361577623, -0.000340361322742, 0.00755235087126, -0.00176046614069, -0.0033491589129, -0.000562965346035, 0.00326346582733, -0.00448947260156, 0.0049343155697, -0.00176405918319, 0.00143459031824, -0.000316024321364], [0.000531349680386, -0.00232230382971, -0.000948039523792, -0.00176046614069, 0.0120763024315, -0.0019188906299, -0.00392973655835, 0.00106304686051, 0.000489266065415, -0.00253227562644, 0.0020255970303, -0.00210598739795, 0.000780443137046], [-0.000458834256278, 0.00195285631344, -0.00197479850613, -0.0033491589129, -0.0019188906299, 0.0172772873193, -0.00195879931562, -0.00268477434292, 0.00270723295398, -0.000233950209804, 0.00229472317733, 0.00106626725756, -0.00175881350879], [0.000632641254924, -0.0017186634941, 0.00151212897617, -0.000562965346035, -0.00392973655835, -0.00195879931562, 0.0190145820379, -0.0103313867003, -0.000668077380396, 0.00315207801759, -0.00624670367688, 0.00349818821996, 0.000978122581728], [-0.000931237300392, 0.00332409166731, -0.00138655456249, 0.00326346582733, 0.00106304686051, -0.00268477434292, -0.0103313867003, 0.030414974317, -0.010113469325, -0.00640308950096, 0.00615377072245, -0.00545204523951, 0.00206041452475], [0.000730673142243, -0.00336999539286, 0.00138571485877, -0.00448947260156, 0.000489266065415, 0.00270723295398, -0.000668077380396, -0.010113469325, 0.0306192506105, -0.00923339836299, -0.00438910583034, 0.0104657663032, -0.00661677261814], [-0.000766082433984, 0.00453146966174, -0.00181834597606, 0.0049343155697, -0.00253227562644, -0.000233950209804, 0.00315207801759, -0.00640308950096, -0.00923339836299, 0.0374375618994, -0.0171105507761, -0.00525694014505, 0.007723165676], [0.000422648095991, -0.00301113724709, 0.00213296571746, -0.00176405918319, 0.0020255970303, 0.00229472317733, -0.00624670367688, 0.00615377072245, -0.00438910583034, -0.0171105507761, 0.0378399118781, -0.0141963278875, -0.00266730529256], [-0.000428423052654, 0.00320086465217, -0.00195218087174, 0.00143459031824, -0.00210598739795, 0.00106626725756, 0.00349818821996, -0.00545204523951, 0.0104657663032, -0.00525694014505, -0.0141963278875, 0.0438873879611, -0.0182788241655], [0.000397160212742, -0.00226148962975, 0.000742249598261, -0.000316024321364, 0.000780443137046, -0.00175881350879, 0.000978122581728, 0.00206041452475, -0.00661677261814, 0.007723165676, -0.00266730529256, -0.0182788241655, 0.0334054939449]]
    },
    "melbands": {
        "dmean": [0.000444804783911, 0.000378676661057, 0.000352015398676, 0.000161895382917, 0.000268511968898, 0.000227626253036, 0.000252616242506, 0.000104215927422, 0.000136407281389, 7.91869169916e-05, 5.45373623027e-05, 7.89596233517e-05, 2.74264366453e-05, 3.0761333619e-05, 1.89374150068e-05, 2.55038503383e-05, 1.3592475625e-05, 1.74939923454e-05, 1.29125119201e-05, 8.81383584783e-06, 7.15291116649e-06, 5.33855018148e-06, 5.36679181096e-06, 2.98745612781e-06, 2.24675090976e-06, 2.53734128819e-06, 1.08285109945e-06, 8.73196938755e-07, 5.73045667807e-07, 4.39851731926e-07, 2.8711451705e-07, 2.42555955765e-07, 1.76252541451e-07, 1.49109524727e-07, 1.70085598938e-07, 9.34207520231e-08, 6.87168437707e-08, 5.00950321225e-08, 3.73297339706e-08, 2.73515290417e-08],
        "dmean2": [0.000764845113736, 0.000651554961223, 0.000600255327299, 0.0002693918359, 0.000388025538996, 0.00035041780211, 0.000354051095201, 0.000155106652528, 0.000198435853235, 0.000118425785331, 8.1230456999e-05, 0.000118732394185, 4.30477630289e-05, 4.90147940582e-05, 3.03494744003e-05, 4.07510378864e-05, 2.16242533497e-05, 2.87425973511e-05, 2.10782127397e-05, 1.46205393321e-05, 1.18535363072e-05, 8.80875541043e-06, 8.88124577614e-06, 4.88135992782e-06, 3.70643329006e-06, 4.29312513006e-06, 1.79227947683e-06, 1.42945123116e-06, 9.30333271754e-07, 7.19981869679e-07, 4.65203356725e-07, 3.89386485722e-07, 2.7819294246e-07, 2.32211093021e-07, 2.63409333456e-07, 1.38810221983e-07, 1.01320608792e-07, 7.61171321528e-08, 5.7192011127e-08, 4.09668885482e-08],
        "dvar": [5.38564790986e-07, 4.59478030734e-07, 3.39380449077e-07, 6.653386464e-08, 2.17813237668e-07, 2.18535504359e-07, 2.76706828117e-07, 4.0197523532e-08, 7.5674456923e-08, 4.07030107397e-08, 2.4298197232e-08, 3.14707833127e-08, 3.69153063673e-09, 4.97243668462e-09, 1.63043922807e-09, 3.47444184534e-09, 1.43326095436e-09, 1.78372494553e-09, 1.42760103738e-09, 3.96347094034e-10, 2.42047687449e-10, 1.38256517346e-10, 1.81566581214e-10, 4.73392471056e-11, 4.09974103277e-11, 4.4759279616e-11, 7.81569513969e-12, 4.37649916307e-12, 2.00381052896e-12, 1.20485576811e-12, 6.2751388287e-13, 3.65656533914e-13, 1.63111901373e-13, 1.43592020327e-13, 2.89971605755e-13, 5.87362799999e-14, 3.16170734613e-14, 1.79023327196e-14, 1.00581723533e-14, 5.93750402509e-15],
        "dvar2": [1.51863469e-06, 1.30691171307e-06, 9.57718043537e-07, 1.89785140492e-07, 4.14917082026e-07, 4.81744052649e-07, 5.04123249812e-07, 8.49811598869e-08, 1.4990663999e-07, 7.95130361553e-08, 4.84854965066e-08, 6.85211318796e-08, 8.57846860214e-09, 1.17305365421e-08, 4.00133837175e-09, 8.51842951732e-09, 3.42443651213e-09, 4.61582194689e-09, 3.45801187684e-09, 1.05721997823e-09, 6.48625431143e-10, 3.7176128842e-10, 4.8611636938e-10, 1.24828716808e-10, 1.04752997943e-10, 1.24135979274e-10, 2.18441879168e-11, 1.16434561645e-11, 5.1531227202e-12, 3.18195860285e-12, 1.55816527216e-12, 8.78654787817e-13, 3.99982889691e-13, 3.15611875827e-13, 6.65379806374e-13, 1.19519235546e-13, 6.15006296215e-14, 4.10006433644e-14, 2.31314194687e-14, 1.24145062042e-14],
        "max": [0.0103294411674, 0.0135800726712, 0.00983303971589, 0.00509275961667, 0.0128523595631, 0.015825221315, 0.0144571987912, 0.00786421447992, 0.0081116585061, 0.00755141442642, 0.00455615855753, 0.00302208936773, 0.00144138559699, 0.00312467035837, 0.00131533504464, 0.00115487596486, 0.000789314683061, 0.000850367650855, 0.00119992997497, 0.00032606779132, 0.000325396424159, 0.00029054476181, 0.00058762106346, 0.000189882688574, 0.000160395255079, 0.000158607741469, 9.00331142475e-05, 4.19429670728e-05, 3.61819002137e-05, 2.52064291999e-05, 2.00024041987e-05, 1.62018186529e-05, 9.58689270192e-06, 1.47010805449e-05, 1.48327599163e-05, 5.76925413043e-06, 3.61392017112e-06, 3.0003327538e-06, 2.29878378377e-06, 1.89849004073e-06],
        "mean": [0.000607195950579, 0.000549182994291, 0.000535567873158, 0.000286901369691, 0.000533840444405, 0.000489407393616, 0.000591622199863, 0.000253511301707, 0.000256871222518, 0.000151283922605, 0.000104025217297, 0.000133888839628, 5.03181618114e-05, 5.40066503163e-05, 3.58420547855e-05, 4.5338034397e-05, 2.41281068156e-05, 2.83927256532e-05, 2.22004364332e-05, 1.55072430061e-05, 1.3330269212e-05, 1.02180902104e-05, 9.90759963315e-06, 6.14324335402e-06, 4.12212375522e-06, 4.49294248028e-06, 2.33277751249e-06, 1.8341768282e-06, 1.28674480493e-06, 9.35229138577e-07, 6.43278610823e-07, 5.77528851409e-07, 4.35447532254e-07, 3.57907197213e-07, 3.35069529456e-07, 2.01216920459e-07, 1.49233557067e-07, 1.10104984685e-07, 7.62163665513e-08, 5.49020526819e-08],
        "median": [0.000340029015206, 0.000308946560835, 0.000309934024699, 0.00017038412625, 0.000249362870818, 0.000152304637595, 0.000124423328089, 6.94085101713e-05, 7.76606830186e-05, 3.51324088115e-05, 2.30973655562e-05, 2.72217712336e-05, 1.23953714137e-05, 1.20368413263e-05, 8.22659058031e-06, 7.05091861164e-06, 4.62210027763e-06, 4.93164725412e-06, 3.91208232031e-06, 3.29336239702e-06, 2.98152917821e-06, 2.22299854613e-06, 1.7483253032e-06, 9.98357904791e-07, 6.17829300609e-07, 5.66769699617e-07, 3.78844049465e-07, 2.79158371086e-07, 1.92808741417e-07, 1.19484028005e-07, 8.98621337342e-08, 8.16459575503e-08, 6.3172485909e-08, 4.68063170445e-08, 3.55765159554e-08, 2.28801404489e-08, 1.47620635715e-08, 1.02619921449e-08, 6.52343024043e-09, 3.84512466312e-09],
        "min": [1.18994273716e-24, 1.109222052e-24, 1.13584097995e-24, 2.35454943141e-24, 2.34072484127e-24, 2.04344103141e-24, 2.18316703317e-24, 1.79393892102e-24, 2.01259873939e-24, 2.44300065763e-24, 1.19624987731e-24, 2.75995057263e-24, 2.55827354905e-24, 3.35207154025e-24, 3.16130111032e-24, 3.75621168731e-24, 2.49313631803e-24, 3.12550753282e-24, 3.28170573915e-24, 2.81651032182e-24, 2.44841421559e-24, 3.95187522421e-24, 4.17542341639e-24, 4.11602337352e-24, 4.75501608954e-24, 5.6554341541e-24, 5.21316757063e-24, 5.15165693041e-24, 4.0250022357e-24, 4.82592995175e-24, 5.9228090916e-24, 5.15231878471e-24, 5.83033211097e-24, 6.41689200363e-24, 5.99749765324e-24, 5.58537383939e-24, 5.82899144186e-24, 4.92495447789e-24, 5.89102628016e-24, 6.55437034346e-24],
        "var": [6.99456393249e-07, 6.01465046657e-07, 5.04193792494e-07, 1.30741810267e-07, 7.23901848687e-07, 8.86103805442e-07, 1.60600632171e-06, 2.4663134468e-07, 2.46142320748e-07, 1.11508946077e-07, 6.58862973069e-08, 7.70497052827e-08, 9.64251789526e-09, 1.13043512329e-08, 4.24458779236e-09, 7.91387844146e-09, 3.16859605221e-09, 3.38681904744e-09, 2.89258705877e-09, 8.52266091034e-10, 5.67497326909e-10, 3.33252592188e-10, 4.11674833112e-10, 1.30156579958e-10, 8.57828252876e-11, 9.39256311616e-11, 2.08172038635e-11, 1.24860200304e-11, 6.59167382136e-12, 3.63060579864e-12, 1.83092907155e-12, 1.2994633581e-12, 6.85342570455e-13, 5.44841190393e-13, 6.64257006604e-13, 1.87972047324e-13, 1.0857019629e-13, 5.68550062715e-14, 2.91372151016e-14, 1.70292772261e-14]
    },
    "mfcc": {
        "mean": [-729.051635742, 174.681167603, -3.29554176331, 19.3679523468, 1.70700144768, 2.03790473938, -6.32151412964, 2.53745627403, -1.63828957081, 0.858660817146, -1.12291395664, 1.16667461395, 1.11614859104],
        "cov": [[15474.5869141, -763.950500488, -2084.92041016, 82.9336395264, -680.395080566, -182.247497559, -351.764923096, -8.3828792572, -247.722976685, 164.503356934, 49.7864456177, 159.013916016, 82.825553894], [-763.950500488, 1723.44494629, 163.25743103, 46.6313705444, 129.299972534, -13.9766902924, 18.014585495, 8.04689693451, 58.9527664185, -29.4476127625, -5.04731225967, -17.8610363007, 2.57514643669], [-2084.92041016, 163.25743103, 745.741577148, 3.0818669796, 152.400146484, 73.2690963745, 70.0162277222, 11.4527435303, 39.4283828735, -24.3760910034, -15.4505367279, -29.9844360352, -23.5276088715], [82.9336395264, 46.6313705444, 3.0818669796, 143.849914551, 19.0745429993, 28.0570697784, 5.31956338882, 19.2983207703, 2.55195879936, 8.2442779541, 0.833086371422, 3.95242381096, 1.57652497292], [-680.395080566, 129.299972534, 152.400146484, 19.0745429993, 138.794448853, 47.0882720947, 23.419878006, 10.4562215805, 22.6208209991, -11.7651824951, -10.4649019241, -17.1720199585, -11.1526975632], [-182.247497559, -13.9766902924, 73.2690963745, 28.0570697784, 47.0882720947, 78.638053894, 25.0596961975, 15.7968444824, 6.06970691681, -0.2812307477, -5.99064493179, -8.20840930939, -7.71522092819], [-351.764923096, 18.014585495, 70.0162277222, 5.31956338882, 23.419878006, 25.0596961975, 70.1239395142, 22.3768291473, 14.5141716003, 3.36570239067, 5.05555391312, 0.0794928371906, 0.109129242599], [-8.3828792572, 8.04689693451, 11.4527435303, 19.2983207703, 10.4562215805, 15.7968444824, 22.3768291473, 46.8684158325, 19.7534885406, 7.161257267, 1.53374409676, 0.824017524719, -1.92941725254], [-247.722976685, 58.9527664185, 39.4283828735, 2.55195879936, 22.6208209991, 6.06970691681, 14.5141716003, 19.7534885406, 48.168346405, 15.0181541443, 3.17187619209, -3.00621771812, -4.04479551315], [164.503356934, -29.4476127625, -24.3760910034, 8.2442779541, -11.7651824951, -0.2812307477, 3.36570239067, 7.161257267, 15.0181541443, 45.500617981, 21.5678787231, 7.54624938965, 3.30682826042], [49.7864456177, -5.04731225967, -15.4505367279, 0.833086371422, -10.4649019241, -5.99064493179, 5.05555391312, 1.53374409676, 3.17187619209, 21.5678787231, 40.2716445923, 20.4749488831, 5.97898864746], [159.013916016, -17.8610363007, -29.9844360352, 3.95242381096, -17.1720199585, -8.20840930939, 0.0794928371906, 0.824017524719, -3.00621771812, 7.54624938965, 20.4749488831, 44.7531585693, 21.4694652557], [82.825553894, 2.57514643669, -23.5276088715, 1.57652497292, -11.1526975632, -7.71522092819, 0.109129242599, -1.92941725254, -4.04479551315, 3.30682826042, 5.97898864746, 21.4694652557, 37.8609428406]],
