{
"lowlevel": {
    "average_loudness": 0.87315428257,
    "barkbands_crest": {
        "dmean": 2.16678619385,
        "dmean2": 3.42467164993,
        "dvar": 4.12942361832,
        "dvar2": 10.1845855713,
        "max": 26.8993091583,
        "mean": 13.9793491364,
        "median": 13.3250141144,
        "min": 3.09018516541,
        "var": 26.7834701538
    },
    "barkbands_flatness_db": {
        "dmean": 0.0266083274037,
        "dmean2": 0.0422769114375,
        "dvar": 0.00100189854857,
        "dvar2": 0.00256005604751,
        "max": 0.663097321987,
        "mean": 0.338919043541,
        "median": 0.281114548445,
        "min": 0.0539194345474,
        "var": 0.0193501226604
    },
    "barkbands_kurtosis": {
        "dmean": 5.66523075104,
        "dmean2": 8.84818172455,
        "dvar": 620.752441406,
        "dvar2": 1497.36865234,
        "max": 1374.19555664,
        "mean": 11.6478452682,
        "median": 4.987616539,
        "min": -1.94831383228,
        "var": 1055.51403809
    },
    "barkbands_skewness": {
        "dmean": 0.56357473135,
        "dmean2": 0.86739897728,
        "dvar": 0.645667076111,
        "dvar2": 1.74504899979,
        "max": 18.4861946106,
        "mean": 1.74778842926,
        "median": 1.55424404144,
        "min": -7.86307477951,
        "var": 2.30674743652
    },
    "barkbands_spread": {
        "dmean": 1.1025468111,
        "dmean2": 1.65797424316,
        "dvar": 2.08791208267,
        "dvar2": 4.46693992615,
        "max": 45.4042510986,
        "mean": 5.13109302521,
        "median": 3.88598394394,
        "min": 0.0194032303989,
        "var": 23.5417499542
    },
    "dissonance": {
        "dmean": 0.050861608237,
        "dmean2": 0.0866803079844,
        "dvar": 0.00320015591569,
        "dvar2": 0.00889179017395,
        "max": 0.500000059605,
        "mean": 0.358623594046,
        "median": 0.386425673962,
        "min": 0.0472290329635,
        "var": 0.00953363161534
    },
    "dynamic_complexity": 2.71065068245,
    "erbbands_crest": {
        "dmean": 2.65812897682,
        "dmean2": 3.96798205376,
        "dvar": 6.39938402176,
        "dvar2": 14.0409498215,
        "max": 31.9127197266,
        "mean": 15.6903734207,
        "median": 15.0275688171,
        "min": 2.55276226997,
        "var": 35.0201835632
    },
    "erbbands_flatness_db": {
        "dmean": 0.0203083250672,
        "dmean2": 0.0301181599498,
        "dvar": 0.000536435167305,
        "dvar2": 0.00128668581601,
        "max": 0.635016739368,
        "mean": 0.348831325769,
        "median": 0.294838190079,
        "min": 0.0785196125507,
        "var": 0.014891974628
    },
    "erbbands_kurtosis": {
        "dmean": 2.76026630402,
        "dmean2": 4.20888710022,
        "dvar": 29.1697387695,
        "dvar2": 67.0722045898,
        "max": 116.157325745,
        "mean": 5.29244709015,
        "median": 2.0269510746,
        "min": -1.8587449789,
        "var": 93.2926940918
    },
    "erbbands_skewness": {
        "dmean": 0.444179713726,
        "dmean2": 0.663518726826,
        "dvar": 0.265210598707,
        "dvar2": 0.584102213383,
        "max": 7.8970580101,
        "mean": 1.36386799812,
        "median": 1.13093829155,
        "min": -2.60395956039,
        "var": 1.5033853054
    },
    "erbbands_spread": {
        "dmean": 2.34136223793,
        "dmean2": 3.34322714806,
        "dvar": 7.11585235596,
        "dvar2": 13.6360778809,
        "max": 55.7640838623,
        "mean": 12.6631946564,
        "median": 10.4921970367,
        "min": 0.30911692977,
        "var": 86.5993041992
    },
    "hfc": {
        "dmean": 3.55411601067,
        "dmean2": 5.15079116821,
        "dvar": 21.6572418213,
        "dvar2": 47.9837265015,
        "max": 85.0485229492,
        "mean": 11.4870576859,
        "median": 9.87079238892,
        "min": 1.23806094279e-16,
        "var": 85.5684967041
    },
    "melbands_crest": {
        "dmean": 2.62758994102,
        "dmean2": 4.16941452026,
        "dvar": 6.9662604332,
        "dvar2": 17.2386608124,
        "max": 35.343372345,
        "mean": 17.5533256531,
        "median": 16.6010856628,
        "min": 1.51663339138,
        "var": 43.3767814636
    },
    "melbands_flatness_db": {
        "dmean": 0.0265534874052,
        "dmean2": 0.0417157895863,
        "dvar": 0.000944615050685,
        "dvar2": 0.00235597230494,
        "max": 0.824166119099,
        "mean": 0.433778822422,
        "median": 0.365206241608,
        "min": 0.00283469236456,
        "var": 0.0287966970354
    },
    "melbands_kurtosis": {
        "dmean": 4.55716705322,
        "dmean2": 7.11403465271,
        "dvar": 59.4626998901,
        "dvar2": 144.807647705,
        "max": 158.446472168,
        "mean": 11.515832901,
        "median": 6.36889982224,
        "min": -1.7687138319,
        "var": 228.055557251
    },
    "melbands_skewness": {
        "dmean": 0.536671757698,
        "dmean2": 0.816152870655,
        "dvar": 0.394498646259,
        "dvar2": 0.950817108154,
        "max": 10.1185674667,
        "mean": 1.90006697178,
        "median": 1.69338512421,
        "min": -3.00620937347,
        "var": 2.11777925491
    },
    "melbands_spread": {
        "dmean": 1.54908800125,
        "dmean2": 2.36115241051,
        "dvar": 7.14864063263,
        "dvar2": 14.9435806274,
        "max": 151.257980347,
        "mean": 7.47198152542,
        "median": 5.32971382141,
        "min": 0.173782989383,
        "var": 125.108100891
    },
    "pitch_salience": {
        "dmean": 0.066910751164,
        "dmean2": 0.11017806083,
        "dvar": 0.0059416317381,
        "dvar2": 0.0156005043536,
        "max": 0.929078578949,
        "mean": 0.462021440268,
        "median": 0.482954889536,
        "min": 0.0495695061982,
        "var": 0.0204174462706
    },
    "silence_rate_20dB": {
        "dmean": 0,
        "dmean2": 0,
        "dvar": 0,
        "dvar2": 0,
        "max": 1,
        "mean": 1,
        "median": 1,
        "min": 1,
        "var": 0
    },
    "silence_rate_30dB": {
        "dmean": 0.00329964933917,
        "dmean2": 0.00659975269809,
        "dvar": 0.00328911910765,
        "dvar2": 0.00875712465495,
        "max": 1,
        "mean": 0.997250497341,
        "median": 1,
        "min": 0,
        "var": 0.00274201505817
    },
    "silence_rate_60dB": {
        "dmean": 0.0281845051795,
        "dmean2": 0.0563041381538,
        "dvar": 0.0273893140256,
        "dvar2": 0.0639995634556,
        "max": 1,
        "mean": 0.0464668683708,
        "median": 0,
        "min": 0,
        "var": 0.0443121194839
    },
    "spectral_centroid": {
        "dmean": 49.2555999756,
        "dmean2": 74.8493499756,
        "dvar": 13319.3164062,
        "dvar2": 20109.9804688,
        "max": 10920.1240234,
        "mean": 525.979797363,
        "median": 443.933227539,
        "min": 143.320922852,
        "var": 130682.78125
    },
    "spectral_complexity": {
        "dmean": 1.44400906563,
        "dmean2": 2.38972902298,
        "dvar": 2.14994120598,
        "dvar2": 4.80168390274,
        "max": 35,
        "mean": 9.55890846252,
        "median": 9,
        "min": 0,
        "var": 40.64894104
    },
    "spectral_decrease": {
        "dmean": 2.36089969796e-09,
        "dmean2": 3.54874396535e-09,
        "dvar": 8.88277661521e-18,
        "dvar2": 2.07122600856e-17,
        "max": 3.59306512403e-17,
        "mean": -6.94342672247e-09,
        "median": -6.02413496864e-09,
        "min": -5.44644613854e-08,
        "var": 2.74017755784e-17
    },
    "spectral_energy": {
        "dmean": 0.00922296009958,
        "dmean2": 0.0138446390629,
        "dvar": 0.00013527025294,
        "dvar2": 0.000314788892865,
        "max": 0.209242209792,
        "mean": 0.0272480193526,
        "median": 0.0236901789904,
        "min": 1.10281019813e-20,
        "var": 0.000420053838752
    },
    "spectral_energyband_high": {
        "dmean": 7.72086787038e-06,
        "dmean2": 1.15565044325e-05,
        "dvar": 5.67749680602e-10,
        "dvar2": 1.22821086634e-09,
        "max": 0.00175077444874,
        "mean": 3.22829146171e-05,
        "median": 9.41083635553e-06,
        "min": 7.93746198376e-21,
        "var": 3.83090581479e-09
    },
    "spectral_energyband_low": {
        "dmean": 0.00159916409757,
        "dmean2": 0.00258595240302,
        "dvar": 1.79668295459e-05,
        "dvar2": 4.52184031019e-05,
        "max": 0.160091400146,
        "mean": 0.0044317478314,
        "median": 0.0016428277595,
        "min": 4.35037761904e-23,
        "var": 5.35660110472e-05
    },
    "spectral_energyband_middle_high": {
        "dmean": 0.000573319150135,
        "dmean2": 0.000867305789143,
        "dvar": 1.32720253987e-06,
        "dvar2": 2.98365421258e-06,
        "max": 0.0306853335351,
        "mean": 0.00176296068821,
        "median": 0.000823088281322,
        "min": 1.41310468963e-21,
        "var": 6.04196975473e-06
    },
    "spectral_energyband_middle_low": {
        "dmean": 0.00827904883772,
        "dmean2": 0.0124319829047,
        "dvar": 0.000103120903077,
        "dvar2": 0.000241896676016,
        "max": 0.153516873717,
        "mean": 0.0223297402263,
        "median": 0.0187730938196,
        "min": 4.75969135258e-22,
        "var": 0.000288205745164
    },
    "spectral_entropy": {
        "dmean": 0.235605746508,
        "dmean2": 0.381936699152,
        "dvar": 0.105703681707,
        "dvar2": 0.268869668245,
        "max": 9.81913566589,
        "mean": 5.62261199951,
        "median": 5.97741937637,
        "min": 3.23148012161,
        "var": 1.1100757122
    },
    "spectral_flux": {
        "dmean": 0.0299634709954,
        "dmean2": 0.0478266514838,
        "dvar": 0.00123695796356,
        "dvar2": 0.00297824642621,
        "max": 0.294335991144,
        "mean": 0.057631675154,
        "median": 0.044862754643,
        "min": 1.05014767715e-10,
        "var": 0.0017295422731
    },
    "spectral_kurtosis": {
        "dmean": 38.8940467834,
        "dmean2": 66.063583374,
        "dvar": 3871.86767578,
        "dvar2": 11193.9599609,
        "max": 700.158996582,
        "mean": 104.570892334,
        "median": 26.7558059692,
        "min": -1.23194348812,
        "var": 15541.1005859
    },
    "spectral_rms": {
        "dmean": 0.000857734878082,
        "dmean2": 0.00126206618734,
        "dvar": 8.68021629685e-07,
        "dvar2": 1.9993829028e-06,
        "max": 0.0142877129838,
        "mean": 0.00477129314095,
        "median": 0.00480753276497,
        "min": 3.28011034133e-12,
        "var": 3.81823974749e-06
    },
    "spectral_rolloff": {
        "dmean": 77.3763198853,
        "dmean2": 135.491912842,
        "dvar": 70056.5703125,
        "dvar2": 121970.34375,
        "max": 19099.9511719,
        "mean": 679.909729004,
        "median": 473.73046875,
        "min": 129.19921875,
        "var": 2167762
    },
    "spectral_skewness": {
        "dmean": 1.28371179104,
        "dmean2": 2.13279271126,
        "dvar": 2.67278337479,
        "dvar2": 6.94936037064,
        "max": 21.6054210663,
        "mean": 6.68466472626,
        "median": 3.71564745903,
        "min": 0.0340926162899,
        "var": 25.7581367493
    },
    "spectral_spread": {
        "dmean": 326639.5625,
        "dmean2": 566126.25,
        "dvar": 217257934848,
        "dvar2": 440584339456,
        "max": 41847556,
        "mean": 1690340.75,
        "median": 1743838.5,
        "min": 145482.3125,
        "var": 1.24871809434e+12
    },
    "spectral_strongpeak": {
        "dmean": 0.471265792847,
        "dmean2": 0.738503754139,
        "dvar": 0.319320082664,
        "dvar2": 0.719633162022,
        "max": 8.06491279602,
        "mean": 1.31942939758,
        "median": 1.08139312267,
        "min": 0,
        "var": 0.791462898254
    },
    "zerocrossingrate": {
        "dmean": 0.00216801301576,
        "dmean2": 0.00282861408778,
        "dvar": 2.79317846434e-05,
        "dvar2": 3.38472964359e-05,
        "max": 0.52294921875,
        "mean": 0.0252408981323,
        "median": 0.0205078125,
        "min": 0.0048828125,
        "var": 0.00156476255506
    },
    "barkbands": {
        "dmean": [9.44928106037e-05, 0.000456022738945, 0.000799461093266, 0.00118538166862, 0.00242798915133, 0.0030354433693, 0.00181464478374, 0.00118085264694, 0.000885661982466, 0.000167484147823, 0.000294222758384, 0.000107455191028, 8.93282485777e-05, 5.85063098697e-05, 6.58780190861e-05, 3.9947211917e-05, 3.77811302315e-05, 2.16339358303e-05, 1.46775846588e-05, 1.00289043985e-05, 4.15685144617e-06, 2.0920915631e-06, 9.61879663919e-07, 3.98934020041e-07, 1.27831782493e-07, 2.78680030164e-08, 3.82421871947e-09],
        "dmean2": [0.000181558803888, 0.000764586671721, 0.00128606241196, 0.00200408394448, 0.00399017892778, 0.00443311175331, 0.00263477605768, 0.00153159140609, 0.00119275494944, 0.000253150559729, 0.000455225323094, 0.000169146020198, 0.000132867062348, 8.54890240589e-05, 9.42234692047e-05, 5.71065102122e-05, 5.86054266023e-05, 3.23103195115e-05, 2.32004076679e-05, 1.59527153301e-05, 6.36824688627e-06, 3.16988644045e-06, 1.54087956616e-06, 6.52878327401e-07, 2.05087545169e-07, 4.37913953988e-08, 6.26020124628e-09],
        "dvar": [1.26784996723e-07, 1.43356635363e-06, 7.54472785047e-06, 1.0805833881e-05, 2.22041762754e-05, 2.74811191048e-05, 1.33407766043e-05, 6.93660786055e-06, 4.78439642393e-06, 2.45386559072e-07, 5.34727746526e-07, 6.87283616685e-08, 7.16953465485e-08, 2.72610680696e-08, 4.16538910031e-08, 2.83488486019e-08, 1.3116896902e-08, 6.79917677715e-09, 4.08958644726e-09, 1.5243953877e-09, 1.37077155182e-10, 3.7348551335e-11, 7.19886997236e-12, 1.1905216396e-12, 1.21577688238e-13, 6.9613504414e-15, 9.3829300491e-17],
        "dvar2": [3.70495229163e-07, 3.57827434527e-06, 1.85289318324e-05, 3.08185772155e-05, 5.44973372598e-05, 6.48112545605e-05, 2.92670029012e-05, 1.19943988466e-05, 8.70017083798e-06, 5.55860026452e-07, 1.30264129439e-06, 1.56822466124e-07, 1.73669320702e-07, 5.65985835976e-08, 7.54921529733e-08, 5.3147552137e-08, 2.96429760738e-08, 1.36186688593e-08, 8.95407747947e-09, 3.73740904891e-09, 3.17283199713e-10, 7.4467668143e-11, 1.70928653176e-11, 2.91292922942e-12, 2.70249534556e-13, 1.44316287707e-14, 2.14496866386e-16],
        "max": [0.00768235884607, 0.034665454179, 0.120239213109, 0.0642023980618, 0.0829050466418, 0.0851049944758, 0.130840584636, 0.0687337070704, 0.0517176426947, 0.0121441585943, 0.0149679249153, 0.0113833472133, 0.0133840395138, 0.00522473268211, 0.00982520263642, 0.00814206060022, 0.00480837794021, 0.00335496244952, 0.00401662429795, 0.00199516699649, 0.000478819943964, 0.000366194726666, 0.000164253040566, 5.07553777425e-05, 1.60950148711e-05, 6.69010614729e-06, 6.8233401862e-07],
        "mean": [6.59665893181e-05, 0.00110906362534, 0.0020190642681, 0.00226798956282, 0.00475712120533, 0.00697442516685, 0.00371039332822, 0.0025858564768, 0.00188198313117, 0.000331626128173, 0.000484690419398, 0.000191108876606, 0.000208446479519, 0.000146145801409, 0.000175585635589, 9.70841647359e-05, 9.46749423747e-05, 5.6619875977e-05, 4.11504515796e-05, 2.56289094978e-05, 1.20656377476e-05, 6.07635411143e-06, 3.18431739288e-06, 1.37643883136e-06, 4.96558641316e-07, 1.16983358112e-07, 1.19577148183e-08],
        "median": [3.765195288e-06, 0.000679888064042, 0.000249200558756, 0.000249283330049, 0.00197772867978, 0.00367049081251, 0.0011272423435, 0.000486777804326, 0.000314112578053, 6.7132008553e-05, 0.000120251323096, 4.398792953e-05, 4.93070874654e-05, 2.2574167815e-05, 2.48621345236e-05, 9.8539985629e-06, 1.50186006067e-05, 7.46946307117e-06, 4.31984244642e-06, 3.729574928e-06, 2.32824049817e-06, 1.45980948218e-06, 8.03896966772e-07, 3.62500173878e-07, 1.33635381871e-07, 3.86437086775e-08, 4.36050395791e-09],
        "min": [1.5803013856e-23, 2.63166979876e-23, 1.44403307952e-23, 1.14440548503e-23, 8.2383331796e-23, 2.65649509367e-23, 3.18323771493e-23, 1.72337633068e-22, 1.31894501505e-22, 1.16360706944e-22, 9.81502252889e-23, 3.20542174576e-23, 1.29775696845e-22, 1.94185811103e-22, 1.24168675479e-22, 1.38278039681e-22, 1.28032743384e-22, 1.31659988935e-22, 1.41362826608e-22, 2.97261368339e-22, 3.79588078855e-22, 5.46246670711e-22, 7.23935607994e-22, 8.39513499862e-22, 1.3249277614e-21, 1.7030766298e-21, 2.56540030148e-21],
        "var": [7.24130728713e-08, 3.84584245694e-06, 2.19613230001e-05, 2.37405201915e-05, 4.7330315283e-05, 8.12556245364e-05, 4.02587902499e-05, 2.42863534368e-05, 1.53163982759e-05, 5.41448457625e-07, 8.96831693353e-07, 1.86433297245e-07, 2.30269165513e-07, 1.24756567743e-07, 1.97931314005e-07, 1.05750245893e-07, 6.1979207544e-08, 3.07503782437e-08, 2.00082208579e-08, 5.81382719744e-09, 6.72568056803e-10, 1.97207278285e-10, 4.23860807564e-11, 7.39523633303e-12, 8.64426856918e-13, 5.3232192146e-14, 5.50615832005e-16]
    },
    "erbbands": {
        "dmean": [0.0121399052441, 0.113582357764, 0.649218261242, 2.69757199287, 4.73773479462, 9.15463256836, 18.5719509125, 25.882352829, 26.1878128052, 20.5844345093, 30.7980079651, 22.0097446442, 7.91436195374, 4.54029035568, 13.9607086182, 4.5699429512, 3.69521379471, 3.07452964783, 3.03865408897, 2.92970585823, 2.1761302948, 1.67570769787, 1.19661140442, 0.880214035511, 0.68779617548, 0.388447761536, 0.228336244822, 0.106763549149, 0.0883385762572, 0.0420913770795, 0.0234065484256, 0.0122823519632, 0.00500418059528, 0.00195442140102, 0.000650822301395, 0.000188298057765, 4.20494652644e-05, 6.25920256425e-06, 4.50825791631e-06, 1.02716403489e-05],
        "dmean2": [0.020737355575, 0.189240187407, 1.03729569912, 4.49137067795, 8.12705898285, 14.8539018631, 28.6507072449, 36.7712783813, 37.6831092834, 28.9662132263, 39.3799057007, 29.580406189, 11.5513868332, 6.94036817551, 21.6429195404, 6.75496864319, 5.52756118774, 4.48187494278, 4.43203258514, 4.07885694504, 3.15848135948, 2.57473921776, 1.82319772243, 1.36716008186, 1.07592141628, 0.614893913269, 0.350433260202, 0.163830921054, 0.133720472455, 0.0662492141128, 0.0372629277408, 0.0199581049383, 0.00828233268112, 0.00318259303458, 0.00104142841883, 0.000302047323203, 6.60186997266e-05, 9.89223917713e-06, 6.7081286943e-06, 1.53863184096e-05],
        "dvar": [0.0013500682544, 0.0850318819284, 4.64727306366, 50.9771270752, 156.12437439, 431.827819824, 1678.25, 2507.50585938, 2485.69238281, 1971.77905273, 4846.12011719, 2933.89746094, 483.10760498, 103.383346558, 1378.74328613, 118.085800171, 156.512023926, 74.5916137695, 83.6918258667, 118.909713745, 61.1715049744, 31.613079071, 19.350107193, 11.4529867172, 9.77100658417, 2.13095450401, 0.577627897263, 0.0962304249406, 0.0709370076656, 0.0156836025417, 0.00414017448202, 0.00111892761197, 0.000178101850906, 2.72016350209e-05, 3.43259580404e-06, 3.13955439424e-07, 1.68600280404e-08, 3.42340128467e-10, 3.32258907887e-11, 1.67717853494e-10],
        "dvar2": [0.00348490476608, 0.209395766258, 10.803645134, 141.318603516, 479.009216309, 1052.16064453, 4044.03320312, 5559.71240234, 5431.72070312, 4119.03271484, 8064.34277344, 5479.08691406, 1066.67382812, 214.406387329, 3394.97045898, 238.661209106, 391.53302002, 159.440994263, 180.899765015, 195.262268066, 117.333053589, 69.2765350342, 40.7151603699, 24.2749996185, 21.7113876343, 5.05448102951, 1.32817685604, 0.223429813981, 0.139862716198, 0.0361071377993, 0.00996270217001, 0.00276452791877, 0.0004499804636, 6.13816519035e-05, 7.44629642213e-06, 6.93581171163e-07, 3.58799141509e-08, 7.43446082474e-10, 7.48273248918e-11, 3.88972298815e-10],
        "max": [0.779208004475, 11.0384044647, 114.966239929, 135.780303955, 180.336700439, 370.046508789, 937.436279297, 1050.57727051, 1137.6348877, 1565.48840332, 2026.54516602, 1499.02539062, 584.950439453, 309.962341309, 723.725158691, 527.111816406, 704.320129395, 317.808685303, 337.402862549, 702.793640137, 376.26385498, 233.038848877, 184.313964844, 188.970626831, 191.997665405, 86.3460159302, 55.2326583862, 15.6191520691, 14.1429824829, 9.03653526306, 3.21425676346, 1.77093935013, 0.477404803038, 0.259934216738, 0.102554291487, 0.0414347872138, 0.00896669086069, 0.00143624132033, 0.000133439942147, 0.000228780627367],
        "mean": [0.0264556221664, 0.291786670685, 1.77273476124, 5.88590240479, 8.69013690948, 17.5678424835, 37.7865867615, 62.140827179, 55.0903244019, 44.340511322, 69.6436538696, 49.6220245361, 16.9407482147, 10.1269044876, 21.766046524, 10.0395374298, 8.97116184235, 8.40955734253, 8.44409751892, 8.15852355957, 5.88371992111, 4.62937688828, 3.3577311039, 2.53876543045, 1.94216454029, 1.11497020721, 0.666369318962, 0.332750320435, 0.24588444829, 0.13922958076, 0.0784441530704, 0.0409448109567, 0.0171169936657, 0.00732803577557, 0.00256196362898, 0.000756087771151, 0.000182435513125, 2.71280514426e-05, 1.48859189721e-05, 3.06402980641e-05],
        "median": [0.0115400850773, 0.17793366313, 0.338051438332, 1.1168435812, 1.78601741791, 5.57567691803, 15.0536670685, 23.1191616058, 24.7053947449, 14.4387302399, 13.5687255859, 11.758354187, 4.97895765305, 3.00756597519, 5.0586309433, 2.78322792053, 2.29806089401, 2.00338101387, 1.39953804016, 1.16966307163, 0.8837672472, 0.773047268391, 0.518858075142, 0.38212159276, 0.25484585762, 0.185794621706, 0.12344955653, 0.07388715446, 0.0579748302698, 0.0375983901322, 0.0190660730004, 0.0106040816754, 0.00412590708584, 0.00193130946718, 0.000735911307856, 0.00025569513673, 6.4191648562e-05, 1.02055273601e-05, 1.3213204511e-05, 2.68520379905e-05],
        "min": [1.21109026077e-21, 4.72038936827e-21, 1.43189713859e-20, 2.36571748797e-20, 2.12709210175e-19, 2.24763739091e-19, 1.90274352978e-19, 3.22067320991e-19, 4.53364200357e-19, 1.74319732097e-18, 3.9460175493e-18, 2.84643829602e-18, 2.9403720992e-18, 3.64583122346e-18, 3.16597154921e-18, 1.72276409868e-18, 6.01930315486e-18, 8.26455506028e-18, 7.70277782881e-18, 6.47262584109e-18, 8.73836825105e-18, 7.21859013879e-18, 7.45580072305e-18, 9.0110177343e-18, 8.01662669682e-18, 1.37995216326e-17, 1.18669282823e-17, 1.70840672479e-17, 1.70572583242e-17, 2.36627868608e-17, 1.67012430973e-17, 1.85533236499e-17, 1.53882758546e-17, 1.56240885036e-17, 8.48699633471e-18, 7.63973922151e-18, 2.6947323377e-18, 1.30102564978e-18, 3.40144758742e-19, 3.85927221706e-20],
        "var": [0.00208092224784, 0.264701396227, 15.865193367, 126.38571167, 271.788299561, 887.834350586, 4152.55859375, 8861.26953125, 6358.109375, 6271.77734375, 17311.9394531, 9253.48632812, 1107.2401123, 427.568023682, 1994.57592773, 450.410247803, 467.92779541, 350.956207275, 351.286956787, 604.702270508, 302.481323242, 166.998886108, 94.0400238037, 58.1512451172, 48.5528678894, 10.2355833054, 2.45799732208, 0.499154925346, 0.329880475998, 0.0915324017406, 0.0253529492766, 0.00680086063221, 0.00102099997457, 0.000186386852874, 2.43656450039e-05, 2.02041633202e-06, 1.41205688919e-07, 2.54943199884e-09, 1.2956587192e-10, 5.28123822452e-10]
    },
    "gfcc": {
        "mean": [-158.503173828, 192.784225464, -103.347991943, -20.1749191284, -55.7107467651, -19.9778423309, -32.9172363281, -12.343665123, -12.0249099731, -5.39939785004, -1.20675981045, -7.44559049606, -1.07162868977],
        "cov": [[20886.2734375, -2847.10961914, -4172.90332031, 5514.26953125, -451.230804443, 1417.76330566, 337.511352539, 1274.76550293, 564.278808594, 307.006500244, -487.895874023, -376.884307861, -535.342712402], [-2847.10961914, 2088.59838867, 1176.5534668, -1448.91662598, 316.740112305, -452.899993896, -3.39347314835, -334.509307861, -156.241470337, -266.015350342, 28.0815658569, -97.952835083, 112.946624756], [-4172.90332031, 1176.5534668, 1499.20751953, -1132.0291748, 151.369598389, -258.998016357, -30.9211444855, -274.837524414, -118.784553528, -214.094467163, -57.2057647705, -81.268699646, 43.1872291565], [5514.26953125, -1448.91662598, -1132.0291748, 2155.0065918, -84.4865722656, 569.695800781, 120.930252075, 419.807342529, 171.660461426, 58.565826416, -261.418914795, -153.724121094, -213.197601318], [-451.230804443, 316.740112305, 151.369598389, -84.4865722656, 293.674224854, -19.4883823395, 3.30376648903, -35.2896347046, -56.3118858337, -100.865142822, -40.9359931946, -48.3449020386, 5.99421977997], [1417.76330566, -452.899993896, -258.998016357, 569.695800781, -19.4883823395, 350.623291016, 84.5021362305, 162.831558228, 62.6439285278, -32.106048584, -126.040840149, -40.0081710815, -90.0103302002], [337.511352539, -3.39347314835, -30.9211444855, 120.930252075, 3.30376648903, 84.5021362305, 157.851715088, 95.228843689, -6.36249065399, -38.7494621277, -61.6782417297, -63.1359100342, -39.9660835266], [1274.76550293, -334.509307861, -274.837524414, 419.807342529, -35.2896347046, 162.831558228, 95.228843689, 296.819091797, 152.548095703, -11.2988500595, -124.928825378, -101.541702271, -129.507003784], [564.278808594, -156.241470337, -118.784553528, 171.660461426, -56.3118858337, 62.6439285278, -6.36249065399, 152.548095703, 258.488800049, 93.6729431152, -70.9779968262, -64.2558288574, -116.629295349], [307.006500244, -266.015350342, -214.094467163, 58.565826416, -100.865142822, -32.106048584, -38.7494621277, -11.2988500595, 93.6729431152, 316.85736084, 187.274551392, 71.8710403442, -4.60030126572], [-487.895874023, 28.0815658569, -57.2057647705, -261.418914795, -40.9359931946, -126.040840149, -61.6782417297, -124.928825378, -70.9779968262, 187.274551392, 355.823242188, 221.562973022, 105.89994812], [-376.884307861, -97.952835083, -81.268699646, -153.724121094, -48.3449020386, -40.0081710815, -63.1359100342, -101.541702271, -64.2558288574, 71.8710403442, 221.562973022, 269.84475708, 144.796112061], [-535.342712402, 112.946624756, 43.1872291565, -213.197601318, 5.99421977997, -90.0103302002, -39.9660835266, -129.507003784, -116.629295349, -4.60030126572, 105.89994812, 144.796112061, 201.286621094]],
        "icov": [[0.000737605965696, -0.00182522332761, 0.0015331262257, -0.0018132252153, 0.00145186297596, -0.000957138836384, 0.00130804500077, -0.00135404337198, 0.00104983709753, -0.000908084330149, 0.000444833916845, -0.000270575052127, 0.000201885559363], [-0.00182522332761, 0.00649011135101, -0.00419686920941, 0.00507635483518, -0.00464039621875, 0.00310051394626, -0.00471804663539, 0.00490341940895, -0.0044873720035, 0.00430347304791, -0.00296337576583, 0.0027861862909, -0.00142308790237], [0.0015331262257, -0.00419686920941, 0.00479162065312, -0.00315683451481, 0.00309297582135, -0.00239440565929, 0.00267332722433, -0.00185900030192, 0.0020761443302, -0.00149385689292, 0.00130927935243, -0.000289179210085, 0.000920666730963], [-0.0018132252153, 0.00507635483518, -0.00315683451481, 0.0060191755183, -0.00393863255158, 0.00113580841571, -0.00315007171594, 0.0032655140385, -0.00254202634096, 0.00233142776415, -0.0010244352743, 0.00168552726973, -0.000610624148976], [0.00145186297596, -0.00464039621875, 0.00309297582135, -0.00393863255158, 0.00757443392649, -0.00255696941167, 0.00365414842963, -0.00307137821801, 0.00303722545505, -0.00124974711798, 0.000578248931561, 8.92834359547e-05, 0.000373167335056], [-0.000957138836384, 0.00310051394626, -0.00239440565929, 0.00113580841571, -0.00255696941167, 0.00844264216721, -0.00445028254762, 0.00158599356655, -0.0015137293376, 0.00145507580601, 0.00164160854183, -0.00305802794173, 0.00191195693333], [0.00130804500077, -0.00471804663539, 0.00267332722433, -0.00315007171594, 0.00365414842963, -0.00445028254762, 0.0138503406197, -0.00823976751417, 0.00670265685767, -0.00376636325382, 0.00164281821344, 0.000394376867916, 0.000215517080505], [-0.00135404337198, 0.00490341940895, -0.00185900030192, 0.0032655140385, -0.00307137821801, 0.00158599356655, -0.00823976751417, 0.014539770782, -0.00930988881737, 0.0064311940223, -0.0036678602919, 0.00333358114585, 0.000308795104502], [0.00104983709753, -0.0044873720035, 0.0020761443302, -0.00254202634096, 0.00303722545505, -0.0015137293376, 0.00670265685767, -0.00930988881737, 0.0143962567672, -0.00904037803411, 0.00769932381809, -0.00575237488374, 0.00496786925942], [-0.000908084330149, 0.00430347304791, -0.00149385689292, 0.00233142776415, -0.00124974711798, 0.00145507580601, -0.00376636325382, 0.0064311940223, -0.00904037803411, 0.0128683997318, -0.0102485669777, 0.00684638088569, -0.00243925233372], [0.000444833916845, -0.00296337576583, 0.00130927935243, -0.0010244352743, 0.000578248931561, 0.00164160854183, 0.00164281821344, -0.0036678602919, 0.00769932381809, -0.0102485669777, 0.0160271115601, -0.0125733371824, 0.00500256754458], [-0.000270575052127, 0.0027861862909, -0.000289179210085, 0.00168552726973, 8.92834359547e-05, -0.00305802794173, 0.000394376867916, 0.00333358114585, -0.00575237488374, 0.00684638088569, -0.0125733371824, 0.0182135775685, -0.0092462496832], [0.000201885559363, -0.00142308790237, 0.000920666730963, -0.000610624148976, 0.000373167335056, 0.00191195693333, 0.000215517080505, 0.000308795104502, 0.00496786925942, -0.00243925233372, 0.00500256754458, -0.0092462496832, 0.0133866677061]]
    },
    "melbands": {
        "dmean": [0.000118658186693, 0.000267931143753, 0.000516390427947, 0.000458192429505, 0.000601528736297, 0.000574806588702, 0.000415862508817, 0.000212153609027, 0.000247724005021, 0.000135834576213, 3.63242652384e-05, 1.70580915437e-05, 3.99743148591e-05, 2.10144808079e-05, 7.64371088735e-06, 9.33553201321e-06, 5.85157795285e-06, 5.279195193e-06, 4.61678564534e-06, 3.41336249221e-06, 2.66619917966e-06, 2.06353979593e-06, 1.42770466027e-06, 1.13400949431e-06, 7.55992232371e-07, 5.75136709813e-07, 5.51411574179e-07, 2.11301326658e-07, 1.67323534583e-07, 1.11715259266e-07, 5.53932792968e-08, 5.94576157198e-08, 3.69287498359e-08, 2.51804408435e-08, 1.6602886177e-08, 1.12762466031e-08, 7.69881580709e-09, 4.29053725881e-09, 2.55988630293e-09, 1.70735758864e-09],
        "dmean2": [0.000199829446501, 0.000431579392171, 0.000871894822922, 0.000760643568356, 0.000934237090405, 0.000821491645183, 0.000599909748416, 0.000295163947158, 0.000318189093377, 0.000183277006727, 5.39117063454e-05, 2.61153199972e-05, 6.24428284937e-05, 3.19220307574e-05, 1.14407948786e-05, 1.36473954626e-05, 8.57732629811e-06, 7.71163286117e-06, 6.5200752033e-06, 4.90335651193e-06, 3.9692304199e-06, 3.1697788927e-06, 2.25218900596e-06, 1.73908961187e-06, 1.18069408472e-06, 9.10021583422e-07, 8.80972208961e-07, 3.30595781861e-07, 2.59579792328e-07, 1.70139287547e-07, 8.65264695449e-08, 9.0944311637e-08, 5.67065754353e-08, 3.99960349284e-08, 2.65761794793e-08, 1.82878725496e-08, 1.2639713276e-08, 7.13097003668e-09, 4.23792734239e-09, 2.82154366538e-09],
        "dvar": [1.09523924152e-07, 7.11558243438e-07, 1.6892805661e-06, 9.63374191087e-07, 1.50204198235e-06, 1.14109309379e-06, 6.1615071445e-07, 2.01484212425e-07, 3.19306508345e-07, 1.27292935304e-07, 1.10166187284e-08, 1.69125102811e-09, 1.06439959069e-08, 2.56356913475e-09, 3.80079884232e-10, 1.03768460491e-09, 2.9373167787e-10, 2.59730320584e-10, 2.15117437752e-10, 2.21539619982e-10, 8.03125482784e-11, 4.38444662521e-11, 2.70150759402e-11, 2.4792615877e-11, 8.59510813217e-12, 6.57934731002e-12, 5.65144805953e-12, 6.08776321454e-13, 3.47694935994e-13, 1.08152609047e-13, 2.7765123371e-14, 3.50414413198e-14, 1.52368962174e-14, 5.43275285666e-15, 2.30475505014e-15, 9.82704543757e-16, 4.77829549694e-16, 1.36377836692e-16, 4.81131489263e-17, 2.00100515743e-17],
        "dvar2": [2.78710444945e-07, 1.67218024671e-06, 4.83459007228e-06, 2.4801595373e-06, 3.57386147698e-06, 2.56194084614e-06, 1.35316611249e-06, 4.15161707679e-07, 5.383724897e-07, 2.37580479734e-07, 2.46923370639e-08, 3.45856032702e-09, 2.64246029502e-08, 6.11065731349e-09, 7.0691424936e-10, 2.51666398832e-09, 6.26984852925e-10, 5.5488280637e-10, 3.69720531967e-10, 3.98465982432e-10, 1.5776067952e-10, 9.39652036736e-11, 6.61173338301e-11, 4.97067109695e-11, 1.90549884899e-11, 1.49514393921e-11, 1.34913200403e-11, 1.41835458309e-12, 7.99901974085e-13, 2.34220493478e-13, 6.66328090252e-14, 7.06810437544e-14, 3.38726171677e-14, 1.31940187671e-14, 5.68659465491e-15, 2.40239634962e-15, 1.19851562146e-15, 3.49590455546e-16, 1.21928010477e-16, 4.59169844e-17],
        "max": [0.00739288702607, 0.0446533374488, 0.0252260901034, 0.0169200263917, 0.0266362726688, 0.0203246362507, 0.0213136076927, 0.013978920877, 0.016308972612, 0.0101340292022, 0.0031054103747, 0.00130818330217, 0.00202701264061, 0.00105723564047, 0.0012278255308, 0.00160024000797, 0.000664446153678, 0.000569431111217, 0.000736999965739, 0.000739126699045, 0.000396013638237, 0.000254129379755, 0.000196523076738, 0.000243662594585, 0.000159355025971, 0.000142867473187, 0.000112463982077, 5.60398075322e-05, 4.66522906208e-05, 1.40541415021e-05, 7.39953929951e-06, 8.59380179463e-06, 8.48374475027e-06, 4.34746061728e-06, 2.18885315917e-06, 1.49423749463e-06, 1.12177690426e-06, 3.70096415736e-07, 2.07302946365e-07, 2.40324794731e-07],
        "mean": [0.000277300743619, 0.000755458080675, 0.00108411186375, 0.000879265367985, 0.00122776918579, 0.00135548936669, 0.000869559706189, 0.000461240997538, 0.000545426853932, 0.000294911529636, 7.39609095035e-05, 3.64450534107e-05, 6.29279966233e-05, 3.78889708372e-05, 1.82515668712e-05, 2.13701096072e-05, 1.46374222822e-05, 1.3347699678e-05, 1.22558085422e-05, 8.81019514054e-06, 6.56324300508e-06, 5.10990639668e-06, 3.51071867044e-06, 2.78212564808e-06, 1.96510109163e-06, 1.49085144585e-06, 1.30376440666e-06, 5.79761092467e-07, 4.45925138592e-07, 2.95048124599e-07, 1.5344757287e-07, 1.47558097296e-07, 1.00910888534e-07, 7.10653935698e-08, 4.81190838286e-08, 3.1793142341e-08, 2.24974670004e-08, 1.26780443921e-08, 7.82627029849e-09, 5.65073454695e-09],
        "median": [0.000165087971254, 0.000213875769987, 0.000220995716518, 0.000209632096812, 0.000579229556024, 0.000559757405426, 0.000358255754691, 0.00015718760551, 8.34225938888e-05, 5.57603525522e-05, 1.97098797798e-05, 7.61095634516e-06, 1.47566970554e-05, 1.15978946269e-05, 3.70133125216e-06, 4.84973224957e-06, 2.72963097814e-06, 1.86972818028e-06, 1.65124356499e-06, 9.23105062611e-07, 7.72486487222e-07, 7.78460275797e-07, 3.99179526767e-07, 3.61898003121e-07, 2.26558967142e-07, 1.2734591337e-07, 1.4612528787e-07, 8.65383498194e-08, 7.32203417897e-08, 4.20445509519e-08, 2.93021180653e-08, 2.56920706931e-08, 1.9459289291e-08, 1.59619091278e-08, 8.53184012328e-09, 6.81458889318e-09, 4.52128734452e-09, 2.4345876426e-09, 1.67617275615e-09, 1.26170984771e-09],
        "min": [9.183167663e-24, 6.44717203505e-24, 9.83698583644e-24, 1.67970716822e-23, 7.88797244146e-24, 6.49902662336e-24, 6.33201372567e-24, 2.42712763237e-23, 3.49627129053e-23, 1.51153922039e-23, 1.51964571283e-23, 1.57828474158e-23, 1.29186891065e-23, 4.53338640708e-24, 9.54327241104e-24, 1.14172611896e-23, 1.71748224598e-23, 1.40619236853e-23, 7.86616832604e-24, 7.85390863871e-24, 1.17115299731e-23, 7.43023826779e-24, 7.39578319003e-24, 5.85181713215e-24, 7.87985979591e-24, 3.53613290539e-24, 1.04508332167e-23, 8.50851251761e-24, 6.34025850542e-24, 8.40284065505e-24, 1.04209448547e-23, 7.12078470075e-24, 1.55880445262e-23, 1.15996647636e-23, 7.01233525894e-24, 1.52703544624e-23, 9.45551715736e-24, 9.31872630982e-24, 1.45561971072e-23, 1.28381732293e-23],
        "var": [2.11664385574e-07, 2.40708800447e-06, 3.79644279747e-06, 2.00123258765e-06, 3.66217523151e-06, 3.77117203243e-06, 1.67862708622e-06, 6.33396041394e-07, 1.1164792113e-06, 3.92808544802e-07, 2.38225599247e-08, 6.84961820596e-09, 1.59772035602e-08, 4.93496088438e-09, 1.79601300498e-09, 2.94079027796e-09, 1.25150467767e-09, 9.99555438419e-10, 1.04682673641e-09, 8.5422457996e-10, 3.78210129881e-10, 2.15054585251e-10, 9.92956203372e-11, 9.54495094074e-11, 3.74886753585e-11, 3.01076698295e-11, 2.20799750011e-11, 2.81302238447e-12, 1.3250560588e-12, 4.99471883124e-13, 1.15344596396e-13, 1.35749931803e-13, 7.22980228744e-14, 2.44598280161e-14, 1.150071012e-14, 4.64892296683e-15, 2.52684073616e-15, 6.41167730413e-16, 2.32889538326e-16, 1.21633917991e-16]
    },
    "mfcc": {
        "mean": [-786.038513184, 202.576950073, 17.0991001129, 6.23236608505, -12.3148078918, -6.50339031219, -13.7756662369, -10.9819507599, -11.4048223495, -4.20501804352, -4.5428185463, 0.535085141659, 2.18036770821],
        "cov": [[14686.8876953, -774.747924805, -3812.68652344, 2180.1027832, 751.141662598, 635.143615723, 56.6756973267, 988.223327637, 757.768493652, 1014.31518555, 648.107971191, 242.618026733, -170.022064209], [-774.747924805, 1140.01733398, 456.159332275, -287.468994141, 11.9708557129, -36.9878578186, 10.7233600616, -88.0745544434, -37.9256362915, -81.971496582, -111.908348083, -69.5591506958, 4.41433143616], [-3812.68652344, 456.159332275, 1482.36132812, -477.619750977, -239.536468506, -146.926498413, 29.8910827637, -202.237533569, -134.026443481, -240.313873291, -167.65625, -104.970275879, -42.4141960144], [2180.1027832, -287.468994141, -477.619750977, 637.011230469, 203.754058838, 133.052978516, 46.5425224304, 218.34211731, 177.035140991, 196.203887939, 112.445625305, 1.90391492844, -112.676498413], [751.141662598, 11.9708557129, -239.536468506, 203.754058838, 275.381774902, 115.100898743, 1.95823895931, 80.4196853638, 74.3447265625, 49.6046180725, 7.04123544693, -9.34332752228, -43.8951187134], [635.143615723, -36.9878578186, -146.926498413, 133.052978516, 115.100898743, 184.394302368, 64.8322219849, 45.3068313599, 36.1670532227, 21.9342288971, -4.75235271454, -11.996260643, -23.5130939484], [56.6756973267, 10.7233600616, 29.8910827637, 46.5425224304, 1.95823895931, 64.8322219849, 177.940170288, 84.9434432983, -13.3710250854, -19.0250606537, -35.0561141968, -56.8331413269, -41.9798164368], [988.223327637, -88.0745544434, -202.237533569, 218.34211731, 80.4196853638, 45.3068313599, 84.9434432983, 326.250701904, 189.31930542, 86.893737793, 48.7027664185, -45.3572311401, -135.881851196], [757.768493652, -37.9256362915, -134.026443481, 177.035140991, 74.3447265625, 36.1670532227, -13.3710250854, 189.31930542, 287.422943115, 180.221984863, 70.0101623535, -13.2101325989, -125.306022644], [1014.31518555, -81.971496582, -240.313873291, 196.203887939, 49.6046180725, 21.9342288971, -19.0250606537, 86.893737793, 180.221984863, 282.981842041, 139.553665161, 20.3900775909, -59.0562171936], [648.107971191, -111.908348083, -167.65625, 112.445625305, 7.04123544693, -4.75235271454, -35.0561141968, 48.7027664185, 70.0101623535, 139.553665161, 198.610595703, 103.536994934, -2.9521856308], [242.618026733, -69.5591506958, -104.970275879, 1.90391492844, -9.34332752228, -11.996260643, -56.8331413269, -45.3572311401, -13.2101325989, 20.3900775909, 103.536994934, 207.332275391, 137.276107788], [-170.022064209, 4.41433143616, -42.4141960144, -112.676498413, -43.8951187134, -23.5130939484, -41.9798164368, -135.881851196, -125.306022644, -59.0562171936, -2.9521856308, 137.276107788, 272.839477539]],
