{
"lowlevel": {
    "average_loudness": 0.930484592915,
    "barkbands_crest": {
        "dmean": 2.49240875244,
        "dmean2": 4.16514539719,
        "dvar": 5.39941358566,
        "dvar2": 15.2439699173,
        "max": 22.3069343567,
        "mean": 10.0758609772,
        "median": 9.68381881714,
        "min": 2.79452872276,
        "var": 11.4025793076
    },
    "barkbands_flatness_db": {
        "dmean": 0.031750947237,
        "dmean2": 0.0504541732371,
        "dvar": 0.00128220079932,
        "dvar2": 0.00322919921018,
        "max": 0.695524632931,
        "mean": 0.193549230695,
        "median": 0.17030736804,
        "min": 0.0324643217027,
        "var": 0.0105742476881
    },
    "barkbands_kurtosis": {
        "dmean": 4.23469114304,
        "dmean2": 6.81378889084,
        "dvar": 40.0784225464,
        "dvar2": 100.718200684,
        "max": 235.775726318,
        "mean": 7.1435546875,
        "median": 4.61125850677,
        "min": -1.91900455952,
        "var": 133.58883667
    },
    "barkbands_skewness": {
        "dmean": 0.689154863358,
        "dmean2": 1.09638237953,
        "dvar": 0.514709472656,
        "dvar2": 1.44017875195,
        "max": 11.1161661148,
        "mean": 2.06386446953,
        "median": 2.00417280197,
        "min": -2.26098299026,
        "var": 1.77316606045
    },
    "barkbands_spread": {
        "dmean": 8.73528862,
        "dmean2": 13.5698337555,
        "dvar": 152.515563965,
        "dvar2": 377.340881348,
        "max": 103.841644287,
        "mean": 26.3060531616,
        "median": 15.9841489792,
        "min": 0.225735858083,
        "var": 538.739746094
    },
    "dissonance": {
        "dmean": 0.0279301851988,
        "dmean2": 0.0449490845203,
        "dvar": 0.000880241626874,
        "dvar2": 0.00227435538545,
        "max": 0.499971449375,
        "mean": 0.427484512329,
        "median": 0.443266570568,
        "min": 0.134799033403,
        "var": 0.00310353841633
    },
    "dynamic_complexity": 3.01822566986,
    "erbbands_crest": {
        "dmean": 2.27381849289,
        "dmean2": 3.4266872406,
        "dvar": 5.9254322052,
        "dvar2": 12.5848245621,
        "max": 31.9246387482,
        "mean": 9.0326166153,
        "median": 7.60319900513,
        "min": 2.68287467957,
        "var": 21.2085609436
    },
    "erbbands_flatness_db": {
        "dmean": 0.0159580148757,
        "dmean2": 0.0229808036238,
        "dvar": 0.00039915877278,
        "dvar2": 0.0007690191851,
        "max": 0.472780674696,
        "mean": 0.152856066823,
        "median": 0.135451793671,
        "min": 0.0534533821046,
        "var": 0.00429735844955
    },
    "erbbands_kurtosis": {
        "dmean": 1.08265161514,
        "dmean2": 1.64193403721,
        "dvar": 5.60418891907,
        "dvar2": 11.6730337143,
        "max": 141.680480957,
        "mean": 0.728201925755,
        "median": -0.117621541023,
        "min": -1.89467406273,
        "var": 19.3192996979
    },
    "erbbands_skewness": {
        "dmean": 0.391446501017,
        "dmean2": 0.567478775978,
        "dvar": 0.184444010258,
        "dvar2": 0.417324900627,
        "max": 9.19315910339,
        "mean": 0.322951972485,
        "median": 0.438650667667,
        "min": -3.66634893417,
        "var": 0.916813313961
    },
    "erbbands_spread": {
        "dmean": 12.3993377686,
        "dmean2": 18.0773544312,
        "dvar": 197.486785889,
        "dvar2": 430.383636475,
        "max": 151.39730835,
        "mean": 55.334148407,
        "median": 51.5687942505,
        "min": 1.11139750481,
        "var": 819.05255127
    },
    "hfc": {
        "dmean": 13.4946680069,
        "dmean2": 19.0216598511,
        "dvar": 671.471069336,
        "dvar2": 1367.72229004,
        "max": 228.181411743,
        "mean": 29.3712024689,
        "median": 10.6347408295,
        "min": 1.24613793134e-16,
        "var": 1596.62927246
    },
    "melbands_crest": {
        "dmean": 3.1966881752,
        "dmean2": 5.35704517365,
        "dvar": 8.7585849762,
        "dvar2": 25.369644165,
        "max": 30.732963562,
        "mean": 15.2160110474,
        "median": 15.0068330765,
        "min": 1.53939223289,
        "var": 21.3521785736
    },
    "melbands_flatness_db": {
        "dmean": 0.037240434438,
        "dmean2": 0.0584566108882,
        "dvar": 0.00162320618983,
        "dvar2": 0.0041761114262,
        "max": 0.849695026875,
        "mean": 0.263730674982,
        "median": 0.242356240749,
        "min": 0.00287243933417,
        "var": 0.0150548433885
    },
    "melbands_kurtosis": {
        "dmean": 13.61561203,
        "dmean2": 22.564666748,
        "dvar": 449.182769775,
        "dvar2": 1217.9239502,
        "max": 467.268676758,
        "mean": 25.4731731415,
        "median": 15.8108177185,
        "min": -1.74657583237,
        "var": 1178.22265625
    },
    "melbands_skewness": {
        "dmean": 1.06458961964,
        "dmean2": 1.71292340755,
        "dvar": 1.52268743515,
        "dvar2": 4.21875524521,
        "max": 17.2480182648,
        "mean": 3.75488829613,
        "median": 3.40358805656,
        "min": -1.14325773716,
        "var": 4.34850215912
    },
    "melbands_spread": {
        "dmean": 8.82741737366,
        "dmean2": 14.1172485352,
        "dvar": 181.64541626,
        "dvar2": 473.825256348,
        "max": 177.126785278,
        "mean": 21.323097229,
        "median": 12.9565887451,
        "min": 0.288415282965,
        "var": 508.855651855
    },
    "pitch_salience": {
        "dmean": 0.0718349590898,
        "dmean2": 0.120170250535,
        "dvar": 0.00509373983368,
        "dvar2": 0.0150768784806,
        "max": 0.917668104172,
        "mean": 0.48664906621,
        "median": 0.487842619419,
        "min": 0.068322956562,
        "var": 0.0123518947512
    },
    "silence_rate_20dB": {
        "dmean": 0,
        "dmean2": 0,
        "dvar": 0,
        "dvar2": 0,
        "max": 1,
        "mean": 1,
        "median": 1,
        "min": 1,
        "var": 0
    },
    "silence_rate_30dB": {
        "dmean": 0.0528107732534,
        "dmean2": 0.10562954098,
        "dvar": 0.0500239506364,
        "dvar2": 0.105812907219,
        "max": 1,
        "mean": 0.940913915634,
        "median": 1,
        "min": 0,
        "var": 0.0555880628526
    },
    "silence_rate_60dB": {
        "dmean": 0.00453960802406,
        "dmean2": 0.00907990336418,
        "dvar": 0.00451841996983,
        "dvar2": 0.0100580025464,
        "max": 1,
        "mean": 0.0419125445187,
        "median": 0,
        "min": 0,
        "var": 0.0401542149484
    },
    "spectral_centroid": {
        "dmean": 336.294555664,
        "dmean2": 522.032714844,
        "dvar": 201272.421875,
        "dvar2": 490064.625,
        "max": 11101.5058594,
        "mean": 1232.63439941,
        "median": 860.020690918,
        "min": 94.8187332153,
        "var": 809744.125
    },
    "spectral_complexity": {
        "dmean": 3.19543004036,
        "dmean2": 4.82975196838,
        "dvar": 21.0053768158,
        "dvar2": 44.1081504822,
        "max": 45,
        "mean": 13.0734605789,
        "median": 11,
        "min": 0,
        "var": 62.4270515442
    },
    "spectral_decrease": {
        "dmean": 4.79324802072e-09,
        "dmean2": 8.45535641503e-09,
        "dvar": 1.29051464919e-16,
        "dvar2": 3.64568062696e-16,
        "max": 4.20593051906e-18,
        "mean": -7.56974127825e-09,
        "median": -4.75709027725e-09,
        "min": -1.17420739798e-07,
        "var": 1.13943613218e-16
    },
    "spectral_energy": {
        "dmean": 0.0190301928669,
        "dmean2": 0.0331304781139,
        "dvar": 0.0019643267151,
        "dvar2": 0.00548718590289,
        "max": 0.455576777458,
        "mean": 0.0312340855598,
        "median": 0.0197588950396,
        "min": 1.10130398625e-20,
        "var": 0.00182728515938
    },
    "spectral_energyband_high": {
        "dmean": 0.00147415522952,
        "dmean2": 0.00207767426036,
        "dvar": 8.13442602521e-06,
        "dvar2": 1.6372614482e-05,
        "max": 0.0244949124753,
        "mean": 0.00287950155325,
        "median": 0.000436095404439,
        "min": 7.87925237932e-21,
        "var": 2.12641716644e-05
    },
    "spectral_energyband_low": {
        "dmean": 0.0123463030905,
        "dmean2": 0.0219311658293,
        "dvar": 0.00129986542743,
        "dvar2": 0.00374729465693,
        "max": 0.414425849915,
        "mean": 0.0151032321155,
        "median": 0.00637328857556,
        "min": 8.01268235756e-23,
        "var": 0.0011265600333
    },
    "spectral_energyband_middle_high": {
        "dmean": 0.000829653232358,
        "dmean2": 0.00114560720976,
        "dvar": 1.57984129601e-06,
        "dvar2": 3.49929950971e-06,
        "max": 0.020109931007,
        "mean": 0.0023753978312,
        "median": 0.0015654967865,
        "min": 1.50388513653e-21,
        "var": 5.88187822359e-06
    },
    "spectral_energyband_middle_low": {
        "dmean": 0.00835262704641,
        "dmean2": 0.0149031262845,
        "dvar": 0.00053461373318,
        "dvar2": 0.00151441362686,
        "max": 0.247394859791,
        "mean": 0.0133568206802,
        "median": 0.00960867106915,
        "min": 3.82233703761e-22,
        "var": 0.000369544024579
    },
    "spectral_entropy": {
        "dmean": 0.267490416765,
        "dmean2": 0.384341061115,
        "dvar": 0.137570723891,
        "dvar2": 0.294177681208,
        "max": 9.79096698761,
        "mean": 7.15115261078,
        "median": 7.35143995285,
        "min": 3.135658741,
        "var": 1.12042510509
    },
    "spectral_flux": {
        "dmean": 0.0365096963942,
        "dmean2": 0.0574018061161,
        "dvar": 0.00380130019039,
        "dvar2": 0.00726427417248,
        "max": 0.556251227856,
        "mean": 0.0847046524286,
        "median": 0.0609923154116,
        "min": 1.0494303343e-10,
        "var": 0.0067033614032
    },
    "spectral_kurtosis": {
        "dmean": 2.96832323074,
        "dmean2": 4.94765472412,
        "dvar": 63.4154243469,
        "dvar2": 169.688201904,
        "max": 283.878723145,
        "mean": 6.88389730453,
        "median": 1.64516711235,
        "min": -1.25602388382,
        "var": 225.378540039
    },
    "spectral_rms": {
        "dmean": 0.00122292293236,
        "dmean2": 0.00201828731224,
        "dvar": 4.27540044257e-06,
        "dvar2": 1.11668914542e-05,
        "max": 0.021082341671,
        "mean": 0.00485623208806,
        "median": 0.00439055450261,
        "min": 3.27786951228e-12,
        "var": 6.88901172907e-06
    },
    "spectral_rolloff": {
        "dmean": 874.397583008,
        "dmean2": 1519.86999512,
        "dvar": 2640227,
        "dvar2": 6512540,
        "max": 19401.4160156,
        "mean": 1985.74035645,
        "median": 689.0625,
        "min": 107.666015625,
        "var": 8342163
    },
    "spectral_skewness": {
        "dmean": 0.333383083344,
        "dmean2": 0.519714772701,
        "dvar": 0.260631591082,
        "dvar2": 0.660933315754,
        "max": 14.2823839188,
        "mean": 1.67571020126,
        "median": 1.22922706604,
        "min": -0.0359056703746,
        "var": 1.68517565727
    },
    "spectral_spread": {
        "dmean": 604319.4375,
        "dmean2": 860997.875,
        "dvar": 642549940224,
        "dvar2": 1.01894533939e+12,
        "max": 42502344,
        "mean": 5995430.5,
        "median": 6475767.5,
        "min": 346290.625,
        "var": 5.73115308442e+12
    },
    "spectral_strongpeak": {
        "dmean": 0.328996509314,
        "dmean2": 0.575140953064,
        "dvar": 0.268548190594,
        "dvar2": 0.677812695503,
        "max": 5.50857973099,
        "mean": 0.561507046223,
        "median": 0.355396807194,
        "min": 0,
        "var": 0.398671448231
    },
    "zerocrossingrate": {
        "dmean": 0.0150965610519,
        "dmean2": 0.0161543656141,
        "dvar": 0.000318921665894,
        "dvar2": 0.000356157281203,
        "max": 0.52099609375,
        "mean": 0.0764468610287,
        "median": 0.0537109375,
        "min": 0.00341796875,
        "var": 0.00481470907107
    },
    "barkbands": {
        "dmean": [0.000159288290888, 0.00747124571353, 0.00400651292875, 0.00452266354114, 0.00360573059879, 0.000608561676927, 0.000299210078083, 0.00042950414354, 0.000317296333378, 0.000331342540449, 0.000189687096281, 0.000193631145521, 0.000149455299834, 7.02741162968e-05, 4.9643102102e-05, 3.60938756785e-05, 5.4826370615e-05, 4.25755824836e-05, 0.000126164741232, 0.000120122233056, 0.000328787631588, 0.000420441821916, 0.000362115126336, 0.000196664070245, 0.000164742217748, 0.000126519909827, 4.0602277295e-05],
        "dmean2": [0.000189559315913, 0.0132818641141, 0.00720566930249, 0.00815525837243, 0.00643457705155, 0.000980806304142, 0.000483522075228, 0.000692171684932, 0.000465943856398, 0.000468631624244, 0.000249738513958, 0.000242867085035, 0.000198065463337, 0.000101588964753, 7.73627689341e-05, 5.59991858609e-05, 8.68503120728e-05, 7.02402030583e-05, 0.000190513586858, 0.00018625643861, 0.00046229743748, 0.000653587223496, 0.000520350877196, 0.00028837879654, 0.00022158853244, 0.000183438125532, 5.8468485804e-05],
        "dvar": [2.55316280118e-07, 0.000831985205878, 7.92101564002e-05, 0.000152492371853, 0.000106194514956, 1.39396649956e-06, 5.36287359409e-07, 1.21682649024e-06, 6.73611282309e-07, 7.02062038727e-07, 2.69665179076e-07, 2.25514440899e-07, 2.07560049148e-07, 3.88400067663e-08, 7.69689645352e-09, 3.0580569188e-09, 8.50756265436e-09, 9.50904954777e-09, 5.54455787949e-08, 4.68139980114e-08, 3.23995806184e-07, 5.78462390877e-07, 5.13332850005e-07, 2.16728736291e-07, 1.26787625732e-07, 9.14462034984e-08, 8.12747380508e-09],
        "dvar2": [4.49442637773e-07, 0.00237994617783, 0.000245529634412, 0.000437701441115, 0.000301653723, 3.64203538084e-06, 1.38585596687e-06, 3.176228347e-06, 1.66997619999e-06, 1.63876450188e-06, 4.95345716445e-07, 3.82250760822e-07, 3.32511689294e-07, 7.21719572994e-08, 1.97064693452e-08, 7.67898011844e-09, 2.14181579139e-08, 2.68604676279e-08, 1.24896814668e-07, 1.11652880719e-07, 7.05025911429e-07, 1.40766428558e-06, 1.02838839666e-06, 5.03394630869e-07, 2.50792737688e-07, 2.13837765273e-07, 1.60683573114e-08],
        "max": [0.00483924010769, 0.308026790619, 0.123367980123, 0.136622071266, 0.104102738202, 0.0253494996578, 0.014160678722, 0.0250338874757, 0.0233738664538, 0.0154807623476, 0.0131453480572, 0.00930393859744, 0.0103225465864, 0.00718193734065, 0.00154944683891, 0.000782776391134, 0.00136825873051, 0.0012400202686, 0.00327758071944, 0.00186283199582, 0.00533138401806, 0.00876043271273, 0.00623284419999, 0.00529846968129, 0.00328147225082, 0.00315059395507, 0.000764146505389],
        "mean": [0.000228881486692, 0.00758900260553, 0.0048704855144, 0.00487489718944, 0.00499861408025, 0.00135471555404, 0.000565588416066, 0.000781797803938, 0.000651785987429, 0.000683912308887, 0.000409541651607, 0.000393076683395, 0.000264020811301, 0.000118862291856, 7.28092345526e-05, 5.72980679863e-05, 9.08590809559e-05, 5.71896162e-05, 0.000203167728614, 0.000196164866793, 0.000556338578463, 0.000752964057028, 0.00056683877483, 0.000349078065483, 0.000304312794469, 0.000189921003766, 5.18789129274e-05],
        "median": [2.48042169915e-07, 0.000906869012397, 0.00298273237422, 0.0023531713523, 0.00257207918912, 0.000732601503842, 0.000258267245954, 0.000247105082963, 0.000237242289586, 0.000183819822269, 4.23139426857e-05, 8.36143954075e-05, 4.44591933046e-05, 3.76211646653e-05, 2.32112688536e-05, 2.75600159512e-05, 4.40955191152e-05, 2.49251825153e-05, 7.0560403401e-05, 4.89981503051e-05, 0.000123062432976, 0.0001253393566, 7.30976535124e-05, 4.40352596343e-05, 2.64018053713e-05, 8.7783428171e-06, 2.58725003732e-06],
        "min": [6.36924654045e-23, 3.60649598492e-23, 1.45890294981e-23, 9.99251528593e-24, 2.82412614277e-23, 6.45968912769e-23, 4.97436375517e-23, 6.77938794685e-23, 1.06505448722e-22, 8.86897509296e-23, 5.38464652545e-23, 5.16940424974e-23, 8.56261559616e-23, 9.02628342379e-23, 9.35972672428e-23, 9.43908676243e-23, 1.88886559086e-22, 2.35720297017e-22, 2.69868583613e-22, 5.01878255637e-22, 3.8867658952e-22, 3.54552082348e-22, 5.66836520939e-22, 1.26812775674e-21, 9.98232112044e-22, 1.90576798967e-21, 2.34628205553e-21],
        "var": [5.63403659726e-07, 0.000671765767038, 5.80818996241e-05, 9.87229359453e-05, 7.71541599534e-05, 3.48860271515e-06, 8.13827568891e-07, 1.93526466319e-06, 1.42608564602e-06, 1.80783410997e-06, 1.10214705273e-06, 9.09593836695e-07, 6.41024598735e-07, 1.04700283998e-07, 1.25297452414e-08, 5.54822499055e-09, 1.56704054177e-08, 8.48849257551e-09, 1.10473209247e-07, 9.50925311827e-08, 7.81592405019e-07, 1.47605135226e-06, 9.21318644487e-07, 3.87810956681e-07, 3.11712085477e-07, 1.54828612153e-07, 1.25993802058e-08]
    },
    "erbbands": {
        "dmean": [0.156703874469, 1.92431020737, 4.73351335526, 9.67830657959, 17.7570343018, 7.93674039841, 5.75616693497, 5.10523366928, 4.11427211761, 5.27994680405, 9.72975444794, 8.01142311096, 7.38786411285, 9.73091506958, 8.04899311066, 7.29061460495, 7.35663032532, 3.25416731834, 2.85580992699, 2.33574295044, 2.16848707199, 3.02429580688, 2.27792716026, 3.74680948257, 7.64038610458, 5.53366231918, 10.1726846695, 13.4349012375, 14.7953262329, 14.5844659805, 9.33531284332, 5.27601528168, 2.95474553108, 1.83553683758, 1.2833647728, 0.701562225819, 0.188560992479, 0.0546098984778, 0.00564745813608, 0.000283176923404],
        "dmean2": [0.247545465827, 3.5255215168, 8.61168193817, 17.3305282593, 32.2694129944, 13.9242486954, 9.53553771973, 8.27383708954, 6.56590652466, 8.67633247375, 15.4868602753, 11.8258113861, 10.422911644, 13.7656049728, 10.4192113876, 8.95828056335, 9.68524074554, 4.64670085907, 4.18891239166, 3.82978367805, 3.31101083755, 4.81221151352, 3.76557302475, 5.80518245697, 11.8131895065, 8.61597061157, 14.7333345413, 20.2332324982, 23.1252689362, 22.0252494812, 13.7058544159, 7.72730636597, 4.53675842285, 2.73917508125, 1.74522435665, 1.01318717003, 0.266878575087, 0.0803690180182, 0.00790213793516, 0.000399659620598],
        "dvar": [0.3607249856, 54.922504425, 156.854446411, 509.108947754, 3185.34985352, 360.038574219, 128.539810181, 120.929443359, 108.149742126, 145.521575928, 677.341064453, 478.43862915, 402.230712891, 625.220581055, 337.561248779, 330.25402832, 516.373779297, 63.5859489441, 49.2737846375, 18.9701442719, 9.79447174072, 32.4698257446, 29.9764060974, 40.8797836304, 230.500152588, 108.795326233, 379.282714844, 578.624511719, 791.441345215, 756.559204102, 367.043457031, 180.567260742, 43.174041748, 15.8917665482, 7.13696718216, 2.75090527534, 0.194466069341, 0.0148201864213, 0.000163869743119, 3.91703451896e-07],
        "dvar2": [0.852422595024, 164.838195801, 489.114715576, 1462.62231445, 9122.98144531, 1021.22729492, 344.668121338, 323.080871582, 285.720428467, 370.590270996, 1759.47058105, 1191.00830078, 969.322570801, 1444.04882812, 600.816955566, 512.924438477, 823.992492676, 115.851135254, 98.0902786255, 51.0606803894, 23.7436180115, 82.3470993042, 85.9891433716, 93.8508758545, 552.404602051, 268.792480469, 793.903198242, 1351.44458008, 1969.27124023, 1611.14086914, 818.175598145, 441.603424072, 99.3816680908, 34.9790306091, 12.9431285858, 6.37567472458, 0.413676589727, 0.0315697193146, 0.000326545588905, 7.33005208531e-07],
        "max": [5.98252820969, 80.2798156738, 162.334564209, 289.838745117, 558.914123535, 241.856216431, 264.081756592, 261.199493408, 217.774795532, 206.644256592, 582.404296875, 618.668273926, 470.027252197, 573.749328613, 390.26083374, 394.51940918, 541.722351074, 330.594177246, 321.136627197, 82.5489807129, 47.7589759827, 88.119430542, 88.7611846924, 72.3155441284, 217.439865112, 96.8400878906, 185.317245483, 188.23387146, 333.610351562, 273.167449951, 148.209991455, 165.128692627, 73.4230728149, 34.6403579712, 28.4347476959, 18.4675292969, 4.84461545944, 0.963909685612, 0.126373246312, 0.00612996844575],
        "mean": [0.19670663774, 1.77113163471, 5.43375635147, 11.7337875366, 18.8147182465, 13.7266082764, 12.4543638229, 11.253320694, 8.96209716797, 9.45165348053, 18.3532600403, 16.562921524, 16.191652298, 20.9081172943, 18.0946235657, 15.5246648788, 13.4660291672, 6.00990343094, 4.94541454315, 3.38003015518, 3.77155375481, 5.00309848785, 3.27683448792, 5.8142080307, 12.6345901489, 8.93923854828, 18.34532547, 22.0913715363, 25.8111400604, 25.4405727386, 14.8029069901, 8.58130455017, 5.24580478668, 3.32743549347, 2.24512171745, 1.09095859528, 0.278379052877, 0.0700067356229, 0.00763588165864, 0.000407428131439],
        "median": [0.00729130208492, 0.342057526112, 2.9080016613, 6.85300445557, 9.09856796265, 7.52628421783, 6.65119838715, 5.34753656387, 4.47413825989, 4.43006515503, 7.10324001312, 6.40978050232, 6.11585617065, 6.69742298126, 5.58900737762, 3.9023604393, 2.82254552841, 2.65981864929, 2.24799203873, 1.52570807934, 2.15413737297, 2.33343744278, 1.7047150135, 2.48578023911, 4.13505172729, 2.16698312759, 3.52562117577, 4.76694297791, 3.82626605034, 3.91566562653, 1.93289446831, 1.09188652039, 0.72391307354, 0.297512888908, 0.183104813099, 0.0569011569023, 0.0127334883437, 0.00300536258146, 0.000437060603872, 5.04428971908e-05],
        "min": [8.88249099395e-22, 8.77846555983e-21, 2.20008248669e-20, 2.51419317675e-20, 3.1408480836e-20, 1.28876006056e-19, 2.22925924715e-19, 6.04135392884e-19, 7.59632319949e-19, 7.01456810866e-19, 1.92889399181e-18, 1.76389007117e-18, 4.11428221591e-18, 2.18150523151e-18, 1.88905800749e-18, 2.91398710561e-18, 4.03999891537e-18, 4.35846303761e-18, 5.1005962483e-18, 3.98311411823e-18, 7.91068223115e-18, 9.19989036511e-18, 1.37016885e-17, 1.43207794218e-17, 1.77318439661e-17, 2.00802808627e-17, 1.46652505161e-17, 1.59281170834e-17, 1.42570567361e-17, 1.21098629564e-17, 1.80826314116e-17, 2.36103221032e-17, 1.85136156717e-17, 1.09316070396e-17, 9.055257835e-18, 6.2982929775e-18, 3.47201079826e-18, 1.24357919701e-18, 2.71827343265e-19, 4.12938384556e-20],
        "var": [0.445059388876, 37.2515258789, 108.791778564, 355.761016846, 1964.01123047, 361.973815918, 262.948669434, 285.584320068, 182.349960327, 216.013442993, 1059.37097168, 927.802185059, 892.695129395, 1560.03344727, 1368.63623047, 1408.54870605, 1565.81787109, 186.061584473, 125.006095886, 23.9799804688, 19.29545784, 55.2139663696, 25.7590236664, 67.1211166382, 433.26953125, 199.774337769, 1012.33166504, 1166.45007324, 1923.70422363, 1534.50366211, 622.102966309, 245.276947021, 87.0191497803, 36.4824752808, 18.3810787201, 4.97077989578, 0.352172762156, 0.0222541876137, 0.000269764947006, 6.63635660203e-07]
    },
    "gfcc": {
        "mean": [-27.0104103088, 76.6450119019, -78.4874267578, 35.7617721558, -70.7725982666, 11.8997879028, -28.1233348846, -4.92572021484, -28.9552650452, -9.07353210449, -22.7879543304, -6.04491329193, -14.4716072083],
        "cov": [[19537.0371094, -3269.68408203, 987.55291748, 881.547607422, -1026.93713379, 507.483215332, -374.166778564, 28.4636878967, -639.402893066, 455.816070557, -509.558441162, 498.436401367, -351.447631836], [-3269.68408203, 3931.80566406, -625.007019043, -146.575790405, 408.511169434, -217.190109253, 192.241714478, -106.891578674, 361.304534912, -431.028686523, 305.451507568, -443.129455566, 170.221557617], [987.55291748, -625.007019043, 685.373535156, 321.608001709, 137.384140015, 131.878952026, 58.672908783, 179.401229858, 25.8360919952, 157.433486938, -74.5483703613, 84.991394043, -42.5596160889], [881.547607422, -146.575790405, 321.608001709, 653.449279785, 245.378921509, 154.81161499, 71.8967437744, 130.761672974, 153.20199585, 83.1904525757, 62.0565719604, 10.8177633286, 15.3771324158], [-1026.93713379, 408.511169434, 137.384140015, 245.378921509, 475.077392578, 98.3304367065, 103.189025879, 76.3326034546, 164.030960083, 33.5741844177, 91.6777954102, -14.0150957108, 23.3668136597], [507.483215332, -217.190109253, 131.878952026, 154.81161499, 98.3304367065, 199.253189087, 65.6639938354, 57.1234779358, 1.84465515614, 59.7081184387, 27.5800895691, 35.413394928, 12.1674919128], [-374.166778564, 192.241714478, 58.672908783, 71.8967437744, 103.189025879, 65.6639938354, 205.851898193, 81.7061920166, 98.6808547974, -41.3798141479, 56.235042572, -6.88824033737, -5.15171337128], [28.4636878967, -106.891578674, 179.401229858, 130.761672974, 76.3326034546, 57.1234779358, 81.7061920166, 198.357543945, 93.3848342896, 57.4919433594, -6.90920257568, 6.72816324234, 29.6175422668], [-639.402893066, 361.304534912, 25.8360919952, 153.20199585, 164.030960083, 1.84465515614, 98.6808547974, 93.3848342896, 248.250015259, 10.2951202393, 90.0918121338, -62.2006759644, 11.4886379242], [455.816070557, -431.028686523, 157.433486938, 83.1904525757, 33.5741844177, 59.7081184387, -41.3798141479, 57.4919433594, 10.2951202393, 198.552368164, -4.72583150864, 64.3146438599, -32.8563041687], [-509.558441162, 305.451507568, -74.5483703613, 62.0565719604, 91.6777954102, 27.5800895691, 56.235042572, -6.90920257568, 90.0918121338, -4.72583150864, 181.614379883, -11.3082962036, 36.8986701965], [498.436401367, -443.129455566, 84.991394043, 10.8177633286, -14.0150957108, 35.413394928, -6.88824033737, 6.72816324234, -62.2006759644, 64.3146438599, -11.3082962036, 211.030563354, -39.6192245483], [-351.447631836, 170.221557617, -42.5596160889, 15.3771324158, 23.3668136597, 12.1674919128, -5.15171337128, 29.6175422668, 11.4886379242, -32.8563041687, 36.8986701965, -39.6192245483, 211.838241577]],
        "icov": [[9.88095125649e-05, -3.70732632291e-05, -5.25606737938e-05, -0.000219859808567, 0.000343329040334, -0.000292040756904, 0.000115109236503, 4.77076755487e-05, 6.51306909276e-05, -7.18630835763e-05, 0.0001663792209, -0.000134969421197, 0.00010524935351], [-3.70732632291e-05, 0.00064115296118, 0.000202634051675, 0.000251317658694, -0.000718445749953, 0.000549209304154, -0.000130673040985, 3.69628432964e-05, -0.00030395668, 0.000856426777318, -0.000619336380623, 0.000789627141785, -0.000110000757559], [-5.25606737938e-05, 0.000202634051675, 0.00315790530294, -0.000994981382973, -0.000787867640611, 0.000376013165805, -0.000939805584494, -0.00161217886489, 0.000976235955022, -0.00121372239664, 0.00114485586528, 6.63929085931e-06, 0.0002851303434], [-0.000219859808567, 0.000251317658694, -0.000994981382973, 0.00346881756559, -0.00134603423066, -0.00100917555392, 0.000968926819041, -0.000242587833782, -0.00191941764206, 0.00110042712186, -0.00105955894105, 0.000389618217014, -0.000222278496949], [0.000343329040334, -0.000718445749953, -0.000787867640611, -0.00134603423066, 0.00512188347057, -0.00247478159145, 0.000138016694109, 0.000847895047627, -0.00141882558819, -0.000979623873718, 0.000663014536258, -0.00126152404118, 0.000121889082948], [-0.000292040756904, 0.000549209304154, 0.000376013165805, -0.00100917555392, -0.00247478159145, 0.0104974033311, -0.00437272060663, -0.000591576041188, 0.00364757305942, -0.00228693126701, -0.00182077498175, 0.00115202274173, -0.00115053681657], [0.000115109236503, -0.000130673040985, -0.000939805584494, 0.000968926819041, 0.000138016694109, -0.00437272060663, 0.0109287137166, -0.00368828931823, -0.00289745628834, 0.00526481913403, -0.00204216642305, -0.0011614151299, 0.00216641742736], [4.77076755487e-05, 3.69628432964e-05, -0.00161217886489, -0.000242587833782, 0.000847895047627, -0.000591576041188, -0.00368828931823, 0.0111925117671, -0.00390665279701, -0.00268479832448, 0.00313412980177, -0.000384707615012, -0.00279334024526], [6.51306909276e-05, -0.00030395668, 0.000976235955022, -0.00191941764206, -0.00141882558819, 0.00364757305942, -0.00289745628834, -0.00390665279701, 0.0108919832855, -0.00227236561477, -0.00288381520659, 0.00218769349158, 0.00107880262658], [-7.18630835763e-05, 0.000856426777318, -0.00121372239664, 0.00110042712186, -0.000979623873718, -0.00228693126701, 0.00526481913403, -0.00268479832448, -0.00227236561477, 0.0108974510804, -0.00239013927057, -0.000825619208626, 0.00168704381213], [0.0001663792209, -0.000619336380623, 0.00114485586528, -0.00105955894105, 0.000663014536258, -0.00182077498175, -0.00204216642305, 0.00313412980177, -0.00288381520659, -0.00239013927057, 0.0101398946717, -0.00181378098205, -0.00169552874286], [-0.000134969421197, 0.000789627141785, 6.63929085931e-06, 0.000389618217014, -0.00126152404118, 0.00115202274173, -0.0011614151299, -0.000384707615012, 0.00218769349158, -0.000825619208626, -0.00181378098205, 0.00731136649847, 0.000649801746476], [0.00010524935351, -0.000110000757559, 0.0002851303434, -0.000222278496949, 0.000121889082948, -0.00115053681657, 0.00216641742736, -0.00279334024526, 0.00107880262658, 0.00168704381213, -0.00169552874286, 0.000649801746476, 0.00617289030924]]
    },
    "melbands": {
        "dmean": [0.00175985542592, 0.00253501767293, 0.00196234695613, 0.000954461691435, 0.000207723773201, 0.000111949128041, 6.2112667365e-05, 6.6972366767e-05, 7.61040719226e-05, 4.73838081234e-05, 3.81036661565e-05, 4.24927129643e-05, 2.90445113933e-05, 2.52453228313e-05, 1.60243416758e-05, 1.24113266793e-05, 6.21393792244e-06, 5.03721867062e-06, 3.65834716831e-06, 2.60585602518e-06, 2.71119620265e-06, 3.58360966857e-06, 2.29078250413e-06, 2.06968775274e-06, 3.28152782458e-06, 5.58329475098e-06, 4.31044600191e-06, 3.86643205275e-06, 5.91642265135e-06, 1.02658086689e-05, 8.04700175649e-06, 7.57685029384e-06, 9.78319985734e-06, 8.52636094351e-06, 6.24606536803e-06, 3.74553201254e-06, 3.42783437191e-06, 2.18157060772e-06, 1.72320119418e-06, 1.59359399277e-06],
        "dmean2": [0.00303522101603, 0.00464343838394, 0.00353463087231, 0.00171815697104, 0.000346670683939, 0.000180445626029, 9.91571287159e-05, 0.000109762826469, 0.000120132368465, 6.95482449373e-05, 5.32682533958e-05, 5.99837003392e-05, 3.77670658054e-05, 3.20098042721e-05, 2.00528993446e-05, 1.67798298207e-05, 9.03104955796e-06, 7.32727585273e-06, 5.84054532737e-06, 4.19632260673e-06, 4.18268700741e-06, 5.69444955545e-06, 3.77718652089e-06, 3.40927340403e-06, 5.28395821675e-06, 8.85265126271e-06, 6.73415524943e-06, 6.22792322247e-06, 8.94079857972e-06, 1.56988571689e-05, 1.34250822157e-05, 1.21146567835e-05, 1.49027773659e-05, 1.27868379423e-05, 9.42705628404e-06, 5.19670993526e-06, 5.10017798661e-06, 3.43750116372e-06, 2.62601793111e-06, 2.45341630034e-06],
        "dvar": [4.69661827083e-05, 6.17008336121e-05, 2.67450850515e-05, 7.8604398368e-06, 1.64566927197e-07, 5.38586526488e-08, 2.41348256935e-08, 2.18263487284e-08, 3.78774984711e-08, 1.7078974679e-08, 1.03866542034e-08, 1.22107852718e-08, 5.72490899131e-09, 3.87155463244e-09, 1.97959848514e-09, 1.08360120876e-09, 2.33916164216e-10, 2.26807295167e-10, 4.54570964203e-11, 2.21597046268e-11, 1.61614280986e-11, 4.65625177304e-11, 3.6594560715e-11, 1.87054503831e-11, 3.22926407836e-11, 1.21842952394e-10, 5.66987880257e-11, 5.88022200376e-11, 1.47732437394e-10, 3.55633911209e-10, 2.22116672277e-10, 2.01811706235e-10, 3.48483020218e-10, 2.63333105321e-10, 1.63509400464e-10, 4.8640525635e-11, 8.22090104324e-11, 2.37429676614e-11, 1.40949873301e-11, 1.06430151151e-11],
        "dvar2": [0.000127115796204, 0.000190074089915, 7.68010504544e-05, 2.24649502343e-05, 4.48434178679e-07, 1.42527753155e-07, 6.34768468899e-08, 5.70835254621e-08, 9.82592354148e-08, 4.23470289945e-08, 2.47371776396e-08, 2.80397305374e-08, 1.03010320274e-08, 6.69936461861e-09, 3.14696912973e-09, 1.77711312332e-09, 4.36484931532e-10, 4.35079194894e-10, 1.1923340093e-10, 5.77409751956e-11, 3.98197239071e-11, 1.13604098351e-10, 1.04640358878e-10, 5.2887010743e-11, 7.71379210507e-11, 2.830579382e-10, 1.43280928788e-10, 1.48996565086e-10, 3.27487453822e-10, 8.5096302227e-10, 5.52632661854e-10, 4.86053586268e-10, 8.71527239266e-10, 5.53763312983e-10, 3.73229752659e-10, 9.89570300702e-11, 2.05347933102e-10, 5.38585356868e-11, 3.47403425471e-11, 2.23894687512e-11],
        "max": [0.068778373301, 0.0924848914146, 0.0589039176702, 0.0296300314367, 0.00801854860038, 0.00546411890537, 0.0032400705386, 0.00229725893587, 0.00408630492166, 0.00336830876768, 0.00234690424986, 0.00251965085045, 0.00181709893513, 0.00127662764862, 0.00109622976743, 0.000746252248064, 0.000554729544092, 0.000731165288016, 9.48022861849e-05, 6.6385109676e-05, 5.63650864933e-05, 0.000113793292257, 0.000127197738038, 5.39152169949e-05, 6.25212778687e-05, 0.000146403544932, 9.00327650015e-05, 6.87387146172e-05, 0.000112878973596, 0.000156696332851, 0.000113435540698, 0.000154088600539, 0.000244642258622, 0.000168513230165, 0.000105021921627, 6.29271526122e-05, 0.000113027956104, 5.92998621869e-05, 3.44069667335e-05, 3.23603162542e-05],
        "mean": [0.00191815965809, 0.00273565528914, 0.00229814485647, 0.0012276530033, 0.000459847506136, 0.000250833283644, 0.000131013133796, 0.000120404700283, 0.000146873280755, 9.62362973951e-05, 8.20686545921e-05, 8.91680610948e-05, 6.28959314781e-05, 5.14322018716e-05, 3.09624629153e-05, 2.1419758923e-05, 1.06644065454e-05, 8.44950500323e-06, 5.23922608409e-06, 3.783112561e-06, 4.43666385763e-06, 5.81016820433e-06, 3.09852384817e-06, 2.91320134238e-06, 4.48228001915e-06, 8.81811774889e-06, 7.6202022683e-06, 5.32606873094e-06, 1.05742865344e-05, 1.42913477248e-05, 1.18938514788e-05, 1.24187199617e-05, 1.79880298674e-05, 1.28489937197e-05, 9.2016553026e-06, 5.9767357925e-06, 5.05360685565e-06, 4.00557746616e-06, 2.74092531072e-06, 2.77753770206e-06],
        "median": [0.000158374750754, 0.00126814702526, 0.00131301931106, 0.000620384002104, 0.000261576729827, 0.000128480547573, 6.60595760564e-05, 5.36659281352e-05, 6.34547759546e-05, 3.39971120411e-05, 2.7878817491e-05, 2.67503455689e-05, 1.29998143166e-05, 1.10968776426e-05, 3.54269218406e-06, 4.48824721389e-06, 3.32466879627e-06, 2.98649365504e-06, 1.78260711436e-06, 1.49021002471e-06, 2.31524677474e-06, 2.4674272936e-06, 1.13817714009e-06, 1.32213972392e-06, 1.71920487446e-06, 3.02348325931e-06, 2.43757313001e-06, 1.02929357126e-06, 1.94343056137e-06, 3.16545106216e-06, 2.43159365709e-06, 1.74932063146e-06, 3.08985499942e-06, 1.84981945495e-06, 1.15214777452e-06, 9.30522674025e-07, 5.70718725612e-07, 6.12890175944e-07, 3.11177672074e-07, 2.2570449687e-07],
        "min": [1.20130823093e-23, 1.22697105947e-23, 4.54464660764e-24, 4.8257453583e-24, 8.49296485803e-24, 1.39310627051e-23, 1.11195632278e-23, 7.68687049747e-24, 1.6449490101e-23, 1.32614665247e-23, 2.02216588667e-23, 8.09801849039e-24, 7.10150888453e-24, 5.96869358058e-24, 1.05949249719e-23, 5.81981777839e-24, 8.76480632597e-24, 7.69582643533e-24, 6.92547536239e-24, 4.85020872383e-24, 1.11024907001e-23, 1.02667619908e-23, 8.61530850696e-24, 1.32152889739e-23, 1.14693473086e-23, 9.46645865812e-24, 1.8991220448e-23, 1.23026266048e-23, 8.73478937967e-24, 8.90166422669e-24, 1.0252128621e-23, 9.10107169746e-24, 4.73196044629e-24, 7.96869105586e-24, 1.0787343135e-23, 1.20946095062e-23, 1.53480651502e-23, 1.2113217946e-23, 1.293343765e-23, 8.06825397957e-24],
        "var": [4.33279092249e-05, 4.21809054387e-05, 1.73407424882e-05, 5.401373528e-06, 3.1774570175e-07, 1.32872841618e-07, 3.88784719974e-08, 3.35102221527e-08, 6.10105956866e-08, 3.30557128336e-08, 2.46202063181e-08, 3.05250793531e-08, 2.30595613715e-08, 1.50561092482e-08, 6.6153558187e-09, 3.10704084683e-09, 6.62466748125e-10, 6.04074901212e-10, 6.93832005738e-11, 3.25664460676e-11, 3.11048270474e-11, 8.79970818435e-11, 3.11804332354e-11, 1.90688836249e-11, 4.51385005762e-11, 2.19634296861e-10, 1.23925272821e-10, 8.56846052444e-11, 4.14400208593e-10, 5.74284453325e-10, 3.65096092247e-10, 4.42259062705e-10, 9.2077345748e-10, 4.38133113123e-10, 2.63614186036e-10, 9.46765305043e-11, 1.01623182092e-10, 5.13085268716e-11, 2.36879786619e-11, 2.70224259635e-11]
    },
    "mfcc": {
        "mean": [-685.970703125, 106.747146606, 47.2157096863, 26.9508113861, -10.7659368515, 10.0654277802, 0.0750343427062, 4.80958461761, -1.60722279549, -4.42575597763, -6.62712717056, -8.34475803375, -6.06383562088],
        "cov": [[13247.9208984, -3540.5637207, 389.456054688, 379.936248779, -443.115600586, 515.337158203, -76.1615142822, 120.07334137, -190.901626587, 67.2090835571, 13.0033655167, -149.583175659, 139.169647217], [-3540.5637207, 3086.28955078, -126.607749939, -112.783981323, 162.247467041, -179.05506897, 59.1554489136, 32.5859642029, 82.3082122803, -12.3217420578, 38.1154823303, 88.9883499146, -53.20570755], [389.456054688, -126.607749939, 428.381408691, 212.260269165, 99.032951355, 53.0349121094, 58.1920166016, 65.5192947388, 104.848716736, 64.5573883057, 60.8532333374, 66.0935745239, 50.6485710144], [379.936248779, -112.783981323, 212.260269165, 419.071990967, 292.365509033, 155.492034912, 69.255531311, 86.0545501709, 109.699676514, 109.055923462, 110.671409607, 66.9238586426, 45.6340408325], [-443.115600586, 162.247467041, 99.032951355, 292.365509033, 425.447753906, 175.596847534, 114.682388306, 55.1127471924, 130.950531006, 109.960968018, 86.9322967529, 108.604667664, 76.6153640747], [515.337158203, -179.05506897, 53.0349121094, 155.492034912, 175.596847534, 230.542602539, 104.457130432, 59.9540748596, 11.5406694412, 52.8799781799, 71.0732345581, 35.0879096985, 35.2887649536], [-76.1615142822, 59.1554489136, 58.1920166016, 69.255531311, 114.682388306, 104.457130432, 172.249465942, 85.6392974854, 69.3423309326, 34.8552093506, -2.36804485321, 66.7219390869, 78.6433181763], [120.07334137, 32.5859642029, 65.5192947388, 86.0545501709, 55.1127471924, 59.9540748596, 85.6392974854, 197.893264771, 51.8084602356, 58.913608551, 88.182144165, -20.6084651947, 9.15087890625], [-190.901626587, 82.3082122803, 104.848716736, 109.699676514, 130.950531006, 11.5406694412, 69.3423309326, 51.8084602356, 257.231903076, 95.1269683838, -71.7582550049, 99.6608734131, 98.2936096191], [67.2090835571, -12.3217420578, 64.5573883057, 109.055923462, 109.960968018, 52.8799781799, 34.8552093506, 58.913608551, 95.1269683838, 377.125854492, -14.5245113373, -132.866470337, 117.009101868], [13.0033655167, 38.1154823303, 60.8532333374, 110.671409607, 86.9322967529, 71.0732345581, -2.36804485321, 88.182144165, -71.7582550049, -14.5245113373, 484.715332031, 51.3771362305, -207.352172852], [-149.583175659, 88.9883499146, 66.0935745239, 66.9238586426, 108.604667664, 35.0879096985, 66.7219390869, -20.6084651947, 99.6608734131, -132.866470337, 51.3771362305, 356.467498779, 83.375], [139.169647217, -53.20570755, 50.6485710144, 45.6340408325, 76.6153640747, 35.2887649536, 78.6433181763, 9.15087890625, 98.2936096191, 117.009101868, -207.352172852, 83.375, 331.333007812]],
