{
"lowlevel": {
    "average_loudness": 0.966108262539,
    "barkbands_crest": {
        "dmean": 2.57009768486,
        "dmean2": 4.2818646431,
        "dvar": 5.67823123932,
        "dvar2": 13.707239151,
        "max": 26.4067935944,
        "mean": 9.85717391968,
        "median": 9.46527290344,
        "min": 2.22239208221,
        "var": 11.4572916031
    },
    "barkbands_flatness_db": {
        "dmean": 0.0307733137161,
        "dmean2": 0.0491553321481,
        "dvar": 0.00117587333079,
        "dvar2": 0.00253012217581,
        "max": 0.397391408682,
        "mean": 0.154359474778,
        "median": 0.155372142792,
        "min": 0.0186867769808,
        "var": 0.00333185237832
    },
    "barkbands_kurtosis": {
        "dmean": 4.45782804489,
        "dmean2": 7.20856046677,
        "dvar": 106.723556519,
        "dvar2": 247.077453613,
        "max": 314.102783203,
        "mean": 7.05072498322,
        "median": 4.16920757294,
        "min": -1.86840415001,
        "var": 157.637207031
    },
    "barkbands_skewness": {
        "dmean": 0.67738455534,
        "dmean2": 1.08229672909,
        "dvar": 0.698021233082,
        "dvar2": 1.49575531483,
        "max": 15.2224349976,
        "mean": 2.02997279167,
        "median": 1.95025777817,
        "min": -2.68137145042,
        "var": 2.18004751205
    },
    "barkbands_spread": {
        "dmean": 10.1887292862,
        "dmean2": 14.8430519104,
        "dvar": 244.206588745,
        "dvar2": 429.24597168,
        "max": 113.754486084,
        "mean": 23.9927082062,
        "median": 15.5694179535,
        "min": 0.617605090141,
        "var": 477.175201416
    },
    "dissonance": {
        "dmean": 0.0165348369628,
        "dmean2": 0.026975767687,
        "dvar": 0.000306465488393,
        "dvar2": 0.000770905346144,
        "max": 0.500000059605,
        "mean": 0.45874235034,
        "median": 0.465458869934,
        "min": 0.249000102282,
        "var": 0.000984686776064
    },
    "dynamic_complexity": 2.56844210625,
    "erbbands_crest": {
        "dmean": 1.83073151112,
        "dmean2": 2.551197052,
        "dvar": 5.72526788712,
        "dvar2": 10.4889850616,
        "max": 32.0928955078,
        "mean": 9.84225940704,
        "median": 8.02897453308,
        "min": 2.30956506729,
        "var": 33.578742981
    },
    "erbbands_flatness_db": {
        "dmean": 0.0185405425727,
        "dmean2": 0.0236755069345,
        "dvar": 0.000675782968756,
        "dvar2": 0.00106148724444,
        "max": 0.401838093996,
        "mean": 0.13479681313,
        "median": 0.12545722723,
        "min": 0.0404666513205,
        "var": 0.00371401966549
    },
    "erbbands_kurtosis": {
        "dmean": 0.972837150097,
        "dmean2": 1.35713160038,
        "dvar": 6.35777759552,
        "dvar2": 12.8335695267,
        "max": 103.103416443,
        "mean": 0.924652397633,
        "median": 0.123914480209,
        "min": -1.72356963158,
        "var": 11.9589796066
    },
    "erbbands_skewness": {
        "dmean": 0.34968867898,
        "dmean2": 0.461931735277,
        "dvar": 0.192781701684,
        "dvar2": 0.386103838682,
        "max": 9.50273418427,
        "mean": 0.252615809441,
        "median": 0.137570559978,
        "min": -2.53000736237,
        "var": 0.889832496643
    },
    "erbbands_spread": {
        "dmean": 9.81531429291,
        "dmean2": 12.7128429413,
        "dvar": 153.177780151,
        "dvar2": 276.807434082,
        "max": 140.204986572,
        "mean": 42.515838623,
        "median": 35.6323509216,
        "min": 2.64927434921,
        "var": 576.067016602
    },
    "hfc": {
        "dmean": 29.4835567474,
        "dmean2": 42.3910446167,
        "dvar": 3042.46777344,
        "dvar2": 6635.86767578,
        "max": 358.242431641,
        "mean": 40.3190078735,
        "median": 16.7383670807,
        "min": 1.21052204879e-16,
        "var": 3679.46435547
    },
    "melbands_crest": {
        "dmean": 4.44911336899,
        "dmean2": 7.51253080368,
        "dvar": 10.9895458221,
        "dvar2": 31.2895908356,
        "max": 35.2706756592,
        "mean": 18.6337375641,
        "median": 18.9122371674,
        "min": 1.56341898441,
        "var": 36.1551628113
    },
    "melbands_flatness_db": {
        "dmean": 0.0364617630839,
        "dmean2": 0.0572092235088,
        "dvar": 0.00154870224651,
        "dvar2": 0.00325325294398,
        "max": 0.505899786949,
        "mean": 0.233480066061,
        "median": 0.245959356427,
        "min": 0.0032897144556,
        "var": 0.00527109345421
    },
    "melbands_kurtosis": {
        "dmean": 11.0892343521,
        "dmean2": 18.0620975494,
        "dvar": 533.910766602,
        "dvar2": 1230.84606934,
        "max": 432.447143555,
        "mean": 21.4631652832,
        "median": 12.054766655,
        "min": -1.8450409174,
        "var": 1094.21911621
    },
    "melbands_skewness": {
        "dmean": 0.902208447456,
        "dmean2": 1.44427704811,
        "dvar": 1.32896912098,
        "dvar2": 2.94599533081,
        "max": 16.2905387878,
        "mean": 3.38294053078,
        "median": 3.06566333771,
        "min": -1.60566711426,
        "var": 4.57971858978
    },
    "melbands_spread": {
        "dmean": 8.35163402557,
        "dmean2": 13.1160936356,
        "dvar": 182.42489624,
        "dvar2": 394.627716064,
        "max": 206.030990601,
        "mean": 20.7768993378,
        "median": 13.3380041122,
        "min": 0.496184051037,
        "var": 469.533721924
    },
    "pitch_salience": {
        "dmean": 0.0726224184036,
        "dmean2": 0.124468207359,
        "dvar": 0.0051600751467,
        "dvar2": 0.0139303775504,
        "max": 0.983965396881,
        "mean": 0.485534518957,
        "median": 0.478600800037,
        "min": 0.067052744329,
        "var": 0.0126912146807
    },
    "silence_rate_20dB": {
        "dmean": 0,
        "dmean2": 0,
        "dvar": 0,
        "dvar2": 0,
        "max": 1,
        "mean": 1,
        "median": 1,
        "min": 1,
        "var": 0
    },
    "silence_rate_30dB": {
        "dmean": 0.0736877545714,
        "dmean2": 0.147387906909,
        "dvar": 0.068259216845,
        "dvar2": 0.141314595938,
        "max": 1,
        "mean": 0.925813794136,
        "median": 1,
        "min": 0,
        "var": 0.068675801158
    },
    "silence_rate_60dB": {
        "dmean": 0.012449529022,
        "dmean2": 0.0248170271516,
        "dvar": 0.0122927147895,
        "dvar2": 0.0245334338397,
        "max": 1,
        "mean": 0.0545882731676,
        "median": 0,
        "min": 0,
        "var": 0.0516159459949
    },
    "spectral_centroid": {
        "dmean": 310.903869629,
        "dmean2": 420.613861084,
        "dvar": 213449.171875,
        "dvar2": 378198.84375,
        "max": 10911.4013672,
        "mean": 1341.37438965,
        "median": 1018.90899658,
        "min": 311.130737305,
        "var": 762284.25
    },
    "spectral_complexity": {
        "dmean": 5.09135246277,
        "dmean2": 7.43669557571,
        "dvar": 55.3753356934,
        "dvar2": 113.611572266,
        "max": 61,
        "mean": 16.6147708893,
        "median": 14,
        "min": 0,
        "var": 105.077384949
    },
    "spectral_decrease": {
        "dmean": 5.8478906162e-09,
        "dmean2": 9.86828041505e-09,
        "dvar": 6.1923369313e-17,
        "dvar2": 1.64651664122e-16,
        "max": 5.20282708662e-18,
        "mean": -1.47801841877e-08,
        "median": -1.4524708547e-08,
        "min": -8.552157027e-08,
        "var": 9.4284368942e-17
    },
    "spectral_energy": {
        "dmean": 0.0238094888628,
        "dmean2": 0.0396063439548,
        "dvar": 0.00103323895019,
        "dvar2": 0.00268783001229,
        "max": 0.348949491978,
        "mean": 0.0594407431781,
        "median": 0.057697057724,
        "min": 1.08778992299e-20,
        "var": 0.00155954749789
    },
    "spectral_energyband_high": {
        "dmean": 0.002907873597,
        "dmean2": 0.00416669482365,
        "dvar": 3.23385720549e-05,
        "dvar2": 7.05385464244e-05,
        "max": 0.0336442515254,
        "mean": 0.00299858953804,
        "median": 0.000298417988233,
        "min": 8.05604042483e-21,
        "var": 3.8548361772e-05
    },
    "spectral_energyband_low": {
        "dmean": 0.0199974700809,
        "dmean2": 0.0344360880554,
        "dvar": 0.000762376235798,
        "dvar2": 0.00209703599103,
        "max": 0.278944700956,
        "mean": 0.0379554033279,
        "median": 0.0358646474779,
        "min": 2.15657011444e-23,
        "var": 0.000938089855481
    },
    "spectral_energyband_middle_high": {
        "dmean": 0.00174985034391,
        "dmean2": 0.00276873912662,
        "dvar": 1.27294797494e-05,
        "dvar2": 3.40016158589e-05,
        "max": 0.0413017757237,
        "mean": 0.00465093925595,
        "median": 0.00367735535838,
        "min": 1.63009823656e-21,
        "var": 1.84469645319e-05
    },
    "spectral_energyband_middle_low": {
        "dmean": 0.0032339785248,
        "dmean2": 0.00531812850386,
        "dvar": 6.01716819801e-05,
        "dvar2": 0.000150784762809,
        "max": 0.141674101353,
        "mean": 0.0125169800594,
        "median": 0.0102856773883,
        "min": 3.45994695953e-22,
        "var": 0.000111968955025
    },
    "spectral_entropy": {
        "dmean": 0.212030142546,
        "dmean2": 0.265785068274,
        "dvar": 0.0828183591366,
        "dvar2": 0.138992324471,
        "max": 9.77836799622,
        "mean": 7.66339683533,
        "median": 7.64374256134,
        "min": 5.00167751312,
        "var": 0.370056033134
    },
    "spectral_flux": {
        "dmean": 0.043077506125,
        "dmean2": 0.0639629289508,
        "dvar": 0.00256063952111,
        "dvar2": 0.00524732656777,
        "max": 0.477980554104,
        "mean": 0.102782301605,
        "median": 0.0887119099498,
        "min": 1.04297168124e-10,
        "var": 0.00516461441293
    },
    "spectral_kurtosis": {
        "dmean": 1.65657031536,
        "dmean2": 2.40783262253,
        "dvar": 10.6739788055,
        "dvar2": 23.6840305328,
        "max": 66.1530227661,
        "mean": 4.5260591507,
        "median": 3.39467811584,
        "min": -1.17533576488,
        "var": 26.1656150818
    },
    "spectral_rms": {
        "dmean": 0.0014026806457,
        "dmean2": 0.00226126704365,
        "dvar": 2.41006796387e-06,
        "dvar2": 5.80774849368e-06,
        "max": 0.0184509772807,
        "mean": 0.00711067067459,
        "median": 0.00750265363604,
        "min": 3.25769619614e-12,
        "var": 7.42928250475e-06
    },
    "spectral_rolloff": {
        "dmean": 853.465332031,
        "dmean2": 1410.6953125,
        "dvar": 2998530.75,
        "dvar2": 5650152.5,
        "max": 19099.9511719,
        "mean": 1696.98034668,
        "median": 516.796875,
        "min": 64.599609375,
        "var": 8608585
    },
    "spectral_skewness": {
        "dmean": 0.240049213171,
        "dmean2": 0.315362811089,
        "dvar": 0.0924721211195,
        "dvar2": 0.183024153113,
        "max": 6.63539409637,
        "mean": 1.60988843441,
        "median": 1.59080207348,
        "min": -0.0244580786675,
        "var": 0.389837771654
    },
    "spectral_spread": {
        "dmean": 806022.875,
        "dmean2": 1044119.6875,
        "dvar": 1.28488177664e+12,
        "dvar2": 2.11898322125e+12,
        "max": 39928588,
        "mean": 5976891,
        "median": 5947887,
        "min": 1041628.5,
        "var": 4.60993436058e+12
    },
    "spectral_strongpeak": {
        "dmean": 0.246271163225,
        "dmean2": 0.438914716244,
        "dvar": 0.223668202758,
        "dvar2": 0.557800352573,
        "max": 8.9301776886,
        "mean": 0.373082816601,
        "median": 0.208768323064,
        "min": 0,
        "var": 0.384593486786
    },
    "zerocrossingrate": {
        "dmean": 0.018677374348,
        "dmean2": 0.0194892697036,
        "dvar": 0.000589503499214,
        "dvar2": 0.000690598099027,
        "max": 0.53076171875,
        "mean": 0.0629134103656,
        "median": 0.03662109375,
        "min": 0.001953125,
        "var": 0.00567395379767
    },
    "barkbands": {
        "dmean": [0.00469718314707, 0.0151647338644, 0.00304098287597, 0.00131899467669, 0.00122554239351, 0.000719113042578, 0.000522099551745, 0.000340164027875, 0.000228559147217, 0.000211437771213, 0.000203690055059, 0.000184120974154, 0.000207180404686, 0.000250520155532, 0.000236553431023, 0.000221751033678, 0.000204869313166, 0.000247847376158, 0.000227733224165, 0.00028744735755, 0.000273966201348, 0.000371103116777, 0.000703371770214, 0.000563893932849, 0.000537140062079, 0.000304671208141, 0.000118325799122],
        "dmean2": [0.00878312624991, 0.0259346123785, 0.00504549965262, 0.00224129692651, 0.00199924921617, 0.00117113778833, 0.000873609154951, 0.000515558058396, 0.000360324745998, 0.000316431629471, 0.000306647241814, 0.000282628810965, 0.000332764262566, 0.000389786640881, 0.000402055273298, 0.00036827949225, 0.000342679442838, 0.00043667719001, 0.000366948108422, 0.000423296180088, 0.000408362480812, 0.000530663412064, 0.00106988777407, 0.000788901990745, 0.000757058791351, 0.000451356230769, 0.000181241586688],
        "dvar": [2.6501584216e-05, 0.000521957408637, 7.04024205334e-05, 1.96291839529e-05, 1.43510387716e-05, 2.9683046705e-06, 2.12670965993e-06, 8.42079202812e-07, 5.95717267515e-07, 2.89496512096e-07, 1.65700271282e-07, 1.88453512351e-07, 1.188508989e-07, 2.69531227559e-07, 2.8544189945e-07, 2.74291323876e-07, 2.4176861757e-07, 5.39327288607e-07, 2.44030843533e-07, 3.09665608711e-07, 2.88471454724e-07, 4.82825214476e-07, 2.27001169151e-06, 1.17626643714e-06, 1.10233111172e-06, 3.71039675429e-07, 6.78978722135e-08],
        "dvar2": [8.31198995002e-05, 0.00142460793722, 0.000196434441023, 5.21661822859e-05, 3.81058744097e-05, 7.19054060028e-06, 6.03933267485e-06, 1.72730074155e-06, 1.34837944188e-06, 6.12305825598e-07, 4.31282813906e-07, 4.85582575038e-07, 2.92636087806e-07, 7.09556331913e-07, 7.8182983998e-07, 7.65626339216e-07, 6.78548587985e-07, 1.53127359681e-06, 6.36030108581e-07, 7.16264707989e-07, 6.49765695471e-07, 1.10648750251e-06, 5.09763594891e-06, 2.35435209106e-06, 2.43236831921e-06, 8.75166904279e-07, 1.55336721264e-07],
        "max": [0.0421224460006, 0.218735098839, 0.0832770168781, 0.0632236599922, 0.0894355177879, 0.0484577566385, 0.0296607669443, 0.0267447419465, 0.0236549582332, 0.0174607671797, 0.00902268476784, 0.00879776105285, 0.00693568354473, 0.0102555295452, 0.00722559774294, 0.00624392507598, 0.00621216092259, 0.0056943106465, 0.00367918331176, 0.00440736161545, 0.00495734298602, 0.00439546443522, 0.00925096031278, 0.00663000857458, 0.00544197671115, 0.00325572909787, 0.00150440912694],
        "mean": [0.0126121025532, 0.0193170532584, 0.00757611123845, 0.00182271935046, 0.00261589093134, 0.00245760194957, 0.00219520949759, 0.00203880062327, 0.000875364406966, 0.000794738996774, 0.000610894814599, 0.000514133600518, 0.000590784067754, 0.000589909730479, 0.000491975049954, 0.000322269886965, 0.000330933689838, 0.000224268456805, 0.000243340517045, 0.000310146308038, 0.000293847493595, 0.000425350735895, 0.000665856525302, 0.000597044650931, 0.000537505373359, 0.000279776722891, 0.000107136336737],
        "median": [0.0125568294898, 0.0158620979637, 0.00655453559011, 0.000824178801849, 0.00194713810924, 0.00121498014778, 0.000465078395791, 0.000668100663461, 0.000202918803552, 0.0002460591204, 0.000251232704613, 0.000153232511366, 0.000263835769147, 0.000233649217989, 0.000154625158757, 0.00014366931282, 0.000179632319487, 6.27335175523e-05, 6.492943794e-05, 6.01892134e-05, 5.52705678274e-05, 5.68321738683e-05, 4.35106121586e-05, 4.28009443567e-05, 3.91407083953e-05, 1.85257722478e-05, 7.47292051528e-06],
        "min": [7.06639984108e-24, 6.1379618316e-24, 2.06322132418e-24, 1.7347351073e-23, 9.11503911087e-23, 4.00801103954e-23, 5.86703623117e-23, 4.13726179679e-23, 4.10692315301e-23, 1.46180621038e-22, 6.41007924308e-23, 9.13993366777e-23, 1.69134378165e-22, 7.25479907345e-23, 1.17815745106e-22, 2.2392729349e-22, 1.87028709612e-22, 1.11859075343e-22, 3.15803461875e-22, 3.29280083901e-22, 3.86953010484e-22, 4.89428339235e-22, 6.95087987054e-22, 9.11672386533e-22, 1.24296993487e-21, 1.58074305936e-21, 2.70265795905e-21],
        "var": [7.24308483768e-05, 0.000490568112582, 7.11532848072e-05, 1.56218611664e-05, 1.52162438098e-05, 1.38912537295e-05, 1.76135199581e-05, 1.52227812578e-05, 4.63616333946e-06, 3.9241176637e-06, 6.50176446015e-07, 7.1388365086e-07, 5.71787381887e-07, 6.66145979267e-07, 4.82466873564e-07, 2.47650973506e-07, 2.22245006398e-07, 3.34137581603e-07, 2.08822413583e-07, 3.52145207216e-07, 3.21446123053e-07, 6.24159213203e-07, 2.39062183027e-06, 1.53530436364e-06, 1.31466913444e-06, 3.86348233405e-07, 6.89767460926e-08]
    },
    "erbbands": {
        "dmean": [0.77691090107, 2.13311004639, 3.17354130745, 4.71690225601, 3.59491801262, 4.38405036926, 6.13436985016, 5.90512704849, 7.4397277832, 7.44369411469, 6.52489328384, 5.82250022888, 6.4977221489, 6.53820037842, 7.56356334686, 8.55799388885, 9.05477523804, 12.77937603, 11.8751392365, 12.1100273132, 11.3079776764, 10.7814226151, 12.6445026398, 9.32967472076, 16.4777641296, 12.2112445831, 9.37707424164, 12.562461853, 15.9005403519, 15.533197403, 20.1749591827, 11.5520954132, 9.56497859955, 7.08540725708, 3.45782780647, 1.56335985661, 0.47975230217, 0.107283674181, 0.0199611112475, 0.00139428977855],
        "dmean2": [1.35454595089, 3.54769611359, 5.40304231644, 7.76750659943, 6.03736209869, 7.36535787582, 9.23535728455, 10.1649770737, 12.3333120346, 12.0032739639, 9.86346530914, 8.82806968689, 9.78370571136, 10.2143039703, 11.3630828857, 12.9427213669, 14.2722463608, 19.719078064, 19.9213695526, 21.0098667145, 18.39909935, 18.5353469849, 22.2336711884, 15.4257669449, 25.7138519287, 18.1943492889, 14.3380317688, 18.5243301392, 22.5189800262, 23.6358661652, 30.3912029266, 15.9678649902, 13.6842679977, 10.1005163193, 4.94656276703, 2.36190772057, 0.697749376297, 0.165708139539, 0.0304416120052, 0.00213992223144],
        "dvar": [0.599047839642, 26.4529800415, 77.7658004761, 219.188705444, 142.011627197, 133.151062012, 307.493011475, 174.046661377, 397.134918213, 449.657226562, 324.902130127, 376.429382324, 394.480010986, 175.927642822, 303.7265625, 359.561248779, 231.867874146, 606.018798828, 784.825378418, 1029.98120117, 597.42578125, 864.776916504, 1506.43322754, 508.990356445, 1103.59313965, 526.911193848, 328.592193604, 625.496032715, 904.900634766, 1067.04821777, 1841.49523926, 474.869354248, 361.419067383, 202.348190308, 45.6025352478, 10.8866014481, 0.857822597027, 0.046880543232, 0.00192040367983, 9.14036627364e-06],
        "dvar2": [1.81563830376, 69.7160720825, 215.461425781, 578.38104248, 379.812835693, 379.081970215, 540.463928223, 512.828186035, 1051.14648438, 1069.29296875, 611.999511719, 802.881469727, 835.215332031, 456.552001953, 812.544128418, 887.311828613, 547.962219238, 1561.60205078, 2113.15307617, 2941.9699707, 1647.62609863, 2454.30419922, 4309.00195312, 1408.10168457, 2649.17700195, 1203.42590332, 801.893310547, 1382.04675293, 2085.72900391, 2484.68237305, 4065.08422852, 948.13269043, 735.85760498, 442.582946777, 104.21031189, 27.4043922424, 1.87891113758, 0.112553492188, 0.00424496550113, 2.07858829526e-05],
        "max": [6.76425504684, 46.9169692993, 91.9175491333, 203.717773438, 226.75944519, 272.477050781, 615.042541504, 319.877105713, 432.354736328, 517.134033203, 727.823303223, 665.593200684, 708.076782227, 369.980224609, 433.840454102, 401.637420654, 324.87109375, 540.172119141, 488.888885498, 346.238525391, 239.520477295, 281.115112305, 335.08581543, 207.830062866, 245.176391602, 187.141799927, 154.248443604, 207.49508667, 185.346405029, 189.826339722, 274.33795166, 153.291717529, 113.176147461, 77.0870742798, 34.9959411621, 18.9715709686, 4.49522018433, 1.09361588955, 0.246728926897, 0.0182569790632],
        "mean": [0.942483365536, 3.01291275024, 7.7330737114, 8.89302921295, 5.95331954956, 8.57753181458, 15.2020263672, 20.3391571045, 36.6675109863, 34.8762817383, 36.5255661011, 26.1687641144, 26.1864414215, 19.0173454285, 24.0198497772, 27.3051986694, 27.9305419922, 33.2723464966, 26.9763050079, 21.4952774048, 19.1188812256, 14.6517620087, 12.8423185349, 9.94929027557, 17.4557209015, 13.068031311, 9.77050590515, 13.7288627625, 18.0080413818, 15.316072464, 19.293182373, 12.4635696411, 9.75063037872, 6.94149398804, 3.44350171089, 1.41582298279, 0.449814498425, 0.0937767848372, 0.0184371974319, 0.00132092856802],
        "median": [0.823734521866, 2.17412805557, 7.08123970032, 4.35388755798, 3.74249815941, 5.94345378876, 8.99136543274, 9.88338851929, 7.94103574753, 9.858959198, 12.5992393494, 8.46968746185, 7.72215223312, 6.62521600723, 11.2494602203, 11.2022571564, 13.5367002487, 16.4570198059, 9.70875358582, 10.4119710922, 11.1096715927, 7.74062633514, 4.62009143829, 3.41166973114, 3.40618228912, 2.7642865181, 2.10341238976, 2.16325092316, 2.1413166523, 1.48378896713, 1.23505008221, 0.76248061657, 0.780764460564, 0.488782793283, 0.275749742985, 0.104909598827, 0.0275895930827, 0.00713396491483, 0.00126596237533, 0.000150705353008],
        "min": [2.39707969961e-22, 1.30171530838e-21, 3.78328178375e-21, 3.19046858059e-20, 2.2499759856e-19, 3.34826452693e-19, 8.41468929789e-20, 3.51853965602e-19, 8.08744721253e-19, 7.16257295072e-19, 1.26860606343e-18, 1.20678578977e-18, 3.94748331334e-18, 2.7131811537e-18, 3.17303463766e-18, 4.62468987699e-18, 6.71495377821e-18, 5.65340973707e-18, 3.75330969558e-18, 1.25425967036e-17, 1.01150730687e-17, 9.29607823546e-18, 7.6684746488e-18, 1.28321057821e-17, 1.37082397705e-17, 1.46880310701e-17, 1.61565430096e-17, 1.73958432013e-17, 1.7949400739e-17, 1.76481713384e-17, 1.88989130924e-17, 1.59309989807e-17, 1.64857642021e-17, 1.21281519198e-17, 1.07067346813e-17, 4.98454322195e-18, 3.35007155467e-18, 1.61865659435e-18, 4.00296169664e-19, 3.52674593393e-20],
        "var": [0.69510781765, 21.8185386658, 74.5544586182, 211.752349854, 117.01776886, 136.595245361, 845.621276855, 1055.73425293, 4389.5859375, 4520.3046875, 4979.5546875, 3478.37255859, 5942.04003906, 763.767272949, 1102.39709473, 1586.25354004, 1206.26733398, 1747.24304199, 1550.87744141, 974.100036621, 584.595031738, 605.764404297, 930.890808105, 382.160369873, 1101.57592773, 597.031311035, 337.308441162, 725.28137207, 1166.42724609, 1126.01599121, 1988.91870117, 646.823059082, 440.642791748, 235.148147583, 52.4798126221, 10.3497209549, 0.976897478104, 0.0453735217452, 0.00202038348652, 9.437362678e-06]
    },
    "gfcc": {
        "mean": [14.9244670868, 67.043258667, -90.1795959473, 23.471830368, -45.9239845276, 19.0647850037, -32.4595146179, 5.49266529083, -14.5674991608, 7.73896551132, -9.34898376465, 2.65006327629, -8.34491729736],
        "cov": [[17900.3398438, 1506.63708496, 1957.7166748, 1390.37939453, 510.880187988, 847.630615234, 202.314041138, 284.654693604, 25.1776103973, 186.095733643, -113.182304382, -35.3673934937, -184.883224487], [1506.63708496, 3458.29711914, -61.8866233826, -57.6698989868, 578.189025879, -13.0352745056, 145.941162109, 38.509563446, 166.805145264, -97.6174697876, -31.602350235, -33.9071006775, 19.9014167786], [1957.7166748, -61.8866233826, 1339.18701172, 748.086242676, 327.879486084, 391.452514648, 287.287872314, 246.073287964, 66.5910339355, 102.407493591, -26.2604103088, 42.6486930847, -83.347442627], [1390.37939453, -57.6698989868, 748.086242676, 688.115722656, 365.363861084, 314.934875488, 179.290802002, 135.563369751, 33.7034912109, 41.1536254883, 5.71308994293, 21.1458530426, -36.2845420837], [510.880187988, 578.189025879, 327.879486084, 365.363861084, 531.446289062, 235.150512695, 144.188735962, 63.3128585815, 51.2539100647, 17.7576675415, 14.4720611572, 37.3736381531, 13.549741745], [847.630615234, -13.0352745056, 391.452514648, 314.934875488, 235.150512695, 294.998748779, 150.800430298, 61.0878143311, -15.4704322815, 14.6353435516, -15.6705722809, 7.22558927536, -1.47063708305], [202.314041138, 145.941162109, 287.287872314, 179.290802002, 144.188735962, 150.800430298, 208.165817261, 126.937057495, 35.0523872375, -9.65268039703, -21.4676437378, -5.72125911713, -20.8704738617], [284.654693604, 38.509563446, 246.073287964, 135.563369751, 63.3128585815, 61.0878143311, 126.937057495, 178.450027466, 79.6653900146, 24.5449447632, -21.6391296387, 4.98984289169, -30.8979930878], [25.1776103973, 166.805145264, 66.5910339355, 33.7034912109, 51.2539100647, -15.4704322815, 35.0523872375, 79.6653900146, 121.982429504, 60.2221565247, 26.7390651703, 7.48268890381, -6.32849645615], [186.095733643, -97.6174697876, 102.407493591, 41.1536254883, 17.7576675415, 14.6353435516, -9.65268039703, 24.5449447632, 60.2221565247, 115.472145081, 61.7492332458, 32.5284500122, -0.976279675961], [-113.182304382, -31.602350235, -26.2604103088, 5.71308994293, 14.4720611572, -15.6705722809, -21.4676437378, -21.6391296387, 26.7390651703, 61.7492332458, 106.280563354, 58.1686897278, 22.1483840942], [-35.3673934937, -33.9071006775, 42.6486930847, 21.1458530426, 37.3736381531, 7.22558927536, -5.72125911713, 4.98984289169, 7.48268890381, 32.5284500122, 58.1686897278, 80.9780273438, 39.7365684509], [-184.883224487, 19.9014167786, -83.347442627, -36.2845420837, 13.549741745, -1.47063708305, -20.8704738617, -30.8979930878, -6.32849645615, -0.976279675961, 22.1483840942, 39.7365684509, 76.1553649902]],
        "icov": [[9.69851025729e-05, -0.000121704499179, 4.17655473939e-06, -0.000219669906073, 0.000280152162304, -0.000404527847422, 0.000375562900444, -0.000173180291313, 0.000134171335958, -0.000222023634706, 0.000150730193127, -0.000125339953229, 0.00017203434254], [-0.000121704499179, 0.000703295459971, -0.000365350802895, 0.00100810616277, -0.00140483269934, 0.000912561372388, -0.000548677053303, 0.000432579137851, -0.00103504955769, 0.00137183361221, -0.000733749999199, 0.000973971909843, -0.000469306076411], [4.17655473939e-06, -0.000365350802895, 0.00375985447317, -0.00378434825689, 0.00192666694056, -0.000747164536733, -0.00268576969393, 0.00126480741892, -8.07410979178e-05, -0.0040938812308, 0.00542648835108, -0.00615299167112, 0.00341051793657], [-0.000219669906073, 0.00100810616277, -0.00378434825689, 0.00846377853304, -0.00456100283191, -0.00159767351579, 0.00335721881129, -0.00339336274192, -0.000319896411384, 0.00569569785148, -0.0075735989958, 0.00694512762129, -0.00195671571419], [0.000280152162304, -0.00140483269934, 0.00192666694056, -0.00456100283191, 0.00750374048948, -0.00419728737324, -0.000984074198641, 0.00269720121287, -0.00246974499896, -0.00210793851875, 0.00444510113448, -0.00695697078481, 0.0024962478783], [-0.000404527847422, 0.000912561372388, -0.000747164536733, -0.00159767351579, -0.00419728737324, 0.0152751477435, -0.00918331649154, 0.00296404981054, 0.00567077938467, -0.00505848042667, 0.00212398404256, 0.00316171930172, -0.00493290368468], [0.000375562900444, -0.000548677053303, -0.00268576969393, 0.00335721881129, -0.000984074198641, -0.00918331649154, 0.02074014768, -0.0139209348708, 0.000950089772232, 0.00857677031308, -0.0100247459486, 0.00851762201637, -0.00159107591026], [-0.000173180291313, 0.000432579137851, 0.00126480741892, -0.00339336274192, 0.00269720121287, 0.00296404981054, -0.0139209348708, 0.0245398804545, -0.0136104933918, -0.0027009176556, 0.0146341770887, -0.0156176770106, 0.00767999328673], [0.000134171335958, -0.00103504955769, -8.07410979178e-05, -0.000319896411384, -0.00246974499896, 0.00567077938467, 0.000950089772232, -0.0136104933918, 0.0262994393706, -0.0119687896222, -0.00597937870771, 0.0110912462696, -0.00637354142964], [-0.000222023634706, 0.00137183361221, -0.0040938812308, 0.00569569785148, -0.00210793851875, -0.00505848042667, 0.00857677031308, -0.0027009176556, -0.0119687896222, 0.0275603476912, -0.0161044690758, 0.00472908793017, 0.000442580902018], [0.000150730193127, -0.000733749999199, 0.00542648835108, -0.0075735989958, 0.00444510113448, 0.00212398404256, -0.0100247459486, 0.0146341770887, -0.00597937870771, -0.0161044690758, 0.0363118834794, -0.0283918790519, 0.00887884851545], [-0.000125339953229, 0.000973971909843, -0.00615299167112, 0.00694512762129, -0.00695697078481, 0.00316171930172, 0.00851762201637, -0.0156176770106, 0.0110912462696, 0.00472908793017, -0.0283918790519, 0.0468301773071, -0.0218828134239], [0.00017203434254, -0.000469306076411, 0.00341051793657, -0.00195671571419, 0.0024962478783, -0.00493290368468, -0.00159107591026, 0.00767999328673, -0.00637354142964, 0.000442580902018, 0.00887884851545, -0.0218828134239, 0.0269240420312]]
    },
    "melbands": {
        "dmean": [0.00540612684563, 0.00193555955775, 0.000761767441873, 0.000254643004155, 0.00021422743157, 0.000131793975015, 0.000113270754809, 8.09055927675e-05, 5.07273434778e-05, 3.45486005244e-05, 3.21142870234e-05, 2.61493696598e-05, 2.51139663305e-05, 2.29690085689e-05, 1.95379634533e-05, 2.09310637729e-05, 2.57658230112e-05, 1.90697428479e-05, 1.62144569913e-05, 1.72597883648e-05, 1.35795580718e-05, 1.10555020001e-05, 1.26480172185e-05, 1.0669974472e-05, 7.022661066e-06, 8.54941481521e-06, 1.61113694048e-05, 5.92722972215e-06, 5.58911824555e-06, 6.54537507216e-06, 7.24891788195e-06, 1.03706488517e-05, 5.62197055842e-06, 1.07542027763e-05, 1.32327977553e-05, 8.92297248356e-06, 6.02896443525e-06, 7.43006876291e-06, 5.15731744599e-06, 6.48390278002e-06],
        "dmean2": [0.00939005706459, 0.0031842966564, 0.00126361858565, 0.00042907934403, 0.000330015289364, 0.000224137591431, 0.000188281948795, 0.000129401290906, 7.67128149164e-05, 5.29989592906e-05, 4.82925497636e-05, 4.09674394177e-05, 3.82103062293e-05, 3.45044427377e-05, 3.09163006023e-05, 3.30264847435e-05, 3.95164570364e-05, 3.21080442518e-05, 2.80629719782e-05, 2.9714559787e-05, 2.19721932808e-05, 1.88841859199e-05, 2.23926053877e-05, 1.85172320926e-05, 1.16776664072e-05, 1.40488828038e-05, 2.3986416636e-05, 8.99556744116e-06, 8.31199577078e-06, 1.06177703856e-05, 1.05403441921e-05, 1.52336069732e-05, 8.08563527244e-06, 1.67351226992e-05, 2.05205305974e-05, 1.23387044368e-05, 8.36335766508e-06, 1.09843349492e-05, 7.27810720491e-06, 9.55414179771e-06],
        "dvar": [4.28617095167e-05, 2.45735664066e-05, 5.16145883012e-06, 7.05072920937e-07, 2.78138884369e-07, 8.41847622723e-08, 9.69898792391e-08, 5.21136733767e-08, 1.95432381389e-08, 1.28874457772e-08, 9.73575264851e-09, 2.95190183408e-09, 2.9530842216e-09, 2.79145062621e-09, 1.49700674079e-09, 1.19474519167e-09, 2.59775490008e-09, 2.15444218021e-09, 1.58653001847e-09, 1.86071091868e-09, 7.41545491678e-10, 8.09757927378e-10, 1.5473237136e-09, 8.62377225186e-10, 2.7206764619e-10, 4.20841833604e-10, 9.51996148579e-10, 1.17219303708e-10, 1.1441398523e-10, 1.71509750846e-10, 2.04987790631e-10, 4.08538619601e-10, 1.17515108755e-10, 5.46052258965e-10, 8.38748126508e-10, 3.04674174778e-10, 1.23829807519e-10, 2.29189389689e-10, 1.03087989534e-10, 1.78193487743e-10],
        "dvar2": [0.000123059886391, 6.50345464237e-05, 1.37143060783e-05, 1.94944527721e-06, 5.25272639607e-07, 2.37700419348e-07, 2.65412296585e-07, 1.19057219194e-07, 3.76846678307e-08, 2.88290866735e-08, 2.04937560255e-08, 7.72326558263e-09, 7.91901566544e-09, 7.25730231466e-09, 3.84828124922e-09, 2.87060220039e-09, 6.66010180339e-09, 5.88841109206e-09, 4.45051506759e-09, 5.30133847931e-09, 2.01278060885e-09, 2.28660490542e-09, 4.46363923601e-09, 2.4121362685e-09, 7.49094453134e-10, 1.14512355154e-09, 2.05193151359e-09, 2.67486921501e-10, 2.75961087315e-10, 4.12275047434e-10, 4.33641594855e-10, 9.85753256799e-10, 2.68742694765e-10, 1.28543531375e-09, 1.91934712568e-09, 6.07571826183e-10, 2.47325993019e-10, 4.47730547082e-10, 2.37373620759e-10, 3.96078198017e-10],
        "max": [0.0622908547521, 0.0504007339478, 0.0316828601062, 0.018004251644, 0.0165843125433, 0.0063450736925, 0.00667419610545, 0.0056197787635, 0.00543906446546, 0.00369190331548, 0.00348594086245, 0.00142396579031, 0.0013143614633, 0.00111590814777, 0.000772469385993, 0.000950314861257, 0.00115453661419, 0.000873278360814, 0.000478324247524, 0.000568070216104, 0.000316150020808, 0.000314901350066, 0.000340763072018, 0.000227307638852, 0.000157106900588, 0.00016569669242, 0.000231503596297, 9.58707169048e-05, 9.83048885246e-05, 0.000110281143861, 0.000130613712827, 0.000130022017402, 8.81488958839e-05, 0.000133669600473, 0.000177170906682, 0.00012983349734, 8.13855513115e-05, 8.67199414643e-05, 6.21929430054e-05, 6.96189963492e-05],
        "mean": [0.0076845055446, 0.00409177783877, 0.00146923074499, 0.000475656153867, 0.000527624739334, 0.000469624734251, 0.000538588617928, 0.000392822868889, 0.000281471991912, 0.000142559976666, 0.000124486890854, 7.10559033905e-05, 7.41208714317e-05, 7.1601520176e-05, 5.95008823439e-05, 5.74473779125e-05, 6.45233158139e-05, 4.21967888542e-05, 3.02793996525e-05, 2.84856014332e-05, 2.24775030802e-05, 1.59097708092e-05, 1.40205183925e-05, 9.89195541479e-06, 7.54511074774e-06, 8.58249768498e-06, 1.70379898918e-05, 6.43088515062e-06, 5.94934726905e-06, 6.48317154628e-06, 8.11223526398e-06, 1.1522953173e-05, 6.46263379167e-06, 1.00774032035e-05, 1.21412840599e-05, 9.45903684624e-06, 6.6232341851e-06, 7.49024547986e-06, 5.41651525054e-06, 6.06198136666e-06],
        "median": [0.00678325025365, 0.00365399662405, 0.000904389773495, 0.000343469553627, 0.000335072836606, 0.000215880412725, 0.000106657404103, 0.000117061987112, 0.000100592820672, 3.73653383576e-05, 3.26141089317e-05, 1.9503509975e-05, 3.21725092363e-05, 3.02318767353e-05, 2.66765582637e-05, 3.0579725717e-05, 2.58891523117e-05, 1.39152161864e-05, 1.04167220343e-05, 1.40554375321e-05, 1.18382413348e-05, 8.39736549096e-06, 4.98071131005e-06, 2.85147984869e-06, 2.52595327765e-06, 2.13724410969e-06, 2.55592976828e-06, 1.55152292791e-06, 1.17617639717e-06, 1.5738842194e-06, 1.09151540073e-06, 1.30565183554e-06, 8.53482106322e-07, 7.8911403989e-07, 7.87895430676e-07, 4.82183622807e-07, 4.82427537918e-07, 5.50799200028e-07, 5.37353741947e-07, 3.62772198059e-07],
        "min": [2.84537868664e-24, 1.7028233171e-24, 9.46178386839e-24, 2.41384368804e-23, 4.13257051987e-24, 9.03267824583e-24, 1.28948994282e-23, 7.23666521228e-24, 1.04478394895e-23, 6.70057269603e-24, 2.03356950215e-23, 1.15564233531e-23, 8.90945265041e-24, 1.13549608996e-23, 9.99195992785e-24, 1.97508146137e-23, 8.42517882931e-24, 4.95915080928e-24, 1.18202886484e-23, 1.83782139935e-23, 1.0860061911e-23, 1.09542661026e-23, 7.05520827142e-24, 5.50799013446e-24, 1.09151244022e-23, 1.09235494367e-23, 9.11153751509e-24, 9.70390973489e-24, 1.06930916118e-23, 8.52276723417e-24, 1.12156109873e-23, 1.1693994384e-23, 7.2065772685e-24, 1.15689204875e-23, 1.14466588801e-23, 9.5879053722e-24, 1.0372900859e-23, 1.19309713554e-23, 1.04288105868e-23, 9.63517549536e-24],
        "var": [4.68403013656e-05, 2.34648414335e-05, 4.83971189169e-06, 5.74568048251e-07, 7.41709243357e-07, 5.57714429306e-07, 9.90214630292e-07, 6.14102759755e-07, 2.8933780527e-07, 1.03472601154e-07, 1.44920761613e-07, 1.21068506331e-08, 1.01044443923e-08, 1.03988924138e-08, 5.68538283119e-09, 5.50929968313e-09, 8.07799693803e-09, 4.05295752515e-09, 1.9315020694e-09, 1.77786374511e-09, 8.3814738483e-10, 6.30108965005e-10, 9.80586056798e-10, 5.59043922266e-10, 2.13136508442e-10, 3.16947884604e-10, 1.1358413099e-09, 1.33406008462e-10, 1.2424139495e-10, 1.6256980484e-10, 2.5276852833e-10, 4.88523499431e-10, 1.49485160361e-10, 5.42488221011e-10, 8.42329261896e-10, 4.07102046518e-10, 1.70897684892e-10, 2.76373507413e-10, 1.22291107796e-10, 1.9524018513e-10]
    },
    "mfcc": {
        "mean": [-637.055175781, 108.42565918, 14.7308559418, 15.7657651901, 11.9914360046, 13.6600694656, 0.502577662468, 1.9617716074, 0.826659679413, 3.44481563568, 2.71937155724, 5.28409290314, 4.66899442673],
        "cov": [[10137.3818359, 406.017150879, 1412.90673828, 785.588256836, 725.112365723, 699.255187988, 499.94543457, 368.68258667, 238.228881836, 322.39932251, 183.085205078, 70.1418685913, 110.202560425], [406.017150879, 2845.51171875, -295.532958984, 176.558380127, 216.15246582, 75.989654541, 17.3349742889, 115.123748779, 166.312454224, -24.6685199738, 13.5911779404, 132.671737671, -25.7493343353], [1412.90673828, -295.532958984, 1016.46490479, 440.431518555, 232.453475952, 250.17980957, 270.725219727, 235.951782227, 147.608642578, 139.723114014, 107.982643127, 64.9788208008, 73.3431015015], [785.588256836, 176.558380127, 440.431518555, 478.994567871, 347.590942383, 230.922332764, 211.553085327, 208.777587891, 136.108642578, 102.858421326, 91.0314178467, 70.6029052734, 38.6487007141], [725.112365723, 216.15246582, 232.453475952, 347.590942383, 416.409362793, 287.005371094, 190.582748413, 144.774002075, 99.3494720459, 74.7022781372, 65.0662536621, 42.3209457397, 25.6459693909], [699.255187988, 75.989654541, 250.17980957, 230.922332764, 287.005371094, 321.395080566, 227.621383667, 123.255607605, 63.1234016418, 62.3257064819, 36.620464325, 5.4641957283, 9.10504436493], [499.94543457, 17.3349742889, 270.725219727, 211.553085327, 190.582748413, 227.621383667, 260.904602051, 179.661315918, 87.6191101074, 62.8795089722, 46.934173584, 10.2057113647, -1.97505998611], [368.68258667, 115.123748779, 235.951782227, 208.777587891, 144.774002075, 123.255607605, 179.661315918, 215.495162964, 130.215927124, 67.68384552, 49.8611106873, 30.2710933685, 2.95136833191], [238.228881836, 166.312454224, 147.608642578, 136.108642578, 99.3494720459, 63.1234016418, 87.6191101074, 130.215927124, 146.698348999, 78.2809371948, 42.71849823, 24.8321552277, -2.14201712608], [322.39932251, -24.6685199738, 139.723114014, 102.858421326, 74.7022781372, 62.3257064819, 62.8795089722, 67.68384552, 78.2809371948, 108.779251099, 67.3652496338, 15.3651781082, 6.27410936356], [183.085205078, 13.5911779404, 107.982643127, 91.0314178467, 65.0662536621, 36.620464325, 46.934173584, 49.8611106873, 42.71849823, 67.3652496338, 106.078201294, 65.0602264404, 20.4022026062], [70.1418685913, 132.671737671, 64.9788208008, 70.6029052734, 42.3209457397, 5.4641957283, 10.2057113647, 30.2710933685, 24.8321552277, 15.3651781082, 65.0602264404, 116.598091125, 60.0207824707], [110.202560425, -25.7493343353, 73.3431015015, 38.6487007141, 25.6459693909, 9.10504436493, -1.97505998611, 2.95136833191, -2.14201712608, 6.27410936356, 20.4022026062, 60.0207824707, 115.25189209]],
