{
"lowlevel": {
    "average_loudness": 0.940897166729,
    "barkbands_crest": {
        "dmean": 1.98497450352,
        "dmean2": 3.23348093033,
        "dvar": 4.16755104065,
        "dvar2": 11.1077079773,
        "max": 26.5956039429,
        "mean": 13.8122501373,
        "median": 13.1197690964,
        "min": 3.49412894249,
        "var": 19.5524654388
    },
    "barkbands_flatness_db": {
        "dmean": 0.0278807822615,
        "dmean2": 0.0418347381055,
        "dvar": 0.0013923579827,
        "dvar2": 0.00300075742416,
        "max": 0.802766799927,
        "mean": 0.301172465086,
        "median": 0.255118072033,
        "min": 0.0251721218228,
        "var": 0.0257072318345
    },
    "barkbands_kurtosis": {
        "dmean": 6.49852323532,
        "dmean2": 9.4776391983,
        "dvar": 201.238098145,
        "dvar2": 398.067596436,
        "max": 764.444213867,
        "mean": 19.1890583038,
        "median": 11.5525197983,
        "min": -1.85231053829,
        "var": 1022.40332031
    },
    "barkbands_skewness": {
        "dmean": 0.611072301865,
        "dmean2": 0.904390633106,
        "dvar": 0.580150485039,
        "dvar2": 1.30293023586,
        "max": 24.1037368774,
        "mean": 2.70543861389,
        "median": 2.5835776329,
        "min": -2.32995820045,
        "var": 4.05806779861
    },
    "barkbands_spread": {
        "dmean": 3.57858228683,
        "dmean2": 5.43480348587,
        "dvar": 40.7803497314,
        "dvar2": 89.6348342896,
        "max": 87.7688827515,
        "mean": 11.5837545395,
        "median": 4.994992733,
        "min": 0.101899012923,
        "var": 201.759933472
    },
    "dissonance": {
        "dmean": 0.0339471511543,
        "dmean2": 0.0543176829815,
        "dvar": 0.00149488821626,
        "dvar2": 0.00362752913497,
        "max": 0.5,
        "mean": 0.373811751604,
        "median": 0.402251303196,
        "min": 0.0173948444426,
        "var": 0.00938242394477
    },
    "dynamic_complexity": 1.98950266838,
    "erbbands_crest": {
        "dmean": 2.17805957794,
        "dmean2": 3.41487503052,
        "dvar": 5.51840877533,
        "dvar2": 13.0236606598,
        "max": 31.8996753693,
        "mean": 14.0033140182,
        "median": 13.4888267517,
        "min": 2.66464948654,
        "var": 36.3568763733
    },
    "erbbands_flatness_db": {
        "dmean": 0.0223623644561,
        "dmean2": 0.0315023809671,
        "dvar": 0.00106274196878,
        "dvar2": 0.00189714599401,
        "max": 0.638202250004,
        "mean": 0.252876579762,
        "median": 0.209430024028,
        "min": 0.05191218853,
        "var": 0.0219387076795
    },
    "erbbands_kurtosis": {
        "dmean": 3.50081801414,
        "dmean2": 4.90760326385,
        "dvar": 44.02003479,
        "dvar2": 82.5748977661,
        "max": 202.244857788,
        "mean": 8.47875785828,
        "median": 3.15109920502,
        "min": -1.87268972397,
        "var": 221.799606323
    },
    "erbbands_skewness": {
        "dmean": 0.501088500023,
        "dmean2": 0.699755012989,
        "dvar": 0.372216641903,
        "dvar2": 0.745863437653,
        "max": 11.0828952789,
        "mean": 1.86762416363,
        "median": 1.60725951195,
        "min": -2.20600199699,
        "var": 2.60796546936
    },
    "erbbands_spread": {
        "dmean": 10.1161823273,
        "dmean2": 14.4296112061,
        "dvar": 307.985900879,
        "dvar2": 555.427978516,
        "max": 147.078338623,
        "mean": 40.6452980042,
        "median": 23.9855327606,
        "min": 0.556509315968,
        "var": 1544.59960938
    },
    "hfc": {
        "dmean": 5.26238918304,
        "dmean2": 7.79157018661,
        "dvar": 86.1884841919,
        "dvar2": 174.816711426,
        "max": 96.2111587524,
        "mean": 18.1986713409,
        "median": 12.5489749908,
        "min": 1.08716169237e-16,
        "var": 248.115524292
    },
    "melbands_crest": {
        "dmean": 2.24879670143,
        "dmean2": 3.6397049427,
        "dvar": 5.8080163002,
        "dvar2": 15.0786037445,
        "max": 33.9153862,
        "mean": 16.3475589752,
        "median": 15.2958478928,
        "min": 1.56365776062,
        "var": 28.5899333954
    },
    "melbands_flatness_db": {
        "dmean": 0.0302287321538,
        "dmean2": 0.0454403869808,
        "dvar": 0.00159228779376,
        "dvar2": 0.00354128028266,
        "max": 0.915426254272,
        "mean": 0.391919255257,
        "median": 0.34377220273,
        "min": 0.00364257534966,
        "var": 0.0321370363235
    },
    "melbands_kurtosis": {
        "dmean": 11.6218976974,
        "dmean2": 17.2933216095,
        "dvar": 297.423461914,
        "dvar2": 658.536071777,
        "max": 573.696594238,
        "mean": 34.8373146057,
        "median": 25.6829185486,
        "min": -1.53481662273,
        "var": 1464.5802002
    },
    "melbands_skewness": {
        "dmean": 0.804267644882,
        "dmean2": 1.18205332756,
        "dvar": 1.04341650009,
        "dvar2": 2.08128333092,
        "max": 16.8696117401,
        "mean": 3.50709176064,
        "median": 3.20201277733,
        "min": -1.1306886673,
        "var": 5.98204708099
    },
    "melbands_spread": {
        "dmean": 2.16477036476,
        "dmean2": 3.40079808235,
        "dvar": 18.2366409302,
        "dvar2": 41.084728241,
        "max": 156.677017212,
        "mean": 8.0143737793,
        "median": 4.56675720215,
        "min": 0.228753268719,
        "var": 163.237716675
    },
    "pitch_salience": {
        "dmean": 0.0551407746971,
        "dmean2": 0.090893432498,
        "dvar": 0.00410431204364,
        "dvar2": 0.0110210245475,
        "max": 0.864726305008,
        "mean": 0.518715679646,
        "median": 0.519706487656,
        "min": 0.0766414254904,
        "var": 0.0138710197061
    },
    "silence_rate_20dB": {
        "dmean": 0,
        "dmean2": 0,
        "dvar": 0,
        "dvar2": 0,
        "max": 1,
        "mean": 1,
        "median": 1,
        "min": 1,
        "var": 0
    },
    "silence_rate_30dB": {
        "dmean": 0.0394392982125,
        "dmean2": 0.0788848400116,
        "dvar": 0.0378845185041,
        "dvar2": 0.0870788544416,
        "max": 1,
        "mean": 0.9577922225,
        "median": 1,
        "min": 0,
        "var": 0.0404219515622
    },
    "silence_rate_60dB": {
        "dmean": 0.00221747043543,
        "dmean2": 0.00435609044507,
        "dvar": 0.0022128673736,
        "dvar2": 0.00449559278786,
        "max": 1,
        "mean": 0.0168672781438,
        "median": 0,
        "min": 0,
        "var": 0.0165828354657
    },
    "spectral_centroid": {
        "dmean": 111.816108704,
        "dmean2": 171.311248779,
        "dvar": 44132.3476562,
        "dvar2": 89592.140625,
        "max": 10951.1025391,
        "mean": 618.301452637,
        "median": 397.249084473,
        "min": 190.598205566,
        "var": 271135.25
    },
    "spectral_complexity": {
        "dmean": 1.50978064537,
        "dmean2": 2.4075717926,
        "dvar": 5.06921291351,
        "dvar2": 11.2572689056,
        "max": 34,
        "mean": 8.39095687866,
        "median": 7,
        "min": 0,
        "var": 18.02161026
    },
    "spectral_decrease": {
        "dmean": 3.0220448366e-09,
        "dmean2": 4.89949592009e-09,
        "dvar": 3.18782073926e-17,
        "dvar2": 7.95348783523e-17,
        "max": 2.41612177737e-18,
        "mean": -1.04975512727e-08,
        "median": -8.41259240048e-09,
        "min": -7.99821862074e-08,
        "var": 6.29539701818e-17
    },
    "spectral_energy": {
        "dmean": 0.0117575256154,
        "dmean2": 0.0189637988806,
        "dvar": 0.000475318433018,
        "dvar2": 0.00117767904885,
        "max": 0.306884467602,
        "mean": 0.0412708520889,
        "median": 0.0333093479276,
        "min": 1.02280947366e-20,
        "var": 0.000947103253566
    },
    "spectral_energyband_high": {
        "dmean": 0.000496384687722,
        "dmean2": 0.000713601184543,
        "dvar": 9.69183815869e-07,
        "dvar2": 2.02581463782e-06,
        "max": 0.0114257642999,
        "mean": 0.00109475397039,
        "median": 0.00020643073367,
        "min": 7.15544107057e-21,
        "var": 2.95990389532e-06
    },
    "spectral_energyband_low": {
        "dmean": 0.00752975791693,
        "dmean2": 0.0123267294839,
        "dvar": 0.000343047926435,
        "dvar2": 0.000881844898686,
        "max": 0.271686822176,
        "mean": 0.0140152899548,
        "median": 0.00484250904992,
        "min": 1.0911524041e-22,
        "var": 0.000546340888832
    },
    "spectral_energyband_middle_high": {
        "dmean": 0.0002260668698,
        "dmean2": 0.000325356581016,
        "dvar": 1.83690758604e-07,
        "dvar2": 4.03953890782e-07,
        "max": 0.00866997521371,
        "mean": 0.000579008774366,
        "median": 0.000275715137832,
        "min": 1.88012862185e-21,
        "var": 7.57828786391e-07
    },
    "spectral_energyband_middle_low": {
        "dmean": 0.00639679282904,
        "dmean2": 0.0105161238462,
        "dvar": 9.21764221857e-05,
        "dvar2": 0.000242337817326,
        "max": 0.178585410118,
        "mean": 0.0266985446215,
        "median": 0.0252130441368,
        "min": 2.76175128965e-22,
        "var": 0.000213761624764
    },
    "spectral_entropy": {
        "dmean": 0.256588548422,
        "dmean2": 0.358197152615,
        "dvar": 0.170426249504,
        "dvar2": 0.322658032179,
        "max": 9.79680728912,
        "mean": 6.32234477997,
        "median": 6.47858142853,
        "min": 2.9230453968,
        "var": 1.76647210121
    },
    "spectral_flux": {
        "dmean": 0.027802342549,
        "dmean2": 0.0432243235409,
        "dvar": 0.00185995234642,
        "dvar2": 0.00405605975538,
        "max": 0.502953231335,
        "mean": 0.0667468085885,
        "median": 0.0482662022114,
        "min": 1.01134045583e-10,
        "var": 0.00354546029121
    },
    "spectral_kurtosis": {
        "dmean": 45.5595703125,
        "dmean2": 79.4332046509,
        "dvar": 18767.3125,
        "dvar2": 57265.7460938,
        "max": 1706.10192871,
        "mean": 87.5830993652,
        "median": 3.55441069603,
        "min": -1.19642472267,
        "var": 44680.46875
    },
    "spectral_rms": {
        "dmean": 0.000775639608037,
        "dmean2": 0.0012223754311,
        "dvar": 1.34812069064e-06,
        "dvar2": 3.08635026158e-06,
        "max": 0.0173031631857,
        "mean": 0.00596953881904,
        "median": 0.00570060778409,
        "min": 3.15889675528e-12,
        "var": 4.62870730189e-06
    },
    "spectral_rolloff": {
        "dmean": 223.734985352,
        "dmean2": 397.469238281,
        "dvar": 632158,
        "dvar2": 1504704,
        "max": 19056.8847656,
        "mean": 766.016540527,
        "median": 366.064453125,
        "min": 107.666015625,
        "var": 3480025
    },
    "spectral_skewness": {
        "dmean": 0.990999639034,
        "dmean2": 1.64002096653,
        "dvar": 4.39882802963,
        "dvar2": 13.1713256836,
        "max": 34.2606430054,
        "mean": 4.71218156815,
        "median": 1.80206561089,
        "min": 0.0194157548249,
        "var": 43.3665962219
    },
    "spectral_spread": {
        "dmean": 630173.5625,
        "dmean2": 899205.3125,
        "dvar": 1.03779500032e+12,
        "dvar2": 1.6720274391e+12,
        "max": 40818580,
        "mean": 5272365,
        "median": 5658446,
        "min": 52114.46875,
        "var": 9.33378496922e+12
    },
    "spectral_strongpeak": {
        "dmean": 0.305071294308,
        "dmean2": 0.529168248177,
        "dvar": 0.152870252728,
        "dvar2": 0.38548579812,
        "max": 4.01203727722,
        "mean": 1.10788488388,
        "median": 0.935767233372,
        "min": 0,
        "var": 0.489635676146
    },
    "zerocrossingrate": {
        "dmean": 0.00797069724649,
        "dmean2": 0.00921477098018,
        "dvar": 0.000139103416586,
        "dvar2": 0.000162749332958,
        "max": 0.5224609375,
        "mean": 0.0434676259756,
        "median": 0.02490234375,
        "min": 0.00439453125,
        "var": 0.00274150981568
    },
    "barkbands": {
        "dmean": [8.34126985865e-05, 0.00528888823465, 0.00294012250379, 0.00165636569727, 0.00381150096655, 0.00267206993885, 0.000596067344304, 0.000308167131152, 0.000171615261934, 6.17495461483e-05, 6.00699968345e-05, 4.75847555208e-05, 2.94229666906e-05, 2.5700277547e-05, 1.684964991e-05, 1.636144043e-05, 1.60758918355e-05, 1.45378589878e-05, 4.35721340182e-05, 4.55336485174e-05, 0.00011437611829, 0.000144529403769, 0.000126056096633, 6.76857671351e-05, 5.56384839001e-05, 4.22040175181e-05, 1.29337840917e-05],
        "dmean2": [0.000124010475702, 0.00866694655269, 0.00488385744393, 0.00287935021333, 0.00622589886189, 0.00431513413787, 0.000912026618607, 0.00043850831571, 0.000202750132303, 8.01422938821e-05, 8.21469002403e-05, 6.46563130431e-05, 4.43788776465e-05, 4.09686981584e-05, 2.71221197181e-05, 2.61975110334e-05, 2.50721350312e-05, 2.36061132455e-05, 6.62478123559e-05, 7.18122391845e-05, 0.000164576238603, 0.000230934107094, 0.000186229503015, 0.000101989448012, 7.60924813221e-05, 6.17834521108e-05, 1.85952394531e-05],
        "dvar": [3.88552763297e-08, 0.000197551344172, 5.07551703777e-05, 2.0242172468e-05, 3.34204160026e-05, 1.40483134601e-05, 2.49537106356e-06, 3.00374551898e-07, 8.77022543477e-08, 3.41377166535e-08, 3.11146557408e-08, 2.96947391121e-08, 1.70651368592e-08, 1.79167436443e-08, 4.54199744482e-09, 3.25853100058e-09, 1.25833587994e-09, 1.67327840472e-09, 6.88828416529e-09, 1.1437588654e-08, 4.77109765029e-08, 7.00605511383e-08, 6.35140295913e-08, 2.69407749443e-08, 1.38530591443e-08, 9.83331194249e-09, 8.29043056427e-10],
        "dvar2": [7.65649943446e-08, 0.000526994117536, 0.000133090172312, 5.82802204008e-05, 8.7474429165e-05, 3.5247332562e-05, 5.69398798689e-06, 6.8012718657e-07, 1.38289664164e-07, 5.34335278246e-08, 5.46072449481e-08, 5.46681242497e-08, 3.74613406962e-08, 4.49804851144e-08, 1.20779013457e-08, 9.33455002183e-09, 3.08220893253e-09, 4.67462113463e-09, 1.53004187098e-08, 3.03886764641e-08, 1.09534731507e-07, 1.74600017999e-07, 1.34284064757e-07, 6.32935481804e-08, 2.69097384376e-08, 2.29167032018e-08, 1.61252211583e-09],
        "max": [0.00268895225599, 0.231556773186, 0.0863625556231, 0.0907405763865, 0.0798907801509, 0.063632927835, 0.0486101172864, 0.0139004280791, 0.00621999008581, 0.00463018752635, 0.00397206656635, 0.0046362997964, 0.00395379494876, 0.00294159376062, 0.00237693986855, 0.00189798674546, 0.000831138342619, 0.000748531310819, 0.000995240290649, 0.0027659048792, 0.00504299346358, 0.00359294377267, 0.00240234471858, 0.00165354507044, 0.00105177180376, 0.00103081017733, 0.000234247927438],
        "mean": [0.000109491928015, 0.00855190865695, 0.00425462936983, 0.00269074412063, 0.0106590082869, 0.0104141486809, 0.00168806209695, 0.00074621028034, 0.000466877419967, 0.000111193185148, 0.000113896057883, 8.85823828867e-05, 4.30104155384e-05, 3.44477739418e-05, 2.39613709709e-05, 2.49850763794e-05, 2.42436035478e-05, 1.92683182831e-05, 7.50352919567e-05, 8.01745918579e-05, 0.000219432811718, 0.000290931173367, 0.000210193582461, 0.000131137916469, 0.000112612695375, 6.87942738296e-05, 1.78254958882e-05],
        "median": [1.35272166517e-05, 0.00216579576954, 0.00105787883513, 0.00146548566408, 0.009152575396, 0.00882564671338, 0.000383247155696, 0.000449398299679, 0.000224812043598, 2.07666507777e-05, 2.02139344765e-05, 6.27580402579e-06, 3.33930074703e-06, 1.94070798898e-06, 1.640771643e-06, 3.68157589037e-06, 3.48055823451e-06, 4.51189043815e-06, 1.72488362296e-05, 1.89280690392e-05, 4.62087846245e-05, 6.60444711684e-05, 3.5304154153e-05, 1.92730003619e-05, 1.03771217255e-05, 2.53206690104e-06, 6.13907332081e-07],
        "min": [3.162841874e-23, 4.14166995153e-23, 3.87766629e-23, 1.05423442371e-23, 5.35768704624e-23, 3.09117038977e-23, 3.27646939879e-23, 1.60838230947e-23, 8.72440213258e-23, 6.66637068485e-23, 1.59433105592e-22, 1.33954842107e-22, 2.06372714968e-22, 1.25553120056e-22, 6.8739546989e-23, 2.39233593188e-22, 1.58371210461e-22, 1.81107494414e-22, 3.16223287338e-22, 4.47924713559e-22, 3.09551745512e-22, 3.14665583662e-22, 6.63381988577e-22, 8.84245371554e-22, 1.16036839783e-21, 1.61546778239e-21, 2.21751632784e-21],
        "var": [7.46765493886e-08, 0.000272823614068, 6.90509550623e-05, 1.78384707397e-05, 7.0229456469e-05, 9.58603195613e-05, 1.91065391846e-05, 9.9013129784e-07, 4.28656477425e-07, 1.06596139915e-07, 8.71174279382e-08, 8.77637233998e-08, 3.37516397053e-08, 3.31366116768e-08, 8.14918443837e-09, 5.58549784202e-09, 2.11431538943e-09, 1.92160132251e-09, 1.4957318939e-08, 2.4035207602e-08, 1.51691025962e-07, 2.03968880896e-07, 1.2313344655e-07, 5.00808319259e-08, 3.83973599583e-08, 1.86917077372e-08, 1.41081291094e-09]
    },
    "erbbands": {
        "dmean": [0.101854689419, 1.36102986336, 3.34334850311, 4.14208650589, 8.94634342194, 13.0995187759, 18.7647151947, 27.4889736176, 11.2068414688, 7.58551549911, 5.0846862793, 3.61433625221, 2.56725859642, 2.11295938492, 2.21508574486, 1.39964663982, 1.4249433279, 1.12859344482, 1.0907407999, 0.875018358231, 0.85148537159, 1.01431274414, 0.794298052788, 1.25306367874, 2.71956443787, 2.18615031242, 3.46571302414, 4.7778506279, 5.1019282341, 4.97065782547, 3.28182983398, 1.84910094738, 1.01778233051, 0.609174907207, 0.440738588572, 0.234630122781, 0.063043512404, 0.0175354611129, 0.00182933278847, 9.5915653219e-05],
        "dmean2": [0.164044097066, 2.24247455597, 5.53886461258, 7.10690355301, 15.2998933792, 21.2205352783, 28.6708679199, 45.1571159363, 18.1584224701, 11.298406601, 6.81307172775, 4.31867694855, 3.15195727348, 2.82392907143, 3.0326051712, 1.91235399246, 2.12298560143, 1.75272071362, 1.73139107227, 1.45353507996, 1.32530152798, 1.57226371765, 1.29770433903, 1.97897720337, 4.1742310524, 3.52363801003, 4.94876861572, 7.46700143814, 8.1942615509, 7.63471126556, 5.04144334793, 2.7920498848, 1.58710515499, 0.913852214813, 0.619108200073, 0.342673569918, 0.0900123789907, 0.0258748140186, 0.00258892751299, 0.000137055336381],
        "dvar": [0.0683662891388, 13.4301586151, 68.2955627441, 108.304267883, 401.92175293, 386.845855713, 705.861816406, 1711.23291016, 421.268676758, 341.321838379, 74.731300354, 42.3733978271, 36.0549354553, 34.65209198, 46.603187561, 22.3758010864, 35.2509498596, 26.7862319946, 19.6482162476, 7.73126459122, 6.86531162262, 5.27399015427, 5.26868629456, 6.96266269684, 27.9083385468, 36.7029457092, 49.5759963989, 88.7540664673, 99.5914001465, 86.8073883057, 47.9077339172, 23.6221237183, 5.11839962006, 1.67559862137, 0.824959993362, 0.296649008989, 0.02109904401, 0.00152200227603, 1.75027162186e-05, 4.27569162298e-08],
        "dvar2": [0.173168540001, 36.2712249756, 179.636032104, 303.504211426, 1103.61865234, 989.423339844, 1754.48803711, 4372.67724609, 1113.27246094, 731.861938477, 154.37361145, 64.9582748413, 56.8452110291, 59.9079475403, 82.7747039795, 43.1908226013, 76.6820068359, 63.7502174377, 51.1764755249, 21.6557121277, 17.9733142853, 12.841342926, 14.5264434814, 17.3790035248, 65.8080749512, 102.013412476, 95.8470230103, 226.127243042, 258.22164917, 185.972610474, 112.583580017, 59.6028251648, 11.7196931839, 3.54124355316, 1.5133408308, 0.685575485229, 0.0446563735604, 0.00318341748789, 3.44517975464e-05, 7.84921425634e-08],
        "max": [3.69840574265, 60.6464729309, 96.4609603882, 178.447647095, 510.441589355, 273.897857666, 453.047698975, 781.43170166, 518.897460938, 627.015563965, 210.871520996, 164.412414551, 180.600097656, 123.241905212, 202.465820312, 129.600601196, 166.021911621, 183.198516846, 110.751205444, 86.661895752, 119.496772766, 55.8765525818, 39.7316207886, 51.2660064697, 67.392364502, 192.053146362, 190.674377441, 162.143051147, 145.319641113, 122.045684814, 67.6801681519, 51.2850761414, 28.8339996338, 11.1654491425, 9.00288295746, 5.86637687683, 1.50691509247, 0.309193313122, 0.0400846078992, 0.00194594543427],
        "mean": [0.148497819901, 2.21870064735, 5.42884540558, 6.82741498947, 16.248872757, 38.5431213379, 66.5789794922, 98.1569061279, 34.2693138123, 22.9607982635, 14.2089319229, 9.80023670197, 5.87627077103, 4.09431838989, 4.49880361557, 2.67425847054, 2.19802045822, 1.69083702564, 1.59654390812, 1.21244621277, 1.38616132736, 1.54857110977, 1.07096529007, 2.02485585213, 4.83579492569, 3.7587788105, 7.37895965576, 8.48792076111, 9.77674388885, 9.83788490295, 5.45482397079, 3.16628193855, 1.99697351456, 1.23794126511, 0.832339525223, 0.3982206285, 0.100362725556, 0.0244430787861, 0.00266757747158, 0.000174650223926],
        "median": [0.0469224192202, 0.528939545155, 1.37553274632, 4.08241701126, 10.1672744751, 30.1772251129, 56.8893318176, 54.8185806274, 18.9436454773, 9.72378540039, 8.38266277313, 4.8677277565, 1.92496538162, 0.873910427094, 0.863897800446, 0.272410094738, 0.189607381821, 0.170547306538, 0.128307729959, 0.170678049326, 0.244492188096, 0.283211529255, 0.259675115347, 0.50862133503, 1.36873328686, 0.759953975677, 1.15129232407, 1.96435940266, 1.76456570625, 2.06231975555, 0.993249237537, 0.498830676079, 0.293243348598, 0.121485300362, 0.0666884630919, 0.0156534984708, 0.00380189507268, 0.000894596101716, 0.00011384570098, 5.77423379582e-05],
        "min": [1.15065629578e-21, 9.5882269119e-21, 4.2599161774e-20, 4.94810136647e-20, 6.51649655395e-20, 2.15233959275e-19, 3.56764058019e-19, 1.3807266473e-19, 2.90836238085e-19, 5.08506644929e-19, 9.77989079906e-19, 1.88638414616e-18, 2.33887592946e-18, 2.90362666844e-18, 5.3524781215e-18, 6.68854934588e-18, 1.15767070013e-17, 5.80740016144e-18, 3.7887940895e-18, 7.50610405764e-18, 1.2962933495e-17, 1.07296856346e-17, 9.7224269755e-18, 1.10032235098e-17, 2.16192884426e-17, 1.87193702317e-17, 1.8272441238e-17, 9.54046295717e-18, 1.34858497813e-17, 1.75797287602e-17, 1.6722382525e-17, 1.72453525781e-17, 1.40266968617e-17, 1.08296975609e-17, 1.00665092949e-17, 6.49966596173e-18, 2.72031269135e-18, 1.03946431585e-18, 3.3548915361e-19, 3.34881582988e-20],
        "var": [0.0891747102141, 18.7655525208, 104.960220337, 109.670639038, 433.417358398, 1126.74938965, 3126.11499023, 11721.7851562, 2271.35107422, 2496.81591797, 311.621887207, 191.739761353, 132.021438599, 99.0141830444, 134.113052368, 68.2310256958, 73.7456054688, 58.4066123962, 35.3373565674, 12.0269784927, 13.9574260712, 8.86902332306, 5.35708045959, 13.1740283966, 59.4442367554, 69.055847168, 196.516174316, 211.026504517, 262.46673584, 216.173797607, 81.2616958618, 31.6915531158, 11.2577419281, 4.48981189728, 2.29247355461, 0.605362355709, 0.0424302108586, 0.00253249937668, 3.1206967833e-05, 7.85835752026e-08]
    },
    "gfcc": {
        "mean": [-83.3159332275, 114.990814209, -33.0019836426, 24.2691020966, -89.9850692749, -15.7995548248, -37.0063285828, -9.07532119751, -22.0112895966, -2.39586472511, -12.0027885437, 2.62996292114, -4.67389345169],
        "cov": [[22835.0800781, -7469.11035156, -1607.3371582, 5485.85400391, -484.122741699, 1827.21374512, -125.140861511, 1194.2298584, -212.328659058, 1136.6652832, -446.790771484, 785.701171875, -499.911132812], [-7469.11035156, 6366.74414062, 1162.92614746, -2788.36083984, 511.979370117, -748.429382324, 271.534637451, -654.679992676, 239.732833862, -671.143981934, 398.471557617, -443.623138428, 309.547668457], [-1607.3371582, 1162.92614746, 1023.14660645, -285.870758057, 105.111854553, -142.257904053, 151.031021118, 31.6195106506, 89.0946121216, -88.6129684448, -7.31845617294, -132.048217773, -1.25711810589], [5485.85400391, -2788.36083984, -285.870758057, 2720.22167969, 35.4590911865, 716.269104004, 129.520629883, 588.97845459, 64.7432556152, 401.111907959, -109.941802979, 224.089904785, -226.512557983], [-484.122741699, 511.979370117, 105.111854553, 35.4590911865, 651.915283203, 228.30078125, 81.8248825073, 14.0431203842, 103.343833923, 28.7496185303, 19.2609443665, -31.1526641846, -6.58193206787], [1827.21374512, -748.429382324, -142.257904053, 716.269104004, 228.30078125, 497.312591553, 132.79335022, 200.768554688, 32.1225891113, 163.915374756, 1.69949579239, 88.8071212769, -66.2638473511], [-125.140861511, 271.534637451, 151.031021118, 129.520629883, 81.8248825073, 132.79335022, 195.010101318, 101.015464783, 58.7247924805, 0.79984164238, 48.2643013, 5.44337701797, 2.78728079796], [1194.2298584, -654.679992676, 31.6195106506, 588.97845459, 14.0431203842, 200.768554688, 101.015464783, 268.213256836, 72.6492996216, 121.294944763, -32.0643234253, 69.0416183472, -37.7254371643], [-212.328659058, 239.732833862, 89.0946121216, 64.7432556152, 103.343833923, 32.1225891113, 58.7247924805, 72.6492996216, 122.074493408, 36.7098388672, 31.452791214, -12.7844743729, 7.43653345108], [1136.6652832, -671.143981934, -88.6129684448, 401.111907959, 28.7496185303, 163.915374756, 0.79984164238, 121.294944763, 36.7098388672, 182.708007812, -4.74323415756, 64.5376815796, -45.0516052246], [-446.790771484, 398.471557617, -7.31845617294, -109.941802979, 19.2609443665, 1.69949579239, 48.2643013, -32.0643234253, 31.452791214, -4.74323415756, 145.73135376, 31.9899368286, 31.5770587921], [785.701171875, -443.623138428, -132.048217773, 224.089904785, -31.1526641846, 88.8071212769, 5.44337701797, 69.0416183472, -12.7844743729, 64.5376815796, 31.9899368286, 125.951629639, 22.6487789154], [-499.911132812, 309.547668457, -1.25711810589, -226.512557983, -6.58193206787, -66.2638473511, 2.78728079796, -37.7254371643, 7.43653345108, -45.0516052246, 31.5770587921, 22.6487789154, 93.3090820312]],
        "icov": [[0.000174785891431, -0.000278639548924, 0.00015226904361, -0.000258272921201, 0.000327163696056, -0.000462942291051, 0.000551408622414, -0.000279842148302, 0.000490121426992, -0.000610264076386, 0.000798381690402, -0.000827513751574, 0.000397553754738], [-0.000278639548924, 0.00179673708044, -0.000870171061251, 0.000795374566223, -0.00106468133163, 0.00093555013882, -0.00212209508754, 0.00204682885669, -0.00291169784032, 0.00304116471671, -0.00347320036963, 0.00316424481571, -0.00194638094399], [0.00015226904361, -0.000870171061251, 0.00200961413793, -0.00033366115531, 9.85998049146e-05, 0.000726742320694, -0.0006186812534, -0.00176999229006, 0.00167851592414, -0.00175713514909, 0.0019001327455, -0.00043773453217, 0.00122661341447], [-0.000258272921201, 0.000795374566223, -0.00033366115531, 0.00159369735047, -0.000470385944936, -4.14561473008e-05, -0.000701122626197, -0.000663601327688, -0.00147735350765, 0.00155305943917, -0.00161211832892, 0.000865796639118, 0.000734982953873], [0.000327163696056, -0.00106468133163, 9.85998049146e-05, -0.000470385944936, 0.00374290300533, -0.00366769661196, 0.0021790554747, 0.000925007509068, -0.00181981408969, -0.00110616919119, 0.00325155281462, -0.00260974047706, 0.0012565968791], [-0.000462942291051, 0.00093555013882, 0.000726742320694, -4.14561473008e-05, -0.00366769661196, 0.0091211264953, -0.00679517863318, -0.000394660281017, 0.00248713092878, -0.00190001260489, -0.0024391869083, 0.00207294151187, -0.000205916207051], [0.000551408622414, -0.00212209508754, -0.0006186812534, -0.000701122626197, 0.0021790554747, -0.00679517863318, 0.0170207284391, -0.00830573029816, 0.00217186380178, 0.0016301209107, -0.00102067564148, -0.00172554131132, 0.00112360657658], [-0.000279842148302, 0.00204682885669, -0.00176999229006, -0.000663601327688, 0.000925007509068, -0.000394660281017, -0.00830573029816, 0.0193494930863, -0.0127975372598, 0.00124934897758, 0.00372344139032, -0.00422322843224, -0.00067990378011], [0.000490121426992, -0.00291169784032, 0.00167851592414, -0.00147735350765, -0.00181981408969, 0.00248713092878, 0.00217186380178, -0.0127975372598, 0.0260667596012, -0.0108592826873, -0.00129911419936, 0.0048616672866, -0.00294058211148], [-0.000610264076386, 0.00304116471671, -0.00175713514909, 0.00155305943917, -0.00110616919119, -0.00190001260489, 0.0016301209107, 0.00124934897758, -0.0108592826873, 0.019510185346, -0.00673371041194, 0.000500386580825, 0.00185983255506], [0.000798381690402, -0.00347320036963, 0.0019001327455, -0.00161211832892, 0.00325155281462, -0.0024391869083, -0.00102067564148, 0.00372344139032, -0.00129911419936, -0.00673371041194, 0.0205581057817, -0.0147016355768, 0.00540842954069], [-0.000827513751574, 0.00316424481571, -0.00043773453217, 0.000865796639118, -0.00260974047706, 0.00207294151187, -0.00172554131132, -0.00422322843224, 0.0048616672866, 0.000500386580825, -0.0147016355768, 0.0292848590761, -0.0154816303402], [0.000397553754738, -0.00194638094399, 0.00122661341447, 0.000734982953873, 0.0012565968791, -0.000205916207051, 0.00112360657658, -0.00067990378011, -0.00294058211148, 0.00185983255506, 0.00540842954069, -0.0154816303402, 0.0237985681742]]
    },
    "melbands": {
        "dmean": [0.00121967867017, 0.00171481969301, 0.000815117557067, 0.000769697828218, 0.00066451652674, 0.000560093554668, 0.00017364246014, 8.37246479932e-05, 3.84219601983e-05, 2.37437106989e-05, 1.28771416712e-05, 8.6530644694e-06, 6.65428024149e-06, 6.47972183287e-06, 3.01540012515e-06, 3.33898356075e-06, 2.14546912503e-06, 1.91418325812e-06, 1.50134303567e-06, 1.12730469937e-06, 9.50641833697e-07, 1.23035988508e-06, 6.9789950885e-07, 6.37254856883e-07, 1.12140105557e-06, 1.88268893453e-06, 1.66493646248e-06, 1.54455392476e-06, 2.03685681299e-06, 3.64544371223e-06, 2.80917197415e-06, 2.63914444076e-06, 3.43044621332e-06, 2.96158032143e-06, 2.21357777264e-06, 1.29929026116e-06, 1.19432843348e-06, 7.74410750637e-07, 5.81056951887e-07, 5.38013864571e-07],
        "dmean2": [0.00198491616175, 0.00284484564327, 0.00138184113894, 0.00127963267732, 0.0010295388056, 0.000918484292924, 0.000279257888906, 0.000123624078697, 5.04313393321e-05, 2.8040858524e-05, 1.58915681823e-05, 1.15301163532e-05, 9.1266756499e-06, 8.80543575477e-06, 4.31272701462e-06, 4.97147766509e-06, 3.37439905707e-06, 3.04416903418e-06, 2.44066313826e-06, 1.87541490959e-06, 1.4753072719e-06, 1.89760010016e-06, 1.17206809591e-06, 1.02378885458e-06, 1.85970259281e-06, 2.96371263175e-06, 2.63427591563e-06, 2.56698263001e-06, 3.01146769743e-06, 5.79658080824e-06, 4.70980376122e-06, 4.29786541645e-06, 5.34533592145e-06, 4.50366951554e-06, 3.48862931787e-06, 1.89660875094e-06, 1.82880989996e-06, 1.22728579299e-06, 9.08874994821e-07, 8.14716997866e-07],
        "dvar": [9.89565160125e-06, 1.95133798115e-05, 4.05903892897e-06, 1.80006668415e-06, 8.94317111033e-07, 6.83364703491e-07, 1.11558726701e-07, 3.20833741796e-08, 4.30816626817e-09, 1.90595450533e-09, 9.57952828173e-10, 5.6777177404e-10, 3.56486201669e-10, 4.75392392119e-10, 2.460395776e-10, 2.78034206769e-10, 1.32732505542e-10, 9.50968054303e-11, 4.93142714164e-11, 2.19747102459e-11, 8.40491478499e-12, 7.33644308498e-12, 6.20103924806e-12, 3.01857714172e-12, 5.90232160022e-12, 1.43599802188e-11, 9.39796331034e-12, 2.13507614366e-11, 1.94517665864e-11, 5.75046850415e-11, 3.27146781887e-11, 2.60817877712e-11, 4.34762989499e-11, 3.31084430705e-11, 2.15754671073e-11, 6.47115347419e-12, 1.06076666548e-11, 2.93725438937e-12, 1.62685696078e-12, 1.13879608868e-12],
        "dvar2": [2.6100413379e-05, 5.15057690791e-05, 1.11702311187e-05, 4.75532078781e-06, 2.32291699831e-06, 1.75634738753e-06, 2.85538447997e-07, 6.99665108073e-08, 8.45169711994e-09, 2.85991474946e-09, 1.50610102168e-09, 9.69851310373e-10, 6.35382468861e-10, 8.27800161751e-10, 5.01525154739e-10, 6.09569783538e-10, 3.16252107835e-10, 2.47723952462e-10, 1.32331479108e-10, 6.60424492871e-11, 2.12144538048e-11, 1.68792913674e-11, 1.76155548481e-11, 8.45450792708e-12, 1.51478465188e-11, 3.27329031935e-11, 2.44755084255e-11, 5.98919178141e-11, 3.99904241666e-11, 1.42849204687e-10, 8.52690210107e-11, 6.61613125397e-11, 1.10727350899e-10, 7.17006384821e-11, 5.19823593892e-11, 1.41856578567e-11, 2.70031497163e-11, 6.64673177608e-12, 4.11856399679e-12, 2.25049883243e-12],
        "max": [0.0490446127951, 0.0631393492222, 0.039308860898, 0.0221141427755, 0.0145829264075, 0.0152073381469, 0.00856810249388, 0.00573909608647, 0.0013764310861, 0.00110040372238, 0.000888007227331, 0.000551167526282, 0.000533841026481, 0.000565884169191, 0.000410495878896, 0.000547874660697, 0.000374837371055, 0.000260837899987, 0.000265043607214, 0.000175073990249, 0.000141056501889, 7.22684926586e-05, 5.17649423273e-05, 4.0025493945e-05, 5.14347848366e-05, 4.5508837502e-05, 5.65002883377e-05, 0.000139413547004, 0.000111122419185, 0.000194587453734, 0.000107423627924, 7.24064739188e-05, 9.22820836422e-05, 8.57112390804e-05, 4.3693005864e-05, 2.76633654721e-05, 3.48753055732e-05, 2.40111639869e-05, 1.06933848656e-05, 1.08160738819e-05],
        "mean": [0.00189001660328, 0.00303871487267, 0.001454261248, 0.00188239803538, 0.00234124832787, 0.00204316154122, 0.000523688911926, 0.000240745168412, 0.000104532300611, 6.25572793069e-05, 2.81322008959e-05, 1.60989930009e-05, 1.33690418807e-05, 1.22578439914e-05, 4.68763482786e-06, 4.89006151838e-06, 2.9739310321e-06, 2.63221136265e-06, 2.05689389077e-06, 1.58861553246e-06, 1.45524290929e-06, 1.85409021469e-06, 8.31659690448e-07, 8.99159715573e-07, 1.59044498105e-06, 3.18723004966e-06, 3.14746989716e-06, 2.23093320528e-06, 4.14878149968e-06, 5.88239481658e-06, 4.42610098617e-06, 4.68140569865e-06, 6.96309780324e-06, 4.94141841045e-06, 3.36372318088e-06, 2.17857859752e-06, 1.8872264036e-06, 1.5397624793e-06, 1.01801663277e-06, 1.03788499928e-06],
        "median": [0.000538878550287, 0.000805438612588, 0.000898808822967, 0.00147441239096, 0.00211355555803, 0.00138805736788, 0.000249592761975, 0.00011126264144, 6.15140743321e-05, 2.91412761726e-05, 7.51987317926e-06, 2.65239100372e-06, 2.62414914687e-06, 1.40245265356e-06, 2.16413098997e-07, 3.34019887305e-07, 2.21098076736e-07, 1.64592634633e-07, 1.33295429805e-07, 2.21788738486e-07, 2.58151032995e-07, 2.34480694417e-07, 1.81824034939e-07, 2.22579416231e-07, 3.30756108724e-07, 8.1254631823e-07, 9.9269891507e-07, 2.71255373718e-07, 5.0487324188e-07, 1.34562128551e-06, 8.7064336185e-07, 6.58541864595e-07, 1.53182588747e-06, 9.21873663629e-07, 5.26814119439e-07, 4.25564763873e-07, 2.5384537139e-07, 2.5456796493e-07, 1.14425873221e-07, 9.46680032143e-08],
        "min": [1.25657361714e-23, 1.99614467862e-23, 7.58757420875e-24, 1.09269304945e-23, 1.11501576203e-23, 3.61912817236e-24, 5.61801848137e-24, 4.93319767992e-24, 1.00958836746e-23, 1.17112522941e-23, 1.14217900401e-23, 1.04753123594e-23, 2.23284791526e-23, 1.34179591734e-23, 2.22435645871e-23, 2.04358693124e-23, 1.00298039521e-23, 6.79710718273e-24, 5.91919571422e-24, 1.21356965375e-23, 1.5795346128e-23, 9.96919261327e-24, 9.02968136326e-24, 9.65077679748e-24, 7.82454881354e-24, 1.51065254074e-23, 1.55183092222e-23, 1.16375340313e-23, 1.27582016662e-23, 6.71213897463e-24, 5.1826709969e-24, 7.6753018523e-24, 5.87693840768e-24, 1.25152285631e-23, 1.07512977137e-23, 8.21139436855e-24, 1.14229338884e-23, 1.07900347284e-23, 7.06271033863e-24, 9.9373810084e-24],
        "var": [1.29416503114e-05, 3.09640054184e-05, 4.26995075031e-06, 3.06547349282e-06, 3.31000637743e-06, 4.56564748674e-06, 7.11044208401e-07, 2.12681868561e-07, 1.90161113522e-08, 8.62992788342e-09, 3.45609652008e-09, 1.65161384569e-09, 1.04213460084e-09, 1.359554469e-09, 5.51226342349e-10, 5.35964717052e-10, 2.7388935564e-10, 1.59521784671e-10, 8.2722904915e-11, 3.10194786524e-11, 1.67884473684e-11, 1.40610769556e-11, 4.73218643091e-12, 4.17789414175e-12, 1.0243492686e-11, 2.83725872657e-11, 2.29627688392e-11, 3.29381175113e-11, 6.56870391413e-11, 1.3498721585e-10, 6.07454642143e-11, 6.22052409582e-11, 1.24794619083e-10, 6.45876130356e-11, 3.44290533583e-11, 1.22338666975e-11, 1.31312721113e-11, 6.78190273037e-12, 2.9503767051e-12, 3.35730878862e-12]
    },
    "mfcc": {
        "mean": [-738.822631836, 134.953353882, 85.9213485718, 37.8035774231, -22.5432834625, -8.81210803986, -17.8055095673, -8.6949224472, -11.7997589111, -8.93148136139, -8.51085090637, -7.35828018188, -0.621468603611],
        "cov": [[14535.3007812, -5257.48828125, -800.826477051, 1646.92041016, 1060.2265625, 1596.20800781, 634.422729492, 728.080932617, 698.495788574, 684.463317871, 530.813110352, 403.324951172, 623.311218262], [-5257.48828125, 4173.51660156, 595.976867676, -639.246032715, -211.624557495, -370.458435059, 4.05811023712, -40.7723045349, -172.700668335, -173.524887085, -102.054031372, -46.7182731628, -164.94921875], [-800.826477051, 595.976867676, 807.694763184, 214.6690979, -44.7008209229, -79.9316177368, 63.3360366821, 95.2609786987, 70.5783081055, 68.1462173462, 83.1132125854, 19.5399036407, -26.7627029419], [1646.92041016, -639.246032715, 214.6690979, 817.479370117, 406.762176514, 361.349975586, 177.112609863, 252.181137085, 217.081390381, 221.744934082, 183.550354004, 137.119125366, 117.069366455], [1060.2265625, -211.624557495, -44.7008209229, 406.762176514, 543.283935547, 415.53112793, 215.234954834, 194.038284302, 198.41809082, 176.763458252, 133.53364563, 123.238586426, 108.703163147], [1596.20800781, -370.458435059, -79.9316177368, 361.349975586, 415.53112793, 488.936035156, 263.280456543, 219.797470093, 176.535354614, 176.955566406, 148.155899048, 125.573760986, 124.174728394], [634.422729492, 4.05811023712, 63.3360366821, 177.112609863, 215.234954834, 263.280456543, 243.838851929, 195.554122925, 116.975646973, 100.221794128, 98.0183105469, 83.4299240112, 80.6944656372], [728.080932617, -40.7723045349, 95.2609786987, 252.181137085, 194.038284302, 219.797470093, 195.554122925, 260.638183594, 149.57913208, 119.813194275, 107.590438843, 77.406867981, 82.336517334], [698.495788574, -172.700668335, 70.5783081055, 217.081390381, 198.41809082, 176.535354614, 116.975646973, 149.57913208, 211.436294556, 151.187728882, 84.1519241333, 64.8762435913, 62.6809005737], [684.463317871, -173.524887085, 68.1462173462, 221.744934082, 176.763458252, 176.955566406, 100.221794128, 119.813194275, 151.187728882, 194.812744141, 126.152893066, 47.0463142395, 48.5622177124], [530.813110352, -102.054031372, 83.1132125854, 183.550354004, 133.53364563, 148.155899048, 98.0183105469, 107.590438843, 84.1519241333, 126.152893066, 165.127197266, 103.838562012, 49.8795623779], [403.324951172, -46.7182731628, 19.5399036407, 137.119125366, 123.238586426, 125.573760986, 83.4299240112, 77.406867981, 64.8762435913, 47.0463142395, 103.838562012, 154.360351562, 91.1119232178], [623.311218262, -164.94921875, -26.7627029419, 117.069366455, 108.703163147, 124.174728394, 80.6944656372, 82.336517334, 62.6809005737, 48.5622177124, 49.8795623779, 91.1119232178, 138.083389282]],
