{
"lowlevel": {
    "average_loudness": 0.92484921217,
    "barkbands_crest": {
        "dmean": 1.73689818382,
        "dmean2": 2.83844685555,
        "dvar": 2.04930472374,
        "dvar2": 5.34115314484,
        "max": 17.3151550293,
        "mean": 8.95371341705,
        "median": 8.75397014618,
        "min": 3.4780921936,
        "var": 4.46231460571
    },
    "barkbands_flatness_db": {
        "dmean": 0.0236339271069,
        "dmean2": 0.0405017063022,
        "dvar": 0.000413055589888,
        "dvar2": 0.00120693189092,
        "max": 0.613985002041,
        "mean": 0.403605431318,
        "median": 0.408838540316,
        "min": 0.0333955325186,
        "var": 0.00874905753881
    },
    "barkbands_kurtosis": {
        "dmean": 0.718613445759,
        "dmean2": 1.07302939892,
        "dvar": 1.16859650612,
        "dvar2": 2.45543479919,
        "max": 34.2833518982,
        "mean": 0.112864911556,
        "median": -0.525214195251,
        "min": -1.84989702702,
        "var": 4.81787395477
    },
    "barkbands_skewness": {
        "dmean": 0.313682883978,
        "dmean2": 0.46897059679,
        "dvar": 0.0652976110578,
        "dvar2": 0.143660441041,
        "max": 3.81289100647,
        "mean": 0.448488354683,
        "median": 0.408828496933,
        "min": -2.22431993484,
        "var": 0.357109934092
    },
    "barkbands_spread": {
        "dmean": 1.17523157597,
        "dmean2": 1.83159732819,
        "dvar": 1.57608532906,
        "dvar2": 3.63211584091,
        "max": 85.8004226685,
        "mean": 7.86391878128,
        "median": 7.51970148087,
        "min": 1.82759225368,
        "var": 16.0124702454
    },
    "dissonance": {
        "dmean": 0.070031568408,
        "dmean2": 0.120695762336,
        "dvar": 0.00334366294555,
        "dvar2": 0.00982527155429,
        "max": 0.499999940395,
        "mean": 0.326541632414,
        "median": 0.332349568605,
        "min": 0.0570321120322,
        "var": 0.00799585599452
    },
    "dynamic_complexity": 2.70055913925,
    "erbbands_crest": {
        "dmean": 2.60414099693,
        "dmean2": 3.43208098412,
        "dvar": 5.49084663391,
        "dvar2": 8.94633674622,
        "max": 31.0020618439,
        "mean": 18.3386688232,
        "median": 18.6850833893,
        "min": 2.54976296425,
        "var": 35.9352760315
    },
    "erbbands_flatness_db": {
        "dmean": 0.0163126066327,
        "dmean2": 0.024277985096,
        "dvar": 0.000189744692761,
        "dvar2": 0.000454164604889,
        "max": 0.576610326767,
        "mean": 0.421980768442,
        "median": 0.430611938238,
        "min": 0.0546709895134,
        "var": 0.00713618518785
    },
    "erbbands_kurtosis": {
        "dmean": 0.960931539536,
        "dmean2": 1.40500664711,
        "dvar": 1.04501736164,
        "dvar2": 2.17288160324,
        "max": 27.7639102936,
        "mean": 1.31904113293,
        "median": 0.694165706635,
        "min": -1.59728229046,
        "var": 4.83466291428
    },
    "erbbands_skewness": {
        "dmean": 0.32409876585,
        "dmean2": 0.438669353724,
        "dvar": 0.0756983608007,
        "dvar2": 0.14236035943,
        "max": 3.70548963547,
        "mean": -0.391176015139,
        "median": -0.421886622906,
        "min": -3.25422811508,
        "var": 0.797651350498
    },
    "erbbands_spread": {
        "dmean": 1.7910836935,
        "dmean2": 2.53517436981,
        "dvar": 3.61838412285,
        "dvar2": 7.19123840332,
        "max": 87.507270813,
        "mean": 9.81658744812,
        "median": 8.56190109253,
        "min": 2.22066736221,
        "var": 30.1120300293
    },
    "hfc": {
        "dmean": 2.73541116714,
        "dmean2": 2.99468803406,
        "dvar": 7.38539838791,
        "dvar2": 9.59320163727,
        "max": 67.9068603516,
        "mean": 14.6067895889,
        "median": 13.2096328735,
        "min": 1.22669865755e-16,
        "var": 82.8888549805
    },
    "melbands_crest": {
        "dmean": 2.08063292503,
        "dmean2": 3.46318531036,
        "dvar": 2.8040728569,
        "dvar2": 7.47951316833,
        "max": 22.7939586639,
        "mean": 10.2721748352,
        "median": 9.98754310608,
        "min": 1.61527788639,
        "var": 6.11809825897
    },
    "melbands_flatness_db": {
        "dmean": 0.0292496569455,
        "dmean2": 0.050410028547,
        "dvar": 0.000666575098876,
        "dvar2": 0.00197028624825,
        "max": 0.783366978168,
        "mean": 0.537495076656,
        "median": 0.552880465984,
        "min": 0.00335580250248,
        "var": 0.015653828159
    },
    "melbands_kurtosis": {
        "dmean": 1.00796997547,
        "dmean2": 1.51107239723,
        "dvar": 2.03538680077,
        "dvar2": 4.47134590149,
        "max": 34.980140686,
        "mean": 0.69081813097,
        "median": 0.000281810760498,
        "min": -1.78229987621,
        "var": 6.29725980759
    },
    "melbands_skewness": {
        "dmean": 0.341630756855,
        "dmean2": 0.525159776211,
        "dvar": 0.0774466246367,
        "dvar2": 0.177215263247,
        "max": 4.32002687454,
        "mean": 0.801244676113,
        "median": 0.739266991615,
        "min": -0.860111176968,
        "var": 0.339015692472
    },
    "melbands_spread": {
        "dmean": 1.8064186573,
        "dmean2": 2.76996922493,
        "dvar": 4.95044279099,
        "dvar2": 12.2180747986,
        "max": 167.792297363,
        "mean": 11.8648500443,
        "median": 10.4649991989,
        "min": 2.86909103394,
        "var": 165.790115356
    },
    "pitch_salience": {
        "dmean": 0.0554447695613,
        "dmean2": 0.0876959189773,
        "dvar": 0.00197150395252,
        "dvar2": 0.00482004182413,
        "max": 0.872092843056,
        "mean": 0.539504945278,
        "median": 0.531031668186,
        "min": 0.344176083803,
        "var": 0.00769080407917
    },
    "silence_rate_20dB": {
        "dmean": 0,
        "dmean2": 0,
        "dvar": 0,
        "dvar2": 0,
        "max": 1,
        "mean": 1,
        "median": 1,
        "min": 1,
        "var": 0
    },
    "silence_rate_30dB": {
        "dmean": 0,
        "dmean2": 0,
        "dvar": 0,
        "dvar2": 0,
        "max": 1,
        "mean": 1,
        "median": 1,
        "min": 1,
        "var": 0
    },
    "silence_rate_60dB": {
        "dmean": 0.00221108482219,
        "dmean2": 0.00442249560729,
        "dvar": 0.00220612203702,
        "dvar2": 0.00513967871666,
        "max": 1,
        "mean": 0.0675068199635,
        "median": 0,
        "min": 0,
        "var": 0.0629408210516
    },
    "spectral_centroid": {
        "dmean": 47.2006454468,
        "dmean2": 69.9528427124,
        "dvar": 5628.14208984,
        "dvar2": 7906.28955078,
        "max": 11071.4140625,
        "mean": 529.608642578,
        "median": 487.012115479,
        "min": 246.095031738,
        "var": 133867.1875
    },
    "spectral_complexity": {
        "dmean": 1.35082542896,
        "dmean2": 2.31753516197,
        "dvar": 1.539275527,
        "dvar2": 3.92916917801,
        "max": 32,
        "mean": 10.2336206436,
        "median": 10,
        "min": 0,
        "var": 19.3101959229
    },
    "spectral_decrease": {
        "dmean": 1.78916337301e-09,
        "dmean2": 2.64089772273e-09,
        "dvar": 2.46041936713e-18,
        "dvar2": 5.5615062487e-18,
        "max": 5.02540062441e-29,
        "mean": -8.8209173299e-09,
        "median": -8.55350190676e-09,
        "min": -2.92353021791e-08,
        "var": 2.13332378063e-17
    },
    "spectral_energy": {
        "dmean": 0.00695333722979,
        "dmean2": 0.0101729519665,
        "dvar": 3.71882160835e-05,
        "dvar2": 8.26223331387e-05,
        "max": 0.114278078079,
        "mean": 0.0346170552075,
        "median": 0.0334822796285,
        "min": 1.09368479654e-20,
        "var": 0.000331126269884
    },
    "spectral_energyband_high": {
        "dmean": 1.08829249257e-06,
        "dmean2": 1.93142909666e-06,
        "dvar": 2.59083934862e-11,
        "dvar2": 8.27925367153e-11,
        "max": 0.000200622220291,
        "mean": 5.14290240972e-06,
        "median": 1.9319207567e-08,
        "min": 8.25752110409e-21,
        "var": 4.17472001413e-10
    },
    "spectral_energyband_low": {
        "dmean": 0.00483909901232,
        "dmean2": 0.00830057542771,
        "dvar": 1.75279365067e-05,
        "dvar2": 4.94999840157e-05,
        "max": 0.0670134872198,
        "mean": 0.00912580545992,
        "median": 0.00805703550577,
        "min": 6.46408970936e-23,
        "var": 4.11446162616e-05
    },
    "spectral_energyband_middle_high": {
        "dmean": 0.00126404990442,
        "dmean2": 0.00140413607005,
        "dvar": 2.10866983252e-06,
        "dvar2": 3.20688127431e-06,
        "max": 0.0357271246612,
        "mean": 0.00474549597129,
        "median": 0.00404907297343,
        "min": 1.28341343246e-21,
        "var": 1.60133349709e-05
    },
    "spectral_energyband_middle_low": {
        "dmean": 0.00488050747663,
        "dmean2": 0.00600352697074,
        "dvar": 2.00717513508e-05,
        "dvar2": 3.20680337609e-05,
        "max": 0.0920958742499,
        "mean": 0.0254195500165,
        "median": 0.0232743732631,
        "min": 3.15485039748e-22,
        "var": 0.000221992566367
    },
    "spectral_entropy": {
        "dmean": 0.0931918993592,
        "dmean2": 0.132133260369,
        "dvar": 0.00661453371868,
        "dvar2": 0.0126485973597,
        "max": 9.81295681,
        "mean": 5.55031347275,
        "median": 5.46297597885,
        "min": 4.41617202759,
        "var": 0.356220632792
    },
    "spectral_flux": {
        "dmean": 0.014014291577,
        "dmean2": 0.0240488890558,
        "dvar": 0.00013221584959,
        "dvar2": 0.000381567602744,
        "max": 0.190206468105,
        "mean": 0.066204495728,
        "median": 0.0677003711462,
        "min": 1.04579386817e-10,
        "var": 0.000663989398163
    },
    "spectral_kurtosis": {
        "dmean": 71.512260437,
        "dmean2": 124.926597595,
        "dvar": 7520.70751953,
        "dvar2": 21940.6640625,
        "max": 902.765808105,
        "mean": 225.350036621,
        "median": 190.444702148,
        "min": -1.16862428188,
        "var": 32763.0332031
    },
    "spectral_rms": {
        "dmean": 0.000570237811189,
        "dmean2": 0.000838608073536,
        "dvar": 2.06760319088e-07,
        "dvar2": 4.74703426789e-07,
        "max": 0.0105589209124,
        "mean": 0.00549885397777,
        "median": 0.00571538601071,
        "min": 3.26651119348e-12,
        "var": 3.5353552903e-06
    },
    "spectral_rolloff": {
        "dmean": 60.3115959167,
        "dmean2": 106.569740295,
        "dvar": 26423.4433594,
        "dvar2": 54559.890625,
        "max": 18841.5527344,
        "mean": 915.363830566,
        "median": 775.1953125,
        "min": 258.3984375,
        "var": 3045545.25
    },
    "spectral_skewness": {
        "dmean": 1.97116208076,
        "dmean2": 3.47453546524,
        "dvar": 4.10794782639,
        "dvar2": 11.6028232574,
        "max": 24.0610027313,
        "mean": 10.2457723618,
        "median": 10.0722360611,
        "min": 0.00503027485684,
        "var": 29.8047599792
    },
    "spectral_spread": {
        "dmean": 247111.984375,
        "dmean2": 433654.9375,
        "dvar": 100011737088,
        "dvar2": 177011720192,
        "max": 38523700,
        "mean": 945921.6875,
        "median": 648597.1875,
        "min": 91455.9765625,
        "var": 1.52197332992e+12
    },
    "spectral_strongpeak": {
        "dmean": 0.688362538815,
        "dmean2": 1.1234742403,
        "dvar": 0.766846060753,
        "dvar2": 1.70522356033,
        "max": 6.83551263809,
        "mean": 1.61756336689,
        "median": 1.16456747055,
        "min": 0,
        "var": 1.77712309361
    },
    "zerocrossingrate": {
        "dmean": 0.00238821632229,
        "dmean2": 0.0030530623626,
        "dvar": 8.79889103089e-06,
        "dvar2": 1.33764360726e-05,
        "max": 0.50927734375,
        "mean": 0.0284345299006,
        "median": 0.02294921875,
        "min": 0.0078125,
        "var": 0.00223608873785
    },
    "barkbands": {
        "dmean": [6.86313505867e-05, 0.00156944443006, 0.00388671411201, 0.00109593127854, 0.00216113869101, 0.00167417852208, 0.000894627009984, 0.000267225026619, 0.000408172840253, 0.00227932073176, 0.000149706946104, 0.000186400153325, 7.37091177143e-05, 5.7095898228e-05, 6.80343291606e-05, 1.86734305316e-05, 5.83540486332e-06, 2.59291937255e-06, 2.70284135695e-06, 1.3419280549e-06, 3.71749877104e-07, 3.50538243765e-07, 5.08053119574e-07, 8.23770847092e-08, 3.99453092825e-09, 1.64066105146e-09, 1.32463817692e-09],
        "dmean2": [0.000129003048642, 0.00246709771454, 0.00673649320379, 0.00174288172275, 0.00359777011909, 0.0018740381347, 0.00121712556574, 0.000365349056665, 0.000618082296569, 0.00225107138976, 0.000245243485551, 0.00028176617343, 0.000119235264719, 9.02244573808e-05, 0.000103599508293, 3.00649862766e-05, 9.52810933086e-06, 4.24006339017e-06, 4.38791812485e-06, 2.25061126002e-06, 6.5892618295e-07, 6.01123247179e-07, 9.11388156055e-07, 1.5478450166e-07, 7.36862881823e-09, 3.01254377e-09, 2.40537434415e-09],
        "dvar": [4.29776969568e-09, 5.22216214449e-06, 9.34871968639e-06, 1.60475565281e-06, 4.06646358897e-06, 3.3680287288e-06, 1.04451646621e-06, 2.57004217019e-07, 3.0582572208e-07, 6.10600227446e-06, 1.09456927078e-07, 2.60425309762e-07, 1.02401983781e-07, 7.84858045222e-08, 8.39991258772e-08, 2.98665661091e-08, 2.47099518624e-09, 1.70756603302e-10, 9.82385214843e-11, 4.22005902445e-11, 3.67286973404e-12, 2.7780004859e-12, 7.15575385404e-12, 2.07087588722e-13, 6.2411870419e-16, 1.14393427418e-16, 4.934426003e-18],
        "dvar2": [1.42340939036e-08, 1.57127778948e-05, 2.64510235866e-05, 3.8119758301e-06, 1.10500641313e-05, 5.19056902704e-06, 2.30542741519e-06, 4.87190447984e-07, 5.43902615391e-07, 5.62737477594e-06, 2.72004342605e-07, 6.75893090829e-07, 2.71187218459e-07, 1.99801334588e-07, 1.94513930296e-07, 7.34768335064e-08, 4.92800378282e-09, 3.96389671087e-10, 2.45633097196e-10, 1.2506652658e-10, 1.16617323437e-11, 8.35462688614e-12, 2.29736125956e-11, 7.00429677366e-13, 1.8807087574e-15, 3.39394164094e-16, 1.46213255712e-17],
        "max": [0.000970734283328, 0.0406419746578, 0.0416054911911, 0.0206521302462, 0.0253510549664, 0.0475919246674, 0.0228570923209, 0.0197340212762, 0.0309226345271, 0.0485249757767, 0.00924518145621, 0.0145583199337, 0.0127176037058, 0.0115081751719, 0.0122528150678, 0.00776882003993, 0.00313051999547, 0.000995114678517, 0.000273044512141, 0.000187965808436, 5.63837165828e-05, 4.84983538627e-05, 7.7368960774e-05, 1.21363218568e-05, 1.16903140679e-06, 5.35755134479e-07, 7.76759563337e-08],
        "mean": [8.45010799821e-05, 0.00233268178999, 0.00524449162185, 0.00213964795694, 0.00515886116773, 0.00639678491279, 0.00283203856088, 0.000713578774594, 0.00104491983075, 0.00756050460041, 0.000292468961561, 0.000372043490643, 0.000128222658532, 0.000109668602818, 0.000150873704115, 2.56079474639e-05, 1.0201169971e-05, 5.87997601542e-06, 6.63151467961e-06, 3.69718009097e-06, 1.00296654182e-06, 9.43237353113e-07, 1.625719392e-06, 1.95358524024e-07, 9.50935952204e-09, 2.41675413015e-09, 1.92279214772e-09],
        "median": [7.56025983719e-05, 0.00139908259735, 0.0043462025933, 0.00169290986378, 0.00470668356866, 0.00390819460154, 0.00177770922892, 0.000344100000802, 0.000824923219625, 0.00663931109011, 0.000114364556794, 4.16650727857e-05, 1.03366537587e-05, 7.57919497119e-06, 2.61401737589e-06, 1.31177148432e-06, 7.35587718736e-07, 2.09407303942e-07, 2.89560269096e-08, 1.87491302484e-08, 4.04138500443e-09, 1.98850513833e-09, 1.18541865213e-09, 9.14961828524e-10, 7.63787089131e-10, 9.32043886515e-10, 9.70389213428e-10],
        "min": [1.53583108756e-23, 4.0262845291e-23, 4.47245557962e-24, 4.50005261621e-23, 3.52863478248e-23, 3.54896846118e-23, 1.13140564107e-22, 3.51009907556e-23, 4.63564423741e-23, 2.88041073727e-23, 3.27598472265e-23, 4.46110339788e-23, 5.69600298276e-23, 3.36738498702e-23, 4.75623645736e-23, 1.54892157164e-22, 9.39137014399e-23, 2.19357277116e-22, 3.80641997024e-22, 5.78131141079e-22, 3.57814003258e-22, 4.88417082663e-22, 7.16136411592e-22, 9.5250604842e-22, 1.34946580366e-21, 1.82492623092e-21, 2.37088179303e-21],
        "var": [4.83905715498e-09, 8.31614397612e-06, 1.97638655663e-05, 3.73071384274e-06, 1.18649495562e-05, 4.68163889309e-05, 9.24507003219e-06, 1.40164456752e-06, 1.36258722705e-06, 3.76220086764e-05, 2.96488167351e-07, 6.4750082629e-07, 2.08691290027e-07, 2.07366980476e-07, 1.64341983577e-07, 2.94000503942e-08, 3.57393092898e-09, 3.24310328592e-10, 3.59509227943e-10, 2.27942845155e-10, 1.7035662811e-11, 1.43592880641e-11, 4.84209929097e-11, 7.07344718822e-13, 1.39692419551e-15, 7.54621123313e-17, 6.49978259419e-18]
    },
    "erbbands": {
        "dmean": [0.0476071834564, 0.371663421392, 2.97334456444, 4.67393827438, 3.55846619606, 10.7105760574, 10.3726186752, 15.1892929077, 22.6893634796, 5.86318969727, 5.53438472748, 10.0579929352, 90.1886978149, 10.7146949768, 3.99353742599, 8.96435165405, 3.43157076836, 2.4994199276, 3.13916015625, 2.70115852356, 0.678212225437, 0.268710523844, 0.103712543845, 0.249332875013, 0.058959569782, 0.0752439796925, 0.0195941124111, 0.0115593206137, 0.01190267317, 0.0169049203396, 0.0177446193993, 0.00399586884305, 0.000389665336115, 6.54219766147e-05, 2.34499220824e-05, 8.97955669643e-06, 3.67239636034e-06, 9.87021508081e-07, 3.22393339047e-06, 7.69772032072e-06],
        "dmean2": [0.0767209008336, 0.598529219627, 5.15650129318, 7.88024663925, 6.46360015869, 18.0873355865, 16.4560832977, 17.9305953979, 26.9018230438, 8.72022819519, 7.12295913696, 12.8172607422, 90.9836273193, 13.8688993454, 6.28969573975, 13.4578075409, 5.43140506744, 3.99195289612, 4.76099443436, 4.10694122314, 1.06387066841, 0.429463863373, 0.166181847453, 0.399466067553, 0.102636136115, 0.129415839911, 0.034132771194, 0.0207503251731, 0.020882986486, 0.0293694399297, 0.0319160297513, 0.00748649379238, 0.000714285764843, 0.000119276526675, 4.26081387559e-05, 1.5516710846e-05, 6.03233365837e-06, 1.66801225987e-06, 4.60489809484e-06, 1.11462750283e-05],
        "dvar": [0.00306910579093, 0.326291292906, 5.95391893387, 17.456577301, 16.8164634705, 99.5628204346, 97.3283843994, 289.73727417, 636.87701416, 171.892303467, 132.705123901, 195.280166626, 9538.74316406, 191.523895264, 149.120239258, 569.983886719, 189.964111328, 137.873580933, 245.040359497, 168.121566772, 37.1531105042, 7.40679883957, 0.659306585789, 1.00884032249, 0.0532378703356, 0.137754037976, 0.00870824791491, 0.00349161354825, 0.00360276503488, 0.00633749132976, 0.0080404644832, 0.000420083844801, 4.93923198519e-06, 1.19485903838e-07, 3.98273982682e-08, 4.48968950906e-09, 2.71519973172e-10, 8.50008691905e-12, 8.02252621973e-12, 4.56534046678e-11],
        "dvar2": [0.0074222413823, 1.02007365227, 16.8369483948, 46.0778541565, 53.3118743896, 270.556488037, 233.70173645, 513.408203125, 1044.51916504, 417.683319092, 174.560455322, 287.930206299, 9078.01074219, 402.885131836, 367.476013184, 1490.22338867, 493.736663818, 346.011749268, 579.1328125, 398.424346924, 84.0721893311, 15.7360391617, 1.50887167454, 2.45571660995, 0.170333713293, 0.416318923235, 0.0271931346506, 0.0115204062313, 0.0109242843464, 0.0191583223641, 0.0257106814533, 0.00145279383287, 1.63388012879e-05, 3.59218404355e-07, 1.20220178701e-07, 1.33807844804e-08, 7.99942667662e-10, 2.49089464333e-11, 1.69720921345e-11, 9.93598675558e-11],
        "max": [0.87678450346, 10.2675857544, 44.3647537231, 61.113986969, 61.3759727478, 117.396316528, 138.551696777, 416.519775391, 630.335998535, 365.84765625, 542.443115234, 838.047973633, 1901.02685547, 353.064910889, 358.377227783, 663.278991699, 518.326660156, 337.80291748, 688.194702148, 433.898773193, 467.14364624, 184.666549683, 72.4245986938, 28.8051052094, 6.34131336212, 9.99589538574, 2.90491914749, 1.75258028507, 1.68603503704, 2.13330960274, 2.32442212105, 0.640332043171, 0.0686164349318, 0.0113159725443, 0.0112425209954, 0.00363538903184, 0.000848552270327, 0.000149544794112, 5.47887466382e-05, 0.000127344872453],
        "mean": [0.0700329467654, 0.580592811108, 3.91399693489, 9.04636573792, 6.21924638748, 20.8089790344, 22.9060497284, 54.4233512878, 77.6194381714, 16.7031478882, 16.7530937195, 35.0099029541, 294.453491211, 35.7644042969, 10.0399532318, 18.4244937897, 6.89274454117, 5.01659154892, 6.7328877449, 5.62070465088, 1.13661897182, 0.508922159672, 0.261503279209, 0.569171786308, 0.180276468396, 0.181653350592, 0.0574122779071, 0.0329664163291, 0.0315301045775, 0.0437233895063, 0.0495594665408, 0.0119668189436, 0.00136734591797, 0.00022790498042, 6.63885366521e-05, 2.937793397e-05, 1.43715742524e-05, 3.14437443194e-06, 1.66593163158e-05, 3.8763097109e-05],
        "median": [0.0457987301052, 0.36883237958, 3.25000548363, 7.5128660202, 4.72747993469, 18.3363647461, 20.2327003479, 32.6963424683, 44.588104248, 8.36808776855, 7.61290693283, 29.7159690857, 258.423217773, 31.3511886597, 3.92129731178, 2.26126933098, 0.946990787983, 0.513708651066, 0.199476599693, 0.162768125534, 0.114750005305, 0.0410064682364, 0.0235275607556, 0.00551344500855, 0.00221477285959, 0.000725927005988, 0.000269613286946, 0.000136105139973, 9.13985568332e-05, 7.16380309314e-05, 5.56868035346e-05, 4.59293478343e-05, 3.81555801141e-05, 3.26521367242e-05, 2.7686726753e-05, 2.12346312765e-05, 1.26572413137e-05, 2.67346354121e-06, 1.60534764291e-05, 3.73808034055e-05],
        "min": [1.4998211271e-21, 8.02860371633e-21, 5.481762674e-21, 7.17311834031e-20, 1.56195558641e-19, 1.05899881933e-19, 1.44971247641e-19, 4.15931382506e-19, 1.46043421056e-18, 1.26329390954e-18, 8.13833226189e-19, 7.82938185406e-19, 1.15414018988e-18, 1.33218709442e-18, 1.43884603735e-18, 1.91842705514e-18, 2.89591569077e-18, 1.385622445e-18, 1.84483962028e-18, 5.62388517946e-18, 6.70373183243e-18, 5.64670088871e-18, 1.30269010261e-17, 1.12436245297e-17, 2.14895550897e-17, 2.51835005143e-17, 2.1736772905e-17, 1.43013605297e-17, 1.79987834216e-17, 2.12307104237e-17, 1.94409033364e-17, 1.61951061697e-17, 1.74263975988e-17, 1.42461710393e-17, 1.00098027552e-17, 7.10099731573e-18, 3.19396313434e-18, 1.40853979407e-18, 3.28745124227e-19, 3.33750510435e-20],
        "var": [0.00594688905403, 0.475873202085, 10.7038593292, 49.9134902954, 32.6307449341, 224.045349121, 255.766601562, 3510.97509766, 7932.84277344, 711.557800293, 907.327209473, 1092.2520752, 57676.1875, 853.806640625, 436.098022461, 1466.61730957, 453.321350098, 351.760284424, 502.378509521, 265.588256836, 43.4368972778, 9.89436435699, 0.967899262905, 3.49598884583, 0.329606622458, 0.561422407627, 0.0524133890867, 0.0181809160858, 0.0175226498395, 0.0312079936266, 0.0454098135233, 0.00256799277849, 3.1417763239e-05, 6.74368720865e-07, 4.17471994751e-08, 3.31258309672e-09, 2.28538979408e-10, 8.60352154103e-12, 7.78983544336e-11, 4.18955259374e-10]
    },
    "gfcc": {
        "mean": [-201.347503662, 269.2472229, -69.7275390625, -56.556930542, -33.8571090698, -10.6154899597, -12.1484498978, -9.34838008881, -8.3717546463, -22.228553772, -9.8466091156, -8.50675010681, 7.55540275574],
        "cov": [[13082.5166016, 2147.5300293, -2664.9128418, 909.039794922, 473.314819336, -378.847961426, 33.7108039856, -262.637817383, 319.775695801, -301.695953369, 339.980529785, -257.641937256, -8.91577339172], [2147.5300293, 2876.34204102, 778.833496094, -1785.78759766, 728.650634766, 154.536773682, -201.968276978, -117.420730591, 95.5805206299, 55.3629188538, -115.945976257, -153.730102539, 222.318237305], [-2664.9128418, 778.833496094, 1958.77478027, -1133.51147461, -434.165435791, 398.145751953, 33.4040908813, -71.1942367554, -25.2245464325, 58.333984375, -127.863586426, -7.61464643478, 146.225692749], [909.039794922, -1785.78759766, -1133.51147461, 2027.68273926, -634.20703125, -406.539550781, 332.460510254, 72.7240371704, -65.0663909912, -207.554244995, 169.940170288, 120.394424438, -236.841323853], [473.314819336, 728.650634766, -434.165435791, -634.20703125, 936.14074707, -38.2001266479, -282.760406494, 60.9665107727, 45.0004501343, 112.951599121, -72.9885787964, -67.4394836426, 68.8010177612], [-378.847961426, 154.536773682, 398.145751953, -406.539550781, -38.2001266479, 347.51739502, -51.6329040527, -81.7640686035, 25.4880828857, 41.9054374695, -40.7918128967, -60.8645553589, 54.7603683472], [33.7108039856, -201.968276978, 33.4040908813, 332.460510254, -282.760406494, -51.6329040527, 220.19303894, 2.30281209946, -53.4725761414, -70.7040252686, 27.3972167969, 32.8056793213, -57.2634277344], [-262.637817383, -117.420730591, -71.1942367554, 72.7240371704, 60.9665107727, -81.7640686035, 2.30281209946, 90.6080093384, -1.70269680023, -2.14109683037, -3.71370816231, 22.6731052399, -4.11468362808], [319.775695801, 95.5805206299, -25.2245464325, -65.0663909912, 45.0004501343, 25.4880828857, -53.4725761414, -1.70269680023, 75.261756897, 25.3861656189, 6.21292066574, -3.77730512619, 25.8542823792], [-301.695953369, 55.3629188538, 58.333984375, -207.554244995, 112.951599121, 41.9054374695, -70.7040252686, -2.14109683037, 25.3861656189, 115.728675842, 19.5083236694, -13.4123544693, 24.2817840576], [339.980529785, -115.945976257, -127.863586426, 169.940170288, -72.9885787964, -40.7918128967, 27.3972167969, -3.71370816231, 6.21292066574, 19.5083236694, 86.6285095215, 26.5045833588, -31.3563499451], [-257.641937256, -153.730102539, -7.61464643478, 120.394424438, -67.4394836426, -60.8645553589, 32.8056793213, 22.6731052399, -3.77730512619, -13.4123544693, 26.5045833588, 78.2212677002, -12.5131464005], [-8.91577339172, 222.318237305, 146.225692749, -236.841323853, 68.8010177612, 54.7603683472, -57.2634277344, -4.11468362808, 25.8542823792, 24.2817840576, -31.3563499451, -12.5131464005, 88.0366287231]],
        "icov": [[0.000754180597141, -0.00122395553626, 0.0014791971771, -0.000307712791255, 0.000880735460669, -0.000329263624735, -0.000126200015075, 0.000481832044898, -0.00177906255703, 0.00173500436358, -0.00246842065826, 0.00196603569202, -0.00121636793483], [-0.00122395553626, 0.00488053262234, -0.00352073344402, 0.00305917230435, -0.00411938596517, 0.00379467615858, -0.00322426529601, 0.00351486494765, -0.00137520965654, 0.00322293210775, -0.00146729964763, 0.00118151912466, -0.00028467469383], [0.0014791971771, -0.00352073344402, 0.00604352867231, 0.000644076033495, 0.00570483645424, -0.00239920732565, 0.000774973304942, -0.00236019329168, -0.000713800720405, 2.17561937461e-05, -0.000312324962579, 0.000774106301833, -0.00163449195679], [-0.000307712791255, 0.00305917230435, 0.000644076033495, 0.00559251802042, 0.000286223483272, 0.00357399741188, -0.00337598379701, 0.00156370387413, -0.00269620073959, 0.00522035546601, -0.00330415787175, 0.00235400628299, 0.000159160044859], [0.000880735460669, -0.00411938596517, 0.00570483645424, 0.000286223483272, 0.00919848494232, -0.0027090087533, 0.00511708110571, -0.00659678783268, 0.00326355267316, -0.00526813184842, 0.00553033920005, -0.00187090341933, 0.00150125322398], [-0.000329263624735, 0.00379467615858, -0.00239920732565, 0.00357399741188, -0.0027090087533, 0.00957432482392, -0.00347997806966, 0.00786127429456, -0.00541697256267, 0.00523449014872, -0.00410212716088, 0.00662007369101, -0.00212349952199], [-0.000126200015075, -0.00322426529601, 0.000774973304942, -0.00337598379701, 0.00511708110571, -0.00347997806966, 0.0145298037678, -0.00626983726397, 0.00951266475022, -0.00490834657103, 0.00564191583544, -0.0055694906041, 0.00486144330353], [0.000481832044898, 0.00351486494765, -0.00236019329168, 0.00156370387413, -0.00659678783268, 0.00786127429456, -0.00626983726397, 0.0239351689816, -0.00892196036875, 0.00850174296647, -0.00707284826785, 0.00460576731712, -0.00498351780698], [-0.00177906255703, -0.00137520965654, -0.000713800720405, -0.00269620073959, 0.00326355267316, -0.00541697256267, 0.00951266475022, -0.00892196036875, 0.0291362609714, -0.0140584297478, 0.0114625599235, -0.0119309751317, 0.0015219777124], [0.00173500436358, 0.00322293210775, 2.17561937461e-05, 0.00522035546601, -0.00526813184842, 0.00523449014872, -0.00490834657103, 0.00850174296647, -0.0140584297478, 0.0325049161911, -0.0268259104341, 0.0158411599696, -0.00802911538631], [-0.00246842065826, -0.00146729964763, -0.000312324962579, -0.00330415787175, 0.00553033920005, -0.00410212716088, 0.00564191583544, -0.00707284826785, 0.0114625599235, -0.0268259104341, 0.042178735137, -0.021001374349, 0.0127245318145], [0.00196603569202, 0.00118151912466, 0.000774106301833, 0.00235400628299, -0.00187090341933, 0.00662007369101, -0.0055694906041, 0.00460576731712, -0.0119309751317, 0.0158411599696, -0.021001374349, 0.0305815991014, -0.0077993273735], [-0.00121636793483, -0.00028467469383, -0.00163449195679, 0.000159160044859, 0.00150125322398, -0.00212349952199, 0.00486144330353, -0.00498351780698, 0.0015219777124, -0.00802911538631, 0.0127245318145, -0.0077993273735, 0.0233656093478]]
    },
    "melbands": {
        "dmean": [0.000436347268987, 0.00115457864013, 0.000732260697987, 0.000407224317314, 0.000404891179642, 0.00037635609624, 0.000304667075397, 6.00194180151e-05, 4.92179642606e-05, 7.51956322347e-05, 0.000446080666734, 3.43259234796e-05, 1.55179313879e-05, 2.25486546697e-05, 1.29103618747e-05, 5.93984259467e-06, 5.12177348355e-06, 5.06242440679e-06, 6.0589277382e-06, 1.91381013792e-06, 6.63934542899e-07, 3.40901266327e-07, 1.29456495301e-07, 1.13590651551e-07, 2.28956849924e-07, 4.5546052263e-08, 5.30590291703e-08, 5.53276215953e-08, 1.65924038953e-08, 1.00347046228e-08, 8.99980623359e-09, 8.54452864019e-09, 8.69076899335e-09, 1.24057821793e-08, 1.40420155503e-08, 6.87575907321e-09, 1.58431090469e-09, 3.57389950967e-10, 1.06751815721e-10, 5.00625825517e-11],
        "dmean2": [0.000684239435941, 0.00200134003535, 0.00124251120724, 0.000691221037414, 0.000650314555969, 0.000425162521424, 0.000354298681486, 9.04621556401e-05, 6.44882820779e-05, 9.65022409218e-05, 0.000449453684269, 4.93753286719e-05, 2.47426014539e-05, 3.46010092471e-05, 1.94485692191e-05, 9.7261645351e-06, 8.16184638097e-06, 7.84554777056e-06, 9.12960058486e-06, 3.08963012685e-06, 1.03484501324e-06, 5.48419109236e-07, 2.06646049605e-07, 1.8599877194e-07, 3.66466224477e-07, 8.07747895237e-08, 9.23826917187e-08, 9.75091012378e-08, 3.02942382291e-08, 1.74708798539e-08, 1.6327984298e-08, 1.53199550823e-08, 1.4845164209e-08, 2.22558202978e-08, 2.4831139811e-08, 1.26423902458e-08, 2.96005553402e-09, 6.75393407867e-10, 1.92337465399e-10, 9.23531251473e-11],
        "dvar": [3.39912503478e-07, 9.49357229274e-07, 4.30276855923e-07, 1.51358577227e-07, 1.45057484247e-07, 1.74743874481e-07, 1.13690795445e-07, 1.76468084589e-08, 8.61552518217e-09, 8.04463873294e-09, 2.33222749557e-07, 2.7263757918e-09, 1.79404247014e-09, 4.04318667435e-09, 1.38350597645e-09, 6.7458827413e-10, 5.71271752126e-10, 8.25759183254e-10, 5.64973234862e-10, 2.471148286e-10, 5.77184758321e-11, 1.28535142599e-11, 9.72544961231e-13, 3.51165304517e-13, 8.53914270023e-13, 3.88944146259e-14, 6.91359133571e-14, 7.33018585609e-14, 5.85491788922e-15, 2.78398765697e-15, 2.04104362399e-15, 1.92696840303e-15, 1.64696694511e-15, 4.02401551615e-15, 5.07213112046e-15, 1.25436082131e-15, 8.36504261545e-17, 3.67897510984e-18, 2.95423988557e-19, 6.23148630402e-20],
        "dvar2": [9.58489181357e-07, 2.71788985629e-06, 1.16272758532e-06, 4.10792495131e-07, 3.67986530136e-07, 2.78150281474e-07, 1.78667747264e-07, 4.45899850376e-08, 1.14493037273e-08, 1.25319354893e-08, 2.22057565225e-07, 6.37343200438e-09, 4.28637925154e-09, 1.06986677295e-08, 3.556866357e-09, 1.82957782258e-09, 1.4348038313e-09, 2.00308702958e-09, 1.33122823875e-09, 6.19515660993e-10, 1.35494143683e-10, 2.72450655786e-11, 2.16311538993e-12, 9.24867821217e-13, 2.07393152131e-12, 1.23450444203e-13, 2.1551703022e-13, 2.29407665824e-13, 1.98382180502e-14, 8.21350400074e-15, 6.74084023666e-15, 5.93533011503e-15, 4.87553223231e-15, 1.23029172367e-14, 1.57682044098e-14, 4.33878439429e-15, 2.8081847413e-16, 1.27254400149e-17, 9.11336934098e-19, 1.93232014806e-19],
        "max": [0.0102809146047, 0.0187352728099, 0.00939011573792, 0.00569521822035, 0.00467942934483, 0.0107180420309, 0.00851510465145, 0.00355146499351, 0.00410950230435, 0.00457629188895, 0.00939229689538, 0.00141966633964, 0.00121489958838, 0.00208946946077, 0.00129493465647, 0.000765069504268, 0.000666158739477, 0.00111172883771, 0.000927368353587, 0.000622117891908, 0.000683280930389, 0.000251860736171, 7.53577041905e-05, 4.39741488663e-05, 2.6616080504e-05, 6.27538065601e-06, 7.10542190063e-06, 6.36930371911e-06, 1.81460222848e-06, 1.52718291702e-06, 1.17885895179e-06, 1.00852832929e-06, 9.27311248233e-07, 1.51859433117e-06, 1.6947963104e-06, 9.08891934159e-07, 2.53881353274e-07, 6.08178254424e-08, 2.00640801751e-08, 8.48332337711e-09],
        "mean": [0.000656774733216, 0.00170874665491, 0.00147185253445, 0.000837508996483, 0.00095461064484, 0.00137734145392, 0.00106759136543, 0.000151423562784, 0.00013787781063, 0.000251286866842, 0.0014527264284, 0.000101463665487, 3.23228596244e-05, 4.48504906672e-05, 2.78437819361e-05, 1.07447567643e-05, 9.38178800425e-06, 9.66492552834e-06, 1.36553308039e-05, 2.72868760476e-06, 9.78730440693e-07, 5.62277648442e-07, 3.17026547236e-07, 2.4113165864e-07, 5.06670289724e-07, 1.22572288319e-07, 1.23394670482e-07, 1.18838237029e-07, 3.85685439142e-08, 1.88785289623e-08, 1.98426857168e-08, 1.66017581904e-08, 1.96953831022e-08, 2.49568703481e-08, 3.30885967514e-08, 1.64458260343e-08, 3.52862672415e-09, 8.86604845096e-10, 2.69318012336e-10, 1.14787269967e-10],
        "median": [0.000412943889387, 0.00146108795889, 0.00126398378052, 0.000743125157896, 0.000863713212311, 0.000812127138488, 0.000620504491962, 6.57448981656e-05, 6.52499511489e-05, 0.000217043241719, 0.00127596128732, 8.3772916696e-05, 1.10259952635e-05, 5.56226996196e-06, 4.24188965553e-06, 8.56500662394e-07, 8.56892427237e-07, 2.87571054969e-07, 1.57751500751e-07, 1.65596190982e-07, 8.56717647935e-08, 3.51546205479e-08, 1.94217566474e-08, 7.60624274676e-09, 2.66050648179e-09, 1.05696607022e-09, 9.87427584143e-10, 1.97005287084e-10, 1.26808175072e-10, 1.06944939016e-10, 5.52677834054e-11, 4.07889104437e-11, 3.35909251803e-11, 2.63705151465e-11, 1.90697180269e-11, 1.59293359753e-11, 1.21720264076e-11, 9.92233725738e-12, 8.36818288275e-12, 6.85861350352e-12],
        "min": [1.34946112098e-23, 5.08055610816e-24, 1.69166219747e-23, 8.73230289009e-24, 5.08830351111e-24, 9.78672356386e-24, 2.16063322142e-23, 1.19461364175e-23, 5.61634451853e-24, 5.82166923494e-24, 5.92470472435e-24, 5.32312768107e-24, 4.55493966473e-24, 6.15503514817e-24, 5.776992492e-24, 4.19484793289e-24, 2.7120008458e-24, 2.59793688372e-24, 5.22490503204e-24, 9.6581313477e-24, 7.5033333304e-24, 4.60935095124e-24, 9.47910488729e-24, 1.29029079441e-23, 7.98375119941e-24, 1.49358032857e-23, 1.45606778372e-23, 1.79623312574e-23, 1.72380622831e-23, 6.59720509618e-24, 8.65035759698e-24, 9.32513343809e-24, 1.13679676382e-23, 1.28625561311e-23, 1.20804029101e-23, 8.29575673147e-24, 1.11901883669e-23, 1.24208216343e-23, 1.39392337264e-23, 1.11418485484e-23],
        "var": [5.93385379943e-07, 1.786028065e-06, 1.20163065276e-06, 3.51768278506e-07, 4.29235598176e-07, 2.32787533605e-06, 1.4676537603e-06, 6.60196235458e-08, 5.67906255355e-08, 4.47304131512e-08, 1.40931331316e-06, 9.45557498966e-09, 4.97640595398e-09, 9.49893763647e-09, 3.86634502192e-09, 1.47111078874e-09, 1.34180366818e-09, 1.61430380174e-09, 1.21456533719e-09, 2.49056192336e-10, 5.90104076714e-11, 1.60882696054e-11, 2.08254615809e-12, 5.65980368041e-13, 2.97379135206e-12, 1.77768783309e-13, 2.60884467241e-13, 2.45559703214e-13, 2.37651102275e-14, 6.6904159418e-15, 6.91597488642e-15, 5.29685023192e-15, 6.32109094207e-15, 1.12126579316e-14, 2.09228589857e-14, 5.12160419733e-15, 2.36897380595e-16, 1.42032618722e-17, 1.22692505275e-18, 2.05284773039e-19]
    },
    "mfcc": {
        "mean": [-820.84197998, 269.738800049, 46.0420799255, -15.5361890793, -10.1227111816, -1.10462236404, -1.79121673107, 6.07175540924, 2.94651317596, 1.30371153355, -9.70794963837, -14.6073665619, -7.15350198746],
        "cov": [[6230.50292969, 1742.19006348, -1831.14135742, 161.675765991, 382.678466797, 191.125244141, -252.119476318, 155.363800049, -220.181091309, 163.418182373, -73.1875610352, 104.947715759, 184.02532959], [1742.19006348, 2947.06420898, 118.343292236, -1042.54467773, 319.105773926, 202.102539062, -45.6397895813, -235.589157104, 195.220169067, -17.6071243286, -4.83032274246, 0.45538020134, 31.0891017914], [-1831.14135742, 118.343292236, 1706.14257812, -78.4325790405, -672.574890137, -13.0187034607, 171.950180054, -50.9772644043, 60.3844337463, -15.1695041656, -25.7020816803, -86.7621459961, -124.828536987], [161.675765991, -1042.54467773, -78.4325790405, 785.108642578, -218.21661377, -220.977172852, 31.6219940186, 197.2265625, -153.227279663, 17.4335098267, 16.9378871918, -54.72864151, -21.9987049103], [382.678466797, 319.105773926, -672.574890137, -218.21661377, 509.220733643, 38.8513183594, -116.412467957, -53.2118225098, 77.8210525513, -23.9914569855, 14.8613433838, 32.8551826477, 47.5070381165], [191.125244141, 202.102539062, -13.0187034607, -220.977172852, 38.8513183594, 188.607772827, -0.929724514484, -52.3259925842, 25.7347393036, 23.7013969421, -31.3458156586, 41.3201522827, 17.2877941132], [-252.119476318, -45.6397895813, 171.950180054, 31.6219940186, -116.412467957, -0.929724514484, 131.444732666, 25.1868247986, -26.8061084747, 1.06049907207, 22.2090473175, -20.3051528931, -28.3130397797], [155.363800049, -235.589157104, -50.9772644043, 197.2265625, -53.2118225098, -52.3259925842, 25.1868247986, 117.482391357, -16.3441085815, -10.6772661209, -7.10397720337, -14.8625164032, -15.5207567215], [-220.181091309, 195.220169067, 60.3844337463, -153.227279663, 77.8210525513, 25.7347393036, -26.8061084747, -16.3441085815, 107.000297546, -5.10038709641, -18.7963409424, -17.0658359528, -15.7341604233], [163.418182373, -17.6071243286, -15.1695041656, 17.4335098267, -23.9914569855, 23.7013969421, 1.06049907207, -10.6772661209, -5.10038709641, 73.1973419189, 6.66811561584, -17.364648819, -6.90356254578], [-73.1875610352, -4.83032274246, -25.7020816803, 16.9378871918, 14.8613433838, -31.3458156586, 22.2090473175, -7.10397720337, -18.7963409424, 6.66811561584, 57.3955307007, 12.2042245865, 1.88275492191], [104.947715759, 0.45538020134, -86.7621459961, -54.72864151, 32.8551826477, 41.3201522827, -20.3051528931, -14.8625164032, -17.0658359528, -17.364648819, 12.2042245865, 103.814437866, 50.8947105408], [184.02532959, 31.0891017914, -124.828536987, -21.9987049103, 47.5070381165, 17.2877941132, -28.3130397797, -15.5207567215, -15.7341604233, -6.90356254578, 1.88275492191, 50.8947105408, 61.6970214844]],
