{
"lowlevel": {
    "average_loudness": 0.810523211956,
    "barkbands_crest": {
        "dmean": 2.47469091415,
        "dmean2": 3.95489454269,
        "dvar": 3.84125828743,
        "dvar2": 9.29763507843,
        "max": 25.4688014984,
        "mean": 13.0627441406,
        "median": 12.3048563004,
        "min": 4.65732288361,
        "var": 18.1034412384
    },
    "barkbands_flatness_db": {
        "dmean": 0.0200683604926,
        "dmean2": 0.0326404422522,
        "dvar": 0.000289913587039,
        "dvar2": 0.000766446697526,
        "max": 0.663189172745,
        "mean": 0.487984329462,
        "median": 0.485255181789,
        "min": 0.0413601882756,
        "var": 0.00412427773699
    },
    "barkbands_kurtosis": {
        "dmean": 1.42033815384,
        "dmean2": 2.291056633,
        "dvar": 3.82929706573,
        "dvar2": 10.121222496,
        "max": 35.4027481079,
        "mean": 0.846938610077,
        "median": -0.0941035747528,
        "min": -1.93812406063,
        "var": 8.5599565506
    },
    "barkbands_skewness": {
        "dmean": 0.475605487823,
        "dmean2": 0.738101243973,
        "dvar": 0.152582496405,
        "dvar2": 0.381236255169,
        "max": 4.66102743149,
        "mean": 0.520910620689,
        "median": 0.469536215067,
        "min": -4.82498168945,
        "var": 1.15905690193
    },
    "barkbands_spread": {
        "dmean": 0.749377608299,
        "dmean2": 1.1833742857,
        "dvar": 1.72207164764,
        "dvar2": 4.29298877716,
        "max": 98.9248733521,
        "mean": 3.55890774727,
        "median": 3.12488222122,
        "min": 0.494676351547,
        "var": 4.73038959503
    },
    "dissonance": {
        "dmean": 0.0913945287466,
        "dmean2": 0.157259941101,
        "dvar": 0.0057889521122,
        "dvar2": 0.015715058893,
        "max": 0.500000119209,
        "mean": 0.303297191858,
        "median": 0.303930401802,
        "min": 0.0394291430712,
        "var": 0.0111099462956
    },
    "dynamic_complexity": 2.82417011261,
    "erbbands_crest": {
        "dmean": 2.73426675797,
        "dmean2": 4.31283760071,
        "dvar": 5.81665754318,
        "dvar2": 13.9806251526,
        "max": 32.7924041748,
        "mean": 15.4889736176,
        "median": 14.5657739639,
        "min": 2.84243679047,
        "var": 31.3679561615
    },
    "erbbands_flatness_db": {
        "dmean": 0.01776227355,
        "dmean2": 0.027565151453,
        "dvar": 0.000232305494137,
        "dvar2": 0.000571686017793,
        "max": 0.572498202324,
        "mean": 0.430388748646,
        "median": 0.433385282755,
        "min": 0.0442562513053,
        "var": 0.0020679756999
    },
    "erbbands_kurtosis": {
        "dmean": 1.96790719032,
        "dmean2": 3.07764601707,
        "dvar": 7.34078979492,
        "dvar2": 16.9200668335,
        "max": 64.1082229614,
        "mean": 3.25475668907,
        "median": 1.45061826706,
        "min": -1.61018157005,
        "var": 28.254119873
    },
    "erbbands_skewness": {
        "dmean": 0.437460422516,
        "dmean2": 0.664277374744,
        "dvar": 0.143124803901,
        "dvar2": 0.332676172256,
        "max": 4.14057302475,
        "mean": -0.583104252815,
        "median": -0.473944157362,
        "min": -4.35880708694,
        "var": 0.982505679131
    },
    "erbbands_spread": {
        "dmean": 1.20145523548,
        "dmean2": 1.8575335741,
        "dvar": 1.91595387459,
        "dvar2": 4.6500825882,
        "max": 83.9980926514,
        "mean": 5.07788324356,
        "median": 4.72451972961,
        "min": 0.458390623331,
        "var": 7.15543794632
    },
    "hfc": {
        "dmean": 2.18248510361,
        "dmean2": 3.27311706543,
        "dvar": 6.76298761368,
        "dvar2": 15.3156452179,
        "max": 77.2349243164,
        "mean": 9.34177494049,
        "median": 7.37640237808,
        "min": 1.15350548179e-16,
        "var": 54.0132141113
    },
    "melbands_crest": {
        "dmean": 2.60641908646,
        "dmean2": 4.198823452,
        "dvar": 5.18062543869,
        "dvar2": 13.2865390778,
        "max": 30.6205158234,
        "mean": 15.8370170593,
        "median": 15.4588670731,
        "min": 2.09042978287,
        "var": 19.8682231903
    },
    "melbands_flatness_db": {
        "dmean": 0.0217084307224,
        "dmean2": 0.0351387113333,
        "dvar": 0.000352994829882,
        "dvar2": 0.000902197207324,
        "max": 0.825119614601,
        "mean": 0.628842294216,
        "median": 0.624596655369,
        "min": 0.0074976971373,
        "var": 0.00605912134051
    },
    "melbands_kurtosis": {
        "dmean": 1.65718984604,
        "dmean2": 2.63521456718,
        "dvar": 4.25809907913,
        "dvar2": 10.8158893585,
        "max": 28.0036487579,
        "mean": 1.62220525742,
        "median": 0.399077653885,
        "min": -1.89306044579,
        "var": 12.6345882416
    },
    "melbands_skewness": {
        "dmean": 0.465561300516,
        "dmean2": 0.724804282188,
        "dvar": 0.141114741564,
        "dvar2": 0.354261249304,
        "max": 4.14412689209,
        "mean": 0.951502740383,
        "median": 0.922369599342,
        "min": -3.0625667572,
        "var": 1.05263233185
    },
    "melbands_spread": {
        "dmean": 1.02268719673,
        "dmean2": 1.5732742548,
        "dvar": 3.00380325317,
        "dvar2": 3.81227874756,
        "max": 131.205032349,
        "mean": 4.73816204071,
        "median": 4.05400657654,
        "min": 0.672109484673,
        "var": 10.8772993088
    },
    "pitch_salience": {
        "dmean": 0.0693868473172,
        "dmean2": 0.11363594979,
        "dvar": 0.00358559144661,
        "dvar2": 0.00955863576382,
        "max": 0.872677385807,
        "mean": 0.478387236595,
        "median": 0.47256347537,
        "min": 0.155355006456,
        "var": 0.0133045148104
    },
    "silence_rate_20dB": {
        "dmean": 0,
        "dmean2": 0,
        "dvar": 0,
        "dvar2": 0,
        "max": 1,
        "mean": 1,
        "median": 1,
        "min": 1,
        "var": 0
    },
    "silence_rate_30dB": {
        "dmean": 0.00900555681437,
        "dmean2": 0.0180128384382,
        "dvar": 0.00892510917038,
        "dvar2": 0.0215207692236,
        "max": 1,
        "mean": 0.989175200462,
        "median": 1,
        "min": 0,
        "var": 0.0107067720965
    },
    "silence_rate_60dB": {
        "dmean": 0.00191607582383,
        "dmean2": 0.00383251882158,
        "dvar": 0.00191254692618,
        "dvar2": 0.00496815051883,
        "max": 1,
        "mean": 0.0186799503863,
        "median": 0,
        "min": 0,
        "var": 0.0183329265565
    },
    "spectral_centroid": {
        "dmean": 31.4359512329,
        "dmean2": 47.6649436951,
        "dvar": 12682.8378906,
        "dvar2": 13203.0986328,
        "max": 11312.6210938,
        "mean": 337.023651123,
        "median": 320.861480713,
        "min": 150.718612671,
        "var": 20908.0507812
    },
    "spectral_complexity": {
        "dmean": 1.00440692902,
        "dmean2": 1.76525819302,
        "dvar": 0.784022033215,
        "dvar2": 2.05889320374,
        "max": 13,
        "mean": 6.16917324066,
        "median": 6,
        "min": 0,
        "var": 1.96660077572
    },
    "spectral_decrease": {
        "dmean": 2.61038035632e-09,
        "dmean2": 4.07947009506e-09,
        "dvar": 8.08008468469e-18,
        "dvar2": 2.08226390665e-17,
        "max": -1.54817684139e-28,
        "mean": -1.00893391419e-08,
        "median": -8.95024765413e-09,
        "min": -5.30849391112e-08,
        "var": 3.93839450093e-17
    },
    "spectral_energy": {
        "dmean": 0.0100236330181,
        "dmean2": 0.0156538169831,
        "dvar": 0.000118961084809,
        "dvar2": 0.000306146626826,
        "max": 0.20476745069,
        "mean": 0.0389267206192,
        "median": 0.0345431677997,
        "min": 1.10469437663e-20,
        "var": 0.000585337344091
    },
    "spectral_energyband_high": {
        "dmean": 3.66816195196e-08,
        "dmean2": 6.17554505311e-08,
        "dvar": 1.67609541291e-14,
        "dvar2": 4.56242574103e-14,
        "max": 8.14885879663e-06,
        "mean": 1.75864414587e-07,
        "median": 7.23856388163e-08,
        "min": 7.93473891164e-21,
        "var": 1.74937917884e-13
    },
    "spectral_energyband_low": {
        "dmean": 0.00736827962101,
        "dmean2": 0.0117287961766,
        "dvar": 8.06586322142e-05,
        "dvar2": 0.000215158885112,
        "max": 0.129238262773,
        "mean": 0.0190228521824,
        "median": 0.0134576298296,
        "min": 1.58901804617e-22,
        "var": 0.000307092850562
    },
    "spectral_energyband_middle_high": {
        "dmean": 3.88772168662e-05,
        "dmean2": 4.29030878877e-05,
        "dvar": 5.00652639346e-08,
        "dvar2": 4.73894345987e-08,
        "max": 0.029627809301,
        "mean": 0.000191644139704,
        "median": 1.49491443153e-05,
        "min": 1.98687288717e-21,
        "var": 1.85532371688e-06
    },
    "spectral_energyband_middle_low": {
        "dmean": 0.00606483314186,
        "dmean2": 0.00937348976731,
        "dvar": 6.10156312177e-05,
        "dvar2": 0.00015132628323,
        "max": 0.160007014871,
        "mean": 0.021658597514,
        "median": 0.016139658168,
        "min": 2.93065940988e-22,
        "var": 0.000324145657942
    },
    "spectral_entropy": {
        "dmean": 0.116240933537,
        "dmean2": 0.182366326451,
        "dvar": 0.0111195128411,
        "dvar2": 0.0248048938811,
        "max": 9.79852294922,
        "mean": 4.8558139801,
        "median": 4.84295511246,
        "min": 3.8670027256,
        "var": 0.072890765965
    },
    "spectral_flux": {
        "dmean": 0.0221559181809,
        "dmean2": 0.0379605181515,
        "dvar": 0.00041345221689,
        "dvar2": 0.00112725340296,
        "max": 0.287713497877,
        "mean": 0.0719569846988,
        "median": 0.066740386188,
        "min": 1.05104439041e-10,
        "var": 0.000964243197814
    },
    "spectral_kurtosis": {
        "dmean": 53.5027961731,
        "dmean2": 92.935333252,
        "dvar": 2635.66381836,
        "dvar2": 8191.98828125,
        "max": 687.029541016,
        "mean": 218.561004639,
        "median": 209.111038208,
        "min": -1.15810525417,
        "var": 9726.72558594
    },
    "spectral_rms": {
        "dmean": 0.000778111279942,
        "dmean2": 0.00120695598889,
        "dvar": 4.92582842071e-07,
        "dvar2": 1.23025074572e-06,
        "max": 0.0141341118142,
        "mean": 0.00584452645853,
        "median": 0.00580522650853,
        "min": 3.28291126922e-12,
        "var": 3.81900872526e-06
    },
    "spectral_rolloff": {
        "dmean": 51.0694694519,
        "dmean2": 85.4822616577,
        "dvar": 55424.9882812,
        "dvar2": 64104.9882812,
        "max": 19272.2167969,
        "mean": 400.351287842,
        "median": 387.59765625,
        "min": 64.599609375,
        "var": 105456.039062
    },
    "spectral_skewness": {
        "dmean": 1.47766947746,
        "dmean2": 2.54470396042,
        "dvar": 1.53075194359,
        "dvar2": 4.46720170975,
        "max": 22.4293460846,
        "mean": 12.1563158035,
        "median": 12.3106718063,
        "min": -0.0388873927295,
        "var": 9.71704101562
    },
    "spectral_spread": {
        "dmean": 293119.84375,
        "dmean2": 528323.0625,
        "dvar": 159372967936,
        "dvar2": 268363857920,
        "max": 39643664,
        "mean": 735047.5625,
        "median": 677715.75,
        "min": 140677.3125,
        "var": 271859499008
    },
    "spectral_strongpeak": {
        "dmean": 0.371913790703,
        "dmean2": 0.62577009201,
        "dvar": 0.29578396678,
        "dvar2": 0.701473534107,
        "max": 8.74050235748,
        "mean": 0.973659217358,
        "median": 0.480366945267,
        "min": 0,
        "var": 1.17409217358
    },
    "zerocrossingrate": {
        "dmean": 0.00156041362789,
        "dmean2": 0.00202287943102,
        "dvar": 3.90906498069e-05,
        "dvar2": 4.84755219077e-05,
        "max": 0.505859375,
        "mean": 0.0130237173289,
        "median": 0.01220703125,
        "min": 0.00244140625,
        "var": 9.28237786866e-05
    },
    "barkbands": {
        "dmean": [5.08369303134e-05, 0.00512507557869, 0.00250484282151, 0.00219520647079, 0.00264706788585, 0.00204454385675, 0.000849291915074, 0.00165503227618, 0.000295960344374, 4.15978356614e-05, 2.18711079469e-06, 2.80611061498e-06, 7.7366610185e-07, 7.61023841278e-07, 2.59122612078e-06, 1.25769633996e-06, 3.06684654561e-07, 4.57675177756e-08, 7.75412303256e-08, 2.90314972062e-08, 1.70224758733e-08, 7.48771711301e-09, 4.23244594927e-09, 4.89397589121e-09, 4.73267292023e-09, 2.04638728185e-09, 1.41628042627e-09],
        "dmean2": [8.92765383469e-05, 0.00788537133485, 0.00421351986006, 0.00374553096481, 0.00416509946808, 0.00318109523505, 0.00125020474661, 0.0023151920177, 0.000415266287746, 4.54644432466e-05, 3.48278376805e-06, 4.32599972555e-06, 1.24706286897e-06, 1.13625276299e-06, 3.77557398679e-06, 2.01630928132e-06, 4.85239070258e-07, 7.5756574347e-08, 1.34599844159e-07, 5.00491701416e-08, 2.92286728154e-08, 1.26601689132e-08, 7.29925764276e-09, 8.39174685296e-09, 8.00568411563e-09, 3.58304763637e-09, 2.5841455642e-09],
        "dvar": [6.80245770823e-09, 3.80519450118e-05, 1.6273386791e-05, 2.3576836611e-05, 1.21637058328e-05, 1.27429684653e-05, 2.34137746702e-06, 8.4573712229e-06, 9.9575652257e-07, 6.86760515123e-08, 1.60784198455e-11, 9.1583886308e-11, 6.76552000187e-12, 3.39975721186e-11, 1.51298321094e-10, 3.00510415163e-11, 6.43448922616e-12, 1.81501322083e-14, 2.24439295816e-13, 1.44509377338e-14, 4.24823699575e-15, 4.63342851076e-16, 7.66639197346e-17, 2.17689492382e-16, 2.22675909169e-16, 2.04205945472e-17, 3.48120863308e-18],
        "dvar2": [1.98522887018e-08, 8.77495695022e-05, 5.0177819503e-05, 6.10437855357e-05, 2.81090960925e-05, 3.19655810017e-05, 4.82425548398e-06, 1.72190975718e-05, 1.92438164959e-06, 6.98451074754e-08, 3.73281960897e-11, 2.28434035576e-10, 1.93290557171e-11, 6.82354867054e-11, 3.21470794429e-10, 8.24990076254e-11, 1.47539445938e-11, 4.31014070463e-14, 6.70961821259e-13, 4.51532190002e-14, 1.18593006712e-14, 1.27272195451e-15, 2.19369701347e-16, 6.08821977377e-16, 6.04681256814e-16, 5.71080730346e-17, 1.13661134348e-17],
        "max": [0.00110374751966, 0.0858509242535, 0.0547298491001, 0.0886001363397, 0.0494657196105, 0.0557493790984, 0.0779223963618, 0.0972032397985, 0.0878976583481, 0.0333613306284, 0.000129094929434, 0.000360992708011, 7.95909509179e-05, 0.000501379661728, 0.000474838743685, 0.00024650033447, 0.000119091368106, 7.4140803008e-06, 2.04169900826e-05, 6.22419429419e-06, 2.71395924756e-06, 1.34404081109e-06, 5.11833320616e-07, 1.0616365671e-06, 1.12991438073e-06, 3.27818298729e-07, 6.0952260128e-08],
        "mean": [5.93045078858e-05, 0.0129737667739, 0.00415883632377, 0.00308767426759, 0.00536745321006, 0.00497994059697, 0.00229743937962, 0.00485334452242, 0.000930610345677, 0.000197868663236, 4.24178188041e-06, 5.30192028236e-06, 1.34889728542e-06, 1.58407328854e-06, 4.96414122608e-06, 2.08372853194e-06, 5.74707598844e-07, 1.03428497766e-07, 1.57847026117e-07, 7.494301002e-08, 4.67820910899e-08, 2.5175509677e-08, 1.62908762036e-08, 2.15797690828e-08, 2.12449755566e-08, 7.94359511502e-09, 3.17139892125e-09],
        "median": [2.81277552858e-05, 0.00697778398171, 0.00238057831302, 0.0011956380913, 0.00332002341747, 0.00195538718253, 0.000746009405702, 0.0012789106695, 3.1983039662e-05, 4.7634252951e-06, 2.20543802243e-06, 1.12097256988e-06, 2.61536627022e-07, 1.37186987104e-07, 1.56798137141e-07, 1.90400513134e-07, 7.30449372099e-08, 3.98626482934e-08, 4.13577261327e-08, 2.29112693262e-08, 1.42934180047e-08, 1.09535100989e-08, 8.99454466463e-09, 1.06014832468e-08, 9.19490794615e-09, 4.0646068733e-09, 2.15152673455e-09],
        "min": [2.06882290714e-23, 6.76457124578e-23, 3.06514681514e-23, 6.19490828039e-23, 2.31464916237e-23, 3.05627844084e-23, 2.99849942825e-23, 5.85429959854e-23, 5.97527804478e-23, 7.46490239369e-23, 1.08721377937e-22, 2.03630748057e-22, 2.39094375016e-22, 1.02550485107e-22, 2.17285614783e-22, 1.89164389586e-22, 1.57788008749e-22, 2.21483642219e-22, 1.64907219673e-22, 4.91582421755e-22, 5.24092578728e-22, 7.04673013084e-22, 3.83192226559e-22, 9.75113363081e-22, 1.23021962023e-21, 1.64896142803e-21, 2.38516115991e-21],
        "var": [6.78960443423e-09, 0.000239216009504, 2.35725747189e-05, 3.43260107911e-05, 4.01569086534e-05, 5.30753422936e-05, 2.45551091211e-05, 7.32370172045e-05, 1.77667407115e-05, 2.34458184423e-06, 4.61321883471e-11, 2.37965980254e-10, 1.39572251326e-11, 1.69327898925e-10, 4.64942889744e-10, 6.36695487999e-11, 1.49869144872e-11, 5.57123994833e-14, 4.3492886701e-13, 4.71401279015e-14, 1.5650898817e-14, 2.40478985297e-15, 6.33105459063e-16, 2.2660636439e-15, 2.90173158939e-15, 2.41968408031e-16, 1.52959327198e-17]
    },
    "erbbands": {
        "dmean": [0.0757427737117, 1.36764431, 2.64435195923, 5.73769378662, 6.67553043365, 9.0388212204, 21.4883670807, 11.9882030487, 12.194278717, 23.6545772552, 30.2689990997, 6.35387134552, 1.65741670132, 0.268094748259, 0.0739556029439, 0.131612837315, 0.0402074307203, 0.036246586591, 0.149470955133, 0.0493046231568, 0.0585973858833, 0.0146390553564, 0.0025706414599, 0.00486264377832, 0.00217754207551, 0.00159576523583, 0.000849290750921, 0.000450869236374, 0.000284604320768, 0.000202185605303, 0.000111572029709, 9.32768380153e-05, 9.56267322181e-05, 6.74806287861e-05, 3.11484654958e-05, 1.16564369819e-05, 4.74333319289e-06, 1.0772261021e-06, 4.50002380603e-06, 1.09398597488e-05],
        "dmean2": [0.114272527397, 2.11117053032, 4.31686067581, 9.96196174622, 11.23387146, 13.7951221466, 34.8127708435, 18.0424461365, 18.6739730835, 32.4700050354, 43.0433998108, 9.08693981171, 1.87310004234, 0.31475174427, 0.114182889462, 0.202134355903, 0.0633929222822, 0.0537208393216, 0.218907803297, 0.073987878859, 0.0940877348185, 0.0232365652919, 0.00422922056168, 0.00841923244298, 0.003691367805, 0.00276195025072, 0.00144092529081, 0.000765302276704, 0.000484930787934, 0.000345287640812, 0.000191739847651, 0.000159816408996, 0.000163535922184, 0.00011313988216, 5.26705116499e-05, 1.96165092348e-05, 7.84276744525e-06, 1.89795343886e-06, 7.01087355992e-06, 1.70695075212e-05],
        "dvar": [0.0103628709912, 2.6634221077, 11.291387558, 187.962173462, 180.600540161, 164.623733521, 1513.40136719, 343.697174072, 459.548187256, 1607.93041992, 4004.53662109, 297.013092041, 87.7429428101, 1.79346513748, 0.0174605902284, 0.220226705074, 0.0124766845256, 0.0513500496745, 0.514627337456, 0.0197781231254, 0.064534932375, 0.0127418003976, 4.47421334684e-05, 0.0011374844471, 3.65532941942e-05, 6.67637359584e-05, 5.89618184677e-06, 3.34045330419e-06, 9.19455771964e-07, 2.13602731947e-07, 5.40353397582e-08, 4.49286616799e-08, 9.66120836665e-08, 4.39275780195e-08, 1.03476898161e-08, 6.36538766141e-10, 6.05015898492e-11, 2.6214573047e-12, 2.3846919231e-11, 1.41469919113e-10],
        "dvar2": [0.0233858730644, 6.19264984131, 31.4377040863, 522.271362305, 553.896850586, 340.748931885, 4025.34448242, 725.08605957, 1007.97961426, 3042.61279297, 8362.60839844, 605.851196289, 90.7042160034, 1.77418112755, 0.0409838818014, 0.54799759388, 0.0336931832135, 0.102331936359, 1.1005487442, 0.0458356961608, 0.177385732532, 0.0293720364571, 0.000111984030809, 0.00339936860837, 0.00010288930207, 0.000209329751669, 1.6971016521e-05, 9.0552130132e-06, 2.54164910984e-06, 6.19022614501e-07, 1.52785986529e-07, 1.23315246014e-07, 2.69573831702e-07, 1.21852721691e-07, 2.70643347733e-08, 1.68169411729e-09, 1.61041763258e-10, 7.83820491151e-12, 6.08332759167e-11, 3.63413688031e-10],
        "max": [2.1994600296, 19.9589939117, 35.8528709412, 262.022338867, 241.017578125, 222.915267944, 490.26361084, 498.915405273, 852.942382812, 1821.46875, 2134.74560547, 1279.12463379, 1182.95935059, 174.1068573, 5.32348442078, 17.2608795166, 2.97383332253, 18.8454532623, 27.8746471405, 5.4127702713, 11.8718948364, 5.40989494324, 0.243177637458, 1.46523070335, 0.174696698785, 0.417499899864, 0.0844890773296, 0.0865773409605, 0.0663703382015, 0.0200250502676, 0.0144868660718, 0.0128931365907, 0.0224523562938, 0.015034831129, 0.00814287830144, 0.00188812438864, 0.000544278125744, 8.83174434421e-05, 9.33944393182e-05, 0.000224607414566],
        "mean": [0.290439158678, 3.19543886185, 5.44946861267, 8.38353538513, 11.7781705856, 17.3551082611, 40.8333282471, 31.7404022217, 30.1264095306, 75.9768447876, 86.520111084, 19.8168010712, 7.73647928238, 1.18946504593, 0.170379310846, 0.25883474946, 0.0833000317216, 0.0784858539701, 0.289245843887, 0.0971690416336, 0.101944319904, 0.0291576031595, 0.00673543848097, 0.00983340851963, 0.00561132375151, 0.00401298096403, 0.00232422328554, 0.00137206458021, 0.000927358982153, 0.000716725015081, 0.000445398705779, 0.000398344767746, 0.000416875584051, 0.000302270345856, 0.000145943718962, 5.88611983403e-05, 2.37839012698e-05, 4.36025993622e-06, 1.81572886504e-05, 4.27444574598e-05],
        "median": [0.0936331376433, 1.8322416544, 3.43365240097, 4.02039813995, 5.66232061386, 10.4210681915, 19.0031585693, 13.5066184998, 13.1572208405, 24.8595676422, 19.5215454102, 2.42825198174, 0.502501010895, 0.123241864145, 0.0919674262404, 0.0528474673629, 0.0234344806522, 0.017033290118, 0.0127442544326, 0.0174682233483, 0.0128920786083, 0.00480526778847, 0.00258093699813, 0.002362184925, 0.00197395123541, 0.00109960255213, 0.000741312687751, 0.000469137827167, 0.000401677738409, 0.000348003843101, 0.000264526141109, 0.000227973214351, 0.000200211638003, 0.000141301963595, 7.61616538512e-05, 3.94208800572e-05, 1.83097181434e-05, 3.07164827973e-06, 1.61787338584e-05, 3.79526281904e-05],
        "min": [3.80560233169e-21, 8.02824667157e-21, 2.1941384185e-20, 1.61651667811e-19, 7.75911570446e-20, 9.50790735131e-20, 2.94075503213e-19, 1.92953655605e-19, 4.74063257812e-19, 7.29569784754e-19, 1.06740037649e-18, 1.0709454658e-18, 2.2546263433e-18, 4.25917861663e-18, 4.48084482283e-18, 9.41008274902e-18, 1.09523403216e-17, 6.44447771203e-18, 8.81991088866e-18, 1.26657787861e-17, 8.39196403567e-18, 8.93265395179e-18, 1.20639933099e-17, 9.27138937571e-18, 1.64715565479e-17, 1.96319572425e-17, 1.38191795799e-17, 3.11583352666e-17, 2.47036497322e-17, 1.47442479189e-17, 1.1011133838e-17, 1.60567287794e-17, 1.74183358965e-17, 1.50579098441e-17, 8.2421417744e-18, 5.22555925062e-18, 2.9577455804e-18, 1.21172850413e-18, 3.81837220705e-19, 3.58163130628e-20],
        "var": [0.174677193165, 13.1264514923, 29.1967525482, 229.243911743, 380.403747559, 545.205444336, 4193.68164062, 1970.94104004, 2275.08447266, 18303.7578125, 28610.6796875, 4198.74609375, 2951.98120117, 63.2662506104, 0.0867895036936, 0.59848088026, 0.0315527953207, 0.238560423255, 1.54110324383, 0.0600695982575, 0.139182463288, 0.0296753793955, 0.000185220109415, 0.00221910746768, 0.000133834182634, 0.000188332764083, 2.60314955085e-05, 1.50157729877e-05, 3.88029957321e-06, 1.40843303598e-06, 4.40711488636e-07, 5.01223269112e-07, 9.08563038138e-07, 4.86301928504e-07, 1.12906995753e-07, 8.8551885824e-09, 7.06197433864e-10, 2.85707499326e-11, 1.23219379145e-10, 7.04359903736e-10]
    },
    "gfcc": {
        "mean": [-235.389648438, 245.397445679, 1.59600400925, -9.57929039001, -52.9165344238, -25.7989749908, -25.5975131989, -1.942070961, 6.51855564117, -2.67956614494, -2.21741867065, -16.8647022247, -1.78168332577],
        "cov": [[4589.31689453, -219.020065308, -1753.60852051, -172.794494629, 212.141693115, -167.448883057, -280.498626709, 234.532546997, 156.512878418, 102.501571655, -309.250488281, -389.436340332, -20.2752532959], [-219.020065308, 238.846206665, 288.0730896, -82.6978683472, -21.4792747498, -12.6678495407, 26.4168395996, -58.8162612915, 19.7339611053, -21.7577438354, 45.5089797974, 24.1293182373, -8.19616603851], [-1753.60852051, 288.0730896, 1226.61950684, 133.49118042, -80.436416626, 84.9219894409, 202.345748901, -145.49848938, -59.4965286255, -53.6032752991, 215.314086914, 235.581741333, 28.4435119629], [-172.794494629, -82.6978683472, 133.49118042, 222.647018433, 112.713813782, 41.3475837708, 23.5126361847, 21.7658920288, 8.00284004211, 27.1038303375, 40.4090652466, 45.5895118713, 18.2281188965], [212.141693115, -21.4792747498, -80.436416626, 112.713813782, 207.293716431, 41.3889465332, -28.8895587921, 37.6442337036, 77.241973877, 41.8889083862, -0.557717084885, -8.91383838654, 14.8728160858], [-167.448883057, -12.6678495407, 84.9219894409, 41.3475837708, 41.3889465332, 147.139801025, 109.926567078, 15.3134756088, -27.3982830048, -4.69648361206, 25.9573974609, 36.1752738953, 15.3643703461], [-280.498626709, 26.4168395996, 202.345748901, 23.5126361847, -28.8895587921, 109.926567078, 169.204406738, 33.9144325256, -37.5710639954, -18.900642395, 45.116733551, 48.3372688293, 11.2498703003], [234.532546997, -58.8162612915, -145.49848938, 21.7658920288, 37.6442337036, 15.3134756088, 33.9144325256, 123.817123413, 82.4762496948, 23.4287166595, -47.2143592834, -38.8353691101, 3.95049142838], [156.512878418, 19.7339611053, -59.4965286255, 8.00284004211, 77.241973877, -27.3982830048, -37.5710639954, 82.4762496948, 170.700149536, 73.6437225342, -35.3834609985, -53.1809844971, -3.7691848278], [102.501571655, -21.7577438354, -53.6032752991, 27.1038303375, 41.8889083862, -4.69648361206, -18.900642395, 23.4287166595, 73.6437225342, 95.5174636841, 36.1438827515, -15.9669084549, -4.92325544357], [-309.250488281, 45.5089797974, 215.314086914, 40.4090652466, -0.557717084885, 25.9573974609, 45.116733551, -47.2143592834, -35.3834609985, 36.1438827515, 141.906295776, 107.187644958, 16.4651279449], [-389.436340332, 24.1293182373, 235.581741333, 45.5895118713, -8.91383838654, 36.1752738953, 48.3372688293, -38.8353691101, -53.1809844971, -15.9669084549, 107.187644958, 153.40296936, 58.7862510681], [-20.2752532959, -8.19616603851, 28.4435119629, 18.2281188965, 14.8728160858, 15.3643703461, 11.2498703003, 3.95049142838, -3.7691848278, -4.92325544357, 16.4651279449, 58.7862510681, 68.2985687256]],
        "icov": [[0.000629788555671, -0.00127342913765, 0.00120752910152, -0.000714811205398, -7.32914340915e-05, 0.000529036566149, -0.000485323893372, -0.000174592147232, 0.00046951288823, -0.000484630290885, 0.000186114310054, 0.000374972849386, -0.00066761940252], [-0.00127342913765, 0.0211646705866, -0.00603628158569, 0.0118039827794, -0.00616489443928, 0.00340172508731, -0.00507496949285, 0.00967959780246, -0.0132520692423, 0.0162264648825, -0.0144805023447, 0.0102733680978, -0.00253468961455], [0.00120752910152, -0.00603628158569, 0.00872739311308, -0.00924482848495, 0.00528400717303, 0.00184781919234, -0.00940094701946, 0.0119670070708, -0.010752113536, 0.00602811947465, -0.0011468156008, -0.00337441079319, 0.000778854300734], [-0.000714811205398, 0.0118039827794, -0.00924482848495, 0.0210583787411, -0.0143007747829, 0.00350144831464, 0.00339110428467, -0.0100276414305, 0.0115857739002, -0.00764930946752, 0.00190463487525, 0.000526263262145, 0.000957961310633], [-7.32914340915e-05, -0.00616489443928, 0.00528400717303, -0.0143007747829, 0.0198590122163, -0.0118079446256, 0.00648482330143, 0.00448425207287, -0.0143260536715, 0.0123735414818, -0.0107229659334, 0.00530367763713, -0.00401982013136], [0.000529036566149, 0.00340172508731, 0.00184781919234, 0.00350144831464, -0.0118079446256, 0.0265596788377, -0.0256958901882, 0.0121828950942, 0.00110101280734, -0.00872350391001, 0.0133135346696, -0.0101934699342, 0.00398170249537], [-0.000485323893372, -0.00507496949285, -0.00940094701946, 0.00339110428467, 0.00648482330143, -0.0256958901882, 0.0472575947642, -0.040037535131, 0.0228298585862, -0.00276296702214, -0.012584795244, 0.0131505802274, -0.00606731604785], [-0.000174592147232, 0.00967959780246, 0.0119670070708, -0.0100276414305, 0.00448425207287, 0.0121828950942, -0.040037535131, 0.0613029189408, -0.0473017580807, 0.0244757141918, -0.00273245899007, -0.00446956278756, 0.00179376720916], [0.00046951288823, -0.0132520692423, -0.010752113536, 0.0115857739002, -0.0143260536715, 0.00110101280734, 0.0228298585862, -0.0473017580807, 0.0638059899211, -0.0543649829924, 0.0339812636375, -0.012816506438, 0.00422412063926], [-0.000484630290885, 0.0162264648825, 0.00602811947465, -0.00764930946752, 0.0123735414818, -0.00872350391001, -0.00276296702214, 0.0244757141918, -0.0543649829924, 0.0805448517203, -0.0656031444669, 0.0409652963281, -0.0169969387352], [0.000186114310054, -0.0144805023447, -0.0011468156008, 0.00190463487525, -0.0107229659334, 0.0133135346696, -0.012584795244, -0.00273245899007, 0.0339812636375, -0.0656031444669, 0.0794036909938, -0.057583078742, 0.0274250414222], [0.000374972849386, 0.0102733680978, -0.00337441079319, 0.000526263262145, 0.00530367763713, -0.0101934699342, 0.0131505802274, -0.00446956278756, -0.012816506438, 0.0409652963281, -0.057583078742, 0.0619075074792, -0.0353181660175], [-0.00066761940252, -0.00253468961455, 0.000778854300734, 0.000957961310633, -0.00401982013136, 0.00398170249537, -0.00606731604785, 0.00179376720916, 0.00422412063926, -0.0169969387352, 0.0274250414222, -0.0353181660175, 0.0372300744057]]
    },
    "melbands": {
        "dmean": [0.0010912042344, 0.00154889409896, 0.000949701294303, 0.000456819077954, 0.000677092873957, 0.000297108315863, 0.000187096535228, 0.00028780545108, 0.000233064070926, 2.70600485237e-05, 7.73026022216e-06, 1.10551525268e-06, 2.43210934059e-07, 2.65301508762e-07, 2.80041746237e-07, 4.31859099592e-08, 7.25215940633e-08, 2.23391495524e-07, 1.34731493517e-07, 9.42492022205e-08, 5.40973168484e-08, 1.91923454906e-08, 4.2989336535e-09, 2.34326913429e-09, 4.75891859253e-09, 1.93533278292e-09, 1.16826925911e-09, 1.03225283876e-09, 6.88033741092e-10, 5.16760245706e-10, 2.22601811983e-10, 1.7373587291e-10, 1.57658761046e-10, 1.13211669206e-10, 7.53352866201e-11, 6.48815931537e-11, 6.71496608318e-11, 7.35840832711e-11, 8.11156697367e-11, 5.7960438532e-11],
        "dmean2": [0.00167140725534, 0.00245798868127, 0.00163561874069, 0.000729122839402, 0.00107953231782, 0.000448267237516, 0.000280184554867, 0.000397620286094, 0.000330264156219, 3.89314009226e-05, 8.49758271215e-06, 1.27833891383e-06, 3.89349310126e-07, 4.07446179906e-07, 4.39632344751e-07, 6.62236914195e-08, 1.07865751886e-07, 3.29259819409e-07, 1.93157788431e-07, 1.50429826817e-07, 8.69363390166e-08, 3.01496676514e-08, 7.32697946759e-09, 3.86655063522e-09, 8.28769586292e-09, 3.28370730607e-09, 1.97702032523e-09, 1.79202397366e-09, 1.18372800451e-09, 8.87463103005e-10, 3.79230924441e-10, 2.96189156535e-10, 2.70448857753e-10, 1.94993202141e-10, 1.297534441e-10, 1.11771904232e-10, 1.15347925655e-10, 1.27606203382e-10, 1.40476644206e-10, 9.7581442926e-11],
        "dvar": [1.80760468993e-06, 3.01188470075e-06, 4.16636794398e-06, 4.87727675136e-07, 1.19381513741e-06, 2.17258047996e-07, 1.05725185051e-07, 2.43012181045e-07, 2.56530910292e-07, 7.24619875214e-09, 2.30758012698e-09, 3.52676325643e-11, 2.18829322067e-13, 6.4063912595e-13, 8.55425322591e-13, 1.01361417361e-14, 2.94282935694e-13, 1.12092930424e-12, 3.31630502139e-13, 1.52987553723e-13, 5.37691127787e-14, 3.05204537858e-14, 1.3389203322e-16, 6.35794378389e-17, 1.26563800622e-15, 2.38015745326e-17, 9.3236001888e-18, 3.21481329701e-17, 3.3478176943e-18, 9.65672980971e-18, 2.37714699146e-19, 2.70672469883e-19, 2.61198356737e-19, 5.84193399559e-20, 2.74958551463e-20, 1.72787916387e-20, 2.78222554461e-20, 4.40937834368e-20, 8.01164683689e-20, 3.06364951423e-20],
        "dvar2": [4.15684144173e-06, 7.67337405705e-06, 1.16237433758e-05, 1.30257933506e-06, 3.02670082419e-06, 4.74591928423e-07, 2.25948170396e-07, 4.62757554942e-07, 5.21963272604e-07, 1.48816718948e-08, 2.36462871506e-09, 3.43834925809e-11, 5.0947587078e-13, 1.53631469525e-12, 2.23500319814e-12, 2.27221517833e-14, 5.86936640783e-13, 2.40682734159e-12, 6.92091512138e-13, 4.16881020806e-13, 1.45515056168e-13, 7.01606199353e-14, 3.65407287058e-16, 1.46407858223e-16, 3.79187173739e-15, 6.6166190433e-17, 2.78892744724e-17, 1.0018449605e-16, 9.69888624245e-18, 2.71420441748e-17, 6.43016190396e-19, 7.46336425578e-19, 7.58639134527e-19, 1.65248727328e-19, 7.89663125012e-20, 4.95689629971e-20, 7.92135037951e-20, 1.22240208086e-19, 2.37799821201e-19, 8.4319554007e-20],
        "max": [0.0232014041394, 0.0168341994286, 0.0369504317641, 0.0121605293825, 0.0137586193159, 0.0130211552605, 0.0114613482729, 0.0228188410401, 0.0203562956303, 0.00679747806862, 0.00608579209074, 0.000776742643211, 1.02819421954e-05, 2.56589682976e-05, 3.54932199116e-05, 2.64208324552e-06, 4.55946901639e-05, 4.32087254012e-05, 2.7850841434e-05, 1.66066693055e-05, 1.05666831587e-05, 8.3353561422e-06, 3.42059195191e-07, 4.83413373331e-07, 1.52665438691e-06, 1.20879818155e-07, 1.32943725362e-07, 2.83053765315e-07, 4.41503757997e-08, 1.27228958036e-07, 2.04326742193e-08, 3.20441451152e-08, 3.10771532952e-08, 1.12577920319e-08, 8.75433325831e-09, 7.37422212183e-09, 9.12095465821e-09, 1.35289797143e-08, 1.70903931007e-08, 1.31623254518e-08],
        "mean": [0.0032651363872, 0.00344041152857, 0.00155828427523, 0.000928895256948, 0.00134260661434, 0.000786293356214, 0.000481091148686, 0.000908587418962, 0.000672899885103, 8.31726865727e-05, 3.64490369975e-05, 4.95456561111e-06, 4.62302892856e-07, 5.08868822635e-07, 5.35011565717e-07, 8.32570989928e-08, 1.4997264941e-07, 4.31240493981e-07, 2.64565613861e-07, 1.5562146416e-07, 9.4018403729e-08, 3.5706037238e-08, 8.31796231893e-09, 5.1231050513e-09, 8.74676686635e-09, 4.27358903821e-09, 3.07718650561e-09, 2.38413710996e-09, 1.51665080494e-09, 1.19941812038e-09, 6.28773200173e-10, 4.99542962551e-10, 4.7789888713e-10, 3.58430812808e-10, 2.47175890866e-10, 2.20393009398e-10, 2.353696682e-10, 2.73501638004e-10, 2.87147472466e-10, 2.20117229999e-10],
        "median": [0.00143736740574, 0.00243731075898, 0.000812075741123, 0.000547642703168, 0.000697987270541, 0.000323515501805, 0.00017667398788, 0.000297539460007, 0.000119527096103, 5.43012993148e-06, 1.12705060928e-06, 3.02204114178e-07, 2.515058668e-07, 1.59183599635e-07, 8.57808046817e-08, 1.87007795915e-08, 1.6301008543e-08, 1.72650445052e-08, 9.90813919799e-09, 1.65197260316e-08, 1.10397451181e-08, 3.65133323577e-09, 2.83004863988e-09, 1.84207304965e-09, 1.68091252029e-09, 1.4163811235e-09, 1.05868869227e-09, 5.80551995366e-10, 4.742289339e-10, 3.10159620209e-10, 2.37328934283e-10, 2.1099738623e-10, 2.11237374814e-10, 1.71876540778e-10, 1.43539582997e-10, 1.31119601288e-10, 1.24866533779e-10, 1.26439761439e-10, 1.20582890895e-10, 9.28350105123e-11],
        "min": [2.59482242142e-23, 1.11088268309e-23, 2.48557323243e-23, 4.47243822468e-24, 9.08699526346e-24, 4.9794292677e-24, 6.45076292989e-24, 9.00040121304e-24, 8.7733228683e-24, 7.89014180895e-24, 1.04947593585e-23, 1.59984367903e-23, 1.3758324255e-23, 2.38099583549e-23, 2.06119446441e-23, 2.24291062497e-23, 1.1136400675e-23, 1.36414261129e-23, 1.53521435611e-23, 1.83837375976e-23, 7.47662881104e-24, 7.57546203841e-24, 1.46847435694e-23, 7.79443247076e-24, 7.36379882463e-24, 7.38688168358e-24, 1.90905475023e-23, 1.12136183247e-23, 7.02865284677e-24, 1.08615410252e-23, 2.30161970457e-23, 1.65670177541e-23, 8.87801023245e-24, 7.82497558729e-24, 5.90032024491e-24, 8.20939855046e-24, 9.63904880241e-24, 1.17321365977e-23, 1.35518257136e-23, 1.25368149529e-23],
        "var": [1.80701372301e-05, 9.89805721474e-06, 5.78828621656e-06, 1.40994097819e-06, 3.55873066837e-06, 1.22457231555e-06, 7.05275681412e-07, 2.73311229648e-06, 2.17740716835e-06, 1.1043376702e-07, 7.8158144845e-08, 1.2529564053e-09, 4.64985851472e-13, 1.95256115963e-12, 2.02356729463e-12, 3.32170678767e-14, 1.38653585141e-12, 3.3615120236e-12, 1.12837007533e-12, 3.19071348119e-13, 1.18349001931e-13, 7.02602648913e-14, 3.07462213123e-16, 1.95984828974e-16, 2.32577311393e-15, 7.74243369455e-17, 3.69795559617e-17, 8.66832210047e-17, 9.27623003666e-18, 2.53728007975e-17, 1.58905097305e-18, 1.12852923055e-18, 9.10554834829e-19, 3.55773018097e-19, 1.56161062624e-19, 1.15431710313e-19, 2.23752898533e-19, 4.36192964816e-19, 4.88025601263e-19, 3.12569995089e-19]
    },
    "mfcc": {
        "mean": [-893.342956543, 254.260848999, 106.519386292, 34.2279663086, 5.62643671036, -13.0800981522, -16.483757019, -9.07599830627, 1.82660889626, 6.57520389557, 5.18262624741, 7.11025190353, 8.53479099274],
        "cov": [[1687.14428711, 663.606872559, -902.646484375, -369.085998535, 49.2908973694, -126.734710693, -200.081970215, -125.036972046, 122.117980957, 204.284423828, 27.8215770721, -89.7675476074, -60.5676841736], [663.606872559, 513.540893555, -117.774368286, -186.386871338, -48.1480903625, -58.6999320984, -93.0645217896, -59.0565109253, 10.2996940613, 46.0680236816, 8.51128578186, -14.7625713348, -0.68579852581], [-902.646484375, -117.774368286, 828.670166016, 246.630264282, -110.490020752, 69.9605484009, 159.458236694, 97.0180740356, -102.530509949, -170.43927002, -25.0368156433, 74.8076782227, 50.2450065613], [-369.085998535, -186.386871338, 246.630264282, 249.579376221, 94.24584198, 51.2079544067, 63.5800018311, 51.0811500549, -2.81605148315, -34.1036148071, 5.01392316818, 51.5805397034, 46.6719322205], [49.2908973694, -48.1480903625, -110.490020752, 94.24584198, 208.388626099, 62.9719467163, -57.1377830505, -25.902135849, 40.7594909668, 53.6796913147, 28.655040741, 36.8553962708, 56.9403305054], [-126.734710693, -58.6999320984, 69.9605484009, 51.2079544067, 62.9719467163, 98.6086120605, 69.7992935181, 21.8029785156, -7.29484272003, -7.94506931305, 11.5080051422, 19.9437561035, 17.6605205536], [-200.081970215, -93.0645217896, 159.458236694, 63.5800018311, -57.1377830505, 69.7992935181, 184.225631714, 103.719917297, -25.4230728149, -60.0209503174, -12.2180728912, 2.30710315704, -20.4310703278], [-125.036972046, -59.0565109253, 97.0180740356, 51.0811500549, -25.902135849, 21.8029785156, 103.719917297, 109.633132935, 32.4243202209, -30.7614612579, -14.3539934158, 4.27679729462, -10.0206203461], [122.117980957, 10.2996940613, -102.530509949, -2.81605148315, 40.7594909668, -7.29484272003, -25.4230728149, 32.4243202209, 103.311447144, 83.5090484619, 21.3615150452, -4.16007852554, -7.79915571213], [204.284423828, 46.0680236816, -170.43927002, -34.1036148071, 53.6796913147, -7.94506931305, -60.0209503174, -30.7614612579, 83.5090484619, 145.282058716, 75.5266342163, -1.82906830311, -12.6319618225], [27.8215770721, 8.51128578186, -25.0368156433, 5.01392316818, 28.655040741, 11.5080051422, -12.2180728912, -14.3539934158, 21.3615150452, 75.5266342163, 83.6951141357, 41.781124115, 8.19629383087], [-89.7675476074, -14.7625713348, 74.8076782227, 51.5805397034, 36.8553962708, 19.9437561035, 2.30710315704, 4.27679729462, -4.16007852554, -1.82906830311, 41.781124115, 87.0261383057, 66.754486084], [-60.5676841736, -0.68579852581, 50.2450065613, 46.6719322205, 56.9403305054, 17.6605205536, -20.4310703278, -10.0206203461, -7.79915571213, -12.6319618225, 8.19629383087, 66.754486084, 93.6369400024]],
