{
"lowlevel": {
    "average_loudness": 0.787694513798,
    "barkbands_crest": {
        "dmean": 2.29142522812,
        "dmean2": 3.66000676155,
        "dvar": 4.94311857224,
        "dvar2": 12.7732305527,
        "max": 25.755191803,
        "mean": 11.1548461914,
        "median": 10.5011005402,
        "min": 3.18392491341,
        "var": 15.114323616
    },
    "barkbands_flatness_db": {
        "dmean": 0.0242365002632,
        "dmean2": 0.033295545727,
        "dvar": 0.000627476838417,
        "dvar2": 0.00124537351076,
        "max": 0.514770209789,
        "mean": 0.212713718414,
        "median": 0.20240214467,
        "min": 0.0346789583564,
        "var": 0.00573936384171
    },
    "barkbands_kurtosis": {
        "dmean": 4.10362958908,
        "dmean2": 6.33898830414,
        "dvar": 44.9970321655,
        "dvar2": 107.519561768,
        "max": 145.596786499,
        "mean": 8.29025268555,
        "median": 4.9007434845,
        "min": -1.94549238682,
        "var": 115.613319397
    },
    "barkbands_skewness": {
        "dmean": 0.590997755527,
        "dmean2": 0.879901885986,
        "dvar": 0.417257755995,
        "dvar2": 0.918259382248,
        "max": 9.87912368774,
        "mean": 1.67459893227,
        "median": 1.59599494934,
        "min": -6.72814416885,
        "var": 1.98664629459
    },
    "barkbands_spread": {
        "dmean": 3.39465618134,
        "dmean2": 5.0321187973,
        "dvar": 51.3048286438,
        "dvar2": 97.9664840698,
        "max": 114.409965515,
        "mean": 11.3974723816,
        "median": 8.23699951172,
        "min": 0.725437581539,
        "var": 185.069091797
    },
    "dissonance": {
        "dmean": 0.0309273116291,
        "dmean2": 0.0507281646132,
        "dvar": 0.000789490179159,
        "dvar2": 0.0020984353032,
        "max": 0.49983522296,
        "mean": 0.413835018873,
        "median": 0.420372724533,
        "min": 0.137737765908,
        "var": 0.00237791496329
    },
    "dynamic_complexity": 3.79336214066,
    "erbbands_crest": {
        "dmean": 2.58905720711,
        "dmean2": 3.98594331741,
        "dvar": 6.59693050385,
        "dvar2": 15.9695310593,
        "max": 30.4954967499,
        "mean": 11.3587799072,
        "median": 10.3506221771,
        "min": 2.59411764145,
        "var": 21.9409694672
    },
    "erbbands_flatness_db": {
        "dmean": 0.0216693133116,
        "dmean2": 0.0285486243665,
        "dvar": 0.000507050892338,
        "dvar2": 0.000930332869757,
        "max": 0.516952216625,
        "mean": 0.217732533813,
        "median": 0.208959460258,
        "min": 0.0564040280879,
        "var": 0.00518961530179
    },
    "erbbands_kurtosis": {
        "dmean": 1.76846504211,
        "dmean2": 2.6597006321,
        "dvar": 8.31598186493,
        "dvar2": 18.5076847076,
        "max": 83.9781951904,
        "mean": 2.61512517929,
        "median": 1.22958016396,
        "min": -1.91173231602,
        "var": 26.2719535828
    },
    "erbbands_skewness": {
        "dmean": 0.415106981993,
        "dmean2": 0.588337481022,
        "dvar": 0.190549835563,
        "dvar2": 0.388311892748,
        "max": 7.8804936409,
        "mean": 0.937203764915,
        "median": 0.890563130379,
        "min": -4.39551258087,
        "var": 1.18681561947
    },
    "erbbands_spread": {
        "dmean": 6.42109012604,
        "dmean2": 9.41331481934,
        "dvar": 114.127388,
        "dvar2": 242.819076538,
        "max": 159.982589722,
        "mean": 25.2992801666,
        "median": 20.3164329529,
        "min": 1.68976402283,
        "var": 350.599853516
    },
    "hfc": {
        "dmean": 4.86074304581,
        "dmean2": 6.29272556305,
        "dvar": 201.052947998,
        "dvar2": 297.28704834,
        "max": 601.96697998,
        "mean": 14.5455265045,
        "median": 6.64411258698,
        "min": 1.19676107212e-16,
        "var": 895.557983398
    },
    "melbands_crest": {
        "dmean": 2.6897778511,
        "dmean2": 4.2771935463,
        "dvar": 7.06549263,
        "dvar2": 17.8802680969,
        "max": 36.559047699,
        "mean": 14.3042669296,
        "median": 13.6757488251,
        "min": 1.95634067059,
        "var": 24.3261642456
    },
    "melbands_flatness_db": {
        "dmean": 0.0268421806395,
        "dmean2": 0.035666026175,
        "dvar": 0.000824591843411,
        "dvar2": 0.00157037132885,
        "max": 0.675047695637,
        "mean": 0.299565345049,
        "median": 0.29208612442,
        "min": 0.00753189017996,
        "var": 0.00880831200629
    },
    "melbands_kurtosis": {
        "dmean": 6.81233644485,
        "dmean2": 10.4491386414,
        "dvar": 153.412872314,
        "dvar2": 369.650634766,
        "max": 268.569641113,
        "mean": 14.535525322,
        "median": 8.66556358337,
        "min": -1.91289055347,
        "var": 354.210388184
    },
    "melbands_skewness": {
        "dmean": 0.656847596169,
        "dmean2": 0.974930346012,
        "dvar": 0.595053255558,
        "dvar2": 1.33714210987,
        "max": 13.6877803802,
        "mean": 2.35424733162,
        "median": 2.15629935265,
        "min": -2.19894504547,
        "var": 2.33386802673
    },
    "melbands_spread": {
        "dmean": 3.92416477203,
        "dmean2": 5.61070156097,
        "dvar": 112.322753906,
        "dvar2": 182.823165894,
        "max": 273.157409668,
        "mean": 13.6318359375,
        "median": 8.97283744812,
        "min": 0.669563293457,
        "var": 465.377685547
    },
    "pitch_salience": {
        "dmean": 0.0621644109488,
        "dmean2": 0.0992246493697,
        "dvar": 0.00347440852784,
        "dvar2": 0.0088266255334,
        "max": 0.857113778591,
        "mean": 0.566381454468,
        "median": 0.568006396294,
        "min": 0.130518108606,
        "var": 0.012967674993
    },
    "silence_rate_20dB": {
        "dmean": 0,
        "dmean2": 0,
        "dvar": 0,
        "dvar2": 0,
        "max": 1,
        "mean": 1,
        "median": 1,
        "min": 1,
        "var": 0
    },
    "silence_rate_30dB": {
        "dmean": 0.00288378354162,
        "dmean2": 0.00576812168583,
        "dvar": 0.00287530268542,
        "dvar2": 0.00708033563569,
        "max": 1,
        "mean": 0.997500956059,
        "median": 1,
        "min": 0,
        "var": 0.00249277241528
    },
    "silence_rate_60dB": {
        "dmean": 0.0284533314407,
        "dmean2": 0.0569121316075,
        "dvar": 0.0276441350579,
        "dvar2": 0.0602067820728,
        "max": 1,
        "mean": 0.0887158811092,
        "median": 0,
        "min": 0,
        "var": 0.0808484256268
    },
    "spectral_centroid": {
        "dmean": 121.297065735,
        "dmean2": 169.617340088,
        "dvar": 62554.6953125,
        "dvar2": 96049.1015625,
        "max": 11041.4941406,
        "mean": 703.600463867,
        "median": 555.272949219,
        "min": 147.174804688,
        "var": 353927.5
    },
    "spectral_complexity": {
        "dmean": 1.68739783764,
        "dmean2": 2.55124020576,
        "dvar": 3.60221886635,
        "dvar2": 7.00040912628,
        "max": 36,
        "mean": 10.7004995346,
        "median": 10,
        "min": 0,
        "var": 31.5793933868
    },
    "spectral_decrease": {
        "dmean": 1.96593141766e-09,
        "dmean2": 2.90582025109e-09,
        "dvar": 1.07078315228e-17,
        "dvar2": 2.61731212012e-17,
        "max": 9.03482928628e-17,
        "mean": -5.86576032191e-09,
        "median": -4.39597158675e-09,
        "min": -4.29730810936e-08,
        "var": 2.7735567771e-17
    },
    "spectral_energy": {
        "dmean": 0.00776376808062,
        "dmean2": 0.0114134382457,
        "dvar": 0.000160282434081,
        "dvar2": 0.000390151399188,
        "max": 0.164557620883,
        "mean": 0.0234580468386,
        "median": 0.0176025032997,
        "min": 1.10509875809e-20,
        "var": 0.000435951893451
    },
    "spectral_energyband_high": {
        "dmean": 0.000258146261331,
        "dmean2": 0.000310240808176,
        "dvar": 2.14161514123e-06,
        "dvar2": 2.83969575321e-06,
        "max": 0.0607979521155,
        "mean": 0.000528220552951,
        "median": 3.39228936355e-05,
        "min": 7.7333697079e-21,
        "var": 9.29506586544e-06
    },
    "spectral_energyband_low": {
        "dmean": 0.00286986073479,
        "dmean2": 0.00472851563245,
        "dvar": 7.47523372411e-05,
        "dvar2": 0.00020000639779,
        "max": 0.142407789826,
        "mean": 0.00546701112762,
        "median": 0.00283060735092,
        "min": 7.65871100306e-23,
        "var": 8.61096195877e-05
    },
    "spectral_energyband_middle_high": {
        "dmean": 0.00125164096244,
        "dmean2": 0.00182512740139,
        "dvar": 1.03278343886e-05,
        "dvar2": 2.49910262937e-05,
        "max": 0.0853249132633,
        "mean": 0.00336845428683,
        "median": 0.00117890629917,
        "min": 1.75670907393e-21,
        "var": 4.16026050516e-05
    },
    "spectral_energyband_middle_low": {
        "dmean": 0.0053892894648,
        "dmean2": 0.00778141245246,
        "dvar": 8.23794034659e-05,
        "dvar2": 0.000197251007194,
        "max": 0.149326071143,
        "mean": 0.0149026717991,
        "median": 0.0106244254857,
        "min": 3.83824728922e-22,
        "var": 0.0002172702807
    },
    "spectral_entropy": {
        "dmean": 0.23067381978,
        "dmean2": 0.303704440594,
        "dvar": 0.0685259848833,
        "dvar2": 0.124582245946,
        "max": 9.80822086334,
        "mean": 6.61025810242,
        "median": 6.61681461334,
        "min": 4.23667049408,
        "var": 0.617836952209
    },
    "spectral_flux": {
        "dmean": 0.0208824295551,
        "dmean2": 0.0322350151837,
        "dvar": 0.000702035962604,
        "dvar2": 0.00147612544242,
        "max": 0.327645838261,
        "mean": 0.0606504827738,
        "median": 0.0488675236702,
        "min": 1.05123680594e-10,
        "var": 0.00206356542185
    },
    "spectral_kurtosis": {
        "dmean": 6.44725513458,
        "dmean2": 9.97835254669,
        "dvar": 121.801849365,
        "dvar2": 274.218109131,
        "max": 246.018295288,
        "mean": 18.3579177856,
        "median": 10.3652954102,
        "min": -1.49373996258,
        "var": 553.140197754
    },
    "spectral_rms": {
        "dmean": 0.00071247247979,
        "dmean2": 0.00100069947075,
        "dvar": 8.27238011425e-07,
        "dvar2": 1.82524286174e-06,
        "max": 0.0126705970615,
        "mean": 0.00433345139027,
        "median": 0.00414405297488,
        "min": 3.28351191722e-12,
        "var": 4.10709481002e-06
    },
    "spectral_rolloff": {
        "dmean": 243.984527588,
        "dmean2": 412.112609863,
        "dvar": 839117.625,
        "dvar2": 1562037.625,
        "max": 19810.546875,
        "mean": 1094.12072754,
        "median": 602.9296875,
        "min": 21.533203125,
        "var": 5101300
    },
    "spectral_skewness": {
        "dmean": 0.505901396275,
        "dmean2": 0.749138236046,
        "dvar": 0.393285036087,
        "dvar2": 0.882397353649,
        "max": 13.4492073059,
        "mean": 2.98628783226,
        "median": 2.64439368248,
        "min": -0.498567700386,
        "var": 2.26009631157
    },
    "spectral_spread": {
        "dmean": 633342.1875,
        "dmean2": 864581.0625,
        "dvar": 867301130240,
        "dvar2": 1.39677899162e+12,
        "max": 40953632,
        "mean": 3920020.5,
        "median": 3452882.5,
        "min": 407848.21875,
        "var": 6.56310481715e+12
    },
    "spectral_strongpeak": {
        "dmean": 0.452474117279,
        "dmean2": 0.741741120815,
        "dvar": 0.644257843494,
        "dvar2": 1.68240427971,
        "max": 17.0226993561,
        "mean": 0.991540789604,
        "median": 0.612365424633,
        "min": 0,
        "var": 1.25132119656
    },
    "zerocrossingrate": {
        "dmean": 0.00772045738995,
        "dmean2": 0.00841536466032,
        "dvar": 0.00025688164169,
        "dvar2": 0.000203783405595,
        "max": 0.72998046875,
        "mean": 0.0445767380297,
        "median": 0.03076171875,
        "min": 0.00439453125,
        "var": 0.00471565732732
    },
    "barkbands": {
        "dmean": [0.000558005063795, 0.00137621699832, 0.00122321222443, 0.00105593213812, 0.00212192931212, 0.00182727957144, 0.00103479530662, 0.000482072326122, 0.000963561877143, 0.000637697638012, 0.000436640606495, 0.000240646113525, 0.000207707271329, 0.00016486425011, 8.18449334474e-05, 3.93835107388e-05, 2.58639502135e-05, 4.38783063146e-05, 3.09571369144e-05, 2.22942180699e-05, 1.67759717442e-05, 3.38032805303e-05, 3.9528538764e-05, 7.71796549088e-05, 9.57909578574e-05, 1.57633621711e-05, 2.03668241738e-06],
        "dmean2": [0.000957611133344, 0.00235739978962, 0.00202195905149, 0.00173134903889, 0.00343207526021, 0.00244462839328, 0.00141946668737, 0.00071123149246, 0.00139550259337, 0.000982778263278, 0.000655654352158, 0.00036743975943, 0.00031899815076, 0.000256814004388, 0.000125930993818, 6.10406714259e-05, 4.04027850891e-05, 6.94805348758e-05, 4.82829636894e-05, 3.38811551046e-05, 2.32823731494e-05, 4.80130038341e-05, 5.21376023244e-05, 0.000102221223642, 0.000125318125356, 2.11747301364e-05, 3.02713510791e-06],
        "dvar": [5.11094640387e-06, 2.40379376919e-05, 1.50409341586e-05, 6.00162320552e-06, 2.79540399788e-05, 1.71212395799e-05, 9.17916531762e-06, 4.85557893626e-06, 1.07249661596e-05, 6.78881451677e-06, 2.2308881853e-06, 6.17521379809e-07, 5.46636783838e-07, 2.43350996243e-07, 7.60245981724e-08, 1.15217018148e-08, 7.18763981666e-09, 1.31589681374e-08, 6.86426337992e-09, 4.40777458977e-09, 4.54450432841e-09, 2.66683777284e-08, 4.13206286964e-08, 3.22240197193e-07, 5.25139569163e-07, 7.03577196504e-09, 1.1405616035e-10],
        "dvar2": [1.4729556824e-05, 6.767531886e-05, 3.9213202399e-05, 1.58497423399e-05, 7.81445924076e-05, 3.55507509084e-05, 1.88137000805e-05, 1.14367085189e-05, 2.45352421189e-05, 1.77542715392e-05, 5.07554659634e-06, 1.40886493227e-06, 1.3470214526e-06, 5.97609016495e-07, 1.79768065323e-07, 2.95284188212e-08, 1.923099191e-08, 3.56025751103e-08, 1.82608008714e-08, 9.12492481575e-09, 7.85530573921e-09, 5.65324711488e-08, 6.1452631428e-08, 5.34433411303e-07, 8.48159345423e-07, 1.14953353503e-08, 2.77009304384e-10],
        "max": [0.0978886336088, 0.0834551975131, 0.0593602992594, 0.0403216034174, 0.11034950614, 0.123257540166, 0.112782999873, 0.110511213541, 0.0896944105625, 0.0711093172431, 0.0556656010449, 0.0271113645285, 0.033634789288, 0.0147575596347, 0.00893200468272, 0.00342472572811, 0.00321237999015, 0.0027655067388, 0.00208314880729, 0.0036443551071, 0.00469671515748, 0.00645971577615, 0.012797546573, 0.0228665210307, 0.0335203595459, 0.00497928122059, 0.00045666799997],
        "mean": [0.00054979568813, 0.00205649831332, 0.00214355508797, 0.00210701744072, 0.00442208489403, 0.00358184310608, 0.00201077619568, 0.000792466045823, 0.00183523201849, 0.00109958823305, 0.00076403201092, 0.00042560370639, 0.000357873126632, 0.000312885793392, 0.000161008298164, 7.31398831704e-05, 4.73572981718e-05, 9.66535808402e-05, 6.76765412209e-05, 4.23460187449e-05, 2.66985243798e-05, 5.35767794645e-05, 7.71328705014e-05, 0.000143859666423, 0.00017801814829, 2.85165078822e-05, 2.84873794953e-06],
        "median": [0.000163863529451, 0.000650053727441, 0.000424079276854, 0.000621207815129, 0.00287072476931, 0.00137249962427, 0.000513598555699, 7.6807817095e-05, 0.00021884162561, 0.000173770939, 0.00013431487605, 9.38077864703e-05, 0.000103352533188, 4.61828385596e-05, 2.42322057602e-05, 1.90767568711e-05, 9.79547075985e-06, 1.36762337206e-05, 9.52910795604e-06, 7.69727193983e-06, 3.0422565942e-06, 2.93682069241e-06, 4.6075397222e-06, 3.93253776565e-06, 4.53579878013e-06, 1.71386272996e-06, 1.30927034547e-07],
        "min": [2.73444969724e-23, 3.68645397964e-23, 1.66158308892e-23, 5.02212794192e-24, 6.03143168837e-23, 4.0502835711e-23, 4.77284892139e-23, 6.45693694976e-23, 1.20924260969e-22, 7.73753840233e-23, 7.5160508726e-23, 1.37655622116e-22, 1.91502598552e-22, 2.54401406777e-22, 1.38997682775e-22, 9.83551082432e-23, 7.11377156953e-23, 2.26081880881e-22, 3.38116058102e-22, 2.61056540296e-22, 5.4119306367e-22, 5.52708514376e-22, 6.26612538074e-22, 9.86181447613e-22, 1.13195637957e-21, 1.6510558348e-21, 2.36592173858e-21],
        "var": [4.02853174819e-06, 2.13729781535e-05, 1.80912538781e-05, 1.11982108137e-05, 3.42324419762e-05, 4.04515230912e-05, 2.3571346901e-05, 1.20494205476e-05, 2.87293478323e-05, 1.5449939383e-05, 5.57154044145e-06, 1.4015480474e-06, 9.07345565793e-07, 7.4240927006e-07, 2.04036084028e-07, 2.47068339121e-08, 1.44382230616e-08, 4.78062567311e-08, 2.3060733767e-08, 1.10026938671e-08, 1.22375762857e-08, 6.97326569821e-08, 1.98998336032e-07, 9.85688188848e-07, 1.71477131516e-06, 2.55749608158e-08, 1.65185795598e-10]
    },
    "erbbands": {
        "dmean": [0.0375530943274, 0.335161685944, 1.25580763817, 2.42220163345, 5.59907579422, 7.20041704178, 9.22686100006, 17.4150314331, 17.1298732758, 11.4236469269, 11.8864269257, 21.4702320099, 16.6567058563, 20.3659915924, 14.0943527222, 8.09886264801, 9.88881111145, 7.05665111542, 6.01126050949, 3.41486978531, 2.11089396477, 1.41227257252, 2.01209259033, 2.09750390053, 1.27101778984, 1.02719020844, 0.708617568016, 0.721168339252, 1.1800699234, 1.28111875057, 1.13664746284, 1.05738854408, 1.73460423946, 1.32292544842, 0.593384742737, 0.114120230079, 0.0240895822644, 0.0042506554164, 0.000336021970725, 2.2154461476e-05],
        "dmean2": [0.0631312206388, 0.578167319298, 2.09067130089, 3.92875123024, 9.40563297272, 11.7582483292, 13.3037576675, 22.6876659393, 23.0919151306, 16.210144043, 17.4482421875, 31.0083065033, 24.9197864532, 30.8895950317, 21.2741947174, 12.1238355637, 15.057806015, 10.7506837845, 9.24832057953, 5.39145803452, 3.26135230064, 2.14898371696, 3.13396143913, 3.2897541523, 1.9325646162, 1.56317090988, 0.992050528526, 1.00768172741, 1.68943715096, 1.70804333687, 1.49079847336, 1.36872208118, 2.33635425568, 1.71562600136, 0.823516428471, 0.152280211449, 0.0331596396863, 0.00597463408485, 0.000490434351377, 3.17157137033e-05],
        "dvar": [0.015761911869, 1.44391655922, 17.8641166687, 29.8488903046, 293.830200195, 289.179534912, 280.664581299, 1917.41687012, 2267.07958984, 1804.42260742, 1867.67858887, 6201.05810547, 3414.78613281, 5955.54492188, 1736.03308105, 736.37487793, 1033.62768555, 495.847747803, 363.426727295, 121.603805542, 26.1969738007, 18.1992683411, 29.957359314, 29.9632339478, 8.49243450165, 9.2325630188, 8.67013263702, 9.30032157898, 38.7534408569, 32.6456184387, 38.0050468445, 41.767036438, 184.624786377, 103.061401367, 20.7759780884, 0.55558103323, 0.0125492913648, 0.000352709408617, 3.30646935254e-06, 9.25347798386e-09],
        "dvar2": [0.0418473780155, 4.12006378174, 47.9605674744, 76.6520767212, 828.03515625, 815.408203125, 642.24230957, 3861.41162109, 4895.11767578, 3833.04858398, 4507.11230469, 13762.2314453, 8152.26513672, 15797.8701172, 4144.96533203, 1578.33569336, 2549.0402832, 1185.83654785, 863.176879883, 322.682281494, 63.5593338013, 47.0723190308, 79.5517654419, 79.6051635742, 20.8266372681, 19.7314167023, 13.9521560669, 18.9736728668, 94.3784179688, 53.20677948, 55.666343689, 66.8581619263, 328.925506592, 174.789154053, 37.1010398865, 0.875398337841, 0.021079428494, 0.000670731475111, 8.02307567938e-06, 2.28390888424e-08],
        "max": [1.80867958069, 22.6442680359, 66.029006958, 105.837005615, 402.811309814, 394.370178223, 451.419403076, 1384.42492676, 1320.19580078, 2218.67602539, 2114.48413086, 2553.2878418, 1671.20837402, 2450.04223633, 1319.56201172, 1010.0100708, 1395.10131836, 595.297912598, 581.99041748, 360.014190674, 159.794021606, 151.947158813, 154.748641968, 145.958465576, 74.0961608887, 140.863739014, 211.326919556, 197.001602173, 266.742218018, 251.805953979, 388.156829834, 261.12310791, 579.95300293, 479.165527344, 187.734420776, 47.8251075745, 3.81455135345, 0.654895067215, 0.0712492093444, 0.00394762353972],
        "mean": [0.049661539495, 0.520763039589, 2.21904778481, 5.04604578018, 10.1722173691, 14.4234580994, 22.4581184387, 32.5708198547, 33.1132545471, 21.4685935974, 21.4518756866, 41.6954116821, 29.8129749298, 38.8801574707, 26.4123744965, 15.8087720871, 18.4537563324, 14.4004096985, 11.8597898483, 6.74346256256, 4.11834430695, 2.88501191139, 4.57106208801, 4.766933918, 2.94239640236, 2.02108812332, 1.16690707207, 1.14636862278, 1.77043926716, 2.18358016014, 2.25455904007, 2.04324698448, 3.03216695786, 2.3654756546, 1.03684329987, 0.211334496737, 0.0423887781799, 0.00678646983579, 0.000501671573147, 4.7236593673e-05],
        "median": [0.0162130109966, 0.170853346586, 0.615970492363, 2.24456548691, 5.69072055817, 8.72447395325, 12.1152448654, 10.8761043549, 8.61120414734, 5.8791103363, 3.35047125816, 5.45376014709, 4.70386600494, 7.92333221436, 6.89571094513, 4.18441390991, 5.67009782791, 2.56232333183, 1.95297837257, 1.37821292877, 1.11837947369, 0.645338058472, 0.711004793644, 0.675206005573, 0.484743565321, 0.392955839634, 0.192371577024, 0.102191418409, 0.0950362309813, 0.134690329432, 0.129915237427, 0.0796051025391, 0.0712731778622, 0.0492660291493, 0.0299528706819, 0.0102475909516, 0.00274600088596, 0.000385973020457, 3.69957633666e-05, 2.28827248065e-05],
        "min": [1.06707096715e-21, 8.7115657122e-21, 2.00699720597e-20, 2.04419593817e-20, 2.39549760561e-20, 2.24957273505e-19, 5.58807291183e-19, 2.05040509189e-19, 4.94610631023e-19, 8.78468809061e-19, 1.80635690343e-18, 2.44313853016e-18, 3.34439502772e-18, 1.48032997225e-18, 5.23171802387e-18, 6.76172215646e-18, 8.02298937009e-18, 1.02681188528e-17, 1.16315871262e-17, 5.87307995644e-18, 4.32222756369e-18, 4.81055653345e-18, 8.00774939449e-18, 1.86414465093e-17, 1.6289649605e-17, 1.43997520092e-17, 1.34707917854e-17, 2.45923939398e-17, 2.29492261228e-17, 2.21103375958e-17, 1.55586221212e-17, 1.70427429588e-17, 1.70967198025e-17, 1.22481510112e-17, 8.16039978627e-18, 6.72357961764e-18, 3.25991259022e-18, 1.07420900351e-18, 4.00211280254e-19, 3.09013092606e-20],
        "var": [0.0148872146383, 1.2843555212, 19.075553894, 54.4183540344, 296.807830811, 386.124786377, 914.338134766, 4365.23583984, 5978.19628906, 3768.29638672, 4394.76269531, 16812.7246094, 7481.66015625, 15379.1972656, 4181.64648438, 1895.25585938, 1974.14416504, 1581.21386719, 987.805175781, 298.283843994, 69.822845459, 46.8253631592, 105.805229187, 103.033439636, 34.9164581299, 23.9596309662, 21.8976364136, 23.3976955414, 76.704498291, 124.240890503, 185.274658203, 159.18510437, 486.36138916, 315.396728516, 59.8888282776, 2.0159432888, 0.0427273213863, 0.000942782324273, 4.92102390126e-06, 1.24931336387e-08]
    },
    "gfcc": {
        "mean": [-82.8961791992, 126.969528198, -97.9545288086, -0.949770748615, -57.6407699585, 6.85357141495, -41.211730957, -0.574969351292, -28.7794532776, -2.76465940475, -5.78149843216, 2.70634388924, -4.84834575653],
        "cov": [[17704.4042969, -1840.99890137, 290.632568359, 1435.13647461, -1607.07788086, 159.62310791, -664.929199219, 831.780761719, -573.64440918, 82.3194198608, -271.97354126, -71.5706100464, -711.956542969], [-1840.99890137, 2996.61108398, -315.319671631, -360.055084229, 736.512207031, -223.1378479, 268.979888916, -403.727233887, 178.901992798, -262.893951416, 109.997764587, -180.479354858, 230.041290283], [290.632568359, -315.319671631, 1525.84143066, 839.460998535, 36.2609176636, 325.722198486, 54.0878334045, 53.0132598877, -191.38973999, -106.789955139, -213.151733398, -130.790420532, -227.252792358], [1435.13647461, -360.055084229, 839.460998535, 1018.44458008, -27.3672370911, 206.527786255, 17.6798439026, 81.5790863037, -119.236442566, -90.7269210815, -175.149780273, -94.2948455811, -164.882125854], [-1607.07788086, 736.512207031, 36.2609176636, -27.3672370911, 594.847900391, 43.9153022766, 122.915374756, -58.9442405701, 56.1403388977, -143.577728271, -45.6359405518, -105.423736572, 21.8128433228], [159.62310791, -223.1378479, 325.722198486, 206.527786255, 43.9153022766, 307.506225586, 86.1546401978, 33.9167022705, -56.4183235168, -15.7973251343, -75.9029693604, -66.7521820068, -82.6086502075], [-664.929199219, 268.979888916, 54.0878334045, 17.6798439026, 122.915374756, 86.1546401978, 265.556121826, -5.37018299103, 3.47219443321, -43.8094863892, -3.99602985382, -55.3844566345, 2.79400539398], [831.780761719, -403.727233887, 53.0132598877, 81.5790863037, -58.9442405701, 33.9167022705, -5.37018299103, 290.58203125, -20.1687393188, -1.79573726654, -26.8089733124, -31.4863204956, -114.324401855], [-573.64440918, 178.901992798, -191.38973999, -119.236442566, 56.1403388977, -56.4183235168, 3.47219443321, -20.1687393188, 183.444900513, 52.5396957397, 24.8224754333, 15.7380714417, 68.713394165], [82.3194198608, -262.893951416, -106.789955139, -90.7269210815, -143.577728271, -15.7973251343, -43.8094863892, -1.79573726654, 52.5396957397, 179.875396729, 54.7197380066, 62.2289466858, 25.3363418579], [-271.97354126, 109.997764587, -213.151733398, -175.149780273, -45.6359405518, -75.9029693604, -3.99602985382, -26.8089733124, 24.8224754333, 54.7197380066, 173.372543335, 70.9510498047, 63.0207824707], [-71.5706100464, -180.479354858, -130.790420532, -94.2948455811, -105.423736572, -66.7521820068, -55.3844566345, -31.4863204956, 15.7380714417, 62.2289466858, 70.9510498047, 164.829116821, 84.0402908325], [-711.956542969, 230.041290283, -227.252792358, -164.882125854, 21.8128433228, -82.6086502075, 2.79400539398, -114.324401855, 68.713394165, 25.3363418579, 63.0207824707, 84.0402908325, 204.398773193]],
        "icov": [[0.000171807900188, -0.000239332206547, 0.00025513584842, -0.000311786629027, 0.00052391178906, -0.000263740017544, 0.000410606473451, -0.000476641929708, 0.000431695923908, -0.000153355635121, 0.00032097750227, -0.00016714753292, 0.000308882183162], [-0.000239332206547, 0.00130768481176, -0.00045219520689, 0.000537904561497, -0.00132595817558, 0.00111835100688, -0.00107468664646, 0.0016715566162, -0.00118197407573, 0.0011737436289, -0.00137649360113, 0.00149431964383, -0.000769245787524], [0.00025513584842, -0.00045219520689, 0.00187916704454, -0.00138158083428, 0.000695970782544, -0.00110477395356, 0.00064381439006, -0.000477114750538, 0.00129950349219, -0.00040625553811, 0.000999132054858, -0.000519862165675, 0.00109516573139], [-0.000311786629027, 0.000537904561497, -0.00138158083428, 0.00253058993258, -0.000708637060598, 0.000357109325705, -0.000734910427127, 0.000781848968472, -0.000989501131698, 0.000907138455659, -4.30597756349e-05, 0.000398327014409, -0.000449101498816], [0.00052391178906, -0.00132595817558, 0.000695970782544, -0.000708637060598, 0.0047153304331, -0.00163359113503, 0.00103354058228, -0.00163792772219, 0.000218488610699, 0.00117710861377, 0.00148132140748, -0.000219979629037, 0.000840011343826], [-0.000263740017544, 0.00111835100688, -0.00110477395356, 0.000357109325705, -0.00163359113503, 0.00615509971976, -0.00254984153435, 0.0014047648292, -0.000144700272358, -0.000563052017242, -0.000118572083011, 0.00165671529248, -0.000161200689035], [0.000410606473451, -0.00107468664646, 0.00064381439006, -0.000734910427127, 0.00103354058228, -0.00254984153435, 0.00614509312436, -0.00184579368215, 0.00111307785846, -0.00014990355703, 0.000149999948917, 0.000335996970534, -3.45235384884e-05], [-0.000476641929708, 0.0016715566162, -0.000477114750538, 0.000781848968472, -0.00163792772219, 0.0014047648292, -0.00184579368215, 0.007017924916, -0.00243857060559, 0.00174575205892, -0.00180329952855, 0.00133393052965, 0.00186271010898], [0.000431695923908, -0.00118197407573, 0.00129950349219, -0.000989501131698, 0.000218488610699, -0.000144700272358, 0.00111307785846, -0.00243857060559, 0.00977421365678, -0.0045406287536, 0.00225169514306, -0.000161931311595, -0.00133108603768], [-0.000153355635121, 0.0011737436289, -0.00040625553811, 0.000907138455659, 0.00117710861377, -0.000563052017242, -0.00014990355703, 0.00174575205892, -0.0045406287536, 0.010707792826, -0.00296370894648, -0.000244615017436, 0.000263731984887], [0.00032097750227, -0.00137649360113, 0.000999132054858, -4.30597756349e-05, 0.00148132140748, -0.000118572083011, 0.000149999948917, -0.00180329952855, 0.00225169514306, -0.00296370894648, 0.0103840697557, -0.00381776108406, 0.000505103264004], [-0.00016714753292, 0.00149431964383, -0.000519862165675, 0.000398327014409, -0.000219979629037, 0.00165671529248, 0.000335996970534, 0.00133393052965, -0.000161931311595, -0.000244615017436, -0.00381776108406, 0.0126592069864, -0.00502919498831], [0.000308882183162, -0.000769245787524, 0.00109516573139, -0.000449101498816, 0.000840011343826, -0.000161200689035, -3.45235384884e-05, 0.00186271010898, -0.00133108603768, 0.000263731984887, 0.000505103264004, -0.00502919498831, 0.0109037552029]]
    },
    "melbands": {
        "dmean": [0.000372121838154, 0.000574100879021, 0.000494382460602, 0.000471598730655, 0.000315399258398, 0.00038018610212, 0.000248190277489, 0.000120271914057, 0.000114331312943, 0.000130504107801, 8.73405078892e-05, 8.84865003172e-05, 6.06028479524e-05, 2.52634199569e-05, 2.54096412391e-05, 1.93483920157e-05, 1.3528375348e-05, 1.19731812447e-05, 5.69695021113e-06, 3.13955706588e-06, 2.47862453762e-06, 1.50099424445e-06, 1.69610450484e-06, 2.50628841059e-06, 1.81902612439e-06, 1.06589595816e-06, 9.31047566155e-07, 6.72516137001e-07, 4.70811897912e-07, 4.2237027742e-07, 4.29071576491e-07, 6.51474351798e-07, 7.67022982018e-07, 7.35794401407e-07, 7.10093047473e-07, 5.88647765198e-07, 7.16878844287e-07, 1.17165768643e-06, 1.44935404478e-06, 1.09207121568e-06],
        "dmean2": [0.000626358145382, 0.000965722138062, 0.000805461371783, 0.000782304850873, 0.000462941359729, 0.000498847628478, 0.000334398733685, 0.00017509268946, 0.000168554819538, 0.00018831595662, 0.000131758177304, 0.000134569781949, 9.09396258066e-05, 3.89053020626e-05, 3.81061327062e-05, 2.97658352792e-05, 2.09388981602e-05, 1.86419747479e-05, 8.90261526365e-06, 4.92876415592e-06, 3.86223427995e-06, 2.33252603721e-06, 2.63880110651e-06, 4.05681521443e-06, 2.89370518658e-06, 1.6553876776e-06, 1.45944375163e-06, 1.03229115211e-06, 6.90404078796e-07, 6.10972506365e-07, 6.16104216533e-07, 9.53203198151e-07, 1.10294570277e-06, 9.98716359391e-07, 9.61469027061e-07, 7.99558847575e-07, 9.70967562353e-07, 1.63561173849e-06, 1.93038681573e-06, 1.46500951814e-06],
        "dvar": [1.54758492954e-06, 3.85980274586e-06, 1.26030204228e-06, 1.77096910647e-06, 3.05021018221e-07, 8.47052319841e-07, 4.49589549589e-07, 2.05504861128e-07, 1.45365433468e-07, 2.14420012412e-07, 9.62529327353e-08, 1.21625731708e-07, 3.91883610007e-08, 8.92083296122e-09, 4.90545248866e-09, 7.50045359155e-09, 1.76651149264e-09, 1.54246893036e-09, 4.15760176287e-10, 1.04750055852e-10, 3.90955358365e-11, 2.17456417456e-11, 3.51602531812e-11, 4.90576398948e-11, 2.61909504501e-11, 5.84233486242e-12, 5.66027303153e-12, 4.86715268783e-12, 4.30441272903e-12, 3.3679135869e-12, 3.60317765208e-12, 1.19205001772e-11, 1.50954474615e-11, 1.1636031548e-11, 1.48343490269e-11, 1.17307318373e-11, 2.1507585643e-11, 8.73938491019e-11, 1.20463874986e-10, 7.92389764914e-11],
        "dvar2": [4.20095466325e-06, 1.06140641947e-05, 3.32227500621e-06, 4.979690857e-06, 7.17524130778e-07, 1.74292301836e-06, 9.50874891714e-07, 4.42778343768e-07, 3.42100719308e-07, 4.83790245198e-07, 2.31686769325e-07, 3.2447690046e-07, 9.15345523822e-08, 2.0733301298e-08, 1.19544889543e-08, 1.80276931161e-08, 4.27199120523e-09, 3.77249076422e-09, 1.05614195167e-09, 2.79721523722e-10, 9.43000816322e-11, 5.75798644875e-11, 8.69835384276e-11, 1.41233275075e-10, 7.12724809726e-11, 1.49901271951e-11, 1.38470667224e-11, 1.07145707237e-11, 7.57857231831e-12, 6.39184972312e-12, 7.38005923734e-12, 2.93215660085e-11, 3.27630630959e-11, 2.04506429152e-11, 2.33368706304e-11, 1.89781784038e-11, 4.02691491264e-11, 1.70735994787e-10, 2.15636411505e-10, 1.48824619295e-10],
        "max": [0.0187105108052, 0.034444630146, 0.0205682981759, 0.0282092429698, 0.0138748437166, 0.0284721590579, 0.0194579698145, 0.0196059010923, 0.0139087866992, 0.013798831962, 0.00901660509408, 0.0109599754214, 0.00651796767488, 0.00392809323967, 0.00207126815803, 0.00458319438621, 0.00115299841855, 0.00109586620238, 0.000835653685499, 0.00037075128057, 0.000187018231372, 0.000186801407835, 0.000221775932005, 0.000209234844078, 0.000141232638271, 6.05287714279e-05, 0.00010562629177, 0.000118032177852, 0.000125938851852, 0.000125244871015, 0.00010578524234, 0.000142145509017, 0.000165772638866, 0.000154768873472, 0.000223006602027, 0.000216393033043, 0.000174127271748, 0.000386858999263, 0.000478852132801, 0.000457720481791],
        "mean": [0.000546452472918, 0.00101036799606, 0.00102928641718, 0.000899601902347, 0.000780148780905, 0.000721482094377, 0.000482512492454, 0.000218852379476, 0.000207862045499, 0.000249610224273, 0.000148856895976, 0.000164118144312, 0.000108190106403, 4.33185268776e-05, 4.65054399683e-05, 3.36923731084e-05, 2.60706892732e-05, 2.13848798012e-05, 1.09483298729e-05, 5.93198365095e-06, 4.42126520284e-06, 2.71622343462e-06, 3.26358485836e-06, 5.11078906129e-06, 3.78324079975e-06, 2.26501902034e-06, 1.86816771475e-06, 1.202135536e-06, 7.34459945306e-07, 6.51769028082e-07, 6.5133821181e-07, 9.30260569021e-07, 1.17591048365e-06, 1.22944607028e-06, 1.33321941576e-06, 1.15354043828e-06, 1.27398618588e-06, 1.95902293854e-06, 2.43170961767e-06, 1.86077033959e-06],
        "median": [0.000207985227462, 0.000370020570699, 0.000557185092475, 0.000531089026481, 0.000442740216386, 0.000250705867074, 0.000127411738504, 4.68415673822e-05, 2.70254349743e-05, 3.00127685477e-05, 2.12845880014e-05, 3.19861064781e-05, 2.33448299696e-05, 9.46788532019e-06, 1.18575517263e-05, 9.27673045226e-06, 3.60617127626e-06, 2.79573123407e-06, 1.71957412931e-06, 1.31678586968e-06, 1.05048547994e-06, 5.15165311299e-07, 4.81193410451e-07, 7.02264173924e-07, 4.91571995553e-07, 3.65823467519e-07, 2.84409111373e-07, 2.27648286e-07, 1.13698490622e-07, 6.26977225693e-08, 4.67942093962e-08, 4.47326407027e-08, 5.82338444133e-08, 7.14210699471e-08, 7.63786829339e-08, 4.9057035767e-08, 4.24245598651e-08, 4.3169720243e-08, 4.78334669651e-08, 3.44049269074e-08],
        "min": [1.28138605362e-23, 1.12541515757e-23, 3.22565638297e-24, 6.98708776567e-24, 1.86982122643e-23, 5.51037683313e-24, 8.61463560861e-24, 9.4866108988e-24, 1.55115676169e-23, 1.70999437827e-23, 1.66261018582e-23, 5.26715129453e-24, 1.34812905046e-23, 1.57915390853e-23, 2.80388207867e-23, 9.2901482458e-24, 2.17385531905e-23, 2.16858446602e-23, 8.15031286866e-24, 7.96663291776e-24, 4.00557574704e-24, 5.01688398905e-24, 5.33079935337e-24, 9.41574594597e-24, 1.5769881698e-23, 1.30177589921e-23, 1.07133172166e-23, 8.81011455206e-24, 6.20829114788e-24, 1.04000321521e-23, 1.62788121556e-23, 1.28484607644e-23, 1.06337724272e-23, 1.43355763779e-23, 9.35588718048e-24, 8.40641025065e-24, 1.04763449783e-23, 1.30093812893e-23, 9.61547763856e-24, 1.06898572821e-23],
        "var": [1.47824243868e-06, 3.86035299016e-06, 2.0443574158e-06, 1.91900130631e-06, 9.72320549408e-07, 1.93560549633e-06, 1.19994649594e-06, 4.89190426833e-07, 3.63811921034e-07, 5.72918565922e-07, 2.05669437037e-07, 3.04712273191e-07, 9.36272428476e-08, 1.71026233176e-08, 1.18935208349e-08, 1.12239026961e-08, 5.67746161195e-09, 3.73756359195e-09, 1.03302555399e-09, 2.14862336256e-10, 9.32889251959e-11, 4.88869777993e-11, 7.33975102918e-11, 1.45670697727e-10, 7.20621548544e-11, 2.18851291256e-11, 1.61643788632e-11, 1.07457419699e-11, 9.48792520244e-12, 8.67790648368e-12, 8.74729542272e-12, 2.10912953769e-11, 3.78311340588e-11, 4.18155267357e-11, 6.66733127042e-11, 5.105490683e-11, 6.60576246481e-11, 2.05242045581e-10, 3.25486804176e-10, 2.12815001732e-10]
    },
    "mfcc": {
        "mean": [-730.258972168, 164.977279663, 15.902130127, 1.85450422764, 1.82406759262, -2.00662136078, 1.40847480297, -0.96541839838, -13.8343963623, -3.96803808212, -5.05470609665, -6.64949178696, 0.119489021599],
        "cov": [[9896.56152344, -1538.8560791, 63.5353393555, 219.807006836, -223.835098267, -605.865966797, 47.2452545166, 203.013168335, -270.226074219, 317.109161377, 105.134399414, -138.957733154, -45.9850234985], [-1538.8560791, 2354.1550293, -299.634887695, -75.0533905029, 111.772857666, 133.622650146, 86.3055953979, 13.9499111176, 20.1023406982, -40.2711410522, -51.0677566528, -19.4232120514, -16.0988693237], [63.5353393555, -299.634887695, 1146.44030762, 489.284301758, 186.398300171, 272.018707275, 180.896224976, 92.9126739502, 92.0570526123, -89.5320587158, 22.0804023743, -21.7278251648, -45.9781570435], [219.807006836, -75.0533905029, 489.284301758, 661.117248535, 213.305038452, 124.986976624, 115.185928345, 118.175727844, 81.1249694824, -50.786857605, -9.7684841156, -24.7401390076, -46.8848876953], [-223.835098267, 111.772857666, 186.398300171, 213.305038452, 370.400939941, 102.313659668, 53.1186180115, 95.3711776733, 66.4022979736, 24.0351047516, -14.2365484238, -48.4596138, -51.3421859741], [-605.865966797, 133.622650146, 272.018707275, 124.986976624, 102.313659668, 381.290588379, 93.8612823486, -6.14756584167, 109.268829346, -80.4950637817, -2.52500748634, -0.89631652832, -50.0378494263], [47.2452545166, 86.3055953979, 180.896224976, 115.185928345, 53.1186180115, 93.8612823486, 285.066314697, 125.289421082, -3.73454427719, 49.4839935303, 8.89859294891, -33.3298683167, -62.9811515808], [203.013168335, 13.9499111176, 92.9126739502, 118.175727844, 95.3711776733, -6.14756584167, 125.289421082, 205.12008667, 31.8236064911, 60.0395240784, 4.44598865509, -43.7601318359, -36.9738349915], [-270.226074219, 20.1023406982, 92.0570526123, 81.1249694824, 66.4022979736, 109.268829346, -3.73454427719, 31.8236064911, 186.425064087, -1.33376693726, 7.00658082962, -2.40730643272, -28.3265342712], [317.109161377, -40.2711410522, -89.5320587158, -50.786857605, 24.0351047516, -80.4950637817, 49.4839935303, 60.0395240784, -1.33376693726, 218.740341187, 44.88804245, -28.0199604034, -32.7981452942], [105.134399414, -51.0677566528, 22.0804023743, -9.7684841156, -14.2365484238, -2.52500748634, 8.89859294891, 4.44598865509, 7.00658082962, 44.88804245, 122.750923157, 27.4354038239, -11.4997758865], [-138.957733154, -19.4232120514, -21.7278251648, -24.7401390076, -48.4596138, -0.89631652832, -33.3298683167, -43.7601318359, -2.40730643272, -28.0199604034, 27.4354038239, 109.469863892, 44.7889099121], [-45.9850234985, -16.0988693237, -45.9781570435, -46.8848876953, -51.3421859741, -50.0378494263, -62.9811515808, -36.9738349915, -28.3265342712, -32.7981452942, -11.4997758865, 44.7889099121, 120.911827087]],
