{
"lowlevel": {
    "average_loudness": 0.93953949213,
    "barkbands_crest": {
        "dmean": 3.03382396698,
        "dmean2": 4.93291378021,
        "dvar": 8.11130809784,
        "dvar2": 19.1718711853,
        "max": 24.8098449707,
        "mean": 11.2276992798,
        "median": 10.3624515533,
        "min": 2.40790247917,
        "var": 22.5679779053
    },
    "barkbands_flatness_db": {
        "dmean": 0.0220563299954,
        "dmean2": 0.0346518196166,
        "dvar": 0.000457105605165,
        "dvar2": 0.00106217479333,
        "max": 0.348077267408,
        "mean": 0.124996982515,
        "median": 0.119237788022,
        "min": 0.0316768027842,
        "var": 0.00231778202578
    },
    "barkbands_kurtosis": {
        "dmean": 2.71233558655,
        "dmean2": 4.32644319534,
        "dvar": 13.7976369858,
        "dvar2": 33.2385292053,
        "max": 62.5165481567,
        "mean": 3.59595751762,
        "median": 1.75838184357,
        "min": -1.84766197205,
        "var": 33.6009597778
    },
    "barkbands_skewness": {
        "dmean": 0.559513151646,
        "dmean2": 0.894193410873,
        "dvar": 0.307436972857,
        "dvar2": 0.750598430634,
        "max": 6.95458316803,
        "mean": 1.85520040989,
        "median": 1.72481060028,
        "min": -2.18722963333,
        "var": 1.06434690952
    },
    "barkbands_spread": {
        "dmean": 7.04655647278,
        "dmean2": 11.4070415497,
        "dvar": 50.5452270508,
        "dvar2": 126.6536026,
        "max": 78.3459854126,
        "mean": 32.6297416687,
        "median": 33.241859436,
        "min": 2.10104680061,
        "var": 202.864578247
    },
    "dissonance": {
        "dmean": 0.00741876848042,
        "dmean2": 0.0124571695924,
        "dvar": 6.16202232777e-05,
        "dvar2": 0.000168888887856,
        "max": 0.500000059605,
        "mean": 0.483364015818,
        "median": 0.486726552248,
        "min": 0.323929131031,
        "var": 0.000193059400772
    },
    "dynamic_complexity": 1.16959452629,
    "erbbands_crest": {
        "dmean": 1.43914186954,
        "dmean2": 2.39767765999,
        "dvar": 1.80299627781,
        "dvar2": 4.73750686646,
        "max": 20.4785079956,
        "mean": 5.95230340958,
        "median": 5.45946455002,
        "min": 2.61323523521,
        "var": 4.28188323975
    },
    "erbbands_flatness_db": {
        "dmean": 0.0106653058901,
        "dmean2": 0.015602145344,
        "dvar": 0.000129403066239,
        "dvar2": 0.00022459361935,
        "max": 0.349356293678,
        "mean": 0.127363279462,
        "median": 0.117597021163,
        "min": 0.0494027137756,
        "var": 0.00135967263486
    },
    "erbbands_kurtosis": {
        "dmean": 0.501698076725,
        "dmean2": 0.815953433514,
        "dvar": 0.251831620932,
        "dvar2": 0.655729472637,
        "max": 8.66809177399,
        "mean": -0.176587030292,
        "median": -0.423717498779,
        "min": -1.86971187592,
        "var": 1.07968878746
    },
    "erbbands_skewness": {
        "dmean": 0.219397202134,
        "dmean2": 0.349220395088,
        "dvar": 0.0404696203768,
        "dvar2": 0.0974008217454,
        "max": 2.54828429222,
        "mean": -0.675274074078,
        "median": -0.73924100399,
        "min": -2.70849108696,
        "var": 0.331850737333
    },
    "erbbands_spread": {
        "dmean": 7.94325208664,
        "dmean2": 12.9254722595,
        "dvar": 58.3927307129,
        "dvar2": 148.211120605,
        "max": 164.051757812,
        "mean": 54.7670211792,
        "median": 54.083946228,
        "min": 8.09277534485,
        "var": 234.812133789
    },
    "hfc": {
        "dmean": 5.08160066605,
        "dmean2": 7.94641876221,
        "dvar": 29.8259277344,
        "dvar2": 70.4018325806,
        "max": 98.6867523193,
        "mean": 33.1503982544,
        "median": 33.9643058777,
        "min": 1.12751745217e-16,
        "var": 203.607467651
    },
    "melbands_crest": {
        "dmean": 4.16507911682,
        "dmean2": 6.7972984314,
        "dvar": 13.2094831467,
        "dvar2": 34.7253265381,
        "max": 34.4572525024,
        "mean": 18.784362793,
        "median": 18.176158905,
        "min": 1.45990908146,
        "var": 40.1823768616
    },
    "melbands_flatness_db": {
        "dmean": 0.0281353071332,
        "dmean2": 0.0447116158903,
        "dvar": 0.000748029502574,
        "dvar2": 0.00177056295797,
        "max": 0.480345577002,
        "mean": 0.197046980262,
        "median": 0.191305667162,
        "min": 0.000563503417652,
        "var": 0.00363289541565
    },
    "melbands_kurtosis": {
        "dmean": 10.3550167084,
        "dmean2": 16.6349811554,
        "dvar": 171.437484741,
        "dvar2": 416.23059082,
        "max": 230.55657959,
        "mean": 21.8085517883,
        "median": 15.7263069153,
        "min": -1.24373459816,
        "var": 389.725585938
    },
    "melbands_skewness": {
        "dmean": 0.927376568317,
        "dmean2": 1.49139130116,
        "dvar": 0.876086354256,
        "dvar2": 2.11380124092,
        "max": 11.8792505264,
        "mean": 4.04472303391,
        "median": 3.80946969986,
        "min": -0.220888987184,
        "var": 2.71138715744
    },
    "melbands_spread": {
        "dmean": 7.95672464371,
        "dmean2": 13.1184663773,
        "dvar": 72.6106796265,
        "dvar2": 186.161224365,
        "max": 147.416992188,
        "mean": 24.9349021912,
        "median": 21.1651611328,
        "min": 1.46316254139,
        "var": 252.140060425
    },
    "pitch_salience": {
        "dmean": 0.0811251699924,
        "dmean2": 0.131490722299,
        "dvar": 0.00547939771786,
        "dvar2": 0.0131108863279,
        "max": 0.990997314453,
        "mean": 0.526530444622,
        "median": 0.543279767036,
        "min": 0.155319362879,
        "var": 0.0149120474234
    },
    "silence_rate_20dB": {
        "dmean": 0,
        "dmean2": 0,
        "dvar": 0,
        "dvar2": 0,
        "max": 1,
        "mean": 1,
        "median": 1,
        "min": 1,
        "var": 0
    },
    "silence_rate_30dB": {
        "dmean": 0.0683903247118,
        "dmean2": 0.136793330312,
        "dvar": 0.0637179389596,
        "dvar2": 0.166820645332,
        "max": 1,
        "mean": 0.955707907677,
        "median": 1,
        "min": 0,
        "var": 0.0423284061253
    },
    "silence_rate_60dB": {
        "dmean": 0.00185339630116,
        "dmean2": 0.00370713626035,
        "dvar": 0.00184999441262,
        "dvar2": 0.00424955785275,
        "max": 1,
        "mean": 0.0216827280819,
        "median": 0,
        "min": 0,
        "var": 0.0212126486003
    },
    "spectral_centroid": {
        "dmean": 244.997406006,
        "dmean2": 404.537475586,
        "dvar": 60192.265625,
        "dvar2": 152434.53125,
        "max": 10641.7949219,
        "mean": 2051.83154297,
        "median": 2175.13745117,
        "min": 216.66960144,
        "var": 398626.34375
    },
    "spectral_complexity": {
        "dmean": 4.25725126266,
        "dmean2": 6.90732145309,
        "dvar": 14.701593399,
        "dvar2": 35.2138366699,
        "max": 56,
        "mean": 32.4406967163,
        "median": 35,
        "min": 0,
        "var": 101.882392883
    },
    "spectral_decrease": {
        "dmean": 4.13835810065e-09,
        "dmean2": 6.51638387694e-09,
        "dvar": 2.23295867803e-17,
        "dvar2": 5.0872573819e-17,
        "max": -1.49846497841e-28,
        "mean": -1.27772450398e-08,
        "median": -1.0474862755e-08,
        "min": -4.19135162133e-08,
        "var": 5.89145759354e-17
    },
    "spectral_energy": {
        "dmean": 0.0157362017781,
        "dmean2": 0.0247140266001,
        "dvar": 0.000318766746204,
        "dvar2": 0.000724978628568,
        "max": 0.164262160659,
        "mean": 0.0512311682105,
        "median": 0.0427709370852,
        "min": 1.07924702134e-20,
        "var": 0.000861101376358
    },
    "spectral_energyband_high": {
        "dmean": 0.000661767146084,
        "dmean2": 0.00106425234117,
        "dvar": 5.7984027535e-07,
        "dvar2": 1.40424901929e-06,
        "max": 0.0143238436431,
        "mean": 0.00256774364971,
        "median": 0.00259691756219,
        "min": 7.75631185299e-21,
        "var": 2.52552126767e-06
    },
    "spectral_energyband_low": {
        "dmean": 0.0154388444498,
        "dmean2": 0.0244013834745,
        "dvar": 0.000342182902386,
        "dvar2": 0.000773154082708,
        "max": 0.147052019835,
        "mean": 0.0325705707073,
        "median": 0.0219226032495,
        "min": 9.44778379614e-23,
        "var": 0.000831393350381
    },
    "spectral_energyband_middle_high": {
        "dmean": 0.00102478801273,
        "dmean2": 0.00166584935505,
        "dvar": 1.00964916783e-06,
        "dvar2": 2.6188265565e-06,
        "max": 0.0175962597132,
        "mean": 0.00528045976534,
        "median": 0.00499655678868,
        "min": 1.73544572582e-21,
        "var": 7.48419506635e-06
    },
    "spectral_energyband_middle_low": {
        "dmean": 0.00375105347484,
        "dmean2": 0.00617543468252,
        "dvar": 1.75878303708e-05,
        "dvar2": 4.78215260955e-05,
        "max": 0.0731311887503,
        "mean": 0.0139551535249,
        "median": 0.012678001076,
        "min": 4.56502521985e-22,
        "var": 4.98517038068e-05
    },
    "spectral_entropy": {
        "dmean": 0.0898518711329,
        "dmean2": 0.135982453823,
        "dvar": 0.0108855077997,
        "dvar2": 0.0202104225755,
        "max": 9.81652927399,
        "mean": 7.82687759399,
        "median": 7.92058372498,
        "min": 5.78702926636,
        "var": 0.103110834956
    },
    "spectral_flux": {
        "dmean": 0.0275812838227,
        "dmean2": 0.0441952943802,
        "dvar": 0.000985548598692,
        "dvar2": 0.00214745406993,
        "max": 0.32967492938,
        "mean": 0.109095610678,
        "median": 0.10123270005,
        "min": 1.03886815817e-10,
        "var": 0.00239905761555
    },
    "spectral_kurtosis": {
        "dmean": 1.13220024109,
        "dmean2": 1.96940946579,
        "dvar": 8.71788311005,
        "dvar2": 26.6806793213,
        "max": 136.076507568,
        "mean": 3.29774403572,
        "median": 2.43192195892,
        "min": -1.20204901695,
        "var": 50.0498352051
    },
    "spectral_rms": {
        "dmean": 0.00102106528357,
        "dmean2": 0.00160914624576,
        "dvar": 1.10513428808e-06,
        "dvar2": 2.53059647548e-06,
        "max": 0.0126592162997,
        "mean": 0.00675371242687,
        "median": 0.00645970134065,
        "min": 3.24487897489e-12,
        "var": 4.36911068391e-06
    },
    "spectral_rolloff": {
        "dmean": 679.90411377,
        "dmean2": 1183.10217285,
        "dvar": 798019.875,
        "dvar2": 1909559,
        "max": 18776.953125,
        "mean": 1640.50427246,
        "median": 1119.7265625,
        "min": 64.599609375,
        "var": 2040747.875
    },
    "spectral_skewness": {
        "dmean": 0.157638266683,
        "dmean2": 0.262915849686,
        "dvar": 0.040341142565,
        "dvar2": 0.116073787212,
        "max": 9.4421415329,
        "mean": 0.984963834286,
        "median": 0.923721373081,
        "min": -0.23038302362,
        "var": 0.340486645699
    },
    "spectral_spread": {
        "dmean": 356369.0625,
        "dmean2": 520778.6875,
        "dvar": 255189811200,
        "dvar2": 376579457024,
        "max": 40667348,
        "mean": 4395694,
        "median": 4482380.5,
        "min": 591332.5625,
        "var": 1.17232815309e+12
    },
    "spectral_strongpeak": {
        "dmean": 0.223041594028,
        "dmean2": 0.382903218269,
        "dvar": 0.0943618640304,
        "dvar2": 0.2744987607,
        "max": 7.75657129288,
        "mean": 0.468776613474,
        "median": 0.392889857292,
        "min": 0,
        "var": 0.109924964607
    },
    "zerocrossingrate": {
        "dmean": 0.0104762595147,
        "dmean2": 0.0138132460415,
        "dvar": 0.000114195463539,
        "dvar2": 0.000187298093806,
        "max": 0.50537109375,
        "mean": 0.0647499784827,
        "median": 0.0634765625,
        "min": 0.005859375,
        "var": 0.000804017530754
    },
    "barkbands": {
        "dmean": [0.00194898049813, 0.012661379762, 0.00372398342006, 0.00319206761196, 0.00171642925125, 0.000631501490716, 0.000528141157702, 0.000267202965915, 0.000416447874159, 0.000186691511772, 0.000112497276859, 0.000132126966491, 0.000106837273051, 0.000128202154883, 0.000177557943971, 0.000264116824837, 0.000457028014353, 0.000383801932912, 0.000352968316292, 0.000335198303219, 0.000361577724107, 0.000220724992687, 9.64493083302e-05, 5.10939025844e-05, 4.25288490078e-05, 2.5679510145e-05, 1.87516354799e-06],
        "dmean2": [0.00296699092723, 0.0200096294284, 0.00656336965039, 0.00528681511059, 0.00286339316517, 0.00101034832187, 0.00083259906387, 0.000419510470238, 0.000643801817205, 0.000294378522085, 0.000185101685929, 0.000212684215512, 0.000177058755071, 0.000211354694329, 0.000293595861876, 0.000440954085207, 0.000756618217565, 0.000625753949862, 0.000579401501454, 0.000564017158467, 0.000606368645094, 0.000358259945642, 0.000154489855049, 7.91331622167e-05, 6.27776025794e-05, 3.80864912586e-05, 3.11657026941e-06],
        "dvar": [6.78552760291e-06, 0.000304137385683, 3.37323617714e-05, 1.80941751751e-05, 4.01139686801e-06, 6.71727491408e-07, 7.4374503356e-07, 2.111671904e-07, 3.62164598755e-07, 1.05757237634e-07, 3.04883549518e-08, 4.82624216147e-08, 2.96362330232e-08, 2.7542442993e-08, 4.89956377692e-08, 7.89204435137e-08, 2.67137579613e-07, 2.62579220589e-07, 2.2512921305e-07, 1.53549720494e-07, 1.59150161494e-07, 9.3988724359e-08, 1.95681408854e-08, 6.02811089934e-09, 6.27765706085e-09, 1.45822587339e-09, 8.31576300875e-12],
        "dvar2": [1.50430632857e-05, 0.000669179775286, 9.79929754976e-05, 4.87303695991e-05, 1.1457032997e-05, 1.6571038941e-06, 1.77307936156e-06, 4.92600747748e-07, 8.08260324447e-07, 2.30995127026e-07, 7.90813174945e-08, 1.13598090934e-07, 7.51076996153e-08, 6.96277666634e-08, 1.24163335613e-07, 2.03850603953e-07, 7.09555138201e-07, 6.47479964755e-07, 5.54424673282e-07, 4.15291140143e-07, 4.34381149717e-07, 2.23819100142e-07, 4.54900757063e-08, 1.29573800578e-08, 1.19926779618e-08, 3.13309844735e-09, 2.19376860428e-11],
        "max": [0.0256805457175, 0.134742602706, 0.0681280940771, 0.0688140690327, 0.0305904578418, 0.0117852250114, 0.0174887347966, 0.00772230373695, 0.0127708707005, 0.00692224409431, 0.00401475746185, 0.00389963085763, 0.00380410673097, 0.00270447763614, 0.00537998089567, 0.00580004416406, 0.0116070657969, 0.0111183943227, 0.0115087134764, 0.00574308214709, 0.00679213693365, 0.00899576675147, 0.0028305707965, 0.00116525730118, 0.00215308717452, 0.000555813952815, 4.57590467704e-05],
        "mean": [0.00313511909917, 0.0214980598539, 0.00487596401945, 0.0064278957434, 0.0038799836766, 0.00129790650681, 0.000958815449849, 0.000475112552522, 0.00080520415213, 0.000332655123202, 0.000189689511899, 0.000236174906604, 0.00018347184232, 0.000236357518588, 0.000357341807103, 0.000568804505747, 0.0010451246053, 0.000872100936249, 0.00090512650786, 0.000830048520584, 0.00102219055407, 0.0005861921818, 0.000221665075514, 0.000118792377179, 0.000104918246507, 6.4023763116e-05, 2.42759324465e-06],
        "median": [0.00117036071606, 0.00924983248115, 0.00316938944161, 0.00422933045775, 0.0029755984433, 0.000838252715766, 0.000575133599341, 0.000257143226918, 0.000491406070068, 0.000177730922587, 0.000115580231068, 0.000148455961607, 0.000116451657959, 0.000174945715116, 0.000279680942185, 0.000489142199513, 0.000887387606781, 0.00066618405981, 0.000671041896567, 0.000661041820422, 0.000956285162829, 0.000521699665114, 0.00017731427215, 9.73717978923e-05, 7.79713445809e-05, 3.99129639845e-05, 9.5308081427e-07],
        "min": [4.41548767381e-23, 4.45374017019e-23, 5.41225949703e-24, 2.51395337124e-24, 1.42384420413e-22, 5.4872281043e-23, 4.55425903554e-23, 4.47429725429e-23, 1.00108651372e-22, 9.70535571693e-23, 5.14698292954e-23, 1.03206943598e-22, 4.42892449938e-23, 2.66486705358e-22, 9.55273574423e-23, 1.01206575358e-22, 1.21712263594e-22, 2.84752407276e-22, 3.91898575136e-22, 3.4949082651e-22, 4.34300770181e-22, 7.91246774008e-22, 5.88524162625e-22, 6.87904783734e-22, 1.43635995571e-21, 1.62524642644e-21, 2.19906975589e-21],
        "var": [1.88449648704e-05, 0.000659989891574, 3.06878828269e-05, 4.60692644992e-05, 1.05113203972e-05, 1.85587839496e-06, 1.44428906879e-06, 4.34891177292e-07, 9.16499004688e-07, 2.781839612e-07, 5.60392869886e-08, 8.89718165809e-08, 5.47624985359e-08, 5.20401357562e-08, 1.00542841608e-07, 1.64365047794e-07, 6.82771656102e-07, 7.15054852662e-07, 7.26707355625e-07, 4.50596985502e-07, 4.70430791211e-07, 2.73678722351e-07, 4.82361670606e-08, 1.45240051097e-08, 1.89192732591e-08, 5.07095343494e-09, 1.24076087946e-11]
    },
    "erbbands": {
        "dmean": [0.571570694447, 2.39658117294, 4.15696620941, 7.56809425354, 7.76391792297, 5.53537750244, 5.25301408768, 4.71604967117, 7.00380373001, 7.98013687134, 5.3918762207, 10.2776679993, 6.58457279205, 4.39415407181, 4.30346345901, 5.59777927399, 4.91279792786, 5.36546039581, 7.7576379776, 10.0766057968, 16.3987674713, 23.4084663391, 19.678483963, 18.0747432709, 16.5120315552, 16.91837883, 16.7161178589, 12.6892204285, 8.47414112091, 4.69971084595, 2.50712585449, 1.16531419754, 0.902382493019, 0.58219408989, 0.262203127146, 0.13336995244, 0.0427533462644, 0.00891832448542, 0.00017788594414, 1.9712766516e-05],
        "dmean2": [0.894337654114, 3.77897500992, 7.31260347366, 12.6981706619, 12.8742570877, 9.21225166321, 8.40528297424, 7.56742048264, 11.0014629364, 12.5572519302, 8.41982841492, 15.7501392365, 10.420378685, 7.05253076553, 7.03376626968, 8.94751358032, 8.13267707825, 8.75156879425, 12.9752054214, 16.4816093445, 27.4302997589, 38.8498077393, 32.2768135071, 29.7528057098, 27.1668796539, 28.5296859741, 28.2443065643, 21.1190910339, 13.7730607986, 7.47047519684, 4.02356863022, 1.83391392231, 1.41087675095, 0.879407763481, 0.391027063131, 0.200507223606, 0.0642757564783, 0.013678544201, 0.000271809432888, 3.00237716147e-05],
        "dvar": [0.533960700035, 15.7220239639, 55.327999115, 95.4612579346, 73.3064575195, 47.8701057434, 57.611366272, 50.2019500732, 148.371658325, 159.855072021, 95.098487854, 252.219726562, 108.134437561, 56.3468704224, 49.6595878601, 82.884765625, 60.4696807861, 51.672996521, 103.479858398, 158.037277222, 308.778625488, 683.60748291, 642.814819336, 520.861328125, 578.718017578, 457.409454346, 351.989349365, 203.724822998, 122.530395508, 73.4322128296, 13.2875699997, 3.08211731911, 1.98573935032, 1.26722693443, 0.230505675077, 0.0388281270862, 0.00433838134632, 0.000172701169504, 6.64628885261e-08, 4.63550586804e-10],
        "dvar2": [1.26622903347, 35.524520874, 155.427566528, 260.037963867, 206.866729736, 128.090744019, 135.84979248, 122.901451111, 351.756561279, 389.939575195, 214.425506592, 542.286499023, 248.354446411, 132.632675171, 123.65574646, 193.712768555, 155.270706177, 130.774032593, 269.289520264, 391.105621338, 818.279968262, 1830.92712402, 1604.78771973, 1320.56604004, 1388.7557373, 1231.14160156, 976.21472168, 541.176025391, 298.779449463, 165.185531616, 31.8107509613, 6.78406524658, 4.52753305435, 2.65812182426, 0.425123482943, 0.0835439860821, 0.00962306093425, 0.000394313217839, 1.51920545477e-07, 1.00009467374e-09],
        "max": [5.81888198853, 33.8724441528, 85.4685287476, 139.663757324, 98.4205551147, 115.792175293, 143.879898071, 131.793640137, 205.428115845, 317.706634521, 165.258422852, 345.912902832, 247.294174194, 174.583877563, 203.863143921, 173.869857788, 207.789535522, 141.913894653, 302.629516602, 289.137817383, 373.453735352, 630.75958252, 635.001525879, 579.446594238, 715.098571777, 364.222229004, 259.885101318, 328.48425293, 274.863891602, 298.921417236, 73.5177459717, 24.9726161957, 23.54753685, 27.7557220459, 17.7347888947, 3.33203029633, 1.06942522526, 0.169862255454, 0.00351340789348, 0.000250039709499],
        "mean": [0.937474310398, 3.53750133514, 5.59369373322, 15.1413965225, 17.8858585358, 11.4314861298, 10.6848325729, 9.33808612823, 12.6388368607, 14.656539917, 10.7937364578, 19.2104301453, 13.3526935577, 8.60310840607, 7.77960824966, 10.5335197449, 9.43297576904, 10.7458362579, 15.9887094498, 22.5876102448, 38.8710823059, 57.4549026489, 49.2732810974, 47.3720169067, 42.0238647461, 41.7707977295, 42.9962005615, 35.7170562744, 22.7069091797, 11.5854454041, 5.72863292694, 2.73526716232, 1.99485313892, 1.36409389973, 0.633344531059, 0.31468462944, 0.10091008991, 0.0185273010284, 0.000395535753341, 7.41352851037e-05],
        "median": [0.339690208435, 1.42321443558, 3.55619525909, 11.1981258392, 14.2831172943, 7.90099143982, 6.20269775391, 6.37686872482, 6.86160564423, 9.15615844727, 6.74772882462, 11.0249328613, 8.48628044128, 5.2873544693, 4.88603210449, 6.89013242722, 6.5852804184, 7.92592906952, 12.7103843689, 17.899307251, 34.4965820312, 50.2628097534, 39.5188903809, 37.0365524292, 30.7164707184, 32.6817703247, 39.0451278687, 33.9527359009, 20.3228607178, 9.52965354919, 4.51112174988, 2.26622700691, 1.58848118782, 1.02895379066, 0.455562889576, 0.202049016953, 0.0600158497691, 0.00959693733603, 0.000230887293583, 6.64992112434e-05],
        "min": [2.92247797566e-21, 4.42216935092e-21, 5.51254445566e-21, 1.02258256444e-20, 8.42539223953e-20, 6.40413518297e-19, 7.29505368064e-19, 3.38464393027e-19, 7.67130557105e-19, 4.99060449129e-19, 1.1064262408e-18, 1.88537581299e-18, 4.33673507087e-18, 1.88404095028e-18, 1.89937915358e-18, 4.65139126716e-18, 3.14530092608e-18, 1.23846275405e-17, 6.57230689517e-18, 4.78428527719e-18, 7.15279453851e-18, 6.91813911516e-18, 1.42281004516e-17, 1.8193438872e-17, 1.74814100726e-17, 1.87623075229e-17, 1.90917057321e-17, 1.52679839412e-17, 2.75044055313e-17, 2.38429070935e-17, 1.72516027548e-17, 1.20968282443e-17, 1.36388715771e-17, 1.58496590023e-17, 1.04839360649e-17, 5.95756901139e-18, 3.21359936811e-18, 1.18026265702e-18, 3.30099865124e-19, 3.0173251381e-20],
        "var": [1.36407124996, 25.859834671, 48.1265678406, 185.934921265, 192.921798706, 129.608016968, 184.358917236, 104.456298828, 296.181060791, 292.26272583, 208.754058838, 620.702758789, 268.698120117, 150.792709351, 93.0615921021, 161.582122803, 119.351860046, 102.696907043, 203.486862183, 387.81451416, 665.760620117, 1852.41601562, 1877.08190918, 1719.14379883, 1715.35253906, 1317.04638672, 925.08605957, 560.589294434, 370.295532227, 171.152481079, 31.3662872314, 7.30118608475, 4.37049818039, 3.09619784355, 0.731613636017, 0.126622632146, 0.0130565948784, 0.000514116778504, 1.97064409235e-07, 1.56940183071e-09]
    },
    "gfcc": {
        "mean": [46.1085281372, 78.0212402344, -109.889076233, 68.3111190796, -48.5034332275, 6.2125878334, -30.6022167206, 11.6788864136, -22.6415710449, 4.32003307343, -26.2123279572, 1.4818571806, -12.0751571655],
        "cov": [[4310.64160156, -1779.04125977, 339.469177246, 681.230651855, -115.275794983, 263.059295654, -90.9185180664, 433.499847412, -82.4353637695, 309.448883057, -101.92578125, 289.809783936, -96.4047088623], [-1779.04125977, 1256.22460938, -340.26965332, -245.505126953, 156.021179199, -189.288833618, 158.017791748, -214.426956177, 130.098236084, -163.088363647, 93.0942993164, -149.880355835, 100.214157104], [339.469177246, -340.26965332, 438.122802734, 6.55462169647, 17.74193573, 147.063873291, -39.2070579529, 115.473892212, -2.95791769028, 109.769760132, -12.4512815475, 91.6287841797, -5.47373628616], [681.230651855, -245.505126953, 6.55462169647, 347.487731934, 42.513469696, 18.174074173, 7.36222600937, 40.2364692688, 10.8740472794, 16.975107193, -4.59311723709, 6.72955131531, 6.17125511169], [-115.275794983, 156.021179199, 17.74193573, 42.513469696, 203.6746521, -8.32715511322, 84.8669662476, 16.5882148743, 34.1640357971, 9.86333084106, 18.5430183411, 13.6897039413, 21.3347835541], [263.059295654, -189.288833618, 147.063873291, 18.174074173, -8.32715511322, 157.582427979, 27.1835289001, 77.0741882324, 9.32353305817, 40.958114624, 4.6008348465, 33.7918128967, 3.50133824348], [-90.9185180664, 158.017791748, -39.2070579529, 7.36222600937, 84.8669662476, 27.1835289001, 161.267196655, 39.0554580688, 63.1263504028, 6.93331813812, 14.8770189285, 6.41725254059, 26.6965732574], [433.499847412, -214.426956177, 115.473892212, 40.2364692688, 16.5882148743, 77.0741882324, 39.0554580688, 138.172409058, 37.1441574097, 63.7995796204, -8.34376907349, 46.1439208984, -0.491698235273], [-82.4353637695, 130.098236084, -2.95791769028, 10.8740472794, 34.1640357971, 9.32353305817, 63.1263504028, 37.1441574097, 104.34438324, 30.5233383179, 28.9527206421, -1.42052066326, 26.3670063019], [309.448883057, -163.088363647, 109.769760132, 16.975107193, 9.86333084106, 40.958114624, 6.93331813812, 63.7995796204, 30.5233383179, 111.471099854, 19.3039627075, 60.5384521484, -5.38848924637], [-101.92578125, 93.0942993164, -12.4512815475, -4.59311723709, 18.5430183411, 4.6008348465, 14.8770189285, -8.34376907349, 28.9527206421, 19.3039627075, 73.3550109863, 16.3623561859, 19.8557167053], [289.809783936, -149.880355835, 91.6287841797, 6.72955131531, 13.6897039413, 33.7918128967, 6.41725254059, 46.1439208984, -1.42052066326, 60.5384521484, 16.3623561859, 100.6977005, 17.5757732391], [-96.4047088623, 100.214157104, -5.47373628616, 6.17125511169, 21.3347835541, 3.50133824348, 26.6965732574, -0.491698235273, 26.3670063019, -5.38848924637, 19.8557167053, 17.5757732391, 61.2085075378]],
        "icov": [[0.00109336385503, 0.00017364040832, 0.000959742639679, -0.00175010983367, 0.000497372180689, -0.000619735743385, 0.000643818988465, -0.00226198602468, 0.000991949578747, -0.00131513737142, 0.00102352688555, -0.00204042647965, 0.000973956368398], [0.00017364040832, 0.0071495724842, -0.000462257332401, 0.00416203169152, -0.00331641337834, 0.00376055645756, -0.00406855205074, 0.00682674348354, -0.00689308391884, 0.0043783779256, -0.0045346650295, 0.00564445741475, -0.00591791328043], [0.000959742639679, -0.000462257332401, 0.00644283974543, -0.00127592566423, -0.00133211433422, -0.00529845664278, 0.00453116418794, -0.00363904843107, 0.00110750307795, -0.00434576300904, 0.00364062027074, -0.00400003092363, 0.000843068643007], [-0.00175010983367, 0.00416203169152, -0.00127592566423, 0.00874106492847, -0.00395235372707, 0.00284180464223, -0.00266546057537, 0.00692691700533, -0.0058638905175, 0.00439911987633, -0.00409544305876, 0.00737468106672, -0.00600869953632], [0.000497372180689, -0.00331641337834, -0.00133211433422, -0.00395235372707, 0.00942748878151, 0.000923956627958, -0.00281175994314, -0.00423143338412, 0.00452470313758, -0.00214697164483, 0.000865222420543, -0.00367128872313, 0.00298143993132], [-0.000619735743385, 0.00376055645756, -0.00529845664278, 0.00284180464223, 0.000923956627958, 0.0154778324068, -0.00722727086395, 0.000516758416779, -0.00124485616107, 0.00431637931615, -0.00682047987357, 0.00621510064229, -0.00460037635639], [0.000643818988465, -0.00406855205074, 0.00453116418794, -0.00266546057537, -0.00281175994314, -0.00722727086395, 0.016106236726, -0.00753779895604, -0.00114026363008, -0.00251181400381, 0.00544783985242, -0.00653978949413, 0.0030380198732], [-0.00226198602468, 0.00682674348354, -0.00363904843107, 0.00692691700533, -0.00423143338412, 0.000516758416779, -0.00753779895604, 0.028295064345, -0.0146239669994, 0.003960872069, -0.00134460255504, 0.00601732218638, -0.00544668873772], [0.000991949578747, -0.00689308391884, 0.00110750307795, -0.0058638905175, 0.00452470313758, -0.00124485616107, -0.00114026363008, -0.0146239669994, 0.0283596515656, -0.0130550842732, -0.000271671015071, 0.00135798670817, -0.00125539989676], [-0.00131513737142, 0.0043783779256, -0.00434576300904, 0.00439911987633, -0.00214697164483, 0.00431637931615, -0.00251181400381, 0.003960872069, -0.0130550842732, 0.0266851373017, -0.00847374368459, -0.00431331014261, 0.0035171257332], [0.00102352688555, -0.0045346650295, 0.00364062027074, -0.00409544305876, 0.000865222420543, -0.00682047987357, 0.00544783985242, -0.00134460255504, -0.000271671015071, -0.00847374368459, 0.0240903794765, -0.00942144822329, 0.00173822091892], [-0.00204042647965, 0.00564445741475, -0.00400003092363, 0.00737468106672, -0.00367128872313, 0.00621510064229, -0.00653978949413, 0.00601732218638, 0.00135798670817, -0.00431331014261, -0.00942144822329, 0.030425734818, -0.0163766164333], [0.000973956368398, -0.00591791328043, 0.000843068643007, -0.00600869953632, 0.00298143993132, -0.00460037635639, 0.0030380198732, -0.00544668873772, -0.00125539989676, 0.0035171257332, 0.00173822091892, -0.0163766164333, 0.0310861375183]]
    },
    "melbands": {
        "dmean": [0.00410431064665, 0.00234287115745, 0.0012308661826, 0.000447206344688, 0.000179850234417, 0.000110438086267, 0.000105333521788, 8.05917734397e-05, 4.88210971525e-05, 6.26209657639e-05, 3.3525582694e-05, 1.92359184439e-05, 1.58650491358e-05, 1.34497859108e-05, 1.40323218147e-05, 1.00480856418e-05, 1.10916744234e-05, 1.35091459015e-05, 1.24904454424e-05, 1.59996943694e-05, 2.30176992773e-05, 2.78386614809e-05, 2.53871457971e-05, 1.94247095351e-05, 1.66636582435e-05, 1.45259518831e-05, 1.19866108435e-05, 1.255308689e-05, 1.08969579742e-05, 1.07935193228e-05, 8.04322826298e-06, 5.83172140978e-06, 4.29209421782e-06, 2.48981837103e-06, 1.74815102127e-06, 1.02570754734e-06, 7.08338689037e-07, 6.93031267929e-07, 6.26671408099e-07, 5.20524963576e-07],
        "dmean2": [0.00641069328412, 0.00388879608363, 0.00205388013273, 0.000747255515307, 0.000288456969429, 0.00017678088625, 0.000165165693033, 0.000126521030325, 7.535298937e-05, 9.67034939094e-05, 5.31584155397e-05, 3.070794628e-05, 2.60436081589e-05, 2.14735719055e-05, 2.28828375839e-05, 1.65013389051e-05, 1.81653103937e-05, 2.25640669669e-05, 2.06273507501e-05, 2.64581121883e-05, 3.85082712455e-05, 4.63060569018e-05, 4.19370117015e-05, 3.16677906085e-05, 2.74493668257e-05, 2.37331132666e-05, 2.00232097995e-05, 2.11967380892e-05, 1.83854099305e-05, 1.8294687834e-05, 1.33824978548e-05, 9.60655688687e-06, 6.99701695339e-06, 3.9687320168e-06, 2.84171642306e-06, 1.65943413322e-06, 1.12654470286e-06, 1.10462633529e-06, 9.65427489064e-07, 8.03099567293e-07],
        "dvar": [2.80298427242e-05, 1.61900279636e-05, 2.30767000176e-06, 2.76202769101e-07, 5.28970858227e-08, 2.38816042497e-08, 3.1245335208e-08, 1.53819357251e-08, 6.76306077807e-09, 8.82001938152e-09, 2.88683654759e-09, 1.1734503369e-09, 6.11406203443e-10, 5.74138847576e-10, 4.51964160542e-10, 2.64561705876e-10, 2.23697449453e-10, 3.14437753612e-10, 2.22022372709e-10, 3.47353756869e-10, 6.69020172595e-10, 9.48328415795e-10, 1.11466402775e-09, 9.8780261748e-10, 4.63458715849e-10, 5.42911604562e-10, 2.16177922785e-10, 2.5721355601e-10, 1.48665676991e-10, 1.50691112366e-10, 8.21061690859e-11, 5.74746222837e-11, 5.33478573816e-11, 1.81097047081e-11, 6.61181396092e-12, 2.23630228918e-12, 1.20574654861e-12, 1.24764705945e-12, 1.13244439867e-12, 1.11920097755e-12],
        "dvar2": [6.29154237686e-05, 4.18902018282e-05, 6.31958437225e-06, 7.93262074694e-07, 1.29345664845e-07, 5.85734625247e-08, 7.37012300078e-08, 3.72829447315e-08, 1.49859520349e-08, 1.92997351434e-08, 6.57093268686e-09, 2.70823607984e-09, 1.57068880124e-09, 1.3185758041e-09, 1.09856113095e-09, 6.57325471831e-10, 5.65875235559e-10, 8.02433453018e-10, 5.65977598121e-10, 8.7622253897e-10, 1.77418946201e-09, 2.55009702244e-09, 2.78579936897e-09, 2.37887265442e-09, 1.16684684137e-09, 1.26565002923e-09, 5.55944457137e-10, 6.92377044587e-10, 4.04858951919e-10, 4.23192647592e-10, 2.14024770129e-10, 1.46304565685e-10, 1.30520039221e-10, 4.00090099939e-11, 1.64245266693e-11, 5.38658614241e-12, 2.73405495292e-12, 2.99720664954e-12, 2.50749551331e-12, 2.50559815951e-12],
        "max": [0.03902348876, 0.0414264015853, 0.0231915563345, 0.00846312381327, 0.00385834765621, 0.00261179916561, 0.00293244910426, 0.00277446699329, 0.00134585879277, 0.00188188895117, 0.00126873888075, 0.000749266939238, 0.000588759838138, 0.000491255894303, 0.000440070638433, 0.000334008072969, 0.000255069113337, 0.000434845598647, 0.000265244714683, 0.000410287175328, 0.000546471157577, 0.000755276414566, 0.000815322506242, 0.000875950441696, 0.000554827507585, 0.000754580833018, 0.000316216493957, 0.000314075878123, 0.000207060715184, 0.000152973167133, 0.000199865462491, 0.000179591253982, 0.000230307938182, 0.000124351514387, 4.28096936957e-05, 3.3329371945e-05, 1.50339765241e-05, 1.77959063876e-05, 2.46218824032e-05, 3.13905475195e-05],
        "mean": [0.00706167984754, 0.00350241921842, 0.00276679592207, 0.00105027621612, 0.000378061085939, 0.000223340772209, 0.000194370237296, 0.000147635772009, 9.34611744015e-05, 0.00011761852511, 6.45936815999e-05, 3.53389514203e-05, 2.70239652309e-05, 2.33815317188e-05, 2.67895811703e-05, 1.79201961146e-05, 2.00759277504e-05, 2.52457648457e-05, 2.52179979725e-05, 3.3960561268e-05, 4.83552903461e-05, 6.06506691838e-05, 5.31226796738e-05, 4.06202198064e-05, 3.78916593036e-05, 3.30317816406e-05, 2.67343948508e-05, 2.76348382613e-05, 2.56284947682e-05, 2.52172794717e-05, 1.97495664906e-05, 1.37439865284e-05, 9.19594367588e-06, 5.31903879164e-06, 3.57489852831e-06, 2.13516864278e-06, 1.46398883771e-06, 1.37418226132e-06, 1.32805871544e-06, 1.10798384867e-06],
        "median": [0.00296870106831, 0.00209449138492, 0.00213099364191, 0.00083500193432, 0.000263987109065, 0.000152636610437, 0.000111255852971, 9.29817615543e-05, 5.45757284272e-05, 7.08571824362e-05, 3.87869004044e-05, 2.06842814805e-05, 1.64560569829e-05, 1.4188406567e-05, 1.83584197657e-05, 1.200377028e-05, 1.41432883538e-05, 1.91614235519e-05, 2.00160175154e-05, 2.77652598015e-05, 4.158158481e-05, 5.14415369253e-05, 4.05026221415e-05, 2.80875683529e-05, 2.92342920147e-05, 2.22550916078e-05, 2.08495494007e-05, 2.06570857699e-05, 2.26862848649e-05, 2.22367598326e-05, 1.79607304744e-05, 1.16858427646e-05, 7.097548405e-06, 4.07205743613e-06, 2.67715995506e-06, 1.65912342709e-06, 1.14684576147e-06, 1.02844728644e-06, 9.87914177131e-07, 7.85314227869e-07],
        "min": [2.32144015036e-23, 3.72624838354e-24, 2.25749114108e-24, 2.42198646808e-23, 2.82355027431e-23, 9.31104596004e-24, 1.08313394854e-23, 5.90622841866e-24, 8.71305310628e-24, 1.44019274686e-23, 2.18922248725e-23, 6.91484151739e-24, 6.32075115853e-24, 7.84702188301e-24, 1.11726496224e-23, 8.0047688205e-24, 2.58407245609e-23, 1.15822814247e-23, 7.88139807468e-24, 4.18430244031e-24, 1.04101982026e-23, 7.13322740381e-24, 9.16734232438e-24, 1.45631785262e-23, 1.46128546751e-23, 1.59058797403e-23, 1.02816122973e-23, 1.23054925365e-23, 1.1077605294e-23, 9.8596466548e-24, 9.34830938262e-24, 1.44795908247e-23, 1.73132265279e-23, 1.13936947589e-23, 1.0780288352e-23, 8.24632749601e-24, 6.48031010952e-24, 8.21588377596e-24, 1.22805487547e-23, 1.34039710918e-23],
        "var": [6.94016634952e-05, 1.93958130694e-05, 5.31624891664e-06, 7.35179071398e-07, 1.54506324179e-07, 5.43664988584e-08, 6.367686467e-08, 2.90372224043e-08, 1.55584736206e-08, 2.14708837376e-08, 7.0750987291e-09, 3.10132675096e-09, 1.14941534068e-09, 9.94204052418e-10, 8.74353645042e-10, 4.75955996837e-10, 4.15308343271e-10, 6.17292827965e-10, 4.60642635147e-10, 7.75439823464e-10, 1.30089727879e-09, 2.292048773e-09, 2.81309864292e-09, 2.30990959693e-09, 1.25102339599e-09, 1.46830958503e-09, 5.55820112158e-10, 6.66117716541e-10, 3.73874126103e-10, 3.43235051492e-10, 2.00129898764e-10, 1.43949768772e-10, 1.19862661463e-10, 4.01229188762e-11, 1.40011145039e-11, 4.53859345939e-12, 2.52534733576e-12, 2.32432519412e-12, 2.52028237689e-12, 2.36293493452e-12]
    },
    "mfcc": {
        "mean": [-593.569824219, 96.6186676025, 2.42216277122, 59.0364379883, 6.40907907486, 10.5889558792, -0.310144513845, 6.03229856491, 10.3723573685, -1.38869047165, 1.43943929672, 0.404831796885, -2.51964211464],
        "cov": [[3302.63110352, -1383.68847656, 130.704238892, 370.013305664, 95.0254821777, 9.02011013031, 52.9807929993, 120.901016235, 110.946365356, 49.9537467957, 78.6908798218, 152.026702881, 37.7005577087], [-1383.68847656, 1004.5914917, -269.550201416, -57.0203056335, -63.7739677429, 10.0949420929, -13.8350219727, -17.062746048, 4.84981966019, -15.9494371414, 3.29623317719, -36.61977005, -1.6055816412], [130.704238892, -269.550201416, 383.471374512, -129.558609009, 62.0837860107, 11.9227275848, 7.43370914459, 3.93435573578, 13.3834981918, 29.2754173279, 4.88447809219, 19.4039268494, 34.2115821838], [370.013305664, -57.0203056335, -129.558609009, 315.809020996, 44.6858024597, 42.1242294312, 3.14063882828, 17.9364337921, 29.7303924561, 2.93288850784, 19.8822498322, 1.85574400425, 5.01095151901], [95.0254821777, -63.7739677429, 62.0837860107, 44.6858024597, 125.586486816, 15.2981071472, 23.0087852478, 8.25984573364, 3.47918486595, 10.9528751373, 6.06582021713, 13.945224762, 4.82516288757], [9.02011013031, 10.0949420929, 11.9227275848, 42.1242294312, 15.2981071472, 85.3017883301, 31.0428886414, 20.809337616, 19.7140693665, 7.01892137527, 16.1267356873, 2.54372930527, 16.2957229614], [52.9807929993, -13.8350219727, 7.43370914459, 3.14063882828, 23.0087852478, 31.0428886414, 83.7478790283, 42.344379425, 21.0434875488, 14.67029953, 8.69455623627, 13.6008968353, 0.121161364019], [120.901016235, -17.062746048, 3.93435573578, 17.9364337921, 8.25984573364, 20.809337616, 42.344379425, 84.8024597168, 53.457572937, 25.4301567078, 11.3293495178, 14.943693161, 2.90650939941], [110.946365356, 4.84981966019, 13.3834981918, 29.7303924561, 3.47918486595, 19.7140693665, 21.0434875488, 53.457572937, 97.4321899414, 42.0012664795, 27.500005722, 13.3891048431, 8.42753887177], [49.9537467957, -15.9494371414, 29.2754173279, 2.93288850784, 10.9528751373, 7.01892137527, 14.67029953, 25.4301567078, 42.0012664795, 81.7616348267, 28.6321868896, 19.970123291, -1.03835570812], [78.6908798218, 3.29623317719, 4.88447809219, 19.8822498322, 6.06582021713, 16.1267356873, 8.69455623627, 11.3293495178, 27.500005722, 28.6321868896, 72.2509078979, 27.2562961578, 16.0905704498], [152.026702881, -36.61977005, 19.4039268494, 1.85574400425, 13.945224762, 2.54372930527, 13.6008968353, 14.943693161, 13.3891048431, 19.970123291, 27.2562961578, 75.1595001221, 22.829366684], [37.7005577087, -1.6055816412, 34.2115821838, 5.01095151901, 4.82516288757, 16.2957229614, 0.121161364019, 2.90650939941, 8.42753887177, -1.03835570812, 16.0905704498, 22.829366684, 63.7611274719]],
