{
"lowlevel": {
    "average_loudness": 0.785410761833,
    "barkbands_crest": {
        "dmean": 2.55638718605,
        "dmean2": 4.01166534424,
        "dvar": 6.54864168167,
        "dvar2": 16.8025226593,
        "max": 26.3397064209,
        "mean": 12.0541553497,
        "median": 10.6196203232,
        "min": 1.78525030613,
        "var": 32.5912513733
    },
    "barkbands_flatness_db": {
        "dmean": 0.0209164116532,
        "dmean2": 0.0306217130274,
        "dvar": 0.000549606687855,
        "dvar2": 0.00114502629731,
        "max": 0.575021982193,
        "mean": 0.167033627629,
        "median": 0.125839874148,
        "min": 0.0229114405811,
        "var": 0.0111611671746
    },
    "barkbands_kurtosis": {
        "dmean": 5.44880390167,
        "dmean2": 7.37031650543,
        "dvar": 164.894378662,
        "dvar2": 254.982162476,
        "max": 299.508209229,
        "mean": 11.550154686,
        "median": 1.87734699249,
        "min": -1.95092558861,
        "var": 853.708251953
    },
    "barkbands_skewness": {
        "dmean": 0.710493505001,
        "dmean2": 0.998433530331,
        "dvar": 0.702201187611,
        "dvar2": 1.30202877522,
        "max": 15.5375986099,
        "mean": 2.0749938488,
        "median": 1.60588800907,
        "min": -5.23955392838,
        "var": 5.28772640228
    },
    "barkbands_spread": {
        "dmean": 7.48327970505,
        "dmean2": 11.4303455353,
        "dvar": 134.184738159,
        "dvar2": 331.684814453,
        "max": 128.001785278,
        "mean": 28.9367160797,
        "median": 26.2664527893,
        "min": 0.16782553494,
        "var": 481.372039795
    },
    "dissonance": {
        "dmean": 0.0141007853672,
        "dmean2": 0.0228033456951,
        "dvar": 0.000302716682199,
        "dvar2": 0.000732889398932,
        "max": 0.500000059605,
        "mean": 0.466968208551,
        "median": 0.482528686523,
        "min": 0.253354549408,
        "var": 0.00130648515187
    },
    "dynamic_complexity": 2.83137440681,
    "erbbands_crest": {
        "dmean": 2.26334834099,
        "dmean2": 3.5744099617,
        "dvar": 4.47146129608,
        "dvar2": 10.4235935211,
        "max": 28.6683044434,
        "mean": 8.80098247528,
        "median": 7.91746473312,
        "min": 2.41735458374,
        "var": 15.1745872498
    },
    "erbbands_flatness_db": {
        "dmean": 0.0148521428928,
        "dmean2": 0.0221145190299,
        "dvar": 0.000297037244309,
        "dvar2": 0.000611839990597,
        "max": 0.423252403736,
        "mean": 0.154892936349,
        "median": 0.14336040616,
        "min": 0.0267588496208,
        "var": 0.00463473796844
    },
    "erbbands_kurtosis": {
        "dmean": 0.976855516434,
        "dmean2": 1.53195405006,
        "dvar": 1.77700269222,
        "dvar2": 4.23027467728,
        "max": 22.1939105988,
        "mean": 0.96005821228,
        "median": 0.290927648544,
        "min": -1.83313512802,
        "var": 5.03632879257
    },
    "erbbands_skewness": {
        "dmean": 0.341949611902,
        "dmean2": 0.508525431156,
        "dvar": 0.143499478698,
        "dvar2": 0.315471798182,
        "max": 3.77793717384,
        "mean": -0.234316512942,
        "median": -0.284737437963,
        "min": -3.45817804337,
        "var": 0.930688977242
    },
    "erbbands_spread": {
        "dmean": 9.77612113953,
        "dmean2": 14.8823509216,
        "dvar": 168.299636841,
        "dvar2": 367.085479736,
        "max": 182.787750244,
        "mean": 42.4234275818,
        "median": 37.1590995789,
        "min": 3.88001346588,
        "var": 538.310241699
    },
    "hfc": {
        "dmean": 16.0566864014,
        "dmean2": 23.9229049683,
        "dvar": 3203.9375,
        "dvar2": 6628.77001953,
        "max": 726.180786133,
        "mean": 30.5091571808,
        "median": 16.412694931,
        "min": 1.21155529664e-16,
        "var": 3799.84667969
    },
    "melbands_crest": {
        "dmean": 3.26047897339,
        "dmean2": 5.09816169739,
        "dvar": 9.72687911987,
        "dvar2": 24.6930866241,
        "max": 35.5057449341,
        "mean": 17.9580345154,
        "median": 17.0220432281,
        "min": 1.92688012123,
        "var": 45.8098716736
    },
    "melbands_flatness_db": {
        "dmean": 0.0282531529665,
        "dmean2": 0.04049981758,
        "dvar": 0.00106765062083,
        "dvar2": 0.00203951238655,
        "max": 0.719547867775,
        "mean": 0.250362336636,
        "median": 0.206838056445,
        "min": 0.00708241108805,
        "var": 0.0175487566739
    },
    "melbands_kurtosis": {
        "dmean": 12.5295877457,
        "dmean2": 17.686548233,
        "dvar": 747.466247559,
        "dvar2": 1332.68188477,
        "max": 642.071899414,
        "mean": 27.9691505432,
        "median": 11.4126911163,
        "min": -1.83678841591,
        "var": 2823.80493164
    },
    "melbands_skewness": {
        "dmean": 0.912043094635,
        "dmean2": 1.36695277691,
        "dvar": 1.15268468857,
        "dvar2": 2.393897295,
        "max": 20.2185516357,
        "mean": 3.67765450478,
        "median": 3.13873672485,
        "min": -0.724140763283,
        "var": 6.06266069412
    },
    "melbands_spread": {
        "dmean": 10.1515626907,
        "dmean2": 15.7039432526,
        "dvar": 392.460693359,
        "dvar2": 895.32421875,
        "max": 250.949188232,
        "mean": 28.0263500214,
        "median": 18.2256851196,
        "min": 0.154236868024,
        "var": 934.118530273
    },
    "pitch_salience": {
        "dmean": 0.073556445539,
        "dmean2": 0.113173440099,
        "dvar": 0.00542374514043,
        "dvar2": 0.013573307544,
        "max": 0.882383108139,
        "mean": 0.513911664486,
        "median": 0.544632136822,
        "min": 0.0783085003495,
        "var": 0.0253118351102
    },
    "silence_rate_20dB": {
        "dmean": 0,
        "dmean2": 0,
        "dvar": 0,
        "dvar2": 0,
        "max": 1,
        "mean": 1,
        "median": 1,
        "min": 1,
        "var": 0
    },
    "silence_rate_30dB": {
        "dmean": 0.000136967544677,
        "dmean2": 0.00027395383222,
        "dvar": 0.000136930277222,
        "dvar2": 0.000410781678511,
        "max": 1,
        "mean": 0.999931514263,
        "median": 1,
        "min": 0,
        "var": 6.846976612e-05
    },
    "silence_rate_60dB": {
        "dmean": 0.0246541574597,
        "dmean2": 0.0491747148335,
        "dvar": 0.0240483880043,
        "dvar2": 0.0512920878828,
        "max": 1,
        "mean": 0.0670410171151,
        "median": 0,
        "min": 0,
        "var": 0.0625640749931
    },
    "spectral_centroid": {
        "dmean": 273.44128418,
        "dmean2": 406.684265137,
        "dvar": 190652.609375,
        "dvar2": 384417.21875,
        "max": 11276.8916016,
        "mean": 1489.84802246,
        "median": 1406.50476074,
        "min": 106.206840515,
        "var": 950423.4375
    },
    "spectral_complexity": {
        "dmean": 3.25736188889,
        "dmean2": 4.98657608032,
        "dvar": 12.4382715225,
        "dvar2": 25.2901916504,
        "max": 53,
        "mean": 18.7966175079,
        "median": 18,
        "min": 0,
        "var": 130.298339844
    },
    "spectral_decrease": {
        "dmean": 1.94560301203e-09,
        "dmean2": 2.8124285123e-09,
        "dvar": 5.84443965491e-18,
        "dvar2": 1.28136538642e-17,
        "max": 2.2396993149e-09,
        "mean": -7.3651027499e-09,
        "median": -6.9296421934e-09,
        "min": -2.75515912307e-08,
        "var": 2.69628818172e-17
    },
    "spectral_energy": {
        "dmean": 0.00816820841283,
        "dmean2": 0.0118121867999,
        "dvar": 9.99597104965e-05,
        "dvar2": 0.00021627440583,
        "max": 0.10451836884,
        "mean": 0.03056486696,
        "median": 0.0295639336109,
        "min": 1.12213851715e-20,
        "var": 0.000393876020098
    },
    "spectral_energyband_high": {
        "dmean": 0.00124523683917,
        "dmean2": 0.00184611603618,
        "dvar": 2.06542154046e-05,
        "dvar2": 4.30506806879e-05,
        "max": 0.0562633052468,
        "mean": 0.00180518219713,
        "median": 0.000583596585784,
        "min": 8.20140126162e-21,
        "var": 2.39841538132e-05
    },
    "spectral_energyband_low": {
        "dmean": 0.00603510346264,
        "dmean2": 0.00864562485367,
        "dvar": 6.64625767968e-05,
        "dvar2": 0.00014129151532,
        "max": 0.102978393435,
        "mean": 0.0180389937013,
        "median": 0.0116700688377,
        "min": 5.23123674521e-23,
        "var": 0.000356460252078
    },
    "spectral_energyband_middle_high": {
        "dmean": 0.00150995433796,
        "dmean2": 0.00243490817957,
        "dvar": 6.66415462547e-06,
        "dvar2": 1.70406710822e-05,
        "max": 0.0466718226671,
        "mean": 0.00481540802866,
        "median": 0.00251621264033,
        "min": 1.88032592543e-21,
        "var": 3.30871262122e-05
    },
    "spectral_energyband_middle_low": {
        "dmean": 0.0038532493636,
        "dmean2": 0.00615248596296,
        "dvar": 6.72852329444e-05,
        "dvar2": 0.000173025444383,
        "max": 0.0969157218933,
        "mean": 0.00765914190561,
        "median": 0.00505502847955,
        "min": 2.36856711105e-22,
        "var": 7.69664766267e-05
    },
    "spectral_entropy": {
        "dmean": 0.150444701314,
        "dmean2": 0.216260820627,
        "dvar": 0.0541401095688,
        "dvar2": 0.100263111293,
        "max": 9.80949306488,
        "mean": 7.46610355377,
        "median": 7.67781400681,
        "min": 5.10724687576,
        "var": 0.474309414625
    },
    "spectral_flux": {
        "dmean": 0.0239138714969,
        "dmean2": 0.0361620262265,
        "dvar": 0.000955043593422,
        "dvar2": 0.00183910131454,
        "max": 0.363175392151,
        "mean": 0.0789065882564,
        "median": 0.0740559995174,
        "min": 1.05931041716e-10,
        "var": 0.00257272296585
    },
    "spectral_kurtosis": {
        "dmean": 3.51090335846,
        "dmean2": 5.89994573593,
        "dvar": 64.4787445068,
        "dvar2": 182.978317261,
        "max": 126.991546631,
        "mean": 9.12460613251,
        "median": 3.88322019577,
        "min": -1.15674495697,
        "var": 239.007537842
    },
    "spectral_rms": {
        "dmean": 0.000758747919463,
        "dmean2": 0.0010735350661,
        "dvar": 8.01902046987e-07,
        "dvar2": 1.63586332746e-06,
        "max": 0.010097976774,
        "mean": 0.00509336544201,
        "median": 0.00537055497989,
        "min": 3.30872980923e-12,
        "var": 3.8769976527e-06
    },
    "spectral_rolloff": {
        "dmean": 768.877502441,
        "dmean2": 1295.76708984,
        "dvar": 3760204.25,
        "dvar2": 8066133.5,
        "max": 18626.2207031,
        "mean": 2065.92114258,
        "median": 1119.7265625,
        "min": 64.599609375,
        "var": 8000920.5
    },
    "spectral_skewness": {
        "dmean": 0.32984110713,
        "dmean2": 0.528756201267,
        "dvar": 0.287119120359,
        "dvar2": 0.759008347988,
        "max": 8.69436264038,
        "mean": 1.87800908089,
        "median": 1.47126114368,
        "min": 0.0230914950371,
        "var": 1.63194823265
    },
    "spectral_spread": {
        "dmean": 654719.8125,
        "dmean2": 935749.3125,
        "dvar": 1.87834210714e+12,
        "dvar2": 3.34332113715e+12,
        "max": 38688544,
        "mean": 4930462.5,
        "median": 4140803.25,
        "min": 552939.3125,
        "var": 9.2319818711e+12
    },
    "spectral_strongpeak": {
        "dmean": 0.766250908375,
        "dmean2": 1.33058357239,
        "dvar": 11.051279068,
        "dvar2": 28.140455246,
        "max": 50.7434883118,
        "mean": 0.897014558315,
        "median": 0.351048618555,
        "min": 0,
        "var": 9.83914661407
    },
    "zerocrossingrate": {
        "dmean": 0.0160578060895,
        "dmean2": 0.017255814746,
        "dvar": 0.00109055836219,
        "dvar2": 0.00115647015627,
        "max": 0.59130859375,
        "mean": 0.0729237645864,
        "median": 0.06005859375,
        "min": 0.001953125,
        "var": 0.00515000987798
    },
    "barkbands": {
        "dmean": [0.000494567328133, 0.00390475173481, 0.00277471332811, 0.00200514355674, 0.00224907440133, 0.000604927598033, 0.000209993144381, 0.000106517800305, 0.000120338059787, 0.000128354746266, 0.000188613077626, 0.000394195056288, 0.000237818065216, 0.00014801735233, 0.000102795143903, 0.000149688275997, 0.000273492594715, 0.000504895695485, 0.000317772937706, 0.000122866971651, 0.000113394438813, 0.000169854596606, 0.000159852934303, 0.000128132480313, 0.000180921924766, 0.000411926594097, 0.000148057588376],
        "dmean2": [0.0007219822146, 0.00560015905648, 0.00425559515134, 0.00336435181089, 0.0038383109495, 0.000976670882665, 0.000312700925861, 0.000164510449395, 0.000184067946975, 0.000204166019103, 0.000313168246066, 0.000665547151584, 0.000392690242734, 0.000233862476307, 0.00017052104522, 0.000240070672589, 0.000456771987956, 0.000810148718301, 0.000535267347004, 0.000184884949704, 0.000170283048647, 0.00026050399174, 0.000250424549449, 0.000199347909074, 0.000277205341263, 0.000610311923083, 0.000235982093727],
        "dvar": [1.62784601798e-06, 3.58502802555e-05, 3.80394558306e-05, 2.00563099497e-05, 4.18895106122e-05, 1.55446980443e-06, 1.17538881739e-07, 2.78449512336e-08, 3.75321214108e-08, 3.7452061008e-08, 1.5740532433e-07, 9.10833307444e-07, 2.34562406831e-07, 1.50947442989e-07, 4.46751933225e-08, 7.95019232669e-08, 3.51662350795e-07, 1.08395681764e-06, 1.34055858325e-06, 1.380623047e-07, 1.07110118108e-07, 1.31206533638e-07, 1.59630062058e-07, 3.77440329657e-07, 6.80488824401e-07, 5.32760986971e-06, 7.94992558895e-07],
        "dvar2": [4.24688369094e-06, 7.88426914369e-05, 8.73197495821e-05, 5.54070429644e-05, 0.000119515119877, 4.00436283599e-06, 2.46215478228e-07, 6.57071765886e-08, 8.55249098208e-08, 9.19384390841e-08, 4.14682148175e-07, 2.38078359871e-06, 6.36223262518e-07, 2.83469518081e-07, 1.24569353943e-07, 1.9512701499e-07, 9.44597275065e-07, 2.7009753012e-06, 4.23210076406e-06, 3.05977778225e-07, 2.36218227201e-07, 3.06241531689e-07, 3.95050619773e-07, 8.7686663619e-07, 1.45565354615e-06, 1.04822211142e-05, 1.78496861736e-06],
        "max": [0.0517166517675, 0.0916040018201, 0.0787390172482, 0.0650018975139, 0.0779417976737, 0.0167866703123, 0.0155545845628, 0.00344627862796, 0.0068938639015, 0.00359236332588, 0.00752430455759, 0.0168293043971, 0.00943221803755, 0.0146999033168, 0.00588132860139, 0.0064634042792, 0.0135155022144, 0.0254814270884, 0.0350111089647, 0.00945699866861, 0.00809918064624, 0.00618286803365, 0.0121771171689, 0.0100690722466, 0.0137430941686, 0.0351564474404, 0.0157590489835],
        "mean": [0.00104634359013, 0.0108405454084, 0.00442340923473, 0.00297946296632, 0.00296817626804, 0.000838248524815, 0.000414316658862, 0.000179766531801, 0.000230805570027, 0.000218125802348, 0.000272360921372, 0.000574134523049, 0.000402620615205, 0.000272762874374, 0.000173931417521, 0.000332772731781, 0.00054307305254, 0.00122177763842, 0.000706400023773, 0.000179671333171, 0.00014028113219, 0.000383454287658, 0.000318974110996, 0.000158930255566, 0.000218084373046, 0.000395651673898, 0.000130708300276],
        "median": [0.000269187759841, 0.0040083588101, 0.00174222816713, 0.00128038960975, 0.00121314439457, 0.000333495729137, 0.000175581881194, 9.8347387393e-05, 0.000128543499159, 0.000125753722386, 9.58439341048e-05, 0.000173844469828, 0.000164382625371, 9.37220174819e-05, 8.28582851682e-05, 0.000167698817677, 0.000182778734597, 0.000205453645322, 0.000141170225106, 7.08766965545e-05, 4.02666919399e-05, 0.000106492116174, 8.67444614414e-05, 2.99137300317e-05, 1.65427900356e-05, 7.38365770303e-06, 1.73189027919e-06],
        "min": [1.52777744881e-23, 4.13801153019e-23, 8.21298076783e-24, 1.47799937906e-23, 6.68046163389e-23, 3.79219447309e-23, 3.35453507397e-23, 1.34027783341e-23, 5.63639728385e-23, 4.7208876002e-23, 1.37234812155e-22, 2.4730912441e-23, 4.76937256915e-23, 1.43953673013e-22, 3.04538730097e-22, 2.22187179929e-22, 2.29925438404e-22, 2.39329569162e-22, 3.09947842039e-22, 3.1030420522e-22, 4.67563184913e-22, 5.46357994762e-22, 1.01165582359e-21, 7.80930846261e-22, 1.07327451883e-21, 1.87022103376e-21, 2.5159613157e-21],
        "var": [3.51738935933e-06, 0.000237108935835, 6.6399021307e-05, 2.28013668675e-05, 3.21638181049e-05, 2.03355671147e-06, 7.85239137713e-07, 5.93224100953e-08, 1.27057859345e-07, 7.61785514669e-08, 2.3604513899e-07, 1.30011437705e-06, 4.94261939821e-07, 5.76715081024e-07, 6.9561387761e-08, 2.4376893748e-07, 8.01243629667e-07, 4.14173246099e-06, 3.86866577173e-06, 1.76021245579e-07, 1.22663621482e-07, 3.74422825189e-07, 4.27787654189e-07, 4.2840318315e-07, 7.61490866807e-07, 6.18282047071e-06, 7.52897790335e-07]
    },
    "erbbands": {
        "dmean": [0.144023984671, 0.852953493595, 2.55335187912, 5.43213129044, 6.53025007248, 8.32127094269, 6.41048526764, 4.4405503273, 2.83490943909, 3.36116075516, 2.3687479496, 2.35582756996, 3.28130030632, 5.04021596909, 9.85163211823, 14.8407430649, 10.1256666183, 8.50420570374, 5.48774147034, 5.54101610184, 8.84619522095, 15.0178451538, 29.5468978882, 12.6931915283, 17.159116745, 5.53771972656, 3.96794366837, 4.34050226212, 5.12026882172, 8.83446216583, 3.3794939518, 2.93056225777, 1.71616661549, 1.51583766937, 1.86240434647, 2.40393161774, 0.492513626814, 0.124011434615, 0.0285653881729, 0.00155730522238],
        "dmean2": [0.197183415294, 1.2266201973, 3.82578706741, 8.6862154007, 10.9834814072, 14.2051677704, 10.4961500168, 7.18209838867, 4.4552526474, 4.82160520554, 3.63801693916, 3.65522623062, 5.09607219696, 8.125248909, 16.5214824677, 24.6759967804, 16.9254226685, 13.0337791443, 9.43914890289, 9.00915908813, 14.1159248352, 24.9751014709, 47.3087768555, 20.7831668854, 28.2863998413, 8.40124702454, 6.02815771103, 6.52637624741, 7.77776050568, 14.0723781586, 5.07004642487, 4.62346220016, 2.61889600754, 2.31516623497, 2.79587030411, 3.56748795509, 0.732484698296, 0.196337774396, 0.0454691313207, 0.0024781182874],
        "dvar": [0.0454292409122, 1.97011804581, 29.8575363159, 125.207862854, 308.587768555, 623.961669922, 259.997283936, 83.549156189, 21.9543495178, 47.7310333252, 14.1757822037, 13.340918541, 25.0803833008, 70.622428894, 484.67098999, 1281.41259766, 420.53338623, 609.20526123, 174.456756592, 103.172698975, 310.492340088, 1041.6583252, 3817.21337891, 890.726623535, 3593.79980469, 215.157485962, 131.653884888, 133.324310303, 131.114501953, 461.993621826, 93.4719543457, 208.968215942, 55.0733604431, 48.3368682861, 88.275718689, 213.167358398, 6.40432071686, 0.418110430241, 0.0303415358067, 0.000104398794065],
        "dvar2": [0.100353837013, 4.25254297256, 65.9343719482, 319.315429688, 859.205627441, 1786.50512695, 696.660705566, 215.837158203, 55.1973190308, 85.1159362793, 32.6964416504, 32.3989372253, 61.601184845, 181.469070435, 1253.33886719, 3276.61010742, 1187.11621094, 1018.77783203, 497.178375244, 268.078704834, 749.939025879, 2872.73974609, 9455.24316406, 2487.54833984, 10873.1513672, 482.718505859, 306.427246094, 291.932220459, 295.457855225, 1181.92456055, 214.303192139, 498.635986328, 124.897193909, 111.303207397, 176.791900635, 423.500030518, 13.0001945496, 0.996325016022, 0.0670690685511, 0.000241856469074],
        "max": [5.04406452179, 20.2936515808, 79.1081390381, 146.879455566, 243.836425781, 302.147003174, 211.601593018, 137.331588745, 103.727546692, 394.474914551, 94.8051223755, 82.3552703857, 147.094177246, 127.858283997, 388.62612915, 750.702758789, 318.047973633, 1005.04290771, 360.734771729, 241.744689941, 427.58972168, 737.903991699, 1699.51940918, 855.795532227, 1585.13623047, 305.324859619, 216.949768066, 262.616119385, 172.619171143, 670.734619141, 159.259628296, 248.271499634, 161.591430664, 161.064743042, 139.047912598, 228.876159668, 34.3715133667, 11.3152294159, 2.85010910034, 0.257035940886],
        "mean": [0.445596039295, 1.91225588322, 4.44426679611, 8.98757171631, 9.28361034393, 10.2477645874, 8.57405567169, 6.02918386459, 4.54812479019, 7.41969633102, 4.11153173447, 4.55419015884, 6.26924991608, 8.76224136353, 15.3376531601, 23.2411231995, 17.9573078156, 16.9982414246, 9.07901954651, 11.619931221, 20.3504104614, 34.1111297607, 73.2410354614, 32.3046836853, 34.1834030151, 8.74470615387, 5.118309021, 6.12682819366, 10.7683172226, 19.1283454895, 6.88331508636, 3.75389075279, 2.24709153175, 1.9661244154, 2.07967066765, 2.31082177162, 0.474221140146, 0.107339888811, 0.0254244469106, 0.00136433565058],
        "median": [0.124716676772, 0.80855602026, 2.04876279831, 4.38363170624, 4.1518535614, 3.95367217064, 2.94489455223, 2.28749728203, 2.36584830284, 2.4035680294, 2.51162385941, 2.7452442646, 3.8372862339, 4.61189365387, 5.30968141556, 7.20076322556, 7.90841913223, 6.00314378738, 4.15757322311, 6.75144147873, 10.0823106766, 11.7253980637, 12.1447277069, 7.21138763428, 8.08378982544, 3.76467990875, 1.73720526695, 2.19337821007, 3.36005997658, 3.88972854614, 2.09354805946, 0.895127773285, 0.397450953722, 0.22148886323, 0.0916372537613, 0.0442883037031, 0.0112233031541, 0.00218641082756, 0.000320717896102, 6.35792894172e-05],
        "min": [1.20565704124e-21, 9.18925524581e-21, 8.22252910236e-21, 2.51165072728e-20, 1.22653798392e-19, 2.27154937296e-19, 3.78186872662e-19, 2.8895530692e-19, 4.89693042282e-19, 3.07487435514e-19, 5.18362346831e-19, 1.27091751625e-18, 1.51603935929e-18, 4.09572855477e-18, 3.06351923328e-18, 1.07021310076e-18, 1.90504513398e-18, 6.81512659116e-18, 1.60322971729e-17, 1.17814035972e-17, 1.16556299579e-17, 1.37834304882e-17, 1.19819353388e-17, 1.62909946007e-17, 1.27937403181e-17, 1.48642255037e-17, 1.71551402605e-17, 2.00657803865e-17, 1.71665685878e-17, 2.15492940736e-17, 2.84169958509e-17, 1.72367118494e-17, 1.43020520527e-17, 9.50128685618e-18, 9.91159077388e-18, 6.47972677306e-18, 3.88140192216e-18, 1.13189740661e-18, 3.23736054479e-19, 4.15338662361e-20],
        "var": [0.582303524017, 6.50264024734, 55.5034866333, 171.443328857, 274.670013428, 460.139923096, 277.585571289, 108.907859802, 37.7835578918, 459.731079102, 25.8123569489, 33.4283332825, 67.8957977295, 133.851150513, 778.722473145, 2028.98962402, 791.163818359, 2761.7746582, 224.19128418, 240.049606323, 904.554260254, 2792.00292969, 15096.3818359, 3195.47827148, 9174.40722656, 300.736968994, 145.479278564, 167.638214111, 309.783569336, 1520.73181152, 162.505187988, 224.115280151, 67.9179534912, 54.2788505554, 102.598274231, 240.186401367, 7.29322910309, 0.373762071133, 0.0295057222247, 9.29343732423e-05]
    },
    "gfcc": {
        "mean": [-19.8722343445, 90.9340057373, -96.692779541, 36.6640968323, -35.0983657837, 16.3527851105, -29.6303691864, 2.74459552765, -22.4475402832, -8.83796596527, -12.0644464493, 3.68219232559, -16.7136287689],
        "cov": [[8806.05664062, -5003.94677734, -548.86932373, 1961.60900879, -726.826416016, 698.875427246, -594.108764648, 434.053039551, -131.212509155, -102.003059387, -261.189208984, 639.429443359, -557.708679199], [-5003.94677734, 4487.86669922, -327.793121338, -813.761962891, 666.652160645, -583.966308594, 522.086364746, -344.243988037, 279.86807251, -189.144546509, 343.010345459, -344.66003418, 453.290740967], [-548.86932373, -327.793121338, 1563.68249512, -507.743774414, 57.2630195618, 164.44342041, -8.15597724915, 63.1976852417, 3.896078825, 323.352416992, -80.3002853394, 10.0524959564, 115.825866699], [1961.60900879, -813.761962891, -507.743774414, 1298.65161133, -157.618850708, 281.886657715, 87.6201553345, 181.453308105, 276.026000977, -201.237991333, 33.9650802612, 161.844848633, -129.114028931], [-726.826416016, 666.652160645, 57.2630195618, -157.618850708, 382.828552246, -88.6280593872, 149.827865601, 7.76122760773, 75.2399215698, -17.2185020447, 46.5629997253, -39.3316001892, 69.3947677612], [698.875427246, -583.966308594, 164.44342041, 281.886657715, -88.6280593872, 326.562408447, -6.3728518486, 109.700363159, 13.2248821259, 9.08059406281, -17.7874526978, 112.55960083, -29.3060665131], [-594.108764648, 522.086364746, -8.15597724915, 87.6201553345, 149.827865601, -6.3728518486, 248.4427948, 31.4194583893, 151.446807861, -22.8496894836, 50.2303619385, -32.8552856445, 79.011756897], [434.053039551, -344.243988037, 63.1976852417, 181.453308105, 7.76122760773, 109.700363159, 31.4194583893, 151.561447144, 74.2847137451, 22.8113555908, -23.7193965912, 42.523311615, -39.1986961365], [-131.212509155, 279.86807251, 3.896078825, 276.026000977, 75.2399215698, 13.2248821259, 151.446807861, 74.2847137451, 289.381866455, -3.94179034233, 72.157119751, 0.369400262833, 17.1326293945], [-102.003059387, -189.144546509, 323.352416992, -201.237991333, -17.2185020447, 9.08059406281, -22.8496894836, 22.8113555908, -3.94179034233, 222.574554443, 5.0763964653, -10.457403183, 11.5421237946], [-261.189208984, 343.010345459, -80.3002853394, 33.9650802612, 46.5629997253, -17.7874526978, 50.2303619385, -23.7193965912, 72.157119751, 5.0763964653, 123.368186951, 19.0335083008, 35.4379386902], [639.429443359, -344.66003418, 10.0524959564, 161.844848633, -39.3316001892, 112.55960083, -32.8552856445, 42.523311615, 0.369400262833, -10.457403183, 19.0335083008, 147.524261475, 0.315880358219], [-557.708679199, 453.290740967, 115.825866699, -129.114028931, 69.3947677612, -29.3060665131, 79.011756897, -39.1986961365, 17.1326293945, 11.5421237946, 35.4379386902, 0.315880358219, 168.260681152]],
        "icov": [[0.000611095107161, 0.000485279393615, 0.00012320294627, -0.000619363447186, -0.000260613305727, 0.000368796347175, 0.000577475002501, -2.54407532339e-05, 9.72793495748e-05, -7.46783262002e-05, 0.000220512927626, -0.00109280750621, 3.54436201633e-06], [0.000485279393615, 0.00152226292994, 0.000275306258118, 0.000265821523499, -0.000734639179427, 0.00035473346361, -0.000193026877241, 0.000864950416144, -0.000920717371628, 0.00130836199969, -0.00173235824332, 0.000705513870344, -0.0014535530936], [0.00012320294627, 0.000275306258118, 0.00150799518451, 0.000650303903967, -0.000478362868307, -0.00126175303012, 0.000437029026216, 0.000592951197177, -0.00135850184597, -0.00132684223354, 0.00141073740087, -0.000215879903408, -0.00102928816341], [-0.000619363447186, 0.000265821523499, 0.000650303903967, 0.00364739005454, 0.000833919213619, -0.00177089020144, -0.00142475916073, 0.000124677739223, -0.00318138953298, 0.00227459240705, -0.000947360531427, 0.000771543476731, -6.17128489466e-06], [-0.000260613305727, -0.000734639179427, -0.000478362868307, 0.000833919213619, 0.00484727276489, 0.00103970884811, -0.00246889679693, -0.00224522524513, 0.000480156188132, 0.000955298368353, -0.000629081216175, -0.000726924219634, 0.000922159233596], [0.000368796347175, 0.00035473346361, -0.00126175303012, -0.00177089020144, 0.00103970884811, 0.0074152899906, -0.00115311122499, -0.00342476926744, 0.00271249935031, 0.000622478488367, -0.00126806041226, -0.00319099240005, 0.000336943397997], [0.000577475002501, -0.000193026877241, 0.000437029026216, -0.00142475916073, -0.00246889679693, -0.00115311122499, 0.0107054738328, -0.00156215706374, -0.00274125370197, -0.000529535405803, 0.000917887024116, 0.00149361242075, -0.00341432099231], [-2.54407532339e-05, 0.000864950416144, 0.000592951197177, 0.000124677739223, -0.00224522524513, -0.00342476926744, -0.00156215706374, 0.0151573540643, -0.00449608359486, -0.00209961808287, 0.00428463844582, -0.00144236907363, 0.00156931683887], [9.72793495748e-05, -0.000920717371628, -0.00135850184597, -0.00318138953298, 0.000480156188132, 0.00271249935031, -0.00274125370197, -0.00449608359486, 0.0105006871745, -0.00135002005845, -0.00331613072194, 5.65196169191e-05, 0.00153270235751], [-7.46783262002e-05, 0.00130836199969, -0.00132684223354, 0.00227459240705, 0.000955298368353, 0.000622478488367, -0.000529535405803, -0.00209961808287, -0.00135002005845, 0.0100444182754, -0.00548053486273, 0.00266716070473, -0.00104179966729], [0.000220512927626, -0.00173235824332, 0.00141073740087, -0.000947360531427, -0.000629081216175, -0.00126806041226, 0.000917887024116, 0.00428463844582, -0.00331613072194, -0.00548053486273, 0.0179575122893, -0.00699044112116, 0.00125014327932], [-0.00109280750621, 0.000705513870344, -0.000215879903408, 0.000771543476731, -0.000726924219634, -0.00319099240005, 0.00149361242075, -0.00144236907363, 5.65196169191e-05, 0.00266716070473, -0.00699044112116, 0.0164222158492, -0.00482278969139], [3.54436201633e-06, -0.0014535530936, -0.00102928816341, -6.17128489466e-06, 0.000922159233596, 0.000336943397997, -0.00341432099231, 0.00156931683887, 0.00153270235751, -0.00104179966729, 0.00125014327932, -0.00482278969139, 0.0118829580024]]
    },
    "melbands": {
        "dmean": [0.00113358465023, 0.00117883714847, 0.000910034810659, 0.000527164549567, 0.00025179979275, 0.000100464181742, 4.33452732977e-05, 3.28999012709e-05, 1.87657842616e-05, 1.61112420756e-05, 1.68659335031e-05, 2.04156349355e-05, 2.98667655443e-05, 4.73054133181e-05, 3.15944234899e-05, 2.26443535212e-05, 1.50783898789e-05, 9.55477025855e-06, 7.83334144216e-06, 8.79307845025e-06, 1.12047810035e-05, 1.38963723657e-05, 2.82444107143e-05, 2.52976387856e-05, 9.34465515456e-06, 1.63849090313e-05, 7.94853349362e-06, 2.88355295197e-06, 1.75477794073e-06, 3.91730236515e-06, 2.00333943212e-06, 3.10872110276e-06, 3.95966480937e-06, 4.89532476422e-06, 1.7963202481e-06, 2.49907998295e-06, 1.49332834098e-06, 1.24721680095e-06, 1.24725613659e-06, 1.3259317484e-06],
        "dmean2": [0.00159487442579, 0.00170859682839, 0.00144402007572, 0.000894796976354, 0.000417980685597, 0.000161904477864, 6.68438660796e-05, 4.76716777484e-05, 2.93106641038e-05, 2.48770120379e-05, 2.62016692432e-05, 3.28300593537e-05, 4.98036861245e-05, 7.85530937719e-05, 5.39417778782e-05, 3.61903912562e-05, 2.33192076848e-05, 1.65976762219e-05, 1.30730077217e-05, 1.40838210427e-05, 1.80534498213e-05, 2.34798626479e-05, 4.55711560789e-05, 4.06410035794e-05, 1.54566860147e-05, 2.78059051197e-05, 1.213174437e-05, 4.51018922831e-06, 2.75213506029e-06, 5.93745335209e-06, 3.06306264974e-06, 4.83152143715e-06, 6.11777886661e-06, 7.89143996371e-06, 2.71844305644e-06, 3.92400670535e-06, 2.38763618654e-06, 2.00007980311e-06, 1.86549561931e-06, 2.09539280149e-06],
        "dvar": [2.80478366221e-06, 4.45931163995e-06, 3.32390618496e-06, 2.36655500885e-06, 4.51189151818e-07, 4.21709600573e-08, 4.73103956011e-09, 4.11152090152e-09, 8.88168649738e-10, 6.51471210311e-10, 6.45984377101e-10, 1.13137288427e-09, 4.0329530826e-09, 1.39424365386e-08, 5.2878026402e-09, 2.75771383507e-09, 1.76696957066e-09, 5.97552340942e-10, 2.78089301586e-10, 2.51517806582e-10, 5.33952715376e-10, 1.04075992269e-09, 3.41232375689e-09, 3.26468252432e-09, 5.37529021294e-10, 5.33799537905e-09, 5.86191484242e-10, 5.78562232845e-11, 2.45151798167e-11, 1.85612941683e-10, 2.23250584686e-11, 5.1880739288e-11, 8.46436046253e-11, 1.52351090077e-10, 1.75148229253e-11, 1.44035991467e-10, 5.08770837959e-11, 3.14244082145e-11, 2.85082547846e-11, 4.0193796208e-11],
        "dvar2": [6.09459084444e-06, 9.29365342017e-06, 8.22629135655e-06, 6.72244732414e-06, 1.25088138248e-06, 1.082430785e-07, 1.16723368748e-08, 7.55386686535e-09, 2.08684469705e-09, 1.53790891133e-09, 1.58750723678e-09, 2.85847412407e-09, 1.05685815655e-08, 3.53065559011e-08, 1.51090677747e-08, 6.22702911457e-09, 3.02168290389e-09, 1.71101743884e-09, 7.81337494704e-10, 6.23686158274e-10, 1.31943933557e-09, 2.92048496497e-09, 8.89129303516e-09, 8.02256661103e-09, 1.44165124283e-09, 1.72116205732e-08, 1.34571664923e-09, 1.35646785471e-10, 6.14588727132e-11, 4.14282774752e-10, 5.06219892393e-11, 1.21289686628e-10, 2.01492045271e-10, 3.92531090965e-10, 3.98164209936e-11, 3.54143658843e-10, 1.20736795561e-10, 7.65294286276e-11, 6.18811946129e-11, 9.53869136455e-11],
        "max": [0.0328513421118, 0.0289838425815, 0.0250856634229, 0.0197726730257, 0.00910280551761, 0.00307174935006, 0.00144014181569, 0.00356649421155, 0.000709743355401, 0.000785844458733, 0.000748365186155, 0.000567696406506, 0.00110114598647, 0.00229195971042, 0.00130641728174, 0.00162761879619, 0.00168297451455, 0.000662213307805, 0.000449461629614, 0.000454472057754, 0.000657357217278, 0.000787113502156, 0.00114224338904, 0.00132098130416, 0.000799759989604, 0.00231807073578, 0.000556684564799, 0.000166894707945, 0.000112809408165, 0.000406226405175, 9.49163950281e-05, 0.000147921949974, 0.000157239788678, 0.000401931174565, 0.000113111498649, 0.000198813140742, 0.000122130397358, 0.000111900939373, 0.000140141186421, 0.000136130183819],
        "mean": [0.00340904598124, 0.00241623679176, 0.00156046380289, 0.000705237674993, 0.000333241128828, 0.000138047151268, 7.45264696889e-05, 7.11808679625e-05, 3.11667281494e-05, 3.07325899485e-05, 3.16023979394e-05, 3.4266635339e-05, 4.37411799794e-05, 6.66611304041e-05, 4.92832587042e-05, 3.99055643356e-05, 2.9056571293e-05, 1.42060034705e-05, 1.32739060064e-05, 1.91236649698e-05, 2.36540308833e-05, 2.66954048129e-05, 6.66320629534e-05, 5.65220834687e-05, 2.04333773581e-05, 3.42940293194e-05, 1.16860073831e-05, 4.25827101935e-06, 2.41790803557e-06, 4.41540032625e-06, 2.97171004604e-06, 5.73703391638e-06, 8.86860925675e-06, 1.0137740901e-05, 3.84810391552e-06, 3.0919297842e-06, 1.83542772447e-06, 1.55552550041e-06, 1.62113599345e-06, 1.64065818353e-06],
        "median": [0.0011795257451, 0.0014033295447, 0.000816270185169, 0.000304974644678, 0.000121080120152, 5.33806960448e-05, 3.76039643015e-05, 2.46645813604e-05, 1.89644524653e-05, 1.74944925675e-05, 1.89625261555e-05, 1.78752743523e-05, 1.53440469148e-05, 1.84611308214e-05, 1.86853994819e-05, 1.53471191879e-05, 9.99539770419e-06, 5.50297045265e-06, 6.53481265545e-06, 1.02032136056e-05, 1.09229031295e-05, 9.71478857537e-06, 1.18431116789e-05, 9.06388686417e-06, 4.89396234116e-06, 5.49360083824e-06, 3.95534789277e-06, 1.83486997685e-06, 9.37307731874e-07, 1.0109977211e-06, 1.12152383736e-06, 1.81982795766e-06, 2.01312150239e-06, 1.9489521037e-06, 1.12737996005e-06, 7.51347556616e-07, 3.75224686877e-07, 2.6191202096e-07, 2.32558093671e-07, 1.59943809308e-07],
        "min": [1.1921292821e-23, 7.4953145593e-24, 8.01442684457e-24, 1.18969091304e-23, 1.33047103018e-23, 7.17362339304e-24, 6.8546900845e-24, 2.73263922202e-24, 4.64723678507e-24, 8.67812550084e-24, 7.17172776029e-24, 1.54866269905e-23, 1.48933531027e-23, 3.02390658696e-24, 2.61602960579e-24, 6.99520356666e-24, 1.18636239334e-23, 2.39525402304e-23, 1.98690601302e-23, 1.47747951972e-23, 1.3912500808e-23, 1.43085705136e-23, 1.41238808208e-23, 8.97568620088e-24, 1.39877691825e-23, 1.16314818905e-23, 9.73001393111e-24, 9.31016401355e-24, 9.34227065239e-24, 1.22658727864e-23, 1.1122874077e-23, 9.52871398304e-24, 1.05816610646e-23, 1.26767438891e-23, 1.52767647461e-23, 1.63167642537e-23, 9.78788161167e-24, 1.10787380982e-23, 8.09469265281e-24, 7.82394060178e-24],
        "var": [2.67964514933e-05, 1.03035781649e-05, 4.59387092633e-06, 1.8462958451e-06, 4.075567972e-07, 5.54505668049e-08, 1.10367759376e-08, 3.7494583438e-08, 1.49681045336e-09, 1.94247240515e-09, 1.75998216001e-09, 2.16531703678e-09, 6.09001915564e-09, 1.93655207426e-08, 8.1662712148e-09, 8.43789838001e-09, 7.83622144951e-09, 6.94578172755e-10, 4.15394746378e-10, 7.8651796187e-10, 1.33692412696e-09, 2.09820028019e-09, 1.2551193862e-08, 1.03135633367e-08, 1.52880363924e-09, 1.44368348387e-08, 7.82295950241e-10, 7.44757866489e-11, 2.77569685986e-11, 1.96150762299e-10, 3.29102647911e-11, 1.01940796082e-10, 2.41767689202e-10, 4.73686312397e-10, 4.24496549023e-11, 1.45626538606e-10, 5.57419110869e-11, 3.46679837615e-11, 3.80908637965e-11, 4.17269274688e-11]
    },
    "mfcc": {
        "mean": [-668.804626465, 122.588516235, 8.04193496704, 27.3149166107, 17.3044834137, 15.484287262, 4.871281147, 17.6458396912, -7.08296012878, -4.06289958954, 3.37712240219, -3.56505393982, 1.3012843132],
        "cov": [[8701.23242188, -4487.56396484, -1045.85058594, 1123.91821289, 27.0926799774, 129.875808716, -286.435180664, 774.348937988, -306.734375, -278.110046387, 332.920471191, -151.576187134, 80.2850112915], [-4487.56396484, 3492.66650391, 228.905426025, -474.820495605, 65.7178115845, -85.8463058472, 144.254852295, -363.452484131, 136.290145874, 72.5097198486, -217.38873291, 80.0286636353, -5.74196767807], [-1045.85058594, 228.905426025, 803.590209961, -160.118728638, 26.3564682007, 44.7402420044, 84.2235412598, -182.597045898, 154.75958252, 95.992149353, -40.0845527649, 75.05078125, -3.50151014328], [1123.91821289, -474.820495605, -160.118728638, 608.570861816, 66.2975387573, 110.027748108, -67.1295318604, 298.88381958, 63.6295623779, 62.421749115, 170.188705444, 16.0303153992, 34.1055374146], [27.0926799774, 65.7178115845, 26.3564682007, 66.2975387573, 172.067764282, 32.613117218, 26.8192615509, 67.3877639771, 31.5397205353, 9.89752388, 42.8634719849, 9.45055961609, 21.2655296326], [129.875808716, -85.8463058472, 44.7402420044, 110.027748108, 32.613117218, 133.422332764, 45.2131156921, 91.7601928711, 41.8999023438, 15.0868644714, 39.4905433655, 24.8442649841, 8.75642681122], [-286.435180664, 144.254852295, 84.2235412598, -67.1295318604, 26.8192615509, 45.2131156921, 132.198455811, -10.6175985336, 42.3098907471, 7.36256313324, -44.3275184631, 23.0275192261, 4.02547645569], [774.348937988, -363.452484131, -182.597045898, 298.88381958, 67.3877639771, 91.7601928711, -10.6175985336, 369.329742432, 28.3685855865, -1.66738379002, 127.624443054, -33.0852890015, 27.4270801544], [-306.734375, 136.290145874, 154.75958252, 63.6295623779, 31.5397205353, 41.8999023438, 42.3098907471, 28.3685855865, 170.642196655, 96.7801818848, 9.18537902832, 31.1838722229, 0.691252052784], [-278.110046387, 72.5097198486, 95.992149353, 62.421749115, 9.89752388, 15.0868644714, 7.36256313324, -1.66738379002, 96.7801818848, 135.463485718, 60.8295135498, 32.6593475342, 11.2236347198], [332.920471191, -217.38873291, -40.0845527649, 170.188705444, 42.8634719849, 39.4905433655, -44.3275184631, 127.624443054, 9.18537902832, 60.8295135498, 176.323959351, 37.4920501709, 19.5283603668], [-151.576187134, 80.0286636353, 75.05078125, 16.0303153992, 9.45055961609, 24.8442649841, 23.0275192261, -33.0852890015, 31.1838722229, 32.6593475342, 37.4920501709, 88.0793609619, 28.0226612091], [80.2850112915, -5.74196767807, -3.50151014328, 34.1055374146, 21.2655296326, 8.75642681122, 4.02547645569, 27.4270801544, 0.691252052784, 11.2236347198, 19.5283603668, 28.0226612091, 70.6976013184]],
