{
"lowlevel": {
    "average_loudness": 0.940160512924,
    "barkbands_crest": {
        "dmean": 2.8289077282,
        "dmean2": 4.5768289566,
        "dvar": 8.76490688324,
        "dvar2": 21.6040306091,
        "max": 26.825094223,
        "mean": 11.2593564987,
        "median": 10.5464811325,
        "min": 2.52537298203,
        "var": 20.7652702332
    },
    "barkbands_flatness_db": {
        "dmean": 0.0220205821097,
        "dmean2": 0.035594586283,
        "dvar": 0.00049101334298,
        "dvar2": 0.0011700221803,
        "max": 0.723542749882,
        "mean": 0.131915614009,
        "median": 0.12648999691,
        "min": 0.0273684989661,
        "var": 0.00255696917884
    },
    "barkbands_kurtosis": {
        "dmean": 3.08089256287,
        "dmean2": 5.09333086014,
        "dvar": 464.425170898,
        "dvar2": 1360.74658203,
        "max": 1862.77319336,
        "mean": 3.48945498466,
        "median": 0.738317966461,
        "min": -1.81793403625,
        "var": 420.883605957
    },
    "barkbands_skewness": {
        "dmean": 0.561913251877,
        "dmean2": 0.907936036587,
        "dvar": 0.414803773165,
        "dvar2": 1.00042974949,
        "max": 28.0142173767,
        "mean": 1.71158802509,
        "median": 1.48783314228,
        "min": -2.88773775101,
        "var": 1.46820473671
    },
    "barkbands_spread": {
        "dmean": 6.78951263428,
        "dmean2": 11.1834459305,
        "dvar": 52.290927887,
        "dvar2": 127.364906311,
        "max": 67.6511917114,
        "mean": 35.2761116028,
        "median": 36.7724609375,
        "min": 0.0370688289404,
        "var": 193.996261597
    },
    "dissonance": {
        "dmean": 0.00710809137672,
        "dmean2": 0.0118548460305,
        "dvar": 5.97457947151e-05,
        "dvar2": 0.000154093882884,
        "max": 0.499999970198,
        "mean": 0.482662677765,
        "median": 0.485426813364,
        "min": 0.160118311644,
        "var": 0.000308315298753
    },
    "dynamic_complexity": 1.04442608356,
    "erbbands_crest": {
        "dmean": 1.56391859055,
        "dmean2": 2.58585381508,
        "dvar": 2.19474363327,
        "dvar2": 5.61746025085,
        "max": 26.750289917,
        "mean": 6.64788675308,
        "median": 6.09038162231,
        "min": 2.64575505257,
        "var": 6.42155981064
    },
    "erbbands_flatness_db": {
        "dmean": 0.0107978563756,
        "dmean2": 0.0162018854171,
        "dvar": 0.000117960218631,
        "dvar2": 0.000230854726397,
        "max": 0.430483698845,
        "mean": 0.139703333378,
        "median": 0.132338523865,
        "min": 0.0466745272279,
        "var": 0.00197702110745
    },
    "erbbands_kurtosis": {
        "dmean": 0.60291069746,
        "dmean2": 0.988501667976,
        "dvar": 1.15641748905,
        "dvar2": 3.17509317398,
        "max": 88.9560394287,
        "mean": 0.21675132215,
        "median": -0.155208468437,
        "min": -1.77443742752,
        "var": 5.50287103653
    },
    "erbbands_skewness": {
        "dmean": 0.224499851465,
        "dmean2": 0.356737077236,
        "dvar": 0.0421666391194,
        "dvar2": 0.0987898185849,
        "max": 6.11913299561,
        "mean": -0.792742669582,
        "median": -0.855108857155,
        "min": -2.7652463913,
        "var": 0.357615768909
    },
    "erbbands_spread": {
        "dmean": 7.51624059677,
        "dmean2": 12.2627859116,
        "dvar": 56.3975067139,
        "dvar2": 145.981994629,
        "max": 129.517852783,
        "mean": 51.6680641174,
        "median": 48.5828399658,
        "min": 1.97011291981,
        "var": 326.02053833
    },
    "hfc": {
        "dmean": 5.93036842346,
        "dmean2": 9.57231616974,
        "dvar": 44.5690612793,
        "dvar2": 112.984054565,
        "max": 86.9828033447,
        "mean": 30.9777736664,
        "median": 29.8141937256,
        "min": 1.20216500998e-16,
        "var": 193.646209717
    },
    "melbands_crest": {
        "dmean": 3.59695124626,
        "dmean2": 5.89279699326,
        "dvar": 11.9423656464,
        "dvar2": 31.6347198486,
        "max": 39.039390564,
        "mean": 19.315776825,
        "median": 19.6729793549,
        "min": 1.88293457031,
        "var": 31.21459198
    },
    "melbands_flatness_db": {
        "dmean": 0.02754769288,
        "dmean2": 0.0445526354015,
        "dvar": 0.000772813684307,
        "dvar2": 0.00184424116742,
        "max": 0.762052297592,
        "mean": 0.197720646858,
        "median": 0.191869795322,
        "min": 0.00468502659351,
        "var": 0.00361352134496
    },
    "melbands_kurtosis": {
        "dmean": 10.8850889206,
        "dmean2": 18.0045013428,
        "dvar": 253.037155151,
        "dvar2": 647.898071289,
        "max": 245.403762817,
        "mean": 21.4725074768,
        "median": 13.3064193726,
        "min": -1.49128556252,
        "var": 513.22253418
    },
    "melbands_skewness": {
        "dmean": 0.94049090147,
        "dmean2": 1.5433627367,
        "dvar": 1.15336501598,
        "dvar2": 2.86040425301,
        "max": 12.4129638672,
        "mean": 3.91430544853,
        "median": 3.58463001251,
        "min": -0.263780772686,
        "var": 3.41600990295
    },
    "melbands_spread": {
        "dmean": 8.20385360718,
        "dmean2": 13.5102176666,
        "dvar": 79.7160644531,
        "dvar2": 203.238983154,
        "max": 154.418548584,
        "mean": 28.1865768433,
        "median": 24.989982605,
        "min": 0.126193448901,
        "var": 316.927459717
    },
    "pitch_salience": {
        "dmean": 0.0847321078181,
        "dmean2": 0.137969449162,
        "dvar": 0.0062196450308,
        "dvar2": 0.0161464586854,
        "max": 0.973584115505,
        "mean": 0.486105382442,
        "median": 0.48816794157,
        "min": 0.0377953313291,
        "var": 0.0158515367657
    },
    "silence_rate_20dB": {
        "dmean": 0,
        "dmean2": 0,
        "dvar": 0,
        "dvar2": 0,
        "max": 1,
        "mean": 1,
        "median": 1,
        "min": 1,
        "var": 0
    },
    "silence_rate_30dB": {
        "dmean": 0.00139045796823,
        "dmean2": 0.00278115761466,
        "dvar": 0.00138850195799,
        "dvar2": 0.00416391063482,
        "max": 1,
        "mean": 0.999304831028,
        "median": 1,
        "min": 0,
        "var": 0.000694679678418
    },
    "silence_rate_60dB": {
        "dmean": 0.000347614492057,
        "dmean2": 0.000695289403666,
        "dvar": 0.000347609835444,
        "dvar2": 0.000868624425493,
        "max": 1,
        "mean": 0.00634341314435,
        "median": 0,
        "min": 0,
        "var": 0.0063029951416
    },
    "spectral_centroid": {
        "dmean": 207.520141602,
        "dmean2": 336.128265381,
        "dvar": 45069.8867188,
        "dvar2": 103789.273438,
        "max": 10880.3710938,
        "mean": 2224.5859375,
        "median": 2328.90966797,
        "min": 147.923110962,
        "var": 297377.59375
    },
    "spectral_complexity": {
        "dmean": 4.61944913864,
        "dmean2": 7.31948566437,
        "dvar": 17.7409152985,
        "dvar2": 40.4968833923,
        "max": 59,
        "mean": 30.145029068,
        "median": 31,
        "min": 0,
        "var": 90.9690628052
    },
    "spectral_decrease": {
        "dmean": 3.23545967795e-09,
        "dmean2": 5.47871570333e-09,
        "dvar": 1.3862162366e-17,
        "dvar2": 3.75332508114e-17,
        "max": 4.40919012778e-21,
        "mean": -1.06410711354e-08,
        "median": -9.95595783593e-09,
        "min": -3.70715618203e-08,
        "var": 2.57646842301e-17
    },
    "spectral_energy": {
        "dmean": 0.0123723400757,
        "dmean2": 0.0209422428161,
        "dvar": 0.000199498215807,
        "dvar2": 0.000542959023733,
        "max": 0.144321516156,
        "mean": 0.0429717190564,
        "median": 0.0405861213803,
        "min": 1.06119049252e-20,
        "var": 0.000374388677301
    },
    "spectral_energyband_high": {
        "dmean": 0.000620850187261,
        "dmean2": 0.00102049158886,
        "dvar": 5.71496855173e-07,
        "dvar2": 1.48475066908e-06,
        "max": 0.0122808581218,
        "mean": 0.00210380717181,
        "median": 0.00200693123043,
        "min": 7.84508351924e-21,
        "var": 1.57151453095e-06
    },
    "spectral_energyband_low": {
        "dmean": 0.0122648561373,
        "dmean2": 0.0206450037658,
        "dvar": 0.000219807800022,
        "dvar2": 0.000577473721933,
        "max": 0.131356805563,
        "mean": 0.0276910699904,
        "median": 0.0243560224771,
        "min": 4.73085848649e-23,
        "var": 0.000384649261832
    },
    "spectral_energyband_middle_high": {
        "dmean": 0.0013225839939,
        "dmean2": 0.0020675403066,
        "dvar": 1.89278557627e-06,
        "dvar2": 4.47492675448e-06,
        "max": 0.0243744496256,
        "mean": 0.00579399615526,
        "median": 0.00526331458241,
        "min": 1.40721213849e-21,
        "var": 1.15507682494e-05
    },
    "spectral_energyband_middle_low": {
        "dmean": 0.00205366895534,
        "dmean2": 0.00326769729145,
        "dvar": 4.24295240009e-06,
        "dvar2": 1.10179753392e-05,
        "max": 0.0324795693159,
        "mean": 0.00787173490971,
        "median": 0.00717526488006,
        "min": 2.09931121361e-22,
        "var": 1.70023849932e-05
    },
    "spectral_entropy": {
        "dmean": 0.0929137244821,
        "dmean2": 0.142242252827,
        "dvar": 0.0100760087371,
        "dvar2": 0.0212255679071,
        "max": 9.77887535095,
        "mean": 7.80086088181,
        "median": 7.85585451126,
        "min": 3.57286334038,
        "var": 0.107066035271
    },
    "spectral_flux": {
        "dmean": 0.0264936257154,
        "dmean2": 0.0435076393187,
        "dvar": 0.000937019533012,
        "dvar2": 0.00228734361008,
        "max": 0.30950653553,
        "mean": 0.0981166213751,
        "median": 0.0904179662466,
        "min": 1.03014097252e-10,
        "var": 0.00183602329344
    },
    "spectral_kurtosis": {
        "dmean": 1.04436314106,
        "dmean2": 1.82157027721,
        "dvar": 4.89768838882,
        "dvar2": 12.4776611328,
        "max": 176.789596558,
        "mean": 2.86848044395,
        "median": 2.40226912498,
        "min": -1.19642949104,
        "var": 27.2397823334
    },
    "spectral_rms": {
        "dmean": 0.000891809700988,
        "dmean2": 0.00150216009934,
        "dvar": 8.45250042403e-07,
        "dvar2": 2.31264994e-06,
        "max": 0.0118659799919,
        "mean": 0.00629072077572,
        "median": 0.00629255268723,
        "min": 3.21761996387e-12,
        "var": 2.35049492403e-06
    },
    "spectral_rolloff": {
        "dmean": 588.59185791,
        "dmean2": 1026.8449707,
        "dvar": 645563.1875,
        "dvar2": 1490462.875,
        "max": 19810.546875,
        "mean": 1824.17272949,
        "median": 2217.91992188,
        "min": 21.533203125,
        "var": 1826492.125
    },
    "spectral_skewness": {
        "dmean": 0.154515475035,
        "dmean2": 0.258122086525,
        "dvar": 0.0324187129736,
        "dvar2": 0.0861384645104,
        "max": 10.9081230164,
        "mean": 0.878184378147,
        "median": 0.86882185936,
        "min": -0.12523317337,
        "var": 0.231630980968
    },
    "spectral_spread": {
        "dmean": 361892.9375,
        "dmean2": 552182.125,
        "dvar": 223932121088,
        "dvar2": 391144112128,
        "max": 40670768,
        "mean": 4220134,
        "median": 4124478.25,
        "min": 422251.5,
        "var": 1.27086048051e+12
    },
    "spectral_strongpeak": {
        "dmean": 0.206565231085,
        "dmean2": 0.351488828659,
        "dvar": 0.17369864881,
        "dvar2": 0.480293750763,
        "max": 10.6795072556,
        "mean": 0.535095334053,
        "median": 0.483614981174,
        "min": 0,
        "var": 0.260324329138
    },
    "zerocrossingrate": {
        "dmean": 0.00943578965962,
        "dmean2": 0.0118770403787,
        "dvar": 9.32523325901e-05,
        "dvar2": 0.000155770540005,
        "max": 0.509765625,
        "mean": 0.066385038197,
        "median": 0.0654296875,
        "min": 0,
        "var": 0.000668754801154
    },
    "barkbands": {
        "dmean": [0.00143589242361, 0.00957815162838, 0.0042003733106, 0.00111726636533, 0.00104977574665, 0.000699842057656, 0.000392389541958, 0.000256883300608, 0.000285063753836, 0.000185372904525, 0.000114744645543, 0.00010118852515, 0.000120201679238, 0.000134921021527, 0.000220745438128, 0.000286566501018, 0.000497437315062, 0.000525304814801, 0.000390037632314, 0.000303839246044, 0.000324180873577, 0.000191146245925, 7.74523723521e-05, 5.56077029614e-05, 3.91984467569e-05, 1.75838267751e-05, 1.58592558819e-06],
        "dmean2": [0.0024022704456, 0.016030529514, 0.00721634551883, 0.00185772008263, 0.00167843955569, 0.00111423537601, 0.000629379530437, 0.000400916906074, 0.000441663549282, 0.000282995111775, 0.000187046651263, 0.000162576005096, 0.000193320185645, 0.000223419760005, 0.000363049737643, 0.000465941353468, 0.000806402007584, 0.00084679981228, 0.000628939422313, 0.000494290725328, 0.000536593841389, 0.000317375233863, 0.00013177638175, 9.46526415646e-05, 6.4396946982e-05, 2.79430678347e-05, 2.67949349109e-06],
        "dvar": [4.68291091238e-06, 0.000194483756786, 2.77479412034e-05, 2.69106112682e-06, 1.8945041802e-06, 8.19680735731e-07, 3.56617789521e-07, 1.78849774102e-07, 2.57239349821e-07, 1.27991739873e-07, 5.55906822797e-08, 3.81881903877e-08, 4.95302785453e-08, 4.75433736824e-08, 1.28284540324e-07, 1.42226539879e-07, 3.50041318598e-07, 4.99828331613e-07, 2.46444699314e-07, 1.48568332747e-07, 1.18169140251e-07, 5.27926218297e-08, 1.58990154375e-08, 1.04307265048e-08, 4.70739358605e-09, 8.5746681977e-10, 1.10449106458e-11],
        "dvar2": [1.28077899717e-05, 0.000493503757752, 8.33749436424e-05, 7.04251851857e-06, 4.80169728689e-06, 2.0113895971e-06, 8.61018463638e-07, 4.05414738225e-07, 6.04645208568e-07, 2.68368978595e-07, 1.44390185142e-07, 9.40912912029e-08, 1.20118144764e-07, 1.19174380586e-07, 3.21599287645e-07, 3.64504813888e-07, 8.90175556378e-07, 1.23360757698e-06, 5.92747312567e-07, 3.57992604449e-07, 3.06636792402e-07, 1.33206214059e-07, 4.32564100095e-08, 2.79969238903e-08, 1.21532677255e-08, 1.93175164753e-09, 3.02822385223e-11],
        "max": [0.0259334146976, 0.105710946023, 0.0505295693874, 0.0198933836073, 0.0258862189949, 0.0149967502803, 0.00952392816544, 0.00937227532268, 0.0125598683953, 0.00795656535774, 0.00605466868728, 0.00388177065179, 0.00678972899914, 0.00586682744324, 0.00998967792839, 0.0116129694507, 0.0101659884676, 0.0154294651002, 0.00863587297499, 0.0103016952053, 0.005259743426, 0.00623643957078, 0.00154581223615, 0.00104502250906, 0.000907556677703, 0.000437475187937, 4.68710677524e-05],
        "mean": [0.00189857115038, 0.0170214232057, 0.00836575590074, 0.00168584508356, 0.00256195710972, 0.00173120119143, 0.000733287190087, 0.000459919217974, 0.000554060272407, 0.000342431885656, 0.000185077951755, 0.000168087819475, 0.000233976054005, 0.000235736501054, 0.000422795477789, 0.000578107021283, 0.00108247669414, 0.00125299592037, 0.000956947391387, 0.000739350100048, 0.000906836125068, 0.000475281005492, 0.000161893141922, 9.58937962423e-05, 7.49383107177e-05, 4.46158228442e-05, 2.28120984502e-06],
        "median": [0.000776305852924, 0.0119339991361, 0.00670349597931, 0.000927148270421, 0.00164514349308, 0.00118303252384, 0.00039344112156, 0.000222009053687, 0.000248081691097, 0.000149616447743, 7.60121474741e-05, 9.23278275877e-05, 0.000113312788017, 0.000149801169755, 0.000278004619759, 0.000409215776017, 0.000844850786962, 0.000898911617696, 0.000684726343025, 0.000532501377165, 0.000844589667395, 0.000429906387581, 0.000132255911012, 6.38962665107e-05, 3.42792191077e-05, 1.04587252281e-05, 2.02560755724e-07],
        "min": [1.32537911054e-24, 8.07379178313e-24, 2.7281025224e-23, 3.09950896508e-23, 4.24967794677e-23, 1.253273102e-23, 2.24837948208e-23, 3.72690929121e-23, 6.02624413906e-23, 5.26683109589e-23, 9.59449109858e-23, 7.20727430599e-23, 5.85670530875e-23, 9.73831243229e-23, 1.7519064635e-22, 2.18702863352e-22, 1.37667966211e-22, 1.85674595159e-22, 1.59099966476e-22, 2.42537872774e-22, 4.40529111018e-22, 5.6591412166e-22, 6.76704978364e-22, 7.92513040911e-22, 1.54863033682e-21, 1.57495057364e-21, 2.42441992726e-21],
        "var": [7.47951526137e-06, 0.000313224387355, 5.00622700201e-05, 4.63864307676e-06, 7.06530499883e-06, 3.0164906093e-06, 8.37962033984e-07, 4.93853463013e-07, 7.59266583827e-07, 3.67087295672e-07, 1.20337034559e-07, 6.17460500507e-08, 1.64576874795e-07, 8.72616823244e-08, 3.02326270685e-07, 3.50814303829e-07, 8.41684311581e-07, 1.5603693555e-06, 7.71747806994e-07, 4.80635833355e-07, 3.51034003643e-07, 1.22165815242e-07, 1.93752374145e-08, 1.10433511225e-08, 8.91570284267e-09, 3.83188458741e-09, 1.97233184646e-11]
    },
    "erbbands": {
        "dmean": [0.34501388669, 2.09887766838, 4.98397159576, 3.54916000366, 3.23204874992, 3.79309797287, 5.38925647736, 5.87258243561, 5.73911476135, 5.8251786232, 4.62594938278, 6.12113618851, 6.88668966293, 5.04780244827, 3.95581769943, 3.64851617813, 5.57128334045, 5.95999574661, 9.96451663971, 10.87059021, 18.4152030945, 25.9129772186, 27.6916713715, 20.231760025, 19.0298843384, 14.2753591537, 12.6648960114, 13.3193721771, 7.3214006424, 3.49304699898, 2.10710191727, 1.42919504642, 0.779815912247, 0.53849118948, 0.239872634411, 0.0916867926717, 0.0313634872437, 0.00661114696413, 0.000134548536153, 1.52504626385e-05],
        "dmean2": [0.551597714424, 3.57716464996, 8.54988193512, 5.98677921295, 5.25257396698, 6.09614706039, 8.60367393494, 9.41578769684, 9.22630214691, 9.31150722504, 7.17839288712, 9.58130931854, 10.5287742615, 7.95158243179, 6.38604021072, 5.8772649765, 8.8822593689, 9.87931251526, 16.2718830109, 17.8146896362, 29.8984146118, 41.998550415, 44.5114517212, 32.5822601318, 30.7989635468, 23.1984024048, 20.8357696533, 22.1169052124, 12.1697034836, 5.9099946022, 3.60066246986, 2.47364830971, 1.29536819458, 0.895685851574, 0.392308652401, 0.146836698055, 0.0500798709691, 0.0105571560562, 0.000215238062083, 2.53046473517e-05],
        "dvar": [0.326100319624, 9.82494735718, 39.4762802124, 20.4498519897, 20.340959549, 35.5431404114, 63.8970336914, 73.3155670166, 81.9750366211, 103.388038635, 61.6428031921, 144.364257812, 164.587600708, 111.085586548, 51.7906799316, 49.3897476196, 121.024147034, 92.756690979, 321.863769531, 271.932128906, 580.048339844, 1026.38696289, 1462.82434082, 683.815734863, 591.745788574, 444.609680176, 203.055984497, 212.672790527, 77.9519195557, 30.4572620392, 11.4917030334, 7.62982654572, 1.57182824612, 0.966949641705, 0.161811634898, 0.0201601926237, 0.00296961213462, 0.000173593129148, 6.81551668436e-08, 2.79947953707e-10],
        "dvar2": [0.77807623148, 27.0795593262, 116.363113403, 56.007358551, 50.5991020203, 88.4894104004, 158.291366577, 178.505187988, 201.030639648, 251.564926147, 139.112640381, 352.175109863, 355.049407959, 259.595214844, 128.070892334, 122.262115479, 288.001312256, 246.092926025, 828.035888672, 685.919433594, 1484.28662109, 2673.73339844, 3604.26464844, 1665.01147461, 1456.69348145, 1066.55334473, 525.359313965, 570.506591797, 199.007888794, 79.74193573, 31.5043430328, 20.8999385834, 4.06474733353, 2.55697870255, 0.40926644206, 0.0497101061046, 0.00674744509161, 0.000418625364546, 1.6403693337e-07, 7.46760042691e-10],
        "max": [5.04353141785, 26.5515823364, 60.5094795227, 54.1426200867, 70.6112060547, 120.083908081, 163.992233276, 169.645980835, 160.411483765, 180.635848999, 191.210189819, 302.989837646, 275.678955078, 290.744995117, 147.296676636, 172.359527588, 374.261749268, 211.666610718, 577.920349121, 471.682159424, 801.581665039, 672.608825684, 904.896240234, 812.588378906, 503.345275879, 718.514770508, 238.434417725, 263.986450195, 241.269363403, 92.6915893555, 34.8149223328, 27.1944351196, 11.7896375656, 14.0428562164, 7.15905094147, 1.90664112568, 0.793137013912, 0.186491429806, 0.0038207564503, 0.000186851029866],
        "mean": [0.501961171627, 3.74339652061, 10.296541214, 6.91387224197, 6.51342821121, 8.71543693542, 12.5256872177, 14.0718889236, 11.4240016937, 11.742149353, 9.13770389557, 11.8135185242, 14.2329511642, 9.68188476562, 7.11989021301, 6.85550689697, 11.5470285416, 11.3317451477, 19.1821079254, 22.7022094727, 40.3384361267, 61.3911628723, 69.3723297119, 52.0476989746, 48.5019721985, 35.9288063049, 33.3881759644, 35.4927215576, 19.1217041016, 7.64176845551, 4.40394973755, 2.36483883858, 1.45415234566, 0.967720746994, 0.461138665676, 0.201809421182, 0.0776114165783, 0.0149497902021, 0.000325539469486, 6.18190970272e-05],
        "median": [0.136989444494, 2.64402008057, 8.01841259003, 4.96944904327, 3.65374994278, 4.50737380981, 7.19930362701, 8.8002948761, 6.78221988678, 5.93010044098, 4.98781776428, 5.56434679031, 6.64153766632, 4.72904825211, 3.78431820869, 4.3510799408, 5.60981941223, 7.67461633682, 12.2199363708, 16.0201931, 30.6059455872, 49.7068099976, 52.8070220947, 38.5412254333, 36.2990684509, 24.4486808777, 28.4209442139, 33.2916793823, 17.5339431763, 6.33128356934, 3.64495372772, 1.64659833908, 0.975936889648, 0.472958803177, 0.194176226854, 0.0669190064073, 0.013841021806, 0.0020469375886, 7.34462009859e-05, 5.93020449742e-05],
        "min": [3.199166205e-22, 2.07109909902e-21, 2.62047877688e-20, 6.38283192178e-20, 1.34783368099e-19, 1.56681669422e-19, 9.29096954214e-20, 9.71578494783e-20, 2.23333311167e-19, 7.38955337876e-19, 8.74362477705e-19, 1.12722817884e-18, 9.39941356668e-19, 4.15322298402e-18, 2.84021686384e-18, 2.92301061212e-18, 2.81927265073e-18, 4.91959424102e-18, 7.01346837203e-18, 9.03656107162e-18, 1.16461355788e-17, 7.78370835276e-18, 9.78830446666e-18, 8.34053242672e-18, 1.0805392513e-17, 1.06404386368e-17, 1.64811303363e-17, 1.71168070565e-17, 2.10341425317e-17, 1.74361434407e-17, 2.19621382629e-17, 1.29899889184e-17, 1.70804259988e-17, 1.58861674458e-17, 1.04594349751e-17, 5.81032714004e-18, 3.09927432205e-18, 1.43292207999e-18, 3.5313317457e-19, 3.2666906891e-20],
        "var": [0.525940299034, 13.9208230972, 74.3561553955, 39.4415245056, 57.0850715637, 133.531021118, 225.635726929, 272.367156982, 190.219680786, 264.153381348, 171.776489258, 365.843933105, 549.447875977, 327.226898193, 104.857673645, 78.7122955322, 436.497924805, 167.542694092, 755.709228516, 593.873535156, 1460.63012695, 2534.49902344, 4303.23632812, 2167.29101562, 1769.22839355, 1442.33996582, 612.634765625, 555.714904785, 187.542053223, 45.1822929382, 13.7727642059, 6.84931945801, 2.25821256638, 1.51418471336, 0.352989077568, 0.0654872953892, 0.0128399794921, 0.000601480482146, 2.3756844314e-07, 6.86958712137e-10]
    },
    "gfcc": {
        "mean": [36.5591201782, 79.0190200806, -118.301963806, 75.4440917969, -47.1420822144, 3.71409964561, -29.6104564667, 12.4164657593, -17.5242710114, 4.80485057831, -18.811422348, 3.85325789452, -9.191614151],
        "cov": [[3443.97314453, -1174.31323242, 439.436737061, 153.036361694, -210.286590576, 579.329650879, -222.650299072, 399.146392822, -140.605392456, 230.62512207, -162.798660278, 162.321151733, -106.514831543], [-1174.31323242, 949.638305664, -576.89666748, 17.5133876801, 65.6523666382, -370.403533936, 182.232666016, -254.263671875, 142.459716797, -158.799957275, 135.744216919, -123.767089844, 91.1156845093], [439.436737061, -576.89666748, 1129.47009277, 3.31236386299, 89.1664886475, 296.053955078, -227.675048828, 209.142150879, -125.886100769, 170.927566528, -71.0480957031, 169.417404175, -14.3316898346], [153.036361694, 17.5133876801, 3.31236386299, 249.321563721, 18.01030159, 84.2723312378, 14.3044481277, -11.0443544388, 29.4404850006, -11.1468029022, 51.6916427612, -27.1017799377, 27.1839447021], [-210.286590576, 65.6523666382, 89.1664886475, 18.01030159, 140.197433472, -4.26536750793, 25.5089817047, -10.4805002213, -7.3453040123, 9.14401054382, 22.235370636, 21.2488040924, 10.88164711], [579.329650879, -370.403533936, 296.053955078, 84.2723312378, -4.26536750793, 324.598907471, -34.5998306274, 143.747039795, -41.6959953308, 64.4624862671, -20.7542209625, 43.1388015747, -3.4285428524], [-222.650299072, 182.232666016, -227.675048828, 14.3044481277, 25.5089817047, -34.5998306274, 152.037506104, -13.4400749207, 48.8239936829, -45.270980835, 26.1241607666, -30.0031547546, 19.2080898285], [399.146392822, -254.263671875, 209.142150879, -11.0443544388, -10.4805002213, 143.747039795, -13.4400749207, 175.82975769, -7.18255662918, 55.7602272034, -37.6686172485, 36.3598327637, -7.48023462296], [-140.605392456, 142.459716797, -125.886100769, 29.4404850006, -7.3453040123, -41.6959953308, 48.8239936829, -7.18255662918, 102.155555725, 3.27074885368, 37.4534835815, -30.0621204376, 14.219666481], [230.62512207, -158.799957275, 170.927566528, -11.1468029022, 9.14401054382, 64.4624862671, -45.270980835, 55.7602272034, 3.27074885368, 110.672317505, 16.8658847809, 47.9532356262, -15.4011163712], [-162.798660278, 135.744216919, -71.0480957031, 51.6916427612, 22.235370636, -20.7542209625, 26.1241607666, -37.6686172485, 37.4534835815, 16.8658847809, 111.609008789, 11.4254789352, 28.2915458679], [162.321151733, -123.767089844, 169.417404175, -27.1017799377, 21.2488040924, 43.1388015747, -30.0031547546, 36.3598327637, -30.0621204376, 47.9532356262, 11.4254789352, 102.802238464, 20.6855945587], [-106.514831543, 91.1156845093, -14.3316898346, 27.1839447021, 10.88164711, -3.4285428524, 19.2080898285, -7.48023462296, 14.219666481, -15.4011163712, 28.2915458679, 20.6855945587, 75.4267425537]],
        "icov": [[0.000939988705795, -0.000343085674103, 0.00094457808882, -0.00135343684815, 0.000887361878995, -0.0009188571712, 0.00122613518033, -0.0015873988159, 0.000937799457461, -0.00143642467447, 0.00164752348792, -0.0021858762484, 0.00128107971977], [-0.000343085674103, 0.0072651966475, -0.0013042652281, 0.00212372979149, -0.00230295350775, 0.00434192130342, -0.00378688960336, 0.00453804200515, -0.00436518574134, 0.0045649013482, -0.00578564824536, 0.00641934946179, -0.00616541132331], [0.00094457808882, -0.0013042652281, 0.00386735796928, -0.0019168992294, -0.00112453394104, -0.00234967330471, 0.00499449763447, -0.00369150005281, 0.00188408792019, -0.00290020881221, 0.0035277963616, -0.00480938190594, 0.00180093408562], [-0.00135343684815, 0.00212372979149, -0.0019168992294, 0.00880797579885, -0.00252421339974, -0.000883148692083, -0.00176038406789, 0.00471048429608, -0.00418092496693, 0.0047393925488, -0.00639800447971, 0.00708330329508, -0.00456277048215], [0.000887361878995, -0.00230295350775, -0.00112453394104, -0.00252421339974, 0.0116457818076, -0.000539082277101, -0.00321949506178, -0.000755375309382, 0.00395798776299, -0.00361672858708, 0.00153327151202, -0.00371466367505, 0.00273044896312], [-0.0009188571712, 0.00434192130342, -0.00234967330471, -0.000883148692083, -0.000539082277101, 0.010489795357, -0.00473511591554, -0.000725550460629, 0.00044588354649, 0.0016299856361, -0.00460791867226, 0.00570354051888, -0.00456937402487], [0.00122613518033, -0.00378688960336, 0.00499449763447, -0.00176038406789, -0.00321949506178, -0.00473511591554, 0.017689935863, -0.00733795110136, -0.00142790237442, 0.00113055144902, 0.00354155874811, -0.00691788876429, 0.00397498672828], [-0.0015873988159, 0.00453804200515, -0.00369150005281, 0.00471048429608, -0.000755375309382, -0.000725550460629, -0.00733795110136, 0.0179502796382, -0.00692729279399, 0.00154147762805, -0.00161885842681, 0.00586333312094, -0.00577796483412], [0.000937799457461, -0.00436518574134, 0.00188408792019, -0.00418092496693, 0.00395798776299, 0.00044588354649, -0.00142790237442, -0.00692729279399, 0.0213944576681, -0.010313667357, 0.0012009794591, 0.000865429581609, 0.000761108647566], [-0.00143642467447, 0.0045649013482, -0.00290020881221, 0.0047393925488, -0.00361672858708, 0.0016299856361, 0.00113055144902, 0.00154147762805, -0.010313667357, 0.0249066147953, -0.0111851627007, -0.000136277260026, 0.0019215401262], [0.00164752348792, -0.00578564824536, 0.0035277963616, -0.00639800447971, 0.00153327151202, -0.00460791867226, 0.00354155874811, -0.00161885842681, 0.0012009794591, -0.0111851627007, 0.0227990467101, -0.0113851008937, 0.00285917241126], [-0.0021858762484, 0.00641934946179, -0.00480938190594, 0.00708330329508, -0.00371466367505, 0.00570354051888, -0.00691788876429, 0.00586333312094, 0.000865429581609, -0.000136277260026, -0.0113851008937, 0.0296256747097, -0.0152150662616], [0.00128107971977, -0.00616541132331, 0.00180093408562, -0.00456277048215, 0.00273044896312, -0.00456937402487, 0.00397498672828, -0.00577796483412, 0.000761108647566, 0.0019215401262, 0.00285917241126, -0.0152150662616, 0.0256636720151]]
    },
    "melbands": {
        "dmean": [0.00276697636582, 0.00253997580148, 0.000588811701164, 0.0002375865879, 0.000178277608939, 0.000129668551381, 8.60537402332e-05, 6.23386295047e-05, 3.54451549356e-05, 4.13877387473e-05, 3.47043351212e-05, 2.11602200579e-05, 1.49310317283e-05, 1.15931679829e-05, 1.15513121273e-05, 1.16679675557e-05, 1.17784838949e-05, 1.63168533618e-05, 1.55387660925e-05, 1.57803351613e-05, 2.5149427529e-05, 2.89181443804e-05, 3.13126474794e-05, 2.78393672488e-05, 1.77984857146e-05, 1.70052317117e-05, 1.31293008963e-05, 1.00705428849e-05, 8.913027159e-06, 9.1168394647e-06, 8.49540538184e-06, 5.16964837516e-06, 2.96388202514e-06, 1.86885688436e-06, 1.43178215239e-06, 9.69925281424e-07, 9.09691891593e-07, 6.21205060725e-07, 4.5550856953e-07, 4.81285496789e-07],
        "dmean2": [0.00451596081257, 0.00436681648716, 0.000988392042927, 0.000381653604563, 0.000285203946987, 0.000207246703212, 0.000137840630487, 9.91794440779e-05, 5.50365548406e-05, 6.44828614895e-05, 5.31345576746e-05, 3.31955852744e-05, 2.41567486228e-05, 1.8651731807e-05, 1.84465352504e-05, 1.88719168364e-05, 1.9553477614e-05, 2.66421338893e-05, 2.56899274973e-05, 2.59209446085e-05, 4.10159555031e-05, 4.72193023597e-05, 5.04271447426e-05, 4.44847355539e-05, 2.87207276415e-05, 2.75551428786e-05, 2.14650590351e-05, 1.63534259627e-05, 1.46830016092e-05, 1.51969306899e-05, 1.42199851325e-05, 8.64693265612e-06, 4.97977362102e-06, 3.1820516142e-06, 2.44686680162e-06, 1.68023575498e-06, 1.57349438723e-06, 1.04409434698e-06, 7.47276374113e-07, 8.0945181935e-07],
        "dvar": [1.73622374859e-05, 1.06433944893e-05, 5.07534934968e-07, 1.17155344981e-07, 6.05273271503e-08, 3.27174944914e-08, 1.69597935695e-08, 1.10497042627e-08, 3.42781869556e-09, 6.04535976834e-09, 4.13912903952e-09, 1.95386595792e-09, 7.98377974842e-10, 4.81689577114e-10, 4.82149153935e-10, 3.86446680212e-10, 3.92252175185e-10, 8.38921265789e-10, 6.14349737749e-10, 4.8349130255e-10, 1.08413844568e-09, 1.38324640631e-09, 1.56977930654e-09, 1.77818570979e-09, 5.91573290354e-10, 5.52720258451e-10, 2.55916815517e-10, 2.57028787143e-10, 1.23272156372e-10, 9.69948218965e-11, 8.85948051033e-11, 3.73808380083e-11, 1.69885026186e-11, 9.02563614125e-12, 4.61121939244e-12, 2.5339821387e-12, 3.21025172591e-12, 9.36652665151e-13, 5.57129320976e-13, 7.97593111349e-13],
        "dvar2": [4.25415382779e-05, 3.05210778606e-05, 1.40314182318e-06, 2.91217503445e-07, 1.51727547859e-07, 7.98860710916e-08, 4.1601108336e-08, 2.67193378534e-08, 7.76642039568e-09, 1.4553914518e-08, 8.9310328022e-09, 4.4823700307e-09, 2.0029338188e-09, 1.17359633123e-09, 1.07651909609e-09, 9.67122049111e-10, 1.0274905371e-09, 2.12771134045e-09, 1.49012591155e-09, 1.255254789e-09, 2.76373346431e-09, 3.6048535268e-09, 3.86693788101e-09, 4.3308179265e-09, 1.43451672763e-09, 1.3706226154e-09, 6.38196384628e-10, 5.99717053795e-10, 3.1385033461e-10, 2.55582888187e-10, 2.404888233e-10, 9.72025446244e-11, 4.19177331734e-11, 2.40536462276e-11, 1.26163463357e-11, 6.93381073044e-12, 8.83067750868e-12, 2.46392728269e-12, 1.40887464455e-12, 2.13206080395e-12],
        "max": [0.0350448898971, 0.0308958161622, 0.00805149413645, 0.00711560901254, 0.00456074718386, 0.0034428643994, 0.0021664230153, 0.0016980675282, 0.00125643296633, 0.0017089585308, 0.00137737370096, 0.00120070448611, 0.000623104802798, 0.00058019644348, 0.000500201480463, 0.000709472107701, 0.000422774901381, 0.000838670413941, 0.000865822425112, 0.000532706733793, 0.00107678805944, 0.000834699778352, 0.00101755477954, 0.000814852071926, 0.000752544903662, 0.000453744578408, 0.000362032384146, 0.000562742701732, 0.000218350774958, 0.000122989382362, 0.000166755198734, 0.000140164789627, 0.000131269145641, 4.56606794614e-05, 2.3438822609e-05, 1.72015024873e-05, 2.00067970582e-05, 9.80534241535e-06, 9.12206633075e-06, 1.46688480527e-05],
        "mean": [0.00461734784767, 0.00535312574357, 0.00124781520572, 0.0005422210088, 0.000426563376095, 0.000313767581247, 0.000173943961272, 0.000124957863591, 6.81887831888e-05, 7.94875595602e-05, 6.98549047229e-05, 3.84260456485e-05, 2.53381913353e-05, 1.91449798876e-05, 2.20054080273e-05, 2.27339714911e-05, 2.03011386475e-05, 2.90186708298e-05, 2.94475594274e-05, 3.13362943416e-05, 5.02275252074e-05, 6.13489100942e-05, 6.6716245783e-05, 6.08705558989e-05, 3.89942360925e-05, 3.79423436243e-05, 2.96234302368e-05, 2.194006629e-05, 1.98480029212e-05, 2.15369946091e-05, 2.03531362786e-05, 1.2065313058e-05, 6.09863809586e-06, 3.46403885487e-06, 2.7505707294e-06, 1.75715751993e-06, 1.31485307975e-06, 1.05724052446e-06, 8.60544105308e-07, 7.96118513335e-07],
        "median": [0.00257557327859, 0.00431593414396, 0.000968551961705, 0.000282001419691, 0.000270015618298, 0.000209089339478, 0.000107981053588, 6.35578107904e-05, 3.50631635229e-05, 3.61989295925e-05, 3.16542718792e-05, 1.76747980731e-05, 1.21426091937e-05, 9.85519454844e-06, 1.1070101209e-05, 1.24097878142e-05, 1.25625028886e-05, 1.75249788299e-05, 1.98684283532e-05, 2.19260236918e-05, 3.59529585694e-05, 4.66117999167e-05, 5.0198075769e-05, 4.08331688959e-05, 2.72635006695e-05, 2.60251181317e-05, 2.22503913392e-05, 1.33097073558e-05, 1.48795170389e-05, 1.93529012904e-05, 1.85052394954e-05, 1.07102787297e-05, 4.96643906445e-06, 2.62754156211e-06, 2.22341986955e-06, 1.38135953875e-06, 8.16895976641e-07, 7.02169188571e-07, 5.04090053255e-07, 3.55976624178e-07],
        "min": [2.47404154539e-24, 9.50831482889e-24, 1.44617562574e-23, 1.00790052067e-23, 4.40465692912e-24, 2.30662120104e-24, 3.77301521345e-24, 8.05864328717e-24, 7.97831042574e-24, 7.48179269453e-24, 4.16636768763e-24, 1.60202251286e-23, 1.04528976657e-23, 6.90550377085e-24, 8.53669536231e-24, 5.71362053447e-24, 9.50328662948e-24, 9.65413497836e-24, 1.43946794146e-23, 1.36205212989e-23, 1.29252626844e-23, 8.15945576655e-24, 7.84115275787e-24, 1.00969754581e-23, 6.39450215899e-24, 5.49385729691e-24, 1.05030045326e-23, 5.89626549986e-24, 8.75922513507e-24, 1.2922747007e-23, 8.39992975831e-24, 1.21324077764e-23, 1.12982654664e-23, 8.92323957245e-24, 1.2130516088e-23, 1.0526147345e-23, 7.20697800984e-24, 9.59337691144e-24, 1.73340145905e-23, 1.22026345408e-23],
        "var": [2.94617766485e-05, 1.76262965397e-05, 1.0200764109e-06, 4.51041870519e-07, 2.05728952096e-07, 1.19640944263e-07, 4.03228241908e-08, 2.88563466455e-08, 9.55764534183e-09, 1.62518070113e-08, 1.37075693019e-08, 5.60355761792e-09, 1.68414993063e-09, 8.61638926875e-10, 1.25813515162e-09, 1.18626408696e-09, 6.70884459097e-10, 1.82336390431e-09, 1.27480048739e-09, 1.11314657492e-09, 2.64727884058e-09, 3.19685145023e-09, 4.00616473328e-09, 5.21523313424e-09, 1.56961965647e-09, 1.48539880396e-09, 7.04013791708e-10, 7.56021190096e-10, 3.24665822005e-10, 2.2421627055e-10, 2.09766579107e-10, 8.2000468915e-11, 3.2308510034e-11, 1.15309801638e-11, 5.77758110451e-12, 2.63554282565e-12, 2.77431137959e-12, 1.25650097965e-12, 9.55650164038e-13, 1.19039142692e-12]
    },
    "mfcc": {
        "mean": [-598.509887695, 92.5913467407, -3.07389974594, 64.8187561035, 8.17938137054, 9.40358829498, -1.15010106564, 7.73447084427, 8.37769412994, -0.738451302052, 3.63059043884, 2.94041180611, -2.15966677666],
        "cov": [[2214.18847656, -705.317749023, 189.711898804, -158.773300171, 22.6755638123, 100.496742249, 40.5291252136, 120.846107483, 78.3818664551, 86.4191513062, 34.3410987854, 92.4050598145, -40.7510414124], [-705.317749023, 576.665466309, -303.491790771, 127.967781067, -109.551742554, -75.598274231, -62.8531990051, -64.3468017578, -35.0496520996, -55.2657775879, -3.21643471718, -32.7743148804, 6.85223007202], [189.711898804, -303.491790771, 715.557434082, -84.5795898438, 262.269561768, 62.0534172058, 50.7198753357, 33.996421814, 24.2145462036, 36.5526618958, -17.6383686066, 26.6313896179, 21.9196681976], [-158.773300171, 127.967781067, -84.5795898438, 202.749176025, 0.823258578777, 24.7924308777, -12.673371315, -17.0862197876, -26.1464672089, -9.62991905212, 2.46568250656, -6.27649927139, 11.3860874176], [22.6755638123, -109.551742554, 262.269561768, 0.823258578777, 191.62902832, 48.556350708, 40.0521965027, 6.29541254044, -2.23185062408, 9.90679168701, -8.62199401855, 24.3003253937, 13.0391635895], [100.496742249, -75.598274231, 62.0534172058, 24.7924308777, 48.556350708, 129.076187134, 42.7305374146, 25.0394191742, -2.88989305496, 5.44166898727, 7.3019080162, 18.8058662415, 4.23563528061], [40.5291252136, -62.8531990051, 50.7198753357, -12.673371315, 40.0521965027, 42.7305374146, 104.37059021, 46.6415557861, 13.7737522125, 6.51031827927, 3.5058221817, 7.99195384979, 6.72297906876], [120.846107483, -64.3468017578, 33.996421814, -17.0862197876, 6.29541254044, 25.0394191742, 46.6415557861, 98.9842453003, 45.3625907898, 21.9731464386, -3.24057936668, 7.28713989258, -12.9575080872], [78.3818664551, -35.0496520996, 24.2145462036, -26.1464672089, -2.23185062408, -2.88989305496, 13.7737522125, 45.3625907898, 86.163444519, 30.9128818512, 9.68851661682, -8.84812736511, -12.0079059601], [86.4191513062, -55.2657775879, 36.5526618958, -9.62991905212, 9.90679168701, 5.44166898727, 6.51031827927, 21.9731464386, 30.9128818512, 85.0061569214, 24.756685257, 13.2443380356, -8.40950107574], [34.3410987854, -3.21643471718, -17.6383686066, 2.46568250656, -8.62199401855, 7.3019080162, 3.5058221817, -3.24057936668, 9.68851661682, 24.756685257, 68.3285903931, 26.184135437, 7.46561527252], [92.4050598145, -32.7743148804, 26.6313896179, -6.27649927139, 24.3003253937, 18.8058662415, 7.99195384979, 7.28713989258, -8.84812736511, 13.2443380356, 26.184135437, 81.2604141235, 21.5532512665], [-40.7510414124, 6.85223007202, 21.9196681976, 11.3860874176, 13.0391635895, 4.23563528061, 6.72297906876, -12.9575080872, -12.0079059601, -8.40950107574, 7.46561527252, 21.5532512665, 66.63671875]],
