{
"lowlevel": {
    "average_loudness": 0.249501407146,
    "barkbands_crest": {
        "dmean": 2.69866657257,
        "dmean2": 4.30744218826,
        "dvar": 8.02544498444,
        "dvar2": 19.9289150238,
        "max": 26.804731369,
        "mean": 14.1635189056,
        "median": 13.4672985077,
        "min": 2.43997740746,
        "var": 36.9463043213
    },
    "barkbands_flatness_db": {
        "dmean": 0.040670145303,
        "dmean2": 0.0601866431534,
        "dvar": 0.00201654620469,
        "dvar2": 0.00426875334233,
        "max": 0.950573503971,
        "mean": 0.261215627193,
        "median": 0.237017571926,
        "min": 0.0265925750136,
        "var": 0.0202705133706
    },
    "barkbands_kurtosis": {
        "dmean": 14.4012756348,
        "dmean2": 22.2543411255,
        "dvar": 1685.72949219,
        "dvar2": 3935.9140625,
        "max": 1163.00866699,
        "mean": 24.232831955,
        "median": 5.94962263107,
        "min": -1.86337280273,
        "var": 3450.13720703
    },
    "barkbands_skewness": {
        "dmean": 1.02821600437,
        "dmean2": 1.54408061504,
        "dvar": 1.9781358242,
        "dvar2": 4.41019630432,
        "max": 28.1627826691,
        "mean": 2.77763462067,
        "median": 2.0934176445,
        "min": -14.9834527969,
        "var": 8.72015857697
    },
    "barkbands_spread": {
        "dmean": 4.17736387253,
        "dmean2": 6.38891887665,
        "dvar": 46.9133720398,
        "dvar2": 106.508003235,
        "max": 105.399002075,
        "mean": 10.8951196671,
        "median": 7.5807261467,
        "min": 0.0370566509664,
        "var": 135.749649048
    },
    "dissonance": {
        "dmean": 0.0325708203018,
        "dmean2": 0.0543709471822,
        "dvar": 0.00122467335314,
        "dvar2": 0.00324072223157,
        "max": 0.500000178814,
        "mean": 0.426691949368,
        "median": 0.447925448418,
        "min": 0.0206059869379,
        "var": 0.00520897936076
    },
    "dynamic_complexity": 4.59810972214,
    "erbbands_crest": {
        "dmean": 2.76213765144,
        "dmean2": 4.35300207138,
        "dvar": 6.70043325424,
        "dvar2": 16.171672821,
        "max": 31.9264030457,
        "mean": 10.9018039703,
        "median": 9.88952636719,
        "min": 2.35368990898,
        "var": 25.992099762
    },
    "erbbands_flatness_db": {
        "dmean": 0.029156235978,
        "dmean2": 0.0420451201499,
        "dvar": 0.00104280735832,
        "dvar2": 0.00214384146966,
        "max": 0.683262586594,
        "mean": 0.213520795107,
        "median": 0.190596923232,
        "min": 0.0410907790065,
        "var": 0.0120500614867
    },
    "erbbands_kurtosis": {
        "dmean": 2.26793932915,
        "dmean2": 3.5917031765,
        "dvar": 30.7246494293,
        "dvar2": 76.2106246948,
        "max": 179.759109497,
        "mean": 2.99194598198,
        "median": 0.969375610352,
        "min": -1.82653284073,
        "var": 75.2590408325
    },
    "erbbands_skewness": {
        "dmean": 0.52634614706,
        "dmean2": 0.796469807625,
        "dvar": 0.324228018522,
        "dvar2": 0.742097556591,
        "max": 9.16151618958,
        "mean": 0.647063851357,
        "median": 0.561117231846,
        "min": -3.12194561958,
        "var": 1.33915436268
    },
    "erbbands_spread": {
        "dmean": 8.84955215454,
        "dmean2": 13.7128257751,
        "dvar": 164.004821777,
        "dvar2": 373.362091064,
        "max": 174.915847778,
        "mean": 30.8126525879,
        "median": 23.0177783966,
        "min": 0.319871008396,
        "var": 707.637695312
    },
    "hfc": {
        "dmean": 7.22261571884,
        "dmean2": 10.6003389359,
        "dvar": 177.730270386,
        "dvar2": 358.14151001,
        "max": 177.035751343,
        "mean": 16.523141861,
        "median": 11.1489543915,
        "min": 1.19169290342e-16,
        "var": 375.101135254
    },
    "melbands_crest": {
        "dmean": 3.36410856247,
        "dmean2": 5.29419660568,
        "dvar": 11.6520013809,
        "dvar2": 28.7190685272,
        "max": 37.2686424255,
        "mean": 19.3772907257,
        "median": 19.1301231384,
        "min": 2.02872776985,
        "var": 61.9004669189
    },
    "melbands_flatness_db": {
        "dmean": 0.046219509095,
        "dmean2": 0.0675052776933,
        "dvar": 0.00267022731714,
        "dvar2": 0.00531111378223,
        "max": 1,
        "mean": 0.356330543756,
        "median": 0.334315538406,
        "min": 0.00535546522588,
        "var": 0.0298824757338
    },
    "melbands_kurtosis": {
        "dmean": 21.9030456543,
        "dmean2": 34.1106834412,
        "dvar": 2886.92382812,
        "dvar2": 6691.81542969,
        "max": 1386.65844727,
        "mean": 42.6500549316,
        "median": 12.1920108795,
        "min": -1.81900501251,
        "var": 6718.18457031
    },
    "melbands_skewness": {
        "dmean": 1.12459313869,
        "dmean2": 1.72169232368,
        "dvar": 2.18278646469,
        "dvar2": 4.74842834473,
        "max": 24.8017578125,
        "mean": 3.735932827,
        "median": 2.88739705086,
        "min": -1.36052441597,
        "var": 11.1868190765
    },
    "melbands_spread": {
        "dmean": 5.0596203804,
        "dmean2": 7.53090810776,
        "dvar": 119.009170532,
        "dvar2": 261.9168396,
        "max": 201.753067017,
        "mean": 12.6092252731,
        "median": 7.04302835464,
        "min": 0.0838817805052,
        "var": 336.38659668
    },
    "pitch_salience": {
        "dmean": 0.0799169689417,
        "dmean2": 0.127439081669,
        "dvar": 0.00698491418734,
        "dvar2": 0.0175307001919,
        "max": 0.884426593781,
        "mean": 0.433712720871,
        "median": 0.439289748669,
        "min": 0.0126846311614,
        "var": 0.0289206076413
    },
    "silence_rate_20dB": {
        "dmean": 0.0106562469155,
        "dmean2": 0.021314388141,
        "dvar": 0.0105434861034,
        "dvar2": 0.0244155768305,
        "max": 1,
        "mean": 0.978156626225,
        "median": 1,
        "min": 0,
        "var": 0.0213626250625
    },
    "silence_rate_30dB": {
        "dmean": 0.0491963401437,
        "dmean2": 0.0984014198184,
        "dvar": 0.046776637435,
        "dvar2": 0.111088387668,
        "max": 1,
        "mean": 0.711862921715,
        "median": 1,
        "min": 0,
        "var": 0.205101624131
    },
    "silence_rate_60dB": {
        "dmean": 0.0191812440753,
        "dmean2": 0.0383658967912,
        "dvar": 0.0188123043627,
        "dvar2": 0.0404425822198,
        "max": 1,
        "mean": 0.122180782259,
        "median": 0,
        "min": 0,
        "var": 0.107247851789
    },
    "spectral_centroid": {
        "dmean": 201.232681274,
        "dmean2": 289.107635498,
        "dvar": 120735.3125,
        "dvar2": 216312.71875,
        "max": 10848.7792969,
        "mean": 837.966186523,
        "median": 617.427062988,
        "min": 54.3953971863,
        "var": 513677.34375
    },
    "spectral_complexity": {
        "dmean": 3.25583863258,
        "dmean2": 4.61030197144,
        "dvar": 30.4250946045,
        "dvar2": 44.4781684875,
        "max": 60,
        "mean": 11.7638959885,
        "median": 10,
        "min": 0,
        "var": 103.826728821
    },
    "spectral_decrease": {
        "dmean": 6.29515772843e-09,
        "dmean2": 9.4516714455e-09,
        "dvar": 1.03804066357e-16,
        "dvar2": 2.41868484613e-16,
        "max": -4.4906919798e-30,
        "mean": -2.02030943086e-08,
        "median": -1.0135809525e-08,
        "min": -1.52334408199e-07,
        "var": 5.73118162222e-16
    },
    "spectral_energy": {
        "dmean": 0.024194361642,
        "dmean2": 0.0362799726427,
        "dvar": 0.00150943361223,
        "dvar2": 0.00351958582178,
        "max": 0.57885825634,
        "mean": 0.0777494162321,
        "median": 0.0398356765509,
        "min": 1.08259613347e-20,
        "var": 0.00828986801207
    },
    "spectral_energyband_high": {
        "dmean": 0.000410481501603,
        "dmean2": 0.000612257048488,
        "dvar": 1.19400556287e-06,
        "dvar2": 2.61357104137e-06,
        "max": 0.0165188927203,
        "mean": 0.000544021255337,
        "median": 4.21652475779e-05,
        "min": 7.91296241267e-21,
        "var": 2.11459882848e-06
    },
    "spectral_energyband_low": {
        "dmean": 0.0209541507065,
        "dmean2": 0.0313641540706,
        "dvar": 0.00135874084663,
        "dvar2": 0.003145925235,
        "max": 0.563288867474,
        "mean": 0.0627870559692,
        "median": 0.0218698829412,
        "min": 5.48542255946e-23,
        "var": 0.00761789223179
    },
    "spectral_energyband_middle_high": {
        "dmean": 0.00149992550723,
        "dmean2": 0.00210092985071,
        "dvar": 1.19660862765e-05,
        "dvar2": 2.25462990784e-05,
        "max": 0.063085205853,
        "mean": 0.00286800228059,
        "median": 0.00118587515317,
        "min": 1.5169546306e-21,
        "var": 2.35102488659e-05
    },
    "spectral_energyband_middle_low": {
        "dmean": 0.00632391916588,
        "dmean2": 0.010400406085,
        "dvar": 0.000197870060219,
        "dvar2": 0.000527619442437,
        "max": 0.276969134808,
        "mean": 0.0131068686023,
        "median": 0.00838777981699,
        "min": 2.21849976602e-22,
        "var": 0.000270096410532
    },
    "spectral_entropy": {
        "dmean": 0.281669437885,
        "dmean2": 0.411168724298,
        "dvar": 0.113926954567,
        "dvar2": 0.223912581801,
        "max": 9.79641914368,
        "mean": 6.88344097137,
        "median": 7.00895786285,
        "min": 2.45857381821,
        "var": 1.08476734161
    },
    "spectral_flux": {
        "dmean": 0.0399611964822,
        "dmean2": 0.0619229674339,
        "dvar": 0.00290658278391,
        "dvar2": 0.00618393113837,
        "max": 0.572025895119,
        "mean": 0.0951729640365,
        "median": 0.074021011591,
        "min": 1.04047881422e-10,
        "var": 0.00624318653718
    },
    "spectral_kurtosis": {
        "dmean": 22.4690475464,
        "dmean2": 39.1609916687,
        "dvar": 13389.8173828,
        "dvar2": 40198.4960938,
        "max": 2571.67578125,
        "mean": 35.3183708191,
        "median": 7.33587932587,
        "min": -1.23898386955,
        "var": 18560.9199219
    },
    "spectral_rms": {
        "dmean": 0.00132592068985,
        "dmean2": 0.00192302209325,
        "dvar": 2.93114339911e-06,
        "dvar2": 6.61783724354e-06,
        "max": 0.0237642526627,
        "mean": 0.00719107501209,
        "median": 0.00623410567641,
        "min": 3.24990967297e-12,
        "var": 2.41423986154e-05
    },
    "spectral_rolloff": {
        "dmean": 307.094085693,
        "dmean2": 487.369934082,
        "dvar": 772939.4375,
        "dvar2": 1478147.125,
        "max": 18798.4863281,
        "mean": 887.046813965,
        "median": 387.59765625,
        "min": 43.06640625,
        "var": 2447880.25
    },
    "spectral_skewness": {
        "dmean": 0.818002581596,
        "dmean2": 1.31693732738,
        "dvar": 3.43935918808,
        "dvar2": 9.91650390625,
        "max": 45.433265686,
        "mean": 3.21645593643,
        "median": 2.21936798096,
        "min": 0.0361049845815,
        "var": 15.3204650879
    },
    "spectral_spread": {
        "dmean": 891730.5625,
        "dmean2": 1371788.5,
        "dvar": 1.4395694121e+12,
        "dvar2": 3.15067754086e+12,
        "max": 42706928,
        "mean": 4098124.5,
        "median": 3781443.5,
        "min": 42067.2695312,
        "var": 6.25088292454e+12
    },
    "spectral_strongpeak": {
        "dmean": 0.310260206461,
        "dmean2": 0.522621691227,
        "dvar": 0.268746346235,
        "dvar2": 0.704062700272,
        "max": 6.97844982147,
        "mean": 0.698400199413,
        "median": 0.545255541801,
        "min": 0,
        "var": 0.422862738371
    },
    "zerocrossingrate": {
        "dmean": 0.00901523046196,
        "dmean2": 0.0103833051398,
        "dvar": 0.000264002504991,
        "dvar2": 0.000278317369521,
        "max": 0.5068359375,
        "mean": 0.0364553406835,
        "median": 0.0224609375,
        "min": 0.00146484375,
        "var": 0.00206255912781
    },
    "barkbands": {
        "dmean": [0.00164049933665, 0.0171255003661, 0.00492849107832, 0.00239759287797, 0.00234505860135, 0.00171096913982, 0.000747344456613, 0.000608466914855, 0.000418071227614, 0.00037257708027, 0.00039585592458, 0.000284248206299, 0.000162690645084, 0.000333961768774, 0.000153506000061, 0.000156464098836, 0.000162774493219, 0.000104808052129, 6.83281105012e-05, 6.64788967697e-05, 7.05088095856e-05, 7.36532674637e-05, 0.000105932631413, 5.67700299143e-05, 5.38468957529e-05, 3.02467469737e-05, 5.46597766515e-06],
        "dmean2": [0.0023973020725, 0.0257700514048, 0.00839320290834, 0.00418856414035, 0.00391597952694, 0.00274704932235, 0.00120015826542, 0.000903049483895, 0.000647386536002, 0.000584459805395, 0.000608694681432, 0.000444745644927, 0.000260665459791, 0.000504038878717, 0.000234442282817, 0.00024533495889, 0.000242396461545, 0.000165346107678, 0.000102082791273, 9.70824694377e-05, 0.000108358013676, 0.000108781787276, 0.00016367941862, 8.70666772244e-05, 8.81051601027e-05, 5.17640073667e-05, 9.12408722797e-06],
        "dvar": [2.83975659841e-05, 0.00102170195896, 0.00017052248586, 5.19754030393e-05, 3.96075156459e-05, 2.8362381272e-05, 2.95057452604e-06, 2.11388987736e-06, 1.91520848603e-06, 6.90662716352e-07, 1.03515503724e-06, 6.67436495405e-07, 2.89481135951e-07, 9.71890244728e-07, 1.96628604954e-07, 2.82657651951e-07, 2.80135225239e-07, 1.30900872364e-07, 4.3447389686e-08, 5.71617526646e-08, 6.22497609015e-08, 4.33340581196e-08, 9.16724687272e-08, 2.61841197613e-08, 7.52322648623e-08, 1.46566474513e-08, 3.28487403944e-10],
        "dvar2": [6.72594615025e-05, 0.00238163210452, 0.000477549619973, 0.000141983968206, 0.000106042476546, 7.73052670411e-05, 7.39581491871e-06, 4.74822763863e-06, 5.11270536663e-06, 1.71752503775e-06, 2.26356587518e-06, 1.64625328125e-06, 7.52917173941e-07, 2.11539622796e-06, 4.14322386177e-07, 6.73859403832e-07, 5.8649118273e-07, 2.99276877058e-07, 8.3378708382e-08, 1.32919709017e-07, 1.30642661134e-07, 9.18592064636e-08, 2.09925232753e-07, 6.50370850508e-08, 1.93901797729e-07, 4.08797902196e-08, 8.6597068405e-10],
        "max": [0.214277550578, 0.527367949486, 0.180490225554, 0.158387437463, 0.113961860538, 0.116883978248, 0.041058331728, 0.0314040631056, 0.041726604104, 0.0160189401358, 0.0196255035698, 0.015949735418, 0.0110455127433, 0.0166950915009, 0.00757123390213, 0.00972577556968, 0.008296106942, 0.00515689561144, 0.00331488694064, 0.00497677735984, 0.00598885025829, 0.00290736276656, 0.0048730741255, 0.00347713218071, 0.00894865952432, 0.00194948422723, 0.000319612765452],
        "mean": [0.00579411396757, 0.0485401786864, 0.00710833771154, 0.00302729359828, 0.00372545630671, 0.00246829842217, 0.00137160217855, 0.00131421594415, 0.000755955814384, 0.000603015418164, 0.000605246052146, 0.000380318146199, 0.000204902753467, 0.000498804554809, 0.000197114903131, 0.00018420102424, 0.000186883538845, 0.000118026291602, 8.72325908858e-05, 8.01048008725e-05, 8.42573717819e-05, 9.48972665356e-05, 0.000128224986838, 7.87226381362e-05, 7.21263859305e-05, 3.39414909831e-05, 6.2706017161e-06],
        "median": [0.000166579571669, 0.0108189266175, 0.00199635676108, 0.000532122794539, 0.000894239987247, 0.000769785838202, 0.000582617707551, 0.000415084243286, 0.000229134253459, 0.000132709072204, 0.000157359012519, 0.000103747239336, 4.57942805951e-05, 7.62091513025e-05, 4.29961801274e-05, 2.30039859161e-05, 2.95539175568e-05, 1.18640155051e-05, 1.17444633361e-05, 7.96253425506e-06, 6.10143115409e-06, 5.37300411452e-06, 6.03085300099e-06, 5.59601176064e-06, 4.10503707826e-06, 1.18789034786e-06, 2.31997574929e-07],
        "min": [2.20926192083e-23, 2.14894687819e-23, 1.10109000047e-23, 1.1517739192e-23, 2.88016903029e-23, 3.40111131508e-23, 1.29912816647e-23, 4.25573008764e-23, 2.17484313067e-23, 2.04420492487e-23, 4.24017659048e-23, 5.15865176005e-23, 7.18038172219e-23, 1.26325900821e-22, 1.75710701324e-22, 9.87609803344e-23, 7.02725119871e-23, 1.97043974069e-22, 2.09880192501e-22, 3.59829221016e-22, 5.71731800442e-22, 5.28754102968e-22, 5.0490980392e-22, 7.08725359999e-22, 1.17227598183e-21, 1.91619781631e-21, 2.25781937033e-21],
        "var": [0.000234306658967, 0.00562945986167, 0.000170134822838, 4.90692727908e-05, 5.95846868237e-05, 2.72336037597e-05, 5.55285123482e-06, 6.91368632033e-06, 2.67883592642e-06, 1.40864312925e-06, 1.77212757535e-06, 9.50794003529e-07, 3.20194374126e-07, 1.74301214884e-06, 2.86020025442e-07, 3.35270925689e-07, 3.44681808429e-07, 1.4323927644e-07, 6.23894464979e-08, 6.45297077995e-08, 8.05497961665e-08, 6.98536553045e-08, 1.4722429853e-07, 4.50593908852e-08, 1.00297050665e-07, 1.57281530022e-08, 4.24290297341e-10]
    },
    "erbbands": {
        "dmean": [0.646276652813, 3.49410223961, 5.85118770599, 6.9996342659, 7.87017202377, 7.9188284874, 9.59762096405, 14.6993179321, 12.7637577057, 11.8429164886, 12.5186252594, 8.30803966522, 13.754034996, 9.48082256317, 15.1737480164, 11.4940214157, 7.83769607544, 16.950296402, 8.44284534454, 9.29219722748, 8.08449172974, 8.07231998444, 5.1678776741, 4.56851100922, 3.52916073799, 3.20187687874, 2.91395521164, 2.78571510315, 2.7199587822, 3.06832718849, 2.96024751663, 1.52643227577, 0.80899065733, 0.426493346691, 0.526831507683, 0.178340256214, 0.0462026000023, 0.00811581406742, 0.000982144265436, 7.69240141381e-05],
        "dmean2": [0.936328470707, 5.35254478455, 9.75000667572, 12.0032444, 13.2963056564, 13.4658718109, 15.8188123703, 23.6432857513, 20.5551662445, 17.7810535431, 18.8546390533, 13.0267314911, 21.5352573395, 14.9581232071, 23.0106239319, 17.6261749268, 12.2094697952, 25.4895820618, 12.7590332031, 14.645280838, 12.2362756729, 11.783659935, 8.08631801605, 6.99410438538, 5.22606277466, 4.70315885544, 4.42409467697, 4.23849439621, 4.05347728729, 4.64634037018, 4.59573936462, 2.34445238113, 1.25869119167, 0.684315681458, 0.879799485207, 0.297594040632, 0.079058945179, 0.0135795203969, 0.00165425566956, 0.000125755323097],
        "dvar": [1.85046648979, 42.0780487061, 181.921356201, 431.245269775, 473.217834473, 589.19708252, 667.108276367, 2789.85571289, 1606.28198242, 577.412109375, 1026.02331543, 924.088989258, 1033.70300293, 482.074401855, 2043.12744141, 1066.52246094, 569.501525879, 2593.59814453, 492.769775391, 985.691162109, 694.197021484, 634.021179199, 269.295562744, 282.441131592, 149.490646362, 133.591430664, 110.208740234, 83.8601379395, 63.7836456299, 72.8501739502, 73.0928955078, 20.1543197632, 5.13873291016, 1.5893933773, 14.3381814957, 0.505760848522, 0.0316899716854, 0.000937541306484, 1.14193471745e-05, 3.60031151558e-08],
        "dvar2": [4.12203741074, 102.458282471, 500.098632812, 1200.00756836, 1280.26391602, 1616.85766602, 1756.15771484, 7651.63964844, 4164.58886719, 1246.25866699, 2470.85424805, 2570.29882812, 2593.91943359, 1137.8104248, 4409.515625, 2556.16357422, 1445.51806641, 5612.37792969, 1083.03771973, 2364.89404297, 1544.3157959, 1263.30236816, 548.203796387, 708.940612793, 301.512115479, 304.241088867, 235.828079224, 175.149047852, 135.790725708, 161.595458984, 171.409729004, 49.7535400391, 12.9848909378, 4.29645299911, 37.5297088623, 1.36790597439, 0.0881374254823, 0.00256095500663, 3.10757350235e-05, 9.21360481243e-08],
        "max": [24.1698436737, 101.986000061, 187.661804199, 325.73651123, 573.2265625, 481.538269043, 513.299865723, 1210.41247559, 979.569274902, 575.442626953, 753.969604492, 942.1328125, 612.384460449, 525.604736328, 776.264038086, 823.312438965, 416.833709717, 887.519104004, 436.876861572, 663.690002441, 487.251068115, 375.94317627, 220.465835571, 325.766815186, 252.329223633, 228.608123779, 205.175918579, 191.579315186, 107.445083618, 152.081817627, 128.9947052, 90.7470169067, 55.573059082, 31.4353046417, 126.277328491, 11.45013237, 2.94919133186, 0.446703135967, 0.0587958879769, 0.00476328842342],
        "mean": [1.92595779896, 8.71942710876, 9.74667644501, 9.87003898621, 11.7170944214, 11.8276395798, 14.4389514923, 19.7696075439, 20.6375579834, 27.5792121887, 25.9492321014, 15.2612543106, 22.0855731964, 15.6912240982, 22.0686759949, 15.9734230042, 10.7310218811, 25.7923908234, 12.342798233, 11.2560443878, 9.99272537231, 9.56965732574, 6.25114107132, 5.24502563477, 4.46800327301, 3.8165166378, 3.46002817154, 3.34416341782, 3.3399116993, 4.00250387192, 3.51585245132, 1.98812973499, 1.14595019817, 0.628477990627, 0.650815248489, 0.212387487292, 0.0510657988489, 0.00925375055522, 0.00110559503082, 0.00014807950356],
        "median": [0.274204015732, 2.20593881607, 4.04378557205, 2.99547147751, 2.58899974823, 2.7482008934, 4.6898059845, 5.78425216675, 8.40943336487, 10.5268287659, 9.96726226807, 6.00838518143, 4.79842853546, 4.84897327423, 5.55128526688, 4.62855529785, 3.18572545052, 4.08959102631, 3.1787405014, 2.3048992157, 1.41920232773, 1.63886773586, 0.812185525894, 0.673530995846, 0.513529896736, 0.379780292511, 0.252224743366, 0.240794092417, 0.194010287523, 0.187419682741, 0.172304987907, 0.115210980177, 0.0902856737375, 0.051247742027, 0.0259583927691, 0.00767058320343, 0.0018454187084, 0.0003449957876, 0.000100065823062, 6.77928692312e-05],
        "min": [6.42873220628e-22, 4.84494669343e-21, 1.49529924007e-20, 2.6642831602e-20, 1.01741392962e-19, 5.69963954318e-20, 2.63938573462e-19, 3.74043447425e-19, 2.21290381849e-19, 4.76382982443e-19, 7.88734756946e-19, 5.20904634745e-19, 6.36574986665e-19, 9.45634840825e-19, 2.02902461855e-18, 3.05152304645e-18, 4.02121571161e-18, 7.00617098467e-18, 7.70070243265e-18, 7.09614672862e-18, 8.52800794948e-18, 5.24737200337e-18, 7.93821245629e-18, 1.22759674409e-17, 1.3321513809e-17, 1.54330908458e-17, 2.31922418606e-17, 1.78079429281e-17, 1.93242857593e-17, 1.45074773948e-17, 1.7399739222e-17, 1.56567356681e-17, 1.08487946797e-17, 1.14664628508e-17, 9.314478041e-18, 5.84553608281e-18, 3.96893458817e-18, 1.10442187878e-18, 3.10452748763e-19, 3.67515861481e-20],
        "var": [11.9205417633, 190.975494385, 228.32409668, 411.556732178, 618.231994629, 785.229858398, 869.963256836, 2362.18212891, 1929.65722656, 2201.57373047, 2195.47851562, 1080.72583008, 1997.54418945, 987.335205078, 3144.65454102, 1698.66308594, 690.623779297, 4576.85546875, 764.752441406, 1104.1270752, 891.393005371, 842.859619141, 345.955810547, 269.186279297, 203.516113281, 151.553070068, 137.918548584, 113.306915283, 93.2404098511, 138.037887573, 110.764198303, 33.009262085, 8.67440128326, 2.77080321312, 16.2455730438, 0.621973514557, 0.0338318571448, 0.00108389661182, 1.29446088977e-05, 6.34262420363e-08]
    },
    "gfcc": {
        "mean": [-86.4773101807, 121.179328918, -87.3132324219, 17.259393692, -42.3503112793, 14.8846082687, -25.9923419952, 8.47889232635, -8.10373783112, 3.86290454865, -5.40969657898, -2.8537569046, -7.54419803619],
        "cov": [[24708.0292969, -2143.04541016, 234.442214966, 1611.30310059, -1109.97497559, 1926.36804199, -238.449752808, 913.27154541, 139.086578369, 590.29473877, -303.952789307, 424.604125977, -312.905212402], [-2143.04541016, 4585.21728516, 1393.63586426, -369.128570557, 813.700195312, -494.74407959, 466.522674561, -413.450592041, 316.472106934, -402.456970215, 248.978561401, -285.070648193, 311.579956055], [234.442214966, 1393.63586426, 4832.72119141, 1404.00708008, 362.641296387, 369.672180176, 26.9548988342, -130.354217529, 19.578792572, -103.278053284, -10.3948783875, 23.433429718, -21.813703537], [1611.30310059, -369.128570557, 1404.00708008, 1202.13781738, 195.711654663, 351.801879883, 24.0441989899, 60.033618927, -13.3873825073, 62.5024642944, -46.9649848938, 60.9525184631, -67.3302764893], [-1109.97497559, 813.700195312, 362.641296387, 195.711654663, 603.284545898, 83.6394348145, 248.971115112, -48.9954338074, 58.3377075195, -53.9605484009, 77.8672714233, -39.2795791626, 62.7556152344], [1926.36804199, -494.74407959, 369.672180176, 351.801879883, 83.6394348145, 684.410461426, 116.496482849, 208.436157227, 5.55076169968, 96.880897522, -22.3982963562, 75.9640960693, -56.8802375793], [-238.449752808, 466.522674561, 26.9548988342, 24.0441989899, 248.971115112, 116.496482849, 350.631958008, 136.709655762, 145.224441528, 11.4953832626, 78.0331878662, -21.3789653778, 41.5566596985], [913.27154541, -413.450592041, -130.354217529, 60.033618927, -48.9954338074, 208.436157227, 136.709655762, 366.963623047, 166.814285278, 155.633010864, 16.0392360687, 19.6803646088, -50.7946128845], [139.086578369, 316.472106934, 19.578792572, -13.3873825073, 58.3377075195, 5.55076169968, 145.224441528, 166.814285278, 288.908966064, 138.387069702, 97.4470596313, -44.3827133179, 0.860550761223], [590.29473877, -402.456970215, -103.278053284, 62.5024642944, -53.9605484009, 96.880897522, 11.4953832626, 155.633010864, 138.387069702, 240.94128418, 72.0297088623, 23.1889152527, -49.0938987732], [-303.952789307, 248.978561401, -10.3948783875, -46.9649848938, 77.8672714233, -22.3982963562, 78.0331878662, 16.0392360687, 97.4470596313, 72.0297088623, 136.715698242, 10.1379299164, 26.6232204437], [424.604125977, -285.070648193, 23.433429718, 60.9525184631, -39.2795791626, 75.9640960693, -21.3789653778, 19.6803646088, -44.3827133179, 23.1889152527, 10.1379299164, 119.755569458, 28.1199855804], [-312.905212402, 311.579956055, -21.813703537, -67.3302764893, 62.7556152344, -56.8802375793, 41.5566596985, -50.7946128845, 0.860550761223, -49.0938987732, 26.6232204437, 28.1199855804, 111.349456787]],
        "icov": [[9.7309195553e-05, -0.000195057305973, 0.000109398686618, -0.000228449993301, 0.000319590180879, -0.000272816250799, 0.000105155639176, -0.000103903723357, 4.83177864226e-05, -0.000253969425103, 0.000315303157549, -0.000410199776525, 0.000212288330658], [-0.000195057305973, 0.00142715522088, -0.000582052627578, 0.000949773821048, -0.00115957763046, 0.000620121601969, -0.000536108447704, 0.000956046686042, -0.00152930011973, 0.00205028476194, -0.0016133551253, 0.00227608112618, -0.00174810155295], [0.000109398686618, -0.000582052627578, 0.000607826572377, -0.000858108978719, 0.000539718137588, -0.000462249357952, 0.000394431641325, -0.000180371309398, 0.000166350058862, -0.000335172429914, 0.000450648716651, -0.000974370690528, 0.000755789282266], [-0.000228449993301, 0.000949773821048, -0.000858108978719, 0.00245527178049, -0.00162402470596, 0.000414841953898, -0.000371840869775, 0.000651556882076, -0.000733012799174, 0.000498044712003, -5.37213891221e-05, 0.00074302952271, -0.000369458954083], [0.000319590180879, -0.00115957763046, 0.000539718137588, -0.00162402470596, 0.00462875980884, -0.00131380825769, -0.00180776312482, 0.000521309499163, 0.00115582812577, -0.00136312108953, 0.000292401149636, -0.000651850365102, 0.000383957725717], [-0.000272816250799, 0.000620121601969, -0.000462249357952, 0.000414841953898, -0.00131380825769, 0.00333894672804, -0.00120636424981, -0.000806469004601, 0.000860748637933, -6.38516503386e-05, -0.000167054284248, -9.07655612536e-06, 0.000194247812033], [0.000105155639176, -0.000536108447704, 0.000394431641325, -0.000371840869775, -0.00180776312482, -0.00120636424981, 0.00777008198202, -0.00350965722464, -0.00139048579149, 0.00234561739489, -0.00215057004243, 2.23434017244e-05, -0.000896728073712], [-0.000103903723357, 0.000956046686042, -0.000180371309398, 0.000651556882076, 0.000521309499163, -0.000806469004601, -0.00350965722464, 0.00831080693752, -0.00461613433436, -0.000942105951253, 0.00248936633579, -0.000947818451095, 0.00105113198515], [4.83177864226e-05, -0.00152930011973, 0.000166350058862, -0.000733012799174, 0.00115582812577, 0.000860748637933, -0.00139048579149, -0.00461613433436, 0.0124987028539, -0.0065697254613, -0.00199592183344, 0.00320862606168, -0.00112035451457], [-0.000253969425103, 0.00205028476194, -0.000335172429914, 0.000498044712003, -0.00136312108953, -6.38516503386e-05, 0.00234561739489, -0.000942105951253, -0.0065697254613, 0.0144396191463, -0.00785666611046, 0.00089255470084, 0.00128541013692], [0.000315303157549, -0.0016133551253, 0.000450648716651, -5.37213891221e-05, 0.000292401149636, -0.000167054284248, -0.00215057004243, 0.00248936633579, -0.00199592183344, -0.00785666611046, 0.0175341106951, -0.00658717798069, 0.00116702355444], [-0.000410199776525, 0.00227608112618, -0.000974370690528, 0.00074302952271, -0.000651850365102, -9.07655612536e-06, 2.23434017244e-05, -0.000947818451095, 0.00320862606168, 0.00089255470084, -0.00658717798069, 0.0189522020519, -0.0101836929098], [0.000212288330658, -0.00174810155295, 0.000755789282266, -0.000369458954083, 0.000383957725717, 0.000194247812033, -0.000896728073712, 0.00105113198515, -0.00112035451457, 0.00128541013692, 0.00116702355444, -0.0101836929098, 0.0179586485028]]
    },
    "melbands": {
        "dmean": [0.0051154633984, 0.00345736811869, 0.0012169550173, 0.000542300811503, 0.000335927732522, 0.000334225274855, 0.00018551973335, 0.000131081105792, 0.000108952030132, 4.95864805998e-05, 6.76925337757e-05, 3.56460877811e-05, 4.86028693558e-05, 3.52498682332e-05, 2.72240067716e-05, 1.57944778039e-05, 3.60447302228e-05, 1.42913504533e-05, 1.26087124954e-05, 1.33687144626e-05, 9.78162552201e-06, 9.57586598815e-06, 5.62327295484e-06, 4.86910676045e-06, 3.63289200322e-06, 2.74456738225e-06, 2.1778662358e-06, 2.24841141971e-06, 1.78749792212e-06, 1.89547461105e-06, 1.53770054112e-06, 1.58551142704e-06, 1.44762952914e-06, 1.90577031844e-06, 1.99698206416e-06, 1.08080087102e-06, 8.89863201792e-07, 5.99295503889e-07, 4.4880147243e-07, 3.22551215959e-07],
        "dmean2": [0.0075432616286, 0.00552523694932, 0.00208822102286, 0.00091586180497, 0.000556468148716, 0.000535147613846, 0.000298592727631, 0.000195429995074, 0.000164750177646, 7.79959154897e-05, 0.000106076164229, 5.68447758269e-05, 7.45703728171e-05, 5.44035574421e-05, 4.28261664638e-05, 2.51828187174e-05, 5.42241505173e-05, 2.17874421651e-05, 1.93989253603e-05, 2.16704356717e-05, 1.50296709762e-05, 1.4087559066e-05, 8.52321500133e-06, 7.73182364355e-06, 5.66830385651e-06, 4.12988538301e-06, 3.19453010889e-06, 3.36606080964e-06, 2.65158905677e-06, 2.97455108011e-06, 2.35578227148e-06, 2.41588304561e-06, 2.1914095214e-06, 2.91438823297e-06, 3.16949149237e-06, 1.63024958511e-06, 1.39546409628e-06, 9.40198276567e-07, 7.11889924787e-07, 5.30660202003e-07],
        "dvar": [0.000100510042103, 4.39459436166e-05, 1.19294691103e-05, 2.03525814868e-06, 9.53836547524e-07, 1.34689526021e-06, 3.00712997614e-07, 8.15488903072e-08, 8.201763535e-08, 3.13945420771e-08, 2.50665230794e-08, 7.02737246172e-09, 1.90744291473e-08, 1.0644006565e-08, 6.26957907812e-09, 3.15525894301e-09, 1.21050973689e-08, 1.42712985873e-09, 1.31971755746e-09, 2.31668595418e-09, 1.14893028424e-09, 9.09365638346e-10, 3.19337722932e-10, 2.86144330452e-10, 1.91472171451e-10, 9.15127487677e-11, 6.00790112104e-11, 6.70542649184e-11, 3.85454966556e-11, 5.0779890709e-11, 2.36540856347e-11, 2.38912518241e-11, 1.65185226608e-11, 2.91551019438e-11, 3.50665503579e-11, 9.21264540349e-12, 7.53787917501e-12, 3.0194945936e-12, 1.36568176472e-12, 1.06222550287e-12],
        "dvar2": [0.000228448872804, 0.000114105445391, 3.31658702635e-05, 5.43990790902e-06, 2.55245163316e-06, 3.67888628716e-06, 7.77184368417e-07, 1.76409713504e-07, 2.00326610411e-07, 8.74221299796e-08, 6.27713632184e-08, 1.67293414677e-08, 4.17021617238e-08, 2.53932750383e-08, 1.57199320228e-08, 8.21147150276e-09, 2.5825615424e-08, 3.26941784756e-09, 2.90480839382e-09, 5.78920289485e-09, 2.70294608917e-09, 1.83934445452e-09, 6.78433031975e-10, 6.63426480418e-10, 4.99336905158e-10, 1.77237571841e-10, 1.37198100103e-10, 1.54883258996e-10, 8.55750331707e-11, 1.09968187334e-10, 5.06414597756e-11, 5.38647737525e-11, 3.69466054972e-11, 6.54315421289e-11, 8.41081371217e-11, 2.1193555591e-11, 1.94063098924e-11, 7.64801850323e-12, 3.58653081192e-12, 2.97031561673e-12],
        "max": [0.177301138639, 0.0862507149577, 0.0582760348916, 0.0293210409582, 0.0230516847223, 0.0269324854016, 0.0131620056927, 0.00708307605237, 0.00723122665659, 0.00535086309537, 0.00303653511219, 0.00193294300698, 0.00314118806273, 0.0018005121965, 0.00158537551761, 0.00122393749189, 0.00195097457618, 0.000742728298064, 0.000625254469924, 0.000996517715976, 0.000738969771191, 0.000448446953669, 0.000280774343992, 0.000266041985014, 0.000284481327981, 0.000164524157299, 0.000196288208826, 0.000152685286594, 0.000111450550321, 0.000192813124158, 8.92699681572e-05, 6.62142192596e-05, 6.21858926024e-05, 9.42131591728e-05, 7.80084737926e-05, 6.56820338918e-05, 6.04001106694e-05, 4.3485990318e-05, 2.80225613096e-05, 2.97805545415e-05],
        "mean": [0.0154409343377, 0.00737049849704, 0.00177751027513, 0.000858911778778, 0.000504295283463, 0.000462393683847, 0.000315849058097, 0.000304659071844, 0.000217040462303, 8.76017220435e-05, 0.000106552441139, 5.60410153412e-05, 7.11954489816e-05, 4.92708350066e-05, 3.46681008523e-05, 1.96873097593e-05, 5.46204973944e-05, 2.03993477044e-05, 1.60003546625e-05, 1.49651823449e-05, 1.12883781185e-05, 1.10763785415e-05, 6.42347959001e-06, 5.343781595e-06, 4.06279377785e-06, 3.35799450113e-06, 2.72769443654e-06, 2.54246810982e-06, 2.06556364901e-06, 2.18434774979e-06, 1.8146910179e-06, 1.85966462141e-06, 1.86877059605e-06, 2.38825123233e-06, 2.23367942453e-06, 1.39496660267e-06, 1.13864575724e-06, 8.18660225832e-07, 6.52087408071e-07, 4.58673468984e-07],
        "median": [0.00285108271055, 0.00312308687717, 0.000607519643381, 0.000193000159925, 0.000160669063916, 0.000140280288178, 0.000127581763081, 0.000107029874926, 7.75328517193e-05, 3.27309098793e-05, 2.14072169911e-05, 1.56097230501e-05, 1.91030449059e-05, 1.18270054372e-05, 9.37581171456e-06, 3.13391547024e-06, 7.69052530813e-06, 4.57894248029e-06, 3.60084277418e-06, 1.89798402062e-06, 1.40835629736e-06, 1.76031448973e-06, 9.30401142796e-07, 5.28531927557e-07, 5.40847452157e-07, 3.55231236426e-07, 3.12489248699e-07, 2.29301832633e-07, 1.5349063176e-07, 1.51505645363e-07, 1.29467849774e-07, 1.02905318045e-07, 9.63969029044e-08, 1.03328162027e-07, 1.01840910816e-07, 7.60015694823e-08, 6.70857076557e-08, 6.45856843562e-08, 5.37072892826e-08, 3.75999178459e-08],
        "min": [7.18276944638e-24, 7.95672166935e-24, 6.85903355265e-24, 6.20870096112e-24, 8.45373401635e-24, 7.49956336414e-24, 3.18720907739e-24, 6.83680187462e-24, 6.23643494396e-24, 2.66701348888e-24, 3.12872154937e-24, 3.52479539646e-24, 6.10481823509e-24, 6.0396295309e-24, 9.66011454402e-24, 6.54676887977e-24, 1.24846160268e-23, 1.22329480988e-23, 1.15169171989e-23, 7.32928773775e-24, 1.08852076412e-23, 5.02390997871e-24, 5.08339876843e-24, 9.4044857454e-24, 9.99201830356e-24, 8.49317075073e-24, 1.05964230188e-23, 9.73934300017e-24, 1.2758758602e-23, 1.2173482186e-23, 9.96747131877e-24, 9.83460426537e-24, 1.06463374037e-23, 6.32832382879e-24, 1.03655920627e-23, 9.4050931683e-24, 9.49621212488e-24, 7.38755379307e-24, 7.3191248427e-24, 1.02540960401e-23],
        "var": [0.000625622516964, 0.000103650498204, 1.12893640107e-05, 3.26940335071e-06, 1.13633154797e-06, 1.17773208785e-06, 3.87780914934e-07, 3.13669318075e-07, 1.65422591181e-07, 3.68480392865e-08, 4.82405511093e-08, 1.36453532917e-08, 2.88908523771e-08, 1.58964983399e-08, 7.71215713513e-09, 3.40122907616e-09, 2.22794973581e-08, 2.15936890591e-09, 1.82668158377e-09, 2.4354951389e-09, 1.27739818723e-09, 1.18097420732e-09, 3.84461157354e-10, 3.1133209899e-10, 1.6701162675e-10, 1.24732044138e-10, 7.26612242596e-11, 7.2168528098e-11, 4.70401634312e-11, 6.15010820049e-11, 3.17135762096e-11, 3.12861542229e-11, 2.64278390838e-11, 5.35594381346e-11, 4.85254787741e-11, 1.54111133577e-11, 1.16717625148e-11, 4.65032439639e-12, 2.49309253797e-12, 1.59433750924e-12]
    },
    "mfcc": {
        "mean": [-730.270446777, 149.850982666, 19.8802623749, 15.6976699829, 12.3226423264, 9.24369239807, 2.03841471672, 6.78003120422, 4.09276580811, 7.9872379303, 5.6478562355, 6.66375732422, 4.92918968201],
        "cov": [[16350.6298828, -313.557220459, -144.843338013, -62.2428474426, -341.383239746, 279.116210938, -192.373764038, 220.84765625, 100.2525177, 208.436965942, 119.124656677, 108.592308044, 13.9415769577], [-313.557220459, 4125.22949219, 557.005859375, 229.985931396, 225.967483521, 35.3231506348, 134.916046143, 67.2729263306, 147.364868164, 5.39494943619, 30.6817913055, -62.1848258972, -48.9905090332], [-144.843338013, 557.005859375, 2625.19995117, 1046.14282227, 486.409698486, 384.217224121, 120.206390381, 47.7678833008, -37.3918266296, -113.508132935, -43.7034912109, -76.7328948975, -29.0422229767], [-62.2428474426, 229.985931396, 1046.14282227, 1064.71057129, 383.607177734, 269.438781738, 98.6204452515, 16.5892448425, -2.41776227951, -31.5724868774, -1.09981381893, -24.964012146, 1.95377361774], [-341.383239746, 225.967483521, 486.409698486, 383.607177734, 372.634185791, 251.184310913, 144.631881714, 55.3684387207, 22.8683853149, -17.7380275726, 0.944944560528, 2.03851079941, 18.0173969269], [279.116210938, 35.3231506348, 384.217224121, 269.438781738, 251.184310913, 402.8722229, 203.247161865, 101.517120361, 28.2004127502, -38.7739372253, -11.6939210892, 15.2330961227, 20.3347930908], [-192.373764038, 134.916046143, 120.206390381, 98.6204452515, 144.631881714, 203.247161865, 267.69833374, 157.432739258, 86.305847168, 11.9029531479, 22.5277099609, 38.8354606628, 34.9050216675], [220.84765625, 67.2729263306, 47.7678833008, 16.5892448425, 55.3684387207, 101.517120361, 157.432739258, 220.161773682, 133.611373901, 52.6512451172, 41.4411087036, 44.429485321, 32.2666778564], [100.2525177, 147.364868164, -37.3918266296, -2.41776227951, 22.8683853149, 28.2004127502, 86.305847168, 133.611373901, 199.672271729, 136.000335693, 98.1543807983, 69.8827972412, 50.4503860474], [208.436965942, 5.39494943619, -113.508132935, -31.5724868774, -17.7380275726, -38.7739372253, 11.9029531479, 52.6512451172, 136.000335693, 246.933151245, 187.885421753, 92.3723602295, 72.4349975586], [119.124656677, 30.6817913055, -43.7034912109, -1.09981381893, 0.944944560528, -11.6939210892, 22.5277099609, 41.4411087036, 98.1543807983, 187.885421753, 211.146743774, 121.392364502, 83.9367370605], [108.592308044, -62.1848258972, -76.7328948975, -24.964012146, 2.03851079941, 15.2330961227, 38.8354606628, 44.429485321, 69.8827972412, 92.3723602295, 121.392364502, 142.786239624, 99.6815414429], [13.9415769577, -48.9905090332, -29.0422229767, 1.95377361774, 18.0173969269, 20.3347930908, 34.9050216675, 32.2666778564, 50.4503860474, 72.4349975586, 83.9367370605, 99.6815414429, 118.485015869]],
