{
"lowlevel": {
    "average_loudness": 0.899548470974,
    "barkbands_crest": {
        "dmean": 2.9468896389,
        "dmean2": 4.18746614456,
        "dvar": 9.14742469788,
        "dvar2": 17.2032909393,
        "max": 26.9768047333,
        "mean": 12.5667867661,
        "median": 11.523888588,
        "min": 2.2069439888,
        "var": 44.9265174866
    },
    "barkbands_flatness_db": {
        "dmean": 0.0311193540692,
        "dmean2": 0.0378427356482,
        "dvar": 0.000976308598183,
        "dvar2": 0.00140253291465,
        "max": 1,
        "mean": 0.194276481867,
        "median": 0.13620480895,
        "min": 0.0195051059127,
        "var": 0.023422671482
    },
    "barkbands_kurtosis": {
        "dmean": 86.3879394531,
        "dmean2": 137.495437622,
        "dvar": 2911443.25,
        "dvar2": 8146028,
        "max": 124129.117188,
        "mean": 116.73085022,
        "median": 0.544753074646,
        "min": -1.86958503723,
        "var": 3444005.25
    },
    "barkbands_skewness": {
        "dmean": 1.25572741032,
        "dmean2": 1.59193336964,
        "dvar": 19.9128017426,
        "dvar2": 51.2341499329,
        "max": 278.420288086,
        "mean": 2.27796554565,
        "median": 0.851047039032,
        "min": -2.71115064621,
        "var": 55.6123504639
    },
    "barkbands_spread": {
        "dmean": 10.9615335464,
        "dmean2": 16.0459365845,
        "dvar": 161.233825684,
        "dvar2": 336.319030762,
        "max": 134.511474609,
        "mean": 34.5955848694,
        "median": 33.6203117371,
        "min": 0.00261074467562,
        "var": 591.210388184
    },
    "dissonance": {
        "dmean": 0.0113163599744,
        "dmean2": 0.0190459061414,
        "dvar": 0.000639521633275,
        "dvar2": 0.00176797772292,
        "max": 0.5,
        "mean": 0.47528603673,
        "median": 0.495153874159,
        "min": 0.0692975893617,
        "var": 0.00321828946471
    },
    "dynamic_complexity": 6.27826595306,
    "erbbands_crest": {
        "dmean": 1.86555469036,
        "dmean2": 3.09567022324,
        "dvar": 3.22357034683,
        "dvar2": 8.13533496857,
        "max": 35.7457008362,
        "mean": 8.02457332611,
        "median": 6.86905908585,
        "min": 2.72637987137,
        "var": 18.7080459595
    },
    "erbbands_flatness_db": {
        "dmean": 0.0189156569541,
        "dmean2": 0.0275517944247,
        "dvar": 0.000295010628179,
        "dvar2": 0.000596402678639,
        "max": 0.583763480186,
        "mean": 0.197269067168,
        "median": 0.168818041682,
        "min": 0.0402086488903,
        "var": 0.00865939632058
    },
    "erbbands_kurtosis": {
        "dmean": 1.63344848156,
        "dmean2": 2.42006134987,
        "dvar": 12.2804145813,
        "dvar2": 19.0190582275,
        "max": 315.860046387,
        "mean": 3.05941963196,
        "median": 1.97958135605,
        "min": -1.85951113701,
        "var": 106.463668823
    },
    "erbbands_skewness": {
        "dmean": 0.374147474766,
        "dmean2": 0.568327724934,
        "dvar": 0.126285433769,
        "dvar2": 0.260914117098,
        "max": 16.519865036,
        "mean": -0.695809543133,
        "median": -0.780107676983,
        "min": -3.83499193192,
        "var": 1.14347922802
    },
    "erbbands_spread": {
        "dmean": 7.30284357071,
        "dmean2": 11.2948255539,
        "dvar": 115.82069397,
        "dvar2": 228.659591675,
        "max": 165.805557251,
        "mean": 27.8041057587,
        "median": 21.0395812988,
        "min": 0.821941316128,
        "var": 520.960327148
    },
    "hfc": {
        "dmean": 11.4245710373,
        "dmean2": 16.4606761932,
        "dvar": 524.631713867,
        "dvar2": 1073.52819824,
        "max": 243.840408325,
        "mean": 21.1172332764,
        "median": 8.02233695984,
        "min": 1.13800755818e-16,
        "var": 1014.72930908
    },
    "melbands_crest": {
        "dmean": 3.90644812584,
        "dmean2": 5.27031421661,
        "dvar": 15.1492099762,
        "dvar2": 26.9249229431,
        "max": 39.9999656677,
        "mean": 20.0549945831,
        "median": 18.6603679657,
        "min": 2.05646157265,
        "var": 97.7360916138
    },
    "melbands_flatness_db": {
        "dmean": 0.0395681522787,
        "dmean2": 0.0488142482936,
        "dvar": 0.0015336839715,
        "dvar2": 0.00239569414407,
        "max": 1,
        "mean": 0.250366181135,
        "median": 0.199070885777,
        "min": 0.00448023341596,
        "var": 0.0300387050956
    },
    "melbands_kurtosis": {
        "dmean": 4389.70751953,
        "dmean2": 6623.19384766,
        "dvar": 51841667072,
        "dvar2": 120483045376,
        "max": 24298836,
        "mean": 5356.67919922,
        "median": 3.76040697098,
        "min": -1.84685146809,
        "var": 64220573696
    },
    "melbands_skewness": {
        "dmean": 2.42521214485,
        "dmean2": 3.16965794563,
        "dvar": 894.849731445,
        "dvar2": 1633.47314453,
        "max": 3383.24536133,
        "mean": 5.88277006149,
        "median": 2.07996320724,
        "min": -1.92115819454,
        "var": 2629.83374023
    },
    "melbands_spread": {
        "dmean": 16.4547901154,
        "dmean2": 23.3230895996,
        "dvar": 457.133117676,
        "dvar2": 844.290466309,
        "max": 205.900726318,
        "mean": 44.8362693787,
        "median": 30.11186409,
        "min": 8.29546570458e-06,
        "var": 1659.3671875
    },
    "pitch_salience": {
        "dmean": 0.0882434248924,
        "dmean2": 0.11813686043,
        "dvar": 0.00828549545258,
        "dvar2": 0.0146302348003,
        "max": 0.908164560795,
        "mean": 0.448730319738,
        "median": 0.488988101482,
        "min": 0.000136404851219,
        "var": 0.0473923496902
    },
    "silence_rate_20dB": {
        "dmean": 0,
        "dmean2": 0,
        "dvar": 0,
        "dvar2": 0,
        "max": 1,
        "mean": 1,
        "median": 1,
        "min": 1,
        "var": 0
    },
    "silence_rate_30dB": {
        "dmean": 0,
        "dmean2": 0,
        "dvar": 0,
        "dvar2": 0,
        "max": 1,
        "mean": 1,
        "median": 1,
        "min": 1,
        "var": 0
    },
    "silence_rate_60dB": {
        "dmean": 0.0339102298021,
        "dmean2": 0.0678252279758,
        "dvar": 0.0327596627176,
        "dvar2": 0.0689942166209,
        "max": 1,
        "mean": 0.21878297627,
        "median": 0,
        "min": 0,
        "var": 0.170910254121
    },
    "spectral_centroid": {
        "dmean": 230.687545776,
        "dmean2": 343.698303223,
        "dvar": 97114.2734375,
        "dvar2": 185942.984375,
        "max": 10534.1386719,
        "mean": 2389.74438477,
        "median": 2654.13989258,
        "min": 53.818649292,
        "var": 975522.5625
    },
    "spectral_complexity": {
        "dmean": 5.22527074814,
        "dmean2": 7.45500612259,
        "dvar": 48.1083335876,
        "dvar2": 89.1486206055,
        "max": 56,
        "mean": 15.7059440613,
        "median": 12,
        "min": 0,
        "var": 207.566864014
    },
    "spectral_decrease": {
        "dmean": 1.33169320016e-09,
        "dmean2": 1.84062520781e-09,
        "dvar": 3.88109751969e-18,
        "dvar2": 6.05870466257e-18,
        "max": 7.87165905517e-19,
        "mean": -3.92268573179e-09,
        "median": -2.70766253863e-09,
        "min": -2.14592716929e-08,
        "var": 1.81985872442e-17
    },
    "spectral_energy": {
        "dmean": 0.00569637585431,
        "dmean2": 0.00810400396585,
        "dvar": 6.34952302789e-05,
        "dvar2": 0.000106926032458,
        "max": 0.082396261394,
        "mean": 0.0167205240577,
        "median": 0.0118599543348,
        "min": 1.06034505577e-20,
        "var": 0.000289512972813
    },
    "spectral_energyband_high": {
        "dmean": 0.00108668906614,
        "dmean2": 0.00152295874432,
        "dvar": 5.76868114877e-06,
        "dvar2": 1.1985576748e-05,
        "max": 0.0286528617144,
        "mean": 0.00177138810977,
        "median": 0.000399431126425,
        "min": 7.85586352439e-21,
        "var": 1.04670571091e-05
    },
    "spectral_energyband_low": {
        "dmean": 0.00443763285875,
        "dmean2": 0.00557496957481,
        "dvar": 5.72381832171e-05,
        "dvar2": 8.2116224803e-05,
        "max": 0.080197326839,
        "mean": 0.0106430230662,
        "median": 0.00473546003923,
        "min": 4.62434490935e-23,
        "var": 0.000254864018643
    },
    "spectral_energyband_middle_high": {
        "dmean": 0.00176345603541,
        "dmean2": 0.00269123679027,
        "dvar": 9.311021131e-06,
        "dvar2": 2.073174619e-05,
        "max": 0.0286943335086,
        "mean": 0.00346809159964,
        "median": 0.00172832678072,
        "min": 1.4507265643e-21,
        "var": 1.97469053091e-05
    },
    "spectral_energyband_middle_low": {
        "dmean": 0.000301325751934,
        "dmean2": 0.000491871905979,
        "dvar": 3.76133584723e-07,
        "dvar2": 1.02260594304e-06,
        "max": 0.00759437866509,
        "mean": 0.000596658908762,
        "median": 0.000315429526381,
        "min": 4.62956893559e-22,
        "var": 5.59261934541e-07
    },
    "spectral_entropy": {
        "dmean": 0.120987340808,
        "dmean2": 0.185296580195,
        "dvar": 0.0167734064162,
        "dvar2": 0.0377132296562,
        "max": 9.81071281433,
        "mean": 7.64701080322,
        "median": 7.91413068771,
        "min": 4.26099967957,
        "var": 0.695500254631
    },
    "spectral_flux": {
        "dmean": 0.0191601365805,
        "dmean2": 0.0285028237849,
        "dvar": 0.000520124682225,
        "dvar2": 0.00112056406215,
        "max": 0.203340485692,
        "mean": 0.0591507963836,
        "median": 0.0551224723458,
        "min": 1.02973060634e-10,
        "var": 0.00167505315039
    },
    "spectral_kurtosis": {
        "dmean": 7.63793182373,
        "dmean2": 13.105717659,
        "dvar": 678.563781738,
        "dvar2": 1932.53979492,
        "max": 801.032409668,
        "mean": 25.8063220978,
        "median": 4.52931499481,
        "min": -1.22680974007,
        "var": 4688.89257812
    },
    "spectral_rms": {
        "dmean": 0.000642257917207,
        "dmean2": 0.000891102710739,
        "dvar": 5.38347080692e-07,
        "dvar2": 8.91085960575e-07,
        "max": 0.00896585732698,
        "mean": 0.00347363320179,
        "median": 0.00340157118626,
        "min": 3.21633800322e-12,
        "var": 4.24657719122e-06
    },
    "spectral_rolloff": {
        "dmean": 994.045959473,
        "dmean2": 1491.14428711,
        "dvar": 2677310.5,
        "dvar2": 5539666.5,
        "max": 19487.5488281,
        "mean": 2614.65551758,
        "median": 2088.72070312,
        "min": 21.533203125,
        "var": 7521251.5
    },
    "spectral_skewness": {
        "dmean": 0.399418860674,
        "dmean2": 0.676674962044,
        "dvar": 0.703462421894,
        "dvar2": 2.0488948822,
        "max": 20.0938587189,
        "mean": 2.37490200996,
        "median": 1.37196016312,
        "min": 0.0449197329581,
        "var": 8.93109893799
    },
    "spectral_spread": {
        "dmean": 586187.1875,
        "dmean2": 868499,
        "dvar": 630613475328,
        "dvar2": 1.26569191834e+12,
        "max": 41034520,
        "mean": 3741474.75,
        "median": 3584644,
        "min": 127731.226562,
        "var": 3.40429163725e+12
    },
    "spectral_strongpeak": {
        "dmean": 0.232664227486,
        "dmean2": 0.401909679174,
        "dvar": 0.476973980665,
        "dvar2": 1.28434896469,
        "max": 11.5691671371,
        "mean": 0.328183919191,
        "median": 0.169052898884,
        "min": 0,
        "var": 0.556695818901
    },
    "zerocrossingrate": {
        "dmean": 0.0199779309332,
        "dmean2": 0.020843937993,
        "dvar": 0.000563044857699,
        "dvar2": 0.000634876312688,
        "max": 0.51513671875,
        "mean": 0.083490498364,
        "median": 0.07080078125,
        "min": 0,
        "var": 0.00444476492703
    },
    "barkbands": {
        "dmean": [0.00104450399522, 0.00390495406464, 0.00063141429564, 0.000203107163543, 5.10411664436e-05, 4.6336840569e-06, 1.84182372323e-05, 5.27045776835e-05, 5.35932776984e-05, 1.9951210561e-05, 4.38365059381e-05, 9.07341673155e-05, 0.000120773038361, 0.000196514549316, 0.000218540139031, 0.000294065830531, 0.000351918279193, 0.000391037174268, 0.000448410661193, 0.000318897858961, 0.000299480510876, 0.000179923226824, 0.000159633433213, 0.000181200084626, 0.000100301280327, 8.19082197268e-05, 2.44699331233e-05],
        "dmean2": [0.00137180148158, 0.00510457670316, 0.00106537039392, 0.000352444447344, 8.48763011163e-05, 7.27560836822e-06, 2.66018087132e-05, 7.7909520769e-05, 8.39022613945e-05, 3.1532948924e-05, 7.25489953766e-05, 0.000152917797095, 0.000201261675102, 0.000325430097291, 0.000351786409738, 0.000487044715555, 0.000579233339522, 0.000607323192526, 0.000694582297001, 0.000492239196319, 0.00047025558888, 0.00026315858122, 0.000229286175454, 0.000257270032307, 0.000150443185703, 0.000132764675072, 4.1626397433e-05],
        "dvar": [2.7638877782e-06, 4.99838533869e-05, 2.24000541493e-06, 2.55443723063e-07, 1.44732448248e-08, 2.87987855785e-10, 2.83901302467e-09, 1.48760959107e-08, 1.35895925624e-08, 2.61738275498e-09, 8.72638672433e-09, 2.66625121981e-08, 4.75191015425e-08, 1.10303282952e-07, 1.34491571657e-07, 2.84789592797e-07, 3.6711054463e-07, 5.38294273156e-07, 8.82379595168e-07, 3.94507139845e-07, 4.84957354274e-07, 1.7841563249e-07, 1.34321581413e-07, 2.76996757975e-07, 5.26219210428e-08, 4.45372911884e-08, 4.97888530404e-09],
        "dvar2": [4.66887559014e-06, 7.40147661418e-05, 6.26647488389e-06, 7.29421344658e-07, 3.95536368103e-08, 6.77923717163e-10, 5.17014164814e-09, 3.02299341115e-08, 3.01566629446e-08, 5.76150682718e-09, 2.39411761527e-08, 7.2562073683e-08, 1.26931112732e-07, 2.93884653502e-07, 3.3914091091e-07, 7.28974441699e-07, 9.00149757399e-07, 1.24066946228e-06, 2.02412434192e-06, 8.72091447945e-07, 1.1688093764e-06, 3.73221155314e-07, 2.60495426119e-07, 5.98216104208e-07, 1.22184161455e-07, 1.08079994732e-07, 1.31571926687e-08],
        "max": [0.0346099510789, 0.0730931460857, 0.0140810646117, 0.00533929280937, 0.00178841396701, 0.00090617290698, 0.00189613131806, 0.00394192058593, 0.00377078610472, 0.00176149141043, 0.00374488765374, 0.0025285857264, 0.00350314122625, 0.00380502338521, 0.0044759074226, 0.0107983527705, 0.00659737084061, 0.0114213796332, 0.00954879727215, 0.00619205320254, 0.00771720008925, 0.005506192334, 0.00633292412385, 0.00626014219597, 0.00286130444147, 0.00258676381782, 0.00106771325227],
        "mean": [0.00159128941596, 0.00847395136952, 0.000843460089527, 0.000266886811005, 7.53821586841e-05, 9.54226834438e-06, 4.15050890297e-05, 9.43879203987e-05, 8.85692279553e-05, 3.30445618602e-05, 6.24268432148e-05, 0.00013359687, 0.000161367628607, 0.000254069193034, 0.000324843567796, 0.000425525387982, 0.000539640081115, 0.000578386418056, 0.000722525524907, 0.000534912222065, 0.000488022662466, 0.000281921908027, 0.000241910864133, 0.000236845298787, 0.000119604381325, 7.71106060711e-05, 1.98092748178e-05],
        "median": [0.000443765660748, 0.00275854347274, 0.000223206036026, 6.43539970042e-05, 2.53519028774e-05, 2.98886993733e-06, 7.40530776966e-06, 2.49777440331e-05, 2.89144845738e-05, 1.10340952233e-05, 2.78063889709e-05, 5.59836444154e-05, 7.14542038622e-05, 0.000111313289381, 0.000135941285407, 0.000174763219547, 0.000191242463188, 0.000190505510545, 0.000198067922611, 0.000137815703056, 0.000101653815364, 5.70194315515e-05, 3.57529461326e-05, 3.10441464535e-05, 1.47177752297e-05, 8.73508724908e-06, 8.97820484624e-07],
        "min": [3.63533232199e-23, 1.80754128905e-23, 1.19384079472e-23, 1.96843846368e-23, 9.2718608723e-23, 1.0560201997e-22, 1.09901173064e-22, 1.59298816222e-23, 9.59675228948e-23, 5.65953488975e-23, 4.35876636591e-23, 1.1455357176e-22, 1.22146440014e-22, 1.31095454828e-22, 1.13231718562e-22, 1.54529571449e-22, 1.22550930021e-22, 1.45265592875e-22, 2.54419405428e-22, 3.47559972693e-22, 5.04086005943e-22, 4.92983236775e-22, 6.43221076733e-22, 1.01617522665e-21, 1.31819278254e-21, 1.55036244817e-21, 2.33302899038e-21],
        "var": [7.50359731683e-06, 0.000197553526959, 2.21921982302e-06, 2.45752659112e-07, 1.77373262744e-08, 1.0187406474e-09, 1.94157703248e-08, 3.84697003142e-08, 3.08419174644e-08, 7.1755503761e-09, 1.21162910816e-08, 4.58237394696e-08, 5.89101745163e-08, 1.37214897222e-07, 2.0317136773e-07, 4.84875442908e-07, 6.70046460982e-07, 9.66842776506e-07, 1.51832648498e-06, 7.49816251755e-07, 8.20809873403e-07, 3.27644471554e-07, 2.81300600591e-07, 3.76359594156e-07, 6.62709922494e-08, 4.01683593054e-08, 3.8365399746e-09]
    },
    "erbbands": {
        "dmean": [0.20761603117, 0.65013217926, 0.779255867004, 0.66643679142, 0.384962975979, 0.0989826619625, 0.0313291996717, 0.0409316457808, 0.168260529637, 0.7006046772, 1.38390278816, 1.10143828392, 0.80984556675, 0.422139436007, 2.40968155861, 3.89863491058, 5.1933927536, 9.16654872894, 10.191655159, 11.1806879044, 17.4418792725, 19.0834255219, 19.2106304169, 26.7504310608, 18.277721405, 14.4786424637, 14.6607170105, 9.05317783356, 7.2241897583, 5.59266996384, 4.07216405869, 4.29606342316, 2.61792063713, 1.33264946938, 0.586185395718, 0.398824453354, 0.136541977525, 0.027243996039, 0.00399092957377, 0.000224180796067],
        "dmean2": [0.24799862504, 0.963790178299, 1.26431894302, 1.09303450584, 0.658424377441, 0.162850916386, 0.0494640544057, 0.0645335763693, 0.246353566647, 1.02076005936, 2.06974196434, 1.74422419071, 1.29096972942, 0.666437208652, 4.00308513641, 6.51337242126, 8.56182193756, 15.0183877945, 16.6267147064, 17.8794727325, 28.2175102234, 31.5236873627, 29.2810096741, 43.2630004883, 27.2011489868, 22.7013301849, 22.7870788574, 14.3712186813, 10.8600759506, 8.40977096558, 5.7978219986, 6.35481834412, 3.64322113991, 1.94613516331, 0.894198775291, 0.641123533249, 0.220828026533, 0.0455574132502, 0.00671128369868, 0.000382352765882],
        "dvar": [0.174685865641, 1.30949735641, 2.96971082687, 2.11511826515, 0.935537993908, 0.047161038965, 0.00879360735416, 0.0244724266231, 0.239993542433, 2.90588665009, 9.9328584671, 5.4895772934, 3.94131994247, 0.882645845413, 26.8941993713, 50.3280258179, 82.7922592163, 228.30897522, 316.476074219, 353.124664307, 1086.93469238, 1109.8125, 1206.72558594, 3442.46240234, 1104.16052246, 899.70123291, 1157.14331055, 432.428100586, 317.300445557, 166.078475952, 87.0385894775, 162.415542603, 52.7730827332, 9.15325927734, 1.91121792793, 1.01831448078, 0.122808590531, 0.00626681325957, 0.000125376493088, 3.90327244304e-07],
        "dvar2": [0.218722552061, 2.59693717957, 7.97082948685, 5.73767280579, 2.63644099236, 0.125981420279, 0.0211339108646, 0.0621667578816, 0.465097367764, 6.13938713074, 20.9893894196, 12.7540540695, 8.89853668213, 1.85959339142, 75.1627120972, 135.067321777, 218.367233276, 600.642456055, 783.932617188, 921.050109863, 2772.85180664, 2794.97998047, 2676.97460938, 8716.74707031, 2309.45263672, 1996.52709961, 2703.76489258, 1038.42407227, 694.059326172, 362.877868652, 162.355743408, 360.166473389, 108.415802002, 20.7119159698, 4.48858737946, 2.42041015625, 0.298072904348, 0.0161204766482, 0.000329337432049, 1.03814170416e-06],
        "max": [3.97634744644, 13.2047929764, 17.2529697418, 17.4661579132, 10.650636673, 3.12311697006, 5.21516132355, 9.55843639374, 18.8330345154, 62.980091095, 99.6352386475, 72.7266082764, 70.0682907104, 38.087802887, 222.249099731, 122.314056396, 147.823287964, 187.739089966, 214.153717041, 268.535491943, 439.249267578, 328.629943848, 773.399230957, 551.709655762, 340.576049805, 294.192321777, 346.492095947, 218.924331665, 233.8724823, 205.91355896, 165.735794067, 155.902709961, 75.727935791, 37.6015090942, 16.7622108459, 10.7508621216, 4.41161775589, 2.51935839653, 0.158832326531, 0.0078964298591],
        "mean": [0.398206442595, 1.27325451374, 1.13751769066, 1.07307076454, 0.52803337574, 0.159424826503, 0.0611732080579, 0.0858274325728, 0.392944812775, 1.3006926775, 2.41276955605, 1.83437466621, 1.34619724751, 0.834548592567, 3.55131030083, 5.95612478256, 7.49543952942, 12.6189346313, 15.2184429169, 17.7062664032, 26.1653327942, 29.0012874603, 30.0539798737, 39.6508560181, 31.4697761536, 24.2626266479, 24.4623832703, 14.7553625107, 10.8695697784, 8.37957286835, 6.4490685463, 5.61712741852, 3.49297094345, 1.65074825287, 0.676345586777, 0.400009781122, 0.124920815229, 0.0232351068407, 0.00333692319691, 0.000198093199288],
        "median": [0.0644594430923, 0.565109670162, 0.480491161346, 0.32856297493, 0.166425392032, 0.0661900341511, 0.0265777017921, 0.0294093191624, 0.0828739255667, 0.328450918198, 0.629182934761, 0.669632732868, 0.528017759323, 0.396292150021, 1.69668149948, 2.57749128342, 3.70273113251, 6.03993940353, 7.14817285538, 8.77937030792, 10.3998241425, 10.7861461639, 10.3550224304, 11.4100313187, 8.78242111206, 6.26734876633, 5.19585132599, 3.16066360474, 2.1669588089, 1.59291028976, 0.928731441498, 0.662028849125, 0.476471662521, 0.228025868535, 0.0714293196797, 0.0485220812261, 0.012499759905, 0.00169069285039, 0.000185402561328, 3.61732563761e-05],
        "min": [7.46105855848e-22, 3.47943871537e-21, 1.26671345157e-20, 4.41127439674e-20, 1.70486266945e-19, 3.04535874143e-19, 6.57430794847e-19, 9.38478177562e-19, 1.38349266172e-18, 9.43787126131e-19, 5.9413214264e-19, 2.5122637392e-18, 2.12983539455e-18, 1.44353098154e-18, 1.71031637463e-18, 5.90888819157e-18, 5.88853582618e-18, 5.84608036765e-18, 6.00260444625e-18, 6.91700298259e-18, 9.24130977992e-18, 7.83644525271e-18, 8.19265486708e-18, 1.00581158932e-17, 1.53437636115e-17, 1.63330782416e-17, 2.06770850572e-17, 1.71486981779e-17, 1.83898975763e-17, 1.97407414192e-17, 1.65580647507e-17, 2.04595084319e-17, 1.67566327655e-17, 1.41650692889e-17, 9.69183783645e-18, 5.30728138642e-18, 2.87042756776e-18, 1.33872647415e-18, 3.50215010616e-19, 3.40784195205e-20],
        "var": [0.647074580193, 3.45098543167, 3.38427066803, 2.87770938873, 0.922361075878, 0.0668506845832, 0.0252465661615, 0.0720963999629, 1.40038394928, 8.21294307709, 23.7979660034, 11.2102994919, 9.94218254089, 3.48950123787, 35.6985321045, 90.1404953003, 109.423988342, 305.072662354, 443.011352539, 567.117614746, 1734.97302246, 1867.09790039, 2370.94287109, 4982.14990234, 2457.5559082, 1603.15002441, 2061.89990234, 709.730102539, 515.906066895, 297.040802002, 202.876098633, 215.191207886, 76.8725128174, 12.3892660141, 2.28910493851, 0.980595231056, 0.109784454107, 0.00504065165296, 9.83659847407e-05, 2.94522521926e-07]
    },
    "gfcc": {
        "mean": [-120.100799561, 47.9376754761, -123.406463623, 44.0385780334, -14.9045114517, 32.325920105, -12.147190094, 20.6202297211, -8.25826358795, 8.72626495361, -11.4797000885, -9.14071464539, -16.9605484009],
        "cov": [[45483.6835938, -11689.2392578, -2387.39160156, 10245.6142578, 679.319946289, 2287.8293457, -574.645507812, 1930.61901855, -848.601806641, 270.275756836, -1592.51159668, -313.393005371, -1904.015625], [-11689.2392578, 7304.97753906, 788.120361328, -3811.86132812, 26.1469593048, -962.09588623, 248.218475342, -667.259338379, 375.302093506, -279.339813232, 571.396606445, 1.86443150043, 748.101806641], [-2387.39160156, 788.120361328, 1559.15551758, -473.678314209, 191.111785889, -8.81590747833, 41.4866867065, -34.9822387695, 126.843063354, -58.1458473206, 23.5063476562, 121.468544006, 126.937713623], [10245.6142578, -3811.86132812, -473.678314209, 3722.21923828, 379.928649902, 812.846008301, -6.37345409393, 596.249694824, -130.926651001, 103.377876282, -318.419616699, -74.5579681396, -420.501586914], [679.319946289, 26.1469593048, 191.111785889, 379.928649902, 506.866516113, 142.471359253, 149.944854736, 76.0305709839, 101.197341919, -10.5927267075, 21.3407917023, 13.8921489716, 15.2908391953], [2287.8293457, -962.09588623, -8.81590747833, 812.846008301, 142.471359253, 384.521118164, 26.6900119781, 196.343811035, -4.90207052231, 49.8641395569, -62.5808525085, 5.24191093445, -91.6909408569], [-574.645507812, 248.218475342, 41.4866867065, -6.37345409393, 149.944854736, 26.6900119781, 186.457397461, 35.1696777344, 84.3049621582, 18.4213161469, 67.7444381714, 7.08823394775, 55.7317352295], [1930.61901855, -667.259338379, -34.9822387695, 596.249694824, 76.0305709839, 196.343811035, 35.1696777344, 225.411132812, 25.2130813599, 66.2529830933, -47.7039222717, 4.63058853149, -79.8880691528], [-848.601806641, 375.302093506, 126.843063354, -130.926651001, 101.197341919, -4.90207052231, 84.3049621582, 25.2130813599, 165.897613525, 18.9495429993, 93.5119247437, 25.4864044189, 75.6826553345], [270.275756836, -279.339813232, -58.1458473206, 103.377876282, -10.5927267075, 49.8641395569, 18.4213161469, 66.2529830933, 18.9495429993, 119.022972107, 16.9524898529, 15.5602903366, -37.3380699158], [-1592.51159668, 571.396606445, 23.5063476562, -318.419616699, 21.3407917023, -62.5808525085, 67.7444381714, -47.7039222717, 93.5119247437, 16.9524898529, 163.750015259, 35.7253112793, 124.93863678], [-313.393005371, 1.86443150043, 121.468544006, -74.5579681396, 13.8921489716, 5.24191093445, 7.08823394775, 4.63058853149, 25.4864044189, 15.5602903366, 35.7253112793, 87.7593841553, 52.5845222473], [-1904.015625, 748.101806641, 126.937713623, -420.501586914, 15.2908391953, -91.6909408569, 55.7317352295, -79.8880691528, 75.6826553345, -37.3380699158, 124.93863678, 52.5845222473, 195.624679565]],
        "icov": [[0.000102403209894, -5.33957900188e-05, 0.000109259606688, -0.000196150445845, -6.09233829891e-05, -1.31503411467e-05, 0.000199500922463, -0.000321977073327, 5.74449659325e-05, 0.000130448039272, 0.000336082710419, -0.000357737531886, 0.000402822595788], [-5.33957900188e-05, 0.000561018183362, -0.00016783727915, 0.000478140311316, -0.000248413532972, 0.000404022663133, -0.000134252855787, -0.000105521801743, -0.000130793632707, 0.000442286982434, -0.000766685581766, 0.00138094392605, -0.00107103190385], [0.000109259606688, -0.00016783727915, 0.00103689078242, -0.000103320955532, -0.000317355967127, -0.000332019029884, 0.000366514315829, -0.000230834790273, -0.000649265362881, 0.000378571596229, 0.00143343955278, -0.00175464630593, 0.000360459525837], [-0.000196150445845, 0.000478140311316, -0.000103320955532, 0.00140045734588, -0.00048559816787, -0.000482969568111, -0.000170759056346, -0.000739654176868, 0.000223206225201, 0.000498906942084, -0.000915637123398, 0.00155531673227, -0.00092649157159], [-6.09233829891e-05, -0.000248413532972, -0.000317355967127, -0.00048559816787, 0.00372123671696, -0.000991430249996, -0.00262297596782, 0.00139822764322, -0.00163604842965, 0.0007851353148, 0.000408661027905, -0.000917208672035, 0.000850185402669], [-1.31503411467e-05, 0.000404022663133, -0.000332019029884, -0.000482969568111, -0.000991430249996, 0.00644865585491, 8.46415568958e-05, -0.00329873291776, 0.000906946021132, 2.30484092754e-05, -0.000990493223071, 0.000424968864536, -0.000595074146986], [0.000199500922463, -0.000134252855787, 0.000366514315829, -0.000170759056346, -0.00262297596782, 8.46415568958e-05, 0.00999256689101, -0.00266106240451, -0.00103057723027, -0.00107804418076, -0.00112296268344, 0.00156179803889, -0.00134821108077], [-0.000321977073327, -0.000105521801743, -0.000230834790273, -0.000739654176868, 0.00139822764322, -0.00329873291776, -0.00266106240451, 0.0140561303124, -0.00448100594804, -0.00439649960026, 0.00276514352299, -0.00111206993461, 9.98257382889e-05], [5.74449659325e-05, -0.000130793632707, -0.000649265362881, 0.000223206225201, -0.00163604842965, 0.000906946021132, -0.00103057723027, -0.00448100594804, 0.0130330491811, -0.000338334328262, -0.00593874091282, 0.000852422148455, -0.000566004368011], [0.000130448039272, 0.000442286982434, 0.000378571596229, 0.000498906942084, 0.0007851353148, 2.30484092754e-05, -0.00107804418076, -0.00439649960026, -0.000338334328262, 0.0149861387908, -0.00588288949803, -0.00355041818693, 0.00656897528097], [0.000336082710419, -0.000766685581766, 0.00143343955278, -0.000915637123398, 0.000408661027905, -0.000990493223071, -0.00112296268344, 0.00276514352299, -0.00593874091282, -0.00588288949803, 0.0210626497865, -0.00310800550506, -0.00718417577446], [-0.000357737531886, 0.00138094392605, -0.00175464630593, 0.00155531673227, -0.000917208672035, 0.000424968864536, 0.00156179803889, -0.00111206993461, 0.000852422148455, -0.00355041818693, -0.00310800550506, 0.0213285591453, -0.00966490618885], [0.000402822595788, -0.00107103190385, 0.000360459525837, -0.00092649157159, 0.000850185402669, -0.000595074146986, -0.00134821108077, 9.98257382889e-05, -0.000566004368011, 0.00656897528097, -0.00718417577446, -0.00966490618885, 0.0196413844824]]
    },
    "melbands": {
        "dmean": [0.00138445396442, 0.000481794937514, 0.000105801525933, 1.60165145644e-05, 1.26766678932e-06, 9.99620851871e-07, 2.90738807962e-06, 8.42807912704e-06, 1.26643053591e-05, 6.59357601762e-06, 3.98017346015e-06, 1.49052675624e-06, 6.45481895845e-06, 8.83991833689e-06, 1.22295587062e-05, 1.25865226437e-05, 1.8795239157e-05, 1.61161860888e-05, 1.75553850568e-05, 1.82532039616e-05, 2.14566971408e-05, 2.12759277929e-05, 1.75345212483e-05, 2.12257509702e-05, 2.36789383052e-05, 1.40289666888e-05, 1.17234721984e-05, 9.98241375783e-06, 1.01333980638e-05, 7.68282734498e-06, 4.7126904974e-06, 3.97730264012e-06, 3.99267264584e-06, 3.14672388413e-06, 2.53952134699e-06, 2.19580215344e-06, 2.86641875391e-06, 2.08933329304e-06, 1.20075480936e-06, 1.18551247397e-06],
        "dmean2": [0.00172825204208, 0.000730649568141, 0.0001732292003, 2.70291275228e-05, 2.04472235055e-06, 1.58414786711e-06, 4.12621238866e-06, 1.22905048556e-05, 1.90305745491e-05, 1.05337812784e-05, 6.35949982097e-06, 2.35768266066e-06, 1.07283203761e-05, 1.47776481754e-05, 2.03512008738e-05, 2.10691814573e-05, 3.10094837914e-05, 2.66793012997e-05, 2.80882723018e-05, 2.98969916912e-05, 3.49195070157e-05, 3.5654677049e-05, 2.89026284008e-05, 3.30588700308e-05, 3.91659668821e-05, 2.04967236641e-05, 1.87432215171e-05, 1.57205449796e-05, 1.57210397447e-05, 1.20300201161e-05, 7.55173459766e-06, 5.95660367253e-06, 6.20554419584e-06, 4.78799802295e-06, 3.72992280973e-06, 3.20135882248e-06, 4.28076418757e-06, 2.96475263895e-06, 1.66433562754e-06, 1.82995984233e-06],
        "dvar": [6.8952303991e-06, 7.34906166144e-07, 5.24586312167e-08, 1.50885670624e-09, 8.55737442712e-12, 1.35476621241e-11, 7.34224764321e-11, 4.18766021859e-10, 8.34314561882e-10, 1.97913629929e-10, 9.69486574354e-11, 1.23316374473e-11, 1.95792160262e-10, 2.71380362626e-10, 4.73860506389e-10, 5.65333946323e-10, 9.81122072474e-10, 8.5309143083e-10, 8.95482188401e-10, 1.14362819215e-09, 1.88457449646e-09, 1.45206080493e-09, 1.01005048769e-09, 1.99772509646e-09, 2.82019496645e-09, 7.19531434434e-10, 4.67984373476e-10, 4.37427621902e-10, 5.57650314814e-10, 2.98979535573e-10, 1.08237106777e-10, 9.49841316711e-11, 9.79860637074e-11, 5.10111050622e-11, 3.36787750466e-11, 3.42985743973e-11, 7.36893462916e-11, 3.62194198245e-11, 7.93597045717e-12, 8.65277988149e-12],
        "dvar2": [9.3445296443e-06, 1.65409187503e-06, 1.40236991797e-07, 4.18218082388e-09, 2.13434183521e-11, 3.33244438988e-11, 1.2729957366e-10, 8.65723603916e-10, 1.76417225273e-09, 4.62512056432e-10, 2.18182305556e-10, 2.51952712166e-11, 5.47521583627e-10, 7.34261873525e-10, 1.26351162866e-09, 1.53654999835e-09, 2.61307375737e-09, 2.15878337428e-09, 2.31395103079e-09, 2.91807777941e-09, 4.85783946402e-09, 3.7133880415e-09, 2.54056309323e-09, 4.67775640445e-09, 7.43232231315e-09, 1.39355560425e-09, 1.12773246297e-09, 9.68652713595e-10, 1.3132179788e-09, 7.27325477623e-10, 2.55333310051e-10, 2.02859826159e-10, 2.27990057389e-10, 1.13737415319e-10, 6.85435180836e-11, 6.58639462414e-11, 1.66916327982e-10, 7.67325092355e-11, 1.50923874093e-11, 2.12286594553e-11],
        "max": [0.0261528063565, 0.00996014755219, 0.00257223192602, 0.000463146076072, 0.000138819756103, 0.000204016643693, 0.000298558064969, 0.000801288988441, 0.000831194862258, 0.000476714340039, 0.000345724925864, 0.000140992910019, 0.000592882395722, 0.000413256842876, 0.000370915135136, 0.000430827989476, 0.000426160957431, 0.000400564604206, 0.00037007467472, 0.000927706307266, 0.000452970532933, 0.000397614378016, 0.000596736150328, 0.00043525340152, 0.000501045607962, 0.000288749230094, 0.000282885448541, 0.000205882432056, 0.000277919578366, 0.000254014303209, 0.000145926009282, 0.00013919857156, 0.000106332074211, 0.000125270496937, 0.000106287610834, 6.11557261436e-05, 0.000115661328891, 6.25106113148e-05, 4.11737382819e-05, 3.51169910573e-05],
        "mean": [0.00288852397352, 0.000954620365519, 0.000171444407897, 2.26393312914e-05, 2.34956451095e-06, 2.04565185413e-06, 6.89697708367e-06, 1.52312359205e-05, 2.13786024688e-05, 1.07454525278e-05, 6.45315003567e-06, 2.74579133475e-06, 9.28780445975e-06, 1.35220398079e-05, 1.77049660124e-05, 1.62523610925e-05, 2.48280248343e-05, 2.24624818657e-05, 2.57272949966e-05, 2.74883932434e-05, 3.07371810777e-05, 3.05982248392e-05, 2.64113477897e-05, 2.96852813335e-05, 3.31166374963e-05, 2.37301555899e-05, 1.86424913409e-05, 1.59546962095e-05, 1.61033149197e-05, 1.2424077795e-05, 7.24844858269e-06, 6.07698393651e-06, 5.46756882613e-06, 4.50538209407e-06, 3.83442693419e-06, 3.23907602251e-06, 3.55294832843e-06, 2.67539712695e-06, 1.68531050804e-06, 1.32613354253e-06],
        "median": [0.000760326569434, 0.00056142709218, 5.46386145288e-05, 7.26791631678e-06, 9.91101273939e-07, 6.22666732397e-07, 1.24417306324e-06, 3.77360674975e-06, 5.1459774113e-06, 3.98512293032e-06, 2.38499910665e-06, 1.04078071672e-06, 4.36753589383e-06, 6.07151696386e-06, 8.04113278718e-06, 6.78778587826e-06, 1.08746262413e-05, 1.00209754237e-05, 1.05824447019e-05, 1.20319564303e-05, 1.09308157334e-05, 1.05391827674e-05, 9.65968683886e-06, 8.67120797921e-06, 9.19294598134e-06, 6.26568726148e-06, 5.20782214153e-06, 3.9027290768e-06, 3.43028864336e-06, 2.38516804529e-06, 1.57154306635e-06, 1.19388062103e-06, 9.94608058136e-07, 8.15284124656e-07, 5.63055380098e-07, 3.67214170183e-07, 4.03212766287e-07, 3.42206476489e-07, 2.62307196408e-07, 1.5890651639e-07],
        "min": [6.5207455418e-24, 5.75181599621e-24, 1.04625667338e-23, 1.76521353723e-23, 2.2187236763e-23, 1.99807344354e-23, 2.27361198699e-23, 8.52731896159e-24, 5.92570145011e-24, 1.58620742943e-23, 1.03192228187e-23, 5.82675344347e-24, 5.94632227417e-24, 1.13049944499e-23, 1.43430263802e-23, 1.21589568902e-23, 1.11108723472e-23, 1.05157785573e-23, 7.99508555289e-24, 9.30836225524e-24, 1.12131095094e-23, 8.39174217098e-24, 6.15874003341e-24, 7.89715557126e-24, 8.10192335187e-24, 9.38562250344e-24, 1.3922074424e-23, 9.55771724308e-24, 1.4366240979e-23, 8.47554680924e-24, 1.04175409199e-23, 1.00291586638e-23, 9.7914425298e-24, 1.22097003679e-23, 8.71023766171e-24, 1.02050328361e-23, 1.40659736972e-23, 1.23465779902e-23, 9.80849139168e-24, 1.27478423448e-23],
        "var": [2.68479852821e-05, 1.54376834871e-06, 7.00875517623e-08, 1.65956148823e-09, 2.22643761066e-11, 4.66200515692e-11, 5.15654852151e-10, 1.08135811416e-09, 1.95439642248e-09, 3.9685776887e-10, 2.44837650154e-10, 5.25569171517e-11, 2.5153965022e-10, 4.79489115079e-10, 7.01257163449e-10, 6.68075927912e-10, 1.30077559835e-09, 1.0955566454e-09, 1.36453404131e-09, 2.21331686312e-09, 2.73958611352e-09, 2.33099162195e-09, 1.55628609999e-09, 3.16793813404e-09, 3.73104303009e-09, 1.60186952591e-09, 8.89660123349e-10, 7.63741958565e-10, 9.32247723462e-10, 5.59111978937e-10, 1.77539316581e-10, 1.60525481796e-10, 1.45328860057e-10, 8.7131253601e-11, 7.31397511999e-11, 6.02614971812e-11, 9.22097675993e-11, 4.94954389973e-11, 1.37579886719e-11, 9.22333737163e-12]
    },
    "mfcc": {
        "mean": [-730.575012207, 57.9104728699, -19.4847812653, 31.9438304901, 22.3677654266, 24.1279716492, 19.6906890869, 17.1958408356, 14.8798131943, 19.8523921967, 15.2083969116, 12.0766925812, 3.19754862785],
        "cov": [[21493.5800781, -3865.69604492, -2296.53417969, 2847.83227539, 1926.03149414, 1169.27844238, 622.902038574, 731.114135742, 535.786132812, 506.864013672, 354.191558838, 382.309631348, -87.9084014893], [-3865.69604492, 3460.87573242, 715.817443848, -879.532714844, -581.583679199, -282.515136719, -127.605857849, -241.418548584, -107.94354248, -48.1762084961, -59.4693946838, -106.400413513, 30.7426548004], [-2296.53417969, 715.817443848, 883.028747559, -321.068969727, -220.673370361, -145.991287231, -66.4819030762, -51.4849319458, -27.876958847, -73.0979309082, -39.3580436707, -55.3920173645, 9.33839511871], [2847.83227539, -879.532714844, -321.068969727, 1045.01708984, 571.717895508, 306.795227051, 175.156768799, 237.493927002, 170.671554565, 96.4605789185, 61.5741882324, 101.609100342, -3.4966917038], [1926.03149414, -581.583679199, -220.673370361, 571.717895508, 527.385681152, 306.769958496, 165.678375244, 194.144515991, 140.437072754, 91.4896087646, 82.5997848511, 75.7668304443, 4.59820747375], [1169.27844238, -282.515136719, -145.991287231, 306.795227051, 306.769958496, 271.883087158, 146.338684082, 136.984054565, 96.7960662842, 70.9409484863, 66.5375900269, 63.7449188232, 17.6620883942], [622.902038574, -127.605857849, -66.4819030762, 175.156768799, 165.678375244, 146.338684082, 148.140411377, 98.9035263062, 70.5950775146, 57.2692146301, 38.238079071, 32.7527580261, 15.9097700119], [731.114135742, -241.418548584, -51.4849319458, 237.493927002, 194.144515991, 136.984054565, 98.9035263062, 156.159179688, 101.120491028, 58.2917938232, 51.4100837708, 43.2438468933, 6.07810926437], [535.786132812, -107.94354248, -27.876958847, 170.671554565, 140.437072754, 96.7960662842, 70.5950775146, 101.120491028, 114.783752441, 65.2136917114, 53.0172309875, 37.2823486328, 11.6108207703], [506.864013672, -48.1762084961, -73.0979309082, 96.4605789185, 91.4896087646, 70.9409484863, 57.2692146301, 58.2917938232, 65.2136917114, 105.855300903, 69.3786392212, 44.1311264038, 13.0913696289], [354.191558838, -59.4693946838, -39.3580436707, 61.5741882324, 82.5997848511, 66.5375900269, 38.238079071, 51.4100837708, 53.0172309875, 69.3786392212, 102.437149048, 58.7730979919, 23.6746196747], [382.309631348, -106.400413513, -55.3920173645, 101.609100342, 75.7668304443, 63.7449188232, 32.7527580261, 43.2438468933, 37.2823486328, 44.1311264038, 58.7730979919, 87.6275558472, 40.4663391113], [-87.9084014893, 30.7426548004, 9.33839511871, -3.4966917038, 4.59820747375, 17.6620883942, 15.9097700119, 6.07810926437, 11.6108207703, 13.0913696289, 23.6746196747, 40.4663391113, 67.2075576782]],
