{
"lowlevel": {
    "average_loudness": 0.555625677109,
    "barkbands_crest": {
        "dmean": 3.31101989746,
        "dmean2": 5.67587709427,
        "dvar": 8.57339286804,
        "dvar2": 24.47722435,
        "max": 26.2473583221,
        "mean": 13.5033454895,
        "median": 13.1057081223,
        "min": 2.2381966114,
        "var": 20.3407154083
    },
    "barkbands_flatness_db": {
        "dmean": 0.0254112575203,
        "dmean2": 0.0429251901805,
        "dvar": 0.000529810262378,
        "dvar2": 0.00151683657896,
        "max": 0.54055583477,
        "mean": 0.252054899931,
        "median": 0.236281350255,
        "min": 0.0248367525637,
        "var": 0.00854734797031
    },
    "barkbands_kurtosis": {
        "dmean": 5.43764829636,
        "dmean2": 9.13349246979,
        "dvar": 90.3196182251,
        "dvar2": 254.879013062,
        "max": 235.695739746,
        "mean": 9.69246387482,
        "median": 3.86702537537,
        "min": -1.85838258266,
        "var": 232.90423584
    },
    "barkbands_skewness": {
        "dmean": 0.72644340992,
        "dmean2": 1.2022228241,
        "dvar": 0.508502423763,
        "dvar2": 1.41792464256,
        "max": 12.9604377747,
        "mean": 2.05544924736,
        "median": 1.69519197941,
        "min": -3.69303154945,
        "var": 2.76061367989
    },
    "barkbands_spread": {
        "dmean": 2.8327729702,
        "dmean2": 4.73360061646,
        "dvar": 18.3944091797,
        "dvar2": 52.6297073364,
        "max": 105.491035461,
        "mean": 10.2975234985,
        "median": 8.22185611725,
        "min": 0.210413038731,
        "var": 74.1333618164
    },
    "dissonance": {
        "dmean": 0.0371907614172,
        "dmean2": 0.0631409958005,
        "dvar": 0.00132594304159,
        "dvar2": 0.00369804631919,
        "max": 0.499999970198,
        "mean": 0.40556588769,
        "median": 0.420251011848,
        "min": 0.0989600792527,
        "var": 0.00421511521563
    },
    "dynamic_complexity": 4.72379493713,
    "erbbands_crest": {
        "dmean": 2.47018408775,
        "dmean2": 3.98493695259,
        "dvar": 5.05558443069,
        "dvar2": 12.8046855927,
        "max": 28.9005012512,
        "mean": 12.4465408325,
        "median": 11.7503557205,
        "min": 2.4023976326,
        "var": 22.8346691132
    },
    "erbbands_flatness_db": {
        "dmean": 0.0163118205965,
        "dmean2": 0.0255038570613,
        "dvar": 0.000230444886256,
        "dvar2": 0.000547133618966,
        "max": 0.516713202,
        "mean": 0.224336519837,
        "median": 0.21017755568,
        "min": 0.0430573150516,
        "var": 0.00702531356364
    },
    "erbbands_kurtosis": {
        "dmean": 1.70394802094,
        "dmean2": 2.796636343,
        "dvar": 7.05276584625,
        "dvar2": 18.3628406525,
        "max": 96.2899246216,
        "mean": 3.07150292397,
        "median": 1.39759111404,
        "min": -1.82196879387,
        "var": 24.9825019836
    },
    "erbbands_skewness": {
        "dmean": 0.435527354479,
        "dmean2": 0.702620685101,
        "dvar": 0.155233308673,
        "dvar2": 0.416057765484,
        "max": 6.19525527954,
        "mean": 0.560558080673,
        "median": 0.578210711479,
        "min": -3.93058276176,
        "var": 0.90220272541
    },
    "erbbands_spread": {
        "dmean": 5.48631906509,
        "dmean2": 8.94168376923,
        "dvar": 47.6667747498,
        "dvar2": 123.572906494,
        "max": 155.739852905,
        "mean": 23.9706573486,
        "median": 19.0535621643,
        "min": 0.727569818497,
        "var": 306.712585449
    },
    "hfc": {
        "dmean": 3.14206886292,
        "dmean2": 5.01254463196,
        "dvar": 21.2284603119,
        "dvar2": 52.4035873413,
        "max": 142.18586731,
        "mean": 14.0692834854,
        "median": 11.1559514999,
        "min": 1.21102100414e-16,
        "var": 152.314605713
    },
    "melbands_crest": {
        "dmean": 3.79813766479,
        "dmean2": 6.41307640076,
        "dvar": 10.3048372269,
        "dvar2": 28.2046108246,
        "max": 33.1106452942,
        "mean": 18.1534614563,
        "median": 17.7813796997,
        "min": 1.86855769157,
        "var": 37.7743835449
    },
    "melbands_flatness_db": {
        "dmean": 0.0300574395806,
        "dmean2": 0.0507986843586,
        "dvar": 0.000778677116614,
        "dvar2": 0.00218173419125,
        "max": 0.663841426373,
        "mean": 0.362553447485,
        "median": 0.351346105337,
        "min": 0.00559579301625,
        "var": 0.0117227621377
    },
    "melbands_kurtosis": {
        "dmean": 9.32537269592,
        "dmean2": 15.5307035446,
        "dvar": 268.95489502,
        "dvar2": 749.063293457,
        "max": 481.312744141,
        "mean": 15.8711414337,
        "median": 6.4287519455,
        "min": -1.84810125828,
        "var": 636.083190918
    },
    "melbands_skewness": {
        "dmean": 0.881627738476,
        "dmean2": 1.4564306736,
        "dvar": 0.800220906734,
        "dvar2": 2.2106025219,
        "max": 17.451335907,
        "mean": 2.61711907387,
        "median": 2.21273851395,
        "min": -3.2023332119,
        "var": 3.46714997292
    },
    "melbands_spread": {
        "dmean": 3.67396807671,
        "dmean2": 6.16524934769,
        "dvar": 41.1459274292,
        "dvar2": 113.888832092,
        "max": 133.100494385,
        "mean": 10.9917936325,
        "median": 8.49105548859,
        "min": 0.528163969517,
        "var": 122.105857849
    },
    "pitch_salience": {
        "dmean": 0.0748263075948,
        "dmean2": 0.126654326916,
        "dvar": 0.004696208518,
        "dvar2": 0.0135774761438,
        "max": 0.895496547222,
        "mean": 0.442594587803,
        "median": 0.443006128073,
        "min": 0.0828268304467,
        "var": 0.0107339471579
    },
    "silence_rate_20dB": {
        "dmean": 0,
        "dmean2": 0,
        "dvar": 0,
        "dvar2": 0,
        "max": 1,
        "mean": 1,
        "median": 1,
        "min": 1,
        "var": 0
    },
    "silence_rate_30dB": {
        "dmean": 0.0501960776746,
        "dmean2": 0.100400030613,
        "dvar": 0.0476711913943,
        "dvar2": 0.112619422376,
        "max": 1,
        "mean": 0.930672109127,
        "median": 1,
        "min": 0,
        "var": 0.0645276904106
    },
    "silence_rate_60dB": {
        "dmean": 0.00454901950434,
        "dmean2": 0.00909875240177,
        "dvar": 0.00452825380489,
        "dvar2": 0.0113692237064,
        "max": 1,
        "mean": 0.104227118194,
        "median": 0,
        "min": 0,
        "var": 0.0933649465442
    },
    "spectral_centroid": {
        "dmean": 101.879837036,
        "dmean2": 170.254455566,
        "dvar": 25279.5507812,
        "dvar2": 62568.3164062,
        "max": 10841.5371094,
        "mean": 627.892150879,
        "median": 514.424682617,
        "min": 169.27796936,
        "var": 211771.78125
    },
    "spectral_complexity": {
        "dmean": 1.49788236618,
        "dmean2": 2.57024073601,
        "dvar": 1.9565384388,
        "dvar2": 5.28286218643,
        "max": 36,
        "mean": 9.36687278748,
        "median": 9,
        "min": 0,
        "var": 22.3638019562
    },
    "spectral_decrease": {
        "dmean": 4.73535211043e-09,
        "dmean2": 8.15069256532e-09,
        "dvar": 4.05175033946e-17,
        "dvar2": 1.17268786637e-16,
        "max": 6.91719331685e-17,
        "mean": -1.21913892315e-08,
        "median": -1.04372697152e-08,
        "min": -8.18530949687e-08,
        "var": 9.85415102127e-17
    },
    "spectral_energy": {
        "dmean": 0.0180696211755,
        "dmean2": 0.0310757011175,
        "dvar": 0.000585825473536,
        "dvar2": 0.0016949204728,
        "max": 0.311169952154,
        "mean": 0.0472890883684,
        "median": 0.0406122989953,
        "min": 1.04411567522e-20,
        "var": 0.001465550391
    },
    "spectral_energyband_high": {
        "dmean": 6.33530726191e-05,
        "dmean2": 0.00010476395255,
        "dvar": 1.09168098561e-07,
        "dvar2": 2.87650692599e-07,
        "max": 0.0139918280765,
        "mean": 0.000133597568492,
        "median": 4.24947065767e-05,
        "min": 7.71824377335e-21,
        "var": 1.34016886477e-07
    },
    "spectral_energyband_low": {
        "dmean": 0.0152742741629,
        "dmean2": 0.0266136527061,
        "dvar": 0.000584306544624,
        "dvar2": 0.00170656340197,
        "max": 0.302193343639,
        "mean": 0.0272304303944,
        "median": 0.0196181293577,
        "min": 5.04818283433e-23,
        "var": 0.000828853459097
    },
    "spectral_energyband_middle_high": {
        "dmean": 0.00072392099537,
        "dmean2": 0.00112898764201,
        "dvar": 4.68125108455e-06,
        "dvar2": 1.12789221021e-05,
        "max": 0.0728601440787,
        "mean": 0.00214976398274,
        "median": 0.000561646185815,
        "min": 1.29862267071e-21,
        "var": 2.13386047108e-05
    },
    "spectral_energyband_middle_low": {
        "dmean": 0.00629600510001,
        "dmean2": 0.0101871620864,
        "dvar": 5.97509060754e-05,
        "dvar2": 0.000155633853865,
        "max": 0.207679435611,
        "mean": 0.0232356600463,
        "median": 0.0185592658818,
        "min": 2.84473592278e-22,
        "var": 0.000397125957534
    },
    "spectral_entropy": {
        "dmean": 0.148496031761,
        "dmean2": 0.239505797625,
        "dvar": 0.0209246538579,
        "dvar2": 0.0526423491538,
        "max": 9.81093406677,
        "mean": 6.55593013763,
        "median": 6.60506057739,
        "min": 3.94857549667,
        "var": 0.504304051399
    },
    "spectral_flux": {
        "dmean": 0.0300182402134,
        "dmean2": 0.0511223562062,
        "dvar": 0.00103858078364,
        "dvar2": 0.00285846204497,
        "max": 0.407152354717,
        "mean": 0.0866169631481,
        "median": 0.0791658982635,
        "min": 1.02181978157e-10,
        "var": 0.00311651965603
    },
    "spectral_kurtosis": {
        "dmean": 8.12547969818,
        "dmean2": 14.1070795059,
        "dvar": 265.608154297,
        "dvar2": 805.659729004,
        "max": 356.922271729,
        "mean": 30.6395130157,
        "median": 12.2892074585,
        "min": -1.16020894051,
        "var": 2520.5703125
    },
    "spectral_rms": {
        "dmean": 0.0011632880196,
        "dmean2": 0.00198096898384,
        "dvar": 1.52754284954e-06,
        "dvar2": 4.40826124759e-06,
        "max": 0.0174235608429,
        "mean": 0.00612564198673,
        "median": 0.00629458157346,
        "min": 3.19162881887e-12,
        "var": 8.61259377416e-06
    },
    "spectral_rolloff": {
        "dmean": 194.109405518,
        "dmean2": 348.899719238,
        "dvar": 290410.0625,
        "dvar2": 758494.1875,
        "max": 20348.8769531,
        "mean": 647.860839844,
        "median": 559.86328125,
        "min": 64.599609375,
        "var": 922545.6875
    },
    "spectral_skewness": {
        "dmean": 0.49531891942,
        "dmean2": 0.859723389149,
        "dvar": 0.527791559696,
        "dvar2": 1.60803437233,
        "max": 15.2704277039,
        "mean": 3.55658340454,
        "median": 2.81658744812,
        "min": 0.0392425172031,
        "var": 6.20819568634
    },
    "spectral_spread": {
        "dmean": 375561.0625,
        "dmean2": 628092.8125,
        "dvar": 331727798272,
        "dvar2": 749025755136,
        "max": 39300596,
        "mean": 3283570.25,
        "median": 3456182,
        "min": 234927.703125,
        "var": 2.98128873882e+12
    },
    "spectral_strongpeak": {
        "dmean": 0.456437528133,
        "dmean2": 0.8209233284,
        "dvar": 0.667311787605,
        "dvar2": 1.77350080013,
        "max": 8.61703109741,
        "mean": 0.843608915806,
        "median": 0.519958436489,
        "min": 0,
        "var": 0.869899451733
    },
    "zerocrossingrate": {
        "dmean": 0.00542742805555,
        "dmean2": 0.00738591933623,
        "dvar": 5.35977123945e-05,
        "dvar2": 8.88323265826e-05,
        "max": 0.65771484375,
        "mean": 0.030556159094,
        "median": 0.02294921875,
        "min": 0.00244140625,
        "var": 0.000890091760084
    },
    "barkbands": {
        "dmean": [0.000331358693074, 0.0140281636268, 0.00161513756029, 0.00420686649159, 0.00141855143011, 0.00101314054336, 0.000478344009025, 0.000298652448691, 0.00186928140465, 0.000306248519337, 0.000329697882989, 0.000304233602947, 8.83533066371e-05, 5.36788975296e-05, 2.54104925261e-05, 1.66488625837e-05, 2.20192523557e-05, 5.52114543098e-05, 1.89890961337e-05, 6.04018350714e-06, 5.07476579514e-06, 6.83149983161e-06, 9.77065064944e-06, 1.62844116858e-05, 1.5846300812e-05, 6.25470102023e-06, 1.26640470626e-05],
        "dmean2": [0.000524372328073, 0.0247246921062, 0.00279110623524, 0.00705261062831, 0.00234905187972, 0.00153565010987, 0.000713197980076, 0.00046882708557, 0.0026867822744, 0.000502914714161, 0.000494325649925, 0.000490841921419, 0.000145006051753, 9.36333672144e-05, 4.33452623838e-05, 2.83989338641e-05, 3.56833188562e-05, 9.98553732643e-05, 3.13978089252e-05, 1.03024076452e-05, 8.78645278135e-06, 1.14231443149e-05, 1.66310710483e-05, 2.75625516224e-05, 2.78706902463e-05, 1.02232324934e-05, 1.99409296329e-05],
        "dvar": [2.67164068646e-07, 0.000544291688129, 8.56418137118e-06, 3.60761841876e-05, 3.07495474772e-06, 7.33744900572e-06, 1.10055884761e-06, 5.53955032956e-07, 8.8661463451e-06, 6.97085795309e-07, 1.57024919645e-06, 1.66581708072e-06, 3.4708068597e-07, 1.96526229956e-07, 4.52125137329e-09, 6.57197185561e-09, 7.25677340441e-09, 7.42423411637e-09, 4.24460333548e-09, 6.16751760774e-10, 9.17686315827e-10, 1.43077916182e-09, 1.4178556107e-08, 1.02638537669e-08, 1.58537130091e-08, 2.27405494435e-09, 3.31093708006e-09],
        "dvar2": [6.86632972702e-07, 0.00158672116231, 2.35736697505e-05, 9.84050348052e-05, 8.17699310574e-06, 1.56239639182e-05, 2.13776252167e-06, 1.4121391132e-06, 1.75529276021e-05, 1.76825790277e-06, 3.15182887789e-06, 4.22065795647e-06, 9.19411718314e-07, 5.75325941554e-07, 1.25314318922e-08, 1.77352248443e-08, 1.47411229889e-08, 2.20235261139e-08, 1.07651700887e-08, 1.69665159699e-09, 2.67676480981e-09, 3.55666851526e-09, 3.99407475982e-08, 2.79845284723e-08, 4.38242331313e-08, 6.03622574147e-09, 8.59661408725e-09],
        "max": [0.00755948526785, 0.279707372189, 0.06044126302, 0.094754986465, 0.0361483693123, 0.135968670249, 0.0447214543819, 0.0209677778184, 0.129105105996, 0.0323142372072, 0.06882699579, 0.043592363596, 0.0313144996762, 0.0224141795188, 0.00334105500951, 0.00525650195777, 0.00538944406435, 0.00246539479122, 0.00259060435928, 0.000722527620383, 0.00176900997758, 0.00210651056841, 0.00726220337674, 0.00270199519582, 0.00366478669457, 0.00239214859903, 0.00210904399864],
        "mean": [0.000661295081954, 0.0185744073242, 0.00258786068298, 0.00945603568107, 0.00310330046341, 0.0025030458346, 0.000972639478277, 0.000887454487383, 0.00603097258136, 0.000509620585945, 0.000741843425203, 0.000612366537098, 0.000141471304232, 8.89568473212e-05, 4.75594169984e-05, 3.03117758449e-05, 4.77098365081e-05, 0.000112627079943, 3.98401316488e-05, 1.17086046885e-05, 9.45346982917e-06, 1.26577597257e-05, 1.45259782585e-05, 2.75750207948e-05, 2.02109513339e-05, 1.12259940579e-05, 3.27938068949e-05],
        "median": [0.000435995927546, 0.00855950359255, 0.00158758508042, 0.00324243470095, 0.0024137259461, 0.00128742528614, 0.000306121568428, 6.80975717842e-05, 0.0024913281668, 0.000193825762835, 4.85706332256e-05, 9.16124845389e-05, 3.1928455428e-05, 1.63154836628e-05, 1.85401713679e-05, 8.88516296982e-06, 1.2012094885e-05, 8.28411939438e-05, 9.57728843787e-06, 5.23103881278e-06, 4.29339979746e-06, 3.92925539927e-06, 1.8044203216e-06, 4.10862821809e-06, 2.6902330319e-06, 7.65642766964e-07, 9.96492531158e-07],
        "min": [2.83282416255e-24, 4.11293837518e-23, 4.67131479205e-24, 6.06783130826e-24, 1.74239242233e-23, 8.45526298656e-23, 1.80764952076e-23, 6.74428616092e-23, 8.35142680333e-23, 6.9717482076e-23, 7.16664355175e-23, 1.23656572222e-22, 6.3876629716e-23, 1.60808197435e-22, 5.94216229507e-23, 1.59078395864e-22, 1.73600025086e-22, 2.09482101734e-22, 1.48063411137e-22, 1.92287975848e-22, 4.00819165714e-22, 5.20300290854e-22, 4.20481997093e-22, 9.11193566896e-22, 1.20966198077e-21, 1.68115533382e-21, 2.68365421149e-21],
        "var": [5.0024743814e-07, 0.000711752276402, 1.27899529616e-05, 0.000178961054189, 8.79079016158e-06, 2.64549071289e-05, 5.69314170207e-06, 3.98213387598e-06, 7.74701838964e-05, 1.85850160506e-06, 6.64528261041e-06, 5.36270727025e-06, 4.85941086481e-07, 3.04712727939e-07, 9.87129222807e-09, 1.05834816466e-08, 3.4123019077e-08, 1.5818642396e-08, 1.14955440722e-08, 8.82439232797e-10, 8.88687790024e-10, 3.15016701613e-09, 1.17868301786e-08, 1.42532519121e-08, 1.28770789587e-08, 2.38134578723e-09, 1.19420882072e-08]
    },
    "erbbands": {
        "dmean": [0.431847453117, 3.17254972458, 2.59674406052, 6.62198638916, 11.710940361, 3.93110394478, 6.41837215424, 7.8125128746, 5.40769815445, 6.29426431656, 12.2791070938, 27.6521129608, 37.9257049561, 11.4956064224, 11.2702312469, 7.72731256485, 3.24815368652, 3.51860141754, 1.02024948597, 1.21644604206, 0.804577827454, 1.26821124554, 2.7574441433, 2.0531027317, 0.616036891937, 0.248286172748, 0.20026704669, 0.188378557563, 0.227915331721, 0.369451314211, 0.243819743395, 0.250610351562, 0.309675902128, 0.219419449568, 0.0891824662685, 0.0310841277242, 0.010281288065, 0.0111081050709, 0.00156006217003, 0.000139474854222],
        "dmean2": [0.745977759361, 5.61463022232, 4.5113492012, 10.9433498383, 19.8134059906, 6.18330764771, 9.56598758698, 12.3949766159, 8.30696773529, 9.37482738495, 18.4300098419, 38.6624946594, 58.0347480774, 17.8907470703, 17.3671264648, 12.3872346878, 5.23072195053, 6.06723022461, 1.7299939394, 2.08565878868, 1.35272049904, 2.0668618679, 5.01559972763, 3.57203817368, 1.05400454998, 0.420102268457, 0.34883877635, 0.325208038092, 0.37291097641, 0.628565967083, 0.416494876146, 0.41536912322, 0.53012573719, 0.387557506561, 0.153149679303, 0.0519297495484, 0.0166956726462, 0.01711570099, 0.00242519425228, 0.000229848752497],
        "dvar": [0.445526897907, 30.0265655518, 25.5922775269, 84.3642272949, 219.979568481, 49.4906158447, 804.417480469, 131.917175293, 89.2847976685, 167.713729858, 780.753356934, 2445.35644531, 3719.2331543, 1668.16271973, 1506.22180176, 1050.14221191, 239.668228149, 1216.54772949, 11.3104572296, 10.6321926117, 9.80514431, 21.5889225006, 22.8387031555, 15.6305713654, 5.79090881348, 1.17975246906, 1.04193270206, 1.29570055008, 2.03319621086, 11.9172525406, 7.73768997192, 1.7821110487, 4.63961648941, 2.86788702011, 0.472872525454, 0.0885130390525, 0.00529124075547, 0.00490160705522, 8.99076621863e-05, 5.01912097661e-07],
        "dvar2": [1.24242424965, 89.2138519287, 73.0347442627, 223.708602905, 619.674316406, 118.163673401, 1755.12280273, 347.742889404, 196.744766235, 321.42868042, 1799.05541992, 4518.44042969, 8206.63476562, 3714.93920898, 3428.8359375, 2706.29516602, 630.645751953, 3257.9597168, 30.5788803101, 29.7376785278, 25.2578907013, 43.3992042542, 66.3738708496, 40.0782089233, 16.2277565002, 3.19306182861, 2.98402762413, 3.76418495178, 5.08415079117, 32.2163619995, 22.0008010864, 4.71559381485, 12.8302984238, 8.02708625793, 1.28050649166, 0.236021131277, 0.0135591179132, 0.0119406376034, 0.00022534004529, 1.44536227253e-06],
        "max": [8.13816261292, 67.2744903564, 84.2530670166, 189.705505371, 178.853271484, 166.217285156, 1306.17907715, 448.201812744, 375.417572021, 505.262512207, 890.725463867, 1776.15307617, 2337.25976562, 1903.53186035, 1144.01257324, 1308.79052734, 621.331115723, 1533.40991211, 155.490341187, 144.205474854, 178.813491821, 299.70526123, 139.250076294, 132.256164551, 75.4816055298, 35.275390625, 44.2733306885, 57.9536132812, 91.0086288452, 180.823303223, 176.206710815, 39.4739952087, 58.0491867065, 48.5013427734, 21.6113910675, 14.9589557648, 2.7245528698, 3.57353711128, 0.509684801102, 0.0468806251884],
        "mean": [0.599447071552, 3.81561350822, 4.10059452057, 19.8112621307, 20.6661834717, 8.11559486389, 12.8052930832, 20.4577541351, 13.3664274216, 15.1646766663, 43.0019226074, 104.938072205, 82.5579452515, 25.5178642273, 26.3624076843, 16.7118663788, 6.5850982666, 6.13893842697, 2.37085175514, 2.39734339714, 1.84192550182, 2.89719772339, 5.3676776886, 4.30250740051, 1.34646689892, 0.524232327938, 0.394811868668, 0.34587547183, 0.455820560455, 0.576184928417, 0.371513783932, 0.445405334234, 0.486354380846, 0.285899877548, 0.113959312439, 0.0433732606471, 0.0197184737772, 0.0277646053582, 0.00407218560576, 0.000371305650333],
        "median": [0.326707810163, 1.27608287334, 2.47433257103, 6.65105199814, 13.9955205917, 4.70263957977, 3.14064717293, 12.5280981064, 7.82854604721, 5.09855794907, 3.56939053535, 32.7099113464, 44.127746582, 4.73489427567, 2.6200606823, 3.46245932579, 1.89749729633, 1.19884991646, 0.741045355797, 0.952832877636, 0.567848861217, 0.894455313683, 3.30699586868, 2.64887285233, 0.464285552502, 0.252171576023, 0.201925337315, 0.146381035447, 0.123647578061, 0.115460254252, 0.052199434489, 0.0586837753654, 0.0774574130774, 0.0416860245168, 0.0163954067975, 0.00440155807883, 0.00132422358729, 0.000655352603644, 0.000149810759467, 9.56364237936e-05],
        "min": [1.66432929675e-21, 7.1112862664e-21, 4.95339297979e-21, 1.65072760808e-20, 4.3712184987e-20, 5.2864922309e-20, 4.16297125584e-19, 5.93940702027e-19, 3.15479085906e-19, 4.68394899267e-19, 2.02390581813e-18, 1.70346587159e-18, 1.61668449237e-18, 3.52154485488e-18, 3.44322160422e-18, 4.5230293797e-18, 2.40608456103e-18, 6.78650614197e-18, 6.34074595449e-18, 5.94948042577e-18, 7.19392857601e-18, 1.02886817356e-17, 1.21375304935e-17, 8.79523691817e-18, 7.82673580668e-18, 9.50819464147e-18, 1.32325133109e-17, 1.77227234727e-17, 1.62926324183e-17, 1.52616692444e-17, 1.21091540626e-17, 1.71486121511e-17, 1.61083084537e-17, 1.29322566748e-17, 9.09933084522e-18, 7.14601331185e-18, 3.0713904772e-18, 1.48745117014e-18, 3.57030513574e-19, 3.62068133977e-20],
        "var": [0.621422052383, 36.6533241272, 35.0078468323, 761.468688965, 465.517669678, 137.613311768, 2332.94384766, 640.51776123, 397.643676758, 1218.68066406, 7618.27978516, 31187.5878906, 14599.2431641, 5448.78662109, 6175.43261719, 3279.85131836, 589.769714355, 1993.59716797, 37.9002952576, 21.7642536163, 26.608757019, 108.880256653, 49.7777900696, 40.0098304749, 12.6159029007, 1.78202140331, 1.00348627567, 1.4059984684, 5.04581737518, 13.6027393341, 5.88769340515, 3.40781950951, 4.994784832, 2.39769291878, 0.385027140379, 0.0746615454555, 0.00662934686989, 0.0208790209144, 0.000337749137543, 1.2764502344e-06]
    },
    "gfcc": {
        "mean": [-81.4163513184, 152.209732056, -73.5866851807, 6.07767057419, -39.9858055115, 2.94264817238, -13.937040329, 14.1588935852, -12.9891757965, -18.1163406372, -8.66353130341, -3.61992835999, -10.0282583237],
        "cov": [[17686.7832031, -2892.08544922, -167.664703369, 1582.19335938, 64.4588394165, 136.760299683, -364.07913208, 1338.18395996, -340.565460205, 156.152603149, -240.627593994, -79.2545318604, -210.145233154], [-2892.08544922, 4077.71020508, -254.906112671, -740.640869141, 394.352050781, -167.91305542, 460.302856445, -667.067749023, 447.534362793, -318.533325195, 231.038299561, 38.6290435791, 440.401306152], [-167.664703369, -254.906112671, 1062.16589355, -332.988464355, 24.0267066956, -75.0411758423, -0.180030867457, 167.053710938, -63.7179718018, -40.5172157288, -66.6902084351, -3.39587712288, -16.676858902], [1582.19335938, -740.640869141, -332.988464355, 794.562988281, -78.0794372559, 66.2885437012, -111.471183777, 22.4478530884, 32.6688156128, 19.3722629547, -13.414358139, -5.46199941635, -97.5397415161], [64.4588394165, 394.352050781, 24.0267066956, -78.0794372559, 245.281112671, -24.3063030243, 82.5486450195, -45.1719894409, 24.804977417, -33.0138473511, 8.74570846558, 13.0079498291, 63.9352874756], [136.760299683, -167.91305542, -75.0411758423, 66.2885437012, -24.3063030243, 179.894729614, -11.7329845428, 37.3950958252, -31.6103534698, 33.1521224976, -7.36781263351, 6.9407248497, 3.15689730644], [-364.07913208, 460.302856445, -0.180030867457, -111.471183777, 82.5486450195, -11.7329845428, 186.935119629, -29.9523105621, 40.7879714966, -39.1333427429, 23.2490520477, 16.0865707397, 68.9768218994], [1338.18395996, -667.067749023, 167.053710938, 22.4478530884, -45.1719894409, 37.3950958252, -29.9523105621, 460.993988037, -67.8622970581, 126.585968018, -65.2158508301, -14.7195482254, -11.5936956406], [-340.565460205, 447.534362793, -63.7179718018, 32.6688156128, 24.804977417, -31.6103534698, 40.7879714966, -67.8622970581, 209.916564941, -22.6720733643, 30.8364582062, 6.83304357529, 59.5030670166], [156.152603149, -318.533325195, -40.5172157288, 19.3722629547, -33.0138473511, 33.1521224976, -39.1333427429, 126.585968018, -22.6720733643, 178.774505615, -14.1819477081, 6.54813861847, -16.6300888062], [-240.627593994, 231.038299561, -66.6902084351, -13.414358139, 8.74570846558, -7.36781263351, 23.2490520477, -65.2158508301, 30.8364582062, -14.1819477081, 109.226913452, 17.8933525085, 26.1634922028], [-79.2545318604, 38.6290435791, -3.39587712288, -5.46199941635, 13.0079498291, 6.9407248497, 16.0865707397, -14.7195482254, 6.83304357529, 6.54813861847, 17.8933525085, 84.4327316284, 16.9940319061], [-210.145233154, 440.401306152, -16.676858902, -97.5397415161, 63.9352874756, 3.15689730644, 68.9768218994, -11.5936956406, 59.5030670166, -16.6300888062, 26.1634922028, 16.9940319061, 153.216934204]],
        "icov": [[0.000106932326162, -4.18521995016e-05, 1.9755336325e-05, -0.000237391475821, -0.000164926954312, 4.76270724903e-05, 0.000166282334249, -0.000390825094655, 0.000181191731826, 0.000163487173268, 2.00992199098e-05, -1.02939593489e-05, 2.6481498935e-05], [-4.18521995016e-05, 0.00101122492924, 0.000262868474238, 0.000824036367703, -0.000387765816413, 0.00014201682643, -0.000891154573765, 0.000909304944798, -0.00127859029453, 0.000544739770703, -0.000541002315003, 0.000350242917193, -0.00117273803335], [1.9755336325e-05, 0.000262868474238, 0.0014176692348, 0.000778690271545, -0.000290935364319, 0.000405883853091, 0.000124896891066, -0.000550491560716, -0.000300912361126, 0.000988559098914, 0.000369516230421, -0.00025871527032, 0.000126459126477], [-0.000237391475821, 0.000824036367703, 0.000778690271545, 0.0029301145114, -1.68378992385e-05, -0.000519675260875, -0.000103072612546, 0.000971596920863, -0.0020844808314, 0.000663869432174, -0.000259010033915, -3.76621246687e-05, 0.000323569402099], [-0.000164926954312, -0.000387765816413, -0.000290935364319, -1.68378992385e-05, 0.0056377039291, 0.000407736137277, -0.00159963092301, 0.000711319968104, 0.000576821388677, -0.000455315486761, 0.000725220306776, -0.000408577907365, -0.00109293998685], [4.76270724903e-05, 0.00014201682643, 0.000405883853091, -0.000519675260875, 0.000407736137277, 0.00647142902017, -0.000254906044574, -0.000225300784223, 0.00117172230966, -0.00059771630913, 0.00030437723035, -0.000463150558062, -0.00135584012605], [0.000166282334249, -0.000891154573765, 0.000124896891066, -0.000103072612546, -0.00159963092301, -0.000254906044574, 0.00868160277605, -0.00171345740091, 0.00046859527356, 0.00121428479906, -0.000107390878838, -0.00112492276821, -0.000534805643838], [-0.000390825094655, 0.000909304944798, -0.000550491560716, 0.000971596920863, 0.000711319968104, -0.000225300784223, -0.00171345740091, 0.00541795557365, -0.000800054753199, -0.00256139878184, 0.000721313408576, 0.000929816975258, -0.00189553783275], [0.000181191731826, -0.00127859029453, -0.000300912361126, -0.0020844808314, 0.000576821388677, 0.00117172230966, 0.00046859527356, -0.000800054753199, 0.00801545102149, -0.000801186019089, 5.90960298723e-05, -0.000170744839124, -0.00116342806723], [0.000163487173268, 0.000544739770703, 0.000988559098914, 0.000663869432174, -0.000455315486761, -0.00059771630913, 0.00121428479906, -0.00256139878184, -0.000801186019089, 0.0085952244699, -0.000395462266169, -0.00110670074355, 8.48604977364e-05], [2.00992199098e-05, -0.000541002315003, 0.000369516230421, -0.000259010033915, 0.000725220306776, 0.00030437723035, -0.000107390878838, 0.000721313408576, 5.90960298723e-05, -0.000395462266169, 0.0113394092768, -0.00199683685787, -0.000528757635038], [-1.02939593489e-05, 0.000350242917193, -0.00025871527032, -3.76621246687e-05, -0.000408577907365, -0.000463150558062, -0.00112492276821, 0.000929816975258, -0.000170744839124, -0.00110670074355, -0.00199683685787, 0.0129563473165, -0.00146603607573], [2.6481498935e-05, -0.00117273803335, 0.000126459126477, 0.000323569402099, -0.00109293998685, -0.00135584012605, -0.000534805643838, -0.00189553783275, -0.00116342806723, 8.48604977364e-05, -0.000528757635038, -0.00146603607573, 0.0114489141852]]
    },
    "melbands": {
        "dmean": [0.00394140044227, 0.0023023148533, 0.00146423419937, 0.000469314691145, 0.000197174347704, 0.000173815875314, 9.68186068349e-05, 6.12945004832e-05, 0.000124955287902, 0.000224661300308, 0.000188915757462, 4.24907339038e-05, 3.94613271055e-05, 3.81281715818e-05, 1.29081572595e-05, 8.40191296447e-06, 6.06860703556e-06, 1.74430533662e-06, 2.36473442783e-06, 1.3593572703e-06, 9.47629700931e-07, 1.3748128822e-06, 1.69745283074e-06, 3.0309390695e-06, 1.74742365289e-06, 5.89194769418e-07, 3.30987546704e-07, 1.53096351596e-07, 1.29073413291e-07, 1.51234218038e-07, 1.00321955188e-07, 1.0288728447e-07, 1.97624146381e-07, 2.27045291012e-07, 1.58936529715e-07, 9.75051648311e-08, 1.91574500263e-07, 2.18510976424e-07, 2.16522167307e-07, 1.88917411492e-07],
        "dmean2": [0.00692089833319, 0.00404436327517, 0.0024514333345, 0.000786865246482, 0.000296519341646, 0.000271662080195, 0.000146527236211, 9.09685986699e-05, 0.000186527089681, 0.000316463643685, 0.000288628827548, 6.65727566229e-05, 5.93814656895e-05, 6.16131219431e-05, 2.11926926568e-05, 1.35204027174e-05, 1.05709295894e-05, 2.96165171676e-06, 4.06068602388e-06, 2.35091874856e-06, 1.58120496963e-06, 2.23187271331e-06, 3.01738054986e-06, 5.4605193327e-06, 3.03606475427e-06, 9.89017053143e-07, 5.75511364787e-07, 2.5970436468e-07, 2.25337132065e-07, 2.61447041794e-07, 1.74873179049e-07, 1.70966345081e-07, 3.2968679875e-07, 3.85889478594e-07, 2.73898820069e-07, 1.64766774446e-07, 3.16357443353e-07, 3.65092375887e-07, 3.90205741496e-07, 3.34232026944e-07],
        "dvar": [4.03744088544e-05, 1.74337019416e-05, 4.05411583415e-06, 2.93596286838e-07, 5.59282739232e-07, 8.91817393267e-08, 3.23187485662e-08, 1.54066555069e-08, 8.22261867484e-08, 1.50968517687e-07, 9.59810790846e-08, 2.46664999537e-08, 2.18582520972e-08, 2.40754740588e-08, 5.60026913732e-09, 4.43856906784e-09, 3.41811734472e-09, 2.80303349975e-11, 4.05485055255e-11, 4.97336304084e-11, 1.05331698225e-11, 2.8077018141e-11, 2.02266467464e-11, 2.44109975289e-11, 1.3533663773e-11, 6.17372732797e-12, 1.40713569269e-12, 5.32209421932e-13, 4.00942056248e-13, 1.35049989854e-12, 3.27776597097e-13, 3.53208808772e-13, 1.34621513156e-12, 7.03622143189e-12, 4.56850572997e-12, 3.37256345897e-13, 1.02754816374e-12, 1.96623641847e-12, 3.66180783612e-12, 2.08896658652e-12],
        "dvar2": [0.000115771101264, 5.1630413509e-05, 1.11023564386e-05, 8.11196571249e-07, 1.23281574815e-06, 2.11047549215e-07, 6.71001032515e-08, 2.93686817088e-08, 1.83538546139e-07, 2.87283853595e-07, 2.1103001302e-07, 5.6115617042e-08, 4.39697664945e-08, 6.00645364557e-08, 1.54622448179e-08, 1.14339862023e-08, 9.21039244872e-09, 7.86252937757e-11, 1.12358004845e-10, 1.37150762969e-10, 2.48095866767e-11, 5.41583722313e-11, 5.03644140282e-11, 7.11058018021e-11, 3.43258234337e-11, 1.70868371535e-11, 3.94269599607e-12, 1.43555089691e-12, 1.14079633327e-12, 3.96187509882e-12, 9.53150427509e-13, 9.02579335056e-13, 3.27162212252e-12, 1.92866052989e-11, 1.31679771254e-11, 9.06771023285e-13, 2.6971140165e-12, 5.26934051948e-12, 1.04502595813e-11, 5.87132382643e-12],
        "max": [0.0759787112474, 0.0586076006293, 0.0330709591508, 0.00685980543494, 0.0339090153575, 0.0138398706913, 0.00758442189544, 0.00489029753953, 0.00942496582866, 0.0162240825593, 0.0121328523383, 0.00686843041331, 0.00657758535817, 0.00472680712119, 0.00406693667173, 0.00338679435663, 0.00257375114597, 0.000169997030753, 0.00031762427534, 0.000473161606351, 0.000151981919771, 0.000389065011404, 0.000195498418179, 0.000145189536852, 0.000132124536321, 9.82653509709e-05, 3.02203316096e-05, 2.71195549431e-05, 1.86477045645e-05, 7.98179316917e-05, 1.94348340301e-05, 3.53627292498e-05, 6.46832486382e-05, 0.00014473090414, 0.000137414157507, 2.45643022936e-05, 3.67687716789e-05, 4.40544172307e-05, 5.75115191168e-05, 4.37556955148e-05],
        "mean": [0.00531044276431, 0.00315676326863, 0.00351376854815, 0.000906107597984, 0.000400269404054, 0.000451865111245, 0.000233615020989, 0.000154413486598, 0.000418170704506, 0.000772400584538, 0.00039938496775, 8.69586656336e-05, 9.54258794081e-05, 7.54348220653e-05, 2.11627739191e-05, 1.46470083564e-05, 1.01328932942e-05, 3.46103183801e-06, 4.07015522796e-06, 2.47225284511e-06, 2.02202636501e-06, 3.04335412693e-06, 3.06654010274e-06, 6.02753061685e-06, 3.30064517584e-06, 1.20829133721e-06, 5.83029020618e-07, 2.91749699954e-07, 2.4078832439e-07, 2.61975060312e-07, 1.66767179621e-07, 2.03429678436e-07, 3.36049140515e-07, 3.30488660438e-07, 2.18845087829e-07, 1.53620050014e-07, 3.38316340276e-07, 3.71861972326e-07, 2.6710395673e-07, 2.38133381458e-07],
        "median": [0.00264328648336, 0.00127799622715, 0.0015523287002, 0.00070812337799, 0.000109962049464, 0.000267814844847, 0.000127057050122, 4.00214594265e-05, 2.73948771792e-05, 0.000282482855255, 0.000207007193239, 9.23078914639e-06, 7.05690536051e-06, 1.02368539956e-05, 4.51338246421e-06, 3.22593814417e-06, 1.64044206485e-06, 9.54256393015e-07, 1.53922007939e-06, 7.90311275978e-07, 5.78348362978e-07, 7.27741394257e-07, 1.42519343171e-06, 4.222969892e-06, 1.80294296115e-06, 3.08111793856e-07, 2.02590456411e-07, 1.38386226922e-07, 1.22559043803e-07, 1.00690527916e-07, 6.97039865827e-08, 5.51903163171e-08, 8.92525591212e-08, 4.4088679374e-08, 2.7138575831e-08, 2.73142397589e-08, 3.60889593765e-08, 4.77775614627e-08, 4.60671572e-08, 2.60145895936e-08],
        "min": [1.28087471398e-23, 5.13741956879e-24, 3.44435524995e-24, 3.61953838003e-24, 1.16280258908e-23, 1.44002755939e-23, 4.62488125588e-24, 7.13497078641e-24, 1.72327469384e-23, 1.01526966482e-23, 7.53094819525e-24, 1.3925221979e-23, 1.12397382981e-23, 1.52263486457e-23, 5.41892813269e-24, 6.93267056271e-24, 1.36494314734e-23, 1.24661614148e-23, 4.96160061682e-24, 8.83755034548e-24, 8.887501018e-24, 8.97497464834e-24, 1.40853560096e-23, 8.15524403817e-24, 6.87270687872e-24, 6.12278690879e-24, 4.7419908127e-24, 6.77884505277e-24, 6.95059111589e-24, 1.03924251664e-23, 9.69611894459e-24, 7.74829672958e-24, 1.31681214027e-23, 6.32205790662e-24, 5.30803164436e-24, 1.04531059249e-23, 1.06373412339e-23, 1.1430308949e-23, 1.16487894987e-23, 1.01525964628e-23],
        "var": [5.39967259101e-05, 2.26201282203e-05, 2.05283140531e-05, 6.54672533074e-07, 1.70494638496e-06, 4.03187840448e-07, 1.54078151127e-07, 1.36341910206e-07, 8.18410228476e-07, 1.53153678184e-06, 3.70535360616e-07, 7.73606032567e-08, 1.03164381926e-07, 8.15042184854e-08, 1.11441700312e-08, 7.26315541044e-09, 5.70072034023e-09, 7.18629461494e-11, 7.33229449379e-11, 7.34962160576e-11, 3.46249071081e-11, 1.6913721812e-10, 4.02007802047e-11, 5.21070027404e-11, 3.12210500508e-11, 1.44075073052e-11, 2.51673074741e-12, 7.21271295728e-13, 3.82411279292e-13, 1.21306740694e-12, 3.23853601271e-13, 8.33919793029e-13, 2.93658847239e-12, 7.29184247705e-12, 3.14698245761e-12, 3.61619398705e-13, 2.34646330144e-12, 3.07459656693e-12, 2.48602765977e-12, 1.78361199508e-12]
    },
    "mfcc": {
        "mean": [-734.654052734, 184.731369019, 26.970451355, 19.8727149963, 6.64765024185, -5.94504594803, 8.67861461639, 20.9540042877, 4.72030353546, -0.437734246254, 9.78010654449, -4.24138450623, -11.0604228973],
        "cov": [[8696.99804688, 407.714691162, -534.600402832, 387.003814697, 224.085144043, -472.118103027, 300.370361328, 307.251373291, 132.696289062, 98.6931304932, 173.248962402, -36.2079353333, -89.6231994629], [407.714691162, 3259.20996094, -25.4414672852, -206.667434692, 4.80723428726, 156.936004639, 11.7387132645, 95.0839920044, 124.339202881, -98.8875274658, 78.1284255981, -154.116378784, -73.6174545288], [-534.600402832, -25.4414672852, 821.000732422, -61.444770813, 36.1378517151, -105.385673523, -6.97000408173, 16.5967617035, 5.76927375793, 28.7758750916, -16.1483306885, 28.7998523712, -102.653442383], [387.003814697, -206.667434692, -61.444770813, 289.782287598, 38.3604354858, 14.5104217529, -34.8472366333, 22.9010486603, -21.7443504333, 5.28299427032, 18.9969882965, 2.53218054771, -3.304033041], [224.085144043, 4.80723428726, 36.1378517151, 38.3604354858, 162.865875244, -20.0639591217, -5.8428144455, 20.3172912598, 26.7692966461, 6.85443973541, -4.6882724762, 11.117436409, -14.2386827469], [-472.118103027, 156.936004639, -105.385673523, 14.5104217529, -20.0639591217, 305.485595703, -70.828742981, -11.8929815292, -93.6904525757, -46.510219574, -45.0312652588, -17.0031929016, 8.1142616272], [300.370361328, 11.7387132645, -6.97000408173, -34.8472366333, -5.8428144455, -70.828742981, 202.29133606, 26.2443084717, 47.5503387451, 14.4035768509, 0.461387753487, -26.0865116119, 6.96296453476], [307.251373291, 95.0839920044, 16.5967617035, 22.9010486603, 20.3172912598, -11.8929815292, 26.2443084717, 128.034713745, 24.4289894104, -6.68152618408, 22.4876098633, -23.0118770599, -16.3116283417], [132.696289062, 124.339202881, 5.76927375793, -21.7443504333, 26.7692966461, -93.6904525757, 47.5503387451, 24.4289894104, 183.924758911, 59.8758468628, 39.9074668884, -15.2522563934, 26.8681564331], [98.6931304932, -98.8875274658, 28.7758750916, 5.28299427032, 6.85443973541, -46.510219574, 14.4035768509, -6.68152618408, 59.8758468628, 89.2947616577, 24.3077812195, 11.4774541855, 2.763859272], [173.248962402, 78.1284255981, -16.1483306885, 18.9969882965, -4.6882724762, -45.0312652588, 0.461387753487, 22.4876098633, 39.9074668884, 24.3077812195, 127.312568665, 7.59555101395, 18.78099823], [-36.2079353333, -154.116378784, 28.7998523712, 2.53218054771, 11.117436409, -17.0031929016, -26.0865116119, -23.0118770599, -15.2522563934, 11.4774541855, 7.59555101395, 89.8031463623, 9.80524921417], [-89.6231994629, -73.6174545288, -102.653442383, -3.304033041, -14.2386827469, 8.1142616272, 6.96296453476, -16.3116283417, 26.8681564331, 2.763859272, 18.78099823, 9.80524921417, 108.765060425]],
