{
"lowlevel": {
    "average_loudness": 0.883939564228,
    "barkbands_crest": {
        "dmean": 2.98631286621,
        "dmean2": 4.73972892761,
        "dvar": 10.0984430313,
        "dvar2": 23.0161476135,
        "max": 26.0137634277,
        "mean": 14.4368772507,
        "median": 14.1281099319,
        "min": 1.89331972599,
        "var": 41.806022644
    },
    "barkbands_flatness_db": {
        "dmean": 0.0288835838437,
        "dmean2": 0.0410475879908,
        "dvar": 0.000824716582429,
        "dvar2": 0.00154366565403,
        "max": 0.432629406452,
        "mean": 0.162908926606,
        "median": 0.156196430326,
        "min": 0.0150373606011,
        "var": 0.00524641061202
    },
    "barkbands_kurtosis": {
        "dmean": 11.4075832367,
        "dmean2": 16.9620876312,
        "dvar": 552.645019531,
        "dvar2": 1182.29577637,
        "max": 535.444458008,
        "mean": 20.0157279968,
        "median": 4.98571681976,
        "min": -1.91117835045,
        "var": 1617.34814453
    },
    "barkbands_skewness": {
        "dmean": 1.02918565273,
        "dmean2": 1.48914194107,
        "dvar": 1.44038081169,
        "dvar2": 2.87775087357,
        "max": 19.0740356445,
        "mean": 2.97342538834,
        "median": 2.16682934761,
        "min": -2.75512456894,
        "var": 7.85371541977
    },
    "barkbands_spread": {
        "dmean": 8.01684188843,
        "dmean2": 12.075381279,
        "dvar": 122.459373474,
        "dvar2": 251.177978516,
        "max": 115.182403564,
        "mean": 19.9749221802,
        "median": 15.2435522079,
        "min": 0.278111845255,
        "var": 308.248291016
    },
    "dissonance": {
        "dmean": 0.0188963450491,
        "dmean2": 0.0312539488077,
        "dvar": 0.000388227141229,
        "dvar2": 0.000975716859102,
        "max": 0.5,
        "mean": 0.464585214853,
        "median": 0.471556961536,
        "min": 0.24737636745,
        "var": 0.000811226607766
    },
    "dynamic_complexity": 3.93792533875,
    "erbbands_crest": {
        "dmean": 2.70741558075,
        "dmean2": 4.38603162766,
        "dvar": 7.48379468918,
        "dvar2": 18.0416965485,
        "max": 30.2372016907,
        "mean": 8.04425430298,
        "median": 6.90733337402,
        "min": 2.18843221664,
        "var": 17.0610332489
    },
    "erbbands_flatness_db": {
        "dmean": 0.0211669523269,
        "dmean2": 0.0308203473687,
        "dvar": 0.000362101302017,
        "dvar2": 0.000685269769747,
        "max": 0.391267895699,
        "mean": 0.13010686636,
        "median": 0.120570190251,
        "min": 0.0255039893091,
        "var": 0.00302142696455
    },
    "erbbands_kurtosis": {
        "dmean": 1.08044922352,
        "dmean2": 1.72340261936,
        "dvar": 2.5589735508,
        "dvar2": 6.26628112793,
        "max": 43.0804443359,
        "mean": 0.634250402451,
        "median": -0.221164464951,
        "min": -1.79930734634,
        "var": 9.06449604034
    },
    "erbbands_skewness": {
        "dmean": 0.449950784445,
        "dmean2": 0.697182655334,
        "dvar": 0.193630099297,
        "dvar2": 0.429848730564,
        "max": 4.70315790176,
        "mean": 0.372592359781,
        "median": 0.29785874486,
        "min": -3.13569617271,
        "var": 0.619024932384
    },
    "erbbands_spread": {
        "dmean": 12.9768419266,
        "dmean2": 19.5572471619,
        "dvar": 211.481063843,
        "dvar2": 462.841827393,
        "max": 191.959289551,
        "mean": 48.4479064941,
        "median": 44.8720397949,
        "min": 1.79735541344,
        "var": 697.254821777
    },
    "hfc": {
        "dmean": 9.92715930939,
        "dmean2": 14.3963565826,
        "dvar": 237.703018188,
        "dvar2": 450.635681152,
        "max": 218.868148804,
        "mean": 22.405506134,
        "median": 14.8598117828,
        "min": 1.13234593702e-16,
        "var": 627.117004395
    },
    "melbands_crest": {
        "dmean": 3.70670866966,
        "dmean2": 5.57138776779,
        "dvar": 14.5313825607,
        "dvar2": 30.2775344849,
        "max": 36.7703857422,
        "mean": 20.7178020477,
        "median": 20.2232131958,
        "min": 1.58155941963,
        "var": 85.0855560303
    },
    "melbands_flatness_db": {
        "dmean": 0.0350426472723,
        "dmean2": 0.0491423457861,
        "dvar": 0.00129595294129,
        "dvar2": 0.00227634049952,
        "max": 0.559835731983,
        "mean": 0.239933684468,
        "median": 0.23620505631,
        "min": 0.0033078850247,
        "var": 0.00988849531859
    },
    "melbands_kurtosis": {
        "dmean": 29.1436347961,
        "dmean2": 42.8492164612,
        "dvar": 3271.14306641,
        "dvar2": 6946.17138672,
        "max": 1364.80493164,
        "mean": 55.0131835938,
        "median": 15.7463779449,
        "min": -1.82070577145,
        "var": 9511.19140625
    },
    "melbands_skewness": {
        "dmean": 1.4560649395,
        "dmean2": 2.09496998787,
        "dvar": 3.01419711113,
        "dvar2": 6.01409959793,
        "max": 29.3030490875,
        "mean": 4.73051166534,
        "median": 3.42265748978,
        "min": -2.59488892555,
        "var": 16.5403137207
    },
    "melbands_spread": {
        "dmean": 7.99956083298,
        "dmean2": 12.1115989685,
        "dvar": 207.124053955,
        "dvar2": 410.670318604,
        "max": 226.867248535,
        "mean": 18.9357185364,
        "median": 12.4697256088,
        "min": 0.228327944875,
        "var": 529.804931641
    },
    "pitch_salience": {
        "dmean": 0.0917010754347,
        "dmean2": 0.142735898495,
        "dvar": 0.00872445385903,
        "dvar2": 0.0190877765417,
        "max": 0.931223928928,
        "mean": 0.437380611897,
        "median": 0.45673584938,
        "min": 0.0302039999515,
        "var": 0.0395660661161
    },
    "silence_rate_20dB": {
        "dmean": 0,
        "dmean2": 0,
        "dvar": 0,
        "dvar2": 0,
        "max": 1,
        "mean": 1,
        "median": 1,
        "min": 1,
        "var": 0
    },
    "silence_rate_30dB": {
        "dmean": 0.0549429282546,
        "dmean2": 0.109896488488,
        "dvar": 0.0519234724343,
        "dvar2": 0.104788735509,
        "max": 1,
        "mean": 0.81361836195,
        "median": 1,
        "min": 0,
        "var": 0.151656106114
    },
    "silence_rate_60dB": {
        "dmean": 0.025343393907,
        "dmean2": 0.0506916902959,
        "dvar": 0.0246997401118,
        "dvar2": 0.0585643276572,
        "max": 1,
        "mean": 0.0811490491033,
        "median": 0,
        "min": 0,
        "var": 0.0745703577995
    },
    "spectral_centroid": {
        "dmean": 341.543731689,
        "dmean2": 524.752563477,
        "dvar": 175279.671875,
        "dvar2": 347334.28125,
        "max": 11359.5546875,
        "mean": 1297.13586426,
        "median": 1131.10083008,
        "min": 166.472305298,
        "var": 547271.75
    },
    "spectral_complexity": {
        "dmean": 4.03733778,
        "dmean2": 5.87462520599,
        "dvar": 29.5686702728,
        "dvar2": 48.3480415344,
        "max": 74,
        "mean": 16.0215682983,
        "median": 14,
        "min": 0,
        "var": 116.729377747
    },
    "spectral_decrease": {
        "dmean": 4.67708538565e-09,
        "dmean2": 6.81494682908e-09,
        "dvar": 4.8530239861e-17,
        "dvar2": 1.15087345925e-16,
        "max": 5.29415625314e-20,
        "mean": -1.44829490623e-08,
        "median": -1.00996384589e-08,
        "min": -8.16287908378e-08,
        "var": 2.50465366102e-16
    },
    "spectral_energy": {
        "dmean": 0.0180557407439,
        "dmean2": 0.0263924468309,
        "dvar": 0.000701195967849,
        "dvar2": 0.00166944577359,
        "max": 0.309594541788,
        "mean": 0.0566941574216,
        "median": 0.0402123108506,
        "min": 1.03497726816e-20,
        "var": 0.00361292739399
    },
    "spectral_energyband_high": {
        "dmean": 0.000753398810048,
        "dmean2": 0.0010683684377,
        "dvar": 1.88046908534e-06,
        "dvar2": 3.47745776708e-06,
        "max": 0.0160383787006,
        "mean": 0.00120901118498,
        "median": 0.000370850262698,
        "min": 7.60598308577e-21,
        "var": 4.55395911558e-06
    },
    "spectral_energyband_low": {
        "dmean": 0.0139104574919,
        "dmean2": 0.0195159055293,
        "dvar": 0.000676752009895,
        "dvar2": 0.00152814341709,
        "max": 0.305868327618,
        "mean": 0.0415729358792,
        "median": 0.00940176099539,
        "min": 1.91433144083e-23,
        "var": 0.00348071847111
    },
    "spectral_energyband_middle_high": {
        "dmean": 0.00189483549912,
        "dmean2": 0.00278028100729,
        "dvar": 1.26705162984e-05,
        "dvar2": 2.50408666034e-05,
        "max": 0.0482768900692,
        "mean": 0.00370824802667,
        "median": 0.0017726366641,
        "min": 1.27143940744e-21,
        "var": 2.87414641207e-05
    },
    "spectral_energyband_middle_low": {
        "dmean": 0.00737993745133,
        "dmean2": 0.0122452760115,
        "dvar": 0.000161200252478,
        "dvar2": 0.000422558252467,
        "max": 0.101866684854,
        "mean": 0.0109929535538,
        "median": 0.00492413016036,
        "min": 1.56123739431e-22,
        "var": 0.000200654103537
    },
    "spectral_entropy": {
        "dmean": 0.229289472103,
        "dmean2": 0.337786793709,
        "dvar": 0.0548178888857,
        "dvar2": 0.110757991672,
        "max": 9.81402111053,
        "mean": 7.73265457153,
        "median": 7.71038627625,
        "min": 5.74327659607,
        "var": 0.214932724833
    },
    "spectral_flux": {
        "dmean": 0.0377211272717,
        "dmean2": 0.0568242482841,
        "dvar": 0.00262031843886,
        "dvar2": 0.00448590470478,
        "max": 0.477998316288,
        "mean": 0.0982074588537,
        "median": 0.0793269574642,
        "min": 6.51275700037e-11,
        "var": 0.0060904417187
    },
    "spectral_kurtosis": {
        "dmean": 1.44916176796,
        "dmean2": 2.23192620277,
        "dvar": 2.54289722443,
        "dvar2": 6.5327835083,
        "max": 54.4212341309,
        "mean": 4.51776742935,
        "median": 3.98354530334,
        "min": -1.24929189682,
        "var": 18.8903903961
    },
    "spectral_rms": {
        "dmean": 0.00112188840285,
        "dmean2": 0.00160462560598,
        "dvar": 1.9387307475e-06,
        "dvar2": 4.1911016524e-06,
        "max": 0.0173793975264,
        "mean": 0.00633449386805,
        "median": 0.00626350706443,
        "min": 3.1776311183e-12,
        "var": 1.51854565047e-05
    },
    "spectral_rolloff": {
        "dmean": 774.272827148,
        "dmean2": 1273.21655273,
        "dvar": 3143293.5,
        "dvar2": 6646399.5,
        "max": 19401.4160156,
        "mean": 1479.95361328,
        "median": 581.396484375,
        "min": 43.06640625,
        "var": 6288792.5
    },
    "spectral_skewness": {
        "dmean": 0.240482583642,
        "dmean2": 0.362342357635,
        "dvar": 0.0558133982122,
        "dvar2": 0.117668233812,
        "max": 5.77565002441,
        "mean": 1.66566729546,
        "median": 1.64014947414,
        "min": -0.0456918589771,
        "var": 0.330525487661
    },
    "spectral_spread": {
        "dmean": 1166121.125,
        "dmean2": 1687091.375,
        "dvar": 1.91412581171e+12,
        "dvar2": 3.57001435546e+12,
        "max": 42100560,
        "mean": 5984848.5,
        "median": 5366369,
        "min": 1365523.5,
        "var": 7.07334032589e+12
    },
    "spectral_strongpeak": {
        "dmean": 0.298769146204,
        "dmean2": 0.467902630568,
        "dvar": 0.25058400631,
        "dvar2": 0.604925334454,
        "max": 10.4094934464,
        "mean": 0.727803349495,
        "median": 0.620205104351,
        "min": 0,
        "var": 0.422402799129
    },
    "zerocrossingrate": {
        "dmean": 0.0179381724447,
        "dmean2": 0.0197998359799,
        "dvar": 0.000656001793686,
        "dvar2": 0.000659525045194,
        "max": 0.52294921875,
        "mean": 0.0610670335591,
        "median": 0.04345703125,
        "min": 0.001953125,
        "var": 0.00398704176769
    },
    "barkbands": {
        "dmean": [0.00136731634848, 0.0124064125121, 0.00297701987438, 0.00192707229871, 0.00389048084617, 0.00100873690099, 0.00133088428993, 0.000791650323663, 0.000646995787974, 0.000452043837868, 0.000357978104148, 0.000397334282752, 0.000312826159643, 0.00026940004318, 0.0002275397419, 0.000172769112396, 0.000193666957784, 0.000199407499167, 0.000164682714967, 0.000128905434394, 0.000118787502288, 0.000139690513606, 0.000111197114165, 0.000125699327327, 0.000164544748259, 0.000111286863103, 2.53572616202e-05],
        "dmean2": [0.00164572079666, 0.0167665686458, 0.0055703446269, 0.00356589420699, 0.00646902760491, 0.00165688886773, 0.00213387073018, 0.00129977392498, 0.000985419261269, 0.000719304895028, 0.000578272214625, 0.000628599489573, 0.000501588569023, 0.000412627618061, 0.000348426430719, 0.000281859654933, 0.000291471456876, 0.00031166995177, 0.000260005093878, 0.000204441312235, 0.00018523131439, 0.000205359887332, 0.000161300980835, 0.000186588411452, 0.000243481699727, 0.000156175490702, 3.410338104e-05],
        "dvar": [8.54023437569e-06, 0.000585197121836, 0.000144415927934, 4.32570668636e-05, 5.25492141605e-05, 6.23020832791e-06, 1.32923614728e-05, 5.96088148086e-06, 4.42099008069e-06, 2.22108315029e-06, 9.98103359962e-07, 1.06759841856e-06, 6.35469803001e-07, 3.50589516529e-07, 4.19576167587e-07, 1.26564543734e-07, 1.61192375003e-07, 2.10168749959e-07, 1.83133749942e-07, 1.41928424569e-07, 8.08919793371e-08, 9.17080740237e-08, 5.07924582394e-08, 6.31303151977e-08, 9.23733480818e-08, 6.07147256915e-08, 4.66437244384e-09],
        "dvar2": [1.3280409803e-05, 0.00130557897501, 0.000414883950725, 0.000124975267681, 0.000129018546431, 1.47549508256e-05, 3.07801383315e-05, 1.49597390191e-05, 9.50157755142e-06, 5.08909170094e-06, 2.29657689488e-06, 2.49964773502e-06, 1.48970718783e-06, 7.85746976817e-07, 9.59166982284e-07, 3.31449058422e-07, 3.5386344166e-07, 5.00596627262e-07, 3.99673751872e-07, 3.43519928947e-07, 1.90621307183e-07, 1.87209465707e-07, 1.02901090315e-07, 1.30980637891e-07, 1.7079457848e-07, 1.06582277226e-07, 8.78692141271e-09],
        "max": [0.040508877486, 0.270761817694, 0.0961822196841, 0.0615508928895, 0.0893995314837, 0.0513652600348, 0.0576323345304, 0.0625798553228, 0.0527481809258, 0.0486933961511, 0.0223901290447, 0.0224044881761, 0.0166915226728, 0.0127975093201, 0.0220027994365, 0.00590677326545, 0.00943656452, 0.00582440989092, 0.0067906328477, 0.00773418880999, 0.00511932838708, 0.00652329903096, 0.00360341905616, 0.00563574582338, 0.00622577685863, 0.00418799556792, 0.00254237186164],
        "mean": [0.00342645007186, 0.0352703854442, 0.00216062343679, 0.00152632792015, 0.00466314237565, 0.00126480928157, 0.00165014679078, 0.000900673971046, 0.000843445188366, 0.000563634734135, 0.000435709429439, 0.000517025531735, 0.000398126780055, 0.000381040794309, 0.00033329136204, 0.000245834467933, 0.000303906796034, 0.000282167282421, 0.000238226391957, 0.00016505822714, 0.00016613934713, 0.00021038496925, 0.000160712515935, 0.000172673433553, 0.000220362853725, 0.00015719649673, 3.65774612874e-05],
        "median": [4.72617284686e-05, 0.00418153172359, 0.000178661139216, 0.000336647150107, 0.00134148926008, 0.000439916766481, 0.000385928869946, 0.000215131949517, 0.000222805130761, 0.000194935622858, 9.73399291979e-05, 0.000139650786878, 0.000113201414933, 0.00014749073307, 0.000108844404167, 9.94798683678e-05, 0.000123087695101, 8.39556887513e-05, 6.39063146082e-05, 4.55375557067e-05, 5.01360336784e-05, 6.3351020799e-05, 3.86499414162e-05, 3.83332335332e-05, 5.05624993821e-05, 2.80223521258e-05, 5.43299165656e-06],
        "min": [2.53403816432e-24, 4.47301212099e-24, 8.40066852655e-25, 8.75496449732e-24, 1.68967142808e-23, 2.18695435438e-23, 2.91593499765e-24, 1.37184962456e-23, 3.52529790085e-23, 4.50726248934e-23, 3.90461251634e-23, 4.89167661727e-23, 6.32396087578e-23, 6.37208896406e-23, 5.21001291587e-23, 6.8351515776e-23, 1.15616262063e-22, 8.89166715022e-23, 1.65461870931e-22, 2.26206382065e-22, 2.73478714038e-22, 3.96950970488e-22, 5.02967009904e-22, 7.49425584486e-22, 9.6308147985e-22, 1.51160178653e-21, 2.03309180585e-21],
        "var": [3.91503199353e-05, 0.00268399878405, 8.40292559587e-05, 2.62206340267e-05, 7.22024051356e-05, 7.92546961748e-06, 1.80329298018e-05, 6.33764011582e-06, 6.5312924562e-06, 2.61129434875e-06, 1.39583062264e-06, 1.58822103913e-06, 8.47883882216e-07, 5.32309115897e-07, 6.67081508254e-07, 1.78581615273e-07, 2.89266921527e-07, 3.42171432521e-07, 3.07107512754e-07, 1.92463247117e-07, 1.306660522e-07, 1.78077883106e-07, 9.890958097e-08, 1.2535107885e-07, 2.21620069851e-07, 1.46503921883e-07, 1.03828021736e-08]
    },
    "erbbands": {
        "dmean": [0.628831267357, 2.07347941399, 3.21240615845, 5.38216352463, 10.0145750046, 14.005613327, 11.3040151596, 7.87481164932, 16.3209190369, 20.0637550354, 14.9972162247, 13.9181814194, 14.0796670914, 12.481924057, 16.1299057007, 14.2245988846, 14.3529968262, 12.48533535, 13.2496051788, 9.13474941254, 9.75026988983, 10.7085399628, 10.1021680832, 9.95570087433, 7.27661466599, 6.45593166351, 5.08744049072, 4.94848966599, 4.9739818573, 4.27031469345, 3.10820579529, 2.70938062668, 2.02065563202, 1.74623787403, 1.22117161751, 0.607846498489, 0.183217152953, 0.0360840335488, 0.00430705305189, 0.00020824643434],
        "dmean2": [0.736481428146, 3.29207611084, 5.84832239151, 10.0008573532, 17.4821529388, 22.9850482941, 18.45952034, 12.8586006165, 26.0778121948, 32.3893203735, 24.0478134155, 21.1587352753, 21.2002353668, 19.7910709381, 25.9956321716, 22.2368373871, 22.9724826813, 18.6640968323, 20.2566776276, 13.6198120117, 15.656047821, 16.1963367462, 15.3928995132, 15.4095907211, 11.457903862, 10.2321014404, 8.08775806427, 7.60499000549, 7.36336755753, 6.27235555649, 4.49975061417, 4.02380609512, 2.98983502388, 2.57350802422, 1.81725311279, 0.889339506626, 0.25350022316, 0.0493503250182, 0.00582283642143, 0.00028282077983],
        "dvar": [1.48113381863, 21.1945991516, 143.0597229, 397.7940979, 482.840484619, 851.804016113, 868.618286133, 439.281158447, 2154.54931641, 3768.4609375, 1748.27697754, 2491.09619141, 2429.65429688, 1402.9074707, 2056.75708008, 1261.86547852, 1395.26013184, 893.937927246, 1203.01745605, 566.341186523, 391.531066895, 521.652038574, 535.687438965, 593.604736328, 421.3309021, 354.325561523, 171.358825684, 138.607345581, 127.616874695, 78.1155776978, 40.4524307251, 29.8316040039, 16.2624092102, 10.8250226974, 5.42460203171, 1.69432663918, 0.189433589578, 0.00876206252724, 0.000139881347422, 2.72095093123e-07],
        "dvar2": [2.36975383759, 59.8025856018, 404.19909668, 1149.00488281, 1296.34472656, 2019.11120605, 2116.79492188, 1006.44207764, 4783.47900391, 9308.63378906, 4377.82910156, 5503.99707031, 5177.27832031, 3284.65869141, 4789.11376953, 2849.50048828, 3233.96606445, 1936.51269531, 2878.02099609, 1133.63415527, 980.495788574, 1124.53369141, 1182.60339355, 1377.71960449, 925.110656738, 866.506896973, 437.400604248, 312.702270508, 277.027282715, 160.200485229, 83.0322952271, 63.1902008057, 32.3939552307, 20.1232624054, 10.3368320465, 3.13913846016, 0.341554582119, 0.0164251327515, 0.000269215903245, 5.2936229622e-07],
        "max": [15.4995222092, 45.5621414185, 101.719451904, 171.672393799, 228.612976074, 508.713043213, 648.443481445, 615.98815918, 871.652709961, 1272.5904541, 956.626708984, 1326.74499512, 1975.46081543, 1546.96557617, 997.577880859, 749.474182129, 911.249328613, 506.976257324, 788.63873291, 1226.96875, 309.189453125, 535.277893066, 349.006652832, 329.424987793, 427.034362793, 336.566925049, 203.373214722, 260.99005127, 269.25390625, 160.672683716, 106.444129944, 133.397720337, 76.1176681519, 76.6790084839, 46.6536865234, 23.7318096161, 10.065826416, 2.84601926804, 0.454253464937, 0.0159073658288],
        "mean": [1.72872650623, 4.97574996948, 3.27939558029, 4.14383792877, 9.96581935883, 16.485332489, 14.1201791763, 10.411198616, 20.9788703918, 23.3193092346, 18.6712379456, 18.2172336578, 18.8369655609, 17.0205307007, 21.0951633453, 19.4189167023, 19.1047134399, 17.5395717621, 20.5035915375, 14.691529274, 14.8556041718, 17.3630542755, 15.7758083344, 14.0538024902, 10.4900197983, 8.26063156128, 6.57546949387, 7.02934789658, 7.5103635788, 6.10464000702, 4.43174648285, 3.70968008041, 2.80702614784, 2.33699440956, 1.61548435688, 0.822734415531, 0.258939266205, 0.0519161708653, 0.00623395480216, 0.000351175607648],
        "median": [0.233558401465, 0.667445898056, 0.568993628025, 0.862713873386, 2.7021791935, 3.77556085587, 4.43047618866, 3.92085051537, 5.55510234833, 5.28732156754, 5.48632574081, 4.92445421219, 6.22561454773, 6.63687705994, 5.85951089859, 5.18448638916, 5.77703857422, 5.97082138062, 8.31398582458, 5.786465168, 6.1483745575, 7.04106426239, 5.41563606262, 3.98148846626, 2.97783684731, 2.33859229088, 1.97105622292, 2.01636743546, 2.28772997856, 1.54745221138, 1.04567122459, 0.859614908695, 0.597762584686, 0.534265041351, 0.351386666298, 0.147859051824, 0.0442114584148, 0.00837514363229, 0.000971243600361, 0.000129499327159],
        "min": [1.84553352444e-22, 5.04749053e-22, 2.42612013077e-21, 2.67655758345e-20, 2.81713418205e-20, 4.07541321865e-20, 8.15979100719e-20, 1.22810187227e-19, 1.17573591112e-19, 1.78972287e-19, 3.09594703974e-19, 6.92337092913e-19, 1.10382961746e-18, 9.39308873693e-19, 1.75109544825e-18, 2.03171833222e-18, 2.7277171986e-18, 3.11111913484e-18, 3.5666460506e-18, 2.87491791772e-18, 4.54174847697e-18, 6.54738311613e-18, 5.11073127876e-18, 7.69213118714e-18, 8.67654229053e-18, 1.13914582488e-17, 9.3823167774e-18, 1.41671653646e-17, 1.41020530155e-17, 1.03842318497e-17, 1.42161096414e-17, 1.22717744623e-17, 1.38724045164e-17, 1.03853832851e-17, 8.16782621381e-18, 4.98518304615e-18, 2.69988298458e-18, 1.04211636029e-18, 2.65392033195e-19, 3.03537092327e-20],
        "var": [8.19345760345, 48.1368103027, 94.2379455566, 231.529449463, 419.658721924, 1282.59106445, 1153.24108887, 567.855102539, 3156.63110352, 4271.69335938, 2062.2980957, 3445.87207031, 3323.8293457, 1716.69616699, 3017.03833008, 1959.67211914, 1904.86022949, 1312.10998535, 1651.01477051, 1175.57678223, 619.196655273, 952.587890625, 947.095825195, 946.137145996, 688.826416016, 474.904785156, 231.129898071, 237.733657837, 231.649139404, 145.687454224, 78.6557998657, 55.4576530457, 35.0016212463, 25.9925460815, 12.1831645966, 3.9457628727, 0.426279693842, 0.0191347990185, 0.000302953267237, 5.94488142269e-07]
    },
    "gfcc": {
        "mean": [-16.3493862152, 64.2928619385, -97.1663818359, 17.7949028015, -49.0451011658, 13.6319551468, -35.7884902954, 8.89462184906, -20.9691810608, 4.63014411926, -16.0195293427, 5.98341608047, -9.2995672226],
        "cov": [[23984.4707031, -484.012084961, 1401.24645996, 2046.26831055, -551.395996094, -1009.92077637, -1682.27612305, -292.702056885, -527.138305664, -11.2591428757, -208.424209595, 294.344512939, -238.367797852], [-484.012084961, 1759.8001709, -78.0184783936, 311.253570557, 375.277984619, 123.568283081, 344.436920166, 216.18069458, 325.358856201, 112.145263672, 176.728027344, 45.5727577209, 134.475448608], [1401.24645996, -78.0184783936, 1378.59057617, 606.587585449, 367.181243896, 306.538208008, 126.004776001, 232.143234253, 146.169952393, 207.299163818, 121.14881134, 185.150772095, 128.419708252], [2046.26831055, 311.253570557, 606.587585449, 836.651855469, 336.780639648, 155.066146851, 82.847038269, 119.772018433, 169.03515625, 155.715835571, 139.437561035, 116.405593872, 125.828063965], [-551.395996094, 375.277984619, 367.181243896, 336.780639648, 569.942565918, 334.311676025, 360.863891602, 217.692184448, 230.442718506, 177.644470215, 169.740951538, 90.7120285034, 133.177749634], [-1009.92077637, 123.568283081, 306.538208008, 155.066146851, 334.311676025, 450.030853271, 370.62411499, 219.358123779, 194.429138184, 160.994857788, 134.467346191, 80.0124206543, 105.776504517], [-1682.27612305, 344.436920166, 126.004776001, 82.847038269, 360.863891602, 370.62411499, 562.778015137, 271.220001221, 231.352050781, 155.256011963, 163.614349365, 69.7925949097, 124.351249695], [-292.702056885, 216.18069458, 232.143234253, 119.772018433, 217.692184448, 219.358123779, 271.220001221, 268.727233887, 184.968566895, 141.69102478, 111.262504578, 70.1396484375, 78.6270370483], [-527.138305664, 325.358856201, 146.169952393, 169.03515625, 230.442718506, 194.429138184, 231.352050781, 184.968566895, 288.797149658, 154.427429199, 141.978637695, 78.6782302856, 80.2119750977], [-11.2591428757, 112.145263672, 207.299163818, 155.715835571, 177.644470215, 160.994857788, 155.256011963, 141.69102478, 154.427429199, 180.14251709, 112.247787476, 55.5071525574, 67.1125717163], [-208.424209595, 176.728027344, 121.14881134, 139.437561035, 169.740951538, 134.467346191, 163.614349365, 111.262504578, 141.978637695, 112.247787476, 161.956008911, 85.1381607056, 70.455406189], [294.344512939, 45.5727577209, 185.150772095, 116.405593872, 90.7120285034, 80.0124206543, 69.7925949097, 70.1396484375, 78.6782302856, 55.5071525574, 85.1381607056, 132.084686279, 61.0541801453], [-238.367797852, 134.475448608, 128.419708252, 125.828063965, 133.177749634, 105.776504517, 124.351249695, 78.6270370483, 80.2119750977, 67.1125717163, 70.455406189, 61.0541801453, 116.62462616]],
        "icov": [[0.000111144414404, -2.1442598154e-05, 5.52266428713e-05, -0.000373403221602, 5.73062679905e-05, 0.000115212445962, 0.000284570996882, -0.000339915335644, 0.000362120219506, -0.000294885714538, 0.00019879352476, -0.000470991159091, 0.000396865711082], [-2.1442598154e-05, 0.000946516403928, 0.000214095111005, -0.000222192742513, -0.000396115123294, 0.000588945404161, -0.000307545094984, -0.00032267277129, -0.000990105210803, 0.000828475225717, -0.000340129481629, 0.000588522118051, -0.000565999012906], [5.52266428713e-05, 0.000214095111005, 0.00168296974152, -0.00105018832255, -0.0004216832167, -0.000586922455113, 0.000816880783532, -0.00132799870335, 0.000854055164382, -0.000919224461541, 0.00115146499593, -0.00173216836993, 0.000336837401846], [-0.000373403221602, -0.000222192742513, -0.00105018832255, 0.00373268639669, -0.0011051450856, -0.000132017652504, -0.000154290042701, 0.00173724000342, -0.00158173916861, 0.000623409403488, -0.00137252314016, 0.0017438349314, -0.00235742121004], [5.73062679905e-05, -0.000396115123294, -0.0004216832167, -0.0011051450856, 0.00498709501699, -0.00140168494545, -0.00130294449627, 0.000354799849447, -0.000174871165655, -0.000463717704406, -0.000837309926283, 0.000535981846042, -0.000430640269769], [0.000115212445962, 0.000588945404161, -0.000586922455113, -0.000132017652504, -0.00140168494545, 0.00706917373464, -0.00289844418876, -0.000563196430448, -0.000445056997705, -0.00141184020322, 0.000623608997557, -0.000575334648602, 4.73111904284e-05], [0.000284570996882, -0.000307545094984, 0.000816880783532, -0.000154290042701, -0.00130294449627, -0.00289844418876, 0.00763332378119, -0.00446426402777, 0.000893352145795, 0.000761265400797, -0.00157880142797, 4.75364722661e-05, -0.000932958268095], [-0.000339915335644, -0.00032267277129, -0.00132799870335, 0.00173724000342, 0.000354799849447, -0.000563196430448, -0.00446426402777, 0.0124825797975, -0.00371511070989, -0.00269938562997, 0.000788021716289, 0.000221720401896, -0.000768223893829], [0.000362120219506, -0.000990105210803, 0.000854055164382, -0.00158173916861, -0.000174871165655, -0.000445056997705, 0.000893352145795, -0.00371511070989, 0.0114673506469, -0.00513131869957, -0.00133360596374, -0.0033044044394, 0.00240481877699], [-0.000294885714538, 0.000828475225717, -0.000919224461541, 0.000623409403488, -0.000463717704406, -0.00141184020322, 0.000761265400797, -0.00269938562997, -0.00513131869957, 0.0171367935836, -0.00714749470353, 0.00523602031171, -0.00315561378375], [0.00019879352476, -0.000340129481629, 0.00115146499593, -0.00137252314016, -0.000837309926283, 0.000623608997557, -0.00157880142797, 0.000788021716289, -0.00133360596374, -0.00714749470353, 0.0190193932503, -0.00893530994654, 0.000772109604441], [-0.000470991159091, 0.000588522118051, -0.00173216836993, 0.0017438349314, 0.000535981846042, -0.000575334648602, 4.75364722661e-05, 0.000221720401896, -0.0033044044394, 0.00523602031171, -0.00893530994654, 0.017679899931, -0.00650376360863], [0.000396865711082, -0.000565999012906, 0.000336837401846, -0.00235742121004, -0.000430640269769, 4.73111904284e-05, -0.000932958268095, -0.000768223893829, 0.00240481877699, -0.00315561378375, 0.000772109604441, -0.00650376360863, 0.0172726809978]]
    },
    "melbands": {
        "dmean": [0.00429048668593, 0.00184328772593, 0.00103584164754, 0.000895462639164, 0.000440629228251, 0.000182710107765, 0.000253328180406, 0.000213769511902, 0.000117201161629, 8.95338525879e-05, 7.2232200182e-05, 5.31661280547e-05, 5.32888661837e-05, 4.6251429012e-05, 3.52125898644e-05, 3.15127035719e-05, 2.32982056332e-05, 2.31524445553e-05, 1.57839604071e-05, 1.10968449007e-05, 1.20049880934e-05, 1.16424862426e-05, 1.06370362118e-05, 9.24281175685e-06, 8.32163641462e-06, 6.25860457149e-06, 4.17392448071e-06, 4.49738445241e-06, 3.41363102052e-06, 2.90473303721e-06, 2.99000066661e-06, 2.98791883324e-06, 2.76321543424e-06, 2.2922304197e-06, 1.83913039109e-06, 1.71556928308e-06, 1.73548426119e-06, 1.47677371842e-06, 1.36695825859e-06, 1.58882517098e-06],
        "dmean2": [0.00540716107935, 0.00308838742785, 0.00189574644901, 0.00150024495088, 0.000718654075172, 0.000297297025099, 0.000404942315072, 0.000346171116689, 0.000186560151633, 0.000136438378831, 0.000109638283902, 8.52297453093e-05, 8.52820885484e-05, 7.34640925657e-05, 5.60353473702e-05, 4.97056498716e-05, 3.52886672772e-05, 3.57418393833e-05, 2.35095394601e-05, 1.76461999217e-05, 1.95940447156e-05, 1.7535425286e-05, 1.67564012372e-05, 1.44248488141e-05, 1.2954680642e-05, 1.00731158454e-05, 6.43154498903e-06, 7.27842962078e-06, 5.56390750717e-06, 4.51571168014e-06, 4.63813239548e-06, 4.52733593193e-06, 4.13927909904e-06, 3.43105079992e-06, 2.73110231319e-06, 2.52020890912e-06, 2.61613308794e-06, 2.18346121983e-06, 2.06879053621e-06, 2.37496374211e-06],
        "dvar": [6.77621646901e-05, 2.59115422523e-05, 1.16775199785e-05, 3.03613865071e-06, 1.07913876946e-06, 2.13731098597e-07, 4.90526360863e-07, 4.04104724794e-07, 1.03622127767e-07, 1.0150171903e-07, 6.21831262038e-08, 2.76245071262e-08, 2.19788063305e-08, 1.50147680955e-08, 9.12930531172e-09, 6.72481315078e-09, 3.1078735141e-09, 3.43454487073e-09, 2.15498507927e-09, 5.88743387375e-10, 5.93653903813e-10, 6.38211150594e-10, 6.0101873478e-10, 4.20463025508e-10, 4.14633549717e-10, 2.88829044015e-10, 1.73225392364e-10, 1.66232749788e-10, 8.2859982764e-11, 4.84693570002e-11, 5.07132703886e-11, 4.82232725973e-11, 3.59230735436e-11, 2.31426249692e-11, 1.54706802924e-11, 1.11788009405e-11, 1.39910773939e-11, 9.8240009877e-12, 6.69762465974e-12, 9.51151917644e-12],
        "dvar2": [0.000131748864078, 7.12276305421e-05, 3.34749602189e-05, 7.46159776099e-06, 2.59974808614e-06, 4.91835237426e-07, 1.10695168587e-06, 1.00158877103e-06, 2.51095514159e-07, 2.23932801191e-07, 1.3286123135e-07, 6.54594245475e-08, 5.08467756788e-08, 3.50384397052e-08, 2.11752837487e-08, 1.5325747782e-08, 6.92560497839e-09, 8.35303826108e-09, 4.50444437305e-09, 1.3777914365e-09, 1.52002266329e-09, 1.38142253192e-09, 1.42772715872e-09, 9.6919250403e-10, 9.69886171376e-10, 6.50723863682e-10, 4.00265570688e-10, 4.20801699041e-10, 2.19118209688e-10, 1.11363376853e-10, 1.14714120147e-10, 1.08117632902e-10, 7.65975963213e-11, 4.8777610423e-11, 3.29190494308e-11, 2.35513743924e-11, 3.12062667374e-11, 2.00887848023e-11, 1.37149293658e-11, 1.8356810863e-11],
        "max": [0.100150205195, 0.0456346049905, 0.0302448235452, 0.0201732013375, 0.0199824925512, 0.0120974630117, 0.0125653464347, 0.0130992382765, 0.00628841063008, 0.00948494579643, 0.0097909392789, 0.00681190378964, 0.00353275286034, 0.00296204118058, 0.00186685600784, 0.00184469588567, 0.00113012630027, 0.00127984455321, 0.00213874340989, 0.00052622158546, 0.000362424732884, 0.000606719520874, 0.000414603040554, 0.000353735027602, 0.000294960249448, 0.000296369718853, 0.00035212203511, 0.000185672353837, 0.000140343167004, 0.000115240130981, 0.000168320213561, 0.000187471232493, 0.000159755451023, 9.71446788753e-05, 6.5719927079e-05, 5.90191993979e-05, 0.000102928017441, 5.67979368498e-05, 4.52879394288e-05, 7.83623981988e-05],
        "mean": [0.0120313270018, 0.0032456277404, 0.00084798655007, 0.00101021619048, 0.000557217164896, 0.000237589338212, 0.000324292370351, 0.000246960145887, 0.000145350306411, 0.000114945876703, 9.45175488596e-05, 6.96768474882e-05, 6.79387812852e-05, 5.99903432885e-05, 4.52835447504e-05, 3.9259542973e-05, 3.14650314976e-05, 3.44034160662e-05, 2.34547060245e-05, 1.64358043548e-05, 1.72381987795e-05, 1.79537346412e-05, 1.59687242558e-05, 1.3204867173e-05, 1.11993113023e-05, 8.69724499353e-06, 5.82767415835e-06, 5.37687174074e-06, 4.1005064304e-06, 3.92832816942e-06, 4.11876226281e-06, 4.35836864199e-06, 3.90783361581e-06, 3.14208114105e-06, 2.53681696449e-06, 2.33602986555e-06, 2.26358201871e-06, 1.99780515686e-06, 1.83367717455e-06, 2.03730314752e-06],
        "median": [0.00168506847695, 0.000631101953331, 0.000203355273698, 0.000248943979386, 0.000166615835042, 8.50752476254e-05, 8.10148194432e-05, 5.76393904339e-05, 4.04140664614e-05, 2.96726248052e-05, 3.09156348521e-05, 2.77664767054e-05, 1.73360767803e-05, 1.58791353897e-05, 1.20265394798e-05, 1.05110575532e-05, 1.10293740363e-05, 1.40950569403e-05, 7.61606997912e-06, 6.45779982733e-06, 6.79525555825e-06, 6.85334998707e-06, 5.65621485293e-06, 4.10718985222e-06, 2.89857803182e-06, 2.24717018682e-06, 1.61779598784e-06, 1.36810047024e-06, 1.13909686661e-06, 1.06177958514e-06, 1.14938643492e-06, 1.30755245209e-06, 1.0364052514e-06, 7.46068337776e-07, 5.74965838496e-07, 5.26769099451e-07, 4.77322373627e-07, 3.74409495407e-07, 4.283301962e-07, 4.32784958093e-07],
        "min": [1.93518071901e-24, 1.18998030666e-24, 4.1960292521e-24, 3.4868212102e-24, 2.753512876e-24, 3.45378371549e-24, 1.63464236488e-24, 2.26238641743e-24, 2.87898199184e-24, 4.93546644389e-24, 5.28809239612e-24, 2.77769560427e-24, 5.53945503496e-24, 5.39309175475e-24, 4.40578145034e-24, 6.07161626288e-24, 5.06622211108e-24, 5.77870668675e-24, 3.55739349564e-24, 4.77587317744e-24, 5.43554390994e-24, 6.79525178188e-24, 4.25450080569e-24, 3.08928560385e-24, 5.21814567737e-24, 6.07115122938e-24, 5.53355514425e-24, 7.43642767045e-24, 5.5786077794e-24, 6.52584079439e-24, 7.73266781733e-24, 6.58169411863e-24, 6.84873418467e-24, 5.55006876401e-24, 8.27146297104e-24, 7.36866372983e-24, 6.91018171602e-24, 9.73703558203e-24, 8.51880478584e-24, 8.15144172861e-24],
        "var": [0.000346465560142, 2.96375255857e-05, 7.02925126461e-06, 3.94874041376e-06, 1.54373435635e-06, 2.84739570588e-07, 7.03557986981e-07, 4.51422010883e-07, 1.32162469413e-07, 1.39517595699e-07, 8.47028331918e-08, 3.212602806e-08, 3.20514850216e-08, 2.26145147053e-08, 1.24888606123e-08, 9.03278518649e-09, 4.3046215481e-09, 4.59038584921e-09, 3.92984711439e-09, 9.4931185135e-10, 8.86395956634e-10, 1.1254098764e-09, 9.52767753581e-10, 7.1123806844e-10, 6.36936003939e-10, 4.54196236177e-10, 2.51675097429e-10, 2.05806122144e-10, 9.92045404158e-11, 7.98718660655e-11, 8.38464922492e-11, 8.07063374464e-11, 6.45008976785e-11, 3.9871560914e-11, 2.7798388591e-11, 2.1110384274e-11, 2.34613838773e-11, 1.98435885779e-11, 1.40872574023e-11, 2.17125466911e-11]
    },
    "mfcc": {
        "mean": [-660.845947266, 107.043815613, 7.09864044189, 14.3578395844, 7.32954788208, 4.96387720108, -1.99246203899, 3.76975917816, 0.602676808834, -2.77589869499, 1.81846952438, -1.6328574419, -1.52349865437],
        "cov": [[10265.9824219, 427.042602539, 473.211730957, 517.881286621, 330.429718018, 50.7641487122, -228.840637207, -69.5462265015, -200.653030396, -207.105651855, 61.7708473206, -76.4139556885, -83.8003082275], [427.042602539, 1449.85949707, -61.0250968933, 257.597900391, 125.933906555, 93.3824157715, 115.099235535, 180.141784668, 171.048614502, 130.450622559, 154.842819214, 113.242698669, 96.8481750488], [473.211730957, -61.0250968933, 923.015563965, 320.112121582, 335.156402588, 224.863052368, 164.450866699, 148.975860596, 165.635406494, 111.505050659, 121.403511047, 106.430137634, 104.624359131], [517.881286621, 257.597900391, 320.112121582, 522.356384277, 301.396240234, 233.512283325, 161.46144104, 138.088226318, 147.598999023, 149.341644287, 118.033126831, 109.402656555, 99.6101989746], [330.429718018, 125.933906555, 335.156402588, 301.396240234, 402.836791992, 235.702987671, 143.90322876, 123.410293579, 128.682739258, 131.44744873, 122.977485657, 89.5531387329, 94.0665359497], [50.7641487122, 93.3824157715, 224.863052368, 233.512283325, 235.702987671, 316.364318848, 214.776504517, 157.818313599, 151.693878174, 147.58706665, 115.791343689, 110.13910675, 102.497772217], [-228.840637207, 115.099235535, 164.450866699, 161.46144104, 143.90322876, 214.776504517, 351.672210693, 180.658889771, 188.058410645, 163.935043335, 98.892616272, 134.195510864, 106.081497192], [-69.5462265015, 180.141784668, 148.975860596, 138.088226318, 123.410293579, 157.818313599, 180.658889771, 243.21244812, 159.169128418, 115.692695618, 131.794464111, 110.783477783, 98.6496276855], [-200.653030396, 171.048614502, 165.635406494, 147.598999023, 128.682739258, 151.693878174, 188.058410645, 159.169128418, 228.533203125, 162.643661499, 113.203727722, 114.566429138, 92.7242355347], [-207.105651855, 130.450622559, 111.505050659, 149.341644287, 131.44744873, 147.58706665, 163.935043335, 115.692695618, 162.643661499, 227.308044434, 128.282104492, 119.020256042, 95.9611053467], [61.7708473206, 154.842819214, 121.403511047, 118.033126831, 122.977485657, 115.791343689, 98.892616272, 131.794464111, 113.203727722, 128.282104492, 178.214904785, 115.622871399, 89.3098678589], [-76.4139556885, 113.242698669, 106.430137634, 109.402656555, 89.5531387329, 110.13910675, 134.195510864, 110.783477783, 114.566429138, 119.020256042, 115.622871399, 151.732543945, 103.453727722], [-83.8003082275, 96.8481750488, 104.624359131, 99.6101989746, 94.0665359497, 102.497772217, 106.081497192, 98.6496276855, 92.7242355347, 95.9611053467, 89.3098678589, 103.453727722, 124.412025452]],
