{
"lowlevel": {
    "average_loudness": 0.756179988384,
    "barkbands_crest": {
        "dmean": 2.05789470673,
        "dmean2": 3.25105953217,
        "dvar": 4.62092924118,
        "dvar2": 11.0143079758,
        "max": 26.4521980286,
        "mean": 12.595249176,
        "median": 11.8003015518,
        "min": 2.93696093559,
        "var": 18.9750099182
    },
    "barkbands_flatness_db": {
        "dmean": 0.0231658089906,
        "dmean2": 0.0335847213864,
        "dvar": 0.00063811551081,
        "dvar2": 0.00121457397472,
        "max": 0.567024469376,
        "mean": 0.232488557696,
        "median": 0.226964637637,
        "min": 0.0416763611138,
        "var": 0.00368564086966
    },
    "barkbands_kurtosis": {
        "dmean": 3.58943152428,
        "dmean2": 5.41887998581,
        "dvar": 35.8924026489,
        "dvar2": 77.7517318726,
        "max": 297.494628906,
        "mean": 9.84308624268,
        "median": 5.9327378273,
        "min": -1.77689862251,
        "var": 192.788955688
    },
    "barkbands_skewness": {
        "dmean": 0.465093046427,
        "dmean2": 0.699601829052,
        "dvar": 0.275229096413,
        "dvar2": 0.586359083652,
        "max": 15.6671257019,
        "mean": 2.36036729813,
        "median": 2.25089836121,
        "min": -2.29209756851,
        "var": 1.77648854256
    },
    "barkbands_spread": {
        "dmean": 2.0526843071,
        "dmean2": 3.11419701576,
        "dvar": 7.67987537384,
        "dvar2": 16.7578163147,
        "max": 103.146186829,
        "mean": 8.77083587646,
        "median": 7.66823196411,
        "min": 0.282163798809,
        "var": 37.1553993225
    },
    "dissonance": {
        "dmean": 0.0239703655243,
        "dmean2": 0.0394759327173,
        "dvar": 0.000520291854627,
        "dvar2": 0.00132680137176,
        "max": 0.499996483326,
        "mean": 0.427765578032,
        "median": 0.435445427895,
        "min": 0.185856699944,
        "var": 0.0018639418995
    },
    "dynamic_complexity": 2.95825457573,
    "erbbands_crest": {
        "dmean": 2.16835927963,
        "dmean2": 3.33293700218,
        "dvar": 6.23949766159,
        "dvar2": 13.8217563629,
        "max": 32.3980903625,
        "mean": 11.4267559052,
        "median": 10.3002376556,
        "min": 2.13074302673,
        "var": 23.8989582062
    },
    "erbbands_flatness_db": {
        "dmean": 0.0171997249126,
        "dmean2": 0.0246063731611,
        "dvar": 0.000399439770263,
        "dvar2": 0.000757509609684,
        "max": 0.384669691324,
        "mean": 0.22240075469,
        "median": 0.223905026913,
        "min": 0.0255338381976,
        "var": 0.00186055921949
    },
    "erbbands_kurtosis": {
        "dmean": 0.743856430054,
        "dmean2": 1.14205336571,
        "dvar": 2.46575951576,
        "dvar2": 5.76890897751,
        "max": 64.3849563599,
        "mean": 0.448390781879,
        "median": -0.381662607193,
        "min": -1.83533108234,
        "var": 12.6997795105
    },
    "erbbands_skewness": {
        "dmean": 0.292319774628,
        "dmean2": 0.434870481491,
        "dvar": 0.114974178374,
        "dvar2": 0.238993182778,
        "max": 7.55442905426,
        "mean": 0.45833298564,
        "median": 0.372619956732,
        "min": -3.55010914803,
        "var": 0.728728473186
    },
    "erbbands_spread": {
        "dmean": 4.38836526871,
        "dmean2": 6.62101364136,
        "dvar": 26.5289421082,
        "dvar2": 56.1909179688,
        "max": 126.564529419,
        "mean": 28.6984786987,
        "median": 28.1125946045,
        "min": 2.58777689934,
        "var": 113.92766571
    },
    "hfc": {
        "dmean": 2.85685777664,
        "dmean2": 3.71679663658,
        "dvar": 25.544626236,
        "dvar2": 42.6713676453,
        "max": 150.034576416,
        "mean": 11.7593240738,
        "median": 8.53861618042,
        "min": 1.16329506508e-16,
        "var": 141.130813599
    },
    "melbands_crest": {
        "dmean": 2.54494595528,
        "dmean2": 4.03763246536,
        "dvar": 6.8202586174,
        "dvar2": 16.4310302734,
        "max": 34.5306053162,
        "mean": 17.4181022644,
        "median": 16.7773284912,
        "min": 1.66936600208,
        "var": 29.2969036102
    },
    "melbands_flatness_db": {
        "dmean": 0.0269360374659,
        "dmean2": 0.0383975841105,
        "dvar": 0.000888676033355,
        "dvar2": 0.00165901391301,
        "max": 0.741399645805,
        "mean": 0.330356061459,
        "median": 0.320933461189,
        "min": 0.00464143278077,
        "var": 0.00590719748288
    },
    "melbands_kurtosis": {
        "dmean": 6.6862244606,
        "dmean2": 10.1343832016,
        "dvar": 240.552001953,
        "dvar2": 562.979980469,
        "max": 804.192016602,
        "mean": 19.7491989136,
        "median": 13.0957174301,
        "min": -1.77473831177,
        "var": 764.382873535
    },
    "melbands_skewness": {
        "dmean": 0.574438810349,
        "dmean2": 0.864858746529,
        "dvar": 0.489867866039,
        "dvar2": 1.05888235569,
        "max": 21.9348049164,
        "mean": 3.29310059547,
        "median": 3.13468241692,
        "min": -1.21894752979,
        "var": 2.72084593773
    },
    "melbands_spread": {
        "dmean": 2.52096414566,
        "dmean2": 3.84983873367,
        "dvar": 14.4606208801,
        "dvar2": 30.6644191742,
        "max": 187.333557129,
        "mean": 9.86810970306,
        "median": 7.71866703033,
        "min": 0.322115123272,
        "var": 81.2378463745
    },
    "pitch_salience": {
        "dmean": 0.0573599822819,
        "dmean2": 0.0911907479167,
        "dvar": 0.00339458114468,
        "dvar2": 0.00806102808565,
        "max": 0.883981406689,
        "mean": 0.484752207994,
        "median": 0.493863105774,
        "min": 0.0932623073459,
        "var": 0.0129297366366
    },
    "silence_rate_20dB": {
        "dmean": 0,
        "dmean2": 0,
        "dvar": 0,
        "dvar2": 0,
        "max": 1,
        "mean": 1,
        "median": 1,
        "min": 1,
        "var": 0
    },
    "silence_rate_30dB": {
        "dmean": 0.00732880365103,
        "dmean2": 0.0146587267518,
        "dvar": 0.00727493362501,
        "dvar2": 0.017038974911,
        "max": 1,
        "mean": 0.989847302437,
        "median": 1,
        "min": 0,
        "var": 0.0100498469546
    },
    "silence_rate_60dB": {
        "dmean": 0.00595465302467,
        "dmean2": 0.0119102150202,
        "dvar": 0.00591985136271,
        "dvar2": 0.0140553703532,
        "max": 1,
        "mean": 0.0290839690715,
        "median": 0,
        "min": 0,
        "var": 0.0282353274524
    },
    "spectral_centroid": {
        "dmean": 94.0612487793,
        "dmean2": 142.908905029,
        "dvar": 20810.4335938,
        "dvar2": 41475.9179688,
        "max": 11016.6025391,
        "mean": 535.790161133,
        "median": 470.744506836,
        "min": 101.854042053,
        "var": 98661.2734375
    },
    "spectral_complexity": {
        "dmean": 1.89632797241,
        "dmean2": 2.93938016891,
        "dvar": 4.62637233734,
        "dvar2": 9.61821079254,
        "max": 38,
        "mean": 12.3170995712,
        "median": 12,
        "min": 0,
        "var": 23.2394752502
    },
    "spectral_decrease": {
        "dmean": 1.96367366812e-09,
        "dmean2": 2.84928169947e-09,
        "dvar": 7.33740884352e-18,
        "dvar2": 1.56516782858e-17,
        "max": 1.84043488351e-18,
        "mean": -7.83991893627e-09,
        "median": -6.63370824938e-09,
        "min": -6.37623216448e-08,
        "var": 3.31133667182e-17
    },
    "spectral_energy": {
        "dmean": 0.00763031933457,
        "dmean2": 0.0110332109034,
        "dvar": 0.000111153603939,
        "dvar2": 0.000235133979004,
        "max": 0.252275466919,
        "mean": 0.0306561142206,
        "median": 0.0259281173348,
        "min": 1.06756543779e-20,
        "var": 0.000509537872858
    },
    "spectral_energyband_high": {
        "dmean": 2.66207334789e-05,
        "dmean2": 3.5261229641e-05,
        "dvar": 5.1405844026e-09,
        "dvar2": 1.00017008009e-08,
        "max": 0.00217927712947,
        "mean": 5.50306249352e-05,
        "median": 1.61229763762e-05,
        "min": 7.3522163523e-21,
        "var": 1.56095847359e-08
    },
    "spectral_energyband_low": {
        "dmean": 0.00380867253989,
        "dmean2": 0.00584833556786,
        "dvar": 3.23862841469e-05,
        "dvar2": 7.88252509665e-05,
        "max": 0.144193679094,
        "mean": 0.0104568023235,
        "median": 0.00712353596464,
        "min": 1.20167181692e-22,
        "var": 0.000117777650303
    },
    "spectral_energyband_middle_high": {
        "dmean": 0.00113455473911,
        "dmean2": 0.0014617604902,
        "dvar": 9.02871943254e-06,
        "dvar2": 1.50376654346e-05,
        "max": 0.113725684583,
        "mean": 0.00358467968181,
        "median": 0.0017231781967,
        "min": 1.77977501339e-21,
        "var": 3.60804879165e-05
    },
    "spectral_energyband_middle_low": {
        "dmean": 0.00571747031063,
        "dmean2": 0.00840351730585,
        "dvar": 7.41746262065e-05,
        "dvar2": 0.000163946242537,
        "max": 0.190497100353,
        "mean": 0.0206349473447,
        "median": 0.0166640225798,
        "min": 3.13770295954e-22,
        "var": 0.000281421875115
    },
    "spectral_entropy": {
        "dmean": 0.242621392012,
        "dmean2": 0.355054348707,
        "dvar": 0.0777836591005,
        "dvar2": 0.150197029114,
        "max": 9.79022121429,
        "mean": 6.34622955322,
        "median": 6.34323310852,
        "min": 4.01266384125,
        "var": 0.289020568132
    },
    "spectral_flux": {
        "dmean": 0.0224685464054,
        "dmean2": 0.0348346605897,
        "dvar": 0.00061696767807,
        "dvar2": 0.00145368708763,
        "max": 0.327737778425,
        "mean": 0.05439081043,
        "median": 0.0458921790123,
        "min": 1.03323058442e-10,
        "var": 0.00137844693381
    },
    "spectral_kurtosis": {
        "dmean": 8.51492023468,
        "dmean2": 14.3014535904,
        "dvar": 88.5335922241,
        "dvar2": 214.909225464,
        "max": 126.486312866,
        "mean": 21.7064533234,
        "median": 16.4434623718,
        "min": -1.14651381969,
        "var": 254.510025024
    },
    "spectral_rms": {
        "dmean": 0.000651058449876,
        "dmean2": 0.000934286566917,
        "dvar": 5.38513518222e-07,
        "dvar2": 1.10569749268e-06,
        "max": 0.0156882889569,
        "mean": 0.005115267355,
        "median": 0.00502948556095,
        "min": 3.22727023057e-12,
        "var": 3.74237652068e-06
    },
    "spectral_rolloff": {
        "dmean": 137.780456543,
        "dmean2": 236.997253418,
        "dvar": 90914.765625,
        "dvar2": 181430.28125,
        "max": 19293.75,
        "mean": 620.205627441,
        "median": 430.6640625,
        "min": 86.1328125,
        "var": 810554.875
    },
    "spectral_skewness": {
        "dmean": 0.6400603652,
        "dmean2": 1.056001544,
        "dvar": 0.421180427074,
        "dvar2": 0.98950189352,
        "max": 9.1811542511,
        "mean": 3.20965886116,
        "median": 2.91020035744,
        "min": -0.00857569277287,
        "var": 1.42878985405
    },
    "spectral_spread": {
        "dmean": 350881,
        "dmean2": 546009.1875,
        "dvar": 211148046336,
        "dvar2": 387525115904,
        "max": 39957148,
        "mean": 2393917.25,
        "median": 2240350.5,
        "min": 811581.25,
        "var": 1.02642758451e+12
    },
    "spectral_strongpeak": {
        "dmean": 0.341414093971,
        "dmean2": 0.561163127422,
        "dvar": 0.483257949352,
        "dvar2": 1.08190643787,
        "max": 12.8501272202,
        "mean": 0.912999033928,
        "median": 0.693630635738,
        "min": 0,
        "var": 0.924482643604
    },
    "zerocrossingrate": {
        "dmean": 0.00393469166011,
        "dmean2": 0.00474972603843,
        "dvar": 2.40213812503e-05,
        "dvar2": 2.68649237114e-05,
        "max": 0.51953125,
        "mean": 0.0258182622492,
        "median": 0.02294921875,
        "min": 0.00439453125,
        "var": 0.000590800016653
    },
    "barkbands": {
        "dmean": [6.18964804744e-06, 0.000403935846407, 0.00236970977858, 0.00210934504867, 0.00403212243691, 0.000736761838198, 0.00021379176178, 0.000183503318112, 0.000383148319088, 0.000409593485529, 0.000159209608682, 0.000366503314581, 0.000174639266334, 0.000192933599465, 0.000164191093063, 0.000116961273307, 6.24046151643e-05, 2.11139577004e-05, 2.98350842058e-05, 1.77230795089e-05, 7.68456357036e-06, 3.02358830595e-06, 4.99668658449e-06, 2.33098148783e-06, 3.38607105732e-06, 2.06393451663e-06, 6.094291507e-07],
        "dmean2": [1.0262527212e-05, 0.000661564758047, 0.00360720371827, 0.00326356431469, 0.00606934307143, 0.00107203715015, 0.000309879920678, 0.000252371333772, 0.000528821954504, 0.00057061255211, 0.000235602405155, 0.000471603387268, 0.000239899862208, 0.000272569857771, 0.0002402371465, 0.000178824018803, 8.81361629581e-05, 3.20370781992e-05, 4.45497898909e-05, 2.5622512112e-05, 1.13878186312e-05, 4.30786758443e-06, 7.23102357369e-06, 3.18692218571e-06, 3.9776500671e-06, 2.58763930105e-06, 7.87920328094e-07],
        "dvar": [1.11753953314e-10, 6.52405390156e-07, 1.39373996717e-05, 1.16700757644e-05, 5.01407121192e-05, 8.68003462529e-06, 2.80663215335e-07, 2.45245331598e-07, 1.64850405326e-06, 3.19799073623e-06, 7.52419623495e-07, 3.47925129063e-06, 1.07403275251e-06, 3.22708473277e-07, 2.74415810964e-07, 1.39428536272e-07, 8.27227566447e-08, 2.43793096821e-09, 6.38823616228e-09, 3.70052921639e-09, 1.04130670753e-09, 1.61938004672e-10, 5.35190003426e-10, 7.731370405e-11, 3.4000838256e-10, 9.68236740784e-11, 6.90017877905e-12],
        "dvar2": [3.03231523224e-10, 2.00246995519e-06, 3.61165330105e-05, 2.70263044513e-05, 0.000116677700134, 1.67983744177e-05, 5.06334856709e-07, 4.06250023843e-07, 2.74907142739e-06, 5.7636029851e-06, 1.65086146353e-06, 6.5309150159e-06, 1.60376293934e-06, 5.76148067921e-07, 4.92577328259e-07, 3.12654464096e-07, 1.42890002053e-07, 4.97777596919e-09, 1.29613750843e-08, 6.11407990903e-09, 2.77165490559e-09, 3.04705954912e-10, 1.13519693645e-09, 1.2997991572e-10, 4.27937602021e-10, 1.43997411217e-10, 9.23121995511e-12],
        "max": [0.000263887632173, 0.0160786192864, 0.0626634210348, 0.109375417233, 0.177165135741, 0.119070030749, 0.0327293165028, 0.0348653905094, 0.0784767717123, 0.0823603570461, 0.0365382023156, 0.0615100041032, 0.0562053099275, 0.0215408802032, 0.0449778325856, 0.0172050110996, 0.020066305995, 0.00197842367925, 0.00276517611928, 0.00406077457592, 0.00170001992956, 0.000652711896691, 0.00080581108341, 0.000424026628025, 0.000948320666794, 0.000417573028244, 0.000153062312165],
        "mean": [8.05053059594e-06, 0.000946917338297, 0.00587314879522, 0.00551231624559, 0.0100860381499, 0.00174323027022, 0.000659207871649, 0.000565360242035, 0.0011302609928, 0.00127283250913, 0.000307068461552, 0.000773753388785, 0.000398615840822, 0.000430019688793, 0.000390780245652, 0.000255001155892, 0.000132557906909, 4.02396472055e-05, 5.16207619512e-05, 3.50113114109e-05, 1.43978350025e-05, 5.53812560611e-06, 7.80979098636e-06, 4.49176195616e-06, 7.10336189513e-06, 3.73793773178e-06, 1.10306268652e-06],
        "median": [4.06540766562e-06, 0.000520404428244, 0.00304867629893, 0.00333401560783, 0.00633296556771, 0.000546872499399, 0.000245400471613, 0.000207888981095, 0.000362845894415, 0.000233120954363, 5.20237372257e-05, 0.000144941077451, 0.000105842234916, 0.000125814898638, 0.000136172253406, 8.4870684077e-05, 4.16716939071e-05, 1.56527166837e-05, 1.42305470945e-05, 9.92815785139e-06, 3.77331161872e-06, 1.35551931635e-06, 1.3383487385e-06, 7.06597688804e-07, 4.23996596055e-07, 2.36854987179e-07, 1.36114948646e-07],
        "min": [4.86550852332e-23, 5.4668723375e-23, 1.82343368085e-23, 5.23790956183e-23, 2.46543550679e-23, 1.96719884766e-23, 6.67967151081e-23, 4.81411360425e-23, 6.73066411081e-23, 6.37939570931e-23, 4.04708552899e-23, 7.64281577136e-23, 5.71497224763e-23, 1.95389638088e-22, 1.81735781104e-22, 1.40608587231e-22, 2.37948141188e-22, 2.00583422557e-22, 4.91607816766e-22, 2.52540730026e-22, 3.28036788627e-22, 4.88218516907e-22, 7.9447840266e-22, 8.82224070102e-22, 9.64363953111e-22, 1.7005272333e-21, 2.27241700787e-21],
        "var": [1.45526063422e-10, 1.61413277056e-06, 5.19934837939e-05, 4.27812665293e-05, 0.000134490270284, 1.98843463295e-05, 1.57604688411e-06, 1.81249436082e-06, 7.71397662902e-06, 1.56108471856e-05, 1.39300266255e-06, 8.41096425575e-06, 3.10209361487e-06, 1.0302977671e-06, 1.20238678392e-06, 4.8900682259e-07, 2.44671639393e-07, 7.61832019691e-09, 1.79610033513e-08, 1.19214229599e-08, 1.66955382852e-09, 5.00905650291e-10, 9.89141213381e-10, 2.92494473086e-10, 1.46845224869e-09, 3.28842952868e-10, 3.00034788681e-11]
    },
    "erbbands": {
        "dmean": [0.00418520532548, 0.133982673287, 1.77792000771, 6.1589345932, 8.60658931732, 18.2857151031, 6.29492092133, 6.15372991562, 3.35856962204, 2.96315979958, 4.35318231583, 6.63087749481, 17.6933193207, 6.24048662186, 7.74350976944, 15.754281044, 8.33001232147, 10.8111124039, 7.92203521729, 5.96328878403, 8.19920635223, 2.62807178497, 1.13834857941, 1.61525261402, 1.08802294731, 0.975628197193, 0.43427619338, 0.182659700513, 0.105653129518, 0.126734107733, 0.113154679537, 0.0687752217054, 0.0459420420229, 0.0440254732966, 0.0195876378566, 0.0103482119739, 0.00351102137938, 0.00107862160075, 9.30415553739e-05, 1.01911064121e-05],
        "dmean2": [0.00695692142472, 0.216324180365, 2.72212862968, 9.52222537994, 12.9804506302, 28.0786304474, 9.19226646423, 9.14430618286, 4.90656042099, 4.35934686661, 5.89932632446, 9.31063461304, 24.1955356598, 8.80696582794, 10.7106618881, 20.2775821686, 11.0893764496, 15.24883461, 10.9408559799, 9.21063232422, 12.3379201889, 3.77719974518, 1.66274356842, 2.40277671814, 1.58573305607, 1.39597892761, 0.640248656273, 0.274365991354, 0.154895424843, 0.17003236711, 0.165213465691, 0.0996824875474, 0.0610537715256, 0.0537322089076, 0.023400304839, 0.0124746365473, 0.0043187350966, 0.00129166385159, 0.000125332706375, 1.42616800076e-05],
        "dvar": [6.09021990385e-05, 0.0593873895705, 7.81039619446, 98.3172454834, 197.336517334, 1258.67077637, 274.883209229, 689.270996094, 72.7856140137, 47.0095443726, 149.375259399, 455.635894775, 4247.14306641, 1329.86975098, 1075.20922852, 7142.32861328, 2594.44116211, 960.820129395, 848.305603027, 257.011444092, 711.83190918, 73.0450973511, 6.06682348251, 17.3111305237, 11.062502861, 13.5204324722, 1.65358889103, 1.6289087534, 0.14848202467, 0.332462906837, 0.250070244074, 0.0678962469101, 0.0341983549297, 0.0583626367152, 0.0141934929416, 0.00281634018756, 0.000276956066955, 2.57025276369e-05, 1.09072729515e-07, 2.53612575385e-10],
        "dvar2": [0.000192285282537, 0.176884517074, 20.4741077423, 227.590377808, 419.260498047, 3148.82446289, 546.681762695, 1401.36462402, 131.208831787, 91.4742126465, 244.23928833, 812.949523926, 7200.09082031, 2852.68579102, 2125.5859375, 13675.4638672, 3891.29858398, 1740.77648926, 1428.24389648, 563.881408691, 1565.65991211, 133.344360352, 11.7574138641, 31.7242164612, 22.2619953156, 22.1624774933, 3.81387400627, 4.66572380066, 0.355945169926, 0.562081158161, 0.544838130474, 0.140107005835, 0.0549986325204, 0.074655354023, 0.019320147112, 0.00408987142146, 0.000373312068405, 3.07668415189e-05, 1.73824034277e-07, 5.07918429538e-10],
        "max": [0.170903980732, 4.45363759995, 45.878944397, 312.971557617, 324.441680908, 939.27734375, 540.634155273, 1085.05358887, 504.844451904, 272.677215576, 954.635803223, 1054.26940918, 3214.66137695, 2624.49975586, 1066.70227051, 3121.89575195, 2749.52148438, 1085.03466797, 2696.9675293, 487.935150146, 1161.27966309, 571.641662598, 103.405479431, 215.51914978, 128.332733154, 241.797180176, 53.5656013489, 71.4768371582, 15.3569440842, 29.9329738617, 17.6367797852, 10.9414024353, 8.34683609009, 15.6945800781, 7.13878583908, 2.07684373856, 0.72041285038, 0.30456712842, 0.0159312207252, 0.000355210708221],
        "mean": [0.010579363443, 0.345464169979, 4.6209230423, 16.5349388123, 24.556344986, 39.6067810059, 16.6217002869, 13.9911022186, 10.861907959, 9.18577098846, 14.0775117874, 20.9373035431, 57.3677558899, 16.980550766, 17.6283760071, 33.0581016541, 19.9592628479, 24.3826828003, 20.3036575317, 13.5788965225, 18.4253978729, 6.01126670837, 2.37723064423, 2.87788367271, 2.1307322979, 1.9559469223, 0.830462396145, 0.311576098204, 0.183947965503, 0.245115309954, 0.17689922452, 0.109442181885, 0.0867727473378, 0.0900433659554, 0.0394866019487, 0.0189404059201, 0.006494440604, 0.00205514580011, 0.000171746462001, 3.95582501369e-05],
        "median": [0.00690226443112, 0.228197753429, 2.63512945175, 10.8396339417, 15.1831874847, 21.5053787231, 7.53067684174, 4.55598926544, 3.9130449295, 4.01083660126, 5.65786552429, 8.03622817993, 12.3050069809, 6.07058572769, 5.08290624619, 6.37835979462, 6.07588148117, 7.62522745132, 7.37606430054, 5.54595279694, 6.08331155777, 2.57820320129, 1.02904844284, 1.02929353714, 0.625962436199, 0.575510382652, 0.249624565244, 0.084868311882, 0.0529824793339, 0.046629242599, 0.0357441082597, 0.019877821207, 0.00956788659096, 0.00487025966868, 0.00268065789714, 0.00106513965875, 0.000459994946141, 0.000114894792205, 3.71492933482e-05, 3.22548439726e-05],
        "min": [2.96750640857e-21, 7.81277339215e-21, 2.03288278926e-20, 9.03666837245e-20, 1.51791752457e-19, 7.47711949388e-20, 3.71447134278e-20, 2.42354820491e-19, 1.11949672845e-18, 4.0288317703e-19, 1.5990622366e-18, 1.58026114506e-18, 2.13783050876e-18, 1.87271333217e-18, 1.47550513113e-18, 3.75751673618e-18, 2.79538636298e-18, 6.94991939429e-18, 9.49265191776e-18, 9.86967918661e-18, 7.77713392125e-18, 1.20378907985e-17, 1.21128945734e-17, 1.80090454243e-17, 2.34468761773e-17, 1.27841905179e-17, 1.18632092783e-17, 1.61754043819e-17, 1.49039599516e-17, 2.07636561257e-17, 2.39943638637e-17, 1.95477883064e-17, 1.33344236168e-17, 9.98903225001e-18, 7.75733535329e-18, 5.71713076837e-18, 3.3376419252e-18, 1.35984491218e-18, 3.18315979365e-19, 3.2829644983e-20],
        "var": [0.000132654735353, 0.155628174543, 28.3813247681, 354.390167236, 790.428771973, 2734.93554688, 935.51776123, 1378.45129395, 431.493286133, 233.817123413, 1126.52490234, 2028.09545898, 23337.3828125, 2905.11279297, 2617.01074219, 15857.6552734, 7249.89306641, 2988.90722656, 4049.21289062, 782.577392578, 2463.37182617, 218.131652832, 20.6479167938, 52.1146965027, 33.5760231018, 42.6466331482, 4.04058742523, 1.42620766163, 0.269270658493, 1.05763936043, 0.429327249527, 0.140990898013, 0.134795978665, 0.248984456062, 0.0483825206757, 0.0100638857111, 0.00103147351183, 0.000125522798044, 4.22989586468e-07, 1.02414710046e-09]
    },
    "gfcc": {
        "mean": [-72.7319259644, 154.811340332, -108.568435669, 5.95484733582, -30.9402084351, -1.64160335064, -38.6571388245, -11.222322464, -28.4278106689, -15.8995895386, -24.7803153992, -15.8242435455, -11.4825592041],
        "cov": [[9128.14355469, -46.0946159363, -1537.78564453, 95.5761566162, -300.153991699, 135.846099854, -94.0978927612, 94.3916015625, -154.293701172, 51.5490150452, -25.1050491333, -52.8152656555, 0.861990511417], [-46.0946159363, 1212.67712402, -4.75118207932, -225.010177612, 220.112304688, -117.476303101, 183.855422974, -110.994056702, 107.924346924, -100.869178772, 77.1907958984, -69.8917541504, 53.0854682922], [-1537.78564453, -4.75118207932, 796.905700684, 17.1310157776, 108.782791138, 98.2802658081, 4.81152915955, 55.8929176331, 20.7113685608, -1.65936434269, -49.2617950439, 21.5982208252, -43.0893592834], [95.5761566162, -225.010177612, 17.1310157776, 238.618057251, -17.531206131, -4.05978059769, -12.9823732376, 13.5597810745, -12.1251268387, 26.7171783447, 6.5796251297, -8.73839664459, -9.28046226501], [-300.153991699, 220.112304688, 108.782791138, -17.531206131, 206.494064331, 31.699962616, 37.5906143188, -16.7201309204, 15.1739807129, -27.8754749298, -11.2081241608, -22.8966236115, -19.2818756104], [135.846099854, -117.476303101, 98.2802658081, -4.05978059769, 31.699962616, 186.393661499, 23.1751079559, 37.8762817383, -1.75113284588, -4.05110311508, -12.1715478897, 10.5740728378, -29.1997051239], [-94.0978927612, 183.855422974, 4.81152915955, -12.9823732376, 37.5906143188, 23.1751079559, 155.08505249, 16.1615619659, 10.8016214371, -7.54527378082, 21.4743080139, -9.90671157837, 5.02700424194], [94.3916015625, -110.994056702, 55.8929176331, 13.5597810745, -16.7201309204, 37.8762817383, 16.1615619659, 112.059715271, 13.8302984238, 10.7972373962, -20.4898757935, 8.10815048218, -9.49788188934], [-154.293701172, 107.924346924, 20.7113685608, -12.1251268387, 15.1739807129, -1.75113284588, 10.8016214371, 13.8302984238, 105.667549133, 11.8068313599, -3.35280275345, -7.38270044327, -3.34463310242], [51.5490150452, -100.869178772, -1.65936434269, 26.7171783447, -27.8754749298, -4.05110311508, -7.54527378082, 10.7972373962, 11.8068313599, 102.026977539, 16.5780773163, 5.5858874321, -10.3716192245], [-25.1050491333, 77.1907958984, -49.2617950439, 6.5796251297, -11.2081241608, -12.1715478897, 21.4743080139, -20.4898757935, -3.35280275345, 16.5780773163, 101.924728394, 13.2058725357, -2.64884328842], [-52.8152656555, -69.8917541504, 21.5982208252, -8.73839664459, -22.8966236115, 10.5740728378, -9.90671157837, 8.10815048218, -7.38270044327, 5.5858874321, 13.2058725357, 77.3993988037, 17.5708408356], [0.861990511417, 53.0854682922, -43.0893592834, -9.28046226501, -19.2818756104, -29.1997051239, 5.02700424194, -9.49788188934, -3.34463310242, -10.3716192245, -2.64884328842, 17.5708408356, 86.1006546021]],
        "icov": [[0.000329985661665, -0.000828591990285, 0.000813793740235, -0.00072799710324, 0.000687794294208, -0.00109077210072, 0.00090530642774, -0.000899376056623, 0.00108782527968, -0.000676352181472, 0.000934464100283, -0.000399061624194, 0.000539376283996], [-0.000828591990285, 0.00539100123569, -0.00236665736884, 0.00428571505472, -0.0041227536276, 0.0048711374402, -0.00503856455907, 0.00406692968681, -0.00556174013764, 0.0038113060873, -0.00500579876825, 0.00325252325274, -0.00314118596725], [0.000813793740235, -0.00236665736884, 0.00359147787094, -0.00220463075675, 0.00109532452188, -0.0033233743161, 0.00260963314213, -0.00289702834561, 0.00279388856143, -0.00197243201546, 0.00318904989399, -0.00201509986073, 0.00203731004149], [-0.00072799710324, 0.00428571505472, -0.00220463075675, 0.00791826937348, -0.00308763398789, 0.00414485577494, -0.00365672167391, 0.0026581697166, -0.00376148475334, 0.00199601240456, -0.00450226198882, 0.00347013631836, -0.0024163343478], [0.000687794294208, -0.0041227536276, 0.00109532452188, -0.00308763398789, 0.00950001645833, -0.00451593054458, 0.002430196153, -0.00136564555578, 0.00348018528894, -0.00156348024029, 0.00433553010225, -0.00108294130769, 0.00335503835231], [-0.00109077210072, 0.0048711374402, -0.0033233743161, 0.00414485577494, -0.00451593054458, 0.011616605334, -0.00565313966945, 0.00239713396877, -0.00483744684607, 0.00387936318293, -0.00424991268665, 0.00131886301097, -0.000806561263744], [0.00090530642774, -0.00503856455907, 0.00260963314213, -0.00365672167391, 0.002430196153, -0.00565313966945, 0.0125064477324, -0.00582337751985, 0.00495200790465, -0.00317163881846, 0.00221603224054, -0.00137078820262, 0.00142203317955], [-0.000899376056623, 0.00406692968681, -0.00289702834561, 0.0026581697166, -0.00136564555578, 0.00239713396877, -0.00582337751985, 0.0147716840729, -0.00595501810312, 0.00215888186358, -0.00124656222761, 0.000946942018345, -0.00138804025482], [0.00108782527968, -0.00556174013764, 0.00279388856143, -0.00376148475334, 0.00348018528894, -0.00483744684607, 0.00495200790465, -0.00595501810312, 0.0161865968257, -0.00557464873418, 0.00545036420226, -0.00224325107411, 0.00318650482222], [-0.000676352181472, 0.0038113060873, -0.00197243201546, 0.00199601240456, -0.00156348024029, 0.00387936318293, -0.00317163881846, 0.00215888186358, -0.00557464873418, 0.0139776924625, -0.00543798599392, 0.00169381778687, -0.000772013037931], [0.000934464100283, -0.00500579876825, 0.00318904989399, -0.00450226198882, 0.00433553010225, -0.00424991268665, 0.00221603224054, -0.00124656222761, 0.00545036420226, -0.00543798599392, 0.016887947917, -0.00605352735147, 0.00476198224351], [-0.000399061624194, 0.00325252325274, -0.00201509986073, 0.00347013631836, -0.00108294130769, 0.00131886301097, -0.00137078820262, 0.000946942018345, -0.00224325107411, 0.00169381778687, -0.00605352735147, 0.0178111456335, -0.00595065532252], [0.000539376283996, -0.00314118596725, 0.00203731004149, -0.0024163343478, 0.00335503835231, -0.000806561263744, 0.00142203317955, -0.00138804025482, 0.00318650482222, -0.000772013037931, 0.00476198224351, -0.00595065532252, 0.0159380733967]]
    },
    "melbands": {
        "dmean": [7.20250754966e-05, 0.000691077730153, 0.000983318779618, 0.00105326378252, 0.000308320275508, 0.000135066278744, 4.96139764437e-05, 3.28238784277e-05, 3.45784101228e-05, 5.10731115355e-05, 8.84270484676e-05, 2.45323572017e-05, 2.57018691627e-05, 4.42167729489e-05, 2.48543037742e-05, 1.84591535799e-05, 2.02138962777e-05, 1.23850641103e-05, 1.01193354567e-05, 6.59863871988e-06, 1.04742421172e-05, 3.20143158206e-06, 1.343831741e-06, 1.1109764273e-06, 1.40995223319e-06, 1.11289512006e-06, 6.10074721408e-07, 6.24905453606e-07, 3.21008940318e-07, 1.65352901149e-07, 9.4214477997e-08, 6.42472315349e-08, 5.54501973227e-08, 8.12277107798e-08, 5.13991942341e-08, 9.58129859896e-08, 2.53654839355e-08, 3.01348919152e-08, 4.23420267737e-08, 3.53239748563e-08],
        "dmean2": [0.000119066673506, 0.00106229644734, 0.00150887598284, 0.00158578157425, 0.000463378615677, 0.000199206973775, 7.24144119886e-05, 4.74842017866e-05, 4.72788924526e-05, 7.10483509465e-05, 0.000121009470604, 3.51914786734e-05, 3.70455272787e-05, 5.64935580769e-05, 3.26519912051e-05, 2.57953615801e-05, 2.85267433355e-05, 1.7102162019e-05, 1.52127213369e-05, 1.02835738289e-05, 1.5758914742e-05, 4.56295856566e-06, 1.997009349e-06, 1.68319286331e-06, 2.12044801629e-06, 1.68562246472e-06, 8.7367868673e-07, 9.06622915409e-07, 4.85860653043e-07, 2.46657918979e-07, 1.47029894038e-07, 9.71686731077e-08, 7.66501955241e-08, 1.10931146935e-07, 7.44085681958e-08, 1.44101178989e-07, 3.6820946292e-08, 4.26552517752e-08, 5.19451326397e-08, 4.38983853712e-08],
        "dvar": [2.0984343152e-08, 1.13150349534e-06, 2.15604472942e-06, 3.59824298357e-06, 3.88683304209e-07, 3.24081014469e-07, 1.54934216567e-08, 5.31064303644e-09, 9.25053900147e-09, 2.67484487892e-08, 1.05084929203e-07, 2.52401175516e-08, 1.66460765172e-08, 5.0202455526e-08, 1.71602483334e-08, 5.15111375776e-09, 3.74527830971e-09, 2.02110128633e-09, 8.18406231673e-10, 2.62521671068e-10, 1.15825460334e-09, 1.82705586771e-10, 1.08464764947e-11, 8.52233734971e-12, 1.4745787924e-11, 1.24287993092e-11, 3.96704457478e-12, 5.35094624859e-12, 8.80259461242e-13, 5.48390759886e-13, 5.89784351999e-13, 6.04544219589e-14, 7.21094055777e-14, 1.28642796827e-13, 4.93423458017e-14, 2.94742745835e-13, 7.34951091278e-15, 1.55860008466e-14, 5.29549955318e-14, 3.55478653783e-14],
        "dvar2": [6.66007835548e-08, 2.96824464385e-06, 4.93395009471e-06, 8.24744438432e-06, 8.6039068492e-07, 6.46419380246e-07, 2.77093121781e-08, 1.02564152726e-08, 1.5260331665e-08, 4.65213467749e-08, 1.78177302246e-07, 5.50607488492e-08, 3.55274920594e-08, 9.26477952135e-08, 2.86621002488e-08, 8.32707325316e-09, 6.59197052499e-09, 3.4306260055e-09, 1.5883326876e-09, 5.87489501491e-10, 2.46439091356e-09, 3.24749227509e-10, 2.09064623252e-11, 1.74368800648e-11, 2.72551928943e-11, 2.61804779245e-11, 6.63609792118e-12, 9.08885293416e-12, 2.01754650313e-12, 1.44610159351e-12, 1.6932544776e-12, 1.40912455315e-13, 1.28372708514e-13, 2.40757798897e-13, 1.09317306455e-13, 6.20185651966e-13, 1.50855415941e-14, 2.83055253092e-14, 6.74514426518e-14, 4.80011097873e-14],
        "max": [0.00310858269222, 0.0174835920334, 0.0438253767788, 0.0470467247069, 0.0167562905699, 0.0236968081445, 0.00766965653747, 0.00261797336861, 0.00709950132295, 0.00972436647862, 0.0159052722156, 0.0116650350392, 0.00509047415107, 0.00746715487912, 0.00555416988209, 0.0035176994279, 0.00249819550663, 0.00389039400034, 0.00186358694918, 0.000509972684085, 0.0013591281604, 0.000950169225689, 0.000123452584376, 0.00015241917572, 0.000201404967811, 0.000123313278891, 0.000134930131026, 0.000140801639645, 3.4267326555e-05, 4.46101294074e-05, 4.86024837301e-05, 1.22445335364e-05, 1.40431884574e-05, 1.33449429995e-05, 1.00359202406e-05, 2.55778268183e-05, 3.21688094118e-06, 5.41748840988e-06, 1.61672469403e-05, 9.97873394226e-06],
        "mean": [0.000169777398696, 0.00180921377614, 0.00288989488035, 0.00253385445103, 0.000781112466939, 0.000310944247758, 0.000163882199558, 0.00010297074914, 0.000109698572487, 0.000155518602696, 0.000285602087388, 6.26651817583e-05, 5.3281946748e-05, 9.49614986894e-05, 5.22228365298e-05, 4.26767692261e-05, 4.41019619757e-05, 3.07498012262e-05, 2.3450842491e-05, 1.42755989145e-05, 2.27890650422e-05, 6.75151068208e-06, 2.59547596215e-06, 1.99870896722e-06, 2.35390007219e-06, 1.9153451376e-06, 1.26618670038e-06, 1.19257504139e-06, 5.80515234105e-07, 2.7575367767e-07, 1.47575647702e-07, 1.00223630284e-07, 1.06824039392e-07, 1.48746011064e-07, 8.46371719376e-08, 1.29660065795e-07, 4.21841654941e-08, 5.07326696209e-08, 8.53459383166e-08, 7.10153074124e-08],
        "median": [9.94937145151e-05, 0.00106443092227, 0.00211252272129, 0.00152509287, 0.000409955449868, 9.78906755336e-05, 6.26015316811e-05, 4.6426008339e-05, 4.30567306466e-05, 5.39345674042e-05, 6.04595225013e-05, 2.07004250115e-05, 1.17451008919e-05, 1.78676818905e-05, 1.01869754872e-05, 1.30511016323e-05, 1.18707675938e-05, 1.0005212971e-05, 8.25279130368e-06, 5.56659415452e-06, 6.46260741632e-06, 2.18448030864e-06, 9.2678862984e-07, 7.77549416853e-07, 7.42715769775e-07, 4.89488570565e-07, 3.34003203761e-07, 3.27749916096e-07, 1.48661882804e-07, 6.59789378687e-08, 3.34325456208e-08, 2.81008141201e-08, 1.97796126145e-08, 2.50237874866e-08, 2.02774312896e-08, 1.43051046564e-08, 8.59973781075e-09, 6.12213835183e-09, 4.87963491835e-09, 3.33873284575e-09],
        "min": [2.33121666133e-23, 9.49354183072e-24, 1.95429371434e-23, 7.99255962027e-24, 1.5389616229e-24, 6.54096956883e-24, 1.51987874234e-23, 4.17414388401e-24, 1.33641635928e-23, 1.00413615532e-23, 1.02866397079e-23, 7.20567875592e-24, 4.63131007783e-24, 7.18666168608e-24, 1.09068011308e-23, 3.78586536317e-24, 1.52716592384e-23, 1.54794720221e-23, 1.72288215665e-23, 9.16507119384e-24, 8.78907642058e-24, 1.07563850777e-23, 1.53917711998e-23, 8.74135743556e-24, 1.3893178449e-23, 2.3438322827e-23, 9.19923833736e-24, 8.45186520487e-24, 6.16184222892e-24, 9.78197462121e-24, 9.57546266914e-24, 8.34896539953e-24, 8.57931357272e-24, 1.29675195965e-23, 1.48390889387e-23, 1.07065637783e-23, 1.26784281072e-23, 9.98338816526e-24, 7.41132690531e-24, 8.69469552416e-24],
        "var": [4.55853204073e-08, 4.1153298298e-06, 8.26553059596e-06, 9.37743425311e-06, 1.25082738123e-06, 6.73815236496e-07, 9.31629600132e-08, 2.92171158378e-08, 6.67734667559e-08, 1.19224353057e-07, 5.77148227876e-07, 5.26800114642e-08, 3.29963683043e-08, 1.26879768914e-07, 4.46848957836e-08, 1.45133105534e-08, 1.17659553212e-08, 9.59097157249e-09, 3.22604454261e-09, 8.27395263414e-10, 3.9107375116e-09, 5.29312149666e-10, 3.09277811694e-11, 2.39122454476e-11, 4.18578956218e-11, 3.20543661059e-11, 1.47352963165e-11, 1.57521391764e-11, 2.22543034348e-12, 7.19938431787e-13, 5.34436861085e-13, 1.08234988084e-13, 2.41717832816e-13, 3.38586607753e-13, 7.98206376755e-14, 5.49961280943e-13, 1.67913355068e-14, 4.44148502156e-14, 2.45616217252e-13, 1.40995085073e-13]
    },
    "mfcc": {
        "mean": [-725.287475586, 196.426864624, -12.0478591919, 18.2518196106, 15.1349964142, 6.24483728409, -1.35324132442, -2.8881456852, -4.7591881752, 1.60256278515, -14.1760778427, -12.9391698837, -9.22794055939],
        "cov": [[6168.64208984, -261.817901611, -824.81427002, 20.5901699066, -307.947906494, -67.7222137451, 14.7503604889, -74.3001098633, -88.3405914307, 76.781288147, -99.4363861084, -39.8433380127, 39.6183242798], [-261.817901611, 1417.71020508, -70.1864929199, -50.8521690369, 49.4059371948, 48.9340591431, 26.9113788605, 54.2991447449, 14.934340477, 1.17320668697, -3.42428159714, 1.53490364552, -8.03399372101], [-824.81427002, -70.1864929199, 502.499725342, -3.16840481758, 116.63835144, 43.5961761475, 33.1309585571, 51.0692214966, 62.1848182678, -7.68474435806, 68.3073196411, 0.533140361309, 10.7374820709], [20.5901699066, -50.8521690369, -3.16840481758, 214.920837402, -6.86871385574, -8.52523517609, 10.0758686066, -23.9641685486, 0.230160042644, 4.04640054703, 2.0402264595, 9.28232574463, 1.54060423374], [-307.947906494, 49.4059371948, 116.63835144, -6.86871385574, 194.842300415, 40.4084472656, 9.70488834381, 29.5202217102, 21.3286304474, -5.55911302567, 24.9487476349, -8.47915267944, -0.433112591505], [-67.7222137451, 48.9340591431, 43.5961761475, -8.52523517609, 40.4084472656, 127.381820679, 32.6137962341, 18.3914890289, 9.79516601562, 11.4428758621, 11.7215843201, 15.2205638885, 11.1822280884], [14.7503604889, 26.9113788605, 33.1309585571, 10.0758686066, 9.70488834381, 32.6137962341, 148.734375, 34.5761146545, 0.489980399609, -3.67251396179, 21.6301021576, -0.591789960861, 10.7840719223], [-74.3001098633, 54.2991447449, 51.0692214966, -23.9641685486, 29.5202217102, 18.3914890289, 34.5761146545, 128.481231689, 28.9917907715, 3.15725255013, 9.83156967163, -4.07119083405, 7.63375139236], [-88.3405914307, 14.934340477, 62.1848182678, 0.230160042644, 21.3286304474, 9.79516601562, 0.489980399609, 28.9917907715, 129.586486816, 10.857960701, 5.84241962433, -5.12268638611, -2.48199653625], [76.781288147, 1.17320668697, -7.68474435806, 4.04640054703, -5.55911302567, 11.4428758621, -3.67251396179, 3.15725255013, 10.857960701, 107.622413635, 6.35766553879, -4.70844221115, 7.79990577698], [-99.4363861084, -3.42428159714, 68.3073196411, 2.0402264595, 24.9487476349, 11.7215843201, 21.6301021576, 9.83156967163, 5.84241962433, 6.35766553879, 131.653991699, 24.6559753418, -6.0836019516], [-39.8433380127, 1.53490364552, 0.533140361309, 9.28232574463, -8.47915267944, 15.2205638885, -0.591789960861, -4.07119083405, -5.12268638611, -4.70844221115, 24.6559753418, 115.317527771, 14.4929084778], [39.6183242798, -8.03399372101, 10.7374820709, 1.54060423374, -0.433112591505, 11.1822280884, 10.7840719223, 7.63375139236, -2.48199653625, 7.79990577698, -6.0836019516, 14.4929084778, 99.2665405273]],
