{
"lowlevel": {
    "average_loudness": 0.817834556103,
    "barkbands_crest": {
        "dmean": 2.49329924583,
        "dmean2": 4.03859567642,
        "dvar": 5.55356550217,
        "dvar2": 14.8079481125,
        "max": 26.8140411377,
        "mean": 11.6680021286,
        "median": 10.9311466217,
        "min": 2.72161269188,
        "var": 18.1826229095
    },
    "barkbands_flatness_db": {
        "dmean": 0.0313440226018,
        "dmean2": 0.0480082035065,
        "dvar": 0.00189214269631,
        "dvar2": 0.00400085374713,
        "max": 0.949053525925,
        "mean": 0.280272185802,
        "median": 0.261720001698,
        "min": 0.0142258694395,
        "var": 0.0154848005623
    },
    "barkbands_kurtosis": {
        "dmean": 5.64789533615,
        "dmean2": 8.7284078598,
        "dvar": 869.638000488,
        "dvar2": 1613.44482422,
        "max": 1456.9831543,
        "mean": 10.1087589264,
        "median": 4.79567050934,
        "min": -1.93490123749,
        "var": 1296.19384766
    },
    "barkbands_skewness": {
        "dmean": 0.604773342609,
        "dmean2": 0.934902608395,
        "dvar": 0.869294285774,
        "dvar2": 1.87082207203,
        "max": 33.9074745178,
        "mean": 1.74898219109,
        "median": 1.57917261124,
        "min": -5.03540277481,
        "var": 2.74036669731
    },
    "barkbands_spread": {
        "dmean": 2.27892374992,
        "dmean2": 3.62394666672,
        "dvar": 12.5060577393,
        "dvar2": 29.7707157135,
        "max": 101.254402161,
        "mean": 8.80401420593,
        "median": 5.61673355103,
        "min": 0.0241918433458,
        "var": 62.856502533
    },
    "dissonance": {
        "dmean": 0.0367383025587,
        "dmean2": 0.0614954903722,
        "dvar": 0.00195385166444,
        "dvar2": 0.00512458011508,
        "max": 0.500000178814,
        "mean": 0.399217516184,
        "median": 0.419999569654,
        "min": 0.004920323845,
        "var": 0.00569820404053
    },
    "dynamic_complexity": 4.60436964035,
    "erbbands_crest": {
        "dmean": 2.26386189461,
        "dmean2": 3.67930579185,
        "dvar": 6.37959241867,
        "dvar2": 15.9805088043,
        "max": 31.4668121338,
        "mean": 11.5476522446,
        "median": 10.3353233337,
        "min": 2.53364849091,
        "var": 28.8920230865
    },
    "erbbands_flatness_db": {
        "dmean": 0.0212000980973,
        "dmean2": 0.0333412624896,
        "dvar": 0.000930106616579,
        "dvar2": 0.00199759751558,
        "max": 0.640882492065,
        "mean": 0.247778862715,
        "median": 0.223207473755,
        "min": 0.054719273001,
        "var": 0.00820481404662
    },
    "erbbands_kurtosis": {
        "dmean": 3.12973070145,
        "dmean2": 5.04885482788,
        "dvar": 169.738891602,
        "dvar2": 433.743835449,
        "max": 339.846740723,
        "mean": 5.41797351837,
        "median": 0.881817340851,
        "min": -1.88212966919,
        "var": 397.986236572
    },
    "erbbands_skewness": {
        "dmean": 0.43315628171,
        "dmean2": 0.687136411667,
        "dvar": 0.452404767275,
        "dvar2": 1.16591048241,
        "max": 11.6595335007,
        "mean": 0.945944607258,
        "median": 0.644557118416,
        "min": -3.61537098885,
        "var": 1.41766059399
    },
    "erbbands_spread": {
        "dmean": 4.64822816849,
        "dmean2": 7.35309410095,
        "dvar": 42.1778526306,
        "dvar2": 101.931518555,
        "max": 87.7892227173,
        "mean": 21.8107509613,
        "median": 20.4917068481,
        "min": 0.235981911421,
        "var": 196.433059692
    },
    "hfc": {
        "dmean": 3.1079492569,
        "dmean2": 5.02120065689,
        "dvar": 32.6665611267,
        "dvar2": 81.9595413208,
        "max": 79.2571792603,
        "mean": 10.2140855789,
        "median": 8.95198631287,
        "min": 1.18015088838e-16,
        "var": 75.7590484619
    },
    "melbands_crest": {
        "dmean": 3.00840616226,
        "dmean2": 4.8430109024,
        "dvar": 9.10736370087,
        "dvar2": 22.6560668945,
        "max": 39.6239433289,
        "mean": 15.6909656525,
        "median": 14.5997848511,
        "min": 1.51749384403,
        "var": 35.6442718506
    },
    "melbands_flatness_db": {
        "dmean": 0.0364841856062,
        "dmean2": 0.0556184127927,
        "dvar": 0.00265717809089,
        "dvar2": 0.00553065957502,
        "max": 1,
        "mean": 0.383828699589,
        "median": 0.360702157021,
        "min": 0.00229201768525,
        "var": 0.0216068290174
    },
    "melbands_kurtosis": {
        "dmean": 7.59408330917,
        "dmean2": 12.0250358582,
        "dvar": 499.234619141,
        "dvar2": 1097.89355469,
        "max": 1383.6697998,
        "mean": 15.9372301102,
        "median": 8.49178123474,
        "min": -1.95439374447,
        "var": 1402.90380859
    },
    "melbands_skewness": {
        "dmean": 0.688966214657,
        "dmean2": 1.08139514923,
        "dvar": 0.76812016964,
        "dvar2": 1.81092619896,
        "max": 25.9402217865,
        "mean": 2.31358981133,
        "median": 2.0426170826,
        "min": -5.54715681076,
        "var": 3.68484568596
    },
    "melbands_spread": {
        "dmean": 2.76590418816,
        "dmean2": 4.42879199982,
        "dvar": 32.9705848694,
        "dvar2": 74.5749893188,
        "max": 168.81338501,
        "mean": 10.4314699173,
        "median": 5.69966411591,
        "min": 0.0622165612876,
        "var": 191.725128174
    },
    "pitch_salience": {
        "dmean": 0.0719298124313,
        "dmean2": 0.114615485072,
        "dvar": 0.00569466827437,
        "dvar2": 0.0138243874535,
        "max": 0.983366250992,
        "mean": 0.515064835548,
        "median": 0.519854068756,
        "min": 0.00405027484521,
        "var": 0.0183495078236
    },
    "silence_rate_20dB": {
        "dmean": 0,
        "dmean2": 0,
        "dvar": 0,
        "dvar2": 0,
        "max": 1,
        "mean": 1,
        "median": 1,
        "min": 1,
        "var": 0
    },
    "silence_rate_30dB": {
        "dmean": 0.0409078188241,
        "dmean2": 0.0818232744932,
        "dvar": 0.0392374359071,
        "dvar2": 0.088213481009,
        "max": 1,
        "mean": 0.926596939564,
        "median": 1,
        "min": 0,
        "var": 0.0680128112435
    },
    "silence_rate_60dB": {
        "dmean": 0.0220416542143,
        "dmean2": 0.0439940206707,
        "dvar": 0.0215579625219,
        "dvar2": 0.0457886904478,
        "max": 1,
        "mean": 0.105808742344,
        "median": 0,
        "min": 0,
        "var": 0.0946019440889
    },
    "spectral_centroid": {
        "dmean": 115.391929626,
        "dmean2": 179.289550781,
        "dvar": 50753.4414062,
        "dvar2": 101726.34375,
        "max": 11240.4697266,
        "mean": 638.837646484,
        "median": 489.342926025,
        "min": 43.6741294861,
        "var": 270112.6875
    },
    "spectral_complexity": {
        "dmean": 1.76893615723,
        "dmean2": 2.83569955826,
        "dvar": 5.1499671936,
        "dvar2": 11.1461744308,
        "max": 36,
        "mean": 10.5599555969,
        "median": 10,
        "min": 0,
        "var": 33.2577209473
    },
    "spectral_decrease": {
        "dmean": 3.96671673286e-09,
        "dmean2": 6.34628660734e-09,
        "dvar": 5.38367755441e-17,
        "dvar2": 1.38990390704e-16,
        "max": 3.12996334317e-18,
        "mean": -1.06644915121e-08,
        "median": -6.67434196799e-09,
        "min": -9.90070745388e-08,
        "var": 1.30656684999e-16
    },
    "spectral_energy": {
        "dmean": 0.015212402679,
        "dmean2": 0.0243361834437,
        "dvar": 0.000787621422205,
        "dvar2": 0.00203062943183,
        "max": 0.37940171361,
        "mean": 0.0411767959595,
        "median": 0.0260384883732,
        "min": 1.10200159677e-20,
        "var": 0.00191769725643
    },
    "spectral_energyband_high": {
        "dmean": 2.96022353723e-05,
        "dmean2": 4.78300062241e-05,
        "dvar": 5.01612129611e-09,
        "dvar2": 1.24844126148e-08,
        "max": 0.000917485624086,
        "mean": 5.64416804991e-05,
        "median": 3.10709256155e-05,
        "min": 8.0842978516e-21,
        "var": 6.63299326575e-09
    },
    "spectral_energyband_low": {
        "dmean": 0.0114963203669,
        "dmean2": 0.0182596333325,
        "dvar": 0.000578835606575,
        "dvar2": 0.00153521436732,
        "max": 0.291808515787,
        "mean": 0.0240877177566,
        "median": 0.00988157838583,
        "min": 6.18994287431e-23,
        "var": 0.00111863308121
    },
    "spectral_energyband_middle_high": {
        "dmean": 0.000566620961763,
        "dmean2": 0.000930883863475,
        "dvar": 2.5153756269e-06,
        "dvar2": 7.05870343154e-06,
        "max": 0.0256381575018,
        "mean": 0.0017952270573,
        "median": 0.000921724596992,
        "min": 1.54054856413e-21,
        "var": 5.14355633641e-06
    },
    "spectral_energyband_middle_low": {
        "dmean": 0.00656457152218,
        "dmean2": 0.0111036049202,
        "dvar": 0.000163000979228,
        "dvar2": 0.000438677612692,
        "max": 0.202144160867,
        "mean": 0.0174540951848,
        "median": 0.0122761800885,
        "min": 3.96588321663e-22,
        "var": 0.000352463655872
    },
    "spectral_entropy": {
        "dmean": 0.271212130785,
        "dmean2": 0.428096681833,
        "dvar": 0.173459202051,
        "dvar2": 0.390340089798,
        "max": 9.81327533722,
        "mean": 6.09700202942,
        "median": 6.28940200806,
        "min": 2.7595281601,
        "var": 0.809392094612
    },
    "spectral_flux": {
        "dmean": 0.0313925780356,
        "dmean2": 0.0484491549432,
        "dvar": 0.00205640657805,
        "dvar2": 0.00431585172191,
        "max": 0.517355084419,
        "mean": 0.0730800032616,
        "median": 0.0553935356438,
        "min": 1.04976263793e-10,
        "var": 0.00429319776595
    },
    "spectral_kurtosis": {
        "dmean": 14.8240346909,
        "dmean2": 23.686044693,
        "dvar": 984.878051758,
        "dvar2": 2193.49487305,
        "max": 450.890197754,
        "mean": 40.1875991821,
        "median": 12.9843816757,
        "min": -1.18569386005,
        "var": 4931.734375
    },
    "spectral_rms": {
        "dmean": 0.00100649078377,
        "dmean2": 0.00154976907652,
        "dvar": 2.08957499126e-06,
        "dvar2": 4.75637989439e-06,
        "max": 0.0192392319441,
        "mean": 0.00548528181389,
        "median": 0.00504017900676,
        "min": 3.27890774428e-12,
        "var": 1.00842235042e-05
    },
    "spectral_rolloff": {
        "dmean": 148.79385376,
        "dmean2": 256.438293457,
        "dvar": 349537.03125,
        "dvar2": 682208.625,
        "max": 19143.0175781,
        "mean": 715.113952637,
        "median": 366.064453125,
        "min": 21.533203125,
        "var": 2772532.5
    },
    "spectral_skewness": {
        "dmean": 0.809962153435,
        "dmean2": 1.28875231743,
        "dvar": 1.45832014084,
        "dvar2": 2.86932873726,
        "max": 18.2437782288,
        "mean": 4.02329921722,
        "median": 2.62548971176,
        "min": -0.125819504261,
        "var": 11.4557161331
    },
    "spectral_spread": {
        "dmean": 400953.3125,
        "dmean2": 664501.375,
        "dvar": 738583248896,
        "dvar2": 1.74907090534e+12,
        "max": 39661504,
        "mean": 2415596,
        "median": 2377930.75,
        "min": 213932.453125,
        "var": 1.7167375401e+12
    },
    "spectral_strongpeak": {
        "dmean": 0.271517574787,
        "dmean2": 0.463079571724,
        "dvar": 0.131662935019,
        "dvar2": 0.33624753356,
        "max": 4.26202106476,
        "mean": 0.635272562504,
        "median": 0.49592474103,
        "min": 0,
        "var": 0.293753921986
    },
    "zerocrossingrate": {
        "dmean": 0.00407256744802,
        "dmean2": 0.00508668087423,
        "dvar": 0.000130765416543,
        "dvar2": 0.000147597951582,
        "max": 0.5234375,
        "mean": 0.0267536900938,
        "median": 0.0185546875,
        "min": 0.0009765625,
        "var": 0.00206023338251
    },
    "barkbands": {
        "dmean": [0.000158730341354, 0.00719648785889, 0.00551913399249, 0.00222001457587, 0.00331878522411, 0.00163332687225, 0.000966426159721, 0.000489727768581, 0.000339784834068, 0.000186817153008, 0.000114259950351, 9.23271363718e-05, 6.03407497692e-05, 6.39180434518e-05, 8.40518259793e-05, 7.49527171138e-05, 7.93165963842e-05, 4.15738395532e-05, 3.22820960719e-05, 1.71833326021e-05, 1.32511595439e-05, 6.48666673442e-06, 4.69964197691e-06, 2.910563353e-06, 1.37988331517e-06, 6.39306847461e-07, 1.6228152333e-07],
        "dmean2": [0.000213477251236, 0.0111480681226, 0.00868440978229, 0.0037570851855, 0.00556395016611, 0.00274136220105, 0.00167627318297, 0.000814682571217, 0.000538052001502, 0.000286437309114, 0.000189155718544, 0.000149595871335, 9.24186897464e-05, 0.000109251865069, 0.000120606950077, 0.000122419907711, 0.000120414842968, 6.55828262097e-05, 5.28859491169e-05, 2.66073529929e-05, 2.14953415707e-05, 1.05616627479e-05, 7.86289001553e-06, 4.99451562064e-06, 2.40063445744e-06, 1.11959752758e-06, 2.92686337389e-07],
        "dvar": [3.11188500746e-07, 0.000261446519289, 0.000192457635421, 2.88906467176e-05, 4.3760639528e-05, 1.21440625662e-05, 5.43588794244e-06, 1.11939289127e-06, 1.2768994111e-06, 4.38912366008e-07, 1.25148076791e-07, 5.09995707887e-08, 4.63474094659e-08, 3.9685861708e-08, 3.11915293594e-08, 3.61577505714e-08, 3.59490108792e-08, 8.38960723115e-09, 4.56927207182e-09, 1.46643763799e-09, 6.11469097578e-10, 2.99879177046e-10, 1.35050817751e-10, 1.09825926131e-10, 2.73710863002e-11, 6.6161191109e-12, 4.27929962516e-13],
        "dvar2": [4.80300798245e-07, 0.000700831238646, 0.000497394008562, 8.24757080409e-05, 0.000120903059724, 3.38455647579e-05, 1.46610345837e-05, 2.95386894322e-06, 3.36787638844e-06, 1.12189866286e-06, 3.36008554314e-07, 1.43436722055e-07, 1.29336385157e-07, 1.09983041341e-07, 7.08021659079e-08, 9.38383521998e-08, 8.94419187603e-08, 2.01086773899e-08, 1.11765734445e-08, 3.05968428371e-09, 1.50004475508e-09, 7.44834083299e-10, 3.46234013682e-10, 2.92957380577e-10, 7.40365824203e-11, 1.84477728232e-11, 1.22790558103e-12],
        "max": [0.00995215401053, 0.242886394262, 0.205361232162, 0.102527365088, 0.146283596754, 0.0853976234794, 0.0522154793143, 0.021940395236, 0.0282676778734, 0.0202867593616, 0.00962189305574, 0.00302776275203, 0.00616621412337, 0.00323175173253, 0.00289670983329, 0.00252759386785, 0.00339713785797, 0.0017266619252, 0.00150792999193, 0.00103238422889, 0.000393859489122, 0.00022961338982, 0.000229009019677, 0.000159600938787, 8.20752757136e-05, 5.34840546607e-05, 1.30474963953e-05],
        "mean": [0.000202156355954, 0.0143821937963, 0.00736281368881, 0.0036998630967, 0.00611374992877, 0.00418540462852, 0.00141655304469, 0.00103628612123, 0.000841488712467, 0.000494987121783, 0.000333216739818, 0.000151132917381, 0.00010675451631, 9.67733940342e-05, 0.000267217139481, 0.000158993469086, 0.000158321883646, 5.23324670212e-05, 4.00409626309e-05, 3.22412342939e-05, 2.33841892623e-05, 8.50779360917e-06, 6.0160632529e-06, 3.45354214915e-06, 1.80803056082e-06, 8.51529250667e-07, 1.97850994255e-07],
        "median": [3.52317001671e-05, 0.00478330906481, 0.00182243576273, 0.00193429610226, 0.00320042390376, 0.00178862689063, 0.000342391809681, 0.000226272270083, 0.000219657449634, 0.000114398259029, 3.78638796974e-05, 4.83605181216e-05, 3.21547413478e-05, 1.10272158054e-05, 4.44404358859e-05, 1.75275545189e-05, 2.81635730062e-05, 1.05229610199e-05, 1.21284901979e-05, 8.87546957529e-06, 9.97843380901e-06, 3.90103650716e-06, 2.46634976975e-06, 1.25410122109e-06, 3.88483982761e-07, 1.89568069686e-07, 1.82468511412e-08],
        "min": [1.06988353081e-23, 3.07531270785e-23, 9.32617788993e-24, 2.56413336563e-23, 4.1226981623e-23, 1.08272951534e-22, 3.08947213001e-23, 4.21737503933e-23, 1.34974100883e-22, 3.93065849462e-23, 9.44519128366e-23, 7.14272781346e-23, 8.14508287863e-23, 1.70471478467e-22, 1.35477987364e-22, 1.53593035782e-22, 2.25064288179e-22, 1.47155728847e-22, 2.88910070278e-22, 3.54758246412e-22, 4.78800704146e-22, 6.84682293247e-22, 7.54046163689e-22, 8.68567108162e-22, 1.33099822908e-21, 1.68019779553e-21, 2.28743409223e-21],
        "var": [6.25280335953e-07, 0.000538213527761, 0.000231665238971, 3.86691972381e-05, 7.22550612409e-05, 3.88455446227e-05, 7.54617030907e-06, 3.16949240187e-06, 3.34558762916e-06, 1.45436649746e-06, 5.16061049893e-07, 6.13666415461e-08, 5.43530838115e-08, 4.52125554773e-08, 2.12239726238e-07, 7.78484050556e-08, 7.71347927753e-08, 1.28036470315e-08, 6.47644338159e-09, 3.44191630752e-09, 1.12377196437e-09, 3.05759556563e-10, 1.36564676234e-10, 8.88455836678e-11, 2.2836343927e-11, 5.35267663526e-12, 3.7421557823e-13]
    },
    "erbbands": {
        "dmean": [0.163199573755, 1.8377238512, 5.61908483505, 7.11262655258, 9.30856990814, 11.6095590591, 13.3964042664, 14.3183097839, 13.3736724854, 10.3650331497, 12.6182479858, 8.64908504486, 6.03572511673, 4.83259725571, 5.06844949722, 3.43865132332, 2.95819425583, 3.37100410461, 4.88956403732, 2.42703843117, 5.20000696182, 3.64714741707, 2.67633152008, 1.59559464455, 1.57109320164, 0.721306145191, 0.698136866093, 0.2870644629, 0.257888138294, 0.14666223526, 0.146892622113, 0.0620254129171, 0.0461005084217, 0.0169197637588, 0.0112462509423, 0.00295833777636, 0.00139348825905, 0.000186730350833, 3.71751739294e-05, 1.72906147782e-05],
        "dmean2": [0.255501747131, 2.79644799232, 8.63868331909, 12.1243019104, 15.8624897003, 19.1444149017, 22.9010639191, 24.0902729034, 23.1012859344, 17.6614627838, 21.177696228, 13.445025444, 9.49604225159, 7.42742395401, 8.48893737793, 5.61461305618, 4.58665466309, 5.78813409805, 7.1400103569, 3.76169538498, 8.29319667816, 5.79123401642, 4.21737957001, 2.55650043488, 2.53673362732, 1.13190710545, 1.1238130331, 0.469019055367, 0.420375436544, 0.241842404008, 0.245668068528, 0.105403587222, 0.0793942958117, 0.029259968549, 0.0196597836912, 0.00521650165319, 0.00243260734715, 0.000329289236106, 6.51550726616e-05, 2.78167717624e-05],
        "dvar": [0.121485158801, 17.9777030945, 201.98059082, 284.628051758, 426.881164551, 629.173522949, 738.710266113, 1064.34411621, 1088.5612793, 644.515197754, 874.961608887, 751.762451172, 368.715393066, 353.512542725, 188.174682617, 84.4173736572, 115.612075806, 119.814689636, 104.691566467, 26.7996063232, 162.708175659, 91.4673614502, 32.5739135742, 15.5177335739, 8.34158325195, 3.07086157799, 1.73530006409, 0.41291898489, 0.384444028139, 0.200946003199, 0.134240612388, 0.0519631057978, 0.0202556587756, 0.00429800990969, 0.00159373600036, 0.000228966513532, 2.15726686292e-05, 6.37543166704e-07, 1.43424161436e-08, 9.63618740357e-10],
        "dvar2": [0.335825830698, 46.9954147339, 520.343200684, 811.510864258, 1193.59008789, 1689.10668945, 2179.51269531, 2977.4609375, 2988.79394531, 1711.86364746, 2368.91625977, 1915.04748535, 910.753295898, 982.711914062, 495.75378418, 239.308334351, 325.289337158, 336.180969238, 255.240570068, 59.3956260681, 423.344848633, 234.7993927, 80.4201889038, 35.1858177185, 20.0033893585, 6.51083421707, 4.18208885193, 1.01986920834, 0.960494160652, 0.502608597279, 0.345573037863, 0.137016713619, 0.0543229877949, 0.0114970961586, 0.00438420008868, 0.000638483092189, 6.01432620897e-05, 1.7993588699e-06, 4.16678318516e-08, 2.48018494631e-09],
        "max": [5.47208976746, 66.1285705566, 212.438049316, 307.673187256, 293.975311279, 564.955383301, 490.461578369, 818.615112305, 766.795837402, 360.884521484, 514.830078125, 799.69329834, 723.874694824, 550.817016602, 398.981872559, 127.842277527, 304.247528076, 147.092041016, 172.246261597, 113.545684814, 216.864654541, 140.259933472, 72.3816375732, 131.505096436, 51.3833885193, 56.8161735535, 24.4580478668, 8.51208782196, 11.1942825317, 6.7399559021, 5.34989547729, 3.47006869316, 2.23203396797, 1.00753045082, 0.601961612701, 0.310076653957, 0.107295431197, 0.0193414129317, 0.00231859367341, 0.000413740519434],
        "mean": [0.30338332057, 3.61036872864, 8.65826702118, 11.4248447418, 14.7111282349, 20.6608486176, 32.4858703613, 33.7200012207, 23.6159610748, 14.274720192, 27.2702484131, 24.3568820953, 14.7795295715, 12.7619314194, 14.7109985352, 6.48465299606, 5.2993183136, 5.29650592804, 12.5223941803, 9.96429347992, 11.319439888, 6.7229347229, 3.63036990166, 1.96653199196, 2.23105502129, 1.41556584835, 1.28044462204, 0.485041946173, 0.349992513657, 0.189063057303, 0.18347081542, 0.0718284472823, 0.0570302680135, 0.0224631652236, 0.0145667754114, 0.00351313408464, 0.001940010814, 0.000250136130489, 6.38771889498e-05, 4.74110966024e-05],
        "median": [0.122406706214, 1.05443000793, 2.26739549637, 6.8125743866, 6.28329324722, 9.64604377747, 18.2832679749, 9.36480140686, 8.15252304077, 5.28418207169, 7.67914581299, 7.29511165619, 3.94668126106, 4.60217237473, 2.92567014694, 2.09646844864, 1.81730592251, 1.24920380116, 2.51569366455, 1.42336404324, 1.8155143261, 1.39167761803, 0.978336632252, 0.539789319038, 0.87735080719, 0.496127724648, 0.463823199272, 0.249205499887, 0.161795765162, 0.0644197613001, 0.0728250592947, 0.0247087925673, 0.0194590948522, 0.00666309520602, 0.00332468934357, 0.000684801372699, 0.000415132846683, 5.3834693972e-05, 2.98203740385e-05, 3.1265502912e-05],
        "min": [1.09430673701e-21, 5.84411584601e-21, 1.336940197e-20, 5.02828909516e-20, 5.59335458929e-20, 1.31790021182e-19, 4.79021223308e-19, 9.82873581424e-19, 7.50009882979e-19, 2.9026982616e-19, 1.4035591328e-18, 2.84207946778e-18, 2.17762989034e-18, 1.37594391485e-18, 3.99593086823e-18, 3.14942214669e-18, 4.02214753057e-18, 8.415066363e-18, 8.71606084429e-18, 5.52678865121e-18, 1.3937963543e-17, 9.57173038432e-18, 8.72201571752e-18, 1.35896104901e-17, 1.29112603493e-17, 1.48523753142e-17, 1.55385100518e-17, 2.23810225251e-17, 2.53307155023e-17, 2.50783559323e-17, 2.26674305035e-17, 1.55725766582e-17, 1.66082282918e-17, 1.53339383602e-17, 8.42323063564e-18, 5.39948183262e-18, 3.57061610395e-18, 1.36647207645e-18, 3.23195285154e-19, 3.23921956859e-20],
        "var": [0.283915370703, 35.5126609802, 275.629730225, 284.311462402, 595.317993164, 984.805175781, 1861.9041748, 3526.93920898, 1748.56555176, 659.078918457, 2044.62194824, 2517.57202148, 1230.0435791, 668.122070312, 1021.64782715, 113.559875488, 128.670684814, 118.872558594, 445.912780762, 292.185668945, 312.854125977, 145.125900269, 46.0963897705, 27.328004837, 13.3529672623, 6.62417125702, 3.62019991875, 0.524978399277, 0.420141994953, 0.198327094316, 0.133859872818, 0.0423674546182, 0.0183064229786, 0.00369793968275, 0.00131984741893, 0.000170447601704, 2.07731864066e-05, 5.37898813491e-07, 1.91384703641e-08, 2.32927721555e-09]
    },
    "gfcc": {
        "mean": [-122.319442749, 164.358337402, -83.4537353516, 22.3123970032, -44.9352340698, -2.18411397934, -22.8586883545, 0.579084992409, -10.4785604477, -4.33652257919, -10.723567009, -4.699010849, 1.49776172638],
        "cov": [[29852.09375, 639.537414551, -4319.09179688, 2849.76879883, 334.297271729, -162.237594604, -1532.3293457, -841.357177734, -608.453613281, -203.372329712, -418.865600586, -81.9851989746, 84.6567993164], [639.537414551, 2198.21118164, 1200.0994873, -166.331420898, 131.412155151, -214.383880615, 121.903266907, -383.30456543, -37.8294372559, -228.279251099, 106.823570251, -146.002029419, 57.0001564026], [-4319.09179688, 1200.0994873, 2826.16723633, -184.265716553, -96.0984802246, -58.283039093, 157.914627075, -82.6531829834, -77.8988418579, -201.909423828, 106.329025269, -51.4351005554, -43.7192077637], [2849.76879883, -166.331420898, -184.265716553, 1115.13696289, 210.854858398, -146.831497192, -213.277435303, -174.283584595, -87.3725509644, -139.514205933, -41.0941696167, -27.2733516693, -2.32832241058], [334.297271729, 131.412155151, -96.0984802246, 210.854858398, 534.069641113, 30.1672000885, 34.3776512146, -43.0701217651, -1.43199265003, -12.7568531036, -45.1767807007, -11.2123165131, 7.40914726257], [-162.237594604, -214.383880615, -58.283039093, -146.831497192, 30.1672000885, 250.55329895, 62.5179672241, 87.2588195801, 2.59949445724, 60.5923690796, -27.1303901672, 6.82519102097, 2.28401899338], [-1532.3293457, 121.903266907, 157.914627075, -213.277435303, 34.3776512146, 62.5179672241, 298.550506592, 99.744140625, 99.5997161865, 17.9711513519, 24.8232326508, -11.1211805344, 7.59754371643], [-841.357177734, -383.30456543, -82.6531829834, -174.283584595, -43.0701217651, 87.2588195801, 99.744140625, 287.805541992, 89.8348464966, 91.8155975342, -14.752415657, 41.6428947449, -4.56469249725], [-608.453613281, -37.8294372559, -77.8988418579, -87.3725509644, -1.43199265003, 2.59949445724, 99.5997161865, 89.8348464966, 170.024871826, 58.8625907898, 14.3528528214, 3.34083390236, 11.3504714966], [-203.372329712, -228.279251099, -201.909423828, -139.514205933, -12.7568531036, 60.5923690796, 17.9711513519, 91.8155975342, 58.8625907898, 172.821578979, 13.1161670685, 29.6678962708, 12.3840827942], [-418.865600586, 106.823570251, 106.329025269, -41.0941696167, -45.1767807007, -27.1303901672, 24.8232326508, -14.752415657, 14.3528528214, 13.1161670685, 124.603248596, 19.0307941437, 17.3296947479], [-81.9851989746, -146.002029419, -51.4351005554, -27.2733516693, -11.2123165131, 6.82519102097, -11.1211805344, 41.6428947449, 3.34083390236, 29.6678962708, 19.0307941437, 106.162345886, 22.5153102875], [84.6567993164, 57.0001564026, -43.7192077637, -2.32832241058, 7.40914726257, 2.28401899338, 7.59754371643, -4.56469249725, 11.3504714966, 12.3840827942, 17.3296947479, 22.5153102875, 115.290519714]],
        "icov": [[0.000168653656146, -0.000508478959091, 0.000374527240638, -0.000502209237311, 0.000264916452579, -0.000492400897201, 0.000571343291085, -0.000347484950908, 0.00029853178421, -0.000212501501665, 0.000359977362677, -0.000318253121804, 0.000202234688913], [-0.000508478959091, 0.00275676464662, -0.00149876892101, 0.00203471793793, -0.00126835878473, 0.00218343944289, -0.0020360276103, 0.00242483592592, -0.00124452018645, 0.00129543989897, -0.00151538208593, 0.002008382231, -0.00142947246786], [0.000374527240638, -0.00149876892101, 0.00138250703458, -0.00117753818631, 0.00076467951294, -0.00125954137184, 0.00110994756687, -0.00120246014558, 0.00101125810761, -0.000139902287629, 0.000538029707968, -0.000921483151615, 0.000836075283587], [-0.000502209237311, 0.00203471793793, -0.00117753818631, 0.00307782157324, -0.00155934912618, 0.00218791584484, -0.000960373319685, 0.00167856446933, -0.00116306613199, 0.00183356786147, -0.00126215151977, 0.00153459934518, -0.00102739455178], [0.000264916452579, -0.00126835878473, 0.00076467951294, -0.00155934912618, 0.00289079686627, -0.00146011076868, 0.000154068751726, -0.000444782112027, 0.000587007438298, -0.000947923224885, 0.00158884085249, -0.00113141851034, 0.000532588339411], [-0.000492400897201, 0.00218343944289, -0.00125954137184, 0.00218791584484, -0.00146011076868, 0.00726543646306, -0.00285894889385, 0.000656506919768, 0.000737678608857, -0.000567444250919, -0.00015170747065, 0.00184191192966, -0.0013356662821], [0.000571343291085, -0.0020360276103, 0.00110994756687, -0.000960373319685, 0.000154068751726, -0.00285894889385, 0.0078835953027, -0.00279708765447, -0.00179703219328, 0.000795703730546, 1.70298626472e-05, -0.000227775744861, 0.000538437627256], [-0.000347484950908, 0.00242483592592, -0.00120246014558, 0.00167856446933, -0.000444782112027, 0.000656506919768, -0.00279708765447, 0.00821053609252, -0.00291722081602, -0.00051871035248, 0.000363495550118, -0.000416193564888, -0.000471234176075], [0.00029853178421, -0.00124452018645, 0.00101125810761, -0.00116306613199, 0.000587007438298, 0.000737678608857, -0.00179703219328, -0.00291722081602, 0.010148097761, -0.00303475605324, 0.000343143678037, 0.000158372262376, -4.89561680297e-05], [-0.000212501501665, 0.00129543989897, -0.000139902287629, 0.00183356786147, -0.000947923224885, -0.000567444250919, 0.000795703730546, -0.00051871035248, -0.00303475605324, 0.0101465666667, -0.00239393929951, 0.000136466725962, -0.000959211727604], [0.000359977362677, -0.00151538208593, 0.000538029707968, -0.00126215151977, 0.00158884085249, -0.00015170747065, 1.70298626472e-05, 0.000363495550118, 0.000343143678037, -0.00239393929951, 0.0109599335119, -0.00308773317374, -0.000243460555794], [-0.000318253121804, 0.002008382231, -0.000921483151615, 0.00153459934518, -0.00113141851034, 0.00184191192966, -0.000227775744861, -0.000416193564888, 0.000158372262376, 0.000136466725962, -0.00308773317374, 0.0129615105689, -0.00314035569318], [0.000202234688913, -0.00142947246786, 0.000836075283587, -0.00102739455178, 0.000532588339411, -0.0013356662821, 0.000538437627256, -0.000471234176075, -4.89561680297e-05, -0.000959211727604, -0.000243460555794, -0.00314035569318, 0.0102241076529]]
    },
    "melbands": {
        "dmean": [0.00178098643664, 0.00262765213847, 0.00123159086797, 0.000797319924459, 0.000440251053078, 0.00030737137422, 0.000204256604775, 0.00010172885959, 0.000100470693724, 5.14657731401e-05, 2.9727074434e-05, 2.03830313694e-05, 1.5477404304e-05, 1.28820111058e-05, 5.98225551585e-06, 6.41977203486e-06, 6.67809399602e-06, 7.61845694797e-06, 4.3060358621e-06, 3.63940534953e-06, 6.90996284902e-06, 4.25221560363e-06, 3.05321032101e-06, 1.74199544745e-06, 1.29297893636e-06, 1.37524807542e-06, 8.23001414574e-07, 4.38172577333e-07, 5.24960512394e-07, 2.75985371445e-07, 1.62340512588e-07, 1.93310711438e-07, 7.43823136418e-08, 8.02980935077e-08, 1.07153603324e-07, 4.86103601816e-08, 3.28471223554e-08, 3.62577274871e-08, 2.3953115047e-08, 1.24346595243e-08],
        "dmean2": [0.00276236631908, 0.00404854351655, 0.00208643102087, 0.00132817297708, 0.000756814959459, 0.000518500746693, 0.000353015930159, 0.000171712774318, 0.000169954946614, 7.91285347077e-05, 4.67691425001e-05, 3.11522344418e-05, 2.59080443357e-05, 2.10606813198e-05, 1.00195738924e-05, 9.65105664363e-06, 1.15676375572e-05, 1.12122061182e-05, 6.22023981123e-06, 5.90775971432e-06, 1.08554158942e-05, 6.64412164042e-06, 4.85381542603e-06, 2.73468049272e-06, 2.08223627851e-06, 2.26066299547e-06, 1.28623150886e-06, 6.94896698406e-07, 8.45345709877e-07, 4.51036271443e-07, 2.67036256218e-07, 3.14806300139e-07, 1.23511995298e-07, 1.33744180175e-07, 1.79911793907e-07, 8.20470233975e-08, 5.6290136996e-08, 6.20587172762e-08, 4.17335712655e-08, 2.15674624826e-08],
        "dvar": [1.48904046e-05, 3.88218395528e-05, 7.96486801846e-06, 2.92822915071e-06, 7.58496582876e-07, 4.71953967462e-07, 2.4507394869e-07, 5.6868977083e-08, 6.30322389839e-08, 2.71477329505e-08, 9.15007092317e-09, 6.38381170148e-09, 2.15763362732e-09, 8.32190649724e-10, 7.35306371347e-10, 3.82650966468e-10, 4.82339446162e-10, 2.55884841094e-10, 7.42788816566e-11, 7.66485902526e-11, 2.86087209478e-10, 1.22517662682e-10, 4.34284518069e-11, 1.68704685638e-11, 1.14562014389e-11, 7.3490397795e-12, 2.91100412005e-12, 1.39802286501e-12, 1.21376660892e-12, 3.47557621789e-13, 1.74896555571e-13, 2.15732813558e-13, 6.89324424906e-14, 6.81803653249e-14, 7.79809498767e-14, 2.44557605639e-14, 1.88712350732e-14, 1.2389564472e-14, 9.67253265194e-15, 2.46645300449e-15],
        "dvar2": [4.0906459617e-05, 0.000100144017779, 2.23493261728e-05, 8.06569642009e-06, 2.21909408538e-06, 1.3282136706e-06, 6.6672663479e-07, 1.5079680793e-07, 1.73420346528e-07, 6.84221035385e-08, 2.24210285893e-08, 1.75728214202e-08, 5.67154323505e-09, 2.30742602803e-09, 2.13392259418e-09, 1.02748298758e-09, 1.34360578219e-09, 6.32709218351e-10, 1.55273224833e-10, 1.85009660369e-10, 7.36600669349e-10, 3.11692865962e-10, 1.0884503715e-10, 3.91054931492e-11, 2.64304775982e-11, 1.82507533392e-11, 6.24012083325e-12, 3.02435355405e-12, 2.90701685814e-12, 8.57878058955e-13, 4.39788071412e-13, 5.40759873945e-13, 1.74553215848e-13, 1.73768050188e-13, 2.02564392126e-13, 6.35481793056e-14, 5.0518657725e-14, 3.30881901197e-14, 2.6466549018e-14, 6.64914087331e-15],
        "max": [0.059072047472, 0.0846170410514, 0.0477846674621, 0.0376657359302, 0.0145709207281, 0.0161019805819, 0.0117745054886, 0.00337519170716, 0.00439163623378, 0.00439632916823, 0.00359510350972, 0.00245328852907, 0.0013879481703, 0.000354103860445, 0.000656882475596, 0.00044077495113, 0.000300841958961, 0.000266369315796, 0.000171104955371, 0.00016108212003, 0.000292140728561, 0.000164804048836, 8.67320559337e-05, 0.000109401349619, 0.000118485986604, 5.04366616951e-05, 4.79712762171e-05, 3.9882150304e-05, 2.36165906244e-05, 8.75419846125e-06, 7.39478446121e-06, 8.80347488419e-06, 3.47808827428e-06, 4.91209902975e-06, 4.31521766586e-06, 3.15353941005e-06, 2.4118694455e-06, 1.98308430299e-06, 2.33943546846e-06, 9.66678385339e-07],
        "mean": [0.00347449281253, 0.00481389323249, 0.00204838765785, 0.00132492859848, 0.00106742593925, 0.000740817456972, 0.000347734690877, 0.000155800327775, 0.000216763437493, 0.000139652984217, 7.05547354301e-05, 5.21652509633e-05, 4.69987680844e-05, 2.59637508861e-05, 9.35220305109e-06, 1.13121268441e-05, 9.46624004428e-06, 1.890922249e-05, 1.50284777192e-05, 1.14530585051e-05, 1.46321954162e-05, 8.34169895825e-06, 4.03140893468e-06, 2.1679911697e-06, 1.47105845372e-06, 1.77430831627e-06, 1.32183822643e-06, 8.1296764165e-07, 9.30397618504e-07, 4.55045920944e-07, 2.31620830959e-07, 2.5503965162e-07, 8.97883296602e-08, 9.97869804564e-08, 1.3107555219e-07, 5.60350699175e-08, 3.47782886934e-08, 4.46596821746e-08, 2.80231784444e-08, 1.57983848226e-08],
        "median": [0.00127333810087, 0.001467152033, 0.00121381995268, 0.000598284241278, 0.000617214012891, 0.000228743199841, 0.000114039910841, 5.46744704479e-05, 6.57946511637e-05, 3.696908243e-05, 1.53898690769e-05, 1.63326694747e-05, 7.38453127269e-06, 7.45195256968e-06, 2.7080595828e-06, 3.3247670217e-06, 1.03141178442e-06, 3.45708485838e-06, 2.56970406554e-06, 1.16364924452e-06, 2.19092771658e-06, 1.18253547043e-06, 1.02358990262e-06, 4.4011682121e-07, 2.10843978721e-07, 5.35320964445e-07, 4.32354795521e-07, 2.20612932367e-07, 2.86617478196e-07, 1.70150883605e-07, 1.14869919798e-07, 1.055451051e-07, 2.09392130301e-08, 2.33350654355e-08, 4.51974528914e-08, 9.51727319176e-09, 6.39408659353e-09, 1.11948903481e-08, 5.60146595774e-09, 1.76273273755e-09],
        "min": [9.62393028316e-24, 7.45263876205e-24, 9.22702122958e-24, 5.09947062608e-24, 1.61678983123e-23, 2.22393710025e-23, 1.03673441228e-23, 4.81553513161e-24, 1.2713982857e-23, 1.86148359775e-23, 1.06712583085e-23, 4.92901987257e-24, 1.34038811617e-23, 7.66720735055e-24, 9.12056208384e-24, 9.98611841285e-24, 1.51422592286e-23, 1.52462736944e-23, 7.59045749536e-24, 6.17371379668e-24, 2.04563938954e-23, 1.2084900995e-23, 6.16576365648e-24, 7.69431655556e-24, 1.20708064172e-23, 7.44216111151e-24, 9.98801798991e-24, 1.04675941443e-23, 9.10653613695e-24, 1.48369400816e-23, 1.15407234433e-23, 1.37927501449e-23, 1.43851625966e-23, 1.36479436817e-23, 1.52736361238e-23, 6.84832949903e-24, 1.04307590732e-23, 1.29857982926e-23, 1.00661586069e-23, 1.37129395094e-23],
        "var": [3.10470459226e-05, 6.41217557131e-05, 9.12569430511e-06, 4.27786153523e-06, 1.88112460364e-06, 1.52604354753e-06, 3.91567738234e-07, 6.98071218608e-08, 1.26454125393e-07, 9.15040629934e-08, 3.10937231518e-08, 1.32060726798e-08, 1.10897904193e-08, 1.56906754256e-09, 5.89145954244e-10, 5.31919452929e-10, 4.93323215611e-10, 1.02702968352e-09, 6.54903409281e-10, 4.82473117014e-10, 5.82376591396e-10, 2.39457065287e-10, 5.77346261077e-11, 2.70294758797e-11, 1.95423018046e-11, 1.02908835967e-11, 5.99647458424e-12, 2.82031255988e-12, 2.47164658532e-12, 5.05991516048e-13, 1.89886545073e-13, 2.41407154683e-13, 6.37075705774e-14, 6.86937011722e-14, 7.80824921864e-14, 2.30992796505e-14, 1.47313191918e-14, 1.22221043643e-14, 7.35217313733e-15, 2.15008344584e-15]
    },
    "mfcc": {
        "mean": [-762.461547852, 184.950744629, 21.8102779388, 35.6697502136, 4.24941062927, 4.48655700684, -2.47722434998, 2.23796725273, 6.65645360947, 3.492218256, -6.85272455215, 0.624808132648, 0.473333358765],
        "cov": [[15698.7871094, 1994.44421387, -3146.05517578, 853.190979004, 129.053436279, 284.836547852, -402.138092041, -317.992553711, 0.81036233902, -126.891998291, -674.63671875, 123.424255371, 158.071762085], [1994.44421387, 2276.12133789, 658.464599609, 196.200622559, 120.035362244, 194.896499634, 36.294757843, -101.060287476, -133.124526978, -134.005859375, -118.423881531, -114.851676941, -34.4442253113], [-3146.05517578, 658.464599609, 2495.47387695, 192.3306427, 42.3142967224, -38.8088302612, 86.6310653687, 101.593955994, -232.293457031, -174.881271362, 117.185020447, -185.703048706, -140.239578247], [853.190979004, 196.200622559, 192.3306427, 767.626586914, 240.90637207, 83.5342254639, -20.0739860535, 46.4207038879, -46.6322746277, -84.9565505981, -87.5093002319, -79.6742019653, -14.1303949356], [129.053436279, 120.035362244, 42.3142967224, 240.90637207, 334.727233887, 101.643447876, 57.1296691895, 29.4759292603, 4.63267803192, -17.4690952301, -45.4734458923, -19.7526988983, -23.1649532318], [284.836547852, 194.896499634, -38.8088302612, 83.5342254639, 101.643447876, 222.024383545, 44.8958435059, -11.3945293427, 22.1118869781, 16.1039447784, -42.5279159546, -24.238653183, 8.59456825256], [-402.138092041, 36.294757843, 86.6310653687, -20.0739860535, 57.1296691895, 44.8958435059, 174.200317383, 37.185546875, 18.0493202209, 15.4361925125, 16.2185974121, 8.79300880432, -12.3053388596], [-317.992553711, -101.060287476, 101.593955994, 46.4207038879, 29.4759292603, -11.3945293427, 37.185546875, 169.631225586, 39.0670928955, 23.6030406952, 23.8027877808, -12.1632204056, -15.6536436081], [0.81036233902, -133.124526978, -232.293457031, -46.6322746277, 4.63267803192, 22.1118869781, 18.0493202209, 39.0670928955, 202.430847168, 87.6323013306, -1.61748611927, 53.6082229614, 27.7797622681], [-126.891998291, -134.005859375, -174.881271362, -84.9565505981, -17.4690952301, 16.1039447784, 15.4361925125, 23.6030406952, 87.6323013306, 157.600006104, 45.8820762634, 10.1328144073, 20.2107696533], [-674.63671875, -118.423881531, 117.185020447, -87.5093002319, -45.4734458923, -42.5279159546, 16.2185974121, 23.8027877808, -1.61748611927, 45.8820762634, 163.066848755, 18.5780658722, -12.4657382965], [123.424255371, -114.851676941, -185.703048706, -79.6742019653, -19.7526988983, -24.238653183, 8.79300880432, -12.1632204056, 53.6082229614, 10.1328144073, 18.5780658722, 157.325439453, 45.8030052185], [158.071762085, -34.4442253113, -140.239578247, -14.1303949356, -23.1649532318, 8.59456825256, -12.3053388596, -15.6536436081, 27.7797622681, 20.2107696533, -12.4657382965, 45.8030052185, 131.356292725]],
