{
"lowlevel": {
    "average_loudness": 0.957152366638,
    "barkbands_crest": {
        "dmean": 2.49005460739,
        "dmean2": 4.23086214066,
        "dvar": 4.73470926285,
        "dvar2": 14.0693054199,
        "max": 26.0397338867,
        "mean": 12.7378349304,
        "median": 12.2879419327,
        "min": 3.13866281509,
        "var": 13.6539793015
    },
    "barkbands_flatness_db": {
        "dmean": 0.0291474945843,
        "dmean2": 0.0452996604145,
        "dvar": 0.00113915582187,
        "dvar2": 0.0023974981159,
        "max": 0.745292663574,
        "mean": 0.234370872378,
        "median": 0.212549373507,
        "min": 0.0444213189185,
        "var": 0.0133141474798
    },
    "barkbands_kurtosis": {
        "dmean": 9.02816867828,
        "dmean2": 14.0955286026,
        "dvar": 125.615905762,
        "dvar2": 297.992034912,
        "max": 197.859649658,
        "mean": 22.5681362152,
        "median": 17.1915092468,
        "min": -1.81328392029,
        "var": 456.362213135
    },
    "barkbands_skewness": {
        "dmean": 0.77056825161,
        "dmean2": 1.2276943922,
        "dvar": 0.549430668354,
        "dvar2": 1.39693796635,
        "max": 10.8623180389,
        "mean": 3.49761295319,
        "median": 3.38950538635,
        "min": -2.25584816933,
        "var": 2.4621655941
    },
    "barkbands_spread": {
        "dmean": 5.23707294464,
        "dmean2": 8.1954870224,
        "dvar": 61.0879211426,
        "dvar2": 147.101959229,
        "max": 75.1989822388,
        "mean": 13.7231807709,
        "median": 6.6536359787,
        "min": 0.316459745169,
        "var": 218.481918335
    },
    "dissonance": {
        "dmean": 0.026707591489,
        "dmean2": 0.0434775352478,
        "dvar": 0.000834609381855,
        "dvar2": 0.00217614113353,
        "max": 0.500000059605,
        "mean": 0.42798563838,
        "median": 0.447945922613,
        "min": 0.0561792925,
        "var": 0.00408150302246
    },
    "dynamic_complexity": 2.1154923439,
    "erbbands_crest": {
        "dmean": 1.87374973297,
        "dmean2": 3.05237674713,
        "dvar": 3.22162699699,
        "dvar2": 8.62883663177,
        "max": 26.239692688,
        "mean": 9.37695884705,
        "median": 8.87000179291,
        "min": 2.55810427666,
        "var": 14.1258955002
    },
    "erbbands_flatness_db": {
        "dmean": 0.0199395958334,
        "dmean2": 0.0279605798423,
        "dvar": 0.000822330010124,
        "dvar2": 0.00140035408549,
        "max": 0.564170837402,
        "mean": 0.188074707985,
        "median": 0.163296595216,
        "min": 0.0496008507907,
        "var": 0.00955893378705
    },
    "erbbands_kurtosis": {
        "dmean": 2.37426328659,
        "dmean2": 3.45201396942,
        "dvar": 13.4029827118,
        "dvar2": 27.3979759216,
        "max": 80.8199920654,
        "mean": 4.59361553192,
        "median": 1.86500453949,
        "min": -1.85433995724,
        "var": 64.2850418091
    },
    "erbbands_skewness": {
        "dmean": 0.480149209499,
        "dmean2": 0.702965795994,
        "dvar": 0.246832296252,
        "dvar2": 0.525122463703,
        "max": 7.79309654236,
        "mean": 1.55555593967,
        "median": 1.50262022018,
        "min": -1.13160133362,
        "var": 1.39106488228
    },
    "erbbands_spread": {
        "dmean": 11.968079567,
        "dmean2": 16.9314785004,
        "dvar": 322.80065918,
        "dvar2": 556.30279541,
        "max": 143.473648071,
        "mean": 52.2633132935,
        "median": 41.7042922974,
        "min": 1.8745610714,
        "var": 1479.48059082
    },
    "hfc": {
        "dmean": 6.91290044785,
        "dmean2": 10.2863321304,
        "dvar": 127.1665802,
        "dvar2": 267.614349365,
        "max": 103.076301575,
        "mean": 20.9397277832,
        "median": 13.8499231339,
        "min": 1.13897317574e-16,
        "var": 336.376190186
    },
    "melbands_crest": {
        "dmean": 2.9113714695,
        "dmean2": 4.9667096138,
        "dvar": 6.57971668243,
        "dvar2": 20.2601108551,
        "max": 33.7281608582,
        "mean": 15.5108232498,
        "median": 15.2495679855,
        "min": 1.7330518961,
        "var": 16.7227191925
    },
    "melbands_flatness_db": {
        "dmean": 0.0326946116984,
        "dmean2": 0.0508424900472,
        "dvar": 0.0014030529419,
        "dvar2": 0.00302835600451,
        "max": 0.918258011341,
        "mean": 0.315524071455,
        "median": 0.291334480047,
        "min": 0.00316482642666,
        "var": 0.0170489139855
    },
    "melbands_kurtosis": {
        "dmean": 16.415517807,
        "dmean2": 26.7692909241,
        "dvar": 355.93359375,
        "dvar2": 946.768066406,
        "max": 280.512115479,
        "mean": 46.208694458,
        "median": 39.2458190918,
        "min": -1.3397128582,
        "var": 1081.86376953
    },
    "melbands_skewness": {
        "dmean": 0.978462815285,
        "dmean2": 1.5538340807,
        "dvar": 1.0092202425,
        "dvar2": 2.44600987434,
        "max": 14.1669578552,
        "mean": 4.82009935379,
        "median": 4.80466747284,
        "min": -0.34094902873,
        "var": 4.46918773651
    },
    "melbands_spread": {
        "dmean": 3.23640727997,
        "dmean2": 5.41000318527,
        "dvar": 29.4726276398,
        "dvar2": 81.3838577271,
        "max": 164.801559448,
        "mean": 8.69405555725,
        "median": 4.97788715363,
        "min": 0.477454096079,
        "var": 133.646972656
    },
    "pitch_salience": {
        "dmean": 0.0683144778013,
        "dmean2": 0.11696973443,
        "dvar": 0.00406073126942,
        "dvar2": 0.012238861993,
        "max": 0.843164801598,
        "mean": 0.593561053276,
        "median": 0.605538189411,
        "min": 0.105135142803,
        "var": 0.0112753752619
    },
    "silence_rate_20dB": {
        "dmean": 0,
        "dmean2": 0,
        "dvar": 0,
        "dvar2": 0,
        "max": 1,
        "mean": 1,
        "median": 1,
        "min": 1,
        "var": 0
    },
    "silence_rate_30dB": {
        "dmean": 0.0160624142736,
        "dmean2": 0.0321272835135,
        "dvar": 0.0158055517823,
        "dvar2": 0.041807923466,
        "max": 1,
        "mean": 0.989292562008,
        "median": 1,
        "min": 0,
        "var": 0.010593239218
    },
    "silence_rate_60dB": {
        "dmean": 0.00214165518992,
        "dmean2": 0.00428363820538,
        "dvar": 0.00213631568477,
        "dvar2": 0.00503086484969,
        "max": 1,
        "mean": 0.0250095594674,
        "median": 0,
        "min": 0,
        "var": 0.0243841540068
    },
    "spectral_centroid": {
        "dmean": 164.941741943,
        "dmean2": 262.69418335,
        "dvar": 62217.125,
        "dvar2": 146443.515625,
        "max": 10784.0351562,
        "mean": 648.101928711,
        "median": 443.090148926,
        "min": 146.229888916,
        "var": 247603.671875
    },
    "spectral_complexity": {
        "dmean": 2.05874252319,
        "dmean2": 3.33297634125,
        "dvar": 7.00537633896,
        "dvar2": 16.5832042694,
        "max": 33,
        "mean": 10.9314718246,
        "median": 10,
        "min": 0,
        "var": 25.0188121796
    },
    "spectral_decrease": {
        "dmean": 3.59064133981e-09,
        "dmean2": 6.16894402228e-09,
        "dvar": 2.57779803313e-17,
        "dvar2": 7.18373407127e-17,
        "max": 1.95852422174e-18,
        "mean": -1.01204236103e-08,
        "median": -9.58627754954e-09,
        "min": -5.9619303272e-08,
        "var": 4.00100380149e-17
    },
    "spectral_energy": {
        "dmean": 0.0139764454216,
        "dmean2": 0.0239123627543,
        "dvar": 0.000392226851545,
        "dvar2": 0.00108333758544,
        "max": 0.232771009207,
        "mean": 0.0400961488485,
        "median": 0.037989269942,
        "min": 1.04421616474e-20,
        "var": 0.00061738374643
    },
    "spectral_energyband_high": {
        "dmean": 0.00068880035542,
        "dmean2": 0.000998605741188,
        "dvar": 1.55758345954e-06,
        "dvar2": 3.24745587932e-06,
        "max": 0.0104246390983,
        "mean": 0.00146314152516,
        "median": 0.000380450714147,
        "min": 7.70863022211e-21,
        "var": 4.32806200479e-06
    },
    "spectral_energyband_low": {
        "dmean": 0.00713624013588,
        "dmean2": 0.0127579271793,
        "dvar": 0.000247534626396,
        "dvar2": 0.000711596338078,
        "max": 0.141152113676,
        "mean": 0.00924067944288,
        "median": 0.00500347651541,
        "min": 1.72575581916e-23,
        "var": 0.00022932291904
    },
    "spectral_energyband_middle_high": {
        "dmean": 0.000238806125708,
        "dmean2": 0.000353592680767,
        "dvar": 1.27849645537e-07,
        "dvar2": 3.12769685706e-07,
        "max": 0.00570804299787,
        "mean": 0.000718307273928,
        "median": 0.000595758552663,
        "min": 1.54757959934e-21,
        "var": 3.72417872541e-07
    },
    "spectral_energyband_middle_low": {
        "dmean": 0.00984059739858,
        "dmean2": 0.0166452396661,
        "dvar": 0.000144760429976,
        "dvar2": 0.000400114629883,
        "max": 0.21115256846,
        "mean": 0.0317877568305,
        "median": 0.0308399740607,
        "min": 3.46799485537e-22,
        "var": 0.000338238081895
    },
    "spectral_entropy": {
        "dmean": 0.287745535374,
        "dmean2": 0.410102307796,
        "dvar": 0.159972682595,
        "dvar2": 0.298024296761,
        "max": 9.79166698456,
        "mean": 6.74736118317,
        "median": 6.88940191269,
        "min": 3.5320019722,
        "var": 1.17039752007
    },
    "spectral_flux": {
        "dmean": 0.0282905492932,
        "dmean2": 0.0442199073732,
        "dvar": 0.00143160379957,
        "dvar2": 0.00298601482064,
        "max": 0.371031224728,
        "mean": 0.0821781083941,
        "median": 0.071181409061,
        "min": 1.02186897832e-10,
        "var": 0.00287735485472
    },
    "spectral_kurtosis": {
        "dmean": 10.7317609787,
        "dmean2": 18.7000656128,
        "dvar": 2444.79614258,
        "dvar2": 7695.53417969,
        "max": 1147.31982422,
        "mean": 22.0654754639,
        "median": 2.64132738113,
        "min": -1.20825481415,
        "var": 6067.10205078
    },
    "spectral_rms": {
        "dmean": 0.00099759188015,
        "dmean2": 0.0016818997683,
        "dvar": 1.35272046009e-06,
        "dvar2": 3.64976494893e-06,
        "max": 0.015069627203,
        "mean": 0.00593409035355,
        "median": 0.00608791457489,
        "min": 3.1917823419e-12,
        "var": 3.90472769141e-06
    },
    "spectral_rolloff": {
        "dmean": 371.522644043,
        "dmean2": 680.415771484,
        "dvar": 1077106.25,
        "dvar2": 3017593.25,
        "max": 19035.3515625,
        "mean": 784.603881836,
        "median": 387.59765625,
        "min": 107.666015625,
        "var": 2800046
    },
    "spectral_skewness": {
        "dmean": 0.52309525013,
        "dmean2": 0.812745392323,
        "dvar": 1.15416634083,
        "dvar2": 3.135866642,
        "max": 26.7799758911,
        "mean": 2.60109901428,
        "median": 1.57923841476,
        "min": -0.00564019009471,
        "var": 9.90502929688
    },
    "spectral_spread": {
        "dmean": 721413.5625,
        "dmean2": 1000815.5,
        "dvar": 1.20392476262e+12,
        "dvar2": 1.85669556634e+12,
        "max": 40023160,
        "mean": 5888730.5,
        "median": 6272924,
        "min": 99085.8515625,
        "var": 7.06787881779e+12
    },
    "spectral_strongpeak": {
        "dmean": 0.287584990263,
        "dmean2": 0.503071427345,
        "dvar": 0.0942682400346,
        "dvar2": 0.256839811802,
        "max": 3.21999812126,
        "mean": 0.606776297092,
        "median": 0.503901660442,
        "min": 0,
        "var": 0.146414384246
    },
    "zerocrossingrate": {
        "dmean": 0.0101662892848,
        "dmean2": 0.0116364294663,
        "dvar": 0.000150003499584,
        "dvar2": 0.000181132665602,
        "max": 0.517578125,
        "mean": 0.0505926609039,
        "median": 0.0361328125,
        "min": 0.00537109375,
        "var": 0.00228385161608
    },
    "barkbands": {
        "dmean": [8.7868902483e-05, 0.00331939500757, 0.00219294382259, 0.00437917653471, 0.00654675764963, 0.00149130250793, 0.000704980047885, 0.000220712652663, 0.000116834933579, 7.67606979934e-05, 2.81788215943e-05, 4.10886204918e-05, 3.48820576619e-05, 2.75474649243e-05, 4.07884108427e-05, 2.2425510906e-05, 3.42569073837e-05, 2.34363142226e-05, 6.26629625913e-05, 5.80493979214e-05, 0.000154303736053, 0.000202643466764, 0.00016898845206, 9.66240040725e-05, 7.57599627832e-05, 6.18280027993e-05, 1.88336107385e-05],
        "dmean2": [0.000109061336843, 0.00586945563555, 0.00402487581596, 0.00744040543213, 0.0110226189718, 0.00241672061384, 0.000988460960798, 0.000329232105287, 0.000158258000738, 9.86569430097e-05, 3.9872036723e-05, 5.3432333516e-05, 4.98069675814e-05, 3.93205373257e-05, 6.26272667432e-05, 3.60140365956e-05, 5.37692430953e-05, 3.99883319915e-05, 9.55792202149e-05, 9.15562559385e-05, 0.000227808472118, 0.000317881407682, 0.000248912838288, 0.000145702215377, 0.000101925819763, 9.07328940229e-05, 2.72136603598e-05],
        "dvar": [5.1772754972e-08, 0.000152893378981, 1.8906142941e-05, 4.87521938339e-05, 6.18248595856e-05, 3.79242192139e-06, 1.0692555179e-06, 1.61207523774e-07, 3.9675761343e-08, 2.35108128521e-08, 4.87438667207e-09, 4.18385948109e-09, 3.74839093098e-09, 2.19653517597e-09, 5.71574476638e-09, 2.0567443304e-09, 3.13726911116e-09, 2.77710965335e-09, 1.22510304124e-08, 1.2462360921e-08, 5.84384167723e-08, 1.08522968389e-07, 9.7193684212e-08, 4.55351987227e-08, 2.33835635299e-08, 1.90131004274e-08, 1.49746448574e-09],
        "dvar2": [9.51798782012e-08, 0.000432981585618, 6.17878540652e-05, 0.000144170000567, 0.000171616091393, 1.04509390439e-05, 2.26412771553e-06, 3.6169248574e-07, 7.22836048794e-08, 3.73405377729e-08, 8.39708924616e-09, 7.98310573202e-09, 8.13291478607e-09, 4.58092186406e-09, 1.32306183787e-08, 5.01972907685e-09, 7.65139951397e-09, 7.83096432144e-09, 2.88208514831e-08, 3.22859889934e-08, 1.38492907809e-07, 2.71321169976e-07, 2.05629206107e-07, 1.06924510135e-07, 4.43161773944e-08, 4.44376944131e-08, 2.875871985e-09],
        "max": [0.00260988902301, 0.0928702950478, 0.0612809211016, 0.112795695662, 0.131431445479, 0.0312301926315, 0.0238240528852, 0.010490892455, 0.00506990868598, 0.00474166963249, 0.0022161945235, 0.00111670861952, 0.00137291790452, 0.000895813514944, 0.00133335043211, 0.00107156916056, 0.000791666738223, 0.00077879242599, 0.00127637479454, 0.00164804514498, 0.0020179557614, 0.00364170176908, 0.00287062861025, 0.00212783715688, 0.00134231487755, 0.00128473981749, 0.00029632015503],
        "mean": [0.000121359276818, 0.00311610312201, 0.00293226144277, 0.00678650056943, 0.016985565424, 0.00468283798546, 0.00230484129861, 0.000593710341491, 0.000340921542374, 0.000186132005183, 5.35575782123e-05, 8.67778653628e-05, 6.45758918836e-05, 4.85029013362e-05, 5.97381804255e-05, 3.49965521309e-05, 5.7872490288e-05, 2.92609802273e-05, 0.000101692938188, 9.73538699327e-05, 0.000284767069388, 0.000385213497793, 0.000274017394986, 0.000183374097105, 0.000157805014169, 9.99723997666e-05, 2.64023074124e-05],
        "median": [5.02977741235e-07, 8.51673685247e-05, 0.00174419803079, 0.00444789184257, 0.0150516051799, 0.00336920772679, 0.00163558358327, 0.000296892714687, 0.000153848144691, 6.72569585731e-05, 9.63605816651e-06, 3.30525544996e-05, 2.980467616e-05, 1.67249672813e-05, 1.84675154742e-05, 1.29015588755e-05, 2.36090763792e-05, 9.71478584688e-06, 3.19338832924e-05, 2.69541251328e-05, 9.19013909879e-05, 0.000116471099318, 6.91449895385e-05, 4.08298838011e-05, 2.65851322183e-05, 9.3926973932e-06, 2.50637708632e-06],
        "min": [1.61558092161e-24, 9.92290777738e-24, 3.25127858517e-24, 4.45306813958e-24, 6.93885333894e-23, 4.56132060282e-23, 6.84663991674e-23, 1.06343965739e-22, 4.3426676081e-23, 7.56081778234e-23, 7.26201052431e-23, 7.32990178708e-23, 1.12512125955e-22, 2.67688399263e-23, 2.09437534248e-22, 1.94207003062e-22, 1.80754905144e-22, 1.68100099477e-22, 2.35820993534e-22, 3.79200514648e-22, 3.83721659511e-22, 5.08092813496e-22, 6.84000717425e-22, 1.00660388262e-21, 1.17438634252e-21, 1.47400061158e-21, 2.42329810395e-21],
        "var": [1.18549017714e-07, 0.000124310157844, 1.63380427693e-05, 5.52925193915e-05, 0.000140544638271, 1.74186116055e-05, 5.31490150024e-06, 6.34165871816e-07, 2.8872528901e-07, 1.24447680605e-07, 1.96100007344e-08, 1.51745922494e-08, 9.62656176995e-09, 5.71021807616e-09, 1.04219122221e-08, 3.61549390426e-09, 6.57048682129e-09, 2.78686318467e-09, 2.4846432467e-08, 2.10206625439e-08, 1.53168315364e-07, 3.05737216877e-07, 1.73160771055e-07, 8.32556139585e-08, 6.46842863716e-08, 3.32901706201e-08, 2.49984544176e-09]
    },
    "erbbands": {
        "dmean": [0.073608264327, 0.84297400713, 2.25188040733, 9.26409435272, 23.031337738, 21.9746704102, 15.079627037, 12.031083107, 12.6931705475, 6.32746458054, 4.8653550148, 2.53799700737, 2.77057790756, 1.78614211082, 1.24261581898, 1.62245631218, 1.65217924118, 1.59471607208, 1.90708708763, 1.53219902515, 1.52740991116, 1.64174449444, 1.25973677635, 1.74249064922, 3.95584273338, 2.72344326973, 4.83144569397, 6.35044622421, 7.2527794838, 6.62786960602, 4.34333276749, 2.52034711838, 1.48223888874, 0.817120313644, 0.62733989954, 0.346616208553, 0.0920952036977, 0.0256628580391, 0.00264481268823, 0.000135325448355],
        "dmean2": [0.114796921611, 1.55577468872, 4.13297796249, 16.2829971313, 37.9042282104, 38.3936309814, 23.7787380219, 19.7304058075, 19.1463851929, 8.69346523285, 7.08080720901, 3.45385551453, 3.52508306503, 2.40006518364, 1.68894183636, 2.12072181702, 2.33637833595, 2.28606557846, 2.8574385643, 2.49109244347, 2.37611341476, 2.57810044289, 2.13630485535, 2.77822947502, 6.14719629288, 4.36681413651, 7.09150934219, 9.92049694061, 11.4362020493, 10.1464529037, 6.59033250809, 3.8154706955, 2.29772424698, 1.22441375256, 0.852271318436, 0.508108615875, 0.130644261837, 0.0376135893166, 0.00371183268726, 0.000191541490494],
        "dvar": [0.0664787441492, 10.1179294586, 28.3775863647, 201.123443604, 945.70324707, 726.253723145, 568.771484375, 290.883178711, 311.990753174, 110.778579712, 83.6680221558, 19.5114974976, 31.0160198212, 15.4544086456, 5.38876342773, 6.93617916107, 9.01868057251, 6.9456410408, 16.2574062347, 9.21240615845, 9.31801319122, 7.33317756653, 7.31690645218, 9.61478614807, 53.6627998352, 29.3035774231, 64.4774398804, 111.891357422, 156.294570923, 130.532485962, 71.2778701782, 37.607170105, 9.33022975922, 2.6951622963, 1.44883882999, 0.585365176201, 0.0402553081512, 0.0027804558631, 3.11170297209e-05, 7.37318330835e-08],
        "dvar2": [0.152900978923, 30.1429328918, 89.6930541992, 614.642211914, 2506.12792969, 2222.58496094, 1662.20532227, 813.736572266, 739.234375, 227.255447388, 175.839767456, 36.4427604675, 47.9817619324, 26.1804046631, 9.56650257111, 13.3060970306, 19.3248386383, 14.5056772232, 35.6333236694, 23.5537242889, 21.9720840454, 17.8716011047, 20.7734603882, 23.9438724518, 136.941009521, 78.9094390869, 140.716156006, 280.997558594, 402.504516602, 281.541351318, 167.347412109, 94.2585296631, 21.7907066345, 5.73897409439, 2.49108242989, 1.35503554344, 0.0856005847454, 0.00580359343439, 6.10033494013e-05, 1.36842615461e-07],
        "max": [2.20926094055, 23.4782085419, 63.0039520264, 227.442459106, 559.521789551, 358.912628174, 654.20135498, 284.105895996, 420.871154785, 296.459533691, 230.088653564, 100.765563965, 141.447937012, 158.063140869, 70.6584625244, 43.2082710266, 67.8175125122, 47.6071243286, 80.7591247559, 77.9887619019, 73.963470459, 31.9098472595, 37.5923500061, 45.1201171875, 84.1289978027, 83.1873779297, 85.6981811523, 101.897026062, 144.534927368, 95.1913833618, 89.0076599121, 67.0818481445, 29.4914970398, 12.9839639664, 11.5128726959, 7.50178813934, 1.86894726753, 0.389427274466, 0.051225040108, 0.00256839976646],
        "mean": [0.0900367945433, 0.704498231411, 2.70708203316, 14.6463375092, 42.1292495728, 56.5717163086, 49.9584350586, 35.9034233093, 39.0683860779, 21.6075744629, 13.6420822144, 7.7549161911, 8.03150463104, 4.219186306, 2.76714777946, 3.55990791321, 3.2224984169, 2.96700525284, 2.96109771729, 2.25177526474, 2.62625718117, 2.78879213333, 1.7428227663, 2.7892665863, 6.44728422165, 4.54384660721, 9.65066719055, 11.0134716034, 13.4218416214, 12.3162412643, 7.22749757767, 4.35683345795, 2.77471828461, 1.71856331825, 1.18015480042, 0.578442156315, 0.146407172084, 0.0359626710415, 0.00391990318894, 0.000235590268858],
        "median": [0.00203069951385, 0.0553614012897, 1.39690935612, 10.3505058289, 33.1537513733, 47.1264953613, 36.1477203369, 24.2327861786, 28.0015010834, 13.6953926086, 6.69202280045, 4.22895765305, 3.01775097847, 1.84755432606, 1.24255669117, 1.51737749577, 1.56398153305, 1.25578773022, 0.915488958359, 0.941782772541, 1.15850222111, 1.20472407341, 0.762777626514, 1.03226077557, 2.08953380585, 1.3322892189, 2.5024394989, 3.80305314064, 3.72974610329, 3.42420578003, 1.82511377335, 0.941694617271, 0.673351883888, 0.312999606133, 0.164019420743, 0.0565642043948, 0.0138721968979, 0.00329757295549, 0.000414087437093, 6.94900954841e-05],
        "min": [4.33032433307e-22, 1.48048477054e-21, 3.18703259027e-21, 1.67468304943e-20, 1.53219828086e-19, 2.34371545303e-19, 2.93787928703e-19, 3.66404512016e-19, 6.38369916895e-19, 1.42673663017e-18, 2.45648157382e-18, 1.22382498661e-18, 9.23299413322e-19, 4.0411664808e-18, 2.05838208567e-18, 3.64561326137e-18, 4.68511914305e-18, 2.88939605998e-18, 7.70744312746e-18, 1.02912881817e-17, 1.36123463764e-17, 8.31447871897e-18, 8.01831331809e-18, 1.19473161758e-17, 1.55605378715e-17, 1.78848789969e-17, 1.50517523117e-17, 1.38362484518e-17, 2.06488384936e-17, 2.00619207618e-17, 2.119857942e-17, 2.2333052667e-17, 1.47599147197e-17, 1.17155823544e-17, 8.87963829197e-18, 5.15401143636e-18, 3.0905473598e-18, 1.1943260716e-18, 3.70200262902e-19, 3.46211889428e-20],
        "var": [0.0852473825216, 6.82772397995, 21.1807346344, 231.74597168, 1335.10766602, 1886.3326416, 2147.71337891, 1187.66870117, 1410.86608887, 558.767700195, 354.695068359, 116.625671387, 202.897094727, 72.6216430664, 21.2548007965, 23.8874740601, 23.6484031677, 18.4531135559, 32.3390197754, 13.9141349792, 17.5254497528, 14.8182954788, 7.65326356888, 15.2318210602, 99.1990509033, 44.9366340637, 208.621627808, 223.75541687, 407.971252441, 287.43838501, 118.573616028, 50.3788223267, 19.1064395905, 7.36132049561, 3.99301600456, 1.09069001675, 0.0753151774406, 0.00449565798044, 5.4399464716e-05, 1.33563318627e-07]
    },
    "gfcc": {
        "mean": [-33.491355896, 90.5556335449, -52.625087738, 28.4437351227, -86.7023010254, -9.77508831024, -48.8271369934, -21.2476043701, -30.9589004517, -5.66050720215, -23.762014389, -5.22019052505, -15.3208427429],
        "cov": [[16040.3320312, -4674.29150391, -971.496948242, 2368.51855469, -555.973205566, 411.064788818, -293.442016602, 881.289611816, -204.139450073, 544.971313477, -349.660125732, 402.703460693, -190.255615234], [-4674.29150391, 3496.70532227, 371.362243652, -963.594360352, 230.935409546, -220.109909058, 101.467895508, -548.135559082, 201.47265625, -341.651397705, 177.259185791, -269.369628906, 114.974845886], [-971.496948242, 371.362243652, 766.32043457, -151.481643677, -104.937088013, -35.979598999, 96.0817565918, -24.22889328, 26.2717056274, -7.08661413193, -6.55598306656, 3.73331189156, 59.4281463623], [2368.51855469, -963.594360352, -151.481643677, 764.049255371, 59.1236000061, 139.517242432, -2.39066195488, 230.135696411, -1.57400965691, 120.085258484, -17.0819129944, 92.9532012939, -3.75059819221], [-555.973205566, 230.935409546, -104.937088013, 59.1236000061, 525.25189209, 149.045944214, 47.1008110046, 46.6825027466, 42.0873641968, 18.0118465424, 101.188041687, 27.3799343109, 1.90945923328], [411.064788818, -220.109909058, -35.979598999, 139.517242432, 149.045944214, 184.113876343, 49.4039649963, 78.1046524048, 11.5857868195, 45.6529388428, 23.8579082489, 40.3819351196, 3.10005450249], [-293.442016602, 101.467895508, 96.0817565918, -2.39066195488, 47.1008110046, 49.4039649963, 121.891479492, 43.9574623108, 23.2332878113, 9.30845069885, 29.3528404236, 10.6644878387, 28.0423221588], [881.289611816, -548.135559082, -24.22889328, 230.135696411, 46.6825027466, 78.1046524048, 43.9574623108, 225.406555176, 15.1823749542, 70.69165802, 2.86937093735, 85.8980789185, 4.54686689377], [-204.139450073, 201.47265625, 26.2717056274, -1.57400965691, 42.0873641968, 11.5857868195, 23.2332878113, 15.1823749542, 112.602165222, 12.6855840683, 18.2577209473, -4.65267801285, 25.344461441], [544.971313477, -341.651397705, -7.08661413193, 120.085258484, 18.0118465424, 45.6529388428, 9.30845069885, 70.69165802, 12.6855840683, 139.034759521, 30.2911262512, 25.563085556, -13.4768333435], [-349.660125732, 177.259185791, -6.55598306656, -17.0819129944, 101.188041687, 23.8579082489, 29.3528404236, 2.86937093735, 18.2577209473, 30.2911262512, 111.72202301, 24.0214118958, -0.47069939971], [402.703460693, -269.369628906, 3.73331189156, 92.9532012939, 27.3799343109, 40.3819351196, 10.6644878387, 85.8980789185, -4.65267801285, 25.563085556, 24.0214118958, 94.0166931152, 17.8490638733], [-190.255615234, 114.974845886, 59.4281463623, -3.75059819221, 1.90945923328, 3.10005450249, 28.0423221588, 4.54686689377, 25.344461441, -13.4768333435, -0.47069939971, 17.8490638733, 69.3092575073]],
        "icov": [[0.00020505397697, -0.000170950283064, 0.000185304161278, -0.000486011296744, 0.000349448615452, -0.000316359597491, 0.000314308941597, -0.000276060920442, 0.000288705195999, -0.000627748668194, 0.00081570004113, -0.000768828671426, 0.000532641017344], [-0.000170950283064, 0.00191847141832, -0.000620270904619, 0.000998094445094, -0.000988893560134, 0.00100041995756, -0.000903130101506, 0.00202124333009, -0.00249786418863, 0.00350665324368, -0.00395134836435, 0.00373951136135, -0.00224521011114], [0.000185304161278, -0.000620270904619, 0.00197788956575, -0.000324827764416, 0.000774690473918, -0.000127741819597, -0.00112571276259, -0.000256109895417, 0.000682971498463, -0.00181526993401, 0.00211288640276, -0.00219889706932, 0.000258668500464], [-0.000486011296744, 0.000998094445094, -0.000324827764416, 0.00360358366743, -0.000971253961325, -4.22723787779e-05, -5.23392736795e-05, -0.000570547825191, -0.00118834560271, 0.0015572210541, -0.00250472757034, 0.00284074409865, -0.00244028447196], [0.000349448615452, -0.000988893560134, 0.000774690473918, -0.000971253961325, 0.00405585905537, -0.00338371796533, 0.00124343892094, -0.0017226949567, 0.00078371661948, -0.00115518271923, -0.000143526413012, -0.00157673447393, 0.00142628850881], [-0.000316359597491, 0.00100041995756, -0.000127741819597, -4.22723787779e-05, -0.00338371796533, 0.01076284796, -0.00473830429837, 0.00176230096258, -0.00134583213367, 0.000307747570332, -0.000399264914449, -0.00042381224921, -0.00034901642357], [0.000314308941597, -0.000903130101506, -0.00112571276259, -5.23392736795e-05, 0.00124343892094, -0.00473830429837, 0.015166297555, -0.00616157613695, 0.00162284763064, -0.000545509916265, -0.00244537345134, 0.00332008115947, -0.00380211765878], [-0.000276060920442, 0.00202124333009, -0.000256109895417, -0.000570547825191, -0.0017226949567, 0.00176230096258, -0.00616157613695, 0.014016197063, -0.00477683078498, 0.00100949883927, -3.63603649021e-05, -0.00550194596872, 0.000979750650004], [0.000288705195999, -0.00249786418863, 0.000682971498463, -0.00118834560271, 0.00078371661948, -0.00134583213367, 0.00162284763064, -0.00477683078498, 0.0143752833828, -0.00562527636066, 0.00336713716388, -0.000935186515562, -0.00210514641367], [-0.000627748668194, 0.00350665324368, -0.00181526993401, 0.0015572210541, -0.00115518271923, 0.000307747570332, -0.000545509916265, 0.00100949883927, -0.00562527636066, 0.0176184177399, -0.0121358642355, 0.00915355514735, -0.00268386374228], [0.00081570004113, -0.00395134836435, 0.00211288640276, -0.00250472757034, -0.000143526413012, -0.000399264914449, -0.00244537345134, -3.63603649021e-05, 0.00336713716388, -0.0121358642355, 0.0246708523482, -0.0163788087666, 0.00865478627384], [-0.000768828671426, 0.00373951136135, -0.00219889706932, 0.00284074409865, -0.00157673447393, -0.00042381224921, 0.00332008115947, -0.00550194596872, -0.000935186515562, 0.00915355514735, -0.0163788087666, 0.0313820689917, -0.0132657857612], [0.000532641017344, -0.00224521011114, 0.000258668500464, -0.00244028447196, 0.00142628850881, -0.00034901642357, -0.00380211765878, 0.000979750650004, -0.00210514641367, -0.00268386374228, 0.00865478627384, -0.0132657857612, 0.0244342442602]]
    },
    "melbands": {
        "dmean": [0.000805755960755, 0.0011791937286, 0.00184922420885, 0.00166636938229, 0.000564224086702, 0.000268272444373, 0.000187248602742, 6.04844462941e-05, 3.5218155972e-05, 1.57365066116e-05, 1.38419318318e-05, 7.48542106521e-06, 4.39611403635e-06, 5.22614072906e-06, 3.44481509273e-06, 3.17645412906e-06, 3.07582968162e-06, 2.86922545456e-06, 2.23563461077e-06, 1.63727577274e-06, 1.98140060093e-06, 1.94788140107e-06, 1.30333228299e-06, 1.33320600071e-06, 1.48326523686e-06, 2.88232695311e-06, 2.15833938455e-06, 1.8838949245e-06, 2.98294435197e-06, 4.74113448945e-06, 3.74311844098e-06, 3.59640671377e-06, 4.95648919241e-06, 3.8956904973e-06, 2.97113865599e-06, 1.73594878561e-06, 1.646392775e-06, 1.10576797852e-06, 8.21039918719e-07, 7.27531528355e-07],
        "dmean2": [0.00137339939829, 0.00218234583735, 0.00315690017305, 0.00282920477912, 0.000925042375457, 0.000440596864792, 0.000280038948404, 8.49736388773e-05, 5.11646576342e-05, 2.11230053537e-05, 1.75595141627e-05, 1.00879660749e-05, 6.0531856434e-06, 6.83587904859e-06, 4.65539187644e-06, 4.58333124698e-06, 4.41908650828e-06, 4.27951727033e-06, 3.54258827429e-06, 2.69420638688e-06, 3.07601567329e-06, 3.02892112813e-06, 2.16217813431e-06, 2.2765061658e-06, 2.46501804213e-06, 4.56420320916e-06, 3.44015961673e-06, 3.10138602799e-06, 4.57572605228e-06, 7.69090729591e-06, 6.24317772235e-06, 5.77940045332e-06, 7.56210283726e-06, 5.90312447457e-06, 4.65016864837e-06, 2.5393044325e-06, 2.51782284977e-06, 1.72561237832e-06, 1.2965026599e-06, 1.11185011065e-06],
        "dvar": [8.73583576322e-06, 1.10756518552e-05, 7.50496019464e-06, 4.02103660235e-06, 6.4747689521e-07, 1.37310252057e-07, 6.66718236175e-08, 1.01251700357e-08, 4.21838741715e-09, 7.16040227111e-10, 7.70435160113e-10, 3.02157410204e-10, 1.05992742361e-10, 6.91855808754e-11, 3.1816198981e-11, 2.60797078377e-11, 2.91226764926e-11, 3.59304808129e-11, 1.63835368883e-11, 9.05244195576e-12, 1.53131691355e-11, 1.04147229035e-11, 1.04544636836e-11, 9.33580296403e-12, 7.37730015965e-12, 2.85904980246e-11, 1.35229501208e-11, 1.59584706561e-11, 2.96184639315e-11, 5.92365392849e-11, 4.30784262428e-11, 3.84369931716e-11, 7.08888850398e-11, 4.53012488633e-11, 3.25996347972e-11, 9.54407299719e-12, 1.69632034114e-11, 5.13340715422e-12, 2.84458459392e-12, 1.80967935949e-12],
        "dvar2": [2.33166738326e-05, 3.41028571711e-05, 2.17384640564e-05, 1.13146443255e-05, 1.86369845778e-06, 3.87159872162e-07, 1.54298206212e-07, 2.15992113084e-08, 8.8138012444e-09, 1.31555089045e-09, 1.18357079693e-09, 5.0630755144e-10, 1.79159187486e-10, 1.32533914399e-10, 6.47843445556e-11, 6.10974951187e-11, 6.06254421665e-11, 7.87586176831e-11, 4.12539169492e-11, 2.35751852068e-11, 3.6049108143e-11, 2.4510535962e-11, 2.78860667197e-11, 2.62622267683e-11, 1.89291672614e-11, 7.03302416305e-11, 3.72471324617e-11, 4.31554722513e-11, 6.68769276069e-11, 1.56066354284e-10, 1.09327276399e-10, 9.59474028006e-11, 1.82176024266e-10, 9.74590547154e-11, 7.85122730718e-11, 2.136391411e-11, 4.26710715373e-11, 1.17953789097e-11, 7.22607303855e-12, 3.6116803992e-12],
        "max": [0.0233998782933, 0.0319237820804, 0.0447986349463, 0.0313492193818, 0.0228466577828, 0.00573210744187, 0.00614472292364, 0.00268799671903, 0.00157345202751, 0.000637976219878, 0.000693518959451, 0.000703168392647, 0.000335862801876, 0.000157104994287, 0.000111156201456, 0.000103557787952, 0.000107871557702, 0.000120253425848, 7.54316715756e-05, 6.92823523423e-05, 8.92629468581e-05, 4.32500892202e-05, 5.51620687474e-05, 4.72601350339e-05, 4.05074715673e-05, 6.37155244476e-05, 4.35255424236e-05, 5.87653812545e-05, 6.1522325268e-05, 6.83848702465e-05, 7.08478037268e-05, 5.79393927183e-05, 0.000108710039058, 4.72885985801e-05, 5.9705296735e-05, 3.05918947561e-05, 4.61309646198e-05, 2.3984355721e-05, 1.48337876453e-05, 1.26820577862e-05],
        "mean": [0.000827774696518, 0.00126304337755, 0.00326434592716, 0.00375722744502, 0.00189918838441, 0.000797326851171, 0.000589710252825, 0.000201040529646, 9.8113581771e-05, 4.66255914944e-05, 3.9359973016e-05, 1.6858240997e-05, 9.05249908101e-06, 1.10291739475e-05, 7.07912613507e-06, 5.88380589761e-06, 5.3854264479e-06, 4.37762673755e-06, 3.18409297506e-06, 2.50076845987e-06, 3.2378591186e-06, 3.21483776133e-06, 1.7632877416e-06, 1.69884231127e-06, 2.04546449822e-06, 4.50269408248e-06, 3.84680652132e-06, 2.63734864347e-06, 5.7063289205e-06, 7.18157207302e-06, 5.93118238612e-06, 6.36677805232e-06, 9.41680536926e-06, 6.05610875937e-06, 4.52527001471e-06, 2.91460037261e-06, 2.60983892986e-06, 2.12783265852e-06, 1.41970815548e-06, 1.44358705256e-06],
        "median": [1.82508829312e-05, 0.000524592294823, 0.00242346082814, 0.00325029995292, 0.00147005717736, 0.000545583490748, 0.000428117113188, 0.000129110136186, 4.44687721028e-05, 2.27897235163e-05, 1.36199168992e-05, 6.1844270931e-06, 2.67151585831e-06, 4.23697019869e-06, 3.25298560711e-06, 2.81488746623e-06, 1.8113215674e-06, 1.22632980037e-06, 1.26140025714e-06, 9.82502342595e-07, 1.22359972465e-06, 1.1791706811e-06, 5.52506151053e-07, 5.24861263784e-07, 6.320217949e-07, 1.41379950946e-06, 1.30954970246e-06, 5.80553432883e-07, 1.25849976484e-06, 2.22706921704e-06, 2.02930300475e-06, 1.75074967501e-06, 2.67904874818e-06, 1.58836235187e-06, 9.84320877251e-07, 7.56927022394e-07, 5.11243399615e-07, 5.29164765339e-07, 2.65831346269e-07, 2.51820495123e-07],
        "min": [2.96077858467e-24, 1.90241064814e-24, 5.1984158717e-24, 1.63868671669e-23, 9.65020014016e-24, 8.47996285259e-24, 1.11047839187e-23, 1.80133169155e-23, 1.86129379781e-23, 6.24071569767e-24, 4.17031633089e-24, 1.63378268399e-23, 8.85433967213e-24, 7.37650264065e-24, 7.93256674843e-24, 1.23564426958e-23, 3.76215969853e-24, 1.0753337708e-23, 1.40846271021e-23, 1.08777268733e-23, 1.94038341445e-23, 9.74672437166e-24, 6.21426440265e-24, 7.07366919432e-24, 9.9755500433e-24, 9.68759372479e-24, 1.30231516453e-23, 1.16092486347e-23, 9.51170061989e-24, 8.23065046324e-24, 7.19309169132e-24, 1.1000218828e-23, 1.11178450888e-23, 1.13922842757e-23, 1.07164979037e-23, 1.49635538346e-23, 1.22581316943e-23, 1.02002026408e-23, 9.96917368061e-24, 9.70989166714e-24],
        "var": [8.21126377559e-06, 7.72155362938e-06, 9.55654286372e-06, 7.61294404583e-06, 2.67040627477e-06, 5.6981571106e-07, 3.15252975724e-07, 4.81071786851e-08, 1.9013949526e-08, 4.81045825396e-09, 5.10620257188e-09, 1.42881295684e-09, 4.28393570617e-10, 2.50656467804e-10, 9.79708883464e-11, 5.8990423657e-11, 7.54878867748e-11, 7.19718243336e-11, 2.44473434552e-11, 1.50964379886e-11, 2.86798328142e-11, 2.2013779688e-11, 1.35750065702e-11, 1.09182315966e-11, 9.96267391501e-12, 5.17677914424e-11, 2.73575589266e-11, 1.92150930584e-11, 9.21724294112e-11, 1.03575502342e-10, 7.11846623314e-11, 9.06969430114e-11, 2.00876024148e-10, 7.84091888639e-11, 5.09507262769e-11, 1.78197387402e-11, 2.12441297193e-11, 1.13740605476e-11, 4.86193290489e-12, 5.55886369921e-12]
    },
    "mfcc": {
        "mean": [-692.330078125, 119.454429626, 66.2952880859, 31.5873222351, -14.4276018143, 2.53385019302, -21.030412674, -15.8862228394, -16.0190658569, -13.8159713745, -11.4154214859, -9.881524086, -7.57379722595],
        "cov": [[10252.453125, -3179.81787109, -645.323181152, 674.715332031, 386.159698486, 408.576904297, 287.683990479, 329.212982178, 401.258758545, 513.609863281, 308.10345459, 106.123413086, 231.652496338], [-3179.81787109, 2323.10205078, 210.196380615, -242.143264771, -153.254898071, -60.9682235718, -208.44720459, -104.643005371, -139.628372192, -134.987304688, -68.0528182983, -73.0901184082, -143.582977295], [-645.323181152, 210.196380615, 722.442871094, 42.8662338257, -187.073638916, -87.3603134155, -61.6410636902, -37.456741333, 16.9153556824, -25.6126327515, -13.9807872772, -51.9287605286, -34.6641120911], [674.715332031, -242.143264771, 42.8662338257, 301.591522217, 158.989501953, 73.8818206787, 78.7725906372, 73.8165893555, 63.869178772, 85.7857894897, 45.1804122925, 11.4089689255, 45.7895202637], [386.159698486, -153.254898071, -187.073638916, 158.989501953, 319.770965576, 139.441986084, 119.019195557, 100.235466003, 49.4851455688, 64.5875015259, 58.776134491, 35.4361419678, 60.5547065735], [408.576904297, -60.9682235718, -87.3603134155, 73.8818206787, 139.441986084, 164.425964355, 81.1916275024, 36.4036216736, 29.8727092743, 59.4136581421, 42.8066139221, 14.0850563049, 20.7943191528], [287.683990479, -208.44720459, -61.6410636902, 78.7725906372, 119.019195557, 81.1916275024, 172.449188232, 82.7421188354, 29.7095508575, 37.4195671082, 33.7465705872, 48.6937522888, 55.2235298157], [329.212982178, -104.643005371, -37.456741333, 73.8165893555, 100.235466003, 36.4036216736, 82.7421188354, 146.206176758, 70.0367889404, 30.4223384857, 32.1750869751, 6.47231626511, 33.8151855469], [401.258758545, -139.628372192, 16.9153556824, 63.869178772, 49.4851455688, 29.8727092743, 29.7095508575, 70.0367889404, 125.794494629, 66.1936340332, 22.0976467133, -8.04033470154, 14.7809305191], [513.609863281, -134.987304688, -25.6126327515, 85.7857894897, 64.5875015259, 59.4136581421, 37.4195671082, 30.4223384857, 66.1936340332, 130.99458313, 62.3991165161, -6.26219749451, 7.822453022], [308.10345459, -68.0528182983, -13.9807872772, 45.1804122925, 58.776134491, 42.8066139221, 33.7465705872, 32.1750869751, 22.0976467133, 62.3991165161, 110.84500885, 47.0497131348, 16.1435241699], [106.123413086, -73.0901184082, -51.9287605286, 11.4089689255, 35.4361419678, 14.0850563049, 48.6937522888, 6.47231626511, -8.04033470154, -6.26219749451, 47.0497131348, 132.509185791, 69.2318115234], [231.652496338, -143.582977295, -34.6641120911, 45.7895202637, 60.5547065735, 20.7943191528, 55.2235298157, 33.8151855469, 14.7809305191, 7.822453022, 16.1435241699, 69.2318115234, 114.218421936]],
