{
"lowlevel": {
    "average_loudness": 0.728669643402,
    "barkbands_crest": {
        "dmean": 2.41122245789,
        "dmean2": 3.87876105309,
        "dvar": 4.5266251564,
        "dvar2": 11.204621315,
        "max": 26.3287162781,
        "mean": 10.3476133347,
        "median": 9.48731136322,
        "min": 2.95329403877,
        "var": 16.7748298645
    },
    "barkbands_flatness_db": {
        "dmean": 0.0173874385655,
        "dmean2": 0.0262877643108,
        "dvar": 0.000218867819058,
        "dvar2": 0.000506161246449,
        "max": 0.640893220901,
        "mean": 0.267136067152,
        "median": 0.255058348179,
        "min": 0.0467919707298,
        "var": 0.00581430550665
    },
    "barkbands_kurtosis": {
        "dmean": 1.71983242035,
        "dmean2": 2.67069482803,
        "dvar": 12.3779344559,
        "dvar2": 26.5144119263,
        "max": 164.750778198,
        "mean": 2.53269195557,
        "median": 0.782480478287,
        "min": -1.74892985821,
        "var": 41.4753952026
    },
    "barkbands_skewness": {
        "dmean": 0.411102920771,
        "dmean2": 0.622454285622,
        "dvar": 0.150154069066,
        "dvar2": 0.316817462444,
        "max": 10.6970500946,
        "mean": 0.753937840462,
        "median": 0.563455343246,
        "min": -2.37641072273,
        "var": 1.32442760468
    },
    "barkbands_spread": {
        "dmean": 1.96027982235,
        "dmean2": 3.04089784622,
        "dvar": 4.10867595673,
        "dvar2": 9.28344726562,
        "max": 88.9096450806,
        "mean": 9.43201255798,
        "median": 8.40447044373,
        "min": 0.250841587782,
        "var": 30.9203987122
    },
    "dissonance": {
        "dmean": 0.029054980725,
        "dmean2": 0.048405982554,
        "dvar": 0.000682211248204,
        "dvar2": 0.00184038595762,
        "max": 0.499999880791,
        "mean": 0.433285534382,
        "median": 0.445691347122,
        "min": 0.0446950159967,
        "var": 0.00304198567756
    },
    "dynamic_complexity": 3.81338572502,
    "erbbands_crest": {
        "dmean": 3.03474378586,
        "dmean2": 4.87958955765,
        "dvar": 6.54354667664,
        "dvar2": 15.8385381699,
        "max": 33.11769104,
        "mean": 12.242436409,
        "median": 11.3214588165,
        "min": 2.66521286964,
        "var": 24.4687309265
    },
    "erbbands_flatness_db": {
        "dmean": 0.0162081643939,
        "dmean2": 0.0243723038584,
        "dvar": 0.000183426702279,
        "dvar2": 0.000395627546823,
        "max": 0.605308711529,
        "mean": 0.315290272236,
        "median": 0.311225295067,
        "min": 0.0689092352986,
        "var": 0.00408561900258
    },
    "erbbands_kurtosis": {
        "dmean": 1.31845784187,
        "dmean2": 2.09593486786,
        "dvar": 3.19538068771,
        "dvar2": 7.1685500145,
        "max": 73.7043685913,
        "mean": 1.55981326103,
        "median": 0.729405283928,
        "min": -1.76991581917,
        "var": 9.46065616608
    },
    "erbbands_skewness": {
        "dmean": 0.362421959639,
        "dmean2": 0.558784663677,
        "dvar": 0.0979905873537,
        "dvar2": 0.224374115467,
        "max": 5.07192182541,
        "mean": 0.370345950127,
        "median": 0.341190367937,
        "min": -2.92293357849,
        "var": 0.601865589619
    },
    "erbbands_spread": {
        "dmean": 3.4313147068,
        "dmean2": 5.35394859314,
        "dvar": 10.7205238342,
        "dvar2": 24.5462055206,
        "max": 98.2393722534,
        "mean": 15.652973175,
        "median": 13.8754138947,
        "min": 0.446065664291,
        "var": 80.5111923218
    },
    "hfc": {
        "dmean": 4.12709712982,
        "dmean2": 6.21437644958,
        "dvar": 31.8378753662,
        "dvar2": 68.4735107422,
        "max": 100.658546448,
        "mean": 15.7358999252,
        "median": 11.5940799713,
        "min": 1.22815648066e-16,
        "var": 186.365356445
    },
    "melbands_crest": {
        "dmean": 2.64545488358,
        "dmean2": 4.15037298203,
        "dvar": 5.50709629059,
        "dvar2": 13.4574947357,
        "max": 33.0900039673,
        "mean": 13.1515684128,
        "median": 11.8004455566,
        "min": 1.52056562901,
        "var": 30.9870758057
    },
    "melbands_flatness_db": {
        "dmean": 0.0175822377205,
        "dmean2": 0.0253609064966,
        "dvar": 0.00025195084163,
        "dvar2": 0.000522603862919,
        "max": 0.7414701581,
        "mean": 0.303549826145,
        "median": 0.289966672659,
        "min": 0.00295198732056,
        "var": 0.0104145267978
    },
    "melbands_kurtosis": {
        "dmean": 2.19719696045,
        "dmean2": 3.38735628128,
        "dvar": 20.9849567413,
        "dvar2": 43.8956298828,
        "max": 147.624649048,
        "mean": 3.78903794289,
        "median": 1.31713414192,
        "min": -1.75028991699,
        "var": 76.5257644653
    },
    "melbands_skewness": {
        "dmean": 0.442097753286,
        "dmean2": 0.668025553226,
        "dvar": 0.174653694034,
        "dvar2": 0.361360520124,
        "max": 10.0692539215,
        "mean": 1.00195145607,
        "median": 0.770371198654,
        "min": -2.6905105114,
        "var": 1.54320788383
    },
    "melbands_spread": {
        "dmean": 3.23320102692,
        "dmean2": 4.95446491241,
        "dvar": 10.8312454224,
        "dvar2": 25.0649738312,
        "max": 163.95149231,
        "mean": 16.3984394073,
        "median": 14.4530963898,
        "min": 0.435235261917,
        "var": 181.791381836
    },
    "pitch_salience": {
        "dmean": 0.0537120960653,
        "dmean2": 0.0854139178991,
        "dvar": 0.00207986240275,
        "dvar2": 0.00518072349951,
        "max": 0.854097545147,
        "mean": 0.51554697752,
        "median": 0.521174430847,
        "min": 0.0526737347245,
        "var": 0.0118592390791
    },
    "silence_rate_20dB": {
        "dmean": 0,
        "dmean2": 0,
        "dvar": 0,
        "dvar2": 0,
        "max": 1,
        "mean": 1,
        "median": 1,
        "min": 1,
        "var": 0
    },
    "silence_rate_30dB": {
        "dmean": 0.00276646437123,
        "dmean2": 0.00553335389122,
        "dvar": 0.00275879073888,
        "dvar2": 0.00596376182511,
        "max": 1,
        "mean": 0.994851708412,
        "median": 1,
        "min": 0,
        "var": 0.00512064108625
    },
    "silence_rate_60dB": {
        "dmean": 0.00753093045205,
        "dmean2": 0.0150630185381,
        "dvar": 0.00747410440817,
        "dvar2": 0.0186794716865,
        "max": 1,
        "mean": 0.0649300739169,
        "median": 0,
        "min": 0,
        "var": 0.060711838305
    },
    "spectral_centroid": {
        "dmean": 104.731658936,
        "dmean2": 160.700057983,
        "dvar": 16218.9658203,
        "dvar2": 31467.2714844,
        "max": 11097.7480469,
        "mean": 959.396057129,
        "median": 874.048156738,
        "min": 187.398162842,
        "var": 233725.703125
    },
    "spectral_complexity": {
        "dmean": 1.87012982368,
        "dmean2": 3.18321537971,
        "dvar": 2.65808558464,
        "dvar2": 7.15454769135,
        "max": 36,
        "mean": 15.1612882614,
        "median": 15,
        "min": 0,
        "var": 37.9444313049
    },
    "spectral_decrease": {
        "dmean": 1.37816469348e-09,
        "dmean2": 1.97240623834e-09,
        "dvar": 3.86660283382e-18,
        "dvar2": 7.36791112861e-18,
        "max": 3.84928786952e-29,
        "mean": -5.44863221208e-09,
        "median": -3.95030408384e-09,
        "min": -6.57021530515e-08,
        "var": 2.40542004548e-17
    },
    "spectral_energy": {
        "dmean": 0.00555436406285,
        "dmean2": 0.00797385815531,
        "dvar": 6.17338373559e-05,
        "dvar2": 0.000118607174954,
        "max": 0.25369349122,
        "mean": 0.021991610527,
        "median": 0.0160123705864,
        "min": 1.09944517247e-20,
        "var": 0.000381172605557
    },
    "spectral_energyband_high": {
        "dmean": 1.83932424989e-05,
        "dmean2": 2.87915154331e-05,
        "dvar": 3.3455958004e-09,
        "dvar2": 7.19909465374e-09,
        "max": 0.00217202608474,
        "mean": 5.02121038153e-05,
        "median": 1.0564996046e-05,
        "min": 8.31022559537e-21,
        "var": 1.19755689809e-08
    },
    "spectral_energyband_low": {
        "dmean": 0.000266283663223,
        "dmean2": 0.00037101705675,
        "dvar": 5.81588324167e-07,
        "dvar2": 1.45910075844e-06,
        "max": 0.0387931466103,
        "mean": 0.000695884518791,
        "median": 0.00027673097793,
        "min": 8.13927433801e-23,
        "var": 3.02039143207e-06
    },
    "spectral_energyband_middle_high": {
        "dmean": 0.00336086004972,
        "dmean2": 0.0052255038172,
        "dvar": 2.62773446593e-05,
        "dvar2": 5.93291370024e-05,
        "max": 0.0770431607962,
        "mean": 0.00874641351402,
        "median": 0.00555212795734,
        "min": 1.37234564768e-21,
        "var": 9.07689536689e-05
    },
    "spectral_energyband_middle_low": {
        "dmean": 0.00369569682516,
        "dmean2": 0.00495797581971,
        "dvar": 4.00165154133e-05,
        "dvar2": 6.74316470395e-05,
        "max": 0.24952557683,
        "mean": 0.0131827369332,
        "median": 0.008265780285,
        "min": 2.26550628342e-22,
        "var": 0.000250504090218
    },
    "spectral_entropy": {
        "dmean": 0.119681984186,
        "dmean2": 0.176428586245,
        "dvar": 0.011564896442,
        "dvar2": 0.023442460224,
        "max": 9.8040304184,
        "mean": 6.67729043961,
        "median": 6.75313186646,
        "min": 3.65368199348,
        "var": 0.406382620335
    },
    "spectral_flux": {
        "dmean": 0.0139016741887,
        "dmean2": 0.0237680338323,
        "dvar": 0.000228122633416,
        "dvar2": 0.000653074239381,
        "max": 0.26884996891,
        "mean": 0.0583148524165,
        "median": 0.0533428192139,
        "min": 1.04854430694e-10,
        "var": 0.00085500132991
    },
    "spectral_kurtosis": {
        "dmean": 12.4182834625,
        "dmean2": 21.7433643341,
        "dvar": 396.477905273,
        "dvar2": 1222.38464355,
        "max": 572.242797852,
        "mean": 29.369884491,
        "median": 13.9868526459,
        "min": -1.19574189186,
        "var": 1952.39233398
    },
    "spectral_rms": {
        "dmean": 0.000533633166924,
        "dmean2": 0.000769398349803,
        "dvar": 3.08205358124e-07,
        "dvar2": 6.27550321042e-07,
        "max": 0.0157323181629,
        "mean": 0.00421656761318,
        "median": 0.00395244546235,
        "min": 3.27510219465e-12,
        "var": 3.67579923477e-06
    },
    "spectral_rolloff": {
        "dmean": 178.036392212,
        "dmean2": 308.901611328,
        "dvar": 94075.2890625,
        "dvar2": 216756.625,
        "max": 18970.7519531,
        "mean": 1276.65368652,
        "median": 1033.59375,
        "min": 172.265625,
        "var": 2679146.5
    },
    "spectral_skewness": {
        "dmean": 0.765935182571,
        "dmean2": 1.33676338196,
        "dvar": 0.748727738857,
        "dvar2": 2.26377463341,
        "max": 19.203086853,
        "mean": 3.02898168564,
        "median": 2.32901501656,
        "min": -0.0218931250274,
        "var": 5.119181633
    },
    "spectral_spread": {
        "dmean": 228277.671875,
        "dmean2": 367238.875,
        "dvar": 125206798336,
        "dvar2": 176387588096,
        "max": 39720416,
        "mean": 1945359.75,
        "median": 1719018.25,
        "min": 186188.203125,
        "var": 1.43722859725e+12
    },
    "spectral_strongpeak": {
        "dmean": 0.736703813076,
        "dmean2": 1.19991314411,
        "dvar": 0.790840864182,
        "dvar2": 1.99357461929,
        "max": 9.53033351898,
        "mean": 1.7756896019,
        "median": 1.39494585991,
        "min": 0,
        "var": 2.07832407951
    },
    "zerocrossingrate": {
        "dmean": 0.00357732712291,
        "dmean2": 0.0044781002216,
        "dvar": 1.81243431143e-05,
        "dvar2": 2.19477642531e-05,
        "max": 0.51220703125,
        "mean": 0.0450372099876,
        "median": 0.04052734375,
        "min": 0.00732421875,
        "var": 0.00194234715309
    },
    "barkbands": {
        "dmean": [2.02260928006e-08, 1.84342206921e-05, 8.02319555078e-05, 0.000629302172456, 0.000955636729486, 0.000248217344051, 0.00170760951005, 0.000817268330138, 0.00103616947308, 0.00133796571754, 0.00223168311641, 0.00102095620241, 0.000210155994864, 0.000297055172268, 0.000138521703775, 0.00014910569007, 0.00012143967615, 8.29696000437e-05, 4.33677632827e-05, 2.07283264899e-05, 6.91096192895e-06, 2.3866734864e-06, 2.27113650908e-06, 1.90631135411e-06, 3.32854199314e-07, 9.54561052424e-09, 1.013885087e-09],
        "dmean2": [3.41218040489e-08, 2.92699187412e-05, 0.000119309268484, 0.000771893654019, 0.00120992783923, 0.000330418261001, 0.00243034306914, 0.00110911286902, 0.00141269213054, 0.00203329324722, 0.0035340860486, 0.00162012921646, 0.00034759673872, 0.000494323729072, 0.000234750230447, 0.000256834900938, 0.000206564014661, 0.000142994322232, 7.42012489354e-05, 3.52949791704e-05, 1.12224361146e-05, 3.73414422938e-06, 3.24227266901e-06, 2.82880569102e-06, 4.74496857805e-07, 1.49575001274e-08, 1.79269565859e-09],
        "dvar": [1.54541097699e-15, 1.4499330625e-09, 2.08414157044e-08, 3.51460789716e-06, 1.4268824998e-05, 3.97415874431e-07, 1.02082512967e-05, 6.33387344351e-06, 5.94609537075e-06, 8.84742985363e-06, 1.60839608725e-05, 4.94544565299e-06, 1.14841483878e-07, 2.49309778155e-07, 8.22272312462e-08, 9.7624408113e-08, 8.18658421053e-08, 4.00873680917e-08, 1.21035235168e-08, 3.02601810276e-09, 4.29127455792e-10, 6.14856637826e-11, 2.02375005642e-10, 2.74335026917e-10, 4.53974661682e-12, 2.20240636506e-15, 3.03969270933e-18],
        "dvar2": [4.0835737908e-15, 3.99356903102e-09, 4.8686974452e-08, 8.6431255113e-06, 2.03826839424e-05, 6.35118453829e-07, 1.86677589227e-05, 9.61121713772e-06, 9.41392227105e-06, 1.88089543371e-05, 3.81197351089e-05, 1.12323723442e-05, 2.91340541025e-07, 6.4034531988e-07, 2.26976055728e-07, 2.82434399423e-07, 2.40423560172e-07, 1.14334255841e-07, 3.42335404468e-08, 8.57035686863e-09, 1.05940356487e-09, 1.33909328071e-10, 4.34080771328e-10, 6.90462020891e-10, 8.59199256881e-12, 5.49457525038e-15, 8.59882867198e-18],
        "max": [6.32378032606e-07, 0.000741759373341, 0.00586390960962, 0.0545082166791, 0.238026201725, 0.0300914179534, 0.127281606197, 0.160727262497, 0.091377183795, 0.0568695887923, 0.0683055073023, 0.0449340716004, 0.00654187565669, 0.00927452743053, 0.0058969645761, 0.00735302222893, 0.00872404873371, 0.00319806789048, 0.00297065405175, 0.00149137550034, 0.000753762957174, 0.000402349571232, 0.000838019186631, 0.00110017997213, 8.72502641869e-05, 2.62990238298e-06, 7.36302965265e-08],
        "mean": [2.64190660459e-08, 3.03440592688e-05, 0.000156035632244, 0.00196711928584, 0.00318795605563, 0.000679361633956, 0.00352611625567, 0.00166968302801, 0.00182215508539, 0.00217522215098, 0.00334101635963, 0.00159973895643, 0.000362596125342, 0.000478069676319, 0.00022849655943, 0.000265387148829, 0.000214897052501, 0.000132530884002, 8.15177409095e-05, 4.16260263592e-05, 1.66122681549e-05, 6.64228309688e-06, 4.54315249954e-06, 3.28668170368e-06, 6.99528186487e-07, 4.38105409728e-08, 1.72847225421e-09],
        "median": [5.84089887568e-09, 8.78658465808e-06, 7.64816068113e-05, 0.000432745786384, 0.000849340984132, 0.000193243613467, 0.00152344629169, 0.000493680359796, 0.000463814591058, 0.000551276432816, 0.00144012086093, 0.000541696907021, 0.00022149286815, 0.000228354299907, 0.00010509553249, 0.000100244462374, 5.97872785875e-05, 4.12460867665e-05, 2.58540385403e-05, 8.41031032905e-06, 3.37425672114e-06, 9.14494194149e-07, 2.54426197444e-07, 9.86959207694e-08, 1.90725266691e-08, 2.16172302281e-09, 7.74389996572e-10],
        "min": [1.75809548751e-23, 2.65963759998e-23, 3.29208852916e-23, 9.95232282281e-24, 1.75105695497e-23, 6.63491532958e-23, 7.13851908276e-23, 2.44227991486e-23, 3.38390278775e-23, 2.40776204378e-23, 5.7068696995e-23, 1.03692471708e-22, 4.19779582721e-23, 1.43239255334e-22, 6.44724721349e-23, 2.37100841467e-22, 8.44695281024e-23, 3.65939245338e-22, 1.71428070133e-22, 3.03091214512e-22, 5.69314427706e-22, 6.83317727964e-22, 6.18447209238e-22, 9.91817221381e-22, 1.04969997234e-21, 1.82286494369e-21, 2.70234453514e-21],
        "var": [2.73352185749e-15, 2.5700244155e-09, 7.36148777492e-08, 2.45703049586e-05, 0.000103302314528, 3.03058891404e-06, 3.56725795427e-05, 2.27411856031e-05, 1.7505228243e-05, 2.01498987735e-05, 2.88072969852e-05, 9.88695046544e-06, 2.23313762149e-07, 5.09437654728e-07, 1.50339786842e-07, 2.49592062573e-07, 1.97440442662e-07, 6.4370119901e-08, 2.39080879538e-08, 7.28341431611e-09, 1.38383404735e-09, 2.35060026998e-10, 4.32797742089e-10, 4.97812957523e-10, 1.16173060755e-11, 3.52671756002e-14, 1.26066742498e-17]
    },
    "erbbands": {
        "dmean": [0.000168870799826, 0.00605651037768, 0.0726992040873, 0.976363003254, 3.54505777359, 2.98939275742, 1.72798454762, 2.49462175369, 15.3118886948, 29.4992237091, 18.3071308136, 14.9678182602, 41.1689071655, 54.7459030151, 55.1417770386, 29.721540451, 9.95150852203, 12.8015594482, 7.27515554428, 9.93498897552, 7.30781650543, 6.4572892189, 4.54583120346, 1.89832878113, 1.94121062756, 1.12633526325, 0.418154150248, 0.188129886985, 0.0904328227043, 0.0653075128794, 0.0657472163439, 0.0592691935599, 0.0205046869814, 0.00642025610432, 0.000993248075247, 9.53457638388e-05, 1.53117998707e-05, 1.69614088463e-06, 2.81456777884e-06, 6.41308088234e-06],
        "dmean2": [0.000277531740721, 0.00946041848511, 0.106076024473, 1.24476706982, 4.37746620178, 3.82852888107, 2.08883547783, 3.49909424782, 21.6317844391, 41.5587921143, 24.0587844849, 20.690372467, 61.3663406372, 85.3934249878, 87.8825531006, 47.2057685852, 16.3754291534, 21.2001743317, 12.2903404236, 16.7252731323, 12.6430912018, 10.9480791092, 7.79195404053, 3.27381157875, 3.3189227581, 1.91934204102, 0.694574296474, 0.307310700417, 0.141919270158, 0.0951350256801, 0.0950135067105, 0.0860718488693, 0.0291053652763, 0.00903848651797, 0.00139769446105, 0.000142537726788, 2.28247663472e-05, 2.62571438725e-06, 4.0589575292e-06, 9.23842890188e-06],
        "dvar": [1.06194889327e-07, 0.000132390632643, 0.0165476929396, 8.47724437714, 74.8953857422, 342.304626465, 134.962158203, 25.4194202423, 801.705383301, 4667.11328125, 2442.48144531, 1043.12438965, 5616.98095703, 9258.70605469, 13697.515625, 3589.90527344, 216.137268066, 550.779663086, 210.357452393, 417.593597412, 285.131256104, 214.834625244, 123.02406311, 15.9147605896, 30.8008384705, 10.6520414352, 1.79101324081, 0.284134268761, 0.0708910450339, 0.0788878053427, 0.190103620291, 0.282138377428, 0.0230210870504, 0.00173803302459, 3.45067601302e-05, 2.41780526267e-07, 3.99089872261e-09, 1.98114129268e-11, 1.50935410004e-11, 8.06373232076e-11],
        "dvar2": [3.07400824795e-07, 0.000362711958587, 0.0409072414041, 21.8380699158, 152.855712891, 400.762695312, 148.522079468, 56.1727104187, 1582.83410645, 8608.203125, 3581.25341797, 1680.08544922, 11175.8867188, 20809.9003906, 33180.0976562, 8020.69726562, 543.308044434, 1395.39733887, 568.803466797, 1114.55761719, 839.034790039, 619.74621582, 352.387878418, 45.2949790955, 87.0202026367, 30.5127220154, 4.64339637756, 0.714080631733, 0.159880518913, 0.155500367284, 0.423624575138, 0.706806778908, 0.0499486736953, 0.00309316068888, 6.25273241894e-05, 5.84941176385e-07, 8.76317596266e-09, 4.26951356214e-11, 2.93650520566e-11, 1.56389595718e-10],
        "max": [0.0056755784899, 0.236604511738, 5.35531711578, 110.056182861, 458.327392578, 1355.25634766, 1105.03381348, 147.955947876, 960.833496094, 2501.21679688, 2904.27050781, 1060.21081543, 1968.36328125, 2317.98925781, 2031.5546875, 1218.66870117, 232.658172607, 504.988830566, 342.603790283, 349.126922607, 447.876678467, 474.777770996, 199.803115845, 115.869346619, 159.854797363, 85.5938568115, 46.2940788269, 23.4461841583, 10.5336608887, 13.045955658, 25.6731548309, 37.5837631226, 6.93331193924, 1.69986760616, 0.202817469835, 0.0253568552434, 0.00526464544237, 0.000318806065479, 0.000115475944767, 0.000278487277683],
        "mean": [0.00032204107265, 0.0117811542004, 0.174139723182, 2.98933577538, 11.6383676529, 9.47796630859, 5.31232213974, 6.50473594666, 34.2676124573, 59.2717514038, 38.2310066223, 29.3541469574, 67.6176300049, 104.462280273, 98.7636260986, 50.2010803223, 19.4164524078, 21.8595809937, 13.3263940811, 16.8994922638, 14.1504592896, 12.2870140076, 8.24299049377, 4.20065927505, 3.87142038345, 2.30121135712, 0.956499874592, 0.476827979088, 0.255020707846, 0.163820922375, 0.128273740411, 0.0980152413249, 0.0373849980533, 0.0129714328796, 0.00243308278732, 0.000392362155253, 7.57128800615e-05, 8.31089619169e-06, 1.16138271551e-05, 2.55568356806e-05],
        "median": [0.00015504307521, 0.00620863214135, 0.101363413036, 0.861511588097, 3.55136442184, 2.0200843811, 1.24469316006, 2.30003094673, 13.5422840118, 20.6336688995, 12.6164321899, 10.2132997513, 23.7629890442, 43.2364273071, 39.1461868286, 21.1489181519, 13.1369848251, 10.9571475983, 7.118891716, 7.4212884903, 6.32001781464, 4.12006473541, 2.76014828682, 1.61110091209, 1.12726855278, 0.449692547321, 0.21231469512, 0.100812256336, 0.0407529398799, 0.0165333859622, 0.00642137043178, 0.00332593452185, 0.00107524194755, 0.000351186346961, 9.18975274544e-05, 2.9123521017e-05, 1.11342869786e-05, 3.04310151478e-06, 8.6020809249e-06, 1.87749737961e-05],
        "min": [7.17950160585e-22, 6.78659525776e-21, 3.64626545451e-20, 3.55415533901e-20, 3.62456359566e-20, 6.94721273008e-20, 3.43853448868e-19, 5.31973241919e-19, 5.31732377264e-19, 1.18861356229e-18, 6.80350418657e-19, 5.58526101473e-19, 7.75109231101e-19, 1.77096784208e-18, 2.22950362733e-18, 4.38838629627e-18, 2.4133004711e-18, 5.54860884859e-18, 5.65450078829e-18, 6.30937967925e-18, 1.1113846509e-17, 7.56085100649e-18, 2.04408819789e-17, 1.18336838935e-17, 8.11457480752e-18, 1.32816619014e-17, 2.01238435025e-17, 2.7160877423e-17, 2.20546881929e-17, 1.96599821216e-17, 1.4902858147e-17, 1.82166164728e-17, 1.92036133428e-17, 1.26266523159e-17, 6.36612178773e-18, 7.4661495797e-18, 3.02045807175e-18, 1.23805652565e-18, 3.77532521098e-19, 4.07479897242e-20],
        "var": [2.01539080535e-07, 0.000251578981988, 0.0681223124266, 50.3662109375, 604.602478027, 2484.80566406, 924.719787598, 136.262771606, 3825.09545898, 14350.28125, 9331.56152344, 3482.68212891, 13288.1660156, 26415.1933594, 29972.9589844, 7613.45751953, 470.107177734, 1139.16955566, 379.895904541, 766.551025391, 738.491394043, 563.806884766, 250.706359863, 40.1256256104, 65.7476730347, 26.0467605591, 4.71652126312, 0.954926788807, 0.305045813322, 0.252329230309, 0.402215123177, 0.4996535182, 0.0487952381372, 0.004672922194, 0.000106386578409, 2.20941024054e-06, 7.85759155519e-08, 3.80592501958e-10, 9.66882823805e-11, 4.96411023398e-10]
    },
    "gfcc": {
        "mean": [-124.760025024, 174.59147644, -179.010147095, -18.5543556213, -54.6334686279, -21.3591957092, -23.076505661, -17.9450931549, -21.5466957092, -25.6405067444, -12.5912380219, -18.9797725677, -9.73219299316],
        "cov": [[13029.7792969, 672.262268066, -2146.04467773, 993.346496582, -366.099334717, 250.249038696, -22.6974964142, 156.979598999, 43.0843925476, -378.348602295, 0.454815924168, -269.213500977, 33.8460006714], [672.262268066, 2151.47460938, 197.486679077, -856.530090332, 659.615844727, -454.623382568, 104.352615356, -346.469329834, -59.1790962219, -121.556167603, -52.4615783691, -34.8631286621, 21.2354679108], [-2146.04467773, 197.486679077, 1320.60205078, -334.132904053, -81.0552597046, 85.6447525024, -164.709503174, -15.0263977051, -76.6767959595, 70.5792007446, 9.46885299683, 17.8026332855, 6.19248723984], [993.346496582, -856.530090332, -334.132904053, 966.310058594, -334.658996582, 135.974685669, -29.9340324402, 19.7484436035, -9.20996284485, -58.6666641235, 42.4376068115, -54.6367912292, -31.443529129], [-366.099334717, 659.615844727, -81.0552597046, -334.658996582, 564.496520996, -210.034347534, 97.5774536133, -112.083953857, -47.6085739136, -38.8572349548, -69.3677902222, 35.1376037598, -0.622417330742], [250.249038696, -454.623382568, 85.6447525024, 135.974685669, -210.034347534, 344.416992188, -59.6118583679, 118.309059143, 21.1589069366, 13.8001565933, 13.2660732269, -20.4721450806, 19.2455749512], [-22.6974964142, 104.352615356, -164.709503174, -29.9340324402, 97.5774536133, -59.6118583679, 160.484054565, -6.92104101181, -4.8499584198, 2.2875418663, -9.51578521729, 15.3588285446, -3.97143626213], [156.979598999, -346.469329834, -15.0263977051, 19.7484436035, -112.083953857, 118.309059143, -6.92104101181, 255.41758728, 75.8576431274, 41.7752838135, -2.23648929596, 18.8770313263, 8.61890506744], [43.0843925476, -59.1790962219, -76.6767959595, -9.20996284485, -47.6085739136, 21.1589069366, -4.8499584198, 75.8576431274, 153.142211914, 42.9282417297, -6.50296735764, 6.71416139603, 4.42409610748], [-378.348602295, -121.556167603, 70.5792007446, -58.6666641235, -38.8572349548, 13.8001565933, 2.2875418663, 41.7752838135, 42.9282417297, 135.692047119, 22.1027679443, 21.0920085907, 1.45802474022], [0.454815924168, -52.4615783691, 9.46885299683, 42.4376068115, -69.3677902222, 13.2660732269, -9.51578521729, -2.23648929596, -6.50296735764, 22.1027679443, 91.6547470093, 7.30750846863, -3.11058592796], [-269.213500977, -34.8631286621, 17.8026332855, -54.6367912292, 35.1376037598, -20.4721450806, 15.3588285446, 18.8770313263, 6.71416139603, 21.0920085907, 7.30750846863, 95.4174880981, 27.8573093414], [33.8460006714, 21.2354679108, 6.19248723984, -31.443529129, -0.622417330742, 19.2455749512, -3.97143626213, 8.61890506744, 4.42409610748, 1.45802474022, -3.11058592796, 27.8573093414, 80.6387710571]],
        "icov": [[0.000267628813162, -0.000711508095264, 0.000597082078457, -0.000458685331978, 0.000464858225314, -0.000525509822182, 0.000578110979404, -0.000726181431673, 0.000594176875893, -0.000215631167521, 0.000324205815559, -0.000168417973327, 0.000127416002215], [-0.000711508095264, 0.00369549263269, -0.00191135529894, 0.00241358648054, -0.00211869738996, 0.00248761847615, -0.00214548385702, 0.00328316423111, -0.00267730653286, 0.00233988370746, -0.0018953087274, 0.00232335412875, -0.00142441713251], [0.000597082078457, -0.00191135529894, 0.00253558228724, -0.000717433344107, 0.00150901987217, -0.00161062576808, 0.00248780916445, -0.00170229305513, 0.00239813979715, -0.00139616895467, 0.00118134566583, -0.00104010442737, 0.000777336477768], [-0.000458685331978, 0.00241358648054, -0.000717433344107, 0.00326292891987, -0.000316075311275, 0.00132276536897, -0.00127530901227, 0.00240748631768, -0.00132191437297, 0.00211660494097, -0.00129359052517, 0.00153043481987, -0.000298274593661], [0.000464858225314, -0.00211869738996, 0.00150901987217, -0.000316075311275, 0.00478574074805, -0.000440709118266, 0.000303891662043, -0.0011603012681, 0.00228914571926, -0.000640230893623, 0.00299535878003, -0.00218980596401, 0.00116281735245], [-0.000525509822182, 0.00248761847615, -0.00161062576808, 0.00132276536897, -0.000440709118266, 0.00620490219444, -0.000932359136641, 0.000446500489488, -0.00138667062856, 0.00153940182645, -0.00108491256833, 0.00253444467671, -0.0022421318572], [0.000578110979404, -0.00214548385702, 0.00248780916445, -0.00127530901227, 0.000303891662043, -0.000932359136641, 0.00978512782604, -0.00251996470615, 0.00266210106201, -0.00213661813177, 0.00131911970675, -0.00190555420704, 0.00121189409401], [-0.000726181431673, 0.00328316423111, -0.00170229305513, 0.00240748631768, -0.0011603012681, 0.000446500489488, -0.00251996470615, 0.00886798650026, -0.00451569026336, 0.0012855270179, -0.000716183974873, 0.000278045714367, -0.000576959399041], [0.000594176875893, -0.00267730653286, 0.00239813979715, -0.00132191437297, 0.00228914571926, -0.00138667062856, 0.00266210106201, -0.00451569026336, 0.0109970252961, -0.00413850555196, 0.0028537758626, -0.00149802782107, 0.000817498541437], [-0.000215631167521, 0.00233988370746, -0.00139616895467, 0.00211660494097, -0.000640230893623, 0.00153940182645, -0.00213661813177, 0.0012855270179, -0.00413850555196, 0.0116182873026, -0.00354706775397, 0.000517221807968, -0.000506628479343], [0.000324205815559, -0.0018953087274, 0.00118134566583, -0.00129359052517, 0.00299535878003, -0.00108491256833, 0.00131911970675, -0.000716183974873, 0.0028537758626, -0.00354706775397, 0.0142131233588, -0.0031580994837, 0.00173828867264], [-0.000168417973327, 0.00232335412875, -0.00104010442737, 0.00153043481987, -0.00218980596401, 0.00253444467671, -0.00190555420704, 0.000278045714367, -0.00149802782107, 0.000517221807968, -0.0031580994837, 0.0155165046453, -0.00601914571598], [0.000127416002215, -0.00142441713251, 0.000777336477768, -0.000298274593661, 0.00116281735245, -0.0022421318572, 0.00121189409401, -0.000576959399041, 0.000817498541437, -0.000506628479343, 0.00173828867264, -0.00601914571598, 0.0153227793053]]
    },
    "melbands": {
        "dmean": [3.13697819365e-06, 2.46586678259e-05, 0.00025675384677, 0.000245817820542, 6.99181255186e-05, 7.06229911884e-05, 0.000257143081399, 0.000293135643005, 0.000152509019244, 0.000109048625745, 0.000224606919801, 0.000217621476622, 0.000260750734014, 0.00013686879538, 4.27998311352e-05, 2.12325230677e-05, 2.47300940828e-05, 1.44374216688e-05, 1.23251338664e-05, 1.17181962196e-05, 9.52212576522e-06, 7.30017472961e-06, 5.84139161219e-06, 3.94359267375e-06, 1.4406354012e-06, 2.21372397391e-06, 8.54502786751e-07, 7.50813114792e-07, 3.20710796586e-07, 1.65364809845e-07, 1.01406627095e-07, 5.98049822997e-08, 5.13806739377e-08, 3.6343244858e-08, 3.55295597387e-08, 5.18149327888e-08, 3.10829975092e-08, 1.5269630893e-08, 1.06437703096e-08, 4.30918367655e-09],
        "dmean2": [5.0534094953e-06, 3.68764231098e-05, 0.000314151955536, 0.000309520517476, 8.69231225806e-05, 0.000101323974377, 0.000362459832104, 0.000408889027312, 0.000199273345061, 0.000151455838932, 0.000335354387062, 0.000337023142492, 0.000416989845689, 0.000215871405089, 7.0520247391e-05, 3.5366643715e-05, 4.09965250583e-05, 2.44121656578e-05, 2.08943802136e-05, 1.97635345103e-05, 1.64873999893e-05, 1.24032249005e-05, 1.00019042293e-05, 6.78741344018e-06, 2.49431127486e-06, 3.79042785426e-06, 1.48168737724e-06, 1.28119120291e-06, 5.42029852113e-07, 2.70986816986e-07, 1.6691346616e-07, 9.69940288087e-08, 8.03601878374e-08, 5.43498615002e-08, 5.21945651144e-08, 7.60186935622e-08, 4.55954172196e-08, 2.25073488735e-08, 1.57994577421e-08, 6.07697847599e-09],
        "dvar": [4.19246408423e-11, 1.76799508367e-09, 4.63481200086e-07, 8.75212720075e-07, 2.08253524647e-07, 2.0576134574e-08, 2.1727373678e-07, 4.68673619025e-07, 1.63957921018e-07, 6.29906011795e-08, 1.70143621858e-07, 1.53719966534e-07, 2.87324724013e-07, 1.07023417684e-07, 5.33584731954e-09, 1.60174018493e-09, 1.98294114462e-09, 1.03761776948e-09, 7.94627530443e-10, 5.97566385263e-10, 5.64283508808e-10, 2.88712997953e-10, 3.66523700279e-10, 1.06987363413e-10, 9.97459840418e-12, 4.36048766539e-11, 4.78489773845e-12, 5.11607423093e-12, 1.08900475443e-12, 2.25437439441e-13, 8.17012608826e-14, 3.04674159708e-14, 3.4208174352e-14, 2.48017819932e-14, 3.9268196713e-14, 2.45252006637e-13, 6.36064687249e-14, 1.45719058971e-14, 5.8427544961e-15, 7.61728100318e-16],
        "dvar2": [1.16033162245e-10, 4.40550618208e-09, 1.06443394543e-06, 1.2525464399e-06, 2.36341264781e-07, 4.9409873526e-08, 3.96021960114e-07, 8.29886801057e-07, 2.29697590726e-07, 1.05451348986e-07, 3.4226053458e-07, 3.41432894402e-07, 7.01857914009e-07, 2.41595728312e-07, 1.35388322775e-08, 4.05586009222e-09, 5.07375075287e-09, 2.7990381124e-09, 2.20944240681e-09, 1.60895385903e-09, 1.62827074046e-09, 8.12713729648e-10, 1.10047915225e-09, 2.98163105317e-10, 2.84493869435e-11, 1.23172666511e-10, 1.37469488917e-11, 1.45442312707e-11, 2.89252042457e-12, 5.73885557131e-13, 2.10790247561e-13, 7.61029558599e-14, 7.8037003129e-14, 5.10784279185e-14, 8.26995332566e-14, 6.23866138871e-13, 1.53874810571e-13, 3.4652988622e-14, 1.22994943765e-14, 1.39811798257e-15],
        "max": [0.000123157748021, 0.0013038716279, 0.0274226479232, 0.063515946269, 0.0385081321001, 0.00337732420303, 0.0199912264943, 0.0238480009139, 0.0190167520195, 0.0103884665295, 0.0100018484518, 0.00860221870244, 0.00914540048689, 0.00666186772287, 0.00143475038931, 0.000797402579337, 0.000874361663591, 0.00077166518895, 0.000657795055304, 0.000446266465588, 0.000546758703422, 0.000406350474805, 0.000515148974955, 0.000210315629374, 0.000110602966743, 0.000208507408388, 8.15433086245e-05, 6.48987916065e-05, 3.39192447427e-05, 1.35178515848e-05, 1.28585152197e-05, 5.57874636797e-06, 8.08741879155e-06, 6.10592269368e-06, 8.33080048324e-06, 3.37687961292e-05, 1.65307992575e-05, 6.15232465861e-06, 2.77468689092e-06, 1.50496418883e-06],
        "mean": [5.11578264195e-06, 5.01445319969e-05, 0.000833141559269, 0.000827443960588, 0.000213204199099, 0.000172506261151, 0.000565363676287, 0.000598083890509, 0.000302898028167, 0.000196483495529, 0.000355617230525, 0.000420278985985, 0.000408366031479, 0.000210897167563, 6.46871121717e-05, 3.60603517038e-05, 4.04498750868e-05, 2.32030324696e-05, 2.01497769012e-05, 1.96360761038e-05, 1.60840027092e-05, 1.24285070342e-05, 1.02173089545e-05, 6.26494602329e-06, 2.77651702163e-06, 3.84638269679e-06, 1.66405277469e-06, 1.40374891089e-06, 6.30424779047e-07, 3.65511226619e-07, 2.35209853372e-07, 1.5077453952e-07, 1.13361970477e-07, 8.11639893072e-08, 6.87767993668e-08, 8.04926187925e-08, 5.02222583521e-08, 2.63657042865e-08, 1.84812396498e-08, 8.48093950623e-09],
        "median": [1.41944212828e-06, 2.79775995295e-05, 0.000251700432273, 0.000224574483582, 4.62345342385e-05, 5.36607840331e-05, 0.000248554162681, 0.000192573526874, 8.18180997157e-05, 5.94835073571e-05, 0.00011909789464, 0.000157536924235, 0.000163458898896, 5.72078861296e-05, 3.46794622601e-05, 1.8225849999e-05, 1.94691492652e-05, 9.80481308943e-06, 8.45764407131e-06, 8.04224691819e-06, 5.82285019846e-06, 3.75226750293e-06, 2.30258820011e-06, 1.66330846696e-06, 1.08402923615e-06, 9.95632262857e-07, 3.91209255213e-07, 2.37800819036e-07, 1.1259503907e-07, 6.96561812674e-08, 4.54532980143e-08, 2.17040767581e-08, 1.26510446563e-08, 6.82004230868e-09, 3.56221963038e-09, 2.33563035579e-09, 1.59645463516e-09, 7.3388167765e-10, 4.05467381892e-10, 2.15800877168e-10],
        "min": [8.81942153302e-24, 1.57907123591e-23, 6.51778534125e-24, 2.95957162749e-24, 1.00479327645e-23, 1.1918575984e-23, 1.06762699419e-23, 1.09619046427e-23, 5.45880820689e-24, 3.89122562567e-24, 3.5867414879e-24, 6.67172247501e-24, 7.40182744229e-24, 1.03380608171e-23, 8.65886309526e-24, 4.88200691806e-24, 1.20772064457e-23, 1.09297561943e-23, 4.5680883983e-24, 1.35357818605e-23, 1.22308229075e-23, 5.48228904617e-24, 1.53235236874e-23, 1.60718071654e-23, 9.10910703464e-24, 5.69574021319e-24, 6.02310328936e-24, 1.02101272998e-23, 1.11834420285e-23, 1.53064132944e-23, 1.61727971385e-23, 1.16626458405e-23, 1.43148356469e-23, 9.90054830388e-24, 7.33498804665e-24, 1.22338166347e-23, 1.06720487472e-23, 1.14063394104e-23, 1.8004330212e-23, 8.33753796046e-24],
        "var": [7.49784678789e-11, 5.11097519862e-09, 3.57018848263e-06, 6.50038873573e-06, 1.44587102113e-06, 9.92225182017e-08, 9.41479811445e-07, 1.54227689109e-06, 6.39375514311e-07, 1.84196522923e-07, 3.90057920185e-07, 4.74834081388e-07, 5.19676177646e-07, 2.1105961423e-07, 8.93199914032e-09, 3.12071457564e-09, 4.17817069831e-09, 1.73695835493e-09, 1.44916134648e-09, 1.0882175161e-09, 1.24302301785e-09, 5.81987069648e-10, 8.40428671101e-10, 1.76746742242e-10, 1.8990102893e-11, 8.06472735815e-11, 9.87730817276e-12, 1.12932302399e-11, 2.33382996088e-12, 6.53984462071e-13, 2.45182292438e-13, 1.10331042262e-13, 9.31051907121e-14, 7.27048765159e-14, 8.86216894682e-14, 3.79789868174e-13, 1.19780419849e-13, 2.529253086e-14, 1.2184871337e-14, 1.97335806821e-15]
    },
    "mfcc": {
        "mean": [-740.239135742, 194.631103516, -53.8334579468, -7.86178636551, -20.4845314026, -13.9378509521, -6.76505470276, -3.96968269348, -9.90352916718, -11.4480581284, -13.3959531784, -8.99879837036, -5.82771682739],
        "cov": [[7661.87402344, 334.330444336, -1705.60241699, 622.77746582, -363.579772949, 119.47467804, 10.050239563, 357.018585205, 148.66746521, 132.771362305, 20.7330226898, 54.4953994751, 34.7113609314], [334.330444336, 2341.42114258, -196.02822876, -503.347381592, 295.258575439, -142.585739136, 31.9264431, -84.3899765015, 8.51999187469, -125.466362, -40.9647979736, -139.626983643, -71.9186325073], [-1705.60241699, -196.02822876, 1365.90783691, -254.206695557, 57.9877586365, 84.5230407715, -85.2152938843, -73.9775924683, -134.196212769, 14.6885194778, -41.5887184143, 26.8288536072, 19.4018955231], [622.77746582, -503.347381592, -254.206695557, 576.252197266, -108.705352783, 37.1182441711, 12.1899061203, 7.06869411469, -15.809803009, -35.1555519104, 7.89824771881, 11.4908189774, 3.18229198456], [-363.579772949, 295.258575439, 57.9877586365, -108.705352783, 245.111480713, -7.69979476929, 25.8229541779, -4.46267032623, -0.390982806683, -22.2797832489, -19.173418045, -27.3779640198, -17.5132865906], [119.47467804, -142.585739136, 84.5230407715, 37.1182441711, -7.69979476929, 184.817184448, 8.23746299744, 9.46242141724, -11.9504976273, 4.10591077805, -9.29656219482, -1.77196753025, -5.77883720398], [10.050239563, 31.9264431, -85.2152938843, 12.1899061203, 25.8229541779, 8.23746299744, 162.976501465, 15.1338262558, -13.2561607361, -3.73704218864, -16.5644359589, -7.8736205101, 1.8201738596], [357.018585205, -84.3899765015, -73.9775924683, 7.06869411469, -4.46267032623, 9.46242141724, 15.1338262558, 173.513595581, 72.4147720337, 49.608833313, 28.0731639862, 6.83353424072, 28.3199195862], [148.66746521, 8.51999187469, -134.196212769, -15.809803009, -0.390982806683, -11.9504976273, -13.2561607361, 72.4147720337, 175.030899048, 73.9803771973, 43.0248756409, 20.3901596069, 18.386428833], [132.771362305, -125.466362, 14.6885194778, -35.1555519104, -22.2797832489, 4.10591077805, -3.73704218864, 49.608833313, 73.9803771973, 149.365371704, 60.3978538513, 40.903427124, 37.8071975708], [20.7330226898, -40.9647979736, -41.5887184143, 7.89824771881, -19.173418045, -9.29656219482, -16.5644359589, 28.0731639862, 43.0248756409, 60.3978538513, 117.10533905, 44.4457473755, 31.8045215607], [54.4953994751, -139.626983643, 26.8288536072, 11.4908189774, -27.3779640198, -1.77196753025, -7.8736205101, 6.83353424072, 20.3901596069, 40.903427124, 44.4457473755, 100.044166565, 47.5012054443], [34.7113609314, -71.9186325073, 19.4018955231, 3.18229198456, -17.5132865906, -5.77883720398, 1.8201738596, 28.3199195862, 18.386428833, 37.8071975708, 31.8045215607, 47.5012054443, 104.745613098]],
