{
"lowlevel": {
    "average_loudness": 0.881812393665,
    "barkbands_crest": {
        "dmean": 1.16937458515,
        "dmean2": 1.8408138752,
        "dvar": 1.81828761101,
        "dvar2": 4.84408187866,
        "max": 26.1042156219,
        "mean": 11.60866642,
        "median": 10.9398202896,
        "min": 4.33394384384,
        "var": 15.2294960022
    },
    "barkbands_flatness_db": {
        "dmean": 0.0114796813577,
        "dmean2": 0.0183408521116,
        "dvar": 0.000126182538224,
        "dvar2": 0.000297695019981,
        "max": 0.530516982079,
        "mean": 0.365423083305,
        "median": 0.368974387646,
        "min": 0.041092608124,
        "var": 0.00240886956453
    },
    "barkbands_kurtosis": {
        "dmean": 1.01124358177,
        "dmean2": 1.44675350189,
        "dvar": 3.29970121384,
        "dvar2": 6.09159040451,
        "max": 116.538032532,
        "mean": 4.28967905045,
        "median": 2.51119089127,
        "min": -1.81413984299,
        "var": 41.8662147522
    },
    "barkbands_skewness": {
        "dmean": 0.203643664718,
        "dmean2": 0.311502754688,
        "dvar": 0.0571242943406,
        "dvar2": 0.129799738526,
        "max": 8.40700244904,
        "mean": 1.24712431431,
        "median": 1.09096860886,
        "min": -6.47783851624,
        "var": 0.880056262016
    },
    "barkbands_spread": {
        "dmean": 0.517652094364,
        "dmean2": 0.796981334686,
        "dvar": 0.739804029465,
        "dvar2": 1.39104342461,
        "max": 90.4568634033,
        "mean": 4.4943819046,
        "median": 3.95914316177,
        "min": 0.284476429224,
        "var": 18.9547176361
    },
    "dissonance": {
        "dmean": 0.0311465002596,
        "dmean2": 0.0536070428789,
        "dvar": 0.00108804774936,
        "dvar2": 0.00281859445386,
        "max": 0.499918520451,
        "mean": 0.383039534092,
        "median": 0.386509805918,
        "min": 0.106202244759,
        "var": 0.00412234431133
    },
    "dynamic_complexity": 4.07026195526,
    "erbbands_crest": {
        "dmean": 1.35278439522,
        "dmean2": 2.030418396,
        "dvar": 2.64098072052,
        "dvar2": 6.07653951645,
        "max": 33.538192749,
        "mean": 14.9221305847,
        "median": 13.7439985275,
        "min": 2.32614970207,
        "var": 39.5878219604
    },
    "erbbands_flatness_db": {
        "dmean": 0.0086125889793,
        "dmean2": 0.0135188754648,
        "dvar": 8.33740632515e-05,
        "dvar2": 0.000186789111467,
        "max": 0.556827783585,
        "mean": 0.40434128046,
        "median": 0.405039846897,
        "min": 0.0553236342967,
        "var": 0.0024322422687
    },
    "erbbands_kurtosis": {
        "dmean": 0.702690839767,
        "dmean2": 0.982966423035,
        "dvar": 1.39667737484,
        "dvar2": 2.2270834446,
        "max": 51.7967262268,
        "mean": 2.25268673897,
        "median": 1.09045982361,
        "min": -1.52958571911,
        "var": 18.0613384247
    },
    "erbbands_skewness": {
        "dmean": 0.181723251939,
        "dmean2": 0.272451758385,
        "dvar": 0.0455338396132,
        "dvar2": 0.100593075156,
        "max": 6.42023897171,
        "mean": 0.856017649174,
        "median": 0.735924124718,
        "min": -4.56386566162,
        "var": 0.698558807373
    },
    "erbbands_spread": {
        "dmean": 1.07535028458,
        "dmean2": 1.67528152466,
        "dvar": 1.96706557274,
        "dvar2": 4.64602565765,
        "max": 104.022369385,
        "mean": 9.65344333649,
        "median": 9.08390331268,
        "min": 0.571361899376,
        "var": 33.7763938904
    },
    "hfc": {
        "dmean": 1.84080660343,
        "dmean2": 2.69856119156,
        "dvar": 12.8401288986,
        "dvar2": 25.671377182,
        "max": 67.8004455566,
        "mean": 12.8000335693,
        "median": 11.064207077,
        "min": 1.12249759082e-16,
        "var": 90.3979568481
    },
    "melbands_crest": {
        "dmean": 1.44090139866,
        "dmean2": 2.29487872124,
        "dvar": 2.63194155693,
        "dvar2": 6.37388706207,
        "max": 33.5068740845,
        "mean": 13.7586984634,
        "median": 12.3151826859,
        "min": 1.8725194931,
        "var": 28.5409107208
    },
    "melbands_flatness_db": {
        "dmean": 0.0123097952455,
        "dmean2": 0.0192166529596,
        "dvar": 0.000166841549799,
        "dvar2": 0.000364370265743,
        "max": 0.638214945793,
        "mean": 0.477317929268,
        "median": 0.484001517296,
        "min": 0.0037167344708,
        "var": 0.00361355347559
    },
    "melbands_kurtosis": {
        "dmean": 1.13158202171,
        "dmean2": 1.68031167984,
        "dvar": 5.74091863632,
        "dvar2": 11.3875627518,
        "max": 144.780029297,
        "mean": 4.71632909775,
        "median": 2.48295879364,
        "min": -1.40061032772,
        "var": 59.5220069885
    },
    "melbands_skewness": {
        "dmean": 0.210069552064,
        "dmean2": 0.320624381304,
        "dvar": 0.065718896687,
        "dvar2": 0.141240730882,
        "max": 8.99499130249,
        "mean": 1.16174054146,
        "median": 1.03425180912,
        "min": -4.68630409241,
        "var": 0.961869180202
    },
    "melbands_spread": {
        "dmean": 0.820699691772,
        "dmean2": 1.27667212486,
        "dvar": 2.27382683754,
        "dvar2": 4.97408294678,
        "max": 156.045959473,
        "mean": 7.29376888275,
        "median": 6.54437303543,
        "min": 0.416088551283,
        "var": 67.9303512573
    },
    "pitch_salience": {
        "dmean": 0.0358558148146,
        "dmean2": 0.056844573468,
        "dvar": 0.00160872016568,
        "dvar2": 0.00398689229041,
        "max": 0.959470868111,
        "mean": 0.55840086937,
        "median": 0.572961211205,
        "min": 0.0580376274884,
        "var": 0.017493346706
    },
    "silence_rate_20dB": {
        "dmean": 0,
        "dmean2": 0,
        "dvar": 0,
        "dvar2": 0,
        "max": 1,
        "mean": 1,
        "median": 1,
        "min": 1,
        "var": 0
    },
    "silence_rate_30dB": {
        "dmean": 0,
        "dmean2": 0,
        "dvar": 0,
        "dvar2": 0,
        "max": 1,
        "mean": 1,
        "median": 1,
        "min": 1,
        "var": 0
    },
    "silence_rate_60dB": {
        "dmean": 0.00474600121379,
        "dmean2": 0.00949283596128,
        "dvar": 0.00472380174324,
        "dvar2": 0.0101070255041,
        "max": 1,
        "mean": 0.119782052934,
        "median": 0,
        "min": 0,
        "var": 0.105430878699
    },
    "spectral_centroid": {
        "dmean": 24.810300827,
        "dmean2": 36.3431587219,
        "dvar": 6559.14306641,
        "dvar2": 8158.640625,
        "max": 11263.9111328,
        "mean": 518.617370605,
        "median": 487.180328369,
        "min": 277.91229248,
        "var": 63662.6054688
    },
    "spectral_complexity": {
        "dmean": 1.02355420589,
        "dmean2": 1.70624947548,
        "dvar": 1.35935509205,
        "dvar2": 3.02955627441,
        "max": 26,
        "mean": 11.6922397614,
        "median": 12,
        "min": 0,
        "var": 23.6668643951
    },
    "spectral_decrease": {
        "dmean": 9.87072423797e-10,
        "dmean2": 1.49740386757e-09,
        "dvar": 2.31629307156e-18,
        "dvar2": 5.21978387558e-18,
        "max": 1.35062939637e-18,
        "mean": -6.68918209712e-09,
        "median": -6.45273567912e-09,
        "min": -2.5882927801e-08,
        "var": 1.84483213429e-17
    },
    "spectral_energy": {
        "dmean": 0.00388414878398,
        "dmean2": 0.00588581850752,
        "dvar": 3.65561463695e-05,
        "dvar2": 8.18695116322e-05,
        "max": 0.103400841355,
        "mean": 0.0264075230807,
        "median": 0.0254118163139,
        "min": 1.06995594129e-20,
        "var": 0.000289873452857
    },
    "spectral_energyband_high": {
        "dmean": 2.43850848847e-07,
        "dmean2": 3.40280166711e-07,
        "dvar": 4.67366336604e-12,
        "dvar2": 1.10326999272e-11,
        "max": 0.000101673140307,
        "mean": 4.5273245064e-07,
        "median": 5.60703803387e-08,
        "min": 7.5567933043e-21,
        "var": 5.9323856591e-12
    },
    "spectral_energyband_low": {
        "dmean": 0.000400057440856,
        "dmean2": 0.000618131889496,
        "dvar": 6.89352987138e-07,
        "dvar2": 1.6207485487e-06,
        "max": 0.0258378610015,
        "mean": 0.00166439649183,
        "median": 0.000648142537102,
        "min": 8.73091875475e-23,
        "var": 7.19522859072e-06
    },
    "spectral_energyband_middle_high": {
        "dmean": 0.000521632144228,
        "dmean2": 0.00068167806603,
        "dvar": 1.98265274776e-06,
        "dvar2": 3.57025010089e-06,
        "max": 0.0604489520192,
        "mean": 0.00260054017417,
        "median": 0.00175732979551,
        "min": 1.7895499214e-21,
        "var": 9.24089090404e-06
    },
    "spectral_energyband_middle_low": {
        "dmean": 0.00360155943781,
        "dmean2": 0.00550335273147,
        "dvar": 2.88891860691e-05,
        "dvar2": 6.80561206536e-05,
        "max": 0.0912260115147,
        "mean": 0.0229510311037,
        "median": 0.0220151487738,
        "min": 3.95932039877e-22,
        "var": 0.000225515075726
    },
    "spectral_entropy": {
        "dmean": 0.0855252146721,
        "dmean2": 0.129050269723,
        "dvar": 0.014539508149,
        "dvar2": 0.0315182693303,
        "max": 9.80144119263,
        "mean": 5.62541484833,
        "median": 5.62759447098,
        "min": 3.68543386459,
        "var": 0.200491756201
    },
    "spectral_flux": {
        "dmean": 0.0144535694271,
        "dmean2": 0.0235324520618,
        "dvar": 0.000481018942082,
        "dvar2": 0.00114295142703,
        "max": 0.239600330591,
        "mean": 0.0343577489257,
        "median": 0.0273548085243,
        "min": 1.03438674293e-10,
        "var": 0.000859876337927
    },
    "spectral_kurtosis": {
        "dmean": 35.7519378662,
        "dmean2": 62.5282096863,
        "dvar": 1103.59008789,
        "dvar2": 3011.0012207,
        "max": 431.302581787,
        "mean": 126.546798706,
        "median": 121.978515625,
        "min": -1.24726831913,
        "var": 4368.22167969
    },
    "spectral_rms": {
        "dmean": 0.000348037428921,
        "dmean2": 0.000520106230397,
        "dvar": 2.53319257126e-07,
        "dvar2": 5.43182409274e-07,
        "max": 0.0100438473746,
        "mean": 0.0046786298044,
        "median": 0.00497915828601,
        "min": 3.23088149116e-12,
        "var": 3.87390855394e-06
    },
    "spectral_rolloff": {
        "dmean": 41.2714309692,
        "dmean2": 70.6496963501,
        "dvar": 21411.6816406,
        "dvar2": 30447.4550781,
        "max": 19164.5507812,
        "mean": 726.893127441,
        "median": 602.9296875,
        "min": 301.46484375,
        "var": 1516014
    },
    "spectral_skewness": {
        "dmean": 1.81151950359,
        "dmean2": 3.18125700951,
        "dvar": 2.28044724464,
        "dvar2": 6.26284885406,
        "max": 16.3855934143,
        "mean": 7.62165975571,
        "median": 7.60941553116,
        "min": -0.00195372896269,
        "var": 7.85776138306
    },
    "spectral_spread": {
        "dmean": 203295.671875,
        "dmean2": 355148.40625,
        "dvar": 128586563584,
        "dvar2": 188208381952,
        "max": 42443312,
        "mean": 828191.1875,
        "median": 709856.4375,
        "min": 202794.875,
        "var": 923623489536
    },
    "spectral_strongpeak": {
        "dmean": 0.325879275799,
        "dmean2": 0.542530715466,
        "dvar": 0.231794938445,
        "dvar2": 0.563044548035,
        "max": 8.08744621277,
        "mean": 1.56413936615,
        "median": 1.43624866009,
        "min": 0,
        "var": 1.1439538002
    },
    "zerocrossingrate": {
        "dmean": 0.00166804390028,
        "dmean2": 0.00218840292655,
        "dvar": 7.53925087338e-06,
        "dvar2": 8.14355462353e-06,
        "max": 0.5107421875,
        "mean": 0.0265595987439,
        "median": 0.02294921875,
        "min": 0.009765625,
        "var": 0.00103956798557
    },
    "barkbands": {
        "dmean": [1.50609662342e-06, 1.5746909412e-05, 0.000187733166968, 0.000647375709377, 0.00091376400087, 0.00114127446432, 0.00133391912095, 0.00087483326206, 0.000502029259223, 0.000193604937522, 0.000259685271885, 7.68247118685e-05, 7.41455660318e-05, 3.97108924517e-05, 5.05034840899e-05, 2.80460735667e-05, 1.43811448652e-05, 9.39910751185e-06, 2.83194481199e-06, 4.30176811506e-07, 7.40636068031e-08, 2.3649729286e-08, 1.18515541825e-09, 1.07753561629e-09, 1.08097886198e-09, 1.12245268635e-09, 1.43682754583e-09],
        "dmean2": [2.55124746218e-06, 2.63253605226e-05, 0.000293684948701, 0.00102623982821, 0.00138646212872, 0.00186325178947, 0.00202635023743, 0.00126628624275, 0.000675051065627, 0.000257004750893, 0.000337470293744, 0.000113930364023, 0.000100567849586, 5.36182997166e-05, 8.39439671836e-05, 4.11493383581e-05, 1.98231973627e-05, 1.24439748106e-05, 3.57406224794e-06, 5.50219169781e-07, 1.0704206943e-07, 3.82655827025e-08, 2.0841797177e-09, 1.89566540243e-09, 1.90115545529e-09, 1.96955407539e-09, 2.49768827842e-09],
        "dvar": [7.11852365248e-12, 1.71495029289e-09, 2.43280766199e-07, 1.18150990147e-06, 2.79628147837e-06, 6.20254013484e-06, 7.95347386884e-06, 4.80174321638e-06, 2.29620377468e-06, 4.99981013036e-07, 8.10496942449e-07, 5.28608801176e-08, 3.11921120044e-08, 1.79386496768e-08, 1.94350153748e-08, 8.15971468171e-09, 2.42945263906e-09, 2.02954342221e-09, 3.06964786922e-10, 1.49466636984e-11, 2.09603222365e-13, 5.41271671581e-14, 4.2818867924e-18, 1.85145644479e-18, 1.71712365748e-18, 1.72977093885e-18, 2.86004665787e-18],
        "dvar2": [1.95811231812e-11, 4.32341495937e-09, 5.53770121314e-07, 2.80221297544e-06, 5.8713362705e-06, 1.93217383639e-05, 1.80539645953e-05, 9.43961549638e-06, 4.79976188217e-06, 7.69531595779e-07, 1.52006714416e-06, 9.39184516824e-08, 5.59316255533e-08, 3.55764200322e-08, 5.86394257596e-08, 1.75474923481e-08, 5.09041298002e-09, 4.06261957409e-09, 6.07566941202e-10, 3.19496894219e-11, 4.6614285782e-13, 1.46770846887e-13, 1.19129319321e-17, 5.48846330548e-18, 5.23869157002e-18, 5.30057129729e-18, 8.56020512764e-18],
        "max": [4.55509507447e-05, 0.000993138644844, 0.0187449045479, 0.0203377753496, 0.033515393734, 0.0425559058785, 0.0688433125615, 0.0754537880421, 0.0418548174202, 0.056696228683, 0.0360257066786, 0.00930501427501, 0.00626760208979, 0.00913003552705, 0.00328540429473, 0.00284202303737, 0.00124008511193, 0.00107835012022, 0.000843516667373, 0.000188201840501, 1.63621589309e-05, 1.25534879771e-05, 8.78820216599e-08, 3.95636448047e-08, 2.3765881707e-08, 2.40251551986e-08, 3.15167554277e-08],
        "mean": [1.77527306278e-06, 4.6538280003e-05, 0.00104313076008, 0.00134338880889, 0.0040898132138, 0.00449120346457, 0.0064776353538, 0.00366255012341, 0.00239559495822, 0.000993203022517, 0.000919716083445, 0.000236621795921, 0.000277756655123, 0.000170472252648, 0.000120707780297, 7.34295681468e-05, 3.81677527912e-05, 1.8279581127e-05, 6.58694989397e-06, 8.12979806142e-07, 1.30603567072e-07, 2.59040380257e-08, 3.09222802919e-09, 3.46716033661e-09, 4.26606261428e-09, 5.29960519913e-09, 5.65051339052e-09],
        "median": [8.0587346929e-07, 3.88083253711e-06, 0.00019156455528, 0.000755532993935, 0.00261582550593, 0.00269555859268, 0.00398977845907, 0.00117994367611, 0.00092164229136, 0.000588710478041, 0.000310571078444, 9.79511096375e-05, 0.000145795798744, 7.24132769392e-05, 4.25650869147e-05, 1.58296061272e-05, 6.65385641696e-06, 2.15477621168e-06, 4.74679922036e-07, 3.26967573017e-08, 8.2653688338e-09, 3.36651728716e-09, 2.55569054808e-09, 2.91135848762e-09, 3.44197070845e-09, 4.08099198879e-09, 4.03370936652e-09],
        "min": [2.12059399453e-24, 3.54460511374e-23, 4.37675965207e-23, 6.86500680742e-24, 3.69122848138e-23, 3.1913099708e-23, 6.75913378533e-23, 2.07348580084e-22, 3.69645862918e-23, 1.19298992934e-22, 1.91947326776e-22, 1.48180326634e-22, 1.64522785665e-22, 6.74053055192e-23, 1.79794451215e-22, 1.72825136485e-22, 1.55046862254e-22, 1.36064407629e-22, 3.33187911499e-22, 5.01536558958e-22, 3.7956798499e-22, 5.64469584814e-22, 6.47611333795e-22, 8.82495084843e-22, 1.00267023088e-21, 1.62791598223e-21, 2.22619263659e-21],
        "var": [8.25807217747e-12, 1.53190562457e-08, 4.04362617701e-06, 2.89508739115e-06, 2.16924654524e-05, 2.76249902527e-05, 5.8227989939e-05, 4.34983376181e-05, 1.68151273101e-05, 2.85526516564e-06, 3.34829837811e-06, 2.0400635492e-07, 1.96197333935e-07, 9.904666598e-08, 4.52640911419e-08, 3.09176790836e-08, 6.81748790754e-09, 3.937765225e-09, 6.99116320391e-10, 2.37457449537e-11, 3.84838916376e-13, 4.70938765144e-14, 7.78846298692e-18, 6.25200560479e-18, 9.66551198627e-18, 1.66187053614e-17, 2.49001067821e-17]
    },
    "erbbands": {
        "dmean": [0.000332915893523, 0.00615938566625, 0.138609752059, 1.11121809483, 3.61589622498, 2.56595277786, 4.12713289261, 10.3279981613, 12.6705741882, 30.7831535339, 15.0865345001, 13.2283344269, 5.50291872025, 6.05514478683, 8.60050868988, 3.80750966072, 3.80350470543, 1.95955479145, 1.24303376675, 4.08490896225, 0.986512243748, 0.633750498295, 0.516732275486, 0.310913711786, 0.0961180627346, 0.0183259658515, 0.00495247216895, 0.00302581069991, 0.000808277982287, 0.000104993741843, 3.41621853295e-05, 2.51760375249e-05, 1.8616885427e-05, 1.34625106512e-05, 9.08191213966e-06, 5.43297437616e-06, 2.75618572232e-06, 9.50626713347e-07, 1.86923250567e-06, 4.35761330664e-06],
        "dmean2": [0.000521033827681, 0.0101604554802, 0.218295961618, 1.74420940876, 5.4981341362, 3.99806118011, 6.233066082, 17.6723194122, 20.9853801727, 46.8440437317, 19.8406219482, 16.9714012146, 7.38112688065, 8.16247367859, 11.2782335281, 5.50937700272, 5.08083486557, 2.6054494381, 1.84757208824, 6.67783355713, 1.42881989479, 0.852661967278, 0.693175494671, 0.410562396049, 0.113476365805, 0.022503213957, 0.00695192674175, 0.00439672823995, 0.00128685147502, 0.000173303487827, 5.94666125835e-05, 4.36931513832e-05, 3.22596024489e-05, 2.32126276387e-05, 1.53917844727e-05, 9.16603767109e-06, 4.61009403807e-06, 1.60476167821e-06, 2.8326210213e-06, 6.59340093989e-06],
        "dvar": [6.8589855573e-07, 0.000222488073632, 0.120750412345, 3.53309679031, 50.3557395935, 30.1380977631, 61.2153205872, 569.652893066, 688.998779297, 5285.52099609, 1853.65002441, 1550.47424316, 300.54598999, 688.724975586, 987.560974121, 132.79977417, 82.2459106445, 41.193977356, 11.421869278, 168.149932861, 9.73816585541, 4.53777170181, 5.61568117142, 3.16916275024, 0.288080483675, 0.0121783027425, 0.00203907699324, 0.000590411596932, 5.23240232724e-05, 5.50527602172e-07, 3.26772786607e-09, 1.08918252195e-09, 4.94377261351e-10, 2.42979858456e-10, 1.06355056706e-10, 3.77223911829e-11, 9.96950959287e-12, 1.19214642498e-12, 8.55767887109e-12, 4.71085705167e-11],
        "dvar2": [1.39432950164e-06, 0.00055036903359, 0.27276289463, 8.32726287842, 111.377426147, 62.5789489746, 143.789474487, 1795.89489746, 1875.61889648, 11658.7490234, 2916.23632812, 3012.06689453, 466.030151367, 1307.08398438, 1747.19482422, 229.663726807, 143.043930054, 79.1249923706, 24.3082942963, 490.38684082, 18.8262405396, 8.85546875, 9.96551322937, 6.45518779755, 0.52116727829, 0.0250991526991, 0.00486003980041, 0.00145302945748, 0.000139729774673, 1.41360885664e-06, 8.83933459761e-09, 3.03689495773e-09, 1.46256162736e-09, 7.10174363761e-10, 3.05404951328e-10, 1.02788819123e-10, 2.59584038292e-11, 3.3149316625e-12, 1.87563766602e-11, 1.04673991697e-10],
        "max": [0.0284875351936, 0.409714818001, 12.4820976257, 37.5045509338, 135.032089233, 142.235855103, 155.227157593, 409.54095459, 639.471008301, 1725.30114746, 2065.92236328, 1162.73815918, 1695.03198242, 2072.95776367, 1829.72351074, 483.743530273, 326.554870605, 465.311035156, 91.696144104, 345.070770264, 104.538917542, 43.7365455627, 68.2637710571, 60.6846427917, 16.2898845673, 4.16881418228, 2.32223892212, 1.07472467422, 0.362691700459, 0.0341185703874, 0.00221875752322, 0.00139633053914, 0.000399041105993, 0.000297561404295, 0.000230179692153, 0.000129281310365, 7.44982608012e-05, 2.37105123233e-05, 5.26720104972e-05, 0.000118270785606],
        "mean": [0.00129710463807, 0.0252273902297, 0.724567294121, 3.40182709694, 10.6920938492, 12.0615816116, 15.5346832275, 38.5882453918, 60.3742485046, 140.175964355, 78.3766937256, 67.7986373901, 31.9492511749, 28.1947669983, 31.4206733704, 13.2078962326, 14.8533029556, 9.09011268616, 5.02667140961, 8.96831226349, 2.97987771034, 1.68366467953, 1.05448412895, 0.687549889088, 0.204430565238, 0.039905231446, 0.00850060582161, 0.00458487588912, 0.00101621542126, 0.000195899934624, 0.000104733058834, 8.88434078661e-05, 7.54477878218e-05, 6.1804013967e-05, 4.77213761769e-05, 3.25406545016e-05, 1.80689112312e-05, 5.45092643733e-06, 1.35142090585e-05, 2.98101040244e-05],
        "median": [0.000234793493291, 0.0049633695744, 0.169274374843, 2.06863903999, 4.18256568909, 6.85824775696, 10.345949173, 22.5420722961, 39.1584968567, 50.5834121704, 30.0096225739, 25.8671970367, 24.0173110962, 14.5627202988, 11.0512199402, 6.85424470901, 8.06077480316, 4.59270572662, 2.66179680824, 1.84705972672, 0.782418489456, 0.343682646751, 0.127662494779, 0.0711591690779, 0.0127391908318, 0.00262268958613, 0.000609392067418, 0.000281033338979, 0.000150076768477, 0.000106923624116, 8.86986090336e-05, 7.76857195888e-05, 6.65161569486e-05, 5.43244859728e-05, 4.20287215093e-05, 2.92357726721e-05, 1.6292618966e-05, 4.5150832193e-06, 1.2994167264e-05, 2.8590860893e-05],
        "min": [3.02492286069e-22, 1.11398666837e-20, 5.66819698638e-20, 2.83548143578e-20, 1.90763100397e-20, 1.18022982829e-19, 3.60959492237e-19, 2.41619896366e-19, 4.47159570281e-19, 3.00306721975e-18, 3.58277731332e-18, 1.01852537602e-18, 1.54240439715e-18, 5.13318220135e-18, 9.77270963058e-18, 5.30242376827e-18, 7.83238462308e-18, 4.47131073908e-18, 6.93531262545e-18, 1.02119979569e-17, 7.41655596607e-18, 9.0268127481e-18, 8.76995993301e-18, 1.26124885023e-17, 1.60144681219e-17, 1.89669503521e-17, 2.21483680517e-17, 1.51940157965e-17, 1.68109983841e-17, 1.99004302908e-17, 1.96696816415e-17, 1.66522458809e-17, 1.55303308899e-17, 9.57025303975e-18, 7.75246822256e-18, 5.54413007916e-18, 3.1024339452e-18, 1.29124754776e-18, 3.1836054372e-19, 3.31646305129e-20],
        "var": [1.14102695079e-05, 0.00223388639279, 1.74697852135, 17.5210456848, 219.395706177, 244.495697021, 279.035369873, 2193.30175781, 4251.00292969, 42183.234375, 23097.4511719, 13221.2021484, 1968.08703613, 2857.31738281, 4101.83496094, 519.320861816, 535.197143555, 246.681121826, 55.0049705505, 378.589904785, 41.3384857178, 12.0620574951, 12.8403873444, 7.60424995422, 0.671328425407, 0.0246999785304, 0.00246409187093, 0.000749739061575, 4.83969124616e-05, 5.91811385675e-07, 7.27822158098e-09, 3.69708641479e-09, 2.3141337735e-09, 1.50777645924e-09, 8.86481277274e-10, 3.9825157061e-10, 1.23672322383e-10, 1.38244537345e-11, 7.27574597792e-11, 3.72322700448e-10]
    },
    "gfcc": {
        "mean": [-203.470046997, 242.016082764, -128.135101318, -80.4432601929, -28.5692062378, -36.6221160889, -42.9850578308, -13.172208786, -16.7069911957, -17.8657360077, -9.25643444061, -17.2570018768, -10.7460155487],
        "cov": [[15809.0029297, 2433.69116211, -2777.1184082, 182.679077148, 1357.33117676, -1360.6204834, 175.986618042, 439.686584473, -69.8477630615, -438.030761719, 65.9215240479, -372.665283203, -33.3918647766], [2433.69116211, 1149.60876465, 77.5777206421, -166.676651001, 198.726119995, -41.5175056458, -35.6286735535, -86.9582901001, -31.8012428284, -134.541564941, -53.2725143433, -138.61656189, -25.5264225006], [-2777.1184082, 77.5777206421, 1220.61218262, -138.908996582, -306.383331299, 509.70791626, -90.7374725342, -199.077545166, 14.7516002655, 11.5968837738, -89.7582626343, 19.9903717041, -28.9504528046], [182.679077148, -166.676651001, -138.908996582, 399.298156738, 157.979415894, -83.2514801025, 143.184829712, 72.4113235474, -80.671043396, 12.5692071915, 2.02321529388, 10.317076683, 28.9406414032], [1357.33117676, 198.726119995, -306.383331299, 157.979415894, 271.930267334, -140.02305603, 48.0692138672, 83.7063827515, -37.1467475891, -50.7085151672, 35.0356330872, -21.6727848053, 11.68176651], [-1360.6204834, -41.5175056458, 509.70791626, -83.2514801025, -140.02305603, 315.451568604, -19.8129024506, -81.6560897827, 12.4717111588, 8.40851974487, -40.9198150635, 55.2944984436, 11.4597043991], [175.986618042, -35.6286735535, -90.7374725342, 143.184829712, 48.0692138672, -19.8129024506, 149.18649292, 68.8574981689, -33.9206771851, 10.7526426315, -3.43526029587, -16.7934207916, 10.7649755478], [439.686584473, -86.9582901001, -199.077545166, 72.4113235474, 83.7063827515, -81.6560897827, 68.8574981689, 148.948669434, 13.7992258072, -9.11327362061, 40.1623573303, -0.652085959911, -10.903181076], [-69.8477630615, -31.8012428284, 14.7516002655, -80.671043396, -37.1467475891, 12.4717111588, -33.9206771851, 13.7992258072, 97.5357894897, 45.3600349426, 2.39466500282, 10.4923467636, 6.77634191513], [-438.030761719, -134.541564941, 11.5968837738, 12.5692071915, -50.7085151672, 8.40851974487, 10.7526426315, -9.11327362061, 45.3600349426, 97.6421966553, 28.3124866486, 16.0183143616, 19.0594615936], [65.9215240479, -53.2725143433, -89.7582626343, 2.02321529388, 35.0356330872, -40.9198150635, -3.43526029587, 40.1623573303, 2.39466500282, 28.3124866486, 93.1522445679, 41.8452606201, -0.585811018944], [-372.665283203, -138.61656189, 19.9903717041, 10.317076683, -21.6727848053, 55.2944984436, -16.7934207916, -0.652085959911, 10.4923467636, 16.0183143616, 41.8452606201, 110.027313232, 50.4530105591], [-33.3918647766, -25.5264225006, -28.9504528046, 28.9406414032, 11.68176651, 11.4597043991, 10.7649755478, -10.903181076, 6.77634191513, 19.0594615936, -0.585811018944, 50.4530105591, 83.7567214966]],
        "icov": [[0.00035067598219, -0.000845944916364, 0.000915831536986, -0.000674220325891, 0.000309217837639, -0.000242163645453, 0.000226510950597, -0.000102837650047, -0.00100575224496, 0.00107636256143, -0.000463487755042, 0.000350333109964, 1.17850697734e-06], [-0.000845944916364, 0.00515968725085, -0.00444136932492, 0.00588158518076, -0.00658287853003, 0.00394214130938, -0.00480292411521, 0.00395220704377, 0.00194509187713, -0.00112042273395, 0.00213370705023, -0.000836694380268, -0.00020510845934], [0.000915831536986, -0.00444136932492, 0.0095972539857, -0.0106061724946, 0.0109920296818, -0.0128949526697, 0.00701453071088, 0.000582323176786, -0.00838831532747, 0.0103685017675, -0.0117857707664, 0.011857942678, -0.00350708351471], [-0.000674220325891, 0.00588158518076, -0.0106061724946, 0.0229556038976, -0.0217353273183, 0.0167951062322, -0.0127083435655, -0.00206129788421, 0.0190830491483, -0.0225452408195, 0.0254909954965, -0.022208692506, 0.00916707981378], [0.000309217837639, -0.00658287853003, 0.0109920296818, -0.0217353273183, 0.0297538246959, -0.0165884830058, 0.0124879926443, -0.00185044773389, -0.0149307632819, 0.0225174594671, -0.0269475039095, 0.0228657145053, -0.012177712284], [-0.000242163645453, 0.00394214130938, -0.0128949526697, 0.0167951062322, -0.0165884830058, 0.0269776843488, -0.0134216649458, 0.000309916969854, 0.0111127365381, -0.0152153959498, 0.0231988634914, -0.0260502547026, 0.00965001434088], [0.000226510950597, -0.00480292411521, 0.00701453071088, -0.0127083435655, 0.0124879926443, -0.0134216649458, 0.0256545450538, -0.0141474744305, 0.00515285879374, -0.00319771631621, -0.0041534146294, 0.0123136043549, -0.00673779007047], [-0.000102837650047, 0.00395220704377, 0.000582323176786, -0.00206129788421, -0.00185044773389, 0.000309916969854, -0.0141474744305, 0.0270214006305, -0.0206738971174, 0.0219790581614, -0.0182864703238, 0.00830669049174, -0.000831916404422], [-0.00100575224496, 0.00194509187713, -0.00838831532747, 0.0190830491483, -0.0149307632819, 0.0111127365381, 0.00515285879374, -0.0206738971174, 0.0467571802437, -0.0446597933769, 0.0368860289454, -0.0256529152393, 0.00999749545008], [0.00107636256143, -0.00112042273395, 0.0103685017675, -0.0225452408195, 0.0225174594671, -0.0152153959498, -0.00319771631621, 0.0219790581614, -0.0446597933769, 0.063955873251, -0.0511581748724, 0.0379987284541, -0.0205127485096], [-0.000463487755042, 0.00213370705023, -0.0117857707664, 0.0254909954965, -0.0269475039095, 0.0231988634914, -0.0041534146294, -0.0182864703238, 0.0368860289454, -0.0511581748724, 0.0653205439448, -0.0492673441768, 0.0251129623502], [0.000350333109964, -0.000836694380268, 0.011857942678, -0.022208692506, 0.0228657145053, -0.0260502547026, 0.0123136043549, 0.00830669049174, -0.0256529152393, 0.0379987284541, -0.0492673441768, 0.0583170428872, -0.0305138137192], [1.17850697734e-06, -0.00020510845934, -0.00350708351471, 0.00916707981378, -0.012177712284, 0.00965001434088, -0.00673779007047, -0.000831916404422, 0.00999749545008, -0.0205127485096, 0.0251129623502, -0.0305138137192, 0.0310487803072]]
    },
    "melbands": {
        "dmean": [3.34913784172e-06, 5.03125083924e-05, 0.000282018823782, 0.000205494623515, 0.000136480171932, 0.000235989908106, 0.00021590416145, 0.000303197448375, 0.000120190896268, 7.13892441127e-05, 2.70563759841e-05, 2.39356577367e-05, 3.78522054234e-05, 9.84285998129e-06, 8.978515325e-06, 5.70331940253e-06, 3.94524613512e-06, 2.15007344195e-06, 3.66531708096e-06, 4.27937720815e-06, 9.30102089569e-07, 7.4896456681e-07, 5.68246321109e-07, 4.29669540836e-07, 2.52698242775e-07, 6.34976942138e-08, 3.75235735817e-08, 8.59288817878e-09, 4.03223765488e-09, 1.57601587336e-09, 1.802489491e-09, 5.60538004901e-10, 1.22487547882e-10, 3.00602182035e-11, 1.98088767611e-11, 1.73990544194e-11, 1.55558708276e-11, 1.38044306888e-11, 1.27060332741e-11, 1.16295627642e-11],
        "dmean2": [5.33572938366e-06, 7.97446045908e-05, 0.000440932402853, 0.000310883799102, 0.000206066993997, 0.000395839422708, 0.000351722963387, 0.000462423078716, 0.000155677917064, 9.32867405936e-05, 3.65318774129e-05, 3.25067630911e-05, 4.91897008033e-05, 1.4278258277e-05, 1.25072401715e-05, 7.61570163377e-06, 5.27505517312e-06, 3.16649902743e-06, 6.01548481427e-06, 6.82406698616e-06, 1.29426280182e-06, 1.01852492662e-06, 7.88316526723e-07, 5.80652510962e-07, 3.33319206902e-07, 7.58956346658e-08, 4.42217178431e-08, 1.14055795919e-08, 5.94586158087e-09, 2.19089790754e-09, 2.73475642132e-09, 9.10328312731e-10, 1.96882316006e-10, 5.2770302017e-11, 3.48157960794e-11, 3.04404140783e-11, 2.72172458182e-11, 2.42534308609e-11, 2.23102057662e-11, 2.03570667268e-11],
        "dvar": [7.7123640807e-11, 1.74648775442e-08, 2.24736282917e-07, 1.48563628954e-07, 7.14954566661e-08, 2.99816406368e-07, 1.70173777292e-07, 4.96970301356e-07, 1.14156591735e-07, 4.54639632608e-08, 7.63194485387e-09, 1.20238121681e-08, 1.69475207201e-08, 1.0843550502e-09, 4.74839223497e-10, 1.56426038789e-10, 2.05372358009e-10, 4.11916507848e-11, 1.09254667813e-10, 1.85623724724e-10, 1.13220283843e-11, 6.99867724538e-12, 5.75409728545e-12, 4.84689328603e-12, 2.48087618157e-12, 1.51199460396e-13, 6.46624545358e-14, 4.95203328349e-15, 2.45787912524e-15, 1.17328184822e-16, 2.43978523094e-16, 3.13491029682e-17, 1.88831706045e-18, 9.88641421362e-21, 6.97285841888e-22, 4.71728269519e-22, 3.58957939923e-22, 2.64180984839e-22, 2.23259298697e-22, 1.73244520186e-22],
        "dvar2": [1.63334915038e-10, 3.95460304503e-08, 5.21240849594e-07, 3.06012395868e-07, 1.6360647237e-07, 9.28741258122e-07, 4.59284478893e-07, 1.11016913706e-06, 1.80568036967e-07, 9.00437129303e-08, 1.20381722368e-08, 2.16488516003e-08, 3.12204733177e-08, 1.75671976965e-09, 8.68430438672e-10, 2.6770385908e-10, 3.93457905146e-10, 9.22952964055e-11, 3.17291026786e-10, 5.11702180628e-10, 2.22711432629e-11, 1.45939527824e-11, 1.0278181084e-11, 1.09665514517e-11, 4.96884261167e-12, 2.73148718271e-13, 1.23770053451e-13, 1.15571563956e-14, 6.00220971897e-15, 2.52064008441e-16, 6.36049586769e-16, 8.55245659597e-17, 4.81208971271e-18, 2.79710833329e-20, 2.03797713939e-21, 1.34874262647e-21, 1.05565310801e-21, 7.98287654199e-22, 6.74899559741e-22, 5.2718173279e-22],
        "max": [0.000267449388048, 0.00483613833785, 0.00896921940148, 0.00871423818171, 0.0065736384131, 0.0100387316197, 0.00864630099386, 0.0155659178272, 0.0156130595133, 0.00630899937823, 0.00846644956619, 0.00892878323793, 0.00494171632454, 0.00219685281627, 0.000639087578747, 0.000436109607108, 0.0010707762558, 0.000195215601707, 0.000269894720986, 0.000352614122676, 8.54901009006e-05, 6.78516007611e-05, 6.26394321444e-05, 6.52767994325e-05, 6.2741280999e-05, 1.31673959913e-05, 1.24961525216e-05, 3.20719163938e-06, 2.65666380983e-06, 3.92423288531e-07, 7.79859362865e-07, 2.88049676556e-07, 6.76315465853e-08, 4.92026597243e-09, 7.50918105474e-10, 7.62633345364e-10, 6.12262351929e-10, 2.2161472657e-10, 2.32205740747e-10, 1.95651383983e-10],
        "mean": [1.17604695333e-05, 0.000273864483461, 0.000812517013401, 0.00082611880498, 0.000578349456191, 0.000940029276535, 0.00102923915256, 0.00135850335937, 0.000613146519754, 0.000355988711817, 0.000146264428622, 0.000108710875793, 0.000134193454869, 2.99861421809e-05, 3.22155719914e-05, 2.49435852311e-05, 1.70087441802e-05, 8.57613122207e-06, 8.6895588538e-06, 9.56838721322e-06, 2.77837671092e-06, 1.93820847016e-06, 1.20082302146e-06, 7.7764315165e-07, 5.62544187233e-07, 1.29856985609e-07, 7.76504691657e-08, 1.66739440033e-08, 5.59365931352e-09, 2.65757704732e-09, 2.41120123867e-09, 6.04468253229e-10, 1.63167424017e-10, 6.23462254046e-11, 4.88895104955e-11, 4.56949998673e-11, 4.29222664355e-11, 4.06862182833e-11, 3.90779006376e-11, 3.73445961654e-11],
        "median": [1.11020676741e-06, 5.01856738993e-05, 0.000524486065842, 0.000453456596006, 0.000360318750609, 0.000533262442332, 0.000700432690792, 0.000527774565853, 0.000199577596504, 0.000138170245918, 0.000100851408206, 5.28704404132e-05, 4.29755236837e-05, 1.32183104142e-05, 1.92487386812e-05, 1.43301822391e-05, 6.81457868268e-06, 4.38465940533e-06, 2.70358191301e-06, 1.73039836682e-06, 6.22735058187e-07, 3.61921564718e-07, 1.45376091609e-07, 8.25623729384e-08, 5.19919289843e-08, 6.63494326147e-09, 3.45534978408e-09, 8.71406669045e-10, 2.35717778629e-10, 1.75530659452e-10, 1.17202303418e-10, 7.06640718162e-11, 5.49564872776e-11, 4.55456054815e-11, 4.05701097717e-11, 3.83645094859e-11, 3.60032038904e-11, 3.39280686878e-11, 3.21258263047e-11, 3.0372482307e-11],
        "min": [6.57906839511e-24, 2.43379966013e-23, 4.41352924772e-24, 3.95728878217e-24, 1.1617674458e-23, 5.15621062998e-24, 8.81861452832e-24, 3.80200222296e-23, 2.61395750485e-23, 5.01570385314e-24, 8.23262892639e-24, 1.95127963459e-23, 3.39565997068e-23, 1.79011614051e-23, 1.19395612618e-23, 1.81184988954e-23, 6.40906177028e-24, 9.22490708236e-24, 1.56559622947e-23, 1.32399921532e-23, 7.14799882426e-24, 7.55145147904e-24, 1.13601563376e-23, 6.45419092495e-24, 1.02403438279e-23, 1.42413311655e-23, 8.35499387457e-24, 1.50122612623e-23, 1.57724723172e-23, 1.1437948278e-23, 8.27536467707e-24, 9.6077042032e-24, 1.10885318064e-23, 1.02558189123e-23, 1.1205358951e-23, 9.96023746427e-24, 1.09566019197e-23, 1.14434813484e-23, 9.40914949108e-24, 7.46140537329e-24],
        "var": [1.09523923264e-09, 2.70675684533e-07, 8.48134959597e-07, 1.08257734155e-06, 4.16617268684e-07, 1.33961532356e-06, 9.9531757769e-07, 3.84545273846e-06, 1.42951512316e-06, 3.70658540305e-07, 4.81964086418e-08, 5.27856336419e-08, 7.21680848415e-08, 4.10393896644e-09, 2.20921458904e-09, 1.275425765e-09, 1.21856558177e-09, 1.70208611094e-10, 2.71728639589e-10, 4.75803563216e-10, 4.35707164792e-11, 1.70045488107e-11, 1.5085651478e-11, 7.38622097513e-12, 6.09371927918e-12, 3.21900682108e-13, 1.43288267536e-13, 6.92609184794e-15, 2.57871197506e-15, 2.03218357995e-16, 2.59605804515e-16, 2.59734695798e-17, 1.82782616944e-18, 1.0810953338e-20, 1.48860491342e-21, 1.20982081318e-21, 1.02304389535e-21, 8.68407770881e-22, 8.21634150461e-22, 7.53515443315e-22]
    },
    "mfcc": {
        "mean": [-814.968200684, 254.949615479, -15.2114257812, -37.1804542542, -0.280677109957, -23.3536148071, -25.1633605957, -12.3174133301, -14.2279195786, -11.0637874603, -5.90802812576, -8.79226016998, -8.01438522339],
        "cov": [[6041.02734375, 3328.5065918, -1781.0411377, -39.0693397522, 585.956481934, -461.108337402, -79.8848800659, 133.919784546, -47.2257804871, 38.4010848999, 31.1381645203, -99.9998779297, -93.9179000854], [3328.5065918, 2408.02416992, -461.657104492, -310.978271484, 275.878112793, -74.7739257812, -125.220108032, 28.5667076111, -26.1621990204, -22.8640289307, -9.49060535431, -89.9459838867, -133.371429443], [-1781.0411377, -461.657104492, 1125.18334961, -99.8914108276, -233.457763672, 331.605499268, 35.1042518616, -77.1812057495, 29.974023819, -29.5710716248, -37.821559906, -4.63069343567, -58.1995239258], [-39.0693397522, -310.978271484, -99.8914108276, 385.318634033, 76.6433563232, -58.4266166687, 160.981918335, 68.414100647, 3.49641060829, 53.1670341492, 14.1480073929, -0.793449163437, 37.6099205017], [585.956481934, 275.878112793, -233.457763672, 76.6433563232, 195.130630493, -21.4300918579, 5.85946273804, 60.939250946, -7.26740217209, -9.58072948456, -1.66760635376, -19.8301029205, -4.14324808121], [-461.108337402, -74.7739257812, 331.605499268, -58.4266166687, -21.4300918579, 201.102111816, 29.3740310669, -29.1214981079, 34.4251937866, -33.4379653931, -36.6679840088, 2.78865456581, -40.7609443665], [-79.8848800659, -125.220108032, 35.1042518616, 160.981918335, 5.85946273804, 29.3740310669, 169.148712158, 79.3211975098, 2.44558691978, 31.9486942291, 8.96830558777, -11.4709091187, 15.8177623749], [133.919784546, 28.5667076111, -77.1812057495, 68.414100647, 60.939250946, -29.1214981079, 79.3211975098, 123.610809326, 20.2782058716, 4.93042516708, 14.4142408371, -11.8394622803, 13.7352399826], [-47.2257804871, -26.1621990204, 29.974023819, 3.49641060829, -7.26740217209, 34.4251937866, 2.44558691978, 20.2782058716, 87.2656326294, 27.1703453064, -19.7472915649, 11.5995674133, 3.90194272995], [38.4010848999, -22.8640289307, -29.5710716248, 53.1670341492, -9.58072948456, -33.4379653931, 31.9486942291, 4.93042516708, 27.1703453064, 94.7068252563, 35.0784339905, -3.32356643677, 33.3123168945], [31.1381645203, -9.49060535431, -37.821559906, 14.1480073929, -1.66760635376, -36.6679840088, 8.96830558777, 14.4142408371, -19.7472915649, 35.0784339905, 79.3774185181, 33.0008468628, 10.0682621002], [-99.9998779297, -89.9459838867, -4.63069343567, -0.793449163437, -19.8301029205, 2.78865456581, -11.4709091187, -11.8394622803, 11.5995674133, -3.32356643677, 33.0008468628, 78.8026199341, 36.94871521], [-93.9179000854, -133.371429443, -58.1995239258, 37.6099205017, -4.14324808121, -40.7609443665, 15.8177623749, 13.7352399826, 3.90194272995, 33.3123168945, 10.0682621002, 36.94871521, 116.071388245]],
