{
"lowlevel": {
    "average_loudness": 0.89068621397,
    "barkbands_crest": {
        "dmean": 2.31099104881,
        "dmean2": 3.78630924225,
        "dvar": 5.083796978,
        "dvar2": 12.6040019989,
        "max": 24.981803894,
        "mean": 10.3100242615,
        "median": 9.48735618591,
        "min": 3.06288909912,
        "var": 14.1887693405
    },
    "barkbands_flatness_db": {
        "dmean": 0.0212182030082,
        "dmean2": 0.0304612126201,
        "dvar": 0.000543170550372,
        "dvar2": 0.00105413119309,
        "max": 0.434798717499,
        "mean": 0.197402521968,
        "median": 0.198506325483,
        "min": 0.0248822253197,
        "var": 0.00344532565214
    },
    "barkbands_kurtosis": {
        "dmean": 2.64994192123,
        "dmean2": 4.15251922607,
        "dvar": 20.516664505,
        "dvar2": 50.7344551086,
        "max": 135.623504639,
        "mean": 5.52011632919,
        "median": 3.60727739334,
        "min": -1.91798043251,
        "var": 50.0850410461
    },
    "barkbands_skewness": {
        "dmean": 0.454987198114,
        "dmean2": 0.695940434933,
        "dvar": 0.246972113848,
        "dvar2": 0.559181034565,
        "max": 9.86724090576,
        "mean": 1.54269790649,
        "median": 1.45846557617,
        "min": -5.74811267853,
        "var": 1.05743014812
    },
    "barkbands_spread": {
        "dmean": 2.75358557701,
        "dmean2": 4.24455308914,
        "dvar": 24.7914638519,
        "dvar2": 48.6753845215,
        "max": 113.457435608,
        "mean": 11.012096405,
        "median": 8.76623916626,
        "min": 0.675980269909,
        "var": 82.9136428833
    },
    "dissonance": {
        "dmean": 0.0285037960857,
        "dmean2": 0.0476978421211,
        "dvar": 0.000696131843142,
        "dvar2": 0.00191892648581,
        "max": 0.500000238419,
        "mean": 0.430406689644,
        "median": 0.438091158867,
        "min": 0.16408675909,
        "var": 0.00178137701005
    },
    "dynamic_complexity": 3.62048101425,
    "erbbands_crest": {
        "dmean": 2.73923230171,
        "dmean2": 4.31171512604,
        "dvar": 6.66197490692,
        "dvar2": 16.2270641327,
        "max": 30.158416748,
        "mean": 11.4196243286,
        "median": 10.3756856918,
        "min": 2.36258649826,
        "var": 24.6316413879
    },
    "erbbands_flatness_db": {
        "dmean": 0.0206650607288,
        "dmean2": 0.0270894430578,
        "dvar": 0.000497579050716,
        "dvar2": 0.000832845049445,
        "max": 0.404214918613,
        "mean": 0.200466036797,
        "median": 0.203488111496,
        "min": 0.0448446795344,
        "var": 0.00356242083944
    },
    "erbbands_kurtosis": {
        "dmean": 1.50819814205,
        "dmean2": 2.34587073326,
        "dvar": 4.7920255661,
        "dvar2": 10.9232549667,
        "max": 44.4794998169,
        "mean": 2.42553424835,
        "median": 1.3766412735,
        "min": -1.84959149361,
        "var": 15.1623458862
    },
    "erbbands_skewness": {
        "dmean": 0.353965252638,
        "dmean2": 0.546769618988,
        "dvar": 0.126910358667,
        "dvar2": 0.291748851538,
        "max": 5.9598326683,
        "mean": 0.957856655121,
        "median": 0.901449501514,
        "min": -4.10959911346,
        "var": 0.618052661419
    },
    "erbbands_spread": {
        "dmean": 6.00855922699,
        "dmean2": 8.9006357193,
        "dvar": 82.6723556519,
        "dvar2": 168.628265381,
        "max": 148.862030029,
        "mean": 24.5378894806,
        "median": 19.16888237,
        "min": 1.3407882452,
        "var": 319.91217041
    },
    "hfc": {
        "dmean": 3.82566642761,
        "dmean2": 5.50265312195,
        "dvar": 44.5637435913,
        "dvar2": 86.3434448242,
        "max": 243.967712402,
        "mean": 15.1065387726,
        "median": 12.1308698654,
        "min": 1.07610235375e-16,
        "var": 178.132995605
    },
    "melbands_crest": {
        "dmean": 2.70478868484,
        "dmean2": 4.34334468842,
        "dvar": 6.5959610939,
        "dvar2": 16.1260147095,
        "max": 31.7209148407,
        "mean": 13.0059909821,
        "median": 12.1040649414,
        "min": 1.00130021572,
        "var": 19.7435455322
    },
    "melbands_flatness_db": {
        "dmean": 0.0244847629219,
        "dmean2": 0.0355315543711,
        "dvar": 0.000799216504674,
        "dvar2": 0.00155818869825,
        "max": 0.546281576157,
        "mean": 0.290932744741,
        "median": 0.293890058994,
        "min": 1.7688766718e-07,
        "var": 0.0053885942325
    },
    "melbands_kurtosis": {
        "dmean": 4.3869843483,
        "dmean2": 6.88893890381,
        "dvar": 61.9589653015,
        "dvar2": 157.529403687,
        "max": 218.385742188,
        "mean": 9.38530445099,
        "median": 5.92436408997,
        "min": -1.84249866009,
        "var": 153.182830811
    },
    "melbands_skewness": {
        "dmean": 0.549513995647,
        "dmean2": 0.844947040081,
        "dvar": 0.381821393967,
        "dvar2": 0.864868164062,
        "max": 11.9412784576,
        "mean": 1.9646821022,
        "median": 1.78109657764,
        "min": -1.72432625294,
        "var": 1.54560399055
    },
    "melbands_spread": {
        "dmean": 2.84608888626,
        "dmean2": 4.45711565018,
        "dvar": 51.0471839905,
        "dvar2": 104.664344788,
        "max": 249.373123169,
        "mean": 12.3375234604,
        "median": 9.92839717865,
        "min": 1.14755487442,
        "var": 193.067214966
    },
    "pitch_salience": {
        "dmean": 0.0635071396828,
        "dmean2": 0.103424236178,
        "dvar": 0.0036000397522,
        "dvar2": 0.00892635527998,
        "max": 0.996078789234,
        "mean": 0.571312963963,
        "median": 0.575267970562,
        "min": 0.143904775381,
        "var": 0.011951518245
    },
    "silence_rate_20dB": {
        "dmean": 0,
        "dmean2": 0,
        "dvar": 0,
        "dvar2": 0,
        "max": 1,
        "mean": 1,
        "median": 1,
        "min": 1,
        "var": 0
    },
    "silence_rate_30dB": {
        "dmean": 0.0187637135386,
        "dmean2": 0.0375302657485,
        "dvar": 0.0184108819813,
        "dvar2": 0.0444423854351,
        "max": 1,
        "mean": 0.984415173531,
        "median": 1,
        "min": 0,
        "var": 0.0153427226469
    },
    "silence_rate_60dB": {
        "dmean": 0.00711205275729,
        "dmean2": 0.0142251811922,
        "dvar": 0.00706080254167,
        "dvar2": 0.0152364578098,
        "max": 1,
        "mean": 0.0748978629708,
        "median": 0,
        "min": 0,
        "var": 0.0692936331034
    },
    "spectral_centroid": {
        "dmean": 116.360488892,
        "dmean2": 182.720779419,
        "dvar": 51945.84375,
        "dvar2": 107534.0625,
        "max": 11894.0664062,
        "mean": 730.444396973,
        "median": 567.629394531,
        "min": 218.757293701,
        "var": 759260.3125
    },
    "spectral_complexity": {
        "dmean": 2.21442079544,
        "dmean2": 3.50378322601,
        "dvar": 8.01266288757,
        "dvar2": 17.841506958,
        "max": 48,
        "mean": 13.9670143127,
        "median": 14,
        "min": 0,
        "var": 40.8077545166
    },
    "spectral_decrease": {
        "dmean": 2.35110819702e-09,
        "dmean2": 3.56346419039e-09,
        "dvar": 1.14166880846e-17,
        "dvar2": 2.3278826164e-17,
        "max": 5.18666463681e-28,
        "mean": -8.92489548932e-09,
        "median": -8.19088796788e-09,
        "min": -4.64704079661e-08,
        "var": 3.94803711076e-17
    },
    "spectral_energy": {
        "dmean": 0.00911112129688,
        "dmean2": 0.0137911085039,
        "dvar": 0.000167194360984,
        "dvar2": 0.00034018207225,
        "max": 0.177874803543,
        "mean": 0.0350547879934,
        "median": 0.0321848914027,
        "min": 9.87252662662e-21,
        "var": 0.000597451347858
    },
    "spectral_energyband_high": {
        "dmean": 0.000185446289834,
        "dmean2": 0.00025474850554,
        "dvar": 4.47237312073e-07,
        "dvar2": 8.22116078325e-07,
        "max": 0.0269557479769,
        "mean": 0.000310686940793,
        "median": 3.22603591485e-05,
        "min": 6.9527430464e-21,
        "var": 1.00645479506e-06
    },
    "spectral_energyband_low": {
        "dmean": 0.00622742343694,
        "dmean2": 0.00988433416933,
        "dvar": 0.000156651600264,
        "dvar2": 0.000324825115968,
        "max": 0.16287688911,
        "mean": 0.0132039887831,
        "median": 0.0099365785718,
        "min": 8.34502898361e-24,
        "var": 0.000278722232906
    },
    "spectral_energyband_middle_high": {
        "dmean": 0.000827914511319,
        "dmean2": 0.00126546178944,
        "dvar": 2.02604201149e-06,
        "dvar2": 5.01233580508e-06,
        "max": 0.0475603975356,
        "mean": 0.00275584636256,
        "median": 0.00171155971475,
        "min": 1.07691473956e-21,
        "var": 1.05603530756e-05
    },
    "spectral_energyband_middle_low": {
        "dmean": 0.00543681858107,
        "dmean2": 0.00831191707402,
        "dvar": 4.50231127616e-05,
        "dvar2": 0.000104900078441,
        "max": 0.123117782176,
        "mean": 0.0202455967665,
        "median": 0.0174544192851,
        "min": 1.69278670291e-22,
        "var": 0.000222086222493
    },
    "spectral_entropy": {
        "dmean": 0.190817043185,
        "dmean2": 0.265970915556,
        "dvar": 0.0542271472514,
        "dvar2": 0.0941803529859,
        "max": 9.82610607147,
        "mean": 6.85606908798,
        "median": 6.78688907623,
        "min": 4.67368078232,
        "var": 0.376584559679
    },
    "spectral_flux": {
        "dmean": 0.0213264226913,
        "dmean2": 0.0339861735702,
        "dvar": 0.000711683183908,
        "dvar2": 0.00172926275991,
        "max": 0.327949523926,
        "mean": 0.0729849040508,
        "median": 0.066523835063,
        "min": 6.38739339198e-11,
        "var": 0.00212400918826
    },
    "spectral_kurtosis": {
        "dmean": 5.40567731857,
        "dmean2": 8.64413070679,
        "dvar": 55.4403495789,
        "dvar2": 139.42628479,
        "max": 113.835746765,
        "mean": 15.4114265442,
        "median": 11.6902446747,
        "min": -1.35529363155,
        "var": 205.473480225
    },
    "spectral_rms": {
        "dmean": 0.00069733284181,
        "dmean2": 0.00104695057962,
        "dvar": 6.7208782184e-07,
        "dvar2": 1.35106915877e-06,
        "max": 0.013173321262,
        "mean": 0.00541026936844,
        "median": 0.00560356071219,
        "min": 3.10350334841e-12,
        "var": 4.92877143188e-06
    },
    "spectral_rolloff": {
        "dmean": 172.559188843,
        "dmean2": 295.249542236,
        "dvar": 410242.5,
        "dvar2": 795756.0625,
        "max": 19659.8144531,
        "mean": 824.000854492,
        "median": 559.86328125,
        "min": 64.599609375,
        "var": 2830241.75
    },
    "spectral_skewness": {
        "dmean": 0.451407909393,
        "dmean2": 0.693253040314,
        "dvar": 0.253986954689,
        "dvar2": 0.588317453861,
        "max": 8.45655632019,
        "mean": 2.81427764893,
        "median": 2.72220778465,
        "min": -0.407659381628,
        "var": 1.35563802719
    },
    "spectral_spread": {
        "dmean": 588322.4375,
        "dmean2": 774058.375,
        "dvar": 882701107200,
        "dvar2": 1.48293563187e+12,
        "max": 42169120,
        "mean": 3691968.25,
        "median": 2951728.75,
        "min": 718548.375,
        "var": 1.179745203e+13
    },
    "spectral_strongpeak": {
        "dmean": 0.447983950377,
        "dmean2": 0.755768954754,
        "dvar": 0.441188335419,
        "dvar2": 1.08742201328,
        "max": 9.859582901,
        "mean": 0.928056061268,
        "median": 0.498078107834,
        "min": 0,
        "var": 0.968520760536
    },
    "zerocrossingrate": {
        "dmean": 0.00597304990515,
        "dmean2": 0.00700940005481,
        "dvar": 0.000133366367663,
        "dvar2": 0.000145942001836,
        "max": 0.5234375,
        "mean": 0.0348922349513,
        "median": 0.02587890625,
        "min": 0.0029296875,
        "var": 0.00200722529553
    },
    "barkbands": {
        "dmean": [0.00012483469618, 0.00468439096585, 0.00171130849048, 0.00141822325531, 0.00189078378025, 0.00210243510082, 0.00137320091017, 0.00145014282316, 0.00102958548814, 0.000466392521048, 0.00023858192435, 0.000192940569832, 0.000137388517032, 9.13687836146e-05, 0.000113115063868, 6.02281288593e-05, 8.02153954282e-05, 8.16754763946e-05, 4.66389428766e-05, 4.04626298405e-05, 3.63229446521e-05, 3.16691039188e-05, 3.00703577523e-05, 4.40399235231e-05, 3.23574458889e-05, 1.31161923491e-05, 2.32702791436e-06],
        "dmean2": [0.000194612308405, 0.00736178364605, 0.00298493634909, 0.00237497524358, 0.00306190410629, 0.0031987617258, 0.00215332163498, 0.00219996995293, 0.00155533442739, 0.000724868266843, 0.000377900665626, 0.000306643196382, 0.000208312136238, 0.000148707156768, 0.000177753419848, 9.47949374677e-05, 0.00013032964489, 0.000132060275064, 7.31756736059e-05, 6.45976106171e-05, 5.87428585277e-05, 4.78881593153e-05, 4.40227886429e-05, 6.2317289121e-05, 4.45763325843e-05, 1.78516766027e-05, 3.29507429342e-06],
        "dvar": [1.84603848652e-07, 0.000142483972013, 8.7184835138e-06, 7.21616424926e-06, 9.55588802753e-06, 1.07617925096e-05, 8.45756312629e-06, 9.10974358703e-06, 5.53269228476e-06, 1.56139344654e-06, 4.55037252323e-07, 1.99695350034e-07, 7.64281367083e-08, 5.82615200528e-08, 6.96344741868e-08, 2.14724593661e-08, 7.42178301039e-08, 7.41955616945e-08, 1.6387536661e-08, 1.50981946945e-08, 1.58911568349e-08, 1.00833439376e-08, 1.1327559335e-08, 7.04656244466e-08, 4.04343047933e-08, 2.2141715128e-09, 4.12944747841e-11],
        "dvar2": [4.40150586201e-07, 0.000294818339171, 2.78858897218e-05, 1.8416214516e-05, 2.61368495558e-05, 2.62861249212e-05, 2.07428292924e-05, 2.08868150366e-05, 1.33229659696e-05, 3.89265551348e-06, 1.22428218674e-06, 4.93329139317e-07, 1.97892589426e-07, 1.54225588744e-07, 1.62448543506e-07, 5.13910229927e-08, 2.12340296457e-07, 2.01438879799e-07, 4.07220674958e-08, 3.63990793062e-08, 4.10491125535e-08, 2.37873312159e-08, 2.26111609436e-08, 1.29859785147e-07, 7.70488384205e-08, 4.18848955519e-09, 9.08500982777e-11],
        "max": [0.00788038596511, 0.155757546425, 0.0369194298983, 0.0439084470272, 0.0702618956566, 0.0801898539066, 0.0931636318564, 0.0988180860877, 0.0688115432858, 0.0381654985249, 0.0261576026678, 0.0103880343959, 0.00902209524065, 0.00839949958026, 0.0107333827764, 0.00390629377216, 0.00839957501739, 0.00786930974573, 0.00569769646972, 0.0053434302099, 0.00294077279978, 0.00191166694276, 0.00365146854892, 0.0119505263865, 0.00820314791054, 0.00191221758723, 0.000172992120497],
        "mean": [0.000217224092921, 0.00892601255327, 0.0027903043665, 0.00219984026626, 0.00439701601863, 0.00539124151692, 0.00297851487994, 0.00278172641993, 0.00209798244759, 0.000928879308049, 0.0004416370939, 0.000392516958527, 0.000274090532912, 0.000175051245606, 0.000202778988751, 0.000109801381768, 0.000161688250955, 0.000150268038851, 8.90791197889e-05, 6.61606900394e-05, 4.60245901195e-05, 4.52330932603e-05, 4.85097662022e-05, 6.88355212333e-05, 5.18585256941e-05, 1.95679349417e-05, 2.93668063023e-06],
        "median": [2.84616417048e-05, 0.00497270189226, 0.00171128800139, 0.00106168119237, 0.00297390902415, 0.00291025266051, 0.00147359329276, 0.00112359295599, 0.000613721262198, 0.000294018420391, 0.000168062077137, 0.000131471344503, 0.000129552325234, 5.13226950716e-05, 7.53882050049e-05, 3.76738098566e-05, 3.47012537532e-05, 2.80073800241e-05, 2.16917069338e-05, 1.07053219836e-05, 3.83727683584e-06, 2.49830463872e-06, 4.33735203842e-06, 4.36353457189e-06, 3.20114168062e-06, 1.93767073142e-06, 1.76693475851e-07],
        "min": [8.40431503608e-25, 1.65407703796e-24, 5.0860574269e-25, 9.47825548131e-25, 8.6009954147e-24, 8.40931641422e-24, 7.13813175205e-24, 1.03620011679e-23, 1.82165984821e-23, 1.3475962538e-23, 1.46879684328e-23, 1.63065390387e-23, 2.25759495518e-23, 5.0419382114e-23, 5.54673661554e-23, 5.13533176952e-23, 7.51465932197e-23, 9.76463577406e-23, 1.54581850839e-22, 1.71657483506e-22, 1.73598447364e-22, 3.18842002621e-22, 3.77159649444e-22, 5.87631853656e-22, 8.24189151026e-22, 1.25922587163e-21, 1.99707350239e-21],
        "var": [2.54955608625e-07, 0.000221564027015, 1.17304161904e-05, 1.01318428278e-05, 2.16060543607e-05, 5.04937124788e-05, 2.07898629014e-05, 2.37538715737e-05, 1.74249253178e-05, 4.23458732257e-06, 1.0307849152e-06, 6.60012574372e-07, 1.86318260376e-07, 1.58301389774e-07, 1.76968839583e-07, 5.09106961033e-08, 2.56470798377e-07, 1.83915602747e-07, 5.25608498947e-08, 2.95244131365e-08, 1.84241564227e-08, 1.62138604765e-08, 2.62627590786e-08, 1.33629129095e-07, 8.40423695081e-08, 5.1474122742e-09, 6.663532226e-11]
    },
    "erbbands": {
        "dmean": [0.140561282635, 1.09456813335, 1.80702865124, 3.77396798134, 4.54532909393, 6.95654630661, 10.7746648788, 21.9161987305, 18.7544898987, 23.0553188324, 27.8351593018, 26.6146411896, 15.7599172592, 11.1965179443, 9.57512950897, 8.0762014389, 6.24652004242, 4.85990476608, 5.68958473206, 4.14651823044, 3.55874919891, 3.38021945953, 4.3402633667, 2.7922604084, 2.42802095413, 1.87683033943, 1.65879333019, 1.25291597843, 1.10257732868, 0.985433042049, 0.885217428207, 0.911143362522, 0.750913321972, 0.438913613558, 0.192147478461, 0.0745443105698, 0.0213124696165, 0.00378058757633, 0.000400923367124, 2.45845840254e-05],
        "dmean2": [0.209625780582, 1.76474916935, 3.13070631027, 6.40264749527, 7.60933589935, 11.2428693771, 15.7936143875, 33.4090270996, 29.0436573029, 36.194442749, 41.9572105408, 39.6109466553, 24.2382183075, 17.2875766754, 15.1824541092, 12.8733100891, 9.45284080505, 7.77318572998, 9.00494766235, 6.45261907578, 5.71177101135, 5.42074632645, 6.98916149139, 4.42505121231, 3.84882616997, 2.98793148994, 2.71883583069, 2.0030567646, 1.69088792801, 1.46307611465, 1.29045879841, 1.29733884335, 1.05006062984, 0.605675756931, 0.262482851744, 0.102668814361, 0.0289877224714, 0.00530224526301, 0.000559220090508, 3.40884835168e-05],
        "dvar": [0.163060590625, 7.41037225723, 10.1266927719, 48.7448921204, 63.2371520996, 156.167999268, 453.989440918, 1241.75891113, 1520.24645996, 2877.64453125, 3654.1081543, 3565.97460938, 2135.41333008, 922.36907959, 457.329040527, 355.710510254, 156.331481934, 121.436050415, 173.981842041, 165.284408569, 88.7415542603, 89.3379440308, 192.087295532, 66.284828186, 43.1283874512, 35.2788963318, 34.4097900391, 18.4498310089, 12.9829339981, 9.39246177673, 10.8096437454, 23.6058998108, 24.1755275726, 9.16396808624, 1.11530137062, 0.0878278240561, 0.00551749579608, 0.000138451738167, 1.15793773148e-06, 2.48216380783e-09],
        "dvar2": [0.306887596846, 17.5677261353, 30.0861034393, 126.39150238, 177.083114624, 427.558837891, 894.004760742, 2981.43457031, 3749.86328125, 6956.83642578, 8367.34765625, 8416.86035156, 5251.88378906, 2332.19458008, 1245.3338623, 879.362609863, 407.889709473, 316.063995361, 433.908813477, 383.29776001, 236.584655762, 248.790634155, 524.042114258, 171.260406494, 104.661758423, 82.8384246826, 91.102394104, 46.3647613525, 31.4128551483, 20.0449008942, 21.5159015656, 43.4141540527, 46.4915161133, 17.7698841095, 2.09134459496, 0.163931101561, 0.0106756566092, 0.000285445392365, 2.49622416959e-06, 5.06751174356e-09],
        "max": [6.36035299301, 36.6779899597, 46.1335601807, 107.481750488, 148.266372681, 338.563781738, 1011.66705322, 992.268188477, 1273.95288086, 1812.38769531, 1743.72363281, 1874.12255859, 1764.28503418, 1567.85705566, 692.274841309, 502.731445312, 441.972808838, 268.705963135, 541.676269531, 499.602111816, 250.97567749, 308.641906738, 344.616424561, 295.504455566, 202.778533936, 313.384399414, 158.784713745, 90.7851333618, 60.6460266113, 85.0514755249, 119.366455078, 226.761947632, 226.956039429, 129.651931763, 38.6494789124, 10.6561479568, 2.81738758087, 0.431348919868, 0.0286490675062, 0.000879751867615],
        "mean": [0.251755207777, 1.99233865738, 3.33580780029, 6.10135698318, 8.46769809723, 16.1594371796, 27.4276885986, 55.4622383118, 43.6378288269, 48.6443824768, 55.8100509644, 57.0078773499, 33.0293502808, 23.0123443604, 20.1269741058, 16.7773933411, 13.3504276276, 10.6447429657, 10.7390642166, 7.9587521553, 7.18431615829, 7.12363958359, 8.81059932709, 5.78575611115, 4.40795946121, 3.11397385597, 2.1494243145, 1.62819862366, 1.53857886791, 1.47836709023, 1.43159759045, 1.42943227291, 1.1338160038, 0.675230145454, 0.310469925404, 0.115512631834, 0.0308284573257, 0.00510964309797, 0.000529687735252, 6.09593043919e-05],
        "median": [0.0994076952338, 1.09640717506, 2.33620762825, 3.3621969223, 5.24862861633, 10.3190755844, 14.6078567505, 28.3740653992, 23.0558891296, 24.6156921387, 22.8938846588, 19.0626354218, 10.9484214783, 9.06621932983, 8.49443435669, 6.34410238266, 6.89002609253, 4.53851509094, 4.22262525558, 2.84716129303, 2.28562498093, 1.85148739815, 1.91372835636, 1.22615933418, 1.00850367546, 0.530488967896, 0.259612798691, 0.113386288285, 0.0819029808044, 0.106286913157, 0.130238711834, 0.0979887023568, 0.0705289691687, 0.0330269038677, 0.0216818004847, 0.0113132651895, 0.00276946136728, 0.00037974776933, 5.08374505443e-05, 4.13308189309e-05],
        "min": [4.9172328707e-23, 4.41624681043e-22, 1.29388021566e-21, 4.45223946645e-21, 2.22164508193e-20, 1.49442682302e-20, 6.08787934862e-20, 8.14620068822e-20, 1.25679146859e-19, 1.23149072784e-19, 3.7261136514e-19, 2.58198612095e-19, 6.95351545861e-19, 7.34632026705e-19, 7.12919000915e-19, 1.35580961495e-18, 1.39241287405e-18, 2.13222553293e-18, 2.58066061571e-18, 3.8584546912e-18, 3.56862383945e-18, 4.75172372597e-18, 4.55050377016e-18, 5.68631994492e-18, 7.84203782083e-18, 7.8172207481e-18, 8.83692268514e-18, 9.34856780841e-18, 1.05762419766e-17, 1.04103600037e-17, 1.03777475809e-17, 1.08376963974e-17, 9.50543020387e-18, 8.02622860937e-18, 6.04613523957e-18, 4.40049456607e-18, 2.42620800417e-18, 9.54944345029e-19, 2.52533071134e-19, 2.60128123965e-20],
        "var": [0.249227851629, 10.1794309616, 14.3190774918, 68.4846343994, 106.56187439, 343.996826172, 2231.85009766, 6123.14306641, 3976.26782227, 6420.34033203, 9835.77148438, 12059.0898438, 5685.93603516, 2741.71337891, 1199.56225586, 967.656311035, 394.237792969, 344.186187744, 441.174316406, 379.416564941, 260.205963135, 318.87387085, 579.465881348, 231.887695312, 102.124580383, 72.7267227173, 38.0402069092, 22.9442405701, 19.5628528595, 18.8414726257, 24.745475769, 45.8795051575, 43.4016036987, 17.2257499695, 2.56606030464, 0.213307589293, 0.0119478423148, 0.000264410744421, 1.96075961867e-06, 5.1443542759e-09]
    },
    "gfcc": {
        "mean": [-51.0965156555, 143.177383423, -92.0202178955, 6.90735054016, -52.8454666138, 2.55812978745, -37.2052383423, 11.0473337173, -17.953037262, 0.472680658102, -4.95722532272, -2.41634273529, -10.3173284531],
        "cov": [[18573.7246094, -934.533874512, -321.846984863, 587.564331055, -782.92767334, 320.904449463, -373.093658447, 363.027740479, -314.488952637, 238.571014404, -200.403152466, 147.2293396, -295.308013916], [-934.533874512, 2170.2434082, -423.33883667, -434.788482666, 426.80380249, -246.587783813, 187.620529175, -141.093612671, 158.816650391, -187.057632446, 180.229232788, -115.690116882, 150.769012451], [-321.846984863, -423.33883667, 692.210021973, 98.1111068726, -59.8866386414, 126.698684692, 23.6604137421, 3.951577425, -8.77809333801, 95.3883743286, -33.3616790771, 75.9178085327, -18.7014904022], [587.564331055, -434.788482666, 98.1111068726, 480.287384033, -73.0271987915, 107.525772095, -10.8752174377, 2.7653093338, 59.7248649597, 58.7174987793, -29.248758316, 48.4388465881, 23.3951263428], [-782.92767334, 426.80380249, -59.8866386414, -73.0271987915, 336.30581665, -48.781162262, 48.4126777649, 29.8757820129, 78.2071685791, -25.6609134674, 55.3727874756, 2.888630867, 38.628162384], [320.904449463, -246.587783813, 126.698684692, 107.525772095, -48.781162262, 239.609146118, 68.765625, 11.3766298294, 11.2123575211, 49.8328437805, -30.5795001984, 27.6063518524, 4.05950975418], [-373.093658447, 187.620529175, 23.6604137421, -10.8752174377, 48.4126777649, 68.765625, 217.348464966, -10.2965402603, 42.4145545959, -4.92405796051, 17.1025390625, -6.45064878464, 27.3199596405], [363.027740479, -141.093612671, 3.951577425, 2.7653093338, 29.8757820129, 11.3766298294, -10.2965402603, 193.316955566, -3.27547264099, 7.10363769531, 14.0061616898, 7.92519521713, -31.6318778992], [-314.488952637, 158.816650391, -8.77809333801, 59.7248649597, 78.2071685791, 11.2123575211, 42.4145545959, -3.27547264099, 158.020568848, 26.3486633301, 8.84201717377, 2.14976358414, 47.6186256409], [238.571014404, -187.057632446, 95.3883743286, 58.7174987793, -25.6609134674, 49.8328437805, -4.92405796051, 7.10363769531, 26.3486633301, 118.155563354, 11.8420085907, 22.4082717896, -8.83766269684], [-200.403152466, 180.229232788, -33.3616790771, -29.248758316, 55.3727874756, -30.5795001984, 17.1025390625, 14.0061616898, 8.84201717377, 11.8420085907, 112.243331909, 14.0884380341, 12.5385303497], [147.2293396, -115.690116882, 75.9178085327, 48.4388465881, 2.888630867, 27.6063518524, -6.45064878464, 7.92519521713, 2.14976358414, 22.4082717896, 14.0884380341, 92.2651443481, 21.3529853821], [-295.308013916, 150.769012451, -18.7014904022, 23.3951263428, 38.628162384, 4.05950975418, 27.3199596405, -31.6318778992, 47.6186256409, -8.83766269684, 12.5385303497, 21.3529853821, 95.4876556396]],
        "icov": [[9.19520534808e-05, -0.000176515299245, 0.000111390305392, -0.000172240921529, 0.000242260735831, -0.000128754531033, 0.000137933951919, -0.000268464558758, 0.000232596838032, -0.000337033794494, 0.000321569212247, -0.000346403918229, 0.000294220255455], [-0.000176515299245, 0.00181087537203, -1.50624919115e-05, 0.0011682419572, -0.00131486158352, 0.000657759897877, -0.000871894881129, 0.00147616979666, -0.00149112951476, 0.00205194903538, -0.00229792343453, 0.00187379668932, -0.00163567811251], [0.000111390305392, -1.50624919115e-05, 0.0020664606709, -0.000124098136439, 0.000169150967849, -0.000540769600775, -0.000214457861148, -8.55370089994e-05, 0.000401397875976, -0.00140389124863, 0.000860896834638, -0.00164861942176, 0.00071649660822], [-0.000172240921529, 0.0011682419572, -0.000124098136439, 0.00354614597745, -0.000290617754217, -0.000448345759651, -9.78990719886e-05, 0.000948601868004, -0.00231760414317, 0.00106027210131, -0.00118866097182, 0.000350897578755, -0.00146000657696], [0.000242260735831, -0.00131486158352, 0.000169150967849, -0.000290617754217, 0.00534358434379, -7.70260230638e-05, 0.000231804457144, -0.00201539322734, -0.000979570089839, -0.000599839782808, 0.000379059725674, -0.0020706593059, 0.000883539672941], [-0.000128754531033, 0.000657759897877, -0.000540769600775, -0.000448345759651, -7.70260230638e-05, 0.00670500751585, -0.00282881618477, 1.88053854799e-06, 1.55932593771e-05, -0.00116691063158, 0.000989707768895, -0.000104893821117, -0.00109901279211], [0.000137933951919, -0.000871894881129, -0.000214457861148, -9.78990719886e-05, 0.000231804457144, -0.00282881618477, 0.0065664825961, -0.000400686083594, -0.000558290630579, 0.00022079658811, -0.00029659998836, 0.000231871774304, 8.61941516632e-05], [-0.000268464558758, 0.00147616979666, -8.55370089994e-05, 0.000948601868004, -0.00201539322734, 1.88053854799e-06, -0.000400686083594, 0.00727406749502, -0.00167608633637, 0.00214398582466, -0.00281844241545, 0.000950679241214, 0.00112108467147], [0.000232596838032, -0.00149112951476, 0.000401397875976, -0.00231760414317, -0.000979570089839, 1.55932593771e-05, -0.000558290630579, -0.00167608633637, 0.0113214869052, -0.00517706433311, 0.00308015104383, -5.28385025973e-05, -0.00279740290716], [-0.000337033794494, 0.00205194903538, -0.00140389124863, 0.00106027210131, -0.000599839782808, -0.00116691063158, 0.00022079658811, 0.00214398582466, -0.00517706433311, 0.0147869568318, -0.00572390528396, 0.00118221167941, 0.000559938547667], [0.000321569212247, -0.00229792343453, 0.000860896834638, -0.00118866097182, 0.000379059725674, 0.000989707768895, -0.00029659998836, -0.00281844241545, 0.00308015104383, -0.00572390528396, 0.0144249750301, -0.00471166474745, 0.00113206822425], [-0.000346403918229, 0.00187379668932, -0.00164861942176, 0.000350897578755, -0.0020706593059, -0.000104893821117, 0.000231871774304, 0.000950679241214, -5.28385025973e-05, 0.00118221167941, -0.00471166474745, 0.0168494917452, -0.00636149384081], [0.000294220255455, -0.00163567811251, 0.00071649660822, -0.00146000657696, 0.000883539672941, -0.00109901279211, 8.61941516632e-05, 0.00112108467147, -0.00279740290716, 0.000559938547667, 0.00113206822425, -0.00636149384081, 0.0172199252993]]
    },
    "melbands": {
        "dmean": [0.00128205795772, 0.00109552207869, 0.000623461150099, 0.000405434024287, 0.000361910526408, 0.000450790626928, 0.000286270282231, 0.000264301197603, 0.000217252265429, 0.00016750114446, 7.73428473622e-05, 4.8052315833e-05, 3.21753141179e-05, 2.40229292103e-05, 1.4940787878e-05, 1.42542712638e-05, 9.73812439042e-06, 9.20995989873e-06, 6.77286561768e-06, 5.28131340616e-06, 4.60732098873e-06, 3.81767722502e-06, 4.2190217755e-06, 4.85859436594e-06, 2.12712825487e-06, 1.90696505342e-06, 1.67925566075e-06, 1.20869685816e-06, 1.04269213352e-06, 9.34226591198e-07, 6.8708169465e-07, 6.41808696855e-07, 6.52504638765e-07, 5.25059988377e-07, 5.12991903179e-07, 5.56817155939e-07, 5.87462466228e-07, 5.36848574484e-07, 5.21239826412e-07, 3.39932626048e-07],
        "dmean2": [0.00197277567349, 0.00184849754442, 0.00104937003925, 0.00067434553057, 0.000540218083188, 0.000688918400556, 0.000444401986897, 0.000412336463341, 0.000328474066919, 0.000250596756814, 0.000119397482194, 7.40955147194e-05, 5.11164726049e-05, 3.81749814551e-05, 2.33842147281e-05, 2.16660282604e-05, 1.58329694386e-05, 1.46129777931e-05, 1.05734243334e-05, 8.3308059402e-06, 7.49420405555e-06, 6.19184720563e-06, 6.87532883603e-06, 7.90662215877e-06, 3.39172197528e-06, 3.03899469145e-06, 2.73092609859e-06, 1.93462938114e-06, 1.71541682903e-06, 1.53948747084e-06, 1.10587825475e-06, 1.01578677913e-06, 9.94048264147e-07, 7.94147808847e-07, 7.69792904975e-07, 8.18502201128e-07, 8.60935926994e-07, 7.81342578193e-07, 7.34148841275e-07, 4.71847158678e-07],
        "dvar": [1.17687523016e-05, 4.64440563519e-06, 1.13031410365e-06, 5.43403018582e-07, 4.21164429554e-07, 5.08137532051e-07, 3.5400094589e-07, 3.7166168454e-07, 2.32376223153e-07, 1.50830459233e-07, 5.24002032876e-08, 1.74403478326e-08, 7.06383529447e-09, 2.75808420547e-09, 1.02831021476e-09, 9.34008204112e-10, 5.94782612051e-10, 4.94869700773e-10, 3.05430292169e-10, 2.05808078912e-10, 2.2032681235e-10, 1.3757044115e-10, 1.34441971444e-10, 3.81851134046e-10, 4.38231291533e-11, 2.65524251891e-11, 2.40215521086e-11, 1.60657338127e-11, 1.37813614687e-11, 1.15419479529e-11, 5.57144955171e-12, 4.74266329334e-12, 4.21590496888e-12, 2.86167704117e-12, 3.5344299102e-12, 5.83848941416e-12, 1.17485708662e-11, 1.13579909367e-11, 1.38892369828e-11, 5.42465248068e-12],
        "dvar2": [2.2524223823e-05, 1.24404359667e-05, 2.92322602036e-06, 1.54312692757e-06, 8.84026292169e-07, 1.24317034533e-06, 8.67883557021e-07, 8.85221822955e-07, 5.3667559996e-07, 3.58529376854e-07, 1.28958745904e-07, 4.43661818395e-08, 1.92655384978e-08, 6.82324907686e-09, 2.57090504441e-09, 2.47550713262e-09, 1.57846158366e-09, 1.26018173674e-09, 6.91865842395e-10, 4.90741891568e-10, 6.06199979103e-10, 3.79780179527e-10, 3.77207515223e-10, 1.05689523799e-09, 1.13638813637e-10, 6.57948001637e-11, 6.00514013516e-11, 3.64636862371e-11, 3.65944080594e-11, 3.03013829306e-11, 1.40294468751e-11, 1.19952303299e-11, 9.62873270699e-12, 6.22449704626e-12, 7.44615220177e-12, 1.14887543923e-11, 2.29444813843e-11, 2.24990564374e-11, 2.81133259034e-11, 1.08515184685e-11],
        "max": [0.0470572933555, 0.0341884419322, 0.0163406003267, 0.019155357033, 0.0275215972215, 0.0193155407906, 0.0196065548807, 0.0228947810829, 0.0145428963006, 0.0101140262559, 0.00856926757842, 0.00653774803504, 0.00273437891155, 0.00132107513491, 0.000881939195096, 0.00114097294863, 0.00061137357261, 0.000737661554012, 0.000886997266207, 0.00043497805018, 0.000457806221675, 0.000376897252863, 0.000293400604278, 0.000593141943682, 0.000279786007013, 0.000132228960865, 0.000210783196962, 0.00024388312886, 0.000105958381027, 0.000113902933663, 4.19345888076e-05, 3.50669288309e-05, 4.87818506372e-05, 5.42253292224e-05, 7.22776530893e-05, 0.000121250814118, 0.000166893194546, 0.000154785171617, 0.000141562108183, 0.000109711232653],
        "mean": [0.00241462537088, 0.00212624762207, 0.00109303405043, 0.000872337957844, 0.000956700067036, 0.00113611342385, 0.000657879805658, 0.000542720546946, 0.000432695029303, 0.000346079294104, 0.000155398098286, 9.32334151003e-05, 6.34221651126e-05, 5.14862840646e-05, 3.00574592984e-05, 2.84315447061e-05, 1.8865805032e-05, 1.65491783264e-05, 1.23640420497e-05, 9.51821675699e-06, 8.63929471961e-06, 7.46672003515e-06, 7.60671400712e-06, 8.62983779371e-06, 4.08927644457e-06, 3.26018516716e-06, 2.83428312287e-06, 1.85798546681e-06, 1.32686511733e-06, 1.12687496312e-06, 8.77558591128e-07, 8.39458493829e-07, 9.24023083826e-07, 7.63726518471e-07, 7.81532037308e-07, 8.89869113507e-07, 8.74953343555e-07, 7.89135867763e-07, 7.39690449336e-07, 5.12571830313e-07],
        "median": [0.00123432115652, 0.00160910654813, 0.000685333274305, 0.000576638267376, 0.000565851805732, 0.000597999838647, 0.000337823614245, 0.000267008814262, 0.000159404429724, 0.000104225662653, 4.6679720981e-05, 3.3721440559e-05, 2.40557055804e-05, 2.05928954529e-05, 1.27020166474e-05, 1.36654016387e-05, 6.17388286628e-06, 5.81991480431e-06, 4.51872892882e-06, 3.10957602778e-06, 2.18935156227e-06, 1.72024806488e-06, 1.86543547898e-06, 1.29629154344e-06, 8.46615307637e-07, 7.60809825806e-07, 5.06327069161e-07, 2.84768987058e-07, 1.55336977059e-07, 8.70786749374e-08, 5.17930409671e-08, 4.10817122543e-08, 5.01433703448e-08, 5.63074493698e-08, 7.0089924975e-08, 7.19311827879e-08, 5.25939185536e-08, 5.02036883177e-08, 3.46413706609e-08, 2.33326531429e-08],
        "min": [9.37612067384e-25, 6.62232163854e-25, 1.51718018723e-24, 2.19887167607e-24, 1.64901462171e-24, 1.73249079802e-24, 1.85849180332e-24, 1.44413363956e-24, 2.87675207927e-24, 1.91769029223e-24, 3.43587578408e-24, 2.53997710364e-24, 1.88009554807e-24, 1.60478733228e-24, 3.0281826075e-24, 3.04141101602e-24, 3.12151964373e-24, 3.03305559853e-24, 4.88194775349e-24, 3.42127949075e-24, 2.75080609702e-24, 4.17730721624e-24, 4.00045564534e-24, 3.84423554813e-24, 3.31403069524e-24, 5.52711606711e-24, 4.81913667607e-24, 4.58958485797e-24, 4.89593425734e-24, 3.25811899529e-24, 5.82360273302e-24, 5.27591632804e-24, 6.58379919396e-24, 4.74808515763e-24, 5.41460004733e-24, 4.81512334621e-24, 6.20643416931e-24, 6.17988978871e-24, 7.04665859693e-24, 6.11329809539e-24],
        "var": [1.87717159861e-05, 6.45836053081e-06, 1.73584976437e-06, 9.78065713753e-07, 1.92836773749e-06, 2.40667395701e-06, 9.33619219268e-07, 8.68809422627e-07, 6.44135070615e-07, 4.91203138608e-07, 1.38236302405e-07, 4.93879390717e-08, 1.71165819296e-08, 9.78390612971e-09, 2.91229129701e-09, 2.10022976788e-09, 1.52294121758e-09, 1.22437615602e-09, 7.85233156275e-10, 4.75210371054e-10, 6.11012851426e-10, 4.46000153476e-10, 3.32994465335e-10, 8.67048322029e-10, 1.43821815568e-10, 6.02699834484e-11, 4.89807118476e-11, 3.2201023098e-11, 1.51342167964e-11, 1.21525385241e-11, 6.94399485829e-12, 6.25419074168e-12, 7.23258215471e-12, 5.6108008864e-12, 7.3229660183e-12, 1.31608439424e-11, 2.0232081635e-11, 1.99083822344e-11, 2.29103021276e-11, 1.01818362769e-11]
    },
    "mfcc": {
        "mean": [-700.229614258, 180.190597534, 15.3403158188, 12.6984567642, 6.63191747665, -8.0975561142, -1.9580116272, 2.23762845993, -7.66479301453, 5.74378633499, -0.354132205248, 2.3911857605, 0.957418143749],
        "cov": [[10030.7900391, -563.548034668, 62.5311851501, 304.343261719, -76.2920227051, 24.1264286041, 5.66613912582, 95.8074569702, -60.4316635132, 145.465621948, 41.7595863342, 84.1954193115, 26.7316875458], [-563.548034668, 2460.40014648, -522.665283203, -123.575584412, 100.595718384, -126.59210968, 66.9292373657, 49.1550216675, -61.702545166, 35.7739028931, -20.8907794952, -18.7253913879, 8.33235645294], [62.5311851501, -522.665283203, 665.457214355, 43.8974380493, -62.5462112427, 166.035903931, -0.295000463724, -30.0549221039, 60.8267860413, -44.9178390503, 20.6128139496, 34.7958030701, 20.6816101074], [304.343261719, -123.575584412, 43.8974380493, 265.267181396, 65.7423095703, 32.1397972107, -27.4728145599, 11.1838083267, 32.6501693726, -7.81500434875, 9.4994392395, 44.1730804443, 39.9317131042], [-76.2920227051, 100.595718384, -62.5462112427, 65.7423095703, 235.59979248, -33.6343231201, -26.0665359497, 24.2689590454, 14.9580078125, 14.7078762054, 5.74282836914, 30.841758728, 33.4789466858], [24.1264286041, -126.59210968, 166.035903931, 32.1397972107, -33.6343231201, 295.678955078, 11.6259708405, -20.4054584503, 114.43120575, -50.8232765198, 43.927154541, 30.3364887238, -5.75977563858], [5.66613912582, 66.9292373657, -0.295000463724, -27.4728145599, -26.0665359497, 11.6259708405, 150.69581604, 56.8250350952, -20.9538440704, 34.472694397, 12.9407348633, -2.42818450928, 7.39444875717], [95.8074569702, 49.1550216675, -30.0549221039, 11.1838083267, 24.2689590454, -20.4054584503, 56.8250350952, 133.423034668, 26.3759002686, 20.7996444702, 11.3949565887, 6.60867595673, 10.1582832336], [-60.4316635132, -61.702545166, 60.8267860413, 32.6501693726, 14.9580078125, 114.43120575, -20.9538440704, 26.3759002686, 169.22984314, -9.88688182831, 28.8458595276, 23.243303299, -8.25532531738], [145.465621948, 35.7739028931, -44.9178390503, -7.81500434875, 14.7078762054, -50.8232765198, 34.472694397, 20.7996444702, -9.88688182831, 144.02571106, 21.978313446, -10.5248994827, -1.66279196739], [41.7595863342, -20.8907794952, 20.6128139496, 9.4994392395, 5.74282836914, 43.927154541, 12.9407348633, 11.3949565887, 28.8458595276, 21.978313446, 89.2384719849, 31.6042175293, 7.21364545822], [84.1954193115, -18.7253913879, 34.7958030701, 44.1730804443, 30.841758728, 30.3364887238, -2.42818450928, 6.60867595673, 23.243303299, -10.5248994827, 31.6042175293, 92.9719085693, 35.8734855652], [26.7316875458, 8.33235645294, 20.6816101074, 39.9317131042, 33.4789466858, -5.75977563858, 7.39444875717, 10.1582832336, -8.25532531738, -1.66279196739, 7.21364545822, 35.8734855652, 82.8151779175]],
