{
"lowlevel": {
    "average_loudness": 0.926878273487,
    "barkbands_crest": {
        "dmean": 2.13986587524,
        "dmean2": 3.51105237007,
        "dvar": 4.51873254776,
        "dvar2": 12.0696754456,
        "max": 25.2727642059,
        "mean": 11.4597406387,
        "median": 10.766872406,
        "min": 2.2783036232,
        "var": 17.4256286621
    },
    "barkbands_flatness_db": {
        "dmean": 0.022036768496,
        "dmean2": 0.0315181314945,
        "dvar": 0.000581531727221,
        "dvar2": 0.00118998205289,
        "max": 0.464763462543,
        "mean": 0.190643295646,
        "median": 0.178712517023,
        "min": 0.0274077393115,
        "var": 0.00469897035509
    },
    "barkbands_kurtosis": {
        "dmean": 4.12243270874,
        "dmean2": 6.54954099655,
        "dvar": 46.3085098267,
        "dvar2": 115.413070679,
        "max": 159.618240356,
        "mean": 10.1718835831,
        "median": 6.66336154938,
        "min": -1.9538320303,
        "var": 144.592590332
    },
    "barkbands_skewness": {
        "dmean": 0.520609676838,
        "dmean2": 0.806772172451,
        "dvar": 0.356047332287,
        "dvar2": 0.838444590569,
        "max": 9.36691761017,
        "mean": 2.28749084473,
        "median": 2.12603521347,
        "min": -4.94566249847,
        "var": 1.8884472847
    },
    "barkbands_spread": {
        "dmean": 3.28429985046,
        "dmean2": 5.06014060974,
        "dvar": 42.0913887024,
        "dvar2": 83.1757125854,
        "max": 115.482780457,
        "mean": 12.5147380829,
        "median": 9.20730400085,
        "min": 0.435410231352,
        "var": 166.276535034
    },
    "dissonance": {
        "dmean": 0.0221345163882,
        "dmean2": 0.0368522703648,
        "dvar": 0.000440121453721,
        "dvar2": 0.00115875445772,
        "max": 0.500000119209,
        "mean": 0.442641407251,
        "median": 0.449917286634,
        "min": 0.222052767873,
        "var": 0.00136613287032
    },
    "dynamic_complexity": 3.20447731018,
    "erbbands_crest": {
        "dmean": 2.11717605591,
        "dmean2": 3.32730197906,
        "dvar": 4.62816381454,
        "dvar2": 11.0972251892,
        "max": 32.5497131348,
        "mean": 9.63361930847,
        "median": 8.63819980621,
        "min": 2.38796710968,
        "var": 18.5225925446
    },
    "erbbands_flatness_db": {
        "dmean": 0.0188798364252,
        "dmean2": 0.0250292271376,
        "dvar": 0.00044060498476,
        "dvar2": 0.000811835634522,
        "max": 0.375114887953,
        "mean": 0.169002637267,
        "median": 0.162434086204,
        "min": 0.030905386433,
        "var": 0.00287991180085
    },
    "erbbands_kurtosis": {
        "dmean": 0.985185027122,
        "dmean2": 1.50782823563,
        "dvar": 1.9492688179,
        "dvar2": 4.56845569611,
        "max": 39.0113525391,
        "mean": 1.31114423275,
        "median": 0.593466997147,
        "min": -1.75538957119,
        "var": 7.46720790863
    },
    "erbbands_skewness": {
        "dmean": 0.310748636723,
        "dmean2": 0.469774156809,
        "dvar": 0.106469646096,
        "dvar2": 0.228818133473,
        "max": 4.41520547867,
        "mean": 0.800378680229,
        "median": 0.79103243351,
        "min": -4.93453073502,
        "var": 0.588397800922
    },
    "erbbands_spread": {
        "dmean": 7.21570158005,
        "dmean2": 10.8869876862,
        "dvar": 98.9744186401,
        "dvar2": 217.328796387,
        "max": 138.634109497,
        "mean": 34.9345932007,
        "median": 29.6442394257,
        "min": 2.78073191643,
        "var": 393.455169678
    },
    "hfc": {
        "dmean": 4.75133419037,
        "dmean2": 6.60204267502,
        "dvar": 201.12789917,
        "dvar2": 291.380249023,
        "max": 532.84161377,
        "mean": 17.0186405182,
        "median": 9.79302501678,
        "min": 1.1017893558e-16,
        "var": 860.233398438
    },
    "melbands_crest": {
        "dmean": 2.68072223663,
        "dmean2": 4.4610118866,
        "dvar": 6.86319541931,
        "dvar2": 18.9032993317,
        "max": 39.2917518616,
        "mean": 15.3375272751,
        "median": 14.7872419357,
        "min": 1.49790465832,
        "var": 27.6866836548
    },
    "melbands_flatness_db": {
        "dmean": 0.0252028740942,
        "dmean2": 0.0369984284043,
        "dvar": 0.000816029787529,
        "dvar2": 0.00173332344275,
        "max": 0.604757845402,
        "mean": 0.284897655249,
        "median": 0.276106417179,
        "min": 0.00113837898243,
        "var": 0.00753444107249
    },
    "melbands_kurtosis": {
        "dmean": 8.70484256744,
        "dmean2": 13.8745956421,
        "dvar": 260.729217529,
        "dvar2": 650.797729492,
        "max": 455.3984375,
        "mean": 21.4959983826,
        "median": 13.0279502869,
        "min": -1.93250572681,
        "var": 759.898376465
    },
    "melbands_skewness": {
        "dmean": 0.686782002449,
        "dmean2": 1.06567811966,
        "dvar": 0.660715639591,
        "dvar2": 1.58391141891,
        "max": 17.2669754028,
        "mean": 3.12707805634,
        "median": 2.81204509735,
        "min": -2.37099289894,
        "var": 3.16145658493
    },
    "melbands_spread": {
        "dmean": 3.51579856873,
        "dmean2": 5.38969326019,
        "dvar": 85.4957962036,
        "dvar2": 167.745346069,
        "max": 286.264434814,
        "mean": 13.0754804611,
        "median": 8.14315032959,
        "min": 0.305459916592,
        "var": 389.846130371
    },
    "pitch_salience": {
        "dmean": 0.0650358349085,
        "dmean2": 0.107422269881,
        "dvar": 0.00385266239755,
        "dvar2": 0.0104320636019,
        "max": 0.985352396965,
        "mean": 0.526763498783,
        "median": 0.532900094986,
        "min": 0.0482263118029,
        "var": 0.0137551259249
    },
    "silence_rate_20dB": {
        "dmean": 0,
        "dmean2": 0,
        "dvar": 0,
        "dvar2": 0,
        "max": 1,
        "mean": 1,
        "median": 1,
        "min": 1,
        "var": 0
    },
    "silence_rate_30dB": {
        "dmean": 0.00346270389855,
        "dmean2": 0.00692590745166,
        "dvar": 0.00345030077733,
        "dvar2": 0.00904173962772,
        "max": 1,
        "mean": 0.997619569302,
        "median": 1,
        "min": 0,
        "var": 0.00237463787198
    },
    "silence_rate_60dB": {
        "dmean": 0.0069254077971,
        "dmean2": 0.0138518149033,
        "dvar": 0.00687726447359,
        "dvar2": 0.0152479140088,
        "max": 1,
        "mean": 0.0566976852715,
        "median": 0,
        "min": 0,
        "var": 0.0534825585783
    },
    "spectral_centroid": {
        "dmean": 150.028793335,
        "dmean2": 231.160888672,
        "dvar": 74687.328125,
        "dvar2": 152229.671875,
        "max": 11682.3212891,
        "mean": 819.455688477,
        "median": 585.098205566,
        "min": 146.259033203,
        "var": 1106011.125
    },
    "spectral_complexity": {
        "dmean": 2.27586197853,
        "dmean2": 3.61705493927,
        "dvar": 8.57980728149,
        "dvar2": 19.5204124451,
        "max": 50,
        "mean": 13.7561855316,
        "median": 13,
        "min": 0,
        "var": 47.857963562
    },
    "spectral_decrease": {
        "dmean": 2.23676854816e-09,
        "dmean2": 3.55936458085e-09,
        "dvar": 8.87419048045e-18,
        "dvar2": 2.12992324113e-17,
        "max": 2.48278947665e-28,
        "mean": -9.05180908006e-09,
        "median": -8.55765680541e-09,
        "min": -4.02055206905e-08,
        "var": 2.89300331191e-17
    },
    "spectral_energy": {
        "dmean": 0.00869752652943,
        "dmean2": 0.013786544092,
        "dvar": 0.000131466018502,
        "dvar2": 0.000315740093356,
        "max": 0.15331093967,
        "mean": 0.0357074737549,
        "median": 0.033780541271,
        "min": 1.01195700942e-20,
        "var": 0.000447855331004
    },
    "spectral_energyband_high": {
        "dmean": 0.000335314834956,
        "dmean2": 0.000447070226073,
        "dvar": 2.69282713816e-06,
        "dvar2": 3.72308386432e-06,
        "max": 0.0600357167423,
        "mean": 0.000641317921691,
        "median": 0.000113680383947,
        "min": 7.04499630292e-21,
        "var": 1.02221811176e-05
    },
    "spectral_energyband_low": {
        "dmean": 0.00627043051645,
        "dmean2": 0.0102840587497,
        "dvar": 9.49700697674e-05,
        "dvar2": 0.000234574516071,
        "max": 0.143073022366,
        "mean": 0.0170328579843,
        "median": 0.0147802364081,
        "min": 1.40138457685e-23,
        "var": 0.00019429641543
    },
    "spectral_energyband_middle_high": {
        "dmean": 0.00100764981471,
        "dmean2": 0.00149116420653,
        "dvar": 4.23328992838e-06,
        "dvar2": 9.39201345318e-06,
        "max": 0.0711419731379,
        "mean": 0.0034642459359,
        "median": 0.00130627560429,
        "min": 1.11854518883e-21,
        "var": 2.92859931506e-05
    },
    "spectral_energyband_middle_low": {
        "dmean": 0.00482282834128,
        "dmean2": 0.00766190467402,
        "dvar": 5.08573066327e-05,
        "dvar2": 0.000128818894154,
        "max": 0.106313966215,
        "mean": 0.0161486715078,
        "median": 0.0131605006754,
        "min": 1.72595205619e-22,
        "var": 0.000167389589478
    },
    "spectral_entropy": {
        "dmean": 0.188726618886,
        "dmean2": 0.273135185242,
        "dvar": 0.0510607212782,
        "dvar2": 0.100925773382,
        "max": 9.82593154907,
        "mean": 7.05900192261,
        "median": 7.09173727036,
        "min": 5.17186117172,
        "var": 0.40456494689
    },
    "spectral_flux": {
        "dmean": 0.0211365297437,
        "dmean2": 0.0329634398222,
        "dvar": 0.000692295958288,
        "dvar2": 0.00150018231943,
        "max": 0.308522820473,
        "mean": 0.0711039155722,
        "median": 0.062776260078,
        "min": 6.4368885222e-11,
        "var": 0.00204635388218
    },
    "spectral_kurtosis": {
        "dmean": 3.71051645279,
        "dmean2": 5.95229387283,
        "dvar": 39.9689331055,
        "dvar2": 102.244865417,
        "max": 108.755203247,
        "mean": 9.80393981934,
        "median": 6.30190086365,
        "min": -1.2715600729,
        "var": 121.879432678
    },
    "spectral_rms": {
        "dmean": 0.000697562121786,
        "dmean2": 0.00109154218808,
        "dvar": 6.96708411851e-07,
        "dvar2": 1.59721355431e-06,
        "max": 0.0122299483046,
        "mean": 0.00555929588154,
        "median": 0.00574078597128,
        "min": 3.14209335633e-12,
        "var": 3.93060918213e-06
    },
    "spectral_rolloff": {
        "dmean": 208.163238525,
        "dmean2": 353.73324585,
        "dvar": 563452.8125,
        "dvar2": 1103387.75,
        "max": 20004.3457031,
        "mean": 876.28729248,
        "median": 430.6640625,
        "min": 43.06640625,
        "var": 4169792.75
    },
    "spectral_skewness": {
        "dmean": 0.354211837053,
        "dmean2": 0.557383060455,
        "dvar": 0.205171942711,
        "dvar2": 0.512854337692,
        "max": 8.43915748596,
        "mean": 2.24170351028,
        "median": 2.07355904579,
        "min": -0.34389641881,
        "var": 1.01260626316
    },
    "spectral_spread": {
        "dmean": 673509.5,
        "dmean2": 936875.1875,
        "dvar": 909796573184,
        "dvar2": 1.85790693376e+12,
        "max": 42468152,
        "mean": 4470537,
        "median": 4037828.75,
        "min": 727590,
        "var": 1.36951512433e+13
    },
    "spectral_strongpeak": {
        "dmean": 0.321117192507,
        "dmean2": 0.552298307419,
        "dvar": 0.409090578556,
        "dvar2": 1.02081882954,
        "max": 14.5738792419,
        "mean": 0.72155636549,
        "median": 0.436844438314,
        "min": 0,
        "var": 0.82471626997
    },
    "zerocrossingrate": {
        "dmean": 0.00693752476946,
        "dmean2": 0.00822645239532,
        "dvar": 0.000166329671629,
        "dvar2": 0.000167008402059,
        "max": 0.52685546875,
        "mean": 0.0379074662924,
        "median": 0.02783203125,
        "min": 0.001953125,
        "var": 0.00290946289897
    },
    "barkbands": {
        "dmean": [0.000199434332899, 0.00373132410459, 0.00286671798676, 0.00178131833673, 0.00241607730277, 0.00110366032459, 0.00113586906809, 0.000591650023125, 0.000513572362252, 0.00055885798065, 0.000307517038891, 0.000195180415176, 0.000195354266907, 0.000112979541882, 0.000146731850691, 8.13156220829e-05, 4.82556788484e-05, 8.40972788865e-05, 7.49583123252e-05, 5.16543004778e-05, 4.9900765589e-05, 4.31190273957e-05, 8.16414321889e-05, 0.000105984661786, 6.16743200226e-05, 1.73731368704e-05, 3.32778949996e-06],
        "dmean2": [0.0003380793205, 0.00608247378841, 0.00487498287112, 0.00312693347223, 0.00395195558667, 0.00172567216214, 0.00166203186382, 0.000867476628628, 0.000758636160754, 0.000838451553136, 0.000470936734928, 0.000292805052595, 0.000304620916722, 0.000181437673746, 0.000226725751418, 0.000126755257952, 7.66867451603e-05, 0.000132026412757, 0.000116985611385, 8.45724498504e-05, 8.62711385707e-05, 6.52477392578e-05, 0.000113016933028, 0.000140137999551, 7.97549510025e-05, 2.35827228607e-05, 5.04691524839e-06],
        "dvar": [6.61605099594e-07, 6.27411427558e-05, 1.96189612325e-05, 1.38339482874e-05, 1.61335938174e-05, 3.47975355908e-06, 7.3508508649e-06, 2.24585505748e-06, 1.8144284013e-06, 2.80330482383e-06, 9.38348819091e-07, 2.91227081561e-07, 3.66202101532e-07, 1.33953491854e-07, 2.19507754196e-07, 4.55149482548e-08, 1.38912286118e-08, 8.18631136212e-08, 4.61162485976e-08, 2.35307400231e-08, 5.62317801212e-08, 4.94797127715e-08, 1.8174407046e-07, 4.96879692946e-07, 2.05274730547e-07, 7.63337126841e-09, 8.19774040317e-11],
        "dvar2": [1.58431168984e-06, 0.000154048757395, 5.41719309695e-05, 3.94072449126e-05, 4.5556040277e-05, 8.51410823088e-06, 1.42425114973e-05, 4.98241570313e-06, 3.85346947951e-06, 6.22680363449e-06, 2.1122398266e-06, 6.11702773767e-07, 8.82418817127e-07, 3.28847505671e-07, 5.31538887572e-07, 1.08577829394e-07, 3.38147181367e-08, 1.8773124566e-07, 1.02922555811e-07, 5.92639288755e-08, 1.61334654081e-07, 9.01926284769e-08, 2.85824626189e-07, 7.73900183049e-07, 3.16029513669e-07, 1.18957039774e-08, 1.77341946683e-10],
        "max": [0.0482738465071, 0.140128478408, 0.0733776167035, 0.0570909529924, 0.0951965302229, 0.0463841557503, 0.0843848288059, 0.0524141006172, 0.0416305065155, 0.0531100407243, 0.0521752648056, 0.0260584931821, 0.020298358053, 0.0163558814675, 0.0127689121291, 0.0050767287612, 0.00346178747714, 0.0124591207132, 0.00825932528824, 0.00704604713246, 0.00584432482719, 0.016140928492, 0.0187499150634, 0.0283835045993, 0.0209232568741, 0.00399752426893, 0.000383354170481],
        "mean": [0.00033289095154, 0.00955405179411, 0.00579341081902, 0.00247658765875, 0.00552275963128, 0.0027317435015, 0.00245550950058, 0.00131853937637, 0.00109452730976, 0.00119718443602, 0.000626580440439, 0.000390659610275, 0.000413090281654, 0.000198052846827, 0.000293395773042, 0.000159028873895, 9.28119334276e-05, 0.000186089266208, 0.00016590654559, 9.99440526357e-05, 6.11753712292e-05, 6.78975484334e-05, 0.000146931779454, 0.00018882342556, 0.000108784035547, 2.72931501968e-05, 3.68534392692e-06],
        "median": [4.10195461882e-05, 0.00693547725677, 0.00303530530073, 0.00141735863872, 0.0034193857573, 0.00158579344861, 0.000942726677749, 0.000370131980162, 0.000266040791757, 0.000248061609454, 0.000138265488204, 0.000132819841383, 0.000101751189504, 5.55671140319e-05, 8.13274746179e-05, 4.04260208597e-05, 3.00082028843e-05, 2.78191237157e-05, 3.46727574652e-05, 2.75484471786e-05, 1.1949097825e-05, 9.25121912587e-06, 1.77158672159e-05, 1.43508559631e-05, 7.5024254329e-06, 3.71038527192e-06, 5.09639448865e-07],
        "min": [2.72362239396e-25, 3.5103710748e-24, 1.23841814118e-24, 2.43254529241e-25, 3.6016249266e-24, 9.07347339869e-24, 6.0218525504e-24, 4.97631168941e-24, 1.15815848605e-23, 1.66696233143e-23, 1.30110063428e-23, 1.49199314043e-23, 2.23103448181e-23, 3.3160607499e-23, 5.61902341128e-23, 4.65450495502e-23, 5.77339654845e-23, 9.60590686251e-23, 1.10358523062e-22, 1.38448976373e-22, 2.42997204391e-22, 3.1939054494e-22, 4.03814186581e-22, 6.36503364456e-22, 7.90701412376e-22, 1.32929853044e-21, 1.97310586336e-21],
        "var": [9.94796891973e-07, 0.000112593574158, 5.58954634471e-05, 1.33325193019e-05, 4.0296021325e-05, 1.07363885036e-05, 2.28499629884e-05, 9.12032464839e-06, 6.4762157308e-06, 1.0929171367e-05, 2.53691587204e-06, 9.74994122771e-07, 1.4236172774e-06, 2.60080071257e-07, 7.85953545801e-07, 1.38961027574e-07, 3.47255664224e-08, 2.57000493775e-07, 1.68665820865e-07, 5.53046497487e-08, 4.10881391133e-08, 1.43888442494e-07, 5.82218717682e-07, 1.68185795246e-06, 6.49906098715e-07, 2.20787459426e-08, 1.2250418735e-10]
    },
    "erbbands": {
        "dmean": [0.0926553457975, 0.930758297443, 3.00544834137, 4.74613189697, 6.41303443909, 9.39844799042, 8.0229473114, 10.2693462372, 15.8849573135, 13.2536611557, 11.2310848236, 13.0372343063, 15.5328598022, 14.452542305, 11.4489374161, 8.02481174469, 9.05189323425, 5.78776168823, 6.8801908493, 5.1037774086, 3.98432946205, 2.41654276848, 4.43190908432, 4.10495615005, 3.52033925056, 2.42628788948, 2.41353797913, 1.4815582037, 1.47834122181, 1.57751238346, 2.61888170242, 2.42204093933, 1.70380294323, 0.956601083279, 0.294845849276, 0.107513837516, 0.0258308257908, 0.00444880081341, 0.000593276403379, 3.54796648026e-05],
        "dmean2": [0.151268094778, 1.5276376009, 5.09742546082, 8.26336669922, 10.8998174667, 15.3030643463, 12.4617881775, 16.1825275421, 23.1158237457, 19.7708206177, 16.4634284973, 19.0629329681, 23.2292709351, 22.1452217102, 17.3081569672, 12.0862207413, 14.0613336563, 9.17267608643, 10.9030208588, 7.75300121307, 6.17272138596, 3.79421067238, 6.89644956589, 6.31394195557, 5.60909986496, 3.98682379723, 4.16911935806, 2.50130963326, 2.26339292526, 2.17369675636, 3.66753482819, 3.34226894379, 2.26677441597, 1.25883674622, 0.389007985592, 0.144930586219, 0.0350280217826, 0.006434133742, 0.000897351594176, 5.28068740095e-05],
        "dvar": [0.0613772161305, 3.44594168663, 21.2374858856, 70.1842498779, 162.133148193, 312.811889648, 209.994537354, 321.665679932, 1596.85168457, 1020.77056885, 921.001281738, 1323.31091309, 2990.89819336, 1758.49633789, 1675.20214844, 470.856018066, 810.020874023, 262.654083252, 506.007141113, 196.690048218, 124.401130676, 38.2827606201, 247.820709229, 153.311584473, 109.802131653, 56.7087593079, 120.022453308, 43.5043563843, 48.6265182495, 91.5246658325, 198.44329834, 228.365097046, 141.384048462, 52.3973236084, 4.29174852371, 0.385733664036, 0.0145646156743, 0.000228726057685, 2.65304356617e-06, 6.47802522735e-09],
        "dvar2": [0.154920548201, 8.6518945694, 58.7488594055, 198.375671387, 459.489471436, 898.891052246, 528.095703125, 787.90838623, 3153.16870117, 2155.31689453, 2022.4185791, 2767.96972656, 6492.40185547, 4318.14355469, 3586.10888672, 1061.59472656, 1918.52099609, 640.11114502, 1269.90710449, 432.146392822, 301.326965332, 92.9291000366, 589.821838379, 331.029907227, 258.84564209, 144.61151123, 342.692077637, 121.935920715, 94.4522094727, 142.253723145, 321.862487793, 406.79119873, 216.195037842, 81.6042022705, 6.91638803482, 0.63424962759, 0.0214553773403, 0.000411810615333, 5.71788859816e-06, 1.36974520615e-08],
        "max": [4.55965566635, 31.9669818878, 73.546081543, 112.755271912, 216.045730591, 528.37512207, 311.358734131, 446.010620117, 1236.66271973, 1421.76525879, 980.185302734, 1228.97021484, 1776.14538574, 2011.9642334, 2525.80786133, 988.735290527, 929.297607422, 591.239196777, 801.558837891, 485.334228516, 328.263336182, 178.968353271, 599.788208008, 467.404418945, 570.970031738, 331.248779297, 236.686203003, 198.640106201, 447.582489014, 712.37512207, 652.250671387, 553.477966309, 483.672790527, 343.82611084, 93.608795166, 26.3327350616, 6.5010137558, 0.962501347065, 0.0788428038359, 0.0027385391295],
        "mean": [0.219078600407, 2.33859562874, 6.68731117249, 7.93425559998, 11.3756628036, 20.621339798, 20.3833885193, 25.3082847595, 35.9071235657, 30.45753479, 26.8261566162, 29.5119094849, 34.2473487854, 31.5441818237, 25.7143287659, 17.6264781952, 20.0197982788, 12.0874643326, 13.6702861786, 10.9798755646, 8.40022563934, 5.10892438889, 9.81675338745, 9.63156414032, 7.81679487228, 4.68868303299, 3.04374027252, 1.96176230907, 2.23998641968, 2.84105968475, 4.66647577286, 4.24287843704, 2.93290734291, 1.66399168968, 0.520986557007, 0.176761865616, 0.0385751128197, 0.00583881186321, 0.000680648023263, 7.19719537301e-05],
        "median": [0.0856359601021, 1.6536283493, 4.38831090927, 5.21435070038, 6.91321516037, 11.2602701187, 11.6458969116, 14.2615098953, 13.567732811, 12.8355360031, 7.89131546021, 8.10655879974, 6.04716444016, 8.52040958405, 6.23054838181, 6.28064966202, 5.33076620102, 3.90182971954, 4.31627941132, 3.23120331764, 2.50200724602, 1.60683476925, 1.69164276123, 1.6119453907, 1.91403591633, 1.33535671234, 0.747610807419, 0.375825881958, 0.317344725132, 0.362248778343, 0.533041238785, 0.409571796656, 0.198194131255, 0.101207047701, 0.0435598865151, 0.0209982786328, 0.00517154904082, 0.000805671501439, 0.000109843698738, 4.690993228e-05],
        "min": [7.75277793284e-23, 8.25149264168e-22, 1.62332034366e-21, 4.62321260996e-21, 8.89049683404e-21, 8.33734726438e-21, 1.70105686315e-20, 9.6683610031e-20, 1.50480180048e-19, 1.68436565086e-19, 1.66349653024e-19, 3.10360130384e-19, 5.62781635532e-19, 7.78879365237e-19, 5.74703531207e-19, 7.93489029216e-19, 1.3174126147e-18, 2.04188789746e-18, 2.74728456958e-18, 3.73187124206e-18, 3.27603434036e-18, 3.83689009263e-18, 5.64567187603e-18, 5.78730174051e-18, 7.70657210628e-18, 7.56244581071e-18, 7.62471844876e-18, 8.16035263698e-18, 1.01367071504e-17, 1.11807265431e-17, 9.38257072185e-18, 1.12750160339e-17, 1.13022914875e-17, 6.994713706e-18, 6.0792170874e-18, 4.21233372418e-18, 2.37548446183e-18, 9.41494595064e-19, 2.47939607945e-19, 2.8168162345e-20],
        "var": [0.10038331151, 6.32927083969, 53.2575111389, 84.7036437988, 206.377120972, 778.379333496, 632.378112793, 1038.52819824, 5044.74804688, 3973.12792969, 3659.29370117, 4811.36425781, 11475.5078125, 6158.74121094, 4597.18652344, 1560.28796387, 2968.8125, 730.756347656, 1527.48937988, 688.269775391, 408.279327393, 104.821350098, 777.242858887, 510.041809082, 355.469329834, 131.062988281, 87.9429397583, 39.6821479797, 128.52116394, 313.325408936, 609.388427734, 704.239868164, 454.96661377, 166.344070435, 12.7325773239, 1.10764575005, 0.0404481478035, 0.000513493141625, 4.10203620049e-06, 1.09906901358e-08]
    },
    "gfcc": {
        "mean": [-37.3812675476, 128.829833984, -87.8205566406, 23.9512138367, -49.8742790222, 10.9842596054, -33.4651985168, 4.3061337471, -20.487405777, -2.00817155838, -7.04344367981, -4.04418802261, -10.1433324814],
        "cov": [[18042.09375, -1010.04083252, -966.950805664, 292.240234375, -1175.9375, 460.050811768, -611.598754883, 621.843933105, -591.541748047, 65.4942626953, -61.418384552, 40.6342391968, -386.938537598], [-1010.04083252, 2241.32543945, -415.488372803, -350.397491455, 500.912628174, -353.064849854, 201.718048096, -260.064849854, 176.13911438, -141.10975647, 114.376922607, -143.850952148, 158.714385986], [-966.950805664, -415.488372803, 744.574401855, 72.3056488037, 20.7400989532, 165.116439819, -29.2609825134, -34.9317855835, 7.63895130157, 73.7870254517, -41.3086051941, 77.9068832397, -23.0820026398], [292.240234375, -350.397491455, 72.3056488037, 439.406402588, -92.5914459229, 87.5394439697, 0.380626618862, -8.72330188751, 27.8099250793, 44.759311676, -21.4053554535, 31.8716163635, 47.4718971252], [-1175.9375, 500.912628174, 20.7400989532, -92.5914459229, 358.798339844, -91.4162902832, 89.8538894653, -43.0009651184, 94.1270217896, -12.8037004471, 35.8307495117, -15.8382024765, 61.9085731506], [460.050811768, -353.064849854, 165.116439819, 87.5394439697, -91.4162902832, 243.304412842, 26.5736923218, 45.6552734375, -35.0477218628, 36.8583717346, -5.18888378143, 35.5737304688, -25.5780620575], [-611.598754883, 201.718048096, -29.2609825134, 0.380626618862, 89.8538894653, 26.5736923218, 210.596237183, -21.7717838287, 28.0531539917, 1.26845932007, 24.2228794098, -20.0480289459, 36.7127876282], [621.843933105, -260.064849854, -34.9317855835, -8.72330188751, -43.0009651184, 45.6552734375, -21.7717838287, 210.643600464, -12.8595046997, 2.28673028946, 17.5709457397, 8.03460216522, -50.2722396851], [-591.541748047, 176.13911438, 7.63895130157, 27.8099250793, 94.1270217896, -35.0477218628, 28.0531539917, -12.8595046997, 166.258102417, 29.5981121063, 5.05949020386, 3.83889603615, 45.073261261], [65.4942626953, -141.10975647, 73.7870254517, 44.759311676, -12.8037004471, 36.8583717346, 1.26845932007, 2.28673028946, 29.5981121063, 100.481201172, 10.1668186188, 21.0512714386, 0.135522067547], [-61.418384552, 114.376922607, -41.3086051941, -21.4053554535, 35.8307495117, -5.18888378143, 24.2228794098, 17.5709457397, 5.05949020386, 10.1668186188, 102.784332275, 17.5253543854, 5.13454389572], [40.6342391968, -143.850952148, 77.9068832397, 31.8716163635, -15.8382024765, 35.5737304688, -20.0480289459, 8.03460216522, 3.83889603615, 21.0512714386, 17.5253543854, 98.2004165649, 13.5437088013], [-386.938537598, 158.714385986, -23.0820026398, 47.4718971252, 61.9085731506, -25.5780620575, 36.7127876282, -50.2722396851, 45.073261261, 0.135522067547, 5.13454389572, 13.5437088013, 114.323318481]],
        "icov": [[0.000128758125356, -0.000219679655856, 0.000204167343327, -0.000156620997586, 0.000256005412666, -0.000328039226588, 0.000361093116226, -0.000404276070185, 0.000421536329668, -0.000422620709287, 0.000298955943435, -0.000224571675062, 0.000188755366253], [-0.000219679655856, 0.00179183657747, 2.85745372821e-05, 0.000931787595619, -0.00132818066049, 0.000972973881289, -0.000965434126556, 0.00208181934431, -0.0016491493443, 0.00201439345255, -0.00187284837011, 0.00154769991059, -0.000901292194612], [0.000204167343327, 2.85745372821e-05, 0.00249272072688, -0.000151936765178, -0.000747676531319, -0.00187440088484, 0.00102259917185, 0.00042849034071, 0.000445055164164, -0.00125933741219, 0.00119297986384, -0.00133620004635, 0.000994020840153], [-0.000156620997586, 0.000931787595619, -0.000151936765178, 0.00347324856557, 0.000227036463912, -0.000203268151381, -0.000602493004408, 0.00115691765677, -0.0015803539427, 0.000443160155555, -0.000587422866374, 0.000690056476742, -0.00219563534483], [0.000256005412666, -0.00132818066049, -0.000747676531319, 0.000227036463912, 0.00597203476354, 0.000683144840878, -0.000726659432985, -0.00172814039979, -0.000554723781534, -0.000753550441004, 3.17879494105e-05, -0.000526864721905, -0.000861981476191], [-0.000328039226588, 0.000972973881289, -0.00187440088484, -0.000203268151381, 0.000683144840878, 0.00799875613302, -0.0032903465908, -3.12900228892e-05, -0.000236929234234, 0.000471193547128, -0.00111963623203, -0.000217434251681, -0.000123661826365], [0.000361093116226, -0.000965434126556, 0.00102259917185, -0.000602493004408, -0.000726659432985, -0.0032903465908, 0.00755843427032, -0.00088292080909, 0.0011874937918, -0.00157275621314, 1.2132255506e-05, 0.000897488847841, -0.000712245586328], [-0.000404276070185, 0.00208181934431, 0.00042849034071, 0.00115691765677, -0.00172814039979, -3.12900228892e-05, -0.00088292080909, 0.00855630636215, -0.00291814585216, 0.00289284065366, -0.00322278123349, 0.00122013303917, 0.0014697869774], [0.000421536329668, -0.0016491493443, 0.000445055164164, -0.0015803539427, -0.000554723781534, -0.000236929234234, 0.0011874937918, -0.00291814585216, 0.0104963770136, -0.00517231831327, 0.00265369005501, -0.00158754212316, -0.00101814453956], [-0.000422620709287, 0.00201439345255, -0.00125933741219, 0.000443160155555, -0.000753550441004, 0.000471193547128, -0.00157275621314, 0.00289284065366, -0.00517231831327, 0.0152344042435, -0.00412766588852, 0.000840913678985, -0.000267667463049], [0.000298955943435, -0.00187284837011, 0.00119297986384, -0.000587422866374, 3.17879494105e-05, -0.00111963623203, 1.2132255506e-05, -0.00322278123349, 0.00265369005501, -0.00412766588852, 0.0138633055612, -0.00482046650723, 0.0013149920851], [-0.000224571675062, 0.00154769991059, -0.00133620004635, 0.000690056476742, -0.000526864721905, -0.000217434251681, 0.000897488847841, 0.00122013303917, -0.00158754212316, 0.000840913678985, -0.00482046650723, 0.0147344470024, -0.00388423958793], [0.000188755366253, -0.000901292194612, 0.000994020840153, -0.00219563534483, -0.000861981476191, -0.000123661826365, -0.000712245586328, 0.0014697869774, -0.00101814453956, -0.000267667463049, 0.0013149920851, -0.00388423958793, 0.013866648078]]
    },
    "melbands": {
        "dmean": [0.000927263579797, 0.00140976801049, 0.0008146011387, 0.000584514229558, 0.000300372572383, 0.000222791772103, 0.0002454892674, 0.000139061696245, 8.87481073732e-05, 8.29179916764e-05, 7.73968713474e-05, 6.06023713772e-05, 3.80754536309e-05, 2.64878162852e-05, 2.07061457331e-05, 1.68724927789e-05, 1.17257368402e-05, 1.05330827864e-05, 1.06555316961e-05, 6.34729985904e-06, 4.33511149822e-06, 2.56644761976e-06, 3.38932045452e-06, 4.26361202699e-06, 3.4902002426e-06, 2.99095313494e-06, 2.18802210838e-06, 1.54718611611e-06, 1.52235554651e-06, 1.27163275465e-06, 8.14266797988e-07, 8.29825182791e-07, 9.33247520152e-07, 9.00581426322e-07, 1.46321031025e-06, 1.74020624399e-06, 1.53276812398e-06, 1.27283499296e-06, 1.1036182741e-06, 7.4613558354e-07],
        "dmean2": [0.00150118209422, 0.00235924636945, 0.00141485023778, 0.00096875015879, 0.000470944069093, 0.000349987763911, 0.000357177224942, 0.000207664459595, 0.000130393309519, 0.000121863347886, 0.000116143753985, 9.29809320951e-05, 5.78425861022e-05, 3.98479678552e-05, 3.18993843393e-05, 2.64593472821e-05, 1.88410667761e-05, 1.68174774444e-05, 1.6376894564e-05, 9.88130250335e-06, 6.79195500197e-06, 4.09662516176e-06, 5.36210973223e-06, 6.66892174195e-06, 5.42800717085e-06, 4.79646632812e-06, 3.54422309101e-06, 2.56709654423e-06, 2.63271431322e-06, 2.23044230552e-06, 1.37182678372e-06, 1.30212868044e-06, 1.38476173106e-06, 1.28928797949e-06, 2.07502671401e-06, 2.53803546002e-06, 2.16050466406e-06, 1.76660512352e-06, 1.49549600792e-06, 9.8914301816e-07],
        "dvar": [4.82484574604e-06, 4.61235913463e-06, 2.16835292122e-06, 1.03515412775e-06, 2.73296421938e-07, 1.53384362989e-07, 3.57209358981e-07, 1.12636328709e-07, 5.53727055319e-08, 5.41023972289e-08, 7.3866367245e-08, 3.35589263045e-08, 1.62776476742e-08, 5.23742516023e-09, 4.12289535845e-09, 2.42247022442e-09, 1.22371823785e-09, 1.28953481227e-09, 1.37627309549e-09, 2.54691767676e-10, 1.46459511186e-10, 4.3780045561e-11, 1.19323953496e-10, 2.48231879496e-10, 1.14168362264e-10, 8.56948401129e-11, 3.65314063722e-11, 2.66408579225e-11, 4.3272170569e-11, 3.81553365292e-11, 1.29386969888e-11, 1.18999836027e-11, 3.72222148937e-11, 3.09431612278e-11, 7.22544593601e-11, 8.45971973029e-11, 1.10209202875e-10, 7.89898563225e-11, 6.92150087245e-11, 3.40741636295e-11],
        "dvar2": [1.17817489809e-05, 1.23779136629e-05, 6.12162239122e-06, 2.92378240374e-06, 7.19478634892e-07, 3.72007320948e-07, 6.91538218689e-07, 2.4290619649e-07, 1.21825308952e-07, 1.13339964969e-07, 1.59886923257e-07, 8.23801826755e-08, 3.53771767436e-08, 1.11429176997e-08, 9.93495685719e-09, 5.81225778618e-09, 2.9825690806e-09, 3.22276050291e-09, 3.22033111289e-09, 5.84239379098e-10, 3.53593709868e-10, 1.08953492062e-10, 2.85867135519e-10, 5.66518887357e-10, 2.52191850736e-10, 1.98526806106e-10, 8.81740860881e-11, 6.94436938509e-11, 1.22579918438e-10, 1.09943401605e-10, 3.60002479216e-11, 2.55427987789e-11, 7.0807450181e-11, 5.33871176434e-11, 1.255400367e-10, 1.59619290008e-10, 2.08396563894e-10, 1.36112732196e-10, 1.10893197403e-10, 5.57004928292e-11],
        "max": [0.0394757352769, 0.0300242714584, 0.0204166956246, 0.021529218182, 0.0135027300566, 0.0115551296622, 0.0178404264152, 0.0144376140088, 0.00708319619298, 0.00826651789248, 0.00909580010921, 0.0088012367487, 0.00723801041022, 0.00394649757072, 0.00218097981997, 0.00188532983884, 0.00124926143326, 0.00178625585977, 0.0011310710106, 0.000477100431453, 0.000348507397575, 0.00019398627046, 0.000387108331779, 0.000867438793648, 0.000409834319726, 0.000387558655348, 0.000268021423835, 0.000258718326222, 0.000138012357638, 0.000136630391353, 0.000124206097098, 0.000208516561543, 0.000452771055279, 0.00036994976108, 0.000419643038185, 0.000333753967425, 0.000406212784583, 0.000340992584825, 0.000385952880606, 0.000300289451843],
        "mean": [0.00234118662775, 0.00348212127574, 0.00146096304525, 0.00118198106065, 0.000790901307482, 0.000542202615179, 0.00055236776825, 0.000318306469126, 0.000205156204174, 0.000182245261385, 0.000166217025253, 0.000126826722408, 8.18195039756e-05, 5.54334255867e-05, 4.50353181805e-05, 3.52643146471e-05, 2.1412206479e-05, 1.91676026589e-05, 2.1171361368e-05, 1.24512071125e-05, 8.64047342475e-06, 4.85960435981e-06, 6.95262087902e-06, 9.37264849199e-06, 7.62198305893e-06, 6.24976883046e-06, 4.69309725304e-06, 2.63543188339e-06, 1.86424529147e-06, 1.50728465087e-06, 1.04238108634e-06, 1.1716622339e-06, 1.48433809954e-06, 1.57740339546e-06, 2.57494889411e-06, 2.86173349195e-06, 2.57046394836e-06, 2.07465313906e-06, 1.85309920653e-06, 1.25600513456e-06],
        "median": [0.00145466160029, 0.00273511605337, 0.00104553462006, 0.000734764966182, 0.000462109455839, 0.000301190040773, 0.000213533086935, 0.0001317045826, 5.38109270565e-05, 4.57807836938e-05, 2.79247833532e-05, 3.23460844811e-05, 1.91776180145e-05, 1.88854610315e-05, 1.26653712869e-05, 1.03233678601e-05, 5.93007052885e-06, 5.72473891225e-06, 5.2927307479e-06, 3.43336569131e-06, 2.57642523138e-06, 1.56330770551e-06, 1.36438688969e-06, 1.29302111418e-06, 1.21402513287e-06, 1.24491975839e-06, 1.19098342566e-06, 7.00214854987e-07, 4.51648219268e-07, 2.53786367921e-07, 1.78455550781e-07, 1.70364316432e-07, 1.55986469963e-07, 1.90585964788e-07, 2.85883004381e-07, 2.95680166573e-07, 1.92900984075e-07, 1.28081723005e-07, 9.83534320653e-08, 7.32320586394e-08],
        "min": [1.10391341254e-24, 8.85070381222e-25, 1.23512306918e-24, 7.86329154753e-25, 8.61754808307e-25, 2.1171794101e-24, 2.23845967453e-24, 1.29593862434e-24, 1.71554014932e-24, 1.46679386628e-24, 2.54738253539e-24, 2.30213554072e-24, 1.8170986939e-24, 1.33624517647e-24, 2.25310724381e-24, 2.60403911725e-24, 3.92532256057e-24, 3.29623379601e-24, 4.38691939167e-24, 3.99489890912e-24, 3.33497692443e-24, 3.51669142838e-24, 3.54602837658e-24, 4.58132863973e-24, 4.53371772866e-24, 4.30843995894e-24, 4.46923387168e-24, 4.23875869189e-24, 4.28901307586e-24, 4.55429910968e-24, 4.66120041196e-24, 5.41729874049e-24, 5.30323615891e-24, 4.67963451359e-24, 4.60754051546e-24, 5.78457502302e-24, 6.56792731254e-24, 7.13503468414e-24, 5.8885011364e-24, 5.91019402243e-24],
        "var": [8.13694168755e-06, 1.0020062291e-05, 2.49606091529e-06, 2.03189824788e-06, 9.23689185583e-07, 4.7871407105e-07, 1.15027035008e-06, 4.64187650095e-07, 2.14180403191e-07, 1.9706332921e-07, 2.82403362917e-07, 1.18488138412e-07, 4.52466721867e-08, 1.67011613428e-08, 1.72741696502e-08, 7.88466802959e-09, 3.00014746379e-09, 2.98441715785e-09, 4.76381956105e-09, 7.51894158046e-10, 4.63662774841e-10, 9.77990605167e-11, 3.45382472622e-10, 7.14443226801e-10, 3.56559587411e-10, 2.80081652315e-10, 1.28505525665e-10, 4.74987896237e-11, 3.29346099004e-11, 2.71196017032e-11, 1.23354295528e-11, 2.63929919586e-11, 1.0388409577e-10, 9.56495924131e-11, 2.00012409413e-10, 2.35123032155e-10, 3.10988929053e-10, 2.29461782908e-10, 2.09624761993e-10, 9.983448096e-11]
    },
    "mfcc": {
        "mean": [-684.577514648, 160.611175537, 21.1016845703, 20.794462204, 9.99009132385, 4.82925271988, 3.98426818848, 3.42248296738, -6.82328224182, 6.44121837616, -4.24675607681, 0.0993166044354, 1.46624910831],
        "cov": [[9027.23242188, -1029.85888672, -47.4568710327, -184.255950928, -247.340560913, -378.793579102, 74.1550827026, 261.819946289, -338.284729004, 263.974090576, -15.0485343933, -93.8576049805, -83.0315856934], [-1029.85888672, 2303.703125, -493.253448486, -34.2935333252, 149.905838013, -41.4296264648, 34.8326644897, -82.0725708008, 29.9314441681, -42.9696502686, -33.1271743774, 12.9605674744, 70.6737747192], [-47.4568710327, -493.253448486, 640.085205078, 11.4317932129, 28.7999954224, 165.477371216, -2.03371477127, -0.844769895077, 19.1356906891, -40.5069160461, 21.1729660034, 26.3377666473, -12.6643438339], [-184.255950928, -34.2935333252, 11.4317932129, 279.785919189, 33.6221618652, 69.0511703491, -28.7987442017, -28.2324333191, 66.3171920776, -22.449590683, -10.241476059, 32.9025421143, 4.19573879242], [-247.340560913, 149.905838013, 28.7999954224, 33.6221618652, 211.178115845, -12.5371990204, -29.1496925354, -2.5021982193, 19.3492622375, 5.82300043106, -1.18244683743, 11.2172737122, 28.3979148865], [-378.793579102, -41.4296264648, 165.477371216, 69.0511703491, -12.5371990204, 267.304870605, 23.4794483185, -38.6628952026, 74.7601394653, -50.4945068359, 11.1452035904, 36.9912872314, -15.5481071472], [74.1550827026, 34.8326644897, -2.03371477127, -28.7987442017, -29.1496925354, 23.4794483185, 175.4949646, 49.7238273621, -25.3395442963, 27.7538871765, 14.5283279419, -13.638833046, -11.3294010162], [261.819946289, -82.0725708008, -0.844769895077, -28.2324333191, -2.5021982193, -38.6628952026, 49.7238273621, 139.880523682, -23.1888484955, 48.4665145874, 12.231593132, -17.5591926575, 0.648056507111], [-338.284729004, 29.9314441681, 19.1356906891, 66.3171920776, 19.3492622375, 74.7601394653, -25.3395442963, -23.1888484955, 156.663696289, -8.71049594879, -1.14175510406, 32.0838165283, -3.72526025772], [263.974090576, -42.9696502686, -40.5069160461, -22.449590683, 5.82300043106, -50.4945068359, 27.7538871765, 48.4665145874, -8.71049594879, 124.019371033, 31.6726608276, -12.986374855, -1.34191608429], [-15.0485343933, -33.1271743774, 21.1729660034, -10.241476059, -1.18244683743, 11.1452035904, 14.5283279419, 12.231593132, -1.14175510406, 31.6726608276, 84.3522186279, 23.9944858551, 2.25875711441], [-93.8576049805, 12.9605674744, 26.3377666473, 32.9025421143, 11.2172737122, 36.9912872314, -13.638833046, -17.5591926575, 32.0838165283, -12.986374855, 23.9944858551, 88.0063552856, 28.4224910736], [-83.0315856934, 70.6737747192, -12.6643438339, 4.19573879242, 28.3979148865, -15.5481071472, -11.3294010162, 0.648056507111, -3.72526025772, -1.34191608429, 2.25875711441, 28.4224910736, 83.7103118896]],
