{
"lowlevel": {
    "average_loudness": 0.799142122269,
    "barkbands_crest": {
        "dmean": 2.53012943268,
        "dmean2": 4.00458097458,
        "dvar": 5.49264192581,
        "dvar2": 13.8411569595,
        "max": 24.0420303345,
        "mean": 11.5003356934,
        "median": 11.1230201721,
        "min": 2.54929900169,
        "var": 14.6097831726
    },
    "barkbands_flatness_db": {
        "dmean": 0.0271815229207,
        "dmean2": 0.0417265221477,
        "dvar": 0.000810122524854,
        "dvar2": 0.00171852123458,
        "max": 0.693892836571,
        "mean": 0.249381497502,
        "median": 0.221025049686,
        "min": 0.0285391565412,
        "var": 0.0139433275908
    },
    "barkbands_kurtosis": {
        "dmean": 4.48406410217,
        "dmean2": 6.93330955505,
        "dvar": 55.7411003113,
        "dvar2": 138.358764648,
        "max": 118.442138672,
        "mean": 8.81126117706,
        "median": 4.81008625031,
        "min": -1.86447370052,
        "var": 135.849334717
    },
    "barkbands_skewness": {
        "dmean": 0.581921756268,
        "dmean2": 0.856601655483,
        "dvar": 0.389483243227,
        "dvar2": 0.882474780083,
        "max": 9.61887454987,
        "mean": 2.17355370522,
        "median": 1.95313405991,
        "min": -1.85816419125,
        "var": 1.86797821522
    },
    "barkbands_spread": {
        "dmean": 3.15573549271,
        "dmean2": 4.8614616394,
        "dvar": 27.473739624,
        "dvar2": 54.6885414124,
        "max": 94.9548110962,
        "mean": 10.8108778,
        "median": 8.9240064621,
        "min": 0.373841196299,
        "var": 72.0087814331
    },
    "dissonance": {
        "dmean": 0.0283832475543,
        "dmean2": 0.0465526469052,
        "dvar": 0.000810303608887,
        "dvar2": 0.00207501300611,
        "max": 0.500000059605,
        "mean": 0.431021302938,
        "median": 0.44888240099,
        "min": 0.109270066023,
        "var": 0.00331545458175
    },
    "dynamic_complexity": 4.58350992203,
    "erbbands_crest": {
        "dmean": 2.41687059402,
        "dmean2": 3.54461932182,
        "dvar": 5.54874038696,
        "dvar2": 10.9085206985,
        "max": 32.8256607056,
        "mean": 11.5980014801,
        "median": 10.1718473434,
        "min": 2.39989614487,
        "var": 37.1929626465
    },
    "erbbands_flatness_db": {
        "dmean": 0.0184055771679,
        "dmean2": 0.0254513956606,
        "dvar": 0.000431959080743,
        "dvar2": 0.000752568419557,
        "max": 0.541880071163,
        "mean": 0.218648925424,
        "median": 0.182658493519,
        "min": 0.0469371005893,
        "var": 0.0124859064817
    },
    "erbbands_kurtosis": {
        "dmean": 1.32055997849,
        "dmean2": 1.89960956573,
        "dvar": 5.353972435,
        "dvar2": 9.85457038879,
        "max": 118.89276123,
        "mean": 2.04145145416,
        "median": 0.645329117775,
        "min": -1.73165488243,
        "var": 23.8964443207
    },
    "erbbands_skewness": {
        "dmean": 0.349946528673,
        "dmean2": 0.504206717014,
        "dvar": 0.123504780233,
        "dvar2": 0.240063637495,
        "max": 9.30405712128,
        "mean": 0.751494824886,
        "median": 0.680154442787,
        "min": -4.19924592972,
        "var": 0.875563561916
    },
    "erbbands_spread": {
        "dmean": 7.41667556763,
        "dmean2": 10.3655042648,
        "dvar": 104.544532776,
        "dvar2": 184.256118774,
        "max": 115.185173035,
        "mean": 31.6064815521,
        "median": 23.8741512299,
        "min": 1.34889161587,
        "var": 551.49206543
    },
    "hfc": {
        "dmean": 3.68360996246,
        "dmean2": 5.29617500305,
        "dvar": 98.4061660767,
        "dvar2": 206.855499268,
        "max": 100.514572144,
        "mean": 8.50787067413,
        "median": 3.55621671677,
        "min": 1.08894496142e-16,
        "var": 225.772888184
    },
    "melbands_crest": {
        "dmean": 3.81873464584,
        "dmean2": 6.04307365417,
        "dvar": 11.9846906662,
        "dvar2": 31.3090896606,
        "max": 36.9153747559,
        "mean": 18.7582874298,
        "median": 17.8375473022,
        "min": 2.51857495308,
        "var": 45.8678092957
    },
    "melbands_flatness_db": {
        "dmean": 0.0296559017152,
        "dmean2": 0.0461808368564,
        "dvar": 0.00100338004995,
        "dvar2": 0.00213900045492,
        "max": 0.870929718018,
        "mean": 0.343562752008,
        "median": 0.304511904716,
        "min": 0.00950186513364,
        "var": 0.0203387476504
    },
    "melbands_kurtosis": {
        "dmean": 9.71040058136,
        "dmean2": 14.6783390045,
        "dvar": 307.748809814,
        "dvar2": 695.575256348,
        "max": 347.448394775,
        "mean": 19.4916362762,
        "median": 10.9700841904,
        "min": -1.76291108131,
        "var": 686.477722168
    },
    "melbands_skewness": {
        "dmean": 0.782670795918,
        "dmean2": 1.13668143749,
        "dvar": 0.793225169182,
        "dvar2": 1.64480817318,
        "max": 14.8182077408,
        "mean": 3.01475858688,
        "median": 2.71107196808,
        "min": -1.25218355656,
        "var": 3.61675190926
    },
    "melbands_spread": {
        "dmean": 3.08922314644,
        "dmean2": 4.68542861938,
        "dvar": 47.7144317627,
        "dvar2": 92.8880386353,
        "max": 157.236450195,
        "mean": 10.2215566635,
        "median": 8.92378044128,
        "min": 0.396859884262,
        "var": 88.4236831665
    },
    "pitch_salience": {
        "dmean": 0.0795610025525,
        "dmean2": 0.128294870257,
        "dvar": 0.00584244076163,
        "dvar2": 0.0148150390014,
        "max": 0.933260977268,
        "mean": 0.48723551631,
        "median": 0.482406318188,
        "min": 0.110977828503,
        "var": 0.018269373104
    },
    "silence_rate_20dB": {
        "dmean": 0,
        "dmean2": 0,
        "dvar": 0,
        "dvar2": 0,
        "max": 1,
        "mean": 1,
        "median": 1,
        "min": 1,
        "var": 0
    },
    "silence_rate_30dB": {
        "dmean": 0.0453959256411,
        "dmean2": 0.0907996594906,
        "dvar": 0.0433393828571,
        "dvar2": 0.0970038324594,
        "max": 1,
        "mean": 0.95632737875,
        "median": 1,
        "min": 0,
        "var": 0.0417604185641
    },
    "silence_rate_60dB": {
        "dmean": 0.016507608816,
        "dmean2": 0.0330180563033,
        "dvar": 0.0162368323654,
        "dvar2": 0.0398424006999,
        "max": 1,
        "mean": 0.163428470492,
        "median": 0,
        "min": 0,
        "var": 0.136735573411
    },
    "spectral_centroid": {
        "dmean": 153.84677124,
        "dmean2": 245.435150146,
        "dvar": 70337.421875,
        "dvar2": 131609.9375,
        "max": 11081.5800781,
        "mean": 724.703430176,
        "median": 607.569335938,
        "min": 148.567352295,
        "var": 178475.90625
    },
    "spectral_complexity": {
        "dmean": 2.81798648834,
        "dmean2": 4.15374040604,
        "dvar": 26.7823410034,
        "dvar2": 42.3630599976,
        "max": 59,
        "mean": 10.9074964523,
        "median": 8,
        "min": 0,
        "var": 96.1441955566
    },
    "spectral_decrease": {
        "dmean": 2.80636980321e-09,
        "dmean2": 4.13806899857e-09,
        "dvar": 3.17562181046e-17,
        "dvar2": 6.46018198411e-17,
        "max": -9.34989636045e-29,
        "mean": -6.59375531953e-09,
        "median": -4.14158751738e-09,
        "min": -8.15558607314e-08,
        "var": 6.78933634044e-17
    },
    "spectral_energy": {
        "dmean": 0.0108679616824,
        "dmean2": 0.0160259529948,
        "dvar": 0.000477640860481,
        "dvar2": 0.000969586020801,
        "max": 0.312008410692,
        "mean": 0.0256578531116,
        "median": 0.0160547029227,
        "min": 1.0229947815e-20,
        "var": 0.0010326220654
    },
    "spectral_energyband_high": {
        "dmean": 0.000252278812695,
        "dmean2": 0.000365287385648,
        "dvar": 5.74948501253e-07,
        "dvar2": 1.089848638e-06,
        "max": 0.00746504124254,
        "mean": 0.000413691566791,
        "median": 3.05100002151e-05,
        "min": 7.44087008068e-21,
        "var": 1.34277320285e-06
    },
    "spectral_energyband_low": {
        "dmean": 0.00785371847451,
        "dmean2": 0.0114267766476,
        "dvar": 0.000292954588076,
        "dvar2": 0.000601102190558,
        "max": 0.288863569498,
        "mean": 0.0153624601662,
        "median": 0.00853755697608,
        "min": 2.76020158817e-23,
        "var": 0.000529601064045
    },
    "spectral_energyband_middle_high": {
        "dmean": 0.000502806855366,
        "dmean2": 0.000744267017581,
        "dvar": 1.26542829548e-06,
        "dvar2": 2.81283814729e-06,
        "max": 0.0179642494768,
        "mean": 0.0012691502925,
        "median": 0.000490697275382,
        "min": 1.52465361011e-21,
        "var": 3.9482711145e-06
    },
    "spectral_energyband_middle_low": {
        "dmean": 0.00477470923215,
        "dmean2": 0.00754202762619,
        "dvar": 0.000141557815368,
        "dvar2": 0.000344094791217,
        "max": 0.12135142833,
        "mean": 0.00920834764838,
        "median": 0.00425584428012,
        "min": 3.25866903645e-22,
        "var": 0.000237071872107
    },
    "spectral_entropy": {
        "dmean": 0.165687546134,
        "dmean2": 0.247660174966,
        "dvar": 0.04116082564,
        "dvar2": 0.0763145834208,
        "max": 9.79535770416,
        "mean": 6.94178724289,
        "median": 7.18871021271,
        "min": 3.77944159508,
        "var": 0.780422270298
    },
    "spectral_flux": {
        "dmean": 0.0226639192551,
        "dmean2": 0.0365402474999,
        "dvar": 0.00136686931364,
        "dvar2": 0.0030198469758,
        "max": 0.395007014275,
        "mean": 0.0633492991328,
        "median": 0.0434860885143,
        "min": 1.01143204922e-10,
        "var": 0.00351743260399
    },
    "spectral_kurtosis": {
        "dmean": 13.8164386749,
        "dmean2": 23.8916358948,
        "dvar": 1422.73205566,
        "dvar2": 4120.80224609,
        "max": 1003.53613281,
        "mean": 40.7268333435,
        "median": 5.2160654068,
        "min": -1.19751799107,
        "var": 8522.18164062
    },
    "spectral_rms": {
        "dmean": 0.000833688478451,
        "dmean2": 0.00119586498477,
        "dvar": 1.59126670951e-06,
        "dvar2": 2.9484276638e-06,
        "max": 0.0174470189959,
        "mean": 0.00429677637294,
        "median": 0.0039576664567,
        "min": 3.15918298466e-12,
        "var": 6.56980637359e-06
    },
    "spectral_rolloff": {
        "dmean": 168.382217407,
        "dmean2": 276.963104248,
        "dvar": 244603.109375,
        "dvar2": 444315.40625,
        "max": 18604.6875,
        "mean": 517.182434082,
        "median": 430.6640625,
        "min": 43.06640625,
        "var": 434296.96875
    },
    "spectral_skewness": {
        "dmean": 0.708724677563,
        "dmean2": 1.1949365139,
        "dvar": 1.34760773182,
        "dvar2": 3.81864142418,
        "max": 25.6282482147,
        "mean": 3.28180170059,
        "median": 1.87775564194,
        "min": 0.00700274063274,
        "var": 13.0814008713
    },
    "spectral_spread": {
        "dmean": 463388.1875,
        "dmean2": 686710.875,
        "dvar": 428545638400,
        "dvar2": 723516981248,
        "max": 41173304,
        "mean": 3471893.75,
        "median": 3804375.25,
        "min": 129356.507812,
        "var": 3.68167013581e+12
    },
    "spectral_strongpeak": {
        "dmean": 0.176068753004,
        "dmean2": 0.302562624216,
        "dvar": 0.120068155229,
        "dvar2": 0.309181541204,
        "max": 5.08119010925,
        "mean": 0.308969646692,
        "median": 0.152037292719,
        "min": 0,
        "var": 0.206628292799
    },
    "zerocrossingrate": {
        "dmean": 0.00614866614342,
        "dmean2": 0.00742368027568,
        "dvar": 0.000120599019283,
        "dvar2": 0.000134988556965,
        "max": 0.49609375,
        "mean": 0.0271166525781,
        "median": 0.0224609375,
        "min": 0.00146484375,
        "var": 0.000440844683908
    },
    "barkbands": {
        "dmean": [0.00153646455146, 0.00564561504871, 0.00171469326597, 0.00206249463372, 0.00187122740317, 0.0014125368325, 0.000371904898202, 0.000455539498944, 0.000179348746315, 0.000150589447003, 5.05661482748e-05, 4.48089886049e-05, 0.000109945329314, 7.10253443685e-05, 6.01341307629e-05, 3.67556967831e-05, 5.35486105946e-05, 5.10810459673e-05, 6.83219259372e-05, 7.13808040018e-05, 8.21406283649e-05, 5.36511397513e-05, 4.83459989482e-05, 3.05834146275e-05, 1.81414670806e-05, 7.8348120951e-06, 1.77474100838e-06],
        "dmean2": [0.00219886680134, 0.00841908250004, 0.00280042923987, 0.00327220768668, 0.00314884795807, 0.00244837231003, 0.000493754982017, 0.000609608076047, 0.000277474056929, 0.000221295267693, 8.62100641825e-05, 7.38989474485e-05, 0.000167832928128, 0.000111224719149, 9.5982766652e-05, 5.79129591642e-05, 8.54289464769e-05, 7.07994477125e-05, 0.000110278720967, 0.000118751631817, 0.000111770750664, 7.96703170636e-05, 7.28829327272e-05, 4.05538048653e-05, 2.82381388388e-05, 1.03600877992e-05, 2.77796380033e-06],
        "dvar": [6.91671084496e-06, 0.000184483200428, 2.28778862947e-05, 3.19761456922e-05, 2.79609157587e-05, 1.74553169927e-05, 5.93385777847e-07, 7.80843379289e-07, 1.54623521098e-07, 1.25673153661e-07, 1.30902888529e-08, 9.70847313653e-09, 9.88711121863e-08, 3.38638947994e-08, 2.28570335992e-08, 1.22011512005e-08, 3.16729789063e-08, 2.84188708122e-08, 4.23082404666e-08, 4.4812793476e-08, 4.90189613345e-08, 3.15685824148e-08, 2.12419219991e-08, 9.03881947067e-09, 4.00096888953e-09, 6.42372488535e-10, 4.87644265246e-11],
        "dvar2": [1.69191953319e-05, 0.000396527175326, 5.7583063608e-05, 6.81459714542e-05, 7.6845914009e-05, 4.93624102091e-05, 1.06435845737e-06, 1.54554209075e-06, 3.78616050511e-07, 2.40361771375e-07, 3.78071760565e-08, 2.36291644029e-08, 2.06306410178e-07, 8.10082099179e-08, 5.55076695719e-08, 2.88522912228e-08, 8.56363229218e-08, 4.67302925244e-08, 1.17364670871e-07, 1.20387397828e-07, 7.34865679419e-08, 6.10910362298e-08, 4.6156706901e-08, 1.6250755408e-08, 1.05185460342e-08, 1.36117384031e-09, 1.28160121404e-10],
        "max": [0.0378738045692, 0.213637888432, 0.0594920441508, 0.0581520944834, 0.0608863048255, 0.0478709749877, 0.0229748282582, 0.0177793800831, 0.00822583958507, 0.0131568396464, 0.00205395929515, 0.00173580937553, 0.0114809451625, 0.00361488130875, 0.00356029020622, 0.0021530946251, 0.00247088144533, 0.00249367323704, 0.00211286824197, 0.00216723047197, 0.00248722475953, 0.00178865541238, 0.00132517889142, 0.00102285575122, 0.00068401376484, 0.000258412677795, 8.08240656625e-05],
        "mean": [0.00333045772277, 0.00967274885625, 0.00177411711775, 0.00210970104672, 0.00237177382223, 0.00202715094201, 0.00101390038617, 0.00132069562096, 0.00034489997779, 0.000354996154783, 6.94570771884e-05, 7.8728851804e-05, 0.000214271858567, 0.000110466338811, 8.87135320227e-05, 5.84843728575e-05, 7.30154715711e-05, 9.24035120988e-05, 9.44766798057e-05, 9.56427538767e-05, 0.00013532176672, 9.02908432181e-05, 6.2700950366e-05, 4.27137856605e-05, 1.97450735868e-05, 9.36036940402e-06, 1.74192712166e-06],
        "median": [0.00177878281102, 0.00510877277702, 0.000534025370143, 0.000516435073223, 0.000735837500542, 0.000654302886687, 0.000291298259981, 0.00036948453635, 0.000124404730741, 9.12611576496e-05, 1.69640679815e-05, 2.96176531265e-05, 4.30229083577e-05, 2.6327359592e-05, 2.41052803176e-05, 1.37615188578e-05, 1.17654290079e-05, 1.02423691715e-05, 1.18810576168e-05, 9.38071934797e-06, 6.77955449646e-06, 5.65310983802e-06, 4.5633892114e-06, 3.76177194994e-06, 1.10653149932e-06, 4.57830822143e-08, 3.16675419221e-09],
        "min": [2.98574859612e-23, 1.33623034588e-23, 3.95444296646e-24, 3.7067639925e-23, 9.81044461128e-23, 9.70719218512e-23, 4.49542010943e-23, 2.85593585437e-23, 1.3592504115e-23, 6.34934641971e-23, 1.62454685828e-23, 7.95971444985e-23, 1.92052920541e-22, 8.54052370428e-23, 1.72402723559e-22, 1.30153542285e-22, 2.44690011541e-22, 1.52049140327e-22, 2.71879207045e-22, 3.01697543417e-22, 4.50240657715e-22, 4.61280469472e-22, 8.9602875729e-22, 8.96196475429e-22, 1.17868855009e-21, 1.48856846174e-21, 2.20345870029e-21],
        "var": [1.72855907294e-05, 0.000273559388006, 2.10511225305e-05, 3.81442332582e-05, 2.99726871162e-05, 1.8548922526e-05, 3.67878510588e-06, 4.56928364656e-06, 3.77236574423e-07, 7.81445237408e-07, 2.35778827573e-08, 1.85797688346e-08, 3.13625406534e-07, 6.25663645337e-08, 3.90243677373e-08, 2.11751078893e-08, 3.97920949524e-08, 7.47637258769e-08, 6.27061353953e-08, 6.45256363896e-08, 1.52217438654e-07, 7.96709755946e-08, 3.30547038629e-08, 1.682922246e-08, 3.97812094377e-09, 9.43462086234e-10, 4.36793101688e-11]
    },
    "erbbands": {
        "dmean": [0.288571476936, 0.86304295063, 1.43480980396, 5.88865756989, 5.81934547424, 6.53963327408, 8.21424674988, 12.0375585556, 6.08699321747, 7.00077581406, 8.8337059021, 4.95938205719, 2.2193236351, 5.19055223465, 2.56032156944, 2.06751275063, 5.03533315659, 3.67183160782, 3.79311490059, 1.7656443119, 2.07170128822, 2.99482011795, 3.05891036987, 3.03652310371, 3.41464519501, 3.17470049858, 3.55807447433, 2.82738351822, 2.26101636887, 1.50291085243, 1.54360473156, 0.830379068851, 0.429776489735, 0.252392083406, 0.105926677585, 0.0319680906832, 0.0140427798033, 0.00363710173406, 0.000343059480656, 2.04974985536e-05],
        "dmean2": [0.431026816368, 1.31246054173, 2.32592439651, 9.52017688751, 9.88060283661, 10.9901742935, 13.5208244324, 21.4866256714, 8.29120540619, 9.84423923492, 11.8965234756, 7.57738113403, 3.44165682793, 7.52997350693, 4.35866880417, 3.27569437027, 7.58540964127, 5.81193161011, 5.81052112579, 2.69433522224, 3.22253322601, 4.7461309433, 4.26931142807, 4.83725786209, 5.52142620087, 5.24209022522, 5.18863201141, 3.74347901344, 3.39870548248, 2.12934732437, 2.32106184959, 1.1618720293, 0.590195775032, 0.41500967741, 0.154299095273, 0.0438250973821, 0.0183360315859, 0.0051998058334, 0.000555436534341, 3.24193169945e-05],
        "dvar": [0.48928463459, 4.25837898254, 15.4182796478, 247.991271973, 324.439422607, 317.508361816, 323.300323486, 1676.8092041, 182.966690063, 296.291290283, 303.851165771, 111.057746887, 24.2852592468, 152.255645752, 33.4863014221, 16.4149246216, 240.448303223, 75.742401123, 89.4741897583, 23.685218811, 39.5349197388, 104.089370728, 121.280265808, 77.4445877075, 108.071434021, 79.987197876, 91.5533370972, 63.8840103149, 47.8904647827, 20.4603919983, 23.7242507935, 7.17015790939, 1.7825357914, 0.775740742683, 0.14554451406, 0.0110012302175, 0.00196174159646, 0.000159209303092, 1.92208472072e-06, 3.24132876095e-09],
        "dvar2": [1.07486832142, 9.44727134705, 38.344455719, 566.296142578, 823.539367676, 882.807067871, 890.927062988, 4790.73828125, 360.510894775, 586.180419922, 576.538085938, 270.521392822, 58.6922836304, 271.515625, 95.0722351074, 37.0512962341, 487.068145752, 182.186843872, 203.534545898, 50.9555625916, 95.8923797607, 280.219940186, 228.951309204, 177.756668091, 303.169311523, 195.51550293, 173.553543091, 91.8575897217, 107.970710754, 35.3256416321, 54.5268859863, 13.4021711349, 3.75065755844, 2.11288952827, 0.36310261488, 0.0233196914196, 0.00390546792187, 0.000372117268853, 5.16209456691e-06, 8.45206304945e-09],
        "max": [10.3964691162, 31.3219890594, 52.2731895447, 140.083007812, 209.5259552, 205.014556885, 268.812805176, 489.099731445, 356.432281494, 303.376281738, 470.979522705, 190.261642456, 141.761276245, 480.986541748, 114.899848938, 74.0224761963, 595.554626465, 164.767150879, 279.918304443, 93.6232910156, 98.2156066895, 126.903259277, 137.382583618, 84.7742843628, 104.635269165, 84.305770874, 105.764633179, 108.637207031, 68.0791931152, 52.8916893005, 45.5319366455, 29.3771705627, 14.8160886765, 9.46833133698, 4.44353580475, 1.1577193737, 0.458589404821, 0.141813829541, 0.017133615911, 0.00068156758789],
        "mean": [0.488900780678, 1.34115004539, 1.85794317722, 5.86848258972, 6.53098487854, 8.21715259552, 13.6239356995, 16.1642246246, 16.0592803955, 16.9374008179, 26.844203949, 10.8712501526, 4.85104513168, 12.7904443741, 4.1891951561, 4.2802939415, 10.1995153427, 6.37716245651, 5.82683086395, 2.98022627831, 3.41533565521, 4.11448717117, 5.2382478714, 4.90176534653, 4.6252822876, 4.49792528152, 5.20115375519, 4.97364234924, 3.34444689751, 2.35843753815, 1.83417677879, 1.09006810188, 0.60150039196, 0.272514343262, 0.117524452507, 0.0393414758146, 0.0165984947234, 0.00419926038012, 0.000327337387716, 3.77757933165e-05],
        "median": [0.226852059364, 0.631392896175, 0.757531523705, 1.46282219887, 1.69236695766, 2.10190391541, 6.17090797424, 3.47753405571, 4.54712677002, 5.3861489296, 7.96726226807, 4.54239749908, 2.01637744904, 3.0810611248, 1.34011697769, 1.74364995956, 2.05701828003, 1.92033743858, 1.64412462711, 0.770925998688, 0.811512649059, 0.666717708111, 0.610586702824, 0.570312201977, 0.616492629051, 0.403623044491, 0.277271181345, 0.240411698818, 0.161533817649, 0.204103603959, 0.124694034457, 0.0923223346472, 0.0470143146813, 0.017926549539, 0.00454628234729, 0.000831895973533, 0.000110482578748, 1.54985646077e-05, 1.11193803605e-05, 1.89582387975e-05],
        "min": [3.51111639059e-22, 2.97773852773e-21, 6.64122553524e-21, 4.69084948844e-20, 2.78807868755e-19, 1.66533209572e-19, 9.15059763843e-19, 5.48891928879e-19, 8.56871330062e-19, 7.56863436246e-19, 3.31367286768e-19, 3.46937824426e-19, 8.95721004904e-19, 2.17561570555e-18, 8.53303544984e-19, 3.57426603841e-18, 6.21786455218e-18, 8.11948412445e-18, 7.16327739841e-18, 7.44252281986e-18, 8.20965342866e-18, 1.50607024059e-17, 7.93481853424e-18, 1.29322417855e-17, 1.34708736763e-17, 1.49362613545e-17, 2.11591593007e-17, 1.29963730984e-17, 1.78578434257e-17, 1.73009275347e-17, 2.80894025498e-17, 1.49150557523e-17, 1.75322171602e-17, 1.34146005792e-17, 8.78009703142e-18, 5.34883480449e-18, 2.66379268087e-18, 1.05869947042e-18, 2.73153443034e-19, 3.48410832765e-20],
        "var": [0.701147198677, 6.13029050827, 15.9782590866, 263.384277344, 330.766540527, 387.934753418, 460.215606689, 1612.94958496, 944.434143066, 962.961730957, 2167.61767578, 305.991882324, 63.5536499023, 1069.06921387, 74.5862579346, 42.1441879272, 770.425231934, 163.338104248, 169.686569214, 46.4985046387, 68.7142868042, 127.982826233, 254.062545776, 154.780090332, 162.555389404, 136.466018677, 215.254699707, 218.72668457, 107.983345032, 50.4151039124, 30.8319797516, 11.7828435898, 3.08850717545, 0.720644712448, 0.159318059683, 0.016691878438, 0.00296209100634, 0.000197059140191, 1.59346188866e-06, 3.91943144606e-09]
    },
    "gfcc": {
        "mean": [-115.397209167, 162.827697754, -94.4387359619, 20.3724651337, -47.4850349426, 3.14397144318, -26.8015651703, 1.79664039612, -9.19355678558, -1.04496777058, -1.82594692707, -8.44055080414, -5.64606714249],
        "cov": [[17718.4003906, -7314.53173828, -864.053466797, 4186.13037109, -1921.97851562, 1481.45385742, -324.425018311, 926.240905762, -246.818756104, 1037.26306152, -184.111862183, 794.696838379, -86.5402984619], [-7314.53173828, 4949.79589844, 25.9385700226, -2558.95898438, 1641.22875977, -855.708374023, 351.910705566, -413.227844238, 416.278686523, -394.807495117, 274.22857666, -393.887786865, 138.416122437], [-864.053466797, 25.9385700226, 891.588867188, -160.022583008, 41.494392395, 58.2073516846, -69.3293457031, 57.4208564758, -49.3196372986, -17.7542724609, -85.9418487549, 9.39883422852, -34.0293960571], [4186.13037109, -2558.95898438, -160.022583008, 1818.43847656, -882.639953613, 529.249328613, -90.4102172852, 226.985473633, -111.287101746, 203.7784729, -62.9169769287, 176.749069214, 6.53962945938], [-1921.97851562, 1641.22875977, 41.494392395, -882.639953613, 1077.51452637, -284.556671143, 133.053710938, -37.1080284119, 200.615966797, 3.17575359344, 90.5947799683, -45.6867752075, 13.5515670776], [1481.45385742, -855.708374023, 58.2073516846, 529.249328613, -284.556671143, 461.125488281, -25.1275444031, 182.153640747, -14.7803916931, 101.122894287, 53.7643089294, 68.0651855469, 46.4254646301], [-324.425018311, 351.910705566, -69.3293457031, -90.4102172852, 133.053710938, -25.1275444031, 198.980545044, 3.77107381821, 79.8966522217, -26.2356338501, 24.1133670807, 2.74242806435, 48.2158279419], [926.240905762, -413.227844238, 57.4208564758, 226.985473633, -37.1080284119, 182.153640747, 3.77107381821, 262.340454102, 85.5199508667, 113.116470337, 19.6391143799, 36.777381897, 34.9094696045], [-246.818756104, 416.278686523, -49.3196372986, -111.287101746, 200.615966797, -14.7803916931, 79.8966522217, 85.5199508667, 217.429870605, 65.3049316406, 92.0945281982, -43.4909858704, 32.8447761536], [1037.26306152, -394.807495117, -17.7542724609, 203.7784729, 3.17575359344, 101.122894287, -26.2356338501, 113.116470337, 65.3049316406, 191.974685669, 45.2743644714, 65.4413986206, -38.9330787659], [-184.111862183, 274.22857666, -85.9418487549, -62.9169769287, 90.5947799683, 53.7643089294, 24.1133670807, 19.6391143799, 92.0945281982, 45.2743644714, 169.500534058, -0.287632197142, 46.3398284912], [794.696838379, -393.887786865, 9.39883422852, 176.749069214, -45.6867752075, 68.0651855469, 2.74242806435, 36.777381897, -43.4909858704, 65.4413986206, -0.287632197142, 139.705963135, 14.8190641403], [-86.5402984619, 138.416122437, -34.0293960571, 6.53962945938, 13.5515670776, 46.4254646301, 48.2158279419, 34.9094696045, 32.8447761536, -38.9330787659, 46.3398284912, 14.8190641403, 112.948425293]],
        "icov": [[0.000237593252677, 0.000131995067932, 0.000242894442636, -0.00016107900592, -1.62582236953e-05, -0.000158284121426, 7.15812348062e-05, -0.000105629995232, -6.75403134665e-06, -0.000663524784613, 0.000395319773816, -0.00036627004738, -0.000168993297848], [0.000131995067932, 0.00341531843878, -0.000289352494292, 0.00227829744108, -0.0017722583143, 0.000927984132431, -0.00163052987773, 0.00230053276755, -0.00219964119606, 0.00148062524386, -0.00250976230018, 0.0033175710123, -0.0027427165769], [0.000242894442636, -0.000289352494292, 0.00172179960646, -0.000103989965282, 0.000129753170768, -0.000964794366155, 0.000890411669388, -0.00082067376934, -5.21641886735e-05, -0.000253763544606, 0.00165818072855, -0.00144495046698, 0.000756979221478], [-0.00016107900592, 0.00227829744108, -0.000103989965282, 0.0033120654989, -0.000332649389748, -0.000210812489968, -0.00119357602671, 0.00183273712173, -0.00191069021821, 0.000696920847986, -0.00105192617048, 0.00199095881544, -0.00210269051604], [-1.62582236953e-05, -0.0017722583143, 0.000129753170768, -0.000332649389748, 0.00296674878336, -9.60514662438e-05, 0.000336363969836, -0.00123454234563, 6.20363425696e-05, -0.00163746683393, 0.00136933696922, -0.00250802538358, 0.00132405385375], [-0.000158284121426, 0.000927984132431, -0.000964794366155, -0.000210812489968, -9.60514662438e-05, 0.00586379738525, -0.00141837075353, -0.00204877951182, 0.00215023197234, -0.000167263220646, -0.00418623397127, 0.00247718114406, -0.00198739301413], [7.15812348062e-05, -0.00163052987773, 0.000890411669388, -0.00119357602671, 0.000336363969836, -0.00141837075353, 0.00872678682208, -0.000376931333449, -0.0036907712929, 0.00210183183663, 0.00309239467606, -0.00500643858686, 0.000510095735081], [-0.000105629995232, 0.00230053276755, -0.00082067376934, 0.00183273712173, -0.00123454234563, -0.00204877951182, -0.000376931333449, 0.0109547656029, -0.00532321212813, -0.00302023999393, 0.00190736004151, 0.00295561226085, -0.00615168968216], [-6.75403134665e-06, -0.00219964119606, -5.21641886735e-05, -0.00191069021821, 6.20363425696e-05, 0.00215023197234, -0.0036907712929, -0.00532321212813, 0.0167273972183, -0.00852014683187, -0.00293451990001, 0.00613897433504, -0.00228770403191], [-0.000663524784613, 0.00148062524386, -0.000253763544606, 0.000696920847986, -0.00163746683393, -0.000167263220646, 0.00210183183663, -0.00302023999393, -0.00852014683187, 0.0225044339895, -0.00660914974287, -0.00706834252924, 0.011735570617], [0.000395319773816, -0.00250976230018, 0.00165818072855, -0.00105192617048, 0.00136933696922, -0.00418623397127, 0.00309239467606, 0.00190736004151, -0.00293451990001, -0.00660914974287, 0.0151029834524, -0.00358940078877, -0.00356442620978], [-0.00036627004738, 0.0033175710123, -0.00144495046698, 0.00199095881544, -0.00250802538358, 0.00247718114406, -0.00500643858686, 0.00295561226085, 0.00613897433504, -0.00706834252924, -0.00358940078877, 0.0197127535939, -0.00972582958639], [-0.000168993297848, -0.0027427165769, 0.000756979221478, -0.00210269051604, 0.00132405385375, -0.00198739301413, 0.000510095735081, -0.00615168968216, -0.00228770403191, 0.011735570617, -0.00356442620978, -0.00972582958639, 0.0222255922854]]
    },
    "melbands": {
        "dmean": [0.00200769095682, 0.000773947685957, 0.000933700473979, 0.000488004472572, 0.000254378799582, 0.000261333363596, 8.91872768989e-05, 8.01868736744e-05, 6.52474627714e-05, 2.98414561257e-05, 1.13325640996e-05, 2.29733032029e-05, 7.31457203074e-06, 5.66445578443e-06, 9.38244738791e-06, 9.22078652366e-06, 7.2078746598e-06, 6.33655918136e-06, 3.62052423952e-06, 2.34859271586e-06, 2.52998279393e-06, 3.30044645125e-06, 3.24882148561e-06, 2.69803263109e-06, 2.75473280453e-06, 2.47989646596e-06, 2.51931396633e-06, 2.16501894101e-06, 2.33060040955e-06, 2.25535109166e-06, 1.52720247115e-06, 1.36406845286e-06, 1.07430810203e-06, 7.88946465491e-07, 9.99177245831e-07, 5.6720386965e-07, 5.15681051638e-07, 3.23602051822e-07, 2.22828560936e-07, 2.18344965219e-07],
        "dmean2": [0.00299738254398, 0.00121379480697, 0.00149115547538, 0.000828842516057, 0.000416821887484, 0.000461922842078, 0.000119692798762, 0.000113264250103, 8.84922337718e-05, 4.62974639959e-05, 1.76553785423e-05, 3.3404907299e-05, 1.2490942936e-05, 9.47365424508e-06, 1.38672739922e-05, 1.44406894833e-05, 1.15320726763e-05, 9.60224497248e-06, 5.76912952965e-06, 3.60836838809e-06, 4.01119859816e-06, 5.32176500201e-06, 5.05407433593e-06, 3.64192328561e-06, 4.58400063508e-06, 3.95482811655e-06, 4.28372686656e-06, 3.59255659532e-06, 3.48970979758e-06, 3.25808287016e-06, 2.08763822229e-06, 2.09220752367e-06, 1.61105606367e-06, 1.16041167075e-06, 1.53468351982e-06, 8.35715127323e-07, 7.19622619272e-07, 4.35264581711e-07, 3.53592156443e-07, 3.675765754e-07],
        "dvar": [2.28281660384e-05, 3.8481662159e-06, 6.26985729468e-06, 2.19268667934e-06, 3.36844834692e-07, 7.37594348266e-07, 3.77217332925e-08, 3.76485971287e-08, 1.66162994475e-08, 4.14428846796e-09, 6.43367192854e-10, 3.02848168765e-09, 2.71343836289e-10, 1.43609832359e-10, 6.93856860856e-10, 6.12193185034e-10, 3.17327331079e-10, 2.76967032642e-10, 1.00657621127e-10, 4.54680737505e-11, 6.2276350743e-11, 1.14901352322e-10, 1.47884551827e-10, 7.3572967163e-11, 6.06559871774e-11, 6.32937244283e-11, 6.30945989899e-11, 3.78142205049e-11, 3.94155506844e-11, 4.14925142855e-11, 1.99759514485e-11, 1.80516036147e-11, 1.21428006539e-11, 5.09131365539e-12, 9.63681738575e-12, 3.53629755687e-12, 2.74884238635e-12, 9.81231697457e-13, 4.94202443725e-13, 5.9849868117e-13],
        "dvar2": [5.00261739944e-05, 8.60498130351e-06, 1.4155275494e-05, 6.00221710556e-06, 9.08227775653e-07, 2.08748792829e-06, 7.14976238214e-08, 7.63523217984e-08, 3.14779207145e-08, 1.01966399768e-08, 1.57020307867e-09, 5.45146017217e-09, 7.8199113851e-10, 3.67350039276e-10, 1.29541211091e-09, 1.39106692831e-09, 7.90388421379e-10, 6.1353733205e-10, 2.39497505161e-10, 9.89964568654e-11, 1.52967444267e-10, 3.17878612321e-10, 3.57339130508e-10, 1.28856633697e-10, 1.52803450448e-10, 1.77185363603e-10, 1.82730566789e-10, 9.06809002887e-11, 9.13278203063e-11, 6.46879425026e-11, 3.16562505376e-11, 4.41926738259e-11, 2.30461066897e-11, 9.39572551706e-12, 2.18125777857e-11, 7.83637911506e-12, 5.02649918216e-12, 1.9277019217e-12, 1.31592469126e-12, 1.65036376492e-12],
        "max": [0.0750159695745, 0.0245314463973, 0.0239243879914, 0.0170091297477, 0.00839672982693, 0.0101011693478, 0.00537343602628, 0.00338230351917, 0.00358430761844, 0.00130084890407, 0.000688560481649, 0.00214211270213, 0.000300294283079, 0.000220316200284, 0.000979428412393, 0.00080017070286, 0.000353016657755, 0.00052879715804, 0.000213494349737, 0.000203305215109, 0.000107943531475, 0.000132530854899, 0.000147044382174, 0.000126089653349, 6.98620860931e-05, 8.92515890882e-05, 7.56485897e-05, 5.84637164138e-05, 7.2067756264e-05, 7.09848827682e-05, 6.40626240056e-05, 4.57508322143e-05, 4.07086772611e-05, 2.64623940893e-05, 2.58209911408e-05, 2.13690254895e-05, 1.90957125596e-05, 1.09303327918e-05, 7.48616230339e-06, 8.34567981656e-06],
        "mean": [0.00354266632348, 0.00123735319357, 0.000974860042334, 0.000560595886782, 0.000430784537457, 0.00035374602885, 0.00023629781208, 0.000197357541765, 0.00019699454424, 5.75045050937e-05, 2.3510408937e-05, 5.5610871641e-05, 1.0767207641e-05, 1.00567413028e-05, 1.97947865672e-05, 1.72142317751e-05, 1.15639759315e-05, 9.43721533986e-06, 5.20518460689e-06, 3.86073816117e-06, 3.95577353629e-06, 4.24311156166e-06, 4.58574322693e-06, 4.51585901828e-06, 3.94098879042e-06, 3.28723808707e-06, 3.30969078277e-06, 2.93400398732e-06, 2.90066827802e-06, 3.67025995729e-06, 2.61667332779e-06, 1.91278786588e-06, 1.64964308169e-06, 1.17631122976e-06, 1.16887315471e-06, 6.93762956416e-07, 6.70359554533e-07, 4.51518587852e-07, 2.77867201248e-07, 2.14996759951e-07],
        "median": [0.00182615523227, 0.000578154984396, 0.000259639753494, 0.000126683778944, 0.000188658916159, 8.2821235992e-05, 6.43858948024e-05, 6.47752312943e-05, 5.75859667151e-05, 2.13982712012e-05, 9.20410457184e-06, 1.26737941173e-05, 3.05660796585e-06, 3.86621059079e-06, 4.49714207207e-06, 4.0470267777e-06, 2.79688947558e-06, 2.56367457041e-06, 1.31779052026e-06, 9.30060650717e-07, 9.00199893294e-07, 6.90065007802e-07, 5.80143250772e-07, 4.60594719698e-07, 4.53089000985e-07, 4.08901371429e-07, 4.03181445563e-07, 2.13272983274e-07, 1.56895026748e-07, 1.826581979e-07, 1.17604059824e-07, 6.75735662981e-08, 1.24561751136e-07, 1.02958978232e-07, 6.66145751893e-08, 5.72676910338e-08, 5.43712488366e-08, 3.20949737898e-08, 2.24273080107e-08, 1.20517578139e-08],
        "min": [4.11584548539e-24, 3.90803151839e-24, 1.77063995362e-23, 1.43077280102e-23, 2.64025355204e-23, 1.44606218754e-23, 1.21746386561e-23, 7.97992364629e-24, 2.53744387406e-24, 2.03635015795e-24, 4.60869540783e-24, 9.38576213182e-24, 2.05190235348e-24, 6.91060927863e-24, 9.13591331706e-24, 2.1681223513e-23, 1.28675141218e-23, 1.04203042996e-23, 1.22369649785e-23, 9.65641005321e-24, 8.6139335224e-24, 1.6205818856e-23, 7.67570022706e-24, 8.61399505355e-24, 1.06577167222e-23, 1.02882111188e-23, 8.75327949042e-24, 9.98249280813e-24, 1.26619330256e-23, 1.27522292003e-23, 5.93340901558e-24, 9.58786671802e-24, 9.6365489022e-24, 9.82409584925e-24, 1.63272671478e-23, 1.312256153e-23, 8.48874524105e-24, 1.163287423e-23, 1.35072108962e-23, 1.04741898104e-23],
        "var": [3.38753234246e-05, 5.34250648343e-06, 6.92602043273e-06, 2.27715804613e-06, 4.86843134695e-07, 7.30734257104e-07, 2.09105763815e-07, 1.29287840878e-07, 1.21079651194e-07, 1.03746300439e-08, 1.67847080679e-09, 2.08345323216e-08, 5.19371767815e-10, 2.96547342238e-10, 2.39788100487e-09, 1.65125491058e-09, 6.24722384934e-10, 5.02037633687e-10, 1.56828300346e-10, 9.06032401882e-11, 9.92938994915e-11, 1.34153757547e-10, 2.05433156597e-10, 1.89100096692e-10, 9.89818504937e-11, 8.42085220998e-11, 9.05777675086e-11, 5.81918263576e-11, 6.98017060818e-11, 1.11739277553e-10, 6.57224483169e-11, 3.56975317362e-11, 2.83883576369e-11, 1.17577354103e-11, 1.26101689854e-11, 4.75854815621e-12, 4.56672069951e-12, 1.79083711836e-12, 6.02101322359e-13, 5.01896918123e-13]
    },
    "mfcc": {
        "mean": [-746.03729248, 167.00579834, 26.3781509399, 22.2062969208, 4.8551402092, 5.19331932068, -2.69626402855, 0.0934227854013, -2.0568614006, 6.5135269165, 5.35800790787, 3.74013829231, -2.47452449799],
        "cov": [[12296.0751953, -3479.78125, -807.026672363, 1436.03771973, -55.9764480591, 446.306335449, 245.388717651, 296.235137939, 82.684677124, 307.187744141, 132.856643677, 325.608001709, 228.548324585], [-3479.78125, 2762.75634766, -283.199371338, -848.06652832, 268.471252441, -33.7738761902, -127.569694519, -49.2423973083, 108.850746155, 40.7221641541, 171.420700073, 30.6952781677, 0.193119823933], [-807.026672363, -283.199371338, 709.690246582, -7.7656993866, -38.1653862, -68.2063827515, 1.27873361111, -6.95974588394, -4.71615982056, -20.7944965363, -65.8909606934, -45.8042259216, -26.2195320129], [1436.03771973, -848.06652832, -7.7656993866, 645.173034668, -38.0408668518, 74.9511184692, 43.2382545471, 57.8607597351, 22.7725448608, 23.46575737, -21.3995113373, 21.1344146729, -6.27527952194], [-55.9764480591, 268.471252441, -38.1653862, -38.0408668518, 359.845581055, 96.2308349609, -3.8447458744, 42.2749443054, 78.162071228, 94.5175933838, 130.56980896, 87.8553695679, 41.9256706238], [446.306335449, -33.7738761902, -68.2063827515, 74.9511184692, 96.2308349609, 166.237747192, 63.2568893433, 40.4173660278, 23.5367126465, 27.0880813599, 39.4109764099, 56.9598045349, 26.9940643311], [245.388717651, -127.569694519, 1.27873361111, 43.2382545471, -3.8447458744, 63.2568893433, 131.787704468, 71.9076461792, 14.6275577545, 7.39531946182, -20.9721107483, 5.86763572693, 28.9761810303], [296.235137939, -49.2423973083, -6.95974588394, 57.8607597351, 42.2749443054, 40.4173660278, 71.9076461792, 127.948745728, 85.607749939, 57.818572998, 12.6215162277, 16.1436233521, 29.5430011749], [82.684677124, 108.850746155, -4.71615982056, 22.7725448608, 78.162071228, 23.5367126465, 14.6275577545, 85.607749939, 135.641342163, 98.383895874, 46.2011528015, 16.5302791595, 11.4921236038], [307.187744141, 40.7221641541, -20.7944965363, 23.46575737, 94.5175933838, 27.0880813599, 7.39531946182, 57.818572998, 98.383895874, 155.615646362, 109.243972778, 61.5146217346, 33.5962715149], [132.856643677, 171.420700073, -65.8909606934, -21.3995113373, 130.56980896, 39.4109764099, -20.9721107483, 12.6215162277, 46.2011528015, 109.243972778, 158.05519104, 107.864639282, 43.4768829346], [325.608001709, 30.6952781677, -45.8042259216, 21.1344146729, 87.8553695679, 56.9598045349, 5.86763572693, 16.1436233521, 16.5302791595, 61.5146217346, 107.864639282, 131.889907837, 69.5226364136], [228.548324585, 0.193119823933, -26.2195320129, -6.27527952194, 41.9256706238, 26.9940643311, 28.9761810303, 29.5430011749, 11.4921236038, 33.5962715149, 43.4768829346, 69.5226364136, 85.5793533325]],
