{
"lowlevel": {
    "average_loudness": 0.859239816666,
    "barkbands_crest": {
        "dmean": 2.69886732101,
        "dmean2": 4.19552087784,
        "dvar": 5.17146778107,
        "dvar2": 12.339097023,
        "max": 24.6528244019,
        "mean": 10.611664772,
        "median": 10.0827693939,
        "min": 2.4821472168,
        "var": 14.816450119
    },
    "barkbands_flatness_db": {
        "dmean": 0.026332847774,
        "dmean2": 0.0403144359589,
        "dvar": 0.00073937093839,
        "dvar2": 0.00164149818011,
        "max": 0.421541780233,
        "mean": 0.227387577295,
        "median": 0.229358613491,
        "min": 0.00954533275217,
        "var": 0.00476654898375
    },
    "barkbands_kurtosis": {
        "dmean": 2.72418570518,
        "dmean2": 4.54792881012,
        "dvar": 18.594959259,
        "dvar2": 48.3268737793,
        "max": 66.4418029785,
        "mean": 4.05157804489,
        "median": 2.06950592995,
        "min": -1.78428924084,
        "var": 33.1814994812
    },
    "barkbands_skewness": {
        "dmean": 0.508737623692,
        "dmean2": 0.823406100273,
        "dvar": 0.294458150864,
        "dvar2": 0.684797048569,
        "max": 7.29425621033,
        "mean": 1.46857249737,
        "median": 1.2732155323,
        "min": -2.12150621414,
        "var": 0.956858992577
    },
    "barkbands_spread": {
        "dmean": 3.14044809341,
        "dmean2": 4.77794408798,
        "dvar": 13.4715442657,
        "dvar2": 31.0029258728,
        "max": 77.5970458984,
        "mean": 10.4968481064,
        "median": 8.97979927063,
        "min": 1.6054558754,
        "var": 45.1540184021
    },
    "dissonance": {
        "dmean": 0.026257712394,
        "dmean2": 0.043216817081,
        "dvar": 0.00046354054939,
        "dvar2": 0.00124073121697,
        "max": 0.499999970198,
        "mean": 0.434942185879,
        "median": 0.437896609306,
        "min": 0.284975230694,
        "var": 0.0011524935253
    },
    "dynamic_complexity": 3.22791719437,
    "erbbands_crest": {
        "dmean": 2.82687544823,
        "dmean2": 4.33650064468,
        "dvar": 5.94511699677,
        "dvar2": 12.8998384476,
        "max": 27.336107254,
        "mean": 9.95265388489,
        "median": 8.98160457611,
        "min": 2.40022277832,
        "var": 18.0573177338
    },
    "erbbands_flatness_db": {
        "dmean": 0.0219519715756,
        "dmean2": 0.0289414394647,
        "dvar": 0.000592856202275,
        "dvar2": 0.001000245451,
        "max": 0.432415753603,
        "mean": 0.249252021313,
        "median": 0.248338371515,
        "min": 0.0479288771749,
        "var": 0.00530548300594
    },
    "erbbands_kurtosis": {
        "dmean": 0.823452889919,
        "dmean2": 1.29151594639,
        "dvar": 0.745815634727,
        "dvar2": 1.7375228405,
        "max": 20.371421814,
        "mean": 0.276043772697,
        "median": 0.00193119049072,
        "min": -1.71016383171,
        "var": 1.61877155304
    },
    "erbbands_skewness": {
        "dmean": 0.357122510672,
        "dmean2": 0.538314938545,
        "dvar": 0.0796224474907,
        "dvar2": 0.184935301542,
        "max": 3.81632852554,
        "mean": 0.551507890224,
        "median": 0.538655400276,
        "min": -1.21589708328,
        "var": 0.283315241337
    },
    "erbbands_spread": {
        "dmean": 6.46130609512,
        "dmean2": 9.25619220734,
        "dvar": 60.4946517944,
        "dvar2": 121.113502502,
        "max": 109.691795349,
        "mean": 23.817111969,
        "median": 19.560792923,
        "min": 4.57060098648,
        "var": 169.510406494
    },
    "hfc": {
        "dmean": 4.5419793129,
        "dmean2": 7.03336000443,
        "dvar": 64.8835754395,
        "dvar2": 153.057876587,
        "max": 88.0881881714,
        "mean": 12.0622291565,
        "median": 9.45548725128,
        "min": 1.14009006809e-16,
        "var": 109.344306946
    },
    "melbands_crest": {
        "dmean": 3.43078422546,
        "dmean2": 5.47869205475,
        "dvar": 8.29324436188,
        "dvar2": 19.7732982635,
        "max": 32.4951934814,
        "mean": 14.4671478271,
        "median": 13.9693565369,
        "min": 1.78579998016,
        "var": 25.1887626648
    },
    "melbands_flatness_db": {
        "dmean": 0.0307151135057,
        "dmean2": 0.0466755479574,
        "dvar": 0.00104235822801,
        "dvar2": 0.00221969303675,
        "max": 0.513161540031,
        "mean": 0.306469172239,
        "median": 0.313974559307,
        "min": 0.00542423035949,
        "var": 0.00628708675504
    },
    "melbands_kurtosis": {
        "dmean": 5.00728368759,
        "dmean2": 8.1489238739,
        "dvar": 67.9447021484,
        "dvar2": 164.66746521,
        "max": 156.596481323,
        "mean": 8.79417610168,
        "median": 4.70733880997,
        "min": -1.38716232777,
        "var": 136.884109497
    },
    "melbands_skewness": {
        "dmean": 0.63797980547,
        "dmean2": 1.00957214832,
        "dvar": 0.461841017008,
        "dvar2": 1.03595745564,
        "max": 9.5441236496,
        "mean": 2.04507851601,
        "median": 1.73885536194,
        "min": -0.609095156193,
        "var": 1.63880825043
    },
    "melbands_spread": {
        "dmean": 3.52821230888,
        "dmean2": 5.5240855217,
        "dvar": 15.9402093887,
        "dvar2": 39.0019302368,
        "max": 162.781860352,
        "mean": 12.4330701828,
        "median": 11.3995285034,
        "min": 1.35346388817,
        "var": 66.0137023926
    },
    "pitch_salience": {
        "dmean": 0.0694974437356,
        "dmean2": 0.111705161631,
        "dvar": 0.00375588797033,
        "dvar2": 0.00948633998632,
        "max": 0.86261087656,
        "mean": 0.552401185036,
        "median": 0.558544158936,
        "min": 0.177714288235,
        "var": 0.010654816404
    },
    "silence_rate_20dB": {
        "dmean": 0,
        "dmean2": 0,
        "dvar": 0,
        "dvar2": 0,
        "max": 1,
        "mean": 1,
        "median": 1,
        "min": 1,
        "var": 0
    },
    "silence_rate_30dB": {
        "dmean": 0.0711867660284,
        "dmean2": 0.142387315631,
        "dvar": 0.0661179125309,
        "dvar2": 0.160410314798,
        "max": 1,
        "mean": 0.907833635807,
        "median": 1,
        "min": 0,
        "var": 0.0836660638452
    },
    "silence_rate_60dB": {
        "dmean": 0.00348196155392,
        "dmean2": 0.00696459645405,
        "dvar": 0.00346918730065,
        "dvar2": 0.00768734840676,
        "max": 1,
        "mean": 0.062765955925,
        "median": 0,
        "min": 0,
        "var": 0.0588240735233
    },
    "spectral_centroid": {
        "dmean": 155.685241699,
        "dmean2": 235.77104187,
        "dvar": 67645.2109375,
        "dvar2": 147542.34375,
        "max": 11361.8544922,
        "mean": 707.003173828,
        "median": 626.067932129,
        "min": 230.023162842,
        "var": 203307.984375
    },
    "spectral_complexity": {
        "dmean": 2.51958608627,
        "dmean2": 3.86148190498,
        "dvar": 9.91957187653,
        "dvar2": 15.9689979553,
        "max": 52,
        "mean": 16.0500965118,
        "median": 15,
        "min": 0,
        "var": 43.5508270264
    },
    "spectral_decrease": {
        "dmean": 4.71868677465e-09,
        "dmean2": 8.38172287132e-09,
        "dvar": 9.14861956007e-17,
        "dvar2": 2.64938644542e-16,
        "max": 8.21260222822e-29,
        "mean": -9.14296727217e-09,
        "median": -5.55688872694e-09,
        "min": -8.36326563558e-08,
        "var": 1.17346634259e-16
    },
    "spectral_energy": {
        "dmean": 0.0181543137878,
        "dmean2": 0.0321711041033,
        "dvar": 0.00133786851075,
        "dvar2": 0.00386892445385,
        "max": 0.321288704872,
        "mean": 0.0356017015874,
        "median": 0.0219150930643,
        "min": 1.06161450336e-20,
        "var": 0.00172253488563
    },
    "spectral_energyband_high": {
        "dmean": 0.000163443721249,
        "dmean2": 0.00022939601331,
        "dvar": 1.44709090932e-07,
        "dvar2": 2.74581708481e-07,
        "max": 0.00589218782261,
        "mean": 0.000200108406716,
        "median": 1.1919395547e-05,
        "min": 7.28026214032e-21,
        "var": 2.78065215298e-07
    },
    "spectral_energyband_low": {
        "dmean": 0.0140636730939,
        "dmean2": 0.0259750988334,
        "dvar": 0.00107712170575,
        "dvar2": 0.00316384574398,
        "max": 0.239420965314,
        "mean": 0.0179099012166,
        "median": 0.0040403502062,
        "min": 2.8597984329e-23,
        "var": 0.00123545073438
    },
    "spectral_energyband_middle_high": {
        "dmean": 0.00116782390978,
        "dmean2": 0.00188334390987,
        "dvar": 6.17914065515e-06,
        "dvar2": 1.51057083713e-05,
        "max": 0.0320105291903,
        "mean": 0.00297580566257,
        "median": 0.0025521540083,
        "min": 1.26135531645e-21,
        "var": 7.81698054197e-06
    },
    "spectral_energyband_middle_low": {
        "dmean": 0.00660450849682,
        "dmean2": 0.0103332428262,
        "dvar": 0.000126660786918,
        "dvar2": 0.000330756098265,
        "max": 0.124905623496,
        "mean": 0.0160340536386,
        "median": 0.0124085620046,
        "min": 2.12853579647e-22,
        "var": 0.00020019421936
    },
    "spectral_entropy": {
        "dmean": 0.190778672695,
        "dmean2": 0.263702183962,
        "dvar": 0.0416456386447,
        "dvar2": 0.0782027989626,
        "max": 9.81659603119,
        "mean": 6.93800020218,
        "median": 6.86360168457,
        "min": 5.51379013062,
        "var": 0.221559301019
    },
    "spectral_flux": {
        "dmean": 0.0293262656778,
        "dmean2": 0.0484931915998,
        "dvar": 0.002540075453,
        "dvar2": 0.00535988435149,
        "max": 0.460169732571,
        "mean": 0.0892478004098,
        "median": 0.0660421252251,
        "min": 6.74558117697e-11,
        "var": 0.00522074149922
    },
    "spectral_kurtosis": {
        "dmean": 9.75560855865,
        "dmean2": 16.5583820343,
        "dvar": 122.971221924,
        "dvar2": 365.26776123,
        "max": 103.955307007,
        "mean": 17.8834877014,
        "median": 12.3437614441,
        "min": -1.2272746563,
        "var": 306.681976318
    },
    "spectral_rms": {
        "dmean": 0.00113635626622,
        "dmean2": 0.00192366202828,
        "dvar": 3.12986139761e-06,
        "dvar2": 8.53801338963e-06,
        "max": 0.0177045874298,
        "mean": 0.00518593424931,
        "median": 0.00462391367182,
        "min": 3.21826267892e-12,
        "var": 7.83953510108e-06
    },
    "spectral_rolloff": {
        "dmean": 205.589920044,
        "dmean2": 342.408477783,
        "dvar": 125171.289062,
        "dvar2": 291279.03125,
        "max": 19250.6835938,
        "mean": 784.778991699,
        "median": 689.0625,
        "min": 86.1328125,
        "var": 807433.125
    },
    "spectral_skewness": {
        "dmean": 0.758447945118,
        "dmean2": 1.21836388111,
        "dvar": 0.518260002136,
        "dvar2": 1.48769342899,
        "max": 7.82901620865,
        "mean": 2.56598854065,
        "median": 2.43508028984,
        "min": -0.0297836177051,
        "var": 1.35007202625
    },
    "spectral_spread": {
        "dmean": 441007.21875,
        "dmean2": 613174.4375,
        "dvar": 488905572352,
        "dvar2": 830556143616,
        "max": 44357416,
        "mean": 2429517.75,
        "median": 2029257.25,
        "min": 686046.0625,
        "var": 3.04317097574e+12
    },
    "spectral_strongpeak": {
        "dmean": 0.380595296621,
        "dmean2": 0.618764996529,
        "dvar": 0.186243250966,
        "dvar2": 0.411610275507,
        "max": 5.05782794952,
        "mean": 0.825221776962,
        "median": 0.655454993248,
        "min": 0,
        "var": 0.457914024591
    },
    "zerocrossingrate": {
        "dmean": 0.00517481798306,
        "dmean2": 0.00646469648927,
        "dvar": 4.78141701024e-05,
        "dvar2": 6.27986810287e-05,
        "max": 0.51806640625,
        "mean": 0.0317474901676,
        "median": 0.0283203125,
        "min": 0.0048828125,
        "var": 0.000714910100214
    },
    "barkbands": {
        "dmean": [0.000727921607904, 0.00762888742611, 0.00633078347892, 0.00222570332699, 0.00222446280532, 0.00100869801827, 0.00258066342212, 0.000470520433737, 0.000694504647981, 0.000737871509045, 0.000417467817897, 0.00020644137112, 0.000256015482591, 0.000190192542505, 0.000160966490512, 6.85320046614e-05, 4.82466639369e-05, 3.07407717628e-05, 2.95183308481e-05, 8.72642413015e-05, 6.71991001582e-05, 4.69657679787e-05, 1.93626365217e-05, 3.92254423787e-06, 2.84581687993e-06, 1.95670827452e-06, 3.46808121776e-07],
        "dmean2": [0.00129821512382, 0.0136507051066, 0.0116026792675, 0.0038839422632, 0.00359257333912, 0.0015700237127, 0.00337875052355, 0.000711280619726, 0.00115423335228, 0.00121174764354, 0.000715118076187, 0.000354746240191, 0.000424256606493, 0.000317077647196, 0.000271711236564, 0.000111354624096, 7.48308520997e-05, 5.11107355123e-05, 4.35754882346e-05, 0.000132942732307, 0.000101212041045, 6.8409848609e-05, 2.73271907645e-05, 5.4937954701e-06, 3.6212188661e-06, 2.9453406114e-06, 5.66019878079e-07],
        "dvar": [3.15692500408e-06, 0.000391817739001, 0.000341486331308, 3.05094545183e-05, 1.77909187187e-05, 4.59802640762e-06, 9.63996990322e-06, 4.05730702369e-07, 1.61482148542e-06, 9.83665131571e-07, 8.4940410261e-07, 9.57230668064e-08, 1.04395411427e-07, 4.75427874846e-08, 4.4509128827e-08, 1.48906345032e-08, 1.45279503982e-08, 8.83743656033e-09, 5.93321525244e-09, 4.46202470528e-08, 2.21748450713e-08, 1.57363349018e-08, 2.58182075719e-09, 3.40136641075e-10, 3.82891607309e-10, 8.86963211211e-11, 2.52551625446e-12],
        "dvar2": [1.04765076685e-05, 0.00111475843005, 0.00101833522785, 8.41065411805e-05, 4.68058060505e-05, 1.18528596431e-05, 1.53386317834e-05, 8.89884915978e-07, 4.37106746176e-06, 2.50982952821e-06, 2.33493710766e-06, 2.6869741987e-07, 2.55176132669e-07, 1.18440780739e-07, 1.17027326496e-07, 2.9984494887e-08, 3.37962120511e-08, 2.44552573747e-08, 1.2857293008e-08, 1.06414539403e-07, 4.513985985e-08, 3.05109466581e-08, 5.16265208361e-09, 6.32610519524e-10, 6.88684831385e-10, 1.95494342936e-10, 6.18702918759e-12],
        "max": [0.0148332947865, 0.1988889575, 0.163472145796, 0.0678472965956, 0.0520179979503, 0.0305679421872, 0.0884802266955, 0.0165516678244, 0.0165518503636, 0.0123178530484, 0.0122175961733, 0.00516605330631, 0.00446181977168, 0.00290903984569, 0.00313138845377, 0.00167282903567, 0.00167626526672, 0.00118820543867, 0.000963321421295, 0.00145741296001, 0.00141834793612, 0.00113612890709, 0.00249537429772, 0.00118747237138, 0.00139447720721, 0.000485704076709, 3.80689853046e-05],
        "mean": [0.000731208303478, 0.00987088680267, 0.00602187449113, 0.00271167163737, 0.00421717530116, 0.00155502441339, 0.00518775591627, 0.000844354275614, 0.000946365529671, 0.00116318347864, 0.000543555419426, 0.000311376294121, 0.000359448371455, 0.000295376084978, 0.000291983888019, 0.00013000315812, 7.72258572397e-05, 4.84070769744e-05, 4.01886172767e-05, 9.07733410713e-05, 7.31700201868e-05, 5.25918876519e-05, 2.44668426603e-05, 6.42040959065e-06, 4.63871720058e-06, 2.32858087656e-06, 3.13992103429e-07],
        "median": [2.69988086075e-05, 0.00151673529763, 0.00113744544797, 0.000602904590778, 0.00188369676471, 0.000780566246249, 0.00328746810555, 0.000479274429381, 0.000612425559666, 0.000826204894111, 0.000333484087605, 0.00022863590857, 0.000241662521148, 0.000222061236855, 0.000230703793932, 8.91156087164e-05, 3.87863583455e-05, 1.86938941624e-05, 1.19737305795e-05, 7.84250642027e-06, 4.1823113861e-06, 2.25301300816e-06, 6.86865405441e-07, 2.43904196395e-07, 7.54719593488e-08, 1.63595927916e-08, 2.53250753701e-09],
        "min": [6.29058097599e-25, 3.89386239324e-24, 3.82201530858e-24, 1.73220128607e-24, 1.39078086634e-23, 1.84881780483e-23, 2.55517001248e-23, 1.61171603566e-23, 3.38423379378e-23, 5.28892898311e-23, 1.66985256002e-23, 2.49951098467e-23, 5.00889251254e-23, 3.45586772823e-23, 8.37852953968e-23, 7.68028287783e-23, 1.0646176476e-22, 1.56875454454e-22, 1.78566642858e-22, 2.08727243889e-22, 4.1271665229e-22, 4.11589628803e-22, 4.5661430042e-22, 4.97104145169e-22, 9.7938537936e-22, 1.38477718678e-21, 2.18187385034e-21],
        "var": [3.00758529193e-06, 0.000461895862827, 0.000245176954195, 3.09511742671e-05, 3.2465410186e-05, 5.8620157688e-06, 4.09818494518e-05, 1.09099562451e-06, 1.63356071425e-06, 1.39111909903e-06, 6.96121844612e-07, 1.0439879361e-07, 1.53797998337e-07, 7.238919153e-08, 6.61824230974e-08, 2.93681239327e-08, 2.25075886817e-08, 1.20120713376e-08, 8.67930438631e-09, 5.02722521389e-08, 3.53770452932e-08, 2.39802275814e-08, 7.29794802368e-09, 9.22920850854e-10, 1.0271375972e-09, 1.82929615899e-10, 2.72760546788e-12]
    },
    "erbbands": {
        "dmean": [0.246650248766, 1.76953554153, 6.37524700165, 8.39326477051, 6.12525129318, 8.9430475235, 8.02590274811, 8.30996990204, 40.2133140564, 15.1946258545, 9.05856227875, 18.2330780029, 20.766992569, 20.5558757782, 14.9405860901, 7.56694078445, 11.8254947662, 11.0891313553, 7.1378736496, 6.10802125931, 3.27717399597, 2.55502772331, 1.82281816006, 1.34116888046, 1.97256505489, 4.88432168961, 2.26440548897, 2.84891963005, 1.78194916248, 1.11650311947, 0.439042001963, 0.121106572449, 0.0607810094953, 0.0359622910619, 0.0179882496595, 0.00776453921571, 0.00426433328539, 0.000718198018149, 7.57366142352e-05, 2.15855961869e-05],
        "dmean2": [0.426323056221, 3.21722412109, 11.6624059677, 15.1457471848, 9.9099779129, 15.168794632, 13.6047754288, 12.4342689514, 52.5371437073, 21.7383747101, 13.5306739807, 30.3028850555, 33.5458183289, 35.1680374146, 25.4093608856, 12.930981636, 19.7019958496, 18.3792858124, 11.7648916245, 10.2795114517, 5.18343114853, 3.91724300385, 2.9824988842, 1.83529818058, 2.99166536331, 7.56154489517, 3.31333589554, 4.41064739227, 2.61768126488, 1.60391974449, 0.639037013054, 0.16437523067, 0.0844712182879, 0.0479846410453, 0.0241557192057, 0.0108860693872, 0.00680495658889, 0.00109827972483, 0.000130307453219, 3.78640033887e-05],
        "dvar": [0.432413697243, 17.7052612305, 293.991088867, 615.982849121, 130.615692139, 395.387115479, 370.747894287, 266.64541626, 2390.90234375, 285.589263916, 227.773666382, 992.390563965, 861.700256348, 1947.13671875, 592.049255371, 144.426223755, 197.530761719, 170.143051147, 105.188499451, 71.7833633423, 43.7971954346, 41.0810394287, 32.0424957275, 9.25050544739, 20.6605491638, 145.9246521, 27.4845695496, 44.5608596802, 21.5800819397, 8.59718704224, 2.01783013344, 0.235964044929, 0.0897098556161, 0.0608029775321, 0.0151115506887, 0.00245635816827, 0.000357157405233, 9.51949823502e-06, 1.08694244716e-07, 1.77734393869e-09],
        "dvar2": [1.23271584511, 50.7420120239, 890.577941895, 1752.15246582, 344.582244873, 1068.27746582, 1005.30731201, 677.779785156, 3860.04443359, 596.164123535, 492.370574951, 2689.29931641, 2054.01416016, 5238.40039062, 1608.94934082, 398.464263916, 499.731140137, 410.63760376, 240.615234375, 187.778518677, 88.7536239624, 94.23777771, 87.6873931885, 16.1254386902, 46.6973686218, 356.438354492, 57.0514297485, 99.0464324951, 41.0474891663, 15.5593061447, 4.60665988922, 0.426584154367, 0.169338747859, 0.104285784066, 0.0310909114778, 0.00497054262087, 0.000885621469934, 2.15880299947e-05, 2.85277849343e-07, 5.06798114586e-09],
        "max": [7.05875492096, 37.9520568848, 148.191131592, 238.423736572, 202.451919556, 234.366134644, 179.80015564, 256.963531494, 1358.6854248, 387.998168945, 466.116333008, 450.043640137, 429.946502686, 585.608459473, 366.863769531, 166.553024292, 209.26701355, 194.297592163, 208.298873901, 122.248954773, 97.9765014648, 76.330039978, 73.1463088989, 46.1741409302, 50.2477035522, 85.1150817871, 62.4970550537, 62.5423355103, 46.8564567566, 31.2609004974, 93.0584716797, 28.7476119995, 18.8167648315, 17.9526901245, 9.02307891846, 3.45724797249, 0.714699625969, 0.106691941619, 0.00698238704354, 0.000391815061448],
        "mean": [0.312337219715, 2.08593177795, 6.5252122879, 8.542096138, 14.0997600555, 12.9951896667, 10.0652008057, 15.6298065186, 81.0930099487, 32.4598236084, 18.8371562958, 25.515460968, 31.9147644043, 28.3931159973, 23.3216972351, 13.163936615, 17.5162734985, 17.57072258, 13.2803602219, 11.7488708496, 6.63779640198, 4.14124488831, 3.00489878654, 2.25511431694, 2.27529716492, 4.79116153717, 2.77597904205, 2.89114546776, 1.99392700195, 1.29060864449, 0.62267100811, 0.199427470565, 0.096513338387, 0.0560949631035, 0.0297713223845, 0.0114928828552, 0.00433543277904, 0.000741919735447, 7.19697272871e-05, 4.13056113757e-05],
        "median": [0.032383531332, 0.382492303848, 1.40277576447, 2.52861070633, 4.36019086838, 6.05543518066, 4.27091789246, 9.78258895874, 51.1378669739, 24.4308738708, 10.8967895508, 16.9220695496, 18.229467392, 19.8131408691, 16.0996742249, 9.95007514954, 12.4935846329, 13.1325979233, 10.0542259216, 9.38140678406, 4.7550573349, 1.98330450058, 1.22373366356, 0.85825586319, 0.448818743229, 0.397933781147, 0.205998167396, 0.147372931242, 0.0866372212768, 0.047795265913, 0.0178706385195, 0.00609824061394, 0.00333695439622, 0.0010562830139, 0.000475038017612, 0.000132070446853, 3.55747797585e-05, 7.24085111869e-06, 1.20910663099e-05, 2.53413909377e-05],
        "min": [1.53342872212e-22, 9.24485406143e-22, 6.29329309398e-21, 6.70162708752e-21, 6.73844526817e-20, 3.92763675598e-20, 1.22142561999e-19, 1.15141434542e-19, 3.28559137836e-19, 2.9908289275e-19, 5.2542186807e-19, 1.01695755856e-18, 1.15303383581e-18, 1.64639516561e-18, 9.58411265771e-19, 1.41464769571e-18, 2.64053339602e-18, 2.14358417031e-18, 3.83856471978e-18, 5.67818710513e-18, 5.7643135641e-18, 5.70269191719e-18, 7.97157513194e-18, 7.65684779811e-18, 9.69248882759e-18, 1.11781283688e-17, 1.55624503131e-17, 1.26434308475e-17, 1.33827590887e-17, 1.07648987133e-17, 1.23227047998e-17, 9.70316276621e-18, 1.10139677588e-17, 9.5241418565e-18, 7.95127611971e-18, 4.35508317762e-18, 2.27160360499e-18, 1.12966164081e-18, 2.65373835222e-19, 3.02434421796e-20],
        "var": [0.527847230434, 19.5662975311, 227.707473755, 451.607025146, 528.706237793, 419.979003906, 319.873199463, 392.210479736, 10056.4794922, 965.848815918, 641.165039062, 1021.62426758, 1414.6282959, 1642.66687012, 625.198303223, 170.108856201, 292.828613281, 262.767028809, 176.691757202, 109.14125061, 81.5022659302, 67.0203552246, 42.6886291504, 21.6578521729, 27.2830657959, 147.803161621, 51.9892158508, 58.347328186, 33.3382301331, 14.3534574509, 7.14175748825, 0.803722560406, 0.258771300316, 0.15217345953, 0.0399499759078, 0.0063273278065, 0.00052319461247, 1.34448418976e-05, 1.00148689341e-07, 2.26693885885e-09]
    },
    "gfcc": {
        "mean": [-84.9476242065, 183.626464844, -141.646728516, 3.19867253304, -43.614151001, -6.64232873917, -21.714302063, -12.1559181213, -8.98502540588, -3.64032626152, -10.4762382507, -9.50228595734, -4.31530618668],
        "cov": [[14056.53125, -903.691650391, 987.50970459, 2620.70166016, -1046.1607666, 1135.11303711, 546.488769531, 174.51361084, 301.886932373, 605.254272461, -51.4736671448, 372.492950439, 47.9003639221], [-903.691650391, 1984.86743164, -462.869171143, -646.725708008, 716.328735352, -455.979553223, 176.510742188, -219.027450562, 161.670333862, -258.861846924, 165.284988403, -258.793823242, 111.949836731], [987.50970459, -462.869171143, 854.921142578, 760.071838379, -59.6249465942, 416.565612793, 125.222373962, 95.9122695923, 49.8814849854, 162.774383545, 5.22619152069, 112.488922119, 32.49061203], [2620.70166016, -646.725708008, 760.071838379, 1398.40454102, -268.194396973, 573.03515625, 389.150390625, 70.5044250488, 166.599914551, 278.306762695, -0.257925331593, 193.089859009, 64.7041931152], [-1046.1607666, 716.328735352, -59.6249465942, -268.194396973, 451.136169434, -152.195480347, 80.7165527344, -49.8528938293, 29.8413524628, -115.491790771, 59.2598838806, -103.656517029, 46.2616081238], [1135.11303711, -455.979553223, 416.565612793, 573.03515625, -152.195480347, 410.535980225, 116.042053223, 117.653411865, 61.6406440735, 153.036651611, 5.86117172241, 106.243637085, 35.0536689758], [546.488769531, 176.510742188, 125.222373962, 389.150390625, 80.7165527344, 116.042053223, 307.692779541, -5.16548633575, 151.706665039, 71.9780044556, 43.5757255554, 43.364151001, 54.5277099609], [174.51361084, -219.027450562, 95.9122695923, 70.5044250488, -49.8528938293, 117.653411865, -5.16548633575, 137.94543457, 14.3292512894, 63.6547584534, 10.6267824173, 34.9777145386, 14.6922121048], [301.886932373, 161.670333862, 49.8814849854, 166.599914551, 29.8413524628, 61.6406440735, 151.706665039, 14.3292512894, 172.034957886, 82.1486358643, 71.2795639038, 33.1529846191, 42.0857200623], [605.254272461, -258.861846924, 162.774383545, 278.306762695, -115.491790771, 153.036651611, 71.9780044556, 63.6547584534, 82.1486358643, 153.134674072, 35.8251419067, 86.8931808472, 12.2133359909], [-51.4736671448, 165.284988403, 5.22619152069, -0.257925331593, 59.2598838806, 5.86117172241, 43.5757255554, 10.6267824173, 71.2795639038, 35.8251419067, 94.1803665161, 10.6523294449, 37.5667037964], [372.492950439, -258.793823242, 112.488922119, 193.089859009, -103.656517029, 106.243637085, 43.364151001, 34.9777145386, 33.1529846191, 86.8931808472, 10.6523294449, 100.987846375, 11.1334114075], [47.9003639221, 111.949836731, 32.49061203, 64.7041931152, 46.2616081238, 35.0536689758, 54.5277099609, 14.6922121048, 42.0857200623, 12.2133359909, 37.5667037964, 11.1334114075, 65.1028060913]],
        "icov": [[0.00018620499759, -0.000538296590094, 0.000149723884533, -0.000493880594149, 0.000550585915335, -0.00021162442863, 0.000303355482174, -0.000415564194554, 0.000332880183123, -0.000304182030959, 0.000324638385791, -0.000423566583777, 0.000494167208672], [-0.000538296590094, 0.00481476681307, -0.000144532314152, 0.00186588941142, -0.00382228312083, 0.00109598494601, -0.00176845537499, 0.0037090680562, -0.00371476844884, 0.00240072445013, -0.00306444149464, 0.00524181267247, -0.00407265126705], [0.000149723884533, -0.000144532314152, 0.00408356823027, -0.00292382482439, -0.00256320461631, -0.00196078279987, 0.00339729641564, -0.000466630619485, -0.00026930263266, -0.000438210932771, 0.00025311432546, -0.00147338712122, 0.00150554545689], [-0.000493880594149, 0.00186588941142, -0.00292382482439, 0.00676341447979, 0.00127406243701, -0.00180482084397, -0.00682995887473, 0.00425669830292, 0.000716307666153, -0.00187259342056, -3.27876864503e-06, 0.0034078436438, -0.00397432548925], [0.000550585915335, -0.00382228312083, -0.00256320461631, 0.00127406243701, 0.0104273725301, 2.40748631768e-05, -0.00445308536291, -0.00281930435449, 0.00436361413449, 0.000493512838148, -0.000802756112535, 0.000318674079608, 0.000619277823716], [-0.00021162442863, 0.00109598494601, -0.00196078279987, -0.00180482084397, 2.40748631768e-05, 0.0101788388565, -0.000337724253768, -0.00424116011709, -0.000697976036463, 0.000225448384299, -0.00053432356799, 0.000531014346052, -0.00258793495595], [0.000303355482174, -0.00176845537499, 0.00339729641564, -0.00682995887473, -0.00445308536291, -0.000337724253768, 0.0156254097819, -0.00159994454589, -0.00757991382852, 0.00130343937781, 0.00399581762031, -0.0060119163245, 0.00190834619571], [-0.000415564194554, 0.0037090680562, -0.000466630619485, 0.00425669830292, -0.00281930435449, -0.00424116011709, -0.00159994454589, 0.0160804335028, -0.00150466663763, -0.00476488331333, -0.000722630589735, 0.00551641173661, -0.00673182308674], [0.000332880183123, -0.00371476844884, -0.00026930263266, 0.000716307666153, 0.00436361413449, -0.000697976036463, -0.00757991382852, -0.00150466663763, 0.021365378052, -0.0108147282153, -0.00449430756271, -0.000101695826743, 0.00035667460179], [-0.000304182030959, 0.00240072445013, -0.000438210932771, -0.00187259342056, 0.000493512838148, 0.000225448384299, 0.00130343937781, -0.00476488331333, -0.0108147282153, 0.0298276357353, -0.00927099771798, -0.00909378938377, 0.00598727026954], [0.000324638385791, -0.00306444149464, 0.00025311432546, -3.27876864503e-06, -0.000802756112535, -0.00053432356799, 0.00399581762031, -0.000722630589735, -0.00449430756271, -0.00927099771798, 0.0248537827283, -0.00350427580997, -0.00651556253433], [-0.000423566583777, 0.00524181267247, -0.00147338712122, 0.0034078436438, 0.000318674079608, 0.000531014346052, -0.0060119163245, 0.00551641173661, -0.000101695826743, -0.00909378938377, -0.00350427580997, 0.0297219865024, -0.0093646934256], [0.000494167208672, -0.00407265126705, 0.00150554545689, -0.00397432548925, 0.000619277823716, -0.00258793495595, 0.00190834619571, -0.00673182308674, 0.00035667460179, 0.00598727026954, -0.00651556253433, -0.0093646934256, 0.0300802774727]]
    },
    "melbands": {
        "dmean": [0.00215352862142, 0.00295316358097, 0.00133835757151, 0.000531793339178, 0.000299880746752, 0.000182858391781, 0.000602747255471, 0.000138096293085, 8.83126631379e-05, 0.00010249242041, 0.00010281788127, 8.58418861753e-05, 5.14800522069e-05, 2.99995353998e-05, 2.44776620093e-05, 1.86510878848e-05, 2.34907620325e-05, 1.03080137706e-05, 1.1329148947e-05, 6.70977487971e-06, 3.64782590623e-06, 2.79059031527e-06, 2.28039766625e-06, 1.21606728953e-06, 1.11438464501e-06, 1.15691932479e-06, 2.77211620414e-06, 3.08691778628e-06, 1.24834616599e-06, 1.57198962825e-06, 1.77060894657e-06, 1.12720215384e-06, 7.13796225682e-07, 5.90991191984e-07, 2.8027008625e-07, 1.17658544241e-07, 5.87675437203e-08, 4.89240470358e-08, 3.1832687597e-08, 3.12688683834e-08],
        "dmean2": [0.00378368422389, 0.00541730737314, 0.00239576632157, 0.000860145490151, 0.000509139790665, 0.000277087150607, 0.000786006683484, 0.000204130599741, 0.000137076684041, 0.000168944636243, 0.000166545578395, 0.000147011363879, 8.74968027347e-05, 5.14762214152e-05, 4.1588282329e-05, 3.01808195218e-05, 3.93414484279e-05, 1.68644855876e-05, 1.91161052499e-05, 1.12622810775e-05, 5.76645334149e-06, 4.27996383223e-06, 3.77840547117e-06, 1.90618868601e-06, 1.56199280354e-06, 1.75944273906e-06, 4.37292555944e-06, 4.76896821056e-06, 1.86089926046e-06, 2.47753541771e-06, 2.77177741737e-06, 1.69368638581e-06, 1.04480113805e-06, 8.53712606386e-07, 4.17017304244e-07, 1.61952968369e-07, 8.46484979888e-08, 7.02060489743e-08, 4.36949214588e-08, 4.22498622754e-08],
        "dvar": [3.31563060172e-05, 5.20980756846e-05, 1.33061257657e-05, 9.78522848527e-07, 5.42581517493e-07, 1.33987427375e-07, 5.32742092219e-07, 2.5272143489e-08, 2.23323866066e-08, 3.06665022265e-08, 2.0869096673e-08, 3.21146487181e-08, 8.88494344764e-09, 1.84792192659e-09, 8.28314694612e-10, 7.58823670566e-10, 7.34142246994e-10, 2.38953218323e-10, 2.56267201904e-10, 9.08756334073e-11, 6.7246701263e-11, 4.19315034084e-11, 5.6207503929e-11, 9.6729031035e-12, 6.36986600619e-12, 9.32025203543e-12, 4.31081212393e-11, 5.78404095453e-11, 9.50190967575e-12, 1.23971570856e-11, 1.99307237381e-11, 8.68320432917e-12, 4.13410234865e-12, 2.26517741196e-12, 8.88269113212e-13, 2.11915961125e-13, 7.25105129477e-14, 4.78226128402e-14, 5.31720426424e-14, 4.42128565746e-14],
        "dvar2": [9.64452483458e-05, 0.000156358393724, 3.77339601982e-05, 2.58650584328e-06, 1.47739456224e-06, 3.39829057339e-07, 8.45652778025e-07, 5.80121870541e-08, 5.52480052818e-08, 8.19515690864e-08, 4.99628036721e-08, 8.63812488205e-08, 2.41087025898e-08, 5.1762962805e-09, 2.22131024685e-09, 1.64408353598e-09, 1.84011561544e-09, 5.19411291755e-10, 6.72508049249e-10, 2.11689069052e-10, 1.44734182972e-10, 8.97420679435e-11, 1.60753632628e-10, 2.15132217596e-11, 1.18376367736e-11, 2.09025331765e-11, 1.04992049776e-10, 1.40089731482e-10, 2.07858869006e-11, 2.61158039638e-11, 4.69038870243e-11, 1.75105832612e-11, 7.20852457586e-12, 4.28611139636e-12, 2.16088388502e-12, 4.08486477066e-13, 1.48561257697e-13, 9.44718275505e-14, 1.07040827482e-13, 7.3631910031e-14],
        "max": [0.0592496544123, 0.0601841360331, 0.0388718768954, 0.0134700881317, 0.00630697235465, 0.00541793182492, 0.0206185188144, 0.00281621748582, 0.00358791439794, 0.00252222688869, 0.00208181026392, 0.00231328560039, 0.0013190205209, 0.000821451772936, 0.000311277864967, 0.000456865614979, 0.000370491965441, 0.000332681782311, 0.00022264222207, 0.000127799125039, 0.000122775760246, 8.50823198562e-05, 8.62400847836e-05, 4.57354944956e-05, 3.9308473788e-05, 3.92359906982e-05, 4.6564542572e-05, 5.41293229617e-05, 3.59728473995e-05, 3.34935066348e-05, 4.51130217698e-05, 3.0204992072e-05, 2.44669772655e-05, 1.57786234922e-05, 6.36664044578e-05, 2.75738384516e-05, 1.64428583957e-05, 1.14778467832e-05, 1.71298888745e-05, 1.52803422679e-05],
        "mean": [0.00270535843447, 0.00328796147369, 0.00168533215765, 0.00104254612233, 0.000383696053177, 0.000322533393046, 0.00121335638687, 0.000287062983261, 0.000162852942594, 0.000145471800352, 0.000153756918735, 0.000113280577352, 7.55721703172e-05, 4.81173010485e-05, 3.58235774911e-05, 2.83260833385e-05, 3.46831948264e-05, 1.80664792424e-05, 1.98275756702e-05, 1.26781542349e-05, 6.65149082124e-06, 4.35676020061e-06, 3.29952490574e-06, 2.2350116069e-06, 1.77790343514e-06, 1.41581961088e-06, 2.59494072452e-06, 3.12156453219e-06, 1.61526747888e-06, 1.74390697794e-06, 1.67545920249e-06, 1.20174456697e-06, 8.81773303263e-07, 6.40487428427e-07, 3.83170572604e-07, 1.96231155769e-07, 9.38194801847e-08, 7.12230558975e-08, 5.27815977591e-08, 4.53130368783e-08],
        "median": [0.000359273282811, 0.000750335981138, 0.000518674089108, 0.000450518680736, 0.00016041888739, 0.000188605961739, 0.000764741562307, 0.000215680804104, 9.50556568569e-05, 9.84139624052e-05, 8.67822163855e-05, 7.68496392993e-05, 4.90831298521e-05, 3.77282012778e-05, 2.62275043497e-05, 1.92013321794e-05, 2.55929553532e-05, 1.31210090331e-05, 1.5026787878e-05, 9.54226925387e-06, 4.40366648036e-06, 2.09549943975e-06, 1.24696680359e-06, 9.15901011922e-07, 6.69856149216e-07, 3.57129692929e-07, 2.77281685612e-07, 2.49338853564e-07, 1.30568196255e-07, 9.84316983477e-08, 7.87020724147e-08, 5.26618428864e-08, 3.47245183718e-08, 2.10916617505e-08, 1.13582743211e-08, 4.62431470893e-09, 3.17790771476e-09, 2.36622521577e-09, 1.29453547881e-09, 6.59351129251e-10],
        "min": [1.73209873415e-24, 2.69273015718e-24, 2.59314277878e-24, 3.36594129268e-24, 4.62124894584e-24, 3.21495804859e-24, 5.41670157279e-24, 4.35751775687e-24, 3.09662023533e-24, 5.66368958348e-24, 5.42579674459e-24, 5.96666068603e-24, 3.38231567849e-24, 4.11052816846e-24, 5.55111873787e-24, 4.04254768552e-24, 2.65607455193e-24, 4.30554760043e-24, 6.71759710323e-24, 6.0173256721e-24, 5.38100443353e-24, 4.83798335196e-24, 8.51766014867e-24, 5.46055277279e-24, 5.64320247134e-24, 4.35488059486e-24, 7.87819766598e-24, 7.15989484671e-24, 8.44429923993e-24, 9.3258615567e-24, 7.13278011967e-24, 6.57920131817e-24, 7.65209198675e-24, 5.80608292117e-24, 6.32136804775e-24, 7.56827945987e-24, 5.29285908814e-24, 6.09106286749e-24, 7.57307257873e-24, 6.44220102805e-24],
        "var": [3.75991294277e-05, 4.71723578812e-05, 1.14875101644e-05, 2.02051296583e-06, 4.62401487766e-07, 1.93201699972e-07, 2.27062355407e-06, 6.93750124015e-08, 4.62953160252e-08, 3.27270832656e-08, 3.4070978927e-08, 2.73836509024e-08, 8.64405258483e-09, 2.0000590073e-09, 1.11340081599e-09, 1.17484544315e-09, 1.05694308861e-09, 4.03093031176e-10, 3.51632473139e-10, 1.65918459527e-10, 1.11387656043e-10, 7.148566461e-11, 6.02803085226e-11, 2.12710786485e-11, 1.37359706942e-11, 1.21980108306e-11, 4.23625128032e-11, 6.16361822692e-11, 1.94954451888e-11, 1.9026839132e-11, 2.24259673332e-11, 1.20335841985e-11, 7.46831849835e-12, 3.45457148131e-12, 2.80864958027e-12, 1.00862178852e-12, 1.68590510476e-13, 1.24101101032e-13, 1.35814726436e-13, 1.03321444824e-13]
    },
    "mfcc": {
        "mean": [-711.984008789, 201.783432007, -25.8973312378, 11.2203445435, -7.27762413025, 7.51196670532, -9.03166675568, -4.203083992, -0.234629273415, -0.0388801544905, -1.92864108086, -4.71143102646, 1.43980586529],
        "cov": [[8106.26416016, -253.327957153, 779.192810059, 1702.65112305, -471.276092529, 1028.48022461, 239.303817749, 332.001403809, 391.511566162, 303.218963623, 245.662780762, 328.664581299, 261.497253418], [-253.327957153, 2136.29760742, -613.00793457, -221.743911743, 318.229919434, -202.388946533, 57.4642372131, -95.9766693115, 3.68069958687, -44.9041023254, 21.0763626099, -72.745300293, -24.5070724487], [779.192810059, -613.00793457, 651.811035156, 477.065917969, -13.7461738586, 345.159606934, 131.108657837, 108.360420227, 127.36567688, 86.9553375244, 69.2332305908, 101.385017395, 64.796585083], [1702.65112305, -221.743911743, 477.065917969, 975.814208984, -124.192909241, 586.965820312, 219.786514282, 174.830505371, 262.875274658, 160.173278809, 155.634841919, 189.558944702, 143.265518188], [-471.276092529, 318.229919434, -13.7461738586, -124.192909241, 250.467163086, -80.3994827271, 70.634979248, -12.767457962, -7.34995985031, -18.3420066833, -10.7202987671, -29.2218875885, -40.1938095093], [1028.48022461, -202.388946533, 345.159606934, 586.965820312, -80.3994827271, 459.418792725, 155.667648315, 132.215011597, 178.871368408, 112.439956665, 110.826255798, 122.215301514, 103.054695129], [239.303817749, 57.4642372131, 131.108657837, 219.786514282, 70.634979248, 155.667648315, 164.108230591, 75.1059799194, 105.879676819, 50.8913536072, 56.9557914734, 59.5237159729, 31.2787952423], [332.001403809, -95.9766693115, 108.360420227, 174.830505371, -12.767457962, 132.215011597, 75.1059799194, 95.3097686768, 81.8572006226, 47.2889633179, 35.9380989075, 39.6035079956, 28.0341854095], [391.511566162, 3.68069958687, 127.36567688, 262.875274658, -7.34995985031, 178.871368408, 105.879676819, 81.8572006226, 166.519989014, 85.1106643677, 82.6729049683, 78.8576507568, 64.008644104], [303.218963623, -44.9041023254, 86.9553375244, 160.173278809, -18.3420066833, 112.439956665, 50.8913536072, 47.2889633179, 85.1106643677, 82.0252532959, 62.000743866, 56.2699928284, 44.8323135376], [245.662780762, 21.0763626099, 69.2332305908, 155.634841919, -10.7202987671, 110.826255798, 56.9557914734, 35.9380989075, 82.6729049683, 62.000743866, 97.1902999878, 79.6823196411, 58.981803894], [328.664581299, -72.745300293, 101.385017395, 189.558944702, -29.2218875885, 122.215301514, 59.5237159729, 39.6035079956, 78.8576507568, 56.2699928284, 79.6823196411, 106.842224121, 73.9193496704], [261.497253418, -24.5070724487, 64.796585083, 143.265518188, -40.1938095093, 103.054695129, 31.2787952423, 28.0341854095, 64.008644104, 44.8323135376, 58.981803894, 73.9193496704, 92.4395141602]],
