{
"lowlevel": {
    "average_loudness": 0.956461131573,
    "barkbands_crest": {
        "dmean": 2.29746103287,
        "dmean2": 3.80559968948,
        "dvar": 6.11262083054,
        "dvar2": 15.72336483,
        "max": 24.5049686432,
        "mean": 9.30459117889,
        "median": 8.72288036346,
        "min": 2.44407939911,
        "var": 15.591176033
    },
    "barkbands_flatness_db": {
        "dmean": 0.0182785689831,
        "dmean2": 0.0276694539934,
        "dvar": 0.000407909508795,
        "dvar2": 0.000872501521371,
        "max": 0.458439618349,
        "mean": 0.116727277637,
        "median": 0.10339294374,
        "min": 0.0398032255471,
        "var": 0.00270548742265
    },
    "barkbands_kurtosis": {
        "dmean": 1.79483270645,
        "dmean2": 2.74630022049,
        "dvar": 57.0377197266,
        "dvar2": 110.930702209,
        "max": 443.085327148,
        "mean": 1.80119764805,
        "median": -0.559599161148,
        "min": -1.84082746506,
        "var": 239.47555542
    },
    "barkbands_skewness": {
        "dmean": 0.478521764278,
        "dmean2": 0.754260241985,
        "dvar": 0.347185343504,
        "dvar2": 0.812971949577,
        "max": 18.2579574585,
        "mean": 1.12629961967,
        "median": 0.962861359119,
        "min": -2.88389635086,
        "var": 1.52749705315
    },
    "barkbands_spread": {
        "dmean": 6.68212556839,
        "dmean2": 10.7991533279,
        "dvar": 53.1665000916,
        "dvar2": 136.359512329,
        "max": 82.2293701172,
        "mean": 37.3624343872,
        "median": 39.1064338684,
        "min": 0.425728559494,
        "var": 162.891433716
    },
    "dissonance": {
        "dmean": 0.00767061021179,
        "dmean2": 0.0127754211426,
        "dvar": 7.44156641304e-05,
        "dvar2": 0.00019861079636,
        "max": 0.49998241663,
        "mean": 0.482999801636,
        "median": 0.487739056349,
        "min": 0.26985681057,
        "var": 0.00034754461376
    },
    "dynamic_complexity": 2.45002436638,
    "erbbands_crest": {
        "dmean": 2.09408950806,
        "dmean2": 3.36866950989,
        "dvar": 4.27929449081,
        "dvar2": 10.2066287994,
        "max": 30.6541252136,
        "mean": 8.44961738586,
        "median": 7.25423717499,
        "min": 2.50851249695,
        "var": 17.1449279785
    },
    "erbbands_flatness_db": {
        "dmean": 0.012192748487,
        "dmean2": 0.0182341877371,
        "dvar": 0.00017171408399,
        "dvar2": 0.000336713012075,
        "max": 0.326846987009,
        "mean": 0.145843520761,
        "median": 0.138853922486,
        "min": 0.0878521502018,
        "var": 0.000950899906456
    },
    "erbbands_kurtosis": {
        "dmean": 1.00555539131,
        "dmean2": 1.58147478104,
        "dvar": 2.36920952797,
        "dvar2": 5.09678268433,
        "max": 60.545425415,
        "mean": 0.993692874908,
        "median": 0.483531475067,
        "min": -1.84262573719,
        "var": 11.1796798706
    },
    "erbbands_skewness": {
        "dmean": 0.285023123026,
        "dmean2": 0.439131766558,
        "dvar": 0.0964187905192,
        "dvar2": 0.216095149517,
        "max": 5.89079904556,
        "mean": -0.833946108818,
        "median": -0.961273193359,
        "min": -3.23505449295,
        "var": 0.609449326992
    },
    "erbbands_spread": {
        "dmean": 8.51541423798,
        "dmean2": 13.1907377243,
        "dvar": 87.8379211426,
        "dvar2": 199.36920166,
        "max": 117.384086609,
        "mean": 41.9401626587,
        "median": 39.7779083252,
        "min": 3.67639636993,
        "var": 245.603317261
    },
    "hfc": {
        "dmean": 10.7908382416,
        "dmean2": 18.6999893188,
        "dvar": 478.750457764,
        "dvar2": 1316.22485352,
        "max": 224.395843506,
        "mean": 24.772069931,
        "median": 21.5680847168,
        "min": 1.17647542713e-16,
        "var": 450.345916748
    },
    "melbands_crest": {
        "dmean": 3.02505874634,
        "dmean2": 4.94122505188,
        "dvar": 9.64554691315,
        "dvar2": 24.9174556732,
        "max": 31.4915351868,
        "mean": 16.2827987671,
        "median": 15.4393281937,
        "min": 2.92076468468,
        "var": 35.4426040649
    },
    "melbands_flatness_db": {
        "dmean": 0.0250375382602,
        "dmean2": 0.0388009175658,
        "dvar": 0.00073231064016,
        "dvar2": 0.0016830759123,
        "max": 0.53910446167,
        "mean": 0.173692852259,
        "median": 0.161677286029,
        "min": 0.00810859911144,
        "var": 0.00386075419374
    },
    "melbands_kurtosis": {
        "dmean": 6.14497327805,
        "dmean2": 9.8330116272,
        "dvar": 288.998382568,
        "dvar2": 699.277160645,
        "max": 583.099304199,
        "mean": 12.3350028992,
        "median": 6.29604530334,
        "min": -1.72896528244,
        "var": 1023.73480225
    },
    "melbands_skewness": {
        "dmean": 0.68684309721,
        "dmean2": 1.09375154972,
        "dvar": 0.702269792557,
        "dvar2": 1.72897171974,
        "max": 18.7290821075,
        "mean": 2.8513276577,
        "median": 2.57695364952,
        "min": -1.19484174252,
        "var": 2.90934062004
    },
    "melbands_spread": {
        "dmean": 11.8350067139,
        "dmean2": 19.6174201965,
        "dvar": 211.339736938,
        "dvar2": 568.502258301,
        "max": 164.86907959,
        "mean": 36.8588676453,
        "median": 34.253364563,
        "min": 0.387022703886,
        "var": 401.305480957
    },
    "pitch_salience": {
        "dmean": 0.0683731436729,
        "dmean2": 0.11000175029,
        "dvar": 0.00434440700337,
        "dvar2": 0.0110769569874,
        "max": 0.860447525978,
        "mean": 0.525234401226,
        "median": 0.540790975094,
        "min": 0.0295575223863,
        "var": 0.0149654578418
    },
    "silence_rate_20dB": {
        "dmean": 0,
        "dmean2": 0,
        "dvar": 0,
        "dvar2": 0,
        "max": 1,
        "mean": 1,
        "median": 1,
        "min": 1,
        "var": 0
    },
    "silence_rate_30dB": {
        "dmean": 0.0173718612641,
        "dmean2": 0.034746710211,
        "dvar": 0.0170715544373,
        "dvar2": 0.0455848835409,
        "max": 1,
        "mean": 0.988649070263,
        "median": 1,
        "min": 0,
        "var": 0.011221120134
    },
    "silence_rate_60dB": {
        "dmean": 0.00756793934852,
        "dmean2": 0.015137180686,
        "dvar": 0.00751381600276,
        "dvar2": 0.0176600236446,
        "max": 1,
        "mean": 0.0522830858827,
        "median": 0,
        "min": 0,
        "var": 0.0495602414012
    },
    "spectral_centroid": {
        "dmean": 307.465057373,
        "dmean2": 486.491271973,
        "dvar": 113221.789062,
        "dvar2": 267602.84375,
        "max": 11547.2890625,
        "mean": 2127.58203125,
        "median": 2228.23925781,
        "min": 153.03944397,
        "var": 354670.875
    },
    "spectral_complexity": {
        "dmean": 5.09821128845,
        "dmean2": 7.66646575928,
        "dvar": 31.3816833496,
        "dvar2": 65.4509124756,
        "max": 60,
        "mean": 26.2185916901,
        "median": 28,
        "min": 0,
        "var": 168.180953979
    },
    "spectral_decrease": {
        "dmean": 2.29581109679e-09,
        "dmean2": 3.91963261848e-09,
        "dvar": 2.9958106124e-17,
        "dvar2": 8.16080841349e-17,
        "max": 1.9300591081e-29,
        "mean": -5.85701442901e-09,
        "median": -5.21963716693e-09,
        "min": -6.10863395423e-08,
        "var": 2.59878575594e-17
    },
    "spectral_energy": {
        "dmean": 0.00943145249039,
        "dmean2": 0.0161187592894,
        "dvar": 0.000495065120049,
        "dvar2": 0.0013482744107,
        "max": 0.245894163847,
        "mean": 0.0243526622653,
        "median": 0.0217968411744,
        "min": 1.05981352761e-20,
        "var": 0.000432261032984
    },
    "spectral_energyband_high": {
        "dmean": 0.00113741750829,
        "dmean2": 0.00205979077145,
        "dvar": 6.69477913107e-06,
        "dvar2": 1.86599463632e-05,
        "max": 0.0222315285355,
        "mean": 0.00143980467692,
        "median": 0.00091818429064,
        "min": 7.54523135498e-21,
        "var": 4.78210222354e-06
    },
    "spectral_energyband_low": {
        "dmean": 0.00327938678674,
        "dmean2": 0.00560516351834,
        "dvar": 2.16150110646e-05,
        "dvar2": 6.26275941613e-05,
        "max": 0.0903555527329,
        "mean": 0.00937851797789,
        "median": 0.00875076279044,
        "min": 1.14856683674e-22,
        "var": 4.03544981964e-05
    },
    "spectral_energyband_middle_high": {
        "dmean": 0.00141297245864,
        "dmean2": 0.00225710961968,
        "dvar": 3.1834949823e-06,
        "dvar2": 8.10234541859e-06,
        "max": 0.0278671681881,
        "mean": 0.00541758164763,
        "median": 0.0053487229161,
        "min": 1.70243968457e-21,
        "var": 1.02494786915e-05
    },
    "spectral_energyband_middle_low": {
        "dmean": 0.00636534346268,
        "dmean2": 0.0108706299216,
        "dvar": 0.000372903974494,
        "dvar2": 0.00101161457133,
        "max": 0.198295325041,
        "mean": 0.00923646427691,
        "median": 0.00611677579582,
        "min": 2.33822537493e-22,
        "var": 0.000266076473054
    },
    "spectral_entropy": {
        "dmean": 0.151173457503,
        "dmean2": 0.221638992429,
        "dvar": 0.0386685319245,
        "dvar2": 0.0727664232254,
        "max": 9.79351043701,
        "mean": 7.64548492432,
        "median": 7.78363275528,
        "min": 5.30180025101,
        "var": 0.20463424921
    },
    "spectral_flux": {
        "dmean": 0.0243461504579,
        "dmean2": 0.0381149835885,
        "dvar": 0.0016185475979,
        "dvar2": 0.00336560537107,
        "max": 0.41217520833,
        "mean": 0.0723741725087,
        "median": 0.0625685229897,
        "min": 1.02947247949e-10,
        "var": 0.00261717499234
    },
    "spectral_kurtosis": {
        "dmean": 1.15559875965,
        "dmean2": 2.01278614998,
        "dvar": 1.51246535778,
        "dvar2": 4.33669900894,
        "max": 31.7421569824,
        "mean": 3.52939200401,
        "median": 3.17901706696,
        "min": -1.19491410255,
        "var": 2.97680234909
    },
    "spectral_rms": {
        "dmean": 0.000762513198424,
        "dmean2": 0.00125624681823,
        "dvar": 1.5858969391e-06,
        "dvar2": 4.10874054069e-06,
        "max": 0.0154886003584,
        "mean": 0.00458031659946,
        "median": 0.00461142184213,
        "min": 3.21553179049e-12,
        "var": 2.77934555015e-06
    },
    "spectral_rolloff": {
        "dmean": 640.987854004,
        "dmean2": 1088.37158203,
        "dvar": 648911.625,
        "dvar2": 1572009.375,
        "max": 18841.5527344,
        "mean": 2378.57543945,
        "median": 2605.51757812,
        "min": 86.1328125,
        "var": 1288236.25
    },
    "spectral_skewness": {
        "dmean": 0.159997671843,
        "dmean2": 0.270707428455,
        "dvar": 0.0259451530874,
        "dvar2": 0.0695120543242,
        "max": 3.98610162735,
        "mean": 1.06830024719,
        "median": 1.01813685894,
        "min": -0.043013934046,
        "var": 0.0913737788796
    },
    "spectral_spread": {
        "dmean": 344934.5625,
        "dmean2": 533159.75,
        "dvar": 236460195840,
        "dvar2": 399792111616,
        "max": 40240104,
        "mean": 3934149,
        "median": 3870615.25,
        "min": 1533227.375,
        "var": 532566835200
    },
    "spectral_strongpeak": {
        "dmean": 0.344106793404,
        "dmean2": 0.620254456997,
        "dvar": 0.687824606895,
        "dvar2": 1.81108725071,
        "max": 8.12756347656,
        "mean": 0.612995624542,
        "median": 0.424728661776,
        "min": 0,
        "var": 0.670824050903
    },
    "zerocrossingrate": {
        "dmean": 0.00938723608851,
        "dmean2": 0.0122116925195,
        "dvar": 0.000112548390462,
        "dvar2": 0.000157021699124,
        "max": 0.50634765625,
        "mean": 0.0715273842216,
        "median": 0.072265625,
        "min": 0.00341796875,
        "var": 0.000580356747378
    },
    "barkbands": {
        "dmean": [3.16713703796e-05, 0.00112028839067, 0.00220920401625, 0.00131540116854, 0.00512795010582, 0.000453854649095, 0.000275671744021, 0.00011314015137, 0.000284686946543, 7.22804543329e-05, 7.37856607884e-05, 0.000105938663182, 9.42787082749e-05, 0.000368512322893, 0.000168337966898, 0.000460567651317, 0.0003276594216, 0.000382407277357, 0.000486749981064, 0.000388760439819, 0.00037168795825, 0.000296535057714, 0.00015373583301, 8.13077858766e-05, 4.02841760661e-05, 1.42662711369e-05, 5.75838248551e-06],
        "dmean2": [3.44882246281e-05, 0.00196675956249, 0.00374346040189, 0.00233957543969, 0.00884720031172, 0.000737070222385, 0.000432411325164, 0.000182316885912, 0.000424290221417, 0.000108811422251, 0.000116816110676, 0.000167251811945, 0.000146881793626, 0.000592723721638, 0.000275622325717, 0.000710503139999, 0.000519984751008, 0.000612816831563, 0.000813587685116, 0.000667940010317, 0.000679959717672, 0.000537140411325, 0.0002752818109, 0.000144685967825, 6.9398607593e-05, 2.49496206379e-05, 1.05214940049e-05],
        "dvar": [2.02006722461e-09, 2.59385092249e-06, 1.21741550174e-05, 5.61058823223e-06, 0.000302439671941, 4.30183007438e-07, 1.57552818791e-07, 3.63245682422e-08, 1.60809349836e-07, 8.84740902762e-09, 1.60904125579e-08, 2.79655694158e-08, 1.3103979235e-08, 3.02945181829e-07, 5.33297601635e-08, 3.77320247935e-07, 1.85330847557e-07, 3.14675816071e-07, 4.22208614737e-07, 4.0700879822e-07, 6.41418807845e-07, 4.18909024802e-07, 1.11972354944e-07, 3.16897654784e-08, 8.80525963254e-09, 8.91552054405e-10, 1.95814295334e-10],
        "dvar2": [2.5264004222e-09, 8.00399720902e-06, 3.5597520764e-05, 1.55076340889e-05, 0.000829866505228, 1.01100602024e-06, 3.86209222825e-07, 9.33106889534e-08, 3.61143065675e-07, 1.93392111214e-08, 3.74744928422e-08, 6.50638511956e-08, 3.15979171717e-08, 7.59504871439e-07, 1.38450104714e-07, 8.33000399325e-07, 4.26834048994e-07, 7.64373453421e-07, 1.11374538392e-06, 1.1219112821e-06, 1.81365396656e-06, 1.16036972031e-06, 3.09667512965e-07, 8.61873772351e-08, 2.37128858771e-08, 2.4665192111e-09, 5.56303392241e-10],
        "max": [0.000570206553675, 0.0250983517617, 0.070111811161, 0.0287666544318, 0.182555422187, 0.00952226482332, 0.00919653009623, 0.00296719651669, 0.00854805670679, 0.00168285286054, 0.0022745851893, 0.00344596547075, 0.00233985320665, 0.0100797060877, 0.00433247629553, 0.00835996307433, 0.0056676780805, 0.00979665853083, 0.00775744020939, 0.00601047743112, 0.00796892307699, 0.00543491682038, 0.00287120230496, 0.00138999719638, 0.000877507613041, 0.00023756371229, 0.00010872848361],
        "mean": [4.96321299579e-05, 0.00259452266619, 0.00563676189631, 0.00157760945149, 0.0050615798682, 0.000773242325522, 0.000947092310525, 0.000205401491257, 0.000646258878987, 0.000146970371134, 0.000131242923089, 0.000209350560908, 0.00021339772502, 0.000655803189147, 0.000328534282744, 0.000974680355284, 0.000700804870576, 0.000776667380705, 0.000956078467425, 0.0006251137238, 0.000479746347992, 0.000341812818078, 0.00016933416191, 8.18322077976e-05, 4.55957524537e-05, 1.86510096682e-05, 4.9330415095e-06],
        "median": [8.85611461854e-06, 0.00210677087307, 0.00394877418876, 0.000875551486388, 0.00207049399614, 0.000567102106288, 0.0004278809065, 0.000130566899315, 0.000416530965595, 9.96618400677e-05, 7.11235916242e-05, 0.000142860444612, 0.000173753316631, 0.000423300924012, 0.000249926932156, 0.000656695920043, 0.000477467372548, 0.000573007157072, 0.000775296008214, 0.000479819456814, 0.000330275797751, 0.000195208849618, 8.03993752925e-05, 2.92349886877e-05, 1.83922747965e-05, 1.13253918244e-05, 1.14497959203e-06],
        "min": [1.97828486773e-23, 9.06742346663e-23, 4.46567413685e-24, 7.69939918637e-24, 1.70509949635e-23, 6.73821508739e-23, 1.43853992549e-23, 4.17774077419e-23, 6.94349688977e-23, 9.3282208819e-23, 2.89519525281e-23, 7.09016254036e-23, 2.60030869658e-22, 1.16609027735e-22, 2.02632592888e-22, 1.0966129624e-22, 1.66364302563e-22, 2.04817056019e-22, 3.51591291733e-22, 2.74977474027e-22, 3.07956428948e-22, 4.98972016332e-22, 7.13798101651e-22, 8.18080515099e-22, 1.08527227278e-21, 1.72352753953e-21, 2.4100187855e-21],
        "var": [5.81540726685e-09, 4.23036453867e-06, 2.68581043201e-05, 5.22179198015e-06, 0.000202092269319, 6.95609401191e-07, 2.71938597507e-06, 6.18202165015e-08, 5.91386367432e-07, 2.49758418391e-08, 3.89385803601e-08, 6.22013160978e-08, 3.79049573951e-08, 6.26766734513e-07, 1.13060082185e-07, 1.16086323487e-06, 4.9534065738e-07, 6.30616796116e-07, 6.69657481467e-07, 4.17258064545e-07, 4.47868700348e-07, 3.01190993923e-07, 8.59257411889e-08, 2.35516157687e-08, 7.11656245045e-09, 6.88511803126e-10, 1.23101778771e-10]
    },
    "erbbands": {
        "dmean": [0.0257337819785, 0.299114823341, 2.02985405922, 3.75150704384, 12.0167350769, 19.3832416534, 4.95420074463, 3.5346364975, 4.36341381073, 2.74521970749, 2.77055954933, 7.05434703827, 2.87198734283, 1.89505326748, 2.87981772423, 4.1773724556, 4.50583267212, 7.86726522446, 16.9562416077, 9.69652462006, 29.1584663391, 17.245765686, 22.8139305115, 20.2213726044, 22.839345932, 18.5114021301, 17.9675559998, 14.6815872192, 10.8025808334, 5.40145301819, 4.32110834122, 1.8000702858, 1.40634703636, 0.567830145359, 0.224486470222, 0.065953373909, 0.0263826698065, 0.00768025591969, 0.00108410662506, 3.79738521588e-05],
        "dmean2": [0.0432542674243, 0.521226286888, 3.38513493538, 6.54653978348, 20.811674118, 33.7879638672, 7.92609596252, 5.79348325729, 6.89661455154, 4.37971735001, 4.30735826492, 10.6109304428, 4.33104944229, 2.76523661613, 4.67783069611, 6.60599040985, 6.8515920639, 12.6990432739, 27.3560161591, 15.8743658066, 44.8069038391, 27.5278224945, 36.7109260559, 32.6340713501, 38.880279541, 31.9872627258, 32.8404693604, 26.6263847351, 19.4916877747, 9.5943813324, 7.8119354248, 3.1769900322, 2.52759575844, 0.990683138371, 0.383852154016, 0.112922988832, 0.0463122501969, 0.0139565244317, 0.00198035337962, 6.79976365063e-05],
        "dvar": [0.00188713171519, 0.182711392641, 11.1743021011, 33.8983726501, 1501.48999023, 4649.26367188, 95.0035476685, 24.2696838379, 41.7089233398, 18.3109416962, 18.9606056213, 110.494819641, 17.4812984467, 7.63311910629, 30.4750957489, 38.2382469177, 30.8518123627, 106.597000122, 522.744812012, 169.070159912, 1657.30310059, 452.861968994, 1245.93652344, 524.998718262, 1311.61889648, 920.91796875, 1608.69140625, 936.404602051, 502.510528564, 154.51864624, 91.4629669189, 14.9684238434, 10.1904201508, 1.63067495823, 0.299116700888, 0.0198648944497, 0.00286554754712, 0.000313414988341, 7.06911396264e-06, 7.20912440855e-09],
        "dvar2": [0.00602304842323, 0.549545884132, 32.2664413452, 90.0633850098, 4192.12060547, 12657.5800781, 240.214645386, 59.0052337646, 107.062362671, 43.014957428, 48.9105224609, 249.589492798, 38.7755851746, 15.8328971863, 80.104850769, 89.4884567261, 70.4463500977, 269.383392334, 1311.57995605, 459.016204834, 3586.59838867, 1087.23388672, 3022.36010742, 1322.84143066, 3580.80493164, 2564.04272461, 4543.36132812, 2627.58056641, 1386.71655273, 425.958892822, 255.680374146, 40.4284515381, 28.1424407959, 4.40657806396, 0.80630338192, 0.0542920604348, 0.00796522665769, 0.000889061600901, 2.00629892788e-05, 2.01587173621e-08],
        "max": [0.400526255369, 8.49320793152, 65.8882751465, 105.920875549, 410.735046387, 689.118469238, 138.796234131, 85.2064971924, 166.690292358, 81.1706161499, 77.6446609497, 237.648986816, 71.6112289429, 54.8304252625, 66.8195495605, 124.154075623, 117.680969238, 181.134765625, 376.518066406, 222.172180176, 518.26739502, 289.359100342, 624.926452637, 295.994873047, 438.546783447, 280.469207764, 408.578948975, 275.014007568, 187.312957764, 120.989448547, 83.4478759766, 38.5930366516, 19.9884967804, 11.9192781448, 5.57413625717, 1.36888790131, 0.403564989567, 0.124734841287, 0.0214607827365, 0.000741157389712],
        "mean": [0.0448028296232, 0.782126188278, 5.6734623909, 6.57894039154, 12.2487840652, 17.668176651, 7.17450666428, 6.78783655167, 15.4735841751, 5.67925596237, 6.48458909988, 15.2634429932, 6.4373998642, 4.39252138138, 5.4545712471, 8.83423137665, 11.0799531937, 17.0770816803, 32.6796379089, 22.7291622162, 60.7793540955, 41.4774131775, 46.3209533691, 48.1862373352, 41.9159393311, 30.2057762146, 20.6435184479, 18.5091400146, 13.2435007095, 6.84169435501, 4.4571852684, 1.97410297394, 1.3021594286, 0.608811914921, 0.265283316374, 0.0885102450848, 0.0350289270282, 0.00766855711117, 0.000926803797483, 5.50116674276e-05],
        "median": [0.0287611111999, 0.715716123581, 3.18033266068, 5.11119747162, 5.487616539, 6.09266901016, 4.31328344345, 4.78266096115, 5.91576576233, 4.67857456207, 4.9053068161, 9.45180416107, 4.20653772354, 3.07231974602, 3.57651567459, 6.63373661041, 9.41373920441, 13.8541631699, 23.7817173004, 19.6877479553, 38.3332099915, 33.9751663208, 34.8206634521, 41.6160087585, 34.3219985962, 23.6368808746, 12.5632019043, 12.4826173782, 8.28491973877, 3.73897004128, 1.86744379997, 0.777620613575, 0.412801772356, 0.237206101418, 0.10754738003, 0.0497892200947, 0.0222036000341, 0.0033830483444, 0.000199419184355, 3.6206569348e-05],
        "min": [4.07275662795e-21, 1.45416784567e-20, 7.10499840128e-21, 2.01244415799e-20, 1.34913222531e-20, 6.41611624791e-20, 3.61219330347e-19, 5.36753415281e-19, 3.4624606879e-19, 4.17584735605e-19, 9.41763221968e-19, 1.7718630583e-18, 2.52749089351e-18, 2.07144781704e-18, 1.88499923902e-18, 4.41762961246e-18, 1.17265706216e-17, 5.28794314447e-18, 8.85108401722e-18, 8.84553694404e-18, 7.18598681495e-18, 1.02624849256e-17, 1.13859905849e-17, 1.00507291704e-17, 1.97165480406e-17, 1.46027917624e-17, 1.26497331365e-17, 1.33626147592e-17, 1.68414270501e-17, 1.74496860417e-17, 2.34833134832e-17, 1.77913132891e-17, 1.38794669845e-17, 1.09813917319e-17, 8.3162439224e-18, 6.24224156483e-18, 2.89620830591e-18, 1.278488597e-18, 3.5903425521e-19, 3.73933878306e-20],
        "var": [0.00237655756064, 0.331241250038, 30.0958995819, 41.4322509766, 979.176391602, 3113.35424805, 106.131813049, 46.2285346985, 895.629882812, 29.3834114075, 39.5549697876, 394.794769287, 58.5452575684, 23.4500675201, 50.5884895325, 88.4408721924, 95.2430343628, 253.906845093, 1156.58874512, 384.950286865, 4960.671875, 1120.61401367, 2240.83886719, 1348.36437988, 1486.6439209, 937.094787598, 1085.66308594, 676.349365234, 376.610900879, 121.78175354, 67.077796936, 12.002828598, 7.03013420105, 1.26697587967, 0.25144430995, 0.0166976097971, 0.00222233566456, 0.000201438335353, 4.44696615887e-06, 5.06306330195e-09]
    },
    "gfcc": {
        "mean": [11.1270303726, 74.3239898682, -122.07069397, 64.5427093506, -41.033000946, 0.724495589733, -36.7740325928, 5.28337907791, -23.1457691193, 1.77262246609, -23.9899272919, -4.37288761139, -18.2289447784],
        "cov": [[7535.49169922, -674.755126953, 13.5652933121, -224.523666382, -263.666168213, -21.2897033691, -190.221389771, -32.5938720703, -175.457199097, 101.568199158, -173.964981079, 126.105712891, 15.2197723389], [-674.755126953, 689.983337402, -62.6184272766, -22.3454380035, 95.8126602173, -92.9162826538, 25.2227573395, -54.720287323, 40.7749786377, 37.3751411438, 46.7264862061, -26.6925315857, 14.9708461761], [13.5652933121, -62.6184272766, 306.382141113, 34.5118103027, -35.0526657104, 11.027841568, -22.9174880981, 15.3532772064, -2.13638329506, -37.2982177734, 21.0335426331, -1.78902792931, 13.5082759857], [-224.523666382, -22.3454380035, 34.5118103027, 267.077941895, 62.2226753235, 99.1990432739, 40.715763092, 25.8489284515, 35.4947242737, -48.5454940796, 9.6233997345, -33.0039863586, 0.260633707047], [-263.666168213, 95.8126602173, -35.0526657104, 62.2226753235, 182.285751343, 11.0829133987, 60.8167190552, 0.996818602085, 26.8461265564, 12.6728477478, -10.9867572784, -7.17580127716, -13.4835443497], [-21.2897033691, -92.9162826538, 11.027841568, 99.1990432739, 11.0829133987, 178.953613281, 37.4576225281, 40.7625999451, 15.9643173218, -20.6140651703, 30.4923973083, -3.85922050476, -3.33604288101], [-190.221389771, 25.2227573395, -22.9174880981, 40.715763092, 60.8167190552, 37.4576225281, 125.199714661, 34.9787902832, 15.8940248489, -17.9270744324, -13.6870079041, -7.37624692917, -3.4069006443], [-32.5938720703, -54.720287323, 15.3532772064, 25.8489284515, 0.996818602085, 40.7625999451, 34.9787902832, 81.2300338745, 28.2433242798, -1.96794044971, -8.88918781281, 4.42220687866, -4.2077922821], [-175.457199097, 40.7749786377, -2.13638329506, 35.4947242737, 26.8461265564, 15.9643173218, 15.8940248489, 28.2433242798, 71.4902954102, 23.9636707306, 19.1029968262, -13.1111288071, -6.44050264359], [101.568199158, 37.3751411438, -37.2982177734, -48.5454940796, 12.6728477478, -20.6140651703, -17.9270744324, -1.96794044971, 23.9636707306, 90.82006073, 27.7717666626, 9.49741172791, -19.3241443634], [-173.964981079, 46.7264862061, 21.0335426331, 9.6233997345, -10.9867572784, 30.4923973083, -13.6870079041, -8.88918781281, 19.1029968262, 27.7717666626, 88.8524017334, 16.0065422058, 0.536110639572], [126.105712891, -26.6925315857, -1.78902792931, -33.0039863586, -7.17580127716, -3.85922050476, -7.37624692917, 4.42220687866, -13.1111288071, 9.49741172791, 16.0065422058, 61.65965271, 18.0438766479], [15.2197723389, 14.9708461761, 13.5082759857, 0.260633707047, -13.4835443497, -3.33604288101, -3.4069006443, -4.2077922821, -6.44050264359, -19.3241443634, 0.536110639572, 18.0438766479, 45.5099449158]],
        "icov": [[0.000185453362064, 8.82917593117e-05, -7.19426607247e-05, -5.51571938558e-05, 0.000239935325226, -0.000194834632566, 8.43005182105e-05, 0.000224971940042, 0.000218639615923, -0.000598892685957, 0.000681078177877, -0.000381915946491, -6.54351679259e-05], [8.82917593117e-05, 0.00227802107111, 0.000365357671399, 0.000297820428386, -0.00108727917541, 0.00135854037944, -0.000563252484426, 0.000765779288486, -0.000558723404538, -0.000245196919423, -0.0018680873327, 0.00178713107016, -0.00195270590484], [-7.19426607247e-05, 0.000365357671399, 0.00397413922474, -0.000203208925086, -0.000210762940696, 0.000967450789176, 0.000985040911473, -0.00181532930583, 0.000283474684693, 0.00228939228691, -0.00263136671856, 0.00122106133495, -0.000801104994025], [-5.51571938558e-05, 0.000297820428386, -0.000203208925086, 0.00667776353657, -0.00252324668691, -0.00242655957118, 0.000562502013054, -0.000256539555266, -0.0026334268041, 0.00404592370614, -0.00157339940779, 0.0028946402017, -0.000748378632125], [0.000239935325226, -0.00108727917541, -0.000210762940696, -0.00252324668691, 0.00943618454039, -0.000775249907747, -0.00384702929296, 0.00372751709074, -0.00220352341421, -0.00323508610018, 0.00478220870718, -0.00409489544109, 0.00303169921972], [-0.000194834632566, 0.00135854037944, 0.000967450789176, -0.00242655957118, -0.000775249907747, 0.0102315060794, -0.00156711798627, -0.00438401242718, 0.00153499795124, 0.00213660579175, -0.00674896687269, 0.00224243546836, -0.000342463899869], [8.43005182105e-05, -0.000563252484426, 0.000985040911473, 0.000562502013054, -0.00384702929296, -0.00156711798627, 0.0125406598672, -0.00530374329537, 0.00035295804264, 0.00311207328923, 0.000458316382719, 0.000680660945363, 0.000151364787598], [0.000224971940042, 0.000765779288486, -0.00181532930583, -0.000256539555266, 0.00372751709074, -0.00438401242718, -0.00530374329537, 0.0230011045933, -0.0108639253303, -0.00160683598369, 0.00813517253846, -0.00762211531401, 0.00343224243261], [0.000218639615923, -0.000558723404538, 0.000283474684693, -0.0026334268041, -0.00220352341421, 0.00153499795124, 0.00035295804264, -0.0108639253303, 0.025980854407, -0.00770877720788, -0.00546909170225, 0.00791592057794, -0.0041473293677], [-0.000598892685957, -0.000245196919423, 0.00228939228691, 0.00404592370614, -0.00323508610018, 0.00213660579175, 0.00311207328923, -0.00160683598369, -0.00770877720788, 0.0228642281145, -0.00803207699209, -0.00191911030561, 0.00833382178098], [0.000681078177877, -0.0018680873327, -0.00263136671856, -0.00157339940779, 0.00478220870718, -0.00674896687269, 0.000458316382719, 0.00813517253846, -0.00546909170225, -0.00803207699209, 0.0236870702356, -0.0103256730363, 0.00251581706107], [-0.000381915946491, 0.00178713107016, 0.00122106133495, 0.0028946402017, -0.00409489544109, 0.00224243546836, 0.000680660945363, -0.00762211531401, 0.00791592057794, -0.00191911030561, -0.0103256730363, 0.0281995330006, -0.0132954036817], [-6.54351679259e-05, -0.00195270590484, -0.000801104994025, -0.000748378632125, 0.00303169921972, -0.000342463899869, 0.000151364787598, 0.00343224243261, -0.0041473293677, 0.00833382178098, 0.00251581706107, -0.0132954036817, 0.0322748050094]]
    },
    "melbands": {
        "dmean": [0.000260279601207, 0.000796878652181, 0.000733650522307, 0.00137003976852, 0.000248619413469, 8.06783718872e-05, 6.11700379523e-05, 2.82536584564e-05, 2.84084308078e-05, 4.21271943196e-05, 1.44270870805e-05, 8.08654476714e-06, 1.10755263449e-05, 8.34046204545e-06, 1.5006612557e-05, 9.27901692194e-06, 1.86535762623e-05, 3.61731326848e-05, 1.18997604659e-05, 1.93024934561e-05, 3.57833414455e-05, 1.69923259818e-05, 2.89287600026e-05, 1.53879100253e-05, 1.82190833584e-05, 2.01653492695e-05, 1.28530782604e-05, 1.36860626299e-05, 1.31827464429e-05, 7.82055303716e-06, 9.86971099337e-06, 7.13945792086e-06, 3.97382837036e-06, 2.83836811832e-06, 3.06304605147e-06, 1.45182605138e-06, 9.501939644e-07, 1.09808411253e-06, 6.94746518093e-07, 4.27671324132e-07],
        "dmean2": [0.000452643056633, 0.00133911182638, 0.00129755702801, 0.0023738942109, 0.000409897591453, 0.000131099339342, 9.65416838881e-05, 4.52520907857e-05, 4.33425338997e-05, 6.37519697193e-05, 2.17408014578e-05, 1.17095996757e-05, 1.75959849003e-05, 1.37286333484e-05, 2.29537527048e-05, 1.45065050674e-05, 3.01573873003e-05, 5.83055480092e-05, 1.96633736778e-05, 3.10889881803e-05, 5.50022450625e-05, 2.68913881882e-05, 4.65542252641e-05, 2.45622395596e-05, 2.92928089038e-05, 3.43107967637e-05, 2.12049053516e-05, 2.39758537646e-05, 2.41746201937e-05, 1.4046789147e-05, 1.79152666533e-05, 1.29175432448e-05, 7.03693785908e-06, 5.01485283166e-06, 5.54151347387e-06, 2.60520869233e-06, 1.66084703324e-06, 1.98221687242e-06, 1.24582800254e-06, 7.37624930025e-07],
        "dvar": [1.57585319016e-07, 1.61688399203e-06, 1.89927914107e-06, 2.20439324039e-05, 4.21842315745e-07, 1.24492469666e-08, 8.15331802073e-09, 1.83518145125e-09, 1.67280778118e-09, 3.81710441033e-09, 4.40237429844e-10, 1.34350822134e-10, 3.71192881987e-10, 1.57640053788e-10, 5.92423887724e-10, 1.24056515061e-10, 6.65094812557e-10, 2.6360340577e-09, 2.62556171249e-10, 6.06250327717e-10, 2.51471021784e-09, 5.3036541825e-10, 1.55900736765e-09, 4.17383100304e-10, 4.36910480017e-10, 8.95724716621e-10, 2.85066387162e-10, 5.64661539748e-10, 9.10485076222e-10, 2.29739394175e-10, 4.23140661399e-10, 2.05174821577e-10, 9.14159026255e-11, 3.60358271001e-11, 4.67269660465e-11, 9.85807616094e-12, 3.93265541659e-12, 6.10751249921e-12, 2.71102975138e-12, 8.63740773783e-13],
        "dvar2": [5.01757256188e-07, 4.70264376418e-06, 5.27350312041e-06, 6.05084496783e-05, 1.09623215394e-06, 2.97219919787e-08, 2.05112122842e-08, 4.31383462285e-09, 4.07848332884e-09, 8.89184992303e-09, 9.66455360185e-10, 2.72191408301e-10, 8.81178352508e-10, 4.20702417347e-10, 1.32371158479e-09, 3.11438791423e-10, 1.67584279787e-09, 6.5993743803e-09, 7.00175417645e-10, 1.53533141756e-09, 5.44392486646e-09, 1.25285071206e-09, 3.68002717188e-09, 1.04361552733e-09, 1.10761422256e-09, 2.42890352276e-09, 7.40300931668e-10, 1.58422319707e-09, 2.57110222002e-09, 6.48102016498e-10, 1.18727128129e-09, 5.67413449559e-10, 2.55113707937e-10, 9.78524899997e-11, 1.30973634715e-10, 2.74272497075e-11, 1.04282459404e-11, 1.68920866878e-11, 7.50153411611e-12, 2.3008576381e-12],
        "max": [0.00454183481634, 0.0265815313905, 0.0144932782277, 0.0478728972375, 0.00741334492341, 0.0018760887906, 0.00212472351268, 0.000762435200159, 0.000688501517288, 0.00128024001606, 0.000359225465218, 0.000240256747929, 0.000327060610289, 0.000159716568305, 0.000542429334018, 0.000168529251823, 0.000484195130412, 0.000869155977853, 0.000270977179753, 0.000697591283824, 0.000627711298876, 0.000365175830666, 0.000617139099631, 0.000281862681732, 0.000283839384792, 0.000321616680594, 0.000302380387438, 0.000226343647228, 0.000308451999445, 0.000164010503795, 0.000176990011823, 0.000106317078462, 0.000104666891275, 5.19369132235e-05, 6.0533053329e-05, 3.67461288988e-05, 1.67236175912e-05, 1.61113784998e-05, 1.54978806677e-05, 9.35429216042e-06],
        "mean": [0.000558695173822, 0.00230428320356, 0.0012000433635, 0.00130526954308, 0.000308085582219, 0.000169334118254, 0.000208138764719, 5.33576749149e-05, 6.70072040521e-05, 9.03331456357e-05, 3.02542011923e-05, 1.81753566721e-05, 1.98758370971e-05, 1.55316192831e-05, 3.12125157507e-05, 2.07676730497e-05, 3.64300249203e-05, 6.45125910523e-05, 2.33871378441e-05, 4.26593687735e-05, 7.11118264007e-05, 3.55622069037e-05, 5.50524055143e-05, 3.16320947604e-05, 4.04605452786e-05, 3.50695408997e-05, 2.48465748882e-05, 1.90672926692e-05, 1.3435159417e-05, 1.03349948404e-05, 1.12445377454e-05, 8.04762930784e-06, 5.15430110681e-06, 3.43102237821e-06, 3.01765203403e-06, 1.53014832449e-06, 1.05494018499e-06, 9.9427177247e-07, 6.48377294965e-07, 4.78183153518e-07],
        "median": [0.000426232232712, 0.00158079783432, 0.000924653257243, 0.000496787077282, 0.000162260679645, 0.000112586247269, 8.47781338962e-05, 4.04272977903e-05, 4.85498931084e-05, 5.66470880585e-05, 1.8092125174e-05, 1.21273078548e-05, 1.11080762508e-05, 1.24810203488e-05, 2.09115369216e-05, 1.66561130754e-05, 2.76030859823e-05, 4.23972123826e-05, 1.84882737813e-05, 3.48700086761e-05, 4.28409912274e-05, 2.53194139077e-05, 3.62956379831e-05, 2.47126790782e-05, 3.37514611601e-05, 2.78324569081e-05, 2.00836893782e-05, 1.34050460474e-05, 7.35096818971e-06, 7.22326149116e-06, 6.99898328094e-06, 4.68160533273e-06, 3.16416617352e-06, 1.81835309832e-06, 1.24713892546e-06, 5.70418876578e-07, 4.15757000383e-07, 3.21096536027e-07, 1.96690635335e-07, 2.03755135431e-07],
        "min": [3.12571744871e-23, 8.89723635043e-24, 3.09531861484e-24, 1.96056310749e-24, 1.05162116419e-23, 1.22227844149e-23, 4.70988299057e-24, 5.3133931375e-24, 8.38432687847e-24, 1.09816869076e-23, 1.28472340857e-23, 9.15756123802e-24, 4.92907943157e-24, 7.52089810732e-24, 2.45355573487e-23, 2.02224161732e-23, 8.05361272117e-24, 1.29237701596e-23, 1.64061816373e-23, 7.41651129918e-24, 8.14892684005e-24, 9.48981367408e-24, 1.1123356071e-23, 1.01530634685e-23, 7.02703094875e-24, 1.53126863163e-23, 1.14973147943e-23, 9.49010555261e-24, 7.19708648295e-24, 7.80065342786e-24, 8.4979433592e-24, 8.93567675348e-24, 1.04637097932e-23, 9.18600125137e-24, 1.47688645409e-23, 1.0570957011e-23, 1.07866197496e-23, 9.1389149328e-24, 1.05458672899e-23, 8.63321643837e-24],
        "var": [2.42537822714e-07, 3.99118425776e-06, 1.64402536029e-06, 1.4660463421e-05, 3.57272654128e-07, 3.17876072131e-08, 1.45729785572e-07, 3.21843773854e-09, 4.92421081688e-09, 1.26000525569e-08, 1.5028425171e-09, 4.32244767756e-10, 8.62883375863e-10, 2.3903887203e-10, 1.40178757491e-09, 3.51797396769e-10, 1.43608125391e-09, 5.54277557185e-09, 5.28475430084e-10, 1.73036696083e-09, 7.3921757604e-09, 1.28718746772e-09, 3.28413674033e-09, 8.80256367797e-10, 1.08966502488e-09, 1.06004016676e-09, 4.92574925293e-10, 5.1274817725e-10, 5.90764215325e-10, 1.79821102453e-10, 2.97077057398e-10, 1.50278567368e-10, 6.88389900638e-11, 3.01632781252e-11, 3.34655914092e-11, 7.5359276111e-12, 3.32027287608e-12, 4.14946245766e-12, 1.88617502693e-12, 7.1039772372e-13]
    },
    "mfcc": {
        "mean": [-627.87890625, 95.1785964966, -11.85181427, 57.4530067444, 12.3578481674, 10.1636371613, -2.06620621681, 2.09516072273, 1.12760233879, 1.89385104179, 3.67861223221, -4.01022911072, -5.76617240906],
        "cov": [[7190.53369141, -384.61151123, -170.127548218, -164.968353271, -249.702209473, 4.5858130455, -164.991867065, -122.496337891, -73.8193283081, 93.4169464111, -260.76348877, -138.77784729, 92.0064468384], [-384.61151123, 676.28302002, -142.190551758, 54.2094039917, -9.06935977936, -15.382563591, -16.2712612152, -102.791030884, 8.43166732788, -46.5326194763, 13.4548377991, 10.2805166245, 57.4586029053], [-170.127548218, -142.190551758, 343.514953613, -10.3743886948, 37.0218048096, -20.7130317688, -2.02229976654, 44.4840888977, -24.4252586365, -1.34097838402, -23.8974475861, 0.67928814888, -8.91822433472], [-164.968353271, 54.2094039917, -10.3743886948, 197.064376831, 43.704158783, 37.4551391602, 18.6002979279, 25.7548694611, 30.1909751892, 13.6082544327, 29.5410404205, -12.1663942337, -23.7520771027], [-249.702209473, -9.06935977936, 37.0218048096, 43.704158783, 105.254837036, 42.3687820435, 17.2739391327, 22.9892120361, -1.47449958324, 5.41748142242, 26.5055389404, 17.6168041229, 3.38630056381], [4.5858130455, -15.382563591, -20.7130317688, 37.4551391602, 42.3687820435, 96.9631958008, 46.6931762695, 31.9866275787, 6.92784500122, 14.9726696014, 20.0130157471, 14.0233058929, 0.505453526974], [-164.991867065, -16.2712612152, -2.02229976654, 18.6002979279, 17.2739391327, 46.6931762695, 77.813293457, 47.9009170532, 16.2954082489, 4.48816871643, 18.2962284088, 12.0589590073, -8.54140090942], [-122.496337891, -102.791030884, 44.4840888977, 25.7548694611, 22.9892120361, 31.9866275787, 47.9009170532, 124.837333679, 39.9053688049, 23.5448112488, 15.7190103531, -6.82805728912, -25.3134250641], [-73.8193283081, 8.43166732788, -24.4252586365, 30.1909751892, -1.47449958324, 6.92784500122, 16.2954082489, 39.9053688049, 72.4619674683, 26.1175861359, 10.2645587921, -10.2584438324, -14.1896114349], [93.4169464111, -46.5326194763, -1.34097838402, 13.6082544327, 5.41748142242, 14.9726696014, 4.48816871643, 23.5448112488, 26.1175861359, 74.8616027832, 34.6779785156, -1.22058045864, -8.81469631195], [-260.76348877, 13.4548377991, -23.8974475861, 29.5410404205, 26.5055389404, 20.0130157471, 18.2962284088, 15.7190103531, 10.2645587921, 34.6779785156, 79.1400375366, 33.5689620972, -4.62655115128], [-138.77784729, 10.2805166245, 0.67928814888, -12.1663942337, 17.6168041229, 14.0233058929, 12.0589590073, -6.82805728912, -10.2584438324, -1.22058045864, 33.5689620972, 64.6436920166, 31.1353111267], [92.0064468384, 57.4586029053, -8.91822433472, -23.7520771027, 3.38630056381, 0.505453526974, -8.54140090942, -25.3134250641, -14.1896114349, -8.81469631195, -4.62655115128, 31.1353111267, 67.8312301636]],
