{
"lowlevel": {
    "average_loudness": 0.907799720764,
    "barkbands_crest": {
        "dmean": 2.51457428932,
        "dmean2": 4.14248323441,
        "dvar": 4.57986497879,
        "dvar2": 11.9764108658,
        "max": 22.9668140411,
        "mean": 9.67584133148,
        "median": 9.2198009491,
        "min": 3.17869758606,
        "var": 8.67312240601
    },
    "barkbands_flatness_db": {
        "dmean": 0.0276009961963,
        "dmean2": 0.045273385942,
        "dvar": 0.000712471432053,
        "dvar2": 0.00180745346006,
        "max": 0.504854977131,
        "mean": 0.225917726755,
        "median": 0.221863284707,
        "min": 0.0241430457681,
        "var": 0.00533438706771
    },
    "barkbands_kurtosis": {
        "dmean": 3.31334376335,
        "dmean2": 5.4602856636,
        "dvar": 14.287446022,
        "dvar2": 37.8120765686,
        "max": 58.9923095703,
        "mean": 4.95183181763,
        "median": 3.60829353333,
        "min": -1.8180475235,
        "var": 26.4079914093
    },
    "barkbands_skewness": {
        "dmean": 0.63013625145,
        "dmean2": 1.02694261074,
        "dvar": 0.306400328875,
        "dvar2": 0.849745392799,
        "max": 7.17018079758,
        "mean": 1.81841945648,
        "median": 1.74953794479,
        "min": -1.91659474373,
        "var": 0.763556659222
    },
    "barkbands_spread": {
        "dmean": 3.48625206947,
        "dmean2": 5.75168561935,
        "dvar": 13.8871545792,
        "dvar2": 37.4840888977,
        "max": 115.115074158,
        "mean": 10.7177839279,
        "median": 9.3535823822,
        "min": 1.49747741222,
        "var": 27.7739028931
    },
    "dissonance": {
        "dmean": 0.0286689568311,
        "dmean2": 0.0473321601748,
        "dvar": 0.000573442433961,
        "dvar2": 0.00156877783593,
        "max": 0.5,
        "mean": 0.430091947317,
        "median": 0.433248639107,
        "min": 0.263597160578,
        "var": 0.00144940987229
    },
    "dynamic_complexity": 2.5218038559,
    "erbbands_crest": {
        "dmean": 2.41813516617,
        "dmean2": 3.81089377403,
        "dvar": 4.37260913849,
        "dvar2": 10.1602449417,
        "max": 25.2200336456,
        "mean": 9.0364151001,
        "median": 8.38160991669,
        "min": 2.44727897644,
        "var": 12.531627655
    },
    "erbbands_flatness_db": {
        "dmean": 0.0175176598132,
        "dmean2": 0.0254448037595,
        "dvar": 0.000449118437245,
        "dvar2": 0.000778308196459,
        "max": 0.433437794447,
        "mean": 0.226489856839,
        "median": 0.209035038948,
        "min": 0.041765011847,
        "var": 0.00733778532594
    },
    "erbbands_kurtosis": {
        "dmean": 0.664047241211,
        "dmean2": 1.03869783878,
        "dvar": 0.683226525784,
        "dvar2": 1.39040899277,
        "max": 64.5433654785,
        "mean": 0.106381714344,
        "median": -0.106840491295,
        "min": -1.65177595615,
        "var": 2.01516985893
    },
    "erbbands_skewness": {
        "dmean": 0.315002202988,
        "dmean2": 0.496146917343,
        "dvar": 0.0642934218049,
        "dvar2": 0.159973233938,
        "max": 4.66159677505,
        "mean": 0.422492831945,
        "median": 0.408358603716,
        "min": -1.51419818401,
        "var": 0.211002141237
    },
    "erbbands_spread": {
        "dmean": 6.68867826462,
        "dmean2": 9.57218933105,
        "dvar": 62.9728736877,
        "dvar2": 101.735725403,
        "max": 103.623855591,
        "mean": 28.7386703491,
        "median": 23.8165645599,
        "min": 2.16561460495,
        "var": 269.69720459
    },
    "hfc": {
        "dmean": 3.85738348961,
        "dmean2": 5.75014638901,
        "dvar": 56.3086509705,
        "dvar2": 112.223312378,
        "max": 103.231231689,
        "mean": 11.6037788391,
        "median": 8.07701969147,
        "min": 1.19756310645e-16,
        "var": 150.87399292
    },
    "melbands_crest": {
        "dmean": 3.64984798431,
        "dmean2": 6.10631465912,
        "dvar": 11.1515827179,
        "dvar2": 32.3783416748,
        "max": 35.2239532471,
        "mean": 15.4877166748,
        "median": 15.0632343292,
        "min": 2.50328230858,
        "var": 21.4289836884
    },
    "melbands_flatness_db": {
        "dmean": 0.033985607326,
        "dmean2": 0.0563337393105,
        "dvar": 0.00104899413418,
        "dvar2": 0.00291082984768,
        "max": 0.647553682327,
        "mean": 0.310264885426,
        "median": 0.306008070707,
        "min": 0.00701906019822,
        "var": 0.00700790761039
    },
    "melbands_kurtosis": {
        "dmean": 7.29759979248,
        "dmean2": 11.7089004517,
        "dvar": 93.9933395386,
        "dvar2": 222.297424316,
        "max": 200.390090942,
        "mean": 11.8127279282,
        "median": 7.84096717834,
        "min": -1.44788360596,
        "var": 175.129165649
    },
    "melbands_skewness": {
        "dmean": 0.853136181831,
        "dmean2": 1.36040043831,
        "dvar": 0.649979829788,
        "dvar2": 1.66708993912,
        "max": 12.1659784317,
        "mean": 2.57195425034,
        "median": 2.42430591583,
        "min": -0.386688917875,
        "var": 1.76069688797
    },
    "melbands_spread": {
        "dmean": 3.9533905983,
        "dmean2": 6.56956291199,
        "dvar": 15.3317813873,
        "dvar2": 41.9236068726,
        "max": 143.167526245,
        "mean": 11.2077236176,
        "median": 10.3378143311,
        "min": 1.57943987846,
        "var": 29.0521564484
    },
    "pitch_salience": {
        "dmean": 0.0659377649426,
        "dmean2": 0.109538607299,
        "dvar": 0.00355083704926,
        "dvar2": 0.00986564811319,
        "max": 0.917676270008,
        "mean": 0.536031723022,
        "median": 0.536383032799,
        "min": 0.178382784128,
        "var": 0.00794030260295
    },
    "silence_rate_20dB": {
        "dmean": 0,
        "dmean2": 0,
        "dvar": 0,
        "dvar2": 0,
        "max": 1,
        "mean": 1,
        "median": 1,
        "min": 1,
        "var": 0
    },
    "silence_rate_30dB": {
        "dmean": 0.0472874231637,
        "dmean2": 0.0945829749107,
        "dvar": 0.0450510755181,
        "dvar2": 0.097504414618,
        "max": 1,
        "mean": 0.948762059212,
        "median": 1,
        "min": 0,
        "var": 0.0486118793488
    },
    "silence_rate_60dB": {
        "dmean": 0.0037829936482,
        "dmean2": 0.00756663782522,
        "dvar": 0.00376870925538,
        "dvar2": 0.00854127295315,
        "max": 1,
        "mean": 0.0349896848202,
        "median": 0,
        "min": 0,
        "var": 0.0337619483471
    },
    "spectral_centroid": {
        "dmean": 125.990722656,
        "dmean2": 200.489120483,
        "dvar": 27868.5273438,
        "dvar2": 55296.0234375,
        "max": 11246.9453125,
        "mean": 663.163452148,
        "median": 612.024902344,
        "min": 203.803497314,
        "var": 76448.4765625
    },
    "spectral_complexity": {
        "dmean": 2.82245731354,
        "dmean2": 4.28632831573,
        "dvar": 15.033949852,
        "dvar2": 22.0606822968,
        "max": 54,
        "mean": 15.9703407288,
        "median": 14,
        "min": 0,
        "var": 61.553478241
    },
    "spectral_decrease": {
        "dmean": 4.8564370303e-09,
        "dmean2": 7.96973242956e-09,
        "dvar": 4.10464820876e-17,
        "dvar2": 1.07445752165e-16,
        "max": 8.60910305552e-29,
        "mean": -9.75414060633e-09,
        "median": -7.47968265102e-09,
        "min": -8.51630375109e-08,
        "var": 7.81038426577e-17
    },
    "spectral_energy": {
        "dmean": 0.0186179112643,
        "dmean2": 0.0305053871125,
        "dvar": 0.0006035916158,
        "dvar2": 0.00156843592413,
        "max": 0.32567986846,
        "mean": 0.0378668345511,
        "median": 0.029049243778,
        "min": 1.05373173062e-20,
        "var": 0.00116889865603
    },
    "spectral_energyband_high": {
        "dmean": 0.000181799259735,
        "dmean2": 0.000239890883677,
        "dvar": 2.67237567186e-07,
        "dvar2": 4.05378699497e-07,
        "max": 0.00854225177318,
        "mean": 0.000319486833178,
        "median": 2.2096952307e-05,
        "min": 7.43338748887e-21,
        "var": 7.65077004417e-07
    },
    "spectral_energyband_low": {
        "dmean": 0.0154662234709,
        "dmean2": 0.0259412042797,
        "dvar": 0.000469047954539,
        "dvar2": 0.00127283937763,
        "max": 0.294866740704,
        "mean": 0.0203456655145,
        "median": 0.0120361819863,
        "min": 5.01925120286e-23,
        "var": 0.000685492064804
    },
    "spectral_energyband_middle_high": {
        "dmean": 0.000860913482029,
        "dmean2": 0.00142169022001,
        "dvar": 1.00624959032e-06,
        "dvar2": 2.55571126218e-06,
        "max": 0.0151233365759,
        "mean": 0.00260683195665,
        "median": 0.00219989474863,
        "min": 1.64237457831e-21,
        "var": 2.85359919872e-06
    },
    "spectral_energyband_middle_low": {
        "dmean": 0.00600545108318,
        "dmean2": 0.00949781574309,
        "dvar": 0.000125767532154,
        "dvar2": 0.000313115073368,
        "max": 0.165430814028,
        "mean": 0.0154811022803,
        "median": 0.0113304732367,
        "min": 3.06719091152e-22,
        "var": 0.000234905382968
    },
    "spectral_entropy": {
        "dmean": 0.152476429939,
        "dmean2": 0.231139436364,
        "dvar": 0.0326609574258,
        "dvar2": 0.0602151229978,
        "max": 9.8043012619,
        "mean": 6.96836328506,
        "median": 6.94815301895,
        "min": 4.56360197067,
        "var": 0.270310342312
    },
    "spectral_flux": {
        "dmean": 0.0317113772035,
        "dmean2": 0.0518857464194,
        "dvar": 0.00122290395666,
        "dvar2": 0.00295698363334,
        "max": 0.440418720245,
        "mean": 0.095616325736,
        "median": 0.081240311265,
        "min": 1.02651435963e-10,
        "var": 0.00389250530861
    },
    "spectral_kurtosis": {
        "dmean": 8.63613605499,
        "dmean2": 15.2528553009,
        "dvar": 136.403411865,
        "dvar2": 429.143371582,
        "max": 216.419250488,
        "mean": 18.151927948,
        "median": 9.89581489563,
        "min": -1.17690002918,
        "var": 365.569671631
    },
    "spectral_rms": {
        "dmean": 0.00132376316469,
        "dmean2": 0.00214812043123,
        "dvar": 1.90969740288e-06,
        "dvar2": 5.16498585057e-06,
        "max": 0.0178251639009,
        "mean": 0.00553635694087,
        "median": 0.00532360095531,
        "min": 3.20629221957e-12,
        "var": 6.29212854619e-06
    },
    "spectral_rolloff": {
        "dmean": 193.045654297,
        "dmean2": 337.629333496,
        "dvar": 89800.1796875,
        "dvar2": 180583.15625,
        "max": 18712.3535156,
        "mean": 583.527099609,
        "median": 516.796875,
        "min": 64.599609375,
        "var": 188886.71875
    },
    "spectral_skewness": {
        "dmean": 0.644801676273,
        "dmean2": 1.10159301758,
        "dvar": 0.535443842411,
        "dvar2": 1.70395112038,
        "max": 12.522895813,
        "mean": 2.61106991768,
        "median": 2.37016057968,
        "min": -0.0101431077346,
        "var": 1.34357964993
    },
    "spectral_spread": {
        "dmean": 385120.8125,
        "dmean2": 577973.625,
        "dvar": 400773087232,
        "dvar2": 639019188224,
        "max": 39552168,
        "mean": 2830115.75,
        "median": 2676506.25,
        "min": 332623.4375,
        "var": 2.45206666445e+12
    },
    "spectral_strongpeak": {
        "dmean": 0.259917020798,
        "dmean2": 0.453180134296,
        "dvar": 0.139955952764,
        "dvar2": 0.369161337614,
        "max": 3.84954690933,
        "mean": 0.454267829657,
        "median": 0.249426662922,
        "min": 0,
        "var": 0.24722340703
    },
    "zerocrossingrate": {
        "dmean": 0.00489779980853,
        "dmean2": 0.00662210956216,
        "dvar": 5.64379697607e-05,
        "dvar2": 8.44005844556e-05,
        "max": 0.49560546875,
        "mean": 0.0279569141567,
        "median": 0.02490234375,
        "min": 0.005859375,
        "var": 0.000206326862099
    },
    "barkbands": {
        "dmean": [0.00282876123674, 0.0102192144841, 0.00346861686558, 0.0030544786714, 0.00216421391815, 0.00122710398864, 0.00139459327329, 0.000739515118767, 0.00033944286406, 0.000447383412393, 0.000213120263652, 0.000318162725307, 0.000120422570035, 0.00013730142382, 0.000130489323055, 7.62442141422e-05, 5.73965371586e-05, 4.29447354691e-05, 5.47816125618e-05, 5.42334455531e-05, 6.85316263116e-05, 3.7978967157e-05, 3.15881443385e-05, 2.29435754591e-05, 1.3826202121e-05, 5.58264173378e-06, 1.13753924325e-06],
        "dmean2": [0.00505392067134, 0.0173368547112, 0.00590306194499, 0.00484901433811, 0.00359399500303, 0.00211902242154, 0.00199120631441, 0.00109783548396, 0.000544437672943, 0.00075356074376, 0.000355748838047, 0.000540022389032, 0.000205964228371, 0.000228264587349, 0.000219418448978, 0.000127028179122, 9.50167232077e-05, 6.05942113907e-05, 8.72019518283e-05, 8.83006650838e-05, 8.05897507234e-05, 4.93384395668e-05, 4.61223753518e-05, 3.10548566631e-05, 2.10155194509e-05, 8.39321910462e-06, 1.90954960999e-06],
        "dvar": [2.33352893702e-05, 0.000240350855165, 3.61292040907e-05, 4.06241197197e-05, 2.39602541114e-05, 1.32257600853e-05, 3.05780349663e-06, 1.00904787814e-06, 2.54201438565e-07, 3.00913086448e-07, 8.90889921834e-08, 1.20760077493e-07, 1.77127486012e-08, 2.45017588441e-08, 2.0371269116e-08, 1.12216032022e-08, 2.16526174768e-08, 1.99412450996e-08, 2.61333905627e-08, 2.42324151856e-08, 3.38878791695e-08, 1.36989548594e-08, 1.04007060742e-08, 5.06627362284e-09, 2.3567352514e-09, 4.88935947285e-10, 2.74915958054e-11],
        "dvar2": [7.57382658776e-05, 0.000639750971459, 9.93518697214e-05, 9.78723401204e-05, 6.59374927636e-05, 3.700101297e-05, 6.16745865045e-06, 2.13572570829e-06, 6.07465381108e-07, 7.74748514232e-07, 2.2999493865e-07, 3.34761807608e-07, 4.76856172327e-08, 6.18640569883e-08, 5.35241220234e-08, 2.8505054317e-08, 6.07104482242e-08, 3.46450654831e-08, 7.19573307606e-08, 6.01257781341e-08, 4.27167599071e-08, 1.95958325122e-08, 2.32452439519e-08, 9.37854149896e-09, 5.94436810886e-09, 1.24626997611e-09, 7.33565638789e-11],
        "max": [0.0679568052292, 0.216905489564, 0.0809145048261, 0.0902709886432, 0.0749884918332, 0.0397379696369, 0.0393734425306, 0.0254194159061, 0.00976768136024, 0.0133273527026, 0.00571678718552, 0.00470012286678, 0.00171879073605, 0.00329227978364, 0.00204048817977, 0.00150656176265, 0.00190972513519, 0.00204472150654, 0.00170925655402, 0.00146226771176, 0.0023940349929, 0.00158291927073, 0.00385240046307, 0.00110027764458, 0.000788198143709, 0.000871119904332, 0.000176648944034],
        "mean": [0.00510886171833, 0.0108988368884, 0.00347063457593, 0.00437994953245, 0.00473535200581, 0.00162263063248, 0.0026100249961, 0.0014937678352, 0.000605990178883, 0.000659365789033, 0.000357378885383, 0.000486612756504, 0.000197022614884, 0.000255370658124, 0.000232727456023, 0.00014196599659, 9.16329590837e-05, 8.18402768346e-05, 7.91083875811e-05, 7.49840110075e-05, 0.000107437321276, 6.97966461303e-05, 4.64460135845e-05, 3.50647787855e-05, 1.69606428244e-05, 6.10589813732e-06, 1.03064394352e-06],
        "median": [0.00462819682434, 0.00457582622766, 0.00138285732828, 0.00242824596353, 0.00269546639174, 0.000644425279461, 0.00155301345512, 0.000923414365388, 0.00032526999712, 0.00042356425547, 0.000189009530004, 0.000375583476853, 0.000151879707118, 0.000171523483004, 0.000182777046575, 0.000104568360257, 4.60988667328e-05, 1.51977346832e-05, 1.39548028528e-05, 6.89811213306e-06, 4.74574335385e-06, 5.82216534895e-06, 4.16441434936e-06, 3.0198298191e-06, 6.9827842708e-07, 5.18981924102e-09, 1.85436044298e-09],
        "min": [2.21285612889e-23, 9.07797937218e-24, 1.31176193164e-23, 1.30958664769e-23, 6.7034414676e-23, 5.79730976239e-23, 7.57154692174e-23, 1.86945014626e-23, 6.86888579427e-23, 3.09370894416e-23, 4.99974077941e-23, 1.35471891047e-22, 5.33180546657e-23, 9.83003739181e-23, 1.09866715619e-22, 3.83149539717e-22, 6.39670584193e-23, 1.87497949322e-22, 3.58483689368e-22, 3.63063172074e-22, 3.61362135527e-22, 4.39950377414e-22, 5.46096017211e-22, 6.76884762919e-22, 1.15071435594e-21, 1.72515463773e-21, 2.54358139334e-21],
        "var": [3.22088708344e-05, 0.000293639983283, 3.40862970916e-05, 4.7672605433e-05, 3.58460056304e-05, 1.26652103063e-05, 9.97383722279e-06, 3.52697566086e-06, 7.54274026349e-07, 5.63066635095e-07, 2.47749426308e-07, 1.67158319186e-07, 2.87605690374e-08, 8.08065365732e-08, 3.67498422804e-08, 2.06884926968e-08, 2.51145895191e-08, 5.02414820858e-08, 4.08229645643e-08, 4.08757045989e-08, 1.07212073885e-07, 4.54086475088e-08, 1.67408060747e-08, 9.38076283319e-09, 2.59836552274e-09, 5.17025866564e-10, 2.44986357589e-11]
    },
    "erbbands": {
        "dmean": [0.482818603516, 1.64835584164, 3.49112677574, 8.17785072327, 8.75015354156, 7.09731864929, 6.81389379501, 11.0034761429, 15.9070749283, 19.8535881042, 16.6045570374, 8.2038269043, 7.62362623215, 14.4555025101, 9.05250167847, 12.4007167816, 4.49932289124, 7.71152639389, 7.32227134705, 5.39518356323, 3.35602617264, 2.95231962204, 2.74461817741, 2.53138446808, 2.79920864105, 2.33294415474, 2.84817886353, 2.42750096321, 1.60076773167, 1.13449120522, 0.979112029076, 0.613504230976, 0.329662621021, 0.18147534132, 0.0888328552246, 0.0248117726296, 0.00967292115092, 0.00245876493864, 0.000223195907893, 2.55490758718e-05],
        "dmean2": [0.83109152317, 2.7680914402, 5.9213309288, 13.4312810898, 14.0398406982, 11.9493770599, 11.252784729, 19.3002719879, 22.3366756439, 29.7510452271, 24.544960022, 13.085568428, 12.4423961639, 24.4456253052, 15.2281160355, 20.9873371124, 7.57173776627, 13.0770692825, 12.1610918045, 9.05213546753, 5.61358118057, 4.86855268478, 3.85746693611, 4.02898788452, 4.44038200378, 3.74560713768, 3.64522743225, 2.82078814507, 2.28009986877, 1.44593942165, 1.40857732296, 0.819714546204, 0.462618947029, 0.28152218461, 0.136867910624, 0.0366508066654, 0.0146505394951, 0.00384915852919, 0.000382027006708, 4.24665740866e-05],
        "dvar": [0.621831834316, 5.84695577621, 28.6208496094, 296.240142822, 349.281799316, 286.553009033, 245.049377441, 1269.52770996, 685.654418945, 1001.75177002, 527.834472656, 174.017471313, 111.537185669, 283.015319824, 113.298629761, 171.616210938, 26.2723827362, 70.4506072998, 69.1592712402, 39.7510795593, 32.9013671875, 75.2816467285, 93.8781890869, 48.7929992676, 69.2211151123, 43.1413536072, 58.7166137695, 46.133808136, 23.2154560089, 10.3204526901, 12.6033754349, 3.48864531517, 1.11357605457, 0.383502334356, 0.114178933203, 0.00835830438882, 0.00179890694562, 9.61138066486e-05, 1.1181756463e-06, 2.0666550693e-09],
        "dvar2": [1.74838042259, 14.8347930908, 78.8399124146, 734.465454102, 916.476623535, 807.728271484, 669.025268555, 3613.203125, 1328.65881348, 2411.76293945, 1073.82043457, 421.562194824, 280.001861572, 738.40411377, 296.11126709, 463.397125244, 68.0128707886, 187.314086914, 175.545578003, 103.346542358, 84.3927001953, 207.577102661, 199.452301025, 114.824935913, 186.301116943, 95.3000869751, 96.9409637451, 55.0367622375, 44.8093414307, 15.6563425064, 30.3662776947, 6.95734786987, 2.3366560936, 0.967919886112, 0.296551942825, 0.0206320378929, 0.00464652478695, 0.000246482202783, 3.00193119074e-06, 5.47113732097e-09],
        "max": [10.5668087006, 32.4367256165, 73.123878479, 197.542907715, 346.690643311, 236.712936401, 295.11151123, 419.98638916, 610.992553711, 611.065185547, 710.143310547, 285.346099854, 162.719329834, 495.285949707, 212.168060303, 164.061538696, 87.6991119385, 123.462303162, 132.424163818, 116.781028748, 78.8362121582, 115.358192444, 135.148300171, 72.7101516724, 85.1569824219, 65.3521728516, 97.8619155884, 101.932273865, 61.5200500488, 41.8243255615, 160.006851196, 42.3377952576, 13.1532278061, 10.2269773483, 4.18348455429, 2.58653354645, 2.05340838432, 0.313170284033, 0.0389175899327, 0.0012667136034],
        "mean": [0.525024175644, 1.67581045628, 3.5919919014, 10.159948349, 20.5230827332, 11.8302974701, 10.6377601624, 14.134683609, 31.9670906067, 35.1044273376, 34.0943489075, 15.6919956207, 13.8951425552, 23.8698120117, 16.2907543182, 19.6819210052, 9.18225002289, 13.8615055084, 13.4590702057, 10.6969900131, 6.86314630508, 4.80484580994, 4.82915782928, 4.19177627563, 3.98921084404, 3.38470339775, 4.01792144775, 4.00551080704, 2.49789595604, 1.90586864948, 1.36268162727, 0.866231024265, 0.501582443714, 0.234929129481, 0.099039465189, 0.0283915121108, 0.0103902397677, 0.00252416636795, 0.000205850650673, 4.79544287373e-05],
        "median": [0.242309570312, 0.564631462097, 1.41419303417, 5.65737438202, 10.6978626251, 5.67684078217, 4.11414003372, 6.22683143616, 11.0369739532, 21.1597747803, 20.3276405334, 9.30153656006, 8.19687366486, 18.2434196472, 11.5383872986, 15.4923458099, 7.33819293976, 10.3598670959, 9.87091159821, 8.43727874756, 4.92960357666, 2.28024053574, 1.07108640671, 0.776207447052, 0.664408445358, 0.287858724594, 0.18327921629, 0.17601788044, 0.12329749763, 0.245411127806, 0.117173373699, 0.0809899270535, 0.040362469852, 0.0146840699017, 0.00139361992478, 0.000145270576468, 2.73678306257e-05, 4.60273531644e-06, 1.65764013218e-05, 3.34159740305e-05],
        "min": [4.17552357018e-22, 2.16220427893e-21, 1.27623539902e-20, 3.82500755265e-20, 1.43165228021e-19, 2.13802393978e-19, 3.73295417658e-19, 4.74407468345e-19, 1.09874907414e-18, 8.43853730269e-19, 3.29818701264e-19, 1.07540066058e-18, 1.57511029139e-18, 1.72730904256e-18, 3.88615283401e-18, 3.96364352738e-18, 2.73713113436e-18, 4.69576537112e-18, 7.27675747947e-18, 1.23456301105e-17, 1.66382053172e-17, 4.75241194024e-18, 7.80100056346e-18, 1.56606333431e-17, 2.20325197525e-17, 1.2679820177e-17, 1.31745428393e-17, 1.63463693796e-17, 1.41785324806e-17, 1.97949779976e-17, 1.38651145736e-17, 1.129583617e-17, 1.35849774515e-17, 1.00891120051e-17, 9.43583370867e-18, 6.13378950113e-18, 3.67082200413e-18, 1.61647707683e-18, 3.53622684547e-19, 3.11326807252e-20],
        "var": [0.669915139675, 7.50234079361, 29.7761096954, 303.224761963, 663.418212891, 364.438049316, 313.347045898, 1062.26904297, 2319.25830078, 1766.22192383, 2126.98852539, 470.250427246, 276.725463867, 510.939483643, 279.141998291, 255.966430664, 50.4163665771, 149.257095337, 165.559875488, 72.9545669556, 56.6720619202, 82.7344894409, 173.377349854, 103.383132935, 113.042053223, 81.9693756104, 144.217391968, 157.90335083, 60.6578979492, 29.5580825806, 16.7262382507, 5.85938358307, 1.87539374828, 0.438143640757, 0.114272937179, 0.0097371628508, 0.00181447411887, 9.72932393779e-05, 9.67737264546e-07, 2.99234170775e-09]
    },
    "gfcc": {
        "mean": [-68.3165206909, 174.12689209, -128.713470459, 8.19258880615, -41.17760849, 4.41421842575, -31.7853355408, -4.4469833374, -9.96321678162, -10.7474927902, -5.32714128494, -15.3685283661, -4.9481010437],
        "cov": [[8847.28710938, -3357.42114258, 1877.0682373, 2655.82861328, -1328.79980469, 1676.90124512, 104.549079895, 646.533569336, 219.450546265, 624.062866211, 98.2685394287, 511.50692749, 49.622253418], [-3357.42114258, 2809.84082031, -1019.16345215, -1385.97338867, 1166.70898438, -938.83404541, 194.313339233, -324.025695801, 48.3757667542, -394.711364746, 49.1380310059, -368.66192627, 67.3299942017], [1877.0682373, -1019.16345215, 1042.41564941, 982.184265137, -266.680175781, 708.571899414, 94.8557052612, 250.97895813, 118.432151794, 233.999633789, 50.2207565308, 199.296859741, 41.8595848083], [2655.82861328, -1385.97338867, 982.184265137, 1496.2545166, -625.793212891, 995.739257812, 93.8061218262, 258.354980469, 221.695129395, 216.441467285, 149.340316772, 189.811798096, 123.18838501], [-1328.79980469, 1166.70898438, -266.680175781, -625.793212891, 736.007751465, -458.017852783, 149.718856812, -81.1072387695, -37.9663467407, -81.0095291138, -38.0444946289, -87.194480896, -15.32143116], [1676.90124512, -938.83404541, 708.571899414, 995.739257812, -458.017852783, 924.230407715, 103.331237793, 244.829681396, 261.308013916, 136.263412476, 167.838363647, 111.104675293, 119.904876709], [104.549079895, 194.313339233, 94.8557052612, 93.8061218262, 149.718856812, 103.331237793, 176.848999023, 77.0303344727, 102.42010498, 26.1283454895, 50.7217445374, 12.7781686783, 36.3138389587], [646.533569336, -324.025695801, 250.97895813, 258.354980469, -81.1072387695, 244.829681396, 77.0303344727, 177.262145996, 89.7155838013, 111.408981323, 37.9742050171, 69.8628540039, 20.8801651001], [219.450546265, 48.3757667542, 118.432151794, 221.695129395, -37.9663467407, 261.308013916, 102.42010498, 89.7155838013, 222.49559021, 28.7940559387, 122.236610413, -5.46951675415, 66.4535217285], [624.062866211, -394.711364746, 233.999633789, 216.441467285, -81.0095291138, 136.263412476, 26.1283454895, 111.408981323, 28.7940559387, 161.108444214, 13.4035348892, 98.2972869873, -20.2447605133], [98.2685394287, 49.1380310059, 50.2207565308, 149.340316772, -38.0444946289, 167.838363647, 50.7217445374, 37.9742050171, 122.236610413, 13.4035348892, 123.577629089, 2.73833084106, 59.0881652832], [511.50692749, -368.66192627, 199.296859741, 189.811798096, -87.194480896, 111.104675293, 12.7781686783, 69.8628540039, -5.46951675415, 98.2972869873, 2.73833084106, 120.071563721, -5.71950769424], [49.622253418, 67.3299942017, 41.8595848083, 123.18838501, -15.32143116, 119.904876709, 36.3138389587, 20.8801651001, 66.4535217285, -20.2447605133, 59.0881652832, -5.71950769424, 80.6563262939]],
        "icov": [[0.000312082964228, -2.49309396168e-05, 7.10735184839e-05, -0.000544738140889, 0.000151264757733, 6.13066513324e-05, -5.79736188229e-05, -0.000479863141663, 0.000180638846359, -0.000188580073882, 0.00019899844483, -0.00014917954104, 0.000359309691703], [-2.49309396168e-05, 0.00722965411842, -0.000327830261085, 0.00160231231712, -0.00647386675701, 0.00354098365642, -0.00265759299509, 0.00311038666405, -0.00417457520962, 0.00449727475643, -0.00517741870135, 0.00679174391553, -0.00555661227554], [7.10735184839e-05, -0.000327830261085, 0.0054243998602, -0.00299831316806, -0.00290430500172, -0.00311612011865, 0.00280850636773, -0.00139266939368, 0.000411446642829, -0.00141940545291, 0.00290158996359, -0.00307112978771, 0.00213224487379], [-0.000544738140889, 0.00160231231712, -0.00299831316806, 0.00623538112268, 0.00142631307244, -0.000922935782, -0.004037972074, 0.00454728072509, -0.000451563857496, -0.00104838388506, -0.00155746750534, 0.00265682768077, -0.00524769257754], [0.000151264757733, -0.00647386675701, -0.00290430500172, 0.00142631307244, 0.0123370271176, -0.000313144089887, -0.00517542008311, -0.000841489993036, 0.00452143047005, -0.00513398973271, 0.00369452987798, -0.00324426614679, 0.00204652734101], [6.13066513324e-05, 0.00354098365642, -0.00311612011865, -0.000922935782, -0.000313144089887, 0.0101216547191, -0.00255934637971, -0.00239715445787, -0.00443662656471, 0.00562626309693, -0.00564294727519, 0.00445647491142, -0.00378285301849], [-5.79736188229e-05, -0.00265759299509, 0.00280850636773, -0.004037972074, -0.00517542008311, -0.00255934637971, 0.0190963111818, -0.00763802509755, -0.0035389601253, 0.00177709944546, 0.00276004546322, -0.00665617501363, 0.0040329657495], [-0.000479863141663, 0.00311038666405, -0.00139266939368, 0.00454728072509, -0.000841489993036, -0.00239715445787, -0.00763802509755, 0.0217310097069, -0.00445484090596, -0.0093135330826, 0.00268892897293, 0.00348690478131, -0.00769660994411], [0.000180638846359, -0.00417457520962, 0.000411446642829, -0.000451563857496, 0.00452143047005, -0.00443662656471, -0.0035389601253, -0.00445484090596, 0.0185743123293, -0.0046691019088, -0.00719188619405, 0.00177530478686, 0.00297000608407], [-0.000188580073882, 0.00449727475643, -0.00141940545291, -0.00104838388506, -0.00513398973271, 0.00562626309693, 0.00177709944546, -0.0093135330826, -0.0046691019088, 0.02675851807, -0.0085088154301, -0.006656720303, 0.00729607092217], [0.00019899844483, -0.00517741870135, 0.00290158996359, -0.00155746750534, 0.00369452987798, -0.00564294727519, 0.00276004546322, 0.00268892897293, -0.00719188619405, -0.0085088154301, 0.0282076634467, -0.00730337947607, -0.00516848405823], [-0.00014917954104, 0.00679174391553, -0.00307112978771, 0.00265682768077, -0.00324426614679, 0.00445647491142, -0.00665617501363, 0.00348690478131, 0.00177530478686, -0.006656720303, -0.00730337947607, 0.0281839165837, -0.00897354166955], [0.000359309691703, -0.00555661227554, 0.00213224487379, -0.00524769257754, 0.00204652734101, -0.00378285301849, 0.0040329657495, -0.00769660994411, 0.00297000608407, 0.00729607092217, -0.00516848405823, -0.00897354166955, 0.0324475578964]]
    },
    "melbands": {
        "dmean": [0.0034830768127, 0.00187901663594, 0.00136173027568, 0.000582608161494, 0.000222544971621, 0.000236205305555, 0.000253267411608, 0.00019189104205, 0.00012186395179, 5.00431597175e-05, 4.14472342527e-05, 6.4489126089e-05, 3.32318486471e-05, 3.93050249841e-05, 1.52551174324e-05, 1.35707105073e-05, 1.42642602441e-05, 1.26166032715e-05, 7.15863052392e-06, 7.17536522643e-06, 3.93954087485e-06, 3.32177864948e-06, 2.97425913232e-06, 2.33017954088e-06, 2.29192210099e-06, 1.88469198292e-06, 2.10773214349e-06, 1.48982178416e-06, 1.82166002105e-06, 1.81465566129e-06, 1.32965749344e-06, 9.9537976439e-07, 7.94711240815e-07, 5.81992935622e-07, 6.46053649689e-07, 3.94198906406e-07, 3.8235447164e-07, 2.63177071247e-07, 1.58956353857e-07, 1.52491850258e-07],
        "dmean2": [0.00597391882911, 0.00315604964271, 0.00221001170576, 0.000970955530647, 0.000363195547834, 0.000412366760429, 0.00035415426828, 0.000290247320663, 0.000179639726412, 8.0701574916e-05, 6.77493371768e-05, 0.000109001972305, 5.55775914108e-05, 6.68677676003e-05, 2.54934748227e-05, 2.31917474594e-05, 2.41561501753e-05, 2.08376422961e-05, 1.19128199003e-05, 1.20102131405e-05, 6.64038043396e-06, 5.56040868105e-06, 4.77158891954e-06, 3.25275891555e-06, 3.81734071198e-06, 2.91343144454e-06, 3.53350378646e-06, 2.36434448198e-06, 2.61807963398e-06, 2.35221818912e-06, 1.63576055456e-06, 1.49548884565e-06, 1.04104378806e-06, 8.25419647299e-07, 9.46359648424e-07, 5.61496733553e-07, 5.14788325745e-07, 3.9589934886e-07, 2.46336952614e-07, 2.43200901195e-07],
        "dvar": [3.04072746076e-05, 7.144069059e-06, 7.47562580727e-06, 1.87749424185e-06, 2.69516306162e-07, 5.58576857657e-07, 1.46103076304e-07, 9.32989294711e-08, 2.79621676924e-08, 5.96474958314e-09, 3.37427707997e-09, 5.62508573054e-09, 1.98295246889e-09, 2.09727746281e-09, 2.61327792739e-10, 2.17861437224e-10, 2.3709639807e-10, 2.09122635875e-10, 7.75259578756e-11, 6.09047950961e-11, 5.16264635209e-11, 7.60424709312e-11, 1.11374846845e-10, 5.1728548528e-11, 3.82275079647e-11, 3.16078101192e-11, 4.36037213281e-11, 1.79783705284e-11, 2.76978075892e-11, 2.61959377801e-11, 1.57706989828e-11, 9.01685583837e-12, 6.00543573204e-12, 2.67460944885e-12, 5.27471122336e-12, 1.66025168873e-12, 1.35729166621e-12, 7.05465525407e-13, 2.70629791363e-13, 2.76962426517e-13],
        "dvar2": [8.4620405687e-05, 1.89664406207e-05, 1.85042681551e-05, 5.17565740665e-06, 7.15710825716e-07, 1.57194961048e-06, 2.76379239494e-07, 2.24771824264e-07, 5.62003137361e-08, 1.45796690276e-08, 8.52619130853e-09, 1.46428700276e-08, 5.0673207852e-09, 5.83412074207e-09, 6.96972313197e-10, 5.88543769275e-10, 6.30640428767e-10, 5.1516296784e-10, 1.97772520583e-10, 1.57225968356e-10, 1.3331838411e-10, 2.15107917589e-10, 2.86518586634e-10, 8.70094066241e-11, 9.99941796032e-11, 8.30312554823e-11, 1.2404516303e-10, 3.59526575178e-11, 5.86285395232e-11, 3.57712297283e-11, 2.23552409223e-11, 2.09200764351e-11, 9.23901406769e-12, 4.64376627429e-12, 1.26479443238e-11, 3.6488845799e-12, 2.72337751309e-12, 1.4891366135e-12, 6.37240314769e-13, 7.22222574714e-13],
        "max": [0.0788495391607, 0.0370021909475, 0.0347177535295, 0.0210837088525, 0.00977465324104, 0.00868136622012, 0.00922661833465, 0.00573794730008, 0.00543970055878, 0.00148392166011, 0.000834830687381, 0.00219465536065, 0.00091158458963, 0.000609051203355, 0.000196987675736, 0.000210297803278, 0.000207779186894, 0.000305180932628, 0.000136517133797, 0.000114860435133, 9.98529139906e-05, 0.000112606983748, 0.000147674538312, 0.000128800049424, 5.94209777773e-05, 6.82228564983e-05, 6.79238219163e-05, 3.78438126063e-05, 7.00472155586e-05, 6.41208243906e-05, 5.98929764237e-05, 3.28170499415e-05, 3.18399033858e-05, 1.9055658413e-05, 9.88732135738e-05, 5.02602924826e-05, 2.05782198464e-05, 9.3589824246e-06, 7.96124186309e-06, 8.31747729535e-06],
        "mean": [0.00410199910402, 0.00199132598937, 0.00216436223127, 0.00118662079331, 0.000375474774046, 0.000302984379232, 0.000507590419147, 0.000354242656613, 0.000247460557148, 8.76516351127e-05, 7.11982647772e-05, 0.000101994643046, 5.60952794331e-05, 5.80665873713e-05, 2.76247919828e-05, 2.31181984418e-05, 2.45689625444e-05, 2.19860503421e-05, 1.33644634843e-05, 1.33151197588e-05, 7.06038827047e-06, 5.05265097672e-06, 4.46547210231e-06, 4.14531132265e-06, 3.32540025738e-06, 2.72528131973e-06, 2.90095158562e-06, 2.09177619581e-06, 2.27611326409e-06, 2.83652298094e-06, 2.12915415432e-06, 1.38009977491e-06, 1.32481000037e-06, 9.38964262787e-07, 8.42916676902e-07, 5.61619685868e-07, 5.23212747794e-07, 3.77658267325e-07, 2.45796769605e-07, 1.7756867976e-07],
        "median": [0.00223811320029, 0.000755546148866, 0.00134728290141, 0.000663643470034, 0.000148315273691, 0.000125944949104, 0.000222806804231, 0.000216854416067, 0.000143323646626, 4.75645792903e-05, 3.99031996494e-05, 7.58219830459e-05, 3.27713278239e-05, 4.23187339038e-05, 2.19174762606e-05, 1.77070469363e-05, 1.78642367246e-05, 1.50645737449e-05, 9.8549953691e-06, 1.05350463855e-05, 4.61226272819e-06, 2.51115443461e-06, 1.27401131067e-06, 7.09722939973e-07, 6.04354625011e-07, 4.68726312874e-07, 3.97825886012e-07, 1.39050399639e-07, 9.7825903822e-08, 1.28028077029e-07, 8.39647995576e-08, 3.98526793788e-08, 1.48709048631e-07, 1.18788733516e-07, 5.9049931167e-08, 5.94215805449e-08, 4.53556836533e-08, 2.65914792408e-08, 2.49216132175e-08, 7.47322914663e-09],
        "min": [5.95759233549e-24, 5.34858540577e-24, 8.98722408048e-24, 1.29296400736e-23, 1.21975306107e-23, 1.19583471954e-23, 1.58058632216e-23, 7.83226623978e-24, 2.61257853655e-24, 8.55202924059e-24, 7.95287123927e-24, 6.60202661403e-24, 9.69326011267e-24, 1.85066863028e-23, 3.49361921905e-24, 6.21317538017e-24, 9.11811188187e-24, 1.21053451142e-23, 7.63016954219e-24, 2.42378096886e-23, 1.80249021267e-23, 3.64822096812e-24, 5.34816178747e-24, 9.21064053289e-24, 1.29374434856e-23, 1.40615024335e-23, 1.48819335522e-23, 7.75592816998e-24, 8.17466658252e-24, 9.22758684285e-24, 8.83969368056e-24, 6.41963921173e-24, 1.16845556633e-23, 1.04887711153e-23, 7.19527525831e-24, 8.46678335345e-24, 6.14927330812e-24, 8.11436921037e-24, 1.18213583438e-23, 7.11108723364e-24],
        "var": [3.58541328751e-05, 8.79218896443e-06, 8.86445741344e-06, 2.54847327597e-06, 3.77342018965e-07, 4.91675450576e-07, 5.11002838266e-07, 1.66401576962e-07, 1.18288646433e-07, 1.56686965624e-08, 7.89822607317e-09, 1.0187068078e-08, 5.4240030245e-09, 2.86428081253e-09, 4.81240158834e-10, 4.02628319573e-10, 5.16504061743e-10, 6.1688515407e-10, 1.46339995677e-10, 1.1697287583e-10, 8.04321470538e-11, 8.04965122336e-11, 1.39510542008e-10, 1.33484348575e-10, 6.57645049529e-11, 4.9703213767e-11, 6.77374822899e-11, 3.22001661446e-11, 4.9433165894e-11, 7.26789947669e-11, 4.90322678293e-11, 1.89394784578e-11, 1.7039288383e-11, 6.74886839122e-12, 6.72974176386e-12, 2.61339149106e-12, 2.17993613612e-12, 1.11792237793e-12, 4.12848683191e-13, 2.76619845736e-13]
    },
    "mfcc": {
        "mean": [-699.930541992, 189.307937622, -9.5170917511, 2.54758358002, 11.4035310745, 1.76659953594, -5.13328742981, 0.90004324913, -4.96087121964, 3.65039134026, -4.0871462822, -2.84331274033, 1.16944181919],
        "cov": [[6884.56005859, -2665.65673828, 1854.27001953, 1371.40002441, -199.358520508, 962.206176758, 369.76184082, 431.797912598, 475.772003174, 370.289215088, 410.939941406, 487.356689453, 163.654388428], [-2665.65673828, 2504.54223633, -1280.7442627, -673.753417969, 322.591339111, -522.343078613, -100.318061829, -124.525276184, -175.001174927, -106.404319763, -151.407699585, -225.486068726, -49.1944160461], [1854.27001953, -1280.7442627, 1225.20251465, 645.54675293, 29.1799964905, 623.454101562, 244.468429565, 280.35369873, 293.983001709, 232.213607788, 216.835617065, 253.507202148, 138.404846191], [1371.40002441, -673.753417969, 645.54675293, 575.472839355, 32.7178840637, 377.851867676, 172.17338562, 162.720108032, 185.089172363, 118.838127136, 144.410827637, 166.423522949, 67.2788772583], [-199.358520508, 322.591339111, 29.1799964905, 32.7178840637, 186.290908813, 70.1757583618, 77.4608612061, 61.371635437, 53.9807395935, 51.6279335022, 34.1714897156, 22.4160022736, 40.1225967407], [962.206176758, -522.343078613, 623.454101562, 377.851867676, 70.1757583618, 452.015258789, 183.090637207, 213.416229248, 198.4271698, 170.417648315, 148.043075562, 162.48399353, 101.328773499], [369.76184082, -100.318061829, 244.468429565, 172.17338562, 77.4608612061, 183.090637207, 156.682479858, 125.024055481, 118.364006042, 89.1667938232, 81.0925674438, 79.2990036011, 51.8946876526], [431.797912598, -124.525276184, 280.35369873, 162.720108032, 61.371635437, 213.416229248, 125.024055481, 183.958465576, 149.844161987, 124.733848572, 99.8008804321, 97.0670394897, 72.8408203125], [475.772003174, -175.001174927, 293.983001709, 185.089172363, 53.9807395935, 198.4271698, 118.364006042, 149.844161987, 177.041564941, 135.450180054, 107.875556946, 101.104743958, 66.1900405884], [370.289215088, -106.404319763, 232.213607788, 118.838127136, 51.6279335022, 170.417648315, 89.1667938232, 124.733848572, 135.450180054, 155.715896606, 115.491348267, 92.9618911743, 66.9607772827], [410.939941406, -151.407699585, 216.835617065, 144.410827637, 34.1714897156, 148.043075562, 81.0925674438, 99.8008804321, 107.875556946, 115.491348267, 132.303924561, 108.907722473, 60.9480171204], [487.356689453, -225.486068726, 253.507202148, 166.423522949, 22.4160022736, 162.48399353, 79.2990036011, 97.0670394897, 101.104743958, 92.9618911743, 108.907722473, 135.326950073, 81.9994430542], [163.654388428, -49.1944160461, 138.404846191, 67.2788772583, 40.1225967407, 101.328773499, 51.8946876526, 72.8408203125, 66.1900405884, 66.9607772827, 60.9480171204, 81.9994430542, 94.1038360596]],
