{
"lowlevel": {
    "average_loudness": 0.72294986248,
    "barkbands_crest": {
        "dmean": 2.02543330193,
        "dmean2": 3.14395546913,
        "dvar": 7.83858203888,
        "dvar2": 17.6154575348,
        "max": 26.7492103577,
        "mean": 16.2073364258,
        "median": 15.5653419495,
        "min": 1.67872965336,
        "var": 23.077955246
    },
    "barkbands_flatness_db": {
        "dmean": 0.0382362417877,
        "dmean2": 0.0484744757414,
        "dvar": 0.00237876386382,
        "dvar2": 0.00353558384813,
        "max": 0.570300519466,
        "mean": 0.297085225582,
        "median": 0.315470784903,
        "min": 0.0071909329854,
        "var": 0.0184526015073
    },
    "barkbands_kurtosis": {
        "dmean": 20.5664558411,
        "dmean2": 30.7583236694,
        "dvar": 1565.87658691,
        "dvar2": 3358.8527832,
        "max": 1454.93139648,
        "mean": 67.231803894,
        "median": 45.6709022522,
        "min": -1.90314543247,
        "var": 8474.19335938
    },
    "barkbands_skewness": {
        "dmean": 1.25419342518,
        "dmean2": 1.84152173996,
        "dvar": 3.22194886208,
        "dvar2": 6.64025306702,
        "max": 30.3114528656,
        "mean": 5.58677864075,
        "median": 5.42141819,
        "min": -1.73392426968,
        "var": 12.0637578964
    },
    "barkbands_spread": {
        "dmean": 7.81594419479,
        "dmean2": 12.3853178024,
        "dvar": 238.686676025,
        "dvar2": 513.353881836,
        "max": 93.7698745728,
        "mean": 12.3020687103,
        "median": 2.33022427559,
        "min": 0.0872697755694,
        "var": 393.723022461
    },
    "dissonance": {
        "dmean": 0.0279674772173,
        "dmean2": 0.0454334877431,
        "dvar": 0.00112986436579,
        "dvar2": 0.00276745925657,
        "max": 0.5,
        "mean": 0.397267431021,
        "median": 0.418209850788,
        "min": 0.110035948455,
        "var": 0.00614241138101
    },
    "dynamic_complexity": 6.21249866486,
    "erbbands_crest": {
        "dmean": 2.49158191681,
        "dmean2": 3.61689853668,
        "dvar": 13.0756788254,
        "dvar2": 26.0767097473,
        "max": 32.514289856,
        "mean": 16.6762504578,
        "median": 16.379983902,
        "min": 2.28599143028,
        "var": 61.9928588867
    },
    "erbbands_flatness_db": {
        "dmean": 0.0314131863415,
        "dmean2": 0.0375702567399,
        "dvar": 0.00178148411214,
        "dvar2": 0.00259127281606,
        "max": 0.478067696095,
        "mean": 0.260665565729,
        "median": 0.279792517424,
        "min": 0.0353647023439,
        "var": 0.013634737581
    },
    "erbbands_kurtosis": {
        "dmean": 5.81068086624,
        "dmean2": 8.43911361694,
        "dvar": 151.772796631,
        "dvar2": 309.701904297,
        "max": 240.562911987,
        "mean": 19.9108943939,
        "median": 8.89734649658,
        "min": -1.78548121452,
        "var": 751.55645752
    },
    "erbbands_skewness": {
        "dmean": 0.677158534527,
        "dmean2": 0.969436228275,
        "dvar": 1.13405168056,
        "dvar2": 2.13298296928,
        "max": 13.1404323578,
        "mean": 3.15216732025,
        "median": 2.96265816689,
        "min": -1.09755384922,
        "var": 5.86615133286
    },
    "erbbands_spread": {
        "dmean": 12.3570184708,
        "dmean2": 19.0268802643,
        "dvar": 452.237823486,
        "dvar2": 953.592529297,
        "max": 138.567138672,
        "mean": 31.2145519257,
        "median": 14.9706020355,
        "min": 0.630651772022,
        "var": 1128.88952637
    },
    "hfc": {
        "dmean": 16.0938186646,
        "dmean2": 26.8148498535,
        "dvar": 4243.53369141,
        "dvar2": 11035.7128906,
        "max": 711.284851074,
        "mean": 14.1376619339,
        "median": 1.92740607262,
        "min": 1.06937836799e-16,
        "var": 3094.65771484
    },
    "melbands_crest": {
        "dmean": 2.67231464386,
        "dmean2": 3.95474267006,
        "dvar": 12.991610527,
        "dvar2": 29.5524368286,
        "max": 35.1074295044,
        "mean": 22.6412391663,
        "median": 22.1703548431,
        "min": 2.01235747337,
        "var": 43.9849014282
    },
    "melbands_flatness_db": {
        "dmean": 0.0408798754215,
        "dmean2": 0.0511379241943,
        "dvar": 0.00279931002297,
        "dvar2": 0.004663833417,
        "max": 0.662333607674,
        "mean": 0.354716002941,
        "median": 0.369174838066,
        "min": 0.00550130847842,
        "var": 0.0211900714785
    },
    "melbands_kurtosis": {
        "dmean": 35.3980979919,
        "dmean2": 55.7102737427,
        "dvar": 4083.05151367,
        "dvar2": 10098.2119141,
        "max": 990.67980957,
        "mean": 103.168380737,
        "median": 83.04737854,
        "min": -1.21097254753,
        "var": 8473.02246094
    },
    "melbands_skewness": {
        "dmean": 1.36708831787,
        "dmean2": 2.10606694221,
        "dvar": 3.63207197189,
        "dvar2": 8.82892227173,
        "max": 23.2334480286,
        "mean": 6.86420154572,
        "median": 6.77408981323,
        "min": 0.0242853462696,
        "var": 9.45812225342
    },
    "melbands_spread": {
        "dmean": 5.67582607269,
        "dmean2": 9.03943920135,
        "dvar": 161.755981445,
        "dvar2": 388.576904297,
        "max": 157.826858521,
        "mean": 8.78778839111,
        "median": 1.94478869438,
        "min": 0.199209392071,
        "var": 258.657745361
    },
    "pitch_salience": {
        "dmean": 0.0746319368482,
        "dmean2": 0.11022977531,
        "dvar": 0.00953163951635,
        "dvar2": 0.0202660616487,
        "max": 0.950651705265,
        "mean": 0.407477349043,
        "median": 0.402615576982,
        "min": 0.0329168662429,
        "var": 0.0324984528124
    },
    "silence_rate_20dB": {
        "dmean": 0,
        "dmean2": 0,
        "dvar": 0,
        "dvar2": 0,
        "max": 1,
        "mean": 1,
        "median": 1,
        "min": 1,
        "var": 0
    },
    "silence_rate_30dB": {
        "dmean": 0.0140280565247,
        "dmean2": 0.0280579868704,
        "dvar": 0.0138324946165,
        "dvar2": 0.0355590581894,
        "max": 1,
        "mean": 0.987576007843,
        "median": 1,
        "min": 0,
        "var": 0.0122682573274
    },
    "silence_rate_60dB": {
        "dmean": 0.0981963947415,
        "dmean2": 0.196405902505,
        "dvar": 0.0885539278388,
        "dvar2": 0.164508312941,
        "max": 1,
        "mean": 0.386614114046,
        "median": 0,
        "min": 0,
        "var": 0.237112045288
    },
    "spectral_centroid": {
        "dmean": 178.370788574,
        "dmean2": 275.97052002,
        "dvar": 128751.039062,
        "dvar2": 278667.1875,
        "max": 11326.8330078,
        "mean": 601.573364258,
        "median": 362.095855713,
        "min": 213.903244019,
        "var": 295002.8125
    },
    "spectral_complexity": {
        "dmean": 2.15070128441,
        "dmean2": 3.230676651,
        "dvar": 32.1284980774,
        "dvar2": 62.373249054,
        "max": 52,
        "mean": 4.64270925522,
        "median": 3,
        "min": 0,
        "var": 43.2323799133
    },
    "spectral_decrease": {
        "dmean": 1.77925518763e-09,
        "dmean2": 2.49283149678e-09,
        "dvar": 2.13173228513e-17,
        "dvar2": 4.67155214023e-17,
        "max": -1.05186300953e-28,
        "mean": -3.38792682797e-09,
        "median": -1.22410870329e-09,
        "min": -7.15710513077e-08,
        "var": 3.5416876127e-17
    },
    "spectral_energy": {
        "dmean": 0.00791630987078,
        "dmean2": 0.0112082762644,
        "dvar": 0.000429458275903,
        "dvar2": 0.000943367427681,
        "max": 0.283954054117,
        "mean": 0.0140691129491,
        "median": 0.00484519684687,
        "min": 1.00965819049e-20,
        "var": 0.000644503452349
    },
    "spectral_energyband_high": {
        "dmean": 0.00130664615426,
        "dmean2": 0.00225013471209,
        "dvar": 3.10782415909e-05,
        "dvar2": 8.16255269456e-05,
        "max": 0.0608722046018,
        "mean": 0.000913137570024,
        "median": 7.84000894782e-06,
        "min": 7.50951153124e-21,
        "var": 2.18400400627e-05
    },
    "spectral_energyband_low": {
        "dmean": 0.000127098930534,
        "dmean2": 0.000214425555896,
        "dvar": 3.3353697404e-07,
        "dvar2": 8.54062250255e-07,
        "max": 0.0101513378322,
        "mean": 9.3569920864e-05,
        "median": 1.15116256438e-06,
        "min": 4.48351083412e-23,
        "var": 2.46126944603e-07
    },
    "spectral_energyband_middle_high": {
        "dmean": 0.000498582725413,
        "dmean2": 0.000775192922447,
        "dvar": 3.52402685166e-06,
        "dvar2": 8.2380929598e-06,
        "max": 0.0262413322926,
        "mean": 0.000535073573701,
        "median": 5.01230788359e-05,
        "min": 1.48608136632e-21,
        "var": 3.566797659e-06
    },
    "spectral_energyband_middle_low": {
        "dmean": 0.00638179574162,
        "dmean2": 0.00891104247421,
        "dvar": 0.000274282298051,
        "dvar2": 0.000598977261689,
        "max": 0.271427750587,
        "mean": 0.0125824529678,
        "median": 0.00463700573891,
        "min": 3.57920127138e-22,
        "var": 0.000479748356156
    },
    "spectral_entropy": {
        "dmean": 0.401495069265,
        "dmean2": 0.511649012566,
        "dvar": 0.341244906187,
        "dvar2": 0.54229259491,
        "max": 9.77705383301,
        "mean": 6.02004480362,
        "median": 5.74619483948,
        "min": 3.374584198,
        "var": 2.10860586166
    },
    "spectral_flux": {
        "dmean": 0.0238448809832,
        "dmean2": 0.034087639302,
        "dvar": 0.00183094351087,
        "dvar2": 0.00331338285469,
        "max": 0.401815921068,
        "mean": 0.0386579558253,
        "median": 0.0147967040539,
        "min": 1.00481747922e-10,
        "var": 0.0036129928194
    },
    "spectral_kurtosis": {
        "dmean": 7.64717769623,
        "dmean2": 11.9567661285,
        "dvar": 131.82472229,
        "dvar2": 282.542419434,
        "max": 197.784164429,
        "mean": 22.4617881775,
        "median": 10.4027385712,
        "min": -1.18802118301,
        "var": 836.845092773
    },
    "spectral_rms": {
        "dmean": 0.000774049258325,
        "dmean2": 0.000956525735091,
        "dvar": 2.19873709284e-06,
        "dvar2": 3.99462305722e-06,
        "max": 0.0166441686451,
        "mean": 0.00282127712853,
        "median": 0.00217417138629,
        "min": 3.1385226449e-12,
        "var": 5.76633738092e-06
    },
    "spectral_rolloff": {
        "dmean": 951.773864746,
        "dmean2": 1680.05773926,
        "dvar": 5952051.5,
        "dvar2": 14482739,
        "max": 18518.5546875,
        "mean": 1239.24304199,
        "median": 344.53125,
        "min": 172.265625,
        "var": 6007699
    },
    "spectral_skewness": {
        "dmean": 0.642406284809,
        "dmean2": 0.960784316063,
        "dvar": 0.586275219917,
        "dvar2": 1.1400077343,
        "max": 11.7407693863,
        "mean": 3.28764176369,
        "median": 2.69436764717,
        "min": -0.0176676772535,
        "var": 4.67212915421
    },
    "spectral_spread": {
        "dmean": 1299635.875,
        "dmean2": 1835408.75,
        "dvar": 2.88585731277e+12,
        "dvar2": 4.84846600192e+12,
        "max": 39895324,
        "mean": 4829824.5,
        "median": 3670410,
        "min": 478854.96875,
        "var": 9.72606459085e+12
    },
    "spectral_strongpeak": {
        "dmean": 0.229892224073,
        "dmean2": 0.34983959794,
        "dvar": 0.127605482936,
        "dvar2": 0.284356147051,
        "max": 5.33166694641,
        "mean": 0.683816313744,
        "median": 0.541737258434,
        "min": 0,
        "var": 0.342841953039
    },
    "zerocrossingrate": {
        "dmean": 0.0162868704647,
        "dmean2": 0.0202661678195,
        "dvar": 0.00068719725823,
        "dvar2": 0.000969172513578,
        "max": 0.50439453125,
        "mean": 0.047464158386,
        "median": 0.0205078125,
        "min": 0.00927734375,
        "var": 0.002912994707
    },
    "barkbands": {
        "dmean": [1.3334625919e-06, 1.65691981238e-05, 8.62734013936e-05, 0.000171457286342, 0.00376670435071, 0.00239617284387, 0.000187113226275, 8.73222961673e-05, 0.000158562717843, 7.47097583371e-05, 3.77548130928e-05, 3.77202923119e-05, 8.98214639165e-05, 8.95212506293e-05, 6.28991547273e-05, 3.28843161697e-05, 6.31313960184e-05, 3.32678246195e-05, 4.33117056673e-05, 2.98065515381e-05, 4.88692057843e-05, 7.16772992746e-05, 0.000143077602843, 0.000260492728557, 0.000356407254003, 0.000285151530989, 0.000144749094034],
        "dmean2": [2.51278584074e-06, 2.76896898868e-05, 0.000149534113007, 0.000278037245153, 0.00551149155945, 0.00347873661667, 0.000268996926025, 0.000140522519359, 0.000253364822129, 0.000114163180115, 6.2377708673e-05, 6.29507921985e-05, 0.000143569108332, 0.000146204576595, 0.00010214921349, 5.19236200489e-05, 0.00010328891949, 5.54414109502e-05, 7.02148317941e-05, 4.90424790769e-05, 8.10114943306e-05, 0.000116632647405, 0.000237462023506, 0.000454601744423, 0.000618376769125, 0.000511187303346, 0.000262033601757],
        "dvar": [1.10255020391e-10, 4.60689175696e-09, 1.76476575575e-07, 4.58126834246e-07, 0.00012816535309, 4.97618675581e-05, 4.43536578132e-07, 1.43887234572e-07, 4.541849421e-07, 1.63398368613e-07, 2.78080527494e-08, 3.11207521975e-08, 1.36603404144e-07, 1.64405577152e-07, 7.01782028045e-08, 2.02245544756e-08, 8.88918734177e-08, 2.38358861537e-08, 4.49593073881e-08, 1.54573527311e-08, 4.08381488626e-08, 7.76318032081e-08, 3.35920816497e-07, 1.41232351325e-06, 2.48501510214e-06, 1.79630796993e-06, 4.76502322044e-07],
        "dvar2": [3.18251203169e-10, 1.16315739263e-08, 4.64914876375e-07, 1.13207499908e-06, 0.000296751997666, 0.000104408383777, 1.03813829355e-06, 3.60013956424e-07, 1.1506510873e-06, 3.26361828229e-07, 7.23273529957e-08, 8.06689541832e-08, 3.40676223232e-07, 4.0912800614e-07, 1.76717890099e-07, 5.03405068741e-08, 2.28941445357e-07, 6.21546476509e-08, 1.13300444582e-07, 3.90814278717e-08, 1.03661768946e-07, 1.92421637735e-07, 8.56395274695e-07, 3.7636621073e-06, 6.5576259658e-06, 4.91339005748e-06, 1.31817921556e-06],
        "max": [0.000230982113862, 0.00113962159958, 0.00683596171439, 0.0151946814731, 0.193956658244, 0.204052105546, 0.0200328342617, 0.00711776828393, 0.0155306067318, 0.0237463545054, 0.00334491813555, 0.00394789781421, 0.0113595528528, 0.00677752494812, 0.00588540919125, 0.00402497453615, 0.00917635578662, 0.00417637685314, 0.00652431463823, 0.00212046597153, 0.00304130604491, 0.00392615562305, 0.00775970518589, 0.0191972516477, 0.0239439681172, 0.0188601929694, 0.00889323372394],
        "mean": [7.81759126767e-07, 1.25621118059e-05, 5.99771883572e-05, 0.000137765469844, 0.00666063372046, 0.00513206841424, 0.000282532913843, 0.000102931022411, 0.000190105682123, 0.000109449538286, 3.59985351679e-05, 3.08863272949e-05, 9.42620681599e-05, 8.63562017912e-05, 5.74952755414e-05, 3.33284551743e-05, 5.52236269868e-05, 2.74405520031e-05, 3.67798056686e-05, 2.44010589086e-05, 3.89494962292e-05, 5.71991258767e-05, 0.000107203726657, 0.00017755474255, 0.000244980939897, 0.000182102536201, 9.01568419067e-05],
        "median": [4.14860190645e-09, 1.65049385714e-07, 8.30086094084e-07, 1.32659818064e-06, 0.00194986036513, 0.00168171990663, 4.78117835883e-05, 5.65746722714e-06, 8.75249224919e-06, 8.92583557288e-06, 2.87410762212e-06, 6.73996396472e-07, 6.21601202511e-06, 2.31561898545e-06, 3.5151369957e-06, 2.43860677074e-06, 2.30200475926e-06, 1.70967825852e-06, 1.44924206325e-06, 1.04353739516e-06, 1.72963052592e-06, 1.62321885e-06, 1.05943684048e-06, 4.1218211777e-07, 2.68389271696e-07, 7.20822086464e-08, 4.15796179709e-08],
        "min": [9.66485402034e-24, 1.40742472703e-23, 1.60078084579e-23, 1.46907957103e-23, 2.80481041019e-23, 3.30560802736e-23, 9.18082569275e-23, 8.5623000518e-23, 5.38311739747e-23, 6.74099818867e-23, 1.06948788551e-22, 1.87144590124e-22, 8.61627075949e-23, 1.51188133359e-22, 1.34926264358e-22, 1.53895630204e-22, 1.84619515786e-22, 1.77611792997e-22, 1.79032007683e-22, 2.62011099857e-22, 3.5482751471e-22, 7.00346874636e-22, 7.05357870567e-22, 8.76137749471e-22, 9.94879869716e-22, 1.62358297754e-21, 2.20830586559e-21],
        "var": [6.20926296491e-11, 3.54465568009e-09, 1.22370366284e-07, 3.88049869571e-07, 0.000181294002687, 0.000108145577542, 7.53514427743e-07, 1.64826118976e-07, 4.56548349348e-07, 5.50343884242e-07, 2.1562382102e-08, 2.37132962155e-08, 1.23025088783e-07, 1.64472240272e-07, 5.78517855843e-08, 1.80862684829e-08, 6.9075944964e-08, 1.74853145296e-08, 3.56550415859e-08, 1.2084986345e-08, 3.12460990415e-08, 6.19556885795e-08, 2.54424776358e-07, 9.62011085903e-07, 1.72473608018e-06, 1.14354565994e-06, 2.95038631748e-07]
    },
    "erbbands": {
        "dmean": [0.000186361328815, 0.00620228797197, 0.0799656584859, 0.424753576517, 8.17759895325, 12.1499834061, 16.5039691925, 21.407907486, 5.12674236298, 1.38992106915, 2.45069122314, 3.38555622101, 3.57482981682, 1.72747957706, 1.64880943298, 1.69556200504, 4.12915086746, 4.69700431824, 3.05397725105, 2.71725606918, 2.37745070457, 3.18190789223, 2.13823008537, 1.71485948563, 2.03026771545, 1.48530733585, 1.87146151066, 2.02421617508, 2.25383639336, 3.61649465561, 4.05764293671, 4.74504852295, 4.74112224579, 3.91714477539, 2.47001862526, 1.31297266483, 0.426120072603, 0.171368286014, 0.0268530510366, 0.00116699142382],
        "dmean2": [0.00029779880424, 0.0103361718357, 0.136063486338, 0.641729474068, 12.0221862793, 18.49177742, 25.1809101105, 29.4738368988, 7.12102556229, 1.97832667828, 3.96400403976, 5.26099061966, 5.57326173782, 2.81319570541, 2.68180751801, 2.75079059601, 6.59620809555, 7.60136556625, 4.91521692276, 4.39299535751, 3.77312707901, 5.18686819077, 3.5218360424, 2.75295901299, 3.29919886589, 2.43718481064, 3.08759880066, 3.35737323761, 3.64940094948, 5.99181032181, 6.76497936249, 8.16004943848, 8.31104660034, 6.77645730972, 4.31259632111, 2.33981347084, 0.764901101589, 0.310118168592, 0.0486598052084, 0.00211479724385],
        "dvar": [6.23273081146e-07, 0.000640166399535, 0.128028035164, 2.09243130684, 750.510925293, 1490.10839844, 2695.58935547, 4266.71630859, 275.25012207, 20.3016738892, 121.818572998, 186.50831604, 339.432556152, 61.7520828247, 48.5075683594, 50.8000602722, 284.574737549, 429.400177002, 151.223953247, 135.838790894, 94.302947998, 233.610397339, 95.1703796387, 60.0585784912, 91.8057479858, 38.1822433472, 59.7020072937, 75.0453872681, 74.421661377, 218.582092285, 275.289550781, 437.798553467, 478.934570312, 315.257415771, 123.005897522, 38.3580856323, 3.99989533424, 0.672368705273, 0.0167850255966, 3.17185622407e-05],
        "dvar2": [1.56710007104e-06, 0.00159982161131, 0.33013176918, 4.852602005, 1654.80981445, 3670.96826172, 6467.52392578, 8481.66015625, 631.916564941, 45.9562988281, 315.578826904, 462.781860352, 739.900085449, 162.243759155, 123.379837036, 128.670516968, 707.286437988, 1064.64465332, 370.782775879, 339.632659912, 235.115386963, 598.764770508, 242.772918701, 149.327957153, 230.424057007, 96.3853683472, 150.898742676, 193.381072998, 185.523468018, 553.308349609, 704.870178223, 1153.20397949, 1280.12634277, 835.975036621, 327.789337158, 104.375259399, 10.9502887726, 1.85725605488, 0.0465552806854, 8.79801664269e-05],
        "max": [0.0202504266053, 0.396135032177, 5.6618771553, 26.2473526001, 496.125366211, 708.010986328, 1410.21337891, 2067.18066406, 563.930725098, 110.188140869, 199.568649292, 288.061859131, 909.289916992, 178.339935303, 150.814788818, 128.37991333, 541.618347168, 403.409606934, 245.780792236, 259.432525635, 207.721359253, 442.428894043, 208.820877075, 220.020492554, 281.691864014, 111.452972412, 113.702674866, 149.666488647, 131.704421997, 251.532440186, 196.636032104, 356.747375488, 395.549743652, 376.228546143, 145.843276978, 104.632637024, 25.4183311462, 11.079709053, 1.93341696262, 0.0802682638168],
        "mean": [0.000160120878718, 0.00480270478874, 0.0588651634753, 0.381759822369, 7.78117370605, 22.2512569427, 47.6129188538, 39.3035850525, 8.06261253357, 2.08043837547, 2.93659949303, 4.66295433044, 4.61509561539, 1.90031206608, 1.59218204021, 1.5751516819, 4.36699056625, 4.66254663467, 2.98605775833, 2.49870538712, 2.39946293831, 2.7554910183, 1.77415919304, 1.52949845791, 1.71010386944, 1.23228907585, 1.5237057209, 1.5798432827, 1.82744085789, 2.73288059235, 3.01736426353, 3.33527135849, 3.20923304558, 2.69802904129, 1.67212367058, 0.853712499142, 0.270898580551, 0.106844469905, 0.0167046543211, 0.000735601002816],
        "median": [1.08060849016e-05, 0.000130016400362, 0.00141195417382, 0.013390342705, 0.351106584072, 4.62201356888, 20.4349021912, 8.92880439758, 1.84375667572, 0.417557805777, 0.195518180728, 0.260742813349, 0.243590787053, 0.240032553673, 0.123733893037, 0.0866816937923, 0.282437026501, 0.175662904978, 0.183557659388, 0.124897815287, 0.2011410743, 0.11381803453, 0.0923049375415, 0.092377088964, 0.0802589356899, 0.0633836686611, 0.0749096348882, 0.0604217089713, 0.0575250983238, 0.0377118587494, 0.0282440688461, 0.0152609301731, 0.00589641463012, 0.003441470908, 0.00157989631407, 0.000430062034866, 0.000109660701128, 3.22919113387e-05, 1.20298973343e-05, 9.07643698156e-06],
        "min": [7.98555084357e-22, 1.91464463123e-21, 1.55483265661e-20, 3.49863601027e-20, 1.06014814801e-19, 4.93259043752e-20, 1.05446406011e-19, 3.32630443263e-19, 1.3988829774e-18, 1.42301131888e-18, 1.71537406709e-18, 1.04260894635e-18, 3.03320409781e-18, 2.37935773505e-18, 3.30281472628e-18, 8.14726994841e-18, 5.10901446539e-18, 5.58242275126e-18, 7.31094485418e-18, 1.29169314996e-17, 5.63261069415e-18, 1.09025647282e-17, 1.05044162296e-17, 8.88987051615e-18, 7.66205572725e-18, 1.26704846166e-17, 1.64098852702e-17, 1.18073274376e-17, 1.97278953043e-17, 2.60213782265e-17, 2.22674440096e-17, 1.67253504491e-17, 1.72426940196e-17, 1.15761445185e-17, 6.07003786414e-18, 5.66148426062e-18, 3.73654357175e-18, 1.44015122496e-18, 2.89802779307e-19, 2.86667713086e-20],
        "var": [4.99489885897e-07, 0.000499715853948, 0.093364469707, 2.06882572174, 836.804138184, 2271.34570312, 6396.04150391, 8893.33203125, 444.732452393, 32.3826904297, 125.093811035, 237.319198608, 898.85723877, 51.3477401733, 39.9855957031, 41.6305465698, 261.699584961, 435.679840088, 137.54888916, 111.474098206, 83.6138458252, 182.332855225, 72.8838424683, 50.3784408569, 72.7178955078, 29.9898223877, 46.2419395447, 55.7512779236, 59.1801300049, 167.103347778, 206.358612061, 307.267242432, 323.252227783, 217.040344238, 83.5259933472, 24.7563266754, 2.54220366478, 0.417678624392, 0.0103328181431, 1.95141165023e-05]
    },
    "gfcc": {
        "mean": [-194.972427368, 81.5728759766, -96.2914657593, -5.15517520905, -80.2915725708, -31.4470844269, -69.3588256836, -33.1600723267, -36.0415229797, -10.3679027557, -14.287314415, 3.29113745689, 2.10183572769],
        "cov": [[21468.7988281, -2600.78833008, 188.639358521, 1034.22766113, -736.000305176, 617.036010742, -753.084289551, 173.02911377, -230.031921387, -75.5495300293, -464.111602783, -407.197723389, -660.444885254], [-2600.78833008, 2896.28466797, -606.00592041, -953.017211914, -106.709838867, -954.525878906, 11.2886667252, -603.211975098, 112.944976807, -60.2855300903, 301.369506836, 161.512054443, 486.814941406], [188.639358521, -606.00592041, 1037.8079834, 22.171661377, 67.1540756226, 335.182922363, -39.4893379211, 201.850234985, -146.664581299, -76.1365890503, -158.658721924, -46.1293754578, -93.4061203003], [1034.22766113, -953.017211914, 22.171661377, 823.18927002, -68.1523666382, 219.624786377, -18.5214443207, 91.8720855713, -30.0303535461, -2.18981170654, -121.206069946, -67.7058944702, -169.678421021], [-736.000305176, -106.709838867, 67.1540756226, -68.1523666382, 297.086914062, 127.242843628, 61.3708114624, 91.35887146, -18.3799152374, 10.0600576401, -34.1852149963, -25.7271099091, -33.5106430054], [617.036010742, -954.525878906, 335.182922363, 219.624786377, 127.242843628, 548.6875, 33.7124824524, 274.795715332, -70.2592926025, -27.8891353607, -163.036010742, -121.86856842, -199.054916382], [-753.084289551, 11.2886667252, -39.4893379211, -18.5214443207, 61.3708114624, 33.7124824524, 146.639343262, 33.0921592712, 14.9253816605, -4.41887807846, -12.559469223, -3.35967898369, 0.34966853261], [173.02911377, -603.211975098, 201.850234985, 91.8720855713, 91.35887146, 274.795715332, 33.0921592712, 270.776641846, -22.5080852509, -11.859618187, -92.264289856, -63.1217765808, -116.308631897], [-230.031921387, 112.944976807, -146.664581299, -30.0303535461, -18.3799152374, -70.2592926025, 14.9253816605, -22.5080852509, 99.2707901001, 28.6462020874, 31.1018486023, 16.2296848297, 25.5996322632], [-75.5495300293, -60.2855300903, -76.1365890503, -2.18981170654, 10.0600576401, -27.8891353607, -4.41887807846, -11.859618187, 28.6462020874, 97.5749053955, 50.2072143555, 29.5040588379, 2.62414097786], [-464.111602783, 301.369506836, -158.658721924, -121.206069946, -34.1852149963, -163.036010742, -12.559469223, -92.264289856, 31.1018486023, 50.2072143555, 150.128921509, 76.8364181519, 59.0238342285], [-407.197723389, 161.512054443, -46.1293754578, -67.7058944702, -25.7271099091, -121.86856842, -3.35967898369, -63.1217765808, 16.2296848297, 29.5040588379, 76.8364181519, 107.844444275, 60.2590179443], [-660.444885254, 486.814941406, -93.4061203003, -169.678421021, -33.5106430054, -199.054916382, 0.34966853261, -116.308631897, 25.5996322632, 2.62414097786, 59.0238342285, 60.2590179443, 150.296859741]],
        "icov": [[8.87226924533e-05, 0.000111212990305, 8.26753821457e-05, 0.000119568350783, 0.000191149578313, 9.72985872068e-05, 0.000360643869499, 0.000160062394571, 0.000124171827338, 1.594071e-05, 0.000287485454464, 0.000130499101942, 0.000323878164636], [0.000111212990305, 0.00253766868263, 0.000295613252092, 0.00165344588459, -0.000286967348075, 0.00204536947422, -0.000154829045641, 0.0024515024852, -0.000149735686136, 0.00262279994786, -0.000785274314694, 0.00231483322568, -0.00177807128057], [8.26753821457e-05, 0.000295613252092, 0.001789229922, 0.000577645609155, 0.000285318674287, -0.000427285500336, 0.000938849931117, -0.000265079084784, 0.00177126273047, 0.000513184000738, 0.00153737037908, -0.00102042953949, -4.49809085694e-05], [0.000119568350783, 0.00165344588459, 0.000577645609155, 0.00304512050934, 0.000672560825478, 0.0011386165861, 0.000167199919815, 0.00202466989867, 0.000328484980855, 0.00102990784217, 0.00152874586638, 0.000648913090117, 0.00125657499302], [0.000191149578313, -0.000286967348075, 0.000285318674287, 0.000672560825478, 0.00506262760609, -0.000924340565689, -0.000616534962319, -0.000863056979142, 0.00135487876832, -0.00188849680126, 0.00150870939251, -9.31522154133e-05, 0.00119124271441], [9.72985872068e-05, 0.00204536947422, -0.000427285500336, 0.0011386165861, -0.000924340565689, 0.00796946883202, -0.000782663060818, -0.00085319543723, 0.0010801757453, 0.00126414326951, 0.0011673301924, 0.00336016644724, 0.00250110309571], [0.000360643869499, -0.000154829045641, 0.000938849931117, 0.000167199919815, -0.000616534962319, -0.000782663060818, 0.00980893708766, -0.000750642444473, -0.000709869374987, 0.000524656439666, 0.00212512002327, -0.00105151394382, 0.000779521651566], [0.000160062394571, 0.0024515024852, -0.000265079084784, 0.00202466989867, -0.000863056979142, -0.00085319543723, -0.000750642444473, 0.0109889339656, -0.00186410848983, 0.00225007114932, 0.000707264989614, 0.00172019586898, 0.00137791538145], [0.000124171827338, -0.000149735686136, 0.00177126273047, 0.000328484980855, 0.00135487876832, 0.0010801757453, -0.000709869374987, -0.00186410848983, 0.0146289160475, -0.00369405839592, 0.00135826703627, 2.842624599e-05, -0.000177947469638], [1.594071e-05, 0.00262279994786, 0.000513184000738, 0.00102990784217, -0.00188849680126, 0.00126414326951, 0.000524656439666, 0.00225007114932, -0.00369405839592, 0.0173566099256, -0.00609503034502, 0.000189836719073, -0.0013067543041], [0.000287485454464, -0.000785274314694, 0.00153737037908, 0.00152874586638, 0.00150870939251, 0.0011673301924, 0.00212512002327, 0.000707264989614, 0.00135826703627, -0.00609503034502, 0.0182544197887, -0.00825977046043, 0.00493082869798], [0.000130499101942, 0.00231483322568, -0.00102042953949, 0.000648913090117, -9.31522154133e-05, 0.00336016644724, -0.00105151394382, 0.00172019586898, 2.842624599e-05, 0.000189836719073, -0.00825977046043, 0.0201463662088, -0.00590458884835], [0.000323878164636, -0.00177807128057, -4.49809085694e-05, 0.00125657499302, 0.00119124271441, 0.00250110309571, 0.000779521651566, 0.00137791538145, -0.000177947469638, -0.0013067543041, 0.00493082869798, -0.00590458884835, 0.0203532353044]]
    },
    "melbands": {
        "dmean": [2.85449186777e-06, 2.91120595648e-05, 0.00022190817981, 0.00085287715774, 0.00054743984947, 0.000452887848951, 6.80080047459e-05, 1.35664649861e-05, 2.08191959246e-05, 2.28019125643e-05, 1.73966145667e-05, 6.52460403217e-06, 5.28231976205e-06, 4.5595870688e-06, 7.30484998712e-06, 8.35030550661e-06, 9.24568212213e-06, 4.87725537823e-06, 5.15774172527e-06, 2.4322569061e-06, 2.94189476335e-06, 3.3783762774e-06, 3.30025000039e-06, 1.08808819732e-06, 1.38434461405e-06, 1.90636308162e-06, 8.98557914297e-07, 1.00846489204e-06, 1.20079926091e-06, 1.17970807878e-06, 1.15328418815e-06, 1.18312243558e-06, 1.49739400968e-06, 2.26063775699e-06, 2.39284304371e-06, 2.40483814196e-06, 3.26981353282e-06, 3.95577853851e-06, 2.73128625849e-06, 3.45222588294e-06],
        "dmean2": [4.65764469482e-06, 4.99369343743e-05, 0.000329118978698, 0.00127198803239, 0.000825839990284, 0.000634455587715, 9.61419937084e-05, 1.98452489713e-05, 3.38652607752e-05, 3.58858778782e-05, 2.72093948297e-05, 1.07136183942e-05, 8.63369041326e-06, 7.59257227401e-06, 1.18519265015e-05, 1.33763342092e-05, 1.50593205035e-05, 7.91467573436e-06, 8.4899875219e-06, 3.8451976252e-06, 4.73995760331e-06, 5.56656868866e-06, 5.47001855011e-06, 1.79560436209e-06, 2.23355323214e-06, 3.11918392981e-06, 1.45682463426e-06, 1.67569658061e-06, 1.98367865778e-06, 1.96824294108e-06, 1.93105347535e-06, 1.92481024897e-06, 2.46480635724e-06, 3.76597722607e-06, 4.02356590712e-06, 4.00741055273e-06, 5.70660859012e-06, 7.02217812432e-06, 4.73059253636e-06, 5.98326914769e-06],
        "dvar": [1.30759278405e-10, 1.7799335339e-08, 6.10291692738e-07, 7.13356394044e-06, 2.80887411463e-06, 1.8346700017e-06, 5.10936217779e-08, 2.23904517149e-09, 8.99558383338e-09, 9.01414942689e-09, 8.22013213053e-09, 9.39138211642e-10, 5.04129793466e-10, 4.40900427279e-10, 9.1332025276e-10, 1.2351599743e-09, 1.80585224552e-09, 4.23816703954e-10, 5.31652499802e-10, 1.06129494082e-10, 1.48842979608e-10, 2.87985885139e-10, 2.57643684165e-10, 2.23272476896e-11, 4.11927505994e-11, 9.90988194283e-11, 1.41923165928e-11, 1.89680372104e-11, 2.44369351143e-11, 2.48238790634e-11, 2.80984333023e-11, 2.1712754858e-11, 3.55274143438e-11, 8.98339666544e-11, 1.02235296617e-10, 9.79142322777e-11, 2.34570557422e-10, 3.71177089065e-10, 1.67715910604e-10, 2.52055099015e-10],
        "dvar2": [3.22308457701e-10, 4.59641604778e-08, 1.35876371132e-06, 1.62827127497e-05, 6.69383325658e-06, 3.70351312995e-06, 1.18986832831e-07, 5.01316987922e-09, 2.35035013674e-08, 2.27404992614e-08, 1.78415362484e-08, 2.4971520407e-09, 1.28987009962e-09, 1.14675502427e-09, 2.32316188509e-09, 3.073888033e-09, 4.49184112128e-09, 1.06361819352e-09, 1.35906497167e-09, 2.59047755469e-10, 3.7900063643e-10, 7.54337259323e-10, 6.61159405002e-10, 5.7066296133e-11, 1.03405721485e-10, 2.54289117541e-10, 3.50937924554e-11, 4.89103167689e-11, 6.24130261362e-11, 6.32544502888e-11, 7.40687025602e-11, 5.46944885216e-11, 8.90723397817e-11, 2.29610913616e-10, 2.65417104961e-10, 2.5102103729e-10, 6.2580612914e-10, 1.00756913923e-09, 4.48742293324e-10, 6.70857536189e-10],
        "max": [0.000224883493502, 0.00211090920493, 0.0160649847239, 0.0427228957415, 0.0415944233537, 0.0416931062937, 0.00741545157507, 0.00147669238504, 0.00195106386673, 0.00221736496314, 0.00453204894438, 0.000749765604269, 0.000412659661379, 0.000535407278221, 0.00110057112761, 0.000700508069713, 0.000778012850787, 0.000402660487453, 0.000481544528157, 0.000296863814583, 0.000276938255411, 0.000598615501076, 0.000417543807998, 9.00388840819e-05, 0.000190066260984, 0.000300726242131, 7.22395125194e-05, 8.09538614703e-05, 8.22127840365e-05, 8.27645999379e-05, 0.000114140719234, 9.56310832407e-05, 7.12879409548e-05, 0.000195176442503, 0.000141419266583, 0.000149575571413, 0.000286535418127, 0.00041355859139, 0.000353652110789, 0.000314574368531],
        "mean": [2.24039854402e-06, 2.08858145925e-05, 0.000203319897992, 0.00106346223038, 0.00160945078824, 0.000859133084305, 0.000101974743302, 1.92582228919e-05, 2.56602561421e-05, 2.91239957733e-05, 2.2147936761e-05, 7.07037406755e-06, 5.03889032188e-06, 3.93873278881e-06, 7.34129389457e-06, 8.5702386059e-06, 9.07783214643e-06, 4.66820119982e-06, 4.54517157777e-06, 2.40504209614e-06, 2.88881733468e-06, 2.90673142445e-06, 2.65240487352e-06, 9.40961342621e-07, 1.21781818052e-06, 1.54578037836e-06, 7.6077265021e-07, 8.06006426046e-07, 9.78923139883e-07, 9.29754094159e-07, 8.81733797087e-07, 9.60635816227e-07, 1.16158025776e-06, 1.69212592027e-06, 1.75395302904e-06, 1.78472828338e-06, 2.23069196181e-06, 2.61255013356e-06, 1.88321507721e-06, 2.37011295212e-06],
        "median": [3.40813812727e-08, 2.88402787874e-07, 2.91644664685e-06, 6.83147954987e-05, 0.000667058280669, 0.00022063999495, 1.89727979887e-05, 3.06706874653e-06, 1.35820744163e-06, 1.68265694356e-06, 1.06801940092e-06, 8.74510647009e-07, 3.62655072195e-07, 1.85836810829e-07, 4.34915733649e-07, 5.54673874831e-07, 2.6653432883e-07, 2.37296731598e-07, 2.09901443782e-07, 1.54925473339e-07, 2.34196662063e-07, 1.04797621248e-07, 1.03699264287e-07, 6.23409448508e-08, 6.83383021283e-08, 6.07895884741e-08, 3.96049912865e-08, 3.55026088528e-08, 4.73569450321e-08, 3.58857725757e-08, 2.84134404893e-08, 3.10119148139e-08, 2.55873811028e-08, 1.80545356443e-08, 1.54751518266e-08, 1.31897071043e-08, 6.18706996747e-09, 4.16675360881e-09, 2.75380629411e-09, 2.67179478541e-09],
        "min": [5.9311386739e-24, 6.14098001342e-24, 8.60653006281e-24, 5.80421963172e-24, 3.13907653204e-24, 9.86943326319e-24, 1.89705507146e-23, 1.56068225712e-23, 1.34127858236e-23, 6.97319592513e-24, 1.47009136403e-23, 8.47105424639e-24, 1.30102727021e-23, 1.38099078696e-23, 2.1184772835e-23, 8.66309060085e-24, 1.15995819332e-23, 1.36968104593e-23, 1.10029577531e-23, 1.60529218354e-23, 5.20545211655e-24, 9.81677679777e-24, 1.32813726408e-23, 7.27947511589e-24, 7.35832728539e-24, 4.62997256416e-24, 6.57479474115e-24, 9.26338140643e-24, 9.05786815226e-24, 1.18625305721e-23, 5.00125547123e-24, 1.13229615459e-23, 1.34190130916e-23, 1.32786400267e-23, 1.33708231566e-23, 9.26425940861e-24, 1.18318328389e-23, 1.173921268e-23, 1.11314395287e-23, 9.75724777614e-24],
        "var": [1.06070235928e-10, 1.28698154356e-08, 6.57437965401e-07, 8.45513568493e-06, 6.97073755873e-06, 3.8196976675e-06, 8.09371698551e-08, 3.38061756366e-09, 8.93780338629e-09, 9.7702468338e-09, 2.20088942626e-08, 7.34601435237e-10, 4.05697170303e-10, 3.36266875456e-10, 7.89123322242e-10, 1.07589737119e-09, 1.88951365665e-09, 3.75305564404e-10, 4.11263578748e-10, 9.58225096492e-11, 1.26302773795e-10, 2.19281717784e-10, 1.93620286471e-10, 1.75470332708e-11, 3.43816572435e-11, 7.47325812345e-11, 1.16131566169e-11, 1.42237705988e-11, 1.86861030121e-11, 1.88178223004e-11, 1.99421607699e-11, 1.69465795563e-11, 2.76666901194e-11, 6.73984271171e-11, 7.44036221523e-11, 7.36079114327e-11, 1.59504423558e-10, 2.41795028444e-10, 1.13306197758e-10, 1.72119610231e-10]
    },
    "mfcc": {
        "mean": [-841.408325195, 117.108543396, 16.5488204956, 5.46162509918, -10.2492485046, -15.9725589752, -33.1401901245, -30.3874263763, -29.6752166748, -25.9441299438, -22.4767398834, -18.7591724396, -14.7522201538],
        "cov": [[14187.1591797, -1524.78979492, 228.475601196, 38.1662101746, 357.928985596, 259.875762939, -122.508293152, 102.364074707, -15.0834617615, 238.24067688, 71.5188522339, -57.9489784241, -156.667907715], [-1524.78979492, 2031.39135742, -478.053039551, -348.467773438, -498.26763916, -395.515838623, -439.061248779, -445.961853027, -283.841186523, -345.635192871, -140.272659302, -78.6571655273, -61.4692955017], [228.475601196, -478.053039551, 663.75592041, 75.7811737061, 175.099472046, 93.9658508301, 154.619827271, 149.661727905, 68.451499939, 61.2685050964, -16.6655826569, -50.1180000305, -20.3312091827], [38.1662101746, -348.467773438, 75.7811737061, 381.799194336, 58.3850669861, 73.6932983398, -1.11321651936, 24.0202007294, 14.083738327, -13.5190238953, -13.3036823273, -4.64111042023, 8.08552074432], [357.928985596, -498.26763916, 175.099472046, 58.3850669861, 323.190704346, 135.79095459, 178.276168823, 145.662689209, 98.4245605469, 129.226318359, 44.8711128235, 24.021396637, 13.0054416656], [259.875762939, -395.515838623, 93.9658508301, 73.6932983398, 135.79095459, 202.34236145, 129.050964355, 93.1935806274, 70.8310623169, 70.320602417, 32.0128555298, 17.0306587219, 4.61600732803], [-122.508293152, -439.061248779, 154.619827271, -1.11321651936, 178.276168823, 129.050964355, 284.453948975, 184.610855103, 115.116073608, 130.012786865, 49.5989341736, 31.8294353485, 10.0423145294], [102.364074707, -445.961853027, 149.661727905, 24.0202007294, 145.662689209, 93.1935806274, 184.610855103, 234.401794434, 123.426986694, 120.484786987, 51.049533844, 11.5065479279, 1.52481544018], [-15.0834617615, -283.841186523, 68.451499939, 14.083738327, 98.4245605469, 70.8310623169, 115.116073608, 123.426986694, 177.013870239, 102.305717468, 31.5697898865, 13.5238246918, -12.2752075195], [238.24067688, -345.635192871, 61.2685050964, -13.5190238953, 129.226318359, 70.320602417, 130.012786865, 120.484786987, 102.305717468, 194.264160156, 62.9579658508, 6.89323282242, -6.04242324829], [71.5188522339, -140.272659302, -16.6655826569, -13.3036823273, 44.8711128235, 32.0128555298, 49.5989341736, 51.049533844, 31.5697898865, 62.9579658508, 115.560241699, 43.759475708, 4.14074993134], [-57.9489784241, -78.6571655273, -50.1180000305, -4.64111042023, 24.021396637, 17.0306587219, 31.8294353485, 11.5065479279, 13.5238246918, 6.89323282242, 43.759475708, 115.669921875, 55.6397285461], [-156.667907715, -61.4692955017, -20.3312091827, 8.08552074432, 13.0054416656, 4.61600732803, 10.0423145294, 1.52481544018, -12.2752075195, -6.04242324829, 4.14074993134, 55.6397285461, 120.25969696]],
