{
"lowlevel": {
    "average_loudness": 0.91180151701,
    "barkbands_crest": {
        "dmean": 3.27354860306,
        "dmean2": 5.32190990448,
        "dvar": 13.0157518387,
        "dvar2": 28.2904148102,
        "max": 26.5903053284,
        "mean": 14.8896579742,
        "median": 14.0062494278,
        "min": 3.16732215881,
        "var": 31.694272995
    },
    "barkbands_flatness_db": {
        "dmean": 0.0549615882337,
        "dmean2": 0.0854597762227,
        "dvar": 0.00391975883394,
        "dvar2": 0.00824725069106,
        "max": 0.665894925594,
        "mean": 0.324251115322,
        "median": 0.322565615177,
        "min": 0.0482130125165,
        "var": 0.0101286433637
    },
    "barkbands_kurtosis": {
        "dmean": 11.9742708206,
        "dmean2": 18.648525238,
        "dvar": 1298.83837891,
        "dvar2": 3080.27709961,
        "max": 775.949279785,
        "mean": 13.6098108292,
        "median": 3.63585686684,
        "min": -1.78772747517,
        "var": 1361.51928711
    },
    "barkbands_skewness": {
        "dmean": 1.04532110691,
        "dmean2": 1.54287958145,
        "dvar": 2.1849052906,
        "dvar2": 4.40602445602,
        "max": 22.7126293182,
        "mean": 2.00956463814,
        "median": 1.43990659714,
        "min": -3.92874765396,
        "var": 4.81271028519
    },
    "barkbands_spread": {
        "dmean": 2.57860922813,
        "dmean2": 4.29519414902,
        "dvar": 30.3107185364,
        "dvar2": 82.4878997803,
        "max": 112.498786926,
        "mean": 6.33122444153,
        "median": 4.90178823471,
        "min": 0.0632895305753,
        "var": 39.1149635315
    },
    "dissonance": {
        "dmean": 0.0434069223702,
        "dmean2": 0.0731363818049,
        "dvar": 0.00159343052655,
        "dvar2": 0.00455268938094,
        "max": 0.500000059605,
        "mean": 0.407277166843,
        "median": 0.419800251722,
        "min": 0.0768517106771,
        "var": 0.00409186678007
    },
    "dynamic_complexity": 3.77913594246,
    "erbbands_crest": {
        "dmean": 3.24792289734,
        "dmean2": 5.24652719498,
        "dvar": 8.64717769623,
        "dvar2": 22.1845741272,
        "max": 31.3626670837,
        "mean": 12.4708347321,
        "median": 11.5582857132,
        "min": 2.5732178688,
        "var": 24.9662227631
    },
    "erbbands_flatness_db": {
        "dmean": 0.0435401275754,
        "dmean2": 0.0678055286407,
        "dvar": 0.00263887410983,
        "dvar2": 0.00560411484912,
        "max": 0.563370049,
        "mean": 0.305819064379,
        "median": 0.321666747332,
        "min": 0.0513473115861,
        "var": 0.00827616453171
    },
    "erbbands_kurtosis": {
        "dmean": 2.43897271156,
        "dmean2": 4.00387907028,
        "dvar": 26.9984836578,
        "dvar2": 68.7271652222,
        "max": 111.745384216,
        "mean": 2.47683382034,
        "median": 0.898158073425,
        "min": -1.77009379864,
        "var": 35.85546875
    },
    "erbbands_skewness": {
        "dmean": 0.542940735817,
        "dmean2": 0.853760957718,
        "dvar": 0.349080324173,
        "dvar2": 0.839591503143,
        "max": 8.63303470612,
        "mean": 0.838657319546,
        "median": 0.71251642704,
        "min": -4.31239414215,
        "var": 0.965584397316
    },
    "erbbands_spread": {
        "dmean": 6.54725790024,
        "dmean2": 10.5103368759,
        "dvar": 129.21585083,
        "dvar2": 329.984649658,
        "max": 138.307144165,
        "mean": 17.2557983398,
        "median": 14.5030117035,
        "min": 0.735395610332,
        "var": 178.427474976
    },
    "hfc": {
        "dmean": 4.11248159409,
        "dmean2": 6.52008342743,
        "dvar": 37.0553894043,
        "dvar2": 89.4454116821,
        "max": 81.41847229,
        "mean": 9.26300525665,
        "median": 6.61108016968,
        "min": 1.17669459691e-16,
        "var": 72.6723098755
    },
    "melbands_crest": {
        "dmean": 3.49483513832,
        "dmean2": 5.43151950836,
        "dvar": 13.3385343552,
        "dvar2": 29.258972168,
        "max": 32.4648590088,
        "mean": 16.8782978058,
        "median": 15.9717254639,
        "min": 1.56015622616,
        "var": 35.658203125
    },
    "melbands_flatness_db": {
        "dmean": 0.0598583370447,
        "dmean2": 0.0924908742309,
        "dvar": 0.0052146576345,
        "dvar2": 0.0109055936337,
        "max": 0.841944396496,
        "mean": 0.417604595423,
        "median": 0.409075856209,
        "min": 0.00383792072535,
        "var": 0.0145143447444
    },
    "melbands_kurtosis": {
        "dmean": 11.4311971664,
        "dmean2": 17.2137260437,
        "dvar": 476.477020264,
        "dvar2": 936.29473877,
        "max": 316.346282959,
        "mean": 16.3366985321,
        "median": 5.79660511017,
        "min": -1.82690668106,
        "var": 879.909912109
    },
    "melbands_skewness": {
        "dmean": 0.948512732983,
        "dmean2": 1.41213226318,
        "dvar": 1.33691930771,
        "dvar2": 2.5210723877,
        "max": 14.2157430649,
        "mean": 2.31987667084,
        "median": 1.87334179878,
        "min": -2.54432225227,
        "var": 3.98131799698
    },
    "melbands_spread": {
        "dmean": 2.91417527199,
        "dmean2": 4.73445606232,
        "dvar": 31.4738388062,
        "dvar2": 82.2502059937,
        "max": 166.666366577,
        "mean": 8.21648979187,
        "median": 6.09470796585,
        "min": 0.231883615255,
        "var": 95.7570037842
    },
    "pitch_salience": {
        "dmean": 0.0973772779107,
        "dmean2": 0.159698322415,
        "dvar": 0.0122932521626,
        "dvar2": 0.0288005825132,
        "max": 0.921554625034,
        "mean": 0.474736273289,
        "median": 0.488760530949,
        "min": 0.0497667603195,
        "var": 0.0234676320106
    },
    "silence_rate_20dB": {
        "dmean": 0,
        "dmean2": 0,
        "dvar": 0,
        "dvar2": 0,
        "max": 1,
        "mean": 1,
        "median": 1,
        "min": 1,
        "var": 0
    },
    "silence_rate_30dB": {
        "dmean": 0.056428860873,
        "dmean2": 0.112866818905,
        "dvar": 0.0532386749983,
        "dvar2": 0.101251795888,
        "max": 1,
        "mean": 0.904401123524,
        "median": 1,
        "min": 0,
        "var": 0.0864645317197
    },
    "silence_rate_60dB": {
        "dmean": 0.0227327682078,
        "dmean2": 0.0453885830939,
        "dvar": 0.0222176853567,
        "dvar2": 0.0485007762909,
        "max": 1,
        "mean": 0.11841044575,
        "median": 0,
        "min": 0,
        "var": 0.104405291378
    },
    "spectral_centroid": {
        "dmean": 102.833564758,
        "dmean2": 165.301834106,
        "dvar": 38441.8359375,
        "dvar2": 85475.5,
        "max": 11363.7011719,
        "mean": 527.83770752,
        "median": 457.232330322,
        "min": 85.9011001587,
        "var": 111728.195312
    },
    "spectral_complexity": {
        "dmean": 2.05159211159,
        "dmean2": 3.32932925224,
        "dvar": 4.9512348175,
        "dvar2": 11.6076278687,
        "max": 30,
        "mean": 9.51910400391,
        "median": 9,
        "min": 0,
        "var": 22.5614337921
    },
    "spectral_decrease": {
        "dmean": 4.69681893378e-09,
        "dmean2": 6.92440504935e-09,
        "dvar": 7.61262060143e-17,
        "dvar2": 1.21925932599e-16,
        "max": 1.08173035002e-18,
        "mean": -9.89961623787e-09,
        "median": -5.22523890822e-09,
        "min": -6.86200110067e-08,
        "var": 1.76994231183e-16
    },
    "spectral_energy": {
        "dmean": 0.0180295370519,
        "dmean2": 0.0266005452722,
        "dvar": 0.00110531400423,
        "dvar2": 0.00177806348074,
        "max": 0.260638922453,
        "mean": 0.0382035188377,
        "median": 0.02044121176,
        "min": 1.05576082728e-20,
        "var": 0.00256539625116
    },
    "spectral_energyband_high": {
        "dmean": 4.98196241097e-05,
        "dmean2": 8.93954347703e-05,
        "dvar": 2.41891253694e-08,
        "dvar2": 6.74319267091e-08,
        "max": 0.00170074088965,
        "mean": 3.84911108995e-05,
        "median": 1.58349030244e-06,
        "min": 7.53678668103e-21,
        "var": 1.63202855674e-08
    },
    "spectral_energyband_low": {
        "dmean": 0.0111073665321,
        "dmean2": 0.0157435238361,
        "dvar": 0.000954048009589,
        "dvar2": 0.00137656531297,
        "max": 0.248697802424,
        "mean": 0.0210053455085,
        "median": 0.00190308736637,
        "min": 8.77363525722e-23,
        "var": 0.00225000176579
    },
    "spectral_energyband_middle_high": {
        "dmean": 0.000837541301735,
        "dmean2": 0.0014177429257,
        "dvar": 3.88783109884e-06,
        "dvar2": 1.04312275653e-05,
        "max": 0.0539410822093,
        "mean": 0.00147824059241,
        "median": 0.000647718843538,
        "min": 1.45713963743e-21,
        "var": 6.80151060806e-06
    },
    "spectral_energyband_middle_low": {
        "dmean": 0.0102757392451,
        "dmean2": 0.017106840387,
        "dvar": 0.000401208468247,
        "dvar2": 0.00101983756758,
        "max": 0.143296733499,
        "mean": 0.0164356902242,
        "median": 0.00959112495184,
        "min": 2.40406862857e-22,
        "var": 0.000447537458967
    },
    "spectral_entropy": {
        "dmean": 0.400822937489,
        "dmean2": 0.643916785717,
        "dvar": 0.247403785586,
        "dvar2": 0.59752112627,
        "max": 9.79455852509,
        "mean": 6.19279718399,
        "median": 6.19138240814,
        "min": 3.56100201607,
        "var": 0.598268449306
    },
    "spectral_flux": {
        "dmean": 0.0507267899811,
        "dmean2": 0.0802144259214,
        "dvar": 0.00552463112399,
        "dvar2": 0.0117026679218,
        "max": 0.469395071268,
        "mean": 0.0846848934889,
        "median": 0.0532942526042,
        "min": 1.02750224995e-10,
        "var": 0.00768914073706
    },
    "spectral_kurtosis": {
        "dmean": 28.4370975494,
        "dmean2": 47.1342697144,
        "dvar": 1244.91784668,
        "dvar2": 2820.37304688,
        "max": 413.766784668,
        "mean": 51.4796638489,
        "median": 34.8397102356,
        "min": -1.21659147739,
        "var": 2570.94775391
    },
    "spectral_rms": {
        "dmean": 0.00122682494111,
        "dmean2": 0.00179844233207,
        "dvar": 3.58769921149e-06,
        "dvar2": 5.66526477996e-06,
        "max": 0.0159462187439,
        "mean": 0.00510561326519,
        "median": 0.00446571875364,
        "min": 3.20937785896e-12,
        "var": 1.12044408525e-05
    },
    "spectral_rolloff": {
        "dmean": 187.950927734,
        "dmean2": 330.044891357,
        "dvar": 385067.90625,
        "dvar2": 1025750.375,
        "max": 19013.8183594,
        "mean": 643.61517334,
        "median": 559.86328125,
        "min": 21.533203125,
        "var": 1177846.75
    },
    "spectral_skewness": {
        "dmean": 1.62399554253,
        "dmean2": 2.69292235374,
        "dvar": 2.90698933601,
        "dvar2": 6.8406920433,
        "max": 17.0641326904,
        "mean": 4.61957979202,
        "median": 3.91482162476,
        "min": -0.0120867621154,
        "var": 6.94735622406
    },
    "spectral_spread": {
        "dmean": 890058.3125,
        "dmean2": 1475730.625,
        "dvar": 2.11140162355e+12,
        "dvar2": 4.74918368051e+12,
        "max": 41417396,
        "mean": 1974602.375,
        "median": 1409283,
        "min": 242360.109375,
        "var": 2.85884022784e+12
    },
    "spectral_strongpeak": {
        "dmean": 0.38958761096,
        "dmean2": 0.634165644646,
        "dvar": 0.295604676008,
        "dvar2": 0.718511044979,
        "max": 12.7200031281,
        "mean": 0.94032561779,
        "median": 0.635987222195,
        "min": 0,
        "var": 1.0182352066
    },
    "zerocrossingrate": {
        "dmean": 0.00413694884628,
        "dmean2": 0.00528882117942,
        "dvar": 4.8277197493e-05,
        "dvar2": 5.98318365519e-05,
        "max": 0.5166015625,
        "mean": 0.0233020670712,
        "median": 0.02001953125,
        "min": 0.001953125,
        "var": 0.000774621323217
    },
    "barkbands": {
        "dmean": [0.00031573936576, 0.0105841616169, 0.00250459928066, 0.0018711690791, 0.0067671132274, 0.00144151342101, 0.000367161992472, 0.000777429377194, 0.00117066805251, 0.000233246697462, 0.000163896227605, 0.000206568583963, 0.000221577807679, 0.000140814023325, 0.000104928862129, 3.31821647706e-05, 2.82533492282e-05, 1.69628838194e-05, 1.16134688142e-05, 9.06624154595e-06, 8.66248683451e-06, 9.17823126656e-06, 7.59950398788e-06, 1.00305860542e-05, 7.07808385414e-06, 3.54782287104e-06, 1.83403415122e-06],
        "dmean2": [0.000539743923582, 0.0150770973414, 0.00477298395708, 0.00347294728272, 0.0110743883997, 0.00249639688991, 0.000608406786341, 0.00126879860181, 0.0018734477926, 0.000393867056118, 0.000282495137071, 0.000349726993591, 0.000380240468075, 0.000228527846048, 0.000179067035788, 5.70697266085e-05, 4.94443629577e-05, 2.80991862383e-05, 2.00544236577e-05, 1.57988470164e-05, 1.48978051584e-05, 1.60541167133e-05, 1.38819514177e-05, 1.8886574253e-05, 1.32729819597e-05, 6.67213726047e-06, 3.51494054485e-06],
        "dvar": [9.07699472918e-07, 0.000934248731937, 9.39746023505e-05, 3.15509569191e-05, 0.000285515241558, 6.65568040858e-06, 6.42532597794e-07, 4.53910297438e-06, 4.7946759878e-06, 4.76495387147e-07, 1.51135068904e-07, 1.91835169971e-07, 6.55736243971e-07, 2.77877063581e-07, 9.49750358359e-08, 1.00885042542e-08, 8.15360401418e-09, 1.51933343684e-09, 8.66268445865e-10, 4.5523790293e-10, 4.24328738813e-10, 7.41138705962e-10, 6.68165966999e-10, 1.26833099579e-09, 7.34987903872e-10, 2.02146396844e-10, 6.39456820828e-11],
        "dvar2": [2.50917787525e-06, 0.00136902614031, 0.000274017249467, 9.16697681532e-05, 0.000724004174117, 1.86077850231e-05, 1.58947364071e-06, 1.15446337077e-05, 1.159445128e-05, 1.24466714624e-06, 4.19223511017e-07, 4.91080243137e-07, 1.64992729879e-06, 7.08514733105e-07, 2.53914492987e-07, 2.68290740735e-08, 2.238662411e-08, 3.8662513191e-09, 2.32372987519e-09, 1.17479703743e-09, 1.06877418027e-09, 2.01164751523e-09, 1.89170989984e-09, 3.65189611884e-09, 2.1225523561e-09, 5.83173120905e-10, 1.85864421076e-10],
        "max": [0.0269785951823, 0.244327783585, 0.0782276690006, 0.05072613433, 0.128924027085, 0.0469590574503, 0.0211779922247, 0.0617773123085, 0.0570520833135, 0.0153115745634, 0.00625814311206, 0.0116709917784, 0.0234598722309, 0.028502067551, 0.00776820024475, 0.00415233662352, 0.00175895961002, 0.000964888022281, 0.00050992355682, 0.000247987918556, 0.000213897132198, 0.000333123171004, 0.000308537564706, 0.000408987310948, 0.000314366596285, 0.000165246441611, 8.74971228768e-05],
        "mean": [0.000312732037855, 0.0181395765394, 0.00184024684131, 0.00165747606661, 0.00829809252173, 0.00217353017069, 0.00047598456149, 0.00126048643142, 0.00244095479138, 0.000286202848656, 0.00019764364697, 0.000290913099889, 0.000264557224, 0.000246207026066, 0.000164861936355, 4.30573018093e-05, 2.86818522e-05, 2.5804816687e-05, 1.29433565235e-05, 9.54977895162e-06, 8.07307969808e-06, 6.69005794407e-06, 5.39872735317e-06, 6.29612577541e-06, 4.39045652456e-06, 2.12297891267e-06, 1.02832575521e-06],
        "median": [7.28436134523e-06, 0.000547236471903, 0.000265251321252, 0.000436759582954, 0.00215736869723, 0.00127985770814, 0.000151033877046, 0.000248855765676, 0.000781632843427, 8.3257946244e-05, 8.30108911032e-05, 7.64270516811e-05, 4.81330207549e-05, 5.45296970813e-05, 3.99847849621e-05, 1.0336349078e-05, 4.36206437371e-06, 4.73884938401e-06, 2.23562892643e-06, 1.35644984312e-06, 4.37765095285e-07, 5.26577181859e-08, 3.89684444713e-08, 2.44948061834e-08, 5.07981923192e-09, 2.88636492485e-09, 1.65451918832e-09],
        "min": [3.50914234506e-23, 3.13549080424e-23, 1.35537189797e-23, 3.12137839819e-23, 2.35837288245e-23, 5.20861505435e-23, 2.2976978037e-23, 5.67381074778e-23, 4.89289714286e-23, 3.41755938049e-23, 8.64800505599e-23, 1.54959241896e-22, 1.42731329885e-22, 7.64320262875e-23, 1.38452409495e-22, 8.73319004307e-23, 1.47424383317e-22, 2.43553521723e-22, 2.42321914213e-22, 2.42225458612e-22, 5.41625637125e-22, 5.26063292109e-22, 7.39245416546e-22, 7.27020470652e-22, 1.05438285262e-21, 2.00344578194e-21, 2.13117914945e-21],
        "var": [7.55255371132e-07, 0.00196360447444, 5.16450309078e-05, 1.90778937394e-05, 0.000297672027955, 7.64297237765e-06, 1.03083493741e-06, 1.19212700156e-05, 2.17922097363e-05, 5.49842297914e-07, 1.3861647119e-07, 4.19738199753e-07, 8.52774633131e-07, 1.02151045667e-06, 1.87902486459e-07, 1.29787158798e-08, 6.72929090229e-09, 3.39155170614e-09, 8.6629764473e-10, 4.78719619501e-10, 4.55251697451e-10, 5.52817958077e-10, 4.2310865922e-10, 7.30373872493e-10, 4.15801643117e-10, 1.13593280615e-10, 3.47009816715e-11]
    },
    "erbbands": {
        "dmean": [0.325962126255, 2.37646770477, 3.07999873161, 4.81236505508, 20.0848808289, 19.440536499, 13.0165233612, 11.5004091263, 6.34382677078, 7.82081508636, 19.4450378418, 23.0549507141, 16.3542861938, 5.65241861343, 6.67957925797, 7.52239894867, 9.60320854187, 7.47210693359, 4.64900159836, 4.43050670624, 1.86876428127, 1.59996140003, 0.997352480888, 0.700200140476, 0.529044985771, 0.423302382231, 0.3213365376, 0.397667467594, 0.32346868515, 0.223917558789, 0.211342439055, 0.287049412727, 0.12794624269, 0.100030645728, 0.0362518019974, 0.0198600720614, 0.00489196879789, 0.00145434821025, 0.000270789751085, 4.2350799049e-05],
        "dmean2": [0.464705854654, 3.37775301933, 5.56157588959, 8.8534488678, 33.5290870667, 32.5226173401, 21.3788967133, 20.1768703461, 10.7466402054, 12.8158416748, 32.0843849182, 36.6834144592, 26.6955795288, 9.73275470734, 11.3023252487, 12.9250812531, 16.5998954773, 12.2937602997, 7.7234711647, 7.4506187439, 3.23228049278, 2.79560518265, 1.67405045033, 1.18448698521, 0.922092974186, 0.731393575668, 0.548203825951, 0.706275522709, 0.561011552811, 0.387882620096, 0.388799190521, 0.54485231638, 0.2386700809, 0.188679561019, 0.067239433527, 0.0373630709946, 0.00912083126605, 0.00276708928868, 0.000512510770932, 7.17239890946e-05],
        "dvar": [0.918510258198, 46.1972541809, 121.476364136, 233.563186646, 2695.10107422, 2243.54931641, 471.292663574, 517.381958008, 190.882644653, 304.565002441, 1996.13867188, 1743.40393066, 1922.02978516, 142.061431885, 191.746673584, 264.211669922, 1236.01293945, 1116.73974609, 173.087036133, 128.367507935, 35.3812217712, 26.1970882416, 6.13152647018, 2.92869305611, 1.61936509609, 0.959140002728, 0.577577412128, 1.17885363102, 0.932105064392, 0.415760457516, 0.475904613733, 1.21045506001, 0.175805836916, 0.154340922832, 0.0176292490214, 0.00610360782593, 0.000368335895473, 3.82928737963e-05, 1.31915078327e-06, 1.24354180286e-08],
        "dvar2": [1.26900458336, 72.9551925659, 345.829681396, 676.824584961, 6905.52148438, 5779.5234375, 1213.46411133, 1450.36230469, 482.452270508, 753.150512695, 5244.41796875, 4215.04541016, 4576.38330078, 389.748840332, 510.190460205, 709.039245605, 3212.14672852, 2802.30786133, 457.093933105, 330.543365479, 95.0623474121, 72.7344894409, 16.3689041138, 7.90657377243, 4.30467510223, 2.42283844948, 1.35905718803, 3.21091914177, 2.52246069908, 1.11935520172, 1.34892463684, 3.51014518738, 0.502072751522, 0.447170197964, 0.0505964569747, 0.0176090430468, 0.00105640501715, 0.0001111383026, 3.82597863791e-06, 3.41579813323e-08],
        "max": [7.42971944809, 56.5933494568, 91.8720626831, 132.629699707, 394.380645752, 374.20135498, 467.227233887, 423.056396484, 392.353942871, 505.963226318, 1027.4876709, 968.09197998, 1297.44506836, 247.254348755, 250.837585449, 367.214660645, 952.350158691, 2238.07958984, 249.861694336, 279.132873535, 256.709899902, 75.9487762451, 44.0620803833, 26.8853645325, 18.3884601593, 12.2912111282, 9.34063339233, 10.4167976379, 11.9847784042, 7.58395528793, 8.01058292389, 13.2331228256, 4.45814752579, 4.61593484879, 1.51168739796, 0.918757557869, 0.218646332622, 0.0688515678048, 0.0125220390037, 0.00120460730977],
        "mean": [0.516816139221, 4.05540895462, 3.04006028175, 4.5487370491, 20.973361969, 23.6979637146, 21.7299442291, 16.5309925079, 8.50241470337, 11.7932415009, 33.7039146423, 46.6345672607, 32.5739860535, 8.15567779541, 9.39312362671, 10.0651006699, 11.6062612534, 13.6019544601, 7.38339567184, 7.2999663353, 2.50329971313, 1.7179415226, 1.41943907738, 0.959413826466, 0.570873200893, 0.464521378279, 0.353108137846, 0.309784859419, 0.239387780428, 0.166096895933, 0.147981449962, 0.174910619855, 0.0832410827279, 0.061371922493, 0.0231213215739, 0.0119398329407, 0.00299448659644, 0.000840615772177, 0.000167753198184, 5.54485741304e-05],
        "median": [0.0116347335279, 0.14430141449, 0.453870594501, 1.39560043812, 2.66005825996, 6.36920547485, 13.1017436981, 8.64844322205, 3.16942405701, 3.62973976135, 11.8864765167, 16.3101234436, 6.08526325226, 3.80471229553, 3.72564649582, 3.28483057022, 2.67597341537, 2.50049448013, 2.28379368782, 1.99658823013, 0.640171647072, 0.292686194181, 0.266639083624, 0.212930500507, 0.102620474994, 0.0646082684398, 0.0307364948094, 0.0120554659516, 0.00265500601381, 0.00132544129156, 0.00108402711339, 0.000803444127087, 0.000320225721225, 0.000115510483738, 5.39138927707e-05, 3.05897410726e-05, 1.41531199915e-05, 3.20936032949e-06, 1.20249651445e-05, 2.43445356318e-05],
        "min": [1.88671658229e-21, 3.57885790862e-21, 1.08237124374e-20, 8.07581601914e-20, 4.20456066919e-20, 9.06221403621e-20, 1.27109988373e-19, 5.43281576374e-19, 4.55116375689e-19, 8.01061402435e-19, 1.19567272164e-18, 8.62364946703e-19, 7.71846572271e-19, 2.98425030839e-18, 3.71112348434e-18, 7.17973332952e-18, 6.51010828978e-18, 3.9067351556e-18, 5.56076799e-18, 6.80419788091e-18, 5.2828774904e-18, 9.84622861624e-18, 1.01836471686e-17, 1.35520515272e-17, 1.34527650383e-17, 1.11737459659e-17, 2.00319668975e-17, 2.04189550752e-17, 2.01530529042e-17, 1.57627719508e-17, 2.2193211167e-17, 1.64273354724e-17, 1.27450210344e-17, 9.84467930695e-18, 9.27928812338e-18, 8.47665161396e-18, 3.33967947784e-18, 1.33001657249e-18, 3.1532745336e-19, 2.69207513631e-20],
        "var": [1.85334229469, 94.0271453857, 83.7867736816, 140.052139282, 2662.62744141, 2233.15576172, 918.309997559, 582.711364746, 292.30770874, 664.500671387, 4960.08740234, 6180.72558594, 7889.00292969, 174.803222656, 273.768218994, 402.912261963, 1296.97302246, 4846.89550781, 281.564575195, 272.90826416, 45.2074050903, 21.8775939941, 9.61214542389, 3.88600301743, 1.58632445335, 1.08098113537, 0.788610756397, 0.910805046558, 0.704048514366, 0.323251336813, 0.302064746618, 0.671070218086, 0.107499979436, 0.0861519351602, 0.0102596879005, 0.00342796277255, 0.000211238089832, 2.09959744097e-05, 7.22605818737e-07, 9.23261556096e-09]
    },
    "gfcc": {
        "mean": [-157.138183594, 196.220947266, -116.074531555, -18.4357624054, -36.4507484436, -13.4874429703, -26.7592716217, -12.6279373169, -11.75730896, -10.8217220306, -8.8132352829, -14.2190485001, 1.9897351265],
        "cov": [[14777.1425781, -1613.32128906, 477.029022217, 2523.67773438, -725.140319824, 809.13494873, 262.836364746, 363.403320312, -423.248809814, 232.689453125, 66.0552062988, 107.182540894, -280.081726074], [-1613.32128906, 3011.5378418, 173.206344604, -477.251861572, 1044.0234375, -460.312164307, 345.170135498, -169.778213501, 203.383377075, -251.145446777, 87.648727417, -289.655670166, 88.6550292969], [477.029022217, 173.206344604, 3225.91210938, 921.153076172, 329.498321533, 911.903198242, 114.053756714, 273.364898682, 7.16659545898, 249.273254395, -64.4925231934, 205.449783325, -105.379119873], [2523.67773438, -477.251861572, 921.153076172, 1230.10388184, 93.8330917358, 549.282531738, 198.980697632, 206.691696167, 4.09346199036, 173.961349487, 37.7715606689, 111.816947937, -58.3058700562], [-725.140319824, 1044.0234375, 329.498321533, 93.8330917358, 878.958251953, 153.827194214, 252.380203247, 112.553321838, 146.760116577, -23.5985717773, 11.547659874, -87.032989502, 11.9170637131], [809.13494873, -460.312164307, 911.903198242, 549.282531738, 153.827194214, 687.403808594, 106.407447815, 259.060668945, 38.835067749, 172.280410767, -27.7541160583, 134.11857605, -58.8849411011], [262.836364746, 345.170135498, 114.053756714, 198.980697632, 252.380203247, 106.407447815, 352.139953613, 146.410125732, 92.3441543579, 57.8251113892, 94.9087371826, -22.5948467255, 36.4261856079], [363.403320312, -169.778213501, 273.364898682, 206.691696167, 112.553321838, 259.060668945, 146.410125732, 269.522979736, 67.8328781128, 111.546218872, 31.3858222961, 42.9044494629, -15.318775177], [-423.248809814, 203.383377075, 7.16659545898, 4.09346199036, 146.760116577, 38.835067749, 92.3441543579, 67.8328781128, 188.895339966, 59.2338256836, 44.1608810425, 11.0720787048, 45.2337379456], [232.689453125, -251.145446777, 249.273254395, 173.961349487, -23.5985717773, 172.280410767, 57.8251113892, 111.546218872, 59.2338256836, 179.773880005, 58.9767570496, 96.6037063599, 21.1591701508], [66.0552062988, 87.648727417, -64.4925231934, 37.7715606689, 11.547659874, -27.7541160583, 94.9087371826, 31.3858222961, 44.1608810425, 58.9767570496, 155.246520996, 37.3739738464, 44.5236206055], [107.182540894, -289.655670166, 205.449783325, 111.816947937, -87.032989502, 134.11857605, -22.5948467255, 42.9044494629, 11.0720787048, 96.6037063599, 37.3739738464, 140.428695679, 37.4317626953], [-280.081726074, 88.6550292969, -105.379119873, -58.3058700562, 11.9170637131, -58.8849411011, 36.4261856079, -15.318775177, 45.2337379456, 21.1591701508, 44.5236206055, 37.4317626953, 109.396141052]],
        "icov": [[0.000152527107275, -0.00015097609139, 0.000128961648443, -0.000393310532672, 0.000270720047411, -0.000117672876513, 4.5554159442e-05, -0.000200430644327, 0.000370105612092, -0.000130249725771, 3.3351348975e-05, 6.26934051979e-05, 0.000128527390189], [-0.00015097609139, 0.00162351282779, -0.000685535254888, 0.000786260468885, -0.00165487220511, 0.00118179235142, -0.00090956967324, 0.00112109584734, -0.00111335981637, 0.00116003199946, -0.000884627574123, 0.000816328742076, -0.000350583315594], [0.000128961648443, -0.000685535254888, 0.000868826464284, -0.000613923708443, 0.000541755580343, -0.000998193747364, 0.00035423526424, -0.000272844103165, 0.000755111919716, -0.000788766657934, 0.000569274707232, -0.000661060854327, 0.000477810128359], [-0.000393310532672, 0.000786260468885, -0.000613923708443, 0.0025969510898, -0.000912540941499, -0.000371266796719, -0.00115998426918, 0.00119890982751, -0.000812274985947, 0.000261845154455, -0.000601001665927, -3.22703385791e-06, 0.000133199471748], [0.000270720047411, -0.00165487220511, 0.000541755580343, -0.000912540941499, 0.00374177168123, -0.00189350289293, -3.40457518178e-05, -0.0011589420028, 0.000157905116794, -0.00017800302885, 0.000783892231993, 0.000719113624655, -0.000104017257399], [-0.000117672876513, 0.00118179235142, -0.000998193747364, -0.000371266796719, -0.00189350289293, 0.00617953995243, -0.000980902230367, -0.00178851943929, -0.000888935057446, 0.000129397652927, 0.00171648850664, -0.00341272680089, 0.00200195144862], [4.5554159442e-05, -0.00090956967324, 0.00035423526424, -0.00115998426918, -3.40457518178e-05, -0.000980902230367, 0.00725954165682, -0.00321616395377, 0.000362975639291, -0.000940025434829, -0.00284598581493, 0.00370771973394, -0.00289378874004], [-0.000200430644327, 0.00112109584734, -0.000272844103165, 0.00119890982751, -0.0011589420028, -0.00178851943929, -0.00321616395377, 0.0092942379415, -0.0018770477036, -0.00193071062677, -0.000458082387922, 0.000719618110452, 0.0015801647678], [0.000370105612092, -0.00111335981637, 0.000755111919716, -0.000812274985947, 0.000157905116794, -0.000888935057446, 0.000362975639291, -0.0018770477036, 0.00953785702586, -0.00383203430101, 0.000139548865263, 0.00101281085517, -0.00234103249386], [-0.000130249725771, 0.00116003199946, -0.000788766657934, 0.000261845154455, -0.00017800302885, 0.000129397652927, -0.000940025434829, -0.00193071062677, -0.00383203430101, 0.0147405564785, -0.00324398675002, -0.00536652654409, 0.000127815132146], [3.3351348975e-05, -0.000884627574123, 0.000569274707232, -0.000601001665927, 0.000783892231993, 0.00171648850664, -0.00284598581493, -0.000458082387922, 0.000139548865263, -0.00324398675002, 0.0116449194029, -0.00459592789412, 0.000155286557856], [6.26934051979e-05, 0.000816328742076, -0.000661060854327, -3.22703385791e-06, 0.000719113624655, -0.00341272680089, 0.00370771973394, 0.000719618110452, 0.00101281085517, -0.00536652654409, -0.00459592789412, 0.0210129022598, -0.00888888351619], [0.000128527390189, -0.000350583315594, 0.000477810128359, 0.000133199471748, -0.000104017257399, 0.00200195144862, -0.00289378874004, 0.0015801647678, -0.00234103249386, 0.000127815132146, 0.000155286557856, -0.00888888351619, 0.0164808258414]]
    },
    "melbands": {
        "dmean": [0.00306859635748, 0.00195233081467, 0.00115764944348, 0.00168577732984, 0.000485696189571, 0.000256633211393, 8.97709687706e-05, 0.000110471839434, 0.000171320396475, 0.000146974038216, 8.15569219412e-05, 2.27378004638e-05, 2.2552538212e-05, 2.52217741945e-05, 2.27986201935e-05, 1.88044450624e-05, 1.35362879519e-05, 7.62102854424e-06, 9.120562936e-06, 2.97861902254e-06, 2.23657889364e-06, 1.72192153514e-06, 1.14007707452e-06, 9.79190531325e-07, 5.36192146683e-07, 4.22066420924e-07, 3.75836066269e-07, 2.62361368186e-07, 2.00458757149e-07, 2.0401516565e-07, 2.45253801268e-07, 1.82236590263e-07, 1.63231845818e-07, 1.19592925785e-07, 1.02438733052e-07, 1.85052769552e-07, 1.63054949098e-07, 9.02155861127e-08, 7.89038097082e-08, 8.19022858423e-08],
        "dmean2": [0.00432090321556, 0.00302567426115, 0.00205042073503, 0.00280137383379, 0.000806827854831, 0.000447923317552, 0.000152600870933, 0.000180590257514, 0.000282088993117, 0.000233331869822, 0.000132732951897, 3.92674519389e-05, 3.83182632504e-05, 4.27310078521e-05, 3.95680945076e-05, 3.17747253575e-05, 2.22218222916e-05, 1.24248008433e-05, 1.5541252651e-05, 4.96453139931e-06, 3.88086982639e-06, 3.01575096273e-06, 1.97574581762e-06, 1.61064974691e-06, 9.17787588151e-07, 7.2333011758e-07, 6.67409892685e-07, 4.46672402177e-07, 3.43322739127e-07, 3.5263374798e-07, 4.41069317958e-07, 3.1435075698e-07, 2.90475867359e-07, 2.09251055594e-07, 1.86721990758e-07, 3.4919341374e-07, 3.09890822336e-07, 1.68196322647e-07, 1.47141761886e-07, 1.54343823056e-07],
        "dvar": [7.84489457146e-05, 3.28095993609e-05, 8.96541951079e-06, 2.05129181268e-05, 6.89566832079e-07, 2.39454521989e-07, 3.76869770946e-08, 8.05638009638e-08, 1.14478218904e-07, 7.54437010642e-08, 4.88009703759e-08, 2.75894285195e-09, 2.65376942643e-09, 3.40451933312e-09, 6.23415186141e-09, 4.48552306409e-09, 3.36042393911e-09, 5.09881803445e-10, 7.43951511506e-10, 5.95044222229e-11, 6.62551541408e-11, 3.25652040056e-11, 1.3060633304e-11, 6.04773175983e-12, 1.89986784985e-12, 9.94897198479e-13, 9.25865070375e-13, 3.73928102024e-13, 2.59500293432e-13, 2.24398977048e-13, 5.22989041397e-13, 3.16485119362e-13, 2.26882708042e-13, 1.43582872371e-13, 9.76958111306e-14, 5.01990593191e-13, 3.72034488719e-13, 8.25440722176e-14, 7.38415608498e-14, 1.10390971537e-13],
        "dvar2": [0.000109548214823, 7.56465015002e-05, 2.52340068982e-05, 5.26437470398e-05, 1.78623565716e-06, 6.69843302603e-07, 9.69632978354e-08, 2.00764944225e-07, 3.09966168288e-07, 1.78388290806e-07, 1.15492106545e-07, 7.58072360441e-09, 7.26863413902e-09, 8.76698091901e-09, 1.64292544014e-08, 1.11018234605e-08, 8.41268388285e-09, 1.28580068814e-09, 1.96244442918e-09, 1.46403500434e-10, 1.75115713597e-10, 9.03529265295e-11, 3.61429566831e-11, 1.50245232922e-11, 5.18039907846e-12, 2.62235827671e-12, 2.51577036113e-12, 9.36350823266e-13, 6.24275642031e-13, 5.69527552289e-13, 1.45089073134e-12, 8.60056925851e-13, 6.17016637436e-13, 3.9515886765e-13, 2.73486745403e-13, 1.45431323234e-12, 1.0775234871e-12, 2.3501011792e-13, 2.11218182159e-13, 3.20944090531e-13],
        "max": [0.0715102553368, 0.0512145906687, 0.0244276374578, 0.034299261868, 0.017537407577, 0.00904433522373, 0.00495840003714, 0.00904800370336, 0.00676569156349, 0.00708907376975, 0.00644787028432, 0.00125846778974, 0.000883202883415, 0.0015954101691, 0.00192359450739, 0.00375466048717, 0.00373825524002, 0.000548450392671, 0.000762259529438, 0.000252524740063, 0.000406099890824, 0.000101333243947, 7.58875903557e-05, 7.7459080785e-05, 2.37219301198e-05, 1.67814760061e-05, 1.66106037796e-05, 8.10464734968e-06, 7.86519649409e-06, 6.13091378909e-06, 7.05638558429e-06, 6.09347171121e-06, 8.16368174128e-06, 4.55431199953e-06, 3.45645685229e-06, 8.55863891047e-06, 7.23761195331e-06, 2.91138348985e-06, 3.14027010972e-06, 3.93710706703e-06],
        "mean": [0.00508973747492, 0.00297561543994, 0.0011431237217, 0.00185869482812, 0.000793424958829, 0.000377324904548, 0.000117068193504, 0.000170173938386, 0.000300391111523, 0.000307416514261, 0.000158665046911, 2.95346617349e-05, 2.98457198369e-05, 3.49468136847e-05, 2.47332918661e-05, 2.69679621852e-05, 2.4236533136e-05, 1.11710114652e-05, 1.43341576404e-05, 4.42433474745e-06, 2.73135538009e-06, 1.73142564108e-06, 1.26161660319e-06, 1.52231996253e-06, 6.74879402141e-07, 4.73705227932e-07, 3.63027140793e-07, 2.87829152512e-07, 2.205125611e-07, 1.89175466403e-07, 1.80411973361e-07, 1.36900538905e-07, 1.1638304187e-07, 8.76948291761e-08, 7.40642676078e-08, 1.15928919797e-07, 9.87260975194e-08, 5.92113700293e-08, 5.04007857671e-08, 4.97595138427e-08],
        "median": [0.000134645917569, 0.000286324357148, 0.000294101948384, 0.000319858896546, 0.00045578868594, 0.000208672980079, 4.10748689319e-05, 3.77055475838e-05, 0.000119191354315, 9.39260280575e-05, 2.15251820919e-05, 1.18450916489e-05, 1.33898520289e-05, 7.15544683771e-06, 6.52832522974e-06, 4.07147308579e-06, 4.52935955764e-06, 3.05805224343e-06, 3.18768934449e-06, 1.06478159978e-06, 5.89186242905e-07, 2.60185345269e-07, 1.90337388517e-07, 2.40342018287e-07, 1.5051250557e-07, 7.81073765665e-08, 5.28200203576e-08, 3.75476716385e-08, 1.85648989515e-08, 1.0757848834e-08, 4.15156442557e-09, 1.23928001194e-09, 6.57028986772e-10, 6.66198152199e-10, 5.9942217856e-10, 5.2542636908e-10, 4.03376165803e-10, 2.25218177441e-10, 8.3458677469e-11, 5.00194052844e-11],
        "min": [1.41809201974e-23, 5.16697976463e-24, 1.20943105279e-23, 3.94303288233e-24, 4.95720587271e-24, 1.17233833971e-23, 6.88771022427e-24, 1.02663178621e-23, 9.86296065947e-24, 5.68518998745e-24, 3.674644653e-24, 1.12883905056e-23, 1.08551409967e-23, 1.56442303553e-23, 1.97243325531e-23, 1.05546268014e-23, 7.124492347e-24, 8.25160970863e-24, 1.21997094446e-23, 5.62667149664e-24, 5.75254924242e-24, 1.06645206475e-23, 8.46934005164e-24, 1.02579780246e-23, 1.10757743478e-23, 9.70583849981e-24, 8.68091412414e-24, 6.86255187229e-24, 1.23964379437e-23, 1.24701341183e-23, 1.11804309464e-23, 1.0859919916e-23, 1.10241725894e-23, 7.72599010976e-24, 1.25104149339e-23, 1.32473616918e-23, 9.11186331464e-24, 8.84964594974e-24, 7.17411800883e-24, 8.98932797251e-24],
        "var": [0.000163697855896, 4.80502894789e-05, 6.34229627394e-06, 1.99032729142e-05, 1.27650014292e-06, 2.72944618018e-07, 5.39927889065e-08, 2.01584825277e-07, 2.8210880032e-07, 3.34735318575e-07, 2.04326099151e-07, 3.19097748225e-09, 2.70205680053e-09, 7.55251683415e-09, 5.35257349554e-09, 1.33365496424e-08, 1.40332563348e-08, 7.57090556913e-10, 1.52826562516e-09, 1.21696541733e-10, 8.18639322997e-11, 2.6057342048e-11, 1.15341278195e-11, 1.61652809194e-11, 2.05098590021e-12, 1.06552418798e-12, 8.09327323041e-13, 4.35329344187e-13, 3.34958054132e-13, 2.39615917169e-13, 3.68523083143e-13, 2.35752281412e-13, 1.71711481297e-13, 1.01728717952e-13, 6.64621827083e-14, 2.81674233634e-13, 2.06730574499e-13, 5.15289173093e-14, 4.40889322663e-14, 6.09203578425e-14]
    },
    "mfcc": {
        "mean": [-788.036376953, 213.418060303, -1.09657895565, -1.88002955914, 4.02937793732, -1.54828071594, -4.8174161911, -7.69333457947, -2.67098712921, 2.46346831322, -5.11156225204, -6.82482767105, -8.79721546173],
        "cov": [[8693.25488281, -268.147277832, -714.691101074, 1187.09973145, -156.993530273, 81.4848937988, 489.774353027, 243.54737854, -100.556945801, 165.557983398, 135.851730347, 186.082427979, -89.4838104248], [-268.147277832, 2489.81176758, 226.668487549, 185.523696899, 409.32623291, -12.7728729248, 222.088165283, 100.121002197, 60.7549438477, 108.015769958, 51.4817008972, -21.4698886871, -23.9647579193], [-714.691101074, 226.668487549, 2304.12597656, 499.235748291, 479.815032959, 649.022094727, 219.722000122, 291.145080566, 206.946228027, 18.5750007629, 138.824417114, 112.759864807, 185.475448608], [1187.09973145, 185.523696899, 499.235748291, 775.947937012, 261.102539062, 270.42590332, 304.254852295, 184.872055054, 100.139663696, 120.390602112, 124.233283997, 106.35193634, 70.495765686], [-156.993530273, 409.32623291, 479.815032959, 261.102539062, 493.043182373, 331.213806152, 170.749420166, 187.44569397, 172.311309814, 91.3811798096, 73.1217727661, 60.1192245483, 55.3160934448], [81.4848937988, -12.7728729248, 649.022094727, 270.42590332, 331.213806152, 474.768615723, 183.359893799, 196.036621094, 184.319976807, 65.9797210693, 94.7443771362, 75.4646224976, 95.6251373291], [489.774353027, 222.088165283, 219.722000122, 304.254852295, 170.749420166, 183.359893799, 345.668121338, 203.757278442, 92.9089889526, 136.355102539, 106.479904175, 76.656578064, 43.351600647], [243.54737854, 100.121002197, 291.145080566, 184.872055054, 187.44569397, 196.036621094, 203.757278442, 228.586776733, 144.77671814, 99.0323257446, 88.7541046143, 72.7494888306, 51.2963256836], [-100.556945801, 60.7549438477, 206.946228027, 100.139663696, 172.311309814, 184.319976807, 92.9089889526, 144.77671814, 197.11668396, 107.298965454, 65.9423065186, 45.7505607605, 53.2214317322], [165.557983398, 108.015769958, 18.5750007629, 120.390602112, 91.3811798096, 65.9797210693, 136.355102539, 99.0323257446, 107.298965454, 158.303665161, 91.2015686035, 46.640296936, 27.1777362823], [135.851730347, 51.4817008972, 138.824417114, 124.233283997, 73.1217727661, 94.7443771362, 106.479904175, 88.7541046143, 65.9423065186, 91.2015686035, 130.390853882, 73.796546936, 43.6588516235], [186.082427979, -21.4698886871, 112.759864807, 106.35193634, 60.1192245483, 75.4646224976, 76.656578064, 72.7494888306, 45.7505607605, 46.640296936, 73.796546936, 114.972320557, 68.766784668], [-89.4838104248, -23.9647579193, 185.475448608, 70.495765686, 55.3160934448, 95.6251373291, 43.351600647, 51.2963256836, 53.2214317322, 27.1777362823, 43.6588516235, 68.766784668, 103.762443542]],
