{
"lowlevel": {
    "average_loudness": 0.914352655411,
    "barkbands_crest": {
        "dmean": 3.08933830261,
        "dmean2": 5.06329584122,
        "dvar": 6.56120634079,
        "dvar2": 17.2062740326,
        "max": 25.7402706146,
        "mean": 10.9417171478,
        "median": 10.4393215179,
        "min": 2.42690229416,
        "var": 15.1177597046
    },
    "barkbands_flatness_db": {
        "dmean": 0.0430127568543,
        "dmean2": 0.0646879002452,
        "dvar": 0.00183192989789,
        "dvar2": 0.00376741075888,
        "max": 0.654064536095,
        "mean": 0.189276769757,
        "median": 0.188340336084,
        "min": 0.0240998901427,
        "var": 0.00720516033471
    },
    "barkbands_kurtosis": {
        "dmean": 9.37257862091,
        "dmean2": 15.3932199478,
        "dvar": 183.391082764,
        "dvar2": 481.778198242,
        "max": 171.48336792,
        "mean": 13.8865375519,
        "median": 8.80244350433,
        "min": -1.83357679844,
        "var": 286.100891113
    },
    "barkbands_skewness": {
        "dmean": 1.01454603672,
        "dmean2": 1.59523022175,
        "dvar": 0.964880943298,
        "dvar2": 2.35621237755,
        "max": 11.3330364227,
        "mean": 2.57472515106,
        "median": 2.3554623127,
        "min": -2.00344204903,
        "var": 2.60406494141
    },
    "barkbands_spread": {
        "dmean": 7.75943470001,
        "dmean2": 11.965924263,
        "dvar": 125.251068115,
        "dvar2": 238.196960449,
        "max": 106.506385803,
        "mean": 15.0714864731,
        "median": 8.37182712555,
        "min": 0.624698758125,
        "var": 266.076507568
    },
    "dissonance": {
        "dmean": 0.0266938209534,
        "dmean2": 0.0434337593615,
        "dvar": 0.000756968627684,
        "dvar2": 0.00183809071314,
        "max": 0.500000119209,
        "mean": 0.447170257568,
        "median": 0.459605127573,
        "min": 0.0883606299758,
        "var": 0.00187795294914
    },
    "dynamic_complexity": 3.37022924423,
    "erbbands_crest": {
        "dmean": 3.30054974556,
        "dmean2": 5.2799115181,
        "dvar": 9.12678718567,
        "dvar2": 22.0891742706,
        "max": 30.2164936066,
        "mean": 9.82463645935,
        "median": 8.76829719543,
        "min": 2.23386669159,
        "var": 23.4154186249
    },
    "erbbands_flatness_db": {
        "dmean": 0.0330493934453,
        "dmean2": 0.0464511923492,
        "dvar": 0.00122908898629,
        "dvar2": 0.00235632807016,
        "max": 0.545503616333,
        "mean": 0.158309578896,
        "median": 0.149041637778,
        "min": 0.0392414107919,
        "var": 0.00432792073116
    },
    "erbbands_kurtosis": {
        "dmean": 3.51703977585,
        "dmean2": 5.78256607056,
        "dvar": 116.307914734,
        "dvar2": 310.072387695,
        "max": 280.913848877,
        "mean": 3.3533821106,
        "median": 1.05994176865,
        "min": -1.84843873978,
        "var": 103.066665649
    },
    "erbbands_skewness": {
        "dmean": 0.706399381161,
        "dmean2": 1.09446179867,
        "dvar": 0.773574948311,
        "dvar2": 1.91370820999,
        "max": 11.2642126083,
        "mean": 1.15633201599,
        "median": 1.07633054256,
        "min": -2.80803585052,
        "var": 1.35473048687
    },
    "erbbands_spread": {
        "dmean": 15.0984859467,
        "dmean2": 23.106388092,
        "dvar": 275.099395752,
        "dvar2": 550.828918457,
        "max": 156.828948975,
        "mean": 43.2141151428,
        "median": 38.0142593384,
        "min": 1.00340116024,
        "var": 734.349914551
    },
    "hfc": {
        "dmean": 12.6183099747,
        "dmean2": 19.4313678741,
        "dvar": 475.802734375,
        "dvar2": 1150.53198242,
        "max": 203.859741211,
        "mean": 16.0195064545,
        "median": 7.49441576004,
        "min": 1.18776531753e-16,
        "var": 512.02923584
    },
    "melbands_crest": {
        "dmean": 4.26683616638,
        "dmean2": 7.21248626709,
        "dvar": 14.7946329117,
        "dvar2": 41.9411239624,
        "max": 37.9389686584,
        "mean": 15.6392803192,
        "median": 14.7855644226,
        "min": 1.7069196701,
        "var": 32.4857215881
    },
    "melbands_flatness_db": {
        "dmean": 0.0483307875693,
        "dmean2": 0.0737069398165,
        "dvar": 0.00231950893067,
        "dvar2": 0.00483678048477,
        "max": 0.817994773388,
        "mean": 0.27277469635,
        "median": 0.277071177959,
        "min": 0.0044266032055,
        "var": 0.00991916190833
    },
    "melbands_kurtosis": {
        "dmean": 19.2212810516,
        "dmean2": 31.3211574554,
        "dvar": 825.354736328,
        "dvar2": 2097.50244141,
        "max": 446.27746582,
        "mean": 31.9970722198,
        "median": 19.6337032318,
        "min": -1.7051731348,
        "var": 1402.94799805
    },
    "melbands_skewness": {
        "dmean": 1.30380856991,
        "dmean2": 2.06124043465,
        "dvar": 1.76049458981,
        "dvar2": 4.01577281952,
        "max": 14.6306314468,
        "mean": 3.67575669289,
        "median": 3.31153059006,
        "min": -1.61559700966,
        "var": 4.92495107651
    },
    "melbands_spread": {
        "dmean": 6.56224441528,
        "dmean2": 10.1940784454,
        "dvar": 149.535751343,
        "dvar2": 302.996276855,
        "max": 193.501174927,
        "mean": 12.1481733322,
        "median": 6.69907522202,
        "min": 0.525789320469,
        "var": 257.294586182
    },
    "pitch_salience": {
        "dmean": 0.0914978757501,
        "dmean2": 0.149886488914,
        "dvar": 0.00604770192876,
        "dvar2": 0.0160783752799,
        "max": 0.887106239796,
        "mean": 0.56184887886,
        "median": 0.570093512535,
        "min": 0.0752181783319,
        "var": 0.0156311243773
    },
    "silence_rate_20dB": {
        "dmean": 0.00262565631419,
        "dmean2": 0.00525180529803,
        "dvar": 0.00261896429583,
        "dvar2": 0.00785081088543,
        "max": 1,
        "mean": 0.998687267303,
        "median": 1,
        "min": 0,
        "var": 0.00131108751521
    },
    "silence_rate_30dB": {
        "dmean": 0.0918979719281,
        "dmean2": 0.1838131845,
        "dvar": 0.0834457799792,
        "dvar2": 0.191303402185,
        "max": 1,
        "mean": 0.920487582684,
        "median": 1,
        "min": 0,
        "var": 0.0731960684061
    },
    "silence_rate_60dB": {
        "dmean": 0.0405101291835,
        "dmean2": 0.0810278505087,
        "dvar": 0.0388721078634,
        "dvar2": 0.0855362638831,
        "max": 1,
        "mean": 0.0930145308375,
        "median": 0,
        "min": 0,
        "var": 0.0843582525849
    },
    "spectral_centroid": {
        "dmean": 280.005004883,
        "dmean2": 428.202697754,
        "dvar": 145340.515625,
        "dvar2": 263412.8125,
        "max": 11122.9365234,
        "mean": 799.908203125,
        "median": 583.535583496,
        "min": 155.08757019,
        "var": 357966.53125
    },
    "spectral_complexity": {
        "dmean": 4.76631641388,
        "dmean2": 7.29325723648,
        "dvar": 46.4976959229,
        "dvar2": 98.8753509521,
        "max": 55,
        "mean": 11.1950302124,
        "median": 8,
        "min": 0,
        "var": 86.367767334
    },
    "spectral_decrease": {
        "dmean": 6.51226672588e-09,
        "dmean2": 1.08778976937e-08,
        "dvar": 1.89030185552e-16,
        "dvar2": 4.56095954817e-16,
        "max": 2.55431032958e-29,
        "mean": -9.74242020391e-09,
        "median": -5.48678968926e-09,
        "min": -1.73550773752e-07,
        "var": 1.97566729178e-16
    },
    "spectral_energy": {
        "dmean": 0.0255255587399,
        "dmean2": 0.0425037555397,
        "dvar": 0.00280370493419,
        "dvar2": 0.00675586005673,
        "max": 0.666270315647,
        "mean": 0.0382232293487,
        "median": 0.02189803496,
        "min": 1.06769702736e-20,
        "var": 0.00293435784988
    },
    "spectral_energyband_high": {
        "dmean": 0.000831593875773,
        "dmean2": 0.00123987067491,
        "dvar": 2.51638971349e-06,
        "dvar2": 5.67971028431e-06,
        "max": 0.0135288862512,
        "mean": 0.00088139239233,
        "median": 9.39699093578e-05,
        "min": 8.21654335203e-21,
        "var": 3.09796405418e-06
    },
    "spectral_energyband_low": {
        "dmean": 0.0195530802011,
        "dmean2": 0.0332990474999,
        "dvar": 0.00240506976843,
        "dvar2": 0.00587452668697,
        "max": 0.619923353195,
        "mean": 0.0221098084003,
        "median": 0.0059257587418,
        "min": 3.65247774045e-23,
        "var": 0.00229353900068
    },
    "spectral_energyband_middle_high": {
        "dmean": 0.00151592912152,
        "dmean2": 0.00259966752492,
        "dvar": 1.69303129951e-05,
        "dvar2": 4.46070371254e-05,
        "max": 0.0646122992039,
        "mean": 0.00162574637216,
        "median": 0.000557460065465,
        "min": 1.37226547417e-21,
        "var": 1.26394934341e-05
    },
    "spectral_energyband_middle_low": {
        "dmean": 0.00700428709388,
        "dmean2": 0.0114659229293,
        "dvar": 0.000129251828184,
        "dvar2": 0.000326305918861,
        "max": 0.147935464978,
        "mean": 0.0148201426491,
        "median": 0.0103882579133,
        "min": 3.47677228978e-22,
        "var": 0.000234461229411
    },
    "spectral_entropy": {
        "dmean": 0.343771874905,
        "dmean2": 0.502941668034,
        "dvar": 0.158321514726,
        "dvar2": 0.312635779381,
        "max": 9.81123161316,
        "mean": 7.27216529846,
        "median": 7.39029121399,
        "min": 3.58796525002,
        "var": 0.531573116779
    },
    "spectral_flux": {
        "dmean": 0.0502931065857,
        "dmean2": 0.0849641934037,
        "dvar": 0.00528090028092,
        "dvar2": 0.0121057480574,
        "max": 0.735450148582,
        "mean": 0.105233974755,
        "median": 0.0757360309362,
        "min": 1.03329428347e-10,
        "var": 0.00803783349693
    },
    "spectral_kurtosis": {
        "dmean": 3.74677848816,
        "dmean2": 6.16721582413,
        "dvar": 142.923416138,
        "dvar2": 415.191558838,
        "max": 510.670410156,
        "mean": 6.57368946075,
        "median": 3.86268758774,
        "min": -1.20909905434,
        "var": 158.886444092
    },
    "spectral_rms": {
        "dmean": 0.00165626988746,
        "dmean2": 0.00266027217731,
        "dvar": 5.81631456953e-06,
        "dvar2": 1.2550500287e-05,
        "max": 0.025495486334,
        "mean": 0.00518003571779,
        "median": 0.00462211389095,
        "min": 3.22746907325e-12,
        "var": 1.04580221887e-05
    },
    "spectral_rolloff": {
        "dmean": 636.789733887,
        "dmean2": 1062.46887207,
        "dvar": 2547849.25,
        "dvar2": 5405283,
        "max": 18453.9550781,
        "mean": 977.277709961,
        "median": 387.59765625,
        "min": 21.533203125,
        "var": 3502631.25
    },
    "spectral_skewness": {
        "dmean": 0.435612678528,
        "dmean2": 0.681622087955,
        "dvar": 0.421240150928,
        "dvar2": 1.08659434319,
        "max": 18.0799407959,
        "mean": 1.86322081089,
        "median": 1.67948746681,
        "min": -0.0150661282241,
        "var": 0.963088691235
    },
    "spectral_spread": {
        "dmean": 1098917.875,
        "dmean2": 1553204.625,
        "dvar": 2.0093108224e+12,
        "dvar2": 3.42710760243e+12,
        "max": 40773288,
        "mean": 5082239.5,
        "median": 4572426,
        "min": 172543.703125,
        "var": 5.56641707622e+12
    },
    "spectral_strongpeak": {
        "dmean": 0.350958108902,
        "dmean2": 0.596860945225,
        "dvar": 0.311610907316,
        "dvar2": 0.828750252724,
        "max": 9.32075023651,
        "mean": 0.576974987984,
        "median": 0.364050298929,
        "min": 0,
        "var": 0.385274976492
    },
    "zerocrossingrate": {
        "dmean": 0.0168780293316,
        "dmean2": 0.0194351784885,
        "dvar": 0.000530696008354,
        "dvar2": 0.000633838644717,
        "max": 0.490234375,
        "mean": 0.0486981011927,
        "median": 0.03125,
        "min": 0.00146484375,
        "var": 0.00211628433317
    },
    "barkbands": {
        "dmean": [0.00227106316015, 0.0114681292325, 0.0071585313417, 0.00272594462149, 0.0029862462543, 0.0020207548514, 0.000798820983618, 0.00084003637312, 0.000553785823286, 0.000320158986142, 0.000189867423614, 0.000111105684482, 5.77481769142e-05, 8.93116230145e-05, 0.000147454062244, 0.000342656159773, 0.000275562051684, 0.000114032816782, 8.95806806511e-05, 7.65871591284e-05, 0.000136889517307, 0.000144114150316, 0.000108872911369, 0.000129423118779, 0.000121835284517, 0.000130372383865, 4.3098720198e-05],
        "dmean2": [0.00391552690417, 0.0193484202027, 0.0125579861924, 0.00481807906181, 0.00482891872525, 0.00300970138051, 0.0013634939678, 0.00135800172575, 0.000915484386496, 0.00056507071713, 0.000336932484061, 0.000192841835087, 9.9206714367e-05, 0.000155612462549, 0.000259981345152, 0.00060868129367, 0.000490585633088, 0.000191471539438, 0.000148131162859, 0.000119720461953, 0.000215239211684, 0.000216142798308, 0.000168259139173, 0.000201515926165, 0.000185007054824, 0.00020530524489, 6.90688393661e-05],
        "dvar": [3.01127056446e-05, 0.000716822687536, 0.000574082310777, 2.86776012217e-05, 3.66126405424e-05, 1.057614827e-05, 3.10507175527e-06, 3.40904830409e-06, 1.81383086328e-06, 6.69680446208e-07, 3.04310077581e-07, 9.14146269793e-08, 2.02230889812e-08, 4.51247323952e-08, 2.8629233384e-07, 2.91968081001e-06, 1.35143693569e-06, 8.23860801802e-08, 3.46501494164e-08, 2.11933031125e-08, 7.54273159487e-08, 8.45894305712e-08, 4.90929217278e-08, 6.86418673013e-08, 7.52210311816e-08, 7.76833317673e-08, 9.8440162688e-09],
        "dvar2": [8.22117290227e-05, 0.00172615027986, 0.00158449122682, 8.28459305922e-05, 8.86877460289e-05, 2.42313708441e-05, 8.23178197606e-06, 8.79042363522e-06, 4.74230137115e-06, 1.89557988506e-06, 8.45519650738e-07, 2.4962193379e-07, 5.43905080974e-08, 1.24072229823e-07, 7.86087241522e-07, 7.81092876423e-06, 3.65883011e-06, 2.16617280557e-07, 8.86658000354e-08, 4.41308323218e-08, 1.65236713201e-07, 1.79625757823e-07, 1.15788360233e-07, 1.6573898165e-07, 1.76794358708e-07, 1.82344649602e-07, 2.34916939235e-08],
        "max": [0.0735360980034, 0.263090372086, 0.373904377222, 0.0886719301343, 0.0967225432396, 0.0657686665654, 0.0251360330731, 0.0233593843877, 0.0273120384663, 0.0128833567724, 0.010761895217, 0.00511856004596, 0.00265391054563, 0.0031678667292, 0.0145687125623, 0.0314977765083, 0.0193108655512, 0.00355882081203, 0.00174766767304, 0.00177484448068, 0.0036825418938, 0.00317986262962, 0.00199960451573, 0.00315197394229, 0.00326728448272, 0.00259864027612, 0.00120112008881],
        "mean": [0.00263047940098, 0.0117708677426, 0.00655906647444, 0.00330747943372, 0.00506745651364, 0.00363428448327, 0.000947522872593, 0.00108812446706, 0.000655088515487, 0.000395111826947, 0.000180133720278, 0.000120832752145, 7.06047285348e-05, 8.53083547554e-05, 0.00012309232261, 0.000247093965299, 0.000212183775147, 0.000110622735519, 9.48132583289e-05, 9.90670014289e-05, 0.000153861517902, 0.000171232721186, 0.00012029492791, 0.000122768004076, 0.000110963112093, 0.000109081316623, 3.56959899364e-05],
        "median": [0.000324202235788, 0.00203752564266, 0.00126397493295, 0.00148202851415, 0.00215325364843, 0.00158767227549, 0.000361220183549, 0.000256754487054, 0.000145225509186, 0.000160336989211, 4.89824487886e-05, 3.8210360799e-05, 2.78409097518e-05, 3.03813903884e-05, 3.09147180815e-05, 2.71508379228e-05, 3.08378366753e-05, 2.23366168939e-05, 1.88251833606e-05, 1.71063802554e-05, 2.18961449718e-05, 1.58524489962e-05, 1.04651098809e-05, 1.12206334961e-05, 3.2588573049e-06, 1.88557305592e-06, 2.90168920003e-08],
        "min": [1.73635179883e-23, 1.36418173879e-23, 1.06260621007e-23, 3.07864927394e-23, 9.31382196157e-23, 2.86646998735e-23, 5.48089576004e-23, 6.55609424119e-23, 4.51417164869e-23, 5.98196001219e-23, 5.99379671231e-23, 3.25530268298e-23, 6.63451963695e-23, 1.36343121653e-22, 1.31087212809e-22, 8.18847590821e-23, 1.18047569238e-22, 3.09607836678e-22, 2.8271863551e-22, 2.92603100518e-22, 4.96922644052e-22, 4.76701904997e-22, 8.00375043263e-22, 9.09247895116e-22, 1.05874655347e-21, 1.68218668426e-21, 2.80388277287e-21],
        "var": [3.36305238307e-05, 0.000732041662559, 0.000395869865315, 2.69953288807e-05, 6.26004402875e-05, 2.87333677988e-05, 2.96606958727e-06, 4.57596888737e-06, 2.08030905924e-06, 5.09000869897e-07, 2.12267707411e-07, 7.76938762215e-08, 1.93502334156e-08, 3.31610294779e-08, 1.83159173162e-07, 1.939759386e-06, 8.81025016497e-07, 6.81041782968e-08, 3.48687656526e-08, 3.76357647269e-08, 9.28592882588e-08, 1.35160377113e-07, 6.21543421175e-08, 7.02450293488e-08, 7.76886253107e-08, 7.66236993854e-08, 9.29487242729e-09]
    },
    "erbbands": {
        "dmean": [0.489907354116, 2.1589448452, 7.78461122513, 8.44364356995, 11.5906181335, 8.44788074493, 10.9494590759, 18.8578224182, 13.047577858, 13.433216095, 16.1683197021, 13.5727157593, 10.2099123001, 7.89762592316, 6.36675882339, 4.73428678513, 2.78488469124, 4.0494184494, 5.04422569275, 10.5306634903, 23.5232696533, 14.5566291809, 7.11270666122, 4.00056028366, 4.50698041916, 3.55906152725, 4.59814786911, 6.1277256012, 5.29685688019, 4.27237796783, 3.03562283516, 3.09109759331, 1.80266737938, 1.43325340748, 0.861564218998, 0.499509572983, 0.237654522061, 0.0809253156185, 0.00671404600143, 0.00012408119801],
        "dmean2": [0.849547564983, 3.64617061615, 13.7413339615, 14.8174028397, 19.7170467377, 13.7163791656, 16.2161598206, 29.2276325226, 21.7840652466, 21.0535392761, 27.4552364349, 22.1540164948, 17.7755851746, 14.035030365, 11.2570800781, 8.16663074493, 4.77819156647, 7.04325246811, 8.78068065643, 18.7462615967, 41.9423065186, 25.7001743317, 12.1147451401, 6.58950567245, 7.29879522324, 5.73099660873, 7.33374071121, 9.53889656067, 7.91482877731, 6.58533382416, 4.65702533722, 4.89446735382, 2.77047538757, 2.16309380531, 1.32304191589, 0.782545804977, 0.378717929125, 0.12918689847, 0.010610694997, 0.000194901964278],
        "dvar": [1.34147274494, 34.7427825928, 736.934204102, 396.573486328, 619.489257812, 262.181427002, 258.726074219, 1034.32666016, 792.515258789, 785.9765625, 1610.00061035, 1092.5390625, 749.960327148, 458.283813477, 377.77734375, 170.960067749, 54.1177139282, 112.721069336, 136.525146484, 2097.9675293, 15094.2636719, 3712.44702148, 343.869537354, 81.0604934692, 83.9347000122, 46.6709136963, 73.5963592529, 167.519088745, 116.862213135, 80.0342559814, 40.4169654846, 41.8732948303, 12.5371990204, 11.2162828445, 3.8134663105, 1.22984409332, 0.250984013081, 0.0329168327153, 0.00023687252542, 5.67833033926e-08],
        "dvar2": [3.54013228416, 87.5868148804, 2033.80212402, 1099.92626953, 1579.52307129, 674.300964355, 537.196655273, 2575.51391602, 2063.62133789, 1870.23974609, 4421.41796875, 2798.93115234, 2104.25585938, 1285.56079102, 1046.82861328, 463.469390869, 146.443405151, 310.768371582, 361.716308594, 5809.47070312, 40684.3515625, 10037.0585938, 914.617492676, 207.877380371, 201.466796875, 103.157341003, 160.625549316, 381.121887207, 242.583999634, 189.867462158, 95.4046554565, 102.94417572, 29.5872440338, 26.5305633545, 9.03304767609, 2.91872262955, 0.598025679588, 0.0773935541511, 0.000554961850867, 1.31760302224e-07],
        "max": [11.2428836823, 65.2683944702, 381.49331665, 318.5027771, 402.777984619, 299.9112854, 370.56338501, 625.760864258, 419.0340271, 403.528778076, 633.864929199, 790.091491699, 445.799163818, 392.825439453, 428.892272949, 241.399887085, 147.464950562, 181.392028809, 222.1978302, 1364.82922363, 2347.24975586, 1035.67651367, 243.091445923, 107.98916626, 104.019851685, 87.6433334351, 109.636054993, 135.304702759, 124.063224792, 84.7726135254, 61.1655960083, 82.376373291, 33.371257782, 40.9243354797, 22.3571338654, 11.1748161316, 4.21717882156, 2.12876033783, 0.178360328078, 0.00259890034795],
        "mean": [0.470641881227, 2.13825130463, 6.98076725006, 9.78378200531, 15.3811445236, 14.7929706573, 22.4436073303, 31.9412498474, 17.6959762573, 19.1646213531, 18.2019557953, 17.0455493927, 12.9471492767, 8.75581169128, 6.5469212532, 5.2169213295, 3.56480169296, 4.06077241898, 4.86242771149, 8.14022541046, 16.8564682007, 11.3355226517, 6.62935781479, 4.29745054245, 5.13920640945, 4.50786352158, 5.45829439163, 6.6334028244, 6.32520675659, 4.84938049316, 3.27233934402, 2.87012887001, 1.75964200497, 1.33435690403, 0.772602200508, 0.425348043442, 0.195240005851, 0.0677486658096, 0.00559886125848, 0.000125517632114],
        "median": [0.0600824207067, 0.367417901754, 1.39962470531, 3.84028601646, 6.17923021317, 5.9351682663, 11.1574573517, 13.8758859634, 7.29746818542, 5.90489339828, 5.32993173599, 4.12208938599, 5.5632276535, 3.27048683167, 2.15205168724, 1.73307132721, 1.45928919315, 1.42268157005, 1.76587748528, 1.53737080097, 1.72159647942, 1.70836520195, 1.35806143284, 0.992933928967, 0.958628594875, 0.747755050659, 0.82320189476, 0.879217267036, 0.591541647911, 0.460391283035, 0.258087724447, 0.267091453075, 0.149927005172, 0.0491825416684, 0.021366333589, 0.010419418104, 0.00284906383604, 0.000263275578618, 3.78017102776e-05, 3.72658396373e-05],
        "min": [5.14677037886e-22, 2.88951838254e-21, 9.5623476294e-21, 4.05286414591e-20, 1.61888667981e-19, 3.77237346867e-19, 3.35268735826e-19, 2.48669568986e-19, 5.45766065043e-19, 9.46470396641e-19, 1.75729640771e-18, 1.0105177507e-18, 1.82447360641e-18, 2.09465416233e-18, 2.87745343309e-18, 1.03208875992e-18, 3.64700085685e-18, 5.17532498561e-18, 5.55599308992e-18, 7.26633004066e-18, 5.03201429012e-18, 8.24007878596e-18, 1.51396650672e-17, 1.3533066905e-17, 1.43630731665e-17, 1.23324597408e-17, 1.52468825638e-17, 2.37655789411e-17, 1.52465864331e-17, 2.26198576921e-17, 2.32374323918e-17, 1.64024753862e-17, 1.7051294352e-17, 1.08847894441e-17, 7.49833104143e-18, 5.86401571129e-18, 3.2308194073e-18, 1.61247434985e-18, 3.76391528841e-19, 4.09297141962e-20],
        "var": [1.29066061974, 30.1972541809, 498.541534424, 335.056945801, 760.430664062, 558.02355957, 1036.95202637, 2453.54199219, 1004.31652832, 1307.26098633, 1419.3927002, 1387.03210449, 569.140197754, 329.262054443, 266.687927246, 146.457641602, 50.5070915222, 84.4316635132, 100.830383301, 1299.66345215, 9871.67871094, 2430.55126953, 267.085876465, 75.014503479, 102.841690063, 77.3150634766, 105.565223694, 192.007736206, 188.319503784, 105.404899597, 49.8481903076, 40.5552864075, 13.7155952454, 11.5282201767, 3.87595534325, 1.20223534107, 0.240834385157, 0.0318428203464, 0.000229956654948, 5.74605216741e-08]
    },
    "gfcc": {
        "mean": [-43.8645706177, 108.72794342, -82.9254302979, 36.5557823181, -62.5378761292, 5.58171319962, -35.2814979553, 1.17276740074, -15.6309404373, -4.20907449722, -14.6900024414, -1.62348425388, -5.3186545372],
        "cov": [[8872.77832031, -2892.72363281, 482.013000488, 39.0239753723, -190.937927246, -39.6839370728, 8.59034156799, 317.692901611, -437.568908691, 431.90133667, -386.707672119, 427.9503479, -282.596954346], [-2892.72363281, 3474.25805664, -603.303771973, 527.973693848, 215.759399414, -144.418273926, 391.060394287, -419.168609619, 478.556732178, -445.645385742, 559.907897949, -435.703155518, 392.190734863], [482.013000488, -603.303771973, 1241.50769043, -27.0036182404, 177.843673706, 42.3153381348, 5.17665910721, 76.5469207764, -177.880935669, 189.619216919, -146.590988159, 126.747489929, -163.859970093], [39.0239753723, 527.973693848, -27.0036182404, 650.698242188, 178.861709595, 88.946105957, 141.773239136, -69.7881546021, 99.4453048706, -109.159347534, 141.312103271, -113.546524048, 104.710075378], [-190.937927246, 215.759399414, 177.843673706, 178.861709595, 500.927612305, 80.024055481, 69.5927124023, 45.9315299988, 93.8138580322, 3.94464373589, 8.77220344543, 10.977306366, 4.4191532135], [-39.6839370728, -144.418273926, 42.3153381348, 88.946105957, 80.024055481, 190.787246704, 17.4124412537, 93.3666152954, -4.51440525055, 36.9028625488, -4.04413366318, 18.1993618011, 2.28966760635], [8.59034156799, 391.060394287, 5.17665910721, 141.773239136, 69.5927124023, 17.4124412537, 272.562805176, -18.2571430206, 86.8496780396, -31.1017150879, 100.835777283, -26.209980011, 58.896900177], [317.692901611, -419.168609619, 76.5469207764, -69.7881546021, 45.9315299988, 93.3666152954, -18.2571430206, 196.580062866, -3.30237030983, 103.527709961, -61.9445343018, 79.023651123, -44.7714538574], [-437.568908691, 478.556732178, -177.880935669, 99.4453048706, 93.8138580322, -4.51440525055, 86.8496780396, -3.30237030983, 197.886138916, -49.0608558655, 115.928451538, -56.7906684875, 86.7717056274], [431.90133667, -445.645385742, 189.619216919, -109.159347534, 3.94464373589, 36.9028625488, -31.1017150879, 103.527709961, -49.0608558655, 165.140029907, -54.0001106262, 103.847045898, -59.5695381165], [-386.707672119, 559.907897949, -146.590988159, 141.312103271, 8.77220344543, -4.04413366318, 100.835777283, -61.9445343018, 115.928451538, -54.0001106262, 183.553405762, -55.2574501038, 100.434745789], [427.9503479, -435.703155518, 126.747489929, -113.546524048, 10.977306366, 18.1993618011, -26.209980011, 79.023651123, -56.7906684875, 103.847045898, -55.2574501038, 139.565795898, -33.6780471802], [-282.596954346, 392.190734863, -163.859970093, 104.710075378, 4.4191532135, 2.28966760635, 58.896900177, -44.7714538574, 86.7717056274, -59.5695381165, 100.434745789, -33.6780471802, 124.251754761]],
        "icov": [[0.000205109754461, 0.000175481458427, 8.1330712419e-05, -0.000267525145318, 2.56152065958e-06, 0.000445797020802, -0.000289035437163, -0.000144276127685, 0.000282170803985, -0.000262856221525, 3.29799840983e-05, -9.28330991883e-05, -5.28686905454e-05], [0.000175481458427, 0.00142153061461, -4.10404245486e-05, 0.000244113049121, -0.000696126953699, 0.000796626263764, -0.000696411763784, 0.000505018921103, -1.51049707711e-05, 0.00041995322681, -0.00203451397829, 0.00221534376033, -0.00136863999069], [8.1330712419e-05, -4.10404245486e-05, 0.00138514931314, -0.000364855601219, -0.00053024222143, 0.00033456881647, -0.000544051988982, 0.000276356149698, 0.00115486979485, -0.00159394706134, 0.000359510187991, -0.0001749402727, 0.000910147326067], [-0.000267525145318, 0.000244113049121, -0.000364855601219, 0.0032539467793, -0.00107595464215, -0.00163283164147, -0.000264880422037, 0.000660873192828, 0.000300721760141, 0.00112406827975, -0.00194625393488, 0.00257089710794, -0.0015713594621], [2.56152065958e-06, -0.000696126953699, -0.00053024222143, -0.00107595464215, 0.00363844633102, -0.00145820563193, 0.000181080875336, 0.000268503150437, -0.00311744096689, 0.000654336006846, 0.00246825162321, -0.00309000117704, 0.00197705929168], [0.000445797020802, 0.000796626263764, 0.00033456881647, -0.00163283164147, -0.00145820563193, 0.0103104729205, -0.000932956929319, -0.00593411363661, 0.0041848984547, -0.00127604964655, -0.0017986795865, 0.00269070570357, -0.00286855641752], [-0.000289035437163, -0.000696411763784, -0.000544051988982, -0.000264880422037, 0.000181080875336, -0.000932956929319, 0.00568999303505, -0.000254925835179, -0.00147479504813, 0.000954206043389, -0.00149231846444, -0.00145276228432, 0.000568194140214], [-0.000144276127685, 0.000505018921103, 0.000276356149698, 0.000660873192828, 0.000268503150437, -0.00593411363661, -0.000254925835179, 0.0137148350477, -0.00607963837683, -0.0038125209976, 0.00327229476534, -0.00258490606211, 0.00212004827335], [0.000282170803985, -1.51049707711e-05, 0.00115486979485, 0.000300721760141, -0.00311744096689, 0.0041848984547, -0.00147479504813, -0.00607963837683, 0.0152041977271, -0.00153676338959, -0.00538683589548, 0.00511182378978, -0.00511367199942], [-0.000262856221525, 0.00041995322681, -0.00159394706134, 0.00112406827975, 0.000654336006846, -0.00127604964655, 0.000954206043389, -0.0038125209976, -0.00153676338959, 0.01765181683, -0.00416357722133, -0.00749356346205, 0.00407178234309], [3.29799840983e-05, -0.00203451397829, 0.000359510187991, -0.00194625393488, 0.00246825162321, -0.0017986795865, -0.00149231846444, 0.00327229476534, -0.00538683589548, -0.00416357722133, 0.0184678845108, -0.0030958421994, -0.00355832581408], [-9.28330991883e-05, 0.00221534376033, -0.0001749402727, 0.00257089710794, -0.00309000117704, 0.00269070570357, -0.00145276228432, -0.00258490606211, 0.00511182378978, -0.00749356346205, -0.0030958421994, 0.022088624537, -0.00845643226057], [-5.28686905454e-05, -0.00136863999069, 0.000910147326067, -0.0015713594621, 0.00197705929168, -0.00286855641752, 0.000568194140214, 0.00212004827335, -0.00511367199942, 0.00407178234309, -0.00355832581408, -0.00845643226057, 0.0213569998741]]
    },
    "melbands": {
        "dmean": [0.00360541860573, 0.00361211970448, 0.00156498898286, 0.000694422342349, 0.000385187217034, 0.000407547107898, 0.000184728443855, 0.000158054841449, 0.000132168235723, 7.81694398029e-05, 5.04047166032e-05, 3.26468143612e-05, 2.37915755861e-05, 1.43308616316e-05, 8.39944277686e-06, 6.26654491498e-06, 7.75151784183e-06, 7.62460922488e-06, 1.19966380225e-05, 1.65001674759e-05, 3.05691210087e-05, 1.68144269992e-05, 8.46012881084e-06, 4.61627541881e-06, 3.0579678878e-06, 3.70912562175e-06, 2.66059987553e-06, 2.3873039936e-06, 2.60920160144e-06, 3.8247098928e-06, 3.35258073392e-06, 3.09967390422e-06, 2.60961519416e-06, 2.37926406044e-06, 1.84311920748e-06, 1.6356254946e-06, 1.96240512196e-06, 1.26747590912e-06, 1.20183835861e-06, 1.16385547244e-06],
        "dmean2": [0.00613569980487, 0.00627600820735, 0.00271738227457, 0.0011485730065, 0.000573511526454, 0.000623177853413, 0.000308371585561, 0.000247276882874, 0.000227087002713, 0.000126696992083, 8.81957021193e-05, 5.78380204388e-05, 4.22415723733e-05, 2.50090288318e-05, 1.4197244127e-05, 1.0940766515e-05, 1.34563870233e-05, 1.32807090267e-05, 2.1088275389e-05, 2.96501948469e-05, 5.44381036889e-05, 2.98643008136e-05, 1.47467144416e-05, 7.67028541304e-06, 5.10575227963e-06, 6.15909448243e-06, 4.31049784311e-06, 3.8444322854e-06, 4.14393343817e-06, 6.15443877905e-06, 5.19268314747e-06, 4.72255896966e-06, 3.83931865144e-06, 3.82331518267e-06, 2.86645718006e-06, 2.56829935097e-06, 3.13421810461e-06, 1.96492624127e-06, 1.84351108601e-06, 1.76125615781e-06],
        "dvar": [6.68692882755e-05, 0.000142141187098, 1.11380295493e-05, 2.26299812311e-06, 2.99533752468e-07, 4.58183450291e-07, 1.61026179057e-07, 1.15944182255e-07, 1.12545698983e-07, 3.5585877356e-08, 1.79330594818e-08, 7.24677873265e-09, 5.16881204504e-09, 1.60583824016e-09, 4.38461517094e-10, 2.86128010174e-10, 3.85642906497e-10, 2.66142108352e-10, 2.00030969566e-09, 5.62165114459e-09, 2.66985882291e-08, 5.38199396161e-09, 5.68555369451e-10, 1.15684947732e-10, 4.79748532567e-11, 5.96092133986e-11, 2.65280644673e-11, 2.21681249746e-11, 2.60409992181e-11, 6.32555952063e-11, 4.83287923569e-11, 3.92736017318e-11, 3.17016586593e-11, 2.62280648589e-11, 1.79575746634e-11, 1.00438355549e-11, 1.81215441958e-11, 6.37572980522e-12, 6.59676480108e-12, 7.82585368037e-12],
        "dvar2": [0.00016432548, 0.000383637729101, 3.07007685478e-05, 5.59862974114e-06, 6.4475381123e-07, 1.10329256131e-06, 4.17685726006e-07, 2.7737408459e-07, 3.11895490768e-07, 9.01505288198e-08, 5.03411889952e-08, 2.03533687682e-08, 1.43981191414e-08, 4.4239314434e-09, 1.13753395592e-09, 7.95390586728e-10, 1.0572233089e-09, 7.10538516913e-10, 5.46100853427e-09, 1.55099009191e-08, 7.16516126431e-08, 1.45482568215e-08, 1.55038792915e-09, 2.99226254885e-10, 1.23568960619e-10, 1.5244874807e-10, 5.57613087648e-11, 5.04143879421e-11, 5.56767895676e-11, 1.43095438276e-10, 1.11126052804e-10, 8.45626207946e-11, 6.43708558679e-11, 6.56581039538e-11, 4.33370041242e-11, 2.3706446528e-11, 4.52006522489e-11, 1.52094187938e-11, 1.55867888041e-11, 1.86140877018e-11],
        "max": [0.0814532861114, 0.158191472292, 0.0519705489278, 0.0241122730076, 0.0129522932693, 0.0129482885823, 0.00589606491849, 0.00485102692619, 0.00547086680308, 0.00439639575779, 0.00218145595863, 0.00154809479136, 0.0016089634737, 0.000644494954031, 0.000340646191034, 0.000309308816213, 0.000322419800796, 0.00022860977333, 0.00121470866725, 0.00196907063946, 0.00315173785202, 0.00121773011051, 0.000341058446793, 0.000120647353469, 8.86966226972e-05, 7.80925838626e-05, 6.03687476541e-05, 7.03302721377e-05, 6.38485507807e-05, 0.000123357807752, 6.38028141111e-05, 6.61033918732e-05, 7.30226602172e-05, 4.58861541119e-05, 4.82809991809e-05, 2.34156104852e-05, 5.90194467804e-05, 2.70198761427e-05, 2.80669009953e-05, 3.68587316188e-05],
        "mean": [0.00372580601834, 0.00343262404203, 0.00194974662736, 0.00106677168515, 0.000817947904579, 0.000710627355147, 0.00024156087602, 0.000222817994654, 0.000142527962453, 9.90577464108e-05, 6.36773256701e-05, 3.78842378268e-05, 2.35272018472e-05, 1.48598992382e-05, 1.01139248727e-05, 7.18437513569e-06, 7.54088296162e-06, 7.30815600036e-06, 9.75479088083e-06, 1.21299517559e-05, 2.18441873585e-05, 1.28074525492e-05, 7.2494926826e-06, 4.64217555418e-06, 3.23852600559e-06, 3.79772222914e-06, 3.37145092999e-06, 2.94378719445e-06, 3.09003803523e-06, 4.19115713157e-06, 3.61311344932e-06, 3.58510442311e-06, 3.18235288432e-06, 2.55350619227e-06, 1.97812505576e-06, 1.57310921622e-06, 1.78954371677e-06, 1.23126346807e-06, 1.14702925202e-06, 1.0779464219e-06],
        "median": [0.000617762620095, 0.000710103544407, 0.000843789603096, 0.000463103264337, 0.000415635004174, 0.000311162526486, 9.01574676391e-05, 6.04899505561e-05, 4.08737614634e-05, 2.24027480726e-05, 2.58486561506e-05, 1.37945444294e-05, 6.84977703713e-06, 4.68216921945e-06, 3.86179863199e-06, 2.65982475867e-06, 2.52909217124e-06, 2.85764690489e-06, 2.16572880163e-06, 1.85039380085e-06, 2.00849285648e-06, 1.76818048203e-06, 1.39197629778e-06, 1.0396364587e-06, 7.39168854125e-07, 6.97014570505e-07, 5.51476887267e-07, 4.44441297986e-07, 4.57089043948e-07, 5.89671856233e-07, 4.57315707081e-07, 3.19950260064e-07, 2.86292589635e-07, 2.40147130626e-07, 1.32919581119e-07, 1.53850621132e-07, 1.60094103308e-07, 1.10436282341e-07, 6.78075977589e-08, 3.03744265295e-08],
        "min": [5.72082953985e-24, 4.87480777344e-24, 1.34556115044e-23, 1.64717911988e-23, 1.54444671083e-23, 5.53208470752e-24, 9.85096129624e-24, 1.14001784067e-23, 1.23361752814e-23, 6.67365281764e-24, 8.58217792666e-24, 7.83697573938e-24, 9.1497909581e-24, 4.86046036573e-24, 3.8836450668e-24, 6.97400845186e-24, 1.11926062256e-23, 9.15439238376e-24, 1.28736183275e-23, 5.94575823862e-24, 5.82738768764e-24, 6.25876562404e-24, 1.67976128408e-23, 1.02517121024e-23, 1.113171563e-23, 1.07988194835e-23, 8.75491322136e-24, 8.26058142371e-24, 1.03032720512e-23, 8.92069234059e-24, 1.59580108244e-23, 8.11877736511e-24, 9.18451898173e-24, 1.4226401184e-23, 1.3014169675e-23, 1.21575045973e-23, 9.30959366712e-24, 1.34168105919e-23, 9.75938480033e-24, 8.97106110939e-24],
        "var": [7.12865075911e-05, 0.000102574420453, 1.01816831375e-05, 3.05257003674e-06, 1.317052579e-06, 1.14701867915e-06, 1.97137055125e-07, 1.94895989125e-07, 9.27357106661e-08, 4.8739870806e-08, 1.37271616296e-08, 5.47399947592e-09, 3.58939100664e-09, 1.2827444662e-09, 4.40524089429e-10, 2.39705560956e-10, 2.90131002556e-10, 1.96457253243e-10, 1.29530419724e-09, 3.49661988253e-09, 1.7620539694e-08, 3.51443496527e-09, 3.97189670043e-10, 1.03883110447e-10, 4.33901664598e-11, 5.86320575424e-11, 4.44367667662e-11, 3.47254620892e-11, 3.85042726869e-11, 7.0723669976e-11, 5.72383494768e-11, 5.99731930784e-11, 5.23906369676e-11, 2.93291849141e-11, 2.11418608315e-11, 1.06504267211e-11, 1.6916613943e-11, 6.77077881608e-12, 7.05472876297e-12, 7.9166785974e-12]
    },
    "mfcc": {
        "mean": [-694.402770996, 136.474624634, 31.4491996765, 31.1617469788, 2.59376192093, 5.41661119461, -7.57807159424, 3.01601886749, 1.06665539742, -1.15998136997, -5.30219745636, -0.125726282597, -5.77447462082],
        "cov": [[8172.47558594, -2004.67492676, -46.4468727112, 138.447601318, -368.900726318, -82.1013183594, 80.1502456665, 9.02172470093, 36.5274467468, -89.6945571899, 65.9199523926, -108.587081909, 158.962966919], [-2004.67492676, 2002.66674805, -131.683273315, 278.808807373, 53.626373291, 127.202400208, 22.7324695587, 41.9886703491, -45.1938896179, 59.6850852966, 1.5324485302, 102.472602844, -42.8733863831], [-46.4468727112, -131.683273315, 707.733093262, 114.077224731, 12.0849533081, 51.6667709351, 106.032669067, -48.8638763428, -25.9676208496, -19.1449832916, 38.4212532043, -40.1392974854, 14.9264945984], [138.447601318, 278.808807373, 114.077224731, 475.638000488, 142.601394653, 178.233642578, 106.036911011, 72.9495773315, 17.7283859253, 14.7090015411, 28.2303829193, 37.607219696, 16.0265331268], [-368.900726318, 53.626373291, 12.0849533081, 142.601394653, 406.208496094, 101.283653259, 41.1467323303, 58.5425834656, 60.0335655212, 58.9923744202, 5.59261465073, 37.8943786621, 3.06036782265], [-82.1013183594, 127.202400208, 51.6667709351, 178.233642578, 101.283653259, 170.055908203, 98.8264846802, 53.8897514343, 24.4531898499, 16.6549720764, 20.9343414307, 16.1208248138, 7.97981452942], [80.1502456665, 22.7324695587, 106.032669067, 106.036911011, 41.1467323303, 98.8264846802, 154.624557495, 64.3280334473, 26.8742408752, 22.2783260345, 37.8896255493, 12.3058948517, 15.9219684601], [9.02172470093, 41.9886703491, -48.8638763428, 72.9495773315, 58.5425834656, 53.8897514343, 64.3280334473, 111.885551453, 57.9590148926, 40.4538116455, 19.7330513, 32.1867141724, 15.2691049576], [36.5274467468, -45.1938896179, -25.9676208496, 17.7283859253, 60.0335655212, 24.4531898499, 26.8742408752, 57.9590148926, 94.638168335, 48.8199195862, 19.1928272247, 19.5166053772, 16.1405773163], [-89.6945571899, 59.6850852966, -19.1449832916, 14.7090015411, 58.9923744202, 16.6549720764, 22.2783260345, 40.4538116455, 48.8199195862, 77.7077255249, 36.2149505615, 35.2945899963, 14.7330665588], [65.9199523926, 1.5324485302, 38.4212532043, 28.2303829193, 5.59261465073, 20.9343414307, 37.8896255493, 19.7330513, 19.1928272247, 36.2149505615, 71.6024551392, 31.3532028198, 19.2953281403], [-108.587081909, 102.472602844, -40.1392974854, 37.607219696, 37.8943786621, 16.1208248138, 12.3058948517, 32.1867141724, 19.5166053772, 35.2945899963, 31.3532028198, 68.960319519, 26.598400116], [158.962966919, -42.8733863831, 14.9264945984, 16.0265331268, 3.06036782265, 7.97981452942, 15.9219684601, 15.2691049576, 16.1405773163, 14.7330665588, 19.2953281403, 26.598400116, 61.7875137329]],
