{
"lowlevel": {
    "average_loudness": 0.946077048779,
    "barkbands_crest": {
        "dmean": 3.95334100723,
        "dmean2": 6.41983032227,
        "dvar": 10.5623683929,
        "dvar2": 31.1733112335,
        "max": 26.3711910248,
        "mean": 11.8839941025,
        "median": 11.0095176697,
        "min": 2.16486883163,
        "var": 24.4793205261
    },
    "barkbands_flatness_db": {
        "dmean": 0.0328882448375,
        "dmean2": 0.0531427524984,
        "dvar": 0.00104407186154,
        "dvar2": 0.00275974883698,
        "max": 0.739651620388,
        "mean": 0.150888487697,
        "median": 0.131650567055,
        "min": 0.0179957132787,
        "var": 0.00686416821554
    },
    "barkbands_kurtosis": {
        "dmean": 9.42382240295,
        "dmean2": 16.0280609131,
        "dvar": 524.107543945,
        "dvar2": 1514.83215332,
        "max": 664.676696777,
        "mean": 10.7988739014,
        "median": 3.64881968498,
        "min": -1.87996637821,
        "var": 631.258300781
    },
    "barkbands_skewness": {
        "dmean": 1.04037427902,
        "dmean2": 1.67958021164,
        "dvar": 1.59849154949,
        "dvar2": 4.26256847382,
        "max": 22.1444625854,
        "mean": 2.1740655899,
        "median": 1.85465705395,
        "min": -5.05957174301,
        "var": 4.23973464966
    },
    "barkbands_spread": {
        "dmean": 9.40563488007,
        "dmean2": 15.2066459656,
        "dvar": 140.072418213,
        "dvar2": 325.452484131,
        "max": 103.399108887,
        "mean": 22.8210296631,
        "median": 19.9921550751,
        "min": 0.0460155457258,
        "var": 276.868133545
    },
    "dissonance": {
        "dmean": 0.0214637015015,
        "dmean2": 0.0367318764329,
        "dvar": 0.000653279828839,
        "dvar2": 0.00181742361747,
        "max": 0.500000119209,
        "mean": 0.468277782202,
        "median": 0.478445529938,
        "min": 0.188529804349,
        "var": 0.00103386596311
    },
    "dynamic_complexity": 3.42818236351,
    "erbbands_crest": {
        "dmean": 4.04443216324,
        "dmean2": 6.7181892395,
        "dvar": 14.6860198975,
        "dvar2": 37.9696617126,
        "max": 33.759929657,
        "mean": 10.3261394501,
        "median": 8.67455863953,
        "min": 2.24425315857,
        "var": 33.6248703003
    },
    "erbbands_flatness_db": {
        "dmean": 0.0233112964779,
        "dmean2": 0.0367714092135,
        "dvar": 0.000580823165365,
        "dvar2": 0.0013497605687,
        "max": 0.478057920933,
        "mean": 0.139304473996,
        "median": 0.117624640465,
        "min": 0.0417306274176,
        "var": 0.00475677289069
    },
    "erbbands_kurtosis": {
        "dmean": 2.0449590683,
        "dmean2": 3.32504558563,
        "dvar": 12.9607181549,
        "dvar2": 33.3250617981,
        "max": 67.3042144775,
        "mean": 1.54307758808,
        "median": -0.0927187204361,
        "min": -1.86418366432,
        "var": 22.298997879
    },
    "erbbands_skewness": {
        "dmean": 0.506440460682,
        "dmean2": 0.796041607857,
        "dvar": 0.2747631073,
        "dvar2": 0.65699249506,
        "max": 6.19034051895,
        "mean": 0.250716358423,
        "median": 0.186215490103,
        "min": -7.01237678528,
        "var": 0.898569643497
    },
    "erbbands_spread": {
        "dmean": 12.6881999969,
        "dmean2": 19.8695964813,
        "dvar": 161.759368896,
        "dvar2": 370.482971191,
        "max": 153.36428833,
        "mean": 46.6547622681,
        "median": 44.4527206421,
        "min": 0.885508298874,
        "var": 752.357177734
    },
    "hfc": {
        "dmean": 12.0112075806,
        "dmean2": 19.9695281982,
        "dvar": 385.83493042,
        "dvar2": 997.27935791,
        "max": 192.203567505,
        "mean": 21.648815155,
        "median": 14.5879554749,
        "min": 1.17824254962e-16,
        "var": 500.311859131
    },
    "melbands_crest": {
        "dmean": 4.14101552963,
        "dmean2": 6.92566108704,
        "dvar": 12.7392396927,
        "dvar2": 34.7036590576,
        "max": 37.9139328003,
        "mean": 16.6666278839,
        "median": 16.3529777527,
        "min": 2.4487247467,
        "var": 31.95429039
    },
    "melbands_flatness_db": {
        "dmean": 0.03893629089,
        "dmean2": 0.061314355582,
        "dvar": 0.00149282906204,
        "dvar2": 0.00360331102274,
        "max": 0.911003470421,
        "mean": 0.238167583942,
        "median": 0.223240852356,
        "min": 0.00588224222884,
        "var": 0.0109234768897
    },
    "melbands_kurtosis": {
        "dmean": 20.9810352325,
        "dmean2": 35.4871864319,
        "dvar": 1332.79931641,
        "dvar2": 3730.59106445,
        "max": 977.122741699,
        "mean": 30.4265823364,
        "median": 14.2974758148,
        "min": -1.82574117184,
        "var": 2141.04663086
    },
    "melbands_skewness": {
        "dmean": 1.39241397381,
        "dmean2": 2.23835110664,
        "dvar": 2.37755870819,
        "dvar2": 6.1586856842,
        "max": 27.4561252594,
        "mean": 3.7153840065,
        "median": 3.35225367546,
        "min": -4.11528348923,
        "var": 7.78301858902
    },
    "melbands_spread": {
        "dmean": 8.56595611572,
        "dmean2": 14.01146698,
        "dvar": 119.020149231,
        "dvar2": 278.202880859,
        "max": 164.995941162,
        "mean": 19.8828315735,
        "median": 15.2996273041,
        "min": 0.129899039865,
        "var": 299.045349121
    },
    "pitch_salience": {
        "dmean": 0.116752229631,
        "dmean2": 0.193014010787,
        "dvar": 0.00995500851423,
        "dvar2": 0.0284573659301,
        "max": 0.900897204876,
        "mean": 0.51144528389,
        "median": 0.525597214699,
        "min": 0.0402366369963,
        "var": 0.0233129095286
    },
    "silence_rate_20dB": {
        "dmean": 0,
        "dmean2": 0,
        "dvar": 0,
        "dvar2": 0,
        "max": 1,
        "mean": 1,
        "median": 1,
        "min": 1,
        "var": 0
    },
    "silence_rate_30dB": {
        "dmean": 0.0917098894715,
        "dmean2": 0.183434873819,
        "dvar": 0.0833075046539,
        "dvar2": 0.16873690486,
        "max": 1,
        "mean": 0.894138932228,
        "median": 1,
        "min": 0,
        "var": 0.094664670527
    },
    "silence_rate_60dB": {
        "dmean": 0.0167942699045,
        "dmean2": 0.0335913039744,
        "dvar": 0.0165101662278,
        "dvar2": 0.0354277603328,
        "max": 1,
        "mean": 0.0735923573375,
        "median": 0,
        "min": 0,
        "var": 0.06816714257
    },
    "spectral_centroid": {
        "dmean": 305.628479004,
        "dmean2": 481.202575684,
        "dvar": 116385.71875,
        "dvar2": 251867.734375,
        "max": 10939.4033203,
        "mean": 1259.45776367,
        "median": 1245.26794434,
        "min": 75.4970932007,
        "var": 344396.34375
    },
    "spectral_complexity": {
        "dmean": 3.73376131058,
        "dmean2": 6.00065851212,
        "dvar": 22.2965908051,
        "dvar2": 52.8328208923,
        "max": 63,
        "mean": 14.5978765488,
        "median": 13,
        "min": 0,
        "var": 81.4722747803
    },
    "spectral_decrease": {
        "dmean": 7.76907782551e-09,
        "dmean2": 1.33409496783e-08,
        "dvar": 2.59105710969e-16,
        "dvar2": 7.08884785233e-16,
        "max": 1.47677814917e-20,
        "mean": -1.11844009609e-08,
        "median": -6.14990636194e-09,
        "min": -1.29276628513e-07,
        "var": 2.41882831234e-16
    },
    "spectral_energy": {
        "dmean": 0.0300639849156,
        "dmean2": 0.0515861846507,
        "dvar": 0.00379180395976,
        "dvar2": 0.0103467395529,
        "max": 0.492408752441,
        "mean": 0.0441760532558,
        "median": 0.0251494348049,
        "min": 1.07557681127e-20,
        "var": 0.00356637244113
    },
    "spectral_energyband_high": {
        "dmean": 0.000781127833761,
        "dmean2": 0.00129489053506,
        "dvar": 2.78199718196e-06,
        "dvar2": 7.16104341336e-06,
        "max": 0.0147942490876,
        "mean": 0.00116061978042,
        "median": 0.000498965615407,
        "min": 7.49883977043e-21,
        "var": 3.15471220347e-06
    },
    "spectral_energyband_low": {
        "dmean": 0.0266431048512,
        "dmean2": 0.0463907346129,
        "dvar": 0.00337904598564,
        "dvar2": 0.00947009865195,
        "max": 0.489360302687,
        "mean": 0.0320723578334,
        "median": 0.0127024818212,
        "min": 3.02810916455e-23,
        "var": 0.00301634287462
    },
    "spectral_energyband_middle_high": {
        "dmean": 0.00236454792321,
        "dmean2": 0.003893222427,
        "dvar": 1.07007708721e-05,
        "dvar2": 2.80240928987e-05,
        "max": 0.062289558351,
        "mean": 0.0042519569397,
        "median": 0.00263461889699,
        "min": 1.61474904807e-21,
        "var": 2.4058861527e-05
    },
    "spectral_energyband_middle_low": {
        "dmean": 0.0065044760704,
        "dmean2": 0.011460901238,
        "dvar": 0.000229400029639,
        "dvar2": 0.000642228696961,
        "max": 0.165424153209,
        "mean": 0.00861687213182,
        "median": 0.00530869606882,
        "min": 2.60526955882e-22,
        "var": 0.00017198799469
    },
    "spectral_entropy": {
        "dmean": 0.232653170824,
        "dmean2": 0.35941016674,
        "dvar": 0.0586789883673,
        "dvar2": 0.130264401436,
        "max": 9.80704307556,
        "mean": 7.64078569412,
        "median": 7.78849315643,
        "min": 3.65221333504,
        "var": 0.359297811985
    },
    "spectral_flux": {
        "dmean": 0.0481919720769,
        "dmean2": 0.0784893631935,
        "dvar": 0.00617930758744,
        "dvar2": 0.0107882851735,
        "max": 0.640147149563,
        "mean": 0.121549732983,
        "median": 0.089076846838,
        "min": 1.03894018388e-10,
        "var": 0.0111582195386
    },
    "spectral_kurtosis": {
        "dmean": 2.50460553169,
        "dmean2": 4.10290813446,
        "dvar": 138.161071777,
        "dvar2": 398.236297607,
        "max": 438.948730469,
        "mean": 6.55063772202,
        "median": 3.24665045738,
        "min": -1.22645962238,
        "var": 306.81362915
    },
    "spectral_rms": {
        "dmean": 0.00172009179369,
        "dmean2": 0.00283771147951,
        "dvar": 7.1403428592e-06,
        "dvar2": 1.82216626854e-05,
        "max": 0.0219180006534,
        "mean": 0.00561290979385,
        "median": 0.00495338626206,
        "min": 3.23935669955e-12,
        "var": 1.15939446914e-05
    },
    "spectral_rolloff": {
        "dmean": 840.791748047,
        "dmean2": 1477.85400391,
        "dvar": 2835843.5,
        "dvar2": 7052445.5,
        "max": 19229.1503906,
        "mean": 1402.24938965,
        "median": 796.728515625,
        "min": 43.06640625,
        "var": 3806773.5
    },
    "spectral_skewness": {
        "dmean": 0.270207971334,
        "dmean2": 0.422963529825,
        "dvar": 0.187614157796,
        "dvar2": 0.478293687105,
        "max": 17.4193840027,
        "mean": 1.69874811172,
        "median": 1.46995615959,
        "min": -0.000643814681098,
        "var": 1.23948562145
    },
    "spectral_spread": {
        "dmean": 780731.6875,
        "dmean2": 1151595.25,
        "dvar": 1.22932455014e+12,
        "dvar2": 2.10116975002e+12,
        "max": 42469856,
        "mean": 5638848.5,
        "median": 5449922,
        "min": 283260.25,
        "var": 5.12188114534e+12
    },
    "spectral_strongpeak": {
        "dmean": 0.515409350395,
        "dmean2": 0.895045042038,
        "dvar": 0.747191548347,
        "dvar2": 2.01494216919,
        "max": 9.49139595032,
        "mean": 0.675078094006,
        "median": 0.294367343187,
        "min": 0,
        "var": 0.972309589386
    },
    "zerocrossingrate": {
        "dmean": 0.0150092924014,
        "dmean2": 0.0186734404415,
        "dvar": 0.00034871743992,
        "dvar2": 0.000480000278912,
        "max": 0.5107421875,
        "mean": 0.0589916333556,
        "median": 0.048828125,
        "min": 0.0009765625,
        "var": 0.00187569099944
    },
    "barkbands": {
        "dmean": [0.000622475636192, 0.0164258126169, 0.0135535066947, 0.00348317250609, 0.00210215873085, 0.000820547575131, 0.000493334489875, 0.000489124795422, 0.000474957400002, 0.0004838166642, 0.000599311664701, 0.000657592143398, 0.0003716237552, 0.000573649944272, 0.000356507633114, 0.000196255918127, 0.000191921179066, 0.000154983092216, 0.0001067732519, 0.00010625943105, 9.38018056331e-05, 8.67713824846e-05, 0.00015506229829, 0.000144846970215, 0.000179505615961, 0.000154383029439, 1.7685628336e-05],
        "dmean2": [0.000989042338915, 0.0287946183234, 0.0249617956579, 0.00640462944284, 0.00356211559847, 0.00143419427332, 0.000834433245473, 0.000780386617407, 0.000811029982287, 0.000802976894192, 0.000966798688751, 0.00111070240382, 0.000628145353403, 0.000998146599159, 0.000608475180343, 0.000340759317623, 0.000328273570631, 0.000249588250881, 0.000171936291736, 0.000175322958967, 0.00015580804029, 0.000133768000524, 0.000247108488111, 0.000235394851188, 0.000305282301269, 0.00026298474404, 2.96052894555e-05],
        "dvar": [1.23060544865e-06, 0.00102685077582, 0.00146267353557, 8.79666622495e-05, 2.39206929109e-05, 5.81130007049e-06, 1.29101385937e-06, 1.00778504475e-06, 8.33564854474e-07, 1.21657694763e-06, 1.99241594601e-06, 2.18243735617e-06, 1.22893504795e-06, 1.84465466191e-06, 7.68773020354e-07, 4.44190760618e-07, 6.37949312932e-07, 1.74883112436e-07, 6.29530205742e-08, 7.28097333536e-08, 5.35237738575e-08, 2.65188671023e-08, 1.11629653077e-07, 1.06792739984e-07, 2.32651885312e-07, 1.01008794218e-07, 2.22432228192e-09],
        "dvar2": [2.85368287223e-06, 0.00324697769247, 0.0041911713779, 0.000253800099017, 6.32282244624e-05, 1.66177051142e-05, 3.37250935445e-06, 2.37566655414e-06, 2.22307562581e-06, 2.87072839456e-06, 4.816227829e-06, 5.80059349886e-06, 3.0120536394e-06, 5.71361488255e-06, 2.20687434194e-06, 1.35095842779e-06, 1.88400019852e-06, 4.01591137233e-07, 1.66701539683e-07, 2.07230186788e-07, 1.45608751723e-07, 5.18614449163e-08, 2.68682583737e-07, 2.67942397159e-07, 6.10767131093e-07, 2.63970491687e-07, 6.01097394082e-09],
        "max": [0.0249470602721, 0.315513074398, 0.303008198738, 0.0977661088109, 0.123034097254, 0.0428749807179, 0.0154634909704, 0.0152817843482, 0.0151760131121, 0.0147136719897, 0.0175191015005, 0.0180753115565, 0.0370134525001, 0.0213351286948, 0.0196062382311, 0.0175097528845, 0.0218564663082, 0.0233532097191, 0.0054486002773, 0.00451252330095, 0.00334123778157, 0.00490008853376, 0.00668894685805, 0.00348766264506, 0.0033600574825, 0.002632093383, 0.000734582950827],
        "mean": [0.00109201460145, 0.0183682329953, 0.010789398104, 0.00278825568967, 0.00290555087849, 0.00100877822842, 0.000603874155786, 0.000596537429374, 0.000513455306645, 0.000523290364072, 0.000661788973957, 0.000674377661198, 0.0004094040778, 0.000632753653917, 0.000422487297328, 0.000258339452557, 0.000273695099168, 0.000234129474848, 0.00017162990116, 0.000154785200721, 0.00014201112208, 0.000159116709256, 0.000229154073168, 0.000192905441509, 0.000179865426617, 0.00016183948901, 2.83734098048e-05],
        "median": [0.000136130198371, 0.00688932836056, 0.00292234867811, 0.000806643161923, 0.00126286200248, 0.000364200328477, 0.000190164835658, 0.000192591498489, 0.000163005694048, 9.45643259911e-05, 0.000101775651274, 0.000113605346996, 7.59844406275e-05, 0.000140103453305, 0.000126354876556, 8.54953395901e-05, 9.52773843892e-05, 0.000106688341475, 8.50471988088e-05, 6.92000394338e-05, 6.93041074555e-05, 7.1585222031e-05, 7.10243766662e-05, 6.1597340391e-05, 3.67131942767e-05, 2.88106657536e-05, 9.77372656052e-06],
        "min": [1.1146296935e-23, 6.96089127273e-24, 1.02445878996e-23, 5.8642519466e-24, 1.17321500083e-23, 3.40500891904e-23, 5.07128320599e-23, 1.59750659972e-23, 2.18279216647e-23, 3.60381133348e-23, 4.27396697404e-23, 1.36107611963e-22, 6.58317804488e-23, 9.19759435124e-23, 7.78221317311e-23, 1.3656915239e-22, 1.86967027e-22, 1.55275392103e-22, 2.27186639558e-22, 2.67386814584e-22, 3.75063374651e-22, 4.99939652051e-22, 5.87960777099e-22, 7.74376510233e-22, 1.15902988389e-21, 1.38023617524e-21, 2.69102048103e-21],
        "var": [3.86027613786e-06, 0.00099384051282, 0.000881838495843, 5.31069599674e-05, 2.60492215602e-05, 4.46946387456e-06, 1.47198693412e-06, 1.39225585372e-06, 8.75956743585e-07, 1.63276547482e-06, 2.6392071959e-06, 2.51931874118e-06, 1.48767776409e-06, 2.09370273296e-06, 9.09177344965e-07, 5.65128914332e-07, 9.39438905334e-07, 2.58384659446e-07, 7.40392565035e-08, 6.93983608357e-08, 5.85351997984e-08, 7.69507124687e-08, 1.76454847178e-07, 1.23141944641e-07, 1.81492467277e-07, 9.92484814333e-08, 3.35142624763e-09]
    },
    "erbbands": {
        "dmean": [0.37169188261, 4.24389648438, 14.1865081787, 14.5106582642, 6.69830274582, 8.87516021729, 6.81629514694, 7.02019071579, 7.49547147751, 8.8334197998, 9.90293121338, 10.1989240646, 15.6382761002, 15.7382059097, 22.5344009399, 26.5684909821, 19.6892089844, 29.2906532288, 16.9601650238, 15.6995334625, 9.8159828186, 9.53610610962, 8.0412902832, 7.66414737701, 5.48380279541, 4.23708581924, 4.13962888718, 3.38182520866, 3.07049012184, 4.39354753494, 4.52165555954, 3.05868053436, 2.35510063171, 2.41644310951, 1.20904767513, 0.939895927906, 0.174515470862, 0.0249963514507, 0.00296049052849, 0.000184324919246],
        "dmean2": [0.654917836189, 7.45010852814, 25.873884201, 26.7140598297, 11.8787469864, 15.0000486374, 11.6056404114, 12.3016777039, 12.7685480118, 14.1748247147, 16.228427887, 17.2827091217, 26.0639514923, 25.8133201599, 36.7073669434, 44.5719718933, 33.1112136841, 50.2658729553, 29.1588230133, 26.9651069641, 16.9336528778, 16.0973262787, 12.9056282043, 12.3922357559, 8.83814620972, 6.99030399323, 6.96820831299, 5.50610971451, 4.71271514893, 7.09538507462, 7.13706588745, 4.86107206345, 3.84969878197, 4.1406083107, 2.05019855499, 1.60515248775, 0.290589988232, 0.0422151237726, 0.00498508429155, 0.000301822088659],
        "dvar": [0.388104081154, 76.5650863647, 1515.49816895, 1616.53845215, 252.551223755, 525.952148438, 356.323181152, 427.437011719, 321.666259766, 352.654022217, 399.416717529, 424.76083374, 1217.66210938, 1586.44970703, 3224.57836914, 3595.31762695, 2139.21533203, 4554.87255859, 1807.41174316, 1197.71118164, 928.494262695, 1919.7376709, 643.29864502, 379.841552734, 152.44354248, 126.235549927, 112.672416687, 66.2189407349, 33.5703849792, 76.9862823486, 96.9962844849, 44.1968536377, 28.5622577667, 43.1428871155, 9.06611824036, 3.95526313782, 0.146281868219, 0.00313967047259, 5.87248869124e-05, 2.58409926346e-07],
        "dvar2": [1.200309515, 236.277145386, 4293.47705078, 4647.90478516, 709.409423828, 1393.88952637, 979.046569824, 1223.68347168, 868.471862793, 862.907775879, 996.170166016, 1104.45080566, 2807.5480957, 3849.390625, 7871.88867188, 9415.56347656, 5521.08349609, 13479.4667969, 5330.72802734, 3757.19335938, 2842.70849609, 5427.08300781, 1362.04418945, 952.612060547, 416.215270996, 363.223846436, 323.393493652, 165.683456421, 67.2374572754, 192.235412598, 227.077407837, 103.343673706, 71.1357498169, 115.187591553, 23.4845352173, 10.3069820404, 0.368219256401, 0.00821085181087, 0.000155278219609, 6.9798795721e-07],
        "max": [7.28980016708, 84.5840835571, 303.336395264, 307.128204346, 317.581054688, 583.434143066, 354.113250732, 382.071807861, 296.814605713, 249.820587158, 302.497955322, 416.190429688, 458.810638428, 887.295593262, 827.871887207, 926.32623291, 1073.7791748, 1056.38806152, 1087.25354004, 593.088134766, 1136.39343262, 1489.32507324, 1592.59118652, 650.884399414, 181.055969238, 183.296691895, 146.301177979, 144.386444092, 157.475601196, 161.16104126, 228.829925537, 142.635803223, 38.9842948914, 44.9057197571, 20.6170978546, 17.6654720306, 3.62273836136, 0.850684523582, 0.106643326581, 0.00785769987851],
        "mean": [0.462582528591, 4.36488246918, 12.1948509216, 11.8637828827, 7.80092573166, 11.0498514175, 8.7180557251, 8.23129081726, 9.25481414795, 10.9697542191, 12.0318984985, 11.48295784, 16.5944690704, 18.0801315308, 25.3100662231, 28.6055393219, 22.162771225, 33.0406494141, 21.6701755524, 20.7535228729, 14.2068099976, 14.456785202, 12.6987457275, 11.4862480164, 8.52533245087, 6.57501792908, 5.95815324783, 5.41371440887, 5.4938621521, 6.48016500473, 6.59045553207, 4.57339572906, 2.91816067696, 2.35606050491, 1.25144255161, 0.959651827812, 0.184094309807, 0.0324501246214, 0.00477356696501, 0.000328461755998],
        "median": [0.164744287729, 1.4644947052, 3.58312129974, 3.89032268524, 3.93698239326, 3.57144498825, 2.98847055435, 2.81948232651, 3.01533603668, 3.74742889404, 4.22040176392, 3.82980632782, 3.20518779755, 3.57199025154, 4.63388442993, 5.28695678711, 4.89267063141, 7.84836578369, 7.20876979828, 6.97977542877, 5.47194576263, 5.49369239807, 5.64821529388, 5.09254455566, 4.0845618248, 3.13007807732, 2.77525782585, 2.68363595009, 2.6575293541, 2.32646131516, 2.04393339157, 1.46970975399, 0.851600885391, 0.495552480221, 0.26216802001, 0.13965511322, 0.0439680814743, 0.00953510217369, 0.00165284145623, 0.000147928891238],
        "min": [4.21889400678e-22, 1.09142008669e-21, 9.81107696219e-21, 1.89569488467e-20, 1.66828435503e-20, 6.67826529367e-20, 1.40207281849e-19, 3.22165135098e-19, 4.9562537484e-19, 9.09949131826e-19, 2.55104646411e-19, 5.11943166784e-19, 7.98194394432e-19, 1.56858218199e-18, 2.59639317738e-18, 5.72535873393e-18, 4.80521170592e-18, 4.13484427158e-18, 4.84872926436e-18, 8.41083616135e-18, 1.02782600871e-17, 9.72952004925e-18, 9.2174687803e-18, 8.82574251198e-18, 1.30760868397e-17, 1.2476199743e-17, 1.75183999352e-17, 1.19735096771e-17, 1.63417140071e-17, 1.95341729135e-17, 1.61971277992e-17, 1.62603789919e-17, 1.13291128188e-17, 1.1280773211e-17, 7.69220480622e-18, 4.12061304273e-18, 3.03688381076e-18, 1.18929236738e-18, 3.6222779276e-19, 3.92417422964e-20],
        "var": [0.513331413269, 66.6510009766, 971.853820801, 964.978942871, 194.895141602, 552.755065918, 320.853607178, 322.191833496, 335.70703125, 441.349395752, 501.593566895, 469.423156738, 1621.29492188, 2035.61669922, 4102.60351562, 4335.99902344, 2714.10839844, 5318.10986328, 2242.32421875, 1646.78552246, 1161.57800293, 2795.49487305, 905.897583008, 487.034851074, 168.848342896, 123.738983154, 109.640678406, 87.5593414307, 84.875289917, 125.724128723, 160.105804443, 76.5172271729, 29.1603984833, 32.3259086609, 7.5016336441, 3.86114645004, 0.14032740891, 0.00398507108912, 9.3218011898e-05, 3.92091493495e-07]
    },
    "gfcc": {
        "mean": [-9.11450862885, 75.4607772827, -88.2335891724, 31.6701717377, -38.6781654358, 19.2674484253, -30.1136074066, 7.29771661758, -19.140827179, 4.62960863113, -13.7718629837, 0.555316030979, -12.9526205063],
        "cov": [[13169.2011719, -3004.83862305, 1199.71459961, 1339.80969238, -255.757064819, 639.404724121, -497.360656738, 254.505905151, -83.3487319946, -9.42812633514, -355.422851562, 64.9850921631, -391.280609131], [-3004.83862305, 2279.32080078, -260.68862915, -263.95098877, 398.2159729, -231.328826904, 477.250061035, -98.3519515991, 68.3086395264, -90.721031189, 130.432785034, -86.434715271, 200.907897949], [1199.71459961, -260.68862915, 1309.67089844, 435.598510742, 72.4043731689, 66.9719390869, 12.7725944519, 91.4062805176, 62.0475997925, -78.5691375732, -98.7463989258, -46.1081123352, -78.3220901489], [1339.80969238, -263.95098877, 435.598510742, 591.300842285, 99.604675293, -12.6895952225, -45.4477500916, 13.6657524109, 93.8606872559, -21.4972877502, -19.9549312592, -6.22034072876, -38.310749054], [-255.757064819, 398.2159729, 72.4043731689, 99.604675293, 484.057098389, 67.3705062866, 74.7132797241, -23.5884418488, 33.0646095276, 55.3630828857, 26.0473499298, -27.8110847473, 32.1649436951], [639.404724121, -231.328826904, 66.9719390869, -12.6895952225, 67.3705062866, 369.873382568, 68.1875839233, -24.4484386444, -53.1679954529, 1.64465904236, 8.70402812958, 12.7793331146, -25.3205852509], [-497.360656738, 477.250061035, 12.7725944519, -45.4477500916, 74.7132797241, 68.1875839233, 370.926849365, 24.443365097, -48.2677268982, -47.5178070068, 42.8058624268, 4.43593549728, 85.316078186], [254.505905151, -98.3519515991, 91.4062805176, 13.6657524109, -23.5884418488, -24.4484386444, 24.443365097, 225.122451782, 37.1767425537, 6.21698188782, -71.5985870361, -6.76499605179, -9.63716220856], [-83.3487319946, 68.3086395264, 62.0475997925, 93.8606872559, 33.0646095276, -53.1679954529, -48.2677268982, 37.1767425537, 194.881622314, 17.7227706909, -2.28721427917, -21.0702342987, -8.17862701416], [-9.42812633514, -90.721031189, -78.5691375732, -21.4972877502, 55.3630828857, 1.64465904236, -47.5178070068, 6.21698188782, 17.7227706909, 179.350021362, 29.7716712952, -4.22648906708, -8.36744213104], [-355.422851562, 130.432785034, -98.7463989258, -19.9549312592, 26.0473499298, 8.70402812958, 42.8058624268, -71.5985870361, -2.28721427917, 29.7716712952, 143.132537842, 41.4379310608, 32.5532569885], [64.9850921631, -86.434715271, -46.1081123352, -6.22034072876, -27.8110847473, 12.7793331146, 4.43593549728, -6.76499605179, -21.0702342987, -4.22648906708, 41.4379310608, 121.922966003, 44.8536300659], [-391.280609131, 200.907897949, -78.3220901489, -38.310749054, 32.1649436951, -25.3205852509, 85.316078186, -9.63716220856, -8.17862701416, -8.36744213104, 32.5532569885, 44.8536300659, 113.551559448]],
        "icov": [[0.000157996633789, 7.68238314777e-05, 1.65814981301e-05, -0.000357202632586, 7.35477369744e-05, -0.000237924046814, 5.99181912548e-05, -0.000107563762867, 0.00016569987929, -3.73271395802e-05, 0.000220103611355, -0.000115621412988, 0.000163147793501], [7.68238314777e-05, 0.00144572660793, 3.71426758647e-05, 0.000641186255962, -0.00110575219151, 0.00113358302042, -0.00153194868471, 0.000628477544524, -0.000797506829258, 0.000887704605702, -0.000472578540212, 0.000999707146548, -0.000532357254997], [1.65814981301e-05, 3.71426758647e-05, 0.00114477716852, -0.000802685390227, -7.13152548997e-05, -0.000188530713785, -0.000218972127186, -0.000268708216026, -2.3358483304e-05, 0.000356489297701, 0.000428118539276, 8.55749603943e-05, 0.000498142733704], [-0.000357202632586, 0.000641186255962, -0.000802685390227, 0.0038290261291, -0.00132764922455, 0.00150634616148, -0.000880790874362, 0.000890362425707, -0.00178815121762, 0.000869940209668, -0.000885512621608, 0.000205189018743, -6.9678069849e-05], [7.35477369744e-05, -0.00110575219151, -7.13152548997e-05, -0.00132764922455, 0.00357349123806, -0.00167136464734, 0.000886628229637, -0.000247965217568, 0.000434863439295, -0.00174407975283, 0.000503177056089, 0.000106719875475, -0.000643009727355], [-0.000237924046814, 0.00113358302042, -0.000188530713785, 0.00150634616148, -0.00167136464734, 0.00477535603568, -0.00240200152621, 0.00127975735813, -0.000441733922344, 0.000641519145574, -0.000560656364542, -9.96918533929e-05, 0.00121985864826], [5.99181912548e-05, -0.00153194868471, -0.000218972127186, -0.000880790874362, 0.000886628229637, -0.00240200152621, 0.00621748156846, -0.00234732334502, 0.0021475860849, 0.00040496935253, -0.00139148952439, 0.000781996757723, -0.00291413720697], [-0.000107563762867, 0.000628477544524, -0.000268708216026, 0.000890362425707, -0.000247965217568, 0.00127975735813, -0.00234732334502, 0.00671311328188, -0.00205182679929, -0.000858548039105, 0.00345213944092, -0.00103917706292, 0.000531196827069], [0.00016569987929, -0.000797506829258, -2.3358483304e-05, -0.00178815121762, 0.000434863439295, -0.000441733922344, 0.0021475860849, -0.00205182679929, 0.00720599992201, -0.000690738728736, -0.000752693857066, 0.000776062021032, -0.000269438431133], [-3.73271395802e-05, 0.000887704605702, 0.000356489297701, 0.000869940209668, -0.00174407975283, 0.000641519145574, 0.00040496935253, -0.000858548039105, -0.000690738728736, 0.00750431139022, -0.00275627104566, 0.0014435161138, -0.000176698929863], [0.000220103611355, -0.000472578540212, 0.000428118539276, -0.000885512621608, 0.000503177056089, -0.000560656364542, -0.00139148952439, 0.00345213944092, -0.000752693857066, -0.00275627104566, 0.0119042526931, -0.00447017559782, 0.000757721252739], [-0.000115621412988, 0.000999707146548, 8.55749603943e-05, 0.000205189018743, 0.000106719875475, -9.96918533929e-05, 0.000781996757723, -0.00103917706292, 0.000776062021032, 0.0014435161138, -0.00447017559782, 0.0130504993722, -0.0064784004353], [0.000163147793501, -0.000532357254997, 0.000498142733704, -6.9678069849e-05, -0.000643009727355, 0.00121985864826, -0.00291413720697, 0.000531196827069, -0.000269438431133, -0.000176698929863, 0.000757721252739, -0.0064784004353, 0.0156288538128]]
    },
    "melbands": {
        "dmean": [0.0038673945237, 0.0065547642298, 0.00229385285638, 0.000495239801239, 0.000277012644801, 0.000157306480105, 0.000111112436571, 0.000100399760413, 8.24539092719e-05, 6.59307697788e-05, 7.98924011178e-05, 6.32331939414e-05, 7.2854818427e-05, 5.72238786845e-05, 7.90335107013e-05, 3.67686116078e-05, 6.24150197837e-05, 2.74725789495e-05, 3.07095251628e-05, 1.78768095793e-05, 1.16064256872e-05, 1.15701232062e-05, 7.58726218919e-06, 7.53298536438e-06, 6.53318375043e-06, 3.82226517104e-06, 4.38241477241e-06, 2.67079985861e-06, 2.66804022431e-06, 2.39913924815e-06, 1.99329633688e-06, 1.842622396e-06, 1.81620646345e-06, 2.74660033028e-06, 2.82135670204e-06, 2.20512401938e-06, 1.77704748694e-06, 1.40411168559e-06, 2.24374070967e-06, 2.03400281862e-06],
        "dmean2": [0.00682510482147, 0.0117311673239, 0.00419352483004, 0.000853229081258, 0.000463369564386, 0.000274481571978, 0.000189098500414, 0.000159786359291, 0.000135670110467, 0.000112769426778, 0.000133382360218, 0.000104444487079, 0.000118320087495, 9.48550950852e-05, 0.000133761350298, 6.23582091066e-05, 0.000107796229713, 4.76213826914e-05, 5.20687317476e-05, 3.11673320539e-05, 2.01406965061e-05, 1.97918561753e-05, 1.22956134874e-05, 1.22602705233e-05, 1.05840763354e-05, 6.29891428616e-06, 7.1122767622e-06, 4.53618258689e-06, 4.54366909253e-06, 4.05611626775e-06, 3.20612662108e-06, 2.82209202851e-06, 2.84642237602e-06, 4.49340495834e-06, 4.49189246865e-06, 3.54138001057e-06, 2.80498124994e-06, 2.26443012252e-06, 3.79786229132e-06, 3.5337970985e-06],
        "dvar": [5.04647687194e-05, 0.000265018403297, 3.91907306039e-05, 1.32642549033e-06, 5.42441284779e-07, 2.10196503758e-07, 6.83211354158e-08, 4.55634818763e-08, 2.56691041756e-08, 1.79755588192e-08, 3.22855342461e-08, 2.49013023534e-08, 2.97802849047e-08, 1.45327598844e-08, 3.99592074984e-08, 1.62468793974e-08, 2.25026308698e-08, 6.52640164134e-09, 6.7365668599e-09, 3.75503583783e-09, 1.91408622285e-09, 3.48700801567e-09, 5.12338560466e-10, 3.77833847542e-10, 2.84568146824e-10, 9.54615761439e-11, 9.05356969949e-11, 5.63513055662e-11, 5.39565718494e-11, 3.11912301543e-11, 2.03478327937e-11, 1.22946002337e-11, 1.30276822316e-11, 3.22016198429e-11, 3.67916010158e-11, 2.32320482296e-11, 1.36900100631e-11, 8.34558030322e-12, 3.27125410093e-11, 3.25642013355e-11],
        "dvar2": [0.000160932671861, 0.000745305675082, 0.000112475485366, 3.58934607902e-06, 1.43465956626e-06, 6.01902456765e-07, 1.84222770372e-07, 1.09456216535e-07, 6.44160849106e-08, 4.69081413712e-08, 7.49626849483e-08, 6.09500503401e-08, 7.32060172481e-08, 3.6467810105e-08, 1.08648713137e-07, 4.05922655489e-08, 6.7629713385e-08, 1.95762872579e-08, 1.94263609643e-08, 1.16046683374e-08, 5.65252422646e-09, 9.89812409813e-09, 1.15924980726e-09, 9.57927959178e-10, 6.85634937714e-10, 2.64531230254e-10, 2.44189918286e-10, 1.61199095738e-10, 1.58519350424e-10, 8.36270774851e-11, 4.78943065763e-11, 2.3925887313e-11, 2.65220033435e-11, 8.38421970739e-11, 8.60652868417e-11, 5.39296766966e-11, 3.12889332499e-11, 2.04095820105e-11, 8.51961348691e-11, 8.79136208276e-11],
        "max": [0.0688989087939, 0.139961391687, 0.0480055771768, 0.0305940434337, 0.012175148353, 0.00821872986853, 0.00413466710597, 0.00307356519625, 0.00231301831082, 0.00233804178424, 0.00227857800201, 0.00338698341511, 0.00261587486602, 0.00225278921425, 0.00253658392467, 0.00376644358039, 0.00239908974618, 0.00157149590086, 0.00147774466313, 0.0016891232226, 0.00165876769461, 0.00194423866924, 0.00127328187227, 0.000822324247565, 0.000589370378293, 0.000151354819536, 0.00014371125144, 0.000119799224194, 0.000108110085421, 7.96387757873e-05, 9.80871263891e-05, 9.6751631645e-05, 0.000125094680698, 8.52625453263e-05, 0.000140879332321, 0.000114038441097, 8.22846413939e-05, 2.39694763877e-05, 3.86214487662e-05, 3.97982730647e-05],
        "mean": [0.0047302483581, 0.00639629783109, 0.00197029323317, 0.000651432550512, 0.00036631632247, 0.000190049031517, 0.000137094655656, 0.000123449572129, 9.8696895293e-05, 7.09187879693e-05, 8.26649993542e-05, 6.98687072145e-05, 8.08229233371e-05, 6.33796516922e-05, 8.15817911644e-05, 3.85939201806e-05, 6.76240088069e-05, 3.26947192661e-05, 3.55895390385e-05, 2.26241991186e-05, 1.53429155034e-05, 1.6214500647e-05, 1.17384315672e-05, 1.0844123608e-05, 9.2560385383e-06, 5.75526155444e-06, 6.17316800344e-06, 3.94092285205e-06, 3.6508897665e-06, 3.43001647707e-06, 3.07501068164e-06, 3.09269444188e-06, 3.09511824526e-06, 3.72448289454e-06, 3.83322685593e-06, 3.36866560247e-06, 2.59364423982e-06, 1.84711620932e-06, 2.26316046792e-06, 1.90120226762e-06],
        "median": [0.00188075355254, 0.00210757134482, 0.000737898284569, 0.000286529713776, 0.000118435404147, 6.59009383526e-05, 4.35466863564e-05, 4.00112694479e-05, 3.33902135026e-05, 2.18227796722e-05, 1.40907932291e-05, 1.18462085084e-05, 1.29400141304e-05, 1.3965591279e-05, 1.08452313725e-05, 7.06988748789e-06, 1.42782791954e-05, 9.94053516479e-06, 1.00210781966e-05, 6.46873741061e-06, 5.510979463e-06, 5.36813331564e-06, 4.73641512144e-06, 4.67910740554e-06, 3.75162562705e-06, 2.68127905656e-06, 2.61659351963e-06, 1.71965928075e-06, 1.63734364378e-06, 1.57466593009e-06, 1.46746833707e-06, 1.44652176459e-06, 1.28914302877e-06, 1.23350332615e-06, 1.1855026969e-06, 1.0112524933e-06, 8.06407001619e-07, 5.94827611167e-07, 5.03619787651e-07, 3.6852628682e-07],
        "min": [3.77187254843e-24, 3.75261527044e-24, 2.92734508179e-24, 3.01691491276e-24, 4.34824233035e-24, 7.18497667919e-24, 8.6999974583e-24, 8.71831875283e-24, 2.11831517259e-24, 3.25371044613e-24, 3.80681514223e-24, 6.0026832304e-24, 5.96648279789e-24, 1.82353986152e-23, 8.51795281606e-24, 5.18324292105e-24, 7.48965921547e-24, 8.4212723901e-24, 4.61393068322e-24, 1.17621448665e-23, 9.3869832885e-24, 9.57226383817e-24, 1.03105232606e-23, 7.07230525382e-24, 6.79217522435e-24, 9.68921956712e-24, 9.39208485197e-24, 7.69607808196e-24, 9.20374115541e-24, 8.11648651304e-24, 6.73383264952e-24, 7.95385810426e-24, 1.25617216583e-23, 1.0105908519e-23, 9.14303357559e-24, 8.3042290976e-24, 1.08807521548e-23, 7.51946711364e-24, 8.56270883952e-24, 9.97499231864e-24],
        "var": [5.61464657949e-05, 0.000193353916984, 2.37006188399e-05, 1.33492699206e-06, 5.55031419935e-07, 1.6108823786e-07, 7.19597395005e-08, 5.940387382e-08, 3.22583950663e-08, 1.9205369739e-08, 4.26067394699e-08, 3.14350252495e-08, 3.86921783502e-08, 1.83075918869e-08, 4.53935378175e-08, 1.89701836462e-08, 2.4902579554e-08, 7.35091409965e-09, 7.53246265361e-09, 4.9502086874e-09, 2.04082062361e-09, 4.86654627707e-09, 7.62753027406e-10, 5.12618336668e-10, 3.5998670711e-10, 9.50374154374e-11, 9.93357826551e-11, 5.28401211675e-11, 4.79934529618e-11, 3.3825310608e-11, 3.05964420466e-11, 2.8555383752e-11, 3.49971336633e-11, 4.19020408648e-11, 5.72616710992e-11, 4.22561083346e-11, 2.44277272021e-11, 9.9693161712e-12, 2.64056883997e-11, 2.33565684155e-11]
    },
    "mfcc": {
        "mean": [-661.890136719, 112.301811218, 14.9731645584, 24.8449840546, 15.043551445, 14.6875066757, 4.97433567047, 7.26660680771, 0.937178194523, 5.21411418915, 3.26183700562, 1.13723242283, 0.266593247652],
        "cov": [[9147.16894531, -1737.21374512, 542.744018555, 310.232818604, 408.181610107, 185.574508667, -205.903121948, 173.553024292, -69.9598388672, 114.389770508, -18.7706375122, -135.708297729, -142.229888916], [-1737.21374512, 1858.17932129, -340.701568604, 92.3313293457, -81.373878479, 67.7782669067, 258.536071777, 61.9406890869, 158.497406006, -26.5690078735, 24.235250473, 49.0239257812, 66.5049209595], [542.744018555, -340.701568604, 1078.79956055, 251.041137695, 127.046905518, 21.3167419434, -16.7803211212, 109.479873657, 34.3808898926, 81.7075958252, 4.93648004532, -74.7847137451, -49.3408088684], [310.232818604, 92.3313293457, 251.041137695, 582.254089355, 174.140319824, -13.1440095901, -51.4817810059, 36.2781486511, 52.1871147156, 45.0833778381, 30.1259021759, -8.38761138916, -5.32628059387], [408.181610107, -81.373878479, 127.046905518, 174.140319824, 403.676696777, 103.603645325, -54.0364494324, -10.436085701, 20.4211158752, 60.170135498, 52.9295692444, -4.53087282181, -6.73100948334], [185.574508667, 67.7782669067, 21.3167419434, -13.1440095901, 103.603645325, 321.083404541, 133.691375732, 16.3534793854, -15.8897771835, -18.394033432, 7.80853557587, 22.4796276093, 24.9946327209], [-205.903121948, 258.536071777, -16.7803211212, -51.4817810059, -54.0364494324, 133.691375732, 320.086303711, 71.5959396362, 25.8817100525, -21.9902000427, -13.9636564255, 6.02728891373, 18.2582550049], [173.553024292, 61.9406890869, 109.479873657, 36.2781486511, -10.436085701, 16.3534793854, 71.5959396362, 200.001373291, 72.7833938599, -4.34866285324, -19.8363990784, -7.81973028183, -2.34495830536], [-69.9598388672, 158.497406006, 34.3808898926, 52.1871147156, 20.4211158752, -15.8897771835, 25.8817100525, 72.7833938599, 162.608917236, 56.5577659607, 15.3989009857, -13.042804718, -4.2703704834], [114.389770508, -26.5690078735, 81.7075958252, 45.0833778381, 60.170135498, -18.394033432, -21.9902000427, -4.34866285324, 56.5577659607, 136.956283569, 64.2972488403, -20.1431427002, -25.5056495667], [-18.7706375122, 24.235250473, 4.93648004532, 30.1259021759, 52.9295692444, 7.80853557587, -13.9636564255, -19.8363990784, 15.3989009857, 64.2972488403, 96.7483978271, 21.1858654022, -2.5886349678], [-135.708297729, 49.0239257812, -74.7847137451, -8.38761138916, -4.53087282181, 22.4796276093, 6.02728891373, -7.81973028183, -13.042804718, -20.1431427002, 21.1858654022, 98.0812454224, 44.0442085266], [-142.229888916, 66.5049209595, -49.3408088684, -5.32628059387, -6.73100948334, 24.9946327209, 18.2582550049, -2.34495830536, -4.2703704834, -25.5056495667, -2.5886349678, 44.0442085266, 87.5033721924]],
