{
"lowlevel": {
    "average_loudness": 0.0579732693732,
    "barkbands_crest": {
        "dmean": 2.57112216949,
        "dmean2": 3.98563694954,
        "dvar": 5.60020446777,
        "dvar2": 13.8348779678,
        "max": 26.2356529236,
        "mean": 14.8492965698,
        "median": 14.3330745697,
        "min": 4.12298345566,
        "var": 21.4336929321
    },
    "barkbands_flatness_db": {
        "dmean": 0.0377221666276,
        "dmean2": 0.0582477375865,
        "dvar": 0.00233138957992,
        "dvar2": 0.00528786936775,
        "max": 0.641937494278,
        "mean": 0.397286176682,
        "median": 0.408328264952,
        "min": 0.0619744807482,
        "var": 0.00756999384612
    },
    "barkbands_kurtosis": {
        "dmean": 5.30940532684,
        "dmean2": 8.55936050415,
        "dvar": 80.2863006592,
        "dvar2": 212.608856201,
        "max": 146.884094238,
        "mean": 8.75308990479,
        "median": 4.08673191071,
        "min": -1.87310421467,
        "var": 187.461151123
    },
    "barkbands_skewness": {
        "dmean": 0.705282747746,
        "dmean2": 1.08199393749,
        "dvar": 0.608958959579,
        "dvar2": 1.44654476643,
        "max": 10.311715126,
        "mean": 0.915952920914,
        "median": 0.988524377346,
        "min": -9.45061397552,
        "var": 2.899777174
    },
    "barkbands_spread": {
        "dmean": 2.12529587746,
        "dmean2": 3.76431131363,
        "dvar": 19.2051677704,
        "dvar2": 56.1694869995,
        "max": 57.3824691772,
        "mean": 3.72417283058,
        "median": 2.5792953968,
        "min": 0.150559738278,
        "var": 17.7887020111
    },
    "dissonance": {
        "dmean": 0.0493599884212,
        "dmean2": 0.0829181969166,
        "dvar": 0.00218328181654,
        "dvar2": 0.00583800626919,
        "max": 0.500000059605,
        "mean": 0.394313693047,
        "median": 0.402162522078,
        "min": 0.0870311483741,
        "var": 0.00526256253943
    },
    "dynamic_complexity": 6.31168222427,
    "erbbands_crest": {
        "dmean": 3.06371831894,
        "dmean2": 4.77752351761,
        "dvar": 7.93163251877,
        "dvar2": 19.5073451996,
        "max": 33.9425964355,
        "mean": 17.2434768677,
        "median": 16.588924408,
        "min": 3.31800460815,
        "var": 31.5250244141
    },
    "erbbands_flatness_db": {
        "dmean": 0.0338967181742,
        "dmean2": 0.0524096414447,
        "dvar": 0.00233374768868,
        "dvar2": 0.0054216873832,
        "max": 0.643849790096,
        "mean": 0.465235561132,
        "median": 0.477755069733,
        "min": 0.0939535871148,
        "var": 0.00618997449055
    },
    "erbbands_kurtosis": {
        "dmean": 3.63440465927,
        "dmean2": 5.97323131561,
        "dvar": 33.7103424072,
        "dvar2": 98.1654968262,
        "max": 105.436653137,
        "mean": 5.56881856918,
        "median": 2.68469429016,
        "min": -1.86066913605,
        "var": 71.0004882812
    },
    "erbbands_skewness": {
        "dmean": 0.606818854809,
        "dmean2": 0.962823450565,
        "dvar": 0.463356643915,
        "dvar2": 1.31332695484,
        "max": 6.59307956696,
        "mean": 1.01330053806,
        "median": 0.973852992058,
        "min": -3.91966462135,
        "var": 1.52931654453
    },
    "erbbands_spread": {
        "dmean": 3.63376116753,
        "dmean2": 6.45331001282,
        "dvar": 50.0394515991,
        "dvar2": 147.978805542,
        "max": 76.0480041504,
        "mean": 6.74422645569,
        "median": 4.61568784714,
        "min": 0.31921222806,
        "var": 48.6055412292
    },
    "hfc": {
        "dmean": 4.09805679321,
        "dmean2": 6.30750513077,
        "dvar": 52.193649292,
        "dvar2": 129.324630737,
        "max": 213.076477051,
        "mean": 15.0958709717,
        "median": 7.70231580734,
        "min": 1.19040144288e-16,
        "var": 474.131713867
    },
    "melbands_crest": {
        "dmean": 2.88648700714,
        "dmean2": 4.36465501785,
        "dvar": 7.47686100006,
        "dvar2": 16.5749378204,
        "max": 34.7968330383,
        "mean": 17.5782985687,
        "median": 16.8831882477,
        "min": 2.40381669998,
        "var": 31.1406860352
    },
    "melbands_flatness_db": {
        "dmean": 0.0444652959704,
        "dmean2": 0.0693204030395,
        "dvar": 0.00364171690308,
        "dvar2": 0.00869553815573,
        "max": 0.715156555176,
        "mean": 0.438887268305,
        "median": 0.454837709665,
        "min": 0.00589040433988,
        "var": 0.0113803260028
    },
    "melbands_kurtosis": {
        "dmean": 4.9671998024,
        "dmean2": 7.99183654785,
        "dvar": 54.5519371033,
        "dvar2": 146.007476807,
        "max": 134.256118774,
        "mean": 8.65254306793,
        "median": 4.92567825317,
        "min": -1.81620240211,
        "var": 128.797851562
    },
    "melbands_skewness": {
        "dmean": 0.757104098797,
        "dmean2": 1.19305145741,
        "dvar": 0.718275487423,
        "dvar2": 1.82548987865,
        "max": 8.5787563324,
        "mean": 0.967007815838,
        "median": 1.07655525208,
        "min": -6.87206220627,
        "var": 2.95536804199
    },
    "melbands_spread": {
        "dmean": 3.68763804436,
        "dmean2": 6.52855682373,
        "dvar": 76.8477172852,
        "dvar2": 224.36088562,
        "max": 147.214996338,
        "mean": 6.61014080048,
        "median": 4.64268255234,
        "min": 0.331542670727,
        "var": 69.563079834
    },
    "pitch_salience": {
        "dmean": 0.0615847706795,
        "dmean2": 0.0957199335098,
        "dvar": 0.00372033636086,
        "dvar2": 0.00911540258676,
        "max": 0.98195117712,
        "mean": 0.456664770842,
        "median": 0.44868901372,
        "min": 0.0916049182415,
        "var": 0.012286413461
    },
    "silence_rate_20dB": {
        "dmean": 0,
        "dmean2": 0,
        "dvar": 0,
        "dvar2": 0,
        "max": 1,
        "mean": 1,
        "median": 1,
        "min": 1,
        "var": 0
    },
    "silence_rate_30dB": {
        "dmean": 0.00419744802639,
        "dmean2": 0.00839560106397,
        "dvar": 0.00418019574136,
        "dvar2": 0.00933155883104,
        "max": 1,
        "mean": 0.991353988647,
        "median": 1,
        "min": 0,
        "var": 0.00857212115079
    },
    "silence_rate_60dB": {
        "dmean": 0.0320685021579,
        "dmean2": 0.0641423910856,
        "dvar": 0.0310398321599,
        "dvar2": 0.0694280192256,
        "max": 1,
        "mean": 0.236296489835,
        "median": 0,
        "min": 0,
        "var": 0.180425584316
    },
    "spectral_centroid": {
        "dmean": 217.202651978,
        "dmean2": 389.218505859,
        "dvar": 210838.546875,
        "dvar2": 640847.5625,
        "max": 11099.8085938,
        "mean": 1004.49157715,
        "median": 866.591430664,
        "min": 443.438140869,
        "var": 269553.3125
    },
    "spectral_complexity": {
        "dmean": 1.19425785542,
        "dmean2": 2.05222058296,
        "dvar": 2.44022369385,
        "dvar2": 6.48752355576,
        "max": 24,
        "mean": 6.64652061462,
        "median": 7,
        "min": 0,
        "var": 12.235786438
    },
    "spectral_decrease": {
        "dmean": 8.80954642568e-10,
        "dmean2": 1.19118215292e-09,
        "dvar": 1.81341502881e-18,
        "dvar2": 2.93301039855e-18,
        "max": 4.69533505147e-29,
        "mean": -3.93515131591e-09,
        "median": -2.40216913028e-09,
        "min": -5.72089291495e-08,
        "var": 2.40825578606e-17
    },
    "spectral_energy": {
        "dmean": 0.00365165504627,
        "dmean2": 0.00499298935756,
        "dvar": 3.07018672174e-05,
        "dvar2": 5.02831426274e-05,
        "max": 0.235246181488,
        "mean": 0.0162213463336,
        "median": 0.0098115131259,
        "min": 1.06200709104e-20,
        "var": 0.000416637398303
    },
    "spectral_energyband_high": {
        "dmean": 0.000134013898787,
        "dmean2": 0.000256791652646,
        "dvar": 3.09695707301e-07,
        "dvar2": 9.11710230866e-07,
        "max": 0.0089198211208,
        "mean": 7.93857689132e-05,
        "median": 5.67202732782e-07,
        "min": 7.64443567514e-21,
        "var": 1.84520743574e-07
    },
    "spectral_energyband_low": {
        "dmean": 3.09700976686e-06,
        "dmean2": 5.14401835972e-06,
        "dvar": 5.76266083463e-11,
        "dvar2": 1.50806589438e-10,
        "max": 0.000136238872074,
        "mean": 5.60111129744e-06,
        "median": 4.73645371812e-07,
        "min": 5.60136744204e-23,
        "var": 1.63216731797e-10
    },
    "spectral_energyband_middle_high": {
        "dmean": 0.00209993845783,
        "dmean2": 0.00272609014064,
        "dvar": 1.42017734106e-05,
        "dvar2": 2.12472023122e-05,
        "max": 0.153165608644,
        "mean": 0.00907099898905,
        "median": 0.0028773189988,
        "min": 1.40450895829e-21,
        "var": 0.000257683364907
    },
    "spectral_energyband_middle_low": {
        "dmean": 0.00249547697604,
        "dmean2": 0.00341067719273,
        "dvar": 1.86950310308e-05,
        "dvar2": 3.15049583151e-05,
        "max": 0.150621935725,
        "mean": 0.00809286721051,
        "median": 0.0041166190058,
        "min": 3.53938310698e-22,
        "var": 0.000116837400128
    },
    "spectral_entropy": {
        "dmean": 0.340582877398,
        "dmean2": 0.546376168728,
        "dvar": 0.258701264858,
        "dvar2": 0.620674073696,
        "max": 9.81168556213,
        "mean": 5.7225522995,
        "median": 5.56517505646,
        "min": 4.11760520935,
        "var": 0.518122792244
    },
    "spectral_flux": {
        "dmean": 0.0132244834676,
        "dmean2": 0.0218725427985,
        "dvar": 0.000240194844082,
        "dvar2": 0.000590029580053,
        "max": 0.177138835192,
        "mean": 0.036281734705,
        "median": 0.0317185334861,
        "min": 1.03053725276e-10,
        "var": 0.000654764706269
    },
    "spectral_kurtosis": {
        "dmean": 27.7771339417,
        "dmean2": 46.8964729309,
        "dvar": 814.0390625,
        "dvar2": 2092.28735352,
        "max": 363.972503662,
        "mean": 73.5365753174,
        "median": 59.9361839294,
        "min": -1.22163403034,
        "var": 3693.75170898
    },
    "spectral_rms": {
        "dmean": 0.000425753300078,
        "dmean2": 0.000596189231146,
        "dvar": 2.22440675657e-07,
        "dvar2": 4.35531831044e-07,
        "max": 0.0151495365426,
        "mean": 0.00333094457164,
        "median": 0.00309389852919,
        "min": 3.21885768907e-12,
        "var": 4.73053069072e-06
    },
    "spectral_rolloff": {
        "dmean": 299.971130371,
        "dmean2": 568.133178711,
        "dvar": 703805.0625,
        "dvar2": 2002085.875,
        "max": 19315.2832031,
        "mean": 1199.29919434,
        "median": 1033.59375,
        "min": 409.130859375,
        "var": 751346.625
    },
    "spectral_skewness": {
        "dmean": 1.69852781296,
        "dmean2": 2.91947340965,
        "dvar": 2.38456177711,
        "dvar2": 5.93917512894,
        "max": 15.0233774185,
        "mean": 5.53017139435,
        "median": 5.32694959641,
        "min": 0.0102202557027,
        "var": 8.32307910919
    },
    "spectral_spread": {
        "dmean": 521549.8125,
        "dmean2": 879308.375,
        "dvar": 788609171456,
        "dvar2": 1.51063468442e+12,
        "max": 41428544,
        "mean": 1466915,
        "median": 1156313.375,
        "min": 204678.78125,
        "var": 1.49248763494e+12
    },
    "spectral_strongpeak": {
        "dmean": 0.52051192522,
        "dmean2": 0.781996011734,
        "dvar": 0.501420021057,
        "dvar2": 1.03961455822,
        "max": 18.1790161133,
        "mean": 2.39022994041,
        "median": 1.77953350544,
        "min": 0,
        "var": 5.11183214188
    },
    "zerocrossingrate": {
        "dmean": 0.00346047617495,
        "dmean2": 0.00456211529672,
        "dvar": 4.36326263298e-05,
        "dvar2": 6.44104293315e-05,
        "max": 0.515625,
        "mean": 0.0430972054601,
        "median": 0.0400390625,
        "min": 0.017578125,
        "var": 0.000295424368232
    },
    "barkbands": {
        "dmean": [9.31412728278e-07, 1.50344203576e-06, 1.19967330647e-06, 6.42562838493e-07, 8.88887643669e-06, 0.000117156232591, 0.000484245480038, 0.000871878757607, 0.000837907136884, 0.00119565310888, 0.000946441723499, 0.000518723914865, 0.000123004589113, 0.000128718776978, 0.000157037909958, 1.10288883661e-05, 1.61241641763e-05, 2.02364117285e-05, 0.000201375776669, 5.77002028876e-05, 2.13929233723e-05, 2.03561721719e-05, 4.83848125441e-05, 1.24323323689e-05, 4.42161081082e-06, 2.17095021071e-06, 4.85522377858e-07],
        "dmean2": [1.51676624682e-06, 2.59608373199e-06, 1.90186619875e-06, 1.10766234229e-06, 1.34577567223e-05, 0.000171632549609, 0.000705764454324, 0.00133512727916, 0.00113056774717, 0.0015162373893, 0.00119190372061, 0.000636954267975, 0.000153396526002, 0.000181847135536, 0.000184405071195, 1.83005813597e-05, 2.48487285717e-05, 3.20299477607e-05, 0.000393918337068, 0.000113142326882, 4.18062663812e-05, 3.78107542929e-05, 9.42968399613e-05, 2.38600223383e-05, 8.2949636635e-06, 4.02492969442e-06, 9.17985744309e-07],
        "dvar": [3.83984901167e-12, 2.21624819191e-11, 1.73719996721e-11, 5.76371068928e-12, 7.1697608961e-10, 8.18130772018e-08, 1.79013522938e-06, 3.64524339602e-06, 4.1020084609e-06, 1.24743555716e-05, 4.41619567937e-06, 2.95816380458e-06, 1.46874370444e-07, 1.60266623084e-07, 1.11265023861e-06, 1.14824083575e-09, 1.31747519561e-08, 2.16960600596e-08, 4.62773499521e-07, 5.35314548245e-08, 1.07686251027e-08, 1.73626197864e-08, 4.00301942705e-08, 4.51162129878e-09, 1.06623287977e-09, 5.83491976958e-10, 6.84443265953e-11],
        "dvar2": [1.05021746508e-11, 6.06039801676e-11, 4.19996502854e-11, 1.74523191038e-11, 1.75057102147e-09, 1.67549515595e-07, 3.93052687286e-06, 8.48448689794e-06, 6.69654582452e-06, 1.80138904398e-05, 6.82379550199e-06, 3.37696178576e-06, 1.48147634604e-07, 2.30486577379e-07, 1.29499949253e-06, 3.16756443297e-09, 2.190410342e-08, 3.70125512461e-08, 1.58049033416e-06, 1.70331574623e-07, 3.28029159391e-08, 4.13068228511e-08, 1.20739500176e-07, 1.27848363007e-08, 3.02080827019e-09, 1.6439651862e-09, 1.9881209179e-10],
        "max": [3.80367855541e-05, 9.12705872906e-05, 8.91470554052e-05, 0.000102143014374, 0.00068924651714, 0.0114034954458, 0.0641135945916, 0.0398431196809, 0.0417754761875, 0.140387296677, 0.101336561143, 0.0845601707697, 0.0284030716866, 0.0190272256732, 0.0550879575312, 0.000692400732078, 0.00863388925791, 0.00966957397759, 0.00401834631339, 0.00191218301188, 0.00250152871013, 0.0030663642101, 0.00294591067359, 0.00224023545161, 0.000837211264297, 0.000553166784812, 0.000406633364037],
        "mean": [1.29429122353e-06, 2.29404349739e-06, 1.99355577024e-06, 1.75668674274e-06, 2.53644902841e-05, 0.000340740196407, 0.00107331795152, 0.00193922803737, 0.00268657691777, 0.00301476707682, 0.00300645222887, 0.00266460212879, 0.000424669182394, 0.000356215023203, 0.000356056465534, 1.87577570614e-05, 4.69264232379e-05, 4.59181464976e-05, 0.000116908631753, 3.27736088366e-05, 1.20733329823e-05, 1.40198308145e-05, 2.75811980828e-05, 6.90481556376e-06, 2.62416756414e-06, 1.27087071178e-06, 2.7658367685e-07],
        "median": [2.26942290737e-07, 1.52517301899e-07, 1.18438023833e-08, 1.348091061e-08, 7.3971511938e-07, 1.64816447068e-05, 6.95201742928e-05, 0.000294135767035, 0.000327759742504, 0.000338123645633, 0.000575330515858, 0.000197931803996, 3.63177241525e-05, 4.25688522228e-05, 1.88118247024e-05, 4.55733879789e-06, 4.29133206126e-06, 2.06970366889e-06, 1.6337356783e-06, 5.6047116459e-07, 1.90858358451e-07, 3.33602940827e-08, 1.15513421051e-08, 5.51775780622e-09, 3.26209148582e-09, 1.6086156851e-09, 6.80267675524e-10],
        "min": [3.42764717598e-24, 2.89970059521e-23, 2.20365020101e-24, 8.50366654507e-24, 2.74818124124e-23, 2.04343310336e-23, 4.79258779896e-23, 2.93725416083e-23, 5.19434456057e-23, 5.65334138501e-23, 8.00586533716e-23, 8.0379833356e-23, 6.74823488307e-23, 5.52054895784e-23, 1.06291572753e-22, 8.80660017673e-23, 1.04477583946e-22, 2.56126298478e-22, 2.21283082223e-22, 1.80653072667e-22, 4.79226007459e-22, 3.29603201328e-22, 6.19404898999e-22, 8.33506141053e-22, 1.20118438924e-21, 1.71606110359e-21, 2.02097591208e-21],
        "var": [6.72042022726e-12, 3.2065312211e-11, 4.339737944e-11, 4.51650418454e-11, 4.4971208979e-09, 6.58316594127e-07, 7.79031961429e-06, 1.35426316774e-05, 3.30671427946e-05, 6.02116488153e-05, 5.286825035e-05, 8.35397877381e-05, 2.68197754849e-06, 1.47278490203e-06, 5.42373163626e-06, 1.41658562658e-09, 1.56489335268e-07, 2.05049531132e-07, 2.57098577094e-07, 2.84475962786e-08, 5.79436099102e-09, 1.50892542905e-08, 2.32329000482e-08, 2.68576472173e-09, 6.50035525407e-10, 3.47144257784e-10, 3.75591606427e-11]
    },
    "erbbands": {
        "dmean": [7.41813346394e-05, 0.000286228518235, 0.00120198074728, 0.00187573919538, 0.0109554454684, 0.0291349124163, 0.157397285104, 1.20350515842, 4.56354522705, 13.0357084274, 17.2484817505, 20.2995891571, 45.4029541016, 31.658033371, 20.7914295197, 23.596364975, 6.67292451859, 6.66121292114, 4.90507316589, 5.53545665741, 0.789843142033, 0.913917779922, 1.22147083282, 3.98281598091, 10.6216526031, 3.02785825729, 1.4940751791, 0.526781916618, 0.725960195065, 1.40470945835, 1.12072825432, 0.472172647715, 0.112614825368, 0.0469271540642, 0.0299319569021, 0.0125480927527, 0.00390218454413, 0.000776419648901, 7.31626496417e-05, 7.73884949012e-06],
        "dmean2": [0.000130166561576, 0.000497371249367, 0.00187518412713, 0.00337615795434, 0.0138668371364, 0.0448814705014, 0.24407966435, 1.8475382328, 6.7896232605, 19.969707489, 25.1362476349, 27.0276107788, 57.1950721741, 40.5333747864, 26.2517910004, 28.0693035126, 8.31165027618, 9.62884902954, 6.17946624756, 6.44221591949, 1.2005866766, 1.41154158115, 1.8745765686, 7.73305273056, 20.8019657135, 5.93475294113, 2.91913747787, 1.02434635162, 1.37292706966, 2.70003294945, 2.17112278938, 0.903135240078, 0.217169672251, 0.0905888825655, 0.0550006702542, 0.02297472395, 0.00727214291692, 0.00146704888903, 0.000136623362778, 1.24984499053e-05],
        "dvar": [4.96170429187e-08, 7.65156812577e-07, 1.55262750923e-05, 4.90270431328e-05, 0.00100153195672, 0.00854674447328, 0.219051063061, 8.41261196136, 116.783912659, 985.84362793, 1452.015625, 2808.44897461, 17934.6601562, 5576.83349609, 1768.57116699, 7571.69921875, 293.384490967, 351.714477539, 548.575622559, 1635.62597656, 5.63182926178, 62.815486908, 103.442001343, 216.487518311, 1330.71032715, 139.820770264, 45.6976165771, 11.3039979935, 16.9513893127, 37.5444335938, 22.8605690002, 5.69034957886, 0.29131731391, 0.0822330489755, 0.0624884404242, 0.0160465613008, 0.00248176488094, 0.000156805443112, 1.32805848807e-06, 2.39413600056e-09],
        "dvar2": [1.35337387519e-07, 2.15589625441e-06, 3.58438628609e-05, 0.000165691948496, 0.00156297103968, 0.0212544649839, 0.523558676243, 20.3962402344, 289.870880127, 2414.31542969, 2881.15869141, 4491.08105469, 25361.296875, 9356.33984375, 2650.6640625, 8440.19433594, 322.648803711, 591.403076172, 664.368408203, 1885.26623535, 12.948595047, 104.423477173, 173.561080933, 730.554260254, 4551.61425781, 451.988494873, 138.27784729, 35.5710487366, 42.6142082214, 107.181526184, 66.6672821045, 16.1161937714, 0.849364697933, 0.244005978107, 0.170793384314, 0.0448898784816, 0.00696122506633, 0.000451055791928, 3.81958125217e-06, 6.86753809376e-09],
        "max": [0.00432987138629, 0.0220767166466, 0.0958098843694, 0.201545625925, 1.83904397488, 1.81410837173, 15.8078231812, 98.9331893921, 415.357971191, 938.114135742, 1011.20007324, 1047.77856445, 5417.64208984, 3024.05908203, 1681.4744873, 4357.28955078, 1080.00915527, 774.663452148, 1464.68933105, 2159.07006836, 66.6921234131, 599.308959961, 675.729492188, 111.726455688, 250.58833313, 96.6715621948, 59.660736084, 154.418121338, 149.40864563, 97.9195785522, 88.7610931396, 75.011505127, 12.5656309128, 8.97946071625, 6.54322481155, 2.87892174721, 1.79319036007, 0.491758525372, 0.0680085271597, 0.00240771682002],
        "mean": [7.61505725677e-05, 0.000500169582665, 0.00225299573503, 0.00437231967226, 0.0386592075229, 0.0851433351636, 0.456823885441, 3.19655990601, 11.1807451248, 29.0639953613, 44.6568031311, 68.3113632202, 116.158126831, 93.4113693237, 80.2399215698, 131.522171021, 27.8475799561, 21.2494506836, 14.2223415375, 12.4560966492, 1.6967689991, 2.91669869423, 3.18702149391, 2.54257631302, 6.11470794678, 1.73161709309, 0.834090292454, 0.312590628862, 0.469668239355, 0.853791952133, 0.644976973534, 0.263612568378, 0.0627635121346, 0.0264504421502, 0.0185044631362, 0.00757115287706, 0.0022657730151, 0.000444945879281, 4.9796904932e-05, 2.1241232389e-05],
        "median": [9.34918807616e-06, 1.39275098263e-05, 2.52943882515e-05, 0.000104885366454, 0.000942298211157, 0.00570786837488, 0.045530449599, 0.135438799858, 1.00420403481, 5.0517449379, 8.09548282623, 10.9682474136, 18.1321105957, 24.0110454559, 16.663848877, 9.52148723602, 3.45487499237, 2.65018725395, 1.95124566555, 1.10472798347, 0.515475809574, 0.295630425215, 0.174304902554, 0.105084106326, 0.0615835636854, 0.0277814120054, 0.0101139526814, 0.00691926432773, 0.00184392044321, 0.000727224862203, 0.000310671137413, 0.000153295477503, 9.32055481826e-05, 5.55556907784e-05, 3.16296391247e-05, 1.70025286934e-05, 7.33949309506e-06, 1.86986005701e-06, 5.59290265301e-06, 1.17907484309e-05],
        "min": [1.34509735703e-21, 1.62356934602e-21, 2.84464403626e-21, 1.83841181946e-20, 8.24815845353e-20, 5.73892286746e-20, 1.89984516646e-19, 1.90602640283e-19, 8.84674524812e-19, 9.52855300392e-19, 6.6040316498e-19, 9.82155898845e-19, 2.26678279638e-18, 1.96328464616e-18, 3.9059075614e-18, 2.71050501762e-18, 3.09713543979e-18, 3.59460020581e-18, 3.26659600277e-18, 4.41822435532e-18, 5.62976188412e-18, 5.24890973213e-18, 1.41653290236e-17, 9.2989435891e-18, 1.08455984538e-17, 9.64380014955e-18, 1.29244108666e-17, 1.60525895676e-17, 9.37237241207e-18, 1.81054946837e-17, 1.68705140291e-17, 1.57361929833e-17, 1.49502919921e-17, 1.39294882505e-17, 8.79886741388e-18, 4.95363437759e-18, 3.28015328622e-18, 1.20130416725e-18, 2.47453380841e-19, 3.2967221921e-20],
        "var": [4.49959429716e-08, 1.83186921277e-06, 5.09642595716e-05, 0.000208646422834, 0.017730301246, 0.0477545149624, 2.09400439262, 52.1061134338, 531.049804688, 3362.76464844, 8037.80322266, 23834.7910156, 82415.46875, 52642.265625, 22435.0234375, 217938.78125, 5755.27636719, 4007.47680664, 4445.79199219, 8107.52539062, 16.6962184906, 754.290710449, 995.67010498, 122.180717468, 738.969299316, 74.8268737793, 24.0730476379, 6.59063959122, 13.6115379333, 25.2633152008, 13.9603252411, 3.41058278084, 0.16652494669, 0.0465007722378, 0.0405495502055, 0.00976948719472, 0.00148691039067, 8.8276945462e-05, 7.48647380533e-07, 1.97467331375e-09]
    },
    "gfcc": {
        "mean": [-260.497802734, 118.977661133, -216.418746948, -88.8430252075, -59.0800170898, -11.4397306442, -4.71887731552, 3.02688765526, -6.76715707779, -3.96083283424, 4.05757331848, -1.3221732378, 3.66211915016],
        "cov": [[15148.3388672, -254.735565186, -648.889038086, 1910.5090332, -964.401794434, -509.033447266, 30.2687892914, -32.9539871216, -99.0488128662, -143.663406372, 177.942550659, -205.813339233, 12.1075725555], [-254.735565186, 4177.21435547, 741.155639648, -1716.07470703, 656.774536133, -1673.22680664, -1028.30712891, -366.309020996, 459.199920654, -103.78540802, -111.040161133, -55.4937896729, 300.055023193], [-648.889038086, 741.155639648, 1169.49121094, 240.718399048, 436.622741699, 278.956268311, -378.48526001, -295.097137451, -321.163848877, -195.466125488, -133.544647217, -35.445980072, -81.0338287354], [1910.5090332, -1716.07470703, 240.718399048, 2296.49243164, -53.9217453003, 1019.65185547, 304.96182251, -332.380126953, -843.359985352, -217.98059082, 77.2765197754, 45.4482498169, -109.956924438], [-964.401794434, 656.774536133, 436.622741699, -53.9217453003, 923.523742676, 475.721679688, -115.189826965, -389.876922607, -339.740783691, -211.590576172, -166.205444336, 0.672924399376, 36.4829330444], [-509.033447266, -1673.22680664, 278.956268311, 1019.65185547, 475.721679688, 1768.03967285, 587.694580078, -152.962738037, -644.743225098, -198.381637573, -107.502494812, -75.8014221191, -262.726501465], [30.2687892914, -1028.30712891, -378.48526001, 304.96182251, -115.189826965, 587.694580078, 682.72668457, 208.493255615, -106.628547668, -10.2662324905, 20.321182251, -26.888715744, -87.4887237549], [-32.9539871216, -366.309020996, -295.097137451, -332.380126953, -389.876922607, -152.962738037, 208.493255615, 503.904144287, 402.608428955, 130.546234131, 28.298406601, -45.3903083801, -84.463760376], [-99.0488128662, 459.199920654, -321.163848877, -843.359985352, -339.740783691, -644.743225098, -106.628547668, 402.608428955, 704.785339355, 268.627868652, 31.551908493, -55.046333313, -19.6348762512], [-143.663406372, -103.78540802, -195.466125488, -217.98059082, -211.590576172, -198.381637573, -10.2662324905, 130.546234131, 268.627868652, 270.431884766, 122.486564636, -14.142074585, -52.4354705811], [177.942550659, -111.040161133, -133.544647217, 77.2765197754, -166.205444336, -107.502494812, 20.321182251, 28.298406601, 31.551908493, 122.486564636, 221.869522095, 59.6346817017, -32.510093689], [-205.813339233, -55.4937896729, -35.445980072, 45.4482498169, 0.672924399376, -75.8014221191, -26.888715744, -45.3903083801, -55.046333313, -14.142074585, 59.6346817017, 170.495376587, 100.182182312], [12.1075725555, 300.055023193, -81.0338287354, -109.956924438, 36.4829330444, -262.726501465, -87.4887237549, -84.463760376, -19.6348762512, -52.4354705811, -32.510093689, 100.182182312, 249.609664917]],
        "icov": [[0.00010452450806, -0.000140886040754, 0.000174720975338, -0.00018778667436, 0.00017693056725, -0.000102642938145, 8.59805077198e-05, -2.12117665797e-05, -5.51963275939e-05, 0.000109292137495, 1.0594088053e-05, 0.000115159651614, 1.12618386083e-06], [-0.000140886040754, 0.00340909534134, -0.00268530892208, 0.00106256513391, -0.00287625356577, 0.00349569693208, -0.00183375063352, 0.00352784153074, -0.00387327698991, 0.00419487990439, -0.00374384014867, 0.00337179051712, -0.00110846245661], [0.000174720975338, -0.00268530892208, 0.00399636011571, -0.000915482814889, 0.00196237536147, -0.00295497942716, 0.00307885813527, -0.00336890667677, 0.00394925614819, -0.00293989339843, 0.00344643881544, -0.00257018092088, 0.00182921881787], [-0.00018778667436, 0.00106256513391, -0.000915482814889, 0.00168898387346, -0.000144138044561, 0.0005674517015, -0.000382109545171, 0.00109187851194, 0.000419802585384, 0.000870415766258, -0.00113784801215, 0.000665758678224, -0.00016702945868], [0.00017693056725, -0.00287625356577, 0.00196237536147, -0.000144138044561, 0.00553484726697, -0.00414525857195, 0.00166934588924, -0.00044881834765, 0.00246481387876, -0.00216898717918, 0.00343469344079, -0.0029716915451, 0.000662003469188], [-0.000102642938145, 0.00349569693208, -0.00295497942716, 0.0005674517015, -0.00414525857195, 0.00608256785199, -0.00347495032474, 0.00289919320494, -0.00236991001293, 0.00305456412025, -0.00241596414708, 0.00307230954058, 0.000772104365751], [8.59805077198e-05, -0.00183375063352, 0.00307885813527, -0.000382109545171, 0.00166934588924, -0.00347495032474, 0.00589485606179, -0.00494297593832, 0.00425380421802, -0.00242030248046, 0.00169179739896, -0.00111927650869, 1.91232211364e-05], [-2.12117665797e-05, 0.00352784153074, -0.00336890667677, 0.00109187851194, -0.00044881834765, 0.00289919320494, -0.00494297593832, 0.0130680333823, -0.0110111953691, 0.00818029977381, -0.00442902231589, 0.00271086581051, 0.000141541779158], [-5.51963275939e-05, -0.00387327698991, 0.00394925614819, 0.000419802585384, 0.00246481387876, -0.00236991001293, 0.00425380421802, -0.0110111953691, 0.0161749627441, -0.0119606032968, 0.00770218390971, -0.00376290036365, 0.00230923341587], [0.000109292137495, 0.00419487990439, -0.00293989339843, 0.000870415766258, -0.00216898717918, 0.00305456412025, -0.00242030248046, 0.00818029977381, -0.0119606032968, 0.0171632617712, -0.0105213336647, 0.00575339375064, -0.00118193903472], [1.0594088053e-05, -0.00374384014867, 0.00344643881544, -0.00113784801215, 0.00343469344079, -0.00241596414708, 0.00169179739896, -0.00442902231589, 0.00770218390971, -0.0105213336647, 0.0146487131715, -0.00858410447836, 0.00491573568434], [0.000115159651614, 0.00337179051712, -0.00257018092088, 0.000665758678224, -0.0029716915451, 0.00307230954058, -0.00111927650869, 0.00271086581051, -0.00376290036365, 0.00575339375064, -0.00858410447836, 0.0143127888441, -0.00635673850775], [1.12618386083e-06, -0.00110846245661, 0.00182921881787, -0.00016702945868, 0.000662003469188, 0.000772104365751, 1.91232211364e-05, 0.000141541779158, 0.00230923341587, -0.00118193903472, 0.00491573568434, -0.00635673850775, 0.0097543746233]]
    },
    "melbands": {
        "dmean": [5.45295335996e-07, 5.26065832673e-07, 4.55302512137e-07, 1.22194126106e-06, 4.27701297667e-06, 3.14485769195e-05, 7.86209711805e-05, 0.00016040794435, 0.000138742107083, 0.000135766531457, 0.000226086762268, 0.000118512456538, 8.34572929307e-05, 6.32738083368e-05, 3.62607534043e-05, 1.28667788886e-05, 1.34798274303e-05, 6.09610060565e-06, 1.58474449563e-05, 1.17159970614e-06, 8.34873844724e-07, 1.03743252566e-06, 9.78301613941e-07, 8.46022146561e-07, 2.80099743577e-06, 1.04960890894e-05, 3.91393450627e-06, 1.58318505328e-06, 1.08523556719e-06, 4.44942401145e-07, 2.68564775752e-07, 4.27157488048e-07, 4.27708101824e-07, 1.00183103768e-06, 6.74635771247e-07, 4.92299250254e-07, 1.96652081286e-07, 6.97088040624e-08, 5.77392924583e-08, 3.27589084748e-08],
        "dmean2": [9.33294984407e-07, 8.466838608e-07, 6.88423313022e-07, 1.82001133453e-06, 6.64394292471e-06, 4.89093872602e-05, 0.000113292902824, 0.00024763084366, 0.000201419446967, 0.000178957576281, 0.000285924528725, 0.000152579756104, 0.000105399267341, 7.70474143792e-05, 4.62759744551e-05, 1.49998850247e-05, 2.00604281417e-05, 7.85679640103e-06, 1.82897929335e-05, 1.69661768723e-06, 1.33271566938e-06, 1.59746400641e-06, 1.44454384099e-06, 1.38329107813e-06, 5.44204203834e-06, 2.05544456549e-05, 7.67841083871e-06, 3.09834308609e-06, 2.11851738641e-06, 8.69578570928e-07, 5.22175412243e-07, 8.18497142063e-07, 7.70159203967e-07, 1.95384677681e-06, 1.30973387513e-06, 9.54960910349e-07, 3.74166887696e-07, 1.3502848617e-07, 1.1175240644e-07, 6.3328158717e-08],
        "dvar": [2.48384169135e-12, 2.45889159728e-12, 2.14375305702e-12, 1.09360792991e-11, 1.67875310875e-10, 6.15376105628e-09, 3.75965747423e-08, 1.35229441867e-07, 1.02790686185e-07, 1.29136111582e-07, 4.47616088195e-07, 7.7160741796e-08, 2.87883423766e-08, 3.52320981278e-08, 1.39792319942e-08, 2.60424393161e-09, 1.56750068481e-09, 8.21035406329e-10, 1.38182834064e-08, 1.28246892273e-11, 7.06868678174e-12, 9.58975954202e-11, 5.9515205264e-11, 3.2168320091e-11, 1.14610550217e-10, 1.33490929421e-09, 2.74655548305e-10, 4.35081311256e-11, 2.46319544622e-11, 5.18946864647e-12, 4.9741261457e-12, 5.84600727202e-12, 1.54221913018e-11, 1.81703575797e-11, 9.22754667815e-12, 5.1970667353e-12, 1.69423080166e-12, 1.38399071392e-13, 7.86622015355e-14, 6.9837913935e-14],
        "dvar2": [6.63756679828e-12, 5.90885630355e-12, 4.81087218673e-12, 2.42453019467e-11, 4.05231209699e-10, 1.552178297e-08, 8.02798183486e-08, 3.35049350042e-07, 1.98455879286e-07, 2.04579606589e-07, 6.36748438865e-07, 1.31078408572e-07, 4.33433804403e-08, 4.07110611889e-08, 1.71182605868e-08, 2.3696791196e-09, 2.80350609394e-09, 8.67874105914e-10, 1.59921214049e-08, 2.01610395045e-11, 1.89653986959e-11, 1.56512580674e-10, 1.01524372242e-10, 5.60737636879e-11, 3.84404147402e-10, 4.56246684877e-09, 9.36488664394e-10, 1.36085837044e-10, 7.40413841349e-11, 1.57220226421e-11, 1.56773361654e-11, 1.5797523012e-11, 3.4446143854e-11, 5.64586918883e-11, 2.68589421537e-11, 1.51649786478e-11, 4.583235267e-12, 4.09923641255e-13, 2.33678663442e-13, 2.07691313149e-13],
        "max": [2.99810562865e-05, 3.89925298805e-05, 7.03846162651e-05, 0.000119404670841, 0.000410825654399, 0.00251933839172, 0.00938420835882, 0.0110106896609, 0.00912163499743, 0.00746575882658, 0.0269474368542, 0.0110273445025, 0.00813133455813, 0.00913821719587, 0.00695121474564, 0.00392101565376, 0.0012640528148, 0.00189393514302, 0.00622495822608, 0.000176013374585, 6.48483983241e-05, 0.000756126304623, 0.000496734341141, 0.000368920475012, 8.42519439175e-05, 0.000226788542932, 0.00014695484424, 5.88905750192e-05, 4.72461506433e-05, 2.67078921752e-05, 0.000112416237243, 9.00610684766e-05, 9.83009958873e-05, 6.41408041702e-05, 4.89189951622e-05, 3.27770067088e-05, 5.74202094867e-05, 8.10196434031e-06, 5.35718663741e-06, 1.15703796837e-05],
        "mean": [7.23668676983e-07, 1.0051113577e-06, 1.64213452081e-06, 3.94851349483e-06, 1.20505928862e-05, 8.02750219009e-05, 0.000191596831428, 0.000353243900463, 0.000353261450073, 0.000449645041954, 0.000565729627851, 0.000347940891515, 0.000289394898573, 0.000316613557516, 0.000177348600118, 5.02226030221e-05, 3.69297595171e-05, 1.7018217477e-05, 3.50266782334e-05, 2.40543408836e-06, 1.51915992319e-06, 3.34740775543e-06, 2.70448254014e-06, 1.79393259714e-06, 1.71705971752e-06, 6.0097804635e-06, 2.24560449169e-06, 9.02735450836e-07, 6.0175057115e-07, 2.51949074936e-07, 1.6194250918e-07, 2.54043840187e-07, 3.21100799283e-07, 5.73640875245e-07, 3.92474959199e-07, 2.70937704272e-07, 1.1113291265e-07, 3.87831669002e-08, 3.20421484901e-08, 1.84859025865e-08],
        "median": [9.89204735902e-08, 1.02797423907e-08, 1.54198200875e-08, 7.96046606411e-08, 4.44996203441e-07, 2.80391577689e-06, 1.19804471979e-05, 5.41228291695e-05, 4.68905018352e-05, 6.11716095591e-05, 7.33256965759e-05, 7.95976593508e-05, 5.64448455407e-05, 2.41155212279e-05, 7.89249224908e-06, 2.98673626276e-06, 3.78936260859e-06, 2.27184705182e-06, 1.55120892487e-06, 5.32024557742e-07, 3.81453588716e-07, 2.54924401588e-07, 1.37357986318e-07, 9.78272751695e-08, 6.12773831676e-08, 4.34662226212e-08, 2.56679300037e-08, 1.18096323831e-08, 5.20035836615e-09, 4.75707739866e-09, 2.43360931407e-09, 9.47038114596e-10, 4.02372135611e-10, 3.05860892169e-10, 1.62237140389e-10, 1.08571159008e-10, 6.57573440144e-11, 5.28982656289e-11, 4.40639157107e-11, 3.01813643522e-11],
        "min": [1.08992982747e-23, 1.44329685536e-24, 3.37206995305e-24, 6.97134289086e-24, 5.39911273561e-24, 3.70735240385e-24, 1.39321292451e-23, 1.09523949245e-23, 4.66883855767e-24, 6.50554813646e-24, 1.14859031324e-23, 7.40896268917e-24, 1.19093021352e-23, 1.15467132642e-23, 5.04709065641e-24, 5.63501054527e-24, 5.55448086305e-24, 3.86032633844e-24, 7.53423616751e-24, 4.64989287974e-24, 6.65813592364e-24, 5.35658484978e-24, 7.70233690438e-24, 1.47280204787e-23, 6.39796210292e-24, 8.56734339734e-24, 5.962401626e-24, 5.90156388413e-24, 7.14878531858e-24, 1.19410364317e-23, 8.26657597773e-24, 4.11142865318e-24, 8.26753838803e-24, 1.10170633749e-23, 9.51652529319e-24, 9.75384384133e-24, 8.78485995904e-24, 1.05262585744e-23, 9.9231049926e-24, 1.23626186878e-23],
        "var": [2.8759147841e-12, 9.16804999973e-12, 3.38311566261e-11, 1.20588358743e-10, 1.48094636554e-09, 3.60099434715e-08, 1.90851707771e-07, 4.44844943104e-07, 5.96546328779e-07, 1.08983988412e-06, 2.05908554562e-06, 7.21317405805e-07, 3.81233149938e-07, 9.44404234815e-07, 3.73954321731e-07, 5.14778619731e-08, 1.35099664789e-08, 6.55528609173e-09, 6.6781815633e-08, 5.88839046967e-11, 1.07652714867e-11, 1.18188736575e-09, 5.65146762721e-10, 2.93227025994e-10, 6.28458327046e-11, 7.38834493585e-10, 1.50619919315e-10, 2.29869838442e-11, 1.29618243222e-11, 2.73668674527e-12, 2.99149225357e-12, 4.20206838075e-12, 1.42928342772e-11, 1.02434762062e-11, 5.80860186339e-12, 2.8777837318e-12, 1.10879979243e-12, 7.58767099715e-14, 4.36995715493e-14, 3.92868348259e-14]
    },
    "mfcc": {
        "mean": [-863.848144531, 144.257461548, -75.2090988159, -68.6770248413, -44.4735565186, -22.8865604401, -1.72483599186, 3.20662045479, -0.102474883199, 4.49008703232, 2.53932595253, 2.23739957809, 6.76479005814],
        "cov": [[8244.71484375, 1168.13671875, -1162.66809082, 622.880554199, -609.244689941, -648.596618652, -325.213531494, -35.2527313232, -164.275482178, 241.412689209, -3.64415359497, 17.0295238495, 205.941116333], [1168.13671875, 3645.43481445, -228.506210327, -685.97064209, 68.8519210815, -977.113342285, -1140.14782715, -577.765808105, 231.878509521, -268.351318359, -74.3382415771, 108.162727356, -54.9368438721], [-1162.66809082, -228.506210327, 1266.50085449, 288.034088135, 451.238677979, 530.634338379, 70.350112915, -18.7442111969, -184.525817871, -157.073699951, -185.471893311, -161.716842651, -101.022926331], [622.880554199, -685.97064209, 288.034088135, 848.440917969, 217.385620117, 347.773284912, 367.156982422, 39.1202163696, -317.065612793, -146.907302856, -154.7840271, -134.572052002, -53.9176368713], [-609.244689941, 68.8519210815, 451.238677979, 217.385620117, 684.046936035, 723.087402344, 278.646972656, -51.6050415039, -245.692703247, -293.407684326, -222.62399292, -225.203887939, -196.207336426], [-648.596618652, -977.113342285, 530.634338379, 347.773284912, 723.087402344, 1530.85498047, 1047.93188477, 291.27444458, -343.556762695, -196.866516113, -198.37512207, -365.313079834, -255.448898315], [-325.213531494, -1140.14782715, 70.350112915, 367.156982422, 278.646972656, 1047.93188477, 1169.85180664, 472.388061523, -229.49786377, -80.8044662476, -105.220306396, -236.353744507, -172.283599854], [-35.2527313232, -577.765808105, -18.7442111969, 39.1202163696, -51.6050415039, 291.27444458, 472.388061523, 440.442993164, 103.310287476, 79.4913787842, 18.9070987701, -75.2090835571, -50.3581314087], [-164.275482178, 231.878509521, -184.525817871, -317.065612793, -245.692703247, -343.556762695, -229.49786377, 103.310287476, 416.0519104, 233.541748047, 128.339874268, 86.6619110107, 0.181529417634], [241.412689209, -268.351318359, -157.073699951, -146.907302856, -293.407684326, -196.866516113, -80.8044662476, 79.4913787842, 233.541748047, 425.956390381, 264.742004395, 99.9256439209, 64.7276000977], [-3.64415359497, -74.3382415771, -185.471893311, -154.7840271, -222.62399292, -198.37512207, -105.220306396, 18.9070987701, 128.339874268, 264.742004395, 377.587982178, 232.516036987, 60.9994812012], [17.0295238495, 108.162727356, -161.716842651, -134.572052002, -225.203887939, -365.313079834, -236.353744507, -75.2090835571, 86.6619110107, 99.9256439209, 232.516036987, 346.198638916, 164.631607056], [205.941116333, -54.9368438721, -101.022926331, -53.9176368713, -196.207336426, -255.448898315, -172.283599854, -50.3581314087, 0.181529417634, 64.7276000977, 60.9994812012, 164.631607056, 276.819549561]],
