{
"lowlevel": {
    "average_loudness": 0.945247709751,
    "barkbands_crest": {
        "dmean": 2.68946123123,
        "dmean2": 4.62276268005,
        "dvar": 6.56703138351,
        "dvar2": 20.0191268921,
        "max": 23.2061634064,
        "mean": 9.49255657196,
        "median": 8.71935844421,
        "min": 2.72515320778,
        "var": 13.1539478302
    },
    "barkbands_flatness_db": {
        "dmean": 0.0259569305927,
        "dmean2": 0.0377937108278,
        "dvar": 0.000649292895105,
        "dvar2": 0.00131863274146,
        "max": 0.449099719524,
        "mean": 0.134549275041,
        "median": 0.121293872595,
        "min": 0.0280275978148,
        "var": 0.00341792916879
    },
    "barkbands_kurtosis": {
        "dmean": 2.79728007317,
        "dmean2": 4.45861387253,
        "dvar": 13.3517475128,
        "dvar2": 32.1797676086,
        "max": 69.5824356079,
        "mean": 4.89204645157,
        "median": 2.70491933823,
        "min": -1.65499186516,
        "var": 40.356262207
    },
    "barkbands_skewness": {
        "dmean": 0.490410298109,
        "dmean2": 0.79632216692,
        "dvar": 0.215387001634,
        "dvar2": 0.545675337315,
        "max": 6.55016469955,
        "mean": 1.79960894585,
        "median": 1.70498514175,
        "min": -2.22741508484,
        "var": 1.05264365673
    },
    "barkbands_spread": {
        "dmean": 6.50467061996,
        "dmean2": 9.68921947479,
        "dvar": 43.2145271301,
        "dvar2": 94.0408477783,
        "max": 65.6044692993,
        "mean": 21.5954589844,
        "median": 20.71144104,
        "min": 0.955837130547,
        "var": 136.774673462
    },
    "dissonance": {
        "dmean": 0.01733545959,
        "dmean2": 0.0292255803943,
        "dvar": 0.000279026746284,
        "dvar2": 0.00075437646592,
        "max": 0.499998301268,
        "mean": 0.454288899899,
        "median": 0.459366798401,
        "min": 0.216011166573,
        "var": 0.000776053697336
    },
    "dynamic_complexity": 1.45012319088,
    "erbbands_crest": {
        "dmean": 1.90054810047,
        "dmean2": 3.19150471687,
        "dvar": 3.53606057167,
        "dvar2": 10.3403663635,
        "max": 28.1161499023,
        "mean": 8.28433322906,
        "median": 7.5352678299,
        "min": 2.508477211,
        "var": 11.6833457947
    },
    "erbbands_flatness_db": {
        "dmean": 0.0257552489638,
        "dmean2": 0.0339271649718,
        "dvar": 0.000720112642739,
        "dvar2": 0.00136412249412,
        "max": 0.40817964077,
        "mean": 0.152876213193,
        "median": 0.137025400996,
        "min": 0.0554644726217,
        "var": 0.00341123854741
    },
    "erbbands_kurtosis": {
        "dmean": 0.910920500755,
        "dmean2": 1.42622840405,
        "dvar": 2.50406432152,
        "dvar2": 5.86731147766,
        "max": 42.1807899475,
        "mean": 0.298486799002,
        "median": -0.558691859245,
        "min": -1.79298686981,
        "var": 6.08368825912
    },
    "erbbands_skewness": {
        "dmean": 0.326490014791,
        "dmean2": 0.515842676163,
        "dvar": 0.103948548436,
        "dvar2": 0.26477342844,
        "max": 5.39386892319,
        "mean": 0.679002225399,
        "median": 0.566998004913,
        "min": -1.3128862381,
        "var": 0.537050485611
    },
    "erbbands_spread": {
        "dmean": 11.2790689468,
        "dmean2": 16.2263755798,
        "dvar": 151.457946777,
        "dvar2": 309.951019287,
        "max": 129.998596191,
        "mean": 44.9422950745,
        "median": 42.1909446716,
        "min": 2.9956099987,
        "var": 349.575317383
    },
    "hfc": {
        "dmean": 8.13119411469,
        "dmean2": 11.8470420837,
        "dvar": 73.3332138062,
        "dvar2": 161.752502441,
        "max": 93.7440490723,
        "mean": 25.4130077362,
        "median": 22.7840385437,
        "min": 1.06880741484e-16,
        "var": 224.622116089
    },
    "melbands_crest": {
        "dmean": 3.47344064713,
        "dmean2": 5.92169809341,
        "dvar": 10.8384923935,
        "dvar2": 29.8002490997,
        "max": 30.0837173462,
        "mean": 13.1115608215,
        "median": 12.3046703339,
        "min": 1.61898756027,
        "var": 24.1565494537
    },
    "melbands_flatness_db": {
        "dmean": 0.0302914753556,
        "dmean2": 0.0439281351864,
        "dvar": 0.000881501066033,
        "dvar2": 0.00178533990402,
        "max": 0.555807411671,
        "mean": 0.197304099798,
        "median": 0.190956354141,
        "min": 0.00341648282483,
        "var": 0.00555580668151
    },
    "melbands_kurtosis": {
        "dmean": 6.12787103653,
        "dmean2": 9.93393325806,
        "dvar": 57.3330307007,
        "dvar2": 139.430084229,
        "max": 107.181518555,
        "mean": 13.6651878357,
        "median": 10.3367776871,
        "min": -1.42455339432,
        "var": 139.208938599
    },
    "melbands_skewness": {
        "dmean": 0.686025202274,
        "dmean2": 1.09865403175,
        "dvar": 0.475147545338,
        "dvar2": 1.091116786,
        "max": 7.79884767532,
        "mean": 2.7826654911,
        "median": 2.64164495468,
        "min": -0.869828641415,
        "var": 1.35226881504
    },
    "melbands_spread": {
        "dmean": 5.91398382187,
        "dmean2": 9.53402614594,
        "dvar": 36.4670295715,
        "dvar2": 90.7669754028,
        "max": 169.285797119,
        "mean": 21.5657958984,
        "median": 17.9939002991,
        "min": 1.24821031094,
        "var": 354.745391846
    },
    "pitch_salience": {
        "dmean": 0.0574438162148,
        "dmean2": 0.0961008146405,
        "dvar": 0.00285425689071,
        "dvar2": 0.00805253908038,
        "max": 0.968159496784,
        "mean": 0.584991872311,
        "median": 0.585178494453,
        "min": 0.264530032873,
        "var": 0.0068207453005
    },
    "silence_rate_20dB": {
        "dmean": 0,
        "dmean2": 0,
        "dvar": 0,
        "dvar2": 0,
        "max": 1,
        "mean": 1,
        "median": 1,
        "min": 1,
        "var": 0
    },
    "silence_rate_30dB": {
        "dmean": 0.0073054227978,
        "dmean2": 0.0146122146398,
        "dvar": 0.0072520901449,
        "dvar2": 0.0215175841004,
        "max": 1,
        "mean": 0.996253967285,
        "median": 1,
        "min": 0,
        "var": 0.00373194366693
    },
    "silence_rate_60dB": {
        "dmean": 0.000187318539247,
        "dmean2": 0.00037467214861,
        "dvar": 0.000187283454579,
        "dvar2": 0.000374514929717,
        "max": 1,
        "mean": 0.0372728966177,
        "median": 0,
        "min": 0,
        "var": 0.0358834452927
    },
    "spectral_centroid": {
        "dmean": 215.498962402,
        "dmean2": 342.711853027,
        "dvar": 53556.0898438,
        "dvar2": 113670.945312,
        "max": 11769.5058594,
        "mean": 1290.17016602,
        "median": 1127.7980957,
        "min": 275.242645264,
        "var": 1850406
    },
    "spectral_complexity": {
        "dmean": 2.74309253693,
        "dmean2": 4.21487426758,
        "dvar": 9.17352676392,
        "dvar2": 18.4729671478,
        "max": 53,
        "mean": 17.8689823151,
        "median": 18,
        "min": 0,
        "var": 48.6250572205
    },
    "spectral_decrease": {
        "dmean": 2.48886378174e-09,
        "dmean2": 4.09319689254e-09,
        "dvar": 1.40997468359e-17,
        "dvar2": 3.33201089318e-17,
        "max": 1.70791130431e-28,
        "mean": -8.20521695033e-09,
        "median": -6.48311360152e-09,
        "min": -3.93234529383e-08,
        "var": 3.10359787104e-17
    },
    "spectral_energy": {
        "dmean": 0.00978943891823,
        "dmean2": 0.0160652864724,
        "dvar": 0.000211516467971,
        "dvar2": 0.000500092457514,
        "max": 0.153984710574,
        "mean": 0.0332734547555,
        "median": 0.0269707720727,
        "min": 1.00145585461e-20,
        "var": 0.000468645244837
    },
    "spectral_energyband_high": {
        "dmean": 0.00078897428466,
        "dmean2": 0.00113663799129,
        "dvar": 8.4062918404e-07,
        "dvar2": 1.85746830539e-06,
        "max": 0.00899894256145,
        "mean": 0.00121603463776,
        "median": 0.000645166728646,
        "min": 6.88380755898e-21,
        "var": 1.88045169125e-06
    },
    "spectral_energyband_low": {
        "dmean": 0.0039139459841,
        "dmean2": 0.00605937885121,
        "dvar": 0.000105425708171,
        "dvar2": 0.000244278169703,
        "max": 0.105393759906,
        "mean": 0.00824452750385,
        "median": 0.00209085550159,
        "min": 1.00574961253e-23,
        "var": 0.000212749218917
    },
    "spectral_energyband_middle_high": {
        "dmean": 0.00101999915205,
        "dmean2": 0.00156426487956,
        "dvar": 1.49544848682e-06,
        "dvar2": 3.18977072311e-06,
        "max": 0.0213160179555,
        "mean": 0.00469225086272,
        "median": 0.00444211158901,
        "min": 1.11475734382e-21,
        "var": 9.81414996204e-06
    },
    "spectral_energyband_middle_low": {
        "dmean": 0.00711043691263,
        "dmean2": 0.0120419319719,
        "dvar": 0.000101936493593,
        "dvar2": 0.000255160179222,
        "max": 0.123614482582,
        "mean": 0.0213170163333,
        "median": 0.0182290431112,
        "min": 1.51893463361e-22,
        "var": 0.000185230790521
    },
    "spectral_entropy": {
        "dmean": 0.293591290712,
        "dmean2": 0.392977029085,
        "dvar": 0.0844643414021,
        "dvar2": 0.173470005393,
        "max": 9.83146190643,
        "mean": 7.41320419312,
        "median": 7.49643611908,
        "min": 4.87597131729,
        "var": 0.426579654217
    },
    "spectral_flux": {
        "dmean": 0.0245329607278,
        "dmean2": 0.0390287637711,
        "dvar": 0.00129530555569,
        "dvar2": 0.00277615501545,
        "max": 0.323952913284,
        "mean": 0.0781472921371,
        "median": 0.0679226368666,
        "min": 6.34836627711e-11,
        "var": 0.00242224172689
    },
    "spectral_kurtosis": {
        "dmean": 2.94038581848,
        "dmean2": 4.22647857666,
        "dvar": 36.3660430908,
        "dvar2": 82.54246521,
        "max": 139.579086304,
        "mean": 5.59030389786,
        "median": 3.26033902168,
        "min": -1.28662240505,
        "var": 86.8214569092
    },
    "spectral_rms": {
        "dmean": 0.000767766439822,
        "dmean2": 0.00126254477073,
        "dvar": 8.81036896772e-07,
        "dvar2": 2.04473553822e-06,
        "max": 0.0122567936778,
        "mean": 0.00539181148633,
        "median": 0.00512961484492,
        "min": 3.12574814122e-12,
        "var": 3.39012785844e-06
    },
    "spectral_rolloff": {
        "dmean": 520.883789062,
        "dmean2": 904.323242188,
        "dvar": 684852.4375,
        "dvar2": 1627631.75,
        "max": 19638.28125,
        "mean": 1742.36413574,
        "median": 882.861328125,
        "min": 172.265625,
        "var": 6598944.5
    },
    "spectral_skewness": {
        "dmean": 0.355789870024,
        "dmean2": 0.489992946386,
        "dvar": 0.194080233574,
        "dvar2": 0.445526510477,
        "max": 8.93985462189,
        "mean": 1.71104800701,
        "median": 1.56562566757,
        "min": -0.0785251036286,
        "var": 0.652926981449
    },
    "spectral_spread": {
        "dmean": 1222495.875,
        "dmean2": 1594965.25,
        "dvar": 1.69669728666e+12,
        "dvar2": 3.0765308969e+12,
        "max": 43070208,
        "mean": 6283906,
        "median": 5856601.5,
        "min": 564510.3125,
        "var": 2.45281891287e+13
    },
    "spectral_strongpeak": {
        "dmean": 0.524487376213,
        "dmean2": 0.94309592247,
        "dvar": 0.764105260372,
        "dvar2": 2.03500080109,
        "max": 8.03803634644,
        "mean": 1.00611901283,
        "median": 0.821297645569,
        "min": 0,
        "var": 0.882865548134
    },
    "zerocrossingrate": {
        "dmean": 0.014288389124,
        "dmean2": 0.0167980454862,
        "dvar": 0.00017270045646,
        "dvar2": 0.000224697345402,
        "max": 0.52783203125,
        "mean": 0.0747655183077,
        "median": 0.0625,
        "min": 0.01025390625,
        "var": 0.00450032390654
    },
    "barkbands": {
        "dmean": [0.000269793497864, 0.00177151511889, 0.0021246492397, 0.00168648432009, 0.00395510625094, 0.00341606303118, 0.000447394500952, 0.000576739374083, 0.000353988230927, 0.000486143981107, 0.000171830208274, 0.000133471490699, 9.71768822637e-05, 8.8829176093e-05, 8.24753224151e-05, 0.000144370394992, 0.000450879335403, 8.07377800811e-05, 0.000122917088447, 9.7156575066e-05, 0.00011478428496, 0.000166686368175, 0.000204872747418, 0.000114367219794, 0.000152676482685, 6.2526029069e-05, 1.03094189399e-05],
        "dmean2": [0.000268549018074, 0.00231665372849, 0.00381557224318, 0.00272949715145, 0.0061848750338, 0.00648122560233, 0.000707308005076, 0.000800119887572, 0.000560126267374, 0.000750512641389, 0.000273514888249, 0.000206867247471, 0.000154347013449, 0.000151201893459, 0.000129034990096, 0.000227084135986, 0.000634983240161, 0.000130252636154, 0.000185105745913, 0.000147051541717, 0.000169007427758, 0.000250099023106, 0.000314479519147, 0.000167437130585, 0.000225690295338, 9.17754077818e-05, 1.52383972818e-05],
        "dvar": [6.05254342645e-07, 2.58250292973e-05, 4.32545311924e-05, 8.8336173576e-06, 9.12084942684e-05, 1.22191822811e-05, 3.47793672972e-07, 3.90479897305e-07, 4.22321818405e-07, 4.54974070863e-07, 8.93222633636e-08, 1.03949034269e-07, 3.38172512215e-08, 5.03940960073e-08, 1.59512563158e-08, 5.76527234841e-08, 4.7884907417e-07, 1.43756420101e-08, 3.96470696273e-08, 3.11760395277e-08, 2.06620640597e-08, 3.96205663833e-08, 6.50729887752e-08, 1.77132122303e-08, 4.253969621e-08, 8.49219272681e-09, 3.12017606197e-10],
        "dvar2": [8.9052690555e-07, 3.84220402339e-05, 0.000126000813907, 2.28878561757e-05, 0.000222095302888, 4.4591131882e-05, 7.77714262767e-07, 8.25936126603e-07, 9.7854251635e-07, 1.02816568415e-06, 2.19259902678e-07, 2.61762465925e-07, 7.29592173343e-08, 1.37076128226e-07, 3.95395503006e-08, 1.30697785039e-07, 8.33018248159e-07, 3.66411363473e-08, 8.49322105978e-08, 7.32645304424e-08, 4.66209009176e-08, 9.17112501497e-08, 1.47141250295e-07, 4.0854050809e-08, 9.31867774057e-08, 1.84660091662e-08, 6.53455733968e-10],
        "max": [0.00823321286589, 0.0503336451948, 0.0675662308931, 0.0401257425547, 0.109153807163, 0.0381139889359, 0.0144500695169, 0.00872319377959, 0.0149229560047, 0.0148775950074, 0.00571014126763, 0.00973536074162, 0.00326827121899, 0.0059143807739, 0.00267642945983, 0.00459842430428, 0.0123121822253, 0.00241897907108, 0.00664111133665, 0.00336785824038, 0.00238795299083, 0.00241817394271, 0.00193467456847, 0.00262186164036, 0.00229618535377, 0.000958874530625, 0.000320166902384],
        "mean": [0.000508307246491, 0.00319021590985, 0.00264819897711, 0.0031192204915, 0.0069283740595, 0.00644029071555, 0.00136951380409, 0.00161548575852, 0.00112075649668, 0.00178777030669, 0.000308701652102, 0.000251848687185, 0.000210643192986, 0.000124396072351, 0.00016790945665, 0.000343572959537, 0.00125970458612, 0.000175775989192, 0.000347738765413, 0.000212605198612, 0.000171696723555, 0.00022551935399, 0.000275929400232, 0.000168730606674, 0.000209455203731, 7.87878598203e-05, 1.22348455989e-05],
        "median": [5.4174761317e-06, 0.00025857653236, 0.000756054068916, 0.00117377121933, 0.00377314514481, 0.00530885811895, 0.000849702977575, 0.00126473524142, 0.000429223116953, 0.00157900305931, 0.000144032062963, 0.000130427011754, 8.07912147138e-05, 5.68211580685e-05, 0.000110500215669, 0.000229646684602, 0.00066986924503, 0.000116291055747, 0.000227352022193, 8.8345783297e-05, 8.51518852869e-05, 9.89971595118e-05, 0.000114687172754, 8.58655112097e-05, 0.000100254030258, 3.55922675226e-05, 3.93277923649e-06],
        "min": [4.6039273353e-25, 4.53823099911e-25, 8.62353159304e-25, 3.93762903721e-25, 7.47032739013e-24, 8.06589607433e-24, 4.90297562978e-24, 2.82199113017e-24, 1.71458113112e-23, 1.45557395679e-23, 1.36747002659e-23, 2.4853368897e-23, 2.95731205375e-23, 2.72366786193e-23, 4.02023049497e-23, 6.17965423484e-23, 6.18742798575e-23, 8.96840564581e-23, 1.12225952462e-22, 1.50474308903e-22, 2.61518295294e-22, 3.09020166858e-22, 3.4501224227e-22, 4.93553438059e-22, 7.61127484045e-22, 1.27795638302e-21, 1.85580333222e-21],
        "var": [1.88129411072e-06, 6.73329559504e-05, 3.20724029734e-05, 1.8698261556e-05, 0.000110212815343, 2.32486163441e-05, 2.61148284153e-06, 1.74325805347e-06, 2.12152917811e-06, 1.81280131528e-06, 1.94602634451e-07, 1.54903560201e-07, 1.26630695263e-07, 4.92338081415e-08, 3.51855327096e-08, 1.63708463674e-07, 2.37430504058e-06, 3.92133330251e-08, 1.91460756582e-07, 1.11022188776e-07, 4.52203110513e-08, 7.9660708252e-08, 1.19715949154e-07, 4.41158078957e-08, 7.64656107322e-08, 1.23628440818e-08, 4.41898406756e-10]
    },
    "erbbands": {
        "dmean": [0.0926940515637, 0.424626380205, 2.15074706078, 4.10111856461, 10.2474021912, 15.1961984634, 9.06030654907, 33.320148468, 21.8004493713, 3.62503623962, 15.2447042465, 7.46958780289, 12.6631555557, 14.1412305832, 5.56034374237, 5.44299411774, 4.42395305634, 4.4660282135, 3.70936655998, 4.49382400513, 16.2876739502, 14.3952388763, 5.94149065018, 7.17256641388, 4.96980762482, 4.30727577209, 3.39468741417, 5.60837125778, 4.72895431519, 7.39401197433, 5.60166788101, 2.7466070652, 1.84122669697, 1.72046220303, 1.05579268932, 0.387557148933, 0.0972687378526, 0.0144666181877, 0.0018447660841, 0.000100786201074],
        "dmean2": [0.116946160793, 0.643690347672, 3.87838959694, 6.77801990509, 16.2733573914, 23.9626674652, 14.1461429596, 63.3965454102, 40.8770332336, 5.57572031021, 21.2110919952, 11.640173912, 19.8748455048, 21.5906009674, 8.74921035767, 8.34926795959, 6.92523956299, 7.52685499191, 6.05286407471, 7.05422735214, 23.7851848602, 20.5363845825, 9.19788265228, 11.0356845856, 7.25934791565, 6.70930480957, 4.91728878021, 8.50957870483, 6.95235061646, 11.3910713196, 8.56652164459, 4.10498952866, 2.70004820824, 2.53613758087, 1.57882964611, 0.573014318943, 0.144645035267, 0.0214467607439, 0.00271317432635, 0.000147765444126],
        "dvar": [0.0816365480423, 1.870703578, 52.250328064, 66.4076690674, 327.643707275, 1916.18151855, 185.389266968, 1226.19421387, 448.387756348, 41.471862793, 271.612518311, 170.804000854, 325.671234131, 557.536682129, 85.5428466797, 175.76335144, 71.530921936, 147.830215454, 47.3404197693, 55.6613235474, 496.640014648, 434.258087158, 105.317001343, 129.409255981, 78.5135498047, 58.6645774841, 25.6673603058, 49.0112686157, 33.5455780029, 78.6678009033, 52.2744636536, 11.0025854111, 4.83134651184, 4.99278831482, 2.20315527916, 0.310572862625, 0.0226553045213, 0.000518972345162, 1.0505780665e-05, 2.89290245092e-08],
        "dvar2": [0.153935953975, 4.34781885147, 150.593673706, 180.050643921, 825.162353516, 4782.68359375, 484.191741943, 4407.71972656, 1664.54138184, 99.1774978638, 566.780456543, 372.900695801, 762.066040039, 1233.55114746, 208.311172485, 435.41619873, 146.006347656, 392.991760254, 126.864929199, 138.5756073, 1036.99572754, 762.619140625, 211.14440918, 290.1144104, 165.10899353, 154.880264282, 58.2801017761, 114.657409668, 75.5674667358, 177.706497192, 119.52104187, 25.9337615967, 10.8521661758, 10.7296962738, 4.91550445557, 0.683748364449, 0.0508140437305, 0.00110995804425, 2.22232192755e-05, 6.0815423808e-08],
        "max": [2.56636762619, 14.2711544037, 72.9325790405, 117.799674988, 220.258621216, 496.930114746, 254.021728516, 446.080291748, 232.297927856, 97.0077896118, 238.360855103, 245.521743774, 311.542755127, 512.232971191, 166.876739502, 448.169372559, 168.159072876, 304.716766357, 152.929962158, 257.772888184, 334.795501709, 385.43649292, 181.260620117, 256.117126465, 249.58303833, 178.654067993, 119.62828064, 114.052688599, 113.8022995, 77.9879150391, 62.7946891785, 35.2269554138, 44.3358230591, 29.1853809357, 16.4069194794, 6.62307167053, 2.02346968651, 0.306581884623, 0.0551326908171, 0.0029487083666],
        "mean": [0.133013159037, 0.564873695374, 2.60560584068, 8.20844364166, 16.60505867, 23.8552284241, 27.9187107086, 58.8752326965, 39.7264862061, 10.5752382278, 45.5164070129, 29.3253211975, 43.8884048462, 46.1980781555, 12.997546196, 11.3536968231, 10.4981184006, 6.80676698685, 6.9032497406, 11.3717899323, 43.7135009766, 42.0712966919, 18.1196956635, 20.5026988983, 12.7291069031, 9.15546321869, 5.94454050064, 7.75457859039, 6.80729818344, 9.75132465363, 7.5476770401, 3.84301257133, 2.76693820953, 2.44493126869, 1.36410045624, 0.487378627062, 0.117657504976, 0.0180286765099, 0.00220962916501, 0.000147310231114],
        "median": [0.00313550559804, 0.0795565098524, 0.783025383949, 2.92557811737, 9.66408920288, 10.7527656555, 19.8062782288, 45.4855537415, 32.5477600098, 7.3307299614, 36.9556274414, 14.3766136169, 33.0310745239, 33.4535751343, 8.49598884583, 6.90019512177, 4.22585248947, 2.9954624176, 4.34858369827, 8.36878490448, 31.4205703735, 25.7156867981, 10.5162239075, 14.5404148102, 5.77777194977, 4.23351383209, 3.06683754921, 3.81331300735, 3.15710449219, 3.91244673729, 3.17087864876, 1.7963654995, 1.51285493374, 1.1502982378, 0.65470212698, 0.238000452518, 0.0494007319212, 0.00649633910507, 0.000733168213628, 8.08726908872e-05],
        "min": [2.9791903221e-23, 3.65079172381e-22, 1.06533522073e-21, 4.74361504891e-21, 9.47924344282e-21, 2.27602445239e-20, 4.28949951652e-20, 5.37601352957e-20, 9.483248968e-20, 9.35569384014e-20, 2.23604833203e-19, 3.95273063696e-19, 3.580021923e-19, 6.38375035075e-19, 6.64310766194e-19, 1.2345898117e-18, 1.46286343323e-18, 2.15391338141e-18, 2.21515679999e-18, 2.46914177989e-18, 3.33248817639e-18, 3.77008160968e-18, 4.17099247794e-18, 5.19345554387e-18, 6.20457879077e-18, 6.90521938117e-18, 8.20416260376e-18, 8.66752105877e-18, 1.02466287005e-17, 1.06850286349e-17, 9.82034282615e-18, 1.02759042767e-17, 8.69427290696e-18, 7.67498207868e-18, 5.832745389e-18, 3.75199571918e-18, 2.22884395079e-18, 9.32499729685e-19, 2.21227722918e-19, 2.67728750571e-20],
        "var": [0.158971607685, 2.30427622795, 36.331741333, 138.251998901, 456.193389893, 2079.73852539, 723.007568359, 2560.45263672, 903.302124023, 104.456977844, 1300.06958008, 1242.39550781, 1353.15429688, 1845.37756348, 210.442565918, 254.522171021, 311.057983398, 155.400527954, 65.4526748657, 157.906768799, 1811.81604004, 2238.52734375, 489.748657227, 520.00390625, 454.074737549, 160.454330444, 64.638168335, 92.287902832, 79.1132965088, 140.33454895, 91.143371582, 22.6910991669, 11.5478572845, 10.6976585388, 3.30627727509, 0.43845680356, 0.0313253924251, 0.00078697130084, 1.47159198605e-05, 4.11161238389e-08]
    },
    "gfcc": {
        "mean": [0.345702379942, 80.198638916, -100.460350037, 17.3343067169, -70.7268981934, -6.72751235962, -50.1120643616, 10.8832559586, -25.8382472992, -12.6489477158, -24.7537136078, 5.66234779358, -6.21223545074],
        "cov": [[33825.1054688, -453.434631348, -1372.83398438, 1044.40222168, -2067.73413086, 597.523193359, -1309.05078125, 485.55758667, -887.319763184, -179.177627563, -820.827758789, 357.343109131, -399.808746338], [-453.434631348, 2329.04516602, -549.620239258, -82.8605041504, 398.062286377, -428.930633545, 82.9187774658, -60.0742759705, 116.420715332, -112.611114502, 180.32244873, -149.363708496, 182.956954956], [-1372.83398438, -549.620239258, 983.504516602, 92.5204086304, 97.2290115356, 366.76574707, 48.5879249573, -119.3179245, 77.9284057617, 210.917114258, 23.7044219971, 47.8435173035, -50.0177383423], [1044.40222168, -82.8605041504, 92.5204086304, 266.186920166, -7.64361715317, 131.930664062, 32.3763771057, 22.8531761169, -29.5715332031, 40.2635650635, -2.41458845139, 13.771282196, -11.6243457794], [-2067.73413086, 398.062286377, 97.2290115356, -7.64361715317, 387.908905029, -6.18028020859, 164.911849976, 3.07582879066, 80.4216003418, 24.0783004761, 100.352813721, -45.1010055542, 45.0852203369], [597.523193359, -428.930633545, 366.76574707, 131.930664062, -6.18028020859, 355.023529053, 11.9876585007, -29.124584198, -13.4772014618, 127.334114075, -10.2571487427, 32.9295196533, -64.4995574951], [-1309.05078125, 82.9187774658, 48.5879249573, 32.3763771057, 164.911849976, 11.9876585007, 200.194839478, 28.1322669983, 16.8844738007, 25.3167037964, 81.7711639404, -17.5365447998, 23.4278450012], [485.55758667, -60.0742759705, -119.3179245, 22.8531761169, 3.07582879066, -29.124584198, 28.1322669983, 175.123260498, 14.9299497604, -50.564163208, -17.0488643646, 46.4506874084, 18.1560325623], [-887.319763184, 116.420715332, 77.9284057617, -29.5715332031, 80.4216003418, -13.4772014618, 16.8844738007, 14.9299497604, 126.001441956, 22.8323898315, 18.9885349274, 8.83678722382, 35.3767242432], [-179.177627563, -112.611114502, 210.917114258, 40.2635650635, 24.0783004761, 127.334114075, 25.3167037964, -50.564163208, 22.8323898315, 134.594696045, 39.4852828979, -4.82036352158, -18.3751583099], [-820.827758789, 180.32244873, 23.7044219971, -2.41458845139, 100.352813721, -10.2571487427, 81.7711639404, -17.0488643646, 18.9885349274, 39.4852828979, 106.259117126, 2.7787976265, 27.2629718781], [357.343109131, -149.363708496, 47.8435173035, 13.771282196, -45.1010055542, 32.9295196533, -17.5365447998, 46.4506874084, 8.83678722382, -4.82036352158, 2.7787976265, 92.0791702271, 25.4676208496], [-399.808746338, 182.956954956, -50.0177383423, -11.6243457794, 45.0852203369, -64.4995574951, 23.4278450012, 18.1560325623, 35.3767242432, -18.3751583099, 27.2629718781, 25.4676208496, 81.9984512329]],
        "icov": [[0.000139164898428, -0.000292336859275, 0.000148525461555, -0.000328199879732, 0.000385540217394, -0.000262771500275, 0.000411475222791, -0.000477946305182, 0.000714000547305, -0.000562997360248, 0.000722915516235, -0.000694178277627, 0.000485510419821], [-0.000292336859275, 0.00172165234108, 5.97645812377e-05, 0.000200935814064, -0.00159837212414, 0.000872387434356, 0.000306967383949, 0.00133820180781, -0.0020620659925, 0.00190544407815, -0.00337486458011, 0.00327286263928, -0.00259858253412], [0.000148525461555, 5.97645812377e-05, 0.00283707142808, -0.000501674599946, -0.000690777378622, -0.00141328421887, -0.000133432971779, 0.00167446758132, -0.00080216745846, -0.00233514909633, 0.00205364776775, -0.00304008414969, 0.00126997753978], [-0.000328199879732, 0.000200935814064, -0.000501674599946, 0.00613191956654, -0.000189117374248, -0.00176339375321, -0.00217233388685, -0.000241911722696, 4.12836334363e-06, 0.000656046264339, -0.000685978098772, 0.00188178615645, -0.0023053267505], [0.000385540217394, -0.00159837212414, -0.000690777378622, -0.000189117374248, 0.00773526215926, -0.00233612093143, -0.00207296921872, -0.00255917315371, -0.000225229552598, 0.000947813503444, -0.000888496229891, 0.00189376354683, 8.30324424896e-05], [-0.000262771500275, 0.000872387434356, -0.00141328421887, -0.00176339375321, -0.00233612093143, 0.00916449166834, -0.00111894425936, 0.00136195018422, 6.15361059317e-05, -0.00458667054772, 0.00181488320231, -0.00315604987554, 0.0034939928446], [0.000411475222791, 0.000306967383949, -0.000133432971779, -0.00217233388685, -0.00207296921872, -0.00111894425936, 0.0136266173795, -0.00510625028983, 0.00352994306013, -7.25812278688e-05, -0.00698928721249, 0.00430708099157, -0.0021241188515], [-0.000477946305182, 0.00133820180781, 0.00167446758132, -0.000241911722696, -0.00255917315371, 0.00136195018422, -0.00510625028983, 0.012687060982, -0.00546600716189, 0.00313476496376, 0.00188256870024, -0.00555494660512, 0.000959121389315], [0.000714000547305, -0.0020620659925, -0.00080216745846, 4.12836334363e-06, -0.000225229552598, 6.15361059317e-05, 0.00352994306013, -0.00546600716189, 0.0168512091041, -0.00725774327293, 0.00603730091825, -0.00412373710424, -0.00165554054547], [-0.000562997360248, 0.00190544407815, -0.00233514909633, 0.000656046264339, 0.000947813503444, -0.00458667054772, -7.25812278688e-05, 0.00313476496376, -0.00725774327293, 0.0224118418992, -0.0142532568425, 0.0101367868483, -0.00338617060333], [0.000722915516235, -0.00337486458011, 0.00205364776775, -0.000685978098772, -0.000888496229891, 0.00181488320231, -0.00698928721249, 0.00188256870024, 0.00603730091825, -0.0142532568425, 0.0303405541927, -0.0161918140948, 0.00484907114878], [-0.000694178277627, 0.00327286263928, -0.00304008414969, 0.00188178615645, 0.00189376354683, -0.00315604987554, 0.00430708099157, -0.00555494660512, -0.00412373710424, 0.0101367868483, -0.0161918140948, 0.0317424684763, -0.0162238236517], [0.000485510419821, -0.00259858253412, 0.00126997753978, -0.0023053267505, 8.30324424896e-05, 0.0034939928446, -0.0021241188515, 0.000959121389315, -0.00165554054547, -0.00338617060333, 0.00484907114878, -0.0162238236517, 0.0272878203541]]
    },
    "melbands": {
        "dmean": [0.000616858538706, 0.000929291069042, 0.000800524896476, 0.00103808706626, 0.00033547510975, 0.000729844672605, 0.000321155152051, 4.77027169836e-05, 0.000116613111459, 4.71690509585e-05, 6.33551753708e-05, 6.11375435255e-05, 2.37565200223e-05, 1.59917981364e-05, 1.13973301268e-05, 8.51277764014e-06, 8.62191791384e-06, 6.13707697994e-06, 5.95063420405e-06, 7.25591416995e-06, 2.59897860815e-05, 2.01567163458e-05, 1.1313516552e-05, 4.61313993583e-06, 6.70849385642e-06, 3.56547570846e-06, 4.06649769502e-06, 2.67982295554e-06, 2.13486623579e-06, 2.54725637205e-06, 3.69500116904e-06, 2.51840674537e-06, 3.88646367355e-06, 4.35567608292e-06, 4.08799587603e-06, 1.84091459232e-06, 1.64444531947e-06, 1.27526686811e-06, 1.51295455453e-06, 1.46432591919e-06],
        "dmean2": [0.000679663498886, 0.00162808818277, 0.00131860387046, 0.00161289214157, 0.000535015424248, 0.00139318441506, 0.000602789863478, 7.04776466591e-05, 0.000165118573932, 7.40698960726e-05, 9.93537541945e-05, 9.29928428377e-05, 3.73700713681e-05, 2.47737480095e-05, 1.77040728886e-05, 1.37369697768e-05, 1.46036445585e-05, 1.02765370684e-05, 9.20918228076e-06, 1.14540971481e-05, 3.74269438908e-05, 2.85038058792e-05, 1.74174874701e-05, 7.55814789954e-06, 1.03718302853e-05, 5.29220551471e-06, 6.31408602203e-06, 4.20749665864e-06, 3.13720283884e-06, 3.80309506909e-06, 5.78572644372e-06, 3.79887978852e-06, 6.0186303017e-06, 6.82682912156e-06, 6.3689358285e-06, 2.77219851341e-06, 2.48553237725e-06, 1.8956607164e-06, 2.28804037761e-06, 2.17899901145e-06],
        "dvar": [2.77249091596e-06, 9.88520332612e-06, 1.93141954696e-06, 6.84558972353e-06, 3.33264921437e-07, 5.83688517963e-07, 9.70502682662e-08, 4.72249395145e-09, 1.59614099715e-08, 7.44260431063e-09, 8.1474134106e-09, 1.08914646191e-08, 1.65009139685e-09, 1.57943158552e-09, 4.73802330703e-10, 3.24919091632e-10, 5.37019539948e-10, 1.66280128555e-10, 8.08238406758e-11, 9.96332114034e-11, 1.28178090364e-09, 8.78593364728e-10, 6.30523078193e-10, 4.85403869876e-11, 1.1884339346e-10, 4.67365833534e-11, 6.01560745661e-11, 2.35804709092e-11, 1.55213550346e-11, 1.17271678479e-11, 2.26063560232e-11, 1.19296525783e-11, 2.38824845317e-11, 2.79551954502e-11, 3.05660843858e-11, 5.19901873289e-12, 4.11719052948e-12, 2.33176130314e-12, 4.30121303158e-12, 3.82749344371e-12],
        "dvar2": [4.18477202402e-06, 2.7614283681e-05, 5.30594797965e-06, 1.64360553754e-05, 9.14100326099e-07, 2.12563236346e-06, 3.61216962119e-07, 1.15226050923e-08, 3.42227721717e-08, 1.69827085728e-08, 1.91046165554e-08, 2.38913031581e-08, 3.93731891535e-09, 3.9982577249e-09, 1.0704583886e-09, 7.91348542251e-10, 1.43768008609e-09, 4.61525706541e-10, 1.91481330791e-10, 2.38369296524e-10, 2.60368016036e-09, 1.63620650362e-09, 1.21188536983e-09, 1.28620503137e-10, 2.68868038944e-10, 9.90383677846e-11, 1.41124459341e-10, 6.21052376193e-11, 3.5039235402e-11, 2.68017170957e-11, 5.51899498324e-11, 2.76088474999e-11, 5.74062672398e-11, 6.24025345286e-11, 7.12485764831e-11, 1.20296776013e-11, 9.9914026705e-12, 5.42691629482e-12, 1.01159566834e-11, 8.32864853473e-12],
        "max": [0.0168915148824, 0.0299612395465, 0.0172423385084, 0.0306447073817, 0.00777387013659, 0.00893262587488, 0.00344376848079, 0.00104789505713, 0.00192955916282, 0.00184498052113, 0.00155789812561, 0.00226604985073, 0.000731027044822, 0.00112754106522, 0.000509670411702, 0.000435264897533, 0.0006568027311, 0.000228124190471, 0.000192913852516, 0.000273744284641, 0.000510082172696, 0.000509214529302, 0.000460782437585, 0.000172962289071, 0.000238024673308, 0.000204541007406, 0.0001936951885, 0.000121781100461, 0.000115089540486, 7.15219430276e-05, 6.69945293339e-05, 9.06288260012e-05, 5.2519608289e-05, 4.02482619393e-05, 4.77478570247e-05, 3.08010967274e-05, 2.64947993855e-05, 2.39750279434e-05, 5.19943641848e-05, 2.42460464506e-05],
        "mean": [0.000994814676233, 0.00114873726852, 0.00154279824346, 0.00159797072411, 0.000906720466446, 0.00127954292111, 0.000576539430767, 0.000125908569316, 0.000367933826055, 0.000167375183082, 0.000215557607589, 0.000193005776964, 4.77794601466e-05, 2.97357291856e-05, 2.63344354607e-05, 1.73314183485e-05, 1.21678276628e-05, 9.90784701571e-06, 1.23256686493e-05, 1.94246113097e-05, 6.63164173602e-05, 5.27258889633e-05, 3.13150376314e-05, 9.59566386882e-06, 1.8100374291e-05, 8.83550183062e-06, 9.18343721423e-06, 5.20528055858e-06, 3.60018498213e-06, 3.80699520974e-06, 4.7821959015e-06, 3.61631350643e-06, 4.78431002193e-06, 5.70628617425e-06, 5.28788677912e-06, 2.48036963058e-06, 2.24969107876e-06, 1.87007640307e-06, 2.11452675103e-06, 2.02141427508e-06],
        "median": [4.82935683976e-05, 0.000308856833726, 0.000767956720665, 0.000739707029425, 0.000638964935206, 0.0010031251004, 0.000466398952994, 0.00010329268116, 0.000307921378408, 7.64798460295e-05, 0.000162317650393, 0.00013525961549, 2.54467850027e-05, 1.46926540765e-05, 1.25859305626e-05, 7.38123389965e-06, 4.87580291519e-06, 5.82363281865e-06, 7.7098429756e-06, 1.42302087625e-05, 4.52093081549e-05, 3.1063107599e-05, 1.03957645479e-05, 6.73589693179e-06, 1.1749195437e-05, 3.96393988922e-06, 3.48948992723e-06, 2.39363225774e-06, 1.6463116026e-06, 1.85899580174e-06, 2.15824934457e-06, 1.62710671248e-06, 1.90662467503e-06, 2.21975778913e-06, 2.07323614632e-06, 1.18714217479e-06, 1.03798367945e-06, 1.02999820228e-06, 1.01253999674e-06, 9.22286403693e-07],
        "min": [8.93426982006e-25, 1.00784356491e-24, 1.3052326877e-24, 7.73158037257e-25, 1.55886468215e-24, 1.15958815839e-24, 1.24176715155e-24, 8.19978559007e-25, 1.79689714941e-24, 2.08576460227e-24, 1.558937849e-24, 2.35034204178e-24, 1.7802442957e-24, 2.4503390362e-24, 2.87198952877e-24, 2.97875849964e-24, 3.1073183725e-24, 3.18612794351e-24, 2.76413981847e-24, 2.44858520119e-24, 2.65638536312e-24, 3.21809771499e-24, 3.70066286338e-24, 4.13296021716e-24, 3.87752981706e-24, 3.62836928344e-24, 4.00792418596e-24, 4.35801986684e-24, 5.10837726013e-24, 5.10019046166e-24, 4.63795623095e-24, 4.34498591253e-24, 4.82725721023e-24, 5.95150154044e-24, 5.05128621313e-24, 5.58553397815e-24, 5.39614543532e-24, 4.65858415476e-24, 6.51378423874e-24, 5.71225343852e-24],
        "var": [7.37215714253e-06, 7.5471953096e-06, 3.45283024217e-06, 8.09433731774e-06, 7.80082359597e-07, 1.12229372462e-06, 2.01063912186e-07, 1.02427089033e-08, 8.11634635056e-08, 4.12753280443e-08, 3.40750894168e-08, 3.56980969229e-08, 4.07951761261e-09, 2.37067454556e-09, 1.46537282308e-09, 7.43931416469e-10, 5.5306303981e-10, 1.75802414293e-10, 1.97574456795e-10, 3.88226312209e-10, 4.57459670145e-09, 3.6503871037e-09, 2.74376721343e-09, 1.07299391594e-10, 4.42840403236e-10, 2.46661385761e-10, 2.56490079176e-10, 5.81517160814e-11, 3.40085598571e-11, 2.45263028636e-11, 3.71159457335e-11, 2.64089843743e-11, 3.7864669733e-11, 5.12098904948e-11, 4.97654244203e-11, 9.22954421223e-12, 8.63841550375e-12, 5.11336285813e-12, 8.96847179854e-12, 7.41060511567e-12]
    },
    "mfcc": {
        "mean": [-634.776489258, 116.486061096, 15.035569191, 17.9643592834, -0.650277554989, -18.4767398834, -17.9476470947, 6.00521278381, 0.346725523472, -11.7023000717, -12.3398361206, -7.43612909317, -0.736897885799],
        "cov": [[10520.1972656, -406.916687012, 517.596130371, 183.737960815, -97.0113143921, 131.750930786, 6.70501708984, 282.121337891, 22.3972625732, -109.212387085, -63.8638534546, -91.0006103516, -11.2804679871], [-406.916687012, 2026.77319336, -408.860717773, 216.208877563, 183.40586853, -203.541305542, -13.214381218, -32.6515045166, 39.9502944946, 8.0735616684, -41.1444206238, 8.54187774658, 12.8608255386], [517.596130371, -408.860717773, 734.227844238, -92.4955596924, 61.4091796875, 331.638641357, -25.6410064697, -73.1379699707, -26.9601821899, 34.3235778809, 75.847328186, 10.2985897064, -0.198591083288], [183.737960815, 216.208877563, -92.4955596924, 208.230300903, 26.7199211121, -44.3311462402, 73.9010314941, 47.5820999146, 28.4163532257, 20.6043224335, -6.25376844406, 6.07613992691, 15.9759120941], [-97.0113143921, 183.40586853, 61.4091796875, 26.7199211121, 163.976104736, 92.8419876099, 12.2708206177, 7.80807256699, 31.9892616272, 31.6508522034, 38.5805015564, 16.5930538177, -2.13538789749], [131.750930786, -203.541305542, 331.638641357, -44.3311462402, 92.8419876099, 362.242248535, 97.2532119751, -79.5015716553, -32.6503982544, 67.8122787476, 87.5382232666, 27.5551891327, -9.54643630981], [6.70501708984, -13.214381218, -25.6410064697, 73.9010314941, 12.2708206177, 97.2532119751, 217.5415802, 25.8603420258, -23.1608428955, 46.6892433167, 41.627696991, 23.2017536163, 20.4334106445], [282.121337891, -32.6515045166, -73.1379699707, 47.5820999146, 7.80807256699, -79.5015716553, 25.8603420258, 153.457489014, 57.6681404114, -25.7662811279, -9.48255252838, 14.6737012863, 15.9348249435], [22.3972625732, 39.9502944946, -26.9601821899, 28.4163532257, 31.9892616272, -32.6503982544, -23.1608428955, 57.6681404114, 94.9462509155, 14.7932767868, -5.31153106689, 8.66651535034, 8.28622722626], [-109.212387085, 8.0735616684, 34.3235778809, 20.6043224335, 31.6508522034, 67.8122787476, 46.6892433167, -25.7662811279, 14.7932767868, 95.8889007568, 45.205242157, -3.33475208282, 6.04733181], [-63.8638534546, -41.1444206238, 75.847328186, -6.25376844406, 38.5805015564, 87.5382232666, 41.627696991, -9.48255252838, -5.31153106689, 45.205242157, 88.7794570923, 30.66132164, -9.66313362122], [-91.0006103516, 8.54187774658, 10.2985897064, 6.07613992691, 16.5930538177, 27.5551891327, 23.2017536163, 14.6737012863, 8.66651535034, -3.33475208282, 30.66132164, 68.7539825439, 18.6428470612], [-11.2804679871, 12.8608255386, -0.198591083288, 15.9759120941, -2.13538789749, -9.54643630981, 20.4334106445, 15.9348249435, 8.28622722626, 6.04733181, -9.66313362122, 18.6428470612, 64.3190994263]],
