{
"lowlevel": {
    "average_loudness": 0.899367392063,
    "barkbands_crest": {
        "dmean": 2.66997146606,
        "dmean2": 4.32622909546,
        "dvar": 5.77128982544,
        "dvar2": 14.2043857574,
        "max": 23.8793125153,
        "mean": 10.3407659531,
        "median": 9.67014217377,
        "min": 3.60178303719,
        "var": 12.7574052811
    },
    "barkbands_flatness_db": {
        "dmean": 0.0319589748979,
        "dmean2": 0.0511544533074,
        "dvar": 0.00144941231702,
        "dvar2": 0.00363450194709,
        "max": 0.53278875351,
        "mean": 0.274443566799,
        "median": 0.283839285374,
        "min": 0.029783166945,
        "var": 0.00698417099193
    },
    "barkbands_kurtosis": {
        "dmean": 2.29421138763,
        "dmean2": 3.6433839798,
        "dvar": 13.2705659866,
        "dvar2": 30.9138507843,
        "max": 82.4424057007,
        "mean": 2.90881156921,
        "median": 1.25326728821,
        "min": -1.77054023743,
        "var": 26.2258987427
    },
    "barkbands_skewness": {
        "dmean": 0.522233307362,
        "dmean2": 0.798717319965,
        "dvar": 0.288029909134,
        "dvar2": 0.646050751209,
        "max": 6.2631316185,
        "mean": 0.700342059135,
        "median": 0.670518398285,
        "min": -3.96953177452,
        "var": 1.65037453175
    },
    "barkbands_spread": {
        "dmean": 1.88118088245,
        "dmean2": 3.07607960701,
        "dvar": 5.78609657288,
        "dvar2": 14.8402690887,
        "max": 64.3812332153,
        "mean": 7.17240619659,
        "median": 6.54334545135,
        "min": 0.294932544231,
        "var": 14.5219449997
    },
    "dissonance": {
        "dmean": 0.0462294481695,
        "dmean2": 0.076910071075,
        "dvar": 0.00171363062691,
        "dvar2": 0.00456867553294,
        "max": 0.500000059605,
        "mean": 0.407884776592,
        "median": 0.419649839401,
        "min": 0.100256122649,
        "var": 0.00368085806258
    },
    "dynamic_complexity": 1.70374131203,
    "erbbands_crest": {
        "dmean": 3.28354668617,
        "dmean2": 5.41243648529,
        "dvar": 7.98487520218,
        "dvar2": 20.0445289612,
        "max": 31.7971916199,
        "mean": 11.5379228592,
        "median": 10.8772058487,
        "min": 2.84203219414,
        "var": 20.0060977936
    },
    "erbbands_flatness_db": {
        "dmean": 0.0319945625961,
        "dmean2": 0.0504359938204,
        "dvar": 0.00149155664258,
        "dvar2": 0.00363250286318,
        "max": 0.597018361092,
        "mean": 0.308235526085,
        "median": 0.322410404682,
        "min": 0.0746702179313,
        "var": 0.010520786047
    },
    "erbbands_kurtosis": {
        "dmean": 1.47007811069,
        "dmean2": 2.36359143257,
        "dvar": 3.44677710533,
        "dvar2": 8.4376411438,
        "max": 40.6335258484,
        "mean": 1.67175316811,
        "median": 0.921656608582,
        "min": -1.77993345261,
        "var": 7.12660741806
    },
    "erbbands_skewness": {
        "dmean": 0.454940736294,
        "dmean2": 0.711472213268,
        "dvar": 0.193608924747,
        "dvar2": 0.461949408054,
        "max": 4.51982975006,
        "mean": 0.063646748662,
        "median": 0.0671607628465,
        "min": -3.26935124397,
        "var": 0.831356346607
    },
    "erbbands_spread": {
        "dmean": 3.92173480988,
        "dmean2": 6.22491931915,
        "dvar": 27.0944538116,
        "dvar2": 64.7446670532,
        "max": 72.2437515259,
        "mean": 14.9364976883,
        "median": 11.3819189072,
        "min": 0.443064808846,
        "var": 128.440292358
    },
    "hfc": {
        "dmean": 4.8059091568,
        "dmean2": 7.52658987045,
        "dvar": 28.0256633759,
        "dvar2": 67.6498031616,
        "max": 63.7940368652,
        "mean": 15.2000904083,
        "median": 14.369515419,
        "min": 1.15866616237e-16,
        "var": 61.5026702881
    },
    "melbands_crest": {
        "dmean": 3.06537890434,
        "dmean2": 4.93911409378,
        "dvar": 7.84441280365,
        "dvar2": 19.2623004913,
        "max": 31.2770442963,
        "mean": 12.4036579132,
        "median": 11.6051959991,
        "min": 2.16332554817,
        "var": 19.3235187531
    },
    "melbands_flatness_db": {
        "dmean": 0.0342875793576,
        "dmean2": 0.054515954107,
        "dvar": 0.00181508169044,
        "dvar2": 0.00459234789014,
        "max": 0.613594472408,
        "mean": 0.348969548941,
        "median": 0.352749288082,
        "min": 0.00441421149299,
        "var": 0.00651550432667
    },
    "melbands_kurtosis": {
        "dmean": 2.95343756676,
        "dmean2": 4.65690422058,
        "dvar": 23.1942386627,
        "dvar2": 53.4612693787,
        "max": 71.0681762695,
        "mean": 4.68719530106,
        "median": 1.40225934982,
        "min": -1.75983655453,
        "var": 62.2411193848
    },
    "melbands_skewness": {
        "dmean": 0.537677586079,
        "dmean2": 0.818298637867,
        "dvar": 0.291676670313,
        "dvar2": 0.634496927261,
        "max": 6.64530801773,
        "mean": 1.09612488747,
        "median": 0.951991379261,
        "min": -2.98446893692,
        "var": 1.9658459425
    },
    "melbands_spread": {
        "dmean": 2.57436013222,
        "dmean2": 4.11218881607,
        "dvar": 7.33956241608,
        "dvar2": 16.1997737885,
        "max": 141.078277588,
        "mean": 10.6457223892,
        "median": 10.2938375473,
        "min": 0.754845321178,
        "var": 25.8227653503
    },
    "pitch_salience": {
        "dmean": 0.073392406106,
        "dmean2": 0.11930000037,
        "dvar": 0.00405292119831,
        "dvar2": 0.010430703871,
        "max": 0.884876072407,
        "mean": 0.57478415966,
        "median": 0.579028010368,
        "min": 0.239543125033,
        "var": 0.00925246160477
    },
    "silence_rate_20dB": {
        "dmean": 0,
        "dmean2": 0,
        "dvar": 0,
        "dvar2": 0,
        "max": 1,
        "mean": 1,
        "median": 1,
        "min": 1,
        "var": 0
    },
    "silence_rate_30dB": {
        "dmean": 0.00232153222896,
        "dmean2": 0.00464351382107,
        "dvar": 0.00231629353948,
        "dvar2": 0.00675081042573,
        "max": 1,
        "mean": 0.998742640018,
        "median": 1,
        "min": 0,
        "var": 0.0012559434399
    },
    "silence_rate_60dB": {
        "dmean": 0.000773844076321,
        "dmean2": 0.00154783786274,
        "dvar": 0.000773308333009,
        "dvar2": 0.0015454365639,
        "max": 1,
        "mean": 0.0152819417417,
        "median": 0,
        "min": 0,
        "var": 0.0150475846604
    },
    "spectral_centroid": {
        "dmean": 96.621963501,
        "dmean2": 155.069839478,
        "dvar": 26408.8964844,
        "dvar2": 49234.5820312,
        "max": 11078.3535156,
        "mean": 630.41986084,
        "median": 622.020446777,
        "min": 216.330459595,
        "var": 74586
    },
    "spectral_complexity": {
        "dmean": 2.47514033318,
        "dmean2": 4.02050876617,
        "dvar": 8.49471569061,
        "dvar2": 19.9826259613,
        "max": 39,
        "mean": 14.4172554016,
        "median": 14,
        "min": 0,
        "var": 21.8004684448
    },
    "spectral_decrease": {
        "dmean": 2.46169973295e-09,
        "dmean2": 3.78636766385e-09,
        "dvar": 1.09464532772e-17,
        "dvar2": 2.54850260455e-17,
        "max": 7.83218893449e-29,
        "mean": -7.69356578445e-09,
        "median": -6.55323129095e-09,
        "min": -3.62947396582e-08,
        "var": 2.13462973338e-17
    },
    "spectral_energy": {
        "dmean": 0.00968317128718,
        "dmean2": 0.0148970521986,
        "dvar": 0.000165845980518,
        "dvar2": 0.000385854131309,
        "max": 0.141814380884,
        "mean": 0.0304158944637,
        "median": 0.0261028446257,
        "min": 1.04612764666e-20,
        "var": 0.000323593383655
    },
    "spectral_energyband_high": {
        "dmean": 6.21046419838e-05,
        "dmean2": 0.000110168504762,
        "dvar": 3.0697602682e-08,
        "dvar2": 8.45427763352e-08,
        "max": 0.00453092483804,
        "mean": 6.37964330963e-05,
        "median": 4.08492405768e-06,
        "min": 7.48577694066e-21,
        "var": 2.88673209781e-08
    },
    "spectral_energyband_low": {
        "dmean": 0.00137929525226,
        "dmean2": 0.00202252180316,
        "dvar": 6.89591661285e-06,
        "dvar2": 1.5910150978e-05,
        "max": 0.0519427210093,
        "mean": 0.00400588056073,
        "median": 0.000968410924543,
        "min": 6.0548078458e-23,
        "var": 4.07989791711e-05
    },
    "spectral_energyband_middle_high": {
        "dmean": 0.00243492959999,
        "dmean2": 0.00393293984234,
        "dvar": 7.6572296166e-06,
        "dvar2": 2.01168077183e-05,
        "max": 0.040191821754,
        "mean": 0.00636167172343,
        "median": 0.00513936812058,
        "min": 1.40757150565e-21,
        "var": 2.50833709288e-05
    },
    "spectral_energyband_middle_low": {
        "dmean": 0.00854267179966,
        "dmean2": 0.0130729069933,
        "dvar": 0.000154962050146,
        "dvar2": 0.000358106888598,
        "max": 0.130741924047,
        "mean": 0.0211958047003,
        "median": 0.0170510523021,
        "min": 1.47067654105e-22,
        "var": 0.000255235645454
    },
    "spectral_entropy": {
        "dmean": 0.257473617792,
        "dmean2": 0.41424125433,
        "dvar": 0.108767338097,
        "dvar2": 0.276342779398,
        "max": 9.80787944794,
        "mean": 6.41291379929,
        "median": 6.32012701035,
        "min": 4.70936489105,
        "var": 0.306160897017
    },
    "spectral_flux": {
        "dmean": 0.0279844626784,
        "dmean2": 0.0460243560374,
        "dvar": 0.00110636511818,
        "dvar2": 0.00276729115285,
        "max": 0.3037340343,
        "mean": 0.0814679637551,
        "median": 0.0734046623111,
        "min": 6.95242335924e-11,
        "var": 0.00151343154721
    },
    "spectral_kurtosis": {
        "dmean": 21.8660240173,
        "dmean2": 37.057510376,
        "dvar": 697.075500488,
        "dvar2": 1850.2869873,
        "max": 361.227355957,
        "mean": 46.6862297058,
        "median": 28.5978946686,
        "min": -1.22351264954,
        "var": 2504.37866211
    },
    "spectral_rms": {
        "dmean": 0.000808581593446,
        "dmean2": 0.00122105679475,
        "dvar": 7.96746348897e-07,
        "dvar2": 1.76979665412e-06,
        "max": 0.0117624606937,
        "mean": 0.00522666890174,
        "median": 0.00504640350118,
        "min": 3.19470231519e-12,
        "var": 2.3558607154e-06
    },
    "spectral_rolloff": {
        "dmean": 125.57434845,
        "dmean2": 216.413879395,
        "dvar": 44831.1289062,
        "dvar2": 67548.921875,
        "max": 18884.6191406,
        "mean": 805.418945312,
        "median": 818.26171875,
        "min": 129.19921875,
        "var": 282987.28125
    },
    "spectral_skewness": {
        "dmean": 1.20106565952,
        "dmean2": 2.04458808899,
        "dvar": 1.53233218193,
        "dvar2": 4.26674413681,
        "max": 15.9097671509,
        "mean": 4.34225845337,
        "median": 3.72350978851,
        "min": -0.0215768422931,
        "var": 5.57576608658
    },
    "spectral_spread": {
        "dmean": 558260.8125,
        "dmean2": 941979.25,
        "dvar": 831205867520,
        "dvar2": 1.94894521958e+12,
        "max": 41523932,
        "mean": 1847849.875,
        "median": 1365460.5,
        "min": 219048.453125,
        "var": 2.09196744704e+12
    },
    "spectral_strongpeak": {
        "dmean": 0.677314519882,
        "dmean2": 1.14452457428,
        "dvar": 0.531670808792,
        "dvar2": 1.38595819473,
        "max": 7.44568157196,
        "mean": 1.38947153091,
        "median": 1.10674715042,
        "min": 0,
        "var": 1.04146122932
    },
    "zerocrossingrate": {
        "dmean": 0.00333550223149,
        "dmean2": 0.00429169787094,
        "dvar": 2.7206937375e-05,
        "dvar2": 3.84669037885e-05,
        "max": 0.50537109375,
        "mean": 0.0300594978034,
        "median": 0.0302734375,
        "min": 0.005859375,
        "var": 0.000241679139435
    },
    "barkbands": {
        "dmean": [0.000395053823013, 0.000577272032388, 0.000747890444472, 0.000708942068741, 0.00448801368475, 0.00326751475222, 0.000744764809497, 0.00100797147024, 0.00111002265476, 0.00192307936959, 0.00131965370383, 0.000766541867051, 0.000150893305545, 0.000164030076121, 8.28674819786e-05, 5.28656455572e-05, 4.73127911391e-05, 3.16585901601e-05, 2.71095195785e-05, 1.56912738021e-05, 1.58494731295e-05, 1.44471814565e-05, 1.10779174065e-05, 6.10043798588e-06, 6.2454437284e-06, 2.68445501206e-06, 1.16376463666e-06],
        "dmean2": [0.000658404605929, 0.000818286673166, 0.00112682650797, 0.0011327926768, 0.00702298711985, 0.00490798195824, 0.00120030890685, 0.00151057401672, 0.00170895725023, 0.00298962369561, 0.00215756497346, 0.00128618581221, 0.000246194307692, 0.00025438022567, 0.000139838637551, 9.14508273127e-05, 8.04012597655e-05, 5.41132685612e-05, 4.51393352705e-05, 2.70618456852e-05, 2.82485943899e-05, 2.57906340266e-05, 2.02793544304e-05, 1.10128867163e-05, 1.12617908599e-05, 4.41922747996e-06, 1.88433705262e-06],
        "dvar": [4.04576758228e-06, 2.31494982472e-06, 2.34707954405e-06, 1.06735978989e-06, 6.33778327028e-05, 6.87590436428e-05, 1.26452880522e-06, 2.32848992709e-06, 2.2669705686e-06, 6.11779069004e-06, 3.82103280572e-06, 1.94530366571e-06, 5.33570805317e-08, 1.37898979347e-07, 2.30564545234e-08, 1.20983258967e-08, 1.15240776921e-08, 7.31122673514e-09, 8.03174415864e-09, 1.79030490433e-09, 2.26809460102e-09, 1.91047333509e-09, 1.3909822183e-09, 3.28045063336e-10, 4.41624209424e-10, 7.25606658092e-11, 1.44531131854e-11],
        "dvar2": [1.03968441181e-05, 5.03015553477e-06, 5.4459801504e-06, 2.75320098808e-06, 0.000156289985171, 0.000154474430019, 3.2578104765e-06, 4.60786077383e-06, 5.1406905186e-06, 1.4140159692e-05, 1.00688903331e-05, 5.17659600519e-06, 1.32466823288e-07, 2.71140322639e-07, 6.07933756669e-08, 3.35541940899e-08, 3.11415426779e-08, 1.91580582509e-08, 2.06688515192e-08, 4.74710803999e-09, 6.34143670908e-09, 5.26194021688e-09, 3.92827503859e-09, 9.11943853765e-10, 1.25219035141e-09, 1.80430781427e-10, 3.51239246021e-11],
        "max": [0.0469587258995, 0.0347965918481, 0.0301864612848, 0.0132424719632, 0.093372836709, 0.0917074605823, 0.020555973053, 0.0323019139469, 0.0251304507256, 0.0436473786831, 0.0279118232429, 0.02261929214, 0.00394535670057, 0.0141646750271, 0.00234409444965, 0.00170883513056, 0.00138123426586, 0.00146683934145, 0.00182029046118, 0.00065420701867, 0.00108959036879, 0.00139170978218, 0.00108835264109, 0.000328178954078, 0.00036245083902, 0.000192774794414, 7.28523882572e-05],
        "mean": [0.000415878224885, 0.00169798673596, 0.00175639986992, 0.00113714719191, 0.00774723012, 0.00467727566138, 0.00134554621764, 0.00209823530167, 0.00202777516097, 0.00347028486431, 0.00198699557222, 0.00110136717558, 0.000243429705733, 0.000305198191199, 0.000115735711006, 6.87230276526e-05, 7.2633898526e-05, 4.10709835705e-05, 3.27863162966e-05, 1.90103237401e-05, 1.80881052074e-05, 1.38345703817e-05, 8.57164832269e-06, 5.3226426644e-06, 5.43792111785e-06, 2.78119659924e-06, 1.19979495139e-06],
        "median": [1.72744037741e-07, 2.98454483527e-06, 0.000465849094326, 0.000671849295031, 0.00443889573216, 0.0017184051685, 0.000897796009667, 0.00123180600349, 0.00126704038121, 0.00207384303212, 0.00105840829201, 0.000499995716382, 0.0001282816811, 0.000118756448501, 4.92040380777e-05, 1.98493507924e-05, 1.89294514712e-05, 7.30738429411e-06, 5.80809228268e-06, 2.71252042694e-06, 1.5758422478e-06, 5.774252827e-07, 2.50756784226e-07, 1.00265083347e-07, 3.74123700908e-08, 1.10340225845e-08, 1.05867101752e-08],
        "min": [5.7532043914e-24, 1.85171623756e-23, 9.26041055626e-24, 1.69180703233e-23, 2.62137078577e-24, 9.81546018892e-24, 3.63959311751e-23, 1.65437463574e-23, 4.0060212168e-23, 2.84136306909e-23, 4.5107098115e-23, 4.65435349373e-23, 7.73473952384e-23, 7.17139438767e-23, 1.16307013915e-22, 8.24712172117e-23, 9.4162419817e-23, 1.38240287954e-22, 1.38745625939e-22, 3.10488483127e-22, 3.91640762771e-22, 4.06065179086e-22, 5.76114383465e-22, 6.41059673583e-22, 8.97903949081e-22, 1.39308463679e-21, 2.45660161518e-21],
        "var": [4.46603280579e-06, 1.24777270685e-05, 9.01766088646e-06, 1.72007810306e-06, 8.94096010597e-05, 9.53533453867e-05, 2.19044864025e-06, 7.19500894775e-06, 5.50011827727e-06, 1.48477856783e-05, 6.40390908302e-06, 3.03052343043e-06, 1.048206002e-07, 3.90533386962e-07, 2.91168138489e-08, 1.46987728655e-08, 1.76377472627e-08, 9.05480757041e-09, 8.21669310369e-09, 2.07214290171e-09, 2.14592499326e-09, 1.68734237693e-09, 9.61679735845e-10, 2.6542720799e-10, 3.3249489273e-10, 8.70898075878e-11, 1.76428645998e-11]
    },
    "erbbands": {
        "dmean": [0.0154365384951, 0.150335326791, 0.78462433815, 1.33208930492, 8.29943561554, 14.6042118073, 30.3739967346, 21.274055481, 12.0863342285, 22.0285415649, 17.3528690338, 27.4632339478, 65.2627182007, 29.2590084076, 49.4741439819, 37.1555900574, 8.74359512329, 8.579454422, 4.43019247055, 3.91516590118, 2.53743839264, 2.43379259109, 1.9306961298, 1.45592582226, 1.17198944092, 0.783660590649, 0.610474705696, 0.669674217701, 0.518409609795, 0.390834420919, 0.303478807211, 0.144731447101, 0.112960986793, 0.0798392146826, 0.0353157110512, 0.0128263495862, 0.00492737954482, 0.000993728754111, 0.00019000453176, 2.45387309405e-05],
        "dmean2": [0.0254785586149, 0.203682333231, 1.12926828861, 2.10693240166, 12.7460393906, 23.0498390198, 46.8822822571, 32.5479316711, 18.8808288574, 35.3719291687, 25.5445632935, 41.830532074, 101.144630432, 46.6320724487, 80.949432373, 62.4579315186, 14.426776886, 13.2161245346, 7.2468123436, 6.71477460861, 4.38397979736, 4.17457389832, 3.2969596386, 2.45657706261, 1.96419131756, 1.33739173412, 1.0760717392, 1.19808709621, 0.922661483288, 0.712519407272, 0.553751885891, 0.260448485613, 0.205792710185, 0.144434973598, 0.062795214355, 0.0219774022698, 0.00804095435888, 0.00157039740589, 0.000314072822221, 3.69268636859e-05],
        "dvar": [0.00358045799658, 0.141420945525, 2.91797637939, 2.7648191452, 260.670318604, 725.188293457, 4723.67675781, 2418.0144043, 439.235107422, 1129.22753906, 510.851470947, 1374.13549805, 7230.74462891, 2505.84936523, 5871.23779297, 4879.09863281, 166.350921631, 384.426208496, 64.2227401733, 50.9496154785, 33.3946342468, 31.9218540192, 24.2124214172, 22.8560886383, 11.9588212967, 4.72575902939, 3.81655406952, 4.6492600441, 2.81513571739, 1.43231391907, 1.09053385258, 0.208264559507, 0.110101826489, 0.0751398652792, 0.0125331394374, 0.0015735240886, 0.000276717502857, 1.09364236778e-05, 3.92015323314e-07, 3.07453862369e-09],
        "dvar2": [0.00996941328049, 0.276073485613, 6.09777498245, 7.03895759583, 586.25970459, 1782.96801758, 10836.4560547, 5530.2890625, 1103.67480469, 2568.20947266, 1062.46228027, 2973.3515625, 16380.84375, 6022.89355469, 15734.4951172, 12953.1796875, 435.429382324, 739.726867676, 163.091262817, 136.245300293, 91.7616500854, 87.1108551025, 63.4303779602, 59.4895095825, 30.2682647705, 12.3434553146, 10.7536735535, 13.0163803101, 7.82040548325, 3.9919064045, 3.08699536324, 0.582004249096, 0.308440506458, 0.214192554355, 0.0342307500541, 0.00414598500356, 0.00068022304913, 2.52316021943e-05, 9.98534915198e-07, 7.06378511239e-09],
        "max": [1.73422217369, 8.08931255341, 37.4348144531, 20.5364589691, 181.779388428, 324.275543213, 597.264099121, 528.27154541, 416.796813965, 627.939758301, 365.17098999, 586.836303711, 1702.24768066, 912.287780762, 1427.76794434, 1137.49499512, 202.819137573, 750.182983398, 146.792129517, 132.523269653, 70.0430221558, 67.1340484619, 72.3507614136, 87.6100387573, 72.8081512451, 40.3823242188, 30.456735611, 49.8120613098, 62.780380249, 30.7715530396, 31.4234733582, 9.48836898804, 5.00349140167, 4.89953804016, 1.82783579826, 0.747277855873, 0.442782461643, 0.0716142058372, 0.0114569356665, 0.00112278736196],
        "mean": [0.0418802127242, 0.423455268145, 2.07506942749, 2.67264604568, 15.3218851089, 23.4517421722, 39.4730529785, 32.8526573181, 21.6391582489, 40.3917922974, 39.0513000488, 53.1588821411, 113.40599823, 56.1252593994, 79.2058029175, 54.9291229248, 15.5972261429, 16.5869846344, 7.60376739502, 5.62497711182, 3.56419491768, 3.60213303566, 2.74745297432, 1.76174807549, 1.45229935646, 0.961601436138, 0.777548849583, 0.69141638279, 0.504958808422, 0.339473664761, 0.238645553589, 0.123323746026, 0.0951922312379, 0.068710193038, 0.03092267178, 0.0125613100827, 0.0052364775911, 0.00101836316753, 0.000194561143871, 5.16221552971e-05],
        "median": [0.000220633184654, 0.0081081064418, 0.35250094533, 2.00884842873, 5.38052129745, 13.4277534485, 12.59512043, 14.0541229248, 13.1894407272, 23.1695537567, 26.7326622009, 34.8758773804, 71.3157806396, 29.7858943939, 42.9524116516, 25.2354564667, 9.97619533539, 6.86576128006, 3.73674941063, 2.28229188919, 1.09149694443, 0.981497108936, 0.546393573284, 0.341096013784, 0.242133662105, 0.140337362885, 0.0713874697685, 0.0595169663429, 0.0233617220074, 0.0127007355914, 0.00626316294074, 0.00284922821447, 0.00135015801061, 0.000564765359741, 0.000211880833376, 7.28756422177e-05, 2.70814398391e-05, 5.90294939684e-06, 1.50100995597e-05, 3.15978722938e-05],
        "min": [3.88302328663e-22, 4.67239471739e-21, 1.03780091057e-20, 4.18575878925e-20, 2.84319166382e-20, 4.98321671828e-21, 3.64391348276e-20, 1.25390215256e-19, 3.61615317216e-19, 6.91274476019e-19, 4.15469427984e-19, 1.03073569923e-18, 5.41879918826e-19, 1.56593592782e-18, 2.04208972953e-18, 2.53217273577e-18, 2.92502190178e-18, 4.43041699755e-18, 4.52259097398e-18, 5.61102624325e-18, 5.45078729653e-18, 6.77809909181e-18, 8.7026464563e-18, 9.3776233546e-18, 9.02707330999e-18, 1.28240688953e-17, 1.30888245939e-17, 1.42104616522e-17, 1.47963387908e-17, 1.57593308794e-17, 1.8146600597e-17, 1.50517523117e-17, 1.06069560199e-17, 9.30876801323e-18, 7.25316463403e-18, 4.71211418234e-18, 2.7164578229e-18, 1.37682837772e-18, 3.14174544532e-19, 3.13119818165e-20],
        "var": [0.015569225885, 0.690147817135, 14.0165433884, 5.63831520081, 537.983337402, 996.329833984, 5941.71289062, 3519.80566406, 762.284545898, 2815.46875, 1598.08190918, 3551.8347168, 15724.7099609, 5524.08789062, 10097.2695312, 7750.60351562, 325.601593018, 1125.49951172, 112.895263672, 66.3483581543, 36.6396751404, 43.4040184021, 33.6303672791, 23.0053291321, 13.5311937332, 5.50495004654, 3.89333438873, 3.87574577332, 2.39355778694, 1.14034318924, 0.752761423588, 0.160059347749, 0.0852177217603, 0.0544343851507, 0.0112884351984, 0.0016201029066, 0.000343795923982, 1.43354918691e-05, 4.18667156055e-07, 4.91973084493e-09]
    },
    "gfcc": {
        "mean": [-94.8104324341, 185.38734436, -134.612609863, -31.2743225098, -59.0705223083, -13.8633966446, -24.252866745, -18.2609100342, -25.2651195526, -20.8737030029, -14.9642009735, -12.2058582306, -7.00823879242],
        "cov": [[9008.33007812, -2835.69287109, 895.659484863, 2640.31005859, -5.72296524048, 550.561157227, -862.249572754, 296.965118408, -142.290084839, 711.058288574, -13.6374950409, 493.043762207, 22.1214733124], [-2835.69287109, 2175.98120117, -744.775878906, -1159.23303223, 160.336288452, -428.863372803, 468.996429443, -315.782196045, 89.4345321655, -464.595031738, 20.658657074, -353.807739258, 7.60641813278], [895.659484863, -744.775878906, 983.571105957, 671.505187988, 46.9848937988, 323.099914551, -158.993637085, 215.223617554, 45.9862480164, 265.6065979, 41.6711883545, 250.252853394, 50.8436775208], [2640.31005859, -1159.23303223, 671.505187988, 1597.73449707, 207.118515015, 298.010650635, -295.988128662, 191.499725342, 116.963798523, 431.96774292, 51.9885368347, 223.946609497, 53.8048400879], [-5.72296524048, 160.336288452, 46.9848937988, 207.118515015, 306.678314209, 47.4904212952, 46.84608078, 38.365852356, 80.1441574097, 53.5206756592, 33.5319442749, 9.30091190338, -0.857806444168], [550.561157227, -428.863372803, 323.099914551, 298.010650635, 47.4904212952, 279.434661865, -35.8511657715, 106.536819458, 4.96165037155, 115.192375183, 8.45124340057, 100.08266449, -3.17162370682], [-862.249572754, 468.996429443, -158.993637085, -295.988128662, 46.84608078, -35.8511657715, 271.847991943, -6.88476753235, 32.1502304077, -91.1497344971, 4.26320743561, -80.2306213379, -23.8866119385], [296.965118408, -315.782196045, 215.223617554, 191.499725342, 38.365852356, 106.536819458, -6.88476753235, 168.937301636, 46.8524360657, 109.775756836, 6.41837453842, 79.0065155029, -1.75333607197], [-142.290084839, 89.4345321655, 45.9862480164, 116.963798523, 80.1441574097, 4.96165037155, 32.1502304077, 46.8524360657, 121.240570068, 57.4457702637, 20.9630451202, -2.48246955872, 9.57556152344], [711.058288574, -464.595031738, 265.6065979, 431.96774292, 53.5206756592, 115.192375183, -91.1497344971, 109.775756836, 57.4457702637, 222.839035034, 48.9192276001, 102.596923828, -0.404744029045], [-13.6374950409, 20.658657074, 41.6711883545, 51.9885368347, 33.5319442749, 8.45124340057, 4.26320743561, 6.41837453842, 20.9630451202, 48.9192276001, 68.7032546997, 40.29945755, 11.8004827499], [493.043762207, -353.807739258, 250.252853394, 223.946609497, 9.30091190338, 100.08266449, -80.2306213379, 79.0065155029, -2.48246955872, 102.596923828, 40.29945755, 146.590835571, 37.0765838623], [22.1214733124, 7.60641813278, 50.8436775208, 53.8048400879, -0.857806444168, -3.17162370682, -23.8866119385, -1.75333607197, 9.57556152344, -0.404744029045, 11.8004827499, 37.0765838623, 71.1400680542]],
        "icov": [[0.000373095070245, -0.000384686980397, 0.000455948640592, -0.000755874265451, 0.000413523899624, -0.000306932721287, 0.000591076328419, -0.000454987282865, 0.00105483387597, -0.000517280423082, 0.000900019018445, -0.00107861158904, 0.000617418030743], [-0.000384686980397, 0.00560451252386, -0.00210082973354, 0.00239301566035, -0.00366705120541, 0.00286436686292, -0.00371339987032, 0.00453949766234, -0.00594245828688, 0.00640120264143, -0.00721157388762, 0.00679864222184, -0.00335031584837], [0.000455948640592, -0.00210082973354, 0.00362033164129, -0.00168991275132, 0.00181045336649, -0.00265513174236, 0.00182236160617, -0.0023919083178, 0.00220227474347, -0.002872468438, 0.00375694781542, -0.00549658853561, 0.0011586509645], [-0.000755874265451, 0.00239301566035, -0.00168991275132, 0.00392078747973, -0.00278276647441, 0.000889050890692, -0.00130766141228, 0.00299634574912, -0.00387521646917, -0.000437131180661, -0.00210667517968, 0.00413805479184, -0.00342565379106], [0.000413523899624, -0.00366705120541, 0.00181045336649, -0.00278276647441, 0.00718440162018, -0.00259893131442, 0.00174852728378, -0.00326151004992, 0.00175774900708, -0.00265089585446, 0.00277832779102, -0.00476701790467, 0.00332364300266], [-0.000306932721287, 0.00286436686292, -0.00265513174236, 0.000889050890692, -0.00259893131442, 0.00867262389511, -0.00333276786841, 0.00131319602951, -0.00146991247311, 0.00266369269229, -0.00202853837982, 0.00148599850945, 5.80523264944e-05], [0.000591076328419, -0.00371339987032, 0.00182236160617, -0.00130766141228, 0.00174852728378, -0.00333276786841, 0.00977170653641, -0.00603532651439, 0.00291776936501, -0.00132378714625, 0.000956471427344, -0.00135782442521, 0.0030533473473], [-0.000454987282865, 0.00453949766234, -0.0023919083178, 0.00299634574912, -0.00326151004992, 0.00131319602951, -0.00603532651439, 0.0185299441218, -0.00952992681414, -0.000541260815226, 0.00255306437612, -0.00238219182938, -0.000353449315298], [0.00105483387597, -0.00594245828688, 0.00220227474347, -0.00387521646917, 0.00175774900708, -0.00146991247311, 0.00291776936501, -0.00952992681414, 0.0230951402336, -0.0113497097045, 0.00542835658416, -0.000956170784775, -0.00121051457245], [-0.000517280423082, 0.00640120264143, -0.002872468438, -0.000437131180661, -0.00265089585446, 0.00266369269229, -0.00132378714625, -0.000541260815226, -0.0113497097045, 0.0270714610815, -0.0186542849988, 0.00585417635739, 0.00321390549652], [0.000900019018445, -0.00721157388762, 0.00375694781542, -0.00210667517968, 0.00277832779102, -0.00202853837982, 0.000956471427344, 0.00255306437612, 0.00542835658416, -0.0186542849988, 0.0384973548353, -0.021667778492, 0.00379672925919], [-0.00107861158904, 0.00679864222184, -0.00549658853561, 0.00413805479184, -0.00476701790467, 0.00148599850945, -0.00135782442521, -0.00238219182938, -0.000956170784775, 0.00585417635739, -0.021667778492, 0.0353235155344, -0.0147523041815], [0.000617418030743, -0.00335031584837, 0.0011586509645, -0.00342565379106, 0.00332364300266, 5.80523264944e-05, 0.0030533473473, -0.000353449315298, -0.00121051457245, 0.00321390549652, 0.00379672925919, -0.0147523041815, 0.0242849905044]]
    },
    "melbands": {
        "dmean": [0.000146112623042, 0.000323519954691, 0.000406211707741, 0.000752881751396, 0.00104817713145, 0.000527034397237, 0.000168110665982, 0.000243414251599, 0.000158078968525, 0.000162989686942, 0.000327452726196, 0.000123122677905, 0.000188048477867, 9.48818051256e-05, 6.21683502686e-05, 1.28951305669e-05, 1.76428820851e-05, 7.81420112617e-06, 6.55997382637e-06, 4.63851074528e-06, 2.77001640825e-06, 2.58852537627e-06, 2.45869387072e-06, 1.62133426329e-06, 1.18250511605e-06, 9.05723709366e-07, 7.17231330327e-07, 4.85382770421e-07, 3.89367471598e-07, 3.45188425399e-07, 4.26407098075e-07, 3.13237563887e-07, 2.40317035605e-07, 2.07690675325e-07, 1.81161027513e-07, 1.34736581003e-07, 7.54835056682e-08, 8.06111160045e-08, 8.23811348027e-08, 6.01876237738e-08],
        "dmean2": [0.000224551549763, 0.000457523245132, 0.00062717468245, 0.00118625944015, 0.00161328678951, 0.000797777669504, 0.000262322224444, 0.000387908803532, 0.000236556734308, 0.000248917320278, 0.000508040713612, 0.000196202163352, 0.00030707474798, 0.000158471011673, 0.000104188904515, 2.10947146115e-05, 2.71089065791e-05, 1.2854351553e-05, 1.12202733362e-05, 7.94686729932e-06, 4.77462708659e-06, 4.42160035163e-06, 4.22523271482e-06, 2.76555442724e-06, 2.00011322704e-06, 1.5283085304e-06, 1.20548247651e-06, 8.37315496938e-07, 6.90916635904e-07, 6.02800298566e-07, 7.67183280459e-07, 5.55987469397e-07, 4.36258233094e-07, 3.81090501378e-07, 3.31270740617e-07, 2.4522208264e-07, 1.35953555969e-07, 1.47884762214e-07, 1.4944841098e-07, 1.08463382276e-07],
        "dvar": [2.18340602487e-07, 4.98788097048e-07, 4.18048983875e-07, 1.5949868839e-06, 5.1852116485e-06, 1.53387190949e-06, 8.1768938287e-08, 1.47036473663e-07, 4.32575220088e-08, 4.50423485177e-08, 1.81096481811e-07, 4.96383663062e-08, 7.80977842396e-08, 2.56150816114e-08, 1.14988845112e-08, 4.30601304613e-10, 1.85775117512e-09, 2.1303740716e-10, 1.63553295907e-10, 7.71485375584e-11, 4.7312802981e-11, 3.69725326743e-11, 3.32163879735e-11, 2.15064823589e-11, 1.61066715521e-11, 7.70920827176e-12, 4.0039221938e-12, 1.88071867108e-12, 1.69046070544e-12, 9.37044495816e-13, 2.16726766741e-12, 1.04368824781e-12, 5.92961714885e-13, 4.25811838047e-13, 3.7126622306e-13, 2.67554153745e-13, 6.08253885085e-14, 5.59409831825e-14, 7.94744248168e-14, 4.12678822592e-14],
        "dvar2": [5.65736627323e-07, 1.00915201529e-06, 9.48086722019e-07, 3.94420385419e-06, 1.20308113765e-05, 3.4766853787e-06, 2.04056931352e-07, 3.21339655329e-07, 9.64631752254e-08, 9.89639588056e-08, 4.11189375882e-07, 1.18024885865e-07, 2.04097247547e-07, 6.8343901205e-08, 3.07408676292e-08, 1.01431452126e-09, 3.53837403821e-09, 5.38187272525e-10, 4.36806230075e-10, 2.15619772037e-10, 1.30520289021e-10, 1.0000775208e-10, 9.0780619133e-11, 5.57270410373e-11, 4.20970654169e-11, 1.9756075248e-11, 1.022221717e-11, 5.00272479692e-12, 4.78249341171e-12, 2.57142397653e-12, 6.11751534846e-12, 2.88997233262e-12, 1.65749521313e-12, 1.19410243412e-12, 1.05144994274e-12, 7.60896770938e-13, 1.69952851163e-13, 1.57511631234e-13, 2.26400793729e-13, 1.16885843994e-13],
        "max": [0.0125473309308, 0.0153916217387, 0.00721104815602, 0.0150601640344, 0.0217692684382, 0.0132066663355, 0.00559650175273, 0.00774822290987, 0.00329901394434, 0.00314114359207, 0.00841024331748, 0.00407663825899, 0.00384861766361, 0.00260729296133, 0.00159785302822, 0.000807014352176, 0.00172143883538, 0.000266780436505, 0.000216080792597, 0.00017279687745, 8.62963788677e-05, 9.050269e-05, 8.03643124527e-05, 8.38126725284e-05, 7.22797703929e-05, 5.50496370124e-05, 4.63907854282e-05, 2.1475208996e-05, 2.02625014936e-05, 1.77266338142e-05, 3.33924654115e-05, 3.69009176211e-05, 2.48881915468e-05, 1.48091503434e-05, 1.71468564076e-05, 1.55791622092e-05, 5.45326884094e-06, 3.88456510336e-06, 6.62975344312e-06, 3.91875209971e-06],
        "mean": [0.000427365856012, 0.000900126760826, 0.000838307489175, 0.00137018237729, 0.00143623538315, 0.000802376132924, 0.000307440321194, 0.000455972651253, 0.000339558464475, 0.000313429074595, 0.000563946028706, 0.000217700682697, 0.000283092376776, 0.000141507669468, 8.97822174011e-05, 2.05977648875e-05, 3.31860865117e-05, 1.26198119688e-05, 8.59875672177e-06, 6.3974148361e-06, 3.77718174605e-06, 3.83046472052e-06, 3.24701227328e-06, 2.13121302295e-06, 1.32754189508e-06, 1.06864865757e-06, 8.79948231614e-07, 5.76899594762e-07, 4.89049625685e-07, 4.32887219404e-07, 3.96799435975e-07, 3.04627405967e-07, 2.20733511469e-07, 1.72506787521e-07, 1.42612648801e-07, 1.04798075995e-07, 6.54418244039e-08, 6.64786625748e-08, 6.91397090691e-08, 5.23617558201e-08],
        "median": [6.14659370513e-07, 0.000124975471408, 0.000482685805764, 0.000733451568522, 0.000502640847117, 0.000332707888447, 0.000189468759345, 0.000254879763816, 0.000221342677833, 0.00020637716807, 0.000351329450496, 0.000105443534267, 0.000148278486449, 7.13644112693e-05, 4.19990938099e-05, 1.14308022603e-05, 1.22251522043e-05, 5.76875527258e-06, 3.27489783558e-06, 2.2837321012e-06, 9.40719019127e-07, 1.02425246951e-06, 6.57307168694e-07, 3.7499279415e-07, 2.41879490659e-07, 1.86384355061e-07, 1.42531774827e-07, 7.29732505533e-08, 4.25159072392e-08, 3.98356192477e-08, 2.69505644468e-08, 1.2454376197e-08, 9.5310426218e-09, 5.89617954461e-09, 3.6138174675e-09, 2.4444570812e-09, 1.35548128277e-09, 9.89368698079e-10, 6.25219098715e-10, 3.77270464869e-10],
        "min": [5.29500123992e-24, 5.80509013972e-24, 7.90198024455e-24, 8.36605922649e-25, 1.11707812054e-24, 3.08049217134e-24, 5.70945968763e-24, 6.75958580263e-24, 3.60205406693e-24, 6.57196194164e-24, 2.32111967562e-24, 6.04099544356e-24, 7.30654724443e-24, 5.23118988687e-24, 6.21120125576e-24, 7.806823109e-24, 7.49884550071e-24, 5.74439991484e-24, 9.76938913433e-24, 6.07086447844e-24, 6.07168568264e-24, 5.80953734308e-24, 8.18109658776e-24, 7.02114762411e-24, 6.58554652086e-24, 5.14563555512e-24, 8.4130295825e-24, 8.38532399865e-24, 7.16202240457e-24, 7.80661406086e-24, 7.52926949925e-24, 6.69249949353e-24, 1.01713248096e-23, 7.50223208058e-24, 1.11652974388e-23, 8.77494161088e-24, 8.00624320154e-24, 7.45694909804e-24, 6.59073091473e-24, 7.78948710175e-24],
        "var": [1.07001312699e-06, 2.60634601545e-06, 9.17677937196e-07, 2.67896348305e-06, 6.63703531245e-06, 2.23161987378e-06, 1.46722669569e-07, 3.90831701225e-07, 1.28050601234e-07, 1.17459286741e-07, 3.94056456798e-07, 1.0008432838e-07, 1.32955491949e-07, 4.06790405805e-08, 1.87607778201e-08, 9.08195851856e-10, 5.35208588559e-09, 3.63097107936e-10, 1.84682893978e-10, 1.11833341199e-10, 5.24435599114e-11, 5.23544887998e-11, 4.27269365721e-11, 2.7403671346e-11, 1.52522230956e-11, 8.12472224915e-12, 4.64752715479e-12, 2.09572181657e-12, 1.70373806209e-12, 1.09667700268e-12, 1.62154350277e-12, 8.90256401584e-13, 4.8696853841e-13, 3.22514177907e-13, 2.59817259938e-13, 1.77239286073e-13, 4.70534933716e-14, 4.20722958967e-14, 5.65417396063e-14, 3.12826614656e-14]
    },
    "mfcc": {
        "mean": [-732.152648926, 218.12940979, -18.4719009399, -15.1412401199, -20.7596168518, -10.3633060455, -5.79159116745, -5.05123472214, -9.54514026642, -13.3825855255, -12.5257539749, -12.0869245529, -10.7708921432],
        "cov": [[5607.93408203, -1932.05529785, 354.480712891, 1634.88354492, 714.887695312, 640.16986084, -87.4018859863, -109.676445007, 16.04139328, 109.493057251, 254.283248901, 194.412353516, 100.865287781], [-1932.05529785, 1917.21691895, -527.518066406, -838.311279297, -365.083129883, -356.619262695, 32.1016731262, -22.9916610718, -93.792350769, -134.35585022, -202.855148315, -169.753662109, -125.422157288], [354.480712891, -527.518066406, 794.660644531, 327.268890381, 250.111633301, 215.233001709, 38.7617301941, 112.885253906, 91.3884811401, 92.9046401978, 107.318206787, 104.769615173, 101.440872192], [1634.88354492, -838.311279297, 327.268890381, 1144.35998535, 473.098144531, 391.880767822, -4.29847335815, -31.0821475983, 110.272163391, 175.268417358, 210.958892822, 144.926605225, 77.0967636108], [714.887695312, -365.083129883, 250.111633301, 473.098144531, 462.360229492, 233.883605957, 9.97578525543, 31.0517082214, 60.378162384, 99.9301834106, 108.037025452, 91.4206161499, 75.9476089478], [640.16986084, -356.619262695, 215.233001709, 391.880767822, 233.883605957, 288.189697266, 52.9687614441, 36.6536941528, 53.0969848633, 79.2057800293, 93.5770568848, 70.2990112305, 51.5235977173], [-87.4018859863, 32.1016731262, 38.7617301941, -4.29847335815, 9.97578525543, 52.9687614441, 119.674430847, 60.0269470215, 22.1208019257, 12.6117286682, 22.0174846649, 23.5708389282, 13.7214975357], [-109.676445007, -22.9916610718, 112.885253906, -31.0821475983, 31.0517082214, 36.6536941528, 60.0269470215, 120.865142822, 53.8950042725, 23.4685058594, 19.6153621674, 22.5051670074, 21.7772083282], [16.04139328, -93.792350769, 91.3884811401, 110.272163391, 60.378162384, 53.0969848633, 22.1208019257, 53.8950042725, 101.739997864, 69.5821838379, 45.1433143616, 28.9894809723, 20.2196865082], [109.493057251, -134.35585022, 92.9046401978, 175.268417358, 99.9301834106, 79.2057800293, 12.6117286682, 23.4685058594, 69.5821838379, 111.910186768, 75.7590103149, 41.252166748, 22.9847068787], [254.283248901, -202.855148315, 107.318206787, 210.958892822, 108.037025452, 93.5770568848, 22.0174846649, 19.6153621674, 45.1433143616, 75.7590103149, 118.326522827, 75.1669845581, 40.6852989197], [194.412353516, -169.753662109, 104.769615173, 144.926605225, 91.4206161499, 70.2990112305, 23.5708389282, 22.5051670074, 28.9894809723, 41.252166748, 75.1669845581, 92.1203308105, 55.7248725891], [100.865287781, -125.422157288, 101.440872192, 77.0967636108, 75.9476089478, 51.5235977173, 13.7214975357, 21.7772083282, 20.2196865082, 22.9847068787, 40.6852989197, 55.7248725891, 75.6837539673]],
