{
"lowlevel": {
    "average_loudness": 0.69670265913,
    "barkbands_crest": {
        "dmean": 2.38814759254,
        "dmean2": 3.84369087219,
        "dvar": 4.91093015671,
        "dvar2": 13.0658044815,
        "max": 25.5410289764,
        "mean": 10.2893447876,
        "median": 9.43853759766,
        "min": 3.03003740311,
        "var": 16.6318225861
    },
    "barkbands_flatness_db": {
        "dmean": 0.0206978041679,
        "dmean2": 0.0300876963884,
        "dvar": 0.000419847958256,
        "dvar2": 0.000905275752302,
        "max": 0.594435632229,
        "mean": 0.160266876221,
        "median": 0.144681602716,
        "min": 0.0306944474578,
        "var": 0.00658565061167
    },
    "barkbands_kurtosis": {
        "dmean": 3.69402503967,
        "dmean2": 5.65047359467,
        "dvar": 41.3831977844,
        "dvar2": 97.5085372925,
        "max": 175.567871094,
        "mean": 7.0648188591,
        "median": 4.17225551605,
        "min": -1.97108566761,
        "var": 115.916816711
    },
    "barkbands_skewness": {
        "dmean": 0.574727356434,
        "dmean2": 0.843833208084,
        "dvar": 0.317873030901,
        "dvar2": 0.718785941601,
        "max": 11.9472179413,
        "mean": 1.78944218159,
        "median": 1.68015360832,
        "min": -3.59300971031,
        "var": 1.63849747181
    },
    "barkbands_spread": {
        "dmean": 6.49113798141,
        "dmean2": 9.38011360168,
        "dvar": 111.513572693,
        "dvar2": 225.558517456,
        "max": 128.42930603,
        "mean": 18.4293994904,
        "median": 13.1365642548,
        "min": 0.174824848771,
        "var": 284.253601074
    },
    "dissonance": {
        "dmean": 0.0307250227779,
        "dmean2": 0.0500726774335,
        "dvar": 0.000742059783079,
        "dvar2": 0.00196847226471,
        "max": 0.5,
        "mean": 0.409457802773,
        "median": 0.417140066624,
        "min": 0.139110311866,
        "var": 0.00254812720232
    },
    "dynamic_complexity": 3.10697364807,
    "erbbands_crest": {
        "dmean": 2.90788555145,
        "dmean2": 4.46727371216,
        "dvar": 6.88223409653,
        "dvar2": 15.9874839783,
        "max": 31.9955043793,
        "mean": 12.0642671585,
        "median": 10.9372634888,
        "min": 2.66822814941,
        "var": 28.6311645508
    },
    "erbbands_flatness_db": {
        "dmean": 0.0219262242317,
        "dmean2": 0.028068959713,
        "dvar": 0.000538112886716,
        "dvar2": 0.000873957586009,
        "max": 0.488868445158,
        "mean": 0.160405769944,
        "median": 0.150307953358,
        "min": 0.027875892818,
        "var": 0.00437768641859
    },
    "erbbands_kurtosis": {
        "dmean": 2.06598544121,
        "dmean2": 2.93229150772,
        "dvar": 16.6613616943,
        "dvar2": 27.5771274567,
        "max": 268.036376953,
        "mean": 4.50770139694,
        "median": 1.99336147308,
        "min": -1.82519757748,
        "var": 206.064941406
    },
    "erbbands_skewness": {
        "dmean": 0.417187124491,
        "dmean2": 0.61153537035,
        "dvar": 0.183838203549,
        "dvar2": 0.38451808691,
        "max": 12.5258207321,
        "mean": 0.971856057644,
        "median": 0.903164625168,
        "min": -3.48864841461,
        "var": 1.02916944027
    },
    "erbbands_spread": {
        "dmean": 9.13400936127,
        "dmean2": 12.9383869171,
        "dvar": 162.913543701,
        "dvar2": 331.885040283,
        "max": 197.907623291,
        "mean": 31.8864536285,
        "median": 25.391040802,
        "min": 0.434869676828,
        "var": 552.79876709
    },
    "hfc": {
        "dmean": 12.717675209,
        "dmean2": 17.5218811035,
        "dvar": 1602.65026855,
        "dvar2": 3013.61547852,
        "max": 2125.84887695,
        "mean": 27.4516067505,
        "median": 14.5899600983,
        "min": 1.24440257259e-16,
        "var": 3973.93383789
    },
    "melbands_crest": {
        "dmean": 3.08761787415,
        "dmean2": 4.95215797424,
        "dvar": 7.70136070251,
        "dvar2": 20.2477970123,
        "max": 36.0519981384,
        "mean": 14.4898929596,
        "median": 13.5008583069,
        "min": 2.52747035027,
        "var": 30.9363479614
    },
    "melbands_flatness_db": {
        "dmean": 0.0237817801535,
        "dmean2": 0.035130713135,
        "dvar": 0.000562076398637,
        "dvar2": 0.00126149156131,
        "max": 0.766140043736,
        "mean": 0.256511032581,
        "median": 0.240196734667,
        "min": 0.0086173620075,
        "var": 0.00984301138669
    },
    "melbands_kurtosis": {
        "dmean": 7.09641027451,
        "dmean2": 11.0918560028,
        "dvar": 220.85345459,
        "dvar2": 558.593078613,
        "max": 422.40133667,
        "mean": 13.9043588638,
        "median": 7.33167743683,
        "min": -1.85049033165,
        "var": 493.534698486
    },
    "melbands_skewness": {
        "dmean": 0.702809274197,
        "dmean2": 1.05502068996,
        "dvar": 0.685657560825,
        "dvar2": 1.6207767725,
        "max": 16.9818840027,
        "mean": 2.33058166504,
        "median": 2.09418964386,
        "min": -2.93103051186,
        "var": 2.96417140961
    },
    "melbands_spread": {
        "dmean": 4.31697225571,
        "dmean2": 6.43695878983,
        "dvar": 83.8178634644,
        "dvar2": 156.565322876,
        "max": 246.846633911,
        "mean": 15.7315788269,
        "median": 13.2278156281,
        "min": 0.238979592919,
        "var": 286.258789062
    },
    "pitch_salience": {
        "dmean": 0.0617682300508,
        "dmean2": 0.0992929562926,
        "dvar": 0.00286064855754,
        "dvar2": 0.00742889754474,
        "max": 0.919985294342,
        "mean": 0.523045182228,
        "median": 0.528253734112,
        "min": 0.0642808228731,
        "var": 0.0106213027611
    },
    "silence_rate_20dB": {
        "dmean": 0.000136714748805,
        "dmean2": 0.00027344818227,
        "dvar": 0.000136690883664,
        "dvar2": 0.000273352721706,
        "max": 1,
        "mean": 0.999863266945,
        "median": 1,
        "min": 0,
        "var": 0.000136681541335
    },
    "silence_rate_30dB": {
        "dmean": 0.0213274993002,
        "dmean2": 0.0426579155028,
        "dvar": 0.0208742078394,
        "dvar2": 0.0490479022264,
        "max": 1,
        "mean": 0.973615884781,
        "median": 1,
        "min": 0,
        "var": 0.0256905052811
    },
    "silence_rate_60dB": {
        "dmean": 0.00615216372535,
        "dmean2": 0.012305168435,
        "dvar": 0.00611460255459,
        "dvar2": 0.0132486801594,
        "max": 1,
        "mean": 0.0368421040475,
        "median": 0,
        "min": 0,
        "var": 0.0354854315519
    },
    "spectral_centroid": {
        "dmean": 152.30519104,
        "dmean2": 227.602233887,
        "dvar": 65141.5703125,
        "dvar2": 114197.546875,
        "max": 10821.1689453,
        "mean": 829.155883789,
        "median": 720.629638672,
        "min": 119.948303223,
        "var": 295947.625
    },
    "spectral_complexity": {
        "dmean": 1.95570445061,
        "dmean2": 3.14779877663,
        "dvar": 4.70194673538,
        "dvar2": 10.2876501083,
        "max": 48,
        "mean": 12.8032808304,
        "median": 12,
        "min": 0,
        "var": 31.1408863068
    },
    "spectral_decrease": {
        "dmean": 2.62602384282e-09,
        "dmean2": 4.17643608586e-09,
        "dvar": 1.98978230175e-17,
        "dvar2": 5.26563821925e-17,
        "max": -1.43613692012e-29,
        "mean": -8.52020765052e-09,
        "median": -6.68629951406e-09,
        "min": -9.90756490182e-08,
        "var": 5.2356641717e-17
    },
    "spectral_energy": {
        "dmean": 0.0106016229838,
        "dmean2": 0.0166743602604,
        "dvar": 0.000322417356074,
        "dvar2": 0.000838253763504,
        "max": 0.384075134993,
        "mean": 0.0346472039819,
        "median": 0.0271715521812,
        "min": 1.13412972797e-20,
        "var": 0.000873187789693
    },
    "spectral_energyband_high": {
        "dmean": 0.00110178580508,
        "dmean2": 0.00147787923925,
        "dvar": 2.55334653048e-05,
        "dvar2": 4.7074201575e-05,
        "max": 0.268297702074,
        "mean": 0.00171536509879,
        "median": 0.00027634925209,
        "min": 8.17629907652e-21,
        "var": 6.44139145152e-05
    },
    "spectral_energyband_low": {
        "dmean": 0.00656288815662,
        "dmean2": 0.011197024025,
        "dvar": 0.000234191480558,
        "dvar2": 0.000662929145619,
        "max": 0.276289790869,
        "mean": 0.0131574627012,
        "median": 0.00573376379907,
        "min": 5.9917488294e-23,
        "var": 0.000361256679753
    },
    "spectral_energyband_middle_high": {
        "dmean": 0.0014789289562,
        "dmean2": 0.0021503448952,
        "dvar": 5.58136298423e-06,
        "dvar2": 1.06003071778e-05,
        "max": 0.0812264382839,
        "mean": 0.00441886624321,
        "median": 0.00323056033812,
        "min": 1.72416973542e-21,
        "var": 2.74388621619e-05
    },
    "spectral_energyband_middle_low": {
        "dmean": 0.00558979343623,
        "dmean2": 0.00826673954725,
        "dvar": 8.55948965182e-05,
        "dvar2": 0.00019797431014,
        "max": 0.374572902918,
        "mean": 0.0183218438178,
        "median": 0.0133038107306,
        "min": 3.89325702138e-22,
        "var": 0.000321592990076
    },
    "spectral_entropy": {
        "dmean": 0.206851005554,
        "dmean2": 0.266548067331,
        "dvar": 0.0541503280401,
        "dvar2": 0.0952591970563,
        "max": 9.79291915894,
        "mean": 7.14440107346,
        "median": 7.20812988281,
        "min": 3.27828884125,
        "var": 0.532755792141
    },
    "spectral_flux": {
        "dmean": 0.0209823939949,
        "dmean2": 0.0335214808583,
        "dvar": 0.000831523444504,
        "dvar2": 0.00181841873564,
        "max": 0.454279750586,
        "mean": 0.0762453004718,
        "median": 0.066982164979,
        "min": 1.06495527674e-10,
        "var": 0.00235322210938
    },
    "spectral_kurtosis": {
        "dmean": 2.55393767357,
        "dmean2": 3.7331943512,
        "dvar": 27.9625663757,
        "dvar2": 60.6188354492,
        "max": 154.408096313,
        "mean": 9.28785610199,
        "median": 5.35447788239,
        "min": -1.34874022007,
        "var": 236.124938965
    },
    "spectral_rms": {
        "dmean": 0.000782983610407,
        "dmean2": 0.0012028675992,
        "dvar": 1.004051569e-06,
        "dvar2": 2.55819395534e-06,
        "max": 0.0193573608994,
        "mean": 0.00535403145477,
        "median": 0.00514867249876,
        "min": 3.32636153864e-12,
        "var": 5.13647592015e-06
    },
    "spectral_rolloff": {
        "dmean": 602.094665527,
        "dmean2": 1068.95166016,
        "dvar": 3653486.5,
        "dvar2": 8606133,
        "max": 19315.2832031,
        "mean": 1282.44726562,
        "median": 796.728515625,
        "min": 64.599609375,
        "var": 4974134
    },
    "spectral_skewness": {
        "dmean": 0.284501969814,
        "dmean2": 0.396841168404,
        "dvar": 0.144034147263,
        "dvar2": 0.280722290277,
        "max": 10.5640573502,
        "mean": 2.27398586273,
        "median": 2.01751637459,
        "min": -0.214353069663,
        "var": 1.64867174625
    },
    "spectral_spread": {
        "dmean": 1111754.5,
        "dmean2": 1343466,
        "dvar": 2.28363128013e+12,
        "dvar2": 3.98299444019e+12,
        "max": 39268892,
        "mean": 5885123.5,
        "median": 5418123,
        "min": 606747.6875,
        "var": 7.72810158899e+12
    },
    "spectral_strongpeak": {
        "dmean": 0.510955393314,
        "dmean2": 0.850797057152,
        "dvar": 0.743052601814,
        "dvar2": 1.92978549004,
        "max": 29.7142238617,
        "mean": 1.09572553635,
        "median": 0.738030493259,
        "min": 0,
        "var": 1.47095155716
    },
    "zerocrossingrate": {
        "dmean": 0.0164011307061,
        "dmean2": 0.0176034606993,
        "dvar": 0.000499459274579,
        "dvar2": 0.000581554835662,
        "max": 0.53466796875,
        "mean": 0.0605181716383,
        "median": 0.044921875,
        "min": 0.001953125,
        "var": 0.00270505109802
    },
    "barkbands": {
        "dmean": [0.000472182000522, 0.00403141230345, 0.00250081205741, 0.00232646497898, 0.00235838955268, 0.00112148525659, 0.00074760185089, 0.000844775990117, 0.00066441448871, 0.00131628429517, 0.000509427278303, 0.000355002033757, 0.000219194407691, 0.000146712234709, 8.24188027764e-05, 2.65280050371e-05, 5.12365295435e-05, 3.47297136614e-05, 4.30331965617e-05, 7.14156994945e-05, 0.000169935432496, 0.000129164560349, 0.000123257283121, 0.000199800153496, 0.000174046144821, 0.000315823766869, 8.3312355855e-05],
        "dmean2": [0.000811241858173, 0.00686425762251, 0.00442277221009, 0.00374032836407, 0.00360989477485, 0.00157808477525, 0.00102393154521, 0.00112146278843, 0.000923807790969, 0.00181287480518, 0.000785867974628, 0.000561751658097, 0.000348358153133, 0.000229524433962, 0.000133731053211, 4.21624135925e-05, 8.12578073237e-05, 5.56504055567e-05, 6.67646818329e-05, 0.000109015643829, 0.000244884286076, 0.000178275222424, 0.000168555023265, 0.000267892115517, 0.000249722506851, 0.000468918413389, 0.0001209235852],
        "dvar": [1.09438019535e-06, 0.00014292250853, 3.67027678294e-05, 2.18493823922e-05, 2.42804144364e-05, 9.60083707469e-06, 1.1737096429e-05, 4.58719341623e-06, 1.55443331096e-06, 7.19082754586e-06, 1.0680627156e-06, 5.87577744682e-07, 5.47258707684e-07, 1.33252072487e-07, 3.47072841578e-08, 2.5370663348e-09, 7.55102824712e-09, 6.36646646512e-09, 7.65711902773e-08, 1.96434996269e-07, 1.49746506395e-06, 9.67732489698e-07, 9.22254628222e-07, 2.10803591472e-06, 9.52628340656e-07, 5.10633981321e-07, 3.38104442221e-08],
        "dvar2": [3.12636211675e-06, 0.000412818451878, 0.000106714978756, 5.74906553084e-05, 6.22501029284e-05, 1.65705496329e-05, 2.20903566515e-05, 9.60242687142e-06, 3.33267712449e-06, 1.35046257128e-05, 2.70851069217e-06, 1.51615586219e-06, 1.44756427289e-06, 3.12089042609e-07, 9.57216741426e-08, 5.93422155859e-09, 1.77627814679e-08, 1.36115376748e-08, 1.36319059152e-07, 3.61979715535e-07, 3.22167147715e-06, 1.81777056696e-06, 1.8786399778e-06, 3.9055189518e-06, 1.83943745924e-06, 1.20508696e-06, 7.52435624918e-08],
        "max": [0.0221353657544, 0.142397776246, 0.239104017615, 0.123244255781, 0.149043723941, 0.239659979939, 0.303394168615, 0.121132403612, 0.0408231988549, 0.0788989812136, 0.0446808449924, 0.0225200541317, 0.0199829954654, 0.00734278652817, 0.00553958537057, 0.00244359625503, 0.00179002538789, 0.00448155403137, 0.0224254596978, 0.0346359871328, 0.0612420290709, 0.0556419938803, 0.0789797008038, 0.0837062448263, 0.0612064674497, 0.00556935323402, 0.00113523064647],
        "mean": [0.000751363579184, 0.00642461236566, 0.00393821951002, 0.00412424653769, 0.0049553969875, 0.00266506406479, 0.00173018244095, 0.00169432233088, 0.00124949449673, 0.00285762734711, 0.000820262299385, 0.000588419672567, 0.000369879096979, 0.000249270582572, 0.000146126345498, 4.96922548336e-05, 9.45614592638e-05, 6.77262432873e-05, 8.52093580761e-05, 0.000131876891828, 0.000278810359305, 0.000212667247979, 0.000211452439544, 0.000309629016556, 0.000249622156844, 0.00030924245948, 8.21940047899e-05],
        "median": [0.000189534810488, 0.00250343652442, 0.00115708145313, 0.00126654654741, 0.00244693993591, 0.00114059215412, 0.000859784544446, 0.000829975120723, 0.000523467897438, 0.00107775977813, 0.000204236159334, 0.000137436989462, 7.55733926781e-05, 7.68030877225e-05, 8.21727153379e-05, 2.59786120296e-05, 4.96644679515e-05, 3.19820792356e-05, 2.99575185636e-05, 4.01658107876e-05, 5.00242967973e-05, 2.24377854465e-05, 2.44323036895e-05, 2.29233573918e-05, 2.74524827546e-05, 2.49196200457e-05, 6.64492699798e-06],
        "min": [7.82345797668e-23, 1.57925866926e-23, 6.13275613848e-24, 3.28547511377e-24, 3.40772480936e-23, 2.59394725913e-23, 3.86149685025e-23, 6.9205479794e-23, 2.03206454486e-22, 2.67943422217e-23, 5.51579622866e-23, 2.02579063942e-22, 9.41658844941e-23, 8.67325996455e-23, 8.14958885212e-23, 1.51717881856e-22, 2.69279626372e-22, 1.59141946498e-22, 3.98305690787e-22, 3.92202154056e-22, 4.05720150259e-22, 6.3754380257e-22, 6.63885849814e-22, 9.87749980771e-22, 9.73266646013e-22, 1.80320950867e-21, 2.80373656224e-21],
        "var": [1.69104714587e-06, 0.000152060441906, 7.08967854735e-05, 6.04586857662e-05, 5.05668249389e-05, 4.43104181613e-05, 3.20304970955e-05, 1.02779049485e-05, 4.0135519157e-06, 3.24624234054e-05, 2.10817370316e-06, 1.14584668154e-06, 1.18654600101e-06, 2.99594347553e-07, 6.31096668258e-08, 5.79486458818e-09, 1.77703824988e-08, 1.77548997726e-08, 3.49406292344e-07, 7.19442255104e-07, 3.37400638273e-06, 2.63221295427e-06, 2.80546692011e-06, 4.14175974583e-06, 1.62602407272e-06, 5.5310033531e-07, 3.89228098641e-08]
    },
    "erbbands": {
        "dmean": [0.152691394091, 0.836654007435, 2.46202492714, 5.3786110878, 9.72615814209, 6.32301712036, 5.73389005661, 9.92105770111, 11.1078863144, 12.097117424, 19.9879741669, 16.5190143585, 42.7874946594, 21.419467926, 17.1334056854, 18.5030822754, 10.7358074188, 8.7895898819, 4.34105110168, 2.80480122566, 1.79164409637, 2.14092159271, 1.7765622139, 1.8305337429, 2.55513906479, 3.60965013504, 5.62218952179, 6.9966135025, 4.95935869217, 3.56281447411, 3.57298088074, 3.81203269958, 3.5824944973, 2.3941423893, 1.06864786148, 1.19529926777, 0.645137906075, 0.103080816567, 0.0124651668593, 0.000900704297237],
        "dmean2": [0.256756871939, 1.44223308563, 4.35528182983, 8.93651199341, 15.0839776993, 9.86383342743, 8.33178710938, 13.8464670181, 14.989689827, 16.6627960205, 26.4354419708, 22.377035141, 60.0806846619, 29.871837616, 26.2644634247, 29.3150997162, 17.0768318176, 13.6596393585, 7.10659837723, 4.49963331223, 2.81530714035, 3.41591691971, 2.83978152275, 2.81576752663, 3.93725299835, 5.50580596924, 8.42669010162, 9.89221954346, 6.97951078415, 4.81510257721, 4.92940616608, 5.23512554169, 4.86525154114, 3.37608647346, 1.55321478844, 1.77130901814, 0.972206771374, 0.145980328321, 0.0175262261182, 0.00136883778032],
        "dvar": [0.193927645683, 5.87310028076, 33.5033760071, 107.47542572, 446.158599854, 187.174224854, 213.73348999, 964.029663086, 1654.01843262, 1441.76403809, 2949.66430664, 831.566467285, 8344.12695312, 3775.48266602, 1371.80957031, 1467.69360352, 1357.71936035, 452.515289307, 124.556816101, 21.5946617126, 8.18353557587, 15.9669389725, 14.0785217285, 59.6307182312, 321.209777832, 543.137817383, 1735.53125, 2667.5769043, 1448.99060059, 758.067077637, 812.994628906, 684.066833496, 823.704284668, 277.583648682, 17.5518760681, 7.22954082489, 2.19348931313, 0.0517109557986, 0.000713356013875, 4.27437589678e-06],
        "dvar2": [0.54492276907, 17.178396225, 96.2205352783, 289.452423096, 1161.9699707, 486.359161377, 410.497192383, 1648.15673828, 3176.57543945, 2689.77319336, 6083.33398438, 1641.72509766, 17830.6640625, 5531.01513672, 3398.27490234, 3763.75927734, 3584.55859375, 1017.14465332, 346.875030518, 52.8549385071, 18.4514350891, 39.0830764771, 30.1496067047, 105.112380981, 473.153961182, 1101.6829834, 3994.01855469, 5566.52929688, 2750.87646484, 1459.10498047, 1640.78479004, 1346.76049805, 1563.09265137, 543.817626953, 33.7615318298, 17.0254096985, 5.09671449661, 0.118446014822, 0.00144506979268, 1.01002606243e-05],
        "max": [5.57119274139, 29.8923625946, 208.570632935, 195.261688232, 839.576965332, 316.779846191, 1031.44604492, 1874.75634766, 2930.34692383, 2925.79394531, 3186.70581055, 1110.20849609, 2036.69445801, 2965.06103516, 694.159545898, 1132.06628418, 1033.14709473, 425.716461182, 347.889770508, 111.932479858, 87.0034484863, 111.794082642, 221.401199341, 581.451171875, 1396.86401367, 1839.99072266, 2235.09521484, 2720.1394043, 2358.33105469, 2386.94262695, 2248.64892578, 1586.2052002, 2011.94714355, 1182.69287109, 202.411468506, 49.0202484131, 9.46839141846, 1.41770505905, 0.177812367678, 0.0129590118304],
        "mean": [0.230633169413, 1.28447508812, 4.2570400238, 10.0728216171, 19.1701622009, 12.6056442261, 13.4196491241, 22.1585445404, 26.4025936127, 25.7094211578, 41.3035926819, 35.4586486816, 91.8217086792, 48.5177726746, 30.4937515259, 31.306722641, 19.2995834351, 15.8031005859, 7.96857070923, 5.35227060318, 3.68874406815, 4.29069948196, 3.7749350071, 3.74938464165, 5.24053668976, 6.64444208145, 9.07429790497, 11.4084291458, 8.12894058228, 6.15189504623, 6.13620758057, 5.91620922089, 5.42370462418, 3.44169735909, 1.46745145321, 1.24264037609, 0.608140051365, 0.104393035173, 0.0131627665833, 0.000873302167747],
        "median": [0.0814366564155, 0.471276253462, 1.480437994, 3.4106092453, 8.50842380524, 6.95152950287, 6.03187179565, 8.19109725952, 12.9120922089, 12.4208526611, 19.4599266052, 18.5756378174, 29.7991466522, 22.0853176117, 10.3248958588, 10.4767904282, 6.0723862648, 5.63830661774, 4.28375530243, 3.09469437599, 2.24342060089, 2.33633136749, 2.02590751648, 1.61397194862, 1.71697759628, 2.02840185165, 2.13682365417, 1.49627840519, 0.862042307854, 0.702404022217, 0.688953280449, 0.451489508152, 0.378236532211, 0.298971652985, 0.184931203723, 0.126279488206, 0.0410914868116, 0.00878403522074, 0.00116080255248, 0.000108941647341],
        "min": [1.20082875812e-21, 1.60440605924e-21, 6.73842450787e-21, 1.06813291277e-20, 8.03062740077e-20, 1.23372657118e-19, 8.6761979249e-20, 2.55823983351e-19, 4.42913600498e-19, 8.4062855306e-19, 2.25736617229e-18, 4.42482856533e-18, 2.15045638683e-18, 8.90974228959e-19, 3.52651207446e-18, 8.80650146375e-18, 5.34952839543e-18, 3.68079408e-18, 4.30498374305e-18, 6.62433903724e-18, 8.62481041502e-18, 1.50850182072e-17, 9.68358919138e-18, 1.4502903086e-17, 2.14059354016e-17, 1.93457279351e-17, 1.66680516481e-17, 1.64664511892e-17, 2.31833877193e-17, 1.94524557408e-17, 1.97045936264e-17, 2.29553158264e-17, 1.34370734221e-17, 1.00284209364e-17, 7.42350759194e-18, 6.53646060973e-18, 3.64526170961e-18, 1.39617685603e-18, 3.35711070659e-19, 4.23525585539e-20],
        "var": [0.228583022952, 6.08195734024, 71.3404846191, 310.165924072, 896.501281738, 326.152282715, 918.120300293, 4093.40576172, 4825.95849609, 3432.35449219, 6499.64892578, 2619.93603516, 32411.7851562, 18855.6660156, 2906.2043457, 2821.67138672, 2879.63891602, 1068.19506836, 225.209091187, 48.8953933716, 22.2687568665, 37.8261184692, 40.2950325012, 265.195983887, 1575.9197998, 1849.34924316, 3412.18920898, 6132.26464844, 3716.88549805, 2560.65673828, 2352.28417969, 1524.88208008, 1424.18469238, 441.164886475, 33.818901062, 8.53356742859, 2.29712915421, 0.0601179227233, 0.000928404624574, 4.37265589426e-06]
    },
    "gfcc": {
        "mean": [-6.95826196671, 90.9589233398, -71.1365966797, 3.72232913971, -58.7196083069, 9.34811210632, -24.7202358246, 6.56717729568, -27.9068279266, 2.93035912514, -21.4650306702, -2.40423989296, -11.4288673401],
        "cov": [[12542.2783203, -2519.34838867, -1089.52392578, 186.4740448, -426.130706787, 534.301147461, -155.990737915, 264.573242188, -332.504455566, 104.962532043, -274.052307129, 164.559417725, -135.841186523], [-2519.34838867, 1924.00073242, -134.994049072, -110.254692078, 166.247528076, -74.7797546387, 170.096130371, -81.0436782837, 123.675857544, -69.4928894043, 125.385246277, -128.484634399, 38.1522789001], [-1089.52392578, -134.994049072, 1194.31835938, 115.494728088, 238.334991455, -41.2922439575, 36.2831039429, 70.3186645508, 98.1144790649, 66.4741134644, 9.2020368576, 15.7102823257, -44.1993980408], [186.4740448, -110.254692078, 115.494728088, 623.684082031, 54.1830825806, 110.26701355, -19.138092041, 37.2357139587, 57.4000473022, -14.7339010239, 31.1262454987, -7.61921405792, 37.1486740112], [-426.130706787, 166.247528076, 238.334991455, 54.1830825806, 481.261413574, 17.915895462, 118.6614151, 36.8981018066, 42.9227485657, 21.6015357971, 17.7746562958, 49.3461380005, -9.41207790375], [534.301147461, -74.7797546387, -41.2922439575, 110.26701355, 17.915895462, 312.994262695, 82.2349624634, 35.5251693726, 4.48168802261, -11.1898698807, 6.8830537796, -13.5732154846, 17.8782749176], [-155.990737915, 170.096130371, 36.2831039429, -19.138092041, 118.6614151, 82.2349624634, 194.653305054, 49.3410224915, 33.2859954834, 13.2093191147, 6.71603536606, 1.59024703503, -3.65152955055], [264.573242188, -81.0436782837, 70.3186645508, 37.2357139587, 36.8981018066, 35.5251693726, 49.3410224915, 124.369270325, 53.2194328308, 22.4989719391, -4.34188270569, 16.1429538727, -2.75315356255], [-332.504455566, 123.675857544, 98.1144790649, 57.4000473022, 42.9227485657, 4.48168802261, 33.2859954834, 53.2194328308, 122.052757263, 42.8484649658, 19.0495033264, -5.4783782959, 2.00111579895], [104.962532043, -69.4928894043, 66.4741134644, -14.7339010239, 21.6015357971, -11.1898698807, 13.2093191147, 22.4989719391, 42.8484649658, 107.893379211, 31.0800018311, 2.3274474144, -25.9051437378], [-274.052307129, 125.385246277, 9.2020368576, 31.1262454987, 17.7746562958, 6.8830537796, 6.71603536606, -4.34188270569, 19.0495033264, 31.0800018311, 98.2487792969, 26.8537788391, 3.33559346199], [164.559417725, -128.484634399, 15.7102823257, -7.61921405792, 49.3461380005, -13.5732154846, 1.59024703503, 16.1429538727, -5.4783782959, 2.3274474144, 26.8537788391, 117.151504517, 42.9348182678], [-135.841186523, 38.1522789001, -44.1993980408, 37.1486740112, -9.41207790375, 17.8782749176, -3.65152955055, -2.75315356255, 2.00111579895, -25.9051437378, 3.33559346199, 42.9348182678, 114.906394958]],
        "icov": [[0.000176506160642, 5.096557652e-05, 0.000173856242327, -0.000114515038149, 7.42014744901e-05, -0.00030834734207, 0.000188574704225, -0.000462666590465, 0.000541890098248, -0.000522313406691, 0.000597235921305, -0.000467050500447, 0.000374585622922], [5.096557652e-05, 0.00136839598417, 0.000253050588071, 0.000444196077297, -0.000523191236425, 0.000652348098811, -0.00112573802471, 0.000894636905286, -0.00177192036062, 0.00201245979406, -0.00252385693602, 0.00241338135675, -0.000942995713558], [0.000173856242327, 0.000253050588071, 0.00122762471437, -0.000199285583221, -0.000460345268948, -2.54028473137e-05, 0.000165674980963, -0.000520640227478, -0.00023802294163, -0.000490251346491, 0.000392981135519, -0.000183428404853, 0.000567937851883], [-0.000114515038149, 0.000444196077297, -0.000199285583221, 0.00229004747234, -0.000577095954213, -0.000351039285306, 0.000470348459203, 0.000173364984221, -0.00187604222447, 0.00184993678704, -0.00216623255983, 0.00182307511568, -0.00124201143626], [7.42014744901e-05, -0.000523191236425, -0.000460345268948, -0.000577095954213, 0.00320473476313, -0.000202136157895, -0.00135025207419, -6.41439692117e-05, 0.000620706006885, -0.00101288338192, 0.00153830600902, -0.00276939594187, 0.00127141096164], [-0.00030834734207, 0.000652348098811, -2.54028473137e-05, -0.000351039285306, -0.000202136157895, 0.00513945706189, -0.00294717215002, 0.000420063326601, -0.000966388033703, 0.00225079059601, -0.00298665906303, 0.00309063424356, -0.00192105886526], [0.000188574704225, -0.00112573802471, 0.000165674980963, 0.000470348459203, -0.00135025207419, -0.00294717215002, 0.00914710760117, -0.00355435116217, 0.00125625787769, -0.00223517371342, 0.00237007834949, -0.00174915126991, 0.00112082529813], [-0.000462666590465, 0.000894636905286, -0.000520640227478, 0.000173364984221, -6.41439692117e-05, 0.000420063326601, -0.00355435116217, 0.0140379276127, -0.00761394947767, 0.00211488432251, -0.000709254469257, -0.00025185602135, -0.000223450653721], [0.000541890098248, -0.00177192036062, -0.00023802294163, -0.00187604222447, 0.000620706006885, -0.000966388033703, 0.00125625787769, -0.00761394947767, 0.0176530648023, -0.00856409780681, 0.00377264106646, -0.00209169182926, 0.00023647568014], [-0.000522313406691, 0.00201245979406, -0.000490251346491, 0.00184993678704, -0.00101288338192, 0.00225079059601, -0.00223517371342, 0.00211488432251, -0.00856409780681, 0.0180074218661, -0.00969394017011, 0.00497893244028, 0.000104016697151], [0.000597235921305, -0.00252385693602, 0.000392981135519, -0.00216623255983, 0.00153830600902, -0.00298665906303, 0.00237007834949, -0.000709254469257, 0.00377264106646, -0.00969394017011, 0.0205409862101, -0.010590961203, 0.0041544358246], [-0.000467050500447, 0.00241338135675, -0.000183428404853, 0.00182307511568, -0.00276939594187, 0.00309063424356, -0.00174915126991, -0.00025185602135, -0.00209169182926, 0.00497893244028, -0.010590961203, 0.0188613198698, -0.00836392864585], [0.000374585622922, -0.000942995713558, 0.000567937851883, -0.00124201143626, 0.00127141096164, -0.00192105886526, 0.00112082529813, -0.000223450653721, 0.00023647568014, 0.000104016697151, 0.0041544358246, -0.00836392864585, 0.0135358888656]]
    },
    "melbands": {
        "dmean": [0.00120931188576, 0.00116765033454, 0.00104087009095, 0.000598329992499, 0.000195941101993, 0.000225294468692, 0.000166863348568, 0.000131960317958, 0.000160502968356, 0.00010640425171, 0.000213157603866, 8.58081402839e-05, 6.99213051121e-05, 4.35941619799e-05, 3.36820012308e-05, 1.95633183466e-05, 1.7156231479e-05, 6.88711998009e-06, 4.52251515526e-06, 2.92405343316e-06, 2.62975481746e-06, 2.65183052761e-06, 1.97348595066e-06, 1.89080060409e-06, 1.55335146701e-06, 1.86931379176e-06, 2.37132530856e-06, 2.44043076236e-06, 3.16045111504e-06, 4.303906735e-06, 4.10983238908e-06, 3.13348004966e-06, 2.14414035327e-06, 2.08933897738e-06, 2.14382293962e-06, 2.14966303247e-06, 2.48385390478e-06, 2.33981972997e-06, 2.92546110359e-06, 1.72233615103e-06],
        "dmean2": [0.00204859254882, 0.00205627968535, 0.00168743974064, 0.000922648527194, 0.000289205199806, 0.000313222088153, 0.000226715943427, 0.000181305949809, 0.00021131025278, 0.000146266014781, 0.000299192062812, 0.000118650037621, 0.000107431165816, 6.9223860919e-05, 5.34093596798e-05, 3.08097769448e-05, 2.66313090833e-05, 1.13806545414e-05, 7.17033890396e-06, 4.70917802886e-06, 4.1636531023e-06, 4.2445476538e-06, 3.14294561576e-06, 3.07800837618e-06, 2.42445162257e-06, 2.92678555525e-06, 3.64727588931e-06, 3.79488187718e-06, 4.85643204229e-06, 6.29346050118e-06, 5.91170919506e-06, 4.48833134215e-06, 3.02070543512e-06, 2.93295920528e-06, 3.01091449728e-06, 3.03275919578e-06, 3.42940779774e-06, 3.17226454172e-06, 4.16775083067e-06, 2.46421427619e-06],
        "dvar": [1.28380597744e-05, 7.60412240197e-06, 3.5337538975e-06, 1.60665103976e-06, 2.16872834358e-07, 4.3346292955e-07, 4.54084130297e-07, 1.46437344029e-07, 1.76193353241e-07, 3.58686840229e-08, 2.04828964456e-07, 7.25543145563e-08, 2.13422328699e-08, 7.93187560078e-09, 6.04667294013e-09, 2.78797207542e-09, 2.04080996546e-09, 3.11087849925e-10, 6.94144255964e-11, 2.7682156914e-11, 1.96461180657e-11, 2.36678766863e-11, 1.3997933021e-11, 1.92276403133e-11, 4.78427956974e-11, 1.75051292906e-10, 2.6623389604e-10, 2.48326109675e-10, 4.9804088631e-10, 9.96992266522e-10, 9.58238155491e-10, 6.17810580472e-10, 2.60520965911e-10, 2.69435085354e-10, 3.48629625169e-10, 2.28954549764e-10, 2.94715224447e-10, 3.20976911716e-10, 6.37377817192e-10, 1.11997744412e-10],
        "dvar2": [3.65356499969e-05, 2.19664379983e-05, 9.47348326008e-06, 4.18700165028e-06, 4.42522235744e-07, 7.49398793687e-07, 8.56311032749e-07, 2.79009100268e-07, 3.56583086614e-07, 7.42697920941e-08, 4.3690243956e-07, 1.0424932384e-07, 5.41392317643e-08, 2.06171364425e-08, 1.59128745736e-08, 7.12977721307e-09, 4.57731985648e-09, 8.52551251818e-10, 1.77096309839e-10, 6.76013550693e-11, 4.4482237338e-11, 5.80376510739e-11, 3.11554809729e-11, 4.35975665292e-11, 9.63806742749e-11, 2.94369140175e-10, 4.47271941706e-10, 5.45780420858e-10, 1.18781029457e-09, 2.15038031826e-09, 2.01201855177e-09, 1.27482779888e-09, 4.53654447341e-10, 5.83585513247e-10, 7.28709481645e-10, 4.58609927811e-10, 5.78709413723e-10, 5.81336923045e-10, 1.3323798731e-09, 2.14422438138e-10],
        "max": [0.0405215285718, 0.0766827091575, 0.0501255616546, 0.0383876413107, 0.0304517243057, 0.043212313205, 0.055326923728, 0.0261757764965, 0.0222018174827, 0.00711579062045, 0.0100979385898, 0.0131131606176, 0.00359860854223, 0.00263250502758, 0.00213732966222, 0.00137416832149, 0.000955633178819, 0.000580286665354, 0.000231659039855, 0.000249680597335, 0.000138848336064, 0.000112401714432, 0.000139352268889, 0.000244981376454, 0.000495045504067, 0.00105177343357, 0.00146418227814, 0.00121496559586, 0.00134432956111, 0.00179877702612, 0.00174188008532, 0.00155291392002, 0.00105701910798, 0.00147173670121, 0.00168205669615, 0.000930563313887, 0.000963194703218, 0.00107937725261, 0.00196578493342, 0.000680894474499],
        "mean": [0.00190134649165, 0.00203373352997, 0.00203730794601, 0.00121014972683, 0.000455561646959, 0.000517700565979, 0.000400543940486, 0.00027852319181, 0.000321421131957, 0.000216817483306, 0.000452720996691, 0.000188787744264, 0.000114996044431, 7.25415666238e-05, 5.6393466366e-05, 3.35392833222e-05, 2.94093770208e-05, 1.18042835311e-05, 8.31232591736e-06, 5.30771512786e-06, 4.59723923996e-06, 4.8237639021e-06, 3.75917966267e-06, 3.36847551807e-06, 2.84215889224e-06, 3.5590051084e-06, 4.33582545156e-06, 4.16599050368e-06, 4.95056974614e-06, 6.75891988067e-06, 6.50131369184e-06, 4.78138645121e-06, 3.56170244231e-06, 3.40088490702e-06, 3.54573967343e-06, 3.46622755387e-06, 3.63601316167e-06, 3.496932095e-06, 4.13735506299e-06, 2.42027863351e-06],
        "median": [0.000721521559171, 0.000777231995016, 0.000961012323387, 0.000594073557295, 0.000218082452193, 0.00020158578991, 0.000201431903406, 0.000140959091368, 0.000165178556927, 0.000107678708446, 0.000142822653288, 7.12833716534e-05, 2.82249238808e-05, 2.07731245609e-05, 1.79252201633e-05, 8.71114934853e-06, 8.08360709925e-06, 5.98826773057e-06, 4.88036175739e-06, 2.72356419373e-06, 2.36458799918e-06, 2.41889460995e-06, 1.87437183286e-06, 1.6123012756e-06, 1.10636278805e-06, 1.14572890197e-06, 1.21494497307e-06, 1.22724816265e-06, 1.30738408188e-06, 1.00642296275e-06, 7.56755127895e-07, 4.59064665392e-07, 3.57432355713e-07, 3.74365299649e-07, 3.87991377693e-07, 3.17584692766e-07, 2.30503658827e-07, 2.36898870298e-07, 2.71275382602e-07, 2.20653731731e-07],
        "min": [1.19101446387e-23, 2.99917796695e-24, 3.05203795849e-24, 9.00580806568e-24, 3.05992045387e-24, 5.30965551453e-24, 7.58329621606e-24, 1.08253457203e-23, 2.2750445584e-23, 2.75514309651e-23, 9.88630699796e-24, 2.77470641308e-24, 1.01475225095e-23, 2.32879880266e-23, 1.39068746521e-23, 9.79977132324e-24, 6.89391382643e-24, 7.09056975036e-24, 7.73150266977e-24, 9.48543786264e-24, 1.05322831051e-23, 1.51585255405e-23, 1.35315646101e-23, 6.53461371652e-24, 1.2061177581e-23, 1.58222699507e-23, 1.49674034758e-23, 1.22985552937e-23, 9.07292671808e-24, 1.14201255436e-23, 8.75973552807e-24, 1.30932009159e-23, 1.36994736538e-23, 1.00813489125e-23, 1.0388122719e-23, 1.36484943066e-23, 1.40992099848e-23, 8.64758396204e-24, 8.77342226478e-24, 8.38978737365e-24],
        "var": [1.41996151797e-05, 1.32918003146e-05, 9.16960016184e-06, 3.111127171e-06, 8.60921602452e-07, 1.87654154615e-06, 1.32750926696e-06, 3.35591977318e-07, 3.82417312039e-07, 1.06740394301e-07, 7.9729591107e-07, 3.70624746893e-07, 4.38264287084e-08, 1.48877195016e-08, 1.26797869981e-08, 6.33771435332e-09, 4.6857633329e-09, 5.61883595207e-10, 1.37164821168e-10, 6.27294743927e-11, 4.44152874202e-11, 5.10913741869e-11, 3.865613038e-11, 4.50984596889e-11, 1.68780128762e-10, 7.68312913291e-10, 1.07738029609e-09, 6.95065283107e-10, 8.82257267243e-10, 2.17481699316e-09, 2.0992472205e-09, 1.35681543778e-09, 7.71463226634e-10, 8.57803772458e-10, 9.44873401743e-10, 5.76511616224e-10, 6.0694771431e-10, 6.06654837476e-10, 8.86431816838e-10, 1.89710164245e-10]
    },
    "mfcc": {
        "mean": [-669.297058105, 139.929519653, 31.0153446198, 11.3012075424, -7.21013402939, 1.9805765152, 5.68289709091, 0.283068954945, 4.26303005219, 1.2981262207, -2.38506579399, -1.24414467812, -5.14061975479],
        "cov": [[8979.05175781, -1240.45947266, -650.916442871, -575.502075195, -253.28666687, 132.596847534, 126.475669861, 89.33228302, 127.84186554, -124.524780273, -134.149581909, 32.7900619507, -54.1470680237], [-1240.45947266, 1493.98242188, -280.813415527, -51.6374130249, -71.3121490479, -56.6662979126, 37.9083786011, -17.3020477295, -30.5950374603, 38.0961418152, 42.8629493713, 5.11016273499, 17.4251289368], [-650.916442871, -280.813415527, 812.97253418, 173.237304688, 140.106307983, 27.2921943665, -12.8156633377, 1.36259651184, 41.4819450378, 55.4934883118, 86.0117111206, 30.5419635773, 3.04255461693], [-575.502075195, -51.6374130249, 173.237304688, 437.565612793, 209.788803101, 53.1856536865, 12.2010478973, 36.7856750488, 27.4940986633, 33.3854446411, 22.3244247437, 53.5606231689, 49.1895675659], [-253.28666687, -71.3121490479, 140.106307983, 209.788803101, 312.161743164, 97.9277954102, 51.1019554138, 62.2846221924, 33.6928100586, 18.624174118, 19.4246559143, 26.4849414825, 39.8805809021], [132.596847534, -56.6662979126, 27.2921943665, 53.1856536865, 97.9277954102, 198.356842041, 100.993629456, 66.8993453979, 36.9054794312, 27.1051216125, 9.62650489807, 17.7829608917, 5.23332500458], [126.475669861, 37.9083786011, -12.8156633377, 12.2010478973, 51.1019554138, 100.993629456, 161.539413452, 78.0930633545, 27.9335136414, 25.4024925232, 10.8148345947, 11.310798645, 14.6052846909], [89.33228302, -17.3020477295, 1.36259651184, 36.7856750488, 62.2846221924, 66.8993453979, 78.0930633545, 159.643676758, 60.7028999329, 14.5029973984, -5.48577308655, 8.23863220215, 23.3905639648], [127.84186554, -30.5950374603, 41.4819450378, 27.4940986633, 33.6928100586, 36.9054794312, 27.9335136414, 60.7028999329, 125.449928284, 50.7584838867, 4.72867250443, -3.42799782753, -3.93700218201], [-124.524780273, 38.0961418152, 55.4934883118, 33.3854446411, 18.624174118, 27.1051216125, 25.4024925232, 14.5029973984, 50.7584838867, 130.973587036, 69.1484069824, -4.72464227676, -15.3884716034], [-134.149581909, 42.8629493713, 86.0117111206, 22.3244247437, 19.4246559143, 9.62650489807, 10.8148345947, -5.48577308655, 4.72867250443, 69.1484069824, 130.92137146, 38.547996521, -4.16530847549], [32.7900619507, 5.11016273499, 30.5419635773, 53.5606231689, 26.4849414825, 17.7829608917, 11.310798645, 8.23863220215, -3.42799782753, -4.72464227676, 38.547996521, 109.217971802, 49.9026107788], [-54.1470680237, 17.4251289368, 3.04255461693, 49.1895675659, 39.8805809021, 5.23332500458, 14.6052846909, 23.3905639648, -3.93700218201, -15.3884716034, -4.16530847549, 49.9026107788, 106.154129028]],
