{
"lowlevel": {
    "average_loudness": 0.564446985722,
    "barkbands_crest": {
        "dmean": 2.16157531738,
        "dmean2": 3.35918569565,
        "dvar": 5.09755849838,
        "dvar2": 11.254535675,
        "max": 26.7652740479,
        "mean": 12.4062347412,
        "median": 11.1617012024,
        "min": 2.28306913376,
        "var": 30.4846515656
    },
    "barkbands_flatness_db": {
        "dmean": 0.0190593171865,
        "dmean2": 0.0287667699158,
        "dvar": 0.000402187783038,
        "dvar2": 0.000768634839915,
        "max": 0.60908728838,
        "mean": 0.278800308704,
        "median": 0.266427695751,
        "min": 0.0138048483059,
        "var": 0.0150526007637
    },
    "barkbands_kurtosis": {
        "dmean": 2.93519592285,
        "dmean2": 4.50775241852,
        "dvar": 63.4922294617,
        "dvar2": 163.467559814,
        "max": 203.153610229,
        "mean": 5.80980110168,
        "median": 2.04006147385,
        "min": -1.86269533634,
        "var": 214.873825073
    },
    "barkbands_skewness": {
        "dmean": 0.4443154037,
        "dmean2": 0.679085969925,
        "dvar": 0.328559070826,
        "dvar2": 0.796109855175,
        "max": 10.8463783264,
        "mean": 0.782653570175,
        "median": 0.801558434963,
        "min": -13.5895709991,
        "var": 2.34304594994
    },
    "barkbands_spread": {
        "dmean": 1.82447683811,
        "dmean2": 2.82450437546,
        "dvar": 6.23060894012,
        "dvar2": 13.8019514084,
        "max": 88.5483779907,
        "mean": 8.79171562195,
        "median": 6.11359453201,
        "min": 0.208980947733,
        "var": 63.7942352295
    },
    "dissonance": {
        "dmean": 0.0418821275234,
        "dmean2": 0.0715600252151,
        "dvar": 0.00211898516864,
        "dvar2": 0.0059038545005,
        "max": 0.5,
        "mean": 0.400701165199,
        "median": 0.420561790466,
        "min": 0.0614697299898,
        "var": 0.00613710703328
    },
    "dynamic_complexity": 4.44553518295,
    "erbbands_crest": {
        "dmean": 2.78554701805,
        "dmean2": 4.34075689316,
        "dvar": 9.20810890198,
        "dvar2": 21.0537109375,
        "max": 34.9307594299,
        "mean": 14.4506835938,
        "median": 13.0782585144,
        "min": 2.14701962471,
        "var": 47.6876525879
    },
    "erbbands_flatness_db": {
        "dmean": 0.0173404309899,
        "dmean2": 0.0257504414767,
        "dvar": 0.000369815621525,
        "dvar2": 0.0006964240456,
        "max": 0.62533134222,
        "mean": 0.31800827384,
        "median": 0.313998490572,
        "min": 0.0345426723361,
        "var": 0.0110654802993
    },
    "erbbands_kurtosis": {
        "dmean": 2.3378276825,
        "dmean2": 3.54974102974,
        "dvar": 27.6145896912,
        "dvar2": 64.7056884766,
        "max": 185.019012451,
        "mean": 4.3945646286,
        "median": 1.01962614059,
        "min": -1.88679111004,
        "var": 134.78755188
    },
    "erbbands_skewness": {
        "dmean": 0.409844994545,
        "dmean2": 0.602444410324,
        "dvar": 0.221935078502,
        "dvar2": 0.459717601538,
        "max": 9.50081634521,
        "mean": 0.655307412148,
        "median": 0.558805942535,
        "min": -6.47165346146,
        "var": 2.12390851974
    },
    "erbbands_spread": {
        "dmean": 2.74543905258,
        "dmean2": 4.20232105255,
        "dvar": 11.914691925,
        "dvar2": 28.0012588501,
        "max": 86.0257949829,
        "mean": 14.1859121323,
        "median": 11.329627037,
        "min": 0.20479208231,
        "var": 109.76259613
    },
    "hfc": {
        "dmean": 3.42264294624,
        "dmean2": 5.17117404938,
        "dvar": 32.6135673523,
        "dvar2": 65.7813034058,
        "max": 100.776443481,
        "mean": 14.8747062683,
        "median": 11.5137443542,
        "min": 1.05199427406e-16,
        "var": 188.335906982
    },
    "melbands_crest": {
        "dmean": 2.60925245285,
        "dmean2": 4.13398599625,
        "dvar": 7.27885913849,
        "dvar2": 16.8917350769,
        "max": 34.0662269592,
        "mean": 14.5736141205,
        "median": 13.5093173981,
        "min": 1.5548003912,
        "var": 36.226600647
    },
    "melbands_flatness_db": {
        "dmean": 0.019691599533,
        "dmean2": 0.0294270385057,
        "dvar": 0.000428424042184,
        "dvar2": 0.000847668328788,
        "max": 0.706779360771,
        "mean": 0.363925546408,
        "median": 0.353234559298,
        "min": 0.00290924031287,
        "var": 0.0218407753855
    },
    "melbands_kurtosis": {
        "dmean": 2.86876487732,
        "dmean2": 4.31756544113,
        "dvar": 32.8539428711,
        "dvar2": 78.2735519409,
        "max": 132.210220337,
        "mean": 6.01012897491,
        "median": 2.89296674728,
        "min": -1.8544896841,
        "var": 111.665565491
    },
    "melbands_skewness": {
        "dmean": 0.451012939215,
        "dmean2": 0.683908760548,
        "dvar": 0.258528858423,
        "dvar2": 0.594249069691,
        "max": 7.71445512772,
        "mean": 1.03560590744,
        "median": 1.05697691441,
        "min": -8.41781997681,
        "var": 1.8860231638
    },
    "melbands_spread": {
        "dmean": 2.76651310921,
        "dmean2": 4.28399848938,
        "dvar": 18.0613002777,
        "dvar2": 41.4175415039,
        "max": 162.625701904,
        "mean": 14.2328453064,
        "median": 9.39356517792,
        "min": 0.604288458824,
        "var": 394.812957764
    },
    "pitch_salience": {
        "dmean": 0.0594378523529,
        "dmean2": 0.0941107496619,
        "dvar": 0.00416131969541,
        "dvar2": 0.00990668032318,
        "max": 0.925810515881,
        "mean": 0.523145496845,
        "median": 0.540414750576,
        "min": 0.0581985786557,
        "var": 0.0201558899134
    },
    "silence_rate_20dB": {
        "dmean": 0,
        "dmean2": 0,
        "dvar": 0,
        "dvar2": 0,
        "max": 1,
        "mean": 1,
        "median": 1,
        "min": 1,
        "var": 0
    },
    "silence_rate_30dB": {
        "dmean": 0.002089665737,
        "dmean2": 0.00417972821742,
        "dvar": 0.00208533252589,
        "dvar2": 0.00511222938076,
        "max": 1,
        "mean": 0.996960759163,
        "median": 1,
        "min": 0,
        "var": 0.00302996602841
    },
    "silence_rate_60dB": {
        "dmean": 0.0157674774528,
        "dmean2": 0.0315379500389,
        "dvar": 0.0155172953382,
        "dvar2": 0.034162633121,
        "max": 1,
        "mean": 0.13904453814,
        "median": 0,
        "min": 0,
        "var": 0.119722433388
    },
    "spectral_centroid": {
        "dmean": 83.9347839355,
        "dmean2": 127.080818176,
        "dvar": 32350.3496094,
        "dvar2": 58184.6640625,
        "max": 11810.7705078,
        "mean": 964.468688965,
        "median": 630.509643555,
        "min": 240.975204468,
        "var": 2497727.25
    },
    "spectral_complexity": {
        "dmean": 1.55946052074,
        "dmean2": 2.59599137306,
        "dvar": 3.17361211777,
        "dvar2": 7.88833475113,
        "max": 46,
        "mean": 12.4369831085,
        "median": 12,
        "min": 0,
        "var": 62.3114242554
    },
    "spectral_decrease": {
        "dmean": 1.4682521865e-09,
        "dmean2": 2.2825352719e-09,
        "dvar": 4.04052086633e-18,
        "dvar2": 9.36877500359e-18,
        "max": 2.57572835575e-28,
        "mean": -6.60877752523e-09,
        "median": -5.66299362958e-09,
        "min": -3.94500645484e-08,
        "var": 2.90287554709e-17
    },
    "spectral_energy": {
        "dmean": 0.0058197202161,
        "dmean2": 0.00903006456792,
        "dvar": 6.3965570007e-05,
        "dvar2": 0.000146900623804,
        "max": 0.1512953192,
        "mean": 0.0262922141701,
        "median": 0.0224293675274,
        "min": 9.92481348862e-21,
        "var": 0.000458476453787
    },
    "spectral_energyband_high": {
        "dmean": 1.48696608449e-05,
        "dmean2": 2.2955608074e-05,
        "dvar": 1.49260193094e-09,
        "dvar2": 3.44058337376e-09,
        "max": 0.00203944579698,
        "mean": 5.34436112503e-05,
        "median": 2.60283923126e-06,
        "min": 7.05360980572e-21,
        "var": 1.47298786501e-08
    },
    "spectral_energyband_low": {
        "dmean": 0.00163198006339,
        "dmean2": 0.00271347374655,
        "dvar": 1.85381668416e-05,
        "dvar2": 4.91997634526e-05,
        "max": 0.108390294015,
        "mean": 0.00377464853227,
        "median": 0.00135498261079,
        "min": 1.26409690471e-23,
        "var": 6.13671290921e-05
    },
    "spectral_energyband_middle_high": {
        "dmean": 0.00213551940396,
        "dmean2": 0.00320260040462,
        "dvar": 2.40704084717e-05,
        "dvar2": 4.8296249588e-05,
        "max": 0.0949311330914,
        "mean": 0.00576245458797,
        "median": 0.00237182062119,
        "min": 1.13411086599e-21,
        "var": 8.08385011624e-05
    },
    "spectral_energyband_middle_low": {
        "dmean": 0.00452867522836,
        "dmean2": 0.00694626895711,
        "dvar": 4.26012957178e-05,
        "dvar2": 9.48852029978e-05,
        "max": 0.144851714373,
        "mean": 0.0176084749401,
        "median": 0.0147018842399,
        "min": 1.41317804739e-22,
        "var": 0.000240703739109
    },
    "spectral_entropy": {
        "dmean": 0.147451415658,
        "dmean2": 0.214701771736,
        "dvar": 0.0340996384621,
        "dvar2": 0.0653032362461,
        "max": 9.82180786133,
        "mean": 6.17182064056,
        "median": 6.15387153625,
        "min": 3.26062941551,
        "var": 1.14109182358
    },
    "spectral_flux": {
        "dmean": 0.0180316474289,
        "dmean2": 0.0292588490993,
        "dvar": 0.000535953091457,
        "dvar2": 0.00132666481659,
        "max": 0.275360226631,
        "mean": 0.0579805523157,
        "median": 0.0545214004815,
        "min": 6.40284561482e-11,
        "var": 0.00180773774628
    },
    "spectral_kurtosis": {
        "dmean": 18.9165935516,
        "dmean2": 32.8280639648,
        "dvar": 887.591491699,
        "dvar2": 2527.27490234,
        "max": 511.864196777,
        "mean": 66.741645813,
        "median": 27.8384513855,
        "min": -1.26599502563,
        "var": 6481.12011719
    },
    "spectral_rms": {
        "dmean": 0.000516004802193,
        "dmean2": 0.000783043156844,
        "dvar": 4.1383793814e-07,
        "dvar2": 8.76219644397e-07,
        "max": 0.0121492873877,
        "mean": 0.00450705457479,
        "median": 0.00467785308138,
        "min": 3.1117109757e-12,
        "var": 5.33744650966e-06
    },
    "spectral_rolloff": {
        "dmean": 132.088607788,
        "dmean2": 227.875061035,
        "dvar": 161756.09375,
        "dvar2": 324986.40625,
        "max": 19638.28125,
        "mean": 1257.48986816,
        "median": 796.728515625,
        "min": 193.798828125,
        "var": 7513730.5
    },
    "spectral_skewness": {
        "dmean": 0.969474136829,
        "dmean2": 1.68455255032,
        "dvar": 1.57846748829,
        "dvar2": 4.4836063385,
        "max": 17.1762561798,
        "mean": 4.98226499557,
        "median": 3.88179063797,
        "min": -0.0846620053053,
        "var": 12.5939893723
    },
    "spectral_spread": {
        "dmean": 265061,
        "dmean2": 446846.1875,
        "dvar": 296786493440,
        "dvar2": 534513975296,
        "max": 42743444,
        "mean": 2664594,
        "median": 1660631.75,
        "min": 161767.28125,
        "var": 3.47233992049e+13
    },
    "spectral_strongpeak": {
        "dmean": 0.618241071701,
        "dmean2": 0.97707337141,
        "dvar": 0.896339416504,
        "dvar2": 1.97301399708,
        "max": 12.0301275253,
        "mean": 1.6102449894,
        "median": 1.13289821148,
        "min": 0,
        "var": 2.5863070488
    },
    "zerocrossingrate": {
        "dmean": 0.00332984817214,
        "dmean2": 0.00444587785751,
        "dvar": 8.94990080269e-05,
        "dvar2": 0.000161046264111,
        "max": 0.53271484375,
        "mean": 0.0444112420082,
        "median": 0.02978515625,
        "min": 0.0048828125,
        "var": 0.00566693581641
    },
    "barkbands": {
        "dmean": [0.000103969956399, 0.000766321783885, 0.000874924997333, 0.000539251195733, 0.00112125033047, 0.00148883624934, 0.00142340664752, 0.0010900957277, 0.00139542249963, 0.00138914608397, 0.00105818803422, 0.000363637896953, 0.000157681803103, 9.30211826926e-05, 0.000102301615698, 5.68332143303e-05, 8.748901746e-05, 5.39210050192e-05, 3.25237815559e-05, 1.88504891412e-05, 7.6310516306e-06, 3.53996301783e-06, 1.33259447921e-06, 6.83200767071e-07, 2.79462511799e-07, 1.09996200592e-07, 7.86978660017e-08],
        "dmean2": [0.000183951284271, 0.0012837536633, 0.00147493975237, 0.000833000754938, 0.00175602524541, 0.0023646382615, 0.00211069500074, 0.00170496245846, 0.0019626209978, 0.00214933673851, 0.00158287410159, 0.000556814018637, 0.000247434829362, 0.000147087397636, 0.000158901530085, 9.39796373132e-05, 0.000139400857734, 8.49014977575e-05, 5.12001788593e-05, 2.79609394056e-05, 1.18707357615e-05, 5.59641148357e-06, 2.10222879105e-06, 1.08375274976e-06, 4.34482473111e-07, 1.7350352266e-07, 1.20174632912e-07],
        "dvar": [1.44229304055e-07, 6.52209382679e-06, 7.18444471204e-06, 1.87539865237e-06, 4.52316498922e-06, 7.41087569622e-06, 7.59315844334e-06, 7.49209584683e-06, 1.86397064681e-05, 1.87613877642e-05, 9.18550540518e-06, 2.9137652291e-06, 1.63644415352e-07, 4.90496532279e-08, 6.43247091148e-08, 2.35885000421e-08, 5.42368994161e-08, 3.19287281059e-08, 1.0217508617e-08, 2.70058220231e-09, 6.2649518906e-10, 1.33715760686e-10, 1.78779213655e-11, 4.41697936907e-12, 1.14083905083e-12, 1.3111316503e-13, 5.94771017918e-14],
        "dvar2": [4.54011342299e-07, 1.73758726305e-05, 1.79294129339e-05, 4.34247840531e-06, 1.02863441498e-05, 1.96342443815e-05, 1.64933462656e-05, 1.60719446285e-05, 3.38048885169e-05, 4.05800747103e-05, 1.76660123543e-05, 5.1098008953e-06, 3.75024200139e-07, 1.18171634256e-07, 1.47559802599e-07, 6.09179551248e-08, 1.31946151782e-07, 7.02070011016e-08, 2.28481180642e-08, 5.33285149373e-09, 1.44965450755e-09, 3.40641154173e-10, 4.40726795337e-11, 1.06580048606e-11, 2.64501311478e-12, 3.1018376344e-13, 1.29957554592e-13],
        "max": [0.00812953151762, 0.0961788147688, 0.0533455573022, 0.0335232540965, 0.0455512069166, 0.0477849170566, 0.0641720890999, 0.0860259905457, 0.131882280111, 0.0954889506102, 0.0893604308367, 0.0629938542843, 0.0156216500327, 0.00671966560185, 0.00678097410128, 0.00372674316168, 0.00484321825206, 0.00658031972125, 0.00400910386816, 0.00192532350775, 0.00139488314744, 0.000432523142081, 0.000132636661874, 9.10094968276e-05, 5.50716576981e-05, 1.74607757799e-05, 1.05444369183e-05],
        "mean": [0.000171140825842, 0.00153351586778, 0.00164647342172, 0.00105928361882, 0.00320763583295, 0.00365217286162, 0.0036258904729, 0.00223676790483, 0.00277090328746, 0.00237950216979, 0.00205874652602, 0.000701937242411, 0.000300349522149, 0.000191936356714, 0.000209710487979, 0.000106693027192, 0.000172139058122, 0.000110534056148, 7.39854294807e-05, 4.38033493992e-05, 1.96466044144e-05, 1.03148840935e-05, 4.4483513193e-06, 2.57870942733e-06, 1.1788804386e-06, 5.62198351872e-07, 4.01616745194e-07],
        "median": [1.31157339638e-05, 0.0003816348908, 0.000262823625235, 0.000275496102404, 0.00151442014612, 0.00137550989166, 0.00138260424137, 0.000738444563467, 0.000424720608862, 0.00045230408432, 0.000296199927106, 0.000104247294075, 7.30985411792e-05, 5.11962171004e-05, 3.15130528179e-05, 1.80571714736e-05, 2.22729904635e-05, 9.313852388e-06, 4.02102750741e-06, 1.72190698322e-06, 6.66758410262e-07, 3.00588027358e-07, 1.41532112252e-07, 7.41948156247e-08, 5.39929985166e-08, 2.97792617232e-08, 6.40896935522e-09],
        "min": [1.2501304484e-26, 1.08113475807e-24, 5.01719775848e-25, 4.40554804612e-25, 4.57342307017e-24, 3.06307826407e-24, 6.57891575052e-24, 2.82424451135e-24, 1.64333989163e-23, 1.02110116129e-23, 1.20399580115e-23, 2.24152159869e-23, 2.10201706962e-23, 2.43941918968e-23, 3.59149595258e-23, 3.02637335502e-23, 4.4021253167e-23, 8.77231375743e-23, 9.27081200284e-23, 1.10213082355e-22, 1.89772569789e-22, 2.70908744048e-22, 3.22998453932e-22, 5.48438820504e-22, 8.54006629118e-22, 1.25185677482e-21, 1.80504259422e-21],
        "var": [2.79152516214e-07, 2.30217592616e-05, 1.86509259947e-05, 5.18415799888e-06, 2.18900040636e-05, 3.00993942801e-05, 3.09544811898e-05, 2.00317936105e-05, 6.09540220466e-05, 4.4690019422e-05, 3.01862237393e-05, 8.37898915051e-06, 4.64231845854e-07, 1.36432007025e-07, 2.2529981436e-07, 5.47341301171e-08, 1.44996178619e-07, 8.22760526376e-08, 3.52984450558e-08, 1.17968959046e-08, 2.94159518965e-09, 7.88366927296e-10, 1.52765994299e-10, 5.07497169289e-11, 1.10490210731e-11, 2.0559801691e-12, 9.76665471587e-13]
    },
    "erbbands": {
        "dmean": [0.01565765962, 0.208437278867, 0.931418716908, 1.2787334919, 2.60336446762, 4.00922822952, 7.7665309906, 13.7346553802, 17.4601421356, 28.951883316, 21.2507019043, 36.7067642212, 34.7169647217, 36.9241638184, 42.9417648315, 16.6745948792, 7.73549938202, 5.34332799911, 4.27617359161, 5.19607925415, 3.23536682129, 3.45590543747, 3.05007386208, 2.15513825417, 1.18012678623, 1.10181236267, 0.372218489647, 0.255548328161, 0.128198057413, 0.0709629356861, 0.0350052639842, 0.0206205248833, 0.00968996156007, 0.00407184427604, 0.00190478668083, 0.000609415001236, 0.000194113235921, 6.22034494882e-05, 1.45915837493e-05, 6.72210035191e-06],
        "dmean2": [0.0265358649194, 0.351069241762, 1.59042835236, 1.97319424152, 3.9815518856, 6.31721496582, 11.4962100983, 22.1639461517, 25.8413276672, 45.5691719055, 32.2888183594, 51.2726631165, 53.925655365, 55.9786720276, 64.8976821899, 25.0641422272, 12.031334877, 8.45670413971, 6.62425994873, 8.37574481964, 5.27290630341, 5.47431993484, 4.68722867966, 3.45951342583, 1.81442284584, 1.62468826771, 0.585099339485, 0.398672014475, 0.201019272208, 0.110320053995, 0.0550050884485, 0.0324953384697, 0.0153079628944, 0.00635239761323, 0.00305176060647, 0.000975948292762, 0.00030403942219, 9.61217228905e-05, 2.28600292758e-05, 1.04312066469e-05],
        "dvar": [0.00197963486426, 0.493384599686, 6.89141511917, 13.6228656769, 43.12550354, 76.8649368286, 231.298019409, 726.664489746, 1141.20483398, 4113.13085938, 4124.53027344, 14234.4589844, 14012.8828125, 15937.9912109, 14476.4072266, 7086.828125, 416.816619873, 156.412490845, 157.668533325, 179.944152832, 78.5252685547, 79.9616470337, 105.873893738, 33.1202697754, 23.9928855896, 10.1033687592, 1.3509567976, 0.742148220539, 0.209416717291, 0.048764128238, 0.0123026156798, 0.00493726413697, 0.0010101654334, 0.000172552361619, 9.89263062365e-05, 4.02225032303e-06, 3.84829604627e-07, 3.86331784341e-08, 1.62987601193e-09, 8.88869672311e-11],
        "dvar2": [0.00534417107701, 1.34488654137, 19.2277469635, 29.5152931213, 83.9214553833, 182.695526123, 480.576049805, 1925.65820312, 2309.82128906, 10716.9228516, 8107.89111328, 25963.1679688, 32283.953125, 31789.3046875, 30703.2089844, 12073.2724609, 926.967346191, 377.45413208, 359.692565918, 437.278320312, 195.398956299, 193.144561768, 232.292907715, 86.1802902222, 49.0586128235, 19.4408740997, 3.14370369911, 1.69471430779, 0.536538541317, 0.118588730693, 0.0312766283751, 0.0118110375479, 0.00238877162337, 0.000399320793804, 0.000237943560933, 9.75846887741e-06, 8.91242279977e-07, 9.06234731701e-08, 3.7444514156e-09, 1.99588776062e-10],
        "max": [2.22234082222, 23.5765361786, 47.1997680664, 100.210525513, 178.776870728, 248.821258545, 444.328094482, 508.09173584, 725.981628418, 1439.21557617, 2386.44458008, 3722.97290039, 3137.80883789, 3510.91723633, 3140.46386719, 3229.80859375, 805.03704834, 379.482299805, 316.732696533, 376.06427002, 253.439086914, 167.136489868, 453.637420654, 120.81930542, 264.602203369, 119.612487793, 67.7878570557, 36.8390808105, 15.524969101, 8.43645000458, 4.09629535675, 3.06826400757, 1.7058532238, 0.633581936359, 0.691021084785, 0.0915913805366, 0.0320011228323, 0.0080044772476, 0.00172845914494, 0.000221187234274],
        "mean": [0.0355636887252, 0.388256579638, 1.73794007301, 2.80458188057, 5.68870401382, 11.2879323959, 21.2368927002, 31.5874938965, 44.2002410889, 68.1502151489, 45.4656295776, 74.5448608398, 63.8519973755, 67.6546783447, 82.9237289429, 34.9705047607, 16.0730304718, 11.5285825729, 9.72620773315, 9.66152095795, 6.81462526321, 7.51265859604, 6.84570503235, 5.10351705551, 2.76780581474, 2.55810070038, 0.948129653931, 0.673182725906, 0.37565651536, 0.216525375843, 0.116445548832, 0.0688527971506, 0.036250282079, 0.0161628052592, 0.00735019007698, 0.00279799685813, 0.00093172112247, 0.000299640378216, 7.40708419471e-05, 3.5345172364e-05],
        "median": [0.00599070172757, 0.0975230038166, 0.325511276722, 1.00952994823, 2.24023485184, 4.40297079086, 8.65159606934, 11.3966760635, 16.9773635864, 24.5489997864, 17.4988193512, 12.9568061829, 16.2013187408, 14.2986803055, 14.9441566467, 7.04074716568, 4.78517389297, 3.78692674637, 1.66000652313, 1.99966990948, 1.19287955761, 1.18034636974, 0.76016908884, 0.366130053997, 0.169040054083, 0.104834355414, 0.0449584387243, 0.0208506565541, 0.0114985462278, 0.00631598802283, 0.00343545735814, 0.00189186679199, 0.00114350928925, 0.000616338977125, 0.000381595513318, 0.000165032382938, 5.77555256314e-05, 1.34284127853e-05, 1.52282200361e-05, 2.64551690634e-05],
        "min": [5.25985945875e-23, 3.32663300064e-22, 9.1189129859e-22, 2.30457688536e-21, 7.06391967502e-21, 1.37068738885e-20, 3.58315286624e-20, 5.53797484728e-20, 8.54114130286e-20, 9.96243663556e-20, 1.36977167406e-19, 3.91781482631e-19, 3.86020634954e-19, 5.77405154787e-19, 7.96580926948e-19, 1.05488906293e-18, 1.31312606137e-18, 1.58502477481e-18, 2.07496416182e-18, 2.87004892584e-18, 3.43502817346e-18, 3.37684284161e-18, 4.95979025571e-18, 6.1795412744e-18, 6.34919808599e-18, 6.74710670221e-18, 7.98606816345e-18, 1.0173440587e-17, 9.13518498887e-18, 1.03435477985e-17, 8.15662205241e-18, 1.00638209579e-17, 9.86436455117e-18, 6.85364756511e-18, 5.43906614725e-18, 3.96817523637e-18, 2.24423343929e-18, 9.67691611858e-19, 2.32700795562e-19, 2.52424988354e-20],
        "var": [0.0131755843759, 1.45587515831, 15.737569809, 43.1681747437, 154.148040771, 325.425720215, 1134.28369141, 2736.45703125, 4880.05615234, 12895.828125, 9460.80859375, 45557.4140625, 31614.9082031, 39041.84375, 42110.734375, 20995.0234375, 1196.00744629, 430.240386963, 610.847717285, 431.674804688, 210.748428345, 248.150909424, 285.174713135, 121.745307922, 66.657043457, 42.7890777588, 6.0707859993, 3.34653544426, 1.06474077702, 0.370008707047, 0.102695159614, 0.0379624851048, 0.0106464056298, 0.00215052696876, 0.000435401103459, 5.3804487834e-05, 5.61775732422e-06, 5.32742717496e-07, 2.47581795065e-08, 1.10031739275e-09]
    },
    "gfcc": {
        "mean": [-164.535491943, 182.310745239, -120.831039429, -24.5891189575, -45.4471893311, -13.326499939, -23.5339488983, -4.44024896622, -13.6813297272, -9.92477416992, -3.53915858269, -3.35967707634, -2.15722632408],
        "cov": [[46988.484375, 2202.02050781, -5221.35693359, 2631.97387695, -1922.48632812, 337.871673584, 94.2761230469, 948.720336914, -295.046020508, -106.915176392, -562.5390625, -480.609863281, -733.463500977], [2202.02050781, 3980.02099609, 332.508087158, -1700.84729004, 514.721252441, -509.894897461, -346.859313965, -607.713317871, -35.5357666016, -322.59487915, 54.6062355042, -213.812973022, 105.497154236], [-5221.35693359, 332.508087158, 1737.0880127, -378.821380615, 203.903045654, -71.4942626953, -139.712036133, -231.725830078, 32.3104400635, 96.6231536865, 55.2361869812, 23.626241684, -18.4570140839], [2631.97387695, -1700.84729004, -378.821380615, 1712.90576172, -407.827362061, 171.63369751, 113.854255676, 329.065826416, 117.047538757, 205.538497925, -43.1950569153, -18.2353553772, -174.911804199], [-1922.48632812, 514.721252441, 203.903045654, -407.827362061, 430.67288208, -26.9441127777, -8.01259326935, -107.540893555, 10.1194133759, -55.9906616211, 19.866437912, -15.1815767288, 37.1164245605], [337.871673584, -509.894897461, -71.4942626953, 171.63369751, -26.9441127777, 355.867340088, 190.88067627, 83.2028503418, -71.3883285522, 9.38117694855, -48.2736053467, 49.3751487732, -9.458360672], [94.2761230469, -346.859313965, -139.712036133, 113.854255676, -8.01259326935, 190.88067627, 316.363342285, 130.422714233, -31.651720047, -32.1372489929, -16.2498664856, 17.671918869, -11.4595184326], [948.720336914, -607.713317871, -231.725830078, 329.065826416, -107.540893555, 83.2028503418, 130.422714233, 276.497528076, 48.2993965149, 32.9883308411, -45.0309486389, 16.369726181, -50.8022651672], [-295.046020508, -35.5357666016, 32.3104400635, 117.047538757, 10.1194133759, -71.3883285522, -31.651720047, 48.2993965149, 161.742904663, 68.1584091187, -3.19465088844, -30.3010215759, -3.98257875443], [-106.915176392, -322.59487915, 96.6231536865, 205.538497925, -55.9906616211, 9.38117694855, -32.1372489929, 32.9883308411, 68.1584091187, 208.059814453, 72.8731002808, 21.7767047882, -52.2476921082], [-562.5390625, 54.6062355042, 55.2361869812, -43.1950569153, 19.866437912, -48.2736053467, -16.2498664856, -45.0309486389, -3.19465088844, 72.8731002808, 177.732666016, 76.4635009766, -9.74341011047], [-480.609863281, -213.812973022, 23.626241684, -18.2353553772, -15.1815767288, 49.3751487732, 17.671918869, 16.369726181, -30.3010215759, 21.7767047882, 76.4635009766, 161.785232544, 49.5577049255], [-733.463500977, 105.497154236, -18.4570140839, -174.911804199, 37.1164245605, -9.458360672, -11.4595184326, -50.8022651672, -3.98257875443, -52.2476921082, -9.74341011047, 49.5577049255, 145.406570435]],
        "icov": [[0.000133792447741, -0.000445659214165, 0.000316307647154, -0.000293277262244, 0.000420884374762, -0.000253537466051, 0.000152968321345, -0.000511490099598, 0.000491848797537, -0.000460858107544, 0.000520602508914, -0.000330322829541, 0.000390346540371], [-0.000445659214165, 0.00224552000873, -0.000953766342718, 0.00150504941121, -0.00148047227412, 0.00114802434109, -0.000411225191783, 0.00265519204549, -0.0022224704735, 0.002367407782, -0.00213563372381, 0.00175668287557, -0.000792006962001], [0.000316307647154, -0.000953766342718, 0.00152426515706, -0.000501404923853, 0.000775186694227, -0.000490099715535, 0.000293662160402, -0.000287637783913, 0.000764790689573, -0.00151763681788, 0.00173986703157, -0.00135286606383, 0.00162404193543], [-0.000293277262244, 0.00150504941121, -0.000501404923853, 0.00211423891596, -0.000254860031419, 0.000298369763186, -0.00019412014808, 0.00130725384224, -0.00219253939576, 0.00112930359319, -0.00128020963166, 0.00115351518616, 0.000300984858768], [0.000420884374762, -0.00148047227412, 0.000775186694227, -0.000254860031419, 0.00475498661399, -0.00148999143858, 0.000220178655582, -0.00105680362321, 3.58343204425e-05, -0.000535785162356, 0.000867152761202, -0.000626209541224, 0.00140643143095], [-0.000253537466051, 0.00114802434109, -0.000490099715535, 0.000298369763186, -0.00148999143858, 0.00688589829952, -0.00381145998836, 0.00217656884342, 0.00169608765282, -0.0014143177541, 0.00273463991471, -0.00191349268425, -0.000153147018864], [0.000152968321345, -0.000411225191783, 0.000293662160402, -0.00019412014808, 0.000220178655582, -0.00381145998836, 0.006713621784, -0.00375549471937, 0.000549567688722, 0.00175615819171, -0.00242647225969, 0.00179470411967, -0.000341585720889], [-0.000511490099598, 0.00265519204549, -0.000287637783913, 0.00130725384224, -0.00105680362321, 0.00217656884342, -0.00375549471937, 0.0117075331509, -0.00566458143294, 0.00214360188693, 0.00142088683788, -0.0022061530035, 0.00269747152925], [0.000491848797537, -0.0022224704735, 0.000764790689573, -0.00219253939576, 3.58343204425e-05, 0.00169608765282, 0.000549567688722, -0.00566458143294, 0.0135475210845, -0.00665217451751, 0.00297946901992, 0.00092914205743, -0.00241773179732], [-0.000460858107544, 0.002367407782, -0.00151763681788, 0.00112930359319, -0.000535785162356, -0.0014143177541, 0.00175615819171, 0.00214360188693, -0.00665217451751, 0.0124120675027, -0.0071605653502, 0.00221205805428, 0.00109960790724], [0.000520602508914, -0.00213563372381, 0.00173986703157, -0.00128020963166, 0.000867152761202, 0.00273463991471, -0.00242647225969, 0.00142088683788, 0.00297946901992, -0.0071605653502, 0.0151848401874, -0.00945144891739, 0.00486552994698], [-0.000330322829541, 0.00175668287557, -0.00135286606383, 0.00115351518616, -0.000626209541224, -0.00191349268425, 0.00179470411967, -0.0022061530035, 0.00092914205743, 0.00221205805428, -0.00945144891739, 0.0149593884125, -0.00723038287833], [0.000390346540371, -0.000792006962001, 0.00162404193543, 0.000300984858768, 0.00140643143095, -0.000153147018864, -0.000341585720889, 0.00269747152925, -0.00241773179732, 0.00109960790724, 0.00486552994698, -0.00723038287833, 0.013654846698]]
    },
    "melbands": {
        "dmean": [0.000171723717358, 0.000409173517255, 0.000250711978879, 0.000222094735363, 0.000250980112469, 0.000302474742057, 0.000274723570328, 0.000296651996905, 0.000194854670553, 0.000210606405744, 0.000173847132828, 0.000154726483743, 0.000150700259837, 6.04932683927e-05, 2.57520714513e-05, 1.30894568429e-05, 1.02463218354e-05, 6.78802507537e-06, 6.14672489974e-06, 5.93660797676e-06, 4.37778908235e-06, 3.85206521969e-06, 3.96149835069e-06, 3.51129915543e-06, 1.76677144736e-06, 1.19421372347e-06, 6.22142522388e-07, 7.36122615308e-07, 2.78511549823e-07, 1.84818972571e-07, 1.79835140557e-07, 8.68079723659e-08, 6.34646397657e-08, 3.76675863833e-08, 2.45065781002e-08, 1.930535376e-08, 1.16142127027e-08, 8.61114646256e-09, 5.07140107686e-09, 3.36837868709e-09],
        "dmean2": [0.000287167815259, 0.000695503025781, 0.000387663225411, 0.000346606189851, 0.000376278243493, 0.000486996694235, 0.000408026156947, 0.000467643345473, 0.00028597394703, 0.00029606820317, 0.000270787626505, 0.000235698651522, 0.00022322582663, 9.37351651373e-05, 3.96820905735e-05, 2.03404051717e-05, 1.62770102179e-05, 1.06364732346e-05, 9.65031358646e-06, 9.60348006629e-06, 7.15416535968e-06, 6.1418468249e-06, 6.29893702353e-06, 5.51280663785e-06, 2.88252203973e-06, 1.83338499937e-06, 9.38171012876e-07, 1.10174448764e-06, 4.38657281165e-07, 2.97333059507e-07, 2.77156345874e-07, 1.36536598916e-07, 9.99201432705e-08, 5.95359992417e-08, 3.88824368258e-08, 3.05847969173e-08, 1.86779249844e-08, 1.37869973216e-08, 8.08924927043e-09, 5.34094501958e-09],
        "dvar": [2.85357543817e-07, 1.32955892695e-06, 3.67793546729e-07, 2.0841268622e-07, 2.2466849714e-07, 3.34467927132e-07, 2.71475585123e-07, 4.21041931986e-07, 3.17045703468e-07, 4.34679122918e-07, 3.47712898474e-07, 3.09875701987e-07, 1.89503666093e-07, 5.01928063557e-08, 1.01668620189e-08, 9.75956870874e-10, 5.98453342437e-10, 3.91099208574e-10, 2.08928790935e-10, 2.23362370266e-10, 1.56329463263e-10, 9.64954921523e-11, 1.63029992284e-10, 1.33776614786e-10, 2.58851898249e-11, 2.42647880955e-11, 3.29612899475e-12, 4.18271146885e-12, 9.7879300151e-13, 3.5085942398e-13, 4.24959844874e-13, 1.03639048298e-13, 4.5422822811e-14, 1.47542060221e-14, 6.3825999336e-15, 7.0306432422e-15, 1.44050838169e-15, 7.6090033737e-16, 3.19217759881e-16, 1.12608067254e-16],
        "dvar2": [7.27045744497e-07, 3.74690989702e-06, 8.21319702027e-07, 4.5981630592e-07, 4.8909510042e-07, 8.9902732725e-07, 5.57243879484e-07, 1.10150256205e-06, 6.17445891749e-07, 7.99596136858e-07, 8.00370401066e-07, 6.19953993919e-07, 3.53963912403e-07, 9.62786117498e-08, 1.88510220767e-08, 2.20444973387e-09, 1.44315814854e-09, 9.16234421666e-10, 4.93533713897e-10, 5.50951007039e-10, 3.8503544797e-10, 2.33997266008e-10, 3.84660969743e-10, 2.91448892797e-10, 6.92513477119e-11, 4.92948112885e-11, 6.76754919465e-12, 8.47479898758e-12, 2.2061465068e-12, 8.8130652949e-13, 9.01200988834e-13, 2.72116205437e-13, 1.09732074772e-13, 3.80256773064e-14, 1.68508734527e-14, 1.59834710571e-14, 3.59382272883e-15, 1.87144009938e-15, 7.82087807754e-16, 2.66335719509e-16],
        "max": [0.0247630402446, 0.0209193881601, 0.0148128978908, 0.00982099026442, 0.0126380212605, 0.0106986658648, 0.0112170968205, 0.0144315697253, 0.018487142399, 0.0203701201826, 0.0154690640047, 0.0153907341883, 0.0132863195613, 0.00706313131377, 0.00365045317449, 0.00106346665416, 0.000660564051941, 0.000474501313874, 0.000402444653446, 0.00034968208638, 0.000306577247102, 0.000221280119149, 0.000352823582944, 0.000293244956993, 0.000107179832412, 0.000246405485086, 5.91803473071e-05, 7.17506045476e-05, 5.53082136321e-05, 1.82834355655e-05, 2.89594008791e-05, 1.24182015497e-05, 7.81240760261e-06, 4.41998054157e-06, 3.30335819854e-06, 3.08532503368e-06, 1.64350990417e-06, 1.34692425036e-06, 8.01054454769e-07, 4.69872020403e-07],
        "mean": [0.00037852866808, 0.000787643250078, 0.000578542531002, 0.00058031611843, 0.000723444973119, 0.000702729274053, 0.000706898747012, 0.000691610679496, 0.000404072139645, 0.000422038981924, 0.00030528366915, 0.000264638569206, 0.000297032471281, 0.000113669972052, 5.31171754119e-05, 2.70471737167e-05, 2.04108200705e-05, 1.45914427776e-05, 1.26712839119e-05, 1.08826779979e-05, 8.04435512691e-06, 8.02055274107e-06, 6.9587440521e-06, 6.67948461341e-06, 3.72737213183e-06, 2.55745089817e-06, 1.45235514992e-06, 1.63013032761e-06, 6.06170942774e-07, 4.1249103333e-07, 4.08462028645e-07, 2.25807042398e-07, 1.60275476446e-07, 1.01934276131e-07, 6.91957993126e-08, 5.34240456318e-08, 3.61201877297e-08, 2.75164264707e-08, 1.76704997301e-08, 1.19628102979e-08],
        "median": [8.54077370605e-05, 0.000171719744685, 0.000222526170546, 0.000257348146988, 0.00032323951018, 0.000255723949522, 0.000279862753814, 0.000250504497671, 0.000111185647256, 7.09474334144e-05, 6.76342242514e-05, 4.90769853059e-05, 4.54532673757e-05, 1.81777995749e-05, 1.05527178675e-05, 7.40796895116e-06, 5.69835674469e-06, 2.00041017706e-06, 2.32921865972e-06, 1.95549932869e-06, 9.14594750157e-07, 1.08822507627e-06, 5.50996730908e-07, 4.44056098559e-07, 2.23015945267e-07, 1.06877322992e-07, 8.04002056043e-08, 5.47209211277e-08, 2.61743053898e-08, 1.27133112926e-08, 1.02087245324e-08, 6.51299769672e-09, 3.87994747442e-09, 2.84302759113e-09, 1.92864280102e-09, 1.33513589073e-09, 1.02508546096e-09, 8.63643823124e-10, 5.47803635786e-10, 4.62047455851e-10],
        "min": [9.25741682912e-25, 4.01203587691e-25, 7.43350089788e-25, 9.96861733645e-25, 1.22838491515e-24, 9.79265500901e-25, 1.08573352133e-24, 1.03872668049e-24, 1.01878279769e-24, 1.99924687413e-24, 1.72837531068e-24, 1.97625217039e-24, 2.22310173599e-24, 1.88700399745e-24, 1.61321897346e-24, 1.95655273587e-24, 2.52856623065e-24, 3.07742231913e-24, 2.99038295672e-24, 2.95082355448e-24, 3.01869734398e-24, 2.69422268201e-24, 3.63921533202e-24, 4.20348280436e-24, 4.01350143256e-24, 4.52057254496e-24, 3.72452038373e-24, 4.29484354681e-24, 4.59042381154e-24, 4.52219917615e-24, 4.65416613926e-24, 4.55774840398e-24, 5.27822098518e-24, 5.70173792266e-24, 3.96860341414e-24, 5.75848818175e-24, 4.65411486331e-24, 5.25141746377e-24, 5.70415380918e-24, 5.41091843349e-24],
        "var": [1.47572006881e-06, 3.12340694109e-06, 1.27771920688e-06, 9.16010037599e-07, 1.1299785001e-06, 1.25424298858e-06, 1.17210527151e-06, 1.3236091263e-06, 8.27528822356e-07, 1.38193070143e-06, 7.8179874663e-07, 7.35052140044e-07, 6.37881839793e-07, 1.3397237808e-07, 2.95902609082e-08, 2.94507218612e-09, 1.54648271966e-09, 1.4195471465e-09, 6.84439616094e-10, 5.43624867344e-10, 3.66667279872e-10, 2.92792456946e-10, 3.48617412715e-10, 3.42583184043e-10, 7.84249956642e-11, 6.7453896635e-11, 1.3158155121e-11, 1.6934894459e-11, 3.32381626562e-12, 1.15039282354e-12, 1.58699756895e-12, 4.14775391767e-13, 1.99926717976e-13, 8.90445283155e-14, 3.71599825292e-14, 2.75485099413e-14, 1.05955842651e-14, 6.1959596118e-15, 2.73522926415e-15, 1.24313879943e-15]
    },
    "mfcc": {
        "mean": [-776.60559082, 200.53288269, -6.07022428513, -2.46492266655, -10.4492111206, -8.11410808563, -5.41819190979, 0.284124881029, -4.08603096008, -4.43257236481, -4.76581764221, -0.491963982582, 0.236485213041],
        "cov": [[17343.4511719, 2194.37792969, -2387.22558594, 1599.31762695, -314.989959717, -134.830123901, 122.444526672, 546.173461914, 281.276092529, 496.815856934, 413.134216309, 369.311035156, -114.573638916], [2194.37792969, 4251.25634766, 558.656494141, -542.31048584, 238.426147461, -86.4200286865, -110.12122345, -270.833709717, -166.26071167, -123.499633789, 20.1170902252, 6.01058578491, -64.9832763672], [-2387.22558594, 558.656494141, 1177.27929688, -276.81628418, 122.525245667, 80.370010376, -74.323135376, -227.500564575, -101.951034546, -114.097213745, -81.5862197876, -54.0778923035, 8.21608352661], [1599.31762695, -542.31048584, -276.81628418, 789.287780762, 62.7353553772, -56.182182312, -34.7418441772, 62.4563064575, 37.4456329346, 110.81665802, 133.029891968, 131.051559448, 18.6944103241], [-314.989959717, 238.426147461, 122.525245667, 62.7353553772, 250.74446106, 27.7943229675, -83.3834915161, -85.3398132324, -35.6138420105, -16.5105190277, 43.0970802307, 42.7809410095, 15.814002037], [-134.830123901, -86.4200286865, 80.370010376, -56.182182312, 27.7943229675, 205.114318848, 87.8253936768, -10.3884096146, 18.0245780945, -5.24383211136, -35.0454406738, -24.0705032349, 4.84428739548], [122.444526672, -110.12122345, -74.323135376, -34.7418441772, -83.3834915161, 87.8253936768, 268.985351562, 133.452407837, 0.739929318428, -4.57786655426, 0.00764481211081, 2.51189517975, 13.0499200821], [546.173461914, -270.833709717, -227.500564575, 62.4563064575, -85.3398132324, -10.3884096146, 133.452407837, 266.462493896, 111.36038208, 14.0826148987, -12.4102392197, -6.7708439827, -1.5713788271], [281.276092529, -166.26071167, -101.951034546, 37.4456329346, -35.6138420105, 18.0245780945, 0.739929318428, 111.36038208, 184.390792847, 69.3881607056, -35.2189254761, -42.2956924438, -19.5372257233], [496.815856934, -123.499633789, -114.097213745, 110.81665802, -16.5105190277, -5.24383211136, -4.57786655426, 14.0826148987, 69.3881607056, 159.320465088, 69.6549072266, -10.7301845551, -27.4487266541], [413.134216309, 20.1170902252, -81.5862197876, 133.029891968, 43.0970802307, -35.0454406738, 0.00764481211081, -12.4102392197, -35.2189254761, 69.6549072266, 172.299499512, 94.6618652344, -2.85582637787], [369.311035156, 6.01058578491, -54.0778923035, 131.051559448, 42.7809410095, -24.0705032349, 2.51189517975, -6.7708439827, -42.2956924438, -10.7301845551, 94.6618652344, 169.998474121, 72.8050537109], [-114.573638916, -64.9832763672, 8.21608352661, 18.6944103241, 15.814002037, 4.84428739548, 13.0499200821, -1.5713788271, -19.5372257233, -27.4487266541, -2.85582637787, 72.8050537109, 149.014785767]],
