{
"lowlevel": {
    "average_loudness": 0.00458016758785,
    "barkbands_crest": {
        "dmean": 2.6650826931,
        "dmean2": 4.45232868195,
        "dvar": 6.73532438278,
        "dvar2": 17.9717979431,
        "max": 26.6581249237,
        "mean": 12.1338167191,
        "median": 10.9370689392,
        "min": 1.58226931095,
        "var": 36.8577461243
    },
    "barkbands_flatness_db": {
        "dmean": 0.0255796294659,
        "dmean2": 0.0407494269311,
        "dvar": 0.000777287816163,
        "dvar2": 0.0018919641152,
        "max": 0.589572131634,
        "mean": 0.165276601911,
        "median": 0.164309561253,
        "min": 0.0119337458163,
        "var": 0.00758285773918
    },
    "barkbands_kurtosis": {
        "dmean": 6.02224731445,
        "dmean2": 9.91170024872,
        "dvar": 142.764907837,
        "dvar2": 368.223236084,
        "max": 420.986175537,
        "mean": 10.9835453033,
        "median": 4.59673786163,
        "min": -1.87804055214,
        "var": 357.272338867
    },
    "barkbands_skewness": {
        "dmean": 0.710671961308,
        "dmean2": 1.17979156971,
        "dvar": 0.723210632801,
        "dvar2": 1.91985988617,
        "max": 17.5206680298,
        "mean": 1.65032446384,
        "median": 1.33860170841,
        "min": -6.5639872551,
        "var": 3.36383485794
    },
    "barkbands_spread": {
        "dmean": 4.95702123642,
        "dmean2": 8.40085124969,
        "dvar": 76.9572982788,
        "dvar2": 212.430786133,
        "max": 109.676597595,
        "mean": 16.3088855743,
        "median": 9.85441207886,
        "min": 0.218321174383,
        "var": 278.365539551
    },
    "dissonance": {
        "dmean": 0.0271963849664,
        "dmean2": 0.0471288301051,
        "dvar": 0.00113091722596,
        "dvar2": 0.00329931708984,
        "max": 0.500000178814,
        "mean": 0.452402621508,
        "median": 0.472374081612,
        "min": 0.128339648247,
        "var": 0.00260483683087
    },
    "dynamic_complexity": 10.1567420959,
    "erbbands_crest": {
        "dmean": 2.35084080696,
        "dmean2": 3.80069804192,
        "dvar": 6.68964529037,
        "dvar2": 15.694316864,
        "max": 34.5986938477,
        "mean": 13.0069894791,
        "median": 9.91147041321,
        "min": 2.27399945259,
        "var": 80.0737686157
    },
    "erbbands_flatness_db": {
        "dmean": 0.0184764470905,
        "dmean2": 0.0286452546716,
        "dvar": 0.000469056336442,
        "dvar2": 0.00101526698563,
        "max": 0.593661427498,
        "mean": 0.190316036344,
        "median": 0.16835090518,
        "min": 0.0387669317424,
        "var": 0.00804677885026
    },
    "erbbands_kurtosis": {
        "dmean": 3.04218411446,
        "dmean2": 4.74010848999,
        "dvar": 47.0835762024,
        "dvar2": 106.733581543,
        "max": 239.33102417,
        "mean": 5.71902799606,
        "median": 1.25388240814,
        "min": -1.73674416542,
        "var": 176.023193359
    },
    "erbbands_skewness": {
        "dmean": 0.465946733952,
        "dmean2": 0.742866039276,
        "dvar": 0.315387308598,
        "dvar2": 0.770940721035,
        "max": 12.2676544189,
        "mean": 1.16033625603,
        "median": 0.871676325798,
        "min": -4.00965690613,
        "var": 1.98158490658
    },
    "erbbands_spread": {
        "dmean": 6.54451656342,
        "dmean2": 10.8336486816,
        "dvar": 113.205513,
        "dvar2": 311.028778076,
        "max": 165.447799683,
        "mean": 28.4800491333,
        "median": 22.7348251343,
        "min": 0.426309853792,
        "var": 521.467834473
    },
    "hfc": {
        "dmean": 3.37266492844,
        "dmean2": 4.59845972061,
        "dvar": 211.783157349,
        "dvar2": 382.354217529,
        "max": 394.048950195,
        "mean": 8.33255195618,
        "median": 0.81875795126,
        "min": 1.26067381081e-16,
        "var": 647.055175781
    },
    "melbands_crest": {
        "dmean": 3.18086028099,
        "dmean2": 5.28878927231,
        "dvar": 9.27007770538,
        "dvar2": 24.0970191956,
        "max": 39.3660545349,
        "mean": 15.2716627121,
        "median": 14.3598060608,
        "min": 2.48284316063,
        "var": 44.7756576538
    },
    "melbands_flatness_db": {
        "dmean": 0.0286773722619,
        "dmean2": 0.04570158571,
        "dvar": 0.00109328841791,
        "dvar2": 0.00273935496807,
        "max": 0.634535074234,
        "mean": 0.236100003123,
        "median": 0.241271734238,
        "min": 0.00755888735875,
        "var": 0.00992342084646
    },
    "melbands_kurtosis": {
        "dmean": 9.66058921814,
        "dmean2": 16.1310310364,
        "dvar": 355.232116699,
        "dvar2": 962.257141113,
        "max": 405.747436523,
        "mean": 18.7422809601,
        "median": 7.70741939545,
        "min": -1.78321671486,
        "var": 923.07611084
    },
    "melbands_skewness": {
        "dmean": 0.791572809219,
        "dmean2": 1.3061157465,
        "dvar": 0.855884253979,
        "dvar2": 2.24792718887,
        "max": 16.4280738831,
        "mean": 2.16090559959,
        "median": 1.82131195068,
        "min": -5.10179710388,
        "var": 5.24324893951
    },
    "melbands_spread": {
        "dmean": 5.40831947327,
        "dmean2": 9.02139472961,
        "dvar": 95.0105285645,
        "dvar2": 248.523925781,
        "max": 205.74508667,
        "mean": 18.2094154358,
        "median": 11.2737264633,
        "min": 0.394349604845,
        "var": 343.867248535
    },
    "pitch_salience": {
        "dmean": 0.0767928361893,
        "dmean2": 0.12788644433,
        "dvar": 0.00564753962681,
        "dvar2": 0.0148548819125,
        "max": 0.942707180977,
        "mean": 0.565092146397,
        "median": 0.597172021866,
        "min": 0.0286208447069,
        "var": 0.0313933864236
    },
    "silence_rate_20dB": {
        "dmean": 0.0021842578426,
        "dmean2": 0.0043688560836,
        "dvar": 0.00218009483069,
        "dvar2": 0.00434975326061,
        "max": 1,
        "mean": 0.99695789814,
        "median": 1,
        "min": 0,
        "var": 0.00303232064471
    },
    "silence_rate_30dB": {
        "dmean": 0.0118573987857,
        "dmean2": 0.0237166490406,
        "dvar": 0.0117144910619,
        "dvar2": 0.0240875668824,
        "max": 1,
        "mean": 0.974180996418,
        "median": 1,
        "min": 0,
        "var": 0.0251557976007
    },
    "silence_rate_60dB": {
        "dmean": 0.043373119086,
        "dmean2": 0.0866749882698,
        "dvar": 0.041497208178,
        "dvar2": 0.0922699123621,
        "max": 1,
        "mean": 0.613884568214,
        "median": 1,
        "min": 0,
        "var": 0.237046837807
    },
    "spectral_centroid": {
        "dmean": 171.949172974,
        "dmean2": 290.501159668,
        "dvar": 94128.9609375,
        "dvar2": 239773.875,
        "max": 11257.2314453,
        "mean": 1087.66357422,
        "median": 948.610168457,
        "min": 146.629058838,
        "var": 519244.09375
    },
    "spectral_complexity": {
        "dmean": 1.19198060036,
        "dmean2": 2.05320644379,
        "dvar": 2.56035280228,
        "dvar2": 6.17157888412,
        "max": 31,
        "mean": 4.25015592575,
        "median": 3,
        "min": 0,
        "var": 13.5005044937
    },
    "spectral_decrease": {
        "dmean": 1.38547939788e-09,
        "dmean2": 1.98222593895e-09,
        "dvar": 4.99478553773e-17,
        "dvar2": 1.15724420581e-16,
        "max": 1.01870607924e-28,
        "mean": -3.29063998272e-09,
        "median": -3.79812264972e-10,
        "min": -3.72441377294e-07,
        "var": 1.16059752984e-16
    },
    "spectral_energy": {
        "dmean": 0.00552840624005,
        "dmean2": 0.00788449123502,
        "dvar": 0.000761643925216,
        "dvar2": 0.00174711109139,
        "max": 1.4269131422,
        "mean": 0.0131754633039,
        "median": 0.00151287287008,
        "min": 1.10502088679e-20,
        "var": 0.00180364504922
    },
    "spectral_energyband_high": {
        "dmean": 3.40739097737e-05,
        "dmean2": 6.06197645538e-05,
        "dvar": 1.47461364008e-07,
        "dvar2": 4.13503556729e-07,
        "max": 0.0205616783351,
        "mean": 3.90854111174e-05,
        "median": 1.92860607058e-05,
        "min": 8.18047213809e-21,
        "var": 9.147407809e-08
    },
    "spectral_energyband_low": {
        "dmean": 0.00113039673306,
        "dmean2": 0.00190385174938,
        "dvar": 0.000155938236276,
        "dvar2": 0.000440106639871,
        "max": 0.899725556374,
        "mean": 0.00152165687177,
        "median": 0.000149149025674,
        "min": 7.70120283794e-23,
        "var": 0.000141819618875
    },
    "spectral_energyband_middle_high": {
        "dmean": 0.00178120878991,
        "dmean2": 0.00234088045545,
        "dvar": 0.000101115547295,
        "dvar2": 0.000173040680238,
        "max": 0.319533646107,
        "mean": 0.00408960180357,
        "median": 0.00017743720673,
        "min": 1.52083163583e-21,
        "var": 0.000311830925057
    },
    "spectral_energyband_middle_low": {
        "dmean": 0.00340326386504,
        "dmean2": 0.00500289304182,
        "dvar": 0.000492211722303,
        "dvar2": 0.00114094198216,
        "max": 1.09990859032,
        "mean": 0.00815796852112,
        "median": 0.000540723500308,
        "min": 3.52569681204e-22,
        "var": 0.00120747613255
    },
    "spectral_entropy": {
        "dmean": 0.207664147019,
        "dmean2": 0.328310966492,
        "dvar": 0.0796607509255,
        "dvar2": 0.194829896092,
        "max": 9.7928981781,
        "mean": 7.25864934921,
        "median": 7.38994693756,
        "min": 3.35490870476,
        "var": 0.693683624268
    },
    "spectral_flux": {
        "dmean": 0.0122719928622,
        "dmean2": 0.0203678850085,
        "dvar": 0.00102435227018,
        "dvar2": 0.00252041011117,
        "max": 0.813842713833,
        "mean": 0.0340176783502,
        "median": 0.0203962624073,
        "min": 1.05119975224e-10,
        "var": 0.00210989825428
    },
    "spectral_kurtosis": {
        "dmean": 2.64212822914,
        "dmean2": 4.53454685211,
        "dvar": 18.1412296295,
        "dvar2": 52.2413787842,
        "max": 131.146652222,
        "mean": 8.04748725891,
        "median": 5.31078147888,
        "min": -1.2408298254,
        "var": 69.7607040405
    },
    "spectral_rms": {
        "dmean": 0.000468457757961,
        "dmean2": 0.000679913791828,
        "dvar": 1.06618563223e-06,
        "dvar2": 2.00616705115e-06,
        "max": 0.0373109951615,
        "mean": 0.00231428677216,
        "median": 0.00121489656158,
        "min": 3.28339634127e-12,
        "var": 7.49814216761e-06
    },
    "spectral_rolloff": {
        "dmean": 379.593811035,
        "dmean2": 673.70501709,
        "dvar": 1005907.1875,
        "dvar2": 2720031,
        "max": 18540.0878906,
        "mean": 1214.26513672,
        "median": 796.728515625,
        "min": 21.533203125,
        "var": 1675472.625
    },
    "spectral_skewness": {
        "dmean": 0.289078354836,
        "dmean2": 0.487648129463,
        "dvar": 0.146727159619,
        "dvar2": 0.408428192139,
        "max": 9.14793586731,
        "mean": 2.09720349312,
        "median": 1.86781096458,
        "min": -0.049265999347,
        "var": 0.780686616898
    },
    "spectral_spread": {
        "dmean": 483645.59375,
        "dmean2": 815035.3125,
        "dvar": 800985120768,
        "dvar2": 1.97189684429e+12,
        "max": 41177448,
        "mean": 4493557,
        "median": 4041963.5,
        "min": 546876.5,
        "var": 3.1590228951e+12
    },
    "spectral_strongpeak": {
        "dmean": 0.355080127716,
        "dmean2": 0.529402792454,
        "dvar": 0.989441692829,
        "dvar2": 1.792360425,
        "max": 24.8109798431,
        "mean": 1.10174131393,
        "median": 0.174213677645,
        "min": 0,
        "var": 5.25911474228
    },
    "zerocrossingrate": {
        "dmean": 0.00644543441013,
        "dmean2": 0.00857943482697,
        "dvar": 9.7454751085e-05,
        "dvar2": 0.000141452343087,
        "max": 0.50537109375,
        "mean": 0.0524064414203,
        "median": 0.044921875,
        "min": 0.00439453125,
        "var": 0.00129061623011
    },
    "barkbands": {
        "dmean": [0.000164061086252, 0.000331049406668, 0.000512914615683, 0.000824969261885, 0.00129372312222, 0.000494032225106, 0.000207578676054, 0.000934101466555, 0.000245617004111, 0.000488487712573, 0.000627390982118, 0.000473682390293, 0.00029182434082, 3.44314903487e-05, 5.2436182159e-05, 4.65791817987e-05, 4.39158793597e-05, 8.54724021337e-06, 1.3235679944e-05, 1.15960719995e-05, 7.69179496274e-06, 4.48923037766e-06, 4.76467630506e-06, 3.28515557158e-06, 4.432609785e-06, 2.44520401793e-06, 2.34564296875e-07],
        "dmean2": [0.000285611866275, 0.00054553989321, 0.000889222195838, 0.00144777877722, 0.00213730731048, 0.000841340690386, 0.000340989237884, 0.00118552602362, 0.000353113427991, 0.000647935899906, 0.000876177917235, 0.000643340754323, 0.000387450505514, 5.07825170644e-05, 6.32277296972e-05, 6.60591613268e-05, 6.42500890535e-05, 1.44376490425e-05, 2.07836528716e-05, 1.89971688087e-05, 1.38845380206e-05, 8.16853844299e-06, 8.80286461324e-06, 6.16568331679e-06, 8.29246164358e-06, 4.60770070276e-06, 4.35143249433e-07],
        "dvar": [9.83663539955e-07, 3.90488912672e-06, 3.24658212776e-05, 0.000127622086438, 0.000156876107212, 1.73104435817e-05, 1.71310330188e-06, 8.97911377251e-05, 2.66223150902e-06, 1.55676025315e-05, 3.23303902405e-05, 3.16792975354e-05, 1.16749934023e-05, 1.25049155031e-07, 1.29609702526e-07, 8.59841264855e-08, 1.33929120238e-07, 5.75417757886e-09, 2.83800396517e-08, 1.3110943442e-08, 1.69623373125e-08, 2.68770583567e-09, 3.23786952805e-09, 3.67535535339e-09, 3.97463129076e-09, 3.15004844431e-09, 4.03227841742e-12],
        "dvar2": [2.78690436062e-06, 9.83682912192e-06, 9.35973512242e-05, 0.000372639566194, 0.000384559505619, 4.69536826131e-05, 4.1001462705e-06, 0.000130242493469, 4.4252878979e-06, 2.5648085284e-05, 5.73554352741e-05, 5.5863714806e-05, 2.09083427762e-05, 2.43365320785e-07, 1.43350078474e-07, 1.70823895473e-07, 2.66916600822e-07, 1.16960015006e-08, 6.38132959807e-08, 3.19873727506e-08, 4.79342574522e-08, 7.47765671605e-09, 9.18499676317e-09, 1.06593320837e-08, 1.12310312161e-08, 9.14343978309e-09, 1.15618140062e-11],
        "max": [0.0415628105402, 0.0759850591421, 0.381135523319, 0.772186994553, 0.80209249258, 0.209576040506, 0.0940965637565, 0.412647485733, 0.164893180132, 0.180714577436, 0.238679498434, 0.306127816439, 0.185650900006, 0.0315296798944, 0.0235011987388, 0.0115582793951, 0.0168942138553, 0.00702677294612, 0.0169973988086, 0.00460085459054, 0.00899142026901, 0.00241116737016, 0.00206973194145, 0.00408336985856, 0.00333962612785, 0.00433826260269, 9.8924676422e-05],
        "mean": [0.000159549250384, 0.000424234662205, 0.000550426950213, 0.000910329457838, 0.00222030398436, 0.000968805979937, 0.000459844392026, 0.00235377438366, 0.000763168849517, 0.00122732145246, 0.00116234249435, 0.000932554947212, 0.000600823725108, 7.20815150999e-05, 0.000129134685267, 9.73211062956e-05, 6.65953921271e-05, 1.46359952851e-05, 1.97818026209e-05, 1.36741100505e-05, 8.31521083455e-06, 5.30392253495e-06, 4.72774081572e-06, 3.73984585167e-06, 4.22630273533e-06, 2.24446876018e-06, 2.04085537803e-07],
        "median": [8.07371816336e-06, 4.39352079411e-05, 4.17644987465e-05, 5.03891533299e-05, 0.000114774549729, 4.80492162751e-05, 3.56474192813e-05, 2.91075484711e-05, 2.75697111647e-05, 1.55253419507e-05, 1.25419937831e-05, 1.29112995637e-05, 1.10872615551e-05, 4.81747110825e-06, 5.74332716496e-06, 5.97873258812e-06, 5.30998704562e-06, 4.85619193569e-06, 4.90912498208e-06, 4.30766704085e-06, 3.84656686947e-06, 2.8314238989e-06, 2.35798279391e-06, 2.29546662922e-06, 2.03852914638e-06, 1.05531808003e-06, 7.6904129287e-08],
        "min": [4.25062615758e-23, 3.19508924563e-23, 1.98596537528e-23, 1.57471262163e-23, 1.05628670847e-22, 9.17337947689e-23, 4.92140846924e-23, 4.42533612889e-23, 3.05231457257e-23, 3.4006818592e-23, 3.06907534245e-23, 1.15566292458e-22, 2.46794036104e-22, 7.19491632659e-23, 1.13511631655e-22, 9.9457752773e-23, 1.36290021847e-22, 3.63704131026e-22, 1.26110421887e-22, 3.15206477185e-22, 3.20088705773e-22, 4.25509300357e-22, 6.86301616426e-22, 7.88094713023e-22, 1.21707934325e-21, 2.09882237229e-21, 2.76571876775e-21],
        "var": [8.88437114099e-07, 5.56836812393e-06, 2.48451087828e-05, 0.000107934371044, 0.000236311738263, 3.44421205227e-05, 5.48584057469e-06, 0.00035150005715, 2.36943851633e-05, 7.11485045031e-05, 8.33170925034e-05, 8.67018752615e-05, 2.85374208033e-05, 4.55897975371e-07, 6.56674387756e-07, 2.16827132249e-07, 2.11823106611e-07, 1.03837134446e-08, 3.99501232096e-08, 1.16688871898e-08, 1.03111679195e-08, 1.69313807419e-09, 1.95582505746e-09, 2.02786698544e-09, 2.36150854427e-09, 1.73055203501e-09, 2.37505609797e-12]
    },
    "erbbands": {
        "dmean": [0.00862576905638, 0.0836340859532, 0.436572521925, 1.9010207653, 4.000020504, 4.60447359085, 3.55070471764, 4.39104270935, 3.44308638573, 10.1251182556, 17.2106304169, 7.78160715103, 10.1305932999, 13.5747013092, 29.2377700806, 24.5496635437, 16.0991477966, 2.49147582054, 1.93659222126, 3.64618444443, 1.96739184856, 1.56818306446, 0.986469209194, 0.752431511879, 0.434873521328, 0.629398465157, 0.356955915689, 0.276194423437, 0.169604241848, 0.169031187892, 0.118323296309, 0.0740391239524, 0.0531063191593, 0.0509569309652, 0.0312371421605, 0.0137545671314, 0.00356238754466, 0.000631346134469, 3.89473352698e-05, 8.02678823675e-06],
        "dmean2": [0.0139755308628, 0.139334395528, 0.744782567024, 3.30650234222, 6.60788106918, 7.80942821503, 6.02487468719, 7.52871704102, 5.6091709137, 13.7697172165, 21.4665184021, 10.3095846176, 12.7933263779, 19.0962486267, 39.1115608215, 33.1992988586, 21.2163467407, 3.49026465416, 2.36365938187, 4.71716165543, 2.77238583565, 2.33878135681, 1.57609665394, 1.18147182465, 0.701273202896, 1.01113605499, 0.619478881359, 0.504109740257, 0.309103548527, 0.312309473753, 0.218970358372, 0.138437092304, 0.0997043922544, 0.0951076596975, 0.0584859848022, 0.0260727778077, 0.00668346742168, 0.00115896377247, 7.05766215106e-05, 1.21583207147e-05],
        "dvar": [0.00347423669882, 0.271242588758, 17.8435077667, 699.247192383, 2177.42822266, 1689.59606934, 582.692504883, 1481.82849121, 1043.78430176, 10714.4648438, 42527.0195312, 2522.921875, 9887.40722656, 13491.8916016, 71682.9453125, 85240.8671875, 32936.6953125, 403.827301025, 288.716766357, 531.95501709, 136.128082275, 149.419540405, 87.9935073853, 129.403656006, 12.1401472092, 42.8650894165, 17.8928012848, 20.2976799011, 3.78953146935, 5.14921522141, 1.82836341858, 1.17063736916, 1.12355268002, 0.505897939205, 0.228958562016, 0.109647899866, 0.00458236131817, 9.17925135582e-05, 1.11640993339e-07, 1.22381871304e-09],
        "dvar2": [0.008142109029, 0.703102588654, 50.7107543945, 2017.99291992, 5690.01660156, 4138.15429688, 1574.37756348, 4030.40307617, 2632.15185547, 13575.7041016, 62665.5234375, 3948.06762695, 14074.4228516, 24078.5039062, 118201.609375, 153569.6875, 60195.8476562, 763.677856445, 300.605041504, 741.056884766, 275.223419189, 307.573638916, 179.700866699, 278.468475342, 31.7971572876, 97.2072677612, 49.9896125793, 57.7738342285, 10.5368251801, 14.6005058289, 5.20601415634, 3.41001701355, 3.24210357666, 1.41682386398, 0.652619302273, 0.321409016848, 0.0132120260969, 0.000251350633334, 3.08661725512e-07, 2.91226465166e-09],
        "max": [3.63159894943, 19.0896930695, 274.187744141, 1891.56982422, 2872.22021484, 2419.55249023, 1030.24914551, 1870.44604492, 2710.65332031, 5976.11816406, 11255.4394531, 4612.76806641, 6901.69238281, 6115.73632812, 12633.2333984, 15786.4570312, 9743.39355469, 1550.1237793, 1387.16601562, 1168.52001953, 416.583740234, 561.468933105, 504.621246338, 1220.0246582, 163.262039185, 315.595001221, 232.895645142, 259.137329102, 85.4547348022, 97.9716873169, 52.95362854, 52.9158630371, 80.1880493164, 36.8919029236, 29.0599060059, 25.3732185364, 4.89125347137, 0.722461819649, 0.0158885717392, 0.00155424128752],
        "mean": [0.01074865181, 0.10424336046, 0.514095306396, 2.1400809288, 5.30740404129, 7.76043128967, 6.31281995773, 8.72054862976, 8.06487560272, 25.0566310883, 44.6529579163, 24.8963527679, 25.5056838989, 35.6213302612, 55.0173301697, 50.3364219666, 34.0289382935, 5.52724933624, 4.82865142822, 8.7013092041, 3.89900755882, 2.43932199478, 1.43813621998, 1.16279733181, 0.667756974697, 0.743644475937, 0.412224858999, 0.297482848167, 0.19889126718, 0.167731449008, 0.121658712626, 0.0834132134914, 0.0600132122636, 0.0497462414205, 0.0284240730107, 0.0120968930423, 0.00342875160277, 0.000639426580165, 3.69160989067e-05, 1.65469173226e-05],
        "median": [0.00109666434582, 0.0102756489068, 0.0466849803925, 0.136615216732, 0.289316058159, 0.356944203377, 0.334406733513, 0.41821706295, 0.503647446632, 0.636158585548, 0.806026756763, 0.814722776413, 0.659908294678, 0.592898964882, 0.725643992424, 0.879376351833, 0.719148993492, 0.451488226652, 0.350665390491, 0.38733369112, 0.359886854887, 0.306249260902, 0.285057663918, 0.262927174568, 0.23447060585, 0.206506162882, 0.174867630005, 0.139254108071, 0.103846512735, 0.0799594148993, 0.0658410042524, 0.0513105988503, 0.03556766361, 0.0243860390037, 0.0128247980028, 0.00527749955654, 0.00169266492594, 0.000321873725625, 1.24055859487e-05, 2.51552683039e-06],
        "min": [1.13037754705e-21, 6.70912866248e-21, 2.60641509088e-20, 3.60696694371e-20, 6.25656667868e-20, 4.87106396807e-19, 5.58274897061e-19, 9.90635017111e-19, 9.22067948185e-19, 4.38689861194e-19, 1.12566966717e-18, 6.31407692776e-19, 1.22158332715e-18, 1.27418560346e-18, 2.04121436565e-18, 4.90975699559e-18, 1.09315904959e-17, 5.75807455433e-18, 5.1920931774e-18, 4.69105871344e-18, 5.43820298428e-18, 9.20504204596e-18, 1.82842765382e-17, 1.14836160952e-17, 9.80504660226e-18, 1.36657954789e-17, 9.98024593754e-18, 1.65332311344e-17, 1.48149817875e-17, 1.65161912138e-17, 2.11941440776e-17, 1.94357781253e-17, 1.13626996604e-17, 1.03598109965e-17, 1.08823558787e-17, 7.21696142016e-18, 3.98970013027e-18, 1.44644027915e-18, 4.16559186742e-19, 4.15742817638e-20],
        "var": [0.00532598793507, 0.34531211853, 15.5970087051, 577.378356934, 2817.02392578, 2268.4362793, 929.413391113, 2964.47998047, 2694.43237305, 42635.3242188, 166514.734375, 20380.484375, 59065.1523438, 53399.0742188, 193191.671875, 229413.625, 79207.46875, 1394.27539062, 1346.00048828, 2454.25097656, 287.20324707, 223.993392944, 124.438179016, 196.211791992, 11.6378440857, 43.1420211792, 11.4529752731, 11.9918355942, 2.39473485947, 3.14178562164, 1.07757794857, 0.640670478344, 0.627950131893, 0.306406617165, 0.132836014032, 0.0586423203349, 0.00256585283205, 5.83219771215e-05, 7.16610557561e-08, 2.47205012016e-09]
    },
    "gfcc": {
        "mean": [-145.191558838, 93.4623794556, -107.617218018, 16.9567127228, -58.7355804443, 9.64422607422, -37.8129005432, 4.89219713211, -27.0238609314, -0.152631595731, -18.1164093018, -1.88950431347, -12.6876573563],
        "cov": [[3791.33935547, 642.009460449, -786.95111084, -424.555419922, 79.9061431885, -198.598373413, 41.4727668762, -180.259735107, 21.2112789154, -172.142089844, 64.0344314575, -23.8459205627, 157.728179932], [642.009460449, 1920.75524902, -1.5665640831, -509.305023193, -181.872390747, -533.872009277, -31.3237037659, -288.93572998, 200.490020752, -254.956085205, 67.5223999023, -249.403930664, 166.336685181], [-786.95111084, -1.5665640831, 1530.10302734, 570.620483398, 29.6652183533, 16.6048679352, -102.005218506, 97.4597854614, -28.2486248016, 86.5409240723, -93.5895843506, -46.1199455261, -121.384109497], [-424.555419922, -509.305023193, 570.620483398, 597.241943359, 109.359848022, 151.132904053, -80.3768615723, 74.2695159912, -127.775024414, 98.5367584229, -24.2341632843, 79.9149780273, -82.680229187], [79.9061431885, -181.872390747, 29.6652183533, 109.359848022, 205.406890869, 179.467330933, 55.9545593262, 18.2631874084, -73.5162277222, 11.7189264297, 24.9851398468, 63.9283790588, -4.8694858551], [-198.598373413, -533.872009277, 16.6048679352, 151.132904053, 179.467330933, 362.427886963, 107.925582886, 85.9467315674, -123.915153503, 48.7627258301, -7.78675889969, 111.962837219, -23.0345230103], [41.4727668762, -31.3237037659, -102.005218506, -80.3768615723, 55.9545593262, 107.925582886, 146.437255859, 66.014755249, 26.062412262, -10.7106838226, -8.5812292099, -3.18562984467, 16.090631485], [-180.259735107, -288.93572998, 97.4597854614, 74.2695159912, 18.2631874084, 85.9467315674, 66.014755249, 178.763534546, 65.5004272461, 63.5154266357, -58.2529449463, -5.89854478836, -35.3499946594], [21.2112789154, 200.490020752, -28.2486248016, -127.775024414, -73.5162277222, -123.915153503, 26.062412262, 65.5004272461, 182.880859375, 28.012096405, -27.1495628357, -93.6783065796, -7.71987915039], [-172.142089844, -254.956085205, 86.5409240723, 98.5367584229, 11.7189264297, 48.7627258301, -10.7106838226, 63.5154266357, 28.012096405, 126.525558472, 18.132894516, 6.60972261429, -79.0049133301], [64.0344314575, 67.5223999023, -93.5895843506, -24.2341632843, 24.9851398468, -7.78675889969, -8.5812292099, -58.2529449463, -27.1495628357, 18.132894516, 110.836326599, 47.6442260742, -0.91224694252], [-23.8459205627, -249.403930664, -46.1199455261, 79.9149780273, 63.9283790588, 111.962837219, -3.18562984467, -5.89854478836, -93.6783065796, 6.60972261429, 47.6442260742, 152.297058105, 43.0478439331], [157.728179932, 166.336685181, -121.384109497, -82.680229187, -4.8694858551, -23.0345230103, 16.090631485, -35.3499946594, -7.71987915039, -79.0049133301, -0.91224694252, 43.0478439331, 140.648269653]],
        "icov": [[0.000350668182364, -7.31220134185e-05, 0.000170365761733, 7.28793529561e-05, -0.000581741798669, 0.00052601081552, -0.000165581484907, 1.51105959958e-05, 0.000273833051324, -0.000155733359861, 0.000297869381029, -9.52161208261e-05, -6.95285489201e-05], [-7.31220134185e-05, 0.00308250426315, -0.00115472229663, 0.000801103364211, -0.000524795730598, 0.00126420753077, -0.00098623696249, 0.00316659640521, -0.00271703372709, 0.00376966712065, -0.00367993861437, 0.00358153390698, -0.00214324472472], [0.000170365761733, -0.00115472229663, 0.00166655681096, -0.00156071875244, -2.84824127448e-05, -4.54481159977e-05, 0.000323196290992, -0.00114535691682, 0.000774803163949, -0.0011318550678, 0.00186234794091, -0.000887317000888, 0.00105251942296], [7.28793529561e-05, 0.000801103364211, -0.00156071875244, 0.00542055349797, -0.00227122451179, 0.00105435855221, 0.00239492882974, -0.00195397995412, 0.00328790885396, -0.00168349919841, -5.50296535948e-05, 0.000491192040499, -0.000776557077188], [-0.000581741798669, -0.000524795730598, -2.84824127448e-05, -0.00227122451179, 0.0115803768858, -0.00699973059818, -0.000539532571565, 0.000737749331165, -0.00207962282002, 0.00254595046863, -0.00357065559365, 6.80568991811e-05, 0.000686991843395], [0.00052601081552, 0.00126420753077, -4.54481159977e-05, 0.00105435855221, -0.00699973059818, 0.0164395831525, -0.0103777954355, -0.000607863534242, 0.00932298507541, -0.00649508368224, 0.00558799505234, -0.00352220446803, -4.23251294706e-05], [-0.000165581484907, -0.00098623696249, 0.000323196290992, 0.00239492882974, -0.000539532571565, -0.0103777954355, 0.0210147853941, -0.00867258291692, -0.00380670768209, 0.00652614748105, -0.0061316001229, 0.00482726190239, -0.00132365431637], [1.51105959958e-05, 0.00316659640521, -0.00114535691682, -0.00195397995412, 0.000737749331165, -0.000607863534242, -0.00867258291692, 0.0221958607435, -0.0122699504718, -0.00071970501449, 0.00574823422357, -0.00274467095733, 0.000397349649575], [0.000273833051324, -0.00271703372709, 0.000774803163949, 0.00328790885396, -0.00207962282002, 0.00932298507541, -0.00380670768209, -0.0122699504718, 0.0259057544172, -0.0145282894373, 0.00431568734348, 0.00378721067682, -0.00355591089465], [-0.000155733359861, 0.00376966712065, -0.0011318550678, -0.00168349919841, 0.00254595046863, -0.00649508368224, 0.00652614748105, -0.00071970501449, -0.0145282894373, 0.0300063453615, -0.0139887938276, 0.00266371341422, 0.00699864188209], [0.000297869381029, -0.00367993861437, 0.00186234794091, -5.50296535948e-05, -0.00357065559365, 0.00558799505234, -0.0061316001229, 0.00574823422357, 0.00431568734348, -0.0139887938276, 0.0259313378483, -0.0142935635522, 0.00545277167112], [-9.52161208261e-05, 0.00358153390698, -0.000887317000888, 0.000491192040499, 6.80568991811e-05, -0.00352220446803, 0.00482726190239, -0.00274467095733, 0.00378721067682, 0.00266371341422, -0.0142935635522, 0.0246207844466, -0.0123467063531], [-6.95285489201e-05, -0.00214324472472, 0.00105251942296, -0.000776557077188, 0.000686991843395, -4.23251294706e-05, -0.00132365431637, 0.000397349649575, -0.00355591089465, 0.00699864188209, 0.00545277167112, -0.0123467063531, 0.0179930012673]]
    },
    "melbands": {
        "dmean": [8.72893651831e-05, 0.00018263309903, 0.000360714853741, 0.000303212931613, 0.000141608310514, 9.75511502475e-05, 4.85344535264e-05, 0.000134008543682, 0.000130825763335, 3.95966599172e-05, 5.09998899361e-05, 5.42932612007e-05, 8.92089883564e-05, 7.03052428435e-05, 4.66593664896e-05, 2.1280369765e-05, 3.9097590161e-06, 2.91701962851e-06, 3.43760507349e-06, 5.19865488968e-06, 2.0663255782e-06, 1.6889341623e-06, 1.90973878489e-06, 4.13587116554e-07, 6.99464294485e-07, 2.91694959742e-07, 2.89568561129e-07, 4.6809842047e-07, 2.13666098148e-07, 2.52848678883e-07, 1.2797954696e-07, 1.01623925275e-07, 8.21234209525e-08, 1.0406984785e-07, 7.01532556491e-08, 5.94057283365e-08, 4.0763620035e-08, 3.45493162968e-08, 4.37929941199e-08, 4.46930492615e-08],
        "dmean2": [0.000142485427205, 0.000308961956762, 0.000625795102678, 0.000504756113514, 0.000237255968386, 0.000166300160345, 8.01303394837e-05, 0.000182084593689, 0.000161667587236, 5.47896088392e-05, 6.48794011795e-05, 7.76206870796e-05, 0.000125202568597, 9.17919824133e-05, 6.2735452957e-05, 2.84200305032e-05, 5.70176280235e-06, 3.67212328456e-06, 4.29148485637e-06, 7.01160479366e-06, 2.93742778013e-06, 2.43877889261e-06, 3.00138776765e-06, 6.93673086971e-07, 1.08880192329e-06, 4.81193808355e-07, 4.80500887079e-07, 7.49849220938e-07, 3.71159359247e-07, 4.55096198948e-07, 2.34600577187e-07, 1.84048374763e-07, 1.50530439669e-07, 1.92596658621e-07, 1.30140662691e-07, 1.10778032081e-07, 7.62578125091e-08, 6.45815347866e-08, 8.20692136472e-08, 8.34322690935e-08],
        "dvar": [2.699538868e-07, 2.53060102295e-06, 2.24587602133e-05, 9.58984946919e-06, 9.79950073088e-07, 7.55967221266e-07, 1.89715223087e-07, 1.86750673947e-06, 2.35183438235e-06, 6.52927099054e-08, 2.47993995117e-07, 2.55358969525e-07, 6.52726043882e-07, 4.40724733153e-07, 2.06559946037e-07, 6.20826341446e-08, 1.6317993623e-09, 6.24165386043e-10, 4.68407979071e-10, 9.9191566072e-10, 1.94080668203e-10, 1.68457608973e-10, 5.09521702607e-10, 1.44495483287e-11, 1.26210472629e-10, 6.16419502247e-12, 6.55276440747e-12, 2.49406589131e-11, 6.69176259543e-12, 3.42590400493e-11, 3.87568319452e-12, 1.23225756855e-12, 1.14927284269e-12, 2.22036560145e-12, 5.92929405661e-13, 6.33691287378e-13, 3.80527884593e-13, 3.92609745712e-13, 7.5491436019e-13, 3.59572750264e-13],
        "dvar2": [6.63663229261e-07, 7.01129238223e-06, 6.29462811048e-05, 2.36751602642e-05, 2.57563101513e-06, 2.04076991395e-06, 4.78329013731e-07, 2.48610854214e-06, 3.39501730195e-06, 1.06475461337e-07, 3.54579384521e-07, 4.57741151649e-07, 1.1919211147e-06, 7.43298926409e-07, 3.72699787476e-07, 1.16057009336e-07, 3.1560867253e-09, 6.96571966774e-10, 5.94151172706e-10, 1.69477032408e-09, 3.67281677294e-10, 3.13062131774e-10, 1.07540432115e-09, 3.02925080853e-11, 2.66314331698e-10, 1.67695614339e-11, 1.76448525929e-11, 5.68026493897e-11, 1.85656785084e-11, 9.67854893452e-11, 1.10889093047e-11, 3.46799954205e-12, 3.10735118192e-12, 6.33373952244e-12, 1.68534229541e-12, 1.82214291398e-12, 1.11802873817e-12, 1.14144685457e-12, 2.15196935792e-12, 1.00935980494e-12],
        "max": [0.0253827907145, 0.0995676517487, 0.319828569889, 0.193063944578, 0.051047641784, 0.0468206144869, 0.0362047441304, 0.0758930295706, 0.0851954296231, 0.0248714555055, 0.0344797298312, 0.0273227021098, 0.032749120146, 0.0315816029906, 0.0196258816868, 0.0131924068555, 0.00357215153053, 0.00197274656966, 0.00102731608786, 0.00115077197552, 0.000521419802681, 0.000511132879183, 0.00131512922235, 0.000323614862282, 0.00122245820239, 0.000144966616062, 0.000129140535137, 0.000242626032559, 0.000157316841069, 0.000477069494082, 0.000117386298371, 4.46028680017e-05, 4.51063024229e-05, 7.43841810618e-05, 2.80599324469e-05, 3.3346539567e-05, 3.10044597427e-05, 4.52840395155e-05, 6.53429815429e-05, 2.47334428423e-05],
        "mean": [0.000115138216643, 0.000229306882829, 0.000452749169199, 0.000484580581542, 0.000263476511464, 0.000195594373508, 0.000111787107016, 0.000327035726514, 0.00034757272806, 0.000125886654132, 0.00012340725516, 0.000140805277624, 0.000166393496329, 0.000135402893648, 0.000100897195807, 4.25000398536e-05, 8.27951771498e-06, 6.87127976562e-06, 8.33962167235e-06, 1.16067030831e-05, 3.67745769836e-06, 2.75348361356e-06, 2.36073447013e-06, 7.11654763563e-07, 1.03235254301e-06, 4.38868084984e-07, 3.90026087871e-07, 5.28062173544e-07, 2.47832446121e-07, 2.49245744044e-07, 1.41123933872e-07, 1.18134806826e-07, 8.96968330721e-08, 9.61451860348e-08, 7.031313487e-08, 6.13490840351e-08, 4.65539251593e-08, 4.01780120285e-08, 4.3303504782e-08, 4.20799359802e-08],
        "median": [1.30082480609e-05, 2.17511078517e-05, 2.93038083328e-05, 2.61958739429e-05, 1.26498853206e-05, 9.21887840377e-06, 7.59990052757e-06, 6.65716834192e-06, 6.49001140118e-06, 4.10546454077e-06, 2.42377041104e-06, 1.91588105736e-06, 1.81976020031e-06, 1.73761407041e-06, 1.60535046234e-06, 9.65401909525e-07, 4.79692971567e-07, 4.34699643392e-07, 4.22773666742e-07, 4.40966630322e-07, 3.52805614057e-07, 3.00646519236e-07, 2.5689166705e-07, 2.20857032218e-07, 2.04430932627e-07, 1.73411422111e-07, 1.48363085373e-07, 1.30578570179e-07, 1.06581630632e-07, 9.12198032665e-08, 7.31823206479e-08, 5.8494034505e-08, 4.68185419322e-08, 4.12182110665e-08, 3.67357060327e-08, 3.33555583154e-08, 2.88973218687e-08, 2.40325519485e-08, 2.15056612518e-08, 1.90869968719e-08],
        "min": [1.10987333556e-23, 1.19113484404e-23, 6.89557280092e-24, 1.62100992153e-23, 2.34577114503e-23, 2.01233857306e-23, 1.32743249575e-23, 5.39618251178e-24, 8.0980082352e-24, 4.13969945587e-24, 6.06878661882e-24, 4.86583960824e-24, 5.05762865481e-24, 1.09042617875e-23, 1.79200372689e-23, 2.53102660893e-23, 8.45617317427e-24, 7.38344856092e-24, 8.37278742115e-24, 5.3421057023e-24, 6.31253083346e-24, 7.52443220418e-24, 1.49660955445e-23, 1.76856840489e-23, 8.6222268171e-24, 4.58669723262e-24, 1.1043616433e-23, 8.36918784884e-24, 6.63727528586e-24, 5.5023888276e-24, 1.05142939211e-23, 7.53820098242e-24, 9.32059748788e-24, 9.37882410016e-24, 1.23262506224e-23, 1.04365887553e-23, 1.28927852809e-23, 7.33070137649e-24, 7.79190574928e-24, 8.69589380387e-24],
        "var": [4.11180110405e-07, 2.47630282502e-06, 2.19627800107e-05, 1.41012606036e-05, 1.5697123672e-06, 1.54834867772e-06, 5.09057770159e-07, 7.21994138075e-06, 9.41275629884e-06, 5.5830673773e-07, 1.46464753925e-06, 9.84609641819e-07, 1.64109223988e-06, 1.23719257772e-06, 5.6371879964e-07, 1.40589065722e-07, 6.16476469872e-09, 2.80712764145e-09, 2.30318963901e-09, 3.45399442381e-09, 3.9814862518e-10, 3.33479743819e-10, 6.07457806279e-10, 2.49680189718e-11, 1.97070026964e-10, 5.25563316825e-12, 4.94658350739e-12, 2.49383031586e-11, 4.43133984368e-12, 2.09316626532e-11, 2.22411477256e-12, 7.65749388811e-13, 7.61030344645e-13, 1.34717183155e-12, 3.51624626768e-13, 3.60018519987e-13, 2.02990781736e-13, 2.15241141425e-13, 4.36667330983e-13, 2.16242293711e-13]
    },
    "mfcc": {
        "mean": [-795.186523438, 130.374511719, 6.4000658989, 14.6886358261, 0.0754294320941, 1.63299429417, -0.868988871574, 0.162690088153, -2.0485637188, -1.70826327801, -3.43593072891, -0.165354385972, -1.35941112041],
        "cov": [[3646.5324707, 628.716003418, -961.433288574, -231.269241333, -266.963653564, -120.271156311, -135.911956787, -40.7330169678, -65.5575637817, -146.466461182, -248.851165771, -57.9885215759, 64.099067688], [628.716003418, 1831.23254395, 27.6316127777, -131.90335083, -258.523468018, -284.501220703, -322.037567139, -174.739257812, -66.7689666748, -25.1338596344, -93.5198364258, -125.12411499, -87.6354217529], [-961.433288574, 27.6316127777, 1092.10668945, 434.423980713, 271.378509521, 44.1437644958, 38.3237419128, -30.5370368958, 29.4593029022, 54.287311554, 97.043258667, -1.29407918453, -52.0370254517], [-231.269241333, -131.90335083, 434.423980713, 341.760284424, 180.71774292, 33.2894248962, 18.1780567169, -32.0988845825, -13.2838191986, 9.62959575653, 46.0381698608, 18.6321811676, -21.0075912476], [-266.963653564, -258.523468018, 271.378509521, 180.71774292, 211.546203613, 110.680427551, 106.612686157, 26.2206020355, -3.89471554756, -19.5461196899, 22.014667511, 34.516582489, 22.4265193939], [-120.271156311, -284.501220703, 44.1437644958, 33.2894248962, 110.680427551, 183.132904053, 162.92175293, 64.5845108032, -14.481844902, -43.0865325928, -10.2379455566, 24.8226528168, 33.2395553589], [-135.911956787, -322.037567139, 38.3237419128, 18.1780567169, 106.612686157, 162.92175293, 234.945526123, 108.105201721, 16.4880962372, -44.3480529785, -17.7701587677, 35.3528633118, 52.3193893433], [-40.7330169678, -174.739257812, -30.5370368958, -32.0988845825, 26.2206020355, 64.5845108032, 108.105201721, 126.185646057, 74.1231689453, 2.31954288483, -33.2295455933, -14.6573429108, 44.819858551], [-65.5575637817, -66.7689666748, 29.4593029022, -13.2838191986, -3.89471554756, -14.481844902, 16.4880962372, 74.1231689453, 156.6144104, 93.2737731934, 4.81444215775, -36.492641449, 8.53728675842], [-146.466461182, -25.1338596344, 54.287311554, 9.62959575653, -19.5461196899, -43.0865325928, -44.3480529785, 2.31954288483, 93.2737731934, 149.61618042, 93.5354232788, -4.9544172287, -41.2456703186], [-248.851165771, -93.5198364258, 97.043258667, 46.0381698608, 22.014667511, -10.2379455566, -17.7701587677, -33.2295455933, 4.81444215775, 93.5354232788, 180.746704102, 106.065414429, -27.7876853943], [-57.9885215759, -125.12411499, -1.29407918453, 18.6321811676, 34.516582489, 24.8226528168, 35.3528633118, -14.6573429108, -36.492641449, -4.9544172287, 106.065414429, 172.142471313, 57.4608154297], [64.099067688, -87.6354217529, -52.0370254517, -21.0075912476, 22.4265193939, 33.2395553589, 52.3193893433, 44.819858551, 8.53728675842, -41.2456703186, -27.7876853943, 57.4608154297, 121.95917511]],
