{
"lowlevel": {
    "average_loudness": 0.913181364536,
    "barkbands_crest": {
        "dmean": 1.49584698677,
        "dmean2": 2.26394128799,
        "dvar": 3.10089015961,
        "dvar2": 7.69960403442,
        "max": 26.3798389435,
        "mean": 12.2139854431,
        "median": 11.6087017059,
        "min": 4.38286066055,
        "var": 15.7054424286
    },
    "barkbands_flatness_db": {
        "dmean": 0.0190848130733,
        "dmean2": 0.0301693752408,
        "dvar": 0.000618596619461,
        "dvar2": 0.00138134136796,
        "max": 0.470760881901,
        "mean": 0.307831048965,
        "median": 0.310295194387,
        "min": 0.0627227500081,
        "var": 0.00216025114059
    },
    "barkbands_kurtosis": {
        "dmean": 1.52556443214,
        "dmean2": 2.24592232704,
        "dvar": 7.18204927444,
        "dvar2": 16.7812175751,
        "max": 111.765266418,
        "mean": 5.81750679016,
        "median": 4.18065452576,
        "min": -1.74878823757,
        "var": 53.3434944153
    },
    "barkbands_skewness": {
        "dmean": 0.285396069288,
        "dmean2": 0.403139293194,
        "dvar": 0.146823108196,
        "dvar2": 0.289848566055,
        "max": 10.1292133331,
        "mean": 1.69931459427,
        "median": 1.68789935112,
        "min": -2.71204352379,
        "var": 1.08350324631
    },
    "barkbands_spread": {
        "dmean": 0.937701702118,
        "dmean2": 1.41764724255,
        "dvar": 2.27323842049,
        "dvar2": 5.11928224564,
        "max": 46.3572807312,
        "mean": 6.08842229843,
        "median": 5.40997648239,
        "min": 0.710567831993,
        "var": 10.293554306
    },
    "dissonance": {
        "dmean": 0.0274110101163,
        "dmean2": 0.046508859843,
        "dvar": 0.00078124506399,
        "dvar2": 0.00203827791847,
        "max": 0.499995470047,
        "mean": 0.391264587641,
        "median": 0.393728792667,
        "min": 0.18497467041,
        "var": 0.00224094255827
    },
    "dynamic_complexity": 3.39259386063,
    "erbbands_crest": {
        "dmean": 1.68302726746,
        "dmean2": 2.35748767853,
        "dvar": 5.82100439072,
        "dvar2": 11.2651786804,
        "max": 32.9169616699,
        "mean": 13.1540985107,
        "median": 11.4005250931,
        "min": 3.17419242859,
        "var": 36.0862045288
    },
    "erbbands_flatness_db": {
        "dmean": 0.0132943065837,
        "dmean2": 0.0202103480697,
        "dvar": 0.000366654683603,
        "dvar2": 0.000829332799185,
        "max": 0.459863841534,
        "mean": 0.338403433561,
        "median": 0.340825438499,
        "min": 0.0398193262517,
        "var": 0.00142367789522
    },
    "erbbands_kurtosis": {
        "dmean": 0.83879250288,
        "dmean2": 1.17080903053,
        "dvar": 2.07497024536,
        "dvar2": 3.97688603401,
        "max": 40.531993866,
        "mean": 1.98913037777,
        "median": 0.785266876221,
        "min": -1.57275128365,
        "var": 15.4325485229
    },
    "erbbands_skewness": {
        "dmean": 0.202811583877,
        "dmean2": 0.284439831972,
        "dvar": 0.0687503665686,
        "dvar2": 0.137442499399,
        "max": 5.15666913986,
        "mean": 0.813148140907,
        "median": 0.760587155819,
        "min": -3.99123716354,
        "var": 0.724884390831
    },
    "erbbands_spread": {
        "dmean": 1.94259333611,
        "dmean2": 2.85650610924,
        "dvar": 6.68838834763,
        "dvar2": 15.0078620911,
        "max": 82.6715164185,
        "mean": 14.9477148056,
        "median": 14.9352340698,
        "min": 1.52513277531,
        "var": 37.8056297302
    },
    "hfc": {
        "dmean": 3.57143712044,
        "dmean2": 4.04335689545,
        "dvar": 57.4906768799,
        "dvar2": 91.8813018799,
        "max": 130.738037109,
        "mean": 11.5402240753,
        "median": 7.16037321091,
        "min": 1.13442182949e-16,
        "var": 177.340057373
    },
    "melbands_crest": {
        "dmean": 1.74306094646,
        "dmean2": 2.7197561264,
        "dvar": 3.98094797134,
        "dvar2": 10.0326042175,
        "max": 37.1754455566,
        "mean": 13.6132249832,
        "median": 12.7662143707,
        "min": 2.16476964951,
        "var": 19.3911342621
    },
    "melbands_flatness_db": {
        "dmean": 0.020086016506,
        "dmean2": 0.0302653945982,
        "dvar": 0.000853916164488,
        "dvar2": 0.00182191445492,
        "max": 0.604578912258,
        "mean": 0.37468662858,
        "median": 0.376496613026,
        "min": 0.00485142506659,
        "var": 0.003688497236
    },
    "melbands_kurtosis": {
        "dmean": 1.74533510208,
        "dmean2": 2.56886124611,
        "dvar": 9.32919692993,
        "dvar2": 20.6333408356,
        "max": 214.321334839,
        "mean": 6.61493635178,
        "median": 4.96878623962,
        "min": -1.69263279438,
        "var": 69.6907119751
    },
    "melbands_skewness": {
        "dmean": 0.29116204381,
        "dmean2": 0.415255844593,
        "dvar": 0.142863437533,
        "dvar2": 0.288985967636,
        "max": 10.9364347458,
        "mean": 1.68003749847,
        "median": 1.66809308529,
        "min": -2.27679610252,
        "var": 1.00510573387
    },
    "melbands_spread": {
        "dmean": 1.47038340569,
        "dmean2": 2.18976163864,
        "dvar": 8.80337619781,
        "dvar2": 18.0000572205,
        "max": 161.724075317,
        "mean": 9.22213459015,
        "median": 7.85965967178,
        "min": 0.832939743996,
        "var": 37.6314811707
    },
    "pitch_salience": {
        "dmean": 0.0383954718709,
        "dmean2": 0.0604342594743,
        "dvar": 0.00251325266436,
        "dvar2": 0.00610818946734,
        "max": 0.862406313419,
        "mean": 0.511754453182,
        "median": 0.513390541077,
        "min": 0.074073664844,
        "var": 0.011843919754
    },
    "silence_rate_20dB": {
        "dmean": 0,
        "dmean2": 0,
        "dvar": 0,
        "dvar2": 0,
        "max": 1,
        "mean": 1,
        "median": 1,
        "min": 1,
        "var": 0
    },
    "silence_rate_30dB": {
        "dmean": 0.00236127502285,
        "dmean2": 0.00472294865176,
        "dvar": 0.0023558025714,
        "dvar2": 0.00588174536824,
        "max": 1,
        "mean": 0.997976243496,
        "median": 1,
        "min": 0,
        "var": 0.00201951619238
    },
    "silence_rate_60dB": {
        "dmean": 0.0107944002375,
        "dmean2": 0.0215062834322,
        "dvar": 0.0106770424172,
        "dvar2": 0.0222221817821,
        "max": 1,
        "mean": 0.0577620379627,
        "median": 0,
        "min": 0,
        "var": 0.0544275194407
    },
    "spectral_centroid": {
        "dmean": 59.1235122681,
        "dmean2": 86.6963882446,
        "dvar": 22470.9003906,
        "dvar2": 34489.4023438,
        "max": 11218.484375,
        "mean": 583.801391602,
        "median": 538.513366699,
        "min": 158.532287598,
        "var": 97754.4140625
    },
    "spectral_complexity": {
        "dmean": 1.4444257021,
        "dmean2": 2.2046892643,
        "dvar": 3.25815105438,
        "dvar2": 5.83843660355,
        "max": 30,
        "mean": 11.066868782,
        "median": 11,
        "min": 0,
        "var": 18.0095615387
    },
    "spectral_decrease": {
        "dmean": 1.28198818228e-09,
        "dmean2": 1.57053769989e-09,
        "dvar": 4.91143038197e-18,
        "dvar2": 8.24595755857e-18,
        "max": 3.93431195896e-29,
        "mean": -5.03648012184e-09,
        "median": -3.72946074023e-09,
        "min": -3.74037831818e-08,
        "var": 1.9275358026e-17
    },
    "spectral_energy": {
        "dmean": 0.00515219103545,
        "dmean2": 0.00627715187147,
        "dvar": 8.08964032331e-05,
        "dvar2": 0.000135028822115,
        "max": 0.153028592467,
        "mean": 0.0200555995107,
        "median": 0.014722738415,
        "min": 1.04222899256e-20,
        "var": 0.00031265951111
    },
    "spectral_energyband_high": {
        "dmean": 1.98939123948e-05,
        "dmean2": 2.91269498121e-05,
        "dvar": 1.5938324438e-08,
        "dvar2": 4.14131768878e-08,
        "max": 0.00461781257764,
        "mean": 2.24491686822e-05,
        "median": 3.14542489832e-06,
        "min": 7.39943430967e-21,
        "var": 1.27681438755e-08
    },
    "spectral_energyband_low": {
        "dmean": 0.000185366443475,
        "dmean2": 0.00026350968983,
        "dvar": 3.14807579116e-07,
        "dvar2": 4.42630550879e-07,
        "max": 0.0445916131139,
        "mean": 0.000709300336894,
        "median": 8.18744447315e-05,
        "min": 2.34437722781e-23,
        "var": 9.36686592468e-06
    },
    "spectral_energyband_middle_high": {
        "dmean": 0.00155413569883,
        "dmean2": 0.00182820321061,
        "dvar": 2.48782289418e-05,
        "dvar2": 3.98280972149e-05,
        "max": 0.0939427986741,
        "mean": 0.00354523560964,
        "median": 0.00107237917837,
        "min": 1.33939837341e-21,
        "var": 6.35786127532e-05
    },
    "spectral_energyband_middle_low": {
        "dmean": 0.00390025996603,
        "dmean2": 0.00492741214111,
        "dvar": 4.60518313048e-05,
        "dvar2": 8.05976014817e-05,
        "max": 0.145532891154,
        "mean": 0.0161873046309,
        "median": 0.0120571143925,
        "min": 1.9199522641e-22,
        "var": 0.000204061056138
    },
    "spectral_entropy": {
        "dmean": 0.14594425261,
        "dmean2": 0.229593485594,
        "dvar": 0.0557053536177,
        "dvar2": 0.131997182965,
        "max": 9.81151866913,
        "mean": 5.99796104431,
        "median": 5.969145298,
        "min": 4.71381998062,
        "var": 0.16017267108
    },
    "spectral_flux": {
        "dmean": 0.0169206168503,
        "dmean2": 0.0262374933809,
        "dvar": 0.000801714602858,
        "dvar2": 0.00184478226583,
        "max": 0.265465646982,
        "mean": 0.0351994223893,
        "median": 0.0235324501991,
        "min": 6.73763753123e-11,
        "var": 0.00119409745093
    },
    "spectral_kurtosis": {
        "dmean": 17.8068008423,
        "dmean2": 31.3497123718,
        "dvar": 217.922729492,
        "dvar2": 607.05291748,
        "max": 190.948074341,
        "mean": 36.9124565125,
        "median": 33.9876594543,
        "min": -1.24103045464,
        "var": 519.481506348
    },
    "spectral_rms": {
        "dmean": 0.000519723980688,
        "dmean2": 0.000619691156317,
        "dvar": 5.72520775677e-07,
        "dvar2": 9.3647832955e-07,
        "max": 0.0122186820954,
        "mean": 0.00405520247295,
        "median": 0.00378994015045,
        "min": 3.18874397373e-12,
        "var": 3.12180418405e-06
    },
    "spectral_rolloff": {
        "dmean": 63.1482810974,
        "dmean2": 110.749389648,
        "dvar": 77968.2109375,
        "dvar2": 131367.09375,
        "max": 19078.4179688,
        "mean": 754.01574707,
        "median": 667.529296875,
        "min": 21.533203125,
        "var": 273378.9375
    },
    "spectral_skewness": {
        "dmean": 1.16164445877,
        "dmean2": 2.04440617561,
        "dvar": 0.821852147579,
        "dvar2": 2.37847542763,
        "max": 10.7685403824,
        "mean": 3.85727643967,
        "median": 3.68273043633,
        "min": -0.0363358221948,
        "var": 1.9409917593
    },
    "spectral_spread": {
        "dmean": 276314.1875,
        "dmean2": 475390.5,
        "dvar": 273822072832,
        "dvar2": 451442540544,
        "max": 41941856,
        "mean": 1452161.125,
        "median": 1347220.375,
        "min": 444307.9375,
        "var": 1.12163448422e+12
    },
    "spectral_strongpeak": {
        "dmean": 0.485157012939,
        "dmean2": 0.6946439147,
        "dvar": 0.930626988411,
        "dvar2": 1.63806021214,
        "max": 13.6801433563,
        "mean": 1.50692391396,
        "median": 0.912300825119,
        "min": 0,
        "var": 2.71562170982
    },
    "zerocrossingrate": {
        "dmean": 0.00269279419445,
        "dmean2": 0.00328441918828,
        "dvar": 4.52162312286e-05,
        "dvar2": 6.74869879731e-05,
        "max": 0.5068359375,
        "mean": 0.0277631469071,
        "median": 0.0263671875,
        "min": 0,
        "var": 0.000209189238376
    },
    "barkbands": {
        "dmean": [1.74243223228e-06, 3.48409412254e-05, 9.52732734731e-05, 0.000329699279973, 0.00119732390158, 0.000990913016722, 0.000512224447448, 0.00129555363674, 0.000553208694328, 0.000257661915384, 0.000304522778606, 0.000716452370398, 0.000247860793024, 6.46301632514e-05, 0.000100590012153, 7.06783175701e-05, 5.57049243071e-05, 1.663679177e-05, 1.37613769766e-05, 1.21876646517e-05, 6.48288869343e-06, 2.43229260377e-06, 5.84263091241e-07, 2.64714969944e-07, 5.69858400468e-08, 2.24661658166e-08, 1.61652047304e-09],
        "dmean2": [2.84571183329e-06, 5.83097353228e-05, 0.000135425711051, 0.000536259787623, 0.00190768961329, 0.00149742211215, 0.000670458830427, 0.00152604351752, 0.000582098728046, 0.000287258008029, 0.0004138975346, 0.00087338621961, 0.00029844394885, 8.72455784702e-05, 0.000132413260872, 9.47231965256e-05, 7.66051962273e-05, 2.46782910835e-05, 1.94152926269e-05, 1.66885038198e-05, 1.08589165393e-05, 3.64895163329e-06, 9.02296676486e-07, 4.33787079146e-07, 9.81559296065e-08, 4.0218381514e-08, 2.94994983996e-09],
        "dvar": [6.72343083985e-12, 8.61429683141e-09, 1.4661942771e-07, 5.32283536359e-07, 4.08805635743e-06, 6.13155134488e-06, 3.97881194658e-06, 2.16334628931e-05, 2.20201582124e-06, 1.3485390582e-06, 2.33980813391e-06, 1.53529963427e-05, 1.70778866959e-06, 3.49304833946e-08, 8.07050710705e-08, 4.79969344269e-08, 5.75682150838e-08, 4.77339234806e-09, 3.89768395337e-09, 3.6184062413e-09, 8.56105497604e-09, 2.42020681274e-10, 4.33086171092e-11, 1.69158946833e-12, 1.06218690527e-13, 3.07571283438e-14, 8.40993271468e-17],
        "dvar2": [1.65290524323e-11, 2.22274234574e-08, 2.14147206634e-07, 1.35156801662e-06, 1.11531235234e-05, 1.58420389198e-05, 6.18491230853e-06, 3.54583935405e-05, 3.08280391437e-06, 2.08962683246e-06, 4.93465631735e-06, 2.43671474891e-05, 3.06638389702e-06, 6.30718872685e-08, 1.44550455161e-07, 8.39743066194e-08, 1.04040708493e-07, 9.46718969885e-09, 7.41591765774e-09, 7.3888792862e-09, 2.42076687584e-08, 6.11606099099e-10, 1.09086656375e-10, 4.36727433731e-12, 2.90132040571e-13, 8.50505375762e-14, 2.335483182e-16],
        "max": [5.34605096618e-05, 0.00331910396926, 0.0401409976184, 0.020010503009, 0.0390186756849, 0.0637089535594, 0.0651833936572, 0.135656267405, 0.0660006776452, 0.025603312999, 0.034840516746, 0.0733540505171, 0.0474548563361, 0.00718037318438, 0.0183068551123, 0.0151056107134, 0.00640809629112, 0.00321100163274, 0.00293422536924, 0.00256807310507, 0.00386566249654, 0.000628631911241, 0.000359358207788, 4.91960781801e-05, 9.16514090932e-06, 7.20803473087e-06, 5.33656589141e-07],
        "mean": [2.16697981159e-06, 4.88489749841e-05, 0.000435069145169, 0.000744997989386, 0.00411578966305, 0.00344658689573, 0.00189647357911, 0.00396543415263, 0.00161576655228, 0.000650494243018, 0.000598098733462, 0.00124906003475, 0.000598491693381, 0.000137322873343, 0.000222540111281, 0.000145522571984, 9.57001902862e-05, 3.77987962565e-05, 2.40377612499e-05, 1.52011280079e-05, 6.57422287986e-06, 2.73932391792e-06, 5.9820581555e-07, 2.24781118163e-07, 4.47390782199e-08, 1.52606780546e-08, 1.55856549888e-09],
        "median": [1.05688161511e-06, 7.95534651843e-06, 1.55405177793e-05, 0.000262754881987, 0.0034238640219, 0.0022236679215, 0.000776955042966, 0.00105196353979, 0.000529796408955, 6.42344821244e-05, 6.56755291857e-05, 0.000135849491926, 6.9334761065e-05, 6.49073481327e-05, 8.85696790647e-05, 5.47209128854e-05, 1.92052557395e-05, 2.0604022211e-05, 3.05657863464e-06, 2.51711389865e-06, 1.03148056496e-06, 2.71860557177e-07, 4.45675034655e-08, 8.46092529372e-09, 1.49052215015e-09, 8.0546025405e-10, 6.52873810569e-10],
        "min": [3.51591124494e-24, 8.04843700477e-24, 2.78937685934e-24, 1.41426864759e-24, 1.73147995166e-23, 2.29150792772e-23, 1.21491537157e-23, 2.76726694199e-23, 4.1925186633e-23, 1.56457765227e-23, 2.13657990578e-23, 2.53077338458e-23, 5.62201161638e-23, 8.44668207318e-23, 9.85226244341e-23, 9.00316096403e-23, 1.39213843285e-22, 1.59671682373e-22, 1.62817962586e-22, 1.74307601764e-22, 3.69110567151e-22, 4.71262576527e-22, 5.7668352452e-22, 6.56687298417e-22, 1.01986785299e-21, 1.51784421327e-21, 2.01552108407e-21],
        "var": [9.97628802485e-12, 2.72583253746e-08, 6.61993544782e-06, 1.75301374838e-06, 1.01094346974e-05, 1.7095466319e-05, 2.09284044104e-05, 8.83871398401e-05, 9.73058558884e-06, 5.19907689522e-06, 4.86847420689e-06, 3.54647345375e-05, 4.36818845628e-06, 8.00111195076e-08, 2.06879050779e-07, 1.05057964106e-07, 1.00669360847e-07, 9.2024006193e-09, 7.40251548947e-09, 4.38716485363e-09, 5.23518117745e-09, 2.13610615307e-10, 3.70888632306e-11, 1.35526453341e-12, 7.45332886121e-14, 1.95751313108e-14, 5.39104343232e-17]
    },
    "erbbands": {
        "dmean": [0.000493282859679, 0.0105518111959, 0.0852169394493, 0.512979507446, 2.5113325119, 4.49407291412, 6.34122419357, 9.10217189789, 6.0349149704, 13.5871353149, 31.0601463318, 11.2577667236, 15.058177948, 7.51177787781, 15.4635133743, 29.8977928162, 14.1012115479, 3.67787408829, 2.81954073906, 7.58507919312, 3.32911157608, 2.05251646042, 1.13406860828, 0.877056419849, 0.539982259274, 0.810644447803, 0.375737398863, 0.148118406534, 0.0835179165006, 0.0522629208863, 0.0125899538398, 0.0070333359763, 0.00322209228761, 0.000665777013637, 0.000384789367672, 0.000177358495421, 2.9255708796e-05, 3.05394542011e-06, 2.66003985416e-06, 5.94423818256e-06],
        "dmean2": [0.000786291668192, 0.0174181498587, 0.124967731535, 0.787049412727, 4.0968875885, 7.12607383728, 8.90506076813, 14.2672758102, 9.14008712769, 16.8953208923, 35.8042259216, 12.1240987778, 14.2572526932, 9.2253036499, 19.4851284027, 36.7338981628, 16.6385593414, 4.85750150681, 3.6319065094, 10.0756559372, 4.36610364914, 2.78145766258, 1.69983172417, 1.25306248665, 0.732937633991, 1.11278581619, 0.61146736145, 0.232655376196, 0.123022280633, 0.0828183889389, 0.0191414263099, 0.0112967295572, 0.00529081327841, 0.00112954771612, 0.000668722495902, 0.000313519616611, 5.26272124262e-05, 5.27014935869e-06, 3.21962761518e-06, 7.19406943972e-06],
        "dvar": [1.4200655869e-06, 0.00076743774116, 0.0887857601047, 1.5023059845, 33.2953033447, 61.1345252991, 147.818618774, 666.451538086, 341.151000977, 2829.93432617, 13313.4775391, 636.576599121, 2155.0246582, 1080.68310547, 4836.24707031, 28494.9589844, 4888.56542969, 113.951507568, 76.5840988159, 689.271240234, 105.438430786, 60.0017242432, 24.9448165894, 17.2049236298, 4.88189888, 17.5271320343, 27.1733589172, 2.84917163849, 0.158344477415, 0.327580153942, 0.00418498879299, 0.00130087253638, 0.000204821873922, 1.49829993461e-05, 5.24466213392e-06, 1.60632805546e-06, 1.08126961607e-07, 5.37838273917e-10, 2.40530113188e-11, 1.10425453503e-10],
        "dvar2": [3.50010623151e-06, 0.00197080872022, 0.142316013575, 2.8608288765, 88.4189147949, 163.045715332, 316.930389404, 1750.36987305, 873.145568848, 4027.76293945, 21155.4941406, 1019.56304932, 2974.45800781, 1955.11633301, 8605.74804688, 46417.1015625, 8904.34667969, 206.100494385, 153.066604614, 1210.65014648, 170.431976318, 107.633125305, 50.1570739746, 32.7030410767, 9.11041927338, 35.9545822144, 76.4941558838, 8.03781700134, 0.36606875062, 0.874588668346, 0.0102382134646, 0.00334823993035, 0.000526475254446, 4.14969872509e-05, 1.4182646737e-05, 4.38939923697e-06, 3.0664091355e-07, 1.503474234e-09, 4.04283793942e-11, 1.83060025472e-10],
        "max": [0.0979463011026, 0.846436738968, 30.2262592316, 51.0198860168, 162.351806641, 148.533706665, 276.907897949, 735.966674805, 742.460083008, 1798.7520752, 3297.52539062, 772.380187988, 1490.30664062, 904.203491211, 1615.56152344, 3652.04125977, 2488.94458008, 350.456756592, 455.487304688, 2129.51513672, 419.609436035, 202.370910645, 160.025817871, 211.849563599, 51.1102027893, 180.906524658, 262.014526367, 98.197479248, 11.3907985687, 24.8397407532, 3.05200982094, 1.27160251141, 0.484105169773, 0.166075795889, 0.0411075167358, 0.0340504981577, 0.0190450269729, 0.00116704043467, 9.91683482425e-05, 0.000179787690286],
        "mean": [0.0010565839475, 0.0195842981339, 0.348894715309, 1.53393054008, 6.2127122879, 15.9006252289, 22.0823822021, 29.7131633759, 21.4034519196, 48.6984786987, 95.6324310303, 35.4860725403, 41.3619499207, 18.9237098694, 29.8983421326, 53.0324897766, 33.9125747681, 8.09807109833, 7.27577352524, 15.2841529846, 6.94172430038, 3.92956900597, 2.23915410042, 1.8128285408, 0.836246311665, 0.985185623169, 0.387080460787, 0.173364698887, 0.100834339857, 0.0509786270559, 0.0134272957221, 0.00625947257504, 0.0027746767737, 0.000557254301384, 0.00030775173218, 0.000131819717353, 2.55308150372e-05, 3.69267991118e-06, 1.00926472442e-05, 2.28745648201e-05],
        "median": [0.000227731448831, 0.00254500447772, 0.0280295833945, 0.45459663868, 3.14984750748, 11.2580127716, 14.2505016327, 18.0454483032, 10.9723043442, 17.7078590393, 25.7602767944, 14.6505794525, 8.81797885895, 4.34349679947, 3.65112781525, 7.42779016495, 4.46752548218, 3.73044204712, 3.97894668579, 4.21361207962, 2.7726495266, 1.29619300365, 1.1162443161, 0.559159994125, 0.158252865076, 0.142112702131, 0.0644878521562, 0.0225930530578, 0.0106413401663, 0.00443083047867, 0.00144867808558, 0.000334996526362, 0.000102127465652, 3.27719426423e-05, 1.88499834621e-05, 1.21301636682e-05, 6.45282716505e-06, 1.48997980887e-06, 7.25718518879e-06, 1.6675421648e-05],
        "min": [1.10922577542e-22, 1.57218529431e-21, 2.18024291512e-21, 7.71633334157e-21, 1.53355343535e-20, 4.99943794012e-20, 1.05614549858e-19, 1.44464069603e-19, 1.92746343464e-19, 4.96193441125e-19, 4.81487100412e-19, 1.03058711691e-18, 6.33650231115e-19, 3.75873687928e-19, 1.44851826025e-18, 1.20884784764e-18, 2.84731634824e-18, 3.47418669686e-18, 6.1027727097e-18, 5.00980862658e-18, 5.43359021159e-18, 8.43564248074e-18, 9.8890922884e-18, 9.21048820311e-18, 1.04020054795e-17, 1.04987285358e-17, 8.97813978649e-18, 1.25385840505e-17, 1.69969303878e-17, 1.42876756537e-17, 1.70707876903e-17, 1.3708540037e-17, 1.20888583591e-17, 1.04747452611e-17, 8.13082559783e-18, 4.86143848088e-18, 2.76112991868e-18, 1.28164946092e-18, 3.01784826522e-19, 2.43744535619e-20],
        "var": [1.95840857486e-05, 0.00474288640544, 3.75589442253, 14.5762281418, 65.8502426147, 221.287857056, 595.034301758, 1619.53601074, 1070.41137695, 14853.3896484, 55051.4375, 2590.58227539, 9168.45019531, 3414.75244141, 11587.9775391, 63290.5664062, 12198.2910156, 260.876251221, 187.610824585, 1599.40478516, 238.310073853, 107.642425537, 35.7657432556, 35.0625648499, 7.81769275665, 20.9702091217, 16.7480640411, 1.8237786293, 0.171990841627, 0.246529489756, 0.00397493084893, 0.00105939083733, 0.000167042308021, 1.01183213701e-05, 3.80619098905e-06, 1.05803951556e-06, 6.46667714932e-08, 3.44087341952e-10, 8.56221968326e-11, 4.18595907936e-10]
    },
    "gfcc": {
        "mean": [-153.726150513, 206.552764893, -168.116256714, -22.1766090393, -50.326877594, -48.7450370789, -32.3224411011, -31.4259529114, -11.2571058273, -17.7177467346, -10.8947582245, -13.294626236, -3.74423575401],
        "cov": [[7806.03076172, -389.46762085, -1334.95092773, 615.059387207, -778.699707031, 167.144760132, 135.223922729, -89.1893692017, 148.454055786, -132.170257568, 48.4195251465, -136.17980957, 132.406585693], [-389.46762085, 700.282775879, 116.953468323, -233.853240967, 238.718551636, -250.57762146, 13.9047746658, -64.6984863281, -35.3911170959, -47.6858062744, -47.8438568115, -4.71861743927, -16.4674510956], [-1334.95092773, 116.953468323, 518.154174805, -0.442031741142, 229.28616333, 109.40146637, 6.32275485992, 101.749259949, -33.0051612854, 24.9293613434, -15.5832967758, 2.10655879974, -49.1368789673], [615.059387207, -233.853240967, -0.442031741142, 299.30770874, -43.7994728088, 182.113693237, 53.0544815063, 31.2970962524, 21.3667182922, -3.65235924721, 12.9871473312, -38.2890129089, -35.2634544373], [-778.699707031, 238.718551636, 229.28616333, -43.7994728088, 278.696777344, 30.1215953827, 26.6534519196, 18.7821331024, -62.5501861572, -1.35957324505, -2.08950972557, 37.5644645691, -34.3364562988], [167.144760132, -250.57762146, 109.40146637, 182.113693237, 30.1215953827, 369.025421143, 51.401309967, 65.0938262939, -43.8948326111, -13.4597005844, 24.4363803864, -0.597497284412, -8.0241394043], [135.223922729, 13.9047746658, 6.32275485992, 53.0544815063, 26.6534519196, 51.401309967, 84.2936248779, 21.6776275635, -3.93257904053, -15.3057689667, -5.8051109314, -5.79122066498, -12.3141088486], [-89.1893692017, -64.6984863281, 101.749259949, 31.2970962524, 18.7821331024, 65.0938262939, 21.6776275635, 106.058403015, 26.8377590179, 15.4342384338, 9.29673099518, 10.6505393982, 14.5094661713], [148.454055786, -35.3911170959, -33.0051612854, 21.3667182922, -62.5501861572, -43.8948326111, -3.93257904053, 26.8377590179, 135.223449707, 52.9778938293, 20.4372425079, -5.73534631729, 13.2722015381], [-132.170257568, -47.6858062744, 24.9293613434, -3.65235924721, -1.35957324505, -13.4597005844, -15.3057689667, 15.4342384338, 52.9778938293, 88.7894592285, 36.6388969421, 7.13315725327, 2.61432218552], [48.4195251465, -47.8438568115, -15.5832967758, 12.9871473312, -2.08950972557, 24.4363803864, -5.8051109314, 9.29673099518, 20.4372425079, 36.6388969421, 69.1963272095, 33.1199798584, 3.11276936531], [-136.17980957, -4.71861743927, 2.10655879974, -38.2890129089, 37.5644645691, -0.597497284412, -5.79122066498, 10.6505393982, -5.73534631729, 7.13315725327, 33.1199798584, 99.9357147217, 37.7625045776], [132.406585693, -16.4674510956, -49.1368789673, -35.2634544373, -34.3364562988, -8.0241394043, -12.3141088486, 14.5094661713, 13.2722015381, 2.61432218552, 3.11276936531, 37.7625045776, 85.2410507202]],
        "icov": [[0.000639696256258, -0.0017080741236, 0.00183969677892, -0.00181588926353, 0.00183521199506, -0.00100740382914, 0.000601491134148, -0.00161230342928, 0.000682491459884, -0.0007601469988, 0.000215715597733, -0.000448143313406, 9.90962507785e-05], [-0.0017080741236, 0.0106398556381, -0.00587792228907, 0.00741374352947, -0.010785180144, 0.00613091280684, -0.00478623062372, 0.00786286965013, -0.00446421746165, 0.00734539562836, -0.00324653508142, 0.0056694089435, -0.00333301117644], [0.00183969677892, -0.00587792228907, 0.0104644140229, -0.00530721759424, 0.002609442221, -0.00454377615824, 0.00489642331377, -0.0097396876663, 0.00253169192001, -0.0047381403856, 0.00383908557706, -0.00170890241861, 0.0032000481151], [-0.00181588926353, 0.00741374352947, -0.00530721759424, 0.0125724552199, -0.00666723307222, 0.00117222033441, -0.00505693349987, 0.00605033291504, -0.00490975519642, 0.00490461476147, -0.002169204643, 0.00411575194448, 0.000928890134674], [0.00183521199506, -0.010785180144, 0.002609442221, -0.00666723307222, 0.0191288739443, -0.00584278674796, 0.00114977604244, -0.006243028678, 0.00690874271095, -0.00821239873767, 0.00313605484553, -0.00917968619615, 0.00532430410385], [-0.00100740382914, 0.00613091280684, -0.00454377615824, 0.00117222033441, -0.00584278674796, 0.00904605537653, -0.00393950846046, 0.00295337755233, 0.000311553740175, 0.00473885424435, -0.00463656429201, 0.00376484217122, -0.00365130975842], [0.000601491134148, -0.00478623062372, 0.00489642331377, -0.00505693349987, 0.00114977604244, -0.00393950846046, 0.0190916154534, -0.00797422323376, 0.000842187379021, -0.00116105237976, 0.00385224143974, -0.00260193925351, 0.00399572635069], [-0.00161230342928, 0.00786286965013, -0.0097396876663, 0.00605033291504, -0.006243028678, 0.00295337755233, -0.00797422323376, 0.0232844986022, -0.00705665862188, 0.00546082481742, -0.00379739142954, 0.00313632958569, -0.00675967382267], [0.000682491459884, -0.00446421746165, 0.00253169192001, -0.00490975519642, 0.00690874271095, 0.000311553740175, 0.000842187379021, -0.00705665862188, 0.0153281623498, -0.0100598083809, 0.000668622611556, -0.00175212323666, 0.000314509263262], [-0.0007601469988, 0.00734539562836, -0.0047381403856, 0.00490461476147, -0.00821239873767, 0.00473885424435, -0.00116105237976, 0.00546082481742, -0.0100598083809, 0.0260492935777, -0.0132252229378, 0.00721706962213, -0.00400861725211], [0.000215715597733, -0.00324653508142, 0.00383908557706, -0.002169204643, 0.00313605484553, -0.00463656429201, 0.00385224143974, -0.00379739142954, 0.000668622611556, -0.0132252229378, 0.0283455178142, -0.0124728884548, 0.00717505998909], [-0.000448143313406, 0.0056694089435, -0.00170890241861, 0.00411575194448, -0.00917968619615, 0.00376484217122, -0.00260193925351, 0.00313632958569, -0.00175212323666, 0.00721706962213, -0.0124728884548, 0.0219190660864, -0.0109475282952], [9.90962507785e-05, -0.00333301117644, 0.0032000481151, 0.000928890134674, 0.00532430410385, -0.00365130975842, 0.00399572635069, -0.00675967382267, 0.000314509263262, -0.00400861725211, 0.00717505998909, -0.0109475282952, 0.0213531926274]]
    },
    "melbands": {
        "dmean": [6.84139467921e-06, 3.33197167492e-05, 0.000153039669385, 0.00023815955501, 0.000215986787225, 0.000197667643079, 0.000102234393125, 0.000170035782503, 0.000226081858273, 7.23086122889e-05, 7.48499151086e-05, 2.70532927971e-05, 4.99003181176e-05, 8.80499719642e-05, 4.51446212537e-05, 1.92132210941e-05, 6.09362996329e-06, 4.10889151681e-06, 8.01768510428e-06, 7.51587595005e-06, 4.28656403528e-06, 2.3625123049e-06, 1.90194384686e-06, 8.19894353299e-07, 7.52281721361e-07, 4.04188000402e-07, 2.84501567194e-07, 6.17271439296e-07, 1.87999788182e-07, 1.91933466454e-07, 5.60524853199e-08, 5.86654884671e-08, 3.40725883063e-08, 2.43689424195e-08, 6.50004405855e-09, 5.3947077916e-09, 4.1815910734e-09, 3.0702003162e-09, 8.11777534082e-10, 4.19393686446e-10],
        "dmean2": [1.11472299977e-05, 4.92739236506e-05, 0.000244826631388, 0.000385028863093, 0.000313944998197, 0.000307546870317, 0.000150563093484, 0.000210066296859, 0.000259544467553, 7.61363990023e-05, 7.12152541382e-05, 3.39976722898e-05, 6.53531533317e-05, 0.000107157560706, 5.52120291104e-05, 2.30486912187e-05, 8.38356936583e-06, 5.40948349226e-06, 1.06261204564e-05, 1.00065999504e-05, 5.66296148463e-06, 3.1361537367e-06, 2.92785102829e-06, 1.22908204503e-06, 1.07798427962e-06, 5.56193299417e-07, 3.8595925389e-07, 8.50394656027e-07, 3.11065576852e-07, 3.25899748077e-07, 8.15149050482e-08, 8.59712372403e-08, 5.43759064442e-08, 3.86385110573e-08, 9.8770529533e-09, 8.55101500719e-09, 6.78431888446e-09, 5.06815789336e-09, 1.38466593747e-09, 7.29746485462e-10],
        "dvar": [3.19794773995e-10, 1.28183561543e-08, 1.1025220914e-07, 2.19998781859e-07, 1.46270537016e-07, 3.05304325821e-07, 8.53001083101e-08, 3.48206953049e-07, 7.08301513441e-07, 3.30491403133e-08, 5.39803544086e-08, 1.77281567204e-08, 5.79138799139e-08, 2.34354857298e-07, 4.75668393563e-08, 8.98084451251e-09, 3.96427335403e-10, 1.6444910711e-10, 5.06040209736e-10, 7.44891703874e-10, 2.16083248517e-10, 9.25343551783e-11, 1.52324167169e-10, 2.15409877435e-11, 1.52026880668e-11, 2.83020351946e-12, 1.17482629527e-12, 1.0312015998e-11, 9.55035790035e-12, 9.89165780535e-12, 8.53605922925e-14, 9.49715295556e-14, 1.7371781097e-13, 9.32627252878e-14, 7.55951388557e-16, 5.62225689097e-16, 6.06974810277e-16, 2.20352100748e-16, 1.59792004493e-17, 1.21105792948e-17],
        "dvar2": [7.88676568497e-10, 2.12436148672e-08, 2.75195304766e-07, 5.95836468165e-07, 3.41657568015e-07, 8.07410117432e-07, 2.01096199248e-07, 5.38995493571e-07, 1.10149892407e-06, 4.90790625918e-08, 7.41780254998e-08, 3.14943022772e-08, 1.19350474392e-07, 3.68971001308e-07, 7.90323682054e-08, 1.67459557332e-08, 7.46681494412e-10, 3.37497668701e-10, 8.92700302568e-10, 1.31683253191e-09, 3.50992457321e-10, 1.53193985275e-10, 3.12476017283e-10, 4.3964349522e-11, 2.85632212327e-11, 5.20801197307e-12, 2.22773340573e-12, 2.13087412299e-11, 2.6747017795e-11, 2.81735364205e-11, 2.15430592202e-13, 2.15379106151e-13, 4.71007727178e-13, 2.411911274e-13, 1.8237548973e-15, 1.40099122421e-15, 1.58629228104e-15, 5.66504952486e-16, 4.29262301773e-17, 3.47532423564e-17],
        "max": [0.000867821800057, 0.0112938005477, 0.00891344994307, 0.0101058986038, 0.00821986421943, 0.0150705743581, 0.00991431344301, 0.0165672153234, 0.0233056191355, 0.00731742801145, 0.00751737970859, 0.00402264948934, 0.00534356990829, 0.0107028568164, 0.00464764982462, 0.00341277546249, 0.000788371951785, 0.000672816706356, 0.00161397235934, 0.00223964685574, 0.000559048959985, 0.000331581191858, 0.00044092265307, 0.000217244800297, 0.000214391693589, 3.6284673115e-05, 3.53580180672e-05, 0.000134954345413, 0.000161500414833, 0.000168434169609, 1.45169105963e-05, 1.02987442006e-05, 2.06877430173e-05, 1.43662837218e-05, 9.11872973575e-07, 6.68755433253e-07, 1.16340549994e-06, 5.21130516518e-07, 1.19834041357e-07, 1.89491544234e-07],
        "mean": [1.11896033559e-05, 0.000129054387799, 0.00041099844384, 0.000729389081243, 0.000792070466559, 0.000653279887047, 0.00036692910362, 0.000581561645959, 0.00069873110624, 0.000215692038182, 0.000202869880013, 6.75656046951e-05, 9.69935281319e-05, 0.000153857123223, 9.3020265922e-05, 4.64779259346e-05, 1.21131497508e-05, 9.86094892141e-06, 1.74864107976e-05, 1.50520736497e-05, 8.14494615042e-06, 4.38777487943e-06, 3.08300718643e-06, 1.65897233728e-06, 1.53988435159e-06, 6.09089397585e-07, 4.16042041707e-07, 7.25672009594e-07, 1.96000740971e-07, 1.86885159792e-07, 7.19599668741e-08, 6.95986273058e-08, 3.42400738873e-08, 2.31945822549e-08, 7.10766023815e-09, 5.01482588788e-09, 3.52987727936e-09, 2.59594967744e-09, 6.76419587009e-10, 3.23114202061e-10],
        "median": [2.11063729694e-06, 6.26073233434e-06, 0.000161266565556, 0.000552142853849, 0.000591736461502, 0.000406898965593, 0.000194575055502, 0.000207020930247, 0.00019015140424, 7.95437445049e-05, 3.64389416063e-05, 1.23202653413e-05, 9.5363766377e-06, 1.56159840117e-05, 1.22031306091e-05, 8.2936940089e-06, 4.77679031974e-06, 5.15634019393e-06, 6.68303573548e-06, 3.96947370973e-06, 2.44609918809e-06, 8.70236988249e-07, 1.12797965812e-06, 6.87640806518e-07, 3.76872065999e-07, 9.92594806348e-08, 8.28257071817e-08, 7.8184896779e-08, 3.25598854545e-08, 2.58720316282e-08, 7.7267650056e-09, 5.97688387671e-09, 2.93144508667e-09, 1.50611789707e-09, 8.31534952006e-10, 2.35928221404e-10, 1.3069670346e-10, 6.94939106261e-11, 2.26908873635e-11, 1.2879331282e-11],
        "min": [1.94014304853e-24, 1.24535715892e-24, 2.50176034266e-24, 3.6570270224e-24, 3.77586102917e-24, 3.59328548354e-24, 2.90614562825e-24, 6.27681239497e-24, 4.57634382767e-24, 6.28533761477e-24, 2.29668135642e-24, 1.33796025868e-24, 4.7340458001e-24, 3.14987288239e-24, 4.17436870936e-24, 7.05914468734e-24, 5.64836438267e-24, 9.35536811e-24, 7.8170696233e-24, 6.38750141288e-24, 5.52916355559e-24, 6.58797305701e-24, 7.32382960914e-24, 5.69774628648e-24, 6.00185019329e-24, 6.57486613306e-24, 4.98597444664e-24, 6.27923735339e-24, 4.47974820426e-24, 6.97066052618e-24, 7.63362238637e-24, 9.59383050646e-24, 8.02229494324e-24, 7.69976364011e-24, 8.89468359654e-24, 9.05105554948e-24, 8.26653732354e-24, 8.17506811272e-24, 7.62059987055e-24, 8.28945294398e-24],
        "var": [1.81439863134e-09, 5.27564225195e-07, 4.60474410602e-07, 4.57036634316e-07, 5.4880058542e-07, 7.5669601074e-07, 3.13897174919e-07, 1.67004225204e-06, 2.98915961139e-06, 1.3926124609e-07, 2.30881255447e-07, 5.88712154581e-08, 1.24185021377e-07, 5.49494870938e-07, 1.10827286903e-07, 2.16310596102e-08, 8.67203864274e-10, 3.83541531868e-10, 1.24582433259e-09, 1.69876046563e-09, 4.69704108941e-10, 1.93979901586e-10, 1.85014281673e-10, 3.80698840508e-11, 3.16547343893e-11, 4.55337026764e-12, 1.74549014565e-12, 1.22672427771e-11, 5.96346930171e-12, 5.90962261765e-12, 8.50192109097e-14, 1.05282441294e-13, 1.26069388761e-13, 7.51090202945e-14, 7.55849162268e-16, 5.12964952802e-16, 4.70270786491e-16, 1.78219159939e-16, 1.17706849909e-17, 7.17819063767e-18]
    },
    "mfcc": {
        "mean": [-771.70489502, 218.85446167, -39.1513023376, -0.207688525319, -10.8598022461, -23.1825294495, -24.5504817963, -21.7416133881, -13.7350063324, -12.7436990738, -9.59130096436, -6.1628985405, -8.23976802826],
        "cov": [[4646.921875, 474.565490723, -1099.00415039, 572.936889648, -530.76574707, 210.419189453, -10.4733047485, 44.7286338806, 105.443237305, 115.841278076, -30.5479850769, -73.0070877075, 67.4429092407], [474.565490723, 614.52557373, -133.150543213, -42.0781555176, 42.9203491211, -125.631797791, -28.4505558014, -69.7029190063, -18.9261837006, -31.9121894836, -4.27630567551, -69.4412002563, -64.6935501099], [-1099.00415039, -133.150543213, 486.709136963, -68.2749862671, 165.694168091, 50.0185012817, 50.8781929016, 66.5740432739, 1.54071128368, 11.5653038025, 15.9866733551, 30.0873699188, -17.7731056213], [572.936889648, -42.0781555176, -68.2749862671, 240.029708862, -52.7373542786, 84.6094055176, 29.1987743378, 43.8893585205, 54.3492736816, 32.8373641968, 36.2693252563, 23.7974052429, 36.2358360291], [-530.76574707, 42.9203491211, 165.694168091, -52.7373542786, 183.698913574, 13.3930625916, 33.3213348389, 28.4980392456, -20.2236766815, -17.6278362274, 8.82792758942, 26.7641944885, 14.2867326736], [210.419189453, -125.631797791, 50.0185012817, 84.6094055176, 13.3930625916, 226.243164062, 112.953109741, 97.5774612427, 24.1886959076, 19.6992340088, 9.29569530487, -2.10617303848, 42.9405555725], [-10.4733047485, -28.4505558014, 50.8781929016, 29.1987743378, 33.3213348389, 112.953109741, 148.579666138, 89.9357910156, 6.28687524796, -5.03341674805, -12.9936141968, -23.6963195801, 6.54171705246], [44.7286338806, -69.7029190063, 66.5740432739, 43.8893585205, 28.4980392456, 97.5774612427, 89.9357910156, 142.64666748, 31.1757564545, -1.60685968399, -13.7254171371, -24.0717105865, 27.9690742493], [105.443237305, -18.9261837006, 1.54071128368, 54.3492736816, -20.2236766815, 24.1886959076, 6.28687524796, 31.1757564545, 87.4744873047, 36.047832489, -0.132047116756, 2.6015381813, 12.1522035599], [115.841278076, -31.9121894836, 11.5653038025, 32.8373641968, -17.6278362274, 19.6992340088, -5.03341674805, -1.60685968399, 36.047832489, 108.345420837, 31.6340675354, 10.3110027313, -1.26244926453], [-30.5479850769, -4.27630567551, 15.9866733551, 36.2693252563, 8.82792758942, 9.29569530487, -12.9936141968, -13.7254171371, -0.132047116756, 31.6340675354, 89.8809432983, 45.6578941345, -3.04758167267], [-73.0070877075, -69.4412002563, 30.0873699188, 23.7974052429, 26.7641944885, -2.10617303848, -23.6963195801, -24.0717105865, 2.6015381813, 10.3110027313, 45.6578941345, 164.670532227, 88.1615982056], [67.4429092407, -64.6935501099, -17.7731056213, 36.2358360291, 14.2867326736, 42.9405555725, 6.54171705246, 27.9690742493, 12.1522035599, -1.26244926453, -3.04758167267, 88.1615982056, 157.286605835]],
