{
"lowlevel": {
    "average_loudness": 0.966456711292,
    "barkbands_crest": {
        "dmean": 3.13228607178,
        "dmean2": 4.67426204681,
        "dvar": 10.8397798538,
        "dvar2": 23.6943454742,
        "max": 26.5092754364,
        "mean": 14.6715507507,
        "median": 14.3784513474,
        "min": 2.02650642395,
        "var": 38.2624931335
    },
    "barkbands_flatness_db": {
        "dmean": 0.0440656878054,
        "dmean2": 0.0636423826218,
        "dvar": 0.00340734678321,
        "dvar2": 0.0072811008431,
        "max": 0.745770871639,
        "mean": 0.231108427048,
        "median": 0.225538492203,
        "min": 0.017057036981,
        "var": 0.0124935135245
    },
    "barkbands_kurtosis": {
        "dmean": 29.3927936554,
        "dmean2": 43.214679718,
        "dvar": 15821.8535156,
        "dvar2": 37034.203125,
        "max": 3298.02587891,
        "mean": 41.8340606689,
        "median": 11.2003831863,
        "min": -1.97317767143,
        "var": 24152.375
    },
    "barkbands_skewness": {
        "dmean": 1.40458297729,
        "dmean2": 2.00557470322,
        "dvar": 5.0011715889,
        "dvar2": 10.4248981476,
        "max": 45.9967498779,
        "mean": 3.54589724541,
        "median": 2.80059456825,
        "min": -9.95645713806,
        "var": 13.2492771149
    },
    "barkbands_spread": {
        "dmean": 6.68888187408,
        "dmean2": 9.83724689484,
        "dvar": 126.874275208,
        "dvar2": 236.811203003,
        "max": 136.235610962,
        "mean": 13.5442476273,
        "median": 6.71060943604,
        "min": 0.0644478052855,
        "var": 304.366394043
    },
    "dissonance": {
        "dmean": 0.0247514769435,
        "dmean2": 0.0394560471177,
        "dvar": 0.000655004347209,
        "dvar2": 0.00171866000164,
        "max": 0.500000238419,
        "mean": 0.445887446404,
        "median": 0.453882694244,
        "min": 0.247763499618,
        "var": 0.00160078320187
    },
    "dynamic_complexity": 3.88571405411,
    "erbbands_crest": {
        "dmean": 2.36745405197,
        "dmean2": 3.60208463669,
        "dvar": 5.49733877182,
        "dvar2": 12.6464071274,
        "max": 27.3041286469,
        "mean": 8.79402542114,
        "median": 7.95586061478,
        "min": 2.31849980354,
        "var": 18.1054058075
    },
    "erbbands_flatness_db": {
        "dmean": 0.0246412232518,
        "dmean2": 0.0326845608652,
        "dvar": 0.000945187057368,
        "dvar2": 0.00182930671144,
        "max": 0.424851000309,
        "mean": 0.152920022607,
        "median": 0.156027719378,
        "min": 0.0263020116836,
        "var": 0.00316426972859
    },
    "erbbands_kurtosis": {
        "dmean": 2.50423026085,
        "dmean2": 4.1116027832,
        "dvar": 129.824157715,
        "dvar2": 358.341766357,
        "max": 308.485534668,
        "mean": 2.60395550728,
        "median": 0.306669235229,
        "min": -1.97667551041,
        "var": 148.022521973
    },
    "erbbands_skewness": {
        "dmean": 0.503181576729,
        "dmean2": 0.733196377754,
        "dvar": 0.593819618225,
        "dvar2": 1.15864241123,
        "max": 12.262131691,
        "mean": 0.706431865692,
        "median": 0.639053165913,
        "min": -7.16329813004,
        "var": 1.83098804951
    },
    "erbbands_spread": {
        "dmean": 16.3955898285,
        "dmean2": 21.9577159882,
        "dvar": 560.033752441,
        "dvar2": 1024.17004395,
        "max": 239.734664917,
        "mean": 46.4532737732,
        "median": 34.7699737549,
        "min": 1.03210747242,
        "var": 1420.17712402
    },
    "hfc": {
        "dmean": 11.4356117249,
        "dmean2": 15.592300415,
        "dvar": 516.079284668,
        "dvar2": 1149.98706055,
        "max": 262.283233643,
        "mean": 19.4539527893,
        "median": 6.6445145607,
        "min": 1.0725297276e-16,
        "var": 820.112365723
    },
    "melbands_crest": {
        "dmean": 3.84027242661,
        "dmean2": 6.00080108643,
        "dvar": 17.1713294983,
        "dvar2": 41.1714286804,
        "max": 38.9755592346,
        "mean": 19.5522460938,
        "median": 19.5944309235,
        "min": 1.00076401234,
        "var": 61.8815155029
    },
    "melbands_flatness_db": {
        "dmean": 0.052762594074,
        "dmean2": 0.0764737576246,
        "dvar": 0.00506062386557,
        "dvar2": 0.0109426230192,
        "max": 0.900543391705,
        "mean": 0.334021151066,
        "median": 0.338537871838,
        "min": 2.58860126223e-07,
        "var": 0.019590979442
    },
    "melbands_kurtosis": {
        "dmean": 56.4241027832,
        "dmean2": 85.7766494751,
        "dvar": 17977.7246094,
        "dvar2": 42215.2929688,
        "max": 3006.1574707,
        "mean": 84.4663391113,
        "median": 25.6119098663,
        "min": -1.97443461418,
        "var": 36477.015625
    },
    "melbands_skewness": {
        "dmean": 1.89030706882,
        "dmean2": 2.69432234764,
        "dvar": 6.54541301727,
        "dvar2": 13.9233970642,
        "max": 40.6312408447,
        "mean": 5.29915475845,
        "median": 4.05254220963,
        "min": -5.06778049469,
        "var": 20.1157226562
    },
    "melbands_spread": {
        "dmean": 6.23414421082,
        "dmean2": 9.62841129303,
        "dvar": 298.011962891,
        "dvar2": 620.665893555,
        "max": 323.154022217,
        "mean": 14.3788995743,
        "median": 4.96201372147,
        "min": 0.0749827548862,
        "var": 1036.35949707
    },
    "pitch_salience": {
        "dmean": 0.109679043293,
        "dmean2": 0.166061908007,
        "dvar": 0.0158754363656,
        "dvar2": 0.0360651127994,
        "max": 0.99602162838,
        "mean": 0.443854242563,
        "median": 0.453144460917,
        "min": 0.0131872911006,
        "var": 0.0453009642661
    },
    "silence_rate_20dB": {
        "dmean": 0,
        "dmean2": 0,
        "dvar": 0,
        "dvar2": 0,
        "max": 1,
        "mean": 1,
        "median": 1,
        "min": 1,
        "var": 0
    },
    "silence_rate_30dB": {
        "dmean": 0.119183130562,
        "dmean2": 0.238386198878,
        "dvar": 0.104973971844,
        "dvar2": 0.206028148532,
        "max": 1,
        "mean": 0.800401687622,
        "median": 1,
        "min": 0,
        "var": 0.159741774201
    },
    "silence_rate_60dB": {
        "dmean": 0.0227653160691,
        "dmean2": 0.0455344431102,
        "dvar": 0.022247556597,
        "dvar2": 0.0568554624915,
        "max": 1,
        "mean": 0.082768432796,
        "median": 0,
        "min": 0,
        "var": 0.0759077370167
    },
    "spectral_centroid": {
        "dmean": 280.23449707,
        "dmean2": 409.332580566,
        "dvar": 232644.5,
        "dvar2": 411602.96875,
        "max": 11923.9931641,
        "mean": 988.291748047,
        "median": 509.570037842,
        "min": 56.1789550781,
        "var": 2657523.75
    },
    "spectral_complexity": {
        "dmean": 4.16086387634,
        "dmean2": 5.76981687546,
        "dvar": 43.9856414795,
        "dvar2": 72.2774734497,
        "max": 68,
        "mean": 12.6350326538,
        "median": 9,
        "min": 0,
        "var": 143.393615723
    },
    "spectral_decrease": {
        "dmean": 7.05587188676e-09,
        "dmean2": 1.05779438542e-08,
        "dvar": 1.16224606771e-16,
        "dvar2": 2.58065395691e-16,
        "max": 4.85676802527e-20,
        "mean": -1.4998985165e-08,
        "median": -9.7212780048e-09,
        "min": -9.23925185248e-08,
        "var": 2.42736825733e-16
    },
    "spectral_energy": {
        "dmean": 0.0273584909737,
        "dmean2": 0.0408806316555,
        "dvar": 0.00171689095441,
        "dvar2": 0.00378568773158,
        "max": 0.351772993803,
        "mean": 0.0583740919828,
        "median": 0.0377326831222,
        "min": 9.73819136423e-21,
        "var": 0.00359959900379
    },
    "spectral_energyband_high": {
        "dmean": 0.000760823837481,
        "dmean2": 0.00104380468838,
        "dvar": 2.61603804574e-06,
        "dvar2": 5.8030850596e-06,
        "max": 0.0181775074452,
        "mean": 0.0010328500066,
        "median": 3.03666365653e-05,
        "min": 6.96717508627e-21,
        "var": 4.3694735723e-06
    },
    "spectral_energyband_low": {
        "dmean": 0.0243242066354,
        "dmean2": 0.037436503917,
        "dvar": 0.00170872767922,
        "dvar2": 0.00389234814793,
        "max": 0.346985131502,
        "mean": 0.0458553880453,
        "median": 0.0236455369741,
        "min": 8.04329284281e-24,
        "var": 0.00309871369973
    },
    "spectral_energyband_middle_high": {
        "dmean": 0.00170937087387,
        "dmean2": 0.00246683112346,
        "dvar": 2.21375285037e-05,
        "dvar2": 5.25680770807e-05,
        "max": 0.0618213042617,
        "mean": 0.00249461689964,
        "median": 0.00060285901418,
        "min": 1.15084743993e-21,
        "var": 2.92444419756e-05
    },
    "spectral_energyband_middle_low": {
        "dmean": 0.00784912612289,
        "dmean2": 0.0134952422231,
        "dvar": 0.000252058700426,
        "dvar2": 0.000713600078598,
        "max": 0.143810555339,
        "mean": 0.0107396552339,
        "median": 0.00619195075706,
        "min": 1.52672277333e-22,
        "var": 0.000201000832021
    },
    "spectral_entropy": {
        "dmean": 0.342348963022,
        "dmean2": 0.483711153269,
        "dvar": 0.211729452014,
        "dvar2": 0.456965476274,
        "max": 9.82497882843,
        "mean": 7.18546533585,
        "median": 7.13721752167,
        "min": 3.54543924332,
        "var": 0.7311860919
    },
    "spectral_flux": {
        "dmean": 0.0520748905838,
        "dmean2": 0.0784154236317,
        "dvar": 0.0047322511673,
        "dvar2": 0.00869482010603,
        "max": 0.514678835869,
        "mean": 0.109825991094,
        "median": 0.0680656582117,
        "min": 6.12759357144e-11,
        "var": 0.0109780356288
    },
    "spectral_kurtosis": {
        "dmean": 4.62632656097,
        "dmean2": 7.07442617416,
        "dvar": 95.6052932739,
        "dvar2": 229.371688843,
        "max": 298.297241211,
        "mean": 9.81715774536,
        "median": 5.91375350952,
        "min": -1.49392187595,
        "var": 159.035186768
    },
    "spectral_rms": {
        "dmean": 0.0016087947879,
        "dmean2": 0.00228375941515,
        "dvar": 4.59196871816e-06,
        "dvar2": 8.87649548531e-06,
        "max": 0.0185254737735,
        "mean": 0.00650912011042,
        "median": 0.0060673202388,
        "min": 3.08231652008e-12,
        "var": 1.45817111843e-05
    },
    "spectral_rolloff": {
        "dmean": 467.481994629,
        "dmean2": 800.792175293,
        "dvar": 1965875.625,
        "dvar2": 4342236.5,
        "max": 19853.6132812,
        "mean": 1209.27954102,
        "median": 258.3984375,
        "min": 43.06640625,
        "var": 10178375
    },
    "spectral_skewness": {
        "dmean": 0.48905903101,
        "dmean2": 0.706075370312,
        "dvar": 0.488255351782,
        "dvar2": 0.986322879791,
        "max": 12.872426033,
        "mean": 2.2503926754,
        "median": 1.99474823475,
        "min": -0.726706147194,
        "var": 1.51564073563
    },
    "spectral_spread": {
        "dmean": 1461933,
        "dmean2": 1769919.25,
        "dvar": 4.73152251494e+12,
        "dvar2": 7.64669276979e+12,
        "max": 45153140,
        "mean": 6244524.5,
        "median": 4340727.5,
        "min": 251875.78125,
        "var": 3.65681065329e+13
    },
    "spectral_strongpeak": {
        "dmean": 0.214393556118,
        "dmean2": 0.3423178792,
        "dvar": 0.116283759475,
        "dvar2": 0.281954824924,
        "max": 4.73457479477,
        "mean": 0.486014783382,
        "median": 0.41024184227,
        "min": 0,
        "var": 0.18244343996
    },
    "zerocrossingrate": {
        "dmean": 0.0130850216374,
        "dmean2": 0.0137345297262,
        "dvar": 0.000446439458756,
        "dvar2": 0.00045203830814,
        "max": 0.52490234375,
        "mean": 0.0462236329913,
        "median": 0.01953125,
        "min": 0.00146484375,
        "var": 0.0070903133601
    },
    "barkbands": {
        "dmean": [0.00131270615384, 0.021151650697, 0.00762920221314, 0.00348861608654, 0.00275960657746, 0.00154128100257, 0.00061112298863, 0.000425201375037, 0.000237157277297, 0.00022402581817, 0.000144683814142, 0.000244879105594, 0.000238962311414, 0.000308324786602, 0.000219303285121, 0.000189454556676, 0.00018436856044, 0.000168201135239, 0.000125398131786, 0.000130646731122, 9.06672648853e-05, 0.000115052251203, 7.21799442545e-05, 0.0001331155363, 0.000224339091801, 0.000122932979139, 1.2645435163e-05],
        "dmean2": [0.00203966954723, 0.0322559699416, 0.0138670075685, 0.00646855682135, 0.00481921667233, 0.00235487427562, 0.000903819920495, 0.000686092651449, 0.000336798781063, 0.000317557249218, 0.000220354719204, 0.000392740010284, 0.000378844997613, 0.000507105723955, 0.000366201304132, 0.000286885973765, 0.000311370269628, 0.000245192146394, 0.00018993653066, 0.000206330601941, 0.000144093268318, 0.000196487337234, 0.000106674764538, 0.000183183816262, 0.000282981403871, 0.000180293543963, 2.03257386602e-05],
        "dvar": [9.66275911196e-06, 0.00146356492769, 0.000396138784708, 8.15961102489e-05, 4.41215743194e-05, 6.56056181469e-06, 1.00696388472e-06, 9.62174340202e-07, 2.15598817022e-07, 2.17788752366e-07, 8.85824036345e-08, 3.64383822671e-07, 4.78001027204e-07, 1.32607146952e-06, 4.73974552051e-07, 2.24992987796e-07, 2.05230463735e-07, 2.37040296724e-07, 1.10004151566e-07, 1.65936015151e-07, 8.9407514281e-08, 1.74916451101e-07, 2.13293329665e-08, 5.40910036761e-08, 1.42551499493e-07, 1.40164431173e-07, 1.25738253143e-09],
        "dvar2": [2.55357408605e-05, 0.00353400898166, 0.00111292407382, 0.000236749750911, 0.000122560697491, 1.65076271514e-05, 2.170450216e-06, 2.41231578002e-06, 5.01152044308e-07, 4.29392173373e-07, 1.9375366378e-07, 8.96619894775e-07, 1.10621056137e-06, 3.47022319147e-06, 1.31120987135e-06, 4.43974300879e-07, 5.35941978796e-07, 4.79856510083e-07, 2.4606853799e-07, 4.13970582258e-07, 2.21888342367e-07, 4.90596391955e-07, 4.24289652301e-08, 9.82496501933e-08, 2.29220361803e-07, 3.42959936006e-07, 3.30766503076e-09],
        "max": [0.0435128323734, 0.313971728086, 0.143777087331, 0.0690598711371, 0.0883061289787, 0.0353476367891, 0.0157001689076, 0.0133486445993, 0.00763320550323, 0.00786480028182, 0.00409922841936, 0.00658095488325, 0.010221448727, 0.0141500476748, 0.00908582191914, 0.0047187320888, 0.00513305189088, 0.00638583349064, 0.00368531397544, 0.0057599269785, 0.00500795943663, 0.00504551036283, 0.00288795842789, 0.00221525062807, 0.0028978404589, 0.00519269658253, 0.000520603323821],
        "mean": [0.00257486617193, 0.0349446088076, 0.00665526045486, 0.00299444724806, 0.00339082814753, 0.00229529291391, 0.000956058152951, 0.000552758167032, 0.000405192142352, 0.000383214181056, 0.000220923800953, 0.000280060427031, 0.000291688018478, 0.000281626998913, 0.000251156743616, 0.000209210251342, 0.000214531712118, 0.000208908604691, 0.000161649979418, 0.000168715996551, 0.000117354138638, 0.000117360017612, 0.000101816309325, 0.000183020383702, 0.000272849894827, 0.000128161540488, 1.24444923131e-05],
        "median": [0.000572674616706, 0.0146999461576, 0.00216314941645, 0.00099392386619, 0.00164482952096, 0.000853444857057, 0.00035307276994, 0.000161804622621, 0.000168556085555, 9.62289632298e-05, 6.04339293204e-05, 4.53944157925e-05, 3.80587953259e-05, 3.76365278498e-05, 3.16944533552e-05, 1.72785094037e-05, 2.17717079067e-05, 1.61396437761e-05, 9.50127741817e-06, 5.2745594985e-06, 2.73365321846e-06, 2.86928411697e-06, 3.06300626107e-06, 4.01386523663e-06, 3.7681811591e-06, 1.33006199121e-06, 3.55236892347e-07],
        "min": [9.29886432064e-26, 1.05877893306e-24, 6.78833396478e-25, 3.28783666749e-25, 6.36890007274e-24, 3.46129248802e-24, 5.52390855867e-24, 9.68378037118e-24, 1.19382454418e-23, 6.91238579339e-24, 9.26392650931e-24, 1.97695153503e-23, 2.28969102328e-23, 2.30659536585e-23, 3.49582731961e-23, 4.99129491901e-23, 6.6353002937e-23, 7.81416708848e-23, 1.28204222812e-22, 1.41289330016e-22, 2.26384803469e-22, 3.14205747174e-22, 3.46625683703e-22, 4.91742667804e-22, 8.07160862635e-22, 1.27682920807e-21, 1.96809390817e-21],
        "var": [3.06826841552e-05, 0.00225215917453, 0.000250459561357, 4.86784119857e-05, 3.31702831318e-05, 1.26564782477e-05, 2.33975515584e-06, 1.14911370019e-06, 4.1141413476e-07, 5.57201929041e-07, 1.63973496115e-07, 4.17831330424e-07, 6.18034903255e-07, 1.05566550701e-06, 4.18173726757e-07, 3.23256017509e-07, 2.51536050655e-07, 3.38094423569e-07, 1.67628940062e-07, 2.55043460129e-07, 1.26391825006e-07, 1.55253644607e-07, 5.94313185331e-08, 1.0626902025e-07, 2.70359777232e-07, 1.36121911964e-07, 1.11509412815e-09]
    },
    "erbbands": {
        "dmean": [0.685702979565, 4.72163772583, 8.54531478882, 11.2033643723, 9.301612854, 9.36480045319, 11.710231781, 11.5057067871, 10.1549568176, 8.16312122345, 9.11581802368, 4.51325035095, 7.30715656281, 6.03692054749, 6.94141387939, 10.3879299164, 10.6543235779, 14.7975625992, 13.2803964615, 11.3199138641, 8.74030971527, 10.1849594116, 10.1907587051, 6.2667298317, 6.58865022659, 6.80309867859, 3.96437072754, 3.8408036232, 3.7445526123, 2.62753486633, 2.09101867676, 2.37793254852, 2.45401144028, 2.69948673248, 1.45205497742, 0.788317084312, 0.183800578117, 0.0236081387848, 0.00217293482274, 0.000124822530779],
        "dmean2": [1.00992548466, 7.29316663742, 14.4502420425, 20.6769199371, 16.5516395569, 16.2447738647, 19.5967178345, 17.21276474, 14.8065280914, 12.9780607224, 14.308848381, 6.62041902542, 9.97670459747, 8.62993812561, 10.2185201645, 17.1069717407, 17.0446834564, 23.5186271667, 23.3635902405, 16.9989414215, 13.3894233704, 16.9666004181, 14.92274189, 9.27366065979, 10.4899225235, 10.8659877777, 6.32201385498, 5.95708084106, 6.24191331863, 4.17768907547, 3.21205091476, 3.71588778496, 3.12758827209, 3.33303904533, 1.91424417496, 1.15485548973, 0.28244677186, 0.0374602787197, 0.00340664689429, 0.000181469571544],
        "dvar": [1.63732933998, 84.9179077148, 397.10534668, 884.713500977, 451.94619751, 549.054870605, 563.656677246, 364.379974365, 295.0887146, 302.840789795, 453.083740234, 84.7603302002, 207.595474243, 166.184234619, 207.92300415, 757.631713867, 991.960754395, 2612.71557617, 2244.25024414, 1057.35534668, 382.156982422, 669.436767578, 1000.32543945, 225.850189209, 401.288421631, 525.141845703, 176.382614136, 169.176864624, 167.497451782, 45.9376678467, 19.093952179, 26.0946846008, 14.89432621, 18.2289237976, 7.25720357895, 6.7903342247, 0.227210953832, 0.00381405418739, 3.79797456844e-05, 7.70691030993e-08],
        "dvar2": [4.32308864594, 197.667739868, 1044.71887207, 2541.609375, 1269.72180176, 1510.25183105, 1586.0480957, 817.986938477, 556.983093262, 769.634033203, 1078.28161621, 210.372558594, 369.7472229, 338.836975098, 441.220153809, 1987.95263672, 2438.0300293, 6276.74609375, 6502.05859375, 2284.08862305, 759.889343262, 1702.52685547, 2165.9465332, 472.861206055, 997.650146484, 1380.05358887, 442.252166748, 421.700439453, 460.028808594, 111.372749329, 41.0850830078, 61.8365135193, 22.7703762054, 29.517074585, 11.8737220764, 16.8035011292, 0.559294939041, 0.0101506216452, 9.94828005787e-05, 1.86215331155e-07],
        "max": [13.08847332, 80.5233306885, 147.67074585, 229.958969116, 209.508132935, 329.319000244, 231.315505981, 276.02154541, 441.771148682, 247.314208984, 373.904754639, 141.125137329, 311.877044678, 235.819732666, 153.182830811, 316.720062256, 483.528533936, 642.183959961, 590.726745605, 403.331115723, 176.667327881, 312.160125732, 446.080566406, 207.965438843, 241.513870239, 263.850830078, 320.31842041, 168.961135864, 155.008880615, 80.0151901245, 100.014938354, 62.2521324158, 34.101348877, 34.8976974487, 20.3424167633, 39.6922035217, 5.13165998459, 0.686376810074, 0.0878518223763, 0.00519412057474],
        "mean": [1.12023997307, 7.16982746124, 9.63518428802, 9.52885627747, 9.89376354218, 11.2585849762, 15.6408815384, 17.4217224121, 16.2575302124, 11.6255493164, 12.925868988, 8.1690568924, 13.150598526, 10.7521181107, 10.6222333908, 11.8239145279, 13.1511516571, 15.1045265198, 13.0837230682, 13.4776916504, 10.440038681, 12.154548645, 12.4939689636, 8.05576133728, 8.27864360809, 8.35849571228, 5.27951526642, 4.75586557388, 4.11539840698, 3.45438599586, 2.86729216576, 3.18046164513, 3.36308217049, 3.47505116463, 1.64087331295, 0.786677837372, 0.198351502419, 0.0237344931811, 0.00214888248593, 0.000165266523254],
        "median": [0.365970939398, 2.20058488846, 3.4329431057, 3.37643361092, 4.36782693863, 5.14037275314, 5.15856266022, 6.42747306824, 6.53072214127, 4.25909328461, 3.78855729103, 4.07235813141, 4.87269496918, 3.62539219856, 2.99886393547, 2.21082496643, 1.89731884003, 2.20556020737, 1.77006828785, 1.34408152103, 1.10635483265, 1.181594491, 0.953346252441, 0.621787011623, 0.435518652201, 0.244778886437, 0.127062320709, 0.102206349373, 0.100543215871, 0.0900994688272, 0.093409948051, 0.0901636332273, 0.0647829696536, 0.0490887798369, 0.0212986338884, 0.00715801212937, 0.00233634118922, 0.00049126095837, 8.27733674669e-05, 5.75122794544e-05],
        "min": [5.21511148167e-23, 3.74933370374e-22, 1.17993093659e-21, 1.08574745735e-21, 6.5365306422e-21, 1.8069162714e-20, 4.08715304412e-20, 3.90624088933e-20, 9.67788715107e-20, 2.07313226696e-19, 2.5953466388e-19, 3.06206003498e-19, 2.49688913995e-19, 4.84573311278e-19, 5.07581753606e-19, 9.89746004748e-19, 1.63003870298e-18, 1.72566967398e-18, 2.06781938928e-18, 2.5511408144e-18, 2.95997483215e-18, 3.79130251471e-18, 5.31881683365e-18, 6.42324729442e-18, 7.34046362152e-18, 7.13988142196e-18, 8.7186887971e-18, 7.88871727716e-18, 9.2857384778e-18, 1.15791703452e-17, 1.11236494265e-17, 9.66851299754e-18, 9.16905720777e-18, 8.28485986278e-18, 6.27929470678e-18, 4.33864875321e-18, 2.25211915886e-18, 8.93445637834e-19, 2.55655600398e-19, 2.59498432723e-20],
        "var": [2.65354323387, 116.629737854, 326.327178955, 527.937988281, 325.473693848, 420.414123535, 675.168579102, 822.656433105, 779.634216309, 424.132843018, 636.848266602, 136.654632568, 537.3125, 443.181060791, 380.891326904, 758.987182617, 1201.45593262, 2498.6652832, 1573.953125, 1384.13879395, 592.559020996, 858.159362793, 1304.77197266, 367.374786377, 499.106872559, 690.994995117, 290.071502686, 213.23550415, 174.441741943, 78.7571105957, 49.7329940796, 37.5597229004, 33.5765533447, 38.1525344849, 12.0038785934, 6.10373258591, 0.24466483295, 0.00361963477917, 3.37143865181e-05, 8.41325871193e-08]
    },
    "gfcc": {
        "mean": [-80.6768035889, 110.738670349, -62.9824714661, 27.858133316, -35.7194595337, 18.4571895599, -34.1636962891, 15.469543457, -16.998708725, 2.7078795433, -6.13718080521, 0.94966173172, -5.70301580429],
        "cov": [[41252.09375, 455.907714844, -2987.86401367, 613.57824707, -1434.28613281, 477.471405029, -1352.60021973, 601.058837891, -996.689819336, 392.588928223, -556.713806152, 296.08291626, -374.811340332], [455.907714844, 3611.10083008, -573.272094727, -427.043243408, 466.808135986, -550.689941406, 506.464416504, -129.440307617, 214.653686523, -157.606307983, 126.822341919, -93.9503860474, 198.096099854], [-2987.86401367, -573.272094727, 1638.24572754, 135.472686768, 211.55329895, 367.846618652, -80.9653701782, 123.908119202, 79.2010345459, -42.2362442017, 54.0631332397, -49.1777877808, -35.2298164368], [613.57824707, -427.043243408, 135.472686768, 461.628570557, -22.7820034027, 147.327560425, -69.3287200928, 0.667360782623, -10.5941934586, 34.3085861206, 42.2710189819, -16.0219039917, -4.20330667496], [-1434.28613281, 466.808135986, 211.55329895, -22.7820034027, 410.393035889, 0.512296438217, 252.77204895, 29.1752128601, 121.910652161, 7.10843276978, 74.1247253418, -6.79470872879, 36.3356666565], [477.471405029, -550.689941406, 367.846618652, 147.327560425, 0.512296438217, 328.595001221, -87.224822998, 121.570198059, -3.89395356178, 27.6554412842, 27.3452720642, 1.37736821175, -31.4337940216], [-1352.60021973, 506.464416504, -80.9653701782, -69.3287200928, 252.77204895, -87.224822998, 333.318756104, 1.37685358524, 135.635848999, 1.96830141544, 46.5939216614, -6.20323085785, 45.7945976257], [601.058837891, -129.440307617, 123.908119202, 0.667360782623, 29.1752128601, 121.570198059, 1.37685358524, 146.57925415, 30.4663352966, 25.9525356293, 12.9080257416, 15.3100137711, -1.24483299255], [-996.689819336, 214.653686523, 79.2010345459, -10.5941934586, 121.910652161, -3.89395356178, 135.635848999, 30.4663352966, 141.449203491, 15.9104938507, 60.3479614258, -10.4569501877, 35.3363609314], [392.588928223, -157.606307983, -42.2362442017, 34.3085861206, 7.10843276978, 27.6554412842, 1.96830141544, 25.9525356293, 15.9104938507, 76.4990081787, 20.2614631653, 26.2409133911, -9.70887088776], [-556.713806152, 126.822341919, 54.0631332397, 42.2710189819, 74.1247253418, 27.3452720642, 46.5939216614, 12.9080257416, 60.3479614258, 20.2614631653, 109.076034546, 9.02196121216, 35.1002922058], [296.08291626, -93.9503860474, -49.1777877808, -16.0219039917, -6.79470872879, 1.37736821175, -6.20323085785, 15.3100137711, -10.4569501877, 26.2409133911, 9.02196121216, 55.9869384766, 7.07812261581], [-374.811340332, 198.096099854, -35.2298164368, -4.20330667496, 36.3356666565, -31.4337940216, 45.7945976257, -1.24483299255, 35.3363609314, -9.70887088776, 35.1002922058, 7.07812261581, 70.176864624]],
        "icov": [[8.7377607997e-05, -0.000208216515603, 0.000149687271914, -0.000237486412516, 0.000120827760838, -0.000264652422629, 0.000258057552855, -0.000450152467238, 0.000297057180433, -0.000454304710729, 0.000475763983559, -0.000427687453339, 0.000350612623151], [-0.000208216515603, 0.00117495772429, -0.000147580605699, 0.000878941791598, -0.000915170938242, 0.00143917324021, -0.000626860826742, 0.000712255947292, -0.00068285013549, 0.0020630878862, -0.0019469485851, 0.00219648028724, -0.00152848858852], [0.000149687271914, -0.000147580605699, 0.0014779168414, -0.000301379041048, -0.00106763653457, -0.00133098568767, 0.00168462167494, -0.000689766195137, -0.00085335370386, 0.000878021586686, 0.000761123257689, -0.000367939326679, 0.000992597779259], [-0.000237486412516, 0.000878941791598, -0.000301379041048, 0.0038242933806, -0.00053074338939, -0.000663608254399, -0.000530986930244, 0.00256728567183, -0.000231303551118, -0.00020676566055, -0.00249315216206, 0.00350039335899, -0.00232032197528], [0.000120827760838, -0.000915170938242, -0.00106763653457, -0.00053074338939, 0.00692787906155, -0.000892380252481, -0.00471491133794, -0.000711985689122, 0.00168337195646, -0.00240690563805, -0.000677326170262, -0.00130769459065, 0.00102832820266], [-0.000264652422629, 0.00143917324021, -0.00133098568767, -0.000663608254399, -0.000892380252481, 0.00954169034958, -0.000184028336662, -0.00469420664012, 0.000625206157565, 0.00213321717456, -0.00440804101527, 0.00314538320526, 0.000456709531136], [0.000258057552855, -0.000626860826742, 0.00168462167494, -0.000530986930244, -0.00471491133794, -0.000184028336662, 0.0106414910406, -0.000904099317268, -0.00604890054092, 0.000325802247971, 0.00337912375107, -0.00218129204586, 0.00098103005439], [-0.000450152467238, 0.000712255947292, -0.000689766195137, 0.00256728567183, -0.000711985689122, -0.00469420664012, -0.000904099317268, 0.0150281544775, -0.0050014811568, -0.000166686411831, 0.000357762473868, -0.00100191577803, -0.00306728621945], [0.000297057180433, -0.00068285013549, -0.00085335370386, -0.000231303551118, 0.00168337195646, 0.000625206157565, -0.00604890054092, -0.0050014811568, 0.0199871324003, -0.00704577285796, -0.00454741436988, 0.00549878831953, -0.00298022502102], [-0.000454304710729, 0.0020630878862, 0.000878021586686, -0.00020676566055, -0.00240690563805, 0.00213321717456, 0.000325802247971, -0.000166686411831, -0.00704577285796, 0.0257215928286, -0.00600953632966, -0.0067157689482, 0.00495391897857], [0.000475763983559, -0.0019469485851, 0.000761123257689, -0.00249315216206, -0.000677326170262, -0.00440804101527, 0.00337912375107, 0.000357762473868, -0.00454741436988, -0.00600953632966, 0.0197579544038, -0.00631966721267, -0.00333937001415], [-0.000427687453339, 0.00219648028724, -0.000367939326679, 0.00350039335899, -0.00130769459065, 0.00314538320526, -0.00218129204586, -0.00100191577803, 0.00549878831953, -0.0067157689482, -0.00631966721267, 0.0305624511093, -0.00858753547072], [0.000350612623151, -0.00152848858852, 0.000992597779259, -0.00232032197528, 0.00102832820266, 0.000456709531136, 0.00098103005439, -0.00306728621945, -0.00298022502102, 0.00495391897857, -0.00333937001415, -0.00858753547072, 0.0244962200522]]
    },
    "melbands": {
        "dmean": [0.00592931220308, 0.00466182781383, 0.00184420414735, 0.000672994588967, 0.000394213391701, 0.000266952149104, 0.000149607265485, 8.80885490915e-05, 6.7169086833e-05, 3.0216489904e-05, 3.69587032765e-05, 2.51268156717e-05, 2.15551808651e-05, 2.93569355563e-05, 2.28309363592e-05, 2.55055729212e-05, 2.82222208625e-05, 2.21846639761e-05, 1.62214637385e-05, 1.62663818628e-05, 9.1745687314e-06, 1.05035078377e-05, 1.14875492727e-05, 7.37175150789e-06, 5.13247050549e-06, 4.650275514e-06, 4.6400100473e-06, 4.69298629469e-06, 2.51479332292e-06, 2.41049747274e-06, 2.35810102822e-06, 2.26976226259e-06, 2.07354219128e-06, 1.2882496776e-06, 1.24904454424e-06, 1.31872684506e-06, 1.4682333358e-06, 1.36285734698e-06, 2.95121685667e-06, 2.08803658097e-06],
        "dmean2": [0.00893372483552, 0.00725903455168, 0.00337760732509, 0.00117486296222, 0.000666980107781, 0.000400656397687, 0.000216706146603, 0.000142962366226, 0.000104737468064, 4.31099724665e-05, 5.0528000429e-05, 3.58030483767e-05, 3.18229431286e-05, 4.65126286144e-05, 3.69668377971e-05, 4.03125850426e-05, 4.511710722e-05, 3.94979324483e-05, 2.67658579105e-05, 2.44956954703e-05, 1.43823363032e-05, 1.77023193828e-05, 1.80181250471e-05, 1.11281278805e-05, 7.68882182456e-06, 7.82952065492e-06, 7.70716269471e-06, 7.31221462047e-06, 3.79453831556e-06, 4.01048419008e-06, 3.69799408872e-06, 3.87453701478e-06, 3.4721620068e-06, 1.94513381757e-06, 1.98890984393e-06, 2.00936619876e-06, 2.32297429648e-06, 1.82259304893e-06, 3.868062322e-06, 2.6167406304e-06],
        "dvar": [0.000111531197035, 8.85035551619e-05, 2.21958216571e-05, 2.79197843156e-06, 6.5501563995e-07, 1.95920861756e-07, 6.07173262779e-08, 3.78923168398e-08, 2.42467255163e-08, 3.55145712838e-09, 5.20981657814e-09, 3.12630543675e-09, 1.88430271386e-09, 5.20917264879e-09, 4.00284383417e-09, 6.37709263174e-09, 9.60486357116e-09, 6.64774324477e-09, 2.93687985042e-09, 1.94940663611e-09, 4.02746946904e-10, 5.96170668388e-10, 1.40171407814e-09, 4.06760097826e-10, 1.5125894981e-10, 1.9582316324e-10, 2.06391501112e-10, 2.52037335446e-10, 6.28062185593e-11, 6.49752196491e-11, 7.04343181002e-11, 6.62457380618e-11, 4.50422338316e-11, 8.22508033904e-12, 7.05424130568e-12, 7.42032390394e-12, 1.03990739631e-11, 5.04984118757e-12, 2.33681372863e-11, 1.1592883771e-11],
        "dvar2": [0.000276246777503, 0.000204374257009, 6.33531526546e-05, 7.7057748058e-06, 1.8621738036e-06, 4.43709438969e-07, 1.15367399189e-07, 9.89492932035e-08, 5.73940930337e-08, 8.41471869961e-09, 9.34532984331e-09, 6.31375485227e-09, 3.94959087657e-09, 1.26655059773e-08, 1.03124504491e-08, 1.50042058777e-08, 2.31238175274e-08, 1.9399786666e-08, 8.0707751593e-09, 3.68538555229e-09, 8.20663148549e-10, 1.53772372613e-09, 3.27566485048e-09, 8.54229964542e-10, 3.29933941279e-10, 5.12634490413e-10, 5.31974519991e-10, 6.41165454063e-10, 1.49074502742e-10, 1.6920691237e-10, 1.81409193223e-10, 1.851596515e-10, 1.2417834816e-10, 1.64078403642e-11, 1.56232162624e-11, 1.73896261974e-11, 2.4740992241e-11, 8.07956479498e-12, 4.59650061069e-11, 1.87548639813e-11],
        "max": [0.0910268351436, 0.0782576948404, 0.0353778749704, 0.0215786881745, 0.00796586368233, 0.00717254448682, 0.00598077429458, 0.00226412992924, 0.00287168286741, 0.000999089097604, 0.00154253724031, 0.00104480911978, 0.000519400346093, 0.000786983466242, 0.000839945627376, 0.00116593937855, 0.00122742075473, 0.00101358199026, 0.000703305471689, 0.000443817814812, 0.000225036754273, 0.000263234833255, 0.000532098521944, 0.000277625425952, 0.000176495013875, 0.000166250218172, 0.000173273612745, 0.00022382834868, 0.000198871857719, 0.000113346315629, 0.000111086563265, 0.000102449717815, 7.84608346294e-05, 4.31896660302e-05, 6.41470323899e-05, 3.25200562656e-05, 3.92051479139e-05, 2.01742550416e-05, 4.67829813715e-05, 2.884973037e-05],
        "mean": [0.00994948390871, 0.00685665337369, 0.00165560492314, 0.000763944524806, 0.000527864147443, 0.000405572820455, 0.000243033093284, 0.000120545460959, 9.66929437709e-05, 5.33006386831e-05, 6.58405479044e-05, 4.33317254647e-05, 3.34428041242e-05, 3.48280045728e-05, 2.6893661925e-05, 3.02051321341e-05, 2.76851751551e-05, 2.05738451768e-05, 1.82333387784e-05, 1.77610872925e-05, 1.08941676444e-05, 1.20228651213e-05, 1.38608447742e-05, 8.91854870133e-06, 6.21031495029e-06, 5.84313011132e-06, 5.51350740352e-06, 5.79140987611e-06, 3.34261358148e-06, 2.83784493149e-06, 2.76490823126e-06, 2.36105120166e-06, 2.18856916945e-06, 1.83328086223e-06, 1.65106052918e-06, 1.73408704995e-06, 1.91684557649e-06, 1.92222228179e-06, 3.50645973413e-06, 2.68512462753e-06],
        "median": [0.00395461171865, 0.00242070760578, 0.00065445859218, 0.000333789153956, 0.000203682095162, 0.000151974178152, 9.89305626717e-05, 4.55651679658e-05, 2.87526527245e-05, 2.41708476096e-05, 2.39483470068e-05, 1.32316999952e-05, 9.6084559118e-06, 5.77025184612e-06, 4.43030739916e-06, 3.71694727619e-06, 3.74536284653e-06, 2.73249702332e-06, 2.20476476898e-06, 1.37336689932e-06, 1.24469022467e-06, 1.25729445699e-06, 9.4133224593e-07, 7.51251150177e-07, 4.75725784099e-07, 3.23883398323e-07, 2.45491975193e-07, 1.42827076388e-07, 7.86067957392e-08, 6.53876668366e-08, 5.19486853534e-08, 5.20471630239e-08, 5.36670796691e-08, 4.38909104616e-08, 4.21705195208e-08, 6.80463401181e-08, 4.45080488021e-08, 3.99289810105e-08, 5.05609243362e-08, 3.78080251551e-08],
        "min": [8.29750721382e-25, 1.03642636209e-24, 2.17788915929e-25, 1.08011643725e-24, 1.45779069538e-24, 8.04905744388e-25, 1.3545070106e-24, 2.4167162067e-24, 1.99498919461e-24, 1.8962500389e-24, 1.19854556116e-24, 1.92202528012e-24, 1.23781200018e-24, 2.1715323209e-24, 2.4230499709e-24, 2.8854161386e-24, 2.9225050257e-24, 2.640962738e-24, 2.44185345666e-24, 3.3117816528e-24, 2.87828759703e-24, 3.5816162586e-24, 3.87057640261e-24, 4.31170268765e-24, 4.16800496844e-24, 4.23936650922e-24, 4.52486237057e-24, 3.77432156711e-24, 4.64625386438e-24, 4.08698974234e-24, 3.58420569452e-24, 3.91802875264e-24, 5.47799606512e-24, 5.48302663111e-24, 5.65817189587e-24, 4.98630103505e-24, 4.8553749739e-24, 4.90869526578e-24, 5.10183523665e-24, 6.03289660307e-24],
        "var": [0.000182532443432, 0.000110292843601, 1.35550408231e-05, 2.03419176614e-06, 6.7902851697e-07, 4.44206960992e-07, 1.61476563676e-07, 4.56220519141e-08, 3.5158986833e-08, 6.50489173637e-09, 1.34444597677e-08, 8.31117752398e-09, 3.65491925614e-09, 6.37786001789e-09, 4.28157242993e-09, 7.65315810725e-09, 8.93648799405e-09, 4.43608838552e-09, 2.55487364598e-09, 2.75147593598e-09, 6.04173377994e-10, 7.55574935951e-10, 1.74673719933e-09, 5.58635526726e-10, 2.27095398042e-10, 2.38669028985e-10, 2.38693315113e-10, 3.70062647193e-10, 1.22298088323e-10, 8.04907945851e-11, 7.87357470888e-11, 6.4137230249e-11, 4.41481746993e-11, 2.04461655939e-11, 1.82932835546e-11, 1.26352565563e-11, 1.40698511869e-11, 1.10964943831e-11, 4.09462325157e-11, 2.3393715784e-11]
    },
    "mfcc": {
        "mean": [-725.839477539, 147.916671753, 32.9292182922, 23.6491737366, 25.7537784576, 4.90111398697, 8.74824428558, 7.50649452209, 2.89819145203, 4.48272037506, 3.92430400848, 2.02095794678, 3.30074501038],
        "cov": [[19033.6328125, -430.114929199, -1018.80743408, -70.1978225708, -163.75062561, -281.818603516, -144.860397339, -271.594268799, -163.457962036, -200.726791382, -101.369590759, -77.5111694336, -20.1596832275], [-430.114929199, 3803.43823242, -466.492370605, 286.925506592, -104.653823853, -63.4685554504, 63.0686302185, 132.066696167, 139.87600708, 77.0772171021, 5.79326438904, 12.2570867538, -28.2521038055], [-1018.80743408, -466.492370605, 1246.68945312, -61.778629303, 452.75894165, 70.6943283081, 86.5791473389, 69.4129638672, -4.66853284836, 40.2913131714, 36.957485199, 0.683174788952, 57.7515907288], [-70.1978225708, 286.925506592, -61.778629303, 310.295501709, 10.7803668976, 85.490737915, 33.5414390564, 7.82484197617, 21.951417923, 8.81924533844, 17.6425075531, 32.4374237061, 9.13882446289], [-163.75062561, -104.653823853, 452.75894165, 10.7803668976, 334.463439941, 70.9943161011, 108.955215454, 65.4709320068, 26.3470535278, 34.8830986023, 53.5278549194, 38.9599533081, 50.3871841431], [-281.818603516, -63.4685554504, 70.6943283081, 85.490737915, 70.9943161011, 138.968994141, 66.5110626221, 32.6364707947, 23.5853404999, 21.0774269104, 39.6839065552, 40.9209747314, 19.303812027], [-144.860397339, 63.0686302185, 86.5791473389, 33.5414390564, 108.955215454, 66.5110626221, 128.170562744, 69.4222183228, 45.1977806091, 29.2851104736, 43.1494827271, 42.7397651672, 24.8336143494], [-271.594268799, 132.066696167, 69.4129638672, 7.82484197617, 65.4709320068, 32.6364707947, 69.4222183228, 108.163063049, 61.9593925476, 49.7735900879, 34.1505126953, 21.0675983429, 22.1688480377], [-163.457962036, 139.87600708, -4.66853284836, 21.951417923, 26.3470535278, 23.5853404999, 45.1977806091, 61.9593925476, 97.6795349121, 53.511302948, 28.8223571777, 19.1887264252, 19.7321166992], [-200.726791382, 77.0772171021, 40.2913131714, 8.81924533844, 34.8830986023, 21.0774269104, 29.2851104736, 49.7735900879, 53.511302948, 73.8093109131, 42.1789398193, 20.8955192566, 14.298456192], [-101.369590759, 5.79326438904, 36.957485199, 17.6425075531, 53.5278549194, 39.6839065552, 43.1494827271, 34.1505126953, 28.8223571777, 42.1789398193, 86.4024505615, 53.9291763306, 15.6167955399], [-77.5111694336, 12.2570867538, 0.683174788952, 32.4374237061, 38.9599533081, 40.9209747314, 42.7397651672, 21.0675983429, 19.1887264252, 20.8955192566, 53.9291763306, 81.4492950439, 34.7662811279], [-20.1596832275, -28.2521038055, 57.7515907288, 9.13882446289, 50.3871841431, 19.303812027, 24.8336143494, 22.1688480377, 19.7321166992, 14.298456192, 15.6167955399, 34.7662811279, 58.4870986938]],
