{
"lowlevel": {
    "average_loudness": 0.854614078999,
    "barkbands_crest": {
        "dmean": 2.74154496193,
        "dmean2": 4.47898578644,
        "dvar": 6.33878469467,
        "dvar2": 16.0150699615,
        "max": 26.3144721985,
        "mean": 10.2913770676,
        "median": 9.3383808136,
        "min": 2.14507555962,
        "var": 19.5967903137
    },
    "barkbands_flatness_db": {
        "dmean": 0.0208304580301,
        "dmean2": 0.0324671342969,
        "dvar": 0.000392918591388,
        "dvar2": 0.000895410717931,
        "max": 0.464083045721,
        "mean": 0.153635472059,
        "median": 0.132709443569,
        "min": 0.028137633577,
        "var": 0.00463060941547
    },
    "barkbands_kurtosis": {
        "dmean": 3.67879748344,
        "dmean2": 5.86792945862,
        "dvar": 49.7667961121,
        "dvar2": 121.091781616,
        "max": 174.909088135,
        "mean": 6.44768714905,
        "median": 2.20387220383,
        "min": -1.92257130146,
        "var": 138.369400024
    },
    "barkbands_skewness": {
        "dmean": 0.565448343754,
        "dmean2": 0.872056663036,
        "dvar": 0.347619742155,
        "dvar2": 0.799905359745,
        "max": 11.1756753922,
        "mean": 1.66010928154,
        "median": 1.41164004803,
        "min": -3.09209823608,
        "var": 1.89922702312
    },
    "barkbands_spread": {
        "dmean": 4.19071483612,
        "dmean2": 6.58244276047,
        "dvar": 29.6766357422,
        "dvar2": 63.9507865906,
        "max": 99.8041763306,
        "mean": 17.7904529572,
        "median": 16.4768466949,
        "min": 0.433542102575,
        "var": 148.069046021
    },
    "dissonance": {
        "dmean": 0.0233264509588,
        "dmean2": 0.039151199162,
        "dvar": 0.000625990098342,
        "dvar2": 0.00174109893851,
        "max": 0.500000059605,
        "mean": 0.447345167398,
        "median": 0.460544317961,
        "min": 0.155551940203,
        "var": 0.00198233290575
    },
    "dynamic_complexity": 3.28423333168,
    "erbbands_crest": {
        "dmean": 2.9165623188,
        "dmean2": 4.71799612045,
        "dvar": 7.35422086716,
        "dvar2": 18.205909729,
        "max": 32.1594963074,
        "mean": 11.031914711,
        "median": 9.76777935028,
        "min": 2.31842660904,
        "var": 27.6185703278
    },
    "erbbands_flatness_db": {
        "dmean": 0.0180387012661,
        "dmean2": 0.0269567705691,
        "dvar": 0.000323946849676,
        "dvar2": 0.000661490659695,
        "max": 0.426476746798,
        "mean": 0.179935827851,
        "median": 0.168440014124,
        "min": 0.0449773333967,
        "var": 0.00359805952758
    },
    "erbbands_kurtosis": {
        "dmean": 1.62647283077,
        "dmean2": 2.57614445686,
        "dvar": 10.7170476913,
        "dvar2": 25.6527385712,
        "max": 79.4888534546,
        "mean": 1.93374669552,
        "median": 0.388011217117,
        "min": -1.81812298298,
        "var": 26.8015651703
    },
    "erbbands_skewness": {
        "dmean": 0.426953315735,
        "dmean2": 0.652492880821,
        "dvar": 0.201001480222,
        "dvar2": 0.434963524342,
        "max": 7.57583141327,
        "mean": 0.487332224846,
        "median": 0.344873458147,
        "min": -5.54929971695,
        "var": 1.388661623
    },
    "erbbands_spread": {
        "dmean": 7.03458213806,
        "dmean2": 10.8445644379,
        "dvar": 69.6568450928,
        "dvar2": 162.50630188,
        "max": 145.678787231,
        "mean": 31.3551235199,
        "median": 28.2491512299,
        "min": 1.20669543743,
        "var": 308.404846191
    },
    "hfc": {
        "dmean": 4.92115783691,
        "dmean2": 7.31590175629,
        "dvar": 66.1167831421,
        "dvar2": 128.921325684,
        "max": 394.35748291,
        "mean": 18.6572341919,
        "median": 16.4729061127,
        "min": 1.15001266202e-16,
        "var": 262.687255859
    },
    "melbands_crest": {
        "dmean": 3.37094783783,
        "dmean2": 5.52727937698,
        "dvar": 9.04331684113,
        "dvar2": 22.937297821,
        "max": 34.352481842,
        "mean": 13.7788248062,
        "median": 12.8847789764,
        "min": 1.7777184248,
        "var": 25.4427700043
    },
    "melbands_flatness_db": {
        "dmean": 0.0254038292915,
        "dmean2": 0.039314802736,
        "dvar": 0.000571361568291,
        "dvar2": 0.00128143350594,
        "max": 0.60578417778,
        "mean": 0.230054706335,
        "median": 0.213472798467,
        "min": 0.00518322829157,
        "var": 0.00599044188857
    },
    "melbands_kurtosis": {
        "dmean": 6.33228349686,
        "dmean2": 10.1008834839,
        "dvar": 110.72908783,
        "dvar2": 269.533111572,
        "max": 359.435333252,
        "mean": 12.1134719849,
        "median": 6.34477806091,
        "min": -1.9092694521,
        "var": 292.834320068
    },
    "melbands_skewness": {
        "dmean": 0.701727986336,
        "dmean2": 1.09528434277,
        "dvar": 0.516788542271,
        "dvar2": 1.23448491096,
        "max": 15.6815414429,
        "mean": 2.33832836151,
        "median": 2.07661008835,
        "min": -1.50636184216,
        "var": 2.26137328148
    },
    "melbands_spread": {
        "dmean": 6.08096599579,
        "dmean2": 9.36042118073,
        "dvar": 96.8658065796,
        "dvar2": 190.452774048,
        "max": 283.251861572,
        "mean": 20.966386795,
        "median": 16.9405612946,
        "min": 0.792969584465,
        "var": 371.150970459
    },
    "pitch_salience": {
        "dmean": 0.0702837109566,
        "dmean2": 0.114614717662,
        "dvar": 0.00390213541687,
        "dvar2": 0.00980065762997,
        "max": 0.865833044052,
        "mean": 0.546694815159,
        "median": 0.551438212395,
        "min": 0.0936016887426,
        "var": 0.0127643095329
    },
    "silence_rate_20dB": {
        "dmean": 0,
        "dmean2": 0,
        "dvar": 0,
        "dvar2": 0,
        "max": 1,
        "mean": 1,
        "median": 1,
        "min": 1,
        "var": 0
    },
    "silence_rate_30dB": {
        "dmean": 0.000988281797618,
        "dmean2": 0.00197670306079,
        "dvar": 0.000987285398878,
        "dvar2": 0.00281987548806,
        "max": 1,
        "mean": 0.999435305595,
        "median": 1,
        "min": 0,
        "var": 0.00056442321511
    },
    "silence_rate_60dB": {
        "dmean": 0.0152477761731,
        "dmean2": 0.0304977055639,
        "dvar": 0.015012120828,
        "dvar2": 0.0339331291616,
        "max": 1,
        "mean": 0.0632455721498,
        "median": 0,
        "min": 0,
        "var": 0.0592455454171
    },
    "spectral_centroid": {
        "dmean": 202.805603027,
        "dmean2": 311.346313477,
        "dvar": 71390.796875,
        "dvar2": 136335.578125,
        "max": 11630.5966797,
        "mean": 1104.39978027,
        "median": 1020.39447021,
        "min": 206.247909546,
        "var": 407713.28125
    },
    "spectral_complexity": {
        "dmean": 2.8511929512,
        "dmean2": 4.52467346191,
        "dvar": 10.3533983231,
        "dvar2": 23.1664924622,
        "max": 57,
        "mean": 17.5612335205,
        "median": 16,
        "min": 0,
        "var": 105.894104004
    },
    "spectral_decrease": {
        "dmean": 2.13065987076e-09,
        "dmean2": 3.27810245615e-09,
        "dvar": 7.5074283738e-18,
        "dvar2": 1.71308178417e-17,
        "max": 7.64308837241e-19,
        "mean": -6.55987797415e-09,
        "median": -5.72075542493e-09,
        "min": -3.4466154375e-08,
        "var": 2.33108000034e-17
    },
    "spectral_energy": {
        "dmean": 0.00835346896201,
        "dmean2": 0.0128207849339,
        "dvar": 0.000113485373731,
        "dvar2": 0.000257776438957,
        "max": 0.135347217321,
        "mean": 0.0264507457614,
        "median": 0.0233698561788,
        "min": 1.06793645738e-20,
        "var": 0.000368498323951
    },
    "spectral_energyband_high": {
        "dmean": 0.000224132032599,
        "dmean2": 0.000319192535244,
        "dvar": 7.94618472355e-07,
        "dvar2": 1.39536120969e-06,
        "max": 0.0464066043496,
        "mean": 0.000517031294294,
        "median": 0.000204045500141,
        "min": 7.05252736234e-21,
        "var": 2.15340651266e-06
    },
    "spectral_energyband_low": {
        "dmean": 0.00334339123219,
        "dmean2": 0.00549177266657,
        "dvar": 3.79467783205e-05,
        "dvar2": 9.50889734668e-05,
        "max": 0.0808383151889,
        "mean": 0.00582272931933,
        "median": 0.00352296326309,
        "min": 1.6819458608e-22,
        "var": 5.72706339881e-05
    },
    "spectral_energyband_middle_high": {
        "dmean": 0.0016755865654,
        "dmean2": 0.00255103153177,
        "dvar": 6.63088303554e-06,
        "dvar2": 1.5058973986e-05,
        "max": 0.0502906516194,
        "mean": 0.00569390691817,
        "median": 0.00363770220429,
        "min": 2.11515616016e-21,
        "var": 4.27721424785e-05
    },
    "spectral_energyband_middle_low": {
        "dmean": 0.00626466143876,
        "dmean2": 0.00976345129311,
        "dvar": 8.22049696581e-05,
        "dvar2": 0.000190170554561,
        "max": 0.117476411164,
        "mean": 0.0151942232624,
        "median": 0.0109473764896,
        "min": 2.63540707463e-22,
        "var": 0.000198614841793
    },
    "spectral_entropy": {
        "dmean": 0.172088578343,
        "dmean2": 0.262825936079,
        "dvar": 0.0350146591663,
        "dvar2": 0.0728583261371,
        "max": 9.79613208771,
        "mean": 7.22600984573,
        "median": 7.37534666061,
        "min": 4.81968832016,
        "var": 0.375634342432
    },
    "spectral_flux": {
        "dmean": 0.0228880159557,
        "dmean2": 0.0365204960108,
        "dvar": 0.000587106915191,
        "dvar2": 0.0013762722956,
        "max": 0.289116889238,
        "mean": 0.0786523967981,
        "median": 0.0739905163646,
        "min": 1.03341009361e-10,
        "var": 0.00186375528574
    },
    "spectral_kurtosis": {
        "dmean": 2.64056968689,
        "dmean2": 4.37005090714,
        "dvar": 31.4547843933,
        "dvar2": 85.7163085938,
        "max": 276.637268066,
        "mean": 8.78481769562,
        "median": 5.93772888184,
        "min": -1.3890376091,
        "var": 268.879943848
    },
    "spectral_rms": {
        "dmean": 0.000751294894144,
        "dmean2": 0.001134701306,
        "dvar": 6.12428436852e-07,
        "dvar2": 1.31657168367e-06,
        "max": 0.0114911301062,
        "mean": 0.00470603490248,
        "median": 0.00477491971105,
        "min": 3.22783097993e-12,
        "var": 3.65888422493e-06
    },
    "spectral_rolloff": {
        "dmean": 340.858123779,
        "dmean2": 572.969482422,
        "dvar": 440363.15625,
        "dvar2": 895954.9375,
        "max": 19250.6835938,
        "mean": 1239.8293457,
        "median": 882.861328125,
        "min": 64.599609375,
        "var": 1538738.875
    },
    "spectral_skewness": {
        "dmean": 0.2757422328,
        "dmean2": 0.438301026821,
        "dvar": 0.128031209111,
        "dvar2": 0.330392420292,
        "max": 14.134475708,
        "mean": 1.98001933098,
        "median": 1.80769062042,
        "min": -0.361719489098,
        "var": 1.1723446846
    },
    "spectral_spread": {
        "dmean": 436921.375,
        "dmean2": 655955.1875,
        "dvar": 341770108928,
        "dvar2": 604916023296,
        "max": 40013040,
        "mean": 3936102.75,
        "median": 3775760.75,
        "min": 317566,
        "var": 1.94024400486e+12
    },
    "spectral_strongpeak": {
        "dmean": 0.657090783119,
        "dmean2": 1.10067653656,
        "dvar": 1.03430509567,
        "dvar2": 2.50495529175,
        "max": 14.4697113037,
        "mean": 1.21198034286,
        "median": 0.589531838894,
        "min": 0,
        "var": 2.07757949829
    },
    "zerocrossingrate": {
        "dmean": 0.00719751231372,
        "dmean2": 0.00878613255918,
        "dvar": 0.000110119050078,
        "dvar2": 0.000109959379188,
        "max": 0.51611328125,
        "mean": 0.0491469725966,
        "median": 0.046875,
        "min": 0.00732421875,
        "var": 0.00104881601874
    },
    "barkbands": {
        "dmean": [0.000115101189294, 0.00203974870965, 0.00154006911907, 0.00116907421034, 0.00341730122454, 0.00108695589006, 0.00156010116916, 0.00101151084527, 0.00084418465849, 0.000575132784434, 0.000435403548181, 0.000302552274661, 0.000294653611491, 0.0002747757826, 0.000263052585069, 0.000341832928825, 0.000352006492903, 0.000131796434289, 9.55172145041e-05, 5.9604884882e-05, 7.42859192542e-05, 6.45221298328e-05, 4.22901721322e-05, 3.05488756567e-05, 1.8467550035e-05, 8.72089185577e-06, 3.3843282381e-06],
        "dmean2": [0.000170353610883, 0.00336066959426, 0.00261442642659, 0.00194937456399, 0.00550657417625, 0.0017346694367, 0.00246523832902, 0.00157482305076, 0.00131790502928, 0.000876479665749, 0.00067129987292, 0.000470439263154, 0.000472579937195, 0.000443564145826, 0.000413765432313, 0.000550533644855, 0.000563091773074, 0.00021288676362, 0.000153123211931, 9.50711619225e-05, 0.000119760930829, 9.49771274463e-05, 5.69010080653e-05, 4.44133402198e-05, 2.75970287476e-05, 1.37802253448e-05, 5.6142412177e-06],
        "dvar": [8.93283313985e-08, 2.26250467676e-05, 7.44577300793e-06, 2.82479254565e-06, 4.36123991676e-05, 8.61798889673e-06, 2.11410297197e-05, 8.50704418554e-06, 4.81276401842e-06, 2.45423211709e-06, 1.67721930211e-06, 1.00387603652e-06, 5.68849202409e-07, 4.74465792877e-07, 3.32757736032e-07, 5.81272445288e-07, 4.29264986224e-07, 6.76950975276e-08, 2.72078963803e-08, 1.40541143168e-08, 4.00441138027e-08, 9.98207099201e-08, 6.43346638185e-08, 8.53009538559e-08, 3.31804947962e-08, 8.72971805954e-10, 6.92225513022e-11],
        "dvar2": [1.97190104245e-07, 5.62538843951e-05, 2.05169817491e-05, 7.63498974266e-06, 0.000109136562969, 1.94454078155e-05, 4.86488243041e-05, 1.88710328075e-05, 1.16043474918e-05, 5.31313025931e-06, 3.76053071705e-06, 2.33362266044e-06, 1.35598725137e-06, 1.1745825077e-06, 7.40140819744e-07, 1.49186541876e-06, 1.01617433756e-06, 1.649731729e-07, 6.58374972318e-08, 3.28774092395e-08, 9.10622830474e-08, 2.0057764516e-07, 1.17763732987e-07, 1.67106222193e-07, 6.59945627035e-08, 1.60265489768e-09, 1.79430206804e-10],
        "max": [0.00506090186536, 0.0613219514489, 0.0493334494531, 0.0252245161682, 0.0887514129281, 0.078762434423, 0.109481476247, 0.080713301897, 0.0565088354051, 0.0456098355353, 0.0389157682657, 0.0362101905048, 0.0278566200286, 0.018254218623, 0.0304389130324, 0.0149694038555, 0.0164894871414, 0.00713285896927, 0.00354307331145, 0.00394913461059, 0.00666597718373, 0.00952318962663, 0.0140671012923, 0.0179979931563, 0.0195421483368, 0.00252264481969, 0.000152561435243],
        "mean": [0.000174866974703, 0.00271495827474, 0.00228685466573, 0.00194825883955, 0.00512988958508, 0.00193286372814, 0.00274769566022, 0.00154963613022, 0.00157135224435, 0.00118088140152, 0.000794403429609, 0.000529240584001, 0.000501659873407, 0.000470456085168, 0.000510040728841, 0.000641216291115, 0.00070351397153, 0.000262460758677, 0.000217246706598, 0.000132919754833, 0.000157285743626, 0.000117401395983, 7.36182773835e-05, 4.82563737023e-05, 3.29181530105e-05, 1.63401855389e-05, 4.56407906313e-06],
        "median": [1.81269570021e-05, 0.00110868818592, 0.00112115521915, 0.00117329298519, 0.00283978972584, 0.000609983399045, 0.000711098895408, 0.00046075618593, 0.000345906184521, 0.000168523998582, 0.000121327240777, 0.000119561744214, 0.000129674037453, 0.000129947904497, 0.000172795262188, 0.000205478369026, 0.00026557315141, 0.000104133228888, 0.000101139390608, 5.98130282015e-05, 4.205330697e-05, 2.89011095447e-05, 1.3595744349e-05, 1.34654164867e-05, 1.81564264494e-05, 9.91106207948e-06, 1.82982557817e-06],
        "min": [7.59921826903e-23, 5.53035923206e-23, 6.15165345924e-23, 2.74216728125e-23, 6.65611296873e-23, 2.88721103381e-23, 3.1712003286e-23, 5.6727290617e-23, 2.00808866382e-23, 3.05523455698e-22, 9.40588455356e-23, 1.61050434531e-22, 6.34551255571e-23, 1.36947906599e-22, 1.27615732577e-22, 2.11255738728e-22, 1.33616199897e-22, 3.89216448058e-22, 3.70857698419e-22, 2.83943932133e-22, 3.52080890365e-22, 5.01972616023e-22, 4.44575046072e-22, 7.81591974809e-22, 1.17958913894e-21, 1.32602797624e-21, 2.52945045853e-21],
        "var": [1.31277758442e-07, 2.50674638664e-05, 1.11763965833e-05, 5.74281239096e-06, 5.4281703342e-05, 2.17624674406e-05, 5.42364541616e-05, 1.63244039868e-05, 1.31780243464e-05, 1.12648822324e-05, 5.11151756655e-06, 3.14402336699e-06, 1.21415405374e-06, 1.04489959085e-06, 1.01849241219e-06, 1.27275222894e-06, 1.14864542411e-06, 1.61335663051e-07, 8.83057538204e-08, 4.37179075163e-08, 9.40134015082e-08, 2.68262169811e-07, 1.40274750038e-07, 1.3445604452e-07, 4.87628071255e-08, 1.76354353343e-09, 8.09800837498e-11]
    },
    "erbbands": {
        "dmean": [0.0660013109446, 0.45700982213, 1.57648861408, 2.41567802429, 11.6186408997, 9.78295707703, 3.43433213234, 10.8126678467, 19.0718307495, 26.7618179321, 19.7632980347, 18.210149765, 16.4810466766, 18.7173137665, 14.4177379608, 11.8537082672, 12.6288385391, 14.0387172699, 13.3323984146, 11.0693950653, 22.1745414734, 17.3634967804, 7.13803911209, 5.41317796707, 4.39099359512, 2.6968793869, 2.77734875679, 3.13619685173, 2.46165204048, 1.59681952, 1.18350851536, 0.867517828941, 0.403313189745, 0.275562912226, 0.0932300835848, 0.0450300052762, 0.0159295257181, 0.00400483654812, 0.000538524240255, 3.43250394508e-05],
        "dmean2": [0.103998579085, 0.77920371294, 2.68427610397, 4.05876016617, 18.8120307922, 15.9667835236, 5.57892417908, 17.1410808563, 30.3389701843, 42.4829940796, 30.3922080994, 27.9356403351, 26.1825332642, 27.8039798737, 21.724281311, 18.6178302765, 20.1164245605, 22.3647384644, 21.1437034607, 17.4377346039, 35.4192047119, 27.6054058075, 11.4971914291, 8.73461437225, 6.96917295456, 4.25109195709, 4.52654409409, 5.00416183472, 3.63989567757, 2.27996730804, 1.62398612499, 1.24600577354, 0.583109021187, 0.417925477028, 0.135281935334, 0.0717881545424, 0.025327378884, 0.00644790194929, 0.000900891900528, 5.47134732187e-05],
        "dvar": [0.030219135806, 1.04084718227, 7.82139253616, 12.4161596298, 401.603485107, 464.643066406, 56.6140327454, 1044.8293457, 3396.08862305, 5349.24902344, 3051.20092773, 2494.23510742, 1857.90466309, 2542.04077148, 1771.4777832, 1404.63623047, 998.276794434, 1444.07409668, 879.651062012, 593.35168457, 2347.12353516, 1057.1105957, 189.083389282, 91.8155975342, 67.2016296387, 29.8734798431, 44.8171234131, 88.3360748291, 145.146240234, 70.6352386475, 51.2769889832, 80.6778030396, 10.6962852478, 7.32487535477, 0.649684548378, 0.0379922166467, 0.00214637070894, 8.57538179844e-05, 1.75344337094e-06, 5.48502887554e-09],
        "dvar2": [0.0711274519563, 2.74813532829, 21.5223731995, 34.3406639099, 1026.85046387, 1188.80310059, 133.961975098, 2294.79638672, 7827.53759766, 12042.7373047, 7162.03662109, 5879.79199219, 4258.90478516, 5273.23730469, 3750.13232422, 3434.98876953, 2343.14013672, 3538.23217773, 2029.6138916, 1360.70678711, 5980.56835938, 2493.79248047, 457.250640869, 232.139266968, 159.266067505, 67.9005661011, 106.011253357, 194.703369141, 300.518920898, 144.628158569, 88.4271850586, 167.407684326, 18.8792934418, 15.6290616989, 1.07048654556, 0.0648878291249, 0.00448275357485, 0.000210485770367, 4.55592180515e-06, 1.37441649173e-08],
        "max": [2.67104411125, 13.8622598648, 43.4274482727, 52.3726577759, 359.874603271, 305.841094971, 244.759994507, 945.215576172, 1617.44165039, 2215.69555664, 1883.0390625, 1456.21044922, 1308.25512695, 1434.93395996, 1360.92370605, 1640.92480469, 1100.59521484, 1087.86108398, 1648.35253906, 673.104431152, 862.288635254, 977.651916504, 388.493682861, 202.361740112, 246.562973022, 181.394271851, 175.032745361, 279.549194336, 340.39855957, 339.681884766, 380.28036499, 585.330505371, 230.890625, 273.11541748, 92.6871490479, 18.2436065674, 3.41888189316, 0.307936966419, 0.0228075012565, 0.00148860015906],
        "mean": [0.0882264301181, 0.58629745245, 2.36697912216, 4.5978884697, 17.814573288, 14.0144901276, 6.3420343399, 18.9770641327, 33.6841430664, 45.3512229919, 34.2002944946, 35.2789459229, 31.6143436432, 41.0108909607, 28.5274715424, 22.2532958984, 23.6613101959, 26.0737171173, 26.6628570557, 23.6880474091, 44.3228683472, 36.8129005432, 16.0640277863, 12.5569124222, 9.73924732208, 6.19552183151, 6.02771854401, 6.18224239349, 4.4859623909, 2.88568997383, 2.02237272263, 1.2969301939, 0.680683553219, 0.453068435192, 0.170115813613, 0.0871524065733, 0.0266328956932, 0.00609363103285, 0.000688193598762, 6.83607286192e-05],
        "median": [0.029965987429, 0.251815885305, 1.19449567795, 3.17435479164, 9.72947692871, 7.11450719833, 3.54830145836, 5.53997707367, 8.39523601532, 13.2947740555, 11.6196308136, 8.99011707306, 8.202252388, 6.52477741241, 6.32308769226, 7.12126779556, 7.30496406555, 8.01916885376, 10.0700139999, 9.22577285767, 14.8138742447, 15.6595211029, 7.48910999298, 5.46232843399, 4.81730937958, 2.87937116623, 1.71963500977, 1.6514043808, 1.11622369289, 0.693713188171, 0.364051729441, 0.276959270239, 0.250804871321, 0.224669978023, 0.0955786854029, 0.0552489906549, 0.0145594095811, 0.00282858079299, 0.000286389549728, 4.94855594297e-05],
        "min": [2.48915670567e-21, 9.92634264184e-21, 5.98058626836e-20, 7.79050720871e-20, 2.37996354145e-19, 1.52601562277e-19, 2.45680500144e-19, 2.19918140912e-19, 2.83038535697e-19, 9.2778324923e-19, 1.16775268763e-18, 5.01709856932e-19, 5.93041349906e-18, 6.87348087466e-18, 3.90869557365e-18, 6.6527518641e-18, 3.73920585255e-18, 6.57139451495e-18, 7.52366510205e-18, 8.18151605295e-18, 9.25561338707e-18, 8.48247992856e-18, 2.03541372024e-17, 1.49495061705e-17, 2.00972595719e-17, 1.6853778511e-17, 1.63998664586e-17, 1.30246502676e-17, 1.87891809667e-17, 1.32580773278e-17, 1.37069576405e-17, 1.75661365284e-17, 1.15029746031e-17, 1.28495692192e-17, 8.58265811819e-18, 4.31602081397e-18, 2.66425983112e-18, 1.20985886915e-18, 3.3407477816e-19, 3.9805246164e-20],
        "var": [0.0350158177316, 1.04592430592, 11.5164642334, 24.046661377, 582.448303223, 524.72644043, 107.701835632, 2610.22753906, 8818.91113281, 12171.2285156, 5801.84472656, 7011.265625, 5171.52099609, 12697.6611328, 5719.79003906, 3345.09912109, 2211.08789062, 3397.41625977, 2765.16186523, 1704.93835449, 5504.84228516, 2945.1706543, 513.605529785, 287.328613281, 196.700881958, 91.1069717407, 117.181404114, 198.877456665, 380.006225586, 163.498275757, 115.975990295, 112.971717834, 19.4238872528, 9.73744297028, 1.21237874031, 0.0788187608123, 0.00381162925623, 0.000122552344692, 1.94758627003e-06, 7.40654115816e-09]
    },
    "gfcc": {
        "mean": [-20.9197902679, 104.725143433, -111.314331055, 22.1149082184, -52.7274475098, -1.8483556509, -40.5993347168, 4.57354259491, -21.6660366058, -3.48936271667, -23.414106369, -6.0536904335, -13.9040822983],
        "cov": [[11008.2421875, -2166.67041016, -796.290405273, 670.113586426, 607.285766602, 885.345092773, 206.405593872, 553.435119629, -252.946609497, 428.085601807, -169.043365479, 441.848327637, -46.9145355225], [-2166.67041016, 1422.12390137, -88.0848007202, -367.198760986, -24.052740097, -317.300720215, 40.1071281433, -174.027420044, 80.6617965698, -208.243148804, 73.0190658569, -169.239318848, 46.2133293152], [-796.290405273, -88.0848007202, 850.637634277, 65.1414413452, -65.327293396, 66.7211227417, 6.91726303101, 27.5293598175, 51.5412559509, 109.953163147, 19.8441696167, 52.9682693481, -14.8524808884], [670.113586426, -367.198760986, 65.1414413452, 565.953308105, 106.832130432, 47.6399345398, -26.1804389954, 17.7959289551, 55.7906455994, 72.5776824951, -60.7975997925, 27.2072563171, 43.7874488831], [607.285766602, -24.052740097, -65.327293396, 106.832130432, 546.485656738, 133.641876221, 87.7406539917, 123.60459137, 6.95856571198, 91.462600708, -40.2500343323, 61.1695480347, 46.2140922546], [885.345092773, -317.300720215, 66.7211227417, 47.6399345398, 133.641876221, 326.045166016, 135.345825195, 80.6535186768, -50.3181381226, 69.840927124, -4.63032150269, 72.358543396, -22.5367565155], [206.405593872, 40.1071281433, 6.91726303101, -26.1804389954, 87.7406539917, 135.345825195, 256.716064453, 54.982585907, -46.9020957947, 13.3600120544, 8.22933483124, 28.0722198486, 5.14021682739], [553.435119629, -174.027420044, 27.5293598175, 17.7959289551, 123.60459137, 80.6535186768, 54.982585907, 171.546661377, 14.0538854599, 63.985584259, -10.9772081375, 44.5023498535, -3.51887989044], [-252.946609497, 80.6617965698, 51.5412559509, 55.7906455994, 6.95856571198, -50.3181381226, -46.9020957947, 14.0538854599, 147.328186035, 23.9929122925, -10.6247062683, -21.1550235748, 11.3949127197], [428.085601807, -208.243148804, 109.953163147, 72.5776824951, 91.462600708, 69.840927124, 13.3600120544, 63.985584259, 23.9929122925, 151.77381897, 17.4333724976, 45.3315582275, -4.6411075592], [-169.043365479, 73.0190658569, 19.8441696167, -60.7975997925, -40.2500343323, -4.63032150269, 8.22933483124, -10.9772081375, -10.6247062683, 17.4333724976, 99.1733322144, 18.1882839203, -14.3971977234], [441.848327637, -169.239318848, 52.9682693481, 27.2072563171, 61.1695480347, 72.358543396, 28.0722198486, 44.5023498535, -21.1550235748, 45.3315582275, 18.1882839203, 120.236587524, 24.1253356934], [-46.9145355225, 46.2133293152, -14.8524808884, 43.7874488831, 46.2140922546, -22.5367565155, 5.14021682739, -3.51887989044, 11.3949127197, -4.6411075592, -14.3971977234, 24.1253356934, 79.2530517578]],
        "icov": [[0.000221220878302, -1.40750162245e-05, 0.000345787964761, -0.000202603259822, 0.000140484844451, -0.000380890996894, 0.000155074580107, -0.000405066006351, 0.000301206397125, -0.000471526873298, 0.000432954140706, -0.000557703722734, 0.000275128608337], [-1.40750162245e-05, 0.0026145291049, -0.000488507037517, 0.001347412006, -0.00150826212484, 0.00183722085785, -0.00172549113631, 0.00176858948544, -0.00196550739929, 0.00264565297402, -0.0025515910238, 0.00240252260119, -0.00153385591693], [0.000345787964761, -0.000488507037517, 0.00204214430414, -0.000587259768508, 0.00092034577392, -0.00110389571637, 0.000425641192123, -0.000781794951763, 0.000278731866274, -0.00221496867016, 0.00126550253481, -0.00182686385233, 0.000900038459804], [-0.000202603259822, 0.001347412006, -0.000587259768508, 0.00312008638866, -0.00101676350459, 0.000873092969414, -0.000701658427715, 0.00176950392779, -0.00186413736083, 0.000685560167767, -0.00032098943484, 0.00155761791393, -0.00199857866392], [0.000140484844451, -0.00150826212484, 0.00092034577392, -0.00101676350459, 0.00373131129891, -0.00189188134391, 0.000741068623029, -0.00241548242047, 0.00124225823674, -0.0030498560518, 0.00255611632019, -0.00176570354961, -0.000527583761141], [-0.000380890996894, 0.00183722085785, -0.00110389571637, 0.000873092969414, -0.00189188134391, 0.00751052889973, -0.00373352342285, 0.0015676721232, -0.000728871440515, 0.00158662372269, -0.00136131269392, 0.000195993197849, 0.00145539140794], [0.000155074580107, -0.00172549113631, 0.000425641192123, -0.000701658427715, 0.000741068623029, -0.00373352342285, 0.00687996530905, -0.00272025703453, 0.00265309400856, -0.00124789169058, 0.000853425823152, -0.000840634456836, -0.000539037107956], [-0.000405066006351, 0.00176858948544, -0.000781794951763, 0.00176950392779, -0.00241548242047, 0.0015676721232, -0.00272025703453, 0.0108707444742, -0.00342335621826, 0.00027258915361, -0.000593075586949, 0.00010599946836, 0.000486336328322], [0.000301206397125, -0.00196550739929, 0.000278731866274, -0.00186413736083, 0.00124225823674, -0.000728871440515, 0.00265309400856, -0.00342335621826, 0.0106873773038, -0.00401817215607, 0.00247521721758, -6.90614469931e-05, -0.000150391555508], [-0.000471526873298, 0.00264565297402, -0.00221496867016, 0.000685560167767, -0.0030498560518, 0.00158662372269, -0.00124789169058, 0.00027258915361, -0.00401817215607, 0.0147118773311, -0.00636683963239, 0.00189163221512, -0.000586224370636], [0.000432954140706, -0.0025515910238, 0.00126550253481, -0.00032098943484, 0.00255611632019, -0.00136131269392, 0.000853425823152, -0.000593075586949, 0.00247521721758, -0.00636683963239, 0.0163418147713, -0.00666068447754, 0.00446685776114], [-0.000557703722734, 0.00240252260119, -0.00182686385233, 0.00155761791393, -0.00176570354961, 0.000195993197849, -0.000840634456836, 0.00010599946836, -6.90614469931e-05, 0.00189163221512, -0.00666068447754, 0.0170383229852, -0.00806534662843], [0.000275128608337, -0.00153385591693, 0.000900038459804, -0.00199857866392, -0.000527583761141, 0.00145539140794, -0.000539037107956, 0.000486336328322, -0.000150391555508, -0.000586224370636, 0.00446685776114, -0.00806534662843, 0.0189799461514]]
    },
    "melbands": {
        "dmean": [0.00056060712086, 0.000713893503416, 0.000623756845016, 0.000892698473763, 0.000143369965372, 0.00023812323343, 0.000303957960568, 0.000279148487607, 0.000159172632266, 0.000113159621833, 8.37126062834e-05, 7.80480695539e-05, 5.94991142862e-05, 3.1215211493e-05, 3.45164698956e-05, 2.66862462013e-05, 2.70433210972e-05, 2.23076694965e-05, 1.69239938259e-05, 1.60914023581e-05, 3.13214150083e-05, 2.24272935156e-05, 9.35770276556e-06, 6.2970802901e-06, 4.71264638691e-06, 3.85977637052e-06, 2.54224050877e-06, 1.87248178918e-06, 1.77235722276e-06, 2.07830680665e-06, 1.85308067557e-06, 1.51665119574e-06, 1.23064489799e-06, 8.28613053727e-07, 7.2112129601e-07, 6.51605432722e-07, 5.03852390921e-07, 2.98039225299e-07, 2.61412424152e-07, 2.41892280428e-07],
        "dmean2": [0.000905316148419, 0.00121629028581, 0.00102312851232, 0.00144375651143, 0.000234777413425, 0.000380021403544, 0.000480618851725, 0.000442520715296, 0.000244504073635, 0.000174563378096, 0.000133012974402, 0.000115912669571, 9.08254369278e-05, 4.77188332297e-05, 5.51492012164e-05, 4.23280216637e-05, 4.34219364251e-05, 3.53793220711e-05, 2.67483592324e-05, 2.57059327851e-05, 5.0158774684e-05, 3.59044315701e-05, 1.51362773977e-05, 1.02665580926e-05, 7.67218989495e-06, 6.20811124463e-06, 4.09296217185e-06, 3.00049828184e-06, 2.90873754238e-06, 3.40714154845e-06, 2.97012957162e-06, 2.31935314332e-06, 1.8128650936e-06, 1.19623132377e-06, 1.02749379494e-06, 9.20357649647e-07, 7.42618340155e-07, 4.33280547441e-07, 3.92131909166e-07, 3.72046741859e-07],
        "dvar": [1.95105985767e-06, 1.64997675256e-06, 7.51664288146e-07, 3.10175596496e-06, 8.08230495863e-08, 4.61540395236e-07, 8.42122972244e-07, 5.7322080238e-07, 1.92342014316e-07, 8.77408439237e-08, 4.79338666537e-08, 4.75098467234e-08, 3.23659676837e-08, 1.45650025374e-08, 9.84347181543e-09, 4.8074437764e-09, 5.56902035598e-09, 2.33282659856e-09, 1.57129531608e-09, 1.48171419578e-09, 4.63820093444e-09, 1.8214567632e-09, 3.73600733683e-10, 1.67959562924e-10, 7.15034004228e-11, 5.42796640968e-11, 2.4315442021e-11, 1.56707372773e-11, 1.57499100567e-11, 3.32058200381e-11, 3.74145332771e-11, 5.44741300679e-11, 4.51619505681e-11, 2.14629616163e-11, 1.80458217813e-11, 2.75918697612e-11, 3.43748605969e-11, 6.00178327176e-12, 4.29029685042e-12, 6.95717875671e-12],
        "dvar2": [4.72109513794e-06, 4.48472928838e-06, 1.97923236556e-06, 7.75863645686e-06, 2.0447339466e-07, 1.0309896652e-06, 1.92881748262e-06, 1.27324187815e-06, 4.60280858761e-07, 2.05681587317e-07, 1.0923466931e-07, 9.88047617057e-08, 7.16393344646e-08, 3.16761479269e-08, 2.49426594934e-08, 1.13579048389e-08, 1.35659572464e-08, 5.52222934047e-09, 3.43866735086e-09, 3.70755937062e-09, 1.16763008151e-08, 4.35445102198e-09, 8.97520724408e-10, 4.11352701901e-10, 1.8345933106e-10, 1.29269706051e-10, 5.73894334832e-11, 3.74217462573e-11, 3.88058925271e-11, 8.05499347778e-11, 8.56894763479e-11, 1.1587403953e-10, 9.43837924483e-11, 4.71338350294e-11, 3.304245072e-11, 5.37572278358e-11, 7.32360769251e-11, 1.1457681158e-11, 8.4340373227e-12, 1.54585389628e-11],
        "max": [0.0198162086308, 0.019385188818, 0.0155490841717, 0.0235494542867, 0.00653127487749, 0.0189136359841, 0.0242276750505, 0.0237236116081, 0.0128719666973, 0.00780338142067, 0.00700482819229, 0.00638314941898, 0.00485713314265, 0.00484835216776, 0.00299953925423, 0.00345752108842, 0.00238728965633, 0.00222622440197, 0.00163633492775, 0.00153751682956, 0.0012449293863, 0.00126031693071, 0.000505950767547, 0.000448587350547, 0.000166651399923, 0.000189661877812, 0.000153749992023, 0.000116009861813, 9.95007940219e-05, 0.000224119459745, 0.000190677295905, 0.000236429274082, 0.000250876531936, 0.000233424187172, 0.000207093500649, 0.000306747388095, 0.000393413938582, 0.000170672516106, 0.000167024656548, 0.000274979916867],
        "mean": [0.000754922395572, 0.00108477345202, 0.00120155373588, 0.00130990298931, 0.000253674836131, 0.000421345437644, 0.00054482097039, 0.000460384064354, 0.000281876942609, 0.000211363076232, 0.000155300076585, 0.000167938444065, 0.000111792614916, 5.86327150813e-05, 5.85670677538e-05, 4.8054378567e-05, 4.69971673738e-05, 4.16810798924e-05, 3.25192304444e-05, 3.12128795485e-05, 5.8471410739e-05, 4.36134141637e-05, 1.89593756659e-05, 1.20244030768e-05, 9.91044635157e-06, 7.93840263213e-06, 5.27187512489e-06, 3.83233964385e-06, 3.63393792213e-06, 3.92983656639e-06, 3.41191457665e-06, 2.60401202468e-06, 2.04416483029e-06, 1.44084413023e-06, 1.2034726069e-06, 9.61076239037e-07, 7.25749714547e-07, 4.65626186497e-07, 4.41120931782e-07, 3.67755603747e-07],
        "median": [0.000301391555695, 0.000571257842239, 0.000818953267299, 0.000713879882824, 0.000144001518493, 0.000123709367472, 0.000137885552249, 0.000133103749249, 8.23817172204e-05, 4.82851974084e-05, 3.29016620526e-05, 2.24173254537e-05, 1.99921705644e-05, 1.27546209114e-05, 1.76903577085e-05, 1.31230417537e-05, 1.19509395518e-05, 1.38418827191e-05, 1.15168995762e-05, 1.14746853797e-05, 1.67446924024e-05, 1.60932904691e-05, 7.43773489376e-06, 4.6535619731e-06, 3.96416044168e-06, 3.49957485923e-06, 2.62787420979e-06, 1.52434165557e-06, 1.04438515791e-06, 8.80808045167e-07, 9.78990897238e-07, 6.01350791385e-07, 4.25405033866e-07, 3.41031864082e-07, 2.06758002719e-07, 1.51565885176e-07, 1.69637587533e-07, 1.47422198893e-07, 2.13875310351e-07, 1.75113470391e-07],
        "min": [2.28331276732e-23, 2.62788531745e-23, 1.9799291694e-23, 1.53402144065e-23, 7.42826848211e-24, 4.71590081598e-24, 5.10488063417e-24, 1.12607701187e-23, 7.89778981543e-24, 2.92697333108e-24, 3.40948018265e-23, 3.31010421897e-23, 1.37059675567e-23, 1.53810821345e-23, 1.46214753471e-23, 7.84750151044e-24, 1.19193845664e-23, 1.25342582547e-23, 8.0403046377e-24, 1.71957982713e-23, 8.52744044617e-24, 7.13160787237e-24, 1.55314768884e-23, 1.96079171938e-23, 1.06642776784e-23, 1.4614710076e-23, 1.06139507192e-23, 1.12266763392e-23, 1.05502462568e-23, 7.46436991257e-24, 7.91958288679e-24, 1.24611261156e-23, 6.99426797763e-24, 7.16744109013e-24, 8.10224047395e-24, 7.81459260006e-24, 1.17928891426e-23, 7.10054016334e-24, 9.60456611452e-24, 1.12447538757e-23],
        "var": [2.20311403609e-06, 2.26951351578e-06, 1.61708351243e-06, 3.75006038666e-06, 1.32818186671e-07, 1.17330228022e-06, 2.22143535211e-06, 1.27687439999e-06, 4.0524091105e-07, 2.38516378204e-07, 1.35885258601e-07, 2.45911223828e-07, 1.00638530398e-07, 6.0130581403e-08, 1.45352210268e-08, 1.19336158733e-08, 1.24356649422e-08, 6.92179158435e-09, 4.23330792643e-09, 3.07470959804e-09, 1.04853912219e-08, 4.66285365874e-09, 9.49779144221e-10, 3.67259611611e-10, 1.99652891442e-10, 1.52649448637e-10, 6.0742147423e-11, 4.19684877129e-11, 4.14970141582e-11, 6.6025122869e-11, 7.53814996535e-11, 1.33652006129e-10, 1.06178836556e-10, 4.07559680449e-11, 3.99259271477e-11, 4.48062559277e-11, 4.48070920644e-11, 1.00292673472e-11, 6.83491761452e-12, 8.36414618122e-12]
    },
    "mfcc": {
        "mean": [-666.104248047, 138.302963257, -1.71440577507, 24.7660255432, 5.13691663742, -3.05255484581, -8.65859031677, -1.39010822773, 2.33097410202, -2.63393378258, -2.14434814453, -3.56716370583, -2.93512320518],
        "cov": [[7906.09814453, -1187.68457031, -1051.36450195, 179.56729126, 339.964904785, 462.438903809, 507.71194458, 306.830444336, 365.289215088, 25.5160140991, 237.136932373, 296.536468506, -56.5839195251], [-1187.68457031, 1182.01647949, -102.906677246, -219.034042358, -88.920501709, -185.75743103, -24.7549285889, -24.3283462524, -67.8375473022, -28.128616333, -22.7123069763, -81.2058944702, -1.66875743866], [-1051.36450195, -102.906677246, 852.654724121, 13.3221273422, -109.442115784, 14.9733057022, -96.5754852295, -42.2809143066, -65.2449417114, 19.6568870544, 1.31941843033, -21.4685897827, 69.5013580322], [179.56729126, -219.034042358, 13.3221273422, 423.750427246, 144.383743286, 51.8532829285, -46.0256347656, -34.359210968, 101.290557861, 23.455488205, -29.2703037262, 27.3149681091, 10.3752861023], [339.964904785, -88.920501709, -109.442115784, 144.383743286, 355.523590088, 74.5480651855, 10.2377252579, -1.63231694698, 107.949836731, 22.3401317596, 30.5673713684, 45.8043365479, 21.6172351837], [462.438903809, -185.75743103, 14.9733057022, 51.8532829285, 74.5480651855, 236.13369751, 113.474983215, 44.1842956543, 61.1719551086, 13.1323375702, 35.3458213806, 39.9069633484, -12.4585723877], [507.71194458, -24.7549285889, -96.5754852295, -46.0256347656, 10.2377252579, 113.474983215, 313.216796875, 90.4905090332, 49.9551506042, -4.66881036758, 68.3311462402, 39.2349281311, -23.4454803467], [306.830444336, -24.3283462524, -42.2809143066, -34.359210968, -1.63231694698, 44.1842956543, 90.4905090332, 138.474945068, 40.8049468994, -1.6746327877, 26.4662246704, 7.28149223328, -8.68573760986], [365.289215088, -67.8375473022, -65.2449417114, 101.290557861, 107.949836731, 61.1719551086, 49.9551506042, 40.8049468994, 183.229034424, 35.5923271179, 16.8167533875, 30.1065731049, -9.1608915329], [25.5160140991, -28.128616333, 19.6568870544, 23.455488205, 22.3401317596, 13.1323375702, -4.66881036758, -1.6746327877, 35.5923271179, 105.022483826, 25.4346237183, 9.76694774628, -8.4462852478], [237.136932373, -22.7123069763, 1.31941843033, -29.2703037262, 30.5673713684, 35.3458213806, 68.3311462402, 26.4662246704, 16.8167533875, 25.4346237183, 124.563865662, 44.0774612427, 0.0846931636333], [296.536468506, -81.2058944702, -21.4685897827, 27.3149681091, 45.8043365479, 39.9069633484, 39.2349281311, 7.28149223328, 30.1065731049, 9.76694774628, 44.0774612427, 103.887153625, 23.4668045044], [-56.5839195251, -1.66875743866, 69.5013580322, 10.3752861023, 21.6172351837, -12.4585723877, -23.4454803467, -8.68573760986, -9.1608915329, -8.4462852478, 0.0846931636333, 23.4668045044, 109.586601257]],
