{
"lowlevel": {
    "average_loudness": 0.666130721569,
    "barkbands_crest": {
        "dmean": 1.87002301216,
        "dmean2": 2.88360953331,
        "dvar": 3.3504152298,
        "dvar2": 8.54049682617,
        "max": 26.4975662231,
        "mean": 10.7808589935,
        "median": 9.98694324493,
        "min": 3.26151418686,
        "var": 14.6774330139
    },
    "barkbands_flatness_db": {
        "dmean": 0.0284797623754,
        "dmean2": 0.0429101884365,
        "dvar": 0.00147138512693,
        "dvar2": 0.0031310999766,
        "max": 0.769462406635,
        "mean": 0.276812970638,
        "median": 0.243689671159,
        "min": 0.0347271151841,
        "var": 0.012392507866
    },
    "barkbands_kurtosis": {
        "dmean": 3.99831748009,
        "dmean2": 6.06362056732,
        "dvar": 32.2692489624,
        "dvar2": 72.2637023926,
        "max": 178.0990448,
        "mean": 8.34071063995,
        "median": 5.56400585175,
        "min": -1.84408187866,
        "var": 103.008369446
    },
    "barkbands_skewness": {
        "dmean": 0.581696629524,
        "dmean2": 0.857144236565,
        "dvar": 0.356550484896,
        "dvar2": 0.807775259018,
        "max": 11.6929073334,
        "mean": 2.05941224098,
        "median": 2.02652311325,
        "min": -5.09662532806,
        "var": 1.82015049458
    },
    "barkbands_spread": {
        "dmean": 2.71562623978,
        "dmean2": 4.10737419128,
        "dvar": 12.9189548492,
        "dvar2": 26.2137546539,
        "max": 70.8559875488,
        "mean": 10.8753213882,
        "median": 9.54224205017,
        "min": 0.322003126144,
        "var": 57.7698364258
    },
    "dissonance": {
        "dmean": 0.0358986482024,
        "dmean2": 0.0608702003956,
        "dvar": 0.00136750855017,
        "dvar2": 0.00378624815494,
        "max": 0.499999910593,
        "mean": 0.404193013906,
        "median": 0.43048864603,
        "min": 0.0819855555892,
        "var": 0.00622171536088
    },
    "dynamic_complexity": 3.16441822052,
    "erbbands_crest": {
        "dmean": 2.78278112411,
        "dmean2": 4.46303844452,
        "dvar": 7.56450843811,
        "dvar2": 20.5088405609,
        "max": 33.3802375793,
        "mean": 12.3271150589,
        "median": 10.9097776413,
        "min": 2.42504692078,
        "var": 32.1886367798
    },
    "erbbands_flatness_db": {
        "dmean": 0.0208147931844,
        "dmean2": 0.0326943807304,
        "dvar": 0.000726096448489,
        "dvar2": 0.00174996058922,
        "max": 0.616130709648,
        "mean": 0.258550882339,
        "median": 0.222135737538,
        "min": 0.059825565666,
        "var": 0.0089079849422
    },
    "erbbands_kurtosis": {
        "dmean": 1.94188332558,
        "dmean2": 3.08827066422,
        "dvar": 17.4144115448,
        "dvar2": 44.5332145691,
        "max": 94.2055358887,
        "mean": 2.65504860878,
        "median": 0.565454244614,
        "min": -1.78317713737,
        "var": 57.0050125122
    },
    "erbbands_skewness": {
        "dmean": 0.444852858782,
        "dmean2": 0.677851855755,
        "dvar": 0.231641978025,
        "dvar2": 0.562502563,
        "max": 7.41445159912,
        "mean": 0.730877935886,
        "median": 0.568172097206,
        "min": -3.41607642174,
        "var": 1.07252418995
    },
    "erbbands_spread": {
        "dmean": 6.53187513351,
        "dmean2": 9.80124568939,
        "dvar": 50.5747451782,
        "dvar2": 106.844909668,
        "max": 111.980262756,
        "mean": 29.7172794342,
        "median": 28.9928665161,
        "min": 0.369300782681,
        "var": 291.442993164
    },
    "hfc": {
        "dmean": 4.77103853226,
        "dmean2": 7.57817745209,
        "dvar": 83.049659729,
        "dvar2": 193.383911133,
        "max": 203.978393555,
        "mean": 12.6714096069,
        "median": 10.0279140472,
        "min": 1.14927521396e-16,
        "var": 154.44909668
    },
    "melbands_crest": {
        "dmean": 2.73762392998,
        "dmean2": 4.16520833969,
        "dvar": 7.43548536301,
        "dvar2": 18.4879512787,
        "max": 34.5621070862,
        "mean": 16.8812294006,
        "median": 16.2814540863,
        "min": 1.75190794468,
        "var": 27.7498416901
    },
    "melbands_flatness_db": {
        "dmean": 0.031420558691,
        "dmean2": 0.0462416522205,
        "dvar": 0.00181665096898,
        "dvar2": 0.00372903933749,
        "max": 0.941536486149,
        "mean": 0.356801301241,
        "median": 0.332043677568,
        "min": 0.00378437293693,
        "var": 0.0147340632975
    },
    "melbands_kurtosis": {
        "dmean": 7.63583183289,
        "dmean2": 11.5469989777,
        "dvar": 117.251449585,
        "dvar2": 266.224853516,
        "max": 245.657913208,
        "mean": 16.6106796265,
        "median": 10.8468732834,
        "min": -1.67181587219,
        "var": 355.897369385
    },
    "melbands_skewness": {
        "dmean": 0.764523625374,
        "dmean2": 1.1229057312,
        "dvar": 0.648956239223,
        "dvar2": 1.43543541431,
        "max": 13.6164474487,
        "mean": 2.78550100327,
        "median": 2.6545009613,
        "min": -5.5393781662,
        "var": 3.20514392853
    },
    "melbands_spread": {
        "dmean": 3.25823450089,
        "dmean2": 4.87342023849,
        "dvar": 23.0556564331,
        "dvar2": 45.8817558289,
        "max": 156.859390259,
        "mean": 11.5795373917,
        "median": 9.26180553436,
        "min": 0.358921170235,
        "var": 113.04800415
    },
    "pitch_salience": {
        "dmean": 0.0600521564484,
        "dmean2": 0.0945735052228,
        "dvar": 0.00425637420267,
        "dvar2": 0.0109722334892,
        "max": 0.929673075676,
        "mean": 0.466253310442,
        "median": 0.454412221909,
        "min": 0.0812775865197,
        "var": 0.0128794787452
    },
    "silence_rate_20dB": {
        "dmean": 0.000192086052266,
        "dmean2": 0.000384209008189,
        "dvar": 0.000192024672288,
        "dvar2": 0.00038412163849,
        "max": 1,
        "mean": 0.999807953835,
        "median": 1,
        "min": 0,
        "var": 0.000192006249563
    },
    "silence_rate_30dB": {
        "dmean": 0.0170956589282,
        "dmean2": 0.0341946035624,
        "dvar": 0.0168019011617,
        "dvar2": 0.0374431088567,
        "max": 1,
        "mean": 0.973014473915,
        "median": 1,
        "min": 0,
        "var": 0.0262586344033
    },
    "silence_rate_60dB": {
        "dmean": 0.0145985400304,
        "dmean2": 0.0291038323194,
        "dvar": 0.0143859265372,
        "dvar2": 0.0309515800327,
        "max": 1,
        "mean": 0.0583885535598,
        "median": 0,
        "min": 0,
        "var": 0.0549868904054
    },
    "spectral_centroid": {
        "dmean": 121.39641571,
        "dmean2": 178.009429932,
        "dvar": 34315.9296875,
        "dvar2": 58395.21875,
        "max": 11164.7265625,
        "mean": 692.987365723,
        "median": 605.126281738,
        "min": 114.504425049,
        "var": 165844.921875
    },
    "spectral_complexity": {
        "dmean": 2.08413362503,
        "dmean2": 3.2709634304,
        "dvar": 5.20179224014,
        "dvar2": 11.3786706924,
        "max": 43,
        "mean": 10.9319124222,
        "median": 11,
        "min": 0,
        "var": 37.8637084961
    },
    "spectral_decrease": {
        "dmean": 2.62826715947e-09,
        "dmean2": 4.05137701165e-09,
        "dvar": 2.27630906326e-17,
        "dvar2": 5.19801686592e-17,
        "max": 1.1733011877e-17,
        "mean": -8.02686006551e-09,
        "median": -6.442430589e-09,
        "min": -1.25260825712e-07,
        "var": 6.13245434891e-17
    },
    "spectral_energy": {
        "dmean": 0.0103019056842,
        "dmean2": 0.0159101188183,
        "dvar": 0.000349237961927,
        "dvar2": 0.000798146356829,
        "max": 0.489223361015,
        "mean": 0.031444594264,
        "median": 0.025293527171,
        "min": 1.05866201788e-20,
        "var": 0.00093067222042
    },
    "spectral_energyband_high": {
        "dmean": 8.03645743872e-05,
        "dmean2": 0.000110677530756,
        "dvar": 1.56291577014e-07,
        "dvar2": 2.43343322381e-07,
        "max": 0.0210560299456,
        "mean": 0.000212865095818,
        "median": 0.000135642927489,
        "min": 7.51744971862e-21,
        "var": 3.34715480221e-07
    },
    "spectral_energyband_low": {
        "dmean": 0.00380030064844,
        "dmean2": 0.00552660040557,
        "dvar": 6.69252331136e-05,
        "dvar2": 0.000168048863998,
        "max": 0.181799605489,
        "mean": 0.0122347809374,
        "median": 0.00837811268866,
        "min": 2.97920641486e-23,
        "var": 0.00020851023146
    },
    "spectral_energyband_middle_high": {
        "dmean": 0.00132252357434,
        "dmean2": 0.00212625972927,
        "dvar": 6.12987423665e-06,
        "dvar2": 1.63443382917e-05,
        "max": 0.0517418384552,
        "mean": 0.00306574464776,
        "median": 0.00240151630715,
        "min": 1.76236746592e-21,
        "var": 9.16668795981e-06
    },
    "spectral_energyband_middle_low": {
        "dmean": 0.00793743226677,
        "dmean2": 0.0122509328648,
        "dvar": 0.000229187324294,
        "dvar2": 0.00052059564041,
        "max": 0.4475299716,
        "mean": 0.0189580302685,
        "median": 0.0136041231453,
        "min": 3.85069286373e-22,
        "var": 0.000494063191582
    },
    "spectral_entropy": {
        "dmean": 0.235555037856,
        "dmean2": 0.358529835939,
        "dvar": 0.110820382833,
        "dvar2": 0.244262188673,
        "max": 9.81598091125,
        "mean": 6.27630138397,
        "median": 6.52240133286,
        "min": 2.84559893608,
        "var": 0.844273984432
    },
    "spectral_flux": {
        "dmean": 0.0261390917003,
        "dmean2": 0.0416327044368,
        "dvar": 0.00135503744241,
        "dvar2": 0.00300479307771,
        "max": 0.469589740038,
        "mean": 0.0657493323088,
        "median": 0.0485130734742,
        "min": 1.02891299647e-10,
        "var": 0.00323737272993
    },
    "spectral_kurtosis": {
        "dmean": 11.8161735535,
        "dmean2": 19.1407375336,
        "dvar": 1112.77416992,
        "dvar2": 2682.64306641,
        "max": 698.681152344,
        "mean": 24.2256278992,
        "median": 10.6008682251,
        "min": -1.21889543533,
        "var": 2597.16577148
    },
    "spectral_rms": {
        "dmean": 0.000810875324532,
        "dmean2": 0.00121660972945,
        "dvar": 1.25179792576e-06,
        "dvar2": 2.90377738565e-06,
        "max": 0.021846992895,
        "mean": 0.00500909006223,
        "median": 0.00496755586937,
        "min": 3.21378427343e-12,
        "var": 5.58667079531e-06
    },
    "spectral_rolloff": {
        "dmean": 193.139038086,
        "dmean2": 329.733215332,
        "dvar": 195331.4375,
        "dvar2": 374389.625,
        "max": 19013.8183594,
        "mean": 779.349914551,
        "median": 602.9296875,
        "min": 107.666015625,
        "var": 1286510.25
    },
    "spectral_skewness": {
        "dmean": 0.66374450922,
        "dmean2": 1.06335604191,
        "dvar": 1.38995683193,
        "dvar2": 3.03007245064,
        "max": 22.33943367,
        "mean": 3.12410926819,
        "median": 2.52413964272,
        "min": -0.0209713056684,
        "var": 5.87149047852
    },
    "spectral_spread": {
        "dmean": 409725.625,
        "dmean2": 655281.4375,
        "dvar": 350207442944,
        "dvar2": 635914289152,
        "max": 39988276,
        "mean": 2877814.75,
        "median": 2858721.25,
        "min": 161621.328125,
        "var": 1.31338574234e+12
    },
    "spectral_strongpeak": {
        "dmean": 0.360953122377,
        "dmean2": 0.608688056469,
        "dvar": 0.347960561514,
        "dvar2": 0.881442844868,
        "max": 7.106508255,
        "mean": 0.816572248936,
        "median": 0.540193974972,
        "min": 0,
        "var": 0.611808419228
    },
    "zerocrossingrate": {
        "dmean": 0.00576656777412,
        "dmean2": 0.00704834982753,
        "dvar": 6.21473081992e-05,
        "dvar2": 7.57752277423e-05,
        "max": 0.5283203125,
        "mean": 0.0373745001853,
        "median": 0.03271484375,
        "min": 0.00341796875,
        "var": 0.000980634475127
    },
    "barkbands": {
        "dmean": [4.59430993942e-05, 0.00115549354814, 0.0022034086287, 0.00214586290531, 0.0021821395494, 0.00132479949389, 0.00259989313781, 0.00152853911277, 0.000678266398609, 0.000351213704562, 0.000203069430427, 0.000394614442484, 0.00019912829157, 0.000407181069022, 0.000142660705023, 7.74677100708e-05, 7.87301760283e-05, 3.65132691513e-05, 2.70125110546e-05, 1.76304765773e-05, 2.28310582315e-05, 1.88115900528e-05, 2.79845116893e-05, 1.1598056517e-05, 1.12885400085e-05, 6.82068184688e-06, 2.97230087654e-07],
        "dmean2": [7.93784711277e-05, 0.00166357681155, 0.00309080677107, 0.00332557316869, 0.00313199684024, 0.00200311746448, 0.00432030623779, 0.0025304928422, 0.00110127928201, 0.000522759801243, 0.000327083806042, 0.000589967821725, 0.000322450825479, 0.00071545393439, 0.000227272335906, 0.000128254236188, 0.000130209285999, 5.8859539422e-05, 4.30395848525e-05, 2.67105842795e-05, 3.03171436826e-05, 2.72276774922e-05, 3.93998489017e-05, 1.70932999026e-05, 1.70733837876e-05, 1.06484194475e-05, 4.61134646912e-07],
        "dvar": [2.14795079501e-07, 1.01779187389e-05, 2.48449614446e-05, 1.87467212527e-05, 2.05548076337e-05, 9.72762427409e-06, 6.17270052317e-05, 1.4724670109e-05, 5.23036305822e-06, 4.52850855481e-07, 1.81649951969e-07, 7.79230560966e-07, 1.20333908171e-07, 1.5824851971e-06, 1.93430963691e-07, 8.02433888225e-08, 6.06673538073e-08, 2.04197831977e-08, 3.66619890002e-09, 5.44905409683e-09, 1.48794674359e-08, 1.62081803534e-09, 3.34551586434e-08, 5.49429435281e-09, 1.01598462976e-09, 3.66625813042e-10, 1.07790183029e-11],
        "dvar2": [5.80427240493e-07, 2.57102874457e-05, 5.98168116994e-05, 5.13324412168e-05, 4.59559087176e-05, 2.13353141589e-05, 0.000149591025547, 3.72263893951e-05, 1.12132402137e-05, 1.03934064555e-06, 4.68918756269e-07, 2.0286495328e-06, 3.04444114363e-07, 4.4613711907e-06, 4.56263336446e-07, 1.97861638185e-07, 1.35447606908e-07, 5.27195815891e-08, 9.06518682342e-09, 1.09817337446e-08, 2.45256028819e-08, 3.15585491073e-09, 6.38554809029e-08, 1.09565139184e-08, 2.20783369365e-09, 8.56998305654e-10, 2.51583944649e-11],
        "max": [0.0273977816105, 0.087197214365, 0.0863046646118, 0.107161417603, 0.0958672687411, 0.115183122456, 0.243574276567, 0.0836412385106, 0.0899596586823, 0.0200720373541, 0.00626213289797, 0.0177389644086, 0.00481743551791, 0.0143632497638, 0.0291768983006, 0.0135257253423, 0.0097155449912, 0.00628763251007, 0.00128651747946, 0.0040051038377, 0.00748265860602, 0.00105395866558, 0.00707540242001, 0.0041056284681, 0.00112844782416, 0.000447005120805, 0.000232218706515],
        "mean": [4.04146121582e-05, 0.00362730864435, 0.00557186733931, 0.00536629976705, 0.00553138228133, 0.00242501730099, 0.00293888989836, 0.00176484626718, 0.000814037339296, 0.00069221155718, 0.000291941309115, 0.000751443440095, 0.000325319997501, 0.000432507746154, 0.000237096566707, 0.000135890732054, 0.000136090035085, 7.49377868487e-05, 5.196154234e-05, 3.1213665352e-05, 5.15477877343e-05, 4.63143005618e-05, 5.01835602336e-05, 2.05318774533e-05, 2.13808125409e-05, 1.34574402182e-05, 4.37777913476e-07],
        "median": [7.91299407865e-06, 0.00119813065976, 0.00297975027934, 0.00287447078153, 0.00287352851592, 0.00091412931215, 0.000305032124743, 0.000167738617165, 0.00016412945115, 0.000178893140401, 4.43382559752e-05, 0.000212499333429, 0.000100764416857, 0.000112441251986, 5.71814016439e-05, 1.9566852643e-05, 2.85879759758e-05, 1.68321621459e-05, 1.47809141708e-05, 6.25876100457e-06, 5.63799130759e-06, 7.22807180864e-06, 2.63384140453e-06, 4.62381535726e-07, 5.36897402981e-07, 9.20774141377e-08, 1.69560565588e-09],
        "min": [6.99253406136e-24, 8.68573011997e-24, 9.41521425372e-24, 2.96826428302e-23, 7.15504603427e-23, 7.82177423196e-23, 2.32526612575e-23, 7.41257630321e-23, 1.01318341171e-22, 1.93329597253e-23, 3.26299249908e-23, 1.40406449512e-22, 4.92442665106e-23, 9.98690143618e-23, 1.29531036368e-22, 1.58597670339e-22, 1.17763415229e-22, 4.00488399492e-22, 3.84189725396e-22, 4.02313911979e-22, 4.2282810729e-22, 6.29517161792e-22, 5.04242566433e-22, 8.06114063146e-22, 1.18113464998e-21, 1.57754702411e-21, 2.5038631934e-21],
        "var": [1.56985080935e-07, 2.8034166462e-05, 6.05371933489e-05, 4.55112494819e-05, 6.28532870905e-05, 2.10242997127e-05, 6.77146017551e-05, 1.80229671969e-05, 7.75227363192e-06, 1.49595462062e-06, 3.62105453178e-07, 2.13391786019e-06, 2.75414691941e-07, 1.11175359052e-06, 2.9563022963e-07, 1.17381055986e-07, 1.14799853179e-07, 3.54446143547e-08, 8.92610252379e-09, 1.04603161688e-08, 3.68726738031e-08, 7.35443350663e-09, 5.33481419041e-08, 9.84870762721e-09, 2.45353137807e-09, 1.31419575222e-09, 2.23799624666e-11]
    },
    "erbbands": {
        "dmean": [0.0114098200575, 0.343707472086, 2.06413984299, 5.05557155609, 8.3677520752, 6.38874149323, 8.12814331055, 11.9979944229, 30.7572937012, 34.5697898865, 38.4938316345, 15.2285699844, 13.0994663239, 8.7670955658, 11.7001667023, 15.8275604248, 9.29347801208, 21.6434574127, 9.78402709961, 5.37940359116, 4.0959072113, 4.13553857803, 2.32789850235, 1.71608746052, 0.924059391022, 0.708596587181, 0.944894731045, 0.776496112347, 0.737628877163, 0.651085138321, 0.936770796776, 0.269151508808, 0.196872919798, 0.108916394413, 0.0794700458646, 0.0389861613512, 0.0125416945666, 0.000920129765291, 5.7640227169e-05, 1.27663051899e-05],
        "dmean2": [0.0182354357094, 0.490716218948, 2.94269657135, 7.56438350677, 12.7151145935, 8.88843822479, 11.3853406906, 18.8408107758, 50.1321907043, 57.8219604492, 63.7905235291, 24.8303318024, 20.9559345245, 12.2113904953, 18.9977722168, 23.065536499, 15.0476551056, 38.2731437683, 16.0746707916, 8.58920669556, 6.6588511467, 6.85694742203, 3.71141409874, 2.79767465591, 1.40618014336, 1.08347451687, 1.32135021687, 1.04541432858, 1.05239844322, 0.926279246807, 1.35855269432, 0.400346249342, 0.29000711441, 0.161442667246, 0.119163699448, 0.0598996169865, 0.019422840327, 0.00140494597144, 9.13539188332e-05, 1.98484103748e-05],
        "dvar": [0.00478637684137, 0.738458871841, 21.6153335571, 108.748344421, 283.146636963, 265.688842773, 333.92086792, 1087.02246094, 9889.80957031, 14986.4013672, 9587.8359375, 2511.75854492, 1077.15319824, 215.194244385, 780.562927246, 1051.73217773, 288.428405762, 4462.16845703, 687.852539062, 281.826385498, 196.7759552, 192.573562622, 82.7271957397, 17.3614406586, 3.76609349251, 12.187787056, 40.1848526001, 11.2985973358, 2.43588256836, 4.9339017868, 37.7041473389, 4.72521686554, 1.31517338753, 0.217390134931, 0.0518114715815, 0.0137272123247, 0.00238193874247, 2.7091753509e-05, 2.30421605352e-07, 6.61730448215e-10],
        "dvar2": [0.0135598573834, 1.82667016983, 54.1170654297, 270.43548584, 725.508422852, 548.512817383, 746.709411621, 2399.43725586, 22014.9980469, 39258.5820312, 24358.7753906, 5388.72802734, 2628.77075195, 448.383972168, 2194.56787109, 2512.56738281, 742.545715332, 12621.7939453, 1698.9979248, 718.202209473, 458.641540527, 426.484619141, 207.767089844, 44.8209648132, 7.66892814636, 25.0432167053, 80.7020721436, 18.6103572845, 4.54628515244, 10.3598899841, 73.135635376, 8.99362945557, 2.61142086983, 0.472053021193, 0.113386832178, 0.0315119698644, 0.00571708381176, 5.91557000007e-05, 5.87504644045e-07, 1.5324135294e-09],
        "max": [3.64221215248, 19.5858249664, 80.8089370728, 256.517028809, 370.73324585, 464.296600342, 447.674102783, 992.839416504, 4605.88867188, 2185.58081055, 1830.53308105, 1760.3848877, 786.928283691, 489.907226562, 392.918304443, 846.793151855, 239.565628052, 804.373596191, 1305.05175781, 817.20135498, 863.685913086, 567.613464355, 372.676361084, 87.712097168, 67.0479125977, 218.276000977, 372.129699707, 207.190460205, 38.5647468567, 89.0956573486, 234.860641479, 102.384490967, 54.2302513123, 19.8061389923, 5.19903802872, 3.69661593437, 1.3511787653, 0.348113417625, 0.0342032760382, 0.00100985914469],
        "mean": [0.0365137755871, 1.09658527374, 5.76026296616, 13.7688589096, 19.5967311859, 16.3655757904, 18.2931289673, 19.3761749268, 39.7618103027, 32.7929611206, 46.1017570496, 18.4121723175, 17.226316452, 22.1221637726, 17.4753284454, 32.6352844238, 15.9673309326, 23.4132156372, 15.4057636261, 9.69177246094, 7.84825468063, 7.37119150162, 4.93337488174, 3.18567943573, 2.29385972023, 1.27995526791, 1.8668204546, 1.72726142406, 1.77154910564, 1.30983972549, 1.6159350872, 0.432279139757, 0.377992540598, 0.214512735605, 0.167290627956, 0.0793314576149, 0.0270621199161, 0.00178969197441, 0.000105066152173, 3.920684685e-05],
        "median": [0.00843535829335, 0.438047468662, 3.30618691444, 8.38249588013, 10.7960720062, 6.38582086563, 5.70419216156, 5.1806063652, 7.20752811432, 3.48423647881, 4.98098421097, 3.75445723534, 5.52055978775, 6.72052431107, 6.60231113434, 9.55864524841, 6.79207372665, 7.73749446869, 4.80781555176, 2.35086107254, 1.7188949585, 1.56910169125, 1.10308206081, 1.11690437794, 0.609883129597, 0.40500959754, 0.177895575762, 0.395385026932, 0.340319335461, 0.219791591167, 0.139094114304, 0.0333338268101, 0.0115447379649, 0.00601562624797, 0.00374707160518, 0.00116176530719, 0.000180052185897, 2.27735235967e-05, 1.8835418814e-05, 3.08115777443e-05],
        "min": [1.97958459496e-22, 2.17256382753e-21, 1.10203697813e-20, 5.03583873384e-20, 2.33638068744e-19, 1.51121606914e-19, 5.73574843261e-19, 5.72946341092e-19, 2.84616434414e-19, 5.49728932261e-19, 2.21429984087e-18, 2.20235018295e-18, 1.32997200814e-18, 1.01004067428e-18, 2.51301399202e-18, 5.16718387402e-18, 3.04237980555e-18, 4.82195218716e-18, 5.49955207518e-18, 9.12369214144e-18, 6.36825922243e-18, 7.0940911848e-18, 1.284448454e-17, 2.26364509352e-17, 2.51761204089e-17, 1.50607685803e-17, 1.5505182945e-17, 2.03482906899e-17, 2.4316118924e-17, 1.84384266084e-17, 1.52878726719e-17, 1.44685783993e-17, 1.46244854011e-17, 1.05229483841e-17, 9.05847970349e-18, 5.79135161679e-18, 2.94994754197e-18, 1.26315597717e-18, 3.27503371031e-19, 3.81011797851e-20],
        "var": [0.00569308921695, 2.28072714806, 55.6960067749, 297.906280518, 669.838378906, 889.635375977, 1016.57733154, 2041.2409668, 12492.1474609, 13142.0078125, 11910.4746094, 3963.06933594, 1307.1685791, 1489.09887695, 836.400085449, 4498.90234375, 616.45703125, 3059.25830078, 1010.06463623, 396.347106934, 340.169250488, 357.278564453, 146.288360596, 32.4910545349, 21.6336956024, 20.5624237061, 75.8768692017, 28.8384952545, 10.3063850403, 9.75863170624, 57.827583313, 7.56804800034, 2.68566155434, 0.478387236595, 0.167335182428, 0.0450588986278, 0.00957926176488, 7.73011124693e-05, 4.47249448143e-07, 1.86073600972e-09]
    },
    "gfcc": {
        "mean": [-98.2592086792, 143.079299927, -114.042793274, 12.6228408813, -56.8309516907, 3.39598155022, -30.2519893646, -15.3293972015, -23.1473674774, -11.9095191956, -12.4668102264, -3.14761042595, -14.1900310516],
        "cov": [[15801.140625, -1294.83166504, -69.9602127075, 1813.78808594, 585.535644531, 1493.31420898, -1533.72387695, -64.3794555664, -420.889923096, 776.573608398, -1261.3581543, 277.747955322, -307.618774414], [-1294.83166504, 1778.93395996, 423.436187744, -153.538284302, 231.275497437, -336.471954346, 553.056945801, -62.3777198792, 209.007064819, -364.589019775, 45.5356178284, -243.288375854, 173.520980835], [-69.9602127075, 423.436187744, 1820.8651123, 249.533996582, 854.023742676, 596.949462891, 5.13132810593, 87.462020874, -60.4616470337, 249.434646606, -410.664520264, -159.543670654, -166.890686035], [1813.78808594, -153.538284302, 249.533996582, 1077.54443359, 514.49786377, 430.013824463, -115.416778564, -61.9234580994, -120.225379944, -65.8005905151, -222.24937439, -141.505599976, 63.5673065186], [585.535644531, 231.275497437, 854.023742676, 514.49786377, 1272.90722656, 648.888977051, -63.8493461609, 18.7338256836, 36.9736442566, 263.164276123, -691.449890137, -37.172870636, -5.13929033279], [1493.31420898, -336.471954346, 596.949462891, 430.013824463, 648.888977051, 1064.10058594, -112.398277283, 45.4514083862, -193.323196411, 430.626281738, -328.469818115, -211.855484009, 32.3191184998], [-1533.72387695, 553.056945801, 5.13132810593, -115.416778564, -63.8493461609, -112.398277283, 492.995391846, 20.6723918915, 75.0175247192, -180.521713257, 207.147323608, -128.481292725, 58.5663833618], [-64.3794555664, -62.3777198792, 87.462020874, -61.9234580994, 18.7338256836, 45.4514083862, 20.6723918915, 286.59677124, 94.5391464233, 137.017379761, -1.42269420624, -36.7011184692, 29.9605293274], [-420.889923096, 209.007064819, -60.4616470337, -120.225379944, 36.9736442566, -193.323196411, 75.0175247192, 94.5391464233, 340.116790771, -36.0098152161, -13.0576734543, 66.283416748, -75.9174575806], [776.573608398, -364.589019775, 249.434646606, -65.8005905151, 263.164276123, 430.626281738, -180.521713257, 137.017379761, -36.0098152161, 631.70111084, -246.166687012, 45.007900238, -23.7387390137], [-1261.3581543, 45.5356178284, -410.664520264, -222.24937439, -691.449890137, -328.469818115, 207.147323608, -1.42269420624, -13.0576734543, -246.166687012, 967.961120605, -208.72744751, -61.1663703918], [277.747955322, -243.288375854, -159.543670654, -141.505599976, -37.172870636, -211.855484009, -128.481292725, -36.7011184692, 66.283416748, 45.007900238, -208.72744751, 528.294067383, -142.101470947], [-307.618774414, 173.520980835, -166.890686035, 63.5673065186, -5.13929033279, 32.3191184998, 58.5663833618, 29.9605293274, -75.9174575806, -23.7387390137, -61.1663703918, -142.101470947, 441.95111084]],
        "icov": [[0.000219613910303, -0.000430158193922, 0.000239889035583, -0.000411445449572, 0.000424042140367, -0.000465730001451, 0.000769519654568, -0.00028486494557, 0.000156862675794, -9.20168313314e-05, 0.00027373759076, -0.000124120750115, 0.000447824597359], [-0.000430158193922, 0.00247488799505, -0.00100341823418, 0.00106310844421, -0.00131661910564, 0.0016921806382, -0.00279650744051, 0.00142230896745, -0.00102887244429, 0.000392814486986, -0.000461834773887, 0.00082948023919, -0.00162067869678], [0.000239889035583, -0.00100341823418, 0.00143657170702, -0.000370673806174, -1.62244646162e-06, -0.000842517358251, 0.00111319962889, -0.00101488502696, 0.000898229482118, -9.5433460956e-05, 0.000441240146756, 4.53638385807e-05, 0.00136443669908], [-0.000411445449572, 0.00106310844421, -0.000370673806174, 0.00239613372833, -0.0015435583191, 0.000422697514296, -0.00111467333045, 0.000541819841601, -9.9716547993e-05, 0.00112694234122, -0.000589435920119, 0.00047466691467, -0.00101183902007], [0.000424042140367, -0.00131661910564, -1.62244646162e-06, -0.0015435583191, 0.0034890032839, -0.00184466340579, 0.00147837761324, -0.000299050065223, -0.000570207019337, -0.000467341131298, 0.00167198537383, -0.00034989535925, 0.00102917419281], [-0.000465730001451, 0.0016921806382, -0.000842517358251, 0.000422697514296, -0.00184466340579, 0.00403524143621, -0.00245578936301, 0.000998938456178, 0.000485423166538, -0.00125667941757, -0.000432413333328, 0.00144858262502, -0.00100453477353], [0.000769519654568, -0.00279650744051, 0.00111319962889, -0.00111467333045, 0.00147837761324, -0.00245578936301, 0.00663424003869, -0.00183614052366, 0.000502760289237, 0.000464288139483, 0.000241772198933, -0.000626513618045, 0.00159971450921], [-0.00028486494557, 0.00142230896745, -0.00101488502696, 0.000541819841601, -0.000299050065223, 0.000998938456178, -0.00183614052366, 0.00581879075617, -0.0025080377236, -0.00117368600331, -0.000507798744366, 0.000716025882866, -0.00177948269993], [0.000156862675794, -0.00102887244429, 0.000898229482118, -9.9716547993e-05, -0.000570207019337, 0.000485423166538, 0.000502760289237, -0.0025080377236, 0.0052771307528, -2.08085257327e-05, 0.000388428510632, -0.00022815867851, 0.0018137244042], [-9.20168313314e-05, 0.000392814486986, -9.5433460956e-05, 0.00112694234122, -0.000467341131298, -0.00125667941757, 0.000464288139483, -0.00117368600331, -2.08085257327e-05, 0.00354262720793, 2.78170809906e-05, -0.000354671763489, -0.000235378742218], [0.00027373759076, -0.000461834773887, 0.000441240146756, -0.000589435920119, 0.00167198537383, -0.000432413333328, 0.000241772198933, -0.000507798744366, 0.000388428510632, 2.78170809906e-05, 0.00278503261507, 0.00102882040665, 0.00146118178964], [-0.000124120750115, 0.00082948023919, 4.53638385807e-05, 0.00047466691467, -0.00034989535925, 0.00144858262502, -0.000626513618045, 0.000716025882866, -0.00022815867851, -0.000354671763489, 0.00102882040665, 0.00358799938112, 0.000699074880686], [0.000447824597359, -0.00162067869678, 0.00136443669908, -0.00101183902007, 0.00102917419281, -0.00100453477353, 0.00159971450921, -0.00177948269993, 0.0018137244042, -0.000235378742218, 0.00146118178964, 0.000699074880686, 0.00459148688242]]
    },
    "melbands": {
        "dmean": [0.000202379611437, 0.000864122994244, 0.000931385438889, 0.000552513462026, 0.000253539998084, 0.000265522830887, 0.000483443174744, 0.000331980816554, 0.000308216142002, 8.41538276291e-05, 6.46806511213e-05, 3.68706496374e-05, 3.24141001329e-05, 5.14102721354e-05, 2.16716744035e-05, 2.40926165134e-05, 4.40663243353e-05, 1.671336031e-05, 9.50659705268e-06, 6.1649102463e-06, 5.05776324644e-06, 5.04642684973e-06, 2.83485906039e-06, 1.71532747117e-06, 1.56631494974e-06, 7.71436361902e-07, 7.58343276175e-07, 4.07806680869e-07, 6.37931123038e-07, 6.04822616879e-07, 4.41576872845e-07, 5.07265156102e-07, 3.59838935537e-07, 4.00881816631e-07, 6.61197702811e-07, 3.76319491124e-07, 8.87714080022e-08, 1.20921086477e-07, 1.89099139902e-07, 7.20376718277e-08],
        "dmean2": [0.000299966952298, 0.0012242795201, 0.00140994146932, 0.000803628237918, 0.000354639458237, 0.000411864049966, 0.000793437066022, 0.000551669276319, 0.000512954313308, 0.00013676166418, 0.00010359584121, 5.089518163e-05, 5.19545355928e-05, 7.86617165431e-05, 3.22132909787e-05, 3.99279451813e-05, 7.82540155342e-05, 2.74980648101e-05, 1.47100099639e-05, 1.02424883153e-05, 8.35172795632e-06, 8.42228018882e-06, 4.6248255785e-06, 2.7342211979e-06, 2.5733752409e-06, 1.18249909065e-06, 1.15491866381e-06, 6.40415635189e-07, 9.11025551886e-07, 8.18547562176e-07, 6.07215724813e-07, 7.2771649684e-07, 5.18635545177e-07, 5.74313503421e-07, 9.71215399659e-07, 5.61366221064e-07, 1.331195989e-07, 1.75326121621e-07, 2.82190683265e-07, 1.08969132384e-07],
        "dvar": [5.10831966949e-07, 3.69517874788e-06, 3.22853611578e-06, 1.28153715195e-06, 3.53613700099e-07, 5.25468010437e-07, 2.15172804019e-06, 1.34387755679e-06, 6.6867607984e-07, 8.10182072541e-08, 2.50783873668e-08, 4.16235623746e-09, 4.97626073681e-09, 1.60698547802e-08, 1.30361799133e-09, 1.83123094466e-09, 2.05889438831e-08, 1.90854665405e-09, 8.83216944025e-10, 4.55799148424e-10, 2.78742084969e-10, 2.61346361219e-10, 1.66087518738e-10, 2.74359337332e-11, 1.61229796874e-11, 3.13329722411e-12, 4.0096051479e-12, 7.46776945837e-12, 1.99952606555e-11, 1.17595152366e-11, 2.5543809689e-12, 1.24856180082e-12, 8.93113816409e-13, 2.81229184905e-12, 1.65701775218e-11, 7.895138536e-12, 6.38513547591e-13, 5.40000715584e-13, 1.01907295536e-12, 7.60105953873e-14],
        "dvar2": [1.36159508202e-06, 9.31533577386e-06, 8.46595594339e-06, 2.91385458695e-06, 7.81190010457e-07, 1.11018823645e-06, 4.90386128149e-06, 3.49197580363e-06, 1.68774454323e-06, 1.73464414388e-07, 6.12780652887e-08, 8.49885761767e-09, 1.32229764915e-08, 4.3518351589e-08, 2.91332802327e-09, 4.82897766219e-09, 5.83030832502e-08, 4.7648462953e-09, 2.01119698673e-09, 1.19392939979e-09, 6.65730415239e-10, 5.93635196555e-10, 4.08631101179e-10, 7.26451399036e-11, 4.15186704461e-11, 6.5977119601e-12, 8.6126123594e-12, 1.54946038639e-11, 4.4961537965e-11, 1.93485644173e-11, 4.6069675852e-12, 2.32863381355e-12, 1.76524430923e-12, 6.16535295039e-12, 3.34353135456e-11, 1.56597946416e-11, 1.21653501075e-12, 1.00882626905e-12, 2.38115755412e-12, 1.61786518427e-13],
        "max": [0.0292723681778, 0.0366271138191, 0.0367179885507, 0.0225703269243, 0.0186964888126, 0.0307858418673, 0.0586391352117, 0.019666781649, 0.0157467052341, 0.00986127369106, 0.00371555052698, 0.00217594974674, 0.00104229000863, 0.00248877471313, 0.000955154071562, 0.000612579693552, 0.0017017024802, 0.00188701145817, 0.00193943013437, 0.00107707234565, 0.00101998925675, 0.000726231082808, 0.000521732494235, 0.000183471900527, 8.92781754374e-05, 5.81122221774e-05, 7.08181323716e-05, 0.000182746240171, 0.000258686195593, 0.000222953633056, 8.16065075924e-05, 3.14437456836e-05, 2.80732838291e-05, 7.45596698835e-05, 0.000161239600857, 0.000101637117041, 4.2820640374e-05, 4.05801401939e-05, 4.71807470603e-05, 7.1424115049e-06],
        "mean": [0.000672400870826, 0.00253869383596, 0.00254226080142, 0.00139519013464, 0.000595531600993, 0.00043695003842, 0.000615291821305, 0.000321555766277, 0.000365568965208, 0.000100443983683, 8.61484077177e-05, 9.40084719332e-05, 4.81034912809e-05, 9.11322567845e-05, 4.59293187305e-05, 3.68954279111e-05, 4.44923862233e-05, 2.5156623451e-05, 1.62819160323e-05, 1.02666626844e-05, 9.0580442702e-06, 8.37488369143e-06, 5.08746370542e-06, 3.48834987562e-06, 2.53051894106e-06, 1.74705110112e-06, 1.56234284532e-06, 6.07836057043e-07, 1.15457305583e-06, 1.19122933029e-06, 8.86029681624e-07, 1.13539385893e-06, 7.47141655211e-07, 6.73265390105e-07, 1.08445181013e-06, 5.62727620945e-07, 1.36500943881e-07, 2.05112144158e-07, 3.54565003136e-07, 1.27359200519e-07],
        "median": [0.000198220237507, 0.00146316783503, 0.0016341736773, 0.000658828648739, 0.000231572659686, 0.000127802268253, 0.000107409439806, 3.55669399141e-05, 3.68147084373e-05, 2.03670915653e-05, 2.73400492006e-05, 2.51050787483e-05, 1.0221073353e-05, 2.57342417171e-05, 1.55651414389e-05, 1.15293514682e-05, 1.13869382403e-05, 6.3199959186e-06, 3.62137757293e-06, 1.51884148636e-06, 1.88941703527e-06, 1.6537871943e-06, 8.84144469637e-07, 8.14754400835e-07, 6.86378882619e-07, 3.93187491454e-07, 2.79133473668e-07, 1.39055501336e-07, 6.9246084422e-08, 7.64755228033e-08, 1.92398147192e-07, 1.4479168442e-07, 5.81296362157e-08, 6.66283739292e-08, 4.78479726951e-08, 2.01732621719e-08, 3.00323899083e-09, 2.7259865476e-09, 2.02206673627e-09, 1.68619018748e-09],
        "min": [2.44478604707e-24, 4.80804292516e-24, 1.54844923329e-23, 1.33669261837e-23, 1.71601827791e-23, 1.28914505283e-23, 4.54099339279e-24, 6.18674814542e-24, 1.95995079366e-23, 1.36027403741e-23, 6.1181941606e-24, 3.54209669383e-24, 6.35212849546e-24, 1.53802096544e-23, 9.71131082791e-24, 4.90029192498e-24, 9.80235168726e-24, 7.98080795937e-24, 1.13626309942e-23, 1.11647941455e-23, 6.94995056084e-24, 6.82328000984e-24, 5.68687736092e-24, 2.23251548928e-23, 1.77683345836e-23, 1.61640155389e-23, 1.82139747308e-23, 8.04717403846e-24, 9.47701282817e-24, 1.00601537977e-23, 1.23533432613e-23, 1.2816051203e-23, 1.21468060657e-23, 9.92473556809e-24, 9.76512849658e-24, 6.62782473222e-24, 9.92375974715e-24, 1.08715658696e-23, 9.26931206271e-24, 8.26006866412e-24],
        "var": [1.1314183439e-06, 1.02459143818e-05, 8.9619152277e-06, 4.26177166446e-06, 1.01748969428e-06, 1.02520516521e-06, 2.71404883279e-06, 1.20958941352e-06, 8.1090530557e-07, 1.292286953e-07, 3.0758130265e-08, 2.95543269857e-08, 8.45661052296e-09, 3.23238111832e-08, 6.89189771919e-09, 3.25981064364e-09, 1.36570053044e-08, 2.82617218517e-09, 1.36885158764e-09, 5.89841009369e-10, 4.73718064775e-10, 4.56018361961e-10, 2.4649715602e-10, 6.01033389724e-11, 2.50195870966e-11, 1.56243143423e-11, 1.43475014855e-11, 1.12171166453e-11, 3.13768039328e-11, 2.86648049047e-11, 6.29277966541e-12, 4.75810493436e-12, 3.23025677387e-12, 4.51494701001e-12, 2.42815316465e-11, 1.19757528547e-11, 1.11171423629e-12, 1.07157999921e-12, 1.9612180803e-12, 2.16067018877e-13]
    },
    "mfcc": {
        "mean": [-749.403564453, 172.23916626, 2.91179203987, 15.5662479401, -5.2953953743, 12.0930271149, -6.09901428223, 2.88473892212, -12.3566265106, -8.98546504974, 2.16830062866, -8.74208450317, -2.91983032227],
        "cov": [[11318.3535156, 652.949584961, -1702.74523926, 897.97467041, 1187.90515137, 1373.24853516, -458.438781738, -315.488769531, 685.701904297, -378.749450684, -30.8818798065, -230.535003662, -43.6936721802], [652.949584961, 1312.22509766, 245.014389038, 34.1367454529, 22.0665988922, 239.664810181, 8.14445209503, 105.344833374, 243.533035278, -90.1076202393, 135.955734253, -55.6382408142, -88.4240722656], [-1702.74523926, 245.014389038, 1227.08898926, -39.9340286255, 17.1318511963, -121.184066772, 372.012298584, 76.2497940063, -36.2607765198, 219.763931274, 48.1899719238, 168.509735107, -7.86234331131], [897.97467041, 34.1367454529, -39.9340286255, 763.214233398, 539.439575195, 438.485290527, -29.1884746552, 185.985290527, 217.56703186, -112.124771118, 12.5187311172, -155.876342773, -62.1371002197], [1187.90515137, 22.0665988922, 17.1318511963, 539.439575195, 1054.56286621, 782.499389648, 166.662902832, -8.28868770599, 643.316101074, -74.2705078125, -15.3340215683, -30.5429363251, -165.272949219], [1373.24853516, 239.664810181, -121.184066772, 438.485290527, 782.499389648, 1346.31726074, 222.313140869, 41.4565505981, 522.876037598, -54.3661575317, 198.437591553, -194.218048096, -69.5898895264], [-458.438781738, 8.14445209503, 372.012298584, -29.1884746552, 166.662902832, 222.313140869, 801.550048828, -172.650054932, 190.404388428, 169.792602539, -16.8351821899, 153.76675415, -39.8325805664], [-315.488769531, 105.344833374, 76.2497940063, 185.985290527, -8.28868770599, 41.4565505981, -172.650054932, 509.580474854, -193.103149414, 156.476333618, -23.4192085266, -146.733505249, 64.6193237305], [685.701904297, 243.533035278, -36.2607765198, 217.56703186, 643.316101074, 522.876037598, 190.404388428, -193.103149414, 1402.42822266, -576.962524414, 134.415176392, 82.7258529663, -412.596679688], [-378.749450684, -90.1076202393, 219.763931274, -112.124771118, -74.2705078125, -54.3661575317, 169.792602539, 156.476333618, -576.962524414, 928.517089844, -38.2135620117, 81.3958511353, 278.946105957], [-30.8818798065, 135.955734253, 48.1899719238, 12.5187311172, -15.3340215683, 198.437591553, -16.8351821899, -23.4192085266, 134.415176392, -38.2135620117, 399.596252441, 9.29682159424, 56.7523651123], [-230.535003662, -55.6382408142, 168.509735107, -155.876342773, -30.5429363251, -194.218048096, 153.76675415, -146.733505249, 82.7258529663, 81.3958511353, 9.29682159424, 309.616088867, 26.4889011383], [-43.6936721802, -88.4240722656, -7.86234331131, -62.1371002197, -165.272949219, -69.5898895264, -39.8325805664, 64.6193237305, -412.596679688, 278.946105957, 56.7523651123, 26.4889011383, 325.590820312]],
