{
"lowlevel": {
    "average_loudness": 0.962716400623,
    "barkbands_crest": {
        "dmean": 2.21357226372,
        "dmean2": 3.65874385834,
        "dvar": 4.33379459381,
        "dvar2": 11.8210754395,
        "max": 24.0494213104,
        "mean": 10.3948059082,
        "median": 9.85955810547,
        "min": 2.90893101692,
        "var": 10.7488918304
    },
    "barkbands_flatness_db": {
        "dmean": 0.0292299166322,
        "dmean2": 0.0443235747516,
        "dvar": 0.00118069362361,
        "dvar2": 0.00287985778414,
        "max": 0.814558625221,
        "mean": 0.203178316355,
        "median": 0.184851765633,
        "min": 0.0334930866957,
        "var": 0.0126876775175
    },
    "barkbands_kurtosis": {
        "dmean": 4.2344584465,
        "dmean2": 6.76704120636,
        "dvar": 34.9384536743,
        "dvar2": 91.7794570923,
        "max": 154.974456787,
        "mean": 7.6129822731,
        "median": 5.4796833992,
        "min": -1.79557788372,
        "var": 74.7682571411
    },
    "barkbands_skewness": {
        "dmean": 0.621072769165,
        "dmean2": 0.996265053749,
        "dvar": 0.485200315714,
        "dvar2": 1.41178369522,
        "max": 8.50777053833,
        "mean": 1.90310978889,
        "median": 1.85766577721,
        "min": -2.2383389473,
        "var": 1.2754522562
    },
    "barkbands_spread": {
        "dmean": 6.82144355774,
        "dmean2": 10.5741710663,
        "dvar": 110.88886261,
        "dvar2": 289.029998779,
        "max": 92.094291687,
        "mean": 18.2854156494,
        "median": 10.7774181366,
        "min": 0.304123491049,
        "var": 313.905273438
    },
    "dissonance": {
        "dmean": 0.0329904332757,
        "dmean2": 0.0538885593414,
        "dvar": 0.00117615738418,
        "dvar2": 0.00295521505177,
        "max": 0.499994426966,
        "mean": 0.416617453098,
        "median": 0.434744238853,
        "min": 0.0360864773393,
        "var": 0.00420379498973
    },
    "dynamic_complexity": 2.63262295723,
    "erbbands_crest": {
        "dmean": 2.3553545475,
        "dmean2": 3.78124475479,
        "dvar": 6.50164937973,
        "dvar2": 15.8493518829,
        "max": 30.1625843048,
        "mean": 10.1108140945,
        "median": 9.33145618439,
        "min": 2.71937274933,
        "var": 19.7197799683
    },
    "erbbands_flatness_db": {
        "dmean": 0.0210072286427,
        "dmean2": 0.0299841668457,
        "dvar": 0.000767611374613,
        "dvar2": 0.00143114419188,
        "max": 0.642282664776,
        "mean": 0.19252987206,
        "median": 0.176408901811,
        "min": 0.0539989508688,
        "var": 0.0100839613006
    },
    "erbbands_kurtosis": {
        "dmean": 2.05529737473,
        "dmean2": 3.0055782795,
        "dvar": 9.39091491699,
        "dvar2": 19.0570888519,
        "max": 67.3495025635,
        "mean": 3.09321904182,
        "median": 1.24586892128,
        "min": -1.82363057137,
        "var": 29.4446849823
    },
    "erbbands_skewness": {
        "dmean": 0.488498598337,
        "dmean2": 0.720452785492,
        "dvar": 0.289843469858,
        "dvar2": 0.678621947765,
        "max": 5.92377376556,
        "mean": 1.08117520809,
        "median": 1.06183922291,
        "min": -2.49080610275,
        "var": 1.11460542679
    },
    "erbbands_spread": {
        "dmean": 11.5240526199,
        "dmean2": 16.589969635,
        "dvar": 286.229644775,
        "dvar2": 538.965698242,
        "max": 138.442565918,
        "mean": 44.4938392639,
        "median": 34.0613708496,
        "min": 1.89734530449,
        "var": 1205.85522461
    },
    "hfc": {
        "dmean": 9.83345317841,
        "dmean2": 13.7627601624,
        "dvar": 329.764434814,
        "dvar2": 700.161376953,
        "max": 170.274871826,
        "mean": 19.8574047089,
        "median": 8.3950138092,
        "min": 1.18210819623e-16,
        "var": 644.020874023
    },
    "melbands_crest": {
        "dmean": 2.80075287819,
        "dmean2": 4.69696855545,
        "dvar": 7.36217212677,
        "dvar2": 20.1621551514,
        "max": 30.2547149658,
        "mean": 13.0482797623,
        "median": 12.3846054077,
        "min": 1.61163282394,
        "var": 16.7207736969
    },
    "melbands_flatness_db": {
        "dmean": 0.035740673542,
        "dmean2": 0.0527348145843,
        "dvar": 0.00171086937189,
        "dvar2": 0.0042142784223,
        "max": 0.929533183575,
        "mean": 0.284111380577,
        "median": 0.261169791222,
        "min": 0.00258890562691,
        "var": 0.0175074804574
    },
    "melbands_kurtosis": {
        "dmean": 9.05059719086,
        "dmean2": 14.8886451721,
        "dvar": 192.427444458,
        "dvar2": 547.827270508,
        "max": 216.936096191,
        "mean": 18.6607780457,
        "median": 14.2834396362,
        "min": -1.51805174351,
        "var": 321.105651855
    },
    "melbands_skewness": {
        "dmean": 0.842992246151,
        "dmean2": 1.32338607311,
        "dvar": 1.10715687275,
        "dvar2": 2.92921304703,
        "max": 13.7247877121,
        "mean": 2.89496135712,
        "median": 2.73278331757,
        "min": -1.02786576748,
        "var": 3.15826416016
    },
    "melbands_spread": {
        "dmean": 5.6150431633,
        "dmean2": 9.121342659,
        "dvar": 84.8926467896,
        "dvar2": 231.34942627,
        "max": 170.344924927,
        "mean": 14.8456745148,
        "median": 9.54071998596,
        "min": 0.729262590408,
        "var": 288.872039795
    },
    "pitch_salience": {
        "dmean": 0.06468552351,
        "dmean2": 0.10974919796,
        "dvar": 0.00431962218136,
        "dvar2": 0.0120847662911,
        "max": 0.954286336899,
        "mean": 0.581657886505,
        "median": 0.585386157036,
        "min": 0.217984825373,
        "var": 0.0101221399382
    },
    "silence_rate_20dB": {
        "dmean": 0,
        "dmean2": 0,
        "dvar": 0,
        "dvar2": 0,
        "max": 1,
        "mean": 1,
        "median": 1,
        "min": 1,
        "var": 0
    },
    "silence_rate_30dB": {
        "dmean": 0.0281743407249,
        "dmean2": 0.056354008615,
        "dvar": 0.027380252257,
        "dvar2": 0.0635775178671,
        "max": 1,
        "mean": 0.976460576057,
        "median": 1,
        "min": 0,
        "var": 0.0229838751256
    },
    "silence_rate_60dB": {
        "dmean": 0.0132362674922,
        "dmean2": 0.0264750383794,
        "dvar": 0.0130610242486,
        "dvar2": 0.0288008004427,
        "max": 1,
        "mean": 0.0426356606185,
        "median": 0,
        "min": 0,
        "var": 0.040816180408
    },
    "spectral_centroid": {
        "dmean": 252.289047241,
        "dmean2": 392.818511963,
        "dvar": 161046.453125,
        "dvar2": 396772.8125,
        "max": 11113.1386719,
        "mean": 895.12689209,
        "median": 615.161010742,
        "min": 173.05027771,
        "var": 489255.75
    },
    "spectral_complexity": {
        "dmean": 3.14720630646,
        "dmean2": 4.86119508743,
        "dvar": 23.5661125183,
        "dvar2": 56.2990951538,
        "max": 44,
        "mean": 11.2374744415,
        "median": 10,
        "min": 0,
        "var": 39.2083358765
    },
    "spectral_decrease": {
        "dmean": 3.95246946283e-09,
        "dmean2": 6.67193544857e-09,
        "dvar": 6.46539189848e-17,
        "dvar2": 1.72208111219e-16,
        "max": 4.76181243431e-18,
        "mean": -6.76379352527e-09,
        "median": -4.67318539421e-09,
        "min": -6.76676350508e-08,
        "var": 6.08521240976e-17
    },
    "spectral_energy": {
        "dmean": 0.0156855415553,
        "dmean2": 0.0261291172355,
        "dvar": 0.000986363040283,
        "dvar2": 0.00260065426119,
        "max": 0.269389778376,
        "mean": 0.0273292865604,
        "median": 0.0187882520258,
        "min": 1.07720193037e-20,
        "var": 0.00096922647208
    },
    "spectral_energyband_high": {
        "dmean": 0.000958758464549,
        "dmean2": 0.00138879392762,
        "dvar": 3.50469326804e-06,
        "dvar2": 7.52804953663e-06,
        "max": 0.0148186730221,
        "mean": 0.00162284018006,
        "median": 0.000246264564339,
        "min": 7.68352884481e-21,
        "var": 7.42177644497e-06
    },
    "spectral_energyband_low": {
        "dmean": 0.00679230643436,
        "dmean2": 0.0117627428845,
        "dvar": 0.000405640370445,
        "dvar2": 0.0011460740352,
        "max": 0.21995100379,
        "mean": 0.00791421625763,
        "median": 0.00283284764737,
        "min": 8.72539862168e-23,
        "var": 0.000354524701834
    },
    "spectral_energyband_middle_high": {
        "dmean": 0.00108052580617,
        "dmean2": 0.00163743412122,
        "dvar": 8.11204517959e-06,
        "dvar2": 1.99587775569e-05,
        "max": 0.0364085026085,
        "mean": 0.00159236055333,
        "median": 0.000660098623484,
        "min": 1.72714665666e-21,
        "var": 9.19836293178e-06
    },
    "spectral_energyband_middle_low": {
        "dmean": 0.00990035384893,
        "dmean2": 0.0170099884272,
        "dvar": 0.00044899378554,
        "dvar2": 0.00119948282372,
        "max": 0.189424335957,
        "mean": 0.0175863690674,
        "median": 0.013579858467,
        "min": 2.6990334398e-22,
        "var": 0.000366886728443
    },
    "spectral_entropy": {
        "dmean": 0.280039489269,
        "dmean2": 0.38267287612,
        "dvar": 0.148251757026,
        "dvar2": 0.299305826426,
        "max": 9.80031204224,
        "mean": 7.00553417206,
        "median": 7.12769174576,
        "min": 3.67199373245,
        "var": 0.95832234621
    },
    "spectral_flux": {
        "dmean": 0.0374142043293,
        "dmean2": 0.0590839348733,
        "dvar": 0.00342360441573,
        "dvar2": 0.00664564268664,
        "max": 0.47482034564,
        "mean": 0.0762701928616,
        "median": 0.0491241961718,
        "min": 1.03788339034e-10,
        "var": 0.00532477302477
    },
    "spectral_kurtosis": {
        "dmean": 15.0823659897,
        "dmean2": 26.0459537506,
        "dvar": 5935.39550781,
        "dvar2": 17539.7558594,
        "max": 1671.48693848,
        "mean": 30.9854030609,
        "median": 2.1075193882,
        "min": -1.23514556885,
        "var": 14446.0166016
    },
    "spectral_rms": {
        "dmean": 0.00115228141658,
        "dmean2": 0.00180294259917,
        "dvar": 3.37726669386e-06,
        "dvar2": 8.17186355562e-06,
        "max": 0.016211701557,
        "mean": 0.004628486,
        "median": 0.00428135506809,
        "min": 3.24180309333e-12,
        "var": 5.23974995303e-06
    },
    "spectral_rolloff": {
        "dmean": 663.298217773,
        "dmean2": 1213.07580566,
        "dvar": 1939562.75,
        "dvar2": 5282487.5,
        "max": 19121.484375,
        "mean": 1415.77185059,
        "median": 602.9296875,
        "min": 86.1328125,
        "var": 5864098
    },
    "spectral_skewness": {
        "dmean": 0.568919360638,
        "dmean2": 0.85913926363,
        "dvar": 1.63238406181,
        "dvar2": 4.50448322296,
        "max": 34.0748634338,
        "mean": 2.66886472702,
        "median": 1.41173410416,
        "min": -0.0255682002753,
        "var": 15.0785551071
    },
    "spectral_spread": {
        "dmean": 653991.25,
        "dmean2": 918232,
        "dvar": 919395958784,
        "dvar2": 1.44438774989e+12,
        "max": 42075840,
        "mean": 5625424.5,
        "median": 5828272,
        "min": 58146.3007812,
        "var": 6.06803905741e+12
    },
    "spectral_strongpeak": {
        "dmean": 0.337902665138,
        "dmean2": 0.585012257099,
        "dvar": 0.211450591683,
        "dvar2": 0.529425024986,
        "max": 6.14842748642,
        "mean": 0.653347432613,
        "median": 0.488913416862,
        "min": 0,
        "var": 0.308755785227
    },
    "zerocrossingrate": {
        "dmean": 0.0119047006592,
        "dmean2": 0.0129182618111,
        "dvar": 0.000192488951143,
        "dvar2": 0.000218500528717,
        "max": 0.52685546875,
        "mean": 0.0607586577535,
        "median": 0.0439453125,
        "min": 0.00390625,
        "var": 0.00381456920877
    },
    "barkbands": {
        "dmean": [0.000115094851935, 0.00386365130544, 0.00189725472592, 0.00384085811675, 0.00455487053841, 0.00124999752734, 0.000607639143709, 0.000506912532728, 0.000605308217928, 0.000510443234816, 0.000284144945908, 0.000180051807547, 0.00010418875172, 4.48603459517e-05, 3.17110534525e-05, 2.00765662157e-05, 2.98652012134e-05, 2.80237381958e-05, 8.18783737486e-05, 0.000100214288977, 0.000235842249822, 0.000284607114736, 0.000216198692215, 0.000114916460006, 8.20735076559e-05, 6.10121023783e-05, 1.90052396647e-05],
        "dmean2": [0.00014737888705, 0.00666205119342, 0.00336489942856, 0.00693703209981, 0.00805145129561, 0.00200699432753, 0.0009719125228, 0.000785503536463, 0.00090929394355, 0.000774825282861, 0.000452138076071, 0.000283514440525, 0.00017749700055, 7.49891260057e-05, 5.5702359532e-05, 3.43300380337e-05, 4.84951415274e-05, 4.63145261165e-05, 0.000124031270389, 0.00015551391698, 0.000334543612553, 0.000434191024397, 0.00031889823731, 0.00017258238222, 0.000110559376481, 8.917163359e-05, 2.73639252555e-05],
        "dvar": [9.33955632831e-08, 0.000249103177339, 2.31316480495e-05, 0.000110562708869, 9.70003311522e-05, 3.30700459017e-06, 1.46870809203e-06, 2.12538839151e-06, 2.99132170767e-06, 3.17292597174e-06, 1.59565468039e-06, 9.07501430447e-07, 5.12380097462e-07, 1.35351427843e-07, 5.15720621763e-09, 1.84586490537e-09, 4.27158797223e-09, 5.69402214268e-09, 2.34862049808e-08, 4.71329499874e-08, 1.73554767002e-07, 2.39404158719e-07, 2.05984790114e-07, 8.03231259283e-08, 3.89044458871e-08, 2.78618870198e-08, 2.40142083996e-09],
        "dvar2": [1.57041839088e-07, 0.00070582079934, 6.93421461619e-05, 0.00030225131195, 0.000265360285994, 9.04167791305e-06, 3.76897082788e-06, 5.12602855451e-06, 6.83768348608e-06, 7.70612678025e-06, 4.04030151913e-06, 2.18809100261e-06, 1.37984943649e-06, 3.56710756932e-07, 1.42994718288e-08, 5.11424502747e-09, 1.12383116146e-08, 1.58465347511e-08, 5.52724301883e-08, 1.24241054777e-07, 3.9884920966e-07, 5.74429520839e-07, 4.41758118086e-07, 1.9087281089e-07, 7.65785657109e-08, 6.46443041319e-08, 4.68245486829e-09],
        "max": [0.00884847156703, 0.176484316587, 0.0572996884584, 0.0971174389124, 0.0900500267744, 0.0271720588207, 0.0286638624966, 0.0411225110292, 0.0311330743134, 0.0286101903766, 0.0223080478609, 0.0171479359269, 0.0197112001479, 0.0132747506723, 0.0011174910469, 0.000480639428133, 0.00079666392412, 0.000939007150009, 0.00185269978829, 0.00231359316967, 0.00352679705247, 0.00485447933897, 0.00412203837186, 0.00317987101153, 0.00208342447877, 0.00193135568406, 0.00045061550918],
        "mean": [0.00018658094632, 0.00440718652681, 0.00208676490001, 0.00299703073688, 0.00652688089758, 0.00377545435913, 0.00159546977375, 0.00112948694732, 0.00125100265723, 0.000726419966668, 0.000398504518671, 0.000193228814169, 0.000102392470581, 4.52692329418e-05, 2.8328226108e-05, 2.2544985768e-05, 3.75860581698e-05, 2.92215827358e-05, 0.000111056593596, 0.00012968039664, 0.000332132301992, 0.000450135907158, 0.000315148179652, 0.000187305064173, 0.000149982690345, 9.01864623302e-05, 2.43014419539e-05],
        "median": [9.19303056435e-06, 0.00104229385033, 0.000803743372671, 0.000376951065846, 0.00461716111749, 0.00357358483598, 0.000842499546707, 0.000606388435699, 0.000458969181636, 0.000174731831066, 6.49693683954e-05, 2.57478677668e-05, 1.58666316565e-05, 6.01133524469e-06, 4.59968032374e-06, 3.68632277059e-06, 6.90931346981e-06, 5.9155645431e-06, 1.9789848011e-05, 2.48592805292e-05, 5.96867466811e-05, 8.3015722339e-05, 4.29188876296e-05, 2.04365787795e-05, 1.05678354885e-05, 2.2346030164e-06, 6.23278481271e-07],
        "min": [4.82074666229e-23, 4.27163636338e-23, 5.45239003457e-24, 2.7468572171e-23, 1.78244983246e-23, 5.24904228247e-23, 4.00219745022e-23, 9.93160291782e-23, 2.9877393655e-23, 7.06097658013e-23, 4.61040289726e-23, 1.08440783269e-22, 2.3172946863e-22, 1.30460074701e-22, 1.04945952754e-22, 1.20648614036e-22, 2.23366709998e-22, 1.09899469124e-22, 4.12102426257e-22, 3.30918011575e-22, 6.00157904602e-22, 4.26557362023e-22, 4.55482228223e-22, 8.6862819755e-22, 1.15519145081e-21, 1.72320442211e-21, 2.52540785562e-21],
        "var": [2.46345507549e-07, 0.000204343974474, 1.72390100488e-05, 7.47986123315e-05, 7.62278068578e-05, 8.46326474857e-06, 4.81510915051e-06, 4.02543355449e-06, 5.44290423932e-06, 3.63163258044e-06, 1.8236729602e-06, 9.3331965445e-07, 4.05231503464e-07, 1.13805562307e-07, 4.00234556608e-09, 1.7516235129e-09, 4.99559460465e-09, 4.17700585231e-09, 4.04695263967e-08, 5.24633492205e-08, 3.17534357919e-07, 5.19219724993e-07, 3.2000789929e-07, 1.31271519876e-07, 9.54018588573e-08, 4.6883315008e-08, 3.73422892608e-09]
    },
    "erbbands": {
        "dmean": [0.0823996663094, 0.986066758633, 2.33997511864, 7.39460897446, 19.2512664795, 11.5530557632, 11.1322526932, 10.1262559891, 9.02398490906, 8.24174976349, 11.472823143, 15.0071430206, 15.9886856079, 13.243596077, 9.42985916138, 6.66444158554, 5.08085823059, 2.91992068291, 1.65001416206, 1.69537901878, 1.07586789131, 1.68450319767, 1.49652683735, 2.46931290627, 5.04994869232, 4.85196638107, 7.85006952286, 9.63510704041, 10.0243215561, 9.22908973694, 5.7368016243, 3.13803839684, 1.68074941635, 0.919397354126, 0.644737958908, 0.341701477766, 0.0906216353178, 0.0258233193308, 0.00263228546828, 0.000141086027725],
        "dmean2": [0.126406058669, 1.75553953648, 4.13814973831, 13.3474645615, 34.8940048218, 19.9433021545, 17.9471569061, 16.4372081757, 14.4327917099, 12.981962204, 17.678150177, 22.1996803284, 24.6148834229, 19.8470344543, 15.0896024704, 10.3324995041, 8.38082122803, 4.94871044159, 2.77203392982, 2.99280023575, 1.78049731255, 2.72172522545, 2.50386309624, 3.84406089783, 7.80092906952, 7.59281110764, 11.4900445938, 14.546582222, 15.3789844513, 13.936548233, 8.78015995026, 4.68206214905, 2.61292147636, 1.37742066383, 0.878350555897, 0.496281981468, 0.129376992583, 0.0379117354751, 0.0036748223938, 0.000200466383831],
        "dvar": [0.0928951874375, 16.8792037964, 46.083026886, 349.254974365, 2567.82177734, 472.479522705, 243.832473755, 261.274383545, 307.307495117, 373.634918213, 1148.34899902, 1915.29711914, 3073.6809082, 2436.15820312, 1985.0949707, 1165.47363281, 1034.28259277, 496.99130249, 46.9438781738, 13.7033939362, 5.86045503616, 13.977930069, 17.6636314392, 23.0520248413, 93.6716995239, 125.578071594, 212.217971802, 332.006744385, 327.60345459, 274.972900391, 175.3309021, 65.1363067627, 16.6631183624, 4.75862073898, 2.27043414116, 0.843568921089, 0.0598092526197, 0.00443147076294, 4.77885550936e-05, 1.20210430055e-07],
        "dvar2": [0.215564444661, 49.7890739441, 139.174865723, 943.130371094, 7059.91699219, 1295.23303223, 630.517272949, 734.806945801, 844.318847656, 891.794250488, 2727.41992188, 4237.45849609, 7757.84423828, 5689.21582031, 5121.36425781, 2768.90820312, 2723.37866211, 1340.29870605, 120.460998535, 38.2240142822, 15.7136144638, 36.3181762695, 49.885383606, 55.9404144287, 227.958633423, 339.006988525, 472.672424316, 820.109863281, 797.357971191, 583.661193848, 422.790130615, 161.955886841, 39.6817588806, 10.4962310791, 4.10812473297, 1.93838989735, 0.126637220383, 0.00931583810598, 9.38761077123e-05, 2.23877961503e-07],
        "max": [3.9323554039, 44.329120636, 73.6118621826, 159.290649414, 465.644317627, 350.276824951, 212.128463745, 219.775192261, 297.655487061, 555.700317383, 840.085327148, 886.125732422, 1060.91442871, 1114.15917969, 914.500915527, 681.304931641, 824.696411133, 699.095275879, 366.714233398, 38.2530403137, 38.6245498657, 38.3836326599, 60.0303153992, 40.2694664001, 122.672233582, 123.864753723, 108.695014954, 150.788787842, 195.982955933, 108.337608337, 133.593734741, 98.7950592041, 45.9641723633, 19.5638313293, 17.8281517029, 11.0861873627, 2.97397184372, 0.587707698345, 0.0766562893987, 0.00381455686875],
        "mean": [0.118762344122, 0.993880093098, 2.60822105408, 6.2382183075, 16.4522762299, 21.3114242554, 29.5583763123, 30.8955020905, 26.1887760162, 19.3910064697, 26.3763828278, 31.725643158, 24.9788799286, 20.1974029541, 12.1404829025, 7.60255146027, 5.26724863052, 2.94670009613, 1.66773533821, 1.58870613575, 1.29927611351, 2.14151954651, 1.57467722893, 2.99332284927, 7.26022624969, 6.03185892105, 11.1517076492, 13.245467186, 15.1998825073, 15.0693788528, 8.24135684967, 4.67848777771, 2.76497602463, 1.65819370747, 1.09812748432, 0.52048265934, 0.132019802928, 0.0330694355071, 0.00356500805356, 0.00020706965006],
        "median": [0.0182830691338, 0.258887887001, 0.980468690395, 1.22376286983, 5.01860284805, 18.269203186, 27.5330543518, 25.1765975952, 13.724981308, 11.6742401123, 13.7348146439, 12.1869487762, 8.26856231689, 4.86532497406, 2.58369612694, 1.30255889893, 0.910614609718, 0.52755522728, 0.35373467207, 0.269723713398, 0.244766592979, 0.40634149313, 0.325475722551, 0.609321057796, 1.55795145035, 1.0139567852, 1.4339402914, 2.50179290771, 2.15965485573, 2.64837789536, 1.15753245354, 0.589580655098, 0.292308926582, 0.117138311267, 0.063693664968, 0.0138218849897, 0.00342693226412, 0.000724754936527, 0.000115169008495, 3.23310559907e-05],
        "min": [2.81097136337e-21, 3.86858478442e-21, 5.8454991925e-21, 4.52687256423e-20, 6.8031146362e-20, 8.07342947383e-20, 7.49243655238e-20, 5.00097526822e-19, 9.29597876699e-19, 6.98680327441e-19, 2.12646752869e-18, 8.01596950183e-19, 1.30872277218e-18, 2.27922276561e-18, 2.63045688859e-18, 5.38443789882e-18, 9.08677589788e-18, 8.09976413865e-18, 6.00839677849e-18, 5.18476022127e-18, 8.98188029722e-18, 1.17962655513e-17, 7.06226541073e-18, 1.22264838423e-17, 2.21229074324e-17, 1.41883097554e-17, 2.16764234619e-17, 2.44425567893e-17, 1.96683912397e-17, 1.06946330289e-17, 1.48583955347e-17, 1.69369316692e-17, 1.41845493923e-17, 1.35277067746e-17, 7.89739936487e-18, 7.10090218996e-18, 2.91840693842e-18, 1.39282574057e-18, 3.40442983202e-19, 3.55207607837e-20],
        "var": [0.126934751868, 11.685795784, 33.6636695862, 246.358047485, 1698.6373291, 505.479858398, 514.098571777, 700.904296875, 1151.7512207, 830.373779297, 2107.02978516, 3729.24853516, 3340.41699219, 3279.37524414, 1988.40966797, 1275.04296875, 866.54083252, 393.539001465, 43.550365448, 11.2097406387, 5.63397121429, 17.077911377, 12.5231676102, 27.5952949524, 161.053588867, 124.602973938, 411.246551514, 490.096008301, 677.911071777, 534.191711426, 234.99949646, 83.4217681885, 29.5700283051, 11.0403289795, 5.71702671051, 1.51196885109, 0.106934145093, 0.00667335651815, 7.91189086158e-05, 2.03572412261e-07]
    },
    "gfcc": {
        "mean": [-54.4688987732, 99.4466705322, -57.2596206665, 20.706949234, -93.3455352783, 0.321749120951, -26.0016899109, -2.95509576797, -23.0095539093, -2.23030662537, -15.6884880066, 2.67871141434, -6.62354135513],
        "cov": [[21263.59375, -3759.00830078, -725.462341309, 3257.64892578, -754.401367188, 884.145324707, -245.537704468, 397.296020508, -287.030212402, 421.030303955, -470.17300415, 143.623352051, -425.005340576], [-3759.00830078, 3966.44873047, 428.025665283, -1625.94824219, 140.145675659, -433.428283691, 140.573623657, -302.713378906, 141.395645142, -337.471038818, 218.170303345, -163.628509521, 200.9790802], [-725.462341309, 428.025665283, 662.734191895, -297.262237549, 41.6207046509, -160.328170776, -14.5844507217, 65.9806747437, 36.5614395142, 22.2599372864, 14.0646715164, 28.9606781006, 53.4416427612], [3257.64892578, -1625.94824219, -297.262237549, 1344.27319336, -54.0065879822, 305.163757324, -50.3087997437, 160.90852356, -17.689250946, 137.930587769, -93.428604126, 13.4296216965, -138.031997681], [-754.401367188, 140.145675659, 41.6207046509, -54.0065879822, 467.199249268, 109.288742065, 23.3515720367, -2.30417919159, 70.2956848145, 61.1930427551, 4.88107681274, -0.848414897919, 2.53103733063], [884.145324707, -433.428283691, -160.328170776, 305.163757324, 109.288742065, 312.542114258, 85.8695144653, 49.9071998596, -13.3394451141, 91.3873748779, 24.1196041107, 36.2082824707, -50.6569366455], [-245.537704468, 140.573623657, -14.5844507217, -50.3087997437, 23.3515720367, 85.8695144653, 142.566162109, 58.3640975952, 10.7858343124, -13.0249052048, 32.7158164978, 20.7087230682, 9.0948638916], [397.296020508, -302.713378906, 65.9806747437, 160.90852356, -2.30417919159, 49.9071998596, 58.3640975952, 182.962432861, 63.4079322815, 42.9550971985, -24.6204586029, 35.7670707703, 9.82744884491], [-287.030212402, 141.395645142, 36.5614395142, -17.689250946, 70.2956848145, -13.3394451141, 10.7858343124, 63.4079322815, 130.711654663, 56.2635955811, 8.43402957916, -17.9383087158, 16.572511673], [421.030303955, -337.471038818, 22.2599372864, 137.930587769, 61.1930427551, 91.3873748779, -13.0249052048, 42.9550971985, 56.2635955811, 175.509353638, 35.5724105835, 27.052986145, -24.1543769836], [-470.17300415, 218.170303345, 14.0646715164, -93.428604126, 4.88107681274, 24.1196041107, 32.7158164978, -24.6204586029, 8.43402957916, 35.5724105835, 136.270706177, 33.7569656372, 6.37628793716], [143.623352051, -163.628509521, 28.9606781006, 13.4296216965, -0.848414897919, 36.2082824707, 20.7087230682, 35.7670707703, -17.9383087158, 27.052986145, 33.7569656372, 93.5723724365, 28.7173709869], [-425.005340576, 200.9790802, 53.4416427612, -138.031997681, 2.53103733063, -50.6569366455, 9.0948638916, 9.82744884491, 16.572511673, -24.1543769836, 6.37628793716, 28.7173709869, 87.9353103638]],
        "icov": [[0.000130909844302, -0.000239404093008, 0.000109172855446, -0.000291962845949, 0.000254936079727, -0.000246057286859, 0.000441069918452, -0.000403697456932, 0.000548152427655, -0.000570347940084, 0.000715418369509, -0.000561064924113, 0.000377027405193], [-0.000239404093008, 0.00168019928969, -0.000915860407986, 0.00113912066445, -0.000469397491543, 0.000214401457924, -0.00202190806158, 0.00285071041435, -0.00354032963514, 0.00331130181439, -0.0028755790554, 0.00261756801046, -0.00169453618582], [0.000109172855446, -0.000915860407986, 0.0028525844682, -9.969612438e-05, -0.000403744721552, 0.00154508755077, 0.00134860782418, -0.00369581999257, 0.00342841329984, -0.00298721366562, 0.00106429401785, -0.00122166005895, 0.00076113967225], [-0.000291962845949, 0.00113912066445, -9.969612438e-05, 0.00271502532996, -0.000218949047849, -0.00122583378106, 0.000702305464074, -0.000266035785899, -0.00198412314057, 0.00230427621864, -0.00196531997062, 0.00215954333544, 9.12807354325e-06], [0.000254936079727, -0.000469397491543, -0.000403744721552, -0.000218949047849, 0.00364578212611, -0.00284206052311, 0.00125814636704, 0.000870554882567, -0.00181648135185, -0.000732795626391, 0.00246332935058, -0.00180090195499, 0.000787636789028], [-0.000246057286859, 0.000214401457924, 0.00154508755077, -0.00122583378106, -0.00284206052311, 0.0108204763383, -0.0075569730252, 0.000482591363834, 0.00342675228603, -0.00426091393456, -0.00119013083167, -0.000214262588997, 0.000840418040752], [0.000441069918452, -0.00202190806158, 0.00134860782418, 0.000702305464074, 0.00125814636704, -0.0075569730252, 0.0189713016152, -0.0108565893024, 0.00406719744205, 0.00125010975171, -0.000312643795041, -0.00196974747814, 0.00214012083597], [-0.000403697456932, 0.00285071041435, -0.00369581999257, -0.000266035785899, 0.000870554882567, 0.000482591363834, -0.0108565893024, 0.0207204725593, -0.0150878839195, 0.00550906546414, 0.000818012747914, -0.00298205111176, -0.00230659893714], [0.000548152427655, -0.00354032963514, 0.00342841329984, -0.00198412314057, -0.00181648135185, 0.00342675228603, 0.00406719744205, -0.0150878839195, 0.0264783278108, -0.0140847200528, 0.00261986418627, 0.00442860135809, -0.00166058749892], [-0.000570347940084, 0.00331130181439, -0.00298721366562, 0.00230427621864, -0.000732795626391, -0.00426091393456, 0.00125010975171, 0.00550906546414, -0.0140847200528, 0.0192476715893, -0.00837200880051, 0.00125377427321, 6.83947291691e-05], [0.000715418369509, -0.0028755790554, 0.00106429401785, -0.00196531997062, 0.00246332935058, -0.00119013083167, -0.000312643795041, 0.000818012747914, 0.00261986418627, -0.00837200880051, 0.0178046002984, -0.0109628327191, 0.00497834850103], [-0.000561064924113, 0.00261756801046, -0.00122166005895, 0.00215954333544, -0.00180090195499, -0.000214262588997, -0.00196974747814, -0.00298205111176, 0.00442860135809, 0.00125377427321, -0.0109628327191, 0.0260521732271, -0.0122998403385], [0.000377027405193, -0.00169453618582, 0.00076113967225, 9.12807354325e-06, 0.000787636789028, 0.000840418040752, 0.00214012083597, -0.00230659893714, -0.00166058749892, 6.83947291691e-05, 0.00497834850103, -0.0122998403385, 0.0211043730378]]
    },
    "melbands": {
        "dmean": [0.000912356714252, 0.00125896907412, 0.00168629887048, 0.00114772585221, 0.000385681458283, 0.000226264863159, 0.000132366592879, 9.32553302846e-05, 9.52998088906e-05, 9.47161170188e-05, 7.97835236881e-05, 5.50048462173e-05, 3.29436370521e-05, 2.25898238568e-05, 1.37946617542e-05, 1.02541707747e-05, 4.98974623042e-06, 2.62302523879e-06, 2.35781635638e-06, 1.88309923033e-06, 1.29024181206e-06, 1.9905978661e-06, 1.35470759233e-06, 1.28214946926e-06, 2.1437228952e-06, 3.44622958437e-06, 3.11385338136e-06, 3.45873286278e-06, 4.5186029638e-06, 6.56655311104e-06, 5.66667813473e-06, 5.36999050382e-06, 6.04288106842e-06, 5.18924071002e-06, 3.71836313207e-06, 2.30989826377e-06, 1.95445750251e-06, 1.25024621411e-06, 9.28333236061e-07, 7.7941302834e-07],
        "dmean2": [0.00152376305778, 0.00223217811435, 0.00303604826331, 0.00205006892793, 0.000629585410934, 0.000366478372598, 0.000210528320167, 0.000146553094964, 0.000146186721395, 0.00014060518879, 0.000123327234178, 8.23853843031e-05, 5.33264355909e-05, 3.57912358595e-05, 2.16948192246e-05, 1.74727520061e-05, 8.53507208376e-06, 4.35493666373e-06, 4.15086697103e-06, 3.35150798492e-06, 2.12084546547e-06, 3.21361949318e-06, 2.28828730542e-06, 2.11478413803e-06, 3.46913247995e-06, 5.39150323675e-06, 4.89885132993e-06, 5.56082204639e-06, 6.88072805133e-06, 9.93463254417e-06, 9.26268694457e-06, 8.4472949311e-06, 9.04473654373e-06, 7.84232815931e-06, 5.84497320233e-06, 3.43199053532e-06, 2.94907863463e-06, 1.99145097213e-06, 1.43370516525e-06, 1.1942574929e-06],
        "dvar": [1.34097281261e-05, 1.86886099982e-05, 1.95216362044e-05, 6.97005225447e-06, 2.94530707379e-07, 1.20142061633e-07, 6.55940439742e-08, 5.3171934411e-08, 7.41376453561e-08, 7.98560932935e-08, 7.90270533457e-08, 4.2173073922e-08, 2.26579555118e-08, 1.39388403042e-08, 7.74872699338e-09, 6.79009515281e-09, 1.84205872777e-09, 2.02688102413e-10, 2.90870365988e-11, 1.55343984204e-11, 9.37659064976e-12, 1.90637210878e-11, 1.79614361578e-11, 1.15641281273e-11, 1.74934233765e-11, 4.50745898939e-11, 3.47495678066e-11, 6.94231755416e-11, 7.64530730391e-11, 1.42109227164e-10, 1.35296621129e-10, 9.6251166759e-11, 1.19769139051e-10, 8.90986590063e-11, 7.47620368391e-11, 2.32541954442e-11, 2.80842155087e-11, 9.1218534462e-12, 5.08210617686e-12, 3.08863047985e-12],
        "dvar2": [3.61482452718e-05, 5.61059823667e-05, 5.33298261871e-05, 1.9179758965e-05, 7.71396287291e-07, 3.38521317644e-07, 1.75115971501e-07, 1.28212505501e-07, 1.74433978373e-07, 1.78043919163e-07, 1.99458284555e-07, 9.75929950187e-08, 5.88951998282e-08, 3.41894264011e-08, 1.84950366133e-08, 1.82283148575e-08, 4.92249885298e-09, 5.12231423944e-10, 8.06380240359e-11, 4.35540908894e-11, 2.52405978063e-11, 4.81485198933e-11, 5.147151802e-11, 3.24262908191e-11, 4.32594932098e-11, 1.06226721863e-10, 9.05113414773e-11, 1.89303295262e-10, 1.76544959207e-10, 3.32166016914e-10, 3.51340345706e-10, 2.30029023607e-10, 2.932512011e-10, 1.86276910563e-10, 1.81486978224e-10, 5.4301757535e-11, 7.04376348915e-11, 2.15109943746e-11, 1.27133321232e-11, 6.48128989714e-12],
        "max": [0.0425127334893, 0.0489067137241, 0.0402671694756, 0.0240988582373, 0.00845754425973, 0.00480285240337, 0.0046495180577, 0.00701549975201, 0.00633086962625, 0.00600813515484, 0.00532559026033, 0.00490931002423, 0.00250775413588, 0.00240126764402, 0.00198204419576, 0.00255368091166, 0.00159265391994, 0.000850980926771, 7.13130430086e-05, 4.35206347902e-05, 5.64865804336e-05, 4.85330601805e-05, 6.60927034914e-05, 3.35869372066e-05, 3.44226646121e-05, 8.44021633384e-05, 5.56354316359e-05, 9.33217379497e-05, 7.00773452991e-05, 0.000114137284982, 0.000104075777926, 8.11354402686e-05, 0.000142526929267, 6.12287767581e-05, 8.66501432029e-05, 4.7748995712e-05, 6.78937358316e-05, 3.68460168829e-05, 2.0199253413e-05, 1.91536291823e-05],
        "mean": [0.0011249667732, 0.00137612328399, 0.00140647275839, 0.00137589487713, 0.00104358256795, 0.000698684598319, 0.000375627307221, 0.00021192454733, 0.000214903921005, 0.000195153872482, 0.000120339194837, 8.18630578578e-05, 4.33308232459e-05, 2.547333861e-05, 1.46846241478e-05, 1.02697731563e-05, 4.84470456286e-06, 2.69026008937e-06, 2.09772520066e-06, 1.88373007859e-06, 1.46380705246e-06, 2.55165036833e-06, 1.35337904794e-06, 1.36360790748e-06, 2.32574006986e-06, 4.78938454762e-06, 4.71167368232e-06, 3.76471780328e-06, 6.27052486379e-06, 8.61732769408e-06, 7.18689489076e-06, 7.54715983931e-06, 1.02789163066e-05, 7.5811917668e-06, 5.00535361425e-06, 3.38275685863e-06, 2.71867156698e-06, 2.12181566894e-06, 1.40943552651e-06, 1.37256085964e-06],
        "median": [0.000233778948314, 0.000497550354339, 0.000314860604703, 0.00083038106095, 0.000985683058389, 0.00061025825562, 0.000208251411095, 0.000120207390864, 0.000106325736851, 6.75732881064e-05, 3.61298516509e-05, 1.74857686943e-05, 8.34655202198e-06, 3.95523738916e-06, 2.07734865398e-06, 1.34365768645e-06, 6.88919328695e-07, 5.26278654434e-07, 3.3516852227e-07, 2.64770221747e-07, 2.70066095709e-07, 4.36406395465e-07, 2.795898979e-07, 2.70290627213e-07, 4.24951281275e-07, 9.3688151992e-07, 1.27866110233e-06, 3.93080654248e-07, 5.07996219312e-07, 1.77776541932e-06, 1.11223494059e-06, 8.5332129629e-07, 1.95206166609e-06, 1.193531034e-06, 6.41023234493e-07, 5.10844301971e-07, 2.89786669327e-07, 2.32660042343e-07, 1.14078794411e-07, 9.49091827351e-08],
        "min": [2.03446280823e-23, 3.30284740862e-24, 9.60690429824e-24, 4.87489020941e-24, 2.69576174964e-24, 1.23814906072e-23, 1.2642846536e-23, 1.18643307527e-23, 1.47111909201e-23, 4.68936747944e-24, 7.08280735905e-24, 9.99511931578e-24, 7.06067665521e-24, 1.28728578656e-23, 1.3455886028e-23, 2.52525972017e-23, 1.34028225104e-23, 9.54378438177e-24, 8.80182835711e-24, 6.67299017448e-24, 1.16158742775e-23, 1.30624416515e-23, 7.19191944402e-24, 5.51867683314e-24, 9.71312520799e-24, 1.82160462795e-23, 1.26395498863e-23, 8.32331637606e-24, 1.35182959697e-23, 1.27732783758e-23, 1.37878686736e-23, 1.15637100612e-23, 7.81880038412e-24, 5.48027192883e-24, 8.00880699948e-24, 1.03795485898e-23, 9.93551298578e-24, 8.76442136185e-24, 1.20073023255e-23, 1.13536466574e-23],
        "var": [1.27694383991e-05, 1.32237637445e-05, 1.31741044243e-05, 5.09502888235e-06, 5.99472912199e-07, 3.25155980363e-07, 2.28333945529e-07, 1.09904348733e-07, 1.35523663403e-07, 1.53409800419e-07, 8.50054604484e-08, 5.6609263055e-08, 2.25785381502e-08, 1.41047733493e-08, 7.72855379694e-09, 5.54462209479e-09, 1.46490120034e-09, 1.93895149936e-10, 2.20029740955e-11, 1.38803413208e-11, 8.56914973008e-12, 2.63233740361e-11, 1.17877721473e-11, 8.61147264608e-12, 1.86867535334e-11, 7.67307606342e-11, 5.34560833099e-11, 6.04206129573e-11, 1.57211008101e-10, 2.18245976846e-10, 1.62654348324e-10, 1.69205399692e-10, 2.97278063277e-10, 1.47775930381e-10, 9.7458818793e-11, 3.53614845738e-11, 3.36686893643e-11, 1.74442352924e-11, 7.75122327434e-12, 8.106263924e-12]
    },
    "mfcc": {
        "mean": [-705.027526855, 127.489105225, 67.5362625122, 22.5439491272, -29.1424484253, -0.173379361629, -8.90240478516, 0.497736722231, -4.6899266243, -3.49232006073, -5.27870750427, -6.68432188034, -2.10722184181],
        "cov": [[12079.1699219, -3310.25024414, -157.935928345, 1179.29919434, 313.933288574, 787.793334961, 286.249938965, 325.339385986, 157.835510254, 285.110107422, 220.200622559, 69.0096282959, 114.734695435], [-3310.25024414, 3024.12963867, 291.46395874, -591.438354492, -182.673477173, -181.285461426, -50.2811279297, -38.3372192383, -21.7462120056, -78.909286499, -48.5292243958, -1.67023396492, -52.730594635], [-157.935928345, 291.46395874, 500.566619873, 47.1395721436, -56.8994407654, -156.046554565, -42.481426239, -9.00784301758, 6.15944910049, 12.7118749619, 20.5046672821, -17.3326053619, 18.8243942261], [1179.29919434, -591.438354492, 47.1395721436, 392.852264404, 149.87097168, 98.1004867554, -2.45700955391, 32.9720916748, 37.4975814819, 72.4770736694, 53.6361427307, -6.04927206039, -4.0651640892], [313.933288574, -182.673477173, -56.8994407654, 149.87097168, 296.824371338, 193.339111328, 50.1899528503, -2.53620123863, 57.4978904724, 67.9177322388, 59.0039710999, 49.8379096985, 9.80522251129], [787.793334961, -181.285461426, -156.046554565, 98.1004867554, 193.339111328, 344.948791504, 156.291732788, 45.5274543762, 20.0551986694, 65.980796814, 80.2176055908, 67.6618270874, 27.9378967285], [286.249938965, -50.2811279297, -42.481426239, -2.45700955391, 50.1899528503, 156.291732788, 174.889602661, 96.835899353, 8.01692008972, 12.6608142853, 39.6761436462, 36.355052948, 39.0338935852], [325.339385986, -38.3372192383, -9.00784301758, 32.9720916748, -2.53620123863, 45.5274543762, 96.835899353, 158.170715332, 55.222240448, 12.7074489594, 14.3531303406, 7.23832321167, 17.5016155243], [157.835510254, -21.7462120056, 6.15944910049, 37.4975814819, 57.4978904724, 20.0551986694, 8.01692008972, 55.222240448, 145.574188232, 71.1929626465, -0.719423532486, 8.35165214539, 5.7418255806], [285.110107422, -78.909286499, 12.7118749619, 72.4770736694, 67.9177322388, 65.980796814, 12.6608142853, 12.7074489594, 71.1929626465, 131.758331299, 76.0191802979, 10.5090761185, 7.88699531555], [220.200622559, -48.5292243958, 20.5046672821, 53.6361427307, 59.0039710999, 80.2176055908, 39.6761436462, 14.3531303406, -0.719423532486, 76.0191802979, 127.938438416, 57.5922241211, 13.778093338], [69.0096282959, -1.67023396492, -17.3326053619, -6.04927206039, 49.8379096985, 67.6618270874, 36.355052948, 7.23832321167, 8.35165214539, 10.5090761185, 57.5922241211, 96.3197937012, 42.2245864868], [114.734695435, -52.730594635, 18.8243942261, -4.0651640892, 9.80522251129, 27.9378967285, 39.0338935852, 17.5016155243, 5.7418255806, 7.88699531555, 13.778093338, 42.2245864868, 93.4800567627]],
