{
"lowlevel": {
    "average_loudness": 0.812875449657,
    "barkbands_crest": {
        "dmean": 2.26543712616,
        "dmean2": 3.65885901451,
        "dvar": 4.90600538254,
        "dvar2": 12.5863132477,
        "max": 26.0053672791,
        "mean": 12.346282959,
        "median": 11.6858329773,
        "min": 3.0082526207,
        "var": 20.1243247986
    },
    "barkbands_flatness_db": {
        "dmean": 0.0228294115514,
        "dmean2": 0.0334207005799,
        "dvar": 0.000588079623412,
        "dvar2": 0.00120810419321,
        "max": 0.517171144485,
        "mean": 0.211009427905,
        "median": 0.187740311027,
        "min": 0.0301543492824,
        "var": 0.00975826662034
    },
    "barkbands_kurtosis": {
        "dmean": 5.74358129501,
        "dmean2": 8.99106216431,
        "dvar": 109.776901245,
        "dvar2": 264.388244629,
        "max": 234.473190308,
        "mean": 13.6089982986,
        "median": 6.45185565948,
        "min": -1.93370127678,
        "var": 401.135894775
    },
    "barkbands_skewness": {
        "dmean": 0.613684654236,
        "dmean2": 0.939547300339,
        "dvar": 0.508982181549,
        "dvar2": 1.20422685146,
        "max": 13.3011751175,
        "mean": 2.53321051598,
        "median": 2.23161673546,
        "min": -6.30926799774,
        "var": 3.50140810013
    },
    "barkbands_spread": {
        "dmean": 4.54260778427,
        "dmean2": 7.02321386337,
        "dvar": 58.7780685425,
        "dvar2": 130.017822266,
        "max": 126.67023468,
        "mean": 15.9346828461,
        "median": 10.469127655,
        "min": 0.386167675257,
        "var": 259.704040527
    },
    "dissonance": {
        "dmean": 0.0216767005622,
        "dmean2": 0.0357021801174,
        "dvar": 0.000485214666696,
        "dvar2": 0.00132349063642,
        "max": 0.5,
        "mean": 0.436412483454,
        "median": 0.447185128927,
        "min": 0.18424244225,
        "var": 0.0020582836587
    },
    "dynamic_complexity": 3.84916639328,
    "erbbands_crest": {
        "dmean": 2.36035609245,
        "dmean2": 3.62685394287,
        "dvar": 5.22025918961,
        "dvar2": 12.453379631,
        "max": 32.2697906494,
        "mean": 11.3397226334,
        "median": 10.2245330811,
        "min": 2.29714202881,
        "var": 28.4409942627
    },
    "erbbands_flatness_db": {
        "dmean": 0.0154274916276,
        "dmean2": 0.0222172718495,
        "dvar": 0.000287126254989,
        "dvar2": 0.000565367110539,
        "max": 0.499021649361,
        "mean": 0.187758922577,
        "median": 0.162684097886,
        "min": 0.0329551547766,
        "var": 0.00714638736099
    },
    "erbbands_kurtosis": {
        "dmean": 1.34106886387,
        "dmean2": 2.02288913727,
        "dvar": 5.34994983673,
        "dvar2": 11.5939264297,
        "max": 52.6323242188,
        "mean": 1.79541862011,
        "median": 0.331148505211,
        "min": -1.87320280075,
        "var": 20.464056015
    },
    "erbbands_skewness": {
        "dmean": 0.37133872509,
        "dmean2": 0.544120788574,
        "dvar": 0.171922504902,
        "dvar2": 0.360328346491,
        "max": 6.06228637695,
        "mean": 0.818431079388,
        "median": 0.723838627338,
        "min": -3.79131126404,
        "var": 1.2706464529
    },
    "erbbands_spread": {
        "dmean": 8.32445526123,
        "dmean2": 12.5652532578,
        "dvar": 118.615722656,
        "dvar2": 270.290222168,
        "max": 169.137954712,
        "mean": 40.8221740723,
        "median": 36.4736366272,
        "min": 1.32427477837,
        "var": 645.807739258
    },
    "hfc": {
        "dmean": 5.68102216721,
        "dmean2": 8.41792964935,
        "dvar": 300.653411865,
        "dvar2": 608.993408203,
        "max": 896.952758789,
        "mean": 18.8236923218,
        "median": 10.6918678284,
        "min": 1.22363213358e-16,
        "var": 894.372497559
    },
    "melbands_crest": {
        "dmean": 2.66905045509,
        "dmean2": 4.27595329285,
        "dvar": 6.57094621658,
        "dvar2": 16.7241859436,
        "max": 33.8136901855,
        "mean": 15.6974687576,
        "median": 15.3206176758,
        "min": 1.53291940689,
        "var": 26.8782348633
    },
    "melbands_flatness_db": {
        "dmean": 0.0276772864163,
        "dmean2": 0.0395766869187,
        "dvar": 0.000898801430594,
        "dvar2": 0.00180010637268,
        "max": 0.675925672054,
        "mean": 0.293441295624,
        "median": 0.273981034756,
        "min": 0.00348912924528,
        "var": 0.0142360441387
    },
    "melbands_kurtosis": {
        "dmean": 11.4118432999,
        "dmean2": 18.056684494,
        "dvar": 386.171386719,
        "dvar2": 939.930603027,
        "max": 458.929412842,
        "mean": 29.7820014954,
        "median": 16.4106826782,
        "min": -1.88612544537,
        "var": 1328.20043945
    },
    "melbands_skewness": {
        "dmean": 0.780291140079,
        "dmean2": 1.20615291595,
        "dvar": 0.81990724802,
        "dvar2": 1.96909534931,
        "max": 15.9016284943,
        "mean": 3.67991495132,
        "median": 3.23083591461,
        "min": -1.53390669823,
        "var": 4.96885347366
    },
    "melbands_spread": {
        "dmean": 4.32498693466,
        "dmean2": 6.68980836868,
        "dvar": 73.2164916992,
        "dvar2": 154.275802612,
        "max": 218.879211426,
        "mean": 14.9500780106,
        "median": 8.32839679718,
        "min": 0.449248313904,
        "var": 462.560333252
    },
    "pitch_salience": {
        "dmean": 0.0628903135657,
        "dmean2": 0.0998068898916,
        "dvar": 0.00368938106112,
        "dvar2": 0.00892049632967,
        "max": 0.900202333927,
        "mean": 0.502675533295,
        "median": 0.503105521202,
        "min": 0.0748513489962,
        "var": 0.0145673742518
    },
    "silence_rate_20dB": {
        "dmean": 0,
        "dmean2": 0,
        "dvar": 0,
        "dvar2": 0,
        "max": 1,
        "mean": 1,
        "median": 1,
        "min": 1,
        "var": 0
    },
    "silence_rate_30dB": {
        "dmean": 0.0238613467664,
        "dmean2": 0.0477265380323,
        "dvar": 0.0232912413776,
        "dvar2": 0.0562459044158,
        "max": 1,
        "mean": 0.978316962719,
        "median": 1,
        "min": 0,
        "var": 0.0212139841169
    },
    "silence_rate_60dB": {
        "dmean": 0.00902861729264,
        "dmean2": 0.0180586911738,
        "dvar": 0.00894699338824,
        "dvar2": 0.0209594275802,
        "max": 1,
        "mean": 0.0789940357208,
        "median": 0,
        "min": 0,
        "var": 0.0727414414287
    },
    "spectral_centroid": {
        "dmean": 171.747055054,
        "dmean2": 263.261505127,
        "dvar": 75009.9375,
        "dvar2": 149009.15625,
        "max": 11008.9267578,
        "mean": 861.030639648,
        "median": 618.399536133,
        "min": 140.413635254,
        "var": 491639.09375
    },
    "spectral_complexity": {
        "dmean": 2.09415555,
        "dmean2": 3.24959683418,
        "dvar": 8.79462146759,
        "dvar2": 18.0135974884,
        "max": 54,
        "mean": 12,
        "median": 10,
        "min": 0,
        "var": 69.2900238037
    },
    "spectral_decrease": {
        "dmean": 2.37166064565e-09,
        "dmean2": 3.66258645634e-09,
        "dvar": 1.68499784433e-17,
        "dvar2": 4.05139564441e-17,
        "max": 2.58574184286e-09,
        "mean": -8.24241386255e-09,
        "median": -6.24726403942e-09,
        "min": -5.31012602778e-08,
        "var": 5.34495226685e-17
    },
    "spectral_energy": {
        "dmean": 0.00921066943556,
        "dmean2": 0.0142025575042,
        "dvar": 0.000246919196798,
        "dvar2": 0.000593772681896,
        "max": 0.203192070127,
        "mean": 0.0328161977232,
        "median": 0.0253556519747,
        "min": 1.07190401626e-20,
        "var": 0.000809269840829
    },
    "spectral_energyband_high": {
        "dmean": 0.000490521837492,
        "dmean2": 0.000744647404645,
        "dvar": 3.09500364892e-06,
        "dvar2": 7.03914929545e-06,
        "max": 0.0622496195138,
        "mean": 0.000943166436628,
        "median": 0.000182128555025,
        "min": 7.62989539094e-21,
        "var": 6.83120515532e-06
    },
    "spectral_energyband_low": {
        "dmean": 0.00696312589571,
        "dmean2": 0.0106283854693,
        "dvar": 0.000244733208092,
        "dvar2": 0.000561359280255,
        "max": 0.188062593341,
        "mean": 0.0143260480836,
        "median": 0.00588611606508,
        "min": 1.23481306262e-22,
        "var": 0.000474959379062
    },
    "spectral_energyband_middle_high": {
        "dmean": 0.000839448941406,
        "dmean2": 0.00123463361524,
        "dvar": 3.08938797389e-06,
        "dvar2": 6.76870058669e-06,
        "max": 0.0399205423892,
        "mean": 0.00292448629625,
        "median": 0.000976996845566,
        "min": 1.42263150404e-21,
        "var": 1.91102808458e-05
    },
    "spectral_energyband_middle_low": {
        "dmean": 0.0043912329711,
        "dmean2": 0.00701488554478,
        "dvar": 4.17531045969e-05,
        "dvar2": 0.000109278167656,
        "max": 0.098985940218,
        "mean": 0.0156574267894,
        "median": 0.0118488986045,
        "min": 2.94129426463e-22,
        "var": 0.000178127433173
    },
    "spectral_entropy": {
        "dmean": 0.20302040875,
        "dmean2": 0.294573128223,
        "dvar": 0.0558575578034,
        "dvar2": 0.113553516567,
        "max": 9.80243206024,
        "mean": 6.95043420792,
        "median": 7.10400629044,
        "min": 4.49658918381,
        "var": 0.735019445419
    },
    "spectral_flux": {
        "dmean": 0.0205386895686,
        "dmean2": 0.0319395698607,
        "dvar": 0.000791255850345,
        "dvar2": 0.00169925845694,
        "max": 0.380273073912,
        "mean": 0.0698956921697,
        "median": 0.0568173229694,
        "min": 1.03532800388e-10,
        "var": 0.00305256503634
    },
    "spectral_kurtosis": {
        "dmean": 6.01569604874,
        "dmean2": 10.1972761154,
        "dvar": 171.132965088,
        "dvar2": 470.356018066,
        "max": 368.375823975,
        "mean": 16.6717338562,
        "median": 4.9211435318,
        "min": -1.23150289059,
        "var": 1017.56945801
    },
    "spectral_rms": {
        "dmean": 0.000682672369294,
        "dmean2": 0.00103697797749,
        "dvar": 8.34504191971e-07,
        "dvar2": 1.93224900613e-06,
        "max": 0.0140796368942,
        "mean": 0.00509428512305,
        "median": 0.00497365277261,
        "min": 3.23382119694e-12,
        "var": 6.06390494795e-06
    },
    "spectral_rolloff": {
        "dmean": 388.782012939,
        "dmean2": 663.4453125,
        "dvar": 1370591.125,
        "dvar2": 3132304.5,
        "max": 19530.6152344,
        "mean": 1290.06860352,
        "median": 495.263671875,
        "min": 86.1328125,
        "var": 7920944
    },
    "spectral_skewness": {
        "dmean": 0.482852399349,
        "dmean2": 0.786384880543,
        "dvar": 0.52980029583,
        "dvar2": 1.44988238811,
        "max": 14.615187645,
        "mean": 2.42289686203,
        "median": 1.77215564251,
        "min": -0.0146750202402,
        "var": 3.58346319199
    },
    "spectral_spread": {
        "dmean": 555558.9375,
        "dmean2": 825768.4375,
        "dvar": 602494140416,
        "dvar2": 1.04336064512e+12,
        "max": 39719860,
        "mean": 4630862,
        "median": 4402585.5,
        "min": 337430.28125,
        "var": 7.06852788634e+12
    },
    "spectral_strongpeak": {
        "dmean": 0.343938827515,
        "dmean2": 0.584914028645,
        "dvar": 0.505422830582,
        "dvar2": 1.24784255028,
        "max": 15.8284025192,
        "mean": 0.804877698421,
        "median": 0.554003953934,
        "min": 0,
        "var": 0.86441385746
    },
    "zerocrossingrate": {
        "dmean": 0.00891746021807,
        "dmean2": 0.0101495897397,
        "dvar": 0.000242900103331,
        "dvar2": 0.000244396971539,
        "max": 0.6083984375,
        "mean": 0.052910938859,
        "median": 0.033203125,
        "min": 0.0029296875,
        "var": 0.00535389780998
    },
    "barkbands": {
        "dmean": [4.35395631939e-05, 0.00477144448087, 0.00347692822106, 0.00155481370166, 0.00295570865273, 0.000866461836267, 0.00046395190293, 0.000406583916629, 0.000488193123601, 0.000126195591292, 0.00020340186893, 0.000194040840142, 0.000252289348282, 0.000116333671031, 0.000136333401315, 0.000110751090688, 0.000127281266032, 9.42731567193e-05, 8.5745472461e-05, 7.76844171924e-05, 8.55312027852e-05, 0.000131466134917, 0.000104428690975, 5.78523395234e-05, 4.87578072352e-05, 9.14417905733e-05, 2.46697927651e-05],
        "dmean2": [7.17122093192e-05, 0.00742906983942, 0.00556541141123, 0.00265095452778, 0.00490109110251, 0.00118855771143, 0.000639275705907, 0.00057423452381, 0.000714757305104, 0.00019346587942, 0.000305901397951, 0.000283481058432, 0.000368303590221, 0.000173556152731, 0.000213516192161, 0.000172144791577, 0.00019420775061, 0.000144997888128, 0.000129303938593, 0.000120410724776, 0.000135793845402, 0.000215438994928, 0.000170266372152, 9.17044526432e-05, 7.20282987459e-05, 0.000132283515995, 3.60636731784e-05],
        "dvar": [1.08053583858e-08, 0.000150753112393, 8.23647715151e-05, 9.97825918603e-06, 2.66248116532e-05, 2.68065969067e-06, 1.0971186839e-06, 1.04132095657e-06, 1.81041764336e-06, 2.33461008747e-07, 5.04559807268e-07, 5.36034804099e-07, 9.33872001951e-07, 1.39498084195e-07, 1.32496012384e-07, 9.81315366744e-08, 1.2923867132e-07, 5.29552615092e-08, 4.33619433693e-08, 5.81187897808e-08, 7.38479002393e-08, 2.32292620694e-07, 1.68556212543e-07, 5.60192638943e-08, 3.7767438954e-08, 3.82279921496e-07, 4.6379010854e-08],
        "dvar2": [2.90649406764e-08, 0.000347290479112, 0.000206023702049, 2.77033104794e-05, 7.49579630792e-05, 4.98872486787e-06, 2.11178326026e-06, 1.85535566288e-06, 4.08282312492e-06, 4.95188146488e-07, 1.11760175514e-06, 1.01049863588e-06, 1.89007789686e-06, 2.81176596673e-07, 3.12787477696e-07, 2.3611163158e-07, 2.8105634442e-07, 1.20895904843e-07, 9.62114086178e-08, 1.44690446291e-07, 1.85304458e-07, 6.15342912624e-07, 4.41111183136e-07, 1.36260197792e-07, 7.29019404844e-08, 6.61618400954e-07, 8.28962214428e-08],
        "max": [0.00167596689425, 0.14954815805, 0.116892769933, 0.0494549237192, 0.0790756642818, 0.0344742871821, 0.0377859063447, 0.0249537266791, 0.0335616059601, 0.0242714248598, 0.022853249684, 0.0253915674984, 0.0341767407954, 0.016950679943, 0.00913046859205, 0.00784367974848, 0.0150962453336, 0.00515945535153, 0.00525262858719, 0.00491105951369, 0.00682110385969, 0.0109764467925, 0.00787472072989, 0.00541683938354, 0.00689214188606, 0.0480674877763, 0.013666016981],
        "mean": [8.07066026027e-05, 0.0076984311454, 0.0055381488055, 0.00257184263319, 0.00768231553957, 0.00207070959732, 0.00118595198728, 0.000939007499255, 0.00114182161633, 0.000241480986006, 0.000422831682954, 0.000399107520934, 0.000499513174873, 0.000205678778002, 0.000250238779699, 0.000228149307077, 0.000289598421659, 0.00019222580886, 0.000171739287907, 0.000131554974359, 0.000141228476423, 0.000200407521334, 0.000171831692569, 9.31532267714e-05, 8.59714491526e-05, 0.000144924371853, 3.74950250261e-05],
        "median": [1.36175858643e-05, 0.00182795047294, 0.00190278282389, 0.0013882155763, 0.00483542121947, 0.000722209224477, 0.000283768575173, 0.000230600388022, 0.000189408980077, 3.64638326573e-05, 3.67620123143e-05, 6.37017001281e-05, 5.06779251737e-05, 3.16986624966e-05, 6.78035285091e-05, 5.46714363736e-05, 4.79572481709e-05, 4.27033119195e-05, 3.6961700971e-05, 2.30204186664e-05, 1.72614927578e-05, 2.59456501226e-05, 1.88470767171e-05, 8.57371742313e-06, 8.59615010995e-06, 6.13795509707e-06, 1.10719417989e-06],
        "min": [4.40790987595e-23, 4.32790738947e-23, 2.59798969796e-23, 5.02772987987e-23, 3.86993135105e-23, 4.9699183662e-23, 6.62684812241e-24, 3.38718097812e-23, 9.77040771153e-23, 4.41645103074e-23, 5.39908015566e-23, 1.12111308885e-22, 7.26790363081e-23, 7.08696228944e-23, 1.5757988831e-22, 1.70147704708e-22, 1.64536366695e-22, 2.11299309093e-22, 2.19125945233e-22, 3.27544993806e-22, 4.70070374197e-22, 3.34353557616e-22, 6.99407461205e-22, 8.74669281741e-22, 1.15732907454e-21, 1.83683290615e-21, 2.29591471299e-21],
        "var": [2.1299088715e-08, 0.000216449378058, 0.000101931109384, 1.29976524477e-05, 7.56399458623e-05, 1.2709042494e-05, 5.22270875081e-06, 4.11453129345e-06, 6.63909622745e-06, 7.16724400718e-07, 1.93976484297e-06, 1.71343845068e-06, 2.98499139717e-06, 4.58937023495e-07, 3.08955321771e-07, 3.02283154952e-07, 5.9552081666e-07, 1.61049428016e-07, 1.30729972625e-07, 1.19068090498e-07, 1.42783036949e-07, 3.14432242021e-07, 2.49254412665e-07, 9.57829087156e-08, 9.48570999526e-08, 1.08063102289e-06, 1.1293254687e-07]
    },
    "erbbands": {
        "dmean": [0.0729190856218, 1.28344500065, 3.87773323059, 3.90463638306, 7.87618923187, 12.1257629395, 6.81430435181, 8.3961648941, 6.19083213806, 8.21977710724, 9.50182819366, 10.58177948, 7.00381422043, 5.20019292831, 7.79732704163, 7.47608661652, 11.1602315903, 6.62434625626, 6.00509643555, 7.41012048721, 5.35920619965, 6.35511827469, 5.14387750626, 3.9070854187, 4.06335449219, 3.5298306942, 3.53554701805, 3.7294960022, 4.63614273071, 3.96547794342, 2.83772850037, 1.46300876141, 0.879935979843, 0.499274760485, 0.404694586992, 0.346007496119, 0.183672338724, 0.0479688569903, 0.0039088963531, 0.000129988417029],
        "dmean2": [0.111122965813, 2.00683283806, 6.05624008179, 6.39461040497, 13.3844108582, 19.4716796875, 10.793507576, 11.1005268097, 8.67366981506, 11.2969799042, 13.1873521805, 15.4707756042, 10.203660965, 7.67666435242, 11.5516414642, 10.8551864624, 16.2622852325, 9.77700710297, 8.98854351044, 11.7330570221, 8.0822725296, 9.6350774765, 7.83215665817, 5.88338041306, 6.10396194458, 5.35240602493, 5.6010966301, 6.05406522751, 7.5294418335, 6.43675374985, 4.61348676682, 2.33772182465, 1.38492405415, 0.74863421917, 0.605292201042, 0.505992531776, 0.271440774202, 0.0655364170671, 0.00568586913869, 0.00019186316058],
        "dvar": [0.0384823046625, 10.8757181168, 97.7933502197, 61.5990791321, 232.56161499, 477.940979004, 177.318023682, 303.776977539, 197.037826538, 334.4269104, 591.782714844, 898.231445312, 487.020996094, 319.257202148, 632.992797852, 851.165893555, 2178.52514648, 462.524536133, 311.576263428, 355.214630127, 250.499816895, 317.787445068, 148.175811768, 101.402938843, 104.300117493, 114.067977905, 147.511322021, 157.077011108, 261.276062012, 223.010055542, 135.550598145, 36.9492912292, 12.2526750565, 3.33737254143, 3.32082462311, 3.36437129974, 2.04220342636, 0.179092347622, 0.00117149658035, 1.04359185116e-06],
        "dvar2": [0.0954818725586, 24.788898468, 237.493774414, 148.71723938, 646.690368652, 1338.76599121, 466.069335938, 521.080566406, 364.709899902, 656.53137207, 1002.78094482, 1991.78222656, 1048.8157959, 630.087280273, 1380.10302734, 1656.57092285, 4485.18164062, 964.473022461, 664.49041748, 893.047241211, 587.434265137, 695.43157959, 330.716064453, 231.316162109, 237.847824097, 273.468902588, 368.716308594, 415.287475586, 684.72479248, 575.118774414, 358.835449219, 92.4047317505, 29.0988311768, 7.05861520767, 6.56062507629, 6.3464345932, 4.07184123993, 0.25141531229, 0.00213960185647, 1.99947248802e-06],
        "max": [2.90884160995, 38.9538612366, 134.344863892, 133.183227539, 264.467254639, 429.690673828, 297.705413818, 418.976867676, 579.81072998, 625.964233398, 686.334289551, 698.737182617, 721.136901855, 797.161437988, 911.38671875, 988.206665039, 1895.85986328, 910.206420898, 567.707946777, 566.560852051, 549.324768066, 765.173950195, 380.887084961, 297.451293945, 243.492828369, 241.285583496, 391.382873535, 209.683944702, 304.801116943, 345.947143555, 262.473754883, 137.980377197, 105.342506409, 79.987159729, 85.9120330811, 85.3444061279, 119.866439819, 36.6339225769, 2.23141932487, 0.0668342188001],
        "mean": [0.142504066229, 2.01570415497, 6.14874601364, 7.56428384781, 15.17623806, 32.7066078186, 17.3679599762, 19.7301845551, 14.5744533539, 23.0327568054, 22.8018264771, 26.0674591064, 15.0757398605, 11.6489477158, 17.5927715302, 16.0261859894, 22.6523170471, 13.2744836807, 11.9619550705, 14.5837936401, 12.5772399902, 15.4255304337, 12.1814832687, 8.44386196136, 8.18899345398, 6.41074895859, 5.76815462112, 5.894947052, 6.98966360092, 6.57070541382, 4.52992486954, 2.348913908, 1.40615713596, 0.879600584507, 0.66182243824, 0.541877031326, 0.272812753916, 0.0741488412023, 0.00596712622792, 0.000228932127357],
        "median": [0.0342464707792, 0.48926243186, 2.11940598488, 4.34836101532, 9.36777877808, 16.9942131042, 9.83988666534, 5.9133605957, 4.36563110352, 7.15973377228, 6.9715013504, 4.96098709106, 3.10853743553, 1.99425888062, 2.23432731628, 3.24655199051, 2.7453212738, 1.96646952629, 2.83579826355, 4.0061750412, 3.01980280876, 2.91577553749, 2.56364178658, 2.06871604919, 1.77510976791, 1.18955159187, 0.802455544472, 0.702717900276, 0.900547981262, 0.81274497509, 0.464454233646, 0.22104588151, 0.131176412106, 0.10031928122, 0.0521096177399, 0.0268044508994, 0.00982517469674, 0.00177101348527, 0.000226633899729, 5.21114488947e-05],
        "min": [1.27467421678e-21, 1.00286642374e-20, 2.24147673711e-20, 1.33332454531e-19, 6.45561218346e-20, 1.02274187749e-19, 6.72094432361e-19, 1.62841735143e-19, 1.03207900177e-19, 1.45449797475e-19, 1.03932431553e-18, 2.43527617843e-18, 1.67397212647e-18, 1.59940241463e-18, 3.37619743393e-18, 3.6607667966e-18, 2.78974581838e-18, 3.29424182641e-18, 5.72858804704e-18, 8.83008355583e-18, 1.13590426949e-17, 9.85064658789e-18, 1.19612037111e-17, 1.00492857402e-17, 1.20359427882e-17, 1.49670821042e-17, 2.07686043202e-17, 1.48810139614e-17, 1.05548684567e-17, 1.98315145653e-17, 1.81616139252e-17, 1.73319765862e-17, 1.44765077526e-17, 1.02720984187e-17, 1.03247013154e-17, 6.18154387867e-18, 3.24154297676e-18, 1.38918418132e-18, 2.88227310433e-19, 3.66323978229e-20],
        "var": [0.0635810866952, 15.549487114, 128.420181274, 100.999382019, 347.153869629, 1830.73999023, 525.133544922, 1437.6184082, 864.514648438, 1736.41320801, 2294.40649414, 3439.1640625, 1590.27355957, 1401.57617188, 2326.51293945, 2560.76928711, 6614.89941406, 1671.16101074, 854.981079102, 953.241333008, 923.817016602, 1506.31115723, 596.292419434, 299.0574646, 291.281524658, 273.945617676, 278.367218018, 233.764083862, 357.814697266, 372.977752686, 185.328735352, 61.7234992981, 21.40001297, 7.84087705612, 7.71130990982, 8.28760147095, 4.77386522293, 0.560699880123, 0.00268008187413, 2.23965525947e-06]
    },
    "gfcc": {
        "mean": [-67.9494018555, 115.443374634, -92.6867446899, 27.1698970795, -45.4058837891, -4.41173791885, -38.3235816956, -6.36470127106, -21.3278961182, -6.44146251678, -18.5013656616, -3.02984118462, -13.0853834152],
        "cov": [[30302.4863281, -1931.4119873, 548.97253418, 1658.38903809, -974.981567383, 1266.64929199, -714.863586426, 503.500213623, -781.122558594, 33.2483329773, -1028.78747559, 464.745574951, -663.621520996], [-1931.4119873, 5506.20117188, -673.178100586, -569.116577148, 970.737609863, -766.079467773, 696.481018066, -360.229431152, 461.866973877, -235.456222534, 504.254425049, -390.96395874, 455.765228271], [548.97253418, -673.178100586, 1052.16723633, 27.4641857147, 71.6097335815, 217.166168213, -89.5072937012, 161.2059021, -27.538980484, 103.974838257, -104.325340271, 150.849090576, -72.250869751], [1658.38903809, -569.116577148, 27.4641857147, 822.829650879, -3.94667506218, 172.865921021, -87.5629959106, -40.4570999146, -67.729385376, -37.2516937256, -90.0986938477, -23.736240387, -7.42972707748], [-974.981567383, 970.737609863, 71.6097335815, -3.94667506218, 558.626281738, -88.3005065918, 212.09034729, 1.0983992815, 125.707221985, -1.5524623394, 106.800170898, -62.5360641479, 93.7461090088], [1266.64929199, -766.079467773, 217.166168213, 172.865921021, -88.3005065918, 395.377258301, 14.0603084564, 150.542755127, -33.2569084167, 87.3877258301, -51.3881912231, 97.0451812744, -83.6969985962], [-714.863586426, 696.481018066, -89.5072937012, -87.5629959106, 212.09034729, 14.0603084564, 391.760345459, 64.3825454712, 152.820358276, 54.3159980774, 134.306838989, -20.6409740448, 65.4421615601], [503.500213623, -360.229431152, 161.2059021, -40.4570999146, 1.0983992815, 150.542755127, 64.3825454712, 292.103118896, 97.396774292, 118.143493652, 3.05095624924, 86.8216781616, -37.9340858459], [-781.122558594, 461.866973877, -27.538980484, -67.729385376, 125.707221985, -33.2569084167, 152.820358276, 97.396774292, 268.384185791, 76.8161087036, 104.33303833, -4.30051898956, 70.2601699829], [33.2483329773, -235.456222534, 103.974838257, -37.2516937256, -1.5524623394, 87.3877258301, 54.3159980774, 118.143493652, 76.8161087036, 180.036254883, 39.9884872437, 65.9159164429, -13.4261407852], [-1028.78747559, 504.254425049, -104.325340271, -90.0986938477, 106.800170898, -51.3881912231, 134.306838989, 3.05095624924, 104.33303833, 39.9884872437, 189.563079834, -8.83878517151, 62.8925247192], [464.745574951, -390.96395874, 150.849090576, -23.736240387, -62.5360641479, 97.0451812744, -20.6409740448, 86.8216781616, -4.30051898956, 65.9159164429, -8.83878517151, 162.974731445, -21.3537731171], [-663.621520996, 455.765228271, -72.250869751, -7.42972707748, 93.7461090088, -83.6969985962, 65.4421615601, -37.9340858459, 70.2601699829, -13.4261407852, 62.8925247192, -21.3537731171, 155.193115234]],
        "icov": [[8.31846045912e-05, -0.000182804462384, 4.91827486258e-05, -0.000198072273633, 0.00016417884035, -0.000193974294234, 0.000122490469948, -0.00024203886278, 0.000235294195591, -0.000184207063285, 0.000457724469015, -0.000289712101221, 0.000243556118221], [-0.000182804462384, 0.00102955114562, -8.45003887662e-05, 0.000701867276803, -0.000878171995282, 0.000797387911007, -0.000758132315241, 0.000940837140661, -0.000970115128439, 0.0010677020764, -0.00151814415585, 0.0010912270518, -0.00100385898259], [4.91827486258e-05, -8.45003887662e-05, 0.00146028050222, 4.51091109426e-05, -0.000656189164147, -0.000643487030175, 0.000595009303652, -0.000295753940009, 0.000128382467665, -0.000521450594533, 0.0010170644382, -0.00102677056566, 0.000209930309211], [-0.000198072273633, 0.000701867276803, 4.51091109426e-05, 0.00219321786426, -0.000946826010477, -0.000612017000094, -1.20487584354e-05, 0.00121898762882, -0.000900457263924, 0.000843804038595, -0.000712399254553, 0.00130393030122, -0.00128850352485], [0.00016417884035, -0.000878171995282, -0.000656189164147, -0.000946826010477, 0.00368159054779, 6.40830403427e-05, -0.000745068537071, -0.000983471283689, 0.000583419168834, -0.000476088171126, 0.000592769763898, -2.64056416199e-05, 0.000265480572125], [-0.000193974294234, 0.000797387911007, -0.000643487030175, -0.000612017000094, 6.40830403427e-05, 0.00577458692715, -0.00192982226145, -0.000925465719774, 0.00033413147321, -5.74595505896e-05, -0.00124959368259, -0.000164283599588, 0.000490619277116], [0.000122490469948, -0.000758132315241, 0.000595009303652, -1.20487584354e-05, -0.000745068537071, -0.00192982226145, 0.00531373731792, -0.00100282032508, -0.00042491327622, -0.000968837237451, -0.000497190689202, -0.000267080788035, 0.00022342876764], [-0.00024203886278, 0.000940837140661, -0.000295753940009, 0.00121898762882, -0.000983471283689, -0.000925465719774, -0.00100282032508, 0.00771862873808, -0.00357689452358, -0.000826087663881, -0.000453559332527, -0.000425381644163, 0.000200350288651], [0.000235294195591, -0.000970115128439, 0.000128382467665, -0.000900457263924, 0.000583419168834, 0.00033413147321, -0.00042491327622, -0.00357689452358, 0.00822426285595, -0.00277761975303, -2.03473882721e-06, -0.000159691466251, -0.00098034425173], [-0.000184207063285, 0.0010677020764, -0.000521450594533, 0.000843804038595, -0.000476088171126, -5.74595505896e-05, -0.000968837237451, -0.000826087663881, -0.00277761975303, 0.010493745096, -0.00342246307991, -0.000668548687827, -0.000202104827622], [0.000457724469015, -0.00151814415585, 0.0010170644382, -0.000712399254553, 0.000592769763898, -0.00124959368259, -0.000497190689202, -0.000453559332527, -2.03473882721e-06, -0.00342246307991, 0.012199677527, -0.00275655067526, 0.0003034924448], [-0.000289712101221, 0.0010912270518, -0.00102677056566, 0.00130393030122, -2.64056416199e-05, -0.000164283599588, -0.000267080788035, -0.000425381644163, -0.000159691466251, -0.000668548687827, -0.00275655067526, 0.0108154946938, -0.00230339146219], [0.000243556118221, -0.00100385898259, 0.000209930309211, -0.00128850352485, 0.000265480572125, 0.000490619277116, 0.00022342876764, 0.000200350288651, -0.00098034425173, -0.000202104827622, 0.0003034924448, -0.00230339146219, 0.0105146011338]]
    },
    "melbands": {
        "dmean": [0.0010126644047, 0.00183570547961, 0.000742053962313, 0.000694080546964, 0.000312320044031, 0.000178019297891, 9.75880175247e-05, 8.7655018433e-05, 7.68029785831e-05, 6.89819062245e-05, 3.53186151187e-05, 2.06239019462e-05, 2.92746462947e-05, 2.41701563937e-05, 2.00476952159e-05, 2.4261938961e-05, 1.16718701975e-05, 9.99840904115e-06, 9.78760635917e-06, 9.07605772227e-06, 6.87268720867e-06, 7.00394775777e-06, 7.15412033969e-06, 3.98512020183e-06, 3.39780103786e-06, 3.33937555297e-06, 2.77518051917e-06, 2.44121633841e-06, 2.35581273955e-06, 2.16479179471e-06, 2.3587274427e-06, 2.75991192211e-06, 2.55732993537e-06, 2.24951941163e-06, 1.85436636002e-06, 1.21639607187e-06, 8.35445973735e-07, 6.83462474171e-07, 5.06357366703e-07, 4.16188129293e-07],
        "dmean2": [0.00156238197815, 0.00278934277594, 0.00119191908743, 0.00116100371815, 0.000492401712108, 0.000238012362388, 0.000134713744046, 0.000121616976685, 0.000106993611553, 0.000101006800833, 5.14615312568e-05, 3.04404511553e-05, 4.37464514107e-05, 3.4682219848e-05, 2.96125253954e-05, 3.55118463631e-05, 1.72115869645e-05, 1.46417960423e-05, 1.53377550305e-05, 1.42705657709e-05, 1.03590991785e-05, 1.07589758045e-05, 1.09091961349e-05, 6.11900577496e-06, 5.20951289218e-06, 5.01548311149e-06, 4.30061845691e-06, 3.72573322238e-06, 3.71918849851e-06, 3.49209540218e-06, 3.86654710383e-06, 4.49455092166e-06, 4.23470009991e-06, 3.63689423466e-06, 3.03330511997e-06, 1.99140436052e-06, 1.34198842261e-06, 1.0960606005e-06, 7.88352792824e-07, 6.22932418537e-07],
        "dvar": [6.87041438141e-06, 1.96910841623e-05, 1.71539886651e-06, 1.60991521625e-06, 3.18857644288e-07, 1.28940357058e-07, 4.40828777926e-08, 3.39943611039e-08, 3.49625679519e-08, 3.86286274079e-08, 1.29616930522e-08, 5.29753885203e-09, 9.92015980472e-09, 8.92216434067e-09, 6.26717255869e-09, 8.55949000567e-09, 1.57792923172e-09, 9.77478542552e-10, 7.00379088059e-10, 6.24256424331e-10, 4.16876894116e-10, 4.48792891738e-10, 3.92998966703e-10, 1.0604506856e-10, 8.81135511777e-11, 7.4901806979e-11, 7.1866762541e-11, 5.96622681814e-11, 6.79302517015e-11, 5.44157566229e-11, 6.26083351829e-11, 8.61216237213e-11, 9.93963591989e-11, 6.66906113667e-11, 5.87061302348e-11, 2.2538079042e-11, 1.31502655987e-11, 8.22166466852e-12, 3.25875004065e-12, 2.39926112831e-12],
        "dvar2": [1.62056294357e-05, 4.53262182418e-05, 4.0388031266e-06, 4.54801192973e-06, 8.57668339904e-07, 2.25274220611e-07, 8.0362575261e-08, 6.73716300525e-08, 6.0475713326e-08, 8.78013608485e-08, 2.79305378825e-08, 1.04537001278e-08, 2.16836308908e-08, 1.648544945e-08, 1.32227722105e-08, 1.69139777739e-08, 3.20275850285e-09, 1.92954940914e-09, 1.64831792659e-09, 1.55893320475e-09, 9.51902778823e-10, 9.97202209696e-10, 8.18389300772e-10, 2.48461251573e-10, 2.03366212759e-10, 1.63174210255e-10, 1.78664985584e-10, 1.41873179871e-10, 1.69083982926e-10, 1.40749939481e-10, 1.67047778388e-10, 2.25521476493e-10, 2.60670762753e-10, 1.70925010257e-10, 1.56799573325e-10, 5.80855086252e-11, 3.27686211499e-11, 1.98515665711e-11, 7.6046556205e-12, 5.02634739385e-12],
        "max": [0.0355869308114, 0.0581515878439, 0.0221984796226, 0.0205877032131, 0.0109551502392, 0.00826213043183, 0.00879119429737, 0.00569744082168, 0.00526584591717, 0.00536977173761, 0.00384286954068, 0.0030795391649, 0.00364278885536, 0.00366201181896, 0.00273348577321, 0.00404810206965, 0.00209117610939, 0.00106181239244, 0.000732601154596, 0.000706144899596, 0.000637381337583, 0.000871752796229, 0.000831835786812, 0.000330390932504, 0.00029020011425, 0.000245357427048, 0.000269289448624, 0.000198415567866, 0.000302672444377, 0.000199442103622, 0.000119949603686, 0.000163053715369, 0.000355095980922, 0.000242804686422, 0.000161752905115, 0.000102988698927, 8.50989526953e-05, 0.000100726501842, 6.68417123961e-05, 6.58777789795e-05],
        "mean": [0.00174981239252, 0.00317079783417, 0.00157920888159, 0.00171482400037, 0.000857149658259, 0.000417142175138, 0.000239654676989, 0.000240055145696, 0.000180353817996, 0.000162638432812, 7.19117524568e-05, 4.36213704234e-05, 6.36074255453e-05, 4.98834888276e-05, 3.98117626901e-05, 4.7352808906e-05, 2.14328192669e-05, 1.86434681382e-05, 1.81660088856e-05, 1.73269327206e-05, 1.47298715092e-05, 1.50950436364e-05, 1.61253392434e-05, 8.3304803411e-06, 6.5627668846e-06, 6.47718752589e-06, 5.02250532008e-06, 4.03828744311e-06, 3.54928920387e-06, 3.36584025717e-06, 3.46485489899e-06, 3.96000768887e-06, 3.83955466532e-06, 3.61865795639e-06, 2.8152530831e-06, 1.84472776255e-06, 1.27461942157e-06, 1.02745445929e-06, 8.1679587538e-07, 7.04082594893e-07],
        "median": [0.000434469227912, 0.00114519381896, 0.00101155065931, 0.00106314965524, 0.000512928410899, 0.000125574835693, 7.58398382459e-05, 8.00981360953e-05, 4.53590255347e-05, 2.64511545538e-05, 1.0922054571e-05, 6.76247282172e-06, 6.51422305964e-06, 6.75253340887e-06, 5.781515938e-06, 5.20399498782e-06, 2.50307243732e-06, 3.67584516425e-06, 5.04796435052e-06, 4.12285316997e-06, 3.12431757266e-06, 2.59288663074e-06, 2.52705012826e-06, 1.84052555596e-06, 1.51147014549e-06, 1.27222926949e-06, 9.34742274694e-07, 6.12156668467e-07, 4.68072272497e-07, 3.46723538769e-07, 3.7801697772e-07, 4.46663761977e-07, 4.40973394689e-07, 3.96625154053e-07, 2.46333570431e-07, 1.52804091158e-07, 9.42549860383e-08, 7.41483034972e-08, 8.57961310885e-08, 7.00288182998e-08],
        "min": [1.47245558016e-23, 1.28928207797e-23, 2.00837154934e-23, 3.84133727316e-24, 1.9137077674e-23, 4.74928343734e-24, 1.55743368847e-24, 2.2419369734e-24, 8.59588517375e-24, 1.65526273535e-23, 8.35954402427e-24, 5.98690482901e-24, 9.95538439198e-24, 1.25563739702e-23, 8.13653620181e-24, 6.02200835043e-24, 6.16378834877e-24, 7.70250019859e-24, 1.52066870765e-23, 7.66047442272e-24, 1.5246939493e-23, 9.29142304502e-24, 1.22284547471e-23, 8.39962762459e-24, 8.00213639166e-24, 8.31313297063e-24, 9.82873198479e-24, 9.94882264697e-24, 1.26672183937e-23, 1.22959173428e-23, 6.83431696277e-24, 4.9772027078e-24, 8.35550663416e-24, 1.17610893706e-23, 9.29118717561e-24, 1.3973298318e-23, 9.25213303878e-24, 1.01170148917e-23, 1.09226138476e-23, 7.14116018907e-24],
        "var": [1.0240382835e-05, 3.09848219331e-05, 3.48217326973e-06, 4.13076941186e-06, 1.12684551823e-06, 6.11433620179e-07, 2.03520599484e-07, 1.6959231175e-07, 1.33717648509e-07, 1.43322537838e-07, 4.1310819654e-08, 2.23152181178e-08, 3.78330078377e-08, 2.89131705244e-08, 1.77985306493e-08, 2.62486761216e-08, 5.70644509423e-09, 2.83169065973e-09, 1.67765001891e-09, 1.66286540093e-09, 1.52130807951e-09, 1.57680624113e-09, 1.88208981733e-09, 3.45329487228e-10, 2.24310542363e-10, 2.10436224002e-10, 1.57353713393e-10, 1.31575347839e-10, 1.2415463102e-10, 9.54362075478e-11, 8.29210103359e-11, 1.12256960672e-10, 1.4735430931e-10, 1.13607394325e-10, 7.42208031146e-11, 3.59246798975e-11, 2.12679630851e-11, 1.32189944754e-11, 6.55995613733e-12, 5.51418806449e-12]
    },
    "mfcc": {
        "mean": [-708.234741211, 144.038314819, 16.0255832672, 30.0171108246, 10.9240465164, 4.44813632965, -9.13779449463, -0.648043692112, -5.9560008049, -6.23390388489, -3.64073324203, -6.06744527817, -2.6544251442],
        "cov": [[15403.4082031, -1830.37866211, 80.8900527954, 645.06854248, -299.513092041, 516.165405273, -10.0161733627, 590.664550781, 176.04359436, 160.382125854, 250.448120117, -161.154296875, 20.8003997803], [-1830.37866211, 3726.62915039, -138.269836426, -55.0641784668, 214.969924927, -107.196289062, 188.535232544, -30.460943222, 139.727264404, 85.2604904175, 140.177902222, 265.28427124, 115.999519348], [80.8900527954, -138.269836426, 662.011108398, -69.5603103638, 81.5963821411, 61.0940055847, -39.1477661133, 67.9403076172, 26.7432842255, 24.9151096344, 12.0066947937, 8.77266216278, 50.5475616455], [645.06854248, -55.0641784668, -69.5603103638, 544.532409668, 138.288375854, 141.211853027, 45.6270446777, 10.275967598, 53.7217712402, 12.2256507874, -40.1086082458, -7.00941038132, 21.0764465332], [-299.513092041, 214.969924927, 81.5963821411, 138.288375854, 329.67590332, 38.0262870789, 19.1630191803, 22.8975563049, 45.0768356323, 31.6275424957, -3.81532764435, 29.4070358276, 23.6804847717], [516.165405273, -107.196289062, 61.0940055847, 141.211853027, 38.0262870789, 240.738571167, 85.0065994263, 53.5737342834, 40.5209617615, 23.8842430115, 28.5057468414, 20.7226753235, 14.5895137787], [-10.0161733627, 188.535232544, -39.1477661133, 45.6270446777, 19.1630191803, 85.0065994263, 216.455200195, 60.8047294617, 40.0283088684, 47.981464386, 50.1783294678, 53.7984161377, 24.5891723633], [590.664550781, -30.460943222, 67.9403076172, 10.275967598, 22.8975563049, 53.5737342834, 60.8047294617, 198.796295166, 67.0149459839, 55.371963501, 78.4898834229, 33.6976966858, 45.0600471497], [176.04359436, 139.727264404, 26.7432842255, 53.7217712402, 45.0768356323, 40.5209617615, 40.0283088684, 67.0149459839, 182.675109863, 85.7690582275, 57.2313232422, 72.1544570923, 43.1686058044], [160.382125854, 85.2604904175, 24.9151096344, 12.2256507874, 31.6275424957, 23.8842430115, 47.981464386, 55.371963501, 85.7690582275, 175.843154907, 86.9744796753, 68.2830734253, 41.1811332703], [250.448120117, 140.177902222, 12.0066947937, -40.1086082458, -3.81532764435, 28.5057468414, 50.1783294678, 78.4898834229, 57.2313232422, 86.9744796753, 189.824249268, 83.029296875, 32.1374740601], [-161.154296875, 265.28427124, 8.77266216278, -7.00941038132, 29.4070358276, 20.7226753235, 53.7984161377, 33.6976966858, 72.1544570923, 68.2830734253, 83.029296875, 172.70161438, 70.6955490112], [20.8003997803, 115.999519348, 50.5475616455, 21.0764465332, 23.6804847717, 14.5895137787, 24.5891723633, 45.0600471497, 43.1686058044, 41.1811332703, 32.1374740601, 70.6955490112, 139.685577393]],
