{
"lowlevel": {
    "average_loudness": 0.532221436501,
    "barkbands_crest": {
        "dmean": 1.71247124672,
        "dmean2": 2.85045814514,
        "dvar": 3.02295184135,
        "dvar2": 8.06193733215,
        "max": 25.4635658264,
        "mean": 11.0659914017,
        "median": 10.4325037003,
        "min": 2.61199569702,
        "var": 14.2514791489
    },
    "barkbands_flatness_db": {
        "dmean": 0.0173093099147,
        "dmean2": 0.0283585786819,
        "dvar": 0.000328826223267,
        "dvar2": 0.000800542300567,
        "max": 0.501879274845,
        "mean": 0.298420906067,
        "median": 0.294827520847,
        "min": 0.0173640046269,
        "var": 0.00353543134406
    },
    "barkbands_kurtosis": {
        "dmean": 1.37764668465,
        "dmean2": 2.22052931786,
        "dvar": 3.75236964226,
        "dvar2": 10.0230121613,
        "max": 69.7976531982,
        "mean": 4.54404783249,
        "median": 3.63048577309,
        "min": -1.56582212448,
        "var": 20.444070816
    },
    "barkbands_skewness": {
        "dmean": 0.273007005453,
        "dmean2": 0.436319082975,
        "dvar": 0.0827837064862,
        "dvar2": 0.210086226463,
        "max": 6.35402679443,
        "mean": 1.44056165218,
        "median": 1.41794538498,
        "min": -1.79400169849,
        "var": 0.758340358734
    },
    "barkbands_spread": {
        "dmean": 0.986347556114,
        "dmean2": 1.61571586132,
        "dvar": 2.47824954987,
        "dvar2": 6.09638309479,
        "max": 88.07447052,
        "mean": 6.44045352936,
        "median": 5.62017011642,
        "min": 0.440053254366,
        "var": 26.9253330231
    },
    "dissonance": {
        "dmean": 0.028602687642,
        "dmean2": 0.0483308918774,
        "dvar": 0.00073884188896,
        "dvar2": 0.0019976652693,
        "max": 0.499958008528,
        "mean": 0.411174893379,
        "median": 0.417509257793,
        "min": 0.16297146678,
        "var": 0.00238545425236
    },
    "dynamic_complexity": 5.36789655685,
    "erbbands_crest": {
        "dmean": 1.81948876381,
        "dmean2": 2.90213108063,
        "dvar": 3.85273790359,
        "dvar2": 9.01511478424,
        "max": 30.4726085663,
        "mean": 12.022444725,
        "median": 11.1640720367,
        "min": 2.46065354347,
        "var": 19.2548732758
    },
    "erbbands_flatness_db": {
        "dmean": 0.0121631789953,
        "dmean2": 0.0190576352179,
        "dvar": 0.000183740412467,
        "dvar2": 0.00041493223398,
        "max": 0.479030281305,
        "mean": 0.327269226313,
        "median": 0.324610322714,
        "min": 0.0380361191928,
        "var": 0.00280566746369
    },
    "erbbands_kurtosis": {
        "dmean": 0.727992713451,
        "dmean2": 1.14094805717,
        "dvar": 0.901345014572,
        "dvar2": 2.13152122498,
        "max": 30.1766204834,
        "mean": 1.44742107391,
        "median": 0.962037563324,
        "min": -1.71876013279,
        "var": 4.5929107666
    },
    "erbbands_skewness": {
        "dmean": 0.216014757752,
        "dmean2": 0.341067433357,
        "dvar": 0.0475222617388,
        "dvar2": 0.114734485745,
        "max": 4.595723629,
        "mean": 0.878518640995,
        "median": 0.898854494095,
        "min": -2.04023551941,
        "var": 0.409664422274
    },
    "erbbands_spread": {
        "dmean": 1.92024147511,
        "dmean2": 3.06038975716,
        "dvar": 5.49723625183,
        "dvar2": 13.6390514374,
        "max": 87.6337738037,
        "mean": 14.9283676147,
        "median": 13.9221124649,
        "min": 1.69867682457,
        "var": 57.2589263916
    },
    "hfc": {
        "dmean": 2.59390592575,
        "dmean2": 3.65901041031,
        "dvar": 27.4272212982,
        "dvar2": 56.3408088684,
        "max": 96.6563796997,
        "mean": 11.0394945145,
        "median": 7.85320615768,
        "min": 1.12536837077e-16,
        "var": 131.252212524
    },
    "melbands_crest": {
        "dmean": 2.09981536865,
        "dmean2": 3.53971719742,
        "dvar": 4.67070960999,
        "dvar2": 13.4423284531,
        "max": 31.1504688263,
        "mean": 13.4074554443,
        "median": 12.6664457321,
        "min": 2.06764745712,
        "var": 18.9818725586
    },
    "melbands_flatness_db": {
        "dmean": 0.0194199346006,
        "dmean2": 0.0308963041753,
        "dvar": 0.000484664924443,
        "dvar2": 0.00110452109948,
        "max": 0.594464600086,
        "mean": 0.380820840597,
        "median": 0.371923744678,
        "min": 0.00531805399805,
        "var": 0.0058397622779
    },
    "melbands_kurtosis": {
        "dmean": 1.7400752306,
        "dmean2": 2.7867102623,
        "dvar": 5.84784841537,
        "dvar2": 15.3121519089,
        "max": 59.9406661987,
        "mean": 6.1699347496,
        "median": 4.77532196045,
        "min": -1.67399644852,
        "var": 34.2916755676
    },
    "melbands_skewness": {
        "dmean": 0.298854112625,
        "dmean2": 0.47700715065,
        "dvar": 0.101297825575,
        "dvar2": 0.255776286125,
        "max": 5.70166873932,
        "mean": 1.62712931633,
        "median": 1.54765701294,
        "min": -1.33649218082,
        "var": 0.857722699642
    },
    "melbands_spread": {
        "dmean": 1.3535746336,
        "dmean2": 2.20329236984,
        "dvar": 4.04388284683,
        "dvar2": 8.6264295578,
        "max": 124.237030029,
        "mean": 8.85230541229,
        "median": 7.77481079102,
        "min": 0.832067668438,
        "var": 27.163898468
    },
    "pitch_salience": {
        "dmean": 0.0464902073145,
        "dmean2": 0.0772942751646,
        "dvar": 0.00216722791083,
        "dvar2": 0.00581125728786,
        "max": 0.861735463142,
        "mean": 0.567511916161,
        "median": 0.573611497879,
        "min": 0.186730355024,
        "var": 0.00958856195211
    },
    "silence_rate_20dB": {
        "dmean": 0,
        "dmean2": 0,
        "dvar": 0,
        "dvar2": 0,
        "max": 1,
        "mean": 1,
        "median": 1,
        "min": 1,
        "var": 0
    },
    "silence_rate_30dB": {
        "dmean": 0.00201534759253,
        "dmean2": 0.00403100764379,
        "dvar": 0.00201117247343,
        "dvar2": 0.00509965931997,
        "max": 1,
        "mean": 0.998294830322,
        "median": 1,
        "min": 0,
        "var": 0.00170254823752
    },
    "silence_rate_60dB": {
        "dmean": 0.0148825673386,
        "dmean2": 0.0297674424946,
        "dvar": 0.0146638937294,
        "dvar2": 0.0313608460128,
        "max": 1,
        "mean": 0.141915977001,
        "median": 0,
        "min": 0,
        "var": 0.12177862227
    },
    "spectral_centroid": {
        "dmean": 47.1529541016,
        "dmean2": 76.9914093018,
        "dvar": 8686.09179688,
        "dvar2": 12592.140625,
        "max": 10763.9306641,
        "mean": 545.791320801,
        "median": 513.531860352,
        "min": 217.086181641,
        "var": 40580.234375
    },
    "spectral_complexity": {
        "dmean": 1.46794819832,
        "dmean2": 2.33333325386,
        "dvar": 2.60210824013,
        "dvar2": 5.42588615417,
        "max": 30,
        "mean": 12.2977828979,
        "median": 13,
        "min": 0,
        "var": 30.187166214
    },
    "spectral_decrease": {
        "dmean": 1.27449462095e-09,
        "dmean2": 1.93769489343e-09,
        "dvar": 4.11817699583e-18,
        "dvar2": 9.15144570535e-18,
        "max": 4.40065874218e-29,
        "mean": -5.60817037254e-09,
        "median": -4.40402558866e-09,
        "min": -3.71389816678e-08,
        "var": 2.47427919188e-17
    },
    "spectral_energy": {
        "dmean": 0.00503327324986,
        "dmean2": 0.00762596121058,
        "dvar": 6.51649170322e-05,
        "dvar2": 0.000143682962516,
        "max": 0.147239506245,
        "mean": 0.0221678242087,
        "median": 0.0173559784889,
        "min": 1.00413393262e-20,
        "var": 0.000389724707929
    },
    "spectral_energyband_high": {
        "dmean": 9.50646972342e-06,
        "dmean2": 1.33703842948e-05,
        "dvar": 1.16102971681e-09,
        "dvar2": 2.47257214703e-09,
        "max": 0.00121738843154,
        "mean": 1.58011298481e-05,
        "median": 3.01703880723e-06,
        "min": 7.3970448563e-21,
        "var": 1.88553728186e-09
    },
    "spectral_energyband_low": {
        "dmean": 0.00087407103274,
        "dmean2": 0.00145814300049,
        "dvar": 3.20959065903e-06,
        "dvar2": 9.48311662796e-06,
        "max": 0.0338959246874,
        "mean": 0.00251989229582,
        "median": 0.00111855717842,
        "min": 4.01200803998e-23,
        "var": 1.17941308417e-05
    },
    "spectral_energyband_middle_high": {
        "dmean": 0.00110251153819,
        "dmean2": 0.00156539853197,
        "dvar": 1.32503810164e-05,
        "dvar2": 2.88215560431e-05,
        "max": 0.0799402669072,
        "mean": 0.00363832409494,
        "median": 0.00152923655696,
        "min": 1.4658913739e-21,
        "var": 4.41723423137e-05
    },
    "spectral_energyband_middle_low": {
        "dmean": 0.00409439438954,
        "dmean2": 0.00637584365904,
        "dvar": 4.089426875e-05,
        "dvar2": 9.7393305623e-05,
        "max": 0.130447223783,
        "mean": 0.0169003698975,
        "median": 0.0130805056542,
        "min": 2.71878752661e-22,
        "var": 0.000229817916988
    },
    "spectral_entropy": {
        "dmean": 0.141739442945,
        "dmean2": 0.230285152793,
        "dvar": 0.0327463895082,
        "dvar2": 0.0801098123193,
        "max": 9.78635311127,
        "mean": 6.14254713058,
        "median": 6.18204212189,
        "min": 4.22568082809,
        "var": 0.223153948784
    },
    "spectral_flux": {
        "dmean": 0.0163820497692,
        "dmean2": 0.0254359226674,
        "dvar": 0.000554987171199,
        "dvar2": 0.00126235012431,
        "max": 0.262137085199,
        "mean": 0.041518650949,
        "median": 0.0327191799879,
        "min": 1.00206482001e-10,
        "var": 0.00118236942217
    },
    "spectral_kurtosis": {
        "dmean": 19.4117927551,
        "dmean2": 33.9920349121,
        "dvar": 383.813964844,
        "dvar2": 1092.75439453,
        "max": 268.660583496,
        "mean": 49.5301856995,
        "median": 33.339881897,
        "min": -1.18851351738,
        "var": 2101.75463867
    },
    "spectral_rms": {
        "dmean": 0.000471123872558,
        "dmean2": 0.000709889747668,
        "dvar": 3.83671647342e-07,
        "dvar2": 8.21290541353e-07,
        "max": 0.0119853364304,
        "mean": 0.00413265358657,
        "median": 0.00411493144929,
        "min": 3.12992470483e-12,
        "var": 4.54837709185e-06
    },
    "spectral_rolloff": {
        "dmean": 67.0640716553,
        "dmean2": 119.471839905,
        "dvar": 61784.046875,
        "dvar2": 125176.179688,
        "max": 19422.9492188,
        "mean": 669.166320801,
        "median": 624.462890625,
        "min": 129.19921875,
        "var": 240927.8125
    },
    "spectral_skewness": {
        "dmean": 1.18144226074,
        "dmean2": 2.07489061356,
        "dvar": 1.11580145359,
        "dvar2": 3.23932099342,
        "max": 12.9979190826,
        "mean": 4.37148427963,
        "median": 3.6684627533,
        "min": 0.023632677272,
        "var": 5.22198915482
    },
    "spectral_spread": {
        "dmean": 248128.46875,
        "dmean2": 430104.6875,
        "dvar": 125549715456,
        "dvar2": 208319545344,
        "max": 40399652,
        "mean": 1416896.125,
        "median": 1336515.125,
        "min": 314238.15625,
        "var": 941615480832
    },
    "spectral_strongpeak": {
        "dmean": 0.379307717085,
        "dmean2": 0.628513634205,
        "dvar": 0.418517291546,
        "dvar2": 0.993752777576,
        "max": 10.9124364853,
        "mean": 1.15273070335,
        "median": 0.852100074291,
        "min": 0,
        "var": 1.0998852253
    },
    "zerocrossingrate": {
        "dmean": 0.00235227355734,
        "dmean2": 0.00309063098393,
        "dvar": 1.64629909705e-05,
        "dvar2": 2.16038533836e-05,
        "max": 0.513671875,
        "mean": 0.0267731547356,
        "median": 0.0244140625,
        "min": 0.005859375,
        "var": 0.000277981802355
    },
    "barkbands": {
        "dmean": [5.93748154643e-07, 0.000205099626328, 0.000480848131701, 0.000861487817019, 0.00112522870768, 0.00147697783541, 0.00121349585243, 0.000741942378227, 0.000542480440345, 0.000573303317651, 0.000256819737842, 0.00024081907759, 8.71439478942e-05, 0.00010805191414, 7.7786280599e-05, 4.51238302048e-05, 3.27329726133e-05, 1.92279167095e-05, 1.15363127406e-05, 5.95965366301e-06, 4.48237506134e-06, 1.64926132129e-06, 7.92521063886e-07, 1.92360516849e-07, 3.8464801122e-08, 9.4751761992e-09, 3.2749436496e-09],
        "dmean2": [1.00659508462e-06, 0.00033290067222, 0.00078626308823, 0.00154168123845, 0.00185120664537, 0.00232612527907, 0.00190819683485, 0.00105604866985, 0.000733444874641, 0.00082019995898, 0.000378359749448, 0.00036500414717, 0.000127274310216, 0.000155152898515, 0.0001206200468, 6.4657702751e-05, 4.97572218592e-05, 2.86110916932e-05, 1.72713571374e-05, 8.94825734576e-06, 6.11653786109e-06, 2.45660157816e-06, 1.2190707821e-06, 3.11627928795e-07, 6.34776284869e-08, 1.67942904028e-08, 5.6458553388e-09],
        "dvar": [3.01224323263e-12, 2.15285311356e-07, 1.05792275917e-06, 4.48982655143e-06, 4.06088111049e-06, 1.46418706208e-05, 7.8263665273e-06, 2.91269543595e-06, 2.13285761674e-06, 4.67076824862e-06, 2.11563656194e-06, 2.10375219467e-06, 1.6787114987e-07, 2.08551881542e-07, 7.20326340797e-08, 1.31493917976e-08, 6.72003874769e-09, 2.03020178446e-09, 7.10457914721e-10, 3.20737020276e-10, 2.98421343192e-10, 8.17047471346e-11, 2.00702371389e-11, 1.25804976246e-12, 1.06436669374e-13, 1.06110409223e-14, 4.40300960873e-17],
        "dvar2": [8.25691511691e-12, 5.27122608673e-07, 2.87898205897e-06, 1.53602777573e-05, 1.12708557936e-05, 3.79601115128e-05, 1.97378649318e-05, 5.46705678062e-06, 4.0974177864e-06, 9.97747702058e-06, 4.81135566588e-06, 4.98468398291e-06, 3.50589715481e-07, 4.82438622385e-07, 1.84336926168e-07, 2.64959449936e-08, 1.61328266302e-08, 4.29389901413e-09, 1.51682688632e-09, 7.43966943606e-10, 5.57648816013e-10, 1.9845432242e-10, 5.03302816091e-11, 3.13844696759e-12, 2.63449337215e-13, 3.00864883137e-14, 1.28336741165e-16],
        "max": [5.94435041421e-05, 0.0153795098886, 0.0180158223957, 0.0337190814316, 0.0387862250209, 0.111504457891, 0.0539980009198, 0.0399456471205, 0.048802126199, 0.0661040842533, 0.0430047996342, 0.044803660363, 0.016678199172, 0.0279702842236, 0.0192274451256, 0.00299740629271, 0.00199333857745, 0.00103823677637, 0.000831509532873, 0.000555631530005, 0.000693609996233, 0.000384505401598, 0.000169099133927, 2.58374038822e-05, 1.11875815492e-05, 3.62223090633e-06, 2.38231024241e-07],
        "mean": [6.37406515125e-07, 0.000504858326167, 0.00129438436124, 0.00163009634707, 0.0031343405135, 0.00452564051375, 0.00351388915442, 0.00196021725424, 0.00177332141902, 0.00185320549645, 0.000553645018954, 0.000500730820931, 0.000190465856576, 0.000295222824207, 0.000171523424797, 0.000104539089079, 7.4900330219e-05, 4.40618969151e-05, 2.19669818762e-05, 9.69751999946e-06, 7.06620403434e-06, 2.13278894989e-06, 1.01515718143e-06, 1.80100670377e-07, 3.63889363086e-08, 7.46128758777e-09, 1.07818207695e-08],
        "median": [2.22176851139e-07, 8.53841920616e-05, 0.000395638868213, 0.000453105109045, 0.00158038013615, 0.00195262557827, 0.00123035861179, 0.000634506926872, 0.000555051723495, 0.00043759381515, 0.000105815881398, 0.00016207259614, 7.31798791094e-05, 7.21319083823e-05, 7.64256401453e-05, 4.49367216788e-05, 2.81955872197e-05, 1.63631011674e-05, 8.5359060904e-06, 2.46570516538e-06, 1.01897489913e-06, 2.08851233197e-07, 5.07581390252e-08, 4.9026889215e-09, 1.23824928089e-09, 8.59814219822e-10, 2.81193379692e-09],
        "min": [1.19105276306e-24, 2.00281134213e-23, 1.57760221913e-23, 7.31439009955e-24, 6.07896339781e-23, 2.24797337649e-23, 2.84893392497e-23, 2.49151572163e-23, 1.00559482224e-22, 1.10580981837e-22, 1.01298125822e-23, 1.14291909753e-22, 4.82312965331e-23, 5.48024700083e-23, 2.5854513534e-22, 1.11172741112e-22, 2.40168816191e-22, 1.72256045917e-22, 1.66291563276e-22, 3.27705164124e-22, 4.45910682248e-22, 5.30668826157e-22, 5.95638299595e-22, 7.75549880876e-22, 9.28004659792e-22, 1.80955896805e-21, 2.35448782453e-21],
        "var": [2.57687426085e-12, 1.03367244719e-06, 3.99504460802e-06, 7.75946136855e-06, 1.69401882886e-05, 4.66171441076e-05, 3.1189283618e-05, 1.09354805318e-05, 9.80295226327e-06, 2.00277936528e-05, 4.48190303359e-06, 2.87350917461e-06, 4.20311181415e-07, 7.05267893863e-07, 2.01250287546e-07, 3.22285877985e-08, 1.51865702236e-08, 6.20430418152e-09, 1.51930135139e-09, 5.18340870226e-10, 5.31111710167e-10, 8.68832228385e-11, 2.17115145307e-11, 1.15497433666e-12, 9.52250973386e-14, 6.44738990725e-15, 3.28508149596e-16]
    },
    "erbbands": {
        "dmean": [0.00171958410647, 0.062899440527, 0.451279222965, 1.63963735104, 3.58236336708, 3.60719466209, 8.54691314697, 12.9465141296, 17.5259017944, 14.1831159592, 16.6151313782, 11.3168363571, 13.5089492798, 15.440618515, 11.3013029099, 8.83171081543, 4.42044258118, 5.12519884109, 5.16690731049, 2.65499854088, 2.17169237137, 1.61164319515, 1.11492073536, 0.799207448959, 0.407488971949, 0.258503228426, 0.180733472109, 0.170978859067, 0.0583980679512, 0.0431376434863, 0.0228890869766, 0.00868310406804, 0.00212642014958, 0.000574909616262, 0.000244468043093, 7.12758483132e-05, 1.40325000757e-05, 1.73295745753e-06, 2.44063835453e-06, 5.68631548958e-06],
        "dmean2": [0.00270662433468, 0.101808927953, 0.730591714382, 2.88050699234, 6.36173772812, 5.74495983124, 13.281744957, 20.4032459259, 28.5448455811, 20.8171081543, 22.5665397644, 15.6168165207, 18.5995788574, 22.7218170166, 17.0981674194, 13.2296466827, 6.20607995987, 7.40358400345, 7.90884637833, 3.92625808716, 3.09295487404, 2.47780227661, 1.69044351578, 1.19651973248, 0.593262791634, 0.387656927109, 0.258631080389, 0.233776718378, 0.0855137184262, 0.0626332387328, 0.0360073447227, 0.0136421760544, 0.00346278259531, 0.000920170161407, 0.000427397928433, 0.000124208148918, 2.47756961471e-05, 2.85037185677e-06, 3.65315963791e-06, 8.57492887008e-06],
        "dvar": [1.46864840644e-05, 0.0193615704775, 0.870835840702, 15.8835372925, 74.5072631836, 50.5301704407, 388.778167725, 1144.43676758, 1833.56054688, 1307.33581543, 1836.18701172, 736.995056152, 1868.01330566, 4072.28686523, 4047.30200195, 2825.8034668, 354.027435303, 317.636169434, 451.045043945, 30.0147399902, 30.6465969086, 19.5040302277, 6.58353090286, 3.43378806114, 1.03138113022, 0.584818005562, 0.324829369783, 0.611346185207, 0.0953108370304, 0.0797129943967, 0.020033672452, 0.00238903751597, 0.000176365618245, 1.57890990522e-05, 6.43441217107e-06, 5.09170035912e-07, 2.75664167049e-08, 6.48766040889e-11, 1.59704229008e-11, 8.47130074422e-11],
        "dvar2": [3.6084347812e-05, 0.0469906106591, 2.1863822937, 53.3949317932, 246.768798828, 121.054328918, 973.303771973, 2994.78979492, 4990.87109375, 2463.97265625, 2999.7890625, 1553.21911621, 3944.41699219, 8923.00195312, 9537.328125, 6293.46337891, 663.305114746, 762.386962891, 1095.59533691, 68.2781600952, 58.2102127075, 49.9771614075, 15.1316204071, 7.15774822235, 2.14887905121, 1.38542115688, 0.622018575668, 1.23781323433, 0.240969449282, 0.182894393802, 0.0525783486664, 0.00607429724187, 0.000450242223451, 3.81292447855e-05, 1.76208995981e-05, 1.42349915677e-06, 8.01856572252e-08, 1.76638231819e-10, 3.42501547956e-11, 1.84761345112e-10],
        "max": [0.153583407402, 4.24962568283, 18.1422424316, 73.1387023926, 133.420822144, 171.473464966, 557.129577637, 1064.31738281, 839.163574219, 952.449462891, 1022.3414917, 841.843383789, 1584.81787109, 2156.62670898, 1805.78442383, 2295.07470703, 862.893066406, 784.678466797, 1233.43066406, 201.698440552, 200.60206604, 130.787918091, 59.4111022949, 59.7047805786, 34.1070327759, 25.5251617432, 23.4040241241, 44.633972168, 15.9406938553, 12.7312955856, 6.1464343071, 1.39101839066, 0.48924934864, 0.131836920977, 0.114864967763, 0.0284338518977, 0.00751243531704, 0.000322992738802, 7.33012420824e-05, 0.000169227860169],
        "mean": [0.00439282460138, 0.166937351227, 1.29636788368, 3.60222768784, 6.7739200592, 11.6419010162, 24.0489330292, 42.8820495605, 49.8507804871, 43.8174705505, 44.9427566528, 40.57056427, 45.9497413635, 48.7282981873, 24.1647758484, 20.5081825256, 10.9767742157, 14.4033517838, 12.012430191, 6.36607885361, 5.48841667175, 3.70964646339, 2.7141456604, 1.65772247314, 0.775614440441, 0.448807924986, 0.300769984722, 0.259083002806, 0.079873599112, 0.0532610975206, 0.0290599018335, 0.00962696317583, 0.00205308501609, 0.000568209856283, 0.000209161415114, 6.45954132779e-05, 1.76182238647e-05, 3.39344592248e-06, 1.11861445475e-05, 2.53158923442e-05],
        "median": [0.00113241176587, 0.0364626348019, 0.426531493664, 1.60244619846, 2.69023990631, 4.53450012207, 11.2543420792, 17.0582237244, 19.7903499603, 17.9567070007, 14.6613063812, 14.6813831329, 13.5659513474, 10.6884040833, 7.71344804764, 6.99313640594, 4.43090343475, 4.04512834549, 4.83310985565, 3.56875109673, 2.39539146423, 1.63491749763, 1.11016142368, 0.677362382412, 0.306972324848, 0.119756042957, 0.0644623488188, 0.0324918627739, 0.00996682047844, 0.00423419382423, 0.00138703989796, 0.000292520679068, 7.49718892621e-05, 3.19482714985e-05, 2.01973398362e-05, 1.33606272357e-05, 7.43291820982e-06, 1.80699464636e-06, 8.73899534781e-06, 1.98190464289e-05],
        "min": [7.73295430005e-22, 4.17561782959e-21, 1.51036782127e-20, 2.5390274975e-20, 1.75760305908e-19, 1.63374426533e-19, 6.32920347622e-20, 2.25954413884e-19, 4.33467042806e-19, 3.26402936473e-19, 1.23271893595e-18, 2.08822903692e-18, 2.17920939172e-18, 3.04437972147e-18, 2.58625152947e-18, 2.88089677918e-18, 2.23701690883e-18, 3.16800599992e-18, 9.79379777311e-18, 9.41861594422e-18, 7.88305770741e-18, 1.31573316923e-17, 8.96665521087e-18, 9.99653974125e-18, 1.19041745709e-17, 1.28111367536e-17, 1.6285339994e-17, 1.83479446299e-17, 2.21941524986e-17, 1.65381644395e-17, 1.64421155355e-17, 1.3967540213e-17, 1.42076905972e-17, 1.07742061495e-17, 6.81988122532e-18, 5.22236302473e-18, 3.71440904574e-18, 1.31851193774e-18, 3.69369385826e-19, 3.27758685497e-20],
        "var": [8.11844802229e-05, 0.0932665988803, 4.03638076782, 30.8105621338, 128.936798096, 351.640380859, 1205.5682373, 4430.70703125, 6501.22021484, 5916.2109375, 7182.08349609, 3949.5769043, 8825.90039062, 17122.1347656, 5955.13134766, 4541.52783203, 1114.18188477, 1084.04138184, 1360.64001465, 77.1503982544, 81.5372924805, 38.3630981445, 20.3807888031, 8.35311889648, 2.02934646606, 1.03459513187, 0.617011904716, 0.947516262531, 0.0984245017171, 0.0874873623252, 0.0194621142, 0.00237597990781, 0.000148035556776, 1.49116831381e-05, 4.33375362263e-06, 3.23489757648e-07, 1.58025628139e-08, 5.62215378419e-11, 1.00914637757e-10, 5.14047304723e-10]
    },
    "gfcc": {
        "mean": [-164.563491821, 223.194335938, -149.846343994, -20.3801574707, -38.1356277466, -36.3383255005, -22.7800865173, -21.5196990967, -8.25108623505, -17.2618255615, -8.50465297699, -11.4147729874, -4.27352333069],
        "cov": [[16633.453125, 180.927139282, -3077.22094727, 2166.62207031, -885.136657715, -172.945404053, 1133.41687012, -425.29486084, 618.046020508, -300.676391602, 249.445404053, -180.7159729, -132.80619812], [180.927139282, 1184.8416748, 118.184875488, -465.021911621, 445.027313232, -276.226348877, -67.4341506958, -62.2676582336, -98.436164856, -40.1652679443, 45.770690918, -9.80284309387, 46.2981033325], [-3077.22094727, 118.184875488, 957.775268555, -302.776519775, 237.665420532, 156.433654785, -233.669555664, 117.933288574, -147.452041626, 24.0630226135, -55.9514122009, 0.752623140812, 9.28936481476], [2166.62207031, -465.021911621, -302.776519775, 818.89855957, -193.628753662, 116.639396667, 261.517852783, -5.84621524811, 157.928268433, 4.47111034393, -4.42633676529, -33.7895126343, -72.2564697266], [-885.136657715, 445.027313232, 237.665420532, -193.628753662, 384.31628418, -89.385055542, -79.8427276611, 12.586391449, -84.3761978149, 20.2023849487, 5.48671674728, 10.6329803467, 23.0677909851], [-172.945404053, -276.226348877, 156.433654785, 116.639396667, -89.385055542, 315.958007812, 53.3856582642, 61.7610778809, 19.1911010742, -34.7176094055, -24.3041858673, -36.3429260254, -37.8693580627], [1133.41687012, -67.4341506958, -233.669555664, 261.517852783, -79.8427276611, 53.3856582642, 235.64666748, 22.3171577454, 86.5418014526, 13.8022413254, 0.28724360466, -25.9459972382, -32.2442932129], [-425.29486084, -62.2676582336, 117.933288574, -5.84621524811, 12.586391449, 61.7610778809, 22.3171577454, 127.901199341, 30.2700176239, 24.2301330566, 4.63317298889, -23.0772666931, -22.2086753845], [618.046020508, -98.436164856, -147.452041626, 157.928268433, -84.3761978149, 19.1911010742, 86.5418014526, 30.2700176239, 140.241104126, 31.3551864624, 24.0912017822, 2.06756401062, -36.2482337952], [-300.676391602, -40.1652679443, 24.0630226135, 4.47111034393, 20.2023849487, -34.7176094055, 13.8022413254, 24.2301330566, 31.3551864624, 100.546585083, 20.4256839752, 26.6459503174, 9.2779340744], [249.445404053, 45.770690918, -55.9514122009, -4.42633676529, 5.48671674728, -24.3041858673, 0.28724360466, 4.63317298889, 24.0912017822, 20.4256839752, 78.9786300659, 28.9522838593, -0.344256877899], [-180.7159729, -9.80284309387, 0.752623140812, -33.7895126343, 10.6329803467, -36.3429260254, -25.9459972382, -23.0772666931, 2.06756401062, 26.6459503174, 28.9522838593, 91.5377883911, 39.2170143127], [-132.80619812, 46.2981033325, 9.28936481476, -72.2564697266, 23.0677909851, -37.8693580627, -32.2442932129, -22.2086753845, -36.2482337952, 9.2779340744, -0.344256877899, 39.2170143127, 95.3615493774]],
        "icov": [[0.000714219349902, -0.00191603647545, 0.00198591663502, -0.00215078098699, 0.00165390234906, -0.00118044600822, 0.000967702129856, -0.000433243694715, 0.000642618106212, 0.000128768733703, -0.000625603250228, 0.000216193016968, -0.000400186370825], [-0.00191603647545, 0.00932492222637, -0.00700420234352, 0.00818657130003, -0.00819833483547, 0.00632316060364, -0.00705492030829, 0.0048242318444, -0.0047927768901, 0.00420304806903, -0.00223674625158, 0.00276071997359, -0.000452200503787], [0.00198591663502, -0.00700420234352, 0.00936013180763, -0.00707873282954, 0.00477178720757, -0.00661824364215, 0.00738667836413, -0.00522787403315, 0.00502136163414, -0.00328416423872, 0.00193471135572, -0.0018616723828, 0.000389268650906], [-0.00215078098699, 0.00818657130003, -0.00707873282954, 0.0101290661842, -0.0068065142259, 0.00499183312058, -0.00744300661609, 0.0045558703132, -0.00507142487913, 0.00226878281683, -0.000173243926838, 0.00138417142443, 0.000849392206874], [0.00165390234906, -0.00819833483547, 0.00477178720757, -0.0068065142259, 0.0112801799551, -0.00381874991581, 0.00507351290435, -0.00428611086681, 0.00561641994864, -0.00382412644103, 0.00086573488079, -0.00214648502879, 0.000526384974364], [-0.00118044600822, 0.00632316060364, -0.00661824364215, 0.00499183312058, -0.00381874991581, 0.0100849028677, -0.00715364376083, 0.00248420215212, -0.00377141009085, 0.00601990940049, -0.0024186137598, 0.00249612214975, -0.000252996745985], [0.000967702129856, -0.00705492030829, 0.00738667836413, -0.00744300661609, 0.00507351290435, -0.00715364376083, 0.0161611884832, -0.00719979964197, 0.00354087911546, -0.0069488119334, 0.00533022917807, -0.00259157898836, 0.00124036357738], [-0.000433243694715, 0.0048242318444, -0.00522787403315, 0.0045558703132, -0.00428611086681, 0.00248420215212, -0.00719979964197, 0.0168231297284, -0.00739415735006, 0.00205126684159, -0.00562796043232, 0.0070178299211, -0.00139400770422], [0.000642618106212, -0.0047927768901, 0.00502136163414, -0.00507142487913, 0.00561641994864, -0.00377141009085, 0.00354087911546, -0.00739415735006, 0.0180275700986, -0.00708193005994, 0.00110210804269, -0.00506307603791, 0.00513668730855], [0.000128768733703, 0.00420304806903, -0.00328416423872, 0.00226878281683, -0.00382412644103, 0.00601990940049, -0.0069488119334, 0.00205126684159, -0.00708193005994, 0.0195677541196, -0.00623169308528, 0.000812577083707, -0.00333087216131], [-0.000625603250228, -0.00223674625158, 0.00193471135572, -0.000173243926838, 0.00086573488079, -0.0024186137598, 0.00533022917807, -0.00562796043232, 0.00110210804269, -0.00623169308528, 0.0215096008033, -0.00931562017649, 0.00415055360645], [0.000216193016968, 0.00276071997359, -0.0018616723828, 0.00138417142443, -0.00214648502879, 0.00249612214975, -0.00259157898836, 0.0070178299211, -0.00506307603791, 0.000812577083707, -0.00931562017649, 0.0207468736917, -0.00810981914401], [-0.000400186370825, -0.000452200503787, 0.000389268650906, 0.000849392206874, 0.000526384974364, -0.000252996745985, 0.00124036357738, -0.00139400770422, 0.00513668730855, -0.00333087216131, 0.00415055360645, -0.00810981914401, 0.0162479560822]]
    },
    "melbands": {
        "dmean": [3.49286528945e-05, 0.000179655704414, 0.000351994036464, 0.000239134649746, 0.000269126641797, 0.000286015332676, 0.000254560407484, 0.000149655927089, 0.000134507077746, 6.87938954798e-05, 7.10587919457e-05, 6.87671636115e-05, 3.65188971045e-05, 3.1861502066e-05, 1.49297775351e-05, 8.5390129243e-06, 1.00087499959e-05, 8.66474874783e-06, 4.74062835565e-06, 3.66067865798e-06, 2.50476591646e-06, 1.89186835087e-06, 1.29971704155e-06, 9.73334636001e-07, 6.88212878686e-07, 3.31929612685e-07, 2.41209164642e-07, 1.76499213467e-07, 1.08501247098e-07, 1.48030707692e-07, 7.90127216987e-08, 3.43592461149e-08, 2.88723480679e-08, 1.99993550609e-08, 1.21836345457e-08, 1.19178666935e-08, 3.21248361246e-09, 1.65115932038e-09, 8.15510159402e-10, 3.43558737015e-10],
        "dmean2": [5.63958783459e-05, 0.000290140626021, 0.000625353888609, 0.000407315674238, 0.000417735544033, 0.000450287538115, 0.000412753171986, 0.000218178785872, 0.000181193143362, 9.50729008764e-05, 9.80226177489e-05, 0.000100698256574, 5.46225201106e-05, 4.8775695177e-05, 2.11054266401e-05, 1.23692452689e-05, 1.44705873026e-05, 1.31916258397e-05, 7.24347773939e-06, 5.30893930772e-06, 3.55555675924e-06, 2.87815169031e-06, 2.10549433177e-06, 1.41296504808e-06, 1.04623256902e-06, 4.85076384393e-07, 3.56127145551e-07, 2.71385403039e-07, 1.65281164755e-07, 2.00108033255e-07, 1.10643000539e-07, 5.21960821231e-08, 4.26153938804e-08, 2.94353501573e-08, 1.9396162898e-08, 1.8865554452e-08, 5.26125676359e-09, 2.74063260974e-09, 1.33247912704e-09, 5.56635459947e-10],
        "dvar": [6.25996054993e-09, 1.37110916398e-07, 6.28080385923e-07, 2.00284958396e-07, 3.43787803558e-07, 5.31701005002e-07, 3.74546914372e-07, 1.31270113002e-07, 1.27930903204e-07, 2.78243899032e-08, 5.59101316355e-08, 8.10824616337e-08, 4.0608878038e-08, 3.87730558771e-08, 5.36996980216e-09, 1.68321712124e-09, 1.33205446673e-09, 1.61639179819e-09, 2.23711008052e-10, 8.34893820745e-11, 4.33847957559e-11, 2.90824031524e-11, 1.06726337837e-11, 6.13629980162e-12, 2.82881270491e-12, 6.72268610138e-13, 6.93457444245e-13, 2.84377854381e-13, 1.2260187982e-13, 4.24354670327e-13, 1.86004166171e-13, 3.48431712356e-14, 3.77892331413e-14, 1.36029578037e-14, 4.65240766037e-15, 8.08360726311e-15, 4.41716114699e-16, 1.35731510848e-16, 3.33649785169e-17, 6.73098867439e-18],
        "dvar2": [1.53638541889e-08, 3.42953285326e-07, 2.13593557419e-06, 5.93729851062e-07, 8.53393316902e-07, 1.3854187273e-06, 1.01172588529e-06, 2.57688327565e-07, 2.05007793852e-07, 5.97166902594e-08, 1.18003292471e-07, 1.76375294814e-07, 9.42763378475e-08, 9.33824324534e-08, 1.01620827309e-08, 3.82203779736e-09, 3.18181880843e-09, 3.79667186579e-09, 5.88525228551e-10, 1.76289066678e-10, 8.02785962706e-11, 7.15953893393e-11, 2.82892598236e-11, 1.25579832991e-11, 6.10249004107e-12, 1.4361777826e-12, 1.57640914211e-12, 6.99312244397e-13, 2.74107505357e-13, 7.30124944878e-13, 3.91719453098e-13, 8.84594792707e-14, 8.8256516624e-14, 3.08141946475e-14, 1.2089619094e-14, 2.12225697357e-14, 1.12963627862e-15, 3.58543620268e-16, 8.47250528843e-17, 1.58322203807e-17],
        "max": [0.00295831589028, 0.00777006661519, 0.0116490153596, 0.00865534320474, 0.0168559160084, 0.0226055644453, 0.0109939957038, 0.00923706591129, 0.0106950970367, 0.0045083235018, 0.00884165242314, 0.00949337147176, 0.00526094716042, 0.00572393275797, 0.00330893113278, 0.00192816415802, 0.00175594829489, 0.0028124593664, 0.000920041988138, 0.000231777696172, 0.000263893569354, 0.000150818159455, 9.18731311685e-05, 5.76159982302e-05, 5.90618656133e-05, 2.48707656283e-05, 3.22488558595e-05, 1.92872685147e-05, 1.38717769005e-05, 2.78196839645e-05, 2.66843762802e-05, 9.08474066819e-06, 9.23922470975e-06, 4.69103270007e-06, 2.48994251706e-06, 3.73481384486e-06, 6.16179534063e-07, 5.26057590378e-07, 1.89974500131e-07, 1.02995024065e-07],
        "mean": [8.75191908563e-05, 0.000519106164575, 0.000748209015001, 0.000606233254075, 0.000829690252431, 0.000936429889407, 0.000725703604985, 0.000453229440609, 0.000363954750355, 0.000241396730416, 0.000235057392274, 0.000215182895772, 7.84545918577e-05, 6.18839912931e-05, 3.69447880075e-05, 2.00724607566e-05, 2.75672664429e-05, 1.95801239897e-05, 1.07390214907e-05, 7.95004598331e-06, 6.12058374827e-06, 4.18723311668e-06, 2.64241816694e-06, 2.19167804971e-06, 1.32147238219e-06, 6.30602187357e-07, 3.85856054663e-07, 2.86386153903e-07, 1.65118237305e-07, 2.25646786589e-07, 1.14749823865e-07, 4.382338048e-08, 3.44464545776e-08, 2.44243807401e-08, 1.54891033333e-08, 1.42187541741e-08, 2.97327118481e-09, 1.49729906251e-09, 7.60357110607e-10, 3.24526072681e-10],
        "median": [1.6313206288e-05, 0.00016961118672, 0.000350256741513, 0.000286707014311, 0.000401224591769, 0.000385694031138, 0.000285515037831, 0.000181929048267, 0.000108791107778, 8.28343108878e-05, 6.31716538919e-05, 4.31664593634e-05, 1.9681006961e-05, 2.082735773e-05, 1.22544915939e-05, 6.67916447128e-06, 6.96527331456e-06, 7.01541557646e-06, 5.31668956683e-06, 3.55779184247e-06, 2.20685933527e-06, 1.42252270052e-06, 9.5273514944e-07, 7.10518634151e-07, 4.63702804154e-07, 2.18582044909e-07, 1.04909723575e-07, 6.4207213768e-08, 3.48224062918e-08, 2.20646931837e-08, 1.12065619007e-08, 4.74628958358e-09, 2.67448596603e-09, 1.67308122911e-09, 6.86166901076e-10, 2.64137989259e-10, 7.00635521822e-11, 3.59639470981e-11, 1.77265424561e-11, 1.19438217996e-11],
        "min": [6.43935560677e-24, 6.78977945378e-24, 7.79668782409e-24, 1.49039411937e-23, 2.48583560757e-24, 5.08954438931e-24, 6.87772797838e-24, 3.57685311645e-24, 1.35468921775e-23, 1.24766650977e-23, 1.0924403773e-23, 1.31661942155e-23, 5.46307673325e-24, 1.2340918702e-23, 4.48675999441e-24, 6.46810564246e-24, 5.02369777512e-24, 1.25905048261e-23, 1.92014187471e-23, 8.94677365984e-24, 8.83357133108e-24, 1.53030401252e-23, 9.9937971849e-24, 7.00538302778e-24, 8.1715939693e-24, 6.82026261688e-24, 1.11554579767e-23, 7.24480783455e-24, 1.14549758407e-23, 9.65429117282e-24, 1.07089264168e-23, 1.16260206064e-23, 1.05086125448e-23, 9.59814478675e-24, 1.00028264868e-23, 8.20468352883e-24, 8.71137125483e-24, 9.80239744119e-24, 8.15648412752e-24, 9.9122794544e-24],
        "var": [3.26990701183e-08, 6.26672886028e-07, 1.19183630432e-06, 6.9149916726e-07, 1.2975322079e-06, 1.97473150365e-06, 1.30927571718e-06, 5.65870664104e-07, 5.00543023918e-07, 1.47247519067e-07, 2.54396923083e-07, 3.43696143545e-07, 7.55540199293e-08, 4.74876742373e-08, 1.40474165633e-08, 3.43230999178e-09, 4.50439197053e-09, 4.95361929254e-09, 5.40725852982e-10, 1.90799695488e-10, 1.19525292441e-10, 6.38862782121e-11, 2.26057783603e-11, 1.7683288861e-11, 6.2958084926e-12, 1.40790731937e-12, 1.07923284025e-12, 4.77534624257e-13, 1.81811719e-13, 7.89592946148e-13, 2.69740420321e-13, 3.56555537591e-14, 4.00549988414e-14, 1.55068845812e-14, 4.83017488853e-15, 7.86976786635e-15, 3.96545832856e-16, 1.03472433106e-16, 2.90256221107e-17, 6.30716366239e-18]
    },
    "mfcc": {
        "mean": [-774.265869141, 225.741012573, -24.3179092407, 3.67149949074, -6.19381141663, -12.3741264343, -14.6372423172, -8.28056621552, -6.71112203598, -6.65274953842, -6.60980510712, -6.88965082169, -5.22200775146],
        "cov": [[9561.3515625, 2092.92749023, -2351.23657227, 1265.05639648, -566.605285645, 121.4945755, 44.7527236938, 272.446990967, 126.734741211, 213.872238159, 192.198181152, 107.568580627, 6.81185483932], [2092.92749023, 1477.59277344, -363.279327393, 36.7360267639, 202.502853394, -82.4081878662, 3.06850242615, -23.7153911591, -35.949848175, -40.3757247925, -21.2934055328, -26.2944812775, 11.500002861], [-2351.23657227, -363.279327393, 925.519592285, -309.987335205, 148.838256836, 65.9314193726, -0.35066524148, -20.7781600952, -35.3620452881, -42.3705558777, -63.421333313, -46.8288536072, -12.5764980316], [1265.05639648, 36.7360267639, -309.987335205, 539.345703125, -62.9482002258, 35.5885162354, 70.6800613403, 42.1337013245, 69.5287780762, 63.6345710754, 74.869972229, 51.15965271, 22.3701477051], [-566.605285645, 202.502853394, 148.838256836, -62.9482002258, 326.951080322, -21.3345088959, 25.7719039917, -16.9223937988, -40.9514846802, -31.195608139, -36.1319885254, -16.3032474518, 25.0027179718], [121.4945755, -82.4081878662, 65.9314193726, 35.5885162354, -21.3345088959, 172.627334595, 44.5477485657, 56.0795059204, 29.8572883606, 17.388917923, 13.4405021667, -16.1784915924, -10.6355228424], [44.7527236938, 3.06850242615, -0.35066524148, 70.6800613403, 25.7719039917, 44.5477485657, 136.077545166, 49.8766365051, 33.8823852539, 34.1010932922, 15.2251119614, 18.5519199371, -6.70712184906], [272.446990967, -23.7153911591, -20.7781600952, 42.1337013245, -16.9223937988, 56.0795059204, 49.8766365051, 130.198028564, 36.3069152832, 53.6008987427, 35.3171730042, 11.3096618652, 1.30673503876], [126.734741211, -35.949848175, -35.3620452881, 69.5287780762, -40.9514846802, 29.8572883606, 33.8823852539, 36.3069152832, 106.127792358, 45.5214958191, 27.5785388947, 22.6109333038, -7.92331790924], [213.872238159, -40.3757247925, -42.3705558777, 63.6345710754, -31.195608139, 17.388917923, 34.1010932922, 53.6008987427, 45.5214958191, 128.409729004, 61.0088806152, 17.9796218872, -2.20521235466], [192.198181152, -21.2934055328, -63.421333313, 74.869972229, -36.1319885254, 13.4405021667, 15.2251119614, 35.3171730042, 27.5785388947, 61.0088806152, 139.156570435, 47.0536193848, 0.838440537453], [107.568580627, -26.2944812775, -46.8288536072, 51.15965271, -16.3032474518, -16.1784915924, 18.5519199371, 11.3096618652, 22.6109333038, 17.9796218872, 47.0536193848, 91.0854110718, 30.9782447815], [6.81185483932, 11.500002861, -12.5764980316, 22.3701477051, 25.0027179718, -10.6355228424, -6.70712184906, 1.30673503876, -7.92331790924, -2.20521235466, 0.838440537453, 30.9782447815, 96.4084091187]],
