{
"lowlevel": {
    "average_loudness": 0.158464431763,
    "barkbands_crest": {
        "dmean": 1.76541364193,
        "dmean2": 2.98007082939,
        "dvar": 3.31321048737,
        "dvar2": 9.46962738037,
        "max": 25.4981937408,
        "mean": 11.6670618057,
        "median": 11.0024032593,
        "min": 3.42800688744,
        "var": 14.2998046875
    },
    "barkbands_flatness_db": {
        "dmean": 0.0160667765886,
        "dmean2": 0.0269167069346,
        "dvar": 0.000255365390331,
        "dvar2": 0.000676368770655,
        "max": 0.497638195753,
        "mean": 0.335400491953,
        "median": 0.341961860657,
        "min": 0.0234483554959,
        "var": 0.00293018994853
    },
    "barkbands_kurtosis": {
        "dmean": 1.43126773834,
        "dmean2": 2.31617307663,
        "dvar": 3.54949736595,
        "dvar2": 10.1196918488,
        "max": 44.1182937622,
        "mean": 4.69780158997,
        "median": 3.69438433647,
        "min": -1.85119283199,
        "var": 19.0211238861
    },
    "barkbands_skewness": {
        "dmean": 0.278671234846,
        "dmean2": 0.450711458921,
        "dvar": 0.0862460881472,
        "dvar2": 0.228263035417,
        "max": 5.95252513885,
        "mean": 1.58873569965,
        "median": 1.57198929787,
        "min": -1.93207597733,
        "var": 0.699971616268
    },
    "barkbands_spread": {
        "dmean": 0.805867314339,
        "dmean2": 1.310546875,
        "dvar": 1.9308052063,
        "dvar2": 4.75861501694,
        "max": 87.5279846191,
        "mean": 5.47477006912,
        "median": 4.61761474609,
        "min": 0.635285258293,
        "var": 28.7968654633
    },
    "dissonance": {
        "dmean": 0.0311920400709,
        "dmean2": 0.0528525672853,
        "dvar": 0.000901940453332,
        "dvar2": 0.00246168649755,
        "max": 0.500000119209,
        "mean": 0.401477605104,
        "median": 0.411413431168,
        "min": 0.0590877607465,
        "var": 0.0035145401489
    },
    "dynamic_complexity": 6.77377414703,
    "erbbands_crest": {
        "dmean": 1.60743927956,
        "dmean2": 2.5275747776,
        "dvar": 3.23909974098,
        "dvar2": 7.10248661041,
        "max": 31.8462657928,
        "mean": 11.9545297623,
        "median": 10.570473671,
        "min": 2.65914177895,
        "var": 24.5835895538
    },
    "erbbands_flatness_db": {
        "dmean": 0.0103167183697,
        "dmean2": 0.0164776835591,
        "dvar": 0.000118226082122,
        "dvar2": 0.000270505232038,
        "max": 0.514878034592,
        "mean": 0.35150590539,
        "median": 0.358424007893,
        "min": 0.0391487590969,
        "var": 0.00285853166133
    },
    "erbbands_kurtosis": {
        "dmean": 0.595150947571,
        "dmean2": 0.934014797211,
        "dvar": 0.817480623722,
        "dvar2": 1.99115157127,
        "max": 23.5024166107,
        "mean": 0.947763264179,
        "median": 0.371659636497,
        "min": -1.71541881561,
        "var": 4.09802961349
    },
    "erbbands_skewness": {
        "dmean": 0.195321336389,
        "dmean2": 0.303417414427,
        "dvar": 0.0454379282892,
        "dvar2": 0.107162237167,
        "max": 3.93488335609,
        "mean": 0.740791618824,
        "median": 0.721440553665,
        "min": -3.35272860527,
        "var": 0.43935573101
    },
    "erbbands_spread": {
        "dmean": 1.6112601757,
        "dmean2": 2.55464315414,
        "dvar": 4.12271976471,
        "dvar2": 9.88022041321,
        "max": 86.0188980103,
        "mean": 14.6075878143,
        "median": 13.3484363556,
        "min": 1.78915333748,
        "var": 65.7550735474
    },
    "hfc": {
        "dmean": 1.51863467693,
        "dmean2": 2.16019487381,
        "dvar": 10.4596319199,
        "dvar2": 20.7511901855,
        "max": 87.0001296997,
        "mean": 7.23160791397,
        "median": 3.9440112114,
        "min": 1.19156187801e-16,
        "var": 80.6643600464
    },
    "melbands_crest": {
        "dmean": 2.147149086,
        "dmean2": 3.6281003952,
        "dvar": 4.85313558578,
        "dvar2": 14.0236721039,
        "max": 31.7387294769,
        "mean": 14.2520866394,
        "median": 13.3786468506,
        "min": 3.11237716675,
        "var": 19.4089279175
    },
    "melbands_flatness_db": {
        "dmean": 0.0176733378321,
        "dmean2": 0.0289995260537,
        "dvar": 0.000356978416676,
        "dvar2": 0.00089073588606,
        "max": 0.592878401279,
        "mean": 0.436449408531,
        "median": 0.444608509541,
        "min": 0.011115479283,
        "var": 0.00479268562049
    },
    "melbands_kurtosis": {
        "dmean": 1.84552466869,
        "dmean2": 2.98702859879,
        "dvar": 6.25911283493,
        "dvar2": 17.4355773926,
        "max": 67.9300460815,
        "mean": 6.46825456619,
        "median": 5.11742115021,
        "min": -1.82561051846,
        "var": 33.7516441345
    },
    "melbands_skewness": {
        "dmean": 0.301922827959,
        "dmean2": 0.488075971603,
        "dvar": 0.103421993554,
        "dvar2": 0.272617250681,
        "max": 6.49836301804,
        "mean": 1.8037558794,
        "median": 1.73808145523,
        "min": -1.49389517307,
        "var": 0.816498696804
    },
    "melbands_spread": {
        "dmean": 1.12792372704,
        "dmean2": 1.81079792976,
        "dvar": 3.36830377579,
        "dvar2": 6.53495740891,
        "max": 140.928405762,
        "mean": 7.15229034424,
        "median": 6.40845489502,
        "min": 1.19292259216,
        "var": 16.8942966461
    },
    "pitch_salience": {
        "dmean": 0.0464696995914,
        "dmean2": 0.0785331949592,
        "dvar": 0.00224989885464,
        "dvar2": 0.00624262169003,
        "max": 0.836582660675,
        "mean": 0.555656254292,
        "median": 0.561284244061,
        "min": 0.177277490497,
        "var": 0.0103859249502
    },
    "silence_rate_20dB": {
        "dmean": 0,
        "dmean2": 0,
        "dvar": 0,
        "dvar2": 0,
        "max": 1,
        "mean": 1,
        "median": 1,
        "min": 1,
        "var": 0
    },
    "silence_rate_30dB": {
        "dmean": 0.00522193219513,
        "dmean2": 0.0104448739439,
        "dvar": 0.0051942775026,
        "dvar2": 0.0128497937694,
        "max": 1,
        "mean": 0.994585216045,
        "median": 1,
        "min": 0,
        "var": 0.00538571691141
    },
    "silence_rate_60dB": {
        "dmean": 0.0243690162897,
        "dmean2": 0.0487427450716,
        "dvar": 0.0237763207406,
        "dvar2": 0.0531402006745,
        "max": 1,
        "mean": 0.239702180028,
        "median": 0,
        "min": 0,
        "var": 0.182241126895
    },
    "spectral_centroid": {
        "dmean": 37.7859115601,
        "dmean2": 61.4977760315,
        "dvar": 9322.96875,
        "dvar2": 12248.828125,
        "max": 10422.6269531,
        "mean": 463.944000244,
        "median": 435.674621582,
        "min": 241.6121521,
        "var": 33569.3164062
    },
    "spectral_complexity": {
        "dmean": 1.11265838146,
        "dmean2": 1.83094775677,
        "dvar": 1.65632402897,
        "dvar2": 3.62563610077,
        "max": 28,
        "mean": 10.1030750275,
        "median": 10,
        "min": 0,
        "var": 28.847618103
    },
    "spectral_decrease": {
        "dmean": 1.01160302357e-09,
        "dmean2": 1.56369861504e-09,
        "dvar": 3.71533259289e-18,
        "dvar2": 8.89484518035e-18,
        "max": -1.129568505e-28,
        "mean": -4.40607550445e-09,
        "median": -2.50269582835e-09,
        "min": -4.43007444062e-08,
        "var": 2.72044433715e-17
    },
    "spectral_energy": {
        "dmean": 0.00394885474816,
        "dmean2": 0.00608894741163,
        "dvar": 5.68807554373e-05,
        "dvar2": 0.00013511198631,
        "max": 0.173860490322,
        "mean": 0.0172854214907,
        "median": 0.00977509375662,
        "min": 1.12341410397e-20,
        "var": 0.000419246876845
    },
    "spectral_energyband_high": {
        "dmean": 2.60226238424e-06,
        "dmean2": 3.80636947739e-06,
        "dvar": 1.49066536892e-10,
        "dvar2": 3.26290383601e-10,
        "max": 0.000335349322995,
        "mean": 4.55422969026e-06,
        "median": 1.14651193428e-07,
        "min": 7.80713256967e-21,
        "var": 2.50435894245e-10
    },
    "spectral_energyband_low": {
        "dmean": 0.000618195161223,
        "dmean2": 0.0010168250883,
        "dvar": 2.43144381784e-06,
        "dvar2": 7.19176932762e-06,
        "max": 0.0378277823329,
        "mean": 0.00165566697251,
        "median": 0.000583928369451,
        "min": 2.0070095021e-23,
        "var": 8.91806121217e-06
    },
    "spectral_energyband_middle_high": {
        "dmean": 0.000327111629304,
        "dmean2": 0.000442106247647,
        "dvar": 6.62799550355e-07,
        "dvar2": 1.34638912641e-06,
        "max": 0.027854822576,
        "mean": 0.00147284474224,
        "median": 0.00074823241448,
        "min": 1.92576835254e-21,
        "var": 4.09558151659e-06
    },
    "spectral_energyband_middle_low": {
        "dmean": 0.00367123493925,
        "dmean2": 0.00574557902291,
        "dvar": 5.05265707034e-05,
        "dvar2": 0.000124955709907,
        "max": 0.161077201366,
        "mean": 0.0149029502645,
        "median": 0.00805935449898,
        "min": 3.69505426744e-22,
        "var": 0.000332206487656
    },
    "spectral_entropy": {
        "dmean": 0.123154729605,
        "dmean2": 0.203047126532,
        "dvar": 0.0247647035867,
        "dvar2": 0.0611037164927,
        "max": 9.78757762909,
        "mean": 5.86462306976,
        "median": 5.82860088348,
        "min": 4.36467599869,
        "var": 0.216775178909
    },
    "spectral_flux": {
        "dmean": 0.0129315024242,
        "dmean2": 0.0206117872149,
        "dvar": 0.000376084324671,
        "dvar2": 0.000898258469533,
        "max": 0.274683862925,
        "mean": 0.0336808636785,
        "median": 0.0248214323074,
        "min": 1.05991229682e-10,
        "var": 0.000960386183579
    },
    "spectral_kurtosis": {
        "dmean": 26.5698890686,
        "dmean2": 46.7748565674,
        "dvar": 668.05859375,
        "dvar2": 1899.67736816,
        "max": 293.633056641,
        "mean": 81.0449829102,
        "median": 67.7473602295,
        "min": -1.23561954498,
        "var": 3203.5222168
    },
    "spectral_rms": {
        "dmean": 0.000392169313272,
        "dmean2": 0.000599074293859,
        "dvar": 2.96219383245e-07,
        "dvar2": 6.7739995302e-07,
        "max": 0.0130238234997,
        "mean": 0.00344590353779,
        "median": 0.00308815110475,
        "min": 3.3106098158e-12,
        "var": 4.98957115269e-06
    },
    "spectral_rolloff": {
        "dmean": 68.6590881348,
        "dmean2": 119.990005493,
        "dvar": 51930.2773438,
        "dvar2": 94271.8515625,
        "max": 18583.1542969,
        "mean": 593.577819824,
        "median": 516.796875,
        "min": 193.798828125,
        "var": 215071.46875
    },
    "spectral_skewness": {
        "dmean": 1.50622725487,
        "dmean2": 2.66513156891,
        "dvar": 1.69851315022,
        "dvar2": 4.9816236496,
        "max": 13.4235458374,
        "mean": 5.88204479218,
        "median": 5.39617681503,
        "min": 0.0595831982791,
        "var": 7.28110551834
    },
    "spectral_spread": {
        "dmean": 245408.375,
        "dmean2": 435116.28125,
        "dvar": 134075604992,
        "dvar2": 211729481728,
        "max": 40304568,
        "mean": 1155204.625,
        "median": 994606.375,
        "min": 290547.9375,
        "var": 1.06720447693e+12
    },
    "spectral_strongpeak": {
        "dmean": 0.242205530405,
        "dmean2": 0.396753787994,
        "dvar": 0.142221942544,
        "dvar2": 0.322309821844,
        "max": 6.45138454437,
        "mean": 0.845140814781,
        "median": 0.597160637379,
        "min": 0,
        "var": 0.643004953861
    },
    "zerocrossingrate": {
        "dmean": 0.00213623628952,
        "dmean2": 0.00283179525286,
        "dvar": 1.89402871911e-05,
        "dvar2": 2.72811212199e-05,
        "max": 0.4912109375,
        "mean": 0.0236069969833,
        "median": 0.021484375,
        "min": 0.0068359375,
        "var": 0.000312533957185
    },
    "barkbands": {
        "dmean": [4.0620673758e-07, 0.00010956144979, 0.000332544732373, 0.00084907427663, 0.00135241402313, 0.00150526151992, 0.00075930962339, 0.000471684266813, 0.000254666927503, 0.000160290059284, 8.58545754454e-05, 7.37529990147e-05, 3.86665233236e-05, 4.69998485642e-05, 3.92251531594e-05, 2.29688357649e-05, 2.02737137442e-05, 1.12452607937e-05, 4.35709716839e-06, 2.27753503168e-06, 1.03872446289e-06, 3.59885092394e-07, 1.32198806568e-07, 3.13269055141e-08, 3.02400260388e-09, 1.16440512787e-09, 1.65408531316e-09],
        "dmean2": [6.88725265263e-07, 0.000173720225575, 0.000543766305782, 0.00149401579984, 0.00225650658831, 0.00235434877686, 0.00109306455124, 0.000681308913045, 0.000343468273059, 0.000212756349356, 0.000115759125038, 0.000108893109427, 6.03394546488e-05, 6.68667416903e-05, 5.96602658334e-05, 3.12555239361e-05, 2.87007114821e-05, 1.56998521561e-05, 6.40989173917e-06, 3.39549228556e-06, 1.46756156028e-06, 5.41885754046e-07, 2.09740704804e-07, 5.1927038669e-08, 5.11969489025e-09, 2.01375471853e-09, 2.87248114184e-09],
        "dvar": [1.28190492076e-12, 9.04657113665e-08, 9.59504063758e-07, 5.28282998857e-06, 7.6158767115e-06, 1.97508998099e-05, 7.15017449693e-06, 3.21706147588e-06, 9.40956624618e-07, 3.31304079282e-07, 9.89040742638e-08, 4.73719694583e-08, 1.08277244948e-08, 2.83756129704e-08, 9.27244236948e-09, 6.98894586648e-09, 4.7731312236e-09, 1.84643678125e-09, 2.03468922266e-10, 1.05325657918e-10, 3.42540093512e-11, 3.94180348084e-12, 6.40004379788e-13, 2.37043484884e-13, 4.47870947262e-16, 2.43160064274e-17, 2.22175269683e-17],
        "dvar2": [3.65680185785e-12, 2.1154559704e-07, 2.7563396543e-06, 1.7988608306e-05, 2.19030425797e-05, 5.01589165651e-05, 1.45785506902e-05, 6.11836549069e-06, 1.80555309726e-06, 7.11107190909e-07, 2.02641516012e-07, 1.086550796e-07, 2.70491700149e-08, 5.59898190033e-08, 2.13746460531e-08, 1.42958818117e-08, 9.30095644947e-09, 3.07527137089e-09, 4.52263171358e-10, 2.43061903937e-10, 6.24906307256e-11, 9.00780665336e-12, 1.6083952746e-12, 6.45987603687e-13, 1.17818863068e-15, 6.36907763493e-17, 6.43303060768e-17],
        "max": [3.71408605133e-05, 0.00993583071977, 0.0265185907483, 0.0451474674046, 0.0578299835324, 0.131434947252, 0.0820123776793, 0.0765223577619, 0.0466187782586, 0.0302512515336, 0.0126621946692, 0.00932752806693, 0.0024907826446, 0.00754677923396, 0.00244343443774, 0.00348857417703, 0.00147574453149, 0.00179671752267, 0.000436499598436, 0.000284974725218, 0.000233809361816, 8.0071586126e-05, 2.07906814467e-05, 2.4634444344e-05, 7.66353423387e-07, 1.560693903e-07, 1.32631711836e-07],
        "mean": [4.81906852201e-07, 0.000230938472669, 0.000792497827206, 0.00172372790985, 0.00368120870553, 0.00466100824997, 0.00252756802365, 0.00129210320301, 0.000772975035943, 0.000583771674428, 0.000300496845739, 0.00023218205024, 8.41796427267e-05, 0.000135283189593, 0.000107997781015, 6.3314117142e-05, 5.33934726263e-05, 2.62910452875e-05, 9.5673949545e-06, 3.87673208024e-06, 1.80272877515e-06, 5.45507816696e-07, 1.90198704786e-07, 2.81314740391e-08, 3.44171446898e-09, 1.52111623297e-09, 4.88526419318e-09],
        "median": [1.8069711416e-07, 4.10126522183e-05, 0.000199939706363, 0.00043717661174, 0.00149425608106, 0.00145841250196, 0.00057603570167, 0.000275306141702, 0.000242338675889, 0.0002004703274, 8.73249955475e-05, 8.14927770989e-05, 2.59696807916e-05, 2.76660266536e-05, 2.89143790724e-05, 1.17907311505e-05, 5.81070617045e-06, 2.35009747485e-06, 7.59479178214e-07, 1.59309138326e-07, 3.42393384756e-08, 6.04243055591e-09, 1.42864098329e-09, 6.05534788978e-10, 4.93165175364e-10, 5.89094495407e-10, 4.79193351666e-10],
        "min": [3.52314178623e-23, 9.09769063962e-24, 1.88324053929e-24, 9.5167067312e-24, 2.7198472508e-23, 1.03068911872e-22, 1.4653351323e-22, 3.37765343165e-23, 3.07847604008e-23, 9.73729196182e-23, 9.30643822349e-23, 9.42499707557e-23, 8.12340056333e-23, 3.13645794771e-22, 2.51709762881e-22, 1.85612634868e-22, 2.55975392542e-22, 2.20957389954e-22, 2.32759228723e-22, 2.57998461044e-22, 6.42162109854e-22, 4.29507020233e-22, 8.09680976615e-22, 7.58662300027e-22, 1.07269795617e-21, 1.99774861586e-21, 2.08636841692e-21],
        "var": [1.16953950864e-12, 3.33430165256e-07, 2.78568268186e-06, 1.23905319924e-05, 3.09057759296e-05, 7.50635517761e-05, 3.23997810483e-05, 1.19579199236e-05, 4.47611455456e-06, 1.77044262273e-06, 3.71347169903e-07, 1.9572090082e-07, 2.54279246548e-08, 1.76027924681e-07, 3.34413989833e-08, 2.32578507564e-08, 1.66953419978e-08, 6.10591488481e-09, 5.10353981298e-10, 1.65748012537e-10, 6.4345931361e-11, 5.70847405804e-12, 8.52501500382e-13, 1.69836773768e-13, 3.89117618606e-16, 2.20305510627e-17, 1.87106348735e-16]
    },
    "erbbands": {
        "dmean": [0.0010441436898, 0.0335462242365, 0.296181291342, 1.47326242924, 3.9103975296, 4.86073350906, 9.67187404633, 11.5968704224, 8.39201927185, 13.860786438, 9.06224822998, 5.26593160629, 5.27539587021, 4.03105974197, 3.39725708961, 2.87218856812, 1.85847592354, 2.53246331215, 1.93191373348, 1.70027208328, 1.12186682224, 0.938221275806, 0.514225959778, 0.417756170034, 0.171425908804, 0.0939147770405, 0.0589940361679, 0.0337020158768, 0.0131807625294, 0.00765409413725, 0.00346153299324, 0.00129296304658, 0.000245395785896, 4.87861179863e-05, 2.13391358557e-05, 7.3604883255e-06, 2.27148507292e-06, 7.06210073531e-07, 1.84691953109e-06, 4.39633049609e-06],
        "dmean2": [0.00158043170813, 0.0529665388167, 0.481015115976, 2.53544712067, 6.91334533691, 8.04559993744, 15.1602954865, 17.9540367126, 12.9466257095, 19.395029068, 12.4717636108, 7.18718338013, 7.11898565292, 5.38830423355, 4.57914352417, 4.2410697937, 2.8324906826, 3.65994882584, 2.84828329086, 2.458796978, 1.55649292469, 1.36395788193, 0.735280275345, 0.587643444538, 0.242499992251, 0.137985095382, 0.0864946469665, 0.0478648841381, 0.0192779283971, 0.0115602323785, 0.00542546715587, 0.00212446623482, 0.000392738060327, 8.00873895059e-05, 3.61258462362e-05, 1.22482515508e-05, 3.67414463653e-06, 1.16492651614e-06, 2.814433401e-06, 6.75666842653e-06],
        "dvar": [7.42294605516e-06, 0.00821629911661, 0.672425746918, 14.4671344757, 99.753288269, 126.91003418, 631.846496582, 1217.1192627, 843.132202148, 2896.30541992, 1692.28820801, 269.433624268, 497.689453125, 225.377243042, 127.470497131, 55.6211013794, 23.9883480072, 91.474029541, 25.8240432739, 19.0537052155, 13.6377038956, 10.5203580856, 2.85703921318, 2.33086395264, 0.407303631306, 0.170029178262, 0.0744081437588, 0.0361542329192, 0.00529850553721, 0.00274029560387, 0.000448186998256, 0.000281814369373, 4.95443919135e-06, 1.1295757929e-07, 3.81504108304e-08, 1.87556170594e-09, 3.45942580138e-11, 5.57621917391e-12, 1.25159370715e-11, 7.09874242721e-11],
        "dvar2": [1.65925121109e-05, 0.0189712252468, 1.78021502495, 47.9988212585, 328.144744873, 346.063720703, 1662.55651855, 2729.97851562, 1942.1237793, 5122.69921875, 2870.68920898, 543.896911621, 1085.66174316, 468.918334961, 263.418060303, 125.874687195, 57.0749893188, 190.807144165, 56.7210769653, 39.2650680542, 27.4531154633, 22.0208415985, 5.25211429596, 4.18840169907, 0.816107451916, 0.386833250523, 0.159794062376, 0.0708343461156, 0.0114758405834, 0.00629713479429, 0.00109626445919, 0.000769796897657, 1.25053365991e-05, 3.003522977e-07, 1.04621030061e-07, 4.97417929068e-09, 8.30869609225e-11, 1.36131713541e-11, 2.86900798258e-11, 1.66779257071e-10],
        "max": [0.10771381855, 3.13389277458, 24.6991786957, 72.326789856, 194.21585083, 263.69732666, 619.309997559, 1188.05725098, 1141.55493164, 1897.97607422, 2097.91015625, 685.892089844, 1136.60656738, 985.323364258, 415.71585083, 331.145599365, 117.347312927, 381.062927246, 143.157531738, 140.255371094, 141.073806763, 77.6340255737, 71.8375473022, 60.2899742126, 17.4858646393, 9.53436374664, 7.53078174591, 7.32971525192, 2.48187613487, 3.11722135544, 0.647419989109, 0.842303037643, 0.0934891179204, 0.0119854258373, 0.00858539715409, 0.00151305901818, 0.00017517953529, 0.00012514644186, 8.51171134855e-05, 0.000195378743229],
        "mean": [0.00258373073302, 0.0779304951429, 0.733167350292, 3.33967041969, 7.93126535416, 13.7441301346, 27.0631656647, 40.6221885681, 29.0019817352, 43.4606399536, 26.3240146637, 17.450553894, 19.3961162567, 14.422876358, 12.8871746063, 9.78673553467, 4.79279899597, 7.26437234879, 5.82825040817, 4.53654432297, 3.46863102913, 2.42575263977, 1.34111058712, 0.961751580238, 0.366178393364, 0.169679641724, 0.100295893848, 0.0576841942966, 0.0212660152465, 0.0116459131241, 0.00481334421784, 0.00130833883304, 0.000256870378507, 6.52287999401e-05, 3.21481129504e-05, 1.59484552569e-05, 7.66256925999e-06, 1.89516379123e-06, 8.39310905576e-06, 1.94664153241e-05],
        "median": [0.000576014281251, 0.0181701406837, 0.222936749458, 1.07323265076, 2.30074119568, 4.75266075134, 10.0685377121, 11.2932605743, 9.07016086578, 10.6523704529, 6.31118583679, 6.75048971176, 6.21454286575, 5.69781112671, 4.86819505692, 3.7481713295, 1.87226641178, 1.64144849777, 1.69776773453, 1.27391052246, 0.66354393959, 0.336023062468, 0.157651156187, 0.0898120999336, 0.0263843182474, 0.00871290825307, 0.00260036066175, 0.00099069182761, 0.000284594600089, 0.000117787203635, 4.67598729301e-05, 2.3092932679e-05, 1.68655096786e-05, 1.24933594634e-05, 9.86911254586e-06, 7.13697227184e-06, 4.14774149249e-06, 9.4211901569e-07, 4.71828116133e-06, 1.09871843961e-05],
        "min": [2.2019947764e-22, 2.2639630443e-21, 2.9127412359e-21, 1.35061315326e-20, 4.31376692774e-20, 8.95079474641e-20, 2.47232135877e-19, 1.18738902479e-18, 2.47475709548e-18, 1.15743650462e-18, 5.30455262097e-19, 7.63475918063e-19, 2.03759193495e-18, 3.15683678691e-18, 3.88375607818e-18, 4.72997094381e-18, 5.08172743135e-18, 1.58769228753e-17, 1.21763550428e-17, 1.1685605329e-17, 1.24589083595e-17, 1.23676786097e-17, 1.25646418941e-17, 1.02298667125e-17, 1.29753585749e-17, 1.34993568135e-17, 2.38988559358e-17, 2.45538671756e-17, 1.74482136602e-17, 2.10270833723e-17, 2.12012545221e-17, 1.310682818e-17, 1.44965089798e-17, 1.117336629e-17, 8.9183263564e-18, 6.99110388981e-18, 3.94131502752e-18, 1.46484391041e-18, 2.81210311447e-19, 2.94229404043e-20],
        "var": [4.057634942e-05, 0.0320884548128, 2.0632519722, 37.8793640137, 227.866653442, 542.590759277, 2085.71655273, 6776.99462891, 4042.60913086, 12966.8115234, 6394.54296875, 1280.35717773, 2902.89990234, 988.783996582, 535.481994629, 381.033996582, 67.031463623, 497.10168457, 103.565917969, 68.0719604492, 56.683971405, 34.3065605164, 11.3176250458, 7.01008796692, 0.922569394112, 0.281740427017, 0.12814475596, 0.063731238246, 0.0084424726665, 0.00343698216602, 0.000629510381259, 0.000204301235499, 4.33793775301e-06, 1.03991233402e-07, 2.79160730088e-08, 1.76062286972e-09, 1.03036967847e-10, 9.97929690272e-12, 9.9146774124e-11, 5.35048005901e-10]
    },
    "gfcc": {
        "mean": [-220.630783081, 239.264282227, -129.792297363, -38.9447555542, -28.3643932343, -37.664440155, -29.6451454163, -20.5156364441, -15.467089653, -18.1138515472, -9.79739284515, -11.5592126846, -3.48316860199],
        "cov": [[16403.4023438, 1153.02368164, -4062.16894531, 1674.00268555, 90.9549560547, -1400.9197998, 747.173583984, -881.972839355, 410.874755859, -233.112472534, 272.262390137, 74.9946289062, 65.8994445801], [1153.02368164, 1232.84191895, -18.3632678986, -505.109313965, 375.023834229, -61.5807991028, 43.1469688416, 4.62943315506, -65.3848342896, -91.4712905884, 56.5333061218, -92.8662185669, 35.2318458557], [-4062.16894531, -18.3632678986, 1417.39477539, -385.420959473, 39.7638320923, 488.526153564, -172.324890137, 252.714874268, -103.967216492, 24.8682937622, -103.392494202, -74.8909759521, -23.3586292267], [1674.00268555, -505.109313965, -385.420959473, 760.75769043, -105.706100464, -94.161567688, 141.001403809, -101.1900177, 114.027496338, 24.8712730408, -26.7997322083, 41.5975952148, -30.7093029022], [90.9549560547, 375.023834229, 39.7638320923, -105.706100464, 326.887451172, 23.0607223511, 14.383266449, 45.3355941772, -34.3320121765, -8.89741897583, 25.0597820282, -22.7641639709, 24.0280189514], [-1400.9197998, -61.5807991028, 488.526153564, -94.161567688, 23.0607223511, 316.805297852, -17.230928421, 81.2579498291, -18.7261638641, -3.49349832535, -32.4875106812, -16.1978302002, -25.6394443512], [747.173583984, 43.1469688416, -172.324890137, 141.001403809, 14.383266449, -17.230928421, 140.976730347, -9.53790473938, 28.5741157532, 9.64166641235, 0.991956233978, 2.22147750854, -1.13460636139], [-881.972839355, 4.62943315506, 252.714874268, -101.1900177, 45.3355941772, 81.2579498291, -9.53790473938, 138.514633179, 7.05602836609, 23.3662319183, 1.72217333317, -22.3220596313, -7.89261960983], [410.874755859, -65.3848342896, -103.967216492, 114.027496338, -34.3320121765, -18.7261638641, 28.5741157532, 7.05602836609, 98.1114349365, 29.1098880768, 10.6044120789, 11.6130065918, -19.9338130951], [-233.112472534, -91.4712905884, 24.8682937622, 24.8712730408, -8.89741897583, -3.49349832535, 9.64166641235, 23.3662319183, 29.1098880768, 82.7358474731, 20.3560028076, 13.3498849869, 3.72314238548], [272.262390137, 56.5333061218, -103.392494202, -26.7997322083, 25.0597820282, -32.4875106812, 0.991956233978, 1.72217333317, 10.6044120789, 20.3560028076, 88.0753173828, 27.9792747498, -12.4037399292], [74.9946289062, -92.8662185669, -74.8909759521, 41.5975952148, -22.7641639709, -16.1978302002, 2.22147750854, -22.3220596313, 11.6130065918, 13.3498849869, 27.9792747498, 87.7913742065, 37.1901512146], [65.8994445801, 35.2318458557, -23.3586292267, -30.7093029022, 24.0280189514, -25.6394443512, -1.13460636139, -7.89261960983, -19.9338130951, 3.72314238548, -12.4037399292, 37.1901512146, 106.405433655]],
        "icov": [[0.00116739445366, -0.00229483773001, 0.00217073666863, -0.0027081456501, 0.00124216848053, -0.000128359752125, -2.64131631411e-05, 0.00123817648273, -0.00135726574808, 0.00141695828643, -0.00167304836214, 0.00145490106661, -0.00149546493776], [-0.00229483773001, 0.00992291886359, -0.00732841109857, 0.00972273759544, -0.00732320966199, 0.00465087033808, -0.00745248515159, 0.00458579324186, -0.00390488724224, 0.00432112533599, -0.00234862184152, 0.00235577486455, 0.00038812024286], [0.00217073666863, -0.00732841109857, 0.00942321214825, -0.00749618466944, 0.00531022716314, -0.00668635684997, 0.00740143703297, -0.00559134921059, 0.0041606714949, -0.00373160326853, 0.00309145567007, -8.62536180648e-05, -0.000858253508341], [-0.0027081456501, 0.00972273759544, -0.00749618466944, 0.0122277541086, -0.0067392475903, 0.00417519919574, -0.00783155392855, 0.00417702179402, -0.00404457561672, 0.00200882158242, 0.00105954951141, -0.000502663198858, 0.00256675342098], [0.00124216848053, -0.00732320966199, 0.00531022716314, -0.0067392475903, 0.00958672631532, -0.00460276985541, 0.00607855990529, -0.00631693284959, 0.00562019506469, -0.00428899517283, 0.00124930986203, -0.00126982608344, -0.00100903934799], [-0.000128359752125, 0.00465087033808, -0.00668635684997, 0.00417519919574, -0.00460276985541, 0.0121795972809, -0.00968129560351, 0.00734011270106, -0.00746432412416, 0.00817243102938, -0.00505955237895, 0.00198636623099, -0.000276254519122], [-2.64131631411e-05, -0.00745248515159, 0.00740143703297, -0.00783155392855, 0.00607855990529, -0.00968129560351, 0.0224066544324, -0.0133183849975, 0.0106608849019, -0.0121052265167, 0.00970634259284, -0.00594325223938, 0.00302357948385], [0.00123817648273, 0.00458579324186, -0.00559134921059, 0.00417702179402, -0.00631693284959, 0.00734011270106, -0.0133183849975, 0.0256887581199, -0.0157739575952, 0.01009312924, -0.0125538175926, 0.0106582045555, -0.0058453916572], [-0.00135726574808, -0.00390488724224, 0.0041606714949, -0.00404457561672, 0.00562019506469, -0.00746432412416, 0.0106608849019, -0.0157739575952, 0.0272496361285, -0.0157008245587, 0.0107877254486, -0.00978725869209, 0.00808811187744], [0.00141695828643, 0.00432112533599, -0.00373160326853, 0.00200882158242, -0.00428899517283, 0.00817243102938, -0.0121052265167, 0.01009312924, -0.0157008245587, 0.0280443131924, -0.0150461420417, 0.00830853637308, -0.00757093681023], [-0.00167304836214, -0.00234862184152, 0.00309145567007, 0.00105954951141, 0.00124930986203, -0.00505955237895, 0.00970634259284, -0.0125538175926, 0.0107877254486, -0.0150461420417, 0.0290402192622, -0.0165192447603, 0.012175668031], [0.00145490106661, 0.00235577486455, -8.62536180648e-05, -0.000502663198858, -0.00126982608344, 0.00198636623099, -0.00594325223938, 0.0106582045555, -0.00978725869209, 0.00830853637308, -0.0165192447603, 0.0268362388015, -0.0137820355594], [-0.00149546493776, 0.00038812024286, -0.000858253508341, 0.00256675342098, -0.00100903934799, -0.000276254519122, 0.00302357948385, -0.0058453916572, 0.00808811187744, -0.00757093681023, 0.012175668031, -0.0137820355594, 0.0185244623572]]
    },
    "melbands": {
        "dmean": [1.94353087863e-05, 0.000112875648483, 0.000341487553669, 0.000284424138954, 0.000318547186907, 0.000265372480499, 0.000136298505822, 0.000140987001942, 6.85796767357e-05, 3.20449071296e-05, 2.6730409445e-05, 1.7154859961e-05, 1.25224514704e-05, 8.77291586221e-06, 5.66855806028e-06, 4.01899569624e-06, 4.86097542307e-06, 3.01232580568e-06, 2.64359800894e-06, 2.12574832403e-06, 1.36111407301e-06, 1.2162472558e-06, 5.09290316586e-07, 5.98134704433e-07, 3.43374466638e-07, 1.30240266571e-07, 9.34344086545e-08, 6.61769021804e-08, 4.35787654851e-08, 3.29585709835e-08, 1.44460692297e-08, 9.09992081688e-09, 4.6675845411e-09, 4.06176869916e-09, 2.25445284663e-09, 1.36684452645e-09, 5.17263898381e-10, 1.83970949585e-10, 6.23737381189e-11, 3.1610897927e-11],
        "dmean2": [3.0571474781e-05, 0.000181992421858, 0.000598799146246, 0.000488007470267, 0.000501022674143, 0.000412895635236, 0.000208624900552, 0.000198904614081, 9.33029295993e-05, 4.40667536168e-05, 3.60976482625e-05, 2.29037723329e-05, 1.68907208717e-05, 1.28178207888e-05, 8.58228577272e-06, 6.08165009908e-06, 6.98447911418e-06, 4.38938286607e-06, 4.06891331295e-06, 2.94174378723e-06, 1.89775767012e-06, 1.7500691456e-06, 7.93822778178e-07, 8.12048597254e-07, 4.9132603408e-07, 1.89442971532e-07, 1.35321471362e-07, 1.0012588092e-07, 6.63942643087e-08, 4.69745096154e-08, 2.07573958022e-08, 1.36115705374e-08, 6.75613076595e-09, 6.34086605444e-09, 3.53606322001e-09, 2.1835899755e-09, 8.68779048702e-10, 2.97695590401e-10, 1.02450874173e-10, 5.36229081971e-11],
        "dvar": [2.77049938546e-09, 9.74738796344e-08, 7.44374119677e-07, 3.47868564177e-07, 5.7751225313e-07, 6.18337992364e-07, 2.09835960163e-07, 2.67331301984e-07, 1.01911091122e-07, 1.18600560484e-08, 1.25846328913e-08, 4.24714574621e-09, 2.19030749093e-09, 7.95131349651e-10, 2.27835833533e-10, 1.63372926298e-10, 3.226141021e-10, 6.26232052325e-11, 4.26991497715e-11, 5.69976565945e-11, 1.92570803054e-11, 1.9990471084e-11, 2.72168355561e-12, 6.21929938105e-12, 1.48154427095e-12, 2.27035052e-13, 1.62835646659e-13, 9.94719375771e-14, 4.02284915178e-14, 7.40176081776e-14, 7.13975590889e-15, 2.7944493609e-15, 7.33393630622e-16, 8.1273663616e-16, 2.56068118471e-16, 1.58512567844e-16, 6.95117786688e-17, 3.81993413084e-18, 2.16789265621e-19, 4.95364832334e-20],
        "dvar2": [6.54730758498e-09, 2.56022389067e-07, 2.49611775871e-06, 1.05303558939e-06, 1.50984715219e-06, 1.45992578382e-06, 4.87586817144e-07, 4.87636839352e-07, 1.69728551214e-07, 2.48813130099e-08, 2.73746181279e-08, 8.71740635233e-09, 4.54991200272e-09, 1.8119532541e-09, 5.20160525763e-10, 3.83357262601e-10, 6.31302732312e-10, 1.34723968093e-10, 1.04302746995e-10, 1.16644638393e-10, 3.72417444106e-11, 4.02704779245e-11, 6.58994386837e-12, 9.92985034476e-12, 2.84204712715e-12, 4.6667167743e-13, 3.64254037089e-13, 2.37642506585e-13, 1.00655676285e-13, 1.29441962249e-13, 1.48514199934e-14, 6.26946301338e-15, 1.58174466702e-15, 1.9094252919e-15, 6.41645668753e-16, 4.25867863559e-16, 1.90386033837e-16, 9.44287880595e-18, 5.57983470992e-19, 1.34341369309e-19],
        "max": [0.00150789914187, 0.00996911991388, 0.0167569480836, 0.0150389485061, 0.017703063786, 0.0227428879589, 0.0181282572448, 0.0171531010419, 0.0159733071923, 0.00537527678534, 0.00566604640335, 0.00431060651317, 0.00192256947048, 0.00132061797194, 0.00055161427008, 0.000484202755615, 0.000868225761224, 0.000206158583751, 0.000145572746987, 0.000299872248434, 0.00012200949277, 0.000108407315565, 4.51280684501e-05, 0.000107079948066, 4.36526934209e-05, 1.20190961752e-05, 1.50330333781e-05, 8.03716648079e-06, 5.74260093344e-06, 1.26759496197e-05, 4.26443239121e-06, 1.46337470142e-06, 1.3717415186e-06, 1.57377871801e-06, 5.82565576224e-07, 5.09734604748e-07, 3.93300467749e-07, 9.0338112102e-08, 1.57514179477e-08, 7.57512719218e-09],
        "mean": [4.30796462751e-05, 0.000282485911157, 0.000760892173275, 0.000712256121915, 0.000941634352785, 0.000891086470801, 0.000455560686532, 0.000433231238276, 0.000195208631339, 0.000103511018096, 9.60489487625e-05, 5.87855720369e-05, 4.32121451013e-05, 3.02002972603e-05, 1.59093651746e-05, 9.60353372648e-06, 1.38026207424e-05, 8.85779627424e-06, 7.07952358425e-06, 5.31621071787e-06, 4.03001831728e-06, 3.0300736853e-06, 1.12090367566e-06, 1.35487528041e-06, 7.52617665967e-07, 2.87633412199e-07, 1.69702701669e-07, 1.04652677635e-07, 6.71799043062e-08, 5.16343092727e-08, 2.54279228784e-08, 1.27693340346e-08, 7.29651006282e-09, 5.93383342462e-09, 3.04588776423e-09, 1.4685986871e-09, 4.56681970018e-10, 1.81781423247e-10, 6.38077091164e-11, 3.67407285151e-11],
        "median": [7.80130721978e-06, 7.91389757069e-05, 0.000244206050411, 0.000274884165265, 0.000375655188691, 0.000257106730714, 0.000134228015668, 0.000106295876321, 4.4367803639e-05, 3.74263181584e-05, 2.95784957416e-05, 2.14852152567e-05, 1.45976773638e-05, 1.01374089354e-05, 5.97356392973e-06, 2.44944749284e-06, 2.73683076557e-06, 2.4249229682e-06, 2.00786325877e-06, 1.08215601813e-06, 6.00754333391e-07, 3.02205762637e-07, 1.51358676703e-07, 9.85568107126e-08, 6.33243075754e-08, 1.88522211175e-08, 9.33981514351e-09, 3.98922850309e-09, 1.47551837415e-09, 6.93818447139e-10, 4.13666767507e-10, 1.38702799246e-10, 7.62516438879e-11, 4.39225877891e-11, 2.04187604325e-11, 1.22591103935e-11, 7.71209658634e-12, 7.04058296039e-12, 5.22855977264e-12, 4.69517220242e-12],
        "min": [3.39001101662e-24, 2.30522708661e-24, 3.78445409101e-24, 3.90638713783e-24, 7.58589314616e-24, 2.51144834344e-23, 3.67783046777e-23, 1.12715830351e-23, 3.35761999342e-24, 5.03202735742e-24, 1.07736816419e-23, 1.30658605747e-23, 1.35537584228e-23, 1.07631669149e-23, 1.2702175187e-23, 1.04463138325e-23, 3.18677812267e-23, 1.73979044352e-23, 1.72290361367e-23, 1.38941960796e-23, 1.5733975905e-23, 1.38338576867e-23, 1.00681118265e-23, 1.26251145206e-23, 7.28882706192e-24, 9.75747339036e-24, 7.78685625063e-24, 9.08116794796e-24, 1.45201619411e-23, 1.27062741083e-23, 1.50170843579e-23, 1.07360963641e-23, 6.51146301553e-24, 1.43938842428e-23, 1.22396344838e-23, 1.00756280932e-23, 7.1307495917e-24, 9.80734359907e-24, 9.83607943526e-24, 9.30194171633e-24],
        "var": [1.13771090327e-08, 3.28132131244e-07, 1.91522326531e-06, 1.23121037632e-06, 2.19095068132e-06, 3.00546116705e-06, 9.34975275868e-07, 1.16697685826e-06, 3.78345106355e-07, 5.91632058899e-08, 7.31186702296e-08, 1.86407760339e-08, 7.57215978808e-09, 3.06666980698e-09, 8.80729600361e-10, 5.24080334685e-10, 2.02746153199e-09, 2.6334459613e-10, 1.40501568713e-10, 1.72854078273e-10, 8.58404944348e-11, 6.57117624203e-11, 7.2609661339e-12, 2.00139783219e-11, 4.28046660617e-12, 5.48015625934e-13, 2.79340461352e-13, 1.37779748006e-13, 5.52496653842e-14, 1.27078130462e-13, 1.31552881856e-14, 3.8057804419e-15, 1.11668366255e-15, 9.93872884924e-16, 3.55640917767e-16, 1.38688410223e-16, 4.87257258008e-17, 3.33514135821e-18, 1.95190132262e-19, 4.37758552759e-20]
    },
    "mfcc": {
        "mean": [-822.819641113, 231.254882812, -4.46848917007, -7.26999044418, 0.62742972374, -12.687040329, -14.4710826874, -9.70700359344, -9.19013690948, -9.75941085815, -9.9525308609, -10.0469179153, -4.80104112625],
        "cov": [[9471.48730469, 3001.41235352, -3119.12597656, 1036.28259277, 141.870605469, -346.176879883, -173.2318573, -105.998649597, -173.151580811, -133.893051147, -8.21670722961, -47.7507476807, 61.7798309326], [3001.41235352, 1867.81298828, -643.24786377, -123.618339539, 229.714248657, -72.2924728394, -32.0032348633, 5.89226913452, -36.744846344, -42.0852928162, -42.329246521, -52.1483955383, 7.722407341], [-3119.12597656, -643.24786377, 1440.4263916, -410.160125732, -77.4499893188, 237.595779419, 88.5433807373, 69.5419082642, 105.196052551, 71.7104034424, -13.2441205978, -10.7617731094, -29.4797134399], [1036.28259277, -123.618339539, -410.160125732, 543.232116699, -7.8664727211, -39.8396492004, 25.1303539276, -14.8117599487, 12.5970745087, 17.6087970734, 18.5457801819, 12.5660810471, 13.253783226], [141.870605469, 229.714248657, -77.4499893188, -7.8664727211, 248.611740112, 15.5159091949, 20.6689300537, 47.0617752075, 4.51862621307, 22.3080024719, 4.1523194313, 1.91652977467, 18.0061664581], [-346.176879883, -72.2924728394, 237.595779419, -39.8396492004, 15.5159091949, 192.565933228, 69.0871200562, 36.0316696167, 51.290687561, 14.1687641144, 0.629815638065, -2.99889993668, 6.09157323837], [-173.2318573, -32.0032348633, 88.5433807373, 25.1303539276, 20.6689300537, 69.0871200562, 120.614700317, 42.8415336609, 28.031621933, 16.8491783142, -0.673593580723, 11.7859945297, -2.41082715988], [-105.998649597, 5.89226913452, 69.5419082642, -14.8117599487, 47.0617752075, 36.0316696167, 42.8415336609, 94.8708953857, 32.7603912354, 16.9847831726, 22.5757694244, 5.31590461731, 3.98773050308], [-173.151580811, -36.744846344, 105.196052551, 12.5970745087, 4.51862621307, 51.290687561, 28.031621933, 32.7603912354, 103.244270325, 32.8695373535, -14.3224525452, -0.305073261261, -11.6990242004], [-133.893051147, -42.0852928162, 71.7104034424, 17.6087970734, 22.3080024719, 14.1687641144, 16.8491783142, 16.9847831726, 32.8695373535, 92.7584457397, 41.8275947571, 1.36193358898, 5.33992099762], [-8.21670722961, -42.329246521, -13.2441205978, 18.5457801819, 4.1523194313, 0.629815638065, -0.673593580723, 22.5757694244, -14.3224525452, 41.8275947571, 116.376327515, 39.6909255981, 5.5485162735], [-47.7507476807, -52.1483955383, -10.7617731094, 12.5660810471, 1.91652977467, -2.99889993668, 11.7859945297, 5.31590461731, -0.305073261261, 1.36193358898, 39.6909255981, 81.5375366211, 29.5625038147], [61.7798309326, 7.722407341, -29.4797134399, 13.253783226, 18.0061664581, 6.09157323837, -2.41082715988, 3.98773050308, -11.6990242004, 5.33992099762, 5.5485162735, 29.5625038147, 73.0150756836]],
