{
"lowlevel": {
    "average_loudness": 0.962986111641,
    "barkbands_crest": {
        "dmean": 2.8834028244,
        "dmean2": 4.38311958313,
        "dvar": 7.54238700867,
        "dvar2": 17.139251709,
        "max": 26.8023643494,
        "mean": 14.7447881699,
        "median": 13.9816226959,
        "min": 3.45765638351,
        "var": 29.1290740967
    },
    "barkbands_flatness_db": {
        "dmean": 0.0479540638626,
        "dmean2": 0.0640504434705,
        "dvar": 0.00325223850086,
        "dvar2": 0.00587775558233,
        "max": 0.678116977215,
        "mean": 0.276658982038,
        "median": 0.247924089432,
        "min": 0.0327110514045,
        "var": 0.0206188894808
    },
    "barkbands_kurtosis": {
        "dmean": 12.2715330124,
        "dmean2": 19.5221996307,
        "dvar": 1700.29284668,
        "dvar2": 4427.45068359,
        "max": 1186.9239502,
        "mean": 17.4345264435,
        "median": 8.23540306091,
        "min": -1.92558002472,
        "var": 1664.0904541
    },
    "barkbands_skewness": {
        "dmean": 0.998682200909,
        "dmean2": 1.48658227921,
        "dvar": 1.72589457035,
        "dvar2": 4.03685951233,
        "max": 27.2613010406,
        "mean": 2.88176107407,
        "median": 2.54313516617,
        "min": -8.36672496796,
        "var": 4.04748153687
    },
    "barkbands_spread": {
        "dmean": 5.46298885345,
        "dmean2": 7.98822021484,
        "dvar": 68.5526809692,
        "dvar2": 139.320541382,
        "max": 113.723114014,
        "mean": 12.0785512924,
        "median": 7.11821460724,
        "min": 0.0483451522887,
        "var": 187.357345581
    },
    "dissonance": {
        "dmean": 0.0386969968677,
        "dmean2": 0.059576895088,
        "dvar": 0.0018035788089,
        "dvar2": 0.00415992923081,
        "max": 0.499999940395,
        "mean": 0.384539037943,
        "median": 0.412653684616,
        "min": 0.0448168367147,
        "var": 0.00840652827173
    },
    "dynamic_complexity": 2.96394395828,
    "erbbands_crest": {
        "dmean": 2.81224393845,
        "dmean2": 4.21848535538,
        "dvar": 8.36084461212,
        "dvar2": 17.3466320038,
        "max": 34.3169975281,
        "mean": 12.6273889542,
        "median": 10.6427707672,
        "min": 2.35997247696,
        "var": 50.267036438
    },
    "erbbands_flatness_db": {
        "dmean": 0.0352627746761,
        "dmean2": 0.0437154658139,
        "dvar": 0.00218303315341,
        "dvar2": 0.00321665406227,
        "max": 0.64103525877,
        "mean": 0.239673703909,
        "median": 0.198329508305,
        "min": 0.0365429706872,
        "var": 0.0181191395968
    },
    "erbbands_kurtosis": {
        "dmean": 2.92761230469,
        "dmean2": 4.46187973022,
        "dvar": 53.3442459106,
        "dvar2": 118.722335815,
        "max": 402.972229004,
        "mean": 3.63401031494,
        "median": 0.752618789673,
        "min": -1.86004638672,
        "var": 106.438331604
    },
    "erbbands_skewness": {
        "dmean": 0.579003751278,
        "dmean2": 0.841232180595,
        "dvar": 0.418680548668,
        "dvar2": 0.912952542305,
        "max": 16.8906345367,
        "mean": 1.09464859962,
        "median": 0.974296629429,
        "min": -7.08255434036,
        "var": 1.74420654774
    },
    "erbbands_spread": {
        "dmean": 11.5858573914,
        "dmean2": 16.3540458679,
        "dvar": 246.818496704,
        "dvar2": 464.261169434,
        "max": 161.210144043,
        "mean": 37.8789176941,
        "median": 30.3010349274,
        "min": 0.260871827602,
        "var": 926.274963379
    },
    "hfc": {
        "dmean": 5.89963817596,
        "dmean2": 8.36655235291,
        "dvar": 65.3577880859,
        "dvar2": 150.281524658,
        "max": 96.1146316528,
        "mean": 14.0319490433,
        "median": 10.8036146164,
        "min": 1.23941566611e-16,
        "var": 145.484146118
    },
    "melbands_crest": {
        "dmean": 3.55839395523,
        "dmean2": 5.78229904175,
        "dvar": 10.9276676178,
        "dvar2": 28.7732143402,
        "max": 33.9235115051,
        "mean": 20.0541496277,
        "median": 20.2030944824,
        "min": 2.42867040634,
        "var": 32.6156616211
    },
    "melbands_flatness_db": {
        "dmean": 0.0524353533983,
        "dmean2": 0.06988620013,
        "dvar": 0.0040471740067,
        "dvar2": 0.00751753197983,
        "max": 0.839474856853,
        "mean": 0.353093355894,
        "median": 0.324402362108,
        "min": 0.00682067219168,
        "var": 0.0226730778813
    },
    "melbands_kurtosis": {
        "dmean": 19.8222332001,
        "dmean2": 31.2941436768,
        "dvar": 1409.34179688,
        "dvar2": 3268.52148438,
        "max": 710.558349609,
        "mean": 35.0797080994,
        "median": 20.0579624176,
        "min": -1.95489168167,
        "var": 2449.28759766
    },
    "melbands_skewness": {
        "dmean": 1.17966115475,
        "dmean2": 1.76831102371,
        "dvar": 1.70776534081,
        "dvar2": 3.78423452377,
        "max": 20.552734375,
        "mean": 3.92695760727,
        "median": 3.54131793976,
        "min": -2.45850276947,
        "var": 5.50158643723
    },
    "melbands_spread": {
        "dmean": 4.12045431137,
        "dmean2": 6.17336511612,
        "dvar": 54.566318512,
        "dvar2": 108.181861877,
        "max": 209.615783691,
        "mean": 9.44026279449,
        "median": 6.34726858139,
        "min": 0.203191161156,
        "var": 161.96887207
    },
    "pitch_salience": {
        "dmean": 0.0873073041439,
        "dmean2": 0.135336652398,
        "dvar": 0.00710372114554,
        "dvar2": 0.0171560905874,
        "max": 0.95669233799,
        "mean": 0.435607075691,
        "median": 0.432499647141,
        "min": 0.0451120324433,
        "var": 0.0202558040619
    },
    "silence_rate_20dB": {
        "dmean": 0,
        "dmean2": 0,
        "dvar": 0,
        "dvar2": 0,
        "max": 1,
        "mean": 1,
        "median": 1,
        "min": 1,
        "var": 0
    },
    "silence_rate_30dB": {
        "dmean": 0.00147634162568,
        "dmean2": 0.00295290118083,
        "dvar": 0.0014740988845,
        "dvar2": 0.00309166195802,
        "max": 1,
        "mean": 0.998302340508,
        "median": 1,
        "min": 0,
        "var": 0.00169493805151
    },
    "silence_rate_60dB": {
        "dmean": 0.0277552232146,
        "dmean2": 0.0555145442486,
        "dvar": 0.0269791763276,
        "dvar2": 0.0596508197486,
        "max": 1,
        "mean": 0.0581635683775,
        "median": 0,
        "min": 0,
        "var": 0.0547739304602
    },
    "spectral_centroid": {
        "dmean": 209.826751709,
        "dmean2": 319.490509033,
        "dvar": 105770.398438,
        "dvar2": 247393.765625,
        "max": 10850.1640625,
        "mean": 748.23840332,
        "median": 553.739746094,
        "min": 88.8173294067,
        "var": 305949.9375
    },
    "spectral_complexity": {
        "dmean": 2.79441952705,
        "dmean2": 4.33559703827,
        "dvar": 16.7940254211,
        "dvar2": 39.2388725281,
        "max": 47,
        "mean": 9.92869758606,
        "median": 8,
        "min": 0,
        "var": 41.973815918
    },
    "spectral_decrease": {
        "dmean": 2.89173107682e-09,
        "dmean2": 4.30654090167e-09,
        "dvar": 1.08200931668e-17,
        "dvar2": 2.70556170356e-17,
        "max": 5.16094637019e-29,
        "mean": -8.05732192077e-09,
        "median": -7.54533147074e-09,
        "min": -3.26659943539e-08,
        "var": 2.95594977129e-17
    },
    "spectral_energy": {
        "dmean": 0.0112793473527,
        "dmean2": 0.0167647432536,
        "dvar": 0.000163114629686,
        "dvar2": 0.000407891348004,
        "max": 0.129564762115,
        "mean": 0.0316829308867,
        "median": 0.0295886583626,
        "min": 1.10470794756e-20,
        "var": 0.000448311824584
    },
    "spectral_energyband_high": {
        "dmean": 0.000403646874474,
        "dmean2": 0.000580261170398,
        "dvar": 5.62962213735e-07,
        "dvar2": 1.1443130461e-06,
        "max": 0.00948929134756,
        "mean": 0.000598130980507,
        "median": 0.00010013996507,
        "min": 8.34102837966e-21,
        "var": 1.02820172287e-06
    },
    "spectral_energyband_low": {
        "dmean": 0.00664638867602,
        "dmean2": 0.0104329632595,
        "dvar": 0.000123170058941,
        "dvar2": 0.00030346668791,
        "max": 0.109998941422,
        "mean": 0.0130438683555,
        "median": 0.00733785470948,
        "min": 6.21751829611e-23,
        "var": 0.000260153465206
    },
    "spectral_energyband_middle_high": {
        "dmean": 0.000628296285868,
        "dmean2": 0.000997666385956,
        "dvar": 8.96996539268e-07,
        "dvar2": 2.33658920479e-06,
        "max": 0.0150785259902,
        "mean": 0.00143987999763,
        "median": 0.00106139457785,
        "min": 1.36420076612e-21,
        "var": 1.9001857936e-06
    },
    "spectral_energyband_middle_low": {
        "dmean": 0.00672279344872,
        "dmean2": 0.00976913142949,
        "dvar": 7.8905330156e-05,
        "dvar2": 0.000180150964297,
        "max": 0.128966003656,
        "mean": 0.0171140003949,
        "median": 0.0103583615273,
        "min": 3.34239078121e-22,
        "var": 0.000317377212923
    },
    "spectral_entropy": {
        "dmean": 0.400202333927,
        "dmean2": 0.524516165257,
        "dvar": 0.258690685034,
        "dvar2": 0.455707371235,
        "max": 9.80519104004,
        "mean": 6.52814483643,
        "median": 6.70486545563,
        "min": 3.09992074966,
        "var": 1.45024621487
    },
    "spectral_flux": {
        "dmean": 0.0313262194395,
        "dmean2": 0.0496648587286,
        "dvar": 0.00140986661427,
        "dvar2": 0.00262683210894,
        "max": 0.286236017942,
        "mean": 0.071153126657,
        "median": 0.0564150586724,
        "min": 1.05105084358e-10,
        "var": 0.00260115112178
    },
    "spectral_kurtosis": {
        "dmean": 16.0071678162,
        "dmean2": 25.1836910248,
        "dvar": 1371.5546875,
        "dvar2": 2728.87280273,
        "max": 532.345031738,
        "mean": 31.9356479645,
        "median": 4.93267154694,
        "min": -1.18402671814,
        "var": 4082.66137695
    },
    "spectral_rms": {
        "dmean": 0.000995291164145,
        "dmean2": 0.00144239363726,
        "dvar": 1.09265909032e-06,
        "dvar2": 2.51830761044e-06,
        "max": 0.0112429820001,
        "mean": 0.00517799332738,
        "median": 0.00537280039862,
        "min": 3.28293143538e-12,
        "var": 4.09864742323e-06
    },
    "spectral_rolloff": {
        "dmean": 358.591674805,
        "dmean2": 607.141906738,
        "dvar": 1048661.75,
        "dvar2": 2342698.25,
        "max": 18927.6855469,
        "mean": 755.785522461,
        "median": 452.197265625,
        "min": 64.599609375,
        "var": 1693959.125
    },
    "spectral_skewness": {
        "dmean": 0.918032646179,
        "dmean2": 1.35935425758,
        "dvar": 2.55713868141,
        "dvar2": 4.46415376663,
        "max": 19.2005729675,
        "mean": 3.25343084335,
        "median": 1.8419687748,
        "min": 0.0172078460455,
        "var": 10.7792787552
    },
    "spectral_spread": {
        "dmean": 1072840.625,
        "dmean2": 1424926.875,
        "dvar": 2.02764058624e+12,
        "dvar2": 3.28785802035e+12,
        "max": 40678764,
        "mean": 4373262,
        "median": 3853903,
        "min": 193229.859375,
        "var": 7.4444481495e+12
    },
    "spectral_strongpeak": {
        "dmean": 0.342682898045,
        "dmean2": 0.489292025566,
        "dvar": 0.181599125266,
        "dvar2": 0.337948709726,
        "max": 7.39460468292,
        "mean": 1.11578297615,
        "median": 0.612765610218,
        "min": 2.42598341416e-09,
        "var": 1.35514450073
    },
    "zerocrossingrate": {
        "dmean": 0.0107548385859,
        "dmean2": 0.0122285149992,
        "dvar": 0.000236757055973,
        "dvar2": 0.000269508338533,
        "max": 0.49267578125,
        "mean": 0.0372879579663,
        "median": 0.02734375,
        "min": 0.00244140625,
        "var": 0.00122689141426
    },
    "barkbands": {
        "dmean": [6.86113271513e-05, 0.00430474570021, 0.00363101367839, 0.00122303562239, 0.00164495431818, 0.00354912504554, 0.000776216562372, 0.00073161686305, 0.000596996047534, 0.000180332281161, 0.000201759670745, 9.07670182642e-05, 7.8519267845e-05, 4.93508960062e-05, 5.63002176932e-05, 5.93313889112e-05, 3.80412566301e-05, 5.05270400026e-05, 4.31614389527e-05, 7.77412715252e-05, 5.78638318984e-05, 8.17899708636e-05, 8.84889741428e-05, 7.25079808035e-05, 4.75850793009e-05, 5.03763658344e-05, 9.25251333683e-06],
        "dmean2": [0.000107913270767, 0.00636137789115, 0.00624971976504, 0.00219240318984, 0.00277957716025, 0.00465042423457, 0.000932593131438, 0.000826475326903, 0.000860408181325, 0.000285275629722, 0.000308415852487, 0.000139254087117, 0.000127923121909, 7.91276397649e-05, 9.39810634009e-05, 9.42511687754e-05, 5.8196412283e-05, 8.56483384268e-05, 7.11421234882e-05, 0.000132945046062, 8.88556824066e-05, 0.000120147582493, 0.000131595355924, 0.000102734426036, 7.1395021223e-05, 8.22494184831e-05, 1.46564461829e-05],
        "dvar": [1.45635539184e-07, 7.02799443388e-05, 5.15493375133e-05, 1.39523181133e-05, 1.15948269013e-05, 3.4819546272e-05, 5.67781853533e-06, 7.61630872148e-06, 1.13169630822e-06, 1.27670205075e-07, 1.32354728066e-07, 5.19590734882e-08, 4.29622737386e-08, 1.34781412697e-08, 1.17003775557e-08, 1.53163615124e-08, 5.91442850251e-09, 1.52158126099e-08, 9.13813646974e-09, 3.90069700984e-08, 1.3307042579e-08, 2.11683257589e-08, 3.51796813902e-08, 2.69278448428e-08, 1.00748271947e-08, 2.20818439089e-08, 5.73032621354e-10],
        "dvar2": [3.78207204221e-07, 0.000160189360031, 0.000145532307215, 3.84380582545e-05, 3.23908025166e-05, 6.42685918137e-05, 5.29396902493e-06, 6.83262305756e-06, 2.81652523881e-06, 3.00633928418e-07, 3.0919306937e-07, 1.125785829e-07, 9.31113746105e-08, 3.11605887759e-08, 3.04363680925e-08, 3.82138871657e-08, 1.32747715043e-08, 4.22981614179e-08, 2.5277131499e-08, 1.10744650783e-07, 3.06973646502e-08, 4.26200621462e-08, 7.63824345995e-08, 5.37294440051e-08, 2.10677377765e-08, 5.75227439015e-08, 1.44953660186e-09],
        "max": [0.0155840674415, 0.105545133352, 0.0681622102857, 0.0358200445771, 0.0395742841065, 0.0833063498139, 0.104797035456, 0.125626713037, 0.0267378911376, 0.00956656783819, 0.00883075781167, 0.00861437432468, 0.0141687104478, 0.004708096385, 0.00201135920361, 0.00257110246457, 0.00248878472485, 0.00117608031724, 0.00100447190925, 0.00198471103795, 0.00272988225333, 0.00257411249913, 0.0021759653464, 0.00262569822371, 0.00129410624504, 0.00176219490822, 0.000302925065625],
        "mean": [0.000108866341179, 0.00739163998514, 0.00505357282236, 0.00112859730143, 0.00234214961529, 0.00796013325453, 0.0025243263226, 0.00184692826588, 0.00127402611542, 0.000330931856297, 0.000405694445362, 0.000137615541462, 0.00011740905029, 7.64518990763e-05, 8.31355791888e-05, 9.90666230791e-05, 6.42525119474e-05, 5.20319408679e-05, 5.28509008291e-05, 8.90385199455e-05, 9.89891050267e-05, 0.000129292166093, 0.000117969248095, 9.23781335587e-05, 5.52433957637e-05, 4.18639210693e-05, 8.28129032016e-06],
        "median": [1.00874001419e-06, 0.00161427410785, 0.0018442136934, 0.000106545339804, 0.00115818961058, 0.00179381575435, 0.000358008488547, 0.000134887057357, 0.000563099980354, 9.88477113424e-05, 0.00013124315592, 4.12924637203e-05, 4.36540321971e-05, 1.58947859745e-05, 2.23782571993e-05, 2.33890059462e-05, 1.93698233488e-05, 1.18564512377e-05, 1.06690822577e-05, 1.04543141788e-05, 1.45837548189e-05, 1.7187137928e-05, 8.27047188068e-06, 2.40641338678e-06, 1.37106917464e-06, 5.43839519196e-07, 1.44324303619e-07],
        "min": [2.05270348117e-23, 2.75069360546e-23, 1.51946758804e-23, 1.6598086252e-23, 7.87277945374e-23, 8.10827336661e-23, 3.7452534627e-23, 1.55278244624e-23, 7.5877576978e-23, 3.35530342449e-23, 1.10838617498e-22, 1.30774710295e-22, 5.22857512851e-23, 5.81255055508e-23, 1.08323463875e-22, 1.56998529377e-22, 1.20641583708e-22, 2.50693432357e-22, 2.64905424207e-22, 2.93901250023e-22, 3.86036669656e-22, 5.09420270762e-22, 7.35140714509e-22, 1.14164202639e-21, 1.07498239638e-21, 2.0756590937e-21, 2.49313185781e-21],
        "var": [3.79671348583e-07, 0.000128613013658, 5.66390699532e-05, 9.75717830443e-06, 1.18241086966e-05, 0.000179637194378, 7.90194608271e-05, 6.02441978117e-05, 3.25579730998e-06, 3.92887272938e-07, 4.52099584436e-07, 1.04118477395e-07, 7.99699435561e-08, 2.75347318279e-08, 2.2945611633e-08, 3.55040725708e-08, 1.48072540895e-08, 1.22007328685e-08, 9.33784605195e-09, 3.6627863409e-08, 3.94012253935e-08, 4.93008371905e-08, 5.77566048321e-08, 4.66195935189e-08, 1.58046251642e-08, 1.81697075163e-08, 5.38117994608e-10]
    },
    "erbbands": {
        "dmean": [0.0763049200177, 1.15121519566, 4.00931835175, 3.69592285156, 4.4015712738, 6.47885847092, 12.8836698532, 37.1550979614, 10.4516506195, 17.6346912384, 10.4457292557, 17.1584720612, 3.97587871552, 7.15400314331, 7.7761092186, 3.03134036064, 3.62516760826, 2.57226347923, 3.10016727448, 3.0858297348, 2.67222857475, 1.95348441601, 2.75032734871, 2.34114789963, 2.47267532349, 3.8169760704, 2.26383328438, 2.45054984093, 2.77733778954, 2.76899957657, 2.36176490784, 2.08713245392, 0.90739440918, 0.510817110538, 0.376623421907, 0.388181477785, 0.0406903326511, 0.00484982831404, 0.0010291923536, 0.000203634495847],
        "dmean2": [0.106763407588, 1.7116985321, 6.74884033203, 6.4153213501, 7.5712018013, 11.1032123566, 18.1601696014, 48.5545120239, 12.955783844, 19.7285022736, 12.6325960159, 24.7435684204, 6.08928823471, 10.9168167114, 12.0446958542, 4.7648730278, 5.76916742325, 4.17164754868, 5.11321306229, 4.98966836929, 4.18313789368, 3.01376676559, 4.66196584702, 3.91500973701, 4.1004986763, 6.60592937469, 3.48758864403, 3.66371250153, 4.12875413895, 4.05695486069, 3.49392986298, 2.9466252327, 1.25766015053, 0.72710454464, 0.597338020802, 0.639000356197, 0.0636752173305, 0.00753607461229, 0.00159735418856, 0.000326447072439],
        "dvar": [0.0363312847912, 4.60171079636, 52.0117225647, 104.360824585, 100.065826416, 202.212265015, 399.790130615, 4532.64648438, 793.756103516, 3648.37329102, 789.099609375, 968.606262207, 43.6258544922, 179.532806396, 204.196685791, 96.813041687, 110.341308594, 32.6105003357, 35.568687439, 40.8119049072, 31.3887138367, 14.9439592361, 43.7243156433, 33.01014328, 31.6989784241, 98.6688461304, 25.1747188568, 21.1037712097, 26.1829586029, 25.4314289093, 24.6480541229, 23.8238334656, 4.8315243721, 1.36743748188, 0.674578845501, 1.4202170372, 0.00951678398997, 0.000162290307344, 6.68919346936e-06, 3.12022280013e-07],
        "dvar2": [0.0695351585746, 11.0404548645, 147.102462769, 284.970306396, 276.139129639, 567.649597168, 851.642456055, 8153.14941406, 729.454406738, 3472.68457031, 820.768371582, 2428.86767578, 109.124763489, 404.626434326, 493.855957031, 222.974075317, 231.259170532, 75.3838195801, 94.3996963501, 103.50239563, 75.7291488647, 33.8730316162, 122.526481628, 91.4941253662, 88.3270645142, 282.229614258, 59.0409660339, 46.159702301, 53.9501152039, 46.4270401001, 49.8321723938, 49.831401825, 9.72221279144, 2.42685842514, 1.66677105427, 3.71115326881, 0.0239060353488, 0.000406226259656, 1.68322894751e-05, 8.08569893707e-07],
        "max": [4.10860490799, 22.7406387329, 74.5999069214, 92.3096923828, 125.226119995, 171.567199707, 336.232574463, 1043.42504883, 1454.86230469, 2224.3449707, 1073.58532715, 709.084228516, 136.167373657, 387.638275146, 299.495361328, 442.243865967, 755.866821289, 231.040298462, 99.5422058105, 166.517532349, 151.731811523, 83.7784957886, 64.0215988159, 59.4305534363, 58.0416183472, 99.8034591675, 139.191696167, 121.088165283, 103.701309204, 60.9475135803, 62.8452072144, 67.599571228, 32.546497345, 19.7180290222, 8.69781494141, 13.5593891144, 1.09972524643, 0.156923189759, 0.033177819103, 0.00655027525499],
        "mean": [0.124953642488, 1.97319877148, 6.33663272858, 4.06630897522, 6.1580786705, 8.49178123474, 26.2565002441, 82.2782974243, 32.0285148621, 55.0731239319, 25.3446216583, 36.9540901184, 7.99844884872, 14.9245729446, 17.5791301727, 5.32484483719, 5.799492836, 4.11251735687, 4.65827083588, 5.0595459938, 4.76182699203, 3.14321255684, 2.98371148109, 2.53675293922, 2.9193239212, 4.21540975571, 4.06201887131, 4.09894657135, 4.6318025589, 3.87049651146, 3.16833472252, 2.64194083214, 1.18837189674, 0.6474609375, 0.377418488264, 0.315994262695, 0.0376581177115, 0.00477353716269, 0.000998189207166, 0.000200405454962],
        "median": [0.0135330660269, 0.59795743227, 2.76931524277, 1.57432329655, 2.5306391716, 3.54304361343, 9.29829216003, 17.0276565552, 10.6572208405, 4.29222726822, 6.57981824875, 16.6913509369, 4.70269298553, 5.79454708099, 6.39868545532, 2.18703699112, 2.34521484375, 1.2762401104, 1.27288079262, 1.52248072624, 1.02934873104, 0.919554114342, 0.86410433054, 0.462471842766, 0.48985773325, 0.567267715931, 0.554752707481, 0.700220346451, 0.608759045601, 0.431861877441, 0.184276670218, 0.0895159542561, 0.0399590730667, 0.0153822246939, 0.00835487805307, 0.00298513867892, 0.000625772576313, 9.0026325779e-05, 3.70696507161e-05, 4.68296238978e-05],
        "min": [9.50235340703e-22, 5.94318243737e-21, 1.59144541535e-20, 4.33808119099e-20, 7.91247434379e-20, 2.43806677563e-19, 7.50359625282e-19, 5.71794543788e-19, 7.22658070351e-19, 1.91258090446e-19, 6.91159704709e-19, 1.35319179511e-18, 1.98888547253e-18, 1.55221258786e-18, 5.46399282142e-18, 5.02736139918e-18, 2.96867884015e-18, 1.92375699341e-18, 6.73520605474e-18, 6.63993800923e-18, 7.41409344939e-18, 8.06653215754e-18, 1.02335112703e-17, 1.58055371885e-17, 1.23462794473e-17, 1.59048120968e-17, 1.35418217846e-17, 1.83967284338e-17, 1.63131779304e-17, 1.60198663026e-17, 2.41534621283e-17, 2.48045790018e-17, 1.81034647825e-17, 1.16066831995e-17, 7.49351106e-18, 6.90989626035e-18, 4.27442396891e-18, 1.31035790145e-18, 3.01025319623e-19, 4.07773417113e-20],
        "var": [0.073366895318, 8.33830356598, 71.950592041, 77.0403289795, 95.2698516846, 187.825134277, 1609.43945312, 23251.859375, 10326.9853516, 42965.984375, 5355.83837891, 2706.43774414, 102.544517517, 660.347412109, 757.314819336, 180.981689453, 218.968612671, 66.2547531128, 63.4542732239, 85.3310012817, 87.9806442261, 32.5627441406, 35.0820503235, 28.1080875397, 30.1994953156, 85.2170639038, 81.6114273071, 62.6971168518, 69.5759963989, 48.4841461182, 43.3476104736, 38.1879806519, 8.38008499146, 2.51464557648, 0.765546262264, 1.13804996014, 0.00936843920499, 0.000169775827089, 6.71210000291e-06, 2.67681912192e-07]
    },
    "gfcc": {
        "mean": [-86.7782821655, 121.742591858, -96.1175613403, 5.25643062592, -73.7903900146, -2.04361224174, -28.6068267822, -8.22857189178, -12.4357700348, -3.61188650131, -10.0925922394, 1.94201791286, 0.0654030293226],
        "cov": [[14448.3505859, -4847.41845703, 763.424499512, 3585.81274414, -99.8887329102, 1400.53308105, -745.240722656, 645.846191406, -461.601104736, 689.645324707, -664.683837891, 32.9509773254, -622.840698242], [-4847.41845703, 4268.25048828, 350.763549805, -999.865783691, 833.023681641, -533.893005371, 564.078674316, -371.23336792, 273.282501221, -382.942840576, 314.18145752, -162.605743408, 206.997512817], [763.424499512, 350.763549805, 3246.77026367, 1161.7869873, 892.486694336, 1247.84179688, 232.818710327, 179.146347046, 2.68383455276, 43.7660636902, -406.407714844, -136.031112671, -466.626678467], [3585.81274414, -999.865783691, 1161.7869873, 2443.73754883, 804.651794434, 1072.28393555, 38.9958496094, 250.561172485, -55.9561080933, 202.879333496, -457.484069824, -204.488693237, -358.63369751], [-99.8887329102, 833.023681641, 892.486694336, 804.651794434, 1022.94567871, 451.261932373, 277.93560791, 71.3137207031, 45.2748527527, 19.6382160187, -185.921936035, -178.830978394, -158.362167358], [1400.53308105, -533.893005371, 1247.84179688, 1072.28393555, 451.261932373, 968.398986816, 124.876998901, 151.552627563, -5.49672651291, 81.517791748, -270.279327393, -61.9491386414, -323.434387207], [-745.240722656, 564.078674316, 232.818710327, 38.9958496094, 277.93560791, 124.876998901, 258.805725098, 18.5582809448, 70.3931274414, -18.1234607697, 1.07138133049, -31.4241027832, -29.2886505127], [645.846191406, -371.23336792, 179.146347046, 250.561172485, 71.3137207031, 151.552627563, 18.5582809448, 265.178771973, 27.0960407257, 52.8418807983, -39.5238647461, -36.3173217773, -65.1949462891], [-461.601104736, 273.282501221, 2.68383455276, -55.9561080933, 45.2748527527, -5.49672651291, 70.3931274414, 27.0960407257, 203.505081177, 42.9344215393, 25.2294254303, -35.3009567261, -13.0494194031], [689.645324707, -382.942840576, 43.7660636902, 202.879333496, 19.6382160187, 81.517791748, -18.1234607697, 52.8418807983, 42.9344215393, 198.494537354, -67.4113769531, -9.30639457703, -34.1155128479], [-664.683837891, 314.18145752, -406.407714844, -457.484069824, -185.921936035, -270.279327393, 1.07138133049, -39.5238647461, 25.2294254303, -67.4113769531, 242.200378418, 64.3926696777, 85.6201095581], [32.9509773254, -162.605743408, -136.031112671, -204.488693237, -178.830978394, -61.9491386414, -31.4241027832, -36.3173217773, -35.3009567261, -9.30639457703, 64.3926696777, 138.402084351, 70.5080871582], [-622.840698242, 206.997512817, -466.626678467, -358.63369751, -158.362167358, -323.434387207, -29.2886505127, -65.1949462891, -13.0494194031, -34.1155128479, 85.6201095581, 70.5080871582, 264.133728027]],
        "icov": [[0.000221549140406, -3.953230771e-05, 5.16749205417e-05, -0.000328967988025, 0.000124365426018, 2.38727025135e-05, 0.000460689887404, -0.000320057326462, 0.000348634901457, -0.000441185809905, 3.68944783986e-05, -0.000478654430481, 0.000349966663634], [-3.953230771e-05, 0.00138370622881, -0.000534954306204, 0.000247214455158, -0.00106912245974, 0.00103346444666, -0.00161930592731, 0.00160070252605, -0.00124036660418, 0.0015503228642, -0.00126794690732, 0.00137515948154, -0.000764101103414], [5.16749205417e-05, -0.000534954306204, 0.000958124233875, 0.000134294226882, -4.99378802488e-06, -0.00130836467724, 0.000928879249841, -0.000738175120205, 0.000508552533574, -0.000476689892821, 0.000899876642507, -0.00069698941661, 0.000589690811466], [-0.000328967988025, 0.000247214455158, 0.000134294226882, 0.00183400232345, -0.00105060671922, -0.0013162085088, 6.6562279244e-05, 0.000363988830941, -0.000326341716573, 0.00035290766391, 0.000255691789789, 0.00164361286443, -0.000878608378116], [0.000124365426018, -0.00106912245974, -4.99378802488e-06, -0.00105060671922, 0.00353949796408, -0.000371224363334, -0.00105455121957, -0.00101564591751, 0.00140694703441, -0.0012899232097, 0.00106624967884, 0.000639760575723, 0.000382228958188], [2.38727025135e-05, 0.00103346444666, -0.00130836467724, -0.0013162085088, -0.000371224363334, 0.00589665258303, -0.00286211632192, 0.000682827900164, -0.00115267385263, 0.00152806309052, 0.000693534908351, -0.00210806517862, 0.00247532036155], [0.000460689887404, -0.00161930592731, 0.000928879249841, 6.6562279244e-05, -0.00105455121957, -0.00286211632192, 0.0101487068459, -0.0026103486307, 0.000153845903696, -0.00196817098185, 0.000466287281597, -0.00272236275487, 0.000759766786359], [-0.000320057326462, 0.00160070252605, -0.000738175120205, 0.000363988830941, -0.00101564591751, 0.000682827900164, -0.0026103486307, 0.00673639960587, -0.00207118340768, 0.00141063937917, -0.00219834479503, 0.00317569449544, -0.0012738116784], [0.000348634901457, -0.00124036660418, 0.000508552533574, -0.000326341716573, 0.00140694703441, -0.00115267385263, 0.000153845903696, -0.00207118340768, 0.00826175417751, -0.00417348230258, -0.000301444786601, 0.000751928950194, 0.000953514012508], [-0.000441185809905, 0.0015503228642, -0.000476689892821, 0.00035290766391, -0.0012899232097, 0.00152806309052, -0.00196817098185, 0.00141063937917, -0.00417348230258, 0.00930173695087, 0.000759010319598, 0.000526028103195, -0.000781809445471], [3.68944783986e-05, -0.00126794690732, 0.000899876642507, 0.000255691789789, 0.00106624967884, 0.000693534908351, 0.000466287281597, -0.00219834479503, -0.000301444786601, 0.000759010319598, 0.00983016751707, -0.00472566625103, 0.00217332341708], [-0.000478654430481, 0.00137515948154, -0.00069698941661, 0.00164361286443, 0.000639760575723, -0.00210806517862, -0.00272236275487, 0.00317569449544, 0.000751928950194, 0.000526028103195, -0.00472566625103, 0.0160611756146, -0.00557230506092], [0.000349966663634, -0.000764101103414, 0.000589690811466, -0.000878608378116, 0.000382228958188, 0.00247532036155, 0.000759766786359, -0.0012738116784, 0.000953514012508, -0.000781809445471, 0.00217332341708, -0.00557230506092, 0.00881800148636]]
    },
    "melbands": {
        "dmean": [0.000957706244662, 0.0017825269606, 0.000662988284603, 0.000394261267502, 0.00043140721391, 0.00075985834701, 0.000154627283337, 0.000195319546037, 8.51181539474e-05, 0.00010037595348, 1.79317266884e-05, 2.93495904771e-05, 2.82257733488e-05, 1.20347394841e-05, 7.14704447091e-06, 7.3341134339e-06, 4.78770607515e-06, 4.9510149438e-06, 3.95925053454e-06, 4.64110235043e-06, 2.91625065074e-06, 1.92450488612e-06, 3.05324465444e-06, 2.01253237719e-06, 1.93811320059e-06, 1.58064358402e-06, 2.54469318861e-06, 2.49234744842e-06, 1.35822153879e-06, 1.54461940838e-06, 1.4407079334e-06, 1.62108960922e-06, 1.62297408224e-06, 1.50417031364e-06, 1.12555176202e-06, 2.16006128539e-06, 1.00691045191e-06, 6.61632213905e-07, 5.59349416562e-07, 3.86325098134e-07],
        "dmean2": [0.00136876001488, 0.00288626458496, 0.00114931992721, 0.000667438958772, 0.000629611837212, 0.00099195248913, 0.000186970850336, 0.000218156725168, 0.000106361039798, 0.000145227924804, 2.74245194305e-05, 4.51177475043e-05, 4.37166236225e-05, 1.84659129445e-05, 1.15712255138e-05, 1.19288615679e-05, 7.70757105784e-06, 8.20413606561e-06, 6.50177253192e-06, 7.47546482671e-06, 4.53175789517e-06, 2.87590842163e-06, 5.26493431607e-06, 3.34162427862e-06, 3.2858558825e-06, 2.59569401351e-06, 4.42691907665e-06, 4.28572502642e-06, 2.05759079108e-06, 2.43031695391e-06, 2.16300463762e-06, 2.46440185947e-06, 2.36805999521e-06, 2.20552260544e-06, 1.64354264598e-06, 3.31674277732e-06, 1.31771707856e-06, 9.68468384599e-07, 7.86277666975e-07, 5.55064389118e-07],
        "dvar": [4.14405803895e-06, 9.03371073946e-06, 3.10599034492e-06, 6.83861401285e-07, 4.30516024608e-07, 1.78792072347e-06, 2.05125047614e-07, 4.80931305447e-07, 3.80168287961e-08, 3.31160769917e-08, 1.03206987401e-09, 3.2582752052e-09, 2.81008327718e-09, 6.2948041224e-10, 4.2019646096e-10, 2.97219610035e-10, 1.35255778799e-10, 9.68389743394e-11, 6.1138420715e-11, 9.47613931768e-11, 3.93258932363e-11, 1.75586351014e-11, 5.19833134871e-11, 2.13942509542e-11, 2.30840780518e-11, 1.20582450275e-11, 4.69760064181e-11, 3.88492397974e-11, 1.06422214791e-11, 1.02379103459e-11, 7.98232140109e-12, 1.00539047573e-11, 8.30133965041e-12, 8.20296001264e-12, 5.31666464326e-12, 3.17065991517e-11, 4.54557008353e-12, 2.95009242729e-12, 1.70104219339e-12, 8.02338447417e-13],
        "dvar2": [8.57146369526e-06, 2.46754188993e-05, 8.42308145366e-06, 1.89643878912e-06, 9.89399495666e-07, 3.24466213897e-06, 1.85313169254e-07, 4.47752398713e-07, 4.59156339616e-08, 8.38277998128e-08, 2.5129727188e-09, 7.36647098876e-09, 6.85466128303e-09, 1.43219669457e-09, 9.34544108766e-10, 6.58962551192e-10, 3.0406985263e-10, 2.57158017103e-10, 1.55110285727e-10, 2.42761838409e-10, 9.18892253954e-11, 3.73501715667e-11, 1.47150722163e-10, 5.70423153157e-11, 6.42915928828e-11, 3.29303459501e-11, 1.35668504209e-10, 1.09356551592e-10, 2.299852149e-11, 2.47686871013e-11, 1.73783747809e-11, 2.18840362498e-11, 1.64454110052e-11, 1.51866002412e-11, 9.96188982e-12, 7.56162632509e-11, 8.10805242391e-12, 6.54526129476e-12, 3.0181571218e-12, 1.47607100154e-12],
        "max": [0.0306861847639, 0.031062617898, 0.0157840680331, 0.00904708914459, 0.0090823834762, 0.0201976429671, 0.0232903771102, 0.0262254290283, 0.00652182754129, 0.00381637527607, 0.000690376909915, 0.00167463999242, 0.00135668716393, 0.00085150601808, 0.00114482291974, 0.00105096411426, 0.000523596769199, 0.000172051702975, 0.000170940387761, 0.000220806206926, 0.000198884808924, 0.000123201112729, 8.72118907864e-05, 4.98664012412e-05, 5.01997674291e-05, 4.07774023188e-05, 7.28207232896e-05, 7.95675659901e-05, 0.000116226314276, 0.000109080770926, 0.000105079176137, 7.91937854956e-05, 4.93019324495e-05, 3.19169012073e-05, 2.97955648421e-05, 8.20063432911e-05, 3.29066242557e-05, 1.96978071472e-05, 2.21704722208e-05, 1.58725451911e-05],
        "mean": [0.00160606531426, 0.00317573570646, 0.000803517585155, 0.000555474311113, 0.000848610477988, 0.0016900212504, 0.000485974218464, 0.000583937449846, 0.000192850202438, 0.000213175400859, 3.11983530992e-05, 5.86951246078e-05, 6.13402444287e-05, 2.20035108214e-05, 1.05013305074e-05, 1.13756859719e-05, 7.31779164198e-06, 7.2641009865e-06, 6.21760409558e-06, 7.57112138672e-06, 5.21387391927e-06, 3.31867931891e-06, 3.32414379045e-06, 2.11577457776e-06, 2.0499103357e-06, 1.87256136996e-06, 2.46822401095e-06, 2.91022661258e-06, 2.56560292655e-06, 2.45835190071e-06, 2.31149283536e-06, 2.72124930234e-06, 2.32945603784e-06, 2.02567480301e-06, 1.55109751176e-06, 2.4611306344e-06, 1.2568676766e-06, 8.31319482586e-07, 7.23401967662e-07, 4.75464048577e-07],
        "median": [0.000271846423857, 0.00166751339566, 0.00034632376628, 0.000265017471975, 0.000331358518451, 0.000352034869138, 0.000114828813821, 4.12763110944e-05, 6.29328278592e-05, 9.10484959604e-05, 1.55424932018e-05, 1.87564328371e-05, 2.10152065847e-05, 7.52834966988e-06, 3.21853076457e-06, 4.08957021136e-06, 1.72972670498e-06, 1.89541901818e-06, 1.67676216734e-06, 1.94142580767e-06, 9.82757342172e-07, 7.41720612041e-07, 1.05085609903e-06, 4.37603773662e-07, 3.12265001412e-07, 3.59911723535e-07, 2.67843404345e-07, 3.83728405495e-07, 2.6692006827e-07, 3.92352660583e-07, 3.31730603875e-07, 3.3773216046e-07, 2.58692523403e-07, 1.86488648524e-07, 8.86715412207e-08, 7.89225893527e-08, 3.34089520493e-08, 2.64260613392e-08, 2.23156391144e-08, 8.84738149409e-09],
        "min": [9.41050396525e-24, 8.14949324218e-24, 8.06434754037e-24, 9.74025965655e-24, 2.45606210374e-23, 1.3974080868e-23, 9.91957878436e-24, 1.59765139514e-24, 7.00835308909e-24, 9.74139640511e-24, 9.56911470544e-24, 4.59714963962e-24, 1.69786201309e-23, 1.6980253073e-23, 7.41990576765e-24, 5.35888398489e-24, 2.92508854517e-24, 1.12871890704e-23, 7.07351142214e-24, 1.16872748669e-23, 7.4562698888e-24, 7.55292112691e-24, 9.43423921217e-24, 1.01899624373e-23, 1.34118959885e-23, 9.25327925367e-24, 7.39484996758e-24, 1.18273221322e-23, 6.91399191419e-24, 9.84605379255e-24, 1.15109179117e-23, 9.593254638e-24, 9.02016927846e-24, 8.44121321607e-24, 1.39996005183e-23, 1.46063197514e-23, 1.4668469369e-23, 1.57364608169e-23, 6.89969933231e-24, 1.07112985215e-23],
        "var": [7.74130967329e-06, 1.58300390467e-05, 2.41109387389e-06, 7.03562079707e-07, 1.45840328969e-06, 9.21197170101e-06, 2.73350838143e-06, 5.02216425957e-06, 2.29577807431e-07, 9.32981123469e-08, 2.20735296708e-09, 1.18897762746e-08, 9.90202853046e-09, 1.72173364454e-09, 8.69903649114e-10, 5.56866719403e-10, 2.74663347621e-10, 1.68162456182e-10, 1.30551500166e-10, 1.97703423077e-10, 1.18433221563e-10, 4.64139768286e-11, 4.17282632059e-11, 1.9699188461e-11, 1.91466842381e-11, 1.22610211914e-11, 3.28801152971e-11, 4.08218771286e-11, 4.22772511444e-11, 2.9773856991e-11, 2.37312652168e-11, 2.84135302092e-11, 1.70586912651e-11, 1.50873445681e-11, 1.0000661757e-11, 4.03901738444e-11, 8.74222829544e-12, 4.43602316338e-12, 3.16420500912e-12, 1.40591954311e-12]
    },
    "mfcc": {
        "mean": [-735.122009277, 147.899459839, 23.4764556885, 7.94722175598, -18.2507572174, 0.929694473743, -14.1912231445, -1.37628924847, -1.56421434879, -4.14029073715, -5.10985374451, -0.542344212532, 2.39117908478],
        "cov": [[12140.4990234, -3538.56323242, 108.718017578, 1987.92834473, 1037.70703125, 1056.70617676, 252.816818237, 114.917854309, 158.822113037, 350.925445557, 55.7825813293, 31.1649780273, -95.0050201416], [-3538.56323242, 2962.35644531, 192.801712036, -267.520111084, 35.2268867493, -75.6682739258, 95.6960754395, 82.0646514893, 17.6079082489, -50.2767486572, 28.8681182861, 33.6453971863, 67.79737854], [108.718017578, 192.801712036, 2400.02661133, 636.899597168, 972.549072266, 948.004638672, 527.204345703, 493.524963379, 217.686050415, 355.014831543, 59.6439056396, -22.9475383759, -112.040145874], [1987.92834473, -267.520111084, 636.899597168, 1394.29064941, 939.219238281, 820.55279541, 435.285522461, 245.370574951, 314.98348999, 279.317932129, 20.340045929, 20.7641639709, -55.2760848999], [1037.70703125, 35.2268867493, 972.549072266, 939.219238281, 1051.6574707, 810.200256348, 480.842773438, 320.641906738, 283.578948975, 298.169952393, 41.056842804, 29.9018764496, -78.3146514893], [1056.70617676, -75.6682739258, 948.004638672, 820.55279541, 810.200256348, 994.658081055, 416.356323242, 286.099029541, 258.495758057, 208.34777832, 106.003952026, 3.05234956741, -77.9285049438], [252.816818237, 95.6960754395, 527.204345703, 435.285522461, 480.842773438, 416.356323242, 394.000152588, 234.817657471, 114.32849884, 121.755378723, 28.9490013123, 6.71269178391, -30.6872234344], [114.917854309, 82.0646514893, 493.524963379, 245.370574951, 320.641906738, 286.099029541, 234.817657471, 306.949035645, 63.4074554443, 119.059082031, 22.4644126892, -3.63752889633, 3.17643499374], [158.822113037, 17.6079082489, 217.686050415, 314.98348999, 283.578948975, 258.495758057, 114.32849884, 63.4074554443, 274.093017578, 120.895492554, -0.570877611637, 41.8598365784, -14.7678565979], [350.925445557, -50.2767486572, 355.014831543, 279.317932129, 298.169952393, 208.34777832, 121.755378723, 119.059082031, 120.895492554, 215.459259033, 37.3625869751, 27.9008846283, -14.2750482559], [55.7825813293, 28.8681182861, 59.6439056396, 20.340045929, 41.056842804, 106.003952026, 28.9490013123, 22.4644126892, -0.570877611637, 37.3625869751, 209.668487549, 34.1062812805, -0.109290570021], [31.1649780273, 33.6453971863, -22.9475383759, 20.7641639709, 29.9018764496, 3.05234956741, 6.71269178391, -3.63752889633, 41.8598365784, 27.9008846283, 34.1062812805, 131.550598145, 59.3252639771], [-95.0050201416, 67.79737854, -112.040145874, -55.2760848999, -78.3146514893, -77.9285049438, -30.6872234344, 3.17643499374, -14.7678565979, -14.2750482559, -0.109290570021, 59.3252639771, 127.12789917]],
