{
"lowlevel": {
    "average_loudness": 0.854486048222,
    "barkbands_crest": {
        "dmean": 2.8325278759,
        "dmean2": 4.25396347046,
        "dvar": 10.6383152008,
        "dvar2": 20.7649383545,
        "max": 26.8000488281,
        "mean": 13.984992981,
        "median": 12.6545600891,
        "min": 2.11307382584,
        "var": 50.9629440308
    },
    "barkbands_flatness_db": {
        "dmean": 0.0490865036845,
        "dmean2": 0.0667356923223,
        "dvar": 0.00507391151041,
        "dvar2": 0.00942631810904,
        "max": 1,
        "mean": 0.2554461658,
        "median": 0.217562317848,
        "min": 0.014211434871,
        "var": 0.0285773649812
    },
    "barkbands_kurtosis": {
        "dmean": 46.8402023315,
        "dmean2": 75.644241333,
        "dvar": 75470.6484375,
        "dvar2": 226434.203125,
        "max": 9652.75683594,
        "mean": 59.7310638428,
        "median": 5.72253274918,
        "min": -1.94743573666,
        "var": 68538.0234375
    },
    "barkbands_skewness": {
        "dmean": 1.54311311245,
        "dmean2": 2.23964977264,
        "dvar": 11.4087133408,
        "dvar2": 28.0848999023,
        "max": 78.0968933105,
        "mean": 3.55519390106,
        "median": 1.84821152687,
        "min": -5.78802871704,
        "var": 25.3790855408
    },
    "barkbands_spread": {
        "dmean": 4.54769229889,
        "dmean2": 7.22939109802,
        "dvar": 70.3272476196,
        "dvar2": 164.558990479,
        "max": 121.505958557,
        "mean": 10.8023777008,
        "median": 6.98296022415,
        "min": 0.00936824828386,
        "var": 150.278213501
    },
    "dissonance": {
        "dmean": 0.0295067485422,
        "dmean2": 0.0487211495638,
        "dvar": 0.0012276256457,
        "dvar2": 0.00319906463847,
        "max": 0.500000178814,
        "mean": 0.44159412384,
        "median": 0.459095090628,
        "min": 0.031478241086,
        "var": 0.00345293851569
    },
    "dynamic_complexity": 3.65203595161,
    "erbbands_crest": {
        "dmean": 2.8597445488,
        "dmean2": 4.37116909027,
        "dvar": 8.93133735657,
        "dvar2": 18.761302948,
        "max": 33.0451431274,
        "mean": 10.4034175873,
        "median": 8.71509742737,
        "min": 1.60601627827,
        "var": 32.3336105347
    },
    "erbbands_flatness_db": {
        "dmean": 0.0292360614985,
        "dmean2": 0.0421893559396,
        "dvar": 0.001914581866,
        "dvar2": 0.00371188134886,
        "max": 0.659283995628,
        "mean": 0.212129056454,
        "median": 0.186438962817,
        "min": 0.022209526971,
        "var": 0.010501857847
    },
    "erbbands_kurtosis": {
        "dmean": 5.83412837982,
        "dmean2": 9.00735473633,
        "dvar": 649.063598633,
        "dvar2": 1367.3404541,
        "max": 480.889892578,
        "mean": 9.4624080658,
        "median": 0.708928108215,
        "min": -1.90679943562,
        "var": 1745.91040039
    },
    "erbbands_skewness": {
        "dmean": 0.635078370571,
        "dmean2": 0.932544589043,
        "dvar": 1.36042106152,
        "dvar2": 3.06820178032,
        "max": 16.6624355316,
        "mean": 1.05324935913,
        "median": 0.610273957253,
        "min": -2.48584580421,
        "var": 3.80775499344
    },
    "erbbands_spread": {
        "dmean": 7.30563020706,
        "dmean2": 10.6535692215,
        "dvar": 111.657554626,
        "dvar2": 237.728042603,
        "max": 192.515335083,
        "mean": 29.1059875488,
        "median": 24.8072891235,
        "min": 0.370979487896,
        "var": 482.067199707
    },
    "hfc": {
        "dmean": 4.46937942505,
        "dmean2": 6.6650147438,
        "dvar": 60.9055519104,
        "dvar2": 152.817642212,
        "max": 86.6221847534,
        "mean": 11.6550188065,
        "median": 9.20606422424,
        "min": 1.03563237685e-16,
        "var": 106.183982849
    },
    "melbands_crest": {
        "dmean": 3.94666862488,
        "dmean2": 5.77664327621,
        "dvar": 19.5053462982,
        "dvar2": 38.4445800781,
        "max": 39.9867095947,
        "mean": 18.7250995636,
        "median": 17.0501976013,
        "min": 1.72184240818,
        "var": 92.5953521729
    },
    "melbands_flatness_db": {
        "dmean": 0.0545945875347,
        "dmean2": 0.0736865848303,
        "dvar": 0.00665332423523,
        "dvar2": 0.0123838726431,
        "max": 1,
        "mean": 0.344148784876,
        "median": 0.304931223392,
        "min": 0.00382820423692,
        "var": 0.038607172668
    },
    "melbands_kurtosis": {
        "dmean": 75.8624725342,
        "dmean2": 120.674957275,
        "dvar": 5682467.5,
        "dvar2": 14611141,
        "max": 213807.921875,
        "mean": 101.108573914,
        "median": 9.76089859009,
        "min": -1.6573266983,
        "var": 4663955.5
    },
    "melbands_skewness": {
        "dmean": 1.34077346325,
        "dmean2": 1.88946783543,
        "dvar": 16.3075275421,
        "dvar2": 35.7966690063,
        "max": 349.234466553,
        "mean": 4.15111637115,
        "median": 2.36543464661,
        "min": -1.7190246582,
        "var": 39.111946106
    },
    "melbands_spread": {
        "dmean": 5.12331151962,
        "dmean2": 8.30030059814,
        "dvar": 98.2820739746,
        "dvar2": 241.484603882,
        "max": 159.594299316,
        "mean": 12.4443483353,
        "median": 7.67399024963,
        "min": 0.00223874719813,
        "var": 260.986328125
    },
    "pitch_salience": {
        "dmean": 0.0939105302095,
        "dmean2": 0.132551684976,
        "dvar": 0.014239047654,
        "dvar2": 0.0251553803682,
        "max": 0.965983688831,
        "mean": 0.45739325881,
        "median": 0.528620243073,
        "min": 0.00244614249095,
        "var": 0.0672727897763
    },
    "silence_rate_20dB": {
        "dmean": 0,
        "dmean2": 0,
        "dvar": 0,
        "dvar2": 0,
        "max": 1,
        "mean": 1,
        "median": 1,
        "min": 1,
        "var": 0
    },
    "silence_rate_30dB": {
        "dmean": 0.0712637752295,
        "dmean2": 0.142539739609,
        "dvar": 0.0661789029837,
        "dvar2": 0.133319199085,
        "max": 1,
        "mean": 0.825956940651,
        "median": 1,
        "min": 0,
        "var": 0.143746852875
    },
    "silence_rate_60dB": {
        "dmean": 0.0263180378824,
        "dmean2": 0.0525551177561,
        "dvar": 0.0256235413253,
        "dvar2": 0.0523635447025,
        "max": 1,
        "mean": 0.104066982865,
        "median": 0,
        "min": 0,
        "var": 0.0932208672166
    },
    "spectral_centroid": {
        "dmean": 225.208984375,
        "dmean2": 353.644775391,
        "dvar": 153238.515625,
        "dvar2": 364758.53125,
        "max": 11414.1777344,
        "mean": 848.806640625,
        "median": 623.897705078,
        "min": 31.9456825256,
        "var": 894471.8125
    },
    "spectral_complexity": {
        "dmean": 3.70195674896,
        "dmean2": 6.01307487488,
        "dvar": 33.2086334229,
        "dvar2": 78.6498260498,
        "max": 55,
        "mean": 12.8815793991,
        "median": 12,
        "min": 0,
        "var": 82.4457092285
    },
    "spectral_decrease": {
        "dmean": 3.7569507505e-09,
        "dmean2": 4.37720437674e-09,
        "dvar": 3.14832584287e-17,
        "dvar2": 3.7621329003e-17,
        "max": 1.23096186022e-11,
        "mean": -1.24945955804e-08,
        "median": -5.68985081273e-09,
        "min": -6.90259085445e-08,
        "var": 2.11143687941e-16
    },
    "spectral_energy": {
        "dmean": 0.0143641112372,
        "dmean2": 0.016697620973,
        "dvar": 0.000446316320449,
        "dvar2": 0.00053098826902,
        "max": 0.262633085251,
        "mean": 0.0482146702707,
        "median": 0.0229009538889,
        "min": 9.97426984196e-21,
        "var": 0.00303608994
    },
    "spectral_energyband_high": {
        "dmean": 0.000198022287805,
        "dmean2": 0.000328074034769,
        "dvar": 2.75232025615e-07,
        "dvar2": 7.21093044831e-07,
        "max": 0.00874454434961,
        "mean": 0.000237738204305,
        "median": 5.01212816744e-05,
        "min": 7.14036037246e-21,
        "var": 3.41810988402e-07
    },
    "spectral_energyband_low": {
        "dmean": 0.0127229029313,
        "dmean2": 0.0154680749401,
        "dvar": 0.000652541290037,
        "dvar2": 0.00090758810984,
        "max": 0.262610316277,
        "mean": 0.0349442847073,
        "median": 0.00349226547405,
        "min": 1.90930292587e-23,
        "var": 0.00316550326534
    },
    "spectral_energyband_middle_high": {
        "dmean": 0.00119304831605,
        "dmean2": 0.00196689832956,
        "dvar": 5.30548823008e-06,
        "dvar2": 1.40445090437e-05,
        "max": 0.0255709383637,
        "mean": 0.00221030996181,
        "median": 0.00122072012164,
        "min": 1.19421777557e-21,
        "var": 7.93418712419e-06
    },
    "spectral_energyband_middle_low": {
        "dmean": 0.0095544103533,
        "dmean2": 0.0154387000948,
        "dvar": 0.00057465035934,
        "dvar2": 0.00142558291554,
        "max": 0.211019530892,
        "mean": 0.0126812513918,
        "median": 0.00604634359479,
        "min": 1.75371781436e-22,
        "var": 0.000492524821311
    },
    "spectral_entropy": {
        "dmean": 0.324899941683,
        "dmean2": 0.467287361622,
        "dvar": 0.284967988729,
        "dvar2": 0.548208713531,
        "max": 9.82405948639,
        "mean": 6.88859558105,
        "median": 7.18973350525,
        "min": 1.9977016449,
        "var": 1.29880988598
    },
    "spectral_flux": {
        "dmean": 0.0405302084982,
        "dmean2": 0.0485580414534,
        "dvar": 0.00231639761478,
        "dvar2": 0.00300132273696,
        "max": 0.560524225235,
        "mean": 0.099641919136,
        "median": 0.0635852068663,
        "min": 6.48428741257e-11,
        "var": 0.00991478189826
    },
    "spectral_kurtosis": {
        "dmean": 19.0252971649,
        "dmean2": 31.4831542969,
        "dvar": 6478.33203125,
        "dvar2": 18630.109375,
        "max": 2076.33496094,
        "mean": 33.8500595093,
        "median": 6.93664503098,
        "min": -1.25611948967,
        "var": 9714.17382812
    },
    "spectral_rms": {
        "dmean": 0.000986609258689,
        "dmean2": 0.00114132417366,
        "dvar": 1.47835180542e-06,
        "dvar2": 1.60768740898e-06,
        "max": 0.0160071048886,
        "mean": 0.00579577917233,
        "median": 0.00472677405924,
        "min": 3.11945434761e-12,
        "var": 1.34477004394e-05
    },
    "spectral_rolloff": {
        "dmean": 337.633056641,
        "dmean2": 570.53137207,
        "dvar": 683449.0625,
        "dvar2": 1540088,
        "max": 19530.6152344,
        "mean": 910.491271973,
        "median": 527.563476562,
        "min": 21.533203125,
        "var": 2855328
    },
    "spectral_skewness": {
        "dmean": 0.812510192394,
        "dmean2": 1.28034198284,
        "dvar": 3.31773161888,
        "dvar2": 8.31227493286,
        "max": 39.647441864,
        "mean": 3.29021191597,
        "median": 2.12687158585,
        "min": -0.0658380910754,
        "var": 12.4838485718
    },
    "spectral_spread": {
        "dmean": 657926.25,
        "dmean2": 936940.25,
        "dvar": 1.0393944064e+12,
        "dvar2": 2.03687723008e+12,
        "max": 42298552,
        "mean": 3851916,
        "median": 3354367,
        "min": 58948.09375,
        "var": 1.10879425167e+13
    },
    "spectral_strongpeak": {
        "dmean": 0.307831197977,
        "dmean2": 0.472177565098,
        "dvar": 0.148224115372,
        "dvar2": 0.349420070648,
        "max": 5.64487314224,
        "mean": 0.759598135948,
        "median": 0.679592370987,
        "min": 0,
        "var": 0.343516796827
    },
    "zerocrossingrate": {
        "dmean": 0.00806959532201,
        "dmean2": 0.0092692906037,
        "dvar": 0.000176590969204,
        "dvar2": 0.000211830469198,
        "max": 0.533203125,
        "mean": 0.035669606179,
        "median": 0.02490234375,
        "min": 0,
        "var": 0.00228135101497
    },
    "barkbands": {
        "dmean": [0.000779852911364, 0.01076527033, 0.0071931257844, 0.00503205414861, 0.00405004108325, 0.00115743209608, 0.00115453172475, 0.000543297559489, 0.000495660002343, 0.000281229557004, 0.000246159790549, 0.000222178801778, 0.000191962259123, 0.000158317459864, 0.000135895155836, 0.000130627158796, 0.000138229821459, 0.000108262021968, 6.16825855104e-05, 4.52538261015e-05, 3.06963120238e-05, 2.97887181659e-05, 2.08685250982e-05, 3.4938511817e-05, 4.15760732722e-05, 2.21395548579e-05, 9.71036024566e-06],
        "dmean2": [0.000844224821776, 0.0129985492676, 0.0118517279625, 0.00914018880576, 0.00720354635268, 0.00186235678848, 0.00183907523751, 0.000814830535091, 0.000786703894846, 0.000455044937553, 0.000388277199818, 0.000354353047442, 0.000313023716444, 0.0002602354798, 0.000231723519391, 0.000228164455621, 0.000243895672611, 0.000193467305508, 0.000105666185846, 7.74304717197e-05, 5.25469295098e-05, 5.14835592185e-05, 3.50335903931e-05, 5.82730972383e-05, 6.93208712619e-05, 3.52982060576e-05, 1.58971288329e-05],
        "dvar": [2.72907186627e-06, 0.000508215511218, 0.000570997945033, 0.000315434415825, 0.000159266201081, 6.51626760373e-06, 4.26469750892e-06, 9.7066924809e-07, 8.70705093803e-07, 2.47409218446e-07, 2.21708305048e-07, 1.53938671588e-07, 1.40392387493e-07, 9.7675467714e-08, 7.20767943108e-08, 9.16316409416e-08, 1.25462378264e-07, 7.89607952356e-08, 2.36036292733e-08, 1.31162458672e-08, 7.67927144096e-09, 7.51395567988e-09, 3.80537334976e-09, 1.22449836937e-08, 1.43995313451e-08, 3.97040622602e-09, 1.0235917669e-09],
        "dvar2": [3.55634801963e-06, 0.00071627338184, 0.00142320501618, 0.000870012270752, 0.000450935593108, 1.65569399542e-05, 1.06110455818e-05, 2.22170569941e-06, 2.04914022106e-06, 6.15823864791e-07, 5.18386286785e-07, 3.69170663816e-07, 3.40060836379e-07, 2.42151656948e-07, 1.927130171e-07, 2.50004546842e-07, 3.50429843365e-07, 2.20134253937e-07, 6.26247498303e-08, 3.43629764643e-08, 2.03221439676e-08, 1.91544309303e-08, 1.021315299e-08, 3.46495241388e-08, 3.80258740051e-08, 9.84687886785e-09, 2.62063903911e-09],
        "max": [0.0211955029517, 0.232498690486, 0.203333497047, 0.154091984034, 0.129677921534, 0.0753936097026, 0.0508084706962, 0.0222008768469, 0.0285334549844, 0.00585930701345, 0.00846816599369, 0.00797486491501, 0.00771907996386, 0.00852792616934, 0.00466956198215, 0.00570614263415, 0.00479155220091, 0.00299754715525, 0.00276961433701, 0.00142373284325, 0.00167924910784, 0.00186883215792, 0.00183027295861, 0.00268706050701, 0.00157994555775, 0.000953426468186, 0.000700451317243],
        "mean": [0.00132639810909, 0.0261642187834, 0.00567118125036, 0.00341963628307, 0.00385048124008, 0.00181564642116, 0.00178648519795, 0.000924143241718, 0.000718148890883, 0.000394422066165, 0.000379464589059, 0.000329547590809, 0.000272433593636, 0.000229965808103, 0.000179313501576, 0.000153091838001, 0.000150256208144, 0.000111320608994, 7.26683865651e-05, 5.224409324e-05, 3.76075222448e-05, 3.19632708852e-05, 2.77192684734e-05, 4.02835867135e-05, 4.18295312556e-05, 2.45323226409e-05, 9.63052934821e-06],
        "median": [5.67299575778e-05, 0.00137702259235, 0.00034534468432, 0.000194603519049, 0.00101115996949, 0.000555660226382, 0.000649641733617, 0.000350830727257, 0.0002743328223, 0.000157547445269, 0.00014302895579, 0.000128960746224, 0.000104338294477, 7.98762048362e-05, 6.16515026195e-05, 4.31267180829e-05, 3.30281909555e-05, 2.44139682763e-05, 1.79630951607e-05, 1.14564763862e-05, 8.98288180906e-06, 6.38969504507e-06, 6.06015692028e-06, 4.81043343825e-06, 2.66338929578e-06, 9.18783655379e-07, 1.7033136146e-07],
        "min": [3.8492788345e-25, 3.58877990448e-24, 1.71712220986e-24, 1.3126931425e-24, 8.95848745542e-24, 1.64564415433e-23, 5.90637514679e-24, 4.89173988391e-24, 1.70064369442e-23, 1.94429916221e-23, 1.68672597924e-23, 2.52623759214e-23, 4.08069636781e-23, 4.41721307038e-23, 5.3949919629e-23, 5.72117648088e-23, 6.71089336326e-23, 1.11217131893e-22, 1.08546793553e-22, 1.44165251819e-22, 2.13775827465e-22, 3.61718397733e-22, 3.87017053368e-22, 6.41744783502e-22, 9.46705080867e-22, 1.30881127e-21, 2.0478839197e-21],
        "var": [9.02609735931e-06, 0.00218673888594, 0.00045614640112, 0.000197322384338, 0.000100591074442, 1.20712011267e-05, 9.24724554352e-06, 2.41269844992e-06, 1.5918653844e-06, 3.74342846499e-07, 4.20390847466e-07, 3.00170654555e-07, 2.25850286029e-07, 1.75268922931e-07, 9.15594000617e-08, 9.3217607855e-08, 1.03083081626e-07, 6.31148395769e-08, 2.38197763736e-08, 1.4647028479e-08, 9.25536358665e-09, 9.48547462798e-09, 6.70785471613e-09, 1.34764688298e-08, 1.40268809901e-08, 5.30536370391e-09, 1.07016451256e-09]
    },
    "erbbands": {
        "dmean": [0.409931540489, 2.62058949471, 7.3868765831, 12.5454139709, 16.1019973755, 13.3700428009, 9.60815048218, 9.14625358582, 15.8528232574, 12.6759309769, 12.6957607269, 12.7175655365, 9.18648910522, 9.27697849274, 8.72337722778, 9.50633049011, 8.90985488892, 7.97272348404, 6.16396188736, 7.06325483322, 7.13226556778, 7.47620344162, 6.19326162338, 4.04616498947, 2.86342835426, 2.15226173401, 1.37706172466, 1.15427196026, 1.159471035, 0.763132214546, 0.588828444481, 0.546379685402, 0.63323533535, 0.547212898731, 0.273720622063, 0.107470043004, 0.0384980365634, 0.0101892305538, 0.00167464034166, 0.000102634876384],
        "dmean2": [0.312284082174, 3.19604921341, 10.8429479599, 21.395280838, 29.187379837, 23.4349880219, 16.1190242767, 14.4853830338, 24.7080593109, 20.5425167084, 18.9400920868, 19.9455909729, 14.8150024414, 14.8584375381, 13.6805076599, 15.1164588928, 14.5036735535, 12.8558101654, 10.4649629593, 11.984041214, 12.608540535, 13.2429189682, 10.9990377426, 7.08306884766, 4.90714597702, 3.69540953636, 2.31479358673, 1.99340426922, 2.02054309845, 1.30476772785, 0.959550857544, 0.86995869875, 1.0834196806, 0.928535878658, 0.464494884014, 0.173872351646, 0.06142129004, 0.016603788361, 0.00276614329778, 0.000167879465153],
        "dvar": [0.516240537167, 36.0606269836, 484.490722656, 1724.44702148, 3091.97192383, 1554.1541748, 581.83026123, 377.09552002, 799.256530762, 535.248413086, 553.055175781, 602.159484863, 272.213806152, 287.920562744, 252.586715698, 284.557556152, 314.18572998, 242.489944458, 151.102722168, 219.355224609, 305.692779541, 397.95916748, 261.564971924, 104.349853516, 50.5377845764, 30.2232971191, 14.1150465012, 12.0812149048, 11.6906805038, 4.36228847504, 2.95252013206, 2.33656311035, 5.27312994003, 2.66678857803, 0.693646609783, 0.0934136286378, 0.0134401572868, 0.000897165038623, 3.16444093187e-05, 1.29312610397e-07],
        "dvar2": [0.375513762236, 52.1053085327, 1077.43823242, 4490.73876953, 8667.60253906, 4382.33544922, 1541.49304199, 935.742675781, 1854.29504395, 1404.89831543, 1236.51586914, 1408.94580078, 662.150939941, 707.548278809, 594.256652832, 661.484558105, 755.262878418, 571.310546875, 404.459014893, 571.599121094, 855.315063477, 1116.39758301, 726.001647949, 285.394256592, 132.513427734, 79.5976257324, 36.3939781189, 32.2903022766, 30.3200092316, 11.1362752914, 7.64764881134, 5.9888548851, 15.4783143997, 7.16149425507, 1.87856721878, 0.234554991126, 0.0337988063693, 0.00226504565217, 8.1967569713e-05, 3.34675974045e-07],
        "max": [10.905708313, 62.1536331177, 204.433395386, 366.875305176, 517.291503906, 413.5887146, 753.108154297, 352.580169678, 607.095581055, 524.805969238, 610.544555664, 780.377380371, 271.739501953, 234.386291504, 359.302337646, 384.628234863, 407.812011719, 338.396606445, 228.435440063, 307.760955811, 201.841445923, 266.628692627, 165.04145813, 147.867019653, 115.318527222, 71.3179168701, 74.7016830444, 74.1539077759, 74.6476974487, 48.3817672729, 56.180305481, 53.0166282654, 64.8347473145, 24.4987239838, 11.8918952942, 4.75657463074, 1.92991876602, 0.477396696806, 0.119647867978, 0.00908185262233],
        "mean": [0.972129821777, 4.9039068222, 7.31518554688, 9.42538356781, 11.9060153961, 13.310092926, 13.0188169479, 14.620595932, 25.7195796967, 20.4942111969, 21.943315506, 19.1290340424, 13.628118515, 13.8037700653, 14.263338089, 14.3554420471, 12.9589805603, 12.5497083664, 9.20248985291, 9.66145420074, 8.28098392487, 8.04635429382, 6.52542686462, 4.59233379364, 3.38761043549, 2.4741601944, 1.72292971611, 1.34898746014, 1.22027158737, 0.893072903156, 0.81887358427, 0.743762254715, 0.666918814182, 0.532436728477, 0.266173988581, 0.115994520485, 0.0424726866186, 0.0109028443694, 0.00164884096012, 0.000145880083437],
        "median": [0.0277492702007, 0.344658493996, 0.858555793762, 0.761120676994, 1.66446614265, 3.44791650772, 3.9423623085, 4.55380916595, 9.27545547485, 8.73260784149, 9.00477981567, 7.83064603806, 5.91545915604, 6.03804683685, 6.40111637115, 5.8089966774, 5.12223815918, 4.73679447174, 3.67661762238, 3.14709115028, 2.42647433281, 1.80095601082, 1.46905040741, 1.08333420753, 0.807198405266, 0.542675554752, 0.409987449646, 0.318277359009, 0.248057812452, 0.198286056519, 0.173787921667, 0.1139793396, 0.0643420144916, 0.0363819524646, 0.0144489407539, 0.00515306275338, 0.00144880986772, 0.000320622930303, 6.78855867591e-05, 4.47976672149e-05],
        "min": [6.95798100708e-23, 6.94209965933e-22, 3.59641934077e-21, 1.06376630387e-20, 1.00954065653e-20, 1.86816624926e-20, 5.73114155359e-20, 1.15682863027e-19, 1.16312360398e-19, 2.49577244612e-19, 1.61675914542e-19, 3.87525302338e-19, 5.28640893123e-19, 8.22157765078e-19, 6.78439476346e-19, 1.19350519824e-18, 1.88192771061e-18, 2.26495741556e-18, 3.65596749469e-18, 3.77640292392e-18, 3.23380449534e-18, 4.18943653765e-18, 6.0325835396e-18, 6.37726018827e-18, 8.38177730643e-18, 8.56797566231e-18, 8.07596367088e-18, 1.11345963347e-17, 1.30112474602e-17, 1.18038053026e-17, 1.06034173413e-17, 1.1701891688e-17, 9.53375369522e-18, 8.85302541012e-18, 5.62953565023e-18, 4.30026343689e-18, 2.25225585046e-18, 1.051720134e-18, 2.48074774427e-19, 2.90342624516e-20],
        "var": [3.62244486809, 96.6854248047, 521.66595459, 1254.07385254, 1869.9206543, 1055.73657227, 744.456604004, 791.378051758, 1899.98413086, 1084.08898926, 1413.38098145, 1153.07617188, 449.624328613, 450.990631104, 514.981933594, 583.926757812, 523.809204102, 478.416259766, 208.480392456, 300.962371826, 258.338043213, 314.320495605, 210.569076538, 94.6538925171, 53.3542900085, 32.8611488342, 17.4468803406, 13.9888429642, 13.7406749725, 6.80849075317, 5.53758716583, 4.17655277252, 4.76941680908, 2.36790013313, 0.637833833694, 0.117869824171, 0.017274228856, 0.00109855504707, 3.19292885251e-05, 1.33395502644e-07]
    },
    "gfcc": {
        "mean": [-100.371238708, 127.955024719, -93.8080978394, 13.0202531815, -42.9239807129, 6.34539270401, -26.2644290924, 3.25929832458, -11.641368866, -0.758952438831, -5.61383581161, -3.38728070259, -6.54023933411],
        "cov": [[30071.1113281, -3195.99926758, -3755.02685547, -508.167724609, -1956.50708008, 264.510284424, -1793.36254883, 508.236602783, -1084.22509766, 362.959075928, -741.16595459, 368.292480469, -568.761657715], [-3195.99926758, 4627.82373047, 396.623016357, -743.326599121, 577.538452148, -495.159179688, 611.779907227, -390.783721924, 485.649230957, -235.791427612, 328.116210938, -264.507293701, 256.024780273], [-3755.02685547, 396.623016357, 3767.21313477, 435.810760498, 656.275390625, 283.949279785, 278.035644531, 174.944869995, 123.362236023, 75.3739547729, 52.777557373, 71.0995559692, 14.1807203293], [-508.167724609, -743.326599121, 435.810760498, 1108.14367676, 341.12387085, 326.729980469, 228.696060181, 207.329940796, 124.698486328, 78.2003555298, 68.2977752686, 36.3335113525, 9.56785297394], [-1956.50708008, 577.538452148, 656.275390625, 341.12387085, 874.25213623, 243.854797363, 459.873413086, 140.494812012, 291.163024902, 67.7181091309, 171.980041504, -10.9483985901, 91.2154693604], [264.510284424, -495.159179688, 283.949279785, 326.729980469, 243.854797363, 463.203826904, 204.040039062, 231.523834229, 109.33707428, 115.467575073, 53.0304145813, 53.0849304199, -10.7795028687], [-1793.36254883, 611.779907227, 278.035644531, 228.696060181, 459.873413086, 204.040039062, 531.563293457, 129.426528931, 328.731658936, 54.9613494873, 201.297058105, -22.7303524017, 108.646713257], [508.236602783, -390.783721924, 174.944869995, 207.329940796, 140.494812012, 231.523834229, 129.426528931, 258.307861328, 112.317771912, 133.500152588, 53.4130554199, 69.5045471191, 0.197001308203], [-1084.22509766, 485.649230957, 123.362236023, 124.698486328, 291.163024902, 109.33707428, 328.731658936, 112.317771912, 305.842529297, 80.718132019, 178.972854614, 1.47890996933, 93.0873413086], [362.959075928, -235.791427612, 75.3739547729, 78.2003555298, 67.7181091309, 115.467575073, 54.9613494873, 133.500152588, 80.718132019, 141.737808228, 66.7762374878, 72.3552093506, 11.1370716095], [-741.16595459, 328.116210938, 52.777557373, 68.2977752686, 171.980041504, 53.0304145813, 201.297058105, 53.4130554199, 178.972854614, 66.7762374878, 168.012741089, 35.9387245178, 83.5141372681], [368.292480469, -264.507293701, 71.0995559692, 36.3335113525, -10.9483985901, 53.0849304199, -22.7303524017, 69.5045471191, 1.47890996933, 72.3552093506, 35.9387245178, 105.244026184, 25.5884342194], [-568.761657715, 256.024780273, 14.1807203293, 9.56785297394, 91.2154693604, -10.7795028687, 108.646713257, 0.197001308203, 93.0873413086, 11.1370716095, 83.5141372681, 25.5884342194, 99.0256347656]],
        "icov": [[7.41172480048e-05, -0.0001013798028, 8.64361209096e-05, -4.82249051856e-05, 6.15299795754e-05, -0.000138789910125, 0.000217087945202, -0.000294594152365, 0.000164997851243, -0.000214099156437, 0.000238907407038, -0.000196395936655, 8.89526127139e-05], [-0.0001013798028, 0.000819858163595, -0.000235053841607, 0.000525911222212, -0.000323928514263, 0.000650619913358, -0.000531495315954, 0.000847429328132, -0.000909546739422, 0.00102568499278, -0.00124115927611, 0.00115594244562, -0.000280784675851], [8.64361209096e-05, -0.000235053841607, 0.000446132733487, -0.00017639498401, -0.000154041379574, -0.000232792197494, 0.000188185396837, -0.000380557612516, 0.000299518113025, -0.000291014002869, 0.000709465879481, -0.000870904070325, 0.000346047279891], [-4.82249051856e-05, 0.000525911222212, -0.00017639498401, 0.00157449778635, -0.000450400606496, -0.000121676617709, -0.000327733228914, -0.000149129991769, -0.000348818430211, 0.00116871600039, -0.0010970676085, 0.000699225987773, -6.10596762272e-05], [6.15299795754e-05, -0.000323928514263, -0.000154041379574, -0.000450400606496, 0.00258342479356, -0.000623362953775, -0.00122690375429, -0.000126417915453, 9.50768298935e-05, -0.000859987922013, 0.000600078550633, 0.000107007625047, -0.000371079426259], [-0.000138789910125, 0.000650619913358, -0.000232792197494, -0.000121676617709, -0.000623362953775, 0.00563976122066, -0.00273890350945, -0.00203951145522, 0.000653622322716, 0.000105427585368, -0.000454090593848, -0.000138819552376, 0.00155553664081], [0.000217087945202, -0.000531495315954, 0.000188185396837, -0.000327733228914, -0.00122690375429, -0.00273890350945, 0.0102805923671, -0.00270670000464, -0.00453416956589, 0.00282838195562, -0.00323374662548, 0.00283208908513, -0.00187676271889], [-0.000294594152365, 0.000847429328132, -0.000380557612516, -0.000149129991769, -0.000126417915453, -0.00203951145522, -0.00270670000464, 0.0151368230581, -0.00583115918562, -0.00617475714535, 0.00490728393197, -0.00395014090464, 0.00207795924507], [0.000164997851243, -0.000909546739422, 0.000299518113025, -0.000348818430211, 9.50768298935e-05, 0.000653622322716, -0.00453416956589, -0.00583115918562, 0.0201561450958, -0.00599909992889, -0.00899372715503, 0.00758584588766, -0.00438806135207], [-0.000214099156437, 0.00102568499278, -0.000291014002869, 0.00116871600039, -0.000859987922013, 0.000105427585368, 0.00282838195562, -0.00617475714535, -0.00599909992889, 0.024936363101, -0.00872111786157, -0.0078698284924, 0.00598340667784], [0.000238907407038, -0.00124115927611, 0.000709465879481, -0.0010970676085, 0.000600078550633, -0.000454090593848, -0.00323374662548, 0.00490728393197, -0.00899372715503, -0.00872111786157, 0.0292676724494, -0.0103474659845, -0.00505259633064], [-0.000196395936655, 0.00115594244562, -0.000870904070325, 0.000699225987773, 0.000107007625047, -0.000138819552376, 0.00283208908513, -0.00395014090464, 0.00758584588766, -0.0078698284924, -0.0103474659845, 0.0285380519927, -0.0121660651639], [8.89526127139e-05, -0.000280784675851, 0.000346047279891, -6.10596762272e-05, -0.000371079426259, 0.00155553664081, -0.00187676271889, 0.00207795924507, -0.00438806135207, 0.00598340667784, -0.00505259633064, -0.0121660651639, 0.0247145853937]]
    },
    "melbands": {
        "dmean": [0.00296988827176, 0.00321720307693, 0.00216775597073, 0.00103161227889, 0.00038289045915, 0.00021302420646, 0.000248252763413, 0.000126717743115, 0.000100649282103, 7.9038531112e-05, 4.51405685453e-05, 3.75691124646e-05, 3.1816023693e-05, 2.6914774935e-05, 1.85395747394e-05, 1.94041676878e-05, 1.60769632203e-05, 1.02817339211e-05, 1.08499689304e-05, 9.58695818554e-06, 8.47776300361e-06, 8.06744901638e-06, 6.78988817526e-06, 4.9491777645e-06, 3.21606853504e-06, 2.33802779803e-06, 1.83169993306e-06, 1.36774781367e-06, 9.2851843192e-07, 7.14723512374e-07, 6.77003868077e-07, 6.80919299612e-07, 5.42752104593e-07, 4.08243295169e-07, 3.41914159208e-07, 3.73732063963e-07, 3.10455277486e-07, 4.42549037416e-07, 4.80785729451e-07, 4.66757228423e-07],
        "dmean2": [0.0031094418373, 0.00404467526823, 0.00359375285916, 0.0018299188232, 0.00065116933547, 0.000336895696819, 0.000388261163607, 0.000203987816349, 0.000150890555233, 0.000124593905639, 7.30441024643e-05, 6.03346416028e-05, 4.99331617902e-05, 4.27633422078e-05, 3.02955559164e-05, 3.17445483233e-05, 2.59972948697e-05, 1.74613105628e-05, 1.86231482076e-05, 1.6278372641e-05, 1.51422873387e-05, 1.4330362319e-05, 1.20668319141e-05, 8.81809228304e-06, 5.64650599699e-06, 4.00301678383e-06, 3.17729063681e-06, 2.35430570683e-06, 1.57454314831e-06, 1.23452616663e-06, 1.18246532566e-06, 1.19436947443e-06, 9.3867635087e-07, 7.04651597516e-07, 5.70061843064e-07, 5.96020413468e-07, 5.00521480262e-07, 7.62428555845e-07, 8.24881055905e-07, 7.93155038536e-07],
        "dvar": [3.1352705264e-05, 6.96568458807e-05, 4.71355597256e-05, 1.09303537101e-05, 9.43981888213e-07, 2.01765473662e-07, 1.91633859004e-07, 5.10123463471e-08, 3.35779724026e-08, 2.38178010648e-08, 6.74476652307e-09, 4.79692685573e-09, 3.60418561662e-09, 2.17809992265e-09, 1.20407395166e-09, 1.54004720088e-09, 1.01843644629e-09, 4.35851882363e-10, 4.75001982192e-10, 4.26276652865e-10, 4.5677731042e-10, 4.63773824899e-10, 3.08703729246e-10, 1.61680724364e-10, 6.47211659266e-11, 3.33435570821e-11, 2.10380012022e-11, 1.24752508671e-11, 6.60842561229e-12, 4.34727774612e-12, 4.36268946316e-12, 4.06439378681e-12, 2.48981304324e-12, 1.2565339394e-12, 1.03361850329e-12, 1.1432580143e-12, 7.3895929523e-13, 3.6805645337e-12, 1.93285318306e-12, 2.0017106462e-12],
        "dvar2": [3.28982714564e-05, 0.000121167715406, 0.000116435236123, 3.06846231979e-05, 2.55291411122e-06, 4.98209146826e-07, 4.54595323163e-07, 1.32073921577e-07, 7.57868576784e-08, 5.62365158885e-08, 1.65380171779e-08, 1.18708722852e-08, 8.36583602393e-09, 5.21950971333e-09, 3.06624015067e-09, 3.66848995625e-09, 2.39486386278e-09, 1.16571241549e-09, 1.2803554883e-09, 1.08762110429e-09, 1.28676802547e-09, 1.30662181075e-09, 8.55745030393e-10, 4.49749515408e-10, 1.77069345297e-10, 8.77929048904e-11, 5.58540852458e-11, 3.29986385439e-11, 1.68239588927e-11, 1.18768597387e-11, 1.17648460418e-11, 1.06361482122e-11, 6.22702106892e-12, 3.29697272088e-12, 2.75317854452e-12, 2.91189815316e-12, 1.89250806866e-12, 1.09843766027e-11, 5.26866657941e-12, 5.37383419014e-12],
        "max": [0.0708558261395, 0.0818987488747, 0.0593314282596, 0.0333634018898, 0.0195428729057, 0.00798465311527, 0.00919333845377, 0.00488417642191, 0.00461749313399, 0.00428651273251, 0.00135206501, 0.0008695529541, 0.00117354444228, 0.000938656448852, 0.0006975508295, 0.000931016751565, 0.000758889538702, 0.00050682836445, 0.000363667117199, 0.000601103820372, 0.000260139175225, 0.000309906201437, 0.000192082225112, 0.000149092855281, 0.000121913210023, 0.000130797357997, 6.09702110523e-05, 5.36721854587e-05, 5.32372723683e-05, 3.85955863749e-05, 4.39426585217e-05, 4.26978040196e-05, 3.39165635523e-05, 2.95410736726e-05, 3.20925828419e-05, 3.52995666617e-05, 3.07857408188e-05, 6.15035314695e-05, 2.26760421356e-05, 1.98930483748e-05],
        "mean": [0.00779842259362, 0.00480863917619, 0.00174967444036, 0.000895190634765, 0.000491824175697, 0.00033842260018, 0.000401878467528, 0.000209804973565, 0.000169490987901, 0.000114727343316, 6.46106782369e-05, 5.3753676184e-05, 5.02984403283e-05, 4.10036664107e-05, 2.71692351816e-05, 2.71883509413e-05, 2.39274904743e-05, 1.462948876e-05, 1.39804988066e-05, 1.24761872939e-05, 8.97197060112e-06, 8.37591505842e-06, 7.15201258572e-06, 5.10938207299e-06, 3.55084557668e-06, 2.72432157544e-06, 2.01827174351e-06, 1.53690302795e-06, 1.13187411444e-06, 8.62970068738e-07, 7.52455889597e-07, 7.05675063273e-07, 5.63557989608e-07, 4.8464471547e-07, 4.60110044287e-07, 5.14379962624e-07, 4.12159778307e-07, 4.64119921162e-07, 4.7718293672e-07, 4.42694897629e-07],
        "median": [0.000322473613778, 0.000565783004276, 0.000160832190886, 0.000192812614841, 0.000150845356984, 9.97054812615e-05, 0.000145003577927, 9.32421680773e-05, 6.68952270644e-05, 4.37985181634e-05, 2.62788362306e-05, 2.21066165977e-05, 2.0785129891e-05, 1.67683538166e-05, 1.12214429464e-05, 9.82831443253e-06, 8.34282764117e-06, 5.52601159143e-06, 4.49529807156e-06, 3.58732586392e-06, 2.44403918259e-06, 1.84107136647e-06, 1.45683679875e-06, 1.14058468625e-06, 7.99855229161e-07, 6.67848212288e-07, 4.16742267362e-07, 3.33696277721e-07, 2.48645164902e-07, 2.38901009197e-07, 1.54415090492e-07, 1.41337949344e-07, 1.04171043347e-07, 1.08047146341e-07, 9.85155708122e-08, 8.56794031279e-08, 6.01252736487e-08, 4.44537349154e-08, 3.78191522543e-08, 2.66220290257e-08],
        "min": [1.54294586351e-24, 1.82870559883e-24, 2.07114030438e-24, 1.34216399984e-24, 1.56019795569e-24, 3.00312956844e-24, 1.79404541724e-24, 2.76845133775e-24, 1.23504625385e-24, 2.45330791422e-24, 2.39950148681e-24, 2.73491824117e-24, 1.99621035129e-24, 2.04624385421e-24, 2.27454039739e-24, 2.93261822251e-24, 3.52831529382e-24, 4.40658766619e-24, 4.04131114605e-24, 4.14626830063e-24, 2.33944787268e-24, 3.43046577599e-24, 3.98872646697e-24, 4.42254790002e-24, 4.91002094653e-24, 4.15760265412e-24, 5.56253197745e-24, 5.43665147065e-24, 4.80818807556e-24, 4.746336253e-24, 5.47171160472e-24, 6.36696499694e-24, 6.84985436716e-24, 5.52859399801e-24, 5.91923594613e-24, 6.13213688267e-24, 6.26235573002e-24, 6.50227278598e-24, 6.27711807857e-24, 6.85462145361e-24],
        "var": [0.000198255860596, 0.000127334613353, 3.78886034014e-05, 6.79083495925e-06, 1.00772854239e-06, 4.18184953332e-07, 4.52940554396e-07, 1.06461072846e-07, 8.2695628123e-08, 4.37474234616e-08, 1.06770352559e-08, 7.17692572039e-09, 7.10337255683e-09, 4.39206315761e-09, 1.85941440023e-09, 2.54582399606e-09, 1.98483429692e-09, 6.00688443431e-10, 5.83390946662e-10, 6.30592689177e-10, 3.49095141683e-10, 3.53261253583e-10, 2.56362375772e-10, 1.30877780835e-10, 5.84173404095e-11, 3.47067062589e-11, 2.1239275963e-11, 1.3502130837e-11, 8.13334989636e-12, 4.76869845695e-12, 4.85527113306e-12, 4.676899059e-12, 3.18259459585e-12, 1.98224900036e-12, 1.77240600668e-12, 2.02980557709e-12, 1.37367959889e-12, 2.98689220059e-12, 1.81951263951e-12, 1.7274200733e-12]
    },
    "mfcc": {
        "mean": [-735.467041016, 155.881790161, 11.013256073, 15.1676149368, 7.92850208282, 4.49509429932, 1.3842073679, 3.58604693413, 0.29625660181, 3.70452451706, 2.47138237953, 4.04285049438, 1.6614896059],
        "cov": [[16096.0166016, -653.677062988, -2514.87182617, -1011.22943115, -721.313659668, -818.201904297, -734.369628906, -486.482177734, -481.738800049, -349.967437744, -345.954803467, -214.069900513, -218.509719849], [-653.677062988, 3576.92944336, 254.475418091, -241.606643677, -53.9398803711, -81.7370681763, -40.0077934265, -58.32970047, 21.3306083679, 27.9450111389, 53.8161888123, 18.8941020966, 20.9506797791], [-2514.87182617, 254.475418091, 2184.98388672, 489.330078125, 434.964233398, 227.537689209, 244.885940552, 163.139053345, 132.359573364, 74.4184494019, 80.476776123, 51.5898132324, 57.8971786499], [-1011.22943115, -241.606643677, 489.330078125, 694.709899902, 332.586181641, 246.419784546, 210.746368408, 174.986877441, 140.179580688, 124.314331055, 98.7297897339, 84.7164916992, 62.0913124084], [-721.313659668, -53.9398803711, 434.964233398, 332.586181641, 474.862945557, 249.974258423, 226.97769165, 171.070053101, 145.476135254, 117.619773865, 109.748764038, 84.6844558716, 62.4309616089], [-818.201904297, -81.7370681763, 227.537689209, 246.419784546, 249.974258423, 322.685333252, 230.998657227, 197.710739136, 146.974609375, 148.753982544, 115.035469055, 102.571678162, 68.9153823853], [-734.369628906, -40.0077934265, 244.885940552, 210.746368408, 226.97769165, 230.998657227, 260.188354492, 193.563751221, 157.65965271, 136.703338623, 120.808692932, 101.459152222, 74.4449157715], [-486.482177734, -58.32970047, 163.139053345, 174.986877441, 171.070053101, 197.710739136, 193.563751221, 221.794204712, 157.294815063, 150.196411133, 118.409187317, 106.106681824, 78.2612380981], [-481.738800049, 21.3306083679, 132.359573364, 140.179580688, 145.476135254, 146.974609375, 157.65965271, 157.294815063, 175.897323608, 139.567520142, 117.791015625, 93.4992599487, 72.6982040405], [-349.967437744, 27.9450111389, 74.4184494019, 124.314331055, 117.619773865, 148.753982544, 136.703338623, 150.196411133, 139.567520142, 180.041381836, 132.465484619, 109.900611877, 75.5508346558], [-345.954803467, 53.8161888123, 80.476776123, 98.7297897339, 109.748764038, 115.035469055, 120.808692932, 118.409187317, 117.791015625, 132.465484619, 145.974960327, 111.289360046, 79.5813598633], [-214.069900513, 18.8941020966, 51.5898132324, 84.7164916992, 84.6844558716, 102.571678162, 101.459152222, 106.106681824, 93.4992599487, 109.900611877, 111.289360046, 127.999969482, 87.9812850952], [-218.509719849, 20.9506797791, 57.8971786499, 62.0913124084, 62.4309616089, 68.9153823853, 74.4449157715, 78.2612380981, 72.6982040405, 75.5508346558, 79.5813598633, 87.9812850952, 96.1034240723]],
