{
"lowlevel": {
    "average_loudness": 0.183090046048,
    "barkbands_crest": {
        "dmean": 1.94099795818,
        "dmean2": 2.87516283989,
        "dvar": 3.69754910469,
        "dvar2": 8.35502719879,
        "max": 26.4777793884,
        "mean": 13.6870965958,
        "median": 12.5824232101,
        "min": 3.03499531746,
        "var": 30.1251583099
    },
    "barkbands_flatness_db": {
        "dmean": 0.0218726731837,
        "dmean2": 0.0288725551218,
        "dvar": 0.00045750872232,
        "dvar2": 0.000880952517036,
        "max": 0.643802344799,
        "mean": 0.250018060207,
        "median": 0.229624092579,
        "min": 0.0344244837761,
        "var": 0.0115222875029
    },
    "barkbands_kurtosis": {
        "dmean": 9.19079494476,
        "dmean2": 13.3692684174,
        "dvar": 735.159729004,
        "dvar2": 1647.11157227,
        "max": 1527.26818848,
        "mean": 25.3245487213,
        "median": 5.94130802155,
        "min": -1.93779671192,
        "var": 4250.28613281
    },
    "barkbands_skewness": {
        "dmean": 0.65399646759,
        "dmean2": 0.918496906757,
        "dvar": 0.718158602715,
        "dvar2": 1.59354197979,
        "max": 28.2768058777,
        "mean": 2.66247558594,
        "median": 2.03973031044,
        "min": -3.56780385971,
        "var": 6.10476493835
    },
    "barkbands_spread": {
        "dmean": 3.37990117073,
        "dmean2": 4.89326477051,
        "dvar": 48.425403595,
        "dvar2": 100.635612488,
        "max": 109.118400574,
        "mean": 10.4548482895,
        "median": 7.54382276535,
        "min": 0.0850315392017,
        "var": 148.324356079
    },
    "dissonance": {
        "dmean": 0.028332522139,
        "dmean2": 0.0447052307427,
        "dvar": 0.000707936938852,
        "dvar2": 0.00174864777364,
        "max": 0.5,
        "mean": 0.409040093422,
        "median": 0.423640340567,
        "min": 0.15394705534,
        "var": 0.0039040739648
    },
    "dynamic_complexity": 7.07876491547,
    "erbbands_crest": {
        "dmean": 2.47733926773,
        "dmean2": 3.67427945137,
        "dvar": 5.61854791641,
        "dvar2": 12.1657524109,
        "max": 31.7514057159,
        "mean": 11.2352685928,
        "median": 10.3264865875,
        "min": 2.04624509811,
        "var": 20.9522476196
    },
    "erbbands_flatness_db": {
        "dmean": 0.0182673763484,
        "dmean2": 0.024234931916,
        "dvar": 0.000317302678013,
        "dvar2": 0.000597320671659,
        "max": 0.378589123487,
        "mean": 0.211796313524,
        "median": 0.216176256537,
        "min": 0.0261410046369,
        "var": 0.00363138923422
    },
    "erbbands_kurtosis": {
        "dmean": 1.77944040298,
        "dmean2": 2.57564663887,
        "dvar": 9.04793167114,
        "dvar2": 20.1989917755,
        "max": 192.551818848,
        "mean": 4.22609090805,
        "median": 1.36614608765,
        "min": -1.89340174198,
        "var": 199.667999268
    },
    "erbbands_skewness": {
        "dmean": 0.424652010202,
        "dmean2": 0.592445552349,
        "dvar": 0.253164768219,
        "dvar2": 0.519631147385,
        "max": 10.634100914,
        "mean": 0.999691188335,
        "median": 0.82900428772,
        "min": -7.69188499451,
        "var": 1.83115577698
    },
    "erbbands_spread": {
        "dmean": 7.09270143509,
        "dmean2": 10.5448026657,
        "dvar": 117.34954834,
        "dvar2": 282.944580078,
        "max": 154.754089355,
        "mean": 28.1502552032,
        "median": 20.1229763031,
        "min": 1.55879116058,
        "var": 469.788238525
    },
    "hfc": {
        "dmean": 2.95151185989,
        "dmean2": 3.67566728592,
        "dvar": 53.2935943604,
        "dvar2": 89.5947036743,
        "max": 245.204345703,
        "mean": 9.00894260406,
        "median": 2.52836346626,
        "min": 1.20316728818e-16,
        "var": 309.365478516
    },
    "melbands_crest": {
        "dmean": 2.24859404564,
        "dmean2": 3.4413497448,
        "dvar": 5.15781402588,
        "dvar2": 12.6377258301,
        "max": 32.5581092834,
        "mean": 16.3646068573,
        "median": 16.1122245789,
        "min": 2.3005592823,
        "var": 27.8013114929
    },
    "melbands_flatness_db": {
        "dmean": 0.0273254085332,
        "dmean2": 0.035404484719,
        "dvar": 0.000776554108597,
        "dvar2": 0.00144533801358,
        "max": 0.807126700878,
        "mean": 0.356461584568,
        "median": 0.329317867756,
        "min": 0.00508985947818,
        "var": 0.0191298108548
    },
    "melbands_kurtosis": {
        "dmean": 9.48389625549,
        "dmean2": 14.0676240921,
        "dvar": 460.014404297,
        "dvar2": 1083.05761719,
        "max": 587.922790527,
        "mean": 24.0183238983,
        "median": 11.4098205566,
        "min": -1.89580833912,
        "var": 1939.76208496
    },
    "melbands_skewness": {
        "dmean": 0.685663461685,
        "dmean2": 0.971931099892,
        "dvar": 0.763695478439,
        "dvar2": 1.74798810482,
        "max": 18.7450466156,
        "mean": 2.91301059723,
        "median": 2.58693695068,
        "min": -1.73252785206,
        "var": 4.05132341385
    },
    "melbands_spread": {
        "dmean": 3.79056477547,
        "dmean2": 5.30203771591,
        "dvar": 90.8361816406,
        "dvar2": 162.180221558,
        "max": 263.301879883,
        "mean": 11.1235799789,
        "median": 7.4760389328,
        "min": 0.263584673405,
        "var": 274.725921631
    },
    "pitch_salience": {
        "dmean": 0.0568412393332,
        "dmean2": 0.086667560041,
        "dvar": 0.00276652397588,
        "dvar2": 0.00647466536611,
        "max": 0.938457369804,
        "mean": 0.468890815973,
        "median": 0.485971659422,
        "min": 0.0764060094953,
        "var": 0.0204675029963
    },
    "silence_rate_20dB": {
        "dmean": 0,
        "dmean2": 0,
        "dvar": 0,
        "dvar2": 0,
        "max": 1,
        "mean": 1,
        "median": 1,
        "min": 1,
        "var": 0
    },
    "silence_rate_30dB": {
        "dmean": 0.00480545638129,
        "dmean2": 0.00961165782064,
        "dvar": 0.00478224921972,
        "dvar2": 0.0109141506255,
        "max": 1,
        "mean": 0.991552352905,
        "median": 1,
        "min": 0,
        "var": 0.00837584864348
    },
    "silence_rate_60dB": {
        "dmean": 0.0292977839708,
        "dmean2": 0.0586001090705,
        "dvar": 0.0284365136176,
        "dvar2": 0.0635322183371,
        "max": 1,
        "mean": 0.188018292189,
        "median": 0,
        "min": 0,
        "var": 0.152696400881
    },
    "spectral_centroid": {
        "dmean": 163.6353302,
        "dmean2": 231.148635864,
        "dvar": 104895.929688,
        "dvar2": 186581.59375,
        "max": 11300.8525391,
        "mean": 709.58203125,
        "median": 552.865234375,
        "min": 83.1412887573,
        "var": 388415.65625
    },
    "spectral_complexity": {
        "dmean": 1.58952105045,
        "dmean2": 2.36973881721,
        "dvar": 4.57239055634,
        "dvar2": 8.64504814148,
        "max": 53,
        "mean": 8.48725128174,
        "median": 7,
        "min": 0,
        "var": 42.1004753113
    },
    "spectral_decrease": {
        "dmean": 9.62069091059e-10,
        "dmean2": 1.28813837375e-09,
        "dvar": 3.02808653815e-18,
        "dvar2": 5.53258222422e-18,
        "max": 1.15680994147e-28,
        "mean": -3.94948296289e-09,
        "median": -2.2514867748e-09,
        "min": -4.5738651977e-08,
        "var": 2.40969789274e-17
    },
    "spectral_energy": {
        "dmean": 0.0038491433952,
        "dmean2": 0.00512665463611,
        "dvar": 4.86580320285e-05,
        "dvar2": 8.80266888998e-05,
        "max": 0.186493843794,
        "mean": 0.0157234016806,
        "median": 0.00886900257319,
        "min": 1.04764751025e-20,
        "var": 0.000392224057578
    },
    "spectral_energyband_high": {
        "dmean": 0.000140677773743,
        "dmean2": 0.000186427336303,
        "dvar": 5.74628359118e-07,
        "dvar2": 1.00516570001e-06,
        "max": 0.0347150340676,
        "mean": 0.000260685337707,
        "median": 1.010203232e-05,
        "min": 7.53868499591e-21,
        "var": 1.81813652489e-06
    },
    "spectral_energyband_low": {
        "dmean": 0.00141430820804,
        "dmean2": 0.00220614136197,
        "dvar": 8.03838611318e-06,
        "dvar2": 2.07418161153e-05,
        "max": 0.0525161623955,
        "mean": 0.00507177785039,
        "median": 0.00388325727545,
        "min": 3.88793347245e-23,
        "var": 2.43384147325e-05
    },
    "spectral_energyband_middle_high": {
        "dmean": 0.00100233650301,
        "dmean2": 0.00127529550809,
        "dvar": 7.10440735929e-06,
        "dvar2": 1.21466036944e-05,
        "max": 0.105178751051,
        "mean": 0.00233777891845,
        "median": 0.00029282172909,
        "min": 1.55478491601e-21,
        "var": 3.87841646443e-05
    },
    "spectral_energyband_middle_low": {
        "dmean": 0.00260163657367,
        "dmean2": 0.00337871536613,
        "dvar": 2.88139726763e-05,
        "dvar2": 5.27142437932e-05,
        "max": 0.146934300661,
        "mean": 0.00862992275506,
        "median": 0.00354577158578,
        "min": 2.86983457377e-22,
        "var": 0.000196940105525
    },
    "spectral_entropy": {
        "dmean": 0.202633723617,
        "dmean2": 0.279247224331,
        "dvar": 0.0468654930592,
        "dvar2": 0.0895878300071,
        "max": 9.79638576508,
        "mean": 6.60319137573,
        "median": 6.65477132797,
        "min": 4.15099906921,
        "var": 0.639932334423
    },
    "spectral_flux": {
        "dmean": 0.0134147834033,
        "dmean2": 0.0208029802889,
        "dvar": 0.000358450924978,
        "dvar2": 0.000801253947429,
        "max": 0.335567325354,
        "mean": 0.0428012385964,
        "median": 0.0319532603025,
        "min": 1.02354652531e-10,
        "var": 0.00174051721115
    },
    "spectral_kurtosis": {
        "dmean": 5.45704698563,
        "dmean2": 8.86553096771,
        "dvar": 51.3578796387,
        "dvar2": 130.324325562,
        "max": 96.7270355225,
        "mean": 15.6618299484,
        "median": 8.61377620697,
        "min": -1.15363383293,
        "var": 264.350280762
    },
    "spectral_rms": {
        "dmean": 0.000413743633544,
        "dmean2": 0.000540498760529,
        "dvar": 3.02652722439e-07,
        "dvar2": 5.07916865899e-07,
        "max": 0.0134887071326,
        "mean": 0.00335005414672,
        "median": 0.00294154463336,
        "min": 3.197022291e-12,
        "var": 4.11706059822e-06
    },
    "spectral_rolloff": {
        "dmean": 231.130142212,
        "dmean2": 375.097900391,
        "dvar": 521541.40625,
        "dvar2": 1075412.875,
        "max": 19229.1503906,
        "mean": 669.57824707,
        "median": 430.6640625,
        "min": 64.599609375,
        "var": 1143511.875
    },
    "spectral_skewness": {
        "dmean": 0.479033470154,
        "dmean2": 0.744403600693,
        "dvar": 0.265490472317,
        "dvar2": 0.620467424393,
        "max": 8.00487995148,
        "mean": 2.67019367218,
        "median": 2.18310379982,
        "min": -0.418807059526,
        "var": 2.24881577492
    },
    "spectral_spread": {
        "dmean": 483668.25,
        "dmean2": 701540.875,
        "dvar": 437442772992,
        "dvar2": 806865534976,
        "max": 39669168,
        "mean": 3348820.5,
        "median": 3002546,
        "min": 931086.3125,
        "var": 2.8808731689e+12
    },
    "spectral_strongpeak": {
        "dmean": 0.271157473326,
        "dmean2": 0.439846634865,
        "dvar": 0.466405510902,
        "dvar2": 1.08542716503,
        "max": 14.0453987122,
        "mean": 0.622128903866,
        "median": 0.148930892348,
        "min": 0,
        "var": 1.32845318317
    },
    "zerocrossingrate": {
        "dmean": 0.00630053877831,
        "dmean2": 0.00715140346438,
        "dvar": 0.000157054324518,
        "dvar2": 0.000180758201168,
        "max": 0.52099609375,
        "mean": 0.0287203453481,
        "median": 0.0224609375,
        "min": 0.00244140625,
        "var": 0.000955557625275
    },
    "barkbands": {
        "dmean": [7.40859104553e-05, 0.00073948019417, 0.000733204418793, 0.000372154841898, 0.000928609573748, 0.000360111327609, 0.000818830914795, 0.00101282575633, 0.000388084328733, 0.000395473936806, 0.000253716425505, 0.00023756302835, 0.000207997261896, 0.000148764651385, 6.01419196755e-05, 5.65986956644e-05, 8.30373173812e-05, 5.22195368831e-05, 5.65597692912e-05, 6.14219461568e-05, 4.08759806305e-05, 4.78430010844e-05, 1.98892012122e-05, 1.71793817572e-05, 1.16058790809e-05, 1.94728863789e-06, 1.34324238843e-07],
        "dmean2": [0.000120048760436, 0.00108200486284, 0.00123987428378, 0.000577863014769, 0.0013096468756, 0.000526092364453, 0.00112748937681, 0.00133084598929, 0.000525028910488, 0.000497555825859, 0.000357227167115, 0.000331678224029, 0.000297426158795, 0.000211511243833, 8.79826257005e-05, 8.12813304947e-05, 0.000120623401017, 7.85298179835e-05, 8.29916316434e-05, 9.09703376237e-05, 5.90505369473e-05, 6.75984629197e-05, 2.92031472782e-05, 2.36608884734e-05, 1.67154212249e-05, 2.79095661426e-06, 2.0489885344e-07],
        "dvar": [5.68098954545e-08, 2.54039150605e-06, 2.62734670287e-06, 6.62778916194e-07, 3.599370757e-06, 1.79280334578e-06, 1.13634523586e-05, 1.24625967146e-05, 1.90056084648e-06, 1.49459333443e-06, 7.01330122865e-07, 1.99116948352e-06, 1.76366268079e-06, 6.92587548201e-07, 9.24667276081e-08, 9.89049553368e-08, 1.00111670065e-07, 5.07740161027e-08, 6.69570709988e-08, 2.02510122449e-07, 7.82315012771e-08, 7.91470640138e-08, 1.07379189984e-08, 1.88101356713e-08, 4.71020911164e-09, 8.40427449855e-11, 2.52594006909e-13],
        "dvar2": [1.44443404793e-07, 5.71316695641e-06, 7.71032682678e-06, 1.42575891005e-06, 7.74509589974e-06, 3.41761756317e-06, 2.33001392189e-05, 2.36826545006e-05, 3.90768582292e-06, 2.65028234026e-06, 1.4739460994e-06, 3.8637704165e-06, 3.65793653145e-06, 1.36800724704e-06, 2.01351525675e-07, 1.81235293439e-07, 1.96083576043e-07, 1.2429330809e-07, 1.47575363485e-07, 4.80624976262e-07, 1.75977632466e-07, 1.59460469717e-07, 2.16869580072e-08, 3.15114228044e-08, 9.28026722136e-09, 1.63860119917e-10, 5.55655998644e-13],
        "max": [0.00355399772525, 0.0275515578687, 0.0355497226119, 0.0311559271067, 0.0651429519057, 0.0755150318146, 0.120069481432, 0.137218222022, 0.0721537768841, 0.0442486554384, 0.0391335524619, 0.0761883929372, 0.0600683167577, 0.0357623063028, 0.0131251402199, 0.0248479973525, 0.011301712133, 0.0112921502441, 0.0119560714811, 0.0316960662603, 0.0123542407528, 0.0172208622098, 0.00713237049058, 0.00923611782491, 0.00351708405651, 0.000567640701775, 1.41804475788e-05],
        "mean": [0.000194244843442, 0.00343048758805, 0.00111658219248, 0.000691840250511, 0.00240815896541, 0.000720067590009, 0.00155214290135, 0.00198645796627, 0.000826339237392, 0.000630295544397, 0.000398064265028, 0.000376810785383, 0.000346611661371, 0.000222443908569, 8.74044781085e-05, 9.03141262825e-05, 0.000140219111927, 8.81986998138e-05, 9.51725814957e-05, 9.13329349714e-05, 6.38878191239e-05, 7.83629729995e-05, 3.53783834726e-05, 3.07398659061e-05, 1.88542726391e-05, 2.80981680589e-06, 2.22692193574e-07],
        "median": [3.29846116074e-05, 0.00290406332351, 0.000464651675429, 0.000209635109059, 0.00103285699151, 0.000216098225792, 0.000163934266311, 0.000239893968683, 6.63808968966e-05, 5.37639025424e-05, 4.61732161057e-05, 7.21586275176e-06, 4.85296641273e-06, 6.02799173066e-06, 7.18456885807e-06, 1.02111926026e-05, 1.31755587063e-05, 5.1932106544e-06, 8.38844698592e-06, 4.12876033806e-06, 2.29424358622e-06, 1.96184055312e-06, 7.4597113553e-07, 2.7426810334e-07, 1.72786556618e-07, 5.90080979634e-08, 7.66088987803e-08],
        "min": [1.69046565324e-23, 2.14603535036e-23, 1.34196978228e-23, 1.77930164636e-23, 3.72936864397e-23, 5.34188016696e-23, 3.82764872207e-23, 1.23326071058e-22, 1.06170264879e-23, 6.20229075629e-23, 5.76969773744e-23, 1.68826116567e-22, 7.16719196785e-23, 8.48529460568e-23, 1.16373896698e-22, 1.66783320232e-22, 1.12793843962e-22, 2.73854464264e-22, 2.93368838332e-22, 3.72961192867e-22, 3.86763431431e-22, 3.80821327196e-22, 5.98837919426e-22, 5.75280336608e-22, 1.26218794967e-21, 1.65197772921e-21, 2.79477126533e-21],
        "var": [1.04019790115e-07, 1.00251054391e-05, 3.94800463255e-06, 2.75127445093e-06, 1.5308480215e-05, 5.13163877258e-06, 3.10407049255e-05, 4.53737629869e-05, 1.12260031528e-05, 3.86440751754e-06, 1.57667693657e-06, 5.76088405069e-06, 4.94848609378e-06, 1.6280894215e-06, 1.79299846081e-07, 2.246066515e-07, 2.44022743345e-07, 1.20698388173e-07, 1.34952713893e-07, 2.71918821682e-07, 1.38868657018e-07, 1.96965814325e-07, 3.00418037114e-08, 7.61139418159e-08, 1.44532403823e-08, 2.12629983065e-10, 3.73193419527e-13]
    },
    "erbbands": {
        "dmean": [0.0181800872087, 0.183259084821, 0.775445520878, 0.953330397606, 1.63811504841, 4.32429599762, 2.85746073723, 3.2669301033, 7.36143398285, 18.88240242, 19.9260005951, 9.92216491699, 14.1234579086, 6.35086774826, 11.452381134, 9.29404449463, 8.43187332153, 8.0614528656, 3.73317933083, 2.67278409004, 3.48052716255, 4.09990406036, 3.23016667366, 1.73678851128, 3.8768196106, 2.52183794975, 1.56764483452, 1.74210846424, 1.66963624954, 1.3373811245, 0.405569761992, 0.357282489538, 0.302316188812, 0.155881822109, 0.0648315474391, 0.0163749847561, 0.00164476991631, 0.000232020523981, 2.66236584139e-05, 4.96815755469e-06],
        "dmean2": [0.0268176067621, 0.272370755672, 1.29260993004, 1.52373182774, 2.41573095322, 6.1039185524, 3.90897059441, 4.83439350128, 10.1844882965, 25.0784702301, 25.1082649231, 12.4749689102, 17.3526573181, 8.67237091064, 15.4995641708, 13.0679779053, 11.6595029831, 10.8273849487, 5.15638256073, 3.87160778046, 4.80534029007, 5.83369445801, 4.70203638077, 2.56152582169, 5.56117010117, 3.66604232788, 2.34918236732, 2.47286939621, 2.3629784584, 2.02171564102, 0.564283013344, 0.492277264595, 0.416649192572, 0.227278918028, 0.0941131487489, 0.0230363998562, 0.00231069442816, 0.000341923499946, 3.96190334868e-05, 6.60262776364e-06],
        "dvar": [0.0021149951499, 0.161225095391, 3.09718632698, 3.6760764122, 14.7093429565, 86.4641418457, 59.5363693237, 173.727615356, 1240.24133301, 5388.74755859, 4415.07373047, 962.51550293, 1877.09899902, 694.025512695, 1682.73254395, 3611.68969727, 3020.06542969, 2064.60620117, 348.554290771, 138.977371216, 266.853851318, 258.351257324, 188.359588623, 36.1306686401, 436.29107666, 323.508575439, 151.954101562, 123.092247009, 108.81300354, 43.6973495483, 5.73846483231, 8.10744476318, 5.77031612396, 1.10878407955, 0.0946842506528, 0.00602658465505, 5.72301541979e-05, 7.8253646052e-07, 1.01893302684e-08, 8.08458439083e-11],
        "dvar2": [0.00366365793161, 0.411167562008, 9.0389623642, 8.90469932556, 30.9954071045, 184.196502686, 98.5873794556, 366.283660889, 2666.83081055, 10098.9140625, 8082.99462891, 1848.33935547, 3369.39624023, 1338.01708984, 3219.95849609, 7739.05712891, 6051.44775391, 3591.58911133, 709.106323242, 299.649261475, 468.99786377, 529.217163086, 443.097717285, 76.8126602173, 963.882629395, 757.519897461, 367.056274414, 252.914581299, 212.965591431, 93.890083313, 11.6856155396, 14.0280056, 10.0201978683, 2.27168035507, 0.169400528073, 0.0108934231102, 9.64151258813e-05, 1.55202576479e-06, 2.14493223183e-08, 1.4458520492e-10],
        "max": [0.588277041912, 7.42609071732, 39.0237998962, 63.2616195679, 118.192306519, 270.850036621, 532.577819824, 624.34375, 1840.28515625, 2464.04907227, 2562.21606445, 1983.4432373, 1462.95214844, 1054.4185791, 2319.54516602, 3804.67944336, 3042.71557617, 2036.82165527, 824.003723145, 561.03125, 1362.16430664, 617.824523926, 752.525512695, 245.970016479, 956.924072266, 1188.2980957, 558.576660156, 509.267791748, 703.599365234, 293.984191895, 163.258148193, 214.011642456, 164.735473633, 49.8406906128, 18.8497371674, 4.86057710648, 0.521130144596, 0.031529661268, 0.00213430728763, 0.00023893591424],
        "mean": [0.110090918839, 0.718642294407, 1.34310472012, 1.92088425159, 4.12844753265, 9.67889404297, 6.88647699356, 6.31039333344, 13.8598537445, 38.8499908447, 41.8913536072, 22.1360454559, 24.4503536224, 10.6068630219, 18.8592605591, 15.4156684875, 15.8768777847, 13.8902721405, 6.19849729538, 4.33194971085, 5.83251905441, 7.20846700668, 5.93536329269, 3.25778746605, 6.45829820633, 3.86572790146, 2.2403883934, 2.9230132103, 2.7358584404, 2.26742172241, 0.721508204937, 0.608346819878, 0.521429896355, 0.251261740923, 0.106872364879, 0.025025639683, 0.00248004775494, 0.000329515285557, 4.83091607748e-05, 2.05583091883e-05],
        "median": [0.083385258913, 0.586405575275, 0.66218239069, 0.858232915401, 1.3286036253, 3.67840313911, 2.49292993546, 2.0393269062, 2.33485078812, 3.42049837112, 6.34530353546, 2.7346394062, 2.76145863533, 1.07070863247, 1.82660222054, 0.449656426907, 0.309511959553, 0.312990784645, 0.33254930377, 0.50258398056, 0.782232105732, 0.658571839333, 0.399434357882, 0.3782338202, 0.413569897413, 0.226821213961, 0.112565524876, 0.0896032303572, 0.0700811222196, 0.0482152849436, 0.0165035109967, 0.00697806151584, 0.00441858312115, 0.00226674461737, 0.00107374193612, 0.000342463172274, 9.73046917352e-05, 3.65351916116e-05, 1.64189987117e-05, 1.17966283142e-05],
        "min": [1.05621391869e-21, 3.42037769652e-21, 1.14958055709e-20, 3.15987549951e-20, 1.65751614366e-19, 5.98982742676e-20, 3.97997822483e-19, 2.73315234392e-19, 6.18723084877e-19, 1.57144691525e-18, 1.69406020764e-18, 3.0727854656e-19, 1.09177852651e-18, 1.93533979673e-18, 3.77313225178e-18, 6.76310065295e-18, 3.30006538472e-18, 3.77616635027e-18, 6.85222109214e-18, 7.57697441099e-18, 7.00668797255e-18, 8.2012252854e-18, 1.20307985519e-17, 1.59035134233e-17, 1.34642256257e-17, 1.63816320891e-17, 1.67324178802e-17, 1.54721122641e-17, 1.20175049323e-17, 1.42113947119e-17, 1.97180022242e-17, 1.30727681911e-17, 9.33710887538e-18, 1.41612758386e-17, 8.73657409631e-18, 4.98509081552e-18, 3.11672204271e-18, 1.35577652773e-18, 3.72950250698e-19, 4.50974443255e-20],
        "var": [0.0115912975743, 0.48784968257, 4.63429450989, 13.3610715866, 82.6205444336, 287.037658691, 242.386825562, 383.393707275, 2523.16674805, 18745.4609375, 20683.0019531, 7106.4296875, 4905.50244141, 1622.54394531, 4742.38525391, 9260.71679688, 9610.33886719, 6052.42382812, 906.900939941, 283.365142822, 644.051208496, 635.865478516, 473.350585938, 98.2780380249, 847.095397949, 466.033081055, 209.078552246, 280.692779541, 264.633605957, 104.340026855, 17.401556015, 30.3906002045, 21.2611312866, 3.15625572205, 0.34654122591, 0.0181262940168, 0.000187314377399, 1.55753855324e-06, 1.65271369923e-08, 6.30838381532e-10]
    },
    "gfcc": {
        "mean": [-149.697814941, 146.570266724, -79.8574447632, 29.7080039978, -47.3268470764, -4.96056413651, -19.9383621216, 11.0905399323, -10.9706449509, -4.07406616211, -13.3103313446, -1.33433520794, -4.46675872803],
        "cov": [[23600.9863281, -1495.84106445, -5633.9453125, -39.437286377, -2401.48632812, 327.220184326, -953.802124023, -17.8149166107, -439.708953857, -18.4655838013, -282.79598999, -125.618492126, -302.71875], [-1495.84106445, 2092.69238281, 336.986053467, -806.551757812, 673.038574219, -564.393981934, 410.353393555, 191.744110107, 268.01763916, -227.874481201, 136.012191772, 19.1497440338, 177.744384766], [-5633.9453125, 336.986053467, 2395.31860352, 196.85458374, 571.543823242, 70.0677871704, 292.939208984, 87.3404693604, 187.844039917, 106.669654846, 61.2258872986, 82.6092376709, 109.097167969], [-39.437286377, -806.551757812, 196.85458374, 779.078369141, -125.07850647, 243.97479248, -106.05065918, -129.549057007, -62.875919342, 122.318321228, 8.94613552094, -3.71085810661, -17.6825790405], [-2401.48632812, 673.038574219, 571.543823242, -125.07850647, 602.138366699, -129.878448486, 186.688110352, 73.5528030396, 114.971885681, -18.8351402283, 89.2209091187, 10.2446279526, 67.4439849854], [327.220184326, -564.393981934, 70.0677871704, 243.97479248, -129.878448486, 396.624023438, -48.0007362366, -33.3968391418, -48.1018447876, 110.396850586, -11.0695800781, 27.7865638733, -59.8975334167], [-953.802124023, 410.353393555, 292.939208984, -106.05065918, 186.688110352, -48.0007362366, 329.829162598, 103.473388672, 71.4093399048, -20.375951767, 60.5810775757, 32.5345573425, 44.2074890137], [-17.8149166107, 191.744110107, 87.3404693604, -129.549057007, 73.5528030396, -33.3968391418, 103.473388672, 215.803985596, 99.2063064575, -15.4612140656, -3.06231379509, 12.7816667557, 53.2537193298], [-439.708953857, 268.01763916, 187.844039917, -62.875919342, 114.971885681, -48.1018447876, 71.4093399048, 99.2063064575, 174.375671387, 14.7604503632, 11.1348514557, -0.715473771095, 45.6313514709], [-18.4655838013, -227.874481201, 106.669654846, 122.318321228, -18.8351402283, 110.396850586, -20.375951767, -15.4612140656, 14.7604503632, 144.930877686, 30.0349235535, -2.98194169998, -36.5481376648], [-282.79598999, 136.012191772, 61.2258872986, 8.94613552094, 89.2209091187, -11.0695800781, 60.5810775757, -3.06231379509, 11.1348514557, 30.0349235535, 137.450241089, 19.6837291718, -10.6828861237], [-125.618492126, 19.1497440338, 82.6092376709, -3.71085810661, 10.2446279526, 27.7865638733, 32.5345573425, 12.7816667557, -0.715473771095, -2.98194169998, 19.6837291718, 95.4443283081, 30.8220329285], [-302.71875, 177.744384766, 109.097167969, -17.6825790405, 67.4439849854, -59.8975334167, 44.2074890137, 53.2537193298, 45.6313514709, -36.5481376648, -10.6828861237, 30.8220329285, 110.016624451]],
        "icov": [[0.000189283600776, -0.000453269691207, 0.000353241164703, -0.000318939855788, 0.000642255996354, -0.000249466858804, 0.000310037081363, -0.000556160404813, 0.000335163960699, -0.00044425757369, 0.00022425109637, -0.000141153534059, 0.000241390458541], [-0.000453269691207, 0.00405923649669, -0.000780840753578, 0.00272494228557, -0.00298679992557, 0.00189754727762, -0.00215920130722, 0.00289183435962, -0.00331873865798, 0.00302612665109, -0.00235892087221, 0.000796795997303, -0.00233162310906], [0.000353241164703, -0.000780840753578, 0.00134373072069, -0.000781935057603, 0.000551586330403, -0.000544027425349, 0.000181911411346, -0.000859665044118, 0.000247108866461, -0.00123942899518, 0.000821703113616, -0.000705748330802, 0.000247293442953], [-0.000318939855788, 0.00272494228557, -0.000781935057603, 0.00390148931183, -0.00166961422656, 0.000259433640167, -0.00116844824515, 0.00301292049699, -0.00194780074526, 0.00114834262058, -0.00211062212475, 0.0014232811518, -0.00311600673012], [0.000642255996354, -0.00298679992557, 0.000551586330403, -0.00166961422656, 0.00590540515259, -0.00108979607467, 0.00118094787467, -0.00238880212419, 0.00165506976191, -0.00205928948708, -1.56918224548e-06, 0.000185653669178, 0.000822881876957], [-0.000249466858804, 0.00189754727762, -0.000544027425349, 0.000259433640167, -0.00108979607467, 0.00537375221029, -0.00118125684094, 0.000527815835085, -0.000718144350685, -0.000908248766791, 0.000105886247184, -0.00176859798376, 0.00114389637019], [0.000310037081363, -0.00215920130722, 0.000181911411346, -0.00116844824515, 0.00118094787467, -0.00118125684094, 0.00590527243912, -0.00327349174768, 0.00162364623975, -0.000768599682488, -0.000503163377289, -0.000987842795439, 0.00111702119466], [-0.000556160404813, 0.00289183435962, -0.000859665044118, 0.00301292049699, -0.00238880212419, 0.000527815835085, -0.00327349174768, 0.0103714456782, -0.00574435060844, 0.00230163498782, -0.00103502557613, 0.000922596955206, -0.00403061555699], [0.000335163960699, -0.00331873865798, 0.000247108866461, -0.00194780074526, 0.00165506976191, -0.000718144350685, 0.00162364623975, -0.00574435060844, 0.012444156222, -0.00510541303083, 0.00198575807735, 0.000724200101104, -0.000419091287768], [-0.00044425757369, 0.00302612665109, -0.00123942899518, 0.00114834262058, -0.00205928948708, -0.000908248766791, -0.000768599682488, 0.00230163498782, -0.00510541303083, 0.0138846533373, -0.0044914172031, 0.00130085204728, 0.00119438942056], [0.00022425109637, -0.00235892087221, 0.000821703113616, -0.00211062212475, -1.56918224548e-06, 0.000105886247184, -0.000503163377289, -0.00103502557613, 0.00198575807735, -0.0044914172031, 0.0116733750328, -0.00351806543767, 0.00383930560201], [-0.000141153534059, 0.000796795997303, -0.000705748330802, 0.0014232811518, 0.000185653669178, -0.00176859798376, -0.000987842795439, 0.000922596955206, 0.000724200101104, 0.00130085204728, -0.00351806543767, 0.0142385466024, -0.00607233215123], [0.000241390458541, -0.00233162310906, 0.000247293442953, -0.00311600673012, 0.000822881876957, 0.00114389637019, 0.00111702119466, -0.00403061555699, -0.000419091287768, 0.00119438942056, 0.00383930560201, -0.00607233215123, 0.0170398242772]]
    },
    "melbands": {
        "dmean": [0.000177948444616, 0.000338225159794, 0.000173144158907, 0.000190920298337, 0.000133817258757, 7.5032330642e-05, 0.000125919847051, 0.000204096315429, 0.00015492712555, 5.40553228348e-05, 7.04114281689e-05, 2.4665507226e-05, 3.86960782635e-05, 2.91359065159e-05, 2.34946437558e-05, 1.8413822545e-05, 1.56348633027e-05, 6.81699930283e-06, 3.63870867659e-06, 3.98024076276e-06, 4.24486370321e-06, 4.61951503894e-06, 4.40520716438e-06, 2.20199444811e-06, 1.36153778385e-06, 2.42642818193e-06, 3.09927986564e-06, 1.45145691022e-06, 1.00201873465e-06, 9.6413373285e-07, 1.09142501969e-06, 1.01057173651e-06, 9.6247174497e-07, 6.55763471968e-07, 2.24489511425e-07, 2.05248284146e-07, 2.44724304821e-07, 2.60276607378e-07, 1.59873891903e-07, 1.27599065536e-07],
        "dmean2": [0.000259789201664, 0.000551321951207, 0.000272124190815, 0.000273138371995, 0.000184681426617, 0.000110009299533, 0.000173835185706, 0.000271185592283, 0.000195701693883, 6.88516374794e-05, 8.68318311404e-05, 3.40871265507e-05, 5.33765014552e-05, 4.0603124944e-05, 3.23187632603e-05, 2.58905001829e-05, 2.12699596887e-05, 9.68648237176e-06, 5.31113482793e-06, 5.73175520913e-06, 6.02371801506e-06, 6.72084161124e-06, 6.43926387056e-06, 3.29338217853e-06, 2.06267145586e-06, 3.47105492438e-06, 4.52218409919e-06, 2.14896908801e-06, 1.537795697e-06, 1.46332524764e-06, 1.55058921791e-06, 1.47153423313e-06, 1.40577708407e-06, 1.02317017081e-06, 3.2716090459e-07, 2.81470562413e-07, 3.60782138387e-07, 3.73547351273e-07, 2.35081586197e-07, 1.90457683402e-07],
        "dvar": [1.57002943979e-07, 5.72841429403e-07, 1.09163501349e-07, 1.62872339615e-07, 9.13124509339e-08, 8.16460641317e-08, 3.10192433517e-07, 6.03872024385e-07, 2.59597641161e-07, 3.13244932215e-08, 4.71648071709e-08, 1.23825047993e-08, 1.60550275297e-08, 2.94287119118e-08, 2.25308340873e-08, 1.43510510142e-08, 7.78119524369e-09, 1.25153298836e-09, 2.83707057847e-10, 4.9261866808e-10, 3.1147362467e-10, 3.53118673191e-10, 3.02614988623e-10, 1.30727650927e-10, 2.32184445281e-11, 1.31223906741e-10, 5.45398448626e-10, 9.79324329964e-11, 6.01188404614e-11, 5.45355600956e-11, 4.7247008389e-11, 4.53523503474e-11, 2.82707867533e-11, 1.01524110299e-11, 1.32336752234e-12, 2.8588516103e-12, 4.6601967077e-12, 4.86778976502e-12, 1.79103585261e-12, 5.82438014918e-13],
        "dvar2": [2.95679598139e-07, 1.6506880911e-06, 2.52242813303e-07, 3.50696069518e-07, 1.76286022224e-07, 1.67289073261e-07, 6.57801990656e-07, 1.11815734272e-06, 4.89221804401e-07, 5.91416196016e-08, 8.39283984533e-08, 2.38618049764e-08, 3.21562083627e-08, 5.64758018129e-08, 4.26197388492e-08, 2.79084115817e-08, 1.36023174946e-08, 2.66679789362e-09, 6.3144439677e-10, 9.32871335735e-10, 5.7551763355e-10, 7.82936326882e-10, 6.34717667314e-10, 3.30582422547e-10, 5.16776170467e-11, 2.64917476844e-10, 1.31925093072e-09, 2.23447371717e-10, 1.46635578679e-10, 1.30554081434e-10, 9.64462953945e-11, 9.45279549081e-11, 6.11733649847e-11, 2.2512909939e-11, 2.97031735146e-12, 4.88696322992e-12, 9.37096754361e-12, 9.63217439837e-12, 3.57763948675e-12, 1.30002345694e-12],
        "max": [0.00634172651917, 0.0159158706665, 0.0106785744429, 0.0124508896843, 0.0164526440203, 0.0131431631744, 0.0280077159405, 0.0245045553893, 0.0194354448467, 0.0106540480629, 0.00738168973476, 0.00498748989776, 0.00508499192074, 0.00861373730004, 0.00734510598704, 0.00656305672601, 0.00416211551055, 0.00178997276817, 0.000625816290267, 0.00145407242235, 0.00129638402723, 0.000716150796507, 0.000603662920184, 0.000700413482264, 0.000161065821885, 0.000486478151288, 0.00163614959456, 0.000512050173711, 0.000345404492691, 0.000338215730153, 0.000336017459631, 0.000454825378256, 0.000285063521005, 0.000152238513692, 6.42333179712e-05, 0.000130441272631, 0.000134724439704, 0.000144826059113, 6.26912151347e-05, 3.59490222763e-05],
        "mean": [0.000976109004114, 0.000805091520306, 0.000393469439587, 0.000482344825286, 0.000319563259836, 0.000145712663652, 0.000239756715018, 0.000422193319537, 0.000323754473357, 0.00011827317212, 0.000118325762742, 3.8260830479e-05, 6.17481928202e-05, 4.49345934612e-05, 4.00379030907e-05, 3.1744257285e-05, 2.48023989116e-05, 1.01618334156e-05, 5.45384682482e-06, 6.30656631984e-06, 6.84707720211e-06, 7.41461417419e-06, 7.51430070522e-06, 3.75420950149e-06, 2.29116994888e-06, 4.08421601605e-06, 4.85927284899e-06, 2.03720924219e-06, 1.31793342462e-06, 1.40801512316e-06, 1.81795348908e-06, 1.55794941747e-06, 1.52675909249e-06, 1.11536917302e-06, 3.81182928777e-07, 3.33186420676e-07, 3.97241166183e-07, 4.19686017494e-07, 2.56706357504e-07, 1.95440776452e-07],
        "median": [0.000810134282801, 0.000558989995625, 0.00017065796419, 0.000200761904125, 0.000120664495626, 4.30808504461e-05, 3.63412982551e-05, 3.93324917241e-05, 4.72726787848e-05, 1.22164738059e-05, 1.14579606816e-05, 2.97980227515e-06, 7.0078299359e-06, 1.15724685656e-06, 5.84558506489e-07, 4.98341080402e-07, 5.40176699815e-07, 4.78253696201e-07, 5.1295916137e-07, 7.11196776138e-07, 9.08742379124e-07, 6.68851328101e-07, 4.34806906924e-07, 2.59499898903e-07, 2.61340687757e-07, 3.06323130417e-07, 2.14171592461e-07, 1.05412830465e-07, 5.84523718317e-08, 4.69250736046e-08, 4.76633594815e-08, 3.95175341339e-08, 2.96471522887e-08, 2.13020197037e-08, 9.02019614557e-09, 4.8523047802e-09, 3.15021031483e-09, 3.06654457383e-09, 2.05005412646e-09, 1.61139501742e-09],
        "min": [7.59613650502e-24, 5.31350357803e-24, 1.08111067809e-23, 8.37485818102e-24, 1.04108837227e-23, 8.12124176658e-24, 8.36589041025e-24, 2.22011680466e-23, 1.10092205198e-23, 1.57094352311e-24, 6.28107263829e-24, 8.31686901588e-24, 1.03113539312e-23, 1.61301181858e-23, 1.53869260161e-23, 5.9412932859e-24, 7.04050784845e-24, 1.06431022851e-23, 9.25966823815e-24, 1.25110042129e-23, 6.69771149753e-24, 7.54172719066e-24, 1.0926099824e-23, 1.17113745675e-23, 1.31779553427e-23, 1.10949649671e-23, 9.97018105598e-24, 1.151319062e-23, 1.01103245624e-23, 1.06210575671e-23, 8.93919191768e-24, 6.25458939441e-24, 8.15717359195e-24, 7.44432574583e-24, 1.04177854668e-23, 1.08098895686e-23, 7.44881515324e-24, 5.02432531397e-24, 1.06178405923e-23, 1.19379961618e-23],
        "var": [7.98059943463e-07, 9.63069737736e-07, 4.92972674238e-07, 7.23540551917e-07, 3.54691849225e-07, 2.02790872095e-07, 7.00470422998e-07, 2.08628625842e-06, 1.22525364077e-06, 2.16409560494e-07, 1.21943273257e-07, 2.75857985343e-08, 4.0104797705e-08, 7.36943022162e-08, 7.29057845206e-08, 3.8799548463e-08, 2.125120524e-08, 2.85847634451e-09, 4.95518459598e-10, 1.13629938792e-09, 7.07482072926e-10, 6.94370949628e-10, 7.58701712567e-10, 2.87137869037e-10, 4.66103405872e-11, 2.92723484341e-10, 7.63297980377e-10, 1.47428291797e-10, 7.59038387699e-11, 8.28157889488e-11, 1.12024306498e-10, 9.89743911828e-11, 6.43053180149e-11, 2.23399024973e-11, 3.39582702236e-12, 9.66768852473e-12, 1.42202473755e-11, 1.50950328626e-11, 5.0841704978e-12, 1.44308751147e-12]
    },
    "mfcc": {
        "mean": [-792.18347168, 165.981155396, 28.9502601624, 38.3463630676, 3.42234969139, -2.2399456501, -3.1181948185, 10.1811971664, 7.84603691101, 2.50158691406, 1.63701164722, -1.67906475067, 5.32299947739],
        "cov": [[18347.0898438, -653.312927246, -3684.28686523, -646.678039551, -1647.89770508, -269.799804688, -718.371276855, -186.673171997, -565.655029297, -341.300872803, 259.701660156, -430.433654785, -190.378738403], [-653.312927246, 2676.80395508, -112.311706543, -168.750564575, 72.1184921265, -524.44720459, -11.3956766129, 245.207000732, 167.988861084, 90.96068573, -133.746032715, 18.8240127563, 127.917778015], [-3684.28686523, -112.311706543, 1644.25170898, 265.074401855, 336.04598999, 210.698104858, 144.029449463, 40.9093780518, 206.531814575, 90.3704376221, -13.4451284409, 148.273239136, 89.2498092651], [-646.678039551, -168.750564575, 265.074401855, 411.472045898, 132.0625, 90.8324279785, 64.9800720215, -41.0447311401, 22.1928653717, 17.0328197479, -21.5741920471, 38.4559135437, 22.3226718903], [-1647.89770508, 72.1184921265, 336.04598999, 132.0625, 394.42880249, 68.024848938, 56.0209121704, -4.63986539841, 58.0940666199, 52.1616172791, -12.8241987228, 56.4336242676, 34.1409454346], [-269.799804688, -524.44720459, 210.698104858, 90.8324279785, 68.024848938, 362.490905762, 89.0033340454, -54.96352005, -57.7365379333, -18.1545600891, 98.6656494141, 31.0289001465, -15.190826416], [-718.371276855, -11.3956766129, 144.029449463, 64.9800720215, 56.0209121704, 89.0033340454, 214.438995361, 58.0292701721, -3.16411185265, 27.3504295349, 19.8843288422, 51.5033073425, 16.6555309296], [-186.673171997, 245.207000732, 40.9093780518, -41.0447311401, -4.63986539841, -54.96352005, 58.0292701721, 182.707290649, 90.018371582, 17.1195812225, -16.3101329803, 16.6275501251, 50.6226158142], [-565.655029297, 167.988861084, 206.531814575, 22.1928653717, 58.0940666199, -57.7365379333, -3.16411185265, 90.018371582, 223.019592285, 79.2206039429, -46.8444976807, 4.00659608841, 50.7394218445], [-341.300872803, 90.96068573, 90.3704376221, 17.0328197479, 52.1616172791, -18.1545600891, 27.3504295349, 17.1195812225, 79.2206039429, 146.791976929, 36.2666854858, 15.9833259583, 6.31042718887], [259.701660156, -133.746032715, -13.4451284409, -21.5741920471, -12.8241987228, 98.6656494141, 19.8843288422, -16.3101329803, -46.8444976807, 36.2666854858, 168.359008789, 36.913898468, -21.7356853485], [-430.433654785, 18.8240127563, 148.273239136, 38.4559135437, 56.4336242676, 31.0289001465, 51.5033073425, 16.6275501251, 4.00659608841, 15.9833259583, 36.913898468, 112.780014038, 24.1834068298], [-190.378738403, 127.917778015, 89.2498092651, 22.3226718903, 34.1409454346, -15.190826416, 16.6555309296, 50.6226158142, 50.7394218445, 6.31042718887, -21.7356853485, 24.1834068298, 114.91632843]],
