{
"lowlevel": {
    "average_loudness": 0.0446158125997,
    "barkbands_crest": {
        "dmean": 1.74087107182,
        "dmean2": 2.77108550072,
        "dvar": 4.69574928284,
        "dvar2": 12.2625751495,
        "max": 26.0760974884,
        "mean": 15.4065246582,
        "median": 15.4552154541,
        "min": 2.08529663086,
        "var": 27.8380241394
    },
    "barkbands_flatness_db": {
        "dmean": 0.0220363717526,
        "dmean2": 0.0315900631249,
        "dvar": 0.000720372365322,
        "dvar2": 0.00145274878014,
        "max": 0.629622161388,
        "mean": 0.348121345043,
        "median": 0.353310674429,
        "min": 0.0145774837583,
        "var": 0.0171194504946
    },
    "barkbands_kurtosis": {
        "dmean": 10.9578533173,
        "dmean2": 16.5547084808,
        "dvar": 602.584289551,
        "dvar2": 1288.85400391,
        "max": 754.613586426,
        "mean": 36.1900978088,
        "median": 18.2441806793,
        "min": -1.93288850784,
        "var": 3425.55273438
    },
    "barkbands_skewness": {
        "dmean": 0.700189292431,
        "dmean2": 1.04566121101,
        "dvar": 1.00074291229,
        "dvar2": 2.16487884521,
        "max": 20.7653827667,
        "mean": 2.89725065231,
        "median": 2.4828979969,
        "min": -5.07072544098,
        "var": 6.21375751495
    },
    "barkbands_spread": {
        "dmean": 2.71515631676,
        "dmean2": 4.15531873703,
        "dvar": 79.4036712646,
        "dvar2": 167.309967041,
        "max": 128.607696533,
        "mean": 7.50934934616,
        "median": 1.64248752594,
        "min": 0.108716897666,
        "var": 303.28817749
    },
    "dissonance": {
        "dmean": 0.0312160346657,
        "dmean2": 0.0518457964063,
        "dvar": 0.000923643878195,
        "dvar2": 0.00251137884334,
        "max": 0.500000059605,
        "mean": 0.380256652832,
        "median": 0.388798236847,
        "min": 0.116639450192,
        "var": 0.00606109760702
    },
    "dynamic_complexity": 9.59908485413,
    "erbbands_crest": {
        "dmean": 1.88617002964,
        "dmean2": 2.97188234329,
        "dvar": 5.46356153488,
        "dvar2": 13.1023015976,
        "max": 30.5485420227,
        "mean": 13.7334852219,
        "median": 12.8525161743,
        "min": 2.56289935112,
        "var": 29.8082466125
    },
    "erbbands_flatness_db": {
        "dmean": 0.0168663226068,
        "dmean2": 0.0238059069961,
        "dvar": 0.000445735786343,
        "dvar2": 0.000890569703188,
        "max": 0.487536042929,
        "mean": 0.251570671797,
        "median": 0.244978845119,
        "min": 0.0332341305912,
        "var": 0.00779192801565
    },
    "erbbands_kurtosis": {
        "dmean": 4.11624717712,
        "dmean2": 6.26274108887,
        "dvar": 97.4141693115,
        "dvar2": 193.846298218,
        "max": 333.15637207,
        "mean": 14.4609155655,
        "median": 6.9020614624,
        "min": -1.84608483315,
        "var": 728.540893555
    },
    "erbbands_skewness": {
        "dmean": 0.476047366858,
        "dmean2": 0.694066643715,
        "dvar": 0.428572803736,
        "dvar2": 0.820182263851,
        "max": 14.257434845,
        "mean": 2.00710558891,
        "median": 1.88893973827,
        "min": -5.14866495132,
        "var": 3.6256403923
    },
    "erbbands_spread": {
        "dmean": 5.42849445343,
        "dmean2": 8.27602481842,
        "dvar": 126.550392151,
        "dvar2": 304.539733887,
        "max": 165.395568848,
        "mean": 19.2630329132,
        "median": 11.6735591888,
        "min": 0.448519408703,
        "var": 446.983123779
    },
    "hfc": {
        "dmean": 2.40603947639,
        "dmean2": 3.22604417801,
        "dvar": 96.7280731201,
        "dvar2": 169.897384644,
        "max": 320.154663086,
        "mean": 6.91240215302,
        "median": 0.648216247559,
        "min": 1.09437596462e-16,
        "var": 453.041625977
    },
    "melbands_crest": {
        "dmean": 2.41470360756,
        "dmean2": 3.90960884094,
        "dvar": 8.73594760895,
        "dvar2": 23.4964199066,
        "max": 38.3547286987,
        "mean": 21.1364612579,
        "median": 20.2110309601,
        "min": 1.00128853321,
        "var": 52.0096664429
    },
    "melbands_flatness_db": {
        "dmean": 0.0257316026837,
        "dmean2": 0.0362631827593,
        "dvar": 0.00107664754614,
        "dvar2": 0.00206138845533,
        "max": 0.784791886806,
        "mean": 0.463611453772,
        "median": 0.477788239717,
        "min": 3.40832713164e-07,
        "var": 0.0272999275476
    },
    "melbands_kurtosis": {
        "dmean": 13.9902257919,
        "dmean2": 21.655040741,
        "dvar": 1217.96850586,
        "dvar2": 2797.8125,
        "max": 1663.08886719,
        "mean": 37.5899620056,
        "median": 19.2937049866,
        "min": -1.88080489635,
        "var": 3418.89160156
    },
    "melbands_skewness": {
        "dmean": 0.743413686752,
        "dmean2": 1.12732124329,
        "dvar": 1.28512072563,
        "dvar2": 2.85185003281,
        "max": 31.5974063873,
        "mean": 3.17981863022,
        "median": 2.7325899601,
        "min": -3.15199565887,
        "var": 5.67678260803
    },
    "melbands_spread": {
        "dmean": 3.8651869297,
        "dmean2": 5.77513551712,
        "dvar": 213.290084839,
        "dvar2": 426.602508545,
        "max": 231.617462158,
        "mean": 10.5408678055,
        "median": 1.65034544468,
        "min": 0.136814028025,
        "var": 945.690063477
    },
    "pitch_salience": {
        "dmean": 0.0545778274536,
        "dmean2": 0.0866931974888,
        "dvar": 0.00394041743129,
        "dvar2": 0.00958591792732,
        "max": 0.996081471443,
        "mean": 0.436287760735,
        "median": 0.43614834547,
        "min": 0.010275579989,
        "var": 0.0275813583285
    },
    "silence_rate_20dB": {
        "dmean": 0.000191204584553,
        "dmean2": 0.000382445752621,
        "dvar": 0.000191157407244,
        "dvar2": 0.000573479919694,
        "max": 1,
        "mean": 0.99990439415,
        "median": 1,
        "min": 0,
        "var": 9.55813593464e-05
    },
    "silence_rate_30dB": {
        "dmean": 0.0133843207732,
        "dmean2": 0.0267712026834,
        "dvar": 0.0132053280249,
        "dvar2": 0.0325518958271,
        "max": 1,
        "mean": 0.970557332039,
        "median": 1,
        "min": 0,
        "var": 0.0285732280463
    },
    "silence_rate_60dB": {
        "dmean": 0.0275334604084,
        "dmean2": 0.0550721883774,
        "dvar": 0.0267778150737,
        "dvar2": 0.0593032613397,
        "max": 1,
        "mean": 0.398910224438,
        "median": 0,
        "min": 0,
        "var": 0.239807501435
    },
    "spectral_centroid": {
        "dmean": 117.883735657,
        "dmean2": 168.652816772,
        "dvar": 150246.84375,
        "dvar2": 252985.71875,
        "max": 11545.0507812,
        "mean": 615.133239746,
        "median": 236.011642456,
        "min": 89.1855392456,
        "var": 1540337.5
    },
    "spectral_complexity": {
        "dmean": 0.872657716274,
        "dmean2": 1.34506165981,
        "dvar": 3.26239442825,
        "dvar2": 6.03846216202,
        "max": 45,
        "mean": 4.22732067108,
        "median": 3,
        "min": 0,
        "var": 24.6098690033
    },
    "spectral_decrease": {
        "dmean": 1.28469190841e-09,
        "dmean2": 2.03099204121e-09,
        "dvar": 1.21576508348e-17,
        "dvar2": 3.26118934349e-17,
        "max": 2.76442442396e-19,
        "mean": -4.42410952317e-09,
        "median": -1.32516897455e-09,
        "min": -1.01900532457e-07,
        "var": 6.46503190948e-17
    },
    "spectral_energy": {
        "dmean": 0.0049648527056,
        "dmean2": 0.00785635691136,
        "dvar": 0.000177972266101,
        "dvar2": 0.000476974935737,
        "max": 0.386905997992,
        "mean": 0.0173245090991,
        "median": 0.00509373657405,
        "min": 9.98383411779e-21,
        "var": 0.000972578069195
    },
    "spectral_energyband_high": {
        "dmean": 0.000208585479413,
        "dmean2": 0.00027070340002,
        "dvar": 1.92608354155e-06,
        "dvar2": 3.21644961332e-06,
        "max": 0.0493916831911,
        "mean": 0.000395527953515,
        "median": 3.20599582437e-07,
        "min": 7.01065699839e-21,
        "var": 7.16652675692e-06
    },
    "spectral_energyband_low": {
        "dmean": 0.00377580127679,
        "dmean2": 0.00639583682641,
        "dvar": 0.000133527049911,
        "dvar2": 0.000387322565075,
        "max": 0.382185459137,
        "mean": 0.009889902547,
        "median": 0.00305164605379,
        "min": 1.78318205316e-23,
        "var": 0.000468557671411
    },
    "spectral_energyband_middle_high": {
        "dmean": 0.000409522879636,
        "dmean2": 0.000552889716346,
        "dvar": 2.66143229055e-06,
        "dvar2": 4.86107228426e-06,
        "max": 0.0473835207522,
        "mean": 0.000943501247093,
        "median": 4.73757927466e-06,
        "min": 1.13527671406e-21,
        "var": 1.25866281451e-05
    },
    "spectral_energyband_middle_low": {
        "dmean": 0.0020427047275,
        "dmean2": 0.00278749759309,
        "dvar": 3.41678824043e-05,
        "dvar2": 6.27269473625e-05,
        "max": 0.1305655092,
        "mean": 0.00702458713204,
        "median": 0.00142461643554,
        "min": 1.82308557231e-22,
        "var": 0.000204963987926
    },
    "spectral_entropy": {
        "dmean": 0.19827477634,
        "dmean2": 0.278518825769,
        "dvar": 0.0725469440222,
        "dvar2": 0.1368227005,
        "max": 9.82249355316,
        "mean": 5.76202106476,
        "median": 5.66625785828,
        "min": 2.64589810371,
        "var": 1.69438028336
    },
    "spectral_flux": {
        "dmean": 0.0117968022823,
        "dmean2": 0.0183438621461,
        "dvar": 0.000471455248771,
        "dvar2": 0.00115841627121,
        "max": 0.466786444187,
        "mean": 0.0359753407538,
        "median": 0.0123053183779,
        "min": 6.41999578499e-11,
        "var": 0.00256709009409
    },
    "spectral_kurtosis": {
        "dmean": 6.67271518707,
        "dmean2": 10.5876893997,
        "dvar": 77.4564056396,
        "dvar2": 179.111694336,
        "max": 180.200653076,
        "mean": 31.5023956299,
        "median": 18.2002658844,
        "min": -1.30160176754,
        "var": 1186.6484375
    },
    "spectral_rms": {
        "dmean": 0.000414185953559,
        "dmean2": 0.000629858055618,
        "dvar": 5.72164651658e-07,
        "dvar2": 1.44445721162e-06,
        "max": 0.0194285679609,
        "mean": 0.00306212180294,
        "median": 0.00222923723049,
        "min": 3.12094946241e-12,
        "var": 7.52533014747e-06
    },
    "spectral_rolloff": {
        "dmean": 202.351150513,
        "dmean2": 324.710693359,
        "dvar": 685272.1875,
        "dvar2": 1410073.75,
        "max": 19659.8144531,
        "mean": 904.241088867,
        "median": 172.265625,
        "min": 21.533203125,
        "var": 6720676.5
    },
    "spectral_skewness": {
        "dmean": 0.491847485304,
        "dmean2": 0.749558925629,
        "dvar": 0.305589139462,
        "dvar2": 0.665241956711,
        "max": 11.6617183685,
        "mean": 4.12566232681,
        "median": 3.56613469124,
        "min": -0.0719488784671,
        "var": 6.49267816544
    },
    "spectral_spread": {
        "dmean": 466974.65625,
        "dmean2": 739061.75,
        "dvar": 873215426560,
        "dvar2": 1.9232152617e+12,
        "max": 50312492,
        "mean": 3492556.75,
        "median": 2906853.25,
        "min": 527351.3125,
        "var": 1.33932630671e+13
    },
    "spectral_strongpeak": {
        "dmean": 0.173517405987,
        "dmean2": 0.281705290079,
        "dvar": 0.286111503839,
        "dvar2": 0.694216132164,
        "max": 9.81597328186,
        "mean": 0.458399951458,
        "median": 0.198989897966,
        "min": 0,
        "var": 0.728543877602
    },
    "zerocrossingrate": {
        "dmean": 0.00515533518046,
        "dmean2": 0.00590904802084,
        "dvar": 0.000185997108929,
        "dvar2": 0.000172850952367,
        "max": 0.525390625,
        "mean": 0.0309382956475,
        "median": 0.00927734375,
        "min": 0.0009765625,
        "var": 0.00524168694392
    },
    "barkbands": {
        "dmean": [0.000468225654913, 0.00284895440564, 0.000944420055021, 0.000608653353993, 0.00082460232079, 0.000496855587699, 0.00067898404086, 0.000418562325649, 9.25529093365e-05, 9.13307667361e-05, 7.72370622144e-05, 7.89442565292e-05, 0.000111402405309, 6.06953144597e-05, 1.78935642907e-05, 1.73668140633e-05, 3.79575976694e-05, 3.64927946066e-05, 5.64280380786e-05, 5.71697964915e-05, 6.64637482259e-05, 6.34616662865e-05, 2.17293945752e-05, 3.88422122342e-05, 1.65039054991e-05, 2.29759189097e-06, 9.35900601462e-08],
        "dmean2": [0.000742300704587, 0.00494547141716, 0.00159307417925, 0.000905450724531, 0.00119310012087, 0.000690490065608, 0.000918060657568, 0.000547953648493, 0.000124275684357, 0.000114698086691, 0.00011251741671, 0.000112600246212, 0.000157607544679, 8.38235428091e-05, 2.89588242595e-05, 2.39147120737e-05, 5.47790441487e-05, 5.73184806854e-05, 8.13338410808e-05, 8.65902620717e-05, 9.44559942582e-05, 8.86288253241e-05, 2.96814032481e-05, 5.13739905728e-05, 2.31226586038e-05, 3.0169794627e-06, 1.41484761684e-07],
        "dvar": [2.09610129787e-06, 8.72624586918e-05, 1.2767145563e-05, 2.23316260417e-06, 9.89879026747e-06, 5.97710368311e-06, 1.42171684274e-05, 7.57594352763e-06, 3.22858596746e-07, 4.2153430968e-07, 3.0265124451e-07, 3.17539104344e-07, 7.43582120322e-07, 2.78646496099e-07, 2.26918928092e-08, 1.66442308824e-08, 7.40982812886e-08, 9.05054804434e-08, 2.71948010777e-07, 1.96555689058e-07, 2.24413554406e-07, 2.1690030394e-07, 2.50037857086e-08, 8.92030911359e-08, 1.54131782892e-08, 2.68172067885e-10, 8.38206674209e-13],
        "dvar2": [4.50317747891e-06, 0.000268604140729, 3.59161931556e-05, 5.15539522894e-06, 2.15429645323e-05, 1.0620869034e-05, 2.61734949163e-05, 1.36115986606e-05, 5.52287758637e-07, 7.30637850666e-07, 6.37799871583e-07, 6.62646812088e-07, 1.45155661357e-06, 4.34151303352e-07, 5.38383240212e-08, 3.21845128326e-08, 1.55888258746e-07, 2.21093969799e-07, 5.71614975797e-07, 4.6013420274e-07, 4.63992449795e-07, 4.18399906721e-07, 4.4799492116e-08, 1.52461041125e-07, 2.71111897376e-08, 4.30370433735e-10, 1.94971361105e-12],
        "max": [0.0713115409017, 0.300931274891, 0.102779090405, 0.0382910184562, 0.0780026912689, 0.0888227820396, 0.108640365303, 0.093771904707, 0.0192952398211, 0.0243273116648, 0.0237993597984, 0.0284712035209, 0.0374754033983, 0.0244127009064, 0.00758540350944, 0.00505001004785, 0.0146320080385, 0.0127045894042, 0.0264861136675, 0.0167920347303, 0.017212850973, 0.0234464854002, 0.00821624044329, 0.013634336181, 0.00429936498404, 0.000591672433075, 3.85590901715e-05],
        "mean": [0.00174760317896, 0.00579785136506, 0.00144126650412, 0.00194471119903, 0.00167812535074, 0.000976686482318, 0.00135719100945, 0.000857297389302, 0.000177588066435, 0.000161726173246, 0.000113212554425, 0.000130914413603, 0.000176740286406, 8.72891032486e-05, 2.28970948228e-05, 2.59784519585e-05, 5.57946477784e-05, 5.50294753339e-05, 8.2754457253e-05, 8.1370024418e-05, 0.000106509280158, 0.0001037568436, 3.89307097066e-05, 7.28196901036e-05, 2.65588550974e-05, 3.76097909793e-06, 1.59394531352e-07],
        "median": [1.66230383911e-05, 0.00100238749292, 0.000262630172074, 0.000658805831335, 0.000103330603451, 0.000104129299871, 6.62350566927e-06, 1.59328544669e-06, 3.4680126646e-06, 9.72439693214e-07, 3.59702283959e-07, 9.08657227683e-07, 1.32940996878e-07, 1.18630545387e-07, 1.527013751e-07, 8.74290151387e-08, 6.93900048532e-08, 5.55256924883e-08, 5.24857952655e-08, 8.43840481934e-08, 4.21883186164e-08, 6.00535230433e-08, 3.33415499654e-08, 2.51482017433e-08, 2.23852509862e-08, 2.41710438331e-08, 2.61233097376e-08],
        "min": [1.11704124129e-24, 1.52697655778e-24, 6.79750102153e-25, 1.82507821917e-24, 1.09394938933e-23, 6.59713528199e-24, 1.07795807437e-23, 7.56784953068e-24, 1.44194449139e-23, 1.3348481038e-23, 9.2805091544e-24, 3.01603612171e-23, 3.69602065361e-23, 2.77716146655e-23, 2.967979662e-23, 5.2235305208e-23, 6.46584224275e-23, 9.72465441012e-23, 1.3652170714e-22, 1.73958268911e-22, 2.31548118975e-22, 3.1548362611e-22, 3.87187321105e-22, 5.83018948492e-22, 8.40714587922e-22, 1.33406622905e-21, 1.89413192529e-21],
        "var": [2.26370921155e-05, 0.000230193676543, 1.48931385411e-05, 9.27829660213e-06, 2.58372147073e-05, 1.89613274415e-05, 5.23770759173e-05, 2.85138175968e-05, 1.0383495237e-06, 1.17251352094e-06, 6.11691120866e-07, 8.37229606532e-07, 2.1390699203e-06, 6.37805555925e-07, 3.60837510982e-08, 3.61210723554e-08, 1.77498904463e-07, 1.69557182517e-07, 4.45982493602e-07, 3.34688991188e-07, 5.62805894333e-07, 6.13688769135e-07, 9.4895746372e-08, 3.36392190547e-07, 4.11605043382e-08, 7.11875225434e-10, 1.26782774817e-12]
    },
    "erbbands": {
        "dmean": [0.138145327568, 0.472103685141, 1.01697027683, 1.63282394409, 2.0930287838, 2.92302536964, 3.38023042679, 5.00257444382, 7.94303131104, 10.9942493439, 6.87917423248, 2.00172567368, 2.33067321777, 2.47707104683, 3.08762311935, 3.29321455956, 5.26275396347, 3.32190704346, 1.40505218506, 0.845828235149, 0.991925597191, 1.95696628094, 2.06772422791, 2.19756221771, 2.88737916946, 2.80471873283, 2.82466435432, 2.4744451046, 2.36494636536, 1.47520554066, 0.577646970749, 0.807705581188, 0.613752186298, 0.273499965668, 0.0697707459331, 0.0191845223308, 0.00231266999617, 0.000217006658204, 1.74471078935e-05, 6.15531871517e-06],
        "dmean2": [0.236451566219, 0.814135849476, 1.73918771744, 2.51743197441, 3.02370929718, 4.2927107811, 4.76713562012, 6.90705394745, 10.7823753357, 14.6381387711, 8.6510848999, 2.59852766991, 2.9837679863, 3.24885821342, 4.25380706787, 4.65324735641, 7.24393701553, 4.2706580162, 1.99508929253, 1.23995959759, 1.37253475189, 2.77903604507, 3.26169109344, 3.11681985855, 4.17515468597, 4.30864810944, 4.1251115799, 3.54367494583, 3.33042478561, 2.16551089287, 0.761864542961, 1.06423318386, 0.84580039978, 0.381080955267, 0.0947748348117, 0.0249345339835, 0.00296896323562, 0.000294228520943, 2.51036999543e-05, 9.57101110544e-06],
        "dvar": [0.194379359484, 2.94447231293, 16.5217819214, 18.2807998657, 36.074054718, 184.210296631, 320.314086914, 719.27142334, 2277.60620117, 4365.35205078, 1973.72460938, 142.204071045, 228.16394043, 454.325378418, 439.597595215, 633.3203125, 1852.44433594, 707.644165039, 98.0155029297, 48.1221656799, 51.1757545471, 190.593353271, 283.503387451, 794.491760254, 438.12109375, 486.639587402, 444.899963379, 288.82522583, 336.543518066, 126.79750061, 17.4523410797, 38.2668838501, 24.1522502899, 4.38140439987, 0.277041077614, 0.0202269349247, 0.000251373654464, 2.8527399536e-06, 2.14859419145e-08, 2.59786414603e-10],
        "dvar2": [0.628856599331, 8.6840763092, 47.8403930664, 46.2380714417, 76.3332443237, 419.232330322, 600.94720459, 1255.19250488, 4150.62646484, 8036.04833984, 3351.58691406, 237.487884521, 418.017974854, 787.049316406, 779.818359375, 1357.29443359, 3490.13720703, 1070.73168945, 190.452056885, 98.8054733276, 99.3569869995, 378.011016846, 678.638122559, 1849.58215332, 950.929748535, 1173.03820801, 944.622619629, 593.204589844, 712.067199707, 245.963165283, 28.3755054474, 72.8539886475, 42.9730949402, 7.99535703659, 0.469608783722, 0.0313432328403, 0.000419415882789, 4.99248926644e-06, 4.81049724499e-08, 6.53916698568e-10],
        "max": [11.1702852249, 58.8042602539, 125.165260315, 94.1628265381, 155.759750366, 456.036804199, 609.257751465, 1140.60620117, 1907.08410645, 2108.5324707, 1639.14807129, 493.895721436, 637.596313477, 1568.31030273, 1115.86669922, 1328.44287109, 2103.73291016, 1461.63305664, 391.143585205, 293.24786377, 346.661987305, 609.530700684, 805.60925293, 1598.86157227, 764.251525879, 812.903564453, 953.402709961, 516.239379883, 982.073730469, 563.335754395, 246.956192017, 303.516876221, 204.690750122, 69.5339279175, 19.711309433, 6.82201004028, 0.561610996723, 0.0576207339764, 0.00668297754601, 0.000418698211433],
        "mean": [0.265101909637, 0.911048531532, 1.63562095165, 4.65896749496, 5.62720346451, 5.25450897217, 6.37381410599, 9.87471294403, 15.0803823471, 24.6927947998, 14.1678628922, 4.20925188065, 4.63888692856, 4.38656282425, 5.01534700394, 5.49580717087, 8.96170806885, 5.35808801651, 2.0554254055, 1.29234957695, 1.72380805016, 3.19038486481, 3.32964730263, 3.25984954834, 4.34213924408, 4.00204992294, 4.32888221741, 3.95298600197, 3.77529478073, 2.3325715065, 1.05989944935, 1.44799089432, 1.1125344038, 0.445016115904, 0.111516602337, 0.0318996757269, 0.00376028753817, 0.000376013107598, 3.75439849449e-05, 2.14440406126e-05],
        "median": [0.0159429758787, 0.22205632925, 0.477254241705, 1.86202943325, 1.43646347523, 0.328198730946, 0.432876169682, 0.881894052029, 0.330318957567, 0.0801377817988, 0.047648768872, 0.0658416152, 0.0754932463169, 0.0228252429515, 0.0318089686334, 0.0310583226383, 0.00840139016509, 0.00828153267503, 0.00545579986647, 0.00834927987307, 0.00573460152373, 0.00392602803186, 0.00272428523749, 0.00329791451804, 0.00459775701165, 0.00364626455121, 0.00220268685371, 0.00201166560873, 0.00236213253811, 0.00125251791906, 0.000938559242059, 0.000573362747673, 0.000409291882534, 0.000260437082034, 0.000163969089044, 9.54480856308e-05, 4.58433132735e-05, 1.67634443642e-05, 6.45753607387e-06, 5.93814093008e-06],
        "min": [8.7437216517e-23, 4.62309497502e-22, 1.66326391801e-21, 6.39067139679e-21, 8.64359069134e-21, 3.67359892699e-20, 2.38097945495e-20, 6.68731904397e-20, 1.15792684178e-19, 1.8349613777e-19, 3.32244692754e-19, 3.5956928597e-19, 4.88798084558e-19, 8.04243669649e-19, 9.68144286449e-19, 1.34638058315e-18, 1.74422488608e-18, 2.22365277206e-18, 2.60562947609e-18, 3.41594945943e-18, 4.05214068599e-18, 4.64234646075e-18, 5.41112853565e-18, 6.30249050552e-18, 6.16278383596e-18, 8.74604117842e-18, 8.33198599664e-18, 9.35206595522e-18, 1.14390782095e-17, 1.20289200248e-17, 1.12451432333e-17, 1.18385584688e-17, 9.52436023219e-18, 7.09209354362e-18, 6.97426249254e-18, 4.03582165327e-18, 2.37818024345e-18, 9.33149273261e-19, 2.58293350124e-19, 2.75617064779e-20],
        "var": [0.515650868416, 5.77914190292, 18.7803230286, 49.5362243652, 133.142089844, 394.947906494, 758.034179688, 2364.63989258, 6631.73974609, 19276.3964844, 6927.69921875, 514.394104004, 739.387023926, 1234.9708252, 972.060241699, 1552.78430176, 5768.94238281, 1873.34570312, 199.746109009, 99.6378326416, 142.222000122, 523.722229004, 629.178222656, 1052.23632812, 745.859069824, 800.553039551, 991.333435059, 758.992553711, 845.024963379, 358.862182617, 75.5891799927, 142.023666382, 76.4925384521, 11.8709897995, 0.712913572788, 0.0556590221822, 0.000634320662357, 6.72974374538e-06, 3.78373634646e-08, 1.45038214772e-09]
    },
    "gfcc": {
        "mean": [-262.906585693, 138.148071289, -29.9248962402, 33.8948822021, -46.1603813171, 0.700768530369, -26.2824325562, -5.96442317963, -20.2200832367, -7.04285860062, -10.5446949005, -4.03045701981, -9.18882751465],
        "cov": [[29636.7050781, 1447.4206543, -4948.62939453, 1943.22314453, -1103.90734863, 271.925323486, -210.410827637, 724.533203125, 165.941970825, 220.969055176, 758.131103516, -0.339232891798, -112.150863647], [1447.4206543, 2833.41674805, 861.65802002, -674.825378418, 272.961364746, -296.909790039, 156.326843262, -179.30619812, 116.922241211, -274.479888916, 61.6016960144, -36.7151412964, 56.467590332], [-4948.62939453, 861.65802002, 2383.62744141, -221.915817261, 436.713806152, -4.01829433441, 203.123062134, -136.793624878, 59.8472633362, -89.8700180054, -166.528823853, -11.9613838196, 92.6112670898], [1943.22314453, -674.825378418, -221.915817261, 911.801635742, 186.22694397, 205.370025635, 57.2656326294, 183.51385498, 94.9402389526, 124.107170105, 57.142036438, 10.010602951, 29.7527446747], [-1103.90734863, 272.961364746, 436.713806152, 186.22694397, 552.954101562, 125.746032715, 127.569869995, 22.4559288025, 135.483566284, 21.3280029297, 16.7301445007, -4.46357488632, 40.2267227173], [271.925323486, -296.909790039, -4.01829433441, 205.370025635, 125.746032715, 305.757598877, 143.262329102, 101.218544006, 71.7105255127, 118.495826721, 52.1076431274, 30.0369853973, 0.786121606827], [-210.410827637, 156.326843262, 203.123062134, 57.2656326294, 127.569869995, 143.262329102, 311.154602051, 104.018714905, 75.4247817993, 44.3523101807, 69.6664047241, 41.8040466309, 35.8364677429], [724.533203125, -179.30619812, -136.793624878, 183.51385498, 22.4559288025, 101.218544006, 104.018714905, 209.675430298, 97.1988677979, 72.765007019, 77.5173492432, 48.1404457092, 24.0452651978], [165.941970825, 116.922241211, 59.8472633362, 94.9402389526, 135.483566284, 71.7105255127, 75.4247817993, 97.1988677979, 188.781539917, 73.5458831787, 66.0908126831, 37.3635177612, 37.4500160217], [220.969055176, -274.479888916, -89.8700180054, 124.107170105, 21.3280029297, 118.495826721, 44.3523101807, 72.765007019, 73.5458831787, 175.182632446, 71.4766998291, 35.104637146, 23.1099567413], [758.131103516, 61.6016960144, -166.528823853, 57.142036438, 16.7301445007, 52.1076431274, 69.6664047241, 77.5173492432, 66.0908126831, 71.4766998291, 150.416534424, 57.7944564819, 23.8792686462], [-0.339232891798, -36.7151412964, -11.9613838196, 10.010602951, -4.46357488632, 30.0369853973, 41.8040466309, 48.1404457092, 37.3635177612, 35.104637146, 57.7944564819, 102.818092346, 39.7105064392], [-112.150863647, 56.467590332, 92.6112670898, 29.7527446747, 40.2267227173, 0.786121606827, 35.8364677429, 24.0452651978, 37.4500160217, 23.1099567413, 23.8792686462, 39.7105064392, 96.8761978149]],
        "icov": [[0.000321747036651, -0.000956235744525, 0.000599599734414, -0.00115748331882, 0.000988186453469, -0.000882897351403, 0.000644861953333, -0.000662652309984, 0.00053988856962, -0.000462980038719, 4.51819469163e-05, 9.38150988077e-05, 8.70393923833e-05], [-0.000956235744525, 0.00372226862237, -0.0019473079592, 0.00388738559559, -0.00315102026798, 0.00314035220072, -0.00239572115242, 0.00261232629418, -0.00264806277119, 0.00279415934347, -0.00159368058667, 0.000537591346074, -0.000558613042813], [0.000599599734414, -0.0019473079592, 0.00183347752318, -0.00207870313898, 0.00142252526712, -0.00159947620705, 0.000710766762495, -0.000939484685659, 0.000996253103949, -0.0011850357987, 0.00140650803223, -0.000254059414146, -0.000237587970332], [-0.00115748331882, 0.00388738559559, -0.00207870313898, 0.00608341861516, -0.00433282833546, 0.0027785866987, -0.00202196766622, 0.00125064805616, -0.00201090914197, 0.00194747897331, -0.000680485740304, 0.000643074279651, -0.0010559540242], [0.000988186453469, -0.00315102026798, 0.00142252526712, -0.00433282833546, 0.00636557675898, -0.00390588794835, 0.00166337494738, -0.000791116966866, -0.000448740378488, -0.00057020096574, -9.70111432252e-05, 0.00105853169225, -0.000179508671863], [-0.000882897351403, 0.00314035220072, -0.00159947620705, 0.0027785866987, -0.00390588794835, 0.00948869902641, -0.00446820491925, 0.001480612671, -0.00146240729373, -0.00176856166217, 0.000334297015797, -0.000963194936048, 0.00195303524379], [0.000644861953333, -0.00239572115242, 0.000710766762495, -0.00202196766622, 0.00166337494738, -0.00446820491925, 0.00740304868668, -0.00399153260514, 0.0020678488072, -0.000402441015467, -0.00136120396201, 9.33340852498e-05, -0.000723883509636], [-0.000662652309984, 0.00261232629418, -0.000939484685659, 0.00125064805616, -0.000791116966866, 0.001480612671, -0.00399153260514, 0.0118605773896, -0.00577107537538, 0.00223459559493, -0.00197569746524, -0.00114817661233, -0.000271088210866], [0.00053988856962, -0.00264806277119, 0.000996253103949, -0.00201090914197, -0.000448740378488, -0.00146240729373, 0.0020678488072, -0.00577107537538, 0.0123504595831, -0.00497484020889, 0.000240521127125, -0.00109525665175, -0.000498561421409], [-0.000462980038719, 0.00279415934347, -0.0011850357987, 0.00194747897331, -0.00057020096574, -0.00176856166217, -0.000402441015467, 0.00223459559493, -0.00497484020889, 0.0134949246421, -0.00559367099777, 0.00152060622349, -0.00232513830997], [4.51819469163e-05, -0.00159368058667, 0.00140650803223, -0.000680485740304, -9.70111432252e-05, 0.000334297015797, -0.00136120396201, -0.00197569746524, 0.000240521127125, -0.00559367099777, 0.0151491742581, -0.00597783690318, 0.000834741280414], [9.38150988077e-05, 0.000537591346074, -0.000254059414146, 0.000643074279651, 0.00105853169225, -0.000963194936048, 9.33340852498e-05, -0.00114817661233, -0.00109525665175, 0.00152060622349, -0.00597783690318, 0.0159573480487, -0.00534756667912], [8.70393923833e-05, -0.000558613042813, -0.000237587970332, -0.0010559540242, -0.000179508671863, 0.00195303524379, -0.000723883509636, -0.000271088210866, -0.000498561421409, -0.00232513830997, 0.000834741280414, -0.00534756667912, 0.0144276721403]]
    },
    "melbands": {
        "dmean": [0.00094573275419, 0.000536001869477, 0.000277655839454, 0.000176077723154, 0.000124477024656, 0.000107025880425, 0.000123934398289, 0.000116815441288, 4.78702640976e-05, 1.14631366159e-05, 1.21923094412e-05, 1.0974743418e-05, 1.04368882603e-05, 8.38052437757e-06, 1.12323532448e-05, 1.09011525637e-05, 6.32848832538e-06, 2.68944518211e-06, 1.28555166157e-06, 1.0955069456e-06, 1.26943962186e-06, 1.92688958123e-06, 2.58374325313e-06, 1.5167448737e-06, 1.90571211078e-06, 2.28232670452e-06, 2.09404265661e-06, 1.8851628738e-06, 1.74370586592e-06, 1.78733637313e-06, 1.42328406127e-06, 1.43003785524e-06, 1.2336652162e-06, 6.66335893129e-07, 3.19630686363e-07, 3.63332674169e-07, 5.95238020651e-07, 5.10209019922e-07, 3.72623645717e-07, 1.93626618739e-07],
        "dmean2": [0.00161094346549, 0.000917814730201, 0.000420058146119, 0.00025581594673, 0.000175509339897, 0.00014578383707, 0.000167741804034, 0.000155126355821, 5.93385084358e-05, 1.51593167175e-05, 1.54481240315e-05, 1.42078961289e-05, 1.46321763168e-05, 1.20784079627e-05, 1.61231655511e-05, 1.4490520698e-05, 8.3682980403e-06, 3.88163334719e-06, 2.0839379431e-06, 1.50787923303e-06, 1.83268150522e-06, 2.74606736639e-06, 4.06476920034e-06, 2.36094729189e-06, 2.7681917345e-06, 3.2901373288e-06, 3.12641532219e-06, 2.96111079479e-06, 2.62458570432e-06, 2.63181482296e-06, 2.08123969969e-06, 2.11108181247e-06, 1.80671509042e-06, 9.85622932603e-07, 4.37981697132e-07, 5.02765374222e-07, 7.98690109605e-07, 7.31205602733e-07, 5.12694271038e-07, 2.76168947266e-07],
        "dvar": [9.24156302062e-06, 4.25055532105e-06, 4.71467728858e-07, 4.30406686291e-07, 3.88400991369e-07, 2.94028296821e-07, 4.78230958834e-07, 4.80377138956e-07, 9.1763794785e-08, 5.62841195872e-09, 6.35139496552e-09, 8.13910983055e-09, 5.3651074694e-09, 3.24867444057e-09, 8.80412986959e-09, 7.84727305359e-09, 3.29460569937e-09, 4.66013616585e-10, 1.93282140293e-10, 8.84469789075e-11, 9.78355660375e-11, 2.06540964887e-10, 4.05247529978e-10, 1.68272951129e-10, 7.8003153936e-10, 3.28773064329e-10, 3.15745790624e-10, 2.2410297229e-10, 1.78803388762e-10, 1.73095524025e-10, 9.38650129845e-11, 1.27853408416e-10, 9.09302425023e-11, 2.57425556566e-11, 5.80433878045e-12, 7.22532710745e-12, 2.23769076185e-11, 1.75813617137e-11, 8.51573065536e-12, 2.29605158671e-12],
        "dvar2": [2.89135296043e-05, 1.21482116811e-05, 1.15168973025e-06, 1.00662907698e-06, 7.32591388442e-07, 5.05357320435e-07, 8.71903580446e-07, 8.87807118488e-07, 1.4941433335e-07, 9.64796154079e-09, 1.13789813128e-08, 1.38756410806e-08, 1.02119717127e-08, 7.16389214617e-09, 1.76710841515e-08, 1.38356606172e-08, 5.19076337469e-09, 8.55010950929e-10, 4.41347902669e-10, 1.69393027383e-10, 1.99355212893e-10, 4.23709539676e-10, 9.23538412412e-10, 4.32159030783e-10, 1.87574755728e-09, 6.6244193464e-10, 7.59358853575e-10, 5.56449497591e-10, 3.97319038781e-10, 3.71080222106e-10, 2.02656141868e-10, 2.97345870148e-10, 1.76383102568e-10, 5.34970644173e-11, 1.07624473569e-11, 1.42331970862e-11, 4.36488067912e-11, 3.38386887955e-11, 1.64874693759e-11, 4.46921362765e-12],
        "max": [0.0888391062617, 0.0653534680605, 0.0143309980631, 0.0213572550565, 0.0210920516402, 0.0220750402659, 0.0258285868913, 0.0190373137593, 0.0107824169099, 0.00351588078775, 0.00340742291883, 0.00621876260266, 0.00356040545739, 0.00223135133274, 0.00396362924948, 0.00372934155166, 0.00311168353073, 0.00101656722836, 0.00079351774184, 0.000463495234726, 0.000608449510764, 0.000826246337965, 0.000824045564514, 0.000544169917703, 0.00161562254652, 0.000843903806526, 0.000817426422145, 0.000546792522073, 0.000639559526462, 0.000543183647096, 0.000352082919562, 0.000556960352696, 0.0005071068299, 0.000231196681852, 0.000152569002239, 0.000120147320558, 0.00023390307615, 0.000193948741071, 0.00010752149683, 5.79477164138e-05],
        "mean": [0.00204048259184, 0.000987013569102, 0.000846883107442, 0.000377010321245, 0.000236201231019, 0.000214428306208, 0.000240738081629, 0.000263284775428, 9.65688013821e-05, 2.25666462939e-05, 2.36492105614e-05, 1.8505314074e-05, 1.61888056027e-05, 1.36546113936e-05, 1.75406348717e-05, 1.78331738425e-05, 9.10437483981e-06, 3.65464507013e-06, 1.75466902874e-06, 1.5915319409e-06, 2.13797943616e-06, 3.03650449496e-06, 3.94300968765e-06, 2.21329855776e-06, 2.6143723062e-06, 3.31455794367e-06, 2.90905541078e-06, 2.56057933257e-06, 2.53998473454e-06, 2.66268375526e-06, 2.18696959564e-06, 2.18289028453e-06, 1.8913964368e-06, 1.01935063412e-06, 5.51114624159e-07, 6.18766591742e-07, 1.03132458662e-06, 8.76257388427e-07, 5.84169413287e-07, 2.94121662137e-07],
        "median": [0.000231874466408, 0.000303833716316, 0.000339780701324, 5.31614859938e-05, 1.33530311359e-05, 1.9662300474e-05, 4.71053681395e-06, 7.1734177709e-07, 3.61374219437e-07, 4.38547886006e-07, 3.67264050283e-07, 6.71091129334e-08, 7.19424946283e-08, 1.36804558792e-07, 1.5198235559e-08, 1.79514181298e-08, 1.35797204592e-08, 4.59764182281e-09, 1.28685204714e-08, 5.87201576252e-09, 6.60678978193e-09, 3.86805742991e-09, 2.47236808804e-09, 2.60095212035e-09, 2.49812193154e-09, 2.14505790908e-09, 3.36782890464e-09, 1.86170356908e-09, 1.41645384311e-09, 9.03967789512e-10, 1.13297704551e-09, 1.34856703582e-09, 8.65310489928e-10, 5.62701940598e-10, 5.03383723593e-10, 4.20119661282e-10, 2.92998431073e-10, 2.81912104771e-10, 2.46196257825e-10, 2.03844691127e-10],
        "min": [9.23936670553e-25, 1.0247021141e-24, 1.85429092179e-24, 1.46107797738e-24, 1.18288795409e-24, 1.29320729206e-24, 1.93837008365e-24, 2.45785273911e-24, 2.51354986889e-24, 2.23747951485e-24, 2.16138776687e-24, 2.8732668918e-24, 2.54370841573e-24, 3.51683066233e-24, 4.00637210213e-24, 2.2997145266e-24, 3.01893696048e-24, 3.0013234714e-24, 3.1585562688e-24, 3.34204472371e-24, 3.4275477795e-24, 3.8438738554e-24, 3.67741316035e-24, 4.01404180228e-24, 4.63419612545e-24, 5.75183966204e-24, 2.69301394989e-24, 4.38800999187e-24, 5.3691837473e-24, 5.15856656308e-24, 5.46649407869e-24, 5.60327033231e-24, 6.61858559329e-24, 6.24969135705e-24, 5.72235283026e-24, 5.58616940561e-24, 6.82057579466e-24, 5.60054876219e-24, 5.98076157471e-24, 5.85756713929e-24],
        "var": [2.8381955417e-05, 6.28856923868e-06, 1.50972880419e-06, 1.0173271221e-06, 9.97516622192e-07, 9.96692506305e-07, 1.48424203417e-06, 2.03982654057e-06, 3.31326305059e-07, 1.84138908566e-08, 2.08781134603e-08, 2.13024531348e-08, 1.09135687154e-08, 7.57634310844e-09, 2.01565484304e-08, 2.11626716151e-08, 7.3679138346e-09, 9.33727428709e-10, 3.04615832558e-10, 1.77702186299e-10, 2.5701851758e-10, 5.40682276728e-10, 9.37847244309e-10, 2.73469968892e-10, 9.05105213e-10, 5.7492505201e-10, 4.04425465339e-10, 3.68281849461e-10, 3.66690650067e-10, 3.78446052274e-10, 2.31805977191e-10, 2.68959521321e-10, 2.56883125882e-10, 6.78614317517e-11, 2.26470387582e-11, 2.31227086089e-11, 7.90543047691e-11, 4.94626908876e-11, 2.25235004259e-11, 5.30645579561e-12]
    },
    "mfcc": {
        "mean": [-904.190917969, 152.038818359, 67.9811706543, 44.8859558105, 13.1711702347, 7.86647796631, 3.15627098083, 2.39926338196, -4.03167629242, -5.2214846611, -3.17584991455, -2.94292473793, -1.60309612751],
        "cov": [[18700.4785156, 443.103973389, -2720.56835938, 228.764678955, -751.312438965, 6.38043498993, -43.8175506592, 383.532043457, -303.997619629, 124.754669189, 800.647521973, 530.164306641, 149.189575195], [443.103973389, 2800.49023438, 572.57043457, 12.6713581085, 97.846244812, -18.6714801788, -0.206699565053, 155.88444519, -26.8443717957, -67.4779891968, -18.6000537872, -53.3911399841, 42.0396614075], [-2720.56835938, 572.57043457, 1394.56237793, 326.040222168, 228.447784424, 83.9747695923, 95.3426513672, -13.6603937149, 141.642364502, 13.4717035294, -169.952026367, -91.1674880981, -6.6037530899], [228.764678955, 12.6713581085, 326.040222168, 532.811218262, 273.096099854, 120.340774536, 78.7159576416, 53.6800537109, 116.896774292, 64.4980010986, 15.6240921021, 44.1931724548, 31.2306289673], [-751.312438965, 97.846244812, 228.447784424, 273.096099854, 424.270935059, 170.403045654, 56.7037696838, 26.4703598022, 107.79875946, 70.8034362793, 23.2101821899, 39.7926483154, 26.7770290375], [6.38043498993, -18.6714801788, 83.9747695923, 120.340774536, 170.403045654, 283.41418457, 160.716018677, 68.1532669067, 97.2142028809, 88.5921936035, 92.1972198486, 76.1551361084, 25.570476532], [-43.8175506592, -0.206699565053, 95.3426513672, 78.7159576416, 56.7037696838, 160.716018677, 221.859893799, 101.382255554, 78.7617645264, 74.3938064575, 58.6108207703, 56.4881439209, 45.3602180481], [383.532043457, 155.88444519, -13.6603937149, 53.6800537109, 26.4703598022, 68.1532669067, 101.382255554, 195.450302124, 84.8809661865, 57.7221794128, 86.125, 70.6872253418, 58.3624763489], [-303.997619629, -26.8443717957, 141.642364502, 116.896774292, 107.79875946, 97.2142028809, 78.7617645264, 84.8809661865, 169.549819946, 96.2351150513, 44.0661430359, 50.0983428955, 50.7198371887], [124.754669189, -67.4779891968, 13.4717035294, 64.4980010986, 70.8034362793, 88.5921936035, 74.3938064575, 57.7221794128, 96.2351150513, 144.909835815, 98.796546936, 65.4692001343, 41.7457084656], [800.647521973, -18.6000537872, -169.952026367, 15.6240921021, 23.2101821899, 92.1972198486, 58.6108207703, 86.125, 44.0661430359, 98.796546936, 206.429016113, 123.221572876, 37.4921760559], [530.164306641, -53.3911399841, -91.1674880981, 44.1931724548, 39.7926483154, 76.1551361084, 56.4881439209, 70.6872253418, 50.0983428955, 65.4692001343, 123.221572876, 142.087661743, 64.1358566284], [149.189575195, 42.0396614075, -6.6037530899, 31.2306289673, 26.7770290375, 25.570476532, 45.3602180481, 58.3624763489, 50.7198371887, 41.7457084656, 37.4921760559, 64.1358566284, 105.10181427]],
