{
"lowlevel": {
    "average_loudness": 0.845158338547,
    "barkbands_crest": {
        "dmean": 2.43216705322,
        "dmean2": 3.9677233696,
        "dvar": 4.19039726257,
        "dvar2": 11.5184755325,
        "max": 26.5519008636,
        "mean": 11.2480554581,
        "median": 10.5036449432,
        "min": 3.18491840363,
        "var": 15.2531070709
    },
    "barkbands_flatness_db": {
        "dmean": 0.0177594292909,
        "dmean2": 0.0283621083945,
        "dvar": 0.000249962467933,
        "dvar2": 0.000661210215185,
        "max": 0.455805748701,
        "mean": 0.2734991014,
        "median": 0.275650590658,
        "min": 0.032207287848,
        "var": 0.00168095447589
    },
    "barkbands_kurtosis": {
        "dmean": 2.15271806717,
        "dmean2": 3.45187473297,
        "dvar": 9.85823059082,
        "dvar2": 23.7271366119,
        "max": 186.548370361,
        "mean": 3.74502158165,
        "median": 2.40190839767,
        "min": -1.87005531788,
        "var": 29.0402317047
    },
    "barkbands_skewness": {
        "dmean": 0.456781238317,
        "dmean2": 0.718961656094,
        "dvar": 0.166396200657,
        "dvar2": 0.424889415503,
        "max": 11.9441156387,
        "mean": 1.27183067799,
        "median": 1.1638225317,
        "min": -2.36191916466,
        "var": 0.771471500397
    },
    "barkbands_spread": {
        "dmean": 1.4151982069,
        "dmean2": 2.2525575161,
        "dvar": 3.48530364037,
        "dvar2": 8.62431049347,
        "max": 109.660606384,
        "mean": 6.41291666031,
        "median": 5.70841741562,
        "min": 0.279870003462,
        "var": 26.9668750763
    },
    "dissonance": {
        "dmean": 0.0384508818388,
        "dmean2": 0.0653250291944,
        "dvar": 0.00108591874596,
        "dvar2": 0.00310458871536,
        "max": 0.5,
        "mean": 0.422955334187,
        "median": 0.430841207504,
        "min": 0.19944421947,
        "var": 0.00236533908173
    },
    "dynamic_complexity": 3.06697034836,
    "erbbands_crest": {
        "dmean": 3.40771889687,
        "dmean2": 5.55995845795,
        "dvar": 9.32055568695,
        "dvar2": 24.1767864227,
        "max": 31.0943183899,
        "mean": 11.7144117355,
        "median": 10.7885112762,
        "min": 2.32379317284,
        "var": 20.3617649078
    },
    "erbbands_flatness_db": {
        "dmean": 0.0177632924169,
        "dmean2": 0.0282627027482,
        "dvar": 0.000258501939243,
        "dvar2": 0.000668357359245,
        "max": 0.472453027964,
        "mean": 0.302012175322,
        "median": 0.305026203394,
        "min": 0.0359581001103,
        "var": 0.00175172288436
    },
    "erbbands_kurtosis": {
        "dmean": 1.30816316605,
        "dmean2": 2.09343409538,
        "dvar": 2.37372016907,
        "dvar2": 5.78665065765,
        "max": 49.5412063599,
        "mean": 1.56305885315,
        "median": 0.961106061935,
        "min": -1.89395987988,
        "var": 5.62822008133
    },
    "erbbands_skewness": {
        "dmean": 0.357411772013,
        "dmean2": 0.568175911903,
        "dvar": 0.0931828469038,
        "dvar2": 0.239253208041,
        "max": 5.08249950409,
        "mean": 0.610615491867,
        "median": 0.587395131588,
        "min": -4.19903326035,
        "var": 0.506635427475
    },
    "erbbands_spread": {
        "dmean": 3.22790598869,
        "dmean2": 5.08384227753,
        "dvar": 10.0172119141,
        "dvar2": 25.2828636169,
        "max": 77.1732635498,
        "mean": 13.9751176834,
        "median": 12.8240242004,
        "min": 1.53505420685,
        "var": 47.2840957642
    },
    "hfc": {
        "dmean": 3.23193311691,
        "dmean2": 5.10455036163,
        "dvar": 11.6985969543,
        "dvar2": 29.1385707855,
        "max": 63.1487617493,
        "mean": 12.932226181,
        "median": 12.0771570206,
        "min": 1.22736424016e-16,
        "var": 61.9975204468
    },
    "melbands_crest": {
        "dmean": 2.77535963058,
        "dmean2": 4.50236606598,
        "dvar": 5.67544841766,
        "dvar2": 15.1898546219,
        "max": 34.7343025208,
        "mean": 13.7041330338,
        "median": 12.796204567,
        "min": 2.62189006805,
        "var": 22.0754432678
    },
    "melbands_flatness_db": {
        "dmean": 0.0191144309938,
        "dmean2": 0.0301085598767,
        "dvar": 0.000327529385686,
        "dvar2": 0.000842787907459,
        "max": 0.563211023808,
        "mean": 0.363331764936,
        "median": 0.366398721933,
        "min": 0.00770074408501,
        "var": 0.00247062509879
    },
    "melbands_kurtosis": {
        "dmean": 2.77555680275,
        "dmean2": 4.40176582336,
        "dvar": 15.1175985336,
        "dvar2": 36.7180900574,
        "max": 143.942825317,
        "mean": 5.0827960968,
        "median": 3.14811468124,
        "min": -1.9200271368,
        "var": 51.1134719849
    },
    "melbands_skewness": {
        "dmean": 0.504175126553,
        "dmean2": 0.787709414959,
        "dvar": 0.197895690799,
        "dvar2": 0.49595746398,
        "max": 9.79457569122,
        "mean": 1.50415432453,
        "median": 1.36505401134,
        "min": -1.44264638424,
        "var": 1.01968860626
    },
    "melbands_spread": {
        "dmean": 2.04202866554,
        "dmean2": 3.26861214638,
        "dvar": 5.34882354736,
        "dvar2": 12.212387085,
        "max": 128.905517578,
        "mean": 8.81588554382,
        "median": 8.01823139191,
        "min": 0.462752193213,
        "var": 29.4724063873
    },
    "pitch_salience": {
        "dmean": 0.0658445209265,
        "dmean2": 0.106846019626,
        "dvar": 0.00296253687702,
        "dvar2": 0.00773118296638,
        "max": 0.844056904316,
        "mean": 0.558178544044,
        "median": 0.569068551064,
        "min": 0.0804922878742,
        "var": 0.0123342471197
    },
    "silence_rate_20dB": {
        "dmean": 0,
        "dmean2": 0,
        "dvar": 0,
        "dvar2": 0,
        "max": 1,
        "mean": 1,
        "median": 1,
        "min": 1,
        "var": 0
    },
    "silence_rate_30dB": {
        "dmean": 0.00517397513613,
        "dmean2": 0.0103486189619,
        "dvar": 0.00514804571867,
        "dvar2": 0.0126990620047,
        "max": 1,
        "mean": 0.99450302124,
        "median": 1,
        "min": 0,
        "var": 0.00546706095338
    },
    "silence_rate_60dB": {
        "dmean": 0.00530332420021,
        "dmean2": 0.0106073347852,
        "dvar": 0.00527585344389,
        "dvar2": 0.0123029202223,
        "max": 1,
        "mean": 0.0501843094826,
        "median": 0,
        "min": 0,
        "var": 0.0476611070335
    },
    "spectral_centroid": {
        "dmean": 55.6400680542,
        "dmean2": 87.428024292,
        "dvar": 9593.93164062,
        "dvar2": 15644.3125,
        "max": 11053.0761719,
        "mean": 515.428344727,
        "median": 480.687896729,
        "min": 218.340255737,
        "var": 48222.7226562
    },
    "spectral_complexity": {
        "dmean": 1.63187170029,
        "dmean2": 2.76696205139,
        "dvar": 2.1061103344,
        "dvar2": 5.69052171707,
        "max": 37,
        "mean": 13.230679512,
        "median": 14,
        "min": 0,
        "var": 16.0114250183
    },
    "spectral_decrease": {
        "dmean": 2.08824202375e-09,
        "dmean2": 3.22428950206e-09,
        "dvar": 4.8981686088e-18,
        "dvar2": 1.14979527896e-17,
        "max": 1.73348452433e-28,
        "mean": -8.37292191136e-09,
        "median": -7.25767224097e-09,
        "min": -3.50074529365e-08,
        "var": 3.29656289521e-17
    },
    "spectral_energy": {
        "dmean": 0.00813767313957,
        "dmean2": 0.0125748580322,
        "dvar": 7.37054288038e-05,
        "dvar2": 0.000173358115717,
        "max": 0.13439078629,
        "mean": 0.0327741280198,
        "median": 0.0285764932632,
        "min": 1.04783168719e-20,
        "var": 0.000496551336255
    },
    "spectral_energyband_high": {
        "dmean": 6.82925019646e-06,
        "dmean2": 1.17510753626e-05,
        "dvar": 2.65408828248e-09,
        "dvar2": 7.66180541234e-09,
        "max": 0.00227602547966,
        "mean": 1.21388056868e-05,
        "median": 3.82831603929e-06,
        "min": 7.4417723861e-21,
        "var": 1.91403537464e-09
    },
    "spectral_energyband_low": {
        "dmean": 0.00359263457358,
        "dmean2": 0.00533592142165,
        "dvar": 4.39024188381e-05,
        "dvar2": 9.32012917474e-05,
        "max": 0.113304421306,
        "mean": 0.00884785689414,
        "median": 0.00308556575328,
        "min": 3.33033155922e-23,
        "var": 0.000195420740056
    },
    "spectral_energyband_middle_high": {
        "dmean": 0.00130206497852,
        "dmean2": 0.00208994699642,
        "dvar": 4.54143446404e-06,
        "dvar2": 1.18534408102e-05,
        "max": 0.0323162637651,
        "mean": 0.00321097509004,
        "median": 0.00216615526006,
        "min": 1.47388166397e-21,
        "var": 1.09029324449e-05
    },
    "spectral_energyband_middle_low": {
        "dmean": 0.00659893453121,
        "dmean2": 0.0104427300394,
        "dvar": 4.75190681755e-05,
        "dvar2": 0.000120224889542,
        "max": 0.122369468212,
        "mean": 0.0227459315211,
        "median": 0.0195883102715,
        "min": 3.64130191645e-22,
        "var": 0.000273038807791
    },
    "spectral_entropy": {
        "dmean": 0.139775037766,
        "dmean2": 0.2257835567,
        "dvar": 0.0173487905413,
        "dvar2": 0.0452048480511,
        "max": 9.80023956299,
        "mean": 6.30967712402,
        "median": 6.30856800079,
        "min": 4.47301626205,
        "var": 0.110560044646
    },
    "spectral_flux": {
        "dmean": 0.0182456988841,
        "dmean2": 0.0308978408575,
        "dvar": 0.000318380160024,
        "dvar2": 0.000852853001561,
        "max": 0.2940556705,
        "mean": 0.0721742734313,
        "median": 0.0714656487107,
        "min": 1.02363652277e-10,
        "var": 0.00104781833943
    },
    "spectral_kurtosis": {
        "dmean": 14.3659982681,
        "dmean2": 25.2599983215,
        "dvar": 147.762985229,
        "dvar2": 439.812347412,
        "max": 141.168930054,
        "mean": 33.1297912598,
        "median": 29.5010032654,
        "min": -1.13441681862,
        "var": 369.613342285
    },
    "spectral_rms": {
        "dmean": 0.00068657513475,
        "dmean2": 0.00106037931982,
        "dvar": 3.92463164189e-07,
        "dvar2": 9.35551724979e-07,
        "max": 0.0114504564553,
        "mean": 0.00528122438118,
        "median": 0.00528010446578,
        "min": 3.1973033162e-12,
        "var": 4.08360619986e-06
    },
    "spectral_rolloff": {
        "dmean": 113.720558167,
        "dmean2": 195.833740234,
        "dvar": 81743.578125,
        "dvar2": 188704.46875,
        "max": 19724.4140625,
        "mean": 688.766784668,
        "median": 624.462890625,
        "min": 64.599609375,
        "var": 541238.625
    },
    "spectral_skewness": {
        "dmean": 0.884188711643,
        "dmean2": 1.55681371689,
        "dvar": 0.510909080505,
        "dvar2": 1.53872156143,
        "max": 9.32154750824,
        "mean": 3.87314534187,
        "median": 3.73160719872,
        "min": -0.0159534346312,
        "var": 1.38254404068
    },
    "spectral_spread": {
        "dmean": 242635.21875,
        "dmean2": 419590.875,
        "dvar": 106186194944,
        "dvar2": 195105374208,
        "max": 38317576,
        "mean": 1538589.875,
        "median": 1398598.75,
        "min": 553215.1875,
        "var": 582164611072
    },
    "spectral_strongpeak": {
        "dmean": 0.484692454338,
        "dmean2": 0.822059333324,
        "dvar": 0.375777214766,
        "dvar2": 0.980210125446,
        "max": 6.42917823792,
        "mean": 1.07795965672,
        "median": 0.836884558201,
        "min": 0,
        "var": 0.650728166103
    },
    "zerocrossingrate": {
        "dmean": 0.00257707154378,
        "dmean2": 0.00343549647368,
        "dvar": 1.25510478028e-05,
        "dvar2": 1.66131230799e-05,
        "max": 0.50390625,
        "mean": 0.0253494475037,
        "median": 0.02294921875,
        "min": 0.005859375,
        "var": 0.000395140232285
    },
    "barkbands": {
        "dmean": [2.07107332244e-05, 0.000370785157429, 0.00256246700883, 0.00159276917111, 0.0021368782036, 0.00259707705118, 0.00180507730693, 0.00155642372556, 0.00151088868733, 0.000989204505458, 0.00052002677694, 0.0001388132805, 0.000154009714606, 7.75309090386e-05, 4.59287803096e-05, 3.31873561663e-05, 1.52808825078e-05, 8.91329545993e-06, 8.18086846266e-06, 4.95231506648e-06, 3.47972263626e-06, 1.56595581302e-06, 3.50740464228e-07, 2.37969061345e-07, 8.17819625354e-08, 8.020649922e-09, 8.60892512833e-09],
        "dmean2": [3.60827107215e-05, 0.000616975245066, 0.0037408368662, 0.00249180500396, 0.00335076986812, 0.00436203833669, 0.00281463353895, 0.00250040786341, 0.0024241139181, 0.00159305753186, 0.000847027113196, 0.000221938316827, 0.000234916020418, 0.000125545979245, 7.40208852221e-05, 5.34101163794e-05, 2.51451820077e-05, 1.45103367686e-05, 1.37821098178e-05, 8.77975799085e-06, 5.88520788369e-06, 2.7089517971e-06, 5.75406716052e-07, 3.67408460988e-07, 1.32346173132e-07, 1.35799504974e-08, 1.47558205654e-08],
        "dvar": [7.46599404522e-09, 7.30402916815e-07, 2.54829938058e-05, 9.04864737095e-06, 1.17677518574e-05, 1.53793898789e-05, 1.26872682813e-05, 9.34350555326e-06, 5.879317996e-06, 3.53455038749e-06, 1.4608682477e-06, 5.95809943604e-08, 8.20370331667e-08, 1.98701926024e-08, 6.13784001402e-09, 4.64964688973e-09, 1.29646349212e-09, 7.42898742523e-10, 1.25772570136e-09, 1.70633496221e-09, 4.89792373326e-10, 7.99592406175e-11, 3.30882825479e-12, 2.02605163549e-12, 8.03960197027e-13, 1.46903761603e-15, 2.37260334213e-16],
        "dvar2": [1.975060826e-08, 1.9159472231e-06, 5.27607808181e-05, 2.14038664126e-05, 2.82188502752e-05, 4.91765058541e-05, 2.79800588032e-05, 2.38606426137e-05, 1.51784888658e-05, 9.26175744098e-06, 3.71813939637e-06, 1.48126972022e-07, 1.69470794731e-07, 5.32650510365e-08, 1.60957309703e-08, 1.19283001254e-08, 3.48934992012e-09, 1.97531702106e-09, 3.57294416276e-09, 4.96606222811e-09, 1.39626832318e-09, 2.22553878104e-10, 9.10126488063e-12, 4.65994994328e-12, 1.63321472232e-12, 3.58548496001e-15, 6.72102750075e-16],
        "max": [0.00251770438626, 0.017464812845, 0.0981685370207, 0.0565777122974, 0.115741342306, 0.0840038657188, 0.0991432443261, 0.0482825525105, 0.0283313058317, 0.0317504294217, 0.0258085727692, 0.00533748790622, 0.00878489203751, 0.00295153493062, 0.001648028614, 0.0022142296657, 0.00123559567146, 0.000942160259001, 0.00142958690412, 0.0019197355723, 0.000847731833346, 0.000341226084856, 9.37549484661e-05, 6.21879880782e-05, 9.32473267312e-05, 1.96292171495e-06, 8.95500420484e-07],
        "mean": [2.06518143386e-05, 0.000555465230718, 0.00641107698902, 0.00281088287011, 0.00564322993159, 0.00536205992103, 0.0034266889561, 0.00261271954514, 0.00243385648355, 0.00167147116736, 0.000826686562505, 0.000254615442827, 0.000292826531222, 0.000191819053725, 0.000106934217911, 7.27643637219e-05, 3.11389630951e-05, 1.87233526958e-05, 1.49151928781e-05, 6.73997510603e-06, 5.12816086484e-06, 2.51659707828e-06, 6.70930035085e-07, 4.25279324645e-07, 1.03158740217e-07, 1.58777453407e-08, 5.40851949893e-08],
        "median": [1.92165407498e-06, 0.000162022974109, 0.00142833800055, 0.0011497118976, 0.00265747518279, 0.0033432978671, 0.00155893433839, 0.000771374092437, 0.00138391705696, 0.000624364532996, 0.000383275386412, 0.000117340190627, 0.00016424684145, 6.1848477344e-05, 4.75506058137e-05, 2.87100774585e-05, 1.6074945961e-05, 8.60891759658e-06, 5.70978045289e-06, 2.23756092055e-06, 1.37460438054e-06, 5.46831643078e-07, 2.14477125837e-07, 5.27710533049e-08, 1.20398899739e-08, 6.02862382237e-09, 5.39418323342e-08],
        "min": [6.81841194919e-24, 1.52145804187e-23, 4.08868894873e-24, 1.09395254477e-23, 8.97127268188e-23, 4.07650120551e-23, 4.29995489216e-23, 9.98226798277e-23, 7.91035447638e-23, 3.95329564716e-23, 2.48078326901e-22, 5.6762997617e-23, 1.05696367734e-22, 1.28912468444e-22, 9.42202590986e-23, 1.25331014691e-22, 1.69941300829e-22, 1.26790786019e-22, 2.40365009053e-22, 2.63275624955e-22, 3.5424560042e-22, 4.11650061859e-22, 6.00785863126e-22, 8.4306774107e-22, 1.0623214439e-21, 1.40576113929e-21, 2.89053640438e-21],
        "var": [8.71414940207e-09, 1.10149494503e-06, 0.000129671214381, 2.09843437915e-05, 0.00010343388567, 4.12890149164e-05, 3.49066613126e-05, 1.84690488823e-05, 9.01784369489e-06, 7.41064741305e-06, 2.1831704089e-06, 1.36528257144e-07, 2.01956595447e-07, 9.23461556113e-08, 2.24090523915e-08, 1.57195927386e-08, 2.74746558837e-09, 1.25572219289e-09, 1.39634792617e-09, 1.01897845717e-09, 3.94561550099e-10, 8.62424784365e-11, 4.15665505488e-12, 4.66458035392e-12, 1.26521308621e-12, 3.36586668097e-15, 2.5883773092e-16]
    },
    "erbbands": {
        "dmean": [0.00434862915426, 0.133077457547, 2.02145409584, 5.14882946014, 4.51416492462, 9.13358974457, 12.9711513519, 22.968624115, 21.1560993195, 33.883682251, 32.5585250854, 31.3187427521, 31.1988506317, 26.1670894623, 19.3453083038, 5.11293125153, 5.15627336502, 5.15323114395, 3.08170032501, 1.96090376377, 1.40117132664, 0.88718444109, 0.451127976179, 0.522961616516, 0.313082128763, 0.228530779481, 0.18919570744, 0.0994794368744, 0.0517982058227, 0.0266820732504, 0.00713951420039, 0.00373282586224, 0.00474872253835, 0.0010442052735, 0.000562638801057, 5.71915625187e-05, 1.38219465953e-05, 4.05775699619e-06, 4.3312611524e-06, 9.03363252291e-06],
        "dmean2": [0.00718079786748, 0.215531513095, 3.03701710701, 7.74289560318, 7.14467334747, 14.5590620041, 21.1915550232, 39.040599823, 33.1527099609, 53.1988945007, 52.0302047729, 50.4391822815, 50.8450698853, 42.9070701599, 31.2945022583, 8.15627670288, 7.93948030472, 8.08324432373, 4.9168214798, 3.17921614647, 2.19043254852, 1.44488954544, 0.733040332794, 0.841403961182, 0.549807071686, 0.40445792675, 0.322900205851, 0.173280239105, 0.0898376554251, 0.045365806669, 0.011633047834, 0.00608950573951, 0.00708129582927, 0.00177322386298, 0.000856590806507, 9.42646729527e-05, 2.29164888879e-05, 6.92866160534e-06, 6.79510458212e-06, 1.39706335176e-05],
        "dvar": [9.13342519198e-05, 0.0817326456308, 16.2586174011, 91.1406478882, 69.1770629883, 220.911987305, 443.541809082, 1232.39978027, 2007.32666016, 4032.92358398, 4074.02001953, 2581.50634766, 3288.71240234, 3080.94213867, 2412.80761719, 62.8048973083, 71.5553741455, 81.5609359741, 27.6652259827, 15.4197368622, 8.63694953918, 4.56066846848, 1.6348555088, 3.36681890488, 4.35240125656, 3.47375273705, 1.55394816399, 0.453022748232, 0.110120393336, 0.0227999780327, 0.00111516111065, 0.000461134797661, 0.0010697884718, 5.99284030613e-05, 6.76333802403e-05, 8.53873700635e-08, 4.26875068626e-09, 1.29214763889e-10, 2.37207510578e-11, 8.99758462181e-11],
        "dvar2": [0.000249011471169, 0.215691164136, 36.9640579224, 200.122619629, 167.109466553, 555.528564453, 1259.234375, 3907.88134766, 4409.57519531, 8844.22363281, 10612.734375, 6612.41992188, 8548.01464844, 8317.51074219, 6054.31933594, 156.573425293, 154.098068237, 197.353637695, 73.833694458, 40.9975852966, 20.1823596954, 12.6256217957, 4.4328956604, 8.75399208069, 12.6048278809, 10.1216526031, 4.47990560532, 1.29349124432, 0.310255378485, 0.0623145326972, 0.00294118444435, 0.00122491829097, 0.00215694913641, 0.000152878317749, 0.000129414227558, 1.89224678593e-07, 1.07845270492e-08, 3.41907557821e-10, 5.96416457888e-11, 2.11990258681e-10],
        "max": [0.183929011226, 5.82358217239, 70.038444519, 147.478927612, 306.080657959, 377.098571777, 437.171112061, 647.519165039, 1633.21765137, 2244.95361328, 991.571350098, 583.357788086, 1048.86230469, 831.405029297, 1136.56005859, 180.595611572, 233.639282227, 207.453582764, 94.0053405762, 78.4620513916, 127.307823181, 79.9207458496, 43.5155487061, 84.4436416626, 95.6131820679, 89.7735748291, 48.995716095, 30.5931015015, 12.7218542099, 6.064265728, 1.51856267452, 1.0079293251, 1.8888720274, 0.490986049175, 0.921567440033, 0.0210651159286, 0.00272863800637, 0.000537680345587, 0.000204283176572, 0.000150531923282],
        "mean": [0.00722817098722, 0.250893503428, 4.86144971848, 11.1822280884, 12.7594299316, 20.7213020325, 26.4351215363, 46.4609260559, 45.3122138977, 61.597530365, 57.0772781372, 50.5918655396, 54.2439002991, 44.4430885315, 32.7096443176, 10.3127765656, 10.6932001114, 11.9245033264, 8.24296569824, 4.92583703995, 3.2467353344, 1.94782805443, 1.0193707943, 1.1040148735, 0.503837406635, 0.326277494431, 0.273571223021, 0.147948578, 0.0834779664874, 0.0451338216662, 0.0149245718494, 0.00690732430667, 0.00836861226708, 0.00134227226954, 0.000796460895799, 0.000120824421174, 3.41060949722e-05, 1.7055806893e-05, 2.47257848969e-05, 3.73525144823e-05],
        "median": [0.00304546300322, 0.101585276425, 1.27887547016, 4.32133865356, 5.17748880386, 9.9844121933, 15.7803497314, 28.0557937622, 25.1330089569, 25.1613330841, 24.5292949677, 29.0984115601, 25.5928440094, 20.4118785858, 17.2167320251, 6.35300350189, 6.74558973312, 6.17060136795, 3.64757728577, 2.03547215462, 1.51264023781, 1.0225943327, 0.556002676487, 0.419970035553, 0.191262185574, 0.109074614942, 0.0744607448578, 0.0429376810789, 0.0214685462415, 0.0120037989691, 0.00515895802528, 0.00165770447347, 0.000636020849925, 0.000208970377571, 9.07729991013e-05, 4.41752308689e-05, 2.09239897231e-05, 1.54402041517e-05, 2.29833913181e-05, 3.28397109115e-05],
        "min": [3.12877128705e-22, 3.7360993693e-21, 6.20422981426e-21, 2.92238871447e-20, 5.03449876587e-20, 3.7738396463e-19, 4.35727624022e-19, 3.3921045824e-19, 6.85886635099e-19, 1.15336046875e-18, 2.24776260537e-18, 1.740260623e-18, 7.66138560756e-19, 4.50843956806e-18, 8.02008100306e-18, 3.3130577038e-18, 4.42143174815e-18, 7.39482841292e-18, 4.18148650478e-18, 4.80943487654e-18, 9.05855663128e-18, 7.83930150737e-18, 7.37806394345e-18, 7.63611947914e-18, 1.44915458962e-17, 1.26862920381e-17, 1.59742787247e-17, 1.13665774831e-17, 1.6205617981e-17, 1.62543488452e-17, 1.60391793156e-17, 1.65230468867e-17, 1.48874262655e-17, 1.25955577695e-17, 7.48407044767e-18, 4.89895029448e-18, 2.76872798619e-18, 1.16712392697e-18, 3.10201544351e-19, 5.13601256784e-20],
        "var": [0.000149963510921, 0.14614598453, 69.1364364624, 291.217132568, 656.323120117, 1144.31054688, 1058.03710938, 3415.89770508, 6045.32275391, 11549.4765625, 7214.19433594, 3883.08813477, 6528.47900391, 4570.31298828, 3460.72827148, 134.591033936, 186.445510864, 283.422668457, 123.143363953, 60.0458030701, 27.8367500305, 9.86356067657, 2.59930896759, 7.58390140533, 2.92342662811, 2.13843941689, 1.14248025417, 0.342659950256, 0.0960200801492, 0.0269367769361, 0.00188757444266, 0.000878874852788, 0.00269300374202, 6.32124356343e-05, 0.00011479229579, 2.081428363e-07, 6.76956002366e-09, 2.06269584746e-10, 1.21206891746e-10, 6.07678629638e-10]
    },
    "gfcc": {
        "mean": [-110.000938416, 204.788650513, -132.609832764, -15.6672401428, -50.7492485046, -24.6906147003, -18.8101921082, -21.218662262, -9.9469165802, -18.417755127, -11.3918504715, -13.2757520676, -6.36847019196],
        "cov": [[5752.67431641, 1442.7598877, -432.45324707, 429.014465332, 10.022228241, 131.001525879, 56.3435020447, -204.103805542, -71.0357589722, -161.68069458, -9.24290847778, -157.856811523, 48.7842216492], [1442.7598877, 1075.84118652, 87.7813034058, -98.6940841675, 252.156478882, -25.0118618011, 123.67754364, -178.833572388, -18.1611366272, -63.844783783, -29.8157482147, -59.4282150269, -84.4969787598], [-432.45324707, 87.7813034058, 401.41506958, 71.8742294312, 102.885040283, 97.4454498291, -8.91784667969, 36.8801879883, -15.1831226349, -15.1418380737, 5.99246788025, -7.34881210327, -16.0740966797], [429.014465332, -98.6940841675, 71.8742294312, 377.8800354, 30.3677539825, 75.1376953125, -6.59750509262, 38.9126014709, 12.3329210281, -19.3107776642, 28.5291061401, 22.9666690826, 57.176864624], [10.022228241, 252.156478882, 102.885040283, 30.3677539825, 286.486633301, 80.0895385742, 75.4120330811, -2.08124446869, -2.02272510529, -5.79024267197, -52.6213302612, -23.0719013214, -5.61213922501], [131.001525879, -25.0118618011, 97.4454498291, 75.1376953125, 80.0895385742, 257.558624268, 29.4557132721, 38.5315246582, -2.47487306595, -19.0474624634, -33.166973114, -54.3842086792, 17.2805728912], [56.3435020447, 123.67754364, -8.91784667969, -6.59750509262, 75.4120330811, 29.4557132721, 130.804397583, 9.91456508636, 27.6539173126, 22.0233459473, -28.3944988251, -9.58069896698, -31.5706233978], [-204.103805542, -178.833572388, 36.8801879883, 38.9126014709, -2.08124446869, 38.5315246582, 9.91456508636, 144.296310425, 20.8004646301, 30.6893501282, 3.41572642326, -0.231161594391, 22.4149570465], [-71.0357589722, -18.1611366272, -15.1831226349, 12.3329210281, -2.02272510529, -2.47487306595, 27.6539173126, 20.8004646301, 86.0375137329, 31.8036403656, 11.8166742325, 13.0396718979, -8.90501213074], [-161.68069458, -63.844783783, -15.1418380737, -19.3107776642, -5.79024267197, -19.0474624634, 22.0233459473, 30.6893501282, 31.8036403656, 92.456451416, 24.3471603394, 13.7601633072, -5.38755559921], [-9.24290847778, -29.8157482147, 5.99246788025, 28.5291061401, -52.6213302612, -33.166973114, -28.3944988251, 3.41572642326, 11.8166742325, 24.3471603394, 88.6862182617, 36.530960083, -3.35673046112], [-157.856811523, -59.4282150269, -7.34881210327, 22.9666690826, -23.0719013214, -54.3842086792, -9.58069896698, -0.231161594391, 13.0396718979, 13.7601633072, 36.530960083, 88.1647262573, 24.5076808929], [48.7842216492, -84.4969787598, -16.0740966797, 57.176864624, -5.61213922501, 17.2805728912, -31.5706233978, 22.4149570465, -8.90501213074, -5.38755559921, -3.35673046112, 24.5076808929, 98.7547454834]],
        "icov": [[0.00186160823796, -0.00478317216039, 0.00376274483278, -0.00380535097793, 0.00345961935818, -0.00252277334221, 0.00282907858491, -0.00269505218603, 0.00172367750201, -0.00139486987609, 0.00169727369212, 0.000318668608088, 1.55741327035e-05], [-0.00478317216039, 0.0144898137078, -0.0102311298251, 0.010323333554, -0.0105661358684, 0.00748244347051, -0.00946097355336, 0.00933222752064, -0.00473283603787, 0.00526940310374, -0.00646094372496, 0.00122853170615, -0.000597904261667], [0.00376274483278, -0.0102311298251, 0.0111677031964, -0.00819807872176, 0.00603747507557, -0.00648740073666, 0.00767497485504, -0.00710259797052, 0.00424696179107, -0.0029032160528, 0.00337732164189, -0.000841742556076, 0.0020437524654], [-0.00380535097793, 0.010323333554, -0.00819807872176, 0.0114093907177, -0.00779348379001, 0.00467152241617, -0.0068156211637, 0.00563749670982, -0.00436497293413, 0.00474460795522, -0.00595007743686, -0.000417668168666, -0.0021795979701], [0.00345961935818, -0.0105661358684, 0.00603747507557, -0.00779348379001, 0.0130210751668, -0.00601696409285, 0.0041465209797, -0.00588988838717, 0.00381227629259, -0.00436870101839, 0.00703414995223, -0.00100262637716, -0.000206060416531], [-0.00252277334221, 0.00748244347051, -0.00648740073666, 0.00467152241617, -0.00601696409285, 0.00990865938365, -0.00621596910059, 0.00391295179725, -0.00292605976574, 0.00359373167157, -0.0033908772748, 0.00458066817373, -0.00238319393247], [0.00282907858491, -0.00946097355336, 0.00767497485504, -0.0068156211637, 0.0041465209797, -0.00621596910059, 0.0191151406616, -0.00724499486387, 0.000586480367929, -0.00654085166752, 0.00887764897197, -0.00393172493204, 0.0057549267076], [-0.00269505218603, 0.00933222752064, -0.00710259797052, 0.00563749670982, -0.00588988838717, 0.00391295179725, -0.00724499486387, 0.0153567353263, -0.00414949702099, 0.000796477019321, -0.00429160613567, 0.00264766300097, -0.00305866613053], [0.00172367750201, -0.00473283603787, 0.00424696179107, -0.00436497293413, 0.00381227629259, -0.00292605976574, 0.000586480367929, -0.00414949702099, 0.0164993871003, -0.00521176727489, 0.00139902997762, -0.00211647246033, 0.00195173243992], [-0.00139486987609, 0.00526940310374, -0.0029032160528, 0.00474460795522, -0.00436870101839, 0.00359373167157, -0.00654085166752, 0.000796477019321, -0.00521176727489, 0.0178741086274, -0.00800350215286, 0.00161045044661, -0.00133735837881], [0.00169727369212, -0.00646094372496, 0.00337732164189, -0.00595007743686, 0.00703414995223, -0.0033908772748, 0.00887764897197, -0.00429160613567, 0.00139902997762, -0.00800350215286, 0.0225729458034, -0.00848139449954, 0.00499495398253], [0.000318668608088, 0.00122853170615, -0.000841742556076, -0.000417668168666, -0.00100262637716, 0.00458066817373, -0.00393172493204, 0.00264766300097, -0.00211647246033, 0.00161045044661, -0.00848139449954, 0.0204989332706, -0.00719628902152], [1.55741327035e-05, -0.000597904261667, 0.0020437524654, -0.0021795979701, -0.000206060416531, -0.00238319393247, 0.0057549267076, -0.00305866613053, 0.00195173243992, -0.00133735837881, 0.00499495398253, -0.00719628902152, 0.0161994472146]]
    },
    "melbands": {
        "dmean": [6.67759595672e-05, 0.000770405167714, 0.000791322265286, 0.000481887633214, 0.000426864105975, 0.000506985466927, 0.000332578754751, 0.000367916421965, 0.000246232346399, 0.000216820903006, 0.000161120362463, 0.000115776114399, 7.28437662474e-05, 2.36178912019e-05, 9.17274155654e-06, 1.52620668814e-05, 8.9281493274e-06, 5.82828852203e-06, 2.96824919133e-06, 2.38632560468e-06, 1.79808125722e-06, 9.79222591013e-07, 5.92534831867e-07, 4.52571129017e-07, 4.62952101543e-07, 2.7281961934e-07, 2.03514687769e-07, 1.51313145125e-07, 1.53174823936e-07, 6.77008955563e-08, 6.13054069731e-08, 3.48304887154e-08, 2.4784943875e-08, 1.20722507546e-08, 4.95344609774e-09, 2.20106621818e-09, 2.4057489334e-09, 4.28266400121e-09, 1.38313227538e-09, 7.79298070519e-10],
        "dmean2": [0.00011114616791, 0.00115251983516, 0.00118854816537, 0.000758944195695, 0.000691131979693, 0.000857393722981, 0.000519711931702, 0.000579330313485, 0.000392129993998, 0.000352063798346, 0.00026191707002, 0.000189102094737, 0.000117912859423, 3.80026685889e-05, 1.47961291077e-05, 2.30964196817e-05, 1.42094486364e-05, 9.29804809857e-06, 4.78024139738e-06, 3.93238951801e-06, 2.7539488201e-06, 1.61062394e-06, 9.47119531247e-07, 7.48937054595e-07, 7.41417977679e-07, 4.76459803167e-07, 3.591629536e-07, 2.69916057505e-07, 2.59486142795e-07, 1.18719562181e-07, 1.06944206379e-07, 6.0419765191e-08, 4.24637001117e-08, 2.05403818399e-08, 8.0467641439e-09, 3.66018770848e-09, 3.99463218059e-09, 6.27561824729e-09, 2.35863928388e-09, 1.31944921655e-09],
        "dvar": [2.18381313033e-08, 2.30090995501e-06, 1.84791281299e-06, 7.79207141477e-07, 4.071231956e-07, 5.76305581035e-07, 4.34794287685e-07, 4.24990531656e-07, 1.93391656467e-07, 1.43242260719e-07, 8.60309299355e-08, 6.05400316545e-08, 3.39639782965e-08, 1.48583190196e-09, 2.3211657596e-10, 9.91744353307e-10, 2.45404613297e-10, 1.07442943431e-10, 3.14791664957e-11, 2.78089669348e-11, 1.86931199686e-11, 5.37846416709e-12, 1.91772726171e-12, 2.126438782e-12, 2.44372751201e-12, 2.00149011947e-12, 2.67311563509e-12, 1.53004638039e-12, 9.24094026127e-13, 2.20150693465e-13, 1.5147990284e-13, 4.48200233438e-14, 2.40072261251e-14, 4.55938904321e-15, 4.4229492937e-16, 1.28190588277e-16, 2.61409984693e-16, 9.55380954944e-16, 1.10411604942e-16, 4.93861964327e-17],
        "dvar2": [5.76224650217e-08, 5.17171793035e-06, 4.05759647037e-06, 1.87885586911e-06, 1.13537919333e-06, 1.83519705388e-06, 9.66814582171e-07, 9.50576179548e-07, 5.01755096138e-07, 3.71121984699e-07, 2.24807962468e-07, 1.6178205442e-07, 8.5417887874e-08, 3.72817998695e-09, 5.97435434457e-10, 1.9811967622e-09, 6.30161200998e-10, 2.86578011321e-10, 8.20239987043e-11, 7.79383987903e-11, 4.176305482e-11, 1.45413932631e-11, 4.82099906871e-12, 5.83965297993e-12, 6.23753652895e-12, 5.80371774944e-12, 7.76636741029e-12, 4.47130743889e-12, 2.66536879373e-12, 6.16473885828e-13, 4.35707730746e-13, 1.27853795801e-13, 6.27631898276e-14, 1.29263216274e-14, 1.14439741592e-15, 3.37602901169e-16, 7.30635956044e-16, 1.8618050996e-15, 3.07966144787e-16, 1.12399789793e-16],
        "max": [0.00290355668403, 0.0265898108482, 0.0225685089827, 0.032635577023, 0.0121715757996, 0.013847979717, 0.0224549490958, 0.0224739089608, 0.00664616655558, 0.00440357672051, 0.0054302229546, 0.00336424005218, 0.00420253025368, 0.000803738832474, 0.000563752022572, 0.000992180895992, 0.000281101180008, 0.000198737485334, 0.000108291358629, 0.00012289735605, 0.000200151655008, 8.59978972585e-05, 4.27083432442e-05, 5.22393820575e-05, 7.80322079663e-05, 5.88630864513e-05, 8.30360877444e-05, 5.66890848859e-05, 3.63592844224e-05, 2.19177036342e-05, 1.79928429134e-05, 8.81009782461e-06, 5.61612250749e-06, 3.57651060767e-06, 7.75796536345e-07, 5.82691029649e-07, 7.91259708421e-07, 1.77230265308e-06, 7.26512041638e-07, 5.95610515575e-07],
        "mean": [0.00010063645459, 0.00187839055434, 0.00189076503739, 0.00133537594229, 0.000900902494323, 0.00104117882438, 0.000709019077476, 0.000663084676489, 0.000424478348577, 0.000331902119797, 0.000279256462818, 0.000187427023775, 0.000118004485557, 4.16920556745e-05, 1.77561123564e-05, 2.91349369945e-05, 2.04801217478e-05, 1.43040288094e-05, 7.17948296369e-06, 5.23345579495e-06, 3.71648729924e-06, 2.00613862944e-06, 1.21105063045e-06, 8.5963483798e-07, 9.16884914659e-07, 4.29673576718e-07, 2.69508603878e-07, 1.96283764353e-07, 2.08173318583e-07, 9.27671237605e-08, 8.57736068838e-08, 5.10491702244e-08, 3.75161448574e-08, 2.01820817836e-08, 9.54279144594e-09, 4.0405669921e-09, 3.9734731061e-09, 7.80236053544e-09, 1.64289892801e-09, 8.99642305097e-10],
        "median": [3.11721742037e-05, 0.000520167581271, 0.000889142276719, 0.000544340524357, 0.000576405203901, 0.000653395196423, 0.000396148883738, 0.000269389158348, 0.000197238579858, 0.000174664586666, 0.000123193327454, 7.30067113182e-05, 5.69675503357e-05, 2.07260309253e-05, 1.0568007383e-05, 1.603083183e-05, 9.82986512099e-06, 5.18280467077e-06, 2.90196589958e-06, 1.95558664018e-06, 1.50872347149e-06, 1.00695444871e-06, 6.05879961313e-07, 3.763553309e-07, 3.21199991049e-07, 1.57739748374e-07, 8.31876931784e-08, 6.03392891207e-08, 4.97442300684e-08, 2.87015886613e-08, 2.11353636814e-08, 1.23826042753e-08, 7.24043180966e-09, 5.61991475578e-09, 3.0565281417e-09, 1.17442444658e-09, 7.31522953323e-10, 4.51859327733e-10, 2.06557493332e-10, 1.19792634146e-10],
        "min": [4.2265849904e-24, 4.15422120185e-24, 4.22887781462e-24, 1.40369988361e-23, 1.75982751051e-23, 7.60740380533e-24, 1.06869534851e-23, 1.651911812e-23, 1.81745727063e-23, 1.01850896435e-23, 3.20816063138e-24, 1.57137510892e-23, 3.55174209612e-23, 6.94902838244e-24, 7.77531758217e-24, 1.19977752523e-23, 1.3857222169e-23, 5.83092415108e-24, 8.38646942469e-24, 6.6794004582e-24, 1.15657713548e-23, 8.50265049223e-24, 6.69957478699e-24, 7.05831165022e-24, 5.82800378801e-24, 9.34587811331e-24, 1.066689433e-23, 7.77661131405e-24, 1.07157611076e-23, 7.63399551758e-24, 5.89388629537e-24, 8.77383562789e-24, 8.48192159422e-24, 9.92645844031e-24, 8.91120865479e-24, 1.01138081721e-23, 9.95162231433e-24, 9.97190471706e-24, 1.13297725709e-23, 1.02490189313e-23],
        "var": [3.30237348578e-08, 1.00008564914e-05, 6.77074103805e-06, 7.78730918682e-06, 1.0351260471e-06, 1.59089336194e-06, 1.31186379804e-06, 1.20897493616e-06, 3.53676654186e-07, 1.97164965243e-07, 1.77785878464e-07, 9.35156663218e-08, 4.93143126334e-08, 3.05825986757e-09, 5.69544134077e-10, 2.30104602039e-09, 9.26040244487e-10, 4.70501748673e-10, 1.23304699784e-10, 9.19999354476e-11, 5.47600124967e-11, 1.1682588924e-11, 4.66717550024e-12, 2.96145963655e-12, 6.02059634786e-12, 1.56101737439e-12, 1.63816009369e-12, 9.39647014711e-13, 7.12098565878e-13, 1.61088129598e-13, 1.20273542102e-13, 3.80467650386e-14, 3.4638050349e-14, 4.39724067908e-15, 7.97296972537e-16, 2.42979130096e-16, 4.65644821929e-16, 2.73397925528e-15, 8.92528873561e-17, 6.49515782739e-17]
    },
    "mfcc": {
        "mean": [-748.033874512, 234.477645874, -18.5036354065, 7.06361961365, -14.7730865479, -8.05231761932, -10.1896514893, -6.33720397949, -3.61259651184, -6.92718601227, -4.8249630928, -8.52678394318, -8.02350521088],
        "cov": [[4030.31225586, 1292.60375977, -455.106781006, 362.119628906, -96.211730957, 312.334747314, 8.11390972137, 16.7760734558, 15.4579143524, -4.1076874733, -63.4629821777, -85.4579772949, -65.51171875], [1292.60375977, 1294.97143555, -28.6092815399, -52.6137504578, 92.3192825317, 89.413444519, 91.6644515991, -32.406665802, -5.64262628555, -32.5662536621, 6.50890731812, -18.8226490021, -31.9952659607], [-455.106781006, -28.6092815399, 318.476715088, 11.7377548218, 84.8283843994, 9.99515628815, 30.7284107208, 38.8238677979, -20.6615791321, -3.80104923248, 15.3147649765, 34.4226837158, 15.8809967041], [362.119628906, -52.6137504578, 11.7377548218, 274.87991333, 48.6718330383, 48.8954086304, 4.49700212479, 36.4894180298, 12.9155836105, -9.74203968048, -13.2664737701, -2.18073892593, 41.4049186707], [-96.211730957, 92.3192825317, 84.8283843994, 48.6718330383, 203.963302612, 72.1297683716, 63.6431045532, 40.6631546021, 28.0952663422, 15.8480319977, -23.5511188507, -27.0538711548, 0.337742716074], [312.334747314, 89.413444519, 9.99515628815, 48.8954086304, 72.1297683716, 205.215118408, 67.0289764404, 44.4486808777, 42.1348800659, 36.857219696, -3.82731246948, -30.8747959137, -14.910118103], [8.11390972137, 91.6644515991, 30.7284107208, 4.49700212479, 63.6431045532, 67.0289764404, 118.641487122, 32.7990531921, 35.7872276306, 27.5375080109, 10.7060527802, -2.3682539463, -12.5607185364], [16.7760734558, -32.406665802, 38.8238677979, 36.4894180298, 40.6631546021, 44.4486808777, 32.7990531921, 93.4530410767, 37.8518180847, 19.9073886871, 1.28702938557, -15.2366523743, 8.17021560669], [15.4579143524, -5.64262628555, -20.6615791321, 12.9155836105, 28.0952663422, 42.1348800659, 35.7872276306, 37.8518180847, 108.662963867, 51.2163009644, -0.605417966843, -23.0020656586, -7.39318752289], [-4.1076874733, -32.5662536621, -3.80104923248, -9.74203968048, 15.8480319977, 36.857219696, 27.5375080109, 19.9073886871, 51.2163009644, 107.882102966, 29.4994678497, -18.1251735687, -18.2487678528], [-63.4629821777, 6.50890731812, 15.3147649765, -13.2664737701, -23.5511188507, -3.82731246948, 10.7060527802, 1.28702938557, -0.605417966843, 29.4994678497, 99.3034515381, 43.6591529846, -4.7093744278], [-85.4579772949, -18.8226490021, 34.4226837158, -2.18073892593, -27.0538711548, -30.8747959137, -2.3682539463, -15.2366523743, -23.0020656586, -18.1251735687, 43.6591529846, 116.544029236, 46.6510124207], [-65.51171875, -31.9952659607, 15.8809967041, 41.4049186707, 0.337742716074, -14.910118103, -12.5607185364, 8.17021560669, -7.39318752289, -18.2487678528, -4.7093744278, 46.6510124207, 117.423995972]],
