{
"lowlevel": {
    "average_loudness": 0.833093523979,
    "barkbands_crest": {
        "dmean": 4.27125167847,
        "dmean2": 6.78134870529,
        "dvar": 11.6718912125,
        "dvar2": 28.5691280365,
        "max": 26.295747757,
        "mean": 15.1908369064,
        "median": 15.1532335281,
        "min": 2.35267901421,
        "var": 30.7424373627
    },
    "barkbands_flatness_db": {
        "dmean": 0.0407641641796,
        "dmean2": 0.0640763193369,
        "dvar": 0.00116794346832,
        "dvar2": 0.00261771096848,
        "max": 0.412775456905,
        "mean": 0.160723134875,
        "median": 0.157750636339,
        "min": 0.0256066378206,
        "var": 0.00342375226319
    },
    "barkbands_kurtosis": {
        "dmean": 14.5400896072,
        "dmean2": 23.747674942,
        "dvar": 473.450897217,
        "dvar2": 1182.97717285,
        "max": 522.320251465,
        "mean": 20.5822639465,
        "median": 12.2584848404,
        "min": -1.85191762447,
        "var": 704.31628418
    },
    "barkbands_skewness": {
        "dmean": 1.28057467937,
        "dmean2": 2.04242444038,
        "dvar": 1.53383648396,
        "dvar2": 3.68329167366,
        "max": 20.7914085388,
        "mean": 3.67348766327,
        "median": 3.29912161827,
        "min": -1.26818728447,
        "var": 3.84139943123
    },
    "barkbands_spread": {
        "dmean": 7.38716363907,
        "dmean2": 11.9687232971,
        "dvar": 94.8984680176,
        "dvar2": 216.902908325,
        "max": 98.3737564087,
        "mean": 14.7611846924,
        "median": 11.3993577957,
        "min": 0.412017613649,
        "var": 153.248443604
    },
    "dissonance": {
        "dmean": 0.0141731500626,
        "dmean2": 0.0244623254985,
        "dvar": 0.00015577209706,
        "dvar2": 0.000441885058535,
        "max": 0.500000119209,
        "mean": 0.475945651531,
        "median": 0.479618549347,
        "min": 0.191367223859,
        "var": 0.000289565447019
    },
    "dynamic_complexity": 1.99640274048,
    "erbbands_crest": {
        "dmean": 1.88861548901,
        "dmean2": 3.18151307106,
        "dvar": 3.21249103546,
        "dvar2": 8.48481845856,
        "max": 24.9960422516,
        "mean": 6.03716945648,
        "median": 5.2646651268,
        "min": 2.11896944046,
        "var": 7.73030424118
    },
    "erbbands_flatness_db": {
        "dmean": 0.0123860081658,
        "dmean2": 0.0198802184314,
        "dvar": 0.000156591209816,
        "dvar2": 0.000339490594342,
        "max": 0.254100114107,
        "mean": 0.102511540055,
        "median": 0.0975493937731,
        "min": 0.0526937022805,
        "var": 0.000722171680536
    },
    "erbbands_kurtosis": {
        "dmean": 0.508720219135,
        "dmean2": 0.822122693062,
        "dvar": 0.386782437563,
        "dvar2": 0.972492754459,
        "max": 11.2130813599,
        "mean": -0.466017603874,
        "median": -0.70849442482,
        "min": -1.73363077641,
        "var": 0.807480216026
    },
    "erbbands_skewness": {
        "dmean": 0.304993629456,
        "dmean2": 0.48245242238,
        "dvar": 0.0698799714446,
        "dvar2": 0.169579014182,
        "max": 3.01100897789,
        "mean": 0.318821251392,
        "median": 0.326101690531,
        "min": -1.95784378052,
        "var": 0.258915901184
    },
    "erbbands_spread": {
        "dmean": 10.4505662918,
        "dmean2": 16.6505832672,
        "dvar": 94.3203430176,
        "dvar2": 228.109283447,
        "max": 146.213058472,
        "mean": 59.5079231262,
        "median": 59.3325958252,
        "min": 8.10326862335,
        "var": 338.522094727
    },
    "hfc": {
        "dmean": 10.9850234985,
        "dmean2": 17.2639694214,
        "dvar": 257.838775635,
        "dvar2": 664.943115234,
        "max": 136.27406311,
        "mean": 21.1108894348,
        "median": 15.9101324081,
        "min": 1.22070159536e-10,
        "var": 309.404327393
    },
    "melbands_crest": {
        "dmean": 4.85735750198,
        "dmean2": 7.88017416,
        "dvar": 14.4337034225,
        "dvar2": 36.7819252014,
        "max": 38.0962409973,
        "mean": 19.8583221436,
        "median": 19.8071269989,
        "min": 4.06079244614,
        "var": 34.0584220886
    },
    "melbands_flatness_db": {
        "dmean": 0.0479072369635,
        "dmean2": 0.0756440758705,
        "dvar": 0.00163435947616,
        "dvar2": 0.00357494945638,
        "max": 0.511326253414,
        "mean": 0.25877982378,
        "median": 0.257779151201,
        "min": 0.0198531970382,
        "var": 0.00477287918329
    },
    "melbands_kurtosis": {
        "dmean": 30.9661464691,
        "dmean2": 50.0720443726,
        "dvar": 1349.18786621,
        "dvar2": 3295.14111328,
        "max": 1304.8684082,
        "mean": 54.6420974731,
        "median": 38.9756278992,
        "min": -1.23580753803,
        "var": 2739.24316406
    },
    "melbands_skewness": {
        "dmean": 1.56254422665,
        "dmean2": 2.48952651024,
        "dvar": 1.76109778881,
        "dvar2": 4.40546417236,
        "max": 27.4414787292,
        "mean": 5.58228206635,
        "median": 5.28119182587,
        "min": -0.13283893466,
        "var": 5.77399301529
    },
    "melbands_spread": {
        "dmean": 5.05521917343,
        "dmean2": 8.24548721313,
        "dvar": 44.2120933533,
        "dvar2": 102.108207703,
        "max": 153.398040771,
        "mean": 9.70102405548,
        "median": 7.25255441666,
        "min": 0.317332446575,
        "var": 74.7467803955
    },
    "pitch_salience": {
        "dmean": 0.125633627176,
        "dmean2": 0.197264283895,
        "dvar": 0.00922816898674,
        "dvar2": 0.0231513474137,
        "max": 0.959900915623,
        "mean": 0.454942733049,
        "median": 0.457237273455,
        "min": 0.0672877803445,
        "var": 0.0249264985323
    },
    "silence_rate_20dB": {
        "dmean": 0.000788850884419,
        "dmean2": 0.00157780549489,
        "dvar": 0.000788445526268,
        "dvar2": 0.00223283073865,
        "max": 1,
        "mean": 0.999539852142,
        "median": 1,
        "min": 0,
        "var": 0.000459779665107
    },
    "silence_rate_30dB": {
        "dmean": 0.158296078444,
        "dmean2": 0.31661298871,
        "dvar": 0.133230552077,
        "dvar2": 0.296319156885,
        "max": 1,
        "mean": 0.802537322044,
        "median": 1,
        "min": 0,
        "var": 0.158469974995
    },
    "silence_rate_60dB": {
        "dmean": 0.00262950290926,
        "dmean2": 0.00519360974431,
        "dvar": 0.00262304628268,
        "dvar2": 0.00661507342011,
        "max": 1,
        "mean": 0.0105173205957,
        "median": 0,
        "min": 0,
        "var": 0.0104067139328
    },
    "spectral_centroid": {
        "dmean": 279.324310303,
        "dmean2": 450.719421387,
        "dvar": 81056.7421875,
        "dvar2": 181506.203125,
        "max": 3893.875,
        "mean": 1002.92419434,
        "median": 913.907958984,
        "min": 177.156890869,
        "var": 190011.859375
    },
    "spectral_complexity": {
        "dmean": 5.03405189514,
        "dmean2": 7.49398469925,
        "dvar": 26.6261405945,
        "dvar2": 54.702709198,
        "max": 58,
        "mean": 19.7308216095,
        "median": 18,
        "min": 0,
        "var": 91.0737457275
    },
    "spectral_decrease": {
        "dmean": 8.922793171e-09,
        "dmean2": 1.4851526231e-08,
        "dvar": 8.28508270523e-17,
        "dvar2": 2.30063783474e-16,
        "max": -9.41170483243e-22,
        "mean": -1.84842896545e-08,
        "median": -1.59109934117e-08,
        "min": -1.12542572595e-07,
        "var": 1.61193030075e-16
    },
    "spectral_energy": {
        "dmean": 0.0340820737183,
        "dmean2": 0.0567439645529,
        "dvar": 0.00120470987167,
        "dvar2": 0.00335268490016,
        "max": 0.427646934986,
        "mean": 0.0716787427664,
        "median": 0.0621102713048,
        "min": 1.46243067433e-14,
        "var": 0.00234227837063
    },
    "spectral_energyband_high": {
        "dmean": 0.000848096678965,
        "dmean2": 0.00133500946686,
        "dvar": 2.73021373687e-06,
        "dvar2": 6.98126268617e-06,
        "max": 0.0110476417467,
        "mean": 0.00104882079177,
        "median": 0.00046235715854,
        "min": 8.526077793e-15,
        "var": 2.62224830294e-06
    },
    "spectral_energyband_low": {
        "dmean": 0.031181300059,
        "dmean2": 0.0514610894024,
        "dvar": 0.00109237083234,
        "dvar2": 0.00299569964409,
        "max": 0.421861588955,
        "mean": 0.0546273030341,
        "median": 0.0436493605375,
        "min": 3.86207583976e-17,
        "var": 0.00211907667108
    },
    "spectral_energyband_middle_high": {
        "dmean": 0.00129043543711,
        "dmean2": 0.00203586160205,
        "dvar": 3.3035278193e-06,
        "dvar2": 8.12405232864e-06,
        "max": 0.0261116120964,
        "mean": 0.00315565452911,
        "median": 0.00227430206724,
        "min": 4.03593962246e-15,
        "var": 7.90343165136e-06
    },
    "spectral_energyband_middle_low": {
        "dmean": 0.00976509135216,
        "dmean2": 0.0163910891861,
        "dvar": 0.000236827501794,
        "dvar2": 0.000612009898759,
        "max": 0.16241723299,
        "mean": 0.01507358253,
        "median": 0.0103187784553,
        "min": 1.4845148138e-15,
        "var": 0.000245846546022
    },
    "spectral_entropy": {
        "dmean": 0.186746582389,
        "dmean2": 0.301667243242,
        "dvar": 0.0371784903109,
        "dvar2": 0.0794167667627,
        "max": 9.02360534668,
        "mean": 7.78541946411,
        "median": 7.78489351273,
        "min": 6.38920974731,
        "var": 0.0789346694946
    },
    "spectral_flux": {
        "dmean": 0.0487563088536,
        "dmean2": 0.078180141747,
        "dvar": 0.00191759318113,
        "dvar2": 0.00470962328836,
        "max": 0.517894864082,
        "mean": 0.144073352218,
        "median": 0.13625587523,
        "min": 7.17241418897e-05,
        "var": 0.00376785942353
    },
    "spectral_kurtosis": {
        "dmean": 1.06540620327,
        "dmean2": 1.74458801746,
        "dvar": 1.55698847771,
        "dvar2": 3.96533584595,
        "max": 22.5109939575,
        "mean": 3.33212995529,
        "median": 3.06853866577,
        "min": -0.459892988205,
        "var": 3.13536524773
    },
    "spectral_rms": {
        "dmean": 0.00194814964198,
        "dmean2": 0.00322548602708,
        "dvar": 2.75238653558e-06,
        "dvar2": 7.61206138122e-06,
        "max": 0.0204258784652,
        "mean": 0.00788785330951,
        "median": 0.00778430374339,
        "min": 3.77725006828e-09,
        "var": 7.71208397055e-06
    },
    "spectral_rolloff": {
        "dmean": 371.170196533,
        "dmean2": 641.000549316,
        "dvar": 757722.9375,
        "dvar2": 1925253.75,
        "max": 16795.8984375,
        "mean": 498.142456055,
        "median": 236.865234375,
        "min": 43.06640625,
        "var": 723712
    },
    "spectral_skewness": {
        "dmean": 0.190375387669,
        "dmean2": 0.301558047533,
        "dvar": 0.0405423380435,
        "dvar2": 0.0972565189004,
        "max": 3.87698459625,
        "mean": 1.46225619316,
        "median": 1.43923485279,
        "min": 0.344770401716,
        "var": 0.0927314534783
    },
    "spectral_spread": {
        "dmean": 643144.4375,
        "dmean2": 969277.25,
        "dvar": 758144761856,
        "dvar2": 1.58051519693e+12,
        "max": 17666226,
        "mean": 5443824.5,
        "median": 5247894.5,
        "min": 2237810.25,
        "var": 2.1468315648e+12
    },
    "spectral_strongpeak": {
        "dmean": 0.25117379427,
        "dmean2": 0.425587326288,
        "dvar": 0.083180077374,
        "dvar2": 0.231799587607,
        "max": 4.73046302795,
        "mean": 0.493254512548,
        "median": 0.420707076788,
        "min": 0,
        "var": 0.114931769669
    },
    "zerocrossingrate": {
        "dmean": 0.0117795122787,
        "dmean2": 0.0144505379722,
        "dvar": 0.000179927388672,
        "dvar2": 0.000251008372288,
        "max": 0.48095703125,
        "mean": 0.036859408021,
        "median": 0.03076171875,
        "min": 0.00244140625,
        "var": 0.000620666076429
    },
    "barkbands": {
        "dmean": [0.00210607075132, 0.0278567355126, 0.00656857946888, 0.00454822229221, 0.00449837790802, 0.00156477850396, 0.000996241578832, 0.001074892818, 0.000538710097317, 0.000364666630048, 0.000313615455525, 0.00023665180197, 0.000153430155478, 0.000134946778417, 0.000218887944357, 0.000142111777677, 0.000154664361617, 0.000184684075066, 8.85121989995e-05, 0.00010332979582, 9.02823230717e-05, 0.000172411964741, 0.000256181607256, 0.000112679044832, 0.000114445334475, 5.85572270211e-05, 8.11607424112e-06],
        "dmean2": [0.00312628550455, 0.0449901819229, 0.0112198367715, 0.008061430417, 0.00799154490232, 0.00271804421209, 0.00170229945797, 0.00178510008845, 0.000936197349802, 0.000595282996073, 0.000518270360772, 0.000400015211198, 0.000256338884356, 0.000221123496885, 0.000379966309993, 0.000226513831876, 0.000262471527094, 0.000314874050673, 0.000141400727443, 0.000171206105733, 0.000144703662954, 0.000293796998449, 0.000401546101784, 0.00017247966025, 0.000183338823263, 9.54980787355e-05, 1.39452167787e-05],
        "dvar": [1.90239879885e-05, 0.000940464262385, 0.000104414502857, 5.37015766895e-05, 7.2282506153e-05, 7.05161028236e-06, 3.19508376379e-06, 3.1474833122e-06, 1.06207176032e-06, 3.82802937793e-07, 2.55646284586e-07, 1.21539230236e-07, 6.99126232462e-08, 3.77621418579e-08, 1.04457917871e-07, 4.5307022134e-08, 6.81401743918e-08, 1.43247675055e-07, 1.84776904888e-08, 2.27630501115e-08, 1.96549017062e-08, 1.15737151418e-07, 2.81639728428e-07, 5.15832674353e-08, 6.8678275511e-08, 1.73423160277e-08, 2.82025652831e-10],
        "dvar2": [3.71376700059e-05, 0.00249818619341, 0.00026310418616, 0.000148074454046, 0.000203349627554, 1.91529652511e-05, 8.74029865372e-06, 8.34094953461e-06, 2.92542767966e-06, 9.18786724924e-07, 6.20133107532e-07, 3.190503719e-07, 1.86752814102e-07, 9.55088736987e-08, 2.89998581593e-07, 1.10086581628e-07, 1.92521184772e-07, 3.79235018499e-07, 4.11928482436e-08, 5.4983349429e-08, 4.84749520524e-08, 3.0400462947e-07, 7.26685698282e-07, 1.30365222617e-07, 1.73084089283e-07, 4.36206590848e-08, 7.49223405538e-10],
        "max": [0.0532381683588, 0.387085020542, 0.129959911108, 0.072110272944, 0.103311732411, 0.0348435528576, 0.0305030811578, 0.0352523438632, 0.026692815125, 0.0172914750874, 0.0142080131918, 0.00778819480911, 0.0132760964334, 0.00409454386681, 0.00507406657562, 0.00373664451763, 0.00548729998991, 0.0064118844457, 0.00188152701594, 0.00168292422313, 0.00146148202475, 0.00242885993794, 0.00389923783951, 0.00149257318117, 0.00168329942971, 0.000877031416167, 0.00020119875262],
        "mean": [0.0034870703239, 0.0419595167041, 0.00707390811294, 0.00440489454195, 0.00494287814945, 0.00184638623614, 0.00146575516555, 0.00146260205656, 0.000699057942256, 0.000548020529095, 0.000492238148581, 0.000341947306879, 0.000297993945424, 0.000223742928938, 0.000338570302119, 0.000244485359872, 0.000263210095, 0.000306509784423, 0.000163308446645, 0.000178911679541, 0.000143538592965, 0.000194594118511, 0.000289494375465, 0.000130012747832, 0.000115245777124, 5.76334205107e-05, 7.21185779184e-06],
        "median": [0.000712651584763, 0.0300416238606, 0.00326048815623, 0.00240770215169, 0.00294454675168, 0.000896652054507, 0.000576467544306, 0.000633488758467, 0.000324622727931, 0.000242007692577, 0.000212265935261, 0.000204338764888, 0.000131170381792, 0.000135758469696, 0.000213269813685, 0.000154443623614, 0.000159311792231, 0.00017674380797, 9.34172203415e-05, 0.00011190600344, 7.44566059439e-05, 8.67682465469e-05, 8.63587993081e-05, 4.31726220995e-05, 2.88813407678e-05, 1.42402332131e-05, 2.00812132789e-06],
        "min": [4.23765703146e-18, 1.02756958272e-17, 1.46715734847e-17, 2.65828154868e-17, 1.33254071827e-16, 1.60274475784e-16, 8.28282086257e-17, 1.51298454407e-16, 6.83934635678e-16, 7.72714699979e-16, 5.83101874873e-16, 8.09075018608e-16, 2.77828394886e-16, 2.26067104835e-17, 6.2678373454e-17, 2.1991041277e-16, 2.70949216805e-16, 5.74062709837e-16, 4.56253714703e-16, 2.81253266729e-16, 6.79150593592e-16, 1.80625951119e-16, 4.98310012265e-16, 1.30849469697e-15, 1.91629917602e-15, 1.76738136065e-15, 2.14290102996e-15],
        "var": [5.07374461449e-05, 0.00179149524774, 0.000115730981634, 4.05212158512e-05, 5.37221203558e-05, 7.25287054593e-06, 7.19396848581e-06, 5.54079269932e-06, 1.45658225392e-06, 7.90750789292e-07, 6.0167309357e-07, 1.680025008e-07, 4.3130066274e-07, 6.71269830832e-08, 1.57555874125e-07, 7.80587967597e-08, 9.99301619231e-08, 1.70739440364e-07, 3.4838720353e-08, 3.45920945222e-08, 2.98593079151e-08, 9.67654116835e-08, 2.70111115697e-07, 5.17852036808e-08, 6.15503594759e-08, 1.54672541441e-08, 2.13139117466e-10]
    },
    "erbbands": {
        "dmean": [0.982261657715, 5.81084728241, 6.95666599274, 12.0735092163, 12.7481212616, 17.5300045013, 17.8498706818, 9.29016590118, 11.7222213745, 21.8882446289, 19.6072616577, 12.3768310547, 12.6640529633, 9.28415107727, 13.3315563202, 9.59162044525, 7.47354364395, 6.50137758255, 11.0188436508, 7.41294336319, 8.37735176086, 7.72377157211, 10.9710416794, 5.34774017334, 4.47693109512, 4.85588502884, 3.63717913628, 3.9401473999, 7.26963710785, 7.67132616043, 5.99541521072, 2.79278755188, 1.75928366184, 1.14480102062, 0.85071259737, 0.366582989693, 0.084492251277, 0.0103728948161, 0.00136801437475, 0.000112628593342],
        "dmean2": [1.62580549717, 9.24526596069, 11.9833250046, 20.9257678986, 22.1413345337, 31.5647525787, 31.8098926544, 15.9232397079, 19.8184909821, 37.0401000977, 32.6310424805, 21.3175811768, 21.0600814819, 15.177989006, 22.1270866394, 16.141078949, 12.5001964569, 10.6289815903, 19.1698303223, 11.8752698898, 13.6093320847, 12.7879953384, 18.7361183167, 8.60055923462, 7.47833347321, 7.93420696259, 5.81369495392, 6.23445558548, 12.3404331207, 11.675450325, 9.87158679962, 4.51255941391, 2.65467143059, 1.73176681995, 1.36871087551, 0.597532391548, 0.139724373817, 0.016677217558, 0.00233549624681, 0.000193717467482],
        "dvar": [1.30927562714, 46.1909446716, 89.6754837036, 422.580047607, 376.424926758, 1210.90917969, 1296.2980957, 213.517364502, 393.239501953, 2001.34130859, 1193.83764648, 548.997802734, 556.093994141, 269.089050293, 482.228851318, 213.930847168, 164.954467773, 96.3452682495, 267.695587158, 103.278083801, 163.118667603, 179.916366577, 503.681182861, 68.5159606934, 57.5602493286, 49.6815605164, 29.8587532043, 39.7423667908, 213.369277954, 246.577728271, 147.528594971, 29.4039936066, 12.6504678726, 6.45728731155, 3.79117894173, 0.687711715698, 0.0360874980688, 0.000411515764426, 7.67907113186e-06, 5.387592239e-08],
        "dvar2": [3.58612632751, 117.284759521, 235.654693604, 1146.41894531, 1009.25726318, 3440.69506836, 3637.82519531, 572.132751465, 1021.15252686, 5643.15136719, 3084.53393555, 1487.34741211, 1447.71936035, 629.740966797, 1149.89074707, 552.495178223, 444.101623535, 244.277587891, 746.636657715, 249.639694214, 409.29675293, 481.993835449, 1319.99414062, 155.540863037, 146.714645386, 117.481750488, 74.2505950928, 95.6396789551, 555.602661133, 617.509033203, 385.874572754, 75.301361084, 31.4589385986, 15.9626302719, 9.51941394806, 1.71854066849, 0.0921359136701, 0.00101474078838, 2.00609156309e-05, 1.52209523208e-07],
        "max": [13.1074132919, 96.1509475708, 113.457519531, 180.075241089, 227.288650513, 403.741119385, 532.12286377, 328.383209229, 381.801757812, 1166.47949219, 786.259460449, 747.151367188, 564.975646973, 669.99822998, 709.113342285, 390.644897461, 667.972290039, 235.585296631, 297.52053833, 174.564178467, 195.726196289, 284.752655029, 370.338562012, 117.62739563, 109.41317749, 77.6557388306, 53.9257621765, 65.1577987671, 114.868621826, 107.953178406, 85.0121002197, 35.2686424255, 23.910943985, 17.1502113342, 13.0148763657, 5.27856063843, 1.26428413391, 0.140456095338, 0.0286482665688, 0.00349568692036],
        "mean": [1.38629686832, 8.61971378326, 9.27512264252, 13.1616201401, 13.4791994095, 18.4864063263, 19.2662849426, 11.983710289, 17.3268795013, 31.9823932648, 26.2015895844, 16.5545558929, 18.4590320587, 15.3173208237, 20.8586711884, 15.0419378281, 14.9215641022, 11.4940280914, 17.0114154816, 14.3602628708, 14.582233429, 14.1345691681, 17.8089199066, 10.3726816177, 7.79632902145, 8.51673126221, 6.32250165939, 5.89401721954, 7.95356082916, 9.08952236176, 6.61298561096, 3.08733201027, 2.06878495216, 1.25123989582, 0.84595143795, 0.358397215605, 0.0817104578018, 0.0104613527656, 0.00127097440418, 0.000153021959704],
        "median": [0.910926938057, 5.75268125534, 5.50792980194, 7.15676450729, 8.01053524017, 10.0061302185, 9.29877662659, 6.56394290924, 8.05586051941, 12.1223125458, 12.2974882126, 8.35950660706, 7.4121966362, 7.68726730347, 9.8368139267, 8.95559692383, 6.88603305817, 6.73450946808, 10.6376104355, 9.86160850525, 9.13038539886, 8.73826503754, 10.1214494705, 6.24889373779, 4.61734819412, 5.33668136597, 3.67763781548, 2.86740803719, 3.31007480621, 3.09832525253, 2.11718559265, 1.13269281387, 0.65303850174, 0.325957834721, 0.210430979729, 0.0856105461717, 0.0214859787375, 0.00303671672009, 0.000386462779716, 0.000106277904706],
        "min": [3.00788467001e-16, 2.45576810738e-15, 1.3801616676e-14, 5.80534698005e-14, 1.92417222021e-13, 4.98679114495e-13, 9.79229392885e-13, 1.37174006962e-12, 1.29489951747e-12, 1.49618045817e-12, 5.24116037029e-12, 1.48357784391e-11, 2.35115676928e-11, 2.36229247969e-11, 2.69617748266e-11, 3.19864967846e-11, 1.50686997602e-11, 2.18527539814e-12, 1.20648695028e-12, 9.06414786978e-12, 1.11626662774e-11, 1.70372049801e-11, 3.26757336466e-11, 2.80389045315e-11, 1.6930710306e-11, 1.42977183912e-11, 2.09833313919e-11, 2.74742572443e-11, 9.48402120726e-12, 6.40041405292e-12, 1.31654348881e-11, 1.72869999565e-11, 3.102771165e-11, 2.85044904347e-11, 8.30966892518e-12, 7.61454267695e-12, 3.05021698004e-12, 1.09189935739e-12, 2.74752199074e-13, 3.47052336142e-14],
        "var": [2.10763454437, 90.2014007568, 113.490493774, 361.074310303, 317.747711182, 915.439758301, 1041.64318848, 250.145675659, 773.380004883, 4519.57470703, 1565.48840332, 694.777770996, 1048.53234863, 553.637390137, 1020.64099121, 326.493591309, 1043.23620605, 185.602249146, 395.926544189, 222.888198853, 279.267852783, 274.421813965, 595.833129883, 132.577682495, 82.9206619263, 78.6817016602, 46.8002548218, 57.0035629272, 178.291107178, 251.818557739, 135.741760254, 26.6524085999, 13.5038604736, 6.44697761536, 3.38858819008, 0.616173624992, 0.0306468233466, 0.000385509629268, 6.07889069215e-06, 3.76662399049e-08]
    },
    "gfcc": {
        "mean": [34.3221130371, 93.2961273193, -84.3904571533, 45.5711135864, -45.7386131287, 22.3562469482, -29.2696495056, 12.3438625336, -14.1873292923, 4.44048452377, -13.9450902939, 4.59018182755, -11.2583227158],
        "cov": [[2815.78540039, -512.029785156, -85.5233001709, -103.786567688, -241.905212402, -65.0086135864, -161.358886719, -18.5822029114, -103.246833801, 43.5742530823, -74.9929122925, -0.983180880547, -78.6340942383], [-512.029785156, 675.358215332, -173.769042969, -16.6011333466, 184.087615967, -70.8051757812, 131.517105103, 12.8507862091, 83.8537979126, -40.3505973816, 98.7334518433, -15.9945583344, 64.6148376465], [-85.5233001709, -173.769042969, 363.822113037, 62.8600273132, -24.1313552856, 85.9021224976, -15.1720733643, -10.9558744431, -45.4297065735, 33.2720947266, -33.8457450867, -18.4496917725, -24.5420322418], [-103.786567688, -16.6011333466, 62.8600273132, 179.535827637, 112.185897827, 8.76160812378, 35.3564720154, 19.8072280884, 9.85623645782, 8.63358306885, 5.14506530762, -13.8146085739, 6.83716917038], [-241.905212402, 184.087615967, -24.1313552856, 112.185897827, 243.201705933, 14.7736148834, 76.3737182617, 43.5279350281, 16.2463188171, -12.1125555038, 20.6891555786, -17.095872879, 36.5835571289], [-65.0086135864, -70.8051757812, 85.9021224976, 8.76160812378, 14.7736148834, 105.300064087, 28.1784000397, 13.3836927414, -4.91297006607, -1.99297571182, -11.6391153336, 16.6911010742, 1.56881940365], [-161.358886719, 131.517105103, -15.1720733643, 35.3564720154, 76.3737182617, 28.1784000397, 101.055755615, 32.7750396729, 32.1797485352, -6.29906272888, 31.6231155396, 5.98843050003, 28.1513824463], [-18.5822029114, 12.8507862091, -10.9558744431, 19.8072280884, 43.5279350281, 13.3836927414, 32.7750396729, 53.8863143921, 24.0681095123, 10.2802677155, 6.4201798439, 3.55093502998, 8.07484912872], [-103.246833801, 83.8537979126, -45.4297065735, 9.85623645782, 16.2463188171, -4.91297006607, 32.1797485352, 24.0681095123, 83.1237564087, 13.5059585571, 36.8248748779, 15.4466400146, 16.4732646942], [43.5742530823, -40.3505973816, 33.2720947266, 8.63358306885, -12.1125555038, -1.99297571182, -6.29906272888, 10.2802677155, 13.5059585571, 60.4305381775, 21.9836730957, 2.3544857502, -4.042948246], [-74.9929122925, 98.7334518433, -33.8457450867, 5.14506530762, 20.6891555786, -11.6391153336, 31.6231155396, 6.4201798439, 36.8248748779, 21.9836730957, 61.9561080933, 26.2851486206, 23.452129364], [-0.983180880547, -15.9945583344, -18.4496917725, -13.8146085739, -17.095872879, 16.6911010742, 5.98843050003, 3.55093502998, 15.4466400146, 2.3544857502, 26.2851486206, 53.2639007568, 27.0303916931], [-78.6340942383, 64.6148376465, -24.5420322418, 6.83716917038, 36.5835571289, 1.56881940365, 28.1513824463, 8.07484912872, 16.4732646942, -4.042948246, 23.452129364, 27.0303916931, 47.6262207031]],
        "icov": [[0.000474409229355, 0.00035170360934, 0.000275167927612, 0.000118765005027, 0.000145320926094, 0.000315248675179, -4.83010080643e-06, -0.000289414107101, 0.000481019698782, -0.000251304765698, -8.42560912133e-05, 1.75354980456e-05, 0.000204607305932], [0.00035170360934, 0.00611067935824, -0.00028335666866, 0.00429292814806, -0.00386102218181, 0.00350425229408, -0.00394851202145, 0.0027415335644, -0.00261563924141, 0.00509139196947, -0.00839576311409, 0.00643987720832, -0.00193634547759], [0.000275167927612, -0.00028335666866, 0.00541008776054, -0.00290136295371, 0.00227165338583, -0.00530663412064, 0.001285503502, 0.000534799706656, 0.00261353817768, -0.00363746169023, 0.000506818119902, 0.00326527561992, -0.00169310264755], [0.000118765005027, 0.00429292814806, -0.00290136295371, 0.0128216100857, -0.00840442068875, 0.0058029438369, -0.00521670095623, 0.00363566586748, -0.00408542808145, 0.00183323863894, -0.00249769585207, 0.000665493658744, 0.00218876777217], [0.000145320926094, -0.00386102218181, 0.00227165338583, -0.00840442068875, 0.0136845223606, -0.00642033293843, 0.00344436569139, -0.00850297790021, 0.00535026937723, 0.000162543350598, -0.00166181952227, 0.00752069801092, -0.00832593999803], [0.000315248675179, 0.00350425229408, -0.00530663412064, 0.0058029438369, -0.00642033293843, 0.0229581035674, -0.0128244850785, 0.00323724350892, -0.00299179949798, 0.000409486849094, 0.00888056773692, -0.0152936829254, 0.00878225825727], [-4.83010080643e-06, -0.00394851202145, 0.001285503502, -0.00521670095623, 0.00344436569139, -0.0128244850785, 0.0287850908935, -0.0135327447206, 0.00151551747695, 0.00655412580818, -0.0139050567523, 0.0119470665231, -0.0100844092667], [-0.000289414107101, 0.0027415335644, 0.000534799706656, 0.00363566586748, -0.00850297790021, 0.00323724350892, -0.0135327447206, 0.0354718454182, -0.010074172169, -0.00964268669486, 0.0129805104807, -0.00817537214607, 0.0048801805824], [0.000481019698782, -0.00261563924141, 0.00261353817768, -0.00408542808145, 0.00535026937723, -0.00299179949798, 0.00151551747695, -0.010074172169, 0.0222225822508, -0.00241672690026, -0.00754522765055, 0.000236796302488, -0.00123345968314], [-0.000251304765698, 0.00509139196947, -0.00363746169023, 0.00183323863894, 0.000162543350598, 0.000409486849094, 0.00655412580818, -0.00964268669486, -0.00241672690026, 0.0347328521311, -0.0294413398951, 0.0154411038384, -0.00231933640316], [-8.42560912133e-05, -0.00839576311409, 0.000506818119902, -0.00249769585207, -0.00166181952227, 0.00888056773692, -0.0139050567523, 0.0129805104807, -0.00754522765055, -0.0294413398951, 0.0661514177918, -0.0391471423209, 0.00862782727927], [1.75354980456e-05, 0.00643987720832, 0.00326527561992, 0.000665493658744, 0.00752069801092, -0.0152936829254, 0.0119470665231, -0.00817537214607, 0.000236796302488, 0.0154411038384, -0.0391471423209, 0.0642600506544, -0.0340350866318], [0.000204607305932, -0.00193634547759, -0.00169310264755, 0.00218876777217, -0.00832593999803, 0.00878225825727, -0.0100844092667, 0.0048801805824, -0.00123345968314, -0.00231933640316, 0.00862782727927, -0.0340350866318, 0.0493125319481]]
    },
    "melbands": {
        "dmean": [0.00831297691911, 0.00460465857759, 0.00202158046886, 0.0010485794628, 0.000641456572339, 0.000228750432143, 0.000183339987416, 0.000240560388193, 0.00015052164963, 7.45594516047e-05, 6.31950315437e-05, 3.82592479582e-05, 4.29844767496e-05, 3.01823802147e-05, 2.16398948396e-05, 1.29995351017e-05, 1.30865901156e-05, 1.71317733475e-05, 1.46451366163e-05, 9.56853909884e-06, 1.0322529306e-05, 9.32921830099e-06, 8.41418295749e-06, 1.0330934856e-05, 4.13970201407e-06, 3.4149829844e-06, 3.16926912092e-06, 3.66339122593e-06, 2.49886579695e-06, 2.32365664488e-06, 2.11900010072e-06, 4.32038814324e-06, 3.48582557308e-06, 5.29370572622e-06, 3.86333385904e-06, 2.39505902755e-06, 1.50174673763e-06, 1.29067905164e-06, 1.12241082206e-06, 9.00972736417e-07],
        "dmean2": [0.0134595539421, 0.0076779271476, 0.00348268635571, 0.00184730638284, 0.00114191265311, 0.000392225134419, 0.00031045023934, 0.000405059632612, 0.000251737539656, 0.00012914238323, 0.000105119004729, 6.27380941296e-05, 7.13260815246e-05, 5.01008507854e-05, 3.67732536688e-05, 2.14965129999e-05, 2.15286636376e-05, 2.97198566841e-05, 2.50711727858e-05, 1.55158013513e-05, 1.6948697521e-05, 1.58727034432e-05, 1.40250594995e-05, 1.79381277121e-05, 6.62257798467e-06, 5.60445005249e-06, 5.43339365322e-06, 6.00800785833e-06, 4.11996734329e-06, 3.71605847249e-06, 3.40256701747e-06, 7.31948921384e-06, 5.96548261456e-06, 8.09418543213e-06, 6.63276841806e-06, 3.82576354241e-06, 2.48653896051e-06, 2.07832817978e-06, 1.58767727498e-06, 1.41677844567e-06],
        "dvar": [8.36029066704e-05, 2.8350545108e-05, 1.08919375634e-05, 3.57480826096e-06, 1.6789459778e-06, 1.28571471691e-07, 9.62799191484e-08, 2.17634493538e-07, 7.19834929441e-08, 2.16475601889e-08, 1.36908271386e-08, 4.9906909716e-09, 4.94898166892e-09, 1.91591009724e-09, 1.20732968067e-09, 4.46572667734e-10, 4.10858569388e-10, 6.25022034129e-10, 5.10520070662e-10, 1.85275864095e-10, 2.44319509068e-10, 2.87610879557e-10, 2.05525818586e-10, 4.97367813601e-10, 3.64212375537e-11, 3.23524054768e-11, 2.68251254543e-11, 2.83203894363e-11, 1.36673346252e-11, 1.23106099967e-11, 1.15654829463e-11, 7.80522660393e-11, 4.28669183483e-11, 1.35775043986e-10, 7.18454601367e-11, 1.79193500316e-11, 9.82291765289e-12, 7.29125093635e-12, 5.2360143131e-12, 4.34039956754e-12],
        "dvar2": [0.000226293035666, 7.56095105316e-05, 2.92266377073e-05, 9.93250796455e-06, 4.74535636386e-06, 3.4359530332e-07, 2.53766216929e-07, 6.09966264165e-07, 1.8690923298e-07, 5.87221435921e-08, 3.56201290685e-08, 1.1617589557e-08, 1.20003331716e-08, 4.7814161519e-09, 3.26618110336e-09, 1.17299669977e-09, 1.03893693648e-09, 1.74748970849e-09, 1.37922617771e-09, 4.3416431561e-10, 6.13301964769e-10, 8.18502710054e-10, 4.93353691233e-10, 1.35852407102e-09, 8.18811407566e-11, 7.93632173868e-11, 7.04917235694e-11, 6.77114198044e-11, 3.40724011505e-11, 2.87777093821e-11, 2.85512984782e-11, 2.02584185538e-10, 1.13331503904e-10, 3.42216921467e-10, 1.94687765909e-10, 4.42051326099e-11, 2.5792638858e-11, 1.90593044819e-11, 1.14836811935e-11, 1.10343782722e-11],
        "max": [0.114323444664, 0.0799177289009, 0.0273948274553, 0.0227348934859, 0.0150468014181, 0.00713707460091, 0.00590055854991, 0.0124723641202, 0.00580901186913, 0.00510850455612, 0.00274669937789, 0.00289294519462, 0.00193835375831, 0.000956082425546, 0.00122306740377, 0.000948662578594, 0.000486106175231, 0.000432406435721, 0.000407477346016, 0.000242472931859, 0.000299071136396, 0.000382137717679, 0.000236032297835, 0.000375699222786, 0.000102675388916, 7.72694766056e-05, 6.56614138279e-05, 5.22228547197e-05, 4.34400753875e-05, 3.917903814e-05, 4.08796367992e-05, 7.29438470444e-05, 5.25366522197e-05, 8.86186098796e-05, 6.06024987064e-05, 3.67322281818e-05, 2.07419816434e-05, 1.87247715076e-05, 1.64671819221e-05, 1.44180603456e-05],
        "mean": [0.0124517045915, 0.00734526058659, 0.00229970016517, 0.0011416268535, 0.000714200083166, 0.000290770403808, 0.000273498590104, 0.000351776223397, 0.000194950131117, 9.89336986095e-05, 9.03164764168e-05, 5.93723816564e-05, 6.72823516652e-05, 4.58901267848e-05, 3.70482885046e-05, 2.57653573499e-05, 2.08652036235e-05, 2.60611250269e-05, 2.33911341638e-05, 1.71648371179e-05, 1.72208583535e-05, 1.52272004925e-05, 1.41156506288e-05, 1.57840768225e-05, 7.49860373617e-06, 6.00205157752e-06, 4.93396555612e-06, 6.09382777839e-06, 4.1769908421e-06, 3.68953033103e-06, 3.03564775095e-06, 4.66254687126e-06, 3.77795367967e-06, 6.08806203672e-06, 3.99065720558e-06, 2.76339960692e-06, 1.59245780651e-06, 1.43106194628e-06, 1.41030523082e-06, 9.32328362069e-07],
        "median": [0.00892810337245, 0.00506512634456, 0.00136952730827, 0.000657333992422, 0.000370846275473, 0.000154541776283, 0.000121270531963, 0.000137496550451, 9.31639151531e-05, 4.66805249744e-05, 3.53110008291e-05, 2.78764437098e-05, 3.01193358609e-05, 2.72765410045e-05, 1.87366531463e-05, 1.19290798466e-05, 1.17854906421e-05, 1.61933348863e-05, 1.47174923768e-05, 1.1301770428e-05, 1.03014399429e-05, 8.89854709385e-06, 8.03955936135e-06, 8.89368402568e-06, 4.32482238466e-06, 3.43026135852e-06, 2.89002969112e-06, 3.75886247639e-06, 2.45222327067e-06, 1.84242355772e-06, 1.46567447246e-06, 1.93373944057e-06, 1.69642396486e-06, 1.72465922788e-06, 1.18736181776e-06, 9.95079631139e-07, 5.62055845421e-07, 4.55006670563e-07, 3.94328111497e-07, 2.33703104868e-07],
        "min": [2.95905852283e-18, 5.85102649413e-18, 1.31530311802e-17, 2.39757671891e-17, 3.2870427081e-17, 3.08464451623e-17, 1.90491340547e-17, 1.80670737986e-17, 4.98160524185e-17, 1.00187381256e-16, 1.18422670504e-16, 9.55573271128e-17, 8.44400130626e-17, 9.26399471191e-17, 6.47790482504e-17, 1.75748632838e-17, 2.48613289685e-18, 1.25956746088e-18, 6.41531504594e-18, 1.64937431863e-17, 1.1980731791e-17, 1.49913383484e-17, 2.94031638859e-17, 2.49105739255e-17, 2.3799739846e-17, 1.1277251076e-17, 9.85209580832e-18, 9.28601392894e-18, 1.30300550658e-17, 1.43324062725e-17, 1.54947770128e-17, 4.79836182327e-18, 2.99066881635e-18, 3.85240717374e-18, 3.89455533467e-18, 1.74277012354e-17, 6.46481187943e-18, 1.19359871101e-17, 4.43135245611e-17, 1.54305894517e-17],
        "var": [0.000152931490447, 5.20646754012e-05, 9.3664839369e-06, 2.83438703264e-06, 1.29384216052e-06, 1.50519895215e-07, 1.98230111437e-07, 4.86433691549e-07, 8.66665672561e-08, 2.97203435196e-08, 2.56757672901e-08, 9.70285007895e-09, 1.12380185158e-08, 3.15971138143e-09, 3.91700005764e-09, 2.63998067851e-09, 7.14146186631e-10, 9.32612209681e-10, 7.55155327159e-10, 3.61597585208e-10, 4.34132785276e-10, 3.80043635451e-10, 3.17754572654e-10, 5.25296472986e-10, 7.42647610075e-11, 5.26702292891e-11, 3.49605344674e-11, 4.27328138153e-11, 2.11784114551e-11, 1.97788625755e-11, 1.65202608537e-11, 6.53339465861e-11, 3.57951723817e-11, 1.35761679676e-10, 5.8029928085e-11, 1.85383028373e-11, 8.15896569056e-12, 6.78304374474e-12, 6.8176306614e-12, 3.95349638443e-12]
    },
    "mfcc": {
        "mean": [-617.081237793, 123.042907715, 23.0323200226, 33.2992591858, 13.7765674591, 16.3656139374, 1.42580580711, 13.2516307831, 3.89905500412, 6.4071149826, 3.18949198723, 4.07698535919, 3.61193728447],
        "cov": [[2743.68969727, -396.731292725, -89.2107620239, -135.383071899, -141.851287842, -136.155303955, -116.377342224, -114.786453247, -70.9564590454, -60.748046875, -10.4851398468, -21.7451267242, -28.1410694122], [-396.731292725, 583.651367188, -200.663726807, 55.7788925171, 18.4983177185, -8.02457904816, 49.0837478638, 46.3754920959, 17.5894775391, 27.8097801208, 2.63198852539, 32.8142662048, 15.3977680206], [-89.2107620239, -200.663726807, 363.405181885, -53.1339988708, -17.6412124634, 50.3315925598, -0.297554522753, -35.5879402161, -16.7872161865, -5.65074110031, 8.2521944046, -9.02526855469, -6.20174074173], [-135.383071899, 55.7788925171, -53.1339988708, 206.824035645, 85.2639389038, 20.8003578186, 55.7919692993, 10.3719215393, 31.6097412109, 21.913520813, 21.5623607635, 19.2435741425, -0.491965442896], [-141.851287842, 18.4983177185, -17.6412124634, 85.2639389038, 119.060218811, 37.267993927, 47.2778434753, 20.1294975281, 34.4535331726, 7.68666315079, 10.0136766434, -2.73312449455, 3.486525774], [-136.155303955, -8.02457904816, 50.3315925598, 20.8003578186, 37.267993927, 71.5202255249, 40.0604286194, 26.590303421, 16.1453304291, 5.40798616409, 2.19581103325, 1.28894519806, 10.2404289246], [-116.377342224, 49.0837478638, -0.297554522753, 55.7919692993, 47.2778434753, 40.0604286194, 100.700706482, 26.8434677124, 36.7354736328, -2.69590187073, 4.66195726395, 5.08060359955, 8.65047740936], [-114.786453247, 46.3754920959, -35.5879402161, 10.3719215393, 20.1294975281, 26.590303421, 26.8434677124, 86.7215423584, 31.9428367615, 11.4888391495, -8.70234680176, -1.71301424503, 16.1168079376], [-70.9564590454, 17.5894775391, -16.7872161865, 31.6097412109, 34.4535331726, 16.1453304291, 36.7354736328, 31.9428367615, 56.0736846924, 14.664516449, 7.52420902252, 1.88511157036, 5.62340307236], [-60.748046875, 27.8097801208, -5.65074110031, 21.913520813, 7.68666315079, 5.40798616409, -2.69590187073, 11.4888391495, 14.664516449, 42.0069847107, 19.1070194244, 11.4313764572, 4.74161052704], [-10.4851398468, 2.63198852539, 8.2521944046, 21.5623607635, 10.0136766434, 2.19581103325, 4.66195726395, -8.70234680176, 7.52420902252, 19.1070194244, 41.8158607483, 23.574464798, 6.01336526871], [-21.7451267242, 32.8142662048, -9.02526855469, 19.2435741425, -2.73312449455, 1.28894519806, 5.08060359955, -1.71301424503, 1.88511157036, 11.4313764572, 23.574464798, 43.8776512146, 19.4156093597], [-28.1410694122, 15.3977680206, -6.20174074173, -0.491965442896, 3.486525774, 10.2404289246, 8.65047740936, 16.1168079376, 5.62340307236, 4.74161052704, 6.01336526871, 19.4156093597, 37.1296234131]],
