{
"lowlevel": {
    "average_loudness": 0.646145045757,
    "barkbands_crest": {
        "dmean": 3.95900201797,
        "dmean2": 6.54781007767,
        "dvar": 12.40899086,
        "dvar2": 30.8982620239,
        "max": 26.787322998,
        "mean": 14.7312393188,
        "median": 14.011177063,
        "min": 2.72072601318,
        "var": 30.5541858673
    },
    "barkbands_flatness_db": {
        "dmean": 0.041711691767,
        "dmean2": 0.0640287697315,
        "dvar": 0.00188582600094,
        "dvar2": 0.00421209307387,
        "max": 0.750516653061,
        "mean": 0.229738026857,
        "median": 0.198765426874,
        "min": 0.0245049837977,
        "var": 0.0143040427938
    },
    "barkbands_kurtosis": {
        "dmean": 22.6180744171,
        "dmean2": 35.894733429,
        "dvar": 9807.2890625,
        "dvar2": 24910.1269531,
        "max": 3584.29199219,
        "mean": 30.5703296661,
        "median": 11.0941581726,
        "min": -1.83111107349,
        "var": 13524.5683594
    },
    "barkbands_skewness": {
        "dmean": 1.25420355797,
        "dmean2": 1.931209445,
        "dvar": 3.31215333939,
        "dvar2": 7.74782037735,
        "max": 51.5110855103,
        "mean": 3.50502085686,
        "median": 2.92044019699,
        "min": -2.25721621513,
        "var": 8.08406162262
    },
    "barkbands_spread": {
        "dmean": 3.8098449707,
        "dmean2": 6.27680206299,
        "dvar": 31.5383338928,
        "dvar2": 82.3859329224,
        "max": 132.932495117,
        "mean": 9.55221366882,
        "median": 7.17576313019,
        "min": 0.0198601782322,
        "var": 118.739685059
    },
    "dissonance": {
        "dmean": 0.0227948892862,
        "dmean2": 0.0387062244117,
        "dvar": 0.000536617066246,
        "dvar2": 0.00149093999062,
        "max": 0.500000059605,
        "mean": 0.461421579123,
        "median": 0.469384402037,
        "min": 0.227261468768,
        "var": 0.000980948098004
    },
    "dynamic_complexity": 3.33697772026,
    "erbbands_crest": {
        "dmean": 2.58917403221,
        "dmean2": 4.1730017662,
        "dvar": 6.54172420502,
        "dvar2": 15.5776615143,
        "max": 28.9179763794,
        "mean": 8.2891292572,
        "median": 6.96428108215,
        "min": 2.53010892868,
        "var": 19.8244609833
    },
    "erbbands_flatness_db": {
        "dmean": 0.0204553455114,
        "dmean2": 0.0297614466399,
        "dvar": 0.000561369408388,
        "dvar2": 0.00110780575778,
        "max": 0.460905402899,
        "mean": 0.163924887776,
        "median": 0.146634370089,
        "min": 0.0366747528315,
        "var": 0.00439597852528
    },
    "erbbands_kurtosis": {
        "dmean": 1.74803578854,
        "dmean2": 2.64468765259,
        "dvar": 21.1095466614,
        "dvar2": 46.1673660278,
        "max": 87.4146118164,
        "mean": 1.60095977783,
        "median": -0.144458293915,
        "min": -1.68739962578,
        "var": 36.5230941772
    },
    "erbbands_skewness": {
        "dmean": 0.419086158276,
        "dmean2": 0.641017436981,
        "dvar": 0.25204616785,
        "dvar2": 0.568596661091,
        "max": 7.60110235214,
        "mean": 0.750011920929,
        "median": 0.527400314808,
        "min": -2.11610841751,
        "var": 0.922409653664
    },
    "erbbands_spread": {
        "dmean": 8.54578208923,
        "dmean2": 13.2038106918,
        "dvar": 88.5414123535,
        "dvar2": 206.960067749,
        "max": 171.323699951,
        "mean": 36.9359855652,
        "median": 36.9068031311,
        "min": 1.17327105999,
        "var": 289.758300781
    },
    "hfc": {
        "dmean": 4.30758953094,
        "dmean2": 6.38147735596,
        "dvar": 33.4444236755,
        "dvar2": 79.0884017944,
        "max": 115.928833008,
        "mean": 13.0790433884,
        "median": 8.73722648621,
        "min": 1.06637801847e-16,
        "var": 161.604385376
    },
    "melbands_crest": {
        "dmean": 4.09667778015,
        "dmean2": 6.80229473114,
        "dvar": 11.6908559799,
        "dvar2": 32.2355728149,
        "max": 37.9814796448,
        "mean": 18.5648822784,
        "median": 18.2092399597,
        "min": 1.5372146368,
        "var": 28.413356781
    },
    "melbands_flatness_db": {
        "dmean": 0.0478053092957,
        "dmean2": 0.073358759284,
        "dvar": 0.0023955674842,
        "dvar2": 0.00534918438643,
        "max": 0.911237537861,
        "mean": 0.336600810289,
        "median": 0.303993225098,
        "min": 0.00185970996972,
        "var": 0.0188454724848
    },
    "melbands_kurtosis": {
        "dmean": 20.4409809113,
        "dmean2": 32.0024795532,
        "dvar": 917.573974609,
        "dvar2": 2133.85522461,
        "max": 854.4296875,
        "mean": 37.8471984863,
        "median": 24.0077152252,
        "min": -1.39213657379,
        "var": 2374.43237305
    },
    "melbands_skewness": {
        "dmean": 1.25589871407,
        "dmean2": 1.95132005215,
        "dvar": 1.49859666824,
        "dvar2": 3.65660357475,
        "max": 23.0679340363,
        "mean": 4.23225355148,
        "median": 3.91633319855,
        "min": -0.315033972263,
        "var": 4.53378105164
    },
    "melbands_spread": {
        "dmean": 3.46775794029,
        "dmean2": 5.71938800812,
        "dvar": 30.9836597443,
        "dvar2": 82.1390762329,
        "max": 163.771255493,
        "mean": 7.96789169312,
        "median": 5.60390615463,
        "min": 0.140730157495,
        "var": 122.716506958
    },
    "pitch_salience": {
        "dmean": 0.112030103803,
        "dmean2": 0.184466466308,
        "dvar": 0.00980416033417,
        "dvar2": 0.0257572382689,
        "max": 0.901401877403,
        "mean": 0.454664319754,
        "median": 0.466354072094,
        "min": 0.0285806376487,
        "var": 0.0221562515944
    },
    "silence_rate_20dB": {
        "dmean": 0.000927127781324,
        "dmean2": 0.00185442739166,
        "dvar": 0.000926347041968,
        "dvar2": 0.00222218804993,
        "max": 1,
        "mean": 0.999258339405,
        "median": 1,
        "min": 0,
        "var": 0.000741021882277
    },
    "silence_rate_30dB": {
        "dmean": 0.110699057579,
        "dmean2": 0.221418634057,
        "dvar": 0.0984464362264,
        "dvar2": 0.214490935206,
        "max": 1,
        "mean": 0.834244906902,
        "median": 1,
        "min": 0,
        "var": 0.138273596764
    },
    "silence_rate_60dB": {
        "dmean": 0.0114963846281,
        "dmean2": 0.0229949001223,
        "dvar": 0.0113620320335,
        "dvar2": 0.0300663001835,
        "max": 1,
        "mean": 0.0298507455736,
        "median": 0,
        "min": 0,
        "var": 0.028961263597
    },
    "spectral_centroid": {
        "dmean": 184.932647705,
        "dmean2": 299.016601562,
        "dvar": 65855.703125,
        "dvar2": 160263.71875,
        "max": 11730.3671875,
        "mean": 733.492980957,
        "median": 625.153747559,
        "min": 67.9314880371,
        "var": 472143.5
    },
    "spectral_complexity": {
        "dmean": 2.91488957405,
        "dmean2": 4.43504858017,
        "dvar": 9.93461513519,
        "dvar2": 21.4872989655,
        "max": 54,
        "mean": 14.8958005905,
        "median": 13,
        "min": 0,
        "var": 99.7225036621
    },
    "spectral_decrease": {
        "dmean": 7.69447172644e-09,
        "dmean2": 1.18582184072e-08,
        "dvar": 7.95752778534e-17,
        "dvar2": 1.94500072862e-16,
        "max": 1.82303111858e-28,
        "mean": -1.51736880838e-08,
        "median": -1.10925908459e-08,
        "min": -1.29035413465e-07,
        "var": 1.91039480051e-16
    },
    "spectral_energy": {
        "dmean": 0.0293330140412,
        "dmean2": 0.045173894614,
        "dvar": 0.00115319504403,
        "dvar2": 0.00281530432403,
        "max": 0.492015451193,
        "mean": 0.0584552586079,
        "median": 0.0428348965943,
        "min": 1.0200971452e-20,
        "var": 0.00280844816007
    },
    "spectral_energyband_high": {
        "dmean": 0.000130504049594,
        "dmean2": 0.000204120529816,
        "dvar": 1.56057765821e-07,
        "dvar2": 4.09272701063e-07,
        "max": 0.0122640039772,
        "mean": 0.00027489484637,
        "median": 7.41557523725e-05,
        "min": 7.39952720593e-21,
        "var": 2.64521133886e-07
    },
    "spectral_energyband_low": {
        "dmean": 0.0276414360851,
        "dmean2": 0.0430565327406,
        "dvar": 0.0010999715887,
        "dvar2": 0.00271997554228,
        "max": 0.460855692625,
        "mean": 0.0461820103228,
        "median": 0.0316120497882,
        "min": 2.69850004361e-23,
        "var": 0.00223783450201
    },
    "spectral_energyband_middle_high": {
        "dmean": 0.000870001094881,
        "dmean2": 0.00131640781183,
        "dvar": 2.06078925657e-06,
        "dvar2": 4.80981316286e-06,
        "max": 0.0271707121283,
        "mean": 0.00264148414135,
        "median": 0.00132641813252,
        "min": 1.26944133006e-21,
        "var": 1.13829028123e-05
    },
    "spectral_energyband_middle_low": {
        "dmean": 0.00614883145317,
        "dmean2": 0.00977870821953,
        "dvar": 7.36517467885e-05,
        "dvar2": 0.000192878840608,
        "max": 0.125143691897,
        "mean": 0.0123371705413,
        "median": 0.00869518425316,
        "min": 1.68498960172e-22,
        "var": 0.000150334148202
    },
    "spectral_entropy": {
        "dmean": 0.251645326614,
        "dmean2": 0.38082537055,
        "dvar": 0.0920021533966,
        "dvar2": 0.192535817623,
        "max": 9.81699943542,
        "mean": 7.09850883484,
        "median": 7.29843664169,
        "min": 3.76476097107,
        "var": 0.662748217583
    },
    "spectral_flux": {
        "dmean": 0.0471638478339,
        "dmean2": 0.0784136578441,
        "dvar": 0.00211039301939,
        "dvar2": 0.00552023714408,
        "max": 0.502668440342,
        "mean": 0.121746100485,
        "median": 0.109622783959,
        "min": 6.45981879099e-11,
        "var": 0.00455101812258
    },
    "spectral_kurtosis": {
        "dmean": 6.09563016891,
        "dmean2": 9.08494472504,
        "dvar": 273.191192627,
        "dvar2": 549.347473145,
        "max": 375.480163574,
        "mean": 13.6714849472,
        "median": 5.64007759094,
        "min": -1.24995446205,
        "var": 836.760375977
    },
    "spectral_rms": {
        "dmean": 0.00185947946738,
        "dmean2": 0.00278473529033,
        "dvar": 2.9277853173e-06,
        "dvar2": 6.87632837071e-06,
        "max": 0.0219092462212,
        "mean": 0.00680629257113,
        "median": 0.00646452978253,
        "min": 3.15470566337e-12,
        "var": 1.07039650175e-05
    },
    "spectral_rolloff": {
        "dmean": 198.089126587,
        "dmean2": 343.670562744,
        "dvar": 234675.953125,
        "dvar2": 638733.125,
        "max": 19466.015625,
        "mean": 458.1065979,
        "median": 215.33203125,
        "min": 43.06640625,
        "var": 1592996.5
    },
    "spectral_skewness": {
        "dmean": 0.435775071383,
        "dmean2": 0.658374249935,
        "dvar": 0.561464130878,
        "dvar2": 1.09111630917,
        "max": 15.6020917892,
        "mean": 2.3375210762,
        "median": 1.8266929388,
        "min": -0.10604249686,
        "var": 2.99551081657
    },
    "spectral_spread": {
        "dmean": 516853.03125,
        "dmean2": 797173.25,
        "dvar": 549350834176,
        "dvar2": 1.14810539213e+12,
        "max": 41883428,
        "mean": 3649476.5,
        "median": 3563480.75,
        "min": 274993.71875,
        "var": 4.96851694387e+12
    },
    "spectral_strongpeak": {
        "dmean": 0.265909940004,
        "dmean2": 0.437515795231,
        "dvar": 0.108420968056,
        "dvar2": 0.298435509205,
        "max": 8.23614692688,
        "mean": 0.466003715992,
        "median": 0.372199326754,
        "min": 0,
        "var": 0.151274710894
    },
    "zerocrossingrate": {
        "dmean": 0.00591564550996,
        "dmean2": 0.00794089771807,
        "dvar": 7.09155574441e-05,
        "dvar2": 0.000121586730529,
        "max": 0.52197265625,
        "mean": 0.024582631886,
        "median": 0.01953125,
        "min": 0.001953125,
        "var": 0.00109138409607
    },
    "barkbands": {
        "dmean": [0.00104274984915, 0.0217294059694, 0.00852162390947, 0.00360168213956, 0.00226438627578, 0.00108723901212, 0.000657238590065, 0.000671067158692, 0.000378813245334, 0.000359889498213, 0.00029234556132, 0.000153564615175, 0.000138108371175, 0.000176179906703, 0.00010080908396, 0.000166297322721, 0.000110190041596, 8.28961710795e-05, 9.58706295933e-05, 5.23461640114e-05, 3.27462730638e-05, 3.32573290507e-05, 2.40058761847e-05, 1.57168269652e-05, 9.174722436e-06, 5.28352575202e-06, 1.90074160855e-06],
        "dmean2": [0.00174007040914, 0.034212090075, 0.0140231903642, 0.00607788003981, 0.00364862661809, 0.00177011149935, 0.00109555281233, 0.00108347681817, 0.000621662358753, 0.000561836059205, 0.000487116223667, 0.000253325270023, 0.000228288932703, 0.000287043920252, 0.000163989097928, 0.000276420119917, 0.000177943176823, 0.000137200579047, 0.000153351138579, 8.37149418658e-05, 5.35079198016e-05, 5.31700679858e-05, 3.95399983972e-05, 2.55857376033e-05, 1.47566070154e-05, 8.47291084938e-06, 2.82515520666e-06],
        "dvar": [2.29159195442e-06, 0.000822283094749, 0.000161086194566, 3.89884298784e-05, 1.11988483695e-05, 2.5162687507e-06, 1.14788770134e-06, 1.44397381519e-06, 4.53432562608e-07, 6.4539392497e-07, 3.35951853003e-07, 8.67693685791e-08, 9.1888026077e-08, 1.70591434312e-07, 3.66438364097e-08, 1.21239935424e-07, 5.66249305223e-08, 4.01264443894e-08, 6.65184316517e-08, 1.73801240066e-08, 1.00331023489e-08, 9.52851486602e-09, 7.74635822154e-09, 3.23453930307e-09, 1.45367540227e-09, 8.37108604657e-10, 5.4524579296e-11],
        "dvar2": [5.83061455472e-06, 0.00200741016306, 0.00041421604692, 0.000108892738353, 2.79633550235e-05, 6.38154097032e-06, 3.11621306537e-06, 3.68813243767e-06, 1.17461718219e-06, 1.46755610331e-06, 9.53640380885e-07, 2.21290164859e-07, 2.38303471178e-07, 4.36711758312e-07, 9.34880546311e-08, 3.25041838778e-07, 1.43975142919e-07, 1.07456855858e-07, 1.60080702472e-07, 4.45772450064e-08, 2.7157870619e-08, 2.47757956373e-08, 2.03925605291e-08, 8.72905303595e-09, 3.85029164107e-09, 2.31262675676e-09, 1.12062574498e-10],
        "max": [0.0258934404701, 0.441880077124, 0.202321559191, 0.0887261033058, 0.0582078173757, 0.0267692673951, 0.0207099337131, 0.0234910007566, 0.0118828397244, 0.026136783883, 0.008589704521, 0.0088933641091, 0.00696198781952, 0.00875254906714, 0.00406347122043, 0.00693095754832, 0.0041152862832, 0.00491357734427, 0.00649166572839, 0.0030074052047, 0.00334871117957, 0.00317182950675, 0.00309393997304, 0.00133252760861, 0.00141479889862, 0.00152375712059, 0.000248290569289],
        "mean": [0.00129621219821, 0.0314932540059, 0.0105883441865, 0.00413013389334, 0.00318152573891, 0.00184732081834, 0.00104563334025, 0.00107595464215, 0.000678474432789, 0.000611639232375, 0.000452351290733, 0.000270494783763, 0.0002366892586, 0.000290449301247, 0.000175103617948, 0.000266782561084, 0.000195704764337, 0.000151399159222, 0.000156956710271, 0.000104085898784, 6.26957626082e-05, 6.13253287156e-05, 3.74473056581e-05, 2.2932263164e-05, 1.25605984067e-05, 7.19185663911e-06, 2.79345294985e-06],
        "median": [0.000516848929692, 0.0177277270705, 0.0049187890254, 0.00175954448059, 0.00183554086834, 0.00102061638609, 0.000539098633453, 0.000490252044983, 0.000298354425468, 0.00023054954363, 0.000174897926627, 0.000117104471428, 9.0875531896e-05, 8.82349704625e-05, 7.82613788033e-05, 9.33733317652e-05, 7.0091773523e-05, 4.99079869769e-05, 4.19608622906e-05, 2.83276167465e-05, 1.75080294866e-05, 1.39677003972e-05, 8.5061064965e-06, 5.54217012905e-06, 2.57400643022e-06, 1.20384470392e-06, 2.48694107086e-07],
        "min": [1.65812172504e-24, 7.1729118405e-24, 2.97844334971e-24, 3.0942028697e-25, 1.18101012987e-23, 3.80034608837e-24, 1.59592256702e-23, 2.35704538732e-23, 1.89613936172e-23, 2.35580671793e-23, 1.83082294094e-23, 3.3035882279e-23, 3.88172513713e-23, 6.68652702762e-23, 6.09819582668e-23, 6.12805263422e-23, 8.93492702008e-23, 8.90018243037e-23, 1.10324658841e-22, 1.59004217695e-22, 1.86179453516e-22, 3.45294212712e-22, 4.55961704192e-22, 6.38457366607e-22, 9.14971617409e-22, 1.35259711445e-21, 2.15127584171e-21],
        "var": [3.56830878445e-06, 0.00153998588212, 0.000226527510677, 4.19560201408e-05, 1.63128970598e-05, 5.63847288504e-06, 2.24780455937e-06, 2.67078394245e-06, 9.76202954917e-07, 1.49722791321e-06, 5.81838889957e-07, 1.73185057406e-07, 1.9044435362e-07, 3.37979713549e-07, 7.41568157991e-08, 2.20423885366e-07, 1.10316335622e-07, 7.65711547501e-08, 1.04685327074e-07, 3.95572605782e-08, 1.4839633522e-08, 1.49081280654e-08, 8.22780599208e-09, 3.02407476838e-09, 1.29793376047e-09, 6.28758711763e-10, 9.01123134445e-11]
    },
    "erbbands": {
        "dmean": [0.679233968258, 4.91507291794, 8.70305728912, 12.6685571671, 8.9290304184, 6.51621389389, 7.66637611389, 9.49632549286, 10.2656078339, 12.1397628784, 12.3414869308, 8.45007801056, 12.7803506851, 6.00165081024, 12.7742404938, 6.51614522934, 6.18006324768, 9.11764431, 5.11665248871, 6.7342581749, 7.14616012573, 5.04861497879, 3.91498780251, 7.10130023956, 2.48676967621, 2.5868806839, 1.54482376575, 1.20155012608, 0.955346405506, 1.25254547596, 0.663086056709, 0.383494079113, 0.233180016279, 0.122668080032, 0.0552602000535, 0.0256577767432, 0.00867435801774, 0.00267573771998, 0.000315863202559, 4.4330554374e-05],
        "dmean2": [1.08796048164, 7.73448562622, 14.4972953796, 20.416015625, 14.7290763855, 10.5276870728, 12.5113554001, 15.3788757324, 16.7984638214, 19.9606590271, 19.9862594604, 13.7752332687, 19.8483791351, 9.96131134033, 21.1675071716, 10.6566171646, 10.1733951569, 14.8002815247, 8.33812618256, 11.0399017334, 11.5591068268, 8.07243824005, 6.35948801041, 11.4588298798, 3.87630724907, 4.07955121994, 2.50742721558, 1.95480394363, 1.53655779362, 2.04774165154, 1.08801066875, 0.628506243229, 0.382518172264, 0.196985676885, 0.0897204875946, 0.0422467775643, 0.0137854814529, 0.00401319656521, 0.000464675045805, 6.63894752506e-05],
        "dvar": [0.768505871296, 44.812461853, 161.737915039, 407.49697876, 209.023010254, 97.8563842773, 143.238891602, 211.773727417, 258.910644531, 552.469543457, 465.636749268, 234.690155029, 908.188964844, 143.766693115, 708.226135254, 153.330062866, 182.922012329, 472.33984375, 94.1186752319, 167.867202759, 191.54737854, 100.456283569, 93.1773147583, 395.521148682, 40.2186317444, 46.8555755615, 14.8870382309, 15.5410003662, 8.45334625244, 16.8731842041, 5.06489276886, 1.89047193527, 0.774530053139, 0.233281299472, 0.060940168798, 0.0356813967228, 0.00124269921798, 8.05042000138e-05, 1.75693025994e-06, 7.28594207189e-09],
        "dvar2": [1.91594266891, 110.576019287, 433.218994141, 1062.32495117, 548.548706055, 252.173416138, 374.133666992, 515.931030273, 665.148193359, 1465.89221191, 1238.38720703, 599.153808594, 2037.46960449, 399.914154053, 1995.2130127, 384.62991333, 470.727874756, 1211.4407959, 239.9269104, 441.838531494, 495.832183838, 255.427230835, 256.761627197, 967.945678711, 98.493812561, 113.64377594, 39.9337692261, 42.1183891296, 22.1327018738, 44.4462661743, 13.4556531906, 4.99818086624, 2.1318552494, 0.621856570244, 0.160766556859, 0.100067727268, 0.00332366768271, 0.0001820436446, 3.53295104105e-06, 1.54263855023e-08],
        "max": [11.9146432877, 102.665863037, 164.572189331, 308.988494873, 189.180984497, 148.830337524, 174.126403809, 310.406341553, 378.054077148, 416.0625, 437.408447266, 347.593078613, 963.394470215, 243.088470459, 434.417297363, 336.079406738, 319.170074463, 466.135467529, 228.405380249, 316.114074707, 246.935333252, 160.259643555, 288.988006592, 550.669372559, 139.550888062, 150.748504639, 94.5554428101, 143.950592041, 107.090736389, 141.048965454, 70.7409362793, 38.7935676575, 17.6220340729, 15.5811719894, 10.3746299744, 10.8571033478, 1.25413644314, 0.184947311878, 0.0480264127254, 0.00272886618041],
        "mean": [0.926825881004, 6.99821472168, 11.2419033051, 16.5673236847, 11.3326215744, 9.05984783173, 11.4219837189, 15.8641490936, 16.7228546143, 19.366361618, 21.1917724609, 16.200214386, 21.7502708435, 10.9166784286, 20.0504608154, 12.311580658, 11.4190454483, 15.7648773193, 9.94314861298, 12.2798347473, 13.3757305145, 9.73869609833, 7.63137865067, 11.8053865433, 4.62751865387, 5.04902744293, 3.12919402122, 2.34687304497, 1.78532266617, 2.07962036133, 1.08538329601, 0.581571638584, 0.323545455933, 0.169233471155, 0.0750312209129, 0.0321224331856, 0.0121025433764, 0.00387402926572, 0.000479688023916, 9.02196698007e-05],
        "median": [0.506141543388, 3.91202139854, 6.32783555984, 7.75090551376, 5.83106279373, 4.9892373085, 6.09867525101, 8.30159664154, 8.92461967468, 8.79803752899, 10.2836198807, 7.47339391708, 7.95579385757, 5.59145545959, 7.07484292984, 5.48661851883, 4.72244167328, 5.1284122467, 4.4722661972, 5.32482624054, 5.08667135239, 3.8948829174, 2.89673924446, 2.55136752129, 1.79357874393, 1.32339262962, 0.875434935093, 0.620688617229, 0.498592764139, 0.385351598263, 0.236559674144, 0.1444863379, 0.0712066590786, 0.0361147671938, 0.0155401704833, 0.00619788747281, 0.00201123976149, 0.000404024322052, 6.88191648806e-05, 5.73032266402e-05],
        "min": [1.97780908994e-22, 6.7919767785e-22, 6.26356790631e-21, 5.50268897024e-21, 1.83511359832e-20, 3.93429103627e-20, 6.23133120765e-20, 5.64580753365e-20, 1.8480129953e-19, 4.06530448995e-19, 5.0387820751e-19, 3.88820899821e-19, 4.01476375453e-19, 1.00217087793e-18, 1.40501176536e-18, 1.62012308218e-18, 1.84655560646e-18, 3.14149279334e-18, 2.61861848646e-18, 2.85636984005e-18, 4.4445630268e-18, 5.63313967616e-18, 5.25119730012e-18, 7.45832114238e-18, 6.95863787795e-18, 8.05695423323e-18, 8.66733328877e-18, 1.27330823366e-17, 1.04882895164e-17, 1.29172325933e-17, 1.22694285781e-17, 1.26556152179e-17, 1.07917845647e-17, 8.63691868483e-18, 7.34372105877e-18, 4.36658057455e-18, 2.3065718382e-18, 1.07304743513e-18, 2.68526634127e-19, 3.1150310012e-20],
        "var": [1.36043274403, 79.9621810913, 205.903167725, 577.979675293, 255.238800049, 142.873306274, 233.769744873, 485.993743896, 535.010864258, 965.57635498, 871.919555664, 539.457092285, 2096.83813477, 249.719238281, 1256.7277832, 346.19229126, 399.42086792, 991.6796875, 223.961715698, 355.001403809, 448.386291504, 226.473388672, 178.516601562, 664.727539062, 64.4669265747, 104.156867981, 30.307384491, 21.7579574585, 12.3370885849, 22.3339805603, 5.96189260483, 1.90773594379, 0.656221032143, 0.210801899433, 0.0528662353754, 0.0236403755844, 0.00111851503607, 0.00015219762281, 2.78578045254e-06, 1.44503351507e-08]
    },
    "gfcc": {
        "mean": [-53.8475379944, 139.325653076, -87.652015686, 38.5813674927, -34.4269371033, 11.2270593643, -19.8169898987, 7.06590461731, -8.53728199005, -0.479169666767, -8.0730304718, -2.38322925568, -7.63847112656],
        "cov": [[22170.2949219, -1380.07250977, -3216.03125, 398.033660889, -1538.70532227, 414.565032959, -883.821777344, 305.816314697, -480.413970947, 142.947402954, -451.319580078, 232.819854736, -397.596801758], [-1380.07250977, 1990.21972656, 337.753234863, -39.6787414551, 374.008850098, -293.048034668, 209.659484863, -223.05645752, 184.157501221, -209.375991821, 145.328598022, -196.546813965, 176.992584229], [-3216.03125, 337.753234863, 1126.3371582, 23.8680744171, 382.293792725, -70.531578064, 169.879776001, -67.7968139648, 65.8349914551, -42.8319129944, 52.2410125732, -56.4450912476, 45.1050987244], [398.033660889, -39.6787414551, 23.8680744171, 217.526672363, 48.3634300232, 51.3994255066, 37.5100975037, 4.46877336502, 4.57496404648, -34.0694923401, -14.0780992508, -20.0903053284, 5.37744760513], [-1538.70532227, 374.008850098, 382.293792725, 48.3634300232, 354.217041016, -33.3046073914, 154.581985474, -27.9228305817, 70.5607147217, -62.0909156799, 48.8808517456, -60.1796875, 50.6960983276], [414.565032959, -293.048034668, -70.531578064, 51.3994255066, -33.3046073914, 157.220199585, 20.5674571991, 69.8701934814, -15.6723909378, 20.3876724243, -31.829044342, 21.3244667053, -25.9306621552], [-883.821777344, 209.659484863, 169.879776001, 37.5100975037, 154.581985474, 20.5674571991, 167.861221313, 17.5043582916, 54.2807502747, -40.7522239685, 24.6182060242, -35.3977737427, 33.9438171387], [305.816314697, -223.05645752, -67.7968139648, 4.46877336502, -27.9228305817, 69.8701934814, 17.5043582916, 98.2721939087, -1.42994904518, 28.4381637573, -18.8805446625, 26.9084815979, -18.13123703], [-480.413970947, 184.157501221, 65.8349914551, 4.57496404648, 70.5607147217, -15.6723909378, 54.2807502747, -1.42994904518, 87.7046661377, -1.47064554691, 36.8815116882, -19.9326725006, 30.768913269], [142.947402954, -209.375991821, -42.8319129944, -34.0694923401, -62.0909156799, 20.3876724243, -40.7522239685, 28.4381637573, -1.47064554691, 88.3642349243, 15.4331960678, 43.4723129272, -16.0849189758], [-451.319580078, 145.328598022, 52.2410125732, -14.0780992508, 48.8808517456, -31.829044342, 24.6182060242, -18.8805446625, 36.8815116882, 15.4331960678, 70.188041687, 10.1941394806, 29.3006877899], [232.819854736, -196.546813965, -56.4450912476, -20.0903053284, -60.1796875, 21.3244667053, -35.3977737427, 26.9084815979, -19.9326725006, 43.4723129272, 10.1941394806, 71.7864456177, 4.58300352097], [-397.596801758, 176.992584229, 45.1050987244, 5.37744760513, 50.6960983276, -25.9306621552, 33.9438171387, -18.13123703, 30.768913269, -16.0849189758, 29.3006877899, 4.58300352097, 68.8782272339]],
        "icov": [[0.000142904973472, -0.000287726026727, 0.000263079738943, -0.000471247563837, 0.000115653972898, -0.000159121394972, 0.000445385201601, -0.000370667286916, 0.000205640913919, -0.000209595062188, 0.000584658817388, -0.000611940806266, 0.000617883168161], [-0.000287726026727, 0.00244324700907, -0.000361971469829, 0.00162674300373, -0.000256167695625, 0.00158075976651, -0.00152362661902, 0.0019317122642, -0.00140225840732, 0.00267449580133, -0.00344154937193, 0.00432776194066, -0.00335907330737], [0.000263079738943, -0.000361971469829, 0.00203956081532, -0.000750667590182, -0.00145867757965, 0.000211599137401, -9.04433109099e-05, 0.000630894035567, 0.000362044957001, -0.00118448084686, 0.0017774568405, -0.00154421979096, 0.00144396163523], [-0.000471247563837, 0.00162674300373, -0.000750667590182, 0.00749195087701, -0.00100998219568, -0.00170798518229, -0.00150807015598, 0.00240374379791, -0.00122130080126, 0.00330771738663, -0.00243526836857, 0.00372620555572, -0.00341139524244], [0.000115653972898, -0.000256167695625, -0.00145867757965, -0.00100998219568, 0.00767433689907, 0.000183179741725, -0.00287876767106, -0.0010837741429, -0.000185597469681, 0.00180918315891, -0.00276988139376, 0.00214075832628, -0.000544945709407], [-0.000159121394972, 0.00158075976651, 0.000211599137401, -0.00170798518229, 0.000183179741725, 0.0130199743435, -0.00439117383212, -0.00359261059202, -0.000223755530897, -0.000561366905458, 0.00168826547451, 2.19738431042e-05, 0.000248603872024], [0.000445385201601, -0.00152362661902, -9.04433109099e-05, -0.00150807015598, -0.00287876767106, -0.00439117383212, 0.0168132781982, -0.00754728494212, -0.00169535761233, 0.00359170907177, -0.00190765899606, 0.00158027978614, -0.000841178116389], [-0.000370667286916, 0.0019317122642, 0.000630894035567, 0.00240374379791, -0.0010837741429, -0.00359261059202, -0.00754728494212, 0.0229729451239, -0.00530836544931, -0.00249489978887, 0.0050648204051, -0.00529194436967, 0.00149381218944], [0.000205640913919, -0.00140225840732, 0.000362044957001, -0.00122130080126, -0.000185597469681, -0.000223755530897, -0.00169535761233, -0.00530836544931, 0.0226111989468, -0.00644085742533, -0.00653631193563, 0.00794118829072, -0.0052135954611], [-0.000209595062188, 0.00267449580133, -0.00118448084686, 0.00330771738663, 0.00180918315891, -0.000561366905458, 0.00359170907177, -0.00249489978887, -0.00644085742533, 0.0273074712604, -0.0120791867375, -0.00442475406453, 0.00315245473757], [0.000584658817388, -0.00344154937193, 0.0017774568405, -0.00243526836857, -0.00276988139376, 0.00168826547451, -0.00190765899606, 0.0050648204051, -0.00653631193563, -0.0120791867375, 0.0355187319219, -0.0159526932985, 0.00224316911772], [-0.000611940806266, 0.00432776194066, -0.00154421979096, 0.00372620555572, 0.00214075832628, 2.19738431042e-05, 0.00158027978614, -0.00529194436967, 0.00794118829072, -0.00442475406453, -0.0159526932985, 0.0404527820647, -0.0181582085788], [0.000617883168161, -0.00335907330737, 0.00144396163523, -0.00341139524244, -0.000544945709407, 0.000248603872024, -0.000841178116389, 0.00149381218944, -0.0052135954611, 0.00315245473757, 0.00224316911772, -0.0181582085788, 0.0306590478867]]
    },
    "melbands": {
        "dmean": [0.00609292509034, 0.00496878055856, 0.00196823920123, 0.000533349695615, 0.000267611671006, 0.000214514453546, 0.000145844998769, 0.000139536568895, 9.91135166259e-05, 5.14145649504e-05, 6.39569334453e-05, 2.46264244197e-05, 3.88501939597e-05, 2.17191463889e-05, 1.60190611496e-05, 1.45600452015e-05, 1.95824250113e-05, 8.88878457772e-06, 7.86481996329e-06, 1.4652135178e-05, 7.75224634708e-06, 6.31694547337e-06, 4.01246825277e-06, 3.55086467607e-06, 6.60038222122e-06, 2.10216808227e-06, 1.54845281486e-06, 2.01087209462e-06, 1.09747645638e-06, 8.85379165538e-07, 7.25665472601e-07, 5.61124977594e-07, 7.28973873265e-07, 6.35122205495e-07, 4.0878583718e-07, 3.06621529944e-07, 2.2143433398e-07, 1.77948336955e-07, 1.36663430794e-07, 9.78446053068e-08],
        "dmean2": [0.00957241188735, 0.00799843389541, 0.00314849242568, 0.00087466428522, 0.000429608131526, 0.000347701279679, 0.000239172877627, 0.000228566466831, 0.000160666750162, 8.36755134515e-05, 9.94863439701e-05, 4.10379834648e-05, 6.48032219033e-05, 3.56861819455e-05, 2.62657413259e-05, 2.41634661506e-05, 3.18475795211e-05, 1.46941947605e-05, 1.28192787088e-05, 2.45019382419e-05, 1.24989210235e-05, 1.01942778201e-05, 6.61340618535e-06, 5.82574466534e-06, 1.07140231194e-05, 3.30781608682e-06, 2.50020252679e-06, 3.18493812301e-06, 1.80549693596e-06, 1.44991315665e-06, 1.19837079637e-06, 9.12025996058e-07, 1.17872127703e-06, 1.05126855487e-06, 6.75845569731e-07, 4.9968912208e-07, 3.64986107115e-07, 2.96760276797e-07, 2.24630056778e-07, 1.58034552555e-07],
        "dvar": [6.23764135526e-05, 4.36695663666e-05, 9.20821548789e-06, 6.86177997977e-07, 1.64533048519e-07, 9.92469253447e-08, 5.1613930907e-08, 7.32175067242e-08, 3.11798267205e-08, 8.97602880912e-09, 2.24624621126e-08, 2.40042652422e-09, 6.06407013493e-09, 1.65133606789e-09, 1.15100629028e-09, 1.24219878828e-09, 2.3800876825e-09, 3.14583054051e-10, 2.39596537055e-10, 1.01931774132e-09, 2.46408338178e-10, 1.69801506189e-10, 1.00529175262e-10, 6.68593652664e-11, 3.65902003141e-10, 3.82404732879e-11, 1.64406630671e-11, 3.10964032302e-11, 6.9762390309e-12, 5.43684411727e-12, 6.07759806023e-12, 2.26441239891e-12, 5.89077007659e-12, 4.49400672925e-12, 1.88664383595e-12, 1.183693768e-12, 5.88063560521e-13, 4.58163075621e-13, 2.45675008115e-13, 1.54912378498e-13],
        "dvar2": [0.000149755345774, 0.000115729271783, 2.39166765823e-05, 1.76690139142e-06, 4.15448880631e-07, 2.45251982278e-07, 1.32935610964e-07, 1.90191357774e-07, 8.26215611482e-08, 2.24671872218e-08, 5.03436901056e-08, 6.64883126333e-09, 1.71936473947e-08, 4.44142500555e-09, 2.84901169323e-09, 3.20100812523e-09, 6.14263617749e-09, 8.1841089461e-10, 6.06198480302e-10, 2.7594020402e-09, 6.27831675537e-10, 4.3276404682e-10, 2.77951189842e-10, 1.75887832077e-10, 8.88196349802e-10, 9.02944108372e-11, 4.38318790985e-11, 7.22500947958e-11, 1.92970934371e-11, 1.42222457769e-11, 1.67389244826e-11, 5.87168811836e-12, 1.56783284272e-11, 1.17964605098e-11, 5.03768164337e-12, 3.18668529065e-12, 1.54261369303e-12, 1.26889124208e-12, 6.69706911455e-13, 4.09744503951e-13],
        "max": [0.122721068561, 0.0812318772078, 0.043923985213, 0.0154329771176, 0.00674726581201, 0.00600437493995, 0.00500204833224, 0.00524313095957, 0.00343751977198, 0.00226140650921, 0.00474550202489, 0.000922497594729, 0.0011707872618, 0.000762937299442, 0.00146919710096, 0.000751884595957, 0.00103563757148, 0.000519195629749, 0.000304399785819, 0.000617470184807, 0.000346998480381, 0.000210983533179, 0.000244511378696, 0.000179061942617, 0.000514398852829, 0.000233413127717, 9.48312299442e-05, 0.000136287635542, 5.68731047679e-05, 6.10496354057e-05, 9.106744983e-05, 4.19555690314e-05, 0.000100126526377, 7.01263343217e-05, 4.39908690169e-05, 3.88907064917e-05, 2.19451103476e-05, 1.43379411384e-05, 1.33065641421e-05, 1.33538351292e-05],
        "mean": [0.00888154841959, 0.007316485513, 0.00269919424318, 0.000712957640644, 0.000409730128013, 0.000366128690075, 0.000242442678427, 0.000217948225327, 0.000171643448994, 9.54550268943e-05, 0.000106693405542, 4.0931859985e-05, 6.10645874985e-05, 3.9208734961e-05, 2.72711258731e-05, 2.41601537709e-05, 3.11463263643e-05, 1.5674471797e-05, 1.33792591441e-05, 2.23548795475e-05, 1.4059399291e-05, 1.12100287879e-05, 7.14045017958e-06, 6.71187854095e-06, 1.04738828668e-05, 3.43903002431e-06, 2.63880201601e-06, 3.75844456357e-06, 2.11532142202e-06, 1.57067700002e-06, 1.31479828269e-06, 9.82416622719e-07, 1.18945160921e-06, 1.01744262793e-06, 6.3170324438e-07, 4.71022588044e-07, 3.15952917163e-07, 2.32451711213e-07, 1.91007785588e-07, 1.27903589942e-07],
        "median": [0.00497949449345, 0.00471153948456, 0.00136808096431, 0.000391777750337, 0.00022536641336, 0.000202232069569, 0.000130438027554, 9.43325576372e-05, 8.08869226603e-05, 4.28505663876e-05, 3.80230449082e-05, 1.99655369215e-05, 2.30452187679e-05, 1.59111168614e-05, 1.17066510938e-05, 8.55597863847e-06, 8.79941671883e-06, 6.69043265589e-06, 5.83807150178e-06, 7.22938557374e-06, 5.16341924595e-06, 4.12431381847e-06, 2.78562060885e-06, 2.2318874926e-06, 1.99426926883e-06, 1.21782886708e-06, 1.00175645912e-06, 8.00760972197e-07, 5.59873058137e-07, 4.16642137679e-07, 3.18462696214e-07, 2.68265438308e-07, 2.4783875574e-07, 1.94026725353e-07, 1.39070408522e-07, 1.08923877917e-07, 7.58104121701e-08, 4.98377197289e-08, 3.90162746555e-08, 2.68160960104e-08],
        "min": [2.27062666123e-24, 2.89405909589e-24, 1.21480447745e-24, 2.23388467571e-24, 2.53375890756e-24, 7.54517056851e-25, 2.72681644246e-24, 4.17518636369e-24, 3.10350107458e-24, 1.78839894809e-24, 1.94977247639e-24, 3.29231867933e-24, 3.5310325252e-24, 3.64448334515e-24, 3.53833619389e-24, 6.26588706586e-24, 4.63790179955e-24, 4.526090627e-24, 3.01614261794e-24, 2.74425440999e-24, 5.56087970828e-24, 4.6386989435e-24, 4.78509101712e-24, 4.65257145694e-24, 3.99521997551e-24, 3.37428073574e-24, 6.01841193356e-24, 3.96549766875e-24, 5.79842899824e-24, 4.02006081099e-24, 7.45326117331e-24, 5.27706727611e-24, 6.64347967688e-24, 6.85120884133e-24, 5.46512974376e-24, 7.69958772413e-24, 6.53501879659e-24, 6.68819310185e-24, 6.52005568294e-24, 6.9415531365e-24],
        "var": [0.00012080482702, 6.63789833197e-05, 1.3538156054e-05, 8.95763434983e-07, 2.88203409582e-07, 2.33159028085e-07, 1.10415491861e-07, 1.27098473968e-07, 5.94122795405e-08, 2.0131079026e-08, 5.15992972794e-08, 3.88157284092e-09, 1.07623163714e-08, 3.68279073903e-09, 2.03881156402e-09, 2.41628939079e-09, 4.474735249e-09, 6.15768824819e-10, 4.5812550975e-10, 1.71000014149e-09, 5.32873412062e-10, 3.40700523349e-10, 1.65971236754e-10, 1.38781111603e-10, 5.92122850751e-10, 5.12837550204e-11, 2.23263525723e-11, 7.53815551646e-11, 1.4445863776e-11, 9.6232579197e-12, 7.53592674374e-12, 3.66403045057e-12, 7.16095455502e-12, 5.60005687655e-12, 2.1371498321e-12, 1.22550190482e-12, 5.90078441838e-13, 3.67976374198e-13, 2.27911737876e-13, 1.37876458839e-13]
    },
    "mfcc": {
        "mean": [-696.265808105, 162.084701538, 16.2526245117, 37.4429855347, 13.8237819672, 13.8034639359, 3.92968320847, 11.2934484482, 5.18128252029, 7.10505056381, 3.1988825798, 4.06902503967, 4.08894968033],
        "cov": [[14633.6669922, -767.47052002, -1998.29516602, -440.701324463, -769.350524902, -117.918022156, -435.168609619, 78.0909957886, -164.772766113, -39.8175315857, -94.236076355, -31.6145648956, -77.0224685669], [-767.47052002, 1535.05395508, 116.418914795, 197.486923218, 118.077415466, -9.65031814575, 17.4464836121, -17.703119278, 13.1016578674, 0.659427285194, -27.3820896149, -5.92260026932, 13.2472610474], [-1998.29516602, 116.418914795, 777.500305176, 162.728683472, 200.663131714, 74.1812744141, 93.9811477661, 5.78894472122, 40.2457771301, 14.1261339188, 21.7506256104, -2.74489927292, -7.77513074875], [-440.701324463, 197.486923218, 162.728683472, 219.371551514, 107.836662292, 57.2805023193, 54.385974884, 33.8692092896, 30.3830509186, 17.1429595947, -0.401925355196, -11.2624320984, -1.40285372734], [-769.350524902, 118.077415466, 200.663131714, 107.836662292, 172.211578369, 51.1273078918, 61.8078231812, 23.8612518311, 28.2965221405, 23.0716781616, 7.99400186539, -2.36641168594, -1.79064929485], [-117.918022156, -9.65031814575, 74.1812744141, 57.2805023193, 51.1273078918, 89.8973693848, 46.5889015198, 36.0422058105, 27.4982757568, 19.3708133698, 9.77736473083, 0.268626600504, -1.76898181438], [-435.168609619, 17.4464836121, 93.9811477661, 54.385974884, 61.8078231812, 46.5889015198, 103.939826965, 56.8463058472, 40.5482788086, 26.5974731445, 10.9974479675, -0.143542602658, -2.83258986473], [78.0909957886, -17.703119278, 5.78894472122, 33.8692092896, 23.8612518311, 36.0422058105, 56.8463058472, 97.7396392822, 51.1230773926, 32.1161766052, 5.60795688629, -5.545566082, -3.39924812317], [-164.772766113, 13.1016578674, 40.2457771301, 30.3830509186, 28.2965221405, 27.4982757568, 40.5482788086, 51.1230773926, 69.7667541504, 36.8727798462, 7.27919721603, -0.96369433403, -1.96660614014], [-39.8175315857, 0.659427285194, 14.1261339188, 17.1429595947, 23.0716781616, 19.3708133698, 26.5974731445, 32.1161766052, 36.8727798462, 55.1502456665, 20.066286087, 5.11132574081, -4.15068817139], [-94.236076355, -27.3820896149, 21.7506256104, -0.401925355196, 7.99400186539, 9.77736473083, 10.9974479675, 5.60795688629, 7.27919721603, 20.066286087, 51.0516929626, 21.7995223999, -0.296458750963], [-31.6145648956, -5.92260026932, -2.74489927292, -11.2624320984, -2.36641168594, 0.268626600504, -0.143542602658, -5.545566082, -0.96369433403, 5.11132574081, 21.7995223999, 45.7731513977, 18.0245246887], [-77.0224685669, 13.2472610474, -7.77513074875, -1.40285372734, -1.79064929485, -1.76898181438, -2.83258986473, -3.39924812317, -1.96660614014, -4.15068817139, -0.296458750963, 18.0245246887, 52.9423103333]],
