{
"lowlevel": {
    "average_loudness": 0.690259218216,
    "barkbands_crest": {
        "dmean": 2.03486013412,
        "dmean2": 3.34597301483,
        "dvar": 4.26427125931,
        "dvar2": 10.9802112579,
        "max": 25.7696971893,
        "mean": 13.00578022,
        "median": 12.2955770493,
        "min": 2.08174276352,
        "var": 26.8564395905
    },
    "barkbands_flatness_db": {
        "dmean": 0.0189456790686,
        "dmean2": 0.0295599997044,
        "dvar": 0.000406049715821,
        "dvar2": 0.000920162070543,
        "max": 0.535162031651,
        "mean": 0.241696923971,
        "median": 0.233174026012,
        "min": 0.00692448625341,
        "var": 0.00972419138998
    },
    "barkbands_kurtosis": {
        "dmean": 3.93247056007,
        "dmean2": 6.03326416016,
        "dvar": 65.3922119141,
        "dvar2": 143.540374756,
        "max": 251.456970215,
        "mean": 11.1684837341,
        "median": 4.28018903732,
        "min": -1.59562444687,
        "var": 452.199066162
    },
    "barkbands_skewness": {
        "dmean": 0.486657530069,
        "dmean2": 0.757856369019,
        "dvar": 0.284360796213,
        "dvar2": 0.640110075474,
        "max": 12.9472570419,
        "mean": 2.28249526024,
        "median": 1.87772798538,
        "min": -2.13352298737,
        "var": 3.36205339432
    },
    "barkbands_spread": {
        "dmean": 1.88233220577,
        "dmean2": 3.04809451103,
        "dvar": 6.57820940018,
        "dvar2": 16.991891861,
        "max": 93.9762954712,
        "mean": 9.8739118576,
        "median": 7.63285064697,
        "min": 0.459511876106,
        "var": 49.9903182983
    },
    "dissonance": {
        "dmean": 0.030227933079,
        "dmean2": 0.051482450217,
        "dvar": 0.000820760382339,
        "dvar2": 0.00233289785683,
        "max": 0.499999970198,
        "mean": 0.445063441992,
        "median": 0.453601270914,
        "min": 0.194166526198,
        "var": 0.00155493477359
    },
    "dynamic_complexity": 5.04595661163,
    "erbbands_crest": {
        "dmean": 2.08760356903,
        "dmean2": 3.45052838326,
        "dvar": 3.72717618942,
        "dvar2": 9.94160461426,
        "max": 25.4992733002,
        "mean": 8.5980424881,
        "median": 7.90176677704,
        "min": 2.1728246212,
        "var": 11.2302370071
    },
    "erbbands_flatness_db": {
        "dmean": 0.0132123436779,
        "dmean2": 0.0204474832863,
        "dvar": 0.000166405079653,
        "dvar2": 0.000373907299945,
        "max": 0.431904166937,
        "mean": 0.207072511315,
        "median": 0.201471745968,
        "min": 0.0303473379463,
        "var": 0.0051248553209
    },
    "erbbands_kurtosis": {
        "dmean": 0.79530352354,
        "dmean2": 1.29776191711,
        "dvar": 2.56042337418,
        "dvar2": 6.64582538605,
        "max": 66.1081695557,
        "mean": 0.889106214046,
        "median": 0.278130292892,
        "min": -1.58479630947,
        "var": 8.20108795166
    },
    "erbbands_skewness": {
        "dmean": 0.264781028032,
        "dmean2": 0.42099365592,
        "dvar": 0.0551178902388,
        "dvar2": 0.132081344724,
        "max": 6.01564407349,
        "mean": 0.495200395584,
        "median": 0.470254778862,
        "min": -1.23090529442,
        "var": 0.40867459774
    },
    "erbbands_spread": {
        "dmean": 3.97780108452,
        "dmean2": 6.30662345886,
        "dvar": 15.056391716,
        "dvar2": 33.8638114929,
        "max": 81.951713562,
        "mean": 25.6360740662,
        "median": 23.6782245636,
        "min": 2.5895614624,
        "var": 156.001037598
    },
    "hfc": {
        "dmean": 2.71347618103,
        "dmean2": 4.34222745895,
        "dvar": 17.1441364288,
        "dvar2": 43.1725196838,
        "max": 108.759780884,
        "mean": 13.0255250931,
        "median": 8.65047264099,
        "min": 1.07808970481e-16,
        "var": 180.131210327
    },
    "melbands_crest": {
        "dmean": 2.72543954849,
        "dmean2": 4.4933757782,
        "dvar": 8.1115436554,
        "dvar2": 20.9118213654,
        "max": 37.0103492737,
        "mean": 18.7361793518,
        "median": 17.905632019,
        "min": 1.46753978729,
        "var": 56.8297615051
    },
    "melbands_flatness_db": {
        "dmean": 0.0219361204654,
        "dmean2": 0.0339051261544,
        "dvar": 0.000567898910958,
        "dvar2": 0.00126243545674,
        "max": 0.692887127399,
        "mean": 0.346186697483,
        "median": 0.340527415276,
        "min": 0.00266935583204,
        "var": 0.0150195043534
    },
    "melbands_kurtosis": {
        "dmean": 7.00064373016,
        "dmean2": 10.742732048,
        "dvar": 202.084976196,
        "dvar2": 439.890350342,
        "max": 548.079650879,
        "mean": 19.5795936584,
        "median": 9.05681037903,
        "min": -1.47511065006,
        "var": 1145.46105957
    },
    "melbands_skewness": {
        "dmean": 0.612190663815,
        "dmean2": 0.954543173313,
        "dvar": 0.42473590374,
        "dvar2": 0.95136231184,
        "max": 17.8889598846,
        "mean": 3.0031580925,
        "median": 2.57184910774,
        "min": -0.358054459095,
        "var": 4.02953386307
    },
    "melbands_spread": {
        "dmean": 2.29210400581,
        "dmean2": 3.69092941284,
        "dvar": 11.040517807,
        "dvar2": 26.1733207703,
        "max": 159.168563843,
        "mean": 11.3413352966,
        "median": 7.80360031128,
        "min": 0.435736685991,
        "var": 241.917556763
    },
    "pitch_salience": {
        "dmean": 0.0667044520378,
        "dmean2": 0.110099039972,
        "dvar": 0.0038114245981,
        "dvar2": 0.00986617431045,
        "max": 0.865060210228,
        "mean": 0.46584635973,
        "median": 0.479869008064,
        "min": 0.0617329366505,
        "var": 0.021522378549
    },
    "silence_rate_20dB": {
        "dmean": 0.000558711239137,
        "dmean2": 0.00111752655357,
        "dvar": 0.000558427942451,
        "dvar2": 0.00167518213857,
        "max": 1,
        "mean": 0.999720692635,
        "median": 1,
        "min": 0,
        "var": 0.000279238272924
    },
    "silence_rate_30dB": {
        "dmean": 0.0551261752844,
        "dmean2": 0.110262617469,
        "dvar": 0.0520920939744,
        "dvar2": 0.121391221881,
        "max": 1,
        "mean": 0.897299826145,
        "median": 1,
        "min": 0,
        "var": 0.0921588540077
    },
    "silence_rate_60dB": {
        "dmean": 0.0104292761534,
        "dmean2": 0.0208604950458,
        "dvar": 0.0103193949908,
        "dvar2": 0.022293291986,
        "max": 1,
        "mean": 0.100744880736,
        "median": 0,
        "min": 0,
        "var": 0.0905935540795
    },
    "spectral_centroid": {
        "dmean": 96.4064407349,
        "dmean2": 156.987503052,
        "dvar": 22972.3398438,
        "dvar2": 46091.75,
        "max": 11744.7089844,
        "mean": 799.661193848,
        "median": 538.928955078,
        "min": 163.542129517,
        "var": 1423329.875
    },
    "spectral_complexity": {
        "dmean": 1.91414475441,
        "dmean2": 3.1765692234,
        "dvar": 3.55085325241,
        "dvar2": 8.83022785187,
        "max": 48,
        "mean": 14.0295162201,
        "median": 13,
        "min": 0,
        "var": 69.1852035522
    },
    "spectral_decrease": {
        "dmean": 3.64119157048e-09,
        "dmean2": 5.89420379171e-09,
        "dvar": 5.54344021053e-17,
        "dvar2": 1.47570993278e-16,
        "max": 2.14020891e-28,
        "mean": -1.25542474194e-08,
        "median": -1.03637098903e-08,
        "min": -1.33995342821e-07,
        "var": 1.29128372864e-16
    },
    "spectral_energy": {
        "dmean": 0.0139309614897,
        "dmean2": 0.0225481446832,
        "dvar": 0.00080414157128,
        "dvar2": 0.00214009382762,
        "max": 0.510619878769,
        "mean": 0.0485639870167,
        "median": 0.04027492553,
        "min": 9.95986849825e-21,
        "var": 0.001909972867
    },
    "spectral_energyband_high": {
        "dmean": 3.90292407246e-05,
        "dmean2": 6.41696897219e-05,
        "dvar": 1.64662328217e-08,
        "dvar2": 4.3386961579e-08,
        "max": 0.00353744043969,
        "mean": 0.000116223200166,
        "median": 1.57396552822e-05,
        "min": 6.91100112162e-21,
        "var": 6.59320491536e-08
    },
    "spectral_energyband_low": {
        "dmean": 0.0122875198722,
        "dmean2": 0.0199545435607,
        "dvar": 0.000750111532398,
        "dvar2": 0.00201847054996,
        "max": 0.490030884743,
        "mean": 0.0329300276935,
        "median": 0.022350218147,
        "min": 1.920227545e-23,
        "var": 0.00138392823283
    },
    "spectral_energyband_middle_high": {
        "dmean": 0.000842216424644,
        "dmean2": 0.00130469969008,
        "dvar": 2.2708322831e-06,
        "dvar2": 5.45146258446e-06,
        "max": 0.0363847948611,
        "mean": 0.00337113952264,
        "median": 0.00119481352158,
        "min": 1.13405987402e-21,
        "var": 2.36027062783e-05
    },
    "spectral_energyband_middle_low": {
        "dmean": 0.00416526058689,
        "dmean2": 0.00677184015512,
        "dvar": 3.20873077726e-05,
        "dvar2": 8.33724261611e-05,
        "max": 0.0952873304486,
        "mean": 0.0135685382411,
        "median": 0.0108132734895,
        "min": 1.72105947775e-22,
        "var": 0.000144457517308
    },
    "spectral_entropy": {
        "dmean": 0.126150071621,
        "dmean2": 0.200622588396,
        "dvar": 0.0166734624654,
        "dvar2": 0.0378745757043,
        "max": 9.82728385925,
        "mean": 6.89805698395,
        "median": 6.90020608902,
        "min": 5.21182203293,
        "var": 0.423905968666
    },
    "spectral_flux": {
        "dmean": 0.0234245751053,
        "dmean2": 0.0380775332451,
        "dvar": 0.0012589271646,
        "dvar2": 0.00289574288763,
        "max": 0.591580331326,
        "mean": 0.0789239034057,
        "median": 0.0694438368082,
        "min": 6.41071917773e-11,
        "var": 0.00360527192242
    },
    "spectral_kurtosis": {
        "dmean": 9.2192697525,
        "dmean2": 15.9608774185,
        "dvar": 241.241851807,
        "dvar2": 690.758605957,
        "max": 237.083251953,
        "mean": 24.4419727325,
        "median": 10.4058361053,
        "min": -1.25657558441,
        "var": 1178.5032959
    },
    "spectral_rms": {
        "dmean": 0.000843565736432,
        "dmean2": 0.00133004784584,
        "dvar": 1.51793346959e-06,
        "dvar2": 3.71575220015e-06,
        "max": 0.0223196260631,
        "mean": 0.00613526208326,
        "median": 0.00626838207245,
        "min": 3.1172013755e-12,
        "var": 9.73812348093e-06
    },
    "spectral_rolloff": {
        "dmean": 121.864524841,
        "dmean2": 205.607467651,
        "dvar": 62658.8554688,
        "dvar2": 113162.140625,
        "max": 19832.0800781,
        "mean": 717.468566895,
        "median": 452.197265625,
        "min": 21.533203125,
        "var": 4212011
    },
    "spectral_skewness": {
        "dmean": 0.579163789749,
        "dmean2": 0.998179674149,
        "dvar": 0.622255444527,
        "dvar2": 1.82485187054,
        "max": 12.4066505432,
        "mean": 3.01559114456,
        "median": 2.38366818428,
        "min": -0.08852468431,
        "var": 3.55758333206
    },
    "spectral_spread": {
        "dmean": 253848.65625,
        "dmean2": 417391.71875,
        "dvar": 273326505984,
        "dvar2": 542920441856,
        "max": 43947644,
        "mean": 3147617,
        "median": 2395844.5,
        "min": 370907.1875,
        "var": 1.97694073078e+13
    },
    "spectral_strongpeak": {
        "dmean": 0.195068717003,
        "dmean2": 0.339457720518,
        "dvar": 0.16169936955,
        "dvar2": 0.456227660179,
        "max": 6.07194852829,
        "mean": 0.447267264128,
        "median": 0.320396691561,
        "min": 0,
        "var": 0.22739008069
    },
    "zerocrossingrate": {
        "dmean": 0.00347839575261,
        "dmean2": 0.00470583420247,
        "dvar": 4.20568794652e-05,
        "dvar2": 8.1284881162e-05,
        "max": 0.5263671875,
        "mean": 0.0264947135001,
        "median": 0.017578125,
        "min": 0.00146484375,
        "var": 0.00298249232583
    },
    "barkbands": {
        "dmean": [0.000724609883036, 0.00919430144131, 0.00414242036641, 0.00159575103316, 0.00163042801432, 0.00111459591426, 0.00151672726497, 0.000727209320758, 0.000762547366321, 0.00022816764249, 0.000348929432221, 0.000288116629235, 0.000226644086069, 0.000151026441017, 0.00018321358948, 0.00014346257376, 7.23881457816e-05, 9.49014720391e-05, 4.58342547063e-05, 3.37474011758e-05, 1.47836171891e-05, 1.12730604087e-05, 7.6106839515e-06, 3.83845508622e-06, 1.70334101313e-06, 7.07835965841e-07, 3.39075768352e-07],
        "dmean2": [0.00103035161737, 0.0148689663038, 0.00715610617772, 0.00273704784922, 0.00273260776885, 0.00181173044257, 0.00249178614467, 0.00114038679749, 0.00118361378554, 0.000368326931493, 0.000540327571798, 0.000460432551336, 0.000362308172043, 0.00023308841628, 0.000297379301628, 0.000238124135649, 0.000120561213407, 0.000159322415129, 7.73804422352e-05, 5.72895842197e-05, 2.42304504354e-05, 1.91586623259e-05, 1.26954892039e-05, 6.31663124295e-06, 2.83809777102e-06, 1.14754982405e-06, 5.42899442735e-07],
        "dvar": [3.26488520841e-06, 0.000443813856691, 0.000113454196253, 8.03470538813e-06, 6.06042749496e-06, 3.58442366633e-06, 6.33855052001e-06, 2.55140366789e-06, 2.1160515189e-06, 3.86176907341e-07, 4.24096981533e-07, 5.42791497082e-07, 2.9949288205e-07, 1.74125233343e-07, 2.85873937855e-07, 1.68057994188e-07, 3.23845803507e-08, 6.90420023375e-08, 2.13235296087e-08, 8.40164116056e-09, 2.16091766703e-09, 1.61330182546e-09, 7.57058860046e-10, 3.36288663583e-10, 1.07022175844e-10, 1.11949356035e-11, 5.16004383319e-12],
        "dvar2": [7.33167371436e-06, 0.0011791260913, 0.000326153152855, 2.26513511734e-05, 1.72045292857e-05, 9.23565494304e-06, 1.70492567122e-05, 6.03987427894e-06, 4.78455058328e-06, 9.47993157752e-07, 9.59689373303e-07, 1.29866350562e-06, 7.31268301024e-07, 3.82026655643e-07, 6.90624801791e-07, 4.42204537876e-07, 8.72229790616e-08, 1.95087949351e-07, 5.99279772473e-08, 2.38410535758e-08, 5.78443515309e-09, 4.55136195399e-09, 2.06637151834e-09, 9.21975995549e-10, 2.98182034619e-10, 2.82259129264e-11, 1.15566722858e-11],
        "max": [0.0343289487064, 0.439963728189, 0.236406892538, 0.0366790480912, 0.0386662110686, 0.0293627604842, 0.0425842069089, 0.0482277050614, 0.038405444473, 0.0238436963409, 0.0178887862712, 0.0211864449084, 0.0127166174352, 0.0147347254679, 0.0115635870025, 0.0102380756289, 0.00482396176085, 0.00534488866106, 0.00314495433122, 0.00211182865314, 0.00125300197396, 0.000880408624653, 0.000850270211231, 0.000593386532273, 0.000403350015404, 9.38258381211e-05, 0.000100822202512],
        "mean": [0.00241703237407, 0.0233699530363, 0.00576466694474, 0.00241577206179, 0.0030576265417, 0.00205337791704, 0.00291081424803, 0.00133565533906, 0.00171250768472, 0.000435169262346, 0.000678832817357, 0.000588922470342, 0.000408671738114, 0.000294383731671, 0.000294666882837, 0.000262867775746, 0.000138739836984, 0.000169729697518, 9.14478150662e-05, 7.4201154348e-05, 3.42735947925e-05, 2.38001539401e-05, 1.71072551893e-05, 7.62624313211e-06, 3.7142938254e-06, 1.77658455414e-06, 7.80255220434e-07],
        "median": [0.000424144847784, 0.014154872857, 0.00206891912967, 0.001064562588, 0.00180013594218, 0.00112462160178, 0.00120942061767, 0.000518369604833, 0.000812010955997, 0.000148532548337, 0.000284757028567, 0.000143705139635, 9.08624642761e-05, 5.08097218699e-05, 5.71233431401e-05, 5.12328151672e-05, 3.29909744323e-05, 1.96620749193e-05, 1.00594179457e-05, 6.91924969942e-06, 3.36875632456e-06, 2.75494335256e-06, 1.62102014656e-06, 6.20056539447e-07, 3.08533600446e-07, 1.14879384228e-07, 1.58999178268e-08],
        "min": [6.05486342105e-25, 4.57458111798e-24, 1.42800823798e-24, 1.80750082048e-24, 3.57948120656e-24, 3.88744698193e-24, 7.34881046743e-24, 3.74641364043e-24, 2.12025774256e-23, 1.19395691504e-23, 1.79436431426e-23, 1.83506101727e-23, 2.69152335777e-23, 4.30312137983e-23, 3.69366290613e-23, 4.99905825695e-23, 5.87736084269e-23, 8.72789520867e-23, 1.21716832676e-22, 1.75014648327e-22, 2.18109867143e-22, 3.27443085599e-22, 3.96697903909e-22, 5.72882502378e-22, 8.6459367258e-22, 1.21589067502e-21, 1.99387585155e-21],
        "var": [1.68030419445e-05, 0.000845222792123, 0.000124909376609, 1.34232805067e-05, 1.29436193674e-05, 7.42407701182e-06, 1.8420174456e-05, 7.66153516452e-06, 6.43857265459e-06, 1.46576599036e-06, 1.14683655283e-06, 1.69818679296e-06, 7.04314459199e-07, 5.21426613886e-07, 5.86952580761e-07, 3.96615945419e-07, 8.61767617266e-08, 1.52387869434e-07, 5.14101223814e-08, 2.55465728571e-08, 7.11034342515e-09, 3.2794502669e-09, 1.81671910848e-09, 5.52280499111e-10, 1.42086772903e-10, 2.92513756273e-11, 1.62526814923e-11]
    },
    "erbbands": {
        "dmean": [0.30492451787, 2.02391123772, 4.6669178009, 4.9549074173, 5.12334394455, 6.0202422142, 6.50765180588, 11.0538482666, 14.9027519226, 22.0334796906, 14.4389667511, 18.5194282532, 8.61147499084, 12.769654274, 10.2431821823, 8.90168380737, 9.47914123535, 6.6159029007, 7.44213867188, 7.19378042221, 7.85790014267, 4.63814735413, 6.15637969971, 2.33401489258, 2.09708929062, 1.07090139389, 0.800414323807, 0.425938427448, 0.495673090219, 0.30105432868, 0.183933347464, 0.103946551681, 0.0537097379565, 0.0248801410198, 0.0105800116435, 0.00379912555218, 0.00124252948444, 0.000302002998069, 6.09495473327e-05, 1.85015578609e-05],
        "dmean2": [0.467360675335, 3.38709998131, 8.03963947296, 8.46490001678, 8.6043806076, 10.0792617798, 10.5762224197, 18.006269455, 24.452129364, 36.6232032776, 22.4969501495, 28.5297374725, 13.7824640274, 19.777141571, 16.0464115143, 14.0607213974, 15.2445363998, 10.3456134796, 11.6629476547, 11.7281322479, 13.0527839661, 7.73427963257, 10.4090929031, 3.96130466461, 3.48656320572, 1.80093717575, 1.32158720493, 0.698515176773, 0.851768791676, 0.503721058369, 0.306711345911, 0.170627057552, 0.0905927866697, 0.0422990396619, 0.0175556279719, 0.00612083263695, 0.00201207841747, 0.000484703283291, 9.67546438915e-05, 2.97376991512e-05],
        "dvar": [0.504829406738, 24.5708217621, 153.89616394, 93.3070297241, 77.3683547974, 77.8509750366, 153.078765869, 346.385040283, 626.062927246, 1462.40319824, 736.653198242, 1379.71398926, 420.596374512, 598.653564453, 595.753540039, 458.222259521, 516.432189941, 252.219802856, 349.114807129, 364.994750977, 674.241760254, 149.64225769, 309.157196045, 45.3659210205, 30.1600761414, 7.68818473816, 6.11278343201, 1.78837370872, 3.53257870674, 0.99571198225, 0.515316545963, 0.210454031825, 0.0704535618424, 0.026300996542, 0.00275088963099, 0.000322115432937, 3.78773074772e-05, 3.04266018247e-06, 1.30303774881e-07, 1.70739467009e-09],
        "dvar2": [1.26087331772, 67.8002166748, 441.638427734, 262.018493652, 216.872573853, 221.556045532, 390.479736328, 897.788696289, 1704.21862793, 3916.37597656, 1655.57141113, 3013.63354492, 1075.92419434, 1344.35571289, 1443.8380127, 1075.30859375, 1276.31750488, 598.010742188, 799.190551758, 898.81036377, 1765.78820801, 402.99786377, 875.406860352, 128.023147583, 83.8001098633, 21.3872032166, 16.7931632996, 4.60774993896, 10.1217784882, 2.7100019455, 1.41377127171, 0.571584284306, 0.195943176746, 0.0745554864407, 0.00739078503102, 0.000847881368827, 9.17975994525e-05, 6.95463495504e-06, 2.9487938491e-07, 4.23490975621e-09],
        "max": [13.5161991119, 93.9815444946, 267.819061279, 132.029815674, 147.576889038, 102.202919006, 252.803009033, 314.45123291, 573.153930664, 754.309814453, 764.661804199, 1072.18151855, 551.15020752, 690.09954834, 573.68170166, 534.971557617, 516.289245605, 333.049499512, 645.090942383, 421.342102051, 687.028503418, 347.103240967, 348.577148438, 165.800231934, 103.121131897, 59.9200706482, 69.0279541016, 36.2778930664, 41.9719772339, 35.7564048767, 23.1169223785, 14.033572197, 8.371925354, 6.7326335907, 1.50706315041, 0.463153213263, 0.182297497988, 0.0746262446046, 0.0154050057754, 0.00133310805541],
        "mean": [0.924267947674, 4.20501995087, 6.84872913361, 8.22819805145, 8.53072738647, 10.2970457077, 12.5594930649, 20.0173816681, 29.1705417633, 44.1828422546, 29.7783203125, 41.6816253662, 19.8392753601, 24.9395198822, 22.5820960999, 19.6725330353, 18.6722602844, 14.8906135559, 14.8801269531, 13.5888280869, 15.1298942566, 9.60959243774, 10.6855239868, 5.25338125229, 4.59890127182, 2.70545935631, 1.88066697121, 0.996809005737, 0.974675297737, 0.679924070835, 0.417413949966, 0.212135404348, 0.105899840593, 0.0508409887552, 0.0237498767674, 0.00892729870975, 0.00308483699337, 0.000714175810572, 0.000151382933836, 6.22445513727e-05],
        "median": [0.51100486517, 2.20751047134, 2.79783773422, 3.70641875267, 4.49002790451, 6.09912395477, 6.34907722473, 10.808052063, 14.3932113647, 19.3458538055, 13.9594650269, 19.5902023315, 8.80419921875, 11.7982444763, 7.52505683899, 5.80204677582, 4.4878578186, 3.19692325592, 3.26064014435, 3.05417394638, 2.96957206726, 2.06114816666, 1.30067908764, 0.659951448441, 0.488342404366, 0.287046790123, 0.18562631309, 0.107316434383, 0.10723914206, 0.0783592313528, 0.0385573878884, 0.018107695505, 0.00775329116732, 0.00409360649064, 0.00180483679287, 0.000683122954797, 0.000197202985873, 3.43180654454e-05, 2.875651262e-05, 4.92199251312e-05],
        "min": [7.31083912107e-23, 2.98346967163e-22, 1.53836035233e-21, 4.55742792135e-21, 9.55015317771e-21, 1.58521651916e-20, 3.60299550742e-20, 4.8338476906e-20, 1.48085931614e-19, 6.75233285517e-20, 2.46341003863e-19, 4.47317510079e-19, 3.81618302186e-19, 5.46885447207e-19, 1.00398416123e-18, 1.12084989254e-18, 1.56570772937e-18, 1.98674472911e-18, 1.92145205464e-18, 2.19472275052e-18, 3.206060444e-18, 4.40531826982e-18, 5.13117752914e-18, 6.21682809487e-18, 6.94163435328e-18, 8.89681138867e-18, 8.14431112336e-18, 9.48922408131e-18, 8.96910945575e-18, 1.11800788607e-17, 1.12333972686e-17, 9.20966267686e-18, 9.50685295452e-18, 7.61008562373e-18, 5.68795404022e-18, 4.24052776177e-18, 2.20142105233e-18, 9.39390867971e-19, 2.34378421242e-19, 2.79187027669e-20],
        "var": [1.44262254238, 36.9594497681, 164.418518066, 160.874023438, 135.005661011, 148.944732666, 330.503631592, 787.309875488, 1597.47155762, 4357.96289062, 2326.57983398, 4099.22216797, 1429.26013184, 1535.76647949, 1938.47839355, 1619.58532715, 1317.16931152, 893.117980957, 1022.48931885, 890.27532959, 1510.55126953, 428.262023926, 617.308410645, 134.77116394, 94.8846740723, 30.5632419586, 20.4180793762, 5.64425134659, 6.11674308777, 2.46956586838, 1.10661578178, 0.368908703327, 0.112920753658, 0.0301308315247, 0.00506025366485, 0.0006390765775, 0.000110421686259, 8.49125262903e-06, 4.26621056704e-07, 4.37383906871e-09]
    },
    "gfcc": {
        "mean": [-94.2324066162, 173.157302856, -99.645324707, 15.9007568359, -34.6366882324, 3.55655550957, -15.5457115173, 6.2126455307, -3.09830474854, -2.19842600822, -4.25095701218, -1.55102074146, -4.05226898193],
        "cov": [[28829.2441406, 890.074401855, -3708.77075195, 1580.34643555, -1299.01245117, 528.957458496, -824.039306641, 228.890258789, -205.900619507, 103.336875916, -221.785171509, -148.461578369, -282.906463623], [890.074401855, 3541.70117188, -238.896957397, -801.059387207, 599.361083984, -446.99432373, 291.282928467, -264.017883301, 226.262451172, -255.899078369, 207.960617065, -234.818603516, 300.954925537], [-3708.77075195, -238.896957397, 1192.38696289, -212.46232605, 181.374969482, 20.5564727783, 136.325714111, -19.594121933, 45.0360641479, -26.7262001038, -4.47848081589, 63.6380615234, -18.0749149323], [1580.34643555, -801.059387207, -212.46232605, 491.552978516, -210.87550354, 154.754425049, -134.067062378, 59.3677940369, -49.8614692688, 41.9967041016, -48.1972389221, 22.7618923187, -75.1534729004], [-1299.01245117, 599.361083984, 181.374969482, -210.87550354, 343.881408691, -69.9708175659, 142.309463501, -34.1416854858, 55.475025177, -38.7909736633, 59.5923271179, -37.0107307434, 93.3761825562], [528.957458496, -446.99432373, 20.5564727783, 154.754425049, -69.9708175659, 175.854522705, -19.0757236481, 40.4677772522, -24.1331443787, 22.5809955597, -38.2000350952, 29.9626712799, -45.3567771912], [-824.039306641, 291.282928467, 136.325714111, -134.067062378, 142.309463501, -19.0757236481, 164.898483276, 19.1363830566, 47.5735740662, -20.302942276, 36.1123313904, 0.761261343956, 53.2772789001], [228.890258789, -264.017883301, -19.594121933, 59.3677940369, -34.1416854858, 40.4677772522, 19.1363830566, 99.2398071289, -3.32026124001, 37.9393463135, -10.9615383148, 29.1902523041, -15.4214286804], [-205.900619507, 226.262451172, 45.0360641479, -49.8614692688, 55.475025177, -24.1331443787, 47.5735740662, -3.32026124001, 92.8754272461, -3.58966040611, 31.1798210144, -14.9896974564, 32.2158737183], [103.336875916, -255.899078369, -26.7262001038, 41.9967041016, -38.7909736633, 22.5809955597, -20.302942276, 37.9393463135, -3.58966040611, 83.7892608643, 8.73190784454, 25.4342460632, -23.2038078308], [-221.785171509, 207.960617065, -4.47848081589, -48.1972389221, 59.5923271179, -38.2000350952, 36.1123313904, -10.9615383148, 31.1798210144, 8.73190784454, 66.9052352905, -0.826125144958, 32.9598731995], [-148.461578369, -234.818603516, 63.6380615234, 22.7618923187, -37.0107307434, 29.9626712799, 0.761261343956, 29.1902523041, -14.9896974564, 25.4342460632, -0.826125144958, 68.759513855, -8.09678459167], [-282.906463623, 300.954925537, -18.0749149323, -75.1534729004, 93.3761825562, -45.3567771912, 53.2772789001, -15.4214286804, 32.2158737183, -23.2038078308, 32.9598731995, -8.09678459167, 86.6702270508]],
        "icov": [[0.000154222987476, -0.000475451757666, 0.000200422044145, -0.000469162449008, 0.000370747002307, -0.000628177192993, 0.00043772518984, -0.000618785968982, 0.000195809043362, -0.00048160913866, 0.000472710147733, -0.000331502669724, 0.000269542972092], [-0.000475451757666, 0.00279636750929, 1.1466640899e-05, 0.00261439639144, -0.00172395189293, 0.00259986845776, -0.00175762944855, 0.00295616895892, -0.00183455157094, 0.00375036639161, -0.00298180361278, 0.00239531742409, -0.00112465652637], [0.000200422044145, 1.1466640899e-05, 0.00186909385957, 0.000249786011409, -0.000681650009938, -0.00066377420444, -0.000282871187665, 0.00049697625218, -0.00123175105546, 0.000856582133565, 0.000817614840344, -0.00195875298232, 0.00206337845884], [-0.000469162449008, 0.00261439639144, 0.000249786011409, 0.00680815521628, -0.000715416041203, -0.000788953853771, 0.00112775468733, 0.000689898384735, -0.00174064305611, 0.00418982794508, -0.00415716040879, 0.00295844930224, -0.00124067452271], [0.000370747002307, -0.00172395189293, -0.000681650009938, -0.000715416041203, 0.00818611774594, -0.00234692776576, -0.00197928678244, -0.00134679686744, 0.00228467117995, -0.00278114015236, -0.000580660242122, 0.00288281985559, -0.00374038354494], [-0.000628177192993, 0.00259986845776, -0.00066377420444, -0.000788953853771, -0.00234692776576, 0.0131541239098, -0.00479174545035, 0.00329013355076, -0.00156250095461, 0.00202862080187, 0.00169134070165, -0.000841679982841, 0.00144460727461], [0.00043772518984, -0.00175762944855, -0.000282871187665, 0.00112775468733, -0.00197928678244, -0.00479174545035, 0.0166274327785, -0.00928118079901, -0.00169073266443, 0.00227609439753, -0.00239576632157, -0.00184377457481, -0.00182012945879], [-0.000618785968982, 0.00295616895892, 0.00049697625218, 0.000689898384735, -0.00134679686744, 0.00329013355076, -0.00928118079901, 0.0212057083845, -0.0025922099594, -0.00346494093537, 0.00251565966755, -0.0022476951126, -6.25190004939e-05], [0.000195809043362, -0.00183455157094, -0.00123175105546, -0.00174064305611, 0.00228467117995, -0.00156250095461, -0.00169073266443, -0.0025922099594, 0.0169759579003, -0.00411975802854, -0.00310431909747, 0.00369720649906, -0.00334490835667], [-0.00048160913866, 0.00375036639161, 0.000856582133565, 0.00418982794508, -0.00278114015236, 0.00202862080187, 0.00227609439753, -0.00346494093537, -0.00411975802854, 0.0248344540596, -0.0115002803504, -0.00113316636998, 0.00370686687529], [0.000472710147733, -0.00298180361278, 0.000817614840344, -0.00415716040879, -0.000580660242122, 0.00169134070165, -0.00239576632157, 0.00251565966755, -0.00310431909747, -0.0115002803504, 0.0299022756517, -0.00693899579346, -0.00205096509308], [-0.000331502669724, 0.00239531742409, -0.00195875298232, 0.00295844930224, 0.00288281985559, -0.000841679982841, -0.00184377457481, -0.0022476951126, 0.00369720649906, -0.00113316636998, -0.00693899579346, 0.026092370972, -0.00665692426264], [0.000269542972092, -0.00112465652637, 0.00206337845884, -0.00124067452271, -0.00374038354494, 0.00144460727461, -0.00182012945879, -6.25190004939e-05, -0.00334490835667, 0.00370686687529, -0.00205096509308, -0.00665692426264, 0.0239649321884]]
    },
    "melbands": {
        "dmean": [0.00256473873742, 0.00245581613854, 0.000813162012491, 0.000401805475121, 0.00021732498135, 0.000230982113862, 0.000259623571765, 0.000224560397328, 0.000114028822281, 0.000123022779007, 4.29073152191e-05, 5.07491458848e-05, 3.41609083989e-05, 3.61374113709e-05, 1.96668279386e-05, 2.78907555185e-05, 1.13623600555e-05, 1.18992174976e-05, 1.84465170605e-05, 8.48070612847e-06, 9.08179390535e-06, 5.64337506148e-06, 4.9861878324e-06, 3.94774224333e-06, 2.0459276584e-06, 1.93511732505e-06, 1.7268779402e-06, 7.06153912233e-07, 6.71862665058e-07, 3.1902177966e-07, 2.31859360156e-07, 3.55059171397e-07, 1.83762111305e-07, 1.91322499177e-07, 1.16158851426e-07, 9.87188357726e-08, 5.91520041837e-08, 4.36558593719e-08, 2.6648528717e-08, 2.0519763666e-08],
        "dmean2": [0.00404150597751, 0.0041844015941, 0.00138248607982, 0.000675400486216, 0.00035610384657, 0.000376029784093, 0.00042545114411, 0.000369773217244, 0.000177819369128, 0.000189900601981, 6.90731030772e-05, 7.82925853855e-05, 5.30532888661e-05, 5.66892231291e-05, 3.19690661854e-05, 4.48050705018e-05, 1.77583897312e-05, 1.87588157132e-05, 3.0039152989e-05, 1.41538685057e-05, 1.51926187755e-05, 9.45943156694e-06, 8.42359531816e-06, 6.56085876471e-06, 3.49068614014e-06, 3.24905295201e-06, 2.9290558814e-06, 1.19414335131e-06, 1.12644704586e-06, 5.22878110587e-07, 3.8177537931e-07, 6.14047678482e-07, 3.08166619334e-07, 3.23455992657e-07, 1.97407359792e-07, 1.62936245829e-07, 9.72255165266e-08, 7.36908347676e-08, 4.54468818134e-08, 3.50831754758e-08],
        "dvar": [3.40850529028e-05, 3.91612848034e-05, 2.31069907386e-06, 3.88012409758e-07, 1.42139867876e-07, 1.47693512531e-07, 1.82359570999e-07, 1.56136280793e-07, 4.43879422107e-08, 6.38899138039e-08, 1.09994173769e-08, 9.86497283861e-09, 4.69686689542e-09, 9.58194679157e-09, 2.48305731532e-09, 4.93781415756e-09, 7.820543102e-10, 1.24982713068e-09, 3.36647798527e-09, 4.2329792449e-10, 9.86636439215e-10, 2.26712745799e-10, 1.91829704899e-10, 1.12043825606e-10, 3.78744050011e-11, 3.51493313622e-11, 2.55499597174e-11, 3.94129347214e-12, 4.54904343361e-12, 9.90957533045e-13, 5.46256291069e-13, 1.87387063331e-12, 4.22453819973e-13, 3.89459135514e-13, 1.93029647171e-13, 1.36796783211e-13, 7.38645933697e-14, 4.41735102002e-14, 2.05544555578e-14, 2.01454724755e-14],
        "dvar2": [8.78411810845e-05, 0.000111361034214, 6.50249194223e-06, 1.11246936285e-06, 3.68809025986e-07, 3.85081193599e-07, 4.89634714995e-07, 4.03795553439e-07, 9.99205269636e-08, 1.40457629527e-07, 2.85358670027e-08, 2.13517523662e-08, 1.10862847791e-08, 2.27396590446e-08, 6.28980378892e-09, 1.24423431558e-08, 1.82782344815e-09, 2.75185807475e-09, 8.13144307443e-09, 1.14732090495e-09, 2.60153365517e-09, 6.11827921659e-10, 5.46843237359e-10, 3.11184189528e-10, 1.07075320832e-10, 9.74898009543e-11, 7.36750105368e-11, 1.10139267498e-11, 1.26469407863e-11, 2.56723028252e-12, 1.42170498464e-12, 5.42925730415e-12, 1.16788685927e-12, 1.08126094883e-12, 5.34303937899e-13, 3.72992001868e-13, 2.01791234005e-13, 1.23373194798e-13, 5.76530197281e-14, 5.73786081582e-14],
        "max": [0.123280197382, 0.119962014258, 0.0212921667844, 0.00909706763923, 0.00794409960508, 0.0062412545085, 0.00868499651551, 0.0101524600759, 0.00495964149013, 0.00727115990594, 0.00288230064325, 0.00278722587973, 0.00152126245666, 0.00306154834107, 0.00126983923838, 0.00172643456608, 0.000570428441279, 0.00147067231592, 0.00126853841357, 0.000424718775321, 0.000835161597934, 0.00040409367648, 0.000256095343502, 0.00021117774304, 0.000146210368257, 0.000138334391522, 0.000126609884319, 4.50818188256e-05, 5.83524924878e-05, 2.98000722978e-05, 1.74740871444e-05, 3.35836848535e-05, 1.7247730284e-05, 2.20728543354e-05, 1.46263091665e-05, 1.2234913811e-05, 7.6806099969e-06, 7.05924685462e-06, 4.6576819841e-06, 6.14624832451e-06],
        "mean": [0.00729913124815, 0.00432218471542, 0.00143579090945, 0.000686225423124, 0.000443154509412, 0.0004248348705, 0.00051602255553, 0.000461440125946, 0.00022292957874, 0.000272235454759, 9.19734447962e-05, 9.72048728727e-05, 7.38620292395e-05, 7.29520470486e-05, 3.60879748769e-05, 4.93559746246e-05, 2.37160802499e-05, 2.2258667741e-05, 2.82638175122e-05, 1.52208303916e-05, 1.62786946021e-05, 1.01621835711e-05, 8.55909456732e-06, 7.33591468816e-06, 3.96838777306e-06, 3.72595286535e-06, 3.20777644447e-06, 1.48786443788e-06, 1.44147941228e-06, 6.73455701872e-07, 4.82565383209e-07, 6.23731807536e-07, 3.64507201311e-07, 3.91204650896e-07, 2.41320634586e-07, 2.03335318361e-07, 1.01154000731e-07, 7.9616548021e-08, 5.28762384988e-08, 3.85438241324e-08],
        "median": [0.00437476392835, 0.00217613577843, 0.000681774457917, 0.000394792063162, 0.000256309227552, 0.000233155456954, 0.000238309556153, 0.000207903794944, 9.75669754553e-05, 0.000121784192743, 3.67772227037e-05, 4.49526123703e-05, 3.03928100038e-05, 1.68431615748e-05, 9.98477662506e-06, 9.19160083868e-06, 4.93057541462e-06, 4.64405547973e-06, 4.42901819042e-06, 3.49214997186e-06, 3.02031685351e-06, 2.12646409636e-06, 1.28627789309e-06, 8.0808030134e-07, 4.49524918622e-07, 3.6577711171e-07, 2.90511138701e-07, 1.43244818673e-07, 1.23193245827e-07, 7.09978635882e-08, 4.73902659337e-08, 6.01333738359e-08, 4.08696649856e-08, 4.05961273486e-08, 2.18918021488e-08, 1.54039447864e-08, 8.86074325024e-09, 5.35209121466e-09, 3.87769105714e-09, 2.96182767201e-09],
        "min": [1.21803220045e-24, 5.33543213625e-25, 1.29094306405e-24, 7.51966669545e-25, 1.11426790217e-24, 7.26512396108e-25, 2.28714619744e-24, 6.42011834612e-25, 1.78444261344e-24, 2.82629476084e-24, 1.10212644537e-24, 1.87303208753e-24, 2.35831920047e-24, 2.27481215998e-24, 1.99637680095e-24, 2.25316463345e-24, 3.20267863974e-24, 2.20006561705e-24, 2.95008281409e-24, 2.11501201476e-24, 2.86918788927e-24, 3.2431967052e-24, 3.36145543514e-24, 4.13652665731e-24, 3.9095043217e-24, 4.47241376999e-24, 3.89449979285e-24, 5.52593790335e-24, 3.90198016639e-24, 4.46706568749e-24, 4.29591087561e-24, 4.64883067853e-24, 4.93455294296e-24, 5.73670970431e-24, 6.06861425271e-24, 4.77124887482e-24, 4.18688083218e-24, 5.29076781788e-24, 4.97327063062e-24, 5.95781282211e-24],
        "var": [7.97838438302e-05, 4.61213639937e-05, 4.17214323534e-06, 6.95671928952e-07, 3.50611799149e-07, 3.31743109427e-07, 5.19135653576e-07, 4.95713607052e-07, 1.32937316266e-07, 1.87309723287e-07, 3.73314854585e-08, 2.59630468236e-08, 1.49526684368e-08, 2.97180235975e-08, 7.40388461651e-09, 1.12556532983e-08, 2.5795916514e-09, 3.3782905362e-09, 6.66789068404e-09, 1.02610719921e-09, 2.01815941736e-09, 5.5050070058e-10, 3.77571807153e-10, 2.8082564052e-10, 9.07066435851e-11, 8.61567622801e-11, 5.94150284527e-11, 1.09562350512e-11, 1.3199051227e-11, 2.58803091804e-12, 1.47028938503e-12, 2.84234788483e-12, 7.90220699206e-13, 8.96747682621e-13, 3.75926232418e-13, 3.08783787385e-13, 1.00426347197e-13, 7.00589421004e-14, 2.78688459435e-14, 2.03510321252e-14]
    },
    "mfcc": {
        "mean": [-728.401794434, 196.560272217, 6.08672904968, 22.5777206421, 6.42720031738, 6.9985575676, 0.2299541682, 11.7389860153, 4.51351070404, 6.8799071312, 3.73059248924, 4.87001132965, 6.75695133209],
        "cov": [[14907.25, 379.177490234, -2030.43859863, 790.153076172, -402.437469482, 118.281448364, -271.095977783, 9.97250652313, -207.211257935, 160.465530396, 54.727645874, 17.0196247101, -62.8751335144], [379.177490234, 3054.71606445, 76.4630813599, -247.075637817, 182.986373901, -51.2854995728, 8.78615951538, 8.45673084259, 89.0761947632, -40.9819107056, -35.2683258057, 21.0420036316, 6.90880632401], [-2030.43859863, 76.4630813599, 800.926269531, -140.915557861, 116.852828979, 54.2994384766, 28.9574298859, 61.2369651794, 30.1610717773, -9.75848674774, 9.03229618073, -10.0416307449, 3.3224132061], [790.153076172, -247.075637817, -140.915557861, 266.682830811, -21.807390213, 17.0964431763, -7.20077800751, 2.90476894379, -18.0192470551, 22.3582935333, 2.4058804512, 4.47656774521, 4.75453901291], [-402.437469482, 182.986373901, 116.852828979, -21.807390213, 137.617599487, 35.4576568604, 25.5328655243, 2.59025001526, 24.291349411, -1.49413132668, 1.84023952484, 0.937458634377, -13.7762241364], [118.281448364, -51.2854995728, 54.2994384766, 17.0964431763, 35.4576568604, 108.804786682, 20.7903022766, 28.2049198151, 7.66738796234, 6.2868013382, 2.76333642006, -5.17069149017, -9.57258701324], [-271.095977783, 8.78615951538, 28.9574298859, -7.20077800751, 25.5328655243, 20.7903022766, 91.6116638184, 33.6745986938, 26.6913700104, 7.79389429092, -0.493109643459, 4.31655263901, 9.40354824066], [9.97250652313, 8.45673084259, 61.2369651794, 2.90476894379, 2.59025001526, 28.2049198151, 33.6745986938, 90.6097717285, 30.1023864746, 11.9209413528, 3.40737104416, -6.66082143784, 9.5085773468], [-207.211257935, 89.0761947632, 30.1610717773, -18.0192470551, 24.291349411, 7.66738796234, 26.6913700104, 30.1023864746, 72.0965118408, 19.1674938202, -0.23116736114, 0.338117212057, 5.72906827927], [160.465530396, -40.9819107056, -9.75848674774, 22.3582935333, -1.49413132668, 6.2868013382, 7.79389429092, 11.9209413528, 19.1674938202, 57.1726646423, 21.4248180389, 2.45976233482, 6.99082279205], [54.727645874, -35.2683258057, 9.03229618073, 2.4058804512, 1.84023952484, 2.76333642006, -0.493109643459, 3.40737104416, -0.23116736114, 21.4248180389, 51.118888855, 16.7506980896, 6.65842819214], [17.0196247101, 21.0420036316, -10.0416307449, 4.47656774521, 0.937458634377, -5.17069149017, 4.31655263901, -6.66082143784, 0.338117212057, 2.45976233482, 16.7506980896, 47.3802566528, 19.1449584961], [-62.8751335144, 6.90880632401, 3.3224132061, 4.75453901291, -13.7762241364, -9.57258701324, 9.40354824066, 9.5085773468, 5.72906827927, 6.99082279205, 6.65842819214, 19.1449584961, 62.2831497192]],
