{
"lowlevel": {
    "average_loudness": 0.532647013664,
    "barkbands_crest": {
        "dmean": 2.95915126801,
        "dmean2": 4.87076616287,
        "dvar": 7.71918106079,
        "dvar2": 20.460603714,
        "max": 26.4790363312,
        "mean": 12.9231615067,
        "median": 11.8850593567,
        "min": 3.08277916908,
        "var": 26.7826423645
    },
    "barkbands_flatness_db": {
        "dmean": 0.0326039381325,
        "dmean2": 0.0490989908576,
        "dvar": 0.00105072150473,
        "dvar2": 0.00231449189596,
        "max": 0.597733616829,
        "mean": 0.213174924254,
        "median": 0.196375846863,
        "min": 0.0422874055803,
        "var": 0.00756120774895
    },
    "barkbands_kurtosis": {
        "dmean": 16.3277873993,
        "dmean2": 25.8298854828,
        "dvar": 2830.00585938,
        "dvar2": 7218.87207031,
        "max": 1519.73583984,
        "mean": 28.9739990234,
        "median": 8.23985862732,
        "min": -1.85622823238,
        "var": 6225.36621094
    },
    "barkbands_skewness": {
        "dmean": 0.976245641708,
        "dmean2": 1.50970852375,
        "dvar": 2.27206778526,
        "dvar2": 5.23255825043,
        "max": 30.2814331055,
        "mean": 3.40027308464,
        "median": 2.54022908211,
        "min": -2.69471907616,
        "var": 9.64593982697
    },
    "barkbands_spread": {
        "dmean": 3.31833004951,
        "dmean2": 5.0320186615,
        "dvar": 16.2180652618,
        "dvar2": 34.6664085388,
        "max": 132.688858032,
        "mean": 10.1017427444,
        "median": 8.49706172943,
        "min": 0.0837717279792,
        "var": 61.6573600769
    },
    "dissonance": {
        "dmean": 0.0183380804956,
        "dmean2": 0.0304676368833,
        "dvar": 0.000247798860073,
        "dvar2": 0.000664515013341,
        "max": 0.500000119209,
        "mean": 0.459559321404,
        "median": 0.463886290789,
        "min": 0.315171122551,
        "var": 0.000601263018325
    },
    "dynamic_complexity": 6.52051782608,
    "erbbands_crest": {
        "dmean": 2.25231361389,
        "dmean2": 3.57117199898,
        "dvar": 4.43181610107,
        "dvar2": 10.7734527588,
        "max": 26.1778678894,
        "mean": 8.33756065369,
        "median": 7.36137723923,
        "min": 2.03512883186,
        "var": 14.300526619
    },
    "erbbands_flatness_db": {
        "dmean": 0.0168716497719,
        "dmean2": 0.0245918482542,
        "dvar": 0.000311326177325,
        "dvar2": 0.000618606456555,
        "max": 0.337863028049,
        "mean": 0.166383892298,
        "median": 0.158813074231,
        "min": 0.0253748781979,
        "var": 0.0018779207021
    },
    "erbbands_kurtosis": {
        "dmean": 0.787651479244,
        "dmean2": 1.26093053818,
        "dvar": 3.82668709755,
        "dvar2": 9.05351543427,
        "max": 117.946563721,
        "mean": 0.125130355358,
        "median": -0.459034919739,
        "min": -1.862891078,
        "var": 10.7491254807
    },
    "erbbands_skewness": {
        "dmean": 0.353268742561,
        "dmean2": 0.53509157896,
        "dvar": 0.125148847699,
        "dvar2": 0.273660182953,
        "max": 9.5365190506,
        "mean": 0.520195424557,
        "median": 0.427832424641,
        "min": -1.92453300953,
        "var": 0.57961577177
    },
    "erbbands_spread": {
        "dmean": 6.87300395966,
        "dmean2": 10.551199913,
        "dvar": 43.5664100647,
        "dvar2": 96.2415237427,
        "max": 148.054260254,
        "mean": 39.2657241821,
        "median": 37.0478858948,
        "min": 2.90033555031,
        "var": 206.870666504
    },
    "hfc": {
        "dmean": 2.75579094887,
        "dmean2": 4.20302200317,
        "dvar": 23.9121284485,
        "dvar2": 57.5539932251,
        "max": 75.8099517822,
        "mean": 10.3536682129,
        "median": 3.31197810173,
        "min": 1.08997000364e-16,
        "var": 170.113449097
    },
    "melbands_crest": {
        "dmean": 3.45992803574,
        "dmean2": 5.72534990311,
        "dvar": 9.40614891052,
        "dvar2": 25.4292888641,
        "max": 35.2147750854,
        "mean": 18.0811729431,
        "median": 17.5408554077,
        "min": 1.67337071896,
        "var": 35.4866447449
    },
    "melbands_flatness_db": {
        "dmean": 0.0369439311326,
        "dmean2": 0.0558387935162,
        "dvar": 0.00130045122933,
        "dvar2": 0.00284332083538,
        "max": 0.748230159283,
        "mean": 0.318089812994,
        "median": 0.302443116903,
        "min": 0.00318939913996,
        "var": 0.010476927273
    },
    "melbands_kurtosis": {
        "dmean": 19.9398136139,
        "dmean2": 30.9502334595,
        "dvar": 1734.02270508,
        "dvar2": 3927.14501953,
        "max": 991.092346191,
        "mean": 45.7245635986,
        "median": 18.999830246,
        "min": -1.43911886215,
        "var": 7050.61425781
    },
    "melbands_skewness": {
        "dmean": 1.0370490551,
        "dmean2": 1.604357481,
        "dvar": 1.37124156952,
        "dvar2": 3.02249479294,
        "max": 23.8021392822,
        "mean": 4.36638021469,
        "median": 3.61149168015,
        "min": -0.584446966648,
        "var": 7.86902475357
    },
    "melbands_spread": {
        "dmean": 3.3567802906,
        "dmean2": 5.21250629425,
        "dvar": 20.1008300781,
        "dvar2": 47.6708946228,
        "max": 169.192977905,
        "mean": 9.87984657288,
        "median": 7.07711791992,
        "min": 0.206547051668,
        "var": 207.123580933
    },
    "pitch_salience": {
        "dmean": 0.0856468230486,
        "dmean2": 0.140646308661,
        "dvar": 0.0058155558072,
        "dvar2": 0.0154386619106,
        "max": 0.968326687813,
        "mean": 0.466769963503,
        "median": 0.485801845789,
        "min": 0.0268081910908,
        "var": 0.0220458172262
    },
    "silence_rate_20dB": {
        "dmean": 0.00614229636267,
        "dmean2": 0.0122856413946,
        "dvar": 0.00610485486686,
        "dvar2": 0.0182785931975,
        "max": 1,
        "mean": 0.996929109097,
        "median": 1,
        "min": 0,
        "var": 0.00306055182591
    },
    "silence_rate_30dB": {
        "dmean": 0.0818972885609,
        "dmean2": 0.163808554411,
        "dvar": 0.0751929879189,
        "dvar2": 0.16308952868,
        "max": 1,
        "mean": 0.872814118862,
        "median": 1,
        "min": 0,
        "var": 0.111017197371
    },
    "silence_rate_60dB": {
        "dmean": 0.0491383709013,
        "dmean2": 0.0982851311564,
        "dvar": 0.0467220023274,
        "dvar2": 0.111649721861,
        "max": 1,
        "mean": 0.17051948607,
        "median": 0,
        "min": 0,
        "var": 0.141422912478
    },
    "spectral_centroid": {
        "dmean": 176.723312378,
        "dmean2": 266.035186768,
        "dvar": 43458,
        "dvar2": 88758,
        "max": 11782.8876953,
        "mean": 822.979675293,
        "median": 683.804321289,
        "min": 85.4743728638,
        "var": 1174468.375
    },
    "spectral_complexity": {
        "dmean": 2.22607064247,
        "dmean2": 3.42001533508,
        "dvar": 6.38861608505,
        "dvar2": 13.7169303894,
        "max": 51,
        "mean": 12.3163862228,
        "median": 9,
        "min": 0,
        "var": 90.3617248535
    },
    "spectral_decrease": {
        "dmean": 5.56637402838e-09,
        "dmean2": 9.07767816472e-09,
        "dvar": 2.00147876796e-16,
        "dvar2": 5.03765063264e-16,
        "max": 1.07874772414e-22,
        "mean": -1.10198055125e-08,
        "median": -3.13679371367e-09,
        "min": -1.54111575057e-07,
        "var": 2.63883982643e-16
    },
    "spectral_energy": {
        "dmean": 0.0212027300149,
        "dmean2": 0.0345591492951,
        "dvar": 0.00288987183012,
        "dvar2": 0.00727144116536,
        "max": 0.585318207741,
        "mean": 0.0425303950906,
        "median": 0.012107687071,
        "min": 1.01090090011e-20,
        "var": 0.00386618031189
    },
    "spectral_energyband_high": {
        "dmean": 4.23807141487e-05,
        "dmean2": 6.44216779619e-05,
        "dvar": 1.21659997632e-08,
        "dvar2": 2.90982278273e-08,
        "max": 0.00319315888919,
        "mean": 0.000121917291835,
        "median": 2.9291924875e-05,
        "min": 7.05272688735e-21,
        "var": 5.49873178102e-08
    },
    "spectral_energyband_low": {
        "dmean": 0.0204903315753,
        "dmean2": 0.0337441973388,
        "dvar": 0.00282633001916,
        "dvar2": 0.00713806366548,
        "max": 0.573133766651,
        "mean": 0.0314147621393,
        "median": 0.00845092535019,
        "min": 1.79012260917e-23,
        "var": 0.00307928468101
    },
    "spectral_energyband_middle_high": {
        "dmean": 0.000720971205737,
        "dmean2": 0.00107261841185,
        "dvar": 1.53660914748e-06,
        "dvar2": 3.51587914338e-06,
        "max": 0.0314645878971,
        "mean": 0.002508435864,
        "median": 0.000796280801296,
        "min": 1.05333908236e-21,
        "var": 1.47891414599e-05
    },
    "spectral_energyband_middle_low": {
        "dmean": 0.00305739580654,
        "dmean2": 0.0049256850034,
        "dvar": 3.1412790122e-05,
        "dvar2": 8.29493292258e-05,
        "max": 0.128982380033,
        "mean": 0.00939542520791,
        "median": 0.00305858557113,
        "min": 1.78192066457e-22,
        "var": 0.000152841646923
    },
    "spectral_entropy": {
        "dmean": 0.174895301461,
        "dmean2": 0.265329837799,
        "dvar": 0.0308305453509,
        "dvar2": 0.0706197470427,
        "max": 9.82028102875,
        "mean": 7.10467147827,
        "median": 7.19636964798,
        "min": 4.53597068787,
        "var": 0.293099015951
    },
    "spectral_flux": {
        "dmean": 0.0309769138694,
        "dmean2": 0.051995486021,
        "dvar": 0.00357860838994,
        "dvar2": 0.00843324884772,
        "max": 0.657129585743,
        "mean": 0.0838836580515,
        "median": 0.0536400452256,
        "min": 6.20647006011e-11,
        "var": 0.00736629264429
    },
    "spectral_kurtosis": {
        "dmean": 3.7087521553,
        "dmean2": 6.37931776047,
        "dvar": 22.333562851,
        "dvar2": 64.0342102051,
        "max": 61.2617492676,
        "mean": 9.17741680145,
        "median": 7.10524177551,
        "min": -1.25908994675,
        "var": 42.5390357971
    },
    "spectral_rms": {
        "dmean": 0.00118390365969,
        "dmean2": 0.00186268612742,
        "dvar": 4.41453175881e-06,
        "dvar2": 1.00089391708e-05,
        "max": 0.0238964892924,
        "mean": 0.00514149386436,
        "median": 0.00343691394664,
        "min": 3.14045339213e-12,
        "var": 1.50580572154e-05
    },
    "spectral_rolloff": {
        "dmean": 180.328018188,
        "dmean2": 301.726165771,
        "dvar": 123424.289062,
        "dvar2": 266661.21875,
        "max": 19745.9472656,
        "mean": 632.086853027,
        "median": 344.53125,
        "min": 21.533203125,
        "var": 3580139.75
    },
    "spectral_skewness": {
        "dmean": 0.344859868288,
        "dmean2": 0.572868049145,
        "dvar": 0.152989014983,
        "dvar2": 0.41431298852,
        "max": 6.11805772781,
        "mean": 2.03011274338,
        "median": 1.90210831165,
        "min": -0.0800608843565,
        "var": 0.415932685137
    },
    "spectral_spread": {
        "dmean": 346026.28125,
        "dmean2": 526243.75,
        "dvar": 302678999040,
        "dvar2": 603558641664,
        "max": 42667952,
        "mean": 3520100.5,
        "median": 3054819.75,
        "min": 1215684.375,
        "var": 1.48560905503e+13
    },
    "spectral_strongpeak": {
        "dmean": 0.200875088573,
        "dmean2": 0.348115056753,
        "dvar": 0.126973062754,
        "dvar2": 0.341763079166,
        "max": 6.64311170578,
        "mean": 0.36578759551,
        "median": 0.25796893239,
        "min": 0,
        "var": 0.166511178017
    },
    "zerocrossingrate": {
        "dmean": 0.00529732275754,
        "dmean2": 0.00659131770954,
        "dvar": 3.77327451133e-05,
        "dvar2": 4.73932814202e-05,
        "max": 0.5244140625,
        "mean": 0.0283091086894,
        "median": 0.02197265625,
        "min": 0.0009765625,
        "var": 0.00250473595224
    },
    "barkbands": {
        "dmean": [0.000664526014589, 0.0164386853576, 0.00675819208845, 0.00134143396281, 0.0015269217547, 0.000902768457308, 0.000586208188906, 0.000519137596712, 0.000278113671811, 0.000207337230677, 0.000192864739802, 0.000194209918845, 0.000168517246493, 0.000133697787533, 0.00017678043514, 0.000159518080181, 8.09860357549e-05, 8.93740361789e-05, 4.90134116262e-05, 3.47084423993e-05, 1.49159304783e-05, 9.11820916372e-06, 6.74581178828e-06, 3.70763405044e-06, 2.26237966672e-06, 1.74356864591e-06, 1.65703033872e-06],
        "dmean2": [0.00103744899388, 0.0273305568844, 0.0115556288511, 0.00231871241704, 0.00250314292498, 0.00134822563268, 0.000886117864866, 0.000805799209047, 0.00042443771963, 0.000313507334795, 0.000298472994473, 0.000305693538394, 0.00026841062936, 0.000213128558244, 0.000280366628431, 0.000263222289504, 0.000132206492708, 0.000145409576362, 7.82453280408e-05, 5.69408293813e-05, 2.40167082666e-05, 1.46216780195e-05, 1.06718807729e-05, 5.68272753299e-06, 3.39501116287e-06, 2.58363138528e-06, 2.59462922259e-06],
        "dvar": [4.08145069741e-06, 0.0024202959612, 0.000173778724275, 8.18315947981e-06, 1.02249305201e-05, 3.68641440218e-06, 1.4326078599e-06, 1.64659991242e-06, 4.32424712926e-07, 3.65099850796e-07, 1.8014344505e-07, 2.07386023021e-07, 1.68706264958e-07, 1.12768084648e-07, 1.960311522e-07, 1.16492465452e-07, 3.43572388317e-08, 4.01254709459e-08, 1.19041132507e-08, 6.69893918115e-09, 1.47159684438e-09, 6.42522757222e-10, 3.58355151109e-10, 1.31687563631e-10, 4.72111932881e-11, 1.95940243197e-11, 2.18380851597e-11],
        "dvar2": [9.26057509787e-06, 0.00629537785426, 0.000475888053188, 2.32038091781e-05, 2.70127784461e-05, 7.39389179216e-06, 3.06872948386e-06, 3.54987651008e-06, 9.19360218177e-07, 7.20044795344e-07, 4.07931594282e-07, 4.83025928588e-07, 4.07274086456e-07, 2.78903399931e-07, 4.48804996722e-07, 3.00655528918e-07, 9.43287119526e-08, 1.07269890748e-07, 3.21299253869e-08, 1.85400104158e-08, 3.85736464992e-09, 1.66077906982e-09, 8.9997709285e-10, 3.05200531514e-10, 1.07206028777e-10, 4.06169438361e-11, 5.35223011744e-11],
        "max": [0.0322148352861, 0.560969889164, 0.184702336788, 0.0654205679893, 0.0679537206888, 0.0574781373143, 0.0389080867171, 0.037315171212, 0.0183308627456, 0.0197897646576, 0.0106470566243, 0.0112841874361, 0.0185364149511, 0.00815624464303, 0.0195460356772, 0.0100377649069, 0.00560332462192, 0.00439241249114, 0.00340513489209, 0.00210794107988, 0.000898048165254, 0.000624461332336, 0.000432872155216, 0.000358497869456, 0.000160977375344, 0.000118433381431, 7.96224412625e-05],
        "mean": [0.000744885532185, 0.0211683083326, 0.00861335825175, 0.00181792664807, 0.00272487942129, 0.00232663680799, 0.00115303671919, 0.000860638567246, 0.000480081420392, 0.000343627441907, 0.000319122569636, 0.000342120358255, 0.000266070506768, 0.000248371768976, 0.000283040310023, 0.000267305760644, 0.000149108862388, 0.000166172540048, 9.56873846008e-05, 7.05101556377e-05, 3.26993576891e-05, 2.1283118258e-05, 1.56311380124e-05, 8.72625787451e-06, 5.06874403072e-06, 3.51359221895e-06, 2.63696506408e-06],
        "median": [0.00014311101404, 0.00480088824406, 0.00232911854982, 0.000656644522678, 0.000949170440435, 0.000384046928957, 0.000245457922574, 0.000152931796038, 8.29430427984e-05, 5.90688796365e-05, 8.39818094391e-05, 6.35580217931e-05, 5.20543035236e-05, 3.61470156349e-05, 6.59134966554e-05, 5.69537260162e-05, 3.92320071114e-05, 3.79106895707e-05, 2.76926475635e-05, 1.25992046378e-05, 7.40651012165e-06, 3.14978342431e-06, 2.49165805144e-06, 1.54797612595e-06, 9.83853624348e-07, 5.24592906004e-07, 2.27255839036e-07],
        "min": [8.10029432945e-26, 1.38028806967e-24, 8.65479119248e-25, 7.01856942946e-25, 3.8848405855e-24, 1.00611864166e-23, 7.48817852355e-24, 6.66870744863e-24, 1.18262264044e-23, 1.12180501452e-23, 1.26774980402e-23, 2.35138609918e-23, 2.64312500574e-23, 3.96364424006e-23, 4.07868887458e-23, 3.97960699825e-23, 6.47972556359e-23, 7.4956673379e-23, 1.10611955672e-22, 1.97268073675e-22, 2.58719038149e-22, 2.86896417621e-22, 4.09047073308e-22, 5.69026802709e-22, 9.54132742715e-22, 1.22104904279e-21, 1.8874373361e-21],
        "var": [4.90605725645e-06, 0.00214388570748, 0.000228484073887, 1.02104404505e-05, 1.84102882486e-05, 2.45297724177e-05, 5.26169787918e-06, 4.70370514449e-06, 1.16640603665e-06, 8.42198687678e-07, 4.29032269267e-07, 5.2103030157e-07, 3.86274876973e-07, 3.75559409349e-07, 4.10230938996e-07, 2.57636742163e-07, 8.34645987879e-08, 1.04587584815e-07, 3.12572439043e-08, 1.97311464945e-08, 4.4149799372e-09, 1.92041382796e-09, 1.15106224552e-09, 4.07626404852e-10, 1.33461658391e-10, 5.58429066877e-11, 3.44778407213e-11]
    },
    "erbbands": {
        "dmean": [0.525952041149, 3.63398861885, 7.48519992828, 5.48405361176, 4.5720205307, 6.28712654114, 4.06747722626, 10.565747261, 8.2525062561, 7.7998456955, 9.67150020599, 7.11294412613, 5.25943183899, 7.13358211517, 7.33833169937, 5.61060380936, 7.4743475914, 5.14042043686, 7.38349819183, 8.69078540802, 7.30638694763, 4.94756317139, 5.46021747589, 3.00437116623, 1.93438434601, 1.3252414465, 0.852538824081, 0.449666261673, 0.371576666832, 0.25060236454, 0.182849213481, 0.100823692977, 0.0509633310139, 0.0297089517117, 0.0150313042104, 0.00729177286848, 0.00336578371935, 0.0012792465277, 0.000295473786537, 3.36955890816e-05],
        "dmean2": [0.864003539085, 6.10455656052, 12.6498403549, 9.53354454041, 7.71897506714, 9.99665641785, 6.51982688904, 15.42765522, 12.605711937, 12.0313329697, 14.9389600754, 10.8870029449, 8.0115442276, 10.846367836, 11.4980802536, 8.91839790344, 11.8847675323, 8.07254981995, 11.6906433105, 13.8818950653, 11.9318265915, 8.10446643829, 8.93245601654, 4.75413942337, 3.13814592361, 2.15768170357, 1.38906610012, 0.716956496239, 0.595801949501, 0.401806890965, 0.289748936892, 0.153951615095, 0.0786839947104, 0.0444940365851, 0.0230770334601, 0.0109219709411, 0.00504120299593, 0.00194253819063, 0.000461123650894, 5.38721433259e-05],
        "dvar": [2.49558067322, 112.943771362, 222.092086792, 118.565055847, 98.405380249, 183.192474365, 56.3672599792, 552.162536621, 331.850799561, 275.642333984, 521.9921875, 310.172851562, 203.9506073, 236.62928772, 298.767486572, 141.624084473, 309.864318848, 159.750930786, 269.264312744, 332.617401123, 250.663879395, 142.637908936, 168.654693604, 47.0096817017, 17.4813194275, 8.693151474, 4.08792972565, 1.72733211517, 0.946494340897, 0.540127277374, 0.286275982857, 0.0880296453834, 0.026468148455, 0.00751025695354, 0.00227593933232, 0.000389152788557, 7.34468485462e-05, 9.69666598394e-06, 7.68162749409e-07, 5.33203659003e-09],
        "dvar2": [6.60731458664, 295.849731445, 603.209899902, 336.968292236, 275.373291016, 445.973907471, 142.514160156, 1058.03894043, 728.286132812, 596.755249023, 1135.69384766, 657.514770508, 416.32824707, 514.089172363, 684.577148438, 342.375366211, 750.725036621, 373.996246338, 669.082214355, 794.698242188, 638.825622559, 395.260437012, 454.688262939, 125.889671326, 47.3794136047, 23.7620620728, 10.872672081, 4.5091843605, 2.48028850555, 1.4050732851, 0.732161819935, 0.203364178538, 0.062126789242, 0.0166429709643, 0.00549307558686, 0.000847431365401, 0.000152464403072, 2.04520583793e-05, 1.88444096239e-06, 1.32055033575e-08],
        "max": [18.05377388, 118.49331665, 188.492416382, 142.700622559, 193.252288818, 302.70199585, 170.206985474, 727.837097168, 703.899902344, 739.994812012, 600.546020508, 540.045227051, 451.705413818, 301.057128906, 531.919067383, 268.236175537, 761.997253418, 350.239044189, 450.40447998, 658.746337891, 404.613098145, 394.105682373, 293.645935059, 227.300384521, 95.62865448, 79.8121337891, 49.2406730652, 47.2746315002, 23.4300289154, 16.2996139526, 12.6114377975, 10.5500183105, 4.83229398727, 1.98662090302, 1.25409376621, 0.514353632927, 0.205110818148, 0.0547225140035, 0.0156010258943, 0.00112273334526],
        "mean": [0.654352664948, 4.60362100601, 9.98455429077, 7.77927494049, 7.26192569733, 10.0314941406, 9.58664226532, 27.4131164551, 17.8759880066, 15.5994215012, 16.6917686462, 12.2562551498, 9.80153083801, 12.8136730194, 13.0971212387, 10.9620819092, 12.6344194412, 10.8038673401, 14.0370531082, 15.5274057388, 13.644323349, 9.66812610626, 9.90918254852, 6.13149356842, 4.17341995239, 2.89310050011, 1.84436357021, 1.02905035019, 0.829282402992, 0.585019171238, 0.416349828243, 0.230693563819, 0.120571784675, 0.0655408725142, 0.0328723490238, 0.015874132514, 0.00608611758798, 0.00213271123357, 0.000489537895191, 7.13745394023e-05],
        "median": [0.118133820593, 1.10361731052, 2.99281620979, 2.3196015358, 2.8789229393, 2.73262071609, 2.43288874626, 4.0215010643, 3.84621739388, 3.43541908264, 3.20728826523, 2.28770112991, 1.82164943218, 3.01296377182, 3.70493340492, 2.43354797363, 2.59313941002, 2.1705198288, 2.99375844002, 4.3218255043, 3.03973150253, 2.49467849731, 2.31026697159, 1.72275733948, 1.05077683926, 0.567773997784, 0.38376352191, 0.238793238997, 0.134701043367, 0.0860596448183, 0.0666939690709, 0.0416975952685, 0.022472050041, 0.0129408380017, 0.00592731218785, 0.00257079070434, 0.000964973121881, 0.000248216994805, 6.15441385889e-05, 2.33659211517e-05],
        "min": [6.31043348898e-23, 4.91641895557e-22, 1.76775019836e-21, 3.99901638439e-21, 1.09636457092e-20, 1.50699689872e-20, 3.38231115169e-20, 8.06715324093e-20, 8.08776231665e-20, 1.68739688007e-19, 2.1304542032e-19, 2.95155206557e-19, 3.91018098324e-19, 5.37956084193e-19, 5.45540141338e-19, 9.88836933255e-19, 1.55345056705e-18, 1.93598789274e-18, 2.11659781641e-18, 3.05394606526e-18, 3.1656603225e-18, 4.04884685279e-18, 3.61643198372e-18, 7.24624692257e-18, 7.72568907741e-18, 9.17818349147e-18, 8.9171914646e-18, 1.02388647832e-17, 1.09218405181e-17, 9.7903252689e-18, 1.13429912551e-17, 1.01870096578e-17, 1.04905650903e-17, 8.28429655278e-18, 6.54972527804e-18, 4.40231270906e-18, 2.26635803913e-18, 9.07338549812e-19, 2.29614377902e-19, 2.75267451723e-20],
        "var": [2.18944215775, 98.6482696533, 282.265472412, 163.848724365, 134.202011108, 330.843688965, 246.678222656, 3809.34472656, 1293.94543457, 1152.55517578, 1303.31604004, 783.218444824, 512.854248047, 595.030944824, 720.124389648, 422.494537354, 751.961364746, 603.832946777, 778.867004395, 829.014160156, 607.043395996, 361.032897949, 397.2684021, 134.49395752, 55.5256347656, 28.5277690887, 12.5445375443, 4.94664907455, 2.78496956825, 1.6715246439, 0.842562198639, 0.271665006876, 0.0812202394009, 0.0224136188626, 0.00580029562116, 0.00118041108362, 0.000180962670129, 2.1228013793e-05, 1.17214904094e-06, 1.00918224888e-08]
    },
    "gfcc": {
        "mean": [-94.1350479126, 144.409317017, -99.2467193604, 34.3852272034, -24.1217594147, 1.46250224113, -24.5157108307, 5.2815656662, -10.8219690323, -3.75369310379, -6.87998437881, -1.41595232487, -8.27276802063],
        "cov": [[27897.3945312, -336.848419189, -1870.27526855, 235.318496704, -1284.6730957, 534.613098145, -658.980529785, 88.1700897217, -254.746231079, 574.24041748, -343.540924072, 354.353179932, -192.425033569], [-336.848419189, 1701.39599609, -427.938110352, 116.811454773, 213.450836182, -287.812133789, 13.4406776428, -79.9904403687, 143.587127686, -230.306350708, 103.751953125, -191.52331543, 93.0545730591], [-1870.27526855, -427.938110352, 694.338928223, 8.95553874969, 152.202331543, 87.7559204102, 99.3899002075, 55.8487815857, -3.68241667747, 21.400177002, -5.62719678879, 36.7819290161, -17.0505065918], [235.318496704, 116.811454773, 8.95553874969, 210.090133667, 118.018051147, 1.91150581837, 60.8410949707, 22.0704612732, 56.0389137268, -8.98477268219, 37.7213439941, -25.1024894714, 14.9150438309], [-1284.6730957, 213.450836182, 152.202331543, 118.018051147, 299.925994873, -41.5523757935, 112.965446472, 22.26927948, 64.9149017334, -45.4862556458, 59.4434928894, -41.5115852356, 25.2011871338], [534.613098145, -287.812133789, 87.7559204102, 1.91150581837, -41.5523757935, 148.966247559, 21.2362766266, 19.6044063568, -12.8558263779, 54.6456985474, -25.2616977692, 32.9450378418, -14.6895837784], [-658.980529785, 13.4406776428, 99.3899002075, 60.8410949707, 112.965446472, 21.2362766266, 120.858970642, 38.9924697876, 46.3113708496, -1.74032270908, 29.0700798035, -9.44515514374, 12.6201257706], [88.1700897217, -79.9904403687, 55.8487815857, 22.0704612732, 22.26927948, 19.6044063568, 38.9924697876, 74.6149673462, 30.6198997498, 26.3009777069, 0.233344912529, 11.1836299896, -0.901946365833], [-254.746231079, 143.587127686, -3.68241667747, 56.0389137268, 64.9149017334, -12.8558263779, 46.3113708496, 30.6198997498, 126.740989685, 19.8568458557, 36.0985984802, -22.5879573822, 25.0333099365], [574.24041748, -230.306350708, 21.400177002, -8.98477268219, -45.4862556458, 54.6456985474, -1.74032270908, 26.3009777069, 19.8568458557, 109.554031372, 9.84154510498, 37.0032806396, -7.65978431702], [-343.540924072, 103.751953125, -5.62719678879, 37.7213439941, 59.4434928894, -25.2616977692, 29.0700798035, 0.233344912529, 36.0985984802, 9.84154510498, 68.9173812866, 2.60055279732, 14.438498497], [354.353179932, -191.52331543, 36.7819290161, -25.1024894714, -41.5115852356, 32.9450378418, -9.44515514374, 11.1836299896, -22.5879573822, 37.0032806396, 2.60055279732, 76.3075790405, 9.00547504425], [-192.425033569, 93.0545730591, -17.0505065918, 14.9150438309, 25.2011871338, -14.6895837784, 12.6201257706, -0.901946365833, 25.0333099365, -7.65978431702, 14.438498497, 9.00547504425, 55.7666664124]],
        "icov": [[0.000117711024359, -0.00028106989339, 0.00023550883634, -0.00050986482529, 0.00012306139979, -0.000395827926695, 0.000359130150173, -0.000288902025204, 0.000252788478974, -0.000761885778047, 0.000799769943114, -0.000856670376379, 0.00055086921202], [-0.00028106989339, 0.00266727642156, 0.000231236961554, 0.00135621498339, -0.000643755833153, 0.00186533911619, -0.000262556277448, 0.000883180589881, -0.00192484632134, 0.00463615497574, -0.00397811364383, 0.0046986239031, -0.00308456737548], [0.00023550883634, 0.000231236961554, 0.00298389443196, -0.000287624949124, -0.00164290098473, -0.00141991034616, 0.000249915494351, -0.00103752117138, 0.000194589767489, -0.000461545103462, 0.00176245416515, -0.00209273118526, 0.00144198478665], [-0.00050986482529, 0.00135621498339, -0.000287624949124, 0.00927155278623, -0.00286484090611, -0.000113093970867, -0.00172410451341, -3.87139152735e-05, -0.00218519032933, 0.0041767670773, -0.00559120997787, 0.0050862939097, -0.00275474740192], [0.00012306139979, -0.000643755833153, -0.00164290098473, -0.00286484090611, 0.00886535830796, 0.0014514264185, -0.00435216724873, -7.2317692684e-05, 0.000314168340992, 0.000713389716111, -0.00247468077578, 0.00121793977451, -0.000476508663269], [-0.000395827926695, 0.00186533911619, -0.00141991034616, -0.000113093970867, 0.0014514264185, 0.0139302629977, -0.00609531998634, 0.00332104600966, -0.000801460177172, -0.00155254092533, 0.0024063938763, 0.00126667798031, -0.00111676752567], [0.000359130150173, -0.000262556277448, 0.000249915494351, -0.00172410451341, -0.00435216724873, -0.00609531998634, 0.0198708232492, -0.00784897431731, -0.00112272275146, 0.00121717678849, -0.00315486523323, 0.000112721645564, -0.000577950966544], [-0.000288902025204, 0.000883180589881, -0.00103752117138, -3.87139152735e-05, -7.2317692684e-05, 0.00332104600966, -0.00784897431731, 0.0220787860453, -0.00551018025726, -0.00192503142171, 0.00458480603993, -0.00269174948335, 0.00172007537913], [0.000252788478974, -0.00192484632134, 0.000194589767489, -0.00218519032933, 0.000314168340992, -0.000801460177172, -0.00112272275146, -0.00551018025726, 0.0161044020206, -0.00804010406137, -0.00127842556685, 0.00355371460319, -0.00403644656762], [-0.000761885778047, 0.00463615497574, -0.000461545103462, 0.0041767670773, 0.000713389716111, -0.00155254092533, 0.00121717678849, -0.00192503142171, -0.00804010406137, 0.0260201580822, -0.0139200026169, 0.00403662770987, -0.00252584228292], [0.000799769943114, -0.00397811364383, 0.00176245416515, -0.00559120997787, -0.00247468077578, 0.0024063938763, -0.00315486523323, 0.00458480603993, -0.00127842556685, -0.0139200026169, 0.0339328087866, -0.0153667982668, 0.00633013853803], [-0.000856670376379, 0.0046986239031, -0.00209273118526, 0.0050862939097, 0.00121793977451, 0.00126667798031, 0.000112721645564, -0.00269174948335, 0.00355371460319, 0.00403662770987, -0.0153667982668, 0.0335366502404, -0.0155601222068], [0.00055086921202, -0.00308456737548, 0.00144198478665, -0.00275474740192, -0.000476508663269, -0.00111676752567, -0.000577950966544, 0.00172007537913, -0.00403644656762, -0.00252584228292, 0.00633013853803, -0.0155601222068, 0.0285759177059]]
    },
    "melbands": {
        "dmean": [0.00466194702312, 0.00392812071368, 0.00089471670799, 0.000393213704228, 0.000155927235028, 0.000212614177144, 0.000120885873912, 9.7371332231e-05, 6.97922150721e-05, 4.63221440441e-05, 2.78322040685e-05, 3.05531248159e-05, 2.17012620851e-05, 2.52463632933e-05, 1.06869701995e-05, 2.2101419745e-05, 9.45153988141e-06, 1.30664675453e-05, 1.55972575158e-05, 1.27432540467e-05, 7.59897329772e-06, 5.90672289036e-06, 4.75745036965e-06, 3.91839785152e-06, 2.59289663518e-06, 1.85890985449e-06, 1.44607952279e-06, 9.47067917423e-07, 6.99709858054e-07, 3.44334438296e-07, 2.65644757746e-07, 2.56816775845e-07, 1.66729051898e-07, 1.52555273303e-07, 1.18811918526e-07, 9.34815602704e-08, 5.88216728659e-08, 4.05518925106e-08, 3.02969560551e-08, 2.48728184715e-08],
        "dmean2": [0.00767667638138, 0.00660911714658, 0.00153674918693, 0.000651913345791, 0.000246051640715, 0.000313321885187, 0.000184489457752, 0.00014980022388, 0.000107729021693, 7.09774903953e-05, 4.23726778536e-05, 4.6247998398e-05, 3.40780716215e-05, 3.91696630686e-05, 1.72653926711e-05, 3.50252776116e-05, 1.51545127665e-05, 2.08585079235e-05, 2.49119038926e-05, 2.09061963687e-05, 1.24196485558e-05, 9.75984494289e-06, 7.88794659456e-06, 6.28948055237e-06, 4.14847227148e-06, 3.05790422317e-06, 2.35900461121e-06, 1.56048133704e-06, 1.15263264888e-06, 5.5289666534e-07, 4.32223231428e-07, 4.15633735429e-07, 2.75127234772e-07, 2.46684152216e-07, 1.91091842794e-07, 1.45156931808e-07, 9.23955170151e-08, 6.37593657871e-08, 4.66488145889e-08, 3.76933151358e-08],
        "dvar": [0.000199443747988, 7.7403463365e-05, 3.03919364342e-06, 7.3396603284e-07, 7.88004328456e-08, 2.12545899103e-07, 6.45535322974e-08, 4.65973215569e-08, 2.60382453376e-08, 1.37316495952e-08, 6.29075058711e-09, 4.4597419091e-09, 2.30446151051e-09, 3.78108344634e-09, 7.81054221299e-10, 3.14602210949e-09, 6.32132735046e-10, 9.19966713919e-10, 2.01547978307e-09, 8.17399314901e-10, 3.14318321371e-10, 2.18120271844e-10, 1.23413099185e-10, 6.78953837596e-11, 3.8203516739e-11, 1.84048574992e-11, 1.52259958114e-11, 5.27958969945e-12, 2.63896218246e-12, 9.06821547107e-13, 5.8576743716e-13, 3.98138011275e-13, 2.64892518727e-13, 1.82427993068e-13, 1.20615634993e-13, 6.21433649982e-14, 3.44375915317e-14, 1.68474514396e-14, 7.92283617456e-15, 5.18907206565e-15],
        "dvar2": [0.000522134418134, 0.000201316870516, 8.4770608737e-06, 1.95463303498e-06, 1.92192075588e-07, 4.16262679437e-07, 1.42161681538e-07, 1.00344514919e-07, 5.71431044705e-08, 2.8981302691e-08, 1.27018591201e-08, 9.408394952e-09, 5.36658850692e-09, 8.49751380372e-09, 2.02612859823e-09, 7.48984163579e-09, 1.56928814388e-09, 2.33624741774e-09, 4.56543913785e-09, 2.12518647125e-09, 8.02640121034e-10, 6.06367789313e-10, 3.36382754984e-10, 1.76214584591e-10, 1.03251414363e-10, 5.03558479636e-11, 4.12000676631e-11, 1.46108038862e-11, 7.26871687839e-12, 2.33928913566e-12, 1.55010704793e-12, 1.0647654633e-12, 7.04253929479e-13, 4.80608662676e-13, 3.12921970237e-13, 1.55961018839e-13, 8.13919718841e-14, 4.04851289483e-14, 1.83239840266e-14, 1.17629887899e-14],
        "max": [0.163686200976, 0.0969999805093, 0.0290929563344, 0.0183425154537, 0.00585619127378, 0.0140346549451, 0.00904230307788, 0.00905564799905, 0.00393878575414, 0.00358743523248, 0.00253845145926, 0.00157419615425, 0.00144717539661, 0.00163443468045, 0.000710267166141, 0.00257800333202, 0.000585188681725, 0.000731818377972, 0.00207653339021, 0.000971915433183, 0.000500433205161, 0.000501701317262, 0.000235238097957, 0.000183180192835, 0.00020399208006, 0.000140024421853, 0.000122053286759, 5.20678477187e-05, 3.26425833919e-05, 2.18150125875e-05, 2.85074183921e-05, 1.42357985169e-05, 1.09485317807e-05, 8.77619095263e-06, 8.28247448226e-06, 8.27250642033e-06, 5.75154035687e-06, 3.73900707018e-06, 2.45194473791e-06, 1.6811329715e-06],
        "mean": [0.00593412667513, 0.00560082960874, 0.00140815228224, 0.000622182269581, 0.000373918563128, 0.000555604463443, 0.00025770108914, 0.000184527641977, 0.000119900731079, 7.5503543485e-05, 4.90596648888e-05, 5.37541309313e-05, 3.90701934521e-05, 4.34461471741e-05, 1.88424965017e-05, 3.4154367313e-05, 1.81362211151e-05, 2.26272968575e-05, 2.42226396949e-05, 2.05128981179e-05, 1.36050330184e-05, 1.02557387436e-05, 8.475893992e-06, 7.33752358428e-06, 4.79763411931e-06, 3.50321556652e-06, 2.65041603598e-06, 1.79594087513e-06, 1.36502103487e-06, 6.97555378792e-07, 5.42858344943e-07, 5.14564192144e-07, 3.40117850328e-07, 3.22432669009e-07, 2.49637167826e-07, 1.93231954881e-07, 1.21337379255e-07, 8.86157422997e-08, 6.58374617046e-08, 5.11804856274e-08],
        "median": [0.00116386602167, 0.00169695564546, 0.000499612127896, 0.000218263754505, 9.80066834018e-05, 8.58946004882e-05, 5.61881679459e-05, 3.74568626285e-05, 2.16239768633e-05, 1.29762493088e-05, 8.36669096316e-06, 1.19683900266e-05, 1.23545696624e-05, 8.59554893395e-06, 3.51945368493e-06, 5.67208644497e-06, 3.09281563204e-06, 4.22933408117e-06, 5.09038045493e-06, 5.17301168657e-06, 2.74133640232e-06, 2.49231561611e-06, 2.12762597585e-06, 1.67598068401e-06, 1.3150115592e-06, 8.70424969435e-07, 4.64278969048e-07, 3.22855640889e-07, 2.53623511526e-07, 1.33777646738e-07, 1.07830608442e-07, 7.96460994934e-08, 4.58729907393e-08, 4.17302317146e-08, 3.26904938674e-08, 3.15773363013e-08, 1.8483575559e-08, 1.28686918899e-08, 1.04593702588e-08, 8.88319640069e-09],
        "min": [9.16088885053e-25, 7.6813363424e-25, 6.69262097811e-25, 7.84420259274e-25, 1.3941836573e-24, 1.97000892797e-24, 1.41064570527e-24, 2.14712437284e-24, 1.38372158676e-24, 1.38676580099e-24, 1.56423781099e-24, 1.88295240784e-24, 2.15666978701e-24, 2.15078863175e-24, 1.3751438091e-24, 2.4826860804e-24, 3.16808511689e-24, 3.50142578657e-24, 3.43890106565e-24, 3.63537555157e-24, 2.73296245778e-24, 3.75171084141e-24, 2.18495163376e-24, 3.93569726477e-24, 4.92644700273e-24, 3.83728686684e-24, 4.22182263712e-24, 4.15674161244e-24, 3.92006204163e-24, 3.76639035957e-24, 4.18504436399e-24, 5.47813253806e-24, 5.09246672454e-24, 4.69245232001e-24, 5.30102932053e-24, 5.50014925149e-24, 5.23084988782e-24, 6.48075897138e-24, 6.44495454704e-24, 6.15944211961e-24],
        "var": [0.000175986831891, 8.90870214789e-05, 4.66975325253e-06, 1.0850998251e-06, 3.49098769448e-07, 1.45900514781e-06, 2.48491062393e-07, 1.80144013484e-07, 6.75292284313e-08, 3.36774377274e-08, 1.51803121184e-08, 1.12351807857e-08, 5.71897329493e-09, 8.93892426745e-09, 1.91187732312e-09, 7.39023064966e-09, 2.02850669595e-09, 2.35109176572e-09, 4.0743239893e-09, 1.67303770837e-09, 6.71181277223e-10, 4.88403262278e-10, 2.70238831312e-10, 1.93497551315e-10, 9.49982384424e-11, 4.28423234389e-11, 3.46887206459e-11, 1.30222872416e-11, 7.25603518242e-12, 2.18170165094e-12, 1.49621645368e-12, 1.05275380427e-12, 6.15206616119e-13, 5.1909816506e-13, 3.12211384133e-13, 1.87220939164e-13, 8.64325226516e-14, 4.65849689553e-14, 2.32480067776e-14, 1.41371238853e-14]
    },
    "mfcc": {
        "mean": [-732.215576172, 170.004119873, -0.428726047277, 38.7754211426, 21.7473640442, 6.66869878769, 3.46984386444, 9.77397251129, 1.01501226425, 4.12126255035, 1.02402758598, 1.30399572849, 2.98962712288],
        "cov": [[14535.5292969, 146.973327637, -802.442443848, -9.83100700378, -856.740844727, 396.390045166, -403.729064941, -208.843353271, -16.5249385834, 102.958602905, -169.477783203, 168.866424561, 249.868927002], [146.973327637, 1231.51000977, -86.2690353394, 109.025093079, 138.517364502, -107.25453186, -47.8079528809, 2.41262173653, -9.41071510315, -5.40142393112, -32.4683914185, -40.3119926453, -20.2510719299], [-802.442443848, -86.2690353394, 326.792388916, 45.6584854126, 105.998893738, 24.5720844269, 66.0282821655, 55.9832420349, 21.8398685455, -3.02975130081, 41.2215652466, -1.45132994652, -19.8562164307], [-9.83100700378, 109.025093079, 45.6584854126, 197.58152771, 102.49458313, 31.02003479, 38.3877906799, 48.1805801392, 24.8292369843, 54.2312355042, 27.434015274, 20.4647464752, 6.03155469894], [-856.740844727, 138.517364502, 105.998893738, 102.49458313, 213.669845581, -5.70077514648, 65.0135498047, 53.4032020569, 12.1445465088, 25.7630634308, 34.9437637329, -14.2192335129, -19.3802585602], [396.390045166, -107.25453186, 24.5720844269, 31.02003479, -5.70077514648, 120.342926025, 24.2630729675, 13.7255964279, 22.0328922272, 24.7569160461, 10.722779274, 25.3715686798, 17.4706554413], [-403.729064941, -47.8079528809, 66.0282821655, 38.3877906799, 65.0135498047, 24.2630729675, 111.624092102, 42.8068733215, 8.37795162201, 1.80136406422, 20.8273429871, -0.353527903557, -15.3570489883], [-208.843353271, 2.41262173653, 55.9832420349, 48.1805801392, 53.4032020569, 13.7255964279, 42.8068733215, 79.8295211792, 30.488489151, 16.4607982635, 19.0058670044, 2.65129542351, -8.23829364777], [-16.5249385834, -9.41071510315, 21.8398685455, 24.8292369843, 12.1445465088, 22.0328922272, 8.37795162201, 30.488489151, 65.5646286011, 36.0969047546, 8.42876148224, 13.4194383621, 6.54352998734], [102.958602905, -5.40142393112, -3.02975130081, 54.2312355042, 25.7630634308, 24.7569160461, 1.80136406422, 16.4607982635, 36.0969047546, 90.3802490234, 33.5887908936, 17.8823890686, 19.374874115], [-169.477783203, -32.4683914185, 41.2215652466, 27.434015274, 34.9437637329, 10.722779274, 20.8273429871, 19.0058670044, 8.42876148224, 33.5887908936, 71.2197647095, 18.8382415771, 3.16558909416], [168.866424561, -40.3119926453, -1.45132994652, 20.4647464752, -14.2192335129, 25.3715686798, -0.353527903557, 2.65129542351, 13.4194383621, 17.8823890686, 18.8382415771, 55.3030090332, 24.9866485596], [249.868927002, -20.2510719299, -19.8562164307, 6.03155469894, -19.3802585602, 17.4706554413, -15.3570489883, -8.23829364777, 6.54352998734, 19.374874115, 3.16558909416, 24.9866485596, 59.033996582]],
