{
"lowlevel": {
    "average_loudness": 0.332356244326,
    "barkbands_crest": {
        "dmean": 2.54947543144,
        "dmean2": 4.21454811096,
        "dvar": 5.48467063904,
        "dvar2": 15.3634519577,
        "max": 26.2989311218,
        "mean": 10.8661222458,
        "median": 10.0599794388,
        "min": 3.35717248917,
        "var": 16.1849727631
    },
    "barkbands_flatness_db": {
        "dmean": 0.0234338548034,
        "dmean2": 0.0351284593344,
        "dvar": 0.000608509639278,
        "dvar2": 0.00127512321342,
        "max": 0.511769652367,
        "mean": 0.227118462324,
        "median": 0.218004599214,
        "min": 0.046657640487,
        "var": 0.00585023500025
    },
    "barkbands_kurtosis": {
        "dmean": 4.3266749382,
        "dmean2": 6.96952056885,
        "dvar": 92.4852905273,
        "dvar2": 239.69480896,
        "max": 283.693786621,
        "mean": 7.62144804001,
        "median": 3.95112276077,
        "min": -1.8236874342,
        "var": 206.435974121
    },
    "barkbands_skewness": {
        "dmean": 0.565416455269,
        "dmean2": 0.890333652496,
        "dvar": 0.462720453739,
        "dvar2": 1.18370902538,
        "max": 12.1783638,
        "mean": 1.67477762699,
        "median": 1.57165563107,
        "min": -4.22048902512,
        "var": 2.01776027679
    },
    "barkbands_spread": {
        "dmean": 2.22677636147,
        "dmean2": 3.4818789959,
        "dvar": 9.1263666153,
        "dvar2": 20.7057514191,
        "max": 47.7143707275,
        "mean": 8.09383773804,
        "median": 7.69008016586,
        "min": 0.179546430707,
        "var": 22.1316680908
    },
    "dissonance": {
        "dmean": 0.0305711720139,
        "dmean2": 0.0511901825666,
        "dvar": 0.000921836413909,
        "dvar2": 0.002434668364,
        "max": 0.500000238419,
        "mean": 0.422837793827,
        "median": 0.440982818604,
        "min": 0.119213119149,
        "var": 0.00391111988574
    },
    "dynamic_complexity": 3.18249392509,
    "erbbands_crest": {
        "dmean": 2.41260766983,
        "dmean2": 3.74407553673,
        "dvar": 4.74405241013,
        "dvar2": 11.189499855,
        "max": 31.7633399963,
        "mean": 11.2499608994,
        "median": 10.139875412,
        "min": 2.35959148407,
        "var": 29.1978054047
    },
    "erbbands_flatness_db": {
        "dmean": 0.0169797688723,
        "dmean2": 0.0227696802467,
        "dvar": 0.000348857458448,
        "dvar2": 0.00052716297796,
        "max": 0.578604102135,
        "mean": 0.240599125624,
        "median": 0.222826093435,
        "min": 0.0403634943068,
        "var": 0.00865523144603
    },
    "erbbands_kurtosis": {
        "dmean": 1.3890324831,
        "dmean2": 2.07354712486,
        "dvar": 13.4168920517,
        "dvar2": 27.3822212219,
        "max": 167.738891602,
        "mean": 2.06197047234,
        "median": 0.315025568008,
        "min": -1.81714749336,
        "var": 52.4524040222
    },
    "erbbands_skewness": {
        "dmean": 0.360362142324,
        "dmean2": 0.533836245537,
        "dvar": 0.152231901884,
        "dvar2": 0.336000084877,
        "max": 9.32137966156,
        "mean": 0.555166363716,
        "median": 0.499991834164,
        "min": -3.10846424103,
        "var": 0.846706867218
    },
    "erbbands_spread": {
        "dmean": 4.17723083496,
        "dmean2": 6.29482460022,
        "dvar": 29.4042015076,
        "dvar2": 60.8594055176,
        "max": 97.9103012085,
        "mean": 22.45819664,
        "median": 20.9556446075,
        "min": 0.389264374971,
        "var": 213.480285645
    },
    "hfc": {
        "dmean": 2.45555472374,
        "dmean2": 3.58434796333,
        "dvar": 10.8673906326,
        "dvar2": 22.6345367432,
        "max": 74.6409606934,
        "mean": 10.2096500397,
        "median": 8.28358459473,
        "min": 4.37352156268e-07,
        "var": 66.0207214355
    },
    "melbands_crest": {
        "dmean": 3.17482638359,
        "dmean2": 5.26319599152,
        "dvar": 7.61404514313,
        "dvar2": 21.422542572,
        "max": 34.5093612671,
        "mean": 14.6569032669,
        "median": 13.9084329605,
        "min": 3.12758612633,
        "var": 24.4501724243
    },
    "melbands_flatness_db": {
        "dmean": 0.0283655207604,
        "dmean2": 0.0421641357243,
        "dvar": 0.000927588960622,
        "dvar2": 0.00186079065315,
        "max": 0.660744667053,
        "mean": 0.321482747793,
        "median": 0.314241051674,
        "min": 0.00974542833865,
        "var": 0.0077613145113
    },
    "melbands_kurtosis": {
        "dmean": 7.15992355347,
        "dmean2": 11.5960512161,
        "dvar": 262.378082275,
        "dvar2": 726.204772949,
        "max": 295.10723877,
        "mean": 13.5316581726,
        "median": 6.9857378006,
        "min": -1.79093527794,
        "var": 555.258178711
    },
    "melbands_skewness": {
        "dmean": 0.65247797966,
        "dmean2": 1.02768707275,
        "dvar": 0.593593120575,
        "dvar2": 1.51951110363,
        "max": 12.3293209076,
        "mean": 2.25673103333,
        "median": 2.04503965378,
        "min": -4.39052295685,
        "var": 3.24346280098
    },
    "melbands_spread": {
        "dmean": 2.64849185944,
        "dmean2": 4.14579677582,
        "dvar": 13.4074382782,
        "dvar2": 29.2223949432,
        "max": 139.488861084,
        "mean": 9.52491092682,
        "median": 8.62637996674,
        "min": 0.307351082563,
        "var": 36.898601532
    },
    "pitch_salience": {
        "dmean": 0.071318641305,
        "dmean2": 0.119341269135,
        "dvar": 0.00464482977986,
        "dvar2": 0.013274865225,
        "max": 0.839626610279,
        "mean": 0.550545871258,
        "median": 0.557242810726,
        "min": 0.0864200294018,
        "var": 0.0118686566129
    },
    "silence_rate_20dB": {
        "dmean": 0,
        "dmean2": 0,
        "dvar": 0,
        "dvar2": 0,
        "max": 1,
        "mean": 1,
        "median": 1,
        "min": 1,
        "var": 0
    },
    "silence_rate_30dB": {
        "dmean": 0.0312327258289,
        "dmean2": 0.0624697655439,
        "dvar": 0.0302578620613,
        "dvar2": 0.0697647929192,
        "max": 1,
        "mean": 0.937124311924,
        "median": 1,
        "min": 0,
        "var": 0.0589291006327
    },
    "silence_rate_60dB": {
        "dmean": 0.0154781648889,
        "dmean2": 0.0308893658221,
        "dvar": 0.0152426268905,
        "dvar2": 0.0357331261039,
        "max": 1,
        "mean": 0.0572790727019,
        "median": 0,
        "min": 0,
        "var": 0.0540117435157
    },
    "spectral_centroid": {
        "dmean": 106.803108215,
        "dmean2": 165.386657715,
        "dvar": 28809.0839844,
        "dvar2": 63462.9375,
        "max": 3737.48754883,
        "mean": 604.292907715,
        "median": 566.964599609,
        "min": 183.145278931,
        "var": 63430.5234375
    },
    "spectral_complexity": {
        "dmean": 1.99778878689,
        "dmean2": 3.16785287857,
        "dvar": 5.23961687088,
        "dvar2": 11.1801710129,
        "max": 46,
        "mean": 12.2371311188,
        "median": 13,
        "min": 0,
        "var": 28.6247062683
    },
    "spectral_decrease": {
        "dmean": 2.76907496932e-09,
        "dmean2": 4.4938732735e-09,
        "dvar": 2.28638379225e-17,
        "dvar2": 5.7525011768e-17,
        "max": -8.26307420019e-19,
        "mean": -8.34657232218e-09,
        "median": -4.9456239104e-09,
        "min": -9.78947767294e-08,
        "var": 9.38938338137e-17
    },
    "spectral_energy": {
        "dmean": 0.0106313284487,
        "dmean2": 0.01722384803,
        "dvar": 0.000332484400133,
        "dvar2": 0.000834178528748,
        "max": 0.375119507313,
        "mean": 0.0324278324842,
        "median": 0.0195069666952,
        "min": 4.27877941411e-11,
        "var": 0.0013836864382
    },
    "spectral_energyband_high": {
        "dmean": 4.43732351414e-05,
        "dmean2": 6.20166611043e-05,
        "dvar": 2.41762805331e-08,
        "dvar2": 5.70395819466e-08,
        "max": 0.00424523325637,
        "mean": 7.08296938683e-05,
        "median": 1.70578041434e-05,
        "min": 2.7276091108e-11,
        "var": 2.71719340361e-08
    },
    "spectral_energyband_low": {
        "dmean": 0.00801159255207,
        "dmean2": 0.0135759199038,
        "dvar": 0.00027111984673,
        "dvar2": 0.000722717086319,
        "max": 0.302866607904,
        "mean": 0.0144089497626,
        "median": 0.00455866288394,
        "min": 1.00761554048e-12,
        "var": 0.000602513668127
    },
    "spectral_energyband_middle_high": {
        "dmean": 0.000796469277702,
        "dmean2": 0.00116596429143,
        "dvar": 1.20706886264e-06,
        "dvar2": 2.58961244981e-06,
        "max": 0.0238050594926,
        "mean": 0.00250833621249,
        "median": 0.00186593772378,
        "min": 8.39464869146e-12,
        "var": 5.69328085476e-06
    },
    "spectral_energyband_middle_low": {
        "dmean": 0.00539857521653,
        "dmean2": 0.00822622701526,
        "dvar": 7.08963343641e-05,
        "dvar2": 0.000156749942107,
        "max": 0.268492877483,
        "mean": 0.0171970874071,
        "median": 0.0114066144451,
        "min": 1.68069269439e-12,
        "var": 0.000399693992222
    },
    "spectral_entropy": {
        "dmean": 0.179711401463,
        "dmean2": 0.251985818148,
        "dvar": 0.0455744341016,
        "dvar2": 0.0727952793241,
        "max": 8.71004962921,
        "mean": 6.69527578354,
        "median": 6.83583116531,
        "min": 4.06790399551,
        "var": 0.568505346775
    },
    "spectral_flux": {
        "dmean": 0.0205786135048,
        "dmean2": 0.0340282768011,
        "dvar": 0.000650503265206,
        "dvar2": 0.00164682173636,
        "max": 0.423248559237,
        "mean": 0.0744525492191,
        "median": 0.0639521256089,
        "min": 3.96916366299e-05,
        "var": 0.00256540370174
    },
    "spectral_kurtosis": {
        "dmean": 9.2823009491,
        "dmean2": 15.1479530334,
        "dvar": 218.509811401,
        "dvar2": 493.194458008,
        "max": 250.818862915,
        "mean": 25.7339115143,
        "median": 11.1913318634,
        "min": -0.359130382538,
        "var": 1150.40869141
    },
    "spectral_rms": {
        "dmean": 0.00079683389049,
        "dmean2": 0.00127659074496,
        "dvar": 9.49339494127e-07,
        "dvar2": 2.39309747485e-06,
        "max": 0.0191303491592,
        "mean": 0.00494673103094,
        "median": 0.00436247512698,
        "min": 2.04313948871e-07,
        "var": 7.16671138434e-06
    },
    "spectral_rolloff": {
        "dmean": 145.308364868,
        "dmean2": 252.907516479,
        "dvar": 129922.664062,
        "dvar2": 273389.09375,
        "max": 18497.0214844,
        "mean": 650.381835938,
        "median": 602.9296875,
        "min": 64.599609375,
        "var": 204382.625
    },
    "spectral_skewness": {
        "dmean": 0.619875311852,
        "dmean2": 0.994810223579,
        "dvar": 0.652954280376,
        "dvar2": 1.42447113991,
        "max": 12.966588974,
        "mean": 3.24737048149,
        "median": 2.50189852715,
        "min": 0.0951453447342,
        "var": 4.11065769196
    },
    "spectral_spread": {
        "dmean": 348325.78125,
        "dmean2": 494269.75,
        "dvar": 147245498368,
        "dvar2": 247515480064,
        "max": 9370694,
        "mean": 2608165.5,
        "median": 2531807.5,
        "min": 361355.3125,
        "var": 1.44210355814e+12
    },
    "spectral_strongpeak": {
        "dmean": 0.371684700251,
        "dmean2": 0.624159574509,
        "dvar": 0.248818024993,
        "dvar2": 0.621471941471,
        "max": 6.17924356461,
        "mean": 0.81940215826,
        "median": 0.603395104408,
        "min": 0,
        "var": 0.516548335552
    },
    "zerocrossingrate": {
        "dmean": 0.00407451018691,
        "dmean2": 0.00517714442685,
        "dvar": 3.62713253708e-05,
        "dvar2": 4.52190106444e-05,
        "max": 0.46875,
        "mean": 0.0268749352545,
        "median": 0.02587890625,
        "min": 0.00390625,
        "var": 0.000141131298733
    },
    "barkbands": {
        "dmean": [0.000910713279154, 0.00512317381799, 0.00317950267345, 0.00240914872847, 0.0025588022545, 0.00154960795771, 0.000673402100801, 0.000612956180703, 0.000567734648939, 0.000284527108306, 0.000264465983491, 0.000239823944867, 0.000333319418132, 5.92585456616e-05, 7.12037581252e-05, 4.31398548244e-05, 3.56294367521e-05, 2.12716076931e-05, 1.96740220417e-05, 1.52936372615e-05, 1.5566825823e-05, 1.18653997561e-05, 5.63423100175e-06, 3.37559640684e-06, 1.88910598808e-06, 7.61434648666e-07, 4.13173580682e-07],
        "dmean2": [0.00153476477135, 0.00885421410203, 0.00525824027136, 0.00389407412149, 0.00406525004655, 0.00214909785427, 0.00103679532185, 0.000943297927734, 0.000768991012592, 0.000419396586949, 0.000384870829294, 0.000354154966772, 0.000499546702486, 9.45677893469e-05, 0.000115560484119, 6.9500754762e-05, 5.8312107285e-05, 3.38702047884e-05, 3.09289462166e-05, 2.27959208132e-05, 2.33061145991e-05, 1.81351624633e-05, 7.9100673247e-06, 4.8042875278e-06, 2.54725227933e-06, 9.52455593506e-07, 5.54216455839e-07],
        "dvar": [5.83512883168e-06, 0.000173576248926, 3.78657387046e-05, 2.66885399469e-05, 2.23587885557e-05, 8.31320085126e-06, 1.13850171601e-06, 1.03771628801e-06, 9.74092131401e-07, 3.47462417949e-07, 2.22365827085e-07, 2.67924832542e-07, 4.87618081024e-07, 1.36972184706e-08, 1.33731798968e-08, 5.27818988516e-09, 3.58021212676e-09, 1.67273239704e-09, 1.83315163049e-09, 1.88463555872e-09, 2.29385377359e-09, 3.56760332387e-09, 3.7208794379e-10, 1.05738903744e-10, 2.77588577124e-11, 6.63461082948e-12, 7.23902188193e-12],
        "dvar2": [1.60777490237e-05, 0.000491144426633, 9.67340238276e-05, 6.08904629189e-05, 5.48130119569e-05, 1.42709523061e-05, 2.61756053987e-06, 2.29200009016e-06, 1.78955190222e-06, 7.0049605938e-07, 4.52258575478e-07, 5.65799211927e-07, 1.04990556338e-06, 3.18542561217e-08, 3.34468950314e-08, 1.31702275752e-08, 9.19289799839e-09, 3.88560916775e-09, 4.32313962406e-09, 4.47188153174e-09, 5.43364642169e-09, 9.19203380079e-09, 8.55101045527e-10, 2.31055438671e-10, 5.70194863547e-11, 9.09637382779e-12, 1.24535980486e-11],
        "max": [0.0295582842082, 0.205379873514, 0.132745534182, 0.138090327382, 0.0826776325703, 0.0926506593823, 0.0268754791468, 0.0335060656071, 0.0394013486803, 0.0177988372743, 0.0165926665068, 0.0160493515432, 0.0151198618114, 0.00290667824447, 0.00179867574479, 0.00136201363057, 0.00125536101405, 0.000733730790671, 0.000762951560318, 0.00120823015459, 0.00107000500429, 0.00182674580719, 0.0005288865068, 0.000226696764003, 0.000115397051559, 7.62227282394e-05, 7.87816243246e-05],
        "mean": [0.00131123245228, 0.00665409816429, 0.00483691506088, 0.00401985133067, 0.00497345160693, 0.00380996195599, 0.0013978315983, 0.00125623797067, 0.00142961286474, 0.000569412950426, 0.000540927459951, 0.000543551752344, 0.000553822261281, 0.000102294368844, 0.00013022343046, 7.85540978541e-05, 6.46498228889e-05, 3.91047942685e-05, 3.37535821018e-05, 2.47277348535e-05, 2.3380636776e-05, 1.58486091095e-05, 8.44430360303e-06, 5.13002214575e-06, 3.04707668874e-06, 1.2892282939e-06, 6.01808721967e-07],
        "median": [1.66572372109e-05, 0.000684429542162, 0.00157211394981, 0.00119174621068, 0.00207961793058, 0.00170025136322, 0.000830853532534, 0.00064765708521, 0.000628155481536, 0.000267427763902, 0.000219256238779, 0.000139802199556, 0.00016561159282, 4.69251353934e-05, 7.45506258681e-05, 4.96406355524e-05, 3.98153024435e-05, 2.15961299546e-05, 1.6590960513e-05, 8.75525529409e-06, 6.05213335803e-06, 3.32783997692e-06, 1.41001464726e-06, 7.96879021436e-07, 4.16399331016e-07, 1.4187956765e-07, 1.12173601963e-07],
        "min": [6.22886182737e-13, 4.12115654103e-13, 3.13344890399e-13, 1.55147718132e-13, 4.63999661176e-13, 1.99906741551e-13, 3.60574200706e-13, 2.16400871831e-13, 2.23090087527e-13, 2.88129410738e-13, 8.61318069818e-13, 5.45222395877e-13, 6.16479306839e-13, 3.98918040528e-13, 3.56979962084e-13, 5.65103899005e-13, 5.43704892306e-13, 1.55403858185e-12, 1.79269619982e-12, 1.28948457814e-12, 2.29172236743e-12, 1.69830339028e-12, 1.77207012085e-12, 2.86314895404e-12, 3.95247853544e-12, 6.13096986374e-12, 9.63240685131e-12],
        "var": [1.11360113806e-05, 0.000218132990994, 8.67119524628e-05, 0.000100258825114, 6.70691151754e-05, 4.63129581476e-05, 3.09997312797e-06, 3.01022282656e-06, 4.99990892422e-06, 1.09973427698e-06, 7.93877291017e-07, 1.41931093367e-06, 1.04023456515e-06, 3.15519059768e-08, 3.07253635867e-08, 9.86209158782e-09, 6.64786314886e-09, 3.10345082966e-09, 2.87521051412e-09, 2.27667040775e-09, 2.61631538656e-09, 2.87937673704e-09, 4.40511127575e-10, 1.4097434331e-10, 4.85026845076e-11, 1.67009947538e-11, 1.16682722512e-11]
    },
    "erbbands": {
        "dmean": [0.198568031192, 1.05464243889, 3.06003332138, 5.89039039612, 9.35665512085, 8.36296844482, 7.32262229919, 15.5421104431, 9.34937763214, 11.8282403946, 11.3474912643, 15.3933982849, 9.26333427429, 7.22109699249, 11.245800972, 12.3868484497, 15.7835845947, 4.40302991867, 3.32471871376, 3.12704634666, 2.08066606522, 1.49530005455, 1.22461557388, 1.07381546497, 0.90920984745, 0.742342948914, 0.666728973389, 0.616271138191, 0.44619178772, 0.246158286929, 0.146409630775, 0.0863436684012, 0.0513272359967, 0.0250456761569, 0.0117468032986, 0.00401533721015, 0.00133853894658, 0.000352260278305, 6.97098730598e-05, 1.4933573766e-05],
        "dmean2": [0.350075393915, 1.80350458622, 5.02667331696, 9.69045066833, 15.0307435989, 13.1330909729, 10.4636449814, 21.5860404968, 13.9331283569, 18.9248409271, 17.0355796814, 20.5515213013, 13.3418006897, 10.9687318802, 16.2989559174, 18.0282402039, 23.6535644531, 6.76626110077, 5.35538101196, 5.08334875107, 3.31393933296, 2.43376398087, 1.9556735754, 1.68024194241, 1.40533483028, 1.12059187889, 0.994426190853, 0.93843382597, 0.681974649429, 0.361500203609, 0.20495814085, 0.121958315372, 0.0739613622427, 0.0350593663752, 0.0159108117223, 0.00522919045761, 0.00166672223713, 0.000454947439721, 9.40823738347e-05, 2.25485709962e-05],
        "dvar": [0.305095255375, 6.84767532349, 36.2105331421, 145.850296021, 337.980285645, 249.19152832, 131.890182495, 1020.05041504, 217.515930176, 368.462677002, 407.869934082, 745.015808105, 450.573944092, 148.43409729, 453.220031738, 682.29083252, 1088.66125488, 66.2547531128, 35.2375602722, 27.204782486, 11.6580839157, 6.98823070526, 5.30147838593, 4.68209028244, 4.44765043259, 4.28907155991, 4.10391616821, 4.92900848389, 4.67172384262, 0.908349335194, 0.216388106346, 0.0744277834892, 0.0244651231915, 0.00556575274095, 0.000926450302359, 0.000139159776154, 3.05184803437e-05, 2.80008498521e-06, 1.94613335225e-07, 1.50183343539e-09],
        "dvar2": [0.870959401131, 19.459695816, 91.1380081177, 355.121246338, 816.586486816, 594.453308105, 258.698760986, 1669.04455566, 489.054901123, 885.236633301, 904.067077637, 1290.60290527, 886.505981445, 325.699645996, 918.147033691, 1423.0213623, 2347.56469727, 146.840270996, 86.133644104, 66.6252212524, 29.2050457001, 17.9815311432, 12.5628814697, 10.6851587296, 10.405506134, 10.2608194351, 9.95822238922, 12.1440238953, 11.9106559753, 2.22279381752, 0.477249324322, 0.163500979543, 0.0552645139396, 0.0126141244546, 0.00167608051561, 0.000215766689507, 4.59143411717e-05, 4.47443062512e-06, 3.2370377312e-07, 2.79816414483e-09],
        "max": [9.6756734848, 42.8183479309, 138.592193604, 322.973358154, 543.643920898, 316.027801514, 279.017211914, 1173.77954102, 391.931610107, 628.268066406, 531.227905273, 1093.12072754, 695.217468262, 504.940338135, 848.649902344, 818.429138184, 774.686401367, 169.569717407, 97.6315155029, 111.907905579, 70.4652709961, 44.8672981262, 47.027469635, 34.7811698914, 45.1893997192, 55.7702636719, 55.1355133057, 51.7668418884, 66.0434570312, 27.8365459442, 10.7358417511, 6.78680992126, 3.62216091156, 1.83310031891, 0.590582370758, 0.292247712612, 0.182933852077, 0.0508586019278, 0.0132781406865, 0.00108038808685],
        "mean": [0.226132273674, 1.40937197208, 5.00008916855, 9.98921871185, 16.7126312256, 15.8978252411, 18.5672969818, 36.9920921326, 21.9240722656, 24.5879917145, 24.762172699, 40.4976387024, 21.0987091064, 14.4122686386, 24.1965961456, 29.633852005, 27.3440742493, 8.61800098419, 6.10583114624, 6.11649131775, 4.20100450516, 2.98453164101, 2.37313103676, 1.91455817223, 1.55070769787, 1.22437143326, 1.03930807114, 0.844666421413, 0.598335087299, 0.357777029276, 0.221115097404, 0.128146886826, 0.077461078763, 0.039222612977, 0.0189942158759, 0.00686204852536, 0.00217623473145, 0.000541316461749, 0.000114212591143, 4.26186488767e-05],
        "median": [0.0125903692096, 0.221650317311, 1.65539312363, 3.76946163177, 5.26204013824, 6.28706979752, 9.7058172226, 12.9132528305, 13.790271759, 14.3951654434, 14.5989131927, 17.9323043823, 10.0542564392, 8.56529808044, 10.5830173492, 8.84290313721, 9.16642284393, 4.56070566177, 3.54862594604, 4.03358411789, 2.91269373894, 1.93305695057, 1.38666582108, 1.00360929966, 0.713906526566, 0.445380479097, 0.301006108522, 0.188446074724, 0.126801222563, 0.0694411322474, 0.0369899347425, 0.0210963413119, 0.0110927512869, 0.00552684348077, 0.0025658083614, 0.000836837047245, 0.000231011334108, 6.81154415361e-05, 3.50424634235e-05, 2.53112139035e-05],
        "min": [2.14476509469e-11, 6.68433086659e-11, 2.93382040883e-10, 4.56382820424e-10, 9.19673781574e-10, 1.60663948812e-09, 1.67646063698e-09, 2.05313099855e-09, 4.28704449718e-09, 4.95212493234e-09, 6.04972116847e-09, 5.56835777488e-09, 6.29238794403e-09, 2.30556782554e-08, 2.68307189799e-08, 2.19625135855e-08, 2.93890423109e-08, 1.90672331257e-08, 2.27342837889e-08, 3.00671416653e-08, 2.47169822387e-08, 3.59433585118e-08, 6.9642190681e-08, 1.29910162627e-07, 5.97611915509e-08, 5.45383613826e-08, 5.63771216378e-08, 1.11354587773e-07, 7.13230718929e-08, 6.02460374921e-08, 4.13416145761e-08, 4.1360824099e-08, 6.24524147952e-08, 4.93581246985e-08, 2.80366680983e-08, 2.2889972584e-08, 1.15527063471e-08, 4.60329374619e-09, 1.41613387683e-09, 1.29055946485e-10],
        "var": [0.324946910143, 9.13323688507, 92.5283432007, 378.712249756, 1119.43762207, 740.208251953, 704.239624023, 5996.31884766, 665.621887207, 990.304138184, 1065.84777832, 4135.90917969, 1531.34558105, 380.145141602, 1665.69091797, 3744.33300781, 2291.42651367, 174.779586792, 72.9582748413, 59.7831878662, 23.14412117, 13.3232145309, 10.3597888947, 7.86778831482, 6.71533250809, 5.29979085922, 4.57175540924, 4.85564279556, 3.88463497162, 0.904993712902, 0.27867731452, 0.0932168290019, 0.0326301977038, 0.00799152348191, 0.00194745499175, 0.000349309761077, 6.40296420897e-05, 5.4595589063e-06, 3.23575079619e-07, 3.72459130205e-09]
    },
    "gfcc": {
        "mean": [-80.6452331543, 160.836547852, -112.739517212, -0.224219217896, -53.3315925598, -4.95594453812, -24.1908245087, -5.63819646835, -17.1209487915, -5.37537145615, -11.1668567657, -6.08516454697, -9.20028305054],
        "cov": [[8566.47460938, -1167.83190918, 127.574874878, 2185.29516602, 753.767272949, 973.990112305, -733.70715332, 44.4699897766, -576.60534668, 100.652519226, -27.1264019012, 51.4814300537, -8.86478233337], [-1167.83190918, 1783.47412109, 128.765762329, -677.039855957, 665.069519043, -215.334182739, 231.406387329, -94.3299026489, 147.313903809, -87.7151031494, 115.787406921, -70.2217788696, 58.8631134033], [127.574874878, 128.765762329, 440.67590332, 216.80279541, 243.262710571, 78.3067016602, 32.6403160095, 74.5194168091, 44.4394607544, 57.7906265259, -18.392244339, 8.65174484253, 11.6073865891], [2185.29516602, -677.039855957, 216.80279541, 1140.76599121, 260.604278564, 402.213378906, -188.885726929, 87.4086456299, -135.372772217, 63.750087738, -7.49007129669, 16.238948822, 15.9952983856], [753.767272949, 665.069519043, 243.262710571, 260.604278564, 823.364440918, 244.483825684, 16.9599246979, 50.7004776001, -25.9184913635, 7.60293626785, 34.9530982971, -14.8814659119, 13.9032726288], [973.990112305, -215.334182739, 78.3067016602, 402.213378906, 244.483825684, 340.706787109, -1.16814768314, 88.6663818359, -70.4897537231, 23.5488300323, -2.30431723595, 15.7196846008, -14.9292411804], [-733.70715332, 231.406387329, 32.6403160095, -188.885726929, 16.9599246979, -1.16814768314, 261.15423584, 80.9675598145, 96.9534683228, -1.85183012486, 28.1837749481, -22.0628490448, -5.06793880463], [44.4699897766, -94.3299026489, 74.5194168091, 87.4086456299, 50.7004776001, 88.6663818359, 80.9675598145, 145.232040405, 43.5435218811, 20.3943138123, -18.8652191162, -0.00183407857548, -8.54398345947], [-576.60534668, 147.313903809, 44.4394607544, -135.372772217, -25.9184913635, -70.4897537231, 96.9534683228, 43.5435218811, 141.247238159, 38.3403816223, 9.74765300751, -14.4393596649, 17.8513374329], [100.652519226, -87.7151031494, 57.7906265259, 63.750087738, 7.60293626785, 23.5488300323, -1.85183012486, 20.3943138123, 38.3403816223, 99.1630859375, 35.5373344421, 17.7250080109, 0.774912655354], [-27.1264019012, 115.787406921, -18.392244339, -7.49007129669, 34.9530982971, -2.30431723595, 28.1837749481, -18.8652191162, 9.74765300751, 35.5373344421, 103.660392761, 34.6909599304, 17.7616195679], [51.4814300537, -70.2217788696, 8.65174484253, 16.238948822, -14.8814659119, 15.7196846008, -22.0628490448, -0.00183407857548, -14.4393596649, 17.7250080109, 34.6909599304, 82.8478012085, 32.4798622131], [-8.86478233337, 58.8631134033, 11.6073865891, 15.9952983856, 13.9032726288, -14.9292411804, -5.06793880463, -8.54398345947, 17.8513374329, 0.774912655354, 17.7616195679, 32.4798622131, 73.747253418]],
        "icov": [[0.000396612857003, -0.000573525088839, 0.000350256683305, -0.000687321706209, 0.000436211936176, -0.000614244141616, 0.000725914142095, -0.000558768515475, 0.00113926455379, -0.00106724305078, 0.0005760359345, -6.11659779679e-05, 1.60647721259e-06], [-0.000573525088839, 0.00704491697252, -0.0023183459416, 0.0043613743037, -0.00676780985668, 0.00332347024232, -0.00205250224099, 0.00384761183523, -0.00477248895913, 0.00804005842656, -0.00805823504925, 0.00548706529662, -0.00342473457567], [0.000350256683305, -0.0023183459416, 0.00485015241429, -0.00277004134841, 0.000702633580659, 0.00048814486945, -0.000607585883699, -0.00146961549763, 0.00132338015828, -0.00520006101578, 0.00572164403275, -0.00394593691453, 0.00157845229842], [-0.000687321706209, 0.0043613743037, -0.00277004134841, 0.00559185585007, -0.00348192150705, -0.000430039013736, 0.000551458622795, 0.00123560067732, -0.00257966341451, 0.00508702034131, -0.00663534039631, 0.00570223573595, -0.0039324965328], [0.000436211936176, -0.00676780985668, 0.000702633580659, -0.00348192150705, 0.00879333913326, -0.00534728495404, 0.00275239651091, -0.00366546027362, 0.00416242564097, -0.00621435325593, 0.00546686816961, -0.0031961700879, 0.00227188947611], [-0.000614244141616, 0.00332347024232, 0.00048814486945, -0.000430039013736, -0.00534728495404, 0.0114171523601, -0.00488833105192, -0.000655557669234, 0.00124461110681, 0.00131573528051, -0.000837842642795, -0.00114022451453, 0.000586261041462], [0.000725914142095, -0.00205250224099, -0.000607585883699, 0.000551458622795, 0.00275239651091, -0.00488833105192, 0.0112345023081, -0.00602117693052, -0.00178252602927, 0.00147574825678, -0.00423510745168, 0.0032118789386, 0.000288904295303], [-0.000558768515475, 0.00384761183523, -0.00146961549763, 0.00123560067732, -0.00366546027362, -0.000655557669234, -0.00602117693052, 0.0167241822928, -0.00822284258902, 0.00404696492478, 0.0010711257346, -0.00193268910516, 0.00144834094681], [0.00113926455379, -0.00477248895913, 0.00132338015828, -0.00257966341451, 0.00416242564097, 0.00124461110681, -0.00178252602927, -0.00822284258902, 0.0236251894385, -0.0152870453894, 0.00641197757795, 0.00251930789091, -0.0055224345997], [-0.00106724305078, 0.00804005842656, -0.00520006101578, 0.00508702034131, -0.00621435325593, 0.00131573528051, 0.00147574825678, 0.00404696492478, -0.0152870453894, 0.0287731755525, -0.0173194762319, 0.00411688536406, 0.000933859322686], [0.0005760359345, -0.00805823504925, 0.00572164403275, -0.00663534039631, 0.00546686816961, -0.000837842642795, -0.00423510745168, 0.0010711257346, 0.00641197757795, -0.0173194762319, 0.0285384431481, -0.0152186481282, 0.00413170875981], [-6.11659779679e-05, 0.00548706529662, -0.00394593691453, 0.00570223573595, -0.0031961700879, -0.00114022451453, 0.0032118789386, -0.00193268910516, 0.00251930789091, 0.00411688536406, -0.0152186481282, 0.0279424022883, -0.0139283342287], [1.60647721259e-06, -0.00342473457567, 0.00157845229842, -0.0039324965328, 0.00227188947611, 0.000586261041462, 0.000288904295303, 0.00144834094681, -0.0055224345997, 0.000933859322686, 0.00413170875981, -0.0139283342287, 0.0232422593981]]
    },
    "melbands": {
        "dmean": [0.00155485933647, 0.00142677756958, 0.00106750265695, 0.000667674699798, 0.000255779450526, 0.000324172171531, 0.000141898111906, 0.000130024636746, 9.01618113858e-05, 9.42672631936e-05, 4.51987398264e-05, 2.94401052088e-05, 3.4954657167e-05, 3.18572892866e-05, 3.10570394504e-05, 2.99130624626e-05, 6.8429330895e-06, 5.25979112354e-06, 4.50033439847e-06, 4.21014055974e-06, 2.44501984525e-06, 1.68082419805e-06, 1.62525827818e-06, 1.02410001546e-06, 9.20843262975e-07, 7.57381656058e-07, 5.63342950954e-07, 5.06290689373e-07, 4.32335752976e-07, 3.75079849846e-07, 3.86698019383e-07, 2.94299923098e-07, 1.67672737916e-07, 1.28672581923e-07, 9.0262993524e-08, 6.86633185865e-08, 4.77518149467e-08, 3.88457870315e-08, 2.80923764251e-08, 1.91930880078e-08],
        "dmean2": [0.00271774665453, 0.00237141805701, 0.00172776693944, 0.00106037559453, 0.000372463691747, 0.000450348597951, 0.000212286307942, 0.000207172124647, 0.000132906410727, 0.000126074999571, 6.59199577058e-05, 4.49756771559e-05, 5.12748229085e-05, 4.62540483568e-05, 4.62736497866e-05, 4.47548191005e-05, 1.07760688479e-05, 8.4906050688e-06, 7.38106382414e-06, 6.77719208397e-06, 3.9129763536e-06, 2.75845968645e-06, 2.68540975412e-06, 1.641821882e-06, 1.45628018799e-06, 1.20800484638e-06, 8.53420203839e-07, 7.76732747454e-07, 6.5516860559e-07, 5.73129909753e-07, 6.06484888976e-07, 4.65963125862e-07, 2.4954877631e-07, 1.93681117366e-07, 1.2920042991e-07, 9.86601804698e-08, 6.85488998897e-08, 5.69743754397e-08, 4.14000886906e-08, 2.71801994245e-08],
        "dvar": [1.73134176293e-05, 7.94056450104e-06, 4.2559463509e-06, 1.60584465903e-06, 1.47635788039e-07, 4.10864032574e-07, 5.01148385013e-08, 4.53412596357e-08, 2.40484823166e-08, 2.92584108053e-08, 1.11649054446e-08, 2.64249311321e-09, 3.95572286038e-09, 3.89755339114e-09, 3.24497517745e-09, 5.01331820502e-09, 1.85180148993e-10, 8.45472789002e-11, 5.11532240177e-11, 4.23195367638e-11, 1.70347364686e-11, 8.36156664741e-12, 8.92789488172e-12, 3.97386507381e-12, 3.35338527779e-12, 2.67542780465e-12, 2.35290411287e-12, 1.88478963339e-12, 1.57136966199e-12, 1.08886565129e-12, 2.68537449222e-12, 2.38632399431e-12, 4.66712118171e-13, 2.25405238636e-13, 7.94595915758e-14, 5.05364318643e-14, 2.24862361668e-14, 1.54045104851e-14, 7.26115775309e-15, 3.02115963506e-15],
        "dvar2": [4.91569699079e-05, 2.0636136469e-05, 1.00338938864e-05, 3.92568608731e-06, 3.12384486278e-07, 6.84587348587e-07, 1.12238041083e-07, 1.05922303817e-07, 5.25354408865e-08, 5.15738562967e-08, 2.2118955556e-08, 5.82051562503e-09, 8.21323720146e-09, 8.31755819775e-09, 6.95944502027e-09, 1.05743227508e-08, 4.25778357016e-10, 2.07349012959e-10, 1.3145062816e-10, 1.03960479114e-10, 4.3172826425e-11, 2.16203912412e-11, 2.29498902521e-11, 9.37105081034e-12, 7.79106553578e-12, 6.55126126958e-12, 5.56054724835e-12, 4.59168250297e-12, 3.79205434414e-12, 2.60206027732e-12, 6.82841630462e-12, 6.21814622362e-12, 1.1320970203e-12, 5.56966040129e-13, 1.74561957229e-13, 1.13908055622e-13, 5.01017074508e-14, 3.54093619389e-14, 1.70596094759e-14, 6.7461680739e-15],
        "max": [0.0692996606231, 0.0553647018969, 0.0529668591917, 0.0220128968358, 0.00890160910785, 0.0226184558123, 0.0061429431662, 0.00782259181142, 0.00397665146738, 0.00588924391195, 0.00344175240025, 0.00222783489153, 0.00227909279056, 0.00181330216583, 0.00144903513137, 0.00196195044555, 0.00034532675636, 0.000147912694956, 0.000110960296297, 0.000110331864562, 7.59859467507e-05, 5.24654715264e-05, 4.86988574266e-05, 3.00576029986e-05, 3.08650087391e-05, 2.92113436444e-05, 3.91203684558e-05, 3.63597246178e-05, 3.34836804541e-05, 2.3257034627e-05, 4.16131515522e-05, 4.67512072646e-05, 2.09488389373e-05, 1.37063379952e-05, 5.92052265347e-06, 5.82725078857e-06, 3.54299095306e-06, 2.66406505034e-06, 2.4654734716e-06, 1.2723578493e-06],
        "mean": [0.0020077386871, 0.00237274751998, 0.00198277970776, 0.00124973326456, 0.000646570348181, 0.000776869594119, 0.000324397202348, 0.000272571138339, 0.00020150191267, 0.00024277594639, 9.59598328336e-05, 5.40080873179e-05, 7.09532687324e-05, 7.57850066293e-05, 6.1900675064e-05, 5.06669530296e-05, 1.19828446259e-05, 9.0935445769e-06, 8.29536656966e-06, 7.69843609305e-06, 4.47637103207e-06, 3.1776060041e-06, 2.7248306651e-06, 1.80641916359e-06, 1.50776361352e-06, 1.23391237139e-06, 8.93863614237e-07, 7.91954335e-07, 6.63636683385e-07, 5.46509113519e-07, 4.84795521061e-07, 3.71141055666e-07, 2.36064224168e-07, 1.81975210012e-07, 1.32922465923e-07, 9.98060798452e-08, 6.90429189376e-08, 5.6352376987e-08, 4.30807745033e-08, 2.96007129919e-08],
        "median": [0.000157010712428, 0.000761598348618, 0.000783361261711, 0.000429131585406, 0.000375048432034, 0.000299524632283, 0.000201073358767, 0.00015450650244, 0.000115395450848, 0.000102899393823, 4.35476395069e-05, 2.90341249638e-05, 2.95375102723e-05, 2.34610088228e-05, 2.20719521167e-05, 1.45908961713e-05, 5.62075501875e-06, 4.95513450005e-06, 5.12938140673e-06, 4.94626647196e-06, 2.78583752333e-06, 1.96472933567e-06, 1.5664448938e-06, 9.7290183021e-07, 7.45822319459e-07, 5.58386489047e-07, 3.48267207073e-07, 2.70182198392e-07, 1.94764680828e-07, 1.37571433356e-07, 9.64393223057e-08, 7.48720765387e-08, 5.16380573856e-08, 3.25584466054e-08, 2.16410835918e-08, 1.66195057716e-08, 1.09491171685e-08, 7.80469466832e-09, 5.99048899375e-09, 4.03348332512e-09],
        "min": [1.73578951776e-13, 1.26602057288e-13, 9.1334959615e-14, 9.78486429794e-14, 6.27913790841e-14, 4.84024712671e-14, 6.34698524749e-14, 4.9059968734e-14, 4.86640892514e-14, 3.289275929e-14, 3.0987921105e-14, 8.68474129417e-14, 1.09032886344e-13, 5.54405967749e-14, 4.88795812094e-14, 7.32245142884e-14, 3.11217421463e-14, 4.24439129676e-14, 2.28079629971e-14, 4.93068483449e-14, 2.49338056305e-14, 3.42004663522e-14, 5.64495891979e-14, 6.9129021897e-14, 1.15712723691e-13, 4.41767255372e-14, 5.09474122504e-14, 3.0331243566e-14, 2.80034479492e-14, 4.72824429891e-14, 7.07863672192e-14, 3.79748146719e-14, 3.36526494876e-14, 3.51399512516e-14, 2.21522510757e-14, 2.56786762399e-14, 2.2712736165e-14, 4.5519821636e-14, 3.92075423777e-14, 4.12434097833e-14],
        "var": [2.12132217712e-05, 1.90183945961e-05, 1.45399826579e-05, 4.94047435495e-06, 7.06314779109e-07, 2.36467985815e-06, 1.5159172051e-07, 1.30133258835e-07, 6.89545203159e-08, 1.59191628768e-07, 3.66655079631e-08, 6.58354570859e-09, 1.38862974453e-08, 2.02998666765e-08, 9.50541512168e-09, 1.13602363072e-08, 4.48774212236e-10, 1.6835474681e-10, 1.12089906801e-10, 8.92532853181e-11, 3.08385608716e-11, 1.5719890667e-11, 1.44481050388e-11, 6.99465095219e-12, 5.25613623806e-12, 4.15049028132e-12, 2.89784949509e-12, 2.27734844871e-12, 1.79595173368e-12, 1.28493808475e-12, 2.31247443069e-12, 1.85525791778e-12, 4.42985519144e-13, 2.28197533569e-13, 1.03632400784e-13, 5.96313227746e-14, 2.77382910613e-14, 1.89840530855e-14, 9.76782216444e-15, 4.48702828907e-15]
    },
    "mfcc": {
        "mean": [-726.431091309, 193.031677246, -0.325400978327, 11.7590904236, -8.58117771149, -0.213346883655, -3.67174291611, -0.736207664013, -2.54306697845, -3.30419969559, -2.05115652084, 1.64371216297, 0.160983681679],
        "cov": [[7946.32958984, -1193.46691895, -521.905578613, 1394.60656738, 1047.99853516, 925.96295166, 351.276489258, 47.7140159607, -228.369766235, -94.1144790649, -135.264022827, -148.005722046, -239.956619263], [-1193.46691895, 2022.22741699, -256.928527832, -257.715759277, 282.642974854, -49.5167121887, 117.524276733, 25.6046962738, 19.4464550018, -33.3317298889, 47.1078186035, 29.8192272186, 60.6832084656], [-521.905578613, -256.928527832, 411.833374023, -15.8552751541, -99.393699646, -52.6235427856, -54.3002319336, 4.97628927231, 67.8699569702, 78.8342971802, 36.6725616455, 9.81929397583, 12.4876031876], [1394.60656738, -257.715759277, -15.8552751541, 609.818603516, 378.189361572, 277.238830566, 133.423156738, 39.1600608826, -8.46399116516, 40.5081825256, 8.81914997101, -45.0923118591, -49.1794624329], [1047.99853516, 282.642974854, -99.393699646, 378.189361572, 631.26965332, 321.968414307, 176.976364136, 68.5642318726, 21.6490039825, 12.0203104019, 3.4779984951, -20.0132026672, -34.6444587708], [925.96295166, -49.5167121887, -52.6235427856, 277.238830566, 321.968414307, 295.415039062, 163.718307495, 62.3900985718, 10.6623544693, 20.5993824005, 15.1553421021, -3.00429034233, -26.4056301117], [351.276489258, 117.524276733, -54.3002319336, 133.423156738, 176.976364136, 163.718307495, 213.02432251, 121.534568787, 31.4197063446, 15.6188001633, 29.5300521851, 29.2286720276, 16.924533844], [47.7140159607, 25.6046962738, 4.97628927231, 39.1600608826, 68.5642318726, 62.3900985718, 121.534568787, 156.906112671, 81.4068222046, 18.0716514587, 4.33869504929, 19.7176742554, 32.164730072], [-228.369766235, 19.4464550018, 67.8699569702, -8.46399116516, 21.6490039825, 10.6623544693, 31.4197063446, 81.4068222046, 135.130966187, 83.6865081787, 21.5830764771, -6.19372224808, 12.5408821106], [-94.1144790649, -33.3317298889, 78.8342971802, 40.5081825256, 12.0203104019, 20.5993824005, 15.6188001633, 18.0716514587, 83.6865081787, 134.23878479, 69.7730255127, -10.8897342682, -20.0743103027], [-135.264022827, 47.1078186035, 36.6725616455, 8.81914997101, 3.4779984951, 15.1553421021, 29.5300521851, 4.33869504929, 21.5830764771, 69.7730255127, 96.931022644, 38.3664588928, -2.7687959671], [-148.005722046, 29.8192272186, 9.81929397583, -45.0923118591, -20.0132026672, -3.00429034233, 29.2286720276, 19.7176742554, -6.19372224808, -10.8897342682, 38.3664588928, 86.092124939, 51.0858650208], [-239.956619263, 60.6832084656, 12.4876031876, -49.1794624329, -34.6444587708, -26.4056301117, 16.924533844, 32.164730072, 12.5408821106, -20.0743103027, -2.7687959671, 51.0858650208, 99.0578308105]],
