{
"lowlevel": {
    "average_loudness": 0.749928116798,
    "barkbands_crest": {
        "dmean": 2.29336094856,
        "dmean2": 3.47682762146,
        "dvar": 7.43056821823,
        "dvar2": 14.8096590042,
        "max": 26.5994491577,
        "mean": 11.4874563217,
        "median": 10.0455341339,
        "min": 1.89422333241,
        "var": 37.6604690552
    },
    "barkbands_flatness_db": {
        "dmean": 0.0294010490179,
        "dmean2": 0.0398734696209,
        "dvar": 0.00132012763061,
        "dvar2": 0.00206912378781,
        "max": 0.699765980244,
        "mean": 0.184867680073,
        "median": 0.155016541481,
        "min": 0.0109942369163,
        "var": 0.0137334847823
    },
    "barkbands_kurtosis": {
        "dmean": 26.2740287781,
        "dmean2": 37.4909248352,
        "dvar": 8541.22070312,
        "dvar2": 17217.09375,
        "max": 2291.81811523,
        "mean": 41.496307373,
        "median": 6.37822961807,
        "min": -1.93486118317,
        "var": 15867.0703125
    },
    "barkbands_skewness": {
        "dmean": 1.33145904541,
        "dmean2": 1.79819297791,
        "dvar": 5.04979038239,
        "dvar2": 8.56497097015,
        "max": 41.5556335449,
        "mean": 3.18885850906,
        "median": 2.14407205582,
        "min": -18.7081108093,
        "var": 19.180934906
    },
    "barkbands_spread": {
        "dmean": 10.2672719955,
        "dmean2": 15.4820222855,
        "dvar": 202.621047974,
        "dvar2": 435.099365234,
        "max": 132.569869995,
        "mean": 26.6907920837,
        "median": 18.1805477142,
        "min": 0.0436550527811,
        "var": 639.575683594
    },
    "dissonance": {
        "dmean": 0.0216629058123,
        "dmean2": 0.0359551049769,
        "dvar": 0.000717111339327,
        "dvar2": 0.00192499882542,
        "max": 0.500000178814,
        "mean": 0.457065492868,
        "median": 0.474045604467,
        "min": 0.115277037024,
        "var": 0.00201994646341
    },
    "dynamic_complexity": 6.89606904984,
    "erbbands_crest": {
        "dmean": 2.23386979103,
        "dmean2": 3.45134615898,
        "dvar": 6.22360610962,
        "dvar2": 13.4411096573,
        "max": 34.1825256348,
        "mean": 9.95380783081,
        "median": 8.7007598877,
        "min": 2.18681430817,
        "var": 29.7471122742
    },
    "erbbands_flatness_db": {
        "dmean": 0.0205779466778,
        "dmean2": 0.0304832886904,
        "dvar": 0.000484545249492,
        "dvar2": 0.001001529512,
        "max": 0.454430699348,
        "mean": 0.147649511695,
        "median": 0.13054433465,
        "min": 0.0250661913306,
        "var": 0.00506217963994
    },
    "erbbands_kurtosis": {
        "dmean": 2.47107458115,
        "dmean2": 3.75503849983,
        "dvar": 19.9580421448,
        "dvar2": 40.8006782532,
        "max": 147.42225647,
        "mean": 4.47850036621,
        "median": 0.251096606255,
        "min": -1.93932890892,
        "var": 163.678482056
    },
    "erbbands_skewness": {
        "dmean": 0.579611182213,
        "dmean2": 0.836878120899,
        "dvar": 0.40560439229,
        "dvar2": 0.833644926548,
        "max": 9.62457561493,
        "mean": 0.790471792221,
        "median": 0.502138495445,
        "min": -7.59204530716,
        "var": 3.1463534832
    },
    "erbbands_spread": {
        "dmean": 16.4201335907,
        "dmean2": 24.7080097198,
        "dvar": 398.251647949,
        "dvar2": 835.772155762,
        "max": 189.542221069,
        "mean": 57.2262191772,
        "median": 50.7602157593,
        "min": 0.47854334116,
        "var": 1446.15661621
    },
    "hfc": {
        "dmean": 19.4475231171,
        "dmean2": 29.0638656616,
        "dvar": 2576.94018555,
        "dvar2": 5992.90527344,
        "max": 570.929443359,
        "mean": 22.1545963287,
        "median": 4.38293886185,
        "min": 1.24274543204e-16,
        "var": 2925.35791016
    },
    "melbands_crest": {
        "dmean": 2.81043577194,
        "dmean2": 4.3661365509,
        "dvar": 10.5127449036,
        "dvar2": 23.6447906494,
        "max": 36.1379890442,
        "mean": 17.2715244293,
        "median": 16.4120693207,
        "min": 1.80939328671,
        "var": 49.8571739197
    },
    "melbands_flatness_db": {
        "dmean": 0.0371559374034,
        "dmean2": 0.0485712774098,
        "dvar": 0.00193847238552,
        "dvar2": 0.00302001507953,
        "max": 0.86318898201,
        "mean": 0.26399153471,
        "median": 0.236491560936,
        "min": 0.00551532162353,
        "var": 0.0220116078854
    },
    "melbands_kurtosis": {
        "dmean": 40.6327323914,
        "dmean2": 57.3135986328,
        "dvar": 10741.9873047,
        "dvar2": 20800.8535156,
        "max": 2263.36889648,
        "mean": 81.752204895,
        "median": 21.1749629974,
        "min": -1.93917632103,
        "var": 32767.3789062
    },
    "melbands_skewness": {
        "dmean": 1.49583780766,
        "dmean2": 2.14948439598,
        "dvar": 4.6591668129,
        "dvar2": 9.07954406738,
        "max": 33.9401130676,
        "mean": 4.92350578308,
        "median": 3.59666442871,
        "min": -3.34242892265,
        "var": 21.2969055176
    },
    "melbands_spread": {
        "dmean": 12.2889795303,
        "dmean2": 17.8221549988,
        "dvar": 583.05065918,
        "dvar2": 1192.33398438,
        "max": 272.919494629,
        "mean": 25.5279979706,
        "median": 11.1436357498,
        "min": 0.123277403414,
        "var": 1296.38830566
    },
    "pitch_salience": {
        "dmean": 0.0734944045544,
        "dmean2": 0.11357332021,
        "dvar": 0.00833743344992,
        "dvar2": 0.0171985309571,
        "max": 0.894340455532,
        "mean": 0.522998571396,
        "median": 0.550119400024,
        "min": 0.0188314318657,
        "var": 0.0334750786424
    },
    "silence_rate_20dB": {
        "dmean": 0.0205819196999,
        "dmean2": 0.0411668904126,
        "dvar": 0.0201605465263,
        "dvar2": 0.0572498179972,
        "max": 1,
        "mean": 0.988303244114,
        "median": 1,
        "min": 0,
        "var": 0.0115603152663
    },
    "silence_rate_30dB": {
        "dmean": 0.0476789809763,
        "dmean2": 0.0953650251031,
        "dvar": 0.0453992523253,
        "dvar2": 0.0919067189097,
        "max": 1,
        "mean": 0.883106291294,
        "median": 1,
        "min": 0,
        "var": 0.103235773742
    },
    "silence_rate_60dB": {
        "dmean": 0.064262971282,
        "dmean2": 0.128535464406,
        "dvar": 0.0601376034319,
        "dvar2": 0.123997718096,
        "max": 1,
        "mean": 0.4173822999,
        "median": 0,
        "min": 0,
        "var": 0.243189871311
    },
    "spectral_centroid": {
        "dmean": 349.896636963,
        "dmean2": 497.599609375,
        "dvar": 255227.828125,
        "dvar2": 481303.65625,
        "max": 10997.5908203,
        "mean": 1303.12011719,
        "median": 941.201782227,
        "min": 69.8362197876,
        "var": 1105270.5
    },
    "spectral_complexity": {
        "dmean": 3.23358249664,
        "dmean2": 4.74840831757,
        "dvar": 37.4914627075,
        "dvar2": 63.1984901428,
        "max": 67,
        "mean": 8.30367183685,
        "median": 5,
        "min": 0,
        "var": 113.897468567
    },
    "spectral_decrease": {
        "dmean": 4.91934182278e-09,
        "dmean2": 6.19778361965e-09,
        "dvar": 1.38266415762e-16,
        "dvar2": 2.275445222e-16,
        "max": 8.76541192856e-16,
        "mean": -9.49024236974e-09,
        "median": -1.05989439447e-09,
        "min": -1.26217543084e-07,
        "var": 4.26557268968e-16
    },
    "spectral_energy": {
        "dmean": 0.0199256781489,
        "dmean2": 0.0254320073873,
        "dvar": 0.00204869569279,
        "dvar2": 0.00344616803341,
        "max": 0.480095088482,
        "mean": 0.037827771157,
        "median": 0.00480763334781,
        "min": 1.09899886652e-20,
        "var": 0.00625699432567
    },
    "spectral_energyband_high": {
        "dmean": 0.00184756307863,
        "dmean2": 0.00275861239061,
        "dvar": 2.68317362497e-05,
        "dvar2": 6.10528804827e-05,
        "max": 0.0596362166107,
        "mean": 0.00180645403452,
        "median": 0.000138015544508,
        "min": 7.97310829828e-21,
        "var": 3.07044938381e-05
    },
    "spectral_energyband_low": {
        "dmean": 0.015623152256,
        "dmean2": 0.0189590398222,
        "dvar": 0.00204022880644,
        "dvar2": 0.00318133900873,
        "max": 0.475000232458,
        "mean": 0.0282086860389,
        "median": 0.0011955674272,
        "min": 7.41175147025e-23,
        "var": 0.00592710915953
    },
    "spectral_energyband_middle_high": {
        "dmean": 0.00214947061613,
        "dmean2": 0.00346023100428,
        "dvar": 9.51223482843e-05,
        "dvar2": 0.000235695348238,
        "max": 0.136101841927,
        "mean": 0.00225755688734,
        "median": 0.000238417356741,
        "min": 1.59191686387e-21,
        "var": 8.81896048668e-05
    },
    "spectral_energyband_middle_low": {
        "dmean": 0.0036500536371,
        "dmean2": 0.00646247621626,
        "dvar": 0.000150346109876,
        "dvar2": 0.000427434773883,
        "max": 0.156827196479,
        "mean": 0.00657765939832,
        "median": 0.00147427641787,
        "min": 3.48490121742e-22,
        "var": 0.000170038692886
    },
    "spectral_entropy": {
        "dmean": 0.2496881634,
        "dmean2": 0.339388102293,
        "dvar": 0.0795618668199,
        "dvar2": 0.150965407491,
        "max": 9.79804134369,
        "mean": 7.43765544891,
        "median": 7.70104789734,
        "min": 4.12815523148,
        "var": 0.883991658688
    },
    "spectral_flux": {
        "dmean": 0.0376816987991,
        "dmean2": 0.0545575842261,
        "dvar": 0.00449960818514,
        "dvar2": 0.00881537981331,
        "max": 0.602654874325,
        "mean": 0.0719952359796,
        "median": 0.030492130667,
        "min": 1.04833149106e-10,
        "var": 0.0101968785748
    },
    "spectral_kurtosis": {
        "dmean": 2.15804457664,
        "dmean2": 3.40032672882,
        "dvar": 41.1328277588,
        "dvar2": 112.61252594,
        "max": 305.289367676,
        "mean": 7.50012588501,
        "median": 2.24314618111,
        "min": -1.19943594933,
        "var": 661.012207031
    },
    "spectral_rms": {
        "dmean": 0.00114668568131,
        "dmean2": 0.00145961029921,
        "dvar": 4.25898224421e-06,
        "dvar2": 6.40411735731e-06,
        "max": 0.0216422155499,
        "mean": 0.00407071132213,
        "median": 0.0021657270845,
        "min": 3.27443736188e-12,
        "var": 2.03344770853e-05
    },
    "spectral_rolloff": {
        "dmean": 1167.27209473,
        "dmean2": 1909.46496582,
        "dvar": 5161524.5,
        "dvar2": 10984132,
        "max": 19918.2128906,
        "mean": 2378.13452148,
        "median": 473.73046875,
        "min": 64.599609375,
        "var": 12538441
    },
    "spectral_skewness": {
        "dmean": 0.293000847101,
        "dmean2": 0.431159824133,
        "dvar": 0.1476008147,
        "dvar2": 0.339554190636,
        "max": 14.8054084778,
        "mean": 1.67483949661,
        "median": 1.2935833931,
        "min": -0.120461903512,
        "var": 2.59116649628
    },
    "spectral_spread": {
        "dmean": 1028986.625,
        "dmean2": 1548039.5,
        "dvar": 1.60897630208e+12,
        "dvar2": 3.2419479552e+12,
        "max": 40062320,
        "mean": 6687209.5,
        "median": 6597923,
        "min": 360342.46875,
        "var": 6.90153167258e+12
    },
    "spectral_strongpeak": {
        "dmean": 0.345286518335,
        "dmean2": 0.584835350513,
        "dvar": 1.06346237659,
        "dvar2": 2.90387392044,
        "max": 12.0425662994,
        "mean": 0.624635219574,
        "median": 0.204691261053,
        "min": 0,
        "var": 1.19549155235
    },
    "zerocrossingrate": {
        "dmean": 0.0222827177495,
        "dmean2": 0.0242603402585,
        "dvar": 0.000788452976849,
        "dvar2": 0.000946903892327,
        "max": 0.81982421875,
        "mean": 0.086923494935,
        "median": 0.06591796875,
        "min": 0.001953125,
        "var": 0.00766526302323
    },
    "barkbands": {
        "dmean": [0.000623041705694, 0.014739847742, 0.00319368205965, 0.0011636975687, 0.0014813732123, 0.000482722185552, 0.000628013396636, 0.000234572537011, 0.00022529088892, 0.000152492444613, 0.000299230916426, 0.000514161773026, 0.000261872075498, 0.000135313675855, 0.000180194198037, 0.000175319917616, 0.000166103607626, 0.000150238440256, 0.000189544429304, 0.000268290517852, 0.000262697780272, 0.000259483815171, 0.000446042278782, 0.000259402731899, 0.000275259371847, 0.000189416503417, 5.13002778462e-05],
        "dmean2": [0.000917075201869, 0.0194726958871, 0.00557907484472, 0.00205549178645, 0.00268765469082, 0.000706443737727, 0.0011435119668, 0.000394421367673, 0.00039296381874, 0.000252595171332, 0.000538887223229, 0.000889828486834, 0.000435721420217, 0.000228508768487, 0.000295420613838, 0.000289178366074, 0.000258482818026, 0.000236102670897, 0.000293522985885, 0.000406094739446, 0.000385003950214, 0.000376051379135, 0.000704327889252, 0.000411459594034, 0.000452222826425, 0.000293650053209, 7.62264244258e-05],
        "dvar": [5.09156052431e-06, 0.00213995063677, 0.000193317508092, 2.4248201953e-05, 4.75330853078e-05, 3.81171753361e-06, 4.67603604193e-06, 1.31790602609e-06, 1.7748781147e-06, 5.40962901141e-07, 2.53710481957e-06, 9.97299866867e-06, 1.80403162631e-06, 4.39791932649e-07, 5.98720873768e-07, 7.24437143163e-07, 5.91394950789e-07, 5.10451798164e-07, 7.79670301654e-07, 1.96504151972e-06, 1.36157950692e-06, 8.29576947581e-07, 1.90123250832e-06, 5.57641385512e-07, 6.9079686682e-07, 2.60085869286e-07, 1.56957185027e-08],
        "dvar2": [1.11245353764e-05, 0.00384078198113, 0.000532110920176, 7.00984528521e-05, 0.000138642906677, 8.16806095827e-06, 1.49930274347e-05, 3.17917761095e-06, 4.95926133226e-06, 1.07520202164e-06, 7.22032746125e-06, 2.59432927123e-05, 4.4091862037e-06, 1.11669839953e-06, 1.4915256088e-06, 1.86314855455e-06, 1.40304871366e-06, 1.31917124691e-06, 1.9657275061e-06, 4.717351203e-06, 3.1870129078e-06, 1.59157275448e-06, 4.47848151452e-06, 1.39538974508e-06, 1.78336483714e-06, 6.11493874203e-07, 3.45710198246e-08],
        "max": [0.0295945424587, 0.426237076521, 0.156961813569, 0.0638627037406, 0.0990418791771, 0.0655747652054, 0.0596201494336, 0.0358189493418, 0.0358809046447, 0.0155366994441, 0.0349989719689, 0.0660048723221, 0.0295436363667, 0.0137234274298, 0.0151670938358, 0.0175034236163, 0.0219877082855, 0.0123630855232, 0.0133083090186, 0.0212857425213, 0.0194395128638, 0.013782646507, 0.0119259124622, 0.00636050710455, 0.00869122333825, 0.00527675962076, 0.00175810593646],
        "mean": [0.00101441540755, 0.0232902429998, 0.00290353223681, 0.00152988790069, 0.00165878026746, 0.00174256577156, 0.00108909781557, 0.000343789317412, 0.000195027882, 0.000170631174115, 0.000294791243505, 0.000445453944849, 0.000224598814384, 0.000119233045552, 0.000183927739272, 0.000172395593836, 0.000184423071914, 0.000155897083459, 0.000187171899597, 0.000265193521045, 0.000270357064437, 0.000282195978798, 0.000421408651164, 0.000238699343754, 0.000219228808419, 0.000170523315319, 5.43907954125e-05],
        "median": [3.33836851496e-06, 0.000214800151298, 0.000316878868034, 0.000441384880105, 0.000358836434316, 7.99420377007e-05, 8.40979919303e-05, 4.18981107941e-05, 1.37082588481e-05, 1.61006428243e-05, 3.08292728732e-05, 1.43565630424e-05, 7.14046609573e-06, 4.38925144408e-06, 7.1954809755e-06, 4.43510953119e-06, 7.3590131251e-06, 7.17547754903e-06, 1.0468180335e-05, 2.55364102486e-05, 1.86071356438e-05, 2.11446058529e-05, 2.6817440812e-05, 1.92186071217e-05, 9.25045242184e-06, 2.91961168841e-06, 1.11287886284e-06],
        "min": [6.96191963181e-23, 3.91775967219e-23, 6.96791292365e-24, 1.15024952439e-23, 4.08987302895e-23, 1.15533071947e-22, 1.02735286818e-22, 2.56013273643e-23, 3.72047944374e-23, 5.67641083332e-23, 4.9567068393e-23, 7.96518094038e-23, 1.00443538604e-22, 1.33313340419e-22, 1.90579770133e-22, 1.41811682153e-22, 1.40945247821e-22, 2.58669106409e-22, 2.78822823841e-22, 3.59741222004e-22, 3.64256712312e-22, 3.93023049025e-22, 6.12065236162e-22, 8.96352278613e-22, 1.12823346097e-21, 1.78145118505e-21, 2.74448147098e-21],
        "var": [1.34075417009e-05, 0.00491950055584, 0.000135515947477, 1.651457751e-05, 2.96458674711e-05, 3.54143921868e-05, 8.67231483426e-06, 2.68195390163e-06, 1.16747185075e-06, 6.01676674705e-07, 2.05278865906e-06, 8.218489711e-06, 1.59311457537e-06, 3.84717225188e-07, 5.96095901528e-07, 6.88195484599e-07, 7.43410794257e-07, 4.71298875482e-07, 7.41738233501e-07, 1.93418259187e-06, 1.50988330461e-06, 1.14429133191e-06, 1.94010340238e-06, 5.01473891745e-07, 5.4089156265e-07, 2.48444166573e-07, 1.85986870349e-08]
    },
    "erbbands": {
        "dmean": [0.576923370361, 3.08651900291, 4.09698581696, 3.41574430466, 4.76396083832, 4.741563797, 3.90995144844, 4.28098249435, 8.11267375946, 6.04434251785, 6.22229290009, 5.78225517273, 3.21784734726, 7.36565160751, 13.9433765411, 22.150220871, 12.8346710205, 6.43407344818, 7.9802365303, 8.36859035492, 11.3116941452, 9.48990440369, 8.55546760559, 8.00613498688, 10.0990562439, 12.7924289703, 11.7735261917, 10.093624115, 9.25625038147, 10.9168043137, 12.0403995514, 6.66997337341, 4.24143743515, 2.5641579628, 2.21522188187, 1.09757339954, 0.297805666924, 0.0557454191148, 0.00895424187183, 0.000551980047021],
        "dmean2": [0.758026540279, 4.31881093979, 6.60681819916, 5.83038187027, 8.62344169617, 8.745013237, 5.53124809265, 6.77705001831, 14.4884185791, 10.844575882, 10.4402694702, 10.0497426987, 5.20323419571, 11.7975034714, 25.0080318451, 38.4645996094, 21.4022789001, 10.4414052963, 13.3136339188, 13.1729679108, 19.0058822632, 15.5416412354, 13.7634649277, 12.1362714767, 15.7785224915, 19.3880596161, 18.6088943481, 14.6680574417, 13.6095991135, 16.339176178, 18.9999294281, 10.2637882233, 6.91331672668, 4.10175657272, 3.70465302467, 1.73092710972, 0.459650099277, 0.0812415629625, 0.0133458795026, 0.000842603039928],
        "dvar": [3.17410302162, 101.329872131, 267.32522583, 199.465698242, 457.082000732, 532.821472168, 208.770431519, 453.771697998, 748.448791504, 317.055847168, 1051.22973633, 1219.27307129, 174.310424805, 1316.29394531, 6169.515625, 18853.296875, 4593.22802734, 774.521057129, 1209.1965332, 1297.07751465, 3180.49316406, 1978.98913574, 1816.66833496, 1335.5357666, 2379.15405273, 4826.19335938, 3505.32470703, 1736.69921875, 1203.5703125, 923.260437012, 1405.81799316, 360.460357666, 172.301986694, 56.3712120056, 47.8360137939, 10.2908830643, 0.592739760876, 0.0144725861028, 0.000475433364045, 2.55036275121e-06],
        "dvar2": [6.02796220779, 191.083618164, 690.921691895, 553.403747559, 1321.8795166, 1562.03417969, 393.243255615, 1002.72906494, 2390.29980469, 935.63470459, 2573.68359375, 3403.04125977, 413.001251221, 2801.50244141, 17301.8984375, 49195.1054688, 11246.6416016, 1806.55761719, 3032.79785156, 2707.48681641, 8402.23925781, 5034.12304688, 4836.88037109, 3086.44360352, 6082.44091797, 11727.6269531, 9122.85644531, 3559.95874023, 2229.02197266, 1939.88037109, 3332.56103516, 871.477172852, 447.679504395, 143.567214966, 125.026809692, 24.7890472412, 1.37064898014, 0.0312530137599, 0.0010496028699, 6.1082614593e-06],
        "max": [15.7862005234, 100.628692627, 168.18371582, 198.521179199, 332.154388428, 322.143249512, 579.021728516, 765.076599121, 822.655395508, 414.352874756, 974.760986328, 932.817382812, 252.644042969, 829.788391113, 1802.49829102, 2788.09179688, 1466.31494141, 587.143310547, 790.906921387, 764.262817383, 1080.46142578, 852.831359863, 725.705932617, 565.865356445, 765.936401367, 1061.96557617, 920.430847168, 720.226318359, 558.887512207, 382.158538818, 326.083312988, 163.418426514, 120.760368347, 71.4477310181, 78.8439407349, 42.2288017273, 7.56587553024, 0.961112678051, 0.281498193741, 0.0244954451919],
        "mean": [0.878243982792, 4.35346841812, 4.189412117, 4.78548383713, 5.15033960342, 4.53723192215, 9.29182052612, 15.9554080963, 16.0978717804, 11.1623315811, 9.29637432098, 5.3057551384, 3.37957978249, 9.26788043976, 12.729177475, 19.1139316559, 11.4455022812, 6.25533533096, 7.79572677612, 9.35191917419, 11.2391729355, 9.8581199646, 8.40132808685, 9.4653635025, 9.69336986542, 12.5027799606, 11.1665773392, 10.8692865372, 9.87395858765, 11.7094173431, 11.2621393204, 6.25350522995, 3.66957807541, 2.16402554512, 1.70452260971, 0.940574467182, 0.274910718203, 0.0575130656362, 0.00937030650675, 0.000579895626288],
        "median": [0.00360122183338, 0.0588990077376, 0.334288179874, 1.29283392429, 1.44609594345, 0.841063499451, 0.690291285515, 0.613207697868, 1.34086751938, 1.11932229996, 0.952332019806, 0.423380464315, 0.354642391205, 0.934764146805, 1.26676821709, 0.627020597458, 0.368996739388, 0.309090614319, 0.366102457047, 0.305679261684, 0.368224442005, 0.401331394911, 0.414579153061, 0.489723086357, 1.04014873505, 0.846666812897, 0.818263173103, 0.781597614288, 0.75449860096, 0.843293726444, 0.734176516533, 0.429603040218, 0.292756229639, 0.119838476181, 0.0552063956857, 0.0170019362122, 0.00465911999345, 0.00133191945497, 0.000204456999199, 3.99063319492e-05],
        "min": [1.53676788829e-21, 7.42689848315e-21, 9.00854132357e-21, 2.57740803169e-20, 6.79110306898e-20, 1.11886646852e-19, 2.7387763966e-19, 1.25768986428e-18, 1.34400357626e-18, 1.63992640643e-18, 4.45928105144e-19, 8.93388148782e-19, 1.57266225037e-18, 1.69037087871e-18, 2.75787661733e-18, 2.51326814326e-18, 4.25536117811e-18, 6.81238614179e-18, 7.49984809067e-18, 9.10937778094e-18, 1.03110362917e-17, 7.50262245445e-18, 1.3379930131e-17, 1.24735171963e-17, 1.44529479944e-17, 1.7724877451e-17, 1.5809995692e-17, 1.3108985467e-17, 1.59791260031e-17, 1.40396852517e-17, 1.93400650566e-17, 1.96927219303e-17, 1.36284631635e-17, 1.23573876557e-17, 8.01794522272e-18, 5.4176458917e-18, 3.59794904652e-18, 1.63005028351e-18, 3.50212451526e-19, 4.08379359223e-20],
        "var": [7.81921768188, 183.919570923, 233.907455444, 151.958831787, 280.172393799, 309.435913086, 1163.30529785, 4381.50683594, 1504.46459961, 750.263916016, 2050.84887695, 813.110961914, 166.182983398, 1420.72119141, 5053.82128906, 15122.4794922, 4195.64306641, 824.613220215, 1154.41906738, 1636.29406738, 2940.15063477, 2016.89929199, 1506.89819336, 1590.65881348, 2084.82080078, 4735.35253906, 3146.328125, 2225.57788086, 1657.47619629, 1243.4083252, 1433.01330566, 366.771362305, 134.968490601, 46.1540985107, 36.13804245, 9.19013023376, 0.593939840794, 0.0180797241628, 0.000559690699447, 2.52387258115e-06]
    },
    "gfcc": {
        "mean": [-97.3518295288, 63.7836036682, -57.5116348267, 43.2602920532, -63.5012130737, 10.4213705063, -28.3100376129, 1.09886872768, -23.6568908691, -3.21895742416, -11.6598587036, -0.251417964697, -13.6557941437],
        "cov": [[23658.3183594, -4044.30224609, -2749.44213867, -429.976074219, 159.619689941, 770.651428223, -798.07043457, 252.393127441, -76.2757110596, 942.065612793, -331.382568359, 591.330810547, -506.076782227], [-4044.30224609, 3118.03564453, 564.540039062, -38.0813064575, -34.9751853943, -202.161636353, 188.262619019, -141.337600708, 103.182571411, -233.093658447, 197.29119873, -154.893829346, 189.337097168], [-2749.44213867, 564.540039062, 1747.26501465, 256.912536621, 93.2352371216, -171.612289429, 170.215789795, 7.94346761703, -3.34612011909, -53.2221412659, 63.1240921021, -35.5579833984, 37.0399894714], [-429.976074219, -38.0813064575, 256.912536621, 1190.59240723, -146.583389282, 167.86958313, -5.93282175064, -13.7467622757, -14.6758975983, 11.6421689987, 27.1979923248, -108.552490234, 28.7745037079], [159.619689941, -34.9751853943, 93.2352371216, -146.583389282, 660.240783691, 30.8813610077, 147.772171021, 81.8260650635, 131.74772644, -0.674289345741, 12.7714138031, 96.3610534668, 43.230178833], [770.651428223, -202.161636353, -171.612289429, 167.86958313, 30.8813610077, 319.268035889, 91.4155044556, 46.8498840332, 35.4303283691, 96.8964767456, 25.9662094116, 26.6996612549, 6.70309686661], [-798.07043457, 188.262619019, 170.215789795, -5.93282175064, 147.772171021, 91.4155044556, 290.716796875, 82.1644439697, 102.374382019, 17.1056213379, 69.0431594849, 15.5323286057, 45.5852470398], [252.393127441, -141.337600708, 7.94346761703, -13.7467622757, 81.8260650635, 46.8498840332, 82.1644439697, 173.275527954, 66.3467025757, 48.8210868835, 27.607925415, 51.5898704529, -3.41887974739], [-76.2757110596, 103.182571411, -3.34612011909, -14.6758975983, 131.74772644, 35.4303283691, 102.374382019, 66.3467025757, 176.744491577, 52.2842330933, 43.4845619202, 35.6762123108, 36.0533180237], [942.065612793, -233.093658447, -53.2221412659, 11.6421689987, -0.674289345741, 96.8964767456, 17.1056213379, 48.8210868835, 52.2842330933, 156.843032837, 40.2691459656, 48.4867515564, -10.3033103943], [-331.382568359, 197.29119873, 63.1240921021, 27.1979923248, 12.7714138031, 25.9662094116, 69.0431594849, 27.607925415, 43.4845619202, 40.2691459656, 107.406486511, 34.3243293762, 41.8548851013], [591.330810547, -154.893829346, -35.5579833984, -108.552490234, 96.3610534668, 26.6996612549, 15.5323286057, 51.5898704529, 35.6762123108, 48.4867515564, 34.3243293762, 126.76599884, 23.4070549011], [-506.076782227, 189.337097168, 37.0399894714, 28.7745037079, 43.230178833, 6.70309686661, 45.5852470398, -3.41887974739, 36.0533180237, -10.3033103943, 41.8548851013, 23.4070549011, 86.3589401245]],
        "icov": [[0.000111134970211, -1.45550475281e-05, 0.000115922812256, -3.96917494072e-05, -7.62161944294e-05, -7.06077189534e-05, 0.000165361430845, 3.98542351832e-06, 0.000116247472761, -0.000585514004342, 0.000390247500036, -0.000479784270283, 0.000425704813097], [-1.45550475281e-05, 0.000637474586256, -0.000153507455252, 0.000203154952032, 8.8344408141e-05, -5.26534640812e-05, 9.53869748628e-05, 0.000327441841364, -0.000617322453763, 0.00111399078742, -0.00155563966837, 0.00107658735942, -0.000709510641173], [0.000115922812256, -0.000153507455252, 0.000934842391871, -0.00038824378862, -0.000234874445596, 0.000800965703093, -0.000662356382236, 2.96763791994e-05, 0.000727508566342, -0.00111611897592, 0.000556298939046, -0.000768553873058, 0.000652303686365], [-3.96917494072e-05, 0.000203154952032, -0.00038824378862, 0.00130181619897, 0.0001784805645, -0.00109431904275, 0.000766552402638, -0.000272440258414, -0.000403051672038, 0.000746942532714, -0.00106231658719, 0.00186942121945, -0.00109951477498], [-7.62161944294e-05, 8.8344408141e-05, -0.000234874445596, 0.0001784805645, 0.00230593513697, -0.00016163077089, -0.00080827740021, -8.98264806892e-06, -0.00150616129395, 0.00138214894105, 0.000673355185427, -0.00125938525889, -0.000505838659592], [-7.06077189534e-05, -5.26534640812e-05, 0.000800965703093, -0.00109431904275, -0.00016163077089, 0.00592426443473, -0.00296669919044, 0.00020758213941, 0.0014110673219, -0.00330226356164, 0.00118345872033, -0.000663024780806, -0.000458911323221], [0.000165361430845, 9.53869748628e-05, -0.000662356382236, 0.000766552402638, -0.00080827740021, -0.00296669919044, 0.00762036815286, -0.00216292496771, -0.0022917247843, 0.00139269349165, -0.00298669515178, 0.00204607355408, -0.000668748863973], [3.98542351832e-06, 0.000327441841364, 2.96763791994e-05, -0.000272440258414, -8.98264806892e-06, 0.00020758213941, -0.00216292496771, 0.00887123402208, -0.00208142655902, -0.000192466221051, -0.000752094667405, -0.00289048184641, 0.00285876588896], [0.000116247472761, -0.000617322453763, 0.000727508566342, -0.000403051672038, -0.00150616129395, 0.0014110673219, -0.0022917247843, -0.00208142655902, 0.0106918951496, -0.0052958666347, 0.00166297890246, -0.000501193921082, -0.00213697482832], [-0.000585514004342, 0.00111399078742, -0.00111611897592, 0.000746942532714, 0.00138214894105, -0.00330226356164, 0.00139269349165, -0.000192466221051, -0.0052958666347, 0.0167663395405, -0.00858974549919, 0.00114557740744, 0.00124184507877], [0.000390247500036, -0.00155563966837, 0.000556298939046, -0.00106231658719, 0.000673355185427, 0.00118345872033, -0.00298669515178, -0.000752094667405, 0.00166297890246, -0.00858974549919, 0.0210143309087, -0.0068616271019, -0.00311336573213], [-0.000479784270283, 0.00107658735942, -0.000768553873058, 0.00186942121945, -0.00125938525889, -0.000663024780806, 0.00204607355408, -0.00289048184641, -0.000501193921082, 0.00114557740744, -0.0068616271019, 0.0177236162126, -0.00711017753929], [0.000425704813097, -0.000709510641173, 0.000652303686365, -0.00109951477498, -0.000505838659592, -0.000458911323221, -0.000668748863973, 0.00285876588896, -0.00213697482832, 0.00124184507877, -0.00311336573213, -0.00711017753929, 0.0209478382021]]
    },
    "melbands": {
        "dmean": [0.00450292835012, 0.00248539284803, 0.000626168970484, 0.000358673540177, 0.00014420626394, 9.02488172869e-05, 0.000135490874527, 6.14332457189e-05, 5.14465937158e-05, 3.35481308866e-05, 1.57203267008e-05, 2.85086189251e-05, 4.39925097453e-05, 5.14097155246e-05, 5.62817695027e-05, 1.76157136593e-05, 1.14296262836e-05, 1.20979921121e-05, 1.46556330947e-05, 9.77377749223e-06, 1.38460372909e-05, 1.09703378257e-05, 6.98697203916e-06, 7.58223904995e-06, 6.31406692264e-06, 7.67243454902e-06, 7.44056296753e-06, 8.90820774657e-06, 7.91900129116e-06, 6.03322951065e-06, 5.75341937292e-06, 5.48338357476e-06, 4.66766732643e-06, 7.07170738679e-06, 7.2615780482e-06, 6.36086997474e-06, 3.33488242177e-06, 3.14888166031e-06, 2.23596202886e-06, 2.15638738155e-06],
        "dmean2": [0.00602271966636, 0.00353049323894, 0.00106515304651, 0.000663471757434, 0.00022185164562, 0.000140388438012, 0.000242924375925, 0.000109689899546, 8.71401716722e-05, 5.82083230256e-05, 2.52871177508e-05, 4.58239883301e-05, 8.01338246674e-05, 8.94993936527e-05, 9.67163286987e-05, 2.86299182335e-05, 1.89190286619e-05, 2.01824168471e-05, 2.33751161431e-05, 1.51345311679e-05, 2.31105550483e-05, 1.74447723111e-05, 1.15927596198e-05, 1.19730584629e-05, 9.71809367911e-06, 1.22519641081e-05, 1.12504912977e-05, 1.37158876896e-05, 1.28071869767e-05, 8.95795710676e-06, 8.53061828821e-06, 8.21973571874e-06, 6.82473910274e-06, 1.1001441635e-05, 1.15283073683e-05, 1.00363586171e-05, 5.17857461091e-06, 5.18740398547e-06, 3.56146938429e-06, 3.48762364411e-06],
        "dvar": [0.00019970642461, 7.00720847817e-05, 6.32309138382e-06, 2.93291145681e-06, 3.09144070343e-07, 1.8713851091e-07, 2.03363839546e-07, 3.12346912779e-08, 7.57334817081e-08, 4.01052879795e-08, 3.94250232461e-09, 2.02280450168e-08, 6.09956174458e-08, 9.63879571714e-08, 1.2362991697e-07, 5.56159429621e-09, 2.69289990307e-09, 2.89399593179e-09, 4.04328437398e-09, 1.87920101702e-09, 4.92395990648e-09, 2.81297540816e-09, 9.8728425435e-10, 1.3332634996e-09, 8.68481231375e-10, 1.28028276869e-09, 1.27100863168e-09, 2.49436116206e-09, 1.70173697356e-09, 6.99334978815e-10, 5.8165111616e-10, 4.88510953911e-10, 2.00939292982e-10, 4.05842498497e-10, 5.08651676334e-10, 4.09673683865e-10, 8.64641622189e-11, 9.8569735707e-11, 4.25365090373e-11, 4.17992723767e-11],
        "dvar2": [0.000365094543668, 0.000139765019412, 1.74206597876e-05, 8.54882728163e-06, 7.44255657992e-07, 4.14595547227e-07, 6.532454222e-07, 9.04841499505e-08, 1.94537420839e-07, 1.11085029175e-07, 9.09086228518e-09, 4.12317540111e-08, 1.74187420043e-07, 2.57950887317e-07, 3.14004694246e-07, 1.3113481856e-08, 6.54556098212e-09, 7.1983965455e-09, 9.84738424137e-09, 4.07519706869e-09, 1.2938628835e-08, 7.02075286796e-09, 2.61788501987e-09, 3.45753514708e-09, 1.97889948872e-09, 3.36989480765e-09, 2.94179614002e-09, 6.25978913149e-09, 4.45956827022e-09, 1.66445413008e-09, 1.16447151921e-09, 9.90669435375e-10, 3.37975619713e-10, 9.23245702111e-10, 1.21251586549e-09, 1.0120009275e-09, 2.10457665184e-10, 2.57637577938e-10, 1.07212648481e-10, 1.08349169914e-10],
        "max": [0.123958326876, 0.0880127325654, 0.0307054109871, 0.0246124267578, 0.0161809176207, 0.0154911791906, 0.0127693302929, 0.00367866060697, 0.00722557911649, 0.0052202064544, 0.00114821386524, 0.00333866034634, 0.0056458087638, 0.00685246707872, 0.00710757356137, 0.00172022613697, 0.00108614889905, 0.00124860135838, 0.00123094208539, 0.000970061460976, 0.00155558716506, 0.0010891990969, 0.000516079773661, 0.000636842742097, 0.000509989855345, 0.000557480030693, 0.000590474694036, 0.000787040218711, 0.00060920859687, 0.000481282186229, 0.000404180464102, 0.000345193693647, 0.000213921855902, 0.000224453920964, 0.000194442211068, 0.000184437099961, 7.80654518167e-05, 9.51276597334e-05, 5.65775080759e-05, 6.33443487459e-05],
        "mean": [0.00711066834629, 0.00341968098655, 0.000823525886517, 0.000341620499967, 0.000281135406112, 0.000334266689606, 0.000267552037258, 0.000106252329715, 7.08592779119e-05, 2.95818954328e-05, 1.63071363204e-05, 3.61634956789e-05, 3.9611622924e-05, 4.3586420361e-05, 4.97006403748e-05, 1.63694530784e-05, 1.07894711618e-05, 1.13181058623e-05, 1.53603141371e-05, 1.05548970168e-05, 1.3830748685e-05, 1.12948828246e-05, 6.94715163263e-06, 7.89680143498e-06, 7.63086791267e-06, 7.06917353455e-06, 7.65779441281e-06, 8.34324055177e-06, 7.12770861355e-06, 6.39266136204e-06, 6.13817019257e-06, 5.58910915061e-06, 5.46370711163e-06, 7.1191952884e-06, 6.66379810355e-06, 5.71581222175e-06, 3.1915415093e-06, 2.72337638307e-06, 1.92264064935e-06, 1.78673508344e-06],
        "median": [4.40101030108e-05, 0.000158296592417, 0.000224436662393, 8.0262296251e-05, 2.39307410084e-05, 1.28362153191e-05, 2.10670386878e-05, 1.19257711049e-05, 6.59727220409e-06, 1.99872920348e-06, 1.54557801579e-06, 3.48938806383e-06, 4.37893413618e-06, 2.18808918362e-06, 9.3276747748e-07, 6.57959162709e-07, 4.69716269436e-07, 4.72311114663e-07, 5.04687420744e-07, 2.86719853193e-07, 4.31855085026e-07, 3.88842238408e-07, 3.64578255585e-07, 3.3934492194e-07, 3.69560098079e-07, 4.53963167502e-07, 9.18689806895e-07, 4.06251388085e-07, 5.66953019643e-07, 4.50354946224e-07, 4.16538171066e-07, 4.02335729177e-07, 4.1919696514e-07, 5.0048868161e-07, 4.2218306362e-07, 3.00615738524e-07, 2.54473718542e-07, 2.33422611018e-07, 1.2327760146e-07, 8.84861179884e-08],
        "min": [1.51023665327e-23, 6.97988625447e-24, 5.52258958323e-24, 6.37430771424e-24, 8.60789952534e-24, 2.73396186566e-23, 2.13935070083e-23, 1.52449768071e-23, 3.20970936255e-24, 5.75743663016e-24, 8.06371487392e-24, 6.89881028607e-24, 8.60950485728e-24, 1.00377809135e-23, 4.60873051214e-24, 1.11867094903e-23, 1.33213741996e-23, 1.19924528078e-23, 1.38812966261e-23, 8.60537043728e-24, 1.35626315303e-23, 7.30364108086e-24, 1.09062228957e-23, 1.16391433076e-23, 9.36076944062e-24, 1.25683662337e-23, 1.0585271681e-23, 1.1599758638e-23, 9.22262885206e-24, 1.04382461521e-23, 6.66620754842e-24, 8.9140816862e-24, 7.41719997475e-24, 8.28622729174e-24, 1.28053203281e-23, 8.04617770714e-24, 1.39681786107e-23, 9.92140184191e-24, 9.67080755359e-24, 1.02702527003e-23],
        "var": [0.000474460422993, 0.000110531247628, 4.7097382776e-06, 1.69868849298e-06, 9.73537453319e-07, 1.792937951e-06, 4.06949652643e-07, 6.43261159894e-08, 1.25039264276e-07, 2.70185722684e-08, 3.91082366491e-09, 2.26939977921e-08, 4.5072198418e-08, 7.11392686981e-08, 1.13455804751e-07, 5.69843106035e-09, 2.68986433127e-09, 2.73674038986e-09, 4.16191925368e-09, 2.38701325372e-09, 4.7166968109e-09, 2.9742408536e-09, 8.56999304855e-10, 1.23912635708e-09, 1.05054587252e-09, 1.0866598732e-09, 1.29697552698e-09, 2.31974439657e-09, 1.43079603721e-09, 7.88300758003e-10, 7.42052197467e-10, 6.00765326375e-10, 3.38355010676e-10, 4.61965438125e-10, 5.04588149042e-10, 3.86837090138e-10, 8.7600975085e-11, 7.56511311928e-11, 3.54536434932e-11, 3.2956807422e-11]
    },
    "mfcc": {
        "mean": [-748.841003418, 92.9714279175, 52.7194671631, 34.9135475159, 0.805090546608, 10.297952652, 3.23003840446, 5.5886759758, -5.19797372818, -1.31111478806, -4.61939668655, 1.39987874031, 5.34425830841],
        "cov": [[16033.4423828, -1616.9630127, -2570.96923828, -1334.01269531, -213.997207642, 8.67347335815, -303.267150879, 170.382888794, -3.81776022911, 88.8377990723, 232.570236206, 216.39175415, 137.237533569], [-1616.9630127, 2029.14587402, 400.242645264, -41.1579551697, -4.07895088196, -59.865978241, 25.4755268097, -35.1402206421, 19.5210170746, -66.4079055786, -17.8899803162, 55.466217041, 78.1084899902], [-2570.96923828, 400.242645264, 1540.91320801, 549.344055176, 1.35340106487, 35.6409606934, 103.386413574, -62.9983901978, -36.6681175232, 25.2381362915, -39.2333946228, -19.4777431488, 36.2608757019], [-1334.01269531, -41.1579551697, 549.344055176, 626.738342285, 181.564453125, 99.5173950195, 72.4166259766, 34.3590698242, 32.2040367126, 39.6466140747, 15.5942373276, -17.0471820831, -18.8383045197], [-213.997207642, -4.07895088196, 1.35340106487, 181.564453125, 341.213562012, 74.0838165283, 40.0371513367, 59.3713531494, 52.683921814, 3.5659403801, 26.7138519287, 2.40744972229, -5.54905080795], [8.67347335815, -59.865978241, 35.6409606934, 99.5173950195, 74.0838165283, 254.718826294, 91.1451339722, 44.9973258972, 57.4529075623, 55.1385612488, 41.517539978, 18.6398525238, 14.7086324692], [-303.267150879, 25.4755268097, 103.386413574, 72.4166259766, 40.0371513367, 91.1451339722, 167.633972168, 73.6010055542, 48.4288597107, 40.7693214417, 24.5418872833, 31.5212020874, 35.9275779724], [170.382888794, -35.1402206421, -62.9983901978, 34.3590698242, 59.3713531494, 44.9973258972, 73.6010055542, 153.952438354, 80.4005050659, 29.0208702087, 49.7076339722, 33.3271255493, 19.8625488281], [-3.81776022911, 19.5210170746, -36.6681175232, 32.2040367126, 52.683921814, 57.4529075623, 48.4288597107, 80.4005050659, 115.230659485, 55.9702148438, 47.6362266541, 31.0527591705, 17.2612628937], [88.8377990723, -66.4079055786, 25.2381362915, 39.6466140747, 3.5659403801, 55.1385612488, 40.7693214417, 29.0208702087, 55.9702148438, 100.618270874, 52.1603469849, 32.7096595764, 28.9796791077], [232.570236206, -17.8899803162, -39.2333946228, 15.5942373276, 26.7138519287, 41.517539978, 24.5418872833, 49.7076339722, 47.6362266541, 52.1603469849, 96.6266784668, 52.6442108154, 25.7482662201], [216.39175415, 55.466217041, -19.4777431488, -17.0471820831, 2.40744972229, 18.6398525238, 31.5212020874, 33.3271255493, 31.0527591705, 32.7096595764, 52.6442108154, 81.8839111328, 57.5716590881], [137.237533569, 78.1084899902, 36.2608757019, -18.8383045197, -5.54905080795, 14.7086324692, 35.9275779724, 19.8625488281, 17.2612628937, 28.9796791077, 25.7482662201, 57.5716590881, 88.0117874146]],
