{
"lowlevel": {
    "average_loudness": 0.97131228447,
    "barkbands_crest": {
        "dmean": 2.75844240189,
        "dmean2": 4.2282538414,
        "dvar": 7.92238950729,
        "dvar2": 19.7739906311,
        "max": 26.3732643127,
        "mean": 11.3056383133,
        "median": 10.229013443,
        "min": 2.52135848999,
        "var": 23.1181430817
    },
    "barkbands_flatness_db": {
        "dmean": 0.0271065589041,
        "dmean2": 0.0412338413298,
        "dvar": 0.000902716303244,
        "dvar2": 0.00195941911079,
        "max": 0.409109383821,
        "mean": 0.158295810223,
        "median": 0.148596122861,
        "min": 0.0186282619834,
        "var": 0.00525568658486
    },
    "barkbands_kurtosis": {
        "dmean": 4.59845304489,
        "dmean2": 7.32415390015,
        "dvar": 92.8477706909,
        "dvar2": 231.5234375,
        "max": 190.726608276,
        "mean": 6.64045667648,
        "median": 2.7403049469,
        "min": -1.79315721989,
        "var": 145.495849609
    },
    "barkbands_skewness": {
        "dmean": 0.607060968876,
        "dmean2": 0.931219696999,
        "dvar": 0.571766495705,
        "dvar2": 1.29298186302,
        "max": 12.7689409256,
        "mean": 2.01144242287,
        "median": 1.67879974842,
        "min": -2.19309854507,
        "var": 1.81967186928
    },
    "barkbands_spread": {
        "dmean": 7.86837244034,
        "dmean2": 11.1164655685,
        "dvar": 120.730384827,
        "dvar2": 234.382995605,
        "max": 99.1856384277,
        "mean": 23.5523281097,
        "median": 17.7311954498,
        "min": 0.952915608883,
        "var": 365.511444092
    },
    "dissonance": {
        "dmean": 0.018377635628,
        "dmean2": 0.028754170984,
        "dvar": 0.000322969048284,
        "dvar2": 0.000791347934864,
        "max": 0.500000059605,
        "mean": 0.440822571516,
        "median": 0.450844794512,
        "min": 0.247691467404,
        "var": 0.0016512965085
    },
    "dynamic_complexity": 1.95531439781,
    "erbbands_crest": {
        "dmean": 2.32763624191,
        "dmean2": 3.63675785065,
        "dvar": 4.62055444717,
        "dvar2": 11.6847658157,
        "max": 24.5947418213,
        "mean": 8.33806610107,
        "median": 7.66650295258,
        "min": 2.1717004776,
        "var": 12.662443161
    },
    "erbbands_flatness_db": {
        "dmean": 0.0221112575382,
        "dmean2": 0.0292657855898,
        "dvar": 0.000650698784739,
        "dvar2": 0.00117045966908,
        "max": 0.417409449816,
        "mean": 0.152160406113,
        "median": 0.145119845867,
        "min": 0.0366284251213,
        "var": 0.00381153053604
    },
    "erbbands_kurtosis": {
        "dmean": 0.947059750557,
        "dmean2": 1.55596995354,
        "dvar": 3.54704189301,
        "dvar2": 9.38646316528,
        "max": 34.5896911621,
        "mean": -0.0430701822042,
        "median": -0.467281222343,
        "min": -1.77635538578,
        "var": 3.35664248466
    },
    "erbbands_skewness": {
        "dmean": 0.404449164867,
        "dmean2": 0.58129298687,
        "dvar": 0.206189349294,
        "dvar2": 0.473861247301,
        "max": 4.92796945572,
        "mean": 0.350927114487,
        "median": 0.264166116714,
        "min": -1.6847910881,
        "var": 0.498106300831
    },
    "erbbands_spread": {
        "dmean": 11.3816690445,
        "dmean2": 16.1942138672,
        "dvar": 194.44960022,
        "dvar2": 375.261535645,
        "max": 143.837387085,
        "mean": 45.9202613831,
        "median": 40.7716751099,
        "min": 4.20818948746,
        "var": 546.789550781
    },
    "hfc": {
        "dmean": 10.0695486069,
        "dmean2": 15.1564502716,
        "dvar": 373.127685547,
        "dvar2": 920.901306152,
        "max": 207.477874756,
        "mean": 19.2764968872,
        "median": 11.4735517502,
        "min": 1.18713441033e-16,
        "var": 475.33013916
    },
    "melbands_crest": {
        "dmean": 3.63094353676,
        "dmean2": 5.49710988998,
        "dvar": 12.2387952805,
        "dvar2": 30.5675201416,
        "max": 37.4031486511,
        "mean": 16.9827346802,
        "median": 15.7009057999,
        "min": 1.91569745541,
        "var": 41.8454933167
    },
    "melbands_flatness_db": {
        "dmean": 0.0303538292646,
        "dmean2": 0.0460059121251,
        "dvar": 0.0010723132873,
        "dvar2": 0.00237145298161,
        "max": 0.540763616562,
        "mean": 0.230649411678,
        "median": 0.224772870541,
        "min": 0.00530285388231,
        "var": 0.00552358385175
    },
    "melbands_kurtosis": {
        "dmean": 10.1565895081,
        "dmean2": 15.5458755493,
        "dvar": 237.040054321,
        "dvar2": 508.765289307,
        "max": 270.143035889,
        "mean": 20.3180427551,
        "median": 12.2698230743,
        "min": -1.62814593315,
        "var": 580.538085938
    },
    "melbands_skewness": {
        "dmean": 0.855586826801,
        "dmean2": 1.25875651836,
        "dvar": 0.860596776009,
        "dvar2": 1.77603816986,
        "max": 13.5461463928,
        "mean": 3.39738941193,
        "median": 3.05883789062,
        "min": -0.448001414537,
        "var": 3.19674420357
    },
    "melbands_spread": {
        "dmean": 6.10797452927,
        "dmean2": 9.38463783264,
        "dvar": 69.6140365601,
        "dvar2": 163.789031982,
        "max": 188.090164185,
        "mean": 17.5316677094,
        "median": 14.9026660919,
        "min": 0.742156982422,
        "var": 169.987335205
    },
    "pitch_salience": {
        "dmean": 0.077866435051,
        "dmean2": 0.119831115007,
        "dvar": 0.00639510015026,
        "dvar2": 0.0154797881842,
        "max": 0.947920680046,
        "mean": 0.504688620567,
        "median": 0.5265609622,
        "min": 0.0750387609005,
        "var": 0.0185133516788
    },
    "silence_rate_20dB": {
        "dmean": 0,
        "dmean2": 0,
        "dvar": 0,
        "dvar2": 0,
        "max": 1,
        "mean": 1,
        "median": 1,
        "min": 1,
        "var": 0
    },
    "silence_rate_30dB": {
        "dmean": 0.00453846715391,
        "dmean2": 0.00907759927213,
        "dvar": 0.00451747467741,
        "dvar2": 0.0129476292059,
        "max": 1,
        "mean": 0.997438132763,
        "median": 1,
        "min": 0,
        "var": 0.00255524064414
    },
    "silence_rate_60dB": {
        "dmean": 0.0057096844539,
        "dmean2": 0.0113469986245,
        "dvar": 0.00567771168426,
        "dvar2": 0.0131204621866,
        "max": 1,
        "mean": 0.00753915961832,
        "median": 0,
        "min": 0,
        "var": 0.00748096499592
    },
    "spectral_centroid": {
        "dmean": 221.741546631,
        "dmean2": 321.181396484,
        "dvar": 70485.7265625,
        "dvar2": 143999.875,
        "max": 11129.3242188,
        "mean": 1029.04699707,
        "median": 939.654907227,
        "min": 120.651283264,
        "var": 229152.859375
    },
    "spectral_complexity": {
        "dmean": 2.92130875587,
        "dmean2": 4.49465608597,
        "dvar": 13.6143913269,
        "dvar2": 29.3754825592,
        "max": 53,
        "mean": 15.4246082306,
        "median": 14,
        "min": 0,
        "var": 45.7533226013
    },
    "spectral_decrease": {
        "dmean": 3.3568376967e-09,
        "dmean2": 5.65424018717e-09,
        "dvar": 3.32705343433e-17,
        "dvar2": 8.97304617372e-17,
        "max": -3.95811968803e-30,
        "mean": -7.98862309637e-09,
        "median": -6.08436634408e-09,
        "min": -4.98335630539e-08,
        "var": 4.09103116151e-17
    },
    "spectral_energy": {
        "dmean": 0.0132369874045,
        "dmean2": 0.0221566557884,
        "dvar": 0.000513874518219,
        "dvar2": 0.00138700846583,
        "max": 0.193066522479,
        "mean": 0.0318992398679,
        "median": 0.0246481485665,
        "min": 1.07825933215e-20,
        "var": 0.000615765166003
    },
    "spectral_energyband_high": {
        "dmean": 0.000752152991481,
        "dmean2": 0.00109163194429,
        "dvar": 2.85726582661e-06,
        "dvar2": 6.73033810017e-06,
        "max": 0.0174268539995,
        "mean": 0.00106033764314,
        "median": 0.000178864342161,
        "min": 7.65239486516e-21,
        "var": 3.95156530431e-06
    },
    "spectral_energyband_low": {
        "dmean": 0.00604689540341,
        "dmean2": 0.00947540532798,
        "dvar": 0.00010229019972,
        "dvar2": 0.000224460149184,
        "max": 0.106817878783,
        "mean": 0.0128991613165,
        "median": 0.00548564363271,
        "min": 1.2916431071e-22,
        "var": 0.000297067075735
    },
    "spectral_energyband_middle_high": {
        "dmean": 0.000897308404092,
        "dmean2": 0.00140480941627,
        "dvar": 1.16375929338e-06,
        "dvar2": 3.0006885936e-06,
        "max": 0.0147393727675,
        "mean": 0.00284568686038,
        "median": 0.00266892882064,
        "min": 1.53399978168e-21,
        "var": 2.69058591584e-06
    },
    "spectral_energyband_middle_low": {
        "dmean": 0.0102789243683,
        "dmean2": 0.0169699378312,
        "dvar": 0.000496458844282,
        "dvar2": 0.00131569616497,
        "max": 0.173049733043,
        "mean": 0.0155611205846,
        "median": 0.00980982929468,
        "min": 3.32309284533e-22,
        "var": 0.000395230570575
    },
    "spectral_entropy": {
        "dmean": 0.245300143957,
        "dmean2": 0.331898659468,
        "dvar": 0.0842973589897,
        "dvar2": 0.168019860983,
        "max": 9.80449104309,
        "mean": 7.27092313766,
        "median": 7.21808576584,
        "min": 4.77979898453,
        "var": 0.397904425859
    },
    "spectral_flux": {
        "dmean": 0.0364746190608,
        "dmean2": 0.055279482156,
        "dvar": 0.00257363403216,
        "dvar2": 0.00459327641875,
        "max": 0.405898243189,
        "mean": 0.0877348855138,
        "median": 0.060829885304,
        "min": 1.03839263577e-10,
        "var": 0.00520413042977
    },
    "spectral_kurtosis": {
        "dmean": 2.56111001968,
        "dmean2": 4.01666355133,
        "dvar": 9.71424484253,
        "dvar2": 26.5011844635,
        "max": 85.1464538574,
        "mean": 6.13699674606,
        "median": 5.01882791519,
        "min": -1.21344923973,
        "var": 24.6829280853
    },
    "spectral_rms": {
        "dmean": 0.00100430042949,
        "dmean2": 0.00160227273591,
        "dvar": 1.98202656065e-06,
        "dvar2": 5.12998121849e-06,
        "max": 0.0137243429199,
        "mean": 0.00523961056024,
        "median": 0.00490377191454,
        "min": 3.24339383476e-12,
        "var": 3.66774679605e-06
    },
    "spectral_rolloff": {
        "dmean": 771.670593262,
        "dmean2": 1268.26062012,
        "dvar": 2598970,
        "dvar2": 5795215.5,
        "max": 18626.2207031,
        "mean": 1380.62670898,
        "median": 732.12890625,
        "min": 43.06640625,
        "var": 4235695.5
    },
    "spectral_skewness": {
        "dmean": 0.295148283243,
        "dmean2": 0.44007614255,
        "dvar": 0.0896104052663,
        "dvar2": 0.220089435577,
        "max": 6.71694946289,
        "mean": 1.77012753487,
        "median": 1.71195554733,
        "min": 0.0193767100573,
        "var": 0.306204944849
    },
    "spectral_spread": {
        "dmean": 995067.125,
        "dmean2": 1266729.625,
        "dvar": 1.77842592154e+12,
        "dvar2": 3.23884731597e+12,
        "max": 41466028,
        "mean": 4792721.5,
        "median": 4048834.75,
        "min": 1088786.875,
        "var": 5.24353588429e+12
    },
    "spectral_strongpeak": {
        "dmean": 0.277752399445,
        "dmean2": 0.463790148497,
        "dvar": 0.140296846628,
        "dvar2": 0.323229759932,
        "max": 4.22951412201,
        "mean": 0.526540577412,
        "median": 0.415470331907,
        "min": 0,
        "var": 0.274421811104
    },
    "zerocrossingrate": {
        "dmean": 0.0159980822355,
        "dmean2": 0.016319854185,
        "dvar": 0.000426176498877,
        "dvar2": 0.000448372709798,
        "max": 0.4951171875,
        "mean": 0.0591700598598,
        "median": 0.0419921875,
        "min": 0.001953125,
        "var": 0.00230325711891
    },
    "barkbands": {
        "dmean": [0.000961301615462, 0.00469974242151, 0.0021815658547, 0.00262128631584, 0.00711595779285, 0.00187414616812, 0.000752739608288, 0.000177162000909, 0.00024300115183, 0.000327129557263, 0.000225445895921, 0.000184305637958, 0.000133841414936, 0.000138753239298, 0.000194577776711, 0.000130305706989, 0.000108322361484, 8.7594256911e-05, 9.23876796151e-05, 7.3082439485e-05, 8.34438324091e-05, 8.55631442391e-05, 0.000117900613986, 0.000195481668925, 0.000131067863549, 0.000108752414235, 7.03566693119e-05],
        "dmean2": [0.00150948308874, 0.00658600963652, 0.00370421237312, 0.00449128262699, 0.0128312688321, 0.00312321237288, 0.000984138576314, 0.000272920093266, 0.000324059510604, 0.000484250485897, 0.000346805696608, 0.000286473805318, 0.00021262044902, 0.000231155194342, 0.0003229889262, 0.000214766769204, 0.000180258153705, 0.000143590528751, 0.00015955575509, 0.000117490199045, 0.000132427870994, 0.000136375820148, 0.000172875908902, 0.000306014291709, 0.000177879395778, 0.000168959508301, 0.00010569873848],
        "dvar": [2.33436662711e-06, 0.000103327634861, 2.38050688495e-05, 3.2164320146e-05, 0.000321002851706, 1.57501926878e-05, 1.51867493514e-06, 1.31802337933e-07, 1.38458815968e-07, 2.1278776785e-07, 2.56019603739e-07, 5.3186266058e-08, 3.25966560411e-08, 5.91814171003e-08, 6.08760331033e-08, 2.89941421983e-08, 2.7723842777e-08, 1.65206710534e-08, 6.87750443262e-08, 2.87501205065e-08, 4.84746394136e-08, 5.52241345986e-08, 8.67501768198e-08, 1.80720988396e-07, 7.75020296828e-08, 5.57779387123e-08, 2.75703904151e-08],
        "dvar2": [6.15631051915e-06, 0.000213610022911, 6.40655925963e-05, 8.79782819538e-05, 0.000900471350178, 4.32523993368e-05, 3.43766055266e-06, 3.0833382425e-07, 2.46416163918e-07, 4.40161755932e-07, 5.78415949803e-07, 1.24063774365e-07, 8.27836430517e-08, 1.51727277853e-07, 1.63124198593e-07, 7.81623370472e-08, 7.30564835294e-08, 4.12333136524e-08, 1.99761885256e-07, 7.78964519554e-08, 1.31107498191e-07, 1.42496787703e-07, 1.94681703647e-07, 4.52087220992e-07, 1.64040059758e-07, 1.29698804585e-07, 6.41368629317e-08],
        "max": [0.0166425257921, 0.105331845582, 0.0442400723696, 0.0451033189893, 0.127444699407, 0.0462466776371, 0.0161915998906, 0.00618954654783, 0.00993453711271, 0.00878146011382, 0.00679121352732, 0.00393305951729, 0.00248557305895, 0.00472429161891, 0.0035418109037, 0.00216191797517, 0.00249545206316, 0.00189718441106, 0.0031935737934, 0.00191742321476, 0.00262764608487, 0.00237170234323, 0.00248897145502, 0.00372776947916, 0.0028494654689, 0.00191934953909, 0.00128881004639],
        "mean": [0.00231704255566, 0.00785344839096, 0.00231412914582, 0.00303760007955, 0.00700988061726, 0.00297383940779, 0.00167405919638, 0.000272327946732, 0.000482028903207, 0.000599527149461, 0.000364178267773, 0.000367606873624, 0.00022145647381, 0.000219171080971, 0.000340787286405, 0.000230846984778, 0.00019201808027, 0.000162968310178, 0.00014030537568, 0.000122317840578, 0.000131726264954, 0.000105247796455, 0.000142235308886, 0.000262066081632, 0.000171421881532, 0.000117992705782, 7.30003739591e-05],
        "median": [0.00153911206871, 0.000454117282061, 0.000900863262359, 0.00112816388719, 0.00263291364536, 0.00145398185123, 0.0007850357797, 7.85631564213e-05, 0.000170587358298, 0.000276707869489, 9.65476647252e-05, 0.000219734138227, 0.000137219583848, 0.000116915347462, 0.000239389992203, 0.000162800512044, 0.00012876810797, 0.000102415026049, 7.40776158636e-05, 5.26567891939e-05, 4.48256541858e-05, 1.69340764842e-05, 1.14127151392e-05, 2.04002208193e-05, 1.70921521203e-05, 9.13760413823e-06, 1.08471340354e-06],
        "min": [8.22458806719e-24, 7.49260087779e-23, 3.21306675457e-23, 4.01078341231e-23, 6.17626844384e-23, 5.23702288218e-23, 6.23246500146e-23, 9.17935509825e-24, 9.60104811042e-23, 9.28814422356e-23, 5.15542342568e-23, 6.1500662711e-23, 1.16178360168e-22, 8.9954667303e-23, 1.24282284071e-22, 1.72461831328e-22, 2.44175876179e-22, 2.50344465536e-22, 2.4672138517e-22, 1.86221218968e-22, 5.81035966746e-22, 4.28652273665e-22, 6.490830327e-22, 8.49826903254e-22, 1.40092275875e-21, 1.4984241491e-21, 2.40026508208e-21],
        "var": [5.85113048146e-06, 0.000260471279034, 1.97274839593e-05, 2.77087783616e-05, 0.000203433766728, 1.79893595487e-05, 4.52237418358e-06, 2.67567742185e-07, 4.96223378832e-07, 6.10050165051e-07, 5.06153071456e-07, 1.70825472878e-07, 5.8432949146e-08, 9.55826848781e-08, 1.07448379083e-07, 4.91359983812e-08, 4.19242986993e-08, 3.25036069171e-08, 5.56561197129e-08, 3.52142706106e-08, 5.27929984173e-08, 5.94828044598e-08, 1.2042765718e-07, 2.29657388218e-07, 1.30937991116e-07, 6.86245371639e-08, 3.34579048911e-08]
    },
    "erbbands": {
        "dmean": [0.189414814115, 0.962578177452, 2.07821941376, 5.37933731079, 13.6085176468, 30.3878116608, 21.4247951508, 14.052066803, 14.3879737854, 6.43428945541, 4.44693231583, 4.93487262726, 6.87543010712, 11.5682249069, 8.03535747528, 7.88005256653, 5.65262556076, 8.31357479095, 8.82641983032, 8.6715965271, 7.65394210815, 4.81666994095, 4.55140161514, 4.78834676743, 4.19612979889, 3.65627336502, 3.00829553604, 3.3049595356, 3.11814260483, 3.10125565529, 3.89145445824, 5.01781892776, 2.43630409241, 1.67434883118, 0.800490736961, 0.314905524254, 0.165233075619, 0.0878740102053, 0.0131842652336, 0.000886183523107],
        "dmean2": [0.280510216951, 1.22811257839, 3.33227205276, 8.87448501587, 23.4513149261, 56.4230499268, 39.4179840088, 23.0327033997, 19.1379566193, 8.64371490479, 6.656665802, 6.675532341, 10.1565322876, 16.9577503204, 12.5111274719, 12.1203594208, 9.02946472168, 13.6991958618, 14.6725330353, 14.2883386612, 12.5700178146, 7.99851322174, 7.41353797913, 8.02549648285, 7.11493682861, 5.8103685379, 4.4673871994, 5.51957654953, 5.12419891357, 4.56510543823, 5.97193288803, 7.768679142, 3.76289343834, 2.35933685303, 1.07078051567, 0.46073615551, 0.246808588505, 0.142921984196, 0.0193737633526, 0.00141874537803],
        "dvar": [0.175053402781, 4.07063913345, 20.6494312286, 121.345497131, 880.148986816, 7003.41308594, 3487.38793945, 847.093505859, 595.984375, 174.805236816, 79.9411773682, 50.6085472107, 92.7002487183, 257.950836182, 229.804977417, 104.862846375, 66.534362793, 175.126876831, 162.571456909, 157.137786865, 97.2302703857, 59.9859275818, 45.567691803, 111.421234131, 132.935653687, 68.3562469482, 32.2653083801, 139.394897461, 80.2646713257, 62.4126281738, 96.790977478, 109.749908447, 37.9966087341, 14.9487333298, 2.66796827316, 0.464280158281, 0.126043975353, 0.0404390655458, 0.00108280475251, 4.60428600491e-06],
        "dvar2": [0.402725070715, 7.70930099487, 51.7045478821, 319.486297607, 2403.55419922, 20039.7207031, 10121.6269531, 2217.14892578, 1246.29516602, 334.349060059, 181.670883179, 97.2427062988, 196.028823853, 532.169494629, 531.454528809, 235.142196655, 174.920257568, 451.372650146, 459.745788574, 407.49508667, 259.429016113, 164.735488892, 115.987785339, 306.622009277, 382.949523926, 184.126159668, 71.9689483643, 396.56918335, 213.132339478, 137.596893311, 233.076324463, 267.682739258, 95.7692337036, 34.6038360596, 5.2770690918, 0.913621425629, 0.273838192225, 0.1029907763, 0.00248181377538, 1.13965070341e-05],
        "max": [3.81359791756, 21.3374938965, 41.9556541443, 102.446372986, 243.035568237, 612.302612305, 561.177734375, 406.732330322, 553.657653809, 296.130584717, 169.337600708, 116.736808777, 213.8125, 312.717102051, 212.266342163, 183.314178467, 101.10848999, 231.705963135, 197.897109985, 154.203613281, 141.90032959, 107.646057129, 104.103790283, 131.917877197, 144.255477905, 91.9859161377, 92.4902877808, 157.675521851, 97.5912094116, 72.2105560303, 78.3660202026, 85.572303772, 71.7916030884, 46.6507110596, 16.5857830048, 5.90316295624, 3.11709141731, 1.64400780201, 0.276996642351, 0.0152495531365],
        "mean": [0.32022985816, 1.41550707817, 2.51702404022, 7.45669460297, 15.0359182358, 26.0944423676, 25.1965923309, 21.2231464386, 31.4340591431, 12.6783952713, 7.52082872391, 9.56177043915, 13.1268596649, 22.0607414246, 14.6108350754, 16.7277431488, 10.4739656448, 13.6965389252, 14.9570617676, 15.6119880676, 14.3767223358, 9.41604995728, 9.09196090698, 8.26241493225, 6.43828010559, 6.29507303238, 5.75905513763, 4.0908408165, 3.86382913589, 3.72324442863, 4.5882396698, 7.24497127533, 2.91520047188, 2.10856032372, 1.05115449429, 0.397926390171, 0.189980506897, 0.0795694440603, 0.0140170203522, 0.000869705865625],
        "median": [0.0141078047454, 0.14476570487, 1.03093028069, 3.46398639679, 5.30413722992, 8.36077594757, 9.93983650208, 7.60194396973, 14.7417907715, 4.48445224762, 3.65159344673, 4.09107398987, 7.97184848785, 11.551366806, 7.65712404251, 10.0512828827, 7.10043144226, 8.21215343475, 9.90285682678, 10.6533737183, 10.3180923462, 6.74028635025, 5.89664745331, 4.78572845459, 3.38495349884, 2.69078874588, 2.18323707581, 1.12375760078, 0.651689171791, 0.390230000019, 0.484920561314, 0.442123115063, 0.317969381809, 0.212507322431, 0.0993538498878, 0.0301440358162, 0.0147022083402, 0.00227019563317, 0.000198199253646, 5.84256995353e-05],
        "min": [2.20427315815e-21, 1.62217485199e-20, 3.75499834603e-20, 8.56061042029e-20, 1.58205090541e-19, 2.19650961574e-19, 4.44492791685e-19, 4.14460603678e-19, 7.19161577902e-19, 6.60218962198e-19, 3.68037805985e-19, 2.0842705641e-18, 2.18495809018e-18, 3.46109759765e-18, 3.24424971852e-18, 2.13912029013e-18, 5.23108274916e-18, 5.93557097018e-18, 4.49149601398e-18, 6.85209246556e-18, 1.32061303853e-17, 1.31030719528e-17, 8.4862030685e-18, 1.68027414672e-17, 1.2257135847e-17, 9.7823297411e-18, 1.67842175846e-17, 2.39800801088e-17, 1.69068438016e-17, 1.3474536432e-17, 2.0684728206e-17, 1.58492305228e-17, 1.56158398586e-17, 1.26495205511e-17, 1.15628136757e-17, 6.07859752912e-18, 2.73143516866e-18, 1.43600487874e-18, 3.47666984136e-19, 2.99230098587e-20],
        "var": [0.427558422089, 9.51001358032, 21.2239265442, 130.929550171, 701.253967285, 4063.50341797, 2252.68310547, 1188.94299316, 1774.41235352, 568.120544434, 172.866928101, 152.820785522, 260.851593018, 726.916015625, 425.942138672, 350.556152344, 111.713500977, 275.981781006, 261.844024658, 248.467391968, 178.256317139, 83.5122528076, 97.5306472778, 119.804496765, 113.53730011, 92.7401351929, 75.948135376, 103.256996155, 78.702507019, 83.1564407349, 117.541000366, 165.199874878, 44.3366966248, 21.709394455, 4.84376144409, 0.817088007927, 0.178760737181, 0.0377630777657, 0.00128914928064, 4.82219456899e-06]
    },
    "gfcc": {
        "mean": [-4.25866031647, 92.0212173462, -107.663337708, 21.7131404877, -45.3743247986, 5.26769685745, -41.7503814697, -1.58835339546, -25.7715034485, -4.49207305908, -9.74009132385, -0.078369513154, -2.48885536194],
        "cov": [[5007.15966797, -2461.01757812, 1644.98205566, 451.997650146, -129.973114014, 329.388671875, -338.165435791, -34.5572776794, -489.064880371, -101.197525024, -389.256103516, -25.817117691, -377.093963623], [-2461.01757812, 3106.42700195, -1359.30212402, 81.3427200317, 234.551849365, -159.142501831, 378.142181396, 166.9165802, 394.822601318, 104.34828949, 337.172454834, 8.81236457825, 371.761962891], [1644.98205566, -1359.30212402, 1176.78674316, 152.541854858, 5.38784170151, 182.244888306, -189.21232605, -17.9801483154, -219.202880859, -36.1193618774, -179.19317627, -5.23996925354, -233.172332764], [451.997650146, 81.3427200317, 152.541854858, 495.879058838, 165.508132935, 176.434692383, 47.2141876221, 34.7048416138, -81.6189880371, 29.0224685669, -40.3743095398, -9.07832431793, -33.4743080139], [-129.973114014, 234.551849365, 5.38784170151, 165.508132935, 230.050506592, 120.700408936, 100.429351807, 38.0948562622, 33.7469139099, 12.6305017471, 25.4839515686, -16.8189086914, 12.4430046082], [329.388671875, -159.142501831, 182.244888306, 176.434692383, 120.700408936, 225.444122314, 81.0711975098, 83.3571777344, -10.823843956, 33.9963569641, -17.1327114105, 6.02394247055, -27.1410942078], [-338.165435791, 378.142181396, -189.21232605, 47.2141876221, 100.429351807, 81.0711975098, 220.453933716, 112.733894348, 149.106536865, 49.475276947, 91.5347595215, 16.3082904816, 78.509185791], [-34.5572776794, 166.9165802, -17.9801483154, 34.7048416138, 38.0948562622, 83.3571777344, 112.733894348, 164.292205811, 109.215629578, 73.566734314, 39.6132278442, 25.2542800903, 38.1556434631], [-489.064880371, 394.822601318, -219.202880859, -81.6189880371, 33.7469139099, -10.823843956, 149.106536865, 109.215629578, 248.297164917, 92.3558883667, 139.667526245, 30.7013530731, 103.020889282], [-101.197525024, 104.34828949, -36.1193618774, 29.0224685669, 12.6305017471, 33.9963569641, 49.475276947, 73.566734314, 92.3558883667, 132.8490448, 80.3699798584, 55.3252220154, 42.3299980164], [-389.256103516, 337.172454834, -179.19317627, -40.3743095398, 25.4839515686, -17.1327114105, 91.5347595215, 39.6132278442, 139.667526245, 80.3699798584, 168.377670288, 61.1634140015, 96.9724502563], [-25.817117691, 8.81236457825, -5.23996925354, -9.07832431793, -16.8189086914, 6.02394247055, 16.3082904816, 25.2542800903, 30.7013530731, 55.3252220154, 61.1634140015, 90.334602356, 52.338809967], [-377.093963623, 371.761962891, -233.172332764, -33.4743080139, 12.4430046082, -27.1410942078, 78.509185791, 38.1556434631, 103.020889282, 42.3299980164, 96.9724502563, 52.338809967, 134.368652344]],
        "icov": [[0.000495847663842, 0.00020025743288, -0.000378433236619, -0.000465650227852, 0.000503898656461, -0.000152822030941, 0.000103900347312, -0.000367373024346, 0.000205832868232, 0.000265651266091, -5.70079937461e-05, 0.000187944096979, -0.000242695226916], [0.00020025743288, 0.00118818576448, 0.00072900095256, -0.000759584712796, -0.000887074391358, 0.00129418540746, 0.000176888090209, -0.00166404864285, 0.000476644869195, 0.000466111669084, -0.00117307878099, 0.00101376604289, -0.000997397699393], [-0.000378433236619, 0.00072900095256, 0.00291664665565, -0.000197454355657, -0.0014241754543, -0.000390685221646, 0.00193100376055, -0.00150935444981, -0.000538502587005, 0.000983119825833, -0.000678595504723, -0.00160681258421, 0.00250522349961], [-0.000465650227852, -0.000759584712796, -0.000197454355657, 0.00449593551457, -0.00186636648141, -0.00164122227579, -0.0010515752947, 0.00107723579276, 0.00237614009529, -0.00277105579153, 0.0010552406311, 0.000258802232565, -8.91975214472e-05], [0.000503898656461, -0.000887074391358, -0.0014241754543, -0.00186636648141, 0.0103854658082, -0.00516402488574, -0.00204128073528, 0.00328780128621, -0.00140943040606, 0.00092259561643, -0.000614346237853, 0.00229166727513, -0.000472950428957], [-0.000152822030941, 0.00129418540746, -0.000390685221646, -0.00164122227579, -0.00516402488574, 0.0143356686458, -0.00485839694738, -0.0057908766903, 0.00435470230877, -0.00194513681345, -0.00036864815047, 1.00489569377e-05, 0.00029670065851], [0.000103900347312, 0.000176888090209, 0.00193100376055, -0.0010515752947, -0.00204128073528, -0.00485839694738, 0.0160757172853, -0.00544996140525, -0.00582466507331, 0.00551869114861, -0.00339470361359, -0.00024271440634, -0.000474659376778], [-0.000367373024346, -0.00166404864285, -0.00150935444981, 0.00107723579276, 0.00328780128621, -0.0057908766903, -0.00544996140525, 0.0187956318259, -0.00664102565497, -0.00587722379714, 0.00796294491738, -0.00262050959282, -0.000187819765415], [0.000205832868232, 0.000476644869195, -0.000538502587005, 0.00237614009529, -0.00140943040606, 0.00435470230877, -0.00582466507331, -0.00664102565497, 0.0180307105184, -0.00575044983998, -0.00761206075549, 0.00759157771245, -0.00426059495658], [0.000265651266091, 0.000466111669084, 0.000983119825833, -0.00277105579153, 0.00092259561643, -0.00194513681345, 0.00551869114861, -0.00587722379714, -0.00575044983998, 0.019206225872, -0.00586334895343, -0.00733116595075, 0.00388322072104], [-5.70079937461e-05, -0.00117307878099, -0.000678595504723, 0.0010552406311, -0.000614346237853, -0.00036864815047, -0.00339470361359, 0.00796294491738, -0.00761206075549, -0.00586334895343, 0.0213484782726, -0.00829953420907, -0.00261522596702], [0.000187944096979, 0.00101376604289, -0.00160681258421, 0.000258802232565, 0.00229166727513, 1.00489569377e-05, -0.00024271440634, -0.00262050959282, 0.00759157771245, -0.00733116595075, -0.00829953420907, 0.0268097110093, -0.0122895706445], [-0.000242695226916, -0.000997397699393, 0.00250522349961, -8.91975214472e-05, -0.000472950428957, 0.00029670065851, -0.000474659376778, -0.000187819765415, -0.00426059495658, 0.00388322072104, -0.00261522596702, -0.0122895706445, 0.0229978319257]]
    },
    "melbands": {
        "dmean": [0.00143918406684, 0.000974598049652, 0.00108866789378, 0.00158132147044, 0.000910757342353, 0.000326089182636, 0.00020894240879, 5.85460547882e-05, 3.64990555681e-05, 3.25896180584e-05, 3.59234436473e-05, 4.88824880449e-05, 3.38236204698e-05, 2.04499992833e-05, 1.61746484082e-05, 1.24388288896e-05, 1.64832017617e-05, 1.39637731991e-05, 1.14615695566e-05, 1.06298457467e-05, 9.490490811e-06, 6.09887410974e-06, 4.00383532906e-06, 5.08867060489e-06, 4.08818914366e-06, 3.38405652656e-06, 3.11655799123e-06, 2.32096613217e-06, 1.86845875305e-06, 2.09815652852e-06, 1.88529327261e-06, 1.80101801561e-06, 1.67178518495e-06, 1.75384070644e-06, 2.01452075999e-06, 3.11579174195e-06, 2.73051273325e-06, 1.77712342975e-06, 1.39457972637e-06, 1.50795199261e-06],
        "dmean2": [0.00213429587893, 0.00138956704177, 0.00179672986269, 0.00282726949081, 0.0016939858906, 0.000529813405592, 0.000275626865914, 8.06103489595e-05, 5.36636980542e-05, 4.40099647676e-05, 5.29227581865e-05, 7.13472254574e-05, 5.22305417689e-05, 3.19746068271e-05, 2.53841299127e-05, 2.00633730856e-05, 2.72158213193e-05, 2.33265745919e-05, 1.87332498172e-05, 1.74402321136e-05, 1.57310987561e-05, 1.01547866507e-05, 6.66430105412e-06, 8.50725155033e-06, 6.97429140928e-06, 5.76340653424e-06, 5.37307187187e-06, 3.63748722521e-06, 2.7512030556e-06, 3.36631001119e-06, 3.18300726576e-06, 2.96690063806e-06, 2.67720861302e-06, 2.54809606304e-06, 3.0866999623e-06, 4.8936112762e-06, 4.1510702431e-06, 2.81542656921e-06, 2.03204081117e-06, 2.12976942748e-06],
        "dvar": [1.03873344415e-05, 3.23843278238e-06, 4.87840861751e-06, 1.49985680764e-05, 6.59172064843e-06, 4.46103513241e-07, 1.1736224792e-07, 1.47248337967e-08, 4.688327504e-09, 2.29646945904e-09, 2.36951724908e-09, 5.0700537102e-09, 5.42575140372e-09, 7.50062567612e-10, 3.30698746165e-10, 2.71190347956e-10, 7.919854772e-10, 3.88091697667e-10, 2.61786731182e-10, 1.80141151995e-10, 1.57280174995e-10, 9.43931044439e-11, 4.0488234293e-11, 5.73687868044e-11, 8.74911462723e-11, 9.59101895126e-11, 8.50069389879e-11, 2.14115773722e-11, 1.28464409249e-11, 2.84422398827e-11, 5.61279182854e-11, 2.78355099387e-11, 2.06920192786e-11, 1.85362922928e-11, 2.72001778739e-11, 5.42786440794e-11, 2.90692053762e-11, 2.34852536724e-11, 1.07812552289e-11, 1.14205893006e-11],
        "dvar2": [2.24074155994e-05, 6.69264090902e-06, 1.27892981254e-05, 4.18553427153e-05, 1.90711707546e-05, 1.1525625041e-06, 2.4536490173e-07, 2.87512698094e-08, 1.05771622572e-08, 4.24386703557e-09, 5.01016117482e-09, 1.03809520979e-08, 1.23702159627e-08, 1.79243697662e-09, 7.90877863199e-10, 6.98860636028e-10, 2.03246885988e-09, 1.10294062772e-09, 6.41486530562e-10, 4.8207365877e-10, 4.17816364839e-10, 2.52066756357e-10, 1.09132848591e-10, 1.50247911335e-10, 2.44662679005e-10, 2.77036227292e-10, 2.49022746868e-10, 5.32639730932e-11, 2.46712355406e-11, 7.39489858237e-11, 1.62367785883e-10, 7.49892092866e-11, 5.180739171e-11, 3.89887427898e-11, 6.30859392503e-11, 1.40856937225e-10, 6.85851792026e-11, 6.1503364901e-11, 2.4591079173e-11, 2.66295648726e-11],
        "max": [0.0320051908493, 0.017590098083, 0.0179491136223, 0.0284627228975, 0.0234890319407, 0.010289169848, 0.0075983600691, 0.00266627687961, 0.00126438378356, 0.00113799888641, 0.00108775566332, 0.00140175945126, 0.00101621937938, 0.000564059941098, 0.000246319337748, 0.000277824350633, 0.000534829043318, 0.000288589159027, 0.000329676957335, 0.000155320769409, 0.000162944634212, 0.000125889651827, 9.25230197026e-05, 0.000119013813674, 0.000115691327665, 0.000137224225909, 0.000109112188511, 7.70574988564e-05, 8.01490386948e-05, 6.15631288383e-05, 0.000101899080619, 6.38498822809e-05, 5.24256465724e-05, 4.52085077995e-05, 4.52611857327e-05, 6.1998689489e-05, 4.20772485086e-05, 6.0143043811e-05, 3.35338481818e-05, 3.94616545236e-05],
        "mean": [0.00255995453335, 0.00148329196963, 0.00143975112587, 0.0015354816569, 0.000932245864533, 0.000508627912495, 0.000462404743303, 0.000108268795884, 6.13066004007e-05, 6.31691436865e-05, 6.75849514664e-05, 9.2384085292e-05, 5.56793893338e-05, 4.09563799622e-05, 3.10350733344e-05, 2.08862675208e-05, 2.5592467864e-05, 2.23591468966e-05, 2.07229404623e-05, 1.85239023267e-05, 1.64337416209e-05, 1.05868930405e-05, 7.33677143216e-06, 8.70723852131e-06, 6.4686364567e-06, 4.94250161864e-06, 4.29064311902e-06, 4.05096261602e-06, 3.68725977751e-06, 3.06165611619e-06, 2.08138430935e-06, 2.27404052566e-06, 1.90153650692e-06, 2.09787754102e-06, 2.32360343944e-06, 3.98032352678e-06, 4.04316961067e-06, 1.9758090275e-06, 1.7626450699e-06, 1.86056649909e-06],
        "median": [0.000263172842097, 0.000519676541444, 0.000670157431159, 0.000537946471013, 0.000354187621269, 0.000196073786356, 0.00023279216839, 3.70065499737e-05, 2.54700589721e-05, 2.50326011155e-05, 4.15248578065e-05, 4.31258085882e-05, 1.9244824216e-05, 2.32290694839e-05, 2.20005422307e-05, 1.36109993036e-05, 1.41408690979e-05, 1.45172498378e-05, 1.41671380334e-05, 1.34176916617e-05, 1.08165804704e-05, 6.91832246957e-06, 4.70102895633e-06, 5.00576152263e-06, 3.45201942764e-06, 2.52739414464e-06, 1.95090660782e-06, 1.61523780662e-06, 1.35545133162e-06, 9.90873900264e-07, 4.48869769798e-07, 4.27434486028e-07, 2.02782558745e-07, 2.13344122812e-07, 1.69708840758e-07, 2.88491264655e-07, 2.55232322388e-07, 2.02146637207e-07, 1.71032041862e-07, 1.67161715581e-07],
        "min": [2.04587462786e-23, 2.10859427631e-23, 1.85906384581e-23, 1.14629275586e-23, 1.46589746391e-23, 8.6912119144e-24, 1.21817320934e-23, 6.00816226382e-24, 2.73823204862e-24, 1.5150032664e-23, 1.0553126388e-23, 1.40833507252e-23, 8.59792595691e-24, 8.50720774167e-24, 6.17837083703e-24, 1.2536445766e-23, 1.06915785766e-23, 5.71369981499e-24, 1.06926892927e-23, 9.1490928162e-24, 1.65727338402e-23, 1.63224408968e-23, 5.85677472851e-24, 1.13043168184e-23, 1.41070607285e-23, 8.02692950105e-24, 7.64600908031e-24, 6.02471296004e-24, 8.34260165861e-24, 1.56506201286e-23, 1.29384248286e-23, 9.34952738386e-24, 7.62924263063e-24, 7.70408975331e-24, 1.21978540437e-23, 1.10153491802e-23, 9.5860791592e-24, 1.15629874647e-23, 1.0078674674e-23, 1.06305444084e-23],
        "var": [2.57677984337e-05, 6.1936380007e-06, 4.77933053844e-06, 9.78250682238e-06, 3.90201057598e-06, 6.60240971229e-07, 3.5639098428e-07, 4.60474396391e-08, 1.03476631708e-08, 7.5486008555e-09, 6.71673427988e-09, 1.46598697626e-08, 1.02975326044e-08, 2.41733366657e-09, 7.57929830009e-10, 4.93430574178e-10, 1.24102772503e-09, 6.03148475609e-10, 4.67595906439e-10, 2.96580981995e-10, 2.84102158465e-10, 1.34058528167e-10, 6.61780769073e-11, 1.08492811957e-10, 8.57837273438e-11, 7.80611061901e-11, 6.48317163843e-11, 3.99519306526e-11, 4.09108025234e-11, 2.96032955094e-11, 3.84834872302e-11, 2.59355575211e-11, 2.34576438135e-11, 2.60462328788e-11, 3.49789884557e-11, 6.0028940152e-11, 4.92783834571e-11, 2.55254792997e-11, 1.49682870265e-11, 1.65472427427e-11]
    },
    "mfcc": {
        "mean": [-654.02935791, 130.559494019, -2.0577147007, 20.434053421, 13.8066692352, 3.82642769814, 1.18399775028, -1.74752175808, -5.04795217514, -2.95139312744, -11.0126285553, -1.45291674137, -2.39742493629],
        "cov": [[3388.67114258, -1555.93688965, 1081.30822754, 139.129013062, 274.68661499, 103.572807312, 133.532455444, -43.9292526245, -122.844604492, -106.57572937, -191.074951172, -95.8002319336, -210.088302612], [-1555.93688965, 2050.31030273, -866.988952637, 122.629470825, -165.129348755, -82.0049209595, -36.9979705811, 78.45753479, 140.462234497, 138.371810913, 134.237304688, 110.016586304, 157.439712524], [1081.30822754, -866.988952637, 825.301025391, 31.4389476776, 196.719512939, 49.2910003662, 56.0160369873, -18.7949790955, -65.9619827271, -64.9466400146, -80.918510437, -24.1585445404, -89.1109085083], [139.129013062, 122.629470825, 31.4389476776, 286.568054199, 106.201560974, 114.921127319, 75.9077606201, 28.7771778107, 11.2778072357, -8.68878555298, 1.6270428896, -2.47914195061, 8.95188331604], [274.68661499, -165.129348755, 196.719512939, 106.201560974, 202.157836914, 109.235328674, 82.7585754395, 13.3511133194, -7.70864152908, -4.93418312073, -36.1076889038, -2.35621714592, -33.8580703735], [103.572807312, -82.0049209595, 49.2910003662, 114.921127319, 109.235328674, 170.619384766, 101.124679565, 46.240688324, 11.1939897537, 5.93641614914, 8.18138790131, -1.73870384693, 7.94703006744], [133.532455444, -36.9979705811, 56.0160369873, 75.9077606201, 82.7585754395, 101.124679565, 137.890487671, 62.0692024231, 29.4901275635, 18.4573287964, 1.57264137268, 20.101808548, -3.40361642838], [-43.9292526245, 78.45753479, -18.7949790955, 28.7771778107, 13.3511133194, 46.240688324, 62.0692024231, 111.86806488, 69.6987609863, 47.7853469849, 43.4133033752, 24.749956131, 27.1580028534], [-122.844604492, 140.462234497, -65.9619827271, 11.2778072357, -7.70864152908, 11.1939897537, 29.4901275635, 69.6987609863, 123.01159668, 83.5874176025, 61.8263931274, 41.7135276794, 40.5753288269], [-106.57572937, 138.371810913, -64.9466400146, -8.68878555298, -4.93418312073, 5.93641614914, 18.4573287964, 47.7853469849, 83.5874176025, 121.155067444, 76.1858139038, 49.3719520569, 33.3496017456], [-191.074951172, 134.237304688, -80.918510437, 1.6270428896, -36.1076889038, 8.18138790131, 1.57264137268, 43.4133033752, 61.8263931274, 76.1858139038, 129.854598999, 55.3109359741, 62.9629135132], [-95.8002319336, 110.016586304, -24.1585445404, -2.47914195061, -2.35621714592, -1.73870384693, 20.101808548, 24.749956131, 41.7135276794, 49.3719520569, 55.3109359741, 117.770736694, 52.7071495056], [-210.088302612, 157.439712524, -89.1109085083, 8.95188331604, -33.8580703735, 7.94703006744, -3.40361642838, 27.1580028534, 40.5753288269, 33.3496017456, 62.9629135132, 52.7071495056, 106.308609009]],
