{
"lowlevel": {
    "average_loudness": 0.972003161907,
    "barkbands_crest": {
        "dmean": 3.46350455284,
        "dmean2": 5.50865983963,
        "dvar": 13.1168804169,
        "dvar2": 33.8926849365,
        "max": 26.0645370483,
        "mean": 12.5233421326,
        "median": 12.122218132,
        "min": 1.99497687817,
        "var": 28.7097854614
    },
    "barkbands_flatness_db": {
        "dmean": 0.0425448007882,
        "dmean2": 0.0587889477611,
        "dvar": 0.00211241561919,
        "dvar2": 0.00415069051087,
        "max": 0.697799921036,
        "mean": 0.179471567273,
        "median": 0.163840293884,
        "min": 0.0270190369338,
        "var": 0.00898212846369
    },
    "barkbands_kurtosis": {
        "dmean": 11.1555833817,
        "dmean2": 15.0465402603,
        "dvar": 761.296386719,
        "dvar2": 1296.7713623,
        "max": 661.600036621,
        "mean": 16.8844718933,
        "median": 4.15218925476,
        "min": -1.87402391434,
        "var": 1809.95239258
    },
    "barkbands_skewness": {
        "dmean": 1.16727435589,
        "dmean2": 1.5864470005,
        "dvar": 2.00973916054,
        "dvar2": 3.91836333275,
        "max": 22.2819900513,
        "mean": 2.41835284233,
        "median": 2.00973415375,
        "min": -3.28963160515,
        "var": 7.109187603
    },
    "barkbands_spread": {
        "dmean": 10.9359617233,
        "dmean2": 16.2640304565,
        "dvar": 194.97277832,
        "dvar2": 377.030548096,
        "max": 112.359642029,
        "mean": 23.6021881104,
        "median": 16.4118766785,
        "min": 0.212978601456,
        "var": 484.152648926
    },
    "dissonance": {
        "dmean": 0.0199427567422,
        "dmean2": 0.0327018387616,
        "dvar": 0.000487317709485,
        "dvar2": 0.0012721393723,
        "max": 0.500000059605,
        "mean": 0.460884064436,
        "median": 0.472390413284,
        "min": 0.0500697121024,
        "var": 0.00185373763088
    },
    "dynamic_complexity": 2.95399236679,
    "erbbands_crest": {
        "dmean": 2.93595671654,
        "dmean2": 4.7129368782,
        "dvar": 8.53488731384,
        "dvar2": 20.0541324615,
        "max": 34.4052047729,
        "mean": 9.32877254486,
        "median": 8.04049301147,
        "min": 2.59746646881,
        "var": 25.1745796204
    },
    "erbbands_flatness_db": {
        "dmean": 0.0249616168439,
        "dmean2": 0.0356317125261,
        "dvar": 0.000647615466733,
        "dvar2": 0.00126841641031,
        "max": 0.63324123621,
        "mean": 0.153374791145,
        "median": 0.145895913243,
        "min": 0.0399357229471,
        "var": 0.00403966801241
    },
    "erbbands_kurtosis": {
        "dmean": 1.22854530811,
        "dmean2": 1.88356268406,
        "dvar": 4.49454307556,
        "dvar2": 9.96173763275,
        "max": 84.3704528809,
        "mean": 0.661982536316,
        "median": -0.202349424362,
        "min": -1.78349161148,
        "var": 10.1409978867
    },
    "erbbands_skewness": {
        "dmean": 0.502951204777,
        "dmean2": 0.739863991737,
        "dvar": 0.240395918489,
        "dvar2": 0.506606936455,
        "max": 8.95849323273,
        "mean": 0.116751000285,
        "median": 0.025117803365,
        "min": -5.00782251358,
        "var": 0.824808657169
    },
    "erbbands_spread": {
        "dmean": 12.6852674484,
        "dmean2": 18.7965450287,
        "dvar": 184.232116699,
        "dvar2": 404.436431885,
        "max": 149.042068481,
        "mean": 46.4254875183,
        "median": 42.9810180664,
        "min": 0.362985163927,
        "var": 549.653991699
    },
    "hfc": {
        "dmean": 34.813117981,
        "dmean2": 56.5622406006,
        "dvar": 4925.36767578,
        "dvar2": 12143.5986328,
        "max": 433.045898438,
        "mean": 36.744342804,
        "median": 15.0901203156,
        "min": 6.44329838906e-06,
        "var": 4381.03076172
    },
    "melbands_crest": {
        "dmean": 4.52388191223,
        "dmean2": 6.54470014572,
        "dvar": 19.8311271667,
        "dvar2": 37.9296875,
        "max": 38.3883285522,
        "mean": 18.9814472198,
        "median": 16.8708190918,
        "min": 2.53302097321,
        "var": 77.5587463379
    },
    "melbands_flatness_db": {
        "dmean": 0.0523018948734,
        "dmean2": 0.0717719197273,
        "dvar": 0.00316287390888,
        "dvar2": 0.00628275424242,
        "max": 0.813876390457,
        "mean": 0.244887411594,
        "median": 0.231677621603,
        "min": 0.0141867212951,
        "var": 0.0149791743606
    },
    "melbands_kurtosis": {
        "dmean": 33.2846221924,
        "dmean2": 43.0555686951,
        "dvar": 10601.8535156,
        "dvar2": 15309.8779297,
        "max": 3842.06274414,
        "mean": 54.2691955566,
        "median": 16.7457523346,
        "min": -1.80178117752,
        "var": 28574.2949219
    },
    "melbands_skewness": {
        "dmean": 1.61729300022,
        "dmean2": 2.15789651871,
        "dvar": 4.21881723404,
        "dvar2": 7.32811784744,
        "max": 43.5397872925,
        "mean": 4.37138414383,
        "median": 3.58640789986,
        "min": -2.95021724701,
        "var": 17.1036319733
    },
    "melbands_spread": {
        "dmean": 13.2553005219,
        "dmean2": 20.5983657837,
        "dvar": 329.016082764,
        "dvar2": 761.938049316,
        "max": 223.189865112,
        "mean": 24.9865207672,
        "median": 13.233625412,
        "min": 0.0455006696284,
        "var": 826.150024414
    },
    "pitch_salience": {
        "dmean": 0.1039192155,
        "dmean2": 0.161318361759,
        "dvar": 0.0126837175339,
        "dvar2": 0.0315074250102,
        "max": 0.89689463377,
        "mean": 0.465678960085,
        "median": 0.496222823858,
        "min": 0.00691953394562,
        "var": 0.0303991492838
    },
    "silence_rate_20dB": {
        "dmean": 0,
        "dmean2": 0,
        "dvar": 0,
        "dvar2": 0,
        "max": 1,
        "mean": 1,
        "median": 1,
        "min": 1,
        "var": 0
    },
    "silence_rate_30dB": {
        "dmean": 0.093361184001,
        "dmean2": 0.186739325523,
        "dvar": 0.0846530273557,
        "dvar2": 0.152238622308,
        "max": 1,
        "mean": 0.838267326355,
        "median": 1,
        "min": 0,
        "var": 0.135570406914
    },
    "silence_rate_60dB": {
        "dmean": 0.0519480518997,
        "dmean2": 0.103814713657,
        "dvar": 0.0492443628609,
        "dvar2": 0.113562844694,
        "max": 1,
        "mean": 0.0900835469365,
        "median": 0,
        "min": 0,
        "var": 0.0819703787565
    },
    "spectral_centroid": {
        "dmean": 427.953643799,
        "dmean2": 649.495910645,
        "dvar": 229708.8125,
        "dvar2": 511564.3125,
        "max": 4616.58837891,
        "mean": 1408.85559082,
        "median": 1204.26855469,
        "min": 68.8393478394,
        "var": 777710.75
    },
    "spectral_complexity": {
        "dmean": 6.58414316177,
        "dmean2": 10.3599452972,
        "dvar": 71.3168334961,
        "dvar2": 164.440139771,
        "max": 54,
        "mean": 14.7835998535,
        "median": 13,
        "min": 0,
        "var": 105.023635864
    },
    "spectral_decrease": {
        "dmean": 4.43121583871e-09,
        "dmean2": 5.30347943339e-09,
        "dvar": 2.93673767439e-17,
        "dvar2": 4.36076880357e-17,
        "max": -3.33565783324e-16,
        "mean": -1.21995604729e-08,
        "median": -8.47463610398e-09,
        "min": -5.66021682857e-08,
        "var": 1.37897572618e-16
    },
    "spectral_energy": {
        "dmean": 0.0187615863979,
        "dmean2": 0.0232854355127,
        "dvar": 0.000438716815552,
        "dvar2": 0.000694778515026,
        "max": 0.215769574046,
        "mean": 0.049376796931,
        "median": 0.0376009717584,
        "min": 2.48277221004e-09,
        "var": 0.00197095423937
    },
    "spectral_energyband_high": {
        "dmean": 0.00278280605562,
        "dmean2": 0.00455632479861,
        "dvar": 3.9718572225e-05,
        "dvar2": 9.81501652859e-05,
        "max": 0.0387071073055,
        "mean": 0.00236158980988,
        "median": 0.000269139360171,
        "min": 1.23089913262e-10,
        "var": 3.47434543073e-05
    },
    "spectral_energyband_low": {
        "dmean": 0.0130474036559,
        "dmean2": 0.014761544764,
        "dvar": 0.000490700243972,
        "dvar2": 0.000720913521945,
        "max": 0.210812926292,
        "mean": 0.0294734574854,
        "median": 0.00645117927343,
        "min": 9.34540899528e-12,
        "var": 0.00184100447223
    },
    "spectral_energyband_middle_high": {
        "dmean": 0.00326057500206,
        "dmean2": 0.00536942388862,
        "dvar": 3.37599776685e-05,
        "dvar2": 8.88275098987e-05,
        "max": 0.0844529345632,
        "mean": 0.00460864044726,
        "median": 0.00236288551241,
        "min": 9.95907467605e-10,
        "var": 4.22447374149e-05
    },
    "spectral_energyband_middle_low": {
        "dmean": 0.00678901560605,
        "dmean2": 0.0107755707577,
        "dvar": 9.86295708572e-05,
        "dvar2": 0.000230409961659,
        "max": 0.109105490148,
        "mean": 0.0134160006419,
        "median": 0.00824858807027,
        "min": 1.13284166769e-10,
        "var": 0.000216986081796
    },
    "spectral_entropy": {
        "dmean": 0.338942676783,
        "dmean2": 0.493644326925,
        "dvar": 0.139434680343,
        "dvar2": 0.26705506444,
        "max": 8.72059440613,
        "mean": 7.40232086182,
        "median": 7.42107534409,
        "min": 2.79764151573,
        "var": 0.551146030426
    },
    "spectral_flux": {
        "dmean": 0.0479523800313,
        "dmean2": 0.067323833704,
        "dvar": 0.00235980330035,
        "dvar2": 0.00438040494919,
        "max": 0.41262999177,
        "mean": 0.107344433665,
        "median": 0.0904702916741,
        "min": 4.98274239362e-05,
        "var": 0.00498390570283
    },
    "spectral_kurtosis": {
        "dmean": 2.41490769386,
        "dmean2": 3.88625359535,
        "dvar": 36.7097892761,
        "dvar2": 98.1163253784,
        "max": 362.87588501,
        "mean": 6.71230745316,
        "median": 3.67414188385,
        "min": -0.632742643356,
        "var": 393.289916992
    },
    "spectral_rms": {
        "dmean": 0.00139223411679,
        "dmean2": 0.00171422632411,
        "dvar": 2.06154959415e-06,
        "dvar2": 3.31719093083e-06,
        "max": 0.0145088555291,
        "mean": 0.00610689725727,
        "median": 0.00605672132224,
        "min": 1.55634722887e-06,
        "var": 1.08780686787e-05
    },
    "spectral_rolloff": {
        "dmean": 1483.49609375,
        "dmean2": 2331.43188477,
        "dvar": 7573330.5,
        "dvar2": 14826949,
        "max": 18453.9550781,
        "mean": 2519.38037109,
        "median": 732.12890625,
        "min": 43.06640625,
        "var": 15262017
    },
    "spectral_skewness": {
        "dmean": 0.29137057066,
        "dmean2": 0.450831055641,
        "dvar": 0.130499631166,
        "dvar2": 0.311042815447,
        "max": 16.4773807526,
        "mean": 1.70713233948,
        "median": 1.50894474983,
        "min": 0.0723578631878,
        "var": 1.37626576424
    },
    "spectral_spread": {
        "dmean": 946965.375,
        "dmean2": 1260288.375,
        "dvar": 1.27186580275e+12,
        "dvar2": 2.08852602061e+12,
        "max": 12268680,
        "mean": 5289629,
        "median": 4508027,
        "min": 373605.0625,
        "var": 5.20269961626e+12
    },
    "spectral_strongpeak": {
        "dmean": 0.444155007601,
        "dmean2": 0.743900299072,
        "dvar": 0.573605656624,
        "dvar2": 1.43787586689,
        "max": 8.71427249908,
        "mean": 0.827629089355,
        "median": 0.527213335037,
        "min": 0.00013555586338,
        "var": 0.990944445133
    },
    "zerocrossingrate": {
        "dmean": 0.0263754799962,
        "dmean2": 0.0268684625626,
        "dvar": 0.00112146046013,
        "dvar2": 0.00125708896667,
        "max": 0.4765625,
        "mean": 0.0780410170555,
        "median": 0.0458984375,
        "min": 0.00146484375,
        "var": 0.00670998962596
    },
    "barkbands": {
        "dmean": [0.00253872061148, 0.0110568273813, 0.00175569183193, 0.00179339398164, 0.00412719557062, 0.00131108146161, 0.000604058906902, 0.000262426532572, 0.000489959376864, 0.000362337101251, 0.00028999755159, 0.000302126456518, 0.000564668443985, 0.000331583694788, 0.00047815425205, 0.000350237096427, 0.000485891359858, 0.000491155311465, 0.000266819522949, 0.000304509187117, 0.000264203437837, 0.000427495542681, 0.000238061562413, 0.000241040310357, 0.000554291415028, 0.000622057763394, 0.000304331508232],
        "dmean2": [0.0022348461207, 0.0131067326292, 0.00287994462997, 0.00304869329557, 0.00641128327698, 0.00218487228267, 0.0010264578741, 0.00041297293501, 0.000785456795711, 0.000573331315536, 0.000441262120148, 0.000471071893116, 0.000982815981843, 0.000527783879079, 0.000804843148217, 0.000586492358707, 0.00080834882101, 0.00083833723329, 0.000462242402136, 0.000525726703927, 0.000462932512164, 0.000729917897843, 0.000386337196687, 0.000392437417759, 0.000942763173953, 0.000964628066868, 0.000514347513672],
        "dvar": [1.76690446096e-05, 0.000405467435485, 1.39743624459e-05, 1.60507297551e-05, 4.36916125182e-05, 6.09898143011e-06, 4.0491809159e-06, 4.4671003252e-07, 1.64608047726e-06, 1.38272571348e-06, 7.33708475309e-07, 5.75094020405e-07, 1.42935493841e-06, 4.99754719385e-07, 9.33633828026e-07, 4.46817921329e-07, 7.18510250408e-07, 8.71203098995e-07, 2.6478440418e-07, 2.98519523767e-07, 2.66373803015e-07, 9.56398025664e-07, 1.8746787589e-07, 2.98137450727e-07, 2.17920819523e-06, 2.51214646596e-06, 7.21607420928e-07],
        "dvar2": [1.49382731252e-05, 0.000686274317559, 3.36304110533e-05, 4.08359337598e-05, 9.74372669589e-05, 1.54054851009e-05, 1.01661389635e-05, 9.1836517413e-07, 3.67562961401e-06, 3.14087174047e-06, 1.39218957429e-06, 1.18360526358e-06, 3.96507857658e-06, 1.08900349005e-06, 2.43505792241e-06, 1.1323952549e-06, 1.87971670584e-06, 2.26262295655e-06, 7.13630811333e-07, 7.9175515566e-07, 7.1498249099e-07, 2.49361141869e-06, 3.79685019425e-07, 7.57809118568e-07, 5.6442136156e-06, 5.86168016525e-06, 1.86695785942e-06],
        "max": [0.0319479256868, 0.188474223018, 0.0587831176817, 0.0529130026698, 0.0853242874146, 0.0661246553063, 0.0346388369799, 0.0170874334872, 0.0427355766296, 0.0708334743977, 0.0391468890011, 0.0260037798434, 0.0108883632347, 0.0322430096567, 0.0180136542767, 0.0120596289635, 0.0111781600863, 0.0100033255294, 0.00731350062415, 0.0051235249266, 0.00339105655439, 0.0125900059938, 0.00850070826709, 0.00347694358788, 0.00866395886987, 0.0100424271077, 0.00558216776699],
        "mean": [0.00430870940909, 0.022156348452, 0.00260424450971, 0.0020263674669, 0.00755674066022, 0.00193978485186, 0.000595119432546, 0.000447138183517, 0.000655924028251, 0.000548992189579, 0.000458202761365, 0.000466029683594, 0.000580157036893, 0.000461398420157, 0.000481162598589, 0.000398624921218, 0.000527407741174, 0.000453874323284, 0.000241858346271, 0.000282669527223, 0.000214536194107, 0.000344058236806, 0.000238641165197, 0.000219622510485, 0.000412979163229, 0.000523607013747, 0.000232424019487],
        "median": [7.95407686383e-06, 0.00250599998981, 0.000492017949, 0.000418634677771, 0.00273671327159, 0.000868047471158, 3.16443656629e-05, 4.59007569589e-05, 0.000140072166687, 0.000154114211909, 0.000133147419547, 7.30178071535e-05, 0.00018634062144, 0.000166038473253, 0.000143057201058, 0.000112067529699, 0.000158924958669, 0.000111251632916, 7.71185586927e-05, 6.97439390933e-05, 4.70379236504e-05, 4.82336836285e-05, 4.91720275022e-05, 3.27652742271e-05, 1.32560098791e-05, 7.11859365765e-06, 1.27390717353e-06],
        "min": [1.40421192469e-12, 6.41847772848e-12, 1.40384470541e-12, 7.38733184867e-13, 5.45791363493e-12, 4.34881037431e-12, 1.90109386566e-12, 5.57485568126e-12, 3.55635763893e-11, 4.66755349648e-11, 1.34511837432e-11, 3.25096304044e-11, 4.67276564664e-12, 3.20505705309e-11, 2.1048416482e-11, 2.21734544788e-12, 5.5058457793e-12, 6.1969283871e-12, 6.42779969875e-12, 3.43324414037e-12, 7.15280872726e-12, 7.40003718025e-12, 9.77370007843e-12, 1.26824488411e-11, 1.35416799302e-11, 1.3538895699e-11, 1.35070140836e-11],
        "var": [6.80030643707e-05, 0.0012402505381, 2.30651876336e-05, 2.04379430215e-05, 9.96651724563e-05, 8.35166611068e-06, 4.19645857619e-06, 1.35099628551e-06, 2.94204664897e-06, 2.75228376267e-06, 2.56883959082e-06, 2.93544121632e-06, 1.16580429221e-06, 1.18531556836e-06, 9.00290956451e-07, 5.44795739188e-07, 8.11522284039e-07, 7.47367607801e-07, 2.05134142561e-07, 2.54944012568e-07, 2.03512456665e-07, 7.64558251376e-07, 2.19201695018e-07, 2.68436906481e-07, 1.65974677202e-06, 2.37236667999e-06, 5.5197921256e-07]
    },
    "erbbands": {
        "dmean": [0.575003743172, 1.99849402905, 2.45386791229, 3.01982426643, 14.846247673, 12.1938924789, 12.6941709518, 8.71000766754, 9.88221740723, 5.88606452942, 6.36741876602, 11.6982059479, 10.3858499527, 10.9509410858, 11.523765564, 13.8541545868, 25.2829933167, 21.6165027618, 17.1512966156, 23.0031414032, 20.9202709198, 22.3245258331, 29.9219303131, 17.7777404785, 11.9308290482, 15.8847074509, 10.3702144623, 9.83524894714, 15.7650957108, 9.94888305664, 8.36241149902, 5.34811592102, 3.84619808197, 4.90384197235, 4.61494779587, 1.68765842915, 1.33577239513, 0.560940861702, 0.0456885509193, 0.000880475097802],
        "dmean2": [0.593433260918, 2.96252012253, 3.94846582413, 5.02141284943, 23.9599246979, 18.6076145172, 21.2926578522, 14.5936079025, 16.5853252411, 10.1628837585, 9.79174137115, 18.7452735901, 16.9406013489, 17.8152961731, 17.6542453766, 21.7451076508, 43.6158561707, 35.4221343994, 28.8838386536, 37.7992782593, 34.659362793, 37.6856079102, 50.4982757568, 30.446811676, 20.9797821045, 27.5002307892, 18.1449890137, 16.85638237, 27.2748584747, 16.5400180817, 13.5956668854, 8.28842830658, 6.35799217224, 8.12820053101, 8.02294826508, 2.53278470039, 2.07135105133, 0.9412150383, 0.0771305859089, 0.0014604232274],
        "dvar": [1.02394223213, 17.5975379944, 28.8414306641, 35.8416633606, 647.930114746, 423.668884277, 572.004516602, 423.744354248, 1082.21337891, 247.318359375, 261.725921631, 1162.51647949, 877.96875, 1214.8927002, 571.682373047, 1193.20947266, 2745.83764648, 1955.38500977, 1355.38391113, 2061.91943359, 1785.26550293, 1559.57946777, 3196.64013672, 929.243286133, 663.72253418, 818.257080078, 366.100799561, 335.161804199, 1339.72302246, 423.541870117, 253.331756592, 116.169807434, 85.6918487549, 157.751495361, 161.649505615, 16.5759811401, 11.526260376, 2.44395542145, 0.0163934994489, 5.25979794475e-06],
        "dvar2": [1.10097539425, 42.6505661011, 70.8692474365, 88.2919540405, 1531.95422363, 952.366394043, 1494.67224121, 1057.98608398, 2720.41870117, 646.016784668, 503.544311523, 2671.32788086, 1966.12402344, 2660.51757812, 1308.07470703, 2386.45629883, 7551.58349609, 4656.06738281, 3638.33276367, 5223.75537109, 4722.64208984, 4138.02880859, 8139.63574219, 2458.98144531, 1812.23046875, 2171.01147461, 967.111083984, 894.262145996, 3554.35205078, 1051.6060791, 507.80557251, 276.835479736, 217.139923096, 390.720611572, 432.611083984, 36.3278884888, 26.6352157593, 6.27997398376, 0.042722016573, 1.3448885511e-05],
        "max": [8.54905319214, 39.2656898499, 85.8902740479, 92.3215942383, 286.190460205, 412.930969238, 336.325653076, 654.08795166, 556.013977051, 275.351806641, 467.493591309, 1087.48364258, 1565.97961426, 1821.11901855, 629.095275879, 1329.35266113, 477.771270752, 1335.4005127, 636.377929688, 1548.45947266, 741.258422852, 487.249633789, 559.029846191, 294.333953857, 433.429229736, 261.992279053, 137.788116455, 191.558654785, 436.754577637, 383.562286377, 258.162628174, 76.7703399658, 62.4726486206, 83.1834030151, 78.9492340088, 27.0939598083, 21.2184772491, 10.1008796692, 0.869161128998, 0.0251968353987],
        "mean": [1.13095116615, 2.95114254951, 3.84613704681, 4.27353143692, 21.7828006744, 22.2947177887, 19.7662315369, 12.5425882339, 11.3586750031, 5.98223829269, 11.8689060211, 15.5429201126, 16.6182384491, 20.132642746, 18.6015663147, 21.4598007202, 27.5217723846, 28.7334575653, 19.1388053894, 25.5994796753, 24.0488166809, 23.6989631653, 29.364988327, 17.5407104492, 10.2925577164, 14.5219707489, 8.57756996155, 8.60132312775, 12.6036682129, 8.38429355621, 8.09560680389, 5.33432435989, 3.24193930626, 3.88898038864, 3.28734731674, 1.51505959034, 1.12577712536, 0.416928946972, 0.0345025733113, 0.000859366031364],
        "median": [0.0295357815921, 0.554185032845, 0.89462184906, 1.6053981781, 5.77521371841, 7.23079681396, 6.66829967499, 4.46736097336, 1.04538214207, 0.831953644753, 1.86195635796, 4.04117107391, 4.92448091507, 5.64508056641, 6.9891371727, 5.19159698486, 9.72850322723, 11.405828476, 6.94907426834, 9.69004535675, 8.13831138611, 7.30321216583, 7.9029340744, 6.36175251007, 3.0601785183, 3.51956272125, 2.23565340042, 1.8675775528, 1.82163262367, 1.57073044777, 1.26931071281, 0.930134952068, 0.386265039444, 0.149488151073, 0.0935945063829, 0.0368797406554, 0.012602455914, 0.00214359047823, 0.000267685216386, 0.000102690493804],
        "min": [2.98323005188e-10, 1.01040065204e-09, 1.38349431911e-09, 2.74199485339e-09, 1.85160100585e-08, 1.77249113165e-08, 1.12243775163e-07, 2.23262333066e-08, 2.44502924573e-08, 4.50932340357e-08, 1.5001637621e-07, 4.98174529184e-07, 2.35313086705e-06, 1.35021457481e-06, 2.74691160485e-06, 1.37645179166e-06, 1.6881274405e-06, 2.51272035712e-06, 1.91641493075e-06, 2.33446235143e-06, 9.46780119193e-07, 4.52612539448e-07, 3.58574681059e-07, 4.19524781137e-07, 3.57922175453e-07, 2.31889842439e-07, 3.02175976685e-07, 2.77826813999e-07, 2.47217457172e-07, 2.73725987654e-07, 2.82917369532e-07, 2.39827727455e-07, 2.36284904531e-07, 1.53964734295e-07, 9.64615551879e-08, 5.02444770234e-08, 2.62085038116e-08, 8.71913385936e-09, 2.0850852156e-09, 1.96632404803e-10],
        "var": [3.94261407852, 24.6109333038, 45.5623931885, 58.7356910706, 1097.03027344, 935.481201172, 927.294677734, 554.402954102, 1144.83581543, 249.184997559, 905.935241699, 1910.8548584, 1706.38305664, 7196.78613281, 1218.09460449, 5547.01464844, 2361.89746094, 3966.38696289, 1271.47644043, 2115.90039062, 2044.7088623, 1634.6348877, 2980.18554688, 807.23638916, 477.889038086, 690.070678711, 278.865692139, 290.755981445, 1037.15234375, 372.205230713, 292.193756104, 125.484085083, 72.1722259521, 132.659591675, 114.131187439, 17.3273677826, 11.0252199173, 1.877648592, 0.0123465387151, 5.4729484873e-06]
    },
    "gfcc": {
        "mean": [-11.5869150162, 65.6962127686, -101.870178223, 34.8996276855, -39.4729881287, 17.157623291, -36.4039611816, -4.77211093903, -27.060174942, -8.12740421295, -16.154756546, 3.7253177166, -7.53192520142],
        "cov": [[9790.99804688, -2002.9942627, 427.992095947, 510.728942871, -89.3809509277, -44.1959533691, -337.651519775, 150.510360718, -241.655090332, 145.33392334, -422.665710449, 153.117767334, -367.036590576], [-2002.9942627, 4317.92919922, -243.747146606, 366.381134033, 334.834838867, 226.979858398, 404.941162109, 102.759605408, 634.735717773, -184.251800537, 364.043518066, -159.666305542, 432.074890137], [427.992095947, -243.747146606, 1096.59155273, 208.437606812, 161.394058228, 107.579330444, 75.614944458, -0.25732332468, -53.9356765747, 91.2157669067, -88.9178237915, 19.5908508301, -16.3125400543], [510.728942871, 366.381134033, 208.437606812, 902.914001465, 369.172607422, 332.517822266, 124.428092957, 57.2275505066, 83.2381057739, -49.5023345947, 57.4178390503, -11.7525548935, 59.2408561707], [-89.3809509277, 334.834838867, 161.394058228, 369.172607422, 604.826965332, 262.942230225, 208.571517944, 62.3527565002, 108.010940552, 4.1076169014, 78.2479476929, 37.596206665, 112.686256409], [-44.1959533691, 226.979858398, 107.579330444, 332.517822266, 262.942230225, 380.518585205, 181.949920654, 52.9313850403, 79.1121673584, 12.6117649078, 81.8147659302, 9.10653018951, 50.0936546326], [-337.651519775, 404.941162109, 75.614944458, 124.428092957, 208.571517944, 181.949920654, 284.272033691, 90.5942611694, 133.918563843, 33.1383934021, 110.911483765, 22.6598167419, 94.6345825195], [150.510360718, 102.759605408, -0.25732332468, 57.2275505066, 62.3527565002, 52.9313850403, 90.5942611694, 210.734146118, 144.309188843, 78.9347381592, 52.3280181885, 48.7077865601, 32.7811508179], [-241.655090332, 634.735717773, -53.9356765747, 83.2381057739, 108.010940552, 79.1121673584, 133.918563843, 144.309188843, 291.331451416, 62.8575782776, 132.785751343, 10.6454763412, 95.691368103], [145.33392334, -184.251800537, 91.2157669067, -49.5023345947, 4.1076169014, 12.6117649078, 33.1383934021, 78.9347381592, 62.8575782776, 179.496505737, 69.3137588501, 46.6620597839, -21.4717998505], [-422.665710449, 364.043518066, -88.9178237915, 57.4178390503, 78.2479476929, 81.8147659302, 110.911483765, 52.3280181885, 132.785751343, 69.3137588501, 217.623291016, 40.3082885742, 50.5104484558], [153.117767334, -159.666305542, 19.5908508301, -11.7525548935, 37.596206665, 9.10653018951, 22.6598167419, 48.7077865601, 10.6454763412, 46.6620597839, 40.3082885742, 106.13155365, 18.5301780701], [-367.036590576, 432.074890137, -16.3125400543, 59.2408561707, 112.686256409, 50.0936546326, 94.6345825195, 32.7811508179, 95.691368103, -21.4717998505, 50.5104484558, 18.5301780701, 148.89730835]],
        "icov": [[0.000147950631799, 7.24550727682e-06, 1.56705773406e-05, -0.000161020259839, 1.88708218047e-05, 2.75164766208e-05, 4.58191170765e-05, -4.13588495576e-05, -9.85911756288e-05, -0.000143239827594, 0.00039070963976, -0.000354549178155, 0.000320192368235], [7.24550727682e-06, 0.000587398419157, -7.58767564548e-05, -3.41367813235e-05, 4.88708283228e-05, 0.00011045095016, -0.000114461603516, 0.000172778600245, -0.000981066958047, 0.000814799568616, -0.000668599095661, 0.000946745451074, -0.000863852212206], [1.56705773406e-05, -7.58767564548e-05, 0.00127421622165, -0.000384953367757, -0.000120681143017, 3.32245217578e-05, -0.000643482257146, 0.000548790383618, 0.000243668400799, -0.00145298370626, 0.00136484892573, -0.000418079522206, 0.000142783392221], [-0.000161020259839, -3.41367813235e-05, -0.000384953367757, 0.0022407125216, -0.000780854839832, -0.0014920970425, 0.000962225429248, -0.000746113539208, 8.93006217666e-05, 0.00130179559346, -0.00106094602961, 0.000899635546375, -0.000207606615731], [1.88708218047e-05, 4.88708283228e-05, -0.000120681143017, -0.000780854839832, 0.00310759292915, -0.000834267237224, -0.00114247249439, 0.000471443694551, -0.000305600231513, -6.7486311309e-05, 0.000407464249292, -0.00092490419047, -0.00108313956298], [2.75164766208e-05, 0.00011045095016, 3.32245217578e-05, -0.0014920970425, -0.000834267237224, 0.00567213864997, -0.00268848310225, 0.000218907836825, 0.000111181921966, -0.000166201905813, -0.000495325424708, 0.000355430820491, 0.000756604596972], [4.58191170765e-05, -0.000114461603516, -0.000643482257146, 0.000962225429248, -0.00114247249439, -0.00268848310225, 0.00828772038221, -0.002287941752, 3.83673868782e-05, 0.000483002659166, -0.00231221690774, 0.000965380808339, -0.00229360372759], [-4.13588495576e-05, 0.000172778600245, 0.000548790383618, -0.000746113539208, 0.000471443694551, 0.000218907836825, -0.002287941752, 0.0104108927771, -0.00553805148229, -0.00254283449613, 0.00314370589331, -0.0040548928082, 0.0011159213027], [-9.85911756288e-05, -0.000981066958047, 0.000243668400799, 8.93006217666e-05, -0.000305600231513, 0.000111181921966, 3.83673868782e-05, -0.00553805148229, 0.0109548904002, -0.00237175030634, -0.00289871706627, 0.00279055396095, -0.00276254443452], [-0.000143239827594, 0.000814799568616, -0.00145298370626, 0.00130179559346, -6.7486311309e-05, -0.000166201905813, 0.000483002659166, -0.00254283449613, -0.00237175030634, 0.0116618908942, -0.00473318994045, -0.000465224729851, 0.00183470582124], [0.00039070963976, -0.000668599095661, 0.00136484892573, -0.00106094602961, 0.000407464249292, -0.000495325424708, -0.00231221690774, 0.00314370589331, -0.00289871706627, -0.00473318994045, 0.0115705216303, -0.00536767952144, 0.00203393492848], [-0.000354549178155, 0.000946745451074, -0.000418079522206, 0.000899635546375, -0.00092490419047, 0.000355430820491, 0.000965380808339, -0.0040548928082, 0.00279055396095, -0.000465224729851, -0.00536767952144, 0.0163652896881, -0.00524171162397], [0.000320192368235, -0.000863852212206, 0.000142783392221, -0.000207606615731, -0.00108313956298, 0.000756604596972, -0.00229360372759, 0.0011159213027, -0.00276254443452, 0.00183470582124, 0.00203393492848, -0.00524171162397, 0.0138898883015]]
    },
    "melbands": {
        "dmean": [0.00379049335606, 0.00166234513745, 0.000921050959732, 0.00101070001256, 0.000426454120316, 0.000206183292903, 0.00014445715351, 5.9183970734e-05, 5.412617611e-05, 7.53298372729e-05, 5.18639171787e-05, 4.48517093901e-05, 3.66385393136e-05, 3.83054175472e-05, 3.66898311768e-05, 6.23566666036e-05, 3.87224972656e-05, 2.32656584558e-05, 3.79464618163e-05, 2.82016735582e-05, 2.60766701103e-05, 2.25659568969e-05, 3.09274255414e-05, 2.27782493312e-05, 1.40834490594e-05, 9.4580482255e-06, 7.78978755989e-06, 1.19279839055e-05, 5.39433722224e-06, 8.31026500236e-06, 4.54111750514e-06, 7.24053052181e-06, 1.12221505333e-05, 3.51902531293e-06, 5.38510676051e-06, 4.07918332712e-06, 2.94572055282e-06, 2.56609382632e-06, 2.4617750114e-06, 5.08438188263e-06],
        "dmean2": [0.00415053498, 0.00255902693607, 0.0015146730002, 0.00157983973622, 0.000711490749381, 0.000345255015418, 0.000243427202804, 0.000100502460555, 8.3497405285e-05, 0.000121307894005, 8.44945534482e-05, 7.33538181521e-05, 5.57909152121e-05, 5.86837086303e-05, 6.13217416685e-05, 0.000108951790025, 6.24243039056e-05, 3.95138667955e-05, 6.32315786788e-05, 4.61637537228e-05, 4.35251386079e-05, 3.81658246624e-05, 5.17333173775e-05, 3.95301576646e-05, 2.40478275373e-05, 1.67259222508e-05, 1.35966020025e-05, 2.06817312574e-05, 9.38197990763e-06, 1.46960683196e-05, 7.62346508054e-06, 1.23611926028e-05, 1.94850435946e-05, 5.80221558266e-06, 8.80070092535e-06, 6.33478293821e-06, 4.58165914097e-06, 4.27920940638e-06, 4.01613078793e-06, 8.4689081632e-06],
        "dvar": [4.51739761047e-05, 1.26854884002e-05, 2.79314645013e-06, 2.68469466391e-06, 5.84261272252e-07, 2.14841534785e-07, 2.29669510077e-07, 2.28098269162e-08, 1.85082349446e-08, 4.75893919827e-08, 2.44334277255e-08, 2.21673133183e-08, 7.64984875445e-09, 8.45272563055e-09, 5.4753215295e-09, 2.11810764483e-08, 6.86401113725e-09, 2.64588173593e-09, 6.46563114159e-09, 2.50237452981e-09, 3.23811799596e-09, 1.79425541091e-09, 3.85160969785e-09, 1.92559612699e-09, 5.73907199541e-10, 4.02325978088e-10, 2.8376820338e-10, 4.56193277598e-10, 8.4462270511e-11, 3.48073014855e-10, 7.06744524015e-11, 2.49442549949e-10, 7.84769471629e-10, 4.09992838291e-11, 1.06424258295e-10, 6.75265954264e-11, 3.42219898253e-11, 3.70577978026e-11, 3.66383763606e-11, 1.75593831142e-10],
        "dvar2": [5.75510675844e-05, 3.16457517329e-05, 6.89515081831e-06, 6.11043560639e-06, 1.51569270201e-06, 5.40237749647e-07, 5.7848922097e-07, 5.84057886499e-08, 3.63498031675e-08, 1.07568986607e-07, 5.49846319586e-08, 4.97787482345e-08, 1.53021275651e-08, 1.69004774619e-08, 1.35553657188e-08, 5.93395590442e-08, 1.51477994592e-08, 6.93040691502e-09, 1.6478271192e-08, 6.13340578326e-09, 8.50981951572e-09, 4.70900118898e-09, 1.00238963796e-08, 5.15154097158e-09, 1.5040770851e-09, 1.08975650726e-09, 7.77960473819e-10, 1.20017784599e-09, 2.19784968003e-10, 9.35230559662e-10, 1.90737411976e-10, 6.624636395e-10, 2.07099870586e-09, 9.91063689448e-11, 2.2009175038e-10, 1.61709381996e-10, 8.1564303922e-11, 9.5711535919e-11, 8.84635212306e-11, 4.36269131932e-10],
        "max": [0.0632019340992, 0.0494633242488, 0.0189730394632, 0.0229491088539, 0.0154355792329, 0.0136389927939, 0.00828176178038, 0.0031855602283, 0.00353167182766, 0.00765222962946, 0.00816107261926, 0.00830392166972, 0.00397303840145, 0.00330526102334, 0.00205797306262, 0.00139132211916, 0.00316683761775, 0.00126086024102, 0.0015589207178, 0.001700263354, 0.00088345358381, 0.000534634571522, 0.000993698951788, 0.000362065213267, 0.000269220239716, 0.000373063667212, 0.0002321992215, 0.000145242942381, 5.62306740903e-05, 0.000150488514919, 0.000145032288856, 0.000261166365817, 0.000247794698225, 0.000183216383448, 0.000179772381671, 7.51381812734e-05, 3.88544394809e-05, 4.29121537309e-05, 3.98304327973e-05, 9.17956931517e-05],
        "mean": [0.00782311614603, 0.002576042898, 0.00127217220142, 0.00171390746254, 0.000715985137504, 0.000300278305076, 0.000164207391208, 6.6933913331e-05, 9.45990905166e-05, 0.000100982004369, 7.9632649431e-05, 7.89262558101e-05, 5.56826526008e-05, 6.67071217322e-05, 4.28306811955e-05, 6.32009105175e-05, 5.29098178959e-05, 2.5531884603e-05, 3.78314653062e-05, 3.25807195622e-05, 2.86810900434e-05, 2.2977224944e-05, 3.29688955389e-05, 2.00719241548e-05, 1.38881287057e-05, 7.42490419725e-06, 7.03589148543e-06, 1.07454779936e-05, 4.74129910799e-06, 6.22239713266e-06, 4.42544296675e-06, 6.19078991804e-06, 8.23957998364e-06, 3.22947630593e-06, 4.98911640534e-06, 3.88339412893e-06, 3.02604598801e-06, 2.1248054054e-06, 2.08587039197e-06, 3.96240920963e-06],
        "median": [0.000562757020816, 0.000704846461304, 0.000424903351814, 0.000498179113492, 0.000313146272674, 0.000117486852105, 1.19141113828e-05, 6.85517534293e-06, 1.54484732775e-05, 2.20176698349e-05, 2.2380021619e-05, 1.88590202015e-05, 1.98030465981e-05, 1.65538622241e-05, 1.56200185302e-05, 1.71317296918e-05, 1.85800872714e-05, 9.04017360881e-06, 9.61670775723e-06, 1.10047749331e-05, 8.08233198768e-06, 6.69543987897e-06, 8.64146932145e-06, 5.06513788423e-06, 4.72442661703e-06, 1.52780330609e-06, 2.00962358576e-06, 2.37286349147e-06, 1.33111393552e-06, 1.01303976408e-06, 1.02874923869e-06, 1.04764717435e-06, 7.43431883166e-07, 8.70837027378e-07, 7.43300802242e-07, 6.05828176958e-07, 5.36371601356e-07, 2.83581783833e-07, 1.63947362353e-07, 9.9398846487e-08],
        "min": [2.26441803676e-12, 9.34685163469e-13, 8.76941748384e-13, 1.60378730695e-12, 4.56374131194e-12, 5.13664252192e-13, 3.50501176477e-13, 5.4169066151e-13, 1.18162402606e-12, 4.49867270172e-12, 1.16014515703e-11, 4.49676363853e-12, 1.99199576105e-12, 4.57617537614e-12, 3.01668846153e-12, 1.67006599522e-12, 3.71407245237e-12, 2.74214331797e-12, 1.44619602752e-12, 1.1638917911e-12, 4.41685452318e-13, 3.33121171706e-13, 2.55025303176e-13, 3.40482931563e-13, 3.21978256774e-13, 1.44258438745e-13, 1.05493006908e-13, 1.14452189588e-13, 1.69836204562e-13, 1.45512345662e-13, 1.28091181867e-13, 1.11429298406e-13, 1.3318163304e-13, 1.43452903636e-13, 1.29646903564e-13, 9.24930908231e-14, 1.40693649764e-13, 1.55516550158e-13, 1.38137101042e-13, 1.27303874907e-13],
        "var": [0.000168579717865, 1.73395328602e-05, 4.03110243496e-06, 5.57688326808e-06, 1.02106491795e-06, 2.80874161263e-07, 2.45001814392e-07, 2.72324083284e-08, 5.57370967158e-08, 8.23958004048e-08, 4.41268355189e-08, 1.14263301043e-07, 1.94841351941e-08, 5.48011662715e-08, 7.31708293955e-09, 1.66397366996e-08, 1.62595910069e-08, 2.57150345462e-09, 6.4769860586e-09, 2.99365754408e-09, 3.78773412635e-09, 1.78075010293e-09, 4.00442967674e-09, 1.49767709345e-09, 5.22135945591e-10, 2.90496904309e-10, 2.17597398433e-10, 3.9308994948e-10, 6.96285529234e-11, 2.47915549201e-10, 7.24170168276e-11, 2.13698697626e-10, 5.73863401243e-10, 4.06407754672e-11, 1.1706691172e-10, 7.07614800088e-11, 3.82293259549e-11, 3.02383847128e-11, 3.27116944643e-11, 1.45685380426e-10]
    },
    "mfcc": {
        "mean": [-663.534301758, 100.865638733, 4.41527223587, 25.3428707123, 17.3801136017, 19.7453594208, 2.80779051781, 10.034318924, -5.67575073242, -4.23315525055, -9.44521999359, -4.34138774872, -9.98560619354],
        "cov": [[7993.53759766, -388.09362793, -416.827178955, 130.63180542, 19.4283466339, -192.685791016, -234.643554688, -74.6016311646, -23.9012813568, -57.2350730896, 3.50325918198, -38.1461372375, 178.290100098], [-388.09362793, 2618.27636719, 98.1133880615, 306.954711914, 244.422424316, 225.089508057, 25.0728931427, 274.891387939, 209.488220215, 268.927154541, 38.2104187012, 161.314849854, -46.5715827942], [-416.827178955, 98.1133880615, 756.784790039, 127.010116577, 49.0689239502, 106.767326355, 73.7875671387, -21.3117790222, 57.7881164551, 45.6797790527, 25.3093414307, -34.6360473633, -12.9574050903], [130.63180542, 306.954711914, 127.010116577, 420.34197998, 266.205413818, 171.12310791, 102.697540283, 125.589729309, 101.696334839, 50.4305992126, 30.1114959717, 65.1772994995, 18.4328937531], [19.4283466339, 244.422424316, 49.0689239502, 266.205413818, 406.044494629, 238.753829956, 136.15814209, 134.700973511, 114.665786743, 39.8994598389, 44.2942047119, 67.4059371948, -0.979806661606], [-192.685791016, 225.089508057, 106.767326355, 171.12310791, 238.753829956, 352.412353516, 201.137252808, 131.472335815, 76.7675018311, 53.0563583374, 51.3970527649, 50.3139190674, 3.93282651901], [-234.643554688, 25.0728931427, 73.7875671387, 102.697540283, 136.15814209, 201.137252808, 237.923080444, 102.844528198, 54.7117500305, 18.6069717407, 43.8137512207, 46.3774108887, 30.0693283081], [-74.6016311646, 274.891387939, -21.3117790222, 125.589729309, 134.700973511, 131.472335815, 102.844528198, 215.836029053, 100.704170227, 64.9525299072, 38.6815490723, 71.0254821777, 48.8069877625], [-23.9012813568, 209.488220215, 57.7881164551, 101.696334839, 114.665786743, 76.7675018311, 54.7117500305, 100.704170227, 189.86328125, 79.9938278198, 32.7835273743, 15.3192901611, 35.8156967163], [-57.2350730896, 268.927154541, 45.6797790527, 50.4305992126, 39.8994598389, 53.0563583374, 18.6069717407, 64.9525299072, 79.9938278198, 193.038101196, 83.020111084, 34.5668144226, 30.0449771881], [3.50325918198, 38.2104187012, 25.3093414307, 30.1114959717, 44.2942047119, 51.3970527649, 43.8137512207, 38.6815490723, 32.7835273743, 83.020111084, 158.439163208, 84.7682037354, 34.704536438], [-38.1461372375, 161.314849854, -34.6360473633, 65.1772994995, 67.4059371948, 50.3139190674, 46.3774108887, 71.0254821777, 15.3192901611, 34.5668144226, 84.7682037354, 184.357772827, 75.5047607422], [178.290100098, -46.5715827942, -12.9574050903, 18.4328937531, -0.979806661606, 3.93282651901, 30.0693283081, 48.8069877625, 35.8156967163, 30.0449771881, 34.704536438, 75.5047607422, 176.045959473]],
