{
"lowlevel": {
    "average_loudness": 0.952586174011,
    "barkbands_crest": {
        "dmean": 2.65757799149,
        "dmean2": 3.911434412,
        "dvar": 7.20366573334,
        "dvar2": 14.1127462387,
        "max": 26.1716575623,
        "mean": 13.9332103729,
        "median": 13.4859962463,
        "min": 2.18452119827,
        "var": 29.4041213989
    },
    "barkbands_flatness_db": {
        "dmean": 0.0281373783946,
        "dmean2": 0.0373671203852,
        "dvar": 0.000877194746863,
        "dvar2": 0.00149791594595,
        "max": 0.509731650352,
        "mean": 0.183259561658,
        "median": 0.181413859129,
        "min": 0.0226776730269,
        "var": 0.00476756086573
    },
    "barkbands_kurtosis": {
        "dmean": 6.74175834656,
        "dmean2": 9.86058807373,
        "dvar": 169.70425415,
        "dvar2": 362.067230225,
        "max": 306.140869141,
        "mean": 11.7534542084,
        "median": 5.78674173355,
        "min": -1.95982432365,
        "var": 361.877471924
    },
    "barkbands_skewness": {
        "dmean": 0.763957858086,
        "dmean2": 1.07855904102,
        "dvar": 0.749284505844,
        "dvar2": 1.4863550663,
        "max": 15.1372728348,
        "mean": 2.45464682579,
        "median": 2.29271459579,
        "min": -5.78901815414,
        "var": 3.67620515823
    },
    "barkbands_spread": {
        "dmean": 6.78064966202,
        "dmean2": 9.71656703949,
        "dvar": 68.3202362061,
        "dvar2": 138.222579956,
        "max": 120.643013,
        "mean": 22.2889575958,
        "median": 17.4966812134,
        "min": 0.33941218257,
        "var": 334.001983643
    },
    "dissonance": {
        "dmean": 0.023138884455,
        "dmean2": 0.038630168885,
        "dvar": 0.000575795711484,
        "dvar2": 0.00154072383884,
        "max": 0.499999880791,
        "mean": 0.456007540226,
        "median": 0.463800430298,
        "min": 0.20241998136,
        "var": 0.00110607850365
    },
    "dynamic_complexity": 3.07838630676,
    "erbbands_crest": {
        "dmean": 2.27202343941,
        "dmean2": 3.65499806404,
        "dvar": 4.63071489334,
        "dvar2": 11.4042310715,
        "max": 24.4009571075,
        "mean": 8.22764396667,
        "median": 7.43870544434,
        "min": 1.80974137783,
        "var": 12.7084379196
    },
    "erbbands_flatness_db": {
        "dmean": 0.0193230044097,
        "dmean2": 0.0281696412712,
        "dvar": 0.000400021614041,
        "dvar2": 0.000818641972728,
        "max": 0.338564008474,
        "mean": 0.142307236791,
        "median": 0.135217100382,
        "min": 0.0220048986375,
        "var": 0.00242990721017
    },
    "erbbands_kurtosis": {
        "dmean": 1.01947915554,
        "dmean2": 1.6150945425,
        "dvar": 2.02834272385,
        "dvar2": 4.76090097427,
        "max": 32.8181686401,
        "mean": 0.510783553123,
        "median": -0.219196796417,
        "min": -1.8979473114,
        "var": 5.31166028976
    },
    "erbbands_skewness": {
        "dmean": 0.410082101822,
        "dmean2": 0.61097496748,
        "dvar": 0.157759025693,
        "dvar2": 0.330864042044,
        "max": 4.35849761963,
        "mean": 0.396312177181,
        "median": 0.396848350763,
        "min": -4.9372420311,
        "var": 0.645864367485
    },
    "erbbands_spread": {
        "dmean": 12.5423002243,
        "dmean2": 18.9814834595,
        "dvar": 173.634567261,
        "dvar2": 384.202606201,
        "max": 190.722824097,
        "mean": 55.3754501343,
        "median": 49.0851593018,
        "min": 4.46579790115,
        "var": 982.073547363
    },
    "hfc": {
        "dmean": 8.50469875336,
        "dmean2": 11.9290962219,
        "dvar": 510.353210449,
        "dvar2": 946.502380371,
        "max": 318.090423584,
        "mean": 14.5431337357,
        "median": 7.55677938461,
        "min": 1.20510540545e-16,
        "var": 746.403930664
    },
    "melbands_crest": {
        "dmean": 2.75415730476,
        "dmean2": 4.17438173294,
        "dvar": 7.87556171417,
        "dvar2": 17.5138759613,
        "max": 36.5683517456,
        "mean": 18.3284320831,
        "median": 18.7189617157,
        "min": 2.23148798943,
        "var": 33.0150566101
    },
    "melbands_flatness_db": {
        "dmean": 0.0342083163559,
        "dmean2": 0.0439020097256,
        "dvar": 0.00132583070081,
        "dvar2": 0.00218916079029,
        "max": 0.654618501663,
        "mean": 0.26117259264,
        "median": 0.261228203773,
        "min": 0.00776497879997,
        "var": 0.00752368336543
    },
    "melbands_kurtosis": {
        "dmean": 16.5288257599,
        "dmean2": 24.5869216919,
        "dvar": 718.45892334,
        "dvar2": 1493.61413574,
        "max": 452.602142334,
        "mean": 36.5974388123,
        "median": 21.7586212158,
        "min": -1.81628680229,
        "var": 1945.46606445
    },
    "melbands_skewness": {
        "dmean": 1.05015516281,
        "dmean2": 1.53358912468,
        "dvar": 1.34349727631,
        "dvar2": 2.80938434601,
        "max": 17.6529407501,
        "mean": 4.20634889603,
        "median": 3.86208343506,
        "min": -3.48255777359,
        "var": 6.40676212311
    },
    "melbands_spread": {
        "dmean": 6.74809026718,
        "dmean2": 9.02642059326,
        "dvar": 120.146362305,
        "dvar2": 221.525665283,
        "max": 214.764419556,
        "mean": 19.1708908081,
        "median": 11.3421239853,
        "min": 0.484755516052,
        "var": 556.653808594
    },
    "pitch_salience": {
        "dmean": 0.0773035660386,
        "dmean2": 0.115997001529,
        "dvar": 0.00621153274551,
        "dvar2": 0.0137670077384,
        "max": 0.954040229321,
        "mean": 0.448463588953,
        "median": 0.44684946537,
        "min": 0.0774686411023,
        "var": 0.0170161090791
    },
    "silence_rate_20dB": {
        "dmean": 0,
        "dmean2": 0,
        "dvar": 0,
        "dvar2": 0,
        "max": 1,
        "mean": 1,
        "median": 1,
        "min": 1,
        "var": 0
    },
    "silence_rate_30dB": {
        "dmean": 0.0336861498654,
        "dmean2": 0.0673784986138,
        "dvar": 0.0325483083725,
        "dvar2": 0.0860269144177,
        "max": 1,
        "mean": 0.977268517017,
        "median": 1,
        "min": 0,
        "var": 0.0222159773111
    },
    "silence_rate_60dB": {
        "dmean": 0.00717901531607,
        "dmean2": 0.0143593521789,
        "dvar": 0.00712920259684,
        "dvar2": 0.0167307574302,
        "max": 1,
        "mean": 0.0415976457298,
        "median": 0,
        "min": 0,
        "var": 0.0398631729186
    },
    "spectral_centroid": {
        "dmean": 294.499206543,
        "dmean2": 399.945739746,
        "dvar": 107264.859375,
        "dvar2": 180988.796875,
        "max": 11102.03125,
        "mean": 1171.03564453,
        "median": 970.155883789,
        "min": 147.001464844,
        "var": 633422.9375
    },
    "spectral_complexity": {
        "dmean": 3.32167506218,
        "dmean2": 4.68151712418,
        "dvar": 32.4967193604,
        "dvar2": 41.459148407,
        "max": 65,
        "mean": 11.3009386063,
        "median": 9,
        "min": 0,
        "var": 102.298370361
    },
    "spectral_decrease": {
        "dmean": 2.44278242079e-09,
        "dmean2": 3.4753551148e-09,
        "dvar": 2.28369528982e-17,
        "dvar2": 4.2196144025e-17,
        "max": 9.69356712382e-29,
        "mean": -6.43099840048e-09,
        "median": -4.16874890163e-09,
        "min": -4.28826503196e-08,
        "var": 4.61313499101e-17
    },
    "spectral_energy": {
        "dmean": 0.00985347200185,
        "dmean2": 0.0139514543116,
        "dvar": 0.000356827775249,
        "dvar2": 0.000662658363581,
        "max": 0.163753241301,
        "mean": 0.0255911201239,
        "median": 0.0166589915752,
        "min": 1.05648057135e-20,
        "var": 0.000704959384166
    },
    "spectral_energyband_high": {
        "dmean": 0.000600910861976,
        "dmean2": 0.000839766347781,
        "dvar": 3.66261633644e-06,
        "dvar2": 6.9319225986e-06,
        "max": 0.0330646373332,
        "mean": 0.000829272554256,
        "median": 0.000224762756261,
        "min": 7.78252071527e-21,
        "var": 5.27334486833e-06
    },
    "spectral_energyband_low": {
        "dmean": 0.00577780324966,
        "dmean2": 0.00802258122712,
        "dvar": 0.000200869792025,
        "dvar2": 0.00036017189268,
        "max": 0.144076481462,
        "mean": 0.015188713558,
        "median": 0.00787764415145,
        "min": 1.25489998562e-22,
        "var": 0.000423130259151
    },
    "spectral_energyband_middle_high": {
        "dmean": 0.00152737705503,
        "dmean2": 0.00216485210694,
        "dvar": 1.69299237314e-05,
        "dvar2": 2.87433213089e-05,
        "max": 0.0486703999341,
        "mean": 0.00257182307541,
        "median": 0.000711690518074,
        "min": 1.29819746837e-21,
        "var": 2.98350205412e-05
    },
    "spectral_energyband_middle_low": {
        "dmean": 0.00544948037714,
        "dmean2": 0.00909825693816,
        "dvar": 0.000162424505106,
        "dvar2": 0.000440761417849,
        "max": 0.10347879678,
        "mean": 0.00779531663284,
        "median": 0.00477630272508,
        "min": 3.9761426998e-22,
        "var": 0.000125120233861
    },
    "spectral_entropy": {
        "dmean": 0.248832598329,
        "dmean2": 0.352944880724,
        "dvar": 0.0747673362494,
        "dvar2": 0.139522492886,
        "max": 9.79571723938,
        "mean": 7.39951896667,
        "median": 7.39563417435,
        "min": 5.34237337112,
        "var": 0.295654445887
    },
    "spectral_flux": {
        "dmean": 0.0306221526116,
        "dmean2": 0.0445452667773,
        "dvar": 0.00221925438382,
        "dvar2": 0.00373225985095,
        "max": 0.427073061466,
        "mean": 0.0712243393064,
        "median": 0.0445035770535,
        "min": 1.02785238654e-10,
        "var": 0.00463595567271
    },
    "spectral_kurtosis": {
        "dmean": 1.9406825304,
        "dmean2": 3.09473276138,
        "dvar": 9.13432025909,
        "dvar2": 22.657207489,
        "max": 105.878814697,
        "mean": 4.09511899948,
        "median": 2.9430539608,
        "min": -1.21325659752,
        "var": 19.0959815979
    },
    "spectral_rms": {
        "dmean": 0.000820482498966,
        "dmean2": 0.001133164973,
        "dvar": 1.69496786384e-06,
        "dvar2": 2.98747977467e-06,
        "max": 0.0126395914704,
        "mean": 0.00449327891693,
        "median": 0.00403146073222,
        "min": 3.21047160211e-12,
        "var": 4.77756293549e-06
    },
    "spectral_rolloff": {
        "dmean": 503.349365234,
        "dmean2": 783.904174805,
        "dvar": 1233105.25,
        "dvar2": 2680765,
        "max": 19164.5507812,
        "mean": 1364.26953125,
        "median": 430.6640625,
        "min": 21.533203125,
        "var": 5963960.5
    },
    "spectral_skewness": {
        "dmean": 0.292087942362,
        "dmean2": 0.4386947155,
        "dvar": 0.123308956623,
        "dvar2": 0.276888132095,
        "max": 8.24669456482,
        "mean": 1.57771658897,
        "median": 1.47690320015,
        "min": -0.0835814997554,
        "var": 0.358582377434
    },
    "spectral_spread": {
        "dmean": 818860.3125,
        "dmean2": 1192530.875,
        "dvar": 911403319296,
        "dvar2": 1.87064608358e+12,
        "max": 41806348,
        "mean": 5814871.5,
        "median": 5222563,
        "min": 748487.4375,
        "var": 6.8414645207e+12
    },
    "spectral_strongpeak": {
        "dmean": 0.220215156674,
        "dmean2": 0.371719956398,
        "dvar": 0.443390011787,
        "dvar2": 1.18955457211,
        "max": 15.8477115631,
        "mean": 0.439986735582,
        "median": 0.270957112312,
        "min": 0,
        "var": 0.468487977982
    },
    "zerocrossingrate": {
        "dmean": 0.0134248808026,
        "dmean2": 0.0149280847982,
        "dvar": 0.00023153416987,
        "dvar2": 0.000273942190688,
        "max": 0.50048828125,
        "mean": 0.0625045821071,
        "median": 0.04296875,
        "min": 0.00244140625,
        "var": 0.00427918229252
    },
    "barkbands": {
        "dmean": [6.47894339636e-05, 0.00491240341216, 0.00224475911818, 0.00220301002264, 0.00168143655173, 0.00108831666876, 0.000399026233936, 0.000433727167547, 0.000543984700926, 0.000219972862396, 0.000164126948221, 0.000226220057812, 0.000187539000763, 0.000191249753698, 0.000385935243685, 0.000192167935893, 0.000147183483932, 0.000156578229507, 0.000212532555452, 0.000139225900057, 0.000118942160043, 0.000112763882498, 0.00011345056555, 0.000107876701804, 8.07955948403e-05, 5.56237937417e-05, 8.77866114024e-06],
        "dmean2": [9.37760269153e-05, 0.00711442669854, 0.00404230505228, 0.0041161570698, 0.00271011586301, 0.00188029150013, 0.000702175777406, 0.000732828513719, 0.000810176599771, 0.000360646197805, 0.000248703901889, 0.000362481485354, 0.000277353945421, 0.0002831768943, 0.000652370043099, 0.000278793886537, 0.000214438347029, 0.000240752226091, 0.00031103688525, 0.000203872157726, 0.000164147641044, 0.000165305784321, 0.000161834454047, 0.000163780758157, 0.000120961842185, 8.56990955072e-05, 1.39036792461e-05],
        "dvar": [2.6190848601e-08, 0.000179266935447, 6.90156157361e-05, 6.18087433395e-05, 1.03059037428e-05, 8.85978442966e-06, 1.0874733789e-06, 8.81738515091e-07, 1.55486418407e-06, 2.45761327733e-07, 1.97930944523e-07, 8.10300775811e-07, 3.35615396807e-07, 2.50897272736e-07, 2.88120304504e-06, 2.4456085157e-07, 2.01291399549e-07, 3.04355438629e-07, 5.83074211136e-07, 2.11985607734e-07, 1.74425366595e-07, 1.5391809427e-07, 1.57021375458e-07, 1.27920472437e-07, 5.19825213985e-08, 2.91482518122e-08, 1.07227315915e-09],
        "dvar2": [6.42835757958e-08, 0.000381377787562, 0.00019184636767, 0.000181079827598, 2.48374017247e-05, 2.47994685196e-05, 3.03929095935e-06, 2.38987786361e-06, 3.08325275e-06, 5.82699556162e-07, 4.21338427259e-07, 2.02639421332e-06, 6.12145640844e-07, 4.54428800367e-07, 8.03740658739e-06, 5.10143024712e-07, 4.07135615887e-07, 7.05027332515e-07, 1.21057701108e-06, 3.5190484482e-07, 2.86536504746e-07, 3.3938465549e-07, 3.28624309986e-07, 2.92260295964e-07, 1.16903720482e-07, 6.89842707402e-08, 2.85582135717e-09],
        "max": [0.00395757611841, 0.137258440256, 0.0682460442185, 0.063372567296, 0.0375131294131, 0.0297171063721, 0.00891191419214, 0.0125871095806, 0.0294093955308, 0.00875800196081, 0.0117079541087, 0.0332355089486, 0.0144975138828, 0.0163884088397, 0.0189349334687, 0.00648047588766, 0.00747771887109, 0.00890367943794, 0.0110317058861, 0.0063293306157, 0.00546212960035, 0.00988120865077, 0.0120423603803, 0.0109398560598, 0.00468489667401, 0.00350628839806, 0.000914162315894],
        "mean": [0.000277650513453, 0.0124387275428, 0.00173949752934, 0.00178396212868, 0.00259249121882, 0.00140531046782, 0.000403512589401, 0.000526397372596, 0.000938012090046, 0.000291455420665, 0.000259718479356, 0.000307526846882, 0.00025433889823, 0.000304279907141, 0.000344350468367, 0.000232033911743, 0.000178010159289, 0.000164458135259, 0.000230147474213, 0.000184136340977, 0.000140846590512, 0.000127516585053, 0.000143966346513, 0.000143299272167, 0.000103096550447, 6.54390314594e-05, 1.09788106784e-05],
        "median": [9.39963356359e-05, 0.00658115837723, 0.000191911356524, 0.000307568494463, 0.00156143028289, 0.000599954277277, 9.98041432467e-05, 0.000156386115123, 0.000139099633088, 5.10504542035e-05, 5.57763996767e-05, 3.55186457455e-05, 3.62421560567e-05, 5.7783563534e-05, 3.26338486047e-05, 5.42699490325e-05, 2.36078740272e-05, 1.86888300959e-05, 2.49986769632e-05, 3.98040137952e-05, 1.51472968355e-05, 2.26930987992e-05, 4.25703728979e-05, 4.39090581494e-05, 1.36731368912e-05, 1.951862032e-06, 1.21759313743e-07],
        "min": [7.16932567883e-24, 6.7964330222e-23, 2.73833183953e-23, 3.83498670621e-23, 1.37190459239e-22, 2.65297519632e-23, 6.05368009025e-23, 2.5490260482e-23, 5.91387563628e-23, 8.04267611135e-23, 7.00006957627e-23, 1.86665177264e-22, 1.35078937342e-22, 8.26376605518e-23, 5.7259437251e-23, 6.62740916029e-23, 7.65097448639e-23, 1.96974756258e-22, 2.74533389514e-22, 2.39768201068e-22, 4.38656443581e-22, 6.23123778633e-22, 5.44726706141e-22, 8.13398745533e-22, 1.25367481522e-21, 1.48962465182e-21, 2.68046827366e-21],
        "var": [2.60235310634e-07, 0.000297442980809, 4.36197879026e-05, 3.42849671142e-05, 1.16679584607e-05, 6.52287781122e-06, 7.64637889006e-07, 8.93349636044e-07, 3.98457950723e-06, 4.74172708209e-07, 4.45435915708e-07, 1.02384342426e-06, 5.88151237935e-07, 7.75353555582e-07, 2.05441847356e-06, 3.2698400787e-07, 2.79342572185e-07, 3.23475120467e-07, 6.96456368132e-07, 3.20572098644e-07, 2.65583025794e-07, 1.82405131e-07, 2.13421273543e-07, 1.57221876407e-07, 7.25359399212e-08, 3.57797595996e-08, 1.22851306905e-09]
    },
    "erbbands": {
        "dmean": [0.111610680819, 1.22165942192, 2.32780861855, 5.34105443954, 7.19743204117, 5.93348789215, 7.63576936722, 8.23196697235, 5.29266548157, 8.51097106934, 9.44472026825, 11.8004684448, 7.58288860321, 7.22937345505, 6.78776168823, 8.81310749054, 7.38791799545, 9.51238822937, 13.8953075409, 14.026799202, 9.36089038849, 8.07957077026, 8.35437583923, 13.3522186279, 7.26419496536, 6.41911649704, 5.57273578644, 4.29819583893, 3.71088862419, 4.08929157257, 3.01310634613, 2.14668750763, 2.06613707542, 0.97037678957, 0.599360227585, 0.283148884773, 0.101846762002, 0.0142510198057, 0.00148705393076, 7.82901770435e-05],
        "dmean2": [0.15387378633, 1.7648832798, 3.76140165329, 9.96135520935, 12.449836731, 9.72837352753, 12.8823137283, 14.3419589996, 9.07109737396, 15.208024025, 14.979013443, 17.4362869263, 11.8306150436, 11.8780736923, 10.2467479706, 13.6632814407, 10.6979436874, 13.7280139923, 23.3005771637, 22.1083946228, 13.1901473999, 11.8583335876, 12.5305528641, 20.570186615, 10.3952970505, 9.51529026031, 7.77505779266, 5.7818107605, 5.43395996094, 5.83514976501, 4.32523775101, 3.23784041405, 3.18975448608, 1.45614182949, 0.894956886768, 0.427577376366, 0.160813599825, 0.0222695078701, 0.00232255924493, 0.000121802200738],
        "dvar": [0.0750072896481, 11.7544269562, 57.0832481384, 402.299163818, 360.407012939, 108.482467651, 323.173370361, 490.32434082, 143.851150513, 608.221740723, 360.641784668, 862.376098633, 332.298095703, 361.894287109, 740.435852051, 676.847473145, 504.173828125, 665.409423828, 2718.75976562, 2748.12280273, 656.761230469, 594.94140625, 784.508911133, 2615.16137695, 592.853759766, 452.55065918, 394.386230469, 217.493438721, 186.695571899, 229.588729858, 82.0995330811, 46.9081459045, 52.8383522034, 7.66795921326, 3.2126262188, 0.81597006321, 0.120682902634, 0.00196619611233, 3.2048275898e-05, 1.55051097295e-07],
        "dvar2": [0.15868999064, 24.7898216248, 145.472793579, 1162.6151123, 1028.06335449, 244.776275635, 887.134033203, 1372.6739502, 383.48828125, 1735.91955566, 830.833374023, 1743.62365723, 691.319030762, 920.282836914, 1636.29199219, 1506.59790039, 911.712097168, 1094.70300293, 7426.14794922, 6818.28710938, 1200.88562012, 1224.14404297, 1732.77526855, 6179.13525391, 1057.59094238, 722.874145508, 661.942565918, 383.154968262, 419.419006348, 470.482452393, 169.662368774, 110.553741455, 120.231117249, 18.0842723846, 6.92897701263, 1.86510884762, 0.297788769007, 0.00518964324147, 8.40742359287e-05, 4.2105196485e-07],
        "max": [4.50093889236, 34.5295295715, 75.7704849243, 158.835327148, 174.157943726, 115.888198853, 189.585388184, 207.88192749, 124.639053345, 254.398544312, 261.707427979, 809.384277344, 481.65322876, 398.720825195, 1249.41625977, 645.199584961, 734.805541992, 838.965881348, 579.343322754, 632.846008301, 344.98815918, 403.769989014, 476.70703125, 766.641784668, 374.675445557, 304.60824585, 270.991333008, 250.637084961, 248.864364624, 502.076293945, 223.356399536, 152.859771729, 221.265930176, 65.7979812622, 38.6831321716, 20.2140655518, 8.05669879913, 1.58121740818, 0.129945829511, 0.0162496026605],
        "mean": [0.375358581543, 2.68114280701, 2.61857700348, 4.04031944275, 7.88587188721, 8.50997447968, 11.2209224701, 10.3702745438, 6.12840175629, 8.54053592682, 14.3367195129, 19.827917099, 13.3500452042, 9.53252220154, 10.340675354, 13.0405063629, 11.2480583191, 16.6025524139, 15.3749237061, 15.8547420502, 11.9621639252, 9.78319740295, 9.24043178558, 13.0585718155, 9.12677097321, 8.71721172333, 6.46857738495, 5.02380847931, 3.92897176743, 5.24454450607, 3.92897748947, 2.70539689064, 2.68473696709, 1.26559579372, 0.728579699993, 0.322712868452, 0.114930257201, 0.0181034691632, 0.0018753312761, 0.000110958782898],
        "median": [0.206356704235, 1.33801817894, 0.776984632015, 0.71490842104, 3.27179098129, 4.63316965103, 6.36250972748, 3.72057414055, 1.87082648277, 2.27686667442, 4.11051464081, 3.08788824081, 2.5566444397, 2.35697555542, 1.75789785385, 1.75484037399, 1.87401413918, 2.95080471039, 2.84789848328, 2.93584537506, 2.6695151329, 1.44555151463, 1.31642830372, 1.10022211075, 1.6204264164, 1.89206409454, 0.94935631752, 0.621889412403, 0.646691799164, 1.11555027962, 1.36478447914, 0.78969347477, 0.740445077419, 0.22628813982, 0.0694005638361, 0.0142531590536, 0.00266458513215, 0.000358741730452, 4.25658799941e-05, 3.44785221387e-05],
        "min": [1.65232922039e-21, 1.600033715e-20, 3.00393612129e-20, 1.05809001925e-19, 3.62000162996e-19, 2.85663722618e-19, 4.51455532792e-19, 2.71861412766e-19, 9.0276444782e-19, 6.13401883696e-19, 5.05267353951e-19, 1.46321539858e-18, 2.78743384857e-18, 2.11810680064e-18, 4.97403099713e-18, 6.13995075592e-18, 7.11844338203e-18, 4.35608489335e-18, 3.54996595355e-18, 2.96837195614e-18, 3.62283394807e-18, 5.32533088097e-18, 9.8297486969e-18, 1.40185160454e-17, 1.14913833211e-17, 1.20104747243e-17, 1.95491812786e-17, 1.73813758124e-17, 2.19968765399e-17, 1.50873376216e-17, 1.69321935787e-17, 1.54505575917e-17, 1.36253306305e-17, 8.44767547711e-18, 1.1694399086e-17, 6.51899345033e-18, 2.72787229497e-18, 9.70553449983e-19, 3.88625840293e-19, 4.4662786763e-20],
        "var": [0.199567079544, 17.6288414001, 48.4729957581, 226.972869873, 253.148635864, 134.884872437, 262.311431885, 401.96572876, 124.380249023, 403.04397583, 726.683837891, 2071.14697266, 1039.2677002, 492.969360352, 1082.84191895, 1388.67297363, 954.148986816, 2502.77368164, 2256.98999023, 2703.52099609, 1010.74395752, 789.852172852, 894.061950684, 2599.50756836, 844.153320312, 708.209228516, 565.181945801, 324.312072754, 209.118621826, 336.580963135, 110.669837952, 50.7345733643, 66.7902755737, 10.30240345, 4.46174764633, 0.952160477638, 0.144243463874, 0.00286192377098, 3.60623635061e-05, 1.24803037238e-07]
    },
    "gfcc": {
        "mean": [-40.6899986267, 86.78881073, -84.3310928345, 43.0175933838, -55.8063354492, 21.3878650665, -39.5118713379, 9.68334960938, -14.7206497192, 0.187394768, -8.5050239563, -2.90267348289, -0.441190183163],
        "cov": [[8459.99414062, 387.362213135, -488.603363037, 170.962753296, 226.670471191, 243.84942627, 23.6157093048, 120.387298584, -140.074432373, 189.746322632, -81.3551101685, 146.112915039, -290.156188965], [387.362213135, 3439.32592773, -728.804992676, 93.2835464478, 361.062774658, 269.955993652, 611.951843262, 284.251159668, 385.246490479, -217.464355469, 630.502502441, -241.525177002, -44.5070533752], [-488.603363037, -728.804992676, 1529.63806152, 154.847335815, -81.1101608276, -64.5534896851, -239.331542969, -57.2128219604, 79.5399093628, 111.610549927, -275.421020508, -5.91115379333, 20.3874530792], [170.962753296, 93.2835464478, 154.847335815, 402.623931885, 103.02191925, 83.1790466309, -8.35521411896, 51.5144386292, 88.6843414307, 24.0092124939, 17.2748622894, 17.2352180481, 33.4025344849], [226.670471191, 361.062774658, -81.1101608276, 103.02191925, 306.225219727, 92.2538452148, 131.967208862, 37.6445426941, 62.5907058716, 30.4600296021, 100.736068726, 11.8538970947, -5.43178939819], [243.84942627, 269.955993652, -64.5534896851, 83.1790466309, 92.2538452148, 381.45690918, 164.147201538, 62.5542526245, 17.6181850433, 42.5238990784, 127.457557678, -4.62401866913, -50.4347801208], [23.6157093048, 611.951843262, -239.331542969, -8.35521411896, 131.967208862, 164.147201538, 339.998596191, 97.4867935181, 49.2294006348, -8.44453907013, 176.282302856, 17.6314964294, -28.3078384399], [120.387298584, 284.251159668, -57.2128219604, 51.5144386292, 37.6445426941, 62.5542526245, 97.4867935181, 205.049606323, 108.368881226, 4.03651475906, 65.0559768677, -3.25570130348, 1.87610971928], [-140.074432373, 385.246490479, 79.5399093628, 88.6843414307, 62.5907058716, 17.6181850433, 49.2294006348, 108.368881226, 206.90184021, 26.6803131104, 61.9679260254, -53.0807762146, 12.3786458969], [189.746322632, -217.464355469, 111.610549927, 24.0092124939, 30.4600296021, 42.5238990784, -8.44453907013, 4.03651475906, 26.6803131104, 166.517410278, -35.7604827881, 24.2141304016, -28.18816185], [-81.3551101685, 630.502502441, -275.421020508, 17.2748622894, 100.736068726, 127.457557678, 176.282302856, 65.0559768677, 61.9679260254, -35.7604827881, 234.748825073, -10.7578849792, -6.61288833618], [146.112915039, -241.525177002, -5.91115379333, 17.2352180481, 11.8538970947, -4.62401866913, 17.6314964294, -3.25570130348, -53.0807762146, 24.2141304016, -10.7578849792, 155.97819519, 35.667049408], [-290.156188965, -44.5070533752, 20.3874530792, 33.4025344849, -5.43178939819, -50.4347801208, -28.3078384399, 1.87610971928, 12.3786458969, -28.18816185, -6.61288833618, 35.667049408, 134.836807251]],
        "icov": [[0.000171464387677, -0.000146642400068, 8.48786730785e-05, -7.09753221599e-05, -0.000111542292871, -0.000109376502223, 0.000246121839155, -0.000199990085093, 0.000264292000793, -0.000204666226637, 0.000430136482464, -0.00033843217534, 0.000377937103622], [-0.000146642400068, 0.00110155285802, -1.45501589941e-05, -2.62103185378e-05, -0.000155704488861, 0.000325960019836, -0.00105927966069, 0.000229231081903, -0.00121795583982, 0.00108338904101, -0.00186031428166, 0.001315714675, -0.000154160676175], [8.48786730785e-05, -1.45501589941e-05, 0.00105441990308, -0.000258831481915, 3.33091848006e-05, -0.000381950725568, 0.000231194135267, 0.000358807796147, -0.000938387587667, -0.000149712970597, 0.00146100996062, -0.000305168156046, 0.000191785380594], [-7.09753221599e-05, -2.62103185378e-05, -0.000258831481915, 0.00354162044823, -0.00108038180042, -0.00107805756852, 0.00104893906973, -0.000163173957844, -0.00145471363794, 0.000507234653924, 0.000189736529137, -0.000835370854475, -0.000754007836804], [-0.000111542292871, -0.000155704488861, 3.33091848006e-05, -0.00108038180042, 0.00489609595388, 9.34433483053e-05, -0.00142957421485, 0.000942002632655, -0.000643430510536, -0.00103860441595, -0.000848442898132, -0.000265564594883, -0.000239286542637], [-0.000109376502223, 0.000325960019836, -0.000381950725568, -0.00107805756852, 9.34433483053e-05, 0.00459980312735, -0.00172487238888, -0.000755704415496, 0.0016747607151, -0.00128931074869, -0.00286957249045, 0.00145022803918, 0.000622085470241], [0.000246121839155, -0.00105927966069, 0.000231194135267, 0.00104893906973, -0.00142957421485, -0.00172487238888, 0.00749363470823, -0.00192903296556, 0.000954405928496, -0.00056371971732, -0.000846216396894, -0.00274214358069, 0.00126086047385], [-0.000199990085093, 0.000229231081903, 0.000358807796147, -0.000163173957844, 0.000942002632655, -0.000755704415496, -0.00192903296556, 0.00845724157989, -0.00534503255039, 0.00110253167804, 0.000385876599466, -0.0010627747979, -0.000114663060231], [0.000264292000793, -0.00121795583982, -0.000938387587667, -0.00145471363794, -0.000643430510536, 0.0016747607151, 0.000954405928496, -0.00534503255039, 0.0127198621631, -0.00420383084565, -0.00139601354022, 0.0030721060466, -0.00138345407322], [-0.000204666226637, 0.00108338904101, -0.000149712970597, 0.000507234653924, -0.00103860441595, -0.00128931074869, -0.00056371971732, 0.00110253167804, -0.00420383084565, 0.00947162508965, 0.000613834650721, -0.00136094598565, 0.00191249302588], [0.000430136482464, -0.00186031428166, 0.00146100996062, 0.000189736529137, -0.000848442898132, -0.00286957249045, -0.000846216396894, 0.000385876599466, -0.00139601354022, 0.000613834650721, 0.0138990599662, -0.00288145476952, 0.000453451299109], [-0.00033843217534, 0.001315714675, -0.000305168156046, -0.000835370854475, -0.000265564594883, 0.00145022803918, -0.00274214358069, -0.0010627747979, 0.0030721060466, -0.00136094598565, -0.00288145476952, 0.0111047858372, -0.00371535122395], [0.000377937103622, -0.000154160676175, 0.000191785380594, -0.000754007836804, -0.000239286542637, 0.000622085470241, 0.00126086047385, -0.000114663060231, -0.00138345407322, 0.00191249302588, 0.000453451299109, -0.00371535122395, 0.010357757099]]
    },
    "melbands": {
        "dmean": [0.00122207216918, 0.00122640898917, 0.00100423337426, 0.00041452088044, 0.000258307292825, 0.000187778248801, 7.93527360656e-05, 9.48455417529e-05, 8.47954070196e-05, 7.39809693187e-05, 3.7574867747e-05, 2.95763875329e-05, 2.11453570955e-05, 2.59069456661e-05, 2.07608554774e-05, 1.68450314959e-05, 1.88701269508e-05, 1.88115282072e-05, 3.23314270645e-05, 1.51772801473e-05, 9.88176998362e-06, 9.04431817617e-06, 6.53160941511e-06, 8.21238336357e-06, 1.19031383292e-05, 5.71846976527e-06, 4.94151345265e-06, 4.18915942646e-06, 3.64790275853e-06, 2.74665421784e-06, 2.58268983089e-06, 2.031985332e-06, 2.29347756431e-06, 2.25375492846e-06, 1.69968859609e-06, 1.76396815732e-06, 1.20843753848e-06, 1.75917648448e-06, 8.93974629435e-07, 8.4912744569e-07],
        "dmean2": [0.00174177833833, 0.0017795789754, 0.00183690874837, 0.000673177302815, 0.000433268141933, 0.00032600024133, 0.00013613862393, 0.000169356266269, 0.000131673645228, 0.000109232612886, 5.91486495978e-05, 4.90872844239e-05, 3.15511169902e-05, 4.1078965296e-05, 3.00614065054e-05, 2.55681679846e-05, 2.69653319265e-05, 3.16903788189e-05, 5.4964399169e-05, 2.20706624532e-05, 1.40337087942e-05, 1.34000747494e-05, 9.66656716628e-06, 1.27406474348e-05, 1.85228891496e-05, 8.19945671537e-06, 7.15276109986e-06, 6.25842722002e-06, 5.10884183313e-06, 3.70340808331e-06, 3.54424378202e-06, 3.00738452097e-06, 3.48017761098e-06, 3.1969225347e-06, 2.45580417868e-06, 2.70247096523e-06, 1.84425459793e-06, 2.7402240903e-06, 1.36460937483e-06, 1.28904298435e-06],
        "dvar": [1.01873201857e-05, 1.19575279314e-05, 1.20575232359e-05, 7.87095018495e-07, 2.80740493963e-07, 2.53363594993e-07, 3.36133645362e-08, 7.04507954197e-08, 3.17889785606e-08, 3.60322118809e-08, 8.31464053164e-09, 6.01067684514e-09, 4.73735672912e-09, 1.18073018029e-08, 3.54450735429e-09, 2.99306068818e-09, 2.5579636187e-09, 3.72383412994e-09, 2.09072616997e-08, 1.39512867925e-09, 8.43533631834e-10, 7.2693379094e-10, 4.06305655787e-10, 8.5500473368e-10, 2.13526352155e-09, 3.9458211698e-10, 2.62227156655e-10, 1.81714740477e-10, 1.77835496329e-10, 8.81418063536e-11, 7.97354821058e-11, 5.80344140799e-11, 6.95369317683e-11, 8.85728643207e-11, 2.66775195684e-11, 3.45972001048e-11, 1.33651761533e-11, 4.92674546992e-11, 6.63745794438e-12, 7.02020950052e-12],
        "dvar2": [2.10760426853e-05, 2.52319132414e-05, 3.47025270457e-05, 1.92576908375e-06, 7.54928350943e-07, 7.09005973931e-07, 9.05018566755e-08, 2.0017812119e-07, 6.72661499834e-08, 7.17064807532e-08, 1.74990102408e-08, 1.54741393033e-08, 9.92502879882e-09, 2.86131793814e-08, 6.47984688129e-09, 5.7615596738e-09, 4.10586764588e-09, 9.80978143161e-09, 5.856519536e-08, 2.88783152946e-09, 1.51825874095e-09, 1.50956569467e-09, 8.68508487351e-10, 1.91698990015e-09, 5.12668085761e-09, 7.465261187e-10, 4.52690746e-10, 2.94936547407e-10, 3.08354730638e-10, 1.58738591716e-10, 1.48325102201e-10, 1.32648808604e-10, 1.58567436959e-10, 1.8523292622e-10, 5.46806731838e-11, 8.30367372084e-11, 3.14920728384e-11, 1.14332272816e-10, 1.5422635391e-11, 1.72476061211e-11],
        "max": [0.0398687161505, 0.0365788564086, 0.0284064225852, 0.00929827429354, 0.0053205601871, 0.00480983965099, 0.00171623541974, 0.00290838046931, 0.00273157446645, 0.00553989596665, 0.00232319510542, 0.00147010409273, 0.00270963017829, 0.00414673797786, 0.00199219351634, 0.00168049882632, 0.00192085560411, 0.00066014676122, 0.00161820510402, 0.00047637464013, 0.000400715769501, 0.000432304601418, 0.00032418340561, 0.000447411381174, 0.000685866049025, 0.000275462458376, 0.000255868246313, 0.000190725026187, 0.000194307023776, 0.000117564442917, 0.000169835460838, 0.000122109777294, 0.000248864147579, 0.000339110614732, 0.000173154010554, 9.40881000133e-05, 8.79767612787e-05, 0.000238107924815, 3.89983251807e-05, 7.78018511483e-05],
        "mean": [0.00350632146001, 0.0021814822685, 0.000852215685882, 0.000584156950936, 0.000401192286517, 0.000239601155045, 8.98049620446e-05, 9.51948386501e-05, 0.000131892840727, 0.000126200931845, 6.30348076811e-05, 3.59847144864e-05, 3.2756364817e-05, 3.59476871381e-05, 2.97265250992e-05, 2.45619085035e-05, 3.19697028317e-05, 2.19384128286e-05, 2.80013246083e-05, 1.90249847947e-05, 1.2357212654e-05, 1.08209360405e-05, 7.73344436311e-06, 8.32310252008e-06, 1.13458936539e-05, 6.6020425038e-06, 6.48931654723e-06, 5.60884745937e-06, 4.16492321165e-06, 3.20028289025e-06, 2.85930400423e-06, 2.05394144359e-06, 2.61060199591e-06, 2.92771755994e-06, 2.2169440399e-06, 1.99717192118e-06, 1.55184295636e-06, 2.27809096032e-06, 1.04139314772e-06, 1.08369147256e-06],
        "median": [0.00187044031918, 0.00102696113754, 0.000205918040592, 0.000325691362377, 0.000240885463427, 9.24256746657e-05, 2.5459099561e-05, 2.38178636209e-05, 3.13720593113e-05, 1.7487363948e-05, 9.52624304773e-06, 7.65241384215e-06, 6.37021867078e-06, 3.9688097786e-06, 4.44337456429e-06, 3.21644984069e-06, 5.26676922163e-06, 4.26310543844e-06, 2.41009820456e-06, 4.2747774387e-06, 2.20389938477e-06, 1.28882766148e-06, 1.31067872644e-06, 8.60483112319e-07, 7.93711478764e-07, 8.5163054564e-07, 1.22625738186e-06, 1.10801101982e-06, 5.14229668624e-07, 3.42926227859e-07, 3.49406377609e-07, 2.75534432603e-07, 4.5724618758e-07, 6.31205580248e-07, 7.24421056475e-07, 5.67002530261e-07, 3.71485299411e-07, 5.81518065701e-07, 1.99330159489e-07, 1.71156614215e-07],
        "min": [1.79989628024e-23, 1.87808564881e-23, 2.44781945391e-23, 2.43799987113e-23, 1.57703960353e-23, 6.03634431966e-24, 1.30909289965e-23, 6.63371594546e-24, 3.94196239808e-24, 1.02163301131e-23, 1.37568585514e-23, 7.85492311384e-24, 1.43193936852e-23, 1.9512313563e-23, 1.55490590202e-23, 1.28208088231e-23, 7.88581964005e-24, 5.62703673924e-24, 4.35003541118e-24, 4.95627975001e-24, 3.62205090202e-24, 5.0540523539e-24, 7.08544294333e-24, 9.73413336276e-24, 1.19584387033e-23, 8.95051364939e-24, 7.33277213637e-24, 7.98722139853e-24, 1.1662903798e-23, 1.06629200488e-23, 1.09203766381e-23, 1.32988143554e-23, 1.09369671718e-23, 7.13619115423e-24, 1.01912285591e-23, 9.38275972721e-24, 9.14475487008e-24, 9.14090759545e-24, 8.29870312695e-24, 6.49935991709e-24],
        "var": [2.03787512874e-05, 1.60402232723e-05, 7.05141792423e-06, 7.97521295226e-07, 2.58205744785e-07, 1.98858074896e-07, 2.80964140842e-08, 4.8864411184e-08, 7.60062945915e-08, 9.08932378252e-08, 2.52109746413e-08, 7.69221575325e-09, 8.46919956388e-09, 1.54876325098e-08, 7.25023330261e-09, 6.0099951682e-09, 1.00831263339e-08, 3.64338581527e-09, 1.46867398243e-08, 1.95701477246e-09, 1.30770771989e-09, 9.79067937834e-10, 5.19690068757e-10, 8.98794982884e-10, 2.08242334487e-09, 5.21736931436e-10, 3.99230759562e-10, 2.83451151439e-10, 2.46257153558e-10, 1.30022312361e-10, 1.09453966723e-10, 6.23614632156e-11, 8.09841985139e-11, 1.29524946324e-10, 3.71179406655e-11, 3.46749677582e-11, 1.51401322035e-11, 6.13890813184e-11, 7.77769688931e-12, 8.71760736515e-12]
    },
    "mfcc": {
        "mean": [-692.439697266, 115.244468689, 32.1491737366, 25.7418956757, 15.3468513489, 9.09258842468, -0.134198114276, 5.64347743988, -1.57420277596, 11.4834222794, -6.1104722023, -3.1664352417, 0.523555994034],
        "cov": [[6254.66943359, 125.724899292, -852.203308105, -17.6130599976, -4.07968521118, 227.031066895, 215.837936401, 160.692764282, 10.6395950317, 34.4938316345, 269.778656006, 139.992935181, 26.3430194855], [125.724899292, 2356.39550781, -303.998443604, 66.4966201782, 83.1366577148, 42.0907287598, 316.920684814, 418.508850098, -16.4764404297, 382.851104736, 398.61026001, 180.412231445, -8.64758110046], [-852.203308105, -303.998443604, 1279.12219238, 155.014724731, 124.126922607, 2.53942775726, -197.72064209, -144.688766479, 167.430206299, 49.5080986023, -110.658935547, -8.76332187653, 45.8238220215], [-17.6130599976, 66.4966201782, 155.014724731, 317.99822998, 132.127456665, 11.3723278046, -44.1867027283, 34.8186454773, 98.9862747192, 48.8432693481, 5.5356388092, 47.7916374207, 36.1044616699], [-4.07968521118, 83.1366577148, 124.126922607, 132.127456665, 255.003295898, 84.0360870361, 17.6520385742, 26.2007904053, 69.7639770508, 95.1374969482, 42.3804397583, 40.2533988953, 21.6676158905], [227.031066895, 42.0907287598, 2.53942775726, 11.3723278046, 84.0360870361, 302.053405762, 165.175247192, 69.6084365845, 5.9077091217, 29.6429538727, 141.077850342, 45.6234436035, -0.243684276938], [215.837936401, 316.920684814, -197.72064209, -44.1867027283, 17.6520385742, 165.175247192, 306.630340576, 173.100021362, -20.5734996796, 41.9381370544, 145.607696533, 69.4919509888, 1.66174423695], [160.692764282, 418.508850098, -144.688766479, 34.8186454773, 26.2007904053, 69.6084365845, 173.100021362, 272.511474609, 18.5479755402, 74.5734634399, 120.9895401, 115.307235718, 8.73513126373], [10.6395950317, -16.4764404297, 167.430206299, 98.9862747192, 69.7639770508, 5.9077091217, -20.5734996796, 18.5479755402, 165.262420654, 61.8433151245, 3.82538461685, 26.3702220917, 39.7381401062], [34.4938316345, 382.851104736, 49.5080986023, 48.8432693481, 95.1374969482, 29.6429538727, 41.9381370544, 74.5734634399, 61.8433151245, 251.377227783, 123.846343994, 43.5854415894, 7.91803503036], [269.778656006, 398.61026001, -110.658935547, 5.5356388092, 42.3804397583, 141.077850342, 145.607696533, 120.9895401, 3.82538461685, 123.846343994, 313.433807373, 85.56300354, -18.1620693207], [139.992935181, 180.412231445, -8.76332187653, 47.7916374207, 40.2533988953, 45.6234436035, 69.4919509888, 115.307235718, 26.3702220917, 43.5854415894, 85.56300354, 162.498596191, 11.2140522003], [26.3430194855, -8.64758110046, 45.8238220215, 36.1044616699, 21.6676158905, -0.243684276938, 1.66174423695, 8.73513126373, 39.7381401062, 7.91803503036, -18.1620693207, 11.2140522003, 90.2444915771]],
