{
"lowlevel": {
    "average_loudness": 0.943449795246,
    "barkbands_crest": {
        "dmean": 3.24562144279,
        "dmean2": 4.902821064,
        "dvar": 9.55676460266,
        "dvar2": 20.1281414032,
        "max": 26.4301300049,
        "mean": 13.4636325836,
        "median": 12.6354122162,
        "min": 2.6837542057,
        "var": 33.437046051
    },
    "barkbands_flatness_db": {
        "dmean": 0.0308197196573,
        "dmean2": 0.0451816730201,
        "dvar": 0.00103276991285,
        "dvar2": 0.0020172172226,
        "max": 0.752226412296,
        "mean": 0.18234591186,
        "median": 0.162386894226,
        "min": 0.0221387110651,
        "var": 0.00958278775215
    },
    "barkbands_kurtosis": {
        "dmean": 7.89865875244,
        "dmean2": 12.1609764099,
        "dvar": 217.044235229,
        "dvar2": 534.259460449,
        "max": 285.54196167,
        "mean": 10.6110095978,
        "median": 4.56512928009,
        "min": -1.9387062788,
        "var": 382.823059082
    },
    "barkbands_skewness": {
        "dmean": 1.04168283939,
        "dmean2": 1.46460807323,
        "dvar": 1.32130849361,
        "dvar2": 2.93949198723,
        "max": 15.5165147781,
        "mean": 2.34412503242,
        "median": 2.09068822861,
        "min": -3.64675211906,
        "var": 3.80109214783
    },
    "barkbands_spread": {
        "dmean": 15.4088964462,
        "dmean2": 22.1657161713,
        "dvar": 486.240386963,
        "dvar2": 847.725158691,
        "max": 134.76499939,
        "mean": 32.8306388855,
        "median": 18.3990097046,
        "min": 0.180932939053,
        "var": 1151.35375977
    },
    "dissonance": {
        "dmean": 0.017443459481,
        "dmean2": 0.0287980604917,
        "dvar": 0.000375037459889,
        "dvar2": 0.000959672091994,
        "max": 0.500000059605,
        "mean": 0.464436680079,
        "median": 0.473864793777,
        "min": 0.146866947412,
        "var": 0.00121863151435
    },
    "dynamic_complexity": 2.86060142517,
    "erbbands_crest": {
        "dmean": 2.44885492325,
        "dmean2": 3.90613293648,
        "dvar": 5.34662628174,
        "dvar2": 13.3259649277,
        "max": 29.5709247589,
        "mean": 8.10354423523,
        "median": 7.2283744812,
        "min": 2.22064256668,
        "var": 14.7606096268
    },
    "erbbands_flatness_db": {
        "dmean": 0.0191963911057,
        "dmean2": 0.0277327634394,
        "dvar": 0.000469083897769,
        "dvar2": 0.00091233686544,
        "max": 0.502111375332,
        "mean": 0.13761472702,
        "median": 0.107901968062,
        "min": 0.0305146630853,
        "var": 0.00740777794272
    },
    "erbbands_kurtosis": {
        "dmean": 1.24056947231,
        "dmean2": 1.91283988953,
        "dvar": 3.8620300293,
        "dvar2": 9.10966968536,
        "max": 37.0281257629,
        "mean": 0.479371517897,
        "median": -0.489727258682,
        "min": -1.81293177605,
        "var": 8.05651283264
    },
    "erbbands_skewness": {
        "dmean": 0.519406020641,
        "dmean2": 0.742115437984,
        "dvar": 0.28667485714,
        "dvar2": 0.563167273998,
        "max": 4.39334440231,
        "mean": 0.10690677911,
        "median": 0.0749365836382,
        "min": -3.5946996212,
        "var": 1.04805111885
    },
    "erbbands_spread": {
        "dmean": 14.8530521393,
        "dmean2": 21.9349784851,
        "dvar": 282.624145508,
        "dvar2": 622.446716309,
        "max": 170.600738525,
        "mean": 55.4781608582,
        "median": 49.9192352295,
        "min": 2.32308864594,
        "var": 874.910888672
    },
    "hfc": {
        "dmean": 71.0231399536,
        "dmean2": 102.409698486,
        "dvar": 21462.4121094,
        "dvar2": 46451.7265625,
        "max": 978.990722656,
        "mean": 81.2726821899,
        "median": 17.5605697632,
        "min": 1.20108596941e-16,
        "var": 26804.0019531
    },
    "melbands_crest": {
        "dmean": 3.17663264275,
        "dmean2": 4.73572206497,
        "dvar": 9.85639762878,
        "dvar2": 20.8179168701,
        "max": 33.8210830688,
        "mean": 18.601682663,
        "median": 18.3694934845,
        "min": 1.65789067745,
        "var": 35.6079711914
    },
    "melbands_flatness_db": {
        "dmean": 0.0416069179773,
        "dmean2": 0.058202791959,
        "dvar": 0.00177504844032,
        "dvar2": 0.00334711745381,
        "max": 0.950826704502,
        "mean": 0.27564573288,
        "median": 0.260001182556,
        "min": 0.00328692421317,
        "var": 0.0142250945792
    },
    "melbands_kurtosis": {
        "dmean": 22.7884120941,
        "dmean2": 34.9780235291,
        "dvar": 1888.85388184,
        "dvar2": 4618.27587891,
        "max": 688.351318359,
        "mean": 38.0070724487,
        "median": 18.8054275513,
        "min": -1.80273377895,
        "var": 3442.30371094
    },
    "melbands_skewness": {
        "dmean": 1.3138204813,
        "dmean2": 1.92602682114,
        "dvar": 2.54341197014,
        "dvar2": 5.8097114563,
        "max": 21.6811752319,
        "mean": 4.42539215088,
        "median": 3.70598363876,
        "min": -1.87358486652,
        "var": 7.63039159775
    },
    "melbands_spread": {
        "dmean": 10.7138538361,
        "dmean2": 15.7497348785,
        "dvar": 295.40637207,
        "dvar2": 625.190490723,
        "max": 241.918426514,
        "mean": 19.9435482025,
        "median": 11.8210296631,
        "min": 0.344973087311,
        "var": 575.085571289
    },
    "pitch_salience": {
        "dmean": 0.0883453860879,
        "dmean2": 0.136223882437,
        "dvar": 0.00701122451574,
        "dvar2": 0.016025479883,
        "max": 0.943261384964,
        "mean": 0.463795363903,
        "median": 0.466986507177,
        "min": 0.0553284697235,
        "var": 0.022007714957
    },
    "silence_rate_20dB": {
        "dmean": 0,
        "dmean2": 0,
        "dvar": 0,
        "dvar2": 0,
        "max": 1,
        "mean": 1,
        "median": 1,
        "min": 1,
        "var": 0
    },
    "silence_rate_30dB": {
        "dmean": 0.0556630715728,
        "dmean2": 0.111336402595,
        "dvar": 0.0525700673461,
        "dvar2": 0.111845105886,
        "max": 1,
        "mean": 0.934113502502,
        "median": 1,
        "min": 0,
        "var": 0.0615397430956
    },
    "silence_rate_60dB": {
        "dmean": 0.00331766647287,
        "dmean2": 0.00654377881438,
        "dvar": 0.00330695859157,
        "dvar2": 0.00650036940351,
        "max": 1,
        "mean": 0.00727976392955,
        "median": 0,
        "min": 0,
        "var": 0.00722712883726
    },
    "spectral_centroid": {
        "dmean": 428.576446533,
        "dmean2": 615.766174316,
        "dvar": 289257.75,
        "dvar2": 519370.25,
        "max": 11302.9238281,
        "mean": 1445.70153809,
        "median": 1227.72924805,
        "min": 129.789016724,
        "var": 855222.75
    },
    "spectral_complexity": {
        "dmean": 4.476085186,
        "dmean2": 6.64258050919,
        "dvar": 28.5536231995,
        "dvar2": 59.3684501648,
        "max": 59,
        "mean": 16.9403800964,
        "median": 15,
        "min": 0,
        "var": 85.1014328003
    },
    "spectral_decrease": {
        "dmean": 5.10516695584e-09,
        "dmean2": 7.96623034205e-09,
        "dvar": 1.43542994272e-16,
        "dvar2": 3.72422016881e-16,
        "max": 1.59691226909e-09,
        "mean": -1.17996323823e-08,
        "median": -8.89147067085e-09,
        "min": -1.13783691802e-07,
        "var": 1.41462390186e-16
    },
    "spectral_energy": {
        "dmean": 0.0221145842224,
        "dmean2": 0.0338851697743,
        "dvar": 0.00208453461528,
        "dvar2": 0.00532660540193,
        "max": 0.433633893728,
        "mean": 0.0519062168896,
        "median": 0.0391710624099,
        "min": 1.06557802328e-20,
        "var": 0.00222219713032
    },
    "spectral_energyband_high": {
        "dmean": 0.00562892481685,
        "dmean2": 0.0080799581483,
        "dvar": 0.00013677404786,
        "dvar2": 0.000291779637337,
        "max": 0.07535020262,
        "mean": 0.00594723271206,
        "median": 0.000419706688263,
        "min": 7.98270730924e-21,
        "var": 0.000176365283551
    },
    "spectral_energyband_low": {
        "dmean": 0.0174933448434,
        "dmean2": 0.0276659484953,
        "dvar": 0.00202993582934,
        "dvar2": 0.00535669969395,
        "max": 0.422178775072,
        "mean": 0.0321764908731,
        "median": 0.0209008418024,
        "min": 6.41919973732e-23,
        "var": 0.00183532352094
    },
    "spectral_energyband_middle_high": {
        "dmean": 0.00135491485707,
        "dmean2": 0.00201793154702,
        "dvar": 6.87989722792e-06,
        "dvar2": 1.53597029566e-05,
        "max": 0.0743528231978,
        "mean": 0.00326848658733,
        "median": 0.00193815724924,
        "min": 1.49701555907e-21,
        "var": 1.78756035893e-05
    },
    "spectral_energyband_middle_low": {
        "dmean": 0.00468859216198,
        "dmean2": 0.00763633614406,
        "dvar": 5.33783204446e-05,
        "dvar2": 0.000137309732963,
        "max": 0.0953094139695,
        "mean": 0.0117436060682,
        "median": 0.00882511772215,
        "min": 2.51991682836e-22,
        "var": 0.000110539942398
    },
    "spectral_entropy": {
        "dmean": 0.255596458912,
        "dmean2": 0.345791339874,
        "dvar": 0.0868577882648,
        "dvar2": 0.153477206826,
        "max": 9.80354690552,
        "mean": 7.58386850357,
        "median": 7.62933635712,
        "min": 4.05192756653,
        "var": 0.611195683479
    },
    "spectral_flux": {
        "dmean": 0.0404206626117,
        "dmean2": 0.0633409097791,
        "dvar": 0.00332464068197,
        "dvar2": 0.00626475457102,
        "max": 0.584286510944,
        "mean": 0.108927674592,
        "median": 0.0858069360256,
        "min": 1.03226836801e-10,
        "var": 0.00639050872996
    },
    "spectral_kurtosis": {
        "dmean": 5.34344768524,
        "dmean2": 8.66761875153,
        "dvar": 590.016052246,
        "dvar2": 1502.14440918,
        "max": 1043.60107422,
        "mean": 12.4408445358,
        "median": 3.14421534538,
        "min": -1.21385061741,
        "var": 2750.59008789
    },
    "spectral_rms": {
        "dmean": 0.00129913073033,
        "dmean2": 0.00188292155508,
        "dvar": 3.40796918863e-06,
        "dvar2": 7.93389153841e-06,
        "max": 0.0205683615059,
        "mean": 0.00667918613181,
        "median": 0.00618188269436,
        "min": 3.22426482215e-12,
        "var": 6.02851469012e-06
    },
    "spectral_rolloff": {
        "dmean": 2042.45141602,
        "dmean2": 3229.55419922,
        "dvar": 14236696,
        "dvar2": 25828260,
        "max": 18755.4199219,
        "mean": 2890.32958984,
        "median": 473.73046875,
        "min": 64.599609375,
        "var": 23614710
    },
    "spectral_skewness": {
        "dmean": 0.388375103474,
        "dmean2": 0.604595005512,
        "dvar": 0.528109073639,
        "dvar2": 1.31123769283,
        "max": 27.1690559387,
        "mean": 1.7561852932,
        "median": 1.36625862122,
        "min": -0.220721766353,
        "var": 4.31111621857
    },
    "spectral_spread": {
        "dmean": 1044996.9375,
        "dmean2": 1360089.125,
        "dvar": 2.03414529638e+12,
        "dvar2": 3.39571166413e+12,
        "max": 40579632,
        "mean": 6340953,
        "median": 5654037,
        "min": 119683.851562,
        "var": 1.27325668639e+13
    },
    "spectral_strongpeak": {
        "dmean": 0.238208785653,
        "dmean2": 0.407601475716,
        "dvar": 0.353925734758,
        "dvar2": 0.808341920376,
        "max": 16.1527042389,
        "mean": 0.474155545235,
        "median": 0.372048616409,
        "min": 0,
        "var": 0.400557458401
    },
    "zerocrossingrate": {
        "dmean": 0.0371514931321,
        "dmean2": 0.0399813242257,
        "dvar": 0.00231911963783,
        "dvar2": 0.00303466478363,
        "max": 0.5361328125,
        "mean": 0.0869181603193,
        "median": 0.04541015625,
        "min": 0.00244140625,
        "var": 0.00888327881694
    },
    "barkbands": {
        "dmean": [0.000512792670634, 0.0142200691625, 0.00431542890146, 0.00153778726235, 0.00196109432727, 0.00162656779867, 0.000827162642963, 0.000532056554221, 0.000461018382339, 0.000216735876165, 0.000257349980529, 0.000269583339104, 0.000113889938802, 0.000118346171803, 0.000210441445233, 0.000220161062316, 0.000228852615692, 0.000158197333803, 0.000189968588529, 0.000213772480492, 0.000364607723895, 0.000342566607287, 0.000366796914022, 0.000791772385128, 0.000750921375584, 0.00139631191269, 0.00163324712776],
        "dmean2": [0.000713687506504, 0.0223073828965, 0.00749361049384, 0.00263973861001, 0.00323657714762, 0.00272665033117, 0.00131788826548, 0.000764742842875, 0.000747013953514, 0.000331745250151, 0.000397380936192, 0.00042104430031, 0.000183805139386, 0.000195101325517, 0.000324457825627, 0.000351793481968, 0.000364256440662, 0.000249411794357, 0.000304980640067, 0.000340602709912, 0.00052711792523, 0.000505203730427, 0.000525269133504, 0.00119820400141, 0.00108730362263, 0.00201484002173, 0.00248442962766],
        "dvar": [1.96559517462e-06, 0.00109032832552, 0.000275308848359, 1.41040427479e-05, 1.1637537682e-05, 5.68467203266e-06, 2.72970009974e-06, 2.68712665275e-06, 2.89087165584e-06, 2.09346211477e-07, 4.75910383102e-07, 9.52259199494e-07, 8.18705387928e-08, 3.27076747908e-07, 2.68581686669e-07, 3.12980972694e-07, 2.58467537151e-07, 8.51007939673e-08, 1.90130322153e-07, 2.01543400635e-07, 4.47056066832e-07, 4.75818580981e-07, 5.20523656178e-07, 2.83120903077e-06, 2.31592275668e-06, 9.19964622881e-06, 1.46827560457e-05],
        "dvar2": [3.34875790031e-06, 0.00291677284986, 0.000783199386206, 3.88442604162e-05, 3.11574221996e-05, 1.57231534104e-05, 7.28610211809e-06, 5.41856570635e-06, 7.66087759985e-06, 5.27823942775e-07, 1.05818742213e-06, 2.20579477173e-06, 2.14689080735e-07, 8.84094902176e-07, 6.27100007478e-07, 7.77511672823e-07, 5.89985120314e-07, 2.01406322731e-07, 4.52387695304e-07, 5.01822910337e-07, 9.26738209728e-07, 1.0897268794e-06, 1.09725715447e-06, 6.38434948996e-06, 4.94409096063e-06, 1.90675709746e-05, 3.40840997524e-05],
        "max": [0.0184259004891, 0.335791200399, 0.17784768343, 0.0436473079026, 0.0563329160213, 0.0369137898088, 0.03158339113, 0.0463832952082, 0.0406676493585, 0.0114847486839, 0.0132227558643, 0.0266023408622, 0.00952931679785, 0.031400218606, 0.0161667987704, 0.0144211146981, 0.0147417774424, 0.00968748051673, 0.00959145184606, 0.0062402067706, 0.0070424885489, 0.00786001514643, 0.00526653137058, 0.0143669368699, 0.0109125962481, 0.0188859142363, 0.0271247904748],
        "mean": [0.000758182082791, 0.0254657566547, 0.00479806074873, 0.00183216796722, 0.00333848083392, 0.00296285562217, 0.00163668568712, 0.00107429421041, 0.000737814989407, 0.000392720481614, 0.000337759731337, 0.000339658785379, 0.000189512211364, 0.00016874774883, 0.000463260745164, 0.000356216361979, 0.000426032202085, 0.000265629438218, 0.000272171746474, 0.000272836361546, 0.000460025301436, 0.000406548235333, 0.0004110726004, 0.000822982518002, 0.000824690738227, 0.00144231726881, 0.00144955271389],
        "median": [0.000237571774051, 0.0166574269533, 0.00112618459389, 0.000743734533899, 0.00171981891617, 0.00174165191129, 0.00072258192813, 0.000312383199343, 0.000195472865016, 0.000164273369592, 8.61284206621e-05, 9.90685730358e-05, 5.85699963267e-05, 4.32216620538e-05, 8.73915560078e-05, 0.000123484118376, 0.000157039117767, 0.000129416526761, 0.000118169438792, 0.000114912661957, 8.99268779904e-05, 5.9528152633e-05, 4.06743856729e-05, 4.92739673064e-05, 3.66409258277e-05, 3.51337221218e-05, 1.69546146935e-05],
        "min": [3.83313982506e-24, 3.26704755968e-23, 1.99461428847e-23, 1.55775290103e-23, 3.14636919612e-23, 5.45062622047e-23, 2.88074079667e-23, 7.64964793789e-23, 3.53366866169e-23, 3.55131737341e-23, 4.05987769743e-23, 8.70306249846e-23, 1.06497358165e-22, 8.24721575339e-23, 2.06703178268e-22, 1.75057574982e-22, 2.12571558718e-22, 1.7566579305e-22, 2.25720620452e-22, 2.54092779148e-22, 4.25351578663e-22, 5.52891025235e-22, 6.70435086645e-22, 8.07059282594e-22, 1.23998786394e-21, 1.87214196686e-21, 2.44369044865e-21],
        "var": [4.10468055634e-06, 0.0010308654746, 0.000188351579709, 1.18534153444e-05, 1.8332963009e-05, 1.27398725454e-05, 6.35963215245e-06, 5.51256925974e-06, 3.33106731887e-06, 4.27408735959e-07, 6.03506236985e-07, 1.12551083475e-06, 1.42145054838e-07, 3.08123190962e-07, 1.51041172103e-06, 5.15301564974e-07, 7.62331580972e-07, 1.65753377246e-07, 3.15633855053e-07, 2.08201186069e-07, 6.8548888521e-07, 6.42192901523e-07, 7.17023738162e-07, 3.35616869052e-06, 3.15770398629e-06, 1.18774669318e-05, 1.51242447828e-05]
    },
    "erbbands": {
        "dmean": [0.421251893044, 3.2882874012, 5.62577486038, 4.89111042023, 5.88121652603, 6.36835670471, 13.4270296097, 10.3705644608, 10.5890197754, 10.8130512238, 13.134021759, 10.8561563492, 6.80140066147, 10.5895910263, 6.93112611771, 12.2018251419, 5.63911628723, 6.02674293518, 7.30453205109, 11.3088989258, 14.6172113419, 9.67814064026, 8.4457988739, 7.39507436752, 12.3844661713, 8.35693645477, 12.0301828384, 17.0896816254, 12.1630563736, 11.1185121536, 10.7290534973, 14.2341346741, 13.8230142593, 9.45360851288, 5.15643072128, 4.69113588333, 2.61128520966, 1.36137259007, 0.292035400867, 0.0138682527468],
        "dmean2": [0.640274226665, 5.35525035858, 9.88766384125, 8.41528606415, 9.66387367249, 10.5291137695, 23.5684013367, 16.8833675385, 16.0520973206, 16.9299316406, 18.8622913361, 17.6261177063, 10.8258895874, 16.3401050568, 10.6774520874, 19.1732616425, 8.96980667114, 9.81010341644, 11.4909420013, 17.2605075836, 23.4144763947, 15.2527694702, 13.0323734283, 11.8133506775, 19.8870372772, 13.2209300995, 18.1373004913, 24.8059310913, 17.9007492065, 16.7186756134, 15.3036775589, 21.8214321136, 20.6660060883, 13.8430080414, 7.49896383286, 6.84941005707, 3.77834534645, 2.0165951252, 0.446250617504, 0.0215099528432],
        "dvar": [0.657826244831, 77.6965560913, 489.253662109, 191.164505005, 145.521362305, 117.978965759, 480.263763428, 238.556030273, 350.734924316, 1032.015625, 1000.78564453, 1945.83984375, 505.059448242, 684.830993652, 380.925750732, 1792.90588379, 182.208999634, 531.682617188, 682.422729492, 903.777709961, 1130.59448242, 433.618103027, 252.684814453, 165.853393555, 822.203674316, 237.394454956, 662.500305176, 1054.94909668, 587.621459961, 526.543579102, 441.299102783, 880.854492188, 894.898742676, 379.83001709, 112.946006775, 107.469276428, 32.6409759521, 9.93968009949, 0.468548804522, 0.00110988272354],
        "dvar2": [1.79693329334, 214.936340332, 1397.1171875, 530.014892578, 388.020843506, 326.528594971, 1401.43322754, 603.64666748, 823.315856934, 2489.05444336, 1991.97717285, 5162.37841797, 1363.63378906, 1579.14770508, 902.115600586, 4238.828125, 459.895812988, 1375.66162109, 1807.2244873, 2023.67138672, 2843.34375, 983.882324219, 581.571899414, 405.590881348, 1954.85681152, 570.866027832, 1552.06225586, 2300.57958984, 1334.74633789, 1216.26733398, 930.472900391, 2052.20166016, 1965.17700195, 832.643615723, 237.927597046, 228.72845459, 68.1961517334, 22.297416687, 1.0915170908, 0.00264716800302],
        "max": [8.40551948547, 87.9998168945, 201.765823364, 152.928695679, 219.429931641, 163.709136963, 380.343505859, 314.736633301, 442.100311279, 886.176452637, 841.477111816, 1207.08105469, 474.85534668, 434.636230469, 474.051391602, 1049.17102051, 478.302032471, 1205.609375, 1328.1307373, 1078.01599121, 734.411254883, 566.556274414, 576.315063477, 212.494247437, 640.899597168, 177.373565674, 303.467376709, 382.329467773, 240.302368164, 208.21875, 167.913421631, 250.788787842, 243.021621704, 146.953414917, 73.5560684204, 83.472869873, 38.7311401367, 26.7252674103, 4.96344709396, 0.24757887423],
        "mean": [0.806681990623, 5.40060472488, 6.7938785553, 5.97087812424, 8.3435087204, 10.8951539993, 19.2343082428, 20.8310260773, 24.1704387665, 20.3586406708, 28.6687965393, 18.4651966095, 11.5879745483, 16.1322097778, 10.1958246231, 15.7541189194, 9.74751186371, 9.61824607849, 14.0833311081, 25.1616611481, 24.7883605957, 19.3809356689, 16.8555240631, 12.1570243835, 17.9853820801, 11.0844907761, 14.4595708847, 20.8086090088, 14.6696777344, 12.578368187, 12.0215473175, 14.5348310471, 14.4964447021, 10.1251773834, 5.71627044678, 4.93062067032, 2.66853451729, 1.2883245945, 0.257182151079, 0.0118553731591],
        "median": [0.439934253693, 3.84681177139, 2.49171066284, 2.75756931305, 4.49661540985, 4.7412853241, 9.25360298157, 12.3572788239, 11.6910467148, 7.76835346222, 9.47006511688, 5.90445137024, 4.68148326874, 5.47842407227, 3.09272098541, 5.04975414276, 3.53830552101, 3.25897741318, 3.22569131851, 5.5427570343, 10.0761480331, 8.5465297699, 7.99828052521, 6.15442657471, 7.85647583008, 4.89639377594, 3.62377548218, 3.40793561935, 2.13214349747, 1.58376717567, 1.14075183868, 1.01655983925, 0.804533779621, 0.49966365099, 0.222334101796, 0.133408725262, 0.0626410841942, 0.0220172889531, 0.00303650344722, 0.000203158604563],
        "min": [6.38446562368e-22, 8.3297855088e-21, 2.7649872299e-20, 3.96574587153e-20, 4.39174776441e-20, 8.99462174794e-20, 2.71678424905e-19, 5.99048594008e-19, 5.69675410456e-19, 5.54284370991e-19, 1.7393091585e-18, 9.15195938451e-19, 1.10181667344e-18, 1.0240896132e-18, 2.12965279443e-18, 3.61419900966e-18, 4.59907747009e-18, 4.73977510202e-18, 9.03574464435e-18, 9.23570149536e-18, 1.29277857635e-17, 1.14309718395e-17, 1.12380253441e-17, 1.03891725995e-17, 1.08746647534e-17, 1.29172598903e-17, 1.41527509152e-17, 1.94448506423e-17, 1.66371018583e-17, 1.95241061255e-17, 1.94205910893e-17, 1.60257607917e-17, 1.48834607617e-17, 1.34223702867e-17, 9.47487084332e-18, 6.29469308748e-18, 3.63650145333e-18, 1.48345175188e-18, 2.98610029783e-19, 3.86792336304e-20],
        "var": [0.883974969387, 58.8729400635, 322.836547852, 144.607818604, 158.199981689, 215.265686035, 781.981506348, 634.885070801, 1159.40405273, 1542.98278809, 2995.09130859, 2038.78967285, 539.999206543, 1054.21850586, 537.679321289, 2036.3894043, 325.613372803, 626.520996094, 1704.2265625, 4976.43164062, 2011.0201416, 1313.50769043, 723.33392334, 318.457458496, 1335.22949219, 278.150421143, 770.180175781, 1524.86181641, 831.655517578, 650.888977051, 615.433837891, 1005.66589355, 1087.22302246, 492.940460205, 155.234649658, 135.392181396, 41.2367668152, 11.1830701828, 0.477902561426, 0.00106605305336]
    },
    "gfcc": {
        "mean": [12.6246843338, 85.8468856812, -70.1307373047, 33.5921478271, -34.5070648193, -1.79334449768, -20.2304191589, 10.9303922653, -10.9696559906, 6.62964439392, -8.14464569092, 5.17017602921, -4.15499067307],
        "cov": [[9177.80957031, -6614.79736328, 1537.33911133, 379.469390869, -1008.72839355, 781.647705078, -807.371032715, 193.917144775, -324.46182251, 359.86618042, -361.222137451, 311.408599854, -358.771209717], [-6614.79736328, 7426.85888672, -2851.68310547, -400.898895264, 1184.42553711, -1035.18273926, 692.692443848, -230.950531006, 354.781036377, -382.168365479, 342.39541626, -356.058929443, 366.514099121], [1537.33911133, -2851.68310547, 2559.12329102, -78.9624710083, -726.891235352, 586.691467285, -283.853637695, 71.066078186, -166.220458984, 188.796569824, -104.328277588, 144.468414307, -183.951446533], [379.469390869, -400.898895264, -78.9624710083, 630.401672363, 2.42870283127, -48.7117996216, -28.7314567566, -12.0691518784, -27.3965873718, 12.6730337143, -40.8933639526, -0.0153008168563, -6.60367298126], [-1008.72839355, 1184.42553711, -726.891235352, 2.42870283127, 514.000488281, -189.851547241, 134.763504028, -22.5845394135, 79.8847885132, -85.6538162231, 48.1257247925, -75.4237442017, 93.6595535278], [781.647705078, -1035.18273926, 586.691467285, -48.7117996216, -189.851547241, 406.78213501, -79.1220626831, 64.7990646362, -61.4558448792, 52.5059547424, -49.5558586121, 55.1118431091, -79.9981079102], [-807.371032715, 692.692443848, -283.853637695, -28.7314567566, 134.763504028, -79.1220626831, 276.778900146, 5.83055734634, 40.1010437012, -47.5475082397, 58.5476226807, -37.9063682556, 55.62525177], [193.917144775, -230.950531006, 71.066078186, -12.0691518784, -22.5845394135, 64.7990646362, 5.83055734634, 144.284545898, 23.0435314178, 18.279302597, -16.4762115479, 28.537689209, -11.9034719467], [-324.46182251, 354.781036377, -166.220458984, -27.3965873718, 79.8847885132, -61.4558448792, 40.1010437012, 23.0435314178, 121.749961853, 15.2506809235, 23.1635742188, -14.1266822815, 36.2255363464], [359.86618042, -382.168365479, 188.796569824, 12.6730337143, -85.6538162231, 52.5059547424, -47.5475082397, 18.279302597, 15.2506809235, 112.082824707, 21.8192272186, 35.3585357666, -18.0687255859], [-361.222137451, 342.39541626, -104.328277588, -40.8933639526, 48.1257247925, -49.5558586121, 58.5476226807, -16.4762115479, 23.1635742188, 21.8192272186, 93.5570602417, 19.3169574738, 29.9854850769], [311.408599854, -356.058929443, 144.468414307, -0.0153008168563, -75.4237442017, 55.1118431091, -37.9063682556, 28.537689209, -14.1266822815, 35.3585357666, 19.3169574738, 91.324760437, 9.79496383667], [-358.771209717, 366.514099121, -183.951446533, -6.60367298126, 93.6595535278, -79.9981079102, 55.62525177, -11.9034719467, 36.2255363464, -18.0687255859, 29.9854850769, 9.79496383667, 89.9340438843]],
        "icov": [[0.000439421943156, 0.000439269439084, 0.000355936150299, 0.000110364169814, 0.000138287970913, 4.14299393015e-05, 0.000320734252455, 1.23490153783e-05, 0.000152604290633, -0.000333622738253, 0.000280625739833, -5.61076303711e-05, 0.000179067181307], [0.000439269439084, 0.000983040197752, 0.000552944897208, 0.000356865406502, 3.5925568227e-06, 0.000403204845497, 0.00020588611369, 0.000108224747237, -0.000369705288904, 0.000717574672308, -0.00127047591377, 0.00123440823518, -0.000272544129984], [0.000355936150299, 0.000552944897208, 0.00121292262338, 0.000277946615824, 0.000807113596238, -0.000538968830369, 0.000332996685756, 0.000123949823319, 0.000254773738561, -0.000487262062961, -6.80937373545e-05, 0.000363557745004, -5.91414864175e-05], [0.000110364169814, 0.000356865406502, 0.000277946615824, 0.00191187381279, -0.000179681184818, 0.00060381408548, -0.000170726460055, 0.000255599181401, 0.000411481305491, -0.000591001240537, 0.000866573071107, 2.31865687965e-05, -1.74692595465e-05], [0.000138287970913, 3.5925568227e-06, 0.000807113596238, -0.000179681184818, 0.00421826634556, -0.000466672790935, 0.000363188621122, -0.000608601258136, -0.000510381360073, 0.00111476029269, -0.00128508626949, 0.00238426309079, -0.00234026298858], [4.14299393015e-05, 0.000403204845497, -0.000538968830369, 0.00060381408548, -0.000466672790935, 0.00486047565937, -0.000661142985336, -0.000838762847707, 0.00052212778246, -0.000180083021405, 0.000920928723644, -0.00132362637669, 0.00216201040894], [0.000320734252455, 0.00020588611369, 0.000332996685756, -0.000170726460055, 0.000363188621122, -0.000661142985336, 0.00629205396399, -0.00187542254571, 0.000145614045323, 0.00200914870948, -0.0044383876957, 0.00353662390262, -0.00255760364234], [1.23490153783e-05, 0.000108224747237, 0.000123949823319, 0.000255599181401, -0.000608601258136, -0.000838762847707, -0.00187542254571, 0.0096447756514, -0.00329958368093, -0.000637535529677, 0.00376931088977, -0.00495415739715, 0.00268856133334], [0.000152604290633, -0.000369705288904, 0.000254773738561, 0.000411481305491, -0.000510381360073, 0.00052212778246, 0.000145614045323, -0.00329958368093, 0.0132923079655, -0.00569718750194, 0.0010838995222, 0.00245090271346, -0.00399113772437], [-0.000333622738253, 0.000717574672308, -0.000487262062961, -0.000591001240537, 0.00111476029269, -0.000180083021405, 0.00200914870948, -0.000637535529677, -0.00569718750194, 0.0178406201303, -0.0100904190913, 0.000986245111562, 0.00119257904589], [0.000280625739833, -0.00127047591377, -6.80937373545e-05, 0.000866573071107, -0.00128508626949, 0.000920928723644, -0.0044383876957, 0.00376931088977, 0.0010838995222, -0.0100904190913, 0.0252016279846, -0.0119161652401, 0.00205441005528], [-5.61076303711e-05, 0.00123440823518, 0.000363557745004, 2.31865687965e-05, 0.00238426309079, -0.00132362637669, 0.00353662390262, -0.00495415739715, 0.00245090271346, 0.000986245111562, -0.0119161652401, 0.024810090661, -0.0105309244245], [0.000179067181307, -0.000272544129984, -5.91414864175e-05, -1.74692595465e-05, -0.00234026298858, 0.00216201040894, -0.00255760364234, 0.00268856133334, -0.00399113772437, 0.00119257904589, 0.00205441005528, -0.0105309244245, 0.021429406479]]
    },
    "melbands": {
        "dmean": [0.00382778351195, 0.00337717379443, 0.000829439028166, 0.000464813492727, 0.000393360853195, 0.000252021622146, 0.000171208419488, 0.000110496803245, 0.000107562802441, 6.71736270306e-05, 3.28554015141e-05, 4.16203365603e-05, 2.73408495559e-05, 3.11164767481e-05, 1.80103943421e-05, 1.28264637169e-05, 1.20551276268e-05, 1.15616985568e-05, 1.39113590194e-05, 1.51752528836e-05, 1.76470257429e-05, 1.02435078588e-05, 1.15205584734e-05, 7.38080279916e-06, 5.64114725421e-06, 9.76548562903e-06, 8.02342310635e-06, 5.43297164768e-06, 7.94938296167e-06, 9.95733080345e-06, 9.49031618802e-06, 6.16188981439e-06, 7.23155926607e-06, 6.10885945207e-06, 6.30849126537e-06, 5.67931147089e-06, 1.07304322228e-05, 1.13379583127e-05, 7.66262655816e-06, 8.03600323707e-06],
        "dmean2": [0.00583691708744, 0.00579570839182, 0.00141783151776, 0.00076676934259, 0.000683532387484, 0.000408569903811, 0.000263283262029, 0.000170900661033, 0.000156292386237, 0.000110130065877, 5.2649036661e-05, 6.42201048322e-05, 4.21095646743e-05, 4.88533951284e-05, 2.83547378785e-05, 2.06326421903e-05, 1.96785204025e-05, 1.84553937288e-05, 2.14953488467e-05, 2.34370927501e-05, 2.8386411941e-05, 1.64505545399e-05, 1.78015397978e-05, 1.16128785521e-05, 9.18763726077e-06, 1.58334478328e-05, 1.27540688482e-05, 8.76774083736e-06, 1.27103567138e-05, 1.44078967423e-05, 1.40519196066e-05, 9.13110761758e-06, 1.09708707896e-05, 9.19126250665e-06, 9.09059690457e-06, 8.40465145302e-06, 1.69249633473e-05, 1.72531235876e-05, 1.13910400614e-05, 1.19201531561e-05],
        "dvar": [6.13577212789e-05, 0.000137454961077, 5.3829544413e-06, 7.09287178324e-07, 3.88718206068e-07, 1.341659015e-07, 9.74433334022e-08, 1.27030531871e-07, 6.17711961581e-08, 8.49031422945e-08, 1.18810987715e-08, 1.02769890375e-08, 5.17403586642e-09, 1.38928104576e-08, 2.85498602537e-09, 1.24473098495e-09, 2.39517095046e-09, 2.22340679201e-09, 1.15601961337e-09, 1.2555121387e-09, 1.48471823724e-09, 4.13193340654e-10, 9.61659640808e-10, 2.19290433034e-10, 1.0361459607e-10, 6.05329342207e-10, 2.03882480343e-10, 1.34602926027e-10, 4.89559004446e-10, 3.81239845249e-10, 3.05229452824e-10, 1.39120923115e-10, 2.51462295431e-10, 1.59472463013e-10, 1.61328853054e-10, 1.24103824439e-10, 5.42935474357e-10, 6.33351648904e-10, 2.72559558256e-10, 2.7865920682e-10],
        "dvar2": [0.000161111587659, 0.000388082349673, 1.48674698721e-05, 1.91039589481e-06, 1.1063985994e-06, 3.34087275178e-07, 2.38798094188e-07, 2.95599789979e-07, 1.2797156046e-07, 2.26445081353e-07, 3.23112239187e-08, 2.40233308801e-08, 1.22871206543e-08, 3.31800578124e-08, 6.59271437442e-09, 3.33931349239e-09, 6.1998188805e-09, 6.06951511273e-09, 2.70407696235e-09, 2.92124169299e-09, 3.77782249927e-09, 9.83543024802e-10, 2.14522333231e-09, 5.19033094282e-10, 2.60925780982e-10, 1.47007794826e-09, 4.90713247814e-10, 3.41478484378e-10, 1.28975874425e-09, 8.39626812521e-10, 6.7656430458e-10, 3.17353698875e-10, 5.98276317376e-10, 3.65490304688e-10, 3.55446949651e-10, 2.64122196336e-10, 1.30232036266e-09, 1.42341016751e-09, 5.98136429275e-10, 6.22470797129e-10],
        "max": [0.0781004354358, 0.104638338089, 0.0253273248672, 0.0144802350551, 0.0105432849377, 0.00743880448863, 0.00753258634359, 0.009526331909, 0.00614576553926, 0.0076543870382, 0.002328367671, 0.0016500337515, 0.00126558577176, 0.00375536177307, 0.0014422184322, 0.00103525409941, 0.00251585035585, 0.00247111171484, 0.00109290448017, 0.000830652948935, 0.000884921348188, 0.000398136267904, 0.00102545844857, 0.000488847785164, 0.000178412985406, 0.000564470654353, 0.00023561764101, 0.000155837886268, 0.000305384222884, 0.00021918026323, 0.000189212907571, 0.000108228479803, 0.000185530865565, 9.7479132819e-05, 0.000110702298116, 8.76099875313e-05, 0.000196556851733, 0.00022788021306, 0.000145747719216, 0.000123321005958],
        "mean": [0.00730727333575, 0.00483119487762, 0.00107912393287, 0.00071406934876, 0.000617064011749, 0.0005102303694, 0.000378765253117, 0.00021087830828, 0.000230812642258, 0.000104386352177, 5.4044812714e-05, 6.31188086118e-05, 3.60649719369e-05, 4.01566176151e-05, 2.60027572949e-05, 2.05155101867e-05, 1.76532521436e-05, 2.00270351343e-05, 2.97076421703e-05, 2.97854330711e-05, 2.83954886982e-05, 1.78718746611e-05, 2.39490600507e-05, 1.13871356007e-05, 8.74623765412e-06, 1.35684203997e-05, 1.07393916551e-05, 6.47860724712e-06, 8.41990095068e-06, 1.20892236737e-05, 1.12102206913e-05, 7.33604838388e-06, 8.27960684546e-06, 6.76221361573e-06, 6.89220951244e-06, 6.18425019638e-06, 1.07428259071e-05, 1.16392875498e-05, 8.1099833551e-06, 8.52518860484e-06],
        "median": [0.00448477827013, 0.00296424608678, 0.000555118196644, 0.000358304183464, 0.000308028480504, 0.000300866260659, 0.000177903697477, 7.75951775722e-05, 7.38003145671e-05, 2.91917094728e-05, 2.08486180782e-05, 2.03621930268e-05, 9.63982347457e-06, 1.20782096928e-05, 1.02925123429e-05, 5.45481543668e-06, 4.82863924844e-06, 3.94021617467e-06, 6.19303182248e-06, 8.37961306388e-06, 1.12451825771e-05, 7.97175744083e-06, 7.80412574386e-06, 5.5244709074e-06, 4.18526815338e-06, 5.22919526702e-06, 4.89037938678e-06, 2.5089857445e-06, 2.18178729483e-06, 2.17539059122e-06, 1.76943353836e-06, 1.10892710836e-06, 1.13200326268e-06, 7.83514224167e-07, 6.61077081077e-07, 5.21760284755e-07, 6.88420186634e-07, 6.1882940372e-07, 4.24466975346e-07, 4.05743662668e-07],
        "min": [7.23927949732e-24, 1.33679674801e-23, 6.53767173581e-24, 4.35495080348e-24, 8.82000450123e-24, 1.26301001215e-23, 7.56269748011e-24, 9.45444430653e-24, 1.26575832466e-23, 5.19804629037e-24, 5.43460201002e-24, 3.96644351298e-24, 6.32078389625e-24, 1.05404044282e-23, 7.46631445471e-24, 1.13113645017e-23, 8.06471751614e-24, 1.37885155396e-23, 1.392506894e-23, 1.08463357313e-23, 1.58627921577e-23, 1.22392187541e-23, 1.08589093852e-23, 7.5588959594e-24, 8.65510969507e-24, 7.84561297743e-24, 8.24291093943e-24, 7.92475544775e-24, 7.59132918666e-24, 1.00720364095e-23, 1.22933251459e-23, 8.62661998348e-24, 1.1851858073e-23, 9.79475259016e-24, 1.10730724992e-23, 1.11989486673e-23, 9.36691072277e-24, 1.01357085286e-23, 1.01175592057e-23, 1.19245886818e-23],
        "var": [7.26805737941e-05, 9.07251233002e-05, 4.13873794969e-06, 9.7521274256e-07, 7.17480702406e-07, 3.78769470899e-07, 2.97864403365e-07, 1.83318917379e-07, 1.88926676969e-07, 8.42695229153e-08, 1.24164971638e-08, 1.63789923846e-08, 6.45066933203e-09, 1.58506523462e-08, 3.61665719595e-09, 2.00518757154e-09, 2.76100720065e-09, 4.09614564489e-09, 5.95481886023e-09, 4.28070467962e-09, 2.61792321155e-09, 9.41491884454e-10, 3.25165405712e-09, 3.32111921297e-10, 1.8724377604e-10, 9.5491103913e-10, 2.9129618162e-10, 1.30326749392e-10, 4.04421052203e-10, 5.31124533243e-10, 4.35503633156e-10, 1.98175059696e-10, 3.07059960791e-10, 1.94720448099e-10, 2.09994382994e-10, 1.64216515386e-10, 5.81893089269e-10, 7.33274496678e-10, 3.36637939746e-10, 3.53829021638e-10]
    },
    "mfcc": {
        "mean": [-647.508666992, 124.819847107, 26.2478179932, 41.8145256042, 12.7602243423, 2.36522984505, 4.2972073555, 5.18336725235, 7.93886184692, 2.10159277916, 3.08453011513, 6.96523809433, 5.72188997269],
        "cov": [[6684.06445312, -3689.50366211, 372.509094238, -356.529846191, 44.3947868347, 141.353561401, -243.83190918, -157.10760498, -52.8543281555, -62.2257614136, -29.1762313843, 14.2983751297, -80.3102340698], [-3689.50366211, 4405.57080078, -1842.33496094, 282.448181152, -8.50361728668, -307.759857178, 76.4542922974, 74.2531509399, 50.4611053467, 15.1181297302, -7.58359956741, -44.2462882996, 116.011360168], [372.509094238, -1842.33496094, 2206.46899414, -310.03302002, -155.211990356, 199.541976929, -12.5353784561, -54.2555122375, -93.9139785767, 20.232093811, 49.1058311462, 53.2321777344, -82.8640518188], [-356.529846191, 282.448181152, -310.03302002, 509.969085693, 77.7694473267, -33.0163574219, -2.97568392754, -33.8885879517, 26.6025600433, -32.1706199646, -12.309513092, 4.71259784698, 17.6251125336], [44.3947868347, -8.50361728668, -155.211990356, 77.7694473267, 243.15411377, 10.9852819443, -28.2809009552, 8.51614093781, 11.9638185501, 27.8134422302, -23.6041431427, -16.5085506439, -6.65038061142], [141.353561401, -307.759857178, 199.541976929, -33.0163574219, 10.9852819443, 168.541061401, 45.4898757935, -2.93878984451, -4.56210136414, 2.06260466576, 6.53164434433, -0.512777507305, -18.642906189], [-243.83190918, 76.4542922974, -12.5353784561, -2.97568392754, -28.2809009552, 45.4898757935, 150.05291748, 64.8202438354, 7.99399518967, 3.25407218933, 4.49102592468, -3.51570773125, 7.65327882767], [-157.10760498, 74.2531509399, -54.2555122375, -33.8885879517, 8.51614093781, -2.93878984451, 64.8202438354, 129.960067749, 43.3200492859, 13.588142395, 8.43682003021, -17.9132518768, -0.198399528861], [-52.8543281555, 50.4611053467, -93.9139785767, 26.6025600433, 11.9638185501, -4.56210136414, 7.99399518967, 43.3200492859, 91.9186401367, 30.1300201416, 6.25776290894, 2.33253479004, 4.81819915771], [-62.2257614136, 15.1181297302, 20.232093811, -32.1706199646, 27.8134422302, 2.06260466576, 3.25407218933, 13.588142395, 30.1300201416, 85.014503479, 26.5698986053, -7.77494001389, -7.9091501236], [-29.1762313843, -7.58359956741, 49.1058311462, -12.309513092, -23.6041431427, 6.53164434433, 4.49102592468, 8.43682003021, 6.25776290894, 26.5698986053, 69.0160675049, 24.5492515564, -4.10878562927], [14.2983751297, -44.2462882996, 53.2321777344, 4.71259784698, -16.5085506439, -0.512777507305, -3.51570773125, -17.9132518768, 2.33253479004, -7.77494001389, 24.5492515564, 81.6123733521, 40.112197876], [-80.3102340698, 116.011360168, -82.8640518188, 17.6251125336, -6.65038061142, -18.642906189, 7.65327882767, -0.198399528861, 4.81819915771, -7.9091501236, -4.10878562927, 40.112197876, 92.7226791382]],
