{
"lowlevel": {
    "average_loudness": 0.915800273418,
    "barkbands_crest": {
        "dmean": 2.60679531097,
        "dmean2": 4.27908611298,
        "dvar": 5.49533367157,
        "dvar2": 13.941403389,
        "max": 24.8335151672,
        "mean": 9.35391330719,
        "median": 8.94016933441,
        "min": 2.11138081551,
        "var": 12.1715888977
    },
    "barkbands_flatness_db": {
        "dmean": 0.0242653694004,
        "dmean2": 0.0373879745603,
        "dvar": 0.000603130320087,
        "dvar2": 0.00131593435071,
        "max": 0.680398523808,
        "mean": 0.11598329246,
        "median": 0.110863812268,
        "min": 0.0128535944968,
        "var": 0.0021972253453
    },
    "barkbands_kurtosis": {
        "dmean": 4.76832580566,
        "dmean2": 7.37863874435,
        "dvar": 61.6708374023,
        "dvar2": 126.074249268,
        "max": 563.439880371,
        "mean": 7.37911081314,
        "median": 4.24512910843,
        "min": -1.92800796032,
        "var": 146.867385864
    },
    "barkbands_skewness": {
        "dmean": 0.788239955902,
        "dmean2": 1.17107176781,
        "dvar": 0.660225510597,
        "dvar2": 1.44956684113,
        "max": 16.2681655884,
        "mean": 2.02860617638,
        "median": 2.01892662048,
        "min": -3.39666175842,
        "var": 2.21478652954
    },
    "barkbands_spread": {
        "dmean": 12.6517963409,
        "dmean2": 18.6723651886,
        "dvar": 291.833557129,
        "dvar2": 533.106140137,
        "max": 124.737075806,
        "mean": 30.7328701019,
        "median": 20.9226989746,
        "min": 0.257564067841,
        "var": 700.347290039
    },
    "dissonance": {
        "dmean": 0.015911526978,
        "dmean2": 0.0262723471969,
        "dvar": 0.000246898649493,
        "dvar2": 0.000636687094811,
        "max": 0.500000119209,
        "mean": 0.46830958128,
        "median": 0.473442494869,
        "min": 0.27303776145,
        "var": 0.000549669435713
    },
    "dynamic_complexity": 2.70280385017,
    "erbbands_crest": {
        "dmean": 2.18684244156,
        "dmean2": 3.51918745041,
        "dvar": 4.89304161072,
        "dvar2": 11.3309288025,
        "max": 28.9189605713,
        "mean": 7.08869504929,
        "median": 6.12007141113,
        "min": 1.91017210484,
        "var": 13.751543045
    },
    "erbbands_flatness_db": {
        "dmean": 0.0172054823488,
        "dmean2": 0.0238695610315,
        "dvar": 0.00032879866194,
        "dvar2": 0.000580348540097,
        "max": 0.338253319263,
        "mean": 0.09870801121,
        "median": 0.0957215726376,
        "min": 0.0240590050817,
        "var": 0.00170299224555
    },
    "erbbands_kurtosis": {
        "dmean": 0.957274973392,
        "dmean2": 1.46209955215,
        "dvar": 2.9757335186,
        "dvar2": 6.49903821945,
        "max": 75.2789001465,
        "mean": 0.504321813583,
        "median": -0.282153248787,
        "min": -1.80788493156,
        "var": 8.31648635864
    },
    "erbbands_skewness": {
        "dmean": 0.387908011675,
        "dmean2": 0.561772763729,
        "dvar": 0.164521038532,
        "dvar2": 0.331385850906,
        "max": 8.37476158142,
        "mean": 0.38728249073,
        "median": 0.420827120543,
        "min": -2.62614440918,
        "var": 0.648077249527
    },
    "erbbands_spread": {
        "dmean": 12.6048164368,
        "dmean2": 18.5187644958,
        "dvar": 166.696090698,
        "dvar2": 347.89364624,
        "max": 166.149337769,
        "mean": 55.9737548828,
        "median": 53.0593757629,
        "min": 1.9193829298,
        "var": 621.135803223
    },
    "hfc": {
        "dmean": 39.0301246643,
        "dmean2": 57.3229789734,
        "dvar": 6469.89990234,
        "dvar2": 14236.9814453,
        "max": 604.652282715,
        "mean": 46.4380226135,
        "median": 12.8879451752,
        "min": 1.1476375287e-16,
        "var": 7659.75341797
    },
    "melbands_crest": {
        "dmean": 3.17799305916,
        "dmean2": 5.25337028503,
        "dvar": 8.7952709198,
        "dvar2": 21.270149231,
        "max": 39.7233581543,
        "mean": 13.7769870758,
        "median": 13.0830497742,
        "min": 1.6121891737,
        "var": 24.2122955322
    },
    "melbands_flatness_db": {
        "dmean": 0.0332693941891,
        "dmean2": 0.0497300550342,
        "dvar": 0.00117230752949,
        "dvar2": 0.00243258918636,
        "max": 0.791738808155,
        "mean": 0.197876736522,
        "median": 0.200348854065,
        "min": 0.00419515836984,
        "var": 0.00479525560513
    },
    "melbands_kurtosis": {
        "dmean": 16.4807014465,
        "dmean2": 25.3544044495,
        "dvar": 35388.7226562,
        "dvar2": 72511.5625,
        "max": 20292.6621094,
        "mean": 28.8658123016,
        "median": 16.7746391296,
        "min": -1.76509332657,
        "var": 42884.7773438
    },
    "melbands_skewness": {
        "dmean": 1.0157147646,
        "dmean2": 1.56346380711,
        "dvar": 1.97630012035,
        "dvar2": 3.90522289276,
        "max": 99.4499435425,
        "mean": 3.74544930458,
        "median": 3.45659089088,
        "min": -1.60998892784,
        "var": 5.71484184265
    },
    "melbands_spread": {
        "dmean": 9.66193675995,
        "dmean2": 14.5409116745,
        "dvar": 222.375152588,
        "dvar2": 436.848144531,
        "max": 238.776977539,
        "mean": 22.1469154358,
        "median": 14.3133354187,
        "min": 0.0175371859223,
        "var": 592.485046387
    },
    "pitch_salience": {
        "dmean": 0.0743525922298,
        "dmean2": 0.123467668891,
        "dvar": 0.00493127247319,
        "dvar2": 0.0123729677871,
        "max": 0.875868678093,
        "mean": 0.595891416073,
        "median": 0.608733177185,
        "min": 0.00258431932889,
        "var": 0.0101898293942
    },
    "silence_rate_20dB": {
        "dmean": 0,
        "dmean2": 0,
        "dvar": 0,
        "dvar2": 0,
        "max": 1,
        "mean": 1,
        "median": 1,
        "min": 1,
        "var": 0
    },
    "silence_rate_30dB": {
        "dmean": 0.0359800457954,
        "dmean2": 0.0719659775496,
        "dvar": 0.034681789577,
        "dvar2": 0.0697360783815,
        "max": 1,
        "mean": 0.955519199371,
        "median": 1,
        "min": 0,
        "var": 0.0425052158535
    },
    "silence_rate_60dB": {
        "dmean": 0.0155368382111,
        "dmean2": 0.0309944394976,
        "dvar": 0.0152976857498,
        "dvar2": 0.0332970619202,
        "max": 1,
        "mean": 0.0310711357743,
        "median": 0,
        "min": 0,
        "var": 0.030110206455
    },
    "spectral_centroid": {
        "dmean": 365.573028564,
        "dmean2": 542.330566406,
        "dvar": 184450,
        "dvar2": 364468.6875,
        "max": 11653.1455078,
        "mean": 1303.11352539,
        "median": 1066.83911133,
        "min": 50.8177719116,
        "var": 808703.625
    },
    "spectral_complexity": {
        "dmean": 4.6406083107,
        "dmean2": 6.65693473816,
        "dvar": 38.2885932922,
        "dvar2": 63.526512146,
        "max": 63,
        "mean": 16.2175788879,
        "median": 14,
        "min": 0,
        "var": 97.1267089844
    },
    "spectral_decrease": {
        "dmean": 3.8748653175e-09,
        "dmean2": 6.08763439658e-09,
        "dvar": 7.62878768107e-17,
        "dvar2": 1.76589958239e-16,
        "max": 1.06737430006e-09,
        "mean": -7.64911778361e-09,
        "median": -5.297618344e-09,
        "min": -9.54224788074e-08,
        "var": 9.74028795559e-17
    },
    "spectral_energy": {
        "dmean": 0.0170056764036,
        "dmean2": 0.0259328242391,
        "dvar": 0.00116102560423,
        "dvar2": 0.00261948234402,
        "max": 0.365485876799,
        "mean": 0.0330817699432,
        "median": 0.023353651166,
        "min": 1.02595744519e-20,
        "var": 0.00155568984337
    },
    "spectral_energyband_high": {
        "dmean": 0.0029004747048,
        "dmean2": 0.00425939355046,
        "dvar": 3.79772864108e-05,
        "dvar2": 8.26179821161e-05,
        "max": 0.0454003550112,
        "mean": 0.00324621004984,
        "median": 0.000514193670824,
        "min": 7.34923640183e-21,
        "var": 4.67876197945e-05
    },
    "spectral_energyband_low": {
        "dmean": 0.0115271797404,
        "dmean2": 0.0185053292662,
        "dvar": 0.0010257109534,
        "dvar2": 0.00244922586717,
        "max": 0.346245408058,
        "mean": 0.0171230919659,
        "median": 0.00803313404322,
        "min": 1.84689424639e-23,
        "var": 0.00114096328616
    },
    "spectral_energyband_middle_high": {
        "dmean": 0.00226617325097,
        "dmean2": 0.00368211255409,
        "dvar": 3.35623008141e-05,
        "dvar2": 8.61341904965e-05,
        "max": 0.0729156136513,
        "mean": 0.00348859094083,
        "median": 0.0017897868529,
        "min": 1.21301270849e-21,
        "var": 3.39560465363e-05
    },
    "spectral_energyband_middle_low": {
        "dmean": 0.00482862861827,
        "dmean2": 0.00799797847867,
        "dvar": 5.68746836507e-05,
        "dvar2": 0.000148019156768,
        "max": 0.130839198828,
        "mean": 0.0107826841995,
        "median": 0.00806983467191,
        "min": 2.12632092748e-22,
        "var": 9.24286723603e-05
    },
    "spectral_entropy": {
        "dmean": 0.225070253015,
        "dmean2": 0.302411973476,
        "dvar": 0.056874524802,
        "dvar2": 0.0989205315709,
        "max": 9.82534885406,
        "mean": 7.8223490715,
        "median": 7.83870220184,
        "min": 5.81432056427,
        "var": 0.246671587229
    },
    "spectral_flux": {
        "dmean": 0.0385558381677,
        "dmean2": 0.058664187789,
        "dvar": 0.00287046586163,
        "dvar2": 0.00575995398685,
        "max": 0.531145811081,
        "mean": 0.0960992574692,
        "median": 0.0772214978933,
        "min": 6.33044380804e-11,
        "var": 0.00535606220365
    },
    "spectral_kurtosis": {
        "dmean": 0.99432092905,
        "dmean2": 1.46113479137,
        "dvar": 1.7304110527,
        "dvar2": 3.70031571388,
        "max": 31.3414573669,
        "mean": 3.47303700447,
        "median": 2.97456049919,
        "min": -1.25032413006,
        "var": 6.08450126648
    },
    "spectral_rms": {
        "dmean": 0.00123866659123,
        "dmean2": 0.00180936977267,
        "dvar": 2.94939422929e-06,
        "dvar2": 6.00431258135e-06,
        "max": 0.0188831035048,
        "mean": 0.00508977565914,
        "median": 0.00477326381952,
        "min": 3.16375419786e-12,
        "var": 6.36895856587e-06
    },
    "spectral_rolloff": {
        "dmean": 1735.0032959,
        "dmean2": 2732.25292969,
        "dvar": 11530368,
        "dvar2": 20456778,
        "max": 19401.4160156,
        "mean": 2767.86743164,
        "median": 732.12890625,
        "min": 21.533203125,
        "var": 20484100
    },
    "spectral_skewness": {
        "dmean": 0.193273365498,
        "dmean2": 0.28141489625,
        "dvar": 0.0472886413336,
        "dvar2": 0.100081793964,
        "max": 4.37545633316,
        "mean": 1.51694047451,
        "median": 1.45329475403,
        "min": -0.067895822227,
        "var": 0.189522057772
    },
    "spectral_spread": {
        "dmean": 1019595.375,
        "dmean2": 1272736.5,
        "dvar": 1.54437772902e+12,
        "dvar2": 2.34402820915e+12,
        "max": 41992136,
        "mean": 6939525.5,
        "median": 6200074,
        "min": 1694411.875,
        "var": 8.33810071552e+12
    },
    "spectral_strongpeak": {
        "dmean": 0.377336800098,
        "dmean2": 0.654308795929,
        "dvar": 0.85165387392,
        "dvar2": 2.23101210594,
        "max": 22.5288887024,
        "mean": 0.599222421646,
        "median": 0.351660221815,
        "min": 0,
        "var": 0.934239804745
    },
    "zerocrossingrate": {
        "dmean": 0.0333323329687,
        "dmean2": 0.0355440229177,
        "dvar": 0.00190035009291,
        "dvar2": 0.00215170835145,
        "max": 0.5283203125,
        "mean": 0.0978330373764,
        "median": 0.06298828125,
        "min": 0.0009765625,
        "var": 0.00785450078547
    },
    "barkbands": {
        "dmean": [0.000462919240817, 0.00747842853889, 0.00470928149298, 0.00183685857337, 0.00266165519133, 0.000516739615705, 0.000425878009992, 0.000468493846711, 0.000640687649138, 0.000455342553323, 0.000497017754242, 0.000388063956052, 0.000275297759799, 0.000101256715425, 0.000151744912728, 0.000298228900647, 0.00015413024812, 0.000168162107002, 0.000202895345865, 0.000206595359487, 0.000271420489298, 0.000206830853131, 0.000188806181541, 0.000329362956109, 0.000333082047291, 0.000770878454205, 0.00086443539476],
        "dmean2": [0.000675138144288, 0.0122464885935, 0.00799631141126, 0.00315148243681, 0.00448541389778, 0.000835797050968, 0.000746609468479, 0.000776566681452, 0.000944743747823, 0.00074794847751, 0.000838861858938, 0.000646618835162, 0.000464300363092, 0.000165911289514, 0.000245429080678, 0.000515489839017, 0.000248178926995, 0.000279436120763, 0.000338515033945, 0.000330471782945, 0.000421214586822, 0.000311765179504, 0.000280094798654, 0.000486211414682, 0.000477797031635, 0.00115684920456, 0.00133567675948],
        "dvar": [3.00107058138e-06, 0.000515555846505, 0.000186062607099, 1.40570646181e-05, 1.52493557835e-05, 1.5178469539e-06, 1.13338273877e-06, 1.98617840397e-06, 2.62047387878e-06, 1.48410629208e-06, 1.29864326937e-06, 1.48125377564e-06, 7.45725969864e-07, 1.01137622721e-07, 1.66134825008e-07, 1.35220329867e-06, 2.15148247662e-07, 1.96250439899e-07, 4.5438744678e-07, 3.51229743956e-07, 3.16041450787e-07, 1.63406667752e-07, 1.43122917962e-07, 4.79930918118e-07, 5.2062461009e-07, 3.26177905663e-06, 4.47906631962e-06],
        "dvar2": [6.26069322607e-06, 0.0011802893132, 0.000507205666509, 3.9215763536e-05, 4.1005165258e-05, 3.90459308619e-06, 3.15939064421e-06, 5.24527104062e-06, 5.82507345825e-06, 3.6085255033e-06, 3.35973709298e-06, 3.94205062548e-06, 1.93732557818e-06, 2.50882436603e-07, 4.42625861297e-07, 3.6515807551e-06, 5.4863431842e-07, 5.10314919211e-07, 1.2323791907e-06, 8.19574438538e-07, 7.62477782246e-07, 3.70497616586e-07, 3.16516121757e-07, 1.04596563233e-06, 1.08912274754e-06, 7.21062451703e-06, 1.04353293864e-05],
        "max": [0.0301993303001, 0.235138908029, 0.16046282649, 0.0876183211803, 0.0834100991488, 0.0272761210799, 0.0144966114312, 0.0299457851797, 0.0586569011211, 0.024768602103, 0.0221262648702, 0.016646893695, 0.0192053262144, 0.0114324595779, 0.00688051665202, 0.0211897622794, 0.00892342068255, 0.00808130111545, 0.00981793832034, 0.0138204963878, 0.00660141650587, 0.00865447986871, 0.00541434669867, 0.00634007947519, 0.0074887261726, 0.0155408158898, 0.0169816594571],
        "mean": [0.000511705991812, 0.00944333896041, 0.00567540060729, 0.00276840524748, 0.00449006212875, 0.00101050478406, 0.000458070659079, 0.000646102940664, 0.00131003616843, 0.000653478200547, 0.000672346621286, 0.000467844598461, 0.000305808120174, 0.000139975512866, 0.000213012637687, 0.000280190637568, 0.000216990563786, 0.00019202567637, 0.000227121374337, 0.000252512050793, 0.000344991887687, 0.000291280826787, 0.00025002862094, 0.00038764756755, 0.000385247229133, 0.000743226788472, 0.000744256190956],
        "median": [2.03148010769e-05, 0.00362500897609, 0.00202909903601, 0.00173687422648, 0.00303698517382, 0.000544789130799, 0.000128657615278, 0.000286423775833, 0.000607237452641, 0.000237658940023, 0.00022250051552, 0.000166210957104, 0.000101912417449, 5.01573449583e-05, 8.84114706423e-05, 6.83577090967e-05, 8.78813516465e-05, 6.4316263888e-05, 7.15037313057e-05, 7.60524271755e-05, 0.00010183636914, 9.24564083107e-05, 7.24012352293e-05, 5.56552186026e-05, 4.76951245219e-05, 3.34373726218e-05, 1.81866835192e-05],
        "min": [1.01174951108e-24, 3.35692579583e-24, 2.06968485601e-24, 2.25093393202e-24, 7.33314526757e-24, 1.03923865122e-23, 9.43545957999e-24, 8.27136594115e-24, 2.15027800208e-23, 2.50709146466e-23, 1.41350763347e-23, 3.33302914797e-23, 3.93083235957e-23, 4.39628963927e-23, 7.15934564175e-23, 6.01947760576e-23, 9.48726281346e-23, 1.36375862536e-22, 1.0776655332e-22, 1.89789344127e-22, 3.05665021521e-22, 3.02387651559e-22, 4.32438402113e-22, 5.4624303564e-22, 8.99579110991e-22, 1.48182429422e-21, 2.08750841559e-21],
        "var": [4.23697292717e-06, 0.000548782933038, 0.000139871161082, 1.43910792758e-05, 2.40608278546e-05, 2.64318191512e-06, 1.04310038296e-06, 1.88163483017e-06, 8.28039719636e-06, 2.11328688238e-06, 1.82217377187e-06, 1.31711021822e-06, 6.34839580016e-07, 1.24706247107e-07, 1.72736250192e-07, 9.61153205026e-07, 2.3441191388e-07, 1.78001002382e-07, 3.52675613158e-07, 4.42380951426e-07, 3.9970430521e-07, 2.82863084067e-07, 2.02437334451e-07, 6.68618724831e-07, 7.32899138711e-07, 3.66654398931e-06, 4.39696941612e-06]
    },
    "erbbands": {
        "dmean": [0.207776412368, 1.88985657692, 5.20584392548, 6.08861064911, 7.78417539597, 9.16926193237, 8.12573432922, 4.61049795151, 4.97677516937, 8.33504962921, 8.72491073608, 16.2606105804, 10.615190506, 17.2898044586, 22.4911270142, 13.6606168747, 11.2609930038, 6.1666765213, 6.75374031067, 12.970287323, 12.4230451584, 8.90772438049, 8.34474754333, 10.8012905121, 10.400434494, 8.63321971893, 9.78092098236, 10.5946483612, 8.12721824646, 5.0638461113, 5.82121086121, 6.08809804916, 5.88390254974, 3.46604776382, 2.61129021645, 2.54456567764, 1.5477244854, 0.695392429829, 0.155394375324, 0.00716153206304],
        "dmean2": [0.317134261131, 3.21010446548, 8.90956401825, 10.4263696671, 12.8904590607, 15.6689691544, 14.1527614594, 7.23972654343, 8.63841819763, 14.0426273346, 14.4570083618, 23.937379837, 16.8922786713, 28.4320640564, 37.5254249573, 22.7845115662, 18.9412155151, 9.95054721832, 10.9262313843, 21.7835159302, 21.181678772, 14.1533813477, 13.6940917969, 17.9632778168, 16.8778038025, 13.7883138657, 15.426697731, 16.3214797974, 12.2996301651, 7.47593450546, 8.80030059814, 9.01221561432, 8.75399398804, 4.96390390396, 3.79013776779, 3.81298708916, 2.33717989922, 1.05564463139, 0.241335228086, 0.011116495356],
        "dvar": [0.445934504271, 35.9985809326, 275.853515625, 195.420028687, 152.440063477, 221.182785034, 204.933807373, 101.6147995, 172.46673584, 475.805633545, 586.370178223, 1883.17150879, 807.344848633, 2040.09228516, 3192.30395508, 2174.62866211, 1181.3182373, 327.08215332, 358.974151611, 1958.88427734, 2045.15563965, 592.22845459, 469.725311279, 1122.53125, 997.99609375, 538.561767578, 556.870910645, 489.523986816, 257.146057129, 93.3421478271, 139.422607422, 159.66583252, 159.06362915, 54.0678901672, 33.8718452454, 35.5355987549, 13.6444072723, 2.83421158791, 0.145943373442, 0.0003089189413],
        "dvar2": [0.945045590401, 93.0715026855, 748.443847656, 546.308898926, 399.576538086, 610.816650391, 572.399658203, 247.020523071, 462.001678467, 1247.1348877, 1585.29016113, 4228.35595703, 1907.76745605, 4948.19970703, 8101.02587891, 5833.21972656, 3060.17724609, 819.590209961, 955.067871094, 5294.546875, 5532.09619141, 1420.89257812, 1231.34997559, 2994.50439453, 2551.57397461, 1313.30737305, 1428.78918457, 1133.46325684, 594.568969727, 211.317077637, 304.648895264, 354.747467041, 348.195220947, 113.878852844, 71.5402374268, 79.2777252197, 30.4380741119, 6.4320936203, 0.342637658119, 0.000726704020053],
        "max": [10.405954361, 61.6089096069, 188.857208252, 169.04914856, 260.314788818, 382.206237793, 421.837615967, 192.832550049, 240.266937256, 367.923492432, 409.704162598, 1705.01342773, 735.220458984, 792.168823242, 1097.68041992, 642.702209473, 658.224914551, 431.299987793, 542.11932373, 659.055053711, 756.44519043, 566.756225586, 501.127990723, 478.52557373, 517.963806152, 397.024078369, 318.313812256, 413.219146729, 290.560577393, 161.124099731, 123.29611969, 135.20223999, 118.35723877, 83.9210968018, 55.1661682129, 56.6588668823, 31.0995101929, 16.1374225616, 3.10117006302, 0.137010976672],
        "mean": [0.252600908279, 2.16831898689, 6.11326646805, 8.89935779572, 11.9811859131, 14.3502597809, 12.5454158783, 9.38981342316, 6.01444625854, 10.9509935379, 13.6749105453, 32.3615913391, 20.685464859, 23.7954006195, 30.507818222, 15.8389196396, 12.6922254562, 8.65936946869, 10.0299272537, 14.2185049057, 13.2535963058, 12.8430643082, 10.3097457886, 11.9259719849, 12.4669628143, 10.5921468735, 11.7705373764, 14.5412597656, 11.0792789459, 7.45037794113, 7.49483346939, 7.27726650238, 6.75825786591, 4.12671375275, 2.90035200119, 2.54170846939, 1.46517491341, 0.627761781216, 0.132418364286, 0.00613057659939],
        "median": [0.056685693562, 0.875106573105, 2.79986524582, 5.16910266876, 7.07988929749, 8.61666679382, 6.76861190796, 5.09655618668, 2.38251590729, 3.96243619919, 7.10548305511, 14.452835083, 9.77746772766, 7.58697128296, 10.9840316772, 5.73196220398, 4.37726688385, 3.63930797577, 4.16371631622, 4.52102947235, 4.21163511276, 5.2169303894, 3.75607919693, 3.89031744003, 3.57040405273, 3.44524002075, 3.73794317245, 4.21603488922, 3.43280553818, 2.67422008514, 1.93779969215, 1.24735403061, 0.903686881065, 0.563123464584, 0.319437325001, 0.146119594574, 0.0581220723689, 0.0178174525499, 0.00304258614779, 0.000196159671759],
        "min": [1.45427972003e-22, 8.16343910391e-22, 3.86450259963e-21, 7.20272769039e-21, 4.16126454959e-21, 2.66786459375e-20, 5.5362972216e-20, 8.8891684983e-20, 1.11210349153e-19, 2.70123635546e-19, 5.40335469225e-19, 5.58651574433e-19, 8.156716351e-19, 1.18069785742e-18, 1.12451988612e-18, 1.66005812138e-18, 2.17528441972e-18, 2.30774395313e-18, 4.18187362531e-18, 3.17912185979e-18, 4.81280853266e-18, 5.47744029664e-18, 8.37017196243e-18, 6.54998418557e-18, 6.88133164585e-18, 8.54250842561e-18, 9.45761668292e-18, 1.1817404979e-17, 1.06134477334e-17, 1.23865896129e-17, 1.33121087654e-17, 1.07033357962e-17, 1.07141371206e-17, 9.07827578991e-18, 7.31551750861e-18, 4.3995420676e-18, 2.5397918964e-18, 1.02892644844e-18, 2.91254300336e-19, 2.8068167195e-20],
        "var": [0.54674166441, 29.6447086334, 200.625289917, 169.184051514, 218.67729187, 313.699951172, 340.834106445, 205.738372803, 188.350738525, 521.082702637, 625.308044434, 5426.22851562, 1733.38232422, 2959.31640625, 4544.61083984, 1709.49243164, 1017.36297607, 374.127685547, 400.759552002, 1520.83935547, 1500.13562012, 776.100830078, 448.578125, 890.73059082, 1118.51123047, 623.95111084, 554.080200195, 831.415100098, 402.028869629, 154.228866577, 190.926803589, 220.747573853, 213.400054932, 79.9545822144, 44.2940101624, 41.1722335815, 14.9025535583, 2.94319558144, 0.140855848789, 0.000297723949188]
    },
    "gfcc": {
        "mean": [24.4236354828, 54.3690376282, -71.7026367188, 22.9431209564, -48.6112518311, 11.3191413879, -25.3017120361, 3.26575303078, -24.7863140106, -5.50491046906, -22.9485340118, 1.38078093529, -9.61962604523],
        "cov": [[8709.60058594, -991.873168945, 141.58430481, 30.3533382416, -52.3844909668, 98.3360137939, 30.0720882416, 101.302612305, -125.871955872, 81.5082321167, -64.1590270996, 24.0644950867, -94.0143585205], [-991.873168945, 2019.21508789, -410.191070557, 185.726364136, -16.7046508789, 61.8331336975, 3.69528150558, 1.16569554806, 65.1881942749, -108.098731995, -60.9316482544, -76.5804290771, -26.0682086945], [141.58430481, -410.191070557, 861.497009277, 154.306518555, 165.884979248, 57.6812019348, 91.977355957, 24.8235549927, -5.04205560684, 44.8488235474, 1.77267491817, -2.50889468193, -39.5176048279], [30.3533382416, 185.726364136, 154.306518555, 491.586853027, 166.372375488, 88.3021697998, 9.5554933548, 35.5670280457, 25.4829883575, 26.5036792755, 20.8063354492, -24.7061691284, -38.7550392151], [-52.3844909668, -16.7046508789, 165.884979248, 166.372375488, 260.984283447, 85.1683197021, 45.6613273621, 18.7584972382, 30.4637641907, 41.8509674072, 24.3252315521, -12.2881040573, -30.9824008942], [98.3360137939, 61.8331336975, 57.6812019348, 88.3021697998, 85.1683197021, 147.645568848, 88.3418579102, 34.4783859253, 10.7033576965, 14.0833625793, 8.25053405762, -1.59005117416, -11.5711631775], [30.0720882416, 3.69528150558, 91.977355957, 9.5554933548, 45.6613273621, 88.3418579102, 145.678390503, 63.4545974731, 21.3149166107, 6.50942564011, 7.5195775032, -0.210352927446, -7.24348735809], [101.302612305, 1.16569554806, 24.8235549927, 35.5670280457, 18.7584972382, 34.4783859253, 63.4545974731, 91.640914917, 37.5444259644, 9.88521671295, 4.3638715744, -0.6814442873, -6.12172651291], [-125.871955872, 65.1881942749, -5.04205560684, 25.4829883575, 30.4637641907, 10.7033576965, 21.3149166107, 37.5444259644, 69.9095916748, 26.6369571686, 5.01503944397, -3.11756563187, 1.85528111458], [81.5082321167, -108.098731995, 44.8488235474, 26.5036792755, 41.8509674072, 14.0833625793, 6.50942564011, 9.88521671295, 26.6369571686, 67.7049026489, 28.9581279755, 3.24497246742, -4.85194969177], [-64.1590270996, -60.9316482544, 1.77267491817, 20.8063354492, 24.3252315521, 8.25053405762, 7.5195775032, 4.3638715744, 5.01503944397, 28.9581279755, 57.0635871887, 24.2293720245, 2.80009746552], [24.0644950867, -76.5804290771, -2.50889468193, -24.7061691284, -12.2881040573, -1.59005117416, -0.210352927446, -0.6814442873, -3.11756563187, 3.24497246742, 24.2293720245, 56.0160751343, 27.2281360626], [-94.0143585205, -26.0682086945, -39.5176048279, -38.7550392151, -30.9824008942, -11.5711631775, -7.24348735809, -6.12172651291, 1.85528111458, -4.85194969177, 2.80009746552, 27.2281360626, 48.0837860107]],
        "icov": [[0.000147885511979, 5.83295332035e-05, 5.10895915795e-05, -3.70026282326e-05, 7.46692385292e-05, -0.000124046957353, 7.68380123191e-05, -0.000330980168656, 0.000476999091916, -0.00047229527263, 0.000591720105149, -0.000410801207181, 0.000452735461295], [5.83295332035e-05, 0.000808667449746, 0.00037719035754, -0.000409119267715, 0.000207782708458, -0.000462025403976, -0.000161595700774, 0.00066027167486, -0.00138013612013, 0.00151680817362, 0.000143971381476, 0.000461769523099, 0.000551562930923], [5.10895915795e-05, 0.00037719035754, 0.00180191814434, -0.000648143352009, -0.000711966247763, 0.000830730132293, -0.00172443245538, 0.000542903202586, 0.000673049362376, -0.000967404805124, 0.00187482975889, -0.00116397964302, 0.00123975239694], [-3.70026282326e-05, -0.000409119267715, -0.000648143352009, 0.0033999059815, -0.0013383559417, -0.00187924411148, 0.00268959696405, -0.00198600371368, 0.0001747047354, 0.000400768389227, -0.0018164429348, 0.00124920590315, 0.000183293610462], [7.46692385292e-05, 0.000207782708458, -0.000711966247763, -0.0013383559417, 0.00687524862587, -0.00286128325388, -3.94522576244e-05, 0.00177424203139, -0.0027546971105, -0.000799540895969, -0.00148896849714, 0.000439002673374, 0.00241993623786], [-0.000124046957353, -0.000462025403976, 0.000830730132293, -0.00187924411148, -0.00286128325388, 0.0147199900821, -0.009312806651, 0.00103522907011, 0.00317370053381, -0.00321391923353, 0.00258427183144, -0.00225000409409, -0.000220544039621], [7.68380123191e-05, -0.000161595700774, -0.00172443245538, 0.00268959696405, -3.94522576244e-05, -0.009312806651, 0.0175640303642, -0.0092912632972, -0.00047978409566, 0.00295052840374, -0.00363881676458, 0.00227652909234, -0.000751300249249], [-0.000330980168656, 0.00066027167486, 0.000542903202586, -0.00198600371368, 0.00177424203139, 0.00103522907011, -0.0092912632972, 0.0222981590778, -0.0119085991755, 0.00344993104227, -0.00073008495383, -0.00108513445593, 0.00285244081169], [0.000476999091916, -0.00138013612013, 0.000673049362376, 0.0001747047354, -0.0027546971105, 0.00317370053381, -0.00047978409566, -0.0119085991755, 0.0289479978383, -0.0147489169613, 0.00614485424012, -0.000773907406256, -0.00424606679007], [-0.00047229527263, 0.00151680817362, -0.000967404805124, 0.000400768389227, -0.000799540895969, -0.00321391923353, 0.00295052840374, 0.00344993104227, -0.0147489169613, 0.0309840291739, -0.0160894375294, 0.00657288264483, -6.75412084092e-05], [0.000591720105149, 0.000143971381476, 0.00187482975889, -0.0018164429348, -0.00148896849714, 0.00258427183144, -0.00363881676458, -0.00073008495383, 0.00614485424012, -0.0160894375294, 0.0346921645105, -0.0180168412626, 0.00665458897129], [-0.000410801207181, 0.000461769523099, -0.00116397964302, 0.00124920590315, 0.000439002673374, -0.00225000409409, 0.00227652909234, -0.00108513445593, -0.000773907406256, 0.00657288264483, -0.0180168412626, 0.0358456708491, -0.0191122610122], [0.000452735461295, 0.000551562930923, 0.00123975239694, 0.000183293610462, 0.00241993623786, -0.000220544039621, -0.000751300249249, 0.00285244081169, -0.00424606679007, -6.75412084092e-05, 0.00665458897129, -0.0191122610122, 0.035496134311]]
    },
    "melbands": {
        "dmean": [0.00184122985229, 0.00264703156427, 0.00106383266393, 0.000592258409597, 0.000326162844431, 9.67905434663e-05, 8.15417079139e-05, 9.93941139313e-05, 6.69986038702e-05, 0.000110233522719, 5.49155301997e-05, 7.28393788449e-05, 6.50593501632e-05, 5.11403741257e-05, 3.28426140186e-05, 2.51346991718e-05, 1.00723764263e-05, 1.05133340185e-05, 1.25226533783e-05, 2.46352446993e-05, 1.25976885101e-05, 1.04576247395e-05, 6.34514344711e-06, 8.69032191986e-06, 9.08749916562e-06, 7.9302899394e-06, 8.98249436432e-06, 4.90357342642e-06, 5.91699517827e-06, 6.67602307658e-06, 5.92968126512e-06, 4.74764783576e-06, 3.77646460947e-06, 2.66910433311e-06, 3.40293240697e-06, 3.22478535963e-06, 4.22254561272e-06, 4.7355561037e-06, 3.31148839905e-06, 2.80072731584e-06],
        "dmean2": [0.00296440534294, 0.00452633108944, 0.00180488044862, 0.000993596157059, 0.000565845461097, 0.000152953376528, 0.000142299599247, 0.000166133919265, 0.000112295456347, 0.00016085995594, 8.75822079252e-05, 0.000119096621347, 0.000109294553113, 8.39242638904e-05, 5.65465634281e-05, 4.22652010457e-05, 1.62820524565e-05, 1.70624407474e-05, 2.06463337236e-05, 4.2646748625e-05, 2.15112868318e-05, 1.66200006788e-05, 1.02513859019e-05, 1.46308038893e-05, 1.51829390234e-05, 1.33076828206e-05, 1.44910018207e-05, 7.92628452473e-06, 9.54706683842e-06, 1.02823032648e-05, 9.21355967876e-06, 7.2879538493e-06, 5.72314093006e-06, 4.00117187382e-06, 5.21646734342e-06, 4.84456495542e-06, 6.35829746898e-06, 7.14724910722e-06, 4.82365203425e-06, 4.07414336223e-06],
        "dvar": [3.12700503855e-05, 7.13924309821e-05, 5.05504522152e-06, 8.24296080282e-07, 3.02399314478e-07, 4.8009155762e-08, 4.30995577005e-08, 7.30323534981e-08, 3.2612824441e-08, 8.61772804228e-08, 2.27814691556e-08, 3.64787382523e-08, 2.49973979294e-08, 1.76964221055e-08, 2.00779677328e-08, 7.70044739085e-09, 9.05176822386e-10, 9.36659305673e-10, 1.26917265586e-09, 9.50332434968e-09, 2.00319405508e-09, 9.44180955642e-10, 3.33321176216e-10, 5.34011002085e-10, 8.16395062664e-10, 6.94120871891e-10, 9.23687570875e-10, 1.44817116632e-10, 2.66901889479e-10, 1.83217691019e-10, 1.737065769e-10, 1.06054803828e-10, 4.80388437363e-11, 2.92883391151e-11, 4.78574922746e-11, 4.49262849145e-11, 8.16797185443e-11, 1.06158901114e-10, 5.08501504792e-11, 3.64458151159e-11],
        "dvar2": [6.48742789053e-05, 0.00019170595624, 1.41094169521e-05, 2.18447485167e-06, 8.58220914779e-07, 1.1758063323e-07, 1.17819709544e-07, 1.90695431002e-07, 8.87008795303e-08, 1.90619672935e-07, 5.34560058441e-08, 8.77178791825e-08, 6.45513367203e-08, 4.54006183759e-08, 5.30689625577e-08, 2.04860715058e-08, 2.2308568326e-09, 2.45754860906e-09, 3.42400241493e-09, 2.59337529229e-08, 5.47485567992e-09, 2.22441087772e-09, 8.8786933361e-10, 1.3942055288e-09, 2.19208584618e-09, 1.90129778588e-09, 2.08355954712e-09, 3.62300439649e-10, 7.04325264778e-10, 4.30631835746e-10, 4.08709122102e-10, 2.55430232521e-10, 1.07373908376e-10, 6.84772863413e-11, 1.06558623036e-10, 1.01012351261e-10, 1.84265228076e-10, 2.37094566202e-10, 1.11998743613e-10, 7.74291186723e-11],
        "max": [0.0723538696766, 0.0905385687947, 0.0337420590222, 0.0220746230334, 0.0124941868708, 0.00401349877939, 0.00315499282442, 0.00527077913284, 0.00283656432293, 0.0112341428176, 0.0040583810769, 0.00319208530709, 0.00297765014693, 0.00194584194105, 0.00223030266352, 0.00248985574581, 0.000886528228875, 0.00105019274633, 0.000639233912807, 0.00198512198403, 0.000679700868204, 0.000788840814494, 0.000546211434994, 0.000296304788208, 0.000430552347098, 0.000343741325196, 0.000891186180525, 0.000159677045303, 0.00023579999106, 0.000215661319089, 0.000334112439305, 0.000252715341048, 9.64973442024e-05, 9.55483701546e-05, 7.7848410001e-05, 0.000116340968816, 9.61606856436e-05, 9.74462163867e-05, 7.96801759861e-05, 8.08794502518e-05],
        "mean": [0.00245262589306, 0.00322100380436, 0.00165364972781, 0.000952662143391, 0.000515173189342, 0.00019370445807, 9.43091072259e-05, 0.000133488996653, 0.000102536097984, 0.000219528374146, 0.000105301434814, 9.85865990515e-05, 8.93127726158e-05, 6.8259825639e-05, 2.96735797747e-05, 2.97149945254e-05, 1.3992706954e-05, 1.52976499521e-05, 1.62844135048e-05, 2.29803590628e-05, 1.33446565087e-05, 1.46669526657e-05, 8.54568497743e-06, 9.37894765229e-06, 9.75281636784e-06, 8.46250895847e-06, 1.04328073576e-05, 5.9861176851e-06, 6.85301438352e-06, 8.17245381768e-06, 8.38244432089e-06, 6.21801655143e-06, 5.18347997058e-06, 3.79406469619e-06, 4.31911166743e-06, 3.90864761357e-06, 4.90096499561e-06, 5.33160255145e-06, 3.75837294087e-06, 3.3236933632e-06],
        "median": [0.000803457398433, 0.00155735516455, 0.00112357572652, 0.000618554651737, 0.000296529498883, 0.000103833590401, 3.45638618455e-05, 5.23863345734e-05, 5.3052954172e-05, 9.47862281464e-05, 4.83710682602e-05, 2.88717164949e-05, 3.13696837111e-05, 2.66459937848e-05, 6.23039250058e-06, 1.09457014332e-05, 5.29126100446e-06, 6.00221210334e-06, 6.60891237203e-06, 5.38791755389e-06, 4.37849575974e-06, 5.80828327656e-06, 3.45472221852e-06, 2.9362818168e-06, 3.15098532155e-06, 2.3867296477e-06, 2.59108333012e-06, 2.12255940824e-06, 2.16483203985e-06, 2.41678799284e-06, 2.39384530687e-06, 1.85599458291e-06, 1.71973783836e-06, 1.39404551192e-06, 1.19895321404e-06, 7.93399919985e-07, 7.52571509111e-07, 6.53308234178e-07, 5.13412715009e-07, 4.5191160325e-07],
        "min": [2.23962916082e-24, 1.78375374065e-24, 1.41814609615e-24, 7.23342654384e-25, 2.05311305776e-24, 1.81015928173e-24, 1.99897353383e-24, 3.61559959753e-24, 4.46145530873e-24, 3.55381798359e-24, 3.41778996454e-24, 4.58894469734e-24, 2.66790332398e-24, 3.26917369759e-24, 3.73568118782e-24, 3.35030409739e-24, 3.60475907098e-24, 5.46311657073e-24, 4.75731561908e-24, 4.16680432214e-24, 4.05264392181e-24, 5.26565798083e-24, 5.8656766294e-24, 4.69050856674e-24, 4.43228007701e-24, 3.63532309232e-24, 6.54820657877e-24, 5.26709725755e-24, 4.9495263118e-24, 6.39320566609e-24, 5.36040293656e-24, 4.55678875469e-24, 3.92709591989e-24, 6.24177632115e-24, 7.06121386949e-24, 7.48952432026e-24, 6.43700598456e-24, 6.51096997746e-24, 6.34741702371e-24, 6.46704699112e-24],
        "var": [3.89508059015e-05, 5.41436311323e-05, 4.62742809759e-06, 1.22186247609e-06, 4.88231876261e-07, 9.3193051498e-08, 4.32782769622e-08, 7.59870388833e-08, 3.41929116132e-08, 2.6464573466e-07, 4.73966181858e-08, 5.34466089164e-08, 3.41453407771e-08, 2.10206216877e-08, 1.50967132129e-08, 6.4924980947e-09, 1.11633746691e-09, 1.10586928503e-09, 1.134910943e-09, 6.67842359192e-09, 1.45149881003e-09, 1.25163546194e-09, 3.17959658602e-10, 4.55872811722e-10, 6.37039920814e-10, 5.26617749408e-10, 1.35776989652e-09, 1.62114516256e-10, 2.4287469258e-10, 2.23573826119e-10, 3.73642478069e-10, 1.63633023798e-10, 7.15385459205e-11, 4.57786135388e-11, 6.35071717436e-11, 5.94377949636e-11, 1.08734736493e-10, 1.40300160378e-10, 6.77440603614e-11, 5.40155975504e-11]
    },
    "mfcc": {
        "mean": [-635.620849609, 103.068664551, 27.0464096069, 21.8198032379, 2.81330680847, 9.81294441223, 4.6803560257, 9.05012798309, 5.8855304718, -1.85788404942, -5.52551794052, -4.86561250687, -5.73434257507],
        "cov": [[4137.62841797, -580.034423828, 54.4827880859, 6.64610099792, 27.3508262634, 15.9231529236, 138.383789062, 33.6381950378, 57.8478507996, 21.2883052826, 28.5143737793, 96.4466323853, 65.1117095947], [-580.034423828, 1337.00683594, -112.702606201, 28.5736484528, -38.6865196228, 34.3326530457, -57.1529464722, 74.9850692749, 41.1782722473, 10.8410663605, 3.19682765007, -55.9409179688, -18.0675926208], [54.4827880859, -112.702606201, 534.631591797, 151.528121948, 81.233795166, 64.8607635498, 82.8622665405, 33.7633018494, 39.5949020386, 7.34647703171, 23.9381980896, 25.4139270782, -0.194104388356], [6.64610099792, 28.5736484528, 151.528121948, 333.006286621, 181.889648438, 93.9836883545, 46.125541687, 26.9848384857, 10.692489624, 32.0026359558, 39.2616386414, 40.1076889038, 33.3519210815], [27.3508262634, -38.6865196228, 81.233795166, 181.889648438, 220.533889771, 103.390853882, 46.2634887695, 4.60784101486, 5.00935268402, 27.0921630859, 36.0880584717, 35.2515449524, 18.6976528168], [15.9231529236, 34.3326530457, 64.8607635498, 93.9836883545, 103.390853882, 149.561325073, 76.5708770752, 30.9091835022, 26.7695331573, 19.7068023682, 25.2452259064, 27.8045406342, 28.3855648041], [138.383789062, -57.1529464722, 82.8622665405, 46.125541687, 46.2634887695, 76.5708770752, 133.223693848, 60.6571655273, 26.919178009, 26.6298561096, 25.9720344543, 33.2060546875, 23.5333538055], [33.6381950378, 74.9850692749, 33.7633018494, 26.9848384857, 4.60784101486, 30.9091835022, 60.6571655273, 105.428520203, 49.0118026733, 14.7846164703, 16.2043018341, 16.2671222687, 13.5375013351], [57.8478507996, 41.1782722473, 39.5949020386, 10.692489624, 5.00935268402, 26.7695331573, 26.919178009, 49.0118026733, 79.8815689087, 34.6265296936, 15.1337270737, 13.7310743332, 12.980298996], [21.2883052826, 10.8410663605, 7.34647703171, 32.0026359558, 27.0921630859, 19.7068023682, 26.6298561096, 14.7846164703, 34.6265296936, 73.04322052, 35.756942749, 12.0979270935, 4.07010889053], [28.5143737793, 3.19682765007, 23.9381980896, 39.2616386414, 36.0880584717, 25.2452259064, 25.9720344543, 16.2043018341, 15.1337270737, 35.756942749, 61.3854064941, 28.9642009735, 11.0445785522], [96.4466323853, -55.9409179688, 25.4139270782, 40.1076889038, 35.2515449524, 27.8045406342, 33.2060546875, 16.2671222687, 13.7310743332, 12.0979270935, 28.9642009735, 61.4353981018, 39.2910842896], [65.1117095947, -18.0675926208, -0.194104388356, 33.3519210815, 18.6976528168, 28.3855648041, 23.5333538055, 13.5375013351, 12.980298996, 4.07010889053, 11.0445785522, 39.2910842896, 66.7103271484]],
