{
"lowlevel": {
    "average_loudness": 0.96004986763,
    "barkbands_crest": {
        "dmean": 3.17166090012,
        "dmean2": 4.91633558273,
        "dvar": 9.96101665497,
        "dvar2": 21.0308303833,
        "max": 26.7282733917,
        "mean": 16.4851150513,
        "median": 16.5568351746,
        "min": 2.93466353416,
        "var": 35.7679901123
    },
    "barkbands_flatness_db": {
        "dmean": 0.0452305600047,
        "dmean2": 0.0634649693966,
        "dvar": 0.00193407561164,
        "dvar2": 0.00369940954261,
        "max": 0.811462521553,
        "mean": 0.29755705595,
        "median": 0.287663757801,
        "min": 0.0428494997323,
        "var": 0.013552384451
    },
    "barkbands_kurtosis": {
        "dmean": 29.5509490967,
        "dmean2": 43.9576339722,
        "dvar": 10171.2695312,
        "dvar2": 21760.8457031,
        "max": 4780.87207031,
        "mean": 44.6680603027,
        "median": 15.7988471985,
        "min": -1.84619235992,
        "var": 17197.9550781
    },
    "barkbands_skewness": {
        "dmean": 1.53405880928,
        "dmean2": 2.23769021034,
        "dvar": 3.9427292347,
        "dvar2": 7.80802249908,
        "max": 50.419921875,
        "mean": 4.05485153198,
        "median": 3.15578317642,
        "min": -1.75332140923,
        "var": 12.9042596817
    },
    "barkbands_spread": {
        "dmean": 3.21510434151,
        "dmean2": 5.01856040955,
        "dvar": 38.0461616516,
        "dvar2": 86.1763763428,
        "max": 104.387657166,
        "mean": 6.66679143906,
        "median": 3.4318447113,
        "min": 0.0378103293478,
        "var": 88.8856735229
    },
    "dissonance": {
        "dmean": 0.0326625145972,
        "dmean2": 0.0541802830994,
        "dvar": 0.000916111283004,
        "dvar2": 0.00246588303708,
        "max": 0.500000059605,
        "mean": 0.431562274694,
        "median": 0.441277265549,
        "min": 0.127941012383,
        "var": 0.00233502197079
    },
    "dynamic_complexity": 2.62408208847,
    "erbbands_crest": {
        "dmean": 3.12412047386,
        "dmean2": 5.0468378067,
        "dvar": 8.01660442352,
        "dvar2": 19.5465812683,
        "max": 33.2947616577,
        "mean": 10.7768783569,
        "median": 9.8175535202,
        "min": 2.57498860359,
        "var": 22.7373752594
    },
    "erbbands_flatness_db": {
        "dmean": 0.0274147391319,
        "dmean2": 0.0401168391109,
        "dvar": 0.000867519702297,
        "dvar2": 0.00171500165015,
        "max": 0.535639882088,
        "mean": 0.20337228477,
        "median": 0.190599754453,
        "min": 0.0532897226512,
        "var": 0.0054957405664
    },
    "erbbands_kurtosis": {
        "dmean": 3.0728456974,
        "dmean2": 4.70761013031,
        "dvar": 30.6741962433,
        "dvar2": 68.7391815186,
        "max": 98.7655715942,
        "mean": 3.93258142471,
        "median": 1.28383255005,
        "min": -1.91932559013,
        "var": 66.1109008789
    },
    "erbbands_skewness": {
        "dmean": 0.602110505104,
        "dmean2": 0.888426661491,
        "dvar": 0.377834320068,
        "dvar2": 0.811689198017,
        "max": 9.31243133545,
        "mean": 1.15182328224,
        "median": 0.917574822903,
        "min": -2.63037967682,
        "var": 1.52369916439
    },
    "erbbands_spread": {
        "dmean": 11.0378646851,
        "dmean2": 16.7608661652,
        "dvar": 213.333999634,
        "dvar2": 474.73651123,
        "max": 172.598602295,
        "mean": 31.6670837402,
        "median": 25.6129188538,
        "min": 0.996234893799,
        "var": 537.62890625
    },
    "hfc": {
        "dmean": 4.81920957565,
        "dmean2": 7.13196229935,
        "dvar": 54.5690765381,
        "dvar2": 122.569786072,
        "max": 72.316619873,
        "mean": 9.79253578186,
        "median": 7.0424861908,
        "min": 8.52351206504e-07,
        "var": 88.5375976562
    },
    "melbands_crest": {
        "dmean": 4.26150226593,
        "dmean2": 6.66370677948,
        "dvar": 16.9344387054,
        "dvar2": 38.4886436462,
        "max": 38.8056983948,
        "mean": 22.140417099,
        "median": 21.8017406464,
        "min": 4.05780744553,
        "var": 58.7708892822
    },
    "melbands_flatness_db": {
        "dmean": 0.0501527190208,
        "dmean2": 0.0694866329432,
        "dvar": 0.00242958078161,
        "dvar2": 0.00448534777388,
        "max": 0.979101538658,
        "mean": 0.402688890696,
        "median": 0.394324630499,
        "min": 0.0238885488361,
        "var": 0.019024303183
    },
    "melbands_kurtosis": {
        "dmean": 34.3049926758,
        "dmean2": 52.8429450989,
        "dvar": 3936.72119141,
        "dvar2": 9115.35351562,
        "max": 1605.45214844,
        "mean": 59.7406272888,
        "median": 30.300907135,
        "min": -1.68554615974,
        "var": 8033.20849609
    },
    "melbands_skewness": {
        "dmean": 1.58941924572,
        "dmean2": 2.40555953979,
        "dvar": 3.17369174957,
        "dvar2": 7.16865491867,
        "max": 33.1468582153,
        "mean": 4.7910399437,
        "median": 4.06917762756,
        "min": -1.27288377285,
        "var": 10.5823059082
    },
    "melbands_spread": {
        "dmean": 2.92116212845,
        "dmean2": 4.45424699783,
        "dvar": 50.5857810974,
        "dvar2": 98.6465835571,
        "max": 204.705780029,
        "mean": 5.93069219589,
        "median": 2.79908227921,
        "min": 0.0462340600789,
        "var": 110.074653625
    },
    "pitch_salience": {
        "dmean": 0.107880152762,
        "dmean2": 0.164235413074,
        "dvar": 0.0107722934335,
        "dvar2": 0.0231093876064,
        "max": 0.86230969429,
        "mean": 0.392385363579,
        "median": 0.395639777184,
        "min": 0.0173059683293,
        "var": 0.0376445278525
    },
    "silence_rate_20dB": {
        "dmean": 0.00128984707408,
        "dmean2": 0.00257993186824,
        "dvar": 0.00128824973945,
        "dvar2": 0.00312591530383,
        "max": 1,
        "mean": 0.998986661434,
        "median": 1,
        "min": 0,
        "var": 0.00101229164284
    },
    "silence_rate_30dB": {
        "dmean": 0.124930903316,
        "dmean2": 0.249884828925,
        "dvar": 0.109329454601,
        "dvar2": 0.221740216017,
        "max": 1,
        "mean": 0.774113297462,
        "median": 1,
        "min": 0,
        "var": 0.174860775471
    },
    "silence_rate_60dB": {
        "dmean": 0.0206375531852,
        "dmean2": 0.0411867685616,
        "dvar": 0.0202127303928,
        "dvar2": 0.044472809881,
        "max": 1,
        "mean": 0.0423767864704,
        "median": 0,
        "min": 0,
        "var": 0.0405846945941
    },
    "spectral_centroid": {
        "dmean": 168.056137085,
        "dmean2": 253.204025269,
        "dvar": 75325.796875,
        "dvar2": 155294.375,
        "max": 4396.84375,
        "mean": 584.452087402,
        "median": 430.412994385,
        "min": 65.6985321045,
        "var": 246828.34375
    },
    "spectral_complexity": {
        "dmean": 2.28431916237,
        "dmean2": 3.41923880577,
        "dvar": 7.89416074753,
        "dvar2": 14.857676506,
        "max": 42,
        "mean": 9.19419574738,
        "median": 8,
        "min": 0,
        "var": 26.985168457
    },
    "spectral_decrease": {
        "dmean": 7.92149190687e-09,
        "dmean2": 1.172658326e-08,
        "dvar": 1.12193391687e-16,
        "dvar2": 2.43015578982e-16,
        "max": -1.16430806354e-16,
        "mean": -1.75282579562e-08,
        "median": -1.20807319703e-08,
        "min": -9.5619029139e-08,
        "var": 2.91752028352e-16
    },
    "spectral_energy": {
        "dmean": 0.0302384123206,
        "dmean2": 0.044794652611,
        "dvar": 0.00163464574143,
        "dvar2": 0.00354002858512,
        "max": 0.363683998585,
        "mean": 0.0670439749956,
        "median": 0.0464536733925,
        "min": 5.16748754897e-10,
        "var": 0.00423468556255
    },
    "spectral_energyband_high": {
        "dmean": 0.000158702823683,
        "dmean2": 0.000232623424381,
        "dvar": 2.00438520892e-07,
        "dvar2": 4.25077672617e-07,
        "max": 0.00691883359104,
        "mean": 0.000184855176485,
        "median": 2.40368772211e-05,
        "min": 5.10713936419e-11,
        "var": 2.47122670771e-07
    },
    "spectral_energyband_low": {
        "dmean": 0.0271347239614,
        "dmean2": 0.040294598788,
        "dvar": 0.00148079684004,
        "dvar2": 0.00320414896123,
        "max": 0.360773026943,
        "mean": 0.0545220673084,
        "median": 0.0338731370866,
        "min": 6.50229869947e-11,
        "var": 0.00367061141878
    },
    "spectral_energyband_middle_high": {
        "dmean": 0.000563747191336,
        "dmean2": 0.000841418688651,
        "dvar": 1.17650574794e-06,
        "dvar2": 2.55726445175e-06,
        "max": 0.0260523296893,
        "mean": 0.00119748571888,
        "median": 0.000472775718663,
        "min": 9.05665889506e-11,
        "var": 3.52854453922e-06
    },
    "spectral_energyband_middle_low": {
        "dmean": 0.0112658077851,
        "dmean2": 0.0192295908928,
        "dvar": 0.000869652838446,
        "dvar2": 0.00233997707255,
        "max": 0.282569229603,
        "mean": 0.0133122494444,
        "median": 0.0060978801921,
        "min": 1.53959636706e-10,
        "var": 0.000626874971204
    },
    "spectral_entropy": {
        "dmean": 0.303431987762,
        "dmean2": 0.439346551895,
        "dvar": 0.113696977496,
        "dvar2": 0.220748454332,
        "max": 8.72092533112,
        "mean": 6.68384456635,
        "median": 6.80941152573,
        "min": 3.62403941154,
        "var": 0.811792612076
    },
    "spectral_flux": {
        "dmean": 0.0574962683022,
        "dmean2": 0.0871674343944,
        "dvar": 0.0040541770868,
        "dvar2": 0.0075459536165,
        "max": 0.657096028328,
        "mean": 0.118259392679,
        "median": 0.0829067155719,
        "min": 2.02080864256e-05,
        "var": 0.00989384762943
    },
    "spectral_kurtosis": {
        "dmean": 11.2572097778,
        "dmean2": 18.1110992432,
        "dvar": 1557.66394043,
        "dvar2": 3849.15649414,
        "max": 1167.52026367,
        "mean": 23.9288768768,
        "median": 7.45381355286,
        "min": -0.625410318375,
        "var": 4527.06396484
    },
    "spectral_rms": {
        "dmean": 0.00177371897735,
        "dmean2": 0.00257093296386,
        "dvar": 3.94858534492e-06,
        "dvar2": 7.71577015257e-06,
        "max": 0.0188364982605,
        "mean": 0.00713329343125,
        "median": 0.00673206197098,
        "min": 7.10031770268e-07,
        "var": 1.45246294778e-05
    },
    "spectral_rolloff": {
        "dmean": 168.086349487,
        "dmean2": 279.587585449,
        "dvar": 302759.03125,
        "dvar2": 631677.0625,
        "max": 12489.2578125,
        "mean": 361.554962158,
        "median": 193.798828125,
        "min": 43.06640625,
        "var": 548096.5
    },
    "spectral_skewness": {
        "dmean": 0.661610484123,
        "dmean2": 1.01058673859,
        "dvar": 1.13444185257,
        "dvar2": 2.54758620262,
        "max": 30.0698375702,
        "mean": 2.93697237968,
        "median": 2.23537778854,
        "min": -0.339869350195,
        "var": 6.93243551254
    },
    "spectral_spread": {
        "dmean": 690359.8125,
        "dmean2": 1031610.0625,
        "dvar": 929771749376,
        "dvar2": 1.89409892762e+12,
        "max": 12382871,
        "mean": 3632445.5,
        "median": 3544356.75,
        "min": 86980.234375,
        "var": 3.37042210816e+12
    },
    "spectral_strongpeak": {
        "dmean": 0.259045869112,
        "dmean2": 0.410619705915,
        "dvar": 0.0974959433079,
        "dvar2": 0.239315241575,
        "max": 5.33408975601,
        "mean": 0.58812892437,
        "median": 0.501090347767,
        "min": 0,
        "var": 0.1783067137
    },
    "zerocrossingrate": {
        "dmean": 0.00623681023717,
        "dmean2": 0.00731009198353,
        "dvar": 0.000112245310447,
        "dvar2": 0.000133413050207,
        "max": 0.34375,
        "mean": 0.0191391408443,
        "median": 0.01171875,
        "min": 0.00146484375,
        "var": 0.000554796017241
    },
    "barkbands": {
        "dmean": [0.00132758903783, 0.0226747468114, 0.00840509682894, 0.00510323699564, 0.00633609062061, 0.000736594724003, 0.000346467393683, 0.00037582294317, 0.000298359052977, 0.000322083302308, 0.000124648417113, 0.000137466122396, 6.26951514278e-05, 8.60257787281e-05, 5.92434298596e-05, 2.38044249272e-05, 1.91656381503e-05, 1.95446627913e-05, 2.84839934466e-05, 3.71124697267e-05, 3.14782773785e-05, 2.59278313024e-05, 4.06313192798e-05, 3.40491715178e-05, 1.57777631102e-05, 4.74014541396e-06, 4.16685026039e-07],
        "dmean2": [0.00189348019194, 0.033447638154, 0.0141631029546, 0.00902837887406, 0.0112886531278, 0.00124930252787, 0.000553640653379, 0.000591693038587, 0.000482477480546, 0.000530897756107, 0.000194583437406, 0.00022229141905, 0.000103759477497, 0.000139773124829, 9.28328299779e-05, 3.69404042431e-05, 3.09588940581e-05, 2.97837104881e-05, 4.254220039e-05, 5.68807881791e-05, 4.74157932331e-05, 3.90602872358e-05, 6.10287861491e-05, 5.13973209308e-05, 2.44826096605e-05, 7.50656681703e-06, 6.9148103421e-07],
        "dvar": [4.32283923146e-06, 0.00114658963867, 0.000570984731894, 0.000210774785955, 0.000383037695428, 2.82767814497e-06, 4.22735496386e-07, 5.59749992135e-07, 1.03981824395e-06, 5.69716576138e-07, 5.04598318685e-08, 1.05160509634e-07, 3.65280001802e-08, 6.5260664428e-08, 4.21009715978e-08, 3.7497112082e-09, 3.22865623126e-09, 2.45001818833e-09, 5.35356159403e-09, 1.10299200884e-08, 6.78659972664e-09, 6.6938623533e-09, 2.76266334254e-08, 1.36831452835e-08, 3.75675979214e-09, 2.78675471588e-10, 2.21259946129e-12],
        "dvar2": [8.48407762533e-06, 0.0024642618373, 0.00149148318451, 0.000585162662901, 0.00109889393207, 7.76623073762e-06, 1.12596774215e-06, 1.41053476455e-06, 2.71117914963e-06, 1.57070530804e-06, 1.29355072431e-07, 2.71701850352e-07, 8.44907006581e-08, 1.69215809365e-07, 1.07133352856e-07, 8.90148310617e-09, 8.2409137292e-09, 5.38918154547e-09, 1.14642597637e-08, 2.57513761426e-08, 1.50708103774e-08, 1.55631614263e-08, 5.9432771593e-08, 3.04389828898e-08, 8.65906635283e-09, 6.81795342405e-10, 5.30261641887e-12],
        "max": [0.0303134750575, 0.351794600487, 0.24135363102, 0.143620163202, 0.223070204258, 0.0192995928228, 0.0130424844101, 0.0134097170085, 0.0182087924331, 0.0129434140399, 0.00315875094384, 0.00535018322989, 0.00713537167758, 0.0100994603708, 0.00699444953352, 0.00131524156313, 0.00115656224079, 0.000917229102924, 0.00135162181687, 0.00214838865213, 0.00168032303918, 0.00156788632739, 0.00337825040333, 0.00141237711068, 0.00107501540333, 0.000269859883701, 3.26834997395e-05],
        "mean": [0.00236370670609, 0.0422156043351, 0.00794824119657, 0.00443848595023, 0.00620334921405, 0.000874017423484, 0.000537595245987, 0.000569603114855, 0.00038564534043, 0.000479187088786, 0.000189427970327, 0.000210548561881, 8.80301595316e-05, 0.000125435137306, 8.5116676928e-05, 3.33507305186e-05, 2.2890020773e-05, 2.70765594905e-05, 3.7816571421e-05, 4.34916219092e-05, 3.77700125682e-05, 3.03540346067e-05, 4.14889509557e-05, 3.5517346987e-05, 1.52973625518e-05, 4.42165719505e-06, 3.32624978228e-07],
        "median": [0.000749789294787, 0.0234005432576, 0.00134432699997, 0.00101470341906, 0.00171365274582, 0.000357925368007, 0.000227924116189, 0.000173003121745, 0.000136974878842, 0.000103511825728, 6.60489095026e-05, 5.54405960429e-05, 2.73719215329e-05, 2.84704383375e-05, 1.61583029694e-05, 7.92489481682e-06, 5.26134863321e-06, 6.28119687462e-06, 8.79584786162e-06, 9.78583102551e-06, 5.59285899726e-06, 3.35028130394e-06, 2.37811968873e-06, 1.80675078809e-06, 6.59039983475e-07, 1.88449149618e-07, 1.05222524027e-08],
        "min": [7.33188032856e-13, 4.01346664236e-12, 3.81930001948e-13, 3.77486019873e-12, 4.87166643831e-12, 5.55497314814e-12, 9.36833076393e-12, 4.22441248649e-12, 1.3808293918e-11, 1.13566213725e-11, 5.41005218055e-12, 5.39637128386e-12, 5.6237336836e-12, 1.31014582863e-11, 3.56636747044e-12, 1.1715668366e-11, 8.39734445174e-12, 6.90199980502e-12, 1.07733821864e-11, 4.93022376397e-12, 5.60767621574e-12, 8.82382448358e-12, 6.66508211469e-12, 4.74511098816e-12, 6.97546057374e-12, 7.70531555228e-12, 9.06102103071e-12],
        "var": [1.23230229292e-05, 0.00268822070211, 0.000435004592873, 0.000137111361255, 0.000237777232542, 2.51216988545e-06, 7.00689895439e-07, 1.16753597013e-06, 9.79075139185e-07, 1.04214950625e-06, 8.92610572123e-08, 1.83291916755e-07, 5.73880285515e-08, 1.02177637018e-07, 8.97529588428e-08, 5.77634695631e-09, 3.08912095903e-09, 3.64940322406e-09, 7.36836591742e-09, 1.18363283619e-08, 8.28023782873e-09, 7.78834863269e-09, 2.99225568767e-08, 1.53479877696e-08, 3.71836295088e-09, 2.48859460816e-10, 1.9652814532e-12]
    },
    "erbbands": {
        "dmean": [0.8436383605, 4.71013259888, 9.23049354553, 13.3171167374, 23.6562824249, 18.5329093933, 9.25680160522, 5.37369203568, 4.85037231445, 6.40892314911, 7.28991699219, 5.40916490555, 13.216342926, 4.32104635239, 5.36714458466, 5.26935577393, 2.95368337631, 4.04979419708, 3.39540147781, 2.16071748734, 1.09013020992, 0.991919398308, 0.968940675259, 1.37413418293, 1.55912816525, 1.70042443275, 1.31496429443, 1.22128665447, 1.08205902576, 0.891999483109, 1.2483112812, 0.890460073948, 0.392809212208, 0.185712382197, 0.114553675056, 0.0322943218052, 0.00670987041667, 0.00105134106707, 7.5132404163e-05, 3.44569380104e-05],
        "dmean2": [1.2389383316, 6.83510017395, 14.4651908875, 23.0802116394, 41.4575653076, 33.5217208862, 15.8571338654, 9.07142543793, 7.95236968994, 9.97465515137, 11.5289735794, 8.86326980591, 21.9745674133, 6.58295536041, 8.53991699219, 8.53765773773, 4.75030565262, 6.46476650238, 5.42408514023, 3.25388145447, 1.67281186581, 1.56509792805, 1.48065674305, 2.07524204254, 2.32898426056, 2.62844538689, 2.00244688988, 1.8245228529, 1.64856421947, 1.3414440155, 1.86439454556, 1.3418943882, 0.591039061546, 0.279473781586, 0.182086884975, 0.0514938756824, 0.0106750065461, 0.00172264140565, 0.000120469798276, 5.1231978432e-05],
        "dvar": [1.60825192928, 58.8512802124, 522.94354248, 1432.21057129, 4954.14990234, 3313.6262207, 530.291320801, 148.683456421, 90.2455749512, 110.368858337, 293.825592041, 306.272003174, 924.078308105, 55.5933456421, 131.850860596, 172.881942749, 82.1259002686, 133.525115967, 135.622695923, 46.1725387573, 5.62289762497, 8.33929729462, 5.40141868591, 12.8391504288, 16.5707092285, 26.4104785919, 12.2068490982, 10.8522624969, 12.035695076, 11.0883560181, 27.4047260284, 10.4135007858, 1.64452922344, 0.552573621273, 0.212747320533, 0.0132378712296, 0.000595138524659, 1.08373105832e-05, 5.50587095915e-08, 2.04494754463e-09],
        "dvar2": [3.47203040123, 122.465171814, 1270.94763184, 3873.59399414, 13921.9589844, 9521.26757812, 1456.47607422, 404.456542969, 239.502304077, 270.595001221, 762.13079834, 813.677612305, 2571.38549805, 126.800376892, 336.018920898, 456.614074707, 180.713027954, 344.269866943, 353.377349854, 101.899841309, 13.1406297684, 20.4891147614, 11.7693481445, 28.4137592316, 36.4648170471, 62.999042511, 27.7581710815, 23.8437767029, 28.52576828, 24.9285373688, 60.6606826782, 23.0434970856, 3.29350829124, 1.22721743584, 0.528256177902, 0.0325933769345, 0.00147553952411, 2.64713908109e-05, 1.27885385837e-07, 4.40999281537e-09],
        "max": [14.0349235535, 86.9214401245, 262.842041016, 373.771453857, 813.570617676, 592.499511719, 253.592315674, 162.493728638, 177.124832153, 176.600036621, 457.662597656, 307.077056885, 449.262176514, 114.787590027, 183.591400146, 230.786270142, 366.709899902, 470.964813232, 424.84085083, 264.538513184, 47.5291557312, 53.3014717102, 49.9796447754, 71.1047973633, 66.1782073975, 102.506645203, 100.732139587, 64.2279052734, 65.4262161255, 78.9633331299, 105.144180298, 44.395866394, 19.7827167511, 16.1564331055, 7.54899930954, 1.62576282024, 0.385445833206, 0.052817363292, 0.00715070124716, 0.000426247395808],
        "mean": [1.50001299381, 8.1885766983, 10.69713974, 12.2863368988, 22.1504840851, 17.5109176636, 10.9509468079, 6.57266378403, 7.30587625504, 10.982254982, 11.1188087463, 7.37502241135, 18.6121997833, 7.26365280151, 8.32227134705, 8.053814888, 4.64607667923, 6.1293592453, 5.11744451523, 3.21358060837, 1.66429948807, 1.26121068001, 1.41953039169, 1.83663904667, 1.96797013283, 1.95187485218, 1.60361337662, 1.46090614796, 1.24287247658, 0.950767278671, 1.25802910328, 0.933151483536, 0.4241720438, 0.188517794013, 0.103967517614, 0.0300292260945, 0.00618767738342, 0.000874645425938, 8.42671870487e-05, 7.54514840082e-05],
        "median": [0.820911407471, 3.74976277351, 2.92161417007, 3.043166399, 4.54426860809, 5.30660104752, 3.62696385384, 2.63863182068, 3.33895254135, 5.46288633347, 3.70291686058, 3.13290405273, 5.32887411118, 2.51292896271, 2.66722798347, 2.15051341057, 1.6108455658, 1.7412443161, 1.03092968464, 0.762565910816, 0.506180346012, 0.294333130121, 0.358423143625, 0.46954959631, 0.415513247252, 0.441221773624, 0.278712779284, 0.209184631705, 0.134103566408, 0.0823404863477, 0.0626003146172, 0.0470583550632, 0.0232863239944, 0.00882807374001, 0.00412883143872, 0.00143896916416, 0.000233976403251, 2.97927435895e-05, 3.12566044158e-05, 5.32664271304e-05],
        "min": [1.45765330362e-10, 8.64482263552e-10, 8.20715551075e-10, 9.0136387243e-09, 1.23384245043e-08, 1.47316843169e-08, 5.07967179431e-08, 5.65627651383e-08, 6.51506510962e-08, 2.27424109767e-07, 9.14517386263e-08, 3.73210070848e-07, 3.57506678483e-07, 3.47597790551e-07, 2.97252711334e-07, 2.12344787087e-07, 2.18997541879e-07, 5.50540050881e-07, 3.9785345507e-07, 2.45604439897e-07, 7.63410184845e-07, 4.84179224713e-07, 4.26364096029e-07, 4.70735471936e-07, 4.10287213981e-07, 2.24715932973e-07, 1.63267685593e-07, 2.42172291109e-07, 2.65229090246e-07, 3.28967587393e-07, 1.5478433113e-07, 1.05784444315e-07, 8.01212891588e-08, 5.81373846842e-08, 6.62679227048e-08, 2.66334581056e-08, 1.21781749129e-08, 6.48378906121e-09, 1.30537480825e-09, 1.25238902582e-10],
        "var": [3.6833152771, 127.746002197, 503.115936279, 1005.34692383, 3292.47973633, 2082.68432617, 508.767028809, 145.88041687, 129.641693115, 272.833679199, 503.514007568, 295.57711792, 1410.79296875, 130.800491333, 230.745071411, 304.154418945, 135.998184204, 197.481155396, 237.765014648, 95.6117095947, 9.94229125977, 8.88148498535, 9.00555801392, 17.1268768311, 21.2303638458, 26.5843238831, 14.3957424164, 13.2866840363, 13.3502054214, 12.0483503342, 28.8761348724, 11.7885761261, 2.02417778969, 0.589501619339, 0.183398529887, 0.0115994494408, 0.000520614674315, 9.34439867706e-06, 5.29410755234e-08, 5.11050490815e-09]
    },
    "gfcc": {
        "mean": [-94.1464157104, 149.919784546, -74.7914657593, 37.0521736145, -45.8863754272, 16.0403957367, -13.5911302567, 3.21052336693, -11.8480730057, -1.2433423996, -3.97383904457, -8.54100322723, -0.998830914497],
        "cov": [[9409.56933594, -2264.82983398, -1252.58630371, 550.866149902, -435.451080322, 1251.54748535, -267.179077148, 363.760559082, -455.812133789, 297.686431885, -298.352111816, 195.071014404, -145.158752441], [-2264.82983398, 2587.8112793, 726.922668457, -411.317901611, 577.590454102, -716.757446289, 320.535644531, -332.931304932, 252.054489136, -388.926116943, 218.570358276, -189.510192871, 153.143798828], [-1252.58630371, 726.922668457, 1449.28796387, 188.566452026, 281.838623047, -231.991104126, 106.992630005, -123.608673096, 16.6171627045, -171.513320923, 1.84231615067, -65.4429397583, 44.5647697449], [550.866149902, -411.317901611, 188.566452026, 670.980224609, 77.283706665, 63.7652206421, 81.7817306519, 21.9073390961, -54.3553123474, -78.451423645, -31.3902759552, -39.8678512573, 8.08963108063], [-435.451080322, 577.590454102, 281.838623047, 77.283706665, 564.514587402, 16.3137817383, 259.35333252, -8.4614200592, 134.677276611, -60.7273483276, 92.0187835693, -20.4982471466, 84.5402755737], [1251.54748535, -716.757446289, -231.991104126, 63.7652206421, 16.3137817383, 559.024353027, 55.0428771973, 151.127212524, -10.7847032547, 188.479949951, -22.315782547, 94.6759109497, 5.66508388519], [-267.179077148, 320.535644531, 106.992630005, 81.7817306519, 259.35333252, 55.0428771973, 369.00177002, 48.8390579224, 93.8708343506, 1.93259847164, 101.843940735, -6.12456178665, 71.7103424072], [363.760559082, -332.931304932, -123.608673096, 21.9073390961, -8.4614200592, 151.127212524, 48.8390579224, 190.864089966, 39.4036979675, 104.590759277, 17.0431861877, 25.9690666199, 4.1100897789], [-455.812133789, 252.054489136, 16.6171627045, -54.3553123474, 134.677276611, -10.7847032547, 93.8708343506, 39.4036979675, 228.207199097, 49.0857810974, 79.2641067505, 7.40802717209, 33.3740921021], [297.686431885, -388.926116943, -171.513320923, -78.451423645, -60.7273483276, 188.479949951, 1.93259847164, 104.590759277, 49.0857810974, 249.048431396, 61.99010849, 85.203086853, -15.0445985794], [-298.352111816, 218.570358276, 1.84231615067, -31.3902759552, 92.0187835693, -22.315782547, 101.843940735, 17.0431861877, 79.2641067505, 61.99010849, 177.60144043, 42.6617965698, 29.8954524994], [195.071014404, -189.510192871, -65.4429397583, -39.8678512573, -20.4982471466, 94.6759109497, -6.12456178665, 25.9690666199, 7.40802717209, 85.203086853, 42.6617965698, 133.244659424, 10.9050102234], [-145.158752441, 153.143798828, 44.5647697449, 8.08963108063, 84.5402755737, 5.66508388519, 71.7103424072, 4.1100897789, 33.3740921021, -15.0445985794, 29.8954524994, 10.9050102234, 101.075569153]],
        "icov": [[0.000257218722254, -0.000484018441057, 0.000237569431192, -0.000551455595996, 0.000173768596142, -0.000705948332325, 0.00035570631735, -0.000578645733185, 0.000567685463466, -0.000305986206513, 0.000507150019985, -0.000484949618112, 0.000376872136258], [-0.000484018441057, 0.00445365859196, -0.00109975552186, 0.00375072704628, -0.00171305483673, 0.00302233360708, -0.00222623231821, 0.0040924763307, -0.00273426785134, 0.00373355252668, -0.00401470065117, 0.00355388806202, -0.00231933384202], [0.000237569431192, -0.00109975552186, 0.00122803775594, -0.00123404152691, -2.14591000258e-05, -0.000600588216912, 0.000553575868253, -0.000792567385361, 0.0008972925134, -0.000878301914781, 0.00127144972794, -0.0010160615202, 0.000562433386222], [-0.000551455595996, 0.00375072704628, -0.00123404152691, 0.00505461636931, -0.00144022202585, 0.00235899328254, -0.00228310166858, 0.00306221423671, -0.00202653347515, 0.00386661035009, -0.00352169759572, 0.00336739211343, -0.00184464838821], [0.000173768596142, -0.00171305483673, -2.14591000258e-05, -0.00144022202585, 0.00410568062216, -0.00195142999291, -0.000669845670927, -0.00102335307747, -0.000362015009159, -0.00017178748385, 0.000703144876752, -0.00105383538175, 0.000161702861078], [-0.000705948332325, 0.00302233360708, -0.000600588216912, 0.00235899328254, -0.00195142999291, 0.00636504823342, -0.0022921746131, 0.00177080032881, -0.00150417536497, -0.000138094517752, -0.00070080748992, 0.0010391267715, -0.00211615930311], [0.00035570631735, -0.00222623231821, 0.000553575868253, -0.00228310166858, -0.000669845670927, -0.0022921746131, 0.00624213507399, -0.00314399413764, 0.0012513458496, -0.00134666776285, -0.000137111288495, -0.000815057079308, -0.000274622550933], [-0.000578645733185, 0.0040924763307, -0.000792567385361, 0.00306221423671, -0.00102335307747, 0.00177080032881, -0.00314399413764, 0.0120784034953, -0.00381295895204, 0.00082623277558, -0.00323103950359, 0.00420715333894, -0.00254749343731], [0.000567685463466, -0.00273426785134, 0.0008972925134, -0.00202653347515, -0.000362015009159, -0.00150417536497, 0.0012513458496, -0.00381295895204, 0.00854702945799, -0.00373528734781, 0.00135385920294, -0.0016557808267, 0.000779091147706], [-0.000305986206513, 0.00373355252668, -0.000878301914781, 0.00386661035009, -0.00017178748385, -0.000138094517752, -0.00134666776285, 0.00082623277558, -0.00373528734781, 0.0127640739083, -0.00656706281006, 0.000474247121019, 7.91495331214e-05], [0.000507150019985, -0.00401470065117, 0.00127144972794, -0.00352169759572, 0.000703144876752, -0.00070080748992, -0.000137111288495, -0.00323103950359, 0.00135385920294, -0.00656706281006, 0.0136170210317, -0.00600322149694, 0.00140790606383], [-0.000484949618112, 0.00355388806202, -0.0010160615202, 0.00336739211343, -0.00105383538175, 0.0010391267715, -0.000815057079308, 0.00420715333894, -0.0016557808267, 0.000474247121019, -0.00600322149694, 0.0140415998176, -0.00379428686574], [0.000376872136258, -0.00231933384202, 0.000562433386222, -0.00184464838821, 0.000161702861078, -0.00211615930311, -0.000274622550933, -0.00254749343731, 0.000779091147706, 7.91495331214e-05, 0.00140790606383, -0.00379428686574, 0.0138778667897]]
    },
    "melbands": {
        "dmean": [0.00670853629708, 0.00483721867204, 0.00250580208376, 0.00158974307124, 0.000406202394515, 0.000124111684272, 7.4384646723e-05, 7.61275587138e-05, 5.96823992964e-05, 3.65552659787e-05, 6.68706270517e-05, 1.77408528543e-05, 1.5593104763e-05, 1.74497545231e-05, 1.00670986285e-05, 6.15009730609e-06, 8.68832466949e-06, 5.91970729147e-06, 4.51841060567e-06, 2.10913594856e-06, 1.22182257201e-06, 1.18707157526e-06, 7.95441280843e-07, 9.83409449873e-07, 1.18693196782e-06, 1.01426246601e-06, 1.37912559239e-06, 1.07445043795e-06, 8.7579837782e-07, 8.19081492409e-07, 6.46941487048e-07, 7.42463839742e-07, 3.66530088058e-07, 5.83496557738e-07, 8.00843622528e-07, 7.01384180957e-07, 4.72191260315e-07, 2.97791785897e-07, 1.84239070222e-07, 1.49173303043e-07],
        "dmean2": [0.00984568987042, 0.00705234240741, 0.0042189983651, 0.00284978677519, 0.000700529082678, 0.000208925455809, 0.000120549513667, 0.000118305593787, 9.44337589317e-05, 6.00432067586e-05, 0.000111332396045, 2.71081189567e-05, 2.4746699637e-05, 2.82320124825e-05, 1.59205756063e-05, 9.92232980934e-06, 1.41352365972e-05, 9.54943789111e-06, 7.02484567228e-06, 3.28765167978e-06, 1.92365700968e-06, 1.92731840798e-06, 1.24693519865e-06, 1.49743834754e-06, 1.82288431461e-06, 1.51921619818e-06, 2.13233602153e-06, 1.67976986631e-06, 1.34319452627e-06, 1.25981318888e-06, 9.75621446742e-07, 1.16861713195e-06, 5.39412212675e-07, 8.93411481684e-07, 1.23396910112e-06, 1.06354150375e-06, 7.12212624876e-07, 4.52959966424e-07, 2.87154591661e-07, 2.24554142392e-07],
        "dvar": [9.83476784313e-05, 8.36194885778e-05, 4.35788169852e-05, 2.53846374108e-05, 1.09576023988e-06, 7.57978213528e-08, 2.01979517556e-08, 1.63474052073e-08, 2.43318059034e-08, 1.70383600562e-08, 2.38760158311e-08, 1.03077735236e-09, 1.01624841875e-09, 1.70442060465e-09, 6.87558787682e-10, 3.87422149917e-10, 6.72148559033e-10, 3.78788694855e-10, 2.36100000661e-10, 3.97168686828e-11, 7.84627050832e-12, 1.45240893965e-11, 3.95718353918e-12, 6.85455988844e-12, 9.76789569368e-12, 7.77811409031e-12, 1.50732291232e-11, 1.08527648673e-11, 6.0718409467e-12, 5.19819604028e-12, 2.89741603106e-12, 6.2964815653e-12, 1.35071175165e-12, 5.43111345827e-12, 1.36452993002e-11, 7.140260605e-12, 2.69699713951e-12, 9.60837312491e-13, 4.93758842406e-13, 3.90254018337e-13],
        "dvar2": [0.000212536222534, 0.000178943198989, 0.000113050344225, 7.27969018044e-05, 3.00592114399e-06, 2.06102683364e-07, 5.36220312597e-08, 3.98639414811e-08, 6.28154737115e-08, 4.5410754268e-08, 6.62830501597e-08, 2.32824426405e-09, 2.67711319779e-09, 4.48606751746e-09, 1.70210578965e-09, 9.52415257771e-10, 1.82336612475e-09, 9.80427961039e-10, 5.57475288154e-10, 9.15103548493e-11, 1.88766086096e-11, 3.7759340793e-11, 9.04966206139e-12, 1.50835229723e-11, 2.22366465519e-11, 1.67860465111e-11, 3.55561968757e-11, 2.5939221257e-11, 1.43617175444e-11, 1.16745042453e-11, 6.32831764422e-12, 1.56468848295e-11, 2.88328909359e-12, 1.22187216942e-11, 3.17965619112e-11, 1.58009612339e-11, 5.80888375595e-12, 1.85022917126e-12, 1.17857362324e-12, 8.52394489628e-13],
        "max": [0.104148887098, 0.108299978077, 0.0612779855728, 0.0584104694426, 0.0109937377274, 0.00343409064226, 0.00293841888197, 0.00214212783612, 0.00484490813687, 0.0024318927899, 0.00230385968462, 0.000501839444041, 0.0004567624419, 0.000761899515055, 0.000806910393294, 0.000853762030602, 0.00100187514909, 0.000699860567693, 0.000621699611656, 0.000157110276632, 4.38105635112e-05, 8.00412672106e-05, 4.68547586934e-05, 4.88640580443e-05, 5.95779929426e-05, 5.03586743434e-05, 6.87119027134e-05, 6.30774884485e-05, 8.68789211381e-05, 5.19094210176e-05, 2.77534400084e-05, 4.87494544359e-05, 2.61373061221e-05, 5.12368569616e-05, 7.89642726886e-05, 3.98240335926e-05, 2.38005013671e-05, 1.30559965328e-05, 1.52587927005e-05, 1.33596877276e-05],
        "mean": [0.0124989431351, 0.00755552807823, 0.00251836632378, 0.0014673944097, 0.000471136561828, 0.000151854314026, 0.000115215916594, 0.00012674285972, 8.96671990631e-05, 4.69429505756e-05, 9.33747942327e-05, 2.82409855572e-05, 2.4134911655e-05, 2.60247579718e-05, 1.45068133861e-05, 8.93375909072e-06, 1.2237050214e-05, 8.41225482873e-06, 6.57625105305e-06, 2.85879423245e-06, 1.7200043203e-06, 1.38314476317e-06, 1.12246175377e-06, 1.31333899844e-06, 1.53286600835e-06, 1.2861041796e-06, 1.60132810834e-06, 1.2045539961e-06, 1.06154891455e-06, 9.35509888222e-07, 7.76209105879e-07, 8.04199146387e-07, 4.43810392881e-07, 5.81450080972e-07, 7.57768987114e-07, 7.33375657092e-07, 4.91756793508e-07, 3.25958751546e-07, 1.82343484312e-07, 1.49905076796e-07],
        "median": [0.00738915428519, 0.00321146426722, 0.000608257367276, 0.000388180080336, 0.000148621358676, 6.24339663773e-05, 5.19398745382e-05, 5.94618686591e-05, 2.82393757516e-05, 1.88753747352e-05, 2.53219895967e-05, 8.5410047177e-06, 8.15081421024e-06, 6.50481115372e-06, 4.15665499531e-06, 2.88010733129e-06, 3.06484912471e-06, 1.50367338847e-06, 1.33620631004e-06, 6.33600961919e-07, 5.12973088007e-07, 2.81599341179e-07, 2.60181849399e-07, 3.05356564922e-07, 3.85886892218e-07, 2.4508591423e-07, 3.32052536578e-07, 2.58818289467e-07, 1.78607947987e-07, 1.3800743659e-07, 9.9039283441e-08, 8.25151005301e-08, 4.34652207559e-08, 4.11909368836e-08, 3.28378639836e-08, 3.17308561648e-08, 2.44234268365e-08, 1.69920131299e-08, 9.26926535527e-09, 6.15301720686e-09],
        "min": [1.22804631048e-12, 8.2380472886e-13, 1.68170989287e-12, 6.61242816145e-13, 1.86728041883e-12, 1.18771019495e-12, 1.24869429033e-12, 2.22396818843e-12, 9.57730639586e-13, 2.17566633112e-12, 1.86966674781e-12, 1.2662844948e-12, 8.78946058731e-13, 7.37570215407e-13, 3.72407535582e-13, 6.7046796717e-13, 1.10517844876e-12, 8.18321918474e-13, 2.42070252732e-13, 5.2290105839e-13, 9.4897885123e-13, 5.73875528261e-13, 2.97032147142e-13, 3.72237424261e-13, 3.7562561026e-13, 4.68836883379e-13, 2.09551953155e-13, 1.27419437306e-13, 6.6686510914e-14, 1.638153724e-13, 1.34060297585e-13, 1.21493649017e-13, 2.33974298269e-13, 1.71269411414e-13, 9.6004415084e-14, 6.75020545645e-14, 5.76112305106e-14, 5.7157044668e-14, 4.59241883887e-14, 4.95848818277e-14],
        "var": [0.000234258564888, 0.000132395944092, 3.38505087711e-05, 1.52516258822e-05, 1.08724907477e-06, 7.4047328269e-08, 3.13121972795e-08, 3.94104020529e-08, 3.9533080809e-08, 1.46649572486e-08, 3.66325672019e-08, 2.32679675527e-09, 1.70190561644e-09, 2.81288325965e-09, 9.43976452561e-10, 6.17114970236e-10, 8.48499659423e-10, 6.41920683275e-10, 5.88598614293e-10, 5.88069870577e-11, 1.10941976092e-11, 1.30423614617e-11, 6.4244594887e-12, 9.24639271399e-12, 1.24640792479e-11, 1.01495973084e-11, 1.6223550281e-11, 1.07891837825e-11, 6.72798492266e-12, 5.95226775854e-12, 3.67578276844e-12, 6.15221415479e-12, 1.88317265427e-12, 5.57906845722e-12, 1.28735251625e-11, 8.13809263034e-12, 3.11109493202e-12, 1.21275179569e-12, 4.93759818188e-13, 4.18503583568e-13]
    },
    "mfcc": {
        "mean": [-745.222961426, 172.486984253, 35.9993286133, 33.2330513, 5.09551239014, 16.8411407471, 12.1983861923, 7.51139068604, 4.11301803589, 11.3183383942, 1.37705755234, 2.31097269058, -0.346269905567],
        "cov": [[8422.62695312, -1899.07312012, -1256.70800781, -625.706237793, -284.304199219, 453.266204834, 196.215499878, 132.145339966, -21.9468955994, 129.597900391, 7.12774515152, 51.7285041809, -169.982345581], [-1899.07312012, 2433.58642578, 296.306030273, 209.010940552, 160.816894531, -170.446640015, -6.06919193268, -2.47038936615, 19.7561664581, -129.874465942, -18.3972358704, 1.64547073841, 75.5016555786], [-1256.70800781, 296.306030273, 1063.4197998, 322.638214111, 129.576370239, -40.0602111816, -25.3426189423, -14.2955694199, -22.3741836548, -59.7563514709, -67.0968933105, -68.5384292603, -20.0616054535], [-625.706237793, 209.010940552, 322.638214111, 693.336730957, 148.154647827, -5.63673734665, 93.9246826172, 89.0987625122, -1.42326486111, 15.8910942078, -84.7182998657, -64.0767745972, -12.2848730087], [-284.304199219, 160.816894531, 129.576370239, 148.154647827, 290.048095703, 82.153678894, 40.8747711182, 57.730796814, 66.8770904541, -1.46490490437, 8.22523975372, 0.231467217207, 15.5302858353], [453.266204834, -170.446640015, -40.0602111816, -5.63673734665, 82.153678894, 301.86340332, 135.962295532, 87.833694458, 81.0688323975, 34.6074638367, 63.7123413086, 11.9534730911, 26.2392749786], [196.215499878, -6.06919193268, -25.3426189423, 93.9246826172, 40.8747711182, 135.962295532, 280.371185303, 93.1137390137, 68.4576950073, 48.2482528687, 37.0770606995, 13.2178945541, 16.1261634827], [132.145339966, -2.47038936615, -14.2955694199, 89.0987625122, 57.730796814, 87.833694458, 93.1137390137, 166.667495728, 61.4482841492, 42.9304504395, 11.4768838882, 8.84122753143, 11.551815033], [-21.9468955994, 19.7561664581, -22.3741836548, -1.42326486111, 66.8770904541, 81.0688323975, 68.4576950073, 61.4482841492, 163.731658936, 64.2569503784, 43.9311180115, -14.8765506744, 24.2667274475], [129.597900391, -129.874465942, -59.7563514709, 15.8910942078, -1.46490490437, 34.6074638367, 48.2482528687, 42.9304504395, 64.2569503784, 179.350860596, 48.6676101685, 2.2599465847, 24.9883079529], [7.12774515152, -18.3972358704, -67.0968933105, -84.7182998657, 8.22523975372, 63.7123413086, 37.0770606995, 11.4768838882, 43.9311180115, 48.6676101685, 150.003448486, 83.5958023071, 49.966129303], [51.7285041809, 1.64547073841, -68.5384292603, -64.0767745972, 0.231467217207, 11.9534730911, 13.2178945541, 8.84122753143, -14.8765506744, 2.2599465847, 83.5958023071, 154.758743286, 58.40599823], [-169.982345581, 75.5016555786, -20.0616054535, -12.2848730087, 15.5302858353, 26.2392749786, 16.1261634827, 11.551815033, 24.2667274475, 24.9883079529, 49.966129303, 58.40599823, 98.9600372314]],
