{
"lowlevel": {
    "average_loudness": 0.881469011307,
    "barkbands_crest": {
        "dmean": 2.8161919117,
        "dmean2": 4.82018089294,
        "dvar": 6.17378616333,
        "dvar2": 17.613609314,
        "max": 24.2859210968,
        "mean": 12.4029312134,
        "median": 12.4130420685,
        "min": 3.63671207428,
        "var": 14.8114519119
    },
    "barkbands_flatness_db": {
        "dmean": 0.0305173229426,
        "dmean2": 0.0498749129474,
        "dvar": 0.000895434408449,
        "dvar2": 0.00219622603618,
        "max": 0.902944624424,
        "mean": 0.294524163008,
        "median": 0.278101146221,
        "min": 0.0471621900797,
        "var": 0.00992671772838
    },
    "barkbands_kurtosis": {
        "dmean": 6.06812000275,
        "dmean2": 10.030333519,
        "dvar": 70.0904998779,
        "dvar2": 185.746673584,
        "max": 130.604446411,
        "mean": 11.5276651382,
        "median": 6.7252573967,
        "min": -1.59902453423,
        "var": 194.095901489
    },
    "barkbands_skewness": {
        "dmean": 0.721220612526,
        "dmean2": 1.18141531944,
        "dvar": 0.450028389692,
        "dvar2": 1.19578492641,
        "max": 9.33328723907,
        "mean": 2.50226187706,
        "median": 2.30107927322,
        "min": -1.37198507786,
        "var": 2.02520227432
    },
    "barkbands_spread": {
        "dmean": 1.84889423847,
        "dmean2": 3.04463601112,
        "dvar": 4.27138757706,
        "dvar2": 10.2492332458,
        "max": 58.4658699036,
        "mean": 6.57199525833,
        "median": 6.31594514847,
        "min": 0.130461186171,
        "var": 14.971367836
    },
    "dissonance": {
        "dmean": 0.0255104452372,
        "dmean2": 0.0433371141553,
        "dvar": 0.000550999597181,
        "dvar2": 0.00153106369544,
        "max": 0.500000059605,
        "mean": 0.454033255577,
        "median": 0.461931347847,
        "min": 0,
        "var": 0.00115596572869
    },
    "dynamic_complexity": 2.95947480202,
    "erbbands_crest": {
        "dmean": 2.07481503487,
        "dmean2": 3.34262347221,
        "dvar": 3.72412443161,
        "dvar2": 9.81700611115,
        "max": 29.1971683502,
        "mean": 8.62896823883,
        "median": 7.87883281708,
        "min": 2.29164075851,
        "var": 12.8277597427
    },
    "erbbands_flatness_db": {
        "dmean": 0.0150826852769,
        "dmean2": 0.0227541066706,
        "dvar": 0.000308440648951,
        "dvar2": 0.000678773620166,
        "max": 0.444404304028,
        "mean": 0.230097264051,
        "median": 0.237111955881,
        "min": 0.0707526281476,
        "var": 0.00351935694925
    },
    "erbbands_kurtosis": {
        "dmean": 1.16211521626,
        "dmean2": 1.88809502125,
        "dvar": 38.0784454346,
        "dvar2": 106.657714844,
        "max": 302.4347229,
        "mean": 1.57586669922,
        "median": 0.319125413895,
        "min": -1.6048784256,
        "var": 90.4477157593
    },
    "erbbands_skewness": {
        "dmean": 0.28420856595,
        "dmean2": 0.456153213978,
        "dvar": 0.10010420531,
        "dvar2": 0.254212796688,
        "max": 11.1376399994,
        "mean": 0.517314612865,
        "median": 0.416157245636,
        "min": -1.76710808277,
        "var": 0.62051397562
    },
    "erbbands_spread": {
        "dmean": 3.81879520416,
        "dmean2": 5.94786643982,
        "dvar": 16.965461731,
        "dvar2": 38.3790931702,
        "max": 112.315322876,
        "mean": 21.8669166565,
        "median": 19.3842658997,
        "min": 0.789091765881,
        "var": 116.196655273
    },
    "hfc": {
        "dmean": 3.71429181099,
        "dmean2": 5.88098049164,
        "dvar": 24.1413784027,
        "dvar2": 52.1026420593,
        "max": 104.55871582,
        "mean": 16.945476532,
        "median": 15.5523338318,
        "min": 7.90271875717e-11,
        "var": 124.802536011
    },
    "melbands_crest": {
        "dmean": 4.55226564407,
        "dmean2": 7.62662410736,
        "dvar": 15.7590227127,
        "dvar2": 42.4223022461,
        "max": 39.8897399902,
        "mean": 22.8043041229,
        "median": 22.9371986389,
        "min": 3.67888784409,
        "var": 66.0186157227
    },
    "melbands_flatness_db": {
        "dmean": 0.0343622155488,
        "dmean2": 0.0566053763032,
        "dvar": 0.00109124439768,
        "dvar2": 0.00273797893897,
        "max": 1,
        "mean": 0.399810045958,
        "median": 0.380559533834,
        "min": 0.0176457837224,
        "var": 0.0119877094403
    },
    "melbands_kurtosis": {
        "dmean": 18.5941009521,
        "dmean2": 31.7121524811,
        "dvar": 8132.66162109,
        "dvar2": 24195.5039062,
        "max": 4675.73876953,
        "mean": 29.4871082306,
        "median": 12.265089035,
        "min": -1.49239349365,
        "var": 7057.64746094
    },
    "melbands_skewness": {
        "dmean": 1.06122684479,
        "dmean2": 1.75002753735,
        "dvar": 1.78285288811,
        "dvar2": 5.01193571091,
        "max": 37.3344192505,
        "mean": 3.58305120468,
        "median": 3.05141758919,
        "min": -0.179606631398,
        "var": 5.86681938171
    },
    "melbands_spread": {
        "dmean": 2.04800391197,
        "dmean2": 3.38198304176,
        "dvar": 6.07764482498,
        "dvar2": 13.6070280075,
        "max": 123.765792847,
        "mean": 6.78741598129,
        "median": 6.17597818375,
        "min": 0.00747864414006,
        "var": 20.5152111053
    },
    "pitch_salience": {
        "dmean": 0.0952693596482,
        "dmean2": 0.160211339593,
        "dvar": 0.00652847345918,
        "dvar2": 0.0185082145035,
        "max": 0.950621247292,
        "mean": 0.427373498678,
        "median": 0.426590979099,
        "min": 0.0191429834813,
        "var": 0.0260774213821
    },
    "silence_rate_20dB": {
        "dmean": 0.0327917076647,
        "dmean2": 0.0655882358551,
        "dvar": 0.0317126065493,
        "dvar2": 0.0736274942756,
        "max": 1,
        "mean": 0.954344928265,
        "median": 1,
        "min": 0,
        "var": 0.0435675755143
    },
    "silence_rate_30dB": {
        "dmean": 0.121314607561,
        "dmean2": 0.242647051811,
        "dvar": 0.106607869267,
        "dvar2": 0.234040647745,
        "max": 1,
        "mean": 0.52220261097,
        "median": 1,
        "min": 0,
        "var": 0.249504327774
    },
    "silence_rate_60dB": {
        "dmean": 0.000147048005601,
        "dmean2": 0.000220588233788,
        "dvar": 0.000147004771861,
        "dvar2": 0.000220523375901,
        "max": 1,
        "mean": 0.0120570501313,
        "median": 0,
        "min": 0,
        "var": 0.0119116604328
    },
    "spectral_centroid": {
        "dmean": 71.8478927612,
        "dmean2": 118.387680054,
        "dvar": 8596.52636719,
        "dvar2": 20125.7578125,
        "max": 3576.18188477,
        "mean": 524.75177002,
        "median": 507.547485352,
        "min": 43.2253723145,
        "var": 32743.9746094
    },
    "spectral_complexity": {
        "dmean": 2.32556438446,
        "dmean2": 3.78125,
        "dvar": 5.49036359787,
        "dvar2": 11.4960708618,
        "max": 47,
        "mean": 17.166519165,
        "median": 18,
        "min": 0,
        "var": 46.9607582092
    },
    "spectral_decrease": {
        "dmean": 1.35612401309e-08,
        "dmean2": 2.18765965343e-08,
        "dvar": 3.70555500372e-16,
        "dvar2": 9.22325705936e-16,
        "max": -5.62316461548e-24,
        "mean": -3.29685363454e-08,
        "median": -2.51918113037e-08,
        "min": -3.39848497788e-07,
        "var": 8.6856251307e-16
    },
    "spectral_energy": {
        "dmean": 0.0514378994703,
        "dmean2": 0.0829637497663,
        "dvar": 0.00532233295962,
        "dvar2": 0.013245774433,
        "max": 1.29214990139,
        "mean": 0.125967144966,
        "median": 0.0966515690088,
        "min": 7.18922009191e-15,
        "var": 0.0125315608457
    },
    "spectral_energyband_high": {
        "dmean": 3.32960262313e-05,
        "dmean2": 4.37813396275e-05,
        "dvar": 1.51721710751e-08,
        "dvar2": 2.41031852255e-08,
        "max": 0.00477356323972,
        "mean": 7.16021168046e-05,
        "median": 1.06253319245e-05,
        "min": 4.12158227673e-15,
        "var": 7.1324684825e-08
    },
    "spectral_energyband_low": {
        "dmean": 0.048741877079,
        "dmean2": 0.0795438140631,
        "dvar": 0.00506448699161,
        "dvar2": 0.0128635317087,
        "max": 1.23782253265,
        "mean": 0.096080571413,
        "median": 0.0682721734047,
        "min": 2.09289082833e-16,
        "var": 0.010283366777
    },
    "spectral_energyband_middle_high": {
        "dmean": 0.000998807605356,
        "dmean2": 0.00155596272089,
        "dvar": 2.19531466428e-06,
        "dvar2": 5.28184136783e-06,
        "max": 0.0344573184848,
        "mean": 0.00366274826229,
        "median": 0.00326359039173,
        "min": 1.49876031978e-15,
        "var": 8.429630725e-06
    },
    "spectral_energyband_middle_low": {
        "dmean": 0.00538234226406,
        "dmean2": 0.00872527807951,
        "dvar": 4.86918543174e-05,
        "dvar2": 0.000131990367663,
        "max": 0.133752509952,
        "mean": 0.020586181432,
        "median": 0.0183568075299,
        "min": 2.40639942733e-16,
        "var": 0.00021742482204
    },
    "spectral_entropy": {
        "dmean": 0.132583022118,
        "dmean2": 0.21017806232,
        "dvar": 0.0220511481166,
        "dvar2": 0.0487243533134,
        "max": 8.78814983368,
        "mean": 6.79073143005,
        "median": 6.80721950531,
        "min": 3.84670829773,
        "var": 0.281648129225
    },
    "spectral_flux": {
        "dmean": 0.0492345206439,
        "dmean2": 0.0809260457754,
        "dvar": 0.00247840071097,
        "dvar2": 0.00615858146921,
        "max": 0.69819265604,
        "mean": 0.155076235533,
        "median": 0.139649286866,
        "min": 4.46326448582e-05,
        "var": 0.0075236284174
    },
    "spectral_kurtosis": {
        "dmean": 9.87860584259,
        "dmean2": 17.2146377563,
        "dvar": 139.961990356,
        "dvar2": 409.802856445,
        "max": 272.339233398,
        "mean": 23.6809329987,
        "median": 15.3768911362,
        "min": 0.0440912246704,
        "var": 707.149291992
    },
    "spectral_rms": {
        "dmean": 0.00205762288533,
        "dmean2": 0.00330401305109,
        "dvar": 4.50235302196e-06,
        "dvar2": 1.10528771984e-05,
        "max": 0.0355054102838,
        "mean": 0.0101863313466,
        "median": 0.00971052050591,
        "min": 2.64837174413e-09,
        "var": 1.9133594833e-05
    },
    "spectral_rolloff": {
        "dmean": 103.054893494,
        "dmean2": 175.064712524,
        "dvar": 53457.484375,
        "dvar2": 76690.0078125,
        "max": 20155.078125,
        "mean": 311.400299072,
        "median": 258.3984375,
        "min": 21.533203125,
        "var": 94686.0625
    },
    "spectral_skewness": {
        "dmean": 0.63796967268,
        "dmean2": 1.1068123579,
        "dvar": 0.429699778557,
        "dvar2": 1.26315748692,
        "max": 13.7241888046,
        "mean": 3.12231516838,
        "median": 2.70270109177,
        "min": 0.722972810268,
        "var": 2.39598560333
    },
    "spectral_spread": {
        "dmean": 263553.4375,
        "dmean2": 406423.5625,
        "dvar": 96657874944,
        "dvar2": 181069955072,
        "max": 11148859,
        "mean": 2060912.25,
        "median": 1794790.75,
        "min": 345255.0625,
        "var": 957451665408
    },
    "spectral_strongpeak": {
        "dmean": 0.313389360905,
        "dmean2": 0.561488986015,
        "dvar": 0.12534737587,
        "dvar2": 0.319786965847,
        "max": 4.30553770065,
        "mean": 0.383518576622,
        "median": 0.293792545795,
        "min": 0,
        "var": 0.209984973073
    },
    "zerocrossingrate": {
        "dmean": 0.00300798634999,
        "dmean2": 0.00407991278917,
        "dvar": 2.62484772975e-05,
        "dvar2": 3.37925739586e-05,
        "max": 0.50341796875,
        "mean": 0.0142037365586,
        "median": 0.01318359375,
        "min": 0.0009765625,
        "var": 8.29377677292e-05
    },
    "barkbands": {
        "dmean": [0.0179973356426, 0.0378191843629, 0.00570887001231, 0.00253305374645, 0.00233928579837, 0.00159149093088, 0.00124758819584, 0.00105083885137, 0.000671421876177, 0.000595356686972, 0.000418839539634, 0.000259546999587, 0.000263369758613, 0.000119404074212, 7.28566155885e-05, 4.8422763939e-05, 6.32891897112e-05, 3.05652283714e-05, 2.77481994999e-05, 1.24780053739e-05, 1.19474389066e-05, 7.27952829038e-06, 4.71149951409e-06, 4.36553182226e-06, 2.12842473957e-06, 1.26383588395e-06, 1.93938058146e-06],
        "dmean2": [0.0275655314326, 0.0636837258935, 0.00988038722426, 0.00439975131303, 0.00389408413321, 0.00246396823786, 0.00194052315783, 0.00157257448882, 0.00105025270022, 0.000921531231143, 0.000669148517773, 0.000406250881497, 0.000431573978858, 0.000196524677449, 0.000119725176773, 7.83739887993e-05, 0.00010419782484, 5.1399358199e-05, 4.26043661719e-05, 1.9629511371e-05, 1.82325766218e-05, 1.05822437035e-05, 6.25498250884e-06, 6.05916238783e-06, 2.7923149446e-06, 1.73546527549e-06, 3.03349133901e-06],
        "dvar": [0.000665047380608, 0.00326980790123, 7.49923638068e-05, 1.96982491616e-05, 1.11680546979e-05, 5.61395927434e-06, 2.65135190602e-06, 2.40389636019e-06, 1.29331840526e-06, 6.53484619306e-07, 6.17860962393e-07, 1.41193098102e-07, 1.71542154703e-07, 4.29257056567e-08, 1.04331938644e-08, 8.96399043882e-09, 2.86280599227e-08, 3.97232513549e-09, 7.66768248894e-09, 1.07891373613e-09, 2.31404961859e-09, 8.61252902329e-10, 5.47110023952e-10, 6.7285721439e-10, 9.57899939924e-11, 3.97114077733e-11, 1.5556275712e-10],
        "dvar2": [0.0015326901339, 0.00881400611252, 0.000209407400689, 5.70405354665e-05, 3.0632425478e-05, 1.46406218846e-05, 6.25874190519e-06, 5.85761972616e-06, 3.24358961734e-06, 1.55925386025e-06, 1.67879579749e-06, 3.54745907316e-07, 4.65240560743e-07, 1.16012387252e-07, 2.53775915837e-08, 2.09981614319e-08, 7.50784749926e-08, 9.69068647549e-09, 1.58402944095e-08, 2.47913778395e-09, 5.23103294015e-09, 1.75012992987e-09, 8.13051348469e-10, 1.3234293661e-09, 1.50064030646e-10, 7.5681592937e-11, 3.77648828875e-10],
        "max": [0.426211416721, 0.954919099808, 0.128693789244, 0.076669767499, 0.0783054754138, 0.0475059077144, 0.0285048522055, 0.0345382317901, 0.032036550343, 0.0171304587275, 0.0227635037154, 0.00880808569491, 0.0088328961283, 0.00488444976509, 0.0014865368139, 0.00171295017935, 0.00316438428126, 0.00137326819822, 0.00142590689939, 0.00076762761455, 0.00115093612112, 0.00139653228689, 0.00103387073614, 0.000983549864031, 0.000367658067262, 0.000199396003154, 0.000203925665119],
        "mean": [0.0375596173108, 0.0571445971727, 0.0071732737124, 0.0033025208395, 0.00584959052503, 0.00414204597473, 0.00304035027511, 0.00235160067677, 0.00142379128374, 0.0012736027129, 0.000810370605905, 0.000557321414817, 0.000525005278178, 0.000235076004174, 0.000162488795468, 0.000101276062196, 0.000117712486826, 6.5510161221e-05, 4.71839812235e-05, 2.40828194364e-05, 2.1299589207e-05, 1.45360145325e-05, 9.51611582423e-06, 7.7864724517e-06, 3.66395329365e-06, 1.79486619345e-06, 1.8954629013e-06],
        "median": [0.0235107913613, 0.0365921668708, 0.0033778490033, 0.00141173636075, 0.00395243149251, 0.00238399486989, 0.00192032079212, 0.00129053671844, 0.000891766336281, 0.000915449578315, 0.000459527014755, 0.000396130082663, 0.000379495904781, 0.000167886595591, 0.00011751576676, 6.10232091276e-05, 6.47240085527e-05, 3.18870952469e-05, 1.82294679689e-05, 7.96286258264e-06, 3.71032547264e-06, 1.64591187968e-06, 6.17113414592e-07, 3.18716558922e-07, 1.07038047759e-07, 2.41486510788e-08, 9.25393273121e-09],
        "min": [7.52623581396e-17, 1.00941650861e-16, 5.12739218522e-17, 3.53791897783e-17, 3.09390099815e-17, 8.48770688285e-18, 4.34991983352e-17, 6.39245177381e-17, 5.01668133942e-17, 4.7453816495e-17, 1.21801259937e-16, 1.32312528531e-16, 7.37807453136e-17, 6.26957177771e-17, 1.43458939487e-16, 2.99068593072e-16, 9.8078917727e-17, 1.51679447179e-16, 2.55013377163e-16, 2.86612258898e-16, 2.0561731412e-16, 4.28327938405e-16, 3.710769815e-16, 3.23922816145e-16, 2.24108638929e-16, 7.33375737051e-16, 1.96843828909e-15],
        "var": [0.00193933863193, 0.00496169086546, 0.000105427505332, 2.8056318115e-05, 3.68028013327e-05, 2.39403289015e-05, 1.17759927889e-05, 9.38469020184e-06, 3.57658745997e-06, 1.78974153187e-06, 1.30889452521e-06, 3.72545031269e-07, 3.4688184769e-07, 6.93511310601e-08, 2.73541314044e-08, 1.82624741996e-08, 3.60890837214e-08, 1.05156585661e-08, 1.15664802181e-08, 2.45312903324e-09, 5.06309882908e-09, 3.36227734543e-09, 2.96662405752e-09, 2.37556352367e-09, 3.4529221149e-10, 8.17302614475e-11, 1.48426548829e-10]
    },
    "erbbands": {
        "dmean": [2.01725149155, 5.91110944748, 7.31160497665, 6.94247245789, 7.12420225143, 8.93975448608, 12.1120433807, 13.698184967, 16.1591205597, 21.4631233215, 18.7679843903, 16.5836372375, 16.9487419128, 17.4762763977, 14.417216301, 10.7198858261, 12.3379325867, 6.99293613434, 3.95792818069, 3.12559628487, 3.02456355095, 3.1663184166, 1.78265333176, 1.10513746738, 1.51496529579, 0.611545920372, 0.502945721149, 0.420041888952, 0.278044015169, 0.180283591151, 0.131238058209, 0.102916888893, 0.0674367323518, 0.0289615504444, 0.0124537823722, 0.00556505145505, 0.00247860210948, 0.00088228302775, 0.000269888842013, 8.04715673439e-05],
        "dmean2": [3.36747550964, 10.0854215622, 12.6588821411, 12.0178251266, 12.3935871124, 14.7891349792, 18.7956314087, 21.9358520508, 24.8329315186, 32.0909538269, 28.8343143463, 25.6352977753, 26.0429801941, 27.9136714935, 22.5005912781, 16.9696044922, 20.2403392792, 11.4429330826, 6.46206092834, 5.21813726425, 4.93361520767, 5.23670244217, 2.97261452675, 1.7256282568, 2.39030170441, 0.954715311527, 0.749618053436, 0.632323801517, 0.407538056374, 0.258674770594, 0.173715204, 0.14279165864, 0.0944038555026, 0.0383526347578, 0.0159294698387, 0.0074507095851, 0.00353656150401, 0.00133849855047, 0.000405921688071, 0.000127201303258],
        "dvar": [9.27923965454, 82.542098999, 118.656661987, 124.231498718, 156.414672852, 181.523529053, 385.86315918, 489.925994873, 463.009765625, 821.406433105, 996.120422363, 968.854736328, 614.494140625, 1138.4798584, 495.621704102, 261.24105835, 416.797637939, 144.535873413, 30.4369621277, 26.3142185211, 40.8014259338, 73.8373336792, 11.9782924652, 6.0685133934, 33.771156311, 2.58309960365, 3.43035507202, 2.89181995392, 1.22449588776, 0.812928378582, 0.432468593121, 0.346049159765, 0.188465595245, 0.0218275059015, 0.00308868987486, 0.000657812459394, 0.000171747713466, 2.85472378891e-05, 2.37009840021e-06, 4.724227054e-08],
        "dvar2": [24.6064777374, 229.948242188, 332.048095703, 356.992767334, 461.495666504, 458.062438965, 857.485351562, 1397.46496582, 1062.48266602, 1958.56774902, 2618.18017578, 2428.63842773, 1349.02514648, 3172.26635742, 1246.63208008, 682.361816406, 1131.65087891, 394.968017578, 77.3027038574, 65.5540771484, 103.194648743, 192.518753052, 29.5663204193, 12.2027482986, 75.6701278687, 5.84125566483, 7.47980308533, 6.52690029144, 2.6830728054, 1.76015770435, 0.595770597458, 0.635073661804, 0.402677863836, 0.0363519974053, 0.00479427864775, 0.00111852004193, 0.000364210311091, 6.91791938152e-05, 5.38725089427e-06, 1.11274097492e-07],
        "max": [45.8015518188, 140.362686157, 161.515808105, 194.225891113, 212.641647339, 414.848144531, 658.119812012, 531.074279785, 377.599639893, 439.436676025, 662.447509766, 982.194641113, 652.639221191, 1105.2376709, 461.283996582, 340.840484619, 435.125518799, 248.880462646, 80.7677154541, 70.1201248169, 107.534172058, 158.452896118, 64.8134155273, 45.786857605, 98.9475479126, 28.4299926758, 42.8182640076, 51.3917160034, 48.9568939209, 37.6352348328, 32.5915336609, 24.987783432, 17.406457901, 5.54504394531, 2.02616977692, 0.889233410358, 0.374855220318, 0.119290955365, 0.0257259383798, 0.00369722559117],
        "mean": [2.96259403229, 8.03820800781, 9.67827033997, 10.0789499283, 11.6939086914, 22.060005188, 34.0124282837, 31.6806411743, 39.2250938416, 52.4210395813, 44.4318313599, 36.9397506714, 37.1620750427, 37.5208778381, 31.0286979675, 23.8398647308, 24.836271286, 15.1990737915, 9.43167304993, 6.92048788071, 6.20856523514, 6.1837105751, 4.12008428574, 2.35874724388, 2.35706567764, 1.18690228462, 0.933553397655, 0.778422415257, 0.533756971359, 0.349904030561, 0.269459068775, 0.186771601439, 0.11589564383, 0.0514903143048, 0.0210019052029, 0.00850251317024, 0.00327780423686, 0.00101638399065, 0.000317287427606, 0.000166397338035],
        "median": [1.78818511963, 4.06084918976, 5.19679260254, 5.13585996628, 6.45898342133, 13.5159759521, 17.465877533, 19.3560714722, 24.0341358185, 34.8567123413, 26.6343517303, 23.0729961395, 25.9051628113, 25.7499446869, 20.9908828735, 18.0529460907, 18.304813385, 11.3447198868, 7.42901802063, 4.8156747818, 3.75799703598, 3.46116042137, 2.19612121582, 1.10959291458, 0.748354136944, 0.379803001881, 0.205431729555, 0.120065659285, 0.0645660310984, 0.0297908429056, 0.0170642286539, 0.0087204631418, 0.00432817824185, 0.00174703169614, 0.00056153407786, 0.000192513456568, 7.7082462667e-05, 1.28906021928e-05, 5.52488818357e-05, 0.000111342102173],
        "min": [3.88805741075e-15, 1.95880959971e-14, 5.52307867138e-14, 9.89638668865e-14, 1.21927519621e-13, 9.47464695133e-14, 4.26187236272e-14, 9.49624222573e-14, 4.31519376438e-13, 1.03473631573e-12, 1.44345570652e-12, 1.17662097513e-12, 1.03246491218e-12, 2.90343161839e-12, 5.67472284441e-12, 4.98749522584e-12, 3.43756815548e-12, 3.84452018831e-12, 3.05233247531e-12, 1.53670565856e-11, 1.18641962574e-11, 6.24631596446e-12, 7.14435108295e-12, 1.57473305229e-11, 8.23812632694e-12, 1.52222730948e-11, 8.74501686343e-12, 1.2046585951e-11, 1.43149155724e-11, 1.10320945088e-11, 8.92794779078e-12, 8.67986325176e-12, 4.73164432982e-12, 2.00900364053e-12, 2.01871202046e-12, 1.43921289816e-12, 1.64894421902e-12, 7.91686811594e-13, 2.33514271288e-13, 3.19943182191e-14],
        "var": [13.7463989258, 121.990577698, 159.730712891, 195.61100769, 241.183853149, 736.226928711, 2584.76782227, 1474.00952148, 1881.08752441, 3244.08251953, 3593.91259766, 2633.17919922, 1845.09118652, 2235.7121582, 1209.9654541, 574.318969727, 794.935668945, 247.408859253, 78.63230896, 60.8333969116, 68.2381668091, 98.2721176147, 35.5474472046, 14.8927221298, 42.0080909729, 5.80014181137, 7.22578144073, 7.81391811371, 4.07611322403, 3.07275462151, 2.47126102448, 1.32577049732, 0.52943444252, 0.078505076468, 0.0109222484753, 0.00169469509274, 0.000287132308586, 3.32643467118e-05, 2.58660111285e-06, 6.20714928345e-08]
    },
    "gfcc": {
        "mean": [-58.9134864807, 196.160919189, -104.789001465, 11.1774501801, -26.9496059418, 0.71072435379, -8.54149150848, 0.409815609455, -1.38501966, -4.40394926071, 3.4485578537, -2.61383986473, 1.34038567543],
        "cov": [[10031.0058594, -921.238098145, -1339.60681152, 753.0859375, -527.975891113, 498.332672119, -182.110488892, 3.22141385078, -310.483703613, 233.023376465, -90.2170639038, 41.4025382996, -97.2761001587], [-921.238098145, 1485.93151855, -464.244140625, -437.866760254, 268.571350098, -327.958831787, 180.234466553, -204.20274353, 204.904006958, -47.5824012756, 195.159957886, -114.369598389, 136.929351807], [-1339.60681152, -464.244140625, 1166.83703613, 242.256271362, 232.702774048, 215.71031189, -8.5349111557, 81.1139907837, -4.35411882401, 59.5471687317, -44.0272102356, 17.7859477997, -8.46887016296], [753.0859375, -437.866760254, 242.256271362, 358.649658203, -3.78930139542, 176.137695312, -23.9709281921, 45.6735725403, -37.7944908142, 31.2408103943, -42.7813796997, 11.9529829025, -22.2475032806], [-527.975891113, 268.571350098, 232.702774048, -3.78930139542, 349.906433105, 15.6897192001, 127.286117554, -25.8440952301, 45.5308570862, 28.8692951202, 52.5237083435, -21.266248703, 44.4245147705], [498.332672119, -327.958831787, 215.71031189, 176.137695312, 15.6897192001, 217.892822266, -4.89757061005, 54.4746856689, -44.3631782532, 18.3741397858, -28.9547576904, 10.9956073761, -20.8160495758], [-182.110488892, 180.234466553, -8.5349111557, -23.9709281921, 127.286117554, -4.89757061005, 135.989746094, 21.1232070923, 56.1532363892, -2.46825504303, 36.5273475647, -7.18781328201, 19.2178821564], [3.22141385078, -204.20274353, 81.1139907837, 45.6735725403, -25.8440952301, 54.4746856689, 21.1232070923, 111.817550659, 11.5614957809, -11.6350879669, -20.0376853943, 23.2041435242, -27.5186290741], [-310.483703613, 204.904006958, -4.35411882401, -37.7944908142, 45.5308570862, -44.3631782532, 56.1532363892, 11.5614957809, 120.932411194, -1.12788116932, 51.434841156, -4.43133401871, 34.0046195984], [233.023376465, -47.5824012756, 59.5471687317, 31.2408103943, 28.8692951202, 18.3741397858, -2.46825504303, -11.6350879669, -1.12788116932, 68.652923584, 12.4996509552, 0.0457410104573, 8.87994670868], [-90.2170639038, 195.159957886, -44.0272102356, -42.7813796997, 52.5237083435, -28.9547576904, 36.5273475647, -20.0376853943, 51.434841156, 12.4996509552, 78.5522918701, 8.87268543243, 35.3204154968], [41.4025382996, -114.369598389, 17.7859477997, 11.9529829025, -21.266248703, 10.9956073761, -7.18781328201, 23.2041435242, -4.43133401871, 0.0457410104573, 8.87268543243, 56.2384414673, 2.15416026115], [-97.2761001587, 136.929351807, -8.46887016296, -22.2475032806, 44.4245147705, -20.8160495758, 19.2178821564, -27.5186290741, 34.0046195984, 8.87994670868, 35.3204154968, 2.15416026115, 63.5062789917]],
        "icov": [[0.000358291115845, -0.000535306055099, 0.000713177083526, -0.000950401532464, 0.000230076329899, -0.00101219571661, 0.000354415591573, -0.000509207311552, 0.000557593419217, -0.00182484427933, 0.000728302984498, -0.000913830008358, 0.000227089491091], [-0.000535306055099, 0.00668666232377, -0.000294953875709, 0.00432415492833, -0.00249925348908, 0.00344776618294, -0.00251487013884, 0.00611928384751, -0.00415234453976, 0.00747054954991, -0.00793993659317, 0.00970512721688, -0.00220531062223], [0.000713177083526, -0.000294953875709, 0.00316315889359, -0.00180764240213, -0.00173989904579, -0.00266619515605, 0.0024448777549, -0.00131562456954, -0.000439553376054, -0.00363098015077, 0.00195563654415, -0.00137226795778, 0.000252143421676], [-0.000950401532464, 0.00432415492833, -0.00180764240213, 0.00899312738329, -0.00140424747951, -1.77096771949e-05, -0.00171932822559, 0.00440274691209, -0.00400578789413, 0.00571210309863, -0.0034018936567, 0.0058609652333, -0.00142588128801], [0.000230076329899, -0.00249925348908, -0.00173989904579, -0.00140424747951, 0.00844241306186, -0.00120797043201, -0.00644082203507, 0.000604711123742, 0.00345869339071, -0.00368835916743, 0.000639110978227, -0.00184575363528, -0.000702389050275], [-0.00101219571661, 0.00344776618294, -0.00266619515605, -1.77096771949e-05, -0.00120797043201, 0.0133395595476, -0.00262346258387, -0.000540763372555, 0.00165069522336, 0.00633946806192, -0.00635040225461, 0.0066312844865, -0.00203241524287], [0.000354415591573, -0.00251487013884, 0.0024448777549, -0.00171932822559, -0.00644082203507, -0.00262346258387, 0.0186305604875, -0.00828898046166, -0.00275327148847, -0.00207779114135, 0.00157213711645, -0.0024090402294, 0.00107713497709], [-0.000509207311552, 0.00611928384751, -0.00131562456954, 0.00440274691209, 0.000604711123742, -0.000540763372555, -0.00828898046166, 0.0235459972173, -0.00937129557133, 0.00835669506341, -0.00226487079635, 0.00129664724227, 0.00456896517426], [0.000557593419217, -0.00415234453976, -0.000439553376054, -0.00400578789413, 0.00345869339071, 0.00165069522336, -0.00275327148847, -0.00937129557133, 0.0200735386461, -0.00441144639626, -0.00472490582615, -0.00087170425104, -0.00423489045352], [-0.00182484427933, 0.00747054954991, -0.00363098015077, 0.00571210309863, -0.00368835916743, 0.00633946806192, -0.00207779114135, 0.00835669506341, -0.00441144639626, 0.0304887890816, -0.0135332979262, 0.01201006677, -0.00325965997763], [0.000728302984498, -0.00793993659317, 0.00195563654415, -0.0034018936567, 0.000639110978227, -0.00635040225461, 0.00157213711645, -0.00226487079635, -0.00472490582615, -0.0135332979262, 0.0369243696332, -0.0200658068061, -0.00211478420533], [-0.000913830008358, 0.00970512721688, -0.00137226795778, 0.0058609652333, -0.00184575363528, 0.0066312844865, -0.0024090402294, 0.00129664724227, -0.00087170425104, 0.01201006677, -0.0200658068061, 0.0378988608718, -0.00703776488081], [0.000227089491091, -0.00220531062223, 0.000252143421676, -0.00142588128801, -0.000702389050275, -0.00203241524287, 0.00107713497709, 0.00456896517426, -0.00423489045352, -0.00325965997763, -0.00211478420533, -0.00703776488081, 0.0260007362813]]
    },
    "melbands": {
        "dmean": [0.0138837220147, 0.00487838126719, 0.00116017658729, 0.000521585636307, 0.000415627786424, 0.000297813327052, 0.00025440621539, 0.000235238127061, 0.00014755911252, 0.000101444151369, 8.59579595271e-05, 7.31358377379e-05, 5.08880184498e-05, 3.39250218531e-05, 2.56030634773e-05, 2.46832969424e-05, 1.31331344164e-05, 6.79428239891e-06, 5.30445231561e-06, 3.64559832633e-06, 3.83065253118e-06, 3.71160558643e-06, 2.65972835223e-06, 1.3212088561e-06, 9.38243033488e-07, 9.63393972597e-07, 1.04648086108e-06, 3.26930717165e-07, 3.43420822446e-07, 3.07526363486e-07, 2.38948530296e-07, 1.61458288517e-07, 1.3484425665e-07, 9.4767173664e-08, 7.68467458556e-08, 7.98528958512e-08, 5.94187845593e-08, 5.24236156707e-08, 3.49882860462e-08, 2.21678675416e-08],
        "dmean2": [0.0229195971042, 0.00838737003505, 0.00200477358885, 0.000882978201844, 0.000652236863971, 0.000469862046884, 0.000391445908463, 0.000351410533767, 0.000227648284636, 0.000158305498189, 0.00013245412265, 0.000116803363198, 8.08742042864e-05, 5.26189141965e-05, 4.15470676671e-05, 4.07088300562e-05, 2.15084764932e-05, 1.11221306724e-05, 8.75697787706e-06, 5.93232380197e-06, 6.3503880483e-06, 6.20501396043e-06, 4.44640090791e-06, 2.22547896556e-06, 1.46266063439e-06, 1.57909869358e-06, 1.72580723756e-06, 5.12324561441e-07, 5.14586702138e-07, 4.87356373924e-07, 3.5294965528e-07, 2.41122990019e-07, 2.01340228045e-07, 1.37795154842e-07, 1.02896919429e-07, 1.16442151921e-07, 8.58466862041e-08, 7.61878595767e-08, 4.71139216529e-08, 2.98941031929e-08],
        "dvar": [0.000431487191236, 5.14743114763e-05, 3.32990998686e-06, 6.10722452166e-07, 3.99270476237e-07, 2.16536321318e-07, 1.12663677498e-07, 1.03787243688e-07, 6.02309597753e-08, 3.62383332231e-08, 1.55734216634e-08, 1.7977658473e-08, 6.91682089382e-09, 2.29590746414e-09, 1.47266854267e-09, 1.64432700789e-09, 5.12466680203e-10, 8.62391338896e-11, 7.27775617548e-11, 4.00051311522e-11, 6.33103638958e-11, 1.04342257057e-10, 3.0793898681e-11, 6.00841165016e-12, 4.35165705553e-12, 8.98266790811e-12, 1.98841186572e-11, 5.56354604313e-13, 1.34187821445e-12, 1.74745916522e-12, 8.37278217678e-13, 3.70693168002e-13, 3.42523454261e-13, 2.77996023553e-13, 1.54133650287e-13, 1.93821778831e-13, 1.35140583077e-13, 1.22175585079e-13, 3.94836276846e-14, 1.17789121623e-14],
        "dvar2": [0.00112433428876, 0.000144181292853, 9.6147914519e-06, 1.72903185103e-06, 9.34722379498e-07, 6.0272520841e-07, 2.61009120095e-07, 2.43951205903e-07, 1.60153419415e-07, 9.32896639938e-08, 3.44704531585e-08, 4.97205618899e-08, 1.80867107957e-08, 5.82613379763e-09, 4.03328170862e-09, 4.55058435378e-09, 1.37263067579e-09, 2.2664385646e-10, 1.78852752053e-10, 9.09010436367e-11, 1.64773042433e-10, 2.7539187597e-10, 7.61543259009e-11, 1.57970008602e-11, 8.64233771353e-12, 1.79699519154e-11, 4.99752288163e-11, 1.23002703942e-12, 2.86645924011e-12, 4.1978712173e-12, 1.87285104959e-12, 7.6866838632e-13, 7.73947637749e-13, 6.53742630776e-13, 2.26662615001e-13, 3.53807993103e-13, 2.82563225205e-13, 2.71737954404e-13, 7.50200344012e-14, 1.98771730954e-14],
        "max": [0.342226862907, 0.106309063733, 0.0290068760514, 0.0158235505223, 0.0209701992571, 0.010656976141, 0.00583769381046, 0.00532148592174, 0.00466513214633, 0.00612128665671, 0.00326760555618, 0.00419336929917, 0.0016574379988, 0.00100862747058, 0.000833303201944, 0.000680272758473, 0.000569269875996, 0.000149735074956, 0.000139437266625, 0.000118332354759, 0.000122621728224, 0.000182854622835, 9.10531307454e-05, 4.30274085375e-05, 4.11504224758e-05, 4.47235179308e-05, 7.11249231244e-05, 1.68067745108e-05, 2.36380092247e-05, 3.78462864319e-05, 3.18403108395e-05, 2.58351374214e-05, 2.70616346825e-05, 2.11393671634e-05, 1.95603897737e-05, 1.81655868801e-05, 1.42010503623e-05, 1.41183754749e-05, 7.79840684118e-06, 4.33080094808e-06],
        "mean": [0.0235617682338, 0.00695259589702, 0.00181526795495, 0.00116578990128, 0.00119814649224, 0.000720016541891, 0.000621372077148, 0.000568913645111, 0.000342301616911, 0.00021481377189, 0.000181807947229, 0.000152030494064, 0.000103803467937, 7.36498695915e-05, 5.42690831935e-05, 4.88889454573e-05, 2.59269891103e-05, 1.4986876522e-05, 1.10819200927e-05, 7.81595190347e-06, 7.08971037966e-06, 6.57686723571e-06, 5.28097552888e-06, 2.721715191e-06, 1.77886101937e-06, 1.6983117348e-06, 1.37632230235e-06, 6.69090866268e-07, 5.97042401296e-07, 5.11199914399e-07, 4.36182006069e-07, 3.21149059346e-07, 2.2816487899e-07, 1.77257462042e-07, 1.55955461878e-07, 1.42763340705e-07, 1.02120708334e-07, 8.6746787531e-08, 5.92453197612e-08, 3.82635221285e-08],
        "median": [0.015675580129, 0.00394564634189, 0.000970646506175, 0.000713271205314, 0.000690598390065, 0.0004447811516, 0.000376367126592, 0.000374184921384, 0.000208139608731, 0.0001360365859, 0.000124852769659, 0.000101207449916, 6.70376102789e-05, 5.31670193595e-05, 4.08535306633e-05, 3.53750147042e-05, 1.8047496269e-05, 1.13851992865e-05, 7.75553144194e-06, 4.91274931846e-06, 4.1367529775e-06, 3.62937817044e-06, 2.63359424935e-06, 1.39134499477e-06, 7.9021538113e-07, 6.05105469731e-07, 3.73697218947e-07, 1.94940980691e-07, 1.36052562993e-07, 8.14439218288e-08, 6.04314323027e-08, 4.02370332608e-08, 2.14504272122e-08, 1.37038078662e-08, 1.00545118897e-08, 6.51721343559e-09, 4.76655692694e-09, 3.25483573427e-09, 1.89130422434e-09, 1.24650112454e-09],
        "min": [3.49780898992e-17, 2.84245430468e-17, 1.81272396076e-17, 8.10852729006e-18, 1.89941017285e-18, 2.13883677398e-18, 7.25748251683e-18, 1.21048576865e-17, 1.17224438175e-17, 6.9149288272e-18, 4.9660838594e-18, 1.07942388096e-17, 1.81270658997e-17, 1.64232492001e-17, 9.06591026693e-18, 7.53257218288e-18, 7.03318422193e-18, 3.08366170158e-18, 1.39379966302e-17, 2.50828458686e-17, 1.05394605635e-17, 5.22797461801e-18, 7.21186764195e-18, 6.91489573998e-18, 1.39851078748e-17, 8.07094764765e-18, 5.43948428705e-18, 1.1190545177e-17, 6.02628249128e-18, 3.67743696749e-18, 9.07714089811e-18, 8.85068945207e-18, 7.30620097337e-18, 5.72298886147e-18, 3.69637361325e-18, 7.37045305463e-18, 4.71473179539e-18, 3.80220351441e-18, 2.44528878616e-18, 1.3183000761e-18],
        "var": [0.000742048490793, 7.64217256801e-05, 5.84608687859e-06, 1.73788203028e-06, 2.34699564317e-06, 7.11179325208e-07, 4.75436195302e-07, 4.00274643653e-07, 2.04853535024e-07, 8.80950494775e-08, 4.55613466954e-08, 3.63730237041e-08, 1.56631720927e-08, 5.92657034559e-09, 3.29210747552e-09, 2.83598367012e-09, 8.74630257108e-10, 2.09808934115e-10, 1.5272602627e-10, 9.8239257007e-11, 9.3248041233e-11, 1.2338935429e-10, 6.74901801112e-11, 1.57218040669e-11, 9.66058223001e-12, 1.46632220255e-11, 1.91203337885e-11, 1.80283641748e-12, 2.72392763727e-12, 3.40550309307e-12, 2.53274809979e-12, 1.43720083577e-12, 9.12304086442e-13, 9.61565896351e-13, 8.22702637352e-13, 8.11683619623e-13, 3.94953194498e-13, 3.14149910512e-13, 1.20358719735e-13, 4.06120551414e-14]
    },
    "mfcc": {
        "mean": [-703.177978516, 223.788986206, -4.10897064209, 25.2054424286, 6.95231962204, 9.02961730957, 6.88102149963, 9.9471540451, 4.90843582153, 3.64534425735, 6.44169664383, 8.15466403961, 3.5483481884],
        "cov": [[8182.26660156, -88.7221832275, -1127.60974121, 24.0914287567, -383.603088379, 191.11328125, -64.2986907959, -28.0921897888, -165.837738037, -37.2026443481, -117.14630127, -6.96037864685, -59.2278709412], [-88.7221832275, 1696.46496582, -665.268432617, -187.087860107, -40.608543396, -132.219619751, -7.3629488945, -120.474662781, -27.9027042389, 10.9385824203, 73.2818527222, -1.03387820721, 16.2132778168], [-1127.60974121, -665.268432617, 826.693481445, 160.813964844, 199.350891113, 137.652908325, 39.2257385254, 64.5446090698, 54.0267028809, 32.0403518677, -2.55121231079, 13.7740926743, 4.56030607224], [24.0914287567, -187.087860107, 160.813964844, 223.934432983, 91.8710861206, 107.679084778, 45.0927200317, 44.1212882996, 33.1029434204, 32.8345489502, 11.6138572693, 6.36909008026, 22.9949474335], [-383.603088379, -40.608543396, 199.350891113, 91.8710861206, 176.822158813, 100.706108093, 64.5898208618, 18.4608249664, 25.3227844238, 21.9848594666, 8.48414421082, 6.1627779007, 11.1444482803], [191.11328125, -132.219619751, 137.652908325, 107.679084778, 100.706108093, 166.304443359, 70.4563522339, 21.9848747253, 16.2886505127, 27.913066864, -0.866435050964, -0.195433452725, 5.95085859299], [-64.2986907959, -7.3629488945, 39.2257385254, 45.0927200317, 64.5898208618, 70.4563522339, 111.432373047, 38.9964485168, 17.1257896423, 17.684885025, 9.37948799133, -1.60344803333, 5.99873495102], [-28.0921897888, -120.474662781, 64.5446090698, 44.1212882996, 18.4608249664, 21.9848747253, 38.9964485168, 141.538345337, 47.1534690857, -0.38517716527, 22.5874862671, 33.6454200745, 6.39264345169], [-165.837738037, -27.9027042389, 54.0267028809, 33.1029434204, 25.3227844238, 16.2886505127, 17.1257896423, 47.1534690857, 63.1519889832, 23.2200832367, 16.8651618958, 11.9229230881, 6.54402256012], [-37.2026443481, 10.9385824203, 32.0403518677, 32.8345489502, 21.9848594666, 27.913066864, 17.684885025, -0.38517716527, 23.2200832367, 56.2199935913, 18.4676971436, -1.81017410755, 6.27477121353], [-117.14630127, 73.2818527222, -2.55121231079, 11.6138572693, 8.48414421082, -0.866435050964, 9.37948799133, 22.5874862671, 16.8651618958, 18.4676971436, 53.9313735962, 19.4022827148, 9.25948619843], [-6.96037864685, -1.03387820721, 13.7740926743, 6.36909008026, 6.1627779007, -0.195433452725, -1.60344803333, 33.6454200745, 11.9229230881, -1.81017410755, 19.4022827148, 47.9083328247, 15.7234134674], [-59.2278709412, 16.2132778168, 4.56030607224, 22.9949474335, 11.1444482803, 5.95085859299, 5.99873495102, 6.39264345169, 6.54402256012, 6.27477121353, 9.25948619843, 15.7234134674, 41.3742523193]],
