{
"lowlevel": {
    "average_loudness": 0.914322912693,
    "barkbands_crest": {
        "dmean": 4.42384767532,
        "dmean2": 6.72995281219,
        "dvar": 19.8116035461,
        "dvar2": 34.8719711304,
        "max": 26.9231452942,
        "mean": 13.9198703766,
        "median": 13.3499860764,
        "min": 2.0250082016,
        "var": 56.7163734436
    },
    "barkbands_flatness_db": {
        "dmean": 0.0629282742739,
        "dmean2": 0.0849333330989,
        "dvar": 0.0064158430323,
        "dvar2": 0.00953929405659,
        "max": 0.733708024025,
        "mean": 0.166262984276,
        "median": 0.104298919439,
        "min": 0.0179527644068,
        "var": 0.0236858334392
    },
    "barkbands_kurtosis": {
        "dmean": 63.3781089783,
        "dmean2": 97.2873840332,
        "dvar": 30201.5410156,
        "dvar2": 68359.5234375,
        "max": 4733.37255859,
        "mean": 76.4580383301,
        "median": 2.24310302734,
        "min": -1.99467241764,
        "var": 45301.2734375
    },
    "barkbands_skewness": {
        "dmean": 2.58724737167,
        "dmean2": 3.74814295769,
        "dvar": 17.5125713348,
        "dvar2": 31.8504390717,
        "max": 65.8438568115,
        "mean": 4.40291261673,
        "median": 1.76825940609,
        "min": -2.08722233772,
        "var": 43.7387619019
    },
    "barkbands_spread": {
        "dmean": 13.9811620712,
        "dmean2": 21.4583683014,
        "dvar": 253.580673218,
        "dvar2": 577.897155762,
        "max": 167.283706665,
        "mean": 34.5718955994,
        "median": 37.2166862488,
        "min": 0.127876296639,
        "var": 564.189697266
    },
    "dissonance": {
        "dmean": 0.0164519511163,
        "dmean2": 0.0284064337611,
        "dvar": 0.000370371883037,
        "dvar2": 0.00101605895907,
        "max": 0.500000119209,
        "mean": 0.480644881725,
        "median": 0.485740423203,
        "min": 0.202416405082,
        "var": 0.000383882812457
    },
    "dynamic_complexity": 5.70595932007,
    "erbbands_crest": {
        "dmean": 1.88511550426,
        "dmean2": 3.06745314598,
        "dvar": 6.60466051102,
        "dvar2": 11.3334617615,
        "max": 26.2773704529,
        "mean": 5.85761165619,
        "median": 4.69014453888,
        "min": 2.18408107758,
        "var": 17.5000991821
    },
    "erbbands_flatness_db": {
        "dmean": 0.0202682893723,
        "dmean2": 0.0293786935508,
        "dvar": 0.000544054899365,
        "dvar2": 0.00101285474375,
        "max": 0.343436688185,
        "mean": 0.0988148897886,
        "median": 0.0890659168363,
        "min": 0.0275465175509,
        "var": 0.0014207403874
    },
    "erbbands_kurtosis": {
        "dmean": 2.03125214577,
        "dmean2": 2.86797142029,
        "dvar": 60.9015579224,
        "dvar2": 106.48323822,
        "max": 211.013717651,
        "mean": 1.16638433933,
        "median": -0.576651096344,
        "min": -1.9247045517,
        "var": 101.774284363
    },
    "erbbands_skewness": {
        "dmean": 0.550128757954,
        "dmean2": 0.785482764244,
        "dvar": 0.602176487446,
        "dvar2": 0.834299445152,
        "max": 13.4736118317,
        "mean": 0.154782727361,
        "median": 0.0538250394166,
        "min": -2.87857651711,
        "var": 1.83523273468
    },
    "erbbands_spread": {
        "dmean": 22.5714817047,
        "dmean2": 32.7671890259,
        "dvar": 914.105285645,
        "dvar2": 1504.75,
        "max": 305.195037842,
        "mean": 69.2033462524,
        "median": 61.3199615479,
        "min": 4.33373022079,
        "var": 1803.51013184
    },
    "hfc": {
        "dmean": 22.7501049042,
        "dmean2": 33.3499488831,
        "dvar": 1193.63757324,
        "dvar2": 2598.99951172,
        "max": 285.041595459,
        "mean": 34.1415290833,
        "median": 21.3939266205,
        "min": 1.18728634686e-16,
        "var": 1824.4564209
    },
    "melbands_crest": {
        "dmean": 5.47890758514,
        "dmean2": 8.56638813019,
        "dvar": 43.8263282776,
        "dvar2": 71.4490585327,
        "max": 39.9778213501,
        "mean": 21.5260505676,
        "median": 20.436882019,
        "min": 1.90086686611,
        "var": 116.187347412
    },
    "melbands_flatness_db": {
        "dmean": 0.0742962807417,
        "dmean2": 0.096740283072,
        "dvar": 0.00692924810573,
        "dvar2": 0.0105624683201,
        "max": 0.85847312212,
        "mean": 0.222961694002,
        "median": 0.168619930744,
        "min": 0.00554402638227,
        "var": 0.0291015114635
    },
    "melbands_kurtosis": {
        "dmean": 1156.34545898,
        "dmean2": 1863.8704834,
        "dvar": 32260646,
        "dvar2": 77080920,
        "max": 65472.7578125,
        "mean": 921.960388184,
        "median": 19.5755138397,
        "min": -1.57937049866,
        "var": 27839532
    },
    "melbands_skewness": {
        "dmean": 7.22883319855,
        "dmean2": 10.3980731964,
        "dvar": 437.605255127,
        "dvar2": 852.16418457,
        "max": 239.846969604,
        "mean": 9.96734333038,
        "median": 4.06256818771,
        "min": -0.763787567616,
        "var": 609.385498047
    },
    "melbands_spread": {
        "dmean": 17.0157546997,
        "dmean2": 27.1751251221,
        "dvar": 546.815490723,
        "dvar2": 1125.28430176,
        "max": 162.657791138,
        "mean": 30.9120311737,
        "median": 22.1018810272,
        "min": 0.0117768952623,
        "var": 1065.20166016
    },
    "pitch_salience": {
        "dmean": 0.145175620914,
        "dmean2": 0.231350317597,
        "dvar": 0.026828546077,
        "dvar2": 0.0537323765457,
        "max": 0.929056346416,
        "mean": 0.42833134532,
        "median": 0.459410429001,
        "min": 0.00290820701048,
        "var": 0.0613009557128
    },
    "silence_rate_20dB": {
        "dmean": 0,
        "dmean2": 0,
        "dvar": 0,
        "dvar2": 0,
        "max": 1,
        "mean": 1,
        "median": 1,
        "min": 1,
        "var": 0
    },
    "silence_rate_30dB": {
        "dmean": 0.0332367159426,
        "dmean2": 0.0664798542857,
        "dvar": 0.0321295671165,
        "dvar2": 0.068237401545,
        "max": 1,
        "mean": 0.962322473526,
        "median": 1,
        "min": 0,
        "var": 0.0362625941634
    },
    "silence_rate_60dB": {
        "dmean": 0.0836714953184,
        "dmean2": 0.167262539268,
        "dvar": 0.0766701623797,
        "dvar2": 0.150483220816,
        "max": 1,
        "mean": 0.248478412628,
        "median": 0,
        "min": 0,
        "var": 0.186755552888
    },
    "spectral_centroid": {
        "dmean": 510.920349121,
        "dmean2": 761.904907227,
        "dvar": 263444.5,
        "dvar2": 440659.78125,
        "max": 10721.9267578,
        "mean": 2003.30273438,
        "median": 2019.3145752,
        "min": 53.1284446716,
        "var": 881164.125
    },
    "spectral_complexity": {
        "dmean": 8.61217403412,
        "dmean2": 12.7648086548,
        "dvar": 95.355682373,
        "dvar2": 192.360870361,
        "max": 62,
        "mean": 18.5716362,
        "median": 13,
        "min": 0,
        "var": 300.782714844
    },
    "spectral_decrease": {
        "dmean": 3.82621001549e-09,
        "dmean2": 5.84532200421e-09,
        "dvar": 2.93937439531e-17,
        "dvar2": 7.26467071636e-17,
        "max": 3.2596866541e-15,
        "mean": -8.0656592516e-09,
        "median": -6.05456662583e-09,
        "min": -4.10777261095e-08,
        "var": 7.24488587959e-17
    },
    "spectral_energy": {
        "dmean": 0.0158050395548,
        "dmean2": 0.0240845307708,
        "dvar": 0.000470866507385,
        "dvar2": 0.00113133108243,
        "max": 0.157659888268,
        "mean": 0.0335384868085,
        "median": 0.0252345111221,
        "min": 1.03277457666e-20,
        "var": 0.00116179662291
    },
    "spectral_energyband_high": {
        "dmean": 0.00203151954338,
        "dmean2": 0.00307049485855,
        "dvar": 1.07323094198e-05,
        "dvar2": 2.5113036827e-05,
        "max": 0.028032053262,
        "mean": 0.00287521933205,
        "median": 0.00171855126973,
        "min": 7.61271846853e-21,
        "var": 1.41844748214e-05
    },
    "spectral_energyband_low": {
        "dmean": 0.0111918915063,
        "dmean2": 0.0168893970549,
        "dvar": 0.000325929635437,
        "dvar2": 0.000922477862332,
        "max": 0.147143810987,
        "mean": 0.0196360237896,
        "median": 0.00944901164621,
        "min": 4.07300812942e-23,
        "var": 0.000655009876937
    },
    "spectral_energyband_middle_high": {
        "dmean": 0.0030131356325,
        "dmean2": 0.00441463664174,
        "dvar": 1.79626495083e-05,
        "dvar2": 3.04200566461e-05,
        "max": 0.0323022045195,
        "mean": 0.00425586663187,
        "median": 0.00149914668873,
        "min": 1.52259393847e-21,
        "var": 3.79815683118e-05
    },
    "spectral_energyband_middle_low": {
        "dmean": 0.00663441373035,
        "dmean2": 0.0104910293594,
        "dvar": 0.000158167924383,
        "dvar2": 0.000405051338021,
        "max": 0.109522812068,
        "mean": 0.00741687929258,
        "median": 0.00227452046238,
        "min": 2.14528009493e-22,
        "var": 0.000149423707626
    },
    "spectral_entropy": {
        "dmean": 0.192639246583,
        "dmean2": 0.270459830761,
        "dvar": 0.0891205072403,
        "dvar2": 0.142147377133,
        "max": 9.79117488861,
        "mean": 8.17039775848,
        "median": 8.29789352417,
        "min": 4.5020904541,
        "var": 0.284678727388
    },
    "spectral_flux": {
        "dmean": 0.0367345921695,
        "dmean2": 0.0545748248696,
        "dvar": 0.00210249447264,
        "dvar2": 0.0040055513382,
        "max": 0.355858296156,
        "mean": 0.100619398057,
        "median": 0.0882285237312,
        "min": 1.01625520499e-10,
        "var": 0.00572909135371
    },
    "spectral_kurtosis": {
        "dmean": 0.722074508667,
        "dmean2": 1.15638494492,
        "dvar": 2.27464818954,
        "dvar2": 5.42066812515,
        "max": 61.4172897339,
        "mean": 1.68691301346,
        "median": 1.42010974884,
        "min": -1.13780283928,
        "var": 3.09394454956
    },
    "spectral_rms": {
        "dmean": 0.00135739333928,
        "dmean2": 0.0019820262678,
        "dvar": 2.63308265858e-06,
        "dvar2": 5.34850369149e-06,
        "max": 0.0124021982774,
        "mean": 0.00472884485498,
        "median": 0.00496175745502,
        "min": 3.17424797384e-12,
        "var": 1.03584488897e-05
    },
    "spectral_rolloff": {
        "dmean": 1615.84912109,
        "dmean2": 2531.80517578,
        "dvar": 4974533,
        "dvar2": 9490937,
        "max": 18863.0859375,
        "mean": 2622.66748047,
        "median": 1055.12695312,
        "min": 21.533203125,
        "var": 10218235
    },
    "spectral_skewness": {
        "dmean": 0.180015444756,
        "dmean2": 0.284702569246,
        "dvar": 0.0506079345942,
        "dvar2": 0.105853788555,
        "max": 6.12262105942,
        "mean": 1.19031727314,
        "median": 1.10474777222,
        "min": 0.0419727303088,
        "var": 0.134193122387
    },
    "spectral_spread": {
        "dmean": 1221712.625,
        "dmean2": 1848170.75,
        "dvar": 3.47550672486e+12,
        "dvar2": 6.8124934144e+12,
        "max": 38456380,
        "mean": 7920491,
        "median": 7209769.5,
        "min": 955408.8125,
        "var": 6.89115129446e+12
    },
    "spectral_strongpeak": {
        "dmean": 0.251635104418,
        "dmean2": 0.408159911633,
        "dvar": 0.241371154785,
        "dvar2": 0.603760659695,
        "max": 3.59996986389,
        "mean": 0.35904699564,
        "median": 0.274178445339,
        "min": 0,
        "var": 0.210521891713
    },
    "zerocrossingrate": {
        "dmean": 0.031238488853,
        "dmean2": 0.0339905358851,
        "dvar": 0.00105401338078,
        "dvar2": 0.00116991961841,
        "max": 0.681640625,
        "mean": 0.0951533764601,
        "median": 0.08740234375,
        "min": 0,
        "var": 0.00523726129904
    },
    "barkbands": {
        "dmean": [0.000381237332476, 0.00978494994342, 0.00300476164557, 0.00129993702285, 0.00211221375503, 0.00137239345349, 0.001174571109, 0.0010353034595, 0.000854477053508, 0.000479767564684, 0.000451705534942, 0.000409076630604, 0.00034751027124, 0.000367774278857, 0.000324025459122, 0.000300531537505, 0.000210843456443, 0.000246469076956, 0.000222733055125, 0.000307178532239, 0.000352585688233, 0.00029214983806, 0.000400822638767, 0.000354343967047, 0.000340081402101, 0.000228807199164, 2.82425098703e-05],
        "dmean2": [0.00057712913258, 0.0151846343651, 0.00537382951006, 0.0022810776718, 0.00349631882273, 0.00233307504095, 0.0018945876509, 0.00178267317824, 0.00137314118911, 0.000780914793722, 0.000766414508689, 0.000697879702784, 0.000488806632347, 0.000602560234256, 0.000497802626342, 0.000454096501926, 0.000345326960087, 0.00040100471233, 0.000356252334313, 0.000516990199685, 0.000586689566262, 0.000450784165878, 0.000596900004894, 0.00054549210472, 0.000501462607644, 0.000347317632986, 4.58895992779e-05],
        "dvar": [2.47123722374e-07, 0.000324403692503, 2.50915836659e-05, 9.1807823992e-06, 2.52987101703e-05, 5.81969516134e-06, 4.1919938667e-06, 6.87752435624e-06, 1.65384051343e-06, 5.91966738739e-07, 5.38300923836e-07, 6.51167226806e-07, 4.61364976445e-07, 1.0667964716e-06, 3.75046454337e-07, 2.0368429432e-07, 9.21436722479e-08, 1.27225675328e-07, 8.63262243911e-08, 1.71225664758e-07, 2.97438106145e-07, 2.24227761692e-07, 3.33243775685e-07, 2.84500799808e-07, 3.94564438011e-07, 2.00767118486e-07, 1.07379936054e-08],
        "dvar2": [5.27975373643e-07, 0.000913868541829, 6.99998199707e-05, 2.60552333202e-05, 6.79326185491e-05, 1.52062284542e-05, 1.07041678348e-05, 1.86551478691e-05, 4.17280625697e-06, 1.45336969126e-06, 1.34421429721e-06, 1.53417136062e-06, 6.84751398694e-07, 2.79859068542e-06, 5.95236997469e-07, 3.87037601968e-07, 2.25686932254e-07, 2.89926134656e-07, 2.30445863281e-07, 4.4702775881e-07, 7.40819871226e-07, 5.32871410996e-07, 7.87893498e-07, 6.50648360079e-07, 8.81334074165e-07, 4.61251431716e-07, 2.56870453796e-08],
        "max": [0.0054027158767, 0.14016456902, 0.0368303358555, 0.0261557158083, 0.0478926412761, 0.0201891809702, 0.0149930492043, 0.0223158895969, 0.00898461788893, 0.00556468171999, 0.0056237350218, 0.00519479252398, 0.0067212767899, 0.00890421401709, 0.00490475818515, 0.00367053761147, 0.00286016240716, 0.00245630089194, 0.00199615862221, 0.00301798991859, 0.00440412154421, 0.00432053394616, 0.00487713748589, 0.00495365262032, 0.00578747456893, 0.00447943015024, 0.00151412433479],
        "mean": [0.000709563086275, 0.0158693287522, 0.0024812866468, 0.00113148044329, 0.00198397436179, 0.00123775168322, 0.00112850475125, 0.000904161308426, 0.000914345902856, 0.000581283587962, 0.000593246950302, 0.000441855489044, 0.000441221054643, 0.000340857339324, 0.000422292534495, 0.000377531629056, 0.000301956868498, 0.000324156950228, 0.000287175818812, 0.000366914639017, 0.000433209381299, 0.000426528335083, 0.000607640540693, 0.000496979570016, 0.000461300776806, 0.000251191930147, 2.25847834372e-05],
        "median": [0.000256318890024, 0.00573974428698, 0.000448570703156, 0.000262470537564, 0.000441868556663, 0.000236981359194, 0.000380552955903, 0.000251462333836, 0.000141440046718, 8.20177083369e-05, 0.000132387736812, 5.48636053281e-05, 7.81358612585e-05, 8.03776929388e-05, 6.55081676086e-05, 0.000125657592434, 9.57291922532e-05, 9.18907098821e-05, 0.000133520443342, 0.000201507369638, 0.000243530084845, 0.000295687175822, 0.00032639640267, 0.000295255682431, 0.000268938892987, 9.27433211473e-05, 9.05494843551e-08],
        "min": [4.31378449157e-24, 1.11253747661e-23, 1.52687341421e-23, 1.5307345728e-23, 6.80524933167e-23, 4.92048834188e-23, 1.79083069072e-23, 2.6312969831e-23, 2.62126803664e-23, 5.02285850601e-23, 6.13238695158e-23, 4.21356641888e-23, 1.26067179688e-22, 9.05046295717e-23, 8.33697045392e-23, 2.25478661035e-22, 1.61826837745e-22, 3.18369039487e-22, 2.65746741207e-22, 2.33578659567e-22, 4.22554719655e-22, 4.62853697931e-22, 5.80932064299e-22, 7.74695184796e-22, 1.17877346939e-21, 1.55720668112e-21, 2.68909106609e-21],
        "var": [9.50150479184e-07, 0.000543865025975, 1.97626122826e-05, 6.21124490863e-06, 2.04128955374e-05, 4.91114997203e-06, 3.8162729652e-06, 4.73871023132e-06, 2.28029443861e-06, 8.39157962673e-07, 8.14313693809e-07, 7.9162430211e-07, 8.92932064289e-07, 8.55631071772e-07, 6.94100947385e-07, 3.4150053807e-07, 1.88064575468e-07, 2.11661799199e-07, 1.24049535088e-07, 2.12889645468e-07, 3.19921838354e-07, 3.03984535321e-07, 5.4684431916e-07, 3.93499448137e-07, 4.92092112836e-07, 2.16362877836e-07, 9.4751557711e-09]
    },
    "erbbands": {
        "dmean": [0.311151623726, 2.23925638199, 3.41683125496, 3.78699493408, 5.55304002762, 7.85983037949, 10.5645675659, 11.0839490891, 11.3023357391, 24.1637611389, 23.99933815, 23.527961731, 12.5300798416, 18.2828540802, 16.0462055206, 17.9999008179, 17.6501674652, 17.5707359314, 18.7604846954, 17.5964317322, 17.0451259613, 11.9494686127, 13.2663679123, 11.8231782913, 12.4647054672, 12.2425870895, 14.8351993561, 12.053319931, 11.0509080887, 11.3549156189, 11.3312711716, 8.74166107178, 5.59196376801, 4.05291748047, 2.30818367004, 1.25209319592, 0.353902637959, 0.0627522990108, 0.00408131955191, 0.000200001391931],
        "dmean2": [0.418269902468, 3.68178796768, 5.96686124802, 6.44237661362, 10.35206604, 12.7194099426, 18.4675579071, 18.6015090942, 17.9273319244, 40.4373550415, 40.9746589661, 38.5098991394, 21.0785980225, 28.3663768768, 26.4831962585, 31.0935630798, 24.7290172577, 27.3419475555, 27.4267177582, 25.2242774963, 25.9924697876, 19.5298156738, 22.1835250854, 18.9132766724, 20.5410614014, 20.4341487885, 25.4141101837, 19.2444915771, 17.2600078583, 18.483291626, 16.8746070862, 13.9173784256, 8.41745471954, 6.00892305374, 3.44417142868, 1.96121394634, 0.521941065788, 0.0937241017818, 0.00674479315057, 0.000349255191395],
        "dvar": [0.292258292437, 17.7567977905, 32.5767288208, 56.1148681641, 244.062393188, 294.235229492, 485.175231934, 267.248321533, 381.864532471, 2271.70288086, 3543.56860352, 1417.20117188, 424.085021973, 736.817932129, 796.59161377, 1316.46484375, 1297.40600586, 1992.20288086, 1417.96411133, 906.554382324, 716.414245605, 281.420959473, 400.585205078, 212.248291016, 245.695358276, 255.375320435, 454.202545166, 431.469604492, 370.46661377, 315.664306641, 264.571777344, 180.010528564, 67.4901657104, 54.7338294983, 16.8412513733, 5.2350435257, 0.581827104092, 0.0349786095321, 0.000246128445724, 7.45562147131e-07],
        "dvar2": [0.674646794796, 52.8608665466, 87.0089950562, 157.04649353, 707.651123047, 750.38470459, 1275.56311035, 677.742248535, 1001.37982178, 6237.28173828, 9526.29199219, 3613.87231445, 1068.94641113, 1753.43164062, 1892.54553223, 3308.28320312, 1993.53100586, 4989.07373047, 2508.62817383, 1665.49389648, 1583.48474121, 678.411315918, 975.013244629, 485.883911133, 654.000244141, 674.410461426, 1186.64978027, 1023.28131104, 924.825561523, 785.255981445, 598.405517578, 430.654418945, 144.659683228, 122.614089966, 36.9626235962, 12.738193512, 1.26575195789, 0.0737853646278, 0.0006277798675, 2.11217752621e-06],
        "max": [5.06898546219, 29.5257587433, 38.7074966431, 67.1264419556, 134.124588013, 173.092559814, 172.857162476, 128.27571106, 165.438430786, 332.536254883, 528.746337891, 256.765716553, 186.475601196, 185.752609253, 180.152038574, 233.83833313, 352.025238037, 409.990722656, 338.246948242, 236.733230591, 224.216369629, 143.993774414, 137.163543701, 114.348861694, 94.3567123413, 123.695999146, 152.382675171, 186.4609375, 177.519943237, 147.727401733, 141.849533081, 127.708343506, 75.1535644531, 67.3050613403, 39.1117401123, 22.5451869965, 7.49442863464, 1.97224664688, 0.262227118015, 0.0154002774507],
        "mean": [0.608065962791, 2.9262304306, 3.28892636299, 3.6010890007, 4.46718358994, 7.5970582962, 8.67141151428, 10.4302682877, 12.1287889481, 20.9163227081, 21.1387138367, 24.7164020538, 15.4978113174, 24.6909008026, 18.9626026154, 18.0832843781, 21.8083438873, 17.3296260834, 21.4098510742, 22.5505619049, 19.6565341949, 16.9747390747, 17.763420105, 16.0854892731, 15.6015377045, 15.62241745, 17.7834224701, 16.1501579285, 15.0978603363, 16.5067462921, 17.4007530212, 11.5423250198, 8.07200717926, 5.51203393936, 3.06673407555, 1.34568691254, 0.42071133852, 0.0626464262605, 0.00327800679952, 0.000175759691047],
        "median": [0.127277269959, 1.17496562004, 0.877558290958, 1.06352448463, 1.05150938034, 1.66050612926, 1.81502580643, 2.4527990818, 4.18273878098, 5.7649731636, 5.13311624527, 3.10819363594, 2.5721681118, 4.64111757278, 4.88680887222, 2.03738474846, 3.42295336723, 4.64778327942, 3.83849430084, 4.96733808517, 7.04196739197, 5.22086954117, 4.53603887558, 7.26258707047, 8.79749488831, 9.21816253662, 9.57957458496, 9.18897151947, 8.37609577179, 10.2607965469, 9.21253108978, 6.18496608734, 4.71266412735, 3.12904238701, 1.80718410015, 0.580077826977, 0.152685031295, 0.00768462382257, 0.000234207036556, 5.87994982197e-05],
        "min": [5.01433161382e-22, 2.0480220524e-21, 1.20881622091e-20, 4.4610758395e-20, 4.88566086245e-20, 3.38362546414e-19, 3.26828779392e-19, 3.62018774559e-19, 3.29426410859e-19, 3.26524609571e-19, 6.15691881523e-19, 7.47764604604e-19, 1.0061701928e-18, 2.7759213556e-18, 1.59064970638e-18, 1.71844466492e-18, 5.01017382682e-18, 5.86238451112e-18, 4.36564172455e-18, 5.09522577817e-18, 1.38466386675e-17, 1.04682312138e-17, 1.48561853081e-17, 1.69355287709e-17, 1.11960326932e-17, 1.14961842774e-17, 1.63823087229e-17, 1.58078284787e-17, 1.443786022e-17, 1.56272152464e-17, 1.91501956732e-17, 1.55488994403e-17, 1.43954225459e-17, 1.47141021487e-17, 7.26298740381e-18, 5.54193019232e-18, 2.7821376179e-18, 1.13185852912e-18, 4.19809515411e-19, 4.01515408038e-20],
        "var": [0.834302902222, 21.1337413788, 30.2033233643, 44.0549850464, 150.510635376, 264.354888916, 368.539001465, 264.034240723, 356.511657715, 1711.79919434, 2484.03466797, 1927.6685791, 622.924804688, 1314.34545898, 953.594238281, 1459.86328125, 2425.59716797, 1840.26525879, 2128.84960938, 1675.38012695, 967.73828125, 567.02911377, 648.144775391, 405.283447266, 329.453430176, 344.060058594, 497.047973633, 492.622589111, 444.005645752, 410.31942749, 454.589324951, 228.807266235, 104.320098877, 69.2733764648, 20.8983631134, 5.0783700943, 0.685296773911, 0.0386900901794, 0.000193531814148, 4.58247995994e-07]
    },
    "gfcc": {
        "mean": [-59.1572303772, 32.189540863, -77.2786331177, 41.60364151, -56.2049636841, 28.8745346069, -32.3457832336, 26.4013175964, -13.2053527832, 17.4867305756, -13.898431778, 8.41276931763, -9.91712379456],
        "cov": [[52089.2148438, 2625.86279297, -7741.47998047, 649.861877441, -4311.14453125, 584.270874023, -2307.45751953, -372.13470459, -2268.15625, -761.557678223, -979.950317383, -385.334533691, -312.575256348], [2625.86279297, 1746.21411133, 331.578521729, 333.192779541, 19.4313259125, 91.559463501, -143.681640625, -124.821266174, -116.062110901, -327.652282715, -67.9612045288, -151.002914429, 158.811828613], [-7741.47998047, 331.578521729, 1878.81005859, 123.921463013, 864.09375, -53.5852279663, 397.089508057, -49.4812164307, 318.947967529, -34.4262886047, 128.167572021, -24.9228649139, 64.5213470459], [649.861877441, 333.192779541, 123.921463013, 491.346557617, 4.12410926819, 81.8996429443, 21.928604126, 60.8109436035, -15.1618766785, -76.3949050903, -29.4358997345, -48.1528511047, 23.9388446808], [-4311.14453125, 19.4313259125, 864.09375, 4.12410926819, 591.243591309, 41.8914413452, 260.16027832, 7.7833981514, 202.128295898, 16.3028392792, 79.0534439087, 21.6347789764, 53.7395782471], [584.270874023, 91.559463501, -53.5852279663, 81.8996429443, 41.8914413452, 134.546920776, 17.6278133392, 25.0733165741, -21.9314460754, -10.1816835403, 6.70476913452, 18.2305660248, 14.8775291443], [-2307.45751953, -143.681640625, 397.089508057, 21.928604126, 260.16027832, 17.6278133392, 184.185745239, 57.1054229736, 133.214874268, 46.3676643372, 58.2852287292, 34.4519424438, 9.87670707703], [-372.13470459, -124.821266174, -49.4812164307, 60.8109436035, 7.7833981514, 25.0733165741, 57.1054229736, 142.574996948, 92.1691207886, 79.782081604, 30.5291843414, 31.8455524445, -6.23906946182], [-2268.15625, -116.062110901, 318.947967529, -15.1618766785, 202.128295898, -21.9314460754, 133.214874268, 92.1691207886, 238.636856079, 137.028640747, 111.185546875, 33.6721572876, 21.7887611389], [-761.557678223, -327.652282715, -34.4262886047, -76.3949050903, 16.3028392792, -10.1816835403, 46.3676643372, 79.782081604, 137.028640747, 198.709075928, 88.0254135132, 58.7627601624, -24.2824001312], [-979.950317383, -67.9612045288, 128.167572021, -29.4358997345, 79.0534439087, 6.70476913452, 58.2852287292, 30.5291843414, 111.185546875, 88.0254135132, 92.914100647, 38.6175193787, 14.8787021637], [-385.334533691, -151.002914429, -24.9228649139, -48.1528511047, 21.6347789764, 18.2305660248, 34.4519424438, 31.8455524445, 33.6721572876, 58.7627601624, 38.6175193787, 72.8695602417, 9.65785121918], [-312.575256348, 158.811828613, 64.5213470459, 23.9388446808, 53.7395782471, 14.8775291443, 9.87670707703, -6.23906946182, 21.7887611389, -24.2824001312, 14.8787021637, 9.65785121918, 75.3229980469]],
        "icov": [[0.000175597873749, -0.000463114382001, 0.0006183378282, -0.000164333658176, 0.000387177831726, -0.000386347033782, -0.000385765248211, 0.000622745894361, 0.000229668163229, -0.000472709129099, 0.000422716664616, -9.65710714809e-05, 0.000839990796521], [-0.000463114382001, 0.00310209067538, -0.00264022150077, 0.000277478655335, -0.000255954480963, -0.00109194987454, 0.00444142287597, -0.0021922388114, -0.00206124945544, 0.00399090442806, -0.00201076222584, 0.00187853246462, -0.0046154120937], [0.0006183378282, -0.00264022150077, 0.00562234967947, -0.00176329887472, -0.00264469021931, 0.00263274018653, -0.00436706840992, 0.00412212219089, 0.00111744739115, -0.00149955961388, -0.000812061771285, -0.000672510825098, 0.0055978698656], [-0.000164333658176, 0.000277478655335, -0.00176329887472, 0.00387552566826, 0.00187739392277, -0.00251290900633, -0.000843544548843, -0.00312968529761, 0.000176354005816, 0.000659216020722, 0.000612522533629, 0.00286986958236, -0.00230744364671], [0.000387177831726, -0.000255954480963, -0.00264469021931, 0.00187739392277, 0.0140320276842, -0.00952918175608, -0.0082046976313, 0.00592994270846, -0.00718519696966, -0.000417111965362, 0.00933539215475, 0.00042586933705, -0.00270154047757], [-0.000386347033782, -0.00109194987454, 0.00263274018653, -0.00251290900633, -0.00952918175608, 0.0191989596933, -0.00172894168645, -0.00583039689809, 0.0115290218964, -0.00173141458072, -0.0110650034621, -0.00181029818486, 0.000517396256328], [-0.000385765248211, 0.00444142287597, -0.00436706840992, -0.000843544548843, -0.0082046976313, -0.00172894168645, 0.0329621136189, -0.009980045259, -0.00593341421336, 0.00997506547719, -0.0054411413148, -0.00577104277909, 0.000836939318106], [0.000622745894361, -0.0021922388114, 0.00412212219089, -0.00312968529761, 0.00592994270846, -0.00583039689809, -0.009980045259, 0.0243286043406, -0.0146375242621, -0.00358889601193, 0.014851110056, -0.00712762121111, 0.00597228575498], [0.000229668163229, -0.00206124945544, 0.00111744739115, 0.000176354005816, -0.00718519696966, 0.0115290218964, -0.00593341421336, -0.0146375242621, 0.0371772311628, -0.0140150645748, -0.022273061797, 0.0125862052664, -0.00578606873751], [-0.000472709129099, 0.00399090442806, -0.00149955961388, 0.000659216020722, -0.000417111965362, -0.00173141458072, 0.00997506547719, -0.00358889601193, -0.0140150645748, 0.0251944996417, -0.00962703023106, -0.00624784221873, 0.00461223581806], [0.000422716664616, -0.00201076222584, -0.000812061771285, 0.000612522533629, 0.00933539215475, -0.0110650034621, -0.0054411413148, 0.014851110056, -0.022273061797, -0.00962703023106, 0.0476454049349, -0.012859034352, -0.000459922419395], [-9.65710714809e-05, 0.00187853246462, -0.000672510825098, 0.00286986958236, 0.00042586933705, -0.00181029818486, -0.00577104277909, -0.00712762121111, 0.0125862052664, -0.00624784221873, -0.012859034352, 0.0325378216803, -0.0117643112317], [0.000839990796521, -0.0046154120937, 0.0055978698656, -0.00230744364671, -0.00270154047757, 0.000517396256328, 0.000836939318106, 0.00597228575498, -0.00578606873751, 0.00461223581806, -0.000459922419395, -0.0117643112317, 0.0294014271349]]
    },
    "melbands": {
        "dmean": [0.00277368747629, 0.00204277201556, 0.00069774169242, 0.000470415747259, 0.000371155882021, 0.00024966642377, 0.000190537131857, 0.00024970798404, 0.000191543134861, 0.000138295872603, 6.18778140051e-05, 7.33388878871e-05, 5.68313807889e-05, 4.22234697908e-05, 5.21514557477e-05, 3.57294775313e-05, 3.10907016683e-05, 3.19888240483e-05, 2.39666715061e-05, 2.19559042307e-05, 1.95630982489e-05, 1.24062162286e-05, 1.22736419144e-05, 1.15023030958e-05, 9.75158218353e-06, 8.92798198038e-06, 1.10719302029e-05, 7.3641454037e-06, 9.06812874746e-06, 1.1115768757e-05, 5.4165657275e-06, 6.46018770567e-06, 5.56126360607e-06, 6.92275534675e-06, 6.49615685688e-06, 6.57203190713e-06, 5.24387178302e-06, 3.99451073463e-06, 3.67449615624e-06, 3.45522448697e-06],
        "dmean2": [0.00411702692509, 0.00338375219144, 0.00120490160771, 0.000799274828751, 0.000636330747511, 0.000422991433879, 0.000300622254144, 0.000418686569901, 0.000323483836837, 0.000226931690122, 0.000105751911178, 0.000112883280963, 9.41864855122e-05, 7.15476780897e-05, 8.87543210411e-05, 4.65869779873e-05, 4.99914094689e-05, 4.71067760373e-05, 3.66698586731e-05, 3.26884364767e-05, 3.06298134092e-05, 2.06897857424e-05, 1.99459864234e-05, 1.91570961761e-05, 1.56941605383e-05, 1.47168484546e-05, 1.82904859685e-05, 1.26117402033e-05, 1.5985169739e-05, 1.89674610738e-05, 8.35570972413e-06, 9.84573216556e-06, 9.32289094635e-06, 1.13349287858e-05, 9.8572099887e-06, 1.00933766589e-05, 8.61533953866e-06, 6.18872036284e-06, 5.45084458281e-06, 5.23508515471e-06],
        "dvar": [2.57465653704e-05, 1.05568506115e-05, 2.21495861297e-06, 1.46079685237e-06, 5.7181171087e-07, 1.52944267029e-07, 1.00372773204e-07, 2.66198185273e-07, 1.99220579589e-07, 4.76102890445e-08, 1.02524602141e-08, 1.1581618331e-08, 8.93823415282e-09, 6.58575727286e-09, 1.22938503822e-08, 4.82399276081e-09, 6.78832412504e-09, 4.63202765033e-09, 1.99238381349e-09, 1.11518816404e-09, 1.03769470794e-09, 3.41701889006e-10, 3.13824077836e-10, 2.8883195835e-10, 1.45554512887e-10, 1.78340855972e-10, 2.12545106515e-10, 9.83649689479e-11, 1.96941810082e-10, 3.41277395233e-10, 9.49215914203e-11, 1.06738048955e-10, 9.5452742932e-11, 1.18588097675e-10, 8.34657967741e-11, 9.76345740367e-11, 6.90021026428e-11, 3.26758411995e-11, 3.40636338581e-11, 4.42330304329e-11],
        "dvar2": [7.0159752795e-05, 2.86780377792e-05, 6.3166316977e-06, 4.0452837311e-06, 1.46881484397e-06, 3.93281993638e-07, 2.52267426504e-07, 7.36206061447e-07, 5.26025530689e-07, 1.1997725835e-07, 2.59594408192e-08, 2.70383981871e-08, 2.16843876188e-08, 1.51552299599e-08, 2.99680849025e-08, 8.38518054991e-09, 1.75973440264e-08, 9.52391587816e-09, 3.43233153011e-09, 2.1798878258e-09, 2.38596298274e-09, 8.51655079792e-10, 7.54902307332e-10, 7.10300263052e-10, 3.36867284068e-10, 4.61464200185e-10, 5.42068390175e-10, 2.67521838015e-10, 5.24741694541e-10, 8.54577464349e-10, 2.14280163058e-10, 2.55967053109e-10, 2.38421254961e-10, 2.99483521315e-10, 1.85826312671e-10, 2.32459954064e-10, 1.69783034853e-10, 6.69892197269e-11, 7.67620411679e-11, 1.00204428088e-10],
        "max": [0.0427150987089, 0.0238493196666, 0.0129334870726, 0.0114762904122, 0.00632680812851, 0.00330305355601, 0.00248059234582, 0.00373234343715, 0.00388438790105, 0.0015804246068, 0.000909672002308, 0.000766994839069, 0.000733980443329, 0.000445150508313, 0.000798338791355, 0.000725423567928, 0.000749065482523, 0.000617574900389, 0.000370376568753, 0.000273936777376, 0.00027740522637, 0.000150857842527, 0.00014554898371, 0.000128779705847, 0.000100043209386, 0.000100576304249, 0.000112975780212, 8.21749781608e-05, 0.000101532481494, 0.000128360712552, 9.08401125344e-05, 9.28632071009e-05, 9.03779218788e-05, 8.35844839457e-05, 7.72149287513e-05, 8.9573499281e-05, 8.06301977718e-05, 5.13097693329e-05, 5.2298164519e-05, 6.38412238914e-05],
        "mean": [0.00484130531549, 0.00246571446769, 0.000647868320812, 0.000425676174928, 0.000321654370055, 0.000234479244682, 0.000201012633624, 0.000217278517084, 0.000171128485817, 0.000146269157995, 7.28812810848e-05, 9.988288366e-05, 7.19033705536e-05, 4.61530034954e-05, 5.05857678945e-05, 4.35954098066e-05, 2.94355213555e-05, 3.3886582969e-05, 3.11851217702e-05, 2.83311073872e-05, 2.14073297684e-05, 1.70878774952e-05, 1.732497185e-05, 1.51478861881e-05, 1.28004166982e-05, 1.08580470624e-05, 1.27214589156e-05, 9.47901571635e-06, 1.07670712168e-05, 1.19493806778e-05, 8.28653810458e-06, 8.51096228871e-06, 8.09155153547e-06, 9.68625681708e-06, 1.00658498923e-05, 8.68879033078e-06, 6.66676442052e-06, 5.76295815335e-06, 5.05319803779e-06, 4.54705423181e-06],
        "median": [0.00140837149229, 0.00108108413406, 0.000188589488971, 9.07580979401e-05, 7.15037094778e-05, 5.63789290027e-05, 6.66218256811e-05, 6.09717462794e-05, 3.74364790332e-05, 1.95437241928e-05, 1.18243297038e-05, 1.83274332812e-05, 1.8203876607e-05, 7.29170005798e-06, 4.71868361274e-06, 8.4067496573e-06, 7.79295442044e-06, 5.5216301007e-06, 4.94532014272e-06, 8.73125190992e-06, 7.38397284294e-06, 5.13520853929e-06, 4.85330247102e-06, 4.33200693806e-06, 5.73437228013e-06, 5.57817884328e-06, 6.72689293424e-06, 5.33415732207e-06, 5.12862516189e-06, 5.80057667321e-06, 5.25563609699e-06, 4.47785168944e-06, 5.30835313839e-06, 6.01295232627e-06, 5.53597601538e-06, 4.27531676905e-06, 3.86770170735e-06, 3.2691564229e-06, 2.73473915513e-06, 2.50832135862e-06],
        "min": [4.14726739297e-24, 5.19244577237e-24, 7.1538576942e-24, 1.25296260635e-23, 1.38461150074e-23, 8.89742646591e-24, 5.21435283414e-24, 3.62687360316e-24, 4.96461919307e-24, 4.74641356137e-24, 4.70130491709e-24, 1.1084864392e-23, 6.6450148002e-24, 4.2690671223e-24, 4.82574417501e-24, 1.51975126242e-23, 1.02952517024e-23, 6.54667539976e-24, 6.31242591496e-24, 1.00572176574e-23, 1.7162781287e-23, 1.07938898917e-23, 1.03031647661e-23, 1.57254104533e-23, 1.4121769829e-23, 9.32774693427e-24, 7.37204794311e-24, 7.68564302991e-24, 8.94418382949e-24, 1.15941798137e-23, 8.0559367054e-24, 7.35325096546e-24, 1.01475319758e-23, 7.70420019384e-24, 1.01868764135e-23, 1.17884533777e-23, 8.96533161263e-24, 9.30159225095e-24, 1.16926367544e-23, 1.26761940531e-23],
        "var": [5.08225857629e-05, 1.33834482767e-05, 1.58698821906e-06, 1.07137839223e-06, 4.67388701964e-07, 1.42756704236e-07, 9.96155620214e-08, 1.94709670609e-07, 1.46568453374e-07, 6.92616808351e-08, 1.42541258796e-08, 2.16097806316e-08, 1.23449810374e-08, 7.89910981069e-09, 1.43843710276e-08, 8.70876437631e-09, 5.68111513388e-09, 5.84326631525e-09, 3.72756714384e-09, 1.97205762831e-09, 1.24574517368e-09, 5.92465743132e-10, 6.56037280056e-10, 4.54357523827e-10, 2.69199634806e-10, 2.08819642133e-10, 2.60068744318e-10, 1.30479599347e-10, 2.06843417394e-10, 3.13610332148e-10, 1.25850677102e-10, 1.38459799182e-10, 1.15922625665e-10, 1.46983106242e-10, 1.49810525096e-10, 1.31957833549e-10, 7.96971863504e-11, 5.25862027534e-11, 4.82141757074e-11, 5.2427270858e-11]
    },
    "mfcc": {
        "mean": [-692.456726074, 65.3958587646, 26.9537372589, 20.7768211365, 9.69938850403, 8.90471839905, 3.71324396133, 9.9200296402, 9.72581481934, 12.1008434296, 6.07941961288, 8.13950061798, 8.3150472641],
        "cov": [[36675.1796875, 2125.88525391, -543.352783203, -959.768310547, -1192.72668457, -831.39855957, -903.819519043, -533.874572754, -947.582397461, -766.523864746, -986.479125977, -882.034851074, -788.648071289], [2125.88525391, 1315.63830566, 439.01473999, 132.151229858, 216.83253479, 42.371181488, -22.2180519104, -21.8781452179, -24.0364723206, -75.1636810303, -226.877151489, -150.846008301, -94.5186004639], [-543.352783203, 439.01473999, 460.877288818, 301.929626465, 163.184570312, 91.24584198, 49.1748123169, 42.8189544678, 9.71390724182, 18.1547393799, -35.4057846069, -35.5652923584, -30.0047645569], [-959.768310547, 132.151229858, 301.929626465, 337.248901367, 140.001266479, 83.1830062866, 65.4159927368, 87.5659408569, 60.74451828, 56.5606384277, 4.84903669357, -10.7186288834, -22.6351833344], [-1192.72668457, 216.83253479, 163.184570312, 140.001266479, 210.316329956, 126.149734497, 94.3498458862, 62.7547569275, 67.8218307495, 41.0359535217, -1.21917891502, 6.91036367416, 13.0391120911], [-831.39855957, 42.371181488, 91.24584198, 83.1830062866, 126.149734497, 142.240722656, 95.3753356934, 47.1764030457, 29.6484966278, 9.98147010803, 2.19711256027, 8.24254608154, 5.27197217941], [-903.819519043, -22.2180519104, 49.1748123169, 65.4159927368, 94.3498458862, 95.3753356934, 114.506645203, 80.6865081787, 37.4167137146, 5.16468954086, 1.76125073433, 6.90363883972, -11.0972566605], [-533.874572754, -21.8781452179, 42.8189544678, 87.5659408569, 62.7547569275, 47.1764030457, 80.6865081787, 109.238113403, 51.9259643555, 14.0801725388, 2.59281682968, 7.7728972435, -8.37924194336], [-947.582397461, -24.0364723206, 9.71390724182, 60.74451828, 67.8218307495, 29.6484966278, 37.4167137146, 51.9259643555, 88.7712402344, 57.0818061829, 42.7398910522, 45.1603355408, 37.1218643188], [-766.523864746, -75.1636810303, 18.1547393799, 56.5606384277, 41.0359535217, 9.98147010803, 5.16468954086, 14.0801725388, 57.0818061829, 94.4110946655, 80.7166824341, 55.7668495178, 48.9540023804], [-986.479125977, -226.877151489, -35.4057846069, 4.84903669357, -1.21917891502, 2.19711256027, 1.76125073433, 2.59281682968, 42.7398910522, 80.7166824341, 141.409500122, 92.4878768921, 78.4072952271], [-882.034851074, -150.846008301, -35.5652923584, -10.7186288834, 6.91036367416, 8.24254608154, 6.90363883972, 7.7728972435, 45.1603355408, 55.7668495178, 92.4878768921, 102.095626831, 86.6031951904], [-788.648071289, -94.5186004639, -30.0047645569, -22.6351833344, 13.0391120911, 5.27197217941, -11.0972566605, -8.37924194336, 37.1218643188, 48.9540023804, 78.4072952271, 86.6031951904, 110.50327301]],
