{
"lowlevel": {
    "average_loudness": 0.473005741835,
    "barkbands_crest": {
        "dmean": 1.94626939297,
        "dmean2": 3.08518600464,
        "dvar": 4.21760177612,
        "dvar2": 10.3817749023,
        "max": 25.5549697876,
        "mean": 9.49966526031,
        "median": 8.54908084869,
        "min": 2.50419831276,
        "var": 15.7762718201
    },
    "barkbands_flatness_db": {
        "dmean": 0.0182514768094,
        "dmean2": 0.0260864365846,
        "dvar": 0.000470056402264,
        "dvar2": 0.000893485790584,
        "max": 0.477163374424,
        "mean": 0.154759764671,
        "median": 0.144966229796,
        "min": 0.0210249349475,
        "var": 0.00395835842937
    },
    "barkbands_kurtosis": {
        "dmean": 1.97345376015,
        "dmean2": 3.12342095375,
        "dvar": 20.5953483582,
        "dvar2": 49.9053268433,
        "max": 186.570785522,
        "mean": 3.57573580742,
        "median": 1.72540903091,
        "min": -1.78944516182,
        "var": 52.6219558716
    },
    "barkbands_skewness": {
        "dmean": 0.365221947432,
        "dmean2": 0.564747989178,
        "dvar": 0.22612914443,
        "dvar2": 0.542307913303,
        "max": 11.1853265762,
        "mean": 0.887155175209,
        "median": 0.867571234703,
        "min": -4.71973323822,
        "var": 1.49026668072
    },
    "barkbands_spread": {
        "dmean": 3.03104281425,
        "dmean2": 4.58237123489,
        "dvar": 18.3916931152,
        "dvar2": 37.5206413269,
        "max": 113.613754272,
        "mean": 14.4555301666,
        "median": 12.7632102966,
        "min": 0.745472073555,
        "var": 81.3203811646
    },
    "dissonance": {
        "dmean": 0.0214294791222,
        "dmean2": 0.0354514569044,
        "dvar": 0.000515549036209,
        "dvar2": 0.00135356420651,
        "max": 0.500000059605,
        "mean": 0.451990097761,
        "median": 0.46216750145,
        "min": 0.164016202092,
        "var": 0.00155843119137
    },
    "dynamic_complexity": 5.11156797409,
    "erbbands_crest": {
        "dmean": 2.30842995644,
        "dmean2": 3.54807829857,
        "dvar": 5.64329624176,
        "dvar2": 13.0114040375,
        "max": 31.7968540192,
        "mean": 11.483745575,
        "median": 10.2268838882,
        "min": 2.54711103439,
        "var": 29.7005882263
    },
    "erbbands_flatness_db": {
        "dmean": 0.0164059624076,
        "dmean2": 0.0231478959322,
        "dvar": 0.000332212162903,
        "dvar2": 0.000654299394228,
        "max": 0.43733432889,
        "mean": 0.200601562858,
        "median": 0.196063384414,
        "min": 0.0419956333935,
        "var": 0.00355729344301
    },
    "erbbands_kurtosis": {
        "dmean": 1.18733930588,
        "dmean2": 1.84150779247,
        "dvar": 4.20464944839,
        "dvar2": 10.0771083832,
        "max": 53.5636672974,
        "mean": 2.11725401878,
        "median": 0.964147806168,
        "min": -1.7985932827,
        "var": 15.1213245392
    },
    "erbbands_skewness": {
        "dmean": 0.318957179785,
        "dmean2": 0.484864026308,
        "dvar": 0.120040878654,
        "dvar2": 0.27602621913,
        "max": 5.58347940445,
        "mean": 0.669483661652,
        "median": 0.710855722427,
        "min": -4.25770521164,
        "var": 0.877293467522
    },
    "erbbands_spread": {
        "dmean": 4.43380832672,
        "dmean2": 6.75237035751,
        "dvar": 40.4669723511,
        "dvar2": 89.5678024292,
        "max": 179.194519043,
        "mean": 23.0919265747,
        "median": 20.0985660553,
        "min": 1.59647393227,
        "var": 221.522247314
    },
    "hfc": {
        "dmean": 3.20649623871,
        "dmean2": 4.71860980988,
        "dvar": 27.976852417,
        "dvar2": 64.5118789673,
        "max": 96.6087265015,
        "mean": 15.605474472,
        "median": 10.8960342407,
        "min": 1.07685574985e-16,
        "var": 226.91003418
    },
    "melbands_crest": {
        "dmean": 2.39159846306,
        "dmean2": 3.83101391792,
        "dvar": 6.47024250031,
        "dvar2": 16.5600585938,
        "max": 32.3379631042,
        "mean": 11.7112426758,
        "median": 10.6553506851,
        "min": 1.63369333744,
        "var": 22.9208087921
    },
    "melbands_flatness_db": {
        "dmean": 0.0204135980457,
        "dmean2": 0.0295436177403,
        "dvar": 0.000661944854073,
        "dvar2": 0.00130286510102,
        "max": 0.624844312668,
        "mean": 0.218763232231,
        "median": 0.205239593983,
        "min": 0.00323446374387,
        "var": 0.00616272073239
    },
    "melbands_kurtosis": {
        "dmean": 3.17524671555,
        "dmean2": 5.06376838684,
        "dvar": 79.0673599243,
        "dvar2": 189.989685059,
        "max": 275.339172363,
        "mean": 6.22688674927,
        "median": 2.78152418137,
        "min": -1.73046374321,
        "var": 204.259994507
    },
    "melbands_skewness": {
        "dmean": 0.429435044527,
        "dmean2": 0.666649758816,
        "dvar": 0.351041078568,
        "dvar2": 0.860925018787,
        "max": 13.2002849579,
        "mean": 1.31103527546,
        "median": 1.16428399086,
        "min": -3.11099123955,
        "var": 1.93992555141
    },
    "melbands_spread": {
        "dmean": 4.23769330978,
        "dmean2": 6.5488781929,
        "dvar": 46.2594032288,
        "dvar2": 109.711402893,
        "max": 186.833618164,
        "mean": 20.7211036682,
        "median": 17.9278411865,
        "min": 0.599291324615,
        "var": 286.390014648
    },
    "pitch_salience": {
        "dmean": 0.0573524460196,
        "dmean2": 0.0913044959307,
        "dvar": 0.00343912583776,
        "dvar2": 0.00904829613864,
        "max": 0.882793962955,
        "mean": 0.588024020195,
        "median": 0.591685891151,
        "min": 0.142213702202,
        "var": 0.0101212654263
    },
    "silence_rate_20dB": {
        "dmean": 0,
        "dmean2": 0,
        "dvar": 0,
        "dvar2": 0,
        "max": 1,
        "mean": 1,
        "median": 1,
        "min": 1,
        "var": 0
    },
    "silence_rate_30dB": {
        "dmean": 0.000960984034464,
        "dmean2": 0.00192215282004,
        "dvar": 0.000960083154496,
        "dvar2": 0.00249515660107,
        "max": 1,
        "mean": 0.999327361584,
        "median": 1,
        "min": 0,
        "var": 0.000672190100886
    },
    "silence_rate_60dB": {
        "dmean": 0.0244089942425,
        "dmean2": 0.0488226823509,
        "dvar": 0.0238127913326,
        "dvar2": 0.0543175190687,
        "max": 1,
        "mean": 0.146920338273,
        "median": 0,
        "min": 0,
        "var": 0.125342592597
    },
    "spectral_centroid": {
        "dmean": 134.645751953,
        "dmean2": 205.610397339,
        "dvar": 42804.7382812,
        "dvar2": 85066.6953125,
        "max": 11953.3671875,
        "mean": 1161.4230957,
        "median": 955.26184082,
        "min": 148.387619019,
        "var": 1226325.5
    },
    "spectral_complexity": {
        "dmean": 2.40745735168,
        "dmean2": 3.82508420944,
        "dvar": 8.85426425934,
        "dvar2": 20.9218654633,
        "max": 51,
        "mean": 15.3555297852,
        "median": 17,
        "min": 0,
        "var": 65.5480422974
    },
    "spectral_decrease": {
        "dmean": 1.33118693846e-09,
        "dmean2": 2.04914218926e-09,
        "dvar": 5.08784525916e-18,
        "dvar2": 1.26984234689e-17,
        "max": 8.19518490238e-19,
        "mean": -5.37675193257e-09,
        "median": -3.97437238675e-09,
        "min": -3.49194806404e-08,
        "var": 2.41017137092e-17
    },
    "spectral_energy": {
        "dmean": 0.00526121445,
        "dmean2": 0.00807751808316,
        "dvar": 7.78336179792e-05,
        "dvar2": 0.000192881663679,
        "max": 0.140556409955,
        "mean": 0.0217085070908,
        "median": 0.0160485953093,
        "min": 1.00175037615e-20,
        "var": 0.000391095760278
    },
    "spectral_energyband_high": {
        "dmean": 0.000124225174659,
        "dmean2": 0.000198878900846,
        "dvar": 1.74657145635e-07,
        "dvar2": 4.59175367951e-07,
        "max": 0.00768675887957,
        "mean": 0.000264850066742,
        "median": 0.000108941894723,
        "min": 6.9609049926e-21,
        "var": 2.77574031315e-07
    },
    "spectral_energyband_low": {
        "dmean": 0.00212466926314,
        "dmean2": 0.00364810856991,
        "dvar": 4.04016827815e-05,
        "dvar2": 0.000112076770165,
        "max": 0.0797457322478,
        "mean": 0.00368527066894,
        "median": 0.00272407755256,
        "min": 6.96708540856e-24,
        "var": 3.49030742655e-05
    },
    "spectral_energyband_middle_high": {
        "dmean": 0.00123402907047,
        "dmean2": 0.00182229815982,
        "dvar": 3.92661377191e-06,
        "dvar2": 8.17980162537e-06,
        "max": 0.0494184568524,
        "mean": 0.00519349705428,
        "median": 0.00313940900378,
        "min": 1.17044663232e-21,
        "var": 4.06668514188e-05
    },
    "spectral_energyband_middle_low": {
        "dmean": 0.00362809747458,
        "dmean2": 0.00544133922085,
        "dvar": 3.57283606718e-05,
        "dvar2": 8.07293254184e-05,
        "max": 0.132067218423,
        "mean": 0.0131101896986,
        "median": 0.00922438874841,
        "min": 1.44411553126e-22,
        "var": 0.000178793954547
    },
    "spectral_entropy": {
        "dmean": 0.153100922704,
        "dmean2": 0.215762078762,
        "dvar": 0.0386194363236,
        "dvar2": 0.0733099877834,
        "max": 9.82467937469,
        "mean": 7.25756168365,
        "median": 7.3293671608,
        "min": 4.63439559937,
        "var": 0.365797460079
    },
    "spectral_flux": {
        "dmean": 0.0183147992939,
        "dmean2": 0.0271288808435,
        "dvar": 0.000584026798606,
        "dvar2": 0.00116610736586,
        "max": 0.265548527241,
        "mean": 0.0578468255699,
        "median": 0.0497035607696,
        "min": 6.29909735483e-11,
        "var": 0.00182615045924
    },
    "spectral_kurtosis": {
        "dmean": 3.00083899498,
        "dmean2": 5.0668053627,
        "dvar": 24.4547786713,
        "dvar2": 65.8800888062,
        "max": 125.43510437,
        "mean": 9.04415798187,
        "median": 6.49008750916,
        "min": -1.25082314014,
        "var": 125.173309326
    },
    "spectral_rms": {
        "dmean": 0.000497702858411,
        "dmean2": 0.000743228301872,
        "dvar": 4.98752797284e-07,
        "dvar2": 1.19209391869e-06,
        "max": 0.0117101753131,
        "mean": 0.0040609575808,
        "median": 0.0039569134824,
        "min": 3.1262076261e-12,
        "var": 4.6877044042e-06
    },
    "spectral_rolloff": {
        "dmean": 242.086853027,
        "dmean2": 403.724121094,
        "dvar": 344237.125,
        "dvar2": 699709.5625,
        "max": 19681.3476562,
        "mean": 1431.46789551,
        "median": 1012.06054688,
        "min": 86.1328125,
        "var": 4348653.5
    },
    "spectral_skewness": {
        "dmean": 0.299729317427,
        "dmean2": 0.488002926111,
        "dvar": 0.131109207869,
        "dvar2": 0.325733572245,
        "max": 9.11388397217,
        "mean": 2.04906392097,
        "median": 1.89229440689,
        "min": -0.0951157733798,
        "var": 1.0073158741
    },
    "spectral_spread": {
        "dmean": 365451.28125,
        "dmean2": 543531.8125,
        "dvar": 473525190656,
        "dvar2": 844282527744,
        "max": 44811960,
        "mean": 3816437.25,
        "median": 3333120.5,
        "min": 619267.25,
        "var": 1.31160394957e+13
    },
    "spectral_strongpeak": {
        "dmean": 0.498802423477,
        "dmean2": 0.820248007774,
        "dvar": 0.619636952877,
        "dvar2": 1.55034029484,
        "max": 12.9758777618,
        "mean": 1.40900659561,
        "median": 0.828422665596,
        "min": 0,
        "var": 2.4102435112
    },
    "zerocrossingrate": {
        "dmean": 0.00605645170435,
        "dmean2": 0.00730267912149,
        "dvar": 9.03719919734e-05,
        "dvar2": 9.62201593211e-05,
        "max": 0.5224609375,
        "mean": 0.0538264513016,
        "median": 0.04296875,
        "min": 0.00390625,
        "var": 0.00310480105691
    },
    "barkbands": {
        "dmean": [7.12300679879e-05, 0.00142843904905, 0.000707684142981, 0.000560501532163, 0.000976329785772, 0.000768433616031, 0.0007414635038, 0.00120960990898, 0.00144930684473, 0.000630522496067, 0.000261470180703, 0.000462421099655, 0.00027230422711, 0.000187080469914, 0.000113618581963, 0.000135976020829, 0.000130324900965, 5.62671630178e-05, 4.16300717916e-05, 4.09944950661e-05, 3.57709686796e-05, 2.94776909868e-05, 2.78066945611e-05, 1.4773242583e-05, 9.26221673581e-06, 5.06950846102e-06, 1.15999569061e-06],
        "dmean2": [0.000123744714074, 0.00245557469316, 0.00126300798729, 0.00095997058088, 0.00165190012194, 0.00125222152565, 0.00113285460975, 0.0017618854763, 0.00212547183037, 0.000933934410568, 0.000403103011195, 0.000703954079654, 0.000414641952375, 0.000296399113722, 0.000177923648153, 0.000216129890759, 0.000209999401704, 9.11656825338e-05, 6.94059199304e-05, 7.02961842762e-05, 5.9678186517e-05, 5.06665528519e-05, 4.44805082225e-05, 2.20939637074e-05, 1.30764783535e-05, 7.44432600186e-06, 1.70228656771e-06],
        "dvar": [3.8114755796e-08, 1.82688800123e-05, 4.92288290843e-06, 1.65986568845e-06, 5.04744002683e-06, 2.77722438113e-06, 2.50976700045e-06, 8.5371420937e-06, 1.5014685232e-05, 1.92900188267e-06, 5.52274855181e-07, 1.1927960486e-06, 6.04541810389e-07, 2.10487939967e-07, 7.03689480019e-08, 1.11260909819e-07, 9.1688974635e-08, 1.10161781919e-08, 6.52432730064e-09, 1.53871546615e-08, 1.27471979638e-08, 1.37536710909e-08, 1.08877200589e-08, 3.00743985271e-09, 1.70700509283e-09, 3.94582949648e-10, 2.0369116116e-11],
        "dvar2": [1.05672775419e-07, 5.00944297528e-05, 1.43363104144e-05, 4.46610692961e-06, 1.36663156809e-05, 7.27939823264e-06, 5.36648758498e-06, 1.71347310243e-05, 3.27570342051e-05, 3.85814382753e-06, 1.11243639367e-06, 2.49467734648e-06, 1.17229319585e-06, 4.58567484429e-07, 1.66306648453e-07, 2.4623545869e-07, 2.31406943385e-07, 2.71612243807e-08, 1.68679790136e-08, 4.36512692659e-08, 3.56290428272e-08, 3.91311445469e-08, 2.58952876919e-08, 5.86068038544e-09, 2.97208924138e-09, 7.6736439425e-10, 3.423005282e-11],
        "max": [0.00343809952028, 0.0479910336435, 0.0291122775525, 0.0335287041962, 0.040511008352, 0.0297874324024, 0.0408898666501, 0.0756579935551, 0.126281812787, 0.0627167001367, 0.0309899374843, 0.0348828323185, 0.0338894762099, 0.0224831197411, 0.00959548447281, 0.011806666851, 0.00913082621992, 0.00337562453933, 0.00205846922472, 0.0028645885177, 0.00235901097767, 0.0020451170858, 0.00461583631113, 0.0018686283147, 0.00151238380931, 0.000653231923934, 0.000183984317118],
        "mean": [7.47857993701e-05, 0.00212108925916, 0.00106217898428, 0.000792029488366, 0.00170420028735, 0.00143753609154, 0.00193476944696, 0.00300481170416, 0.00394361326471, 0.00153031048831, 0.000510343001224, 0.0012657197658, 0.000658299657516, 0.000336807133863, 0.000228283301112, 0.000290806026896, 0.00030775097548, 0.00012100564345, 9.05348570086e-05, 7.21809847164e-05, 6.47819979349e-05, 4.71842686238e-05, 5.08690282004e-05, 2.99304083455e-05, 1.76490866579e-05, 9.18392743188e-06, 1.91700564756e-06],
        "median": [1.01573205029e-05, 0.00126527296379, 0.000396672170609, 0.000422808807343, 0.000873312004842, 0.000694881891832, 0.000790714111645, 0.000937074772082, 0.00117458100431, 0.000616409583017, 0.000117133022286, 0.000360944541171, 0.000176968009328, 0.000172176150954, 0.000106553132355, 0.000151003245264, 0.00015722392709, 8.01252172096e-05, 6.41970545985e-05, 4.24515892519e-05, 3.00473566313e-05, 1.61755124282e-05, 1.00575016404e-05, 6.89049011271e-06, 3.9287265281e-06, 1.5772657207e-06, 2.53465202604e-07],
        "min": [3.56598433881e-25, 2.02125964326e-24, 6.96322787873e-25, 1.73968106796e-24, 3.94101773714e-24, 5.09308479705e-24, 6.01674901477e-24, 8.54460053744e-24, 1.32423997567e-23, 9.96077941171e-24, 1.38793796941e-23, 9.13731038972e-24, 2.19844379792e-23, 3.67633794293e-23, 3.02681543267e-23, 6.45040265711e-23, 5.57893602443e-23, 9.94437426033e-23, 1.16608952004e-22, 1.65746517189e-22, 2.42748656408e-22, 2.4510582328e-22, 3.92747187522e-22, 4.77356268274e-22, 8.80882224013e-22, 1.34713612702e-21, 1.99187252351e-21],
        "var": [3.78777684773e-08, 1.55011457537e-05, 3.94074140786e-06, 1.64408743331e-06, 6.25783968644e-06, 4.82498489873e-06, 1.14031836347e-05, 3.50243208231e-05, 7.31951004127e-05, 1.00751540231e-05, 2.28233943744e-06, 8.37280549604e-06, 4.33633204011e-06, 4.4539288524e-07, 1.97769395527e-07, 4.76464663279e-07, 4.49277280268e-07, 2.40249171668e-08, 1.20133645254e-08, 1.47541445727e-08, 1.39648816955e-08, 1.24027437209e-08, 2.84843633125e-08, 8.03907784785e-09, 4.34569047414e-09, 8.8168045087e-10, 5.75677110148e-11]
    },
    "erbbands": {
        "dmean": [0.0409108772874, 0.330912828445, 0.778503060341, 1.35600721836, 2.45348572731, 3.79489135742, 4.56095647812, 6.82427501678, 9.73146438599, 12.0543994904, 31.6880187988, 35.9352149963, 18.6651554108, 20.1741046906, 11.8599662781, 19.4835205078, 11.3772220612, 11.1525535583, 6.82769107819, 4.67808580399, 7.29672241211, 6.12857961655, 3.46866250038, 2.20244479179, 1.784963727, 1.864985466, 1.89484238625, 1.08504450321, 0.995267629623, 1.0903968811, 0.739093720913, 0.434430211782, 0.185848996043, 0.104893565178, 0.0681259259582, 0.0277860667557, 0.0089650247246, 0.00164290517569, 0.00019932774012, 1.45253870869e-05],
        "dmean2": [0.0688806772232, 0.576201319695, 1.40520679951, 2.32209324837, 4.26334810257, 6.31315422058, 7.47779560089, 11.1495218277, 15.247595787, 18.3918209076, 45.343547821, 52.4080657959, 27.7642936707, 30.3484859467, 18.0137939453, 29.0289764404, 16.9369258881, 17.4724693298, 10.6004333496, 7.36729764938, 11.6503419876, 9.85630989075, 5.60838317871, 3.60755729675, 2.98366498947, 3.18811917305, 3.20895910263, 1.78665947914, 1.70044708252, 1.86389052868, 1.16722762585, 0.656430363655, 0.278781563044, 0.150152519345, 0.0994403064251, 0.0404766984284, 0.0134590603411, 0.00241318531334, 0.000292636454105, 2.10201724258e-05],
        "dvar": [0.0146872429177, 1.00623810291, 6.51146268845, 8.70297622681, 40.9502105713, 78.6594848633, 110.203224182, 236.422470093, 372.020324707, 1243.05639648, 5489.61621094, 11291.8925781, 1906.1940918, 1927.88049316, 934.684875488, 2183.29638672, 1187.56542969, 698.162780762, 255.743057251, 117.762458801, 294.584777832, 242.374328613, 37.989025116, 19.0282688141, 15.5192117691, 30.4409599304, 40.2524375916, 10.5308198929, 15.261797905, 21.153219223, 7.95316934586, 2.6123650074, 0.573897957802, 0.254906237125, 0.0864359587431, 0.0145444516093, 0.0011418989161, 3.68360233551e-05, 5.59692352908e-07, 1.9886194913e-09],
        "dvar2": [0.0386033505201, 2.82274913788, 19.2084732056, 23.8273792267, 113.799797058, 206.533370972, 296.665802002, 615.405700684, 816.692565918, 2757.99853516, 10770.7548828, 25119.0527344, 4121.78662109, 4052.06958008, 1919.05236816, 4573.19580078, 2237.12963867, 1470.34790039, 570.920715332, 270.422790527, 659.978271484, 634.570617676, 95.231262207, 47.86668396, 41.0419616699, 86.4622116089, 113.958580017, 28.8112297058, 43.4908294678, 59.2407188416, 17.8979644775, 5.32020711899, 1.09610402584, 0.468507617712, 0.159892290831, 0.0266872327775, 0.00245545478538, 7.09754312993e-05, 1.00644513168e-06, 3.41759132105e-09],
        "max": [1.53543901443, 11.2412405014, 30.5922679901, 56.9886245728, 122.268844604, 169.190414429, 214.085800171, 318.029571533, 606.324951172, 1124.52209473, 2050.80664062, 3851.76391602, 2468.75610352, 1448.74658203, 1241.51794434, 1586.98498535, 1682.16430664, 1235.578125, 606.461853027, 335.240936279, 772.58203125, 513.71270752, 218.584777832, 144.660308838, 101.309883118, 136.720092773, 131.991653442, 64.9316635132, 70.068359375, 115.487785339, 149.985061646, 56.474155426, 28.3401432037, 15.8474845886, 13.1850290298, 4.81446552277, 0.941171526909, 0.253764271736, 0.0337887853384, 0.00194708118215],
        "mean": [0.0512478947639, 0.509233117104, 1.22350513935, 2.1538131237, 3.55834364891, 6.64364862442, 8.14881229401, 13.0635213852, 24.1720485687, 31.0628089905, 85.1024398804, 96.7674789429, 53.5331611633, 47.6684532166, 29.5993385315, 55.8654632568, 31.9581432343, 23.2162132263, 14.1335954666, 10.3438310623, 17.9147853851, 16.0519924164, 8.39580059052, 5.06664943695, 3.72112488747, 3.4143872261, 3.35154938698, 2.01524496078, 1.62678313255, 1.65219807625, 1.39476084709, 0.872168540955, 0.369263797998, 0.194422662258, 0.12779070437, 0.0502646751702, 0.0159143693745, 0.00279642059468, 0.000338896468747, 4.25150719821e-05],
        "median": [0.0223351754248, 0.308666884899, 0.597717225552, 1.36232614517, 1.84634399414, 2.70054554939, 4.09254026413, 5.96684789658, 11.074719429, 11.3260507584, 30.8553009033, 30.7477378845, 20.5428981781, 18.6390037537, 9.88650894165, 15.8791942596, 9.84360694885, 11.533621788, 7.08155536652, 5.99934530258, 9.30611991882, 8.17552185059, 5.56667852402, 3.7737057209, 2.55587434769, 2.14665818214, 1.43329465389, 1.01499032974, 0.536763429642, 0.329063147306, 0.281845003366, 0.174453645945, 0.0949583500624, 0.0407839603722, 0.0277834758162, 0.0105492919683, 0.00219237920828, 0.000375015195459, 5.93528420723e-05, 2.67006307695e-05],
        "min": [5.0103945037e-23, 5.03549731989e-22, 2.79258517399e-21, 8.04553991625e-21, 1.56386750453e-20, 6.95885077356e-21, 3.49745598543e-20, 3.33279049798e-20, 1.28184625236e-19, 2.29029768004e-19, 1.87656365113e-19, 2.62296490699e-19, 3.94419103111e-19, 6.6792047899e-19, 9.15659676582e-19, 5.29545053231e-19, 1.31784171465e-18, 2.29399889969e-18, 2.14820231967e-18, 3.57194662397e-18, 3.28903534484e-18, 4.16564971836e-18, 5.61638265131e-18, 6.90754665382e-18, 7.05435756407e-18, 8.04704791821e-18, 6.9546889177e-18, 8.95895498655e-18, 9.93656004785e-18, 1.18622944165e-17, 1.02131932329e-17, 1.07913825549e-17, 8.47171665443e-18, 8.18809958344e-18, 5.90187742228e-18, 4.49806217369e-18, 2.41167216606e-18, 9.17038896856e-19, 2.41187151659e-19, 2.6103684326e-20],
        "var": [0.0129386559129, 0.823857367039, 4.89163398743, 8.94828414917, 35.5977783203, 118.865211487, 151.895507812, 470.540557861, 1356.98303223, 5156.81347656, 24204.0507812, 50307.8203125, 13919.4667969, 7615.12988281, 4746.20654297, 16308.1513672, 10034.0820312, 1994.40698242, 738.445251465, 320.455352783, 1888.96374512, 1292.60107422, 111.563705444, 35.1829452515, 23.9463233948, 28.5792770386, 43.3429145813, 12.0506668091, 14.3097076416, 22.3493881226, 23.607749939, 7.35298490524, 1.33640730381, 0.590787053108, 0.216293603182, 0.0331037119031, 0.00233105453663, 8.49580465001e-05, 1.57481281349e-06, 6.27990281998e-09]
    },
    "gfcc": {
        "mean": [-61.6831092834, 115.520996094, -126.134078979, 9.76948928833, -60.190574646, 3.74915838242, -27.1356658936, 9.84421634674, -15.9549255371, -0.431855976582, -15.6496067047, -2.00805211067, -10.7217254639],
        "cov": [[26694.8984375, 257.281402588, -1702.52355957, -255.832550049, -844.063537598, 850.172302246, -965.16229248, 448.87109375, -327.791534424, -6.02734088898, -287.086273193, 140.723693848, -448.662414551], [257.281402588, 1702.4609375, 105.340370178, -214.721298218, 127.113601685, -88.5762634277, 94.7841644287, 53.7953872681, 141.693603516, -66.5155334473, 128.850234985, -71.0841217041, 96.662727356], [-1702.52355957, 105.340370178, 1448.60339355, 61.4144859314, 106.887443542, 197.529556274, -63.1932487488, 145.852493286, 21.2531929016, -23.168094635, -5.39927816391, 37.5719070435, -25.016078949], [-255.832550049, -214.721298218, 61.4144859314, 534.65447998, 84.0302124023, 9.78693675995, -11.1904621124, -47.4485321045, 14.0916309357, 10.6641664505, -52.6438179016, 0.783924996853, 12.3007087708], [-844.063537598, 127.113601685, 106.887443542, 84.0302124023, 297.697113037, 5.36763286591, 52.4982872009, 14.9978256226, 33.8630371094, 23.8006858826, 21.1201057434, 2.57734656334, 13.014289856], [850.172302246, -88.5762634277, 197.529556274, 9.78693675995, 5.36763286591, 275.32220459, 29.1185436249, 93.1410980225, -5.28455305099, -6.81969404221, 18.2199115753, 15.6882314682, -51.8584289551], [-965.16229248, 94.7841644287, -63.1932487488, -11.1904621124, 52.4982872009, 29.1185436249, 262.994567871, 14.9546461105, 35.1271095276, 28.2661838531, 44.2574272156, 0.238416433334, 11.9446105957], [448.87109375, 53.7953872681, 145.852493286, -47.4485321045, 14.9978256226, 93.1410980225, 14.9546461105, 171.511703491, 49.5084190369, 14.6994953156, 18.8989772797, 26.4336929321, 0.339339137077], [-327.791534424, 141.693603516, 21.2531929016, 14.0916309357, 33.8630371094, -5.28455305099, 35.1271095276, 49.5084190369, 156.183151245, 26.3016147614, 35.7596588135, 2.86495089531, 26.8616065979], [-6.02734088898, -66.5155334473, -23.168094635, 10.6641664505, 23.8006858826, -6.81969404221, 28.2661838531, 14.6994953156, 26.3016147614, 95.291343689, 15.7014541626, 15.0086221695, 1.21258187294], [-287.086273193, 128.850234985, -5.39927816391, -52.6438179016, 21.1201057434, 18.2199115753, 44.2574272156, 18.8989772797, 35.7596588135, 15.7014541626, 90.146697998, 13.4322462082, 14.8414525986], [140.723693848, -71.0841217041, 37.5719070435, 0.783924996853, 2.57734656334, 15.6882314682, 0.238416433334, 26.4336929321, 2.86495089531, 15.0086221695, 13.4322462082, 74.9109573364, 14.3985729218], [-448.662414551, 96.662727356, -25.016078949, 12.3007087708, 13.014289856, -51.8584289551, 11.9446105957, 0.339339137077, 26.8616065979, 1.21258187294, 14.8414525986, 14.3985729218, 89.1490707397]],
        "icov": [[0.000130887026899, -0.000245627888944, 0.000305677618599, -7.10391541361e-05, 0.000261336244876, -0.000574341334868, 0.000562571687624, -0.00031492888229, 0.000216381828068, -0.000379776029149, 0.000567008624785, -0.000542274618056, 0.00050735642435], [-0.000245627888944, 0.00139686779585, -0.000682009384036, 0.000444871053332, -0.000832923862617, 0.00145196798258, -0.00119075377006, 0.00031772107468, -0.000881489715539, 0.00163738464471, -0.00212675821967, 0.00214038300328, -0.00162729714066], [0.000305677618599, -0.000682009384036, 0.0015802931739, -0.000265979586402, 0.000315584067721, -0.00184450892266, 0.00162911333609, -0.00118504592683, 0.000514828774612, -0.000717442133464, 0.00158811896108, -0.00162928528152, 0.00127862475347], [-7.10391541361e-05, 0.000444871053332, -0.000265979586402, 0.00248312577605, -0.000942560611293, -0.000277115119388, -0.000264833506662, 0.00131258112378, -0.00099835684523, 9.19584781514e-05, 0.00123472441919, 0.00032174095395, -0.00120821059681], [0.000261336244876, -0.000832923862617, 0.000315584067721, -0.000942560611293, 0.00457870773971, -0.000956018164288, 0.00049782008864, -0.000748767168261, 0.000410970882513, -0.00168112816755, 0.000637927849311, -0.00113384437282, 0.00112454337068], [-0.000574341334868, 0.00145196798258, -0.00184450892266, -0.000277115119388, -0.000956018164288, 0.00867507979274, -0.00333316787146, -0.00187788996845, -7.79759211582e-05, 0.00312121049501, -0.00470904354006, 0.00228639412671, 0.00109116535168], [0.000562571687624, -0.00119075377006, 0.00162911333609, -0.000264833506662, 0.00049782008864, -0.00333316787146, 0.00696770800278, -0.00116570608225, 0.000602673448157, -0.00267800223082, 0.00105750409421, -0.00192719965708, 0.00166538904887], [-0.00031492888229, 0.00031772107468, -0.00118504592683, 0.00131258112378, -0.000748767168261, -0.00187788996845, -0.00116570608225, 0.0102891316637, -0.00340240821242, -0.000294430006761, 0.000130846936372, -0.00116224470548, -0.0021140195895], [0.000216381828068, -0.000881489715539, 0.000514828774612, -0.00099835684523, 0.000410970882513, -7.79759211582e-05, 0.000602673448157, -0.00340240821242, 0.00935947801918, -0.00248814933002, -0.00150734803174, 0.000200555703486, -0.000413882691646], [-0.000379776029149, 0.00163738464471, -0.000717442133464, 9.19584781514e-05, -0.00168112816755, 0.00312121049501, -0.00267800223082, -0.000294430006761, -0.00248814933002, 0.0142159052193, -0.00385956116952, 0.000139982919791, -0.000303457898553], [0.000567008624785, -0.00212675821967, 0.00158811896108, 0.00123472441919, 0.000637927849311, -0.00470904354006, 0.00105750409421, 0.000130846936372, -0.00150734803174, -0.00385956116952, 0.0190103370696, -0.00569457141683, 0.000721881864592], [-0.000542274618056, 0.00214038300328, -0.00162928528152, 0.00032174095395, -0.00113384437282, 0.00228639412671, -0.00192719965708, -0.00116224470548, 0.000200555703486, 0.000139982919791, -0.00569457141683, 0.0193335916847, -0.00603021262214], [0.00050735642435, -0.00162729714066, 0.00127862475347, -0.00120821059681, 0.00112454337068, 0.00109116535168, 0.00166538904887, -0.0021140195895, -0.000413882691646, -0.000303457898553, 0.000721881864592, -0.00603021262214, 0.0172985866666]]
    },
    "melbands": {
        "dmean": [0.000383881590096, 0.000409760192269, 0.000258342712186, 0.000225798023166, 0.000156338064699, 0.000150438689161, 0.000147071055835, 0.000144145815284, 0.0002656407014, 0.000218771150685, 9.39243545872e-05, 8.77860948094e-05, 3.9341590309e-05, 5.37195592187e-05, 3.57096287189e-05, 2.63189504039e-05, 2.00017238967e-05, 1.14312688311e-05, 6.5009253376e-06, 8.6697837105e-06, 9.59856060945e-06, 7.7273016359e-06, 5.15629335496e-06, 2.34129606724e-06, 1.95933830582e-06, 1.59377111686e-06, 1.18039190511e-06, 1.38061272992e-06, 1.36366929837e-06, 9.83565996648e-07, 5.49357139334e-07, 5.70097654418e-07, 6.36341326299e-07, 6.29783301065e-07, 4.58837689621e-07, 3.83342296573e-07, 2.46925850433e-07, 1.47960790287e-07, 1.05727181676e-07, 8.90187834557e-08],
        "dmean2": [0.000650456000585, 0.000732093583792, 0.000446160702268, 0.00038212700747, 0.000255682913121, 0.000245134637225, 0.000228611563216, 0.000220195928705, 0.00037652082392, 0.000321409112075, 0.000138901421451, 0.00013182409748, 5.98197439103e-05, 8.0656602222e-05, 5.31477453478e-05, 4.01896577387e-05, 3.14756798616e-05, 1.78526388481e-05, 1.02344711195e-05, 1.37265969897e-05, 1.5395860828e-05, 1.25163405755e-05, 8.39791755425e-06, 3.81771633329e-06, 3.23400922753e-06, 2.66923598247e-06, 1.98257112061e-06, 2.38066786551e-06, 2.3313307338e-06, 1.66829147474e-06, 8.95449772997e-07, 9.72284624368e-07, 1.10635130568e-06, 1.07106882297e-06, 7.29604607841e-07, 6.04343028954e-07, 3.7028320321e-07, 2.25675080401e-07, 1.59083469953e-07, 1.28996887838e-07],
        "dvar": [1.28736439819e-06, 1.792047442e-06, 3.39162482987e-07, 2.77813455796e-07, 1.22586698126e-07, 1.07830189222e-07, 8.3724337685e-08, 1.525745148e-07, 3.57508241677e-07, 4.0911154997e-07, 4.87540070537e-08, 3.75058561985e-08, 1.16924265825e-08, 1.64620352905e-08, 7.7348110139e-09, 4.44373027264e-09, 2.19501639087e-09, 7.84500187034e-10, 2.55868659593e-10, 4.86930218369e-10, 5.38707078945e-10, 4.74202177525e-10, 1.00057136188e-10, 1.85666100549e-11, 1.44571342744e-11, 9.45419957599e-12, 9.1360148613e-12, 1.72717083691e-11, 2.2233170166e-11, 9.09322010051e-12, 2.43131860131e-12, 4.35975387736e-12, 7.6756413725e-12, 6.41686617037e-12, 3.32919867889e-12, 2.20718603984e-12, 8.13874087482e-13, 3.47312456572e-13, 2.89673477262e-13, 1.74700342083e-13],
        "dvar2": [3.4522840906e-06, 5.21798301634e-06, 9.2911432148e-07, 7.60083253226e-07, 3.22938007002e-07, 2.79297125871e-07, 1.79776350251e-07, 3.42611969018e-07, 7.00132147813e-07, 9.33312605866e-07, 1.02781640976e-07, 7.84330822512e-08, 2.37569555139e-08, 3.41848505059e-08, 1.55762602816e-08, 8.38633429368e-09, 4.73978412074e-09, 1.71966718643e-09, 6.26450780139e-10, 1.10506348516e-09, 1.18395804272e-09, 1.26570409709e-09, 2.38337821701e-10, 4.60650337319e-11, 3.68518583704e-11, 2.49189991558e-11, 2.47553175875e-11, 4.9537447061e-11, 6.33788160842e-11, 2.56118529163e-11, 6.3772489893e-12, 1.23627132836e-11, 2.19866347351e-11, 1.77676935664e-11, 7.58818355373e-12, 4.76328004817e-12, 1.65882325237e-12, 7.12447028456e-13, 5.86210008487e-13, 3.33538806383e-13],
        "max": [0.0125342141837, 0.0160875301808, 0.0119187766686, 0.0105472058058, 0.00753219006583, 0.00629204791039, 0.00882327184081, 0.0138614205644, 0.0149238053709, 0.0252388250083, 0.0123034687713, 0.00634862855077, 0.00512498477474, 0.00473207654431, 0.00328517472371, 0.00289465137757, 0.00219302950427, 0.00118968286552, 0.000624785025138, 0.000867649912834, 0.00114456680603, 0.000756298541091, 0.000324641674524, 0.000146778562339, 0.000125405669678, 7.74061772972e-05, 7.92378996266e-05, 9.53877679422e-05, 9.63664861047e-05, 5.6637389207e-05, 4.72207721032e-05, 4.09094755014e-05, 4.43398093921e-05, 8.64551038831e-05, 0.00010770483641, 6.69213332003e-05, 3.58646611858e-05, 2.05483083846e-05, 1.82241747098e-05, 1.44304594869e-05],
        "mean": [0.000538890250027, 0.000674401642755, 0.000399659504183, 0.00038225017488, 0.000286508991849, 0.000288983283099, 0.00037662734394, 0.000363942293916, 0.00071264669532, 0.000580618390813, 0.000256229715887, 0.000201314804144, 8.42083463795e-05, 0.000147575803567, 9.9002965726e-05, 6.13000447629e-05, 3.8778729504e-05, 2.16143325815e-05, 1.30219768835e-05, 1.69969534909e-05, 2.21797945414e-05, 1.82563780982e-05, 1.10276860141e-05, 4.99125962961e-06, 4.00731505579e-06, 3.20618960359e-06, 2.10333018913e-06, 2.32108550335e-06, 2.23355118578e-06, 1.63931758834e-06, 9.98834821075e-07, 9.13271719583e-07, 8.98147220596e-07, 9.30165185764e-07, 8.27085614219e-07, 6.89895159667e-07, 4.78707988805e-07, 2.73398200079e-07, 1.81342173278e-07, 1.55375090571e-07],
        "median": [0.000292486540275, 0.000462346535642, 0.000257980282186, 0.00017498381203, 0.000146905615111, 0.000132954766741, 0.00017263177142, 0.000127933730255, 0.000263326481218, 0.000167268328369, 9.33480696403e-05, 7.13885528967e-05, 2.44276925514e-05, 3.98356969527e-05, 2.76606115222e-05, 2.0510133254e-05, 1.85927365237e-05, 9.84202597465e-06, 6.56284646539e-06, 9.33366573008e-06, 1.05628696474e-05, 8.28544034448e-06, 6.47648448648e-06, 3.42412772625e-06, 2.81258007817e-06, 2.165107162e-06, 1.3086968238e-06, 1.3241144643e-06, 8.15459827663e-07, 7.80522100285e-07, 5.22495440691e-07, 3.37722752874e-07, 1.71954056327e-07, 1.74307004386e-07, 1.68995526906e-07, 1.14637352056e-07, 9.42765510104e-08, 6.55341594324e-08, 3.99800228479e-08, 2.84043775167e-08],
        "min": [5.01567328478e-25, 1.16320084551e-24, 1.32489849703e-24, 8.03098365446e-25, 9.06280780203e-25, 6.09736921878e-25, 1.97489532964e-24, 2.35914750442e-24, 1.27836092982e-24, 1.93237474077e-24, 1.75164296029e-24, 2.75978668678e-24, 2.41949911075e-24, 1.57184943126e-24, 2.23651532961e-24, 3.15158865486e-24, 2.96434916634e-24, 3.71540785699e-24, 2.65537877661e-24, 4.61399458096e-24, 3.39794222416e-24, 3.54310485807e-24, 4.1125531744e-24, 4.74055153598e-24, 4.79142162589e-24, 4.58071924468e-24, 5.06114145242e-24, 4.86067217488e-24, 3.44295304969e-24, 4.83064221237e-24, 5.43320020419e-24, 4.66847055406e-24, 3.31198202347e-24, 6.35270673051e-24, 4.95063742239e-24, 5.95849597566e-24, 6.50108870577e-24, 5.36364752147e-24, 6.56820341386e-24, 6.75390127095e-24],
        "var": [1.12353154691e-06, 1.35696586767e-06, 3.24120350115e-07, 3.49664333044e-07, 1.74693909116e-07, 2.1378667725e-07, 3.24833905552e-07, 5.77670675739e-07, 1.54227825533e-06, 1.86245483746e-06, 3.4498725654e-07, 1.50408396848e-07, 5.06032797887e-08, 1.22485417364e-07, 5.76314072021e-08, 2.41000570611e-08, 5.83022075062e-09, 2.06767536426e-09, 6.05151428967e-10, 1.19744636429e-09, 3.58852814131e-09, 2.3032598051e-09, 3.24792942541e-10, 3.99990700284e-11, 2.44305305153e-11, 1.68107073401e-11, 1.04824985497e-11, 1.54672472746e-11, 2.32634380509e-11, 9.02198194624e-12, 3.21716741788e-12, 4.24485013112e-12, 6.31564895867e-12, 7.96648424312e-12, 9.55519083995e-12, 5.66797303536e-12, 2.17822331353e-12, 7.39477272818e-13, 5.38136755209e-13, 4.00246079769e-13]
    },
    "mfcc": {
        "mean": [-694.029602051, 147.706451416, -11.4857158661, 11.0132246017, -9.70063972473, -3.74125671387, -5.38053846359, 5.7119550705, 2.35032320023, 2.88798522949, 0.76674246788, 5.36818027496, -3.3141245842],
        "cov": [[14015.734375, 963.552368164, -833.607055664, -415.929931641, -336.803863525, 165.128631592, -245.216796875, 320.653686523, -151.3309021, 120.161911011, -157.011795044, 252.457138062, -13.9323043823], [963.552368164, 1703.56079102, -19.4187088013, -43.3416824341, 71.2621536255, -88.1987380981, 29.275138855, 63.9933280945, 29.181016922, 14.9610519409, 65.5261383057, 49.8687057495, 14.8753051758], [-833.607055664, -19.4187088013, 1075.99645996, 59.4679756165, 213.754852295, 50.8521270752, 20.2216949463, 117.190032959, 8.37470436096, 51.5910720825, 16.4753780365, -40.3536605835, 16.4420852661], [-415.929931641, -43.3416824341, 59.4679756165, 364.669555664, 125.382194519, 62.3380126953, -16.0373802185, -40.1900520325, 55.5431480408, -27.2878513336, -18.5540962219, -10.3422040939, 17.2766075134], [-336.803863525, 71.2621536255, 213.754852295, 125.382194519, 265.225616455, 41.4768447876, -1.49124538898, 28.3139324188, 28.4638156891, 9.64474487305, 9.89005470276, 1.35192108154, 10.6268215179], [165.128631592, -88.1987380981, 50.8521270752, 62.3380126953, 41.4768447876, 162.001953125, 52.3979721069, 31.4938430786, -4.25293588638, 24.6368331909, 10.5495023727, 0.731387615204, -2.13265156746], [-245.216796875, 29.275138855, 20.2216949463, -16.0373802185, -1.49124538898, 52.3979721069, 179.80090332, 49.5740394592, 12.213388443, 9.47933101654, 36.0339012146, 8.72342014313, 5.59499311447], [320.653686523, 63.9933280945, 117.190032959, -40.1900520325, 28.3139324188, 31.4938430786, 49.5740394592, 159.994781494, 25.2280502319, 39.061050415, 20.0332736969, 31.5416202545, 17.0471401215], [-151.3309021, 29.181016922, 8.37470436096, 55.5431480408, 28.4638156891, -4.25293588638, 12.213388443, 25.2280502319, 102.508384705, 28.1040439606, 17.3274307251, 22.2118396759, 17.5823497772], [120.161911011, 14.9610519409, 51.5910720825, -27.2878513336, 9.64474487305, 24.6368331909, 9.47933101654, 39.061050415, 28.1040439606, 104.268127441, 43.5965309143, 21.7910423279, 3.84388637543], [-157.011795044, 65.5261383057, 16.4753780365, -18.5540962219, 9.89005470276, 10.5495023727, 36.0339012146, 20.0332736969, 17.3274307251, 43.5965309143, 95.502571106, 29.7395763397, 11.9505500793], [252.457138062, 49.8687057495, -40.3536605835, -10.3422040939, 1.35192108154, 0.731387615204, 8.72342014313, 31.5416202545, 22.2118396759, 21.7910423279, 29.7395763397, 93.8900375366, 30.4432983398], [-13.9323043823, 14.8753051758, 16.4420852661, 17.2766075134, 10.6268215179, -2.13265156746, 5.59499311447, 17.0471401215, 17.5823497772, 3.84388637543, 11.9505500793, 30.4432983398, 65.8273620605]],
