{
"lowlevel": {
    "average_loudness": 0.227341994643,
    "barkbands_crest": {
        "dmean": 2.22058010101,
        "dmean2": 3.29784297943,
        "dvar": 4.49372386932,
        "dvar2": 9.88225841522,
        "max": 26.7502689362,
        "mean": 14.9922971725,
        "median": 14.3790998459,
        "min": 3.82654047012,
        "var": 27.5075874329
    },
    "barkbands_flatness_db": {
        "dmean": 0.0169169232249,
        "dmean2": 0.0237286258489,
        "dvar": 0.000253191334195,
        "dvar2": 0.000483401876409,
        "max": 0.499516308308,
        "mean": 0.247590020299,
        "median": 0.244735747576,
        "min": 0.0672883540392,
        "var": 0.00435301568359
    },
    "barkbands_kurtosis": {
        "dmean": 3.85287165642,
        "dmean2": 5.58802700043,
        "dvar": 76.2181625366,
        "dvar2": 156.797439575,
        "max": 414.20993042,
        "mean": 8.53399753571,
        "median": 4.30905389786,
        "min": -1.77378487587,
        "var": 236.736099243
    },
    "barkbands_skewness": {
        "dmean": 0.529811441898,
        "dmean2": 0.763589739799,
        "dvar": 0.28451114893,
        "dvar2": 0.576060116291,
        "max": 11.9776735306,
        "mean": 1.29633164406,
        "median": 1.23248767853,
        "min": -4.79627275467,
        "var": 2.70558691025
    },
    "barkbands_spread": {
        "dmean": 1.5088275671,
        "dmean2": 2.23285055161,
        "dvar": 3.62017822266,
        "dvar2": 8.60062980652,
        "max": 121.524711609,
        "mean": 7.64892625809,
        "median": 6.25578308105,
        "min": 0.119775697589,
        "var": 42.7076072693
    },
    "dissonance": {
        "dmean": 0.0376405455172,
        "dmean2": 0.0625936612487,
        "dvar": 0.00129031157121,
        "dvar2": 0.00345476972871,
        "max": 0.499927341938,
        "mean": 0.387416481972,
        "median": 0.39837884903,
        "min": 0.096755810082,
        "var": 0.00449528032914
    },
    "dynamic_complexity": 6.78661775589,
    "erbbands_crest": {
        "dmean": 3.03676271439,
        "dmean2": 4.68965864182,
        "dvar": 9.30578041077,
        "dvar2": 20.9155292511,
        "max": 33.9637069702,
        "mean": 16.5240154266,
        "median": 14.666809082,
        "min": 2.76776695251,
        "var": 59.6135559082
    },
    "erbbands_flatness_db": {
        "dmean": 0.0188625492156,
        "dmean2": 0.0261847693473,
        "dvar": 0.000357500452083,
        "dvar2": 0.000671307498123,
        "max": 0.50790387392,
        "mean": 0.255958914757,
        "median": 0.256003499031,
        "min": 0.0278620589525,
        "var": 0.00640027830377
    },
    "erbbands_kurtosis": {
        "dmean": 3.96683812141,
        "dmean2": 5.58151102066,
        "dvar": 50.7806434631,
        "dvar2": 99.2139129639,
        "max": 199.980285645,
        "mean": 7.91240406036,
        "median": 2.66366577148,
        "min": -1.70756387711,
        "var": 198.773666382
    },
    "erbbands_skewness": {
        "dmean": 0.475584626198,
        "dmean2": 0.689294695854,
        "dvar": 0.213992595673,
        "dvar2": 0.452070266008,
        "max": 9.17072296143,
        "mean": 1.12968707085,
        "median": 0.973470330238,
        "min": -4.91075801849,
        "var": 1.6119197607
    },
    "erbbands_spread": {
        "dmean": 3.48922967911,
        "dmean2": 5.14622974396,
        "dvar": 14.5976610184,
        "dvar2": 31.9988517761,
        "max": 107.899284363,
        "mean": 16.7293243408,
        "median": 13.0625772476,
        "min": 0.357483327389,
        "var": 233.375976562
    },
    "hfc": {
        "dmean": 2.84135556221,
        "dmean2": 3.58492445946,
        "dvar": 32.6690330505,
        "dvar2": 52.485622406,
        "max": 126.845626831,
        "mean": 8.96849250793,
        "median": 3.73345327377,
        "min": 1.17232377455e-16,
        "var": 181.426620483
    },
    "melbands_crest": {
        "dmean": 2.66520476341,
        "dmean2": 4.02444267273,
        "dvar": 6.30804014206,
        "dvar2": 15.0266981125,
        "max": 34.5121498108,
        "mean": 18.9733333588,
        "median": 18.1177902222,
        "min": 1.74399721622,
        "var": 40.8755683899
    },
    "melbands_flatness_db": {
        "dmean": 0.0164407528937,
        "dmean2": 0.0230555590242,
        "dvar": 0.000231722180615,
        "dvar2": 0.000442085525719,
        "max": 0.566294431686,
        "mean": 0.332902103662,
        "median": 0.333649367094,
        "min": 0.00762867601588,
        "var": 0.00441778218374
    },
    "melbands_kurtosis": {
        "dmean": 4.57945108414,
        "dmean2": 6.76874351501,
        "dvar": 69.887298584,
        "dvar2": 142.760299683,
        "max": 301.046234131,
        "mean": 12.2460031509,
        "median": 5.16373729706,
        "min": -1.84003245831,
        "var": 916.701721191
    },
    "melbands_skewness": {
        "dmean": 0.582960247993,
        "dmean2": 0.829379916191,
        "dvar": 0.330436110497,
        "dvar2": 0.661174714565,
        "max": 14.4400272369,
        "mean": 1.60990595818,
        "median": 1.41392505169,
        "min": -3.62600302696,
        "var": 4.68953704834
    },
    "melbands_spread": {
        "dmean": 1.99927663803,
        "dmean2": 2.95982837677,
        "dvar": 9.15092945099,
        "dvar2": 16.9102020264,
        "max": 200.72706604,
        "mean": 9.93312358856,
        "median": 8.27690982819,
        "min": 0.371366649866,
        "var": 94.1936721802
    },
    "pitch_salience": {
        "dmean": 0.0492342598736,
        "dmean2": 0.07473398,
        "dvar": 0.00203936407343,
        "dvar2": 0.00468203239143,
        "max": 0.939500212669,
        "mean": 0.417407155037,
        "median": 0.425946563482,
        "min": 0.0628001764417,
        "var": 0.0147847337648
    },
    "silence_rate_20dB": {
        "dmean": 0,
        "dmean2": 0,
        "dvar": 0,
        "dvar2": 0,
        "max": 1,
        "mean": 1,
        "median": 1,
        "min": 1,
        "var": 0
    },
    "silence_rate_30dB": {
        "dmean": 0.00687876204029,
        "dmean2": 0.0137587068602,
        "dvar": 0.00683098472655,
        "dvar2": 0.0151161588728,
        "max": 1,
        "mean": 0.990714490414,
        "median": 1,
        "min": 0,
        "var": 0.00919843930751
    },
    "silence_rate_60dB": {
        "dmean": 0.022871883586,
        "dmean2": 0.0457477010787,
        "dvar": 0.0223465953022,
        "dvar2": 0.0501836948097,
        "max": 1,
        "mean": 0.204195678234,
        "median": 0,
        "min": 0,
        "var": 0.162527292967
    },
    "spectral_centroid": {
        "dmean": 63.9412841797,
        "dmean2": 94.8348617554,
        "dvar": 15538.8398438,
        "dvar2": 23647.8574219,
        "max": 11009.2236328,
        "mean": 670.373352051,
        "median": 593.321350098,
        "min": 154.165939331,
        "var": 140735.328125
    },
    "spectral_complexity": {
        "dmean": 1.08478069305,
        "dmean2": 1.8422908783,
        "dvar": 1.10610973835,
        "dvar2": 2.81691455841,
        "max": 22,
        "mean": 6.9877910614,
        "median": 7,
        "min": 0,
        "var": 9.26118278503
    },
    "spectral_decrease": {
        "dmean": 1.12963105536e-09,
        "dmean2": 1.44513245814e-09,
        "dvar": 3.83033096396e-18,
        "dvar2": 6.02214576104e-18,
        "max": 6.37014105833e-17,
        "mean": -4.43310366194e-09,
        "median": -2.6779276574e-09,
        "min": -5.11210380694e-08,
        "var": 2.86042463805e-17
    },
    "spectral_energy": {
        "dmean": 0.00451301364228,
        "dmean2": 0.005767299328,
        "dvar": 6.20380451437e-05,
        "dvar2": 9.74244030658e-05,
        "max": 0.204447731376,
        "mean": 0.0175449121743,
        "median": 0.0104883750901,
        "min": 1.09180853443e-20,
        "var": 0.000454193679616
    },
    "spectral_energyband_high": {
        "dmean": 5.68886116525e-06,
        "dmean2": 8.69909945322e-06,
        "dvar": 1.69686251161e-10,
        "dvar2": 3.77309461452e-10,
        "max": 0.000491098675411,
        "mean": 2.43852409767e-05,
        "median": 6.72044279781e-06,
        "min": 8.02572958682e-21,
        "var": 1.93699367657e-09
    },
    "spectral_energyband_low": {
        "dmean": 0.00076832191553,
        "dmean2": 0.00118116068188,
        "dvar": 1.84515067758e-06,
        "dvar2": 5.13442182637e-06,
        "max": 0.0442887954414,
        "mean": 0.0038402795326,
        "median": 0.00112063402776,
        "min": 1.28306497051e-22,
        "var": 3.41166633007e-05
    },
    "spectral_energyband_middle_high": {
        "dmean": 0.00137418217491,
        "dmean2": 0.00185661367141,
        "dvar": 2.13591720239e-05,
        "dvar2": 3.84421109629e-05,
        "max": 0.131706923246,
        "mean": 0.00321973464452,
        "median": 0.000484873453388,
        "min": 1.47227163042e-21,
        "var": 0.000101709694718
    },
    "spectral_energyband_middle_low": {
        "dmean": 0.00331547879614,
        "dmean2": 0.00412018876523,
        "dvar": 4.71906932944e-05,
        "dvar2": 6.87779975124e-05,
        "max": 0.189704835415,
        "mean": 0.0108310328797,
        "median": 0.00491984700784,
        "min": 3.67667519675e-22,
        "var": 0.000306170346448
    },
    "spectral_entropy": {
        "dmean": 0.144914314151,
        "dmean2": 0.202913418412,
        "dvar": 0.0186618063599,
        "dvar2": 0.0359148681164,
        "max": 9.79012393951,
        "mean": 6.24451971054,
        "median": 6.17965650558,
        "min": 3.85738158226,
        "var": 0.530265808105
    },
    "spectral_flux": {
        "dmean": 0.0121966674924,
        "dmean2": 0.0207005944103,
        "dvar": 0.000323394953739,
        "dvar2": 0.000888142909389,
        "max": 0.297390252352,
        "mean": 0.0346245355904,
        "median": 0.0299692917615,
        "min": 1.04489639163e-10,
        "var": 0.000629820278846
    },
    "spectral_kurtosis": {
        "dmean": 5.96827459335,
        "dmean2": 10.2580413818,
        "dvar": 44.9738578796,
        "dvar2": 129.085449219,
        "max": 103.476318359,
        "mean": 20.5432853699,
        "median": 17.0327568054,
        "min": -1.2042402029,
        "var": 220.959716797
    },
    "spectral_rms": {
        "dmean": 0.000451421743492,
        "dmean2": 0.000591778894886,
        "dvar": 3.35414711117e-07,
        "dvar2": 5.53382562885e-07,
        "max": 0.0141230728477,
        "mean": 0.00352144660428,
        "median": 0.00319883739576,
        "min": 3.26370809718e-12,
        "var": 4.71640851174e-06
    },
    "spectral_rolloff": {
        "dmean": 91.2497406006,
        "dmean2": 157.369491577,
        "dvar": 120810.085938,
        "dvar2": 203092.25,
        "max": 19164.5507812,
        "mean": 724.711547852,
        "median": 602.9296875,
        "min": 64.599609375,
        "var": 1529913.375
    },
    "spectral_skewness": {
        "dmean": 0.440797924995,
        "dmean2": 0.748863637447,
        "dvar": 0.187783002853,
        "dvar2": 0.540741026402,
        "max": 8.39038276672,
        "mean": 3.28223705292,
        "median": 3.19191861153,
        "min": -0.0108144562691,
        "var": 1.46124434471
    },
    "spectral_spread": {
        "dmean": 250782.6875,
        "dmean2": 416240.25,
        "dvar": 132713807872,
        "dvar2": 215036739584,
        "max": 41203600,
        "mean": 2809935.5,
        "median": 2405411.5,
        "min": 838663.5,
        "var": 2.56603507917e+12
    },
    "spectral_strongpeak": {
        "dmean": 0.485781520605,
        "dmean2": 0.700314104557,
        "dvar": 0.722504615784,
        "dvar2": 1.34380471706,
        "max": 15.3485546112,
        "mean": 1.46612632275,
        "median": 0.575280964375,
        "min": 0,
        "var": 3.92732048035
    },
    "zerocrossingrate": {
        "dmean": 0.00295030185953,
        "dmean2": 0.00374379754066,
        "dvar": 4.64845252282e-05,
        "dvar2": 4.58934555354e-05,
        "max": 0.6005859375,
        "mean": 0.0302254948765,
        "median": 0.02685546875,
        "min": 0.00244140625,
        "var": 0.00131465645973
    },
    "barkbands": {
        "dmean": [7.0505135227e-05, 0.000379128439818, 0.000313548720442, 0.000279759260593, 0.000349069276126, 0.000308499176754, 0.000909954367671, 0.00124773045536, 0.00115033856127, 0.00120142509695, 6.47342239972e-05, 0.000119727155834, 9.06973000383e-05, 4.28722050856e-05, 3.46240885847e-05, 1.29635109261e-05, 1.97681438294e-05, 4.62974094262e-06, 4.01639545089e-06, 4.48209266324e-06, 3.50553341377e-06, 1.29378611291e-06, 1.03213642433e-06, 8.07682908999e-07, 2.40071841517e-07, 1.53216021204e-07, 1.13748761521e-07],
        "dmean2": [0.000121411241707, 0.000595061748754, 0.000423829304054, 0.00051377521595, 0.000437635695562, 0.000407475657994, 0.0013146387646, 0.00137292488944, 0.00142471317668, 0.00159876781981, 9.48420638451e-05, 0.000161428091815, 0.000138539660838, 7.29116291041e-05, 5.38322819921e-05, 2.02915525733e-05, 3.1593539461e-05, 7.67861911299e-06, 6.56535121379e-06, 7.32203579901e-06, 5.40918745173e-06, 2.11332735489e-06, 1.66101870036e-06, 1.31096521727e-06, 4.00737263817e-07, 2.53797509231e-07, 1.89948522689e-07],
        "dvar": [2.19105498189e-08, 5.35648609912e-07, 6.82402230723e-07, 5.5799415577e-07, 3.94662123426e-07, 2.63252246668e-07, 8.95066295925e-06, 2.0521110855e-05, 2.18769910134e-05, 1.95888096641e-05, 3.31534010911e-07, 1.03547483832e-06, 2.49532376984e-07, 4.48858315849e-07, 6.63294263958e-09, 8.44261327515e-10, 1.87277349184e-09, 3.47940731782e-10, 1.64352587095e-10, 2.10003084367e-10, 7.97299448685e-11, 1.02452994005e-11, 1.12405596983e-11, 9.73101633994e-12, 3.71726114516e-13, 2.10030316706e-13, 1.01779749993e-13],
        "dvar2": [6.07182144563e-08, 1.41300654377e-06, 1.64233949818e-06, 1.93769233192e-06, 7.44426756683e-07, 4.41674472995e-07, 1.92978204723e-05, 2.57826141024e-05, 2.99190232909e-05, 3.48020148522e-05, 6.73686599839e-07, 1.67429857356e-06, 5.23498101757e-07, 1.05027470454e-06, 1.54316914802e-08, 2.04758054956e-09, 4.91897766963e-09, 9.68234936671e-10, 4.46942538535e-10, 5.23908860739e-10, 1.88418503022e-10, 2.68252919877e-11, 2.5868966691e-11, 2.67846959889e-11, 1.04511213052e-12, 5.79418674498e-13, 2.93344612923e-13],
        "max": [0.00413331994787, 0.0246665757149, 0.0318769663572, 0.0200411453843, 0.0282802190632, 0.0191269349307, 0.15020672977, 0.138360843062, 0.174382790923, 0.131207183003, 0.0428169257939, 0.0523841939867, 0.0349641777575, 0.0416682697833, 0.00202543893829, 0.000949358742218, 0.00103444175329, 0.00114174967166, 0.000629570684396, 0.000639935547952, 0.000271941535175, 9.27822402446e-05, 0.000138215182233, 0.000117672745546, 1.70376679307e-05, 2.32985439652e-05, 1.37278757393e-05],
        "mean": [0.000137590235681, 0.00205992185511, 0.00132378248964, 0.000482489675051, 0.00145705032628, 0.000875030178577, 0.00212658429518, 0.00318464380689, 0.00257025216706, 0.00259443488903, 0.00010426917288, 0.000226939839195, 0.000145837577293, 7.65814911574e-05, 5.64824440517e-05, 2.52759564319e-05, 4.73551335745e-05, 1.01008436104e-05, 8.97648442333e-06, 1.08777476271e-05, 9.03604632185e-06, 3.64661150343e-06, 2.88157775685e-06, 2.35263155446e-06, 1.04038463178e-06, 8.73736496487e-07, 6.6480976102e-07],
        "median": [1.80444512807e-05, 0.000222146016313, 4.97093751619e-05, 3.85209350497e-05, 0.000445082143415, 0.000327607413055, 0.000257827021414, 0.000244673254201, 0.000244063747232, 0.000146658319863, 1.7620408471e-05, 2.3401582439e-05, 3.47963978129e-05, 6.2282961153e-06, 1.82068106369e-05, 1.29885629576e-05, 1.40859274325e-05, 2.4442438189e-06, 2.20950869334e-06, 1.99546138901e-06, 2.11945189221e-06, 7.3713420079e-07, 5.96389043039e-07, 5.41699819223e-07, 2.81935996327e-07, 1.52494067152e-07, 1.33582972239e-07],
        "min": [4.65252586078e-23, 3.59923310033e-23, 4.50932583393e-23, 5.60986252736e-23, 4.3833144551e-23, 1.36830211707e-23, 1.69863033206e-22, 3.87003169416e-23, 2.67667447117e-23, 8.58588068198e-23, 8.145526534e-23, 8.16669577416e-23, 6.41264020112e-23, 8.88305026478e-23, 1.46675949955e-22, 9.61743622241e-23, 8.03365596022e-23, 3.27977264339e-22, 2.5634155022e-22, 2.4815898004e-22, 6.50916118252e-22, 4.5358270165e-22, 7.87507951971e-22, 1.04489652887e-21, 1.18681475142e-21, 1.7933049498e-21, 2.1623836091e-21],
        "var": [1.07103737434e-07, 1.21717848742e-05, 1.10402152131e-05, 1.85896101357e-06, 7.12599512553e-06, 2.04788307201e-06, 5.3614636272e-05, 0.000127178587718, 0.00010095055768, 9.29260859266e-05, 7.15092141945e-07, 3.97536496166e-06, 6.68027837492e-07, 1.26742156681e-06, 1.34539952512e-08, 2.05882688675e-09, 7.89581822147e-09, 9.70800551059e-10, 4.81127859775e-10, 8.18566325833e-10, 3.38935629562e-10, 5.85593240565e-11, 4.71902898702e-11, 3.20298787493e-11, 4.00649825816e-12, 5.13351687548e-12, 2.31914227405e-12]
    },
    "erbbands": {
        "dmean": [0.0149784088135, 0.0761058032513, 0.28490921855, 0.80194246769, 0.776488423347, 1.24419534206, 2.17574000359, 2.65341186523, 14.004945755, 10.7055511475, 30.0298709869, 29.0358009338, 17.5103378296, 40.912147522, 4.72014474869, 4.64560317993, 4.06487131119, 2.96955013275, 1.96332228184, 0.947577297688, 0.519865214825, 0.811431586742, 0.49928894639, 0.258697032928, 0.215988278389, 0.186004534364, 0.181770712137, 0.102348022163, 0.055422808975, 0.0330774411559, 0.0261765215546, 0.01609695144, 0.0143030937761, 0.00410807365552, 0.00178052473348, 0.000724257726688, 0.000381659832783, 9.72832276602e-05, 2.3713479095e-05, 6.01009378443e-06],
        "dmean2": [0.0249356552958, 0.114367939532, 0.361051350832, 1.41751158237, 1.07693600655, 1.66507589817, 3.08132386208, 3.30288290977, 21.1171016693, 11.993976593, 34.3580589294, 35.9307136536, 21.2963886261, 54.860370636, 6.51855659485, 6.36448478699, 6.25595474243, 4.89197874069, 3.04593205452, 1.50991106033, 0.81041765213, 1.31223142147, 0.793531656265, 0.418309271336, 0.352887451649, 0.303651213646, 0.282611310482, 0.160652697086, 0.089770808816, 0.0531117282808, 0.0424145907164, 0.026484310627, 0.0230862759054, 0.00685317581519, 0.00290920282714, 0.00121166766621, 0.000635914155282, 0.000164902681718, 3.95306706196e-05, 8.06152456789e-06],
        "dvar": [0.000942404090893, 0.023569451645, 0.512964010239, 3.90393137932, 2.43345332146, 5.79143190384, 13.5533857346, 25.1564426422, 2189.35693359, 1342.66625977, 10321.7929688, 14262.9296875, 4941.83789062, 25940.4980469, 644.127746582, 998.591125488, 259.272521973, 2241.3190918, 27.0116004944, 3.55375647545, 1.45089673996, 3.34983587265, 1.14413964748, 0.960516810417, 0.430217683315, 0.263817995787, 0.189746275544, 0.10895165801, 0.0230788141489, 0.00849095452577, 0.00855700392276, 0.00259710173123, 0.00466225249693, 0.000159794435604, 2.05961423489e-05, 4.65832135887e-06, 1.92788616005e-06, 9.14787818829e-08, 3.86916232387e-09, 1.00511841905e-10],
        "dvar2": [0.00259978417307, 0.0586834736168, 1.02635109425, 13.3630685806, 4.77675676346, 12.7276029587, 29.8105621338, 34.4929771423, 5368.99560547, 1397.28869629, 13845.2177734, 19348.7265625, 6864.50292969, 47925.2578125, 1177.04394531, 1700.72424316, 590.633789062, 4949.17285156, 62.50730896, 9.23847007751, 3.21157336235, 8.923869133, 2.92636752129, 2.27726626396, 1.09204304218, 0.666656792164, 0.464853197336, 0.249810501933, 0.0603909678757, 0.0206653121859, 0.0194158721715, 0.00664643058553, 0.0127988662571, 0.000449473533081, 5.60762855457e-05, 1.33082376124e-05, 5.18556089446e-06, 2.64949193252e-07, 1.13648246369e-08, 1.83617121507e-10],
        "max": [1.46993100643, 6.10895967484, 37.0738372803, 69.2738952637, 63.918006897, 110.973152161, 218.582199097, 181.015518188, 2211.28686523, 2740.23730469, 3325.79760742, 4962.01123047, 2699.22436523, 4706.69775391, 1275.57421875, 1480.14074707, 884.489074707, 3301.02539062, 122.592750549, 41.3229827881, 45.1739997864, 57.3294219971, 29.885761261, 69.3394241333, 28.4034137726, 20.354845047, 10.5546531677, 12.2761392593, 5.23425865173, 3.58379983902, 4.3197426796, 1.42411732674, 2.53554916382, 0.426274091005, 0.221343159676, 0.0845329985023, 0.0484349317849, 0.0157579760998, 0.00251127895899, 0.000233853250393],
        "mean": [0.0819459557533, 0.387830585241, 1.31954538822, 1.8607326746, 2.31607151031, 4.70229053497, 7.53998422623, 8.59308624268, 31.0242462158, 30.2612304688, 76.2902755737, 68.3728256226, 39.4558181763, 86.8709640503, 9.87540054321, 8.83805179596, 6.68070173264, 5.66271591187, 3.18432664871, 1.74678659439, 1.1831111908, 1.96180737019, 1.26763033867, 0.611525475979, 0.549579977989, 0.467212855816, 0.449224889278, 0.272568941116, 0.156890317798, 0.102879054844, 0.0733975246549, 0.0458680018783, 0.0367137417197, 0.0146931447089, 0.00744726322591, 0.00336657604203, 0.00170245941263, 0.000523827562574, 0.000125692386064, 2.70165801339e-05],
        "median": [0.00347088789567, 0.0617468543351, 0.116053260863, 0.240365937352, 0.539649307728, 1.39735114574, 2.65740776062, 2.53917241096, 3.77639961243, 5.9351773262, 9.20383548737, 8.63943481445, 3.30958485603, 4.57217359543, 1.39822220802, 1.88820207119, 2.000674963, 0.713581860065, 0.874554872513, 0.904846012592, 0.643044650555, 0.596674263477, 0.356193423271, 0.182208195329, 0.125891134143, 0.109893523157, 0.112133324146, 0.0563528314233, 0.0293690767139, 0.0204033907503, 0.0155151672661, 0.00909336842597, 0.00893442053348, 0.00344854593277, 0.00207533827052, 0.000804156879894, 0.000255029473919, 0.000104318365629, 3.63534745702e-05, 1.65508026839e-05],
        "min": [1.66227426991e-21, 6.57322749226e-21, 3.55369554291e-20, 1.42457122642e-19, 1.37621411856e-19, 1.97297723839e-19, 1.03250836021e-19, 1.61594256306e-19, 1.40694540343e-18, 2.54657353665e-18, 7.0752754108e-19, 5.71472667132e-19, 1.96694616114e-18, 2.62960778769e-18, 3.31117669509e-18, 3.57330113222e-18, 2.70058526092e-18, 4.77637701695e-18, 5.17381414022e-18, 6.73672393116e-18, 6.27110313718e-18, 6.34415931529e-18, 1.65134797157e-17, 1.37901645655e-17, 1.2783549453e-17, 1.42373334416e-17, 2.93882547825e-17, 1.71719171377e-17, 1.66845472838e-17, 2.15706849642e-17, 1.87187217221e-17, 1.69748231587e-17, 2.20831812563e-17, 1.25909032242e-17, 9.65232259141e-18, 5.97328668379e-18, 3.64425213567e-18, 1.48721914598e-18, 3.14766780001e-19, 2.5884969371e-20],
        "var": [0.0266286507249, 0.412680357695, 11.1503677368, 23.5523948669, 22.783039093, 74.9882278442, 254.562911987, 255.03527832, 10355.4599609, 11824.640625, 62421.8554688, 69337.0703125, 20755.4902344, 116828.101562, 2176.90454102, 3651.14672852, 634.743103027, 6795.48193359, 56.0702590942, 7.30410909653, 4.57503795624, 12.3704309464, 5.45904588699, 3.70078420639, 1.72696876526, 1.09643292427, 0.740337073803, 0.448456287384, 0.122625336051, 0.055852022022, 0.0300795473158, 0.0104583203793, 0.0105568775907, 0.00095271266764, 0.000203999312362, 6.79115910316e-05, 2.04240986932e-05, 1.82975952612e-06, 7.18057719951e-08, 9.57300239079e-10]
    },
    "gfcc": {
        "mean": [-141.062362671, 134.070724487, -107.532157898, -10.3334245682, -59.3234558105, -8.09216880798, -27.4942932129, 3.8315012455, -12.3544034958, -2.47708916664, -13.7419929504, -5.09386873245, -5.94328546524],
        "cov": [[15279.53125, 1175.51367188, -826.515563965, 394.276184082, -292.63180542, 72.7174911499, 491.986572266, 465.406921387, 239.609588623, 77.5391921997, 13.1444044113, 119.45098114, 190.590133667], [1175.51367188, 1376.07897949, 146.983474731, -70.5254821777, 137.274749756, -115.983886719, -61.4637184143, -59.3657226562, 65.8570709229, -13.6777505875, -4.8413772583, -87.6512374878, 14.6799821854], [-826.515563965, 146.983474731, 776.125305176, 469.412841797, 307.710113525, 174.641464233, 176.051254272, 140.546157837, 148.555603027, 226.53314209, 73.8733673096, 64.1689071655, -34.5260620117], [394.276184082, -70.5254821777, 469.412841797, 654.717224121, 321.192596436, 196.536483765, 188.666641235, 147.864883423, 86.8251724243, 181.912338257, 58.2210273743, 45.2080841064, -17.0492019653], [-292.63180542, 137.274749756, 307.710113525, 321.192596436, 372.367462158, 175.780517578, 99.8901901245, 103.558952332, 63.2165718079, 84.9208908081, 24.5610427856, 27.7096672058, 3.48256731033], [72.7174911499, -115.983886719, 174.641464233, 196.536483765, 175.780517578, 272.511291504, 190.513504028, 137.238983154, 86.8575210571, 122.689857483, 67.198928833, 91.2735137939, 35.7912330627], [491.986572266, -61.4637184143, 176.051254272, 188.666641235, 99.8901901245, 190.513504028, 283.325469971, 200.472976685, 117.040122986, 119.138938904, 43.4748458862, 83.7264633179, 44.5209236145], [465.406921387, -59.3657226562, 140.546157837, 147.864883423, 103.558952332, 137.238983154, 200.472976685, 287.06628418, 200.366439819, 132.793289185, 40.6762886047, 83.5383682251, 54.5538215637], [239.609588623, 65.8570709229, 148.555603027, 86.8251724243, 63.2165718079, 86.8575210571, 117.040122986, 200.366439819, 260.575134277, 190.961669922, 57.9102478027, 39.3678016663, -5.06347417831], [77.5391921997, -13.6777505875, 226.53314209, 181.912338257, 84.9208908081, 122.689857483, 119.138938904, 132.793289185, 190.961669922, 326.452392578, 158.966583252, 88.2736129761, 11.0645112991], [13.1444044113, -4.8413772583, 73.8733673096, 58.2210273743, 24.5610427856, 67.198928833, 43.4748458862, 40.6762886047, 57.9102478027, 158.966583252, 187.652297974, 120.386932373, 3.41260147095], [119.45098114, -87.6512374878, 64.1689071655, 45.2080841064, 27.7096672058, 91.2735137939, 83.7264633179, 83.5383682251, 39.3678016663, 88.2736129761, 120.386932373, 250.588012695, 95.1825256348], [190.590133667, 14.6799821854, -34.5260620117, -17.0492019653, 3.48256731033, 35.7912330627, 44.5209236145, 54.5538215637, -5.06347417831, 11.0645112991, 3.41260147095, 95.1825256348, 299.185668945]],
        "icov": [[0.000155115514644, -0.000330055394443, 0.000485597091028, -0.000576016143896, 0.000559760606848, -0.000213094477658, -5.49252690689e-05, -0.000399802462198, 0.00020041402604, -0.000138101357152, 0.00023896577477, -0.000179418959306, 0.000103498656244], [-0.000330055394443, 0.00188452098519, -0.00130031921435, 0.00179553881753, -0.00259353988804, 0.00192686659284, -0.000985880498774, 0.00234138895757, -0.0020332983695, 0.00110636861064, -0.00146032939665, 0.00087450852152, -0.000747379963286], [0.000485597091028, -0.00130031921435, 0.00445812847465, -0.00313471839763, 0.000681524048559, -0.000203741059522, -0.000974147696979, -0.000366257736459, 1.81421182788e-05, -0.0015712834429, 0.00160609639715, -0.00133433565497, 0.000783082447015], [-0.000576016143896, 0.00179553881753, -0.00313471839763, 0.00640481291339, -0.00477376952767, 0.0017636672128, -0.0012630962301, 0.000989211606793, 0.000772591738496, -0.000911140989047, -0.000825283525046, 0.00119584542699, -0.000190021877643], [0.000559760606848, -0.00259353988804, 0.000681524048559, -0.00477376952767, 0.0104983793572, -0.00660018995404, 0.0041422965005, -0.00491696130484, 0.00275204726495, -0.000211744380067, 0.00184369576164, -0.000505646399688, 0.000719058851246], [-0.000213094477658, 0.00192686659284, -0.000203741059522, 0.0017636672128, -0.00660018995404, 0.0124684646726, -0.00746912090108, 0.00377927557565, -0.00243422971107, 0.000130341999466, -0.00219146767631, -0.000383347738534, -0.000773289124481], [-5.49252690689e-05, -0.000985880498774, -0.000974147696979, -0.0012630962301, 0.0041422965005, -0.00746912090108, 0.0131323430687, -0.00861958600581, 0.00428418302909, -0.00158617796842, 0.00196360144764, -0.000374796829419, 0.000589799135923], [-0.000399802462198, 0.00234138895757, -0.000366257736459, 0.000989211606793, -0.00491696130484, 0.00377927557565, -0.00861958600581, 0.018852237612, -0.0139032937586, 0.0045931530185, -0.00184032216202, -0.000917289871722, -0.00248820078559], [0.00020041402604, -0.0020332983695, 1.81421182788e-05, 0.000772591738496, 0.00275204726495, -0.00243422971107, 0.00428418302909, -0.0139032937586, 0.0189250782132, -0.00963282305747, 0.00444947415963, 6.11387513345e-05, 0.00278134224936], [-0.000138101357152, 0.00110636861064, -0.0015712834429, -0.000911140989047, -0.000211744380067, 0.000130341999466, -0.00158617796842, 0.0045931530185, -0.00963282305747, 0.0129982018843, -0.00899920612574, 0.00200978247449, -0.00199464289472], [0.00023896577477, -0.00146032939665, 0.00160609639715, -0.000825283525046, 0.00184369576164, -0.00219146767631, 0.00196360144764, -0.00184032216202, 0.00444947415963, -0.00899920612574, 0.0156885907054, -0.00639041233808, 0.00260401144624], [-0.000179418959306, 0.00087450852152, -0.00133433565497, 0.00119584542699, -0.000505646399688, -0.000383347738534, -0.000374796829419, -0.000917289871722, 6.11387513345e-05, 0.00200978247449, -0.00639041233808, 0.00840382091701, -0.00241365400143], [0.000103498656244, -0.000747379963286, 0.000783082447015, -0.000190021877643, 0.000719058851246, -0.000773289124481, 0.000589799135923, -0.00248820078559, 0.00278134224936, -0.00199464289472, 0.00260401144624, -0.00241365400143, 0.00470176991075]]
    },
    "melbands": {
        "dmean": [0.000114084643428, 0.000123076184536, 0.000124656246044, 7.4288182077e-05, 6.92393441568e-05, 6.07368710916e-05, 0.000205085059861, 0.000154133027536, 0.000237682354054, 0.000172579078935, 8.90810406418e-05, 0.000182370116818, 1.28193387354e-05, 1.56861933647e-05, 8.28018801258e-06, 8.80265724845e-06, 4.83828762299e-06, 2.94396113532e-06, 1.43895204019e-06, 1.30509079099e-06, 5.86581506923e-07, 6.90771798872e-07, 1.24061580209e-06, 2.4621900252e-07, 2.18992511236e-07, 1.53093537847e-07, 2.04985212804e-07, 1.17564276536e-07, 1.262979481e-07, 8.04496522733e-08, 6.57534116044e-08, 3.4769719548e-08, 2.36339019466e-08, 2.42094149172e-08, 2.04431938045e-08, 1.07068665045e-08, 9.46598710527e-09, 9.98569849031e-09, 9.29089072343e-09, 3.42300876532e-09],
        "dmean2": [0.000185885117389, 0.000161447343999, 0.000214089610381, 9.5022332971e-05, 9.60026445682e-05, 7.78625835665e-05, 0.000303747016005, 0.000166639991221, 0.000275744037936, 0.000212877712329, 0.000108660256956, 0.000244468188612, 1.84775180969e-05, 2.08918463613e-05, 1.26007325889e-05, 1.36809803735e-05, 8.03690272733e-06, 4.54998780697e-06, 2.24293512474e-06, 2.09793097383e-06, 8.97793597687e-07, 1.12177121991e-06, 1.97467420548e-06, 4.05791354297e-07, 3.55186813294e-07, 2.51258228445e-07, 3.38188186788e-07, 1.91312466313e-07, 2.01484482432e-07, 1.25190496192e-07, 1.0431092079e-07, 5.71771074931e-08, 3.85203939857e-08, 3.88473182511e-08, 3.29790346143e-08, 1.76812982033e-08, 1.57003405832e-08, 1.63247122487e-08, 1.49594416854e-08, 5.83595172188e-09],
        "dvar": [4.99720158587e-08, 8.34485760492e-08, 8.09468403418e-08, 2.4917513386e-08, 1.26586900961e-08, 1.28015802403e-08, 4.61265983631e-07, 2.92137343649e-07, 5.50304037006e-07, 5.48665127553e-07, 1.29928153569e-07, 5.0956737141e-07, 8.1600362023e-09, 1.98041476551e-08, 1.11554387949e-09, 5.93137361449e-09, 6.29083984904e-09, 5.95238996981e-11, 9.19453228831e-12, 8.02706252162e-12, 1.93458725602e-12, 2.64868183809e-12, 8.12744923445e-12, 9.77563624667e-13, 7.47951017527e-13, 1.69615962443e-13, 5.55853215019e-13, 9.3373381672e-14, 1.00004314725e-13, 4.0502577827e-14, 4.1713743462e-14, 9.30385055022e-15, 4.91401675075e-15, 5.34065835244e-15, 6.9616460559e-15, 8.3342139249e-16, 7.4688353028e-16, 1.43783758093e-15, 2.17903037329e-15, 9.79446166827e-17],
        "dvar2": [1.36677854812e-07, 1.73916163249e-07, 2.74516736454e-07, 4.56669297932e-08, 2.64832902275e-08, 1.84965252004e-08, 1.0850402532e-06, 3.18696919521e-07, 7.237976547e-07, 7.49502987674e-07, 1.82155488915e-07, 9.32240197926e-07, 1.64400439928e-08, 3.15018411357e-08, 2.43286479851e-09, 1.26384263055e-08, 1.39329348059e-08, 1.38886971368e-10, 2.1163964678e-11, 2.08432143073e-11, 3.85128604355e-12, 7.00747749757e-12, 2.11811245626e-11, 2.48116978352e-12, 1.77171656252e-12, 4.22007914724e-13, 1.41981272659e-12, 2.31797410042e-13, 2.63753970921e-13, 1.00608411847e-13, 9.54106517642e-14, 2.55366000156e-14, 1.22404316162e-14, 1.30255862655e-14, 1.55442472045e-14, 2.14163535098e-15, 1.93936705955e-15, 3.94281724376e-15, 5.99836503642e-15, 2.76883714922e-16],
        "max": [0.00931187253445, 0.0142906140536, 0.00954927969724, 0.00696905795485, 0.00778965605423, 0.0043486841023, 0.0344439782202, 0.0249502882361, 0.0229834727943, 0.030899034813, 0.0132118463516, 0.0211505591869, 0.00625529699028, 0.00732003897429, 0.00178395945113, 0.0055424743332, 0.00551348738372, 0.000179956667125, 7.98194014351e-05, 8.81540981936e-05, 5.9740665165e-05, 7.16759823263e-05, 6.87657957315e-05, 5.75901831326e-05, 5.9695870732e-05, 1.14964686873e-05, 3.43458741554e-05, 1.27388275359e-05, 8.64112371346e-06, 4.55022382084e-06, 7.67742858443e-06, 3.13510531669e-06, 2.23879715122e-06, 2.85014198198e-06, 3.99660757466e-06, 8.44194687488e-07, 6.71389216222e-07, 1.30360410822e-06, 1.76679293418e-06, 2.69680299425e-07],
        "mean": [0.000630646245554, 0.000624194450211, 0.000311871641316, 0.000266139570158, 0.000260724511463, 0.000184224089026, 0.000466163561214, 0.000423434132244, 0.000598534592427, 0.000393818219891, 0.000196453809622, 0.000386352970963, 2.32341280935e-05, 2.95412046398e-05, 1.41672117024e-05, 1.49398802023e-05, 9.0186149464e-06, 4.66962228529e-06, 2.54050314652e-06, 2.18847571887e-06, 1.24904101995e-06, 1.60469130606e-06, 2.82588553091e-06, 5.20273829352e-07, 4.65808341232e-07, 3.50314962816e-07, 4.47819303417e-07, 2.6680484666e-07, 2.94451183436e-07, 1.90231389752e-07, 1.51649487634e-07, 8.81094166516e-08, 6.26308818141e-08, 6.11135888562e-08, 4.85922058147e-08, 2.89100405837e-08, 2.45082958372e-08, 2.43952271717e-08, 2.16539000064e-08, 1.0245420512e-08],
        "median": [5.16740292369e-05, 0.000126530154375, 6.77693460602e-05, 5.92894721194e-05, 0.000101437719422, 5.45400871488e-05, 5.48363459529e-05, 6.34266616544e-05, 8.2411490439e-05, 3.62223472621e-05, 1.15916518553e-05, 1.74781471287e-05, 3.25128053191e-06, 3.16319483318e-06, 5.32284593646e-06, 2.66347592515e-06, 6.72033877436e-07, 1.20312483887e-06, 1.0276634157e-06, 1.01471653124e-06, 5.60237822356e-07, 5.94108882979e-07, 5.41827205325e-07, 1.11336554198e-07, 1.10188693725e-07, 7.45157535675e-08, 7.84486218208e-08, 6.4342003725e-08, 6.87479655426e-08, 4.78926267533e-08, 2.55997942844e-08, 1.63295030831e-08, 9.10320707703e-09, 1.13929488066e-08, 8.70997141078e-09, 6.17003559356e-09, 4.6725685543e-09, 5.82354164891e-09, 4.76185135767e-09, 2.05017514077e-09],
        "min": [1.41507289128e-23, 1.5469609683e-23, 2.49480369388e-23, 1.16627444481e-23, 4.79037244088e-24, 3.5330776471e-24, 2.68794981787e-23, 2.45805034876e-23, 5.39991737374e-24, 3.20874044415e-24, 1.06389867978e-23, 1.1223819085e-23, 1.05374485663e-23, 1.05671507571e-23, 7.17407383262e-24, 6.40369436068e-24, 8.9400509872e-24, 6.89781947678e-24, 1.30973487466e-23, 4.91110247483e-24, 8.24097428591e-24, 5.65971885211e-24, 1.14288385123e-23, 1.56699882416e-23, 1.06414456772e-23, 8.87092705038e-24, 1.04454729068e-23, 7.8633481483e-24, 1.69148849029e-23, 1.34624304181e-23, 9.80768359812e-24, 8.2320254478e-24, 1.06953516983e-23, 1.28790030921e-23, 9.89262104064e-24, 1.16918652485e-23, 1.02401087474e-23, 1.58390711103e-23, 1.27152915773e-23, 9.9810223714e-24],
        "var": [1.30576870561e-06, 1.70132898347e-06, 4.79917559915e-07, 2.97325584597e-07, 3.12116725354e-07, 1.21045175661e-07, 2.36218306782e-06, 2.11367637348e-06, 3.3854485082e-06, 2.56525504483e-06, 5.53262168523e-07, 2.33582045439e-06, 1.93913081148e-08, 7.4341549805e-08, 2.75886447021e-09, 1.75920238377e-08, 1.91435347574e-08, 1.19358967154e-10, 2.00449084414e-11, 1.55795393947e-11, 6.64669578057e-12, 7.79082614394e-12, 3.64729323132e-11, 2.9314434994e-12, 2.67500670052e-12, 6.03468121828e-13, 1.70844263216e-12, 3.46250073969e-13, 3.57243531632e-13, 1.45255362642e-13, 1.56669653379e-13, 4.1642067534e-14, 2.17445351547e-14, 2.48834613803e-14, 1.97131841287e-14, 3.45692039345e-15, 2.82422193372e-15, 3.52213748347e-15, 4.49776273761e-15, 5.11358131301e-16]
    },
    "mfcc": {
        "mean": [-790.77734375, 174.590545654, 2.08204221725, 6.6259226799, -11.4626779556, -10.4581079483, -10.6995000839, -3.15936994553, 3.44110321999, 2.08268642426, -2.64871382713, 3.68420028687, -3.30424308777],
        "cov": [[7901.98876953, 1418.19445801, -92.3045883179, 416.191619873, -257.281799316, 155.102539062, 170.791809082, 382.462799072, 488.201385498, 124.827415466, 94.7388534546, 338.769287109, 164.924438477], [1418.19445801, 1820.01062012, 55.4833145142, 6.35295915604, 45.6645622253, -55.8431968689, -122.03931427, -72.9658813477, 86.6866149902, -89.0868225098, -6.81162405014, 117.826591492, 56.8569526672], [-92.3045883179, 55.4833145142, 378.302978516, 256.516845703, 120.715240479, 144.755004883, 101.815208435, 11.9845094681, 85.4868927002, 41.1579284668, 123.201957703, 121.084457397, 85.5798568726], [416.191619873, 6.35295915604, 256.516845703, 487.994720459, 210.527572632, 184.897018433, 172.362930298, 83.782913208, 126.01902771, 73.3980407715, 119.078544617, 104.08757782, 69.7099990845], [-257.281799316, 45.6645622253, 120.715240479, 210.527572632, 294.185791016, 136.153961182, 100.45867157, 47.52602005, 85.3737716675, 19.8869876862, 65.1454391479, 83.0482177734, 26.5480327606], [155.102539062, -55.8431968689, 144.755004883, 184.897018433, 136.153961182, 243.990966797, 160.865905762, 86.3022537231, 104.367294312, 37.3288040161, 87.2783584595, 117.341110229, 99.5960769653], [170.791809082, -122.03931427, 101.815208435, 172.362930298, 100.45867157, 160.865905762, 248.753204346, 100.477676392, 107.312210083, 25.0620708466, 37.580909729, 66.9844665527, 44.2532119751], [382.462799072, -72.9658813477, 11.9845094681, 83.782913208, 47.52602005, 86.3022537231, 100.477676392, 265.637695312, 105.202560425, 31.8756961823, 49.0472145081, 39.6449050903, 72.1901321411], [488.201385498, 86.6866149902, 85.4868927002, 126.01902771, 85.3737716675, 104.367294312, 107.312210083, 105.202560425, 414.575531006, 67.281578064, 32.608001709, 150.289810181, 32.3020439148], [124.827415466, -89.0868225098, 41.1579284668, 73.3980407715, 19.8869876862, 37.3288040161, 25.0620708466, 31.8756961823, 67.281578064, 208.17427063, 118.338165283, 33.1347846985, 33.5764389038], [94.7388534546, -6.81162405014, 123.201957703, 119.078544617, 65.1454391479, 87.2783584595, 37.580909729, 49.0472145081, 32.608001709, 118.338165283, 274.873474121, 177.699920654, 120.27620697], [338.769287109, 117.826591492, 121.084457397, 104.08757782, 83.0482177734, 117.341110229, 66.9844665527, 39.6449050903, 150.289810181, 33.1347846985, 177.699920654, 315.017852783, 179.313720703], [164.924438477, 56.8569526672, 85.5798568726, 69.7099990845, 26.5480327606, 99.5960769653, 44.2532119751, 72.1901321411, 32.3020439148, 33.5764389038, 120.27620697, 179.313720703, 262.712982178]],
