{
"lowlevel": {
    "average_loudness": 0.0600552037358,
    "barkbands_crest": {
        "dmean": 1.81143856049,
        "dmean2": 2.9815428257,
        "dvar": 3.67538642883,
        "dvar2": 9.53442573547,
        "max": 26.7849750519,
        "mean": 12.410651207,
        "median": 11.3350200653,
        "min": 3.43594861031,
        "var": 24.1383552551
    },
    "barkbands_flatness_db": {
        "dmean": 0.0143803618848,
        "dmean2": 0.0233969669789,
        "dvar": 0.000268670526566,
        "dvar2": 0.000679604185279,
        "max": 0.483751952648,
        "mean": 0.220962300897,
        "median": 0.21693867445,
        "min": 0.0601666346192,
        "var": 0.00365852424875
    },
    "barkbands_kurtosis": {
        "dmean": 3.85901260376,
        "dmean2": 6.2632856369,
        "dvar": 180.659667969,
        "dvar2": 552.875549316,
        "max": 484.131134033,
        "mean": 10.4073648453,
        "median": 4.59114646912,
        "min": -1.81491792202,
        "var": 459.449768066
    },
    "barkbands_skewness": {
        "dmean": 0.410171449184,
        "dmean2": 0.645838022232,
        "dvar": 0.305888265371,
        "dvar2": 0.788006484509,
        "max": 13.4698982239,
        "mean": 1.86134815216,
        "median": 1.63955008984,
        "min": -3.85582590103,
        "var": 1.9180252552
    },
    "barkbands_spread": {
        "dmean": 1.78528571129,
        "dmean2": 2.85072803497,
        "dvar": 6.5609369278,
        "dvar2": 15.7155733109,
        "max": 117.707756042,
        "mean": 9.21119785309,
        "median": 7.64345836639,
        "min": 0.186687529087,
        "var": 47.8940200806
    },
    "dissonance": {
        "dmean": 0.0275928396732,
        "dmean2": 0.0464725904167,
        "dvar": 0.000934212293942,
        "dvar2": 0.00256447144784,
        "max": 0.499999940395,
        "mean": 0.413291782141,
        "median": 0.428313553333,
        "min": 0.135740980506,
        "var": 0.00355629343539
    },
    "dynamic_complexity": 5.45212650299,
    "erbbands_crest": {
        "dmean": 2.23066735268,
        "dmean2": 3.57010555267,
        "dvar": 6.74445486069,
        "dvar2": 16.1561412811,
        "max": 33.763885498,
        "mean": 13.0747671127,
        "median": 11.6956348419,
        "min": 2.7587993145,
        "var": 37.8446311951
    },
    "erbbands_flatness_db": {
        "dmean": 0.0129873966798,
        "dmean2": 0.0203866772354,
        "dvar": 0.000226148113143,
        "dvar2": 0.000518685788848,
        "max": 0.438972085714,
        "mean": 0.228437870741,
        "median": 0.223746985197,
        "min": 0.0337512418628,
        "var": 0.0035206747707
    },
    "erbbands_kurtosis": {
        "dmean": 1.59719407558,
        "dmean2": 2.56989407539,
        "dvar": 11.2825565338,
        "dvar2": 28.9200954437,
        "max": 107.345298767,
        "mean": 3.63739514351,
        "median": 1.00114536285,
        "min": -1.72984015942,
        "var": 63.9843826294
    },
    "erbbands_skewness": {
        "dmean": 0.329325169325,
        "dmean2": 0.522975742817,
        "dvar": 0.138836115599,
        "dvar2": 0.351062059402,
        "max": 7.61721515656,
        "mean": 1.01236748695,
        "median": 0.846403241158,
        "min": -4.37475299835,
        "var": 1.15718472004
    },
    "erbbands_spread": {
        "dmean": 3.46490859985,
        "dmean2": 5.39616346359,
        "dvar": 18.7861156464,
        "dvar2": 42.7411003113,
        "max": 143.043838501,
        "mean": 20.9126853943,
        "median": 19.1015281677,
        "min": 0.766571104527,
        "var": 176.686645508
    },
    "hfc": {
        "dmean": 2.06605696678,
        "dmean2": 3.1338326931,
        "dvar": 28.0823173523,
        "dvar2": 61.6702461243,
        "max": 157.609222412,
        "mean": 8.33012199402,
        "median": 4.20175695419,
        "min": 1.0761263089e-16,
        "var": 151.727844238
    },
    "melbands_crest": {
        "dmean": 2.1707906723,
        "dmean2": 3.55180311203,
        "dvar": 5.34536266327,
        "dvar2": 14.1576681137,
        "max": 34.7872810364,
        "mean": 15.6109733582,
        "median": 14.5697622299,
        "min": 1.4988130331,
        "var": 31.0386962891
    },
    "melbands_flatness_db": {
        "dmean": 0.015157148242,
        "dmean2": 0.0243709776551,
        "dvar": 0.000316014687996,
        "dvar2": 0.000788507575635,
        "max": 0.556602656841,
        "mean": 0.308992505074,
        "median": 0.306258171797,
        "min": 0.00274621602148,
        "var": 0.00587348407134
    },
    "melbands_kurtosis": {
        "dmean": 4.00461101532,
        "dmean2": 6.26695632935,
        "dvar": 69.9822921753,
        "dvar2": 167.126312256,
        "max": 404.736694336,
        "mean": 11.6554727554,
        "median": 6.61094808578,
        "min": -1.78244078159,
        "var": 417.196838379
    },
    "melbands_skewness": {
        "dmean": 0.429937392473,
        "dmean2": 0.673928439617,
        "dvar": 0.266745299101,
        "dvar2": 0.609100103378,
        "max": 16.922700882,
        "mean": 2.05764627457,
        "median": 1.89272427559,
        "min": -2.73979139328,
        "var": 2.12432050705
    },
    "melbands_spread": {
        "dmean": 2.35687732697,
        "dmean2": 3.7686650753,
        "dvar": 15.8970899582,
        "dvar2": 39.4539108276,
        "max": 184.686828613,
        "mean": 11.586681366,
        "median": 8.79946517944,
        "min": 0.402785807848,
        "var": 182.621170044
    },
    "pitch_salience": {
        "dmean": 0.0474990047514,
        "dmean2": 0.0780970826745,
        "dvar": 0.00237570237368,
        "dvar2": 0.00591360218823,
        "max": 0.939599752426,
        "mean": 0.494063585997,
        "median": 0.504791378975,
        "min": 0.0743761733174,
        "var": 0.01644840464
    },
    "silence_rate_20dB": {
        "dmean": 0,
        "dmean2": 0,
        "dvar": 0,
        "dvar2": 0,
        "max": 1,
        "mean": 1,
        "median": 1,
        "min": 1,
        "var": 0
    },
    "silence_rate_30dB": {
        "dmean": 0.00423924066126,
        "dmean2": 0.00847926270217,
        "dvar": 0.0042213704437,
        "dvar2": 0.0106189772487,
        "max": 1,
        "mean": 0.990047931671,
        "median": 1,
        "min": 0,
        "var": 0.00985311996192
    },
    "silence_rate_60dB": {
        "dmean": 0.0300433132797,
        "dmean2": 0.0600921660662,
        "dvar": 0.0291413255036,
        "dvar2": 0.0645868256688,
        "max": 1,
        "mean": 0.230740875006,
        "median": 0,
        "min": 0,
        "var": 0.177493989468
    },
    "spectral_centroid": {
        "dmean": 90.6317520142,
        "dmean2": 142.692977905,
        "dvar": 30314.7460938,
        "dvar2": 65013.3476562,
        "max": 11815.8388672,
        "mean": 752.46887207,
        "median": 554.805541992,
        "min": 227.237319946,
        "var": 965880.0625
    },
    "spectral_complexity": {
        "dmean": 1.34549808502,
        "dmean2": 2.20958518982,
        "dvar": 2.66569423676,
        "dvar2": 5.83957386017,
        "max": 38,
        "mean": 10.7452077866,
        "median": 9,
        "min": 0,
        "var": 50.2569961548
    },
    "spectral_decrease": {
        "dmean": 9.39270772271e-10,
        "dmean2": 1.48287082613e-09,
        "dvar": 3.25788392976e-18,
        "dvar2": 8.98798489014e-18,
        "max": 1.61568275646e-21,
        "mean": -4.43344960743e-09,
        "median": -2.50495868492e-09,
        "min": -5.33804858094e-08,
        "var": 3.0102674134e-17
    },
    "spectral_energy": {
        "dmean": 0.00371199753135,
        "dmean2": 0.00584569526836,
        "dvar": 5.14562816534e-05,
        "dvar2": 0.000140543881571,
        "max": 0.210526764393,
        "mean": 0.0174884144217,
        "median": 0.00983742065728,
        "min": 9.93745868912e-21,
        "var": 0.000470918603241
    },
    "spectral_energyband_high": {
        "dmean": 3.39302314387e-05,
        "dmean2": 5.17968546774e-05,
        "dvar": 3.61266501159e-08,
        "dvar2": 8.21815007157e-08,
        "max": 0.00681333662942,
        "mean": 6.92586836522e-05,
        "median": 1.18532752822e-05,
        "min": 7.10537483308e-21,
        "var": 4.94660419292e-08
    },
    "spectral_energyband_low": {
        "dmean": 0.00102059950586,
        "dmean2": 0.00150313205086,
        "dvar": 4.81199685964e-06,
        "dvar2": 1.0128717804e-05,
        "max": 0.0672366693616,
        "mean": 0.00458071334288,
        "median": 0.00159581354819,
        "min": 2.12410075735e-23,
        "var": 5.36736915819e-05
    },
    "spectral_energyband_middle_high": {
        "dmean": 0.000714827794582,
        "dmean2": 0.00102903449442,
        "dvar": 7.56724648454e-06,
        "dvar2": 1.50262567331e-05,
        "max": 0.119056575,
        "mean": 0.00221767323092,
        "median": 0.000864865025505,
        "min": 1.13830755552e-21,
        "var": 2.61600180238e-05
    },
    "spectral_energyband_middle_low": {
        "dmean": 0.00299055804498,
        "dmean2": 0.00492321932688,
        "dvar": 3.98882475565e-05,
        "dvar2": 0.000121048462461,
        "max": 0.204973757267,
        "mean": 0.0112744532526,
        "median": 0.00589139200747,
        "min": 1.58875374621e-22,
        "var": 0.000264289265033
    },
    "spectral_entropy": {
        "dmean": 0.133872002363,
        "dmean2": 0.216120317578,
        "dvar": 0.0288852341473,
        "dvar2": 0.0710369199514,
        "max": 9.82805633545,
        "mean": 6.51125144958,
        "median": 6.61279630661,
        "min": 3.87968182564,
        "var": 0.481505066156
    },
    "spectral_flux": {
        "dmean": 0.0118672819808,
        "dmean2": 0.0185522977263,
        "dvar": 0.000305046181893,
        "dvar2": 0.000705795828253,
        "max": 0.311914652586,
        "mean": 0.0351112708449,
        "median": 0.0274458229542,
        "min": 6.2923236066e-11,
        "var": 0.000920269347262
    },
    "spectral_kurtosis": {
        "dmean": 4.41870117188,
        "dmean2": 7.6758480072,
        "dvar": 30.1354618073,
        "dvar2": 86.9932632446,
        "max": 107.619636536,
        "mean": 18.8158569336,
        "median": 11.309299469,
        "min": -1.24347603321,
        "var": 308.697814941
    },
    "spectral_rms": {
        "dmean": 0.000379843055271,
        "dmean2": 0.000583931687288,
        "dvar": 2.63093141939e-07,
        "dvar2": 6.43078578833e-07,
        "max": 0.0143315019086,
        "mean": 0.00349035346881,
        "median": 0.00309798051603,
        "min": 3.11369268043e-12,
        "var": 4.87919760417e-06
    },
    "spectral_rolloff": {
        "dmean": 126.817703247,
        "dmean2": 223.548461914,
        "dvar": 92800.5703125,
        "dvar2": 205107.765625,
        "max": 19595.2148438,
        "mean": 827.105163574,
        "median": 559.86328125,
        "min": 86.1328125,
        "var": 2943116.5
    },
    "spectral_skewness": {
        "dmean": 0.343566685915,
        "dmean2": 0.588296890259,
        "dvar": 0.134267166257,
        "dvar2": 0.372732877731,
        "max": 8.61745834351,
        "mean": 3.06904792786,
        "median": 2.54016685486,
        "min": -0.0912382081151,
        "var": 2.37664985657
    },
    "spectral_spread": {
        "dmean": 270119.9375,
        "dmean2": 449720.40625,
        "dvar": 263220068352,
        "dvar2": 529102798848,
        "max": 42162424,
        "mean": 3383943,
        "median": 2851371.75,
        "min": 856961.0625,
        "var": 1.31838309827e+13
    },
    "spectral_strongpeak": {
        "dmean": 0.279372483492,
        "dmean2": 0.45644390583,
        "dvar": 0.331568807364,
        "dvar2": 0.753284394741,
        "max": 17.7097702026,
        "mean": 0.873711526394,
        "median": 0.49027889967,
        "min": 0,
        "var": 1.2653542757
    },
    "zerocrossingrate": {
        "dmean": 0.00345738767646,
        "dmean2": 0.00456225685775,
        "dvar": 3.08242742904e-05,
        "dvar2": 4.56311317976e-05,
        "max": 0.6484375,
        "mean": 0.0336470417678,
        "median": 0.0263671875,
        "min": 0.00341796875,
        "var": 0.00208346615545
    },
    "barkbands": {
        "dmean": [5.14183921041e-06, 0.000386030733353, 0.000572127581108, 0.000596999947447, 0.000775931694079, 0.000925492087845, 0.00122385576833, 0.000254925515037, 0.00043385909521, 0.000178202390089, 0.000159229486599, 0.000224375980906, 0.000115321192425, 6.52847447782e-05, 9.31200629566e-05, 3.86706087738e-05, 6.45318650641e-05, 5.51975717826e-05, 5.44829745195e-05, 1.55671878019e-05, 1.86323541129e-05, 7.48071170165e-06, 3.09178835778e-06, 1.49693482854e-06, 5.26299459125e-07, 9.66112736478e-08, 7.95017811583e-08],
        "dmean2": [8.46883085615e-06, 0.000538573658559, 0.000804118346423, 0.00097277230816, 0.00131271732971, 0.00159818888642, 0.00208957004361, 0.000343919295119, 0.000594297947828, 0.00027292734012, 0.000243058835622, 0.000313842116157, 0.000168391954503, 0.000102033562143, 0.000147518323502, 6.37383782305e-05, 0.000102089201391, 8.5135048721e-05, 8.13790247776e-05, 2.31364429055e-05, 2.83275003312e-05, 1.20968825286e-05, 5.03834280607e-06, 2.58465752268e-06, 9.3026886816e-07, 1.64270090863e-07, 1.29128309823e-07],
        "dvar": [5.56311385846e-10, 1.01692489807e-06, 2.03303943636e-06, 2.66499978352e-06, 2.91417973131e-06, 7.96702170192e-06, 2.67806208285e-05, 7.39773270197e-07, 4.13291445511e-06, 1.66586374917e-07, 8.58466705722e-07, 4.42872669737e-06, 2.06612256193e-07, 3.98870731999e-08, 9.36277047003e-08, 1.75441527972e-08, 5.37045465876e-08, 4.90657150465e-08, 9.29163661567e-08, 4.57913928997e-09, 1.66712617045e-08, 1.99397010014e-09, 3.27659760435e-10, 1.53541138137e-10, 3.38176986414e-11, 2.29399913778e-13, 2.0767740148e-14],
        "dvar2": [1.40081202193e-09, 2.14340866478e-06, 3.88420085073e-06, 7.05494767317e-06, 8.81038340594e-06, 2.7023437724e-05, 8.47113697091e-05, 1.41839689149e-06, 8.83751727088e-06, 3.66315219935e-07, 2.08030496651e-06, 8.19119395601e-06, 4.56968280105e-07, 9.29753056766e-08, 2.35792157355e-07, 4.77621178163e-08, 1.28194741933e-07, 1.11884553178e-07, 1.98309365373e-07, 9.59648183141e-09, 3.72372568336e-08, 4.9083852538e-09, 8.16550271843e-10, 4.41203268364e-10, 9.91377396842e-11, 6.46534475263e-13, 5.09696079017e-14],
        "max": [0.00163112580776, 0.0392405502498, 0.0497322678566, 0.0301743727177, 0.0458411686122, 0.0660652965307, 0.190358772874, 0.0364460125566, 0.0436237454414, 0.00966382492334, 0.0457236580551, 0.0976338982582, 0.0218741241843, 0.0068299183622, 0.00770538020879, 0.00402490049601, 0.00643135653809, 0.00510153686628, 0.008404715918, 0.00311316153966, 0.0051005827263, 0.00135514815338, 0.000590358104091, 0.000498255481943, 0.000301959604258, 2.02405317395e-05, 4.4019602683e-06],
        "mean": [1.92834104382e-05, 0.00186599418521, 0.0021197788883, 0.00116500025615, 0.00206588441506, 0.00240158382803, 0.00384879787453, 0.000816377112642, 0.000838695559651, 0.000417403440224, 0.000351711729309, 0.000485606607981, 0.000293808465358, 0.000152007400175, 0.000177755544428, 7.8331118857e-05, 0.000122339581139, 0.000109853193862, 7.76940796641e-05, 2.76725331787e-05, 2.8700724215e-05, 1.31906444949e-05, 5.59544196221e-06, 3.10187783725e-06, 1.39303062952e-06, 4.48001827635e-07, 4.02695150115e-07],
        "median": [9.78202479018e-07, 0.000316920049954, 0.000389151537092, 0.00031602816307, 0.000934684183449, 0.000627064961009, 0.000456722103991, 0.000155432673637, 0.000122433528304, 0.000149708561366, 7.01526878402e-05, 5.88101829635e-05, 5.93448057771e-05, 2.00344147743e-05, 2.65351245616e-05, 7.94290463091e-06, 1.24331090774e-05, 5.97515827394e-06, 5.52945220988e-06, 3.09859979097e-06, 2.92207460006e-06, 1.84458917829e-06, 1.13160899673e-06, 7.02665204244e-07, 3.29464228344e-07, 2.00868100819e-07, 2.57500232692e-07],
        "min": [1.06270884087e-24, 1.71268545892e-24, 1.3626475621e-24, 2.7998068824e-25, 3.58006220262e-24, 5.87628483642e-24, 1.1676963666e-23, 5.96748583453e-24, 2.16287768846e-23, 1.55667405486e-23, 2.16875691102e-23, 3.0703510883e-23, 1.0594402746e-23, 3.62918741108e-23, 5.18579173064e-23, 5.47202896346e-23, 7.67934886652e-23, 9.67610159912e-23, 1.00970699637e-22, 1.53145215223e-22, 2.61717719331e-22, 3.53319136929e-22, 2.99334696747e-22, 4.98710291216e-22, 8.32305507377e-22, 1.31924735704e-21, 1.98001754707e-21],
        "var": [7.92625876045e-09, 1.30297530632e-05, 1.92487932509e-05, 5.88244620303e-06, 8.70101303008e-06, 2.3946258807e-05, 0.000148716120748, 4.35337369709e-06, 8.2086535258e-06, 5.4099962199e-07, 1.56557757691e-06, 1.33402782012e-05, 5.69350049773e-07, 1.21733194192e-07, 1.9573337795e-07, 3.71724730996e-08, 1.1125595023e-07, 1.21782790075e-07, 1.18146921579e-07, 8.05538746818e-09, 1.97927363388e-08, 2.68768718392e-09, 3.99454552769e-10, 1.17393955668e-10, 2.51696129216e-11, 7.16037038689e-13, 1.55491938769e-13]
    },
    "erbbands": {
        "dmean": [0.00537816807628, 0.108211457729, 0.548017263412, 1.33810579777, 1.97200214863, 2.50790166855, 6.47128152847, 7.59401273727, 15.2685108185, 10.4217348099, 7.07189702988, 11.5307750702, 4.76049804688, 6.20684576035, 6.03385353088, 9.80890369415, 6.0935792923, 3.39682078362, 5.29890012741, 2.46774697304, 2.39331388474, 2.41730117798, 3.4521522522, 2.69651532173, 2.05149316788, 0.808951675892, 0.875155508518, 0.501426875591, 0.24303072691, 0.188093721867, 0.076841801405, 0.0408451855183, 0.0205534268171, 0.00812532939017, 0.00267082429491, 0.000668939726893, 0.000164897544892, 3.78515542252e-05, 1.28987312564e-05, 4.75219985674e-06],
        "dmean2": [0.00784487370402, 0.149836048484, 0.751352310181, 2.16887116432, 3.30392789841, 4.14316320419, 10.9376192093, 13.3343343735, 25.917678833, 17.250995636, 9.55928897858, 15.6987905502, 7.06177711487, 9.42863941193, 9.28173732758, 13.5538349152, 8.73650741577, 5.11922502518, 8.3332567215, 3.94533085823, 3.99738478661, 3.74604797363, 5.26279067993, 4.03621053696, 3.03732419014, 1.21029162407, 1.3323392868, 0.776740074158, 0.388381928205, 0.312051266432, 0.126819103956, 0.069821998477, 0.0355022512376, 0.0144400065765, 0.00463833520189, 0.00114438775927, 0.000279686850263, 6.36647382635e-05, 2.11607730307e-05, 7.52409687266e-06],
        "dvar": [0.000310779694701, 0.0770877823234, 1.98367440701, 10.5261449814, 23.6683940887, 36.7112693787, 297.213897705, 712.869018555, 3696.37084961, 1704.26928711, 621.868286133, 2950.67333984, 148.226928711, 814.734680176, 1074.18469238, 8709.36914062, 1125.08679199, 94.56300354, 275.553131104, 54.3222351074, 58.7112121582, 73.7154541016, 179.904418945, 200.961273193, 139.051269531, 15.5177183151, 58.914516449, 6.06949186325, 1.63724899292, 2.78734970093, 0.115660667419, 0.0928993448615, 0.0347574427724, 0.00922136753798, 0.000373219576431, 1.71797855728e-05, 4.49150547865e-07, 5.69836444697e-09, 5.75628211763e-10, 7.16730841344e-11],
        "dvar2": [0.000612793024629, 0.160547628999, 3.48317241669, 28.9378795624, 69.1710357666, 103.689651489, 898.515869141, 2543.14990234, 11755.8095703, 4930.01123047, 1255.06628418, 6291.40576172, 328.226379395, 1970.3638916, 2543.31176758, 16130.5791016, 2183.55029297, 211.018615723, 677.426757812, 142.259719849, 155.950592041, 168.47265625, 413.907470703, 422.980926514, 302.217590332, 32.3235664368, 130.653533936, 14.5489616394, 3.86907219887, 7.39714622498, 0.292245149612, 0.261904299259, 0.101025998592, 0.0270553715527, 0.00107612484135, 4.78564979858e-05, 1.27433463604e-06, 1.64664228919e-08, 1.4285160832e-09, 1.92352425654e-10],
        "max": [1.6014482975, 8.78583717346, 53.6323547363, 63.1930580139, 113.082038879, 229.871337891, 339.531890869, 600.85144043, 2022.94116211, 1798.91540527, 1053.61572266, 1188.36767578, 284.04498291, 1707.93981934, 1865.52209473, 4890.28613281, 1963.48339844, 380.553222656, 365.77545166, 297.881469727, 247.593978882, 254.221893311, 316.319030762, 520.382873535, 375.396392822, 216.571929932, 335.541870117, 98.5603179932, 38.1567878723, 76.9084854126, 9.16169548035, 11.1351146698, 7.35779047012, 5.14148330688, 0.674806594849, 0.206079557538, 0.0272289309651, 0.00283309281804, 0.000733311288059, 0.000245816481765],
        "mean": [0.0388277173042, 0.499432563782, 2.35577654839, 3.10625624657, 4.60772895813, 7.13802242279, 15.6325721741, 19.8126068115, 48.2983283997, 35.1083488464, 22.6352539062, 23.099199295, 12.0889968872, 14.4778413773, 13.8407869339, 21.7300796509, 15.6208934784, 8.95715904236, 10.6317176819, 5.57294607162, 5.19646406174, 5.26009941101, 7.08477687836, 4.4831738472, 3.06441831589, 1.40752005577, 1.36405479908, 0.864079475403, 0.464458137751, 0.286359578371, 0.149141803384, 0.0794384777546, 0.0426477454603, 0.019268669188, 0.00803564675152, 0.0025431860704, 0.000766552984715, 0.000203224466532, 6.4878797275e-05, 2.63204728981e-05],
        "median": [0.00352911558002, 0.105812758207, 0.50555229187, 1.12554895878, 1.76328396797, 2.83160305023, 5.2964963913, 4.65858268738, 7.80958509445, 5.58995008469, 5.05319309235, 4.2181224823, 4.14852571487, 4.80487680435, 3.36968755722, 3.53954434395, 3.65628051758, 2.03310966492, 1.97609519958, 0.978338778019, 0.618427395821, 0.6511952281, 0.56535089016, 0.331843852997, 0.25242805481, 0.165476828814, 0.141146168113, 0.0906623750925, 0.0696874856949, 0.0467633530498, 0.0321145579219, 0.0181308090687, 0.00974701251835, 0.00452468870208, 0.00184547156096, 0.000809432123788, 0.000372586771846, 0.000142897479236, 4.39581344835e-05, 1.58284601639e-05],
        "min": [1.23813776424e-22, 2.48522512389e-22, 2.29352869275e-21, 3.58665432824e-21, 1.01108128042e-20, 1.11102982079e-20, 4.15427745836e-20, 6.14830618484e-20, 1.21844764054e-19, 2.29771361272e-19, 1.98127437692e-19, 5.16368324567e-19, 7.1571042529e-19, 6.92470320691e-19, 9.65407559392e-19, 1.35889996172e-18, 9.08141018404e-19, 2.24702848258e-18, 2.27180915937e-18, 2.77644309977e-18, 3.78167702751e-18, 4.55291541524e-18, 6.17845105036e-18, 7.55932899416e-18, 7.71830814481e-18, 8.31896038353e-18, 8.9300805929e-18, 1.08304081091e-17, 1.10136501214e-17, 1.12456296155e-17, 9.69674384466e-18, 1.08816395403e-17, 9.48652995405e-18, 8.06044162669e-18, 6.17296436135e-18, 4.18297625706e-18, 2.22046605875e-18, 9.56292649427e-19, 2.60050540239e-19, 2.88797864722e-20],
        "var": [0.0121895046905, 0.817354798317, 23.2297706604, 28.1636219025, 61.1152420044, 123.745262146, 835.056274414, 1792.52539062, 19888.4414062, 13905.5126953, 3309.00805664, 5764.52734375, 516.301330566, 1380.25805664, 2324.67675781, 25552.6113281, 3458.65307617, 328.239440918, 594.941467285, 151.326904297, 151.848052979, 173.234512329, 446.549987793, 302.558013916, 169.8175354, 22.9795379639, 65.8439407349, 8.62707424164, 2.74116921425, 2.26498222351, 0.161647602916, 0.0740615129471, 0.0252628494054, 0.0062256497331, 0.000467096222565, 3.67571265087e-05, 2.00428007702e-06, 4.09796641065e-08, 3.56962259751e-09, 8.60713222917e-10]
    },
    "gfcc": {
        "mean": [-122.63306427, 138.144683838, -101.039413452, -2.47089862823, -53.5805053711, -4.68020009995, -31.6593055725, -6.70545816422, -19.3058357239, -3.19914340973, -9.8777885437, -4.08598709106, -12.7374258041],
        "cov": [[19414.078125, 2245.99121094, -3474.44799805, 1502.77087402, 53.6878013611, 50.194732666, 160.270385742, -27.8677196503, 135.489349365, -185.512619019, 106.186149597, -136.673324585, 67.1469345093], [2245.99121094, 1432.32434082, -184.34954834, -328.176391602, 337.553771973, -267.106109619, -85.6309814453, -116.539558411, -34.2129859924, -89.9722747803, 18.3648490906, 9.44292449951, 78.2037811279], [-3474.44799805, -184.34954834, 1260.32348633, -385.05569458, -161.87461853, 126.577644348, -132.015808105, -65.8636703491, -145.293212891, 3.82363915443, -69.4894332886, 32.3204460144, -28.0909385681], [1502.77087402, -328.176391602, -385.05569458, 1027.02868652, 180.242218018, 204.142700195, 332.737518311, 152.957015991, 144.967437744, 6.18780755997, 63.7723197937, -8.15931129456, 54.179649353], [53.6878013611, 337.553771973, -161.87461853, 180.242218018, 509.088012695, 1.65975034237, 133.028320312, 82.7022476196, 78.3219299316, -3.16694736481, 36.58826828, 23.5304374695, 45.0155525208], [50.194732666, -267.106109619, 126.577644348, 204.142700195, 1.65975034237, 385.55770874, 103.207862854, 66.5148239136, 1.44913983345, 29.4304294586, -1.35904991627, -4.20455551147, -29.081817627], [160.270385742, -85.6309814453, -132.015808105, 332.737518311, 133.028320312, 103.207862854, 253.473709106, 122.961387634, 85.5027389526, 27.9131984711, 39.7873420715, -1.31806278229, 16.7083053589], [-27.8677196503, -116.539558411, -65.8636703491, 152.957015991, 82.7022476196, 66.5148239136, 122.961387634, 175.945449829, 112.728225708, 55.9713668823, 54.5018157959, 18.8892707825, -1.65012705326], [135.489349365, -34.2129859924, -145.293212891, 144.967437744, 78.3219299316, 1.44913983345, 85.5027389526, 112.728225708, 199.484863281, 89.6475296021, 88.8543243408, 36.2890167236, 22.5954685211], [-185.512619019, -89.9722747803, 3.82363915443, 6.18780755997, -3.16694736481, 29.4304294586, 27.9131984711, 55.9713668823, 89.6475296021, 113.711181641, 68.2872924805, 19.9209384918, -13.0995454788], [106.186149597, 18.3648490906, -69.4894332886, 63.7723197937, 36.58826828, -1.35904991627, 39.7873420715, 54.5018157959, 88.8543243408, 68.2872924805, 114.128234863, 43.5431098938, 10.6629238129], [-136.673324585, 9.44292449951, 32.3204460144, -8.15931129456, 23.5304374695, -4.20455551147, -1.31806278229, 18.8892707825, 36.2890167236, 19.9209384918, 43.5431098938, 78.3996200562, 36.4943199158], [67.1469345093, 78.2037811279, -28.0909385681, 54.179649353, 45.0155525208, -29.081817627, 16.7083053589, -1.65012705326, 22.5954685211, -13.0995454788, 10.6629238129, 36.4943199158, 116.231323242]],
        "icov": [[0.00069561827695, -0.0020613684319, 0.00183617731091, -0.00170059280936, 0.00196702196263, -0.00132419774309, 0.00169098039623, -0.00126661045942, 0.00101164134685, -0.00123152718879, 0.00141716748476, -0.00108954764437, 0.00074399652658], [-0.0020613684319, 0.00747384456918, -0.00531472545117, 0.00573365623131, -0.00687093473971, 0.00420537265018, -0.00522109866142, 0.00473381206393, -0.0032971627079, 0.0050472645089, -0.00564320106059, 0.0040364083834, -0.00280372495763], [0.00183617731091, -0.00531472545117, 0.00597827509046, -0.00407312903553, 0.00521908793598, -0.00396377546713, 0.00448895152658, -0.00343488994986, 0.00344471191056, -0.00386441987939, 0.00432373257354, -0.00379415182397, 0.00184092915151], [-0.00170059280936, 0.00573365623131, -0.00407312903553, 0.00662817899138, -0.0052344398573, 0.002494946355, -0.00638977671042, 0.0040034246631, -0.00363615388051, 0.00522100739181, -0.00496290903538, 0.00373738305643, -0.00274536921643], [0.00196702196263, -0.00687093473971, 0.00521908793598, -0.0052344398573, 0.00883818604052, -0.00381348002702, 0.00380360148847, -0.00469126692042, 0.00257746083662, -0.0034969097469, 0.00486637558788, -0.00410877168179, 0.00214590434916], [-0.00132419774309, 0.00420537265018, -0.00396377546713, 0.002494946355, -0.00381348002702, 0.00637240149081, -0.00402451353148, 0.00163462047931, -0.00056039908668, 0.000857844366692, -0.00192110822536, 0.00149057141971, -0.000598526676185], [0.00169098039623, -0.00522109866142, 0.00448895152658, -0.00638977671042, 0.00380360148847, -0.00402451353148, 0.0140086840838, -0.00765021424741, 0.00303344312124, -0.00374859990552, 0.00320816482417, -0.000904602871742, 0.000974531227257], [-0.00126661045942, 0.00473381206393, -0.00343488994986, 0.0040034246631, -0.00469126692042, 0.00163462047931, -0.00765021424741, 0.0155618125573, -0.00739961629733, 0.00312570342794, -0.0037900202442, 0.00135707051959, 0.000109289030661], [0.00101164134685, -0.0032971627079, 0.00344471191056, -0.00363615388051, 0.00257746083662, -0.00056039908668, 0.00303344312124, -0.00739961629733, 0.0157595369965, -0.00988607574254, 0.000305892433971, -0.00322968210094, -0.000709950050805], [-0.00123152718879, 0.0050472645089, -0.00386441987939, 0.00522100739181, -0.0034969097469, 0.000857844366692, -0.00374859990552, 0.00312570342794, -0.00988607574254, 0.0243303459138, -0.0127886896953, 0.00498443376273, 0.000372209644411], [0.00141716748476, -0.00564320106059, 0.00432373257354, -0.00496290903538, 0.00486637558788, -0.00192110822536, 0.00320816482417, -0.0037900202442, 0.000305892433971, -0.0127886896953, 0.0244699306786, -0.0118208350614, 0.00342208286747], [-0.00108954764437, 0.0040364083834, -0.00379415182397, 0.00373738305643, -0.00410877168179, 0.00149057141971, -0.000904602871742, 0.00135707051959, -0.00322968210094, 0.00498443376273, -0.0118208350614, 0.0237208716571, -0.00780577491969], [0.00074399652658, -0.00280372495763, 0.00184092915151, -0.00274536921643, 0.00214590434916, -0.000598526676185, 0.000974531227257, 0.000109289030661, -0.000709950050805, 0.000372209644411, 0.00342208286747, -0.00780577491969, 0.0129822846502]]
    },
    "melbands": {
        "dmean": [7.62201598263e-05, 0.00023248247453, 0.000242727910518, 0.00015462571173, 0.000203427029192, 0.000167026955751, 0.00025274429936, 9.85446677078e-05, 6.2676226662e-05, 6.84066180838e-05, 2.26008214668e-05, 2.55700033449e-05, 1.93089617824e-05, 2.3142367354e-05, 2.22998787649e-05, 9.7912234196e-06, 6.63118544253e-06, 8.36062827148e-06, 5.34497667104e-06, 3.16574733006e-06, 3.10261521008e-06, 2.53492112279e-06, 3.58208353646e-06, 2.85416717816e-06, 2.2235835786e-06, 2.15278896576e-06, 6.95956146046e-07, 5.29502358404e-07, 5.67697213683e-07, 5.38971562491e-07, 2.47394353892e-07, 1.53341204623e-07, 1.26291865854e-07, 9.75237028911e-08, 5.11824396199e-08, 3.06431715558e-08, 2.51172789234e-08, 1.66787224032e-08, 1.01848289802e-08, 6.7195236042e-09],
        "dmean2": [0.000108709464257, 0.000321278319461, 0.000393236259697, 0.000257456413237, 0.000345612090314, 0.000292127660941, 0.000431163498433, 0.000160988260177, 8.46779366839e-05, 9.33693227125e-05, 3.41885061061e-05, 3.90360801248e-05, 2.98447321256e-05, 3.30477960233e-05, 3.09138122248e-05, 1.4334313164e-05, 1.01471059679e-05, 1.3225467228e-05, 8.52431185194e-06, 5.12554015586e-06, 5.22335858477e-06, 4.00486987928e-06, 5.5076393437e-06, 4.29402098234e-06, 3.34040669259e-06, 3.21683182847e-06, 1.02324838736e-06, 7.92634466507e-07, 8.82804442881e-07, 7.82806068855e-07, 4.01231005753e-07, 2.44646713554e-07, 2.08812977576e-07, 1.62764777656e-07, 8.46841032853e-08, 5.10765367778e-08, 4.40270433444e-08, 2.87935648657e-08, 1.76859540346e-08, 1.20071312892e-08],
        "dvar": [4.25819379757e-08, 3.32975531592e-07, 3.42623025062e-07, 1.10300412359e-07, 2.73177874988e-07, 3.15817345609e-07, 1.10192081593e-06, 1.38352646673e-07, 5.9595144819e-08, 1.06595109628e-07, 3.22434678957e-09, 1.20576784113e-08, 1.03582964428e-08, 3.22860600477e-08, 6.76975133729e-08, 7.67927943457e-10, 4.56974819096e-10, 6.45295317181e-10, 4.02574612535e-10, 1.48728238059e-10, 1.36383987437e-10, 8.8515819674e-11, 2.28679700176e-10, 1.679408973e-10, 1.73263903225e-10, 1.59486590601e-10, 1.24217840874e-11, 7.17328496949e-12, 3.28565265273e-11, 9.56591576784e-12, 1.46805636224e-12, 7.12656387895e-13, 1.27152531126e-12, 8.18498535008e-13, 4.16893827944e-14, 3.09623305456e-14, 5.65200623391e-14, 2.33511432033e-14, 6.9646204121e-15, 6.68504829401e-15],
        "dvar2": [9.02339962749e-08, 6.15390376879e-07, 9.04359694687e-07, 3.25719355487e-07, 8.34954562379e-07, 1.11057522645e-06, 3.52678921445e-06, 3.99259278083e-07, 1.25182992861e-07, 2.28449493989e-07, 7.27280591306e-09, 2.8999462387e-08, 2.50104452704e-08, 6.06828649552e-08, 1.27791281557e-07, 1.68602709572e-09, 1.0387264382e-09, 1.58217061674e-09, 1.04648378851e-09, 3.98789001821e-10, 3.59635293767e-10, 2.11069453582e-10, 5.25776977511e-10, 3.70088265589e-10, 3.6398237202e-10, 3.4295771778e-10, 2.71714421796e-11, 1.51765700701e-11, 7.33641827844e-11, 2.10555479302e-11, 3.66728999598e-12, 1.62670831666e-12, 3.20539124757e-12, 2.15795653916e-12, 1.06301625217e-13, 8.00047013231e-14, 1.61743949939e-13, 6.74097008681e-14, 2.05434729287e-14, 1.95600388778e-14],
        "max": [0.0121987881139, 0.0196185540408, 0.0125343175605, 0.00752168800682, 0.0102619212121, 0.0129627715796, 0.0362795107067, 0.0160361751914, 0.00915298983455, 0.00737824849784, 0.0014769313857, 0.00635683583096, 0.00491921696812, 0.010655018501, 0.0161065775901, 0.000930429319851, 0.000872249656823, 0.000560132029932, 0.000839802087285, 0.000400656601414, 0.000430756277638, 0.000286695780233, 0.000395107257646, 0.000384563725675, 0.000495282700285, 0.000329486414557, 9.76799346972e-05, 0.000150341584231, 0.000256311992416, 0.000129568215925, 5.06538235641e-05, 2.79527830571e-05, 5.64779547858e-05, 4.11117907788e-05, 5.90200943407e-06, 6.63078844809e-06, 9.22874824028e-06, 6.11890982327e-06, 4.23732808486e-06, 4.39805944552e-06],
        "mean": [0.000433912064182, 0.00103192648385, 0.000592166965362, 0.000424029596616, 0.000508426455781, 0.000436542235548, 0.000795608153567, 0.00032790779369, 0.000181063616765, 0.000131615292048, 5.60131411476e-05, 5.77843020437e-05, 4.36971859017e-05, 4.96980537719e-05, 5.20172579854e-05, 2.59470962192e-05, 1.55800935318e-05, 1.65152869158e-05, 1.09786351459e-05, 6.01497140451e-06, 6.31283182884e-06, 5.22891878063e-06, 6.77960179019e-06, 5.78782555749e-06, 3.37464166478e-06, 2.98516511066e-06, 1.10432586098e-06, 8.8689785116e-07, 8.40141183289e-07, 8.13312908576e-07, 4.16924592628e-07, 2.91944786568e-07, 1.84749012533e-07, 1.41133114084e-07, 9.14648552452e-08, 5.95807598813e-08, 4.27900097577e-08, 3.10871293152e-08, 2.26821708083e-08, 1.42027305472e-08],
        "median": [5.84542358411e-05, 0.000268859905191, 0.000237808650127, 0.000174937944394, 0.000186139688594, 0.00010034457955, 0.000111843895866, 5.85384150327e-05, 3.49389047187e-05, 2.10135804082e-05, 1.77064266609e-05, 1.86238721653e-05, 9.98196719593e-06, 8.10783967609e-06, 8.17695945443e-06, 5.52385972696e-06, 2.25362009587e-06, 2.68433586825e-06, 1.57239105647e-06, 6.0889743736e-07, 5.63362561934e-07, 5.27983502252e-07, 5.01782778883e-07, 2.47494853056e-07, 1.89820013929e-07, 1.55336721264e-07, 1.1397594335e-07, 9.19103513297e-08, 7.81190010457e-08, 5.63132829257e-08, 4.06947933129e-08, 4.1126682504e-08, 2.72004658797e-08, 2.2728624316e-08, 1.75912830969e-08, 1.29934889515e-08, 8.73722960648e-09, 6.62666010953e-09, 5.02719377238e-09, 3.01316349649e-09],
        "min": [8.53914714201e-25, 9.81985197479e-25, 9.93056958892e-25, 7.70847167843e-25, 1.25867983632e-24, 1.14940820423e-24, 2.02580367929e-24, 2.44784840511e-24, 1.95948000147e-24, 2.19744640163e-24, 3.21033197102e-24, 2.47142686592e-24, 3.57525212325e-24, 3.97589288333e-24, 2.49274879011e-24, 2.84808447955e-24, 2.76461865704e-24, 2.99737877244e-24, 4.17780064873e-24, 3.68699150946e-24, 3.58553137527e-24, 3.8200222515e-24, 4.87789695275e-24, 3.96790408895e-24, 5.66419721547e-24, 5.5901831299e-24, 4.23524510542e-24, 4.51872384943e-24, 4.81852097013e-24, 5.25808018298e-24, 5.63326006292e-24, 4.83051836121e-24, 5.62625813352e-24, 4.9787362534e-24, 5.09234721211e-24, 5.37716346979e-24, 5.80155328186e-24, 5.98177762755e-24, 5.74177458575e-24, 5.5317632467e-24],
        "var": [8.93860431006e-07, 3.78287518288e-06, 9.79942683443e-07, 4.07957230664e-07, 7.6177190067e-07, 8.63404920892e-07, 5.71629743717e-06, 1.12728525892e-06, 2.429389383e-07, 2.03358041517e-07, 1.20668293135e-08, 2.06966941363e-08, 2.06451815643e-08, 8.94872869139e-08, 2.06616277865e-07, 2.57908006063e-09, 1.29159305473e-09, 1.50211099115e-09, 9.93557791595e-10, 2.65695854207e-10, 3.10267589398e-10, 2.07770925464e-10, 4.41339770285e-10, 4.17655215967e-10, 2.38354308513e-10, 1.94164379019e-10, 1.83363688816e-11, 1.03030396714e-11, 3.54905688171e-11, 1.36684370419e-11, 2.06242206473e-12, 1.50305744413e-12, 1.09745405038e-12, 6.79628228695e-13, 6.31649680477e-14, 3.83936250305e-14, 3.74494848381e-14, 1.69944590898e-14, 5.4129246624e-15, 4.4009354368e-15]
    },
    "mfcc": {
        "mean": [-773.168823242, 179.955566406, 5.41133451462, 10.8566427231, -5.05418157578, 0.517886281013, -5.96225881577, -3.44755864143, -8.11293315887, -4.30963993073, -1.07268631458, 0.603906333447, -3.1706533432],
        "cov": [[12198.6591797, 515.434082031, -2232.97485352, 1389.86999512, 72.6759719849, 499.421173096, 192.547042847, 449.176208496, 180.459960938, 195.379043579, 127.545837402, 210.418701172, -16.1214351654], [515.434082031, 2208.69921875, -222.8777771, -262.881378174, 189.130584717, -171.4712677, -85.3321228027, -170.812683105, -137.13432312, -162.46081543, -130.83001709, -140.857910156, -58.8475151062], [-2232.97485352, -222.8777771, 1107.52929688, -328.645599365, -95.02784729, 28.2562866211, 3.14613580704, -61.6338119507, -58.4025840759, -52.3691177368, -45.9331054688, -69.0670700073, -29.8349151611], [1389.86999512, -262.881378174, -328.645599365, 613.324523926, 63.9475402832, 104.144767761, 102.565917969, 156.433853149, 118.253501892, 105.699935913, 59.1328697205, 70.0165863037, 20.2082881927], [72.6759719849, 189.130584717, -95.02784729, 63.9475402832, 236.481872559, 66.9448547363, 53.9066772461, 59.5724601746, 43.4167289734, 16.0665359497, 1.32362616062, 14.2918682098, 37.9056663513], [499.421173096, -171.4712677, 28.2562866211, 104.144767761, 66.9448547363, 215.513092041, 110.337097168, 94.8780212402, 63.7720069885, 39.9138717651, 28.0515842438, 17.7221488953, 3.57648444176], [192.547042847, -85.3321228027, 3.14613580704, 102.565917969, 53.9066772461, 110.337097168, 176.501159668, 99.6851119995, 63.612247467, 45.1185569763, 31.1028499603, 18.9856014252, -14.5991640091], [449.176208496, -170.812683105, -61.6338119507, 156.433853149, 59.5724601746, 94.8780212402, 99.6851119995, 172.341125488, 91.2945556641, 59.742023468, 60.8876152039, 51.0555648804, 20.748506546], [180.459960938, -137.13432312, -58.4025840759, 118.253501892, 43.4167289734, 63.7720069885, 63.612247467, 91.2945556641, 135.982070923, 65.6273345947, 24.1613101959, 31.1393737793, 27.4687824249], [195.379043579, -162.46081543, -52.3691177368, 105.699935913, 16.0665359497, 39.9138717651, 45.1185569763, 59.742023468, 65.6273345947, 140.480331421, 73.8214111328, 44.0015335083, 10.0600185394], [127.545837402, -130.83001709, -45.9331054688, 59.1328697205, 1.32362616062, 28.0515842438, 31.1028499603, 60.8876152039, 24.1613101959, 73.8214111328, 162.643478394, 92.5049972534, 27.0094089508], [210.418701172, -140.857910156, -69.0670700073, 70.0165863037, 14.2918682098, 17.7221488953, 18.9856014252, 51.0555648804, 31.1393737793, 44.0015335083, 92.5049972534, 150.17098999, 83.6798706055], [-16.1214351654, -58.8475151062, -29.8349151611, 20.2082881927, 37.9056663513, 3.57648444176, -14.5991640091, 20.748506546, 27.4687824249, 10.0600185394, 27.0094089508, 83.6798706055, 146.465179443]],
