{
"lowlevel": {
    "average_loudness": 0.812832951546,
    "barkbands_crest": {
        "dmean": 2.39253377914,
        "dmean2": 3.76411414146,
        "dvar": 5.70080852509,
        "dvar2": 13.7807235718,
        "max": 26.9196491241,
        "mean": 10.5111026764,
        "median": 9.66982555389,
        "min": 2.41282939911,
        "var": 19.5797920227
    },
    "barkbands_flatness_db": {
        "dmean": 0.0161792282015,
        "dmean2": 0.0245280619711,
        "dvar": 0.000279649422737,
        "dvar2": 0.000599997234531,
        "max": 0.842920005322,
        "mean": 0.1060038656,
        "median": 0.0980546176434,
        "min": 0.0223053190857,
        "var": 0.00246913474984
    },
    "barkbands_kurtosis": {
        "dmean": 8.05598258972,
        "dmean2": 10.7474422455,
        "dvar": 113529.765625,
        "dvar2": 126414.804688,
        "max": 38362.8945312,
        "mean": 52.6721382141,
        "median": 1.61105537415,
        "min": -1.98302948475,
        "var": 1805233.625
    },
    "barkbands_skewness": {
        "dmean": 0.453496813774,
        "dmean2": 0.676978290081,
        "dvar": 2.35843276978,
        "dvar2": 3.33504724503,
        "max": 167.0078125,
        "mean": 1.47359251976,
        "median": 1.32720708847,
        "min": -7.86861562729,
        "var": 37.4728736877
    },
    "barkbands_spread": {
        "dmean": 8.59958934784,
        "dmean2": 12.9232940674,
        "dvar": 116.332099915,
        "dvar2": 236.296157837,
        "max": 149.995513916,
        "mean": 37.779045105,
        "median": 33.6561088562,
        "min": 0.0105663519353,
        "var": 418.341888428
    },
    "dissonance": {
        "dmean": 0.0177883077413,
        "dmean2": 0.0300558768213,
        "dvar": 0.000361400743714,
        "dvar2": 0.000992995686829,
        "max": 0.499929964542,
        "mean": 0.460300892591,
        "median": 0.466757744551,
        "min": 0.268379122019,
        "var": 0.000802471011411
    },
    "dynamic_complexity": 3.55229043961,
    "erbbands_crest": {
        "dmean": 2.60600352287,
        "dmean2": 4.07064580917,
        "dvar": 7.40604925156,
        "dvar2": 16.7724514008,
        "max": 34.2498207092,
        "mean": 10.4197511673,
        "median": 8.29567813873,
        "min": 1.773001194,
        "var": 40.09973526
    },
    "erbbands_flatness_db": {
        "dmean": 0.0147666977718,
        "dmean2": 0.0219671484083,
        "dvar": 0.000275037658866,
        "dvar2": 0.000585235946346,
        "max": 0.34439483285,
        "mean": 0.11026994884,
        "median": 0.0997987836599,
        "min": 0.0261619184166,
        "var": 0.00191250920761
    },
    "erbbands_kurtosis": {
        "dmean": 1.34971427917,
        "dmean2": 2.06690907478,
        "dvar": 7.44994592667,
        "dvar2": 16.8264141083,
        "max": 73.6578445435,
        "mean": 1.67939984798,
        "median": 0.240201950073,
        "min": -1.67845404148,
        "var": 21.6467952728
    },
    "erbbands_skewness": {
        "dmean": 0.326064050198,
        "dmean2": 0.49805355072,
        "dvar": 0.120112173259,
        "dvar2": 0.279574811459,
        "max": 5.32291269302,
        "mean": 0.439657539129,
        "median": 0.459973931313,
        "min": -4.52158260345,
        "var": 0.743501245975
    },
    "erbbands_spread": {
        "dmean": 9.48156452179,
        "dmean2": 14.2985334396,
        "dvar": 110.61529541,
        "dvar2": 229.998168945,
        "max": 162.265792847,
        "mean": 47.4215583801,
        "median": 45.2561378479,
        "min": 1.49168789387,
        "var": 612.057800293
    },
    "hfc": {
        "dmean": 21.7215118408,
        "dmean2": 33.5042686462,
        "dvar": 2147.85791016,
        "dvar2": 5192.46679688,
        "max": 521.824157715,
        "mean": 45.2583618164,
        "median": 29.0919113159,
        "min": 1.08166822048e-16,
        "var": 2872.42114258
    },
    "melbands_crest": {
        "dmean": 2.81616806984,
        "dmean2": 4.48119163513,
        "dvar": 7.48298931122,
        "dvar2": 18.7401008606,
        "max": 39.999584198,
        "mean": 14.982925415,
        "median": 14.2672023773,
        "min": 1.52595043182,
        "var": 35.9229850769
    },
    "melbands_flatness_db": {
        "dmean": 0.0208207722753,
        "dmean2": 0.0311219599098,
        "dvar": 0.000488832418341,
        "dvar2": 0.00105074991006,
        "max": 0.825737178326,
        "mean": 0.178090587258,
        "median": 0.179827019572,
        "min": 0.00246570189483,
        "var": 0.00404082098976
    },
    "melbands_kurtosis": {
        "dmean": 32.0254478455,
        "dmean2": 50.7393684387,
        "dvar": 1954956,
        "dvar2": 3022957.75,
        "max": 140375.859375,
        "mean": 180.04989624,
        "median": 7.52961063385,
        "min": -1.90465378761,
        "var": 22179100
    },
    "melbands_skewness": {
        "dmean": 0.679047763348,
        "dmean2": 1.01091682911,
        "dvar": 10.1853713989,
        "dvar2": 12.335694313,
        "max": 364.891448975,
        "mean": 2.95855736732,
        "median": 2.3468914032,
        "min": -3.41975545883,
        "var": 158.487365723
    },
    "melbands_spread": {
        "dmean": 7.06102180481,
        "dmean2": 10.9982271194,
        "dvar": 89.085647583,
        "dvar2": 211.622436523,
        "max": 301.647064209,
        "mean": 33.5907363892,
        "median": 24.109418869,
        "min": 0.00705716898665,
        "var": 1115.47253418
    },
    "pitch_salience": {
        "dmean": 0.0608170777559,
        "dmean2": 0.0982824936509,
        "dvar": 0.00376742356457,
        "dvar2": 0.009172167629,
        "max": 0.901549339294,
        "mean": 0.489882588387,
        "median": 0.484784126282,
        "min": 0.000331775372615,
        "var": 0.0138616859913
    },
    "silence_rate_20dB": {
        "dmean": 0,
        "dmean2": 0,
        "dvar": 0,
        "dvar2": 0,
        "max": 1,
        "mean": 1,
        "median": 1,
        "min": 1,
        "var": 0
    },
    "silence_rate_30dB": {
        "dmean": 0.0289811771363,
        "dmean2": 0.0579666830599,
        "dvar": 0.0281449519098,
        "dvar2": 0.0608792752028,
        "max": 1,
        "mean": 0.95839869976,
        "median": 1,
        "min": 0,
        "var": 0.0398699380457
    },
    "silence_rate_60dB": {
        "dmean": 0.00224081263877,
        "dmean2": 0.00448196008801,
        "dvar": 0.002236450091,
        "dvar2": 0.00505865318701,
        "max": 1,
        "mean": 0.0862648412585,
        "median": 0,
        "min": 0,
        "var": 0.0788269415498
    },
    "spectral_centroid": {
        "dmean": 214.957244873,
        "dmean2": 337.891723633,
        "dvar": 68591.421875,
        "dvar2": 150114.21875,
        "max": 11825.1308594,
        "mean": 1711.99377441,
        "median": 1386.66174316,
        "min": 217.524520874,
        "var": 2310356.5
    },
    "spectral_complexity": {
        "dmean": 2.7597849369,
        "dmean2": 4.46223926544,
        "dvar": 12.487868309,
        "dvar2": 28.9934329987,
        "max": 54,
        "mean": 16.6946754456,
        "median": 17,
        "min": 0,
        "var": 51.62940979
    },
    "spectral_decrease": {
        "dmean": 2.64547850293e-09,
        "dmean2": 3.7999554614e-09,
        "dvar": 1.82908261543e-17,
        "dvar2": 3.6449465538e-17,
        "max": 1.01368378969e-10,
        "mean": -8.55247073162e-09,
        "median": -6.73837075027e-09,
        "min": -7.17454042842e-08,
        "var": 6.40658465088e-17
    },
    "spectral_energy": {
        "dmean": 0.0112331314012,
        "dmean2": 0.0162855423987,
        "dvar": 0.000311101583065,
        "dvar2": 0.000628207519185,
        "max": 0.276883065701,
        "mean": 0.0363841205835,
        "median": 0.0289282780141,
        "min": 9.79651729094e-21,
        "var": 0.00107826152816
    },
    "spectral_energyband_high": {
        "dmean": 0.00167493044864,
        "dmean2": 0.00262361043133,
        "dvar": 1.84691416507e-05,
        "dvar2": 4.51422129117e-05,
        "max": 0.055885322392,
        "mean": 0.00288204150274,
        "median": 0.00155212567188,
        "min": 6.78124362537e-21,
        "var": 2.08734654734e-05
    },
    "spectral_energyband_low": {
        "dmean": 0.00706810969859,
        "dmean2": 0.0103518199176,
        "dvar": 0.000204691561521,
        "dvar2": 0.000404165883083,
        "max": 0.246329948306,
        "mean": 0.0166732147336,
        "median": 0.00995852984488,
        "min": 8.07166106982e-24,
        "var": 0.000551466131583
    },
    "spectral_energyband_middle_high": {
        "dmean": 0.00347472564317,
        "dmean2": 0.00532724102959,
        "dvar": 8.07184260339e-05,
        "dvar2": 0.000189471116755,
        "max": 0.244894251227,
        "mean": 0.00829217024148,
        "median": 0.00387054588646,
        "min": 1.1418165098e-21,
        "var": 0.000185223660083
    },
    "spectral_energyband_middle_low": {
        "dmean": 0.00350852310658,
        "dmean2": 0.00544904312119,
        "dvar": 4.62238676846e-05,
        "dvar2": 0.000117539959319,
        "max": 0.10513844341,
        "mean": 0.00931160245091,
        "median": 0.00681928312406,
        "min": 1.14695238557e-22,
        "var": 8.40899956529e-05
    },
    "spectral_entropy": {
        "dmean": 0.138967081904,
        "dmean2": 0.206500291824,
        "dvar": 0.0258015953004,
        "dvar2": 0.053222451359,
        "max": 9.82322692871,
        "mean": 7.88720560074,
        "median": 7.8919839859,
        "min": 6.1482167244,
        "var": 0.222312584519
    },
    "spectral_flux": {
        "dmean": 0.0247994102538,
        "dmean2": 0.0373007245362,
        "dvar": 0.00118458108045,
        "dvar2": 0.00235240766779,
        "max": 0.462306976318,
        "mean": 0.07959844172,
        "median": 0.0672005712986,
        "min": 6.33659374971e-11,
        "var": 0.00319165131077
    },
    "spectral_kurtosis": {
        "dmean": 0.598661601543,
        "dmean2": 0.905893862247,
        "dvar": 0.608693540096,
        "dvar2": 1.17340397835,
        "max": 17.8671779633,
        "mean": 2.84778761864,
        "median": 2.42035865784,
        "min": -1.25844705105,
        "var": 4.49562644958
    },
    "spectral_rms": {
        "dmean": 0.000802999304142,
        "dmean2": 0.0011610055808,
        "dvar": 1.01905425254e-06,
        "dvar2": 2.0376401153e-06,
        "max": 0.0164356268942,
        "mean": 0.00537213729694,
        "median": 0.00531250517815,
        "min": 3.0915331059e-12,
        "var": 6.63682112645e-06
    },
    "spectral_rolloff": {
        "dmean": 1162.35107422,
        "dmean2": 1944.84997559,
        "dvar": 5283296,
        "dvar2": 11638708,
        "max": 19789.0136719,
        "mean": 3218.62670898,
        "median": 1313.52539062,
        "min": 21.533203125,
        "var": 18302310
    },
    "spectral_skewness": {
        "dmean": 0.123527020216,
        "dmean2": 0.185999006033,
        "dvar": 0.020463347435,
        "dvar2": 0.0385342650115,
        "max": 3.53226184845,
        "mean": 1.50071585178,
        "median": 1.4814003706,
        "min": -0.102445341647,
        "var": 0.232187792659
    },
    "spectral_spread": {
        "dmean": 679300.75,
        "dmean2": 1019578.75,
        "dvar": 842686922752,
        "dvar2": 1.50660697293e+12,
        "max": 42744528,
        "mean": 8558226,
        "median": 7852479.5,
        "min": 3155652,
        "var": 2.27487808225e+13
    },
    "spectral_strongpeak": {
        "dmean": 0.791032195091,
        "dmean2": 1.34220016003,
        "dvar": 3.84926080704,
        "dvar2": 9.65811347961,
        "max": 43.4900588989,
        "mean": 1.38477814198,
        "median": 0.467517673969,
        "min": 0,
        "var": 6.85008001328
    },
    "zerocrossingrate": {
        "dmean": 0.0182594507933,
        "dmean2": 0.0221159271896,
        "dvar": 0.000411011016695,
        "dvar2": 0.000550474564079,
        "max": 0.57861328125,
        "mean": 0.128506585956,
        "median": 0.10107421875,
        "min": 0,
        "var": 0.00925983674824
    },
    "barkbands": {
        "dmean": [0.000182281830348, 0.00597244501114, 0.00211322819814, 0.00106175092515, 0.00134298286866, 0.000952518254053, 0.000633727351669, 0.00041423967923, 0.000434135232354, 0.00064291653689, 0.000601792708039, 0.000898125872482, 0.000808500917628, 0.00045345039689, 0.000718299823347, 0.000264580594376, 0.000178832633537, 0.000179483016836, 0.000109550863272, 9.09073642106e-05, 0.000104743994598, 0.000230845893384, 0.000281709042611, 0.000151450149133, 0.00027871580096, 0.000779583642725, 3.98193005822e-05],
        "dmean2": [0.000250522745773, 0.00902637001127, 0.00358433276415, 0.00185703625903, 0.00216559902765, 0.00146513036452, 0.000914286763873, 0.000619746395387, 0.000600477447733, 0.000966189545579, 0.000868219707627, 0.00137445074506, 0.00123191880994, 0.000691196881235, 0.00112675689161, 0.000447260157671, 0.000294760800898, 0.00030106343911, 0.000187207129784, 0.000156233436428, 0.000169355422258, 0.000373966642655, 0.000453763874248, 0.000234069913859, 0.000441475887783, 0.00123577855993, 6.50671790936e-05],
        "dvar": [2.78857982039e-07, 0.000208552417462, 3.26398221659e-05, 1.35458221848e-05, 8.24315338832e-06, 2.57621741184e-06, 2.74479771178e-06, 2.51616256719e-06, 3.46853448718e-06, 1.01372861536e-05, 7.00528471498e-06, 1.80274546437e-05, 1.15504526548e-05, 7.75980151957e-06, 2.45744795393e-05, 5.2312839216e-06, 1.42372741152e-07, 1.59935083843e-07, 5.807218173e-08, 4.77114987518e-08, 4.30338076285e-08, 4.50936852303e-07, 1.03452100575e-06, 3.29512573671e-07, 4.29982122796e-07, 3.40363703799e-06, 1.49781911318e-08],
        "dvar2": [6.57670398141e-07, 0.000449399725767, 9.19979502214e-05, 3.85633684346e-05, 1.9192646505e-05, 5.7241545619e-06, 6.25970369583e-06, 5.95094843447e-06, 7.70073711465e-06, 2.51192868745e-05, 1.53875917022e-05, 4.49712570116e-05, 2.61057921307e-05, 1.73607004399e-05, 5.28558302904e-05, 1.4682188521e-05, 3.50655795955e-07, 4.32315431453e-07, 1.58430850661e-07, 1.2814797401e-07, 1.05604819112e-07, 1.13666078505e-06, 2.74485728369e-06, 8.02167392067e-07, 1.05374112991e-06, 8.23526261229e-06, 3.74302615569e-08],
        "max": [0.00880254339427, 0.23439373076, 0.119458347559, 0.0497601181269, 0.0532290376723, 0.0417977795005, 0.050244063139, 0.0702112168074, 0.0821616947651, 0.136251121759, 0.0905095487833, 0.198093682528, 0.154416173697, 0.103299453855, 0.229966878891, 0.141226887703, 0.0114194266498, 0.00846042018384, 0.00491954525933, 0.00484307482839, 0.00359470932744, 0.0125053199008, 0.0174190383404, 0.0106075434014, 0.00853834860027, 0.0210059769452, 0.00333068938926],
        "mean": [0.000348218396539, 0.0116448281333, 0.00404842989519, 0.00119564204942, 0.00230391998775, 0.00203152862377, 0.00155623350292, 0.000900817220099, 0.00100866495632, 0.00137235887814, 0.00109967053868, 0.00150486605708, 0.00135050038807, 0.000761594099458, 0.00123570277356, 0.000356042728527, 0.000276949693216, 0.000270737742539, 0.000165452147485, 0.00014842247765, 0.00020644403412, 0.000405479921028, 0.000413137720898, 0.000245479081059, 0.000448626058642, 0.0010291376384, 5.52071396669e-05],
        "median": [5.81276908633e-05, 0.00536027783528, 0.00177662167698, 0.000347316788975, 0.00123666820582, 0.00119818758685, 0.000753438274842, 0.000244242721237, 0.000358085759217, 0.000352991686668, 0.000198865353013, 0.000286910595605, 0.00026288931258, 0.000160886032972, 0.000136296454002, 8.73283133842e-05, 0.000131562977913, 0.000109757413156, 9.14148331503e-05, 8.28023839858e-05, 0.000118108560855, 0.000201344751986, 0.000151687549078, 0.000102306403278, 0.000222000147915, 0.000409038591897, 1.48711915244e-05],
        "min": [1.75511518087e-25, 2.1795238763e-24, 2.65067765865e-25, 4.97901886282e-25, 6.69809409507e-24, 5.6886838524e-24, 6.94202408646e-24, 3.17191207836e-24, 1.62978063484e-23, 1.23869487359e-23, 1.1771182057e-23, 1.36028965686e-23, 2.70441397605e-23, 2.07940232074e-23, 4.24544302589e-23, 4.69119708454e-23, 6.93739678616e-23, 7.24220632905e-23, 1.14246559718e-22, 1.7368284917e-22, 1.9842766134e-22, 2.24158852565e-22, 3.34105691208e-22, 5.08600612727e-22, 7.88589688531e-22, 1.23962233735e-21, 1.91717544847e-21],
        "var": [6.02652164616e-07, 0.000416748807766, 4.22217417508e-05, 1.00590996226e-05, 1.24883426906e-05, 7.60403099775e-06, 7.36622041586e-06, 6.42618351776e-06, 7.98759083409e-06, 1.91792751139e-05, 1.48445415107e-05, 2.75991660601e-05, 2.65822800429e-05, 1.34600622914e-05, 5.54027392354e-05, 5.66533481106e-06, 2.40443682742e-07, 2.52729677186e-07, 6.3828331065e-08, 6.02284089268e-08, 7.36352845365e-08, 5.5169158486e-07, 9.77931676971e-07, 3.58649486998e-07, 4.96170628139e-07, 3.50957770934e-06, 2.11138200257e-08]
    },
    "erbbands": {
        "dmean": [0.177788823843, 1.39824914932, 2.5739569664, 2.74775528908, 4.30937004089, 4.64510679245, 5.56352949142, 8.04609584808, 9.96172428131, 7.73243570328, 9.46006393433, 9.79130649567, 13.1784200668, 23.1340255737, 25.7282066345, 36.6094741821, 38.6900863647, 21.3487033844, 24.6693077087, 38.401309967, 11.6347150803, 9.56648540497, 9.75126743317, 7.26790142059, 4.64023542404, 4.16742038727, 3.72033452988, 5.11828517914, 7.817445755, 10.1026163101, 6.71331882477, 3.8868689537, 2.44517326355, 1.96147441864, 2.84199857712, 3.61042094231, 1.61504125595, 0.155383139849, 0.00677518267184, 0.000193408341147],
        "dmean2": [0.250630170107, 2.19402837753, 4.26892805099, 4.73224496841, 7.03269386292, 7.55216217041, 8.51740550995, 12.5980024338, 14.7993240356, 11.7000141144, 13.3727340698, 13.3510007858, 19.9789180756, 34.1789894104, 37.3952026367, 55.0367012024, 58.3562393188, 31.6305961609, 37.2332992554, 61.0902175903, 19.5086479187, 16.0079288483, 16.3790683746, 12.1614112854, 7.9282336235, 7.13582754135, 6.13154745102, 8.32221412659, 12.7567443848, 16.6052284241, 10.556473732, 6.15426874161, 3.75495052338, 3.03070092201, 4.55451822281, 5.72208499908, 2.61807203293, 0.245558127761, 0.010964279063, 0.000310464325594],
        "dvar": [0.230288252234, 11.4455566406, 39.7423591614, 79.5091629028, 138.277526855, 109.744316101, 101.044418335, 195.167999268, 567.551818848, 583.58026123, 1551.44702148, 1451.86169434, 4550.42431641, 8326.140625, 12873.5898438, 21449.484375, 24785.9433594, 9518.18066406, 23820.9472656, 90761.796875, 5599.57470703, 465.845428467, 498.421356201, 231.52003479, 103.497283936, 107.515090942, 68.6571350098, 121.295265198, 474.142089844, 1192.79309082, 524.322753906, 240.091720581, 70.8567352295, 24.6872329712, 43.9955024719, 76.4746246338, 16.3592147827, 0.124554656446, 0.000364804873243, 2.41600616846e-07],
        "dvar2": [0.451484560966, 26.3229789734, 106.970565796, 225.133789062, 357.552246094, 277.255065918, 234.684768677, 440.975708008, 1325.87390137, 1393.11254883, 3435.60595703, 2916.31079102, 11427.1210938, 19039.2402344, 30385.3300781, 49981.4179688, 54849.03125, 17517.7011719, 48447.8789062, 200792.765625, 15683.3623047, 1244.67443848, 1344.08813477, 601.458740234, 283.035552979, 281.200592041, 172.888305664, 310.12310791, 1214.3795166, 3153.49438477, 1330.73815918, 612.242736816, 166.990509033, 58.6848182678, 109.36416626, 182.756225586, 41.2190742493, 0.303627312183, 0.000928510329686, 6.16223587713e-07],
        "max": [7.7328619957, 52.7680702209, 123.519439697, 158.45513916, 157.598876953, 232.400009155, 206.865127563, 369.058654785, 712.864074707, 883.601623535, 1546.20678711, 1274.93066406, 3078.13549805, 2770.16064453, 4543.47998047, 4529.38378906, 7484.17138672, 5168.33349609, 6198.77294922, 15811.0410156, 4652.91894531, 533.084289551, 599.291503906, 432.565185547, 213.706848145, 291.702667236, 168.453308105, 157.990386963, 407.885955811, 618.923278809, 419.051971436, 279.234832764, 187.053253174, 73.5960617065, 81.8247375488, 115.452445984, 43.6152610779, 6.52263021469, 0.691875219345, 0.00956501811743],
        "mean": [0.349857628345, 2.52609610558, 5.2525510788, 3.98563194275, 5.73848342896, 7.78808403015, 11.6188373566, 16.8042964935, 24.4307727814, 18.1039295197, 22.874414444, 24.4292430878, 28.1167125702, 48.09167099, 48.8388710022, 67.7782363892, 67.4666824341, 40.2743186951, 43.7506752014, 62.7945518494, 18.2387237549, 14.7126207352, 15.0220680237, 11.7943706512, 7.44515037537, 7.01041793823, 6.93658351898, 9.77976322174, 13.9039964676, 15.3684825897, 10.3473463058, 5.97175979614, 4.12328147888, 3.45942854881, 4.20541667938, 4.57308101654, 1.97419703007, 0.232641428709, 0.0100400419906, 0.000298795697745],
        "median": [0.118012011051, 1.25188374519, 2.63944268227, 1.94780910015, 2.3506398201, 4.20844554901, 6.79518699646, 9.75459098816, 13.0148830414, 7.18316411972, 6.35882616043, 8.38789081573, 10.4462213516, 11.551902771, 13.4743719101, 15.8898601532, 14.8888816833, 11.2549724579, 8.70530891418, 6.74866485596, 6.72222566605, 7.19543743134, 6.96648979187, 6.18317317963, 4.32631635666, 4.10505533218, 4.20307731628, 5.34149503708, 6.61839294434, 6.45337915421, 3.80165743828, 2.19682812691, 1.81870150566, 1.70469558239, 1.96280252934, 1.71456098557, 0.73575001955, 0.085735373199, 0.00330079859123, 0.000137036418892],
        "min": [4.9624156679e-23, 2.63074989228e-22, 6.56423806252e-22, 4.48568817857e-21, 9.7216324039e-21, 1.62255128379e-20, 2.44290652538e-20, 6.39702647034e-20, 9.0905915011e-20, 1.7475092584e-19, 2.07299991806e-19, 3.54255064125e-19, 4.1552720138e-19, 4.2902451423e-19, 9.46401016867e-19, 8.19186222125e-19, 1.60289901048e-18, 1.29124475602e-18, 1.99847890648e-18, 3.05207043322e-18, 3.52987415006e-18, 4.04676070328e-18, 4.4452454508e-18, 4.78192367654e-18, 6.65227995756e-18, 7.22963299997e-18, 8.36663080223e-18, 7.51030365361e-18, 8.63228233749e-18, 9.47920775127e-18, 9.91419804717e-18, 9.04280628524e-18, 8.80828982823e-18, 7.9908318966e-18, 5.75798191011e-18, 3.93440641504e-18, 2.22202446702e-18, 8.55664628645e-19, 2.46704342947e-19, 2.72698377374e-20],
        "var": [0.566852152348, 17.937789917, 57.7026023865, 60.9912490845, 151.140335083, 141.973556519, 223.985565186, 562.318481445, 1703.21643066, 1290.20593262, 4231.18261719, 4589.16845703, 7266.96484375, 20109.5351562, 22875.8476562, 46542.5078125, 59300.0703125, 27511.1308594, 51816.5195312, 187008.234375, 6535.93164062, 661.486694336, 748.555541992, 333.123687744, 112.568946838, 152.023773193, 96.1058349609, 190.839294434, 600.209777832, 1174.63146973, 563.68359375, 240.416793823, 83.856590271, 32.4883651733, 47.0903549194, 77.9843978882, 15.1630373001, 0.175452768803, 0.00050635979278, 2.67616513838e-07]
    },
    "gfcc": {
        "mean": [16.9053039551, 40.5108070374, -73.6576080322, 15.2355222702, -48.351688385, 23.7041130066, -33.3409080505, 12.1646432877, -27.5194911957, 15.3173189163, -20.5173721313, 18.5757160187, -18.3917713165],
        "cov": [[36208.7304688, 2529.67919922, -1936.21337891, 78.2884140015, -1183.98205566, 540.15625, -1137.08410645, 248.098358154, -621.431640625, 520.903930664, -415.517456055, 476.633178711, -645.456970215], [2529.67919922, 1472.4465332, -217.281448364, -152.674621582, 40.2517662048, -9.16731548309, -133.358947754, 8.96353340149, 14.7291612625, 102.736106873, 33.6168212891, 16.0271434784, -64.4585571289], [-1936.21337891, -217.281448364, 553.347106934, 45.6815948486, 70.4393615723, 0.634782195091, 74.1389694214, 4.42438268661, 55.0377998352, -46.8304595947, 13.5990447998, -30.9612846375, 10.1987848282], [78.2884140015, -152.674621582, 45.6815948486, 304.241363525, 20.3390884399, 52.3498649597, 35.8092727661, 10.036649704, 6.64976263046, -10.1558952332, -3.97328257561, 3.97583460808, -5.0417432785], [-1183.98205566, 40.2517662048, 70.4393615723, 20.3390884399, 256.017303467, 28.6673183441, 55.6435089111, -16.3338451385, 27.2016639709, 16.671049118, 29.2338867188, -18.6679821014, 38.3652458191], [540.15625, -9.16731548309, 0.634782195091, 52.3498649597, 28.6673183441, 162.737350464, 49.0420150757, 1.82132744789, -20.2750358582, -2.01182103157, 5.20865678787, 27.8920440674, -11.5875797272], [-1137.08410645, -133.358947754, 74.1389694214, 35.8092727661, 55.6435089111, 49.0420150757, 193.599472046, 47.2504386902, 2.28532099724, -40.6580200195, 13.4465341568, 1.43432927132, 29.8346557617], [248.098358154, 8.96353340149, 4.42438268661, 10.036649704, -16.3338451385, 1.82132744789, 47.2504386902, 119.083900452, 39.9264907837, 7.21248435974, -17.8050136566, -0.875103294849, 0.51700681448], [-621.431640625, 14.7291612625, 55.0377998352, 6.64976263046, 27.2016639709, -20.2750358582, 2.28532099724, 39.9264907837, 154.371170044, 62.2167053223, -6.52544260025, -49.4494361877, 1.67618525028], [520.903930664, 102.736106873, -46.8304595947, -10.1558952332, 16.671049118, -2.01182103157, -40.6580200195, 7.21248435974, 62.2167053223, 126.98941803, 27.7333984375, -20.2616729736, -24.4729747772], [-415.517456055, 33.6168212891, 13.5990447998, -3.97328257561, 29.2338867188, 5.20865678787, 13.4465341568, -17.8050136566, -6.52544260025, 27.7333984375, 106.124282837, 33.1552047729, -12.123503685], [476.633178711, 16.0271434784, -30.9612846375, 3.97583460808, -18.6679821014, 27.8920440674, 1.43432927132, -0.875103294849, -49.4494361877, -20.2616729736, 33.1552047729, 111.196540833, 23.9568805695], [-645.456970215, -64.4585571289, 10.1987848282, -5.0417432785, 38.3652458191, -11.5875797272, 29.8346557617, 0.51700681448, 1.67618525028, -24.4729747772, -12.123503685, 23.9568805695, 113.432365417]],
        "icov": [[0.000106595638499, -0.000104685022961, 0.000105494145828, -0.000100828750874, 0.000244352617301, -0.000362925115041, 0.000429532170529, -0.000401127239456, 0.000551060715225, -0.000607544207014, 0.000616271281615, -0.000402508681873, 0.000313889962854], [-0.000104685022961, 0.000965471961536, 0.000150828738697, 0.000488228281029, -0.000667686981615, 0.00026398251066, 0.000132513101562, 1.40732054206e-05, -0.000576253747568, 0.000369912624592, -0.000719534349628, 0.000145482335938, 0.000159661940415], [0.000105494145828, 0.000150828738697, 0.00241414248012, -0.000193584128283, -0.000269982672762, -0.000307223526761, 0.000150076186401, -0.000205696152989, -0.000801413727459, 0.000951942405663, -0.000112392750452, -6.71115631121e-05, 0.000701114127878], [-0.000100828750874, 0.000488228281029, -0.000193584128283, 0.00383687089197, -0.000553952122573, -0.000725440506358, -0.000439244206063, 0.000162452153745, -0.000870439806022, 0.000723158125766, -0.000344731612131, 6.27389017609e-05, 0.000238470704062], [0.000244352617301, -0.000667686981615, -0.000269982672762, -0.000553952122573, 0.0059497077018, -0.00179121561814, -0.000374171417207, 0.000393955007894, 0.000983678270131, -0.00221832050011, -9.85812366707e-05, 0.000895872071851, -0.00178090145346], [-0.000362925115041, 0.00026398251066, -0.000307223526761, -0.000725440506358, -0.00179121561814, 0.00942234694958, -0.00421882467344, 0.00243234355003, -0.00117049110122, 0.000528154836502, -1.46065449371e-05, -0.00182447978295, 0.00126216805074], [0.000429532170529, 0.000132513101562, 0.000150076186401, -0.000439244206063, -0.000374171417207, -0.00421882467344, 0.0108014084399, -0.00613968167454, 0.00244230846874, 0.000900978979189, -0.000857146282215, 0.000662580132484, -0.000704216479789], [-0.000401127239456, 1.40732054206e-05, -0.000205696152989, 0.000162452153745, 0.000393955007894, 0.00243234355003, -0.00613968167454, 0.0136305950582, -0.0055685332045, 0.00112316489685, 0.00109018036164, -0.00133040547371, 0.000141254873597], [0.000551060715225, -0.000576253747568, -0.000801413727459, -0.000870439806022, 0.000983678270131, -0.00117049110122, 0.00244230846874, -0.0055685332045, 0.0144215431064, -0.00884491577744, 0.00357661116868, 0.00171863450669, -0.00032979043317], [-0.000607544207014, 0.000369912624592, 0.000951942405663, 0.000723158125766, -0.00221832050011, 0.000528154836502, 0.000900978979189, 0.00112316489685, -0.00884491577744, 0.0177579410374, -0.00850956793875, 0.00424762116745, -0.000582788547035], [0.000616271281615, -0.000719534349628, -0.000112392750452, -0.000344731612131, -9.85812366707e-05, -1.46065449371e-05, -0.000857146282215, 0.00109018036164, 0.00357661116868, -0.00850956793875, 0.0182843375951, -0.00911127030849, 0.0053346757777], [-0.000402508681873, 0.000145482335938, -6.71115631121e-05, 6.27389017609e-05, 0.000895872071851, -0.00182447978295, 0.000662580132484, -0.00133040547371, 0.00171863450669, 0.00424762116745, -0.00911127030849, 0.0169237963855, -0.00651353830472], [0.000313889962854, 0.000159661940415, 0.000701114127878, 0.000238470704062, -0.00178090145346, 0.00126216805074, -0.000704216479789, 0.000141254873597, -0.00032979043317, -0.000582788547035, 0.0053346757777, -0.00651353830472, 0.0133810341358]]
    },
    "melbands": {
        "dmean": [0.00162852951325, 0.00142175541259, 0.000497128465213, 0.000339244637871, 0.000180412826012, 0.000182483170647, 0.000146258884342, 8.52835873957e-05, 8.26092655188e-05, 5.78784747631e-05, 7.00644377503e-05, 9.77967938525e-05, 8.07805263321e-05, 0.000104359125544, 0.000101939025626, 6.83247344568e-05, 4.08006162615e-05, 3.95205788664e-05, 5.32850026502e-05, 3.90907262044e-05, 9.92350760498e-06, 1.01223558886e-05, 1.04750997707e-05, 8.86482121132e-06, 5.99319082539e-06, 3.95126380681e-06, 3.20495360029e-06, 2.95692689178e-06, 2.51273718277e-06, 2.52103450293e-06, 3.31771093443e-06, 4.66820074507e-06, 4.70603163194e-06, 6.55488202028e-06, 4.06226081395e-06, 3.74131036551e-06, 2.00553404284e-06, 1.69345821632e-06, 1.78369327841e-06, 1.64254197443e-06],
        "dmean2": [0.00239871186204, 0.00228152843192, 0.000849218165968, 0.000550279044546, 0.000279109750409, 0.000284385780105, 0.000215268853935, 0.000130187399918, 0.000115070884931, 7.9325385741e-05, 0.000106851017335, 0.000144807592733, 0.000115968614409, 0.000158432740136, 0.000151206142618, 0.000108105967229, 5.9877824242e-05, 6.04968518019e-05, 8.4561870608e-05, 6.36623517494e-05, 1.66992522281e-05, 1.69155500771e-05, 1.76651283255e-05, 1.48498365888e-05, 1.0060754903e-05, 6.72114674671e-06, 5.53568543182e-06, 5.05849493493e-06, 4.20805008616e-06, 4.09365839005e-06, 5.48010166312e-06, 7.86924556451e-06, 7.36578795113e-06, 1.09637085188e-05, 6.31179818811e-06, 6.21121807853e-06, 3.09378242491e-06, 2.5931667551e-06, 2.81053485196e-06, 2.52082190855e-06],
        "dvar": [1.72674990608e-05, 9.75426246441e-06, 2.54206156569e-06, 5.95417816385e-07, 1.01534325836e-07, 9.77612870656e-08, 1.21205019354e-07, 8.10826179531e-08, 1.31870322662e-07, 5.16261948746e-08, 1.38961254947e-07, 1.59542793199e-07, 1.17305120284e-07, 2.89370149176e-07, 1.53771424038e-07, 1.01157155541e-07, 4.6490175265e-08, 8.24800565624e-08, 1.43644328432e-07, 9.33750001764e-08, 2.51229881343e-09, 5.81889980644e-10, 5.42312417195e-10, 4.31211122365e-10, 1.70291877821e-10, 7.83309597741e-11, 7.73101166418e-11, 4.89274940008e-11, 2.75379059833e-11, 3.26931190453e-11, 5.41902252238e-11, 1.68807676171e-10, 1.55551807546e-10, 5.68853353311e-10, 1.39471115213e-10, 2.80094725191e-10, 4.5021247147e-11, 2.9569277582e-11, 3.47637613141e-11, 1.34564026588e-11],
        "dvar2": [3.62449536624e-05, 2.29761226365e-05, 7.13757162885e-06, 1.44379282574e-06, 2.40754644665e-07, 2.1701004016e-07, 2.79611441556e-07, 1.98296959297e-07, 2.92953728831e-07, 1.07122964721e-07, 3.52717677288e-07, 3.68188949551e-07, 2.55400493643e-07, 7.32485716526e-07, 3.3355377127e-07, 2.63015607516e-07, 8.28116668572e-08, 1.80679776918e-07, 3.26546938823e-07, 2.29217235415e-07, 6.99355284794e-09, 1.60113877712e-09, 1.35685462865e-09, 1.19355614281e-09, 4.40336378471e-10, 2.11641426606e-10, 2.12088263618e-10, 1.29437946472e-10, 7.22907150807e-11, 7.81844936015e-11, 1.41975958767e-10, 4.57091198225e-10, 3.44440448385e-10, 1.55138069058e-09, 3.33807176345e-10, 7.63945295912e-10, 1.07696712659e-10, 6.6960832712e-11, 8.68647237473e-11, 3.10223895184e-11],
        "max": [0.0663643851876, 0.049112342298, 0.0247527379543, 0.0145494034514, 0.00735477497801, 0.0095007866621, 0.010410300456, 0.0114570735022, 0.0174696277827, 0.00854309648275, 0.0172890275717, 0.0124422293156, 0.0123877739534, 0.0269650705159, 0.0149160549045, 0.0116910422221, 0.0118356030434, 0.0125917326659, 0.0176279563457, 0.0127494847402, 0.00309479539283, 0.000645698106382, 0.000717672286555, 0.000388838234358, 0.000382195605198, 0.000213746199734, 0.000195644330233, 0.000170119092218, 7.96313179308e-05, 0.000129059364554, 0.000124330224935, 0.00022668375459, 0.000211297068745, 0.000422459444962, 0.000205582822673, 0.00034161345684, 0.000124564525322, 0.000115348302643, 0.000114413589472, 5.05346251884e-05],
        "mean": [0.00317022204399, 0.0030014377553, 0.000749316823203, 0.000524280010723, 0.000384572282201, 0.000391246430809, 0.000361481419532, 0.000189921775018, 0.000199445828912, 0.000139779105666, 0.000142683464219, 0.00019899084873, 0.000152436303324, 0.000179358044988, 0.000176457862835, 0.000109192798845, 7.35067005735e-05, 6.39352510916e-05, 8.71903102961e-05, 5.74364021304e-05, 1.50799833136e-05, 1.48104563777e-05, 1.46360052895e-05, 1.33681760417e-05, 9.17703528103e-06, 5.83934206588e-06, 4.71717612527e-06, 4.65404855277e-06, 4.35148012912e-06, 4.38330243924e-06, 5.864256309e-06, 7.61500677982e-06, 8.28418524179e-06, 8.8612023319e-06, 6.09383823758e-06, 5.05114030602e-06, 3.12459019369e-06, 2.77658546111e-06, 2.84887983071e-06, 2.82293785858e-06],
        "median": [0.00130080466624, 0.00168666965328, 0.000374087569071, 0.000247694144491, 0.000236956155277, 0.000229857163504, 0.000191759812878, 6.83690595906e-05, 5.34978498763e-05, 4.90230959258e-05, 4.76658533444e-05, 4.3459895096e-05, 3.43894898833e-05, 3.56601231033e-05, 3.78750082746e-05, 2.11631595448e-05, 1.68242349901e-05, 1.19827354865e-05, 9.05719389266e-06, 7.31649106456e-06, 6.16304077994e-06, 6.41734914097e-06, 6.51445498079e-06, 5.23883772985e-06, 4.3451223064e-06, 3.03976480609e-06, 2.09537097362e-06, 2.4493510864e-06, 2.33048240261e-06, 2.2144211016e-06, 3.1031229355e-06, 3.34056858264e-06, 3.68776545656e-06, 3.3344615531e-06, 2.19625394493e-06, 1.52922223151e-06, 1.16397905003e-06, 1.1960385109e-06, 1.28430917812e-06, 1.3188646335e-06],
        "min": [5.40285607782e-25, 2.99013707864e-25, 1.32979821072e-24, 7.21833859295e-25, 1.35630255663e-24, 1.40859377945e-24, 1.5382491829e-24, 2.0471504526e-24, 1.9800848511e-24, 2.32906488544e-24, 1.87983897106e-24, 1.39732470421e-24, 2.10827632592e-24, 1.33441600524e-24, 2.18148715388e-24, 2.64875076728e-24, 1.84837091512e-24, 2.85614466585e-24, 3.05047187238e-24, 3.37105429464e-24, 3.34889203637e-24, 2.84908613568e-24, 3.73646216012e-24, 3.35479587138e-24, 3.46732332964e-24, 3.25969040622e-24, 4.63257856616e-24, 3.49545765939e-24, 3.24055796547e-24, 4.48894001153e-24, 2.90550724256e-24, 4.34661412144e-24, 5.24716905337e-24, 4.82026553602e-24, 4.89935160279e-24, 4.89709388287e-24, 4.50278215383e-24, 4.84392308014e-24, 5.77872640827e-24, 5.62919309052e-24],
        "var": [3.68900546164e-05, 1.62924206961e-05, 2.05671494768e-06, 8.12333667e-07, 2.22833406838e-07, 3.10111261115e-07, 3.69185471527e-07, 1.63235611694e-07, 3.15184280453e-07, 1.46871499851e-07, 2.03689296541e-07, 3.82230979312e-07, 2.64252491888e-07, 4.1779119897e-07, 3.23838150962e-07, 1.76517332307e-07, 1.30281932798e-07, 1.39245358355e-07, 2.93997658218e-07, 1.5316641111e-07, 2.84498447023e-09, 8.04453892389e-10, 7.89407594848e-10, 7.06453062715e-10, 2.34473412908e-10, 8.96154886409e-11, 8.27275678517e-11, 6.70288616278e-11, 4.04692737654e-11, 4.79777502449e-11, 7.34369162703e-11, 1.94169236245e-10, 2.43358305729e-10, 4.84663920108e-10, 1.68292171865e-10, 2.297275703e-10, 5.39293505686e-11, 3.76211978237e-11, 3.73802933051e-11, 1.99692554159e-11]
    },
    "mfcc": {
        "mean": [-635.097167969, 95.5788726807, 22.6751327515, 10.1683263779, 5.21799182892, 14.0199289322, 2.09865641594, 7.78592443466, -0.525913834572, -4.00385475159, 6.26220178604, 1.28652560711, 3.78745126724],
        "cov": [[12269.3134766, 2263.54248047, 349.302581787, 143.611495972, 146.159011841, 267.539672852, -83.2357711792, 85.5160140991, -224.71484375, -36.2406578064, 143.643951416, 32.0415344238, 109.78717804], [2263.54248047, 1460.95849609, -62.7841835022, -41.4338417053, 76.3976593018, 10.8182754517, -55.0204238892, -52.1752166748, -60.2906303406, 22.2263031006, 37.9916152954, 19.2685775757, 74.0949020386], [349.302581787, -62.7841835022, 369.692810059, 33.5282173157, 8.72487545013, 22.2634468079, -8.60629177094, 58.5887908936, 0.00458823191002, -11.6246147156, 20.0046615601, 17.9744167328, -25.1260662079], [143.611495972, -41.4338417053, 33.5282173157, 186.831832886, 37.303024292, 15.6264533997, 16.9573192596, 13.7648105621, 21.0629692078, 8.10571193695, 11.1504907608, -0.214112281799, 5.07891321182], [146.159011841, 76.3976593018, 8.72487545013, 37.303024292, 151.263412476, 54.4825210571, -8.66478633881, -24.460187912, -3.12482833862, 24.8540363312, 6.78333854675, -5.83502721786, 11.8209018707], [267.539672852, 10.8182754517, 22.2634468079, 15.6264533997, 54.4825210571, 156.791671753, 51.9851455688, 14.8561325073, -11.3119764328, -4.18227624893, 3.82536840439, 8.98568153381, 15.4163188934], [-83.2357711792, -55.0204238892, -8.60629177094, 16.9573192596, -8.66478633881, 51.9851455688, 171.88609314, 68.6509246826, 4.72479009628, -56.234954834, -12.9832496643, 30.7885398865, -3.20344400406], [85.5160140991, -52.1752166748, 58.5887908936, 13.7648105621, -24.460187912, 14.8561325073, 68.6509246826, 145.471313477, 33.2224388123, -40.4745330811, -24.7490444183, 13.4533557892, 9.46069049835], [-224.71484375, -60.2906303406, 0.00458823191002, 21.0629692078, -3.12482833862, -11.3119764328, 4.72479009628, 33.2224388123, 145.529266357, 53.3763389587, -15.6391868591, -27.7277107239, -5.79014015198], [-36.2406578064, 22.2263031006, -11.6246147156, 8.10571193695, 24.8540363312, -4.18227624893, -56.234954834, -40.4745330811, 53.3763389587, 162.305480957, 56.1917495728, -31.4980945587, -15.4505443573], [143.643951416, 37.9916152954, 20.0046615601, 11.1504907608, 6.78333854675, 3.82536840439, -12.9832496643, -24.7490444183, -15.6391868591, 56.1917495728, 135.986907959, 47.3142547607, -20.8525295258], [32.0415344238, 19.2685775757, 17.9744167328, -0.214112281799, -5.83502721786, 8.98568153381, 30.7885398865, 13.4533557892, -27.7277107239, -31.4980945587, 47.3142547607, 128.244125366, 39.2017555237], [109.78717804, 74.0949020386, -25.1260662079, 5.07891321182, 11.8209018707, 15.4163188934, -3.20344400406, 9.46069049835, -5.79014015198, -15.4505443573, -20.8525295258, 39.2017555237, 108.031784058]],
