{
"lowlevel": {
    "average_loudness": 0.425416320562,
    "barkbands_crest": {
        "dmean": 1.53740310669,
        "dmean2": 2.42587733269,
        "dvar": 3.55317306519,
        "dvar2": 8.69667625427,
        "max": 26.5111503601,
        "mean": 14.9530534744,
        "median": 14.6320972443,
        "min": 3.40992665291,
        "var": 17.7650547028
    },
    "barkbands_flatness_db": {
        "dmean": 0.0232352539897,
        "dmean2": 0.0333860851824,
        "dvar": 0.000940790458117,
        "dvar2": 0.00182668457273,
        "max": 0.649435222149,
        "mean": 0.326166570187,
        "median": 0.327193856239,
        "min": 0.0197812393308,
        "var": 0.00954171549529
    },
    "barkbands_kurtosis": {
        "dmean": 12.9912147522,
        "dmean2": 19.446844101,
        "dvar": 835.727294922,
        "dvar2": 1856.56298828,
        "max": 974.293273926,
        "mean": 36.7931671143,
        "median": 20.0185241699,
        "min": -1.9484026432,
        "var": 3388.66723633
    },
    "barkbands_skewness": {
        "dmean": 0.764197349548,
        "dmean2": 1.12619066238,
        "dvar": 1.2844042778,
        "dvar2": 2.87160158157,
        "max": 23.5783519745,
        "mean": 3.46726441383,
        "median": 2.92832231522,
        "min": -3.22261953354,
        "var": 5.75861263275
    },
    "barkbands_spread": {
        "dmean": 2.05070281029,
        "dmean2": 3.05338048935,
        "dvar": 39.6605300903,
        "dvar2": 85.0799789429,
        "max": 135.314865112,
        "mean": 6.2916932106,
        "median": 2.22850775719,
        "min": 0.195218726993,
        "var": 182.585952759
    },
    "dissonance": {
        "dmean": 0.0353821329772,
        "dmean2": 0.0599187910557,
        "dvar": 0.00113105692435,
        "dvar2": 0.00302371312864,
        "max": 0.500000059605,
        "mean": 0.358400672674,
        "median": 0.364541471004,
        "min": 0.0926093757153,
        "var": 0.00526022631675
    },
    "dynamic_complexity": 3.57266640663,
    "erbbands_crest": {
        "dmean": 1.73524689674,
        "dmean2": 2.69603133202,
        "dvar": 4.24190950394,
        "dvar2": 10.4683637619,
        "max": 32.5719909668,
        "mean": 13.8675765991,
        "median": 13.2694797516,
        "min": 2.42928600311,
        "var": 24.6375999451
    },
    "erbbands_flatness_db": {
        "dmean": 0.0192466471344,
        "dmean2": 0.0270259734243,
        "dvar": 0.000575957295951,
        "dvar2": 0.00119441538118,
        "max": 0.479087620974,
        "mean": 0.243659481406,
        "median": 0.247230798006,
        "min": 0.0362739153206,
        "var": 0.00495222443715
    },
    "erbbands_kurtosis": {
        "dmean": 4.43591594696,
        "dmean2": 6.71470737457,
        "dvar": 84.258140564,
        "dvar2": 195.418716431,
        "max": 260.375671387,
        "mean": 13.6564455032,
        "median": 8.47095680237,
        "min": -1.8922059536,
        "var": 403.943664551
    },
    "erbbands_skewness": {
        "dmean": 0.456730127335,
        "dmean2": 0.68041062355,
        "dvar": 0.427720308304,
        "dvar2": 1.00147926807,
        "max": 14.5151748657,
        "mean": 2.37197971344,
        "median": 2.12771701813,
        "min": -1.89287233353,
        "var": 2.38505315781
    },
    "erbbands_spread": {
        "dmean": 6.42858791351,
        "dmean2": 9.40949726105,
        "dvar": 203.308563232,
        "dvar2": 460.015533447,
        "max": 184.700286865,
        "mean": 21.0649242401,
        "median": 11.6195449829,
        "min": 0.893381536007,
        "var": 598.171447754
    },
    "hfc": {
        "dmean": 3.95673012733,
        "dmean2": 5.75587940216,
        "dvar": 639.325073242,
        "dvar2": 1531.87902832,
        "max": 1371.33544922,
        "mean": 10.8129682541,
        "median": 6.25528812408,
        "min": 1.07601692254e-16,
        "var": 788.116638184
    },
    "melbands_crest": {
        "dmean": 1.70034742355,
        "dmean2": 2.6797914505,
        "dvar": 4.43922805786,
        "dvar2": 10.7168703079,
        "max": 33.9877738953,
        "mean": 17.9378223419,
        "median": 17.4527931213,
        "min": 1.5469956398,
        "var": 28.793598175
    },
    "melbands_flatness_db": {
        "dmean": 0.026423741132,
        "dmean2": 0.036297917366,
        "dvar": 0.00129118957557,
        "dvar2": 0.00244105304591,
        "max": 0.795583724976,
        "mean": 0.416434049606,
        "median": 0.417953699827,
        "min": 0.00340082636103,
        "var": 0.015529692173
    },
    "melbands_kurtosis": {
        "dmean": 19.0144844055,
        "dmean2": 29.2396888733,
        "dvar": 2334.87158203,
        "dvar2": 5768.8359375,
        "max": 930.677368164,
        "mean": 42.3319778442,
        "median": 19.4820022583,
        "min": -1.58292889595,
        "var": 4679.7890625
    },
    "melbands_skewness": {
        "dmean": 0.83357834816,
        "dmean2": 1.25316798687,
        "dvar": 2.05036020279,
        "dvar2": 4.7631020546,
        "max": 23.7272605896,
        "mean": 3.39742660522,
        "median": 2.69238996506,
        "min": -0.971184670925,
        "var": 6.3755235672
    },
    "melbands_spread": {
        "dmean": 1.61543774605,
        "dmean2": 2.41392397881,
        "dvar": 39.5150260925,
        "dvar2": 84.061340332,
        "max": 217.509429932,
        "mean": 5.85761928558,
        "median": 2.49147367477,
        "min": 0.22849008441,
        "var": 216.26725769
    },
    "pitch_salience": {
        "dmean": 0.0460781566799,
        "dmean2": 0.0721927583218,
        "dvar": 0.0031985801179,
        "dvar2": 0.00754679646343,
        "max": 0.989437758923,
        "mean": 0.42224624753,
        "median": 0.428269803524,
        "min": 0.0475716106594,
        "var": 0.0166734401137
    },
    "silence_rate_20dB": {
        "dmean": 0,
        "dmean2": 0,
        "dvar": 0,
        "dvar2": 0,
        "max": 1,
        "mean": 1,
        "median": 1,
        "min": 1,
        "var": 0
    },
    "silence_rate_30dB": {
        "dmean": 0.0162670500576,
        "dmean2": 0.0325368568301,
        "dvar": 0.0160009525716,
        "dvar2": 0.0369039662182,
        "max": 1,
        "mean": 0.965435445309,
        "median": 1,
        "min": 0,
        "var": 0.0333684310317
    },
    "silence_rate_60dB": {
        "dmean": 0.0142336692661,
        "dmean2": 0.0284697506577,
        "dvar": 0.0140315415338,
        "dvar2": 0.0296946503222,
        "max": 1,
        "mean": 0.0748051479459,
        "median": 0,
        "min": 0,
        "var": 0.0692065283656
    },
    "spectral_centroid": {
        "dmean": 52.0332756042,
        "dmean2": 77.4630279541,
        "dvar": 34368.1328125,
        "dvar2": 64076.4960938,
        "max": 11909.8798828,
        "mean": 426.728149414,
        "median": 277.283325195,
        "min": 112.974723816,
        "var": 671499.8125
    },
    "spectral_complexity": {
        "dmean": 0.814538657665,
        "dmean2": 1.34994065762,
        "dvar": 1.51148891449,
        "dvar2": 2.82063531876,
        "max": 29,
        "mean": 6.12741422653,
        "median": 6,
        "min": 0,
        "var": 12.0073308945
    },
    "spectral_decrease": {
        "dmean": 1.63294222588e-09,
        "dmean2": 2.50832865589e-09,
        "dvar": 1.32139348344e-17,
        "dvar2": 3.16269694796e-17,
        "max": 3.6330639018e-14,
        "mean": -8.80294681593e-09,
        "median": -7.25344939667e-09,
        "min": -9.99324285544e-08,
        "var": 5.8076747854e-17
    },
    "spectral_energy": {
        "dmean": 0.00646340800449,
        "dmean2": 0.00989399943501,
        "dvar": 0.000205164265935,
        "dvar2": 0.00049289240269,
        "max": 0.394492983818,
        "mean": 0.03420490399,
        "median": 0.0281354356557,
        "min": 1.01706129541e-20,
        "var": 0.000879166065715
    },
    "spectral_energyband_high": {
        "dmean": 0.000307770998916,
        "dmean2": 0.000437881506514,
        "dvar": 6.99145539329e-06,
        "dvar2": 1.66202789842e-05,
        "max": 0.144724905491,
        "mean": 0.000374331197236,
        "median": 8.78859282238e-06,
        "min": 7.09136446145e-21,
        "var": 7.96808217274e-06
    },
    "spectral_energyband_low": {
        "dmean": 0.00403784960508,
        "dmean2": 0.00643155630678,
        "dvar": 0.000147738566739,
        "dvar2": 0.000355802039849,
        "max": 0.341712892056,
        "mean": 0.0200887341052,
        "median": 0.014321802184,
        "min": 1.81003235402e-23,
        "var": 0.00052751012845
    },
    "spectral_energyband_middle_high": {
        "dmean": 0.000192274397705,
        "dmean2": 0.000261836539721,
        "dvar": 8.49979528539e-07,
        "dvar2": 1.71386352577e-06,
        "max": 0.0341808386147,
        "mean": 0.000647704640869,
        "median": 0.000116255338071,
        "min": 1.13084980336e-21,
        "var": 2.99305133922e-06
    },
    "spectral_energyband_middle_low": {
        "dmean": 0.00388367264532,
        "dmean2": 0.00600718613714,
        "dvar": 5.27906704519e-05,
        "dvar2": 0.00013156796922,
        "max": 0.194176331162,
        "mean": 0.0180362742394,
        "median": 0.0138489538804,
        "min": 1.96038195348e-22,
        "var": 0.000283733825199
    },
    "spectral_entropy": {
        "dmean": 0.260238140821,
        "dmean2": 0.39615342021,
        "dvar": 0.142362877727,
        "dvar2": 0.329213380814,
        "max": 9.82401847839,
        "mean": 5.53902673721,
        "median": 5.41673851013,
        "min": 3.0205271244,
        "var": 0.919704198837
    },
    "spectral_flux": {
        "dmean": 0.021075963974,
        "dmean2": 0.033609945327,
        "dvar": 0.00106669357046,
        "dvar2": 0.00259384629317,
        "max": 0.491449683905,
        "mean": 0.0375174172223,
        "median": 0.0246499944478,
        "min": 6.39650346579e-11,
        "var": 0.00159638293553
    },
    "spectral_kurtosis": {
        "dmean": 7.94663476944,
        "dmean2": 12.4031124115,
        "dvar": 97.3965759277,
        "dvar2": 208.597061157,
        "max": 152.899551392,
        "mean": 27.6193275452,
        "median": 19.9267196655,
        "min": -1.27034902573,
        "var": 598.867431641
    },
    "spectral_rms": {
        "dmean": 0.000505639065523,
        "dmean2": 0.000753752945457,
        "dvar": 7.94412414962e-07,
        "dvar2": 1.66275719948e-06,
        "max": 0.0196181349456,
        "mean": 0.00522946892306,
        "median": 0.00523919891566,
        "min": 3.15000781535e-12,
        "var": 6.02336376687e-06
    },
    "spectral_rolloff": {
        "dmean": 131.562988281,
        "dmean2": 225.350219727,
        "dvar": 600534.875,
        "dvar2": 1383314.125,
        "max": 21059.4726562,
        "mean": 680.852783203,
        "median": 322.998046875,
        "min": 107.666015625,
        "var": 4737890.5
    },
    "spectral_skewness": {
        "dmean": 0.603922605515,
        "dmean2": 0.922155976295,
        "dvar": 0.499597221613,
        "dvar2": 1.02935051918,
        "max": 11.0457820892,
        "mean": 4.11407136917,
        "median": 3.84978485107,
        "min": -0.107511982322,
        "var": 3.90542173386
    },
    "spectral_spread": {
        "dmean": 844833.75,
        "dmean2": 1251682.5,
        "dvar": 1.53957551309e+12,
        "dvar2": 3.33782607462e+12,
        "max": 42582552,
        "mean": 3896099,
        "median": 2901143,
        "min": 875130.625,
        "var": 1.26047150408e+13
    },
    "spectral_strongpeak": {
        "dmean": 0.194936037064,
        "dmean2": 0.342084556818,
        "dvar": 2.62744617462,
        "dvar2": 7.08415794373,
        "max": 70.2579116821,
        "mean": 0.866285741329,
        "median": 0.753531575203,
        "min": 0,
        "var": 1.89791798592
    },
    "zerocrossingrate": {
        "dmean": 0.00565116340294,
        "dmean2": 0.00659043155611,
        "dvar": 0.000139894982567,
        "dvar2": 0.000160552444868,
        "max": 0.587890625,
        "mean": 0.0291092805564,
        "median": 0.01416015625,
        "min": 0.00390625,
        "var": 0.00358324451372
    },
    "barkbands": {
        "dmean": [6.14682349465e-08, 0.000164993514773, 0.00293923565187, 0.00173319829628, 0.00172592059243, 0.00117358227726, 0.000259265070781, 0.000106777821202, 0.000108307889604, 2.48252326855e-05, 3.20679537253e-05, 5.04564995936e-05, 2.31465110119e-05, 3.20982580888e-05, 2.14873271034e-05, 2.13644616451e-05, 1.48689387061e-05, 1.03932952698e-05, 6.22080187895e-06, 1.379031346e-05, 1.49144771058e-05, 1.65896999533e-05, 3.42590501532e-05, 0.000148910243297, 8.1345468061e-05, 1.20929307741e-05, 1.13995179163e-06],
        "dmean2": [1.06296923263e-07, 0.000282277091173, 0.00462656002492, 0.00290804472752, 0.00254396698438, 0.00175983062945, 0.000388319342164, 0.000161761330673, 0.000140125950566, 3.75836425519e-05, 4.38266761194e-05, 7.48388411012e-05, 3.4552624129e-05, 4.52273961855e-05, 2.93657576549e-05, 3.24476677633e-05, 2.08404289879e-05, 1.47827413457e-05, 8.90784667718e-06, 1.88640933629e-05, 1.95028787857e-05, 2.23353508773e-05, 4.6839893912e-05, 0.000213512175833, 0.000123210949823, 1.94005588128e-05, 2.00516592486e-06],
        "dvar": [3.58630937718e-14, 4.89350213684e-07, 8.40852371766e-05, 3.24087450281e-05, 9.11724418984e-06, 8.04635965324e-06, 1.37293181979e-06, 8.04350293038e-07, 3.29171484736e-07, 2.58509373907e-08, 3.50663427184e-08, 2.14395186049e-07, 2.71248215e-08, 2.40078694702e-08, 1.95554630267e-08, 2.29256045259e-08, 1.07977315977e-08, 6.42287867336e-09, 1.34937760965e-09, 1.06798676569e-08, 1.26260824018e-08, 1.36134188367e-08, 6.17433002503e-08, 2.05376477425e-06, 5.88100078858e-07, 1.71794152237e-08, 3.14573755933e-10],
        "dvar2": [9.4700031779e-14, 1.24888924802e-06, 0.000202817944228, 8.70356889209e-05, 2.05811829801e-05, 2.0311688786e-05, 2.75457023236e-06, 1.66033225923e-06, 5.8415849935e-07, 5.71127038995e-08, 6.42460946665e-08, 4.40373895572e-07, 5.59588144711e-08, 4.76521790915e-08, 4.06031261946e-08, 4.85840274678e-08, 2.0779044263e-08, 1.2594786547e-08, 2.91127766339e-09, 2.15735393994e-08, 2.48843470274e-08, 2.82275820496e-08, 1.34033740551e-07, 4.90668753628e-06, 1.44577188621e-06, 4.46714452096e-08, 9.10038988611e-10],
        "max": [5.53515110369e-06, 0.0284108985215, 0.25668489933, 0.153259262443, 0.0865208506584, 0.0609138458967, 0.0468491017818, 0.0369814559817, 0.0268505848944, 0.00514617189765, 0.00955115072429, 0.023062158376, 0.0128439338878, 0.00780660659075, 0.00950755365193, 0.00712496321648, 0.00602720258757, 0.00434881914407, 0.00170870136935, 0.00512074586004, 0.00582266738638, 0.00471591670066, 0.012469895184, 0.0909413322806, 0.0399727001786, 0.00565001508221, 0.00110268022399],
        "mean": [5.53546932736e-08, 0.000305514113279, 0.0148478019983, 0.00590171478689, 0.0056174993515, 0.0046851458028, 0.00106401450466, 0.000348311034031, 0.000402614939958, 7.80121335993e-05, 0.000102988677099, 0.000130087282741, 5.98052356509e-05, 8.97075369721e-05, 5.35932340426e-05, 4.72834399261e-05, 3.77701835532e-05, 2.47463758569e-05, 1.3186934666e-05, 3.18555103149e-05, 2.95458576147e-05, 2.64842765318e-05, 4.84843221784e-05, 0.000168881524587, 7.84411167842e-05, 1.04244272734e-05, 1.11216195364e-06],
        "median": [1.6237677869e-08, 9.04564803932e-05, 0.0106473881751, 0.00249568419531, 0.00341083388776, 0.00245376816019, 0.000139429801493, 3.79052544304e-05, 4.7970104788e-05, 4.47442243967e-06, 1.39733620017e-05, 8.24676953926e-06, 5.53827158001e-06, 9.24056985241e-06, 3.03554543279e-06, 3.60978447134e-06, 1.75526577095e-06, 1.1148813428e-06, 9.79806372925e-07, 1.06795118882e-06, 1.01700879895e-06, 8.64411049406e-07, 1.17905779007e-06, 1.7793099687e-06, 4.79066102343e-07, 3.12951897286e-07, 3.50219067968e-07],
        "min": [9.28735607263e-25, 5.02179859249e-24, 1.2114284486e-24, 9.36420887417e-25, 7.43892993724e-24, 6.03835354838e-24, 6.45674328441e-24, 9.09947425412e-24, 2.7966889294e-23, 2.2060594611e-23, 1.36550544739e-23, 1.53569382577e-23, 3.51340976701e-23, 3.48483943384e-23, 5.30511672443e-23, 5.15784996183e-23, 7.22362455266e-23, 7.81336245036e-23, 1.19008363955e-22, 1.50533530269e-22, 2.40034798189e-22, 3.27911530137e-22, 4.08684601188e-22, 5.57309706533e-22, 9.18695040881e-22, 1.29563837835e-21, 1.92428201238e-21],
        "var": [3.01068272689e-14, 1.14810063678e-06, 0.000294190074783, 0.000127387436805, 4.97488108522e-05, 3.7284768041e-05, 1.0369728443e-05, 2.60666115537e-06, 1.83387135166e-06, 9.45444611489e-08, 1.54476850867e-07, 6.25001064236e-07, 9.92474440409e-08, 9.83227863571e-08, 5.73660123848e-08, 5.57325741113e-08, 4.07184685969e-08, 1.8237113153e-08, 2.9114664013e-09, 3.02340481539e-08, 3.23364766075e-08, 2.37141701831e-08, 9.67519326878e-08, 2.22965036301e-06, 5.55390499812e-07, 1.34387354578e-08, 1.79349979312e-10]
    },
    "erbbands": {
        "dmean": [0.00131150067318, 0.0859135761857, 2.20625162125, 5.83790397644, 3.42542314529, 7.38794612885, 9.64184093475, 8.68784332275, 4.30413007736, 3.34847545624, 2.30567264557, 2.19743871689, 1.19359755516, 0.966585218906, 1.57449674606, 1.55178356171, 1.25548577309, 1.36732757092, 1.16355919838, 1.09532654285, 1.20120453835, 0.827938079834, 0.682120382786, 0.352936208248, 0.445340961218, 0.649013221264, 0.621114313602, 0.558383524418, 0.573204934597, 0.673712313175, 1.06655490398, 2.00039172173, 2.94803714752, 1.41296923161, 0.346386820078, 0.0775033161044, 0.0182423293591, 0.00272875349037, 0.000231898535276, 1.54182562255e-05],
        "dmean2": [0.0021639787592, 0.141069471836, 3.51235699654, 9.46157073975, 5.61629962921, 10.1538648605, 15.1459560394, 12.9250249863, 6.32035541534, 4.68106460571, 3.33555316925, 2.90396547318, 1.53958976269, 1.31274652481, 2.24851632118, 2.29256486893, 1.80965816975, 1.89015686512, 1.68789899349, 1.51074802876, 1.81288874149, 1.15023350716, 0.951355338097, 0.504227817059, 0.62317854166, 0.87321460247, 0.810488462448, 0.742024242878, 0.772790193558, 0.913409411907, 1.47983372211, 2.77322888374, 4.31471204758, 2.1323697567, 0.529771149158, 0.122544340789, 0.0296414662153, 0.00454168068245, 0.000407094223192, 2.49193071795e-05],
        "dvar": [2.1421305064e-05, 0.0907236561179, 46.8297271729, 319.107635498, 67.7891464233, 196.541381836, 346.822998047, 519.197509766, 316.350921631, 238.750335693, 306.826141357, 170.219284058, 46.4986190796, 26.8064079285, 103.545562744, 143.651626587, 72.6592407227, 46.3450279236, 68.871307373, 30.7851066589, 96.7312240601, 31.7498912811, 27.9375839233, 4.35982847214, 9.60746383667, 21.9227428436, 21.969045639, 17.7042980194, 16.1249866486, 25.7721977234, 59.5095252991, 237.746307373, 899.255432129, 192.808135986, 10.302359581, 0.654195904732, 0.0417770966887, 0.000861342181452, 1.68370752363e-05, 1.84800814651e-08],
        "dvar2": [5.45289221918e-05, 0.226038530469, 113.235595703, 785.967712402, 183.586212158, 410.51461792, 924.690979004, 1248.43640137, 649.899353027, 440.617706299, 617.179443359, 306.156555176, 76.8212509155, 50.4998512268, 202.044204712, 301.302703857, 148.203262329, 85.6916885376, 153.185546875, 57.9469490051, 206.480484009, 58.2920761108, 53.7351303101, 9.82370281219, 20.4826469421, 43.6120185852, 42.4505233765, 35.8874969482, 34.0561599731, 55.9236450195, 127.546913147, 528.788818359, 2191.75439453, 473.929504395, 25.3871078491, 1.6838709116, 0.109705835581, 0.00231554056518, 4.92424987897e-05, 5.20237897206e-08],
        "max": [0.19340659678, 13.1017074585, 220.350524902, 427.96987915, 170.425750732, 484.253143311, 385.246643066, 668.243164062, 826.812683105, 569.117614746, 689.650939941, 758.005737305, 429.212921143, 213.756576538, 433.165100098, 557.165466309, 652.159362793, 316.792144775, 538.173461914, 236.260574341, 483.198272705, 421.403381348, 288.02532959, 111.144363403, 174.663345337, 168.131637573, 203.586395264, 224.075866699, 172.018341064, 331.056945801, 325.805297852, 757.820495605, 2011.3651123, 824.778076172, 154.234695435, 34.7557296753, 9.50108146667, 1.22320890427, 0.276146411896, 0.00793327670544],
        "mean": [0.00467948010191, 0.316921234131, 10.7935228348, 26.3770313263, 8.74584674835, 26.6161994934, 32.7884597778, 37.3771591187, 19.0084514618, 13.5871076584, 7.97147750854, 8.03914356232, 4.79212427139, 3.36024308205, 4.55478286743, 4.17414665222, 3.5725581646, 3.82794833183, 3.12756443024, 2.82119178772, 2.70263242722, 2.19195914268, 1.6622171402, 0.853629529476, 1.02134823799, 1.49404370785, 1.30570614338, 1.04062652588, 0.923780858517, 1.03174352646, 1.48286807537, 2.56794214249, 3.13328695297, 1.38277816772, 0.328461378813, 0.0677119940519, 0.0156324338168, 0.00236758799292, 0.000231327619986, 4.79412010463e-05],
        "median": [0.00295732775703, 0.190004840493, 7.63968753815, 16.8116645813, 4.44007301331, 14.1023960114, 20.8069877625, 16.7575073242, 4.8146314621, 2.48085641861, 1.15047323704, 0.931334137917, 0.667422950268, 0.72514128685, 0.634793758392, 0.471540778875, 0.433549076319, 0.460986793041, 0.262060642242, 0.235831186175, 0.181992828846, 0.119714260101, 0.0773257166147, 0.0617894157767, 0.0549139156938, 0.052216000855, 0.0416002608836, 0.038354203105, 0.0324727073312, 0.0305617116392, 0.0327613502741, 0.0366532206535, 0.0276233348995, 0.00914034247398, 0.00203146832064, 0.000959347991738, 0.000637239543721, 0.000299190345686, 7.46811856516e-05, 3.50915724994e-05],
        "min": [1.36843297332e-22, 6.76042234229e-22, 1.52361710999e-21, 3.39687292321e-21, 1.01416479002e-20, 2.52805249098e-20, 3.63545523788e-20, 4.09909804915e-20, 8.38265026632e-20, 2.09531505379e-19, 3.11575465499e-19, 6.03093507203e-19, 3.45193455611e-19, 8.50768443202e-19, 1.21619889835e-18, 7.17349535372e-19, 1.92800001636e-18, 1.99062213823e-18, 3.07012054816e-18, 3.1038889559e-18, 3.26856097032e-18, 5.10181054944e-18, 4.49028419439e-18, 5.96926120934e-18, 6.52757834432e-18, 6.8268154804e-18, 8.20677070423e-18, 8.09050633323e-18, 1.2356546413e-17, 1.1056827295e-17, 1.18757758061e-17, 9.20091772343e-18, 1.00046469384e-17, 8.85150422497e-18, 6.18594034362e-18, 4.0348009124e-18, 2.35075569062e-18, 1.07550788386e-18, 2.66474554123e-19, 2.72883814466e-20],
        "var": [5.09243909619e-05, 0.263063460588, 163.067138672, 1256.7097168, 146.551177979, 1391.33117676, 1449.83105469, 2660.54174805, 2509.89672852, 1457.68383789, 1109.31640625, 879.033691406, 331.984863281, 99.739730835, 340.374603271, 433.093658447, 268.651824951, 193.558059692, 189.882598877, 110.410179138, 240.816314697, 133.700119019, 79.4522705078, 11.7696018219, 24.7240333557, 62.0652542114, 61.8844680786, 38.9974784851, 27.5445461273, 43.8010063171, 90.9969711304, 325.436035156, 907.941650391, 182.922149658, 9.68437862396, 0.532170593739, 0.0314656458795, 0.000608340778854, 9.28912231757e-06, 1.28770114571e-08]
    },
    "gfcc": {
        "mean": [-133.084869385, 128.997772217, -45.0352210999, 15.8104610443, -56.8947143555, -0.797574400902, -52.093460083, -18.0347614288, -27.2590065002, -13.2789926529, -12.9020090103, -11.7203454971, -11.1590805054],
        "cov": [[19779.921875, 1313.32861328, -2415.86108398, 1048.76635742, -1357.56433105, 462.503417969, -828.986022949, -33.1184005737, -149.451858521, -224.563476562, -102.277404785, -437.026855469, -56.4053573608], [1313.32861328, 2016.04003906, 484.804534912, -272.555267334, 414.543029785, -240.768264771, 160.339538574, -250.715072632, 41.3423309326, -116.010147095, -24.2475776672, -77.4880065918, -1.13262355328], [-2415.86108398, 484.804534912, 1737.92675781, 34.6861915588, 511.947479248, 100.571578979, 126.993232727, -18.8056125641, -94.3425216675, -35.8708267212, -47.6841850281, 6.28230047226, -58.0656967163], [1048.76635742, -272.555267334, 34.6861915588, 643.278686523, 11.1374530792, 193.588699341, -5.24730920792, 5.84024572372, -23.0770759583, -66.2275772095, -9.39686775208, -88.1902923584, -42.8323822021], [-1357.56433105, 414.543029785, 511.947479248, 11.1374530792, 496.266296387, -9.82646656036, 155.7290802, -38.7434959412, -4.33127975464, -17.8499965668, -21.1530799866, -12.0702838898, -35.0325164795], [462.503417969, -240.768264771, 100.571578979, 193.588699341, -9.82646656036, 269.746490479, -22.6181735992, 64.8023605347, -27.0175933838, -13.5653810501, -6.76399946213, -35.0175018311, -18.4412403107], [-828.986022949, 160.339538574, 126.993232727, -5.24730920792, 155.7290802, -22.6181735992, 177.974822998, -9.86631202698, 15.7584190369, -14.7736444473, 1.87344694138, 10.924993515, -9.70017910004], [-33.1184005737, -250.715072632, -18.8056125641, 5.84024572372, -38.7434959412, 64.8023605347, -9.86631202698, 154.2525177, 8.92669677734, 30.7119464874, 3.89802408218, 2.82439804077, -1.68056237698], [-149.451858521, 41.3423309326, -94.3425216675, -23.0770759583, -4.33127975464, -27.0175933838, 15.7584190369, 8.92669677734, 105.10193634, 24.1148509979, 8.85767650604, -10.5618686676, -5.77140665054], [-224.563476562, -116.010147095, -35.8708267212, -66.2275772095, -17.8499965668, -13.5653810501, -14.7736444473, 30.7119464874, 24.1148509979, 93.003112793, 21.5540904999, 2.94322919846, -18.4648532867], [-102.277404785, -24.2475776672, -47.6841850281, -9.39686775208, -21.1530799866, -6.76399946213, 1.87344694138, 3.89802408218, 8.85767650604, 21.5540904999, 69.1998214722, 15.6077861786, -7.44044303894], [-437.026855469, -77.4880065918, 6.28230047226, -88.1902923584, -12.0702838898, -35.0175018311, 10.924993515, 2.82439804077, -10.5618686676, 2.94322919846, 15.6077861786, 91.011428833, 28.5586643219], [-56.4053573608, -1.13262355328, -58.0656967163, -42.8323822021, -35.0325164795, -18.4412403107, -9.70017910004, -1.68056237698, -5.77140665054, -18.4648532867, -7.44044303894, 28.5586643219, 80.0669937134]],
        "icov": [[0.000336593948305, -0.000952865753789, 0.000552729296032, -0.000810831494164, 0.000808917568065, -0.000670604640618, 0.00110265600961, -0.00077509728726, 0.000971899542492, -0.00054603983881, 0.000870682764798, -0.00052233831957, 0.000718878756743], [-0.000952865753789, 0.00383548438549, -0.00177190010436, 0.0030074797105, -0.00283637363464, 0.00240296544507, -0.00331125757657, 0.00332354055718, -0.00332617177628, 0.0031556871254, -0.00316833821125, 0.00335061270744, -0.00231366162188], [0.000552729296032, -0.00177190010436, 0.00187987438403, -0.00136762834154, 0.000459342030808, -0.00157322967425, 0.00197449885309, -0.00149030424654, 0.00234421226196, -0.00112366420217, 0.00191618246026, -0.00159850425553, 0.00170063809492], [-0.000810831494164, 0.0030074797105, -0.00136762834154, 0.00483623705804, -0.00229801959358, 0.0004338415456, -0.00285886181518, 0.00276667810977, -0.00260734092444, 0.00401373207569, -0.00311074755155, 0.0040170988068, -0.00111136608757], [0.000808917568065, -0.00283637363464, 0.000459342030808, -0.00229801959358, 0.00621776981279, -0.00161702127662, -3.95799434045e-05, -0.00175607460551, 0.00243417941965, -0.0023328778334, 0.00304269604385, -0.00143562455196, 0.00237222784199], [-0.000670604640618, 0.00240296544507, -0.00157322967425, 0.0004338415456, -0.00161702127662, 0.00738099124283, -0.00176263879985, -0.000439513736637, -0.00119057181291, 0.0021649391856, -0.00217442074791, 0.002798210131, -0.00136423588265], [0.00110265600961, -0.00331125757657, 0.00197449885309, -0.00285886181518, -3.95799434045e-05, -0.00176263879985, 0.0120781008154, -0.00330789666623, 0.00170543964487, -0.000183973417734, 0.00211170688272, -0.0036142510362, 0.00316895660944], [-0.00077509728726, 0.00332354055718, -0.00149030424654, 0.00276667810977, -0.00175607460551, -0.000439513736637, -0.00330789666623, 0.0111737167463, -0.00348602072336, -0.000120070013509, -0.00203226855956, 0.00224175746553, -0.0024029915221], [0.000971899542492, -0.00332617177628, 0.00234421226196, -0.00260734092444, 0.00243417941965, -0.00119057181291, 0.00170543964487, -0.00348602072336, 0.0145976226777, -0.00492443330586, 0.00226287124678, -0.000276518578175, 0.00209263246506], [-0.00054603983881, 0.0031556871254, -0.00112366420217, 0.00401373207569, -0.0023328778334, 0.0021649391856, -0.000183973417734, -0.000120070013509, -0.00492443330586, 0.0187727045268, -0.00619203457609, 0.00366865913384, 0.0025357271079], [0.000870682764798, -0.00316833821125, 0.00191618246026, -0.00311074755155, 0.00304269604385, -0.00217442074791, 0.00211170688272, -0.00203226855956, 0.00226287124678, -0.00619203457609, 0.0198800563812, -0.00657121837139, 0.00426412699744], [-0.00052233831957, 0.00335061270744, -0.00159850425553, 0.0040170988068, -0.00143562455196, 0.002798210131, -0.0036142510362, 0.00224175746553, -0.000276518578175, 0.00366865913384, -0.00657121837139, 0.0195948630571, -0.00647903839126], [0.000718878756743, -0.00231366162188, 0.00170063809492, -0.00111136608757, 0.00237222784199, -0.00136423588265, 0.00316895660944, -0.0024029915221, 0.00209263246506, 0.0025357271079, 0.00426412699744, -0.00647903839126, 0.0181021075696]]
    },
    "melbands": {
        "dmean": [2.42163823714e-05, 0.00082695891615, 0.000886131834704, 0.00034276038059, 0.000348883651895, 0.000198603709578, 6.33020536043e-05, 3.39780272043e-05, 1.8968454242e-05, 1.33215935421e-05, 5.83879818805e-06, 3.84036729884e-06, 5.16800537298e-06, 6.26249175184e-06, 3.5440366446e-06, 2.33774517255e-06, 2.50466996476e-06, 1.91451840692e-06, 1.81179871106e-06, 1.17477145523e-06, 1.42547321502e-06, 7.87037322425e-07, 9.09012783268e-07, 5.06652554577e-07, 2.69144379672e-07, 2.70730907914e-07, 5.4111535519e-07, 3.72507088287e-07, 4.12167395325e-07, 3.33496643634e-07, 3.02168302824e-07, 3.47867370465e-07, 3.28124002635e-07, 3.99489124447e-07, 5.14972839483e-07, 8.91729541763e-07, 1.36292999287e-06, 2.17751403397e-06, 1.78572281584e-06, 1.04708738036e-06],
        "dmean2": [4.15294998675e-05, 0.00131212070119, 0.00143172568642, 0.000502466224134, 0.000535386614501, 0.000295476231258, 9.12685209187e-05, 4.79806076328e-05, 2.68836047326e-05, 1.7448923245e-05, 7.54125949243e-06, 5.25954146724e-06, 7.14246607458e-06, 9.52783921093e-06, 5.07636377733e-06, 3.3289811654e-06, 3.48557477992e-06, 2.86634917757e-06, 2.46537183557e-06, 1.71652493464e-06, 2.17347906073e-06, 1.08312337943e-06, 1.29255272441e-06, 7.13971189725e-07, 3.8938114244e-07, 3.89258559608e-07, 7.5118202858e-07, 5.10223230776e-07, 5.35779122401e-07, 4.46968158485e-07, 4.04912384511e-07, 4.71905110544e-07, 4.52827777053e-07, 5.47917409222e-07, 7.25125119061e-07, 1.23446568523e-06, 1.87793682471e-06, 3.14574435833e-06, 2.73894875136e-06, 1.58631019076e-06],
        "dvar": [1.06579385317e-08, 6.67701488055e-06, 6.83234793541e-06, 4.16030530914e-07, 3.82279552014e-07, 2.56011361444e-07, 6.43046789151e-08, 2.99120692659e-08, 1.63559032984e-08, 5.59266322142e-09, 1.19039245128e-09, 4.7505588352e-10, 8.5803336658e-10, 4.29994084783e-09, 5.84962744909e-10, 1.57834245673e-10, 1.49637094382e-10, 2.06509684353e-10, 1.03528206841e-10, 4.25613745636e-11, 1.50720033676e-10, 3.61436575114e-11, 5.11974941608e-11, 1.37834526778e-11, 2.73997035997e-12, 2.9397584627e-12, 2.27272159425e-11, 6.72382201999e-12, 1.09521853392e-11, 6.94414577923e-12, 4.94689489025e-12, 7.04406932089e-12, 6.57854109729e-12, 1.31958281108e-11, 1.44505987038e-11, 4.97639533747e-11, 1.18523607595e-10, 5.50463397087e-10, 3.13639503258e-10, 1.3330835047e-10],
        "dvar2": [2.72971192317e-08, 1.61489715538e-05, 1.72562395164e-05, 9.07184357857e-07, 9.9827707345e-07, 6.2701110437e-07, 1.3284825684e-07, 5.71923131076e-08, 3.2365914393e-08, 1.00185912899e-08, 1.96185689916e-09, 9.09834263485e-10, 1.56185242517e-09, 8.85415651908e-09, 1.15865084194e-09, 3.1519997723e-10, 2.80795414698e-10, 4.61799182228e-10, 1.96793123464e-10, 8.32894239688e-11, 3.25504428966e-10, 6.39271552361e-11, 1.01197841773e-10, 2.91393575935e-11, 6.0904952956e-12, 6.37913203164e-12, 4.72456414269e-11, 1.33758377638e-11, 1.97705220251e-11, 1.41819680999e-11, 1.02536338795e-11, 1.48816410583e-11, 1.38778736766e-11, 2.95612215262e-11, 3.10890133082e-11, 1.09850691044e-10, 2.59153393189e-10, 1.33625599474e-09, 7.59951879203e-10, 3.31631416772e-10],
        "max": [0.00412754528224, 0.0830796435475, 0.0606222078204, 0.0170550178736, 0.0123579939827, 0.013846160844, 0.0108001548797, 0.00531664816663, 0.00453392975032, 0.0041053253226, 0.0021603142377, 0.000917892262805, 0.00144322414417, 0.00331213930622, 0.0014462035615, 0.000844725291245, 0.000539219588973, 0.000783103751019, 0.000461832532892, 0.000244340277277, 0.000613176089246, 0.000507663644385, 0.00028507746174, 0.000186984412721, 9.64973805822e-05, 8.03010043455e-05, 0.000300096551655, 0.000121364588267, 0.000166253725183, 0.000139044685056, 0.000116316245112, 0.000129972642753, 0.000132866291096, 0.000299713370623, 0.000175605193363, 0.000367822620319, 0.000596225843765, 0.00170281727333, 0.00103209237568, 0.000778315064963],
        "mean": [4.32653287135e-05, 0.00406328262761, 0.00392991537228, 0.00107715732884, 0.00127458793577, 0.000842524168547, 0.000278497347608, 0.000131501990836, 6.41356600681e-05, 4.91093232995e-05, 2.28656954278e-05, 1.29305162773e-05, 1.60404797498e-05, 1.48215440277e-05, 1.00536708487e-05, 6.4494875005e-06, 6.81602250552e-06, 4.97744713357e-06, 4.52898711956e-06, 2.78899619843e-06, 3.02894090964e-06, 2.05760579775e-06, 2.11270298678e-06, 1.141090479e-06, 6.17592831986e-07, 5.78995582146e-07, 1.19059188819e-06, 8.34591901366e-07, 8.79552487731e-07, 6.17619946297e-07, 5.46502292309e-07, 5.48063781025e-07, 5.07913910042e-07, 5.97699113314e-07, 7.14295765647e-07, 1.17114393561e-06, 1.73980743057e-06, 2.3680859158e-06, 1.75813079295e-06, 1.00235229183e-06],
        "median": [1.25140604723e-05, 0.00286853336729, 0.00262625492178, 0.000628797686659, 0.000848781201057, 0.000398668518756, 6.19088823441e-05, 2.05044925679e-05, 6.91010973242e-06, 5.34195260116e-06, 2.09372092286e-06, 2.0163811314e-06, 2.11651922655e-06, 8.09786854461e-07, 8.84781002242e-07, 7.18759906704e-07, 7.26583721189e-07, 2.98741952065e-07, 2.42287512719e-07, 2.33625627288e-07, 1.47870579781e-07, 1.02983264583e-07, 6.94683919278e-08, 5.28375174724e-08, 4.34312674713e-08, 3.47681350377e-08, 3.87544112357e-08, 2.78960214928e-08, 2.38042989764e-08, 1.9890162406e-08, 1.92673486055e-08, 1.70638436714e-08, 1.50707126778e-08, 1.57908193188e-08, 1.60261954818e-08, 2.02982519681e-08, 2.06794474877e-08, 1.93944433846e-08, 1.29102373236e-08, 5.24303755967e-09],
        "min": [1.5288510885e-24, 2.35184600509e-24, 1.39494165402e-24, 1.45811570607e-24, 9.48207159594e-25, 8.73055635205e-25, 1.31706491102e-24, 2.08970792072e-24, 2.22498967735e-24, 3.43591246611e-24, 1.5468533874e-24, 2.82087528642e-24, 2.31363634386e-24, 2.48708693818e-24, 2.22958360884e-24, 2.37122378158e-24, 2.91802646513e-24, 3.4533163154e-24, 3.74158344511e-24, 2.83881319454e-24, 3.55897318961e-24, 4.25817098105e-24, 4.1454648458e-24, 3.9146618943e-24, 4.81698584681e-24, 3.32030332273e-24, 5.00109769905e-24, 4.26803213679e-24, 4.36478001036e-24, 4.34762859656e-24, 3.53717301849e-24, 6.29440162657e-24, 5.38629335147e-24, 5.0991483764e-24, 6.63234017204e-24, 5.46196680596e-24, 5.10244778714e-24, 6.63694475314e-24, 6.84116190884e-24, 6.29151518452e-24],
        "var": [2.3641112179e-08, 2.32392540056e-05, 2.50219000009e-05, 1.9673884708e-06, 1.91016806639e-06, 1.289435545e-06, 5.19664524745e-07, 1.50386341602e-07, 6.52722818018e-08, 3.0715408883e-08, 8.48220693683e-09, 1.7575573219e-09, 3.63665475511e-09, 1.17684040291e-08, 2.48237652656e-09, 6.66161736884e-10, 6.06106664858e-10, 6.26001694926e-10, 3.71235958641e-10, 1.28292904078e-10, 3.75731945557e-10, 1.63746433079e-10, 1.49533579963e-10, 3.48585847687e-11, 7.07742328285e-12, 6.242332172e-12, 5.7925740593e-11, 1.94891464078e-11, 3.44190544121e-11, 1.56158315445e-11, 1.01970697511e-11, 1.19554054157e-11, 1.1152913662e-11, 2.15060365349e-11, 2.18670498375e-11, 7.02001998198e-11, 1.65885236103e-10, 5.729895447e-10, 3.0712646315e-10, 1.21666204889e-10]
    },
    "mfcc": {
        "mean": [-798.68145752, 164.677154541, 58.4103126526, 19.7635040283, 15.1064691544, 2.12622952461, -8.99908256531, -14.242190361, -17.2546195984, -12.1021356583, -16.4057331085, -7.90463829041, -11.5799798965],
        "cov": [[11908.8476562, -899.622741699, -784.538085938, -224.021774292, -285.865966797, -158.099685669, -399.123962402, -139.827407837, -231.501678467, 181.026626587, -150.212600708, 90.0805282593, -158.998947144], [-899.622741699, 2687.11230469, 327.448913574, 126.994972229, 113.72543335, 68.0097045898, 27.5667476654, -67.802482605, -23.5250282288, -86.4991149902, -72.3263931274, -116.029823303, -74.9049453735], [-784.538085938, 327.448913574, 882.728210449, 174.839187622, 260.849975586, 141.084274292, 170.349349976, 72.8439178467, 55.391784668, -24.1805706024, 30.6508197784, -15.0401210785, -4.91621112823], [-224.021774292, 126.994972229, 174.839187622, 372.856292725, 123.87625885, 112.379638672, 90.1498641968, 53.1996154785, 14.3339958191, 1.68252515793, 19.3991603851, 6.76368808746, -20.5775356293], [-285.865966797, 113.72543335, 260.849975586, 123.87625885, 275.964111328, 110.321044922, 116.725639343, 55.6037483215, 49.0212059021, 14.8592805862, 33.901096344, 6.62825012207, -4.88544178009], [-158.099685669, 68.0097045898, 141.084274292, 112.379638672, 110.321044922, 195.872451782, 88.7621612549, 55.3458061218, 18.3166675568, 6.93427801132, 21.331029892, -2.57716059685, -19.4785385132], [-399.123962402, 27.5667476654, 170.349349976, 90.1498641968, 116.725639343, 88.7621612549, 201.702346802, 79.5817565918, 42.8813743591, 6.32129144669, 25.7503070831, 14.8276157379, 14.5503511429], [-139.827407837, -67.802482605, 72.8439178467, 53.1996154785, 55.6037483215, 55.3458061218, 79.5817565918, 137.577209473, 48.8189544678, 16.2459888458, 7.02391862869, 8.60300254822, 15.6496629715], [-231.501678467, -23.5250282288, 55.391784668, 14.3339958191, 49.0212059021, 18.3166675568, 42.8813743591, 48.8189544678, 112.861167908, 32.976360321, 8.95760726929, 2.93857002258, 14.6092147827], [181.026626587, -86.4991149902, -24.1805706024, 1.68252515793, 14.8592805862, 6.93427801132, 6.32129144669, 16.2459888458, 32.976360321, 121.795249939, 41.4761276245, 9.74150943756, 6.98350334167], [-150.212600708, -72.3263931274, 30.6508197784, 19.3991603851, 33.901096344, 21.331029892, 25.7503070831, 7.02391862869, 8.95760726929, 41.4761276245, 123.690864563, 51.0150985718, 3.95649981499], [90.0805282593, -116.029823303, -15.0401210785, 6.76368808746, 6.62825012207, -2.57716059685, 14.8276157379, 8.60300254822, 2.93857002258, 9.74150943756, 51.0150985718, 128.937988281, 49.6717185974], [-158.998947144, -74.9049453735, -4.91621112823, -20.5775356293, -4.88544178009, -19.4785385132, 14.5503511429, 15.6496629715, 14.6092147827, 6.98350334167, 3.95649981499, 49.6717185974, 145.550796509]],
