{
"lowlevel": {
    "average_loudness": 0.0854640230536,
    "barkbands_crest": {
        "dmean": 2.0578379631,
        "dmean2": 3.35028886795,
        "dvar": 3.34561753273,
        "dvar2": 9.59182929993,
        "max": 25.6034259796,
        "mean": 11.4182138443,
        "median": 10.8752851486,
        "min": 2.99767827988,
        "var": 15.6296863556
    },
    "barkbands_flatness_db": {
        "dmean": 0.0205387566239,
        "dmean2": 0.0343152396381,
        "dvar": 0.000440702802734,
        "dvar2": 0.00128396623768,
        "max": 0.578164517879,
        "mean": 0.235187754035,
        "median": 0.22679848969,
        "min": 0.0229603163898,
        "var": 0.00784405786544
    },
    "barkbands_kurtosis": {
        "dmean": 3.77674126625,
        "dmean2": 6.26562929153,
        "dvar": 116.246147156,
        "dvar2": 332.323150635,
        "max": 445.691345215,
        "mean": 7.57263660431,
        "median": 3.38282680511,
        "min": -1.81352341175,
        "var": 364.131195068
    },
    "barkbands_skewness": {
        "dmean": 0.509267747402,
        "dmean2": 0.82804620266,
        "dvar": 0.32629725337,
        "dvar2": 0.927872955799,
        "max": 17.4252510071,
        "mean": 1.72744143009,
        "median": 1.529758811,
        "min": -4.226521492,
        "var": 2.53460478783
    },
    "barkbands_spread": {
        "dmean": 2.19827246666,
        "dmean2": 3.57762813568,
        "dvar": 9.24782371521,
        "dvar2": 27.3143844604,
        "max": 109.380729675,
        "mean": 10.7584781647,
        "median": 9.21901798248,
        "min": 0.258801370859,
        "var": 53.01404953
    },
    "dissonance": {
        "dmean": 0.0308567285538,
        "dmean2": 0.0527407415211,
        "dvar": 0.000930782232899,
        "dvar2": 0.00261192512698,
        "max": 0.500000119209,
        "mean": 0.429641634226,
        "median": 0.439704090357,
        "min": 0.181918829679,
        "var": 0.00230545550585
    },
    "dynamic_complexity": 6.45154809952,
    "erbbands_crest": {
        "dmean": 2.54240036011,
        "dmean2": 4.06010389328,
        "dvar": 6.18265533447,
        "dvar2": 15.1012382507,
        "max": 32.4984321594,
        "mean": 11.1921167374,
        "median": 10.0709953308,
        "min": 1.87348628044,
        "var": 26.2045631409
    },
    "erbbands_flatness_db": {
        "dmean": 0.016653271392,
        "dmean2": 0.0267241764814,
        "dvar": 0.000338480778737,
        "dvar2": 0.000920953287277,
        "max": 0.44956099987,
        "mean": 0.222458228469,
        "median": 0.20272372663,
        "min": 0.0254541393369,
        "var": 0.00767732737586
    },
    "erbbands_kurtosis": {
        "dmean": 1.25824046135,
        "dmean2": 1.97913742065,
        "dvar": 5.38745689392,
        "dvar2": 12.7252416611,
        "max": 109.109275818,
        "mean": 1.81264078617,
        "median": 1.0398812294,
        "min": -1.8752194643,
        "var": 12.1295156479
    },
    "erbbands_skewness": {
        "dmean": 0.309292048216,
        "dmean2": 0.490446567535,
        "dvar": 0.0947518348694,
        "dvar2": 0.241980031133,
        "max": 7.89234399796,
        "mean": 0.748334646225,
        "median": 0.762532830238,
        "min": -3.33744430542,
        "var": 0.503631532192
    },
    "erbbands_spread": {
        "dmean": 4.64684104919,
        "dmean2": 7.22899389267,
        "dvar": 29.7114849091,
        "dvar2": 71.0961456299,
        "max": 114.132064819,
        "mean": 23.4197502136,
        "median": 20.8844261169,
        "min": 1.05840647221,
        "var": 184.958435059
    },
    "hfc": {
        "dmean": 3.04121351242,
        "dmean2": 4.48762178421,
        "dvar": 30.6572341919,
        "dvar2": 62.8218727112,
        "max": 142.812240601,
        "mean": 13.5927114487,
        "median": 6.20768690109,
        "min": 1.06637643028e-16,
        "var": 278.895782471
    },
    "melbands_crest": {
        "dmean": 3.37486791611,
        "dmean2": 5.62626934052,
        "dvar": 10.5476913452,
        "dvar2": 32.9732246399,
        "max": 39.7400970459,
        "mean": 17.2128105164,
        "median": 16.4041118622,
        "min": 1.00114154816,
        "var": 46.50623703
    },
    "melbands_flatness_db": {
        "dmean": 0.0230466332287,
        "dmean2": 0.0385444536805,
        "dvar": 0.000601387990173,
        "dvar2": 0.00177985487971,
        "max": 0.725457072258,
        "mean": 0.335060060024,
        "median": 0.326029777527,
        "min": 1.72573336954e-07,
        "var": 0.0124422116205
    },
    "melbands_kurtosis": {
        "dmean": 7.31373548508,
        "dmean2": 12.4042787552,
        "dvar": 994.058105469,
        "dvar2": 3189.54296875,
        "max": 1566.1472168,
        "mean": 13.9646959305,
        "median": 5.99039459229,
        "min": -1.86982154846,
        "var": 1354.09362793
    },
    "melbands_skewness": {
        "dmean": 0.650840580463,
        "dmean2": 1.06739008427,
        "dvar": 0.848688483238,
        "dvar2": 2.6061835289,
        "max": 36.8177986145,
        "mean": 2.37082147598,
        "median": 1.99888956547,
        "min": -3.37841057777,
        "var": 3.8987596035
    },
    "melbands_spread": {
        "dmean": 2.59913396835,
        "dmean2": 4.2682261467,
        "dvar": 18.5998382568,
        "dvar2": 58.8164482117,
        "max": 171.990066528,
        "mean": 13.6506643295,
        "median": 9.7126865387,
        "min": 0.129895046353,
        "var": 407.537139893
    },
    "pitch_salience": {
        "dmean": 0.0603550225496,
        "dmean2": 0.100774653256,
        "dvar": 0.00313268532045,
        "dvar2": 0.00930477678776,
        "max": 0.996080517769,
        "mean": 0.481713801622,
        "median": 0.48265632987,
        "min": 0.025116737932,
        "var": 0.0180875360966
    },
    "silence_rate_20dB": {
        "dmean": 0.00349993002601,
        "dmean2": 0.00700034992769,
        "dvar": 0.00348725751974,
        "dvar2": 0.00933101214468,
        "max": 1,
        "mean": 0.996990263462,
        "median": 1,
        "min": 0,
        "var": 0.00300050224178
    },
    "silence_rate_30dB": {
        "dmean": 0.040459189564,
        "dmean2": 0.0809240490198,
        "dvar": 0.0388272553682,
        "dvar2": 0.0914669781923,
        "max": 1,
        "mean": 0.883250534534,
        "median": 1,
        "min": 0,
        "var": 0.103129893541
    },
    "silence_rate_60dB": {
        "dmean": 0.0222595538944,
        "dmean2": 0.0445222258568,
        "dvar": 0.0217608306557,
        "dvar2": 0.0503735952079,
        "max": 1,
        "mean": 0.180513754487,
        "median": 0,
        "min": 0,
        "var": 0.147931039333
    },
    "spectral_centroid": {
        "dmean": 97.9396820068,
        "dmean2": 159.447982788,
        "dvar": 27259.2910156,
        "dvar2": 69673.7421875,
        "max": 11849.578125,
        "mean": 948.186096191,
        "median": 617.686218262,
        "min": 136.366195679,
        "var": 2753601.25
    },
    "spectral_complexity": {
        "dmean": 1.57496845722,
        "dmean2": 2.62933135033,
        "dvar": 2.63843393326,
        "dvar2": 6.83054542542,
        "max": 38,
        "mean": 12.1564359665,
        "median": 11,
        "min": 0,
        "var": 63.4766273499
    },
    "spectral_decrease": {
        "dmean": 3.19565596207e-09,
        "dmean2": 5.09287634287e-09,
        "dvar": 4.09983898067e-17,
        "dvar2": 1.08352845042e-16,
        "max": 2.02893758524e-28,
        "mean": -1.14358780223e-08,
        "median": -5.58088952829e-09,
        "min": -1.78718039479e-07,
        "var": 2.05313970446e-16
    },
    "spectral_energy": {
        "dmean": 0.0122385714203,
        "dmean2": 0.0194798931479,
        "dvar": 0.000593071046751,
        "dvar2": 0.00156470714137,
        "max": 0.682995259762,
        "mean": 0.0443945415318,
        "median": 0.0217608381063,
        "min": 9.90493368894e-21,
        "var": 0.00305475876667
    },
    "spectral_energyband_high": {
        "dmean": 0.000105490049464,
        "dmean2": 0.000149443163536,
        "dvar": 1.09883984578e-07,
        "dvar2": 2.04476592103e-07,
        "max": 0.00868933647871,
        "mean": 0.000296239595627,
        "median": 7.28104168957e-06,
        "min": 6.86953142327e-21,
        "var": 3.88741767665e-07
    },
    "spectral_energyband_low": {
        "dmean": 0.010182085447,
        "dmean2": 0.0162442382425,
        "dvar": 0.000522458576597,
        "dvar2": 0.00138633779716,
        "max": 0.624220848083,
        "mean": 0.0280708950013,
        "median": 0.00989695638418,
        "min": 7.42674676942e-24,
        "var": 0.00188743206672
    },
    "spectral_energyband_middle_high": {
        "dmean": 0.00119027518667,
        "dmean2": 0.00179641193245,
        "dvar": 7.28016857465e-06,
        "dvar2": 1.60612562468e-05,
        "max": 0.06317422539,
        "mean": 0.0034392667003,
        "median": 0.000940615776926,
        "min": 1.08953368677e-21,
        "var": 3.21215484291e-05
    },
    "spectral_energyband_middle_low": {
        "dmean": 0.00357760279439,
        "dmean2": 0.00559952342883,
        "dvar": 3.46337619703e-05,
        "dvar2": 9.00841550902e-05,
        "max": 0.0980863049626,
        "mean": 0.0122908148915,
        "median": 0.00707619823515,
        "min": 1.44662688573e-22,
        "var": 0.000182275107363
    },
    "spectral_entropy": {
        "dmean": 0.14666827023,
        "dmean2": 0.242690637708,
        "dvar": 0.0255755204707,
        "dvar2": 0.0722777321935,
        "max": 9.82859134674,
        "mean": 6.72357416153,
        "median": 6.71877908707,
        "min": 5.00966358185,
        "var": 0.585457384586
    },
    "spectral_flux": {
        "dmean": 0.0170604493469,
        "dmean2": 0.0278589054942,
        "dvar": 0.000565413793083,
        "dvar2": 0.00152592314407,
        "max": 0.519438505173,
        "mean": 0.0684925988317,
        "median": 0.0533859357238,
        "min": 6.20354531633e-11,
        "var": 0.0033235065639
    },
    "spectral_kurtosis": {
        "dmean": 11.1356935501,
        "dmean2": 19.6860733032,
        "dvar": 363.349884033,
        "dvar2": 1071.11486816,
        "max": 319.262695312,
        "mean": 27.9247283936,
        "median": 11.0377645493,
        "min": -1.28113496304,
        "var": 1328.00842285
    },
    "spectral_rms": {
        "dmean": 0.000729031686205,
        "dmean2": 0.00116180465557,
        "dvar": 9.3335739848e-07,
        "dvar2": 2.47120533459e-06,
        "max": 0.0258135013282,
        "mean": 0.00535773485899,
        "median": 0.00460761180148,
        "min": 3.10859281025e-12,
        "var": 1.46061274791e-05
    },
    "spectral_rolloff": {
        "dmean": 129.342193604,
        "dmean2": 228.542510986,
        "dvar": 176291.125,
        "dvar2": 587436.9375,
        "max": 19939.7460938,
        "mean": 998.133361816,
        "median": 516.796875,
        "min": 21.533203125,
        "var": 8584545
    },
    "spectral_skewness": {
        "dmean": 0.686385273933,
        "dmean2": 1.2060791254,
        "dvar": 0.871409654617,
        "dvar2": 2.66152048111,
        "max": 13.2910442352,
        "mean": 3.26713180542,
        "median": 2.52010178566,
        "min": -0.118415012956,
        "var": 3.96532392502
    },
    "spectral_spread": {
        "dmean": 363012.625,
        "dmean2": 603218.5,
        "dvar": 319842189312,
        "dvar2": 798475812864,
        "max": 43145204,
        "mean": 3722755,
        "median": 2659132.75,
        "min": 238225.46875,
        "var": 3.80691388826e+13
    },
    "spectral_strongpeak": {
        "dmean": 0.297100454569,
        "dmean2": 0.525324344635,
        "dvar": 0.413806468248,
        "dvar2": 1.07606053352,
        "max": 9.69257068634,
        "mean": 0.467796057463,
        "median": 0.212077185512,
        "min": 0,
        "var": 0.570511937141
    },
    "zerocrossingrate": {
        "dmean": 0.00408216938376,
        "dmean2": 0.00553225912154,
        "dvar": 4.19122734456e-05,
        "dvar2": 8.52465163916e-05,
        "max": 0.5361328125,
        "mean": 0.0386387445033,
        "median": 0.0234375,
        "min": 0.00048828125,
        "var": 0.00634188950062
    },
    "barkbands": {
        "dmean": [0.00383249251172, 0.00733000785112, 0.00154347345233, 0.000614369346295, 0.000543855363503, 0.00156496686395, 0.000939815014135, 0.000807621749118, 0.00134507694747, 0.000460212730104, 0.000526584568433, 0.00030450115446, 0.000197723958991, 0.000189678234165, 8.20662098704e-05, 5.74508703721e-05, 5.15848405485e-05, 5.12126061949e-05, 3.08314483846e-05, 4.19707612309e-05, 2.73445075436e-05, 2.69962129096e-05, 3.66506792489e-05, 2.84526086034e-05, 1.31395199787e-05, 4.24402242061e-06, 7.2299991416e-07],
        "dmean2": [0.00625226413831, 0.0116216475144, 0.00261047668755, 0.00102878629696, 0.000883222441189, 0.00253561628051, 0.00142326904461, 0.00131834601052, 0.00208298489451, 0.0007452571881, 0.000805910676718, 0.000471707986435, 0.000303593988065, 0.000302299595205, 0.000139264462632, 9.51623514993e-05, 8.29526179587e-05, 8.20048444439e-05, 4.70481427328e-05, 6.67993590469e-05, 4.07306542911e-05, 4.17512565036e-05, 4.85059899802e-05, 4.46421108791e-05, 1.92580246221e-05, 6.23219193585e-06, 1.10003588816e-06],
        "dvar": [7.52207852202e-05, 0.000284895359073, 1.59615447046e-05, 1.56949079155e-06, 9.70935161604e-07, 9.10010749067e-06, 4.24847803515e-06, 3.2591310628e-06, 1.03881493487e-05, 1.94856147573e-06, 2.18425907406e-06, 9.04006583369e-07, 7.94216873601e-07, 7.69101234255e-07, 1.67915700899e-07, 4.93545755376e-08, 2.70767053223e-08, 3.11977075285e-08, 2.66973092522e-08, 2.47579556856e-08, 1.33697390936e-08, 2.14258975006e-08, 2.60774015715e-08, 8.82104256306e-09, 2.57989607455e-09, 3.9348560521e-10, 1.56191483358e-11],
        "dvar2": [0.000207003657124, 0.000760749448091, 4.74324988318e-05, 4.43767021352e-06, 2.59892681242e-06, 2.53113666986e-05, 9.40074369282e-06, 8.59422743815e-06, 2.59710759565e-05, 4.90615366289e-06, 4.9186655815e-06, 1.98821385311e-06, 1.38566065289e-06, 1.68882934304e-06, 4.73590972661e-07, 1.24872798324e-07, 6.52420268921e-08, 7.58542668677e-08, 4.15341077087e-08, 5.15307867488e-08, 3.19840331997e-08, 4.74537493744e-08, 4.7743831999e-08, 2.1755056423e-08, 6.10152683933e-09, 9.21786980079e-10, 3.2404811473e-11],
        "max": [0.154531866312, 0.420106559992, 0.155976846814, 0.0302138254046, 0.0209712274373, 0.0603752508759, 0.0614426322281, 0.0461211390793, 0.0713349357247, 0.053579159081, 0.0336993224919, 0.0351164080203, 0.0331509336829, 0.0337979011238, 0.0222731083632, 0.0150831229985, 0.00439323391765, 0.00604130933061, 0.0160802546889, 0.0127393566072, 0.00444455025718, 0.00797372963279, 0.00572403892875, 0.00252759316936, 0.00204634177499, 0.000587481074035, 0.000168353886693],
        "mean": [0.00585431745276, 0.0181308276951, 0.00449497066438, 0.00115807796828, 0.00124995305669, 0.00340462871827, 0.00214270805009, 0.00137686938979, 0.00268287793733, 0.000862859131303, 0.000941565842368, 0.000586343288887, 0.00033756630728, 0.000311672716634, 0.000143993107486, 0.000106531435449, 9.62094636634e-05, 0.000100905366708, 6.08131631452e-05, 8.83827960934e-05, 5.94122648181e-05, 5.15880819876e-05, 6.89155858709e-05, 4.9266654969e-05, 2.43733556999e-05, 7.51244624553e-06, 1.41742884807e-06],
        "median": [0.00180947617628, 0.00547786895186, 0.000825837429147, 0.000345724722138, 0.000585416099057, 0.00103617296554, 0.000774634012487, 0.00041491977754, 0.000485720083816, 0.000158394541359, 0.000151457934408, 8.77487182152e-05, 4.83161384182e-05, 4.92832186865e-05, 3.963393101e-05, 1.46539723573e-05, 1.9737151888e-05, 1.13385831355e-05, 6.35007518213e-06, 8.31883698993e-06, 1.35670654799e-06, 8.07046660611e-07, 6.40384484996e-07, 3.20559138345e-07, 1.85296030963e-07, 5.95145017712e-08, 1.42050984309e-08],
        "min": [2.86291107096e-25, 9.14185560904e-25, 1.98679475405e-25, 4.81638828467e-25, 6.37617179256e-24, 3.82704271913e-24, 6.65134225352e-24, 1.71674947309e-24, 1.33016621433e-23, 6.26887211553e-24, 7.56756238531e-24, 1.26975800722e-23, 2.71393458054e-23, 3.54932092423e-23, 4.01426449771e-23, 3.50787322563e-23, 5.46690830955e-23, 6.17671714792e-23, 1.07574071259e-22, 1.35743284442e-22, 2.27766584852e-22, 2.70708184052e-22, 3.67225404158e-22, 4.93287320566e-22, 7.66063506636e-22, 1.25621552793e-21, 1.93943844113e-21],
        "var": [0.000135460926685, 0.0009176878375, 7.58821333875e-05, 4.39643690697e-06, 3.01240129374e-06, 3.13593154715e-05, 1.67278558365e-05, 6.91033301337e-06, 2.49625991273e-05, 4.42766349806e-06, 5.28750888407e-06, 2.77348112832e-06, 1.70210921624e-06, 1.56072485424e-06, 1.90268892197e-07, 1.06948007783e-07, 5.62677193727e-08, 7.09847682856e-08, 8.29450712558e-08, 5.66211717512e-08, 2.38235458028e-08, 3.53871136838e-08, 5.98583014266e-08, 1.79080323903e-08, 4.83783235694e-09, 7.34900307275e-10, 4.12051261167e-11]
    },
    "erbbands": {
        "dmean": [0.430390745401, 1.03820991516, 1.89450979233, 1.84932255745, 1.31367397308, 1.9710599184, 12.2678041458, 9.32279491425, 9.18949794769, 17.286895752, 26.3410453796, 23.6447238922, 19.481798172, 20.1932411194, 11.7548475266, 10.2656755447, 9.06272220612, 9.41880893707, 5.14220714569, 3.52923989296, 3.40721082687, 3.13956046104, 2.4813439846, 1.80870437622, 2.2027463913, 1.52960538864, 1.05403757095, 1.10704696178, 1.0679872036, 0.913744091988, 1.12900984287, 0.701446354389, 0.396883755922, 0.178555816412, 0.082638271153, 0.0228288751096, 0.00806278456002, 0.00108197983354, 0.000127612496726, 1.6817199139e-05],
        "dmean2": [0.682604253292, 1.63164579868, 3.22568249702, 3.11431789398, 2.14289879799, 3.1568646431, 20.4609375, 14.7427330017, 13.4792442322, 26.9411430359, 42.5217285156, 36.4199256897, 30.4927406311, 31.2264633179, 18.3991203308, 15.9415006638, 13.8446531296, 14.7223997116, 8.48488521576, 5.93699598312, 5.65063858032, 5.07398605347, 4.02444934845, 2.85058927536, 3.4098880291, 2.37817454338, 1.60161721706, 1.60526156425, 1.64761090279, 1.38609659672, 1.42787647247, 1.10031354427, 0.619389116764, 0.268261879683, 0.116585500538, 0.0323990806937, 0.0119971828535, 0.00162606406957, 0.000189589030924, 2.58311029029e-05],
        "dvar": [0.948866903782, 6.53879928589, 25.4631786346, 13.5258893967, 6.97663211823, 13.3484392166, 772.503295898, 321.214233398, 448.928833008, 2040.1151123, 4665.8515625, 2792.52124023, 2648.66210938, 3348.70703125, 844.561889648, 962.998962402, 1345.73596191, 2124.43261719, 398.965698242, 268.270782471, 216.394470215, 114.390510559, 79.9954528809, 45.0644302368, 72.38722229, 59.613609314, 13.3886022568, 32.0301208496, 42.7010536194, 27.111623764, 26.0999107361, 6.12308311462, 2.15553855896, 0.589371621609, 0.138046234846, 0.00951860193163, 0.00231306231581, 3.35241784342e-05, 4.53455157867e-07, 1.42171163731e-09],
        "dvar2": [2.49183368683, 17.6005802155, 74.6967849731, 39.0590286255, 18.5663795471, 33.305644989, 2372.02587891, 848.44720459, 880.928405762, 4684.15673828, 12702.2832031, 7043.14111328, 6290.26074219, 7658.47900391, 2034.76525879, 2209.48583984, 2460.63696289, 4352.49121094, 1091.6204834, 726.372558594, 551.403381348, 280.484008789, 194.881866455, 96.7734451294, 131.536560059, 114.51750946, 27.3870029449, 80.1667861938, 89.68699646, 57.7968254089, 43.3068389893, 14.9817619324, 5.2170419693, 1.4789557457, 0.296892285347, 0.0203257799149, 0.00560576329008, 7.63715725043e-05, 8.86753014129e-07, 3.05358094366e-09],
        "max": [24.2625961304, 82.4764938354, 181.692016602, 81.4800872803, 70.0272064209, 107.969306946, 544.980651855, 411.821777344, 1030.38769531, 1752.64013672, 1449.63049316, 1020.4899292, 2090.20800781, 1324.19787598, 774.323913574, 1023.00427246, 1314.58996582, 1915.68591309, 844.277893066, 790.858398438, 999.157043457, 300.515075684, 332.701721191, 345.473114014, 669.192993164, 770.914672852, 207.669296265, 223.49949646, 454.0831604, 342.03729248, 260.719024658, 64.9250869751, 69.1878890991, 46.985168457, 18.8952560425, 4.92920541763, 1.96415126324, 0.286461770535, 0.0294486954808, 0.00204305071384],
        "mean": [0.804999053478, 2.92883038521, 5.92532873154, 4.26807165146, 2.90164899826, 4.70809364319, 22.9888916016, 21.822265625, 23.6789455414, 35.3261260986, 45.2578964233, 50.6732215881, 39.7394256592, 38.9367485046, 24.1123638153, 20.6135463715, 16.5758705139, 16.3693885803, 9.71078395844, 6.87185096741, 6.72937488556, 5.93682718277, 5.02426767349, 3.85764813423, 4.53754520416, 3.37420797348, 2.40065860748, 2.3873898983, 2.01319766045, 1.73102092743, 2.11658596992, 1.25961399078, 0.661426186562, 0.307850182056, 0.162628531456, 0.044178891927, 0.0128426933661, 0.00188108417206, 0.000263457826804, 6.32220617263e-05],
        "median": [0.216480433941, 0.758096039295, 1.42273938656, 1.79164433479, 1.22412776947, 2.35559415817, 6.0847234726, 7.09762525558, 7.92909622192, 13.5281219482, 11.6898708344, 10.3040752411, 7.29414176941, 7.33881568909, 5.48347091675, 3.77792739868, 2.6886909008, 3.03857660294, 2.13361048698, 1.60939538479, 0.986617147923, 1.04652762413, 0.58165127039, 0.620824992657, 0.466620028019, 0.299790501595, 0.124415919185, 0.041798569262, 0.0318196862936, 0.0279566012323, 0.0161484349519, 0.00823077373207, 0.00514403916895, 0.00289945327677, 0.00107794080395, 0.000403985119192, 0.000100365497929, 1.98719972104e-05, 1.58481470862e-05, 2.53370253631e-05],
        "min": [4.32984009869e-23, 2.43200995562e-22, 7.4933001241e-22, 2.22042337494e-21, 8.99931955221e-21, 2.72094309345e-20, 2.05676423672e-20, 4.68890367529e-20, 7.9887371651e-20, 1.04868012893e-19, 1.39839341573e-19, 2.74769469607e-19, 3.12805147028e-19, 4.85751474964e-19, 5.67627931645e-19, 1.02085006373e-18, 1.43552273584e-18, 1.80629651925e-18, 2.1070114135e-18, 2.71117792905e-18, 3.10732568455e-18, 3.63231591943e-18, 3.69295032628e-18, 6.14408335027e-18, 5.45512999474e-18, 6.53780560541e-18, 8.10603416769e-18, 8.71168836758e-18, 1.07726212715e-17, 9.73926506405e-18, 1.04043315114e-17, 8.07062504721e-18, 8.38631439209e-18, 7.92542258966e-18, 5.68278540216e-18, 3.96959219676e-18, 2.06807002501e-18, 8.63373900255e-19, 2.24257969845e-19, 2.50421191788e-20],
        "var": [2.21171855927, 22.7778549194, 109.455711365, 44.4965896606, 19.4947967529, 49.2031402588, 1824.76794434, 1214.66247559, 2442.9362793, 6660.36767578, 8469.88671875, 7909.41748047, 6915.59716797, 8362.48828125, 2309.66113281, 2778.91894531, 2944.01586914, 4344.65283203, 713.583984375, 400.731384277, 464.015167236, 227.278015137, 177.325973511, 110.32093811, 209.24055481, 125.44455719, 35.7500190735, 47.5598602295, 71.9297409058, 45.2358779907, 64.8159408569, 12.5814285278, 4.18323755264, 0.973399221897, 0.259048402309, 0.0222968105227, 0.00352926133201, 7.61589180911e-05, 1.3663051277e-06, 8.56821191775e-09]
    },
    "gfcc": {
        "mean": [-132.141464233, 165.716171265, -100.158508301, 6.95744752884, -40.1433486938, 4.65571737289, -18.2421951294, 7.87920093536, -8.44131183624, 0.288619428873, -1.6708868742, -4.85430335999, -2.73580145836],
        "cov": [[52565.9726562, -1096.96044922, -3072.84985352, 3076.74389648, -3530.89477539, 2223.04882812, -579.996154785, 1618.28845215, -210.059585571, 692.983276367, -308.636108398, 512.499450684, -28.4213275909], [-1096.96044922, 4049.01049805, -873.827270508, -1404.91259766, 822.763671875, -1026.5567627, -20.5573062897, -564.477416992, 19.4733314514, -255.991577148, 225.810012817, -333.699310303, 9.95579910278], [-3072.84985352, -873.827270508, 868.569885254, 183.486602783, 77.9034194946, 251.660629272, 31.7126922607, 74.5856933594, 39.5048866272, 35.144241333, -45.173034668, 82.5132980347, 7.30530548096], [3076.74389648, -1404.91259766, 183.486602783, 943.700805664, -425.960510254, 477.637908936, 36.4168434143, 291.462188721, 28.951587677, 93.7950820923, -73.50365448, 122.673553467, 22.1696605682], [-3530.89477539, 822.763671875, 77.9034194946, -425.960510254, 605.061889648, -310.527130127, 91.3745880127, -187.097595215, 30.3029956818, -69.5409622192, 79.5263214111, -71.3520736694, -6.91372346878], [2223.04882812, -1026.5567627, 251.660629272, 477.637908936, -310.527130127, 548.743835449, 25.5533065796, 224.787811279, 8.72923851013, 77.8564910889, -66.2576522827, 116.712150574, 3.00326967239], [-579.996154785, -20.5573062897, 31.7126922607, 36.4168434143, 91.3745880127, 25.5533065796, 170.671920776, 2.44361615181, 34.6439476013, -10.7202482224, 8.46659660339, 13.9905185699, 14.9055099487], [1618.28845215, -564.477416992, 74.5856933594, 291.462188721, -187.097595215, 224.787811279, 2.44361615181, 221.968139648, 20.7619113922, 60.1299819946, -40.6721839905, 46.1217498779, 7.52222728729], [-210.059585571, 19.4733314514, 39.5048866272, 28.951587677, 30.3029956818, 8.72923851013, 34.6439476013, 20.7619113922, 113.273590088, 19.8495330811, 20.6838684082, -3.79905772209, 3.43909358978], [692.983276367, -255.991577148, 35.144241333, 93.7950820923, -69.5409622192, 77.8564910889, -10.7202482224, 60.1299819946, 19.8495330811, 111.370574951, 3.32159876823, 33.8635063171, -8.37363243103], [-308.636108398, 225.810012817, -45.173034668, -73.50365448, 79.5263214111, -66.2576522827, 8.46659660339, -40.6721839905, 20.6838684082, 3.32159876823, 95.5533676147, -11.3338880539, 9.83808231354], [512.499450684, -333.699310303, 82.5132980347, 122.673553467, -71.3520736694, 116.712150574, 13.9905185699, 46.1217498779, -3.79905772209, 33.8635063171, -11.3338880539, 120.348503113, 20.9649391174], [-28.4213275909, 9.95579910278, 7.30530548096, 22.1696605682, -6.91372346878, 3.00326967239, 14.9055099487, 7.52222728729, 3.43909358978, -8.37363243103, 9.83808231354, 20.9649391174, 99.6477966309]],
        "icov": [[0.000125595339341, -0.000332135445205, 0.00037032639375, -0.000359177764039, 0.000347029766999, -0.000436027243268, 0.000212887491216, -0.000459558708826, 0.000242184003582, -0.000469488324597, 0.000175891153049, -0.000440255535068, 0.000189281941857], [-0.000332135445205, 0.00184912735131, -0.000273813842796, 0.00167355313897, -0.0014272708213, 0.00125921762083, -0.000305332650896, 0.00159408384934, -0.00124855898321, 0.0019491155399, -0.000999207724817, 0.00186059612315, -0.000929297413677], [0.00037032639375, -0.000273813842796, 0.00331557099707, -0.000721906777471, -0.000477529683849, -0.00232505379245, 0.00142773217522, -0.000842544075567, -0.000281071843347, -0.0010134363547, 0.00108393630944, -0.00137433700729, 4.41744632553e-05], [-0.000359177764039, 0.00167355313897, -0.000721906777471, 0.00405858363956, -0.000347458058968, 0.000519860477652, -0.00121848552953, 0.000161756295711, -0.00141543638892, 0.00189039623365, -0.00100092287175, 0.00139668316115, -0.000976725830697], [0.000347029766999, -0.0014272708213, -0.000477529683849, -0.000347458058968, 0.00539580825716, 0.000272017117823, -0.0019346451154, -0.000986402970739, 0.000740522751585, -0.00111262430437, -0.000948287546635, -0.00119665800594, 0.00131024431903], [-0.000436027243268, 0.00125921762083, -0.00232505379245, 0.000519860477652, 0.000272017117823, 0.00678078411147, -0.00195252720732, -0.000662899692543, -0.00038843654329, 0.0016388730146, -0.000722650554962, -9.8130061815e-05, 0.000204350799322], [0.000212887491216, -0.000305332650896, 0.00142773217522, -0.00121848552953, -0.0019346451154, -0.00195252720732, 0.00842502620071, -0.000430655461969, -0.0018179428298, 0.000474221160403, 0.00073607993545, -0.00155964854639, -0.000687404419295], [-0.000459558708826, 0.00159408384934, -0.000842544075567, 0.000161756295711, -0.000986402970739, -0.000662899692543, -0.000430655461969, 0.0118618272245, -0.00254660495557, -0.000514917715918, 0.00101186870597, 0.00282430648804, -0.00179351423867], [0.000242184003582, -0.00124855898321, -0.000281071843347, -0.00141543638892, 0.000740522751585, -0.00038843654329, -0.0018179428298, -0.00254660495557, 0.0116757536307, -0.00319965835661, -0.00174877548125, 0.000158096518135, 0.000524144561496], [-0.000469488324597, 0.0019491155399, -0.0010134363547, 0.00189039623365, -0.00111262430437, 0.0016388730146, 0.000474221160403, -0.000514917715918, -0.00319965835661, 0.0145146865398, -0.0033272204455, -0.000599287624937, 0.000951130641624], [0.000175891153049, -0.000999207724817, 0.00108393630944, -0.00100092287175, -0.000948287546635, -0.000722650554962, 0.00073607993545, 0.00101186870597, -0.00174877548125, -0.0033272204455, 0.014289570041, -0.00111849990208, -0.00133198965341], [-0.000440255535068, 0.00186059612315, -0.00137433700729, 0.00139668316115, -0.00119665800594, -9.8130061815e-05, -0.00155964854639, 0.00282430648804, 0.000158096518135, -0.000599287624937, -0.00111849990208, 0.0140201589093, -0.00347651029006], [0.000189281941857, -0.000929297413677, 4.41744632553e-05, -0.000976725830697, 0.00131024431903, 0.000204350799322, -0.000687404419295, -0.00179351423867, 0.000524144561496, 0.000951130641624, -0.00133198965341, -0.00347651029006, 0.0116439675912]]
    },
    "melbands": {
        "dmean": [0.0028714062646, 0.00103182403836, 0.000289072224405, 9.89139734884e-05, 0.000330866663717, 0.000230690857279, 0.000152492808411, 0.000171003834112, 0.000255860562902, 0.000149611267261, 9.88902538666e-05, 8.01576170488e-05, 4.9668848078e-05, 3.24930188071e-05, 2.59433600149e-05, 2.58034997387e-05, 1.60936178872e-05, 9.62377271208e-06, 7.41193662179e-06, 3.40983933711e-06, 4.10398206441e-06, 4.0362715481e-06, 1.7657122271e-06, 2.76007017419e-06, 1.39297526403e-06, 1.49262120885e-06, 1.97202234631e-06, 1.00853162621e-06, 7.93332844751e-07, 6.10826077718e-07, 6.93884089742e-07, 7.11518396201e-07, 5.11543987614e-07, 5.40079383882e-07, 8.18739124497e-07, 4.27656232205e-07, 4.80697963212e-07, 3.3002464761e-07, 2.28694801763e-07, 1.42012453352e-07],
        "dmean2": [0.00454985396937, 0.00172073731665, 0.00048352975864, 0.000156257956405, 0.000549737014808, 0.000364386098227, 0.000228102784604, 0.000265538459644, 0.000413645582739, 0.000227625816478, 0.000154814712005, 0.000124238082208, 7.73533174652e-05, 4.97212822665e-05, 4.19619827881e-05, 3.90725035686e-05, 2.55230388575e-05, 1.58380971698e-05, 1.26256454678e-05, 5.65804202779e-06, 6.80746325088e-06, 6.53291681374e-06, 2.82865289591e-06, 4.5125852921e-06, 2.20873289436e-06, 2.21562640945e-06, 3.19320611197e-06, 1.55903546784e-06, 1.19345043004e-06, 9.53916355684e-07, 9.9025567124e-07, 1.11004339942e-06, 8.17639431716e-07, 8.26850282465e-07, 1.0260101817e-06, 6.21871890871e-07, 7.61900139423e-07, 5.28088264673e-07, 3.58190646921e-07, 2.16346876414e-07],
        "dvar": [4.17677947553e-05, 7.18374485587e-06, 3.22313923107e-07, 3.6511462298e-08, 5.29173632913e-07, 1.80776538627e-07, 1.01910579531e-07, 1.85791790841e-07, 4.98441863783e-07, 1.06272487699e-07, 6.99994942011e-08, 5.08428001922e-08, 1.63478670601e-08, 1.19397256526e-08, 7.25942328472e-09, 1.64982214557e-08, 6.07211880777e-09, 1.77138281821e-09, 1.84157944449e-09, 1.22695548166e-10, 3.34772570776e-10, 2.09751230273e-10, 7.27877411122e-11, 1.24883561825e-10, 3.51016576916e-11, 8.57290904932e-11, 5.27150198493e-11, 2.66537382443e-11, 6.85485435775e-12, 9.57601532792e-12, 1.57255684169e-11, 2.17981899892e-11, 9.05230577997e-12, 1.23439695965e-11, 1.64414835913e-11, 3.34795949644e-12, 3.39075165515e-12, 1.83156679927e-12, 7.60279751481e-13, 4.50590465547e-13],
        "dvar2": [0.000109980399429, 2.01495677175e-05, 9.23569928091e-07, 9.11339128606e-08, 1.61586171998e-06, 4.68336708082e-07, 2.11719580534e-07, 4.25719122177e-07, 1.35601931106e-06, 2.51592723544e-07, 1.65817567677e-07, 1.17328490035e-07, 3.89946741564e-08, 2.31264642991e-08, 1.92347737737e-08, 2.88906498724e-08, 1.26269421585e-08, 4.8261288299e-09, 5.31485389033e-09, 2.82599138535e-10, 8.66629212837e-10, 5.08806219379e-10, 1.74444458878e-10, 3.12687653548e-10, 7.78593300943e-11, 1.17277729195e-10, 1.16993234545e-10, 5.35993992246e-11, 1.4392741339e-11, 2.31143125473e-11, 3.97084830295e-11, 4.66179352065e-11, 1.93925778214e-11, 2.69423979654e-11, 2.72718254229e-11, 6.35213669858e-12, 8.33352831187e-12, 4.46182544037e-12, 1.86448599615e-12, 1.11844648126e-12],
        "max": [0.159038856626, 0.105001449585, 0.0137839661911, 0.00529623357579, 0.0145332273096, 0.00885508395731, 0.0133886747062, 0.0162694714963, 0.0149986371398, 0.00839733611792, 0.0103803221136, 0.00600534537807, 0.00257276883349, 0.0043014138937, 0.00241502327845, 0.00452548684552, 0.00327489478514, 0.00194752390962, 0.00241881515831, 0.000526522344444, 0.00111706613097, 0.000404808757594, 0.000443835131591, 0.000400181859732, 0.000349449517671, 0.00100915250368, 0.000445604237029, 0.000450736552011, 9.01775274542e-05, 0.000179286216735, 0.000195270011318, 0.000364768842701, 0.000186000223039, 0.000202396884561, 0.000203590621823, 8.02428403404e-05, 6.32595911156e-05, 7.82745701144e-05, 2.31251196965e-05, 4.57639798697e-05],
        "mean": [0.00620523281395, 0.00340148643591, 0.000721557938959, 0.000234344814089, 0.000647997367196, 0.000545498565771, 0.000375202333089, 0.000345410633599, 0.000414733920479, 0.000326619046973, 0.000193254556507, 0.000152497930685, 9.54704373726e-05, 6.4367937739e-05, 4.33007444371e-05, 4.17423325416e-05, 2.69810461759e-05, 1.62585220096e-05, 1.22632500279e-05, 6.61515150568e-06, 7.60310012993e-06, 6.89978151058e-06, 3.44202931046e-06, 5.10623567607e-06, 2.72151555691e-06, 3.00264241559e-06, 3.57377371074e-06, 1.95278221327e-06, 1.64696234606e-06, 1.17195531857e-06, 1.39001565458e-06, 1.23367783544e-06, 8.68646793606e-07, 9.63779939411e-07, 1.45465276091e-06, 7.84556618783e-07, 7.68987035826e-07, 4.8630352012e-07, 3.56288637704e-07, 2.20655167027e-07],
        "median": [0.00195174175315, 0.000875733268913, 0.00030838168459, 0.000107498824946, 0.000203372852411, 0.000182503179531, 0.000133695633849, 0.000123648962472, 8.21453868411e-05, 6.1082362663e-05, 3.13366326736e-05, 2.7104630135e-05, 1.93806281459e-05, 9.32263174036e-06, 7.73800093157e-06, 5.85627185501e-06, 4.92653907713e-06, 2.72195484285e-06, 2.56912835539e-06, 1.34763206461e-06, 1.0155331438e-06, 1.2017753761e-06, 4.43354934987e-07, 4.94627386161e-07, 4.2825669766e-07, 2.36225901062e-07, 3.17885707091e-07, 1.06267691535e-07, 8.29722210938e-08, 2.88603771992e-08, 1.80228951763e-08, 1.80876718048e-08, 1.31793198577e-08, 1.43376350792e-08, 8.24839219149e-09, 6.49655573781e-09, 3.71839448121e-09, 3.27027138702e-09, 2.75773559544e-09, 1.96162930344e-09],
        "min": [6.30613879216e-25, 3.54124985165e-25, 7.02368765762e-25, 1.33106807956e-24, 8.40769037468e-25, 1.15531825152e-24, 1.27478541777e-24, 1.0231697518e-24, 1.15529764253e-24, 1.76001080234e-24, 1.42933066468e-24, 1.5351263784e-24, 1.4834598348e-24, 2.13866167027e-24, 1.74809131128e-24, 2.34750588961e-24, 2.69904952468e-24, 2.63637413132e-24, 3.11590532067e-24, 1.57225460994e-24, 3.23824364479e-24, 2.94297774113e-24, 3.23031066231e-24, 3.16803147435e-24, 4.14542066959e-24, 2.59820391313e-24, 3.41145265046e-24, 3.78203504904e-24, 3.25409817126e-24, 3.73403365182e-24, 4.44457250206e-24, 4.05034242012e-24, 4.84952872573e-24, 5.16354033108e-24, 4.97366663879e-24, 5.68276266244e-24, 3.8947451286e-24, 4.89988487276e-24, 5.9711741537e-24, 6.07075048804e-24],
        "var": [0.000114612848847, 2.96868256555e-05, 1.1878943269e-06, 1.29819937911e-07, 1.28306214719e-06, 7.18471255823e-07, 4.96772599945e-07, 6.06845617313e-07, 8.58490238898e-07, 3.42306293533e-07, 1.79966733072e-07, 1.27289069951e-07, 4.06647302498e-08, 4.34897344803e-08, 1.36393332184e-08, 3.40032464408e-08, 1.23543211217e-08, 3.07856318216e-09, 1.86494442111e-09, 2.88859269837e-10, 7.1141165181e-10, 3.83621634459e-10, 1.46129705558e-10, 2.40670927631e-10, 7.20930884435e-11, 2.87879747818e-10, 1.10242030782e-10, 5.26352399166e-11, 1.65179484674e-11, 1.50551116712e-11, 2.10571820397e-11, 3.63675201065e-11, 1.32188192684e-11, 1.9709721702e-11, 3.95908791861e-11, 7.54467842368e-12, 6.19481809599e-12, 3.24554098874e-12, 1.24204336052e-12, 6.82352991384e-13]
    },
    "mfcc": {
        "mean": [-748.765869141, 181.174026489, 14.7916727066, 9.87060165405, 3.25086307526, 2.51047873497, 3.56209826469, 6.3727016449, 1.8132545948, 8.07314872742, 3.44976019859, 3.82824993134, 3.78493690491],
        "cov": [[20932.0976562, -840.895996094, -95.2231750488, 957.75793457, -662.354614258, 236.601119995, 242.454727173, 669.385925293, 430.467437744, 567.213684082, 55.016494751, 371.279022217, 61.6518058777], [-840.895996094, 3089.95996094, -284.028106689, -291.54309082, 244.006530762, -183.503417969, -77.2064285278, -212.540496826, -187.400588989, -118.020263672, 51.5622367859, -39.7669868469, 25.5420227051], [-95.2231750488, -284.028106689, 501.463745117, 16.0842437744, 2.19319796562, 112.964881897, 7.85560703278, 47.5193138123, 67.1632232666, 20.2651519775, -8.90225219727, 21.0746383667, -18.5370578766], [957.75793457, -291.54309082, 16.0842437744, 386.884368896, -2.72983384132, 34.3038902283, 61.8000259399, 91.8533935547, 77.9088363647, 75.9647750854, -2.89898562431, 18.9365310669, 40.761806488], [-662.354614258, 244.006530762, 2.19319796562, -2.72983384132, 191.917785645, 11.4674844742, 8.9320192337, -13.3216362, -8.9832239151, -15.698343277, 22.1260852814, 4.20728874207, 23.3820400238], [236.601119995, -183.503417969, 112.964881897, 34.3038902283, 11.4674844742, 167.826400757, 53.9149513245, 64.725769043, 35.8707542419, 18.8465003967, 6.53923988342, 19.3497047424, 16.0099487305], [242.454727173, -77.2064285278, 7.85560703278, 61.8000259399, 8.9320192337, 53.9149513245, 132.335708618, 62.142124176, 36.0229072571, 19.8939590454, 3.17907905579, 4.47958087921, 12.2857456207], [669.385925293, -212.540496826, 47.5193138123, 91.8533935547, -13.3216362, 64.725769043, 62.142124176, 158.616973877, 73.1957473755, 44.2058563232, -2.20358228683, 15.0734395981, 12.8733615875], [430.467437744, -187.400588989, 67.1632232666, 77.9088363647, -8.9832239151, 35.8707542419, 36.0229072571, 73.1957473755, 134.632080078, 45.9086914062, -3.44690775871, 18.9825153351, 9.28263568878], [567.213684082, -118.020263672, 20.2651519775, 75.9647750854, -15.698343277, 18.8465003967, 19.8939590454, 44.2058563232, 45.9086914062, 117.826118469, 18.6102409363, 12.4435310364, 9.49718952179], [55.016494751, 51.5622367859, -8.90225219727, -2.89898562431, 22.1260852814, 6.53923988342, 3.17907905579, -2.20358228683, -3.44690775871, 18.6102409363, 98.7498092651, 26.2269039154, 7.19482326508], [371.279022217, -39.7669868469, 21.0746383667, 18.9365310669, 4.20728874207, 19.3497047424, 4.47958087921, 15.0734395981, 18.9825153351, 12.4435310364, 26.2269039154, 99.9114761353, 21.2826919556], [61.6518058777, 25.5420227051, -18.5370578766, 40.761806488, 23.3820400238, 16.0099487305, 12.2857456207, 12.8733615875, 9.28263568878, 9.49718952179, 7.19482326508, 21.2826919556, 85.0012359619]],
