{
"lowlevel": {
    "average_loudness": 0.0477612093091,
    "barkbands_crest": {
        "dmean": 2.23914289474,
        "dmean2": 3.60631108284,
        "dvar": 4.52186012268,
        "dvar2": 12.2199649811,
        "max": 26.4049816132,
        "mean": 12.3754644394,
        "median": 11.6259250641,
        "min": 3.16197752953,
        "var": 21.8241329193
    },
    "barkbands_flatness_db": {
        "dmean": 0.0221873633564,
        "dmean2": 0.0362253040075,
        "dvar": 0.000536525738426,
        "dvar2": 0.00152332882863,
        "max": 0.714431583881,
        "mean": 0.341283500195,
        "median": 0.335186570883,
        "min": 0.0153253814206,
        "var": 0.00916556455195
    },
    "barkbands_kurtosis": {
        "dmean": 4.64356470108,
        "dmean2": 7.47103738785,
        "dvar": 210.006240845,
        "dvar2": 532.850036621,
        "max": 654.722290039,
        "mean": 10.6489648819,
        "median": 2.3042678833,
        "min": -1.90687823296,
        "var": 1345.3215332
    },
    "barkbands_skewness": {
        "dmean": 0.553863883018,
        "dmean2": 0.869450330734,
        "dvar": 0.396101146936,
        "dvar2": 1.03777563572,
        "max": 19.0138893127,
        "mean": 1.20578491688,
        "median": 0.924442708492,
        "min": -6.11658287048,
        "var": 4.15195131302
    },
    "barkbands_spread": {
        "dmean": 1.44993579388,
        "dmean2": 2.32696771622,
        "dvar": 3.27809309959,
        "dvar2": 8.52493953705,
        "max": 95.5659408569,
        "mean": 6.66462469101,
        "median": 5.77030420303,
        "min": 0.104728490114,
        "var": 27.6501083374
    },
    "dissonance": {
        "dmean": 0.0467300675809,
        "dmean2": 0.0797718390822,
        "dvar": 0.00193823128939,
        "dvar2": 0.00544526008889,
        "max": 0.500000238419,
        "mean": 0.388845860958,
        "median": 0.403156161308,
        "min": 0.0622862651944,
        "var": 0.0057664597407
    },
    "dynamic_complexity": 7.33727121353,
    "erbbands_crest": {
        "dmean": 2.77512025833,
        "dmean2": 4.29912471771,
        "dvar": 8.38615226746,
        "dvar2": 20.2685680389,
        "max": 32.7844619751,
        "mean": 15.3986215591,
        "median": 13.871006012,
        "min": 2.1467359066,
        "var": 46.0395240784
    },
    "erbbands_flatness_db": {
        "dmean": 0.0172301828861,
        "dmean2": 0.0254107993096,
        "dvar": 0.000280061038211,
        "dvar2": 0.000660460616928,
        "max": 0.624463379383,
        "mean": 0.317898660898,
        "median": 0.316620051861,
        "min": 0.0268538128585,
        "var": 0.00601817807183
    },
    "erbbands_kurtosis": {
        "dmean": 2.61062455177,
        "dmean2": 3.85781097412,
        "dvar": 19.0712528229,
        "dvar2": 38.5366134644,
        "max": 145.230987549,
        "mean": 5.83695983887,
        "median": 2.17350482941,
        "min": -1.76065266132,
        "var": 109.352729797
    },
    "erbbands_skewness": {
        "dmean": 0.439014881849,
        "dmean2": 0.653216838837,
        "dvar": 0.204518795013,
        "dvar2": 0.445469498634,
        "max": 8.40782546997,
        "mean": 0.898495495319,
        "median": 0.776550292969,
        "min": -4.4655213356,
        "var": 1.67629539967
    },
    "erbbands_spread": {
        "dmean": 2.97613549232,
        "dmean2": 4.60318565369,
        "dvar": 15.5282754898,
        "dvar2": 38.5133857727,
        "max": 115.642677307,
        "mean": 12.5511875153,
        "median": 10.3848285675,
        "min": 0.338154613972,
        "var": 118.973487854
    },
    "hfc": {
        "dmean": 2.09906291962,
        "dmean2": 2.87807250023,
        "dvar": 14.7666330338,
        "dvar2": 29.9812870026,
        "max": 134.900009155,
        "mean": 8.16792869568,
        "median": 4.45533084869,
        "min": 1.07728833223e-16,
        "var": 118.336830139
    },
    "melbands_crest": {
        "dmean": 3.31199407578,
        "dmean2": 5.30184412003,
        "dvar": 10.7181720734,
        "dvar2": 29.362695694,
        "max": 39.5626678467,
        "mean": 19.182723999,
        "median": 18.3819503784,
        "min": 1.56010353565,
        "var": 65.6394729614
    },
    "melbands_flatness_db": {
        "dmean": 0.0232811179012,
        "dmean2": 0.0373602919281,
        "dvar": 0.000624877109658,
        "dvar2": 0.00170218280982,
        "max": 0.903237938881,
        "mean": 0.454332649708,
        "median": 0.444831371307,
        "min": 0.00296320975758,
        "var": 0.0138273872435
    },
    "melbands_kurtosis": {
        "dmean": 9.06347560883,
        "dmean2": 14.6165075302,
        "dvar": 3075.0090332,
        "dvar2": 7089.91552734,
        "max": 3160.26074219,
        "mean": 19.2479000092,
        "median": 3.36585855484,
        "min": -1.88833975792,
        "var": 12781.7587891
    },
    "melbands_skewness": {
        "dmean": 0.671071350574,
        "dmean2": 1.04781162739,
        "dvar": 0.911308944225,
        "dvar2": 2.25207924843,
        "max": 46.3589820862,
        "mean": 1.74476087093,
        "median": 1.27259266376,
        "min": -4.88260173798,
        "var": 7.9878153801
    },
    "melbands_spread": {
        "dmean": 1.83456885815,
        "dmean2": 2.8999106884,
        "dvar": 8.1168794632,
        "dvar2": 20.4794921875,
        "max": 164.598999023,
        "mean": 9.60914230347,
        "median": 6.92365407944,
        "min": 0.0834773033857,
        "var": 269.896759033
    },
    "pitch_salience": {
        "dmean": 0.0633023604751,
        "dmean2": 0.10234080255,
        "dvar": 0.00340692745522,
        "dvar2": 0.00926550477743,
        "max": 0.865273356438,
        "mean": 0.451466470957,
        "median": 0.448108196259,
        "min": 0.0341977290809,
        "var": 0.0241204518825
    },
    "silence_rate_20dB": {
        "dmean": 0.00359768490307,
        "dmean2": 0.00719593279064,
        "dvar": 0.00358476722613,
        "dvar2": 0.00870905350894,
        "max": 1,
        "mean": 0.994760274887,
        "median": 1,
        "min": 0,
        "var": 0.00521222688258
    },
    "silence_rate_30dB": {
        "dmean": 0.0276865325868,
        "dmean2": 0.055377393961,
        "dvar": 0.0269175134599,
        "dvar2": 0.0640344843268,
        "max": 1,
        "mean": 0.918902039528,
        "median": 1,
        "min": 0,
        "var": 0.074529081583
    },
    "silence_rate_60dB": {
        "dmean": 0.0187705308199,
        "dmean2": 0.0375439971685,
        "dvar": 0.0184170175344,
        "dvar2": 0.0401973463595,
        "max": 1,
        "mean": 0.221553146839,
        "median": 0,
        "min": 0,
        "var": 0.172454297543
    },
    "spectral_centroid": {
        "dmean": 56.0436210632,
        "dmean2": 87.1969909668,
        "dvar": 14849.9746094,
        "dvar2": 27602.5644531,
        "max": 11840.7763672,
        "mean": 665.734985352,
        "median": 484.458557129,
        "min": 83.2422637939,
        "var": 1744180.75
    },
    "spectral_complexity": {
        "dmean": 1.09479117393,
        "dmean2": 1.85952281952,
        "dvar": 1.36841201782,
        "dvar2": 3.43742609024,
        "max": 23,
        "mean": 7.45358562469,
        "median": 8,
        "min": 0,
        "var": 20.5081176758
    },
    "spectral_decrease": {
        "dmean": 3.53016438304e-09,
        "dmean2": 5.79421310931e-09,
        "dvar": 7.55900804808e-17,
        "dvar2": 2.13871425198e-16,
        "max": 2.40905524873e-28,
        "mean": -9.60556167939e-09,
        "median": -4.41881864433e-09,
        "min": -2.39507897959e-07,
        "var": 2.44944961217e-16
    },
    "spectral_energy": {
        "dmean": 0.0134769957513,
        "dmean2": 0.0220714025199,
        "dvar": 0.0010891132988,
        "dvar2": 0.00307904230431,
        "max": 0.909465491772,
        "mean": 0.0369943790138,
        "median": 0.0172174088657,
        "min": 1.00090243524e-20,
        "var": 0.00356735591777
    },
    "spectral_energyband_high": {
        "dmean": 3.48667572325e-06,
        "dmean2": 5.34035143573e-06,
        "dvar": 6.27355500882e-10,
        "dvar2": 1.10462927694e-09,
        "max": 0.00113855686504,
        "mean": 6.86490102453e-06,
        "median": 3.29349546746e-07,
        "min": 6.89861522286e-21,
        "var": 1.35845490412e-09
    },
    "spectral_energyband_low": {
        "dmean": 0.0109146190807,
        "dmean2": 0.0187408383936,
        "dvar": 0.000988128362224,
        "dvar2": 0.00282087991945,
        "max": 0.85989266634,
        "mean": 0.0215662550181,
        "median": 0.00379369151779,
        "min": 1.57425224241e-23,
        "var": 0.00252831308171
    },
    "spectral_energyband_middle_high": {
        "dmean": 0.000358739634976,
        "dmean2": 0.000514490588102,
        "dvar": 1.05186143173e-06,
        "dvar2": 1.92109723685e-06,
        "max": 0.0523994714022,
        "mean": 0.00105351035018,
        "median": 0.000314197561238,
        "min": 1.13750339702e-21,
        "var": 8.08519871498e-06
    },
    "spectral_energyband_middle_low": {
        "dmean": 0.00357623235323,
        "dmean2": 0.00471640611067,
        "dvar": 4.53783286503e-05,
        "dvar2": 8.40026405058e-05,
        "max": 0.223720446229,
        "mean": 0.0131643358618,
        "median": 0.00687700184062,
        "min": 1.32929651096e-22,
        "var": 0.000344110623701
    },
    "spectral_entropy": {
        "dmean": 0.138825267553,
        "dmean2": 0.206042468548,
        "dvar": 0.019371971488,
        "dvar2": 0.0451269447803,
        "max": 9.82479667664,
        "mean": 5.92871522903,
        "median": 5.91692209244,
        "min": 3.13168048859,
        "var": 0.573922932148
    },
    "spectral_flux": {
        "dmean": 0.0188006851822,
        "dmean2": 0.0312644205987,
        "dvar": 0.000949929119088,
        "dvar2": 0.00243246695027,
        "max": 0.660582482815,
        "mean": 0.0633874461055,
        "median": 0.043858923018,
        "min": 6.40632130677e-11,
        "var": 0.00404629530385
    },
    "spectral_kurtosis": {
        "dmean": 19.8377590179,
        "dmean2": 33.8942489624,
        "dvar": 504.591949463,
        "dvar2": 1433.22705078,
        "max": 532.283996582,
        "mean": 62.3203773499,
        "median": 46.8757095337,
        "min": -1.27167665958,
        "var": 2893.17895508
    },
    "spectral_rms": {
        "dmean": 0.000801237591077,
        "dmean2": 0.00127159699332,
        "dvar": 1.64322227647e-06,
        "dvar2": 4.67787185698e-06,
        "max": 0.0297873020172,
        "mean": 0.00472858874127,
        "median": 0.00409847171977,
        "min": 3.12488424893e-12,
        "var": 1.37326805998e-05
    },
    "spectral_rolloff": {
        "dmean": 79.9043731689,
        "dmean2": 142.660064697,
        "dvar": 67502.09375,
        "dvar2": 171185.140625,
        "max": 19638.28125,
        "mean": 757.015625,
        "median": 516.796875,
        "min": 21.533203125,
        "var": 5270548
    },
    "spectral_skewness": {
        "dmean": 1.07411599159,
        "dmean2": 1.8453168869,
        "dvar": 1.03307008743,
        "dvar2": 2.94955778122,
        "max": 17.5003948212,
        "mean": 5.32492208481,
        "median": 4.78839492798,
        "min": -0.0850522816181,
        "var": 6.9333190918
    },
    "spectral_spread": {
        "dmean": 273998.28125,
        "dmean2": 477800.875,
        "dvar": 265147777024,
        "dvar2": 649033023488,
        "max": 42925720,
        "mean": 2085482.875,
        "median": 1265942.25,
        "min": 218782.21875,
        "var": 2.46198954885e+13
    },
    "spectral_strongpeak": {
        "dmean": 0.347813308239,
        "dmean2": 0.55137860775,
        "dvar": 0.391169637442,
        "dvar2": 0.928506851196,
        "max": 9.60345840454,
        "mean": 0.877691090107,
        "median": 0.311043590307,
        "min": 0,
        "var": 1.71256041527
    },
    "zerocrossingrate": {
        "dmean": 0.00237988424487,
        "dmean2": 0.00321242096834,
        "dvar": 2.2729174816e-05,
        "dvar2": 4.55127446912e-05,
        "max": 0.52783203125,
        "mean": 0.0259363371879,
        "median": 0.017578125,
        "min": 0.0009765625,
        "var": 0.00381613965146
    },
    "barkbands": {
        "dmean": [0.00475896149874, 0.00847341865301, 0.00123127142433, 0.000362672726624, 0.000806743628345, 0.000680458033457, 0.00105821632314, 0.00170064799022, 0.000351473107003, 0.000260881584836, 0.000123069956317, 4.78489164379e-05, 3.0804429116e-05, 3.22923624481e-05, 8.09009361546e-06, 2.4108296202e-05, 2.8622620448e-05, 1.38775558298e-05, 1.33731618916e-05, 4.15697695644e-06, 3.16490854857e-07, 2.28687980552e-07, 2.1258125571e-07, 7.59138814033e-08, 8.92189291335e-08, 2.42423769947e-08, 7.00698299383e-09],
        "dmean2": [0.00809498131275, 0.0147968865931, 0.00209531630389, 0.000607146299444, 0.00111456995364, 0.00102374947164, 0.00161709950771, 0.00193104275968, 0.000523837574292, 0.000369913032046, 0.000187620404176, 6.6299289756e-05, 4.84375486849e-05, 5.24127717654e-05, 1.29824920805e-05, 3.92250913137e-05, 4.37752933067e-05, 2.28208009503e-05, 2.21820391744e-05, 6.27518647889e-06, 5.13814825354e-07, 3.78261773903e-07, 3.18202978633e-07, 1.19652398212e-07, 1.42826309002e-07, 3.76662470103e-08, 1.11662235014e-08],
        "dvar": [0.00014572996588, 0.000670947309118, 1.53870660142e-05, 8.6632564944e-07, 3.39235816682e-06, 2.29611168834e-06, 9.52393929765e-06, 2.24371178774e-05, 1.19689514122e-06, 1.13837870686e-06, 1.92009679267e-07, 1.88557400804e-08, 1.51585766162e-08, 7.63535457082e-09, 5.85006876275e-10, 1.1940096023e-08, 2.35361241607e-08, 4.08478717517e-09, 4.05256583846e-09, 6.80795531061e-10, 2.25387525483e-12, 1.48676535493e-12, 1.40048411236e-12, 1.61849293733e-13, 3.81512773847e-13, 1.97274803508e-14, 1.98129328461e-15],
        "dvar2": [0.000391401932575, 0.00193868170027, 4.53932552773e-05, 2.47740172199e-06, 5.96341578785e-06, 5.73653687752e-06, 2.11238348129e-05, 3.26665503962e-05, 2.46164063356e-06, 1.96028440769e-06, 4.33892410001e-07, 3.34881953279e-08, 4.24076205263e-08, 1.9931674089e-08, 1.48471224204e-09, 3.05034149051e-08, 5.0692676723e-08, 1.12958531417e-08, 1.10331948022e-08, 1.17980669678e-09, 5.99139010973e-12, 3.9635916077e-12, 2.93075394682e-12, 4.17083034776e-13, 9.66781667743e-13, 4.65769424711e-14, 4.9393205895e-15],
        "max": [0.321375012398, 0.71665930748, 0.119915671647, 0.0344450958073, 0.0738830715418, 0.0422343686223, 0.0939733460546, 0.198027342558, 0.0248383097351, 0.0514500662684, 0.0153202842921, 0.00660017179325, 0.00473108887672, 0.00322172231972, 0.000716697308235, 0.00427944585681, 0.00830422062427, 0.00205236440524, 0.0022656742949, 0.00113781762775, 6.30391805316e-05, 6.09784910921e-05, 4.58734539279e-05, 1.39220019264e-05, 2.79543764918e-05, 7.67560686654e-06, 2.5880647172e-06],
        "mean": [0.00739813502878, 0.0135952802375, 0.00193258782383, 0.000582990469411, 0.00217326334678, 0.00189863063861, 0.00226307334378, 0.0052325730212, 0.000706223712768, 0.000592447409872, 0.000219060893869, 0.000128514220705, 6.04967972322e-05, 5.67354727536e-05, 1.62380929396e-05, 3.90606510337e-05, 4.76444874948e-05, 2.16099306272e-05, 2.06237455131e-05, 7.25856352801e-06, 6.49332491776e-07, 5.1322120953e-07, 4.54116559467e-07, 1.46371561982e-07, 1.82117560144e-07, 6.57449348296e-08, 1.46170959781e-08],
        "median": [0.000825169263408, 0.00152772641741, 0.000478907459183, 0.000187343277503, 0.000741456868127, 0.000538542633876, 0.000541849294677, 0.000447541824542, 0.000150740554091, 5.39345128345e-05, 3.52248534909e-05, 2.58135078184e-05, 1.42334665725e-05, 1.05841108962e-05, 3.86113470086e-06, 5.33068214281e-06, 4.58972908746e-06, 7.57114491989e-07, 1.22735355035e-06, 3.47138865209e-07, 7.83298048646e-08, 2.70003450709e-08, 2.23070077965e-08, 1.46506815568e-08, 1.07537152516e-08, 3.06707836906e-09, 6.43885889051e-10],
        "min": [7.5669120681e-25, 2.09828836078e-24, 9.12010375566e-25, 7.48204591888e-25, 4.76557893706e-24, 7.3967463892e-24, 6.82468181567e-24, 2.79494937277e-24, 1.23141968277e-23, 1.34417733064e-23, 1.17334508399e-23, 1.81166308728e-23, 3.16615666752e-23, 3.2147441884e-23, 2.03615396824e-23, 3.93929178837e-23, 4.18023736118e-23, 8.42661282066e-23, 1.13462772766e-22, 1.33727233647e-22, 2.44333067759e-22, 2.96909523754e-22, 3.29496648307e-22, 4.9428252224e-22, 7.67717413477e-22, 1.1501795966e-21, 1.75344518403e-21],
        "var": [0.000281352986349, 0.0013328588102, 2.49552540481e-05, 2.35990228248e-06, 1.70232215169e-05, 1.19655787785e-05, 3.02119187836e-05, 0.000174190747202, 3.34698097504e-06, 7.53580707169e-06, 5.69145981899e-07, 1.02698045623e-07, 2.68564743777e-08, 1.56282045083e-08, 1.65741897984e-09, 2.05271266651e-08, 5.31376045387e-08, 7.27101356901e-09, 6.01756955376e-09, 1.40801070803e-09, 4.73223240108e-12, 4.55964649718e-12, 4.87546938585e-12, 3.39175492163e-13, 8.9908272884e-13, 1.24082330782e-13, 7.35182246569e-15]
    },
    "erbbands": {
        "dmean": [0.407926678658, 1.47997605801, 1.64734768867, 1.32738530636, 1.01512205601, 2.94483780861, 6.02779769897, 5.14554786682, 11.7174348831, 37.6374931335, 17.1298694611, 8.97085285187, 9.8236579895, 3.14759850502, 5.13954305649, 1.93974459171, 1.49403846264, 1.80252659321, 0.52212280035, 1.05649542809, 1.15492165089, 1.2593985796, 0.56283813715, 1.13254237175, 0.200796321034, 0.225547924638, 0.051889359951, 0.0081642838195, 0.0057518472895, 0.00878976099193, 0.00787997804582, 0.00173962919507, 0.00114138005301, 0.00130789517425, 0.000299966020975, 0.00014549534535, 4.34013236372e-05, 7.88829038356e-06, 6.33022136753e-06, 1.46197862705e-05],
        "dmean2": [0.716529071331, 2.56320667267, 2.79345679283, 2.24837994576, 1.54125010967, 3.95557880402, 9.14463233948, 7.71976995468, 17.6603488922, 46.7240142822, 22.1521224976, 13.0298700333, 14.0509395599, 4.55382394791, 7.80347681046, 2.67958545685, 2.28891921043, 2.9184679985, 0.852822721004, 1.6661465168, 1.84790825844, 1.89876842499, 0.891564309597, 1.88457894325, 0.319742113352, 0.333437711, 0.0831685960293, 0.0128199737519, 0.00936916097999, 0.0143217397854, 0.0117518100888, 0.00253919232637, 0.00173395022284, 0.00215741922148, 0.000478088972159, 0.000225484691327, 6.71587404213e-05, 1.20328186313e-05, 1.03266202132e-05, 2.38776574406e-05],
        "dvar": [1.40671849251, 24.3377552032, 30.2115135193, 13.7710666656, 5.50625276566, 50.9298057556, 222.219314575, 108.049743652, 1063.76855469, 11448.1767578, 2200.55126953, 917.943481445, 1234.97033691, 127.0859375, 435.670257568, 41.2124595642, 32.5317573547, 22.6491394043, 1.81013977528, 16.7903156281, 31.0109004974, 49.073299408, 9.55500411987, 32.877407074, 0.742186903954, 2.84473991394, 0.0665578767657, 0.00133916863706, 0.00163188984152, 0.00357592734508, 0.00217742379755, 6.85626800987e-05, 4.06038489018e-05, 7.21111573512e-05, 3.79626135327e-06, 8.38655523694e-07, 7.81584290621e-08, 3.5117111441e-09, 2.27406732334e-10, 1.26493016062e-09],
        "dvar2": [4.11570549011, 68.4819335938, 88.3220672607, 40.3234519958, 13.5250320435, 80.4284591675, 493.722442627, 268.33807373, 2462.24682617, 21557.3945312, 3937.26904297, 1824.80969238, 2296.36694336, 185.648590088, 981.472900391, 72.7696380615, 91.3512191772, 59.2474479675, 4.87003564835, 40.0567855835, 74.4221038818, 103.018867493, 26.3536643982, 90.1378097534, 1.94814133644, 4.65514755249, 0.161942407489, 0.00295448070392, 0.00439335172996, 0.0092315832153, 0.00455111032352, 0.000138815608807, 9.63635975495e-05, 0.000195619344595, 9.27443488763e-06, 2.0208353817e-06, 1.85883081372e-07, 8.26139423538e-09, 6.37500940925e-10, 3.57103546733e-09],
        "max": [29.9672088623, 164.184310913, 167.394119263, 95.4960479736, 80.4714736938, 303.253814697, 570.619995117, 296.844512939, 1311.88427734, 3592.98461914, 1454.1295166, 738.481811523, 1156.18286133, 713.088684082, 777.303100586, 338.242614746, 220.473953247, 179.201934814, 41.3711242676, 179.739456177, 332.558502197, 374.244842529, 136.180847168, 208.784683228, 24.1632003784, 79.9455184937, 6.81885814667, 1.49203503132, 2.42166590691, 4.37055873871, 1.91663300991, 0.396439492702, 0.252019822598, 0.392201900482, 0.108436971903, 0.058896034956, 0.0169124361128, 0.00386664411053, 0.000414819602156, 0.000981561490335],
        "mean": [0.611292541027, 2.22667050362, 2.73849177361, 2.33615660667, 2.41162633896, 7.91616773605, 14.3440246582, 14.4227972031, 28.0842628479, 110.609664917, 47.1477508545, 19.4087944031, 21.440530777, 8.26511096954, 8.82587242126, 5.33091211319, 3.44757866859, 3.40039300919, 1.10697364807, 1.96689677238, 2.05671310425, 2.1569237709, 1.08237838745, 1.86571013927, 0.385281443596, 0.381868600845, 0.0908977612853, 0.0197194814682, 0.013311768882, 0.0179394893348, 0.016949519515, 0.00417483877391, 0.00252009183168, 0.00285342964344, 0.000751478713937, 0.000372862443328, 0.000121797464089, 1.89645816135e-05, 1.88675403479e-05, 4.06478284276e-05],
        "median": [0.044240500778, 0.235756739974, 0.56177264452, 0.804653286934, 0.995068371296, 2.26035046577, 5.02328586578, 4.15200185776, 7.12804841995, 9.70583343506, 8.55765914917, 5.27226066589, 2.8067984581, 1.63201880455, 1.53943812847, 1.16157865524, 0.892112076283, 0.785019159317, 0.318492591381, 0.313605338335, 0.309626549482, 0.236559733748, 0.0829182192683, 0.086536206305, 0.0338872782886, 0.0159911885858, 0.00623773271218, 0.00223055807874, 0.0010724888416, 0.000809085206129, 0.00060491374461, 0.000378151948098, 0.000231773898122, 0.000160641517141, 8.05059971754e-05, 3.72248941858e-05, 9.42695078265e-06, 1.43717238643e-06, 8.60870113684e-06, 1.9222849005e-05],
        "min": [4.54606087747e-23, 4.72383844485e-22, 1.36989924486e-21, 6.146324748e-21, 4.80477067648e-21, 1.69113166516e-20, 3.05410817973e-20, 5.38352471728e-20, 6.77634371116e-20, 1.46450349974e-19, 1.43897528432e-19, 3.30603643967e-19, 3.64433288918e-19, 4.1486716295e-19, 7.96826961481e-19, 9.92441165979e-19, 1.70709967602e-18, 1.53818453525e-18, 2.17240066131e-18, 2.49560328769e-18, 2.97606349507e-18, 3.43488403724e-18, 5.13638793982e-18, 5.82448929931e-18, 6.83100225507e-18, 7.10893494089e-18, 8.99072864823e-18, 1.00843648156e-17, 1.0978863868e-17, 9.03932716358e-18, 9.30755371209e-18, 1.06301021878e-17, 9.28455560952e-18, 6.43053723716e-18, 5.32280425779e-18, 3.78978960137e-18, 2.29195659076e-18, 9.62065542922e-19, 2.33579752511e-19, 2.39038572636e-20],
        "var": [2.46692967415, 44.7190742493, 55.5613021851, 26.0066623688, 17.7592315674, 283.015991211, 849.560180664, 612.239257812, 3554.55639648, 69832.71875, 11737.6132812, 2639.06787109, 5593.890625, 1394.52722168, 1021.85949707, 224.792694092, 64.4806976318, 48.7010688782, 4.24316978455, 38.2720832825, 50.8676300049, 108.388282776, 19.9672012329, 58.042591095, 1.51717996597, 5.56617879868, 0.123894639313, 0.00512005155906, 0.00499064614996, 0.00707985972986, 0.00741998199373, 0.000277661572909, 0.000108956606709, 0.000200471738935, 1.16215260277e-05, 3.81737618227e-06, 4.36452438635e-07, 1.22765237975e-08, 9.80822978391e-10, 4.21645607318e-09]
    },
    "gfcc": {
        "mean": [-225.688690186, 213.347854614, -91.3712463379, -10.194560051, -28.957742691, -13.5510673523, -16.7384757996, 6.86836099625, 0.024272846058, -3.44694757462, 4.95550251007, -10.0454111099, -2.49443101883],
        "cov": [[36247.3125, 4628.12255859, -4864.57763672, 515.452514648, -829.416992188, -1509.97668457, -733.495239258, 168.168243408, -147.470535278, -507.216369629, 514.772216797, -206.57244873, 287.558441162], [4628.12255859, 2110.2409668, -409.449951172, -620.51574707, 109.634109497, -239.463088989, -62.0823440552, -176.808761597, 39.8443450928, -103.352218628, 56.4326896667, -142.093383789, 89.6886138916], [-4864.57763672, -409.449951172, 1798.43139648, 193.565948486, 243.900222778, 416.573974609, 93.2809829712, 7.47049283981, 158.279251099, 65.9027023315, -79.8860321045, 27.8942623138, 83.6622390747], [515.452514648, -620.51574707, 193.565948486, 730.004760742, -11.4875707626, 81.6634979248, -3.14232850075, 114.617416382, -1.99717724323, -30.4280700684, 21.8933944702, 62.7139511108, 86.2852172852], [-829.416992188, 109.634109497, 243.900222778, -11.4875707626, 339.296264648, 28.0818328857, 85.0769958496, 31.143032074, 60.5328826904, 5.53737926483, 35.0609436035, 9.57811355591, 17.115568161], [-1509.97668457, -239.463088989, 416.573974609, 81.6634979248, 28.0818328857, 290.556793213, 43.7489929199, 1.64367866516, -7.3092250824, 10.8213605881, -55.660697937, 39.9241485596, 15.2839984894], [-733.495239258, -62.0823440552, 93.2809829712, -3.14232850075, 85.0769958496, 43.7489929199, 283.920196533, 64.438659668, 16.4612998962, 33.0107460022, -8.55956459045, -29.6992950439, -38.4566841125], [168.168243408, -176.808761597, 7.47049283981, 114.617416382, 31.143032074, 1.64367866516, 64.438659668, 167.195602417, 59.5467796326, 13.6786584854, 21.3644123077, -3.65446662903, -23.6982154846], [-147.470535278, 39.8443450928, 158.279251099, -1.99717724323, 60.5328826904, -7.3092250824, 16.4612998962, 59.5467796326, 154.051467896, 44.2423286438, 33.4196548462, -21.5667800903, -1.94295835495], [-507.216369629, -103.352218628, 65.9027023315, -30.4280700684, 5.53737926483, 10.8213605881, 33.0107460022, 13.6786584854, 44.2423286438, 111.385467529, 35.8442993164, 1.94132196903, -47.8525047302], [514.772216797, 56.4326896667, -79.8860321045, 21.8933944702, 35.0609436035, -55.660697937, -8.55956459045, 21.3644123077, 33.4196548462, 35.8442993164, 108.692749023, 25.7892074585, -1.40768539906], [-206.57244873, -142.093383789, 27.8942623138, 62.7139511108, 9.57811355591, 39.9241485596, -29.6992950439, -3.65446662903, -21.5667800903, 1.94132196903, 25.7892074585, 111.049880981, 33.1263008118], [287.558441162, 89.6886138916, 83.6622390747, 86.2852172852, 17.115568161, 15.2839984894, -38.4566841125, -23.6982154846, -1.94295835495, -47.8525047302, -1.40768539906, 33.1263008118, 161.227813721]],
        "icov": [[0.000141798649565, -0.000450258725323, 0.000269658659818, -0.000494704814628, 0.0002747750259, 7.10941749276e-05, 0.000168902275618, -0.000389670982258, 2.16718990487e-06, -3.16128644045e-05, -6.10186107224e-05, -0.000128112078528, 8.59279316501e-05], [-0.000450258725323, 0.0024732965976, -0.00070837844396, 0.00237065600231, -0.0011487856973, -0.000195579254068, -0.000572286429815, 0.00198947149329, -0.000512818922289, 0.00131748011336, -0.00101152365096, 0.00170388969127, -0.00115158781409], [0.000269658659818, -0.00070837844396, 0.00171714148019, -0.00111039972398, -0.000156307069119, -0.00126151007134, 0.000326406414388, -2.52717582043e-05, -0.00133043073583, -0.000520072760992, 0.000571423501242, 6.76516647218e-05, -0.00035264735925], [-0.000494704814628, 0.00237065600231, -0.00111039972398, 0.0042926534079, -0.000766144832596, -0.000465890509076, -0.000458353722934, 0.000106467588921, 0.000430758809671, 0.00145225191955, -0.0015056548873, 0.00106332509313, -0.00192113872617], [0.0002747750259, -0.0011487856973, -0.000156307069119, -0.000766144832596, 0.00469233468175, 0.000357660057489, -0.000949407170992, -0.00106955587398, -0.000725749530829, 0.00121629924979, -0.00176139047835, -0.00115127116442, 0.000297825463349], [7.10941749276e-05, -0.000195579254068, -0.00126151007134, -0.000465890509076, 0.000357660057489, 0.0065795974806, -0.000569812953472, -0.000503393879626, 0.00109552056529, -0.000801585847512, 0.00279608252458, -0.00263168429956, 0.000354750140104], [0.000168902275618, -0.000572286429815, 0.000326406414388, -0.000458353722934, -0.000949407170992, -0.000569812953472, 0.00500184996054, -0.00256164371967, 0.00134751771111, -0.00177572318353, 0.000590631039813, 0.00137191812973, 0.00027685429086], [-0.000389670982258, 0.00198947149329, -2.52717582043e-05, 0.000106467588921, -0.00106955587398, -0.000503393879626, -0.00256164371967, 0.0115159787238, -0.0050384644419, 0.00243892869912, -0.000971935573034, 0.00054170464864, 0.00133072666358], [2.16718990487e-06, -0.000512818922289, -0.00133043073583, 0.000430758809671, -0.000725749530829, 0.00109552056529, 0.00134751771111, -0.0050384644419, 0.0121071981266, -0.00425220420584, -0.00186426390428, 0.00256778579205, -0.00136474426836], [-3.16128644045e-05, 0.00131748011336, -0.000520072760992, 0.00145225191955, 0.00121629924979, -0.000801585847512, -0.00177572318353, 0.00243892869912, -0.00425220420584, 0.0163036957383, -0.0066935592331, 0.000157007947564, 0.00339495460503], [-6.10186107224e-05, -0.00101152365096, 0.000571423501242, -0.0015056548873, -0.00176139047835, 0.00279608252458, 0.000590631039813, -0.000971935573034, -0.00186426390428, -0.0066935592331, 0.0171328000724, -0.00578008964658, 0.00042880338151], [-0.000128112078528, 0.00170388969127, 6.76516647218e-05, 0.00106332509313, -0.00115127116442, -0.00263168429956, 0.00137191812973, 0.00054170464864, 0.00256778579205, 0.000157007947564, -0.00578008964658, 0.0146501753479, -0.00352795887738], [8.59279316501e-05, -0.00115158781409, -0.00035264735925, -0.00192113872617, 0.000297825463349, 0.000354750140104, 0.00027685429086, 0.00133072666358, -0.00136474426836, 0.00339495460503, 0.00042880338151, -0.00352795887738, 0.0098170703277]]
    },
    "melbands": {
        "dmean": [0.00298059149645, 0.00117438309826, 0.000204525902518, 0.000120099524793, 0.000208541969187, 0.000133428140543, 0.000179072041647, 0.000434157002019, 0.000111873785499, 5.52372657694e-05, 4.85224736622e-05, 1.31348224386e-05, 1.52869415615e-05, 8.11572226667e-06, 4.38016604676e-06, 3.38416521117e-06, 3.779828603e-06, 9.72883867689e-07, 7.21285516647e-07, 2.14950364352e-06, 1.43116312756e-06, 1.69876898326e-06, 5.61021977319e-07, 6.00364955972e-07, 1.03992044842e-06, 1.51711304852e-07, 9.81567467306e-08, 1.82608189903e-07, 4.26651780572e-08, 8.37975022705e-09, 4.35234781548e-09, 4.15454470826e-09, 4.45994396969e-09, 4.25680868332e-09, 5.15241138643e-09, 2.91970714272e-09, 7.3856515348e-10, 4.90733009784e-10, 1.95860327956e-09, 1.34148758768e-09],
        "dmean2": [0.00518622528762, 0.00200872612186, 0.000342418235959, 0.000167307516676, 0.000303919339785, 0.000201269998797, 0.000268605916062, 0.000520284287632, 0.000152034655912, 8.00155321485e-05, 6.94441623637e-05, 1.88467583939e-05, 2.33483078773e-05, 1.18232446766e-05, 6.01263263889e-06, 5.39486700291e-06, 6.12661960986e-06, 1.59781120601e-06, 1.13057944873e-06, 3.4836971281e-06, 2.28064459407e-06, 2.57802480519e-06, 8.85177655618e-07, 9.74295062406e-07, 1.73331454789e-06, 2.47054515512e-07, 1.45407597074e-07, 2.73835212283e-07, 7.07620984031e-08, 1.36366598014e-08, 6.81034029171e-09, 6.85213086271e-09, 7.25801552193e-09, 6.84594070322e-09, 7.7510229346e-09, 4.23909485292e-09, 1.13168951987e-09, 7.42688521793e-10, 2.97659763504e-09, 2.19349738373e-09],
        "dvar": [7.59469912737e-05, 1.63726890605e-05, 3.05695124325e-07, 5.9685774545e-08, 2.4651379249e-07, 7.84550167054e-08, 2.39151518144e-07, 1.51076972088e-06, 9.47574747556e-08, 3.98645667588e-08, 3.22955209242e-08, 3.40893380191e-09, 3.2719309484e-09, 8.13690836932e-10, 1.46826231728e-10, 2.57219773259e-10, 1.0958817187e-10, 7.44125160795e-12, 5.61753551662e-12, 8.63204854817e-11, 7.30493929235e-11, 1.00715373541e-10, 9.70072199652e-12, 6.21740853246e-12, 2.87701737434e-11, 8.13776400866e-13, 2.39262467261e-13, 2.05559701205e-12, 5.52174442509e-14, 2.09398805363e-15, 8.43396634812e-16, 1.06054274232e-15, 5.63516249671e-16, 9.61201024204e-16, 1.00424575628e-15, 4.15723055828e-16, 9.72731974882e-18, 4.27916784973e-18, 1.8440111079e-16, 1.1071600079e-16],
        "dvar2": [0.000219152992941, 4.6537417802e-05, 8.91355739441e-07, 1.12532298147e-07, 5.05539844653e-07, 2.01948807899e-07, 5.1413599067e-07, 2.60581509792e-06, 1.82056680842e-07, 7.80670106337e-08, 5.92941766797e-08, 4.66125715803e-09, 7.59119345162e-09, 1.59533020128e-09, 2.59914312295e-10, 7.2843292509e-10, 2.85341528183e-10, 2.02662990556e-11, 1.33213856612e-11, 2.27230054217e-10, 1.71698141815e-10, 2.10944983703e-10, 2.52998403477e-11, 1.67020650782e-11, 7.88044005051e-11, 2.25224114532e-12, 4.76502517999e-13, 3.42933732626e-12, 1.53244970424e-13, 5.13789137036e-15, 1.83093710142e-15, 2.88674312963e-15, 1.4761865741e-15, 2.40409803881e-15, 2.06898109993e-15, 7.44293091769e-16, 2.29346330024e-17, 9.93591484697e-18, 4.21449713236e-16, 2.8719456758e-16],
        "max": [0.240709990263, 0.134156987071, 0.0148584889248, 0.00870721135288, 0.0160344168544, 0.00769204134122, 0.016998168081, 0.0454969070852, 0.00842334982008, 0.00492421211675, 0.00657074199989, 0.00410750648007, 0.00206140638329, 0.000979056232609, 0.000425871432526, 0.00062863639323, 0.000409688305808, 0.000105628052552, 7.25843055989e-05, 0.000357408018317, 0.000505771604367, 0.000577956496272, 0.000110659413622, 7.3893541412e-05, 0.000195249376702, 2.86566719296e-05, 2.34689105127e-05, 6.63217215333e-05, 6.9249781518e-06, 3.06672222905e-06, 1.35704067361e-06, 1.90063440186e-06, 1.30696639644e-06, 2.33136643146e-06, 1.36648702664e-06, 1.14131262308e-06, 1.28132768396e-07, 6.013302567e-08, 5.38086567303e-07, 4.88420823785e-07],
        "mean": [0.00509753217921, 0.00200587091967, 0.000399265729357, 0.000314950739266, 0.000527223513927, 0.00036480097333, 0.000417338276748, 0.00131417415105, 0.000287680973997, 0.000115269140224, 0.000105520826764, 3.51201415469e-05, 2.6663112294e-05, 1.61690677487e-05, 1.30439020722e-05, 5.9273838815e-06, 6.66001778882e-06, 1.84008615634e-06, 1.43748945902e-06, 3.54196390617e-06, 2.41930160882e-06, 2.80710901279e-06, 9.8750149391e-07, 9.99233179755e-07, 1.67814653196e-06, 2.59399342895e-07, 1.7909830774e-07, 2.88155035832e-07, 6.74650806332e-08, 1.6599610575e-08, 9.28350374352e-09, 8.13252487575e-09, 8.76216965651e-09, 7.99265276186e-09, 1.05007060824e-08, 5.94308779966e-09, 1.44416412162e-09, 9.79147984914e-10, 3.37428551767e-09, 2.2479678119e-09],
        "median": [0.000514162995387, 0.000327025074512, 0.000158525421284, 0.000129921769258, 0.000166706828168, 9.25787317101e-05, 0.000105508035631, 9.61051118793e-05, 5.67998322367e-05, 2.13869989238e-05, 1.15682314572e-05, 4.81000142827e-06, 4.48955597676e-06, 3.24552456732e-06, 1.97207032215e-06, 1.00289514648e-06, 1.27514420001e-06, 4.69621369348e-07, 3.22495253613e-07, 4.49729071761e-07, 2.59289521409e-07, 2.61608960272e-07, 8.77148167433e-08, 4.10612628343e-08, 7.03069673591e-08, 1.6934636804e-08, 1.62471653908e-08, 7.49224238206e-09, 4.04818223387e-09, 1.73278824622e-09, 9.30709898039e-10, 5.38356415003e-10, 4.35414704292e-10, 4.16155387928e-10, 3.45478728958e-10, 2.65812150069e-10, 1.92051138881e-10, 1.44104270183e-10, 1.30686822475e-10, 1.12329465174e-10],
        "min": [5.68604974723e-25, 1.10432914223e-24, 1.29543621855e-24, 6.87969638355e-25, 9.73095523938e-25, 9.88196491032e-25, 1.18559088737e-24, 1.16932013816e-24, 1.42398978052e-24, 1.99883784975e-24, 1.56327441461e-24, 1.21637500091e-24, 2.02954682429e-24, 2.69545744654e-24, 2.10202085616e-24, 3.00511375083e-24, 2.53318718062e-24, 2.70220279893e-24, 1.61021972429e-24, 3.7113527175e-24, 2.56052890238e-24, 2.85760307245e-24, 2.99110082015e-24, 4.39126798741e-24, 3.90012318782e-24, 4.60155345562e-24, 4.10150320527e-24, 3.87748090768e-24, 4.32616881893e-24, 5.14326187265e-24, 4.99052222975e-24, 4.28872593049e-24, 5.28435201213e-24, 4.19815641553e-24, 4.43561577535e-24, 5.29478943077e-24, 5.65183024306e-24, 5.51950632039e-24, 5.35418513491e-24, 5.15196655831e-24],
        "var": [0.000161777046742, 3.12247211696e-05, 6.31221269032e-07, 2.90333616704e-07, 1.04845241822e-06, 4.09179904182e-07, 8.72470764079e-07, 1.03030233731e-05, 4.16820626015e-07, 1.18504750901e-07, 1.5920379326e-07, 4.03347506506e-08, 8.01812838347e-09, 2.56603116533e-09, 9.64722857155e-10, 4.19020262932e-10, 2.24034818475e-10, 1.46602417705e-11, 1.52625013322e-11, 1.56337554014e-10, 1.17691911772e-10, 2.31379859716e-10, 2.00907433051e-11, 1.21212631946e-11, 5.08730418902e-11, 1.50248227488e-12, 5.12893330237e-13, 3.94404430989e-12, 8.85233862125e-14, 6.18707211861e-15, 2.65534706921e-15, 2.92023248302e-15, 1.48902177023e-15, 1.57175528984e-15, 3.2705202055e-15, 1.28172951463e-15, 2.75288057051e-17, 9.91363390999e-18, 3.57388346737e-16, 1.76737394912e-16]
    },
    "mfcc": {
        "mean": [-840.460388184, 220.557769775, 17.8866405487, 12.5748205185, 9.42143154144, -9.32719802856, -0.567535042763, 3.9142999649, 1.55443894863, 7.60492706299, 6.94869565964, 7.79459524155, 7.21716928482],
        "cov": [[11345.0507812, 4624.42626953, -2103.55175781, 544.514099121, 143.528030396, -836.522460938, -261.611633301, -57.4127235413, -370.172485352, -48.276008606, -149.892074585, -50.5939292908, 204.355072021], [4624.42626953, 3430.86791992, -320.03692627, -25.7602386475, 176.694763184, -278.60369873, -172.38192749, -120.057670593, -102.651535034, -23.5530014038, -59.0334320068, -0.866813123226, 41.848575592], [-2103.55175781, -320.03692627, 1083.81335449, -10.7296104431, 54.7541389465, 286.174987793, 72.0631408691, 51.8718185425, 147.021972656, 51.3781585693, 38.8085746765, -8.70866966248, -59.482093811], [544.514099121, -25.7602386475, -10.7296104431, 445.3253479, 178.519271851, -28.6162204742, 52.8805618286, 61.190990448, 29.5593719482, 74.6029434204, -32.4521598816, -10.4273557663, 47.5864067078], [143.528030396, 176.694763184, 54.7541389465, 178.519271851, 282.587646484, 51.4872512817, -14.7778091431, 29.5512447357, 33.6848564148, 23.0104293823, -46.6613883972, -7.93551826477, 44.6683349609], [-836.522460938, -278.60369873, 286.174987793, -28.6162204742, 51.4872512817, 214.441101074, 69.8672637939, 31.6742839813, 57.6169166565, -11.3233642578, 6.04529905319, -10.7446269989, -14.2365169525], [-261.611633301, -172.38192749, 72.0631408691, 52.8805618286, -14.7778091431, 69.8672637939, 156.426635742, 80.4429397583, 34.2111930847, 37.2553672791, 15.0176229477, 2.69810032845, -12.6147289276], [-57.4127235413, -120.057670593, 51.8718185425, 61.190990448, 29.5512447357, 31.6742839813, 80.4429397583, 132.898666382, 58.0407752991, 35.7676391602, 11.2014217377, -4.61075353622, 6.9421081543], [-370.172485352, -102.651535034, 147.021972656, 29.5593719482, 33.6848564148, 57.6169166565, 34.2111930847, 58.0407752991, 111.416229248, 60.3975486755, 8.50977039337, -0.362971514463, -8.32218456268], [-48.276008606, -23.5530014038, 51.3781585693, 74.6029434204, 23.0104293823, -11.3233642578, 37.2553672791, 35.7676391602, 60.3975486755, 127.253234863, 48.6879348755, 15.9039649963, -1.36968326569], [-149.892074585, -59.0334320068, 38.8085746765, -32.4521598816, -46.6613883972, 6.04529905319, 15.0176229477, 11.2014217377, 8.50977039337, 48.6879348755, 147.705963135, 73.074508667, 5.27202749252], [-50.5939292908, -0.866813123226, -8.70866966248, -10.4273557663, -7.93551826477, -10.7446269989, 2.69810032845, -4.61075353622, -0.362971514463, 15.9039649963, 73.074508667, 143.742263794, 65.437286377], [204.355072021, 41.848575592, -59.482093811, 47.5864067078, 44.6683349609, -14.2365169525, -12.6147289276, 6.9421081543, -8.32218456268, -1.36968326569, 5.27202749252, 65.437286377, 110.624511719]],
