{
"lowlevel": {
    "average_loudness": 0.974658489227,
    "barkbands_crest": {
        "dmean": 2.14483737946,
        "dmean2": 3.60781550407,
        "dvar": 4.41368436813,
        "dvar2": 12.0725469589,
        "max": 23.6337089539,
        "mean": 7.62615442276,
        "median": 7.03480529785,
        "min": 2.40978574753,
        "var": 8.05837535858
    },
    "barkbands_flatness_db": {
        "dmean": 0.0173933487386,
        "dmean2": 0.0275342296809,
        "dvar": 0.000294660538202,
        "dvar2": 0.000738524599001,
        "max": 0.294466465712,
        "mean": 0.105957724154,
        "median": 0.100727960467,
        "min": 0.0286209955812,
        "var": 0.00137821224052
    },
    "barkbands_kurtosis": {
        "dmean": 1.30112147331,
        "dmean2": 2.14710068703,
        "dvar": 4.50251245499,
        "dvar2": 11.6874341965,
        "max": 44.5987663269,
        "mean": 0.901262998581,
        "median": 0.278645515442,
        "min": -1.92199802399,
        "var": 6.67982149124
    },
    "barkbands_skewness": {
        "dmean": 0.415017098188,
        "dmean2": 0.663002431393,
        "dvar": 0.183907791972,
        "dvar2": 0.446329563856,
        "max": 6.25846576691,
        "mean": 1.06216979027,
        "median": 1.02779269218,
        "min": -3.62361311913,
        "var": 0.523596465588
    },
    "barkbands_spread": {
        "dmean": 5.66258716583,
        "dmean2": 8.8501033783,
        "dvar": 42.5443649292,
        "dvar2": 91.9474182129,
        "max": 143.548324585,
        "mean": 30.1143569946,
        "median": 28.0329017639,
        "min": 3.46818232536,
        "var": 166.785675049
    },
    "dissonance": {
        "dmean": 0.0170718729496,
        "dmean2": 0.0287000965327,
        "dvar": 0.000282522145426,
        "dvar2": 0.000748507038224,
        "max": 0.500000119209,
        "mean": 0.465897202492,
        "median": 0.471658289433,
        "min": 0.212421536446,
        "var": 0.000624149164651
    },
    "dynamic_complexity": 1.4412766695,
    "erbbands_crest": {
        "dmean": 2.40906691551,
        "dmean2": 3.90934967995,
        "dvar": 5.34088897705,
        "dvar2": 13.3716745377,
        "max": 28.8808059692,
        "mean": 8.41631889343,
        "median": 7.51492977142,
        "min": 2.33951425552,
        "var": 15.6678533554
    },
    "erbbands_flatness_db": {
        "dmean": 0.016994593665,
        "dmean2": 0.0234638657421,
        "dvar": 0.000283603876596,
        "dvar2": 0.000502611859702,
        "max": 0.326805263758,
        "mean": 0.141814783216,
        "median": 0.136579468846,
        "min": 0.0357053540647,
        "var": 0.00184168631677
    },
    "erbbands_kurtosis": {
        "dmean": 0.66192060709,
        "dmean2": 1.04100012779,
        "dvar": 0.645094752312,
        "dvar2": 1.51222062111,
        "max": 11.8583889008,
        "mean": 0.350893974304,
        "median": 0.0451182126999,
        "min": -1.6762239933,
        "var": 1.80902922153
    },
    "erbbands_skewness": {
        "dmean": 0.278183072805,
        "dmean2": 0.42567718029,
        "dvar": 0.067339502275,
        "dvar2": 0.146709531546,
        "max": 2.55930900574,
        "mean": 0.00779705448076,
        "median": 0.0497758239508,
        "min": -3.2377166748,
        "var": 0.316307127476
    },
    "erbbands_spread": {
        "dmean": 7.48495197296,
        "dmean2": 11.5277996063,
        "dvar": 62.8400726318,
        "dvar2": 137.072433472,
        "max": 136.631393433,
        "mean": 38.9712791443,
        "median": 36.24036026,
        "min": 5.8711476326,
        "var": 283.569824219
    },
    "hfc": {
        "dmean": 8.57346248627,
        "dmean2": 12.3537006378,
        "dvar": 201.916030884,
        "dvar2": 356.121734619,
        "max": 306.178710938,
        "mean": 34.984664917,
        "median": 30.4528999329,
        "min": 1.21241702032e-16,
        "var": 548.361328125
    },
    "melbands_crest": {
        "dmean": 3.28816318512,
        "dmean2": 5.56041765213,
        "dvar": 8.16605949402,
        "dvar2": 22.6043224335,
        "max": 37.2388877869,
        "mean": 12.7747602463,
        "median": 12.1861953735,
        "min": 1.68997681141,
        "var": 18.6911296844
    },
    "melbands_flatness_db": {
        "dmean": 0.0239946059883,
        "dmean2": 0.0382925234735,
        "dvar": 0.000552470155526,
        "dvar2": 0.00138510228135,
        "max": 0.43775370717,
        "mean": 0.169457048178,
        "median": 0.16440936923,
        "min": 0.00584221957251,
        "var": 0.00250640674494
    },
    "melbands_kurtosis": {
        "dmean": 4.29288721085,
        "dmean2": 7.0530667305,
        "dvar": 71.713470459,
        "dvar2": 185.547332764,
        "max": 251.524185181,
        "mean": 6.86534500122,
        "median": 4.83870077133,
        "min": -1.82962703705,
        "var": 82.4577789307
    },
    "melbands_skewness": {
        "dmean": 0.625708281994,
        "dmean2": 1.00221526623,
        "dvar": 0.476304590702,
        "dvar2": 1.17074847221,
        "max": 13.7623491287,
        "mean": 2.20194220543,
        "median": 2.07637763023,
        "min": -0.703669309616,
        "var": 1.08063817024
    },
    "melbands_spread": {
        "dmean": 7.45167303085,
        "dmean2": 11.8898153305,
        "dvar": 75.5135192871,
        "dvar2": 163.158035278,
        "max": 202.057510376,
        "mean": 30.087934494,
        "median": 27.7071380615,
        "min": 2.10302114487,
        "var": 256.535095215
    },
    "pitch_salience": {
        "dmean": 0.0623026266694,
        "dmean2": 0.103048987687,
        "dvar": 0.00308156805113,
        "dvar2": 0.00816688407212,
        "max": 0.916498839855,
        "mean": 0.54824590683,
        "median": 0.548271894455,
        "min": 0.149208962917,
        "var": 0.00915945973247
    },
    "silence_rate_20dB": {
        "dmean": 0,
        "dmean2": 0,
        "dvar": 0,
        "dvar2": 0,
        "max": 1,
        "mean": 1,
        "median": 1,
        "min": 1,
        "var": 0
    },
    "silence_rate_30dB": {
        "dmean": 0.00347143621184,
        "dmean2": 0.00694339629263,
        "dvar": 0.00345918908715,
        "dvar2": 0.0099130179733,
        "max": 1,
        "mean": 0.998038053513,
        "median": 1,
        "min": 0,
        "var": 0.00195809593424
    },
    "silence_rate_60dB": {
        "dmean": 0.000754660053644,
        "dmean2": 0.00150943396147,
        "dvar": 0.000754008244257,
        "dvar2": 0.00150724954437,
        "max": 1,
        "mean": 0.033428914845,
        "median": 0,
        "min": 0,
        "var": 0.0323080606759
    },
    "spectral_centroid": {
        "dmean": 235.838180542,
        "dmean2": 374.290863037,
        "dvar": 60938.0117188,
        "dvar2": 132127.34375,
        "max": 10971.6582031,
        "mean": 1508.95275879,
        "median": 1451.13684082,
        "min": 268.327362061,
        "var": 328103.34375
    },
    "spectral_complexity": {
        "dmean": 3.74190616608,
        "dmean2": 5.81373596191,
        "dvar": 15.8160400391,
        "dvar2": 32.6362915039,
        "max": 61,
        "mean": 25.9889068604,
        "median": 25,
        "min": 0,
        "var": 88.462020874
    },
    "spectral_decrease": {
        "dmean": 2.77270761906e-09,
        "dmean2": 4.52308146492e-09,
        "dvar": 1.47869023144e-17,
        "dvar2": 3.69924996839e-17,
        "max": 2.85854065149e-17,
        "mean": -9.09639208402e-09,
        "median": -8.53900772313e-09,
        "min": -4.7400771308e-08,
        "var": 2.07348818209e-17
    },
    "spectral_energy": {
        "dmean": 0.0108562745154,
        "dmean2": 0.0175763051957,
        "dvar": 0.000222583170398,
        "dvar2": 0.000549687771127,
        "max": 0.183942735195,
        "mean": 0.037505093962,
        "median": 0.0353214815259,
        "min": 1.09102230895e-20,
        "var": 0.000330263137585
    },
    "spectral_energyband_high": {
        "dmean": 0.000826977717225,
        "dmean2": 0.0011339392513,
        "dvar": 2.86627573587e-06,
        "dvar2": 4.94578080179e-06,
        "max": 0.0401590578258,
        "mean": 0.00193607516121,
        "median": 0.00104274158366,
        "min": 7.72930408287e-21,
        "var": 8.0592053564e-06
    },
    "spectral_energyband_low": {
        "dmean": 0.00834014173597,
        "dmean2": 0.0139879612252,
        "dvar": 0.00018500808801,
        "dvar2": 0.000479353300761,
        "max": 0.174603149295,
        "mean": 0.0139292683452,
        "median": 0.011005663313,
        "min": 3.55296451498e-23,
        "var": 0.000199190108106
    },
    "spectral_energyband_middle_high": {
        "dmean": 0.00229071034119,
        "dmean2": 0.0035616569221,
        "dvar": 7.11533493813e-06,
        "dvar2": 1.6454659999e-05,
        "max": 0.0644690692425,
        "mean": 0.00944038387388,
        "median": 0.00905472040176,
        "min": 1.64406771363e-21,
        "var": 2.23581955652e-05
    },
    "spectral_energyband_middle_low": {
        "dmean": 0.00504665775225,
        "dmean2": 0.00825513713062,
        "dvar": 4.37394810433e-05,
        "dvar2": 0.000108944295789,
        "max": 0.092583142221,
        "mean": 0.0143410339952,
        "median": 0.013034821488,
        "min": 4.86660283117e-22,
        "var": 7.01106400811e-05
    },
    "spectral_entropy": {
        "dmean": 0.143954887986,
        "dmean2": 0.202907830477,
        "dvar": 0.0231753177941,
        "dvar2": 0.0459923259914,
        "max": 9.8156452179,
        "mean": 7.69071769714,
        "median": 7.71434402466,
        "min": 5.787317276,
        "var": 0.181414425373
    },
    "spectral_flux": {
        "dmean": 0.0251102689654,
        "dmean2": 0.0380802974105,
        "dvar": 0.000747960526496,
        "dvar2": 0.00154970306903,
        "max": 0.368312001228,
        "mean": 0.099798284471,
        "median": 0.0936509519815,
        "min": 1.04452016481e-10,
        "var": 0.00207265536301
    },
    "spectral_kurtosis": {
        "dmean": 1.47576928139,
        "dmean2": 2.36111164093,
        "dvar": 6.16454124451,
        "dvar2": 15.903875351,
        "max": 66.6578903198,
        "mean": 4.12213563919,
        "median": 3.11542797089,
        "min": -1.21682107449,
        "var": 17.5710086823
    },
    "spectral_rms": {
        "dmean": 0.000800827343483,
        "dmean2": 0.00128195271827,
        "dvar": 8.59291162669e-07,
        "dvar2": 2.07120888263e-06,
        "max": 0.0133961308748,
        "mean": 0.00583994807675,
        "median": 0.0058702621609,
        "min": 3.26253282203e-12,
        "var": 2.48516357715e-06
    },
    "spectral_rolloff": {
        "dmean": 549.460449219,
        "dmean2": 916.349121094,
        "dvar": 797986.875,
        "dvar2": 1773908.875,
        "max": 19293.75,
        "mean": 1971.59020996,
        "median": 1464.2578125,
        "min": 86.1328125,
        "var": 3804486.75
    },
    "spectral_skewness": {
        "dmean": 0.206017389894,
        "dmean2": 0.314734190702,
        "dvar": 0.0538661330938,
        "dvar2": 0.126136362553,
        "max": 6.33202886581,
        "mean": 1.49087285995,
        "median": 1.40168786049,
        "min": -0.115910030901,
        "var": 0.27337372303
    },
    "spectral_spread": {
        "dmean": 642405.875,
        "dmean2": 874786.375,
        "dvar": 630233890816,
        "dvar2": 998993166336,
        "max": 40519052,
        "mean": 5079155,
        "median": 4894334,
        "min": 886011.5625,
        "var": 3.65324691046e+12
    },
    "spectral_strongpeak": {
        "dmean": 0.496802300215,
        "dmean2": 0.887281477451,
        "dvar": 0.771603167057,
        "dvar2": 2.0379281044,
        "max": 15.3342876434,
        "mean": 0.723064959049,
        "median": 0.447270095348,
        "min": 0,
        "var": 0.850231468678
    },
    "zerocrossingrate": {
        "dmean": 0.0110197318718,
        "dmean2": 0.013290499337,
        "dvar": 0.000160306721227,
        "dvar2": 0.000186182543985,
        "max": 0.595703125,
        "mean": 0.0768544450402,
        "median": 0.06640625,
        "min": 0.00927734375,
        "var": 0.00280187604949
    },
    "barkbands": {
        "dmean": [0.00011962519784, 0.00409615365788, 0.00461914995685, 0.00221293093637, 0.00250322395004, 0.000859218125697, 0.00091173365945, 0.000715858419426, 0.000643573293928, 0.0010777808493, 0.000814334955066, 0.000927278015297, 0.000403409620048, 0.000370951136574, 0.000471742532682, 0.000282660330413, 0.000305197667331, 0.000258351385128, 0.000218136716285, 0.000208163415664, 0.000178984453669, 0.00021411688067, 0.000227738681133, 0.000127496736241, 0.000102875113953, 0.000105438950413, 3.48345110979e-06],
        "dmean2": [0.000206183161936, 0.00693683046848, 0.00803245883435, 0.00377583317459, 0.00416736071929, 0.00135678984225, 0.0014985720627, 0.0011051526526, 0.00100768252742, 0.00168464903254, 0.0012696320191, 0.00147620751522, 0.000641250924673, 0.000598892976996, 0.000781616254244, 0.000451463507488, 0.000494500622153, 0.000415126152802, 0.000347669381881, 0.000347789668012, 0.000280595326331, 0.000320682534948, 0.000322972715367, 0.000180491057108, 0.00014280960022, 0.000155257614097, 5.63763160244e-06],
        "dvar": [1.25700950093e-07, 8.90924347914e-05, 4.49902181572e-05, 9.26924440137e-06, 1.60492763825e-05, 1.53632549882e-06, 3.01799877889e-06, 2.15502336687e-06, 1.37027166147e-06, 2.77564254247e-06, 1.5816897303e-06, 1.59885405537e-06, 4.82395364543e-07, 3.67345506902e-07, 5.62833008644e-07, 1.96141698439e-07, 2.8592438639e-07, 1.65613556646e-07, 1.35787956879e-07, 1.98929129169e-07, 9.49074276946e-08, 2.60448160816e-07, 5.13529641921e-07, 1.17499922681e-07, 5.66256730394e-08, 8.64895142172e-08, 1.04960450054e-10],
        "dvar2": [3.51033037305e-07, 0.000236662453972, 0.000128124360344, 2.58465570369e-05, 4.28248531534e-05, 3.79522111871e-06, 7.8497969298e-06, 5.25589757672e-06, 3.2831678709e-06, 6.79902768752e-06, 3.82078542316e-06, 3.90951254303e-06, 1.22913786527e-06, 9.45215788306e-07, 1.4487984572e-06, 4.74845080589e-07, 6.92815547154e-07, 4.08434402743e-07, 3.26433223563e-07, 5.29350927536e-07, 2.27225385174e-07, 5.05831962982e-07, 9.17410091006e-07, 2.21399403699e-07, 1.03765067649e-07, 1.82887262667e-07, 2.61111465782e-10],
        "max": [0.00928104110062, 0.102296739817, 0.104655221105, 0.0391473956406, 0.0583837367594, 0.0224143695086, 0.0351033993065, 0.0317477881908, 0.0365529470146, 0.025947149843, 0.038184247911, 0.0204629246145, 0.0153608135879, 0.0130663244054, 0.0139938825741, 0.00810653716326, 0.0146166365594, 0.00910023692995, 0.0103017967194, 0.00787554867566, 0.00425724312663, 0.0192549210042, 0.0236513633281, 0.0111040826887, 0.0107113458216, 0.00648012617603, 0.000314886390697],
        "mean": [0.000127501960378, 0.00563494069502, 0.00654319906607, 0.00324699352495, 0.00443552294746, 0.00182503962424, 0.001511343522, 0.00119873520453, 0.00117267027963, 0.00191589165479, 0.00143479090184, 0.00182101968676, 0.000749405706301, 0.000677359290421, 0.000811460602563, 0.000545263290405, 0.00066475267522, 0.000543855072465, 0.000482354691485, 0.000378304481274, 0.000314555276418, 0.000440348754637, 0.000467713165563, 0.000242821843131, 0.000179418944754, 0.000136380840559, 3.46252249983e-06],
        "median": [3.32243871526e-05, 0.00338628771715, 0.00456155184656, 0.00212438823655, 0.00323655200191, 0.00124260270968, 0.000811832258478, 0.000479057838675, 0.000573513214476, 0.00114499381743, 0.000880378764123, 0.00128740584478, 0.000504592200741, 0.000399852782721, 0.000476343207993, 0.000319245358696, 0.000339639082085, 0.00035270670196, 0.000315704382956, 0.000224348972552, 0.000153127984959, 0.000200611859327, 0.000176644942258, 8.9150009444e-05, 5.76142701902e-05, 1.66938407347e-05, 7.20190200809e-07],
        "min": [7.02890685998e-24, 2.27840763021e-23, 6.05331114001e-24, 2.89179684003e-23, 1.3256215551e-22, 3.49051923235e-23, 1.26440569642e-22, 7.80862171186e-23, 6.09517543605e-23, 7.78409066207e-23, 4.8149589476e-23, 1.04133659524e-22, 1.27527304425e-22, 4.7964084101e-23, 2.20289900032e-22, 1.37112532403e-22, 1.21174020643e-22, 2.41678506636e-22, 3.35681923649e-22, 2.62321267343e-22, 3.03499958057e-22, 6.4134886368e-22, 6.68330279532e-22, 7.31204235483e-22, 1.20759604873e-21, 1.73228139647e-21, 2.52444678323e-21],
        "var": [9.91801059058e-08, 7.78087778599e-05, 4.72730243928e-05, 1.20390004668e-05, 1.980666093e-05, 3.76930029233e-06, 4.32918432125e-06, 4.79113077745e-06, 2.81195093521e-06, 5.37402547707e-06, 3.55622978532e-06, 3.39052598974e-06, 7.57264388085e-07, 7.29623820916e-07, 9.88342435448e-07, 4.72010441399e-07, 9.35375851441e-07, 4.03054116305e-07, 3.44924018236e-07, 2.58723929392e-07, 1.85034039646e-07, 6.19786646894e-07, 1.27609712308e-06, 2.52452167615e-07, 1.31736470621e-07, 1.18265589322e-07, 9.74258868025e-11]
    },
    "erbbands": {
        "dmean": [0.074988335371, 1.09954476357, 4.72068119049, 6.12133455276, 10.7797355652, 5.94408559799, 5.46440649033, 7.11941146851, 14.0253314972, 10.3203058243, 18.3803291321, 14.9569253922, 33.1797790527, 25.4071292877, 25.7357559204, 44.423500061, 19.7232608795, 17.871881485, 23.2409210205, 19.198923111, 14.3619203568, 13.692533493, 13.8016319275, 11.0492353439, 11.7280130386, 9.63478183746, 7.32185792923, 6.37255048752, 6.75315141678, 8.8762845993, 5.89220190048, 3.23707437515, 2.0239841938, 1.32196676731, 0.629856050014, 0.293535143137, 0.252440541983, 0.0346306599677, 0.000866792921443, 4.65516895929e-05],
        "dmean2": [0.129101097584, 1.86615872383, 8.17379283905, 10.5506820679, 17.8030757904, 10.111574173, 8.51302719116, 11.3630361557, 22.8729438782, 16.67029953, 28.1928672791, 23.195514679, 52.677734375, 39.2349319458, 40.2311477661, 70.6450119019, 31.2125816345, 28.5945701599, 38.3494606018, 31.4368724823, 22.9088745117, 22.1227359772, 22.1333599091, 18.0489501953, 18.6035995483, 15.8294315338, 11.7116365433, 9.54378604889, 9.92391967773, 13.0813302994, 8.42977809906, 4.58079051971, 2.94635152817, 1.83397817612, 0.92350757122, 0.430195599794, 0.380423873663, 0.0519489645958, 0.00131535308901, 6.98295480106e-05],
        "dvar": [0.0385199487209, 5.82711458206, 50.7248687744, 74.7708816528, 270.591491699, 92.8413391113, 76.7236633301, 136.803833008, 626.956237793, 475.64151001, 1466.32531738, 680.282714844, 3080.0168457, 1893.69787598, 1593.21472168, 3846.60839844, 1071.5246582, 900.447937012, 1659.63098145, 1035.0703125, 528.638305664, 550.422119141, 525.273132324, 354.77835083, 425.217529297, 372.507293701, 152.096038818, 154.99319458, 256.2237854, 685.647521973, 348.469970703, 108.651199341, 23.1555538177, 14.556930542, 1.52363872528, 0.408155292273, 0.626674354076, 0.00946433283389, 4.77166986457e-06, 1.20634036094e-08],
        "dvar2": [0.102702066302, 15.534491539, 142.130767822, 213.120956421, 698.383972168, 255.364334106, 195.869445801, 336.858001709, 1638.06384277, 1206.35913086, 3552.11328125, 1623.58093262, 7867.46826172, 4437.56054688, 3860.47363281, 9357.7734375, 2701.4597168, 2277.76611328, 4296.85546875, 2621.15283203, 1312.44287109, 1331.13085938, 1301.85424805, 897.240234375, 1017.53485107, 970.002319336, 376.066680908, 326.271759033, 494.263244629, 1328.62426758, 616.844116211, 210.55682373, 44.4008522034, 25.5521583557, 3.28533291817, 0.789451599121, 1.43294763565, 0.0198173020035, 1.03655465864e-05, 2.67506177209e-08],
        "max": [2.4330303669, 27.3183917999, 112.587097168, 106.734962463, 211.31880188, 173.815216064, 215.321014404, 272.259216309, 353.940307617, 466.639099121, 868.609436035, 531.461242676, 1033.51733398, 948.684143066, 1146.82763672, 1058.36413574, 807.585327148, 817.998291016, 837.387634277, 691.752624512, 487.215484619, 503.433044434, 540.389343262, 605.948303223, 461.179412842, 382.521179199, 211.1300354, 206.255386353, 706.572021484, 934.725341797, 644.902587891, 377.525848389, 158.480133057, 188.607955933, 27.159954071, 10.0006837845, 18.5975246429, 2.05725002289, 0.0556481294334, 0.00493364688009],
        "mean": [0.102030985057, 1.52921307087, 6.80550050735, 9.95470237732, 17.0877971649, 10.7812614441, 11.4800138474, 13.6848497391, 23.7825145721, 17.8988933563, 32.5039138794, 29.6463928223, 56.8691253662, 51.9651412964, 51.8666419983, 88.8629989624, 42.4863052368, 36.7084236145, 39.8035926819, 39.3195114136, 32.6237487793, 31.8184871674, 30.6957683563, 24.1892566681, 25.820602417, 18.8605899811, 14.1412935257, 11.1537475586, 13.6410179138, 18.5899410248, 12.05331707, 6.17576122284, 3.69839429855, 2.37377858162, 1.0447729826, 0.483518660069, 0.28837120533, 0.0394306816161, 0.0010499363998, 9.22224789974e-05],
        "median": [0.0392996557057, 0.975451588631, 4.8445982933, 7.36711120605, 11.4591636658, 7.9941368103, 7.18787813187, 8.6001701355, 13.3203048706, 8.77945899963, 14.53723526, 15.6762399673, 33.4205474854, 32.6777038574, 36.62890625, 61.3675842285, 32.3224906921, 23.9806976318, 23.5581760406, 24.6851444244, 19.8453369141, 17.3636169434, 19.9567337036, 17.2403526306, 16.2181549072, 11.7193870544, 8.16851997375, 4.20571708679, 5.43728065491, 8.18772697449, 4.4408082962, 2.3439552784, 1.23616695404, 0.741938352585, 0.313797354698, 0.0959244370461, 0.0267552882433, 0.00335679668933, 0.000211145437788, 5.65301816096e-05],
        "min": [3.12794052185e-22, 6.23524666385e-21, 1.01838882336e-20, 4.43262050331e-20, 4.32962333385e-19, 2.41846233662e-19, 3.36193420354e-19, 4.09413845514e-19, 1.45251261203e-18, 1.88139355873e-18, 1.7217561791e-18, 1.17741260622e-18, 2.37840482298e-18, 2.39301428017e-18, 2.23922444709e-18, 4.30034450059e-18, 5.84176000332e-18, 4.2032835411e-18, 8.97141728965e-18, 6.91814780055e-18, 9.15118845218e-18, 7.31019046546e-18, 1.04189502744e-17, 1.6861527539e-17, 1.74217703504e-17, 1.15056066918e-17, 1.20167133205e-17, 1.65239865638e-17, 2.45465896406e-17, 1.22677270676e-17, 2.24676200635e-17, 1.52776768436e-17, 1.30780993701e-17, 1.33484401923e-17, 8.44465957659e-18, 6.12851870627e-18, 3.34321112547e-18, 1.45277317392e-18, 3.44385791291e-19, 3.79854132734e-20],
        "var": [0.0341379977763, 5.12180662155, 51.0502929688, 84.5830459595, 349.509521484, 117.147598267, 170.812164307, 285.905487061, 948.037963867, 789.082885742, 3243.0234375, 1588.2109375, 5009.72460938, 4627.01660156, 3053.18481445, 8311.19726562, 1731.71020508, 1776.57275391, 2597.05639648, 2417.15332031, 1597.36547852, 2030.88757324, 1202.38024902, 795.22088623, 1127.58789062, 567.97454834, 293.553497314, 320.796173096, 587.126220703, 1670.24536133, 844.875671387, 218.815689087, 50.635017395, 33.1442070007, 2.9643702507, 0.818263351917, 0.717279970646, 0.0117223057896, 5.82983420827e-06, 1.52992356561e-08]
    },
    "gfcc": {
        "mean": [37.5678710938, 85.6664581299, -118.054519653, 30.8875331879, -55.2283096313, 23.4353656769, -33.6127624512, 5.26562070847, -29.0226993561, -4.9580821991, -18.6067848206, 0.233974054456, -17.1261615753],
        "cov": [[16204.9697266, 706.343200684, -381.058929443, 669.053405762, -628.817871094, 213.555389404, -432.627532959, 137.534286499, -304.938293457, 1.46244812012, -306.737030029, -30.8263168335, -243.197433472], [706.343200684, 1601.02307129, -708.228210449, -75.6344070435, 224.804275513, -138.39201355, 100.412315369, -185.689437866, 99.4844360352, -167.433761597, 138.761993408, -106.0415802, 72.1488647461], [-381.058929443, -708.228210449, 747.087890625, -103.633171082, -0.818053841591, 145.302703857, -3.86993050575, 119.18371582, -86.6556167603, 150.19682312, -86.6212921143, 111.849586487, -57.2994117737], [669.053405762, -75.6344070435, -103.633171082, 338.706512451, -73.1059341431, 8.35591983795, -20.0979118347, 10.7444896698, 57.6835441589, -27.587928772, 28.0973796844, -21.0040493011, 14.002199173], [-628.817871094, 224.804275513, -0.818053841591, -73.1059341431, 347.612030029, -30.8429698944, 91.1230545044, 17.5184440613, 22.1611595154, 26.7450408936, 7.75814723969, 41.7760696411, 18.7822189331], [213.555389404, -138.39201355, 145.302703857, 8.35591983795, -30.8429698944, 160.620956421, 9.35398769379, 21.8632221222, -11.8329143524, 18.2335281372, -0.725385129452, 2.78255176544, -6.44143486023], [-432.627532959, 100.412315369, -3.86993050575, -20.0979118347, 91.1230545044, 9.35398769379, 133.350799561, 15.1832857132, 15.8311634064, 11.8160924911, 9.76036739349, -2.498067379, 17.8370571136], [137.534286499, -185.689437866, 119.18371582, 10.7444896698, 17.5184440613, 21.8632221222, 15.1832857132, 135.26411438, 8.91015529633, 50.7866401672, -29.607635498, 18.1316013336, -11.7735853195], [-304.938293457, 99.4844360352, -86.6556167603, 57.6835441589, 22.1611595154, -11.8329143524, 15.8311634064, 8.91015529633, 129.39515686, -9.97688007355, 42.5222206116, -16.8010749817, 2.97086977959], [1.46244812012, -167.433761597, 150.19682312, -27.587928772, 26.7450408936, 18.2335281372, 11.8160924911, 50.7866401672, -9.97688007355, 120.496803284, -12.1863031387, 26.4993991852, -11.246096611], [-306.737030029, 138.761993408, -86.6212921143, 28.0973796844, 7.75814723969, -0.725385129452, 9.76036739349, -29.607635498, 42.5222206116, -12.1863031387, 112.173751831, 1.39611768723, 1.82999503613], [-30.8263168335, -106.0415802, 111.849586487, -21.0040493011, 41.7760696411, 2.78255176544, -2.498067379, 18.1316013336, -16.8010749817, 26.4993991852, 1.39611768723, 96.24269104, 0.631120026112], [-243.197433472, 72.1488647461, -57.2994117737, 14.002199173, 18.7822189331, -6.44143486023, 17.8370571136, -11.7735853195, 2.97086977959, -11.246096611, 1.82999503613, 0.631120026112, 87.9385147095]],
        "icov": [[0.000178776899702, -0.000421710836235, 0.000185879282071, -0.000528874224983, 0.000349398731487, -0.000504623109009, 0.00048252689885, -0.000439898867626, 0.000573077122681, -0.000485348777147, 0.000826923467685, -0.000563299050555, 0.000682779529598], [-0.000421710836235, 0.00259800022468, 0.00069626228651, 0.00190500426106, -0.00171660922933, 0.0011469173478, -0.00162930192892, 0.00187509390526, -0.0015717119677, 0.00175689626485, -0.00275190197863, 0.00194401084445, -0.00179416150786], [0.000185879282071, 0.00069626228651, 0.00428524846211, 0.000404029939091, 5.33067795914e-05, -0.002948544221, 0.00014358512999, -0.00074693170609, 0.00107759982347, -0.0024088837672, 0.00195841677487, -0.00304855965078, 0.00195084745064], [-0.000528874224983, 0.00190500426106, 0.000404029939091, 0.00546093890443, -0.000611926720012, 0.000937827280723, -0.00124147417955, 0.000753309577703, -0.00314103648998, 0.00201021041721, -0.00307168555446, 0.00167638750281, -0.00266469968483], [0.000349398731487, -0.00171660922933, 5.33067795914e-05, -0.000611926720012, 0.00532411411405, -0.000303115986753, -0.00139126868453, -0.00145345181227, 0.000398263597162, -0.00183624611236, 0.00231478409842, -0.00350563041866, 0.00116379396059], [-0.000504623109009, 0.0011469173478, -0.002948544221, 0.000937827280723, -0.000303115986753, 0.00991465710104, -0.00238912925124, 0.000920458463952, -0.00124268629588, 0.00236703036353, -0.00404800334945, 0.00355004961602, -0.00260482402518], [0.00048252689885, -0.00162930192892, 0.00014358512999, -0.00124147417955, -0.00139126868453, -0.00238912925124, 0.0114098554477, -0.00250997697003, 0.00119712390006, -0.00187364616431, 0.00152213440742, 6.55461481074e-05, 0.000122014236695], [-0.000439898867626, 0.00187509390526, -0.00074693170609, 0.000753309577703, -0.00145345181227, 0.000920458463952, -0.00250997697003, 0.011996999383, -0.00359468511306, -0.00148162385449, 0.00040806751349, 0.00101728492882, -0.000952261092607], [0.000573077122681, -0.0015717119677, 0.00107759982347, -0.00314103648998, 0.000398263597162, -0.00124268629588, 0.00119712390006, -0.00359468511306, 0.0123900054023, -0.00149970431812, -0.000855903606862, -0.000343375810189, 0.002586386865], [-0.000485348777147, 0.00175689626485, -0.0024088837672, 0.00201021041721, -0.00183624611236, 0.00236703036353, -0.00187364616431, -0.00148162385449, -0.00149970431812, 0.0139344707131, -0.00385878467932, 0.00194841972552, -0.00202710716985], [0.000826923467685, -0.00275190197863, 0.00195841677487, -0.00307168555446, 0.00231478409842, -0.00404800334945, 0.00152213440742, 0.00040806751349, -0.000855903606862, -0.00385878467932, 0.0165572874248, -0.00599532341585, 0.00449872901663], [-0.000563299050555, 0.00194401084445, -0.00304855965078, 0.00167638750281, -0.00350563041866, 0.00355004961602, 6.55461481074e-05, 0.00101728492882, -0.000343375810189, 0.00194841972552, -0.00599532341585, 0.0170066431165, -0.00401093391702], [0.000682779529598, -0.00179416150786, 0.00195084745064, -0.00266469968483, 0.00116379396059, -0.00260482402518, 0.000122014236695, -0.000952261092607, 0.002586386865, -0.00202710716985, 0.00449872901663, -0.00401093391702, 0.0154242264107]]
    },
    "melbands": {
        "dmean": [0.000907932233531, 0.00206645997241, 0.0011219708249, 0.0006374346558, 0.000175888664671, 0.000169485574588, 0.000206148193683, 0.000108966298285, 0.000152648295625, 9.22113322304e-05, 0.000167786565726, 0.000104964979982, 0.000112912275654, 9.84831131063e-05, 7.36760048312e-05, 3.90244495065e-05, 3.58622892236e-05, 3.80997880711e-05, 2.82556484308e-05, 2.50945231528e-05, 1.80173337867e-05, 1.60417603183e-05, 1.67485595739e-05, 1.34153442559e-05, 9.37192817219e-06, 9.05511296878e-06, 8.63502009452e-06, 6.2798972067e-06, 4.98050985698e-06, 4.43617363999e-06, 3.87601448892e-06, 3.8578218664e-06, 4.93372635901e-06, 5.33951379111e-06, 3.77694186682e-06, 2.70589953288e-06, 1.85795488505e-06, 1.49794243498e-06, 1.27509042613e-06, 1.12992813683e-06],
        "dmean2": [0.00153913104441, 0.00353925069794, 0.00190384371672, 0.00107079232112, 0.000277393148281, 0.000270069431281, 0.000335650867783, 0.000174596396391, 0.000234009945416, 0.000143438737723, 0.00026607469772, 0.000162111275131, 0.000175587876583, 0.000156817201059, 0.000116575160064, 6.19287238806e-05, 5.75390076847e-05, 6.27334229648e-05, 4.68163925689e-05, 4.03522171837e-05, 2.89309500658e-05, 2.58737418335e-05, 2.75219972536e-05, 2.18139775825e-05, 1.55077450472e-05, 1.44760606418e-05, 1.42455055538e-05, 1.03435158962e-05, 8.13299539004e-06, 7.14908082955e-06, 5.69823441765e-06, 5.80286405238e-06, 7.49352420826e-06, 7.91215916252e-06, 5.50050890524e-06, 3.92091351387e-06, 2.70315808848e-06, 2.19512753574e-06, 1.87314606137e-06, 1.59389060173e-06],
        "dvar": [4.95541598866e-06, 1.1109078514e-05, 2.11810106521e-06, 1.08908329821e-06, 7.04948917019e-08, 6.88461980758e-08, 1.37644121878e-07, 4.89581637453e-08, 9.17624731755e-08, 2.63483368457e-08, 7.88543061958e-08, 3.39109824665e-08, 2.97795974546e-08, 1.8884978914e-08, 1.01576560496e-08, 4.4256847076e-09, 3.79204578849e-09, 4.20517221045e-09, 1.83288539901e-09, 1.55098622834e-09, 8.75007122314e-10, 8.04940614163e-10, 1.10756825933e-09, 4.86346463102e-10, 2.77158962447e-10, 2.62827176689e-10, 2.88878782007e-10, 1.61746671612e-10, 6.32150790048e-11, 6.43215064544e-11, 6.58614759952e-11, 8.23347917622e-11, 1.68359548525e-10, 2.72098815701e-10, 1.38007161254e-10, 9.4702121145e-11, 3.2504714198e-11, 1.20293150441e-11, 1.55461095386e-11, 1.08193506237e-11],
        "dvar2": [1.30798453029e-05, 3.01145882986e-05, 5.81958738621e-06, 2.92599111162e-06, 1.84527820579e-07, 1.6965499583e-07, 3.5808838561e-07, 1.22444220096e-07, 2.20070859314e-07, 6.27135747777e-08, 2.00752850787e-07, 7.90408094531e-08, 7.0524222906e-08, 4.65342218092e-08, 2.52868836981e-08, 1.11091074118e-08, 9.67060831414e-09, 1.08600923809e-08, 4.70061634061e-09, 3.82387410625e-09, 2.13710005248e-09, 1.94971661038e-09, 2.80190293189e-09, 1.20894871891e-09, 7.14044101624e-10, 6.22898732594e-10, 7.37809036089e-10, 4.19375867367e-10, 1.56433158094e-10, 1.61768085039e-10, 1.36512412485e-10, 1.61464910886e-10, 3.36588951155e-10, 5.50607004435e-10, 2.54994664273e-10, 1.85911161465e-10, 6.44872835687e-11, 2.33290539664e-11, 3.2399617711e-11, 1.97719271511e-11],
        "max": [0.0241035856307, 0.0492806881666, 0.01799727045, 0.0152145847678, 0.00647066021338, 0.00534006860107, 0.0060414345935, 0.00434126378968, 0.00780264381319, 0.00475427275524, 0.00516214640811, 0.0039052569773, 0.0044154971838, 0.00225030886941, 0.00281369197182, 0.00155717274174, 0.00159706338309, 0.0012244314421, 0.000704633479472, 0.000788495060988, 0.000679632474203, 0.000731155567337, 0.00105678720865, 0.000544452224858, 0.000564386195038, 0.000380571465939, 0.000544641749002, 0.000249962991802, 0.000141788739711, 0.000153917135322, 0.000146360645886, 0.000386111409171, 0.00044136174256, 0.000583505199756, 0.000388371612644, 0.00034541459172, 0.000208464829484, 0.000110291410238, 0.000140303862281, 0.000192286344827],
        "mean": [0.00124883651733, 0.0031210349407, 0.00199830322526, 0.00105362606701, 0.00038534172927, 0.000336007622536, 0.000354929303285, 0.000187467259821, 0.000268740928732, 0.000176610381459, 0.000281659740722, 0.000203486139071, 0.000200701237191, 0.000189622020116, 0.000157991918968, 7.48113525333e-05, 6.67053536745e-05, 6.21597864665e-05, 5.04305498907e-05, 4.9531514378e-05, 3.70834422938e-05, 3.46003180312e-05, 3.10621398967e-05, 2.68305702775e-05, 1.80485367309e-05, 1.90526789083e-05, 1.66606223502e-05, 1.10744358608e-05, 9.27367636905e-06, 7.01236876921e-06, 6.29592523183e-06, 7.0634473559e-06, 9.84579855867e-06, 1.04205328171e-05, 7.39079814593e-06, 4.94119967698e-06, 3.28700821228e-06, 2.6454174531e-06, 2.20459378397e-06, 1.95908364731e-06],
        "median": [0.000674269569572, 0.00235446635634, 0.00161299831234, 0.000749657512642, 0.000270136166364, 0.000217335124034, 0.000200629467145, 9.19499143492e-05, 0.000121039687656, 9.08214133233e-05, 0.000160734896781, 0.000118225267215, 0.000123936770251, 0.000127743318444, 0.000120548749692, 5.18611559528e-05, 3.96470895794e-05, 3.42348212143e-05, 3.09730603476e-05, 3.04293535009e-05, 1.98712859856e-05, 1.65527744684e-05, 1.67492653418e-05, 1.69652557815e-05, 1.18038424262e-05, 1.12853913379e-05, 9.98221730697e-06, 6.2397284637e-06, 5.33984712092e-06, 3.0733094718e-06, 1.94165386347e-06, 2.22962785301e-06, 4.53555003332e-06, 4.20796368417e-06, 2.5722342798e-06, 1.71254941961e-06, 1.16608907774e-06, 8.79778838225e-07, 6.36534764453e-07, 5.91532170802e-07],
        "min": [5.47175854194e-24, 6.77323151857e-24, 2.01801600499e-23, 2.63427414415e-23, 1.18302456507e-23, 1.0611411376e-23, 2.14652586407e-23, 2.05581033096e-23, 1.287827734e-23, 7.56483371544e-24, 1.20911811167e-23, 9.81322613484e-24, 6.93503398998e-24, 1.11470321534e-23, 8.84116648387e-24, 1.41488514239e-23, 6.46479321552e-24, 1.15971964178e-23, 1.59670196159e-23, 5.75149611311e-24, 1.18706148187e-23, 7.35269402967e-24, 7.40851856048e-24, 1.14823990123e-23, 1.35887112718e-23, 1.52163001355e-23, 1.24033941191e-23, 5.66092778145e-24, 8.0838087389e-24, 5.1287507763e-24, 1.17127787399e-23, 1.51827309485e-23, 9.33487981457e-24, 5.76582222158e-24, 1.2508105938e-23, 1.21466901031e-23, 9.0824222368e-24, 1.02673441701e-23, 7.15197073891e-24, 1.31775861558e-23],
        "var": [4.30910722571e-06, 1.11058880066e-05, 2.58256091001e-06, 1.2482994407e-06, 1.57294621772e-07, 1.57292348035e-07, 2.0859707206e-07, 8.56095212498e-08, 2.01431134883e-07, 5.80843142473e-08, 1.29350496536e-07, 8.09543294622e-08, 6.34904466779e-08, 3.98990351869e-08, 2.01840766323e-08, 7.00560720546e-09, 7.2158305997e-09, 6.95116186833e-09, 3.49014905865e-09, 3.52860451969e-09, 2.61642219002e-09, 3.33514238449e-09, 2.18347007142e-09, 1.10801745556e-09, 5.37945965551e-10, 7.10305592122e-10, 4.96422736251e-10, 2.27277627274e-10, 1.23747720404e-10, 1.04410910473e-10, 1.28845323299e-10, 1.74970593569e-10, 3.94625054856e-10, 6.15464290643e-10, 3.24399229701e-10, 1.81247308828e-10, 6.20422255238e-11, 2.47079665755e-11, 3.02352518022e-11, 2.27220204457e-11]
    },
    "mfcc": {
        "mean": [-598.399536133, 115.81967926, -1.62008583546, 15.0357685089, 3.47359585762, 12.5306873322, 4.63865184784, 11.5000905991, -4.73203611374, -1.03980278969, -3.73308181763, -4.33405351639, 1.75550580025],
        "cov": [[7589.77587891, -169.408050537, 241.836746216, 263.134857178, -19.951423645, 40.7592811584, -21.2576999664, 106.76625061, -12.5770282745, 134.841506958, 52.1766014099, -103.339942932, -16.0875453949], [-169.408050537, 1329.34301758, -547.975708008, -8.46141242981, 55.4227790833, 61.8757019043, 60.8878250122, 29.6907234192, -11.610162735, -39.8236312866, -17.98828125, 36.9179039001, 56.6551704407], [241.836746216, -547.975708008, 605.16217041, -111.60067749, -15.3975076675, 14.5562171936, 26.1972522736, -10.8027849197, 11.3511829376, 11.1975297928, 25.7440032959, 8.57642650604, -30.1168022156], [263.134857178, -8.46141242981, -111.60067749, 242.182342529, 26.0642089844, -0.279705882072, -15.6555423737, 23.4632434845, 22.4850616455, 13.7032489777, 4.87558031082, 2.69115567207, 29.8540668488], [-19.951423645, 55.4227790833, -15.3975076675, 26.0642089844, 146.232940674, 21.7455539703, 8.30682563782, 28.2034072876, 11.4475650787, 2.64623856544, 10.1599788666, 16.2689094543, 29.0602035522], [40.7592811584, 61.8757019043, 14.5562171936, -0.279705882072, 21.7455539703, 119.543983459, 34.8079299927, 6.86341047287, 8.88502597809, -10.8081407547, -0.0882558971643, 19.6029472351, -0.175571769476], [-21.2576999664, 60.8878250122, 26.1972522736, -15.6555423737, 8.30682563782, 34.8079299927, 136.697189331, 0.959702551365, 32.2938079834, 1.40221881866, -8.33699798584, 26.1100654602, -21.7775764465], [106.76625061, 29.6907234192, -10.8027849197, 23.4632434845, 28.2034072876, 6.86341047287, 0.959702551365, 105.433128357, -4.03930234909, 9.4306344986, 19.1405963898, -4.36510419846, 21.2641201019], [-12.5770282745, -11.610162735, 11.3511829376, 22.4850616455, 11.4475650787, 8.88502597809, 32.2938079834, -4.03930234909, 134.762695312, 14.413980484, -25.4440822601, 18.9410114288, -26.5834102631], [134.841506958, -39.8236312866, 11.1975297928, 13.7032489777, 2.64623856544, -10.8081407547, 1.40221881866, 9.4306344986, 14.413980484, 125.433815002, 41.9269142151, -27.8854427338, -1.2157201767], [52.1766014099, -17.98828125, 25.7440032959, 4.87558031082, 10.1599788666, -0.0882558971643, -8.33699798584, 19.1405963898, -25.4440822601, 41.9269142151, 101.68157196, 0.682081758976, 15.6154031754], [-103.339942932, 36.9179039001, 8.57642650604, 2.69115567207, 16.2689094543, 19.6029472351, 26.1100654602, -4.36510419846, 18.9410114288, -27.8854427338, 0.682081758976, 92.4718322754, 12.3498239517], [-16.0875453949, 56.6551704407, -30.1168022156, 29.8540668488, 29.0602035522, -0.175571769476, -21.7775764465, 21.2641201019, -26.5834102631, -1.2157201767, 15.6154031754, 12.3498239517, 95.8222427368]],
