{
"lowlevel": {
    "average_loudness": 0.975809812546,
    "barkbands_crest": {
        "dmean": 2.42010331154,
        "dmean2": 3.97948217392,
        "dvar": 6.60411500931,
        "dvar2": 17.0036468506,
        "max": 22.7144508362,
        "mean": 7.82775783539,
        "median": 6.95302391052,
        "min": 2.2016415596,
        "var": 11.6449670792
    },
    "barkbands_flatness_db": {
        "dmean": 0.0171954948455,
        "dmean2": 0.027100853622,
        "dvar": 0.000257945241174,
        "dvar2": 0.000654315983411,
        "max": 0.339385211468,
        "mean": 0.0924649834633,
        "median": 0.0875353068113,
        "min": 0.0182706881315,
        "var": 0.00121261260938
    },
    "barkbands_kurtosis": {
        "dmean": 1.1288125515,
        "dmean2": 1.81321978569,
        "dvar": 6.57581710815,
        "dvar2": 13.6726360321,
        "max": 149.471206665,
        "mean": 0.453911274672,
        "median": -0.180400013924,
        "min": -1.89658296108,
        "var": 10.536233902
    },
    "barkbands_skewness": {
        "dmean": 0.409948527813,
        "dmean2": 0.625868737698,
        "dvar": 0.194280564785,
        "dvar2": 0.423350125551,
        "max": 10.9321937561,
        "mean": 0.842274665833,
        "median": 0.830618977547,
        "min": -3.47520637512,
        "var": 0.615382790565
    },
    "barkbands_spread": {
        "dmean": 6.37554359436,
        "dmean2": 10.0209236145,
        "dvar": 48.3743057251,
        "dvar2": 112.279785156,
        "max": 106.788253784,
        "mean": 35.1958580017,
        "median": 33.481300354,
        "min": 2.11066746712,
        "var": 171.74621582
    },
    "dissonance": {
        "dmean": 0.0145077779889,
        "dmean2": 0.0241545327008,
        "dvar": 0.000209068442928,
        "dvar2": 0.000565560767427,
        "max": 0.5,
        "mean": 0.469746261835,
        "median": 0.474477112293,
        "min": 0.294203698635,
        "var": 0.000481028895592
    },
    "dynamic_complexity": 1.3399887085,
    "erbbands_crest": {
        "dmean": 2.16488146782,
        "dmean2": 3.45129680634,
        "dvar": 5.0634393692,
        "dvar2": 12.3962812424,
        "max": 27.8495063782,
        "mean": 7.92513227463,
        "median": 6.91797447205,
        "min": 2.33169126511,
        "var": 14.2332868576
    },
    "erbbands_flatness_db": {
        "dmean": 0.0185511559248,
        "dmean2": 0.0249663311988,
        "dvar": 0.000311385228997,
        "dvar2": 0.000555234029889,
        "max": 0.406519562006,
        "mean": 0.137345060706,
        "median": 0.133632868528,
        "min": 0.0404309593141,
        "var": 0.00195294385776
    },
    "erbbands_kurtosis": {
        "dmean": 0.60194426775,
        "dmean2": 0.945416688919,
        "dvar": 0.766173660755,
        "dvar2": 1.727653265,
        "max": 20.7375888824,
        "mean": 0.0889031812549,
        "median": -0.326909303665,
        "min": -1.69575178623,
        "var": 2.21391320229
    },
    "erbbands_skewness": {
        "dmean": 0.294213950634,
        "dmean2": 0.442807495594,
        "dvar": 0.0793976485729,
        "dvar2": 0.171513974667,
        "max": 2.15643119812,
        "mean": -0.0838013663888,
        "median": -0.0490865632892,
        "min": -3.80174827576,
        "var": 0.390078365803
    },
    "erbbands_spread": {
        "dmean": 7.50297689438,
        "dmean2": 11.3170614243,
        "dvar": 58.6692047119,
        "dvar2": 132.155853271,
        "max": 142.787979126,
        "mean": 41.0378112793,
        "median": 40.012802124,
        "min": 3.78487539291,
        "var": 224.628326416
    },
    "hfc": {
        "dmean": 8.61547088623,
        "dmean2": 12.6165494919,
        "dvar": 175.180847168,
        "dvar2": 367.25378418,
        "max": 328.139251709,
        "mean": 38.8796157837,
        "median": 36.7398948669,
        "min": 1.11043915038e-16,
        "var": 425.887634277
    },
    "melbands_crest": {
        "dmean": 3.27030134201,
        "dmean2": 5.3486456871,
        "dvar": 9.75052928925,
        "dvar2": 24.9985122681,
        "max": 37.0419044495,
        "mean": 12.3266468048,
        "median": 11.5541114807,
        "min": 1.74258935452,
        "var": 21.2053966522
    },
    "melbands_flatness_db": {
        "dmean": 0.0225114468485,
        "dmean2": 0.035043284297,
        "dvar": 0.000511124788318,
        "dvar2": 0.00119307090063,
        "max": 0.411113649607,
        "mean": 0.147166773677,
        "median": 0.143145129085,
        "min": 0.00558267720044,
        "var": 0.00191887037363
    },
    "melbands_kurtosis": {
        "dmean": 4.06771707535,
        "dmean2": 6.51381206512,
        "dvar": 71.6725845337,
        "dvar2": 160.302352905,
        "max": 412.817657471,
        "mean": 6.17146921158,
        "median": 4.05870342255,
        "min": -1.84588015079,
        "var": 101.472793579
    },
    "melbands_skewness": {
        "dmean": 0.610231518745,
        "dmean2": 0.947088956833,
        "dvar": 0.508912682533,
        "dvar2": 1.14741432667,
        "max": 14.3244905472,
        "mean": 2.05019307137,
        "median": 1.92808032036,
        "min": -1.41555166245,
        "var": 1.23734152317
    },
    "melbands_spread": {
        "dmean": 9.31409454346,
        "dmean2": 14.441742897,
        "dvar": 126.84286499,
        "dvar2": 260.996246338,
        "max": 218.728393555,
        "mean": 37.774066925,
        "median": 34.301990509,
        "min": 0.806754469872,
        "var": 411.037719727
    },
    "pitch_salience": {
        "dmean": 0.064374320209,
        "dmean2": 0.10405818373,
        "dvar": 0.00361183541827,
        "dvar2": 0.00926169194281,
        "max": 0.82926684618,
        "mean": 0.534750759602,
        "median": 0.536709666252,
        "min": 0.153527468443,
        "var": 0.00952630769461
    },
    "silence_rate_20dB": {
        "dmean": 0,
        "dmean2": 0,
        "dvar": 0,
        "dvar2": 0,
        "max": 1,
        "mean": 1,
        "median": 1,
        "min": 1,
        "var": 0
    },
    "silence_rate_30dB": {
        "dmean": 0,
        "dmean2": 0,
        "dvar": 0,
        "dvar2": 0,
        "max": 1,
        "mean": 1,
        "median": 1,
        "min": 1,
        "var": 0
    },
    "silence_rate_60dB": {
        "dmean": 0.00036951500806,
        "dmean2": 0.000739098293707,
        "dvar": 0.000369468383724,
        "dvar2": 0.000923280371353,
        "max": 1,
        "mean": 0.0238315165043,
        "median": 0,
        "min": 0,
        "var": 0.0232636835426
    },
    "spectral_centroid": {
        "dmean": 250.546676636,
        "dmean2": 382.979400635,
        "dvar": 69235.90625,
        "dvar2": 142042.078125,
        "max": 11292.0058594,
        "mean": 1906.57958984,
        "median": 1842.36279297,
        "min": 227.442520142,
        "var": 333628.40625
    },
    "spectral_complexity": {
        "dmean": 3.6249423027,
        "dmean2": 5.61492967606,
        "dvar": 11.9036884308,
        "dvar2": 25.4307594299,
        "max": 51,
        "mean": 26.9579715729,
        "median": 27,
        "min": 0,
        "var": 62.0061416626
    },
    "spectral_decrease": {
        "dmean": 2.45002707011e-09,
        "dmean2": 3.91427423807e-09,
        "dvar": 1.05153598292e-17,
        "dvar2": 2.52861602457e-17,
        "max": 2.34098069053e-17,
        "mean": -8.14354539358e-09,
        "median": -7.63489360622e-09,
        "min": -3.26292344255e-08,
        "var": 1.57624725114e-17
    },
    "spectral_energy": {
        "dmean": 0.00966471247375,
        "dmean2": 0.0153750143945,
        "dvar": 0.000160124604008,
        "dvar2": 0.000382794154575,
        "max": 0.126459553838,
        "mean": 0.034262072295,
        "median": 0.0324214398861,
        "min": 1.06329713736e-20,
        "var": 0.000248951924732
    },
    "spectral_energyband_high": {
        "dmean": 0.000806042342447,
        "dmean2": 0.00113381573465,
        "dvar": 2.84871430267e-06,
        "dvar2": 5.3730750551e-06,
        "max": 0.0465656556189,
        "mean": 0.00212215306237,
        "median": 0.00151979504153,
        "min": 7.63435925819e-21,
        "var": 7.38400376576e-06
    },
    "spectral_energyband_low": {
        "dmean": 0.00682449713349,
        "dmean2": 0.0110290367156,
        "dvar": 0.000121449906146,
        "dvar2": 0.000295782927424,
        "max": 0.113165661693,
        "mean": 0.0113625116646,
        "median": 0.00869817379862,
        "min": 4.25859112837e-23,
        "var": 0.000140700110933
    },
    "spectral_energyband_middle_high": {
        "dmean": 0.00231170817278,
        "dmean2": 0.00367298605852,
        "dvar": 8.00995985628e-06,
        "dvar2": 2.04699827009e-05,
        "max": 0.0612782165408,
        "mean": 0.00972854439169,
        "median": 0.00892491731793,
        "min": 1.71210836772e-21,
        "var": 2.72301695077e-05
    },
    "spectral_energyband_middle_low": {
        "dmean": 0.00476916972548,
        "dmean2": 0.0076243490912,
        "dvar": 4.9571346608e-05,
        "dvar2": 0.000124241283629,
        "max": 0.0669960677624,
        "mean": 0.0123697873205,
        "median": 0.0105795739219,
        "min": 3.72902829782e-22,
        "var": 7.31698601157e-05
    },
    "spectral_entropy": {
        "dmean": 0.147756621242,
        "dmean2": 0.204426512122,
        "dvar": 0.0218084529042,
        "dvar2": 0.0401273965836,
        "max": 9.79989528656,
        "mean": 7.74074220657,
        "median": 7.75593185425,
        "min": 6.01577186584,
        "var": 0.143283829093
    },
    "spectral_flux": {
        "dmean": 0.0284034591168,
        "dmean2": 0.0431089140475,
        "dvar": 0.000812973128632,
        "dvar2": 0.00176449480932,
        "max": 0.305522412062,
        "mean": 0.100570388138,
        "median": 0.0948930457234,
        "min": 1.03116300221e-10,
        "var": 0.00214990740642
    },
    "spectral_kurtosis": {
        "dmean": 1.03554999828,
        "dmean2": 1.68737387657,
        "dvar": 2.1006193161,
        "dvar2": 6.1070394516,
        "max": 35.9193153381,
        "mean": 3.34656333923,
        "median": 2.9939160347,
        "min": -1.2114815712,
        "var": 4.9320898056
    },
    "spectral_rms": {
        "dmean": 0.000754662381951,
        "dmean2": 0.00117734924424,
        "dvar": 7.79132506068e-07,
        "dvar2": 1.77909214472e-06,
        "max": 0.0111074373126,
        "mean": 0.00559762353078,
        "median": 0.00562411500141,
        "min": 3.22081207191e-12,
        "var": 2.09291079045e-06
    },
    "spectral_rolloff": {
        "dmean": 648.341186523,
        "dmean2": 1071.93164062,
        "dvar": 945681.375,
        "dvar2": 2080780.625,
        "max": 19186.0839844,
        "mean": 2536.0168457,
        "median": 2196.38671875,
        "min": 86.1328125,
        "var": 4546298
    },
    "spectral_skewness": {
        "dmean": 0.168485894799,
        "dmean2": 0.254684925079,
        "dvar": 0.0293481554836,
        "dvar2": 0.0681145489216,
        "max": 4.24243354797,
        "mean": 1.34791636467,
        "median": 1.3415491581,
        "min": -0.149719104171,
        "var": 0.111592493951
    },
    "spectral_spread": {
        "dmean": 678404.375,
        "dmean2": 916221.75,
        "dvar": 671255298048,
        "dvar2": 1.06516001587e+12,
        "max": 41047588,
        "mean": 5161290.5,
        "median": 4907183.5,
        "min": 1415480.125,
        "var": 2.91527170458e+12
    },
    "spectral_strongpeak": {
        "dmean": 0.7209674716,
        "dmean2": 1.25644218922,
        "dvar": 1.52200758457,
        "dvar2": 3.78386831284,
        "max": 13.186624527,
        "mean": 1.1030381918,
        "median": 0.508036375046,
        "min": 0,
        "var": 2.08623218536
    },
    "zerocrossingrate": {
        "dmean": 0.0119897061959,
        "dmean2": 0.0143422689289,
        "dvar": 0.00018739081861,
        "dvar2": 0.000230484860367,
        "max": 0.60546875,
        "mean": 0.0925684943795,
        "median": 0.0830078125,
        "min": 0.01708984375,
        "var": 0.00324029172771
    },
    "barkbands": {
        "dmean": [0.000187227473361, 0.00433161575347, 0.00300324964337, 0.00124105974101, 0.00227181124501, 0.000618088466581, 0.00108810525853, 0.00155478599481, 0.000572618620936, 0.000642360886559, 0.000641347083729, 0.000754249689635, 0.000557947845664, 0.000429458188592, 0.000403428770369, 0.000438836024841, 0.000366234482499, 0.000403562007705, 0.000327127112541, 0.000238120454014, 0.000124261452584, 0.000218878718442, 0.000270369491773, 0.000145906145917, 9.96111702989e-05, 0.000146814767504, 5.03253886563e-06],
        "dmean2": [0.000313350697979, 0.00712724495679, 0.00510273128748, 0.00206809584051, 0.00372512754984, 0.000967678439338, 0.00169450405519, 0.00247506913729, 0.000876847654581, 0.0010143420659, 0.0010300836293, 0.00117073568981, 0.000925019965507, 0.000684113940224, 0.000641901337076, 0.0007033549482, 0.000563458015677, 0.000631469185464, 0.000524714938365, 0.000370722031221, 0.000196262713871, 0.000333042524289, 0.000392323097913, 0.000221605427214, 0.000142205244629, 0.000212968181586, 8.2493716036e-06],
        "dvar": [1.73730626329e-07, 8.12244325061e-05, 2.08957535506e-05, 3.79001335205e-06, 2.07346802199e-05, 2.03843228519e-06, 4.94505684401e-06, 9.95609843812e-06, 1.39265034704e-06, 1.69125564753e-06, 1.51377071234e-06, 1.95114648704e-06, 1.57155591296e-06, 6.40096743609e-07, 5.59850320769e-07, 7.7696080325e-07, 4.46292318657e-07, 4.18963281845e-07, 2.12575514524e-07, 1.33972307026e-07, 4.39978649069e-08, 3.52075517185e-07, 8.02535339517e-07, 9.40279605288e-08, 2.4180152991e-08, 8.16885119548e-08, 1.39086769879e-10],
        "dvar2": [4.63808248696e-07, 0.00020393745217, 5.63691501156e-05, 1.04410310087e-05, 5.31057958142e-05, 4.72908914162e-06, 1.17147628771e-05, 2.4602513804e-05, 3.2577283946e-06, 4.06691151511e-06, 3.77460764867e-06, 4.82540872326e-06, 3.87741147279e-06, 1.55894883846e-06, 1.31258570946e-06, 1.86721933915e-06, 1.03289971776e-06, 9.83174118119e-07, 5.13913278155e-07, 2.91480432679e-07, 1.08285789224e-07, 7.11366794803e-07, 1.51148822169e-06, 2.00248081228e-07, 5.27190771038e-08, 1.56238186833e-07, 3.60718205306e-10],
        "max": [0.00766144413501, 0.0905413925648, 0.050417650491, 0.0275270082057, 0.0487686321139, 0.0292730648071, 0.0424034409225, 0.0421029254794, 0.0278592258692, 0.0246188472956, 0.037879627198, 0.033713363111, 0.0235718302429, 0.0147167257965, 0.0167065821588, 0.0227351691574, 0.0136172519997, 0.0135000590235, 0.0118425954133, 0.0121425203979, 0.00586631847546, 0.0227192882448, 0.0281863771379, 0.00904392823577, 0.00390093633905, 0.0046618534252, 0.000211400387343],
        "mean": [0.000249086733675, 0.00586211588234, 0.00404580542818, 0.00211987737566, 0.00328250718303, 0.00116890005302, 0.00223026913591, 0.00231039128266, 0.0010738793062, 0.0010932123987, 0.00120134931058, 0.00143009854946, 0.000883706612512, 0.000758832320571, 0.000731641368475, 0.00080747762695, 0.000802131020464, 0.000920320628211, 0.000785352196544, 0.000588909955695, 0.000279698811937, 0.000462015916128, 0.000537505606189, 0.000287585658953, 0.000177712150617, 0.000167138394318, 4.62475918539e-06],
        "median": [8.95568227861e-05, 0.00397582584992, 0.00257327477448, 0.00144497223664, 0.00200612237677, 0.000556971528567, 0.000637385703158, 0.000608213013038, 0.000562533154152, 0.000583484419622, 0.000678436015733, 0.000849195697811, 0.00040434897528, 0.000380583049264, 0.000433466397226, 0.000430543790571, 0.000433838460594, 0.000616928795353, 0.000619810889475, 0.000405063910875, 0.000177066307515, 0.000261279201368, 0.000280473381281, 0.000156217225594, 9.1375753982e-05, 2.94760338875e-05, 9.26850930227e-07],
        "min": [1.34986407113e-24, 1.61186560369e-23, 1.37768198878e-23, 1.81663527756e-23, 3.37108790011e-23, 7.0805838757e-23, 4.40875395712e-23, 8.79059261124e-23, 8.6271507291e-23, 8.38148429708e-23, 3.62960613845e-23, 1.34042790631e-22, 8.37791738361e-23, 1.7636498887e-22, 2.23022892861e-22, 1.09661611784e-22, 2.66920313799e-22, 1.70046515942e-22, 1.80013590463e-22, 3.52723692096e-22, 5.63148034538e-22, 6.92241625446e-22, 6.84928569311e-22, 7.74119833827e-22, 1.36893130622e-21, 1.53481736975e-21, 2.1686680411e-21],
        "var": [1.62145624927e-07, 7.48555758037e-05, 2.23975803237e-05, 5.00822261529e-06, 1.98794896278e-05, 4.17511637352e-06, 1.48781064127e-05, 1.71365882125e-05, 2.76519108411e-06, 3.32488798449e-06, 3.80502160624e-06, 4.65983794129e-06, 2.75225238511e-06, 1.40769111567e-06, 1.06483992113e-06, 1.37901554353e-06, 1.25540634599e-06, 1.09208042431e-06, 4.63142100671e-07, 4.61786015649e-07, 1.11095445732e-07, 7.73206693339e-07, 1.72571628809e-06, 2.23268713739e-07, 5.38948263795e-08, 1.17186786497e-07, 1.1784141718e-10]
    },
    "erbbands": {
        "dmean": [0.121984012425, 1.02246963978, 3.13492321968, 3.7894411087, 5.79364490509, 8.93532657623, 4.8103761673, 5.86860799789, 11.9995613098, 28.0525989532, 24.7354850769, 11.1331539154, 17.4661426544, 20.9770011902, 22.0903053284, 25.2092704773, 26.1459903717, 18.1425418854, 21.8168106079, 17.280462265, 25.6036872864, 19.8543872833, 20.2191696167, 16.9146270752, 14.9920911789, 10.2686538696, 5.81614971161, 4.34011173248, 6.70294809341, 9.4952545166, 7.42411375046, 4.26400995255, 1.91318440437, 1.14161598682, 0.696447312832, 0.445100128651, 0.331793516874, 0.0462712980807, 0.00110043713357, 5.05414391228e-05],
        "dmean2": [0.203707635403, 1.69360780716, 5.30084848404, 6.34232950211, 9.4810218811, 14.9122161865, 7.53753757477, 9.11956882477, 18.2884197235, 43.8810577393, 39.1560974121, 17.2951869965, 27.2163333893, 32.6335144043, 35.1703414917, 39.1858177185, 43.1879463196, 28.6479701996, 35.429397583, 26.7790851593, 40.8186225891, 30.1807117462, 31.4167766571, 26.7443008423, 23.4818649292, 15.9041118622, 9.31120491028, 6.75924301147, 10.1829156876, 13.8804321289, 10.9619960785, 6.4292550087, 2.86396622658, 1.66135931015, 1.00216460228, 0.649229109287, 0.483606666327, 0.066391736269, 0.00159826083109, 7.27579681552e-05],
        "dvar": [0.0838331356645, 4.14034843445, 23.2500991821, 34.2585144043, 83.3256225586, 474.506652832, 82.6278686523, 225.57925415, 810.217834473, 2548.48657227, 3161.16723633, 519.708251953, 1336.13244629, 2125.74291992, 1521.47900391, 2650.77050781, 3091.1262207, 1298.5793457, 1702.99865723, 1530.80529785, 1902.01977539, 1377.88952637, 1112.6854248, 635.436462402, 586.732849121, 249.489517212, 100.618888855, 61.7888870239, 276.137145996, 1051.61254883, 591.919067383, 131.387695312, 9.99628353119, 3.98025560379, 1.32854545116, 0.604729652405, 0.465156465769, 0.00915205758065, 4.5020296966e-06, 9.59854862259e-09],
        "dvar2": [0.210005551577, 10.7465276718, 62.3351516724, 93.3592681885, 212.086410522, 1224.91625977, 204.613616943, 491.433197021, 1814.47668457, 6246.765625, 7791.84179688, 1215.50683594, 3162.53442383, 5082.625, 3688.17480469, 6735.65185547, 7724.12255859, 3099.76586914, 4214.39355469, 3464.24462891, 4464.44238281, 3171.03686523, 2549.31616211, 1493.55566406, 1377.46105957, 513.584350586, 261.8543396, 141.32572937, 599.107421875, 2048.74047852, 1125.78662109, 260.947509766, 22.4090595245, 8.89227104187, 2.98085975647, 1.21811687946, 0.935989439487, 0.0165320187807, 9.13850726647e-06, 2.08852508621e-08],
        "max": [2.6254401207, 19.6956520081, 51.2769737244, 70.4499588013, 99.8146362305, 215.056350708, 182.129455566, 357.748138428, 524.595703125, 703.757507324, 1186.91662598, 693.607727051, 945.297119141, 1056.30737305, 826.72253418, 1422.73632812, 1281.62719727, 805.897888184, 754.213195801, 1242.58068848, 739.460998535, 813.517211914, 951.69152832, 632.275939941, 506.81161499, 816.549438477, 338.115539551, 208.701980591, 766.091186523, 1143.3425293, 773.898681641, 420.609527588, 76.8206558228, 68.5165481567, 17.3165607452, 8.58460521698, 13.0043935776, 1.44562220573, 0.0279121659696, 0.00340869720094],
        "mean": [0.159025937319, 1.35982596874, 4.3744893074, 6.55848455429, 9.02661323547, 10.6006031036, 9.17567634583, 11.5516357422, 24.8583164215, 47.5427360535, 40.95753479, 21.1901569366, 33.9833030701, 44.900844574, 44.6843261719, 50.5112533569, 45.295173645, 34.6629066467, 39.4265785217, 37.1148719788, 52.9981918335, 48.1868095398, 49.4819755554, 44.2184410095, 38.8202056885, 27.0868721008, 13.1700496674, 9.72081851959, 14.4113273621, 19.131313324, 14.8397636414, 8.25183391571, 3.94201159477, 2.23701429367, 1.07778477669, 0.582217931747, 0.350000858307, 0.0507818311453, 0.00132382661104, 9.5954615972e-05],
        "median": [0.0874627828598, 0.916081190109, 2.92806386948, 4.45555305481, 5.40778493881, 4.9808473587, 5.32150936127, 4.91338634491, 7.80582046509, 19.470413208, 13.0145559311, 11.4319438934, 21.4473800659, 26.6908950806, 27.6936264038, 30.1906242371, 22.6259307861, 17.4576625824, 21.6921596527, 24.4432678223, 30.653213501, 28.3145198822, 33.9637832642, 35.3019981384, 28.3941574097, 19.2895393372, 8.97534370422, 5.97069454193, 8.44646072388, 9.61530780792, 7.70593500137, 4.45444440842, 2.13391494751, 1.28894603252, 0.433094203472, 0.154325783253, 0.0504224300385, 0.00646185548976, 0.000299195176922, 5.65407026443e-05],
        "min": [4.56347728543e-22, 3.78660383479e-21, 1.18771309865e-20, 4.80896215574e-20, 4.83783366718e-20, 1.18141088711e-19, 5.29918576976e-19, 4.6216131787e-19, 3.28178272862e-19, 1.54387036799e-18, 1.60319751928e-18, 1.98993847345e-18, 3.40800480323e-18, 1.48616200916e-18, 2.27902444906e-18, 5.80018011546e-18, 4.59506274899e-18, 7.41379152846e-18, 1.14113279543e-17, 9.67789322568e-18, 6.05047504266e-18, 1.51130761735e-17, 1.13037787582e-17, 7.88288234512e-18, 1.53964467447e-17, 1.50020553004e-17, 2.20620798789e-17, 2.16961351759e-17, 2.85676585276e-17, 1.67694193234e-17, 1.96858811466e-17, 1.74873310314e-17, 1.45463631554e-17, 1.79410875739e-17, 7.43508315743e-18, 5.0308334898e-18, 3.16009629211e-18, 1.33414751247e-18, 2.98942039401e-19, 2.91747894517e-20],
        "var": [0.0740141570568, 3.72410488129, 24.8915634155, 46.6905632019, 111.119110107, 400.915435791, 150.22203064, 472.366241455, 2335.55981445, 4849.92333984, 5711.54052734, 985.30456543, 2392.8815918, 5777.08691406, 3513.85546875, 5928.24072266, 6140.19042969, 2886.98266602, 3194.91235352, 2755.84619141, 4455.71826172, 4224.48046875, 3089.81787109, 1406.82055664, 1455.72570801, 981.356262207, 211.09703064, 149.113311768, 596.56439209, 2099.32519531, 1263.56884766, 308.071960449, 27.1794872284, 9.84239768982, 2.1935095787, 0.947139441967, 0.61487698555, 0.0131143638864, 6.1534433371e-06, 1.24621308828e-08]
    },
    "gfcc": {
        "mean": [44.4465446472, 66.3486480713, -120.90196991, 36.4258537292, -55.6085395813, 19.6275005341, -34.7374610901, 15.0507545471, -24.9077949524, -2.62296557426, -15.1903963089, 2.35679650307, -18.952003479],
        "cov": [[16623.7773438, 1395.33312988, -67.0774688721, 692.159240723, -409.722686768, 439.235839844, -578.137939453, 85.4500732422, -190.224151611, 39.8124389648, -185.736862183, -63.0689735413, -424.414093018], [1395.33312988, 1125.27709961, -561.045654297, 48.0679206848, 11.8366241455, -101.987571716, 57.2959861755, -29.8325004578, 66.063835144, -124.084503174, 93.6563186646, -84.2249221802, 35.3469619751], [-67.0774688721, -561.045654297, 779.494689941, 32.5830345154, 150.74067688, 169.209243774, -11.5019445419, 74.5981903076, -45.4905548096, 161.380386353, -70.5460586548, 96.4059906006, -65.5240936279], [692.159240723, 48.0679206848, 32.5830345154, 363.283752441, -0.7102663517, 88.4309463501, -19.0053443909, 29.3161468506, 83.5503311157, -36.6048278809, 30.5319766998, -3.62871575356, 9.46885967255], [-409.722686768, 11.8366241455, 150.74067688, -0.7102663517, 301.38961792, 43.1224250793, 82.5431060791, 74.4816436768, -13.8949365616, 50.5818023682, -18.5783481598, 26.5959129333, 8.41127109528], [439.235839844, -101.987571716, 169.209243774, 88.4309463501, 43.1224250793, 296.947479248, 49.3032455444, -1.09251868725, 5.73460912704, 31.725528717, 3.8267428875, -37.6860580444, -35.1280517578], [-578.137939453, 57.2959861755, -11.5019445419, -19.0053443909, 82.5431060791, 49.3032455444, 172.418136597, 36.8478851318, 2.94193840027, 9.43766212463, 12.2198886871, -8.1031627655, 26.9031486511], [85.4500732422, -29.8325004578, 74.5981903076, 29.3161468506, 74.4816436768, -1.09251868725, 36.8478851318, 135.015487671, 42.3984489441, 33.8386611938, -1.12913799286, 23.5084533691, -2.46189618111], [-190.224151611, 66.063835144, -45.4905548096, 83.5503311157, -13.8949365616, 5.73460912704, 2.94193840027, 42.3984489441, 184.178207397, 7.21436357498, 37.0213432312, -5.23636770248, -19.3605270386], [39.8124389648, -124.084503174, 161.380386353, -36.6048278809, 50.5818023682, 31.725528717, 9.43766212463, 33.8386611938, 7.21436357498, 143.243377686, 5.1227645874, 28.4157333374, -22.1771850586], [-185.736862183, 93.6563186646, -70.5460586548, 30.5319766998, -18.5783481598, 3.8267428875, 12.2198886871, -1.12913799286, 37.0213432312, 5.1227645874, 109.88004303, 15.9908761978, 8.93619823456], [-63.0689735413, -84.2249221802, 96.4059906006, -3.62871575356, 26.5959129333, -37.6860580444, -8.1031627655, 23.5084533691, -5.23636770248, 28.4157333374, 15.9908761978, 119.475563049, 29.0142726898], [-424.414093018, 35.3469619751, -65.5240936279, 9.46885967255, 8.41127109528, -35.1280517578, 26.9031486511, -2.46189618111, -19.3605270386, -22.1771850586, 8.93619823456, 29.0142726898, 123.961975098]],
        "icov": [[0.000230924444622, -0.000591440999415, 0.000135413501994, -0.00045799621148, 0.000559254025575, -0.000665466825012, 0.000816415878944, -0.000756609311793, 0.000815363135189, -0.000592501251958, 0.000917694647796, -0.000679424672853, 0.000761310046073], [-0.000591440999415, 0.00312708760612, 0.000745015509892, 0.000888170325197, -0.00220690411516, 0.00193868624046, -0.00231195916422, 0.00213193544187, -0.00218752352521, 0.00180333119351, -0.00311961933039, 0.00213595409878, -0.00164150435012], [0.000135413501994, 0.000745015509892, 0.0037173810415, -0.000882751657628, -0.000734097731765, -0.00178151926957, 0.000964848499279, -0.000935706368182, 0.00120062043425, -0.00230259844102, 0.00199065031484, -0.00269752671011, 0.00186398916412], [-0.00045799621148, 0.000888170325197, -0.000882751657628, 0.00490732770413, -0.00110444403253, -0.000108637068479, -0.00034674096969, 0.00055700953817, -0.003263624385, 0.00300755980425, -0.00263784639537, 0.00146399100777, -0.0026564579457], [0.000559254025575, -0.00220690411516, -0.000734097731765, -0.00110444403253, 0.00647610379383, -0.00177234155126, 0.000147807921167, -0.00368390907533, 0.00262127444148, -0.00214924174361, 0.00316995941103, -0.00212701642886, 0.00148766499478], [-0.000665466825012, 0.00193868624046, -0.00178151926957, -0.000108637068479, -0.00177234155126, 0.00742349680513, -0.00437323795632, 0.00357134593651, -0.00219795131125, 0.00138045439962, -0.00380602036603, 0.0046167881228, -0.00142315798439], [0.000816415878944, -0.00231195916422, 0.000964848499279, -0.00034674096969, 0.000147807921167, -0.00437323795632, 0.0112806679681, -0.00476209260523, 0.00275417836383, -0.00194965663832, 0.00228804349899, -0.00153526605573, 0.000474581378512], [-0.000756609311793, 0.00213193544187, -0.000935706368182, 0.00055700953817, -0.00368390907533, 0.00357134593651, -0.00476209260523, 0.0132710877806, -0.00514523033053, 0.000721463700756, -0.00225698831491, 0.00127523462288, -0.0019867059309], [0.000815363135189, -0.00218752352521, 0.00120062043425, -0.003263624385, 0.00262127444148, -0.00219795131125, 0.00275417836383, -0.00514523033053, 0.0104035492986, -0.00317804445513, 0.00171303155366, -0.00231227185577, 0.00427263462916], [-0.000592501251958, 0.00180333119351, -0.00230259844102, 0.00300755980425, -0.00214924174361, 0.00138045439962, -0.00194965663832, 0.000721463700756, -0.00317804445513, 0.0123256752267, -0.00464367074892, 0.00141460564919, -0.00130273995455], [0.000917694647796, -0.00311961933039, 0.00199065031484, -0.00263784639537, 0.00316995941103, -0.00380602036603, 0.00228804349899, -0.00225698831491, 0.00171303155366, -0.00464367074892, 0.016028854996, -0.00646163709462, 0.00324386055581], [-0.000679424672853, 0.00213595409878, -0.00269752671011, 0.00146399100777, -0.00212701642886, 0.0046167881228, -0.00153526605573, 0.00127523462288, -0.00231227185577, 0.00141460564919, -0.00646163709462, 0.0151611855254, -0.00585262244567], [0.000761310046073, -0.00164150435012, 0.00186398916412, -0.0026564579457, 0.00148766499478, -0.00142315798439, 0.000474581378512, -0.0019867059309, 0.00427263462916, -0.00130273995455, 0.00324386055581, -0.00585262244567, 0.0132533321157]]
    },
    "melbands": {
        "dmean": [0.00114137481432, 0.00147745618597, 0.000649880152196, 0.000570504402276, 0.000200679569389, 0.000130915854243, 0.000190855600522, 0.000335774442647, 0.000178157861228, 7.36618603696e-05, 9.33619739953e-05, 8.81494852365e-05, 8.07113756309e-05, 8.00894486019e-05, 6.90026863595e-05, 5.70493029954e-05, 3.40073711413e-05, 4.01375982619e-05, 3.03203287331e-05, 2.27267682931e-05, 3.27533489326e-05, 2.34603958233e-05, 1.75691857294e-05, 2.18672339543e-05, 1.46133261296e-05, 1.26737922983e-05, 1.19771984828e-05, 6.75728415445e-06, 3.95739198211e-06, 3.37372171089e-06, 2.55023905993e-06, 3.51538619725e-06, 5.94236007601e-06, 5.40487690159e-06, 4.71194243801e-06, 3.76413618142e-06, 2.37930862568e-06, 1.52812583565e-06, 1.09919096758e-06, 9.85510610008e-07],
        "dmean2": [0.00188667175826, 0.00246196240187, 0.00107927923091, 0.000946142710745, 0.000317288242513, 0.000203044241061, 0.000294057419524, 0.000528233184014, 0.000279984727968, 0.000113334303023, 0.000145362166222, 0.00013752427185, 0.00012954097474, 0.000122594967252, 0.000110445602331, 9.37175209401e-05, 5.36334518983e-05, 6.54476098134e-05, 4.79375084979e-05, 3.57629614882e-05, 5.21826259501e-05, 3.58495053661e-05, 2.70045220532e-05, 3.48375469912e-05, 2.32078564295e-05, 2.03116069315e-05, 1.84531054401e-05, 1.06720972326e-05, 6.42300710751e-06, 5.4927313613e-06, 3.97688836529e-06, 5.41997269465e-06, 9.18548175832e-06, 7.89732530393e-06, 7.09851792635e-06, 5.57072917218e-06, 3.7257727854e-06, 2.3612797122e-06, 1.64146081261e-06, 1.45992328271e-06],
        "dvar": [6.48909281153e-06, 5.37623964192e-06, 9.01594432889e-07, 1.52794643782e-06, 1.19216295502e-07, 9.75950982252e-08, 1.82622727607e-07, 3.66023158449e-07, 1.74779373197e-07, 2.44273792305e-08, 3.60056340298e-08, 3.55107694361e-08, 2.159048762e-08, 2.74420965951e-08, 1.9432736309e-08, 1.92173814639e-08, 4.73612971064e-09, 6.3811276263e-09, 3.49689099899e-09, 4.15708001356e-09, 3.11489367633e-09, 2.26028773476e-09, 9.72264935228e-10, 1.27690547025e-09, 4.86959195189e-10, 3.98451022177e-10, 4.268017606e-10, 1.07339616362e-10, 4.30008008367e-11, 3.32921572255e-11, 2.844156681e-11, 6.46041206642e-11, 2.92336793661e-10, 3.71784131259e-10, 2.30054711392e-10, 1.69181182952e-10, 2.8958896045e-11, 6.58738211548e-12, 4.06538257919e-12, 2.94648788875e-12],
        "dvar2": [1.61386578839e-05, 1.41419468491e-05, 2.42253508986e-06, 3.92372885472e-06, 2.98019273259e-07, 2.14862694747e-07, 4.20965534431e-07, 9.07224261937e-07, 4.37290196942e-07, 5.67483020575e-08, 8.57805915189e-08, 8.4231793096e-08, 5.31411536997e-08, 6.40434549837e-08, 4.88887899053e-08, 4.71964760607e-08, 1.12732578827e-08, 1.55447050787e-08, 7.90539278483e-09, 9.97747484632e-09, 7.28274951456e-09, 5.18411624739e-09, 2.12728457072e-09, 3.13664161311e-09, 1.14197906687e-09, 9.80222902847e-10, 9.56818624331e-10, 2.25379492846e-10, 1.12074960423e-10, 8.69266256198e-11, 6.64929639127e-11, 1.47457643318e-10, 6.04600036702e-10, 7.33804073061e-10, 4.54784737647e-10, 3.42396971886e-10, 6.21256171507e-11, 1.56504705029e-11, 9.41086184675e-12, 6.67470072269e-12],
        "max": [0.0250797793269, 0.0256531760097, 0.0114308837801, 0.0124278683215, 0.00497871078551, 0.0070962999016, 0.0075162970461, 0.00754277594388, 0.00947611778975, 0.00481731630862, 0.00462342845276, 0.00419006356969, 0.0040504229255, 0.00510231452063, 0.00364110269584, 0.00308552221395, 0.00154502643272, 0.0016474686563, 0.00126521929633, 0.00213264464401, 0.00096594367642, 0.00112802255899, 0.000929224770516, 0.000709753774572, 0.000561048742384, 0.000508071330842, 0.000548144220375, 0.000533732702024, 0.000178900561878, 0.000161639414728, 0.000155733869178, 0.000342467828887, 0.000612454663496, 0.000651604961604, 0.000475816195831, 0.000451154046459, 0.000168062222656, 6.31072252872e-05, 6.38965138933e-05, 6.14817327005e-05],
        "mean": [0.00152235350106, 0.00217027310282, 0.00120543024968, 0.000727995822672, 0.000355279073119, 0.000253130914643, 0.000403707061196, 0.000550166761968, 0.000295872334391, 0.000134633344715, 0.0001745763293, 0.000182685616892, 0.000157928021508, 0.000145641184645, 0.00012684657122, 8.80660445546e-05, 6.07188922004e-05, 6.57581476844e-05, 5.61468223168e-05, 4.37001799583e-05, 6.4214815211e-05, 5.11594553245e-05, 3.92293004552e-05, 4.79343834741e-05, 3.42924540746e-05, 3.02544140141e-05, 2.67790856014e-05, 1.57365775522e-05, 7.97890061222e-06, 6.48226341582e-06, 5.12651467943e-06, 7.0129535743e-06, 1.1433945474e-05, 1.01015648397e-05, 8.82899621502e-06, 7.14139196134e-06, 4.12840699937e-06, 2.85713963422e-06, 2.15382556235e-06, 1.79538994871e-06],
        "median": [0.000972006469965, 0.00154990586452, 0.00090117729269, 0.000388516637031, 0.000203738294658, 0.000107144507638, 0.000129077918245, 0.000215540989302, 8.64917092258e-05, 7.09113664925e-05, 0.00010730579379, 0.000108379259473, 9.24442574615e-05, 7.76665328885e-05, 6.46141197649e-05, 3.68085093214e-05, 2.87807597488e-05, 3.09427996399e-05, 3.40064289048e-05, 2.49314834946e-05, 3.3950615034e-05, 2.57400097325e-05, 2.32586298807e-05, 3.16267614835e-05, 2.63128349616e-05, 2.25057374337e-05, 1.6364188923e-05, 1.04569717223e-05, 5.17341777595e-06, 4.08069035984e-06, 2.85843498204e-06, 3.9069595914e-06, 5.56931445317e-06, 4.69951828563e-06, 4.31284843216e-06, 3.65675373359e-06, 2.07294601751e-06, 1.50456776282e-06, 1.11995723273e-06, 1.0049679986e-06],
        "min": [4.59763478907e-24, 5.96281538354e-24, 7.74983737493e-24, 5.69352745836e-24, 1.56615758289e-23, 1.10970641259e-23, 5.90236339466e-24, 1.87114493503e-23, 1.08350187327e-23, 1.35633620155e-23, 1.68616525691e-23, 6.34101936176e-24, 5.87846367024e-24, 1.54594254888e-23, 1.05387825301e-23, 8.43063774677e-24, 1.46353671877e-23, 1.95662022292e-23, 1.51320466354e-23, 8.36299450187e-24, 6.78289743124e-24, 1.34282332978e-23, 1.64568028416e-23, 7.77186552685e-24, 5.91753792303e-24, 7.66362592204e-24, 1.6538718158e-23, 7.19456843894e-24, 1.10601296583e-23, 1.65635625434e-23, 1.07882921347e-23, 1.91790434964e-23, 9.33598343098e-24, 8.83754482346e-24, 1.03786863649e-23, 1.35415373896e-23, 8.85265308751e-24, 8.6638321301e-24, 1.23419939194e-23, 1.68507000242e-23],
        "var": [5.85290808885e-06, 5.73286843064e-06, 1.2392968074e-06, 1.3670618273e-06, 1.98794936068e-07, 2.09327055245e-07, 5.52112112473e-07, 6.507444823e-07, 3.2190828847e-07, 4.47377530577e-08, 6.5617783207e-08, 9.30052692638e-08, 5.05973147824e-08, 6.17699171812e-08, 4.2175219761e-08, 3.28091758206e-08, 1.02392752055e-08, 1.194112631e-08, 6.75106459624e-09, 5.67633762216e-09, 7.57969331744e-09, 6.43410658085e-09, 2.96232860464e-09, 2.94925994737e-09, 1.00231400957e-09, 9.52975809376e-10, 1.18157472695e-09, 3.86589427137e-10, 8.75991293392e-11, 6.37706207285e-11, 5.61612700789e-11, 1.36903252623e-10, 5.91977855624e-10, 7.02068680969e-10, 4.58702853479e-10, 3.50560885876e-10, 6.52338183471e-11, 1.45046934533e-11, 1.03717364558e-11, 6.54557137658e-12]
    },
    "mfcc": {
        "mean": [-590.017150879, 96.0052871704, -3.68617868423, 19.0507392883, 5.13214492798, 3.52613091469, 3.91597342491, 15.0094347, -5.40753269196, 3.84510660172, -0.57515001297, -2.7106256485, 3.9612827301],
        "cov": [[6602.72021484, 436.274871826, 251.011932373, 289.409057617, 222.960372925, 270.731903076, 4.72958707809, 84.7733764648, -69.7160873413, 141.038116455, 140.34463501, 50.5005378723, 51.3127212524], [436.274871826, 717.034667969, -270.673919678, 27.3010501862, 19.0291233063, -28.7332630157, 64.142364502, 37.6578102112, -17.7500324249, 44.1947441101, 31.2645950317, -10.8961734772, 32.1088294983], [251.011932373, -270.673919678, 443.290405273, -0.372360885143, 55.5977783203, 99.7366027832, 7.16634321213, -9.00602436066, 12.6434106827, -4.14485168457, 21.4418907166, 24.7413921356, -0.1505471766], [289.409057617, 27.3010501862, -0.372360885143, 261.598022461, 84.5526275635, -14.4744949341, -11.7671604156, 51.3798713684, 40.2760620117, -0.589094400406, 2.36188840866, 26.6472606659, 54.5853652954], [222.960372925, 19.0291233063, 55.5977783203, 84.5526275635, 193.116439819, 51.174118042, 25.0944080353, 31.8203296661, 29.6685390472, 26.7009449005, 25.5125751495, 17.6868629456, 16.1245918274], [270.731903076, -28.7332630157, 99.7366027832, -14.4744949341, 51.174118042, 225.862426758, 77.0168685913, 9.9701166153, 8.3311252594, 49.9961471558, 42.1844787598, -5.92078065872, -24.4231357574], [4.72958707809, 64.142364502, 7.16634321213, -11.7671604156, 25.0944080353, 77.0168685913, 223.145935059, 1.43925428391, 39.8432807922, 9.21259784698, -5.66112852097, 6.38778448105, -46.4163589478], [84.7733764648, 37.6578102112, -9.00602436066, 51.3798713684, 31.8203296661, 9.9701166153, 1.43925428391, 146.789779663, 15.5887403488, 27.4587612152, 20.4262580872, -6.79633808136, 34.7416267395], [-69.7160873413, -17.7500324249, 12.6434106827, 40.2760620117, 29.6685390472, 8.3311252594, 39.8432807922, 15.5887403488, 137.885986328, 15.6341733932, -20.1667327881, 18.4921379089, -8.98624515533], [141.038116455, 44.1947441101, -4.14485168457, -0.589094400406, 26.7009449005, 49.9961471558, 9.21259784698, 27.4587612152, 15.6341733932, 140.778457642, 60.3077774048, -6.70249700546, 13.0601978302], [140.34463501, 31.2645950317, 21.4418907166, 2.36188840866, 25.5125751495, 42.1844787598, -5.66112852097, 20.4262580872, -20.1667327881, 60.3077774048, 128.906341553, 17.8669567108, 23.9565410614], [50.5005378723, -10.8961734772, 24.7413921356, 26.6472606659, 17.6868629456, -5.92078065872, 6.38778448105, -6.79633808136, 18.4921379089, -6.70249700546, 17.8669567108, 96.8750915527, 30.4644374847], [51.3127212524, 32.1088294983, -0.1505471766, 54.5853652954, 16.1245918274, -24.4231357574, -46.4163589478, 34.7416267395, -8.98624515533, 13.0601978302, 23.9565410614, 30.4644374847, 119.034835815]],
