{
"lowlevel": {
    "average_loudness": 0.979628324509,
    "barkbands_crest": {
        "dmean": 2.40520691872,
        "dmean2": 4.0301656723,
        "dvar": 4.47973251343,
        "dvar2": 11.9082736969,
        "max": 23.2128219604,
        "mean": 8.92025089264,
        "median": 8.34022903442,
        "min": 2.46407079697,
        "var": 10.074174881
    },
    "barkbands_flatness_db": {
        "dmean": 0.0219074040651,
        "dmean2": 0.0308073535562,
        "dvar": 0.00042488775216,
        "dvar2": 0.000836714869365,
        "max": 0.40173304081,
        "mean": 0.118117503822,
        "median": 0.106793858111,
        "min": 0.0174989886582,
        "var": 0.00328117259778
    },
    "barkbands_kurtosis": {
        "dmean": 2.76632165909,
        "dmean2": 4.44301557541,
        "dvar": 16.3065834045,
        "dvar2": 42.1863174438,
        "max": 66.0498428345,
        "mean": 5.13192987442,
        "median": 3.48708963394,
        "min": -1.75785684586,
        "var": 33.5933570862
    },
    "barkbands_skewness": {
        "dmean": 0.463616490364,
        "dmean2": 0.742805123329,
        "dvar": 0.228664144874,
        "dvar2": 0.58535194397,
        "max": 7.25853633881,
        "mean": 1.82906281948,
        "median": 1.78662359715,
        "min": -2.53257226944,
        "var": 0.783095121384
    },
    "barkbands_spread": {
        "dmean": 5.54826831818,
        "dmean2": 8.22737503052,
        "dvar": 39.8774337769,
        "dvar2": 84.3977508545,
        "max": 88.572555542,
        "mean": 20.8876895905,
        "median": 18.4200572968,
        "min": 1.7173551321,
        "var": 162.492080688
    },
    "dissonance": {
        "dmean": 0.0183221586049,
        "dmean2": 0.0304161719978,
        "dvar": 0.000278408871964,
        "dvar2": 0.000716466980521,
        "max": 0.500000119209,
        "mean": 0.462161660194,
        "median": 0.468162089586,
        "min": 0.274882912636,
        "var": 0.000695001450367
    },
    "dynamic_complexity": 2.27592277527,
    "erbbands_crest": {
        "dmean": 2.20831871033,
        "dmean2": 3.59000730515,
        "dvar": 4.86400175095,
        "dvar2": 11.8745450974,
        "max": 29.9020385742,
        "mean": 7.58060932159,
        "median": 6.53779697418,
        "min": 2.11060285568,
        "var": 15.4880084991
    },
    "erbbands_flatness_db": {
        "dmean": 0.0169990230352,
        "dmean2": 0.022893557325,
        "dvar": 0.000277516577626,
        "dvar2": 0.000490295642521,
        "max": 0.474080622196,
        "mean": 0.129552781582,
        "median": 0.115561254323,
        "min": 0.0400842316449,
        "var": 0.00330885895528
    },
    "erbbands_kurtosis": {
        "dmean": 0.823968589306,
        "dmean2": 1.2641838789,
        "dvar": 1.26549208164,
        "dvar2": 2.88700866699,
        "max": 20.0615692139,
        "mean": 0.317097425461,
        "median": -0.313433885574,
        "min": -1.68391501904,
        "var": 3.30584192276
    },
    "erbbands_skewness": {
        "dmean": 0.315372943878,
        "dmean2": 0.479743748903,
        "dvar": 0.0786583796144,
        "dvar2": 0.174967423081,
        "max": 3.57852172852,
        "mean": 0.680950164795,
        "median": 0.614531159401,
        "min": -2.43983101845,
        "var": 0.363976240158
    },
    "erbbands_spread": {
        "dmean": 8.79113388062,
        "dmean2": 12.7484912872,
        "dvar": 80.0026168823,
        "dvar2": 162.892044067,
        "max": 124.981803894,
        "mean": 45.7691040039,
        "median": 45.1443443298,
        "min": 4.65092515945,
        "var": 392.646209717
    },
    "hfc": {
        "dmean": 7.36301469803,
        "dmean2": 10.3948488235,
        "dvar": 93.6584701538,
        "dvar2": 194.322021484,
        "max": 116.305458069,
        "mean": 27.313249588,
        "median": 23.2122173309,
        "min": 1.07556528192e-16,
        "var": 341.762145996
    },
    "melbands_crest": {
        "dmean": 3.38456201553,
        "dmean2": 5.68123626709,
        "dvar": 8.4040927887,
        "dvar2": 23.206401825,
        "max": 30.3217048645,
        "mean": 13.1566724777,
        "median": 12.39402771,
        "min": 2.26017427444,
        "var": 19.2091312408
    },
    "melbands_flatness_db": {
        "dmean": 0.0265467502177,
        "dmean2": 0.0381714738905,
        "dvar": 0.000624965003226,
        "dvar2": 0.00129045872018,
        "max": 0.412048190832,
        "mean": 0.197355076671,
        "median": 0.187309920788,
        "min": 0.0060632545501,
        "var": 0.00399526255205
    },
    "melbands_kurtosis": {
        "dmean": 6.68869686127,
        "dmean2": 10.9396715164,
        "dvar": 89.9202194214,
        "dvar2": 243.036331177,
        "max": 141.932525635,
        "mean": 15.3986787796,
        "median": 12.4529809952,
        "min": -1.57304668427,
        "var": 165.351791382
    },
    "melbands_skewness": {
        "dmean": 0.665786862373,
        "dmean2": 1.06733465195,
        "dvar": 0.478591054678,
        "dvar2": 1.2543861866,
        "max": 9.82639503479,
        "mean": 2.90565252304,
        "median": 2.81711053848,
        "min": -1.25309407711,
        "var": 1.51181828976
    },
    "melbands_spread": {
        "dmean": 4.7179608345,
        "dmean2": 7.36344146729,
        "dvar": 26.9492740631,
        "dvar2": 63.1885643005,
        "max": 138.756271362,
        "mean": 17.1191978455,
        "median": 15.4838809967,
        "min": 1.51236319542,
        "var": 110.753959656
    },
    "pitch_salience": {
        "dmean": 0.0730742961168,
        "dmean2": 0.121853925288,
        "dvar": 0.00412932410836,
        "dvar2": 0.0110452705994,
        "max": 0.886670589447,
        "mean": 0.621050775051,
        "median": 0.630933344364,
        "min": 0.220560848713,
        "var": 0.00994447804987
    },
    "silence_rate_20dB": {
        "dmean": 0,
        "dmean2": 0,
        "dvar": 0,
        "dvar2": 0,
        "max": 1,
        "mean": 1,
        "median": 1,
        "min": 1,
        "var": 0
    },
    "silence_rate_30dB": {
        "dmean": 0,
        "dmean2": 0,
        "dvar": 0,
        "dvar2": 0,
        "max": 1,
        "mean": 1,
        "median": 1,
        "min": 1,
        "var": 0
    },
    "silence_rate_60dB": {
        "dmean": 0.00144118175376,
        "dmean2": 0.00288262311369,
        "dvar": 0.00143894052599,
        "dvar2": 0.00359432306141,
        "max": 1,
        "mean": 0.0480951108038,
        "median": 0,
        "min": 0,
        "var": 0.0457879863679
    },
    "spectral_centroid": {
        "dmean": 214.405441284,
        "dmean2": 325.596588135,
        "dvar": 54792.15625,
        "dvar2": 115096.882812,
        "max": 11583.1582031,
        "mean": 1085.3996582,
        "median": 1022.4473877,
        "min": 249.308059692,
        "var": 301655.8125
    },
    "spectral_complexity": {
        "dmean": 4.60385513306,
        "dmean2": 6.82172775269,
        "dvar": 22.5161437988,
        "dvar2": 42.5874176025,
        "max": 56,
        "mean": 22.9705486298,
        "median": 22,
        "min": 0,
        "var": 118.372467041
    },
    "spectral_decrease": {
        "dmean": 1.94192772973e-09,
        "dmean2": 3.19033865992e-09,
        "dvar": 5.46513888016e-18,
        "dvar2": 1.41242694324e-17,
        "max": 4.04699303764e-19,
        "mean": -9.99487248521e-09,
        "median": -1.02927080192e-08,
        "min": -2.75634892688e-08,
        "var": 1.43833953398e-17
    },
    "spectral_energy": {
        "dmean": 0.00758817791939,
        "dmean2": 0.0123526928946,
        "dvar": 8.39877320686e-05,
        "dvar2": 0.000214276384213,
        "max": 0.105571106076,
        "mean": 0.0402004308999,
        "median": 0.0414264313877,
        "min": 1.01672379926e-20,
        "var": 0.000227958400501
    },
    "spectral_energyband_high": {
        "dmean": 0.000600739382207,
        "dmean2": 0.000847032177262,
        "dvar": 7.33544709419e-07,
        "dvar2": 1.50923858655e-06,
        "max": 0.0111910058185,
        "mean": 0.0014295814326,
        "median": 0.000781283772085,
        "min": 7.29518370309e-21,
        "var": 2.47615298576e-06
    },
    "spectral_energyband_low": {
        "dmean": 0.00594882853329,
        "dmean2": 0.0100350752473,
        "dvar": 6.25228640274e-05,
        "dvar2": 0.000175825538463,
        "max": 0.084257401526,
        "mean": 0.0135649573058,
        "median": 0.0121573945507,
        "min": 3.21675893915e-23,
        "var": 9.73952555796e-05
    },
    "spectral_energyband_middle_high": {
        "dmean": 0.00174207636155,
        "dmean2": 0.00273228576407,
        "dvar": 5.62779860047e-06,
        "dvar2": 1.29818527057e-05,
        "max": 0.0368256419897,
        "mean": 0.00493210135028,
        "median": 0.0038137556985,
        "min": 1.5802635329e-21,
        "var": 1.88528047147e-05
    },
    "spectral_energyband_middle_low": {
        "dmean": 0.00634157285094,
        "dmean2": 0.0102860592306,
        "dvar": 4.88861478516e-05,
        "dvar2": 0.000121969562315,
        "max": 0.0808956176043,
        "mean": 0.0209335889667,
        "median": 0.020739139989,
        "min": 3.01890126452e-22,
        "var": 0.000128712505102
    },
    "spectral_entropy": {
        "dmean": 0.178841382265,
        "dmean2": 0.236425295472,
        "dvar": 0.029134420678,
        "dvar2": 0.0471522882581,
        "max": 9.82072257996,
        "mean": 7.64320325851,
        "median": 7.7559056282,
        "min": 5.17287874222,
        "var": 0.240731820464
    },
    "spectral_flux": {
        "dmean": 0.0256084296852,
        "dmean2": 0.0394403003156,
        "dvar": 0.000617580488324,
        "dvar2": 0.00132507726084,
        "max": 0.253324240446,
        "mean": 0.0990154072642,
        "median": 0.0949009209871,
        "min": 7.17034626119e-11,
        "var": 0.0016672675265
    },
    "spectral_kurtosis": {
        "dmean": 1.39449822903,
        "dmean2": 2.21211647987,
        "dvar": 3.98529815674,
        "dvar2": 10.6506900787,
        "max": 54.240688324,
        "mean": 4.13790178299,
        "median": 3.16979122162,
        "min": -1.21967792511,
        "var": 10.7109146118
    },
    "spectral_rms": {
        "dmean": 0.000569364288822,
        "dmean2": 0.0009167046519,
        "dvar": 4.05575093509e-07,
        "dvar2": 9.92302148006e-07,
        "max": 0.010148704052,
        "mean": 0.00605752971023,
        "median": 0.00635736016557,
        "min": 3.14948522991e-12,
        "var": 2.52615950558e-06
    },
    "spectral_rolloff": {
        "dmean": 405.215057373,
        "dmean2": 661.379577637,
        "dvar": 475546.78125,
        "dvar2": 1084844,
        "max": 19229.1503906,
        "mean": 1101.82006836,
        "median": 753.662109375,
        "min": 86.1328125,
        "var": 1340312.75
    },
    "spectral_skewness": {
        "dmean": 0.201283410192,
        "dmean2": 0.305726319551,
        "dvar": 0.0445420779288,
        "dvar2": 0.103983901441,
        "max": 5.46007156372,
        "mean": 1.60308945179,
        "median": 1.50811064243,
        "min": -0.0439755022526,
        "var": 0.182073369622
    },
    "spectral_spread": {
        "dmean": 657337,
        "dmean2": 917359.0625,
        "dvar": 721811668992,
        "dvar2": 1.26395888435e+12,
        "max": 41784620,
        "mean": 5393837.5,
        "median": 5288576.5,
        "min": 1182086.75,
        "var": 3.7307285504e+12
    },
    "spectral_strongpeak": {
        "dmean": 0.362364828587,
        "dmean2": 0.625319898129,
        "dvar": 0.198485165834,
        "dvar2": 0.525509357452,
        "max": 6.91836309433,
        "mean": 0.683784425259,
        "median": 0.524067044258,
        "min": 0,
        "var": 0.276876688004
    },
    "zerocrossingrate": {
        "dmean": 0.011001941748,
        "dmean2": 0.0126134557649,
        "dvar": 0.000138104573125,
        "dvar2": 0.000172965985257,
        "max": 0.515625,
        "mean": 0.0591968111694,
        "median": 0.05322265625,
        "min": 0.00390625,
        "var": 0.0013072702568
    },
    "barkbands": {
        "dmean": [0.00042295223102, 0.00346159376204, 0.00346091715619, 0.0014749962138, 0.00451630633324, 0.00202034343965, 0.00183743145317, 0.000989509630017, 0.000833283527754, 0.000541565474123, 0.000619175261818, 0.000373538176063, 0.000305157125695, 0.000204708703677, 0.00024210778065, 0.000207239587326, 0.000194478285266, 0.000179427559488, 0.000134075220558, 0.000135990398121, 0.000110234359454, 0.000146662903717, 8.96409910638e-05, 0.000110134300485, 0.000111482149805, 7.00019663782e-05, 1.30835014716e-05],
        "dmean2": [0.000726511585526, 0.00572127802297, 0.00594132812694, 0.00249944534153, 0.00735626462847, 0.00322058121674, 0.00304215354845, 0.00163190090097, 0.00137093476951, 0.000897527788766, 0.000986987375654, 0.000625952554401, 0.0005205575726, 0.000346607877873, 0.000404696998885, 0.000339578575222, 0.000304190441966, 0.000292321055895, 0.000213710314711, 0.000219820984057, 0.000172738757101, 0.000227463358897, 0.00013384623162, 0.00015897762205, 0.000161474687047, 0.00010713613301, 1.92396364582e-05],
        "dvar": [4.29973056271e-07, 2.83966146526e-05, 1.72639865923e-05, 3.78401637136e-06, 3.18967140629e-05, 5.49083551959e-06, 4.74170565212e-06, 1.82742530797e-06, 1.37510346576e-06, 1.27239889025e-06, 1.72735758497e-06, 3.48600536881e-07, 2.70056091267e-07, 9.92934729993e-08, 1.26488245655e-07, 8.9199069464e-08, 9.22002101333e-08, 7.43423242966e-08, 3.66823513787e-08, 4.87568598828e-08, 2.30641461485e-08, 5.05770891834e-08, 1.9803708895e-08, 3.0600919132e-08, 2.93986541777e-08, 1.80455117516e-08, 6.2541410939e-10],
        "dvar2": [1.21839082112e-06, 7.52844498493e-05, 4.9928912631e-05, 1.00933530121e-05, 8.24273301987e-05, 1.30680173243e-05, 1.23050613183e-05, 4.4849580263e-06, 3.41418649441e-06, 3.21468132825e-06, 4.16837201556e-06, 9.35832019877e-07, 7.68659106143e-07, 2.62171681698e-07, 3.36569826231e-07, 2.11857980048e-07, 2.08637843002e-07, 1.91142177641e-07, 8.50587795753e-08, 1.20233210055e-07, 5.73331497833e-08, 1.18275558236e-07, 4.13266114663e-08, 5.85312314172e-08, 6.24489544521e-08, 4.21766550573e-08, 1.3792514908e-09],
        "max": [0.00842785649002, 0.0628999769688, 0.0405316278338, 0.0229639429599, 0.0697791650891, 0.0344905219972, 0.0267400704324, 0.0225676819682, 0.0314495451748, 0.0277479253709, 0.0307733267546, 0.0112733310089, 0.00877615995705, 0.0045469510369, 0.0034760190174, 0.00370774324983, 0.00496182683855, 0.00425958866253, 0.00309826619923, 0.0035492379684, 0.0014469960006, 0.00265604048036, 0.00186720083002, 0.00208224332891, 0.00368052837439, 0.00251998961903, 0.000303913402604],
        "mean": [0.00048427269212, 0.00652470439672, 0.00602457625791, 0.00208249967545, 0.00819151010364, 0.0041821654886, 0.00338257919066, 0.00149076501839, 0.00137656414881, 0.000828569289297, 0.00100271881092, 0.000624385371339, 0.000465390156023, 0.000302644039039, 0.000378073164029, 0.000350043148501, 0.000340194121236, 0.000351814174792, 0.000261092412984, 0.000252183148405, 0.000224531191634, 0.000283445842797, 0.000191151106264, 0.000225971030886, 0.000253735721344, 0.00010529152496, 1.95326083485e-05],
        "median": [0.00024184070935, 0.00461383815855, 0.00460971333086, 0.00128141627647, 0.00604176241904, 0.00304862484336, 0.00232880748808, 0.000865680805873, 0.000816598534584, 0.0004619100946, 0.000513931270689, 0.000388811895391, 0.00026306961081, 0.0001856093877, 0.000231488811551, 0.000220802452532, 0.000187789933989, 0.000220548303332, 0.000163342774613, 0.000146975347889, 0.000154934081365, 0.000156354668434, 9.3195696536e-05, 9.77087402134e-05, 6.91207605996e-05, 1.82775456778e-05, 4.17151204601e-06],
        "min": [3.78241843544e-24, 5.9620959424e-24, 6.10616521509e-24, 4.87409148774e-24, 2.97227642958e-23, 1.55006513597e-23, 4.99497826835e-23, 4.73255264417e-23, 3.94610092016e-23, 3.1132313583e-23, 1.98761646115e-23, 5.16933041236e-23, 8.8975728785e-23, 6.32972902672e-23, 1.10751236953e-22, 7.51146096431e-23, 8.62168676292e-23, 1.32463516343e-22, 2.60860978522e-22, 2.81888829568e-22, 3.3476414394e-22, 4.26137359855e-22, 5.49258024155e-22, 6.10683202343e-22, 8.77402047378e-22, 1.37316929419e-21, 1.87640913638e-21],
        "var": [4.73285126645e-07, 4.42776654381e-05, 2.91659162031e-05, 5.64703486816e-06, 5.65643895243e-05, 1.61802909133e-05, 1.10493965622e-05, 3.12988299811e-06, 2.64136451733e-06, 1.85962983323e-06, 3.15117085847e-06, 5.3825527857e-07, 4.22727850946e-07, 1.3241215413e-07, 1.94212546489e-07, 1.54942242148e-07, 1.90442733583e-07, 1.60535023497e-07, 9.36841075827e-08, 9.94963258449e-08, 5.03985084777e-08, 1.1498624275e-07, 5.59026887004e-08, 8.76030625818e-08, 1.18230218504e-07, 2.83531935708e-08, 9.29909871328e-10]
    },
    "erbbands": {
        "dmean": [0.0645962953568, 0.945999026299, 3.92485761642, 3.23617291451, 10.7057285309, 18.8949222565, 12.784119606, 19.7906703949, 23.0001583099, 29.1751594543, 14.9084625244, 20.7991447449, 15.2234420776, 20.8807029724, 19.3434391022, 14.5655231476, 12.7365074158, 10.7743911743, 9.78508472443, 13.2514696121, 10.4915466309, 10.1534309387, 10.0148639679, 7.86297035217, 6.35121679306, 6.51027107239, 4.62642621994, 4.75881576538, 5.17730665207, 3.92497444153, 2.50598621368, 2.03624153137, 2.07074189186, 1.36450207233, 0.792889297009, 0.389739662409, 0.107549630105, 0.0177752710879, 0.00223623216152, 0.00012627535034],
        "dmean2": [0.103841148317, 1.59076249599, 6.76891279221, 5.49402523041, 17.932182312, 30.8577709198, 21.1157951355, 31.3673648834, 38.3195419312, 47.694442749, 25.0593605042, 34.044178009, 25.7042980194, 33.5091362, 31.1868038177, 24.3551940918, 21.4997501373, 18.2943744659, 16.1182422638, 22.3428554535, 16.9230327606, 15.8839855194, 16.2279453278, 12.6339464188, 10.0471754074, 10.5555496216, 7.23051786423, 7.52042627335, 8.12450313568, 6.046687603, 3.75406956673, 3.00096917152, 2.99510598183, 1.95301175117, 1.1950879097, 0.601076066494, 0.16382689774, 0.0261490978301, 0.00331265456043, 0.000185610027984],
        "dvar": [0.014653605409, 2.02028560638, 21.8847160339, 15.1524171829, 221.475189209, 537.618713379, 301.309417725, 610.867126465, 784.715637207, 1378.19543457, 428.88772583, 900.614562988, 692.647155762, 1353.48547363, 1957.58532715, 520.28704834, 420.877990723, 316.773681641, 261.003234863, 401.67376709, 235.42539978, 266.210449219, 234.037872314, 117.350357056, 92.1142272949, 122.905792236, 43.1735343933, 43.1117515564, 71.1910324097, 32.8590202332, 16.6326141357, 10.9016304016, 10.9211511612, 4.46263504028, 1.51768791676, 0.513627648354, 0.050852894783, 0.00108457927126, 1.84820401046e-05, 6.16869186842e-08],
        "dvar2": [0.0335019677877, 5.55956315994, 64.6567611694, 40.6891479492, 592.555053711, 1367.16320801, 774.862792969, 1417.61987305, 2102.58349609, 3412.14916992, 1092.84570312, 2188.95654297, 1963.59191895, 2932.85424805, 4942.09912109, 1366.18078613, 1180.0012207, 878.291931152, 686.560424805, 1056.28137207, 536.447143555, 606.618591309, 569.994384766, 288.684631348, 201.908233643, 313.165557861, 103.829193115, 108.383071899, 166.563644409, 77.2470550537, 34.7648963928, 21.0293941498, 21.6265659332, 9.36497688293, 3.5504257679, 1.18255245686, 0.12528565526, 0.00238819117658, 4.07899460697e-05, 1.37743882078e-07],
        "max": [1.52916610241, 14.8303670883, 45.388256073, 51.8218536377, 164.154464722, 327.074951172, 251.798843384, 434.692047119, 477.918457031, 456.556427002, 621.055725098, 943.358703613, 540.484985352, 913.527526855, 1039.09313965, 356.191558838, 322.277923584, 280.1875, 192.849868774, 184.43586731, 259.080078125, 257.830657959, 259.116546631, 183.698532104, 118.4503479, 199.618759155, 73.0967636108, 71.3305664062, 103.490501404, 64.4183502197, 58.1942672729, 47.9399681091, 47.056137085, 50.7602272034, 19.4997158051, 11.2815513611, 5.1657333374, 0.588825404644, 0.0554751455784, 0.00312238209881],
        "mean": [0.0983405858278, 1.79504179955, 7.22734022141, 6.15128564835, 16.049539566, 32.7877349854, 25.6682987213, 40.7002792358, 44.3182373047, 49.2155990601, 26.2357997894, 34.211101532, 25.2238140106, 36.4378814697, 33.9612808228, 25.2741661072, 20.9712371826, 17.1650009155, 16.5236148834, 21.6475162506, 19.2768554688, 18.2933635712, 19.8377685547, 16.3579788208, 12.4464979172, 11.5460243225, 9.3267364502, 9.84163284302, 9.53040885925, 7.68349933624, 5.17477464676, 4.06942081451, 4.36890268326, 3.26715040207, 1.52014398575, 0.600641608238, 0.160357281566, 0.0281518790871, 0.00339024374261, 0.000220133399125],
        "median": [0.0507369153202, 1.33566176891, 6.10457992554, 4.95891666412, 11.0131969452, 21.6569404602, 18.2340545654, 27.407661438, 32.5447692871, 31.954656601, 18.3774681091, 20.1993217468, 16.5305194855, 19.6169986725, 18.6476783752, 16.8554191589, 12.890247345, 11.1737680435, 10.5121002197, 13.6362981796, 12.4014091492, 10.4459314346, 12.2497730255, 11.1749801636, 7.63299179077, 6.64626407623, 6.36032962799, 6.22588396072, 5.22300672531, 4.04500579834, 2.60085129738, 1.92083454132, 1.71905910969, 0.950014770031, 0.382967323065, 0.10811047256, 0.0296487361193, 0.00631716661155, 0.000724182405975, 8.45173999551e-05],
        "min": [9.44342486632e-23, 1.51571406163e-21, 9.28422672768e-21, 1.20482572069e-20, 3.17945447687e-20, 7.25866303281e-20, 1.34459979254e-19, 1.60535465122e-19, 5.34512479604e-19, 7.09618084982e-19, 1.55951224997e-18, 8.7328538515e-19, 9.30832340365e-19, 1.51565275575e-18, 1.31497760177e-18, 2.72194678665e-18, 4.19721038105e-18, 3.27767629387e-18, 4.30734865243e-18, 6.04569062999e-18, 4.57516202422e-18, 6.0134177648e-18, 7.71420532897e-18, 9.69369072102e-18, 1.24436005551e-17, 1.35141037894e-17, 1.08749054629e-17, 1.53379716928e-17, 1.51411821164e-17, 1.52309510652e-17, 1.53690803013e-17, 1.14480704899e-17, 9.87687979384e-18, 8.57728558011e-18, 8.02275196926e-18, 4.79493936348e-18, 2.76058501345e-18, 1.12997462527e-18, 2.54042391408e-19, 2.9928040797e-20],
        "var": [0.0219509135932, 2.99274396896, 33.4525871277, 24.9342689514, 273.804107666, 1126.44787598, 649.270263672, 1876.98730469, 1803.10314941, 2477.94116211, 887.482116699, 1741.66357422, 943.511657715, 3374.35351562, 2989.59423828, 798.61541748, 689.019165039, 410.38269043, 375.394348145, 593.419555664, 461.680633545, 519.036010742, 515.815979004, 318.661376953, 227.58493042, 228.251556396, 92.6171264648, 105.186302185, 133.727676392, 83.2258758545, 43.8804702759, 28.8932781219, 33.4547576904, 20.04753685, 4.24414205551, 0.880290985107, 0.068879365921, 0.00183017621748, 2.7839510949e-05, 8.47854053632e-08]
    },
    "gfcc": {
        "mean": [32.836894989, 87.0164260864, -99.056312561, 27.3292827606, -61.0085906982, 9.40061092377, -37.6238975525, 6.89621210098, -23.3078269958, -0.0881758853793, -14.388920784, 1.85604524612, -9.88042736053],
        "cov": [[13626.0478516, -227.062759399, 2011.62805176, 516.581726074, -424.163482666, 121.109077454, -756.421813965, 3.74953198433, -315.509490967, 277.476470947, -420.041442871, -158.036605835, -266.298370361], [-227.062759399, 1803.41992188, 10.5272188187, 91.8078079224, 44.9613380432, -162.313247681, 53.1346588135, -156.802856445, 67.0303573608, -126.455039978, 147.366744995, -96.4605789185, 36.0922393799], [2011.62805176, 10.5272188187, 1043.74597168, 161.416351318, -28.0803985596, 87.9093322754, -176.470336914, -4.61456251144, -17.5353908539, 121.869743347, -94.2074508667, -56.6176795959, -64.2819976807], [516.581726074, 91.8078079224, 161.416351318, 193.124664307, 29.823595047, 9.98081111908, -17.3778343201, -2.7908949852, -4.11789989471, -6.5897102356, 0.365265101194, -8.48890590668, 5.23752450943], [-424.163482666, 44.9613380432, -28.0803985596, 29.823595047, 114.608108521, 24.7750968933, 42.4020805359, 10.5009002686, -3.77827787399, -13.095788002, 26.4888420105, 13.6154165268, 14.8934993744], [121.109077454, -162.313247681, 87.9093322754, 9.98081111908, 24.7750968933, 121.772583008, 27.8984107971, 29.4380207062, -2.93596243858, 22.4474258423, -11.5501861572, 13.0095748901, 5.15335988998], [-756.421813965, 53.1346588135, -176.470336914, -17.3778343201, 42.4020805359, 27.8984107971, 136.096115112, 33.7159767151, 25.8557910919, -28.2513980865, 40.2731704712, 17.8169651031, 21.375951767], [3.74953198433, -156.802856445, -4.61456251144, -2.7908949852, 10.5009002686, 29.4380207062, 33.7159767151, 83.737121582, 15.0808372498, 18.9865531921, -6.96787261963, 10.1018753052, -9.51237678528], [-315.509490967, 67.0303573608, -17.5353908539, -4.11789989471, -3.77827787399, -2.93596243858, 25.8557910919, 15.0808372498, 74.3453292847, 20.707736969, 13.7610702515, -5.84236383438, 2.31232047081], [277.476470947, -126.455039978, 121.869743347, -6.5897102356, -13.095788002, 22.4474258423, -28.2513980865, 18.9865531921, 20.707736969, 77.5907211304, -9.06571388245, 1.71223402023, -16.8436336517], [-420.041442871, 147.366744995, -94.2074508667, 0.365265101194, 26.4888420105, -11.5501861572, 40.2731704712, -6.96787261963, 13.7610702515, -9.06571388245, 77.8420639038, 28.9484081268, 21.3367977142], [-158.036605835, -96.4605789185, -56.6176795959, -8.48890590668, 13.6154165268, 13.0095748901, 17.8169651031, 10.1018753052, -5.84236383438, 1.71223402023, 28.9484081268, 58.7014541626, 28.3342552185], [-266.298370361, 36.0922393799, -64.2819976807, 5.23752450943, 14.8934993744, 5.15335988998, 21.375951767, -9.51237678528, 2.31232047081, -16.8436336517, 21.3367977142, 28.3342552185, 52.3254814148]],
        "icov": [[0.000219728404772, -0.000270400836598, 8.87836336005e-07, -0.000545624119695, 0.00072317221202, -0.000428338709753, 0.000681518984493, -0.000558220548555, 0.00100350333378, -0.000670866109431, 0.000827294483315, -0.000688845408149, 0.000592293392401], [-0.000270400836598, 0.00189115141984, -0.000717964954674, 0.000723003351595, -0.00109200365841, 0.00179519248195, -0.00145546242129, 0.00219123088755, -0.00243703136221, 0.00301837059669, -0.00472969468683, 0.00470110028982, -0.00204573525116], [8.87836336005e-07, -0.000717964954674, 0.00233914842829, -0.00149948103353, 4.27224804298e-05, -0.00207377318293, 0.00207554618828, -0.000372357753804, 0.000766499433666, -0.00317360437475, 0.00221311696805, -0.000789730635006, 0.00126970838755], [-0.000545624119695, 0.000723003351595, -0.00149948103353, 0.00828232895583, -0.00356723740697, 0.00132382055745, -0.000809596618637, 0.000376860931283, -0.0030236011371, 0.00441744923592, -0.00348474434577, 0.00309755653143, -0.00336320162751], [0.00072317221202, -0.00109200365841, 4.27224804298e-05, -0.00356723740697, 0.0139015056193, -0.00331827369519, -0.000247832300374, -0.00280884583481, 0.0054461909458, -0.00199771788903, 8.2504520833e-06, -0.00218792934902, 0.00110145972576], [-0.000428338709753, 0.00179519248195, -0.00207377318293, 0.00132382055745, -0.00331827369519, 0.0145667064935, -0.00723603460938, 0.000976594863459, -0.000492266146466, -0.000790053687524, -0.000620103266556, 0.0020243700128, -0.00453078001738], [0.000681518984493, -0.00145546242129, 0.00207554618828, -0.000809596618637, -0.000247832300374, -0.00723603460938, 0.0195374526083, -0.00838504359126, -0.00146602361929, 0.00349352904595, -0.0020663163159, -0.00125354214106, 0.00109137722757], [-0.000558220548555, 0.00219123088755, -0.000372357753804, 0.000376860931283, -0.00280884583481, 0.000976594863459, -0.00838504359126, 0.0212937947363, -0.00615861220285, -0.00023208638595, 0.000266264076345, -0.00161524128634, 0.00411580083892], [0.00100350333378, -0.00243703136221, 0.000766499433666, -0.0030236011371, 0.0054461909458, -0.000492266146466, -0.00146602361929, -0.00615861220285, 0.0253999251872, -0.0138053158298, 0.00301358383149, 0.00158846436534, -0.00164540333208], [-0.000670866109431, 0.00301837059669, -0.00317360437475, 0.00441744923592, -0.00199771788903, -0.000790053687524, 0.00349352904595, -0.00023208638595, -0.0138053158298, 0.0298582855612, -0.00991009455174, 0.00169646798167, 0.00268382905051], [0.000827294483315, -0.00472969468683, 0.00221311696805, -0.00348474434577, 8.2504520833e-06, -0.000620103266556, -0.0020663163159, 0.000266264076345, 0.00301358383149, -0.00991009455174, 0.0350791290402, -0.0229422282428, 0.00628731492907], [-0.000688845408149, 0.00470110028982, -0.000789730635006, 0.00309755653143, -0.00218792934902, 0.0020243700128, -0.00125354214106, -0.00161524128634, 0.00158846436534, 0.00169646798167, -0.0229422282428, 0.0454249195755, -0.0221532993019], [0.000592293392401, -0.00204573525116, 0.00126970838755, -0.00336320162751, 0.00110145972576, -0.00453078001738, 0.00109137722757, 0.00411580083892, -0.00164540333208, 0.00268382905051, 0.00628731492907, -0.0221532993019, 0.0362369976938]]
    },
    "melbands": {
        "dmean": [0.00075007986743, 0.00171130942181, 0.000703875615727, 0.00109562347643, 0.000507499673404, 0.000422217301093, 0.00035827368265, 0.00030420391704, 0.000116942705063, 0.000134930072818, 7.73188803578e-05, 8.45933245728e-05, 7.34426284907e-05, 4.7347824875e-05, 2.75874899671e-05, 3.20129656757e-05, 2.0352375941e-05, 1.63794193213e-05, 1.97659428522e-05, 1.65587152878e-05, 1.24437392515e-05, 1.15824768727e-05, 9.46447926253e-06, 9.36872584134e-06, 6.631791166e-06, 5.22729715158e-06, 4.93359357279e-06, 4.31397484135e-06, 3.02428975374e-06, 3.07141158373e-06, 2.88452633868e-06, 3.14502221954e-06, 2.97547580885e-06, 1.97871281671e-06, 1.55131931479e-06, 1.4523380969e-06, 1.2776300764e-06, 1.5492169041e-06, 1.39621863582e-06, 1.18955381367e-06],
        "dmean2": [0.00121885549743, 0.00292967678979, 0.00118648959324, 0.00180124724284, 0.000834390870295, 0.000670435198117, 0.000593976408709, 0.000496421242133, 0.000196480701561, 0.000221309441258, 0.000131331864395, 0.000137838709634, 0.000116830276966, 7.92417558841e-05, 4.62673669972e-05, 5.5051244999e-05, 3.47092500306e-05, 2.71905082627e-05, 3.34820470016e-05, 2.75296133623e-05, 2.01032726181e-05, 1.84286618605e-05, 1.49908446474e-05, 1.55149573402e-05, 1.07768091766e-05, 8.32739988255e-06, 7.96746371634e-06, 7.04352305547e-06, 4.76793411508e-06, 4.91944547321e-06, 4.66068331662e-06, 5.01264594277e-06, 4.67834524898e-06, 3.10210407406e-06, 2.37740346165e-06, 2.15637805923e-06, 1.94930225916e-06, 2.29986130762e-06, 2.01417037715e-06, 1.76372020633e-06],
        "dvar": [1.59829914992e-06, 4.56741963717e-06, 7.12544306225e-07, 2.04917046176e-06, 4.07084769449e-07, 2.51210394708e-07, 1.77333717488e-07, 1.54027972599e-07, 3.26006244222e-08, 3.92996071241e-08, 1.98127558804e-08, 2.36493296057e-08, 3.39062395938e-08, 5.50949907918e-09, 1.46074519147e-09, 3.56850926586e-09, 1.12219689097e-09, 7.3784189869e-10, 8.54891213375e-10, 5.80131775951e-10, 3.500868484e-10, 3.62938512577e-10, 2.28610033681e-10, 2.09213008029e-10, 8.42444169979e-11, 7.08713782105e-11, 5.9080282333e-11, 5.51790002579e-11, 1.79442537218e-11, 1.74401118547e-11, 1.68627646568e-11, 2.60386243817e-11, 2.05478134507e-11, 8.91891248356e-12, 6.60661976515e-12, 6.37550559221e-12, 4.44301019586e-12, 6.33800477379e-12, 4.89857676991e-12, 3.51416942421e-12],
        "dvar2": [4.00835278924e-06, 1.34876527227e-05, 1.89955460428e-06, 5.4130978242e-06, 1.05611059098e-06, 5.92582068748e-07, 4.68733077241e-07, 3.76552065973e-07, 7.9848518908e-08, 9.56215302494e-08, 5.59817010526e-08, 5.10854683e-08, 8.39307929823e-08, 1.46561252024e-08, 3.94406818316e-09, 1.03453903222e-08, 3.08204350929e-09, 1.94319182967e-09, 2.33837371688e-09, 1.4748197108e-09, 8.03346222877e-10, 8.83419115638e-10, 5.01920005558e-10, 5.57921486788e-10, 2.11062667343e-10, 1.59125476684e-10, 1.3732320836e-10, 1.43707157285e-10, 4.1973285958e-11, 4.57381944818e-11, 4.33942638767e-11, 6.09693476261e-11, 4.9461552909e-11, 2.14991496827e-11, 1.47215642454e-11, 1.29875572102e-11, 9.08392978893e-12, 1.28711720102e-11, 1.01704035818e-11, 7.98332493862e-12],
        "max": [0.0166253913194, 0.0200298335403, 0.00935815833509, 0.0183099657297, 0.00711089326069, 0.00840354338288, 0.00613080756739, 0.00553054595366, 0.00621720403433, 0.00606155348942, 0.0029921347741, 0.00361357117072, 0.00463049486279, 0.00139399804175, 0.000546764989849, 0.00111089937855, 0.000523985130712, 0.000354535266524, 0.000310677103698, 0.00034917058656, 0.00032868332346, 0.000346649758285, 0.000267400144367, 0.000268955511274, 0.000164373355801, 0.000154233319336, 0.000128359097289, 0.000129526495584, 5.15887950314e-05, 4.71331622975e-05, 4.6629254939e-05, 6.37622943032e-05, 5.52126293769e-05, 3.37516430591e-05, 4.57888927485e-05, 4.23885103373e-05, 3.3814481867e-05, 3.19052887789e-05, 4.84209012939e-05, 4.46326375823e-05],
        "mean": [0.00134485494345, 0.00340305827558, 0.00135733280331, 0.00185382121708, 0.00105274457019, 0.000880377541762, 0.000690988672432, 0.000499456597026, 0.000198227819055, 0.000216486747377, 0.00012165078806, 0.000143550030771, 0.00012082648027, 8.20881687105e-05, 4.63136020699e-05, 4.69943734061e-05, 3.02019179799e-05, 2.52150766755e-05, 3.00993760902e-05, 2.72496563412e-05, 2.15573145397e-05, 1.92378465727e-05, 1.72653235495e-05, 1.74681936187e-05, 1.28509573187e-05, 9.63500770013e-06, 8.68534607434e-06, 7.24691199139e-06, 5.68645464227e-06, 5.85828138355e-06, 5.65596428714e-06, 5.4522188293e-06, 5.28041573489e-06, 3.80329629479e-06, 3.05554203806e-06, 2.62631897385e-06, 2.4332666726e-06, 3.04604304802e-06, 3.05986282001e-06, 2.65743869932e-06],
        "median": [0.000896919402294, 0.00298925931565, 0.00111051567364, 0.00130945828278, 0.000829665747005, 0.000647505978122, 0.000505706877448, 0.000320334744174, 0.000130083266413, 0.000123411242384, 7.61605188018e-05, 7.63809657656e-05, 6.32425508229e-05, 5.21752008353e-05, 3.14531425829e-05, 2.52238296525e-05, 1.86425313586e-05, 1.50432269947e-05, 1.89904549188e-05, 1.7141815988e-05, 1.35117443278e-05, 1.04781438495e-05, 9.73623809841e-06, 1.05691187855e-05, 8.41127803142e-06, 5.38617541679e-06, 4.80595736008e-06, 4.04682759836e-06, 3.85309749618e-06, 3.86563124266e-06, 3.42548901244e-06, 2.91602714242e-06, 2.7743164992e-06, 1.93867663256e-06, 1.45942465224e-06, 1.28112480979e-06, 1.09528332359e-06, 1.24442954075e-06, 9.77759214038e-07, 6.99152849393e-07],
        "min": [2.84763837871e-24, 4.59220269288e-24, 4.74044661748e-24, 3.66517280011e-24, 5.76226564219e-24, 3.56104473834e-24, 9.06862505956e-24, 6.56913426973e-24, 1.11700313931e-23, 4.83044815259e-24, 4.17042243269e-24, 5.36985822337e-24, 3.22362053019e-24, 5.33578613759e-24, 8.73589299607e-24, 7.41116597768e-24, 5.85755491195e-24, 5.3104491086e-24, 1.06374398415e-23, 6.28868514602e-24, 4.33647646994e-24, 5.0010594393e-24, 7.61539259971e-24, 7.61830901848e-24, 7.30713810125e-24, 8.38930064648e-24, 8.58401833916e-24, 9.99750877546e-24, 6.95151408315e-24, 4.81256270371e-24, 7.81109636852e-24, 7.79256365928e-24, 9.67359538803e-24, 7.71767867127e-24, 8.87404699526e-24, 7.64174844256e-24, 6.81981927705e-24, 6.1620362887e-24, 6.8491270374e-24, 7.06902990334e-24],
        "var": [2.32925913224e-06, 6.69882138027e-06, 1.12933832952e-06, 3.23077074427e-06, 9.22156800698e-07, 7.53981680646e-07, 4.12570955177e-07, 2.69826017529e-07, 7.2679789298e-08, 7.4477220835e-08, 2.54104168818e-08, 5.52139489685e-08, 5.10717832469e-08, 9.09625885726e-09, 2.57210763799e-09, 5.25202414892e-09, 1.37660016719e-09, 9.87565140775e-10, 1.19957566103e-09, 9.41410394084e-10, 6.4595878646e-10, 6.33915253623e-10, 4.78448392016e-10, 3.99102251247e-10, 2.14386342012e-10, 1.74029610167e-10, 1.29668831228e-10, 9.55130488589e-11, 3.73642228269e-11, 3.70600147792e-11, 3.81664144733e-11, 4.74218650459e-11, 4.27388541224e-11, 2.08492858395e-11, 1.62615112348e-11, 1.41698710057e-11, 1.0562641907e-11, 1.68603655343e-11, 1.75596169549e-11, 1.3871227951e-11]
    },
    "mfcc": {
        "mean": [-612.452697754, 120.595809937, 16.4223937988, 20.6797218323, 2.42056035995, 1.87332057953, -1.55432808399, 2.46276545525, -0.472552627325, -5.08358335495, -1.65858769417, -0.267100960016, 1.42136716843],
        "cov": [[8970.96191406, 142.62953186, 855.352844238, 60.9800186157, 223.895645142, 11.9349536896, -227.363723755, -382.908203125, -4.90353775024, 120.764862061, 140.869857788, -98.7609405518, -258.70098877], [142.62953186, 1400.71911621, -31.1728019714, 173.044570923, -0.371174424887, 5.17955589294, -27.6734256744, -22.7409591675, -105.458839417, -21.0256690979, -8.05823326111, 61.0984153748, -55.9288597107], [855.352844238, -31.1728019714, 611.11340332, 47.3393478394, 148.818237305, 67.0511856079, -32.8736724854, -102.224822998, 39.6805915833, 23.9293403625, 58.2250671387, 7.78947114944, -39.8086624146], [60.9800186157, 173.044570923, 47.3393478394, 162.680999756, 40.14503479, 7.47529029846, -1.21146154404, -0.856292247772, -13.2518463135, -0.0738512724638, 1.51219415665, 4.26331949234, -1.47516489029], [223.895645142, -0.371174424887, 148.818237305, 40.14503479, 118.293281555, 29.8735103607, 5.14784002304, -26.4988746643, 7.95475053787, -1.97055864334, 15.4572105408, 6.72039175034, -8.43592071533], [11.9349536896, 5.17955589294, 67.0511856079, 7.47529029846, 29.8735103607, 75.7762298584, 25.716917038, 1.36688041687, 12.2442531586, 0.715905308723, 0.550523579121, 5.08741950989, 4.17380237579], [-227.363723755, -27.6734256744, -32.8736724854, -1.21146154404, 5.14784002304, 25.716917038, 95.8430328369, 57.3506164551, 8.78317546844, -5.40344524384, -3.47743749619, -1.43759644032, 19.3841075897], [-382.908203125, -22.7409591675, -102.224822998, -0.856292247772, -26.4988746643, 1.36688041687, 57.3506164551, 95.4277038574, 21.5944671631, -3.43958425522, -12.4802818298, 1.61762869358, 27.6175498962], [-4.90353775024, -105.458839417, 39.6805915833, -13.2518463135, 7.95475053787, 12.2442531586, 8.78317546844, 21.5944671631, 67.0174102783, 25.180311203, 7.88291311264, -0.201265186071, 10.7977676392], [120.764862061, -21.0256690979, 23.9293403625, -0.0738512724638, -1.97055864334, 0.715905308723, -5.40344524384, -3.43958425522, 25.180311203, 59.4465179443, 24.1854667664, -2.48394751549, -11.5292625427], [140.869857788, -8.05823326111, 58.2250671387, 1.51219415665, 15.4572105408, 0.550523579121, -3.47743749619, -12.4802818298, 7.88291311264, 24.1854667664, 59.0347366333, 17.0612354279, -8.31320381165], [-98.7609405518, 61.0984153748, 7.78947114944, 4.26331949234, 6.72039175034, 5.08741950989, -1.43759644032, 1.61762869358, -0.201265186071, -2.48394751549, 17.0612354279, 55.2981796265, 23.6867733002], [-258.70098877, -55.9288597107, -39.8086624146, -1.47516489029, -8.43592071533, 4.17380237579, 19.3841075897, 27.6175498962, 10.7977676392, -11.5292625427, -8.31320381165, 23.6867733002, 69.9479293823]],
