{
"lowlevel": {
    "average_loudness": 0.509043335915,
    "barkbands_crest": {
        "dmean": 2.05184102058,
        "dmean2": 3.34984469414,
        "dvar": 3.79562783241,
        "dvar2": 9.954205513,
        "max": 25.7724132538,
        "mean": 10.0551185608,
        "median": 9.35077476501,
        "min": 2.72226953506,
        "var": 15.8797369003
    },
    "barkbands_flatness_db": {
        "dmean": 0.0170673131943,
        "dmean2": 0.0259285178035,
        "dvar": 0.000269125361228,
        "dvar2": 0.000586616748478,
        "max": 0.559757113457,
        "mean": 0.157358929515,
        "median": 0.147786140442,
        "min": 0.019680975005,
        "var": 0.00655779661611
    },
    "barkbands_kurtosis": {
        "dmean": 2.43639326096,
        "dmean2": 3.83290529251,
        "dvar": 18.1809043884,
        "dvar2": 45.9157409668,
        "max": 150.425079346,
        "mean": 5.74101638794,
        "median": 3.20349836349,
        "min": -1.90784156322,
        "var": 69.0082626343
    },
    "barkbands_skewness": {
        "dmean": 0.391388744116,
        "dmean2": 0.614968597889,
        "dvar": 0.17502219975,
        "dvar2": 0.411187499762,
        "max": 9.81461906433,
        "mean": 1.78613829613,
        "median": 1.70200800896,
        "min": -4.97290802002,
        "var": 1.34406900406
    },
    "barkbands_spread": {
        "dmean": 5.06511926651,
        "dmean2": 7.44229698181,
        "dvar": 68.9557723999,
        "dvar2": 139.110015869,
        "max": 120.468414307,
        "mean": 19.4790763855,
        "median": 13.6646375656,
        "min": 0.558190762997,
        "var": 327.169891357
    },
    "dissonance": {
        "dmean": 0.0188103858382,
        "dmean2": 0.0316888652742,
        "dvar": 0.000535094819497,
        "dvar2": 0.00151082640514,
        "max": 0.499999940395,
        "mean": 0.452700763941,
        "median": 0.463907510042,
        "min": 0.0668442547321,
        "var": 0.00149151694495
    },
    "dynamic_complexity": 6.51711940765,
    "erbbands_crest": {
        "dmean": 2.01592588425,
        "dmean2": 3.15550637245,
        "dvar": 3.92908549309,
        "dvar2": 9.5404510498,
        "max": 29.2474346161,
        "mean": 9.296667099,
        "median": 8.12555408478,
        "min": 2.2949655056,
        "var": 20.7814292908
    },
    "erbbands_flatness_db": {
        "dmean": 0.0149086061865,
        "dmean2": 0.0212221350521,
        "dvar": 0.000233044047491,
        "dvar2": 0.000445568963187,
        "max": 0.570176184177,
        "mean": 0.177217453718,
        "median": 0.163566082716,
        "min": 0.0482989624143,
        "var": 0.00663415296003
    },
    "erbbands_kurtosis": {
        "dmean": 0.798238158226,
        "dmean2": 1.24159991741,
        "dvar": 3.45789504051,
        "dvar2": 8.17812538147,
        "max": 89.0030288696,
        "mean": 0.522150576115,
        "median": -0.256769657135,
        "min": -1.72167277336,
        "var": 10.9874286652
    },
    "erbbands_skewness": {
        "dmean": 0.283732682467,
        "dmean2": 0.434650838375,
        "dvar": 0.0768157094717,
        "dvar2": 0.177001446486,
        "max": 6.98699140549,
        "mean": 0.673531651497,
        "median": 0.642827570438,
        "min": -2.58236980438,
        "var": 0.575666844845
    },
    "erbbands_spread": {
        "dmean": 6.13567829132,
        "dmean2": 9.19062519073,
        "dvar": 64.1349258423,
        "dvar2": 131.824920654,
        "max": 140.461502075,
        "mean": 36.5831108093,
        "median": 34.3303375244,
        "min": 1.20595681667,
        "var": 332.450683594
    },
    "hfc": {
        "dmean": 4.5863442421,
        "dmean2": 6.36409235001,
        "dvar": 92.1344223022,
        "dvar2": 182.510787964,
        "max": 130.368377686,
        "mean": 15.5234146118,
        "median": 5.99967718124,
        "min": 1.08775746093e-16,
        "var": 443.659942627
    },
    "melbands_crest": {
        "dmean": 2.71836256981,
        "dmean2": 4.50436353683,
        "dvar": 6.80397224426,
        "dvar2": 18.8139839172,
        "max": 32.5062294006,
        "mean": 13.0158948898,
        "median": 12.3506822586,
        "min": 1.66751945019,
        "var": 22.1327667236
    },
    "melbands_flatness_db": {
        "dmean": 0.0196604225785,
        "dmean2": 0.0300736092031,
        "dvar": 0.000363617669791,
        "dvar2": 0.000791845901404,
        "max": 0.645647168159,
        "mean": 0.229662969708,
        "median": 0.220340117812,
        "min": 0.00372383790091,
        "var": 0.00839592050761
    },
    "melbands_kurtosis": {
        "dmean": 4.12098932266,
        "dmean2": 6.48910522461,
        "dvar": 33.4937057495,
        "dvar2": 84.269241333,
        "max": 118.441467285,
        "mean": 12.5388717651,
        "median": 9.0855140686,
        "min": -1.81231439114,
        "var": 141.825912476
    },
    "melbands_skewness": {
        "dmean": 0.459727853537,
        "dmean2": 0.724586069584,
        "dvar": 0.206390693784,
        "dvar2": 0.50483161211,
        "max": 8.98514270782,
        "mean": 2.58978104591,
        "median": 2.49320983887,
        "min": -0.687055826187,
        "var": 1.45536077023
    },
    "melbands_spread": {
        "dmean": 4.14141368866,
        "dmean2": 6.56162595749,
        "dvar": 56.2541465759,
        "dvar2": 129.49105835,
        "max": 224.629226685,
        "mean": 18.0025939941,
        "median": 13.3617315292,
        "min": 0.976584970951,
        "var": 313.97253418
    },
    "pitch_salience": {
        "dmean": 0.0557104609907,
        "dmean2": 0.0910888910294,
        "dvar": 0.00253413966857,
        "dvar2": 0.0068618664518,
        "max": 0.96650660038,
        "mean": 0.586494326591,
        "median": 0.597373247147,
        "min": 0.118761196733,
        "var": 0.00934463739395
    },
    "silence_rate_20dB": {
        "dmean": 0,
        "dmean2": 0,
        "dvar": 0,
        "dvar2": 0,
        "max": 1,
        "mean": 1,
        "median": 1,
        "min": 1,
        "var": 0
    },
    "silence_rate_30dB": {
        "dmean": 0,
        "dmean2": 0,
        "dvar": 0,
        "dvar2": 0,
        "max": 1,
        "mean": 1,
        "median": 1,
        "min": 1,
        "var": 0
    },
    "silence_rate_60dB": {
        "dmean": 0.0281093306839,
        "dmean2": 0.0562226288021,
        "dvar": 0.0273218359798,
        "dvar2": 0.0608398430049,
        "max": 1,
        "mean": 0.325918078423,
        "median": 0,
        "min": 0,
        "var": 0.219675451517
    },
    "spectral_centroid": {
        "dmean": 153.673660278,
        "dmean2": 242.563812256,
        "dvar": 65423.7382812,
        "dvar2": 137601.59375,
        "max": 11935.6220703,
        "mean": 1088.33544922,
        "median": 892.364746094,
        "min": 236.093078613,
        "var": 978888.875
    },
    "spectral_complexity": {
        "dmean": 1.8612896204,
        "dmean2": 3.04393267632,
        "dvar": 4.15216684341,
        "dvar2": 9.98778057098,
        "max": 47,
        "mean": 13.8836860657,
        "median": 11,
        "min": 0,
        "var": 97.245010376
    },
    "spectral_decrease": {
        "dmean": 8.48838388467e-10,
        "dmean2": 1.35841771165e-09,
        "dvar": 1.58638062723e-18,
        "dvar2": 4.39546117205e-18,
        "max": 1.76372152993e-10,
        "mean": -4.63702631848e-09,
        "median": -2.34247266029e-09,
        "min": -2.4202543969e-08,
        "var": 2.36635031992e-17
    },
    "spectral_energy": {
        "dmean": 0.00334834237583,
        "dmean2": 0.00530176563188,
        "dvar": 2.32246748055e-05,
        "dvar2": 6.40759826638e-05,
        "max": 0.0947460159659,
        "mean": 0.0189092643559,
        "median": 0.010085882619,
        "min": 1.02059902734e-20,
        "var": 0.000384705723263
    },
    "spectral_energyband_high": {
        "dmean": 0.000349491048837,
        "dmean2": 0.000483643321786,
        "dvar": 6.73407441809e-07,
        "dvar2": 1.30865919346e-06,
        "max": 0.00960055179894,
        "mean": 0.000664830498863,
        "median": 6.61051744828e-05,
        "min": 7.20441678674e-21,
        "var": 1.97712006411e-06
    },
    "spectral_energyband_low": {
        "dmean": 0.00123119412456,
        "dmean2": 0.00212214584462,
        "dvar": 4.45515115644e-06,
        "dvar2": 1.30847520268e-05,
        "max": 0.0348966158926,
        "mean": 0.00332817574963,
        "median": 0.00123934401199,
        "min": 1.64451245448e-23,
        "var": 2.08801939152e-05
    },
    "spectral_energyband_middle_high": {
        "dmean": 0.000484699965455,
        "dmean2": 0.000767799792811,
        "dvar": 6.97722612131e-07,
        "dvar2": 1.81912128028e-06,
        "max": 0.021960619837,
        "mean": 0.00232317089103,
        "median": 0.000906325876713,
        "min": 1.23506658358e-21,
        "var": 9.29153156903e-06
    },
    "spectral_energyband_middle_low": {
        "dmean": 0.00305174710229,
        "dmean2": 0.00488172378391,
        "dvar": 2.31201865972e-05,
        "dvar2": 6.32874289295e-05,
        "max": 0.0888123139739,
        "mean": 0.0137236537412,
        "median": 0.00626443326473,
        "min": 1.85767920559e-22,
        "var": 0.000227774478844
    },
    "spectral_entropy": {
        "dmean": 0.156521111727,
        "dmean2": 0.228535890579,
        "dvar": 0.0302751678973,
        "dvar2": 0.0568196997046,
        "max": 9.82709789276,
        "mean": 7.12931156158,
        "median": 7.16556692123,
        "min": 4.67696046829,
        "var": 0.561952471733
    },
    "spectral_flux": {
        "dmean": 0.00983874406666,
        "dmean2": 0.0156646165997,
        "dvar": 0.000143887737067,
        "dvar2": 0.000362425984349,
        "max": 0.2197766155,
        "mean": 0.046301946044,
        "median": 0.035820748657,
        "min": 6.46042525032e-11,
        "var": 0.00122095947154
    },
    "spectral_kurtosis": {
        "dmean": 3.52762699127,
        "dmean2": 5.95577096939,
        "dvar": 70.3842315674,
        "dvar2": 203.330963135,
        "max": 393.202697754,
        "mean": 12.7865667343,
        "median": 6.47428703308,
        "min": -1.27451229095,
        "var": 860.05871582
    },
    "spectral_rms": {
        "dmean": 0.000354017363861,
        "dmean2": 0.00054662337061,
        "dvar": 1.6406038128e-07,
        "dvar2": 4.35396231069e-07,
        "max": 0.00961431954056,
        "mean": 0.00357874389738,
        "median": 0.0031368592754,
        "min": 3.15548151844e-12,
        "var": 5.64067613595e-06
    },
    "spectral_rolloff": {
        "dmean": 575.739501953,
        "dmean2": 955.007202148,
        "dvar": 2433854.25,
        "dvar2": 5273257,
        "max": 19509.0820312,
        "mean": 1734.07641602,
        "median": 796.728515625,
        "min": 193.798828125,
        "var": 8069194.5
    },
    "spectral_skewness": {
        "dmean": 0.2833750844,
        "dmean2": 0.470315128565,
        "dvar": 0.135153785348,
        "dvar2": 0.383469730616,
        "max": 16.4274024963,
        "mean": 2.3067908287,
        "median": 1.92543244362,
        "min": -0.0907644852996,
        "var": 2.44847631454
    },
    "spectral_spread": {
        "dmean": 645245.3125,
        "dmean2": 883831.625,
        "dvar": 1.35095792435e+12,
        "dvar2": 2.4580128768e+12,
        "max": 42860156,
        "mean": 4560277.5,
        "median": 3666720.5,
        "min": 276013.65625,
        "var": 1.44117711503e+13
    },
    "spectral_strongpeak": {
        "dmean": 0.261067062616,
        "dmean2": 0.443060696125,
        "dvar": 0.146035417914,
        "dvar2": 0.396986067295,
        "max": 11.1867370605,
        "mean": 0.622387886047,
        "median": 0.46868544817,
        "min": 0,
        "var": 0.313730299473
    },
    "zerocrossingrate": {
        "dmean": 0.0129517130554,
        "dmean2": 0.0147035149857,
        "dvar": 0.000518400454894,
        "dvar2": 0.000617105630226,
        "max": 0.5224609375,
        "mean": 0.0675549209118,
        "median": 0.04541015625,
        "min": 0.0078125,
        "var": 0.00478543015197
    },
    "barkbands": {
        "dmean": [9.85034876066e-06, 0.000531237397809, 0.000586790090892, 0.00129040167667, 0.0017154639354, 0.00129283335991, 0.000263711903244, 0.000364547187928, 0.000201103801373, 0.000274310732493, 0.000155069326865, 8.49869538797e-05, 9.8727614386e-05, 0.000112339519546, 0.000112498710223, 9.13891635719e-05, 0.000172383268364, 6.69176224619e-05, 8.27251787996e-05, 3.36713019351e-05, 2.44616931013e-05, 4.76606801385e-05, 2.82994424197e-05, 1.63515305758e-05, 7.27407532395e-05, 0.000190988561371, 1.22721403386e-05],
        "dmean2": [1.64501307154e-05, 0.00091045780573, 0.00101464858744, 0.00226551573724, 0.00276615913026, 0.00196981965564, 0.00035519557423, 0.000521567417309, 0.000283270259388, 0.000416566937929, 0.00022821710445, 0.000126500264741, 0.000153467641212, 0.000191523518879, 0.000188591817277, 0.000151923697558, 0.000291422446026, 0.000110490676889, 0.000141349140904, 5.68876421312e-05, 3.90591230826e-05, 7.30473766453e-05, 4.36695663666e-05, 2.4416429369e-05, 0.000104822072899, 0.000272556208074, 1.88499143405e-05],
        "dvar": [5.27196175604e-10, 1.39718235914e-06, 1.11748329346e-06, 7.06466471456e-06, 1.11060771815e-05, 6.27257713859e-06, 2.07940971109e-07, 2.80712157519e-07, 2.02871234478e-07, 3.22546299003e-07, 1.02610101749e-07, 4.41542731267e-08, 5.79050514204e-08, 6.56107488339e-08, 4.80895536725e-08, 2.64725574795e-08, 1.16862565847e-07, 2.06564223504e-08, 2.85785048959e-08, 5.02703878524e-09, 2.40575825927e-09, 1.3140124544e-08, 4.59365301353e-09, 1.94031257728e-09, 3.3321416737e-08, 2.64442377329e-07, 1.04537956069e-09],
        "dvar2": [1.39999178916e-09, 4.09353197028e-06, 3.30545708493e-06, 2.33048504015e-05, 3.0259920095e-05, 1.56984133355e-05, 3.72766663759e-07, 6.05667139553e-07, 3.56373476507e-07, 7.55381563522e-07, 2.1190406585e-07, 9.36061752554e-08, 1.26829277747e-07, 1.86630558119e-07, 1.38423587259e-07, 7.23125310742e-08, 3.43624577681e-07, 5.68089753017e-08, 8.15863785419e-08, 1.44548160108e-08, 5.86695225735e-09, 2.91155171084e-08, 1.02939647917e-08, 4.5006602889e-09, 7.27692466285e-08, 5.61899071272e-07, 2.34147568001e-09],
        "max": [0.000327810208546, 0.0188054516912, 0.0203788802028, 0.0332201160491, 0.0647721961141, 0.0497824698687, 0.0129000013694, 0.0135439410806, 0.0122015131637, 0.0118370410055, 0.00532839959487, 0.00470088468865, 0.00694306846708, 0.00465092482045, 0.00385349686258, 0.00248400936835, 0.0071700210683, 0.00274553196505, 0.00375981023535, 0.0011651274981, 0.000766213808674, 0.00147346570157, 0.00128243246581, 0.00218942109495, 0.00289096869528, 0.00657054036856, 0.000579952960834],
        "mean": [1.10461132863e-05, 0.00109062914271, 0.00128897372633, 0.00208598049358, 0.00492688501254, 0.00399748934433, 0.00084325944772, 0.000951564055867, 0.000491941871587, 0.000537507003173, 0.000315047829645, 0.000152175780386, 0.000175516499439, 0.000187821715372, 0.000229226367082, 0.000195479529793, 0.00034885990317, 0.000155372865265, 0.00021788146114, 8.10830169939e-05, 5.8447381889e-05, 8.09117336757e-05, 5.37291816727e-05, 3.23869462591e-05, 0.000115922710393, 0.000265304377535, 1.87843579624e-05],
        "median": [8.1949650621e-07, 0.0001888879342, 0.000492796651088, 0.00046488532098, 0.00191962532699, 0.00106233358383, 0.000286870752461, 0.000537551473826, 0.000117453826533, 0.000174130749656, 7.03192927176e-05, 4.251714563e-05, 3.85049424949e-05, 3.78870463464e-05, 8.20234708954e-05, 8.43910092954e-05, 0.00011698846356, 4.03939993703e-05, 6.36392942397e-05, 1.81249361049e-05, 1.33394405566e-05, 1.07383657451e-05, 7.93025901658e-06, 6.27861845715e-06, 6.98885469319e-06, 3.39273901773e-06, 9.67329242485e-07],
        "min": [8.83481566055e-26, 4.22370604253e-24, 9.90788983789e-25, 4.9533808834e-25, 7.20604794283e-24, 7.10514789989e-24, 1.0553846618e-23, 6.22807262394e-24, 1.83621732959e-23, 1.17473505691e-23, 9.82479714659e-24, 3.6654093795e-23, 3.53838289446e-23, 3.31582756261e-23, 4.9045363122e-23, 5.67915543818e-23, 6.74775841108e-23, 1.0066401576e-22, 1.27249019541e-22, 1.36415292959e-22, 2.60802842629e-22, 2.80154900677e-22, 3.73537957474e-22, 5.44896292303e-22, 8.09867576929e-22, 1.1671476034e-21, 2.03629753462e-21],
        "var": [6.36103059115e-10, 3.43854276252e-06, 3.93480058847e-06, 1.14594740808e-05, 4.73381187476e-05, 4.50492407253e-05, 1.76422543063e-06, 1.29389570702e-06, 1.06810887246e-06, 8.62480760588e-07, 3.38597970995e-07, 1.08456262637e-07, 1.47519926941e-07, 1.22234965261e-07, 1.19230918472e-07, 7.03747247144e-08, 3.0897942338e-07, 7.4473945233e-08, 1.28059042481e-07, 1.63273252696e-08, 8.03029820418e-09, 2.70891593601e-08, 1.16627774105e-08, 4.11715550541e-09, 8.14811471628e-08, 5.25720167843e-07, 2.18146167796e-09]
    },
    "erbbands": {
        "dmean": [0.00882675126195, 0.145157888532, 0.560000061989, 2.38948321342, 5.48175144196, 6.04829692841, 10.7519569397, 9.96329402924, 5.03051757812, 6.59894800186, 6.47159719467, 5.62357854843, 10.4375133514, 2.72658324242, 6.17344427109, 4.35362482071, 4.6044049263, 6.04755878448, 3.73917293549, 7.25967979431, 5.06333065033, 6.22320175171, 4.55706310272, 5.66782188416, 2.26565551758, 1.71089613438, 1.02482569218, 1.06297016144, 1.76867115498, 1.2650219202, 0.786031961441, 0.390267372131, 0.315584272146, 0.560823500156, 0.687569856644, 0.755597651005, 0.427982538939, 0.0446613766253, 0.00145280500874, 5.73996258026e-05],
        "dmean2": [0.0137724783272, 0.251546800137, 0.968329787254, 4.19151926041, 8.80219841003, 10.4025659561, 16.5895385742, 14.8905754089, 6.24102497101, 10.158621788, 8.85905265808, 7.88601064682, 15.6841363907, 4.21601390839, 9.02506542206, 6.43368244171, 7.16888141632, 10.2229671478, 6.29134511948, 12.2453651428, 8.41194152832, 10.542309761, 7.75687599182, 9.6520986557, 3.79838061333, 2.90037631989, 1.65816640854, 1.71082770824, 2.76050114632, 1.89291393757, 1.24584031105, 0.60895806551, 0.469987213612, 0.825831949711, 1.00236916542, 1.08647370338, 0.623642683029, 0.0646840184927, 0.00223356392235, 8.73672179296e-05],
        "dvar": [0.00051476364024, 0.100619465113, 1.01709592342, 21.4538326263, 114.754150391, 220.731719971, 446.066711426, 435.633331299, 75.9819717407, 162.502212524, 110.76209259, 160.888748169, 479.399414062, 20.8282222748, 172.02973938, 114.460510254, 127.218383789, 194.456741333, 57.5678825378, 200.904846191, 77.0754394531, 154.718658447, 93.5703430176, 141.929000854, 18.402431488, 13.3930521011, 3.87369608879, 5.80227518082, 18.757894516, 8.57713890076, 3.87373805046, 0.859128296375, 0.838800787926, 2.0414917469, 2.97158432007, 3.85903739929, 1.39046442509, 0.0148034021258, 1.37415026984e-05, 1.89357773905e-08],
        "dvar2": [0.00116036576219, 0.302534818649, 2.97790122032, 67.5237579346, 297.710601807, 669.13293457, 1127.98132324, 967.862487793, 107.85181427, 408.979278564, 213.566223145, 283.422821045, 1091.7734375, 48.8903884888, 349.108428955, 241.551513672, 279.960876465, 547.997131348, 166.324462891, 584.374267578, 216.652313232, 455.055969238, 265.70993042, 403.901123047, 53.0498466492, 38.9731216431, 9.95247459412, 13.9761724472, 43.675151825, 17.5676956177, 9.44763183594, 2.00853395462, 2.01380586624, 4.6686668396, 6.39572715759, 8.17326164246, 3.04974555969, 0.0319433100522, 3.07106784021e-05, 4.29830535609e-08],
        "max": [0.451032489538, 5.29244995117, 15.6122617722, 70.6083068848, 164.416412354, 331.214447021, 440.683776855, 559.220458984, 247.20475769, 377.211730957, 252.212890625, 329.536773682, 435.153381348, 78.6616363525, 208.944793701, 236.616394043, 336.025970459, 267.239929199, 133.890701294, 258.536895752, 139.832901001, 261.817443848, 213.241195679, 249.228103638, 87.7144851685, 62.2172317505, 28.40483284, 31.6213722229, 53.604598999, 45.4339561462, 35.3286399841, 23.8082103729, 45.984992981, 29.8000774384, 27.6584587097, 23.3944454193, 16.1680374146, 2.00837850571, 0.0586107932031, 0.00231391773559],
        "mean": [0.019856819883, 0.291274964809, 1.21247792244, 4.77453708649, 13.0568695068, 14.1457605362, 27.8937721252, 30.6121864319, 17.4950256348, 15.6512012482, 18.1863937378, 14.7500762939, 20.4900226593, 7.10445785522, 12.7520208359, 8.52331256866, 8.46243667603, 11.1636199951, 8.5636844635, 14.7548236847, 12.348534584, 13.9817199707, 10.6582212448, 13.8037405014, 6.36288690567, 4.25827217102, 2.73103570938, 2.18020486832, 2.88512611389, 2.2894487381, 1.37326908112, 0.750115513802, 0.618824005127, 0.891018271446, 1.07363903522, 1.07243144512, 0.561701655388, 0.0609175674617, 0.00238398881629, 0.000125591803226],
        "median": [0.00180270755664, 0.06850913167, 0.548462688923, 1.33927595615, 3.35674333572, 5.77584171295, 9.22583770752, 5.63265132904, 4.92307519913, 7.50738716125, 9.53005981445, 4.22473430634, 5.73175191879, 3.2596154213, 2.85244655609, 2.3008108139, 2.07195568085, 2.08980202675, 2.84873175621, 5.80505466461, 5.05914020538, 4.65917110443, 3.09808444977, 3.45940613747, 2.09333086014, 0.928852498531, 0.729312598705, 0.362494051456, 0.341509580612, 0.347335875034, 0.201899290085, 0.158179223537, 0.10795044899, 0.0736398398876, 0.0536440908909, 0.0196912679821, 0.00469330791384, 0.001013380941, 0.000161444739206, 3.37442652381e-05],
        "min": [4.23336398771e-23, 5.38617565343e-22, 1.50183202821e-21, 3.47392431259e-21, 3.14404383612e-21, 3.11265738058e-20, 6.14367461965e-20, 6.94271816667e-20, 1.2047965755e-19, 2.00713979769e-19, 2.81537642325e-19, 4.47493596152e-19, 3.67877565591e-19, 5.2679912379e-19, 7.99965439822e-19, 1.68197137658e-18, 1.68901709424e-18, 1.84321214242e-18, 2.68705941034e-18, 2.4496773929e-18, 3.68449405888e-18, 4.74264872747e-18, 5.40914537013e-18, 5.9212810115e-18, 6.5415945062e-18, 7.38055706581e-18, 1.01730377501e-17, 9.56567873096e-18, 1.05398220414e-17, 1.27544624739e-17, 1.05883237766e-17, 1.12493817068e-17, 9.90465486445e-18, 8.02135568838e-18, 6.47227222138e-18, 4.03248025719e-18, 2.41615775973e-18, 9.13619642396e-19, 2.45329439522e-19, 2.65391819938e-20],
        "var": [0.0015357529046, 0.23708999157, 3.0018954277, 53.3897514343, 389.674530029, 547.594665527, 2184.80859375, 3363.86132812, 710.272827148, 548.418273926, 575.133605957, 853.153503418, 1321.52209473, 86.0240631104, 553.705566406, 299.351348877, 329.309967041, 419.880249023, 181.664672852, 448.196777344, 258.164672852, 476.157958984, 312.500854492, 570.477844238, 85.2565841675, 46.9989128113, 15.41614151, 13.8188257217, 34.687412262, 22.3973655701, 8.42138385773, 1.92755055428, 1.58878827095, 4.54808568954, 7.2839550972, 8.12838172913, 2.52660655975, 0.0281474515796, 2.98991290038e-05, 4.55049189441e-08]
    },
    "gfcc": {
        "mean": [-81.1433410645, 101.534698486, -110.256141663, 6.73033571243, -54.9354248047, -14.3157548904, -48.0778198242, 6.35153675079, -26.7517089844, -4.52084064484, -22.4355735779, -2.22222948074, -11.9173202515],
        "cov": [[34674.7617188, -3075.39404297, 638.594604492, 3227.91430664, 702.450744629, 1383.61315918, -880.004577637, 239.208129883, -797.332946777, 554.430969238, -588.996032715, 739.453674316, -511.688934326], [-3075.39404297, 2739.81420898, -844.232910156, -324.343841553, 111.799339294, -403.736236572, 8.8558511734, -199.112930298, 90.4087677002, -348.607727051, 226.664260864, -373.729064941, 176.302200317], [638.594604492, -844.232910156, 1178.14733887, 77.5202484131, 20.0785446167, 265.536346436, 1.94465589523, -25.408914566, -45.0480575562, 155.264953613, -123.966003418, 172.347869873, -76.2870025635], [3227.91430664, -324.343841553, 77.5202484131, 770.688964844, 221.368728638, 240.025497437, -68.482673645, 19.6695480347, -4.12775993347, 16.5511512756, 9.2338886261, 29.6373062134, -3.87439632416], [702.450744629, 111.799339294, 20.0785446167, 221.368728638, 419.744659424, 7.79444599152, 53.1560325623, 65.2392349243, 5.20245170593, 45.9524536133, -30.952835083, 12.9091291428, -61.2728729248], [1383.61315918, -403.736236572, 265.536346436, 240.025497437, 7.79444599152, 265.95703125, -32.1542358398, -23.7108860016, -16.2251548767, 30.5485630035, -1.18246102333, 66.9063644409, -3.01681208611], [-880.004577637, 8.8558511734, 1.94465589523, -68.482673645, 53.1560325623, -32.1542358398, 156.715713501, 65.3646011353, 28.9001808167, 25.2289142609, 0.190080612898, 3.54055094719, -18.2971076965], [239.208129883, -199.112930298, -25.408914566, 19.6695480347, 65.2392349243, -23.7108860016, 65.3646011353, 152.222808838, 22.911693573, 69.6420440674, -45.8205795288, 39.9812583923, -41.2721633911], [-797.332946777, 90.4087677002, -45.0480575562, -4.12775993347, 5.20245170593, -16.2251548767, 28.9001808167, 22.911693573, 97.394203186, -6.51490736008, 35.6076774597, -26.0506153107, 27.6426181793], [554.430969238, -348.607727051, 155.264953613, 16.5511512756, 45.9524536133, 30.5485630035, 25.2289142609, 69.6420440674, -6.51490736008, 160.606277466, -49.3563575745, 79.9169235229, -50.3243026733], [-588.996032715, 226.664260864, -123.966003418, 9.2338886261, -30.952835083, -1.18246102333, 0.190080612898, -45.8205795288, 35.6076774597, -49.3563575745, 133.44909668, -36.5571403503, 60.2325286865], [739.453674316, -373.729064941, 172.347869873, 29.6373062134, 12.9091291428, 66.9063644409, 3.54055094719, 39.9812583923, -26.0506153107, 79.9169235229, -36.5571403503, 132.401473999, -26.617307663], [-511.688934326, 176.302200317, -76.2870025635, -3.87439632416, -61.2728729248, -3.01681208611, -18.2971076965, -41.2721633911, 27.6426181793, -50.3243026733, 60.2325286865, -26.617307663, 98.1336593628]],
        "icov": [[0.000110403292638, -9.16880453588e-05, 0.000101203426311, -0.000396312854718, 0.000125840408145, -0.000277378421742, 0.000423898454756, -0.000255400838796, 0.00061794713838, -0.000203399642487, 0.000212249506149, -0.000353309034836, 0.000340605620295], [-9.16880453588e-05, 0.00111495540477, 0.000103712118289, 0.000692320580129, -0.000997323310003, 0.000953034905251, -0.000368342589354, 0.000992955057882, -0.000548976648133, 0.000895251985639, -0.000695682247169, 0.00162610528059, -0.00113589211833], [0.000101203426311, 0.000103712118289, 0.00171199720353, -3.22772539221e-05, -0.000128565719933, -0.00154791888781, -9.81562552624e-05, 0.00139535148628, -4.83175572299e-05, -0.000897766847629, 0.00147142109927, -0.00108512479346, 0.000467418867629], [-0.000396312854718, 0.000692320580129, -3.22772539221e-05, 0.00427108863369, -0.00230300822295, -0.00154347834177, -5.39239636055e-06, -6.00602033956e-05, -0.002060724888, 0.00110148917884, -0.00124155241065, 0.00243915547617, -0.00210942607373], [0.000125840408145, -0.000997323310003, -0.000128565719933, -0.00230300822295, 0.00455555319786, 0.000313977274345, -0.000883117085323, -0.000855363614392, 0.000450995314168, -0.00111576321069, 0.000730544677936, -0.00158725993242, 0.00300855794922], [-0.000277378421742, 0.000953034905251, -0.00154791888781, -0.00154347834177, 0.000313977274345, 0.00958801992238, -0.00150797958486, 0.00266092433594, -0.00169362151064, 0.00132567249238, -0.00196719611995, -0.000912202638574, -0.000977108953521], [0.000423898454756, -0.000368342589354, -9.81562552624e-05, -5.39239636055e-06, -0.000883117085323, -0.00150797958486, 0.0111506916583, -0.00549851777032, 0.00127964268904, -0.000461915595224, -0.00127072900068, -0.000482846313389, 0.00201595434919], [-0.000255400838796, 0.000992955057882, 0.00139535148628, -6.00602033956e-05, -0.000855363614392, 0.00266092433594, -0.00549851777032, 0.0154170254245, -0.00606978032738, -0.00230530067347, 0.0034482285846, -0.00202626897953, 0.000834730046336], [0.00061794713838, -0.000548976648133, -4.83175572299e-05, -0.002060724888, 0.000450995314168, -0.00169362151064, 0.00127964268904, -0.00606978032738, 0.0183391775936, -0.00207012356259, -0.00236004707403, 0.00188524345867, -0.00226274062879], [-0.000203399642487, 0.000895251985639, -0.000897766847629, 0.00110148917884, -0.00111576321069, 0.00132567249238, -0.000461915595224, -0.00230530067347, -0.00207012356259, 0.0124868704006, -0.000756647845265, -0.00310437148437, 0.00157403387129], [0.000212249506149, -0.000695682247169, 0.00147142109927, -0.00124155241065, 0.000730544677936, -0.00196719611995, -0.00127072900068, 0.0034482285846, -0.00236004707403, -0.000756647845265, 0.013935033232, -0.00177429977339, -0.00369720370509], [-0.000353309034836, 0.00162610528059, -0.00108512479346, 0.00243915547617, -0.00158725993242, -0.000912202638574, -0.000482846313389, -0.00202626897953, 0.00188524345867, -0.00310437148437, -0.00177429977339, 0.0172060094774, -0.00383927603252], [0.000340605620295, -0.00113589211833, 0.000467418867629, -0.00210942607373, 0.00300855794922, -0.000977108953521, 0.00201595434919, 0.000834730046336, -0.00226274062879, 0.00157403387129, -0.00369720370509, -0.00383927603252, 0.0195348169655]]
    },
    "melbands": {
        "dmean": [0.000112676694698, 0.00024702140945, 0.000510744284838, 0.000359747034963, 0.000359411118552, 0.000224348346819, 7.10849635652e-05, 7.49510727474e-05, 4.90217898914e-05, 3.40198712365e-05, 5.18339184055e-05, 1.03978227344e-05, 2.1358993763e-05, 1.22129140436e-05, 9.11637107492e-06, 9.17236411624e-06, 1.34141591843e-05, 5.93122013015e-06, 7.25909603716e-06, 1.01390096461e-05, 7.30948977434e-06, 7.34179911888e-06, 8.38236428535e-06, 3.19091464007e-06, 5.47047784494e-06, 2.28687076742e-06, 1.25038729948e-06, 1.18097204904e-06, 6.96852509918e-07, 7.0932418339e-07, 6.52681251267e-07, 1.03870922885e-06, 1.08105768959e-06, 6.33045715404e-07, 4.76019437201e-07, 3.99860880407e-07, 1.88292119674e-07, 2.12768696883e-07, 2.8527813356e-07, 5.70675240397e-07],
        "dmean2": [0.000189469807083, 0.000427349616075, 0.000873232085723, 0.000593758071773, 0.000565666763578, 0.000336020428222, 8.88019712875e-05, 0.00011434998305, 6.67292406433e-05, 4.77723988297e-05, 7.82929055276e-05, 1.62978267326e-05, 3.14774624712e-05, 1.78549489647e-05, 1.36235303216e-05, 1.44844361785e-05, 2.27796681429e-05, 1.00134930108e-05, 1.21986277009e-05, 1.6995898477e-05, 1.21852644952e-05, 1.24238285935e-05, 1.4346838725e-05, 5.3855301303e-06, 9.33938918024e-06, 3.86148713005e-06, 2.09900031223e-06, 2.00823228624e-06, 1.13631813292e-06, 1.14913893867e-06, 1.06138509182e-06, 1.68444444171e-06, 1.67288044395e-06, 9.70211658569e-07, 7.73287752054e-07, 6.49714593237e-07, 2.89567338996e-07, 3.29725907022e-07, 4.32042611465e-07, 8.51132995194e-07],
        "dvar": [6.72187994155e-08, 2.0932597522e-07, 9.20374020552e-07, 4.50364552762e-07, 4.77861476611e-07, 1.99077319962e-07, 1.48271368516e-08, 1.83489721195e-08, 6.66227206736e-09, 6.24392804127e-09, 1.1897753005e-08, 3.03063713014e-10, 2.00396610417e-09, 7.08048009113e-10, 4.6765619155e-10, 5.23369125816e-10, 9.80632020031e-10, 1.48114784326e-10, 1.9452302269e-10, 3.32312732887e-10, 1.8207738095e-10, 2.12771758545e-10, 3.77747610969e-10, 4.96703442265e-11, 1.37043196236e-10, 2.15112268276e-11, 6.66714556827e-12, 6.32708208742e-12, 1.76648257653e-12, 2.10992139558e-12, 2.23595859709e-12, 7.01903205697e-12, 7.22329010841e-12, 2.16602994221e-12, 1.53226032123e-12, 8.89905607971e-13, 2.11904075558e-13, 3.82407105114e-13, 6.30074605771e-13, 2.22433443192e-12],
        "dvar2": [1.82447053021e-07, 6.11249504345e-07, 2.90581488116e-06, 1.2521500139e-06, 1.25338692669e-06, 4.56827905282e-07, 2.14168522916e-08, 4.56612703204e-08, 1.28097861207e-08, 1.1145159462e-08, 2.74060134586e-08, 7.23336446296e-10, 4.17411616382e-09, 1.47357459568e-09, 9.76280167819e-10, 1.21724619273e-09, 2.78362155548e-09, 4.31042479487e-10, 5.597066699e-10, 9.3660035283e-10, 5.24147503178e-10, 6.33038177433e-10, 1.09401110393e-09, 1.4601464482e-10, 3.9032629906e-10, 6.29944221786e-11, 1.88152601138e-11, 1.87499998167e-11, 4.63111406862e-12, 5.37639984616e-12, 5.55972368838e-12, 1.75441848549e-11, 1.64339705039e-11, 4.76485691181e-12, 3.86486285683e-12, 2.23402611514e-12, 4.96583731167e-13, 9.63023497752e-13, 1.4892889439e-12, 5.29412971795e-12],
        "max": [0.00398295046762, 0.00739773968235, 0.0117590297014, 0.0119045004249, 0.0122252209112, 0.0109838042408, 0.0034888824448, 0.00413664244115, 0.00180333456956, 0.00208568060771, 0.00219633569941, 0.000285394577077, 0.000735837093089, 0.000576516846195, 0.000649052439258, 0.000440080213593, 0.000606851361226, 0.000207613513339, 0.000251569057582, 0.00026578764664, 0.000209793361137, 0.000282825902104, 0.000425494596129, 0.000128304236569, 0.000250311713899, 0.000107357598608, 5.1576502301e-05, 3.89631240978e-05, 2.16782518692e-05, 2.31767535297e-05, 1.91010421986e-05, 3.5152232158e-05, 4.63083961222e-05, 2.45064711635e-05, 2.39403998421e-05, 1.45643552969e-05, 1.45887452163e-05, 3.18828315358e-05, 3.04345758195e-05, 2.65411526925e-05],
        "mean": [0.000244496884989, 0.000568911316805, 0.00109011004679, 0.000955597963184, 0.000929361151066, 0.000704686448444, 0.000243090500589, 0.000175655630301, 0.000138374409289, 8.52551092976e-05, 9.85440492514e-05, 2.4614877475e-05, 4.32390406786e-05, 2.43740960286e-05, 1.73667722265e-05, 1.66127119883e-05, 2.21651989705e-05, 1.2427333786e-05, 1.4994340745e-05, 2.07110279007e-05, 1.48687458932e-05, 1.50298446897e-05, 1.4681842913e-05, 7.11358825356e-06, 1.22465662571e-05, 5.530976523e-06, 3.04765330839e-06, 2.73535761153e-06, 1.71753629274e-06, 1.4743122847e-06, 1.19294998058e-06, 1.59435830938e-06, 1.67770951975e-06, 1.11298390948e-06, 7.84717201441e-07, 6.76773026953e-07, 3.61929835435e-07, 4.03796548198e-07, 4.90729689773e-07, 8.44709234116e-07],
        "median": [3.41164086421e-05, 0.000239001092268, 0.000314504548442, 0.0003358325921, 0.000326133624185, 0.000148386403453, 7.10399181116e-05, 8.87975620572e-05, 6.78456999594e-05, 2.20639485633e-05, 2.75000056718e-05, 1.10732098619e-05, 9.3857443062e-06, 6.55145504425e-06, 5.3721396398e-06, 3.58649663212e-06, 3.97944086217e-06, 3.92556239603e-06, 5.9425674408e-06, 8.31215038488e-06, 5.75740705244e-06, 4.91489663546e-06, 3.96401355829e-06, 1.4920161675e-06, 2.88812043436e-06, 1.76280502728e-06, 8.11584300209e-07, 5.56842906008e-07, 4.46743314342e-07, 3.13685518449e-07, 1.67860434885e-07, 2.00717948928e-07, 2.06850160112e-07, 1.70411439626e-07, 1.19226626794e-07, 1.25181372823e-07, 7.74773667445e-08, 7.97187453827e-08, 6.40061585955e-08, 5.78653498451e-08],
        "min": [8.42986919903e-25, 8.33465960423e-25, 6.38681559693e-25, 1.12449913229e-24, 2.1380662775e-24, 1.49495600338e-24, 1.89362313209e-24, 2.51419042394e-24, 1.87025569157e-24, 2.5994495245e-24, 1.60050184541e-24, 1.78426709189e-24, 1.77668791353e-24, 2.97062751307e-24, 2.75576211566e-24, 3.08609821136e-24, 2.85604270558e-24, 3.58447548495e-24, 3.67787543284e-24, 3.0954929531e-24, 3.90192534055e-24, 3.35840214901e-24, 4.06530987251e-24, 4.44770309657e-24, 4.23015103613e-24, 4.10825348804e-24, 4.79471985333e-24, 4.2751792166e-24, 5.80494972248e-24, 5.70334838219e-24, 4.65308263881e-24, 5.09394426101e-24, 5.0038066474e-24, 6.42977883538e-24, 5.25384242219e-24, 5.76021499827e-24, 5.67419405529e-24, 6.16289338607e-24, 6.48437195432e-24, 6.35454438198e-24],
        "var": [1.81718021963e-07, 6.62850482058e-07, 2.24285304284e-06, 1.81414361577e-06, 2.12251234188e-06, 1.59462956617e-06, 1.39597659654e-07, 6.13172019825e-08, 3.55233638061e-08, 3.08128171866e-08, 3.15059587308e-08, 1.07137798633e-09, 6.52081721952e-09, 2.06158823346e-09, 1.28115240638e-09, 1.2926233417e-09, 1.81366488494e-09, 4.21191942435e-10, 4.52845400067e-10, 8.40064684482e-10, 4.4042960945e-10, 5.49917555936e-10, 7.66082086656e-10, 1.54951287912e-10, 4.86599371907e-10, 7.93501722662e-11, 2.09925236916e-11, 2.06050645296e-11, 6.13560634591e-12, 5.4689881096e-12, 4.64461108463e-12, 1.09017699382e-11, 1.32996981483e-11, 5.59141535156e-12, 3.04966598849e-12, 1.62179763976e-12, 4.82974446027e-13, 6.40387265785e-13, 1.17953162428e-12, 4.51185486541e-12]
    },
    "mfcc": {
        "mean": [-716.82208252, 138.314300537, -3.96017408371, 19.8125152588, 4.98124361038, -15.3855667114, -13.4867210388, -3.05827260017, -3.94751882553, -4.90897321701, -6.72552871704, -7.90879249573, -0.869214892387],
        "cov": [[16609.6308594, -600.062927246, 636.11138916, 1053.18737793, 655.641235352, 1009.83789062, 314.300445557, 103.274040222, -51.223941803, -261.679260254, 156.281997681, -189.325653076, -77.3276977539], [-600.062927246, 1907.33776855, -361.058502197, 124.871948242, 191.115127563, -175.687759399, 1.72050881386, -52.7832603455, -82.5189971924, 23.1493396759, -139.401473999, 5.45613193512, 8.92722606659], [636.11138916, -361.058502197, 652.411804199, 8.44859790802, 50.1051101685, 207.398269653, -23.6026172638, 1.70820736885, 9.88680076599, -40.9349136353, 9.22822380066, -60.4373931885, 1.60973989964], [1053.18737793, 124.871948242, 8.44859790802, 245.970428467, 120.369049072, 78.9025039673, 52.1667900085, 22.8260059357, 26.7918586731, 11.0908737183, 14.0152206421, 5.77277421951, 13.4142484665], [655.641235352, 191.115127563, 50.1051101685, 120.369049072, 201.749664307, 110.87979126, 27.2238235474, 19.5718212128, -4.14558887482, -15.0526885986, 3.57085180283, -2.78267741203, 10.519536972], [1009.83789062, -175.687759399, 207.398269653, 78.9025039673, 110.87979126, 236.911193848, 50.3369293213, 12.8232860565, -2.16115736961, -31.6596260071, 19.9637584686, -20.2665195465, 0.740014016628], [314.300445557, 1.72050881386, -23.6026172638, 52.1667900085, 27.2238235474, 50.3369293213, 104.434646606, 33.155216217, 4.53835821152, 13.38585186, 25.4768123627, 14.9116983414, -3.18987083435], [103.274040222, -52.7832603455, 1.70820736885, 22.8260059357, 19.5718212128, 12.8232860565, 33.155216217, 89.8098983765, 36.4211997986, 1.88537073135, 31.7454967499, 7.88290166855, -1.05554080009], [-51.223941803, -82.5189971924, 9.88680076599, 26.7918586731, -4.14558887482, -2.16115736961, 4.53835821152, 36.4211997986, 93.8117446899, 37.8772277832, 28.0016899109, 9.5122461319, 10.1210298538], [-261.679260254, 23.1493396759, -40.9349136353, 11.0908737183, -15.0526885986, -31.6596260071, 13.38585186, 1.88537073135, 37.8772277832, 83.6070175171, 20.428976059, 17.2580490112, 4.96037578583], [156.281997681, -139.401473999, 9.22822380066, 14.0152206421, 3.57085180283, 19.9637584686, 25.4768123627, 31.7454967499, 28.0016899109, 20.428976059, 92.8687820435, 30.6824398041, 2.30617904663], [-189.325653076, 5.45613193512, -60.4373931885, 5.77277421951, -2.78267741203, -20.2665195465, 14.9116983414, 7.88290166855, 9.5122461319, 17.2580490112, 30.6824398041, 71.4632644653, 25.2480564117], [-77.3276977539, 8.92722606659, 1.60973989964, 13.4142484665, 10.519536972, 0.740014016628, -3.18987083435, -1.05554080009, 10.1210298538, 4.96037578583, 2.30617904663, 25.2480564117, 67.7741394043]],
