{
"lowlevel": {
    "average_loudness": 0.956013023853,
    "barkbands_crest": {
        "dmean": 2.81894683838,
        "dmean2": 4.34681653976,
        "dvar": 6.87321853638,
        "dvar2": 15.6828889847,
        "max": 26.6276741028,
        "mean": 12.2858362198,
        "median": 11.1082439423,
        "min": 2.34444069862,
        "var": 23.9840507507
    },
    "barkbands_flatness_db": {
        "dmean": 0.0332632102072,
        "dmean2": 0.0490658022463,
        "dvar": 0.00103468471207,
        "dvar2": 0.00211506523192,
        "max": 0.669969499111,
        "mean": 0.1891695261,
        "median": 0.181204214692,
        "min": 0.0138458805159,
        "var": 0.00721262255684
    },
    "barkbands_kurtosis": {
        "dmean": 17.2850666046,
        "dmean2": 27.9045791626,
        "dvar": 2182.6418457,
        "dvar2": 5563.4921875,
        "max": 1343.64111328,
        "mean": 27.3945388794,
        "median": 11.7105960846,
        "min": -1.9121683836,
        "var": 3311.38916016
    },
    "barkbands_skewness": {
        "dmean": 1.11953628063,
        "dmean2": 1.71371304989,
        "dvar": 2.385825634,
        "dvar2": 5.5761179924,
        "max": 31.7082080841,
        "mean": 3.48108744621,
        "median": 2.93335843086,
        "min": -2.29712510109,
        "var": 7.46914386749
    },
    "barkbands_spread": {
        "dmean": 5.85751342773,
        "dmean2": 8.68258094788,
        "dvar": 84.2939300537,
        "dvar2": 167.454666138,
        "max": 99.4939575195,
        "mean": 13.7395868301,
        "median": 8.67790222168,
        "min": 0.142903640866,
        "var": 217.704818726
    },
    "dissonance": {
        "dmean": 0.0220879092813,
        "dmean2": 0.0363097004592,
        "dvar": 0.000480282673379,
        "dvar2": 0.0012162750354,
        "max": 0.500000178814,
        "mean": 0.450322568417,
        "median": 0.457965612411,
        "min": 0.163042455912,
        "var": 0.00128913694061
    },
    "dynamic_complexity": 2.86824440956,
    "erbbands_crest": {
        "dmean": 2.59189248085,
        "dmean2": 4.12708377838,
        "dvar": 6.02683401108,
        "dvar2": 14.3965339661,
        "max": 30.4015674591,
        "mean": 8.99291229248,
        "median": 8.15074920654,
        "min": 2.08171415329,
        "var": 17.1644706726
    },
    "erbbands_flatness_db": {
        "dmean": 0.02096019499,
        "dmean2": 0.0306157637388,
        "dvar": 0.000481681112433,
        "dvar2": 0.000987264094874,
        "max": 0.607554614544,
        "mean": 0.139038011432,
        "median": 0.121855080128,
        "min": 0.032937604934,
        "var": 0.00524260150269
    },
    "erbbands_kurtosis": {
        "dmean": 1.61416137218,
        "dmean2": 2.47600221634,
        "dvar": 7.17330169678,
        "dvar2": 15.2370567322,
        "max": 56.4779243469,
        "mean": 1.54735708237,
        "median": 0.370070934296,
        "min": -1.92371499538,
        "var": 15.3711843491
    },
    "erbbands_skewness": {
        "dmean": 0.467569738626,
        "dmean2": 0.67836111784,
        "dvar": 0.237107262015,
        "dvar2": 0.470758974552,
        "max": 6.965259552,
        "mean": 0.964586675167,
        "median": 0.893013119698,
        "min": -4.10777902603,
        "var": 0.917864561081
    },
    "erbbands_spread": {
        "dmean": 12.7869110107,
        "dmean2": 18.6542472839,
        "dvar": 207.574569702,
        "dvar2": 421.529907227,
        "max": 171.925262451,
        "mean": 49.9998931885,
        "median": 44.1943435669,
        "min": 0.822105109692,
        "var": 778.250549316
    },
    "hfc": {
        "dmean": 7.06313276291,
        "dmean2": 10.2747850418,
        "dvar": 126.671043396,
        "dvar2": 288.648345947,
        "max": 125.050308228,
        "mean": 13.4129199982,
        "median": 8.83575534821,
        "min": 1.03910177086e-16,
        "var": 200.498245239
    },
    "melbands_crest": {
        "dmean": 3.73383831978,
        "dmean2": 6.03872394562,
        "dvar": 12.0414352417,
        "dvar2": 29.5830020905,
        "max": 35.5794525146,
        "mean": 16.5488910675,
        "median": 15.6209669113,
        "min": 1.57349216938,
        "var": 35.7140045166
    },
    "melbands_flatness_db": {
        "dmean": 0.0385880842805,
        "dmean2": 0.0563264302909,
        "dvar": 0.00147966016084,
        "dvar2": 0.00290476880036,
        "max": 0.824350714684,
        "mean": 0.285263299942,
        "median": 0.278125882149,
        "min": 0.00311608449556,
        "var": 0.0116620892659
    },
    "melbands_kurtosis": {
        "dmean": 27.433473587,
        "dmean2": 43.2537689209,
        "dvar": 2628.28393555,
        "dvar2": 6190.00585938,
        "max": 1252.65893555,
        "mean": 52.3656425476,
        "median": 28.6411132812,
        "min": -1.66340970993,
        "var": 5545.05419922
    },
    "melbands_skewness": {
        "dmean": 1.2794148922,
        "dmean2": 1.94394409657,
        "dvar": 2.13335394859,
        "dvar2": 4.69709634781,
        "max": 26.4498500824,
        "mean": 4.61012125015,
        "median": 4.0407371521,
        "min": -1.53961932659,
        "var": 7.95600128174
    },
    "melbands_spread": {
        "dmean": 4.51169157028,
        "dmean2": 6.87655878067,
        "dvar": 95.6874313354,
        "dvar2": 217.588470459,
        "max": 222.98878479,
        "mean": 12.1220760345,
        "median": 6.45727682114,
        "min": 0.276888519526,
        "var": 480.609069824
    },
    "pitch_salience": {
        "dmean": 0.0885472670197,
        "dmean2": 0.138254374266,
        "dvar": 0.00836156215519,
        "dvar2": 0.0166378412396,
        "max": 0.956507742405,
        "mean": 0.540473937988,
        "median": 0.570503056049,
        "min": 0.0379278659821,
        "var": 0.0263780243695
    },
    "silence_rate_20dB": {
        "dmean": 0,
        "dmean2": 0,
        "dvar": 0,
        "dvar2": 0,
        "max": 1,
        "mean": 1,
        "median": 1,
        "min": 1,
        "var": 0
    },
    "silence_rate_30dB": {
        "dmean": 0.0695561915636,
        "dmean2": 0.139124423265,
        "dvar": 0.0647161230445,
        "dvar2": 0.170838043094,
        "max": 1,
        "mean": 0.955882370472,
        "median": 1,
        "min": 0,
        "var": 0.0421756543219
    },
    "silence_rate_60dB": {
        "dmean": 0.0202439650893,
        "dmean2": 0.0404914356768,
        "dvar": 0.0198357533664,
        "dvar2": 0.0469885095954,
        "max": 1,
        "mean": 0.0602941177785,
        "median": 0,
        "min": 0,
        "var": 0.0566561855376
    },
    "spectral_centroid": {
        "dmean": 241.792160034,
        "dmean2": 357.112335205,
        "dvar": 126990.164062,
        "dvar2": 245954.890625,
        "max": 11951.3349609,
        "mean": 977.708129883,
        "median": 612.634765625,
        "min": 108.88004303,
        "var": 2491145.75
    },
    "spectral_complexity": {
        "dmean": 3.45133662224,
        "dmean2": 5.1045165062,
        "dvar": 25.8033981323,
        "dvar2": 48.1507949829,
        "max": 54,
        "mean": 11.3588237762,
        "median": 10,
        "min": 0,
        "var": 55.5259361267
    },
    "spectral_decrease": {
        "dmean": 4.10163503162e-09,
        "dmean2": 6.61177690375e-09,
        "dvar": 3.58632029332e-17,
        "dvar2": 8.29637802193e-17,
        "max": 2.65801563855e-28,
        "mean": -9.5425871649e-09,
        "median": -7.4352053403e-09,
        "min": -5.60417774409e-08,
        "var": 7.06563981132e-17
    },
    "spectral_energy": {
        "dmean": 0.0158846173435,
        "dmean2": 0.02558054775,
        "dvar": 0.000533345621079,
        "dvar2": 0.00122799747624,
        "max": 0.216891020536,
        "mean": 0.0372326523066,
        "median": 0.029444091022,
        "min": 9.97640403256e-21,
        "var": 0.00104600377381
    },
    "spectral_energyband_high": {
        "dmean": 0.000513755425345,
        "dmean2": 0.00074041087646,
        "dvar": 1.32822208343e-06,
        "dvar2": 3.02117086903e-06,
        "max": 0.0190097652376,
        "mean": 0.000723803241272,
        "median": 0.000230574252782,
        "min": 7.00925789993e-21,
        "var": 2.00195881916e-06
    },
    "spectral_energyband_low": {
        "dmean": 0.0129344789311,
        "dmean2": 0.0211508180946,
        "dvar": 0.00046427664347,
        "dvar2": 0.00132000388112,
        "max": 0.199637264013,
        "mean": 0.0217972826213,
        "median": 0.0129806436598,
        "min": 1.06387201628e-23,
        "var": 0.000686042068992
    },
    "spectral_energyband_middle_high": {
        "dmean": 0.000732026761398,
        "dmean2": 0.00113102595787,
        "dvar": 1.95336292563e-06,
        "dvar2": 4.75446358905e-06,
        "max": 0.0171525068581,
        "mean": 0.00120462011546,
        "median": 0.000656124262605,
        "min": 1.14573329886e-21,
        "var": 2.55210716205e-06
    },
    "spectral_energyband_middle_low": {
        "dmean": 0.0090070432052,
        "dmean2": 0.0144667383283,
        "dvar": 0.000295745354379,
        "dvar2": 0.000716882117558,
        "max": 0.166008606553,
        "mean": 0.0155999138951,
        "median": 0.00998301431537,
        "min": 1.40614494221e-22,
        "var": 0.000326299370499
    },
    "spectral_entropy": {
        "dmean": 0.249205842614,
        "dmean2": 0.357595205307,
        "dvar": 0.0789928734303,
        "dvar2": 0.155415013433,
        "max": 9.82509231567,
        "mean": 7.34510707855,
        "median": 7.39860534668,
        "min": 4.10737800598,
        "var": 0.583148300648
    },
    "spectral_flux": {
        "dmean": 0.0393733270466,
        "dmean2": 0.0615710951388,
        "dvar": 0.00208409549668,
        "dvar2": 0.00459543196484,
        "max": 0.418934613466,
        "mean": 0.0936971381307,
        "median": 0.0715441405773,
        "min": 6.19848339323e-11,
        "var": 0.00521505298093
    },
    "spectral_kurtosis": {
        "dmean": 5.92728614807,
        "dmean2": 9.99357414246,
        "dvar": 2078.25976562,
        "dvar2": 6340.19384766,
        "max": 1676.16796875,
        "mean": 12.6270799637,
        "median": 3.55557155609,
        "min": -1.26677823067,
        "var": 5630.15039062
    },
    "spectral_rms": {
        "dmean": 0.00118362158537,
        "dmean2": 0.00184658588842,
        "dvar": 2.08433743865e-06,
        "dvar2": 4.32428078057e-06,
        "max": 0.0145465116948,
        "mean": 0.00544703798369,
        "median": 0.00535965897143,
        "min": 3.11978806504e-12,
        "var": 6.65421839585e-06
    },
    "spectral_rolloff": {
        "dmean": 357.646148682,
        "dmean2": 596.049682617,
        "dvar": 986072.125,
        "dvar2": 2184575.75,
        "max": 19681.3476562,
        "mean": 1042.57958984,
        "median": 344.53125,
        "min": 64.599609375,
        "var": 8391043
    },
    "spectral_skewness": {
        "dmean": 0.376502692699,
        "dmean2": 0.573492646217,
        "dvar": 0.473654299974,
        "dvar2": 1.29309237003,
        "max": 31.7337703705,
        "mean": 1.95410597324,
        "median": 1.5830514431,
        "min": -0.220644176006,
        "var": 4.77912139893
    },
    "spectral_spread": {
        "dmean": 794892.0625,
        "dmean2": 1160484,
        "dvar": 1.07007148032e+12,
        "dvar2": 2.1977038848e+12,
        "max": 42752764,
        "mean": 6229530.5,
        "median": 5465851,
        "min": 55335.1601562,
        "var": 3.0039825449e+13
    },
    "spectral_strongpeak": {
        "dmean": 0.289882481098,
        "dmean2": 0.479732781649,
        "dvar": 0.119223661721,
        "dvar2": 0.299977183342,
        "max": 4.53556013107,
        "mean": 0.599777460098,
        "median": 0.490741878748,
        "min": 0,
        "var": 0.239329561591
    },
    "zerocrossingrate": {
        "dmean": 0.0120525928214,
        "dmean2": 0.0138548854738,
        "dvar": 0.000234343664488,
        "dvar2": 0.000305854016915,
        "max": 0.525390625,
        "mean": 0.0507076270878,
        "median": 0.03076171875,
        "min": 0.00244140625,
        "var": 0.00580164510757
    },
    "barkbands": {
        "dmean": [0.000361026730388, 0.00782310776412, 0.0062159136869, 0.00318774604239, 0.00500981416553, 0.00153936084826, 0.000645726104267, 0.000658973585814, 0.000339770369465, 0.000160623836564, 0.000130262167659, 0.000100787758129, 0.000117974479508, 8.24365779408e-05, 6.93597612553e-05, 8.0072786659e-05, 5.90284216742e-05, 6.50712172501e-05, 7.33053166186e-05, 0.000108713909867, 9.37444638112e-05, 0.000107302497781, 0.000104209320853, 7.66411030781e-05, 6.7718057835e-05, 3.54442745447e-05, 2.08887831832e-05],
        "dmean2": [0.000572289747652, 0.0125166056678, 0.0105064604431, 0.00530683854595, 0.00850319862366, 0.00260545243509, 0.00102565845009, 0.00103893736377, 0.000523057824466, 0.000258634303464, 0.000210661994061, 0.000161031115567, 0.000200809095986, 0.000134641202749, 0.000114259171824, 0.000129347579787, 9.5833078376e-05, 0.000103254140413, 0.000114180336823, 0.000174199798494, 0.00014169854694, 0.000164014403708, 0.000155648856889, 0.00010941310029, 9.84680882539e-05, 5.373102249e-05, 3.05320936604e-05],
        "dvar": [5.80713731324e-07, 0.000144104546052, 0.000226732474403, 3.96642135456e-05, 0.000127907900605, 9.53578182816e-06, 3.19202581522e-06, 3.48226444657e-06, 3.74372405076e-07, 1.14961132169e-07, 8.93369076493e-08, 7.21226101064e-08, 9.3416559821e-08, 4.58070310572e-08, 2.29814354213e-08, 3.56505971411e-08, 1.6732743191e-08, 2.11716475462e-08, 2.5457664421e-08, 7.93089540707e-08, 9.73175176e-08, 9.71205622591e-08, 5.39207647421e-08, 3.17532951044e-08, 2.87674559729e-08, 6.37925312574e-09, 1.49912626757e-09],
        "dvar2": [1.28967712953e-06, 0.000375003466615, 0.000596205762122, 9.93163339444e-05, 0.000337075500283, 2.55292452493e-05, 7.59301656217e-06, 9.07558478502e-06, 8.28613735848e-07, 2.73356960179e-07, 2.10060221661e-07, 1.7386814477e-07, 2.53613336554e-07, 1.1574100256e-07, 5.94203370952e-08, 9.08552806322e-08, 4.20347419094e-08, 5.21921172947e-08, 6.31837338005e-08, 1.9129444695e-07, 2.38620998516e-07, 2.34361934304e-07, 1.19201743587e-07, 6.69204851533e-08, 6.1807007512e-08, 1.50593670867e-08, 3.35391803219e-09],
        "max": [0.0237343814224, 0.100060150027, 0.11382881552, 0.0707831606269, 0.100485637784, 0.0547331757843, 0.0450265109539, 0.0517006106675, 0.0124929873273, 0.00766129186377, 0.0105618145317, 0.0106478910893, 0.00579460104927, 0.00667141797021, 0.00231832358986, 0.00335175334476, 0.00171211373527, 0.00239816051908, 0.00283009419218, 0.00728129036725, 0.00881577376276, 0.00833208486438, 0.00271264859475, 0.00352622428909, 0.00397432316095, 0.000638904690277, 0.000384412007406],
        "mean": [0.000482645089505, 0.0124093899503, 0.00687295710668, 0.00477299746126, 0.0061143678613, 0.002083245432, 0.00101728003938, 0.000993043882772, 0.000511921010911, 0.000243340371526, 0.000164507495356, 0.000134243979119, 0.000129546882818, 9.42663682508e-05, 8.19797205622e-05, 9.04739426915e-05, 7.05264610588e-05, 8.25892711873e-05, 9.46970030782e-05, 0.000141138239997, 0.000125782811665, 0.000147430226207, 0.000131437336677, 9.71078989096e-05, 8.02772992756e-05, 3.96899922634e-05, 2.56988023466e-05],
        "median": [0.000191201514099, 0.00496158469468, 0.00277543021366, 0.00177674903534, 0.00236443337053, 0.000948535045609, 0.000351703492925, 0.000268360221526, 0.000235925064771, 0.000109757143946, 6.36949698674e-05, 4.11478322349e-05, 4.63877586299e-05, 2.93035845971e-05, 2.66784245468e-05, 2.76118043985e-05, 2.24124087254e-05, 2.48842588917e-05, 3.29087852151e-05, 4.17937080783e-05, 3.73660222976e-05, 3.38974568876e-05, 2.79204959952e-05, 1.71714527823e-05, 1.23262134366e-05, 9.43489885685e-06, 6.10974257143e-06],
        "min": [4.42015479186e-25, 1.03306739236e-24, 4.60851850577e-25, 4.41841732571e-25, 5.8938906341e-24, 5.40394174764e-24, 5.38963496627e-24, 3.80953040146e-24, 6.74799191391e-24, 1.28086516877e-23, 6.1810178598e-24, 1.40000154592e-23, 3.14533925932e-23, 3.36851179594e-23, 3.61832511196e-23, 4.22203878501e-23, 2.69531399219e-23, 5.67531147676e-23, 1.15520538525e-22, 1.4849710793e-22, 2.25763660703e-22, 2.8036830964e-22, 3.03568847702e-22, 4.81614552062e-22, 7.96348545741e-22, 1.22129804516e-21, 1.85430346152e-21],
        "var": [9.96978656076e-07, 0.00029253095272, 0.000184153555892, 5.14342100359e-05, 0.00010932211444, 1.05879353214e-05, 5.35354820386e-06, 6.73004387863e-06, 6.74167381476e-07, 2.03048557523e-07, 1.31868887365e-07, 1.03373842819e-07, 7.92212304646e-08, 4.77972221802e-08, 2.37723352114e-08, 3.39450600961e-08, 1.83129316156e-08, 2.47083491445e-08, 2.80990732904e-08, 9.40363165114e-08, 1.16671941441e-07, 1.38231030178e-07, 7.58182991945e-08, 4.81512643091e-08, 4.63788971672e-08, 7.23699145055e-09, 2.01486427542e-09]
    },
    "erbbands": {
        "dmean": [0.204095646739, 1.94144201279, 6.74288654327, 7.45069599152, 13.9868354797, 17.3196353912, 17.5066165924, 12.0547962189, 9.43137550354, 12.4629297256, 10.2799091339, 8.88580703735, 5.25947475433, 4.22467803955, 5.87022829056, 4.09396457672, 5.58278560638, 3.98088622093, 4.12984657288, 3.86201810837, 4.10621976852, 3.00351524353, 3.15503382683, 3.68691492081, 4.65094518661, 4.84584569931, 4.26576471329, 3.500644207, 4.00854873657, 3.46139645576, 2.9014878273, 1.72079491615, 1.19709730148, 0.864918768406, 0.442464262247, 0.170071557164, 0.0608782991767, 0.017629224807, 0.0044699436985, 0.000159616392921],
        "dmean2": [0.302350521088, 3.21345949173, 11.1670532227, 12.1430187225, 23.430683136, 29.4466838837, 31.1787834167, 19.9815406799, 15.129201889, 19.7455692291, 15.9240760803, 13.6872854233, 8.29753398895, 6.91876316071, 9.51435852051, 6.62906312943, 9.4736738205, 6.5337767601, 6.84600496292, 6.4534034729, 6.49320077896, 4.77254247665, 4.87437915802, 5.77799606323, 7.3310174942, 7.70502758026, 6.63346529007, 5.21477603912, 6.13862133026, 5.28504896164, 4.31188249588, 2.46709370613, 1.71612048149, 1.2516541481, 0.663597404957, 0.257587999105, 0.0932382792234, 0.0259458608925, 0.00655523687601, 0.000238774184254],
        "dvar": [0.11522655189, 10.1215162277, 260.41583252, 201.929000854, 906.754150391, 1752.02001953, 2000.47265625, 527.013427734, 668.644897461, 939.154846191, 880.344848633, 262.635742188, 115.573791504, 101.599555969, 195.865447998, 105.911247253, 204.625808716, 106.037902832, 90.3184661865, 90.1576385498, 92.2397155762, 41.835269928, 43.8682403564, 76.2478179932, 111.038551331, 169.426513672, 223.363250732, 115.042304993, 139.207626343, 64.277557373, 44.3505935669, 14.8230247498, 8.86749744415, 4.71253108978, 1.2789747715, 0.160999983549, 0.0185473263264, 0.00114521232899, 6.95369235473e-05, 7.88752956282e-08],
        "dvar2": [0.234017699957, 27.5485591888, 683.312133789, 478.398895264, 2306.82885742, 4694.56103516, 5637.17480469, 1336.56384277, 1695.67419434, 2363.16259766, 2063.86181641, 586.260498047, 277.292510986, 255.139816284, 455.15222168, 264.359283447, 552.044921875, 268.946105957, 233.87411499, 241.753143311, 224.546096802, 101.195137024, 102.410591125, 191.782363892, 284.590209961, 400.457427979, 562.34161377, 269.810211182, 341.160980225, 146.005142212, 99.6000289917, 31.5925331116, 18.6324005127, 10.0065107346, 2.91953277588, 0.379177004099, 0.045187227428, 0.00259785423987, 0.000152811597218, 1.78806786266e-07],
        "max": [3.14414381981, 24.5994720459, 127.549858093, 144.511505127, 389.702636719, 421.191467285, 546.648742676, 504.882080078, 877.95916748, 730.643859863, 1097.39904785, 336.247894287, 273.960418701, 400.93963623, 496.145080566, 303.839294434, 284.360687256, 309.354431152, 150.168563843, 145.004211426, 119.864212036, 80.7526779175, 142.507553101, 147.111099243, 141.647003174, 349.794830322, 438.711090088, 243.381744385, 304.602416992, 165.110916138, 64.9697647095, 63.8713378906, 80.38331604, 46.6085777283, 24.9563407898, 4.34739494324, 1.15083539486, 0.316267132759, 0.0791787356138, 0.00334697565995],
        "mean": [0.295114994049, 3.00994229317, 8.14297008514, 11.9192991257, 19.1500720978, 20.0177936554, 18.5147190094, 17.457408905, 15.3650655746, 19.359249115, 16.3756122589, 13.9407739639, 8.18838787079, 6.29595851898, 7.79814195633, 5.600025177, 6.28290510178, 4.85636615753, 4.80768299103, 4.41199302673, 4.87183761597, 3.75731706619, 4.30531311035, 4.64588785172, 5.74474525452, 6.41198348999, 5.78789281845, 4.80756950378, 5.41360759735, 4.56225347519, 3.59792399406, 2.21330714226, 1.49636554718, 1.02759480476, 0.509616374969, 0.192709907889, 0.0662745311856, 0.0208008363843, 0.00556001951918, 0.00022294028895],
        "median": [0.0899174138904, 1.14212012291, 3.81769824028, 6.03605747223, 7.11657905579, 7.45226669312, 7.98185920715, 7.52550601959, 6.304646492, 6.417719841, 5.49242305756, 6.82015228271, 3.69145607948, 3.03492736816, 3.06273555756, 2.0135436058, 2.30832648277, 1.78406774998, 1.56690108776, 1.56417298317, 1.46652150154, 1.23579990864, 1.43542611599, 1.59951663017, 1.84667158127, 1.95786988735, 1.63321959972, 1.32662606239, 1.16694664955, 1.13821828365, 0.72139787674, 0.415797531605, 0.261302828789, 0.154050737619, 0.0732572376728, 0.0384483747184, 0.0169104039669, 0.00603964645416, 0.00124789937399, 9.33284318307e-05],
        "min": [6.08308251391e-23, 4.71484770245e-22, 1.08562245129e-21, 2.98848601919e-21, 9.24420621099e-21, 1.51361919038e-20, 5.2029482815e-20, 6.47375522697e-20, 9.10257463399e-20, 2.01189789567e-19, 1.19342646099e-19, 2.12455317425e-19, 3.54494868955e-19, 5.86209975419e-19, 4.65992663371e-19, 8.28189876298e-19, 1.42622129665e-18, 2.00868445408e-18, 2.50185801389e-18, 2.70926073119e-18, 2.41859318625e-18, 3.0876714596e-18, 3.59990491508e-18, 6.79699768727e-18, 6.15987009226e-18, 8.27028163166e-18, 8.21245343504e-18, 9.66009726198e-18, 9.08990843086e-18, 1.04901084866e-17, 9.98737044416e-18, 1.07538211105e-17, 9.39380052584e-18, 8.07993413782e-18, 5.75542716278e-18, 3.87398004411e-18, 2.04943240503e-18, 8.86003287068e-19, 2.36368281754e-19, 2.58699298703e-20],
        "var": [0.215569898486, 17.8650093079, 228.786331177, 249.710494995, 970.532714844, 1424.78894043, 1402.8104248, 781.784362793, 1043.00817871, 1745.0357666, 1777.9498291, 476.844512939, 219.18081665, 160.015380859, 278.197021484, 139.448791504, 176.428512573, 111.577522278, 87.6404266357, 79.8072967529, 95.857093811, 48.8017311096, 59.1367149353, 77.8821716309, 115.52835083, 205.264724731, 246.029418945, 157.312530518, 188.130661011, 102.19467926, 59.9120559692, 22.2812995911, 13.6140909195, 7.52421283722, 1.87203538418, 0.19652621448, 0.0196227915585, 0.00144138454925, 9.5219562354e-05, 1.0388120586e-07]
    },
    "gfcc": {
        "mean": [-55.052947998, 98.8606414795, -65.9044189453, 31.1649456024, -51.6048660278, 4.34607076645, -26.9614505768, 0.414011508226, -20.0021286011, -1.24991774559, -14.9955196381, -3.81524515152, -12.2874889374],
        "cov": [[38033.1757812, -67.7269973755, -1408.65795898, 2454.26025391, -1515.64111328, 621.629089355, -835.37286377, 174.11857605, -811.395385742, 106.600669861, -625.309387207, -41.4456062317, -584.703735352], [-67.7269973755, 2807.54541016, -753.883544922, -442.800292969, 37.8360481262, -468.429290771, -73.0831298828, -200.390579224, 38.69921875, -291.428100586, 43.4964065552, -236.476486206, 72.8642959595], [-1408.65795898, -753.883544922, 1523.40856934, 18.1465034485, 330.076324463, 206.420349121, 231.834625244, 106.698478699, 121.250541687, 153.970443726, 41.641708374, 153.708999634, -26.2160148621], [2454.26025391, -442.800292969, 18.1465034485, 639.782287598, -21.8040885925, 157.840896606, 1.78015911579, 78.0099411011, -25.132686615, 41.4792785645, -40.774105072, 15.029009819, -46.8738822937], [-1515.64111328, 37.8360481262, 330.076324463, -21.8040885925, 510.440307617, 37.2568092346, 156.691497803, 34.149772644, 110.932090759, 9.15536689758, 44.6990089417, 43.444355011, 25.234752655], [621.629089355, -468.429290771, 206.420349121, 157.840896606, 37.2568092346, 251.088607788, 65.0964431763, 67.9726486206, 0.294487446547, 78.7728652954, -10.087061882, 55.8378334045, -8.69085597992], [-835.37286377, -73.0831298828, 231.834625244, 1.78015911579, 156.691497803, 65.0964431763, 192.066070557, 65.4925918579, 73.0201950073, 44.7861785889, 56.6510658264, 31.5656585693, 14.1159095764], [174.11857605, -200.390579224, 106.698478699, 78.0099411011, 34.149772644, 67.9726486206, 65.4925918579, 128.161804199, 47.4994697571, 55.0507087708, 16.4286994934, 35.2263259888, -3.7649641037], [-811.395385742, 38.69921875, 121.250541687, -25.132686615, 110.932090759, 0.294487446547, 73.0201950073, 47.4994697571, 117.781509399, 30.6249141693, 39.4465675354, 21.2926311493, 21.6275272369], [106.600669861, -291.428100586, 153.970443726, 41.4792785645, 9.15536689758, 78.7728652954, 44.7861785889, 55.0507087708, 30.6249141693, 115.902275085, 31.1164188385, 50.8321800232, -0.152258306742], [-625.309387207, 43.4964065552, 41.641708374, -40.774105072, 44.6990089417, -10.087061882, 56.6510658264, 16.4286994934, 39.4465675354, 31.1164188385, 87.7009353638, 28.4019355774, 16.8015975952], [-41.4456062317, -236.476486206, 153.708999634, 15.029009819, 43.444355011, 55.8378334045, 31.5656585693, 35.2263259888, 21.2926311493, 50.8321800232, 28.4019355774, 94.150932312, 16.5406131744], [-584.703735352, 72.8642959595, -26.2160148621, -46.8738822937, 25.234752655, -8.69085597992, 14.1159095764, -3.7649641037, 21.6275272369, -0.152258306742, 16.8015975952, 16.5406131744, 64.4937973022]],
        "icov": [[6.82373065501e-05, -0.000130404601805, 3.11357507599e-05, -0.000215286505409, 9.38554949244e-05, -0.000113836154924, 0.000101731682662, -0.000121822216897, 0.00027226205566, -0.000261414475972, 0.000338482495863, -0.000381365709472, 0.000458427966805], [-0.000130404601805, 0.00101163552608, 8.86545822141e-05, 0.000575645826757, -0.000286449125269, 0.000770161976106, -0.000279872387182, 0.000474726432003, -0.000989175518043, 0.00150759459939, -0.00131784181576, 0.00188670365606, -0.0013712302316], [3.11357507599e-05, 8.86545822141e-05, 0.00115973572247, 0.000104098297015, -0.000328220281517, -0.00019450232503, -0.000872038071975, 0.00042956485413, -0.000448112055892, -0.000631105154753, 0.00091267854441, -0.00133700645529, 0.00130126567092], [-0.000215286505409, 0.000575645826757, 0.000104098297015, 0.0028098069597, -0.000425575795816, -0.000714298570529, -3.94318340113e-05, -0.000601987761911, -0.00073062942829, 0.00106511369813, -0.000739042356145, 0.00147665583063, -0.000412589783082], [9.38554949244e-05, -0.000286449125269, -0.000328220281517, -0.000425575795816, 0.00337428902276, -0.000383886741474, -0.00177426345181, 0.000708432809915, -0.00174749642611, 0.0010685903253, 0.000836823426653, -0.00160868011881, 0.000572594348341], [-0.000113836154924, 0.000770161976106, -0.00019450232503, -0.000714298570529, -0.000383886741474, 0.00812926422805, -0.00265025254339, -0.000612156931311, 0.00153359246906, -0.00232224655338, 0.00218936544843, -0.000678384967614, -0.00162652158178], [0.000101731682662, -0.000279872387182, -0.000872038071975, -3.94318340113e-05, -0.00177426345181, -0.00265025254339, 0.0117550278082, -0.00361331948079, -0.00107882823795, 0.000137355891638, -0.00531775178388, 0.00242914725095, -0.000466873432742], [-0.000121822216897, 0.000474726432003, 0.00042956485413, -0.000601987761911, 0.000708432809915, -0.000612156931311, -0.00361331948079, 0.0139354970306, -0.00539491930977, -0.00206315540709, 0.00116073072422, -0.00167242321186, 0.00127180456184], [0.00027226205566, -0.000989175518043, -0.000448112055892, -0.00073062942829, -0.00174749642611, 0.00153359246906, -0.00107882823795, -0.00539491930977, 0.017168585211, -0.00394157972187, -0.000758240930736, -0.000454722467111, -0.00176818901673], [-0.000261414475972, 0.00150759459939, -0.000631105154753, 0.00106511369813, 0.0010685903253, -0.00232224655338, 0.000137355891638, -0.00206315540709, -0.00394157972187, 0.0187674760818, -0.00672218948603, -0.000879203085788, -0.00109441869427], [0.000338482495863, -0.00131784181576, 0.00091267854441, -0.000739042356145, 0.000836823426653, 0.00218936544843, -0.00531775178388, 0.00116073072422, -0.000758240930736, -0.00672218948603, 0.0216168127954, -0.00798368919641, 0.00224517006427], [-0.000381365709472, 0.00188670365606, -0.00133700645529, 0.00147665583063, -0.00160868011881, -0.000678384967614, 0.00242914725095, -0.00167242321186, -0.000454722467111, -0.000879203085788, -0.00798368919641, 0.0226129796356, -0.00871981773525], [0.000458427966805, -0.0013712302316, 0.00130126567092, -0.000412589783082, 0.000572594348341, -0.00162652158178, -0.000466873432742, 0.00127180456184, -0.00176818901673, -0.00109441869427, 0.00224517006427, -0.00871981773525, 0.0234148055315]]
    },
    "melbands": {
        "dmean": [0.00202100933529, 0.00300301797688, 0.00144263659604, 0.00108262465801, 0.000680741039105, 0.000267304159934, 0.000142352902913, 0.000145319369039, 7.88069155533e-05, 5.27217125637e-05, 2.59156877291e-05, 1.75131026481e-05, 1.81544910447e-05, 1.38622554005e-05, 1.05869357867e-05, 1.13163432616e-05, 7.4835597843e-06, 7.20542584531e-06, 4.55086865259e-06, 5.83500013818e-06, 4.84575639348e-06, 3.29160320689e-06, 2.81603615804e-06, 3.36071229867e-06, 3.02332205138e-06, 2.77473895949e-06, 4.05196442443e-06, 3.18960678669e-06, 2.85015448753e-06, 2.361271072e-06, 2.03293984669e-06, 2.49372692451e-06, 2.02170031116e-06, 2.00318254429e-06, 1.89517163562e-06, 1.24899872844e-06, 9.6831627161e-07, 8.79932088083e-07, 7.46129501294e-07, 7.53442634505e-07],
        "dmean2": [0.00312353274785, 0.00498855719343, 0.00228117476217, 0.0017944482388, 0.00121264974587, 0.000444329140009, 0.00022716919193, 0.000230171353905, 0.000121020297229, 8.1704070908e-05, 4.10304710385e-05, 2.88127685053e-05, 2.93908597087e-05, 2.20849306061e-05, 1.76758003363e-05, 1.92526949832e-05, 1.22737546917e-05, 1.19954602269e-05, 7.45540364733e-06, 9.75806960923e-06, 7.70899441704e-06, 5.34071386937e-06, 4.421452104e-06, 5.31030264028e-06, 4.793395874e-06, 4.42912732979e-06, 6.55430903862e-06, 5.09806250193e-06, 4.49927028967e-06, 3.66494691662e-06, 3.04904028781e-06, 3.88248008676e-06, 3.12603629027e-06, 3.09022107103e-06, 2.89828039968e-06, 1.78185075583e-06, 1.42688350024e-06, 1.2806082168e-06, 1.11936628855e-06, 1.11079521048e-06],
        "dvar": [1.00514216683e-05, 4.20552751166e-05, 7.02738134351e-06, 5.25939003637e-06, 3.06928382088e-06, 2.59258342794e-07, 1.50484027017e-07, 1.39259938692e-07, 4.4599708815e-08, 9.43400735309e-09, 2.97834046314e-09, 1.79106063314e-09, 1.63660074382e-09, 1.32701027944e-09, 6.71907363081e-10, 9.23233045569e-10, 4.19101753302e-10, 2.87455365067e-10, 1.00741026632e-10, 2.02461394871e-10, 1.38825687057e-10, 5.38560272767e-11, 3.3023323659e-11, 6.02204744404e-11, 5.11289274807e-11, 4.14736647802e-11, 8.72932143237e-11, 8.17755585469e-11, 1.09907978552e-10, 5.95887367227e-11, 3.92207238908e-11, 5.72028188706e-11, 3.17009682393e-11, 2.02770265856e-11, 2.07102442834e-11, 7.70330327304e-12, 4.9106573842e-12, 4.71274321651e-12, 3.81583263251e-12, 3.72762844897e-12],
        "dvar2": [2.35098596022e-05, 0.000114423855848, 1.528719622e-05, 1.32252343974e-05, 8.61725402501e-06, 6.66834750973e-07, 3.755067155e-07, 3.62384724895e-07, 1.0393840455e-07, 2.11622559476e-08, 7.12331793551e-09, 4.49901582655e-09, 3.82758669204e-09, 3.15629655745e-09, 1.77322811989e-09, 2.49561571408e-09, 1.05267305983e-09, 7.441282035e-10, 2.59816779202e-10, 5.49900125435e-10, 3.34072519648e-10, 1.33281913284e-10, 7.83529630066e-11, 1.50468040805e-10, 1.28024688073e-10, 1.07143786898e-10, 2.16416731758e-10, 1.95614524579e-10, 2.85914486531e-10, 1.40319228459e-10, 9.4351637614e-11, 1.45147172059e-10, 7.40815880862e-11, 4.55722126702e-11, 4.80270510861e-11, 1.63438845791e-11, 1.06429283789e-11, 9.61040101666e-12, 8.49132743286e-12, 8.03397973148e-12],
        "max": [0.0272676255554, 0.0564137287438, 0.0309774652123, 0.0223009753972, 0.0190139040351, 0.0103793609887, 0.0116065517068, 0.00830769445747, 0.00738183548674, 0.00217979121953, 0.00139026669785, 0.00148056237958, 0.00163733528461, 0.00142858712934, 0.000544386915863, 0.000627028231975, 0.000706097576767, 0.000248910626397, 0.000148074250319, 0.000278646446532, 0.000148015038576, 0.000103788835986, 0.000159353221534, 0.000106930157926, 0.000128928266349, 9.75779767032e-05, 0.000191461978829, 0.000259113323409, 0.000316984747769, 0.000223554103286, 0.000168599741301, 0.000198390640435, 0.000133317254949, 7.74842919782e-05, 4.4533117034e-05, 3.15874895023e-05, 4.86794961034e-05, 6.08149784966e-05, 5.33762577106e-05, 3.45423104591e-05],
        "mean": [0.00310047180392, 0.00426985695958, 0.00237546046264, 0.00143356435001, 0.000714868830983, 0.000383496546419, 0.000229907265748, 0.000222865666728, 0.000124758385937, 8.03709772299e-05, 3.83496189897e-05, 2.48108117376e-05, 2.37011117861e-05, 1.86090946954e-05, 1.26859076772e-05, 1.2342278751e-05, 8.84929522726e-06, 8.06827301858e-06, 5.42024054084e-06, 6.34187608739e-06, 5.62224613532e-06, 3.90750483348e-06, 3.63335107068e-06, 4.21044160248e-06, 3.66786593986e-06, 3.48259254679e-06, 4.74258013128e-06, 4.18187119067e-06, 3.80351912099e-06, 3.0081434943e-06, 2.7181877158e-06, 3.18087495543e-06, 2.69823249255e-06, 2.53482198787e-06, 2.22017592932e-06, 1.63805202646e-06, 1.21720529478e-06, 1.09396410153e-06, 9.01560667899e-07, 8.62068361585e-07],
        "median": [0.00122206867673, 0.00220886012539, 0.00122658128385, 0.000565738999285, 0.000300905317999, 0.000165775476489, 8.82679596543e-05, 6.7436194513e-05, 4.49899307569e-05, 3.71209389414e-05, 1.55011384777e-05, 1.10816235974e-05, 9.5519280876e-06, 5.94210541749e-06, 4.6154964366e-06, 4.38382721768e-06, 2.9136831472e-06, 2.45105138674e-06, 1.82596397735e-06, 2.16320336222e-06, 1.53792916535e-06, 1.22053791074e-06, 1.22122992252e-06, 1.21397079056e-06, 1.21870220937e-06, 1.14750662306e-06, 1.35967479764e-06, 1.19570222523e-06, 1.0078018704e-06, 8.33454237181e-07, 6.25394363851e-07, 6.58977000967e-07, 6.275316764e-07, 5.98722806444e-07, 4.17982846557e-07, 3.15521987204e-07, 2.24828369255e-07, 1.79779306109e-07, 1.58475501166e-07, 1.13516712474e-07],
        "min": [1.19447277091e-24, 1.02013825795e-24, 5.81693754862e-25, 8.96932384046e-25, 1.96418950108e-24, 1.23477104e-24, 1.30698810043e-24, 2.29311452184e-24, 8.54164388677e-25, 1.02398957549e-24, 1.17237884771e-24, 2.16213521258e-24, 1.46344998351e-24, 1.36837804493e-24, 1.56021195797e-24, 2.15410007261e-24, 2.65138240726e-24, 2.82602674535e-24, 2.96029008255e-24, 2.62295166302e-24, 2.50453792191e-24, 1.90031089763e-24, 4.05266364334e-24, 2.36582915628e-24, 4.74874937851e-24, 4.10589676608e-24, 4.10595356407e-24, 4.94206999852e-24, 4.13770915981e-24, 4.53602987997e-24, 4.41151449697e-24, 3.58135908994e-24, 4.70364783397e-24, 4.71758266743e-24, 4.7837112994e-24, 3.75548001882e-24, 5.67543966666e-24, 6.11134921453e-24, 5.05828853696e-24, 6.39116251634e-24],
        "var": [1.98512825591e-05, 4.42705495516e-05, 9.87266412267e-06, 5.28418104295e-06, 2.10580742532e-06, 3.67717774452e-07, 2.43722780624e-07, 2.61378772848e-07, 9.20260490034e-08, 1.69565623764e-08, 5.53012746707e-09, 2.65195754245e-09, 2.36673725063e-09, 1.86663973167e-09, 6.60470345082e-10, 7.86582132761e-10, 4.48729026159e-10, 2.70200556374e-10, 1.03860038625e-10, 1.69594824295e-10, 1.44795259116e-10, 5.80178440013e-11, 4.50584153322e-11, 6.79821407501e-11, 5.16923587268e-11, 4.24562572598e-11, 9.43905162365e-11, 9.81469419625e-11, 1.13878032004e-10, 7.22138182585e-11, 5.23664063501e-11, 6.93406651542e-11, 4.8464954272e-11, 2.98711611002e-11, 2.49711935157e-11, 1.20608740009e-11, 7.06560504549e-12, 7.13026209256e-12, 5.9667088978e-12, 5.57640782509e-12]
    },
    "mfcc": {
        "mean": [-696.538085938, 132.391830444, 36.1814880371, 33.8390731812, 3.69327759743, 8.36747646332, 1.29707348347, 2.56203484535, -1.23478662968, 2.39373469353, -1.00386059284, -1.95367598534, -0.612253069878],
        "cov": [[12548.8291016, -318.146087646, 328.395690918, 547.023864746, -160.444549561, 302.242828369, -18.4719524384, -2.85590362549, -142.931854248, 49.3195381165, -69.2850341797, -29.6741447449, -84.9325866699], [-318.146087646, 2496.00976562, -340.418182373, 74.804977417, 65.1249008179, -175.297836304, -62.7149124146, -28.4629917145, -24.8802928925, -53.804069519, -53.1654891968, -57.4691162109, -24.4435501099], [328.395690918, -340.418182373, 898.709594727, 100.734230042, 67.619354248, 131.290328979, 86.3319549561, 75.6498031616, 64.0139694214, 65.9923629761, 85.7652893066, 46.3790664673, 51.2060890198], [547.023864746, 74.804977417, 100.734230042, 266.485321045, 71.4381256104, 49.8919677734, 26.3661270142, 44.6542625427, 24.9360084534, 36.5256500244, 25.7350082397, 23.2521362305, 14.8147659302], [-160.444549561, 65.1249008179, 67.619354248, 71.4381256104, 225.566635132, 93.4630279541, 49.526927948, 65.8023376465, 56.399433136, 28.0692749023, 38.2541923523, 13.6269884109, 12.7309741974], [302.242828369, -175.297836304, 131.290328979, 49.8919677734, 93.4630279541, 198.424407959, 86.2132720947, 50.6558837891, 43.7786140442, 34.9306221008, 41.8605270386, 16.5627651215, 9.06986808777], [-18.4719524384, -62.7149124146, 86.3319549561, 26.3661270142, 49.526927948, 86.2132720947, 142.094284058, 60.2511787415, 34.3008537292, 52.3375091553, 37.4857711792, 29.786359787, 27.924282074], [-2.85590362549, -28.4629917145, 75.6498031616, 44.6542625427, 65.8023376465, 50.6558837891, 60.2511787415, 106.783401489, 52.5762290955, 33.495300293, 34.2360687256, 27.2652053833, 26.364528656], [-142.931854248, -24.8802928925, 64.0139694214, 24.9360084534, 56.399433136, 43.7786140442, 34.3008537292, 52.5762290955, 103.293479919, 33.1386299133, 33.5502891541, 27.9952335358, 16.6238174438], [49.3195381165, -53.804069519, 65.9923629761, 36.5256500244, 28.0692749023, 34.9306221008, 52.3375091553, 33.495300293, 33.1386299133, 92.5610809326, 42.0991821289, 26.2545413971, 18.1686840057], [-69.2850341797, -53.1654891968, 85.7652893066, 25.7350082397, 38.2541923523, 41.8605270386, 37.4857711792, 34.2360687256, 33.5502891541, 42.0991821289, 76.3295516968, 41.7394790649, 23.7979660034], [-29.6741447449, -57.4691162109, 46.3790664673, 23.2521362305, 13.6269884109, 16.5627651215, 29.786359787, 27.2652053833, 27.9952335358, 26.2545413971, 41.7394790649, 73.932220459, 39.6256752014], [-84.9325866699, -24.4435501099, 51.2060890198, 14.8147659302, 12.7309741974, 9.06986808777, 27.924282074, 26.364528656, 16.6238174438, 18.1686840057, 23.7979660034, 39.6256752014, 71.073387146]],
