{
"lowlevel": {
    "average_loudness": 0.92111492157,
    "barkbands_crest": {
        "dmean": 3.16530179977,
        "dmean2": 4.89866065979,
        "dvar": 9.01055908203,
        "dvar2": 19.3976039886,
        "max": 26.4547405243,
        "mean": 13.6304016113,
        "median": 12.5615987778,
        "min": 1.85911989212,
        "var": 35.2204627991
    },
    "barkbands_flatness_db": {
        "dmean": 0.0419989936054,
        "dmean2": 0.0595329925418,
        "dvar": 0.00187659007497,
        "dvar2": 0.00332413660362,
        "max": 0.642409265041,
        "mean": 0.193333655596,
        "median": 0.180349647999,
        "min": 0.0135944401845,
        "var": 0.00922067370266
    },
    "barkbands_kurtosis": {
        "dmean": 15.1851177216,
        "dmean2": 23.4367351532,
        "dvar": 1597.52001953,
        "dvar2": 3586.05322266,
        "max": 1478.9329834,
        "mean": 25.8867588043,
        "median": 8.59345817566,
        "min": -1.87747228146,
        "var": 4038.28662109
    },
    "barkbands_skewness": {
        "dmean": 1.12961995602,
        "dmean2": 1.68409144878,
        "dvar": 1.89848864079,
        "dvar2": 3.93804502487,
        "max": 30.1081104279,
        "mean": 3.19479203224,
        "median": 2.69232439995,
        "min": -8.14029026031,
        "var": 8.32661628723
    },
    "barkbands_spread": {
        "dmean": 7.29916620255,
        "dmean2": 11.0623397827,
        "dvar": 99.3727340698,
        "dvar2": 213.43196106,
        "max": 99.6289367676,
        "mean": 16.4019451141,
        "median": 11.0339202881,
        "min": 0.0518447831273,
        "var": 256.369354248
    },
    "dissonance": {
        "dmean": 0.0221224073321,
        "dmean2": 0.0363348573446,
        "dvar": 0.000622236810159,
        "dvar2": 0.00160063523799,
        "max": 0.500000119209,
        "mean": 0.461609363556,
        "median": 0.472132116556,
        "min": 0.232638821006,
        "var": 0.00123871082906
    },
    "dynamic_complexity": 3.87325811386,
    "erbbands_crest": {
        "dmean": 2.88580799103,
        "dmean2": 4.51007032394,
        "dvar": 10.2217550278,
        "dvar2": 22.3098144531,
        "max": 34.3462867737,
        "mean": 9.84627532959,
        "median": 7.8341383934,
        "min": 2.06684446335,
        "var": 41.8094215393
    },
    "erbbands_flatness_db": {
        "dmean": 0.0262654945254,
        "dmean2": 0.0373508967459,
        "dvar": 0.000858260027599,
        "dvar2": 0.00163736310787,
        "max": 0.458179861307,
        "mean": 0.148494824767,
        "median": 0.135138437152,
        "min": 0.0456042252481,
        "var": 0.00435876473784
    },
    "erbbands_kurtosis": {
        "dmean": 1.82234203815,
        "dmean2": 2.83163428307,
        "dvar": 14.5134487152,
        "dvar2": 33.3610992432,
        "max": 88.931427002,
        "mean": 1.51553404331,
        "median": -0.182866573334,
        "min": -1.84637629986,
        "var": 30.3691215515
    },
    "erbbands_skewness": {
        "dmean": 0.502840816975,
        "dmean2": 0.75530564785,
        "dvar": 0.346865862608,
        "dvar2": 0.743753433228,
        "max": 7.8766579628,
        "mean": 0.485754847527,
        "median": 0.367978662252,
        "min": -6.40781736374,
        "var": 1.20520138741
    },
    "erbbands_spread": {
        "dmean": 12.6350975037,
        "dmean2": 18.5779647827,
        "dvar": 198.240158081,
        "dvar2": 395.419799805,
        "max": 189.031280518,
        "mean": 47.5627708435,
        "median": 41.7944564819,
        "min": 1.0674289465,
        "var": 733.712341309
    },
    "hfc": {
        "dmean": 11.4996194839,
        "dmean2": 16.6287937164,
        "dvar": 346.352996826,
        "dvar2": 759.30645752,
        "max": 214.917053223,
        "mean": 19.1807632446,
        "median": 11.0460443497,
        "min": 1.18921268507e-16,
        "var": 672.888549805
    },
    "melbands_crest": {
        "dmean": 3.76162862778,
        "dmean2": 5.70700263977,
        "dvar": 12.1351156235,
        "dvar2": 26.3513202667,
        "max": 35.9953765869,
        "mean": 18.8808631897,
        "median": 18.0605964661,
        "min": 1.83126068115,
        "var": 55.5595932007
    },
    "melbands_flatness_db": {
        "dmean": 0.0481139905751,
        "dmean2": 0.06809656322,
        "dvar": 0.0024269905407,
        "dvar2": 0.00426575215533,
        "max": 0.791249811649,
        "mean": 0.281470358372,
        "median": 0.270632714033,
        "min": 0.00631065946072,
        "var": 0.0139754097909
    },
    "melbands_kurtosis": {
        "dmean": 28.632818222,
        "dmean2": 44.7096443176,
        "dvar": 3955.32104492,
        "dvar2": 9527.70410156,
        "max": 2050.53051758,
        "mean": 55.5502929688,
        "median": 27.7630195618,
        "min": -1.82627403736,
        "var": 9186.74316406
    },
    "melbands_skewness": {
        "dmean": 1.41042602062,
        "dmean2": 2.11937904358,
        "dvar": 2.67377185822,
        "dvar2": 6.04634952545,
        "max": 32.8382949829,
        "mean": 4.75873851776,
        "median": 4.27201318741,
        "min": -4.74434375763,
        "var": 11.6518640518
    },
    "melbands_spread": {
        "dmean": 6.76197624207,
        "dmean2": 10.6165370941,
        "dvar": 133.367340088,
        "dvar2": 292.565917969,
        "max": 241.538803101,
        "mean": 15.1301021576,
        "median": 8.46400928497,
        "min": 0.11823027581,
        "var": 427.188995361
    },
    "pitch_salience": {
        "dmean": 0.102913431823,
        "dmean2": 0.158611252904,
        "dvar": 0.00913783721626,
        "dvar2": 0.0196828823537,
        "max": 0.934948682785,
        "mean": 0.487729936838,
        "median": 0.508968651295,
        "min": 0.0259275957942,
        "var": 0.0333060473204
    },
    "silence_rate_20dB": {
        "dmean": 0,
        "dmean2": 0,
        "dvar": 0,
        "dvar2": 0,
        "max": 1,
        "mean": 1,
        "median": 1,
        "min": 1,
        "var": 0
    },
    "silence_rate_30dB": {
        "dmean": 0.0923694744706,
        "dmean2": 0.184753790498,
        "dvar": 0.0838457345963,
        "dvar2": 0.167188882828,
        "max": 1,
        "mean": 0.825154602528,
        "median": 1,
        "min": 0,
        "var": 0.14425817132
    },
    "silence_rate_60dB": {
        "dmean": 0.0581526122987,
        "dmean2": 0.116314560175,
        "dvar": 0.0547686554492,
        "dvar2": 0.11645219475,
        "max": 1,
        "mean": 0.128584042192,
        "median": 0,
        "min": 0,
        "var": 0.112045712769
    },
    "spectral_centroid": {
        "dmean": 301.479919434,
        "dmean2": 453.86138916,
        "dvar": 153514.140625,
        "dvar2": 305744.90625,
        "max": 11279.7587891,
        "mean": 1054.58447266,
        "median": 815.576477051,
        "min": 63.7776641846,
        "var": 639971.3125
    },
    "spectral_complexity": {
        "dmean": 5.44032144547,
        "dmean2": 8.03534412384,
        "dvar": 42.243850708,
        "dvar2": 92.2759933472,
        "max": 52,
        "mean": 12.5373868942,
        "median": 11,
        "min": 0,
        "var": 93.3679199219
    },
    "spectral_decrease": {
        "dmean": 6.83683420988e-09,
        "dmean2": 9.97037563621e-09,
        "dvar": 9.16567999477e-17,
        "dvar2": 1.99890286136e-16,
        "max": 7.37295705798e-22,
        "mean": -1.42727936137e-08,
        "median": -9.54370893425e-09,
        "min": -8.95230414244e-08,
        "var": 2.40973514895e-16
    },
    "spectral_energy": {
        "dmean": 0.0265183262527,
        "dmean2": 0.0386777743697,
        "dvar": 0.0013504086528,
        "dvar2": 0.00294577842578,
        "max": 0.344990432262,
        "mean": 0.0556085109711,
        "median": 0.0379204973578,
        "min": 1.08313808218e-20,
        "var": 0.0035308576189
    },
    "spectral_energyband_high": {
        "dmean": 0.000815025647171,
        "dmean2": 0.00116894429084,
        "dvar": 3.13561099574e-06,
        "dvar2": 6.5622607508e-06,
        "max": 0.0289576686919,
        "mean": 0.00110160303302,
        "median": 0.000154259789269,
        "min": 7.96524038894e-21,
        "var": 7.36310948923e-06
    },
    "spectral_energyband_low": {
        "dmean": 0.0226670149714,
        "dmean2": 0.0334088355303,
        "dvar": 0.00120992434677,
        "dvar2": 0.00271210609935,
        "max": 0.307359427214,
        "mean": 0.0417680218816,
        "median": 0.0212751962245,
        "min": 2.88899291283e-23,
        "var": 0.00287521490827
    },
    "spectral_energyband_middle_high": {
        "dmean": 0.00145898829214,
        "dmean2": 0.00221472978592,
        "dvar": 3.96927089241e-06,
        "dvar2": 9.15787768463e-06,
        "max": 0.0401698760688,
        "mean": 0.00275576906279,
        "median": 0.00145875534508,
        "min": 1.72903689361e-21,
        "var": 1.20565728139e-05
    },
    "spectral_energyband_middle_low": {
        "dmean": 0.00880654063076,
        "dmean2": 0.0150846131146,
        "dvar": 0.000422361394158,
        "dvar2": 0.00117183395196,
        "max": 0.207649305463,
        "mean": 0.0116034252569,
        "median": 0.0066644679755,
        "min": 1.98390401862e-22,
        "var": 0.000336245808285
    },
    "spectral_entropy": {
        "dmean": 0.315519452095,
        "dmean2": 0.451948165894,
        "dvar": 0.130263373256,
        "dvar2": 0.24922016263,
        "max": 9.8029756546,
        "mean": 7.40295982361,
        "median": 7.49582386017,
        "min": 4.62844228745,
        "var": 0.49240475893
    },
    "spectral_flux": {
        "dmean": 0.0495471395552,
        "dmean2": 0.0733582600951,
        "dvar": 0.00330748874694,
        "dvar2": 0.00584046309814,
        "max": 0.570020496845,
        "mean": 0.109326511621,
        "median": 0.0877809002995,
        "min": 1.04073923091e-10,
        "var": 0.00797827541828
    },
    "spectral_kurtosis": {
        "dmean": 2.70590019226,
        "dmean2": 4.25511407852,
        "dvar": 23.8842086792,
        "dvar2": 55.9450302124,
        "max": 110.988433838,
        "mean": 5.6667714119,
        "median": 3.85197687149,
        "min": -1.19656264782,
        "var": 43.3531646729
    },
    "spectral_rms": {
        "dmean": 0.00168734788895,
        "dmean2": 0.00237041665241,
        "dvar": 3.37828328156e-06,
        "dvar2": 6.7593946369e-06,
        "max": 0.0183460079134,
        "mean": 0.00624007405713,
        "median": 0.00608240161091,
        "min": 3.25072304144e-12,
        "var": 1.53136188601e-05
    },
    "spectral_rolloff": {
        "dmean": 464.757751465,
        "dmean2": 780.076538086,
        "dvar": 972504.25,
        "dvar2": 2284901,
        "max": 18453.9550781,
        "mean": 965.72668457,
        "median": 301.46484375,
        "min": 64.599609375,
        "var": 2210367
    },
    "spectral_skewness": {
        "dmean": 0.346308410168,
        "dmean2": 0.524636626244,
        "dvar": 0.230927363038,
        "dvar2": 0.492094576359,
        "max": 8.8575630188,
        "mean": 1.74247896671,
        "median": 1.60390377045,
        "min": -0.307252049446,
        "var": 0.548261702061
    },
    "spectral_spread": {
        "dmean": 834724.0625,
        "dmean2": 1193571.125,
        "dvar": 1.39818578739e+12,
        "dvar2": 2.47427497984e+12,
        "max": 40328836,
        "mean": 5298329.5,
        "median": 4898702.5,
        "min": 811193,
        "var": 5.07558546637e+12
    },
    "spectral_strongpeak": {
        "dmean": 0.334072858095,
        "dmean2": 0.549450337887,
        "dvar": 0.512016296387,
        "dvar2": 1.32967472076,
        "max": 13.4970436096,
        "mean": 0.666780412197,
        "median": 0.444204449654,
        "min": 0,
        "var": 0.963912785053
    },
    "zerocrossingrate": {
        "dmean": 0.0141612151638,
        "dmean2": 0.0158232301474,
        "dvar": 0.000274833233561,
        "dvar2": 0.00032572253258,
        "max": 0.4990234375,
        "mean": 0.048330001533,
        "median": 0.03564453125,
        "min": 0.001953125,
        "var": 0.00198945426382
    },
    "barkbands": {
        "dmean": [0.00121669925284, 0.017462907359, 0.00752178346738, 0.00356310792267, 0.00486478162929, 0.000906126748305, 0.000314656295814, 0.000236043604673, 0.000314911390888, 0.000205569594982, 0.00023923626577, 0.000287328060949, 0.000275765749393, 0.00014457872021, 0.000223461494897, 0.000143461904372, 0.000118749150715, 0.000112625544716, 0.000142022850923, 9.39855162869e-05, 7.81974813435e-05, 0.000149378553033, 0.000165121760801, 0.000124248981592, 0.000214875326492, 9.19488811633e-05, 5.42915267943e-06],
        "dmean2": [0.00190753827337, 0.0256200004369, 0.0126145333052, 0.00637940084562, 0.00855549331754, 0.00148003757931, 0.000535168743227, 0.000383295380743, 0.000496558321174, 0.000324157153955, 0.000376537063858, 0.000451392610557, 0.000431124790339, 0.000233270722674, 0.000363957107766, 0.000229911107454, 0.000194894964807, 0.00018231550348, 0.00022498134058, 0.000146242586197, 0.000119435237139, 0.000228608143516, 0.000243398404564, 0.00017612685042, 0.00030575087294, 0.00014141772408, 8.18841908767e-06],
        "dvar": [4.75643582831e-06, 0.00086428708164, 0.000326349487295, 9.48269589571e-05, 0.000142643475556, 2.35024708672e-06, 3.64864916946e-07, 1.96864746727e-07, 8.31808392832e-07, 1.94857278757e-07, 3.82196844839e-07, 9.55830728344e-07, 6.06108130796e-07, 1.85561390253e-07, 2.97646437275e-07, 1.23150968534e-07, 6.05371113238e-08, 8.60489137722e-08, 7.91373508946e-08, 5.80233461278e-08, 6.46149231898e-08, 1.4516427882e-07, 4.48166474598e-07, 8.12528355709e-08, 2.78507087614e-07, 5.73757112932e-08, 1.60082780365e-10],
        "dvar2": [1.16667906696e-05, 0.00189628743101, 0.000886063033249, 0.00027147232322, 0.00040286971489, 6.07320544077e-06, 9.69647430793e-07, 4.84087991026e-07, 2.10894950214e-06, 4.24614228223e-07, 8.80973630046e-07, 2.29582451539e-06, 1.46339687035e-06, 4.85819555252e-07, 7.86471218817e-07, 3.17054826837e-07, 1.59428324764e-07, 2.11505906123e-07, 1.9393323214e-07, 1.33529965751e-07, 1.23329499502e-07, 3.54075154974e-07, 9.30714577407e-07, 1.6260041491e-07, 5.73422880734e-07, 1.36459547662e-07, 3.51908918672e-10],
        "max": [0.01879879646, 0.268781006336, 0.198656827211, 0.128162831068, 0.1305051893, 0.0235066153109, 0.0101620163769, 0.00904915295541, 0.0281895548105, 0.0112610012293, 0.0197733603418, 0.0278104804456, 0.0177842155099, 0.0158487837762, 0.0117170680314, 0.0144266588613, 0.00554376607761, 0.00842386577278, 0.00609219260514, 0.00698892958462, 0.0101361759007, 0.0104529140517, 0.0205550100654, 0.00682410225272, 0.00420738663524, 0.00180384970736, 0.000138646471896],
        "mean": [0.00173601985443, 0.030201094225, 0.00824616570026, 0.00347905606031, 0.00555778807029, 0.00137238833122, 0.00035746282083, 0.000292881391943, 0.000471230392577, 0.000299598381389, 0.000344835250871, 0.000467303645564, 0.00046933023259, 0.000213884544792, 0.000323550280882, 0.000178800706635, 0.000129475913127, 0.000136051035952, 0.000171778694494, 0.000126396902488, 0.000112405636173, 0.00019537920889, 0.000230439400184, 0.000160604380653, 0.000243293048698, 8.59700812725e-05, 5.24259030499e-06],
        "median": [0.000397183262976, 0.00878775678575, 0.002485222416, 0.00101223227102, 0.00238324934617, 0.000673626724165, 0.000150787163875, 9.50714675128e-05, 0.000127754276036, 9.20703168958e-05, 9.17589131859e-05, 7.80333066359e-05, 7.73974825279e-05, 4.85122982354e-05, 7.15191854397e-05, 4.92538201797e-05, 4.64750373794e-05, 3.89290034946e-05, 5.90565359744e-05, 3.67601642211e-05, 2.84531161014e-05, 2.79648738797e-05, 2.32249039982e-05, 1.84019463632e-05, 1.46110005517e-05, 6.43839803161e-06, 3.42570473322e-07],
        "min": [1.51633186594e-23, 6.21407744262e-24, 1.71847542186e-23, 1.31063938257e-23, 4.91342645906e-23, 4.82657539775e-23, 2.24888498415e-23, 1.71690148658e-23, 4.08609659402e-23, 5.57658585002e-23, 6.09079946683e-23, 6.12743353618e-23, 8.87581293929e-23, 1.21258056417e-22, 1.25786850076e-22, 2.62789686638e-22, 1.53399443005e-22, 3.35499791444e-22, 2.95819860719e-22, 3.92227599553e-22, 4.06066214071e-22, 4.06895212219e-22, 6.83075541355e-22, 1.04625432888e-21, 1.18586256476e-21, 1.9602425586e-21, 2.19758846444e-21],
        "var": [6.43647581455e-06, 0.00208482635207, 0.00026981101837, 6.26985056442e-05, 0.0001080092552, 4.23440724262e-06, 3.4895631984e-07, 2.80211111203e-07, 1.52551831434e-06, 6.08807681601e-07, 8.01601402145e-07, 2.48525202551e-06, 1.6375551013e-06, 5.02162436078e-07, 7.60798343435e-07, 1.63131574027e-07, 5.45446283695e-08, 1.33142350478e-07, 9.91456943211e-08, 1.08260245213e-07, 1.30987658054e-07, 2.93695933351e-07, 1.1634144812e-06, 1.72031008105e-07, 3.81507220482e-07, 5.64664155434e-08, 1.82750162225e-10]
    },
    "erbbands": {
        "dmean": [0.584467887878, 3.86569142342, 8.47399234772, 9.99958610535, 17.1823501587, 14.0433254242, 9.07761001587, 7.18088245392, 4.62838315964, 5.34485960007, 4.51734304428, 8.08524608612, 5.31720066071, 6.91361808777, 11.2258787155, 13.0898170471, 13.0662002563, 8.1677312851, 12.1591062546, 8.56256103516, 7.2167634964, 6.1895236969, 6.25594186783, 7.05571985245, 6.66564893723, 4.13518238068, 3.56092739105, 3.39978957176, 5.61838102341, 4.82886743546, 5.02515983582, 2.53226780891, 2.13513469696, 1.94447898865, 1.82262945175, 0.651632428169, 0.147835820913, 0.0155423283577, 0.000935194548219, 5.40467881365e-05],
        "dmean2": [0.799429893494, 5.97353410721, 13.938246727, 17.1527862549, 30.8155822754, 24.0854434967, 14.8974637985, 11.8526391983, 7.72598028183, 8.92479515076, 7.34055328369, 12.6510772705, 8.71191215515, 10.9347219467, 17.60389328, 20.388879776, 20.3062286377, 12.9315490723, 19.7675666809, 13.6921253204, 11.5739202499, 10.1051311493, 10.1514406204, 11.3256950378, 10.5666694641, 6.47081041336, 5.4740447998, 5.04324388504, 8.52405357361, 7.63173103333, 7.37081050873, 3.42709684372, 3.05366420746, 2.71734333038, 2.65780687332, 1.01812124252, 0.225011736155, 0.0230384282768, 0.00141262763645, 7.89737678133e-05],
        "dvar": [0.938537895679, 50.2814445496, 381.436065674, 602.46661377, 2402.40209961, 921.625854492, 278.681152344, 157.318069458, 74.3391952515, 103.81854248, 66.4410095215, 537.995483398, 149.272781372, 251.466842651, 976.548828125, 2334.47705078, 1352.02380371, 487.723449707, 1054.84191895, 349.306182861, 179.341171265, 145.453536987, 310.024383545, 201.44744873, 208.542282104, 108.883003235, 119.764709473, 103.493270874, 152.909988403, 245.429824829, 599.220947266, 45.6475257874, 22.4790267944, 20.8499488831, 22.1410293579, 3.12685966492, 0.142703250051, 0.00131084222812, 4.74037460663e-06, 6.29989882484e-09],
        "dvar2": [1.60965526104, 119.126403809, 1013.76611328, 1667.10998535, 6835.15380859, 2554.80126953, 707.199707031, 416.032318115, 193.669128418, 264.721893311, 170.237442017, 1313.71850586, 396.718505859, 561.735290527, 2305.79492188, 5598.63330078, 3330.82983398, 1249.10546875, 2823.38183594, 916.623596191, 448.255310059, 379.433044434, 767.560546875, 537.273376465, 504.251617432, 257.169921875, 242.171096802, 189.905227661, 362.511138916, 565.531860352, 1270.63793945, 81.5355529785, 44.5258750916, 44.234287262, 46.658367157, 7.55365657806, 0.330563008785, 0.00273369136266, 1.04778137029e-05, 1.42593172825e-08],
        "max": [9.74734687805, 60.8002586365, 191.130844116, 322.834136963, 555.187744141, 326.365600586, 265.487518311, 266.44934082, 161.461364746, 131.499710083, 235.821411133, 661.851989746, 386.131103516, 418.666717529, 1037.28161621, 1372.01245117, 957.444213867, 835.182189941, 705.12121582, 731.656188965, 337.199188232, 238.879104614, 548.202819824, 278.494567871, 312.962188721, 363.993652344, 462.215332031, 335.001281738, 214.309814453, 489.715759277, 822.527770996, 243.759643555, 67.5218887329, 51.9110717773, 36.2098960876, 13.4780511856, 2.85741209984, 0.290103942156, 0.0224849898368, 0.00105127831921],
        "mean": [1.1508949995, 5.63911771774, 9.90196037292, 10.7107477188, 16.2682495117, 17.9539318085, 14.3345766068, 10.5930080414, 5.78242588043, 6.24158191681, 6.15233516693, 12.4660768509, 7.07289075851, 10.6921367645, 17.8293437958, 22.5830554962, 22.8551101685, 13.4806518555, 18.3213787079, 11.1202278137, 8.7402009964, 6.91856956482, 7.49319887161, 8.44755077362, 8.42330646515, 5.60696697235, 5.07595252991, 4.89629364014, 7.024310112, 5.99997806549, 7.00509262085, 3.73160529137, 2.71539926529, 2.39650893211, 1.86626493931, 0.598782718182, 0.137853562832, 0.0154998349026, 0.000924747670069, 9.00903760339e-05],
        "median": [0.246312141418, 2.01656889915, 3.90807962418, 3.86053037643, 5.59144639969, 7.40159082413, 7.02663946152, 4.99597978592, 2.63736772537, 2.08863210678, 2.62695121765, 3.25572609901, 2.94081926346, 3.44043850899, 5.50650215149, 4.27277946472, 4.06670427322, 4.36773872375, 3.89264631271, 3.87517786026, 2.95187592506, 2.45792722702, 2.20429229736, 2.79954695702, 2.95710420609, 1.76024997234, 1.15977621078, 1.12925875187, 1.03614604473, 0.78995347023, 0.67569899559, 0.367394536734, 0.3012547791, 0.179318025708, 0.0978217571974, 0.0363102667034, 0.00973671115935, 0.00144601310603, 8.22000874905e-05, 5.36920306331e-05],
        "min": [1.70274919573e-22, 1.81900167095e-21, 1.82096864829e-20, 2.94107491838e-20, 1.65483439827e-19, 9.0358961218e-20, 3.26336994668e-19, 3.17841927326e-19, 2.76635718316e-19, 3.79195205828e-19, 6.04586361414e-19, 8.04087952898e-19, 1.30020301866e-18, 2.03470610859e-18, 3.33888373009e-18, 1.947240651e-18, 3.48929845947e-18, 6.68588582431e-18, 7.02604978915e-18, 6.65393183724e-18, 1.440011266e-17, 1.11737153602e-17, 1.84348134835e-17, 1.26099076988e-17, 1.65114928279e-17, 1.94381008485e-17, 1.5934517807e-17, 1.49611379843e-17, 1.54966712564e-17, 1.91902312148e-17, 1.9720090028e-17, 2.33780382067e-17, 1.52019997438e-17, 1.0647689702e-17, 8.97594610351e-18, 6.63807023541e-18, 4.03033082837e-18, 1.46412995014e-18, 3.06768021026e-19, 3.23521872862e-20],
        "var": [3.31211948395, 81.529838562, 332.724151611, 447.205047607, 1542.80175781, 886.090759277, 527.632080078, 254.979766846, 82.4022369385, 129.983673096, 91.3168945312, 1162.67346191, 205.625778198, 828.280151367, 2098.10766602, 6236.89453125, 3596.87841797, 1359.58496094, 2649.30249023, 404.835845947, 232.382659912, 140.818786621, 458.06161499, 225.627593994, 284.317382812, 189.25579834, 270.617248535, 233.917861938, 273.519470215, 445.808685303, 1445.63171387, 153.022644043, 42.1573104858, 33.2703819275, 26.1883563995, 2.95563292503, 0.145272344351, 0.00154219241813, 5.46973615201e-06, 1.09355626776e-08]
    },
    "gfcc": {
        "mean": [-41.3500671387, 95.2771530151, -89.3500823975, 41.2532539368, -42.9602775574, 21.159236908, -32.4854011536, 5.46070480347, -25.7700004578, 2.24621653557, -13.263004303, 1.68955397606, -8.81181526184],
        "cov": [[15158.4873047, -2296.35107422, 1826.38696289, 1050.71057129, -215.840927124, 1500.34228516, -379.173248291, 573.84197998, -105.7526474, 460.685668945, -151.312042236, 419.481842041, -292.686035156], [-2296.35107422, 2677.27416992, 82.2161102295, -103.788848877, 541.349731445, -612.117248535, 298.193023682, -348.786437988, 196.589111328, -282.035339355, 205.220657349, -165.264205933, 218.620910645], [1826.38696289, 82.2161102295, 1796.95507812, 601.62298584, 217.104492188, 461.058380127, 4.93162059784, 99.9854507446, 56.7229919434, 95.1326217651, 33.494972229, 104.860794067, 37.8109283447], [1050.71057129, -103.788848877, 601.62298584, 499.820770264, 149.323913574, 244.725997925, 31.5142345428, 44.890247345, 45.8327522278, 68.141998291, 34.9192810059, 17.856502533, 17.310136795], [-215.840927124, 541.349731445, 217.104492188, 149.323913574, 379.975097656, 26.3898677826, 146.873413086, -62.3259849548, 85.925491333, -4.09479808807, 93.6605300903, -31.6818294525, 47.5393714905], [1500.34228516, -612.117248535, 461.058380127, 244.725997925, 26.3898677826, 546.622924805, 36.0090789795, 151.552734375, 11.1959352493, 129.366851807, 25.8446655273, 88.7174911499, -61.8709373474], [-379.173248291, 298.193023682, 4.93162059784, 31.5142345428, 146.873413086, 36.0090789795, 251.113388062, 43.1649780273, 89.9028930664, -37.5749588013, 71.5085983276, 2.5830104351, 36.2689208984], [573.84197998, -348.786437988, 99.9854507446, 44.890247345, -62.3259849548, 151.552734375, 43.1649780273, 220.12260437, 45.0437698364, 43.4958686829, -39.1815872192, 45.6336326599, -11.3326654434], [-105.7526474, 196.589111328, 56.7229919434, 45.8327522278, 85.925491333, 11.1959352493, 89.9028930664, 45.0437698364, 166.647232056, 23.441701889, 41.3592262268, -13.098865509, 44.8072929382], [460.685668945, -282.035339355, 95.1326217651, 68.141998291, -4.09479808807, 129.366851807, -37.5749588013, 43.4958686829, 23.441701889, 140.823852539, 19.2487831116, 16.1407680511, -22.266330719], [-151.312042236, 205.220657349, 33.494972229, 34.9192810059, 93.6605300903, 25.8446655273, 71.5085983276, -39.1815872192, 41.3592262268, 19.2487831116, 136.098861694, 38.8702468872, 26.1579284668], [419.481842041, -165.264205933, 104.860794067, 17.856502533, -31.6818294525, 88.7174911499, 2.5830104351, 45.6336326599, -13.098865509, 16.1407680511, 38.8702468872, 112.994346619, 7.09312486649], [-292.686035156, 218.620910645, 37.8109283447, 17.310136795, 47.5393714905, -61.8709373474, 36.2689208984, -11.3326654434, 44.8072929382, -22.266330719, 26.1579284668, 7.09312486649, 97.3789672852]],
        "icov": [[0.000119218646432, -8.27320691315e-05, 3.24195243593e-05, -0.000202013237868, 2.63217098109e-05, -0.000224730072659, 0.000217425767914, -0.000115236805868, -2.09147910937e-05, -0.000123285819427, 0.000276341597782, -0.000432306958828, 0.000256053637713], [-8.27320691315e-05, 0.00175952143036, -0.000713555258699, 0.000916089105885, -0.00120383687317, 0.00144308106974, -0.000635252450593, 0.000874366611242, -0.000878106395248, 0.00208788877353, -0.00207110820338, 0.0019606994465, -0.000946747430135], [3.24195243593e-05, -0.000713555258699, 0.00140865845606, -0.0013599533122, -3.38443760484e-06, -0.00111221440602, 0.000765437842347, -0.000300545070786, 0.000124468453578, -0.000535862287506, 0.00135997252073, -0.00165352446493, -5.55509031983e-05], [-0.000202013237868, 0.000916089105885, -0.0013599533122, 0.00471774628386, -0.00140212767292, -0.000101283694676, -0.000256403785897, 0.000288483919576, -0.000249523320235, 0.00072995654773, -0.00177623261698, 0.00276459660381, -0.0016677218955], [2.63217098109e-05, -0.00120383687317, -3.38443760484e-06, -0.00140212767292, 0.0061942753382, -0.00100524618756, -0.00225157779641, 0.00139979261439, -0.000121829310956, -0.00177380652167, -0.000192338004126, 0.000682424171828, 2.36027772189e-05], [-0.000224730072659, 0.00144308106974, -0.00111221440602, -0.000101283694676, -0.00100524618756, 0.00587341049686, -0.00199626456015, -0.000691407418344, 0.000104899918369, -0.000808876007795, -0.00198225071654, 0.000126835788251, 0.00171016424429], [0.000217425767914, -0.000635252450593, 0.000765437842347, -0.000256403785897, -0.00225157779641, -0.00199626456015, 0.00952251069248, -0.0040299850516, -0.00184134929441, 0.00394104328007, -0.00328354490921, 0.000277024199022, 0.000253481906839], [-0.000115236805868, 0.000874366611242, -0.000300545070786, 0.000288483919576, 0.00139979261439, -0.000691407418344, -0.0040299850516, 0.0105751631781, -0.00372356409207, -0.0012426340254, 0.00521064922214, -0.00332726212218, -0.000363048806321], [-2.09147910937e-05, -0.000878106395248, 0.000124468453578, -0.000249523320235, -0.000121829310956, 0.000104899918369, -0.00184134929441, -0.00372356409207, 0.0111710028723, -0.00357369869016, -0.00172864983324, 0.0027608810924, -0.00341089232825], [-0.000123285819427, 0.00208788877353, -0.000535862287506, 0.00072995654773, -0.00177380652167, -0.000808876007795, 0.00394104328007, -0.0012426340254, -0.00357369869016, 0.0148958247155, -0.00666498905048, 0.00417490722612, 0.000296551850624], [0.000276341597782, -0.00207110820338, 0.00135997252073, -0.00177623261698, -0.000192338004126, -0.00198225071654, -0.00328354490921, 0.00521064922214, -0.00172864983324, -0.00666498905048, 0.0192092098296, -0.0114748319611, 0.000879096798599], [-0.000432306958828, 0.0019606994465, -0.00165352446493, 0.00276459660381, 0.000682424171828, 0.000126835788251, 0.000277024199022, -0.00332726212218, 0.0027608810924, 0.00417490722612, -0.0114748319611, 0.0198325086385, -0.00497158104554], [0.000256053637713, -0.000946747430135, -5.55509031983e-05, -0.0016677218955, 2.36027772189e-05, 0.00171016424429, 0.000253481906839, -0.000363048806321, -0.00341089232825, 0.000296551850624, 0.000879096798599, -0.00497158104554, 0.0161839388311]]
    },
    "melbands": {
        "dmean": [0.0049149361439, 0.00443857489154, 0.00189113919623, 0.00120998511557, 0.00035674314131, 0.000159534756676, 6.80671510054e-05, 5.7596287661e-05, 3.84443628718e-05, 4.93495354021e-05, 2.60344622802e-05, 2.8267448215e-05, 3.41542145179e-05, 3.4898683225e-05, 2.8798574931e-05, 2.65822982328e-05, 1.4897865185e-05, 1.91925264517e-05, 1.34417141453e-05, 1.17980025607e-05, 8.05564104667e-06, 6.68060056341e-06, 6.22831157671e-06, 5.36415700481e-06, 5.91608659306e-06, 5.29295721208e-06, 3.89900742448e-06, 2.71383578365e-06, 2.31645617532e-06, 2.12111740439e-06, 1.98260045181e-06, 3.74635101252e-06, 2.67096129392e-06, 2.77394383374e-06, 3.32937997882e-06, 2.12209192796e-06, 1.37018560054e-06, 1.39286100875e-06, 1.80883967005e-06, 1.52618781613e-06],
        "dmean2": [0.00695098331198, 0.00707068387419, 0.00324550108053, 0.00213788612746, 0.000587343820371, 0.000262343441136, 0.000113585287181, 9.56817093538e-05, 6.1661543441e-05, 7.79912443249e-05, 4.27651539212e-05, 4.47616221209e-05, 5.39448701602e-05, 5.36806510354e-05, 4.57579044451e-05, 4.15163522121e-05, 2.37708645727e-05, 3.13340060529e-05, 2.18101722567e-05, 1.87897858268e-05, 1.31029855766e-05, 1.09256534415e-05, 1.03012944237e-05, 8.71693646332e-06, 9.64406262938e-06, 8.43792804517e-06, 6.16583156443e-06, 4.30586942457e-06, 3.60130388799e-06, 3.32062904818e-06, 2.99467296827e-06, 5.78747039981e-06, 4.21495133196e-06, 4.50208608527e-06, 5.14421572007e-06, 2.98412714983e-06, 1.94336075765e-06, 2.01133366318e-06, 2.71437920674e-06, 2.20002584683e-06],
        "dvar": [6.58938661218e-05, 7.80311384005e-05, 2.24584910029e-05, 9.90571788861e-06, 3.79337564027e-07, 7.39649621551e-08, 1.59494426555e-08, 1.20999432696e-08, 4.89930007674e-09, 2.32813874845e-08, 3.72231356849e-09, 4.67105509827e-09, 7.75797470709e-09, 1.08832187706e-08, 6.45226183593e-09, 6.79435885331e-09, 2.23783858111e-09, 2.58245846929e-09, 8.41022529396e-10, 9.63217505756e-10, 2.18560849974e-10, 1.77473119534e-10, 2.95064223055e-10, 1.53328405528e-10, 1.55067653163e-10, 1.67740238366e-10, 6.06043132345e-11, 7.96262222824e-11, 5.33035664219e-11, 6.2881450047e-11, 4.03850390629e-11, 7.09167585766e-11, 8.25614368538e-11, 9.38336353062e-11, 2.96773161601e-10, 7.35701291554e-11, 1.07255497886e-11, 9.3106772292e-12, 1.93455026304e-11, 1.28503032867e-11],
        "dvar2": [0.000130552187329, 0.000196149296244, 6.16694305791e-05, 2.80097501673e-05, 9.83746645034e-07, 1.95328738073e-07, 4.14307983476e-08, 3.04893461589e-08, 1.2260263027e-08, 5.90830815383e-08, 9.84358727862e-09, 1.02425961046e-08, 1.82723844944e-08, 2.50831142523e-08, 1.66170490701e-08, 1.60828506068e-08, 5.86736748076e-09, 6.86860390786e-09, 2.0743142759e-09, 2.49810061526e-09, 5.57829560321e-10, 4.64263627542e-10, 7.27425009117e-10, 3.94722199371e-10, 4.20826012926e-10, 3.71785852105e-10, 1.54204871095e-10, 1.9086648928e-10, 1.10641128204e-10, 1.24701637905e-10, 7.75582029156e-11, 1.65341906833e-10, 2.15870071818e-10, 2.25210433635e-10, 6.29380492168e-10, 1.57425086855e-10, 1.95891098481e-11, 1.79236174513e-11, 4.59856666635e-11, 2.46161823564e-11],
        "max": [0.0761368572712, 0.0774374380708, 0.0555770248175, 0.0317895412445, 0.00762806506827, 0.00532966013998, 0.00238654878922, 0.00162160547916, 0.00191103352699, 0.0047644097358, 0.00191472936422, 0.0018557375297, 0.00280086905695, 0.00253326492384, 0.00212919223122, 0.00208158581518, 0.0019172282191, 0.0010855961591, 0.000531382800546, 0.00131506554317, 0.000216740329051, 0.000298488885164, 0.000511088292114, 0.00034143999801, 0.000247811811278, 0.000411718385294, 0.000174282089574, 0.000343456631526, 0.000243583213887, 0.000345113541698, 0.000172940417542, 0.000155412752065, 0.000294578552712, 0.000272189325187, 0.000583734130487, 0.000287615432171, 9.5100258477e-05, 4.55756744486e-05, 8.59421561472e-05, 3.83791411878e-05],
        "mean": [0.00914617069066, 0.0059669604525, 0.00205767084844, 0.00131462083664, 0.000562829663977, 0.000237523287069, 8.2186270447e-05, 6.80773955537e-05, 5.52661404072e-05, 7.39560782677e-05, 3.32723102474e-05, 4.24236714025e-05, 5.07724325871e-05, 5.90878771618e-05, 4.9480702728e-05, 4.49452345492e-05, 2.26701431529e-05, 2.8179561923e-05, 1.85274220712e-05, 1.50515261339e-05, 9.07937737793e-06, 7.16629210729e-06, 7.03109390088e-06, 6.44437659503e-06, 6.79450931784e-06, 6.3403290369e-06, 4.93373045174e-06, 3.55943302566e-06, 3.18301681546e-06, 2.95578274745e-06, 2.78902848549e-06, 4.48071477877e-06, 3.1477804896e-06, 3.28818487105e-06, 4.37954349763e-06, 3.15718716593e-06, 1.91341791833e-06, 1.74793422048e-06, 2.12376062336e-06, 1.9328901999e-06],
        "median": [0.00257192878053, 0.00288641126826, 0.000786654418334, 0.000535428873263, 0.000273752928479, 0.00011359553173, 3.55596603185e-05, 2.23228180403e-05, 2.22321596084e-05, 1.86799607036e-05, 1.33121202452e-05, 1.20335616884e-05, 1.51481062858e-05, 1.1382275261e-05, 8.6703685156e-06, 7.39788765713e-06, 5.60701164432e-06, 5.53596146347e-06, 4.69322412755e-06, 4.21942831963e-06, 3.0660048651e-06, 2.39871951635e-06, 2.05931860364e-06, 1.89107618098e-06, 2.17017077375e-06, 1.86762815702e-06, 1.74356375737e-06, 9.75705461315e-07, 6.75120702454e-07, 7.02406509845e-07, 6.10671236245e-07, 6.5357329504e-07, 4.14376984281e-07, 4.30105757232e-07, 4.32273168371e-07, 2.71532798024e-07, 2.00840815978e-07, 2.03784807695e-07, 1.94880897197e-07, 1.31867523123e-07],
        "min": [1.75717918613e-24, 6.82537680213e-24, 9.52395241861e-24, 9.76978908681e-24, 9.49692052197e-24, 7.84636712846e-24, 4.3925786798e-24, 3.68664677724e-24, 6.02785538746e-24, 4.88405480097e-24, 6.95241654003e-24, 8.47209002076e-24, 9.6131260442e-24, 7.94430657642e-24, 4.18945094101e-24, 1.13465603199e-23, 1.18078293793e-23, 1.16990257389e-23, 7.43512289451e-24, 1.10486249109e-23, 1.8582557367e-23, 8.0230625049e-24, 2.05649884876e-23, 1.28673027071e-23, 9.28838119737e-24, 1.41703605053e-23, 1.07438240455e-23, 1.3444860908e-23, 8.77965663251e-24, 1.20029123145e-23, 6.84799344428e-24, 9.36095482293e-24, 7.28176754568e-24, 1.1533051771e-23, 1.14515632284e-23, 1.09258623768e-23, 1.60048723176e-23, 1.17836145049e-23, 7.56317079665e-24, 9.33093077688e-24],
        "var": [0.000196359484107, 8.7254535174e-05, 1.66130212165e-05, 7.12789096724e-06, 6.81168785377e-07, 1.22474446584e-07, 1.7208174441e-08, 1.60185962272e-08, 9.32611943227e-09, 4.1714493193e-08, 5.04040587046e-09, 1.55275206026e-08, 1.60175730457e-08, 2.92067134922e-08, 1.70135781019e-08, 1.77844654559e-08, 6.12058981275e-09, 6.14909190233e-09, 1.98282346098e-09, 1.30518984509e-09, 2.30476956964e-10, 1.6343289222e-10, 3.96516708356e-10, 2.15949258475e-10, 1.57770005393e-10, 2.27188975965e-10, 9.66920571388e-11, 1.23110077688e-10, 1.1252854204e-10, 1.2289212703e-10, 8.67843297225e-11, 1.15944844004e-10, 1.01096908622e-10, 1.41961956079e-10, 6.23586793314e-10, 2.12328848948e-10, 2.74544189466e-11, 1.68972301429e-11, 3.10656535218e-11, 2.07606327962e-11]
    },
    "mfcc": {
        "mean": [-691.209228516, 122.86756897, 20.9735279083, 29.2237319946, 15.7363853455, 16.0758800507, 8.38808727264, 7.10040616989, -1.271276474, 1.73376381397, -0.476066976786, -3.60775923729, 0.445660352707],
        "cov": [[11744.9589844, -1209.01733398, 563.485839844, 127.787399292, 271.751434326, 403.574890137, 184.165359497, 204.862045288, 96.8895645142, 16.3474140167, 176.716934204, 155.635726929, 187.3800354], [-1209.01733398, 2195.40478516, 60.2648277283, 417.854095459, 210.560195923, 65.6290283203, 28.9146709442, 39.6940765381, -29.6240634918, -20.5263290405, -50.7407684326, -7.25423526764, -2.75366711617], [563.485839844, 60.2648277283, 1123.35620117, 311.718170166, 291.790252686, 274.400970459, 118.786514282, 62.2785606384, 71.772315979, 12.8690671921, 42.9181518555, -1.90085399151, 58.317363739], [127.787399292, 417.854095459, 311.718170166, 433.627716064, 211.082717896, 141.980514526, 82.0329589844, 28.7942352295, 37.5861206055, 22.3951053619, 8.34797859192, 20.7238330841, 21.8100070953], [271.751434326, 210.560195923, 291.790252686, 211.082717896, 252.764785767, 159.517684937, 79.5151290894, 16.4053325653, 27.3070831299, 22.3862743378, 34.7252693176, 14.3544149399, 26.1209564209], [403.574890137, 65.6290283203, 274.400970459, 141.980514526, 159.517684937, 297.807861328, 146.3881073, 66.8415145874, 16.5199985504, 33.6385421753, 70.0043334961, 73.8766174316, 49.9727401733], [184.165359497, 28.9146709442, 118.786514282, 82.0329589844, 79.5151290894, 146.3881073, 172.846038818, 83.4228134155, 33.5646743774, 16.0052566528, 43.8254508972, 72.2722396851, 37.0435180664], [204.862045288, 39.6940765381, 62.2785606384, 28.7942352295, 16.4053325653, 66.8415145874, 83.4228134155, 177.870758057, 74.0972213745, 16.02368927, 22.9655780792, 65.9385070801, 43.5102119446], [96.8895645142, -29.6240634918, 71.772315979, 37.5861206055, 27.3070831299, 16.5199985504, 33.5646743774, 74.0972213745, 143.963989258, 71.309928894, 23.3970336914, 5.85070419312, 8.55919456482], [16.3474140167, -20.5263290405, 12.8690671921, 22.3951053619, 22.3862743378, 33.6385421753, 16.0052566528, 16.02368927, 71.309928894, 116.222503662, 52.8309173584, -6.21476888657, -17.2520771027], [176.716934204, -50.7407684326, 42.9181518555, 8.34797859192, 34.7252693176, 70.0043334961, 43.8254508972, 22.9655780792, 23.3970336914, 52.8309173584, 100.125793457, 56.7386741638, 7.81673955917], [155.635726929, -7.25423526764, -1.90085399151, 20.7238330841, 14.3544149399, 73.8766174316, 72.2722396851, 65.9385070801, 5.85070419312, -6.21476888657, 56.7386741638, 145.565093994, 60.9739456177], [187.3800354, -2.75366711617, 58.317363739, 21.8100070953, 26.1209564209, 49.9727401733, 37.0435180664, 43.5102119446, 8.55919456482, -17.2520771027, 7.81673955917, 60.9739456177, 107.580795288]],
