{
"lowlevel": {
    "average_loudness": 0.895896196365,
    "barkbands_crest": {
        "dmean": 1.82158493996,
        "dmean2": 2.86158752441,
        "dvar": 2.93939447403,
        "dvar2": 7.77483224869,
        "max": 25.1669483185,
        "mean": 11.9274997711,
        "median": 11.2131557465,
        "min": 3.75965929031,
        "var": 17.6902923584
    },
    "barkbands_flatness_db": {
        "dmean": 0.0164482779801,
        "dmean2": 0.0245840232819,
        "dvar": 0.000285134621663,
        "dvar2": 0.000615758472122,
        "max": 0.480182915926,
        "mean": 0.239818096161,
        "median": 0.237796634436,
        "min": 0.0448753461242,
        "var": 0.00316125713289
    },
    "barkbands_kurtosis": {
        "dmean": 3.13239765167,
        "dmean2": 4.89688634872,
        "dvar": 20.8321933746,
        "dvar2": 52.128238678,
        "max": 156.300079346,
        "mean": 7.82973337173,
        "median": 5.13978052139,
        "min": -1.7209841013,
        "var": 85.5578155518
    },
    "barkbands_skewness": {
        "dmean": 0.451446831226,
        "dmean2": 0.707545995712,
        "dvar": 0.204365089536,
        "dvar2": 0.50986546278,
        "max": 10.4712276459,
        "mean": 1.67125463486,
        "median": 1.61784589291,
        "min": -5.27011442184,
        "var": 1.37906610966
    },
    "barkbands_spread": {
        "dmean": 1.60930776596,
        "dmean2": 2.45917320251,
        "dvar": 8.97202396393,
        "dvar2": 17.2185840607,
        "max": 113.079284668,
        "mean": 7.03122234344,
        "median": 5.55082798004,
        "min": 0.317400753498,
        "var": 38.9613685608
    },
    "dissonance": {
        "dmean": 0.0314030535519,
        "dmean2": 0.0525161772966,
        "dvar": 0.000823765120003,
        "dvar2": 0.0021877870895,
        "max": 0.500000119209,
        "mean": 0.408029288054,
        "median": 0.414661169052,
        "min": 0.175890594721,
        "var": 0.00259952060878
    },
    "dynamic_complexity": 2.92879199982,
    "erbbands_crest": {
        "dmean": 2.14920592308,
        "dmean2": 3.3474214077,
        "dvar": 4.21058607101,
        "dvar2": 10.6864175797,
        "max": 34.1606330872,
        "mean": 11.7164096832,
        "median": 10.5154781342,
        "min": 2.7091217041,
        "var": 26.6080303192
    },
    "erbbands_flatness_db": {
        "dmean": 0.0149218467996,
        "dmean2": 0.0217743199319,
        "dvar": 0.000260178028839,
        "dvar2": 0.000532598758582,
        "max": 0.559682071209,
        "mean": 0.257157355547,
        "median": 0.257178366184,
        "min": 0.0557629428804,
        "var": 0.00295158685185
    },
    "erbbands_kurtosis": {
        "dmean": 1.40589356422,
        "dmean2": 2.16722846031,
        "dvar": 6.33501243591,
        "dvar2": 14.2723388672,
        "max": 174.409957886,
        "mean": 2.46485328674,
        "median": 1.06083035469,
        "min": -1.83249652386,
        "var": 33.2487640381
    },
    "erbbands_skewness": {
        "dmean": 0.335950523615,
        "dmean2": 0.506953179836,
        "dvar": 0.0995090007782,
        "dvar2": 0.230600312352,
        "max": 8.50838947296,
        "mean": 0.973306536674,
        "median": 0.954595148563,
        "min": -4.01850557327,
        "var": 0.77876740694
    },
    "erbbands_spread": {
        "dmean": 3.50584197044,
        "dmean2": 5.33531856537,
        "dvar": 28.898853302,
        "dvar2": 56.3025131226,
        "max": 158.223754883,
        "mean": 19.0962276459,
        "median": 17.0671463013,
        "min": 0.510811209679,
        "var": 141.266067505
    },
    "hfc": {
        "dmean": 2.1760494709,
        "dmean2": 3.22239995003,
        "dvar": 8.48076915741,
        "dvar2": 18.3566246033,
        "max": 117.423995972,
        "mean": 11.4466409683,
        "median": 10.2255659103,
        "min": 1.05860146192e-16,
        "var": 61.3621101379
    },
    "melbands_crest": {
        "dmean": 2.20488595963,
        "dmean2": 3.46189785004,
        "dvar": 4.37365436554,
        "dvar2": 11.4923448563,
        "max": 34.1184577942,
        "mean": 14.9436655045,
        "median": 14.2430610657,
        "min": 1.56635034084,
        "var": 27.5552692413
    },
    "melbands_flatness_db": {
        "dmean": 0.0175515469164,
        "dmean2": 0.0259262081236,
        "dvar": 0.000350131856976,
        "dvar2": 0.000725738005713,
        "max": 0.569921076298,
        "mean": 0.337583065033,
        "median": 0.33712553978,
        "min": 0.00292412587442,
        "var": 0.00540957227349
    },
    "melbands_kurtosis": {
        "dmean": 3.90112948418,
        "dmean2": 5.969622612,
        "dvar": 39.4119262695,
        "dvar2": 90.5445098877,
        "max": 229.623214722,
        "mean": 10.7585058212,
        "median": 7.31398153305,
        "min": -1.88638198376,
        "var": 163.293792725
    },
    "melbands_skewness": {
        "dmean": 0.448391884565,
        "dmean2": 0.686410069466,
        "dvar": 0.207661420107,
        "dvar2": 0.482829749584,
        "max": 11.4192943573,
        "mean": 2.10258936882,
        "median": 1.95508289337,
        "min": -3.27012848854,
        "var": 1.6502918005
    },
    "melbands_spread": {
        "dmean": 1.965695858,
        "dmean2": 3.05007719994,
        "dvar": 11.5369520187,
        "dvar2": 26.9202785492,
        "max": 166.608215332,
        "mean": 9.96757698059,
        "median": 6.88428068161,
        "min": 0.679246544838,
        "var": 249.207427979
    },
    "pitch_salience": {
        "dmean": 0.0540818534791,
        "dmean2": 0.0867692232132,
        "dvar": 0.00236684898846,
        "dvar2": 0.00628909654915,
        "max": 0.840815067291,
        "mean": 0.552129149437,
        "median": 0.560483455658,
        "min": 0.102705009282,
        "var": 0.0123892026022
    },
    "silence_rate_20dB": {
        "dmean": 0,
        "dmean2": 0,
        "dvar": 0,
        "dvar2": 0,
        "max": 1,
        "mean": 1,
        "median": 1,
        "min": 1,
        "var": 0
    },
    "silence_rate_30dB": {
        "dmean": 0.00228424579836,
        "dmean2": 0.00456881802529,
        "dvar": 0.00227935472503,
        "dvar2": 0.00540416035801,
        "max": 1,
        "mean": 0.996716618538,
        "median": 1,
        "min": 0,
        "var": 0.00327314226888
    },
    "silence_rate_60dB": {
        "dmean": 0.00499678775668,
        "dmean2": 0.00999428890646,
        "dvar": 0.00497249793261,
        "dvar2": 0.0113224470988,
        "max": 1,
        "mean": 0.0621698796749,
        "median": 0,
        "min": 0,
        "var": 0.0583033747971
    },
    "spectral_centroid": {
        "dmean": 64.7302017212,
        "dmean2": 101.01348114,
        "dvar": 18560.2773438,
        "dvar2": 36333.4609375,
        "max": 11973.8330078,
        "mean": 658.336425781,
        "median": 470.58215332,
        "min": 167.102050781,
        "var": 1549067.625
    },
    "spectral_complexity": {
        "dmean": 1.33828258514,
        "dmean2": 2.21273565292,
        "dvar": 1.58584713936,
        "dvar2": 3.85364222527,
        "max": 31,
        "mean": 11.4363307953,
        "median": 12,
        "min": 0,
        "var": 17.1690788269
    },
    "spectral_decrease": {
        "dmean": 1.47757217572e-09,
        "dmean2": 2.24346163868e-09,
        "dvar": 3.49149793272e-18,
        "dvar2": 9.05046432335e-18,
        "max": 2.22475266047e-28,
        "mean": -7.56398055302e-09,
        "median": -6.89102641616e-09,
        "min": -5.49534071581e-08,
        "var": 2.47319360004e-17
    },
    "spectral_energy": {
        "dmean": 0.00574031332508,
        "dmean2": 0.00871319137514,
        "dvar": 5.22178852407e-05,
        "dvar2": 0.000135010632221,
        "max": 0.216884717345,
        "mean": 0.0295864325017,
        "median": 0.0269851218909,
        "min": 9.91846907794e-21,
        "var": 0.000373821647372
    },
    "spectral_energyband_high": {
        "dmean": 2.59933494817e-05,
        "dmean2": 3.55989068339e-05,
        "dvar": 4.13961807055e-08,
        "dvar2": 7.26895947878e-08,
        "max": 0.0120757855475,
        "mean": 5.11697398906e-05,
        "median": 1.11992430902e-05,
        "min": 6.6101905103e-21,
        "var": 1.07104746405e-07
    },
    "spectral_energyband_low": {
        "dmean": 0.00150870485231,
        "dmean2": 0.00230347202159,
        "dvar": 7.78478533903e-06,
        "dvar2": 1.96762775886e-05,
        "max": 0.0682806223631,
        "mean": 0.00431907176971,
        "median": 0.00257362728007,
        "min": 1.08143032453e-23,
        "var": 3.35370059474e-05
    },
    "spectral_energyband_middle_high": {
        "dmean": 0.000828955322504,
        "dmean2": 0.00125322677195,
        "dvar": 1.790877036e-06,
        "dvar2": 4.36244408775e-06,
        "max": 0.0300729423761,
        "mean": 0.00250956625678,
        "median": 0.00162570725661,
        "min": 1.10904795986e-21,
        "var": 7.54805068937e-06
    },
    "spectral_energyband_middle_low": {
        "dmean": 0.00511615211144,
        "dmean2": 0.00779481884092,
        "dvar": 4.55706904177e-05,
        "dvar2": 0.000120714110381,
        "max": 0.212073892355,
        "mean": 0.0240357331932,
        "median": 0.0210800655186,
        "min": 1.5721428599e-22,
        "var": 0.000303113192786
    },
    "spectral_entropy": {
        "dmean": 0.135469689965,
        "dmean2": 0.201719239354,
        "dvar": 0.0253663528711,
        "dvar2": 0.050838585943,
        "max": 9.82025527954,
        "mean": 6.24953508377,
        "median": 6.23945808411,
        "min": 4.11638975143,
        "var": 0.3844845891
    },
    "spectral_flux": {
        "dmean": 0.0137908635661,
        "dmean2": 0.0224968977273,
        "dvar": 0.00021784294222,
        "dvar2": 0.000553966674488,
        "max": 0.298060059547,
        "mean": 0.0521780401468,
        "median": 0.0490963384509,
        "min": 6.36114771968e-11,
        "var": 0.000806753407232
    },
    "spectral_kurtosis": {
        "dmean": 9.10420036316,
        "dmean2": 15.4934186935,
        "dvar": 89.3640136719,
        "dvar2": 244.369812012,
        "max": 137.367340088,
        "mean": 25.1171131134,
        "median": 20.274394989,
        "min": -1.26378297806,
        "var": 320.261108398
    },
    "spectral_rms": {
        "dmean": 0.000496399588883,
        "dmean2": 0.000747107027564,
        "dvar": 2.7320285767e-07,
        "dvar2": 7.0473828373e-07,
        "max": 0.0145463002846,
        "mean": 0.00502446293831,
        "median": 0.00513097923249,
        "min": 3.11071611178e-12,
        "var": 3.6194378481e-06
    },
    "spectral_rolloff": {
        "dmean": 118.60333252,
        "dmean2": 204.586715698,
        "dvar": 141722.9375,
        "dvar2": 282869.25,
        "max": 19789.0136719,
        "mean": 879.580322266,
        "median": 538.330078125,
        "min": 21.533203125,
        "var": 4740068
    },
    "spectral_skewness": {
        "dmean": 0.625198125839,
        "dmean2": 1.05570650101,
        "dvar": 0.341478049755,
        "dvar2": 0.935798764229,
        "max": 9.71376037598,
        "mean": 3.51743817329,
        "median": 3.30905199051,
        "min": -0.0937235429883,
        "var": 1.71254992485
    },
    "spectral_spread": {
        "dmean": 351087.96875,
        "dmean2": 561626.5625,
        "dvar": 450248736768,
        "dvar2": 841742614528,
        "max": 43010984,
        "mean": 2750220.5,
        "median": 2012176.375,
        "min": 641518.25,
        "var": 2.13037235569e+13
    },
    "spectral_strongpeak": {
        "dmean": 0.309933155775,
        "dmean2": 0.510352492332,
        "dvar": 0.223501965404,
        "dvar2": 0.57335048914,
        "max": 6.47866010666,
        "mean": 1.11061739922,
        "median": 0.960727095604,
        "min": 0,
        "var": 0.604038894176
    },
    "zerocrossingrate": {
        "dmean": 0.00339545262977,
        "dmean2": 0.00427877018228,
        "dvar": 4.60412557004e-05,
        "dvar2": 5.54483922315e-05,
        "max": 0.5302734375,
        "mean": 0.031681124121,
        "median": 0.02294921875,
        "min": 0.0048828125,
        "var": 0.00329622556455
    },
    "barkbands": {
        "dmean": [0.000255265127635, 0.00022473919671, 0.000928955851123, 0.00132272450719, 0.00281065399759, 0.00147359166294, 0.00131586403586, 0.000642257626168, 0.000328531808918, 0.000167666003108, 0.000444302131655, 0.000274501711829, 8.88209251571e-05, 0.000106066232547, 6.1298647779e-05, 0.000102111625893, 4.0753504436e-05, 1.9060977138e-05, 1.04610016933e-05, 1.10285600385e-05, 6.66244659442e-06, 5.0891326282e-06, 3.39639905178e-06, 4.81966480947e-06, 4.49994104201e-06, 2.62655930783e-06, 5.51248035663e-07],
        "dmean2": [0.000416022958234, 0.000302734872093, 0.00144920381717, 0.00204326631501, 0.0044734980911, 0.0022594796028, 0.0017530733021, 0.000919129641261, 0.000433957553469, 0.000232747028349, 0.000662482518237, 0.00044813886052, 0.000137563474709, 0.000168174316059, 0.000100859942904, 0.000168897357071, 6.89521548338e-05, 3.11806143145e-05, 1.70683651959e-05, 1.80536189873e-05, 1.03519878394e-05, 7.62493573347e-06, 4.89048352392e-06, 6.80029279465e-06, 6.15277349425e-06, 3.59774617209e-06, 8.05582260455e-07],
        "dvar": [1.73524313141e-06, 3.00985959711e-07, 3.91063986172e-06, 5.93421100348e-06, 2.15571035369e-05, 7.4500089795e-06, 7.87482258602e-06, 1.76401090357e-06, 6.19308025307e-07, 2.13065021626e-07, 9.48017600422e-07, 4.08582764067e-07, 7.94381875835e-08, 1.37696659408e-07, 2.32514860699e-08, 5.7805060294e-08, 1.53598609387e-08, 3.16612935869e-09, 1.90183691018e-09, 2.3448860631e-09, 4.56573445717e-09, 1.49877910083e-09, 8.87458606602e-10, 2.86180168452e-09, 2.01672878397e-09, 4.72636318971e-10, 2.25826961298e-11],
        "dvar2": [4.22912989961e-06, 5.12889243964e-07, 1.01558543975e-05, 1.47819810081e-05, 6.31056973361e-05, 2.08487035707e-05, 1.64792472788e-05, 3.61706975127e-06, 1.12329826152e-06, 3.28643210423e-07, 2.31831882047e-06, 1.07993741949e-06, 1.92007505007e-07, 3.57873489065e-07, 6.15003088456e-08, 1.51833390305e-07, 4.43369572167e-08, 8.04481192773e-09, 4.70181404921e-09, 5.3026600888e-09, 1.07033804042e-08, 3.4849672037e-09, 1.75244518896e-09, 5.25878984803e-09, 3.03624969611e-09, 7.81817166562e-10, 4.59961374544e-11],
        "max": [0.106017589569, 0.0187705159187, 0.0489457882941, 0.0834822505713, 0.100204430521, 0.0630523487926, 0.144630402327, 0.0520260035992, 0.0441335514188, 0.0272083207965, 0.0221700761467, 0.0202638246119, 0.0106587577611, 0.00997694488615, 0.00384854362346, 0.00611428637058, 0.00497116753832, 0.00248365174048, 0.00243882602081, 0.00324300606735, 0.00410228408873, 0.00261372025125, 0.00167223217431, 0.00523864664137, 0.00382725195959, 0.00148336321581, 0.000178805916221],
        "mean": [0.000283344852505, 0.000663875951432, 0.00208041071892, 0.00398726575077, 0.00883619766682, 0.00436650775373, 0.00409443257377, 0.00179462844972, 0.000876769307069, 0.000386670872103, 0.000967483269051, 0.000442213698989, 0.000162272335729, 0.000172348693013, 0.000109692366095, 0.000173183172592, 6.76350537105e-05, 3.54503863491e-05, 1.99915975827e-05, 2.0673034669e-05, 1.08447038656e-05, 8.82364656718e-06, 5.6373633015e-06, 7.69625057728e-06, 7.53619315219e-06, 4.17940782427e-06, 7.5275272593e-07],
        "median": [0.000132877525175, 0.000156120746396, 0.00109996180981, 0.0011856573401, 0.00568995764479, 0.0023809815757, 0.00163988769054, 0.00067414419027, 0.000381208665203, 0.000125013815705, 0.000292020675261, 0.000131817505462, 5.44141839782e-05, 4.15051836171e-05, 4.10781976825e-05, 3.97624316975e-05, 2.05200558412e-05, 1.19028800327e-05, 7.37939626561e-06, 6.92602225172e-06, 2.52351946983e-06, 1.81800419341e-06, 5.94031121182e-07, 4.43141857431e-07, 3.2109625181e-07, 2.11105145809e-07, 3.4791867165e-08],
        "min": [7.35434610162e-25, 3.04153802263e-24, 1.98589836154e-24, 7.97046766923e-25, 5.99889038717e-24, 8.04348374715e-24, 8.32666430174e-24, 9.30384365998e-24, 2.05017944182e-23, 1.0681719393e-23, 1.35084525633e-23, 1.68420099325e-23, 1.59032922766e-23, 2.46195173926e-23, 4.33264087045e-23, 3.79913802678e-23, 5.95641858935e-23, 7.71290764051e-23, 1.15625185657e-22, 1.39713955855e-22, 2.69857350234e-22, 2.69081212077e-22, 3.64932785041e-22, 5.28565584144e-22, 8.36669814071e-22, 1.20486883667e-21, 1.92762021929e-21],
        "var": [1.74398257968e-06, 2.25209146265e-06, 1.2404681911e-05, 5.75836893404e-05, 9.29976959014e-05, 3.51887283614e-05, 4.13626330555e-05, 1.11808612928e-05, 2.59442481365e-06, 1.10845837753e-06, 3.26873987433e-06, 8.1953641029e-07, 1.71524874304e-07, 2.4971919288e-07, 4.49488908316e-08, 1.18139809047e-07, 2.46868570031e-08, 6.19497564358e-09, 3.77325948264e-09, 5.3033555325e-09, 5.28905941266e-09, 2.20350981905e-09, 2.02916372594e-09, 8.02306221459e-09, 6.88304702123e-09, 1.36025368747e-09, 4.14107602376e-11]
    },
    "erbbands": {
        "dmean": [0.00383394211531, 0.0764508321881, 0.875854790211, 2.55361223221, 10.3294944763, 6.64708995819, 9.85645484924, 13.6645460129, 15.5346240997, 18.2026500702, 11.7112445831, 6.55125713348, 5.46712589264, 11.3707790375, 13.9958086014, 7.47591018677, 3.40884065628, 4.84650087357, 3.74723505974, 3.5608651638, 5.77334403992, 2.76103878021, 1.1202505827, 0.653983950615, 0.437285482883, 0.523640573025, 0.250408530235, 0.275187283754, 0.207567438483, 0.114935517311, 0.0925195962191, 0.0853441283107, 0.0876813158393, 0.0585723482072, 0.0284946653992, 0.0113190859556, 0.0051364293322, 0.00100448704325, 9.31803006097e-05, 1.03237107396e-05],
        "dmean2": [0.00579764600843, 0.105062864721, 1.32767558098, 4.01863431931, 16.6298789978, 10.3746595383, 14.9796714783, 20.7830677032, 20.0417881012, 26.4919033051, 16.0471229553, 8.87111663818, 7.42294597626, 17.1515388489, 21.2062721252, 11.9268350601, 5.23070764542, 7.66788101196, 6.01365756989, 5.84108018875, 9.58609771729, 4.66065073013, 1.82830011845, 1.07321023941, 0.682765305042, 0.860106766224, 0.390977680683, 0.429498493671, 0.314843922853, 0.164261862636, 0.13251902163, 0.120894111693, 0.125433787704, 0.0793216004968, 0.0387598313391, 0.0155691141263, 0.00717069022357, 0.00138547341339, 0.000133141104016, 1.53192268044e-05],
        "dvar": [0.000329482369125, 0.033452231437, 3.69147992134, 20.2166500092, 361.834655762, 106.522422791, 406.649261475, 749.625671387, 852.766296387, 2467.85986328, 557.755187988, 283.689453125, 222.098098755, 929.234069824, 677.967041016, 268.803070068, 61.93409729, 307.13470459, 194.797271729, 69.7910461426, 205.287658691, 70.2953109741, 10.0220136642, 6.36865091324, 5.00448989868, 7.07397079468, 5.61546945572, 11.1655454636, 2.07633256912, 0.62743806839, 0.843635618687, 0.756194531918, 1.06218445301, 0.345955252647, 0.0691194161773, 0.0101201497018, 0.00176056451164, 7.96001913841e-05, 7.12499570454e-07, 1.45928047424e-09],
        "dvar2": [0.000829159573186, 0.054334256798, 8.57230377197, 55.1412124634, 1069.98474121, 284.982269287, 1078.83605957, 2183.04614258, 1735.07763672, 5724.60351562, 1028.11157227, 534.544494629, 357.352111816, 2214.19555664, 1638.67749023, 674.449951172, 147.397399902, 780.933837891, 520.270507812, 181.538818359, 540.814697266, 203.977355957, 25.250459671, 16.9892787933, 9.68130779266, 18.1051521301, 13.1323013306, 27.572227478, 4.81152963638, 1.01707422733, 1.71552407742, 1.34719347954, 1.97302269936, 0.482170253992, 0.107672318816, 0.0171055588871, 0.00287607847713, 0.000148047431139, 1.48743458794e-06, 3.06021874508e-09],
        "max": [1.36892020702, 6.64729833603, 57.2666397095, 144.041061401, 366.039154053, 241.13092041, 818.419921875, 731.13873291, 909.003112793, 3849.39672852, 937.707580566, 684.848693848, 1001.25384521, 853.957214355, 554.786682129, 535.422851562, 208.890167236, 524.018310547, 429.746002197, 339.419036865, 241.06539917, 346.740386963, 160.267044067, 108.651435852, 171.414535522, 171.551315308, 187.526855469, 272.06036377, 102.398788452, 49.8971824646, 56.8905715942, 70.1859130859, 107.665107727, 54.0666389465, 19.346824646, 7.88899755478, 2.42674326897, 0.422945708036, 0.0343138165772, 0.00158883945551],
        "mean": [0.0079364432022, 0.221237748861, 2.11903977394, 7.86130285263, 28.8691692352, 22.0201358795, 26.8687877655, 42.0566291809, 52.5332450867, 50.2678489685, 37.2579956055, 18.2153072357, 14.4090499878, 24.688035965, 31.8998184204, 13.7073030472, 7.04921579361, 8.27999591827, 6.85603475571, 7.0743765831, 9.71016693115, 4.83581781387, 2.22713303566, 1.31555962563, 0.942996680737, 0.967354595661, 0.443824052811, 0.435332834721, 0.362189769745, 0.209031268954, 0.149663001299, 0.14101190865, 0.136077359319, 0.0969559773803, 0.0465277731419, 0.0177573636174, 0.008196009323, 0.00148162210826, 0.000139353200211, 3.94644921471e-05],
        "median": [0.0049034981057, 0.0580514706671, 1.1104259491, 3.91175866127, 15.7618379593, 13.7084732056, 17.18608284, 20.2258014679, 24.609588623, 22.0835723877, 16.7169475555, 8.53095817566, 5.32017326355, 8.18131160736, 13.6913509369, 5.46984577179, 3.12844753265, 2.01942873001, 2.64419770241, 3.08590841293, 2.33136224747, 1.65532255173, 0.875544190407, 0.526461839676, 0.423408031464, 0.285822212696, 0.143242448568, 0.0904216468334, 0.0763995796442, 0.0329372361302, 0.0168837234378, 0.0100728031248, 0.00690136523917, 0.0038830419071, 0.00198297109455, 0.000820889661554, 0.000375706993509, 7.14956258889e-05, 2.1846502932e-05, 3.19018181472e-05],
        "min": [6.17602295032e-23, 6.55808368529e-22, 1.56855900801e-21, 2.20607837483e-21, 9.19413270337e-21, 2.11885302742e-20, 3.44568998872e-20, 8.11278776135e-20, 8.90028632272e-20, 1.85831617606e-19, 2.11617706582e-19, 3.85397354363e-19, 4.01750637524e-19, 6.72909101866e-19, 6.89159271795e-19, 8.61831932196e-19, 1.12819236124e-18, 2.00718539602e-18, 2.07534776683e-18, 3.01583620008e-18, 3.58155474037e-18, 4.51500200545e-18, 4.91530448237e-18, 5.87035605068e-18, 6.17967031458e-18, 7.72019494379e-18, 8.74788330964e-18, 9.96351620965e-18, 1.00892154027e-17, 1.07191051674e-17, 1.02792527038e-17, 1.01263566394e-17, 9.47452342746e-18, 7.8979783913e-18, 5.41497368473e-18, 4.05582288048e-18, 2.08252479941e-18, 8.99229801665e-19, 2.38667016676e-19, 2.61618745434e-20],
        "var": [0.000351089402102, 0.248628050089, 15.0662078857, 150.452178955, 1258.88049316, 590.760009766, 1105.95947266, 3709.69628906, 5752.22119141, 7530.72558594, 4086.15527344, 1226.44873047, 1227.80432129, 2440.8269043, 2731.75415039, 603.590942383, 160.775604248, 612.919677734, 327.246917725, 146.663238525, 383.043457031, 114.22000885, 20.2151012421, 11.3395729065, 13.2392940521, 13.4650201797, 7.64400815964, 10.501077652, 3.01772785187, 1.82933413982, 1.68633580208, 2.0952527523, 2.95620965958, 1.28822767735, 0.221619814634, 0.0305658150464, 0.0048010176979, 0.000177273381269, 1.199550411e-06, 3.13867576374e-09]
    },
    "gfcc": {
        "mean": [-101.631912231, 166.050247192, -110.259140015, -4.38226366043, -51.6607475281, -16.702205658, -38.6817092896, -10.8203477859, -21.9121742249, -9.69069957733, -15.8656301498, -4.13529729843, -6.88837003708],
        "cov": [[23887.7519531, 2374.2956543, -1292.5715332, 940.794067383, -967.796081543, -275.030792236, -949.807189941, -259.536834717, -547.555297852, -250.988098145, -537.342407227, -179.512039185, -553.280151367], [2374.2956543, 1485.65380859, -389.123016357, -99.9878616333, 142.485458374, -256.568054199, -48.6352119446, -162.36151123, -11.4132385254, -163.255493164, 28.4762859344, -133.583374023, 36.5890731812], [-1292.5715332, -389.123016357, 1053.12182617, 84.7053985596, 54.6445503235, 184.31930542, -30.9268379211, 45.9756584167, -113.42829895, 8.00988006592, -86.7815628052, -42.5149116516, -63.7193756104], [940.794067383, -99.9878616333, 84.7053985596, 372.371520996, 41.753364563, 12.0979757309, -38.1117935181, -21.5627841949, -23.8535118103, -33.2674179077, -61.5403900146, -17.9068565369, -58.6127548218], [-967.796081543, 142.485458374, 54.6445503235, 41.753364563, 269.582275391, 10.025894165, 36.4904556274, -20.9290218353, 12.2361831665, -38.7607650757, 9.13228034973, -29.3207626343, 23.1772918701], [-275.030792236, -256.568054199, 184.31930542, 12.0979757309, 10.025894165, 243.150741577, 54.0386772156, 45.2399559021, -29.0620613098, 21.3488788605, -33.3687019348, 21.5555381775, -4.7298784256], [-949.807189941, -48.6352119446, -30.9268379211, -38.1117935181, 36.4904556274, 54.0386772156, 180.542098999, 30.7665748596, 21.6525936127, 1.12400746346, 19.6614513397, 14.0670776367, 34.0288734436], [-259.536834717, -162.36151123, 45.9756584167, -21.5627841949, -20.9290218353, 45.2399559021, 30.7665748596, 117.222839355, 18.0938014984, 26.4982414246, -4.83227491379, 15.9644489288, 0.561454296112], [-547.555297852, -11.4132385254, -113.42829895, -23.8535118103, 12.2361831665, -29.0620613098, 21.6525936127, 18.0938014984, 136.990127563, 36.3265457153, 26.2595024109, 12.1972236633, 8.80770206451], [-250.988098145, -163.255493164, 8.00988006592, -33.2674179077, -38.7607650757, 21.3488788605, 1.12400746346, 26.4982414246, 36.3265457153, 112.772880554, 34.2435874939, 10.0906400681, -14.5528974533], [-537.342407227, 28.4762859344, -86.7815628052, -61.5403900146, 9.13228034973, -33.3687019348, 19.6614513397, -4.83227491379, 26.2595024109, 34.2435874939, 124.523117065, 26.8287620544, 33.9865646362], [-179.512039185, -133.583374023, -42.5149116516, -17.9068565369, -29.3207626343, 21.5555381775, 14.0670776367, 15.9644489288, 12.1972236633, 10.0906400681, 26.8287620544, 118.525062561, 41.7372817993], [-553.280151367, 36.5890731812, -63.7193756104, -58.6127548218, 23.1772918701, -4.7298784256, 34.0288734436, 0.561454296112, 8.80770206451, -14.5528974533, 33.9865646362, 41.7372817993, 126.966934204]],
        "icov": [[0.000300883257296, -0.000804313924164, 0.00045105809113, -0.000881814979948, 0.00111057201866, -0.000624384148978, 0.00101315823849, -0.000528406410012, 0.00104721402749, -0.000617376586888, 0.000813664402813, -0.000566040398553, 0.000691890891176], [-0.000804313924164, 0.00351472711191, -0.000848842377309, 0.00289147743024, -0.0034491668921, 0.00233197514899, -0.00249231001362, 0.0023144048173, -0.00273120170459, 0.0031836242415, -0.00245260307565, 0.00283619924448, -0.00195619068108], [0.00045105809113, -0.000848842377309, 0.00208073086105, -0.00125071196817, 0.00111401791219, -0.00154700537678, 0.00196174578741, -0.00102852482814, 0.00252664042637, -0.000945663836319, 0.00155713758431, -0.00023301494366, 0.00127093761694], [-0.000881814979948, 0.00289147743024, -0.00125071196817, 0.00607353122905, -0.00411111162975, 0.00203520013019, -0.0024823169224, 0.00232410896569, -0.00299712619744, 0.00293767638505, -0.00135028234217, 0.00157224922441, -0.00062929460546], [0.00111057201866, -0.0034491668921, 0.00111401791219, -0.00411111162975, 0.00899615511298, -0.00299897394143, 0.00285481591709, -0.0014801666839, 0.0025407357607, -0.000942597049288, 0.00186733412556, -0.000928732857574, 0.00150335812941], [-0.000624384148978, 0.00233197514899, -0.00154700537678, 0.00203520013019, -0.00299897394143, 0.00772141898051, -0.00394561234862, 0.000401387165766, -0.000741821830161, 0.000174692715518, 5.72703611397e-05, 0.000230089397519, -0.00135842093732], [0.00101315823849, -0.00249231001362, 0.00196174578741, -0.0024823169224, 0.00285481591709, -0.00394561234862, 0.0105254044756, -0.00310788932256, 0.00266379257664, -0.000973431568127, 0.00170559121761, -0.00134781026281, 0.00118664081674], [-0.000528406410012, 0.0023144048173, -0.00102852482814, 0.00232410896569, -0.0014801666839, 0.000401387165766, -0.00310788932256, 0.0120389452204, -0.00329219480045, 0.000526306801476, -0.000521747337189, 0.000943636463489, -0.0012298184447], [0.00104721402749, -0.00273120170459, 0.00252664042637, -0.00299712619744, 0.0025407357607, -0.000741821830161, 0.00266379257664, -0.00329219480045, 0.0134322969243, -0.00563211645931, 0.00308927311562, -0.0026321252808, 0.00250506284647], [-0.000617376586888, 0.0031836242415, -0.000945663836319, 0.00293767638505, -0.000942597049288, 0.000174692715518, -0.000973431568127, 0.000526306801476, -0.00563211645931, 0.0161438807845, -0.00638458086178, 0.00294353510253, 0.00069343711948], [0.000813664402813, -0.00245260307565, 0.00155713758431, -0.00135028234217, 0.00186733412556, 5.72703611397e-05, 0.00170559121761, -0.000521747337189, 0.00308927311562, -0.00638458086178, 0.0139934681356, -0.00386919360608, 0.000197057510377], [-0.000566040398553, 0.00283619924448, -0.00023301494366, 0.00157224922441, -0.000928732857574, 0.000230089397519, -0.00134781026281, 0.000943636463489, -0.0026321252808, 0.00294353510253, -0.00386919360608, 0.0133371744305, -0.00496849790215], [0.000691890891176, -0.00195619068108, 0.00127093761694, -0.00062929460546, 0.00150335812941, -0.00135842093732, 0.00118664081674, -0.0012298184447, 0.00250506284647, 0.00069343711948, 0.000197057510377, -0.00496849790215, 0.0126507487148]]
    },
    "melbands": {
        "dmean": [5.32991725777e-05, 0.000331609480781, 0.000661945203319, 0.000636109907646, 0.000327684479998, 0.000294675759505, 0.000246408511885, 0.000191234459635, 8.78225982888e-05, 4.24104327976e-05, 2.78946808976e-05, 4.37258931925e-05, 5.26077710674e-05, 3.73464827135e-05, 1.08493013613e-05, 9.96836752165e-06, 8.73641511134e-06, 7.11686561772e-06, 6.04114438829e-06, 5.70199244976e-06, 6.1574692154e-06, 3.23126187141e-06, 1.47163802922e-06, 7.04454009792e-07, 5.76425975396e-07, 3.35537833962e-07, 4.56206294075e-07, 3.17938372518e-07, 1.63325552194e-07, 1.60864232157e-07, 1.66305127891e-07, 1.35978950766e-07, 8.04561537393e-08, 6.54762217778e-08, 5.76808858455e-08, 4.7509715273e-08, 5.88325193007e-08, 6.40576658384e-08, 6.10040657989e-08, 4.9689106163e-08],
        "dmean2": [7.56147201173e-05, 0.000498269160744, 0.00105418742169, 0.00101006333716, 0.000501787697431, 0.000447497062851, 0.000321324041579, 0.000278632709524, 0.000118411102449, 5.7633544202e-05, 3.78057447961e-05, 6.57999116811e-05, 7.85623342381e-05, 6.05593413638e-05, 1.68311235029e-05, 1.55727811944e-05, 1.38536252052e-05, 1.13828118629e-05, 9.96313428914e-06, 9.31917020353e-06, 1.02429348772e-05, 5.49416699869e-06, 2.4182679681e-06, 1.15713874038e-06, 9.53183814545e-07, 5.35678793767e-07, 7.40168616176e-07, 5.31656780822e-07, 2.59362053612e-07, 2.48017698823e-07, 2.60808832309e-07, 2.09452238664e-07, 1.1907884101e-07, 9.66232462929e-08, 8.69003216053e-08, 6.56698944113e-08, 8.42500611498e-08, 9.29870438426e-08, 8.59291660049e-08, 6.79632847778e-08],
        "dvar": [3.34312844075e-08, 5.27469296685e-07, 1.14093336379e-06, 1.22600761188e-06, 4.03962701512e-07, 3.12258748636e-07, 2.13376026181e-07, 2.2372195474e-07, 3.1893016228e-08, 1.16741123435e-08, 5.73307046281e-09, 1.31452750907e-08, 1.17655503118e-08, 8.00759636377e-09, 1.08661313281e-09, 1.10988429558e-09, 9.30562127355e-10, 1.01564245902e-09, 2.81136280922e-10, 1.6257062363e-10, 2.53049997623e-10, 1.12887296733e-10, 1.6637708572e-11, 4.83814030505e-12, 5.35638807614e-12, 2.23850408695e-12, 4.73693089961e-12, 2.62132394784e-12, 2.34707132202e-12, 1.90593092524e-12, 5.8153139422e-12, 1.01999908086e-12, 2.62323339049e-13, 2.14110155929e-13, 3.33241409727e-13, 2.40580043951e-13, 3.72265884568e-13, 6.0126350513e-13, 4.40126098544e-13, 2.45151121625e-13],
        "dvar2": [7.63169083484e-08, 1.18092384582e-06, 3.06523770632e-06, 3.55634301741e-06, 1.06475113171e-06, 8.9404903747e-07, 4.28751377513e-07, 5.13069153385e-07, 5.62987949593e-08, 2.22638991687e-08, 9.09476138844e-09, 3.07736591765e-08, 2.92441217908e-08, 2.09007637864e-08, 2.59044141693e-09, 2.78831158163e-09, 2.36584840607e-09, 2.70956168613e-09, 7.42077621574e-10, 4.24389162701e-10, 6.71351252368e-10, 3.31301430734e-10, 4.25242376034e-11, 1.22859456983e-11, 1.45553187558e-11, 5.0443976253e-12, 8.65944468909e-12, 7.03559736512e-12, 5.75388261342e-12, 4.01434874925e-12, 1.49345171646e-11, 2.5100845881e-12, 5.04733624687e-13, 3.77723975145e-13, 7.38379409698e-13, 4.41954741033e-13, 7.21219904545e-13, 1.25526130289e-12, 6.82602845775e-13, 3.83412919469e-13],
        "max": [0.0141214523464, 0.0222880765796, 0.0314470864832, 0.0268485154957, 0.0226843710989, 0.0145006002858, 0.0178346876055, 0.0362147316337, 0.00911116693169, 0.00449772225693, 0.00481597939506, 0.00314861373045, 0.00280219432898, 0.00297193438746, 0.00136826816015, 0.00115497026127, 0.000859714054968, 0.000981867895462, 0.000426809652708, 0.00051544723101, 0.000262221728917, 0.000433488516137, 0.000191817045561, 0.000119665310194, 0.000100448603916, 8.7111890025e-05, 0.000167251710081, 0.000100490215118, 0.000119824289868, 6.75220508128e-05, 0.000209078934859, 7.37634836696e-05, 2.80142721749e-05, 2.88539158646e-05, 3.42396961059e-05, 3.42319508491e-05, 4.88566474814e-05, 7.52108753659e-05, 6.68145294185e-05, 4.66834790132e-05],
        "mean": [0.000134919129778, 0.0008072850178, 0.00199675513431, 0.00207677832805, 0.000911381153855, 0.000916587014217, 0.00081616762327, 0.000535530794878, 0.000269739481155, 0.000111137538624, 7.05500933691e-05, 9.36988944886e-05, 0.000122531593661, 6.09035523667e-05, 1.91793369595e-05, 1.71705469256e-05, 1.44282785186e-05, 1.16137998702e-05, 1.02318763311e-05, 1.04796226879e-05, 9.8686932688e-06, 5.12965789312e-06, 2.63111678578e-06, 1.3404329593e-06, 1.05095671188e-06, 6.57662155845e-07, 8.41724215661e-07, 5.48273305867e-07, 2.7098522537e-07, 2.5740774845e-07, 2.39533164859e-07, 2.25187505976e-07, 1.34538780117e-07, 1.13116705336e-07, 8.88676012778e-08, 7.49014503754e-08, 9.19888307749e-08, 9.37154922553e-08, 9.46235871879e-08, 7.86243674611e-08],
        "median": [6.35192845948e-05, 0.000388724554796, 0.00110093329567, 0.00119862263091, 0.00060522853164, 0.000482246454339, 0.000374898663722, 0.000223707553232, 0.00011764667579, 4.57003625343e-05, 2.27848504437e-05, 3.03106389765e-05, 4.5359658543e-05, 1.71175852302e-05, 6.63318451188e-06, 4.84952852275e-06, 2.98938175547e-06, 3.35437130161e-06, 3.14533735946e-06, 3.4517856875e-06, 1.9422927835e-06, 1.29946272409e-06, 7.94467780452e-07, 5.2967038755e-07, 3.5660963249e-07, 2.42043881826e-07, 2.78795766917e-07, 1.2067189914e-07, 7.98981218963e-08, 4.75639190256e-08, 3.7111284712e-08, 4.54020643303e-08, 2.01500984787e-08, 1.08614157668e-08, 8.32829627484e-09, 5.70819524981e-09, 5.04353669939e-09, 4.26447588353e-09, 3.39863426291e-09, 2.65119970422e-09],
        "min": [1.03460823492e-24, 1.28954441366e-24, 6.58457020688e-25, 1.18432930157e-24, 1.02934594104e-24, 1.65036317943e-24, 1.3848683933e-24, 2.41072303318e-24, 1.30603841051e-24, 2.45712659264e-24, 1.30412512699e-24, 2.27338175794e-24, 2.32127764502e-24, 2.2405122906e-24, 2.34405639808e-24, 2.05932671789e-24, 3.32666943024e-24, 1.79104616808e-24, 3.71666372355e-24, 2.09495226802e-24, 3.98496123387e-24, 3.82859716954e-24, 3.56321331697e-24, 3.01813212514e-24, 3.9256972695e-24, 3.76966965435e-24, 3.99702765028e-24, 4.85414237874e-24, 4.8130947904e-24, 3.62192231769e-24, 5.02513429083e-24, 5.21426724273e-24, 4.63807929325e-24, 4.79394045876e-24, 4.86959379729e-24, 4.97829094142e-24, 6.07485295918e-24, 5.30422578492e-24, 6.30433338537e-24, 5.29378639413e-24],
        "var": [7.61906377988e-08, 2.33724631471e-06, 7.48050661059e-06, 6.22814604867e-06, 1.15310547244e-06, 1.57098281761e-06, 1.39471262628e-06, 7.82253778198e-07, 2.09051734146e-07, 5.0005699137e-08, 3.17307780051e-08, 3.55280072029e-08, 5.06537389811e-08, 1.64705298289e-08, 2.23729768045e-09, 2.22123763827e-09, 1.85920434603e-09, 1.58176205467e-09, 5.15271880719e-10, 3.66822905384e-10, 4.50996739954e-10, 1.72029002155e-10, 3.69847902304e-11, 8.38558215921e-12, 9.16600215867e-12, 5.58946378765e-12, 1.21237464512e-11, 4.39822483989e-12, 3.00004422346e-12, 2.78099982279e-12, 4.7907519965e-12, 1.25604875893e-12, 5.85410192544e-13, 6.11648481429e-13, 5.85299116031e-13, 5.42785759915e-13, 9.69558526347e-13, 1.42870134126e-12, 1.49709498271e-12, 8.16937717561e-13]
    },
    "mfcc": {
        "mean": [-742.541137695, 204.954208374, -2.73981952667, 16.0025119781, -2.09568285942, -6.86283016205, -11.8843698502, -6.69837713242, -5.30987071991, -10.6697883606, -10.6481056213, -5.67589759827, 1.98043727875],
        "cov": [[7369.5859375, 1509.66552734, -277.938751221, 476.789855957, -207.525146484, 59.6202964783, -240.824630737, -27.843252182, -65.2996749878, -62.913608551, 12.8387889862, -5.92609167099, -133.909088135], [1509.66552734, 1930.41357422, -155.940032959, 104.199211121, 95.6395263672, -70.5279388428, -38.1205635071, -58.3931655884, -48.1765365601, -59.4673156738, -67.0712203979, -65.5190963745, -19.6202583313], [-277.938751221, -155.940032959, 670.160705566, -50.7224121094, 77.9889526367, 51.5232963562, 78.4697723389, -1.56150734425, 31.178855896, -15.5878601074, 25.7185440063, -21.5680828094, -145.489654541], [476.789855957, 104.199211121, -50.7224121094, 259.272705078, 39.1447944641, 18.9359397888, -21.4400310516, 10.4431009293, 10.5544090271, -28.86170578, -17.4582042694, 5.07166242599, -10.4033670425], [-207.525146484, 95.6395263672, 77.9889526367, 39.1447944641, 205.847229004, 36.9688682556, 22.8081455231, -5.89615917206, 8.71906089783, -11.5575809479, -6.37083482742, -2.49155139923, -22.3222675323], [59.6202964783, -70.5279388428, 51.5232963562, 18.9359397888, 36.9688682556, 159.707794189, 42.2915496826, 28.0075778961, 18.9612636566, 0.796706974506, 10.6153345108, -10.8276672363, -30.1760311127], [-240.824630737, -38.1205635071, 78.4697723389, -21.4400310516, 22.8081455231, 42.2915496826, 157.556869507, 27.2636795044, 12.2751131058, 10.397526741, -11.1266784668, -16.9341144562, -14.6089658737], [-27.843252182, -58.3931655884, -1.56150734425, 10.4431009293, -5.89615917206, 28.0075778961, 27.2636795044, 117.633087158, 38.6267318726, -2.59917902946, -8.42574882507, -9.67139720917, 7.22893762589], [-65.2996749878, -48.1765365601, 31.178855896, 10.5544090271, 8.71906089783, 18.9612636566, 12.2751131058, 38.6267318726, 107.396057129, 7.20355463028, -15.5400981903, -8.32885932922, -7.13742780685], [-62.913608551, -59.4673156738, -15.5878601074, -28.86170578, -11.5575809479, 0.796706974506, 10.397526741, -2.59917902946, 7.20355463028, 122.358947754, 34.8697547913, -16.5749187469, 2.69775176048], [12.8387889862, -67.0712203979, 25.7185440063, -17.4582042694, -6.37083482742, 10.6153345108, -11.1266784668, -8.42574882507, -15.5400981903, 34.8697547913, 129.154968262, 26.8243808746, -41.6084442139], [-5.92609167099, -65.5190963745, -21.5680828094, 5.07166242599, -2.49155139923, -10.8276672363, -16.9341144562, -9.67139720917, -8.32885932922, -16.5749187469, 26.8243808746, 95.8392791748, 33.9196624756], [-133.909088135, -19.6202583313, -145.489654541, -10.4033670425, -22.3222675323, -30.1760311127, -14.6089658737, 7.22893762589, -7.13742780685, 2.69775176048, -41.6084442139, 33.9196624756, 191.370513916]],
