{
"lowlevel": {
    "average_loudness": 0.249739706516,
    "barkbands_crest": {
        "dmean": 1.95389938354,
        "dmean2": 3.32348513603,
        "dvar": 3.97574615479,
        "dvar2": 11.8358211517,
        "max": 25.8612270355,
        "mean": 13.5506801605,
        "median": 13.0518083572,
        "min": 3.60337901115,
        "var": 18.5236854553
    },
    "barkbands_flatness_db": {
        "dmean": 0.0229257903993,
        "dmean2": 0.0384507142007,
        "dvar": 0.000710063439328,
        "dvar2": 0.00174444227014,
        "max": 0.597770750523,
        "mean": 0.365377038717,
        "median": 0.358683139086,
        "min": 0.0307223591954,
        "var": 0.00880022067577
    },
    "barkbands_kurtosis": {
        "dmean": 2.82274222374,
        "dmean2": 4.77368450165,
        "dvar": 27.7215328217,
        "dvar2": 85.6031036377,
        "max": 160.353103638,
        "mean": 8.32979774475,
        "median": 5.88228368759,
        "min": -1.64609456062,
        "var": 105.567420959
    },
    "barkbands_skewness": {
        "dmean": 0.38707152009,
        "dmean2": 0.652979135513,
        "dvar": 0.199746072292,
        "dvar2": 0.587918639183,
        "max": 10.1504516602,
        "mean": 1.80300402641,
        "median": 1.70294237137,
        "min": -2.12913656235,
        "var": 1.54632222652
    },
    "barkbands_spread": {
        "dmean": 1.02178215981,
        "dmean2": 1.6586163044,
        "dvar": 4.45906162262,
        "dvar2": 11.4308423996,
        "max": 80.1525268555,
        "mean": 4.51936531067,
        "median": 3.40721821785,
        "min": 0.210120067,
        "var": 20.1125812531
    },
    "dissonance": {
        "dmean": 0.0358355902135,
        "dmean2": 0.0615147426724,
        "dvar": 0.00136634556111,
        "dvar2": 0.00370596628636,
        "max": 0.500000059605,
        "mean": 0.37616121769,
        "median": 0.392823010683,
        "min": 0.0779620185494,
        "var": 0.00614505400881
    },
    "dynamic_complexity": 5.69753074646,
    "erbbands_crest": {
        "dmean": 2.00895786285,
        "dmean2": 3.29213929176,
        "dvar": 5.19569730759,
        "dvar2": 14.7199897766,
        "max": 31.7433261871,
        "mean": 13.4241037369,
        "median": 12.5830917358,
        "min": 2.16172242165,
        "var": 26.4936981201
    },
    "erbbands_flatness_db": {
        "dmean": 0.0155265918002,
        "dmean2": 0.025350837037,
        "dvar": 0.000418964336859,
        "dvar2": 0.000990852131508,
        "max": 0.551090359688,
        "mean": 0.351359754801,
        "median": 0.352506041527,
        "min": 0.0303472802043,
        "var": 0.00588439498097
    },
    "erbbands_kurtosis": {
        "dmean": 1.38031458855,
        "dmean2": 2.30186152458,
        "dvar": 8.72652816772,
        "dvar2": 26.1921215057,
        "max": 75.9684906006,
        "mean": 3.1869468689,
        "median": 1.38407087326,
        "min": -1.69480872154,
        "var": 41.605846405
    },
    "erbbands_skewness": {
        "dmean": 0.286925315857,
        "dmean2": 0.472481131554,
        "dvar": 0.10871116817,
        "dvar2": 0.323516577482,
        "max": 6.95870923996,
        "mean": 1.21847558022,
        "median": 1.13948822021,
        "min": -1.42279446125,
        "var": 0.696056842804
    },
    "erbbands_spread": {
        "dmean": 2.21717500687,
        "dmean2": 3.52646183968,
        "dvar": 12.9978256226,
        "dvar2": 32.3204498291,
        "max": 91.4291381836,
        "mean": 13.6817855835,
        "median": 12.2819519043,
        "min": 0.693249821663,
        "var": 87.126953125
    },
    "hfc": {
        "dmean": 1.52402079105,
        "dmean2": 2.21777868271,
        "dvar": 9.53678607941,
        "dvar2": 16.9396877289,
        "max": 99.8771209717,
        "mean": 7.68014097214,
        "median": 5.00087070465,
        "min": 1.08645183905e-16,
        "var": 82.6625442505
    },
    "melbands_crest": {
        "dmean": 2.40923643112,
        "dmean2": 4.12301158905,
        "dvar": 6.21882724762,
        "dvar2": 19.3584537506,
        "max": 33.4846763611,
        "mean": 16.2924175262,
        "median": 15.8205099106,
        "min": 1.00157606602,
        "var": 25.007938385
    },
    "melbands_flatness_db": {
        "dmean": 0.023860078305,
        "dmean2": 0.0388404764235,
        "dvar": 0.0010191432666,
        "dvar2": 0.00231757899746,
        "max": 0.736473441124,
        "mean": 0.456552892923,
        "median": 0.449847698212,
        "min": 2.15716724483e-07,
        "var": 0.0157337933779
    },
    "melbands_kurtosis": {
        "dmean": 3.30916714668,
        "dmean2": 5.56268024445,
        "dvar": 35.5641441345,
        "dvar2": 105.90499115,
        "max": 201.990158081,
        "mean": 10.5461483002,
        "median": 7.08304786682,
        "min": -1.52020573616,
        "var": 172.445861816
    },
    "melbands_skewness": {
        "dmean": 0.402261048555,
        "dmean2": 0.67547672987,
        "dvar": 0.212051153183,
        "dvar2": 0.614417314529,
        "max": 10.3470277786,
        "mean": 2.01165890694,
        "median": 1.89181530476,
        "min": -1.3051251173,
        "var": 1.50390672684
    },
    "melbands_spread": {
        "dmean": 1.30333077908,
        "dmean2": 2.15715670586,
        "dvar": 9.61584091187,
        "dvar2": 24.0343265533,
        "max": 157.678009033,
        "mean": 6.46701478958,
        "median": 4.4235124588,
        "min": 0.342926263809,
        "var": 155.008865356
    },
    "pitch_salience": {
        "dmean": 0.0513506159186,
        "dmean2": 0.0861895680428,
        "dvar": 0.00285127735697,
        "dvar2": 0.00812027230859,
        "max": 0.996048927307,
        "mean": 0.514365017414,
        "median": 0.520529508591,
        "min": 0.0845375359058,
        "var": 0.015488662757
    },
    "silence_rate_20dB": {
        "dmean": 0,
        "dmean2": 0,
        "dvar": 0,
        "dvar2": 0,
        "max": 1,
        "mean": 1,
        "median": 1,
        "min": 1,
        "var": 0
    },
    "silence_rate_30dB": {
        "dmean": 0.00380814215168,
        "dmean2": 0.00761697487906,
        "dvar": 0.00379392830655,
        "dvar2": 0.00846632104367,
        "max": 1,
        "mean": 0.991840422153,
        "median": 1,
        "min": 0,
        "var": 0.00809314008802
    },
    "silence_rate_60dB": {
        "dmean": 0.021035451442,
        "dmean2": 0.0420747175813,
        "dvar": 0.0205930098891,
        "dvar2": 0.0464704781771,
        "max": 1,
        "mean": 0.207162290812,
        "median": 0,
        "min": 0,
        "var": 0.164246335626
    },
    "spectral_centroid": {
        "dmean": 51.3852615356,
        "dmean2": 83.3161315918,
        "dvar": 22926.4570312,
        "dvar2": 50827.8632812,
        "max": 11606.9589844,
        "mean": 518.891479492,
        "median": 387.173706055,
        "min": 102.839538574,
        "var": 941178.75
    },
    "spectral_complexity": {
        "dmean": 1.1067186594,
        "dmean2": 1.80776202679,
        "dvar": 2.14741158485,
        "dvar2": 4.1796169281,
        "max": 32,
        "mean": 9.41296482086,
        "median": 9,
        "min": 0,
        "var": 30.7490711212
    },
    "spectral_decrease": {
        "dmean": 1.13229281506e-09,
        "dmean2": 1.77387193823e-09,
        "dvar": 3.4240657556e-18,
        "dvar2": 8.05125578599e-18,
        "max": 1.79093152382e-28,
        "mean": -5.15008657942e-09,
        "median": -3.62766661155e-09,
        "min": -4.49533494873e-08,
        "var": 2.92704113237e-17
    },
    "spectral_energy": {
        "dmean": 0.00440467195585,
        "dmean2": 0.00688397884369,
        "dvar": 5.21814472449e-05,
        "dvar2": 0.000121384124213,
        "max": 0.178723305464,
        "mean": 0.0201342273504,
        "median": 0.0141314342618,
        "min": 1.01544740465e-20,
        "var": 0.000449729064712
    },
    "spectral_energyband_high": {
        "dmean": 1.23374984469e-05,
        "dmean2": 1.7419051801e-05,
        "dvar": 3.77804321161e-09,
        "dvar2": 8.1209412528e-09,
        "max": 0.00163370731752,
        "mean": 2.22220060095e-05,
        "median": 5.57385874345e-07,
        "min": 7.14328458518e-21,
        "var": 6.11806960649e-09
    },
    "spectral_energyband_low": {
        "dmean": 0.000711686210707,
        "dmean2": 0.00112491392065,
        "dvar": 5.08228185936e-06,
        "dvar2": 1.64709508681e-05,
        "max": 0.0484772883356,
        "mean": 0.00231162155978,
        "median": 0.000756470602937,
        "min": 9.45914749525e-24,
        "var": 1.64180164575e-05
    },
    "spectral_energyband_middle_high": {
        "dmean": 0.000286704162136,
        "dmean2": 0.000403641053708,
        "dvar": 6.34331229321e-07,
        "dvar2": 1.38783298098e-06,
        "max": 0.034277241677,
        "mean": 0.00131359987427,
        "median": 0.000678725657053,
        "min": 1.22894169081e-21,
        "var": 3.54419785253e-06
    },
    "spectral_energyband_middle_low": {
        "dmean": 0.004035490565,
        "dmean2": 0.00642620120198,
        "dvar": 4.42018717877e-05,
        "dvar2": 0.000104457118141,
        "max": 0.153372943401,
        "mean": 0.0170711260289,
        "median": 0.0113305319101,
        "min": 1.35058641529e-22,
        "var": 0.000354009564035
    },
    "spectral_entropy": {
        "dmean": 0.166056931019,
        "dmean2": 0.27393117547,
        "dvar": 0.0623836070299,
        "dvar2": 0.153048187494,
        "max": 9.82940769196,
        "mean": 5.58083868027,
        "median": 5.60681343079,
        "min": 3.64676308632,
        "var": 0.645274400711
    },
    "spectral_flux": {
        "dmean": 0.0127589870244,
        "dmean2": 0.0202717948705,
        "dvar": 0.000351235008566,
        "dvar2": 0.000845047994517,
        "max": 0.255455821753,
        "mean": 0.0346181280911,
        "median": 0.0259273573756,
        "min": 6.47943365628e-11,
        "var": 0.000908373389393
    },
    "spectral_kurtosis": {
        "dmean": 30.9555568695,
        "dmean2": 54.153881073,
        "dvar": 1589.68408203,
        "dvar2": 4643.20166016,
        "max": 523.962341309,
        "mean": 102.47088623,
        "median": 60.1561431885,
        "min": -1.27508509159,
        "var": 10370.8212891
    },
    "spectral_rms": {
        "dmean": 0.000445273821242,
        "dmean2": 0.000700635195244,
        "dvar": 3.30321682895e-07,
        "dvar2": 7.92416869899e-07,
        "max": 0.0132047040388,
        "mean": 0.00382223608904,
        "median": 0.00371305318549,
        "min": 3.14750764514e-12,
        "var": 5.0336698223e-06
    },
    "spectral_rolloff": {
        "dmean": 70.2948074341,
        "dmean2": 127.205566406,
        "dvar": 84165.5234375,
        "dvar2": 214329.6875,
        "max": 19616.7480469,
        "mean": 631.890686035,
        "median": 430.6640625,
        "min": 86.1328125,
        "var": 2854494
    },
    "spectral_skewness": {
        "dmean": 1.29546904564,
        "dmean2": 2.25078773499,
        "dvar": 1.74428868294,
        "dvar2": 4.59726190567,
        "max": 18.9138565063,
        "mean": 6.79229068756,
        "median": 5.43888235092,
        "min": -0.0833480209112,
        "var": 19.03266716
    },
    "spectral_spread": {
        "dmean": 338692.34375,
        "dmean2": 595010.0625,
        "dvar": 291281666048,
        "dvar2": 666958495744,
        "max": 42397000,
        "mean": 1692123.75,
        "median": 1187374.5,
        "min": 165344.65625,
        "var": 1.31656413348e+13
    },
    "spectral_strongpeak": {
        "dmean": 0.233944877982,
        "dmean2": 0.382973313332,
        "dvar": 0.143403992057,
        "dvar2": 0.333840221167,
        "max": 5.91960668564,
        "mean": 0.96104747057,
        "median": 0.735637068748,
        "min": 0,
        "var": 0.76875191927
    },
    "zerocrossingrate": {
        "dmean": 0.00233302731067,
        "dmean2": 0.00312857748941,
        "dvar": 2.71480130323e-05,
        "dvar2": 3.82691650884e-05,
        "max": 0.521484375,
        "mean": 0.0243708565831,
        "median": 0.01806640625,
        "min": 0.00341796875,
        "var": 0.00211838027462
    },
    "barkbands": {
        "dmean": [5.23834899013e-07, 0.000261963054072, 0.000350778806023, 0.000669590954203, 0.00211253180169, 0.00132788356859, 0.000846404698677, 0.000242749796598, 0.000135229158332, 0.000140394447953, 6.81406600052e-05, 5.43985261174e-05, 4.40491749032e-05, 5.15889696544e-05, 2.58326854237e-05, 1.21373313959e-05, 2.45754690695e-05, 1.50941814354e-05, 1.4008580365e-05, 7.02428587829e-06, 5.1363485909e-06, 2.05324408853e-06, 9.49680270423e-07, 2.8735226465e-07, 1.25710670318e-07, 6.6907590579e-09, 1.0214855628e-09],
        "dmean2": [9.25466508761e-07, 0.000396106828703, 0.000555971113499, 0.00118838797789, 0.00357335619628, 0.00217586755753, 0.00108226423617, 0.000346276792698, 0.000172617510543, 0.000198192210519, 0.000102972029708, 7.90000485722e-05, 6.67153217364e-05, 7.49594837544e-05, 3.99662967538e-05, 1.86222732736e-05, 3.40377264365e-05, 2.18994573515e-05, 1.88540798263e-05, 9.25755011849e-06, 7.68705649534e-06, 3.11852863888e-06, 1.58079103585e-06, 4.81286804188e-07, 2.27947992926e-07, 1.15320366589e-08, 1.86661774926e-09],
        "dvar": [2.22749284295e-11, 1.1102715689e-06, 1.77663650902e-06, 2.47130333264e-06, 1.73449134309e-05, 9.87952898868e-06, 1.1096207345e-05, 8.55826272073e-07, 4.39061011548e-07, 1.48127654143e-07, 1.89335963796e-07, 1.90403444122e-08, 1.32442954381e-08, 2.31701005049e-08, 1.00012051973e-08, 1.46971634862e-09, 8.84834250314e-09, 6.23806917233e-09, 3.83504961121e-09, 1.43871536906e-09, 8.46064662774e-10, 1.5534394604e-10, 4.11811279522e-11, 5.18281034409e-12, 2.34800698849e-12, 6.98401450197e-15, 1.26304515565e-17],
        "dvar2": [6.42584666033e-11, 2.76135278909e-06, 6.14469399807e-06, 8.50551077747e-06, 5.31611767656e-05, 2.66104452749e-05, 1.62237574841e-05, 1.61698369538e-06, 8.34063143884e-07, 3.70625684809e-07, 4.81395204588e-07, 4.18807459823e-08, 3.18168140723e-08, 4.87557834106e-08, 2.52030218917e-08, 3.56937057688e-09, 1.98726652911e-08, 1.44361926857e-08, 7.9616846449e-09, 2.75617662027e-09, 2.01313699044e-09, 3.50003248606e-10, 1.09960110461e-10, 1.37421671265e-11, 6.66618539882e-12, 1.92907315285e-14, 3.70195915034e-17],
        "max": [0.000311478652293, 0.0342013388872, 0.0294564962387, 0.0241638161242, 0.0887125879526, 0.0699536651373, 0.121826551855, 0.0364359207451, 0.0287902411073, 0.0127166835591, 0.0325769782066, 0.00357031868771, 0.00297185615636, 0.00442825257778, 0.00213206908666, 0.00134030403569, 0.00270332675427, 0.00264761783183, 0.00221094628796, 0.00150047102943, 0.000935593270697, 0.000573883531615, 0.000163481934578, 8.87395290192e-05, 5.2493694966e-05, 4.12196095567e-06, 1.46683234448e-07],
        "mean": [5.61188812753e-07, 0.000827083073091, 0.000992979505099, 0.00130901439115, 0.00585680175573, 0.00496361171827, 0.00354432896711, 0.00079099892173, 0.000428589439252, 0.000543382426258, 0.000238130014623, 0.000191255196114, 0.00011700601317, 0.000118141797429, 4.76257009723e-05, 2.84427023871e-05, 5.5124892242e-05, 2.81276606984e-05, 2.77195540548e-05, 1.30804974106e-05, 8.13266433397e-06, 2.774929726e-06, 9.34127001528e-07, 2.70176457207e-07, 8.81858284174e-08, 5.67916202954e-09, 9.11087594258e-10],
        "median": [1.93918722857e-07, 5.65754526178e-05, 0.000182073883479, 0.000448337028502, 0.00277980836108, 0.00197825208306, 0.000603091320954, 0.000166557903867, 0.000144365098095, 0.000147996775922, 7.63591087889e-05, 6.65202969685e-05, 2.5854595151e-05, 2.62051689788e-05, 7.5956550063e-06, 3.71670830646e-06, 3.701422429e-06, 2.13131033888e-06, 1.31169281303e-06, 4.95698373015e-07, 1.69371929815e-07, 2.21300417991e-08, 3.97210087044e-09, 1.94801974551e-09, 1.3684556821e-09, 6.27225382743e-10, 2.2920657039e-10],
        "min": [4.63225828863e-25, 2.16837056639e-24, 1.2382086e-24, 4.46462140197e-25, 2.73603290163e-24, 1.18528764924e-23, 8.92059688842e-24, 8.8850232059e-24, 5.85443496707e-24, 1.9281079499e-23, 2.11224023364e-23, 1.82557212499e-23, 2.57731617798e-23, 4.33330887787e-23, 4.45395410927e-23, 8.33776436354e-23, 7.17496508767e-23, 5.81473727751e-23, 1.28692193236e-22, 1.92992548543e-22, 2.26737228656e-22, 2.9602251593e-22, 3.68979174479e-22, 5.6323795206e-22, 7.94611789572e-22, 1.27813015961e-21, 1.88723357017e-21],
        "var": [1.4487647193e-11, 5.13541817782e-06, 4.38695087723e-06, 4.313863883e-06, 7.45084907976e-05, 5.92018986936e-05, 7.3847710155e-05, 3.58867282557e-06, 1.14491410841e-06, 1.0137011941e-06, 2.777423731e-07, 9.77753913389e-08, 5.41297424661e-08, 6.07995858104e-08, 1.54549333331e-08, 4.21023571562e-09, 2.26474341503e-08, 8.95121132771e-09, 8.07400279967e-09, 2.50494447407e-09, 1.09246856006e-09, 1.98842650678e-10, 3.60829352508e-11, 4.06594983376e-12, 1.43663715906e-12, 4.71629639097e-15, 8.70184160956e-18]
    },
    "erbbands": {
        "dmean": [0.00241671921685, 0.0767773538828, 0.365341186523, 1.16387557983, 4.65548944473, 7.96318292618, 7.42088747025, 11.8843917847, 16.0509357452, 7.02716064453, 4.74942779541, 3.15435361862, 3.38822007179, 3.97417330742, 2.81767010689, 2.15313768387, 2.13278031349, 2.85744833946, 1.39246404171, 0.964896798134, 0.834204852581, 1.08090627193, 0.860360741615, 0.767922103405, 0.63938421011, 0.369218051434, 0.29200515151, 0.137878894806, 0.0763697102666, 0.0398605614901, 0.0232473053038, 0.00958215259016, 0.00374439940788, 0.00164679589216, 0.000766808690969, 7.96121967142e-05, 7.19138961358e-06, 8.64655760324e-07, 2.06120944313e-06, 4.88548857902e-06],
        "dmean2": [0.00370698911138, 0.116450361907, 0.574318826199, 2.02354240417, 7.99711084366, 13.7418165207, 11.4723491669, 19.7548065186, 21.928445816, 9.33573055267, 6.57085371017, 4.04700088501, 4.62219953537, 5.66062879562, 4.21311998367, 3.1158208847, 3.15793561935, 4.12721967697, 2.1194794178, 1.46148073673, 1.24130856991, 1.46611952782, 1.23996067047, 1.08308148384, 0.832209587097, 0.482581973076, 0.419730067253, 0.20117418468, 0.113343656063, 0.0623377114534, 0.0401130504906, 0.0162621922791, 0.00629404373467, 0.00291652767919, 0.00139607780147, 0.000141215336043, 1.22183319036e-05, 1.46847696669e-06, 3.18843262903e-06, 7.60886632634e-06],
        "dvar": [6.22392981313e-05, 0.0990581512451, 2.30179595947, 6.01120471954, 111.408149719, 351.84161377, 275.097290039, 932.458862305, 3131.95581055, 369.465057373, 574.799072266, 273.814117432, 120.212142944, 149.394271851, 254.033233643, 28.1045455933, 29.9563655853, 71.4561691284, 32.5998916626, 9.37606143951, 7.9953289032, 15.4255313873, 13.044262886, 10.0582609177, 8.50239181519, 2.97591328621, 2.55101799965, 0.563928246498, 0.176477834582, 0.0661922320724, 0.0255475956947, 0.00535953044891, 0.000904854212422, 0.000307416048599, 0.000124567275634, 1.80222320978e-06, 5.81748071937e-09, 1.88048934063e-11, 1.17464727181e-11, 6.48252285185e-11],
        "dvar2": [0.000119963253383, 0.263287097216, 7.99379062653, 19.6572055817, 341.56652832, 1108.83337402, 630.304748535, 2660.68017578, 4787.00048828, 601.07421875, 1105.90637207, 497.482757568, 271.768157959, 372.266845703, 655.12097168, 61.6370506287, 69.5101699829, 149.769042969, 80.6072998047, 23.2005844116, 18.4961681366, 31.9131526947, 30.3565387726, 22.4260044098, 18.3477039337, 5.74138832092, 5.81778001785, 1.25090885162, 0.406836718321, 0.165407314897, 0.0717198625207, 0.01426616963, 0.0023941649124, 0.000849051342811, 0.000357162207365, 5.18178876519e-06, 1.6171330941e-08, 4.77558929901e-11, 2.61820981562e-11, 1.4859849462e-10],
        "max": [0.327127099037, 9.40504264832, 33.8015289307, 45.7804718018, 185.59223938, 386.805511475, 519.432800293, 621.635498047, 1858.95983887, 546.860534668, 991.613708496, 790.46484375, 585.823242188, 353.134246826, 1147.17626953, 144.584320068, 153.649414062, 225.515441895, 122.498672485, 91.4569015503, 89.7560653687, 91.6464309692, 116.450874329, 90.3922195435, 134.407989502, 46.222492218, 49.0732421875, 20.8553962708, 11.5927782059, 7.05437612534, 4.83443784714, 2.43498206139, 0.909998357296, 0.563721239567, 0.475916773081, 0.0799692720175, 0.003358499147, 0.000221376642003, 9.09365990083e-05, 0.000204643481993],
        "mean": [0.00807051640004, 0.245412394404, 1.08116805553, 2.80205607414, 9.72230815887, 22.1272830963, 27.8396530151, 42.3941764832, 67.3174209595, 23.3350143433, 18.1919708252, 10.6577777863, 13.8290843964, 15.5859956741, 10.2202005386, 8.13894462585, 6.33774232864, 6.72013902664, 2.7841861248, 2.08494877815, 1.98896086216, 2.43625450134, 1.7928352356, 1.47922050953, 1.22812116146, 0.731806516647, 0.470834702253, 0.222328439355, 0.105363786221, 0.0462947636843, 0.0235337913036, 0.00937747582793, 0.00331358378753, 0.00125136692077, 0.000523392867763, 6.99557931512e-05, 1.14591830425e-05, 1.73198191078e-06, 9.60821762419e-06, 2.24671730393e-05],
        "median": [0.000935537507758, 0.0237045772374, 0.218194961548, 1.38754618168, 3.49117469788, 8.30402755737, 10.1310815811, 14.1582803726, 13.0402517319, 6.54118061066, 4.74575138092, 4.33640098572, 4.84304571152, 4.99652194977, 4.26708984375, 3.26649522781, 1.93270802498, 1.60348522663, 0.702013492584, 0.400129169226, 0.258882880211, 0.219199568033, 0.178154945374, 0.119781807065, 0.0521276146173, 0.0296775437891, 0.0119582246989, 0.00384372938424, 0.00104171875864, 0.000334820244461, 0.000117357252748, 6.14119344391e-05, 4.28939019912e-05, 2.88115043077e-05, 1.97940789803e-05, 1.22311121231e-05, 5.26308758708e-06, 9.45710667111e-07, 6.70123881719e-06, 1.57035556185e-05],
        "min": [7.83933869334e-23, 3.6440123163e-22, 1.84011416362e-21, 4.88290531704e-21, 1.15673348834e-20, 1.16234918844e-20, 5.10506276511e-20, 6.41825528528e-20, 8.80913877404e-20, 2.5379229852e-19, 4.13658057539e-19, 1.47687385655e-19, 4.99572163735e-19, 6.94495413927e-19, 1.03119974756e-18, 1.27438267924e-18, 1.37652108012e-18, 2.48782303364e-18, 3.11712301852e-18, 3.23001373339e-18, 4.52097011357e-18, 4.45333569078e-18, 4.6456551832e-18, 5.79927187115e-18, 6.38325683412e-18, 9.27066311114e-18, 9.9977962286e-18, 9.40756729278e-18, 9.13747297044e-18, 1.2999650388e-17, 9.84224491441e-18, 1.08103101017e-17, 1.02505313386e-17, 7.84121891203e-18, 6.54040915639e-18, 4.07885407028e-18, 2.35828654971e-18, 9.44312902808e-19, 2.34782447272e-19, 2.78527835806e-20],
        "var": [0.000422822951805, 0.41956910491, 5.54498243332, 15.059677124, 220.785263062, 1347.67724609, 1806.95678711, 5124.66650391, 21701.4160156, 2058.77270508, 2298.79101562, 716.75378418, 815.235473633, 805.553039551, 401.229064941, 157.148010254, 132.677017212, 197.149932861, 49.7792854309, 20.568939209, 21.8527774811, 41.0235557556, 23.5660705566, 17.9373054504, 16.4411697388, 6.10542678833, 3.48758745193, 0.825053274632, 0.229558035731, 0.0658835619688, 0.0213057193905, 0.00429673073813, 0.000705236336216, 0.000204414318432, 7.21930555301e-05, 1.04694925085e-06, 4.10468015133e-09, 1.92978272251e-11, 1.03022930464e-10, 5.6354104716e-10]
    },
    "gfcc": {
        "mean": [-222.719055176, 223.891815186, -107.064483643, -18.3431739807, -44.4930381775, -31.3268566132, -23.9514389038, -24.3443164825, -20.6134853363, -15.8023738861, -0.205336585641, -10.4923763275, -0.0799748897552],
        "cov": [[25284.4042969, 1950.12072754, -7483.70654297, 1004.59124756, -470.74118042, -1499.81689453, 600.617126465, -578.905944824, 223.172134399, -117.25353241, 205.146484375, -80.3863067627, -80.6780395508], [1950.12072754, 2146.05615234, 603.362243652, -1028.36157227, 369.347137451, -43.6392097473, -51.6766090393, -117.250183105, -226.425994873, -147.079421997, -63.9176445007, -52.1332321167, 52.2204742432], [-7483.70654297, 603.362243652, 3785.27294922, -730.416320801, 173.660446167, 729.151245117, -342.538085938, 128.106567383, -206.40776062, -122.895797729, -144.728134155, -26.0925312042, 47.5361251831], [1004.59124756, -1028.36157227, -730.416320801, 1114.4699707, -161.500946045, 6.82222652435, 182.349243164, 42.658744812, 158.393569946, 56.2237052917, 14.3435287476, -26.5218772888, -72.413520813], [-470.74118042, 369.347137451, 173.660446167, -161.500946045, 499.525482178, 39.0181694031, 63.0611953735, 51.2816505432, -34.3443222046, 1.14471852779, -46.422958374, -20.6906070709, -5.38101816177], [-1499.81689453, -43.6392097473, 729.151245117, 6.82222652435, 39.0181694031, 350.717163086, -9.51776885986, 94.4607620239, 23.7489128113, 1.51270782948, 2.95870661736, -16.2821540833, -9.48100566864], [600.617126465, -51.6766090393, -342.538085938, 182.349243164, 63.0611953735, -9.51776885986, 214.41293335, 59.4268188477, 69.3918914795, 53.8425636292, 35.3825683594, 3.9439766407, -4.88585233688], [-578.905944824, -117.250183105, 128.106567383, 42.658744812, 51.2816505432, 94.4607620239, 59.4268188477, 166.984298706, 78.6942749023, 62.5419845581, 45.4147033691, 16.1038169861, -3.20762705803], [223.172134399, -226.425994873, -206.40776062, 158.393569946, -34.3443222046, 23.7489128113, 69.3918914795, 78.6942749023, 169.005691528, 76.00365448, 62.9411888123, 38.1783866882, -15.9960985184], [-117.25353241, -147.079421997, -122.895797729, 56.2237052917, 1.14471852779, 1.51270782948, 53.8425636292, 62.5419845581, 76.00365448, 114.445800781, 69.895690918, 34.9547958374, 8.96128368378], [205.146484375, -63.9176445007, -144.728134155, 14.3435287476, -46.422958374, 2.95870661736, 35.3825683594, 45.4147033691, 62.9411888123, 69.895690918, 105.157791138, 48.2485084534, 11.1400289536], [-80.3863067627, -52.1332321167, -26.0925312042, -26.5218772888, -20.6906070709, -16.2821540833, 3.9439766407, 16.1038169861, 38.1783866882, 34.9547958374, 48.2485084534, 83.320350647, 38.5529022217], [-80.6780395508, 52.2204742432, 47.5361251831, -72.413520813, -5.38101816177, -9.48100566864, -4.88585233688, -3.20762705803, -15.9960985184, 8.96128368378, 11.1400289536, 38.5529022217, 75.1601028442]],
        "icov": [[0.000400317861931, -0.00107136869337, 0.000884428096469, -0.000750863400754, 0.000533558311872, -0.000270702934358, 0.00053592066979, 6.21967558345e-07, -0.000442496093456, 0.00044551762403, -2.52739537245e-05, -8.24243688839e-05, -0.000171062827576], [-0.00107136869337, 0.00408736616373, -0.00250041228719, 0.00305676856078, -0.00200938340276, 0.00101903360337, -0.0024244885426, 0.000787978526205, 0.00103979825508, 0.000283990957541, -0.00121605128516, 0.00148301862646, 4.28291150456e-06], [0.000884428096469, -0.00250041228719, 0.00273670558818, -0.00146053638309, 0.00129633652978, -0.00217205961235, 0.00197914405726, -0.000612862990238, -0.000245209375862, 0.000491706188768, 0.00132230273448, -0.0011397843482, -0.00025225157151], [-0.000750863400754, 0.00305676856078, -0.00146053638309, 0.00380776822567, -0.000853624369483, 2.70109285339e-05, -0.00275153224356, 0.000704706588294, 6.17471378064e-05, -8.87059650267e-05, 0.000480941671412, 0.00106064416468, 0.000864443252794], [0.000533558311872, -0.00200938340276, 0.00129633652978, -0.000853624369483, 0.0037698186934, -0.000785805168562, -0.000239882050664, -0.00140698405448, 0.000401350960601, -0.00116904173046, 0.00313178170472, -0.00148651737254, 0.000944761151914], [-0.000270702934358, 0.00101903360337, -0.00217205961235, 2.70109285339e-05, -0.000785805168562, 0.00700588943437, -0.00111578823999, -0.00135415908881, -0.00142327998765, 0.00183800328523, -0.00320727028884, 0.00320590939373, -0.000592781812884], [0.00053592066979, -0.0024244885426, 0.00197914405726, -0.00275153224356, -0.000239882050664, -0.00111578823999, 0.00945354904979, -0.0022482899949, -0.00127336254809, -0.00144444685429, 2.05804099096e-05, 0.000355878204573, -0.00156666606199], [6.21967558345e-07, 0.000787978526205, -0.000612862990238, 0.000704706588294, -0.00140698405448, -0.00135415908881, -0.0022482899949, 0.01179596968, -0.00370792695321, -0.00168128265068, -0.00297013367526, 0.00216528819874, -0.000653661205433], [-0.000442496093456, 0.00103979825508, -0.000245209375862, 6.17471378064e-05, 0.000401350960601, -0.00142327998765, -0.00127336254809, -0.00370792695321, 0.0140114324167, -0.0049455454573, 0.000704155070707, -0.00649892818183, 0.00542621035129], [0.00044551762403, 0.000283990957541, 0.000491706188768, -8.87059650267e-05, -0.00116904173046, 0.00183800328523, -0.00144444685429, -0.00168128265068, -0.0049455454573, 0.0215160045773, -0.0115984482691, 0.00274251005612, -0.00343857845291], [-2.52739537245e-05, -0.00121605128516, 0.00132230273448, 0.000480941671412, 0.00313178170472, -0.00320727028884, 2.05804099096e-05, -0.00297013367526, 0.000704155070707, -0.0115984482691, 0.0254578404129, -0.0114342784509, 0.0037636323832], [-8.24243688839e-05, 0.00148301862646, -0.0011397843482, 0.00106064416468, -0.00148651737254, 0.00320590939373, 0.000355878204573, 0.00216528819874, -0.00649892818183, 0.00274251005612, -0.0114342784509, 0.0270483978093, -0.0128522617742], [-0.000171062827576, 4.28291150456e-06, -0.00025225157151, 0.000864443252794, 0.000944761151914, -0.000592781812884, -0.00156666606199, -0.000653661205433, 0.00542621035129, -0.00343857845291, 0.0037636323832, -0.0128522617742, 0.0215733274817]]
    },
    "melbands": {
        "dmean": [4.692571747e-05, 0.000160383046023, 0.000300886516925, 0.000447140744654, 0.000290073861834, 0.00026866258122, 0.000236103413044, 6.6998974944e-05, 3.71338064724e-05, 1.85175795195e-05, 1.72551735886e-05, 1.70872590388e-05, 9.90871285467e-06, 6.81139317749e-06, 5.32979402124e-06, 4.24887048212e-06, 5.4963270486e-06, 2.18516834138e-06, 1.62486264799e-06, 9.33044873364e-07, 1.09450490982e-06, 1.12754878501e-06, 1.15950342661e-06, 8.65745164447e-07, 6.25421705536e-07, 5.53491645405e-07, 2.68085187827e-07, 2.78058706726e-07, 1.79388564447e-07, 1.61468108217e-07, 6.01206693318e-08, 4.94995155975e-08, 2.71326285883e-08, 2.12556923174e-08, 1.40689282446e-08, 1.0728413713e-08, 4.11505141074e-09, 2.78697731559e-09, 2.1239432435e-09, 1.04345732055e-09],
        "dmean2": [7.1216316428e-05, 0.000248288619332, 0.000525860115886, 0.000780758680776, 0.000460923562059, 0.000443710596301, 0.000321596860886, 9.09798764042e-05, 5.10578101967e-05, 2.39141954808e-05, 2.36930409301e-05, 2.43001231865e-05, 1.48576682477e-05, 1.00552115327e-05, 7.83531322668e-06, 6.12940084466e-06, 8.01108853921e-06, 3.33368188876e-06, 2.53562848229e-06, 1.39463827509e-06, 1.63572940437e-06, 1.49812899508e-06, 1.699500217e-06, 1.25989515709e-06, 8.9066156761e-07, 7.18260992016e-07, 3.53237027184e-07, 3.71030353108e-07, 2.53959484553e-07, 2.43895215135e-07, 8.83298909571e-08, 7.49164925651e-08, 4.09671052637e-08, 3.38838219704e-08, 2.4458021386e-08, 1.86177757655e-08, 7.00323399272e-09, 4.65756944124e-09, 3.69773456299e-09, 1.86603643648e-09],
        "dvar": [3.06526288796e-08, 4.34898396406e-07, 4.24952304456e-07, 9.33433625505e-07, 3.96294524307e-07, 4.77470280202e-07, 6.94118170941e-07, 2.91315362944e-08, 3.52103306511e-08, 8.85401796324e-09, 3.09082670569e-09, 2.8193221091e-09, 4.20333945428e-09, 3.18102294505e-10, 1.71488226397e-10, 1.23324073176e-10, 2.79859163621e-10, 7.38310176884e-11, 2.91985290113e-11, 8.55774392322e-12, 1.56632935788e-11, 2.0105091203e-11, 3.32867483577e-11, 2.71009482217e-11, 6.38921641288e-12, 6.85844653639e-12, 2.512132646e-12, 1.95291699479e-12, 1.23879107927e-12, 1.1882456824e-12, 1.41436829696e-13, 8.23093559998e-14, 2.66444310192e-14, 2.25260822907e-14, 9.0636608055e-15, 6.27578823192e-15, 1.58145974631e-15, 6.58757269535e-16, 3.61837254944e-16, 1.91579304737e-16],
        "dvar2": [6.77958240658e-08, 1.4555710095e-06, 1.37765812269e-06, 3.04254103867e-06, 9.82670144367e-07, 1.28290423618e-06, 1.05830145003e-06, 4.95150800361e-08, 6.88713157615e-08, 1.66392961631e-08, 7.04962443976e-09, 7.10124492542e-09, 1.06563691205e-08, 7.52362006029e-10, 3.87728738005e-10, 2.54079451922e-10, 6.02438654518e-10, 1.79595033289e-10, 7.31353172467e-11, 2.07767535815e-11, 3.54190322904e-11, 3.80798552413e-11, 8.45997091825e-11, 6.29115648465e-11, 1.44033248869e-11, 1.36340288018e-11, 5.23046319797e-12, 3.83692426789e-12, 2.61652830479e-12, 2.91732588607e-12, 2.96991354036e-13, 1.88400442708e-13, 6.57106002098e-14, 5.58768932816e-14, 2.56039238883e-14, 1.70904482515e-14, 4.3521221986e-15, 1.7393547345e-15, 9.8467135426e-16, 5.3121676581e-16],
        "max": [0.00647324603051, 0.0149259828031, 0.0106195192784, 0.0179405286908, 0.0213010087609, 0.0154083753005, 0.0283323805779, 0.00479073263705, 0.0074139488861, 0.0042556123808, 0.00295769656077, 0.0015751136234, 0.00487046968192, 0.000458312657429, 0.000386573636206, 0.000298769300571, 0.000472119107144, 0.00017934924108, 0.000127087085275, 8.68736824486e-05, 0.000130116502987, 0.000146156045957, 0.00020312522247, 0.000172097003087, 6.25059255981e-05, 0.000100701632618, 0.000100415367342, 3.52677816409e-05, 3.54302828782e-05, 4.71494895464e-05, 1.82722633326e-05, 1.0704991837e-05, 4.84069005324e-06, 3.85118119084e-06, 2.8621761885e-06, 2.0036513888e-06, 2.16225475924e-06, 9.97455458673e-07, 6.15822557393e-07, 5.67086544834e-07],
        "mean": [0.000152615553816, 0.000497838540468, 0.000661011319607, 0.00115809880663, 0.00102633319329, 0.000970699242316, 0.000986841390841, 0.000209832258406, 0.000138435687404, 6.08093650953e-05, 6.9320507464e-05, 6.46568660159e-05, 3.441444278e-05, 2.36741889239e-05, 1.76982903213e-05, 1.16301443995e-05, 1.25195747387e-05, 4.18000036007e-06, 3.2641571579e-06, 2.11102837966e-06, 2.46121544478e-06, 2.51826008935e-06, 2.44277930506e-06, 1.49716584019e-06, 1.1681330534e-06, 1.07930395643e-06, 4.9588783213e-07, 5.20623018474e-07, 2.70078345466e-07, 2.47854757163e-07, 9.09632831281e-08, 6.50135163482e-08, 3.58164022884e-08, 2.16558770916e-08, 1.39240174946e-08, 9.83174253122e-09, 3.86481335823e-09, 2.40227060466e-09, 1.69149361184e-09, 7.51318895986e-10],
        "median": [1.14282565846e-05, 8.4733364929e-05, 0.000332309573423, 0.000484850170324, 0.000428660598118, 0.000321313505992, 0.00018909398932, 5.87585382164e-05, 3.5984787246e-05, 2.24342111323e-05, 2.31056910707e-05, 1.81351497304e-05, 1.23829322547e-05, 9.48412161961e-06, 6.00706971454e-06, 2.77226899925e-06, 2.55922304859e-06, 8.17103227746e-07, 5.49134881567e-07, 2.68236618695e-07, 2.01262054134e-07, 1.71074034938e-07, 1.25067060708e-07, 8.07883040466e-08, 8.6318159731e-08, 3.39887407108e-08, 1.97747205277e-08, 1.53573616046e-08, 5.62009283556e-09, 3.73571751311e-09, 1.10155307098e-09, 5.59272961276e-10, 2.2394130994e-10, 1.30717492386e-10, 5.29471536059e-11, 4.02764835372e-11, 2.33599389832e-11, 2.09488468239e-11, 1.76715274358e-11, 1.24194300677e-11],
        "min": [9.95322764627e-25, 9.17592453938e-25, 8.77462212221e-25, 7.36591671894e-25, 1.63485269492e-24, 1.41124602842e-24, 1.82218053585e-24, 3.19662906267e-24, 3.14519533165e-24, 6.48303296154e-25, 2.4325297124e-24, 2.15663527435e-24, 3.4606783598e-24, 2.66227598472e-24, 2.78174679945e-24, 2.72355253047e-24, 3.47238821108e-24, 2.95625584789e-24, 3.19336732004e-24, 3.25467443415e-24, 4.26745981821e-24, 3.6280553168e-24, 3.17720533503e-24, 3.58355488427e-24, 3.69765612004e-24, 4.72226810678e-24, 4.16722439058e-24, 4.8602592062e-24, 5.28872585142e-24, 4.37282165843e-24, 4.89133756485e-24, 4.05141882083e-24, 5.25430982228e-24, 6.08970089914e-24, 4.83488746733e-24, 4.3218553275e-24, 5.58261164293e-24, 6.22596360431e-24, 6.30212496926e-24, 5.77213902528e-24],
        "var": [1.66465525808e-07, 1.18771617963e-06, 8.16846295493e-07, 3.2157311125e-06, 2.48777587331e-06, 2.74609783446e-06, 4.77960475109e-06, 1.52296209421e-07, 1.33644348921e-07, 2.35223041045e-08, 2.09035473375e-08, 1.51447281382e-08, 5.94585136682e-09, 1.33579036721e-09, 1.01136454767e-09, 4.98707630747e-10, 7.27024107583e-10, 1.18165352503e-10, 5.65675978281e-11, 2.242009009e-11, 4.15597833925e-11, 5.93582821784e-11, 6.81348172327e-11, 3.57035512266e-11, 1.15330904549e-11, 1.50189513604e-11, 3.90073867304e-12, 3.76510541494e-12, 1.73245001244e-12, 1.40238797137e-12, 1.96213745664e-13, 1.03199336555e-13, 3.17678249971e-14, 2.04841043894e-14, 7.69472427263e-15, 4.77610115221e-15, 1.11377272795e-15, 5.13004286895e-16, 2.55747357682e-16, 1.23583496668e-16]
    },
    "mfcc": {
        "mean": [-830.290039062, 217.395462036, 14.8818378448, 11.4652080536, -8.93402671814, -8.54921150208, -3.73095107079, -10.9274425507, -14.8975248337, -12.9734716415, -8.5989818573, -5.32135391235, -4.76010227203],
        "cov": [[12879.0498047, 2894.11181641, -4725.35107422, 391.279998779, -826.608642578, -380.192260742, -195.754440308, -236.2368927, -122.342910767, 54.9540863037, 124.954452515, 153.62878418, 21.94282341], [2894.11181641, 2793.42919922, -267.762329102, -610.894714355, 19.9862003326, -101.334732056, 58.010017395, -51.3464393616, -82.0102844238, -111.170150757, -93.9810028076, -95.583190918, -95.8669967651], [-4725.35107422, -267.762329102, 2778.81665039, -232.810073853, 255.487731934, 271.162109375, 80.6303863525, 154.624267578, 21.9021930695, -68.7222824097, -104.2942276, -101.38117981, -63.3342590332], [391.279998779, -610.894714355, -232.810073853, 610.144775391, -14.013753891, 26.8752326965, 28.0761318207, 13.5923929214, 52.0035362244, 51.6963729858, 45.6189041138, 41.6180419922, 16.0811367035], [-826.608642578, 19.9862003326, 255.487731934, -14.013753891, 351.450134277, 95.4499511719, 62.9476509094, 70.4364776611, 39.7897758484, 18.0815658569, 0.0886418521404, -15.7887229919, -22.8787727356], [-380.192260742, -101.334732056, 271.162109375, 26.8752326965, 95.4499511719, 204.158630371, 70.9424667358, 63.7125701904, 45.4727897644, 22.1348838806, 19.3374958038, 8.14050865173, -18.7815303802], [-195.754440308, 58.010017395, 80.6303863525, 28.0761318207, 62.9476509094, 70.9424667358, 176.054534912, 51.1625480652, 34.3237609863, 49.7456130981, 20.3561534882, -2.68367123604, -28.6855163574], [-236.2368927, -51.3464393616, 154.624267578, 13.5923929214, 70.4364776611, 63.7125701904, 51.1625480652, 123.397994995, 59.5897140503, 42.6826477051, 40.6537094116, 28.6064720154, 14.049495697], [-122.342910767, -82.0102844238, 21.9021930695, 52.0035362244, 39.7897758484, 45.4727897644, 34.3237609863, 59.5897140503, 102.88633728, 52.4520797729, 33.9162139893, 31.0526504517, 14.8074550629], [54.9540863037, -111.170150757, -68.7222824097, 51.6963729858, 18.0815658569, 22.1348838806, 49.7456130981, 42.6826477051, 52.4520797729, 118.219421387, 71.8204956055, 33.6800193787, 16.3116493225], [124.954452515, -93.9810028076, -104.2942276, 45.6189041138, 0.0886418521404, 19.3374958038, 20.3561534882, 40.6537094116, 33.9162139893, 71.8204956055, 133.717285156, 91.3106842041, 20.0893058777], [153.62878418, -95.583190918, -101.38117981, 41.6180419922, -15.7887229919, 8.14050865173, -2.68367123604, 28.6064720154, 31.0526504517, 33.6800193787, 91.3106842041, 168.308181763, 43.0579833984], [21.94282341, -95.8669967651, -63.3342590332, 16.0811367035, -22.8787727356, -18.7815303802, -28.6855163574, 14.049495697, 14.8074550629, 16.3116493225, 20.0893058777, 43.0579833984, 115.512298584]],
