{
"lowlevel": {
    "average_loudness": 0.0175603237003,
    "barkbands_crest": {
        "dmean": 2.44037127495,
        "dmean2": 3.97004413605,
        "dvar": 6.11630249023,
        "dvar2": 15.0266656876,
        "max": 26.2885131836,
        "mean": 13.8718614578,
        "median": 13.0828714371,
        "min": 2.87636399269,
        "var": 23.2859306335
    },
    "barkbands_flatness_db": {
        "dmean": 0.0237409714609,
        "dmean2": 0.0366338230669,
        "dvar": 0.000713495886885,
        "dvar2": 0.00147739890963,
        "max": 0.604460120201,
        "mean": 0.287950158119,
        "median": 0.289187908173,
        "min": 0.03319792822,
        "var": 0.00696434220299
    },
    "barkbands_kurtosis": {
        "dmean": 7.06390762329,
        "dmean2": 11.2159967422,
        "dvar": 571.408081055,
        "dvar2": 1432.77661133,
        "max": 573.615966797,
        "mean": 13.022526741,
        "median": 6.07159519196,
        "min": -1.88702189922,
        "var": 714.707214355
    },
    "barkbands_skewness": {
        "dmean": 0.649702787399,
        "dmean2": 1.0054847002,
        "dvar": 1.01455569267,
        "dvar2": 2.30056810379,
        "max": 20.9321918488,
        "mean": 2.13511013985,
        "median": 1.89093208313,
        "min": -4.52630472183,
        "var": 3.42335963249
    },
    "barkbands_spread": {
        "dmean": 1.80784475803,
        "dmean2": 2.75890374184,
        "dvar": 18.9873523712,
        "dvar2": 39.39037323,
        "max": 127.48348999,
        "mean": 6.90473031998,
        "median": 4.30578327179,
        "min": 0.157083719969,
        "var": 138.67678833
    },
    "dissonance": {
        "dmean": 0.0360337384045,
        "dmean2": 0.0611692778766,
        "dvar": 0.00129794620443,
        "dvar2": 0.00359603669494,
        "max": 0.500000059605,
        "mean": 0.387011021376,
        "median": 0.396999150515,
        "min": 0,
        "var": 0.00505324965343
    },
    "dynamic_complexity": 7.35725164413,
    "erbbands_crest": {
        "dmean": 2.17551255226,
        "dmean2": 3.49911832809,
        "dvar": 5.92465209961,
        "dvar2": 14.4212799072,
        "max": 34.6634483337,
        "mean": 12.6304988861,
        "median": 11.1895608902,
        "min": 2.49331593513,
        "var": 37.8004302979
    },
    "erbbands_flatness_db": {
        "dmean": 0.0152085861191,
        "dmean2": 0.0230519007891,
        "dvar": 0.000329178612446,
        "dvar2": 0.000646693457384,
        "max": 0.485967248678,
        "mean": 0.264587700367,
        "median": 0.275750219822,
        "min": 0.0446997769177,
        "var": 0.00523509876803
    },
    "erbbands_kurtosis": {
        "dmean": 1.49431109428,
        "dmean2": 2.37567210197,
        "dvar": 9.09254646301,
        "dvar2": 21.1823921204,
        "max": 82.7059860229,
        "mean": 2.77512097359,
        "median": 1.00065231323,
        "min": -1.77369594574,
        "var": 32.7165260315
    },
    "erbbands_skewness": {
        "dmean": 0.34415063262,
        "dmean2": 0.538090288639,
        "dvar": 0.161268860102,
        "dvar2": 0.355062037706,
        "max": 6.44026947021,
        "mean": 0.70249068737,
        "median": 0.695759952068,
        "min": -6.68620157242,
        "var": 1.13833034039
    },
    "erbbands_spread": {
        "dmean": 3.46517968178,
        "dmean2": 5.36346292496,
        "dvar": 45.291053772,
        "dvar2": 86.5978622437,
        "max": 150.382980347,
        "mean": 18.0684947968,
        "median": 13.8774623871,
        "min": 0.630505621433,
        "var": 219.046600342
    },
    "hfc": {
        "dmean": 3.20122218132,
        "dmean2": 4.60956668854,
        "dvar": 144.472640991,
        "dvar2": 295.063049316,
        "max": 457.887237549,
        "mean": 8.04409122467,
        "median": 2.36426138878,
        "min": 1.22818718561e-16,
        "var": 327.252410889
    },
    "melbands_crest": {
        "dmean": 2.71548509598,
        "dmean2": 4.35570287704,
        "dvar": 7.2808470726,
        "dvar2": 17.7276763916,
        "max": 36.9988899231,
        "mean": 17.5322055817,
        "median": 16.9860038757,
        "min": 2.06168842316,
        "var": 35.192150116
    },
    "melbands_flatness_db": {
        "dmean": 0.0268466845155,
        "dmean2": 0.0410872623324,
        "dvar": 0.00102519174106,
        "dvar2": 0.00203541573137,
        "max": 0.783693671227,
        "mean": 0.402842491865,
        "median": 0.406032949686,
        "min": 0.00473217479885,
        "var": 0.0109442872927
    },
    "melbands_kurtosis": {
        "dmean": 8.11077308655,
        "dmean2": 12.4731960297,
        "dvar": 761.839294434,
        "dvar2": 1635.73364258,
        "max": 852.686889648,
        "mean": 16.3688621521,
        "median": 7.5400686264,
        "min": -1.91169714928,
        "var": 1274.60876465
    },
    "melbands_skewness": {
        "dmean": 0.632470011711,
        "dmean2": 0.979860186577,
        "dvar": 0.760206282139,
        "dvar2": 1.58770370483,
        "max": 22.340429306,
        "mean": 2.42527365685,
        "median": 2.16886043549,
        "min": -4.52593946457,
        "var": 3.66965293884
    },
    "melbands_spread": {
        "dmean": 2.12850999832,
        "dmean2": 3.38245129585,
        "dvar": 27.5031433105,
        "dvar2": 71.3129196167,
        "max": 177.20211792,
        "mean": 8.03365325928,
        "median": 5.3989572525,
        "min": 0.244440674782,
        "var": 161.981658936
    },
    "pitch_salience": {
        "dmean": 0.0676429718733,
        "dmean2": 0.111105203629,
        "dvar": 0.00519101740792,
        "dvar2": 0.0132901947945,
        "max": 0.979042887688,
        "mean": 0.463912606239,
        "median": 0.475201845169,
        "min": 0.0577557459474,
        "var": 0.0203688088804
    },
    "silence_rate_20dB": {
        "dmean": 0.0142228240147,
        "dmean2": 0.0284480564296,
        "dvar": 0.0140197928995,
        "dvar2": 0.0291661955416,
        "max": 1,
        "mean": 0.976974546909,
        "median": 1,
        "min": 0,
        "var": 0.0224950052798
    },
    "silence_rate_30dB": {
        "dmean": 0.0362343378365,
        "dmean2": 0.0724748149514,
        "dvar": 0.0349208936095,
        "dvar2": 0.0746703743935,
        "max": 1,
        "mean": 0.911792099476,
        "median": 1,
        "min": 0,
        "var": 0.0804192721844
    },
    "silence_rate_60dB": {
        "dmean": 0.0284456480294,
        "dmean2": 0.0568961128592,
        "dvar": 0.0276386998594,
        "dvar2": 0.0621237568557,
        "max": 1,
        "mean": 0.356217712164,
        "median": 0,
        "min": 0,
        "var": 0.229317650199
    },
    "spectral_centroid": {
        "dmean": 72.4825897217,
        "dmean2": 110.219749451,
        "dvar": 27960.3515625,
        "dvar2": 49348.125,
        "max": 11013.2333984,
        "mean": 511.081848145,
        "median": 403.878570557,
        "min": 101.975524902,
        "var": 203681.640625
    },
    "spectral_complexity": {
        "dmean": 1.33779203892,
        "dmean2": 2.14681220055,
        "dvar": 7.39605569839,
        "dvar2": 13.3973360062,
        "max": 63,
        "mean": 8.47710132599,
        "median": 7,
        "min": 0,
        "var": 46.6041259766
    },
    "spectral_decrease": {
        "dmean": 5.78935832607e-09,
        "dmean2": 8.47222025868e-09,
        "dvar": 6.38386233033e-16,
        "dvar2": 1.32538061641e-15,
        "max": 4.86310672097e-29,
        "mean": -1.06420223744e-08,
        "median": -1.81519765885e-09,
        "min": -4.98017129757e-07,
        "var": 1.10900054432e-15
    },
    "spectral_energy": {
        "dmean": 0.0221040099859,
        "dmean2": 0.0323301292956,
        "dvar": 0.00922518223524,
        "dvar2": 0.0191477425396,
        "max": 1.89206504822,
        "mean": 0.0408951081336,
        "median": 0.00713023915887,
        "min": 1.09564668478e-20,
        "var": 0.0160827767104
    },
    "spectral_energyband_high": {
        "dmean": 7.63163989177e-05,
        "dmean2": 0.000112259673188,
        "dvar": 3.57623207492e-07,
        "dvar2": 6.84515100602e-07,
        "max": 0.0345834642649,
        "mean": 0.000117948868137,
        "median": 4.11906995623e-07,
        "min": 8.04492599314e-21,
        "var": 1.12033637834e-06
    },
    "spectral_energyband_low": {
        "dmean": 0.0203454606235,
        "dmean2": 0.0296763610095,
        "dvar": 0.00874913111329,
        "dvar2": 0.0183147322387,
        "max": 1.85126638412,
        "mean": 0.0306993629783,
        "median": 0.00131514051463,
        "min": 5.78446079596e-23,
        "var": 0.0142823355272
    },
    "spectral_energyband_middle_high": {
        "dmean": 0.000553999154363,
        "dmean2": 0.000843446352519,
        "dvar": 6.43917610432e-06,
        "dvar2": 1.42240041896e-05,
        "max": 0.106943175197,
        "mean": 0.00124819623306,
        "median": 0.000260235363385,
        "min": 1.5848536179e-21,
        "var": 1.0303124327e-05
    },
    "spectral_energyband_middle_low": {
        "dmean": 0.00402413774282,
        "dmean2": 0.0069505404681,
        "dvar": 0.000308724760544,
        "dvar2": 0.000880505191162,
        "max": 0.409801721573,
        "mean": 0.00960911251605,
        "median": 0.0030697863549,
        "min": 2.62203178021e-22,
        "var": 0.000353981886292
    },
    "spectral_entropy": {
        "dmean": 0.169056460261,
        "dmean2": 0.265113025904,
        "dvar": 0.0467521175742,
        "dvar2": 0.0978842675686,
        "max": 9.79857730865,
        "mean": 6.03290462494,
        "median": 5.91427278519,
        "min": 4.13555526733,
        "var": 0.550057351589
    },
    "spectral_flux": {
        "dmean": 0.029217088595,
        "dmean2": 0.0467511937022,
        "dvar": 0.00583624839783,
        "dvar2": 0.0134080853313,
        "max": 1.21476650238,
        "mean": 0.0565758384764,
        "median": 0.0246293693781,
        "min": 1.04673145152e-10,
        "var": 0.0100983008742
    },
    "spectral_kurtosis": {
        "dmean": 9.69204139709,
        "dmean2": 16.3260421753,
        "dvar": 129.28213501,
        "dvar2": 335.174377441,
        "max": 309.307220459,
        "mean": 39.9747962952,
        "median": 34.8804893494,
        "min": -1.25399684906,
        "var": 916.980102539
    },
    "spectral_rms": {
        "dmean": 0.000942804617807,
        "dmean2": 0.00136925315019,
        "dvar": 5.23796643392e-06,
        "dvar2": 1.0239187759e-05,
        "max": 0.0429641380906,
        "mean": 0.00421135593206,
        "median": 0.00263748574071,
        "min": 3.26943962355e-12,
        "var": 2.21621703531e-05
    },
    "spectral_rolloff": {
        "dmean": 145.720870972,
        "dmean2": 244.135314941,
        "dvar": 388831.65625,
        "dvar2": 935280.5,
        "max": 19767.4804688,
        "mean": 614.291137695,
        "median": 430.6640625,
        "min": 21.533203125,
        "var": 1405317.125
    },
    "spectral_skewness": {
        "dmean": 0.605773329735,
        "dmean2": 1.01002287865,
        "dvar": 0.401558786631,
        "dvar2": 1.00147891045,
        "max": 15.2167625427,
        "mean": 4.67275476456,
        "median": 4.75105381012,
        "min": -0.00811081193388,
        "var": 4.04174613953
    },
    "spectral_spread": {
        "dmean": 351289.1875,
        "dmean2": 539039.1875,
        "dvar": 455107379200,
        "dvar2": 631860297728,
        "max": 41413592,
        "mean": 2306270.75,
        "median": 1867244.125,
        "min": 331511.09375,
        "var": 2.66544768614e+12
    },
    "spectral_strongpeak": {
        "dmean": 0.235216677189,
        "dmean2": 0.379927039146,
        "dvar": 0.167424708605,
        "dvar2": 0.391315490007,
        "max": 7.16598320007,
        "mean": 0.674013197422,
        "median": 0.381632894278,
        "min": 0,
        "var": 0.628531396389
    },
    "zerocrossingrate": {
        "dmean": 0.00408115005121,
        "dmean2": 0.00512246740982,
        "dvar": 0.000101736281067,
        "dvar2": 0.000155568268383,
        "max": 0.5048828125,
        "mean": 0.0240446180105,
        "median": 0.01904296875,
        "min": 0.00244140625,
        "var": 0.000809967983514
    },
    "barkbands": {
        "dmean": [0.000514283135999, 0.0168059356511, 0.00478661386296, 0.00137501198333, 0.00194065936375, 0.000570122792851, 0.000468776677735, 0.000398065545596, 9.90918269963e-05, 0.00014990773343, 0.000159628441907, 0.00011821348744, 4.85430682602e-05, 3.81431746064e-05, 3.77166143153e-05, 4.28594175901e-05, 5.1650145906e-05, 5.07291078975e-05, 4.13804773416e-05, 2.83642930299e-05, 2.58849977399e-05, 1.50011028381e-05, 1.09690381578e-05, 5.97915914113e-06, 4.70975737699e-06, 8.051893019e-06, 3.58807119483e-06],
        "dmean2": [0.000795761821792, 0.0244989488274, 0.00829973910004, 0.00255415658467, 0.00337476888672, 0.000884842069354, 0.000786401506048, 0.000569631636608, 0.000158859504154, 0.000220185567741, 0.000260427361354, 0.00018855217786, 7.50203398638e-05, 6.21778235654e-05, 5.6496624893e-05, 7.11472384864e-05, 8.6310581537e-05, 7.91376223788e-05, 6.53262686683e-05, 4.32492342952e-05, 4.1126524593e-05, 2.3126574888e-05, 1.7307473172e-05, 8.7707194325e-06, 6.20592300038e-06, 1.05653934952e-05, 4.74823036711e-06],
        "dvar": [1.05665667434e-05, 0.00743916723877, 0.00043288510642, 6.33383606328e-05, 6.33916424704e-05, 3.03356841869e-06, 1.12842071758e-05, 4.76805007565e-06, 3.53132492137e-07, 6.41914596144e-07, 7.49196090055e-07, 4.57539101717e-07, 6.23172411451e-08, 8.65043432441e-08, 3.96497448207e-08, 6.69737261205e-08, 1.42806214853e-07, 2.16227704186e-07, 1.43292055554e-07, 5.58064385814e-08, 5.31084971556e-08, 2.09494537273e-08, 2.41609292573e-08, 3.13086845338e-09, 8.88811080291e-10, 2.33754327006e-09, 4.72313743671e-10],
        "dvar2": [2.6998206522e-05, 0.0159040279686, 0.0012295297347, 0.000186997654964, 0.000179186230525, 7.90272588347e-06, 3.28269961756e-05, 1.09014845293e-05, 8.65024333052e-07, 1.40768440815e-06, 1.84926784641e-06, 1.05511890069e-06, 1.43130293395e-07, 2.34480680206e-07, 8.28148287724e-08, 1.63120787988e-07, 3.74133122705e-07, 4.96309326081e-07, 3.11408513198e-07, 1.03250251016e-07, 1.17652163567e-07, 4.52195152434e-08, 6.60058816493e-08, 6.95750390634e-09, 1.41640932316e-09, 4.44354375517e-09, 9.14057662893e-10],
        "max": [0.0693600401282, 1.7380181551, 0.361320286989, 0.161242961884, 0.16573664546, 0.0756155699492, 0.150771319866, 0.0978340655565, 0.0246820300817, 0.0339145176113, 0.0333505682647, 0.0373394452035, 0.0107293417677, 0.0140776205808, 0.0108113959432, 0.00815207418054, 0.0171391386539, 0.0245680473745, 0.0157740395516, 0.0109700169414, 0.0118306484073, 0.0143302790821, 0.0143689708784, 0.0057875784114, 0.00119469489437, 0.00104866432957, 0.000463551841676],
        "mean": [0.000607054389548, 0.022185543552, 0.00719358911738, 0.00133123213891, 0.00334480521269, 0.00237021548674, 0.00109861127567, 0.00111695448868, 0.000207399920328, 0.000314708158839, 0.000292923738016, 0.00023581161804, 8.76653575688e-05, 5.88010952924e-05, 6.72649184708e-05, 8.21780413389e-05, 5.91879761487e-05, 5.49636461074e-05, 5.00820751768e-05, 3.76541902369e-05, 3.33230382239e-05, 2.19544399442e-05, 1.56296919158e-05, 8.70315125212e-06, 6.39218205833e-06, 8.6495629148e-06, 3.90401828554e-06],
        "median": [1.66185634498e-06, 0.00031992373988, 0.000444943783805, 0.00012740380771, 0.000790968129877, 0.000394541420974, 0.000147675324115, 0.000157931266585, 4.80498783872e-05, 5.78283143113e-05, 5.4716001614e-05, 2.84939487756e-05, 1.06779170892e-05, 4.72290867037e-06, 4.18563558924e-06, 1.77667345724e-06, 1.06901927666e-06, 3.7199737335e-07, 2.37543233084e-07, 9.13957194371e-08, 6.15933402059e-08, 3.39362173918e-08, 3.01776665879e-08, 3.50477016298e-08, 4.31683844226e-08, 5.51065681975e-08, 6.63002950319e-08],
        "min": [1.29541271049e-23, 1.99326880731e-23, 2.37274924136e-23, 4.56512859218e-24, 4.88414772879e-23, 6.16819934341e-23, 3.50580767224e-23, 3.69928937765e-23, 2.66273908551e-23, 6.44615038129e-23, 5.92783784321e-23, 7.85857175329e-23, 8.18815152861e-23, 1.12508238449e-22, 1.35825527925e-22, 2.15315986874e-22, 1.05733734497e-22, 2.60224310974e-22, 4.05904503897e-22, 3.07872039764e-22, 4.04980438543e-22, 6.94184015565e-22, 6.77990026467e-22, 7.54205399996e-22, 1.18563688743e-21, 1.63807136101e-21, 2.63771822251e-21],
        "var": [1.25870910779e-05, 0.0109545560554, 0.000489278521854, 3.70056586689e-05, 6.55633266433e-05, 3.69521003449e-05, 1.27308212541e-05, 1.43338893395e-05, 5.56176985356e-07, 1.14704550924e-06, 1.12501959393e-06, 1.01790942608e-06, 8.46632346452e-08, 7.72594077603e-08, 8.41713543309e-08, 1.05893221303e-07, 1.21313078694e-07, 2.19180037675e-07, 1.82426603601e-07, 9.32971389034e-08, 8.57132747001e-08, 7.03062994489e-08, 6.6810429189e-08, 1.07388258286e-08, 1.68962299707e-09, 3.2682063722e-09, 6.53621656799e-10]
    },
    "erbbands": {
        "dmean": [0.547773003578, 3.62478041649, 6.20974111557, 4.66507101059, 5.39424514771, 7.31635951996, 5.3517203331, 4.54757261276, 7.11093187332, 5.66408634186, 9.30988121033, 2.54687333107, 3.53172135353, 6.13726329803, 5.38783454895, 5.13447332382, 2.38344883919, 1.67783653736, 2.2833366394, 1.74299132824, 2.6912343502, 2.23977375031, 3.09854650497, 2.05017709732, 2.1025493145, 1.45613229275, 1.25912737846, 0.777871370316, 0.558024644852, 0.465473234653, 0.247977361083, 0.148529738188, 0.0857651606202, 0.0559103749692, 0.0359816364944, 0.0282608736306, 0.0168524608016, 0.0040058339946, 0.000708853651304, 4.79463087686e-05],
        "dmean2": [0.75327950716, 5.52737140656, 10.6631383896, 8.428647995, 9.74374485016, 12.6436452866, 8.78631687164, 7.13156509399, 11.3199825287, 9.17905330658, 13.3094902039, 3.9742705822, 5.1835398674, 9.3758649826, 9.03392410278, 8.02704811096, 3.66431856155, 2.64646458626, 3.59052300453, 2.69277739525, 4.44282913208, 3.65642142296, 4.89150619507, 3.16898846626, 3.3616938591, 2.23380851746, 1.94203078747, 1.19929325581, 0.866388380527, 0.733937799931, 0.386938273907, 0.222269281745, 0.121418476105, 0.0743147879839, 0.0473686344922, 0.0367681384087, 0.0228424705565, 0.00543218618259, 0.000955861876719, 6.03321786912e-05],
        "dvar": [10.1746816635, 314.328613281, 696.973388672, 622.60723877, 844.626220703, 888.490783691, 272.315429688, 287.725769043, 2156.14013672, 1276.75732422, 2877.6472168, 203.971801758, 190.273529053, 1277.68798828, 1069.26367188, 753.575073242, 114.550468445, 96.7602615356, 277.989868164, 72.3027801514, 310.394012451, 298.742889404, 919.534851074, 359.595458984, 362.693481445, 149.499328613, 151.290100098, 40.8092498779, 30.3698883057, 30.1166191101, 11.665848732, 3.25278806686, 0.346743255854, 0.135905772448, 0.0476287454367, 0.0285475328565, 0.0105370469391, 0.000619153259322, 1.8239406927e-05, 3.83680891503e-08],
        "dvar2": [21.2215232849, 707.784606934, 1959.07189941, 1810.17150879, 2472.00634766, 2448.68481445, 727.226928711, 757.823669434, 6133.59619141, 3483.9140625, 6829.99316406, 530.971191406, 409.233764648, 2832.02392578, 2868.10961914, 1783.39038086, 257.560821533, 252.734191895, 703.350830078, 148.166824341, 740.862487793, 754.573852539, 2195.24853516, 840.50604248, 784.30456543, 286.541107178, 331.330963135, 90.5010452271, 66.1721725464, 78.0708312988, 30.0875701904, 8.16480827332, 0.70319801569, 0.251939535141, 0.0702387541533, 0.0550366677344, 0.0204057581723, 0.00126753817312, 3.53032155544e-05, 5.91016799945e-08],
        "max": [62.1329078674, 370.35256958, 479.07925415, 499.015350342, 619.842956543, 807.481384277, 596.679931641, 926.91204834, 2168.12475586, 1365.68164062, 2678.40576172, 581.181091309, 563.908813477, 1314.84741211, 1276.58630371, 1172.31164551, 431.135986328, 502.891876221, 838.45300293, 361.449401855, 655.221008301, 725.116577148, 1629.17492676, 940.848144531, 982.484619141, 586.591308594, 672.697265625, 275.74609375, 528.397888184, 530.386413574, 392.144439697, 196.557556152, 30.9221286774, 16.1497478485, 8.06265354156, 3.92495203018, 2.30914664268, 0.563348293304, 0.0910608842969, 0.00471628597006],
        "mean": [0.693712294102, 4.70813083649, 9.30082893372, 5.70129776001, 7.41064214706, 11.5554065704, 15.4769582748, 17.793586731, 22.3279361725, 11.77485466, 26.7857055664, 6.4418759346, 8.91668987274, 12.2779693604, 10.0588331223, 10.6383495331, 4.69279432297, 3.21115994453, 3.67071557045, 3.92146801949, 4.12490510941, 2.60975384712, 3.13943386078, 2.50417399406, 2.59700274467, 1.8656090498, 1.56973278522, 1.0434333086, 0.824605286121, 0.695450663567, 0.382660269737, 0.217764258385, 0.116020813584, 0.073217920959, 0.0470497570932, 0.0312340706587, 0.0178758986294, 0.00417010206729, 0.00076662003994, 7.67956662457e-05],
        "median": [0.00296488939784, 0.114291287959, 0.599474430084, 0.584589362144, 1.05833876133, 2.89778208733, 3.40022969246, 2.754601717, 2.87354421616, 2.54748630524, 3.46725416183, 1.57487237453, 1.97150111198, 2.30116605759, 2.21114206314, 1.35210549831, 0.722379803658, 0.372093498707, 0.280702829361, 0.185597777367, 0.140414461493, 0.0606178194284, 0.0288590248674, 0.0189816057682, 0.00920178554952, 0.00501216342673, 0.0033889093902, 0.00217275717296, 0.0013066950487, 0.00103046069853, 0.000858682615217, 0.000732381478883, 0.000609356036875, 0.000470925529953, 0.000334937882144, 0.000212297876715, 0.000110598833999, 4.16347793362e-05, 1.47780428961e-05, 9.36133801588e-06],
        "min": [4.46255711075e-22, 5.68783606358e-21, 2.1705146572e-20, 2.31391029379e-20, 2.92414453457e-20, 2.0947108242e-19, 5.46957980607e-19, 3.84536595387e-19, 3.82849638076e-19, 4.4786913615e-19, 1.09596592157e-18, 6.58507473812e-19, 2.34436902911e-18, 1.76405778204e-18, 3.40604665993e-18, 2.10327421149e-18, 3.12314323901e-18, 6.76115305619e-18, 7.27727860325e-18, 7.49587679655e-18, 1.1902892441e-17, 7.63041937754e-18, 1.15443319793e-17, 2.038497615e-17, 1.73884366261e-17, 1.53896622093e-17, 1.83587476087e-17, 1.60268874116e-17, 3.12813965807e-17, 1.72016857135e-17, 1.86049132503e-17, 1.811765093e-17, 1.10927955896e-17, 9.63289129164e-18, 9.94973124475e-18, 4.97451531138e-18, 3.46084427358e-18, 1.69682836756e-18, 4.00100360504e-19, 3.31194263849e-20],
        "var": [15.3641910553, 420.85824585, 807.896362305, 449.308929443, 717.376281738, 855.92401123, 1163.07739258, 3223.20263672, 5282.12158203, 1803.22412109, 7764.03125, 282.860015869, 523.043579102, 2301.9675293, 1245.6784668, 2012.69799805, 178.071594238, 117.570930481, 347.38861084, 164.672775269, 340.846893311, 269.190765381, 865.885131836, 372.547943115, 517.995666504, 243.236236572, 216.164016724, 84.0254821777, 102.926651001, 116.573532104, 36.9604568481, 10.0710048676, 0.917493224144, 0.255052924156, 0.0874955132604, 0.040645096451, 0.0143080707639, 0.000797275919467, 2.4913562811e-05, 8.07981592743e-08]
    },
    "gfcc": {
        "mean": [-173.938110352, 165.895431519, -73.1114883423, -19.2411746979, -48.4541664124, -4.82156324387, -27.5949382782, -8.28632926941, -23.1643981934, -6.05481433868, -13.3142089844, -2.29783272743, -6.52317285538],
        "cov": [[12879.1289062, 783.51385498, -2111.03320312, 2487.8684082, 1567.79833984, 33.7572593689, 559.126708984, 616.645629883, 710.316040039, 371.110931396, 351.255004883, 86.9909744263, 214.157867432], [783.51385498, 2071.04833984, -50.0677909851, -335.227752686, 602.364013672, -20.4853687286, 103.340393066, 5.60086917877, 253.877731323, -37.6800231934, 134.199874878, -132.46647644, 22.5273342133], [-2111.03320312, -50.0677909851, 1707.80871582, -123.581993103, -275.804351807, 296.498413086, 83.3587112427, 25.284942627, 55.6064071655, 67.8369522095, -53.424331665, -1.18115031719, -34.1941184998], [2487.8684082, -335.227752686, -123.581993103, 1166.54650879, 357.197296143, 121.172073364, 314.194335938, 246.343978882, 240.001266479, 141.765991211, 99.1064453125, 51.4852905273, 55.2023353577], [1567.79833984, 602.364013672, -275.804351807, 357.197296143, 732.648071289, 138.70199585, 196.044662476, 169.94303894, 242.203231812, 90.3921356201, 152.216339111, -5.60258960724, 31.6221351624], [33.7572593689, -20.4853687286, 296.498413086, 121.172073364, 138.70199585, 292.867889404, 128.235305786, 56.3601722717, 55.225151062, 57.075969696, 31.277305603, 30.6069145203, -10.9708557129], [559.126708984, 103.340393066, 83.3587112427, 314.194335938, 196.044662476, 128.235305786, 255.244842529, 132.279541016, 102.79158783, 46.5252380371, 56.9310073853, -1.6477111578, 2.38096499443], [616.645629883, 5.60086917877, 25.284942627, 246.343978882, 169.94303894, 56.3601722717, 132.279541016, 193.576049805, 153.874679565, 77.3776702881, 51.1317634583, 2.0389046669, -2.11332464218], [710.316040039, 253.877731323, 55.6064071655, 240.001266479, 242.203231812, 55.225151062, 102.79158783, 153.874679565, 279.814666748, 139.291244507, 85.846282959, -2.4241092205, 20.0653381348], [371.110931396, -37.6800231934, 67.8369522095, 141.765991211, 90.3921356201, 57.075969696, 46.5252380371, 77.3776702881, 139.291244507, 167.859954834, 76.2130279541, 22.4034729004, 7.99208164215], [351.255004883, 134.199874878, -53.424331665, 99.1064453125, 152.216339111, 31.277305603, 56.9310073853, 51.1317634583, 85.846282959, 76.2130279541, 126.405204773, 31.9394874573, 3.15128111839], [86.9909744263, -132.46647644, -1.18115031719, 51.4852905273, -5.60258960724, 30.6069145203, -1.6477111578, 2.0389046669, -2.4241092205, 22.4034729004, 31.9394874573, 92.2465591431, 45.6430892944], [214.157867432, 22.5273342133, -34.1941184998, 55.2023353577, 31.6221351624, -10.9708557129, 2.38096499443, -2.11332464218, 20.0653381348, 7.99208164215, 3.15128111839, 45.6430892944, 98.8337478638]],
        "icov": [[0.000268497009529, -0.000359265715815, 0.000321261410136, -0.000697773648426, 4.78225483675e-05, -0.000214211962884, 0.000496674852911, -0.000563462614082, 0.000468626298243, -0.000591089308728, 0.000424849247793, -0.000272989913356, 3.0660446555e-06], [-0.000359265715815, 0.00211228081025, -0.000662677979562, 0.0019786444027, -0.00132005789783, 0.00100196176209, -0.00196471414529, 0.00267793890089, -0.00301918317564, 0.00274103553966, -0.00206539453939, 0.0021953927353, -0.000955936382525], [0.000321261410136, -0.000662677979562, 0.00141178630292, -0.000793687300757, 0.00107381679118, -0.00164587702602, 0.000497725384776, -0.000921116734389, 0.000125479666167, -0.000941436854191, 0.000819771375973, -0.000171391002368, -6.76198251313e-05], [-0.000697773648426, 0.0019786444027, -0.000793687300757, 0.00408852146938, -0.00110878783744, 0.00131929491181, -0.00386707298458, 0.00221795821562, -0.00309240352362, 0.00208784453571, -0.00118115858641, 0.000754721695557, -0.000707312428858], [4.78225483675e-05, -0.00132005789783, 0.00107381679118, -0.00110878783744, 0.00461599649861, -0.00291375769302, 0.0010122298263, -0.00217745336704, -0.000200433467398, 0.000384597078664, -0.00220434204675, 0.00125509721693, -0.00118295720313], [-0.000214211962884, 0.00100196176209, -0.00164587702602, 0.00131929491181, -0.00291375769302, 0.00798951741308, -0.00433983746916, 0.00270485458896, -0.000430598913226, -0.00114957650658, 0.00210729124956, -0.00395367061719, 0.00285005057231], [0.000496674852911, -0.00196471414529, 0.000497725384776, -0.00386707298458, 0.0010122298263, -0.00433983746916, 0.0123000061139, -0.00738606927916, 0.00414321012795, -0.000371792935766, -0.00188191467896, 0.00228404230438, -0.00136204250157], [-0.000563462614082, 0.00267793890089, -0.000921116734389, 0.00221795821562, -0.00217745336704, 0.00270485458896, -0.00738606927916, 0.016795784235, -0.00937927979976, 0.00268067745492, -9.97922907118e-05, -0.000512784114107, 0.00251447362825], [0.000468626298243, -0.00301918317564, 0.000125479666167, -0.00309240352362, -0.000200433467398, -0.000430598913226, 0.00414321012795, -0.00937927979976, 0.0161891207099, -0.00982888694853, 0.00151868571993, 0.000430462532677, -0.00157982355449], [-0.000591089308728, 0.00274103553966, -0.000941436854191, 0.00208784453571, 0.000384597078664, -0.00114957650658, -0.000371792935766, 0.00268067745492, -0.00982888694853, 0.0174447223544, -0.00896818190813, 0.00303201680072, -0.00154966895934], [0.000424849247793, -0.00206539453939, 0.000819771375973, -0.00118115858641, -0.00220434204675, 0.00210729124956, -0.00188191467896, -9.97922907118e-05, 0.00151868571993, -0.00896818190813, 0.0203794166446, -0.0116845164448, 0.00663912296295], [-0.000272989913356, 0.0021953927353, -0.000171391002368, 0.000754721695557, 0.00125509721693, -0.00395367061719, 0.00228404230438, -0.000512784114107, 0.000430462532677, 0.00303201680072, -0.0116845164448, 0.0248989332467, -0.0127549022436], [3.0660446555e-06, -0.000955936382525, -6.76198251313e-05, -0.000707312428858, -0.00118295720313, 0.00285005057231, -0.00136204250157, 0.00251447362825, -0.00157982355449, -0.00154966895934, 0.00663912296295, -0.0127549022436, 0.0176071375608]]
    },
    "melbands": {
        "dmean": [0.0047920262441, 0.00368205737323, 0.0008291908307, 0.000465947698103, 0.000208029174246, 0.00010584222764, 0.000109040447569, 6.36509867036e-05, 6.96051574778e-05, 1.37365559567e-05, 1.76100511453e-05, 2.45627652475e-05, 1.80908700713e-05, 1.50511532411e-05, 9.17731995287e-06, 4.01237002734e-06, 3.36519838129e-06, 3.79252742277e-06, 2.47230718742e-06, 3.25878409058e-06, 3.53301356881e-06, 2.72618831332e-06, 2.33061155086e-06, 2.48765491051e-06, 1.64400012181e-06, 1.50820721956e-06, 1.28558190227e-06, 9.85514361673e-07, 7.94194647824e-07, 7.6417074979e-07, 3.76515600919e-07, 3.25649637034e-07, 3.03436877402e-07, 2.96060846949e-07, 1.5941478182e-07, 1.0254129279e-07, 8.2872283258e-08, 6.23344291739e-08, 5.32939132825e-08, 4.73384922373e-08],
        "dmean2": [0.0068298378028, 0.00591623457149, 0.00150187220424, 0.000818339467514, 0.000347333378159, 0.000163343822351, 0.000176113549969, 0.00010072603618, 9.949356172e-05, 2.17349661398e-05, 2.58624204434e-05, 3.74489063688e-05, 3.00888350466e-05, 2.45172941504e-05, 1.42610770126e-05, 6.09602648183e-06, 5.41163763046e-06, 6.09018115938e-06, 3.70440329789e-06, 5.36473771717e-06, 5.84984627494e-06, 4.49797562396e-06, 3.76768502974e-06, 3.87452746509e-06, 2.54056180893e-06, 2.4498192488e-06, 2.01035754799e-06, 1.50891332851e-06, 1.18912794278e-06, 1.21669734199e-06, 5.80519497362e-07, 4.97552264278e-07, 4.85468433453e-07, 4.76096886359e-07, 2.48777098477e-07, 1.54616316195e-07, 1.25247112237e-07, 9.32937851417e-08, 7.17185102417e-08, 6.36356034533e-08],
        "dvar": [0.000693518959451, 0.00024085737823, 2.03528707061e-05, 4.21054210165e-06, 4.48170453637e-07, 1.49008187122e-07, 5.07392201143e-07, 1.41557123357e-07, 1.62465255471e-07, 5.54447554535e-09, 4.79447814783e-09, 2.18182023559e-08, 9.33590715846e-09, 8.37944202914e-09, 2.51331444545e-09, 2.18213280778e-10, 4.41386011074e-10, 9.39506361597e-10, 1.66928540435e-10, 3.13093689863e-10, 5.41981237667e-10, 4.00176142223e-10, 4.63665772443e-10, 6.38087416238e-10, 2.25260365916e-10, 1.78001627327e-10, 1.26242113985e-10, 7.28580182296e-11, 7.49906733932e-11, 4.18020167092e-11, 9.68703242621e-12, 9.64583447838e-12, 1.20695406794e-11, 1.98205150209e-11, 5.44633131996e-12, 1.6804953696e-12, 7.09593625178e-13, 2.45587811155e-13, 1.11962183773e-13, 9.95708778016e-14],
        "dvar2": [0.00146894168574, 0.000612587842625, 5.95003766648e-05, 1.19575606732e-05, 1.20644585877e-06, 3.86469565683e-07, 1.45150067965e-06, 3.67301339566e-07, 3.87492519849e-07, 1.39007507727e-08, 1.0346738577e-08, 4.81838604571e-08, 2.44653808323e-08, 1.98802698748e-08, 5.99087401909e-09, 4.78523720648e-10, 1.17741305594e-09, 2.44402298399e-09, 3.39213879208e-10, 7.74200814568e-10, 1.31621735733e-09, 1.02528385781e-09, 1.15709519743e-09, 1.48001366718e-09, 5.36604427559e-10, 4.01820354767e-10, 2.76562633905e-10, 1.47853243537e-10, 1.69549915774e-10, 1.05357146618e-10, 2.05141337944e-11, 2.11693579333e-11, 2.86677157707e-11, 5.43473564762e-11, 1.39832824139e-11, 4.40748392644e-12, 1.73588552387e-12, 5.91152127249e-13, 2.10284494353e-13, 1.90358959064e-13],
        "max": [0.526418507099, 0.302485972643, 0.0880318284035, 0.0432358495891, 0.024116428569, 0.0180067811161, 0.0328062996268, 0.0162548664957, 0.0204940065742, 0.00299143791199, 0.00284470128827, 0.00575188966468, 0.00328286201693, 0.00499122822657, 0.00179612555075, 0.000400191289373, 0.00108124129474, 0.00146093009971, 0.000662041944452, 0.000568775692955, 0.000900940096471, 0.000829423544928, 0.000927623186726, 0.00147245882545, 0.000689972017426, 0.00051470589824, 0.000622589548584, 0.000434988323832, 0.000464316428406, 0.000277294340776, 0.0001462483051, 0.000321424857248, 0.000361140700988, 0.000417275965447, 0.000265742884949, 0.000144301156979, 8.30756689538e-05, 2.632392534e-05, 1.38884515763e-05, 1.38809318742e-05],
        "mean": [0.00613161502406, 0.00541905360296, 0.00107175577432, 0.000684191705659, 0.000528989476152, 0.000432888686191, 0.000323512096656, 0.000137519571581, 0.000198301291675, 3.14971985063e-05, 4.33183849964e-05, 4.75639026263e-05, 3.28813293891e-05, 2.97904880426e-05, 1.80812912731e-05, 7.89057958173e-06, 5.74909881834e-06, 5.59845830139e-06, 4.53759912489e-06, 7.280452337e-06, 4.47828551842e-06, 3.11179837809e-06, 2.29916122407e-06, 2.7128369311e-06, 1.94358858607e-06, 1.77608455942e-06, 1.58570730946e-06, 1.18464470233e-06, 8.9838056283e-07, 9.33169928885e-07, 5.18965975971e-07, 4.80006519865e-07, 3.91969109614e-07, 3.93338495996e-07, 2.39944910163e-07, 1.46573654547e-07, 1.18148633987e-07, 8.14930913862e-08, 6.69772219908e-08, 5.94357985051e-08],
        "median": [5.53370482521e-05, 0.000299596460536, 0.000123172008898, 0.000146746373503, 0.00012845954916, 6.50184520055e-05, 4.22608027293e-05, 2.79931282421e-05, 2.45472747338e-05, 7.58067517381e-06, 8.76796093507e-06, 7.81216022006e-06, 6.94067193763e-06, 4.75210981676e-06, 2.18921468331e-06, 8.95769517228e-07, 5.11892437771e-07, 3.50574254071e-07, 2.88034698315e-07, 1.39755755413e-07, 1.36338869083e-07, 5.69994433874e-08, 1.87101054649e-08, 1.72400973497e-08, 9.10468234139e-09, 5.09166975249e-09, 4.1020227215e-09, 2.40815545283e-09, 1.7787253892e-09, 1.57300872328e-09, 9.54964884947e-10, 7.37324368227e-10, 6.10627326481e-10, 5.61353630246e-10, 4.94803809037e-10, 4.66294725054e-10, 4.46200520976e-10, 4.26272767085e-10, 4.0389341871e-10, 3.88999527035e-10],
        "min": [7.20341235854e-24, 1.04979668669e-23, 4.22319328294e-24, 7.19595762299e-24, 1.75729605587e-23, 9.68377484915e-24, 6.24829822869e-24, 4.13874808962e-24, 9.56854357014e-24, 4.07058143551e-24, 1.1311362924e-23, 6.16144661517e-24, 1.01184932171e-23, 8.79051451401e-24, 4.36718090853e-24, 1.0382167608e-23, 1.19300389218e-23, 1.1215720639e-23, 9.1971833547e-24, 1.20556011233e-23, 1.34235900625e-23, 6.12393470141e-24, 1.30826096694e-23, 8.47970173963e-24, 1.7764016359e-23, 1.37328519364e-23, 8.91320526174e-24, 1.0928895547e-23, 1.07099819126e-23, 1.00294268765e-23, 9.66294261036e-24, 2.03558093968e-23, 9.28840959637e-24, 1.09271040439e-23, 1.08784944349e-23, 1.0489686194e-23, 1.10657021718e-23, 8.32052065301e-24, 7.02129435224e-24, 7.80338525318e-24],
        "var": [0.00101494963747, 0.000312870397465, 1.44286996147e-05, 3.78689242098e-06, 1.22441952044e-06, 1.71736871835e-06, 1.06141590095e-06, 2.62518284444e-07, 4.29138111713e-07, 8.48989412106e-09, 1.2960975404e-08, 3.88658740746e-08, 1.19449730107e-08, 1.55622608133e-08, 4.45334169541e-09, 4.7470821718e-10, 4.88610318872e-10, 9.85858727987e-10, 3.40157985113e-10, 7.27655713462e-10, 5.29173149744e-10, 3.50311835096e-10, 4.16775863821e-10, 6.26345142418e-10, 2.28014246373e-10, 2.23446955383e-10, 1.97882654707e-10, 1.07865189003e-10, 8.96087579139e-11, 5.58107240978e-11, 2.3839215324e-11, 3.33159992649e-11, 2.96623073326e-11, 4.71157349247e-11, 1.60122939213e-11, 5.17658789098e-12, 2.13659970792e-12, 5.3320623741e-13, 2.17651851403e-13, 1.6846928312e-13]
    },
    "mfcc": {
        "mean": [-834.669189453, 210.817489624, 28.1409626007, 2.00424742699, -4.05569314957, 0.426154077053, -0.500379502773, -3.15957355499, -4.10496664047, -7.09993362427, -8.14947223663, -2.89931321144, 1.22191274166],
        "cov": [[12855.1728516, 214.002639771, -2642.18652344, 2027.87280273, 1012.51269531, 499.146240234, 265.676055908, 412.99911499, 521.611755371, 520.995788574, 382.567169189, 386.416259766, 308.243743896], [214.002639771, 2014.88928223, -151.644638062, -242.236099243, 350.288299561, 69.0784683228, 41.3303108215, 21.9563293457, 54.3245811462, 106.29637146, 105.370567322, 54.1310043335, 50.7520141602], [-2642.18652344, -151.644638062, 1566.44140625, -195.817855835, -217.780090332, 63.8305397034, -0.02611499466, 0.39865514636, 26.6657848358, -19.1589126587, 2.48885130882, -16.1491374969, -28.9641685486], [2027.87280273, -242.236099243, -195.817855835, 789.283081055, 230.254196167, 135.399002075, 109.843284607, 165.014694214, 194.451644897, 169.674606323, 124.925605774, 139.078720093, 105.269393921], [1012.51269531, 350.288299561, -217.780090332, 230.254196167, 399.070892334, 179.029968262, 89.3442993164, 112.266357422, 123.240997314, 135.713500977, 129.720352173, 106.842956543, 104.455627441], [499.146240234, 69.0784683228, 63.8305397034, 135.399002075, 179.029968262, 264.790557861, 131.084503174, 97.8255462646, 107.34098053, 72.9838562012, 71.4974746704, 80.6835403442, 57.2902488708], [265.676055908, 41.3303108215, -0.02611499466, 109.843284607, 89.3442993164, 131.084503174, 183.794418335, 116.391433716, 61.0335731506, 45.1490707397, 50.7360992432, 41.8576774597, 12.5011863708], [412.99911499, 21.9563293457, 0.39865514636, 165.014694214, 112.266357422, 97.8255462646, 116.391433716, 175.069869995, 100.853721619, 59.3938674927, 66.0839538574, 49.3970069885, 24.871389389], [521.611755371, 54.3245811462, 26.6657848358, 194.451644897, 123.240997314, 107.34098053, 61.0335731506, 100.853721619, 178.410003662, 115.257621765, 72.8928375244, 82.1989364624, 44.9698181152], [520.995788574, 106.29637146, -19.1589126587, 169.674606323, 135.713500977, 72.9838562012, 45.1490707397, 59.3938674927, 115.257621765, 178.260498047, 130.647476196, 77.4938659668, 51.1074981689], [382.567169189, 105.370567322, 2.48885130882, 124.925605774, 129.720352173, 71.4974746704, 50.7360992432, 66.0839538574, 72.8928375244, 130.647476196, 194.411270142, 96.1859970093, 48.7813301086], [386.416259766, 54.1310043335, -16.1491374969, 139.078720093, 106.842956543, 80.6835403442, 41.8576774597, 49.3970069885, 82.1989364624, 77.4938659668, 96.1859970093, 148.919006348, 89.4222183228], [308.243743896, 50.7520141602, -28.9641685486, 105.269393921, 104.455627441, 57.2902488708, 12.5011863708, 24.871389389, 44.9698181152, 51.1074981689, 48.7813301086, 89.4222183228, 126.796340942]],
