{
"lowlevel": {
    "average_loudness": 0.898945868015,
    "barkbands_crest": {
        "dmean": 2.40759778023,
        "dmean2": 4.03498649597,
        "dvar": 4.87126493454,
        "dvar2": 13.4502744675,
        "max": 25.5634422302,
        "mean": 12.6163835526,
        "median": 11.9806833267,
        "min": 3.9789454937,
        "var": 15.0969486237
    },
    "barkbands_flatness_db": {
        "dmean": 0.0264085158706,
        "dmean2": 0.0394462868571,
        "dvar": 0.00083226285642,
        "dvar2": 0.00173261854798,
        "max": 0.473557084799,
        "mean": 0.261428803205,
        "median": 0.260054528713,
        "min": 0.0535341240466,
        "var": 0.00503757130355
    },
    "barkbands_kurtosis": {
        "dmean": 10.2566728592,
        "dmean2": 16.0599975586,
        "dvar": 200.695541382,
        "dvar2": 489.259918213,
        "max": 230.875030518,
        "mean": 24.4791679382,
        "median": 18.2566318512,
        "min": -1.95742869377,
        "var": 511.526733398
    },
    "barkbands_skewness": {
        "dmean": 0.813423216343,
        "dmean2": 1.23730313778,
        "dvar": 0.795760571957,
        "dvar2": 1.81511330605,
        "max": 11.5226917267,
        "mean": 3.03847622871,
        "median": 2.79389953613,
        "min": -3.32399272919,
        "var": 2.94770956039
    },
    "barkbands_spread": {
        "dmean": 2.47043800354,
        "dmean2": 3.66688680649,
        "dvar": 38.3074607849,
        "dvar2": 70.4981384277,
        "max": 156.616485596,
        "mean": 7.75992250443,
        "median": 3.14403581619,
        "min": 0.375069618225,
        "var": 289.089691162
    },
    "dissonance": {
        "dmean": 0.0330268368125,
        "dmean2": 0.0543436147273,
        "dvar": 0.000863185385242,
        "dvar2": 0.00225913082249,
        "max": 0.500000059605,
        "mean": 0.401978313923,
        "median": 0.406192928553,
        "min": 0.147956341505,
        "var": 0.00258639012463
    },
    "dynamic_complexity": 3.46629190445,
    "erbbands_crest": {
        "dmean": 2.5990126133,
        "dmean2": 4.28389358521,
        "dvar": 6.46830844879,
        "dvar2": 17.6944026947,
        "max": 31.3614234924,
        "mean": 12.788394928,
        "median": 12.1532154083,
        "min": 2.55217671394,
        "var": 21.3142948151
    },
    "erbbands_flatness_db": {
        "dmean": 0.0232162587345,
        "dmean2": 0.0328947529197,
        "dvar": 0.000680583994836,
        "dvar2": 0.00135143240914,
        "max": 0.448499828577,
        "mean": 0.221229463816,
        "median": 0.220422580838,
        "min": 0.0274855457246,
        "var": 0.00361289991997
    },
    "erbbands_kurtosis": {
        "dmean": 3.34429645538,
        "dmean2": 5.17137002945,
        "dvar": 20.6943035126,
        "dvar2": 47.9735794067,
        "max": 99.3387451172,
        "mean": 8.46811676025,
        "median": 6.06916904449,
        "min": -1.90356397629,
        "var": 79.0527877808
    },
    "erbbands_skewness": {
        "dmean": 0.498982667923,
        "dmean2": 0.753721237183,
        "dvar": 0.299264073372,
        "dvar2": 0.67538356781,
        "max": 8.52636623383,
        "mean": 2.04160571098,
        "median": 2.03840875626,
        "min": -5.40754508972,
        "var": 1.59521222115
    },
    "erbbands_spread": {
        "dmean": 7.10832977295,
        "dmean2": 10.6598052979,
        "dvar": 168.185699463,
        "dvar2": 354.530181885,
        "max": 170.124206543,
        "mean": 22.3275108337,
        "median": 15.6513252258,
        "min": 1.61720764637,
        "var": 488.241455078
    },
    "hfc": {
        "dmean": 3.49958825111,
        "dmean2": 5.10175800323,
        "dvar": 82.4931793213,
        "dvar2": 152.632705688,
        "max": 500.092712402,
        "mean": 11.188747406,
        "median": 6.9386920929,
        "min": 1.16207467589e-16,
        "var": 305.245025635
    },
    "melbands_crest": {
        "dmean": 3.00925183296,
        "dmean2": 5.0638051033,
        "dvar": 7.49221754074,
        "dvar2": 21.0963897705,
        "max": 33.9923744202,
        "mean": 16.7416629791,
        "median": 16.1931209564,
        "min": 2.45571279526,
        "var": 22.2338752747
    },
    "melbands_flatness_db": {
        "dmean": 0.0282623600215,
        "dmean2": 0.0422310121357,
        "dvar": 0.00106046535075,
        "dvar2": 0.00224417890422,
        "max": 0.596812784672,
        "mean": 0.35187497735,
        "median": 0.354311645031,
        "min": 0.00694775721058,
        "var": 0.0072883637622
    },
    "melbands_kurtosis": {
        "dmean": 12.3204708099,
        "dmean2": 19.3611087799,
        "dvar": 366.958404541,
        "dvar2": 915.056640625,
        "max": 346.137786865,
        "mean": 28.2234115601,
        "median": 19.3906497955,
        "min": -1.90302371979,
        "var": 805.210144043
    },
    "melbands_skewness": {
        "dmean": 0.799339234829,
        "dmean2": 1.23680019379,
        "dvar": 0.900106310844,
        "dvar2": 2.09534525871,
        "max": 12.9096822739,
        "mean": 3.04318857193,
        "median": 2.67936086655,
        "min": -0.407336086035,
        "var": 2.88753223419
    },
    "melbands_spread": {
        "dmean": 2.19325470924,
        "dmean2": 3.27442359924,
        "dvar": 50.0641059875,
        "dvar2": 92.4252929688,
        "max": 253.463699341,
        "mean": 7.01251029968,
        "median": 3.24975371361,
        "min": 0.532975912094,
        "var": 228.612121582
    },
    "pitch_salience": {
        "dmean": 0.0641557127237,
        "dmean2": 0.107267290354,
        "dvar": 0.00332175428048,
        "dvar2": 0.00903039425611,
        "max": 0.850498795509,
        "mean": 0.545860826969,
        "median": 0.547696828842,
        "min": 0.175992414355,
        "var": 0.0092047424987
    },
    "silence_rate_20dB": {
        "dmean": 0,
        "dmean2": 0,
        "dvar": 0,
        "dvar2": 0,
        "max": 1,
        "mean": 1,
        "median": 1,
        "min": 1,
        "var": 0
    },
    "silence_rate_30dB": {
        "dmean": 0.00647016521543,
        "dmean2": 0.0129414936528,
        "dvar": 0.00642786826938,
        "dvar2": 0.0174476914108,
        "max": 1,
        "mean": 0.995057940483,
        "median": 1,
        "min": 0,
        "var": 0.00491744931787
    },
    "silence_rate_60dB": {
        "dmean": 0.00323508260772,
        "dmean2": 0.00647074682638,
        "dvar": 0.00322468578815,
        "dvar2": 0.00750719802454,
        "max": 1,
        "mean": 0.063976995647,
        "median": 0,
        "min": 0,
        "var": 0.0598833188415
    },
    "spectral_centroid": {
        "dmean": 90.0193252563,
        "dmean2": 139.160751343,
        "dvar": 50908.7382812,
        "dvar2": 103722.617188,
        "max": 11179.0625,
        "mean": 464.355560303,
        "median": 328.508056641,
        "min": 175.658966064,
        "var": 238936.921875
    },
    "spectral_complexity": {
        "dmean": 1.3060747385,
        "dmean2": 2.15457892418,
        "dvar": 3.27879357338,
        "dvar2": 8.23098945618,
        "max": 34,
        "mean": 7.97214508057,
        "median": 7,
        "min": 0,
        "var": 14.1487283707
    },
    "spectral_decrease": {
        "dmean": 2.14710316193e-09,
        "dmean2": 3.45762773968e-09,
        "dvar": 8.62027994681e-18,
        "dvar2": 2.02405289084e-17,
        "max": 1.21765711023e-16,
        "mean": -6.97412483319e-09,
        "median": -5.90260107458e-09,
        "min": -4.58210394072e-08,
        "var": 2.55648539377e-17
    },
    "spectral_energy": {
        "dmean": 0.00835409201682,
        "dmean2": 0.0134261399508,
        "dvar": 0.000128602070617,
        "dvar2": 0.000302065716824,
        "max": 0.17678964138,
        "mean": 0.0273367464542,
        "median": 0.0231772810221,
        "min": 1.08403651018e-20,
        "var": 0.000388725660741
    },
    "spectral_energyband_high": {
        "dmean": 0.000197454210138,
        "dmean2": 0.000259725609794,
        "dvar": 1.08439917312e-06,
        "dvar2": 1.86541444691e-06,
        "max": 0.0598925799131,
        "mean": 0.000358769728336,
        "median": 2.62027933786e-05,
        "min": 7.7939065656e-21,
        "var": 3.72230374523e-06
    },
    "spectral_energyband_low": {
        "dmean": 0.00225176569074,
        "dmean2": 0.00388891878538,
        "dvar": 1.02685116872e-05,
        "dvar2": 2.98017839668e-05,
        "max": 0.0522726848722,
        "mean": 0.00486340653151,
        "median": 0.00405827444047,
        "min": 5.57607593033e-23,
        "var": 1.5395000446e-05
    },
    "spectral_energyband_middle_high": {
        "dmean": 0.000416515540564,
        "dmean2": 0.000595790392254,
        "dvar": 1.56790883921e-06,
        "dvar2": 3.36651942234e-06,
        "max": 0.039941933006,
        "mean": 0.00113003328443,
        "median": 0.000236615043832,
        "min": 1.57771130913e-21,
        "var": 6.56447900838e-06
    },
    "spectral_energyband_middle_low": {
        "dmean": 0.00743589689955,
        "dmean2": 0.0119113912806,
        "dvar": 0.000115458613436,
        "dvar2": 0.000275263853837,
        "max": 0.16507075727,
        "mean": 0.022809356451,
        "median": 0.018492443487,
        "min": 4.5301765005e-22,
        "var": 0.000334890559316
    },
    "spectral_entropy": {
        "dmean": 0.269439101219,
        "dmean2": 0.396110057831,
        "dvar": 0.111845038831,
        "dvar2": 0.234721183777,
        "max": 9.79404067993,
        "mean": 6.18709993362,
        "median": 6.09056663513,
        "min": 4.17325687408,
        "var": 0.634887456894
    },
    "spectral_flux": {
        "dmean": 0.0213263165206,
        "dmean2": 0.0336673557758,
        "dvar": 0.000603683351073,
        "dvar2": 0.00145155540667,
        "max": 0.316961497068,
        "mean": 0.0605592653155,
        "median": 0.0531241074204,
        "min": 1.04117076072e-10,
        "var": 0.00156121701002
    },
    "spectral_kurtosis": {
        "dmean": 6.82229995728,
        "dmean2": 10.7246608734,
        "dvar": 93.7878723145,
        "dvar2": 216.07019043,
        "max": 123.391319275,
        "mean": 18.5789833069,
        "median": 12.8806200027,
        "min": -1.2473577261,
        "var": 307.46572876
    },
    "spectral_rms": {
        "dmean": 0.000733830616809,
        "dmean2": 0.00117224804126,
        "dvar": 6.56392330711e-07,
        "dvar2": 1.55119903411e-06,
        "max": 0.0131330760196,
        "mean": 0.0048000710085,
        "median": 0.00475520547479,
        "min": 3.25207113842e-12,
        "var": 3.62930268238e-06
    },
    "spectral_rolloff": {
        "dmean": 154.18901062,
        "dmean2": 267.320404053,
        "dvar": 574631.25,
        "dvar2": 1180655.5,
        "max": 19832.0800781,
        "mean": 768.497375488,
        "median": 344.53125,
        "min": 150.732421875,
        "var": 4768166
    },
    "spectral_skewness": {
        "dmean": 0.56518882513,
        "dmean2": 0.859003901482,
        "dvar": 0.455684393644,
        "dvar2": 1.03696799278,
        "max": 9.61675739288,
        "mean": 3.2383055687,
        "median": 3.02558541298,
        "min": -0.355119794607,
        "var": 2.06317734718
    },
    "spectral_spread": {
        "dmean": 746098.5625,
        "dmean2": 1019862.125,
        "dvar": 930752364544,
        "dvar2": 1.52682889216e+12,
        "max": 41329168,
        "mean": 4008314.5,
        "median": 3390577,
        "min": 688793.1875,
        "var": 5.73762332262e+12
    },
    "spectral_strongpeak": {
        "dmean": 0.359575420618,
        "dmean2": 0.605207562447,
        "dvar": 0.331215977669,
        "dvar2": 0.829893529415,
        "max": 25.2297229767,
        "mean": 0.877482235432,
        "median": 0.678415596485,
        "min": 0,
        "var": 0.673533141613
    },
    "zerocrossingrate": {
        "dmean": 0.00636283820495,
        "dmean2": 0.00718252174556,
        "dvar": 0.000146346108522,
        "dvar2": 0.000139117095387,
        "max": 0.69775390625,
        "mean": 0.0337616056204,
        "median": 0.01953125,
        "min": 0.005859375,
        "var": 0.00435221754014
    },
    "barkbands": {
        "dmean": [7.05916409061e-06, 0.00047152681509, 0.00137587671634, 0.00190903036855, 0.00521975103766, 0.00138864619657, 0.000741240626667, 0.000325963745127, 0.000609057140537, 0.000187807396287, 8.37281986605e-05, 0.000120501928905, 5.07804907102e-05, 8.36039471324e-05, 3.30865295837e-05, 1.58297279995e-05, 1.83247666428e-05, 1.41589798659e-05, 1.34753727252e-05, 2.45580667979e-05, 3.51037306245e-05, 2.9113914934e-05, 2.86264275928e-05, 6.49094290566e-05, 3.63039689546e-05, 1.52815155161e-05, 3.01690124616e-06],
        "dmean2": [1.09445491034e-05, 0.000750182312913, 0.00244688545354, 0.00310004223138, 0.00859743822366, 0.00207199365832, 0.00112355116289, 0.000473639956908, 0.000909276655875, 0.000281654414721, 0.000129766602186, 0.000183239855687, 7.28289815015e-05, 0.000127027538838, 4.99805610161e-05, 2.50019256782e-05, 2.84333891614e-05, 2.16801454371e-05, 2.07556513487e-05, 4.06049439334e-05, 5.70660886297e-05, 3.99653799832e-05, 3.99275631935e-05, 8.82677995833e-05, 4.96186949022e-05, 1.98626512429e-05, 4.00924272981e-06],
        "dvar": [5.82870918198e-10, 1.01045191059e-06, 4.13679254052e-06, 1.02255062302e-05, 7.78394023655e-05, 6.57214241073e-06, 5.58247893423e-06, 2.05038759304e-06, 5.7037964325e-06, 5.02432726535e-07, 1.64030794281e-07, 4.77312084968e-07, 8.64383267185e-08, 2.44657513804e-07, 1.76182535228e-08, 2.93021051867e-09, 2.64227595359e-09, 3.17720472154e-09, 1.639902103e-09, 8.33321767146e-09, 1.95102796141e-08, 2.44897506718e-08, 2.9375099686e-08, 4.20613275764e-07, 4.11243732401e-08, 2.78545786436e-09, 1.36160721587e-10],
        "dvar2": [1.36478495172e-09, 2.67881637228e-06, 1.25480282804e-05, 2.79244304693e-05, 0.000193389496417, 1.38810019052e-05, 1.09054108179e-05, 4.42616101282e-06, 1.28319879877e-05, 1.11414067305e-06, 3.90969375985e-07, 1.13384794531e-06, 1.7932110552e-07, 5.77804996738e-07, 3.74639270717e-08, 7.08501435298e-09, 6.31673513496e-09, 7.58634133291e-09, 3.40924000142e-09, 2.3109249625e-08, 4.74737262834e-08, 4.10695122355e-08, 5.91696540653e-08, 8.93792048373e-07, 8.08350435477e-08, 5.44010747561e-09, 3.15327819411e-10],
        "max": [0.000475843931781, 0.0164093896747, 0.0297085084021, 0.0476242862642, 0.153278484941, 0.103686489165, 0.122976981103, 0.0427759625018, 0.0724151059985, 0.0204575248063, 0.0144947133958, 0.0379063561559, 0.0231318417937, 0.0224562715739, 0.0063660889864, 0.00202585663646, 0.00178275885992, 0.00382957258262, 0.0022048773244, 0.00255247531459, 0.00459594093263, 0.00799148995429, 0.00921771209687, 0.0482106991112, 0.00813025049865, 0.00190850882791, 0.00045445971773],
        "mean": [6.8640124482e-06, 0.000635053147562, 0.00242082355544, 0.00451971357688, 0.0104454811662, 0.00458880281076, 0.00153088115621, 0.000569880707189, 0.00110656989273, 0.000375272677047, 0.000128275132738, 0.00020097430388, 8.74349789228e-05, 0.000167216450791, 6.40702346573e-05, 2.69254014711e-05, 3.61483434972e-05, 2.50827451964e-05, 2.53883299592e-05, 3.4075059375e-05, 4.16909133492e-05, 4.91283390147e-05, 5.04996496602e-05, 0.000111520545033, 6.21509825578e-05, 2.30353452935e-05, 3.86752435588e-06],
        "median": [5.04831234593e-07, 0.000233189450228, 0.00186863634735, 0.00326295639388, 0.00689017353579, 0.00218706205487, 0.00064381363336, 6.46900298307e-05, 0.000116283161333, 8.11788631836e-05, 5.57506973564e-06, 1.5783298295e-05, 7.59451268095e-06, 8.04369574325e-06, 7.55105384087e-06, 5.3124704209e-06, 8.18757962406e-06, 4.31845410276e-06, 7.3657752182e-06, 5.82060101806e-06, 4.11078008256e-06, 2.8777251373e-06, 2.69154816124e-06, 2.83480335384e-06, 2.47976231549e-06, 1.43373540595e-06, 1.95852209117e-07],
        "min": [2.87302648643e-24, 1.04552997471e-23, 1.11323688069e-23, 7.92301979598e-23, 5.43271339812e-23, 7.48520199359e-23, 2.63472127051e-23, 1.57058697376e-22, 5.09122939621e-23, 4.37572024894e-23, 6.64227066866e-23, 2.58428592185e-23, 1.70857174651e-22, 1.52809690592e-22, 1.75712228559e-22, 1.40535810079e-22, 2.09869905755e-22, 2.11147077871e-22, 2.80643994438e-22, 2.98700982693e-22, 4.64610245042e-22, 5.22380056366e-22, 5.70307306974e-22, 1.20325910604e-21, 1.16363299456e-21, 1.49706039161e-21, 2.66226605927e-21],
        "var": [6.29320096035e-10, 1.21214429782e-06, 5.48835168956e-06, 2.22324269998e-05, 0.000152992375661, 4.63471405965e-05, 1.34808060466e-05, 6.25517577646e-06, 1.46752981891e-05, 1.16644309855e-06, 3.17409615036e-07, 7.71330405769e-07, 1.80291507945e-07, 9.81267362477e-07, 6.60887948811e-08, 6.04853322983e-09, 8.75952821389e-09, 5.13243758604e-09, 5.67854518962e-09, 9.11167319373e-09, 2.98917406383e-08, 8.52144026453e-08, 8.42779215304e-08, 9.13825431326e-07, 1.17490685625e-07, 6.46546727268e-09, 1.85476675685e-10]
    },
    "erbbands": {
        "dmean": [0.00465582450852, 0.153676643968, 1.37064647675, 3.62395787239, 15.0847063065, 17.5474472046, 12.517619133, 11.5940885544, 10.7662725449, 9.38871669769, 7.79246616364, 13.9502801895, 6.12201929092, 5.52072954178, 4.81203222275, 3.36074709892, 2.48060059547, 4.53433322906, 1.95735275745, 1.18228816986, 0.92307639122, 0.955094337463, 0.908565223217, 0.549909353256, 0.795372009277, 1.23215258121, 1.63454222679, 1.05528438091, 1.05058014393, 0.8656077981, 0.792101383209, 1.30902719498, 1.09210085869, 0.518506407738, 0.203511640429, 0.0872768759727, 0.0227014552802, 0.00485270936042, 0.000472613581223, 3.39475591318e-05],
        "dmean2": [0.00803037360311, 0.248679816723, 2.40316748619, 6.00670099258, 25.1766147614, 28.51496315, 20.7526111603, 16.7270202637, 16.2831420898, 13.6020269394, 11.3207893372, 20.8546333313, 9.05597686768, 8.18985748291, 7.25103569031, 5.03535032272, 3.51601743698, 6.82332468033, 2.88595104218, 1.83031594753, 1.46962869167, 1.46717774868, 1.39670705795, 0.866621255875, 1.22767758369, 2.03902816772, 2.76418423653, 1.58254146576, 1.46361243725, 1.21233260632, 1.0887311697, 1.86638021469, 1.48005497456, 0.701476216316, 0.28732535243, 0.116399936378, 0.0297885909677, 0.00645181303844, 0.000626102846581, 4.57295282104e-05],
        "dvar": [0.000294780998956, 0.0862257406116, 4.32019376755, 29.3090438843, 823.829284668, 912.351623535, 409.857971191, 724.341674805, 888.384094238, 1476.27587891, 975.427368164, 3091.73193359, 645.635620117, 617.617736816, 584.609924316, 257.930633545, 226.52154541, 822.602783203, 62.6900558472, 17.1283054352, 9.43013954163, 7.37326288223, 14.2152271271, 2.09553813934, 6.82489395142, 22.0750675201, 44.5893669128, 21.8232860565, 32.900062561, 18.5709590912, 20.6025676727, 207.034637451, 93.7805938721, 11.9226121902, 1.1115437746, 0.125528410077, 0.00563222076744, 0.000249297823757, 3.18454908665e-06, 1.21386038998e-08],
        "dvar2": [0.000827603507787, 0.226971238852, 12.5164546967, 85.5185775757, 2086.79980469, 2299.74609375, 1139.14685059, 1438.13256836, 1906.89624023, 3005.76196289, 2163.24023438, 7023.13134766, 1504.02355957, 1303.44592285, 1349.90270996, 617.569946289, 464.407165527, 1950.41723633, 125.370361328, 41.55128479, 23.4786071777, 17.5573139191, 34.1885681152, 4.82248878479, 14.4227638245, 60.5845031738, 118.799629211, 44.5211906433, 56.3333778381, 32.6481018066, 38.7218017578, 469.916564941, 182.398910522, 23.9197864532, 2.27805423737, 0.251483201981, 0.0109297512099, 0.000511915539391, 7.41267103876e-06, 2.8197282731e-08],
        "max": [0.205421164632, 4.99505615234, 31.0398979187, 85.638343811, 399.307189941, 651.902770996, 570.432434082, 1174.17993164, 1428.60083008, 1886.32727051, 1011.57299805, 1780.1932373, 1255.35888672, 842.976989746, 1161.72668457, 594.532287598, 1264.81494141, 1339.02685547, 384.839813232, 175.469482422, 90.0260467529, 93.7972106934, 267.381988525, 57.872341156, 153.35585022, 164.433517456, 197.790313721, 185.205657959, 286.924255371, 193.027252197, 223.656158447, 1141.63134766, 637.327331543, 158.688598633, 33.9915351868, 10.9092817307, 3.10337424278, 0.6949608922, 0.0816334486008, 0.00617376621813],
        "mean": [0.00503652635962, 0.227503612638, 2.41362476349, 9.12923908234, 27.5529212952, 35.5620918274, 33.6952629089, 37.2915496826, 26.8057785034, 19.510761261, 14.02759552, 25.0670013428, 12.6236658096, 11.0018930435, 8.17138671875, 6.30908060074, 4.64814853668, 9.21452045441, 4.31156253815, 2.26479744911, 1.65997862816, 1.98463261127, 1.67855763435, 1.07291138172, 1.46199452877, 1.73812878132, 1.79869318008, 1.46712684631, 1.71093308926, 1.6062734127, 1.37839508057, 2.04934573174, 1.93494987488, 0.912191092968, 0.320373147726, 0.136216074228, 0.0337330438197, 0.00618918379769, 0.00064139731694, 6.93939073244e-05],
        "median": [0.00183847115841, 0.0967493727803, 1.60137403011, 7.27813863754, 17.2388801575, 20.3281745911, 18.4627838135, 14.8515100479, 11.9982347488, 5.99114894867, 1.86834657192, 2.76448488235, 2.04975175858, 2.30851602554, 0.723361134529, 0.57815015316, 0.42221519351, 0.412115424871, 0.509943962097, 0.334598004818, 0.373041808605, 0.462397813797, 0.300703108311, 0.330231308937, 0.391552001238, 0.296676546335, 0.18847861886, 0.140839159489, 0.0942181050777, 0.0885916277766, 0.0728714093566, 0.0625953525305, 0.0425884798169, 0.026833800599, 0.0155392251909, 0.00740230409428, 0.00228337477893, 0.000339869875461, 4.84695701743e-05, 3.3192558476e-05],
        "min": [2.42057033653e-22, 2.64149546523e-21, 1.01239564133e-20, 1.4139269629e-19, 1.75963249501e-19, 1.75835165753e-19, 3.4186557876e-19, 7.63646213871e-19, 4.56650899123e-19, 1.70969268045e-18, 3.00617307616e-18, 1.31317631259e-18, 1.26355509181e-18, 1.82683892938e-18, 2.21121528437e-18, 1.91499074008e-18, 7.65907208678e-18, 8.87744543617e-18, 6.29020521906e-18, 8.4707240377e-18, 9.3914811114e-18, 1.09959252953e-17, 1.22849985988e-17, 1.22617556508e-17, 1.42025471881e-17, 1.54907718043e-17, 2.11194099636e-17, 1.68358204199e-17, 1.94850086067e-17, 1.60483924532e-17, 1.80020640199e-17, 2.71757865263e-17, 1.62217430398e-17, 1.29064891715e-17, 8.43580212659e-18, 4.14657121113e-18, 3.50458310283e-18, 1.38765151904e-18, 3.49254111087e-19, 3.38020248736e-20],
        "var": [0.000199026530026, 0.118140853941, 6.494764328, 58.4117622375, 1270.01782227, 2117.16186523, 1799.26245117, 4694.78369141, 2516.42700195, 4091.97436523, 2257.88256836, 8133.76074219, 1272.01586914, 1347.5871582, 1043.69104004, 552.274597168, 479.750427246, 3294.91357422, 275.907165527, 44.5000610352, 17.9136734009, 25.2772369385, 22.8032264709, 5.44852828979, 22.3144130707, 27.3827323914, 44.4504737854, 54.5134391785, 112.452926636, 70.6745529175, 64.7343063354, 355.199951172, 245.966079712, 32.5563392639, 2.568151474, 0.297380268574, 0.0123456083238, 0.000413772999309, 4.44319084636e-06, 1.69560827601e-08]
    },
    "gfcc": {
        "mean": [-97.044960022, 127.453826904, -64.5774459839, 18.1504459381, -65.0038375854, -13.6403369904, -47.784538269, -9.58615016937, -34.2658691406, -12.4071121216, -20.9573841095, -8.45182323456, -10.3227586746],
        "cov": [[17272.3496094, -779.797180176, -453.875854492, 219.344711304, -1131.72058105, 499.598999023, -781.421264648, 261.336700439, -591.927978516, 261.051544189, -304.723815918, -29.2349891663, -417.760864258], [-779.797180176, 2354.90356445, -365.987854004, -241.468322754, 318.270843506, -401.987640381, 159.508483887, -182.388916016, 97.0070648193, -281.827331543, 107.079223633, -105.765007019, 113.911987305], [-453.875854492, -365.987854004, 860.998718262, 230.459854126, 57.1604804993, -44.8624687195, -33.9164199829, 4.89505434036, -20.016708374, 88.4245071411, -79.3131103516, 94.9266281128, 9.47688484192], [219.344711304, -241.468322754, 230.459854126, 407.918182373, -18.2130508423, 4.51609659195, -55.2202682495, -15.8666610718, 53.29479599, 43.4041290283, -26.6284599304, 11.3640012741, 28.2036170959], [-1131.72058105, 318.270843506, 57.1604804993, -18.2130508423, 357.885650635, -88.2213897705, 83.0217666626, -19.7945919037, 67.1222457886, -20.2796936035, 2.21123218536, 15.2896947861, 42.5059242249], [499.598999023, -401.987640381, -44.8624687195, 4.51609659195, -88.2213897705, 285.711547852, 13.2547063828, 50.2282981873, -48.4459991455, 32.9140586853, 18.3697032928, -7.39901304245, -44.2984657288], [-781.421264648, 159.508483887, -33.9164199829, -55.2202682495, 83.0217666626, 13.2547063828, 220.653335571, 3.2047970295, -3.2873852253, -35.908744812, 38.4308891296, 8.50404548645, 11.348449707], [261.336700439, -182.388916016, 4.89505434036, -15.8666610718, -19.7945919037, 50.2282981873, 3.2047970295, 142.240661621, 1.34669291973, 7.17557048798, -31.8039684296, -4.65103244781, -15.4479465485], [-591.927978516, 97.0070648193, -20.016708374, 53.29479599, 67.1222457886, -48.4459991455, -3.2873852253, 1.34669291973, 149.352478027, 12.2173948288, -8.13279438019, -23.0339565277, 28.2946147919], [261.051544189, -281.827331543, 88.4245071411, 43.4041290283, -20.2796936035, 32.9140586853, -35.908744812, 7.17557048798, 12.2173948288, 122.192443848, -21.2587471008, 0.88185095787, -20.610080719], [-304.723815918, 107.079223633, -79.3131103516, -26.6284599304, 2.21123218536, 18.3697032928, 38.4308891296, -31.8039684296, -8.13279438019, -21.2587471008, 100.797348022, 2.84944796562, -7.91714048386], [-29.2349891663, -105.765007019, 94.9266281128, 11.3640012741, 15.2896947861, -7.39901304245, 8.50404548645, -4.65103244781, -23.0339565277, 0.88185095787, 2.84944796562, 111.869476318, 6.7606306076], [-417.760864258, 113.911987305, 9.47688484192, 28.2036170959, 42.5059242249, -44.2984657288, 11.348449707, -15.4479465485, 28.2946147919, -20.610080719, -7.91714048386, 6.7606306076, 96.8892211914]],
        "icov": [[0.000155469315359, -0.000232900856645, 0.000200046924874, -0.000287134113023, 0.000288648938295, -0.000239894303377, 0.000400233810069, -0.000323469430441, 0.000644399726298, -0.000554104684852, 0.000560178013984, -0.000322882144246, 0.000435663445387], [-0.000232900856645, 0.00146002019756, -0.000204293668503, 0.000795305648353, -0.000920785940252, 0.00142947433051, -0.000842974870466, 0.00131013034843, -0.00121259316802, 0.00258900946938, -0.00137690932024, 0.00156942335889, -0.000884302251507], [0.000200046924874, -0.000204293668503, 0.00208414182998, -0.00131810107268, -7.84019139246e-05, 0.000172375279362, 0.000363826460671, -0.000457449787064, 0.00163026340306, -0.00160186609719, 0.0016936151078, -0.00153771671467, 0.000709083629772], [-0.000287134113023, 0.000795305648353, -0.00131810107268, 0.0040564769879, -0.000213256091229, 0.000223860974074, -0.000270011543762, 0.00145534425974, -0.00280913687311, 0.00145110627636, -0.00124530680478, 0.00105964683462, -0.00181205628905], [0.000288648938295, -0.000920785940252, -7.84019139246e-05, -0.000213256091229, 0.004566534888, -0.000237441709032, -0.000530384597369, -0.00063168554334, -0.000393022433855, -0.00157550955191, 0.00137459801044, -0.00145068683196, 0.000239547545789], [-0.000239894303377, 0.00142947433051, 0.000172375279362, 0.000223860974074, -0.000237441709032, 0.00615939265117, -0.00153569679242, -0.000435199210187, 0.000172813190147, 0.0010227089515, -0.00253217853606, 0.00174590921961, 7.21085380064e-05], [0.000400233810069, -0.000842974870466, 0.000363826460671, -0.000270011543762, -0.000530384597369, -0.00153569679242, 0.00686978688464, -0.00160078448243, 0.00192228751257, -0.000688687781803, -0.000423236051574, -0.00121414021123, 0.000572744640522], [-0.000323469430441, 0.00131013034843, -0.000457449787064, 0.00145534425974, -0.00063168554334, -0.000435199210187, -0.00160078448243, 0.00992283876985, -0.00263553950936, 0.00307052838616, 0.00188663962763, 0.00137038878165, 1.51712820298e-05], [0.000644399726298, -0.00121259316802, 0.00163026340306, -0.00280913687311, -0.000393022433855, 0.000172813190147, 0.00192228751257, -0.00263553950936, 0.0120486486703, -0.00454346695915, 0.00221013231203, 0.000184633157915, 0.000151110376464], [-0.000554104684852, 0.00258900946938, -0.00160186609719, 0.00145110627636, -0.00157550955191, 0.0010227089515, -0.000688687781803, 0.00307052838616, -0.00454346695915, 0.015297238715, -0.00142369326204, 0.00294044264592, 0.000289565243293], [0.000560178013984, -0.00137690932024, 0.0016936151078, -0.00124530680478, 0.00137459801044, -0.00253217853606, -0.000423236051574, 0.00188663962763, 0.00221013231203, -0.00142369326204, 0.0154891274869, -0.00284058786929, 0.0033362118993], [-0.000322882144246, 0.00156942335889, -0.00153771671467, 0.00105964683462, -0.00145068683196, 0.00174590921961, -0.00121414021123, 0.00137038878165, 0.000184633157915, 0.00294044264592, -0.00284058786929, 0.012213466689, -0.0021127841901], [0.000435663445387, -0.000884302251507, 0.000709083629772, -0.00181205628905, 0.000239547545789, 7.21085380064e-05, 0.000572744640522, 1.51712820298e-05, 0.000151110376464, 0.000289565243293, 0.0033362118993, -0.0021127841901, 0.0139980325475]]
    },
    "melbands": {
        "dmean": [7.95989908511e-05, 0.000526758783963, 0.000878237886354, 0.00132225849666, 0.000446166057372, 0.000250997429248, 0.000167124177096, 9.4409151643e-05, 7.60339971748e-05, 8.43847446959e-05, 3.07352893287e-05, 2.43037484324e-05, 1.40176380228e-05, 1.49184943439e-05, 5.96473455516e-06, 5.16160980624e-06, 9.30919486564e-06, 3.12978022521e-06, 2.32725460592e-06, 1.12625275506e-06, 1.14585168376e-06, 1.02425383375e-06, 1.05292122043e-06, 6.346298278e-07, 4.48940909337e-07, 5.81013580359e-07, 6.47037893486e-07, 8.49648927215e-07, 1.15501086384e-06, 7.95053722413e-07, 5.75023420879e-07, 6.23436505975e-07, 5.76358786475e-07, 4.7898157618e-07, 4.19902562498e-07, 6.45680756861e-07, 9.37122479172e-07, 8.16703845885e-07, 7.40741256777e-07, 3.59379527026e-07],
        "dmean2": [0.000129744716105, 0.000914936535992, 0.0014564745361, 0.00216128793545, 0.000742901407648, 0.000363506464055, 0.000250049313763, 0.000136666145409, 0.000110671004222, 0.000126019789604, 4.57033384009e-05, 3.61660931958e-05, 2.14412430068e-05, 2.2846605134e-05, 8.49780190038e-06, 7.32341595722e-06, 1.4169784663e-05, 4.65032053398e-06, 3.61657453141e-06, 1.74693684585e-06, 1.85120632068e-06, 1.58898330938e-06, 1.62035291851e-06, 9.80067170531e-07, 7.20148364053e-07, 8.88456440862e-07, 1.03002173546e-06, 1.42748285725e-06, 2.01033776648e-06, 1.25799272155e-06, 8.56607130117e-07, 9.07143771656e-07, 8.1613745806e-07, 6.786339668e-07, 6.08461846241e-07, 9.34080787829e-07, 1.38404288919e-06, 1.11820827442e-06, 1.02862327367e-06, 4.8496343652e-07],
        "dvar": [4.20922638966e-08, 6.82046618294e-07, 2.09462564271e-06, 5.56568056709e-06, 4.25676091709e-07, 3.06865558741e-07, 2.27613355719e-07, 1.51728940523e-07, 9.04809027702e-08, 1.06705009273e-07, 1.73533969416e-08, 1.12349152204e-08, 4.01458244426e-09, 7.10200342979e-09, 8.21118617544e-10, 9.77185998785e-10, 3.78033071513e-09, 1.69740152489e-10, 7.68332689138e-11, 1.66981289906e-11, 1.5976751172e-11, 9.4661639638e-12, 1.06493884891e-11, 7.20285029537e-12, 1.51339758867e-12, 3.98681565192e-12, 3.98335010809e-12, 1.11039762454e-11, 2.41298318132e-11, 1.49238382069e-11, 8.71501915772e-12, 1.4786062999e-11, 1.12245091693e-11, 5.48590860239e-12, 4.66472737173e-12, 2.85173933079e-11, 1.67203875745e-10, 5.83023768153e-11, 3.72048468422e-11, 4.99860266026e-12],
        "dvar2": [1.15416639801e-07, 1.93232676793e-06, 5.52454730496e-06, 1.36695907713e-05, 1.18737489174e-06, 6.15376791302e-07, 4.65804049554e-07, 3.14894236908e-07, 2.0299795267e-07, 2.42805015205e-07, 4.01961699481e-08, 2.38920705442e-08, 9.42403932669e-09, 1.72424545752e-08, 1.72693936928e-09, 2.05362549188e-09, 9.07777852888e-09, 3.35827865516e-10, 1.87747165037e-10, 3.81728017251e-11, 4.01688196594e-11, 2.34414293532e-11, 2.54009105416e-11, 1.75176487899e-11, 3.48027184328e-12, 7.83977223417e-12, 9.99586090983e-12, 3.09028670709e-11, 6.69171454359e-11, 3.47540121681e-11, 1.69738788997e-11, 2.67982129543e-11, 2.23368667313e-11, 1.03091502349e-11, 9.51612660199e-12, 6.48653422641e-11, 4.014817645e-10, 1.12163542343e-10, 8.40012781556e-11, 9.51029706375e-12],
        "max": [0.003092169296, 0.0131560163572, 0.0244086161256, 0.0434364452958, 0.0158651340753, 0.0239259842783, 0.0248755477369, 0.0170606579632, 0.00796654541045, 0.00953466258943, 0.00629763584584, 0.00363038899377, 0.00241669174284, 0.00447779335082, 0.00111582828686, 0.0026115400251, 0.00293648825027, 0.000560376385693, 0.000269124866463, 0.000192670602701, 0.000148607476149, 0.000104946186184, 0.000154214256327, 0.000184838761925, 5.3701656725e-05, 0.000132194851176, 5.24286078871e-05, 0.000119181539048, 0.000100390534499, 0.000197782908799, 0.000147579034092, 0.000235120372963, 0.000159759321832, 9.99258772936e-05, 8.18729240564e-05, 0.000280224485323, 0.00109614164103, 0.00055934721604, 0.000312357442454, 7.87508179201e-05],
        "mean": [9.99192561721e-05, 0.000903568812646, 0.00206971936859, 0.00254771416076, 0.00115963513963, 0.000812220212538, 0.000409184634918, 0.000190254941117, 0.000132465240313, 0.000150022358866, 6.1199607444e-05, 4.74454463983e-05, 2.28334847634e-05, 2.54528331425e-05, 1.0585002201e-05, 9.28424651647e-06, 1.86118450074e-05, 6.48140667181e-06, 4.17559022026e-06, 2.02581463782e-06, 1.92077914107e-06, 2.01577245207e-06, 1.95887832888e-06, 1.09937502657e-06, 8.12547284568e-07, 1.07074424704e-06, 1.08087544959e-06, 1.12071336389e-06, 1.13508485811e-06, 1.00333363662e-06, 7.90038541254e-07, 9.56139842856e-07, 9.89761815617e-07, 8.43012799123e-07, 6.97835957908e-07, 9.98627456283e-07, 1.39177154779e-06, 1.39191593007e-06, 1.2107651628e-06, 6.17293380856e-07],
        "median": [3.55030570063e-05, 0.000582553446293, 0.00159916246776, 0.00146188447252, 0.000765512639191, 0.000349091889802, 0.000181475974387, 4.80725357193e-05, 1.37210890898e-05, 1.62197356985e-05, 9.88526699075e-06, 1.01768173408e-05, 1.71941155713e-06, 2.05662104236e-06, 6.25589279935e-07, 9.10559833756e-07, 6.35055926068e-07, 7.93194885773e-07, 4.63146562879e-07, 3.48793776084e-07, 4.21996560362e-07, 4.8503875405e-07, 2.8237448646e-07, 1.96019939835e-07, 2.45611204264e-07, 2.84220618596e-07, 2.53924753224e-07, 1.5650633145e-07, 1.03383577255e-07, 9.02302872419e-08, 5.92736952854e-08, 4.6849912394e-08, 4.50082282555e-08, 4.57291662315e-08, 4.06933224895e-08, 3.54671385594e-08, 3.7278905296e-08, 2.78233525108e-08, 2.41144757496e-08, 1.83311872348e-08],
        "min": [2.8306307348e-24, 4.34714660255e-24, 2.80728774897e-23, 9.78105954256e-24, 1.19387787118e-23, 1.60321243064e-23, 7.02857317182e-24, 2.28199678956e-23, 2.30128601641e-23, 7.18476368674e-24, 6.31058037488e-24, 7.39103424738e-24, 9.37340778118e-24, 3.40169641321e-24, 1.15890530067e-23, 1.70698566278e-23, 1.6282762771e-23, 8.25898161379e-24, 1.37829351375e-23, 9.52916047831e-24, 1.15709857254e-23, 1.06136722513e-23, 1.14853706513e-23, 1.21049009855e-23, 9.29495950846e-24, 1.01118723075e-23, 8.35428389975e-24, 1.07144066335e-23, 1.39599255479e-23, 1.00644601893e-23, 9.76501884492e-24, 1.11898333795e-23, 9.66477828969e-24, 8.81974417713e-24, 1.11179010979e-23, 9.72619978863e-24, 2.01498946124e-23, 1.18560895228e-23, 8.95715822479e-24, 1.17068102183e-23],
        "var": [3.88291709896e-08, 1.00725708307e-06, 3.92176843889e-06, 1.12980042104e-05, 1.57768954523e-06, 2.01281318368e-06, 6.34174170955e-07, 4.57773495555e-07, 2.25954011057e-07, 2.67742194637e-07, 3.34181393669e-08, 2.44429791962e-08, 7.78666020551e-09, 1.15152616331e-08, 1.9769266224e-09, 1.92376203856e-09, 1.54735833036e-08, 6.42859321331e-10, 2.01031691294e-10, 4.34937953708e-11, 2.63796796907e-11, 2.55593705922e-11, 2.93947297059e-11, 1.06120867302e-11, 3.78608472698e-12, 1.52770435191e-11, 8.05640710394e-12, 1.23262268448e-11, 1.88975120274e-11, 2.32696171359e-11, 2.13690783818e-11, 4.21240958781e-11, 3.49788635556e-11, 1.84849739682e-11, 1.41619355132e-11, 5.54576488898e-11, 2.27106680684e-10, 1.4984287422e-10, 7.54256448965e-11, 1.39056127724e-11]
    },
    "mfcc": {
        "mean": [-754.150878906, 164.049926758, 43.997756958, 29.8438282013, 2.48263835907, -8.02329730988, -8.42558383942, -9.16939544678, -11.3207511902, -7.92411994934, -14.8901491165, -12.1623268127, -9.00140762329],
        "cov": [[9448.31835938, -800.915527344, -109.348579407, -448.635772705, -278.451324463, -84.4753799438, 23.8510913849, -45.6748085022, -136.96105957, 93.8138961792, 5.1435842514, 141.80682373, -102.034980774], [-800.915527344, 2230.1652832, -356.973480225, 145.381210327, 51.893787384, -143.393798828, 20.5769901276, 55.0646743774, -19.310792923, -41.9570465088, -59.5620613098, -87.8034286499, -3.34080338478], [-109.348579407, -356.973480225, 670.193664551, 192.146011353, 39.599281311, 67.7174530029, -29.9359111786, -39.2606964111, 30.7574958801, -35.7966880798, -17.6980476379, 3.92224121094, 23.9743347168], [-448.635772705, 145.381210327, 192.146011353, 453.018157959, 112.461303711, 40.2902107239, -88.8090209961, -25.8915405273, 62.4387626648, -8.62150382996, -29.9644393921, -30.2525520325, 35.6235656738], [-278.451324463, 51.893787384, 39.599281311, 112.461303711, 224.311752319, 26.5481777191, -54.0105743408, -15.1903619766, 45.1206817627, 27.00481987, -11.7887449265, -5.96933555603, 0.975749194622], [-84.4753799438, -143.393798828, 67.7174530029, 40.2902107239, 26.5481777191, 186.521560669, 31.8315601349, -3.19057250023, -1.76179301739, 0.404229521751, 37.6325645447, -4.20296669006, 11.0812320709], [23.8510913849, 20.5769901276, -29.9359111786, -88.8090209961, -54.0105743408, 31.8315601349, 206.726318359, 66.892829895, -26.9729652405, -4.02696943283, 31.6589031219, -3.5174369812, -8.65775871277], [-45.6748085022, 55.0646743774, -39.2606964111, -25.8915405273, -15.1903619766, -3.19057250023, 66.892829895, 151.063354492, 2.49795007706, -23.2219409943, 14.3092660904, 8.94954395294, 4.98000907898], [-136.96105957, -19.310792923, 30.7574958801, 62.4387626648, 45.1206817627, -1.76179301739, -26.9729652405, 2.49795007706, 151.655670166, 33.6140403748, -20.4438648224, 4.80298757553, 9.45463752747], [93.8138961792, -41.9570465088, -35.7966880798, -8.62150382996, 27.00481987, 0.404229521751, -4.02696943283, -23.2219409943, 33.6140403748, 135.850418091, 13.6283855438, -9.89181804657, 0.760131299496], [5.1435842514, -59.5620613098, -17.6980476379, -29.9644393921, -11.7887449265, 37.6325645447, 31.6589031219, 14.3092660904, -20.4438648224, 13.6283855438, 113.22543335, 10.7952957153, -15.1422386169], [141.80682373, -87.8034286499, 3.92224121094, -30.2525520325, -5.96933555603, -4.20296669006, -3.5174369812, 8.94954395294, 4.80298757553, -9.89181804657, 10.7952957153, 108.131134033, 7.68191099167], [-102.034980774, -3.34080338478, 23.9743347168, 35.6235656738, 0.975749194622, 11.0812320709, -8.65775871277, 4.98000907898, 9.45463752747, 0.760131299496, -15.1422386169, 7.68191099167, 83.7476959229]],
