{
"lowlevel": {
    "average_loudness": 0.85205668211,
    "barkbands_crest": {
        "dmean": 3.47645878792,
        "dmean2": 5.70108413696,
        "dvar": 8.31884002686,
        "dvar2": 22.6949386597,
        "max": 26.285243988,
        "mean": 10.897061348,
        "median": 10.2205076218,
        "min": 2.54635238647,
        "var": 20.7777690887
    },
    "barkbands_flatness_db": {
        "dmean": 0.0377674773335,
        "dmean2": 0.0562452673912,
        "dvar": 0.00122542248573,
        "dvar2": 0.00236411951482,
        "max": 0.476970613003,
        "mean": 0.144529461861,
        "median": 0.138079568744,
        "min": 0.0209862384945,
        "var": 0.00428589433432
    },
    "barkbands_kurtosis": {
        "dmean": 4.76804065704,
        "dmean2": 7.65710449219,
        "dvar": 106.956947327,
        "dvar2": 243.545578003,
        "max": 375.700531006,
        "mean": 5.43039464951,
        "median": 2.12637853622,
        "min": -1.90624177456,
        "var": 190.248092651
    },
    "barkbands_skewness": {
        "dmean": 0.833413243294,
        "dmean2": 1.29061853886,
        "dvar": 0.679955124855,
        "dvar2": 1.51581096649,
        "max": 15.3822460175,
        "mean": 1.51945745945,
        "median": 1.37044239044,
        "min": -4.85303688049,
        "var": 2.02839207649
    },
    "barkbands_spread": {
        "dmean": 12.1057710648,
        "dmean2": 18.4621829987,
        "dvar": 216.124435425,
        "dvar2": 430.230316162,
        "max": 115.290031433,
        "mean": 25.0809783936,
        "median": 16.72889328,
        "min": 0.198285743594,
        "var": 472.069580078
    },
    "dissonance": {
        "dmean": 0.0284781083465,
        "dmean2": 0.0464878194034,
        "dvar": 0.000689657754265,
        "dvar2": 0.00173809379339,
        "max": 0.499998003244,
        "mean": 0.445933490992,
        "median": 0.454519838095,
        "min": 0.158904716372,
        "var": 0.00154271465726
    },
    "dynamic_complexity": 4.08671522141,
    "erbbands_crest": {
        "dmean": 3.33973097801,
        "dmean2": 5.35718107224,
        "dvar": 8.89102649689,
        "dvar2": 20.4165306091,
        "max": 29.6450557709,
        "mean": 10.0666913986,
        "median": 9.10601902008,
        "min": 2.18167352676,
        "var": 20.5753536224
    },
    "erbbands_flatness_db": {
        "dmean": 0.0331238619983,
        "dmean2": 0.0469722896814,
        "dvar": 0.00105074024759,
        "dvar2": 0.00200390559621,
        "max": 0.424994677305,
        "mean": 0.163939982653,
        "median": 0.157149150968,
        "min": 0.0406702682376,
        "var": 0.00320997438394
    },
    "erbbands_kurtosis": {
        "dmean": 2.81496310234,
        "dmean2": 4.40012407303,
        "dvar": 22.3293266296,
        "dvar2": 50.3632583618,
        "max": 107.804725647,
        "mean": 2.78488850594,
        "median": 1.23570585251,
        "min": -1.83088207245,
        "var": 39.296962738
    },
    "erbbands_skewness": {
        "dmean": 0.692746460438,
        "dmean2": 1.03802776337,
        "dvar": 0.435674011707,
        "dvar2": 0.949394226074,
        "max": 8.33816432953,
        "mean": 0.807354688644,
        "median": 0.713328063488,
        "min": -3.58379554749,
        "var": 1.22947490215
    },
    "erbbands_spread": {
        "dmean": 16.0868873596,
        "dmean2": 24.3923912048,
        "dvar": 321.615112305,
        "dvar2": 661.007446289,
        "max": 161.672836304,
        "mean": 36.5133399963,
        "median": 28.9623413086,
        "min": 1.17322409153,
        "var": 657.955688477
    },
    "hfc": {
        "dmean": 27.2150268555,
        "dmean2": 41.8604011536,
        "dvar": 3292.86279297,
        "dvar2": 8346.16503906,
        "max": 541.468566895,
        "mean": 33.8703727722,
        "median": 15.6479730606,
        "min": 1.22761980588e-16,
        "var": 3186.27685547
    },
    "melbands_crest": {
        "dmean": 4.73233270645,
        "dmean2": 7.73393201828,
        "dvar": 15.9273529053,
        "dvar2": 40.7001266479,
        "max": 35.5486984253,
        "mean": 16.86627388,
        "median": 16.220205307,
        "min": 1.93340194225,
        "var": 42.739276886
    },
    "melbands_flatness_db": {
        "dmean": 0.0472479201853,
        "dmean2": 0.0690874308348,
        "dvar": 0.00189966289327,
        "dvar2": 0.00361987971701,
        "max": 0.546037852764,
        "mean": 0.215690508485,
        "median": 0.215944394469,
        "min": 0.0067678145133,
        "var": 0.00722715398297
    },
    "melbands_kurtosis": {
        "dmean": 9.41410064697,
        "dmean2": 15.0458240509,
        "dvar": 296.020782471,
        "dvar2": 684.819152832,
        "max": 439.584197998,
        "mean": 13.8037824631,
        "median": 7.01075553894,
        "min": -1.86278188229,
        "var": 570.626037598
    },
    "melbands_skewness": {
        "dmean": 1.02546095848,
        "dmean2": 1.58206248283,
        "dvar": 1.08081710339,
        "dvar2": 2.42400884628,
        "max": 15.7798948288,
        "mean": 2.46455669403,
        "median": 2.12147426605,
        "min": -1.87624669075,
        "var": 3.14184832573
    },
    "melbands_spread": {
        "dmean": 12.5554304123,
        "dmean2": 18.8762435913,
        "dvar": 352.621429443,
        "dvar2": 650.942260742,
        "max": 248.181381226,
        "mean": 25.0999565125,
        "median": 16.8528347015,
        "min": 0.520626068115,
        "var": 751.131164551
    },
    "pitch_salience": {
        "dmean": 0.0878621786833,
        "dmean2": 0.141854777932,
        "dvar": 0.00627501867712,
        "dvar2": 0.015406829305,
        "max": 0.977361381054,
        "mean": 0.510827124119,
        "median": 0.517846882343,
        "min": 0.0839257538319,
        "var": 0.0186764337122
    },
    "silence_rate_20dB": {
        "dmean": 0,
        "dmean2": 0,
        "dvar": 0,
        "dvar2": 0,
        "max": 1,
        "mean": 1,
        "median": 1,
        "min": 1,
        "var": 0
    },
    "silence_rate_30dB": {
        "dmean": 0.0327119231224,
        "dmean2": 0.065429598093,
        "dvar": 0.0316405631602,
        "dvar2": 0.0829529985785,
        "max": 1,
        "mean": 0.974676847458,
        "median": 1,
        "min": 0,
        "var": 0.0246815700084
    },
    "silence_rate_60dB": {
        "dmean": 0.0253253597766,
        "dmean2": 0.0506551750004,
        "dvar": 0.0246835500002,
        "dvar2": 0.0552981086075,
        "max": 1,
        "mean": 0.102171808481,
        "median": 0,
        "min": 0,
        "var": 0.0917306616902
    },
    "spectral_centroid": {
        "dmean": 394.595703125,
        "dmean2": 584.118835449,
        "dvar": 249556.75,
        "dvar2": 474372.875,
        "max": 10567.2392578,
        "mean": 1177.43615723,
        "median": 908.598449707,
        "min": 171.338729858,
        "var": 611439.0625
    },
    "spectral_complexity": {
        "dmean": 4.32799863815,
        "dmean2": 6.58077573776,
        "dvar": 29.8021507263,
        "dvar2": 62.4532699585,
        "max": 51,
        "mean": 15.4798202515,
        "median": 15,
        "min": 0,
        "var": 71.9641723633
    },
    "spectral_decrease": {
        "dmean": 3.44650752382e-09,
        "dmean2": 5.30845145619e-09,
        "dvar": 2.00600265182e-17,
        "dvar2": 4.5992492755e-17,
        "max": 1.46121279432e-18,
        "mean": -8.37197955406e-09,
        "median": -6.14390449627e-09,
        "min": -5.94129154763e-08,
        "var": 5.85641689931e-17
    },
    "spectral_energy": {
        "dmean": 0.014726950787,
        "dmean2": 0.022575026378,
        "dvar": 0.000337684177794,
        "dvar2": 0.000760335591622,
        "max": 0.239197209477,
        "mean": 0.0346699357033,
        "median": 0.0264217108488,
        "min": 1.09561356524e-20,
        "var": 0.000945989391766
    },
    "spectral_energyband_high": {
        "dmean": 0.00246828934178,
        "dmean2": 0.00381364417262,
        "dvar": 2.99078237731e-05,
        "dvar2": 7.42166375858e-05,
        "max": 0.0488351881504,
        "mean": 0.00227181147784,
        "median": 0.000266254821327,
        "min": 7.94988261764e-21,
        "var": 2.83302579192e-05
    },
    "spectral_energyband_low": {
        "dmean": 0.00779444072396,
        "dmean2": 0.012060216628,
        "dvar": 0.000129721986013,
        "dvar2": 0.000350375135895,
        "max": 0.114871993661,
        "mean": 0.0145853841677,
        "median": 0.00698165316135,
        "min": 6.49523772443e-23,
        "var": 0.000319992162986
    },
    "spectral_energyband_middle_high": {
        "dmean": 0.00323647935875,
        "dmean2": 0.00511444546282,
        "dvar": 3.90231107303e-05,
        "dvar2": 9.61152472883e-05,
        "max": 0.162656471133,
        "mean": 0.00585329253227,
        "median": 0.00335886026733,
        "min": 1.67028637041e-21,
        "var": 6.26437249593e-05
    },
    "spectral_energyband_middle_low": {
        "dmean": 0.00847064238042,
        "dmean2": 0.0128623917699,
        "dvar": 0.000224961637286,
        "dvar2": 0.000480354676256,
        "max": 0.19270786643,
        "mean": 0.0137160504237,
        "median": 0.00743749225512,
        "min": 2.53341581617e-22,
        "var": 0.000337246339768
    },
    "spectral_entropy": {
        "dmean": 0.363637059927,
        "dmean2": 0.512393832207,
        "dvar": 0.131621301174,
        "dvar2": 0.240222945809,
        "max": 9.81070995331,
        "mean": 7.58135080338,
        "median": 7.56202554703,
        "min": 4.6004858017,
        "var": 0.394990801811
    },
    "spectral_flux": {
        "dmean": 0.0338532887399,
        "dmean2": 0.0520700402558,
        "dvar": 0.00138558226172,
        "dvar2": 0.0029851172585,
        "max": 0.325058430433,
        "mean": 0.100999779999,
        "median": 0.0890747532248,
        "min": 6.66993266174e-11,
        "var": 0.00389657379128
    },
    "spectral_kurtosis": {
        "dmean": 3.18502473831,
        "dmean2": 4.77173376083,
        "dvar": 17.6585426331,
        "dvar2": 38.1422958374,
        "max": 79.2483520508,
        "mean": 5.30529308319,
        "median": 3.70075082779,
        "min": -1.21788668633,
        "var": 31.8246154785
    },
    "spectral_rms": {
        "dmean": 0.00114768499043,
        "dmean2": 0.00171138334554,
        "dvar": 1.44561920479e-06,
        "dvar2": 3.01252316603e-06,
        "max": 0.0152762271464,
        "mean": 0.00517145683989,
        "median": 0.00507713295519,
        "min": 3.26939040077e-12,
        "var": 7.08011339157e-06
    },
    "spectral_rolloff": {
        "dmean": 1448.26477051,
        "dmean2": 2422.18115234,
        "dvar": 6395040.5,
        "dvar2": 13098591,
        "max": 19702.8808594,
        "mean": 2352.37866211,
        "median": 925.927734375,
        "min": 64.599609375,
        "var": 11284521
    },
    "spectral_skewness": {
        "dmean": 0.460521608591,
        "dmean2": 0.660965621471,
        "dvar": 0.23024764657,
        "dvar2": 0.462600141764,
        "max": 7.24447774887,
        "mean": 1.7922809124,
        "median": 1.71352815628,
        "min": -0.0119244214147,
        "var": 0.599942445755
    },
    "spectral_spread": {
        "dmean": 1573239.5,
        "dmean2": 2337388.75,
        "dvar": 3.36825365299e+12,
        "dvar2": 7.18179506586e+12,
        "max": 41893928,
        "mean": 5887229,
        "median": 5234603.5,
        "min": 1069743.25,
        "var": 7.09578142515e+12
    },
    "spectral_strongpeak": {
        "dmean": 0.674812316895,
        "dmean2": 1.16667807102,
        "dvar": 2.45075416565,
        "dvar2": 6.99017429352,
        "max": 19.8815822601,
        "mean": 0.98887270689,
        "median": 0.516249418259,
        "min": 0,
        "var": 2.25130987167
    },
    "zerocrossingrate": {
        "dmean": 0.0277083721012,
        "dmean2": 0.0310630779713,
        "dvar": 0.0010355792474,
        "dvar2": 0.00124922255054,
        "max": 0.52099609375,
        "mean": 0.0784196481109,
        "median": 0.05029296875,
        "min": 0.00390625,
        "var": 0.00543480180204
    },
    "barkbands": {
        "dmean": [0.000453531800304, 0.00465535139665, 0.00300761684775, 0.00426953146234, 0.00181965890806, 0.00061197381001, 0.000857623643242, 0.00202455115505, 0.00136078277137, 0.00120696495287, 0.00159605580848, 0.000411893677665, 0.000413699599449, 0.000244543189183, 0.000176520145033, 0.000195378714125, 0.000115889954031, 8.45673203003e-05, 0.000115842442028, 0.000118666015624, 0.000198409412405, 0.000332139548846, 0.000310803414322, 0.00062709877966, 0.000309885799652, 0.000677388045006, 5.05059470015e-05],
        "dmean2": [0.000684737518895, 0.00743132689968, 0.00391007121652, 0.00687520578504, 0.00311776436865, 0.000925386790186, 0.00128407357261, 0.00280249887146, 0.00216759368777, 0.00196047872305, 0.00262406328693, 0.000698904914316, 0.000677978270687, 0.000394939328544, 0.000263828464085, 0.00032701343298, 0.00019895620062, 0.000138265109854, 0.000197735833353, 0.000187255602214, 0.000285814894596, 0.000526672287378, 0.000449548271718, 0.0010610143654, 0.000485924567329, 0.00118596816901, 8.3563332737e-05],
        "dvar": [7.62626257256e-07, 7.74509608163e-05, 3.85525963793e-05, 0.000135088150273, 1.76405792445e-05, 1.05427659491e-06, 2.19057642425e-06, 2.27647997235e-05, 8.26908672025e-06, 8.88029899215e-06, 1.53129094542e-05, 1.24979862903e-06, 1.09350435196e-06, 1.75170171701e-07, 1.20784520163e-07, 2.04012138738e-07, 6.94502588772e-08, 3.06958192198e-08, 5.88872133278e-08, 4.23398240912e-08, 1.34727002887e-07, 5.11254256708e-07, 3.66467418189e-07, 3.330829486e-06, 4.42450783567e-07, 6.8890581133e-06, 3.50827136231e-08],
        "dvar2": [1.74812680598e-06, 0.000231558049563, 7.05706406734e-05, 0.000306511763483, 4.68369798909e-05, 2.19225580622e-06, 4.42933560407e-06, 3.93225855078e-05, 1.99183305085e-05, 2.24853447435e-05, 3.75245654141e-05, 2.71683643405e-06, 2.6323837119e-06, 4.29200269991e-07, 2.49738747016e-07, 5.3544340517e-07, 1.88889231367e-07, 7.43939949643e-08, 1.61845548519e-07, 1.03859299827e-07, 2.98657596431e-07, 1.32485774884e-06, 6.82608288116e-07, 9.25874610402e-06, 1.02535841506e-06, 1.95384054678e-05, 6.74520777011e-08],
        "max": [0.0102924415842, 0.104218557477, 0.0561339594424, 0.0801619887352, 0.0380594581366, 0.021437395364, 0.0301785506308, 0.177372157574, 0.0635082572699, 0.073830164969, 0.150657981634, 0.0515380091965, 0.0421592257917, 0.00941073335707, 0.00768285105005, 0.0105552151799, 0.0100712161511, 0.00627056695521, 0.00179140933324, 0.00186823424883, 0.00264758244157, 0.00590767618269, 0.00602163560688, 0.0178728085011, 0.00547291059047, 0.0277389306575, 0.00194230268244],
        "mean": [0.00127777352463, 0.00815619435161, 0.00359018729068, 0.00353827234358, 0.00188188825268, 0.00110131269321, 0.00151528895367, 0.00342447822914, 0.00188050407451, 0.00162311003078, 0.00209593260661, 0.000550719385501, 0.000548571464606, 0.000351809896529, 0.000237133033806, 0.000228239703574, 0.000129481588374, 0.000105990351585, 0.000104008802737, 0.000120256379887, 0.000205286109122, 0.000321710162098, 0.000318757578498, 0.000516139552929, 0.000283718283754, 0.000515003863256, 4.81739443785e-05],
        "median": [0.000156434296514, 0.00324205076322, 0.000214167856029, 0.000114339578431, 0.00050367298536, 0.000494527746923, 0.000741661991924, 0.00115544290747, 0.000639266974758, 0.000630300026387, 0.000700244039763, 0.00018502077728, 0.000257137289736, 0.000167527759913, 8.46816037665e-05, 8.77840793692e-05, 4.71225066576e-05, 4.28331222793e-05, 2.84002417175e-05, 3.43497304129e-05, 2.99005387205e-05, 4.37760281784e-05, 3.77796204702e-05, 4.20777068939e-05, 2.33195787587e-05, 1.34042165882e-05, 1.21645689433e-06],
        "min": [2.69293526101e-24, 1.68761928533e-23, 2.24909892323e-23, 2.49552297725e-23, 1.97313723478e-23, 2.98372280131e-23, 4.16098031985e-23, 2.59912502657e-23, 5.26913772517e-23, 5.30600592844e-23, 4.27294208595e-23, 1.04086794876e-22, 1.07272385605e-22, 2.03070934494e-22, 1.41316466831e-22, 6.61440557713e-23, 1.57081037917e-22, 2.05222833447e-22, 2.02966602906e-22, 2.15026165689e-22, 3.16122338386e-22, 4.14237399411e-22, 5.25951665135e-22, 8.81211298917e-22, 1.16122799116e-21, 1.79286975101e-21, 2.61363930992e-21],
        "var": [3.45530156665e-06, 0.000129690844915, 6.79378208588e-05, 0.000125172766275, 1.50008327182e-05, 2.92093091048e-06, 5.42916313861e-06, 6.12361836829e-05, 1.34908059408e-05, 1.14276390377e-05, 2.11538390431e-05, 1.83589486369e-06, 1.29700310936e-06, 2.5281653393e-07, 1.80047422305e-07, 1.97121408974e-07, 6.54009966183e-08, 4.46125270059e-08, 4.18978629568e-08, 4.23368540226e-08, 1.59341084327e-07, 4.6254487529e-07, 4.96876566558e-07, 2.23275401368e-06, 4.30860382039e-07, 4.58012846138e-06, 3.90265384453e-08]
    },
    "erbbands": {
        "dmean": [0.184527024627, 0.895829916, 3.10146570206, 7.83667182922, 12.5161237717, 3.90313720703, 3.16644215584, 6.92851543427, 9.69688892365, 39.7699890137, 18.4787845612, 36.7538414001, 32.7160263062, 50.2783813477, 48.9682273865, 15.1883220673, 18.6254787445, 12.6521224976, 8.33874225616, 10.395485878, 8.2557477951, 6.92950773239, 5.19033527374, 4.68531847, 6.00668907166, 6.12961053848, 4.44824409485, 10.801653862, 12.5130405426, 9.16886425018, 9.64441776276, 10.1464233398, 11.4836044312, 3.51547002792, 2.95891213417, 5.19080352783, 0.49581694603, 0.0980047807097, 0.00554015813395, 0.000213000210351],
        "dmean2": [0.295624732971, 1.43201434612, 4.05209684372, 11.5211982727, 21.1796092987, 6.45431089401, 5.29118013382, 10.2163095474, 14.8294839859, 55.0635261536, 26.5698127747, 58.3670845032, 53.3517341614, 80.4679718018, 82.1206741333, 25.2262439728, 30.2992534637, 20.189994812, 12.934220314, 15.5373163223, 13.7331943512, 11.9910488129, 8.61505031586, 7.71312904358, 10.1300096512, 9.87466144562, 6.38585805893, 15.857670784, 19.8640861511, 13.8501558304, 13.9736862183, 15.855017662, 20.0712165833, 5.50197267532, 4.74685144424, 9.3290014267, 0.802371442318, 0.156177461147, 0.00858296919614, 0.000335710938089],
        "dvar": [0.153796821833, 2.66062784195, 40.7070159912, 335.954376221, 1221.97998047, 57.8383712769, 31.1387004852, 138.91885376, 269.883270264, 7663.64746094, 1612.71594238, 6392.95166016, 5087.16503906, 16293.3818359, 11722.0595703, 1906.02429199, 2048.71289062, 460.916381836, 211.665802002, 470.913604736, 365.984619141, 265.040588379, 129.582397461, 72.0526046753, 157.352371216, 123.67401123, 51.0812950134, 414.727478027, 741.817810059, 297.891815186, 365.92755127, 454.724945068, 1687.42773438, 58.25730896, 51.6588172913, 462.047119141, 2.81146550179, 0.121562503278, 0.000269675481832, 4.2588609972e-07],
        "dvar2": [0.457818001509, 7.41785287857, 77.0434112549, 716.323425293, 3051.11181641, 153.210586548, 80.4718933105, 273.45135498, 567.731628418, 13282.2890625, 2977.10351562, 15346.8466797, 13100.8662109, 38863.1328125, 30911.0683594, 3911.38305664, 4668.03417969, 1065.9786377, 463.349365234, 964.831420898, 958.655334473, 735.140380859, 319.83291626, 188.354324341, 435.251037598, 311.805206299, 106.550849915, 968.047668457, 1931.22644043, 687.986083984, 669.973266602, 968.622924805, 4881.32763672, 140.141769409, 133.658111572, 1331.53393555, 7.49365234375, 0.233714818954, 0.000565962924156, 1.02894478005e-06],
        "max": [4.46801900864, 18.3898525238, 54.7002601624, 153.928863525, 222.194091797, 113.192131042, 179.698150635, 268.900177002, 365.028594971, 3034.40673828, 1386.29663086, 1782.05004883, 1506.03039551, 5342.87060547, 2116.46069336, 2303.97241211, 2021.34912109, 481.384674072, 378.75793457, 308.230560303, 500.424285889, 603.081115723, 367.684753418, 92.8643722534, 94.611831665, 106.136413574, 54.5629081726, 155.836791992, 245.725265503, 166.812484741, 162.864318848, 191.613723755, 409.525939941, 60.2671279907, 60.9751052856, 231.046020508, 17.1545944214, 3.55534863472, 0.176391735673, 0.00744111696258],
        "mean": [0.372372090816, 1.31024897099, 3.72773051262, 8.30888175964, 9.67645931244, 5.3642373085, 5.10610294342, 13.2494325638, 17.8480625153, 70.3263320923, 33.1216850281, 50.85679245, 47.8778419495, 70.0192108154, 61.7541007996, 22.895324707, 26.4665679932, 19.5660858154, 13.7388095856, 13.9280548096, 10.0445232391, 7.81224870682, 6.64743328094, 4.73910331726, 5.61090564728, 5.95387601852, 5.00317764282, 10.6822366714, 12.3304691315, 8.88862609863, 9.93266582489, 10.0797891617, 8.30924320221, 3.1050593853, 2.51830053329, 3.83152556419, 0.414458334446, 0.0948976427317, 0.00503573846072, 0.000205518997973],
        "median": [0.110433161259, 0.33910343051, 0.368230760098, 0.436884373426, 0.731299936771, 1.81321561337, 2.49534869194, 5.93184375763, 8.99659633636, 28.4223632812, 14.2826404572, 17.7470035553, 22.4838848114, 21.1210861206, 25.9032115936, 9.14293861389, 13.2727222443, 11.5663728714, 7.51303482056, 5.50417661667, 4.17981863022, 2.90002632141, 2.77648353577, 1.54763889313, 1.69180548191, 1.60574758053, 1.22678041458, 1.26075100899, 1.65634739399, 1.20308601856, 1.04925310612, 0.998028814793, 0.582359552383, 0.295198023319, 0.16174736619, 0.0740653201938, 0.0204490255564, 0.00270955241285, 0.000225296636927, 5.61082051718e-05],
        "min": [2.75457050971e-22, 5.65021590548e-21, 3.0481204907e-20, 5.33280626727e-20, 5.45185565199e-20, 8.71179706428e-20, 1.00481797222e-19, 2.21578550895e-19, 6.9427765863e-19, 3.76156738794e-19, 7.65376468918e-19, 1.2041690039e-18, 1.67175962512e-18, 1.88515474897e-18, 2.7329737246e-18, 4.83045188154e-18, 3.99056287965e-18, 9.52277452695e-18, 6.93244644462e-18, 8.78044113855e-18, 5.70556595623e-18, 9.10590527673e-18, 1.17318331447e-17, 8.43076625103e-18, 7.71908734894e-18, 9.78006905649e-18, 1.24935349671e-17, 1.44864273025e-17, 1.39486937299e-17, 1.88971181104e-17, 1.40075525936e-17, 1.57908365346e-17, 1.52765551867e-17, 1.38619903125e-17, 7.63459250373e-18, 6.37904028095e-18, 3.24014297358e-18, 1.15025151042e-18, 3.84510745993e-19, 3.80455325019e-20],
        "var": [0.302915543318, 3.92455124855, 68.6844100952, 429.801147461, 960.01574707, 85.1737289429, 55.1150054932, 430.882568359, 676.884094238, 20580.8222656, 4154.39501953, 10221.7167969, 6780.95849609, 24935.4160156, 12887.1767578, 2959.43701172, 2793.77636719, 682.184204102, 364.521881104, 659.89074707, 356.897674561, 245.648086548, 186.341049194, 62.5559387207, 113.097061157, 114.376342773, 67.3401260376, 463.043914795, 675.686950684, 325.152557373, 502.385375977, 545.398071289, 992.401306152, 53.801361084, 41.3658599854, 293.328125, 2.19600057602, 0.136373668909, 0.000292919634376, 3.81533993732e-07]
    },
    "gfcc": {
        "mean": [-18.521150589, 74.806602478, -102.325187683, 4.00652837753, -70.1850967407, 22.8446140289, -29.5462837219, 12.020904541, -14.9972705841, 8.80955886841, -13.912940979, 4.86630010605, -9.98458480835],
        "cov": [[17732.640625, -442.243621826, -60.7706031799, 794.785339355, 152.894470215, 818.839538574, 121.359039307, 530.902893066, -81.5299987793, 148.317626953, -256.950958252, 205.477111816, -46.9693374634], [-442.243621826, 3351.73046875, -502.58203125, 124.792007446, 684.471923828, 74.4920654297, 361.417724609, -92.7223434448, 354.408233643, -169.833709717, 293.032958984, -228.099853516, 155.231216431], [-60.7706031799, -502.58203125, 828.49017334, 288.621643066, -59.4076004028, 56.1361122131, -74.4257125854, 54.152973175, -60.8121490479, 80.6007919312, -55.2429046631, 8.88282871246, -35.592956543], [794.785339355, 124.792007446, 288.621643066, 738.255554199, 240.226791382, 82.593132019, -1.91044569016, -78.2022628784, -66.1200027466, -98.9151763916, -98.9844055176, -113.631706238, -42.920539856], [152.894470215, 684.471923828, -59.4076004028, 240.226791382, 517.010925293, 222.072463989, 192.940643311, 38.5361824036, 116.343154907, -28.3955020905, 65.3314971924, -42.5010986328, 29.1317977905], [818.839538574, 74.4920654297, 56.1361122131, 82.593132019, 222.072463989, 349.097900391, 157.76864624, 128.245147705, 43.0932350159, 50.2221412659, 19.7694225311, 13.127163887, 18.2346477509], [121.359039307, 361.417724609, -74.4257125854, -1.91044569016, 192.940643311, 157.76864624, 303.740600586, 116.858886719, 143.551193237, 34.0848808289, 89.4916763306, 29.6848258972, 47.270160675], [530.902893066, -92.7223434448, 54.152973175, -78.2022628784, 38.5361824036, 128.245147705, 116.858886719, 265.050842285, 120.699104309, 109.414085388, 78.751701355, 72.2110366821, 42.6513252258], [-81.5299987793, 354.408233643, -60.8121490479, -66.1200027466, 116.343154907, 43.0932350159, 143.551193237, 120.699104309, 215.379577637, 94.9107818604, 119.555809021, 42.6345558167, 50.9719276428], [148.317626953, -169.833709717, 80.6007919312, -98.9151763916, -28.3955020905, 50.2221412659, 34.0848808289, 109.414085388, 94.9107818604, 162.710845947, 89.6941986084, 85.9517211914, 26.5832748413], [-256.950958252, 293.032958984, -55.2429046631, -98.9844055176, 65.3314971924, 19.7694225311, 89.4916763306, 78.751701355, 119.555809021, 89.6941986084, 175.18737793, 71.4658660889, 70.8919830322], [205.477111816, -228.099853516, 8.88282871246, -113.631706238, -42.5010986328, 13.127163887, 29.6848258972, 72.2110366821, 42.6345558167, 85.9517211914, 71.4658660889, 150.769866943, 53.2628479004], [-46.9693374634, 155.231216431, -35.592956543, -42.920539856, 29.1317977905, 18.2346477509, 47.270160675, 42.6513252258, 50.9719276428, 26.5832748413, 70.8919830322, 53.2628479004, 95.6194839478]],
        "icov": [[9.56223084358e-05, -0.000113116162538, 0.000152991808136, -0.000227333279327, 0.000161452495377, -0.000197593020857, 7.2462738899e-05, -0.000293556571705, 0.000202628667466, -0.000296602956951, 0.000432623637607, -0.00044666120084, 0.000171625419171], [-0.000113116162538, 0.00116433750372, -0.000171489198692, 0.000416582421167, -0.000653718190733, 3.60620765605e-06, -7.49015744077e-05, 0.00115781545173, -0.00189768348355, 0.00218077609316, -0.00249374262057, 0.00241232546978, -0.00119312992319], [0.000152991808136, -0.000171489198692, 0.00217086658813, -0.00139307009522, 0.000581445230637, -0.000291786564048, 0.00022872723639, -0.00100958137773, 0.00119021476712, -0.00248098373413, 0.00114188354928, -0.0005820983788, 0.000285001500743], [-0.000227333279327, 0.000416582421167, -0.00139307009522, 0.0031205015257, -0.00194352306426, 0.000651680864394, -0.000163407879882, 0.0011305535445, -0.00044079584768, 0.0015385216102, -0.000447675323812, 0.00201906217262, -0.000846997310873], [0.000161452495377, -0.000653718190733, 0.000581445230637, -0.00194352306426, 0.00583304511383, -0.00367816560902, -2.83469089482e-05, 0.000368967477698, -0.00232647615485, 0.00202832301147, -0.000927540764678, -0.0014856569469, 0.00144987273961], [-0.000197593020857, 3.60620765605e-06, -0.000291786564048, 0.000651680864394, -0.00367816560902, 0.00777292298153, -0.00308083416894, -0.00225615035743, 0.00464012194425, -0.00469045480713, 0.00224955310114, 0.00156882847659, -0.00146251707338], [7.2462738899e-05, -7.49015744077e-05, 0.00022872723639, -0.000163407879882, -2.83469089482e-05, -0.00308083416894, 0.00746967969462, -0.000827556999866, -0.00441310601309, 0.00361726270057, -0.00133812509011, -0.00157515623141, 0.000657928059809], [-0.000293556571705, 0.00115781545173, -0.00100958137773, 0.0011305535445, 0.000368967477698, -0.00225615035743, -0.000827556999866, 0.00917209405452, -0.00533136818558, 0.00139162689447, -0.00270186387934, 0.00175623700488, -0.00177646498196], [0.000202628667466, -0.00189768348355, 0.00119021476712, -0.00044079584768, -0.00232647615485, 0.00464012194425, -0.00441310601309, -0.00533136818558, 0.0183764100075, -0.0121426219121, 0.00260147918016, -0.000626913795713, -0.000190552367712], [-0.000296602956951, 0.00218077609316, -0.00248098373413, 0.0015385216102, 0.00202832301147, -0.00469045480713, 0.00361726270057, 0.00139162689447, -0.0121426219121, 0.0249036923051, -0.0117411557585, -0.001700277091, 0.00314994598739], [0.000432623637607, -0.00249374262057, 0.00114188354928, -0.000447675323812, -0.000927540764678, 0.00224955310114, -0.00133812509011, -0.00270186387934, 0.00260147918016, -0.0117411557585, 0.0210264343768, -0.00625482341275, -0.00402211025357], [-0.00044666120084, 0.00241232546978, -0.0005820983788, 0.00201906217262, -0.0014856569469, 0.00156882847659, -0.00157515623141, 0.00175623700488, -0.000626913795713, -0.001700277091, -0.00625482341275, 0.0183182507753, -0.00805686693639], [0.000171625419171, -0.00119312992319, 0.000285001500743, -0.000846997310873, 0.00144987273961, -0.00146251707338, 0.000657928059809, -0.00177646498196, -0.000190552367712, 0.00314994598739, -0.00402211025357, -0.00805686693639, 0.0192053522915]]
    },
    "melbands": {
        "dmean": [0.00141584023368, 0.00135712185875, 0.00154871877749, 0.000531787634827, 0.000126273036585, 0.000143072698847, 0.000149263898493, 0.000484160933411, 0.000123461330077, 0.000246379320743, 0.000169542443473, 0.000205260716029, 0.000175352441147, 6.22047300567e-05, 4.32701017417e-05, 4.54467444797e-05, 2.39656656049e-05, 1.41630061989e-05, 1.63206859725e-05, 1.62029336934e-05, 8.03258990345e-06, 8.03845341579e-06, 5.05706384502e-06, 3.90419018004e-06, 3.95251072405e-06, 4.10573693443e-06, 4.3111249397e-06, 4.18823537984e-06, 2.43323529503e-06, 3.51773610419e-06, 7.30270949134e-06, 6.36679578747e-06, 7.60273178457e-06, 4.24557083534e-06, 4.98488952871e-06, 7.33219485483e-06, 5.51750554223e-06, 9.19015110412e-06, 5.41217514183e-06, 2.22229937208e-06],
        "dmean2": [0.00226270500571, 0.00178777356632, 0.00239887903444, 0.000899833219592, 0.000207183707971, 0.000212402141187, 0.000227352778893, 0.000669490837026, 0.000181434355909, 0.000392044021282, 0.000277407089015, 0.000328519556206, 0.000293667137157, 0.000105431383417, 6.92388784955e-05, 7.54866923671e-05, 3.87502041121e-05, 2.26562406169e-05, 2.47712050623e-05, 2.65486542048e-05, 1.32084451252e-05, 1.40105066748e-05, 8.68357710715e-06, 6.29560236121e-06, 6.62159573039e-06, 6.9789225563e-06, 7.17648299542e-06, 6.83597363604e-06, 3.57508247362e-06, 5.15959254699e-06, 1.07637351903e-05, 9.79293508863e-06, 1.2697611055e-05, 6.42495524517e-06, 7.29422117729e-06, 1.09945003715e-05, 8.72043801792e-06, 1.62312244356e-05, 9.26645589061e-06, 3.23794301949e-06],
        "dvar": [8.13436690805e-06, 5.79786410526e-06, 1.44665209518e-05, 1.75653269707e-06, 4.96115113435e-08, 5.56739401247e-08, 6.60567636146e-08, 1.20742231502e-06, 7.06225833369e-08, 2.93620672664e-07, 1.53008116399e-07, 2.52421671121e-07, 1.6976224515e-07, 1.66494213971e-08, 4.30246736016e-08, 9.94988891279e-09, 1.70989578052e-09, 7.77678088593e-10, 1.10873277226e-09, 1.33350652742e-09, 3.3321287396e-10, 3.73838043854e-10, 1.15479757701e-10, 6.0928088963e-11, 5.07709048414e-11, 7.55324483515e-11, 6.72904232335e-11, 6.24405180338e-11, 1.58609809314e-11, 3.88731338785e-11, 1.92869276106e-10, 1.67738711809e-10, 3.36388028543e-10, 5.5283173872e-11, 9.43231673323e-11, 2.97256774751e-10, 1.39494985008e-10, 1.13274900571e-09, 3.37101596637e-10, 2.06179517903e-11],
        "dvar2": [2.4480124921e-05, 1.07937839857e-05, 3.17086305586e-05, 4.45304203822e-06, 1.27358987356e-07, 1.11505798372e-07, 1.35933191814e-07, 2.08020992432e-06, 1.36697721587e-07, 7.0628254889e-07, 3.929940533e-07, 6.05837442436e-07, 4.42062571437e-07, 4.34114220127e-08, 8.37848901369e-08, 2.56540140242e-08, 4.10781231253e-09, 1.9329013945e-09, 2.44921527504e-09, 3.35690963915e-09, 8.71792693591e-10, 1.03736719215e-09, 3.0174979182e-10, 1.48446907544e-10, 1.32185581925e-10, 2.06982889162e-10, 1.80950310291e-10, 1.57850094107e-10, 3.46581791044e-11, 8.86674345058e-11, 4.40667530244e-10, 4.2055642302e-10, 9.13937980851e-10, 1.12646260375e-10, 1.79978157377e-10, 5.60717472453e-10, 3.31173671819e-10, 3.29750893258e-09, 9.60014845397e-10, 3.87545655289e-11],
        "max": [0.0339008457959, 0.0221519488841, 0.028191877529, 0.00897204317153, 0.00495669757947, 0.00521317124367, 0.00500354683027, 0.0393198803067, 0.00800590682775, 0.0121020562947, 0.00875938124955, 0.0197092890739, 0.0109727820382, 0.00273487274535, 0.013053253293, 0.00273105711676, 0.000827621959615, 0.000837040191982, 0.000817575200927, 0.000745612371247, 0.000562935078051, 0.000712579116225, 0.000375559087843, 0.000246244482696, 5.87436297792e-05, 6.70216686558e-05, 7.46247533243e-05, 6.75660630804e-05, 4.05419450544e-05, 5.26896365045e-05, 0.000109494583739, 9.83071222436e-05, 0.000172593718162, 6.24270905973e-05, 7.48551974539e-05, 0.000190012011444, 9.24546620809e-05, 0.000339792401064, 0.000183402051334, 3.34806609317e-05],
        "mean": [0.00271888240241, 0.00184610032011, 0.00159248965792, 0.000489347788971, 0.000212734987144, 0.000273001613095, 0.000267206021817, 0.000845125410706, 0.000213376668398, 0.000332393799908, 0.00023538384994, 0.000279755884549, 0.000223786802962, 8.16298779682e-05, 5.96411773586e-05, 5.82032153034e-05, 3.42659150192e-05, 2.20292331505e-05, 2.09495538002e-05, 1.90147184185e-05, 9.38429002417e-06, 8.63698187459e-06, 6.11287532593e-06, 4.7959974836e-06, 3.74607316189e-06, 3.76754337594e-06, 4.22256744059e-06, 3.93718619307e-06, 2.64071650236e-06, 3.76256321033e-06, 7.16674594514e-06, 6.58830731481e-06, 6.60000523567e-06, 4.27515578849e-06, 4.96514621773e-06, 7.86831515143e-06, 5.14806515639e-06, 6.49876665193e-06, 4.08000505558e-06, 2.10693019653e-06],
        "median": [0.00121121783741, 0.00032127724262, 9.0684996394e-05, 9.39075252973e-05, 9.84238722594e-05, 0.000126144834212, 0.000129258129164, 0.000319166574627, 9.00934101082e-05, 0.000109335072921, 9.95787413558e-05, 8.01325659268e-05, 8.48156705615e-05, 3.40023034369e-05, 2.01057664526e-05, 2.50017619692e-05, 1.75130626303e-05, 1.06832158053e-05, 6.85273016643e-06, 6.78310698277e-06, 3.44612249137e-06, 2.87537454824e-06, 2.50698872151e-06, 1.93139749172e-06, 1.06066352146e-06, 1.01382704543e-06, 1.26754264329e-06, 9.60916054282e-07, 6.82679456077e-07, 7.14217890163e-07, 7.11222810423e-07, 9.06319769456e-07, 8.6904822183e-07, 6.07195545399e-07, 5.76847128286e-07, 5.30918782715e-07, 5.34232583504e-07, 4.11066793049e-07, 3.19679429595e-07, 1.91382625303e-07],
        "min": [5.49020526535e-24, 1.39317663691e-23, 9.48264687275e-24, 4.5484721886e-24, 4.26694232545e-24, 4.83394951172e-24, 1.06985039865e-23, 4.26014352774e-24, 6.87211917734e-24, 6.01615145264e-24, 7.82905320931e-24, 8.539595215e-24, 6.94097332373e-24, 1.43925778891e-23, 7.85660023212e-24, 1.27795119547e-23, 1.81381383765e-23, 1.15236438159e-23, 1.55955339716e-23, 6.13827540381e-24, 7.52969548414e-24, 1.00097400638e-23, 8.54823639736e-24, 8.83370938174e-24, 5.7981241035e-24, 6.87210734443e-24, 5.89761445201e-24, 6.46570671644e-24, 8.53533142181e-24, 4.74057401852e-24, 6.63539464146e-24, 6.74334946748e-24, 9.46882524083e-24, 9.99764130409e-24, 6.74623669839e-24, 9.80084101862e-24, 9.90775691483e-24, 1.03212998895e-23, 8.82062533476e-24, 1.23479624411e-23],
        "var": [1.45923941091e-05, 1.15453485705e-05, 1.67341422639e-05, 1.4362890397e-06, 1.0211033441e-07, 1.70531308186e-07, 1.64488810128e-07, 3.25616315422e-06, 1.71336694166e-07, 4.63683505814e-07, 1.97895346332e-07, 3.79694967023e-07, 1.94839429923e-07, 2.07561470233e-08, 6.04845595831e-08, 1.17953131706e-08, 2.40122077777e-09, 1.1406884326e-09, 1.51759182998e-09, 1.40123634917e-09, 3.23660848123e-10, 3.34369504307e-10, 1.56909499283e-10, 8.10951514274e-11, 4.2708111353e-11, 5.52482989913e-11, 5.35684274716e-11, 5.64909473366e-11, 1.92743373345e-11, 4.52426290876e-11, 2.18464774049e-10, 1.6877486908e-10, 2.62200122725e-10, 6.90439996842e-11, 1.21111357054e-10, 4.13055506465e-10, 1.38859174159e-10, 6.60675958386e-10, 2.01901467767e-10, 2.62533918216e-11]
    },
    "mfcc": {
        "mean": [-664.355285645, 118.248451233, 14.2628364563, -5.32726669312, -10.4402189255, 6.52616596222, -3.45927453041, 5.95311737061, 2.94080138206, 5.06130743027, 2.12294411659, 3.12971878052, 1.50432181358],
        "cov": [[10901.3769531, -177.104187012, -153.409469604, -85.9820327759, 108.501571655, 311.575286865, 250.860488892, 389.461120605, 346.476928711, 200.600448608, 123.600204468, 108.804550171, 95.6590118408], [-177.104187012, 2695.38745117, -523.020996094, 52.9983558655, 176.824768066, 194.028442383, 139.225921631, 168.427108765, 132.798034668, 99.3207626343, 164.657730103, 135.074295044, 142.841094971], [-153.409469604, -523.020996094, 739.678771973, 164.045715332, 26.1945819855, -36.7670440674, -19.6229877472, -84.2382736206, -27.5831241608, 13.0929803848, -34.8032836914, -11.6086826324, -52.4642524719], [-85.9820327759, 52.9983558655, 164.045715332, 503.739654541, 201.810562134, 139.642593384, 34.4236793518, 3.20424246788, 10.076010704, -29.9359741211, -8.6765127182, -56.7975463867, -17.3637237549], [108.501571655, 176.824768066, 26.1945819855, 201.810562134, 321.884735107, 172.769989014, 99.8012008667, 53.2463226318, 57.304889679, 21.1661682129, 32.1811599731, 24.0758914948, -5.73581409454], [311.575286865, 194.028442383, -36.7670440674, 139.642593384, 172.769989014, 298.629058838, 146.291427612, 89.4943237305, 69.2846832275, 23.075969696, 31.6159896851, -7.70828723907, 20.1545906067], [250.860488892, 139.225921631, -19.6229877472, 34.4236793518, 99.8012008667, 146.291427612, 202.136459351, 123.291358948, 85.4063949585, 51.9729652405, 41.9150543213, 34.7558898926, 26.8914222717], [389.461120605, 168.427108765, -84.2382736206, 3.20424246788, 53.2463226318, 89.4943237305, 123.291358948, 172.653091431, 113.929672241, 61.8521881104, 60.6264076233, 54.0151786804, 43.5597419739], [346.476928711, 132.798034668, -27.5831241608, 10.076010704, 57.304889679, 69.2846832275, 85.4063949585, 113.929672241, 140.289260864, 82.626663208, 58.2673454285, 48.4618682861, 32.4007110596], [200.600448608, 99.3207626343, 13.0929803848, -29.9359741211, 21.1661682129, 23.075969696, 51.9729652405, 61.8521881104, 82.626663208, 129.583221436, 87.8905792236, 65.7046737671, 40.4717636108], [123.600204468, 164.657730103, -34.8032836914, -8.6765127182, 32.1811599731, 31.6159896851, 41.9150543213, 60.6264076233, 58.2673454285, 87.8905792236, 118.065536499, 83.7663497925, 49.4840049744], [108.804550171, 135.074295044, -11.6086826324, -56.7975463867, 24.0758914948, -7.70828723907, 34.7558898926, 54.0151786804, 48.4618682861, 65.7046737671, 83.7663497925, 122.329208374, 63.7331237793], [95.6590118408, 142.841094971, -52.4642524719, -17.3637237549, -5.73581409454, 20.1545906067, 26.8914222717, 43.5597419739, 32.4007110596, 40.4717636108, 49.4840049744, 63.7331237793, 99.049156189]],
