{
"lowlevel": {
    "average_loudness": 0.124539546669,
    "barkbands_crest": {
        "dmean": 1.74292159081,
        "dmean2": 2.65433692932,
        "dvar": 3.09329414368,
        "dvar2": 6.70930767059,
        "max": 25.6440200806,
        "mean": 10.7286806107,
        "median": 10.0975208282,
        "min": 3.73419594765,
        "var": 13.39914608
    },
    "barkbands_flatness_db": {
        "dmean": 0.0141746485606,
        "dmean2": 0.0217416975647,
        "dvar": 0.00025760877179,
        "dvar2": 0.000555122387595,
        "max": 0.440936714411,
        "mean": 0.254353106022,
        "median": 0.254163265228,
        "min": 0.0602000132203,
        "var": 0.00358944013715
    },
    "barkbands_kurtosis": {
        "dmean": 1.16672420502,
        "dmean2": 1.76259529591,
        "dvar": 3.69527840614,
        "dvar2": 8.85277080536,
        "max": 66.6262817383,
        "mean": 2.62846422195,
        "median": 1.21687698364,
        "min": -1.91120553017,
        "var": 21.0354385376
    },
    "barkbands_skewness": {
        "dmean": 0.28583791852,
        "dmean2": 0.415103107691,
        "dvar": 0.0858479440212,
        "dvar2": 0.177514314651,
        "max": 6.41057157516,
        "mean": 0.946810662746,
        "median": 0.884962975979,
        "min": -5.87481594086,
        "var": 0.869093179703
    },
    "barkbands_spread": {
        "dmean": 1.44023168087,
        "dmean2": 2.20163750648,
        "dvar": 4.61708784103,
        "dvar2": 11.7581920624,
        "max": 137.891159058,
        "mean": 9.94264125824,
        "median": 7.81306743622,
        "min": 0.719970285892,
        "var": 135.158630371
    },
    "dissonance": {
        "dmean": 0.0299140177667,
        "dmean2": 0.0511178933084,
        "dvar": 0.000912446179427,
        "dvar2": 0.00247947266325,
        "max": 0.500000119209,
        "mean": 0.418950021267,
        "median": 0.427964925766,
        "min": 0.15288874507,
        "var": 0.0025807977654
    },
    "dynamic_complexity": 7.48552942276,
    "erbbands_crest": {
        "dmean": 2.2494893074,
        "dmean2": 3.27379608154,
        "dvar": 5.64942979813,
        "dvar2": 10.7093343735,
        "max": 33.1821708679,
        "mean": 13.1234092712,
        "median": 11.7613735199,
        "min": 2.34729909897,
        "var": 31.8658351898
    },
    "erbbands_flatness_db": {
        "dmean": 0.0129767097533,
        "dmean2": 0.0192409548908,
        "dvar": 0.000217642649659,
        "dvar2": 0.000462067167973,
        "max": 0.496609121561,
        "mean": 0.305248022079,
        "median": 0.309129118919,
        "min": 0.0226658061147,
        "var": 0.00333701143973
    },
    "erbbands_kurtosis": {
        "dmean": 0.949743807316,
        "dmean2": 1.40230584145,
        "dvar": 2.4389603138,
        "dvar2": 5.0104637146,
        "max": 40.2481498718,
        "mean": 1.65548348427,
        "median": 0.751315832138,
        "min": -1.72546887398,
        "var": 9.33903026581
    },
    "erbbands_skewness": {
        "dmean": 0.252291947603,
        "dmean2": 0.372077792883,
        "dvar": 0.069052554667,
        "dvar2": 0.154061689973,
        "max": 3.9571762085,
        "mean": 0.431072324514,
        "median": 0.384992182255,
        "min": -4.99067878723,
        "var": 0.528163194656
    },
    "erbbands_spread": {
        "dmean": 2.35290455818,
        "dmean2": 3.46522569656,
        "dvar": 6.26680278778,
        "dvar2": 13.0375089645,
        "max": 113.51651001,
        "mean": 15.7213354111,
        "median": 13.5854558945,
        "min": 0.768244802952,
        "var": 123.478248596
    },
    "hfc": {
        "dmean": 3.14269423485,
        "dmean2": 4.24440526962,
        "dvar": 92.5352020264,
        "dvar2": 178.182785034,
        "max": 252.272781372,
        "mean": 10.4849529266,
        "median": 3.57163572311,
        "min": 1.10640019288e-16,
        "var": 302.915161133
    },
    "melbands_crest": {
        "dmean": 2.02214336395,
        "dmean2": 3.12800836563,
        "dvar": 3.93311595917,
        "dvar2": 8.98260211945,
        "max": 30.6249523163,
        "mean": 12.3030967712,
        "median": 11.5853633881,
        "min": 1.7543027401,
        "var": 16.5041046143
    },
    "melbands_flatness_db": {
        "dmean": 0.0156658757478,
        "dmean2": 0.0237468089908,
        "dvar": 0.000371184461983,
        "dvar2": 0.00076575181447,
        "max": 0.576648831367,
        "mean": 0.336272209883,
        "median": 0.331399679184,
        "min": 0.00314226257615,
        "var": 0.00733990920708
    },
    "melbands_kurtosis": {
        "dmean": 1.35095250607,
        "dmean2": 2.05792713165,
        "dvar": 3.72948789597,
        "dvar2": 9.16630935669,
        "max": 67.8519821167,
        "mean": 3.27655982971,
        "median": 1.91111063957,
        "min": -1.85194969177,
        "var": 25.3473014832
    },
    "melbands_skewness": {
        "dmean": 0.312519520521,
        "dmean2": 0.456514716148,
        "dvar": 0.0945840477943,
        "dvar2": 0.192888960242,
        "max": 6.4934091568,
        "mean": 1.14038729668,
        "median": 1.12260603905,
        "min": -4.38977193832,
        "var": 0.832812726498
    },
    "melbands_spread": {
        "dmean": 2.06952595711,
        "dmean2": 3.14698576927,
        "dvar": 9.21452236176,
        "dvar2": 20.5289726257,
        "max": 163.295379639,
        "mean": 13.7795190811,
        "median": 12.1600914001,
        "min": 1.00723481178,
        "var": 106.962554932
    },
    "pitch_salience": {
        "dmean": 0.0461672581732,
        "dmean2": 0.0730827599764,
        "dvar": 0.00205713068135,
        "dvar2": 0.00484258541837,
        "max": 0.956216573715,
        "mean": 0.523922264576,
        "median": 0.524000763893,
        "min": 0.13373811543,
        "var": 0.00858128070831
    },
    "silence_rate_20dB": {
        "dmean": 0,
        "dmean2": 0,
        "dvar": 0,
        "dvar2": 0,
        "max": 1,
        "mean": 1,
        "median": 1,
        "min": 1,
        "var": 0
    },
    "silence_rate_30dB": {
        "dmean": 0.00754111493006,
        "dmean2": 0.0150834405795,
        "dvar": 0.0074833384715,
        "dvar2": 0.0185475535691,
        "max": 1,
        "mean": 0.993261694908,
        "median": 1,
        "min": 0,
        "var": 0.00669319322333
    },
    "silence_rate_60dB": {
        "dmean": 0.0325712002814,
        "dmean2": 0.0651476234198,
        "dvar": 0.0315160527825,
        "dvar2": 0.0705453529954,
        "max": 1,
        "mean": 0.333948343992,
        "median": 0,
        "min": 0,
        "var": 0.22244438529
    },
    "spectral_centroid": {
        "dmean": 76.7454910278,
        "dmean2": 116.811408997,
        "dvar": 36436.0625,
        "dvar2": 73728.203125,
        "max": 11669.1503906,
        "mean": 771.596435547,
        "median": 688.148803711,
        "min": 175.118713379,
        "var": 464866.59375
    },
    "spectral_complexity": {
        "dmean": 1.44099473953,
        "dmean2": 2.30134797096,
        "dvar": 2.96036338806,
        "dvar2": 6.3368897438,
        "max": 40,
        "mean": 11.4406385422,
        "median": 10,
        "min": 0,
        "var": 57.370967865
    },
    "spectral_decrease": {
        "dmean": 8.74802064121e-10,
        "dmean2": 1.21133736375e-09,
        "dvar": 4.99554637846e-18,
        "dvar2": 9.66732599336e-18,
        "max": 9.99196394354e-17,
        "mean": -3.65316710216e-09,
        "median": -1.55907398103e-09,
        "min": -5.9371277672e-08,
        "var": 2.58045047048e-17
    },
    "spectral_energy": {
        "dmean": 0.00357264839113,
        "dmean2": 0.00493089295924,
        "dvar": 8.60658110469e-05,
        "dvar2": 0.000166294645169,
        "max": 0.246962308884,
        "mean": 0.0147388894111,
        "median": 0.00619619013742,
        "min": 1.02944363988e-20,
        "var": 0.000428227009252
    },
    "spectral_energyband_high": {
        "dmean": 4.45067271357e-05,
        "dmean2": 7.06582213752e-05,
        "dvar": 5.11002653525e-08,
        "dvar2": 1.26844724946e-07,
        "max": 0.00786761939526,
        "mean": 6.55717085465e-05,
        "median": 3.09176084556e-06,
        "min": 7.34633238396e-21,
        "var": 5.62399264936e-08
    },
    "spectral_energyband_low": {
        "dmean": 0.000459667935502,
        "dmean2": 0.00075336964801,
        "dvar": 1.48487094975e-06,
        "dvar2": 3.6873548197e-06,
        "max": 0.0351039096713,
        "mean": 0.00113168929238,
        "median": 0.000213714985875,
        "min": 1.55637129004e-23,
        "var": 5.99298073212e-06
    },
    "spectral_energyband_middle_high": {
        "dmean": 0.00207992689684,
        "dmean2": 0.00282208202407,
        "dvar": 5.58600258955e-05,
        "dvar2": 0.000106491614133,
        "max": 0.201013416052,
        "mean": 0.00513311242685,
        "median": 0.00128658418544,
        "min": 1.2754000193e-21,
        "var": 0.000132458299049
    },
    "spectral_energyband_middle_low": {
        "dmean": 0.0018700058572,
        "dmean2": 0.00275606685318,
        "dvar": 1.93389078049e-05,
        "dvar2": 4.07276056649e-05,
        "max": 0.178226426244,
        "mean": 0.00893499981612,
        "median": 0.00407668529078,
        "min": 1.70784814018e-22,
        "var": 0.000158480004757
    },
    "spectral_entropy": {
        "dmean": 0.114330105484,
        "dmean2": 0.181654125452,
        "dvar": 0.022877631709,
        "dvar2": 0.054998639971,
        "max": 9.82015705109,
        "mean": 6.3654088974,
        "median": 6.34887123108,
        "min": 4.83870410919,
        "var": 0.324135959148
    },
    "spectral_flux": {
        "dmean": 0.0126550225541,
        "dmean2": 0.0202156715095,
        "dvar": 0.000575855083298,
        "dvar2": 0.00136074831244,
        "max": 0.379968136549,
        "mean": 0.0329317748547,
        "median": 0.0224833413959,
        "min": 6.57071203003e-11,
        "var": 0.00116407882888
    },
    "spectral_kurtosis": {
        "dmean": 13.9776859283,
        "dmean2": 24.7566146851,
        "dvar": 246.199111938,
        "dvar2": 728.374267578,
        "max": 203.938476562,
        "mean": 34.8626441956,
        "median": 21.7360877991,
        "min": -1.28261530399,
        "var": 1104.43481445
    },
    "spectral_rms": {
        "dmean": 0.000348224508343,
        "dmean2": 0.0004776425194,
        "dvar": 3.60122186294e-07,
        "dvar2": 6.54367738662e-07,
        "max": 0.0155222043395,
        "mean": 0.00306332623586,
        "median": 0.00245867110789,
        "min": 3.16912490174e-12,
        "var": 4.99539464727e-06
    },
    "spectral_rolloff": {
        "dmean": 106.756858826,
        "dmean2": 186.172210693,
        "dvar": 136044.46875,
        "dvar2": 320911.0625,
        "max": 19552.1484375,
        "mean": 1178.02770996,
        "median": 882.861328125,
        "min": 150.732421875,
        "var": 5053882
    },
    "spectral_skewness": {
        "dmean": 0.889944970608,
        "dmean2": 1.57648313046,
        "dvar": 0.777131259441,
        "dvar2": 2.36017823219,
        "max": 11.3953399658,
        "mean": 3.59107089043,
        "median": 2.96257257462,
        "min": -0.0696965456009,
        "var": 4.08087205887
    },
    "spectral_spread": {
        "dmean": 233551.109375,
        "dmean2": 401402.8125,
        "dvar": 485114970112,
        "dvar2": 1.00989068902e+12,
        "max": 51629096,
        "mean": 1926205.25,
        "median": 1568301.625,
        "min": 433043,
        "var": 7.47725914112e+12
    },
    "spectral_strongpeak": {
        "dmean": 0.448772549629,
        "dmean2": 0.682819545269,
        "dvar": 0.710544705391,
        "dvar2": 1.3408536911,
        "max": 14.6044998169,
        "mean": 1.23876619339,
        "median": 0.655124723911,
        "min": 0,
        "var": 2.36393165588
    },
    "zerocrossingrate": {
        "dmean": 0.00325133022852,
        "dmean2": 0.00421028956771,
        "dvar": 3.52486895281e-05,
        "dvar2": 6.96572460583e-05,
        "max": 0.59619140625,
        "mean": 0.0415737852454,
        "median": 0.033203125,
        "min": 0.0068359375,
        "var": 0.00345197808929
    },
    "barkbands": {
        "dmean": [4.02964406021e-06, 5.85446541663e-05, 0.000338660640409, 0.000386898434954, 0.000615142402239, 0.000320058432408, 0.000239041648456, 0.000534602382686, 0.000653519062325, 0.000683963589836, 0.00122264877427, 0.000120662407426, 0.000119769218145, 0.000140818738146, 0.000172625528648, 6.06796238571e-05, 7.26486978238e-05, 4.75529741379e-05, 4.81294955534e-05, 3.18075362884e-05, 1.12230991363e-05, 1.07351752376e-05, 2.04866773856e-06, 3.66345290104e-07, 1.511950245e-07, 5.87408095498e-08, 7.74393384972e-08],
        "dmean2": [7.2483690019e-06, 0.000101426296169, 0.000564918271266, 0.00062970694853, 0.000962301506661, 0.000494103645906, 0.000378655618988, 0.000765780569054, 0.000937774486374, 0.000991633278318, 0.0016723520821, 0.00018122541951, 0.000189785365365, 0.000216051004827, 0.000243161659455, 8.68659553817e-05, 0.000117323441373, 7.32586340746e-05, 6.95348717272e-05, 5.03550581925e-05, 1.78377431439e-05, 1.78054888238e-05, 3.22864070768e-06, 6.08459629348e-07, 2.46163750717e-07, 9.32939911991e-08, 1.20331208109e-07],
        "dvar": [1.52935275555e-10, 2.74836615688e-08, 1.00306704098e-06, 6.04309832397e-07, 1.49364495883e-06, 8.07502317457e-07, 3.72705557083e-07, 4.53577013104e-06, 5.44902286492e-06, 1.05064018499e-05, 2.71814951702e-05, 3.06586116494e-07, 1.36152536356e-07, 2.7942328984e-07, 5.40289249784e-07, 3.6821727889e-08, 6.73740672141e-08, 2.61690225045e-08, 6.34673824607e-08, 2.5051452468e-08, 2.66063260312e-09, 6.41006980828e-09, 1.548120937e-10, 7.36326798145e-12, 1.11006939318e-12, 9.62978001918e-14, 2.76748974215e-13],
        "dvar2": [4.6744308424e-10, 7.69097425746e-08, 2.53076927947e-06, 1.57246279286e-06, 3.55615634362e-06, 1.90374919384e-06, 9.58985879151e-07, 8.52691482578e-06, 1.0650403965e-05, 2.25998446695e-05, 5.283873179e-05, 6.81906726641e-07, 3.21310352547e-07, 6.90911633683e-07, 8.11190261629e-07, 7.8421557248e-08, 1.61024260592e-07, 5.77234544608e-08, 1.33220183329e-07, 6.18287074872e-08, 6.49413145482e-09, 1.71223657475e-08, 4.16922274482e-10, 1.8442065583e-11, 2.85778583957e-12, 2.40628019897e-13, 6.36506418319e-13],
        "max": [0.000302383879898, 0.00369462184608, 0.0294409673661, 0.0156944878399, 0.0393608808517, 0.0389006100595, 0.0287264622748, 0.100005194545, 0.0920299515128, 0.0989878028631, 0.125996172428, 0.0159645583481, 0.0124468775466, 0.0147180268541, 0.0298298560083, 0.0073801772669, 0.00798416696489, 0.00469278125092, 0.00834944285452, 0.00599095458165, 0.00131444237195, 0.00291377399117, 0.0004854570725, 0.000138243529364, 4.0932209231e-05, 8.3757640823e-06, 1.7656795535e-05],
        "mean": [4.2135284275e-06, 6.36073673377e-05, 0.000772653671447, 0.000708310806658, 0.00248354347423, 0.00110205204692, 0.000767834077124, 0.00160900282208, 0.00179828028195, 0.00152075942606, 0.00223078182898, 0.000214864630834, 0.000230409161304, 0.000293324061204, 0.00039841371472, 0.00013242730347, 0.000159336646902, 9.32578041102e-05, 7.57830130169e-05, 4.74159933219e-05, 1.84827022167e-05, 1.10898863568e-05, 2.46893455369e-06, 3.46066457269e-07, 1.33739987973e-07, 5.56007009322e-08, 7.38013596902e-08],
        "median": [5.02443072037e-07, 1.4062401533e-05, 5.45645016246e-05, 0.000268527684966, 0.000998371746391, 0.000449267419754, 0.000317677302519, 0.00028750236379, 0.000318154518027, 0.000187005498447, 0.000167558391695, 3.63945837307e-05, 4.92995532113e-05, 3.85846215067e-05, 3.51016715285e-05, 1.39608691825e-05, 1.51710592036e-05, 9.6186013252e-06, 2.94183291771e-06, 1.999863116e-06, 9.39933954669e-07, 2.14034287183e-07, 2.83686496516e-08, 4.74247396909e-09, 2.54523246923e-09, 3.90024190722e-09, 5.01852603918e-09],
        "min": [2.71901298108e-25, 6.38547404036e-24, 2.66513974702e-24, 1.32460080064e-24, 9.33039750691e-24, 4.86074711667e-24, 1.29392783761e-23, 1.27895494209e-23, 2.61192382144e-23, 1.82947241107e-23, 2.07694833223e-23, 2.4993304933e-23, 4.14794234236e-23, 3.87437989547e-23, 4.36356926665e-23, 5.76333194548e-23, 8.12766356766e-23, 1.15933447256e-22, 1.47772592831e-22, 1.65478809352e-22, 2.48378725134e-22, 2.8989565416e-22, 3.67904910009e-22, 5.88512752541e-22, 8.71673478324e-22, 1.40785615191e-21, 1.85607050995e-21],
        "var": [1.61966148826e-10, 2.57557744021e-08, 3.97649046135e-06, 1.60394222348e-06, 1.47686296259e-05, 3.79637663173e-06, 2.03170316126e-06, 2.48191754508e-05, 2.36723335547e-05, 1.96151340788e-05, 5.85985508224e-05, 4.78651600133e-07, 3.08046310238e-07, 5.5667419474e-07, 1.83154440947e-06, 1.07858149079e-07, 1.84016130333e-07, 5.74626248806e-08, 9.4964065056e-08, 2.8647939132e-08, 3.65831143156e-09, 4.8207291492e-09, 1.4120846159e-10, 6.03548591313e-12, 8.84281851302e-13, 8.36312966036e-14, 2.88603722084e-13]
    },
    "erbbands": {
        "dmean": [0.000691838329658, 0.0214659906924, 0.294884234667, 0.751794815063, 1.84177291393, 2.52994847298, 2.02773737907, 2.75894665718, 2.77179217339, 7.07160806656, 12.1979465485, 12.2453269958, 17.667257309, 28.9158325195, 45.4703903198, 5.47435808182, 5.90118837357, 7.51419591904, 8.73484611511, 5.74847459793, 3.13341069221, 2.96503376961, 2.27007770538, 3.50841927528, 1.18265724182, 1.82330369949, 0.783812642097, 0.265363126993, 0.550742030144, 0.109879754484, 0.0449633598328, 0.0232374556363, 0.00509628094733, 0.00228372542188, 0.000703488069121, 0.000228239223361, 0.000105576429632, 4.37172966485e-05, 2.01203183678e-05, 4.65316907139e-06],
        "dmean2": [0.00117651966866, 0.036853749305, 0.498192608356, 1.20936691761, 2.97075390816, 3.92399191856, 3.16627264023, 4.33195209503, 4.30110359192, 10.6132383347, 17.611618042, 17.9631919861, 25.0793437958, 42.2788124084, 59.7508239746, 7.59052753448, 9.18526554108, 11.4123592377, 12.0215873718, 8.19852256775, 4.82233905792, 4.77000045776, 3.5603761673, 5.14488077164, 1.69363641739, 2.88162636757, 1.24552166462, 0.419856876135, 0.928822100163, 0.173368245363, 0.0700614005327, 0.0395628996193, 0.00837821140885, 0.00372768682428, 0.00115522299893, 0.000380562676582, 0.000164664903423, 6.78170617903e-05, 3.01741165458e-05, 6.3828833845e-06],
        "dvar": [3.77112814931e-06, 0.00326917483471, 0.712457001209, 2.39452981949, 16.3487110138, 31.3030605316, 55.042755127, 60.4648971558, 40.4722938538, 463.7550354, 3453.82470703, 1436.95654297, 5373.50927734, 17636.2011719, 47453.0976562, 549.715209961, 339.230926514, 724.457702637, 1792.63671875, 243.198440552, 117.49495697, 93.0123825073, 49.5099029541, 310.829589844, 24.0830802917, 88.3131256104, 18.7864494324, 1.28069090843, 21.0269107819, 0.380326747894, 0.0695948675275, 0.0263100173324, 0.00109500123654, 0.000274612597423, 2.29210891121e-05, 2.33976720665e-06, 3.12971735639e-07, 6.1601355128e-08, 2.24247216352e-08, 1.66748545527e-10],
        "dvar2": [1.0449207366e-05, 0.00900834705681, 1.87020599842, 5.9768538475, 41.8189048767, 71.9178085327, 130.778060913, 140.38659668, 92.5596237183, 994.255187988, 6453.91503906, 3114.65698242, 12846.6904297, 37472.7460938, 87551.25, 1021.70513916, 776.977783203, 1771.35522461, 2686.34521484, 459.610565186, 293.259490967, 216.896224976, 120.645706177, 664.653869629, 50.9425392151, 213.52142334, 47.8072166443, 2.99476456642, 56.8060531616, 0.981737196445, 0.179091855884, 0.0739076957107, 0.00279187760316, 0.000710141495802, 5.96417739871e-05, 6.28054704066e-06, 7.57203508783e-07, 1.49884144207e-07, 4.98329875143e-08, 3.21276782955e-10],
        "max": [0.0456652194262, 1.21464812756, 24.2362422943, 36.6772270203, 109.632377625, 230.449447632, 506.878051758, 337.706573486, 297.846221924, 707.527404785, 2752.16015625, 1420.95275879, 2567.35888672, 4854.27490234, 5664.39355469, 675.36505127, 660.660888672, 703.437866211, 1644.65270996, 540.69708252, 359.461578369, 295.198822021, 233.366577148, 573.72869873, 131.839004517, 416.124603271, 177.007843018, 30.7586269379, 172.416000366, 24.9047870636, 10.7700242996, 5.36887216568, 1.29070651531, 0.681441366673, 0.171227619052, 0.0421540662646, 0.0130470972508, 0.00705549074337, 0.00518855871633, 0.000383533217246],
        "mean": [0.000985550810583, 0.0301742721349, 0.612312853336, 1.83305323124, 4.43863105774, 11.1396188736, 6.41568517685, 9.29389476776, 11.4491119385, 20.7396335602, 41.481174469, 35.4141349792, 40.2414855957, 65.3420257568, 80.7014694214, 11.1626462936, 12.1704206467, 16.3455524445, 20.8751792908, 12.9553775787, 7.22682237625, 6.8991856575, 4.75935983658, 5.76277494431, 2.18812894821, 2.59481143951, 1.27445530891, 0.438168227673, 0.537679851055, 0.140646278858, 0.0543607361615, 0.0220575407147, 0.00510921282694, 0.00203763996251, 0.000615158875007, 0.000206264609005, 0.000106091370981, 4.37228918599e-05, 2.60468132183e-05, 1.77638867171e-05],
        "median": [0.000236746040173, 0.00608347030357, 0.0675593614578, 0.622580289841, 1.91056537628, 3.61220169067, 2.21576929092, 3.90549135208, 5.73164367676, 5.15324687958, 7.18737506866, 8.56577014923, 7.53137493134, 9.08280563354, 6.72029066086, 2.28290295601, 2.8151948452, 2.65321159363, 1.68373835087, 1.97365522385, 0.81972771883, 0.822748184204, 0.607450842857, 0.318622142076, 0.123393237591, 0.11583057791, 0.0503013432026, 0.0252540521324, 0.00988555140793, 0.00317076337524, 0.000761866336688, 0.000244096096139, 8.29699565656e-05, 3.5971563193e-05, 2.06142140087e-05, 1.52578322741e-05, 9.55311770667e-06, 4.21504046244e-06, 4.30727050116e-06, 7.21089691069e-06],
        "min": [1.01541588808e-22, 1.33592294256e-21, 3.36627087561e-21, 5.63120125271e-21, 3.96214925145e-20, 2.55726117545e-20, 6.44210458255e-20, 6.01695378098e-20, 1.75176678287e-19, 1.52486261054e-19, 3.26565012174e-19, 6.43920815793e-19, 3.79261948964e-19, 6.36149557336e-19, 1.23723058581e-18, 1.3397012031e-18, 1.85670738732e-18, 2.48866655107e-18, 2.41536387314e-18, 2.65199687854e-18, 5.02751939067e-18, 5.46761835404e-18, 6.73160740549e-18, 6.99335547544e-18, 7.59637427789e-18, 8.35023773685e-18, 1.13420433062e-17, 8.95093547051e-18, 1.10785647744e-17, 1.31892343941e-17, 1.27637533665e-17, 9.20037178422e-18, 1.02380516647e-17, 7.66458772711e-18, 7.2440656473e-18, 4.2094873957e-18, 2.43017102649e-18, 9.77979567329e-19, 2.60099318046e-19, 2.5722434843e-20],
        "var": [4.81929828311e-06, 0.0042910608463, 2.20555067062, 10.3752317429, 55.4474220276, 391.789703369, 191.568710327, 261.83795166, 307.457946777, 2489.71899414, 20615.6367188, 6005.5234375, 10391.5048828, 32310.1601562, 96657.5859375, 1119.69897461, 793.241271973, 1528.0657959, 5962.10888672, 870.257202148, 280.087249756, 278.676696777, 112.745651245, 456.884155273, 43.2461357117, 100.623245239, 21.4775791168, 1.93566036224, 15.0594406128, 0.368592858315, 0.0702343210578, 0.0187929458916, 0.000910686911084, 0.000215999127249, 1.78346272151e-05, 1.71185888576e-06, 2.95642990977e-07, 5.62971926854e-08, 2.53338718892e-08, 6.84208856239e-10]
    },
    "gfcc": {
        "mean": [-191.733276367, 190.889404297, -150.775131226, -20.5165691376, -42.6148910522, -32.9566955566, -19.7907943726, -20.3762130737, -17.9898262024, -17.9774894714, -17.6217021942, -11.5650491714, -8.75758647919],
        "cov": [[27929.8515625, 1423.5871582, -5874.19921875, 2604.43847656, -1196.68225098, 104.711334229, 626.222290039, -405.499023438, 16.1022033691, -776.051879883, -353.118804932, -513.200256348, 233.007965088], [1423.5871582, 1810.06188965, -239.214157104, -565.082092285, 248.570159912, -350.55065918, -87.3711929321, -114.662506104, -103.278892517, -85.1357879639, -37.0379219055, -87.750289917, -51.0247192383], [-5874.19921875, -239.214157104, 1781.4387207, -583.42401123, 253.068466187, 128.825256348, -165.874130249, 138.906829834, -27.5990219116, 168.218276978, 35.9525184631, 87.049407959, -103.073257446], [2604.43847656, -565.082092285, -583.42401123, 794.481567383, -203.092071533, 150.674530029, 141.473602295, -37.0279846191, 73.2739257812, -89.7616195679, -46.1679611206, -48.4833488464, 22.1683063507], [-1196.68225098, 248.570159912, 253.068466187, -203.092071533, 255.370101929, -13.8289136887, -30.6924343109, 32.6912269592, -51.8327980042, 13.0024595261, 30.7258281708, 8.86413478851, -42.6917762756], [104.711334229, -350.55065918, 128.825256348, 150.674530029, -13.8289136887, 310.114013672, 90.341217041, 68.8115844727, 18.654624939, 0.357145994902, 5.53796243668, 3.13457536697, -18.4093704224], [626.222290039, -87.3711929321, -165.874130249, 141.473602295, -30.6924343109, 90.341217041, 172.513473511, 27.6774692535, 9.43223571777, -11.4611959457, -28.6150093079, -17.1369037628, -8.88992977142], [-405.499023438, -114.662506104, 138.906829834, -37.0279846191, 32.6912269592, 68.8115844727, 27.6774692535, 108.499588013, 13.0202007294, 24.3368911743, 18.9423866272, 13.6762619019, -21.7900066376], [16.1022033691, -103.278892517, -27.5990219116, 73.2739257812, -51.8327980042, 18.654624939, 9.43223571777, 13.0202007294, 114.39100647, 31.0596866608, -15.9549016953, -14.6010866165, 1.30251181126], [-776.051879883, -85.1357879639, 168.218276978, -89.7616195679, 13.0024595261, 0.357145994902, -11.4611959457, 24.3368911743, 31.0596866608, 106.459358215, 23.8383464813, 8.36313724518, -10.9795084], [-353.118804932, -37.0379219055, 35.9525184631, -46.1679611206, 30.7258281708, 5.53796243668, -28.6150093079, 18.9423866272, -15.9549016953, 23.8383464813, 102.081947327, 44.0922927856, 4.6768746376], [-513.200256348, -87.750289917, 87.049407959, -48.4833488464, 8.86413478851, 3.13457536697, -17.1369037628, 13.6762619019, -14.6010866165, 8.36313724518, 44.0922927856, 98.5275344849, 22.3650627136], [233.007965088, -51.0247192383, -103.073257446, 22.1683063507, -42.6917762756, -18.4093704224, -8.88992977142, -21.7900066376, 1.30251181126, -10.9795084, 4.6768746376, 22.3650627136, 99.2555084229]],
        "icov": [[0.000365762592992, -0.000749816885218, 0.000897644320503, -0.000855501624756, 0.00116808013991, -0.000949181732722, 0.000746503588744, -0.000971632776782, 0.000953223847318, -0.000326400855556, 0.000541955290828, 0.00015068873472, -4.90523416374e-05], [-0.000749816885218, 0.00305461813696, -0.00136430712882, 0.00316504971124, -0.00345190428197, 0.00264421175234, -0.0019198745722, 0.00315304892138, -0.00235955603421, 0.00224517728202, -0.00106669787783, 0.00076782819815, 0.000889374292456], [0.000897644320503, -0.00136430712882, 0.0036229819525, -0.00112764467485, 0.00203150440939, -0.00316492584534, 0.0031048390083, -0.0026561205741, 0.00250325608067, -0.00172057119198, 0.00264741433784, -0.000344592815964, 0.000917044177186], [-0.000855501624756, 0.00316504971124, -0.00112764467485, 0.00590589363128, -0.00268179294653, 0.00156070687808, -0.00282687274739, 0.00420211907476, -0.00389268109575, 0.00364565290511, -0.0014868300641, 0.000870665942784, 0.00127886480186], [0.00116808013991, -0.00345190428197, 0.00203150440939, -0.00268179294653, 0.010489162989, -0.00322416028939, 0.00227054418065, -0.00476138945669, 0.00494014564902, -0.00107255438343, 8.07717151474e-05, 0.000687945750542, 0.000921321567148], [-0.000949181732722, 0.00264421175234, -0.00316492584534, 0.00156070687808, -0.00322416028939, 0.00832772348076, -0.00468722637743, 0.000923610234167, -0.00278944498859, 0.00257201190107, -0.0027862994466, 0.000625650398433, 0.000204524418223], [0.000746503588744, -0.0019198745722, 0.0031048390083, -0.00282687274739, 0.00227054418065, -0.00468722637743, 0.0114501910284, -0.00512783741578, 0.00360595993698, -0.00325365061872, 0.00490294769406, -0.000844447349664, 0.000675290822983], [-0.000971632776782, 0.00315304892138, -0.0026561205741, 0.00420211907476, -0.00476138945669, 0.000923610234167, -0.00512783741578, 0.0172954555601, -0.00535037461668, 0.00193828332704, -0.00382667407393, -0.000485421012854, 0.00224037258886], [0.000953223847318, -0.00235955603421, 0.00250325608067, -0.00389268109575, 0.00494014564902, -0.00278944498859, 0.00360595993698, -0.00535037461668, 0.0150369508192, -0.00656440621242, 0.00400015199557, 0.000867095775902, -0.000533254584298], [-0.000326400855556, 0.00224517728202, -0.00172057119198, 0.00364565290511, -0.00107255438343, 0.00257201190107, -0.00325365061872, 0.00193828332704, -0.00656440621242, 0.0169428773224, -0.00525265652686, 0.00247906916775, 0.00111849920359], [0.000541955290828, -0.00106669787783, 0.00264741433784, -0.0014868300641, 8.07717151474e-05, -0.0027862994466, 0.00490294769406, -0.00382667407393, 0.00400015199557, -0.00525265652686, 0.0163577720523, -0.00609271554276, 0.000346247979905], [0.00015068873472, 0.00076782819815, -0.000344592815964, 0.000870665942784, 0.000687945750542, 0.000625650398433, -0.000844447349664, -0.000485421012854, 0.000867095775902, 0.00247906916775, -0.00609271554276, 0.0155698647723, -0.0032399862539], [-4.90523416374e-05, 0.000889374292456, 0.000917044177186, 0.00127886480186, 0.000921321567148, 0.000204524418223, 0.000675290822983, 0.00224037258886, -0.000533254584298, 0.00111849920359, 0.000346247979905, -0.0032399862539, 0.0131450584158]]
    },
    "melbands": {
        "dmean": [1.03916536318e-05, 0.000110591267003, 0.000171409512404, 0.00014007720165, 8.3318533143e-05, 6.25513348496e-05, 4.45806545031e-05, 8.48317504278e-05, 0.000106916551886, 7.98481851234e-05, 8.8500280981e-05, 0.000112414207251, 0.000168608181411, 3.66998829122e-05, 1.25522919916e-05, 9.29929319682e-06, 1.58449893206e-05, 1.27149187392e-05, 1.09291595436e-05, 5.94426819589e-06, 4.24357949669e-06, 3.70790689885e-06, 3.22545133713e-06, 2.38163602262e-06, 3.29069484906e-06, 8.71565589478e-07, 8.14659472326e-07, 1.35818208946e-06, 5.04977606397e-07, 2.88578235086e-07, 1.18378842728e-07, 3.44935756402e-07, 1.39301491231e-07, 4.32605169465e-08, 2.0504899112e-08, 3.92637886648e-08, 5.19958298639e-09, 4.27386481761e-09, 1.96323846069e-09, 1.917551673e-09],
        "dmean2": [1.78786358447e-05, 0.000186129123904, 0.000275990692899, 0.000219997076783, 0.000128620435135, 9.75766961346e-05, 6.96526549291e-05, 0.00012550278916, 0.000155794026796, 0.000115835391625, 0.000125463542645, 0.00016600098752, 0.000226772361202, 4.93525985803e-05, 1.97784829652e-05, 1.38791492645e-05, 2.45638111664e-05, 1.75365385076e-05, 1.60871950357e-05, 8.22901711217e-06, 6.7876671892e-06, 5.93737513555e-06, 5.47956005903e-06, 3.58313559445e-06, 4.84648535348e-06, 1.23484483083e-06, 1.27374892145e-06, 2.16708235712e-06, 8.18689500193e-07, 4.4640759711e-07, 1.91343588085e-07, 5.83320286296e-07, 2.29316228229e-07, 6.61302550498e-08, 3.00389864094e-08, 6.78528593312e-08, 8.79335182447e-09, 7.16625514485e-09, 3.17001314087e-09, 3.16822545976e-09],
        "dvar": [8.79448014413e-10, 9.87581856293e-08, 1.13215968156e-07, 7.64469589853e-08, 5.64067690334e-08, 2.98401161558e-08, 9.81236158992e-09, 7.08031464569e-08, 2.69744845127e-07, 6.13832185081e-08, 1.36756924007e-07, 2.96927169074e-07, 5.37199866812e-07, 5.90532884814e-08, 1.17840559533e-09, 8.15333300874e-10, 3.55271700947e-09, 3.73903707995e-09, 1.28616239881e-09, 3.03904068577e-10, 2.49297638089e-10, 1.77906134269e-10, 1.46468254192e-10, 8.57779888785e-11, 3.22555232524e-10, 1.2639125857e-11, 1.26705885367e-11, 5.03026578724e-11, 1.37050544524e-11, 1.47348311937e-12, 3.47439254016e-13, 7.76174523959e-12, 1.15337383741e-12, 4.40498637187e-14, 1.67811304539e-14, 9.02792109733e-14, 1.38211085981e-15, 8.94295268129e-16, 1.64618510723e-16, 2.35234337282e-16],
        "dvar2": [2.45956766065e-09, 2.56795175346e-07, 2.87327765136e-07, 1.8757080511e-07, 1.32280533194e-07, 6.92634571919e-08, 2.35683934591e-08, 1.48885234807e-07, 5.27746692569e-07, 1.2193119403e-07, 3.2704784303e-07, 6.21567039616e-07, 1.03592856249e-06, 1.11539371517e-07, 2.8871158797e-09, 1.75448822137e-09, 8.89893492229e-09, 5.74572167622e-09, 2.21330842542e-09, 5.65948399256e-10, 6.35596686394e-10, 4.11845391124e-10, 4.23537094285e-10, 1.88908333421e-10, 6.93713531064e-10, 2.59078036802e-11, 2.9794031825e-11, 1.21953225296e-10, 3.60413053568e-11, 3.4850399476e-12, 8.12939017318e-13, 2.09527256656e-11, 3.0355646382e-12, 1.08756787484e-13, 3.75157499196e-14, 2.60627673956e-13, 3.53564871777e-15, 2.32180307051e-15, 4.22878578409e-16, 6.09841752106e-16],
        "max": [0.000730847707018, 0.00910724047571, 0.00719974841923, 0.00816846638918, 0.0141966575757, 0.00742871779948, 0.00405040103942, 0.00807167589664, 0.0222482644022, 0.0078409742564, 0.0129830772057, 0.0201936792582, 0.0184998568147, 0.00710626039654, 0.000983402016573, 0.000943469407503, 0.00160830351524, 0.00233509531245, 0.00134305388201, 0.000521185458638, 0.0004078343336, 0.000354149931809, 0.000561446009669, 0.000289818417514, 0.000584207300562, 0.0001416594896, 0.000122779907542, 0.000319872109685, 0.00018226983957, 4.0695478674e-05, 1.47130540427e-05, 0.000104064580228, 3.7699148379e-05, 9.87569546851e-06, 7.526869922e-06, 1.06751476778e-05, 1.76791706963e-06, 1.00056411156e-06, 5.94680614086e-07, 6.14446264535e-07],
        "mean": [1.23131367218e-05, 0.000229098674026, 0.000401211640565, 0.000535409431905, 0.000313722266583, 0.000219948982703, 0.000173769905814, 0.000245105766226, 0.000359433091944, 0.000216947271838, 0.000196884895558, 0.000251559453318, 0.0003068591177, 5.88753609918e-05, 2.39925066126e-05, 2.06341519515e-05, 3.19861173921e-05, 2.98068716802e-05, 2.41458474193e-05, 1.24820799101e-05, 8.80001334735e-06, 8.14561281004e-06, 5.43096984984e-06, 4.36729305875e-06, 5.11782627655e-06, 1.51368760726e-06, 1.32563604893e-06, 1.83577662938e-06, 7.80387381383e-07, 4.84051327021e-07, 1.71599694454e-07, 3.33774465844e-07, 1.40860834108e-07, 5.97124554247e-08, 2.67132733711e-08, 3.58998946126e-08, 4.79550354981e-09, 4.19373380467e-09, 1.80046511034e-09, 1.63588076418e-09],
        "median": [2.84184125121e-06, 2.18248023884e-05, 0.000169229722815, 0.000216320840991, 0.00011006128625, 9.0791771072e-05, 8.57880222611e-05, 5.63589201192e-05, 6.20040955255e-05, 4.73102700198e-05, 2.91457236017e-05, 2.87064194708e-05, 2.36592095462e-05, 5.18412480233e-06, 5.06373316966e-06, 4.56627731182e-06, 4.14144096794e-06, 2.14367287299e-06, 2.86690419671e-06, 1.32056743496e-06, 6.73641693538e-07, 7.2128324291e-07, 6.30045349226e-07, 2.70859004559e-07, 2.36370638618e-07, 7.19273742789e-08, 5.80433621167e-08, 7.20754087524e-08, 1.85770439032e-08, 2.48700509076e-08, 6.92031987271e-09, 5.35608091212e-09, 1.9071535462e-09, 1.18482423872e-09, 3.02810831965e-10, 2.98438773694e-10, 6.44438252762e-11, 5.69225500069e-11, 2.86047747988e-11, 2.32605983086e-11],
        "min": [2.04475093494e-24, 2.18383795937e-24, 1.48845263408e-24, 2.11590599138e-24, 2.09695360813e-24, 1.51915184646e-24, 3.06030817901e-24, 1.65671163617e-24, 2.16566063196e-24, 3.70609140969e-24, 1.66273439197e-24, 2.22425209241e-24, 3.56631906236e-24, 2.39170596334e-24, 4.09966792038e-24, 2.56273100759e-24, 4.40733668962e-24, 3.47740773302e-24, 3.48538627221e-24, 3.35682521606e-24, 5.65825393741e-24, 4.9599775355e-24, 3.87246138574e-24, 5.38539365561e-24, 5.13053478524e-24, 5.44124619099e-24, 4.07748041855e-24, 4.67238448744e-24, 5.75255239787e-24, 4.85343240392e-24, 5.55987864379e-24, 5.92149563819e-24, 5.6277175262e-24, 6.95226350101e-24, 7.38348169307e-24, 7.09769237547e-24, 4.90146101685e-24, 6.6575292896e-24, 7.412610382e-24, 5.70884122068e-24],
        "var": [9.16820064312e-10, 3.17749055512e-07, 3.9977581423e-07, 6.78433536905e-07, 3.09269665877e-07, 1.45430874454e-07, 6.53760707792e-08, 3.4170670915e-07, 1.52925122165e-06, 2.48477675768e-07, 2.63161837211e-07, 5.46554133507e-07, 1.17322269944e-06, 1.0249141269e-07, 2.87097878804e-09, 2.01531191735e-09, 6.93377266714e-09, 1.22445005246e-08, 4.29591473505e-09, 9.86850934304e-10, 5.3225607255e-10, 4.94446095178e-10, 2.33014996187e-10, 1.67915403804e-10, 4.53100390541e-10, 2.32179761528e-11, 1.78536664619e-11, 5.66488522757e-11, 1.30386803784e-11, 2.36024741418e-12, 4.41900503819e-13, 5.5739388799e-12, 9.13962373665e-13, 5.23946629084e-14, 2.13645239873e-14, 6.10789088577e-14, 1.09533409124e-15, 7.03922495651e-16, 1.32703487176e-16, 1.81613842998e-16]
    },
    "mfcc": {
        "mean": [-797.411682129, 197.756698608, -26.8026199341, 1.62816941738, -13.3274793625, -11.0346183777, -11.3008975983, -6.6273393631, -5.33084440231, -7.82375955582, -9.67474937439, -10.0329656601, -9.51486968994],
        "cov": [[14842.125, 2524.68725586, -3609.25927734, 1656.24914551, -981.321777344, 331.296356201, -51.5363960266, 242.717483521, 170.067626953, 224.7447052, -276.70223999, -418.051971436, -179.635482788], [2524.68725586, 2072.2565918, -342.676605225, -197.900787354, 0.889276206493, -167.692337036, -57.9484863281, -99.7132644653, -47.9799995422, -124.820114136, -88.9594497681, -89.9100646973, -100.83657074], [-3609.25927734, -342.676605225, 1315.11706543, -478.910217285, 257.037109375, -48.3709869385, -48.0886039734, -47.804523468, -68.4057998657, -69.5800018311, 65.6267318726, 103.281364441, 38.7051277161], [1656.24914551, -197.900787354, -478.910217285, 556.598266602, -135.722579956, 100.804786682, 25.1659603119, 58.1046028137, 59.6908378601, 69.0687408447, -16.0089912415, -35.7746315002, -9.40600299835], [-981.321777344, 0.889276206493, 257.037109375, -135.722579956, 204.742294312, -22.8583183289, 1.98602318764, -16.9285240173, -37.3405838013, -43.9569244385, 0.503823578358, 24.6619033813, 9.82122993469], [331.296356201, -167.692337036, -48.3709869385, 100.804786682, -22.8583183289, 171.589752197, 46.7757606506, 64.1000595093, 26.1542472839, 41.2894821167, 19.0692195892, 1.24812436104, 20.7708854675], [-51.5363960266, -57.9484863281, -48.0886039734, 25.1659603119, 1.98602318764, 46.7757606506, 186.488174438, 62.29945755, 24.4493980408, 16.7313270569, 13.820725441, 9.65989685059, 15.5635251999], [242.717483521, -99.7132644653, -47.804523468, 58.1046028137, -16.9285240173, 64.1000595093, 62.29945755, 134.687652588, 27.4741077423, 11.8612260818, 16.1612224579, -3.54980039597, 18.3828125], [170.067626953, -47.9799995422, -68.4057998657, 59.6908378601, -37.3405838013, 26.1542472839, 24.4493980408, 27.4741077423, 103.435569763, 58.7475776672, 2.70548629761, -20.8836135864, -17.1867275238], [224.7447052, -124.820114136, -69.5800018311, 69.0687408447, -43.9569244385, 41.2894821167, 16.7313270569, 11.8612260818, 58.7475776672, 138.358062744, 24.2468910217, -18.3713569641, -0.485785037279], [-276.70223999, -88.9594497681, 65.6267318726, -16.0089912415, 0.503823578358, 19.0692195892, 13.820725441, 16.1612224579, 2.70548629761, 24.2468910217, 93.4311676025, 48.5514945984, 1.5224468708], [-418.051971436, -89.9100646973, 103.281364441, -35.7746315002, 24.6619033813, 1.24812436104, 9.65989685059, -3.54980039597, -20.8836135864, -18.3713569641, 48.5514945984, 96.5457763672, 33.0270118713], [-179.635482788, -100.83657074, 38.7051277161, -9.40600299835, 9.82122993469, 20.7708854675, 15.5635251999, 18.3828125, -17.1867275238, -0.485785037279, 1.5224468708, 33.0270118713, 104.471130371]],
