{
"lowlevel": {
    "average_loudness": 0.94181907177,
    "barkbands_crest": {
        "dmean": 3.36551070213,
        "dmean2": 5.24443817139,
        "dvar": 13.2688951492,
        "dvar2": 26.7664279938,
        "max": 26.7052497864,
        "mean": 15.931968689,
        "median": 17.7367610931,
        "min": 1.85596263409,
        "var": 41.6793479919
    },
    "barkbands_flatness_db": {
        "dmean": 0.0334914065897,
        "dmean2": 0.0466242060065,
        "dvar": 0.00105178542435,
        "dvar2": 0.00224174582399,
        "max": 0.623029649258,
        "mean": 0.16617654264,
        "median": 0.150919750333,
        "min": 0.0170467011631,
        "var": 0.0091824606061
    },
    "barkbands_kurtosis": {
        "dmean": 12.6541948318,
        "dmean2": 19.5891399384,
        "dvar": 1598.33068848,
        "dvar2": 4551.43798828,
        "max": 1094.52404785,
        "mean": 19.4411182404,
        "median": 8.81086921692,
        "min": -1.97001254559,
        "var": 2019.42126465
    },
    "barkbands_skewness": {
        "dmean": 1.05534338951,
        "dmean2": 1.46554577351,
        "dvar": 1.50438654423,
        "dvar2": 3.67103481293,
        "max": 21.6805610657,
        "mean": 2.95063638687,
        "median": 2.7274286747,
        "min": -4.67125654221,
        "var": 5.06564712524
    },
    "barkbands_spread": {
        "dmean": 9.90335941315,
        "dmean2": 14.3619241714,
        "dvar": 170.774551392,
        "dvar2": 379.289672852,
        "max": 110.66934967,
        "mean": 22.4066295624,
        "median": 16.8200092316,
        "min": 0.0568240918219,
        "var": 370.160766602
    },
    "dissonance": {
        "dmean": 0.0233294405043,
        "dmean2": 0.0396215692163,
        "dvar": 0.00145791599061,
        "dvar2": 0.00439460901543,
        "max": 0.500000238419,
        "mean": 0.460384488106,
        "median": 0.47819390893,
        "min": 0.0559961721301,
        "var": 0.00385019159876
    },
    "dynamic_complexity": 5.05665016174,
    "erbbands_crest": {
        "dmean": 2.39062094688,
        "dmean2": 3.84989666939,
        "dvar": 5.84223031998,
        "dvar2": 14.3831520081,
        "max": 33.4521903992,
        "mean": 8.60753536224,
        "median": 6.70711421967,
        "min": 1.72506582737,
        "var": 40.5134811401
    },
    "erbbands_flatness_db": {
        "dmean": 0.0196755006909,
        "dmean2": 0.0284316204488,
        "dvar": 0.000455091503682,
        "dvar2": 0.00106675759889,
        "max": 0.634580075741,
        "mean": 0.128374487162,
        "median": 0.0961795151234,
        "min": 0.0327292010188,
        "var": 0.0106648225337
    },
    "erbbands_kurtosis": {
        "dmean": 2.83647155762,
        "dmean2": 4.75402355194,
        "dvar": 151.122161865,
        "dvar2": 435.534454346,
        "max": 328.901550293,
        "mean": 3.54645490646,
        "median": -0.292908191681,
        "min": -1.88852071762,
        "var": 373.972930908
    },
    "erbbands_skewness": {
        "dmean": 0.461087763309,
        "dmean2": 0.707079410553,
        "dvar": 0.33403840661,
        "dvar2": 0.831373751163,
        "max": 14.4771518707,
        "mean": 0.448024213314,
        "median": 0.426088482141,
        "min": -6.4037976265,
        "var": 1.64653837681
    },
    "erbbands_spread": {
        "dmean": 13.2948360443,
        "dmean2": 18.0625286102,
        "dvar": 196.387954712,
        "dvar2": 360.167602539,
        "max": 176.719070435,
        "mean": 60.77684021,
        "median": 57.1170425415,
        "min": 0.288862586021,
        "var": 1202.23754883
    },
    "hfc": {
        "dmean": 22.0260372162,
        "dmean2": 31.3687496185,
        "dvar": 1033.25744629,
        "dvar2": 2415.33642578,
        "max": 195.521484375,
        "mean": 34.7224502563,
        "median": 21.0499191284,
        "min": 1.1600841815e-10,
        "var": 1462.10717773
    },
    "melbands_crest": {
        "dmean": 4.17896080017,
        "dmean2": 6.38383626938,
        "dvar": 15.9735736847,
        "dvar2": 34.7993278503,
        "max": 36.9249267578,
        "mean": 20.1869220734,
        "median": 21.3424110413,
        "min": 2.27764177322,
        "var": 51.0866012573
    },
    "melbands_flatness_db": {
        "dmean": 0.0420863367617,
        "dmean2": 0.0564785040915,
        "dvar": 0.00165275495965,
        "dvar2": 0.00342855043709,
        "max": 0.716803371906,
        "mean": 0.254515886307,
        "median": 0.250237673521,
        "min": 0.0169009733945,
        "var": 0.0124014681205
    },
    "melbands_kurtosis": {
        "dmean": 25.1606864929,
        "dmean2": 35.7619018555,
        "dvar": 2031.81921387,
        "dvar2": 4532.25048828,
        "max": 781.359558105,
        "mean": 52.9199295044,
        "median": 29.9138259888,
        "min": -1.96182227135,
        "var": 5522.17138672
    },
    "melbands_skewness": {
        "dmean": 1.46543526649,
        "dmean2": 2.00823807716,
        "dvar": 2.70669126511,
        "dvar2": 5.52258729935,
        "max": 25.131155014,
        "mean": 4.99808835983,
        "median": 4.56091165543,
        "min": -2.75167441368,
        "var": 13.608543396
    },
    "melbands_spread": {
        "dmean": 9.68032360077,
        "dmean2": 14.3077392578,
        "dvar": 293.504211426,
        "dvar2": 588.383422852,
        "max": 247.627029419,
        "mean": 18.735874176,
        "median": 9.54727935791,
        "min": 0.304353773594,
        "var": 888.593322754
    },
    "pitch_salience": {
        "dmean": 0.099056892097,
        "dmean2": 0.14838039875,
        "dvar": 0.00908291433007,
        "dvar2": 0.0180436111987,
        "max": 0.979117333889,
        "mean": 0.424496173859,
        "median": 0.373472690582,
        "min": 0.0369093231857,
        "var": 0.0332438983023
    },
    "silence_rate_20dB": {
        "dmean": 0,
        "dmean2": 0,
        "dvar": 0,
        "dvar2": 0,
        "max": 1,
        "mean": 1,
        "median": 1,
        "min": 1,
        "var": 0
    },
    "silence_rate_30dB": {
        "dmean": 0.102781794965,
        "dmean2": 0.205582156777,
        "dvar": 0.0922133475542,
        "dvar2": 0.173057556152,
        "max": 1,
        "mean": 0.7623950243,
        "median": 1,
        "min": 0,
        "var": 0.181130245328
    },
    "silence_rate_60dB": {
        "dmean": 0.0532875731587,
        "dmean2": 0.106494441628,
        "dvar": 0.0504493750632,
        "dvar2": 0.108889870346,
        "max": 1,
        "mean": 0.132123187184,
        "median": 0,
        "min": 0,
        "var": 0.114666312933
    },
    "spectral_centroid": {
        "dmean": 352.468170166,
        "dmean2": 522.719177246,
        "dvar": 197507.328125,
        "dvar2": 408101.875,
        "max": 5350.06445312,
        "mean": 1326.55224609,
        "median": 1120.96838379,
        "min": 114.918586731,
        "var": 743429.4375
    },
    "spectral_complexity": {
        "dmean": 5.66329479218,
        "dmean2": 8.00406455994,
        "dvar": 44.0567932129,
        "dvar2": 73.5693588257,
        "max": 56,
        "mean": 16.9923229218,
        "median": 15,
        "min": 0,
        "var": 138.718093872
    },
    "spectral_decrease": {
        "dmean": 7.72057262566e-09,
        "dmean2": 1.1529204258e-08,
        "dvar": 1.64032231575e-16,
        "dvar2": 2.38113719907e-16,
        "max": -9.55132043942e-21,
        "mean": -1.92799269882e-08,
        "median": -1.30875239535e-08,
        "min": -8.04070552363e-08,
        "var": 4.55200005717e-16
    },
    "spectral_energy": {
        "dmean": 0.0302369277924,
        "dmean2": 0.0456588640809,
        "dvar": 0.00246603926644,
        "dvar2": 0.00360859395005,
        "max": 0.312994211912,
        "mean": 0.0759163126349,
        "median": 0.0524554774165,
        "min": 4.65711589301e-14,
        "var": 0.00673921080306
    },
    "spectral_energyband_high": {
        "dmean": 0.00234807468951,
        "dmean2": 0.00343408971094,
        "dvar": 1.47092741827e-05,
        "dvar2": 3.58103679901e-05,
        "max": 0.0234977826476,
        "mean": 0.00295803439803,
        "median": 0.000843530346174,
        "min": 5.16269715373e-15,
        "var": 1.84164491657e-05
    },
    "spectral_energyband_low": {
        "dmean": 0.0256896819919,
        "dmean2": 0.0372972339392,
        "dvar": 0.00189365749247,
        "dvar2": 0.00275586126372,
        "max": 0.283040970564,
        "mean": 0.0596562847495,
        "median": 0.0303652342409,
        "min": 2.42488189799e-15,
        "var": 0.00531180668622
    },
    "spectral_energyband_middle_high": {
        "dmean": 0.00151675927918,
        "dmean2": 0.00235752342269,
        "dvar": 7.64367086958e-06,
        "dvar2": 1.75025779754e-05,
        "max": 0.0772567391396,
        "mean": 0.00276544061489,
        "median": 0.00164758483879,
        "min": 2.69050037647e-14,
        "var": 1.2318507288e-05
    },
    "spectral_energyband_middle_low": {
        "dmean": 0.00707848696038,
        "dmean2": 0.0114075709134,
        "dvar": 0.0001298643474,
        "dvar2": 0.0002991851361,
        "max": 0.120781369507,
        "mean": 0.0120938280597,
        "median": 0.00630761217326,
        "min": 1.22261675813e-14,
        "var": 0.000196599270566
    },
    "spectral_entropy": {
        "dmean": 0.193194299936,
        "dmean2": 0.282517492771,
        "dvar": 0.0376634523273,
        "dvar2": 0.090594522655,
        "max": 9.06482219696,
        "mean": 7.70504951477,
        "median": 7.89995336533,
        "min": 3.69323754311,
        "var": 0.672354280949
    },
    "spectral_flux": {
        "dmean": 0.0696613788605,
        "dmean2": 0.110944770277,
        "dvar": 0.00730803236365,
        "dvar2": 0.0173849184066,
        "max": 0.427502334118,
        "mean": 0.121631830931,
        "median": 0.0940956622362,
        "min": 2.06530021387e-05,
        "var": 0.00903240870684
    },
    "spectral_kurtosis": {
        "dmean": 3.23853802681,
        "dmean2": 5.34454011917,
        "dvar": 165.775970459,
        "dvar2": 486.166564941,
        "max": 348.147766113,
        "mean": 9.85988998413,
        "median": 2.01415967941,
        "min": -0.621601819992,
        "var": 1195.35839844
    },
    "spectral_rms": {
        "dmean": 0.00188181246631,
        "dmean2": 0.00276779639535,
        "dvar": 7.31482896299e-06,
        "dvar2": 1.04601558633e-05,
        "max": 0.0174745582044,
        "mean": 0.00712562864646,
        "median": 0.00715374574065,
        "min": 6.74056943595e-09,
        "var": 2.32903839787e-05
    },
    "spectral_rolloff": {
        "dmean": 908.389343262,
        "dmean2": 1552.68823242,
        "dvar": 2998953.5,
        "dvar2": 6537208.5,
        "max": 12876.8554688,
        "mean": 1463.4732666,
        "median": 559.86328125,
        "min": 64.599609375,
        "var": 5654581
    },
    "spectral_skewness": {
        "dmean": 0.284820467234,
        "dmean2": 0.442633152008,
        "dvar": 0.223869934678,
        "dvar2": 0.635219037533,
        "max": 15.7749738693,
        "mean": 1.80002450943,
        "median": 1.37702560425,
        "min": 0.1093185395,
        "var": 3.82252264023
    },
    "spectral_spread": {
        "dmean": 811946.1875,
        "dmean2": 1083589.5,
        "dvar": 700114993152,
        "dvar2": 1.18665877914e+12,
        "max": 27548960,
        "mean": 6931086,
        "median": 7169929,
        "min": 219600.234375,
        "var": 5.9385708544e+12
    },
    "spectral_strongpeak": {
        "dmean": 0.323950111866,
        "dmean2": 0.515210568905,
        "dvar": 0.605973422527,
        "dvar2": 1.4459990263,
        "max": 13.3505964279,
        "mean": 0.697697222233,
        "median": 0.543954074383,
        "min": 0,
        "var": 0.772267639637
    },
    "zerocrossingrate": {
        "dmean": 0.0205250121653,
        "dmean2": 0.0226680524647,
        "dvar": 0.000520429224707,
        "dvar2": 0.000569160562009,
        "max": 0.4921875,
        "mean": 0.0662651434541,
        "median": 0.04833984375,
        "min": 0.001953125,
        "var": 0.0033648069948
    },
    "barkbands": {
        "dmean": [0.00101266277488, 0.0224287621677, 0.00540849659592, 0.0026744720526, 0.00359740690328, 0.000796328065917, 0.000571070704609, 0.000792492355686, 0.000739808194339, 0.000397518801037, 0.000267171504674, 0.000244549766649, 0.000335978955263, 0.0001667142933, 0.000215666441363, 0.000168901082361, 0.000103225102066, 6.41227452434e-05, 5.96503450652e-05, 0.000126527695102, 0.000654795207083, 0.000285672489554, 0.000637859629933, 0.000222738570301, 0.000319384154864, 0.00017627235502, 8.0975034507e-05],
        "dmean2": [0.00179666897748, 0.0331027284265, 0.00826015789062, 0.00467219855636, 0.00617548730224, 0.00131389673334, 0.000898790254723, 0.00127391889691, 0.00125569256488, 0.00064965384081, 0.000421736651333, 0.000387087726267, 0.000571684446186, 0.000266100163572, 0.000353461015038, 0.000289870396955, 0.000164252167451, 0.000101565390651, 9.39602396102e-05, 0.000197064771783, 0.001085128868, 0.00046103913337, 0.00102166843135, 0.000333280157065, 0.000464121694677, 0.000254971033428, 0.000126176673803],
        "dvar": [6.58842009216e-06, 0.00158555689268, 0.000114705566375, 2.89054769382e-05, 4.94721098221e-05, 1.42330247854e-06, 7.82247127518e-07, 2.68785106528e-06, 9.2848604254e-06, 1.26157056002e-06, 3.23429816262e-07, 3.93132353338e-07, 9.4000097306e-07, 7.19775812286e-08, 1.48425399971e-07, 1.19665870102e-07, 2.76493405948e-08, 9.81519931997e-09, 9.25883814062e-09, 6.80312837176e-08, 2.52880568041e-06, 2.5838920692e-07, 1.3486677517e-06, 1.87632409165e-07, 2.64793641236e-07, 1.23703486565e-07, 2.99288487327e-08],
        "dvar2": [1.56659461936e-05, 0.00231767725199, 0.000242365829763, 7.65164440963e-05, 0.000134746296681, 3.47335890183e-06, 1.90829814528e-06, 5.96232985117e-06, 2.62494304479e-05, 3.4278309613e-06, 7.17543684914e-07, 9.01624844118e-07, 2.46868285103e-06, 1.75160423055e-07, 3.63801177627e-07, 3.20576248214e-07, 6.49370619499e-08, 2.40398740914e-08, 2.24760565715e-08, 1.62261272862e-07, 6.61204330754e-06, 6.73285342145e-07, 2.98922623188e-06, 4.3330365429e-07, 5.740338338e-07, 2.97447115827e-07, 7.10078396082e-08],
        "max": [0.0352769196033, 0.263447403908, 0.161627650261, 0.0651414468884, 0.072749979794, 0.0206938069314, 0.01718390733, 0.0452279597521, 0.100701913238, 0.0608554854989, 0.0265071466565, 0.0190953332931, 0.0360749103129, 0.00623589940369, 0.00611359905452, 0.00407362962142, 0.00171959784348, 0.00130082969554, 0.00105891551357, 0.00191769760568, 0.0108909066767, 0.00290998234414, 0.00731567339972, 0.00273297727108, 0.00281390524469, 0.00198823027313, 0.000998602830805],
        "mean": [0.00128048739862, 0.0503950975835, 0.00652490789071, 0.0027184097562, 0.00426655635238, 0.00140172906686, 0.00100597657729, 0.00144134438597, 0.00105999817606, 0.000595990568399, 0.000431113963714, 0.000395961164031, 0.000370884314179, 0.000234490362345, 0.000277643674053, 0.000201047645533, 0.000143798053614, 9.58865566645e-05, 8.84857872734e-05, 0.000138561852509, 0.000701350043528, 0.000295863079373, 0.000896846700925, 0.000280059030047, 0.000409159081755, 0.000190445396584, 7.42382617318e-05],
        "median": [0.000193992746063, 0.0211098007858, 0.000990727101453, 0.000593488453887, 0.00141977809835, 0.000753599277232, 0.000512536324095, 0.000563043635339, 0.000421658158302, 0.000285536661977, 0.00022208126029, 0.000194715394173, 0.000144271238241, 0.000104877355625, 0.000119857722893, 6.61019221297e-05, 5.62860550417e-05, 3.97432268073e-05, 3.48259673046e-05, 2.9261360396e-05, 0.000150417050463, 6.78314027027e-05, 0.000215648644371, 0.000122873709188, 0.000132135333843, 4.92572908115e-05, 1.25876031234e-05],
        "min": [5.78515403222e-16, 9.64675870991e-16, 7.56784657219e-16, 8.41824806359e-16, 2.19760030011e-15, 1.92756704356e-15, 1.83262439105e-15, 1.99208321381e-15, 2.69842610611e-15, 2.58381810142e-15, 2.45130339672e-15, 3.0283706383e-15, 2.99487154402e-15, 3.18300582018e-15, 2.8665532523e-15, 3.18319830842e-15, 2.53451019598e-15, 2.35836143603e-15, 1.68086319196e-15, 6.61936448884e-16, 9.5276092322e-17, 5.01500308922e-16, 1.14161067752e-15, 7.30585398765e-16, 6.23439595525e-16, 8.79904919509e-16, 1.01902881055e-15],
        "var": [1.12619954962e-05, 0.00446188170463, 0.000175589026185, 2.66097922577e-05, 4.48681093985e-05, 3.29325962412e-06, 2.06146478376e-06, 8.29595410323e-06, 7.5921361713e-06, 1.36969947562e-06, 6.19137892954e-07, 6.73634929171e-07, 8.09942378055e-07, 1.18181148423e-07, 1.75554845327e-07, 1.15867699435e-07, 3.77938995655e-08, 1.50154040313e-08, 1.35966979897e-08, 7.26715398969e-08, 2.2922131393e-06, 2.39261709112e-07, 2.09514132621e-06, 2.04357448297e-07, 3.36875274343e-07, 1.23915427253e-07, 2.78217893168e-08]
    },
    "erbbands": {
        "dmean": [0.708014369011, 4.99785757065, 6.70988845825, 7.58072042465, 10.114440918, 13.3284845352, 8.54259490967, 6.31163787842, 7.0358376503, 10.7975568771, 18.8899803162, 16.5599422455, 14.2157611847, 11.1045598984, 10.4986448288, 10.0678720474, 16.0901126862, 8.97238826752, 9.48611068726, 12.0429420471, 7.92646980286, 5.61728572845, 3.81573987007, 2.94885230064, 2.89938354492, 5.43969488144, 7.93134355545, 37.4477767944, 13.7759170532, 17.3075561523, 13.6795454025, 5.74067020416, 3.73955416679, 2.45568943024, 2.87348794937, 0.919885158539, 0.312716394663, 0.0899143815041, 0.0123877413571, 0.000868911971338],
        "dmean2": [0.989324510098, 7.27333021164, 9.61504268646, 12.1789512634, 17.6142196655, 22.9396629333, 14.2322835922, 10.1411581039, 11.5356388092, 16.5313663483, 30.7711963654, 28.2835617065, 23.5275688171, 17.5431804657, 16.6622905731, 15.8339414597, 27.1918983459, 14.5917701721, 14.9248590469, 20.8757324219, 13.3340682983, 8.88453674316, 6.03008651733, 4.55731153488, 4.60572576523, 8.52359008789, 12.0621032715, 62.5834655762, 22.6989612579, 27.6224403381, 21.2805118561, 8.98988628387, 5.42776918411, 3.61260557175, 4.25853967667, 1.28609132767, 0.450348436832, 0.141407176852, 0.0194154102355, 0.00130877492484],
        "dvar": [1.71506810188, 76.9150314331, 125.21900177, 210.273162842, 441.490478516, 651.000061035, 163.043243408, 101.631118774, 121.588027954, 337.2215271, 1739.6932373, 4791.95898438, 2945.48388672, 465.342346191, 549.496704102, 673.119445801, 2157.69262695, 253.36831665, 229.129425049, 607.499938965, 208.527450562, 78.3133926392, 34.7636528015, 23.1125679016, 24.985212326, 115.49118042, 156.459320068, 8684.46777344, 843.369567871, 865.216308594, 593.464050293, 161.059448242, 39.5926399231, 19.3289222717, 18.7390708923, 3.07999444008, 0.362539172173, 0.0331867784262, 0.000717433751561, 4.32017486673e-06],
        "dvar2": [2.57762670517, 112.180244446, 236.432098389, 470.911560059, 1185.53308105, 1756.1965332, 397.63973999, 245.542022705, 320.158416748, 713.914001465, 4104.84179688, 13516.921875, 8314.60449219, 1033.74597168, 1278.96313477, 1486.08007812, 5610.89892578, 628.857177734, 522.932373047, 1629.1463623, 536.478515625, 180.407363892, 84.1046676636, 54.8994789124, 62.5629844666, 277.228668213, 362.332519531, 22962.1289062, 2217.34692383, 1972.65393066, 1339.68786621, 401.933013916, 89.0733718872, 40.0418930054, 40.2363815308, 7.40027809143, 0.848450243473, 0.0816182941198, 0.00171859934926, 9.85079623206e-06],
        "max": [10.1794271469, 57.1089553833, 183.913208008, 243.965072632, 196.52897644, 289.337921143, 204.565414429, 165.915420532, 166.545166016, 431.573638916, 1101.78308105, 2345.42871094, 2587.3371582, 771.734313965, 1140.07739258, 874.654724121, 1734.71508789, 436.404724121, 326.516601562, 403.879608154, 125.749107361, 79.2916717529, 59.367931366, 50.5847358704, 66.4606323242, 74.4732894897, 167.491348267, 570.196716309, 169.378845215, 176.881454468, 161.89100647, 74.7125549316, 41.3201217651, 32.7634963989, 25.4628238678, 10.2658405304, 3.41571140289, 1.01692020893, 0.158020824194, 0.0121961468831],
        "mean": [1.56003093719, 10.7053890228, 9.96963214874, 9.07172966003, 10.7983350754, 15.573887825, 13.2345228195, 11.3418970108, 12.0209531784, 21.4519176483, 33.3175392151, 24.0282020569, 21.1174526215, 18.6138896942, 17.2958526611, 16.6140499115, 18.3461303711, 12.3660039902, 13.6603603363, 14.0273170471, 10.2619457245, 7.96020746231, 5.69769334793, 4.39899873734, 4.24278736115, 6.21811056137, 11.2463417053, 38.1172599792, 13.5374221802, 24.9812698364, 18.3792743683, 5.96946620941, 4.9904794693, 3.04774737358, 3.82559919357, 1.04993164539, 0.34973347187, 0.0850120559335, 0.0113046104088, 0.000862690212671],
        "median": [0.453088074923, 4.18676662445, 1.84660589695, 2.24962091446, 2.49891829491, 5.15210437775, 6.94759321213, 5.42869138718, 6.29478597641, 10.7812480927, 13.2489099503, 9.71020698547, 9.56430912018, 10.2466545105, 9.08788013458, 8.15607833862, 7.50761890411, 5.57991170883, 6.31263589859, 5.36614990234, 3.66871571541, 2.97219014168, 2.46854329109, 1.65540885925, 1.63135135174, 1.66721141338, 5.168820858, 5.7250418663, 2.81914448738, 8.10935211182, 4.12844991684, 1.97097659111, 2.29837846756, 0.991212189198, 1.27404069901, 0.282466739416, 0.102551840246, 0.0165595822036, 0.00180725636892, 0.000179254187969],
        "min": [3.35168192842e-14, 2.03136905083e-13, 7.62210986601e-13, 2.04929714691e-12, 4.42071292767e-12, 7.9129584829e-12, 1.21063575831e-11, 1.67982017185e-11, 2.33278778239e-11, 3.40267362897e-11, 4.79362521899e-11, 6.06039454731e-11, 7.41733688359e-11, 9.18227577307e-11, 1.05947216278e-10, 1.27013191631e-10, 1.3842969826e-10, 1.56330948187e-10, 1.5466479486e-10, 1.66377925326e-10, 1.73261766045e-10, 1.41435751999e-10, 1.3296783119e-10, 1.07742030575e-10, 6.30103677568e-11, 3.04750807922e-11, 9.43207838222e-12, 2.72905070937e-12, 1.31682668242e-11, 3.14251610845e-11, 3.29176234881e-11, 2.33682830031e-11, 7.14264931923e-12, 2.63131313613e-12, 7.44795024266e-12, 4.75461597177e-12, 1.284182179e-12, 4.55733270132e-13, 1.78195945413e-13, 1.2470599267e-14],
        "var": [5.25245428085, 213.556945801, 245.961959839, 305.567565918, 349.591003418, 649.230712891, 320.151580811, 242.601501465, 245.276657104, 1143.88659668, 4291.50683594, 3986.28833008, 2436.06469727, 921.981018066, 921.872192383, 1162.09863281, 1932.95788574, 358.154022217, 369.654571533, 542.276916504, 235.735931396, 110.00100708, 51.1113471985, 33.776714325, 35.17735672, 124.038101196, 219.673690796, 7653.50683594, 720.357055664, 1322.54138184, 876.569824219, 142.628295898, 49.5169143677, 23.0862522125, 26.769071579, 3.25917553902, 0.378260403872, 0.0297072660178, 0.000651932612527, 4.39645964434e-06]
    },
    "gfcc": {
        "mean": [-15.7003326416, 63.457321167, -72.0508651733, 19.3868427277, -61.037197113, 24.6237659454, -28.0651664734, 6.62153434753, -13.550488472, 10.7614555359, -19.5285625458, 5.11591243744, -8.94148826599],
        "cov": [[38613.1171875, -3262.53320312, 1287.95178223, 5304.3515625, 2105.43286133, 2841.56640625, 73.9522857666, 230.634735107, -1022.47705078, -393.497955322, -1065.56347656, 521.286682129, 4.70003986359], [-3262.53320312, 2299.90454102, -480.864898682, -972.562561035, 103.415245056, -429.270965576, 100.570663452, 51.3290786743, 234.528518677, -26.6753635406, 345.167724609, -156.957061768, 69.7011413574], [1287.95178223, -480.864898682, 1326.51062012, 616.376586914, 52.1406135559, 309.861206055, 121.911804199, 139.913452148, 60.5898399353, 148.192764282, -14.9325780869, 115.912666321, -16.4517478943], [5304.3515625, -972.562561035, 616.376586914, 1377.60009766, 341.594146729, 569.175048828, 87.5886077881, 73.7695999146, -138.368331909, -2.94206571579, -182.260864258, 160.753295898, 26.50756073], [2105.43286133, 103.415245056, 52.1406135559, 341.594146729, 421.999816895, 214.423187256, 88.636932373, 98.5965270996, 3.95996260643, -23.5696315765, 63.9451217651, 39.5525932312, 49.9787521362], [2841.56640625, -429.270965576, 309.861206055, 569.175048828, 214.423187256, 423.664276123, 81.8823471069, 78.7558059692, -34.9612350464, 37.6994857788, -74.0405960083, 112.802215576, 17.794670105], [73.9522857666, 100.570663452, 121.911804199, 87.5886077881, 88.636932373, 81.8823471069, 129.88961792, 85.3101272583, 70.468788147, 36.6596832275, 62.1403388977, 21.658164978, 21.3856506348], [230.634735107, 51.3290786743, 139.913452148, 73.7695999146, 98.5965270996, 78.7558059692, 85.3101272583, 160.417572021, 74.1088790894, 52.833442688, 81.1308135986, 39.6989974976, 25.4168739319], [-1022.47705078, 234.528518677, 60.5898399353, -138.368331909, 3.95996260643, -34.9612350464, 70.468788147, 74.1088790894, 159.806228638, 76.1710662842, 83.0260238647, 5.88879108429, 9.24783611298], [-393.497955322, -26.6753635406, 148.192764282, -2.94206571579, -23.5696315765, 37.6994857788, 36.6596832275, 52.833442688, 76.1710662842, 95.9424362183, 48.254070282, 37.5337409973, 2.49888467789], [-1065.56347656, 345.167724609, -14.9325780869, -182.260864258, 63.9451217651, -74.0405960083, 62.1403388977, 81.1308135986, 83.0260238647, 48.254070282, 178.939147949, 12.0130300522, 39.9465904236], [521.286682129, -156.957061768, 115.912666321, 160.753295898, 39.5525932312, 112.802215576, 21.658164978, 39.6989974976, 5.88879108429, 37.5337409973, 12.0130300522, 89.2590866089, 30.5383758545], [4.70003986359, 69.7011413574, -16.4517478943, 26.50756073, 49.9787521362, 17.794670105, 21.3856506348, 25.4168739319, 9.24783611298, 2.49888467789, 39.9465904236, 30.5383758545, 56.2817573547]],
        "icov": [[0.000101278405054, -7.70388942328e-05, 5.06125579705e-05, -0.000208971789107, -0.000225670723012, -0.000343406165484, 0.000270199496299, -0.000244472175837, 0.000310259434627, 1.72355139512e-05, 0.000293005839922, 6.99223346601e-06, 0.000253370497376], [-7.70388942328e-05, 0.00113879935816, -9.9266457255e-05, 0.000673233182169, -0.000223146867938, 0.000118553609354, -0.000476059503853, 0.000741933472455, -0.00146040006075, 0.00131279998459, -0.00152169016656, 0.00124931521714, -0.00115964619908], [5.06125579705e-05, -9.9266457255e-05, 0.00134641246404, -0.00081374309957, 0.000401598459575, -0.000310051516863, -0.000209405028727, -0.000558123167139, 0.00022814780823, -0.00146996439435, -0.000119931297377, 1.11211220428e-05, 0.0010754247196], [-0.000208971789107, 0.000673233182169, -0.00081374309957, 0.00334125594236, -0.00153039186262, 0.000268998206593, -0.00226982031018, 0.000516243395396, 0.000972878362518, -0.000385143706808, 0.00209874636494, -0.00156623614021, -0.00150706723798], [-0.000225670723012, -0.000223146867938, 0.000401598459575, -0.00153039186262, 0.00845298357308, -0.00512607907876, 0.00225239177234, -0.000321789877489, -0.00416816817597, 0.00762979546562, -0.00828463211656, 0.00418697251007, -0.00150838273112], [-0.000343406165484, 0.000118553609354, -0.000310051516863, 0.000268998206593, -0.00512607907876, 0.0142785403877, -0.00787610653788, -0.000925411761273, 0.00489784777164, -0.00924261193722, 0.00947577133775, -0.0094052022323, 0.00109601719305], [0.000270199496299, -0.000476059503853, -0.000209405028727, -0.00226982031018, 0.00225239177234, -0.00787610653788, 0.020663799718, -0.00356386648491, -0.00802906882018, 0.00653086649254, -0.00759753398597, 0.00676528597251, -0.00142648071051], [-0.000244472175837, 0.000741933472455, -0.000558123167139, 0.000516243395396, -0.000321789877489, -0.000925411761273, -0.00356386648491, 0.014146479778, -0.00436898274347, 0.000530645484105, -0.00578028056771, -0.000509265752044, -0.000687477178872], [0.000310259434627, -0.00146040006075, 0.00022814780823, 0.000972878362518, -0.00416816817597, 0.00489784777164, -0.00802906882018, -0.00436898274347, 0.0219549536705, -0.017737114802, 0.00849126838148, -0.00235410546884, 0.000998470350169], [1.72355139512e-05, 0.00131279998459, -0.00146996439435, -0.000385143706808, 0.00762979546562, -0.00924261193722, 0.00653086649254, 0.000530645484105, -0.017737114802, 0.0389347672462, -0.0152770308778, -0.00378357083537, 0.00563191948459], [0.000293005839922, -0.00152169016656, -0.000119931297377, 0.00209874636494, -0.00828463211656, 0.00947577133775, -0.00759753398597, -0.00578028056771, 0.00849126838148, -0.0152770308778, 0.0262024719268, -0.00812205299735, -0.00421277759597], [6.99223346601e-06, 0.00124931521714, 1.11211220428e-05, -0.00156623614021, 0.00418697251007, -0.0094052022323, 0.00676528597251, -0.000509265752044, -0.00235410546884, -0.00378357083537, -0.00812205299735, 0.0328971073031, -0.0154223255813], [0.000253370497376, -0.00115964619908, 0.0010754247196, -0.00150706723798, -0.00150838273112, 0.00109601719305, -0.00142648071051, -0.000687477178872, 0.000998470350169, 0.00563191948459, -0.00421277759597, -0.0154223255813, 0.0329963825643]]
    },
    "melbands": {
        "dmean": [0.00627903873101, 0.00436735991389, 0.00128924206365, 0.000866323360242, 0.000348285480868, 0.000141652868479, 0.000108077700133, 0.000129674066557, 0.000151367872604, 0.000102298967249, 7.05014681444e-05, 4.5982797019e-05, 3.6733395973e-05, 2.89883682854e-05, 3.23767126247e-05, 2.99349521811e-05, 1.55724101205e-05, 1.50301639223e-05, 1.69100076164e-05, 1.47165856106e-05, 8.70153962751e-06, 6.44178953735e-06, 4.03785634262e-06, 3.03733304463e-06, 2.38746770265e-06, 2.45384012487e-06, 1.59576609349e-06, 4.5381025302e-06, 4.86020962853e-06, 7.48496086089e-06, 2.7665435482e-05, 7.49844230086e-06, 3.93613709093e-06, 1.42008730109e-05, 1.04269902295e-05, 4.62692196379e-06, 2.88306773655e-06, 2.81729990093e-06, 2.26061115427e-06, 1.87119849215e-06],
        "dmean2": [0.00909001938999, 0.00617846567184, 0.00202032132074, 0.00150424893945, 0.000578649051022, 0.000229206736549, 0.000175407389179, 0.000200203474378, 0.000248477386776, 0.00017456751084, 0.000116521034215, 7.29382300051e-05, 5.85171401326e-05, 4.64146178274e-05, 5.29532881046e-05, 5.04479758092e-05, 2.53958933172e-05, 2.37116582866e-05, 2.80654403468e-05, 2.56746880041e-05, 1.45587227962e-05, 1.02781741589e-05, 6.42920167593e-06, 4.81058805235e-06, 3.74133492187e-06, 3.97121721107e-06, 2.48006836046e-06, 7.25190147932e-06, 7.45527449908e-06, 1.15616930998e-05, 4.74470398331e-05, 1.26818085846e-05, 5.82301345275e-06, 2.31040539802e-05, 1.62082960742e-05, 7.61759383749e-06, 4.51103460364e-06, 3.98697784476e-06, 3.44348495673e-06, 2.78612424154e-06],
        "dvar": [0.000131138731376, 4.74088265037e-05, 5.23410790265e-06, 3.12998440677e-06, 2.85004091438e-07, 4.89216986921e-08, 2.67263846609e-08, 4.96601550992e-08, 1.24134345469e-07, 1.89163017694e-07, 6.95761741554e-08, 7.84451437141e-09, 6.34879215866e-09, 4.71865124752e-09, 9.14267150876e-09, 5.60024471241e-09, 7.17424175622e-10, 5.35457678197e-10, 1.03413699826e-09, 1.02926700496e-09, 2.20610599233e-10, 1.10551796884e-10, 3.73988826019e-11, 2.39922734457e-11, 1.57869533418e-11, 1.64447743617e-11, 8.00847929638e-12, 8.87248677306e-11, 7.21944101723e-11, 2.59657240154e-10, 5.14261833118e-09, 2.62550564623e-10, 4.23603201127e-11, 7.11189607205e-10, 4.58017818117e-10, 1.19895954276e-10, 4.0043336702e-11, 2.32844733078e-11, 1.57759274394e-11, 1.1169155878e-11],
        "dvar2": [0.00019276884268, 7.12553228368e-05, 1.11806912173e-05, 8.54664631333e-06, 6.91332047609e-07, 1.18026264317e-07, 6.92808441727e-08, 1.04709080517e-07, 3.08272404936e-07, 5.33675176939e-07, 1.96728606738e-07, 1.76423711196e-08, 1.46110741284e-08, 1.08303703783e-08, 2.163560886e-08, 1.46032501647e-08, 1.79702186465e-09, 1.2452260334e-09, 2.63763788588e-09, 2.85589329962e-09, 5.46234557586e-10, 2.63209148921e-10, 8.8052114211e-11, 6.05570246726e-11, 3.80736865646e-11, 4.13876710681e-11, 1.93381387292e-11, 2.13120771031e-10, 1.77653905475e-10, 6.34609031991e-10, 1.37428877167e-08, 6.9802941205e-10, 1.04703495873e-10, 1.61630753226e-09, 1.04333952589e-09, 3.13207709768e-10, 9.45728773072e-11, 5.19752747785e-11, 3.53639721673e-11, 2.27510562473e-11],
        "max": [0.0773178935051, 0.0706098899245, 0.0331736914814, 0.0185694545507, 0.00881514605135, 0.00382484635338, 0.00234477943741, 0.00547971762717, 0.00833593867719, 0.0143568050116, 0.012962793, 0.00309208943509, 0.00395950814709, 0.00206813099794, 0.00363454548642, 0.00260992068797, 0.00069923029514, 0.000468188285595, 0.000473093503388, 0.00044637589599, 0.000141915981658, 0.000106024665001, 5.27245028934e-05, 7.76511296863e-05, 4.45933546871e-05, 5.96987993049e-05, 4.26130027336e-05, 6.60713776597e-05, 6.60527366563e-05, 0.000291301083053, 0.000414875394199, 0.000101500474557, 6.04477718298e-05, 0.000158485418069, 0.00013959579519, 6.0419923102e-05, 3.86017127312e-05, 3.32906965923e-05, 2.82941236946e-05, 2.75864658761e-05],
        "mean": [0.0143290394917, 0.00855617597699, 0.00162083271425, 0.000950230285525, 0.000530204095412, 0.000254096987192, 0.000189662008779, 0.000258423795458, 0.000259262655163, 0.00014479237143, 0.000102913749288, 7.48567617848e-05, 5.90576091781e-05, 4.69546430395e-05, 4.16431357735e-05, 3.47541063093e-05, 2.12576960621e-05, 2.12526792893e-05, 2.05698124773e-05, 1.62762389664e-05, 1.12165107566e-05, 8.7034632088e-06, 5.91949947193e-06, 4.44258830612e-06, 3.37483174917e-06, 3.53585392077e-06, 2.2162055302e-06, 4.75829301649e-06, 6.44993724563e-06, 1.01268460639e-05, 2.60998640442e-05, 7.07713707016e-06, 4.44005490863e-06, 2.09873978747e-05, 1.43360030052e-05, 4.49970639238e-06, 3.041904165e-06, 3.85004705095e-06, 2.69655333796e-06, 2.28269755098e-06],
        "median": [0.00562660396099, 0.00277960347012, 0.00041749686352, 0.000261864915956, 0.000263141322648, 0.000126226630528, 0.000101236168121, 0.000121666853374, 9.93103749352e-05, 5.79837469559e-05, 4.59138900624e-05, 4.04000384151e-05, 3.09537135763e-05, 2.26047668548e-05, 1.82550884347e-05, 1.51517679114e-05, 9.20920410863e-06, 9.52789469011e-06, 8.42806639412e-06, 5.41835515833e-06, 4.0285472096e-06, 3.02389867102e-06, 2.44218699663e-06, 1.73876128429e-06, 1.18043976727e-06, 1.43834927258e-06, 7.37916366234e-07, 9.08493007046e-07, 3.23915514855e-06, 2.77686467598e-06, 3.44455702361e-06, 1.30348314542e-06, 1.36754192681e-06, 5.91959633311e-06, 2.64166419583e-06, 1.43856038903e-06, 9.69488382907e-07, 1.60047090958e-06, 1.31317153773e-06, 7.19250522252e-07],
        "min": [3.10992196461e-16, 3.59329137447e-16, 4.17072908709e-16, 4.42625907494e-16, 4.19800063632e-16, 3.78546859183e-16, 3.63836835034e-16, 3.85718872436e-16, 4.00879253414e-16, 3.84449434745e-16, 3.69764821586e-16, 3.66786018468e-16, 3.45611094759e-16, 3.35274142899e-16, 3.30105256687e-16, 2.90058412444e-16, 2.92181818164e-16, 2.53610320026e-16, 2.17962554629e-16, 2.20830502309e-16, 2.01933197256e-16, 1.4994030325e-16, 1.33849496284e-16, 1.01665731682e-16, 8.80044997582e-17, 5.54987369046e-17, 3.21680018484e-17, 1.78385767349e-17, 6.49021955913e-18, 2.07254259058e-18, 1.38673748447e-18, 5.91369369733e-18, 1.32989656926e-17, 1.89694418201e-17, 1.98861796232e-17, 1.61198625125e-17, 1.33872109747e-17, 6.08315281275e-18, 1.40054736819e-18, 2.06305400177e-18],
        "var": [0.000382210622774, 0.000126016529975, 7.80802110967e-06, 2.54694191426e-06, 5.28744351413e-07, 1.17350808182e-07, 5.87734305668e-08, 1.74751122017e-07, 2.50110105071e-07, 1.55947859071e-07, 5.75013316961e-08, 1.52187666913e-08, 1.10199502856e-08, 8.44115088938e-09, 1.03126751583e-08, 5.20552134731e-09, 1.06189657068e-09, 8.94612495195e-10, 1.05319153398e-09, 8.75357342167e-10, 2.68695593553e-10, 1.45551959374e-10, 5.54009026155e-11, 3.66287035425e-11, 2.15906858364e-11, 2.38553499871e-11, 1.06255637969e-11, 9.12799072439e-11, 7.91719814708e-11, 3.55513535277e-10, 4.18636991739e-09, 2.13046733033e-10, 4.78002984416e-11, 1.12176989919e-09, 6.72103928068e-10, 9.43011085885e-11, 3.85575842088e-11, 2.98720284619e-11, 1.79381978022e-11, 1.34111853567e-11]
    },
    "mfcc": {
        "mean": [-659.268127441, 99.7746734619, 35.2731208801, 10.2998752594, 0.669772744179, 18.011220932, -3.02835726738, 5.32389116287, 8.79442977905, 2.88026762009, 3.00764131546, 5.15253067017, 0.763541340828],
        "cov": [[18196.8378906, 1569.96838379, 1041.02050781, 929.092468262, 1027.08361816, 1404.63952637, 672.588745117, 723.452331543, 374.572814941, 29.2324562073, -214.47227478, -222.196868896, -233.967056274], [1569.96838379, 1693.39648438, -162.54876709, -77.6571578979, 74.5815429688, -106.57989502, 122.309181213, 57.7423286438, -6.9337515831, 77.585144043, 34.3221740723, 7.89347696304, 2.70199894905], [1041.02050781, -162.54876709, 951.704833984, 344.826446533, 151.951568604, 280.150848389, 82.2592849731, 117.368171692, 123.882034302, 69.0236434937, 58.1629180908, 72.7348251343, 38.7934837341], [929.092468262, -77.6571578979, 344.826446533, 383.620941162, 189.784881592, 210.61289978, 111.678459167, 107.839416504, 68.5551681519, 29.0485935211, 5.00328826904, 14.7875623703, 17.3470802307], [1027.08361816, 74.5815429688, 151.951568604, 189.784881592, 270.377258301, 167.985214233, 148.583602905, 123.023864746, 59.2373161316, 49.4563331604, 8.62900352478, 19.4005031586, 29.2278156281], [1404.63952637, -106.57989502, 280.150848389, 210.61289978, 167.985214233, 348.720703125, 102.004234314, 131.038864136, 101.205123901, -3.40360283852, -2.12802171707, -10.8760318756, -9.93133831024], [672.588745117, 122.309181213, 82.2592849731, 111.678459167, 148.583602905, 102.004234314, 181.196365356, 108.361946106, 32.6281089783, 52.2691345215, 10.2006635666, 17.2495250702, 24.5519351959], [723.452331543, 57.7423286438, 117.368171692, 107.839416504, 123.023864746, 131.038864136, 108.361946106, 135.220108032, 76.4452209473, 43.1070327759, 23.978345871, 20.0926170349, 28.5396385193], [374.572814941, -6.9337515831, 123.882034302, 68.5551681519, 59.2373161316, 101.205123901, 32.6281089783, 76.4452209473, 90.0978622437, 39.443397522, 25.9455528259, 19.0117797852, 13.2906723022], [29.2324562073, 77.585144043, 69.0236434937, 29.0485935211, 49.4563331604, -3.40360283852, 52.2691345215, 43.1070327759, 39.443397522, 93.3703231812, 62.1159896851, 42.5743522644, 38.1442108154], [-214.47227478, 34.3221740723, 58.1629180908, 5.00328826904, 8.62900352478, -2.12802171707, 10.2006635666, 23.978345871, 25.9455528259, 62.1159896851, 81.672996521, 57.1128730774, 42.313949585], [-222.196868896, 7.89347696304, 72.7348251343, 14.7875623703, 19.4005031586, -10.8760318756, 17.2495250702, 20.0926170349, 19.0117797852, 42.5743522644, 57.1128730774, 78.4088134766, 61.3479347229], [-233.967056274, 2.70199894905, 38.7934837341, 17.3470802307, 29.2278156281, -9.93133831024, 24.5519351959, 28.5396385193, 13.2906723022, 38.1442108154, 42.313949585, 61.3479347229, 88.7751846313]],
