{
"lowlevel": {
    "average_loudness": 0.819054424763,
    "barkbands_crest": {
        "dmean": 2.50150847435,
        "dmean2": 4.15273666382,
        "dvar": 4.83857870102,
        "dvar2": 12.8932790756,
        "max": 26.2943286896,
        "mean": 9.68281173706,
        "median": 8.97870826721,
        "min": 2.08861684799,
        "var": 13.7620315552
    },
    "barkbands_flatness_db": {
        "dmean": 0.0245930347592,
        "dmean2": 0.0369950719178,
        "dvar": 0.000528291333467,
        "dvar2": 0.00113650329877,
        "max": 0.478431820869,
        "mean": 0.153546690941,
        "median": 0.143658325076,
        "min": 0.0197356659919,
        "var": 0.00419304706156
    },
    "barkbands_kurtosis": {
        "dmean": 4.21817541122,
        "dmean2": 6.58558130264,
        "dvar": 70.5376739502,
        "dvar2": 164.082092285,
        "max": 309.644226074,
        "mean": 7.41695451736,
        "median": 3.47359538078,
        "min": -1.86900281906,
        "var": 179.10597229
    },
    "barkbands_skewness": {
        "dmean": 0.584908246994,
        "dmean2": 0.901669323444,
        "dvar": 0.394650518894,
        "dvar2": 0.933981597424,
        "max": 13.8206424713,
        "mean": 1.84912848473,
        "median": 1.66323721409,
        "min": -2.00501656532,
        "var": 1.61892569065
    },
    "barkbands_spread": {
        "dmean": 4.81865930557,
        "dmean2": 7.35600757599,
        "dvar": 36.6568183899,
        "dvar2": 77.6054840088,
        "max": 98.6084594727,
        "mean": 17.2234573364,
        "median": 14.9183979034,
        "min": 0.31782823801,
        "var": 154.935119629
    },
    "dissonance": {
        "dmean": 0.0219423379749,
        "dmean2": 0.0359842628241,
        "dvar": 0.00053920771461,
        "dvar2": 0.0013428858947,
        "max": 0.500000119209,
        "mean": 0.451321601868,
        "median": 0.463331699371,
        "min": 0.107655644417,
        "var": 0.00180570641533
    },
    "dynamic_complexity": 3.34773468971,
    "erbbands_crest": {
        "dmean": 2.77838397026,
        "dmean2": 4.41512870789,
        "dvar": 7.5576467514,
        "dvar2": 17.5434932709,
        "max": 33.6172904968,
        "mean": 10.6260700226,
        "median": 9.1628818512,
        "min": 2.53001618385,
        "var": 31.2486457825
    },
    "erbbands_flatness_db": {
        "dmean": 0.0200713723898,
        "dmean2": 0.0288655217737,
        "dvar": 0.00038811439299,
        "dvar2": 0.000780360773206,
        "max": 0.454440057278,
        "mean": 0.163079857826,
        "median": 0.157038122416,
        "min": 0.0399015136063,
        "var": 0.00268127419986
    },
    "erbbands_kurtosis": {
        "dmean": 1.48068511486,
        "dmean2": 2.28709340096,
        "dvar": 13.6776790619,
        "dvar2": 30.3950042725,
        "max": 186.553573608,
        "mean": 1.67959594727,
        "median": 0.0105786323547,
        "min": -1.85635578632,
        "var": 39.7239456177
    },
    "erbbands_skewness": {
        "dmean": 0.422707617283,
        "dmean2": 0.637626588345,
        "dvar": 0.200818493962,
        "dvar2": 0.429393708706,
        "max": 10.8183879852,
        "mean": 0.578410923481,
        "median": 0.440737605095,
        "min": -3.9991645813,
        "var": 1.11363124847
    },
    "erbbands_spread": {
        "dmean": 7.87536334991,
        "dmean2": 11.8872232437,
        "dvar": 82.7553405762,
        "dvar2": 181.668334961,
        "max": 146.911941528,
        "mean": 36.5153198242,
        "median": 34.0367431641,
        "min": 0.753523826599,
        "var": 389.2706604
    },
    "hfc": {
        "dmean": 3.81784391403,
        "dmean2": 5.34862613678,
        "dvar": 21.9812393188,
        "dvar2": 40.7759132385,
        "max": 75.6766357422,
        "mean": 16.9021492004,
        "median": 13.7557125092,
        "min": 1.23561235583e-16,
        "var": 178.886672974
    },
    "melbands_crest": {
        "dmean": 3.33642745018,
        "dmean2": 5.5942158699,
        "dvar": 7.95969486237,
        "dvar2": 21.548910141,
        "max": 36.0769767761,
        "mean": 13.8355522156,
        "median": 13.1693916321,
        "min": 2.33215594292,
        "var": 21.6048202515
    },
    "melbands_flatness_db": {
        "dmean": 0.0301910918206,
        "dmean2": 0.0453241840005,
        "dvar": 0.00078250473598,
        "dvar2": 0.00166570872534,
        "max": 0.627929866314,
        "mean": 0.243938192725,
        "median": 0.234145820141,
        "min": 0.00657812599093,
        "var": 0.00689752819017
    },
    "melbands_kurtosis": {
        "dmean": 8.28368473053,
        "dmean2": 13.1209106445,
        "dvar": 190.74067688,
        "dvar2": 466.431213379,
        "max": 394.564086914,
        "mean": 16.7823390961,
        "median": 9.46795272827,
        "min": -1.87886047363,
        "var": 493.995819092
    },
    "melbands_skewness": {
        "dmean": 0.751203298569,
        "dmean2": 1.17628979683,
        "dvar": 0.627854049206,
        "dvar2": 1.50985610485,
        "max": 15.6461381912,
        "mean": 2.78608369827,
        "median": 2.49255943298,
        "min": -2.16663646698,
        "var": 2.82351851463
    },
    "melbands_spread": {
        "dmean": 5.05389785767,
        "dmean2": 7.85464096069,
        "dvar": 45.6584701538,
        "dvar2": 102.409873962,
        "max": 161.498886108,
        "mean": 16.6892795563,
        "median": 13.8222389221,
        "min": 0.433948844671,
        "var": 171.860046387
    },
    "pitch_salience": {
        "dmean": 0.072837524116,
        "dmean2": 0.120193682611,
        "dvar": 0.00383695890196,
        "dvar2": 0.0103451376781,
        "max": 0.891375899315,
        "mean": 0.578180730343,
        "median": 0.588525593281,
        "min": 0.0831436887383,
        "var": 0.0118004875258
    },
    "silence_rate_20dB": {
        "dmean": 0,
        "dmean2": 0,
        "dvar": 0,
        "dvar2": 0,
        "max": 1,
        "mean": 1,
        "median": 1,
        "min": 1,
        "var": 0
    },
    "silence_rate_30dB": {
        "dmean": 0.00314917508513,
        "dmean2": 0.00629878137261,
        "dvar": 0.00314063578844,
        "dvar2": 0.00735312746838,
        "max": 1,
        "mean": 0.996440291405,
        "median": 1,
        "min": 0,
        "var": 0.00354590220377
    },
    "silence_rate_60dB": {
        "dmean": 0.0123228589073,
        "dmean2": 0.0246474053711,
        "dvar": 0.0121717294678,
        "dvar2": 0.0273270215839,
        "max": 1,
        "mean": 0.060172509402,
        "median": 0,
        "min": 0,
        "var": 0.0565505586565
    },
    "spectral_centroid": {
        "dmean": 216.227310181,
        "dmean2": 324.240356445,
        "dvar": 71716.34375,
        "dvar2": 143088.9375,
        "max": 10705.2578125,
        "mean": 1001.43353271,
        "median": 894.507324219,
        "min": 145.820846558,
        "var": 333768.59375
    },
    "spectral_complexity": {
        "dmean": 3.23803663254,
        "dmean2": 4.66274118423,
        "dvar": 12.8564109802,
        "dvar2": 22.7435455322,
        "max": 57,
        "mean": 16.7851867676,
        "median": 15,
        "min": 0,
        "var": 106.953414917
    },
    "spectral_decrease": {
        "dmean": 2.18116014139e-09,
        "dmean2": 3.4865128562e-09,
        "dvar": 6.13770909646e-18,
        "dvar2": 1.58224894279e-17,
        "max": 1.94578555989e-28,
        "mean": -7.67024044279e-09,
        "median": -6.71950095565e-09,
        "min": -4.89715965557e-08,
        "var": 2.98684926851e-17
    },
    "spectral_energy": {
        "dmean": 0.00843427889049,
        "dmean2": 0.0134364673868,
        "dvar": 9.05837732716e-05,
        "dvar2": 0.000232499587582,
        "max": 0.18784070015,
        "mean": 0.0304823350161,
        "median": 0.0269967652857,
        "min": 1.04729927045e-20,
        "var": 0.000457392889075
    },
    "spectral_energyband_high": {
        "dmean": 0.000221903988859,
        "dmean2": 0.00030585413333,
        "dvar": 2.16915253759e-07,
        "dvar2": 3.66935552165e-07,
        "max": 0.0111102340743,
        "mean": 0.000496340740938,
        "median": 0.000181786977919,
        "min": 7.41907096349e-21,
        "var": 9.23765469452e-07
    },
    "spectral_energyband_low": {
        "dmean": 0.00568102952093,
        "dmean2": 0.00956138037145,
        "dvar": 5.57603525522e-05,
        "dvar2": 0.000153189146658,
        "max": 0.143845245242,
        "mean": 0.0105364294723,
        "median": 0.00756360590458,
        "min": 9.40787942502e-23,
        "var": 0.000118236530398
    },
    "spectral_energyband_middle_high": {
        "dmean": 0.00125646719243,
        "dmean2": 0.00181624025572,
        "dvar": 3.44997783941e-06,
        "dvar2": 7.43930331737e-06,
        "max": 0.0450230650604,
        "mean": 0.00440784310922,
        "median": 0.00249078520574,
        "min": 1.36671966841e-21,
        "var": 2.88763530989e-05
    },
    "spectral_energyband_middle_low": {
        "dmean": 0.00535094505176,
        "dmean2": 0.00844071153551,
        "dvar": 4.42318778369e-05,
        "dvar2": 0.000108500636998,
        "max": 0.130727291107,
        "mean": 0.0164532512426,
        "median": 0.0131873618811,
        "min": 2.43799166698e-22,
        "var": 0.00019556794723
    },
    "spectral_entropy": {
        "dmean": 0.205849796534,
        "dmean2": 0.297710329294,
        "dvar": 0.0472839437425,
        "dvar2": 0.0953637436032,
        "max": 9.81442642212,
        "mean": 7.27920484543,
        "median": 7.37707614899,
        "min": 4.71033716202,
        "var": 0.37443587184
    },
    "spectral_flux": {
        "dmean": 0.0213098358363,
        "dmean2": 0.0337512269616,
        "dvar": 0.000400353514124,
        "dvar2": 0.000965747924056,
        "max": 0.269721955061,
        "mean": 0.0848371386528,
        "median": 0.0834214091301,
        "min": 1.02337638364e-10,
        "var": 0.00162365962751
    },
    "spectral_kurtosis": {
        "dmean": 2.11731433868,
        "dmean2": 3.30333018303,
        "dvar": 8.90897083282,
        "dvar2": 19.6693248749,
        "max": 111.407028198,
        "mean": 7.14423942566,
        "median": 5.31428098679,
        "min": -1.16842091084,
        "var": 52.9616661072
    },
    "spectral_rms": {
        "dmean": 0.000743706419598,
        "dmean2": 0.00116810644977,
        "dvar": 4.94011089813e-07,
        "dvar2": 1.20377990243e-06,
        "max": 0.0135373268276,
        "mean": 0.00505899870768,
        "median": 0.00513208610937,
        "min": 3.19649081509e-12,
        "var": 4.14558189732e-06
    },
    "spectral_rolloff": {
        "dmean": 341.139068604,
        "dmean2": 568.265319824,
        "dvar": 482071.15625,
        "dvar2": 1061303.375,
        "max": 19896.6796875,
        "mean": 1009.51019287,
        "median": 645.99609375,
        "min": 21.533203125,
        "var": 1102043.625
    },
    "spectral_skewness": {
        "dmean": 0.263319313526,
        "dmean2": 0.394857943058,
        "dvar": 0.0840983092785,
        "dvar2": 0.177308678627,
        "max": 8.65793228149,
        "mean": 1.95992684364,
        "median": 1.79997420311,
        "min": 0.017224246636,
        "var": 0.632609009743
    },
    "spectral_spread": {
        "dmean": 690806.0625,
        "dmean2": 1008064.8125,
        "dvar": 674019868672,
        "dvar2": 1.43286639002e+12,
        "max": 39227792,
        "mean": 4424928.5,
        "median": 4171733.25,
        "min": 962476.9375,
        "var": 2.57594307379e+12
    },
    "spectral_strongpeak": {
        "dmean": 0.490926474333,
        "dmean2": 0.837708473206,
        "dvar": 0.550615429878,
        "dvar2": 1.4236086607,
        "max": 8.18500518799,
        "mean": 0.903208076954,
        "median": 0.502785921097,
        "min": 0,
        "var": 1.11964273453
    },
    "zerocrossingrate": {
        "dmean": 0.0086891464889,
        "dmean2": 0.0102316085249,
        "dvar": 0.000117275863886,
        "dvar2": 0.000138430172228,
        "max": 0.5107421875,
        "mean": 0.0463121794164,
        "median": 0.041015625,
        "min": 0.00390625,
        "var": 0.000817637017462
    },
    "barkbands": {
        "dmean": [0.000530224468093, 0.00239186943509, 0.00354956486262, 0.00233969069086, 0.00281280791387, 0.00100464711431, 0.00104327825829, 0.000970536260866, 0.000496858265251, 0.000473784806672, 0.00026811598218, 0.000270808290225, 0.000359555502655, 0.000271263095783, 0.000201197064598, 0.000174770582817, 0.000142866076203, 0.00014639183064, 0.00011223245383, 0.000110462788143, 6.74615075695e-05, 2.72109118669e-05, 2.52964582614e-05, 3.36518314725e-05, 3.94967537432e-05, 2.43224985752e-05, 1.91810613615e-06],
        "dmean2": [0.000910375907551, 0.0041106804274, 0.00600893888623, 0.00399375148118, 0.00451711472124, 0.00158493267372, 0.00162556534633, 0.00148873019498, 0.000767388904933, 0.000720019685104, 0.000408904772485, 0.000412387918914, 0.000543038011529, 0.000414740265114, 0.000311219046125, 0.000271787139354, 0.000222563627176, 0.00022621593962, 0.00017115236551, 0.000167738951859, 9.91226625047e-05, 3.94737435272e-05, 3.75393283321e-05, 4.91796417919e-05, 5.76956626901e-05, 3.44251238857e-05, 3.02987791656e-06],
        "dvar": [1.15152670332e-06, 1.22377587104e-05, 2.6050631277e-05, 1.25971946545e-05, 1.84055261343e-05, 3.22060509461e-06, 5.04343825014e-06, 5.13338181918e-06, 1.60709612373e-06, 1.78846471499e-06, 7.53923359298e-07, 5.95841129325e-07, 8.77897775808e-07, 3.69510303244e-07, 2.37072072196e-07, 2.00869692435e-07, 1.12391816742e-07, 8.05721072084e-08, 5.32393116259e-08, 6.82436294142e-08, 3.09038519219e-08, 6.22746343382e-09, 7.73575425939e-09, 1.21863168445e-08, 9.62694546303e-09, 2.88880874777e-09, 8.91258941649e-11],
        "dvar2": [3.11880148729e-06, 3.57335520675e-05, 7.10731255822e-05, 3.52926326741e-05, 4.48649734608e-05, 7.58021496949e-06, 1.24170674098e-05, 1.24487987705e-05, 3.65498340216e-06, 3.68719724975e-06, 1.56151043029e-06, 1.23014649489e-06, 1.88260173672e-06, 8.50550406994e-07, 5.34590128609e-07, 4.60244478973e-07, 2.70141697456e-07, 1.87584660694e-07, 1.27280358697e-07, 1.56085718572e-07, 6.31973549048e-08, 1.16351985824e-08, 1.50247831954e-08, 2.33792203375e-08, 1.85702706545e-08, 5.96571059219e-09, 1.65865349233e-10],
        "max": [0.0245210062712, 0.0601080060005, 0.107130505145, 0.0774177610874, 0.0923172384501, 0.0560449250042, 0.0418350175023, 0.0781802907586, 0.0310127492994, 0.0387394651771, 0.026919554919, 0.0311857890338, 0.0257800836116, 0.0130781363696, 0.0139098735526, 0.0158500112593, 0.0101969046518, 0.0118929985911, 0.00769393425435, 0.0081995241344, 0.0055307392031, 0.00324291759171, 0.00386535120197, 0.0036295435857, 0.00366498995572, 0.00121300795581, 0.000800908776],
        "mean": [0.000506066018716, 0.00357976276428, 0.00518828025088, 0.00329990824685, 0.0059224627912, 0.00215345108882, 0.00192162266467, 0.00186899851542, 0.000920367077924, 0.000966022489592, 0.000473093095934, 0.000473059742944, 0.000632510520518, 0.000510753423441, 0.000380307144951, 0.000316350138746, 0.000264162110398, 0.000287022237899, 0.000219011315494, 0.000208365847357, 0.000130454398459, 5.17150474479e-05, 4.33533459727e-05, 6.01108549745e-05, 6.63918763166e-05, 3.61747297575e-05, 2.57758711086e-06],
        "median": [0.000139768410008, 0.00203451793641, 0.00296010845341, 0.00175809289794, 0.00366440531798, 0.00113404856529, 0.000668348860927, 0.000465209013782, 0.000197706278414, 0.000163099684869, 8.39611602714e-05, 0.000128499465063, 0.000128368337755, 0.000151154279592, 9.50670437305e-05, 9.99544281512e-05, 7.89201440057e-05, 0.000118653275422, 9.4293289294e-05, 6.62230158923e-05, 4.34953690274e-05, 1.54120534717e-05, 1.11433755592e-05, 1.47270102389e-05, 1.58218790602e-05, 7.0291330303e-06, 5.42261886949e-07],
        "min": [9.82606090176e-24, 7.84237044357e-23, 6.69990295313e-24, 1.53631828806e-23, 6.1708751596e-23, 1.93479717484e-23, 2.80337752324e-23, 3.59102610702e-23, 7.78712115012e-23, 4.99935139766e-23, 5.01694457357e-23, 1.0109598337e-22, 7.21758061595e-23, 6.22477076773e-23, 1.51997895923e-22, 1.79843878084e-22, 9.98202690688e-23, 2.18919755925e-22, 2.84354190291e-22, 1.9148850003e-22, 4.78956658791e-22, 4.32913435217e-22, 6.30526600828e-22, 7.41470736361e-22, 1.15260540068e-21, 1.52542161985e-21, 2.62564231453e-21],
        "var": [1.11990186724e-06, 2.07253197004e-05, 4.3142674258e-05, 1.92078350665e-05, 5.21434885741e-05, 1.10809523903e-05, 1.33989597089e-05, 1.68819769897e-05, 4.86884482598e-06, 8.09030461824e-06, 2.5312112939e-06, 1.93124674297e-06, 2.46827130468e-06, 1.04047546756e-06, 7.10974632057e-07, 5.18714557529e-07, 2.81452315676e-07, 2.09859109646e-07, 1.23242088534e-07, 1.47117617644e-07, 8.27104642553e-08, 1.81014794265e-08, 2.14571382884e-08, 3.81799694082e-08, 2.84702093012e-08, 6.05810157595e-09, 2.31918442783e-10]
    },
    "erbbands": {
        "dmean": [0.0396115370095, 0.664465844631, 3.41497612, 5.82053232193, 10.505320549, 8.87848567963, 6.4702501297, 9.31695175171, 14.0752420425, 17.1553936005, 18.4923973083, 11.0586681366, 14.5907936096, 11.3971233368, 11.1813707352, 10.288977623, 15.0613775253, 14.7899188995, 10.6226968765, 9.60943412781, 7.69284439087, 7.64937543869, 8.37659263611, 5.60820150375, 5.35162830353, 5.32832193375, 3.45716309547, 2.07493543625, 0.954240500927, 0.916005849838, 0.713199675083, 0.694196522236, 0.58352202177, 0.481166571379, 0.261299192905, 0.141720816493, 0.036865606904, 0.00505545316264, 0.000305469584418, 2.31449230341e-05],
        "dmean2": [0.0681878253818, 1.13801467419, 5.7546453476, 9.92655944824, 16.8157596588, 14.6299476624, 10.3521327972, 14.6766529083, 21.8836727142, 26.7598266602, 28.1077804565, 16.9703712463, 22.1263122559, 17.0102500916, 16.7827148438, 15.7726278305, 22.6579494476, 22.358165741, 16.3197956085, 14.7144517899, 11.9709243774, 11.6569499969, 12.8794727325, 8.45594882965, 8.17523288727, 8.07656764984, 5.13234567642, 3.03845930099, 1.3562707901, 1.34426116943, 1.06089258194, 1.01821708679, 0.867253899574, 0.71616178751, 0.382829457521, 0.20408514142, 0.0521419160068, 0.00730347633362, 0.000474339089124, 3.57455101039e-05],
        "dvar": [0.00314057758078, 0.939046859741, 23.6403827667, 76.9533615112, 284.558929443, 199.646575928, 134.723846436, 353.353363037, 845.229370117, 1389.22424316, 2268.43310547, 884.26953125, 1807.84960938, 1402.62597656, 1288.640625, 634.709594727, 1559.76501465, 1034.08630371, 710.268310547, 498.484130859, 483.325164795, 318.188018799, 277.458740234, 106.737281799, 176.239929199, 157.593078613, 76.3139953613, 32.2582359314, 7.43952608109, 10.3923845291, 6.51657819748, 6.19659614563, 3.51640462875, 1.79708170891, 0.387331336737, 0.100361779332, 0.00686882762238, 0.000146485093865, 2.98366421703e-06, 1.28948576261e-08],
        "dvar2": [0.00887115672231, 2.72970342636, 64.4475479126, 212.060180664, 699.799621582, 529.639343262, 315.963928223, 816.104431152, 2024.52844238, 3302.00512695, 5404.375, 2011.55712891, 3760.00146484, 2832.84106445, 2673.82373047, 1386.375, 3340.99243164, 2344.02758789, 1676.32836914, 1193.72094727, 1162.82092285, 732.738525391, 645.626220703, 242.197982788, 415.187805176, 364.46862793, 160.465454102, 67.1621398926, 13.8302688599, 19.4377765656, 13.3417472839, 12.0833721161, 7.12682390213, 3.52003002167, 0.782469332218, 0.212333962321, 0.0141109032556, 0.000311631069053, 5.69758049096e-06, 2.54962788659e-08],
        "max": [1.02553355694, 16.5694065094, 104.314224243, 190.033874512, 349.777984619, 308.68145752, 317.444854736, 554.796813965, 606.001525879, 845.814086914, 1534.03625488, 869.101989746, 1278.27258301, 1551.07873535, 1235.66052246, 826.965393066, 1131.09570312, 723.064453125, 644.358642578, 876.571411133, 790.250549316, 502.510894775, 731.516601562, 253.811187744, 468.969055176, 423.626068115, 322.793548584, 220.522369385, 150.253372192, 178.013275146, 102.278465271, 84.7130279541, 63.079750061, 43.2461776733, 28.3783740997, 8.91118812561, 1.8714094162, 0.444906771183, 0.155065566301, 0.00859041232616],
        "mean": [0.0570678971708, 1.0192784071, 5.33142709732, 9.12216567993, 19.4480476379, 17.0368289948, 14.0056972504, 18.9697227478, 27.4448223114, 33.6793708801, 36.6771202087, 22.9782714844, 28.1349601746, 25.0177745819, 22.8524456024, 19.9091567993, 28.3779602051, 29.9969158173, 21.1944179535, 19.5175380707, 14.7304601669, 15.3366928101, 17.0346660614, 11.7323570251, 10.5253047943, 10.1745815277, 6.77289485931, 3.9150724411, 1.8561578989, 1.61241579056, 1.19537448883, 1.20920097828, 0.999948501587, 0.81029945612, 0.423438727856, 0.213111639023, 0.0543317720294, 0.00704009272158, 0.000446955877123, 5.94048178755e-05],
        "median": [0.0355267599225, 0.595072567463, 3.07188248634, 5.61978435516, 10.4128360748, 10.003320694, 7.37657785416, 9.11996078491, 11.7189626694, 11.4006156921, 9.6937828064, 5.5772986412, 5.90658092499, 4.52123260498, 4.57339334488, 6.85731887817, 6.81746244431, 9.81632328033, 5.90278339386, 6.40309429169, 5.30744457245, 5.02113246918, 7.13468599319, 5.15075063705, 4.21283149719, 3.34618592262, 2.37598180771, 1.23445129395, 0.579093933105, 0.403283238411, 0.307736158371, 0.301024734974, 0.237952709198, 0.186822265387, 0.0987276658416, 0.0422653108835, 0.00992645323277, 0.00132023706101, 0.000113977133879, 4.50776788057e-05],
        "min": [2.14093729574e-21, 1.78707007593e-20, 1.38827919403e-20, 3.04127654048e-20, 1.2485117784e-19, 2.76915382911e-19, 8.81893181701e-20, 2.10298340581e-19, 2.23277088735e-19, 5.40898365632e-19, 1.43328200696e-18, 1.75152578896e-18, 1.05206403434e-18, 2.25065587636e-18, 2.32324283627e-18, 4.39493632595e-18, 3.1129850475e-18, 3.525268822e-18, 3.40256154121e-18, 1.38883062365e-17, 7.12208049518e-18, 6.52843364907e-18, 1.00959221831e-17, 1.22970497931e-17, 1.44253565579e-17, 9.72510290478e-18, 2.33689127502e-17, 1.30275172756e-17, 1.54972833701e-17, 1.77862128934e-17, 1.51282714814e-17, 1.492674216e-17, 1.4719022219e-17, 1.19540676239e-17, 8.44777308442e-18, 5.1609767107e-18, 3.20910529584e-18, 1.03356951661e-18, 3.73974662187e-19, 4.22381846783e-20],
        "var": [0.00465614860877, 1.69349133968, 44.8628845215, 121.51398468, 754.496948242, 455.290771484, 446.720214844, 1225.18359375, 2157.0012207, 3862.84863281, 7571.62353516, 3264.89135742, 5421.78662109, 7659.69824219, 5179.22509766, 2059.92773438, 4638.77734375, 3111.81958008, 1932.91149902, 1377.81799316, 928.516296387, 878.556884766, 735.276123047, 306.757385254, 352.158996582, 340.918823242, 198.804367065, 78.4930114746, 22.4372501373, 29.5541496277, 15.737200737, 17.1970176697, 10.1126976013, 5.17671918869, 1.01814675331, 0.21621029079, 0.0139026334509, 0.000275873346254, 7.21441983842e-06, 3.26327587175e-08]
    },
    "gfcc": {
        "mean": [-15.7111206055, 104.91973877, -95.9088668823, 27.3049640656, -48.0678977966, 4.48301887512, -40.4949684143, 7.4569144249, -30.1172161102, 6.22650432587, -15.9905347824, -5.87738990784, -14.4753932953],
        "cov": [[7761.67822266, -787.691772461, -976.226318359, 557.18536377, -142.804901123, 172.223770142, -246.197235107, 405.502319336, -270.342590332, 16.3437957764, -146.857635498, -165.07484436, -156.415985107], [-787.691772461, 1308.04284668, 85.026222229, -177.507644653, 202.319976807, -193.99772644, 68.5737762451, -195.241088867, 131.628173828, -143.742919922, 166.4868927, -129.129104614, 21.1609802246], [-976.226318359, 85.026222229, 980.317138672, 119.745315552, 13.107793808, 23.2420520782, 5.18422985077, -63.2723579407, -31.787727356, 45.7129745483, -22.4130153656, 69.5007858276, -32.2838973999], [557.18536377, -177.507644653, 119.745315552, 425.500366211, 67.2488937378, 29.338180542, -70.0078277588, 12.9880857468, -37.4010734558, 4.25326061249, -15.5837726593, -23.9089813232, -11.3085784912], [-142.804901123, 202.319976807, 13.107793808, 67.2488937378, 295.507232666, -17.3532009125, -35.3831863403, -47.1463775635, 30.5733165741, -16.2543849945, 1.63002312183, -24.2011089325, -6.80809020996], [172.223770142, -193.99772644, 23.2420520782, 29.338180542, -17.3532009125, 240.084381104, 62.8875274658, 31.9020709991, -49.8288841248, 49.8140792847, -26.8102035522, -1.79872262478, -23.2306613922], [-246.197235107, 68.5737762451, 5.18422985077, -70.0078277588, -35.3831863403, 62.8875274658, 212.046691895, 34.9840888977, -16.7643966675, -26.3285636902, -3.64926838875, 5.10122728348, 7.07943201065], [405.502319336, -195.241088867, -63.2723579407, 12.9880857468, -47.1463775635, 31.9020709991, 34.9840888977, 192.589508057, 14.3231534958, 3.68572592735, -52.4355010986, 4.94973087311, -6.53125143051], [-270.342590332, 131.628173828, -31.787727356, -37.4010734558, 30.5733165741, -49.8288841248, -16.7643966675, 14.3231534958, 143.389968872, 9.77350997925, 5.60783195496, -28.5942020416, 11.9207735062], [16.3437957764, -143.742919922, 45.7129745483, 4.25326061249, -16.2543849945, 49.8140792847, -26.3285636902, 3.68572592735, 9.77350997925, 134.66835022, 11.589758873, 3.52133774757, -36.765209198], [-146.857635498, 166.4868927, -22.4130153656, -15.5837726593, 1.63002312183, -26.8102035522, -3.64926838875, -52.4355010986, 5.60783195496, 11.589758873, 132.384170532, -1.581635952, -9.48042201996], [-165.07484436, -129.129104614, 69.5007858276, -23.9089813232, -24.2011089325, -1.79872262478, 5.10122728348, 4.94973087311, -28.5942020416, 3.52133774757, -1.581635952, 118.801712036, 32.5782775879], [-156.415985107, 21.1609802246, -32.2838973999, -11.3085784912, -6.80809020996, -23.2306613922, 7.07943201065, -6.53125143051, 11.9207735062, -36.765209198, -9.48042201996, 32.5782775879, 91.8331222534]],
        "icov": [[0.000266092509264, -0.000217006774619, 0.000344099156791, -0.00039458219544, 0.000232435326325, -0.00012861097639, 0.000437804701505, -0.000578172737733, 0.000646976463031, -0.00016189062444, 0.000347997236531, -3.67466891475e-05, 0.000385600753361], [-0.000217006774619, 0.00276666413993, -0.00100714352448, 0.00146037887316, -0.00156908563804, 0.00106657564174, -0.0014295373112, 0.001683909446, -0.00178708822932, 0.00241002836265, -0.00302531546913, 0.00300302286632, -0.000978744239546], [0.000344099156791, -0.00100714352448, 0.00190083624329, -0.0013230756158, 0.000758035981562, -0.0003468421055, 0.000487314013299, -0.000343509222148, 0.000943441758864, -0.00114401965402, 0.00175864901394, -0.00198931409977, 0.0015367383603], [-0.00039458219544, 0.00146037887316, -0.0013230756158, 0.00410152459517, -0.00166809768416, 0.000167261241586, 0.000152434804477, 0.000482329924125, -0.000303855456877, 0.00138141599018, -0.00195391033776, 0.00255793472752, -0.00154410838149], [0.000232435326325, -0.00156908563804, 0.000758035981562, -0.00166809768416, 0.00489754648879, -0.000818550819531, 0.00121029547881, 8.62962042447e-05, -7.90066551417e-05, -0.000509543286171, 0.00213976809755, -0.00161532266065, 0.00148759072181], [-0.00012861097639, 0.00106657564174, -0.0003468421055, 0.000167261241586, -0.000818550819531, 0.0063810297288, -0.00268453266472, 0.000327924062731, 0.00129628495779, -0.00195541745052, -5.28758209839e-05, 0.00171294482425, -0.000346641434589], [0.000437804701505, -0.0014295373112, 0.000487314013299, 0.000152434804477, 0.00121029547881, -0.00268453266472, 0.00745531870052, -0.00274214544334, 0.0019523978699, 0.000834524282254, 0.00080534274457, -0.000845347647555, 0.000369756278815], [-0.000578172737733, 0.001683909446, -0.000343509222148, 0.000482329924125, 8.62962042447e-05, 0.000327924062731, -0.00274214544334, 0.00896188803017, -0.00391869340092, 0.00148716371041, 0.000865845999215, -8.32278601592e-05, 0.000726930971723], [0.000646976463031, -0.00178708822932, 0.000943441758864, -0.000303855456877, -7.90066551417e-05, 0.00129628495779, 0.0019523978699, -0.00391869340092, 0.0117918485776, -0.00385479093529, 0.00157979235519, 0.00191829830874, -0.00189051916823], [-0.00016189062444, 0.00241002836265, -0.00114401965402, 0.00138141599018, -0.000509543286171, -0.00195541745052, 0.000834524282254, 0.00148716371041, -0.00385479093529, 0.0126296533272, -0.00371385272592, 0.000849241972901, 0.0033178247977], [0.000347997236531, -0.00302531546913, 0.00175864901394, -0.00195391033776, 0.00213976809755, -5.28758209839e-05, 0.00080534274457, 0.000865845999215, 0.00157979235519, -0.00371385272592, 0.0125535074621, -0.00398056721315, 0.00282843247987], [-3.67466891475e-05, 0.00300302286632, -0.00198931409977, 0.00255793472752, -0.00161532266065, 0.00171294482425, -0.000845347647555, -8.32278601592e-05, 0.00191829830874, 0.000849241972901, -0.00398056721315, 0.0152062866837, -0.00648057507351], [0.000385600753361, -0.000978744239546, 0.0015367383603, -0.00154410838149, 0.00148759072181, -0.000346641434589, 0.000369756278815, 0.000726930971723, -0.00189051916823, 0.0033178247977, 0.00282843247987, -0.00648057507351, 0.0163322146982]]
    },
    "melbands": {
        "dmean": [0.000507264514454, 0.0014250644017, 0.00107310386375, 0.000703461642843, 0.000242360474658, 0.00020436734485, 0.000217099513975, 0.000194670952624, 0.000137144641485, 7.11543834768e-05, 7.40277100704e-05, 4.84265001433e-05, 3.72752692783e-05, 3.35306503985e-05, 2.85905061901e-05, 3.58393517672e-05, 2.93393823085e-05, 1.83294705494e-05, 1.45877183968e-05, 1.39697840496e-05, 8.93470223673e-06, 8.39201493363e-06, 9.01402199815e-06, 6.71095085636e-06, 4.84504835185e-06, 4.48168430012e-06, 3.98057682105e-06, 3.69332883565e-06, 2.4300647965e-06, 1.85913290807e-06, 1.04150740299e-06, 5.57316070626e-07, 5.62057664411e-07, 5.16903298831e-07, 4.30292089959e-07, 4.16757984567e-07, 4.55629106e-07, 4.19765655124e-07, 4.3178732767e-07, 4.19739194513e-07],
        "dmean2": [0.000872021075338, 0.00240307929926, 0.00178668228909, 0.00113638280891, 0.000390435598092, 0.000322019302985, 0.000337269419106, 0.000304166111164, 0.000209619596717, 0.000109199943836, 0.000112364461529, 7.24361889297e-05, 5.61471752007e-05, 5.09275087097e-05, 4.36989066657e-05, 5.43042260688e-05, 4.44774268544e-05, 2.85572732537e-05, 2.25369076361e-05, 2.13400981011e-05, 1.42120379678e-05, 1.30634889501e-05, 1.39817884701e-05, 1.03706361188e-05, 7.47742842577e-06, 6.98201074556e-06, 6.15990256847e-06, 5.693195817e-06, 3.69414647139e-06, 2.7874141324e-06, 1.5585417259e-06, 8.23475261313e-07, 8.4281771251e-07, 7.72560724727e-07, 6.60927014451e-07, 6.29943258446e-07, 6.78695528222e-07, 6.34627383533e-07, 6.50943604796e-07, 6.3065311906e-07],
        "dvar": [5.16827128649e-07, 3.91148705603e-06, 2.32423235502e-06, 1.18127434234e-06, 1.52492503958e-07, 1.51564833573e-07, 1.9928128836e-07, 1.71377763536e-07, 1.24331336337e-07, 3.4893862022e-08, 4.56125626158e-08, 2.63928345845e-08, 1.44095313459e-08, 9.17293618841e-09, 5.75866998531e-09, 9.85787274033e-09, 4.22608481543e-09, 2.37354091936e-09, 1.38914624248e-09, 1.26503152398e-09, 7.51960660406e-10, 4.65777805214e-10, 3.35745903302e-10, 2.06563113836e-10, 8.75928773958e-11, 1.11360476396e-10, 1.16554016438e-10, 8.22156856484e-11, 3.99832111864e-11, 2.66577229041e-11, 8.70200439484e-12, 2.68085879017e-12, 3.68598901401e-12, 3.70197709293e-12, 2.46702463146e-12, 2.5347597285e-12, 3.02958548005e-12, 2.11752078545e-12, 1.69954501861e-12, 1.37107621263e-12],
        "dvar2": [1.49196739585e-06, 1.07496252895e-05, 6.30919748801e-06, 2.95916493087e-06, 3.71376728481e-07, 3.5104343965e-07, 4.84885163132e-07, 4.10828931763e-07, 2.93738850132e-07, 7.7767474238e-08, 9.46845233329e-08, 5.28866479499e-08, 3.00670635056e-08, 1.87932869267e-08, 1.26971677616e-08, 2.12731716687e-08, 9.59713464255e-09, 5.71928371329e-09, 3.15382364668e-09, 2.79231504585e-09, 1.8863917095e-09, 1.1000965694e-09, 8.00793431566e-10, 4.88631857198e-10, 2.04428127204e-10, 2.68690181215e-10, 2.76575484737e-10, 1.98472877022e-10, 9.00477331589e-11, 5.70485360341e-11, 1.90150777069e-11, 5.71341845362e-12, 7.27207877249e-12, 7.15006699681e-12, 5.34036139963e-12, 5.28315802564e-12, 6.30641155616e-12, 4.57264087705e-12, 3.56960598233e-12, 2.78109566626e-12],
        "max": [0.0116021018475, 0.041197322309, 0.0348093211651, 0.0247875060886, 0.00915820710361, 0.0109147904441, 0.00847719237208, 0.00961188785732, 0.0100978780538, 0.00503485556692, 0.00632356666028, 0.00636471388862, 0.00437091151252, 0.00440704682842, 0.00281197624281, 0.00266008311883, 0.00135331740603, 0.00108005676884, 0.00107799714897, 0.00161374593154, 0.00124792277347, 0.000647113891318, 0.000417713716161, 0.000847604882438, 0.000238071806962, 0.000406630191719, 0.000333818228683, 0.000337043195032, 0.000267121242359, 0.000191722487216, 0.000129216758069, 0.000102656180388, 8.81554660737e-05, 0.000123016769066, 5.90473609918e-05, 5.85535162827e-05, 6.07757392572e-05, 5.74300574954e-05, 4.32887973147e-05, 3.8269932702e-05],
        "mean": [0.000773649604525, 0.00234776292928, 0.00192941748537, 0.00138064764906, 0.000526692601852, 0.00042169020162, 0.000424546364229, 0.000388631597161, 0.000265151582425, 0.000139046576805, 0.000138368981425, 0.000102166974102, 7.03170953784e-05, 6.17835103185e-05, 5.05421194248e-05, 6.29114656476e-05, 5.57870807825e-05, 3.28249188897e-05, 2.74801641353e-05, 2.5864381314e-05, 1.51514259414e-05, 1.50045780174e-05, 1.76851990545e-05, 1.2566895748e-05, 9.13311396289e-06, 8.11609243101e-06, 7.17479679224e-06, 6.60663954477e-06, 4.39267978436e-06, 3.37741744261e-06, 1.82175733698e-06, 1.01520265616e-06, 9.61459022619e-07, 8.51939773838e-07, 6.71939687891e-07, 6.88240163527e-07, 7.57119266837e-07, 6.84020903918e-07, 7.12504061084e-07, 6.74066711781e-07],
        "median": [0.000481659255456, 0.00145365740173, 0.00126353674568, 0.000822041765787, 0.000309042981826, 0.000210070604226, 0.000174905580934, 0.000120775534015, 6.50548317935e-05, 2.99420844385e-05, 2.68361873168e-05, 1.58896509674e-05, 1.27662660816e-05, 1.6120440705e-05, 1.39070907608e-05, 1.31557299028e-05, 1.63654058269e-05, 7.39818187867e-06, 7.08896277501e-06, 7.5086400102e-06, 4.83519715999e-06, 4.18548370362e-06, 6.16351735516e-06, 5.19345667271e-06, 3.62930973097e-06, 3.23492349708e-06, 2.18179047806e-06, 1.98615748559e-06, 1.45497256199e-06, 1.06444167614e-06, 5.56617123948e-07, 3.12358338306e-07, 2.51850565292e-07, 2.00030711994e-07, 1.63997839309e-07, 1.75798447799e-07, 1.77373280508e-07, 1.55575435201e-07, 1.65963172094e-07, 1.49754328049e-07],
        "min": [2.18309572015e-23, 1.31887043614e-23, 6.84829478915e-24, 1.67029858197e-23, 4.61382339814e-24, 4.15196387636e-24, 4.22039006571e-24, 5.39324282162e-24, 1.46879621219e-23, 9.64938524685e-24, 4.97882026709e-24, 9.11468822554e-24, 5.9458020204e-24, 1.36765004465e-23, 9.90405715718e-24, 4.84479634916e-24, 6.71977751477e-24, 4.10498918161e-24, 1.30697741136e-23, 1.68749701189e-23, 6.73764836972e-24, 6.96635334564e-24, 4.62304399883e-24, 1.35425565979e-23, 8.87387423473e-24, 1.19926681668e-23, 7.14335401125e-24, 5.48835144223e-24, 1.45800775045e-23, 1.0872754683e-23, 6.81477056726e-24, 7.53225454891e-24, 9.91313852393e-24, 1.1018010008e-23, 8.55432877013e-24, 1.01937860461e-23, 8.72028774964e-24, 9.90320360969e-24, 1.04181420319e-23, 1.00235056866e-23],
        "var": [8.18053536022e-07, 7.95230334916e-06, 4.6995669436e-06, 2.99395514958e-06, 4.96712289078e-07, 5.22666084635e-07, 5.32873343673e-07, 5.16385625815e-07, 3.87164362792e-07, 1.25886685964e-07, 1.37765383101e-07, 1.473528215e-07, 5.52955761179e-08, 3.50612090472e-08, 1.44354004306e-08, 2.79215459642e-08, 1.24557519854e-08, 5.53071277665e-09, 3.84675757914e-09, 4.06322575586e-09, 1.18560627982e-09, 1.04378128363e-09, 1.01643804484e-09, 4.50128795348e-10, 2.18252402262e-10, 2.15564663342e-10, 2.10045161819e-10, 1.6053869345e-10, 8.8856429159e-11, 6.50714065964e-11, 1.82794335224e-11, 6.82079653175e-12, 9.34890099363e-12, 9.83877302546e-12, 5.16261252498e-12, 5.86357828611e-12, 7.34838492139e-12, 5.42342256174e-12, 4.44516125298e-12, 3.65782447734e-12]
    },
    "mfcc": {
        "mean": [-668.82623291, 141.267959595, 9.91414451599, 29.3224906921, 10.3982019424, 0.339089632034, 4.67772006989, -6.4087395668, -2.98840141296, -0.018489535898, 0.655008792877, 1.63741898537, -3.82392978668],
        "cov": [[7911.81103516, -947.232849121, -1051.28955078, 150.67741394, 13.7952747345, -252.390228271, 146.424224854, 20.6860542297, 28.9926967621, 161.566650391, -5.80242204666, 8.08378219604, -81.5780639648], [-947.232849121, 1351.4609375, 0.908870398998, 1.77786767483, 57.0013847351, -14.4283180237, -41.0939064026, -21.3245048523, -92.7618713379, -20.4553508759, 2.59157752991, 20.1864070892, 20.8848800659], [-1051.28955078, 0.908870398998, 801.222900391, 111.706443787, 5.93945503235, 95.3361206055, 39.6376228333, -9.61567115784, -5.37842464447, -56.2025794983, 18.102437973, 15.4411821365, 21.2168388367], [150.67741394, 1.77786767483, 111.706443787, 339.445770264, 149.356399536, 11.6376981735, -10.2033996582, -9.35376167297, -7.61545228958, -19.1680545807, -21.2394943237, -7.16496706009, 9.75048351288], [13.7952747345, 57.0013847351, 5.93945503235, 149.356399536, 292.206604004, 42.5686950684, -52.5018959045, -41.7105636597, -13.5151929855, 2.48718905449, 1.52672922611, -4.13250780106, -0.391908675432], [-252.390228271, -14.4283180237, 95.3361206055, 11.6376981735, 42.5686950684, 207.548370361, 61.6105728149, -23.1459312439, -11.7243461609, -4.4399189949, 20.5393390656, -5.48086547852, -10.5514154434], [146.424224854, -41.0939064026, 39.6376228333, -10.2033996582, -52.5018959045, 61.6105728149, 178.23449707, 48.9427680969, -9.20180606842, 0.401318281889, 9.59226989746, -0.303925871849, -5.16643381119], [20.6860542297, -21.3245048523, -9.61567115784, -9.35376167297, -41.7105636597, -23.1459312439, 48.9427680969, 137.451538086, 60.6523590088, -9.48994350433, -11.7077150345, -15.329533577, -8.91931819916], [28.9926967621, -92.7618713379, -5.37842464447, -7.61545228958, -13.5151929855, -11.7243461609, -9.20180606842, 60.6523590088, 144.694198608, 34.483039856, -3.40152406693, -18.9483222961, -19.63048172], [161.566650391, -20.4553508759, -56.2025794983, -19.1680545807, 2.48718905449, -4.4399189949, 0.401318281889, -9.48994350433, 34.483039856, 121.756530762, 40.5532455444, -7.34920787811, -14.0133991241], [-5.80242204666, 2.59157752991, 18.102437973, -21.2394943237, 1.52672922611, 20.5393390656, 9.59226989746, -11.7077150345, -3.40152406693, 40.5532455444, 119.494766235, 41.8582687378, -15.019244194], [8.08378219604, 20.1864070892, 15.4411821365, -7.16496706009, -4.13250780106, -5.48086547852, -0.303925871849, -15.329533577, -18.9483222961, -7.34920787811, 41.8582687378, 90.6091156006, 29.5030632019], [-81.5780639648, 20.8848800659, 21.2168388367, 9.75048351288, -0.391908675432, -10.5514154434, -5.16643381119, -8.91931819916, -19.63048172, -14.0133991241, -15.019244194, 29.5030632019, 84.4853515625]],
