{
"lowlevel": {
    "average_loudness": 0.70142018795,
    "barkbands_crest": {
        "dmean": 2.35123205185,
        "dmean2": 3.75435113907,
        "dvar": 4.99740839005,
        "dvar2": 12.7848138809,
        "max": 26.0639438629,
        "mean": 12.41152668,
        "median": 11.8995714188,
        "min": 2.23475837708,
        "var": 20.337272644
    },
    "barkbands_flatness_db": {
        "dmean": 0.0244636796415,
        "dmean2": 0.0369372852147,
        "dvar": 0.000919962883927,
        "dvar2": 0.00199923734181,
        "max": 0.794733941555,
        "mean": 0.207946583629,
        "median": 0.176809027791,
        "min": 0.0228695981205,
        "var": 0.0127706369385
    },
    "barkbands_kurtosis": {
        "dmean": 5.0051856041,
        "dmean2": 7.65545892715,
        "dvar": 188.452056885,
        "dvar2": 426.29473877,
        "max": 487.386230469,
        "mean": 9.61244392395,
        "median": 4.76434469223,
        "min": -1.98914027214,
        "var": 464.884613037
    },
    "barkbands_skewness": {
        "dmean": 0.613539814949,
        "dmean2": 0.93874669075,
        "dvar": 0.514519333839,
        "dvar2": 1.15652596951,
        "max": 17.7976131439,
        "mean": 1.9748415947,
        "median": 1.83711016178,
        "min": -3.12268829346,
        "var": 2.29624390602
    },
    "barkbands_spread": {
        "dmean": 6.65033054352,
        "dmean2": 9.96095466614,
        "dvar": 133.382675171,
        "dvar2": 264.408294678,
        "max": 153.040924072,
        "mean": 18.8107128143,
        "median": 12.8875293732,
        "min": 0.0516076125205,
        "var": 367.682037354
    },
    "dissonance": {
        "dmean": 0.0304748825729,
        "dmean2": 0.0503031164408,
        "dvar": 0.00131094187964,
        "dvar2": 0.00346299423836,
        "max": 0.5,
        "mean": 0.409886240959,
        "median": 0.436625033617,
        "min": 0.0229339133948,
        "var": 0.0057590091601
    },
    "dynamic_complexity": 3.02132034302,
    "erbbands_crest": {
        "dmean": 2.38309168816,
        "dmean2": 3.65451049805,
        "dvar": 5.66249513626,
        "dvar2": 12.6774492264,
        "max": 33.343132019,
        "mean": 11.0911550522,
        "median": 9.94235897064,
        "min": 2.38216876984,
        "var": 33.6414794922
    },
    "erbbands_flatness_db": {
        "dmean": 0.0195737667382,
        "dmean2": 0.0283289086074,
        "dvar": 0.000698501069564,
        "dvar2": 0.0013699560659,
        "max": 0.723790347576,
        "mean": 0.183874547482,
        "median": 0.160812824965,
        "min": 0.0354004241526,
        "var": 0.0109142307192
    },
    "erbbands_kurtosis": {
        "dmean": 2.14613008499,
        "dmean2": 3.14369750023,
        "dvar": 50.0986251831,
        "dvar2": 92.2692184448,
        "max": 481.176757812,
        "mean": 3.82479214668,
        "median": 0.404452562332,
        "min": -1.94260942936,
        "var": 223.107223511
    },
    "erbbands_skewness": {
        "dmean": 0.449221074581,
        "dmean2": 0.647788465023,
        "dvar": 0.30531206727,
        "dvar2": 0.65364587307,
        "max": 17.7332000732,
        "mean": 0.830521821976,
        "median": 0.641383707523,
        "min": -3.89899516106,
        "var": 1.75380027294
    },
    "erbbands_spread": {
        "dmean": 9.02209758759,
        "dmean2": 13.5165805817,
        "dvar": 181.476135254,
        "dvar2": 375.815582275,
        "max": 203.392044067,
        "mean": 36.9458274841,
        "median": 34.583442688,
        "min": 0.238925039768,
        "var": 696.73449707
    },
    "hfc": {
        "dmean": 13.0454692841,
        "dmean2": 19.6799163818,
        "dvar": 1205.74060059,
        "dvar2": 2838.12915039,
        "max": 470.609436035,
        "mean": 25.0001716614,
        "median": 15.0581026077,
        "min": 1.06858460547e-16,
        "var": 1577.5213623
    },
    "melbands_crest": {
        "dmean": 2.61449790001,
        "dmean2": 4.1663236618,
        "dvar": 5.78617429733,
        "dvar2": 14.993388176,
        "max": 39.5955619812,
        "mean": 16.0003509521,
        "median": 15.608997345,
        "min": 1.5641067028,
        "var": 25.4623126984
    },
    "melbands_flatness_db": {
        "dmean": 0.029689470306,
        "dmean2": 0.0445763543248,
        "dvar": 0.00145450397395,
        "dvar2": 0.0031131086871,
        "max": 0.911292374134,
        "mean": 0.313056617975,
        "median": 0.277807861567,
        "min": 0.00264771119691,
        "var": 0.0186780113727
    },
    "melbands_kurtosis": {
        "dmean": 9.41372776031,
        "dmean2": 14.723484993,
        "dvar": 388.802276611,
        "dvar2": 935.909851074,
        "max": 667.590637207,
        "mean": 19.8319835663,
        "median": 11.0064086914,
        "min": -1.79321050644,
        "var": 1055.24719238
    },
    "melbands_skewness": {
        "dmean": 0.764609873295,
        "dmean2": 1.17028903961,
        "dvar": 0.836378931999,
        "dvar2": 1.91982924938,
        "max": 21.273267746,
        "mean": 2.89232087135,
        "median": 2.60705399513,
        "min": -3.22883415222,
        "var": 3.98829889297
    },
    "melbands_spread": {
        "dmean": 5.11445426941,
        "dmean2": 7.83547973633,
        "dvar": 122.647483826,
        "dvar2": 253.722000122,
        "max": 183.031799316,
        "mean": 14.4249629974,
        "median": 9.31389331818,
        "min": 0.190465047956,
        "var": 340.653625488
    },
    "pitch_salience": {
        "dmean": 0.06451164186,
        "dmean2": 0.102905243635,
        "dvar": 0.00407329155132,
        "dvar2": 0.0103892656043,
        "max": 0.881346404552,
        "mean": 0.478518486023,
        "median": 0.475125521421,
        "min": 0.0359948836267,
        "var": 0.0164341144264
    },
    "silence_rate_20dB": {
        "dmean": 0,
        "dmean2": 0,
        "dvar": 0,
        "dvar2": 0,
        "max": 1,
        "mean": 1,
        "median": 1,
        "min": 1,
        "var": 0
    },
    "silence_rate_30dB": {
        "dmean": 0.025784349069,
        "dmean2": 0.0515733473003,
        "dvar": 0.025123577565,
        "dvar2": 0.0617271736264,
        "max": 1,
        "mean": 0.966194868088,
        "median": 1,
        "min": 0,
        "var": 0.0326542705297
    },
    "silence_rate_60dB": {
        "dmean": 0.00216372171417,
        "dmean2": 0.00432783318684,
        "dvar": 0.00215881085023,
        "dvar2": 0.00485039642081,
        "max": 1,
        "mean": 0.0436311177909,
        "median": 0,
        "min": 0,
        "var": 0.0417284853756
    },
    "spectral_centroid": {
        "dmean": 207.538787842,
        "dmean2": 304.594818115,
        "dvar": 126578.164062,
        "dvar2": 232354.71875,
        "max": 11751.0019531,
        "mean": 993.018005371,
        "median": 717.21105957,
        "min": 121.412452698,
        "var": 776676.75
    },
    "spectral_complexity": {
        "dmean": 2.69798064232,
        "dmean2": 4.23262119293,
        "dvar": 17.9359779358,
        "dvar2": 31.2011814117,
        "max": 63,
        "mean": 14.6191291809,
        "median": 13,
        "min": 0,
        "var": 94.8906402588
    },
    "spectral_decrease": {
        "dmean": 2.97792701609e-09,
        "dmean2": 4.82964557236e-09,
        "dvar": 2.16215631893e-17,
        "dvar2": 5.69901700188e-17,
        "max": 5.86005980272e-17,
        "mean": -9.74014735533e-09,
        "median": -7.90507570514e-09,
        "min": -6.62871002532e-08,
        "var": 6.04854911804e-17
    },
    "spectral_energy": {
        "dmean": 0.0120205814019,
        "dmean2": 0.0193750299513,
        "dvar": 0.000334108364768,
        "dvar2": 0.000874017947353,
        "max": 0.254213809967,
        "mean": 0.0390291288495,
        "median": 0.0319279581308,
        "min": 9.77352910161e-21,
        "var": 0.00092596426839
    },
    "spectral_energyband_high": {
        "dmean": 0.00122203910723,
        "dmean2": 0.00184920069296,
        "dvar": 1.37912074933e-05,
        "dvar2": 3.11451367452e-05,
        "max": 0.0472951047122,
        "mean": 0.00165724870749,
        "median": 0.000346951885149,
        "min": 7.26325727795e-21,
        "var": 1.95056545635e-05
    },
    "spectral_energyband_low": {
        "dmean": 0.00887546595186,
        "dmean2": 0.0147067764774,
        "dvar": 0.000268483243417,
        "dvar2": 0.000721378717571,
        "max": 0.238301545382,
        "mean": 0.0210090838373,
        "median": 0.0126649811864,
        "min": 3.26577623144e-23,
        "var": 0.000673675909638
    },
    "spectral_energyband_middle_high": {
        "dmean": 0.000957543612458,
        "dmean2": 0.00148242188152,
        "dvar": 4.52055292044e-06,
        "dvar2": 1.10575056169e-05,
        "max": 0.0358277931809,
        "mean": 0.00252577685751,
        "median": 0.00170903257094,
        "min": 1.3166186958e-21,
        "var": 1.01064160845e-05
    },
    "spectral_energyband_middle_low": {
        "dmean": 0.0049427235499,
        "dmean2": 0.00758774532005,
        "dvar": 6.21518920525e-05,
        "dvar2": 0.000160803334438,
        "max": 0.193081632257,
        "mean": 0.0149352941662,
        "median": 0.0117873307317,
        "min": 1.83036353991e-22,
        "var": 0.000161234755069
    },
    "spectral_entropy": {
        "dmean": 0.222464576364,
        "dmean2": 0.329534649849,
        "dvar": 0.104919299483,
        "dvar2": 0.212788283825,
        "max": 9.8178691864,
        "mean": 6.86293029785,
        "median": 7.22366714478,
        "min": 3.0160548687,
        "var": 1.05787718296
    },
    "spectral_flux": {
        "dmean": 0.0249674282968,
        "dmean2": 0.0399642325938,
        "dvar": 0.00104522332549,
        "dvar2": 0.00235753087327,
        "max": 0.404735028744,
        "mean": 0.0755689665675,
        "median": 0.0648022070527,
        "min": 6.44304679054e-11,
        "var": 0.0025783746969
    },
    "spectral_kurtosis": {
        "dmean": 7.71842193604,
        "dmean2": 12.6519422531,
        "dvar": 550.380249023,
        "dvar2": 1493.07019043,
        "max": 759.907104492,
        "mean": 25.4282569885,
        "median": 4.83334589005,
        "min": -1.26293754578,
        "var": 3324.79296875
    },
    "spectral_rms": {
        "dmean": 0.000858001061715,
        "dmean2": 0.00135798216797,
        "dvar": 1.14235399451e-06,
        "dvar2": 2.88963860839e-06,
        "max": 0.015748443082,
        "mean": 0.00570675265044,
        "median": 0.00558114936575,
        "min": 3.08790384755e-12,
        "var": 5.51036646357e-06
    },
    "spectral_rolloff": {
        "dmean": 574.278686523,
        "dmean2": 997.202331543,
        "dvar": 2905197,
        "dvar2": 6926677,
        "max": 19401.4160156,
        "mean": 1181.65893555,
        "median": 516.796875,
        "min": 21.533203125,
        "var": 5403167
    },
    "spectral_skewness": {
        "dmean": 0.495668232441,
        "dmean2": 0.77915263176,
        "dvar": 0.848013699055,
        "dvar2": 2.02538347244,
        "max": 22.750164032,
        "mean": 2.94978666306,
        "median": 1.76055681705,
        "min": -0.0784807503223,
        "var": 8.51587677002
    },
    "spectral_spread": {
        "dmean": 934378.5625,
        "dmean2": 1356716.25,
        "dvar": 3.27444044186e+12,
        "dvar2": 5.69492688077e+12,
        "max": 42108892,
        "mean": 5064308.5,
        "median": 4392309.5,
        "min": 167564.953125,
        "var": 1.37200129802e+13
    },
    "spectral_strongpeak": {
        "dmean": 0.313737630844,
        "dmean2": 0.53195130825,
        "dvar": 0.291894495487,
        "dvar2": 0.753443539143,
        "max": 13.9781236649,
        "mean": 0.809149324894,
        "median": 0.539370834827,
        "min": 0,
        "var": 0.605251729488
    },
    "zerocrossingrate": {
        "dmean": 0.0148009266704,
        "dmean2": 0.0159302260727,
        "dvar": 0.000484550895635,
        "dvar2": 0.000549511285499,
        "max": 0.6689453125,
        "mean": 0.0556532777846,
        "median": 0.03515625,
        "min": 0.0029296875,
        "var": 0.00466439826414
    },
    "barkbands": {
        "dmean": [7.34132554499e-05, 0.00639410456643, 0.00343295861967, 0.0013046982931, 0.00188942917157, 0.00128078833222, 0.000773146050051, 0.000961466808803, 0.000457584828837, 0.000294884201139, 0.000217780689127, 0.000145126890857, 9.03263353393e-05, 0.00015001113934, 0.000113580172183, 0.000176151050255, 0.000152958775288, 0.000130693224492, 0.000138166768011, 0.000241921821726, 0.000232587961364, 0.000206205178984, 0.000160825249623, 0.000142103090184, 0.000144930847455, 0.00018959461886, 0.000110384600703],
        "dmean2": [0.0001276897965, 0.0105817848817, 0.00553805846721, 0.00231501762755, 0.0027921369765, 0.00188632565551, 0.00122616672888, 0.00132935144939, 0.000667177373543, 0.000419989228249, 0.000335126445862, 0.000231184545555, 0.000150041130837, 0.000249241857091, 0.000187135665328, 0.0002885464055, 0.000246683805017, 0.000216226631892, 0.000221760594286, 0.000388914253563, 0.000354034913471, 0.000326852023136, 0.000247264222708, 0.000223059483687, 0.00021946959896, 0.000287446542643, 0.000176326546352],
        "dvar": [1.55372532618e-08, 0.000139530733577, 7.4386196502e-05, 1.92535553651e-05, 1.42604594657e-05, 7.21016021998e-06, 3.97742178393e-06, 4.75289834867e-06, 1.41994587466e-06, 3.67127483969e-07, 1.75678181336e-07, 1.5839741252e-07, 4.93031286908e-08, 7.88784362271e-08, 1.20130280834e-07, 2.3442788688e-07, 3.41027657669e-07, 1.41388227348e-07, 1.43561720733e-07, 1.04725609162e-06, 9.66209427133e-07, 6.03293187851e-07, 3.54378272505e-07, 3.07514852693e-07, 2.27729529456e-07, 3.25744309748e-07, 2.85103652686e-07],
        "dvar2": [4.49466206476e-08, 0.000381712801754, 0.00018814879877, 5.41252084076e-05, 2.8533704608e-05, 1.67388316186e-05, 1.00411225503e-05, 1.0057144209e-05, 2.93729203804e-06, 6.80509572248e-07, 3.92182698761e-07, 3.34240041866e-07, 1.22870758901e-07, 2.06969502869e-07, 2.88251527536e-07, 5.66909875488e-07, 9.3585816785e-07, 3.57055824907e-07, 3.38414935186e-07, 2.26706174544e-06, 2.04793900593e-06, 1.40969939366e-06, 7.71045506553e-07, 7.46836121834e-07, 5.71307054997e-07, 7.88233876392e-07, 7.83357222645e-07],
        "max": [0.00412419019267, 0.221554338932, 0.135561138391, 0.0777399763465, 0.163155183196, 0.0565487742424, 0.0535594299436, 0.0463805198669, 0.0313646346331, 0.0130305960774, 0.0156983528286, 0.0293996296823, 0.00777483824641, 0.00556337321177, 0.0149018848315, 0.0107917375863, 0.0256491135806, 0.00914908852428, 0.00815070234239, 0.043076582253, 0.0206832159311, 0.0108357612044, 0.00927752908319, 0.0101056946442, 0.00908530689776, 0.010409696959, 0.0127788837999],
        "mean": [8.91551972018e-05, 0.0141691854224, 0.00584858004004, 0.00148306787014, 0.00473454687744, 0.00293276342563, 0.00193013309035, 0.00252348952927, 0.000915760581847, 0.000574411824346, 0.00039379496593, 0.000247757328907, 0.000150122781633, 0.000221829483053, 0.000169626480783, 0.000242255307967, 0.000222630987992, 0.000186053861398, 0.00021614151774, 0.000356747099431, 0.000332750554662, 0.000251422199653, 0.000198277339223, 0.000156259411597, 0.000157684655278, 0.000203744770261, 0.000121009070426],
        "median": [4.20014475822e-05, 0.00660359393805, 0.00257876119576, 0.00062098656781, 0.00236178352498, 0.00135884038173, 0.000863321358338, 0.000772206694819, 0.000267089053523, 0.000196864173631, 0.000165866455063, 0.000107244239189, 6.33328090771e-05, 7.14122361387e-05, 4.28338062193e-05, 3.49419860868e-05, 5.15007559443e-05, 4.10889042541e-05, 4.51899613836e-05, 5.82835309615e-05, 3.84625091101e-05, 1.89210568351e-05, 1.12345096568e-05, 8.88706654223e-06, 5.74373916606e-06, 5.55692804483e-06, 3.45935859514e-06],
        "min": [9.11418631279e-25, 1.09370468467e-23, 3.18168350117e-24, 1.33437291372e-24, 8.00785326664e-24, 1.00999967954e-23, 1.41699408313e-23, 9.42610842282e-24, 2.17193460052e-23, 2.08175770163e-23, 1.83231657018e-23, 3.8775432277e-23, 4.20591983236e-23, 3.18354063752e-23, 4.92654553145e-23, 8.12468482888e-23, 7.70046383305e-23, 8.97909881315e-23, 1.52215848725e-22, 2.01888930557e-22, 2.60798904635e-22, 3.75252398346e-22, 3.65655331143e-22, 6.83309599541e-22, 8.76650496438e-22, 1.3446079351e-21, 1.90183544864e-21],
        "var": [2.22162555019e-08, 0.000444925215561, 9.92260465864e-05, 1.32528175527e-05, 6.44071915303e-05, 2.06439508474e-05, 1.50962277985e-05, 1.95559350686e-05, 3.98639258492e-06, 1.28208830574e-06, 4.85138741624e-07, 3.40376402619e-07, 9.99437048677e-08, 1.3543750299e-07, 2.33383616433e-07, 3.69057232774e-07, 5.68764789932e-07, 1.74391502128e-07, 2.05686220056e-07, 1.93296637008e-06, 1.58872467182e-06, 8.24610594918e-07, 5.24313975347e-07, 3.3780648323e-07, 2.12024659163e-07, 3.23599891772e-07, 2.05874229664e-07]
    },
    "erbbands": {
        "dmean": [0.140033990145, 1.6017421484, 3.76052355766, 4.23570823669, 4.48945903778, 7.42892169952, 9.30148410797, 9.91476535797, 12.3464775085, 19.0459117889, 14.5368070602, 8.89513111115, 10.9222669601, 4.88126564026, 8.88881015778, 5.60030126572, 4.60005140305, 6.76519107819, 5.45911312103, 6.97592163086, 8.55530166626, 7.70667886734, 7.15036535263, 7.15930700302, 7.31983757019, 11.2242898941, 10.6606893539, 8.33062934875, 7.82181119919, 5.98745632172, 4.51477527618, 3.12765645981, 2.24896645546, 1.8069024086, 0.92411583662, 0.70929068327, 0.365346044302, 0.118682451546, 0.0182723104954, 0.00103597273119],
        "dmean2": [0.232220366597, 2.64228057861, 6.10213327408, 7.16983938217, 7.25483703613, 10.845741272, 13.7340888977, 14.6859436035, 19.1503410339, 26.544757843, 21.0765800476, 13.2910718918, 15.4393634796, 7.46980190277, 13.6231279373, 8.92047786713, 7.50715017319, 11.1777105331, 9.03050613403, 11.4213581085, 13.9203243256, 12.4019641876, 11.6470108032, 11.5741271973, 11.8785390854, 17.6904678345, 16.4116840363, 13.0836343765, 12.396490097, 9.21650791168, 7.08498430252, 4.87697219849, 3.57355070114, 2.75906586647, 1.44790697098, 1.1095405817, 0.558618307114, 0.188164621592, 0.028660653159, 0.00165396789089],
        "dvar": [0.0635893568397, 9.23247146606, 74.3729782104, 182.505584717, 124.434165955, 291.072479248, 422.439910889, 538.875427246, 810.510070801, 2169.93701172, 1460.92053223, 527.393859863, 566.020202637, 122.05973053, 347.590393066, 258.184448242, 122.749549866, 153.534225464, 217.544555664, 312.361297607, 566.989440918, 670.66015625, 468.13092041, 339.796173096, 413.882171631, 3227.609375, 2177.91625977, 1050.85839844, 905.179748535, 493.981384277, 275.123138428, 133.546203613, 86.9321289062, 33.5423049927, 11.798915863, 4.88956356049, 1.154099226, 0.362149000168, 0.00688277604058, 2.74074300251e-05],
        "dvar2": [0.169016957283, 25.4634132385, 192.289291382, 487.194213867, 305.736846924, 537.120727539, 994.36138916, 1254.07067871, 2144.65869141, 4982.61474609, 3455.69262695, 1173.15783691, 1014.23071289, 295.489349365, 718.77142334, 568.774902344, 283.640441895, 393.225952148, 560.979736328, 759.037414551, 1438.69006348, 1695.55310059, 1163.87634277, 781.313964844, 1006.87799072, 6642.80957031, 4728.04345703, 2472.9074707, 2163.6159668, 1051.91345215, 636.618774414, 306.172424316, 222.040863037, 84.3190002441, 30.2830047607, 12.3220920563, 2.76321578026, 0.994932293892, 0.0187916960567, 7.41092881071e-05],
        "max": [5.72944164276, 54.884223938, 146.949905396, 228.657577515, 634.223815918, 454.035064697, 459.870941162, 579.053710938, 601.420654297, 1182.46130371, 1265.60839844, 749.594787598, 764.907287598, 375.023010254, 822.848693848, 1073.16125488, 607.737487793, 236.623077393, 511.960754395, 388.65512085, 559.704284668, 1091.80834961, 626.446411133, 363.314544678, 401.505950928, 2601.80493164, 1137.73071289, 738.798156738, 442.928283691, 309.75793457, 322.451568604, 171.168884277, 229.527114868, 135.651168823, 78.2358093262, 44.1867980957, 17.9892425537, 20.5596561432, 2.01953125, 0.179328411818],
        "mean": [0.296756714582, 3.5777823925, 7.29983282089, 6.06039428711, 9.20435810089, 17.2317409515, 19.5727710724, 23.1363868713, 31.6953601837, 51.3344612122, 36.1597328186, 19.0235271454, 22.4670982361, 9.91221141815, 15.9634017944, 10.2289972305, 8.16587257385, 10.8133716583, 8.93201446533, 10.9150381088, 12.914935112, 11.8401355743, 10.4819297791, 10.9548683167, 11.6659269333, 16.740234375, 15.8249511719, 11.1591434479, 9.29683303833, 7.51041984558, 5.49038982391, 3.62934160233, 2.45043706894, 1.95105528831, 0.997114598751, 0.754870831966, 0.384963691235, 0.124503038824, 0.0205861665308, 0.00115242588799],
        "median": [0.12181160599, 1.70408427715, 3.46828269958, 3.12762928009, 3.18457460403, 8.28686714172, 8.99768161774, 10.787987709, 14.370349884, 15.212770462, 13.6835517883, 7.01177453995, 8.02709579468, 4.48934316635, 5.97849225998, 5.03346586227, 3.87308931351, 4.1228518486, 3.13285684586, 3.07396626472, 2.82507872581, 3.08092188835, 2.70108532906, 2.56293082237, 2.48289394379, 2.56065106392, 1.91522693634, 1.48917043209, 0.808775663376, 0.521422922611, 0.329091876745, 0.202355951071, 0.134533569217, 0.0764958485961, 0.0354694649577, 0.0223276242614, 0.0103511186317, 0.00388632901013, 0.000568673480302, 8.03593138698e-05],
        "min": [1.68721317973e-22, 1.38793909275e-21, 4.45976164014e-21, 9.68071038959e-21, 1.32223455745e-20, 2.04224123929e-20, 7.34728121828e-20, 7.96979149789e-20, 1.46903515703e-19, 2.8335966272e-19, 4.63118365839e-19, 4.91430224966e-19, 6.04832809538e-19, 9.33178638173e-19, 1.01753234569e-18, 1.95609127676e-18, 2.30550808394e-18, 2.78835139866e-18, 3.74235906504e-18, 3.84756858074e-18, 4.95503686232e-18, 5.42031520353e-18, 5.44752696414e-18, 8.50346715506e-18, 8.59420390518e-18, 9.07671572727e-18, 1.01279315913e-17, 1.19887124295e-17, 1.32156851486e-17, 1.29382562157e-17, 1.08916351908e-17, 1.18168102362e-17, 1.17730722341e-17, 7.71766790701e-18, 5.69237242546e-18, 4.41956645587e-18, 2.47131147464e-18, 8.49062434887e-19, 2.43815776549e-19, 2.91730123059e-20],
        "var": [0.218452557921, 27.9780693054, 121.654525757, 147.890701294, 570.899780273, 897.192932129, 1058.1270752, 1507.10827637, 2619.53442383, 8538.10546875, 4095.76391602, 1550.43054199, 2146.48999023, 335.265594482, 1030.93469238, 505.323120117, 253.983001709, 270.724487305, 422.257781982, 529.518676758, 954.212097168, 1335.05102539, 581.966003418, 500.247039795, 586.258972168, 6223.43261719, 3571.7277832, 1400.37182617, 1162.3001709, 755.044494629, 379.907287598, 173.85760498, 82.1267700195, 31.347743988, 10.2406358719, 4.54013824463, 1.15714347363, 0.253000915051, 0.00517969438806, 2.0183462766e-05]
    },
    "gfcc": {
        "mean": [-43.9435157776, 108.224273682, -62.2256813049, 12.5751094818, -45.030254364, -3.30850720406, -25.3678531647, 5.56272602081, -15.2778978348, 6.63178634644, -10.8051691055, 1.43801450729, -12.444475174],
        "cov": [[27071.0507812, -4016.18066406, -2993.91235352, 2504.75170898, 143.163452148, 1517.72912598, 248.985961914, 840.101135254, -230.236221313, 472.006439209, -124.937408447, 96.4181060791, 91.8464889526], [-4016.18066406, 4168.85839844, 41.8931427002, -933.122253418, 408.054412842, -525.403381348, 128.206329346, -289.866333008, 187.999755859, -290.252716064, 134.968978882, -125.353317261, 1.64219498634], [-2993.91235352, 41.8931427002, 2004.09155273, -640.339172363, -93.8086776733, -6.46712493896, -300.726104736, -199.610321045, -174.376403809, -37.1726646423, -3.60105848312, 47.1428184509, -64.0524368286], [2504.75170898, -933.122253418, -640.339172363, 1072.50964355, -40.4717597961, 210.586746216, 132.354614258, 39.0737419128, -51.6864280701, 64.7392807007, -29.5593986511, 27.0611934662, 53.754863739], [143.163452148, 408.054412842, -93.8086776733, -40.4717597961, 440.473175049, 95.0288619995, 48.0416641235, 10.895778656, -17.7144432068, -42.4866104126, 21.1349430084, 2.57375383377, 20.7498168945], [1517.72912598, -525.403381348, -6.46712493896, 210.586746216, 95.0288619995, 399.877716064, 14.6265611649, 55.4589691162, -57.1783943176, 11.0820102692, 2.52681326866, 49.1832809448, -3.53205657005], [248.985961914, 128.206329346, -300.726104736, 132.354614258, 48.0416641235, 14.6265611649, 307.066009521, 96.7719192505, 50.3961753845, 33.5091552734, -0.311472147703, -41.3817558289, 9.64588069916], [840.101135254, -289.866333008, -199.610321045, 39.0737419128, 10.895778656, 55.4589691162, 96.7719192505, 268.923278809, 83.351776123, 52.0427398682, -14.2989397049, -8.64014816284, -1.95909869671], [-230.236221313, 187.999755859, -174.376403809, -51.6864280701, -17.7144432068, -57.1783943176, 50.3961753845, 83.351776123, 184.575683594, 26.7795848846, 20.3122138977, -25.1028137207, -18.9252185822], [472.006439209, -290.252716064, -37.1726646423, 64.7392807007, -42.4866104126, 11.0820102692, 33.5091552734, 52.0427398682, 26.7795848846, 166.926925659, 29.1874332428, -8.72955131531, -21.9370079041], [-124.937408447, 134.968978882, -3.60105848312, -29.5593986511, 21.1349430084, 2.52681326866, -0.311472147703, -14.2989397049, 20.3122138977, 29.1874332428, 99.7101593018, 36.8326034546, -17.4546031952], [96.4181060791, -125.353317261, 47.1428184509, 27.0611934662, 2.57375383377, 49.1832809448, -41.3817558289, -8.64014816284, -25.1028137207, -8.72955131531, 36.8326034546, 106.339706421, 37.4722175598], [91.8464889526, 1.64219498634, -64.0524368286, 53.754863739, 20.7498168945, -3.53205657005, 9.64588069916, -1.95909869671, -18.9252185822, -21.9370079041, -17.4546031952, 37.4722175598, 102.920310974]],
        "icov": [[7.43070850149e-05, -1.47998334796e-05, 0.000104905251646, -6.79741278873e-05, 3.07425070787e-05, -0.000222612317884, 0.000133459136123, -0.000184250340681, 0.000190342019778, -0.000173875509063, 7.1916860179e-05, 2.93867833534e-05, 4.29855208495e-06], [-1.47998334796e-05, 0.000658058503177, -1.81940333732e-06, 0.000394099042751, -0.000506706885062, 0.000539948639926, -0.000509792240337, 0.000745561846998, -0.000617803889327, 0.00102279358543, -0.00112359970808, 0.000779685156886, -0.000391632696847], [0.000104905251646, -1.81940333732e-06, 0.00098702008836, 0.000462523894385, 0.000228273434914, -0.000526468793396, 0.000487385055749, 8.98324797163e-05, 0.00089581462089, -0.00047561241081, 0.000451893894933, -0.00035711567034, 0.000441060081357], [-6.79741278873e-05, 0.000394099042751, 0.000462523894385, 0.00186300382484, 9.68236709014e-05, -0.000329961039824, -0.000777610228397, 0.0010089710122, 7.78361718403e-05, 7.1904163633e-05, -6.06345784036e-05, 1.81969990081e-05, -0.000556844868697], [3.07425070787e-05, -0.000506706885062, 0.000228273434914, 9.68236709014e-05, 0.00319355609827, -0.00141298270319, 6.43743042019e-05, -0.000670332927257, 0.000989206833765, 1.07750031475e-06, -0.000458144786535, 0.000431860709796, -0.000691800378263], [-0.000222612317884, 0.000539948639926, -0.000526468793396, -0.000329961039824, -0.00141298270319, 0.00473489239812, -0.000791468424723, 1.32564855448e-05, -7.14527413948e-05, 0.00125246087555, -0.000532633916009, -0.00148015015293, 0.0012589241378], [0.000133459136123, -0.000509792240337, 0.000487385055749, -0.000777610228397, 6.43743042019e-05, -0.000791468424723, 0.00518172280863, -0.00210055545904, 0.000599743390922, -0.00123654108029, -0.000243439324549, 0.0018946438795, -0.000851650780533], [-0.000184250340681, 0.000745561846998, 8.98324797163e-05, 0.0010089710122, -0.000670332927257, 1.32564855448e-05, -0.00210055545904, 0.00694210035726, -0.00345494318753, -0.000169320148416, 0.00120121485088, -0.000718315015547, -6.00755265623e-05], [0.000190342019778, -0.000617803889327, 0.00089581462089, 7.78361718403e-05, 0.000989206833765, -7.14527413948e-05, 0.000599743390922, -0.00345494318753, 0.0091430330649, -0.00132893503178, -0.00115572637878, 0.000755237764679, 0.000959998578764], [-0.000173875509063, 0.00102279358543, -0.00047561241081, 7.1904163633e-05, 1.07750031475e-06, 0.00125246087555, -0.00123654108029, -0.000169320148416, -0.00132893503178, 0.00960831996053, -0.00527997361496, 0.00284420396201, -0.000166662634001], [7.1916860179e-05, -0.00112359970808, 0.000451893894933, -6.06345784036e-05, -0.000458144786535, -0.000532633916009, -0.000243439324549, 0.00120121485088, -0.00115572637878, -0.00527997361496, 0.0187015105039, -0.0106464307755, 0.00609640963376], [2.93867833534e-05, 0.000779685156886, -0.00035711567034, 1.81969990081e-05, 0.000431860709796, -0.00148015015293, 0.0018946438795, -0.000718315015547, 0.000755237764679, 0.00284420396201, -0.0106464307755, 0.0189139544964, -0.0085463616997], [4.29855208495e-06, -0.000391632696847, 0.000441060081357, -0.000556844868697, -0.000691800378263, 0.0012589241378, -0.000851650780533, -6.00755265623e-05, 0.000959998578764, -0.000166662634001, 0.00609640963376, -0.0085463616997, 0.0148319080472]]
    },
    "melbands": {
        "dmean": [0.00154435518198, 0.00195459742099, 0.00070624880027, 0.000410471489886, 0.000326600682456, 0.000237046275288, 0.000176720073796, 0.000221424037591, 0.000121307282825, 5.28205528099e-05, 5.42747693544e-05, 1.89048187167e-05, 2.71584267466e-05, 1.59393966896e-05, 1.80597689905e-05, 8.77583988768e-06, 1.47024484249e-05, 9.150689948e-06, 9.81996709015e-06, 1.39938629218e-05, 9.61224213825e-06, 9.12765881367e-06, 7.52976166041e-06, 5.42103452972e-06, 6.20214086666e-06, 5.48927391719e-06, 6.3283041527e-06, 8.67866856424e-06, 6.92683533998e-06, 6.5792883106e-06, 4.4377420636e-06, 4.78422680317e-06, 3.76006823899e-06, 3.24822940456e-06, 2.91161518362e-06, 1.99407440959e-06, 2.01688908419e-06, 1.49050606524e-06, 1.90513799225e-06, 1.38000405059e-06],
        "dmean2": [0.00255347951315, 0.00321029243059, 0.00117738253903, 0.000622475636192, 0.000474555155961, 0.00035033916356, 0.000273759127595, 0.000305566238239, 0.000176346089575, 7.87826502346e-05, 7.65489821788e-05, 2.91008782369e-05, 4.20454962295e-05, 2.45988849201e-05, 2.91497726721e-05, 1.44603754961e-05, 2.43585418502e-05, 1.5387113308e-05, 1.60481431521e-05, 2.30785008171e-05, 1.57074628078e-05, 1.47126884258e-05, 1.24587004393e-05, 8.80123752722e-06, 1.00553188531e-05, 8.92656498763e-06, 1.03940210465e-05, 1.38418781717e-05, 1.08515423562e-05, 1.0188982742e-05, 7.14301222615e-06, 7.73284682509e-06, 5.84747976973e-06, 4.97979317515e-06, 4.54934252048e-06, 3.22326991409e-06, 3.12871884489e-06, 2.4047185434e-06, 3.0300770959e-06, 2.10316488847e-06],
        "dvar": [7.98517885414e-06, 1.55890120368e-05, 4.41515749117e-06, 8.02824331458e-07, 4.26742388981e-07, 2.67766495199e-07, 1.7740275382e-07, 2.80621947013e-07, 1.1554721624e-07, 1.83156831923e-08, 1.40190357101e-08, 1.907336733e-09, 2.93469248902e-09, 1.31311572726e-09, 2.83785861477e-09, 6.07987937773e-10, 7.55557227894e-10, 5.79685577318e-10, 8.46722580938e-10, 1.64099445144e-09, 9.92865345495e-10, 1.30876676163e-09, 5.55836654481e-10, 2.19065557361e-10, 2.49008036413e-10, 2.46616532751e-10, 3.91855492499e-10, 2.40223174686e-09, 7.7563588885e-10, 9.2253971129e-10, 2.99345798149e-10, 3.58089585761e-10, 2.12067502448e-10, 1.53002790992e-10, 1.17131485067e-10, 5.57054090355e-11, 5.76210121284e-11, 3.86943983799e-11, 4.9118188683e-11, 1.8669435789e-11],
        "dvar2": [2.12554004975e-05, 4.20689138991e-05, 1.16359096864e-05, 1.67053678979e-06, 9.48118383803e-07, 6.29433259292e-07, 4.53222781971e-07, 6.17806847458e-07, 2.68021921102e-07, 3.9808814023e-08, 2.51088909664e-08, 4.56664128734e-09, 6.38569952471e-09, 2.97650948333e-09, 5.23452925449e-09, 1.48245771214e-09, 1.92648963449e-09, 1.56307000676e-09, 1.96111860085e-09, 3.9850136524e-09, 2.68244315649e-09, 3.45343442731e-09, 1.40819955696e-09, 5.37869915274e-10, 5.76692915644e-10, 6.19143514236e-10, 9.82023240503e-10, 4.95930363442e-09, 1.74588399293e-09, 2.03141925503e-09, 7.24285076359e-10, 8.9830631822e-10, 4.83352413649e-10, 3.24155036147e-10, 2.74710976189e-10, 1.35456562633e-10, 1.33226527033e-10, 9.85881445925e-11, 1.2873239974e-10, 4.65283506168e-11],
        "max": [0.0570488795638, 0.0640167444944, 0.0352299660444, 0.0399261265993, 0.0138111263514, 0.0131585085765, 0.00943061988801, 0.0134452171624, 0.0118125621229, 0.00489613972604, 0.00380138657056, 0.00140645087231, 0.00212238077074, 0.00197934219614, 0.00492956954986, 0.00108179927338, 0.00054234045092, 0.000580094580073, 0.00132295337971, 0.00102774822153, 0.00100211251993, 0.00167929753661, 0.000485419179313, 0.000472603569506, 0.00031653046608, 0.000281421293039, 0.000408385240007, 0.0023527557496, 0.000627725850791, 0.000769444799516, 0.000419002579292, 0.000302699714666, 0.000420947530074, 0.000188328674994, 0.00024861030397, 0.00011974782683, 0.000126188897411, 0.000147334081703, 0.00017513120838, 9.48686792981e-05],
        "mean": [0.0034682310652, 0.0043031736277, 0.00114136107732, 0.000936316559091, 0.000743185926694, 0.000559892388992, 0.000461830786662, 0.00058777758386, 0.000278834952042, 0.00011115209054, 0.000108550608275, 3.55186639354e-05, 4.86329736304e-05, 2.94533238048e-05, 2.82780547423e-05, 1.44508485391e-05, 2.19299581659e-05, 1.36597718665e-05, 1.45893964145e-05, 1.90930859389e-05, 1.38304494612e-05, 1.3419192328e-05, 9.74764679995e-06, 8.30385215522e-06, 8.86842190084e-06, 8.03508373792e-06, 8.63479544932e-06, 1.23110203276e-05, 1.00085499071e-05, 8.85643657966e-06, 5.54444613954e-06, 5.41570216228e-06, 4.49137678515e-06, 3.97863232138e-06, 3.40285168932e-06, 2.39388941736e-06, 2.17911406253e-06, 1.59867261118e-06, 1.92339734895e-06, 1.51520214331e-06],
        "median": [0.00153835653327, 0.00243336660787, 0.000600545201451, 0.000416138413129, 0.000371144298697, 0.000268083269475, 0.000202605835511, 0.000156745896675, 9.80282857199e-05, 3.80097080779e-05, 3.56268828909e-05, 1.26196500787e-05, 2.00034046429e-05, 1.38418363349e-05, 1.06531861093e-05, 4.41124984718e-06, 7.06908895154e-06, 4.50674815511e-06, 3.32278455062e-06, 2.79000710179e-06, 2.79043911178e-06, 2.90077673526e-06, 2.40676422436e-06, 1.90855439541e-06, 1.79118171673e-06, 1.10111409413e-06, 1.853661729e-06, 1.23180541323e-06, 1.08786582587e-06, 6.89755097483e-07, 7.34833690785e-07, 4.27577731443e-07, 3.16316317139e-07, 2.51439388421e-07, 1.94623368088e-07, 1.3436259394e-07, 1.05925224148e-07, 9.10613096039e-08, 7.70685204543e-08, 5.75427314686e-08],
        "min": [3.31502505441e-24, 3.31485189945e-24, 1.90762067999e-24, 1.72110082984e-24, 2.17390442564e-24, 1.70466175744e-24, 2.91255965905e-24, 2.39798588779e-24, 3.37349029711e-24, 3.20279972989e-24, 3.01507193647e-24, 3.09933391685e-24, 2.71437295054e-24, 4.31922250422e-24, 2.53477634091e-24, 3.6171741639e-24, 4.69690188994e-24, 5.61668175656e-24, 4.07719918964e-24, 3.20361324269e-24, 4.84710258402e-24, 5.01263873409e-24, 5.62913471481e-24, 5.14487154333e-24, 6.32460356076e-24, 6.03823955798e-24, 5.76804444275e-24, 5.52625108112e-24, 6.26584249522e-24, 5.34984482221e-24, 6.06312220309e-24, 7.05828404009e-24, 5.6920294115e-24, 6.15909344309e-24, 5.54591422805e-24, 6.14409364741e-24, 6.18801623932e-24, 8.33912357088e-24, 7.00887610387e-24, 6.07258695623e-24],
        "var": [2.80332988041e-05, 3.18330457958e-05, 4.36648178948e-06, 3.12286510962e-06, 1.21100140404e-06, 7.8312802998e-07, 6.5499568791e-07, 1.150467142e-06, 3.01011596093e-07, 5.85113966167e-08, 5.26841574811e-08, 5.18134468663e-09, 8.39458547119e-09, 3.55707485689e-09, 5.78662628925e-09, 1.33276545355e-09, 1.28172961134e-09, 1.02450892214e-09, 1.73417857852e-09, 2.58756815974e-09, 1.50170564872e-09, 2.44633668878e-09, 5.87411841391e-10, 3.13433168309e-10, 3.54560963922e-10, 3.22904120109e-10, 4.58185184238e-10, 4.66402783061e-09, 1.23305210487e-09, 1.38350564338e-09, 3.67964936299e-10, 4.17170575862e-10, 2.87613627359e-10, 2.28250973677e-10, 1.52467496961e-10, 7.29717120063e-11, 6.88682444405e-11, 3.80518741516e-11, 4.05862322916e-11, 1.80289776164e-11]
    },
    "mfcc": {
        "mean": [-700.979248047, 149.696975708, 33.9765434265, 28.53383255, 4.56199264526, 0.948522567749, 0.471725851297, -0.663911402225, 0.857372403145, 1.8278400898, 3.34231543541, 4.18711137772, 4.90065765381],
        "cov": [[16392.4589844, -2759.55273438, -2153.24243164, 911.79876709, 73.8842315674, 572.864929199, 522.387023926, 537.644287109, 427.465515137, 412.034393311, 1.10398554802, 29.5672302246, 95.4670715332], [-2759.55273438, 3704.61987305, 258.653289795, -364.992553711, 169.394638062, -128.175796509, -14.3321886063, 16.4544639587, -54.8543777466, -97.1546707153, 34.7966690063, 15.9703769684, 31.1636180878], [-2153.24243164, 258.653289795, 1535.81933594, -255.431411743, 112.082054138, -15.5917835236, -61.2216644287, -159.981399536, -168.278274536, -177.457489014, 1.58067929745, -52.410900116, -22.4973545074], [911.79876709, -364.992553711, -255.431411743, 538.285888672, -102.57447052, 91.0448150635, 64.9557876587, -6.67872953415, 51.1215019226, 34.0259552002, -41.8874282837, 37.0879936218, -6.65045881271], [73.8842315674, 169.394638062, 112.082054138, -102.57447052, 345.43548584, 82.983001709, 39.1007385254, 36.0248184204, -58.4356231689, -62.8216438293, -30.137714386, -75.396736145, -0.34913417697], [572.864929199, -128.175796509, -15.5917835236, 91.0448150635, 82.983001709, 258.529327393, 104.632530212, 32.7799720764, -39.879737854, -35.4013786316, -35.3515815735, -23.142873764, -38.7000694275], [522.387023926, -14.3321886063, -61.2216644287, 64.9557876587, 39.1007385254, 104.632530212, 234.3568573, 66.5867462158, 42.0058059692, -1.26312828064, 2.47326827049, -0.107605949044, 10.4617385864], [537.644287109, 16.4544639587, -159.981399536, -6.67872953415, 36.0248184204, 32.7799720764, 66.5867462158, 210.562545776, 67.7195053101, 52.8631439209, -0.143643721938, -21.962846756, 19.2129611969], [427.465515137, -54.8543777466, -168.278274536, 51.1215019226, -58.4356231689, -39.879737854, 42.0058059692, 67.7195053101, 179.482574463, 100.011413574, 14.5002164841, 5.01394128799, 3.45594096184], [412.034393311, -97.1546707153, -177.457489014, 34.0259552002, -62.8216438293, -35.4013786316, -1.26312828064, 52.8631439209, 100.011413574, 172.928909302, 87.3546142578, 26.3225250244, -8.73254394531], [1.10398554802, 34.7966690063, 1.58067929745, -41.8874282837, -30.137714386, -35.3515815735, 2.47326827049, -0.143643721938, 14.5002164841, 87.3546142578, 168.998260498, 78.0330276489, -1.21881616116], [29.5672302246, 15.9703769684, -52.410900116, 37.0879936218, -75.396736145, -23.142873764, -0.107605949044, -21.962846756, 5.01394128799, 26.3225250244, 78.0330276489, 150.882614136, 65.3651657104], [95.4670715332, 31.1636180878, -22.4973545074, -6.65045881271, -0.34913417697, -38.7000694275, 10.4617385864, 19.2129611969, 3.45594096184, -8.73254394531, -1.21881616116, 65.3651657104, 159.675979614]],
