{
"lowlevel": {
    "average_loudness": 0.13359247148,
    "barkbands_crest": {
        "dmean": 1.78598606586,
        "dmean2": 2.70258665085,
        "dvar": 2.73430323601,
        "dvar2": 6.74293470383,
        "max": 26.1656227112,
        "mean": 11.2203578949,
        "median": 10.3843288422,
        "min": 3.2210521698,
        "var": 16.960729599
    },
    "barkbands_flatness_db": {
        "dmean": 0.0133695593104,
        "dmean2": 0.0203134939075,
        "dvar": 0.000166344791069,
        "dvar2": 0.000422358454671,
        "max": 0.482844173908,
        "mean": 0.222491681576,
        "median": 0.213273227215,
        "min": 0.0494235008955,
        "var": 0.00319075584412
    },
    "barkbands_kurtosis": {
        "dmean": 1.88510704041,
        "dmean2": 2.9571056366,
        "dvar": 7.19489049911,
        "dvar2": 19.0713424683,
        "max": 102.501716614,
        "mean": 4.48523283005,
        "median": 3.15553426743,
        "min": -1.63331532478,
        "var": 29.2405757904
    },
    "barkbands_skewness": {
        "dmean": 0.345408737659,
        "dmean2": 0.527416586876,
        "dvar": 0.108382970095,
        "dvar2": 0.261578887701,
        "max": 7.16502380371,
        "mean": 1.5227483511,
        "median": 1.46404135227,
        "min": -2.22951793671,
        "var": 0.736677587032
    },
    "barkbands_spread": {
        "dmean": 1.71889698505,
        "dmean2": 2.68760752678,
        "dvar": 3.08522701263,
        "dvar2": 7.68413829803,
        "max": 45.8496055603,
        "mean": 9.48010349274,
        "median": 8.75798988342,
        "min": 0.40292185545,
        "var": 27.2067012787
    },
    "dissonance": {
        "dmean": 0.0257241744548,
        "dmean2": 0.0427282862365,
        "dvar": 0.000559532374609,
        "dvar2": 0.00155117106624,
        "max": 0.5,
        "mean": 0.411033809185,
        "median": 0.416384398937,
        "min": 0.0641492158175,
        "var": 0.00228238804266
    },
    "dynamic_complexity": 5.75645208359,
    "erbbands_crest": {
        "dmean": 2.06606483459,
        "dmean2": 3.13206481934,
        "dvar": 3.78748679161,
        "dvar2": 9.23906898499,
        "max": 30.0491809845,
        "mean": 10.9352140427,
        "median": 9.98803901672,
        "min": 2.38325572014,
        "var": 20.1191768646
    },
    "erbbands_flatness_db": {
        "dmean": 0.0111773293465,
        "dmean2": 0.0164653137326,
        "dvar": 0.000120518066979,
        "dvar2": 0.000280735257547,
        "max": 0.499114632607,
        "mean": 0.254402548075,
        "median": 0.246849447489,
        "min": 0.0235190689564,
        "var": 0.00288860732689
    },
    "erbbands_kurtosis": {
        "dmean": 0.939021170139,
        "dmean2": 1.46590530872,
        "dvar": 1.72151279449,
        "dvar2": 4.18575620651,
        "max": 40.671787262,
        "mean": 1.2292432785,
        "median": 0.374612569809,
        "min": -1.6744017601,
        "var": 8.6506061554
    },
    "erbbands_skewness": {
        "dmean": 0.294564127922,
        "dmean2": 0.448497831821,
        "dvar": 0.0699694678187,
        "dvar2": 0.164202794433,
        "max": 5.61923885345,
        "mean": 0.828418970108,
        "median": 0.759908676147,
        "min": -1.98594844341,
        "var": 0.462403804064
    },
    "erbbands_spread": {
        "dmean": 3.72598528862,
        "dmean2": 5.73642492294,
        "dvar": 13.1365737915,
        "dvar2": 30.743183136,
        "max": 122.780158997,
        "mean": 22.5830421448,
        "median": 21.9976081848,
        "min": 1.16041326523,
        "var": 110.718521118
    },
    "hfc": {
        "dmean": 1.60516297817,
        "dmean2": 2.27416968346,
        "dvar": 5.64579439163,
        "dvar2": 11.2174596786,
        "max": 95.0639343262,
        "mean": 9.35440921783,
        "median": 6.48928356171,
        "min": 1.06049491143e-16,
        "var": 100.697380066
    },
    "melbands_crest": {
        "dmean": 2.15776062012,
        "dmean2": 3.27171897888,
        "dvar": 3.9774916172,
        "dvar2": 9.89136314392,
        "max": 30.961938858,
        "mean": 13.8351182938,
        "median": 12.9844808578,
        "min": 1.00065135956,
        "var": 22.8981285095
    },
    "melbands_flatness_db": {
        "dmean": 0.0146938981488,
        "dmean2": 0.0221463199705,
        "dvar": 0.000227073178394,
        "dvar2": 0.0005681355251,
        "max": 0.623740375042,
        "mean": 0.286605060101,
        "median": 0.274591326714,
        "min": 3.96919290324e-07,
        "var": 0.00552357919514
    },
    "melbands_kurtosis": {
        "dmean": 2.72987818718,
        "dmean2": 4.20658731461,
        "dvar": 15.1413908005,
        "dvar2": 35.628276825,
        "max": 159.37399292,
        "mean": 7.3330655098,
        "median": 5.48956680298,
        "min": -1.58759975433,
        "var": 59.4164390564
    },
    "melbands_skewness": {
        "dmean": 0.390697747469,
        "dmean2": 0.588161528111,
        "dvar": 0.143483817577,
        "dvar2": 0.323403954506,
        "max": 9.89861297607,
        "mean": 1.87212097645,
        "median": 1.78262317181,
        "min": -2.25260257721,
        "var": 0.966974318027
    },
    "melbands_spread": {
        "dmean": 2.34718799591,
        "dmean2": 3.6548666954,
        "dvar": 8.33764743805,
        "dvar2": 19.769618988,
        "max": 158.774780273,
        "mean": 12.7089233398,
        "median": 11.1430950165,
        "min": 0.713296592236,
        "var": 141.709259033
    },
    "pitch_salience": {
        "dmean": 0.0467764697969,
        "dmean2": 0.0724058896303,
        "dvar": 0.00177054980304,
        "dvar2": 0.00448982417583,
        "max": 0.996068894863,
        "mean": 0.515707015991,
        "median": 0.514915347099,
        "min": 0.131960988045,
        "var": 0.00896055996418
    },
    "silence_rate_20dB": {
        "dmean": 0,
        "dmean2": 0,
        "dvar": 0,
        "dvar2": 0,
        "max": 1,
        "mean": 1,
        "median": 1,
        "min": 1,
        "var": 0
    },
    "silence_rate_30dB": {
        "dmean": 0.00314053916372,
        "dmean2": 0.0062814890407,
        "dvar": 0.00313100917265,
        "dvar2": 0.00715778162703,
        "max": 1,
        "mean": 0.994177281857,
        "median": 1,
        "min": 0,
        "var": 0.00578807899728
    },
    "silence_rate_60dB": {
        "dmean": 0.0132164359093,
        "dmean2": 0.0264346003532,
        "dvar": 0.0130414972082,
        "dvar2": 0.0295336656272,
        "max": 1,
        "mean": 0.179980367422,
        "median": 0,
        "min": 0,
        "var": 0.147592037916
    },
    "spectral_centroid": {
        "dmean": 96.2771224976,
        "dmean2": 156.325714111,
        "dvar": 18692.0742188,
        "dvar2": 45169.9179688,
        "max": 11648.6220703,
        "mean": 811.135803223,
        "median": 696.871582031,
        "min": 165.084457397,
        "var": 851102.4375
    },
    "spectral_complexity": {
        "dmean": 1.38131380081,
        "dmean2": 2.30517578125,
        "dvar": 1.71892631054,
        "dvar2": 4.52900648117,
        "max": 28,
        "mean": 11.5567550659,
        "median": 12,
        "min": 0,
        "var": 32.4596824646
    },
    "spectral_decrease": {
        "dmean": 8.13670464339e-10,
        "dmean2": 1.13431442017e-09,
        "dvar": 1.60234872857e-18,
        "dvar2": 3.48672137828e-18,
        "max": 2.03541496912e-28,
        "mean": -4.57994175918e-09,
        "median": -3.07610981132e-09,
        "min": -4.68372043372e-08,
        "var": 2.57459585154e-17
    },
    "spectral_energy": {
        "dmean": 0.00319219916128,
        "dmean2": 0.00444650370628,
        "dvar": 2.43929735007e-05,
        "dvar2": 5.27114607394e-05,
        "max": 0.184975489974,
        "mean": 0.0181341972202,
        "median": 0.0122434059158,
        "min": 9.94684767374e-21,
        "var": 0.000400431948947
    },
    "spectral_energyband_high": {
        "dmean": 1.21888915601e-05,
        "dmean2": 2.09506015381e-05,
        "dvar": 5.23085241788e-10,
        "dvar2": 1.5402016329e-09,
        "max": 0.000708637584466,
        "mean": 3.56925847882e-05,
        "median": 2.08034671232e-05,
        "min": 7.11842635374e-21,
        "var": 2.17495710331e-09
    },
    "spectral_energyband_low": {
        "dmean": 0.00111915613525,
        "dmean2": 0.0016497700708,
        "dvar": 8.74690613273e-06,
        "dvar2": 2.17655306187e-05,
        "max": 0.0961244255304,
        "mean": 0.00276251486503,
        "median": 0.000843858812004,
        "min": 9.61760914072e-24,
        "var": 3.45015869243e-05
    },
    "spectral_energyband_middle_high": {
        "dmean": 0.000816376705188,
        "dmean2": 0.0012153609423,
        "dvar": 2.09274730878e-06,
        "dvar2": 4.33061404692e-06,
        "max": 0.0486483536661,
        "mean": 0.00274129305035,
        "median": 0.00168363703415,
        "min": 1.08186217224e-21,
        "var": 1.21643342936e-05
    },
    "spectral_energyband_middle_low": {
        "dmean": 0.00261023733765,
        "dmean2": 0.00354270497337,
        "dvar": 1.5670171706e-05,
        "dvar2": 3.19402170135e-05,
        "max": 0.145801261067,
        "mean": 0.0134024713188,
        "median": 0.00902658607811,
        "min": 1.8044162008e-22,
        "var": 0.00022724417795
    },
    "spectral_entropy": {
        "dmean": 0.104921288788,
        "dmean2": 0.161163046956,
        "dvar": 0.0138456523418,
        "dvar2": 0.035517256707,
        "max": 9.82955932617,
        "mean": 6.52203321457,
        "median": 6.58018779755,
        "min": 4.15272045135,
        "var": 0.322412580252
    },
    "spectral_flux": {
        "dmean": 0.00925072003156,
        "dmean2": 0.0153095498681,
        "dvar": 0.000115795861348,
        "dvar2": 0.000304145389237,
        "max": 0.188976272941,
        "mean": 0.0376714877784,
        "median": 0.0339156985283,
        "min": 6.27572091516e-11,
        "var": 0.000648374552839
    },
    "spectral_kurtosis": {
        "dmean": 7.16024160385,
        "dmean2": 12.5559587479,
        "dvar": 92.5255050659,
        "dvar2": 256.067840576,
        "max": 181.300842285,
        "mean": 17.3008384705,
        "median": 10.8135824203,
        "min": -1.25777566433,
        "var": 417.140258789
    },
    "spectral_rms": {
        "dmean": 0.000329110887833,
        "dmean2": 0.000454875116702,
        "dvar": 1.35829651526e-07,
        "dvar2": 2.92399874979e-07,
        "max": 0.0134336845949,
        "mean": 0.00361820287071,
        "median": 0.00345612294041,
        "min": 3.11516329225e-12,
        "var": 4.60041792394e-06
    },
    "spectral_rolloff": {
        "dmean": 142.140914917,
        "dmean2": 249.658111572,
        "dvar": 91878.1328125,
        "dvar2": 213539.578125,
        "max": 19810.546875,
        "mean": 920.794311523,
        "median": 710.595703125,
        "min": 129.19921875,
        "var": 2549650.5
    },
    "spectral_skewness": {
        "dmean": 0.52714651823,
        "dmean2": 0.922462105751,
        "dvar": 0.321851432323,
        "dvar2": 0.914793074131,
        "max": 11.0297460556,
        "mean": 2.61508703232,
        "median": 2.20771622658,
        "min": -0.087068580091,
        "var": 1.85756444931
    },
    "spectral_spread": {
        "dmean": 210280.96875,
        "dmean2": 360277.90625,
        "dvar": 166513655808,
        "dvar2": 359360233472,
        "max": 42627072,
        "mean": 2655930.75,
        "median": 2308467.75,
        "min": 482853.53125,
        "var": 1.17793420739e+13
    },
    "spectral_strongpeak": {
        "dmean": 0.303457438946,
        "dmean2": 0.482610315084,
        "dvar": 0.238200560212,
        "dvar2": 0.556772768497,
        "max": 12.4428300858,
        "mean": 1.00202310085,
        "median": 0.726833760738,
        "min": 0,
        "var": 0.886052310467
    },
    "zerocrossingrate": {
        "dmean": 0.00350853917189,
        "dmean2": 0.00460546044633,
        "dvar": 2.76468108495e-05,
        "dvar2": 4.79664704471e-05,
        "max": 0.52099609375,
        "mean": 0.038398552686,
        "median": 0.03173828125,
        "min": 0.0048828125,
        "var": 0.00212895567529
    },
    "barkbands": {
        "dmean": [4.07797915614e-06, 0.000120717704704, 0.000780023925472, 0.000589224509895, 0.00104645022657, 0.000478597037727, 0.000893870019354, 0.000787476543337, 0.000517327454872, 0.000322844658513, 0.000233452781686, 0.00028006057255, 0.000149046667502, 9.77995659923e-05, 0.000121355900774, 0.000105219434772, 8.31332581583e-05, 6.77372081554e-05, 3.89558372262e-05, 2.06041113415e-05, 6.42425857222e-06, 2.10636676456e-06, 8.34514708004e-07, 2.8610512004e-07, 7.37246139693e-08, 1.35002773405e-08, 5.31639399171e-09],
        "dmean2": [7.44606677472e-06, 0.000157454327564, 0.0011622098973, 0.000933915318456, 0.00159381632693, 0.000642474216875, 0.00105541758239, 0.00100714864675, 0.000597108330112, 0.000435259193182, 0.000332930998411, 0.000426889106166, 0.000239943081397, 0.000159456132678, 0.000199969057576, 0.000175441076863, 0.000140876567457, 0.000117244657304, 6.74199109199e-05, 3.56240925612e-05, 1.10865503302e-05, 3.57230851478e-06, 1.41239252116e-06, 4.88373416374e-07, 1.22227547195e-07, 2.22375096115e-08, 8.80371864298e-09],
        "dvar": [3.36435185266e-10, 1.56483935143e-07, 5.80127198191e-06, 1.58066393396e-06, 4.26860287916e-06, 1.4497693428e-06, 4.04919637731e-06, 3.88875423596e-06, 1.31983711071e-06, 8.28408417419e-07, 5.17014768775e-07, 4.3563517238e-07, 1.3282964062e-07, 5.39567608371e-08, 6.95356874303e-08, 5.72349456718e-08, 2.56468073445e-08, 1.87746973523e-08, 5.55258106161e-09, 1.55256052459e-09, 1.88418988745e-10, 1.72655466313e-11, 2.42437276851e-12, 2.98157223737e-13, 2.63556317477e-14, 9.84734352336e-16, 1.2213128515e-16],
        "dvar2": [1.16799880878e-09, 2.45199203164e-07, 1.47199798448e-05, 3.99233340431e-06, 1.11795125122e-05, 3.63338517673e-06, 5.44222166354e-06, 6.29347186987e-06, 1.67035886989e-06, 1.51333733811e-06, 1.0188075521e-06, 9.42547501381e-07, 3.22898927152e-07, 1.36707001275e-07, 1.82613916877e-07, 1.55642950972e-07, 7.108102551e-08, 5.3754657614e-08, 1.64604934128e-08, 4.38817560067e-09, 5.485454313e-10, 4.97397609212e-11, 6.84981455237e-12, 8.40092860728e-13, 6.86957137225e-14, 2.5598928088e-15, 3.21068262173e-16],
        "max": [0.000515519175678, 0.0192676726729, 0.0738713890314, 0.0364744700491, 0.0791639760137, 0.061821885407, 0.102405838668, 0.0811111181974, 0.0445618256927, 0.0377576723695, 0.0394682995975, 0.0185299422592, 0.0103103267029, 0.00776567962021, 0.00630600051954, 0.00465493742377, 0.00395168038085, 0.00438103685156, 0.00114614039194, 0.00144326745067, 0.000637670746073, 0.000176235756953, 4.7945723054e-05, 1.57039648911e-05, 7.9472492871e-06, 1.27244072701e-06, 4.71424016268e-07],
        "mean": [4.30490126746e-06, 0.000324479071423, 0.00168746965937, 0.00134063942824, 0.00353952194564, 0.00188160559628, 0.00300491321832, 0.00208592298441, 0.00143472955097, 0.000867562252097, 0.00043895439012, 0.000441545154899, 0.000236689214944, 0.000156545618665, 0.000175352877704, 0.0001590988104, 0.000126900165924, 0.000104420658317, 6.1988561356e-05, 3.99328309868e-05, 1.35102491186e-05, 4.96249367643e-06, 2.05914921025e-06, 8.66623281581e-07, 2.49412636322e-07, 4.79004711451e-08, 1.62968287754e-08],
        "median": [4.99565942391e-07, 3.25157197949e-05, 0.000283200381091, 0.000532688340172, 0.00146596785635, 0.000705326208845, 0.000928239896894, 0.000511962687597, 0.000446316029411, 0.000186001925613, 8.30577337183e-05, 0.000154089997523, 7.67467645346e-05, 5.97444704908e-05, 5.44544745935e-05, 5.05713323946e-05, 5.80690721108e-05, 4.72307256132e-05, 2.66214465228e-05, 2.25963449338e-05, 7.65183813201e-06, 2.7419575872e-06, 1.19523940612e-06, 4.6445856583e-07, 1.24000237633e-07, 2.21590159555e-08, 7.03565783411e-09],
        "min": [6.86297462777e-26, 3.21719013052e-24, 1.35383756351e-24, 1.23408177278e-24, 4.26878076579e-24, 4.85092855941e-24, 7.67158789516e-24, 1.03539232322e-23, 1.10674045336e-23, 1.56311336865e-23, 8.76638247006e-24, 2.52278979667e-23, 2.93334046411e-23, 2.79254362311e-23, 4.34789396937e-23, 3.76609390564e-23, 6.27301560743e-23, 6.08725211711e-23, 1.25666476213e-22, 1.27461810037e-22, 2.54271503474e-22, 2.8730256108e-22, 4.002708001e-22, 5.59517658787e-22, 8.51487524879e-22, 1.28504547839e-21, 1.86175071236e-21],
        "var": [4.04208083671e-10, 9.74427280198e-07, 2.07244629564e-05, 5.25126006323e-06, 3.42172097589e-05, 1.65269957506e-05, 4.38132556155e-05, 2.44761358772e-05, 8.81630876393e-06, 4.63492415292e-06, 1.39775852404e-06, 7.97945745035e-07, 2.39258582724e-07, 9.70346505369e-08, 1.20555441185e-07, 9.4776950732e-08, 3.99939743545e-08, 2.87452603942e-08, 9.3996410655e-09, 3.34575389616e-09, 4.54689702556e-10, 5.11108204371e-11, 8.31269428292e-12, 1.27333744677e-12, 1.33681233401e-13, 4.5146042937e-15, 5.14957174294e-16]
    },
    "erbbands": {
        "dmean": [0.00104080571327, 0.0464099124074, 0.674886882305, 1.51992750168, 3.284044981, 3.13297724724, 3.12400436401, 4.73962831497, 12.3145475388, 12.5456008911, 15.6983413696, 10.5735340118, 9.57827568054, 9.71706485748, 7.88282012939, 9.24730968475, 8.14852523804, 4.00664567947, 5.04110336304, 5.76273679733, 4.98049974442, 4.98819589615, 3.5254304409, 3.03585481644, 1.58843255043, 0.676593065262, 0.392480134964, 0.19179302454, 0.0943663790822, 0.0440196283162, 0.0211915690452, 0.00935680419207, 0.00343593303114, 0.00125114968978, 0.000400832155719, 0.000102144702396, 1.83962147275e-05, 3.67974780602e-06, 1.84002033166e-06, 3.5817593016e-06],
        "dmean2": [0.00162317277864, 0.0600950755179, 0.95162153244, 2.40040540695, 5.14209985733, 4.80170965195, 4.15161323547, 6.35173368454, 14.7026872635, 15.8822336197, 19.1547546387, 12.4060993195, 12.4859552383, 13.3971691132, 11.5156421661, 14.1661081314, 13.0450210571, 6.51191091537, 8.30755138397, 9.54487991333, 8.32439804077, 8.45143032074, 6.05924844742, 5.26619672775, 2.77619743347, 1.17079305649, 0.683344662189, 0.331595867872, 0.16142526269, 0.074014224112, 0.0360872037709, 0.0161180589348, 0.00581734301522, 0.00209873868152, 0.000673147616908, 0.000167634862009, 3.03418819385e-05, 6.14076043348e-06, 2.67925179287e-06, 4.98538065585e-06],
        "dvar": [1.63705844898e-05, 0.0211479701102, 4.15962362289, 12.5491743088, 44.4427947998, 42.7089653015, 58.1541824341, 196.726165771, 772.306396484, 792.52532959, 1388.91149902, 681.411437988, 516.006958008, 831.860412598, 482.797027588, 500.125762939, 347.759460449, 64.5734024048, 128.51991272, 114.715248108, 118.950836182, 106.801612854, 70.6948776245, 31.657037735, 12.6363172531, 1.3667536974, 0.635507285595, 0.13050287962, 0.0405457317829, 0.00658012414351, 0.00159309012815, 0.000361155951396, 3.9748425479e-05, 8.73111457622e-06, 6.4356436269e-07, 4.95286265334e-08, 2.42303377362e-09, 5.66558293336e-11, 7.89452010708e-12, 3.02185082512e-11],
        "dvar2": [5.00970672874e-05, 0.0312371943146, 8.83490753174, 34.7330207825, 120.483840942, 112.744895935, 128.066467285, 534.422607422, 1071.68823242, 1241.23852539, 2070.07202148, 903.662109375, 872.780090332, 1609.87963867, 1006.44671631, 1090.77148438, 816.76953125, 154.78968811, 332.71270752, 305.315063477, 317.45199585, 295.068908691, 202.695800781, 91.1060180664, 37.9438667297, 3.88553524017, 1.88375961781, 0.380435377359, 0.119197905064, 0.0186496432871, 0.00455779349431, 0.00104024179745, 0.000109705360956, 2.35993738897e-05, 1.75279740233e-06, 1.30281392785e-07, 6.40262909357e-09, 1.53146037518e-10, 1.81532185117e-11, 6.48425757532e-11],
        "max": [0.131647840142, 7.43924045563, 80.4828033447, 110.634849548, 154.074798584, 348.163421631, 504.113586426, 726.368774414, 1832.78295898, 1214.4420166, 2102.74438477, 1359.45275879, 875.759033203, 1623.79724121, 864.327270508, 679.160888672, 431.533996582, 241.103515625, 297.093933105, 214.669952393, 251.336395264, 272.414703369, 298.815612793, 95.0700073242, 78.9337387085, 26.914894104, 32.2884025574, 8.67421340942, 8.78324508667, 2.47944116592, 0.868917286396, 0.574508786201, 0.245183214545, 0.140440583229, 0.0383971258998, 0.00775719620287, 0.00201571802609, 0.00021377739904, 8.92941316124e-05, 0.000208408717299],
        "mean": [0.00278413412161, 0.125611841679, 1.59485828876, 3.68337130547, 8.30734539032, 10.9549007416, 14.1477241516, 17.55859375, 43.7926368713, 35.8606872559, 45.9899482727, 29.5469512939, 27.8498401642, 22.67619133, 15.5973091125, 15.2189006805, 12.8459444046, 7.43188714981, 8.34432888031, 9.2878484726, 8.14178752899, 8.06956195831, 5.87573814392, 4.85602617264, 2.7888584137, 1.42666852474, 0.818510830402, 0.407476723194, 0.207908004522, 0.107109323144, 0.0543399639428, 0.0254133976996, 0.0107427928597, 0.00400594482198, 0.00136260921136, 0.000361338315997, 7.23110933905e-05, 1.41688788062e-05, 1.11097187983e-05, 2.0831314032e-05],
        "median": [0.000427980790846, 0.0182813629508, 0.27396517992, 1.58547627926, 3.73957753181, 4.32327795029, 5.17718029022, 6.23755550385, 14.1803703308, 10.8905382156, 15.5958242416, 9.64482402802, 8.47522544861, 5.5467042923, 4.05154657364, 6.60537862778, 4.94955444336, 3.23285531998, 3.82241463661, 4.46990299225, 3.15344405174, 3.90116548538, 2.76600050926, 2.47637462616, 1.28025972843, 0.799696445465, 0.485457360744, 0.222849905491, 0.10854254663, 0.0596710555255, 0.0308190938085, 0.013402050361, 0.0059570055455, 0.00205168034881, 0.000689957174473, 0.000177865338628, 3.50872978743e-05, 7.82673396316e-06, 8.02031354397e-06, 1.42477256304e-05],
        "min": [9.44922204734e-23, 6.69145292754e-22, 2.5505308414e-21, 3.6912708653e-21, 1.62064666812e-20, 1.07152265692e-20, 2.11528128738e-20, 3.96788135461e-20, 9.49686836754e-20, 1.88252465067e-19, 2.83763637052e-19, 3.13269117803e-19, 4.66350522383e-19, 6.3121594197e-19, 8.85396343294e-19, 1.58649984464e-18, 1.54371382406e-18, 1.87713089023e-18, 2.45444484836e-18, 3.10519983037e-18, 4.12785583618e-18, 4.24031889867e-18, 4.46962825372e-18, 6.27205315411e-18, 6.82020465294e-18, 5.23152859951e-18, 8.14022154241e-18, 9.28595023604e-18, 9.82128912077e-18, 8.71699390403e-18, 1.14610613614e-17, 1.12443458312e-17, 9.14999648492e-18, 7.16849111781e-18, 6.51022740379e-18, 4.1837724184e-18, 2.09306949107e-18, 9.64535814424e-19, 2.32622316802e-19, 2.64655629193e-20],
        "var": [7.34283821657e-05, 0.136280313134, 19.8430213928, 38.6297721863, 163.879623413, 374.320587158, 1053.55554199, 1919.75695801, 10039.5908203, 5090.30761719, 10971.6738281, 4188.29589844, 3287.1003418, 2609.92919922, 1267.6619873, 862.777770996, 607.449157715, 150.544799805, 234.322891235, 209.538406372, 204.867996216, 169.535064697, 108.689727783, 50.7672348022, 21.5383758545, 3.60312962532, 1.42899668217, 0.340455085039, 0.104078680277, 0.0209746640176, 0.00524600641802, 0.00121029734146, 0.000199729911401, 3.78447766707e-05, 3.47125046574e-06, 2.33575676134e-07, 1.01283408327e-08, 2.75496320201e-10, 1.25982668742e-10, 5.16265863393e-10]
    },
    "gfcc": {
        "mean": [-150.416213989, 160.794570923, -149.927612305, 4.31162786484, -61.0106582642, -25.9293308258, -35.0039329529, -12.102973938, -18.5716094971, -16.6890468597, -11.7738132477, -15.4205589294, -9.4816160202],
        "cov": [[40816.421875, 3964.12792969, -4199.93408203, 2890.63110352, -791.512145996, 384.667297363, -94.7105407715, -259.655151367, -114.513389587, -860.951538086, -113.786155701, -853.245483398, -221.688110352], [3964.12792969, 1512.73461914, -221.684738159, 15.2493658066, 201.922988892, -160.837921143, 97.8322296143, -91.1416244507, 0.515170276165, -142.78968811, -14.2147932053, -109.841056824, -13.1160087585], [-4199.93408203, -221.684738159, 913.573608398, -138.783599854, 223.136779785, 78.0364074707, 89.0115280151, 56.150226593, 26.0048389435, 85.3153762817, -8.58069515228, 74.7886886597, 5.9190363884], [2890.63110352, 15.2493658066, -138.783599854, 624.528381348, 39.0337409973, 179.273849487, 27.9433250427, 25.8384933472, 28.1616916656, -50.93126297, 17.0071601868, -81.3923797607, -42.1876449585], [-791.512145996, 201.922988892, 223.136779785, 39.0337409973, 257.150299072, 36.4298477173, 80.1842727661, 11.3791847229, 32.3316688538, 8.95834636688, 19.9647960663, 12.7184400558, 5.29624032974], [384.667297363, -160.837921143, 78.0364074707, 179.273849487, 36.4298477173, 231.268173218, 57.9768714905, 38.6085968018, 18.8179092407, 8.09648323059, 6.78396368027, 12.1384468079, 6.91385746002], [-94.7105407715, 97.8322296143, 89.0115280151, 27.9433250427, 80.1842727661, 57.9768714905, 146.135452271, 57.9427947998, 41.7040672302, 6.24770355225, 8.75896644592, -7.08761310577, 1.32800984383], [-259.655151367, -91.1416244507, 56.150226593, 25.8384933472, 11.3791847229, 38.6085968018, 57.9427947998, 120.898200989, 61.6487350464, 34.6515350342, 7.37951517105, 2.39042592049, -10.4095392227], [-114.513389587, 0.515170276165, 26.0048389435, 28.1616916656, 32.3316688538, 18.8179092407, 41.7040672302, 61.6487350464, 102.380157471, 40.3317565918, 23.4214324951, 4.16475152969, 4.57833003998], [-860.951538086, -142.78968811, 85.3153762817, -50.93126297, 8.95834636688, 8.09648323059, 6.24770355225, 34.6515350342, 40.3317565918, 92.7367935181, 34.9484138489, 29.5280151367, 1.0057309866], [-113.786155701, -14.2147932053, -8.58069515228, 17.0071601868, 19.9647960663, 6.78396368027, 8.75896644592, 7.37951517105, 23.4214324951, 34.9484138489, 80.3496856689, 38.4494781494, 7.82618808746], [-853.245483398, -109.841056824, 74.7886886597, -81.3923797607, 12.7184400558, 12.1384468079, -7.08761310577, 2.39042592049, 4.16475152969, 29.5280151367, 38.4494781494, 104.393600464, 45.8587417603], [-221.688110352, -13.1160087585, 5.9190363884, -42.1876449585, 5.29624032974, 6.91385746002, 1.32800984383, -10.4095392227, 4.57833003998, 1.0057309866, 7.82618808746, 45.8587417603, 75.9674530029]],
        "icov": [[0.000290888856398, -0.000926745298784, 0.000760783033911, -0.00104269571602, 0.00110741809476, -0.000793418614194, 0.000273764424492, -0.000298894214211, 0.000279730040347, -0.000184536882443, 0.000368577078916, -6.04298002145e-05, -1.61053030752e-05], [-0.000926745298784, 0.00428536348045, -0.00202949694358, 0.00351387285627, -0.00477796746418, 0.00342531409115, -0.00189047097228, 0.0019186695572, -0.00158923689742, 0.00232038134709, -0.00169369380455, 0.001173208002, -6.38434357825e-06], [0.000760783033911, -0.00202949694358, 0.00402172887698, -0.00230499287136, 0.000876120000612, -0.00234805373475, 0.000146816601045, -0.00085663376376, 0.00117572757881, -0.00169781781733, 0.00260169850662, -0.00125388172455, 0.000749495113268], [-0.00104269571602, 0.00351387285627, -0.00230499287136, 0.00696264998987, -0.00487483572215, 0.000145357043948, 0.000227132841246, 0.00062512839213, -0.00200202967972, 0.00318331364542, -0.00383220473304, 0.00316980527714, 0.000578241597395], [0.00110741809476, -0.00477796746418, 0.000876120000612, -0.00487483572215, 0.0118744857609, -0.00321941450238, -0.0010091024451, 0.000147135971929, -5.32035192009e-05, -0.0011160884751, 0.00042215565918, -0.00135376083199, -7.40571776987e-05], [-0.000793418614194, 0.00342531409115, -0.00234805373475, 0.000145357043948, -0.00321941450238, 0.0102196689695, -0.00418027630076, 0.000982150784694, -0.000104565304355, -3.96501636715e-05, 0.000611371360719, -0.00205843988806, -0.000771837367211], [0.000273764424492, -0.00189047097228, 0.000146816601045, 0.000227132841246, -0.0010091024451, -0.00418027630076, 0.0131460735574, -0.00602449476719, -0.000619781552814, 0.00154387380462, -0.00202412274666, 0.00299661559984, -0.00160083011724], [-0.000298894214211, 0.0019186695572, -0.00085663376376, 0.00062512839213, 0.000147135971929, 0.000982150784694, -0.00602449476719, 0.0166634153575, -0.00818580947816, -0.00130681390874, 0.00224317703396, -0.00197094283067, 0.00363125978038], [0.000279730040347, -0.00158923689742, 0.00117572757881, -0.00200202967972, -5.32035192009e-05, -0.000104565304355, -0.000619781552814, -0.00818580947816, 0.0187541823834, -0.00708096195012, -0.00136415835004, 0.00176696502604, -0.00372172985226], [-0.000184536882443, 0.00232038134709, -0.00169781781733, 0.00318331364542, -0.0011160884751, -3.96501636715e-05, 0.00154387380462, -0.00130681390874, -0.00708096195012, 0.0224825236946, -0.00899990368634, 0.00130838493351, 0.00190402229782], [0.000368577078916, -0.00169369380455, 0.00260169850662, -0.00383220473304, 0.00042215565918, 0.000611371360719, -0.00202412274666, 0.00224317703396, -0.00136415835004, -0.00899990368634, 0.0229952968657, -0.0112722907215, 0.0033470087219], [-6.04298002145e-05, 0.001173208002, -0.00125388172455, 0.00316980527714, -0.00135376083199, -0.00205843988806, 0.00299661559984, -0.00197094283067, 0.00176696502604, 0.00130838493351, -0.0112722907215, 0.0228461567312, -0.0109104290605], [-1.61053030752e-05, -6.38434357825e-06, 0.000749495113268, 0.000578241597395, -7.40571776987e-05, -0.000771837367211, -0.00160083011724, 0.00363125978038, -0.00372172985226, 0.00190402229782, 0.0033470087219, -0.0109104290605, 0.0204196274281]]
    },
    "melbands": {
        "dmean": [1.88780268218e-05, 0.000254352169577, 0.000289883755613, 0.000247566815233, 0.000109018656076, 0.000111525354441, 0.000182936433703, 0.000153540182509, 0.000126495462609, 6.70997833367e-05, 5.04738964082e-05, 4.28074527008e-05, 2.55169761658e-05, 2.30466393987e-05, 3.29388749378e-05, 1.44205487231e-05, 7.51516563469e-06, 8.02600152383e-06, 1.16009259727e-05, 8.14716622699e-06, 5.06767128172e-06, 6.00355360802e-06, 3.71580335923e-06, 2.57467991105e-06, 2.69224756266e-06, 1.44766318044e-06, 1.07631365154e-06, 4.11091548358e-07, 3.52524153868e-07, 1.48738209305e-07, 1.0436087905e-07, 7.52813775762e-08, 2.86348935674e-08, 2.54213983197e-08, 1.52368677675e-08, 1.06846211878e-08, 5.65886981718e-09, 3.16830162106e-09, 1.73791536717e-09, 1.13583054073e-09],
        "dmean2": [2.59614062088e-05, 0.000359251425834, 0.00046383641893, 0.00038048173883, 0.000149301849888, 0.000146481572301, 0.000217511682422, 0.000195029497263, 0.000152638385771, 7.87340904935e-05, 6.58468998154e-05, 5.85453344684e-05, 3.70206689695e-05, 3.38950812875e-05, 5.14037237735e-05, 2.36148134718e-05, 1.22263372759e-05, 1.32043041958e-05, 1.91390136024e-05, 1.35979889819e-05, 8.46390503284e-06, 1.01801188066e-05, 6.35680635241e-06, 4.43880844614e-06, 4.66548681288e-06, 2.51923688666e-06, 1.86434749594e-06, 7.13687370535e-07, 6.18879766989e-07, 2.57113583757e-07, 1.80023363328e-07, 1.29182097908e-07, 4.82098876375e-08, 4.29836752858e-08, 2.60210413217e-08, 1.83983406288e-08, 9.69249214222e-09, 5.38751931956e-09, 2.9489191089e-09, 1.90985716131e-09],
        "dvar": [3.8053511453e-09, 5.88268846968e-07, 3.51163578216e-07, 2.4629466111e-07, 7.57283018515e-08, 8.15992748926e-08, 1.64057482266e-07, 1.21568817235e-07, 7.96617101173e-08, 3.08462659859e-08, 1.51804115944e-08, 1.461919652e-08, 5.04413533164e-09, 3.14215964359e-09, 1.01588479851e-08, 1.91437976582e-09, 2.40629710602e-10, 4.71690630999e-10, 6.76714795311e-10, 4.18651197043e-10, 1.42511405454e-10, 1.76933939722e-10, 6.52102746801e-11, 2.98433951162e-11, 2.62060147888e-11, 1.36575464479e-11, 5.65602642846e-12, 7.19571591982e-13, 4.94246516543e-13, 1.53385252633e-13, 5.59064242383e-14, 3.00636929631e-14, 2.6611816439e-15, 2.22567118374e-15, 8.61522134031e-16, 6.21580728782e-16, 1.51807084457e-16, 3.25579811113e-17, 1.5809620152e-17, 1.0414803618e-17],
        "dvar2": [7.33126226393e-09, 1.26467750761e-06, 9.72956740952e-07, 6.39846291506e-07, 1.8274332092e-07, 2.09165335718e-07, 2.31791389638e-07, 1.98576074695e-07, 1.15116982613e-07, 4.03737452359e-08, 2.57851926477e-08, 2.8032191679e-08, 1.05077164747e-08, 6.34384589304e-09, 2.21443077209e-08, 4.75678696432e-09, 5.81938330857e-10, 1.21762522287e-09, 1.78677028728e-09, 1.14983234045e-09, 3.76946890368e-10, 4.88380003105e-10, 1.85053014579e-10, 8.59404630793e-11, 7.5307884928e-11, 4.12327220978e-11, 1.62658914116e-11, 2.10384335821e-12, 1.49421718488e-12, 4.36372861673e-13, 1.60248265937e-13, 8.83680335937e-14, 7.4145494906e-15, 6.14420928686e-15, 2.46058348969e-15, 1.80430680908e-15, 4.33957928177e-16, 8.93968167827e-17, 4.23581357674e-17, 2.69520325163e-17],
        "max": [0.00264601456001, 0.0303464978933, 0.0153019055724, 0.013821085915, 0.017955172807, 0.014656778425, 0.0234742835164, 0.0121746407822, 0.0157314166427, 0.00880367681384, 0.00482298992574, 0.00602405751124, 0.00255442154594, 0.00131832668558, 0.00329317897558, 0.00142704043537, 0.00051505950978, 0.000701837649103, 0.000665386789478, 0.000458647642517, 0.000296528829494, 0.000365411862731, 0.000240142442635, 0.000156995127327, 9.09180889721e-05, 7.53786953283e-05, 8.7576576334e-05, 1.84202253877e-05, 1.99861351575e-05, 2.4931245207e-05, 7.68579593569e-06, 7.76745582698e-06, 1.58490468039e-06, 1.21638981909e-06, 6.90706599471e-07, 7.33966089683e-07, 4.82455902784e-07, 1.33456552476e-07, 2.17489727561e-07, 1.77655110178e-07],
        "mean": [5.13939921802e-05, 0.000597408041358, 0.000732167507522, 0.000763457268476, 0.000486308737891, 0.000422916258685, 0.000635734933894, 0.000415233051172, 0.000363231054507, 0.000180157905561, 0.000143341691, 0.000101464160252, 4.96447501064e-05, 4.23709716415e-05, 4.58182985312e-05, 2.22523758566e-05, 1.28255478558e-05, 1.24805019368e-05, 1.62948672369e-05, 1.20314325613e-05, 7.73201099946e-06, 8.8664728537e-06, 5.90994795857e-06, 4.13848374592e-06, 3.96676750825e-06, 2.24047835218e-06, 1.76147659658e-06, 7.55887128889e-07, 6.36832453438e-07, 2.88357938416e-07, 1.97765729126e-07, 1.40994913522e-07, 6.06872774256e-08, 5.46939027402e-08, 3.31988623259e-08, 2.23605081118e-08, 1.32067263792e-08, 8.25016943651e-09, 4.64476324069e-09, 2.92069723962e-09],
        "median": [5.4641591305e-06, 9.61456535151e-05, 0.000370550900698, 0.000327763060341, 0.000183887415915, 0.000163606848218, 0.000206755561521, 0.000101613026345, 0.00012864045857, 4.92645121994e-05, 3.93750233343e-05, 2.25418589253e-05, 1.23468125821e-05, 1.34727115437e-05, 1.35127038448e-05, 4.96383245263e-06, 5.38363201485e-06, 4.51195865026e-06, 4.97024484503e-06, 3.70726684196e-06, 2.32965339819e-06, 3.50930758941e-06, 2.45974160862e-06, 1.894527486e-06, 1.76582398126e-06, 6.78318770042e-07, 8.73659018907e-07, 3.0504278925e-07, 3.384055276e-07, 1.45757752534e-07, 9.30068964067e-08, 6.65523458565e-08, 3.14095984777e-08, 3.06969809571e-08, 1.83050143931e-08, 1.05945705542e-08, 6.66293153984e-09, 4.43756764668e-09, 2.30784613642e-09, 1.37442557335e-09],
        "min": [1.10152779855e-24, 1.20581866149e-24, 9.54303180847e-25, 1.14485973086e-24, 7.66039405752e-25, 8.58066982183e-25, 1.48503006243e-24, 2.34891952835e-24, 2.16232138375e-24, 1.56981377569e-24, 2.17146526772e-24, 2.33193890293e-24, 1.60855049462e-24, 3.21004916439e-24, 2.89625627073e-24, 2.39327421882e-24, 2.4890766426e-24, 3.19192054914e-24, 3.46970411185e-24, 3.18430804141e-24, 4.19159664267e-24, 3.27584272768e-24, 2.86325782463e-24, 3.40863878361e-24, 4.67528867886e-24, 4.94144245967e-24, 4.08508937642e-24, 3.31895555387e-24, 4.2043497625e-24, 5.77590741383e-24, 4.60857431768e-24, 5.32060095959e-24, 5.18064046893e-24, 4.53267998214e-24, 5.0166489085e-24, 5.65388562015e-24, 5.95410517586e-24, 5.94745665615e-24, 5.46994021756e-24, 5.69390019513e-24],
        "var": [2.21486189389e-08, 2.75310071629e-06, 1.10873349968e-06, 1.37123743116e-06, 1.30911348606e-06, 8.68859387992e-07, 1.92893412532e-06, 7.26599409973e-07, 6.21213928298e-07, 1.85683106224e-07, 9.66419477777e-08, 5.24181906769e-08, 1.33380115841e-08, 8.00768251707e-09, 1.56169264187e-08, 3.34246696987e-09, 5.21434118106e-10, 8.01527788585e-10, 1.0971555886e-09, 6.46357745104e-10, 2.3480670186e-10, 2.64411909034e-10, 1.04228521647e-10, 4.54860697718e-11, 4.01270093542e-11, 2.15995919067e-11, 9.53360827782e-12, 1.55036812381e-12, 9.78825419155e-13, 2.98723583847e-13, 1.28649152963e-13, 6.33511255607e-14, 7.36257724302e-15, 6.02741699596e-15, 2.15689486128e-15, 1.38761604458e-15, 3.81867069517e-16, 1.24326887193e-16, 5.10597283956e-17, 2.93710394996e-17]
    },
    "mfcc": {
        "mean": [-757.9453125, 173.555999756, -26.1956653595, 18.4621944427, -14.8219623566, -13.5062093735, -14.6525592804, -5.83726501465, -11.3358507156, -6.43255376816, -8.22896575928, -5.01765489578, -7.47923278809],
        "cov": [[16180.3720703, 4313.71630859, -1895.45605469, 1372.90771484, -427.653381348, 106.320793152, -145.330093384, 201.941421509, -143.748672485, 126.623764038, -155.692169189, -18.8109893799, -89.1742401123], [4313.71630859, 2364.52880859, -275.971740723, 250.405807495, -18.2665500641, -39.4422302246, -31.8183746338, 51.7610626221, -27.4679203033, -34.5597229004, -55.6749572754, -37.0594291687, -33.0035858154], [-1895.45605469, -275.971740723, 583.524475098, -105.121772766, 117.324508667, 45.3997344971, 49.8485984802, 13.357755661, 53.7788734436, 11.1685342789, 36.8738250732, 10.1925973892, -1.28460979462], [1372.90771484, 250.405807495, -105.121772766, 374.255249023, 64.7360610962, 87.470451355, 44.2324638367, 55.7556304932, 4.35626602173, 51.5316085815, 23.1558170319, 31.5312805176, 20.86652565], [-427.653381348, -18.2665500641, 117.324508667, 64.7360610962, 178.323760986, 81.8028793335, 54.8928451538, 33.9514656067, 29.5902919769, 12.4850292206, 29.8942584991, 23.9917602539, 30.7847709656], [106.320793152, -39.4422302246, 45.3997344971, 87.470451355, 81.8028793335, 165.150466919, 82.8299865723, 49.5398330688, 34.7327651978, 27.8184204102, 13.6707439423, 12.6355791092, 18.1422958374], [-145.330093384, -31.8183746338, 49.8485984802, 44.2324638367, 54.8928451538, 82.8299865723, 120.733085632, 63.8819694519, 38.001537323, 27.5192527771, 23.8352279663, 19.033618927, 17.395275116], [201.941421509, 51.7610626221, 13.357755661, 55.7556304932, 33.9514656067, 49.5398330688, 63.8819694519, 110.95565033, 58.350856781, 31.2746753693, 22.9520969391, 18.3065891266, 26.3178653717], [-143.748672485, -27.4679203033, 53.7788734436, 4.35626602173, 29.5902919769, 34.7327651978, 38.001537323, 58.350856781, 105.934776306, 53.0246276855, 22.5737495422, 13.9271287918, 16.8310642242], [126.623764038, -34.5597229004, 11.1685342789, 51.5316085815, 12.4850292206, 27.8184204102, 27.5192527771, 31.2746753693, 53.0246276855, 101.448455811, 48.9553260803, 19.4617729187, 7.18273735046], [-155.692169189, -55.6749572754, 36.8738250732, 23.1558170319, 29.8942584991, 13.6707439423, 23.8352279663, 22.9520969391, 22.5737495422, 48.9553260803, 93.0322418213, 47.8258666992, 16.6499977112], [-18.8109893799, -37.0594291687, 10.1925973892, 31.5312805176, 23.9917602539, 12.6355791092, 19.033618927, 18.3065891266, 13.9271287918, 19.4617729187, 47.8258666992, 94.5553131104, 44.163318634], [-89.1742401123, -33.0035858154, -1.28460979462, 20.86652565, 30.7847709656, 18.1422958374, 17.395275116, 26.3178653717, 16.8310642242, 7.18273735046, 16.6499977112, 44.163318634, 101.983551025]],
