{
"lowlevel": {
    "average_loudness": 0.546273887157,
    "barkbands_crest": {
        "dmean": 1.71833455563,
        "dmean2": 2.58139491081,
        "dvar": 4.46871519089,
        "dvar2": 10.5090150833,
        "max": 26.6466732025,
        "mean": 13.6777963638,
        "median": 12.866938591,
        "min": 2.63449764252,
        "var": 25.2527275085
    },
    "barkbands_flatness_db": {
        "dmean": 0.0197098962963,
        "dmean2": 0.0283577144146,
        "dvar": 0.000679499877151,
        "dvar2": 0.00136119942181,
        "max": 0.587265431881,
        "mean": 0.247498437762,
        "median": 0.248465642333,
        "min": 0.020877065137,
        "var": 0.00491900276393
    },
    "barkbands_kurtosis": {
        "dmean": 4.81740522385,
        "dmean2": 7.06856393814,
        "dvar": 285.530487061,
        "dvar2": 547.317382812,
        "max": 878.566711426,
        "mean": 14.4593191147,
        "median": 4.00640058517,
        "min": -1.9187514782,
        "var": 2181.3815918
    },
    "barkbands_skewness": {
        "dmean": 0.502748847008,
        "dmean2": 0.735558867455,
        "dvar": 0.585937619209,
        "dvar2": 1.24402570724,
        "max": 21.3786315918,
        "mean": 1.28579497337,
        "median": 0.850202023983,
        "min": -12.2316007614,
        "var": 6.40225696564
    },
    "barkbands_spread": {
        "dmean": 2.2286067009,
        "dmean2": 3.44995522499,
        "dvar": 30.3322353363,
        "dvar2": 72.1008682251,
        "max": 114.66443634,
        "mean": 8.89733886719,
        "median": 6.60936784744,
        "min": 0.119689173996,
        "var": 85.1483230591
    },
    "dissonance": {
        "dmean": 0.0364128910005,
        "dmean2": 0.0616884790361,
        "dvar": 0.0013530687429,
        "dvar2": 0.00367923313752,
        "max": 0.5,
        "mean": 0.392783164978,
        "median": 0.399510711432,
        "min": 0.0604727640748,
        "var": 0.0043712137267
    },
    "dynamic_complexity": 7.52327632904,
    "erbbands_crest": {
        "dmean": 1.69662129879,
        "dmean2": 2.47409009933,
        "dvar": 4.82760238647,
        "dvar2": 10.510061264,
        "max": 34.6160469055,
        "mean": 14.3279943466,
        "median": 13.0112686157,
        "min": 2.00912213326,
        "var": 39.8376922607
    },
    "erbbands_flatness_db": {
        "dmean": 0.0176113732159,
        "dmean2": 0.0235876683146,
        "dvar": 0.000633289397229,
        "dvar2": 0.00110174145084,
        "max": 0.582454383373,
        "mean": 0.259664624929,
        "median": 0.26885381341,
        "min": 0.0275651775301,
        "var": 0.00741285318509
    },
    "erbbands_kurtosis": {
        "dmean": 2.24941778183,
        "dmean2": 3.04749822617,
        "dvar": 20.0878067017,
        "dvar2": 36.5945091248,
        "max": 150.220596313,
        "mean": 7.00640439987,
        "median": 3.73558998108,
        "min": -1.69033420086,
        "var": 128.416259766
    },
    "erbbands_skewness": {
        "dmean": 0.364151626825,
        "dmean2": 0.516061723232,
        "dvar": 0.23477986455,
        "dvar2": 0.493334919214,
        "max": 10.0217008591,
        "mean": 1.11757218838,
        "median": 1.04904031754,
        "min": -7.04614686966,
        "var": 1.93590641022
    },
    "erbbands_spread": {
        "dmean": 3.68047428131,
        "dmean2": 5.47541475296,
        "dvar": 74.6718826294,
        "dvar2": 166.213241577,
        "max": 169.817932129,
        "mean": 17.4029312134,
        "median": 10.2049350739,
        "min": 0.357487440109,
        "var": 428.783477783
    },
    "hfc": {
        "dmean": 2.95970487595,
        "dmean2": 3.39287209511,
        "dvar": 60.2868804932,
        "dvar2": 89.582572937,
        "max": 182.260314941,
        "mean": 10.080329895,
        "median": 3.53984689713,
        "min": 1.075934403e-16,
        "var": 294.819366455
    },
    "melbands_crest": {
        "dmean": 1.97148346901,
        "dmean2": 2.97330784798,
        "dvar": 5.75355815887,
        "dvar2": 13.2189245224,
        "max": 35.2121353149,
        "mean": 16.5368976593,
        "median": 15.6204519272,
        "min": 1.61050236225,
        "var": 37.8592529297
    },
    "melbands_flatness_db": {
        "dmean": 0.0203832294792,
        "dmean2": 0.0293590482324,
        "dvar": 0.00081404595403,
        "dvar2": 0.00167823454831,
        "max": 0.727999985218,
        "mean": 0.324436455965,
        "median": 0.321634441614,
        "min": 0.00312368315645,
        "var": 0.00628088507801
    },
    "melbands_kurtosis": {
        "dmean": 6.96367025375,
        "dmean2": 10.7800674438,
        "dvar": 534.963806152,
        "dvar2": 1280.70776367,
        "max": 705.503234863,
        "mean": 19.3726673126,
        "median": 3.8623623848,
        "min": -1.88639354706,
        "var": 2892.9765625
    },
    "melbands_skewness": {
        "dmean": 0.545424222946,
        "dmean2": 0.803232312202,
        "dvar": 0.800465226173,
        "dvar2": 1.7590239048,
        "max": 20.6240177155,
        "mean": 1.57807445526,
        "median": 0.98051071167,
        "min": -7.27797079086,
        "var": 7.29726076126
    },
    "melbands_spread": {
        "dmean": 2.4889793396,
        "dmean2": 3.80134916306,
        "dvar": 28.9220428467,
        "dvar2": 68.9055480957,
        "max": 161.975006104,
        "mean": 12.0931024551,
        "median": 9.45492935181,
        "min": 0.293449372053,
        "var": 149.847793579
    },
    "pitch_salience": {
        "dmean": 0.047160346061,
        "dmean2": 0.0722691193223,
        "dvar": 0.00341996736825,
        "dvar2": 0.0078756576404,
        "max": 0.857991874218,
        "mean": 0.448238521814,
        "median": 0.453626066446,
        "min": 0.0521011203527,
        "var": 0.0214637611061
    },
    "silence_rate_20dB": {
        "dmean": 0,
        "dmean2": 0,
        "dvar": 0,
        "dvar2": 0,
        "max": 1,
        "mean": 1,
        "median": 1,
        "min": 1,
        "var": 0
    },
    "silence_rate_30dB": {
        "dmean": 0.00758269056678,
        "dmean2": 0.0151663720608,
        "dvar": 0.00752646103501,
        "dvar2": 0.0179439112544,
        "max": 1,
        "mean": 0.991110503674,
        "median": 1,
        "min": 0,
        "var": 0.0088085308671
    },
    "silence_rate_60dB": {
        "dmean": 0.0454961434007,
        "dmean2": 0.0909982323647,
        "dvar": 0.0434300042689,
        "dvar2": 0.0904420614243,
        "max": 1,
        "mean": 0.312046527863,
        "median": 0,
        "min": 0,
        "var": 0.214702561498
    },
    "spectral_centroid": {
        "dmean": 80.4616851807,
        "dmean2": 121.488273621,
        "dvar": 46649.453125,
        "dvar2": 98676.6796875,
        "max": 11863.2744141,
        "mean": 792.67199707,
        "median": 682.152648926,
        "min": 88.9351577759,
        "var": 570647.75
    },
    "spectral_complexity": {
        "dmean": 1.09909796715,
        "dmean2": 1.68804335594,
        "dvar": 2.47734427452,
        "dvar2": 4.34954166412,
        "max": 25,
        "mean": 7.38015556335,
        "median": 7,
        "min": 0,
        "var": 22.4993839264
    },
    "spectral_decrease": {
        "dmean": 9.43811251375e-10,
        "dmean2": 1.1271631406e-09,
        "dvar": 4.47257673901e-18,
        "dvar2": 6.78867128722e-18,
        "max": 1.71214883167e-28,
        "mean": -3.72802322346e-09,
        "median": -1.824138951e-09,
        "min": -5.33812567483e-08,
        "var": 2.72537797319e-17
    },
    "spectral_energy": {
        "dmean": 0.00382237997837,
        "dmean2": 0.0045453379862,
        "dvar": 7.48286984162e-05,
        "dvar2": 0.000113208880066,
        "max": 0.214493229985,
        "mean": 0.0149847529829,
        "median": 0.00724440906197,
        "min": 9.80316623978e-21,
        "var": 0.000448816397693
    },
    "spectral_energyband_high": {
        "dmean": 2.65140406555e-05,
        "dmean2": 3.72092181351e-05,
        "dvar": 6.06503514078e-09,
        "dvar2": 1.2819823425e-08,
        "max": 0.00217898888513,
        "mean": 4.39655887021e-05,
        "median": 6.50761876386e-06,
        "min": 7.11621542275e-21,
        "var": 1.17004681499e-08
    },
    "spectral_energyband_low": {
        "dmean": 0.000551748380531,
        "dmean2": 0.000802975380793,
        "dvar": 1.53655207669e-06,
        "dvar2": 2.83949248114e-06,
        "max": 0.0284004509449,
        "mean": 0.00185339408927,
        "median": 0.000703419733327,
        "min": 1.85505737904e-23,
        "var": 7.6666710811e-06
    },
    "spectral_energyband_middle_high": {
        "dmean": 0.00162594253197,
        "dmean2": 0.00186835310888,
        "dvar": 3.00662068184e-05,
        "dvar2": 4.65136872663e-05,
        "max": 0.138472124934,
        "mean": 0.00434052757919,
        "median": 0.00079345505219,
        "min": 1.15564997464e-21,
        "var": 0.000116352850455
    },
    "spectral_energyband_middle_low": {
        "dmean": 0.00224022055045,
        "dmean2": 0.00282302685082,
        "dvar": 3.19074060826e-05,
        "dvar2": 5.07700060552e-05,
        "max": 0.186756536365,
        "mean": 0.00903684459627,
        "median": 0.00287610245869,
        "min": 1.53782147829e-22,
        "var": 0.000228997989325
    },
    "spectral_entropy": {
        "dmean": 0.190801650286,
        "dmean2": 0.27517336607,
        "dvar": 0.0818011537194,
        "dvar2": 0.168967977166,
        "max": 9.82166481018,
        "mean": 6.36497783661,
        "median": 6.22714853287,
        "min": 3.70949578285,
        "var": 0.546387791634
    },
    "spectral_flux": {
        "dmean": 0.0137282041833,
        "dmean2": 0.0221056547016,
        "dvar": 0.000679451739416,
        "dvar2": 0.00163568800781,
        "max": 0.355248212814,
        "mean": 0.0282023996115,
        "median": 0.0188488997519,
        "min": 6.45545075728e-11,
        "var": 0.00104873301461
    },
    "spectral_kurtosis": {
        "dmean": 6.8811044693,
        "dmean2": 11.5961742401,
        "dvar": 99.7584533691,
        "dvar2": 260.087768555,
        "max": 321.334503174,
        "mean": 20.1394958496,
        "median": 14.1260166168,
        "min": -1.34026217461,
        "var": 499.925598145
    },
    "spectral_rms": {
        "dmean": 0.000414740672568,
        "dmean2": 0.000489592552185,
        "dvar": 4.91747414344e-07,
        "dvar2": 7.2454201927e-07,
        "max": 0.0144658805802,
        "mean": 0.00310774869286,
        "median": 0.00265851756558,
        "min": 3.09258217993e-12,
        "var": 4.96124403071e-06
    },
    "spectral_rolloff": {
        "dmean": 125.537948608,
        "dmean2": 220.479553223,
        "dvar": 362615.21875,
        "dvar2": 878567.1875,
        "max": 19616.7480469,
        "mean": 889.243591309,
        "median": 710.595703125,
        "min": 64.599609375,
        "var": 2002180.625
    },
    "spectral_skewness": {
        "dmean": 0.513513326645,
        "dmean2": 0.850769340992,
        "dvar": 0.364207416773,
        "dvar2": 0.926125645638,
        "max": 15.0156469345,
        "mean": 3.18161392212,
        "median": 3.00210833549,
        "min": -0.0773572176695,
        "var": 2.12062621117
    },
    "spectral_spread": {
        "dmean": 517555.46875,
        "dmean2": 781083,
        "dvar": 1.0701724713e+12,
        "dvar2": 2.13269387674e+12,
        "max": 51628044,
        "mean": 3483158,
        "median": 2726081.75,
        "min": 338281.15625,
        "var": 9.32948475904e+12
    },
    "spectral_strongpeak": {
        "dmean": 0.4186835289,
        "dmean2": 0.59983843565,
        "dvar": 0.697997927666,
        "dvar2": 1.27613210678,
        "max": 15.1812906265,
        "mean": 1.47945761681,
        "median": 0.765208303928,
        "min": 0,
        "var": 3.42882585526
    },
    "zerocrossingrate": {
        "dmean": 0.0045178621076,
        "dmean2": 0.00560730230063,
        "dvar": 8.53663295857e-05,
        "dvar2": 0.000125715130707,
        "max": 0.5263671875,
        "mean": 0.0365186110139,
        "median": 0.03076171875,
        "min": 0.00341796875,
        "var": 0.00149493804201
    },
    "barkbands": {
        "dmean": [5.27732254341e-06, 0.000345364009263, 0.000241990972427, 6.96559945936e-05, 0.000223782393732, 0.000469619873911, 0.000454299297417, 0.000614897988271, 0.000779841793701, 0.000502764829434, 0.000448294973467, 0.000606747402344, 0.000189324535313, 0.000121990065963, 3.81260433642e-05, 2.26027405006e-05, 1.60563558893e-05, 9.03179716261e-06, 1.34977708512e-05, 1.14573267638e-05, 7.99435929366e-06, 4.29543979408e-06, 3.29309250446e-06, 2.38139773501e-06, 2.64847267317e-06, 2.09145059671e-06, 7.08085281076e-07],
        "dmean2": [9.4197675935e-06, 0.000510835146997, 0.000363344151992, 0.000116475457617, 0.000353107927367, 0.000734958099201, 0.000611281837337, 0.000840334279928, 0.000861675303895, 0.000709042011295, 0.000550905184355, 0.000665734754875, 0.000231761208852, 0.000149008687004, 5.37705163879e-05, 3.00328665617e-05, 2.08444362215e-05, 1.24227262859e-05, 1.86163051694e-05, 1.60697745741e-05, 1.06321967905e-05, 6.41732049189e-06, 5.25176164956e-06, 3.8739417505e-06, 4.30370164395e-06, 3.28833493768e-06, 1.15220996122e-06],
        "dvar": [2.55957838258e-10, 8.51047900596e-07, 4.59954236476e-07, 3.62878189719e-08, 3.65476921615e-07, 2.6529905881e-06, 3.73415718968e-06, 4.73344971397e-06, 8.74983561516e-06, 5.3827998272e-06, 4.45578825747e-06, 8.93624201126e-06, 1.6656877051e-06, 6.62559443754e-07, 2.56230521245e-08, 8.59439008849e-09, 2.73089018066e-09, 1.38586508935e-09, 3.159062123e-09, 2.0130088707e-09, 1.40922762348e-09, 2.75026168506e-10, 1.33301328309e-10, 9.39947911172e-11, 1.40693554029e-10, 1.08563394385e-10, 1.61981920932e-11],
        "dvar2": [7.87623355425e-10, 1.60090337431e-06, 8.41644975935e-07, 9.80077174972e-08, 8.82905908384e-07, 6.16143915977e-06, 7.00637792761e-06, 8.55828875501e-06, 1.1552480828e-05, 1.09857601274e-05, 7.72281418904e-06, 1.11387880679e-05, 3.24943198393e-06, 1.02502531263e-06, 5.28973203018e-08, 1.70499738772e-08, 4.3739833977e-09, 2.32912666931e-09, 5.64715296747e-09, 3.79653064542e-09, 2.36946084975e-09, 6.04129690718e-10, 3.37558758723e-10, 2.39165326432e-10, 3.67630703657e-10, 2.60763466375e-10, 4.17189338631e-11],
        "max": [0.000454469991382, 0.0221153572202, 0.0207182653248, 0.00714754033834, 0.0138715254143, 0.0578620433807, 0.0786221772432, 0.0701979100704, 0.118574999273, 0.0655806437135, 0.0586530826986, 0.117403782904, 0.048697501421, 0.040923409164, 0.00860905088484, 0.00445598037913, 0.00284822797403, 0.00174651364796, 0.00213903840631, 0.00186536833644, 0.00213129678741, 0.000795258558355, 0.000206463446375, 0.000200831229449, 0.00025001890026, 0.000269957556156, 0.000117599993246],
        "mean": [5.64845731787e-06, 0.00125805940479, 0.000523863593116, 0.000112901703687, 0.000479513400933, 0.00140729465056, 0.00140687951352, 0.00175546179526, 0.00341037707403, 0.0012997497106, 0.000994930858724, 0.00146448507439, 0.000345661333995, 0.00025333740632, 7.76535016485e-05, 5.07099830429e-05, 4.20968644903e-05, 1.82868334377e-05, 2.38165757764e-05, 2.08323672268e-05, 1.39420199048e-05, 5.98651922701e-06, 4.2396977733e-06, 2.99033058582e-06, 3.07394179799e-06, 2.32557977142e-06, 5.95473750309e-07],
        "median": [1.74251499629e-06, 0.00025089859264, 0.000186299119378, 3.24887805618e-05, 9.28067020141e-05, 0.000173451931914, 0.000100408797152, 0.000144624907989, 0.000201254864805, 0.000109055596113, 5.66785092815e-05, 5.67148344999e-05, 1.70483272086e-05, 1.41406580951e-05, 8.29727923701e-06, 4.33494869867e-06, 5.56236636839e-06, 2.54655856224e-06, 2.82445284938e-06, 2.2589663331e-06, 8.9487537025e-07, 7.11698078248e-07, 6.23578216619e-07, 3.42461987657e-07, 2.70911385769e-07, 8.9799947034e-08, 3.90588672516e-09],
        "min": [2.49453127063e-25, 4.45720887047e-24, 3.8963550951e-25, 5.60828729046e-25, 6.22857276175e-24, 3.10530283289e-24, 7.12027273002e-24, 7.16369873399e-24, 1.38973830777e-23, 1.75256178603e-23, 1.25823140833e-23, 3.16341332484e-23, 3.78138550097e-23, 2.11156086663e-23, 4.52698432752e-23, 5.48061871209e-23, 6.09652533483e-23, 9.1641718924e-23, 1.40574041434e-22, 1.96354484394e-22, 2.70641111942e-22, 3.40723035135e-22, 3.93998914141e-22, 5.31052073717e-22, 9.99469550815e-22, 1.29247101978e-21, 2.0583303061e-21],
        "var": [2.13932593862e-10, 5.85866564506e-06, 1.19436344903e-06, 6.12015043089e-08, 1.01390332929e-06, 1.13150863399e-05, 1.94077838387e-05, 1.96568998945e-05, 7.34207642381e-05, 1.66550635186e-05, 1.34375832204e-05, 3.79388802685e-05, 3.37945971296e-06, 2.03296804102e-06, 5.8702305239e-08, 2.10256327904e-08, 1.24866330609e-08, 4.82829776161e-09, 7.13323888846e-09, 4.36050484609e-09, 3.18396087273e-09, 4.27933716241e-10, 1.50912532471e-10, 1.06257995458e-10, 1.30302726942e-10, 1.07308557873e-10, 1.26265586528e-11]
    },
    "erbbands": {
        "dmean": [0.0057550589554, 0.0930212587118, 0.263876765966, 0.251242399216, 0.403416901827, 0.821401596069, 2.75620698929, 3.79875874519, 4.38484334946, 10.4452896118, 16.1696224213, 13.5561771393, 17.801776886, 14.5525846481, 20.5471992493, 18.3950386047, 9.7654542923, 5.72630119324, 4.03923606873, 1.69455170631, 1.08776938915, 0.968996405602, 0.634366095066, 0.684815645218, 0.494465619326, 0.417141526937, 0.395834386349, 0.292978972197, 0.173295766115, 0.120947986841, 0.0871813669801, 0.0500927269459, 0.0401492901146, 0.0307360682636, 0.0186920408159, 0.00898453313857, 0.00379210128449, 0.00111715542153, 0.000125672668219, 7.07477829565e-06],
        "dmean2": [0.00836974941194, 0.137881085277, 0.392935782671, 0.399222254753, 0.644509017467, 1.32184314728, 4.16266584396, 6.07848739624, 6.18570756912, 14.5177574158, 19.5690193176, 15.3126573563, 23.4357967377, 19.3828678131, 22.8080787659, 20.1626567841, 11.6583833694, 7.02424478531, 5.00341796875, 2.32300162315, 1.38232576847, 1.20190608501, 0.846078395844, 0.96023863554, 0.689850330353, 0.581375896931, 0.513000369072, 0.401943534613, 0.257051169872, 0.180823624134, 0.141303151846, 0.0808364823461, 0.0659139156342, 0.050519131124, 0.0302198342979, 0.0142058664933, 0.00604041106999, 0.00177995709237, 0.000204174386454, 9.62309513852e-06],
        "dvar": [0.000293014833005, 0.0584219582379, 0.455577194691, 0.376570820808, 1.52259254456, 5.8219370842, 129.168579102, 171.955780029, 187.187911987, 2197.12207031, 3158.72314453, 2001.57250977, 6421.53076172, 4085.06054688, 9800.29882812, 6666.71826172, 3090.26318359, 1270.85754395, 730.756286621, 43.2117919922, 14.4847078323, 11.5644369125, 6.67100000381, 6.70042705536, 3.66049098969, 2.33869981766, 3.05583763123, 1.61350131035, 0.409608483315, 0.188590586185, 0.106249511242, 0.0391159392893, 0.029610639438, 0.019279146567, 0.00714576803148, 0.00180545600597, 0.000370059744455, 3.78145414288e-05, 4.97555390666e-07, 3.99190625e-10],
        "dvar2": [0.000497465895023, 0.11274805665, 0.82711148262, 0.884146630764, 4.04926919937, 14.11967659, 272.324157715, 473.192596436, 339.283538818, 4709.77734375, 4629.60839844, 2726.87231445, 11130.9853516, 7546.49804688, 14920.9111328, 9142.5078125, 6117.31494141, 2008.375, 1170.01245117, 86.2695617676, 26.4580860138, 17.1372718811, 10.9157133102, 12.5551366806, 6.51101875305, 4.38508415222, 5.26022434235, 2.84711432457, 0.894573152065, 0.427023172379, 0.276969224215, 0.0984516516328, 0.0773240551353, 0.0508145242929, 0.0184515360743, 0.00432984111831, 0.000901616527699, 9.6021212812e-05, 1.27443672682e-06, 9.26879684116e-10],
        "max": [0.668930470943, 5.03477954865, 23.318315506, 14.8830137253, 45.8622207642, 66.5359573364, 498.531951904, 361.688110352, 613.845703125, 2018.75585938, 1964.97021484, 1400.03601074, 2464.07617188, 2323.30419922, 2752.65356445, 3114.29980469, 1941.27197266, 2322.97827148, 1193.82885742, 339.776092529, 160.576217651, 201.744918823, 125.250953674, 91.0864257812, 61.3661956787, 63.1662216187, 68.1497650146, 78.6352462769, 27.7523288727, 20.8237457275, 5.6520690918, 4.84019899368, 3.10250425339, 3.01417064667, 1.73064243793, 1.09261250496, 0.475172936916, 0.188630148768, 0.020458413288, 0.000479923997773],
        "mean": [0.0222352501005, 0.330455183983, 0.682013034821, 0.484766453505, 0.78000998497, 1.8683334589, 7.91751623154, 10.8977184296, 13.990436554, 28.5685825348, 62.8619880676, 59.0108299255, 52.2759780884, 35.8506507874, 48.5934066772, 44.4161911011, 19.8912467957, 11.6415338516, 8.73586463928, 3.55455899239, 2.74259638786, 2.68808555603, 1.42795097828, 1.27550458908, 0.869863986969, 0.789425194263, 0.738235712051, 0.49506047368, 0.247663095593, 0.176096767187, 0.104118265212, 0.0645649731159, 0.0472497791052, 0.0357879959047, 0.0213324613869, 0.0106732118875, 0.00410707993433, 0.00102385657374, 0.000111106193799, 1.97937770281e-05],
        "median": [0.00299446587451, 0.0729648992419, 0.294340610504, 0.207945466042, 0.185575455427, 0.335656762123, 0.713526904583, 1.60475647449, 1.930077672, 3.08049869537, 4.81517028809, 4.99034547806, 6.30558347702, 4.30868864059, 2.75138711929, 2.6094353199, 1.61637544632, 1.08972680569, 0.944325625896, 0.621851861477, 0.395780563354, 0.396118968725, 0.277404844761, 0.183735564351, 0.13910920918, 0.10095821321, 0.0472943224013, 0.04255964607, 0.0286880359054, 0.0252918042243, 0.0148777989671, 0.0084650432691, 0.00483053782955, 0.00349408597685, 0.001667715027, 0.000578382867388, 0.000136588976602, 1.76264802576e-05, 7.71994200477e-06, 9.41173766478e-06],
        "min": [1.25139618103e-22, 5.00898200092e-22, 8.8877961782e-22, 2.11901559587e-21, 3.28668644755e-21, 2.19720205639e-20, 5.53097806252e-20, 4.26989856718e-20, 6.62108578759e-20, 1.63086037767e-19, 2.82141846064e-19, 2.77670236919e-19, 6.95779043141e-19, 6.74636978768e-19, 6.45727636745e-19, 1.283600263e-18, 2.01441929727e-18, 1.81159874698e-18, 2.94724865843e-18, 2.20266285722e-18, 3.94112270802e-18, 3.76778783784e-18, 4.931396454e-18, 5.66140774641e-18, 8.33853395836e-18, 8.93278712787e-18, 1.07920782138e-17, 1.03976330028e-17, 1.18519099911e-17, 1.00972324372e-17, 1.04743622765e-17, 9.90755413249e-18, 8.5509440135e-18, 9.12879915454e-18, 6.82742718046e-18, 3.837129975e-18, 2.20137659137e-18, 8.91067700368e-19, 2.82919576785e-19, 2.93143277125e-20],
        "var": [0.00272725056857, 0.367440342903, 1.30546486378, 0.75768661499, 3.18179631233, 17.4469566345, 533.502319336, 629.657958984, 1216.86206055, 7118.71289062, 24890.2792969, 17498.1875, 26637.4960938, 13229.7255859, 34830.171875, 26765.2265625, 6736.44433594, 3956.94335938, 2019.08959961, 101.898483276, 51.5989112854, 56.7685813904, 23.4077072144, 15.6376848221, 7.86158943176, 5.90971565247, 7.1005821228, 3.56839323044, 0.656403303146, 0.286456376314, 0.103304624557, 0.0454625971615, 0.029557518661, 0.0175142642111, 0.00677969492972, 0.00191666255705, 0.000351354130544, 3.09407114401e-05, 3.90654207649e-07, 8.59231241712e-10]
    },
    "gfcc": {
        "mean": [-159.123962402, 135.041732788, -110.703277588, -2.72362875938, -57.3085632324, 11.4527177811, -20.1915340424, 9.68529891968, -13.957198143, -0.142951056361, -10.949133873, -3.37163972855, -7.87459564209],
        "cov": [[19576.6074219, 775.589294434, -3139.17114258, -441.286407471, -648.862731934, -436.841339111, -5.35982227325, 70.8217697144, 89.0228424072, 285.312347412, -93.3232727051, -61.8546676636, 24.1922397614], [775.589294434, 2052.9855957, -702.390625, -711.921203613, 54.5035858154, -303.839630127, 78.4130706787, -255.452194214, 217.762832642, -160.255599976, 165.330749512, -135.542907715, 194.031173706], [-3139.17114258, -702.390625, 2163.64135742, 655.83190918, -146.924530029, 178.901260376, -313.189239502, 177.839309692, -83.1767807007, 160.529403687, -47.553943634, 112.973449707, -158.038467407], [-441.286407471, -711.921203613, 655.83190918, 968.195495605, 39.342010498, 123.306632996, -12.7754583359, 137.89163208, -48.5136604309, 96.3475646973, -25.9674491882, 15.0333309174, -83.2832260132], [-648.862731934, 54.5035858154, -146.924530029, 39.342010498, 472.044006348, 206.471084595, 158.255569458, 4.59418296814, -6.70649337769, -58.7177009583, 63.3279266357, 28.5341434479, 24.6989994049], [-436.841339111, -303.839630127, 178.901260376, 123.306632996, 206.471084595, 449.880157471, 154.137466431, 119.509666443, -76.6847076416, -55.3687057495, -30.7508926392, 68.5618591309, -13.772977829], [-5.35982227325, 78.4130706787, -313.189239502, -12.7754583359, 158.255569458, 154.137466431, 497.139526367, 143.085189819, 91.3934783936, -57.4943275452, -27.9518585205, -61.5026245117, 23.555437088], [70.8217697144, -255.452194214, 177.839309692, 137.89163208, 4.59418296814, 119.509666443, 143.085189819, 301.810211182, 89.2326278687, 73.7941665649, -38.5113754272, -17.5156936646, -51.8740730286], [89.0228424072, 217.762832642, -83.1767807007, -48.5136604309, -6.70649337769, -76.6847076416, 91.3934783936, 89.2326278687, 230.256896973, 95.8630981445, 29.9675254822, -60.3677139282, 10.2995357513], [285.312347412, -160.255599976, 160.529403687, 96.3475646973, -58.7177009583, -55.3687057495, -57.4943275452, 73.7941665649, 95.8630981445, 207.889144897, 41.137966156, -14.4376029968, -63.995639801], [-93.3232727051, 165.330749512, -47.553943634, -25.9674491882, 63.3279266357, -30.7508926392, -27.9518585205, -38.5113754272, 29.9675254822, 41.137966156, 154.07522583, 42.9346580505, -0.135462611914], [-61.8546676636, -135.542907715, 112.973449707, 15.0333309174, 28.5341434479, 68.5618591309, -61.5026245117, -17.5156936646, -60.3677139282, -14.4376029968, 42.9346580505, 168.012268066, 56.3712997437], [24.1922397614, 194.031173706, -158.038467407, -83.2832260132, 24.6989994049, -13.772977829, 23.555437088, -51.8740730286, 10.2995357513, -63.995639801, -0.135462611914, 56.3712997437, 170.197799683]],
        "icov": [[0.000112288769742, -0.000182255651453, 0.000286729977233, -0.000151628511958, 0.000186382807442, -7.14958878234e-05, 8.38952473714e-05, -0.000188386809896, 0.000254752289038, -0.000477487395983, 0.000393418566091, -0.000400146556785, 0.000219893467147], [-0.000182255651453, 0.0016518564662, -0.000643709150609, 0.000878366816323, -0.000305525172735, 0.000331695569912, -0.000114337475679, 0.000849168631248, -0.00165189639665, 0.00222917692736, -0.00247194175608, 0.00231983372942, -0.00151152303442], [0.000286729977233, -0.000643709150609, 0.0015529479133, -0.00087742327014, 0.000690416898578, -0.000574027711991, 0.000778307439759, -0.000802546914201, 0.000607425055932, -0.00147000676952, 0.00150281377137, -0.0017559818225, 0.00120007887017], [-0.000151628511958, 0.000878366816323, -0.00087742327014, 0.00196790578775, -0.000571919546928, 0.000291567936074, -0.000324454013025, 0.000102040052298, -0.000108590546006, 0.000560763641261, -0.00128830783069, 0.00159781530965, -0.000961813260801], [0.000186382807442, -0.000305525172735, 0.000690416898578, -0.000571919546928, 0.00377292884514, -0.00187599263154, -0.000362184393452, 0.000305238936562, -4.22206067014e-05, -0.000100835022749, -0.00122526031919, -0.000346526270732, 0.000205310250749], [-7.14958878234e-05, 0.000331695569912, -0.000574027711991, 0.000291567936074, -0.00187599263154, 0.00469737034291, -0.00117105781101, -0.0013134010369, 0.00129092601128, 0.000835459853988, 0.000518943357747, -0.00126401276793, 0.000310897361487], [8.38952473714e-05, -0.000114337475679, 0.000778307439759, -0.000324454013025, -0.000362184393452, -0.00117105781101, 0.00400049425662, -0.00170301704202, -0.00133493216708, 0.00120921200141, 0.000262191577349, 0.000892450218089, -0.000192496081581], [-0.000188386809896, 0.000849168631248, -0.000802546914201, 0.000102040052298, 0.000305238936562, -0.0013134010369, -0.00170301704202, 0.00708753289655, -0.00361466989852, 6.53649840388e-05, 0.000492741819471, 4.58480244561e-05, 0.000837249099277], [0.000254752289038, -0.00165189639665, 0.000607425055932, -0.000108590546006, -4.22206067014e-05, 0.00129092601128, -0.00133493216708, -0.00361466989852, 0.0114774191752, -0.00673609646037, 0.000488963501994, 0.0010794835398, -0.00203298428096], [-0.000477487395983, 0.00222917692736, -0.00147000676952, 0.000560763641261, -0.000100835022749, 0.000835459853988, 0.00120921200141, 6.53649840388e-05, -0.00673609646037, 0.0132167628035, -0.00551212532446, 0.00250375503674, 0.000914336415008], [0.000393418566091, -0.00247194175608, 0.00150281377137, -0.00128830783069, -0.00122526031919, 0.000518943357747, 0.000262191577349, 0.000492741819471, 0.000488963501994, -0.00551212532446, 0.0140030635521, -0.00795520562679, 0.00440471433103], [-0.000400146556785, 0.00231983372942, -0.0017559818225, 0.00159781530965, -0.000346526270732, -0.00126401276793, 0.000892450218089, 4.58480244561e-05, 0.0010794835398, 0.00250375503674, -0.00795520562679, 0.0148180508986, -0.00763614103198], [0.000219893467147, -0.00151152303442, 0.00120007887017, -0.000961813260801, 0.000205310250749, 0.000310897361487, -0.000192496081581, 0.000837249099277, -0.00203298428096, 0.000914336415008, 0.00440471433103, -0.00763614103198, 0.0114878313616]]
    },
    "melbands": {
        "dmean": [7.62278432376e-05, 0.000133080378873, 4.39425311924e-05, 4.33978202636e-05, 8.01554997452e-05, 8.54666068335e-05, 7.58160313126e-05, 0.000119652853755, 0.000146785925608, 8.79673752934e-05, 9.14202828426e-05, 5.96177414991e-05, 5.57074454264e-05, 7.66159719205e-05, 3.3223284845e-05, 2.0188952476e-05, 9.37565619097e-06, 7.74812815507e-06, 3.75188574253e-06, 1.6569994159e-06, 1.11059659957e-06, 1.05194976641e-06, 6.48834202366e-07, 4.69847719842e-07, 6.29375108474e-07, 4.3956083573e-07, 4.36036856399e-07, 2.53101035241e-07, 2.99097820289e-07, 1.52738238057e-07, 1.84371401701e-07, 9.89884441083e-08, 7.47112238741e-08, 6.99111808444e-08, 5.79214969321e-08, 3.16340198481e-08, 3.06462517585e-08, 2.81206737895e-08, 2.79591123586e-08, 2.59075800813e-08],
        "dmean2": [0.000111245863081, 0.000196141336346, 6.86100684106e-05, 7.01119424775e-05, 0.000121116216178, 0.000136271919473, 0.000103228310763, 0.000167483507539, 0.000172476458829, 9.94193760562e-05, 0.000121671750094, 8.14178129076e-05, 6.40776925138e-05, 8.08050317573e-05, 4.04455713578e-05, 2.43207141466e-05, 1.17694307846e-05, 9.45680585573e-06, 5.30415081812e-06, 2.30216369346e-06, 1.37757206176e-06, 1.32352090532e-06, 8.68087511208e-07, 6.43801683964e-07, 8.9133743586e-07, 5.94170614931e-07, 6.44565716357e-07, 3.51440917257e-07, 3.86316685308e-07, 2.10152009572e-07, 2.59465082308e-07, 1.5222020977e-07, 1.07874498667e-07, 1.08001472654e-07, 9.49126501837e-08, 5.25706944643e-08, 4.98202936683e-08, 4.65796219373e-08, 4.68237892903e-08, 4.27476756215e-08],
        "dvar": [4.57574316215e-08, 9.4304311915e-08, 1.17328751159e-08, 1.45147796005e-08, 9.45486888781e-08, 7.96100252387e-08, 6.79141720639e-08, 2.46097727086e-07, 2.85425244329e-07, 1.00102127476e-07, 1.69558333596e-07, 7.07700849034e-08, 6.64753301294e-08, 1.74067849912e-07, 3.77040905164e-08, 3.00076763438e-08, 3.78232689613e-09, 3.67729713346e-09, 2.98439190027e-10, 6.1688709696e-11, 1.49735016053e-11, 1.5057923658e-11, 4.70103556777e-12, 3.17283590894e-12, 6.33845970502e-12, 5.4867425707e-12, 5.5488283239e-12, 9.4223153585e-13, 1.68407627253e-12, 4.65532885678e-13, 7.89101694144e-13, 1.52871313698e-13, 9.79818710976e-14, 6.80282585363e-14, 4.90139985619e-14, 1.69751128572e-14, 1.48307710242e-14, 1.44355759442e-14, 1.53230513266e-14, 1.44361942783e-14],
        "dvar2": [8.07825699667e-08, 1.78572364007e-07, 2.76300404778e-08, 3.83850746744e-08, 1.99130184342e-07, 2.09027149367e-07, 1.14301570875e-07, 5.18862634635e-07, 4.04941403076e-07, 1.31755001576e-07, 2.99459998132e-07, 1.33753303544e-07, 1.07457857723e-07, 2.02606003086e-07, 7.72397896753e-08, 5.74238256945e-08, 5.86978510242e-09, 5.91268811689e-09, 6.23841645009e-10, 1.2542410166e-10, 2.52556725533e-11, 2.25416994099e-11, 8.55652874943e-12, 5.35954830863e-12, 1.19712876764e-11, 9.55531313795e-12, 1.0799898302e-11, 1.72899140751e-12, 2.80111741094e-12, 9.10460183808e-13, 1.39953521862e-12, 3.45926683566e-13, 1.99676226617e-13, 1.62110423826e-13, 1.28495101386e-13, 4.47696079427e-14, 3.70319551933e-14, 3.80076558334e-14, 4.01359175929e-14, 3.82442490762e-14],
        "max": [0.00644449330866, 0.00892321299762, 0.00346924318001, 0.00275252945721, 0.0131417661905, 0.00763138663024, 0.012600033544, 0.018543606624, 0.0172545481473, 0.0132510652766, 0.0124941030517, 0.0102450475097, 0.00900690909475, 0.0167880058289, 0.00888484530151, 0.00667386641726, 0.00396326137707, 0.0026771845296, 0.000961268611718, 0.000378680822905, 0.000147318089148, 0.000234838400502, 7.78891844675e-05, 7.79420006438e-05, 9.25647473196e-05, 0.000102554098703, 0.000117946845421, 5.04798554175e-05, 4.89118028781e-05, 2.48119631578e-05, 5.92854412389e-05, 1.65768924489e-05, 1.78791851795e-05, 8.10465917311e-06, 3.91059256799e-06, 2.47969592237e-06, 3.19886885336e-06, 1.91137678485e-06, 2.3718457669e-06, 2.75372144642e-06],
        "mean": [0.000290826428682, 0.000404258229537, 8.96674682735e-05, 9.29130328586e-05, 0.000226916003157, 0.00025028604432, 0.000243809947278, 0.000310299539706, 0.000605022651143, 0.000369830027921, 0.000260758242803, 0.000145783094922, 0.000129154665046, 0.000185021883226, 7.52925770939e-05, 3.62285318261e-05, 1.90677146747e-05, 1.63153526955e-05, 7.18893079465e-06, 3.41452027897e-06, 2.80522544926e-06, 2.82419000541e-06, 1.51698918671e-06, 9.73692408479e-07, 1.11292024485e-06, 7.44608655623e-07, 6.56813824662e-07, 4.88096247864e-07, 5.70280860757e-07, 2.57266123072e-07, 2.93457304679e-07, 1.29659397885e-07, 1.07848769915e-07, 9.79671739287e-08, 6.65985879778e-08, 3.74567683536e-08, 4.0089076947e-08, 3.22591588997e-08, 3.2479945844e-08, 2.94903834686e-08],
        "median": [5.02426992171e-05, 0.000152188295033, 3.89383203583e-05, 1.65272977029e-05, 2.4607496016e-05, 3.66777021554e-05, 2.56133462244e-05, 2.554578532e-05, 3.29838112521e-05, 2.62249050138e-05, 2.54696024058e-05, 1.27780413095e-05, 8.10860547062e-06, 5.61259776077e-06, 2.956482831e-06, 1.08054484826e-06, 1.44111550071e-06, 1.02331989638e-06, 6.36579386537e-07, 3.76947781433e-07, 2.71446793931e-07, 3.05886686647e-07, 2.70659455737e-07, 1.50490848227e-07, 1.26581809923e-07, 6.78422722444e-08, 7.0062441182e-08, 5.19542311395e-08, 2.63462105465e-08, 1.65225912951e-08, 2.31045369503e-08, 1.37093829622e-08, 1.20545422533e-08, 1.34133948393e-08, 8.95850149618e-09, 4.98912777758e-09, 4.8983839207e-09, 3.08288217177e-09, 3.0980285004e-09, 2.84641887838e-09],
        "min": [1.39843906884e-24, 9.85555286114e-25, 4.10414648095e-25, 1.28497247168e-24, 1.74484514866e-24, 7.48744172747e-25, 1.07461590738e-24, 1.6172788461e-24, 1.67023882576e-24, 1.78225904645e-24, 3.22075282358e-24, 2.39291193445e-24, 1.63794818511e-24, 2.75985886755e-24, 3.24473912548e-24, 2.72858566026e-24, 2.86475330769e-24, 4.28682359242e-24, 3.85756414198e-24, 2.3707447458e-24, 4.14530628476e-24, 3.21980007682e-24, 2.79817739159e-24, 3.8421072014e-24, 3.84247323286e-24, 5.54068053037e-24, 6.10501821133e-24, 5.28933682419e-24, 5.46691927472e-24, 5.26728342873e-24, 5.59733967603e-24, 5.80510631137e-24, 4.91757389527e-24, 5.22139815089e-24, 4.83955870718e-24, 6.03950015771e-24, 5.64116366033e-24, 5.35025502988e-24, 6.82104043373e-24, 6.9294946087e-24],
        "var": [3.66126045037e-07, 3.45840874161e-07, 2.39605650876e-08, 4.19573531474e-08, 3.83665593517e-07, 3.09520146402e-07, 4.50468746749e-07, 7.68216864344e-07, 2.50828929893e-06, 8.01634712388e-07, 6.82806614805e-07, 2.307933471e-07, 2.22364406e-07, 7.50904746383e-07, 1.00640207279e-07, 6.17138127268e-08, 1.17480780659e-08, 1.00859738339e-08, 6.24888085721e-10, 1.25514820759e-10, 6.95308047249e-11, 7.24504067851e-11, 1.5576250359e-11, 1.13670227744e-11, 1.4354885336e-11, 1.19145917091e-11, 9.34107999284e-12, 2.81355190881e-12, 4.36185029068e-12, 9.1543699704e-13, 1.61995026768e-12, 2.24163664519e-13, 1.7021486217e-13, 9.44161198876e-14, 4.63072404044e-14, 1.63059737696e-14, 1.80216711915e-14, 1.41539756058e-14, 1.44424758746e-14, 1.26816612428e-14]
    },
    "mfcc": {
        "mean": [-803.312683105, 168.579818726, 5.4742231369, 2.63768863678, -9.85938549042, 0.0632400363684, 1.84782195091, 7.89429092407, 5.10368776321, 3.80279970169, 3.26152038574, 1.22030544281, 1.85015499592],
        "cov": [[10428.5517578, 1840.50561523, -2013.30249023, -178.11756897, -862.524597168, -338.630493164, -422.094451904, -303.203704834, 19.1031112671, 64.7873458862, 56.2910575867, 76.639251709, -67.5962677002], [1840.50561523, 2418.07568359, -587.969238281, -477.626983643, -290.582733154, -235.80960083, -247.933425903, -130.814331055, 11.6157541275, -73.9362106323, -22.9621200562, 67.7012252808, 14.7943754196], [-2013.30249023, -587.969238281, 1576.9967041, 334.190307617, 344.304718018, 43.9476280212, -10.964594841, -20.1645030975, -88.6436004639, 54.5535964966, 47.1141357422, -47.658946991, 9.66184139252], [-178.11756897, -477.626983643, 334.190307617, 596.942199707, 145.539520264, 54.0562591553, 28.1011486053, -9.95228767395, 14.6656932831, 105.330696106, 79.6330490112, 17.7545204163, 23.7157154083], [-862.524597168, -290.582733154, 344.304718018, 145.539520264, 419.288879395, 123.711120605, 64.4559249878, 25.8178977966, -72.7562332153, -6.07694768906, 9.50526428223, -19.1115818024, 58.1336402893], [-338.630493164, -235.80960083, 43.9476280212, 54.0562591553, 123.711120605, 256.059082031, 176.198822021, 115.613380432, 24.5845508575, -30.9191398621, -21.691701889, -19.0136852264, 5.05133390427], [-422.094451904, -247.933425903, -10.964594841, 28.1011486053, 64.4559249878, 176.198822021, 330.4140625, 233.825973511, 87.5117416382, 15.8553256989, -1.8349738121, 11.209321022, -3.2748041153], [-303.203704834, -130.814331055, -20.1645030975, -9.95228767395, 25.8178977966, 115.613380432, 233.825973511, 307.561645508, 151.041061401, 4.11954498291, -18.5490036011, -3.7276904583, 25.3961601257], [19.1031112671, 11.6157541275, -88.6436004639, 14.6656932831, -72.7562332153, 24.5845508575, 87.5117416382, 151.041061401, 267.514709473, 114.559143066, 21.0194911957, 37.3783721924, -23.704416275], [64.7873458862, -73.9362106323, 54.5535964966, 105.330696106, -6.07694768906, -30.9191398621, 15.8553256989, 4.11954498291, 114.559143066, 216.823654175, 141.684341431, 56.311164856, -32.1305618286], [56.2910575867, -22.9621200562, 47.1141357422, 79.6330490112, 9.50526428223, -21.691701889, -1.8349738121, -18.5490036011, 21.0194911957, 141.684341431, 224.596755981, 124.336013794, -10.4310684204], [76.639251709, 67.7012252808, -47.658946991, 17.7545204163, -19.1115818024, -19.0136852264, 11.209321022, -3.7276904583, 37.3783721924, 56.311164856, 124.336013794, 198.580932617, 70.7876586914], [-67.5962677002, 14.7943754196, 9.66184139252, 23.7157154083, 58.1336402893, 5.05133390427, -3.2748041153, 25.3961601257, -23.704416275, -32.1305618286, -10.4310684204, 70.7876586914, 216.039535522]],
