{
"lowlevel": {
    "average_loudness": 0.347379922867,
    "barkbands_crest": {
        "dmean": 1.7940120697,
        "dmean2": 2.79849219322,
        "dvar": 3.56184315681,
        "dvar2": 8.50246715546,
        "max": 26.235906601,
        "mean": 10.9416151047,
        "median": 10.0517721176,
        "min": 2.70388054848,
        "var": 19.8324623108
    },
    "barkbands_flatness_db": {
        "dmean": 0.0208110250533,
        "dmean2": 0.0290625412017,
        "dvar": 0.000639349396806,
        "dvar2": 0.00117946125101,
        "max": 0.703475892544,
        "mean": 0.24326877296,
        "median": 0.253558725119,
        "min": 0.010137502104,
        "var": 0.00673811184242
    },
    "barkbands_kurtosis": {
        "dmean": 3.39903187752,
        "dmean2": 5.19616603851,
        "dvar": 218.526229858,
        "dvar2": 545.891906738,
        "max": 781.110900879,
        "mean": 7.05638360977,
        "median": 1.37178611755,
        "min": -1.9374935627,
        "var": 811.926757812
    },
    "barkbands_skewness": {
        "dmean": 0.444935560226,
        "dmean2": 0.654905378819,
        "dvar": 0.453507751226,
        "dvar2": 0.98468285799,
        "max": 22.2850265503,
        "mean": 0.878346741199,
        "median": 0.511621892452,
        "min": -7.06286287308,
        "var": 3.71434307098
    },
    "barkbands_spread": {
        "dmean": 2.27052354813,
        "dmean2": 3.39222741127,
        "dvar": 15.9097480774,
        "dvar2": 32.6600532532,
        "max": 114.13218689,
        "mean": 11.4992704391,
        "median": 7.46308088303,
        "min": 0.202367961407,
        "var": 115.776023865
    },
    "dissonance": {
        "dmean": 0.0310114361346,
        "dmean2": 0.0519189164042,
        "dvar": 0.0010157370707,
        "dvar2": 0.00262294965796,
        "max": 0.5,
        "mean": 0.414444178343,
        "median": 0.424421310425,
        "min": 0.0994273945689,
        "var": 0.00352332019247
    },
    "dynamic_complexity": 6.16330051422,
    "erbbands_crest": {
        "dmean": 2.00399136543,
        "dmean2": 3.03402853012,
        "dvar": 4.6719956398,
        "dvar2": 10.5656518936,
        "max": 32.5382575989,
        "mean": 12.2619810104,
        "median": 11.1756792068,
        "min": 2.06559157372,
        "var": 28.1797275543
    },
    "erbbands_flatness_db": {
        "dmean": 0.0188141297549,
        "dmean2": 0.0249260496348,
        "dvar": 0.00056195538491,
        "dvar2": 0.000955317285843,
        "max": 0.517423152924,
        "mean": 0.269888073206,
        "median": 0.280919224024,
        "min": 0.0298314336687,
        "var": 0.0067883762531
    },
    "erbbands_kurtosis": {
        "dmean": 1.38587343693,
        "dmean2": 2.0005607605,
        "dvar": 6.37307024002,
        "dvar2": 12.2711019516,
        "max": 161.087493896,
        "mean": 2.93809700012,
        "median": 1.61817836761,
        "min": -1.7814707756,
        "var": 32.73777771
    },
    "erbbands_skewness": {
        "dmean": 0.34187322855,
        "dmean2": 0.490953326225,
        "dvar": 0.165681794286,
        "dvar2": 0.320307970047,
        "max": 6.37151432037,
        "mean": 0.318323940039,
        "median": 0.319378077984,
        "min": -10.2558774948,
        "var": 1.31203091145
    },
    "erbbands_spread": {
        "dmean": 3.42715024948,
        "dmean2": 5.12382555008,
        "dvar": 43.0399627686,
        "dvar2": 92.7742385864,
        "max": 141.45916748,
        "mean": 16.8406066895,
        "median": 11.4173955917,
        "min": 0.487243413925,
        "var": 249.67590332
    },
    "hfc": {
        "dmean": 3.10218954086,
        "dmean2": 3.8359003067,
        "dvar": 46.0046806335,
        "dvar2": 65.9473800659,
        "max": 224.584838867,
        "mean": 13.2470760345,
        "median": 5.28621149063,
        "min": 1.07320894214e-16,
        "var": 332.424316406
    },
    "melbands_crest": {
        "dmean": 2.12116551399,
        "dmean2": 3.3564825058,
        "dvar": 5.056661129,
        "dvar2": 12.1534948349,
        "max": 35.1901702881,
        "mean": 13.3177776337,
        "median": 12.2109708786,
        "min": 1.65183246136,
        "var": 29.2275218964
    },
    "melbands_flatness_db": {
        "dmean": 0.0229539703578,
        "dmean2": 0.0315341800451,
        "dvar": 0.000927336979657,
        "dvar2": 0.0016532978043,
        "max": 0.866347193718,
        "mean": 0.319183349609,
        "median": 0.335371851921,
        "min": 0.00428422028199,
        "var": 0.0119816549122
    },
    "melbands_kurtosis": {
        "dmean": 4.6203789711,
        "dmean2": 7.12510204315,
        "dvar": 304.38104248,
        "dvar2": 690.204772949,
        "max": 668.59954834,
        "mean": 10.9458770752,
        "median": 1.50992584229,
        "min": -1.91512262821,
        "var": 2039.51599121
    },
    "melbands_skewness": {
        "dmean": 0.454779952765,
        "dmean2": 0.679419398308,
        "dvar": 0.477426886559,
        "dvar2": 1.036465168,
        "max": 20.5274219513,
        "mean": 1.29047811031,
        "median": 0.876657426357,
        "min": -5.92209339142,
        "var": 4.28026103973
    },
    "melbands_spread": {
        "dmean": 3.4765586853,
        "dmean2": 5.26497840881,
        "dvar": 42.9195251465,
        "dvar2": 91.2071685791,
        "max": 160.601928711,
        "mean": 18.5889835358,
        "median": 11.2254343033,
        "min": 0.270994931459,
        "var": 403.071472168
    },
    "pitch_salience": {
        "dmean": 0.0516559146345,
        "dmean2": 0.0809355676174,
        "dvar": 0.00319746090099,
        "dvar2": 0.00733522232622,
        "max": 0.97266471386,
        "mean": 0.524316072464,
        "median": 0.532733738422,
        "min": 0.0547781176865,
        "var": 0.0190026480705
    },
    "silence_rate_20dB": {
        "dmean": 0,
        "dmean2": 0,
        "dvar": 0,
        "dvar2": 0,
        "max": 1,
        "mean": 1,
        "median": 1,
        "min": 1,
        "var": 0
    },
    "silence_rate_30dB": {
        "dmean": 0.00534759368747,
        "dmean2": 0.0106959817931,
        "dvar": 0.00531800091267,
        "dvar2": 0.0122146457434,
        "max": 1,
        "mean": 0.991013765335,
        "median": 1,
        "min": 0,
        "var": 0.00890752952546
    },
    "silence_rate_60dB": {
        "dmean": 0.0344622693956,
        "dmean2": 0.06892965734,
        "dvar": 0.033276412636,
        "dvar2": 0.0711654424667,
        "max": 1,
        "mean": 0.1963609308,
        "median": 0,
        "min": 0,
        "var": 0.157812863588
    },
    "spectral_centroid": {
        "dmean": 102.346763611,
        "dmean2": 151.279983521,
        "dvar": 53049.9570312,
        "dvar2": 96124.4140625,
        "max": 11723.8916016,
        "mean": 984.602478027,
        "median": 701.168457031,
        "min": 102.564575195,
        "var": 923300.75
    },
    "spectral_complexity": {
        "dmean": 1.39913845062,
        "dmean2": 2.21317696571,
        "dvar": 3.33530449867,
        "dvar2": 6.97235059738,
        "max": 40,
        "mean": 10.1833639145,
        "median": 10,
        "min": 0,
        "var": 27.960439682
    },
    "spectral_decrease": {
        "dmean": 8.54744330869e-10,
        "dmean2": 1.0689898966e-09,
        "dvar": 2.65557857059e-18,
        "dvar2": 3.55363532675e-18,
        "max": 1.93980679499e-21,
        "mean": -4.14303436003e-09,
        "median": -2.53890464208e-09,
        "min": -5.05717530075e-08,
        "var": 2.63749913209e-17
    },
    "spectral_energy": {
        "dmean": 0.00348703400232,
        "dmean2": 0.0043488140218,
        "dvar": 4.46737794846e-05,
        "dvar2": 5.95694509684e-05,
        "max": 0.211239933968,
        "mean": 0.0168382879347,
        "median": 0.0103883007541,
        "min": 1.01363713926e-20,
        "var": 0.000436051923316
    },
    "spectral_energyband_high": {
        "dmean": 4.8614852858e-05,
        "dmean2": 7.1667447628e-05,
        "dvar": 2.89742168036e-08,
        "dvar2": 5.99760809905e-08,
        "max": 0.00505443196744,
        "mean": 0.000119785727293,
        "median": 4.69025872007e-06,
        "min": 7.05598714219e-21,
        "var": 1.30070631599e-07
    },
    "spectral_energyband_low": {
        "dmean": 0.000823832408059,
        "dmean2": 0.00117819698062,
        "dvar": 4.48266609965e-06,
        "dvar2": 8.35878108774e-06,
        "max": 0.0425027124584,
        "mean": 0.00231497711502,
        "median": 0.000769832869992,
        "min": 9.91510199872e-24,
        "var": 1.51834510689e-05
    },
    "spectral_energyband_middle_high": {
        "dmean": 0.00166549463756,
        "dmean2": 0.00205810717307,
        "dvar": 1.95951724891e-05,
        "dvar2": 2.84885409201e-05,
        "max": 0.188998728991,
        "mean": 0.00599817791954,
        "median": 0.00154440279584,
        "min": 1.31082499839e-21,
        "var": 0.00011143564916
    },
    "spectral_energyband_middle_low": {
        "dmean": 0.00189317134209,
        "dmean2": 0.00251573487185,
        "dvar": 1.40390084198e-05,
        "dvar2": 2.02351511689e-05,
        "max": 0.120798267424,
        "mean": 0.00852726213634,
        "median": 0.00444239238277,
        "min": 1.30305558937e-22,
        "var": 0.000153540502652
    },
    "spectral_entropy": {
        "dmean": 0.18769992888,
        "dmean2": 0.26483169198,
        "dvar": 0.0612289980054,
        "dvar2": 0.118993699551,
        "max": 9.82495498657,
        "mean": 6.3618850708,
        "median": 6.21340847015,
        "min": 3.42007398605,
        "var": 0.456785082817
    },
    "spectral_flux": {
        "dmean": 0.0132205216214,
        "dmean2": 0.0210776235908,
        "dvar": 0.000369539367966,
        "dvar2": 0.000854276586324,
        "max": 0.293912500143,
        "mean": 0.0363222397864,
        "median": 0.0296526644379,
        "min": 6.34336888572e-11,
        "var": 0.000829434604384
    },
    "spectral_kurtosis": {
        "dmean": 12.0045108795,
        "dmean2": 19.8705806732,
        "dvar": 290.163116455,
        "dvar2": 730.466064453,
        "max": 531.315856934,
        "mean": 33.7029838562,
        "median": 22.4453487396,
        "min": -1.25504088402,
        "var": 1557.00183105
    },
    "spectral_rms": {
        "dmean": 0.000388405227568,
        "dmean2": 0.000498748209793,
        "dvar": 2.83101542209e-07,
        "dvar2": 3.96729973318e-07,
        "max": 0.0143557563424,
        "mean": 0.00346080074087,
        "median": 0.00318354018964,
        "min": 3.14470086256e-12,
        "var": 4.45049636255e-06
    },
    "spectral_rolloff": {
        "dmean": 144.824966431,
        "dmean2": 243.255996704,
        "dvar": 240241.71875,
        "dvar2": 521506.0625,
        "max": 19745.9472656,
        "mean": 1230.88647461,
        "median": 861.328125,
        "min": 21.533203125,
        "var": 2616781.75
    },
    "spectral_skewness": {
        "dmean": 0.74716335535,
        "dmean2": 1.22366845608,
        "dvar": 0.712149202824,
        "dvar2": 1.75964736938,
        "max": 19.3168678284,
        "mean": 3.77818393707,
        "median": 3.50298047066,
        "min": -0.0553596951067,
        "var": 4.84496545792
    },
    "spectral_spread": {
        "dmean": 442164.71875,
        "dmean2": 654889.3125,
        "dvar": 678713294848,
        "dvar2": 1.13984536576e+12,
        "max": 42788768,
        "mean": 2583987.75,
        "median": 1854692.125,
        "min": 242600.265625,
        "var": 8.55885584794e+12
    },
    "spectral_strongpeak": {
        "dmean": 0.527334272861,
        "dmean2": 0.838112950325,
        "dvar": 1.02635800838,
        "dvar2": 2.12911915779,
        "max": 12.6796655655,
        "mean": 1.51543390751,
        "median": 0.634542882442,
        "min": 0,
        "var": 3.59659814835
    },
    "zerocrossingrate": {
        "dmean": 0.00491273170337,
        "dmean2": 0.00591671513394,
        "dvar": 0.000107229294372,
        "dvar2": 0.00018059174181,
        "max": 0.525390625,
        "mean": 0.0429093167186,
        "median": 0.03369140625,
        "min": 0.00146484375,
        "var": 0.00201194314286
    },
    "barkbands": {
        "dmean": [5.67610550206e-06, 0.000561233377084, 0.000303877226543, 8.83898392203e-05, 0.000472245475976, 0.00041179463733, 0.000422198761953, 0.000574922014493, 0.00075809028931, 0.00056447222596, 0.000250135286478, 0.000463875156129, 0.000252876954619, 0.000244067254243, 0.000101328500023, 7.99637491582e-05, 9.30884198169e-05, 9.45608626353e-05, 7.19344243407e-05, 3.51843591488e-05, 2.24789946515e-05, 9.62626290857e-06, 5.128734756e-06, 2.49784147854e-06, 1.63858408087e-06, 7.5953630585e-07, 4.04848918834e-07],
        "dmean2": [1.01204750536e-05, 0.000819029228296, 0.000449319486506, 0.000143355704495, 0.000739448179957, 0.000681633886416, 0.000673938193358, 0.000761362898629, 0.000826427654829, 0.000756640802138, 0.000330195005517, 0.000539319589734, 0.000338777230354, 0.000279788713669, 0.000149167244672, 0.000118538933748, 0.000139901268994, 0.000143512210343, 0.000110419867269, 5.48456846445e-05, 3.25374458043e-05, 1.43974857565e-05, 7.80110349297e-06, 3.80003052669e-06, 2.4312541882e-06, 1.11113934054e-06, 6.2760881292e-07],
        "dvar": [7.77222397552e-10, 2.83875033347e-06, 8.01407850304e-07, 3.55672824526e-08, 4.96186828514e-07, 5.50694039703e-07, 1.04928335531e-06, 4.19717935074e-06, 5.79104562348e-06, 3.97497342419e-06, 1.45110539052e-06, 4.68596908831e-06, 9.75850412033e-07, 1.32757497795e-06, 1.31975454565e-07, 6.68477255772e-08, 6.12304233982e-08, 9.19780447362e-08, 7.29094082885e-08, 2.01811918288e-08, 8.25069346178e-09, 1.34421129783e-09, 3.5856542735e-10, 6.35016275674e-11, 3.55166590582e-11, 4.57662944001e-12, 2.25700144338e-12],
        "dvar2": [2.27626473226e-09, 5.52175060875e-06, 1.41144630561e-06, 8.61138360619e-08, 1.29909005864e-06, 1.44071680097e-06, 2.47188859248e-06, 6.99873089616e-06, 6.65252673571e-06, 6.86832618157e-06, 2.25418875743e-06, 5.65951040699e-06, 1.84744351373e-06, 1.71117414993e-06, 2.83082897568e-07, 1.45893125136e-07, 1.35586887495e-07, 1.9088477643e-07, 1.73723790908e-07, 4.61516869166e-08, 1.72152176958e-08, 2.95081381552e-09, 8.09577571648e-10, 1.42063041886e-10, 7.95666726949e-11, 9.91126191535e-12, 5.3641622394e-12],
        "max": [0.00102414668072, 0.0349276140332, 0.0362919457257, 0.00531771034002, 0.0172705184668, 0.0108009055257, 0.0336737856269, 0.0780737325549, 0.11534293741, 0.095743201673, 0.0378704555333, 0.0650509223342, 0.0275376290083, 0.038455016911, 0.0113179692999, 0.00685362657532, 0.00549066718668, 0.00848261080682, 0.00880829710513, 0.00389984273352, 0.00333988456987, 0.00134623143822, 0.000815736944787, 0.000319510203553, 0.000195229062228, 3.93552727473e-05, 2.9018474379e-05],
        "mean": [5.3828948694e-06, 0.00156763475388, 0.000670655223075, 0.000146681719343, 0.00129983248189, 0.00112488644663, 0.0011046595173, 0.00175647449214, 0.00297716143541, 0.00205211946741, 0.000783702707849, 0.00114037061576, 0.000487929180963, 0.000552210316528, 0.00021914410172, 0.000172637373907, 0.000230417732382, 0.00021616522281, 0.000167887468706, 7.63170683058e-05, 4.89375015604e-05, 1.94323765754e-05, 8.46620423545e-06, 4.51248206446e-06, 3.21804600389e-06, 1.10666246655e-06, 3.99219629799e-07],
        "median": [9.30390626763e-07, 0.000313251599437, 0.000199025016627, 5.92015567236e-05, 0.000750621664338, 0.000481189228594, 0.000387105596019, 0.000285273476038, 0.000239900997258, 0.000210921760299, 5.30972320121e-05, 6.57492200844e-05, 3.03945835185e-05, 2.95693862427e-05, 2.01300117624e-05, 9.12963969313e-06, 1.12850566438e-05, 4.80707558381e-06, 3.37814685736e-06, 1.36275320983e-06, 1.08987899239e-06, 4.70367780281e-07, 2.1907239045e-07, 1.18210991218e-07, 9.38043527299e-08, 1.00131970271e-07, 1.93950135952e-08],
        "min": [5.73065785927e-25, 1.8649870868e-24, 9.61445034444e-25, 5.47316231993e-25, 7.47592593597e-24, 5.58378112922e-24, 1.00292107287e-23, 4.70991020627e-24, 8.61468294026e-24, 1.88188638066e-23, 1.32914479723e-23, 3.29668253953e-23, 2.6997518081e-23, 4.42051429549e-23, 6.26756236976e-23, 4.16172216465e-23, 7.72069464428e-23, 1.0201568159e-22, 1.24477757492e-22, 1.51485338283e-22, 2.54755447551e-22, 2.87433499368e-22, 4.3963574182e-22, 4.71519353907e-22, 8.9477304219e-22, 1.4030728023e-21, 1.97802047942e-21],
        "var": [5.3470705641e-10, 1.0292495972e-05, 2.25849044e-06, 6.5815072503e-08, 2.52308723248e-06, 2.30008572544e-06, 4.95593440064e-06, 2.77067902061e-05, 6.26102628303e-05, 2.78213938145e-05, 7.42283282307e-06, 2.08026212931e-05, 2.31628928304e-06, 5.92689002588e-06, 3.71021229739e-07, 2.33070892364e-07, 3.07638231334e-07, 3.724817077e-07, 2.85229020847e-07, 7.07553411416e-08, 3.18398356569e-08, 4.14190637343e-09, 7.86818943332e-10, 1.62644092638e-10, 1.22909904476e-10, 7.62109559488e-12, 2.33079115904e-12]
    },
    "erbbands": {
        "dmean": [0.0076352795586, 0.153649806976, 0.373780667782, 0.288555949926, 0.668204128742, 1.6699706316, 3.56389904022, 3.72730374336, 6.24828195572, 5.44913387299, 15.1767511368, 16.4107589722, 12.3625040054, 20.3738079071, 12.5687141418, 17.3147220612, 12.9517059326, 11.9791622162, 6.41175842285, 5.23269033432, 4.11641216278, 4.62106657028, 4.94867086411, 3.66306877136, 3.31171321869, 1.8040419817, 1.17302501202, 0.570577979088, 0.336523830891, 0.248185634613, 0.119673900306, 0.0653813034296, 0.0360204279423, 0.020628798753, 0.0105287870392, 0.00402256520465, 0.00124704674818, 0.000381410471164, 8.42877925606e-05, 6.62542061036e-06],
        "dmean2": [0.0107921697199, 0.224760711193, 0.55102455616, 0.445008218288, 1.03445315361, 2.58968496323, 5.76254081726, 6.34485721588, 10.3070697784, 8.07172393799, 19.2633838654, 18.777513504, 14.5335130692, 27.0153217316, 15.4123001099, 20.6887969971, 16.3968276978, 13.5467233658, 8.72709846497, 7.71309137344, 6.12452173233, 6.90195417404, 7.38885211945, 5.54730558395, 5.0890583992, 2.75669503212, 1.73166239262, 0.829667150974, 0.500441431999, 0.372306376696, 0.178937330842, 0.0999596118927, 0.0544305145741, 0.0302194729447, 0.0159755013883, 0.00601081456989, 0.00180288008414, 0.000581724627409, 0.00012991236872, 9.14086740522e-06],
        "dvar": [0.000558929634281, 0.207239702344, 1.0013051033, 0.535427510738, 1.66928601265, 6.43994474411, 40.925365448, 48.7013282776, 209.985351562, 310.569091797, 2814.58789062, 3093.20874023, 1205.44128418, 5900.53710938, 2596.33447266, 5688.61035156, 2293.41064453, 3098.89746094, 1082.390625, 409.973297119, 176.925674438, 165.69140625, 264.389160156, 159.858047485, 153.928161621, 53.1320877075, 23.0813179016, 5.18383264542, 1.59872126579, 0.768707573414, 0.194661334157, 0.0442754887044, 0.0137010561302, 0.00517933396623, 0.00219871639274, 0.000133020657813, 1.51349458974e-05, 2.50756670539e-06, 9.7438906721e-08, 1.81161780022e-10],
        "dvar2": [0.00100855145138, 0.406520426273, 1.8165179491, 1.02948844433, 4.15273046494, 15.8523626328, 108.879714966, 140.165908813, 538.458312988, 654.457702637, 4372.32714844, 3874.11035156, 1535.94042969, 10088.9873047, 3383.20581055, 8173.84521484, 4200.52246094, 3303.96533203, 2094.34277344, 789.039672852, 380.148223877, 361.786499023, 521.285095215, 365.61730957, 356.316802979, 119.07207489, 48.585308075, 11.3359327316, 3.50762629509, 1.66104543209, 0.423018336296, 0.0985851809382, 0.031227864325, 0.0108537310734, 0.00544600374997, 0.000304959976347, 3.16045989166e-05, 6.23996174909e-06, 2.27628689231e-07, 3.81772058411e-10],
        "max": [0.650345504284, 9.43562602997, 30.722114563, 30.3856983185, 41.7653884888, 92.4731826782, 82.7982177734, 129.900756836, 579.35760498, 462.395965576, 1938.51123047, 2558.78588867, 1507.12255859, 3648.51293945, 1648.16833496, 1798.84619141, 1114.67834473, 2191.23706055, 1159.06079102, 863.449707031, 466.496459961, 324.799926758, 558.998779297, 469.359039307, 284.098052979, 244.32460022, 198.354431152, 80.4929962158, 43.5472869873, 29.0526103973, 19.6701831818, 8.03708362579, 4.51877403259, 2.28488850594, 2.14373326302, 0.281063556671, 0.081405878067, 0.0534200258553, 0.00662103155628, 0.000289737188723],
        "mean": [0.0230992473662, 0.423622816801, 0.930301606655, 0.577394723892, 1.7490888834, 4.43589019775, 7.78915929794, 10.9390983582, 15.8479633331, 15.9440479279, 51.712020874, 62.8617286682, 50.4888458252, 74.3487091064, 38.256023407, 43.7254180908, 28.5390872955, 29.220281601, 13.0504579544, 12.5222806931, 9.47576141357, 11.7652864456, 12.2005329132, 9.07176971436, 8.01581478119, 4.27920150757, 2.67251491547, 1.20939612389, 0.686574876308, 0.4587469697, 0.19887137413, 0.114162392914, 0.0656775087118, 0.0415335595608, 0.0191505514085, 0.00669201742858, 0.00171720446087, 0.000434030313045, 9.02471074369e-05, 2.26056763495e-05],
        "median": [0.00310592283495, 0.0961315780878, 0.322166770697, 0.284963279963, 0.536129236221, 2.51273107529, 4.24975061417, 4.33657455444, 6.48062849045, 4.7092461586, 8.80700778961, 6.57086133957, 8.88660240173, 6.92704534531, 5.15476036072, 3.84164476395, 2.38500738144, 2.21734404564, 1.78345966339, 0.975695490837, 0.586778819561, 0.64406311512, 0.449972659349, 0.246837362647, 0.166029423475, 0.0767086148262, 0.0593292713165, 0.0325434468687, 0.0168691501021, 0.0109473001212, 0.00610143877566, 0.00314313173294, 0.0016388281947, 0.000992372748442, 0.000677798583638, 0.000439323019236, 0.000180580696906, 3.88104199374e-05, 1.58370912686e-05, 1.39015937748e-05],
        "min": [8.86234992353e-23, 3.14289404295e-22, 1.87734092625e-21, 1.49214345314e-21, 5.56281344933e-21, 1.91333208785e-20, 3.59572924273e-20, 5.10344814733e-20, 1.46269753182e-19, 2.73537073892e-19, 3.85536165609e-19, 3.81355362149e-19, 4.38698339795e-19, 7.85055560979e-19, 6.95671096071e-19, 1.48131049147e-18, 1.59547061838e-18, 2.1971939526e-18, 2.87048443643e-18, 3.37526271984e-18, 2.31709192123e-18, 4.7230209723e-18, 6.53564128734e-18, 7.49349865229e-18, 7.14708947382e-18, 6.91679825538e-18, 9.83855817042e-18, 1.04460950334e-17, 1.11304414065e-17, 1.14346031623e-17, 1.20633472818e-17, 1.0746527859e-17, 8.83807660209e-18, 8.80852557471e-18, 6.41446718581e-18, 4.29863802699e-18, 2.48152984354e-18, 1.03127119528e-18, 2.71302678112e-19, 2.76857124839e-20],
        "var": [0.00319107761607, 0.704302251339, 2.95801305771, 1.26088559628, 9.2764749527, 34.6999969482, 100.129013062, 249.924194336, 984.476745605, 1279.27331543, 22338.9296875, 27254.7246094, 13111.1708984, 38831.9375, 12614.4306641, 24945.9199219, 6901.83105469, 16908.6269531, 2153.97631836, 1640.2487793, 588.997192383, 752.79675293, 1057.32836914, 686.397033691, 611.59753418, 219.356124878, 96.7395935059, 17.113653183, 5.16224622726, 2.09712815285, 0.433047264814, 0.107510693371, 0.0352537035942, 0.021171361208, 0.00576749024913, 0.000322837149724, 2.3335835067e-05, 2.4247597139e-06, 1.04074736385e-07, 7.19696358065e-10]
    },
    "gfcc": {
        "mean": [-141.167266846, 152.992797852, -119.246429443, -9.91874313354, -48.1121902466, -4.67866325378, -22.9606056213, 1.23926436901, -17.1470355988, -3.99054312706, -10.8456230164, -0.631920158863, -7.53484535217],
        "cov": [[21308.4628906, -430.42755127, -4187.20556641, 905.946655273, -782.250976562, -300.490081787, -158.624237061, 188.053222656, -2.90285778046, 102.025848389, 103.884788513, 103.950202942, 32.3224029541], [-430.42755127, 3451.078125, 275.069488525, -1539.36169434, 323.247070312, -291.358184814, 474.066986084, -282.915008545, 110.056716919, -353.825683594, 28.2927436829, -30.8247509003, 163.242828369], [-4187.20556641, 275.069488525, 2667.02563477, -181.386383057, 6.22631263733, 324.873596191, -61.6386642456, 34.71326828, -33.6892623901, 129.828872681, -94.4652709961, 79.6440505981, -73.1564941406], [905.946655273, -1539.36169434, -181.386383057, 1409.46032715, -7.3921046257, 169.208786011, -185.011642456, 190.992034912, 52.2157897949, 217.409835815, 74.9706726074, -12.1725559235, -53.7804946899], [-782.250976562, 323.247070312, 6.22631263733, -7.3921046257, 410.999938965, 75.8742218018, 157.255828857, 50.8951416016, 35.9260482788, 10.0623168945, 48.6333847046, -21.4504585266, -4.52208566666], [-300.490081787, -291.358184814, 324.873596191, 169.208786011, 75.8742218018, 333.66003418, 77.8766098022, 57.7787437439, 5.87804269791, 52.5894126892, -1.48965036869, 20.8113212585, -33.940536499], [-158.624237061, 474.066986084, -61.6386642456, -185.011642456, 157.255828857, 77.8766098022, 422.61114502, 39.9680023193, 83.6445083618, -88.9065856934, -17.9150505066, -6.03584575653, 15.1369657516], [188.053222656, -282.915008545, 34.71326828, 190.992034912, 50.8951416016, 57.7787437439, 39.9680023193, 252.515182495, 64.7442932129, 72.6239089966, -7.15772867203, 1.05617117882, -5.31335115433], [-2.90285778046, 110.056716919, -33.6892623901, 52.2157897949, 35.9260482788, 5.87804269791, 83.6445083618, 64.7442932129, 162.234054565, 26.904794693, 23.7112178802, -10.0512714386, 11.7667798996], [102.025848389, -353.825683594, 129.828872681, 217.409835815, 10.0623168945, 52.5894126892, -88.9065856934, 72.6239089966, 26.904794693, 195.302383423, 61.4735183716, 12.5677938461, -29.0119953156], [103.884788513, 28.2927436829, -94.4652709961, 74.9706726074, 48.6333847046, -1.48965036869, -17.9150505066, -7.15772867203, 23.7112178802, 61.4735183716, 135.821792603, 32.6335296631, 16.0878429413], [103.950202942, -30.8247509003, 79.6440505981, -12.1725559235, -21.4504585266, 20.8113212585, -6.03584575653, 1.05617117882, -10.0512714386, 12.5677938461, 32.6335296631, 107.638153076, 33.4670600891], [32.3224029541, 163.242828369, -73.1564941406, -53.7804946899, -4.52208566666, -33.940536499, 15.1369657516, -5.31335115433, 11.7667798996, -29.0119953156, 16.0878429413, 33.4670600891, 119.395088196]],
        "icov": [[0.000126224666019, -0.000263154623099, 0.000301321153529, -0.000213105013245, 0.00041754861013, -0.000253070087638, 6.61752346787e-05, -0.000236087973462, 0.00026063399855, -0.000414129928686, 0.000339720019838, -0.000425505480962, 0.00028642025427], [-0.000263154623099, 0.0016632815823, -0.000928280816879, 0.00130567420274, -0.00153922068421, 0.00126150646247, -0.000637005956378, 0.00107452308293, -0.0013928405242, 0.00180329848081, -0.00176561111584, 0.00159435684327, -0.00138818612322], [0.000301321153529, -0.000928280816879, 0.00131861155387, -0.000546983093955, 0.00110231549479, -0.0013247798197, 0.00050728028873, -0.000649059657007, 0.000737218011636, -0.00171376031358, 0.00172724516597, -0.00167037686333, 0.0010675318772], [-0.000213105013245, 0.00130567420274, -0.000546983093955, 0.00211446685717, -0.00114990200382, 0.000297270860756, 8.02561844466e-05, 0.000271071097814, -0.00133555498905, 0.000862757558934, -0.00162313273177, 0.00149332173169, -0.00092596799368], [0.00041754861013, -0.00153922068421, 0.00110231549479, -0.00114990200382, 0.00509503996, -0.00171571876854, -0.000705480517354, -0.00173676456325, 0.00185201899149, -0.00191680598073, -0.000133792098495, -0.00045149543439, 0.00136260525323], [-0.000253070087638, 0.00126150646247, -0.0013247798197, 0.000297270860756, -0.00171571876854, 0.00552004994825, -0.00182498793583, 0.000767181161791, -0.000344871834386, 0.000747098762076, -0.0010132411262, 0.000388058484532, -0.000321105937473], [6.61752346787e-05, -0.000637005956378, 0.00050728028873, 8.02561844466e-05, -0.000705480517354, -0.00182498793583, 0.00455253664404, -0.000986418104731, -0.00171082909219, 0.00144981453195, 0.000965590937994, -0.000973939662799, 0.000697216833942], [-0.000236087973462, 0.00107452308293, -0.000649059657007, 0.000271071097814, -0.00173676456325, 0.000767181161791, -0.000986418104731, 0.0065149711445, -0.00256734550931, -0.00103947974276, 0.00118933373597, 0.000383313337807, -0.00138079037424], [0.00026063399855, -0.0013928405242, 0.000737218011636, -0.00133555498905, 0.00185201899149, -0.000344871834386, -0.00171082909219, -0.00256734550931, 0.00970696844161, -0.00276882690378, -0.000206477794563, 0.000286368012894, 7.67764358898e-05], [-0.000414129928686, 0.00180329848081, -0.00171376031358, 0.000862757558934, -0.00191680598073, 0.000747098762076, 0.00144981453195, -0.00103947974276, -0.00276882690378, 0.0120511837304, -0.00639385031536, 0.00199610809796, 0.000398052012315], [0.000339720019838, -0.00176561111584, 0.00172724516597, -0.00162313273177, -0.000133792098495, -0.0010132411262, 0.000965590937994, 0.00118933373597, -0.000206477794563, -0.00639385031536, 0.0140533177182, -0.00576486857608, 0.000475683220429], [-0.000425505480962, 0.00159435684327, -0.00167037686333, 0.00149332173169, -0.00045149543439, 0.000388058484532, -0.000973939662799, 0.000383313337807, 0.000286368012894, 0.00199610809796, -0.00576486857608, 0.0144335348159, -0.00499396724626], [0.00028642025427, -0.00138818612322, 0.0010675318772, -0.00092596799368, 0.00136260525323, -0.000321105937473, 0.000697216833942, -0.00138079037424, 7.67764358898e-05, 0.000398052012315, 0.000475683220429, -0.00499396724626, 0.0116684027016]]
    },
    "melbands": {
        "dmean": [0.000116803399578, 0.000203545307158, 5.54418875254e-05, 7.77008535806e-05, 0.000117383744509, 8.13431543065e-05, 8.98932048585e-05, 6.81111050653e-05, 0.000123725738376, 0.000104796345113, 6.30690628896e-05, 8.81460800883e-05, 4.25385223934e-05, 5.24586321262e-05, 3.59739169653e-05, 2.80810654658e-05, 2.02893497772e-05, 1.1312919014e-05, 6.42172699372e-06, 6.19442016614e-06, 5.08456105308e-06, 4.89479316457e-06, 5.3948333516e-06, 5.20861658515e-06, 2.82896780845e-06, 3.71233613805e-06, 1.44231205468e-06, 1.1855769344e-06, 8.81858909452e-07, 4.73436926995e-07, 2.95472176504e-07, 2.07057155421e-07, 1.82881208843e-07, 1.29563900941e-07, 7.49180983917e-08, 5.18974516694e-08, 3.94352674959e-08, 2.8375406913e-08, 2.0710123394e-08, 1.68541660628e-08],
        "dmean2": [0.000167931459146, 0.000297052320093, 8.48714262247e-05, 0.000118725423818, 0.000189992817468, 0.000137563532917, 0.000146769409184, 9.82538040262e-05, 0.000154792971443, 0.000116852104838, 7.44326971471e-05, 0.000117194336781, 5.40301916772e-05, 6.08555237704e-05, 4.4498778152e-05, 3.46101769537e-05, 2.30251444009e-05, 1.53753062477e-05, 9.50196044869e-06, 9.2143936854e-06, 7.45108127376e-06, 7.30781903258e-06, 7.78326375439e-06, 7.89580826677e-06, 4.27093300459e-06, 5.68548648516e-06, 2.2340079795e-06, 1.81996222182e-06, 1.31309354856e-06, 7.05919944721e-07, 4.36223814404e-07, 3.11121937102e-07, 2.76737665672e-07, 1.96394651653e-07, 1.14778572424e-07, 8.02434385605e-08, 6.09942034657e-08, 4.31979039206e-08, 3.06232301739e-08, 2.50019862591e-08],
        "dvar": [1.2644026981e-07, 2.82656998252e-07, 1.46964609371e-08, 1.55367292365e-08, 3.99727433376e-08, 2.19980584859e-08, 4.37113740759e-08, 5.04629475984e-08, 1.6721806162e-07, 1.30324892211e-07, 3.03035179172e-08, 1.11074243136e-07, 3.34230421117e-08, 7.95239927243e-08, 2.17654321233e-08, 1.36241773419e-08, 9.14394870932e-09, 4.80542805548e-09, 5.17209719497e-10, 5.39859157378e-10, 2.90083485011e-10, 2.39154085424e-10, 3.18011394995e-10, 2.78591705261e-10, 1.17193144078e-10, 2.21188192762e-10, 3.71540506694e-11, 2.95084026658e-11, 1.39715825714e-11, 3.32056084018e-12, 1.44286340688e-12, 7.31824431784e-13, 4.10415082995e-13, 2.32287062849e-13, 9.34910040552e-14, 2.96992519553e-14, 1.84844052906e-14, 9.05946714538e-15, 4.76590287553e-15, 3.90545165584e-15],
        "dvar2": [2.40665627871e-07, 5.29933345206e-07, 2.9016591796e-08, 3.6377628021e-08, 1.08516111652e-07, 6.18376176931e-08, 1.07956140027e-07, 1.01500745586e-07, 2.44739823074e-07, 1.53570951511e-07, 3.95003389997e-08, 1.91031546137e-07, 4.9536808433e-08, 8.99475125493e-08, 3.44429658128e-08, 2.16098161587e-08, 9.79980008253e-09, 9.0751228754e-09, 1.09662912084e-09, 1.11931164337e-09, 5.87957571518e-10, 5.10705810974e-10, 6.30192953377e-10, 6.06489025667e-10, 2.68076005838e-10, 5.07736019895e-10, 8.74388894623e-11, 6.54467174899e-11, 3.0568849535e-11, 7.43609687714e-12, 3.21987748964e-12, 1.6208169789e-12, 9.20813121932e-13, 5.30789930238e-13, 2.09207461467e-13, 6.53002025825e-14, 4.10478773096e-14, 2.07224238854e-14, 1.0141126525e-14, 8.30911623279e-15],
        "max": [0.0075821345672, 0.011737274006, 0.0046882708557, 0.00339372293092, 0.00262304279022, 0.0025776613038, 0.00754337664694, 0.00583198387176, 0.0150012364611, 0.0189433284104, 0.00732862344012, 0.0160138010979, 0.0057829702273, 0.00936403870583, 0.00706698605791, 0.00374910188839, 0.0037292749621, 0.00262525468133, 0.000651256472338, 0.00090265244944, 0.000657567288727, 0.000394487375161, 0.000517612032127, 0.000628855603281, 0.000453486049082, 0.000347787776263, 0.000222972303163, 0.000209317135159, 0.000146307967952, 5.94621815253e-05, 4.07652878494e-05, 2.96274738503e-05, 1.6438865714e-05, 1.78033660632e-05, 1.30337011797e-05, 5.4213464864e-06, 4.6157106226e-06, 3.67733650819e-06, 2.22597395805e-06, 2.04272805604e-06],
        "mean": [0.000337357836543, 0.000542057037819, 0.000125419712276, 0.000219637076952, 0.000270637741778, 0.000239607863477, 0.000230820616707, 0.000195249565877, 0.000444375327788, 0.000397831841838, 0.000253983365837, 0.000318939535646, 0.000133037901833, 0.000120387790957, 9.13695548661e-05, 5.99423256062e-05, 4.85499258502e-05, 2.06375934795e-05, 1.4565449419e-05, 1.39379526445e-05, 1.06172383312e-05, 1.13250698632e-05, 1.30798098326e-05, 1.1457886103e-05, 6.32634510112e-06, 8.31610395835e-06, 2.99604880638e-06, 2.59925491264e-06, 1.84379041457e-06, 9.76139858722e-07, 5.80911034831e-07, 4.06669329323e-07, 3.27396890043e-07, 2.19654211264e-07, 1.16164592612e-07, 8.06743756243e-08, 6.59877343878e-08, 4.77888946193e-08, 3.98875208418e-08, 3.25347784269e-08],
        "median": [5.73447250645e-05, 0.00017689136439, 6.34366588201e-05, 9.59399621934e-05, 0.000159203336807, 0.000103370992292, 9.44877610891e-05, 4.97030341648e-05, 6.79953955114e-05, 3.40680016961e-05, 4.08879859606e-05, 2.69375323114e-05, 1.29552936414e-05, 7.29155271983e-06, 5.44526392332e-06, 3.2435796129e-06, 2.58040836343e-06, 2.05882020055e-06, 1.3848857634e-06, 6.8635011985e-07, 4.87711020014e-07, 5.02927036905e-07, 3.7030480371e-07, 1.61287161404e-07, 1.60178686315e-07, 1.30537586074e-07, 5.79848453697e-08, 3.69564965297e-08, 3.125742154e-08, 2.57388261815e-08, 1.3062790849e-08, 8.04202215932e-09, 6.7651750868e-09, 4.84602669104e-09, 3.40011396815e-09, 2.24964336049e-09, 1.52896051375e-09, 1.10190945257e-09, 9.12197095637e-10, 7.43574590789e-10],
        "min": [7.21337863001e-25, 1.20055617039e-24, 4.04904208153e-25, 1.64893701752e-24, 1.24489104073e-24, 1.0108638175e-24, 2.61550816874e-24, 2.45009843362e-24, 3.92272563047e-24, 1.54964644804e-24, 1.72382476655e-24, 2.94141461324e-24, 1.92144014255e-24, 3.86021589791e-24, 3.58166792899e-24, 2.45497872161e-24, 3.60718284611e-24, 2.86066523326e-24, 4.76999971357e-24, 3.17343280497e-24, 2.11343646232e-24, 3.64952258861e-24, 4.47839846325e-24, 3.85620493464e-24, 5.64293346977e-24, 4.60928271477e-24, 4.91167637114e-24, 3.86958125458e-24, 6.26113062903e-24, 4.83119678159e-24, 5.21247731734e-24, 5.6985367251e-24, 5.7570161673e-24, 5.41591152859e-24, 5.37521143348e-24, 5.949462335e-24, 5.84158047862e-24, 5.5092625671e-24, 5.32424313039e-24, 6.35764066104e-24],
        "var": [5.45727232293e-07, 8.47144292493e-07, 3.99932424955e-08, 1.04078964114e-07, 1.06332187499e-07, 1.07783215242e-07, 2.01486244578e-07, 2.10090021824e-07, 1.54162069066e-06, 1.18872810617e-06, 3.30063727461e-07, 7.3771030884e-07, 1.76764316961e-07, 3.16643763654e-07, 1.51307119722e-07, 4.47150227956e-08, 4.9585906936e-08, 8.95507756837e-09, 1.62069579979e-09, 2.02795757964e-09, 9.50005740741e-10, 9.56335011182e-10, 1.56468293877e-09, 1.18855791875e-09, 4.4703948876e-10, 7.95964572031e-10, 1.03348163361e-10, 1.11565152949e-10, 5.0717596789e-11, 1.11971612538e-11, 4.29650542574e-12, 2.2425505463e-12, 1.01808568086e-12, 5.5808439467e-13, 1.80585025557e-13, 6.26217895356e-14, 4.34625514018e-14, 2.11735282221e-14, 1.89152570695e-14, 1.4597328744e-14]
    },
    "mfcc": {
        "mean": [-779.064147949, 186.708450317, -6.97011184692, 4.60852956772, -7.89777708054, -4.54050302505, -1.66145586967, 3.19276237488, -0.877867758274, -0.640437364578, -0.0450947359204, -1.9990811348, -2.93076872826],
        "cov": [[11874.2451172, -332.107849121, -2868.84057617, 874.014648438, -564.868408203, -219.371170044, -317.832305908, 43.2971572876, -73.0906906128, -11.9731359482, 98.9282836914, 101.779655457, 58.2693214417], [-332.107849121, 4318.62011719, 242.818267822, -1067.67138672, -266.538238525, -172.247055054, 92.735244751, 111.687385559, 65.9342575073, -105.475753784, -64.8822174072, -149.093826294, -156.024108887], [-2868.84057617, 242.818267822, 1816.23925781, -111.288543701, 201.813858032, 177.13092041, 40.9285964966, -18.2434425354, 6.54563856125, 28.8141403198, -60.6030464172, -2.07745170593, 66.7095184326], [874.014648438, -1067.67138672, -111.288543701, 725.472839355, 185.739379883, 61.8018608093, 9.70892429352, -4.91360282898, 21.1315631866, 70.2125091553, 65.1600265503, 91.4241943359, 126.703651428], [-564.868408203, -266.538238525, 201.813858032, 185.739379883, 360.111816406, 68.2269058228, 60.7343826294, -20.4361228943, -12.2363376617, 47.4038696289, 31.7622966766, 49.059753418, 81.0370559692], [-219.371170044, -172.247055054, 177.13092041, 61.8018608093, 68.2269058228, 274.080505371, 96.6667098999, 56.9632987976, 9.2127904892, 24.3490257263, 34.0565872192, 20.4450454712, 0.666416227818], [-317.832305908, 92.735244751, 40.9285964966, 9.70892429352, 60.7343826294, 96.6667098999, 215.620300293, 88.2933502197, 52.8284416199, 32.1618499756, 30.8185081482, 21.2166919708, -2.01837110519], [43.2971572876, 111.687385559, -18.2434425354, -4.91360282898, -20.4361228943, 56.9632987976, 88.2933502197, 200.245361328, 111.465614319, 32.8404922485, 24.6396503448, 14.8454713821, -12.0894918442], [-73.0906906128, 65.9342575073, 6.54563856125, 21.1315631866, -12.2363376617, 9.2127904892, 52.8284416199, 111.465614319, 193.718933105, 76.8974685669, 25.4822902679, 12.1907892227, -12.1138925552], [-11.9731359482, -105.475753784, 28.8141403198, 70.2125091553, 47.4038696289, 24.3490257263, 32.1618499756, 32.8404922485, 76.8974685669, 149.292877197, 69.3401870728, 12.4879264832, 8.33058929443], [98.9282836914, -64.8822174072, -60.6030464172, 65.1600265503, 31.7622966766, 34.0565872192, 30.8185081482, 24.6396503448, 25.4822902679, 69.3401870728, 147.721725464, 60.2970046997, -1.03367424011], [101.779655457, -149.093826294, -2.07745170593, 91.4241943359, 49.059753418, 20.4450454712, 21.2166919708, 14.8454713821, 12.1907892227, 12.4879264832, 60.2970046997, 138.755554199, 71.0372695923], [58.2693214417, -156.024108887, 66.7095184326, 126.703651428, 81.0370559692, 0.666416227818, -2.01837110519, -12.0894918442, -12.1138925552, 8.33058929443, -1.03367424011, 71.0372695923, 165.627334595]],
