{
"lowlevel": {
    "average_loudness": 0.952151954174,
    "barkbands_crest": {
        "dmean": 2.21448493004,
        "dmean2": 3.65929031372,
        "dvar": 4.76255083084,
        "dvar2": 12.354426384,
        "max": 24.2976665497,
        "mean": 10.2032938004,
        "median": 9.66583633423,
        "min": 3.26093912125,
        "var": 12.5290307999
    },
    "barkbands_flatness_db": {
        "dmean": 0.0218836218119,
        "dmean2": 0.0332408137619,
        "dvar": 0.000523894734215,
        "dvar2": 0.0011754122097,
        "max": 0.488252609968,
        "mean": 0.221158146858,
        "median": 0.221553206444,
        "min": 0.026531772688,
        "var": 0.00307826721109
    },
    "barkbands_kurtosis": {
        "dmean": 1.29010820389,
        "dmean2": 2.12877345085,
        "dvar": 8.94708347321,
        "dvar2": 24.5277194977,
        "max": 112.725639343,
        "mean": 1.08472549915,
        "median": -0.211775898933,
        "min": -1.89533209801,
        "var": 22.9012985229
    },
    "barkbands_skewness": {
        "dmean": 0.391307175159,
        "dmean2": 0.62330442667,
        "dvar": 0.159166306257,
        "dvar2": 0.402119845152,
        "max": 7.63205242157,
        "mean": 0.696035981178,
        "median": 0.630888640881,
        "min": -3.40374541283,
        "var": 0.934507668018
    },
    "barkbands_spread": {
        "dmean": 2.90667819977,
        "dmean2": 4.46007204056,
        "dvar": 10.029917717,
        "dvar2": 23.8249263763,
        "max": 111.023963928,
        "mean": 15.8589048386,
        "median": 15.1565513611,
        "min": 0.647283315659,
        "var": 59.827796936
    },
    "dissonance": {
        "dmean": 0.033129375428,
        "dmean2": 0.0563245117664,
        "dvar": 0.000923766347114,
        "dvar2": 0.00255629559979,
        "max": 0.500000119209,
        "mean": 0.435417145491,
        "median": 0.442970067263,
        "min": 0.215032368898,
        "var": 0.00184848043136
    },
    "dynamic_complexity": 2.39833426476,
    "erbbands_crest": {
        "dmean": 2.86615228653,
        "dmean2": 4.50202560425,
        "dvar": 7.42873382568,
        "dvar2": 16.8480739594,
        "max": 32.0606117249,
        "mean": 11.9509553909,
        "median": 10.9257469177,
        "min": 2.18771243095,
        "var": 27.2232837677
    },
    "erbbands_flatness_db": {
        "dmean": 0.0211674124002,
        "dmean2": 0.0314626693726,
        "dvar": 0.000521155598108,
        "dvar2": 0.00117791700177,
        "max": 0.413122236729,
        "mean": 0.255829572678,
        "median": 0.262134045362,
        "min": 0.0435669571161,
        "var": 0.00285050156526
    },
    "erbbands_kurtosis": {
        "dmean": 1.17682051659,
        "dmean2": 1.85170757771,
        "dvar": 2.68829727173,
        "dvar2": 6.45939397812,
        "max": 46.806804657,
        "mean": 1.28794586658,
        "median": 0.522860050201,
        "min": -1.76024436951,
        "var": 7.21248149872
    },
    "erbbands_skewness": {
        "dmean": 0.376881033182,
        "dmean2": 0.584017455578,
        "dvar": 0.124370366335,
        "dvar2": 0.292556256056,
        "max": 4.12115192413,
        "mean": -0.220178157091,
        "median": -0.238406479359,
        "min": -6.12015104294,
        "var": 0.667914688587
    },
    "erbbands_spread": {
        "dmean": 3.58937430382,
        "dmean2": 5.59751939774,
        "dvar": 15.9796133041,
        "dvar2": 40.7110595703,
        "max": 82.9180450439,
        "mean": 17.2493896484,
        "median": 16.2274398804,
        "min": 1.41372025013,
        "var": 56.3302726746
    },
    "hfc": {
        "dmean": 5.19891691208,
        "dmean2": 7.92091941833,
        "dvar": 36.7375297546,
        "dvar2": 82.2879333496,
        "max": 96.0736999512,
        "mean": 24.5189304352,
        "median": 23.4715919495,
        "min": 1.06497598042e-16,
        "var": 231.723648071
    },
    "melbands_crest": {
        "dmean": 2.67963457108,
        "dmean2": 4.4991350174,
        "dvar": 7.0967206955,
        "dvar2": 19.9174079895,
        "max": 32.7861671448,
        "mean": 12.9876823425,
        "median": 12.7855243683,
        "min": 1.51971793175,
        "var": 19.3616771698
    },
    "melbands_flatness_db": {
        "dmean": 0.0277219358832,
        "dmean2": 0.0419711582363,
        "dvar": 0.000858785177115,
        "dvar2": 0.00189258123282,
        "max": 0.645994603634,
        "mean": 0.314885109663,
        "median": 0.320015192032,
        "min": 0.00284243235365,
        "var": 0.00691185425967
    },
    "melbands_kurtosis": {
        "dmean": 2.26374340057,
        "dmean2": 3.74149227142,
        "dvar": 21.8586845398,
        "dvar2": 61.9143791199,
        "max": 141.818786621,
        "mean": 3.24071788788,
        "median": 1.17386722565,
        "min": -1.84832751751,
        "var": 52.1156692505
    },
    "melbands_skewness": {
        "dmean": 0.466443479061,
        "dmean2": 0.7427059412,
        "dvar": 0.224485650659,
        "dvar2": 0.565759122372,
        "max": 7.97763156891,
        "mean": 1.39685857296,
        "median": 1.30035448074,
        "min": -3.44710254669,
        "var": 1.00556337833
    },
    "melbands_spread": {
        "dmean": 4.55146837234,
        "dmean2": 7.20443916321,
        "dvar": 27.898727417,
        "dvar2": 68.5574569702,
        "max": 163.589080811,
        "mean": 23.3324623108,
        "median": 19.7651863098,
        "min": 0.646919548512,
        "var": 439.419250488
    },
    "pitch_salience": {
        "dmean": 0.0604397170246,
        "dmean2": 0.0992476195097,
        "dvar": 0.00308135640807,
        "dvar2": 0.00805479194969,
        "max": 0.914974331856,
        "mean": 0.494522750378,
        "median": 0.482260018587,
        "min": 0.154343023896,
        "var": 0.0104545149952
    },
    "silence_rate_20dB": {
        "dmean": 0,
        "dmean2": 0,
        "dvar": 0,
        "dvar2": 0,
        "max": 1,
        "mean": 1,
        "median": 1,
        "min": 1,
        "var": 0
    },
    "silence_rate_30dB": {
        "dmean": 0.00420556822792,
        "dmean2": 0.00841184426099,
        "dvar": 0.00418821582571,
        "dvar2": 0.0112007968128,
        "max": 1,
        "mean": 0.996972262859,
        "median": 1,
        "min": 0,
        "var": 0.00301850889809
    },
    "silence_rate_60dB": {
        "dmean": 0.000336445460562,
        "dmean2": 0.00067294749897,
        "dvar": 0.000336220866302,
        "dvar2": 0.000672518392093,
        "max": 1,
        "mean": 0.048444069922,
        "median": 0,
        "min": 0,
        "var": 0.0461000390351
    },
    "spectral_centroid": {
        "dmean": 126.356643677,
        "dmean2": 195.100524902,
        "dvar": 27618.2421875,
        "dvar2": 59128.1289062,
        "max": 11870.3105469,
        "mean": 1141.82592773,
        "median": 849.660766602,
        "min": 156.369750977,
        "var": 2831120.75
    },
    "spectral_complexity": {
        "dmean": 2.25031542778,
        "dmean2": 3.60195159912,
        "dvar": 4.20835256577,
        "dvar2": 9.8473367691,
        "max": 33,
        "mean": 16.3825054169,
        "median": 17,
        "min": 0,
        "var": 35.1523399353
    },
    "spectral_decrease": {
        "dmean": 2.51207254998e-09,
        "dmean2": 4.02538891109e-09,
        "dvar": 8.08382767697e-18,
        "dvar2": 2.05462862956e-17,
        "max": 8.35051688446e-20,
        "mean": -1.13467439888e-08,
        "median": -1.13897629106e-08,
        "min": -4.14913614577e-08,
        "var": 3.06090807224e-17
    },
    "spectral_energy": {
        "dmean": 0.00982322543859,
        "dmean2": 0.0157063435763,
        "dvar": 0.000119894648378,
        "dvar2": 0.000303290988086,
        "max": 0.162494570017,
        "mean": 0.0450492240489,
        "median": 0.0452210530639,
        "min": 9.9057035162e-21,
        "var": 0.000477260182379
    },
    "spectral_energyband_high": {
        "dmean": 2.84823418042e-05,
        "dmean2": 4.83435433125e-05,
        "dvar": 6.68882638166e-09,
        "dvar2": 1.72587455438e-08,
        "max": 0.00168043246958,
        "mean": 3.20803046634e-05,
        "median": 9.24381856748e-06,
        "min": 6.95762292734e-21,
        "var": 6.37743724496e-09
    },
    "spectral_energyband_low": {
        "dmean": 0.0067226155661,
        "dmean2": 0.0113983657211,
        "dvar": 0.000104964514321,
        "dvar2": 0.000283198227407,
        "max": 0.100895963609,
        "mean": 0.0183721128851,
        "median": 0.0181127730757,
        "min": 7.74377103457e-24,
        "var": 0.000207692020922
    },
    "spectral_energyband_middle_high": {
        "dmean": 0.0032353666611,
        "dmean2": 0.00486476859078,
        "dvar": 1.69471804838e-05,
        "dvar2": 3.73850925826e-05,
        "max": 0.0616746582091,
        "mean": 0.0116862701252,
        "median": 0.00998091232032,
        "min": 1.10738481388e-21,
        "var": 9.11513634492e-05
    },
    "spectral_energyband_middle_low": {
        "dmean": 0.00490812910721,
        "dmean2": 0.0078744078055,
        "dvar": 2.83035260509e-05,
        "dvar2": 7.00755408616e-05,
        "max": 0.080117598176,
        "mean": 0.0167921334505,
        "median": 0.0150003004819,
        "min": 1.62307020533e-22,
        "var": 0.000118321011541
    },
    "spectral_entropy": {
        "dmean": 0.189738169312,
        "dmean2": 0.288841277361,
        "dvar": 0.041458979249,
        "dvar2": 0.0975623428822,
        "max": 9.82646179199,
        "mean": 6.71808576584,
        "median": 6.65731954575,
        "min": 4.91963911057,
        "var": 0.421078443527
    },
    "spectral_flux": {
        "dmean": 0.0276774019003,
        "dmean2": 0.0425636135042,
        "dvar": 0.000696481380146,
        "dvar2": 0.00164356047753,
        "max": 0.283891737461,
        "mean": 0.089923247695,
        "median": 0.0845548659563,
        "min": 6.22900897529e-11,
        "var": 0.00205114996061
    },
    "spectral_kurtosis": {
        "dmean": 10.118268013,
        "dmean2": 17.3161220551,
        "dvar": 100.040939331,
        "dvar2": 279.730895996,
        "max": 160.54208374,
        "mean": 23.8808708191,
        "median": 20.9145202637,
        "min": -1.27540779114,
        "var": 232.66078186
    },
    "spectral_rms": {
        "dmean": 0.000703685567714,
        "dmean2": 0.00111296435352,
        "dvar": 5.25537132035e-07,
        "dvar2": 1.27472094391e-06,
        "max": 0.0125909205526,
        "mean": 0.00631542038172,
        "median": 0.00664214603603,
        "min": 3.10871359037e-12,
        "var": 4.06576555179e-06
    },
    "spectral_rolloff": {
        "dmean": 211.172424316,
        "dmean2": 360.475982666,
        "dvar": 167958.09375,
        "dvar2": 427994.75,
        "max": 19745.9472656,
        "mean": 1553.16748047,
        "median": 1055.12695312,
        "min": 86.1328125,
        "var": 8790027
    },
    "spectral_skewness": {
        "dmean": 0.674331367016,
        "dmean2": 1.15989851952,
        "dvar": 0.392630189657,
        "dvar2": 1.13000845909,
        "max": 10.4727725983,
        "mean": 3.15559577942,
        "median": 3.06133651733,
        "min": -0.127518102527,
        "var": 1.18121409416
    },
    "spectral_spread": {
        "dmean": 448975.625,
        "dmean2": 739980.75,
        "dvar": 645486280704,
        "dvar2": 1.55419449754e+12,
        "max": 43116224,
        "mean": 2954461,
        "median": 1630280.25,
        "min": 559172.9375,
        "var": 4.0442997506e+13
    },
    "spectral_strongpeak": {
        "dmean": 0.864790558815,
        "dmean2": 1.52038347721,
        "dvar": 2.62383246422,
        "dvar2": 6.29460334778,
        "max": 16.1640338898,
        "mean": 1.48959362507,
        "median": 0.445636808872,
        "min": 0,
        "var": 4.65329742432
    },
    "zerocrossingrate": {
        "dmean": 0.00470058480278,
        "dmean2": 0.00594731327146,
        "dvar": 3.43914143741e-05,
        "dvar2": 5.02642724314e-05,
        "max": 0.5302734375,
        "mean": 0.0481800958514,
        "median": 0.03515625,
        "min": 0.00244140625,
        "var": 0.00613847235218
    },
    "barkbands": {
        "dmean": [0.000100155906694, 0.00512620061636, 0.002210221719, 0.00134218286257, 0.00168295227922, 0.00117907952517, 0.0010159193771, 0.00129999814089, 0.00143412465695, 0.000948830565903, 0.00129170168657, 0.00124062935356, 0.000469987891847, 0.0010955525795, 0.000378302764148, 0.0006863270537, 0.000318071077345, 4.67479731014e-05, 2.20109923248e-05, 5.99374243393e-06, 6.12496887697e-06, 7.07732078808e-06, 1.81312145742e-06, 2.86704403152e-06, 6.40490407022e-06, 2.0847144242e-06, 8.82750441633e-07],
        "dmean2": [0.000156032823725, 0.00852163042873, 0.00389434606768, 0.00231066369452, 0.00285411719233, 0.00194168509915, 0.00162370223552, 0.00193330226466, 0.00224191159941, 0.00140035140794, 0.00187379866838, 0.00193321588449, 0.000701784272678, 0.0016809826484, 0.000581430678722, 0.00104876782279, 0.00046139350161, 7.15749338269e-05, 3.33193893312e-05, 9.6006288004e-06, 1.04528135125e-05, 1.16329292723e-05, 3.03996694129e-06, 5.18458591614e-06, 1.15130851555e-05, 3.86205556424e-06, 1.6651936221e-06],
        "dvar": [6.51407887631e-08, 8.47299816087e-05, 1.84513119166e-05, 4.19913612859e-06, 5.93947561356e-06, 3.71311170966e-06, 3.51732296622e-06, 5.96357176619e-06, 8.98836697161e-06, 3.88151056541e-06, 6.47882052363e-06, 6.58040244161e-06, 1.15534646739e-06, 5.56348732061e-06, 8.03869568244e-07, 2.18947229769e-06, 7.10255847025e-07, 1.64408753278e-08, 2.13000084237e-09, 1.62672222914e-10, 2.34347735661e-10, 6.34553132262e-10, 2.23245345821e-11, 9.78684633335e-11, 6.4157806845e-10, 8.5195552002e-11, 1.68109848958e-11],
        "dvar2": [1.62479679489e-07, 0.000226105141337, 5.32556732651e-05, 1.18171419672e-05, 1.64860393852e-05, 9.82848723652e-06, 8.56622773426e-06, 1.26724435177e-05, 2.07334705919e-05, 7.68963673181e-06, 1.19762489703e-05, 1.46071952258e-05, 2.41287511926e-06, 1.21201192087e-05, 1.76507251126e-06, 4.61289891973e-06, 1.22485812426e-06, 3.90147931739e-08, 4.11945588752e-09, 4.0756550912e-10, 6.28361584987e-10, 1.344018008e-09, 5.69288748087e-11, 2.80156758903e-10, 1.80923609427e-09, 2.48066567288e-10, 4.90899543237e-11],
        "max": [0.00568485120311, 0.0967883020639, 0.0424501299858, 0.0286723468453, 0.0365657508373, 0.0390293113887, 0.0447148047388, 0.067481175065, 0.0741305947304, 0.0422916971147, 0.0541492514312, 0.0532794855535, 0.0272973198444, 0.0516063719988, 0.0170892030001, 0.0378837771714, 0.0244926549494, 0.00638239644468, 0.00126417446882, 0.00054818589706, 0.000354137649992, 0.000956702220719, 0.000104527760413, 0.000102066733234, 0.000369984889403, 8.73249446158e-05, 4.17753799411e-05],
        "mean": [0.000263974478003, 0.0130236409605, 0.00386860384606, 0.00218380265869, 0.00294213416055, 0.0025240208488, 0.00208133994602, 0.00305337598547, 0.00283872312866, 0.00197328813374, 0.00270906905644, 0.00231812987477, 0.000902762229089, 0.0018783780979, 0.000624298932962, 0.00118506501894, 0.000535937899258, 7.09359155735e-05, 3.55138217856e-05, 9.28117697185e-06, 7.27991391614e-06, 8.44879832584e-06, 1.75630282229e-06, 2.29692273024e-06, 4.94223240821e-06, 1.4795076595e-06, 7.83437769769e-07],
        "median": [3.25203836837e-05, 0.0116701610386, 0.00278981262818, 0.00160297297407, 0.00215626042336, 0.00127043086104, 0.000784275121987, 0.000923821004108, 0.000956475967541, 0.000535727653187, 0.000803500646725, 0.000843865273055, 0.00029642455047, 0.000573775148951, 0.000183814583579, 0.000347230874468, 0.000148285063915, 3.35370714311e-05, 1.60013732966e-05, 4.81650431539e-06, 2.86958220386e-06, 1.10988526103e-06, 3.46802892182e-07, 2.61022762515e-07, 2.34743893657e-07, 1.12541314934e-07, 2.87607974769e-07],
        "min": [1.0105478294e-25, 8.46963764942e-25, 1.6205155424e-25, 2.85340652965e-25, 4.42061795182e-24, 4.20727406987e-24, 4.28163091551e-24, 3.53587810331e-24, 6.31561685733e-24, 9.76529652396e-24, 8.38360033757e-24, 2.23464320491e-23, 1.89142244682e-23, 2.5139365685e-23, 4.13013996054e-23, 4.53789364275e-23, 5.90633665038e-23, 7.01480865342e-23, 1.33197346311e-22, 1.06666098668e-22, 2.11921512088e-22, 2.63735764366e-22, 3.45097136325e-22, 5.0868684469e-22, 8.32694712415e-22, 1.13455394076e-21, 1.87403907005e-21],
        "var": [3.85889165955e-07, 0.000149641709868, 1.82170842891e-05, 5.33628690391e-06, 8.64995217853e-06, 1.12987581815e-05, 1.18969092e-05, 2.78919505945e-05, 2.89310773951e-05, 1.54557219503e-05, 2.61509412667e-05, 2.0516825316e-05, 3.65119262824e-06, 1.41341652125e-05, 1.78731170308e-06, 7.59932981964e-06, 2.13645671465e-06, 2.11643520487e-08, 4.42554082269e-09, 2.20063009482e-10, 2.24264148918e-10, 9.12334707781e-10, 2.23594354837e-11, 6.21215301422e-11, 4.23383161863e-10, 4.89415730165e-11, 9.45098600075e-12]
    },
    "erbbands": {
        "dmean": [0.139632403851, 1.25108337402, 2.62084293365, 3.20714950562, 5.49925518036, 5.70628976822, 7.78940629959, 9.86397647858, 13.6335639954, 23.024597168, 20.3370285034, 31.7718772888, 36.4317741394, 26.5683307648, 59.0629959106, 39.2495689392, 21.3088264465, 46.731048584, 28.9944324493, 23.3489437103, 33.8634681702, 12.8889102936, 2.76288747787, 1.93430840969, 0.477593362331, 0.297881305218, 0.225189402699, 0.258323132992, 0.236450344324, 0.157962650061, 0.0556520968676, 0.0495372451842, 0.0651769042015, 0.0753904953599, 0.0367699712515, 0.0100167375058, 0.00384550937451, 0.00108464516234, 0.000165690100403, 1.78441441676e-05],
        "dmean2": [0.228005081415, 2.0886631012, 4.59762954712, 5.46117544174, 9.49352169037, 9.66309547424, 12.6141109467, 16.3533401489, 21.8749637604, 35.0673866272, 30.4008979797, 49.2957458496, 54.5986862183, 40.6899719238, 86.942817688, 60.0056610107, 31.924987793, 71.3417282104, 44.2806282043, 35.3262176514, 51.4222373962, 18.7903366089, 4.14246463776, 2.92390298843, 0.740340173244, 0.471841156483, 0.369721531868, 0.446234315634, 0.383422225714, 0.259617298841, 0.0945987850428, 0.0882241204381, 0.118767186999, 0.133089512587, 0.0674907714128, 0.0180404856801, 0.00717262038961, 0.00204625050537, 0.000313793309033, 3.08156522806e-05],
        "dvar": [0.077832646668, 4.58043336868, 21.2387638092, 24.1210384369, 70.1955947876, 81.1083755493, 170.21321106, 300.390228271, 779.800170898, 1903.10339355, 1388.75793457, 5375.93505859, 5372.92333984, 3247.23364258, 12277.1464844, 6018.10693359, 2161.00244141, 10267.0605469, 3535.54785156, 2978.58618164, 4758.71826172, 831.1484375, 40.4627189636, 25.5179843903, 0.675812900066, 0.481065243483, 0.305515706539, 0.444065004587, 0.658225655556, 0.288996428251, 0.0213061217219, 0.0222141016275, 0.0595058016479, 0.0841700732708, 0.0233305897564, 0.00166656193323, 0.000302523782011, 2.47620901064e-05, 5.98956717113e-07, 1.63514835005e-09],
        "dvar2": [0.221776172519, 12.150686264, 61.7557640076, 65.7309417725, 204.689819336, 221.956924438, 439.150238037, 813.01574707, 1975.10754395, 4207.86962891, 2758.37426758, 11955.0107422, 11370.6513672, 6938.74755859, 24243.8203125, 12720.4101562, 4713.72021484, 21018.0585938, 7874.06201172, 6678.85449219, 10531.5263672, 1589.00769043, 90.0018539429, 57.1455879211, 1.52466034889, 1.20292854309, 0.797060906887, 1.1985001564, 1.44539320469, 0.598585307598, 0.0559977218509, 0.0620628073812, 0.172113344073, 0.225157827139, 0.0675260052085, 0.00477698491886, 0.000881218409631, 7.23180055502e-05, 1.75431853222e-06, 4.75793449084e-09],
        "max": [3.35404849052, 20.4806003571, 45.9385910034, 60.3111610413, 120.984138489, 174.567489624, 257.747161865, 476.598632812, 664.259887695, 1161.45910645, 952.964294434, 1979.28747559, 1647.92248535, 1449.81445312, 2302.49560547, 1968.63671875, 1070.7890625, 2814.04516602, 1315.69067383, 2059.49975586, 1485.98071289, 729.944030762, 274.668212891, 287.089050293, 24.8880558014, 30.5105247498, 14.741153717, 11.6456794739, 29.2298431396, 20.7240390778, 2.85187125206, 1.99268686771, 2.5144841671, 6.42113828659, 1.52119243145, 0.461368918419, 0.163691684604, 0.0483356826007, 0.00794156175107, 0.000467407546239],
        "mean": [0.362230032682, 2.94309282303, 4.70508384705, 6.5327796936, 8.45865631104, 9.67716026306, 16.1725559235, 20.2600231171, 28.8853797913, 55.1712837219, 48.7772674561, 65.7111816406, 79.9277114868, 59.356880188, 128.415786743, 82.3181838989, 46.1284599304, 86.7598800659, 53.8052940369, 45.5257453918, 60.3146820068, 23.4107151031, 5.14031028748, 3.16551947594, 0.856524586678, 0.474483668804, 0.306722044945, 0.281333684921, 0.276202589273, 0.187381118536, 0.0523856952786, 0.0416594855487, 0.0505002588034, 0.0618620105088, 0.0268415659666, 0.0077621396631, 0.00270127225667, 0.00099303224124, 0.000141043914482, 5.73983088543e-05],
        "median": [0.251042604446, 2.6148648262, 3.85283875465, 5.41264629364, 6.13279676437, 6.46410655975, 8.10096740723, 10.0526361465, 10.8633232117, 18.7374706268, 20.4276332855, 25.0820388794, 27.7358150482, 26.8699455261, 46.4149932861, 34.9030036926, 21.1766052246, 32.9831085205, 22.2905311584, 17.7597236633, 23.204366684, 9.07643222809, 2.84190392494, 1.55544662476, 0.516053557396, 0.260490238667, 0.135873183608, 0.0973748192191, 0.0404843389988, 0.0256673581898, 0.010178511031, 0.00611775368452, 0.00428568851203, 0.00309332483448, 0.00130653206725, 0.000570987293031, 0.00025906675728, 0.000392509944504, 4.60688715975e-05, 5.44397262274e-05],
        "min": [4.52402546803e-23, 2.76034749589e-22, 6.83571980989e-22, 3.5237857744e-21, 7.83973269465e-21, 2.06557742609e-20, 3.87669535495e-20, 5.48293825597e-20, 5.78298251354e-20, 1.29950629994e-19, 2.00866025905e-19, 1.98962437746e-19, 3.49530699605e-19, 4.83116542822e-19, 7.89420489674e-19, 1.12935971988e-18, 1.222852429e-18, 1.58682027373e-18, 2.35462813666e-18, 2.77119856789e-18, 3.62810432934e-18, 4.04045303752e-18, 4.86775731358e-18, 5.97412585853e-18, 6.4938558451e-18, 6.54239563063e-18, 7.26325541033e-18, 7.7836297706e-18, 1.00333418339e-17, 1.02646405583e-17, 1.00227315882e-17, 9.54975302263e-18, 7.60132412668e-18, 8.15145300077e-18, 6.00503801161e-18, 3.7944685485e-18, 2.03370563364e-18, 9.26171281011e-19, 2.28870406489e-19, 2.48498416917e-20],
        "var": [0.162308856845, 7.51835632324, 21.298122406, 34.4294586182, 76.6328277588, 130.452697754, 531.171936035, 819.718566895, 2433.42773438, 8691.55371094, 5877.11816406, 17100.0527344, 21254.1054688, 11868.0439453, 50230.9179688, 21114.9433594, 6794.84423828, 28865.1894531, 8751.58105469, 8735.28027344, 12294.3867188, 2377.44384766, 75.4119110107, 37.8235931396, 1.3544074297, 0.615043759346, 0.345465064049, 0.397465527058, 0.909718573093, 0.424601733685, 0.0192086342722, 0.0153405284509, 0.0363535694778, 0.0658315122128, 0.0139547130093, 0.00103884201963, 0.000172321917489, 1.38979548865e-05, 3.34130220381e-07, 1.56901525106e-09]
    },
    "gfcc": {
        "mean": [-77.7722320557, 173.495010376, -122.357887268, -10.0971632004, -15.6325063705, 6.04434013367, -24.0325660706, 1.19396185875, -8.0425157547, -3.48437047005, -13.7433376312, -1.13657164574, -4.37264728546],
        "cov": [[41261.984375, 5703.94970703, -4102.56787109, 4.44614267349, -458.131958008, 447.673614502, -835.456787109, 206.982574463, -249.887710571, -89.4872360229, -584.490600586, -177.031585693, -204.807006836], [5703.94970703, 1904.88085938, -606.522766113, -144.472900391, 251.624710083, -159.73588562, 95.0206680298, -28.1830711365, 93.9156036377, -71.1973800659, 21.3671989441, -49.6291007996, -22.5637168884], [-4102.56787109, -606.522766113, 1284.22058105, 281.604949951, -90.4700164795, 109.249137878, 103.720161438, 36.0983657837, 29.1164608002, 32.3344650269, 49.2989692688, -6.60221910477, 31.9860401154], [4.44614267349, -144.472900391, 281.604949951, 346.503234863, 18.5914497375, 119.075454712, 28.8748550415, 24.824213028, 52.6739311218, 26.2578792572, 3.01376461983, -3.15050148964, 11.4393253326], [-458.131958008, 251.624710083, -90.4700164795, 18.5914497375, 419.424468994, -21.1048126221, 123.195030212, 23.2752780914, 49.4577178955, 3.77082943916, 59.2827987671, -0.474126219749, 17.7682437897], [447.673614502, -159.73588562, 109.249137878, 119.075454712, -21.1048126221, 249.615066528, 25.6946964264, 29.5216407776, -15.3391237259, 19.6348705292, -17.2732715607, 22.0167007446, 18.6896781921], [-835.456787109, 95.0206680298, 103.720161438, 28.8748550415, 123.195030212, 25.6946964264, 203.618118286, 36.1436767578, 40.9293022156, -20.0042915344, 40.5248908997, 6.84803438187, 10.4074344635], [206.982574463, -28.1830711365, 36.0983657837, 24.824213028, 23.2752780914, 29.5216407776, 36.1436767578, 126.742584229, 28.5222873688, -0.685896635056, -18.4138908386, -2.96542835236, 5.37260437012], [-249.887710571, 93.9156036377, 29.1164608002, 52.6739311218, 49.4577178955, -15.3391237259, 40.9293022156, 28.5222873688, 147.593933105, 34.1000061035, 4.26111125946, -17.7255897522, -3.67374515533], [-89.4872360229, -71.1973800659, 32.3344650269, 26.2578792572, 3.77082943916, 19.6348705292, -20.0042915344, -0.685896635056, 34.1000061035, 95.6027450562, 32.9743499756, -12.1388587952, -14.1451339722], [-584.490600586, 21.3671989441, 49.2989692688, 3.01376461983, 59.2827987671, -17.2732715607, 40.5248908997, -18.4138908386, 4.26111125946, 32.9743499756, 106.883171082, 30.8098716736, -10.9240465164], [-177.031585693, -49.6291007996, -6.60221910477, -3.15050148964, -0.474126219749, 22.0167007446, 6.84803438187, -2.96542835236, -17.7255897522, -12.1388587952, 30.8098716736, 88.1656494141, 35.7301826477], [-204.807006836, -22.5637168884, 31.9860401154, 11.4393253326, 17.7682437897, 18.6896781921, 10.4074344635, 5.37260437012, -3.67374515533, -14.1451339722, -10.9240465164, 35.7301826477, 82.0529937744]],
        "icov": [[0.000269010808552, -0.000958817428909, 0.000594798126258, -0.000791324884631, 0.00055655936012, -0.000725613033865, 0.000821847177576, -0.000984420534223, 0.0010703059379, -0.000786653952673, 0.000816789572127, -0.000244271912379, 0.000418644136516], [-0.000958817428909, 0.00419309642166, -0.00175413012039, 0.00286670820788, -0.00217193830758, 0.00268319505267, -0.00311446841806, 0.0037133640144, -0.00441257935017, 0.00367315206677, -0.00348547846079, 0.00160566507839, -0.00167256849818], [0.000594798126258, -0.00175413012039, 0.00261622061953, -0.00259906682186, 0.00176858738996, -0.00154220953118, 0.001082437695, -0.00229667546228, 0.00230770744383, -0.00141985947266, 0.000608219648711, 0.000596843252424, 5.76856700718e-06], [-0.000791324884631, 0.00286670820788, -0.00259906682186, 0.00684053357691, -0.00213775620796, 4.86405187985e-05, -0.00164875644259, 0.00300417677499, -0.00496087083593, 0.00279044476338, -0.00266490271315, 0.00109975947998, -0.00123783713207], [0.00055655936012, -0.00217193830758, 0.00176858738996, -0.00213775620796, 0.00473068002611, -0.00123610906303, -2.42451715167e-05, -0.00251583917998, 0.00198989524506, -0.00163618265651, -0.000425435922807, 0.000847231014632, -0.000793056795374], [-0.000725613033865, 0.00268319505267, -0.00154220953118, 4.86405187985e-05, -0.00123610906303, 0.00811688229442, -0.00414059171453, 0.00200261478312, -0.000656043412164, -0.00112449133303, 0.00096337555442, -0.00196071038954, -0.000907163659576], [0.000821847177576, -0.00311446841806, 0.001082437695, -0.00164875644259, -2.42451715167e-05, -0.00414059171453, 0.0111855939031, -0.00469376752153, 0.000771690392867, 0.00229055061936, -0.00194502691738, 0.000810150115285, 0.000657454947941], [-0.000984420534223, 0.0037133640144, -0.00229667546228, 0.00300417677499, -0.00251583917998, 0.00200261478312, -0.00469376752153, 0.0129828462377, -0.00538010569289, 0.00237871287391, -2.50982320722e-05, -2.4051831133e-05, -0.000949309032876], [0.0010703059379, -0.00441257935017, 0.00230770744383, -0.00496087083593, 0.00198989524506, -0.000656043412164, 0.000771690392867, -0.00538010569289, 0.0144968871027, -0.00874344073236, 0.0061580920592, -0.0016112474259, 0.00188630388584], [-0.000786653952673, 0.00367315206677, -0.00141985947266, 0.00279044476338, -0.00163618265651, -0.00112449133303, 0.00229055061936, 0.00237871287391, -0.00874344073236, 0.0209985729307, -0.0125734191388, 0.00705005275086, -0.00214024377055], [0.000816789572127, -0.00348547846079, 0.000608219648711, -0.00266490271315, -0.000425435922807, 0.00096337555442, -0.00194502691738, -2.50982320722e-05, 0.0061580920592, -0.0125734191388, 0.0234533958137, -0.0123775415123, 0.0079561881721], [-0.000244271912379, 0.00160566507839, 0.000596843252424, 0.00109975947998, 0.000847231014632, -0.00196071038954, 0.000810150115285, -2.4051831133e-05, -0.0016112474259, 0.00705005275086, -0.0123775415123, 0.0213783457875, -0.0102061051875], [0.000418644136516, -0.00167256849818, 5.76856700718e-06, -0.00123783713207, -0.000793056795374, -0.000907163659576, 0.000657454947941, -0.000949309032876, 0.00188630388584, -0.00214024377055, 0.0079561881721, -0.0102061051875, 0.0185187216848]]
    },
    "melbands": {
        "dmean": [0.00133229617495, 0.0014424873516, 0.000584059744142, 0.000408164371038, 0.000251237419434, 0.000222309026867, 0.000205926218769, 0.00027078264975, 0.000158873168402, 0.000223010603804, 0.000180737260962, 0.000102963880636, 0.000185450189747, 0.00017051033501, 6.13710581092e-05, 4.7248093324e-05, 0.000105744627945, 5.78550389037e-05, 2.9270126106e-05, 5.00386595377e-05, 3.87075851904e-05, 1.78928657988e-05, 3.58940633305e-06, 2.39139831137e-06, 1.66784570865e-06, 4.73768437814e-07, 2.07182694112e-07, 2.14439040747e-07, 1.48582600445e-07, 1.52160595235e-07, 1.51418717564e-07, 1.02114832146e-07, 2.00895641456e-07, 4.75644768017e-08, 3.06303711284e-08, 3.18064969917e-08, 2.89397217301e-08, 4.0255358158e-08, 6.09701018561e-08, 6.40716208977e-08],
        "dmean2": [0.00219128164463, 0.0024950678926, 0.000990065513179, 0.000700903707184, 0.000408747408073, 0.000368394219549, 0.000328402558807, 0.000410540174926, 0.000237620755797, 0.000348254368873, 0.000270596239716, 0.000158306065714, 0.000271507276921, 0.000265565467998, 9.01141829672e-05, 7.00462551322e-05, 0.000162334923516, 8.9046494395e-05, 4.49135841336e-05, 7.54658249207e-05, 5.86518144701e-05, 2.61885707005e-05, 5.40071778232e-06, 3.65831988347e-06, 2.52924564847e-06, 7.45157933579e-07, 3.2940846495e-07, 3.39933677651e-07, 2.45730234383e-07, 2.56115072261e-07, 2.64330850541e-07, 1.69233871361e-07, 3.27669795297e-07, 7.62804930332e-08, 5.26376595644e-08, 5.59521886601e-08, 5.19222673745e-08, 7.34523908363e-08, 1.12888585591e-07, 1.11067187447e-07],
        "dvar": [6.36606773696e-06, 4.9398313422e-06, 7.04899548509e-07, 3.84989391478e-07, 1.4521182834e-07, 1.36808196771e-07, 1.61766678275e-07, 2.79100447642e-07, 9.16790909855e-08, 2.63364313469e-07, 1.3345595562e-07, 5.47706271448e-08, 1.31269018766e-07, 1.30231640583e-07, 1.97070253449e-08, 1.34631319426e-08, 5.64202089492e-08, 1.68109703935e-08, 4.74102845871e-09, 1.46663028389e-08, 6.64887211954e-09, 1.92151072831e-09, 7.3241711307e-11, 5.23299667488e-11, 1.96196184299e-11, 7.67167958934e-13, 1.55030366799e-13, 2.87661008295e-13, 1.43213389823e-13, 1.07629447618e-13, 1.81036392474e-13, 1.17547261529e-13, 6.31733380885e-13, 1.96987506873e-14, 6.88334929487e-15, 7.66262257096e-15, 8.18752634728e-15, 2.18014472984e-14, 5.66324805519e-14, 6.13669542699e-14],
        "dvar2": [1.7268501324e-05, 1.40592819662e-05, 1.89021204733e-06, 1.09119412173e-06, 3.7425391497e-07, 3.6771973555e-07, 4.00942042234e-07, 6.09457401879e-07, 1.80261992e-07, 5.92539151967e-07, 2.80787077145e-07, 1.1697908775e-07, 2.4747529892e-07, 2.88530429771e-07, 3.80117448628e-08, 2.79783272106e-08, 1.16352254054e-07, 3.82699099077e-08, 1.0729409361e-08, 2.93665234352e-08, 1.41792337871e-08, 3.62128749209e-09, 1.31398045222e-10, 1.23649895878e-10, 4.28549036535e-11, 1.72314463046e-12, 3.68732740738e-13, 7.1387654902e-13, 3.70360588985e-13, 2.81480839071e-13, 4.8615516994e-13, 2.71778747511e-13, 1.37848836079e-12, 4.27511047125e-14, 1.84094801442e-14, 2.11024248883e-14, 2.29314349898e-14, 6.28622181436e-14, 1.63122892472e-13, 1.57909357248e-13],
        "max": [0.0289935749024, 0.0217627510428, 0.0115462131798, 0.00973047036678, 0.00686473958194, 0.00933073181659, 0.010072035715, 0.0150167997926, 0.00741434656084, 0.0130947604775, 0.0081914095208, 0.00602402957156, 0.00818664208055, 0.00798848643899, 0.00507621467113, 0.00364719517529, 0.00643950514495, 0.00303809484467, 0.00150946888607, 0.00386451766826, 0.00166952738073, 0.00121597980615, 0.000327659479808, 0.000285993417492, 0.000237980479142, 2.29278448387e-05, 1.13666010293e-05, 2.29418401432e-05, 1.00173565443e-05, 8.05908803159e-06, 9.49400146055e-06, 1.31251672428e-05, 3.20993349305e-05, 3.97530357077e-06, 1.6331578081e-06, 1.14470356039e-06, 1.36426285735e-06, 1.70425209944e-06, 2.2802962576e-06, 6.55311441733e-06],
        "mean": [0.003533070907, 0.00305405282415, 0.00119574076962, 0.000659943500068, 0.000528359785676, 0.000467183708679, 0.000432097469456, 0.000646578846499, 0.000365010957466, 0.000444230478024, 0.000387431326089, 0.000213692430407, 0.000393053953303, 0.000330993090756, 0.000123600562802, 9.05000997591e-05, 0.000183907352039, 9.83224454103e-05, 4.76353889098e-05, 9.12653194973e-05, 6.42856757622e-05, 2.98279155686e-05, 5.90235231357e-06, 3.55276779374e-06, 2.52532731793e-06, 7.26190592104e-07, 3.34042624672e-07, 3.095849479e-07, 1.86682513004e-07, 1.9088261638e-07, 1.48587986359e-07, 1.16694963026e-07, 2.33019861184e-07, 5.28681383116e-08, 2.78020184652e-08, 2.71754601044e-08, 2.38243398343e-08, 3.11344727777e-08, 4.59986004842e-08, 5.38729381105e-08],
        "median": [0.00296453759074, 0.0028923000209, 0.00102144514676, 0.000477173511172, 0.000299741979688, 0.000236339285038, 0.000158495444339, 0.000206371216336, 0.000140182935866, 0.000152103515575, 0.000124835016322, 7.77005043346e-05, 0.000134675894515, 0.000117464376672, 3.57389144483e-05, 2.90019088425e-05, 5.77065802645e-05, 3.40343030985e-05, 1.4926714357e-05, 2.40293084062e-05, 2.3014308681e-05, 8.52085577208e-06, 2.44887723966e-06, 1.60103377311e-06, 1.05600236111e-06, 3.76645857614e-07, 1.76173031718e-07, 1.47599024558e-07, 6.96764175245e-08, 7.95751020632e-08, 4.01750952506e-08, 1.76772658733e-08, 2.35382486835e-08, 9.42153022265e-09, 5.24996757179e-09, 4.50731807433e-09, 3.17552872886e-09, 2.7838367167e-09, 2.90385138157e-09, 2.28720598017e-09],
        "min": [4.11672782631e-25, 8.6131551139e-25, 8.18404337767e-25, 6.07250481609e-25, 1.38927635082e-24, 9.69663979001e-25, 9.45147069535e-25, 1.53159967711e-24, 1.48110784601e-24, 8.58610211524e-25, 1.58213450113e-24, 1.42188312748e-24, 2.06285864538e-24, 2.43796693619e-24, 2.13361473541e-24, 2.10361869392e-24, 1.89276642915e-24, 2.92629471349e-24, 3.14168016746e-24, 3.09709217137e-24, 3.49964296092e-24, 2.91420226467e-24, 3.58575383405e-24, 3.22241041756e-24, 3.57018960839e-24, 3.89476366683e-24, 3.22906978411e-24, 3.79608347847e-24, 3.63851758455e-24, 3.45358610583e-24, 3.30669547212e-24, 4.67797001708e-24, 5.05535634097e-24, 4.33219453295e-24, 4.9398276614e-24, 5.11971555792e-24, 4.92020356309e-24, 4.19736913235e-24, 5.15281379492e-24, 5.82681221361e-24],
        "var": [1.2189420886e-05, 6.38098072159e-06, 1.01267312402e-06, 4.81547829168e-07, 4.42355457153e-07, 3.91144709511e-07, 5.32970659606e-07, 1.30821342736e-06, 3.75583312007e-07, 8.3797976913e-07, 5.30054762748e-07, 1.97345983111e-07, 5.31646719537e-07, 4.16870989284e-07, 9.10720103775e-08, 4.10498799397e-08, 1.53266057623e-07, 3.75301176803e-08, 9.94488136286e-09, 6.14204012095e-08, 1.55812376335e-08, 5.37720667992e-09, 2.03152578093e-10, 6.39819933146e-11, 2.98795363451e-11, 1.38076453483e-12, 2.63803058174e-13, 3.50364973579e-13, 1.6024474228e-13, 1.24254718927e-13, 1.57160309072e-13, 1.40952787636e-13, 8.98196068303e-13, 2.64593170507e-14, 5.94491768096e-15, 5.63475877963e-15, 5.53790225618e-15, 1.35463666854e-14, 3.40777821001e-14, 5.36852260238e-14]
    },
    "mfcc": {
        "mean": [-710.465332031, 216.521316528, -31.2685871124, 5.93471813202, 16.363494873, 9.15986824036, -1.11024737358, 5.15985059738, 10.9532289505, -1.81704366207, 0.665935873985, 0.434240192175, 2.82660365105],
        "cov": [[10607.4912109, 3337.43823242, -1074.93798828, 13.8001050949, 280.922424316, 201.221908569, -45.2685089111, 99.7450408936, 284.20690918, -88.4752044678, 104.288078308, -5.33038473129, 73.1895294189], [3337.43823242, 2937.4230957, -586.78894043, 164.517868042, 208.137832642, 24.4334526062, 49.2448234558, 96.4032287598, 92.7081451416, 64.834564209, 22.0893764496, 45.677116394, 24.6418228149], [-1074.93798828, -586.78894043, 1022.62609863, 67.4363555908, -32.6129798889, 56.015499115, 3.24543261528, 7.90038442612, 9.87046432495, 9.87203788757, 30.0793952942, -25.8493652344, -10.1459665298], [13.8001050949, 164.517868042, 67.4363555908, 238.991256714, 90.6211700439, 38.1962089539, 30.6075210571, 36.953868866, 26.7911987305, 52.5598983765, 30.3010902405, 28.1820163727, 2.55667424202], [280.922424316, 208.137832642, -32.6129798889, 90.6211700439, 194.281829834, 64.7518157959, 44.0071868896, 19.2429466248, 37.9646339417, 23.8866329193, 15.8179235458, 27.9040260315, 5.1597533226], [201.221908569, 24.4334526062, 56.015499115, 38.1962089539, 64.7518157959, 180.876800537, 50.8721351624, 33.96616745, 25.2280654907, 21.5394573212, 16.629940033, 6.47675657272, 19.6921367645], [-45.2685089111, 49.2448234558, 3.24543261528, 30.6075210571, 44.0071868896, 50.8721351624, 161.161834717, 60.1530990601, 4.73906564713, 0.668969869614, 7.99448156357, 5.59140920639, -0.774508416653], [99.7450408936, 96.4032287598, 7.90038442612, 36.953868866, 19.2429466248, 33.96616745, 60.1530990601, 139.748931885, 54.1023406982, 9.15797138214, 2.35937833786, 7.87423563004, 3.48444604874], [284.20690918, 92.7081451416, 9.87046432495, 26.7911987305, 37.9646339417, 25.2280654907, 4.73906564713, 54.1023406982, 133.246917725, 37.4623985291, 4.1219959259, -6.02652025223, 6.16511011124], [-88.4752044678, 64.834564209, 9.87203788757, 52.5598983765, 23.8866329193, 21.5394573212, 0.668969869614, 9.15797138214, 37.4623985291, 126.162200928, 35.7665748596, 4.73696231842, -16.064704895], [104.288078308, 22.0893764496, 30.0793952942, 30.3010902405, 15.8179235458, 16.629940033, 7.99448156357, 2.35937833786, 4.1219959259, 35.7665748596, 114.983482361, 36.5969581604, -3.85039997101], [-5.33038473129, 45.677116394, -25.8493652344, 28.1820163727, 27.9040260315, 6.47675657272, 5.59140920639, 7.87423563004, -6.02652025223, 4.73696231842, 36.5969581604, 109.745826721, 31.1465854645], [73.1895294189, 24.6418228149, -10.1459665298, 2.55667424202, 5.1597533226, 19.6921367645, -0.774508416653, 3.48444604874, 6.16511011124, -16.064704895, -3.85039997101, 31.1465854645, 99.7035064697]],
