{
"lowlevel": {
    "average_loudness": 0.407862126827,
    "barkbands_crest": {
        "dmean": 1.77766609192,
        "dmean2": 2.6658539772,
        "dvar": 3.95012021065,
        "dvar2": 9.31059360504,
        "max": 25.4424743652,
        "mean": 12.6006479263,
        "median": 12.1071586609,
        "min": 2.43249082565,
        "var": 24.7053070068
    },
    "barkbands_flatness_db": {
        "dmean": 0.0230126325041,
        "dmean2": 0.0277678258717,
        "dvar": 0.00048809646978,
        "dvar2": 0.000728946411982,
        "max": 0.651156485081,
        "mean": 0.208586797118,
        "median": 0.206211328506,
        "min": 0.013164437376,
        "var": 0.00711973709986
    },
    "barkbands_kurtosis": {
        "dmean": 3.10891771317,
        "dmean2": 4.48810148239,
        "dvar": 25.9240379333,
        "dvar2": 54.6674385071,
        "max": 262.275024414,
        "mean": 7.42069005966,
        "median": 4.73920631409,
        "min": -1.81497466564,
        "var": 134.14704895
    },
    "barkbands_skewness": {
        "dmean": 0.46185106039,
        "dmean2": 0.651413679123,
        "dvar": 0.27551150322,
        "dvar2": 0.575030505657,
        "max": 13.4606208801,
        "mean": 1.86694741249,
        "median": 1.8558242321,
        "min": -2.22368073463,
        "var": 2.25992751122
    },
    "barkbands_spread": {
        "dmean": 4.15380907059,
        "dmean2": 6.02074670792,
        "dvar": 39.7980041504,
        "dvar2": 88.9067993164,
        "max": 119.778549194,
        "mean": 16.0191249847,
        "median": 11.1524753571,
        "min": 0.707257986069,
        "var": 169.102401733
    },
    "dissonance": {
        "dmean": 0.0259992554784,
        "dmean2": 0.0429896041751,
        "dvar": 0.000570758711547,
        "dvar2": 0.00155156734399,
        "max": 0.500000059605,
        "mean": 0.425968229771,
        "median": 0.433243513107,
        "min": 0.23430301249,
        "var": 0.00211647246033
    },
    "dynamic_complexity": 5.20424938202,
    "erbbands_crest": {
        "dmean": 1.91648459435,
        "dmean2": 2.87616562843,
        "dvar": 3.70045280457,
        "dvar2": 8.7480096817,
        "max": 27.7258396149,
        "mean": 11.8967123032,
        "median": 11.5791492462,
        "min": 2.10542631149,
        "var": 18.387512207
    },
    "erbbands_flatness_db": {
        "dmean": 0.0214966535568,
        "dmean2": 0.0244701039046,
        "dvar": 0.00045361177763,
        "dvar2": 0.000563359761145,
        "max": 0.452191263437,
        "mean": 0.210813775659,
        "median": 0.207585006952,
        "min": 0.0310107693076,
        "var": 0.00517834443599
    },
    "erbbands_kurtosis": {
        "dmean": 1.05659663677,
        "dmean2": 1.61043536663,
        "dvar": 1.96914732456,
        "dvar2": 4.25767278671,
        "max": 28.0669975281,
        "mean": 0.967298388481,
        "median": 0.304353475571,
        "min": -1.83343672752,
        "var": 5.92714881897
    },
    "erbbands_skewness": {
        "dmean": 0.349738299847,
        "dmean2": 0.505925416946,
        "dvar": 0.128997653723,
        "dvar2": 0.259510040283,
        "max": 4.89311265945,
        "mean": 0.709327578545,
        "median": 0.79185295105,
        "min": -2.28633761406,
        "var": 0.933279395103
    },
    "erbbands_spread": {
        "dmean": 5.46257638931,
        "dmean2": 7.95875501633,
        "dvar": 51.4420089722,
        "dvar2": 107.688392639,
        "max": 191.464263916,
        "mean": 29.3144359589,
        "median": 26.7473068237,
        "min": 4.1895570755,
        "var": 175.65637207
    },
    "hfc": {
        "dmean": 2.55861139297,
        "dmean2": 3.64423847198,
        "dvar": 30.4843349457,
        "dvar2": 55.1350288391,
        "max": 125.64024353,
        "mean": 11.6027097702,
        "median": 3.97960281372,
        "min": 1.06897477003e-16,
        "var": 316.146270752
    },
    "melbands_crest": {
        "dmean": 2.12014126778,
        "dmean2": 3.19671392441,
        "dvar": 5.40124368668,
        "dvar2": 12.9241046906,
        "max": 32.6342086792,
        "mean": 15.648182869,
        "median": 15.1988182068,
        "min": 1.61672711372,
        "var": 26.3022022247
    },
    "melbands_flatness_db": {
        "dmean": 0.0241792146116,
        "dmean2": 0.0301941297948,
        "dvar": 0.000634314143099,
        "dvar2": 0.00108766532503,
        "max": 0.832912683487,
        "mean": 0.286385953426,
        "median": 0.300057172775,
        "min": 0.00343311089091,
        "var": 0.0112303802744
    },
    "melbands_kurtosis": {
        "dmean": 4.81450510025,
        "dmean2": 7.11248779297,
        "dvar": 77.5304794312,
        "dvar2": 178.613525391,
        "max": 226.985977173,
        "mean": 13.0199184418,
        "median": 9.24464988708,
        "min": -1.76925754547,
        "var": 249.475143433
    },
    "melbands_skewness": {
        "dmean": 0.499792903662,
        "dmean2": 0.728904128075,
        "dvar": 0.377115815878,
        "dvar2": 0.841392695904,
        "max": 11.7537460327,
        "mean": 2.43981671333,
        "median": 2.25491333008,
        "min": -1.14921152592,
        "var": 2.24309945107
    },
    "melbands_spread": {
        "dmean": 4.25283241272,
        "dmean2": 6.26566505432,
        "dvar": 48.7930335999,
        "dvar2": 100.290473938,
        "max": 153.056854248,
        "mean": 19.8145484924,
        "median": 10.1122112274,
        "min": 0.722683191299,
        "var": 502.187133789
    },
    "pitch_salience": {
        "dmean": 0.0476602949202,
        "dmean2": 0.072944663465,
        "dvar": 0.00298224715516,
        "dvar2": 0.00682595698163,
        "max": 0.96125715971,
        "mean": 0.47147578001,
        "median": 0.454612910748,
        "min": 0.115692533553,
        "var": 0.0172252673656
    },
    "silence_rate_20dB": {
        "dmean": 0,
        "dmean2": 0,
        "dvar": 0,
        "dvar2": 0,
        "max": 1,
        "mean": 1,
        "median": 1,
        "min": 1,
        "var": 0
    },
    "silence_rate_30dB": {
        "dmean": 0,
        "dmean2": 0,
        "dvar": 0,
        "dvar2": 0,
        "max": 1,
        "mean": 1,
        "median": 1,
        "min": 1,
        "var": 0
    },
    "silence_rate_60dB": {
        "dmean": 0.0504590943456,
        "dmean2": 0.100926540792,
        "dvar": 0.0479106493294,
        "dvar2": 0.100497372448,
        "max": 1,
        "mean": 0.2440033108,
        "median": 0,
        "min": 0,
        "var": 0.184472575784
    },
    "spectral_centroid": {
        "dmean": 149.734420776,
        "dmean2": 221.639297485,
        "dvar": 68090.125,
        "dvar2": 130064.257812,
        "max": 11827.0654297,
        "mean": 1093.73718262,
        "median": 673.216186523,
        "min": 196.776260376,
        "var": 1058200.5
    },
    "spectral_complexity": {
        "dmean": 1.41996860504,
        "dmean2": 2.27250170708,
        "dvar": 3.89918875694,
        "dvar2": 8.75537967682,
        "max": 44,
        "mean": 8.11447429657,
        "median": 7,
        "min": 0,
        "var": 24.4069290161
    },
    "spectral_decrease": {
        "dmean": 6.34588936954e-10,
        "dmean2": 8.46574699231e-10,
        "dvar": 9.97951843219e-19,
        "dvar2": 1.99688203431e-18,
        "max": 1.88088448929e-28,
        "mean": -3.00933278297e-09,
        "median": -2.2202959471e-09,
        "min": -2.42422153462e-08,
        "var": 7.74389697706e-18
    },
    "spectral_energy": {
        "dmean": 0.00257121399045,
        "dmean2": 0.00344897736795,
        "dvar": 1.65136443684e-05,
        "dvar2": 3.25731489283e-05,
        "max": 0.0955677852035,
        "mean": 0.0124102570117,
        "median": 0.00881634186953,
        "min": 1.0099954443e-20,
        "var": 0.000135289912578
    },
    "spectral_energyband_high": {
        "dmean": 0.00011103842553,
        "dmean2": 0.000158210023073,
        "dvar": 1.01963188115e-07,
        "dvar2": 1.80294961183e-07,
        "max": 0.00831380300224,
        "mean": 0.000340268044965,
        "median": 1.94665590243e-05,
        "min": 7.15292398581e-21,
        "var": 8.47018156946e-07
    },
    "spectral_energyband_low": {
        "dmean": 0.000847726536449,
        "dmean2": 0.00122147600632,
        "dvar": 3.45957892023e-06,
        "dvar2": 8.77427009982e-06,
        "max": 0.065276414156,
        "mean": 0.00237612449564,
        "median": 0.00105010543484,
        "min": 1.24073407903e-23,
        "var": 1.04916298369e-05
    },
    "spectral_energyband_middle_high": {
        "dmean": 0.00077470735414,
        "dmean2": 0.00111195642967,
        "dvar": 3.23120389112e-06,
        "dvar2": 6.1369555624e-06,
        "max": 0.0440281145275,
        "mean": 0.00306201749481,
        "median": 0.000551821023691,
        "min": 1.09422868395e-21,
        "var": 3.20847793773e-05
    },
    "spectral_energyband_middle_low": {
        "dmean": 0.00163726799656,
        "dmean2": 0.00212635821663,
        "dvar": 9.38519315241e-06,
        "dvar2": 1.77868823812e-05,
        "max": 0.0785641372204,
        "mean": 0.00678336201236,
        "median": 0.00358734698966,
        "min": 1.65881178901e-22,
        "var": 6.8491208367e-05
    },
    "spectral_entropy": {
        "dmean": 0.243809759617,
        "dmean2": 0.297106772661,
        "dvar": 0.0689106881618,
        "dvar2": 0.103015258908,
        "max": 9.82490158081,
        "mean": 6.50453424454,
        "median": 6.46776294708,
        "min": 4.54224348068,
        "var": 0.6185759902
    },
    "spectral_flux": {
        "dmean": 0.0126195196062,
        "dmean2": 0.0197253767401,
        "dvar": 0.000311462325044,
        "dvar2": 0.000733353197575,
        "max": 0.230770796537,
        "mean": 0.0334864296019,
        "median": 0.0227644369006,
        "min": 6.39545499892e-11,
        "var": 0.000882884836756
    },
    "spectral_kurtosis": {
        "dmean": 4.51398706436,
        "dmean2": 7.15788793564,
        "dvar": 29.3320045471,
        "dvar2": 76.6393432617,
        "max": 204.244400024,
        "mean": 12.2698469162,
        "median": 8.80710315704,
        "min": -1.28633093834,
        "var": 167.842468262
    },
    "spectral_rms": {
        "dmean": 0.00034766815952,
        "dmean2": 0.000460426992504,
        "dvar": 2.15075118604e-07,
        "dvar2": 4.04098386753e-07,
        "max": 0.00965592358261,
        "mean": 0.00308058760129,
        "median": 0.00293279881589,
        "min": 3.13904674823e-12,
        "var": 2.61752393271e-06
    },
    "spectral_rolloff": {
        "dmean": 293.012084961,
        "dmean2": 500.019439697,
        "dvar": 808912.8125,
        "dvar2": 2020545,
        "max": 19745.9472656,
        "mean": 1238.21069336,
        "median": 516.796875,
        "min": 43.06640625,
        "var": 3255044
    },
    "spectral_skewness": {
        "dmean": 0.419368684292,
        "dmean2": 0.652300596237,
        "dvar": 0.166564315557,
        "dvar2": 0.416669279337,
        "max": 12.6202840805,
        "mean": 2.44153928757,
        "median": 2.32939767838,
        "min": -0.0558098107576,
        "var": 1.13322758675
    },
    "spectral_spread": {
        "dmean": 860859.9375,
        "dmean2": 1106758.25,
        "dvar": 1.42470571622e+12,
        "dvar2": 2.51018634854e+12,
        "max": 42703700,
        "mean": 4093785.75,
        "median": 3277696,
        "min": 563662.125,
        "var": 1.0369568342e+13
    },
    "spectral_strongpeak": {
        "dmean": 0.388954758644,
        "dmean2": 0.641740620136,
        "dvar": 1.05372464657,
        "dvar2": 2.60856866837,
        "max": 15.2327308655,
        "mean": 1.04956257343,
        "median": 0.486892640591,
        "min": 0,
        "var": 2.47410225868
    },
    "zerocrossingrate": {
        "dmean": 0.00940675474703,
        "dmean2": 0.0104891201481,
        "dvar": 0.000159689006978,
        "dvar2": 0.000200260968995,
        "max": 0.52880859375,
        "mean": 0.052104011178,
        "median": 0.0361328125,
        "min": 0.00244140625,
        "var": 0.00231330958195
    },
    "barkbands": {
        "dmean": [2.28956087085e-05, 0.00065232894849, 0.000227098891628, 6.6349413828e-05, 0.000494173320476, 0.000845218775794, 0.000241281581111, 0.000199095113203, 0.000144940378959, 0.00012324679119, 4.38927927462e-05, 7.43020718801e-05, 0.000108996588096, 0.000125733058667, 0.000121002805827, 0.000109568609332, 0.000197072906303, 0.000252337515121, 0.00013580720406, 5.62172535865e-05, 4.72251231258e-05, 1.76271387318e-05, 1.33735729833e-05, 1.02794201666e-05, 1.11251092676e-05, 1.45336598507e-05, 3.24872712554e-06],
        "dmean2": [4.04447528126e-05, 0.000973391986918, 0.000313219818054, 0.000111112414743, 0.000697958224919, 0.00109683873598, 0.000308616989059, 0.00025780723081, 0.000184635951882, 0.000172187661519, 6.25620232313e-05, 0.000108117186755, 0.000152530075866, 0.000186786768609, 0.000181980183697, 0.000162508702488, 0.000296530575724, 0.000384872313589, 0.00021214102162, 8.5338455392e-05, 6.956254947e-05, 2.54379356193e-05, 1.8595601432e-05, 1.4244112208e-05, 1.63515560416e-05, 2.102750841e-05, 4.79423033539e-06],
        "dvar": [3.0722726585e-09, 2.53451980825e-06, 2.50313320294e-07, 4.51439206017e-08, 3.41160966855e-06, 3.75964282284e-06, 3.05614321405e-07, 5.82187112741e-07, 5.32600893166e-07, 3.98665719104e-07, 2.36176269652e-08, 5.31706305651e-08, 9.69475024704e-08, 1.39669040777e-07, 1.31127251279e-07, 1.44495515997e-07, 3.73580121504e-07, 5.31750742994e-07, 2.02785258807e-07, 4.08774987193e-08, 3.44925297213e-08, 4.22640233921e-09, 2.83697310088e-09, 1.38106626135e-09, 5.5061882831e-10, 9.9892427663e-10, 6.30631935561e-11],
        "dvar2": [8.86070417039e-09, 6.39806467007e-06, 5.07610366185e-07, 1.23593736134e-07, 7.67442816141e-06, 6.44564761387e-06, 5.29641681624e-07, 9.18038381315e-07, 8.3953483454e-07, 8.5342986722e-07, 4.68236471818e-08, 1.05241369397e-07, 1.767129163e-07, 2.79572191175e-07, 2.98070773397e-07, 2.94517462862e-07, 7.77390937401e-07, 1.13844509997e-06, 4.66939980015e-07, 8.49668353453e-08, 6.46489084488e-08, 7.82139242261e-09, 4.56026105766e-09, 2.16285811483e-09, 1.18562415441e-09, 2.3663453419e-09, 1.43155112764e-10],
        "max": [0.00183977943379, 0.060802962631, 0.00820424035192, 0.00582669489086, 0.0558433011174, 0.0593614391983, 0.0187899842858, 0.0309780351818, 0.0358024872839, 0.0391225479543, 0.00524765439332, 0.00789269246161, 0.0122428182513, 0.009870310314, 0.00939532462507, 0.0106466924772, 0.0127926617861, 0.0142885921523, 0.0144296716899, 0.00988127756864, 0.00580029375851, 0.00189258018509, 0.00306745036505, 0.00176426046528, 0.000723284902051, 0.000598053331487, 0.000152892724145],
        "mean": [2.7518335628e-05, 0.00175309518818, 0.000545775459614, 0.000112389745482, 0.00114034803119, 0.0032347063534, 0.00100993725937, 0.000651679758448, 0.000462896801764, 0.000376829062589, 9.08778383746e-05, 0.000136517337523, 0.000269621174084, 0.00026342147612, 0.00029023445677, 0.000243391827098, 0.000493514642585, 0.000563658308238, 0.000301610736642, 0.000154057343025, 0.000133288180223, 4.68785656267e-05, 3.90162058466e-05, 2.76337286778e-05, 1.99883379537e-05, 1.80621973414e-05, 3.33836760547e-06],
        "median": [1.07438909254e-05, 0.000678879849147, 0.0001179628307, 3.37740639225e-05, 0.000170818297192, 0.000774493557401, 0.000212455925066, 4.04518286814e-05, 4.32618326158e-05, 2.26269585255e-05, 1.46339561979e-05, 3.26945555571e-05, 2.65807393589e-05, 3.48143948941e-05, 1.94525964616e-05, 9.54601637204e-06, 9.29984071263e-06, 1.19504229588e-05, 6.44966712571e-06, 3.05164758174e-06, 1.90652895071e-06, 1.3596311419e-06, 1.04278853996e-06, 7.39890992918e-07, 1.04546916191e-06, 1.18931802717e-06, 5.12415212484e-08],
        "min": [4.05719791721e-25, 3.83108365911e-24, 5.58837446906e-25, 2.11615053826e-24, 1.17259393064e-23, 1.09048068904e-23, 1.29513984351e-23, 4.40389094518e-24, 2.25907454269e-23, 2.21821517656e-23, 1.17376057703e-23, 2.64426096544e-23, 2.58884569566e-23, 3.64924940608e-23, 5.41004973986e-23, 7.14815391431e-23, 7.37528968812e-23, 9.84290907743e-23, 1.69720912025e-22, 1.48864666625e-22, 2.5922178867e-22, 3.15916300539e-22, 3.85577640962e-22, 6.06867135046e-22, 8.97650200927e-22, 1.26329048691e-21, 1.89067941558e-21],
        "var": [3.4685128103e-09, 7.27636961528e-06, 1.17391562071e-06, 6.32889509689e-08, 6.99475913279e-06, 3.50739392161e-05, 3.65815276382e-06, 4.23102801506e-06, 5.15983765581e-06, 4.25381904279e-06, 1.00033176409e-07, 1.42173206541e-07, 4.75564633007e-07, 6.34709806491e-07, 5.08417485889e-07, 5.27464919742e-07, 1.68415522239e-06, 1.85216197224e-06, 8.35548576106e-07, 3.011387264e-07, 2.01986480874e-07, 2.29021779319e-08, 2.15817923532e-08, 1.02484580822e-08, 2.21742357809e-09, 1.51818690952e-09, 8.20742501739e-11]
    },
    "erbbands": {
        "dmean": [0.0146485185251, 0.161658629775, 0.303179204464, 0.200478553772, 0.734729886055, 2.00876498222, 3.96246933937, 7.42672586441, 4.42097520828, 3.83852314949, 4.48279380798, 3.35446667671, 3.45704841614, 3.05346274376, 1.82572340965, 3.33082818985, 5.00551939011, 6.9733247757, 5.86834287643, 4.56183958054, 7.55983543396, 8.72221183777, 11.7465343475, 8.50998783112, 6.63170623779, 3.05059599876, 1.91173505783, 1.60767912865, 0.651823699474, 0.443482756615, 0.374618828297, 0.258739858866, 0.147460728884, 0.0862707197666, 0.100661486387, 0.0611843168736, 0.0303394123912, 0.0050929072313, 0.000579060055315, 2.72495581157e-05],
        "dmean2": [0.0225952193141, 0.239057481289, 0.418941020966, 0.30710336566, 1.15161931515, 2.93297195435, 4.49479627609, 10.1319770813, 6.23818731308, 4.64059019089, 5.66640281677, 4.19941473007, 4.59500598907, 4.26789188385, 2.63772320747, 4.81027603149, 6.9248957634, 10.2057352066, 8.71018886566, 6.82188606262, 10.9824838638, 13.0430622101, 17.7826957703, 12.8374023438, 10.4909133911, 4.69003343582, 2.8355448246, 2.36131477356, 0.938128530979, 0.623660624027, 0.528519392014, 0.357144355774, 0.212343528867, 0.125992432237, 0.148860558867, 0.0911220684648, 0.0424181520939, 0.00756484316662, 0.00083789328346, 3.96784416807e-05],
        "dvar": [0.00128108460922, 0.159609600902, 0.444274961948, 0.192858353257, 10.6014099121, 73.1908721924, 97.9815444946, 299.113250732, 90.9192428589, 112.873100281, 336.370239258, 304.431671143, 451.403167725, 162.818313599, 27.5762271881, 100.066520691, 192.964538574, 435.842376709, 365.659637451, 258.491577148, 506.774749756, 740.475646973, 1259.61987305, 580.968383789, 565.11505127, 111.956237793, 47.6974639893, 45.9599571228, 5.73300123215, 2.94314432144, 2.11106944084, 1.11730313301, 0.187683448195, 0.0395369678736, 0.0498953908682, 0.0171234384179, 0.00494406558573, 0.000149666782818, 1.94030235434e-06, 4.64720972815e-09],
        "dvar2": [0.00312271411531, 0.404496371746, 0.973244130611, 0.503764331341, 26.6430988312, 166.000274658, 118.486694336, 609.035461426, 189.238357544, 176.023880005, 523.965148926, 460.516448975, 903.189758301, 324.082366943, 56.6124916077, 197.194534302, 338.85949707, 898.84564209, 852.84387207, 532.000305176, 1006.55987549, 1515.54919434, 2712.91430664, 1227.00195312, 1357.53149414, 245.901489258, 93.0181808472, 85.9440994263, 10.3427200317, 5.18370437622, 3.54704260826, 1.71756577492, 0.381181746721, 0.0846803635359, 0.109781645238, 0.0419976525009, 0.0106290793046, 0.000359417230356, 4.26689894084e-06, 1.00608179565e-08],
        "max": [1.3779270649, 14.6607990265, 10.8677740097, 10.2014713287, 105.544052124, 235.437713623, 304.494506836, 517.46887207, 305.05480957, 408.14553833, 848.245849609, 991.98046875, 1451.56958008, 585.15411377, 159.183105469, 323.521362305, 570.969787598, 560.76361084, 592.08996582, 488.805450439, 676.253601074, 754.216247559, 857.168884277, 667.923217773, 847.960693359, 427.641326904, 223.454025269, 192.699890137, 66.9887008667, 84.5332107544, 79.4290771484, 50.3681793213, 17.5875034332, 8.42730712891, 6.41253042221, 2.23458313942, 1.34897315502, 0.191144376993, 0.0239313803613, 0.00210338667966],
        "mean": [0.0374255776405, 0.433496326208, 0.775239109993, 0.45166733861, 1.08632159233, 4.02874040604, 16.0954608917, 26.8195514679, 16.54570961, 15.7195568085, 14.8855638504, 11.0112104416, 12.3482666016, 8.84145641327, 4.21106529236, 7.00253772736, 13.3855962753, 15.6109466553, 14.8376255035, 10.8610258102, 18.6479663849, 23.6885204315, 28.3931732178, 21.5000228882, 16.1466255188, 8.35746192932, 5.39488554001, 4.32613706589, 1.79278004169, 1.27594566345, 1.10038459301, 0.754930198193, 0.349846243858, 0.176837056875, 0.164365634322, 0.0803457796574, 0.0394080653787, 0.00521424645558, 0.000634263211396, 4.27664890594e-05],
        "median": [0.0145138157532, 0.165372639894, 0.190577745438, 0.166084125638, 0.218740701675, 0.741767644882, 2.61765623093, 6.62756156921, 4.08679294586, 2.65381193161, 1.09639668465, 0.989734947681, 1.20034456253, 0.835498094559, 1.33339357376, 2.1488237381, 1.7070286274, 2.78945803642, 1.05574131012, 1.13388776779, 0.969926595688, 0.878388166428, 0.746803641319, 0.518514513969, 0.325964689255, 0.172889620066, 0.099035076797, 0.0595584511757, 0.0503782182932, 0.0342098511755, 0.0335296466947, 0.0141831040382, 0.0143499262631, 0.00888721086085, 0.0085258455947, 0.00557201635092, 0.00192716205493, 0.000164108350873, 2.72780198429e-05, 1.89026832231e-05],
        "min": [1.61802818508e-22, 5.09720568021e-22, 6.78353483085e-22, 4.0787019886e-21, 7.59588808956e-21, 4.02639824371e-20, 9.80810476654e-20, 8.39416811011e-20, 1.86763798458e-19, 1.91181085101e-19, 2.62923131712e-19, 3.7605876959e-19, 7.58326150063e-19, 6.79038820398e-19, 8.98668766415e-19, 1.17086143917e-18, 1.40179806528e-18, 2.28028755385e-18, 2.94785229348e-18, 4.12265162935e-18, 4.83371717701e-18, 4.21564906408e-18, 4.58399796752e-18, 6.12686144991e-18, 8.29000906209e-18, 6.14083211687e-18, 1.06052263853e-17, 1.18498982879e-17, 1.06762017905e-17, 1.13498816696e-17, 1.16057468311e-17, 1.15576355251e-17, 1.04891919705e-17, 8.13134672162e-18, 6.0272076928e-18, 4.33453270249e-18, 2.34890280605e-18, 8.90070844333e-19, 2.53526515049e-19, 2.66775909591e-20],
        "var": [0.00358318910003, 0.467570483685, 1.91315877438, 0.457782894373, 13.5722332001, 115.128311157, 1042.57653809, 2380.83129883, 761.234985352, 1393.63024902, 2272.87426758, 2312.32324219, 6605.04931641, 1306.95629883, 124.751045227, 290.166137695, 1053.67919922, 1932.97497559, 1457.53417969, 956.280822754, 2332.08740234, 3760.62036133, 4435.94189453, 2815.30761719, 2510.6328125, 729.83770752, 292.269134521, 230.144866943, 32.9313621521, 20.915512085, 17.3700771332, 8.77328681946, 1.13393700123, 0.20606712997, 0.161545038223, 0.028855279088, 0.00957414135337, 0.000175716777449, 2.74146646007e-06, 7.14791825729e-09]
    },
    "gfcc": {
        "mean": [-109.202903748, 110.155853271, -108.34387207, 15.6634140015, -39.5972709656, -5.26896905899, -38.9221687317, 6.22845840454, -16.1657505035, 13.4471387863, -0.843695342541, 9.8195142746, -7.92141151428],
        "cov": [[16600.1855469, -2337.41162109, -2038.46142578, 706.296203613, -522.289123535, 384.943786621, -431.179779053, 617.999389648, -369.590820312, 139.903945923, -250.419433594, 136.30406189, -281.425933838], [-2337.41162109, 2697.46435547, -46.8564033508, -190.310302734, 328.40826416, -413.900848389, 108.141349792, -499.726531982, 147.608184814, -156.817199707, 312.619750977, 20.0729084015, 202.774795532], [-2038.46142578, -46.8564033508, 2015.08996582, -368.535491943, 226.792907715, 160.0884552, 13.2105646133, 4.44620418549, -105.923606873, 138.693511963, -191.22833252, 130.866134644, -134.908340454], [706.296203613, -190.310302734, -368.535491943, 618.176391602, -43.7647132874, 161.929672241, 97.4909973145, 147.198501587, 78.2667388916, -83.4645385742, 30.8451309204, -101.868225098, -6.1973567009], [-522.289123535, 328.40826416, 226.792907715, -43.7647132874, 270.927215576, -9.56107711792, 27.1681556702, -56.3294067383, -49.3656311035, -38.2705192566, 29.0096683502, 75.2831344604, -1.87969148159], [384.943786621, -413.900848389, 160.0884552, 161.929672241, -9.56107711792, 368.561737061, 57.9556503296, 152.357070923, 2.95019078255, 24.3585281372, -94.5122146606, -36.8486862183, -1.19795763493], [-431.179779053, 108.141349792, 13.2105646133, 97.4909973145, 27.1681556702, 57.9556503296, 192.424209595, 92.1647491455, 110.542663574, -6.33319425583, -46.2757759094, -72.2535705566, 2.88037848473], [617.999389648, -499.726531982, 4.44620418549, 147.198501587, -56.3294067383, 152.357070923, 92.1647491455, 419.753204346, 157.524871826, 15.6525821686, -198.128189087, -105.193519592, -63.5022277832], [-369.590820312, 147.608184814, -105.923606873, 78.2667388916, -49.3656311035, 2.95019078255, 110.542663574, 157.524871826, 358.757995605, 114.204681396, -68.7904129028, -182.957641602, -2.31588697433], [139.903945923, -156.817199707, 138.693511963, -83.4645385742, -38.2705192566, 24.3585281372, -6.33319425583, 15.6525821686, 114.204681396, 307.299163818, 21.4221286774, -58.305606842, -81.1093215942], [-250.419433594, 312.619750977, -191.22833252, 30.8451309204, 29.0096683502, -94.5122146606, -46.2757759094, -198.128189087, -68.7904129028, 21.4221286774, 321.230987549, 92.7206726074, 33.3148460388], [136.30406189, 20.0729084015, 130.866134644, -101.868225098, 75.2831344604, -36.8486862183, -72.2535705566, -105.193519592, -182.957641602, -58.305606842, 92.7206726074, 229.404312134, 28.4702186584], [-281.425933838, 202.774795532, -134.908340454, -6.1973567009, -1.87969148159, -1.19795763493, 2.88037848473, -63.5022277832, -2.31588697433, -81.1093215942, 33.3148460388, 28.4702186584, 151.812423706]],
        "icov": [[0.000117691321066, -5.19912828167e-05, 0.000179667811608, -0.000130932108732, 0.000112886897114, -0.000110975081043, 0.000263328605797, -0.000177759095095, 0.000214011102798, -0.000258279731497, 0.000277753424598, -0.00031478877645, 0.000226459436817], [-5.19912828167e-05, 0.00102918001357, -0.000185778582818, 0.00025713222567, -0.00101059558801, 0.000626305001788, -0.000646631058771, 0.0010884469375, -0.00113204622176, 0.00086163537344, -0.000721137970686, 0.000579838932026, -0.000673064438161], [0.000179667811608, -0.000185778582818, 0.00111330521759, 0.00020562793361, -0.000221792812226, -0.000770382292103, 0.000221977912588, -7.74441432441e-05, 0.000347179622622, -0.000696387025528, 0.00106827705167, -0.00112460262608, 0.00114321743604], [-0.000130932108732, 0.00025713222567, 0.00020562793361, 0.0031903705094, -0.000237112311879, -0.0013288037153, -0.000993812922388, -0.000162745389389, -0.00081870512804, 0.00195166410413, -0.00193389772903, 0.00134870305192, 0.000865852925926], [0.000112886897114, -0.00101059558801, -0.000221792812226, -0.000237112311879, 0.00593039905652, -0.000716424896382, -0.000598160200752, -0.000451938918559, 0.000678904878441, -3.36495650117e-05, 0.000493853818625, -0.00227371393703, 0.00155282253399], [-0.000110975081043, 0.000626305001788, -0.000770382292103, -0.0013288037153, -0.000716424896382, 0.00518055167049, -0.00116730004083, -0.000820814457256, 0.00125618535094, -0.00115714012645, 0.000198615336558, 0.00117527262773, -0.00293336226605], [0.000263328605797, -0.000646631058771, 0.000221977912588, -0.000993812922388, -0.000598160200752, -0.00116730004083, 0.00860031787306, -0.00151395238936, -0.000949265202507, -9.94008078123e-05, 0.000778179382905, 0.000206747106859, 0.000418342620833], [-0.000177759095095, 0.0010884469375, -7.74441432441e-05, -0.000162745389389, -0.000451938918559, -0.000820814457256, -0.00151395238936, 0.00678772618994, -0.00391891179606, 0.00189381011296, 0.00165008113254, -0.000894398544915, 0.00175475119613], [0.000214011102798, -0.00113204622176, 0.000347179622622, -0.00081870512804, 0.000678904878441, 0.00125618535094, -0.000949265202507, -0.00391891179606, 0.0091201364994, -0.00431722123176, 0.000805202347692, 0.00344312959351, -0.00240889121778], [-0.000258279731497, 0.00086163537344, -0.000696387025528, 0.00195166410413, -3.36495650117e-05, -0.00115714012645, -9.94008078123e-05, 0.00189381011296, -0.00431722123176, 0.0074720797129, -0.00292190187611, 0.00127585791051, 0.00294387037866], [0.000277753424598, -0.000721137970686, 0.00106827705167, -0.00193389772903, 0.000493853818625, 0.000198615336558, 0.000778179382905, 0.00165008113254, 0.000805202347692, -0.00292190187611, 0.00742094172165, -0.00387037405744, 0.000580142252147], [-0.00031478877645, 0.000579838932026, -0.00112460262608, 0.00134870305192, -0.00227371393703, 0.00117527262773, 0.000206747106859, -0.000894398544915, 0.00344312959351, 0.00127585791051, -0.00387037405744, 0.0113633433357, -0.00324678421021], [0.000226459436817, -0.000673064438161, 0.00114321743604, 0.000865852925926, 0.00155282253399, -0.00293336226605, 0.000418342620833, 0.00175475119613, -0.00240889121778, 0.00294387037866, 0.000580142252147, -0.00324678421021, 0.011696960777]]
    },
    "melbands": {
        "dmean": [0.000160222087288, 0.000179518188816, 4.33177046943e-05, 0.000103301936178, 0.000124709913507, 0.00016499319463, 6.56470729155e-05, 4.0917951992e-05, 3.52137467416e-05, 1.97463396034e-05, 1.73651587829e-05, 1.30082253236e-05, 6.46550824968e-06, 8.24384187581e-06, 1.05038498077e-05, 1.11034842121e-05, 1.3448881873e-05, 9.21015453059e-06, 6.87685178491e-06, 6.76432091495e-06, 9.9200369732e-06, 9.42383212532e-06, 1.18274865599e-05, 1.36117332659e-05, 6.55191252008e-06, 6.20679975327e-06, 3.06200968225e-06, 1.91956701201e-06, 1.27588759824e-06, 1.26532745526e-06, 8.99746055438e-07, 4.26897571515e-07, 2.7233878086e-07, 2.61649063305e-07, 2.44291072704e-07, 2.00041625931e-07, 1.45514249539e-07, 1.09133097226e-07, 8.66290505996e-08, 7.22584658774e-08],
        "dmean2": [0.000241518238909, 0.000254048180068, 6.82692916598e-05, 0.000153869899805, 0.000143907600432, 0.000221186186536, 9.25942586036e-05, 5.0195329095e-05, 4.42241907876e-05, 2.51964575e-05, 2.31705835176e-05, 1.8328668375e-05, 9.20667298487e-06, 1.20371278172e-05, 1.44835366882e-05, 1.58736092999e-05, 1.97240569833e-05, 1.36640064738e-05, 1.02346793938e-05, 1.00590168586e-05, 1.43568395288e-05, 1.39061503432e-05, 1.7657655917e-05, 2.07039684028e-05, 9.84496819001e-06, 9.76043156697e-06, 4.70512168249e-06, 2.96712551062e-06, 1.90611388007e-06, 1.86113231848e-06, 1.33281616854e-06, 6.14027442225e-07, 3.94424347405e-07, 3.71438716229e-07, 3.503762116e-07, 2.77194942555e-07, 2.03467209303e-07, 1.60921288739e-07, 1.25433317066e-07, 1.07178138364e-07],
        "dvar": [1.56863734446e-07, 1.56905485937e-07, 1.47016470109e-08, 2.38228366811e-07, 9.09171689045e-08, 1.43574254707e-07, 1.89236075698e-08, 1.29977024699e-08, 2.00736458567e-08, 1.02064889873e-08, 1.14881144597e-08, 3.17520276738e-09, 4.20275925173e-10, 6.41812047952e-10, 9.86414949722e-10, 9.85925341368e-10, 1.75134284852e-09, 9.31235477619e-10, 4.77879180671e-10, 7.73111963337e-10, 9.84698100837e-10, 1.07742603728e-09, 1.68098812647e-09, 2.02315475484e-09, 4.48070025527e-10, 5.50980649994e-10, 1.27349464307e-10, 4.93641794108e-11, 2.29794447359e-11, 2.54257830068e-11, 1.59198539768e-11, 2.70878480237e-12, 9.37271527751e-13, 1.17341650719e-12, 1.07536169639e-12, 5.85709161293e-13, 3.58112302833e-13, 1.06332633399e-13, 5.34854516091e-14, 2.93861411441e-14],
        "dvar2": [3.95354334159e-07, 3.81047925657e-07, 3.99588770961e-08, 5.43526994079e-07, 1.16922016957e-07, 2.77481234434e-07, 3.96708585981e-08, 2.05230321626e-08, 3.10171266449e-08, 1.59944235634e-08, 2.27300258615e-08, 6.45343689598e-09, 8.31882840391e-10, 1.31435151651e-09, 1.77298131732e-09, 1.92479254757e-09, 3.53741946846e-09, 2.16246376361e-09, 9.85154735567e-10, 1.71112102265e-09, 1.98299199283e-09, 2.13389661496e-09, 3.59228446989e-09, 4.33067892658e-09, 9.3989083183e-10, 1.31149513471e-09, 2.64854749243e-10, 1.07917133563e-10, 4.59742174885e-11, 4.99674919496e-11, 3.12869209707e-11, 5.00981070864e-12, 1.72547837563e-12, 2.0700338145e-12, 1.84192635103e-12, 9.69261997052e-13, 5.79460362072e-13, 2.24463527734e-13, 1.15859199405e-13, 6.35883625486e-14],
        "max": [0.0156630631536, 0.0108489003032, 0.002855040133, 0.0154173439369, 0.00929621327668, 0.0113619845361, 0.00456133857369, 0.00370050128549, 0.00636605126783, 0.00534240948036, 0.00734688062221, 0.00248906435445, 0.000680196913891, 0.00112165033352, 0.00124668399803, 0.000788578705397, 0.00110679899808, 0.000938100973144, 0.00088013993809, 0.00102464051452, 0.00105450954288, 0.00106571789365, 0.00110685860272, 0.00112723070197, 0.000694120826665, 0.000779828580562, 0.000607272260822, 0.000266575574642, 0.000170629136846, 0.000131254666485, 0.000125498423586, 5.54791804461e-05, 4.37154485553e-05, 5.86005699006e-05, 5.87280846958e-05, 3.66852655134e-05, 2.84564794129e-05, 1.30821927087e-05, 8.62484012032e-06, 7.74239470047e-06],
        "mean": [0.000427067774581, 0.000485324824695, 8.8629181846e-05, 0.000165157660376, 0.000491959683131, 0.000606867077295, 0.000247511256021, 0.000162005861057, 0.000115220464068, 6.37094053673e-05, 6.03307853453e-05, 3.61579732271e-05, 1.41847540363e-05, 1.5029275346e-05, 2.58018426393e-05, 2.70464261121e-05, 2.83152257907e-05, 2.18421610043e-05, 1.59580376931e-05, 1.46097690958e-05, 2.29661200137e-05, 2.26835581998e-05, 2.86989416054e-05, 2.88595711027e-05, 1.52437314682e-05, 1.34102792799e-05, 7.50184426579e-06, 4.69694305139e-06, 3.28060832544e-06, 3.24252710016e-06, 2.22099424718e-06, 1.06454706383e-06, 6.89185014835e-07, 6.99879535659e-07, 6.71816962949e-07, 5.55293752313e-07, 3.92602231614e-07, 2.48420690241e-07, 1.76476518732e-07, 1.36899515724e-07],
        "median": [0.000164163880982, 0.000168771686731, 2.99038511002e-05, 2.41127927438e-05, 8.28089614515e-05, 0.00014594681852, 5.80543528486e-05, 2.16698863369e-05, 7.23514040146e-06, 5.74951627641e-06, 5.20345747645e-06, 2.5378844839e-06, 3.0881371913e-06, 4.1016828618e-06, 3.81005247618e-06, 3.28589749188e-06, 3.42468138115e-06, 1.12419797915e-06, 1.55602901941e-06, 7.57219709158e-07, 9.88583224171e-07, 5.14523435413e-07, 3.81102978508e-07, 6.59821694171e-07, 2.54888050222e-07, 2.32074370388e-07, 1.63267742437e-07, 8.91604088338e-08, 5.57983739213e-08, 4.20936956402e-08, 2.93488131575e-08, 2.65856563431e-08, 2.55717118591e-08, 1.4933872805e-08, 1.91836484476e-08, 1.26409247514e-08, 5.54792034535e-09, 9.33888344434e-09, 8.10063127687e-09, 5.60748292244e-09],
        "min": [1.8115149392e-24, 3.81013333771e-25, 1.45859868616e-24, 2.05318543574e-24, 3.43914640139e-24, 2.25417871414e-24, 2.79479554489e-24, 2.12535220629e-24, 1.98356333326e-24, 2.87413187778e-24, 3.42170547564e-24, 2.46174340109e-24, 2.46257229669e-24, 2.99808559182e-24, 2.01926560011e-24, 3.6084663228e-24, 4.21493745914e-24, 3.60615614364e-24, 3.87916275913e-24, 4.44251041966e-24, 5.09235904502e-24, 4.24716518813e-24, 3.57797172122e-24, 4.35825021422e-24, 4.1168934871e-24, 4.54957225513e-24, 4.04782832042e-24, 4.0292467018e-24, 5.27172905436e-24, 5.34839765688e-24, 5.82433913467e-24, 5.43587641481e-24, 4.92420900434e-24, 5.02506763209e-24, 6.05927216744e-24, 6.98374062885e-24, 6.09926820419e-24, 6.6792773959e-24, 6.5219592043e-24, 6.75066615238e-24],
        "var": [4.28964625598e-07, 5.5753594097e-07, 2.46729783271e-08, 3.22073873349e-07, 9.29866644128e-07, 1.21906134609e-06, 1.66198560692e-07, 1.51229059497e-07, 1.37691088753e-07, 8.65262208549e-08, 1.66101656873e-07, 2.41840094617e-08, 2.02005234762e-09, 1.6547669901e-09, 4.28851798517e-09, 4.16711154472e-09, 7.49718687132e-09, 3.52757800748e-09, 1.75492997911e-09, 2.013597733e-09, 4.1282230967e-09, 4.53818449486e-09, 7.78526310086e-09, 6.69634125927e-09, 1.93440530261e-09, 2.16676210307e-09, 7.67453212092e-10, 2.74838651837e-10, 1.18609455591e-10, 1.3549196487e-10, 6.58472373849e-11, 1.34104194763e-11, 5.6892403115e-12, 7.37888916635e-12, 7.90374796861e-12, 4.32429786423e-12, 2.48612046748e-12, 5.8168503651e-13, 2.71202385636e-13, 1.38141803769e-13]
    },
    "mfcc": {
        "mean": [-762.183044434, 148.386001587, -3.63353228569, 27.2330341339, 11.1608781815, -1.1686552763, -4.70519781113, -7.47503471375, -9.57952880859, -0.101450629532, 6.62391710281, 5.27983045578, 5.82055425644],
        "cov": [[9616.65722656, -2122.96362305, -1005.65124512, 414.004730225, -277.706451416, -227.498825073, -116.067054749, 393.661590576, 166.815551758, 176.890670776, 134.454666138, 197.192962646, -109.255462646], [-2122.96362305, 2499.25708008, 151.245437622, -1.599853158, 161.782836914, 99.1085510254, 0.53928899765, -248.239944458, -233.769714355, -218.006530762, -65.4319915771, -44.937297821, 69.2245864868], [-1005.65124512, 151.245437622, 875.303588867, -96.4312896729, 121.506393433, 173.118438721, 104.537918091, 42.608379364, 66.7536621094, 30.1406745911, -4.14357948303, -62.4706077576, 13.5728273392], [414.004730225, -1.599853158, -96.4312896729, 297.071807861, 18.3068084717, -2.54123830795, 13.691701889, 65.693572998, -0.410625338554, 23.5815200806, 59.0613021851, 79.795249939, -7.78197717667], [-277.706451416, 161.782836914, 121.506393433, 18.3068084717, 183.687957764, 48.0407752991, 50.2538452148, 28.4993972778, -16.9557857513, -37.0730133057, -9.49073314667, -5.45314502716, 7.97080135345], [-227.498825073, 99.1085510254, 173.118438721, -2.54123830795, 48.0407752991, 221.633483887, 94.6555862427, -23.8389759064, -38.7737121582, -6.40832042694, -9.38608646393, -24.070148468, 2.46613526344], [-116.067054749, 0.53928899765, 104.537918091, 13.691701889, 50.2538452148, 94.6555862427, 237.320709229, 99.7062835693, -110.251899719, -106.026077271, -30.6066474915, -65.4170303345, -69.2822113037], [393.661590576, -248.239944458, 42.608379364, 65.693572998, 28.4993972778, -23.8389759064, 99.7062835693, 331.168304443, 151.186737061, -22.5386276245, -51.6171302795, -6.10361814499, -52.01379776], [166.815551758, -233.769714355, 66.7536621094, -0.410625338554, -16.9557857513, -38.7737121582, -110.251899719, 151.186737061, 493.157287598, 274.877929688, -19.9606704712, 46.7334938049, 91.7108840942], [176.890670776, -218.006530762, 30.1406745911, 23.5815200806, -37.0730133057, -6.40832042694, -106.026077271, -22.5386276245, 274.877929688, 393.917907715, 120.753395081, 34.9323005676, 85.502571106], [134.454666138, -65.4319915771, -4.14357948303, 59.0613021851, -9.49073314667, -9.38608646393, -30.6066474915, -51.6171302795, -19.9606704712, 120.753395081, 190.962417603, 86.3908309937, 24.1601772308], [197.192962646, -44.937297821, -62.4706077576, 79.795249939, -5.45314502716, -24.070148468, -65.4170303345, -6.10361814499, 46.7334938049, 34.9323005676, 86.3908309937, 205.125244141, 73.4024734497], [-109.255462646, 69.2245864868, 13.5728273392, -7.78197717667, 7.97080135345, 2.46613526344, -69.2822113037, -52.01379776, 91.7108840942, 85.502571106, 24.1601772308, 73.4024734497, 151.40272522]],
