{
"lowlevel": {
    "average_loudness": 0.823554933071,
    "barkbands_crest": {
        "dmean": 2.02647781372,
        "dmean2": 3.31026077271,
        "dvar": 4.23943471909,
        "dvar2": 11.2837724686,
        "max": 26.8949069977,
        "mean": 9.18886947632,
        "median": 8.30627918243,
        "min": 2.48896598816,
        "var": 15.1360998154
    },
    "barkbands_flatness_db": {
        "dmean": 0.0172724220902,
        "dmean2": 0.0258912146091,
        "dvar": 0.000295079749776,
        "dvar2": 0.000653378025163,
        "max": 0.556334674358,
        "mean": 0.134269043803,
        "median": 0.119439832866,
        "min": 0.0265373121947,
        "var": 0.00450205150992
    },
    "barkbands_kurtosis": {
        "dmean": 2.10184383392,
        "dmean2": 3.39254999161,
        "dvar": 257.341156006,
        "dvar2": 595.461181641,
        "max": 1296.8458252,
        "mean": 6.15338230133,
        "median": 1.84999465942,
        "min": -1.92177176476,
        "var": 3095.97802734
    },
    "barkbands_skewness": {
        "dmean": 0.381532847881,
        "dmean2": 0.588019430637,
        "dvar": 0.274278730154,
        "dvar2": 0.573054015636,
        "max": 35.6479225159,
        "mean": 1.4611082077,
        "median": 1.36439430714,
        "min": -2.92970538139,
        "var": 3.82072353363
    },
    "barkbands_spread": {
        "dmean": 5.29309129715,
        "dmean2": 8.1546869278,
        "dvar": 46.4521980286,
        "dvar2": 99.6491165161,
        "max": 98.550163269,
        "mean": 23.4815692902,
        "median": 20.3541069031,
        "min": 0.379290878773,
        "var": 197.720474243
    },
    "dissonance": {
        "dmean": 0.0187710896134,
        "dmean2": 0.0314626768231,
        "dvar": 0.000392599933548,
        "dvar2": 0.00103019352537,
        "max": 0.500000059605,
        "mean": 0.455963373184,
        "median": 0.463544011116,
        "min": 0.226309344172,
        "var": 0.00113183294889
    },
    "dynamic_complexity": 2.87785959244,
    "erbbands_crest": {
        "dmean": 2.14921188354,
        "dmean2": 3.42736124992,
        "dvar": 5.04408216476,
        "dvar2": 13.0520124435,
        "max": 29.3045768738,
        "mean": 9.14371681213,
        "median": 8.35103130341,
        "min": 2.28689908981,
        "var": 16.1714344025
    },
    "erbbands_flatness_db": {
        "dmean": 0.0173990856856,
        "dmean2": 0.0241731274873,
        "dvar": 0.000302813947201,
        "dvar2": 0.000600618834142,
        "max": 0.381624549627,
        "mean": 0.156374588609,
        "median": 0.150175496936,
        "min": 0.0355527661741,
        "var": 0.00250542350113
    },
    "erbbands_kurtosis": {
        "dmean": 0.784265220165,
        "dmean2": 1.22003591061,
        "dvar": 1.53842270374,
        "dvar2": 3.68348455429,
        "max": 33.9545974731,
        "mean": 0.646624147892,
        "median": -0.0505015850067,
        "min": -1.82321965694,
        "var": 5.17958450317
    },
    "erbbands_skewness": {
        "dmean": 0.288334876299,
        "dmean2": 0.434365451336,
        "dvar": 0.0954958721995,
        "dvar2": 0.203231051564,
        "max": 4.03043889999,
        "mean": 0.428839087486,
        "median": 0.441604465246,
        "min": -4.51394081116,
        "var": 0.558427393436
    },
    "erbbands_spread": {
        "dmean": 7.34168815613,
        "dmean2": 10.9731941223,
        "dvar": 74.5772857666,
        "dvar2": 162.520080566,
        "max": 132.722564697,
        "mean": 39.7361183167,
        "median": 37.4639434814,
        "min": 3.1582531929,
        "var": 364.398986816
    },
    "hfc": {
        "dmean": 7.20830726624,
        "dmean2": 10.1760826111,
        "dvar": 192.771514893,
        "dvar2": 360.2215271,
        "max": 386.634002686,
        "mean": 26.0951881409,
        "median": 18.2283306122,
        "min": 1.07094034968e-16,
        "var": 853.588317871
    },
    "melbands_crest": {
        "dmean": 2.69599699974,
        "dmean2": 4.41566896439,
        "dvar": 7.12673902512,
        "dvar2": 19.0368385315,
        "max": 39.9719429016,
        "mean": 13.2843647003,
        "median": 12.4676094055,
        "min": 1.58497571945,
        "var": 25.0617847443
    },
    "melbands_flatness_db": {
        "dmean": 0.0207568574697,
        "dmean2": 0.0309320222586,
        "dvar": 0.000471643405035,
        "dvar2": 0.00103183451574,
        "max": 0.680290579796,
        "mean": 0.196329817176,
        "median": 0.18117171526,
        "min": 0.00405847234651,
        "var": 0.00717996107414
    },
    "melbands_kurtosis": {
        "dmean": 4.57890272141,
        "dmean2": 7.36898517609,
        "dvar": 792.702514648,
        "dvar2": 1930.81604004,
        "max": 2309.63574219,
        "mean": 14.5118675232,
        "median": 6.9375,
        "min": -1.91000318527,
        "var": 8571.70703125
    },
    "melbands_skewness": {
        "dmean": 0.502829611301,
        "dmean2": 0.781033694744,
        "dvar": 0.511426270008,
        "dvar2": 1.13412702084,
        "max": 46.4495658875,
        "mean": 2.39828801155,
        "median": 2.25444841385,
        "min": -1.08453524113,
        "var": 5.93336057663
    },
    "melbands_spread": {
        "dmean": 6.34291028976,
        "dmean2": 9.72116565704,
        "dvar": 125.037139893,
        "dvar2": 237.792236328,
        "max": 230.557373047,
        "mean": 26.0914764404,
        "median": 20.3446750641,
        "min": 0.411549687386,
        "var": 611.61529541
    },
    "pitch_salience": {
        "dmean": 0.0547873042524,
        "dmean2": 0.0890616104007,
        "dvar": 0.00276055070572,
        "dvar2": 0.00732452701777,
        "max": 0.991867661476,
        "mean": 0.555523455143,
        "median": 0.561153709888,
        "min": 0.00463769258931,
        "var": 0.0120179951191
    },
    "silence_rate_20dB": {
        "dmean": 0,
        "dmean2": 0,
        "dvar": 0,
        "dvar2": 0,
        "max": 1,
        "mean": 1,
        "median": 1,
        "min": 1,
        "var": 0
    },
    "silence_rate_30dB": {
        "dmean": 0.00045899633551,
        "dmean2": 0.000918062869459,
        "dvar": 0.000458759343019,
        "dvar2": 0.00137614621781,
        "max": 1,
        "mean": 0.999770522118,
        "median": 1,
        "min": 0,
        "var": 0.000229410390602
    },
    "silence_rate_60dB": {
        "dmean": 0.00107099139132,
        "dmean2": 0.00214214669541,
        "dvar": 0.00106967636384,
        "dvar2": 0.00274921837263,
        "max": 1,
        "mean": 0.0201178006828,
        "median": 0,
        "min": 0,
        "var": 0.0197128746659
    },
    "spectral_centroid": {
        "dmean": 202.049499512,
        "dmean2": 307.057098389,
        "dvar": 77576.78125,
        "dvar2": 144789.65625,
        "max": 11741.8173828,
        "mean": 1303.54516602,
        "median": 1119.97546387,
        "min": 147.997375488,
        "var": 1151929.25
    },
    "spectral_complexity": {
        "dmean": 2.71878814697,
        "dmean2": 4.17932844162,
        "dvar": 9.74879550934,
        "dvar2": 19.4746284485,
        "max": 55,
        "mean": 19.3328990936,
        "median": 19,
        "min": 0,
        "var": 67.505355835
    },
    "spectral_decrease": {
        "dmean": 1.59523949606e-09,
        "dmean2": 2.46318165864e-09,
        "dvar": 4.63667241534e-18,
        "dvar2": 1.12012464126e-17,
        "max": 3.19650661397e-28,
        "mean": -6.14061956838e-09,
        "median": -5.39337774441e-09,
        "min": -3.63902934453e-08,
        "var": 1.57707972571e-17
    },
    "spectral_energy": {
        "dmean": 0.00647074682638,
        "dmean2": 0.0099178859964,
        "dvar": 7.38382732379e-05,
        "dvar2": 0.00017558359832,
        "max": 0.149721696973,
        "mean": 0.0255430731922,
        "median": 0.0224357135594,
        "min": 9.93822366962e-21,
        "var": 0.000272145873168
    },
    "spectral_energyband_high": {
        "dmean": 0.000647380657028,
        "dmean2": 0.000893453485332,
        "dvar": 3.39889743373e-06,
        "dvar2": 6.03296120971e-06,
        "max": 0.056578502059,
        "mean": 0.00151785544585,
        "median": 0.000534552615136,
        "min": 7.16644241115e-21,
        "var": 1.32214881887e-05
    },
    "spectral_energyband_low": {
        "dmean": 0.00254792533815,
        "dmean2": 0.00417808070779,
        "dvar": 3.08469025185e-05,
        "dvar2": 8.06251337053e-05,
        "max": 0.107427924871,
        "mean": 0.00584410410374,
        "median": 0.00410387665033,
        "min": 1.69957526121e-23,
        "var": 4.37982525909e-05
    },
    "spectral_energyband_middle_high": {
        "dmean": 0.0020730283577,
        "dmean2": 0.00316597148776,
        "dvar": 1.69900395122e-05,
        "dvar2": 4.16925977333e-05,
        "max": 0.0875817909837,
        "mean": 0.00695551047102,
        "median": 0.00359902600758,
        "min": 1.05059207936e-21,
        "var": 8.42281006044e-05
    },
    "spectral_energyband_middle_low": {
        "dmean": 0.00419621542096,
        "dmean2": 0.00653515476733,
        "dvar": 3.449718497e-05,
        "dvar2": 8.43505331432e-05,
        "max": 0.0884746089578,
        "mean": 0.0134625779465,
        "median": 0.0115113146603,
        "min": 1.44943548299e-22,
        "var": 8.94944168977e-05
    },
    "spectral_entropy": {
        "dmean": 0.169117972255,
        "dmean2": 0.244664803147,
        "dvar": 0.0366832949221,
        "dvar2": 0.0751342475414,
        "max": 9.81770896912,
        "mean": 7.43199062347,
        "median": 7.49342441559,
        "min": 4.92149496078,
        "var": 0.381196379662
    },
    "spectral_flux": {
        "dmean": 0.0196948405355,
        "dmean2": 0.0305502396077,
        "dvar": 0.000482898438349,
        "dvar2": 0.00107482878957,
        "max": 0.318475186825,
        "mean": 0.0729144662619,
        "median": 0.0680479332805,
        "min": 6.27333185399e-11,
        "var": 0.00205840682611
    },
    "spectral_kurtosis": {
        "dmean": 2.26371240616,
        "dmean2": 3.61072707176,
        "dvar": 24.130815506,
        "dvar2": 60.5707626343,
        "max": 146.266098022,
        "mean": 6.47027492523,
        "median": 3.67896938324,
        "min": -1.33394992352,
        "var": 131.938110352
    },
    "spectral_rms": {
        "dmean": 0.000586085778195,
        "dmean2": 0.000884815177415,
        "dvar": 4.55775165165e-07,
        "dvar2": 1.0242939652e-06,
        "max": 0.0120859397575,
        "mean": 0.00471532251686,
        "median": 0.00467851478606,
        "min": 3.11381237635e-12,
        "var": 2.68578924079e-06
    },
    "spectral_rolloff": {
        "dmean": 451.878631592,
        "dmean2": 758.026245117,
        "dvar": 862150.0625,
        "dvar2": 1833989.5,
        "max": 20262.7441406,
        "mean": 1732.78942871,
        "median": 1119.7265625,
        "min": 21.533203125,
        "var": 4677412
    },
    "spectral_skewness": {
        "dmean": 0.255383580923,
        "dmean2": 0.389695137739,
        "dvar": 0.117601186037,
        "dvar2": 0.271286547184,
        "max": 9.76213264465,
        "mean": 1.77616047859,
        "median": 1.61449098587,
        "min": -0.30345377326,
        "var": 1.03306674957
    },
    "spectral_spread": {
        "dmean": 707651.125,
        "dmean2": 973311.75,
        "dvar": 782363000832,
        "dvar2": 1.37741126861e+12,
        "max": 43449916,
        "mean": 5282264.5,
        "median": 4947245.5,
        "min": 684807.875,
        "var": 1.30705512202e+13
    },
    "spectral_strongpeak": {
        "dmean": 0.534140527248,
        "dmean2": 0.910783588886,
        "dvar": 1.01770663261,
        "dvar2": 2.68608856201,
        "max": 18.7861938477,
        "mean": 1.06756639481,
        "median": 0.558785617352,
        "min": 0,
        "var": 1.70211911201
    },
    "zerocrossingrate": {
        "dmean": 0.0107535803691,
        "dmean2": 0.0125668076798,
        "dvar": 0.000202087961952,
        "dvar2": 0.00022198339866,
        "max": 0.53076171875,
        "mean": 0.0701012834907,
        "median": 0.05908203125,
        "min": 0,
        "var": 0.00306152459234
    },
    "barkbands": {
        "dmean": [2.76151058642e-05, 0.00140379427467, 0.00096434057923, 0.00140193616971, 0.00150893314276, 0.000781460606959, 0.00120766542386, 0.000788478762843, 0.000587921182159, 0.00100567622576, 0.000662924663629, 0.000678152078763, 0.000311333191348, 0.000220240195631, 0.000273511512205, 0.000157854199642, 0.000143844605191, 0.000215351028601, 0.000144237143104, 9.45852734731e-05, 7.15007117833e-05, 0.00021147877851, 0.00026758419699, 9.67178348219e-05, 6.561162445e-05, 4.22051089117e-05, 4.50380457551e-06],
        "dmean2": [4.36660047853e-05, 0.00229629036039, 0.0016485187225, 0.00231452099979, 0.00245399167761, 0.00119772576727, 0.00187355559319, 0.00121644220781, 0.000940405239817, 0.0015736813657, 0.00106110773049, 0.00109782791696, 0.000500668422319, 0.000352361763362, 0.000435226538684, 0.000241595029365, 0.000220069254283, 0.00033003280987, 0.000222025992116, 0.00015088148939, 0.000108153522888, 0.000301943655359, 0.000391680048779, 0.000140007192385, 9.58869350143e-05, 6.18021877017e-05, 7.01053068042e-06],
        "dvar": [1.55565498261e-08, 1.61127572937e-05, 5.34888931725e-06, 6.46121907266e-06, 6.56582415104e-06, 3.49893480234e-06, 9.02862757357e-06, 6.02045338383e-06, 2.66494498646e-06, 7.98641394795e-06, 3.92734636989e-06, 4.60220371679e-06, 8.60405179992e-07, 4.00669449618e-07, 4.08430793186e-07, 2.9186219308e-07, 1.99381275934e-07, 2.80081479787e-07, 7.77992852363e-08, 5.28265218236e-08, 5.03931758544e-08, 5.00668875247e-07, 1.12850943879e-06, 7.94415200289e-08, 2.48838976091e-08, 1.06113500209e-08, 1.94358334982e-10],
        "dvar2": [3.75461901569e-08, 4.09064014093e-05, 1.52024913405e-05, 1.77763868123e-05, 1.73559474206e-05, 8.29276996228e-06, 2.25516760111e-05, 1.45891917782e-05, 6.76771060171e-06, 1.95823631657e-05, 1.00534698504e-05, 1.25550222947e-05, 2.21761365538e-06, 1.01337263914e-06, 1.04382388599e-06, 6.63915727728e-07, 4.28944559872e-07, 6.30518400158e-07, 1.7775008132e-07, 1.35379949029e-07, 1.11896113708e-07, 9.60726993071e-07, 2.34320123127e-06, 1.52916811658e-07, 5.34505311123e-08, 2.17360831556e-08, 4.56629623002e-10],
        "max": [0.00361448479816, 0.0649203658104, 0.0385103151202, 0.0460311919451, 0.0469627119601, 0.0492757447064, 0.0672595202923, 0.0554742701352, 0.046565387398, 0.0780347958207, 0.0548823773861, 0.0511480718851, 0.0372871346772, 0.0131822871044, 0.0141495838761, 0.0172064267099, 0.0165965370834, 0.0145978117362, 0.00653448933735, 0.00552454730496, 0.00838998518884, 0.022905388847, 0.0340278670192, 0.0120915416628, 0.00542812701315, 0.00181698589586, 0.000497536966577],
        "mean": [3.83749465982e-05, 0.00251351646148, 0.00151409360114, 0.00313515588641, 0.00273263524286, 0.00190607784316, 0.00240266765468, 0.00147080130409, 0.000966917781625, 0.0021127096843, 0.001080583781, 0.00120977731422, 0.000532031641342, 0.000384055369068, 0.000594837358221, 0.000267809664365, 0.000280169391772, 0.000438722403487, 0.000319658924127, 0.000181070761755, 0.000138485920615, 0.00045293167932, 0.000535761704668, 0.000174712375156, 0.000102251695353, 5.15425854246e-05, 5.70165821046e-06],
        "median": [1.61059824677e-06, 0.00131605251227, 0.000805418938398, 0.00197739386931, 0.00167078967206, 0.000918520963751, 0.000858375395183, 0.000371370842913, 0.000342725310475, 0.000885994406417, 0.000239426008193, 0.000387139763916, 0.000175762252184, 7.94556544861e-05, 0.000329365429934, 8.52181910886e-05, 9.96427188511e-05, 0.000159950956004, 0.000156508685905, 7.69764519646e-05, 4.43231147074e-05, 8.72085875017e-05, 0.00011618337885, 5.7310993725e-05, 3.06088295474e-05, 1.16839455586e-05, 1.06593404325e-06],
        "min": [1.02214295072e-24, 2.80039980998e-24, 3.56221432324e-25, 4.93375451712e-25, 6.17131684282e-24, 6.37233437869e-24, 7.9935780397e-24, 8.88287040449e-24, 1.59528216974e-23, 1.09971320153e-23, 1.71289612422e-23, 1.17085938328e-23, 2.09924201473e-23, 1.85154379257e-23, 5.59896614944e-23, 6.42940002437e-23, 7.59088537352e-23, 7.37249459616e-23, 1.40875424165e-22, 1.66957753155e-22, 2.53627338592e-22, 3.07888069417e-22, 3.94356236577e-22, 6.15118594871e-22, 9.2843682935e-22, 1.30776558123e-21, 2.03044648386e-21],
        "var": [2.03298107238e-08, 2.02989522222e-05, 5.39586062587e-06, 1.26004970298e-05, 1.049907587e-05, 9.26953362068e-06, 2.0756644517e-05, 1.25951219161e-05, 4.10602342527e-06, 2.2117896151e-05, 7.61363116908e-06, 8.5741348812e-06, 1.45058322687e-06, 8.13664655652e-07, 8.5135371819e-07, 5.1075932106e-07, 5.65140794606e-07, 6.59019974592e-07, 2.25648548735e-07, 8.80963426653e-08, 1.26758578745e-07, 1.85514727491e-06, 3.22826826959e-06, 2.39599160068e-07, 4.50524630935e-08, 1.4580437302e-08, 2.6265967179e-10]
    },
    "erbbands": {
        "dmean": [0.0365655012429, 0.336642771959, 0.922927320004, 3.03595590591, 5.56819581985, 4.15000343323, 5.5956697464, 7.33705949783, 17.1672496796, 17.0742435455, 12.3758296967, 13.8773937225, 24.6331558228, 27.4859313965, 30.4168357849, 23.6496009827, 14.3830003738, 11.1733903885, 13.2852449417, 10.3512458801, 7.65100431442, 7.47150421143, 10.9435987473, 9.32029533386, 6.12929105759, 4.01882076263, 2.66300201416, 3.23344755173, 6.25866889954, 10.4620285034, 6.81186008453, 2.95743775368, 1.21539270878, 0.729960441589, 0.476108729839, 0.18710924685, 0.0844055786729, 0.011791405268, 0.000733601220418, 6.968476373e-05],
        "dmean2": [0.0589208863676, 0.558724224567, 1.57995247841, 5.0319108963, 9.21831512451, 6.67777204514, 8.8524055481, 11.2164449692, 26.268579483, 26.761302948, 18.834236145, 22.0245685577, 38.9130554199, 42.9957313538, 49.4669723511, 37.8604202271, 22.8580436707, 17.5829486847, 21.0936203003, 16.0583515167, 11.463801384, 11.1708755493, 16.6465034485, 14.3606595993, 9.36886405945, 6.34313392639, 4.01703596115, 4.76106739044, 8.99069309235, 15.2373514175, 9.99618530273, 4.29882955551, 1.78677451611, 1.05689454079, 0.722010433674, 0.274940311909, 0.124561421573, 0.0172061193734, 0.00109454791527, 0.000107804451545],
        "dvar": [0.0146849770099, 0.885259330273, 5.45181179047, 31.1677780151, 115.909820557, 50.504447937, 119.874992371, 383.151885986, 1943.87390137, 1806.9251709, 1955.00744629, 1498.58288574, 4779.07763672, 8871.84179688, 8055.93896484, 5363.36474609, 1662.50317383, 1088.0814209, 975.121582031, 839.087646484, 656.585998535, 583.824035645, 744.508178711, 379.075042725, 183.895477295, 98.4153137207, 46.6099357605, 134.974060059, 472.80859375, 1634.91552734, 703.267150879, 102.063209534, 9.53476428986, 3.85740041733, 1.48047780991, 0.141369193792, 0.053897742182, 0.00117278634571, 4.20201286033e-06, 6.59122676439e-08],
        "dvar2": [0.0357664562762, 2.32960963249, 15.4486474991, 86.6356048584, 309.785339355, 132.056686401, 291.595336914, 889.920898438, 4804.81201172, 4714.07373047, 4737.75146484, 3821.7824707, 11593.1650391, 21754.2929688, 21668.9472656, 14285.1806641, 4236.2109375, 2794.18261719, 2477.50634766, 2034.60852051, 1474.06958008, 1233.33996582, 1681.34753418, 835.111938477, 422.338043213, 248.574462891, 107.269348145, 279.949005127, 898.866943359, 3438.15625, 1438.87524414, 196.389251709, 18.4607067108, 7.7841334343, 3.41936993599, 0.306012511253, 0.113205693662, 0.00230979756452, 9.34798299568e-06, 1.6441168782e-07],
        "max": [2.32397484779, 15.7909812927, 42.7052459717, 98.8002319336, 200.414978027, 113.283172607, 316.51965332, 621.104797363, 951.33581543, 936.344665527, 1380.17504883, 1127.03344727, 2413.3671875, 2832.52758789, 2663.39526367, 2247.90698242, 1467.92077637, 669.678771973, 826.01739502, 733.103820801, 868.20526123, 843.633850098, 670.381347656, 621.062866211, 382.716491699, 275.341156006, 229.694473267, 458.197296143, 747.936157227, 1588.09057617, 828.377563477, 390.809875488, 109.868621826, 90.1490249634, 25.3100566864, 7.3163061142, 4.1478934288, 0.605859994888, 0.0587494336069, 0.0100325783715],
        "mean": [0.0555091388524, 0.616359889507, 1.60071659088, 7.20631361008, 9.57703304291, 8.16593456268, 11.5911836624, 17.4462070465, 35.4261207581, 34.3756561279, 23.6847782135, 24.6602783203, 53.3272171021, 54.7488441467, 56.1575660706, 46.2166137695, 27.0841331482, 21.3538455963, 28.2140388489, 22.6669845581, 15.1670856476, 15.4759130478, 23.4317836761, 21.3293113708, 13.8390359879, 8.27297687531, 5.47647714615, 6.02508831024, 13.3530006409, 22.1172122955, 13.3211679459, 5.55668354034, 2.14358234406, 1.22032630444, 0.669011890888, 0.250666022301, 0.0963179692626, 0.0140098873526, 0.000981448800303, 0.000107616462628],
        "median": [0.0217784792185, 0.344994336367, 1.00265085697, 4.47440814972, 5.05332422256, 4.96613931656, 6.3139090538, 7.70528650284, 11.4300022125, 13.1721963882, 6.32290410995, 9.4728975296, 27.9959335327, 13.6251926422, 14.7274608612, 16.9603824615, 9.54570007324, 5.86482286453, 13.3774242401, 11.9885349274, 5.90112495422, 5.23704719543, 9.66597270966, 10.0841140747, 6.0081653595, 3.59030127525, 2.19496250153, 1.52828681469, 2.78377342224, 3.47259068489, 3.11425995827, 1.76561486721, 0.699900925159, 0.372944325209, 0.185332745314, 0.0731873884797, 0.0192441698164, 0.00234107673168, 0.000217881402932, 4.56897905678e-05],
        "min": [8.84639347623e-23, 3.38513113884e-22, 1.47936193748e-21, 2.84213381775e-21, 2.00721627958e-20, 2.48301186039e-20, 3.07452467746e-20, 7.26711836964e-20, 1.2892491311e-19, 1.46702019675e-19, 2.68492409529e-19, 4.00135412282e-19, 4.10949428773e-19, 4.93818140298e-19, 1.06335587688e-18, 8.02005163815e-19, 1.40022445756e-18, 1.18626757468e-18, 2.79044540638e-18, 2.57743626569e-18, 4.30227348578e-18, 5.17685568333e-18, 4.88487540276e-18, 6.99129000545e-18, 7.24141122471e-18, 7.28593587554e-18, 9.26315479271e-18, 1.0348894694e-17, 1.06350487279e-17, 1.08572277861e-17, 1.16742051258e-17, 1.1186125551e-17, 1.10842772837e-17, 8.4945567655e-18, 6.74360400591e-18, 4.18486429681e-18, 2.2205107265e-18, 8.61473711292e-19, 2.3960806387e-19, 2.71813649548e-20],
        "var": [0.0197412911803, 1.02760338783, 5.22132873535, 66.0351409912, 178.092193604, 94.4148635864, 269.501373291, 959.040527344, 4679.18994141, 3757.31054688, 4033.02612305, 2458.79321289, 9961.13378906, 26091.4160156, 16614.7382812, 10826.8056641, 3226.82373047, 2170.01733398, 2467.15429688, 1521.71118164, 1279.91467285, 1668.83740234, 1787.8984375, 1045.7890625, 510.176391602, 180.965011597, 109.854721069, 377.473846436, 1695.0994873, 5012.78320312, 2021.65307617, 317.985961914, 25.1913299561, 8.35453891754, 2.02291798592, 0.21628266573, 0.067847289145, 0.00160052138381, 6.3449992922e-06, 7.16259549449e-08]
    },
    "gfcc": {
        "mean": [-3.53611302376, 89.7751846313, -109.017112732, 20.6198558807, -62.3598594666, 14.9159650803, -38.4061126709, 4.37331771851, -24.1863307953, -7.04035139084, -14.679315567, 1.44547331333, -16.8724060059],
        "cov": [[21211.6230469, -1220.44726562, -2071.16113281, 543.883728027, -1482, 503.118774414, -729.354125977, 259.969848633, -536.444885254, -241.892791748, -525.891723633, -9.97744846344, -631.381713867], [-1220.44726562, 2046.01867676, -217.502868652, -239.753112793, 448.287536621, -241.295837402, 161.714538574, -93.0472564697, 139.36100769, -10.8771705627, 165.62272644, -82.7200088501, 157.139633179], [-2071.16113281, -217.502868652, 1046.23327637, -44.7012214661, 173.086776733, 110.753738403, 46.0846138, 73.163482666, 30.1604423523, 138.973251343, -11.9577379227, 107.263252258, 71.4030380249], [543.883728027, -239.753112793, -44.7012214661, 409.537231445, -78.2173461914, 0.15827010572, -25.9569282532, -4.28573703766, 70.1173553467, -39.19764328, -16.1878871918, 29.5255756378, -2.53038692474], [-1482, 448.287536621, 173.086776733, -78.2173461914, 484.169433594, -23.1724128723, 113.356567383, 49.1357345581, 7.97937107086, 41.836139679, 18.9417972565, -17.0180702209, 80.6059036255], [503.118774414, -241.295837402, 110.753738403, 0.15827010572, -23.1724128723, 237.931716919, 36.8219947815, 52.3775596619, -30.9535274506, 26.4152126312, -4.84835577011, 10.3041982651, -15.4506044388], [-729.354125977, 161.714538574, 46.0846138, -25.9569282532, 113.356567383, 36.8219947815, 210.11857605, 27.4281387329, 23.5871944427, 26.3674602509, 49.4778022766, -9.47572612762, 53.7752456665], [259.969848633, -93.0472564697, 73.163482666, -4.28573703766, 49.1357345581, 52.3775596619, 27.4281387329, 152.59866333, -0.151692017913, 35.3981132507, -5.66057109833, 10.0623445511, -11.5641860962], [-536.444885254, 139.36100769, 30.1604423523, 70.1173553467, 7.97937107086, -30.9535274506, 23.5871944427, -0.151692017913, 180.934402466, 24.7646274567, 60.71692276, 26.4276428223, 10.2232694626], [-241.892791748, -10.8771705627, 138.973251343, -39.19764328, 41.836139679, 26.4152126312, 26.3674602509, 35.3981132507, 24.7646274567, 129.915924072, 33.8885574341, 12.5381326675, 10.3570346832], [-525.891723633, 165.62272644, -11.9577379227, -16.1878871918, 18.9417972565, -4.84835577011, 49.4778022766, -5.66057109833, 60.71692276, 33.8885574341, 153.503112793, 28.0376472473, 6.51258945465], [-9.97744846344, -82.7200088501, 107.263252258, 29.5255756378, -17.0180702209, 10.3041982651, -9.47572612762, 10.0623445511, 26.4276428223, 12.5381326675, 28.0376472473, 119.132804871, 8.63554096222], [-631.381713867, 157.139633179, 71.4030380249, -2.53038692474, 80.6059036255, -15.4506044388, 53.7752456665, -11.5641860962, 10.2232694626, 10.3570346832, 6.51258945465, 8.63554096222, 154.615386963]],
        "icov": [[0.000154920577188, -0.000199138463358, 0.000309577299049, -0.000252483907389, 0.000399008684326, -0.000445276411483, 0.00028202746762, -0.000423396297265, 0.000434679473983, -0.000322591455188, 0.000532451784238, -0.000397157738917, 0.000298273225781], [-0.000199138463358, 0.00128564587794, -0.000156269612489, 0.000894945405889, -0.00133159768302, 0.00113429245539, -0.000480379676446, 0.000973533897195, -0.00131862389389, 0.000798870285507, -0.0013918436598, 0.000990914180875, -0.000948616245296], [0.000309577299049, -0.000156269612489, 0.00210482836701, -0.000249782955507, 0.000165218880284, -0.00132805446628, 0.000614970747847, -0.000728517770767, 0.000442120770458, -0.00180733820889, 0.00165983149782, -0.00197202456184, 9.17183424463e-05], [-0.000252483907389, 0.000894945405889, -0.000249782955507, 0.00367361423559, -0.000766287907027, 0.000761698524002, -0.000391442648834, 0.00075858872151, -0.00263547804207, 0.00163831317332, -0.000511511403602, 0.000251009041676, -0.00102458731271], [0.000399008684326, -0.00133159768302, 0.000165218880284, -0.000766287907027, 0.00452824402601, -0.000822943402454, -0.000315921672154, -0.00230560358614, 0.00180731189903, -0.00115221575834, 0.00182080699597, -0.000692883564625, 0.000308040122036], [-0.000445276411483, 0.00113429245539, -0.00132805446628, 0.000761698524002, -0.000822943402454, 0.00690879765898, -0.00220168265514, 3.33511525241e-05, -0.000367328349967, 0.000707058759872, -0.00198317971081, 0.00137236341834, -0.000473882100778], [0.00028202746762, -0.000480379676446, 0.000614970747847, -0.000391442648834, -0.000315921672154, -0.00220168265514, 0.0073063429445, -0.00157412700355, 0.000362894497812, -0.000537888961844, -0.00099365436472, 0.000399376236601, -0.00133311632089], [-0.000423396297265, 0.000973533897195, -0.000728517770767, 0.00075858872151, -0.00230560358614, 3.33511525241e-05, -0.00157412700355, 0.00940454844385, -0.00161962211132, -0.000799214467406, -0.000609134614933, 0.000425354694016, 0.000249181059189], [0.000434679473983, -0.00131862389389, 0.000442120770458, -0.00263547804207, 0.00180731189903, -0.000367328349967, 0.000362894497812, -0.00161962211132, 0.00931682717055, -0.00223598559387, -0.00063469336601, -0.00194557267241, 0.00131076038815], [-0.000322591455188, 0.000798870285507, -0.00180733820889, 0.00163831317332, -0.00115221575834, 0.000707058759872, -0.000537888961844, -0.000799214467406, -0.00223598559387, 0.011407636106, -0.00353661132976, 0.00175060576294, -0.00103424326517], [0.000532451784238, -0.0013918436598, 0.00165983149782, -0.000511511403602, 0.00182080699597, -0.00198317971081, -0.00099365436472, -0.000609134614933, -0.00063469336601, -0.00353661132976, 0.0116514638066, -0.00425904570147, 0.00199255021289], [-0.000397157738917, 0.000990914180875, -0.00197202456184, 0.000251009041676, -0.000692883564625, 0.00137236341834, 0.000399376236601, 0.000425354694016, -0.00194557267241, 0.00175060576294, -0.00425904570147, 0.0119202975184, -0.00179782509804], [0.000298273225781, -0.000948616245296, 9.17183424463e-05, -0.00102458731271, 0.000308040122036, -0.000473882100778, -0.00133311632089, 0.000249181059189, 0.00131076038815, -0.00103424326517, 0.00199255021289, -0.00179782509804, 0.00886410102248]]
    },
    "melbands": {
        "dmean": [0.000362888647942, 0.00045397694339, 0.000585429661442, 0.000352408329491, 0.000188524674741, 0.000161046365974, 0.000258550047874, 0.000188940626686, 9.55055147642e-05, 9.11825482035e-05, 0.000126830142108, 0.00011715702567, 9.48720480665e-05, 8.86467096279e-05, 4.09231979575e-05, 2.66790502792e-05, 2.21351347136e-05, 2.14847932511e-05, 1.85457392945e-05, 1.23360514408e-05, 9.04327589524e-06, 8.17089403427e-06, 9.54508595896e-06, 1.12439238364e-05, 8.04325645731e-06, 4.78266474602e-06, 4.60366436528e-06, 2.39152018366e-06, 1.70976022673e-06, 1.6554455442e-06, 2.07583502743e-06, 3.20203002957e-06, 5.5785621953e-06, 6.3526545091e-06, 4.61703939436e-06, 2.76853324976e-06, 1.54988890699e-06, 9.33426179017e-07, 7.02168847511e-07, 6.03737248639e-07],
        "dmean2": [0.000589717703406, 0.000770146492869, 0.000965656654444, 0.000575090234634, 0.000298955012113, 0.000245557923336, 0.000396087882109, 0.000294890312944, 0.000145707948832, 0.000145370198879, 0.000200670299819, 0.000184024625923, 0.000153077038703, 0.00014442219981, 6.52365124552e-05, 4.27463564847e-05, 3.50876762241e-05, 3.41705963365e-05, 2.94847668556e-05, 1.89590937225e-05, 1.36262542583e-05, 1.22801866382e-05, 1.45910134961e-05, 1.73827647814e-05, 1.25192864289e-05, 7.42022439226e-06, 7.2511847975e-06, 3.81750942324e-06, 2.61044033323e-06, 2.57147917182e-06, 3.10074960908e-06, 4.74425951325e-06, 8.04940555099e-06, 9.46517593547e-06, 6.89921580488e-06, 4.13550333178e-06, 2.28668864111e-06, 1.39527651299e-06, 1.05343394807e-06, 8.82566610017e-07],
        "dvar": [1.20463573694e-06, 1.30249850372e-06, 1.04076934804e-06, 4.35154760225e-07, 1.07286538764e-07, 1.68440621451e-07, 4.34203087707e-07, 2.44555877771e-07, 1.2215265599e-07, 6.35997992049e-08, 1.25439953536e-07, 1.65951860254e-07, 7.74612871624e-08, 7.89147520663e-08, 1.24963426273e-08, 9.05028674225e-09, 4.5459862541e-09, 2.81077783271e-09, 2.45145659328e-09, 1.71194891596e-09, 9.72088853857e-10, 7.5480627304e-10, 6.87108148156e-10, 8.82133754931e-10, 2.77041556362e-10, 1.13701256743e-10, 1.1565510355e-10, 3.91761345586e-11, 1.65598923463e-11, 2.70524297408e-11, 6.40523814543e-11, 1.47371920223e-10, 3.45400263946e-10, 6.85112633292e-10, 3.25284632563e-10, 1.17452214621e-10, 2.64976634384e-11, 5.25246816527e-12, 4.42474182294e-12, 2.51064685534e-12],
        "dvar2": [2.98384998132e-06, 3.59796217708e-06, 2.83527174361e-06, 1.16144929052e-06, 2.62409031393e-07, 3.93764707951e-07, 1.08027722945e-06, 6.25881455107e-07, 3.06975323383e-07, 1.6350556109e-07, 3.03642195831e-07, 4.08309887234e-07, 2.02460853416e-07, 2.14592276393e-07, 3.08755829792e-08, 2.35423627259e-08, 1.16844063314e-08, 7.02744618053e-09, 6.28468299624e-09, 3.95161192657e-09, 2.16732654046e-09, 1.64298574745e-09, 1.49490830825e-09, 2.07080441683e-09, 6.22930040883e-10, 2.63270211187e-10, 2.86558776708e-10, 1.00147570792e-10, 3.85002689451e-11, 6.22068785372e-11, 1.37431066527e-10, 3.07352671092e-10, 6.84498402403e-10, 1.54275703323e-09, 7.03081703968e-10, 2.40127612239e-10, 5.25819353336e-11, 1.07788743209e-11, 8.8101002188e-12, 5.26219345875e-12],
        "max": [0.0198333729059, 0.0225566253066, 0.0181817058474, 0.0119531340897, 0.00836798083037, 0.0120726237074, 0.0145167149603, 0.0105025917292, 0.0123894270509, 0.007065564394, 0.011784507893, 0.0126526840031, 0.00730476155877, 0.0072530740872, 0.00348160159774, 0.0049008615315, 0.00149040378164, 0.00129498669412, 0.00142624415457, 0.00148464832455, 0.00115739717148, 0.00096736260457, 0.000800510984845, 0.000921762024518, 0.000499053276144, 0.000358907942427, 0.000330520007992, 0.000183578624274, 0.000120050564874, 0.000186897319509, 0.000303248933051, 0.000456547830254, 0.000580253952648, 0.000933879637159, 0.000542073161341, 0.000410442036809, 0.000236387684708, 9.36263531912e-05, 0.000109786982648, 6.33660019957e-05],
        "mean": [0.000610722170677, 0.000857089587953, 0.00131093035452, 0.00063746253727, 0.000393875176087, 0.000385093706427, 0.000532104866579, 0.000372872134903, 0.000173964115675, 0.000155845744302, 0.000268059055088, 0.000222914823098, 0.000166362398886, 0.000160992960446, 7.78058165452e-05, 4.6880057198e-05, 3.84581690014e-05, 4.20594406023e-05, 4.03996018576e-05, 2.24400937441e-05, 1.6686060917e-05, 1.53453675011e-05, 1.8496217308e-05, 2.24669474846e-05, 1.70435068867e-05, 1.02613794297e-05, 9.01887597138e-06, 4.39870336777e-06, 3.3904132124e-06, 2.89402146336e-06, 3.56059240403e-06, 6.17047862761e-06, 1.15465199997e-05, 1.25479964481e-05, 8.35720038594e-06, 5.01221938976e-06, 2.68915346169e-06, 1.54751569426e-06, 1.15356056085e-06, 9.68729636952e-07],
        "median": [0.000304187822621, 0.000559517706279, 0.000860729836859, 0.000357069482561, 0.000239412023802, 0.00016810176021, 0.000175696026417, 0.000131449050969, 4.05318205594e-05, 5.9848298406e-05, 0.000136520422529, 4.84370320919e-05, 3.89430570067e-05, 5.21360889252e-05, 2.92727545457e-05, 1.51522344822e-05, 8.83665052243e-06, 1.7008100258e-05, 2.29326960834e-05, 8.82565927895e-06, 6.20385208094e-06, 4.94812775287e-06, 6.22881907475e-06, 8.38952109916e-06, 7.83080940892e-06, 4.1875136958e-06, 3.46199726664e-06, 1.67587791111e-06, 1.28073361338e-06, 7.85500844813e-07, 7.50699598484e-07, 1.17221441087e-06, 1.82781502645e-06, 1.80440554232e-06, 1.73151181571e-06, 1.37190534133e-06, 8.09402706636e-07, 5.07696256591e-07, 3.16915816256e-07, 2.75335167998e-07],
        "min": [1.15094904679e-24, 7.47033725089e-25, 1.04524888385e-24, 1.30100143502e-24, 7.49415444073e-25, 1.20378754187e-24, 2.1812193356e-24, 1.57440632666e-24, 2.51412534292e-24, 2.45051021902e-24, 1.43819716543e-24, 1.42369178832e-24, 2.96392456196e-24, 1.91790170695e-24, 2.7428285439e-24, 2.56115506072e-24, 1.64852690846e-24, 3.74117087086e-24, 3.59482612889e-24, 3.4034772667e-24, 4.03094393603e-24, 4.18224430221e-24, 3.9717892289e-24, 4.03312040327e-24, 4.16569518371e-24, 4.52781310478e-24, 3.4273560863e-24, 4.14178086537e-24, 4.34431419747e-24, 4.57648976694e-24, 3.78822997373e-24, 5.34241256919e-24, 4.72860305428e-24, 5.9285677762e-24, 5.87664455699e-24, 6.29763674514e-24, 6.14035365786e-24, 7.31440824335e-24, 6.16391377766e-24, 6.46564321314e-24],
        "var": [1.55017323777e-06, 1.3633529079e-06, 1.95821348825e-06, 6.65786842546e-07, 2.42543478635e-07, 4.49736916153e-07, 1.04809680579e-06, 5.20344315191e-07, 2.37922677115e-07, 1.00634281353e-07, 2.63371731535e-07, 4.84697068259e-07, 1.59892650231e-07, 1.45464682078e-07, 2.81063332608e-08, 1.26258106192e-08, 8.60971027805e-09, 6.74397382383e-09, 4.04218480909e-09, 2.99075475496e-09, 1.84716253404e-09, 1.91348381584e-09, 1.77340708785e-09, 1.8533758972e-09, 7.06479597046e-10, 3.2094452096e-10, 2.31782176785e-10, 6.43824021873e-11, 3.78198895812e-11, 6.21508747245e-11, 1.63564606304e-10, 4.27469698527e-10, 1.20698451234e-09, 1.81903792029e-09, 8.53748238772e-10, 3.01840080708e-10, 7.66418664644e-11, 1.25361361916e-11, 9.16387798977e-12, 5.17512291701e-12]
    },
    "mfcc": {
        "mean": [-641.989074707, 122.842224121, 6.98220396042, 9.47140789032, 0.906512141228, 3.71443271637, -4.60173177719, 10.9730968475, -11.3890895844, 1.24126183987, -3.55432510376, -8.37825965881, -0.209951788187],
        "cov": [[8967.68554688, -1352.71398926, -380.536590576, -120.651268005, -358.496063232, -23.300485611, -156.751068115, 326.403533936, -260.487579346, 16.185049057, 80.3706970215, -234.598648071, 9.60089874268], [-1352.71398926, 1947.78198242, -289.959106445, 5.07488679886, 207.147628784, -11.1644506454, 137.417709351, -64.5631866455, 55.8712768555, 59.793170929, -7.91279888153, 78.2568435669, -14.2646827698], [-380.536590576, -289.959106445, 707.190490723, 17.4293212891, 27.7989807129, 78.8877868652, -23.2695770264, 13.8727302551, 48.0408248901, 8.59059238434, 0.906269848347, 43.5978431702, 53.7467880249], [-120.651268005, 5.07488679886, 17.4293212891, 344.731903076, 73.8231277466, 9.73662948608, -46.140411377, 28.0057830811, 56.9648628235, -13.0584764481, -12.7363739014, 30.2243652344, 30.2968673706], [-358.496063232, 207.147628784, 27.7989807129, 73.8231277466, 250.547790527, 26.0382518768, 35.5047607422, 12.7937469482, 56.6506233215, 20.1092624664, -17.717092514, 55.721370697, -3.47517561913], [-23.300485611, -11.1644506454, 78.8877868652, 9.73662948608, 26.0382518768, 154.810195923, 43.2780761719, 14.3611021042, 31.853099823, 14.4162082672, 3.99353647232, 19.9986629486, -5.00338840485], [-156.751068115, 137.417709351, -23.2695770264, -46.140411377, 35.5047607422, 43.2780761719, 261.938171387, 0.968147695065, 70.0012741089, 38.9318962097, -7.15374898911, 34.7494087219, -43.6859779358], [326.403533936, -64.5631866455, 13.8727302551, 28.0057830811, 12.7937469482, 14.3611021042, 0.968147695065, 166.349853516, -10.6244840622, 19.6505889893, 33.586517334, -6.38486051559, 37.5434646606], [-260.487579346, 55.8712768555, 48.0408248901, 56.9648628235, 56.6506233215, 31.853099823, 70.0012741089, -10.6244840622, 184.165588379, 26.516834259, -53.5367774963, 32.963924408, -32.3227233887], [16.185049057, 59.793170929, 8.59059238434, -13.0584764481, 20.1092624664, 14.4162082672, 38.9318962097, 19.6505889893, 26.516834259, 149.052902222, 33.0792655945, 8.22267723083, 12.0110807419], [80.3706970215, -7.91279888153, 0.906269848347, -12.7363739014, -17.717092514, 3.99353647232, -7.15374898911, 33.586517334, -53.5367774963, 33.0792655945, 147.635467529, 16.0047683716, 52.3468666077], [-234.598648071, 78.2568435669, 43.5978431702, 30.2243652344, 55.721370697, 19.9986629486, 34.7494087219, -6.38486051559, 32.963924408, 8.22267723083, 16.0047683716, 116.112609863, 10.6345100403], [9.60089874268, -14.2646827698, 53.7467880249, 30.2968673706, -3.47517561913, -5.00338840485, -43.6859779358, 37.5434646606, -32.3227233887, 12.0110807419, 52.3468666077, 10.6345100403, 136.429489136]],
