{
"lowlevel": {
    "average_loudness": 0.836735188961,
    "barkbands_crest": {
        "dmean": 1.99535477161,
        "dmean2": 3.25648617744,
        "dvar": 3.49778032303,
        "dvar2": 9.39767360687,
        "max": 25.8279666901,
        "mean": 9.6064157486,
        "median": 8.8748626709,
        "min": 2.96989178658,
        "var": 12.9862537384
    },
    "barkbands_flatness_db": {
        "dmean": 0.0179567877203,
        "dmean2": 0.025874607265,
        "dvar": 0.000336048251484,
        "dvar2": 0.000642088591121,
        "max": 0.535775363445,
        "mean": 0.170142635703,
        "median": 0.147039800882,
        "min": 0.0123377656564,
        "var": 0.00789633952081
    },
    "barkbands_kurtosis": {
        "dmean": 2.68913269043,
        "dmean2": 4.09913158417,
        "dvar": 13.6966972351,
        "dvar2": 29.5201263428,
        "max": 130.619186401,
        "mean": 7.27878379822,
        "median": 5.08106422424,
        "min": -1.93945920467,
        "var": 68.5497741699
    },
    "barkbands_skewness": {
        "dmean": 0.418172597885,
        "dmean2": 0.638821661472,
        "dvar": 0.181614011526,
        "dvar2": 0.404754281044,
        "max": 9.45481109619,
        "mean": 1.9374859333,
        "median": 1.85896360874,
        "min": -2.38470935822,
        "var": 1.18937778473
    },
    "barkbands_spread": {
        "dmean": 4.00830984116,
        "dmean2": 5.84612369537,
        "dvar": 51.0565719604,
        "dvar2": 90.9705352783,
        "max": 115.249641418,
        "mean": 15.3971147537,
        "median": 11.0222740173,
        "min": 0.919184088707,
        "var": 227.058959961
    },
    "dissonance": {
        "dmean": 0.0261780060828,
        "dmean2": 0.0443187430501,
        "dvar": 0.000681428064127,
        "dvar2": 0.00186972238589,
        "max": 0.500000119209,
        "mean": 0.433803081512,
        "median": 0.446150273085,
        "min": 0.148277744651,
        "var": 0.00235167355277
    },
    "dynamic_complexity": 3.84298324585,
    "erbbands_crest": {
        "dmean": 2.11907172203,
        "dmean2": 3.32256054878,
        "dvar": 4.48064088821,
        "dvar2": 11.1440649033,
        "max": 32.7533493042,
        "mean": 9.58634185791,
        "median": 8.68257141113,
        "min": 2.39051294327,
        "var": 16.5250530243
    },
    "erbbands_flatness_db": {
        "dmean": 0.0157105419785,
        "dmean2": 0.022130060941,
        "dvar": 0.000299556093523,
        "dvar2": 0.000551247736439,
        "max": 0.479965120554,
        "mean": 0.168711125851,
        "median": 0.148831605911,
        "min": 0.0399822853506,
        "var": 0.0066788312979
    },
    "erbbands_kurtosis": {
        "dmean": 1.08255779743,
        "dmean2": 1.64512729645,
        "dvar": 2.35444951057,
        "dvar2": 4.8877081871,
        "max": 53.6163215637,
        "mean": 1.90169262886,
        "median": 1.19755125046,
        "min": -1.83483123779,
        "var": 9.16898059845
    },
    "erbbands_skewness": {
        "dmean": 0.306872606277,
        "dmean2": 0.459047108889,
        "dvar": 0.0944086685777,
        "dvar2": 0.202311605215,
        "max": 6.05929231644,
        "mean": 0.86601960659,
        "median": 0.886269509792,
        "min": -3.19895482063,
        "var": 0.525611698627
    },
    "erbbands_spread": {
        "dmean": 6.64076805115,
        "dmean2": 9.83686637878,
        "dvar": 95.1432113647,
        "dvar2": 192.341918945,
        "max": 185.456039429,
        "mean": 32.2506141663,
        "median": 27.0259227753,
        "min": 1.05241107941,
        "var": 459.468505859
    },
    "hfc": {
        "dmean": 5.84904527664,
        "dmean2": 8.09679985046,
        "dvar": 155.631393433,
        "dvar2": 271.248840332,
        "max": 270.481231689,
        "mean": 21.3644275665,
        "median": 15.1752414703,
        "min": 1.04722018461e-16,
        "var": 670.27923584
    },
    "melbands_crest": {
        "dmean": 2.67041778564,
        "dmean2": 4.38482666016,
        "dvar": 6.20567941666,
        "dvar2": 16.7426929474,
        "max": 32.0192527771,
        "mean": 13.7231369019,
        "median": 12.873837471,
        "min": 1.0007686615,
        "var": 23.3392009735
    },
    "melbands_flatness_db": {
        "dmean": 0.0210905373096,
        "dmean2": 0.0303652305156,
        "dvar": 0.000485040567582,
        "dvar2": 0.00090237922268,
        "max": 0.700553715229,
        "mean": 0.271773338318,
        "median": 0.244780153036,
        "min": -4.3143151629e-07,
        "var": 0.0120330173522
    },
    "melbands_kurtosis": {
        "dmean": 5.00356578827,
        "dmean2": 7.81332921982,
        "dvar": 63.0229415894,
        "dvar2": 145.845458984,
        "max": 335.987243652,
        "mean": 13.3067893982,
        "median": 9.24385738373,
        "min": -1.73029279709,
        "var": 212.370361328
    },
    "melbands_skewness": {
        "dmean": 0.525128185749,
        "dmean2": 0.812274515629,
        "dvar": 0.31168243289,
        "dvar2": 0.734319627285,
        "max": 15.7981653214,
        "mean": 2.50857281685,
        "median": 2.33291268349,
        "min": -1.61647057533,
        "var": 1.69541561604
    },
    "melbands_spread": {
        "dmean": 3.34680843353,
        "dmean2": 4.97384023666,
        "dvar": 41.8356590271,
        "dvar2": 74.83152771,
        "max": 216.670516968,
        "mean": 14.0090532303,
        "median": 10.5651273727,
        "min": 0.827420890331,
        "var": 227.535110474
    },
    "pitch_salience": {
        "dmean": 0.056171990931,
        "dmean2": 0.0907877236605,
        "dvar": 0.00258712074719,
        "dvar2": 0.00671651028097,
        "max": 0.996070504189,
        "mean": 0.568203806877,
        "median": 0.578109920025,
        "min": 0.11615383625,
        "var": 0.0110609550029
    },
    "silence_rate_20dB": {
        "dmean": 0,
        "dmean2": 0,
        "dvar": 0,
        "dvar2": 0,
        "max": 1,
        "mean": 1,
        "median": 1,
        "min": 1,
        "var": 0
    },
    "silence_rate_30dB": {
        "dmean": 0.00152827310376,
        "dmean2": 0.00305680558085,
        "dvar": 0.00152575399261,
        "dvar2": 0.00321698049083,
        "max": 1,
        "mean": 0.997453093529,
        "median": 1,
        "min": 0,
        "var": 0.00253974902444
    },
    "silence_rate_60dB": {
        "dmean": 0.00645270850509,
        "dmean2": 0.0129065122455,
        "dvar": 0.00641073333099,
        "dvar2": 0.0146088870242,
        "max": 1,
        "mean": 0.0878682434559,
        "median": 0,
        "min": 0,
        "var": 0.080139733851
    },
    "spectral_centroid": {
        "dmean": 119.759887695,
        "dmean2": 171.749420166,
        "dvar": 44024.4492188,
        "dvar2": 76675.0625,
        "max": 11575.2294922,
        "mean": 741.898132324,
        "median": 577.241333008,
        "min": 184.451568604,
        "var": 723871.9375
    },
    "spectral_complexity": {
        "dmean": 1.88809645176,
        "dmean2": 2.99617910385,
        "dvar": 4.06386804581,
        "dvar2": 8.42324256897,
        "max": 47,
        "mean": 14.5364627838,
        "median": 14,
        "min": 0,
        "var": 43.3589515686
    },
    "spectral_decrease": {
        "dmean": 1.69953084939e-09,
        "dmean2": 2.63088884012e-09,
        "dvar": 3.87069613708e-18,
        "dvar2": 9.43611743162e-18,
        "max": 2.29455750983e-28,
        "mean": -7.79510056503e-09,
        "median": -7.36864391726e-09,
        "min": -4.42969572134e-08,
        "var": 2.74132121775e-17
    },
    "spectral_energy": {
        "dmean": 0.00666387844831,
        "dmean2": 0.0102841006592,
        "dvar": 5.9110167058e-05,
        "dvar2": 0.000143447599839,
        "max": 0.172144025564,
        "mean": 0.0313583500683,
        "median": 0.0301080066711,
        "min": 1.02380516001e-20,
        "var": 0.000434646208305
    },
    "spectral_energyband_high": {
        "dmean": 0.000424344791099,
        "dmean2": 0.000576445774641,
        "dvar": 1.54165138611e-06,
        "dvar2": 2.57739452536e-06,
        "max": 0.0263551138341,
        "mean": 0.000957197393291,
        "median": 0.000246948271524,
        "min": 7.39137252987e-21,
        "var": 5.56953636988e-06
    },
    "spectral_energyband_low": {
        "dmean": 0.00380407669581,
        "dmean2": 0.00625758757815,
        "dvar": 2.62369285338e-05,
        "dvar2": 7.40963005228e-05,
        "max": 0.0742012932897,
        "mean": 0.00935426447541,
        "median": 0.00704019423574,
        "min": 1.4192305038e-23,
        "var": 7.72265921114e-05
    },
    "spectral_energyband_middle_high": {
        "dmean": 0.00131508591585,
        "dmean2": 0.00195181998424,
        "dvar": 6.98881331118e-06,
        "dvar2": 1.63691584021e-05,
        "max": 0.0717953369021,
        "mean": 0.00413619400933,
        "median": 0.00243150140159,
        "min": 1.18298500212e-21,
        "var": 2.64659229288e-05
    },
    "spectral_energyband_middle_low": {
        "dmean": 0.00472950283438,
        "dmean2": 0.00714495638385,
        "dvar": 3.90947388951e-05,
        "dvar2": 8.876548236e-05,
        "max": 0.166426748037,
        "mean": 0.0189724005759,
        "median": 0.0161342527717,
        "min": 1.46462540992e-22,
        "var": 0.000249113421887
    },
    "spectral_entropy": {
        "dmean": 0.174394607544,
        "dmean2": 0.237844750285,
        "dvar": 0.0415836274624,
        "dvar2": 0.0681716650724,
        "max": 9.81757164001,
        "mean": 6.99012327194,
        "median": 7.12869310379,
        "min": 4.24825048447,
        "var": 0.620869636536
    },
    "spectral_flux": {
        "dmean": 0.016433602199,
        "dmean2": 0.0259558707476,
        "dvar": 0.000295837991871,
        "dvar2": 0.000728324986994,
        "max": 0.237773060799,
        "mean": 0.0669499263167,
        "median": 0.0653033703566,
        "min": 6.42618597224e-11,
        "var": 0.00150385219604
    },
    "spectral_kurtosis": {
        "dmean": 5.90655040741,
        "dmean2": 9.78678226471,
        "dvar": 331.893310547,
        "dvar2": 985.962524414,
        "max": 479.368499756,
        "mean": 23.5680580139,
        "median": 6.15300750732,
        "min": -1.40562617779,
        "var": 3331.0949707
    },
    "spectral_rms": {
        "dmean": 0.000557966879569,
        "dmean2": 0.000852981640492,
        "dvar": 3.17489934787e-07,
        "dvar2": 7.61197384236e-07,
        "max": 0.0129593741149,
        "mean": 0.00511442963034,
        "median": 0.00541974743828,
        "min": 3.16043393712e-12,
        "var": 4.43614999313e-06
    },
    "spectral_rolloff": {
        "dmean": 297.661346436,
        "dmean2": 498.374420166,
        "dvar": 963609.8125,
        "dvar2": 1978104.5,
        "max": 19422.9492188,
        "mean": 1075.36242676,
        "median": 602.9296875,
        "min": 86.1328125,
        "var": 4201046
    },
    "spectral_skewness": {
        "dmean": 0.382562726736,
        "dmean2": 0.591430664062,
        "dvar": 0.471256941557,
        "dvar2": 1.26216363907,
        "max": 17.6085548401,
        "mean": 3.02151608467,
        "median": 2.21071386337,
        "min": -0.077037319541,
        "var": 6.51268196106
    },
    "spectral_spread": {
        "dmean": 761351.5625,
        "dmean2": 1094223.75,
        "dvar": 1.30906442957e+12,
        "dvar2": 2.4113077289e+12,
        "max": 42510332,
        "mean": 5439046.5,
        "median": 5087189,
        "min": 162479.5625,
        "var": 1.43064909742e+13
    },
    "spectral_strongpeak": {
        "dmean": 0.419709026814,
        "dmean2": 0.709180831909,
        "dvar": 0.601139903069,
        "dvar2": 1.55168139935,
        "max": 23.3084049225,
        "mean": 0.894905567169,
        "median": 0.553161680698,
        "min": 0,
        "var": 1.09924852848
    },
    "zerocrossingrate": {
        "dmean": 0.00992212537676,
        "dmean2": 0.0113538969308,
        "dvar": 0.000247420859523,
        "dvar2": 0.000261497742031,
        "max": 0.52880859375,
        "mean": 0.0527805536985,
        "median": 0.0390625,
        "min": 0.00390625,
        "var": 0.0030852900818
    },
    "barkbands": {
        "dmean": [9.19760932447e-05, 0.00156569853425, 0.00236552325077, 0.00159326707944, 0.00212917849422, 0.00151313398965, 0.00113288708963, 0.000885710876901, 0.000553001998924, 0.00062339392025, 0.000478186702821, 0.000337910110829, 0.000249494478339, 0.000164756274899, 0.000136978575028, 9.64979699347e-05, 6.39352874714e-05, 5.93904260313e-05, 5.08860757691e-05, 4.50676307082e-05, 4.82082614326e-05, 5.27545089426e-05, 6.2808408984e-05, 0.000108825493953, 0.000138796342071, 7.51163679524e-05, 2.58937197941e-05],
        "dmean2": [0.000153954635607, 0.00268580252305, 0.00389461708255, 0.00257621379569, 0.00332039198838, 0.00220265286043, 0.00178736774251, 0.00129175675102, 0.000792645150796, 0.00092883897014, 0.000741705414839, 0.000504700001329, 0.000387889245758, 0.000258543383097, 0.000205777934752, 0.000149037907249, 9.45545980358e-05, 8.94175536814e-05, 7.67635428929e-05, 6.69989021844e-05, 7.10129825165e-05, 8.00877896836e-05, 9.1463982244e-05, 0.00015796792286, 0.000197264991584, 0.000111525398097, 3.91218563891e-05],
        "dvar": [3.35420686781e-08, 7.08125799065e-06, 1.36805674629e-05, 7.23190805729e-06, 1.14943331937e-05, 1.01214673123e-05, 6.43809380563e-06, 3.77483775083e-06, 1.77021559011e-06, 2.78646689367e-06, 1.72951536115e-06, 1.36791879868e-06, 6.03448199854e-07, 3.61700102758e-07, 2.03704857427e-07, 9.29094809976e-08, 3.41191785935e-08, 2.9070877261e-08, 2.09319530597e-08, 2.14772040152e-08, 3.40264385557e-08, 4.23015116269e-08, 3.73379442919e-08, 1.48472906858e-07, 2.24782382929e-07, 5.90165356584e-08, 9.9423074218e-09],
        "dvar2": [8.87440734232e-08, 2.11775368371e-05, 3.75340714527e-05, 1.99182759388e-05, 2.9906303098e-05, 1.98112084036e-05, 1.5536788851e-05, 8.20349123387e-06, 3.76700086235e-06, 6.54829091218e-06, 4.30126738138e-06, 2.90622642751e-06, 1.39056010084e-06, 8.55395626331e-07, 4.75187505344e-07, 2.15850548102e-07, 6.75597675581e-08, 5.99780562993e-08, 4.6691994271e-08, 4.82615405417e-08, 7.5687808021e-08, 9.24659531165e-08, 7.14508772148e-08, 2.77269521121e-07, 4.10610851986e-07, 1.18608369348e-07, 2.4094685358e-08],
        "max": [0.00366683211178, 0.0483224540949, 0.0683722048998, 0.0488756373525, 0.067649140954, 0.127447605133, 0.057025551796, 0.0535534508526, 0.0541399903595, 0.0489831790328, 0.0439755916595, 0.0694128125906, 0.0196388252079, 0.0243795663118, 0.0172670390457, 0.0120724281296, 0.0076184575446, 0.00649875728413, 0.00676378747448, 0.00538907619193, 0.0106155006215, 0.0119658606127, 0.00576968211681, 0.011160983704, 0.0143614131957, 0.00590413622558, 0.00374279124662],
        "mean": [0.000114443530038, 0.00288830976933, 0.00452500768006, 0.00333711854182, 0.00548175442964, 0.00391656905413, 0.00259158061817, 0.00198830896989, 0.0012311921455, 0.00131925405003, 0.000888433656655, 0.000652027141768, 0.000429243285907, 0.000282837310806, 0.000229498517001, 0.000169000355527, 0.000112964087748, 0.000103451355244, 9.32026159717e-05, 7.94531297288e-05, 8.21768044261e-05, 9.43269915297e-05, 0.000137120208819, 0.000201555405511, 0.000240258319536, 0.000127699895529, 4.15408358094e-05],
        "median": [3.44696964021e-05, 0.00140634272248, 0.00239054160193, 0.00177393143531, 0.00356041989289, 0.00183939991985, 0.00106166454498, 0.000846101553179, 0.000470580445835, 0.000524536706507, 0.000275620637694, 0.000254614045843, 0.000117152638268, 7.71638442529e-05, 5.43281130376e-05, 3.43104220519e-05, 2.56697021541e-05, 2.09758036362e-05, 2.48515334533e-05, 2.31676240219e-05, 2.27395066759e-05, 2.46251238423e-05, 3.01092713926e-05, 3.53059695044e-05, 3.46164088114e-05, 1.87424411706e-05, 5.17736816619e-06],
        "min": [7.23786536554e-25, 4.04064179757e-24, 6.44227794199e-25, 6.02254378977e-25, 5.70774036528e-24, 9.9496091413e-24, 4.40856534048e-24, 4.8017162607e-24, 1.9155724768e-23, 2.29114126517e-23, 1.03131036246e-23, 2.45105047041e-23, 2.6604813656e-23, 3.77624906984e-23, 3.39486164344e-23, 7.38869085718e-23, 6.05524834573e-23, 7.63375586164e-23, 1.29811037813e-22, 1.74542341525e-22, 2.44779146513e-22, 3.44078584368e-22, 3.85169351801e-22, 5.30508125724e-22, 9.2001305706e-22, 1.29219000859e-21, 1.88944288558e-21],
        "var": [4.65927101345e-08, 1.49159432112e-05, 3.69166227756e-05, 1.87183777598e-05, 4.07849511248e-05, 4.64439544885e-05, 2.07053508348e-05, 1.29583304442e-05, 5.50966751689e-06, 8.0493864516e-06, 3.91076855522e-06, 2.53583152698e-06, 1.4521273215e-06, 7.47278534163e-07, 4.25972984885e-07, 2.19342240371e-07, 8.59386020124e-08, 7.32053280217e-08, 4.37662102115e-08, 3.73054440672e-08, 4.77664556797e-08, 6.39188968421e-08, 1.23719743783e-07, 4.96380096138e-07, 6.56126815102e-07, 1.41766903994e-07, 1.35525075606e-08]
    },
    "erbbands": {
        "dmean": [0.0391958728433, 0.399066656828, 2.25716400146, 3.97447276115, 5.93914031982, 8.24780368805, 13.1452894211, 9.92255973816, 14.3844738007, 18.1126308441, 14.5155029297, 14.1224317551, 15.5375490189, 17.1302700043, 22.1984214783, 13.200302124, 10.448767662, 9.13808250427, 7.13596010208, 5.51302194595, 4.39988088608, 3.21470355988, 3.53694987297, 2.38993620872, 2.69538736343, 1.88187658787, 1.84628307819, 2.0964550972, 1.77494871616, 1.69128954411, 2.00694465637, 2.1341817379, 1.90148389339, 1.8005657196, 0.873879909515, 0.333289057016, 0.144291728735, 0.0329133123159, 0.00420381920412, 0.00027977139689],
        "dmean2": [0.0663287937641, 0.681985914707, 3.73259091377, 6.42326879501, 9.73774337769, 12.5680732727, 18.1941699982, 15.3054885864, 22.7466087341, 27.2430553436, 21.5818405151, 20.1981678009, 23.1001014709, 25.2845687866, 34.4880523682, 19.4730453491, 15.9711751938, 14.3231363297, 10.7620344162, 8.3200750351, 6.63223791122, 4.68711900711, 5.28917217255, 3.53713870049, 4.02714014053, 2.79406666756, 2.70655655861, 3.14621090889, 2.71301174164, 2.49647021294, 2.93013453484, 3.12128782272, 2.75115895271, 2.61574459076, 1.2622191906, 0.489817768335, 0.219324305654, 0.0503788590431, 0.00631565507501, 0.000427934050094],
        "dvar": [0.00702689960599, 0.42131704092, 12.3339939117, 37.5473403931, 97.0565795898, 220.467605591, 1066.5279541, 393.092498779, 1137.07751465, 1454.56567383, 1114.83703613, 1122.89575195, 2098.22680664, 2210.11791992, 4236.21484375, 2741.34887695, 997.319396973, 931.399536133, 648.198486328, 274.617492676, 185.29309082, 86.7939224243, 105.336708069, 39.141456604, 74.9820632935, 43.0786476135, 82.4822692871, 44.3475990295, 45.0647544861, 35.2060432434, 35.6041412354, 58.0139923096, 46.7684783936, 40.9734230042, 8.53727626801, 1.13538444042, 0.246105894446, 0.014281835407, 0.000285812857328, 1.16712828913e-06],
        "dvar2": [0.020517308265, 1.26839113235, 33.6369972229, 104.088348389, 267.664367676, 537.690368652, 1814.61767578, 1010.91125488, 2831.90185547, 3183.07885742, 2446.79931641, 2338.37402344, 4724.83984375, 5043.60205078, 10584.0800781, 5682.55664062, 2240.38354492, 2218.79467773, 1544.30895996, 634.736083984, 406.360351562, 176.764663696, 216.698120117, 82.1844406128, 164.418884277, 102.245437622, 182.559921265, 99.9961776733, 101.398925781, 73.7547454834, 68.501159668, 112.018157959, 85.633026123, 79.9386062622, 15.8537559509, 2.1725487709, 0.516453683376, 0.0326217822731, 0.000696838251315, 2.89212562166e-06],
        "max": [1.77702224255, 9.36946392059, 61.0993423462, 91.5777130127, 171.232498169, 392.756317139, 1349.77868652, 485.940643311, 925.681518555, 1359.61633301, 1227.7130127, 1078.05773926, 1873.16271973, 1942.32299805, 2170.59887695, 3477.19116211, 1058.30175781, 1217.69018555, 1117.86633301, 715.625488281, 646.146362305, 394.72869873, 389.916900635, 195.989486694, 431.689697266, 326.971832275, 638.023071289, 206.772247314, 388.737854004, 200.521514893, 141.18611145, 205.372512817, 167.478149414, 168.885620117, 88.8897247314, 30.0574474335, 14.1378011703, 3.53056836128, 0.736661434174, 0.0395484045148],
        "mean": [0.0690108984709, 0.754182338715, 4.28876161575, 9.34302806854, 12.6841611862, 20.8827476501, 34.7834243774, 23.9645175934, 33.6422615051, 44.882900238, 34.4359741211, 31.9460163116, 33.6749763489, 38.3057479858, 41.2915267944, 26.586523056, 19.9638957977, 16.7332572937, 13.0338497162, 10.2902374268, 8.59199333191, 6.21573019028, 6.45874404907, 4.66878938675, 4.9444694519, 3.46340370178, 3.18542146683, 3.58242416382, 3.2441277504, 3.29829335213, 4.28384542465, 3.86913228035, 3.44095492363, 2.9654712677, 1.50001144409, 0.576336741447, 0.233858019114, 0.0537726096809, 0.00687429308891, 0.000452693173429],
        "median": [0.0232749897987, 0.418251246214, 2.3566300869, 6.1529302597, 7.97671365738, 11.6778583527, 13.7653274536, 11.3408956528, 14.6066522598, 20.3498058319, 17.0662574768, 13.5210294724, 12.6529693604, 18.4838027954, 13.976931572, 11.2063493729, 6.78383016586, 5.41026544571, 3.79654407501, 2.50634837151, 1.98906207085, 1.58575618267, 1.3374478817, 1.26478815079, 1.33922278881, 1.11657977104, 0.857119500637, 1.05959451199, 0.897201836109, 0.832430958748, 0.917773425579, 0.719245135784, 0.547683596611, 0.395231604576, 0.230458676815, 0.0853960961103, 0.0331784896553, 0.00771980453283, 0.00085624010535, 8.89278016984e-05],
        "min": [1.20947144247e-22, 8.90542425331e-22, 2.34940236013e-21, 4.41113125572e-21, 2.27265239892e-20, 1.99695229296e-20, 3.40845038217e-20, 9.80243470193e-20, 1.14960863599e-19, 1.4439700335e-19, 2.61682102299e-19, 5.21873573435e-19, 5.30781481451e-19, 5.57110278458e-19, 5.99087523195e-19, 1.07471740939e-18, 1.5922445106e-18, 2.73925037109e-18, 2.05499933056e-18, 4.0362298669e-18, 3.81677967757e-18, 3.95872428428e-18, 6.0365085116e-18, 7.68555344691e-18, 7.24993532092e-18, 9.10584820126e-18, 1.09069148711e-17, 1.05069515382e-17, 1.2523642687e-17, 1.23654526667e-17, 1.26506355906e-17, 1.11467699518e-17, 9.73237464955e-18, 9.56619737321e-18, 6.44592693246e-18, 3.97020844631e-18, 2.1532824494e-18, 1.00271650695e-18, 2.50794880323e-19, 2.53108866388e-20],
        "var": [0.0140868676826, 0.855428874493, 31.0164012909, 106.907356262, 230.835998535, 807.088745117, 5641.41455078, 1247.54064941, 3719.80444336, 5540.07617188, 3153.26635742, 3440.85449219, 7132.30273438, 5378.45361328, 8957.63378906, 4912.99462891, 2644.80102539, 1814.95361328, 1472.97937012, 616.065917969, 533.578430176, 223.474700928, 272.09197998, 95.154876709, 155.823150635, 68.6898651123, 107.078590393, 70.1943740845, 67.2241668701, 77.4741134644, 116.271072388, 178.643325806, 153.855865479, 111.696578979, 23.7722129822, 3.24619865417, 0.511513829231, 0.0241332296282, 0.00039124142495, 1.4495352616e-06]
    },
    "gfcc": {
        "mean": [-30.4152336121, 108.737953186, -67.5897445679, -5.94272375107, -59.577583313, 13.3136711121, -34.8501243591, 0.157457336783, -26.8980102539, -2.26278829575, -16.6273403168, -2.46243739128, -14.0249900818],
        "cov": [[26404.4257812, -5661.68652344, -1799.15234375, 2138.20874023, -1179.14343262, 491.840606689, -688.354553223, 780.587341309, -509.744354248, 377.521606445, -328.619049072, 444.236999512, -337.998748779], [-5661.68652344, 3602.3828125, -1.55980062485, -1076.61584473, 501.538848877, -243.579360962, 118.386886597, -348.544433594, 136.62878418, -215.583221436, 100.282394409, -225.873535156, 131.57963562], [-1799.15234375, -1.55980062485, 797.467895508, -44.3511772156, -36.5238456726, 149.029373169, 115.636810303, -41.1701202393, 32.8638916016, 30.5528926849, -2.24715471268, 6.42699289322, -11.3812599182], [2138.20874023, -1076.61584473, -44.3511772156, 647.724121094, -150.963760376, 61.2697982788, -19.1036109924, 155.506607056, -37.095741272, 78.3763885498, -32.5238456726, 91.062210083, -37.9114341736], [-1179.14343262, 501.538848877, -36.5238456726, -150.963760376, 297.529083252, -50.7966880798, 20.5073242188, -15.5668458939, 54.5036201477, -34.3742904663, 21.8512859344, -35.5466194153, 41.6020240784], [491.840606689, -243.579360962, 149.029373169, 61.2697982788, -50.7966880798, 228.169082642, 65.8175964355, 20.6949710846, -1.12144529819, 48.0317382812, -14.6732492447, 2.45033669472, -31.8495368958], [-688.354553223, 118.386886597, 115.636810303, -19.1036109924, 20.5073242188, 65.8175964355, 170.766326904, 21.6823883057, 6.35090303421, 10.0333967209, 18.4386444092, -10.4568128586, 1.12778127193], [780.587341309, -348.544433594, -41.1701202393, 155.506607056, -15.5668458939, 20.6949710846, 21.6823883057, 155.273498535, 11.9900913239, 24.6208076477, -8.15142154694, 29.3216667175, -12.5578565598], [-509.744354248, 136.62878418, 32.8638916016, -37.095741272, 54.5036201477, -1.12144529819, 6.35090303421, 11.9900913239, 117.693603516, 13.6719198227, 1.75269472599, -2.84892487526, 8.38578987122], [377.521606445, -215.583221436, 30.5528926849, 78.3763885498, -34.3742904663, 48.0317382812, 10.0333967209, 24.6208076477, 13.6719198227, 101.066810608, 17.8939189911, 17.0604171753, -5.72033071518], [-328.619049072, 100.282394409, -2.24715471268, -32.5238456726, 21.8512859344, -14.6732492447, 18.4386444092, -8.15142154694, 1.75269472599, 17.8939189911, 81.7763061523, 18.5476493835, 11.7469158173], [444.236999512, -225.873535156, 6.42699289322, 91.062210083, -35.5466194153, 2.45033669472, -10.4568128586, 29.3216667175, -2.84892487526, 17.0604171753, 18.5476493835, 94.3011779785, 20.2637710571], [-337.998748779, 131.57963562, -11.3812599182, -37.9114341736, 41.6020240784, -31.8495368958, 1.12778127193, -12.5578565598, 8.38578987122, -5.72033071518, 11.7469158173, 20.2637710571, 77.1129684448]],
        "icov": [[0.000119305739645, 1.54057670443e-05, 0.000265951908659, -7.99483896117e-05, 0.000168979342561, -0.000342900835676, 0.000380513287382, -0.000308586953906, 0.000327216286678, -0.000206705502933, 0.000292948330753, -0.000307143927785, 0.000193156069145], [1.54057670443e-05, 0.000862838409375, 0.000105483421066, 0.000731444277335, -0.000459246046375, 0.000351903465344, -0.000620736216661, 0.000852188386489, -0.000590702344198, 0.00072306097718, -0.000553596299142, 0.0008333841688, -0.000505411240738], [0.000265951908659, 0.000105483421066, 0.00222672033124, -1.80408205779e-05, 0.000544073758647, -0.00150167790707, -0.000168737897184, 0.000170954983332, 0.000105680381239, -0.000505280739162, 0.000929139205255, -0.0011660347227, 0.000537948973943], [-7.99483896117e-05, 0.000731444277335, -1.80408205779e-05, 0.00350616173819, -1.55818142957e-05, 0.000536866951734, -0.000588958908338, -0.0010982103413, 9.82060082606e-05, -0.000722599972505, 0.000652897288091, -0.00105805485509, 0.000296792102745], [0.000168979342561, -0.000459246046375, 0.000544073758647, -1.55818142957e-05, 0.00536266714334, -0.000439117313363, 0.000500530470163, -0.00156273331959, -0.00115910323802, 0.000597267178819, -0.000613834243268, 0.00100783328526, -0.00174035690725], [-0.000342900835676, 0.000351903465344, -0.00150167790707, 0.000536866951734, -0.000439117313363, 0.00775757012889, -0.00358344777487, 0.00137537694536, -0.000849762873258, -0.00183483678848, 0.0008917459636, 0.000703332189005, 0.001291844761], [0.000380513287382, -0.000620736216661, -0.000168737897184, -0.000588958908338, 0.000500530470163, -0.00358344777487, 0.0097901057452, -0.00381266488694, 0.00192627904471, -0.000506500480697, -0.00127888889983, 0.000305435271002, -0.000234081104281], [-0.000308586953906, 0.000852188386489, 0.000170954983332, -0.0010982103413, -0.00156273331959, 0.00137537694536, -0.00381266488694, 0.0114751616493, -0.00307164946571, 0.000699182157405, -0.00012523024634, -0.000377985532396, 0.00051856180653], [0.000327216286678, -0.000590702344198, 0.000105680381239, 9.82060082606e-05, -0.00115910323802, -0.000849762873258, 0.00192627904471, -0.00307164946571, 0.0116165932268, -0.00363513128832, 0.00236101564951, -0.00194750889204, 0.000871195690706], [-0.000206705502933, 0.00072306097718, -0.000505280739162, -0.000722599972505, 0.000597267178819, -0.00183483678848, -0.000506500480697, 0.000699182157405, -0.00363513128832, 0.0149316340685, -0.00574926985428, 0.00212371698581, -0.00170772324782], [0.000292948330753, -0.000553596299142, 0.000929139205255, 0.000652897288091, -0.000613834243268, 0.0008917459636, -0.00127888889983, -0.00012523024634, 0.00236101564951, -0.00574926985428, 0.0173872150481, -0.00644060224295, 0.00174512004014], [-0.000307143927785, 0.0008333841688, -0.0011660347227, -0.00105805485509, 0.00100783328526, 0.000703332189005, 0.000305435271002, -0.000377985532396, -0.00194750889204, 0.00212371698581, -0.00644060224295, 0.0180251672864, -0.00716602057219], [0.000193156069145, -0.000505411240738, 0.000537948973943, 0.000296792102745, -0.00174035690725, 0.001291844761, -0.000234081104281, 0.00051856180653, 0.000871195690706, -0.00170772324782, 0.00174512004014, -0.00716602057219, 0.0178585033864]]
    },
    "melbands": {
        "dmean": [0.000381791294785, 0.000917363620829, 0.000692556612194, 0.000521442329045, 0.00039178863517, 0.000236094580032, 0.000228880497161, 0.000201383430976, 0.000111561959784, 9.1208727099e-05, 7.93628278188e-05, 7.30709652998e-05, 6.54322939226e-05, 4.68208600068e-05, 2.75283982774e-05, 2.62227877101e-05, 1.73202588485e-05, 1.20024997159e-05, 1.02988287836e-05, 7.92057198851e-06, 4.78735637444e-06, 3.59916930393e-06, 3.54867620445e-06, 2.8967704111e-06, 2.06670165426e-06, 1.88611954854e-06, 2.13360976886e-06, 1.16789340154e-06, 1.14064152967e-06, 1.2324663885e-06, 1.35617881369e-06, 1.09731422526e-06, 1.02240426259e-06, 9.92495756691e-07, 1.29474381083e-06, 1.24408575175e-06, 1.45863850776e-06, 1.36175992793e-06, 1.62316587193e-06, 1.61050593306e-06],
        "dmean2": [0.00065243273275, 0.00152291322593, 0.00112220738083, 0.000825168797746, 0.000549711403437, 0.000359199999366, 0.00036140953307, 0.000300139305182, 0.000165292367456, 0.000130836182507, 0.000118732452393, 0.000107868545456, 0.000102053119917, 7.04628400854e-05, 4.10870779888e-05, 4.07526022173e-05, 2.73487657978e-05, 1.82822222996e-05, 1.56054702529e-05, 1.22703768284e-05, 7.18555247659e-06, 5.34319360668e-06, 5.32267722519e-06, 4.42690952696e-06, 3.10945392812e-06, 2.8422887226e-06, 3.20686103805e-06, 1.76705805188e-06, 1.70057808191e-06, 1.8510403379e-06, 2.06944991987e-06, 1.71032900198e-06, 1.57854196914e-06, 1.47208447743e-06, 1.91473236555e-06, 1.85328099178e-06, 2.18824357034e-06, 2.01880629902e-06, 2.36112418861e-06, 2.39932091972e-06],
        "dvar": [4.99202428728e-07, 1.88819967661e-06, 1.07657695025e-06, 7.83010307259e-07, 7.63395235026e-07, 2.06306197015e-07, 2.66468134669e-07, 1.80480355993e-07, 6.78478215832e-08, 5.03497616933e-08, 5.47798535422e-08, 4.20855670313e-08, 3.61304870466e-08, 2.00535517081e-08, 1.21733787495e-08, 7.21995707664e-09, 4.24934132326e-09, 2.03970862422e-09, 1.05024644537e-09, 6.25806073629e-10, 2.36241776141e-10, 1.16817069906e-10, 1.29000879423e-10, 8.10107328442e-11, 3.16388235055e-11, 3.63144861404e-11, 4.98870701693e-11, 1.68958649155e-11, 2.35041534846e-11, 3.17994519605e-11, 2.0145409646e-11, 1.34906088037e-11, 3.16458040328e-11, 1.1379976822e-11, 1.45709468796e-11, 1.94919653335e-11, 3.01050885609e-11, 2.57456434644e-11, 3.56950649594e-11, 3.37060518385e-11],
        "dvar2": [1.46874560869e-06, 5.250441518e-06, 2.97651399706e-06, 2.08798905987e-06, 1.32134709929e-06, 4.96004417982e-07, 6.57746625166e-07, 3.92170505847e-07, 1.46796281797e-07, 1.05337868206e-07, 1.24402887991e-07, 9.70380469312e-08, 9.012384794e-08, 4.34672031702e-08, 2.80108150008e-08, 1.54797472618e-08, 1.01785140316e-08, 4.841167911e-09, 2.37056507757e-09, 1.50746726213e-09, 5.08734054883e-10, 2.50095860688e-10, 2.56791227171e-10, 1.73901809619e-10, 6.82575662658e-11, 8.074050456e-11, 1.04846117899e-10, 4.18857934448e-11, 5.34978727984e-11, 7.19577036845e-11, 4.47303132034e-11, 3.09883785299e-11, 7.10182399e-11, 2.41360299802e-11, 2.99093423639e-11, 3.99862261358e-11, 6.19370735255e-11, 5.1255333311e-11, 6.95597329736e-11, 7.06739944345e-11],
        "max": [0.0149551676586, 0.0221743285656, 0.0170086640865, 0.0168863758445, 0.0354302972555, 0.0121351536363, 0.0119025092572, 0.0136044332758, 0.00933797005564, 0.00782942771912, 0.00936768390238, 0.00841047987342, 0.0068220901303, 0.0067098508589, 0.0048467987217, 0.00265263160691, 0.00280908262357, 0.00184297258966, 0.00112684827764, 0.000740676536225, 0.000603690743446, 0.00035421809298, 0.000696774106473, 0.000334986543749, 0.000173524022102, 0.000300534913549, 0.000224577262998, 0.000199143556529, 0.000297348306049, 0.000327207206283, 0.000205251344596, 0.000107573949208, 0.000460184412077, 0.000104334307252, 9.02030806174e-05, 0.000132861139718, 0.000155676301802, 0.000150210005813, 0.000149460465764, 0.000165990539244],
        "mean": [0.000712658395059, 0.00183858955279, 0.00169008807279, 0.00123540265486, 0.00108912272844, 0.000582706765272, 0.000534861756023, 0.000493019411806, 0.00025922790519, 0.000196962908376, 0.000166685480508, 0.000156898255227, 0.000121710298117, 8.95532866707e-05, 5.23051894561e-05, 4.42446471425e-05, 2.94141227641e-05, 2.06570530281e-05, 1.68922542798e-05, 1.32855584525e-05, 8.92292609933e-06, 6.34653406451e-06, 6.24151562079e-06, 4.88090245199e-06, 3.66113590644e-06, 3.30424995809e-06, 3.59054729415e-06, 1.97953704628e-06, 1.90061609828e-06, 1.88945352875e-06, 2.21887489715e-06, 1.92067318494e-06, 1.65233973348e-06, 1.86414854397e-06, 2.59726812146e-06, 2.27021359933e-06, 2.4409141588e-06, 2.33959326579e-06, 2.58898512584e-06, 2.49290587817e-06],
        "median": [0.000308902468532, 0.00113585940562, 0.00119030859787, 0.000731128384359, 0.000523280468769, 0.000279744126601, 0.000229991259403, 0.000218808825593, 0.000119457305118, 7.68284298829e-05, 5.90038507653e-05, 6.98006842867e-05, 4.01248616981e-05, 3.56075797754e-05, 1.69305967574e-05, 1.24762227642e-05, 8.57866780279e-06, 5.32526792085e-06, 3.69872054762e-06, 2.85777673525e-06, 1.8143316538e-06, 1.49755601342e-06, 1.23778124816e-06, 9.32410785026e-07, 8.60755847043e-07, 8.30537999263e-07, 8.34868274069e-07, 5.70846850678e-07, 4.85563759867e-07, 4.26867813985e-07, 6.32765420505e-07, 5.0121542472e-07, 3.80576494763e-07, 4.25717360031e-07, 5.07540335093e-07, 4.28176292644e-07, 4.1005941398e-07, 3.46073250057e-07, 3.37977837717e-07, 3.0198219747e-07],
        "min": [1.20502033425e-24, 1.57987618957e-24, 1.49793710874e-24, 1.68438132685e-24, 1.51257146461e-24, 2.2717259389e-24, 1.77293037182e-24, 1.92405738581e-24, 1.62217875701e-24, 3.05928719578e-24, 1.61466653322e-24, 1.69507058934e-24, 1.75173289044e-24, 2.09532283543e-24, 3.17592816923e-24, 2.29504249789e-24, 4.49140204641e-24, 2.39978291294e-24, 3.46677309916e-24, 4.97719245261e-24, 3.34237683415e-24, 3.0010450035e-24, 5.85411863384e-24, 3.44971910968e-24, 5.64225189395e-24, 5.01271564803e-24, 5.10418130898e-24, 5.71504324511e-24, 5.454786594e-24, 6.03472912696e-24, 5.35346253832e-24, 6.67280715875e-24, 5.89801795436e-24, 5.94743180703e-24, 6.5907628636e-24, 4.33456742655e-24, 5.66905896523e-24, 5.45728570535e-24, 6.24422021224e-24, 7.10929178622e-24],
        "var": [1.10207088255e-06, 4.66370465801e-06, 3.06472611555e-06, 2.53155621976e-06, 4.12817053075e-06, 7.59990030019e-07, 8.794119708e-07, 7.13106146577e-07, 1.9444183863e-07, 1.50293104184e-07, 1.82512181368e-07, 1.00325131314e-07, 7.71168515712e-08, 3.9339823843e-08, 2.51311682575e-08, 1.88032469595e-08, 7.63272023363e-09, 4.55412019207e-09, 2.22090745794e-09, 1.25057109113e-09, 6.75522526805e-10, 2.79622186516e-10, 2.82544931896e-10, 1.82239418001e-10, 6.93043400446e-11, 7.06789418659e-11, 9.84508932711e-11, 2.41005253948e-11, 3.25071219942e-11, 4.00729380234e-11, 3.06718851706e-11, 2.117627948e-11, 3.84421869337e-11, 2.70141912312e-11, 4.23879438494e-11, 5.33333481545e-11, 7.96263957548e-11, 7.68853661293e-11, 9.27407109441e-11, 8.14017256379e-11]
    },
    "mfcc": {
        "mean": [-682.980224609, 151.450897217, 38.2942962646, -2.57027554512, -1.27027702332, 4.24644517899, 1.3486392498, -0.257007956505, -4.11259222031, -2.70153641701, -2.96768641472, -3.2647023201, -2.49255084991],
        "cov": [[13489.96875, -2361.95361328, -1036.20239258, 425.193115234, 195.072174072, -310.771606445, -97.3158721924, 134.62348938, 24.5226802826, 27.3280506134, -67.800239563, 89.0877609253, 161.498962402], [-2361.95361328, 2123.30322266, -12.6552658081, -330.581390381, -10.298828125, 103.882675171, -10.2516670227, -79.8317871094, -33.7296409607, -20.7912902832, 2.30850601196, -45.3935585022, -63.9455490112], [-1036.20239258, -12.6552658081, 674.364135742, -45.0462417603, -65.1574020386, 125.49622345, 57.4743690491, 19.0106811523, 12.4284219742, 6.07809829712, 39.7589530945, 10.223944664, 1.29864490032], [425.193115234, -330.581390381, -45.0462417603, 324.315582275, 42.5194892883, -62.5859794617, 4.63363218307, 35.8317070007, 34.1800346375, -16.6957588196, -5.48185396194, 27.9872379303, 34.9645004272], [195.072174072, -10.298828125, -65.1574020386, 42.5194892883, 179.407012939, -0.687114596367, -36.2789154053, 5.98988056183, 27.1531276703, -1.69228482246, -2.10570836067, 10.1455430984, 10.3341960907], [-310.771606445, 103.882675171, 125.49622345, -62.5859794617, -0.687114596367, 164.958572388, 40.7707099915, -6.66595935822, 6.86968994141, 25.8339061737, 24.2427253723, -6.39367961884, -9.38928413391], [-97.3158721924, -10.2516670227, 57.4743690491, 4.63363218307, -36.2789154053, 40.7707099915, 161.988037109, 30.2789230347, 6.57470178604, 23.8089866638, 23.1028804779, -4.48718595505, -3.76675224304], [134.62348938, -79.8317871094, 19.0106811523, 35.8317070007, 5.98988056183, -6.66595935822, 30.2789230347, 114.656669617, 31.8209552765, 10.9711370468, 7.09356021881, 8.58839988708, 12.9371643066], [24.5226802826, -33.7296409607, 12.4284219742, 34.1800346375, 27.1531276703, 6.86968994141, 6.57470178604, 31.8209552765, 111.102096558, 16.2507286072, 11.3704338074, 10.9203615189, 8.24115753174], [27.3280506134, -20.7912902832, 6.07809829712, -16.6957588196, -1.69228482246, 25.8339061737, 23.8089866638, 10.9711370468, 16.2507286072, 116.310157776, 18.9603710175, -11.6335344315, -3.39472126961], [-67.800239563, 2.30850601196, 39.7589530945, -5.48185396194, -2.10570836067, 24.2427253723, 23.1028804779, 7.09356021881, 11.3704338074, 18.9603710175, 88.8381347656, 16.5539608002, -6.65977954865], [89.0877609253, -45.3935585022, 10.223944664, 27.9872379303, 10.1455430984, -6.39367961884, -4.48718595505, 8.58839988708, 10.9203615189, -11.6335344315, 16.5539608002, 81.770401001, 29.2325782776], [161.498962402, -63.9455490112, 1.29864490032, 34.9645004272, 10.3341960907, -9.38928413391, -3.76675224304, 12.9371643066, 8.24115753174, -3.39472126961, -6.65977954865, 29.2325782776, 86.2569274902]],
