{
"lowlevel": {
    "average_loudness": 0.796886205673,
    "barkbands_crest": {
        "dmean": 2.03307056427,
        "dmean2": 3.25031328201,
        "dvar": 4.02113008499,
        "dvar2": 10.3588867188,
        "max": 26.271396637,
        "mean": 10.375658989,
        "median": 9.36563014984,
        "min": 2.95667934418,
        "var": 18.0939064026
    },
    "barkbands_flatness_db": {
        "dmean": 0.0168914180249,
        "dmean2": 0.0249778460711,
        "dvar": 0.000289371382678,
        "dvar2": 0.000583402637858,
        "max": 0.41450330615,
        "mean": 0.139079868793,
        "median": 0.126770615578,
        "min": 0.0267085395753,
        "var": 0.00373202655464
    },
    "barkbands_kurtosis": {
        "dmean": 2.70002007484,
        "dmean2": 4.17705392838,
        "dvar": 18.3573722839,
        "dvar2": 41.183303833,
        "max": 135.729919434,
        "mean": 7.02971220016,
        "median": 4.7599363327,
        "min": -1.93644952774,
        "var": 89.7921829224
    },
    "barkbands_skewness": {
        "dmean": 0.420752167702,
        "dmean2": 0.641491770744,
        "dvar": 0.206695050001,
        "dvar2": 0.451013088226,
        "max": 9.29863548279,
        "mean": 2.0669157505,
        "median": 1.98768293858,
        "min": -10.9775457382,
        "var": 1.4535728693
    },
    "barkbands_spread": {
        "dmean": 4.56038856506,
        "dmean2": 6.69247865677,
        "dvar": 49.1304779053,
        "dvar2": 92.4847717285,
        "max": 102.694366455,
        "mean": 18.7858772278,
        "median": 14.7927541733,
        "min": 0.716892182827,
        "var": 210.676605225
    },
    "dissonance": {
        "dmean": 0.0183322411031,
        "dmean2": 0.0301010385156,
        "dvar": 0.000281533924863,
        "dvar2": 0.000746422912925,
        "max": 0.500000059605,
        "mean": 0.445798248053,
        "median": 0.452992975712,
        "min": 0.209355294704,
        "var": 0.00122254376765
    },
    "dynamic_complexity": 3.48391318321,
    "erbbands_crest": {
        "dmean": 1.87712311745,
        "dmean2": 2.86911249161,
        "dvar": 3.66035103798,
        "dvar2": 8.42470741272,
        "max": 31.9944114685,
        "mean": 9.09457778931,
        "median": 8.10917758942,
        "min": 2.4489607811,
        "var": 17.0464305878
    },
    "erbbands_flatness_db": {
        "dmean": 0.0138373812661,
        "dmean2": 0.0192794110626,
        "dvar": 0.000236140680499,
        "dvar2": 0.000431131542427,
        "max": 0.479207873344,
        "mean": 0.14553385973,
        "median": 0.1320515275,
        "min": 0.0376644730568,
        "var": 0.00392088294029
    },
    "erbbands_kurtosis": {
        "dmean": 0.791765034199,
        "dmean2": 1.18572187424,
        "dvar": 2.29659342766,
        "dvar2": 5.08078861237,
        "max": 78.7983169556,
        "mean": 0.945724368095,
        "median": 0.0899000167847,
        "min": -1.86780762672,
        "var": 15.3307332993
    },
    "erbbands_skewness": {
        "dmean": 0.280794292688,
        "dmean2": 0.411371856928,
        "dvar": 0.0862743556499,
        "dvar2": 0.175460472703,
        "max": 7.06625938416,
        "mean": 0.778336942196,
        "median": 0.751714289188,
        "min": -3.4651696682,
        "var": 0.537239432335
    },
    "erbbands_spread": {
        "dmean": 7.08954000473,
        "dmean2": 10.3385152817,
        "dvar": 83.6064147949,
        "dvar2": 171.486984253,
        "max": 137.547943115,
        "mean": 42.6622581482,
        "median": 38.2620697021,
        "min": 1.57033956051,
        "var": 462.499511719
    },
    "hfc": {
        "dmean": 4.33410930634,
        "dmean2": 5.93626880646,
        "dvar": 47.2067985535,
        "dvar2": 85.5567092896,
        "max": 130.756622314,
        "mean": 18.7980136871,
        "median": 15.4061288834,
        "min": 1.16301475011e-16,
        "var": 245.310302734
    },
    "melbands_crest": {
        "dmean": 2.55567383766,
        "dmean2": 4.0959944725,
        "dvar": 5.99034070969,
        "dvar2": 16.0014057159,
        "max": 33.8979988098,
        "mean": 13.4779167175,
        "median": 12.4868001938,
        "min": 1.72953057289,
        "var": 24.2849845886
    },
    "melbands_flatness_db": {
        "dmean": 0.0198565982282,
        "dmean2": 0.0294197462499,
        "dvar": 0.000424766447395,
        "dvar2": 0.000863029214088,
        "max": 0.554597198963,
        "mean": 0.222014114261,
        "median": 0.20889505744,
        "min": 0.00534830195829,
        "var": 0.00546862976626
    },
    "melbands_kurtosis": {
        "dmean": 5.6404633522,
        "dmean2": 8.77751159668,
        "dvar": 68.2695922852,
        "dvar2": 158.534927368,
        "max": 287.647064209,
        "mean": 16.824596405,
        "median": 12.2454929352,
        "min": -1.8881829977,
        "var": 262.122558594
    },
    "melbands_skewness": {
        "dmean": 0.548160672188,
        "dmean2": 0.842651367188,
        "dvar": 0.341005653143,
        "dvar2": 0.799530804157,
        "max": 12.8883390427,
        "mean": 2.98881292343,
        "median": 2.80827760696,
        "min": -1.1738563776,
        "var": 1.95360350609
    },
    "melbands_spread": {
        "dmean": 4.0580291748,
        "dmean2": 6.10373878479,
        "dvar": 55.1490325928,
        "dvar2": 106.580947876,
        "max": 248.506454468,
        "mean": 15.8339385986,
        "median": 12.707906723,
        "min": 0.97099506855,
        "var": 198.834335327
    },
    "pitch_salience": {
        "dmean": 0.058366920799,
        "dmean2": 0.0934500545263,
        "dvar": 0.00282575911842,
        "dvar2": 0.00719000445679,
        "max": 0.870733320713,
        "mean": 0.572737336159,
        "median": 0.582757890224,
        "min": 0.131075322628,
        "var": 0.0119630405679
    },
    "silence_rate_20dB": {
        "dmean": 0,
        "dmean2": 0,
        "dvar": 0,
        "dvar2": 0,
        "max": 1,
        "mean": 1,
        "median": 1,
        "min": 1,
        "var": 0
    },
    "silence_rate_30dB": {
        "dmean": 0.000565291149542,
        "dmean2": 0.00113066215999,
        "dvar": 0.000565034570172,
        "dvar2": 0.00141183275264,
        "max": 1,
        "mean": 0.999434769154,
        "median": 1,
        "min": 0,
        "var": 0.000564991671126
    },
    "silence_rate_60dB": {
        "dmean": 0.00805539824069,
        "dmean2": 0.0161119364202,
        "dvar": 0.00799340289086,
        "dvar2": 0.0179721154273,
        "max": 1,
        "mean": 0.0653571709991,
        "median": 0,
        "min": 0,
        "var": 0.0610859133303
    },
    "spectral_centroid": {
        "dmean": 149.777801514,
        "dmean2": 222.551208496,
        "dvar": 48810.6171875,
        "dvar2": 89002.515625,
        "max": 10820.0273438,
        "mean": 846.887023926,
        "median": 733.822753906,
        "min": 195.405517578,
        "var": 216648.625
    },
    "spectral_complexity": {
        "dmean": 2.2565009594,
        "dmean2": 3.49148464203,
        "dvar": 6.00377464294,
        "dvar2": 12.0879392624,
        "max": 51,
        "mean": 15.7958030701,
        "median": 16,
        "min": 0,
        "var": 45.8124427795
    },
    "spectral_decrease": {
        "dmean": 1.50885803851e-09,
        "dmean2": 2.29244490058e-09,
        "dvar": 3.17167392555e-18,
        "dvar2": 7.25289828188e-18,
        "max": 3.4030385101e-16,
        "mean": -6.75332456623e-09,
        "median": -6.16316997437e-09,
        "min": -3.3589866888e-08,
        "var": 2.10260179637e-17
    },
    "spectral_energy": {
        "dmean": 0.0059206946753,
        "dmean2": 0.0089592942968,
        "dvar": 4.81289644085e-05,
        "dvar2": 0.000109351261926,
        "max": 0.131582796574,
        "mean": 0.0271936245263,
        "median": 0.0249635651708,
        "min": 1.07219239856e-20,
        "var": 0.000331266463036
    },
    "spectral_energyband_high": {
        "dmean": 0.000316652556648,
        "dmean2": 0.000424786761869,
        "dvar": 4.93678271596e-07,
        "dvar2": 8.45431941343e-07,
        "max": 0.0136112207547,
        "mean": 0.000849601521622,
        "median": 0.000372329930542,
        "min": 7.59147430551e-21,
        "var": 1.74969613909e-06
    },
    "spectral_energyband_low": {
        "dmean": 0.00243024900556,
        "dmean2": 0.00399707444012,
        "dvar": 1.34937117764e-05,
        "dvar2": 3.67178945453e-05,
        "max": 0.05364035815,
        "mean": 0.0054186778143,
        "median": 0.00319095887244,
        "min": 3.17745725776e-23,
        "var": 3.78308359359e-05
    },
    "spectral_energyband_middle_high": {
        "dmean": 0.000997559167445,
        "dmean2": 0.00138803874142,
        "dvar": 3.30716329699e-06,
        "dvar2": 6.62144111629e-06,
        "max": 0.0461093261838,
        "mean": 0.00345505191945,
        "median": 0.00214540492743,
        "min": 1.82311596554e-21,
        "var": 1.62003525475e-05
    },
    "spectral_energyband_middle_low": {
        "dmean": 0.00480958679691,
        "dmean2": 0.00722338957712,
        "dvar": 3.96784453187e-05,
        "dvar2": 8.98574726307e-05,
        "max": 0.123204372823,
        "mean": 0.0186035428196,
        "median": 0.0151472119614,
        "min": 2.47390515923e-22,
        "var": 0.000230693549383
    },
    "spectral_entropy": {
        "dmean": 0.159286767244,
        "dmean2": 0.223094791174,
        "dvar": 0.0328847244382,
        "dvar2": 0.0598459467292,
        "max": 9.79536056519,
        "mean": 7.31348323822,
        "median": 7.3799123764,
        "min": 5.07877254486,
        "var": 0.335655033588
    },
    "spectral_flux": {
        "dmean": 0.0161556378007,
        "dmean2": 0.0253828447312,
        "dvar": 0.000315068144118,
        "dvar2": 0.000728494604118,
        "max": 0.242727920413,
        "mean": 0.0623472109437,
        "median": 0.0588026866317,
        "min": 1.03546726749e-10,
        "var": 0.00120022462215
    },
    "spectral_kurtosis": {
        "dmean": 2.53949809074,
        "dmean2": 4.17683506012,
        "dvar": 50.8408699036,
        "dvar2": 147.289108276,
        "max": 204.860412598,
        "mean": 8.32622146606,
        "median": 4.39936876297,
        "min": -1.22218573093,
        "var": 308.012176514
    },
    "spectral_rms": {
        "dmean": 0.000544936861843,
        "dmean2": 0.000817969674245,
        "dvar": 3.24247366734e-07,
        "dvar2": 7.15440819476e-07,
        "max": 0.0113302012905,
        "mean": 0.00479036848992,
        "median": 0.0049350480549,
        "min": 3.23425639569e-12,
        "var": 3.58278703061e-06
    },
    "spectral_rolloff": {
        "dmean": 367.286499023,
        "dmean2": 613.679626465,
        "dvar": 923317.6875,
        "dvar2": 1929137.75,
        "max": 19745.9472656,
        "mean": 1206.91760254,
        "median": 667.529296875,
        "min": 86.1328125,
        "var": 3978664.25
    },
    "spectral_skewness": {
        "dmean": 0.253552049398,
        "dmean2": 0.393442541361,
        "dvar": 0.1812325418,
        "dvar2": 0.50342810154,
        "max": 11.4114246368,
        "mean": 2.03333878517,
        "median": 1.83809316158,
        "min": 0.0462699197233,
        "var": 1.18405771255
    },
    "spectral_spread": {
        "dmean": 605181.3125,
        "dmean2": 836932.9375,
        "dvar": 727682318336,
        "dvar2": 1.25911708467e+12,
        "max": 39437508,
        "mean": 5687764,
        "median": 5465297,
        "min": 382143.8125,
        "var": 5.93456739123e+12
    },
    "spectral_strongpeak": {
        "dmean": 0.349611192942,
        "dmean2": 0.577946484089,
        "dvar": 0.33006003499,
        "dvar2": 0.804761111736,
        "max": 13.7385625839,
        "mean": 0.90123796463,
        "median": 0.65328425169,
        "min": 0,
        "var": 0.778428375721
    },
    "zerocrossingrate": {
        "dmean": 0.0107770003378,
        "dmean2": 0.0125285154209,
        "dvar": 0.000212771323277,
        "dvar2": 0.00022684004216,
        "max": 0.81689453125,
        "mean": 0.063135497272,
        "median": 0.0498046875,
        "min": 0.00439453125,
        "var": 0.00388962868601
    },
    "barkbands": {
        "dmean": [4.07608604291e-05, 0.00135900394525, 0.00108926033136, 0.00100378983188, 0.00310276844539, 0.00116581097245, 0.00111753633246, 0.000598052400164, 0.000315508572385, 0.000345650711097, 0.000266677729087, 0.000190435574041, 0.000185775992577, 0.000229395998758, 0.000218364526518, 0.000105616811197, 0.000103288824903, 8.40572756715e-05, 5.93951408518e-05, 6.52214730508e-05, 4.11571709265e-05, 6.2304585299e-05, 9.07042922336e-05, 7.03366822563e-05, 5.84989975323e-05, 3.89009983337e-05, 1.89913644135e-05],
        "dmean2": [7.11774919182e-05, 0.00223255064338, 0.00181796401739, 0.00161122530699, 0.00484115444124, 0.00169301207643, 0.00162891787477, 0.000918645877391, 0.000450760126114, 0.000485425378429, 0.000392276822822, 0.00026630985667, 0.000282153836451, 0.000349993963027, 0.000335291435476, 0.000161929332535, 0.00015847638133, 0.00013182751718, 9.22018298297e-05, 9.97086099233e-05, 6.13540469203e-05, 9.22946128412e-05, 0.000133169698529, 0.000100793273305, 8.28725969768e-05, 5.56247432542e-05, 2.85041969619e-05],
        "dvar": [2.37759660848e-08, 7.0361033977e-06, 3.32462468577e-06, 2.98322879644e-06, 2.45291666943e-05, 5.18934166394e-06, 6.25671191301e-06, 1.41979819546e-06, 7.26712414689e-07, 1.07905168534e-06, 6.37491950783e-07, 4.54410923112e-07, 2.21193047878e-07, 4.06317667512e-07, 2.74203443951e-07, 1.88131764389e-07, 1.60170571917e-07, 6.97756092904e-08, 3.59496681313e-08, 3.03534655188e-08, 9.99985427796e-09, 2.33515518033e-08, 4.58291218308e-08, 3.74972124462e-08, 2.9372854371e-08, 9.62336788035e-09, 3.3715552572e-09],
        "dvar2": [6.38158681454e-08, 1.89587753994e-05, 9.27576547838e-06, 7.34635159461e-06, 6.02391592111e-05, 1.13453488666e-05, 1.29917916638e-05, 3.19117543768e-06, 1.44684622683e-06, 2.01616626327e-06, 1.21150378618e-06, 8.47316755426e-07, 4.9559304216e-07, 9.03572924926e-07, 6.27869610526e-07, 4.3436708097e-07, 3.28619819356e-07, 1.66354624298e-07, 8.06613726922e-08, 6.7654852387e-08, 2.02405168181e-08, 4.86116675802e-08, 9.09445390107e-08, 7.10821481675e-08, 4.93817680081e-08, 2.08871142604e-08, 7.90291743158e-09],
        "max": [0.00894172023982, 0.0422164015472, 0.0281317364424, 0.0362764112651, 0.1154608652, 0.0818229094148, 0.0694670006633, 0.0355517268181, 0.0367836803198, 0.0411610417068, 0.0415271744132, 0.0369062013924, 0.011338993907, 0.015791323036, 0.0158019401133, 0.0228355955333, 0.0191389936954, 0.00932051520795, 0.00789734814316, 0.0079073086381, 0.00316865928471, 0.00432180101052, 0.00468298699707, 0.00529776513577, 0.00866280309856, 0.00449613528326, 0.00209065503441],
        "mean": [3.87046202377e-05, 0.00248667318374, 0.00190942687914, 0.00188882811926, 0.00832180678844, 0.00348685425706, 0.00257668131962, 0.00127525476273, 0.00072770396946, 0.000774573010858, 0.000521773647051, 0.000432842440205, 0.000345983251464, 0.000425358623033, 0.000432231317973, 0.000178368325578, 0.000180339353392, 0.000151728992932, 0.000114961723739, 0.000124070022139, 8.1888269051e-05, 0.000131729088025, 0.000197253961232, 0.000149534229422, 0.000126231796457, 8.0525976955e-05, 3.24069551425e-05],
        "median": [1.32244131237e-05, 0.00106836901978, 0.000842461013235, 0.000843520101625, 0.00405518896878, 0.00196899054572, 0.00135919742752, 0.000588584807701, 0.000283743778709, 0.000224995834287, 0.000178924965439, 0.000149070692714, 0.000145892292494, 0.000181595925824, 0.000200183305424, 5.95804340264e-05, 6.33205709164e-05, 5.65587179153e-05, 5.40782530152e-05, 5.49589749426e-05, 3.27892703353e-05, 4.54275468655e-05, 6.981970364e-05, 5.70052179683e-05, 4.06411745644e-05, 2.16512253246e-05, 4.31628086517e-06],
        "min": [8.08956505693e-24, 1.23899858503e-23, 7.64956132096e-24, 1.91023614832e-23, 3.59727577866e-23, 1.68792425895e-23, 6.24808823391e-23, 3.97970671027e-23, 4.44556441577e-23, 6.92033467142e-23, 9.32698457909e-23, 9.6225524587e-23, 4.00339020791e-23, 1.80669064456e-22, 6.95921415445e-23, 2.99418252894e-22, 2.86344846076e-22, 1.666786731e-22, 4.19745920449e-22, 2.65395931607e-22, 4.168646975e-22, 5.64732673081e-22, 5.39684054799e-22, 1.06775789461e-21, 1.24397462812e-21, 1.64826874505e-21, 2.16920037706e-21],
        "var": [1.75995413798e-08, 1.30320231619e-05, 7.80443315307e-06, 9.55287760007e-06, 0.000130186235765, 2.23974639084e-05, 1.6194428099e-05, 4.44281795353e-06, 2.31036824516e-06, 4.20976448368e-06, 2.0483487333e-06, 1.21429570754e-06, 4.50865371704e-07, 8.72759017057e-07, 5.56080237857e-07, 2.98574803992e-07, 3.80323939453e-07, 1.2338399813e-07, 5.87287871667e-08, 5.76118317497e-08, 2.17209166209e-08, 6.54734293448e-08, 1.38498094771e-07, 1.00267577352e-07, 8.40047036377e-08, 2.34854447001e-08, 5.26028820502e-09]
    },
    "erbbands": {
        "dmean": [0.0231179501861, 0.363851070404, 1.15245854855, 2.25949764252, 7.399559021, 11.7294511795, 10.3055610657, 9.09519100189, 18.0717868805, 13.2681913376, 11.5944929123, 7.52912282944, 10.0000019073, 9.71368122101, 9.09133625031, 7.8676700592, 8.91625499725, 10.7849254608, 11.9757938385, 8.29087162018, 5.59928607941, 4.87105417252, 4.55686569214, 2.62121272087, 3.74310112, 2.61874651909, 1.86365365982, 1.68162596226, 2.36390781403, 2.35657501221, 2.84478640556, 1.61807727814, 1.10496878624, 0.723098576069, 0.413587063551, 0.162085056305, 0.0747459903359, 0.0232457760721, 0.0032589097973, 0.000179802300408],
        "dmean2": [0.0367005616426, 0.602504134178, 1.93453860283, 3.67416071892, 11.6930856705, 18.1055240631, 15.3736133575, 13.4640474319, 26.0800266266, 19.9032459259, 17.1296615601, 10.6441287994, 13.977347374, 13.8704633713, 13.3302288055, 10.8636598587, 13.2674245834, 16.1718463898, 18.3767585754, 12.574681282, 8.49315929413, 7.38965797424, 7.1555814743, 4.02778720856, 5.74317407608, 3.95531988144, 2.76963472366, 2.48631191254, 3.59163022041, 3.49893712997, 4.20897912979, 2.32029390335, 1.58423650265, 1.04704368114, 0.594266176224, 0.238377168775, 0.10917430371, 0.0333876423538, 0.00483216671273, 0.000278926600004],
        "dvar": [0.00254801893607, 0.48267519474, 3.56552124023, 15.3341169357, 142.714660645, 523.974487305, 376.84362793, 334.820983887, 1858.67260742, 791.017028809, 684.190246582, 556.810302734, 765.14831543, 1107.92126465, 643.078552246, 712.363769531, 450.109069824, 855.052856445, 895.690795898, 549.558654785, 371.661499023, 461.634429932, 224.552780151, 82.5519485474, 116.901023865, 52.8106422424, 23.1696128845, 13.9997014999, 38.3774185181, 32.9369163513, 43.1783332825, 19.7770442963, 10.1659593582, 4.52099227905, 1.96151101589, 0.146685242653, 0.0410494506359, 0.00424943398684, 9.07079738681e-05, 3.10624471922e-07],
        "dvar2": [0.00626424560323, 1.32152044773, 9.92268180847, 39.1152687073, 373.585906982, 1191.95849609, 857.386535645, 731.100036621, 3809.95898438, 1686.94763184, 1376.0234375, 1058.67138672, 1352.11364746, 2185.42260742, 1230.60461426, 1303.39160156, 993.156677246, 1831.92895508, 2128.73339844, 1266.46496582, 862.675476074, 926.475463867, 550.028625488, 174.069458008, 262.935424805, 114.029914856, 47.4680900574, 27.4268188477, 86.6642532349, 63.573348999, 89.1797409058, 37.5395545959, 20.0295009613, 8.38759422302, 3.29461812973, 0.31131836772, 0.0917567312717, 0.00961316283792, 0.000207500721444, 7.54583595608e-07],
        "max": [1.00684893131, 10.3663425446, 34.3625869751, 84.2252655029, 251.537704468, 606.172790527, 626.045959473, 921.321533203, 1313.46337891, 1111.42724609, 1016.01806641, 1041.94689941, 1344.55053711, 1471.44116211, 996.274291992, 1479.90087891, 681.606933594, 803.043457031, 927.581481934, 894.646606445, 934.553344727, 1039.86767578, 525.881530762, 384.851196289, 408.529968262, 292.414001465, 141.374557495, 119.414428711, 196.732711792, 157.373428345, 135.920730591, 159.698760986, 108.75478363, 62.9299125671, 112.767189026, 10.6430644989, 11.2485761642, 2.75898647308, 0.349922388792, 0.0155377201736],
        "mean": [0.0445053763688, 0.662227869034, 2.09129452705, 4.90616369247, 14.9554824829, 32.4296684265, 27.6579627991, 26.7131786346, 43.2722625732, 30.119386673, 26.4775409698, 17.7786598206, 23.6101913452, 22.4282569885, 19.9711055756, 19.5314369202, 18.4406108856, 21.5200710297, 24.1328716278, 15.8701448441, 10.702334404, 9.35052680969, 8.53408050537, 5.42508220673, 7.239985466, 5.2572312355, 3.59465479851, 3.59819960594, 4.71930932999, 4.83605957031, 6.01952981949, 3.55569219589, 2.24362421036, 1.51841819286, 0.842743515968, 0.346818804741, 0.142167955637, 0.0429156832397, 0.00563407409936, 0.000306062487653],
        "median": [0.0143156973645, 0.301362544298, 1.03958797455, 2.54353904724, 8.31569290161, 10.7563209534, 12.9507608414, 14.1106929779, 23.0609912872, 16.3611049652, 12.292840004, 7.15626811981, 9.16344356537, 6.97006464005, 8.65099143982, 7.55181789398, 8.42711162567, 9.39120101929, 12.4130926132, 6.28993558884, 4.327937603, 3.27622437477, 3.10282301903, 2.87139701843, 2.90356445312, 2.38914322853, 1.43230688572, 1.4797077179, 1.58673989773, 1.74861466885, 1.99643361568, 1.38053405285, 0.815680682659, 0.48783788085, 0.261945843697, 0.100852847099, 0.0370810441673, 0.00927012693137, 0.000721083953977, 6.66339838062e-05],
        "min": [6.95850291745e-22, 1.64939268882e-21, 7.0105422917e-21, 3.03774809818e-20, 8.62151934771e-20, 1.80427737137e-19, 5.33101167308e-20, 1.91274272166e-19, 8.54374123492e-19, 6.97730052013e-19, 1.0254081391e-18, 1.2563706146e-18, 1.93957578865e-18, 2.93800139957e-18, 3.64685692742e-18, 3.02113449869e-18, 2.54884042512e-18, 5.92845597614e-18, 7.62815290267e-18, 9.55519504388e-18, 1.42116197051e-17, 1.43266160082e-17, 9.25551908848e-18, 1.48206413572e-17, 2.22009817017e-17, 1.49109281211e-17, 1.78421369203e-17, 1.5614183843e-17, 2.26222945662e-17, 1.42963709763e-17, 1.74176410648e-17, 2.08456925902e-17, 1.82697264312e-17, 1.52715705964e-17, 7.62627023959e-18, 4.77115337138e-18, 3.46718523336e-18, 1.42443210498e-18, 2.45830478329e-19, 3.37320667196e-20],
        "var": [0.00541244074702, 0.884330689907, 8.89060306549, 59.8076171875, 362.0284729, 3447.94189453, 1453.51672363, 1658.57275391, 5005.14550781, 2735.34765625, 2473.78222656, 1703.35339355, 2923.03466797, 4226.55712891, 2094.07226562, 2222.10083008, 1022.52612305, 2174.72827148, 1635.5715332, 1105.20983887, 656.621704102, 1141.16784668, 432.601928711, 121.45173645, 247.258285522, 101.505729675, 49.6567459106, 36.1916923523, 91.1465530396, 92.2343673706, 128.657684326, 56.7732620239, 24.3143939972, 11.8347835541, 4.8813829422, 0.474415659904, 0.0774410068989, 0.00753623433411, 0.000149161511217, 4.64232385866e-07]
    },
    "gfcc": {
        "mean": [-6.33592939377, 89.580368042, -87.9503250122, 8.84869480133, -58.8209152222, 5.48257732391, -46.0050773621, -3.36148428917, -23.0498924255, 1.7993055582, -14.4974946976, -1.82685410976, -15.1568994522],
        "cov": [[15671.9970703, -2824.51025391, 95.5441741943, 1429.86560059, -786.447021484, 960.989135742, -708.119567871, 182.066864014, -427.250457764, 236.114761353, -365.206542969, 233.238601685, -317.416290283], [-2824.51025391, 2688.80273438, -757.322387695, -359.022338867, 604.787475586, -435.680603027, 186.077285767, -121.931976318, 116.069656372, -103.390907288, 217.859512329, -156.510070801, 120.438842773], [95.5441741943, -757.322387695, 717.103088379, 37.5417671204, -136.520843506, 191.516571045, 19.8447475433, 53.5409545898, 26.3229904175, 73.6076812744, -57.3934593201, 76.215057373, -20.4430351257], [1429.86560059, -359.022338867, 37.5417671204, 481.769561768, -25.2347297668, 128.890701294, -54.7638130188, 41.8794898987, -0.974804103374, 53.4148139954, -26.677532196, 35.9671287537, -25.6158981323], [-786.447021484, 604.787475586, -136.520843506, -25.2347297668, 392.765930176, -99.9434585571, 67.8767852783, -13.5527963638, 68.1393737793, 10.9231939316, 58.1933288574, -38.0923233032, 40.3306350708], [960.989135742, -435.680603027, 191.516571045, 128.890701294, -99.9434585571, 271.803039551, -0.233233690262, 59.1760864258, -16.1503505707, 55.7224693298, -40.0683784485, 28.558675766, -30.3033351898], [-708.119567871, 186.077285767, 19.8447475433, -54.7638130188, 67.8767852783, -0.233233690262, 186.153808594, 25.7604122162, 40.6457748413, 2.20522356033, 44.4359779358, -1.93254899979, 34.576461792], [182.066864014, -121.931976318, 53.5409545898, 41.8794898987, -13.5527963638, 59.1760864258, 25.7604122162, 129.909179688, 19.1283168793, 27.2070293427, -9.2839717865, 19.6201820374, -0.840791285038], [-427.250457764, 116.069656372, 26.3229904175, -0.974804103374, 68.1393737793, -16.1503505707, 40.6457748413, 19.1283168793, 131.794189453, 36.9154663086, 20.9538822174, 3.84665131569, 22.6335487366], [236.114761353, -103.390907288, 73.6076812744, 53.4148139954, 10.9231939316, 55.7224693298, 2.20522356033, 27.2070293427, 36.9154663086, 113.164466858, 21.537191391, 17.0360221863, 0.479495674372], [-365.206542969, 217.859512329, -57.3934593201, -26.677532196, 58.1933288574, -40.0683784485, 44.4359779358, -9.2839717865, 20.9538822174, 21.537191391, 104.226097107, 18.3528900146, 18.288936615], [233.238601685, -156.510070801, 76.215057373, 35.9671287537, -38.0923233032, 28.558675766, -1.93254899979, 19.6201820374, 3.84665131569, 17.0360221863, 18.3528900146, 85.5688934326, 17.0748729706], [-317.416290283, 120.438842773, -20.4430351257, -25.6158981323, 40.3306350708, -30.3033351898, 34.576461792, -0.840791285038, 22.6335487366, 0.479495674372, 18.288936615, 17.0748729706, 71.3803024292]],
        "icov": [[0.000151650281623, 1.96913733816e-05, 0.000185770026292, -0.000244736031163, 4.7247754992e-05, -0.000328602094669, 0.000276320060948, -5.28011651113e-06, 0.000279296684312, -0.000239059547312, 0.000276131933788, -0.000373465445591, 0.000238037944655], [1.96913733816e-05, 0.00110500387382, 0.00064012844814, 0.000334087060764, -0.000934409792535, 0.000233705097344, -0.000206922108191, 0.000178990434506, -0.000377139251214, 0.000534077640623, -0.00119888025802, 0.000996557879262, -0.000559374922886], [0.000185770026292, 0.00064012844814, 0.00274805235676, 0.000302047235891, -0.000196165507077, -0.00121710577514, -0.000476760586025, 0.000402976031182, -0.000461197283585, -0.00101464020554, 0.00128953577951, -0.00189749035053, 0.000747806974687], [-0.000244736031163, 0.000334087060764, 0.000302047235891, 0.00320454919711, -0.000740512565244, -0.000565807451494, 0.00013842266344, -0.000165786506841, -0.000749511527829, -0.000170202591107, -0.000213794759475, -0.000337662611855, 6.80465163896e-05], [4.7247754992e-05, -0.000934409792535, -0.000196165507077, -0.000740512565244, 0.0044525694102, 0.000489670550451, -0.000393140217056, -0.000119699834613, -0.000733459717594, -0.000992843881249, -7.27291353542e-06, 0.000840080378111, -0.000613903335761], [-0.000328602094669, 0.000233705097344, -0.00121710577514, -0.000565807451494, 0.000489670550451, 0.00735561270267, -0.00196742918342, -0.00129183940589, 0.000631777802482, -0.00182555033825, 0.000813354679849, 0.000656176009215, 0.000823225418571], [0.000276320060948, -0.000206922108191, -0.000476760586025, 0.00013842266344, -0.000393140217056, -0.00196742918342, 0.00847846828401, -0.00187079189345, -0.000712719513103, 0.00140836462379, -0.0030659576878, 0.00125477719121, -0.00254915002733], [-5.28011651113e-06, 0.000178990434506, 0.000402976031182, -0.000165786506841, -0.000119699834613, -0.00129183940589, -0.00187079189345, 0.00957638956606, -0.00113848783076, -0.0012876164401, 0.00173792790156, -0.00200717058033, 0.000673130794894], [0.000279296684312, -0.000377139251214, -0.000461197283585, -0.000749511527829, -0.000733459717594, 0.000631777802482, -0.000712719513103, -0.00113848783076, 0.0108564645052, -0.00385786872357, 0.00110592297278, -0.000770568556618, -0.00102380441967], [-0.000239059547312, 0.000534077640623, -0.00101464020554, -0.000170202591107, -0.000992843881249, -0.00182555033825, 0.00140836462379, -0.0012876164401, -0.00385786872357, 0.0138886477798, -0.00566019490361, 0.00194223201834, -0.00111166713759], [0.000276131933788, -0.00119888025802, 0.00128953577951, -0.000213794759475, -7.27291353542e-06, 0.000813354679849, -0.0030659576878, 0.00173792790156, 0.00110592297278, -0.00566019490361, 0.017399257049, -0.00790377799422, 0.00251838448457], [-0.000373465445591, 0.000996557879262, -0.00189749035053, -0.000337662611855, 0.000840080378111, 0.000656176009215, 0.00125477719121, -0.00200717058033, -0.000770568556618, 0.00194223201834, -0.00790377799422, 0.0198057405651, -0.00731571158394], [0.000238037944655, -0.000559374922886, 0.000747806974687, 6.80465163896e-05, -0.000613903335761, 0.000823225418571, -0.00254915002733, 0.000673130794894, -0.00102380441967, -0.00111166713759, 0.00251838448457, -0.00731571158394, 0.0196263100952]]
    },
    "melbands": {
        "dmean": [0.000299353792798, 0.000553086982109, 0.000482530798763, 0.000697874813341, 0.000399352895329, 0.000227690135944, 0.000256854196778, 0.000139001640491, 8.76224221429e-05, 4.70534141641e-05, 5.04877461935e-05, 4.04102574976e-05, 3.58720426448e-05, 2.24755258387e-05, 1.83713327715e-05, 2.05262113013e-05, 2.11108217627e-05, 1.9958932171e-05, 1.32306649903e-05, 9.73682836047e-06, 7.04524063622e-06, 5.87364365856e-06, 5.00312125951e-06, 4.06356321037e-06, 2.09087238545e-06, 2.61936247625e-06, 3.01789577861e-06, 1.61700825174e-06, 1.29167324303e-06, 1.01136970443e-06, 1.09726147457e-06, 1.55726922912e-06, 1.31376827994e-06, 1.44595776419e-06, 1.92091670215e-06, 1.31905562739e-06, 1.02086437437e-06, 8.47722560593e-07, 7.44753947401e-07, 6.25415111699e-07],
        "dmean2": [0.000484468910145, 0.000926908804104, 0.000774156593252, 0.00109245628119, 0.000602406915277, 0.000334069743985, 0.000370597903384, 0.000211308666621, 0.000128053143271, 6.71240049996e-05, 7.06194186932e-05, 5.7621015003e-05, 5.28491073055e-05, 3.11805197271e-05, 2.64823465841e-05, 3.10983959935e-05, 3.18981474265e-05, 3.09401802951e-05, 2.02525716304e-05, 1.49104616867e-05, 1.09039719973e-05, 8.98416510609e-06, 7.8327684605e-06, 6.37854418528e-06, 3.27464317706e-06, 4.08656160289e-06, 4.68260486741e-06, 2.4622077035e-06, 1.95686266125e-06, 1.53377038714e-06, 1.67490520653e-06, 2.44547186412e-06, 2.00744284484e-06, 2.16704756895e-06, 2.91710898637e-06, 1.92061725102e-06, 1.51222934619e-06, 1.24199539187e-06, 1.08406231902e-06, 9.35269724778e-07],
        "dvar": [3.71850518377e-07, 7.94101083557e-07, 5.05665752826e-07, 1.50620064687e-06, 4.89025808292e-07, 2.05601963899e-07, 3.36150463909e-07, 8.07879416698e-08, 4.35532712117e-08, 2.14095710049e-08, 1.8887094555e-08, 2.09170689658e-08, 1.02556780845e-08, 5.88726001283e-09, 4.08477562885e-09, 2.64238697589e-09, 3.30228555612e-09, 2.78538014875e-09, 1.23132459784e-09, 1.59725799254e-09, 5.82453030251e-10, 7.1076600161e-10, 3.18248594144e-10, 1.71490141532e-10, 5.82527220905e-11, 7.07989361581e-11, 7.09832678747e-11, 2.16589194496e-11, 1.1157776092e-11, 7.31545553301e-12, 5.64684974128e-12, 1.95521602381e-11, 1.2154725143e-11, 1.28735850105e-11, 2.12015804218e-11, 1.08280207717e-11, 7.95307483065e-12, 6.31827316161e-12, 4.1903520584e-12, 3.47987979578e-12],
        "dvar2": [9.62226522461e-07, 2.21409754886e-06, 1.27813723338e-06, 3.60824355994e-06, 1.17417368983e-06, 4.48097580374e-07, 6.92424293902e-07, 1.77892431452e-07, 8.4640653597e-08, 4.1836663911e-08, 3.34740128949e-08, 4.1066453349e-08, 1.99234868603e-08, 1.13986633465e-08, 7.42191863523e-09, 6.010332676e-09, 7.13144165942e-09, 6.79052059027e-09, 2.85950152445e-09, 3.67103192289e-09, 1.34085809123e-09, 1.45081746616e-09, 7.08334613186e-10, 4.21054385802e-10, 1.26678778578e-10, 1.62413818505e-10, 1.68854610849e-10, 4.65270114103e-11, 2.37030308575e-11, 1.61353170408e-11, 1.1909827291e-11, 4.96645086168e-11, 2.63038566622e-11, 2.54801423016e-11, 4.71661217027e-11, 2.13246278274e-11, 1.60130814858e-11, 1.32588679619e-11, 8.15326885867e-12, 6.9311028271e-12],
        "max": [0.0107991620898, 0.0159909147769, 0.0128110703081, 0.0272631272674, 0.0165505520999, 0.017947209999, 0.0167535301298, 0.0110364099964, 0.00839679781348, 0.00633094972, 0.00658676959574, 0.00652488833293, 0.0049018682912, 0.00383847951889, 0.0057146474719, 0.00150736339856, 0.00155561417341, 0.00170813011937, 0.00128759967629, 0.00241898815148, 0.000946652085986, 0.0015054406831, 0.00091747607803, 0.000478149886476, 0.000331765477313, 0.000304499757476, 0.000363878702046, 0.000195319589693, 0.000104975762952, 7.72910134401e-05, 9.02528627194e-05, 0.000119146810903, 0.000104364364233, 0.000114468915854, 9.72246780293e-05, 0.00010458012548, 0.000106928375317, 9.37988588703e-05, 5.76922684559e-05, 5.69082112634e-05],
        "mean": [0.000566761533264, 0.00105115259066, 0.00105780921876, 0.00175794598181, 0.00110228359699, 0.000653509341646, 0.000630342517979, 0.000305408466375, 0.000199224465177, 0.000106416344352, 0.000116012168291, 9.02176980162e-05, 7.26341822883e-05, 5.09927922394e-05, 4.10445391026e-05, 3.88834232581e-05, 3.9800619561e-05, 3.81540085073e-05, 2.61727582256e-05, 1.63324584719e-05, 1.23264198919e-05, 9.97541064862e-06, 8.72887630976e-06, 6.89722673997e-06, 3.91190178561e-06, 4.7708308557e-06, 5.35324443263e-06, 3.02858961732e-06, 2.33710238717e-06, 1.7678473796e-06, 2.20831952902e-06, 2.87176112579e-06, 2.36108758145e-06, 2.76601076621e-06, 3.77077458324e-06, 2.71938324659e-06, 2.00858221433e-06, 1.59072544648e-06, 1.45746025737e-06, 1.20614402022e-06],
        "median": [0.000220614558202, 0.00057848484721, 0.000646885018796, 0.000724590325262, 0.000496608903632, 0.000352656585164, 0.000346705201082, 0.000164510463946, 8.73186945682e-05, 4.13209054386e-05, 4.32536471635e-05, 2.52959052887e-05, 2.79077103187e-05, 1.81329069164e-05, 1.73667704075e-05, 1.6804158804e-05, 1.64438679349e-05, 1.91996878129e-05, 1.17298886835e-05, 5.29536237082e-06, 4.93465040563e-06, 3.28938131133e-06, 2.48880746767e-06, 2.64965638053e-06, 1.98908992388e-06, 1.93834193851e-06, 1.82184214736e-06, 1.26548616208e-06, 8.59601527736e-07, 6.44565147923e-07, 8.55230894103e-07, 8.6205631078e-07, 7.94147638317e-07, 9.57825932346e-07, 1.16910018733e-06, 9.47568196352e-07, 7.48410798224e-07, 5.2129598771e-07, 4.93739435115e-07, 3.6318488128e-07],
        "min": [5.40549856464e-24, 3.11933706282e-24, 7.36480856659e-24, 1.04612627467e-23, 2.70227833236e-24, 4.69661592787e-24, 1.27372731864e-23, 7.94194630459e-24, 8.62351266037e-24, 6.87552074557e-24, 9.55236639956e-24, 1.12543401135e-23, 1.30017167168e-23, 8.84479129973e-24, 7.69235465849e-24, 5.4701997528e-24, 1.25409296514e-23, 1.41076208198e-23, 7.7596586932e-24, 1.78082509454e-23, 1.65458605046e-23, 1.41287575589e-23, 1.28141847581e-23, 7.99097006555e-24, 1.1856218896e-23, 1.76082242189e-23, 1.12769386118e-23, 9.46765378239e-24, 1.05998379976e-23, 1.03149811136e-23, 7.8533256705e-24, 1.40929117194e-23, 9.56396423259e-24, 7.18140471701e-24, 1.02120237214e-23, 1.04626984735e-23, 1.32912870447e-23, 1.26470480092e-23, 1.43105868421e-23, 1.16840634141e-23],
        "var": [7.31707814339e-07, 1.85476824299e-06, 1.63654260632e-06, 7.29422208678e-06, 2.3029112981e-06, 9.22918559354e-07, 9.41180871905e-07, 2.63784642129e-07, 1.54608400749e-07, 6.26880520826e-08, 7.21911490587e-08, 7.98119188516e-08, 3.27107585463e-08, 1.6577498485e-08, 9.88453496831e-09, 5.2811639506e-09, 8.25059487397e-09, 4.58176918627e-09, 2.30737207119e-09, 2.49646769923e-09, 9.75855285468e-10, 1.50028045542e-09, 8.24641355202e-10, 2.62672300577e-10, 7.63012500404e-11, 1.22344398501e-10, 1.38954694973e-10, 3.83171931684e-11, 2.23997712739e-11, 1.26359018734e-11, 1.40938996585e-11, 3.81651273085e-11, 2.69850045087e-11, 3.33654909257e-11, 5.5888668693e-11, 3.16823858815e-11, 1.96827675686e-11, 1.34468269852e-11, 1.0294852644e-11, 8.30927947976e-12]
    },
    "mfcc": {
        "mean": [-656.323303223, 130.436203003, 21.9659156799, 7.53119516373, 6.40730810165, 2.77342891693, -9.14222049713, -5.98434019089, -10.7719964981, 0.849225878716, -2.92813515663, -4.84374427795, -1.83846926689],
        "cov": [[8666.71875, -1182.68713379, 60.0391807556, 216.720504761, 14.678768158, 225.152359009, -40.6435279846, 66.0282440186, -120.835647583, 52.1060218811, -137.635452271, -63.2653274536, 14.5977983475], [-1182.68713379, 1660.91540527, -448.60736084, -16.501581192, 170.950500488, -79.0959472656, 62.4329071045, -43.5450286865, -46.6287307739, 24.0687999725, 51.7648620605, 0.403694242239, -15.7474422455], [60.0391807556, -448.60736084, 574.38482666, -47.8979034424, -74.3908081055, 89.4900665283, -11.3554887772, 36.6250801086, 51.8301963806, -3.96491408348, 16.307882309, 18.1277751923, 19.5310668945], [216.720504761, -16.501581192, -47.8979034424, 251.708374023, 78.5149536133, 15.9471139908, 8.17985439301, 7.65056180954, 22.6620559692, -10.0435819626, 15.9779491425, 27.4792499542, 19.8941249847], [14.678768158, 170.950500488, -74.3908081055, 78.5149536133, 211.985458374, 38.5793190002, -6.35727071762, -9.31542205811, 21.1553230286, 10.6660966873, 31.4801101685, 20.0218086243, 4.76752281189], [225.152359009, -79.0959472656, 89.4900665283, 15.9471139908, 38.5793190002, 149.261535645, 28.5480499268, -0.768154382706, 26.776632309, 12.1587305069, 28.4739189148, 13.9221067429, 9.01083374023], [-40.6435279846, 62.4329071045, -11.3554887772, 8.17985439301, -6.35727071762, 28.5480499268, 137.844573975, 29.2603244781, 5.23577260971, 18.7367172241, 11.4935216904, 7.86364507675, 11.4451284409], [66.0282440186, -43.5450286865, 36.6250801086, 7.65056180954, -9.31542205811, -0.768154382706, 29.2603244781, 107.622550964, 25.1459159851, 9.64629650116, 0.958998322487, 2.09471726418, 5.94618320465], [-120.835647583, -46.6287307739, 51.8301963806, 22.6620559692, 21.1553230286, 26.776632309, 5.23577260971, 25.1459159851, 123.69657135, 30.1342830658, 19.0227413177, 14.7258577347, 11.3229751587], [52.1060218811, 24.0687999725, -3.96491408348, -10.0435819626, 10.6660966873, 12.1587305069, 18.7367172241, 9.64629650116, 30.1342830658, 108.391365051, 16.5266685486, -7.17342090607, 6.34178495407], [-137.635452271, 51.7648620605, 16.307882309, 15.9779491425, 31.4801101685, 28.4739189148, 11.4935216904, 0.958998322487, 19.0227413177, 16.5266685486, 97.9297866821, 33.9580879211, 4.24986076355], [-63.2653274536, 0.403694242239, 18.1277751923, 27.4792499542, 20.0218086243, 13.9221067429, 7.86364507675, 2.09471726418, 14.7258577347, -7.17342090607, 33.9580879211, 82.1994781494, 29.7087516785], [14.5977983475, -15.7474422455, 19.5310668945, 19.8941249847, 4.76752281189, 9.01083374023, 11.4451284409, 5.94618320465, 11.3229751587, 6.34178495407, 4.24986076355, 29.7087516785, 80.2984924316]],
