{
"lowlevel": {
    "average_loudness": 0.916791260242,
    "barkbands_crest": {
        "dmean": 2.43699169159,
        "dmean2": 4.04185295105,
        "dvar": 4.98365068436,
        "dvar2": 13.4598045349,
        "max": 22.5425872803,
        "mean": 9.92256450653,
        "median": 9.5186882019,
        "min": 2.54920578003,
        "var": 12.4035825729
    },
    "barkbands_flatness_db": {
        "dmean": 0.0176860261708,
        "dmean2": 0.0273344237357,
        "dvar": 0.000282358785626,
        "dvar2": 0.000602956570219,
        "max": 0.334102660418,
        "mean": 0.133912101388,
        "median": 0.134366825223,
        "min": 0.0287113375962,
        "var": 0.00176720262971
    },
    "barkbands_kurtosis": {
        "dmean": 1.91168391705,
        "dmean2": 3.08758306503,
        "dvar": 6.98619890213,
        "dvar2": 16.7525272369,
        "max": 46.1471138,
        "mean": 2.53736996651,
        "median": 1.26008272171,
        "min": -1.89838433266,
        "var": 18.2780761719
    },
    "barkbands_skewness": {
        "dmean": 0.443276524544,
        "dmean2": 0.701286613941,
        "dvar": 0.188499554992,
        "dvar2": 0.439494162798,
        "max": 6.35022640228,
        "mean": 1.53400886059,
        "median": 1.48528015614,
        "min": -2.77215623856,
        "var": 0.771196961403
    },
    "barkbands_spread": {
        "dmean": 6.06291103363,
        "dmean2": 9.55179691315,
        "dvar": 58.8320083618,
        "dvar2": 123.695106506,
        "max": 141.22946167,
        "mean": 28.3251228333,
        "median": 26.4090270996,
        "min": 2.29859519005,
        "var": 206.62612915
    },
    "dissonance": {
        "dmean": 0.010207134299,
        "dmean2": 0.0173465162516,
        "dvar": 0.000112146750325,
        "dvar2": 0.000308822869556,
        "max": 0.500000059605,
        "mean": 0.477974683046,
        "median": 0.482687115669,
        "min": 0.302675694227,
        "var": 0.000352862552973
    },
    "dynamic_complexity": 1.73325824738,
    "erbbands_crest": {
        "dmean": 1.8011020422,
        "dmean2": 2.97435188293,
        "dvar": 3.31834125519,
        "dvar2": 8.36964797974,
        "max": 29.0938282013,
        "mean": 7.3089799881,
        "median": 6.43409633636,
        "min": 2.30850172043,
        "var": 11.8743066788
    },
    "erbbands_flatness_db": {
        "dmean": 0.0119050778449,
        "dmean2": 0.0174872204661,
        "dvar": 0.000170480634551,
        "dvar2": 0.000318186386721,
        "max": 0.398385256529,
        "mean": 0.151572644711,
        "median": 0.146870672703,
        "min": 0.0415680482984,
        "var": 0.00187703594565
    },
    "erbbands_kurtosis": {
        "dmean": 0.579428315163,
        "dmean2": 0.940292239189,
        "dvar": 0.763557553291,
        "dvar2": 1.98536348343,
        "max": 33.0720863342,
        "mean": -0.328114330769,
        "median": -0.672734975815,
        "min": -1.75491833687,
        "var": 1.62686645985
    },
    "erbbands_skewness": {
        "dmean": 0.298608958721,
        "dmean2": 0.47447758913,
        "dvar": 0.0910731777549,
        "dvar2": 0.222661703825,
        "max": 3.41823482513,
        "mean": -0.295074880123,
        "median": -0.392824858427,
        "min": -4.75830507278,
        "var": 0.511700451374
    },
    "erbbands_spread": {
        "dmean": 7.01438617706,
        "dmean2": 11.068198204,
        "dvar": 54.5379829407,
        "dvar2": 128.021636963,
        "max": 149.127868652,
        "mean": 46.9585189819,
        "median": 46.1348571777,
        "min": 4.27802610397,
        "var": 227.416687012
    },
    "hfc": {
        "dmean": 5.55469036102,
        "dmean2": 8.45251178741,
        "dvar": 89.3059158325,
        "dvar2": 186.301116943,
        "max": 209.379165649,
        "mean": 22.96367836,
        "median": 18.1067638397,
        "min": 1.16116464486e-16,
        "var": 266.310546875
    },
    "melbands_crest": {
        "dmean": 3.00796246529,
        "dmean2": 4.99601888657,
        "dvar": 7.02484416962,
        "dvar2": 19.3469047546,
        "max": 33.7948570251,
        "mean": 14.2135543823,
        "median": 13.8519201279,
        "min": 2.10215401649,
        "var": 17.8412132263
    },
    "melbands_flatness_db": {
        "dmean": 0.0235267542303,
        "dmean2": 0.0366140156984,
        "dvar": 0.000491822545882,
        "dvar2": 0.00108711514622,
        "max": 0.426312088966,
        "mean": 0.205245345831,
        "median": 0.207454785705,
        "min": 0.0070669548586,
        "var": 0.0026987104211
    },
    "melbands_kurtosis": {
        "dmean": 5.86291456223,
        "dmean2": 9.47506904602,
        "dvar": 56.9035377502,
        "dvar2": 139.903884888,
        "max": 185.870376587,
        "mean": 13.3347682953,
        "median": 10.1919994354,
        "min": -1.8201469183,
        "var": 139.831588745
    },
    "melbands_skewness": {
        "dmean": 0.645991325378,
        "dmean2": 1.02590954304,
        "dvar": 0.386751204729,
        "dvar2": 0.948496520519,
        "max": 11.0349464417,
        "mean": 3.07816123962,
        "median": 2.97927880287,
        "min": -1.29830980301,
        "var": 1.5831464529
    },
    "melbands_spread": {
        "dmean": 7.18391942978,
        "dmean2": 11.4270458221,
        "dvar": 82.104057312,
        "dvar2": 191.446456909,
        "max": 198.641357422,
        "mean": 25.0079593658,
        "median": 21.0659122467,
        "min": 1.8055434227,
        "var": 254.886962891
    },
    "pitch_salience": {
        "dmean": 0.0717424079776,
        "dmean2": 0.120155572891,
        "dvar": 0.00405257707462,
        "dvar2": 0.0114834001288,
        "max": 0.968865573406,
        "mean": 0.552758336067,
        "median": 0.553463995457,
        "min": 0.199786230922,
        "var": 0.00985931605101
    },
    "silence_rate_20dB": {
        "dmean": 0,
        "dmean2": 0,
        "dvar": 0,
        "dvar2": 0,
        "max": 1,
        "mean": 1,
        "median": 1,
        "min": 1,
        "var": 0
    },
    "silence_rate_30dB": {
        "dmean": 0.00438519567251,
        "dmean2": 0.00877116061747,
        "dvar": 0.00436584092677,
        "dvar2": 0.0127285160124,
        "max": 1,
        "mean": 0.997632205486,
        "median": 1,
        "min": 0,
        "var": 0.00236229528673
    },
    "silence_rate_60dB": {
        "dmean": 0.00105244689621,
        "dmean2": 0.00210507842712,
        "dvar": 0.00105118600186,
        "dvar2": 0.00210061925463,
        "max": 1,
        "mean": 0.00701569765806,
        "median": 0,
        "min": 0,
        "var": 0.00696684466675
    },
    "spectral_centroid": {
        "dmean": 260.889862061,
        "dmean2": 416.241424561,
        "dvar": 82117.09375,
        "dvar2": 193248.765625,
        "max": 10858.1367188,
        "mean": 1706.14099121,
        "median": 1720.51281738,
        "min": 215.042922974,
        "var": 403365.96875
    },
    "spectral_complexity": {
        "dmean": 3.87598657608,
        "dmean2": 6.0892906189,
        "dvar": 13.0452947617,
        "dvar2": 27.5890464783,
        "max": 61,
        "mean": 26.3154430389,
        "median": 25,
        "min": 0,
        "var": 109.523483276
    },
    "spectral_decrease": {
        "dmean": 2.72048450434e-09,
        "dmean2": 4.44420233947e-09,
        "dvar": 1.6507449569e-17,
        "dvar2": 4.18111675505e-17,
        "max": 5.83838171498e-17,
        "mean": -8.38942870729e-09,
        "median": -7.71591501803e-09,
        "min": -4.08036093802e-08,
        "var": 2.67280502044e-17
    },
    "spectral_energy": {
        "dmean": 0.0105050113052,
        "dmean2": 0.0171209257096,
        "dvar": 0.000242949245148,
        "dvar2": 0.000615377619397,
        "max": 0.157369911671,
        "mean": 0.0337464772165,
        "median": 0.0313322916627,
        "min": 1.03210612748e-20,
        "var": 0.000402846868383
    },
    "spectral_energyband_high": {
        "dmean": 0.000440346397227,
        "dmean2": 0.000649864494335,
        "dvar": 1.21805351228e-06,
        "dvar2": 2.51205415225e-06,
        "max": 0.025189878419,
        "mean": 0.00107727677096,
        "median": 0.000472368847113,
        "min": 7.45991381403e-21,
        "var": 2.80269341602e-06
    },
    "spectral_energyband_low": {
        "dmean": 0.00737331714481,
        "dmean2": 0.0121918451041,
        "dvar": 9.838429105e-05,
        "dvar2": 0.000255712948274,
        "max": 0.105518832803,
        "mean": 0.0160320084542,
        "median": 0.013513722457,
        "min": 1.10451053291e-22,
        "var": 0.000161226664204
    },
    "spectral_energyband_middle_high": {
        "dmean": 0.00104527478106,
        "dmean2": 0.00164321751799,
        "dvar": 1.61951390965e-06,
        "dvar2": 3.97009898734e-06,
        "max": 0.0210662744939,
        "mean": 0.00486505124718,
        "median": 0.00392843177542,
        "min": 1.47472308195e-21,
        "var": 1.04674354588e-05
    },
    "spectral_energyband_middle_low": {
        "dmean": 0.00619964674115,
        "dmean2": 0.0107490764931,
        "dvar": 0.000142387158121,
        "dvar2": 0.000409311352996,
        "max": 0.11574254185,
        "mean": 0.0135380169377,
        "median": 0.010629599914,
        "min": 2.88400933139e-22,
        "var": 0.000143043376738
    },
    "spectral_entropy": {
        "dmean": 0.102964691818,
        "dmean2": 0.154884472489,
        "dvar": 0.0149757824838,
        "dvar2": 0.0282641779631,
        "max": 9.80334663391,
        "mean": 7.64487361908,
        "median": 7.62547779083,
        "min": 5.96304655075,
        "var": 0.10001283884
    },
    "spectral_flux": {
        "dmean": 0.0226719640195,
        "dmean2": 0.0347729735076,
        "dvar": 0.000806044845376,
        "dvar2": 0.00156084704213,
        "max": 0.330399721861,
        "mean": 0.087833493948,
        "median": 0.0789704024792,
        "min": 1.01592623203e-10,
        "var": 0.00216447934508
    },
    "spectral_kurtosis": {
        "dmean": 1.42855346203,
        "dmean2": 2.47441911697,
        "dvar": 2.23481750488,
        "dvar2": 6.670753479,
        "max": 31.2502708435,
        "mean": 3.81274414062,
        "median": 3.45988416672,
        "min": -1.26643764973,
        "var": 4.91098928452
    },
    "spectral_rms": {
        "dmean": 0.00080513121793,
        "dmean2": 0.0012908448698,
        "dvar": 9.32369800921e-07,
        "dvar2": 2.28341559705e-06,
        "max": 0.0123907877132,
        "mean": 0.00550381280482,
        "median": 0.00552884163335,
        "min": 3.17322058387e-12,
        "var": 2.63141328105e-06
    },
    "spectral_rolloff": {
        "dmean": 565.856140137,
        "dmean2": 951.755981445,
        "dvar": 942602.75,
        "dvar2": 2030484.625,
        "max": 19767.4804688,
        "mean": 1627.99243164,
        "median": 1119.7265625,
        "min": 86.1328125,
        "var": 2320135.5
    },
    "spectral_skewness": {
        "dmean": 0.186937883496,
        "dmean2": 0.306975990534,
        "dvar": 0.0304921735078,
        "dvar2": 0.0790911689401,
        "max": 3.89472270012,
        "mean": 1.10773682594,
        "median": 1.05649578571,
        "min": -0.0693289786577,
        "var": 0.251928925514
    },
    "spectral_spread": {
        "dmean": 353822.03125,
        "dmean2": 500988.5625,
        "dvar": 384620298240,
        "dvar2": 542743986176,
        "max": 40394308,
        "mean": 3844505.25,
        "median": 3520409.25,
        "min": 1569319.375,
        "var": 2.12053458944e+12
    },
    "spectral_strongpeak": {
        "dmean": 0.273137122393,
        "dmean2": 0.482488483191,
        "dvar": 0.267882496119,
        "dvar2": 0.721985220909,
        "max": 9.06614685059,
        "mean": 0.541229963303,
        "median": 0.383501410484,
        "min": 0,
        "var": 0.343381762505
    },
    "zerocrossingrate": {
        "dmean": 0.0094000780955,
        "dmean2": 0.0113289300352,
        "dvar": 0.000161096395459,
        "dvar2": 0.000183073207154,
        "max": 0.6630859375,
        "mean": 0.0596053823829,
        "median": 0.052734375,
        "min": 0.00439453125,
        "var": 0.00108850887045
    },
    "barkbands": {
        "dmean": [8.18306434667e-05, 0.00564789306372, 0.00235802051611, 0.00211990787648, 0.00387155148201, 0.00117690127809, 0.000689634529408, 0.000527945288923, 0.000440259202151, 0.000202273702598, 0.000149413113832, 0.000164978395333, 0.000129564548843, 0.000174696411705, 0.000204147756449, 0.000290929805487, 0.000322515377775, 0.000191295010154, 0.00025059847394, 0.000169857070432, 0.000120351920486, 0.000133117544465, 7.71206468926e-05, 5.97830185143e-05, 4.91461141792e-05, 1.94475032913e-05, 1.11484341687e-05],
        "dmean2": [0.000131707056426, 0.00941870734096, 0.00394548894837, 0.00365345785394, 0.0068955658935, 0.00193807831965, 0.00112567096949, 0.000835055601783, 0.000711437372956, 0.000322986044921, 0.000240326873609, 0.000264172704192, 0.000203665433219, 0.000285801361315, 0.000331638118951, 0.00048108419287, 0.000528098666109, 0.000317069207085, 0.000416290422436, 0.000281081942376, 0.000196954642888, 0.000206475422601, 0.000114795169793, 8.79661020008e-05, 6.89570515533e-05, 2.65489870799e-05, 1.63886470546e-05],
        "dvar": [4.5447023922e-08, 7.74270520196e-05, 9.58915006777e-06, 9.4538936537e-06, 8.21221474325e-05, 3.57759313374e-06, 1.58307386755e-06, 1.37378128784e-06, 5.97359075982e-07, 1.31487496446e-07, 1.27105863612e-07, 1.70148581446e-07, 7.80148710078e-08, 9.95089806111e-08, 1.31152219751e-07, 2.31968527942e-07, 2.5389127245e-07, 5.31719308583e-08, 1.3634912932e-07, 8.99592578207e-08, 4.11012202051e-08, 1.45835883814e-07, 7.10808407689e-08, 8.39945144548e-08, 4.98196257581e-08, 6.1957363684e-09, 1.75584768947e-09],
        "dvar2": [1.21679505583e-07, 0.000206936616451, 2.56728308159e-05, 2.76087248494e-05, 0.000234550097957, 9.29311136133e-06, 3.92247375203e-06, 3.40062797477e-06, 1.56812552632e-06, 3.29717835257e-07, 3.34368422727e-07, 4.29182648531e-07, 1.67866375023e-07, 2.46625944555e-07, 3.16573590453e-07, 6.09733888268e-07, 6.35769367818e-07, 1.4002439741e-07, 3.71974152813e-07, 2.34015729461e-07, 1.01848527834e-07, 3.33051531243e-07, 1.56580370003e-07, 1.8559592263e-07, 9.80470105105e-08, 1.09952091876e-08, 4.02742728056e-09],
        "max": [0.00962591543794, 0.0858453586698, 0.0535991936922, 0.0324727706611, 0.0954886376858, 0.0364441536367, 0.0331945568323, 0.0315176062286, 0.0149402655661, 0.00826196931303, 0.0099174529314, 0.0102285481989, 0.00709600374103, 0.00731878681108, 0.00917918793857, 0.00929224304855, 0.012385616079, 0.00464546773583, 0.0132638504729, 0.00886245351285, 0.00328557309695, 0.0070621999912, 0.00785587262362, 0.0082105640322, 0.00759057840332, 0.00306314788759, 0.00120418297593],
        "mean": [0.000131832945044, 0.0101514393464, 0.00405726395547, 0.00316077284515, 0.00471969088539, 0.00218493677676, 0.00125045201275, 0.00103136221878, 0.0010516194161, 0.000476873217849, 0.000272252917057, 0.000305841938825, 0.000252131110756, 0.000333829782903, 0.000466970028356, 0.000658620614558, 0.000721281219739, 0.000491738377605, 0.000702963443473, 0.000424617697718, 0.000300665706163, 0.000249235105002, 0.000123094883747, 9.60562247201e-05, 8.25908355182e-05, 3.4467997466e-05, 1.38612740557e-05],
        "median": [2.42723908741e-05, 0.00743146892637, 0.00249122688547, 0.0019281700952, 0.0023033330217, 0.00125430838671, 0.00066230254015, 0.000412361783674, 0.00045541767031, 0.000156583831995, 0.00011199103028, 0.000135153604788, 0.000107780848339, 0.000184275471838, 0.000227290991461, 0.000386351632187, 0.000483532203361, 0.000409737112932, 0.000522462883964, 0.00026277708821, 0.00019162055105, 5.37734485988e-05, 2.81776883639e-05, 1.42318594953e-05, 9.43812028709e-06, 4.44721081294e-06, 8.32009959595e-07],
        "min": [2.93053495918e-23, 3.58931333222e-23, 5.34003928116e-23, 8.73436260592e-24, 5.43284466458e-23, 8.19764878282e-23, 4.0864784027e-23, 4.60878762567e-23, 5.14651339953e-23, 7.43936665064e-23, 6.55152642101e-23, 1.1360157442e-22, 5.44771753254e-23, 2.93372984585e-23, 8.05154732555e-23, 1.63583447965e-22, 2.04603760652e-22, 1.90133855462e-22, 2.14084429851e-22, 5.42074669374e-22, 4.83264117013e-22, 5.96103689663e-22, 4.3228431549e-22, 7.19138122e-22, 1.1948476526e-21, 1.3185619442e-21, 2.55999777811e-21],
        "var": [5.96575233658e-08, 0.000108885964437, 2.09125555557e-05, 1.30310854729e-05, 6.55182157061e-05, 7.61281535233e-06, 3.47188893102e-06, 3.65067739949e-06, 1.9134795366e-06, 9.26129530399e-07, 3.18036427416e-07, 3.32681082682e-07, 2.16439161704e-07, 2.7157895488e-07, 4.10555344388e-07, 7.4929010907e-07, 6.16334034476e-07, 1.38677236805e-07, 4.1190710931e-07, 2.4686062261e-07, 1.05226604319e-07, 2.60019731968e-07, 1.03980781319e-07, 1.52764116024e-07, 1.11522162172e-07, 1.81829502566e-08, 2.49818610243e-09]
    },
    "erbbands": {
        "dmean": [0.136555612087, 1.38830649853, 2.74416708946, 4.76512050629, 11.519774437, 13.3533658981, 10.1429729462, 8.86616420746, 8.88875579834, 12.1660404205, 10.230140686, 9.31755065918, 6.71515846252, 5.84378242493, 5.21460485458, 6.85163640976, 5.32574987411, 8.40010070801, 8.17016601562, 10.1605787277, 17.2825641632, 16.6641139984, 10.3148651123, 12.8315992355, 12.4128398895, 6.9823474884, 6.30326366425, 3.42453527451, 3.72177362442, 5.30324029922, 1.77902328968, 1.41225302219, 0.943315923214, 0.725153326988, 0.256307601929, 0.0930556282401, 0.0379871167243, 0.00884892512113, 0.0026127549354, 8.45887698233e-05],
        "dmean2": [0.224648043513, 2.3304374218, 4.5629119873, 8.14098644257, 20.6171875, 23.8227844238, 17.0875682831, 14.7387962341, 14.3445615768, 19.8073501587, 16.3388843536, 15.18745327, 10.9467325211, 9.26003646851, 8.46571063995, 10.9126672745, 8.40928459167, 13.7629356384, 13.286031723, 16.6398677826, 28.4065074921, 27.2450275421, 17.0151195526, 21.5041217804, 20.6148738861, 11.5015115738, 10.3412342072, 5.53661298752, 5.70896339417, 8.26280021667, 2.6506061554, 2.13935923576, 1.37037110329, 1.03655540943, 0.361542254686, 0.132499888539, 0.0516292750835, 0.0125835407525, 0.00385395716876, 0.000121976605442],
        "dvar": [0.0648315772414, 4.3165769577, 11.1332416534, 41.7093276978, 695.005371094, 954.386962891, 285.192810059, 236.230697632, 225.00932312, 748.571655273, 440.856811523, 277.650939941, 133.3256073, 190.577987671, 144.585418701, 299.098968506, 132.022018433, 221.324066162, 212.017868042, 296.232788086, 870.859558105, 686.699401855, 174.496520996, 298.142913818, 443.467071533, 191.062866211, 108.183891296, 41.3755073547, 103.648292542, 286.153900146, 48.8744239807, 39.2724533081, 29.012670517, 11.602809906, 1.44556891918, 0.177542462945, 0.0219697263092, 0.00129073404241, 0.000108418535092, 6.98232014429e-08],
        "dvar2": [0.165395095944, 11.6918048859, 29.5188217163, 120.636161804, 1984.97570801, 2780.8503418, 770.721923828, 620.972045898, 574.954956055, 1832.55273438, 1182.57104492, 723.955566406, 346.662475586, 459.33895874, 394.404144287, 752.16192627, 296.361022949, 546.708435059, 513.664611816, 700.221618652, 2260.31640625, 1689.35192871, 445.039764404, 849.70715332, 1203.31665039, 492.981018066, 271.342956543, 98.2914352417, 222.235610962, 677.097167969, 108.03200531, 85.950302124, 65.9614486694, 23.6089954376, 2.84140610695, 0.340431034565, 0.0390075221658, 0.0022631410975, 0.000256603700109, 1.50847910163e-07],
        "max": [2.94988012314, 22.0738544464, 50.2819709778, 106.914672852, 327.437805176, 471.335479736, 285.617828369, 331.048034668, 469.253265381, 912.939880371, 477.06552124, 377.608093262, 291.323760986, 428.166564941, 454.070983887, 477.972198486, 316.316802979, 374.263793945, 466.328765869, 556.39654541, 599.09197998, 544.908874512, 217.080871582, 454.816894531, 635.771484375, 528.263000488, 159.786346436, 133.217529297, 269.379058838, 273.266571045, 239.542922974, 195.120803833, 170.036422729, 101.913566589, 48.2970352173, 18.7191829681, 6.93181705475, 2.13121271133, 0.16486081481, 0.00525558134541],
        "mean": [0.22847597301, 2.475512743, 5.17040634155, 8.122133255, 13.3653450012, 16.5348815918, 17.1535663605, 15.8830423355, 17.1565151215, 22.1612644196, 23.2950572968, 22.053319931, 14.2721834183, 15.3487462997, 10.6210155487, 13.3423538208, 11.7466602325, 17.428194046, 18.8114356995, 26.8712425232, 40.3063850403, 39.9576797485, 28.6403713226, 35.0556793213, 33.225566864, 18.9154930115, 15.8377828598, 8.22548103333, 7.53552770615, 8.41853904724, 2.99492049217, 2.21601486206, 1.5098092556, 1.17244315147, 0.441716045141, 0.157450199127, 0.0637381970882, 0.0142672592774, 0.00308466865681, 0.000139346215292],
        "median": [0.131138294935, 1.80365645885, 3.76327466965, 5.7233171463, 6.9476685524, 7.73819112778, 9.19185256958, 9.45057964325, 10.0315990448, 9.42262649536, 11.2993602753, 10.5164051056, 6.75531816483, 4.74858856201, 4.60862636566, 5.9479932785, 5.18627119064, 10.1612138748, 10.8071985245, 17.0920200348, 25.00233078, 27.5726623535, 23.5066375732, 28.1555957794, 21.9540119171, 12.3043384552, 10.1148920059, 4.4896569252, 2.11392807961, 1.36442232132, 0.708855032921, 0.378308862448, 0.180283814669, 0.115066789091, 0.0570584312081, 0.0217843968421, 0.00710957311094, 0.0012657038169, 0.000169347316842, 5.25399736944e-05],
        "min": [1.84166714675e-21, 5.80944292274e-21, 5.29297816701e-20, 3.85963120052e-20, 4.2272609609e-20, 1.22387006795e-19, 7.14865150101e-19, 5.97459683449e-19, 7.82625097545e-19, 5.93540243213e-19, 9.85423158867e-19, 1.4361430179e-18, 1.18749149179e-18, 3.16705391504e-18, 2.33853223592e-18, 4.84188351761e-18, 3.80031257953e-18, 1.46149372553e-18, 3.81648809641e-18, 3.5484749605e-18, 1.22301796852e-17, 1.12097911883e-17, 9.77555595906e-18, 1.16691982015e-17, 1.49405709655e-17, 2.87039547315e-17, 1.47067452043e-17, 2.46860605637e-17, 1.94889426776e-17, 1.55448015876e-17, 1.25293775302e-17, 1.42702204884e-17, 1.19882037135e-17, 1.14861174893e-17, 8.37142596824e-18, 5.38137360824e-18, 2.29808248358e-18, 1.14706727865e-18, 3.99290162943e-19, 3.93477215812e-20],
        "var": [0.0908731520176, 6.06740283966, 23.6298885345, 61.5089874268, 512.420898438, 860.171020508, 533.52520752, 401.099395752, 479.227050781, 1790.16430664, 1146.05786133, 864.967651367, 390.30947876, 1235.73522949, 381.079101562, 598.423217773, 401.088653564, 622.577758789, 597.511291504, 1115.57775879, 2742.67089844, 1775.65270996, 478.47088623, 824.977111816, 1215.8939209, 500.890197754, 272.975738525, 105.826644897, 202.989761353, 407.807861328, 72.3603134155, 66.3133087158, 50.2402610779, 24.6560554504, 3.18744921684, 0.398328691721, 0.0638040602207, 0.00442073121667, 0.000129445732455, 1.09124698611e-07]
    },
    "gfcc": {
        "mean": [18.8542060852, 103.912849426, -121.648460388, 55.1983642578, -41.2481231689, -5.63437271118, -27.8825416565, 5.9986166954, -14.3210611343, -1.66086375713, -14.6848897934, -2.68867969513, -11.036696434],
        "cov": [[3095.03100586, -997.874755859, 937.692138672, -208.059753418, -130.579376221, 433.222473145, -416.765686035, 160.573455811, -195.127212524, 189.280349731, -77.5741119385, 159.646377563, -76.6085205078], [-997.874755859, 1260.05151367, -571.377075195, 218.894973755, 205.327316284, -274.685424805, 244.926803589, -57.1073760986, 130.579315186, -82.0850067139, 106.707046509, -126.289710999, 61.645362854], [937.692138672, -571.377075195, 1082.60693359, -273.674865723, 7.5094704628, 283.049499512, -344.448272705, 172.697662354, -125.716171265, 151.714172363, -43.2932548523, 179.553237915, -60.608631134], [-208.059753418, 218.894973755, -273.674865723, 400.669281006, 85.7909240723, -95.8764572144, 122.25038147, -81.7835769653, 85.1662979126, -29.5633029938, 51.3407058716, -70.1999282837, 62.9977416992], [-130.579376221, 205.327316284, 7.5094704628, 85.7909240723, 184.010498047, -41.2859039307, 16.391292572, 5.24069261551, 19.662694931, 28.4668750763, 23.1724643707, -4.74012041092, 14.4234743118], [433.222473145, -274.685424805, 283.049499512, -95.8764572144, -41.2859039307, 235.55418396, -63.3137016296, 71.1884231567, -64.6324539185, 11.5823402405, -18.1367073059, 47.9131622314, -23.6440563202], [-416.765686035, 244.926803589, -344.448272705, 122.25038147, 16.391292572, -63.3137016296, 284.538146973, -39.7598648071, 66.952041626, -82.3281326294, 7.5779914856, -63.8655395508, 18.2899265289], [160.573455811, -57.1073760986, 172.697662354, -81.7835769653, 5.24069261551, 71.1884231567, -39.7598648071, 129.159881592, -5.35427427292, 38.3969116211, -11.8779602051, 21.5823230743, -15.802529335], [-195.127212524, 130.579315186, -125.716171265, 85.1662979126, 19.662694931, -64.6324539185, 66.952041626, -5.35427427292, 120.146522522, 8.52466678619, 17.6746711731, -43.5244369507, 10.6656723022], [189.280349731, -82.0850067139, 151.714172363, -29.5633029938, 28.4668750763, 11.5823402405, -82.3281326294, 38.3969116211, 8.52466678619, 114.970664978, 25.0025405884, 23.6920337677, -17.2297801971], [-77.5741119385, 106.707046509, -43.2932548523, 51.3407058716, 23.1724643707, -18.1367073059, 7.5779914856, -11.8779602051, 17.6746711731, 25.0025405884, 82.8321380615, 14.409658432, 13.8024129868], [159.646377563, -126.289710999, 179.553237915, -70.1999282837, -4.74012041092, 47.9131622314, -63.8655395508, 21.5823230743, -43.5244369507, 23.6920337677, 14.409658432, 101.273002625, 8.45300483704], [-76.6085205078, 61.645362854, -60.608631134, 62.9977416992, 14.4234743118, -23.6440563202, 18.2899265289, -15.802529335, 10.6656723022, -17.2297801971, 13.8024129868, 8.45300483704, 63.5085067749]],
        "icov": [[0.000599767256062, 7.57743691793e-05, -7.55398432375e-05, -0.000392425688915, 0.000340447615599, -0.000685386301484, 0.000332653289661, -4.62807656731e-05, 0.000377220771043, -0.000783452764153, 0.000545801245607, -0.000174507847987, 0.00015601234918], [7.57743691793e-05, 0.00207363138907, 0.000110050525109, 0.000660277029965, -0.0019996133633, 0.00144344207365, -0.000374674535124, -0.000991901149973, -0.000187147015822, 0.00196612998843, -0.00295210396871, 0.00186234514695, -0.000660171965137], [-7.55398432375e-05, 0.000110050525109, 0.00322920130566, -2.37744588958e-05, -0.00107868190389, -0.0020251001697, 0.00203335075639, -0.00117661384866, -0.000442317395937, -0.00122756406199, 0.00181739230175, -0.00331542571075, 0.0013076266041], [-0.000392425688915, 0.000660277029965, -2.37744588958e-05, 0.00550155807287, -0.00259676412679, 0.000448491337011, -0.00104003585875, 0.00195881281979, -0.0018626099918, 0.00126481766347, -0.00336289661936, 0.003618755145, -0.0041454709135], [0.000340447615599, -0.0019996133633, -0.00107868190389, -0.00259676412679, 0.0093295276165, -9.48869455897e-06, -0.00052727770526, -0.000248068041401, 0.00157481164206, -0.00417631631717, 0.00250115129165, -0.00146836158819, 0.000120186326967], [-0.000685386301484, 0.00144344207365, -0.0020251001697, 0.000448491337011, -9.48869455897e-06, 0.0100117409602, -0.0019424239872, -0.00344265345484, 0.00228697899729, 0.00397834507748, -0.00404425757006, 0.0021716512274, 0.000112050147436], [0.000332653289661, -0.000374674535124, 0.00203335075639, -0.00104003585875, -0.00052727770526, -0.0019424239872, 0.00765695562586, -0.000908523972612, -0.00249791122042, 0.00289868400432, 0.000989084946923, -0.0014508619206, 0.00188657839317], [-4.62807656731e-05, -0.000991901149973, -0.00117661384866, 0.00195881281979, -0.000248068041401, -0.00344265345484, -0.000908523972612, 0.0128472540528, -0.00226084794849, -0.00366753549315, 0.00237796898, 0.000225047027925, -0.00108802563045], [0.000377220771043, -0.000187147015822, -0.000442317395937, -0.0018626099918, 0.00157481164206, 0.00228697899729, -0.00249791122042, -0.00226084794849, 0.0141493203118, -0.00414301175624, -0.000762085546739, 0.00381630845368, -0.0011297716992], [-0.000783452764153, 0.00196612998843, -0.00122756406199, 0.00126481766347, -0.00417631631717, 0.00397834507748, 0.00289868400432, -0.00366753549315, -0.00414301175624, 0.0196991171688, -0.00938181672245, 0.00194884766825, 0.00322227855213], [0.000545801245607, -0.00295210396871, 0.00181739230175, -0.00336289661936, 0.00250115129165, -0.00404425757006, 0.000989084946923, 0.00237796898, -0.000762085546739, -0.00938181672245, 0.0225838851184, -0.00935600046068, 0.000747089274228], [-0.000174507847987, 0.00186234514695, -0.00331542571075, 0.003618755145, -0.00146836158819, 0.0021716512274, -0.0014508619206, 0.000225047027925, 0.00381630845368, 0.00194884766825, -0.00935600046068, 0.0219960324466, -0.00816260743886], [0.00015601234918, -0.000660171965137, 0.0013076266041, -0.0041454709135, 0.000120186326967, 0.000112050147436, 0.00188657839317, -0.00108802563045, -0.0011297716992, 0.00322227855213, 0.000747089274228, -0.00816260743886, 0.023123357445]]
    },
    "melbands": {
        "dmean": [0.00142490502913, 0.00153666525148, 0.000947047839873, 0.000956815842073, 0.000374478666345, 0.000203290517675, 0.00013512960868, 0.000130438216729, 8.7191190687e-05, 5.81403146498e-05, 3.40482984029e-05, 2.44958755502e-05, 1.89671300177e-05, 1.62371852639e-05, 1.91502731468e-05, 1.18007419587e-05, 1.76322919287e-05, 1.31409697133e-05, 1.70165239979e-05, 1.69734666997e-05, 2.20107576752e-05, 1.87176938198e-05, 1.50052155732e-05, 8.44745227369e-06, 1.20767699627e-05, 9.90974149317e-06, 9.13693293114e-06, 4.56467523691e-06, 4.75905198982e-06, 2.98673012367e-06, 1.85882493042e-06, 1.84758323485e-06, 3.41070904142e-06, 2.590695658e-06, 9.77918148237e-07, 1.00035072137e-06, 8.58817202243e-07, 6.93206686719e-07, 6.24997085197e-07, 6.48270713555e-07],
        "dmean2": [0.00236234907061, 0.00255699595436, 0.00163737405092, 0.00172283407301, 0.000641048594844, 0.000336242752383, 0.000218649787712, 0.000210577447433, 0.000139026262332, 9.49640307226e-05, 5.54185971851e-05, 3.8984715502e-05, 3.07158079522e-05, 2.60093493125e-05, 3.04538516502e-05, 1.87301993719e-05, 2.90292609861e-05, 2.14897390833e-05, 2.76351747743e-05, 2.81249958789e-05, 3.62799619325e-05, 3.05514840875e-05, 2.48851829383e-05, 1.41068185258e-05, 2.03673735086e-05, 1.65406945598e-05, 1.52073998834e-05, 7.60264993005e-06, 7.84319399827e-06, 4.96132497574e-06, 3.0127773698e-06, 2.86445060738e-06, 5.38020685781e-06, 4.01533588956e-06, 1.486052156e-06, 1.52929158048e-06, 1.32184209178e-06, 1.03729848888e-06, 9.33535829972e-07, 9.2261922191e-07],
        "dvar": [5.75252261115e-06, 3.60369131158e-06, 2.07937432606e-06, 5.2464683904e-06, 4.19503521698e-07, 1.09779719537e-07, 5.32131316788e-08, 8.46476950755e-08, 3.06887599777e-08, 1.01845669676e-08, 3.38514305476e-09, 3.21169246753e-09, 1.81916426367e-09, 1.45888756631e-09, 2.5824828942e-09, 5.88451343209e-10, 1.02802266699e-09, 6.4056304705e-10, 1.0515105453e-09, 7.59887153201e-10, 1.46623702069e-09, 9.14234188354e-10, 4.83870499224e-10, 1.01719896395e-10, 2.70991173945e-10, 2.9261471024e-10, 2.42301595454e-10, 1.16029949537e-10, 5.99534935586e-11, 2.49065854746e-11, 1.3610521564e-11, 2.56084979611e-11, 1.06183624393e-10, 6.77479877753e-11, 1.56819938979e-11, 1.94705276207e-11, 1.54452041434e-11, 1.7277630715e-11, 1.24361172402e-11, 8.33350576046e-12],
        "dvar2": [1.51691574501e-05, 9.668759958e-06, 6.04872047916e-06, 1.5058887584e-05, 1.1828700508e-06, 2.86952115403e-07, 1.35047017125e-07, 2.06865180985e-07, 8.36953049088e-08, 2.64758170943e-08, 8.75877237405e-09, 7.73742758753e-09, 4.75222128316e-09, 3.583712882e-09, 6.05120398234e-09, 1.34685751441e-09, 2.54063126093e-09, 1.55802437618e-09, 2.58593457758e-09, 1.92800131416e-09, 3.76864672802e-09, 2.22811613604e-09, 1.27192467669e-09, 2.67604716164e-10, 7.74805941628e-10, 7.98732024965e-10, 6.3912519721e-10, 2.99442498575e-10, 1.52608523041e-10, 6.41009120783e-11, 3.21908090462e-11, 5.57835201642e-11, 2.49389980889e-10, 1.57204971263e-10, 3.56437483695e-11, 4.30684411745e-11, 3.51609991123e-11, 4.12206831168e-11, 2.6624161209e-11, 1.71105924568e-11],
        "max": [0.0250895861536, 0.0256820004433, 0.0154996756464, 0.0210451185703, 0.0115739386529, 0.00665944162756, 0.00612640706822, 0.00917773973197, 0.00422361074015, 0.00247379299253, 0.00145381165203, 0.00172888860106, 0.00155361008365, 0.000880297156982, 0.00159346056171, 0.000964185455814, 0.000828465272207, 0.000667873711791, 0.000909999012947, 0.000576982391067, 0.000675209856126, 0.000699759228155, 0.000447321333922, 0.000178864924237, 0.000401890050853, 0.000644682382699, 0.000272730714642, 0.000457299844129, 0.000113143862109, 0.000107705476694, 7.17271177564e-05, 0.000172403655597, 0.000153416549438, 0.000156838752446, 0.000134566289489, 0.000129135209136, 0.000128746658447, 0.000134580521262, 0.000140021948027, 9.76920273388e-05],
        "mean": [0.00249940040521, 0.00301118916832, 0.00155694060959, 0.0011184461182, 0.000618089048658, 0.000379648903618, 0.00025810932857, 0.000240174864302, 0.000199537593289, 0.000134479472763, 6.93857582519e-05, 6.31036382401e-05, 3.56088639819e-05, 3.09188799292e-05, 3.60039193765e-05, 2.38656466536e-05, 3.33387433784e-05, 2.59784901573e-05, 3.90187815356e-05, 3.97614421672e-05, 4.65832999907e-05, 4.10113170801e-05, 3.41208688042e-05, 2.17435299419e-05, 2.92402346531e-05, 2.49129534495e-05, 2.03845938813e-05, 1.04947248474e-05, 1.09799630081e-05, 6.86451585352e-06, 3.85304338124e-06, 3.60221565643e-06, 5.96256768404e-06, 3.83844644603e-06, 1.59681155765e-06, 1.51805920723e-06, 1.27232976865e-06, 1.03689683328e-06, 9.98689529297e-07, 1.01549130704e-06],
        "median": [0.00174958305433, 0.00243873824365, 0.00111298868433, 0.000551991048269, 0.000343549181707, 0.000229854849749, 0.000149193889229, 9.76841402007e-05, 8.10109268059e-05, 6.18824924459e-05, 3.16402147291e-05, 1.8617069145e-05, 1.54596873472e-05, 1.36164017022e-05, 1.39561243486e-05, 1.1483983144e-05, 1.89636939467e-05, 1.31395063363e-05, 1.69596933119e-05, 2.21906684601e-05, 2.84972302325e-05, 2.71643457381e-05, 2.51456676779e-05, 1.85058652278e-05, 2.22980597755e-05, 1.63166969287e-05, 1.25192855194e-05, 6.21382650934e-06, 6.32687761026e-06, 4.29653982792e-06, 1.81274742772e-06, 1.12569898647e-06, 9.22444030493e-07, 6.50513925393e-07, 4.01083042334e-07, 2.63136371359e-07, 1.99094699838e-07, 1.20738135934e-07, 9.30594126203e-08, 8.50687129628e-08],
        "min": [1.38553983226e-23, 2.08786238063e-23, 8.01271422754e-24, 3.28851696142e-24, 2.1274772398e-23, 1.40330703088e-23, 1.14137128933e-23, 7.55972110791e-24, 7.33591180277e-24, 9.01592520679e-24, 6.05192590026e-24, 1.34274539033e-23, 7.81932261004e-24, 8.04492026286e-24, 1.39545975814e-23, 5.93958066887e-24, 2.07994793638e-24, 5.72469614158e-24, 5.43627755058e-24, 6.15671739405e-24, 1.57547702785e-23, 1.25674361667e-23, 7.92852541401e-24, 1.00372326552e-23, 9.29921699077e-24, 8.38149407896e-24, 1.51753267001e-23, 1.99581840575e-23, 7.13637811426e-24, 1.19712640039e-23, 1.52735493491e-23, 1.1145157031e-23, 1.10882880484e-23, 7.58090596752e-24, 7.1619308967e-24, 7.79677538765e-24, 8.76884766039e-24, 8.35261782552e-24, 7.47747683651e-24, 1.06593607084e-23],
        "var": [7.83818268246e-06, 6.23681307843e-06, 2.43177373704e-06, 3.96977293349e-06, 6.2182232341e-07, 2.06778167922e-07, 1.12723832046e-07, 2.18145402187e-07, 8.45525178761e-08, 3.33563896504e-08, 9.94405802146e-09, 2.3209278055e-08, 4.75716532833e-09, 3.26536553352e-09, 6.5244893932e-09, 1.66017388725e-09, 2.63992938621e-09, 1.63292979138e-09, 3.26661298011e-09, 2.61396881918e-09, 3.94810717452e-09, 2.26639462753e-09, 1.04427455572e-09, 2.57170756912e-10, 6.69841848655e-10, 7.79958486685e-10, 5.87791482154e-10, 2.17903542432e-10, 1.48135378963e-10, 5.96919041973e-11, 3.12614829856e-11, 4.80386355695e-11, 1.85744711279e-10, 8.96960214436e-11, 2.16428368283e-11, 3.00748523308e-11, 2.4381574884e-11, 2.53086440694e-11, 2.59906193789e-11, 1.66286723974e-11]
    },
    "mfcc": {
        "mean": [-621.004821777, 126.545539856, -13.9148254395, 56.4480781555, 6.76457452774, 4.44263315201, -3.52520728111, 6.78944826126, 0.968870580196, 4.4408288002, -0.25490540266, 0.213632717729, 0.310701012611],
        "cov": [[2236.19555664, -640.938232422, 532.578552246, -308.341674805, 192.175827026, 61.0067405701, 24.2929992676, -61.4684143066, -24.8384246826, -47.3137168884, 68.4260406494, -38.7772293091, 37.368560791], [-640.938232422, 907.922363281, -294.354492188, 195.961517334, 5.6820306778, -61.5613059998, 18.2291240692, 21.9790706635, -11.3638572693, 65.5484619141, -14.5203113556, 75.6287689209, -21.0377540588], [532.578552246, -294.354492188, 758.333374023, -339.433837891, 255.866012573, -24.77435112, 3.01360034943, -9.37558555603, -11.9996681213, -69.4138870239, 53.9947166443, -17.8832092285, 39.5164680481], [-308.341674805, 195.961517334, -339.433837891, 475.206176758, -49.5663414001, 59.9624862671, -7.52514791489, -15.0696973801, 24.3962001801, 58.7753829956, -35.7485733032, 54.9548606873, -11.2824220657], [192.175827026, 5.6820306778, 255.866012573, -49.5663414001, 282.940460205, -16.850610733, -4.67046499252, -52.9128761292, -14.8353691101, -16.1959247589, 24.174654007, 23.1012458801, 22.481086731], [61.0067405701, -61.5613059998, -24.77435112, 59.9624862671, -16.850610733, 109.862960815, 30.488740921, 20.8289642334, 2.37024950981, -1.83050048351, -1.42364227772, -9.18535804749, -2.1794230938], [24.2929992676, 18.2291240692, 3.01360034943, -7.52514791489, -4.67046499252, 30.488740921, 109.119659424, 45.355758667, 10.775015831, -9.73389720917, 0.773758590221, 12.429058075, -2.35078263283], [-61.4684143066, 21.9790706635, -9.37558555603, -15.0696973801, -52.9128761292, 20.8289642334, 45.355758667, 112.346946716, 35.0039787292, 3.33024358749, -17.8795490265, -5.49399137497, -3.66968035698], [-24.8384246826, -11.3638572693, -11.9996681213, 24.3962001801, -14.8353691101, 2.37024950981, 10.775015831, 35.0039787292, 78.4392166138, 29.7788658142, 6.2978272438, -9.15016174316, -3.24902462959], [-47.3137168884, 65.5484619141, -69.4138870239, 58.7753829956, -16.1959247589, -1.83050048351, -9.73389720917, 3.33024358749, 29.7788658142, 97.0307540894, 18.9395217896, 20.2316074371, -23.248254776], [68.4260406494, -14.5203113556, 53.9947166443, -35.7485733032, 24.174654007, -1.42364227772, 0.773758590221, -17.8795490265, 6.2978272438, 18.9395217896, 84.3641204834, 18.181678772, 16.5048847198], [-38.7772293091, 75.6287689209, -17.8832092285, 54.9548606873, 23.1012458801, -9.18535804749, 12.429058075, -5.49399137497, -9.15016174316, 20.2316074371, 18.181678772, 80.1148605347, 14.4720754623], [37.368560791, -21.0377540588, 39.5164680481, -11.2824220657, 22.481086731, -2.1794230938, -2.35078263283, -3.66968035698, -3.24902462959, -23.248254776, 16.5048847198, 14.4720754623, 65.5637588501]],
