{
"lowlevel": {
    "average_loudness": 0.933119475842,
    "barkbands_crest": {
        "dmean": 2.19996619225,
        "dmean2": 3.51961636543,
        "dvar": 4.044090271,
        "dvar2": 10.2202005386,
        "max": 24.6117401123,
        "mean": 10.5570831299,
        "median": 9.88274002075,
        "min": 2.63374114037,
        "var": 14.7351913452
    },
    "barkbands_flatness_db": {
        "dmean": 0.0189893171191,
        "dmean2": 0.0273079648614,
        "dvar": 0.000330946117174,
        "dvar2": 0.000626514316536,
        "max": 0.44959333539,
        "mean": 0.148863971233,
        "median": 0.13337893784,
        "min": 0.0162128284574,
        "var": 0.0048874206841
    },
    "barkbands_kurtosis": {
        "dmean": 3.11289644241,
        "dmean2": 4.74456262589,
        "dvar": 22.1269702911,
        "dvar2": 49.7478675842,
        "max": 151.407104492,
        "mean": 7.62966823578,
        "median": 5.00176715851,
        "min": -1.89076840878,
        "var": 84.0796127319
    },
    "barkbands_skewness": {
        "dmean": 0.455546945333,
        "dmean2": 0.683428227901,
        "dvar": 0.212299212813,
        "dvar2": 0.471700429916,
        "max": 9.7183971405,
        "mean": 2.12456846237,
        "median": 2.05608105659,
        "min": -2.32513332367,
        "var": 1.38943088055
    },
    "barkbands_spread": {
        "dmean": 4.14603424072,
        "dmean2": 6.05522346497,
        "dvar": 32.9286651611,
        "dvar2": 63.2080574036,
        "max": 103.58265686,
        "mean": 17.377702713,
        "median": 14.5272655487,
        "min": 0.954223036766,
        "var": 163.93157959
    },
    "dissonance": {
        "dmean": 0.0194556172937,
        "dmean2": 0.0324383080006,
        "dvar": 0.000358265358955,
        "dvar2": 0.000963429629337,
        "max": 0.499999850988,
        "mean": 0.447202563286,
        "median": 0.459742337465,
        "min": 0.132563218474,
        "var": 0.00239682756364
    },
    "dynamic_complexity": 3.16872692108,
    "erbbands_crest": {
        "dmean": 2.05734109879,
        "dmean2": 3.21990656853,
        "dvar": 4.27418613434,
        "dvar2": 10.0267744064,
        "max": 30.7707023621,
        "mean": 8.55525493622,
        "median": 7.61372709274,
        "min": 2.35205173492,
        "var": 15.3838529587
    },
    "erbbands_flatness_db": {
        "dmean": 0.0161862913519,
        "dmean2": 0.0226487778127,
        "dvar": 0.000282935361611,
        "dvar2": 0.000512589293066,
        "max": 0.506378412247,
        "mean": 0.142579942942,
        "median": 0.126858875155,
        "min": 0.0347076915205,
        "var": 0.00396920973435
    },
    "erbbands_kurtosis": {
        "dmean": 0.789845108986,
        "dmean2": 1.18596255779,
        "dvar": 1.49531245232,
        "dvar2": 3.37824630737,
        "max": 28.5781326294,
        "mean": 0.742900431156,
        "median": 0.0152032375336,
        "min": -1.78647661209,
        "var": 6.29806518555
    },
    "erbbands_skewness": {
        "dmean": 0.28000882268,
        "dmean2": 0.40944942832,
        "dvar": 0.0754898115993,
        "dvar2": 0.154637634754,
        "max": 4.59149885178,
        "mean": 0.622377336025,
        "median": 0.593822658062,
        "min": -2.54067873955,
        "var": 0.475551724434
    },
    "erbbands_spread": {
        "dmean": 7.35741186142,
        "dmean2": 10.8566188812,
        "dvar": 66.4975357056,
        "dvar2": 136.811950684,
        "max": 137.973526001,
        "mean": 42.3406562805,
        "median": 39.5747184753,
        "min": 1.74717390537,
        "var": 441.144805908
    },
    "hfc": {
        "dmean": 5.01696205139,
        "dmean2": 6.87134647369,
        "dvar": 66.9679336548,
        "dvar2": 138.41494751,
        "max": 156.232589722,
        "mean": 20.3358459473,
        "median": 15.3981151581,
        "min": 1.07374197733e-16,
        "var": 324.421112061
    },
    "melbands_crest": {
        "dmean": 2.91189217567,
        "dmean2": 4.67909860611,
        "dvar": 7.27408123016,
        "dvar2": 18.1910419464,
        "max": 32.8225822449,
        "mean": 14.900639534,
        "median": 13.9348344803,
        "min": 1.50309193134,
        "var": 29.7783622742
    },
    "melbands_flatness_db": {
        "dmean": 0.0216772891581,
        "dmean2": 0.0310218222439,
        "dvar": 0.000457430927781,
        "dvar2": 0.000861340085976,
        "max": 0.562581300735,
        "mean": 0.238006323576,
        "median": 0.223534956574,
        "min": 0.0018989094533,
        "var": 0.0074139428325
    },
    "melbands_kurtosis": {
        "dmean": 7.09447669983,
        "dmean2": 10.8645887375,
        "dvar": 122.211715698,
        "dvar2": 270.741455078,
        "max": 344.945068359,
        "mean": 18.7736473083,
        "median": 13.2134857178,
        "min": -1.52230381966,
        "var": 410.401062012
    },
    "melbands_skewness": {
        "dmean": 0.62896490097,
        "dmean2": 0.951003909111,
        "dvar": 0.42591792345,
        "dvar2": 0.953028082848,
        "max": 13.4046392441,
        "mean": 3.13837862015,
        "median": 2.95496225357,
        "min": -1.48937606812,
        "var": 2.56594586372
    },
    "melbands_spread": {
        "dmean": 3.76292300224,
        "dmean2": 5.53182458878,
        "dvar": 31.5800228119,
        "dvar2": 61.8163070679,
        "max": 165.265625,
        "mean": 15.8228054047,
        "median": 11.9544229507,
        "min": 0.809019804001,
        "var": 279.783538818
    },
    "pitch_salience": {
        "dmean": 0.065223544836,
        "dmean2": 0.104953460395,
        "dvar": 0.00343417329714,
        "dvar2": 0.00863811280578,
        "max": 0.95757740736,
        "mean": 0.540848314762,
        "median": 0.547856867313,
        "min": 0.0692929178476,
        "var": 0.0122702084482
    },
    "silence_rate_20dB": {
        "dmean": 0,
        "dmean2": 0,
        "dvar": 0,
        "dvar2": 0,
        "max": 1,
        "mean": 1,
        "median": 1,
        "min": 1,
        "var": 0
    },
    "silence_rate_30dB": {
        "dmean": 0.00331588136032,
        "dmean2": 0.00663234153762,
        "dvar": 0.00330523704179,
        "dvar2": 0.00885851681232,
        "max": 1,
        "mean": 0.99746966362,
        "median": 1,
        "min": 0,
        "var": 0.0025236918591
    },
    "silence_rate_60dB": {
        "dmean": 0.00366492150351,
        "dmean2": 0.00733048235998,
        "dvar": 0.00365151185542,
        "dvar2": 0.00814910326153,
        "max": 1,
        "mean": 0.0536602400243,
        "median": 0,
        "min": 0,
        "var": 0.050779890269
    },
    "spectral_centroid": {
        "dmean": 171.42048645,
        "dmean2": 249.108932495,
        "dvar": 51777.1132812,
        "dvar2": 94675.3203125,
        "max": 11690.8144531,
        "mean": 1009.12530518,
        "median": 795.141113281,
        "min": 163.057540894,
        "var": 1329130.875
    },
    "spectral_complexity": {
        "dmean": 2.43612575531,
        "dmean2": 3.68304395676,
        "dvar": 6.61742115021,
        "dvar2": 12.9677639008,
        "max": 53,
        "mean": 16.7322216034,
        "median": 17,
        "min": 0,
        "var": 60.9701309204
    },
    "spectral_decrease": {
        "dmean": 2.10255168831e-09,
        "dmean2": 3.13815529118e-09,
        "dvar": 6.19531850382e-18,
        "dvar2": 1.36036270656e-17,
        "max": 2.08074052666e-28,
        "mean": -8.78365113977e-09,
        "median": -8.11914446786e-09,
        "min": -4.59497293548e-08,
        "var": 3.19424528565e-17
    },
    "spectral_energy": {
        "dmean": 0.00818413682282,
        "dmean2": 0.0121835097671,
        "dvar": 9.2777008831e-05,
        "dvar2": 0.000203117044293,
        "max": 0.179517254233,
        "mean": 0.034996021539,
        "median": 0.0323701053858,
        "min": 9.95894034344e-21,
        "var": 0.000496687949635
    },
    "spectral_energyband_high": {
        "dmean": 0.000377286138246,
        "dmean2": 0.000499228015542,
        "dvar": 5.42889779354e-07,
        "dvar2": 1.00821796423e-06,
        "max": 0.0137882577255,
        "mean": 0.000976468960289,
        "median": 0.000415345450165,
        "min": 7.0476862555e-21,
        "var": 2.13273028749e-06
    },
    "spectral_energyband_low": {
        "dmean": 0.00522492267191,
        "dmean2": 0.00785838998854,
        "dvar": 5.43125315744e-05,
        "dvar2": 0.000117575800687,
        "max": 0.142248779535,
        "mean": 0.0136248227209,
        "median": 0.00927402079105,
        "min": 1.60907082727e-23,
        "var": 0.000193313579075
    },
    "spectral_energyband_middle_high": {
        "dmean": 0.00131672737189,
        "dmean2": 0.00189361488447,
        "dvar": 5.46653063793e-06,
        "dvar2": 1.18895777632e-05,
        "max": 0.0522824861109,
        "mean": 0.00416493369266,
        "median": 0.00249793892726,
        "min": 1.10465134142e-21,
        "var": 2.34735252889e-05
    },
    "spectral_energyband_middle_low": {
        "dmean": 0.00542519195005,
        "dmean2": 0.00834857858717,
        "dvar": 5.4151245422e-05,
        "dvar2": 0.000128198444145,
        "max": 0.163814619184,
        "mean": 0.0174267441034,
        "median": 0.0142299141735,
        "min": 1.31332037369e-22,
        "var": 0.000198826368432
    },
    "spectral_entropy": {
        "dmean": 0.174908876419,
        "dmean2": 0.240679115057,
        "dvar": 0.0331859178841,
        "dvar2": 0.0592116452754,
        "max": 9.82970905304,
        "mean": 7.29024600983,
        "median": 7.40980958939,
        "min": 4.84784698486,
        "var": 0.481633782387
    },
    "spectral_flux": {
        "dmean": 0.0203546676785,
        "dmean2": 0.0321998260915,
        "dvar": 0.000445989455329,
        "dvar2": 0.00107968889643,
        "max": 0.279606223106,
        "mean": 0.0729392468929,
        "median": 0.06939163059,
        "min": 6.34871044625e-11,
        "var": 0.0015574847348
    },
    "spectral_kurtosis": {
        "dmean": 2.68006896973,
        "dmean2": 4.31867265701,
        "dvar": 53.7420501709,
        "dvar2": 160.762435913,
        "max": 313.617095947,
        "mean": 9.33129501343,
        "median": 3.87525463104,
        "min": -1.25775051117,
        "var": 685.229492188
    },
    "spectral_rms": {
        "dmean": 0.000651156820823,
        "dmean2": 0.000960484787356,
        "dvar": 4.43890286306e-07,
        "dvar2": 9.37596723816e-07,
        "max": 0.0132340015844,
        "mean": 0.0054613891989,
        "median": 0.00561966141686,
        "min": 3.11705609241e-12,
        "var": 4.31575153925e-06
    },
    "spectral_rolloff": {
        "dmean": 279.145233154,
        "dmean2": 456.603179932,
        "dvar": 464807.75,
        "dvar2": 961750.75,
        "max": 19616.7480469,
        "mean": 1095.13427734,
        "median": 602.9296875,
        "min": 64.599609375,
        "var": 4693421.5
    },
    "spectral_skewness": {
        "dmean": 0.263235777617,
        "dmean2": 0.398340433836,
        "dvar": 0.158221960068,
        "dvar2": 0.417938619852,
        "max": 14.2898340225,
        "mean": 2.02265524864,
        "median": 1.68243896961,
        "min": -0.0936224684119,
        "var": 2.14675211906
    },
    "spectral_spread": {
        "dmean": 640633.3125,
        "dmean2": 926676.1875,
        "dvar": 799096569856,
        "dvar2": 1.5707308032e+12,
        "max": 42432676,
        "mean": 5580277.5,
        "median": 5256521,
        "min": 293809.9375,
        "var": 1.68520172175e+13
    },
    "spectral_strongpeak": {
        "dmean": 0.367120087147,
        "dmean2": 0.61778318882,
        "dvar": 0.532270371914,
        "dvar2": 1.30468797684,
        "max": 19.0695781708,
        "mean": 0.774689435959,
        "median": 0.506951808929,
        "min": 0,
        "var": 0.883676350117
    },
    "zerocrossingrate": {
        "dmean": 0.00912391394377,
        "dmean2": 0.0108589846641,
        "dvar": 0.000129712629132,
        "dvar2": 0.000164688288351,
        "max": 0.52783203125,
        "mean": 0.0536390654743,
        "median": 0.0419921875,
        "min": 0.00341796875,
        "var": 0.00333607383072
    },
    "barkbands": {
        "dmean": [0.000210996804526, 0.00296451104805, 0.00271579693072, 0.00195985659957, 0.00303551135585, 0.00145718175918, 0.000756774796173, 0.000455743604107, 0.000560891407076, 0.000370056222891, 0.00040231065941, 0.000459835951915, 0.000180887800525, 0.00023742466874, 0.000262533838395, 8.54634054122e-05, 7.62986237532e-05, 8.77589627635e-05, 0.000113168760436, 8.90392111614e-05, 0.000100742821814, 6.97670839145e-05, 6.49657595204e-05, 5.63209032407e-05, 7.11110842531e-05, 5.4691623518e-05, 1.86496163224e-05],
        "dmean2": [0.000308618909912, 0.00432830909267, 0.00428551249206, 0.0031762488652, 0.00482619646937, 0.00223764427938, 0.0011286623776, 0.000714341993444, 0.000829955097288, 0.000563724606764, 0.000601004518103, 0.00068996171467, 0.000277579762042, 0.00035388462129, 0.000397308758693, 0.000127088758745, 0.000110677894554, 0.00013620921527, 0.000169769293279, 0.000134259200422, 0.000144419347635, 9.8365075246e-05, 8.73567187227e-05, 7.4415045674e-05, 0.000106429222797, 8.46785333124e-05, 2.9444532629e-05],
        "dvar": [2.768728109e-07, 3.40059668815e-05, 1.77830697794e-05, 9.09071968636e-06, 2.3451702873e-05, 5.41681129107e-06, 4.14813212046e-06, 6.48465515951e-07, 1.71440035501e-06, 1.34040044486e-06, 2.06462482311e-06, 1.13791656986e-06, 2.79306021866e-07, 3.9951660824e-07, 4.0932286538e-07, 7.17077597301e-08, 4.97914918185e-08, 1.72221518824e-07, 1.10831358313e-07, 3.91736669769e-08, 3.97799411189e-08, 2.08855261974e-08, 2.382830111e-08, 2.17656701551e-08, 3.58619978158e-08, 3.38898864527e-08, 5.424538152e-09],
        "dvar2": [4.94228970638e-07, 7.42706251913e-05, 4.02849982493e-05, 2.35708666878e-05, 5.76068341616e-05, 1.21469465739e-05, 8.7843664005e-06, 1.48484855345e-06, 3.47699005943e-06, 2.86154318019e-06, 4.55448025605e-06, 2.34338290284e-06, 6.50389210932e-07, 8.79728077052e-07, 9.41820474054e-07, 1.48553667145e-07, 1.10999351932e-07, 4.47946234772e-07, 2.41827706304e-07, 8.2525772882e-08, 7.83520377468e-08, 3.89464709372e-08, 3.86476273206e-08, 3.16961532576e-08, 8.17357133087e-08, 8.38782767687e-08, 1.36573046206e-08],
        "max": [0.00925347115844, 0.116146616638, 0.106165789068, 0.0453945063055, 0.123596131802, 0.0516656599939, 0.0921129286289, 0.020020024851, 0.0360122136772, 0.0390931032598, 0.0507155768573, 0.0423953644931, 0.0186731312424, 0.0285042263567, 0.0165489055216, 0.007256813813, 0.0119671281427, 0.0173021722585, 0.0177067797631, 0.00746893044561, 0.00492784567177, 0.00739482278004, 0.00640495680273, 0.00623546447605, 0.00367843080312, 0.00449623074383, 0.00263821706176],
        "mean": [0.000351889058948, 0.00666755950078, 0.00550228403881, 0.00349347293377, 0.00631542922929, 0.00351548567414, 0.00164027733263, 0.00093842856586, 0.00129063765053, 0.000638521974906, 0.000721410207916, 0.000924875144847, 0.000331400515279, 0.000406706036301, 0.000536970852409, 0.000150349689648, 0.000145045909449, 0.000138751784107, 0.000208786819712, 0.000180535309482, 0.000219399444177, 0.000171831372427, 0.00015837745741, 0.000133138135425, 0.000117479874461, 7.25411082385e-05, 2.4406299417e-05],
        "median": [4.60104783997e-05, 0.00278300675564, 0.0025969685521, 0.00179525488056, 0.00381524371915, 0.00189625984058, 0.000878615595866, 0.000540268491022, 0.000513617240358, 0.000200575770577, 0.000183677766472, 0.000391920126276, 0.000126519968035, 0.000185351702385, 0.000190834180103, 4.62808020529e-05, 5.48868338228e-05, 4.15966824221e-05, 7.08963270881e-05, 8.04202427389e-05, 9.19572485145e-05, 6.67638159939e-05, 5.1829367294e-05, 4.61711679236e-05, 3.30499351548e-05, 1.66314184753e-05, 3.92063702748e-06],
        "min": [4.77256656835e-25, 4.6897102395e-24, 3.65940395892e-25, 9.69089293831e-25, 8.15764375305e-24, 5.09981378058e-24, 6.7107876559e-24, 6.48130683528e-24, 1.44896188245e-23, 1.17792284383e-23, 6.42402646166e-24, 2.44086627612e-23, 1.66682364969e-23, 3.48518022175e-23, 4.58437711381e-23, 5.449712404e-23, 5.51641469561e-23, 8.3327011387e-23, 1.04551004809e-22, 1.50802891558e-22, 2.43738607424e-22, 2.95259908316e-22, 3.0270041913e-22, 5.74291041923e-22, 8.56608431223e-22, 1.06450056802e-21, 2.01844226756e-21],
        "var": [8.36469553178e-07, 9.87646417343e-05, 6.26795444987e-05, 2.31433386944e-05, 6.0957230744e-05, 2.16585558519e-05, 8.27985604701e-06, 1.83749511962e-06, 5.54279813514e-06, 3.04683135255e-06, 5.27373185832e-06, 3.487448339e-06, 6.46489240808e-07, 7.32299383799e-07, 1.12777468075e-06, 1.59882802109e-07, 1.02077564179e-07, 2.15876440279e-07, 2.53524348182e-07, 9.49137017869e-08, 1.24457528727e-07, 8.5249595827e-08, 1.01462703128e-07, 9.92166917513e-08, 7.0119320128e-08, 3.67507304588e-08, 5.36000666074e-09]
    },
    "erbbands": {
        "dmean": [0.095659352839, 0.675003767014, 2.85113239288, 3.72001981735, 11.9835109711, 6.78540897369, 14.5790557861, 11.7737388611, 8.8131942749, 12.74472332, 9.79791927338, 11.8575353622, 13.7772521973, 11.1419649124, 19.2634029388, 14.1338949203, 7.77034330368, 13.1298446655, 13.5048656464, 7.41024017334, 4.78894090652, 4.15352630615, 4.81981611252, 3.55401563644, 6.60285282135, 4.21821975708, 4.34777784348, 3.75999331474, 2.64526438713, 2.11748337746, 1.93390667439, 1.16684985161, 0.994460880756, 0.85316234827, 0.48345258832, 0.217857778072, 0.110288500786, 0.0262903310359, 0.0029432142619, 0.000185840501217],
        "dmean2": [0.129626810551, 1.04580140114, 4.44419145584, 6.01207542419, 18.4771652222, 11.2232322693, 23.2318973541, 18.1475067139, 12.9530487061, 19.2929573059, 15.1682195663, 17.5012683868, 20.3887844086, 16.8430118561, 28.7256202698, 21.3362102509, 11.6952342987, 19.6664924622, 20.3752632141, 11.0001306534, 6.970079422, 6.0002617836, 7.306432724, 5.24039983749, 9.95581912994, 6.26306915283, 6.3097448349, 5.47928571701, 3.71243548393, 3.01024913788, 2.60515260696, 1.54903745651, 1.36671960354, 1.2584849596, 0.742352068424, 0.333934366703, 0.173336625099, 0.041824631393, 0.00459249410778, 0.00029573100619],
        "dvar": [0.0638814270496, 1.46351325512, 19.7760391235, 24.2400283813, 477.518157959, 99.6867218018, 928.648498535, 482.322509766, 388.009918213, 774.341186523, 319.905639648, 944.080993652, 1693.78259277, 968.139587402, 3635.80419922, 918.764587402, 414.92401123, 1115.31652832, 1256.95581055, 361.185516357, 238.675964355, 149.994018555, 481.105712891, 85.1189193726, 446.682678223, 110.521575928, 82.0232849121, 63.6135406494, 32.3667793274, 20.8959884644, 22.644859314, 10.4563913345, 6.83795833588, 4.57194805145, 2.28240919113, 0.626209259033, 0.142296627164, 0.00819976720959, 0.000129641688545, 6.79086497257e-07],
        "dvar2": [0.113040030003, 3.61845970154, 43.3488235474, 64.4376983643, 1053.19506836, 274.890228271, 2493.05688477, 1097.13757324, 821.327758789, 1692.03820801, 733.567687988, 2043.82055664, 3362.02148438, 2049.19458008, 7993.09814453, 1955.59338379, 931.961486816, 2613.60180664, 2753.88647461, 768.942810059, 483.386383057, 334.27935791, 1186.80493164, 165.765899658, 990.121276855, 231.31791687, 159.382034302, 129.628387451, 60.9546813965, 40.0504379272, 36.5324440002, 15.413105011, 10.7561187744, 9.41852378845, 5.67144536972, 1.53903436661, 0.3537119627, 0.021159235388, 0.000318817503285, 1.79184314675e-06],
        "max": [4.43793678284, 21.4649467468, 121.521484375, 72.1411590576, 553.841674805, 191.563491821, 759.816650391, 579.26965332, 567.769226074, 1399.23242188, 388.337463379, 876.549560547, 1460.92687988, 968.378295898, 2338.37280273, 753.892578125, 763.16015625, 1204.91186523, 1478.10974121, 517.463012695, 388.849334717, 610.47052002, 1022.17156982, 370.379638672, 1195.29370117, 499.922027588, 226.963638306, 220.643890381, 323.805511475, 157.990280151, 203.732055664, 161.820236206, 122.247695923, 56.9029464722, 33.9946174622, 21.6671333313, 8.66743469238, 2.65436434746, 0.481828659773, 0.0295567065477],
        "mean": [0.185094341636, 1.56815314293, 6.18495082855, 8.15272331238, 21.1579399109, 14.4216308594, 31.2822799683, 25.7645168304, 20.5852470398, 29.1087265015, 21.0144557953, 26.9436454773, 27.2943706512, 22.7333984375, 37.2753982544, 30.4770545959, 16.8485660553, 23.4936733246, 27.4306507111, 15.6582622528, 8.93198776245, 8.21464252472, 8.23375988007, 6.97843456268, 12.6782283783, 8.79196739197, 8.80927085876, 8.18605327606, 6.3141746521, 5.14942121506, 4.64728689194, 2.92359280586, 2.18060708046, 1.4990054369, 0.72612965107, 0.30273398757, 0.139950022101, 0.0334116183221, 0.00405144738033, 0.000255775783444],
        "median": [0.03680415079, 0.824288606644, 3.2730410099, 5.53899002075, 9.67192935944, 9.55162334442, 14.0276517868, 12.805316925, 11.6205196381, 16.7337646484, 12.4022493362, 10.8310642242, 10.1643667221, 8.78829479218, 14.0318040848, 14.7340641022, 7.74775314331, 10.7209396362, 11.2896566391, 5.6024222374, 3.01938652992, 3.18169975281, 2.65836882591, 2.931027174, 4.45506668091, 3.43190407753, 3.44147753716, 3.46155047417, 2.30638241768, 1.90885818005, 1.53755426407, 0.96611982584, 0.75952988863, 0.437997221947, 0.202208936214, 0.0732750222087, 0.0314104780555, 0.00660832412541, 0.000651889131404, 7.69436883274e-05],
        "min": [7.51946632478e-23, 9.00811803974e-22, 1.15314329022e-21, 4.62163337354e-21, 1.0927337004e-20, 3.03989101295e-20, 3.9150807359e-20, 5.6182113667e-20, 1.40187868954e-19, 1.26946374633e-19, 2.46051800842e-19, 3.79740576346e-19, 3.05854425888e-19, 4.89249570076e-19, 6.90608492228e-19, 1.0828149906e-18, 9.74744877544e-19, 1.73302465379e-18, 2.58451651814e-18, 3.1717955211e-18, 3.28881283325e-18, 3.35369336498e-18, 5.06642996669e-18, 6.040194842e-18, 6.15858754872e-18, 7.60343178288e-18, 8.82828278364e-18, 1.06420532933e-17, 1.1156548881e-17, 1.05037156077e-17, 1.06915972761e-17, 8.97874031962e-18, 9.95123588628e-18, 8.08622650074e-18, 6.10305974138e-18, 4.13952156435e-18, 2.15150607903e-18, 9.0461061155e-19, 2.36025803131e-19, 2.701456043e-20],
        "var": [0.176233157516, 4.00400209427, 72.4577407837, 69.6913833618, 1152.86010742, 243.628982544, 3023.00463867, 1397.19799805, 957.075195312, 1700.09545898, 855.249450684, 2456.48901367, 4195.28369141, 2580.71069336, 8231.12304688, 2625.47338867, 1118.89770508, 2027.93530273, 3373.80566406, 1021.11743164, 551.355407715, 305.967376709, 693.293457031, 193.206390381, 1049.58557129, 250.210708618, 249.908401489, 175.124130249, 129.737548828, 76.4490966797, 94.0765533447, 51.1560630798, 26.2529258728, 11.8720092773, 3.09272074699, 0.712358593941, 0.146891906857, 0.00786551274359, 0.000137122464366, 5.87542047015e-07]
    },
    "gfcc": {
        "mean": [-11.769449234, 97.8099975586, -84.2638244629, 19.077123642, -56.8454551697, 11.9423208237, -32.2054672241, -2.68966507912, -25.485414505, 3.75357937813, -15.4772872925, -3.91411089897, -12.7328920364],
        "cov": [[30128.4375, -2029.28833008, -1279.22167969, 2128.83032227, -708.295043945, 845.323181152, -568.13659668, 105.639625549, -687.241027832, 478.944061279, -350.10067749, 98.6041870117, -448.744689941], [-2029.28833008, 2079.15380859, -300.354064941, -399.428344727, 132.905883789, -223.380325317, 54.6380996704, -116.169837952, 76.7102432251, -183.454818726, 71.2160873413, -132.870315552, 81.1630020142], [-1279.22167969, -300.354064941, 636.680908203, 7.74302864075, 42.6761398315, 89.1419525146, 29.6514225006, 22.5395088196, 38.1107673645, 38.1208267212, 7.22575473785, 44.1468811035, -1.48073399067], [2128.83032227, -399.428344727, 7.74302864075, 608.788818359, 16.9423980713, 95.62109375, -18.4416675568, 5.94574594498, -25.2001552582, 67.5134124756, -7.84288167953, 0.977148115635, -44.7387695312], [-708.295043945, 132.905883789, 42.6761398315, 16.9423980713, 263.377471924, -22.4098567963, 39.3262786865, 16.7778224945, 34.5072517395, 5.34464693069, 20.5740509033, -13.3335456848, 17.9559421539], [845.323181152, -223.380325317, 89.1419525146, 95.62109375, -22.4098567963, 184.163528442, 25.4295806885, 22.2921504974, 3.07168745995, 42.2363166809, -4.03154563904, 18.6690998077, -15.0789251328], [-568.13659668, 54.6380996704, 29.6514225006, -18.4416675568, 39.3262786865, 25.4295806885, 147.581283569, 40.0391464233, 24.7452163696, 1.87927913666, 23.3120670319, -0.360515862703, 20.4632892609], [105.639625549, -116.169837952, 22.5395088196, 5.94574594498, 16.7778224945, 22.2921504974, 40.0391464233, 120.707191467, 29.5055541992, 23.0327663422, 0.0667224526405, 25.6137428284, 5.90598535538], [-687.241027832, 76.7102432251, 38.1107673645, -25.2001552582, 34.5072517395, 3.07168745995, 24.7452163696, 29.5055541992, 121.655212402, 15.1429986954, 18.0518779755, 12.9983682632, 28.6240692139], [478.944061279, -183.454818726, 38.1208267212, 67.5134124756, 5.34464693069, 42.2363166809, 1.87927913666, 23.0327663422, 15.1429986954, 118.609054565, 32.4396934509, 28.2521190643, 10.7766752243], [-350.10067749, 71.2160873413, 7.22575473785, -7.84288167953, 20.5740509033, -4.03154563904, 23.3120670319, 0.0667224526405, 18.0518779755, 32.4396934509, 100.403831482, 32.0561065674, 27.6888408661], [98.6041870117, -132.870315552, 44.1468811035, 0.977148115635, -13.3335456848, 18.6690998077, -0.360515862703, 25.6137428284, 12.9983682632, 28.2521190643, 32.0561065674, 100.254974365, 37.6003227234], [-448.744689941, 81.1630020142, -1.48073399067, -44.7387695312, 17.9559421539, -15.0789251328, 20.4632892609, 5.90598535538, 28.6240692139, 10.7766752243, 27.6888408661, 37.6003227234, 91.1158370972]],
        "icov": [[9.8047334177e-05, -7.46416408219e-05, 0.000218827713979, -0.000247389805736, 0.000117567178677, -0.000382859318051, 0.000268850300927, -0.000204248295631, 0.000427015154855, -0.000370868539903, 0.000331429881044, -0.000291164644295, 0.000226940275752], [-7.46416408219e-05, 0.000987630221061, 0.000132316854433, 0.000540783803444, -0.000379599485314, 0.000572959950659, -0.000353902578354, 0.000736438494641, -0.000921542581636, 0.00134713971056, -0.00123371556401, 0.001430383767, -0.000863493885845], [0.000218827713979, 0.000132316854433, 0.00239942991175, -0.000277652114164, -0.00023047173454, -0.00155801139772, 0.00033164297929, -2.50881157626e-06, 0.000297149003018, -0.000757373403758, 0.000725030433387, -0.00120824633632, 0.000850288139191], [-0.000247389805736, 0.000540783803444, -0.000277652114164, 0.00274673243985, -0.000783824478276, 0.000186858917004, -0.000489727419335, 0.000846503244247, -0.000980323064141, 0.000320367777022, -0.000998579896986, 0.00104439514689, 2.71083517873e-05], [0.000117567178677, -0.000379599485314, -0.00023047173454, -0.000783824478276, 0.00462711602449, 0.000343572784914, -0.000432403001469, -0.000894557451829, -9.58783275564e-05, -0.000790155376308, -4.61305207864e-05, 0.000628606649116, -0.000293168006465], [-0.000382859318051, 0.000572959950659, -0.00155801139772, 0.000186858917004, 0.000343572784914, 0.00894340034574, -0.00286056916229, 0.000861788110342, -0.0019634491764, -0.000231839861954, -0.000418878189521, 0.000305765948724, 0.000314763776259], [0.000268850300927, -0.000353902578354, 0.00033164297929, -0.000489727419335, -0.000432403001469, -0.00286056916229, 0.0096947979182, -0.00376413855702, 0.00104340573307, 0.000217262902879, -0.00146498088725, 0.00139433471486, -0.00140094291419], [-0.000204248295631, 0.000736438494641, -2.50881157626e-06, 0.000846503244247, -0.000894557451829, 0.000861788110342, -0.00376413855702, 0.0116754416376, -0.00335149886087, -0.000418614799855, 0.00113455520477, -0.00223128614016, 0.000839562038891], [0.000427015154855, -0.000921542581636, 0.000297149003018, -0.000980323064141, -9.58783275564e-05, -0.0019634491764, 0.00104340573307, -0.00335149886087, 0.012188160792, -0.00282355863601, 0.0012050048681, -0.00126375502441, -0.00121536524966], [-0.000370868539903, 0.00134713971056, -0.000757373403758, 0.000320367777022, -0.000790155376308, -0.000231839861954, 0.000217262902879, -0.000418614799855, -0.00282355863601, 0.0140708182007, -0.00598809914663, 0.00176962977275, -0.00247359112836], [0.000331429881044, -0.00123371556401, 0.000725030433387, -0.000998579896986, -4.61305207864e-05, -0.000418878189521, -0.00146498088725, 0.00113455520477, 0.0012050048681, -0.00598809914663, 0.0157377887517, -0.00620278716087, 0.000554819474928], [-0.000291164644295, 0.001430383767, -0.00120824633632, 0.00104439514689, 0.000628606649116, 0.000305765948724, 0.00139433471486, -0.00223128614016, -0.00126375502441, 0.00176962977275, -0.00620278716087, 0.0178327523172, -0.00774305034429], [0.000226940275752, -0.000863493885845, 0.000850288139191, 2.71083517873e-05, -0.000293168006465, 0.000314763776259, -0.00140094291419, 0.000839562038891, -0.00121536524966, -0.00247359112836, 0.000554819474928, -0.00774305034429, 0.0169601514935]]
    },
    "melbands": {
        "dmean": [0.000806578609627, 0.0012273985194, 0.00091437244555, 0.000655786134303, 0.000453227723483, 0.000253520585829, 0.000148999519297, 0.000130002605147, 7.53239364712e-05, 7.94923398644e-05, 6.92626126693e-05, 4.50944644399e-05, 6.46602347842e-05, 5.94283374085e-05, 2.00652375497e-05, 2.43598769885e-05, 2.30202585954e-05, 2.10374364542e-05, 1.68773913174e-05, 6.59749184706e-06, 5.71949158257e-06, 4.36268919657e-06, 5.26614803675e-06, 4.35062111137e-06, 2.84595466837e-06, 5.1960255405e-06, 3.8061880332e-06, 2.78821016764e-06, 2.95377162729e-06, 2.52565496339e-06, 2.28751378017e-06, 1.77494234777e-06, 1.26454790461e-06, 1.21567961742e-06, 1.24704411064e-06, 9.44423675264e-07, 7.31585089397e-07, 7.53100835027e-07, 7.26893460978e-07, 7.46017235542e-07],
        "dmean2": [0.00113157986198, 0.00190521229524, 0.00143947312608, 0.00103670195676, 0.000729975465219, 0.000389983091736, 0.000220062283915, 0.000197931280127, 0.000115512040793, 0.000117533993034, 0.000102835234429, 6.85522463755e-05, 9.67693049461e-05, 8.91723539098e-05, 3.0970073567e-05, 3.66403692169e-05, 3.4558801417e-05, 3.17111225741e-05, 2.57847532339e-05, 9.75194507191e-06, 8.42347799335e-06, 6.37007724436e-06, 7.88407032815e-06, 6.68352458888e-06, 4.26502538176e-06, 7.88577108324e-06, 5.83986457059e-06, 4.18786748924e-06, 4.39461064161e-06, 3.70401266991e-06, 3.40037672686e-06, 2.56453881775e-06, 1.86174042938e-06, 1.74198248715e-06, 1.75316029072e-06, 1.3094499991e-06, 9.99593794404e-07, 1.0614430721e-06, 1.03427248632e-06, 1.13676458113e-06],
        "dvar": [3.32431682182e-06, 3.23175640915e-06, 1.75305524408e-06, 1.24149357816e-06, 8.60865839059e-07, 2.00496259595e-07, 1.27907654246e-07, 6.56331380355e-08, 1.80422041751e-08, 3.91621846063e-08, 4.17883896375e-08, 1.72170739887e-08, 4.98842496199e-08, 2.01008827361e-08, 2.37768627009e-09, 4.39149827614e-09, 3.59976293218e-09, 3.50084294887e-09, 2.12351625173e-09, 3.31402932874e-10, 3.73917397045e-10, 1.90895105279e-10, 9.26888121811e-10, 3.40582645419e-10, 6.53439385934e-11, 3.11315917489e-10, 8.28783847107e-11, 5.39674242794e-11, 3.77037290278e-11, 3.47394231437e-11, 2.35280944033e-11, 1.58186363314e-11, 7.60113673393e-12, 8.23546699585e-12, 1.10099811212e-11, 5.98693013568e-12, 4.51835964477e-12, 4.25962780673e-12, 3.31031361177e-12, 3.93834791168e-12],
        "dvar2": [6.60411024e-06, 7.34908599043e-06, 4.20588412453e-06, 2.90507728096e-06, 2.38871484726e-06, 4.55540998701e-07, 2.71728225698e-07, 1.44301381511e-07, 4.1065064238e-08, 8.2601971485e-08, 8.32628401781e-08, 3.64760914806e-08, 1.09572134477e-07, 4.21145500695e-08, 5.18062348576e-09, 1.02778976441e-08, 8.50410586395e-09, 7.32368610201e-09, 4.7663157865e-09, 7.04668878804e-10, 7.75627395644e-10, 4.27954838234e-10, 2.2371391406e-09, 7.97152233112e-10, 1.31740410247e-10, 6.81826650695e-10, 1.87562465559e-10, 1.15025079739e-10, 7.847602429e-11, 7.54501044975e-11, 4.9523357637e-11, 3.21950140159e-11, 1.51996852604e-11, 1.64069400427e-11, 1.92274841881e-11, 9.32720567448e-12, 7.58379904015e-12, 7.26334530715e-12, 5.92501872218e-12, 8.58273868642e-12],
        "max": [0.0360917411745, 0.0467344932258, 0.026147685945, 0.0299604646862, 0.022092776373, 0.0115285050124, 0.0124927293509, 0.0123073682189, 0.0031478931196, 0.00538505613804, 0.00713958777487, 0.00421432359144, 0.0078954398632, 0.00520676001906, 0.00217729597352, 0.00234434194863, 0.00208535883576, 0.00325943622738, 0.00168752390891, 0.000654775183648, 0.000462304509711, 0.000904933491256, 0.00168732833117, 0.000874114281032, 0.000290124036837, 0.00105427310336, 0.000258554180618, 0.000336264987709, 0.000169373000972, 0.000231640820857, 0.000109261716716, 0.000180275834282, 0.000142615666846, 0.000106699844764, 0.000121429788123, 0.000157438043971, 8.48512281664e-05, 9.58111340879e-05, 6.0892340116e-05, 5.65772461414e-05],
        "mean": [0.0017425743863, 0.00283429306, 0.00196556653827, 0.00125319021754, 0.000980960787274, 0.0005725423689, 0.000345013831975, 0.000300921237795, 0.000160966083058, 0.000177844602149, 0.000133152716444, 8.6037121946e-05, 0.000122018027469, 0.000113195477752, 4.33027635154e-05, 4.50823026767e-05, 3.89991582779e-05, 4.01201323257e-05, 3.37621968356e-05, 1.25711567307e-05, 9.50535832089e-06, 8.13893802842e-06, 8.31946908875e-06, 6.94732943884e-06, 4.96972370456e-06, 9.48146771407e-06, 7.43689133742e-06, 5.27080328538e-06, 5.49218884771e-06, 4.76713603348e-06, 4.74432954434e-06, 3.83506039725e-06, 2.89945933218e-06, 2.69892507276e-06, 2.75878733191e-06, 2.23366532737e-06, 1.64596792729e-06, 1.57458089234e-06, 1.36737196499e-06, 1.22087999443e-06],
        "median": [0.000557494640816, 0.00181449006777, 0.00132091681007, 0.000698150019161, 0.000481179071357, 0.000296410085866, 0.000200255904929, 0.00018114267732, 8.93829128472e-05, 6.91692330292e-05, 4.69038168376e-05, 3.04548575514e-05, 3.89456217817e-05, 4.58376889583e-05, 1.81115137821e-05, 1.79266098712e-05, 1.71962055902e-05, 1.5537656509e-05, 1.18986708912e-05, 3.93796926801e-06, 2.65757762463e-06, 2.84677503259e-06, 2.48661172009e-06, 2.09325639844e-06, 1.98893144443e-06, 2.86868225885e-06, 3.07539676214e-06, 1.83872646176e-06, 1.94541303244e-06, 1.84965654171e-06, 1.8969183202e-06, 1.21783193663e-06, 1.14794511319e-06, 8.92049740742e-07, 8.90889907623e-07, 7.17654984328e-07, 4.94621417602e-07, 5.24222343756e-07, 4.34573649954e-07, 3.40025536616e-07],
        "min": [1.24744004753e-24, 1.30118228138e-24, 8.74657417273e-25, 1.72862261857e-24, 1.3207676269e-24, 1.19576926381e-24, 1.70197489719e-24, 1.28953248214e-24, 2.00243899979e-24, 2.4306502513e-24, 1.24225516062e-24, 1.57578210008e-24, 1.49053098674e-24, 2.81222187672e-24, 1.59429636971e-24, 1.71297102657e-24, 3.18546234213e-24, 4.22651399292e-24, 3.75180944903e-24, 2.95089455196e-24, 3.31641344961e-24, 3.54209787712e-24, 2.8630541013e-24, 3.62463126604e-24, 4.77943212342e-24, 2.40091157568e-24, 4.04074434949e-24, 3.86999382883e-24, 4.42142968969e-24, 5.32545600403e-24, 5.08262016272e-24, 5.87141953679e-24, 4.93981740621e-24, 5.11817412372e-24, 6.00165140034e-24, 5.59603174465e-24, 4.97846882955e-24, 5.63629836069e-24, 5.51258524923e-24, 6.24335995942e-24],
        "var": [9.43740906223e-06, 1.1085222468e-05, 4.72734291179e-06, 3.00819260701e-06, 2.61569152826e-06, 6.2137041823e-07, 2.85782505216e-07, 1.54492553861e-07, 4.91888414444e-08, 1.1092001273e-07, 1.03522239669e-07, 4.29863753482e-08, 1.24294942339e-07, 5.86427191251e-08, 6.0852998196e-09, 1.08058175741e-08, 6.00974914278e-09, 8.84699691284e-09, 5.11929432179e-09, 8.64793736621e-10, 7.95709220736e-10, 3.69464653316e-10, 1.15792964106e-09, 5.05609887291e-10, 1.21353579963e-10, 7.23042792306e-10, 1.95318150542e-10, 1.0858086652e-10, 1.02778653643e-10, 7.60915913611e-11, 6.13909548197e-11, 5.58009922991e-11, 2.60049169698e-11, 2.53802708017e-11, 3.67016729508e-11, 2.7875500519e-11, 1.87124152978e-11, 1.49108000252e-11, 1.0439452254e-11, 8.72224167892e-12]
    },
    "mfcc": {
        "mean": [-655.043395996, 133.460449219, 25.1101894379, 16.7076702118, -0.86946362257, 11.2580823898, 3.00223517418, -4.56167602539, -4.04390239716, 1.54101324081, -0.485998272896, -3.70911550522, -2.12737822533],
        "cov": [[12411.8574219, -826.344848633, -198.646270752, 297.141113281, 77.1664810181, 478.759857178, 164.035507202, -21.8369941711, -35.3631134033, 101.366172791, -14.0576667786, 81.7779159546, 106.768730164], [-826.344848633, 1769.15893555, -123.184860229, 26.3309307098, 51.200969696, -41.3315658569, 35.7162475586, -29.6790447235, -30.9506549835, -4.05842638016, 17.3413085938, -36.0440483093, -32.0930137634], [-198.646270752, -123.184860229, 510.597808838, -24.9204807281, 6.93425273895, 65.1417236328, -3.75894594193, 23.7470092773, 13.0611000061, -2.4717438221, 11.1047906876, 3.59751033783, 6.33935308456], [297.141113281, 26.3309307098, -24.9204807281, 258.520690918, 63.620426178, 32.3342247009, 14.3600578308, -3.84144210815, 7.51139974594, -1.85546922684, 6.16896677017, 25.2077178955, 1.7008715868], [77.1664810181, 51.200969696, 6.93425273895, 63.620426178, 172.026489258, 42.4265365601, -1.76787292957, -7.62046098709, 3.74489188194, 7.35287094116, 17.7646808624, 19.1325759888, 11.5946674347], [478.759857178, -41.3315658569, 65.1417236328, 32.3342247009, 42.4265365601, 156.568557739, 31.075296402, -6.62037992477, 3.83194255829, 15.7169160843, 15.5635671616, 16.746837616, 6.32738447189], [164.035507202, 35.7162475586, -3.75894594193, 14.3600578308, -1.76787292957, 31.075296402, 125.351295471, 14.1412057877, 0.94405734539, 17.4190216064, 13.4259328842, 0.935943722725, 8.93992424011], [-21.8369941711, -29.6790447235, 23.7470092773, -3.84144210815, -7.62046098709, -6.62037992477, 14.1412057877, 110.236717224, 30.8794879913, 5.35361146927, 5.60525560379, 2.74274086952, 3.0091843605], [-35.3631134033, -30.9506549835, 13.0611000061, 7.51139974594, 3.74489188194, 3.83194255829, 0.94405734539, 30.8794879913, 111.269172668, 17.7896652222, 5.24427318573, 14.9049015045, 1.73410570621], [101.366172791, -4.05842638016, -2.4717438221, -1.85546922684, 7.35287094116, 15.7169160843, 17.4190216064, 5.35361146927, 17.7896652222, 99.6490325928, 18.3284626007, -0.937072217464, 5.14433574677], [-14.0576667786, 17.3413085938, 11.1047906876, 6.16896677017, 17.7646808624, 15.5635671616, 13.4259328842, 5.60525560379, 5.24427318573, 18.3284626007, 90.4283676147, 17.4794712067, -7.62818622589], [81.7779159546, -36.0440483093, 3.59751033783, 25.2077178955, 19.1325759888, 16.746837616, 0.935943722725, 2.74274086952, 14.9049015045, -0.937072217464, 17.4794712067, 83.153968811, 26.4942264557], [106.768730164, -32.0930137634, 6.33935308456, 1.7008715868, 11.5946674347, 6.32738447189, 8.93992424011, 3.0091843605, 1.73410570621, 5.14433574677, -7.62818622589, 26.4942264557, 89.0503234863]],
