{
"lowlevel": {
    "average_loudness": 0.212250739336,
    "barkbands_crest": {
        "dmean": 1.66270315647,
        "dmean2": 2.61164546013,
        "dvar": 3.37831544876,
        "dvar2": 7.97906780243,
        "max": 26.9341907501,
        "mean": 12.1318149567,
        "median": 10.9791545868,
        "min": 3.76062560081,
        "var": 22.3459796906
    },
    "barkbands_flatness_db": {
        "dmean": 0.0288607887924,
        "dmean2": 0.0496880039573,
        "dvar": 0.000559957872611,
        "dvar2": 0.00156968878582,
        "max": 0.706051647663,
        "mean": 0.435134589672,
        "median": 0.434669792652,
        "min": 0.0576919913292,
        "var": 0.00442558154464
    },
    "barkbands_kurtosis": {
        "dmean": 1.81727743149,
        "dmean2": 2.67579746246,
        "dvar": 91.3381881714,
        "dvar2": 179.326004028,
        "max": 656.766418457,
        "mean": 3.95149493217,
        "median": 0.902382493019,
        "min": -1.88283479214,
        "var": 354.91506958
    },
    "barkbands_skewness": {
        "dmean": 0.333654075861,
        "dmean2": 0.496570646763,
        "dvar": 0.262686520815,
        "dvar2": 0.553751528263,
        "max": 8.82307052612,
        "mean": 0.826212584972,
        "median": 0.876669168472,
        "min": -22.5318241119,
        "var": 1.85586941242
    },
    "barkbands_spread": {
        "dmean": 0.793905735016,
        "dmean2": 1.18070733547,
        "dvar": 1.29038190842,
        "dvar2": 2.71228814125,
        "max": 41.8579292297,
        "mean": 5.63272094727,
        "median": 5.26203870773,
        "min": 0.0363035798073,
        "var": 11.8755626678
    },
    "dissonance": {
        "dmean": 0.0455135032535,
        "dmean2": 0.0781459137797,
        "dvar": 0.00204016384669,
        "dvar2": 0.00572949880734,
        "max": 0.499999970198,
        "mean": 0.362963825464,
        "median": 0.370055943727,
        "min": 0.082399122417,
        "var": 0.0049949050881
    },
    "dynamic_complexity": 5.97062826157,
    "erbbands_crest": {
        "dmean": 2.11674451828,
        "dmean2": 3.19413852692,
        "dvar": 6.27614021301,
        "dvar2": 12.9491052628,
        "max": 35.0665130615,
        "mean": 14.7519445419,
        "median": 13.2321062088,
        "min": 2.80298542976,
        "var": 41.7913398743
    },
    "erbbands_flatness_db": {
        "dmean": 0.015252915211,
        "dmean2": 0.0252863802016,
        "dvar": 0.000221690585022,
        "dvar2": 0.000544428301509,
        "max": 0.689468204975,
        "mean": 0.461304873228,
        "median": 0.457167983055,
        "min": 0.0824853107333,
        "var": 0.0036832652986
    },
    "erbbands_kurtosis": {
        "dmean": 1.09498131275,
        "dmean2": 1.62237727642,
        "dvar": 8.83026027679,
        "dvar2": 19.4051780701,
        "max": 99.9523544312,
        "mean": 1.65662872791,
        "median": -0.135960936546,
        "min": -1.88986599445,
        "var": 42.3060836792
    },
    "erbbands_skewness": {
        "dmean": 0.283836275339,
        "dmean2": 0.407593280077,
        "dvar": 0.137017190456,
        "dvar2": 0.277176648378,
        "max": 4.94778013229,
        "mean": 0.126905098557,
        "median": 0.125958055258,
        "min": -7.31382083893,
        "var": 1.18448078632
    },
    "erbbands_spread": {
        "dmean": 1.50509619713,
        "dmean2": 2.26358270645,
        "dvar": 3.42627954483,
        "dvar2": 7.45796966553,
        "max": 42.742275238,
        "mean": 10.778670311,
        "median": 10.6177101135,
        "min": 0.162069886923,
        "var": 30.6734008789
    },
    "hfc": {
        "dmean": 2.17247748375,
        "dmean2": 2.93551635742,
        "dvar": 23.2420425415,
        "dvar2": 43.4270210266,
        "max": 161.252975464,
        "mean": 8.94465637207,
        "median": 4.38339042664,
        "min": 1.07459536303e-16,
        "var": 140.105728149
    },
    "melbands_crest": {
        "dmean": 2.08067202568,
        "dmean2": 3.2540910244,
        "dvar": 5.0053524971,
        "dvar2": 11.9849147797,
        "max": 35.5251502991,
        "mean": 15.6337032318,
        "median": 14.533033371,
        "min": 1.48938465118,
        "var": 34.422164917
    },
    "melbands_flatness_db": {
        "dmean": 0.033347081393,
        "dmean2": 0.0574493445456,
        "dvar": 0.000765583245084,
        "dvar2": 0.0021482729353,
        "max": 0.797312200069,
        "mean": 0.543833673,
        "median": 0.546029925346,
        "min": 0.00115122133866,
        "var": 0.0066607077606
    },
    "melbands_kurtosis": {
        "dmean": 1.51375162601,
        "dmean2": 2.25275540352,
        "dvar": 11.0935220718,
        "dvar2": 23.6665267944,
        "max": 99.0752105713,
        "mean": 3.8623354435,
        "median": 1.56931066513,
        "min": -1.89820718765,
        "var": 81.1673812866
    },
    "melbands_skewness": {
        "dmean": 0.332367658615,
        "dmean2": 0.502367258072,
        "dvar": 0.179969385266,
        "dvar2": 0.384569406509,
        "max": 8.00723361969,
        "mean": 1.08994233608,
        "median": 1.08918094635,
        "min": -6.93278741837,
        "var": 1.47782766819
    },
    "melbands_spread": {
        "dmean": 1.48260891438,
        "dmean2": 2.21143889427,
        "dvar": 7.44266891479,
        "dvar2": 14.7442369461,
        "max": 158.416702271,
        "mean": 9.97329330444,
        "median": 8.36877441406,
        "min": 0.235428482294,
        "var": 129.599868774
    },
    "pitch_salience": {
        "dmean": 0.0441136024892,
        "dmean2": 0.0685042440891,
        "dvar": 0.00242406665348,
        "dvar2": 0.00563429435715,
        "max": 0.932324707508,
        "mean": 0.497673988342,
        "median": 0.508496880531,
        "min": 0.0278597995639,
        "var": 0.0144067490473
    },
    "silence_rate_20dB": {
        "dmean": 0,
        "dmean2": 0,
        "dvar": 0,
        "dvar2": 0,
        "max": 1,
        "mean": 1,
        "median": 1,
        "min": 1,
        "var": 0
    },
    "silence_rate_30dB": {
        "dmean": 0.00285734701902,
        "dmean2": 0.00571510195732,
        "dvar": 0.00284903519787,
        "dvar2": 0.00639640400186,
        "max": 1,
        "mean": 0.996285736561,
        "median": 1,
        "min": 0,
        "var": 0.00370082305744
    },
    "silence_rate_60dB": {
        "dmean": 0.0358597040176,
        "dmean2": 0.0717245340347,
        "dvar": 0.0345710627735,
        "dvar2": 0.0725708529353,
        "max": 1,
        "mean": 0.254285722971,
        "median": 0,
        "min": 0,
        "var": 0.18964459002
    },
    "spectral_centroid": {
        "dmean": 45.41173172,
        "dmean2": 69.3232879639,
        "dvar": 9893.14355469,
        "dvar2": 16488.1445312,
        "max": 11764.1630859,
        "mean": 644.524230957,
        "median": 542.001953125,
        "min": 210.168243408,
        "var": 742396.25
    },
    "spectral_complexity": {
        "dmean": 0.980927228928,
        "dmean2": 1.62194597721,
        "dvar": 1.55093252659,
        "dvar2": 3.37372732162,
        "max": 25,
        "mean": 8.86521434784,
        "median": 9,
        "min": 0,
        "var": 24.5911445618
    },
    "spectral_decrease": {
        "dmean": 8.97038332504e-10,
        "dmean2": 1.25829091591e-09,
        "dvar": 2.91210713088e-18,
        "dvar2": 5.57806681815e-18,
        "max": 2.21182461437e-21,
        "mean": -3.98954824732e-09,
        "median": -2.11135642303e-09,
        "min": -4.07712725803e-08,
        "var": 2.47709110966e-17
    },
    "spectral_energy": {
        "dmean": 0.00357316038571,
        "dmean2": 0.00499692000449,
        "dvar": 4.66298515676e-05,
        "dvar2": 8.87695568963e-05,
        "max": 0.165379568934,
        "mean": 0.0158687662333,
        "median": 0.00836290977895,
        "min": 1.0021453872e-20,
        "var": 0.000392563379137
    },
    "spectral_energyband_high": {
        "dmean": 2.03729456416e-07,
        "dmean2": 3.08258819359e-07,
        "dvar": 1.74856689458e-12,
        "dvar2": 4.19158588047e-12,
        "max": 4.43056524091e-05,
        "mean": 2.47916943863e-07,
        "median": 3.5118594699e-09,
        "min": 7.19011560943e-21,
        "var": 1.95539374623e-12
    },
    "spectral_energyband_low": {
        "dmean": 0.000140194679261,
        "dmean2": 0.000221349488129,
        "dvar": 1.55757717835e-07,
        "dvar2": 4.04563365919e-07,
        "max": 0.0279839336872,
        "mean": 0.00063450174639,
        "median": 4.93126935908e-05,
        "min": 1.69404439963e-23,
        "var": 3.27517113874e-06
    },
    "spectral_energyband_middle_high": {
        "dmean": 0.00110550050158,
        "dmean2": 0.00156023341697,
        "dvar": 1.06417119241e-05,
        "dvar2": 2.20262918447e-05,
        "max": 0.110928028822,
        "mean": 0.00332731986418,
        "median": 0.00131196877919,
        "min": 1.21572063447e-21,
        "var": 3.27229354298e-05
    },
    "spectral_energyband_middle_low": {
        "dmean": 0.00285337492824,
        "dmean2": 0.0040936646983,
        "dvar": 2.98802588077e-05,
        "dvar2": 6.08662776358e-05,
        "max": 0.132034227252,
        "mean": 0.0123277129605,
        "median": 0.00608652457595,
        "min": 1.70934684968e-22,
        "var": 0.000264321977738
    },
    "spectral_entropy": {
        "dmean": 0.125099018216,
        "dmean2": 0.191471979022,
        "dvar": 0.0272313710302,
        "dvar2": 0.0600434318185,
        "max": 9.82055187225,
        "mean": 5.46184253693,
        "median": 5.45681762695,
        "min": 3.26921105385,
        "var": 0.352328658104
    },
    "spectral_flux": {
        "dmean": 0.0133403530344,
        "dmean2": 0.021173749119,
        "dvar": 0.0004148168955,
        "dvar2": 0.000953918031882,
        "max": 0.283885210752,
        "mean": 0.0311053004116,
        "median": 0.0220240782946,
        "min": 6.33906399594e-11,
        "var": 0.000924661231693
    },
    "spectral_kurtosis": {
        "dmean": 56.9933700562,
        "dmean2": 100.399620056,
        "dvar": 3413.39819336,
        "dvar2": 9804.96679688,
        "max": 837.423156738,
        "mean": 187.199676514,
        "median": 174.773651123,
        "min": -1.26377010345,
        "var": 11794.890625
    },
    "spectral_rms": {
        "dmean": 0.000388487067539,
        "dmean2": 0.000533747312147,
        "dvar": 3.16182592996e-07,
        "dvar2": 5.5675599242e-07,
        "max": 0.0127022014931,
        "mean": 0.00328170089051,
        "median": 0.00285638519563,
        "min": 3.12682410346e-12,
        "var": 4.71218709208e-06
    },
    "spectral_rolloff": {
        "dmean": 75.892074585,
        "dmean2": 132.042831421,
        "dvar": 68004.296875,
        "dvar2": 114129.71875,
        "max": 19875.1464844,
        "mean": 952.561645508,
        "median": 839.794921875,
        "min": 193.798828125,
        "var": 2198325
    },
    "spectral_skewness": {
        "dmean": 2.28567194939,
        "dmean2": 4.06918859482,
        "dvar": 4.69254398346,
        "dvar2": 13.2531366348,
        "max": 21.7779712677,
        "mean": 9.34865093231,
        "median": 9.46807289124,
        "min": -0.0886800438166,
        "var": 15.2428255081
    },
    "spectral_spread": {
        "dmean": 274159.3125,
        "dmean2": 487277.9375,
        "dvar": 156081225728,
        "dvar2": 353661747200,
        "max": 42661260,
        "mean": 925540.0625,
        "median": 636063.75,
        "min": 109261.945312,
        "var": 1.04396593562e+13
    },
    "spectral_strongpeak": {
        "dmean": 0.399785727262,
        "dmean2": 0.626464545727,
        "dvar": 0.555886030197,
        "dvar2": 1.24691152573,
        "max": 12.8154640198,
        "mean": 1.24214434624,
        "median": 0.786718726158,
        "min": 0,
        "var": 1.66284048557
    },
    "zerocrossingrate": {
        "dmean": 0.00234360340983,
        "dmean2": 0.00294262869284,
        "dvar": 3.9656759327e-05,
        "dvar2": 6.28933994449e-05,
        "max": 0.52587890625,
        "mean": 0.0319033898413,
        "median": 0.02734375,
        "min": 0.0078125,
        "var": 0.00154328276403
    },
    "barkbands": {
        "dmean": [6.5548483974e-08, 5.19395052834e-06, 6.44278188702e-05, 0.000229338242207, 0.00110815605149, 0.00077551609138, 0.000648680550512, 0.000886188237928, 0.000457487010863, 0.000267262919806, 0.000538885535207, 0.000234078237554, 0.000269156909781, 6.08943810221e-05, 5.12394071848e-05, 2.48666001426e-05, 1.41535892908e-05, 1.89582817711e-06, 1.3747187495e-06, 2.33425524243e-07, 3.01492164567e-08, 3.04836822451e-09, 7.56144702407e-10, 6.13553985396e-10, 5.87699000576e-10, 5.742808451e-10, 6.12502437658e-10],
        "dmean2": [8.56861461784e-08, 8.06619755167e-06, 0.000100164266769, 0.000364778446965, 0.00186613434926, 0.00121624348685, 0.000837131054141, 0.00113611016423, 0.000707178143784, 0.000395439768909, 0.000741224037483, 0.000352606526576, 0.000408327614423, 9.14135744097e-05, 6.74310576869e-05, 3.3241649362e-05, 2.09253976209e-05, 3.07966456603e-06, 2.10794337363e-06, 3.54604253516e-07, 4.69152574567e-08, 5.03051156286e-09, 1.33584676654e-09, 1.11934128633e-09, 1.07428033136e-09, 1.05029529518e-09, 1.12014630904e-09],
        "dvar": [2.27669513559e-14, 4.76315764608e-10, 4.28877164893e-08, 3.1337495443e-07, 7.23343009668e-06, 4.89451167596e-06, 2.60219167103e-06, 5.1563974921e-06, 2.66980714514e-06, 4.24737208959e-07, 3.16633213515e-06, 1.01115711004e-06, 2.37734116126e-06, 5.4185605336e-08, 6.01957665936e-08, 2.26194654118e-08, 3.40849481972e-09, 4.70793647123e-11, 3.05708028336e-11, 2.17534085363e-12, 5.2427971632e-14, 3.90079821565e-16, 4.0159126567e-18, 1.55559565317e-18, 1.43614105335e-18, 1.37484045591e-18, 1.56334375057e-18],
        "dvar2": [5.99558515899e-14, 1.13750220354e-09, 1.02823321413e-07, 9.03928253138e-07, 2.13335497392e-05, 1.16634810183e-05, 4.12718554799e-06, 8.75169280334e-06, 5.6440494518e-06, 1.01912849004e-06, 6.14954160483e-06, 2.34537833421e-06, 5.18832575835e-06, 1.10122371666e-07, 9.7372534924e-08, 4.11300753456e-08, 6.7141776583e-09, 1.17986939663e-10, 7.06703237596e-11, 5.2831749392e-12, 1.32786034772e-13, 9.83135789406e-16, 1.07826921954e-17, 4.82689707286e-18, 4.47914538026e-18, 4.2926256647e-18, 4.88164278093e-18],
        "max": [1.25202186609e-05, 0.00101887446363, 0.0199021957815, 0.0184711515903, 0.0506313443184, 0.0421327017248, 0.0746325477958, 0.0919186323881, 0.0541814491153, 0.010979635641, 0.0361354090273, 0.0408007726073, 0.0671585649252, 0.0143844457343, 0.0169310942292, 0.00948256999254, 0.00167413055897, 0.000206686003366, 0.000176323519554, 4.70696868433e-05, 1.23849549709e-05, 8.56932160787e-07, 8.48276471288e-08, 2.13512958425e-08, 2.00144896212e-08, 1.94803781994e-08, 2.07551558162e-08],
        "mean": [1.26478994389e-06, 1.28358378788e-05, 0.000294496712741, 0.000761967501603, 0.00292214658111, 0.00201244419441, 0.00205596047454, 0.00321178464219, 0.00116127391811, 0.000664815772325, 0.00119136425201, 0.000680963043123, 0.000543963396922, 0.00015378248645, 0.000119101947348, 4.93797961099e-05, 2.51120472967e-05, 3.33654247697e-06, 2.45707337854e-06, 2.91010138653e-07, 3.77933311313e-08, 3.48871975753e-09, 7.43692885052e-10, 5.18174392283e-10, 4.96922170079e-10, 4.93973251192e-10, 5.3356619123e-10],
        "median": [6.52765947962e-07, 5.68156906411e-07, 6.41673068458e-06, 0.000103463120467, 0.00127246580087, 0.000536421663128, 0.000537357293069, 0.000375802861527, 0.000227424854529, 0.00022657054069, 0.000241494766669, 0.000104962178739, 5.93508448219e-05, 3.11164330924e-05, 1.27497878566e-05, 3.06660922433e-06, 7.21236062873e-07, 7.81875044709e-08, 2.45494611306e-08, 1.58763635572e-09, 4.7617892962e-10, 2.36658914687e-10, 1.51897328049e-10, 1.24682153491e-10, 1.22973978223e-10, 1.29437127683e-10, 1.45566836363e-10],
        "min": [3.12231096983e-25, 2.29062803226e-24, 1.55972256838e-24, 1.15313507897e-24, 1.06126909083e-23, 7.18441816567e-24, 7.5175509705e-24, 1.12243452553e-23, 1.39000825597e-23, 1.6439922796e-23, 1.76494390457e-23, 2.07666828661e-23, 2.54910572315e-23, 4.38106052172e-23, 5.36843638048e-23, 4.58346487506e-23, 8.51755459908e-23, 6.36940746807e-23, 1.32485806396e-22, 1.59536477925e-22, 2.41714402963e-22, 3.41596285224e-22, 4.26253278232e-22, 5.53650401675e-22, 7.64102133368e-22, 1.31026267309e-21, 2.03484754516e-21],
        "var": [2.45602453305e-12, 3.07457526105e-09, 1.35539573876e-06, 2.36575101553e-06, 2.18151672016e-05, 1.54042263603e-05, 1.75751229108e-05, 4.85432829009e-05, 9.83502195595e-06, 1.21002540254e-06, 8.36368053569e-06, 3.51595895154e-06, 5.29372846358e-06, 1.46255118239e-07, 1.50719529302e-07, 4.38971881067e-08, 7.52712381313e-09, 8.70681998721e-11, 6.3083732682e-11, 2.41118323224e-12, 5.44641473577e-14, 4.00532446362e-16, 4.26287983629e-18, 1.34039334648e-18, 1.20714695751e-18, 1.14654439711e-18, 1.29891571883e-18]
    },
    "erbbands": {
        "dmean": [4.3231077143e-05, 0.00202960777096, 0.046313200146, 0.404965609312, 1.96690964699, 4.83278083801, 4.77221822739, 6.82518911362, 6.44604492188, 21.5094814301, 10.5398273468, 12.3933963776, 6.44042158127, 9.95188903809, 22.5065803528, 11.0252227783, 13.1148643494, 4.48871612549, 2.9647526741, 1.54994940758, 1.06631505489, 0.521612465382, 0.21341483295, 0.0955904424191, 0.0377687364817, 0.0129398005083, 0.0042850356549, 0.000493052997626, 0.000124083948322, 4.08532141591e-05, 2.0252462491e-05, 1.44786517922e-05, 1.06010866148e-05, 7.52770392864e-06, 5.09680967298e-06, 3.21005154547e-06, 1.69635870861e-06, 5.23476785474e-07, 1.75691968707e-06, 4.06913977713e-06],
        "dmean2": [6.53182869428e-05, 0.00316585227847, 0.0726166516542, 0.647901296616, 3.45093655586, 8.03385925293, 7.55427455902, 10.748506546, 7.974629879, 28.4029884338, 14.3256797791, 19.1369457245, 9.73591327667, 14.380437851, 30.9802284241, 16.1222400665, 19.8666305542, 6.65783023834, 3.90150284767, 2.01156210899, 1.46884906292, 0.761028289795, 0.33040356636, 0.148022979498, 0.0571635328233, 0.0198302324861, 0.00625623995438, 0.000735617941245, 0.000200472291908, 6.8980967626e-05, 3.55089105142e-05, 2.55659560935e-05, 1.85286262422e-05, 1.29000600282e-05, 8.46190232551e-06, 5.11732287123e-06, 2.62375351667e-06, 8.41793337258e-07, 2.43082558882e-06, 5.66964172322e-06],
        "dvar": [2.64481236911e-08, 4.98389199493e-05, 0.0204732213169, 1.00421595573, 21.0590934753, 189.172546387, 157.007141113, 460.495574951, 246.627120972, 3362.29882812, 902.198730469, 2078.89770508, 309.79888916, 613.981079102, 5822.33349609, 2547.4699707, 4926.03515625, 384.3487854, 193.755371094, 105.073951721, 28.3845233917, 4.30586528778, 0.69228798151, 0.141000270844, 0.0307064820081, 0.00745897041634, 0.000767744379118, 8.73071257956e-06, 5.98854455802e-07, 3.18094208751e-08, 1.76606207436e-09, 8.21373247195e-10, 4.28568180944e-10, 2.09025019515e-10, 9.20801282445e-11, 3.54664526914e-11, 9.87581891265e-12, 1.00609310379e-12, 1.15923156491e-11, 6.12395550936e-11],
        "dvar2": [5.64057849317e-08, 0.000119279269711, 0.050121512264, 2.79033660889, 73.3825759888, 558.627685547, 365.363006592, 1093.52478027, 307.440887451, 6594.3203125, 1617.8326416, 4388.04248047, 744.860717773, 1387.4855957, 11113.4980469, 5788.84619141, 10808.9179688, 787.713745117, 318.723144531, 168.942306519, 56.3522338867, 8.25847911835, 1.41686344147, 0.329188287258, 0.0710909515619, 0.0190604738891, 0.00174195878208, 2.04409716389e-05, 1.49342167788e-06, 8.06372852935e-08, 4.86832130164e-09, 2.41206210561e-09, 1.25572230392e-09, 5.93488425071e-10, 2.46265813297e-10, 8.66986829551e-11, 2.23488779566e-11, 2.4495787343e-12, 2.16301074274e-11, 1.15802097078e-10],
        "max": [0.0146707687527, 0.298099398613, 13.0715990067, 45.0999488831, 76.0543746948, 261.051513672, 351.037536621, 500.479187012, 550.372558594, 2053.69213867, 1476.84667969, 1545.90234375, 437.134094238, 496.366699219, 1746.22290039, 2124.38745117, 2722.30297852, 907.408081055, 1018.08831787, 650.078063965, 325.117553711, 53.0402183533, 27.0533237457, 12.5206193924, 4.99855232239, 2.90985155106, 0.958927571774, 0.139623582363, 0.0319766812027, 0.00643823202699, 0.000909467053134, 0.000631121452898, 0.000455056288047, 0.000333087256877, 0.000235035287915, 0.000152689244715, 8.17181062303e-05, 2.64852660621e-05, 8.61085718498e-05, 0.000192676583538],
        "mean": [0.000175596520421, 0.00735873309895, 0.211842805147, 1.62066960335, 4.89708042145, 11.5357189178, 13.8470392227, 16.7809696198, 22.3555469513, 72.0910720825, 39.4523162842, 33.2576904297, 18.1818275452, 24.7511882782, 53.3669319153, 33.3536911011, 28.4117126465, 10.975394249, 7.8938574791, 3.32524800301, 2.19722032547, 1.03088343143, 0.407187879086, 0.1812286973, 0.0625225380063, 0.0169890150428, 0.00544532341883, 0.000654762203339, 0.00016307484475, 5.36512161489e-05, 2.99287676171e-05, 2.31237027037e-05, 1.94983040274e-05, 1.65410492627e-05, 1.35678710649e-05, 1.01889145299e-05, 5.97620601184e-06, 1.48466506289e-06, 7.82021015766e-06, 1.8041317162e-05],
        "median": [2.77213439404e-05, 0.000625311629847, 0.0122943222523, 0.23613062501, 2.21969223022, 3.77652072906, 4.01980018616, 4.27431678772, 8.0304889679, 7.44148635864, 8.27060222626, 7.40072345734, 5.94594478607, 9.42842292786, 13.9427165985, 6.3297958374, 4.39377880096, 2.47883605957, 1.26526117325, 0.38002794981, 0.155781954527, 0.0411518253386, 0.0134004214779, 0.00306402775459, 0.00063225190388, 0.000139253446832, 4.97034016007e-05, 2.44248294621e-05, 1.64948723977e-05, 1.30958669615e-05, 1.12315046863e-05, 1.00840570667e-05, 9.11617462407e-06, 8.05370837043e-06, 6.77569687468e-06, 5.18780643688e-06, 3.07124719257e-06, 7.18432147551e-07, 4.09781569033e-06, 9.48284287006e-06],
        "min": [9.4438009952e-23, 3.675277209e-22, 3.33822286933e-21, 6.17695304888e-21, 1.60461697414e-20, 2.6619971044e-20, 3.01074485171e-20, 6.02636942279e-20, 1.73458753401e-19, 2.01945341508e-19, 2.03748827888e-19, 3.80193819623e-19, 7.02597131039e-19, 4.66512391289e-19, 9.8543794472e-19, 1.06163782275e-18, 1.73338551134e-18, 2.19979853755e-18, 2.72055629604e-18, 2.43009327151e-18, 4.28726553433e-18, 5.4381976076e-18, 3.7767966619e-18, 5.72592824778e-18, 7.28137562883e-18, 8.15932693302e-18, 9.14154269906e-18, 9.65287514805e-18, 1.27891229959e-17, 1.08737730527e-17, 1.21004984447e-17, 1.10219086927e-17, 9.49987237733e-18, 7.37562706936e-18, 6.09628099626e-18, 4.49311356567e-18, 2.08493375615e-18, 9.55279559972e-19, 2.44282668306e-19, 2.61580278304e-20],
        "var": [3.27528823618e-07, 0.000546165392734, 0.59132707119, 12.7779655457, 57.5356063843, 460.080078125, 624.931945801, 1311.09753418, 1822.45275879, 23274.4003906, 7054.96435547, 7869.70898438, 1074.89099121, 1656.9675293, 15595.9101562, 9090.80273438, 11580.96875, 896.596008301, 514.822875977, 217.415771484, 57.8403205872, 10.6625366211, 1.66791415215, 0.311370462179, 0.0520447567105, 0.00764266820624, 0.000923983869143, 1.03301917989e-05, 6.41799658752e-07, 3.45228912124e-08, 2.87494894557e-09, 1.33635091881e-09, 8.2511769639e-10, 5.26833132675e-10, 3.23173848793e-10, 1.7169886346e-10, 5.75672218228e-11, 3.96951482101e-12, 9.56740658919e-11, 5.08587671977e-10]
    },
    "gfcc": {
        "mean": [-286.248565674, 250.996963501, -134.232421875, -110.242538452, -27.220489502, -27.8456230164, -42.6145477295, -27.4594936371, -23.1971168518, -22.4957580566, -7.65201807022, -16.3584289551, -6.72527599335],
        "cov": [[18776.5234375, 2451.66625977, -2923.89916992, 1250.60791016, 1212.28356934, -2157.68066406, -463.516265869, 155.177337646, -631.761901855, -414.19708252, -22.4207859039, -569.807617188, -171.754501343], [2451.66625977, 1346.59069824, 432.044891357, 12.0155830383, 162.342803955, -71.6571731567, -174.21081543, -145.992919922, -114.564208984, -174.87387085, -83.2360916138, -137.789016724, -70.7512512207], [-2923.89916992, 432.044891357, 1666.99365234, -97.1705932617, -271.013397217, 564.629516602, 64.7449264526, -174.952102661, 91.9976425171, -30.1015930176, -98.2997894287, -1.44066774845, -59.175868988], [1250.60791016, 12.0155830383, -97.1705932617, 783.489562988, 378.460235596, -239.571807861, 111.967887878, 95.6822357178, -143.177490234, -69.1218414307, -55.1665344238, -92.2582473755, -24.3963432312], [1212.28356934, 162.342803955, -271.013397217, 378.460235596, 475.96182251, -130.828704834, -13.6928749084, 83.6071166992, -91.5115356445, -115.074417114, -28.793554306, -58.0096206665, -16.4361133575], [-2157.68066406, -71.6571731567, 564.629516602, -239.571807861, -130.828704834, 509.987182617, 121.01676178, -60.3684158325, 70.6089172363, -6.67545747757, -49.1689720154, 64.5696029663, 4.5526342392], [-463.516265869, -174.21081543, 64.7449264526, 111.967887878, -13.6928749084, 121.01676178, 223.107467651, 81.8257904053, -15.3676128387, 1.89322853088, -41.0443611145, -9.56082344055, 6.28700017929], [155.177337646, -145.992919922, -174.952102661, 95.6822357178, 83.6071166992, -60.3684158325, 81.8257904053, 170.852172852, 69.1761398315, 14.6017827988, -13.6646118164, -30.4114093781, -24.344619751], [-631.761901855, -114.564208984, 91.9976425171, -143.177490234, -91.5115356445, 70.6089172363, -15.3676128387, 69.1761398315, 196.389190674, 103.954223633, -4.17404985428, -13.8913955688, -33.4436035156], [-414.19708252, -174.87387085, -30.1015930176, -69.1218414307, -115.074417114, -6.67545747757, 1.89322853088, 14.6017827988, 103.954223633, 157.861541748, 71.1050949097, 9.0807723999, -23.0784950256], [-22.4207859039, -83.2360916138, -98.2997894287, -55.1665344238, -28.793554306, -49.1689720154, -41.0443611145, -13.6646118164, -4.17404985428, 71.1050949097, 128.616027832, 72.2704620361, -14.1421384811], [-569.807617188, -137.789016724, -1.44066774845, -92.2582473755, -58.0096206665, 64.5696029663, -9.56082344055, -30.4114093781, -13.8913955688, 9.0807723999, 72.2704620361, 127.506729126, 56.7152824402], [-171.754501343, -70.7512512207, -59.175868988, -24.3963432312, -16.4361133575, 4.5526342392, 6.28700017929, -24.344619751, -33.4436035156, -23.0784950256, -14.1421384811, 56.7152824402, 117.25567627]],
        "icov": [[0.000392459507566, -0.000928165623918, 0.00102306704503, -0.000822933507152, 0.000619668106083, 0.000591646297835, -0.00121167849284, 0.00159748643637, -0.00235403724946, 0.00266808713786, -0.00238191848621, 0.00149188830983, -0.000334728509188], [-0.000928165623918, 0.00389227503911, -0.00337567087263, 0.00317073566839, -0.00293204444461, 0.00015538201842, 0.00245195720345, -0.00240208557807, 0.00577972596511, -0.00531738065183, 0.00554108759388, -0.00215884181671, 0.00121231272351], [0.00102306704503, -0.00337567087263, 0.0055418475531, -0.0057938634418, 0.00557842245325, -0.00281781377271, -0.00263482774608, 0.00630143657327, -0.0118631552905, 0.0138635579497, -0.0137473614886, 0.00904126651585, -0.003292176174], [-0.000822933507152, 0.00317073566839, -0.0057938634418, 0.0108896521851, -0.0103657348081, 0.00755195645615, -0.00170153775252, -0.00416443683207, 0.0149664347991, -0.0199103038758, 0.0229942742735, -0.0157653633505, 0.00827866885811], [0.000619668106083, -0.00293204444461, 0.00557842245325, -0.0103657348081, 0.014102707617, -0.00945023447275, 0.00509737757966, -0.00177645485383, -0.010067765601, 0.0196714941412, -0.0233632940799, 0.0181053262204, -0.00907623209059], [0.000591646297835, 0.00015538201842, -0.00281781377271, 0.00755195645615, -0.00945023447275, 0.0176931191236, -0.0149822756648, 0.0124740470201, -0.00472939806059, -0.00362908816896, 0.0144078051671, -0.0159896742553, 0.00989967491478], [-0.00121167849284, 0.00245195720345, -0.00263482774608, -0.00170153775252, 0.00509737757966, -0.0149822756648, 0.03045793809, -0.0308449361473, 0.0310819335282, -0.0238504018635, 0.0159425213933, -0.00251770555042, -0.0014085022267], [0.00159748643637, -0.00240208557807, 0.00630143657327, -0.00416443683207, -0.00177645485383, 0.0124740470201, -0.0308449361473, 0.0467313975096, -0.0476833246648, 0.0400910489261, -0.0300249829888, 0.0130940750241, -0.00183700653724], [-0.00235403724946, 0.00577972596511, -0.0118631552905, 0.0149664347991, -0.010067765601, -0.00472939806059, 0.0310819335282, -0.0476833246648, 0.0743595957756, -0.0737164840102, 0.0676343739033, -0.0375198423862, 0.0173770878464], [0.00266808713786, -0.00531738065183, 0.0138635579497, -0.0199103038758, 0.0196714941412, -0.00362908816896, -0.0238504018635, 0.0400910489261, -0.0737164840102, 0.0952607169747, -0.0931152626872, 0.0602879859507, -0.0266126319766], [-0.00238191848621, 0.00554108759388, -0.0137473614886, 0.0229942742735, -0.0233632940799, 0.0144078051671, 0.0159425213933, -0.0300249829888, 0.0676343739033, -0.0931152626872, 0.117909908295, -0.0837979987264, 0.0424945503473], [0.00149188830983, -0.00215884181671, 0.00904126651585, -0.0157653633505, 0.0181053262204, -0.0159896742553, -0.00251770555042, 0.0130940750241, -0.0375198423862, 0.0602879859507, -0.0837979987264, 0.0759321674705, -0.0374920815229], [-0.000334728509188, 0.00121231272351, -0.003292176174, 0.00827866885811, -0.00907623209059, 0.00989967491478, -0.0014085022267, -0.00183700653724, 0.0173770878464, -0.0266126319766, 0.0424945503473, -0.0374920815229, 0.0298461504281]]
    },
    "melbands": {
        "dmean": [8.37555319322e-07, 1.70324110513e-05, 0.000104037928395, 0.000244677765295, 0.000180930306669, 0.000150018080603, 0.000103741120256, 0.000237366417423, 7.67237652326e-05, 7.56075096433e-05, 3.16430778184e-05, 3.98201445933e-05, 7.70102851675e-05, 3.68506844097e-05, 2.64678019448e-05, 2.38457942032e-05, 7.42293423173e-06, 4.45466503152e-06, 2.47154935096e-06, 2.34037156588e-06, 1.09866277853e-06, 6.31857631106e-07, 4.55795373e-07, 7.94750008026e-08, 8.78729053966e-08, 2.55957743889e-08, 1.4514767166e-08, 8.61860094403e-09, 3.7231813188e-09, 5.76313552436e-10, 1.37826097757e-10, 8.48791939512e-11, 2.7312074477e-11, 1.86082850517e-11, 1.10610244922e-11, 9.43735194159e-12, 7.9875984299e-12, 6.98445121183e-12, 6.13809914354e-12, 5.42404706219e-12],
        "dmean2": [1.28020133161e-06, 2.65444050456e-05, 0.00017144397134, 0.000421433593147, 0.000287402537651, 0.000234206876485, 0.000127895327751, 0.000310005882056, 0.000107511346869, 0.000117071474961, 4.78607362311e-05, 5.7773264416e-05, 0.000106785133539, 5.21451547684e-05, 4.0486913349e-05, 3.5784119973e-05, 1.11561457743e-05, 5.88905822951e-06, 3.23512313116e-06, 3.02157991428e-06, 1.58771456427e-06, 9.2835250598e-07, 7.02698002897e-07, 1.27404703676e-07, 1.37268642675e-07, 3.93872134907e-08, 2.22110649872e-08, 1.32739144121e-08, 5.45615463921e-09, 8.6714868619e-10, 2.12015197065e-10, 1.39404918165e-10, 4.6971565526e-11, 3.19548242034e-11, 1.99387364258e-11, 1.7078659667e-11, 1.45753738939e-11, 1.27468608585e-11, 1.12107467407e-11, 9.91198009087e-12],
        "dvar": [1.31642431331e-11, 2.89880075499e-09, 6.21041920112e-08, 3.59520612392e-07, 2.10041818605e-07, 2.02002127025e-07, 5.98466343149e-08, 3.97194753532e-07, 5.05333943579e-08, 8.19257479634e-08, 7.38693284319e-09, 9.70742775053e-09, 6.57343477428e-08, 1.79195431826e-08, 1.27595480848e-08, 2.81006222735e-08, 8.37415858879e-10, 4.12916090209e-10, 1.46405679247e-10, 2.34960190193e-10, 2.41046887312e-11, 8.68964709216e-12, 4.21894984226e-12, 1.0136905421e-13, 1.30429019907e-13, 1.55217601738e-14, 4.53964597576e-15, 4.06065053815e-15, 7.11818801483e-16, 1.30403137597e-17, 6.25235943129e-19, 3.55294468264e-19, 2.92798413895e-20, 5.68041486408e-21, 5.14604386952e-22, 3.72251167565e-22, 2.64304652985e-22, 2.01736636226e-22, 1.5599242249e-22, 1.2221362572e-22],
        "dvar2": [3.06432310082e-11, 6.99363589263e-09, 1.96141996867e-07, 1.12721102141e-06, 5.1438172477e-07, 4.77420655898e-07, 7.68053141087e-08, 7.57597774736e-07, 9.19810716482e-08, 1.74600543801e-07, 1.80741839273e-08, 2.24360778844e-08, 1.28664680688e-07, 3.80362656927e-08, 2.97357605206e-08, 5.9160363719e-08, 1.71124414639e-09, 6.82097045512e-10, 2.3576796071e-10, 3.98796301537e-10, 5.35327442097e-11, 1.70892276025e-11, 8.36714898755e-12, 2.54263569834e-13, 3.10517426659e-13, 3.68136104283e-14, 1.07647325095e-14, 1.02304673251e-14, 1.57626224627e-15, 3.12885301863e-17, 1.47354698783e-18, 9.03936666146e-19, 7.15387346637e-20, 1.49819518001e-20, 1.50917759803e-21, 1.10734543394e-21, 8.18432814068e-22, 6.27167593229e-22, 4.86084679713e-22, 3.81078962857e-22],
        "max": [0.000208490571822, 0.00503956247121, 0.00841278024018, 0.0103363832459, 0.0107663050294, 0.00986889004707, 0.00845897383988, 0.0220850799233, 0.0111507289112, 0.010532034561, 0.00200357660651, 0.00177878967952, 0.00539666088298, 0.00434919353575, 0.00347536546178, 0.00923805404454, 0.00171875639353, 0.00147231051233, 0.000696688017342, 0.000834786391351, 0.000228233882808, 8.52021767059e-05, 7.31921973056e-05, 9.05464366951e-06, 1.23063227875e-05, 3.56363102583e-06, 1.65280926012e-06, 2.14154374589e-06, 9.57031033977e-07, 1.51262938175e-07, 3.54572939898e-08, 2.74485074669e-08, 7.64145280385e-09, 3.5504357232e-09, 4.02426675317e-10, 4.05875999476e-10, 2.78001233145e-10, 2.43359776775e-10, 2.09848874388e-10, 1.84755002963e-10],
        "mean": [2.22088101509e-06, 7.64966534916e-05, 0.000353599898517, 0.000606709625572, 0.000522749091033, 0.000375465315301, 0.000350676971721, 0.00081486714771, 0.00026830175193, 0.000198089328478, 8.54905811138e-05, 9.41426260397e-05, 0.000176359244506, 0.000103433798358, 6.56324191368e-05, 4.77024623251e-05, 1.80044207809e-05, 1.20377389976e-05, 5.71767395741e-06, 4.57611349702e-06, 2.12694772017e-06, 1.15259047107e-06, 7.84314693192e-07, 1.387255395e-07, 1.56026530362e-07, 4.09035045834e-08, 2.1870526723e-08, 1.01003587716e-08, 4.48062031921e-09, 7.4554001861e-10, 1.71103645141e-10, 9.78408673524e-11, 2.79313603496e-11, 1.84787515151e-11, 1.04728743039e-11, 8.46655297954e-12, 6.7498845055e-12, 5.89604016651e-12, 5.16627192415e-12, 4.57593121381e-12],
        "median": [1.6037313344e-07, 2.1556406864e-06, 7.23488919903e-05, 0.000249511795118, 0.000164496159414, 9.59929093369e-05, 0.000111296001705, 7.89883342804e-05, 6.69939690852e-05, 3.85097955586e-05, 2.69680858764e-05, 3.33227617375e-05, 3.93305163016e-05, 2.14987958316e-05, 1.14972999654e-05, 5.84322833674e-06, 3.31912224283e-06, 1.89145112017e-06, 6.54430664326e-07, 2.62524139316e-07, 1.02480356645e-07, 2.80801657482e-08, 1.77982109051e-08, 2.25479257487e-09, 1.79161885328e-09, 2.51055121137e-10, 1.47591772137e-10, 4.24480450789e-11, 2.0127260969e-11, 1.07991792592e-11, 6.91154989144e-12, 5.09476922456e-12, 3.54902565669e-12, 3.06656935088e-12, 2.34386143307e-12, 1.94514998726e-12, 1.62000653777e-12, 1.42558480212e-12, 1.25912409839e-12, 1.12406058853e-12],
        "min": [8.15151321913e-25, 1.82350049736e-24, 1.23359514421e-24, 1.57974592892e-24, 1.1409227233e-24, 1.52478510218e-24, 2.53890188623e-24, 2.27126603299e-24, 1.59268452966e-24, 1.73385730232e-24, 3.19969792881e-24, 1.2566163734e-24, 3.19140266196e-24, 2.30466896752e-24, 1.55663082528e-24, 3.87183897449e-24, 3.94901205356e-24, 3.66766441728e-24, 3.93148632526e-24, 2.30226294176e-24, 3.71450934441e-24, 4.60152347891e-24, 2.32453287954e-24, 2.75494820842e-24, 3.5088063692e-24, 4.58913954599e-24, 5.75390411103e-24, 4.70441894551e-24, 4.81053730334e-24, 5.8653981615e-24, 4.90175841741e-24, 6.20461347834e-24, 5.4807416955e-24, 5.03743815437e-24, 5.77779634126e-24, 6.70790279157e-24, 4.88723943245e-24, 6.00533025317e-24, 5.31875423621e-24, 5.91401565909e-24],
        "var": [9.61412061073e-11, 8.74259598049e-08, 4.83051053379e-07, 9.08865274596e-07, 8.34953482354e-07, 6.11759617186e-07, 4.42926562982e-07, 3.04766990666e-06, 3.46715268051e-07, 3.25520488786e-07, 2.37918325041e-08, 2.54836010072e-08, 1.74555580656e-07, 5.94256484021e-08, 3.44066606317e-08, 5.69780773674e-08, 2.16411177867e-09, 1.11664222313e-09, 3.49932971488e-10, 4.68614647087e-10, 5.00727376229e-11, 1.91490504009e-11, 9.66636579808e-12, 1.93507333096e-13, 2.64395547556e-13, 2.4097973847e-14, 7.11794650456e-15, 4.12527872851e-15, 8.51837635768e-16, 1.51399281106e-17, 7.35109465015e-19, 3.55360358369e-19, 3.38345078686e-20, 5.11834967682e-21, 5.75549533814e-22, 3.68950245372e-22, 2.28466361273e-22, 1.73234056735e-22, 1.32397567571e-22, 1.02917589418e-22]
    },
    "mfcc": {
        "mean": [-862.029907227, 231.001586914, -6.92491388321, -57.9401168823, -18.1116142273, -10.7502145767, -16.7895488739, -19.0924568176, -19.2931499481, -15.9186096191, -13.6939163208, -10.867978096, -7.528673172],
        "cov": [[6838.98095703, 3814.82226562, -2079.92431641, 147.128692627, 1201.85644531, -520.050842285, -424.759094238, -28.0100803375, -234.197357178, -140.262588501, -150.261154175, -176.618835449, -133.570220947], [3814.82226562, 2648.30688477, -530.600341797, -16.8053359985, 583.240234375, -92.3761367798, -244.832107544, -108.992904663, -153.336791992, -110.586982727, -104.037269592, -139.679138184, -138.851074219], [-2079.92431641, -530.600341797, 1553.54638672, 74.8386383057, -457.463562012, 372.84072876, 218.888198853, -60.8877258301, 43.198600769, 23.1015701294, 16.6156597137, -7.21450042725, -49.2079391479], [147.128692627, -16.8053359985, 74.8386383057, 449.540466309, 185.160705566, -57.7233390808, 121.909645081, 116.080307007, 14.6667432785, 18.7935771942, -7.70017004013, -15.9226760864, -12.7019853592], [1201.85644531, 583.240234375, -457.463562012, 185.160705566, 476.31942749, -17.4719676971, -79.3735809326, 68.1269073486, 6.6942858696, -38.7132492065, -41.7148590088, -36.3416099548, -19.1331138611], [-520.050842285, -92.3761367798, 372.84072876, -57.7233390808, -17.4719676971, 268.556152344, 97.8270492554, -9.26599693298, 38.5640296936, -11.457151413, -38.1330795288, -26.0885429382, -10.5813465118], [-424.759094238, -244.832107544, 218.888198853, 121.909645081, -79.3735809326, 97.8270492554, 245.233001709, 126.246635437, 27.2211494446, 0.591917335987, -35.9802246094, -29.7056293488, 3.32634997368], [-28.0100803375, -108.992904663, -60.8877258301, 116.080307007, 68.1269073486, -9.26599693298, 126.246635437, 200.215286255, 98.2459487915, 1.15816354752, -30.2764930725, -17.5772743225, 9.23684120178], [-234.197357178, -153.336791992, 43.198600769, 14.6667432785, 6.6942858696, 38.5640296936, 27.2211494446, 98.2459487915, 174.715133667, 101.113624573, 0.0164953302592, -13.3610477448, 11.4515657425], [-140.262588501, -110.586982727, 23.1015701294, 18.7935771942, -38.7132492065, -11.457151413, 0.591917335987, 1.15816354752, 101.113624573, 165.301742554, 86.6095352173, 1.02957451344, -4.03831386566], [-150.261154175, -104.037269592, 16.6156597137, -7.70017004013, -41.7148590088, -38.1330795288, -35.9802246094, -30.2764930725, 0.0164953302592, 86.6095352173, 161.591491699, 117.537315369, 16.7705287933], [-176.618835449, -139.679138184, -7.21450042725, -15.9226760864, -36.3416099548, -26.0885429382, -29.7056293488, -17.5772743225, -13.3610477448, 1.02957451344, 117.537315369, 210.774520874, 108.295013428], [-133.570220947, -138.851074219, -49.2079391479, -12.7019853592, -19.1331138611, -10.5813465118, 3.32634997368, 9.23684120178, 11.4515657425, -4.03831386566, 16.7705287933, 108.295013428, 140.108612061]],
