{
"lowlevel": {
    "average_loudness": 0.90609896183,
    "barkbands_crest": {
        "dmean": 1.65594816208,
        "dmean2": 2.66886973381,
        "dvar": 2.47814059258,
        "dvar2": 6.50164079666,
        "max": 25.7848358154,
        "mean": 10.2406435013,
        "median": 9.74424743652,
        "min": 2.32794213295,
        "var": 9.8416852951
    },
    "barkbands_flatness_db": {
        "dmean": 0.0178481992334,
        "dmean2": 0.025419563055,
        "dvar": 0.000394801812945,
        "dvar2": 0.000731019186787,
        "max": 0.723149895668,
        "mean": 0.204065203667,
        "median": 0.193286344409,
        "min": 0.0135027477518,
        "var": 0.00549303600565
    },
    "barkbands_kurtosis": {
        "dmean": 2.98788571358,
        "dmean2": 4.65846347809,
        "dvar": 17.0765342712,
        "dvar2": 40.962310791,
        "max": 90.7347793579,
        "mean": 8.69860744476,
        "median": 6.71038198471,
        "min": -1.85711860657,
        "var": 61.6796073914
    },
    "barkbands_skewness": {
        "dmean": 0.392773121595,
        "dmean2": 0.605846345425,
        "dvar": 0.176402688026,
        "dvar2": 0.424042999744,
        "max": 7.44235944748,
        "mean": 2.03744459152,
        "median": 1.97174572945,
        "min": -2.41300749779,
        "var": 0.89070135355
    },
    "barkbands_spread": {
        "dmean": 2.26749897003,
        "dmean2": 3.33087325096,
        "dvar": 19.0452022552,
        "dvar2": 36.2416038513,
        "max": 101.004959106,
        "mean": 9.31200695038,
        "median": 7.22366571426,
        "min": 0.145331129432,
        "var": 63.1651878357
    },
    "dissonance": {
        "dmean": 0.027379412204,
        "dmean2": 0.0458100736141,
        "dvar": 0.00063323561335,
        "dvar2": 0.00167226884514,
        "max": 0.500000119209,
        "mean": 0.421666681767,
        "median": 0.42860853672,
        "min": 0.134158045053,
        "var": 0.00204446027055
    },
    "dynamic_complexity": 2.38976311684,
    "erbbands_crest": {
        "dmean": 2.00145864487,
        "dmean2": 3.10534739494,
        "dvar": 4.03035306931,
        "dvar2": 9.45792007446,
        "max": 30.3410816193,
        "mean": 10.322022438,
        "median": 9.52254867554,
        "min": 2.63667559624,
        "var": 15.960568428
    },
    "erbbands_flatness_db": {
        "dmean": 0.016071991995,
        "dmean2": 0.0225514825433,
        "dvar": 0.000333888950991,
        "dvar2": 0.000623959349468,
        "max": 0.448948085308,
        "mean": 0.185238227248,
        "median": 0.177725195885,
        "min": 0.0415547862649,
        "var": 0.00395574746653
    },
    "erbbands_kurtosis": {
        "dmean": 1.21086227894,
        "dmean2": 1.84643602371,
        "dvar": 4.06005907059,
        "dvar2": 9.82151508331,
        "max": 103.296714783,
        "mean": 2.21743297577,
        "median": 1.28187942505,
        "min": -1.86410522461,
        "var": 11.8812837601
    },
    "erbbands_skewness": {
        "dmean": 0.309918761253,
        "dmean2": 0.46351981163,
        "dvar": 0.0975872948766,
        "dvar2": 0.220139920712,
        "max": 6.41306495667,
        "mean": 1.07091641426,
        "median": 1.02447795868,
        "min": -3.84355115891,
        "var": 0.541251540184
    },
    "erbbands_spread": {
        "dmean": 5.05436038971,
        "dmean2": 7.41499996185,
        "dvar": 69.3232650757,
        "dvar2": 136.294555664,
        "max": 182.064025879,
        "mean": 25.9688720703,
        "median": 22.5260658264,
        "min": 1.71817851067,
        "var": 255.177200317
    },
    "hfc": {
        "dmean": 3.0995926857,
        "dmean2": 4.35914134979,
        "dvar": 26.1868133545,
        "dvar2": 51.2894325256,
        "max": 139.218856812,
        "mean": 14.6878252029,
        "median": 12.3317461014,
        "min": 1.06743469207e-16,
        "var": 121.189491272
    },
    "melbands_crest": {
        "dmean": 2.20090317726,
        "dmean2": 3.61075329781,
        "dvar": 4.51188135147,
        "dvar2": 12.2897930145,
        "max": 36.6551246643,
        "mean": 13.1098985672,
        "median": 12.5587902069,
        "min": 1.57470369339,
        "var": 14.8453350067
    },
    "melbands_flatness_db": {
        "dmean": 0.0201704986393,
        "dmean2": 0.0284267365932,
        "dvar": 0.00051435775822,
        "dvar2": 0.000924457563087,
        "max": 0.782333135605,
        "mean": 0.311742037535,
        "median": 0.300465077162,
        "min": 0.00196390319616,
        "var": 0.00777641264722
    },
    "melbands_kurtosis": {
        "dmean": 4.63995838165,
        "dmean2": 7.22164773941,
        "dvar": 52.7110176086,
        "dvar2": 124.43561554,
        "max": 206.738006592,
        "mean": 13.4223651886,
        "median": 10.2149162292,
        "min": -1.358715415,
        "var": 156.105697632
    },
    "melbands_skewness": {
        "dmean": 0.469257622957,
        "dmean2": 0.7205286026,
        "dvar": 0.272614359856,
        "dvar2": 0.628264427185,
        "max": 11.912024498,
        "mean": 2.43747258186,
        "median": 2.28783559799,
        "min": -1.48398792744,
        "var": 1.25577354431
    },
    "melbands_spread": {
        "dmean": 1.84449493885,
        "dmean2": 2.80320477486,
        "dvar": 9.11024665833,
        "dvar2": 19.9875087738,
        "max": 155.239074707,
        "mean": 8.99457931519,
        "median": 7.3163394928,
        "min": 0.161816850305,
        "var": 103.251586914
    },
    "pitch_salience": {
        "dmean": 0.0532602481544,
        "dmean2": 0.086861371994,
        "dvar": 0.00238083023578,
        "dvar2": 0.00645488407463,
        "max": 0.957909047604,
        "mean": 0.58821451664,
        "median": 0.592787861824,
        "min": 0.141831308603,
        "var": 0.00930131226778
    },
    "silence_rate_20dB": {
        "dmean": 0,
        "dmean2": 0,
        "dvar": 0,
        "dvar2": 0,
        "max": 1,
        "mean": 1,
        "median": 1,
        "min": 1,
        "var": 0
    },
    "silence_rate_30dB": {
        "dmean": 0.00306983874179,
        "dmean2": 0.00614010589197,
        "dvar": 0.00305947405286,
        "dvar2": 0.00749825872481,
        "max": 1,
        "mean": 0.996232748032,
        "median": 1,
        "min": 0,
        "var": 0.00375351402909
    },
    "silence_rate_60dB": {
        "dmean": 0.000418614392402,
        "dmean2": 0.000837287167087,
        "dvar": 0.000418472540332,
        "dvar2": 0.000836460560095,
        "max": 1,
        "mean": 0.0195339750499,
        "median": 0,
        "min": 0,
        "var": 0.0191523227841
    },
    "spectral_centroid": {
        "dmean": 75.0238647461,
        "dmean2": 112.450538635,
        "dvar": 22456.4550781,
        "dvar2": 41105.859375,
        "max": 11757.7431641,
        "mean": 543.088134766,
        "median": 440.008483887,
        "min": 133.599258423,
        "var": 564122.0625
    },
    "spectral_complexity": {
        "dmean": 1.74534296989,
        "dmean2": 2.78244495392,
        "dvar": 3.15370321274,
        "dvar2": 6.77475261688,
        "max": 45,
        "mean": 13.4268875122,
        "median": 13,
        "min": 0,
        "var": 24.9659118652
    },
    "spectral_decrease": {
        "dmean": 1.85726245494e-09,
        "dmean2": 2.87052981385e-09,
        "dvar": 4.31175173483e-18,
        "dvar2": 1.02475187468e-17,
        "max": 2.58521524591e-28,
        "mean": -9.77606884334e-09,
        "median": -9.3484624486e-09,
        "min": -4.45151648876e-08,
        "var": 2.435390288e-17
    },
    "spectral_energy": {
        "dmean": 0.007201672066,
        "dmean2": 0.01110708341,
        "dvar": 6.46242697258e-05,
        "dvar2": 0.000153175336891,
        "max": 0.174204781651,
        "mean": 0.0382292866707,
        "median": 0.0365663543344,
        "min": 1.00151135003e-20,
        "var": 0.000371594913304
    },
    "spectral_energyband_high": {
        "dmean": 0.000132209563162,
        "dmean2": 0.000179706403287,
        "dvar": 1.881465721e-07,
        "dvar2": 3.48479630929e-07,
        "max": 0.0120446812361,
        "mean": 0.000295672332868,
        "median": 6.66773485136e-05,
        "min": 6.91337845809e-21,
        "var": 5.04307990923e-07
    },
    "spectral_energyband_low": {
        "dmean": 0.00304383877665,
        "dmean2": 0.00492276996374,
        "dvar": 1.773902477e-05,
        "dvar2": 4.47238417109e-05,
        "max": 0.067019931972,
        "mean": 0.0121306348592,
        "median": 0.0106883365661,
        "min": 1.18313942322e-23,
        "var": 6.89381995471e-05
    },
    "spectral_energyband_middle_high": {
        "dmean": 0.00081133650383,
        "dmean2": 0.00115376571193,
        "dvar": 2.02045976039e-06,
        "dvar2": 4.25060943599e-06,
        "max": 0.0497696772218,
        "mean": 0.00273447134532,
        "median": 0.00180782121606,
        "min": 1.23600301827e-21,
        "var": 8.8560354925e-06
    },
    "spectral_energyband_middle_low": {
        "dmean": 0.00620129657909,
        "dmean2": 0.00960699189454,
        "dvar": 5.37659361726e-05,
        "dvar2": 0.000131057793624,
        "max": 0.169194027781,
        "mean": 0.0246260743588,
        "median": 0.0217485651374,
        "min": 1.70098176864e-22,
        "var": 0.000262526387814
    },
    "spectral_entropy": {
        "dmean": 0.174619361758,
        "dmean2": 0.249439612031,
        "dvar": 0.0402300581336,
        "dvar2": 0.0738248080015,
        "max": 9.81751251221,
        "mean": 6.65740728378,
        "median": 6.66744279861,
        "min": 4.27300453186,
        "var": 0.433860123158
    },
    "spectral_flux": {
        "dmean": 0.017849188298,
        "dmean2": 0.0284262523055,
        "dvar": 0.000348660541931,
        "dvar2": 0.000874588091392,
        "max": 0.278779953718,
        "mean": 0.0634802952409,
        "median": 0.058467425406,
        "min": 6.48237852285e-11,
        "var": 0.00116675416939
    },
    "spectral_kurtosis": {
        "dmean": 5.67552185059,
        "dmean2": 9.14070320129,
        "dvar": 120.197151184,
        "dvar2": 310.684875488,
        "max": 234.474624634,
        "mean": 18.9210681915,
        "median": 10.9914875031,
        "min": -1.28684425354,
        "var": 630.223815918
    },
    "spectral_rms": {
        "dmean": 0.000562572677154,
        "dmean2": 0.000861949287355,
        "dvar": 3.27713109982e-07,
        "dvar2": 7.55733424285e-07,
        "max": 0.0130367130041,
        "mean": 0.00587278790772,
        "median": 0.00597281241789,
        "min": 3.12583466056e-12,
        "var": 2.80743392977e-06
    },
    "spectral_rolloff": {
        "dmean": 128.557434082,
        "dmean2": 222.035827637,
        "dvar": 263832.21875,
        "dvar2": 593705.0625,
        "max": 19250.6835938,
        "mean": 631.43560791,
        "median": 452.197265625,
        "min": 21.533203125,
        "var": 2048409.625
    },
    "spectral_skewness": {
        "dmean": 0.420838445425,
        "dmean2": 0.652352809906,
        "dvar": 0.332337111235,
        "dvar2": 0.815366387367,
        "max": 12.6013326645,
        "mean": 3.16989779472,
        "median": 2.84260416031,
        "min": -0.088540636003,
        "var": 2.31159377098
    },
    "spectral_spread": {
        "dmean": 565204.6875,
        "dmean2": 813654.375,
        "dvar": 788459487232,
        "dvar2": 1.45199136768e+12,
        "max": 43166256,
        "mean": 4147692.75,
        "median": 3663797,
        "min": 391544,
        "var": 1.08630911222e+13
    },
    "spectral_strongpeak": {
        "dmean": 0.332818835974,
        "dmean2": 0.564326822758,
        "dvar": 0.256702542305,
        "dvar2": 0.610687375069,
        "max": 9.78725242615,
        "mean": 0.873289465904,
        "median": 0.628940939903,
        "min": 0,
        "var": 0.565251111984
    },
    "zerocrossingrate": {
        "dmean": 0.00585215259343,
        "dmean2": 0.00712913786992,
        "dvar": 9.50167304836e-05,
        "dvar2": 0.000126473329146,
        "max": 0.52294921875,
        "mean": 0.0330838635564,
        "median": 0.0244140625,
        "min": 0.00048828125,
        "var": 0.00169349368662
    },
    "barkbands": {
        "dmean": [0.000134101748699, 0.00178996473551, 0.00135170086287, 0.00235017295927, 0.00320245092735, 0.00181375769898, 0.00134078052361, 0.000586891779676, 0.000246918847552, 0.000191923216335, 0.000416599039454, 0.000214104511542, 0.000142412623973, 0.000112740548502, 0.000139317387948, 3.70850539184e-05, 2.72813122137e-05, 2.65487688011e-05, 2.84035122604e-05, 1.64704433701e-05, 2.21044174396e-05, 2.08578348975e-05, 2.08262899832e-05, 2.61301574938e-05, 2.80914900941e-05, 2.66657207248e-05, 1.0196441508e-05],
        "dmean2": [0.000232578240684, 0.00289001502097, 0.00221385853365, 0.00387415895239, 0.00508535793051, 0.00251470087096, 0.00206912215799, 0.000837015977595, 0.000360935722711, 0.000295901787467, 0.0006119342288, 0.000321083993185, 0.000213564722799, 0.000173380292836, 0.000215270018089, 5.6334243709e-05, 4.15890281147e-05, 4.05696773669e-05, 4.30827712989e-05, 2.46313993557e-05, 3.29250178766e-05, 3.1633375329e-05, 3.05769863189e-05, 3.78919685318e-05, 4.03439407819e-05, 3.82805883419e-05, 1.55897268996e-05],
        "dvar": [1.86138080949e-07, 7.8583470895e-06, 4.66734854854e-06, 1.06015286292e-05, 1.76964895218e-05, 1.17976323963e-05, 6.25087386652e-06, 2.83507620225e-06, 5.83565224588e-07, 2.22161716579e-07, 9.90635726339e-07, 2.05090344707e-07, 2.30461822071e-07, 1.03363817061e-07, 1.10638239903e-07, 1.16532481442e-08, 1.40762894674e-08, 2.05402859166e-08, 6.27228979866e-09, 6.33036822961e-09, 7.11599090764e-09, 3.48099349345e-09, 4.62718752203e-09, 9.62339186117e-09, 1.23684493758e-08, 1.45285206088e-08, 2.06143346837e-09],
        "dvar2": [5.1346444252e-07, 1.89617858268e-05, 1.20235690702e-05, 2.95364370686e-05, 4.57822316093e-05, 2.42989426624e-05, 1.52305838128e-05, 5.69078292756e-06, 1.15152499802e-06, 5.02731893448e-07, 2.16020771404e-06, 4.88321120429e-07, 5.3463071481e-07, 2.30983346228e-07, 2.30844989346e-07, 2.42134916562e-08, 3.39099024416e-08, 5.02222938792e-08, 1.38658187154e-08, 1.36390134742e-08, 1.51240477919e-08, 7.81280196094e-09, 9.47664702267e-09, 1.77898442644e-08, 2.34455086456e-08, 3.17150536944e-08, 5.0812070107e-09],
        "max": [0.015957351774, 0.0435595922172, 0.0404627546668, 0.0590082071722, 0.108493611217, 0.0997024923563, 0.0638715326786, 0.0607104673982, 0.0428031608462, 0.0130365071818, 0.0469307526946, 0.0141981523484, 0.0293536540121, 0.00831170380116, 0.0138614866883, 0.00545583991334, 0.00931432563812, 0.0100665576756, 0.00310895009898, 0.00365048763342, 0.00424905540422, 0.00178096722811, 0.00176712626126, 0.00356815895066, 0.00483634741977, 0.00409827567637, 0.0017547464231],
        "mean": [0.000131896696985, 0.00734668411314, 0.00313230510801, 0.00524053350091, 0.00825061183423, 0.00583569798619, 0.00327310920693, 0.00138488213997, 0.000564679910894, 0.000360445061233, 0.000898096361198, 0.000547568197362, 0.000266378512606, 0.000188780832104, 0.000269805837888, 7.72463245085e-05, 5.31387595402e-05, 4.30913314631e-05, 5.20612629771e-05, 2.75062757282e-05, 3.96315044782e-05, 4.08088053518e-05, 4.22055891249e-05, 4.93225306855e-05, 5.14196217409e-05, 4.46664489573e-05, 1.67656053236e-05],
        "median": [4.80179623992e-05, 0.00592986121774, 0.0019224267453, 0.00315301772207, 0.00590632343665, 0.00353806233034, 0.00169608951546, 0.000524089671671, 0.000256860745139, 0.000154221139383, 0.000342823681422, 0.000301121850498, 0.000101506200735, 5.62439890928e-05, 0.000103447244328, 2.70962864306e-05, 1.42118115036e-05, 1.17779818538e-05, 1.78363006853e-05, 7.42535303289e-06, 1.03610000224e-05, 8.97450991033e-06, 7.19282888895e-06, 1.01724890555e-05, 8.82201402419e-06, 6.46193575449e-06, 2.38535676544e-06],
        "min": [9.44999848369e-25, 4.54549976071e-24, 1.35668416809e-24, 2.17598287691e-24, 9.48517990512e-24, 8.96489142825e-24, 6.47925461363e-24, 8.42730007628e-24, 1.48761543572e-23, 1.70223246028e-23, 2.79884693729e-23, 3.84724876013e-23, 4.0134421891e-23, 4.64700888316e-23, 4.7244078131e-23, 5.41167353115e-23, 6.00804795787e-23, 6.43092978344e-23, 1.19770365724e-22, 1.78450408937e-22, 2.54010106525e-22, 3.26756360093e-22, 4.10675509408e-22, 5.93456297709e-22, 7.84485844775e-22, 1.2927252728e-21, 1.93424755967e-21],
        "var": [1.86694975923e-07, 3.88983935409e-05, 1.33848725454e-05, 3.44260042766e-05, 6.22782390565e-05, 5.22052068845e-05, 1.97552471946e-05, 9.25541826291e-06, 1.58722252763e-06, 5.13528391366e-07, 2.83096369458e-06, 5.416887916e-07, 4.0466929363e-07, 2.13495624735e-07, 2.85460004079e-07, 2.9267638979e-08, 4.28395843244e-08, 2.42196644962e-08, 1.16801226469e-08, 9.51488221546e-09, 1.22412444625e-08, 8.61191473689e-09, 1.34232820415e-08, 2.24741096844e-08, 2.88857915365e-08, 2.4200682347e-08, 2.83203593909e-09]
    },
    "erbbands": {
        "dmean": [0.0260993540287, 0.490482926369, 1.58483183384, 3.73302149773, 12.6895666122, 7.6294593811, 14.3332967758, 18.1351051331, 18.0744628906, 14.8077201843, 10.7915868759, 5.87944173813, 4.99082040787, 8.16072273254, 18.2160987854, 7.54799175262, 6.34148216248, 5.68578624725, 7.98689985275, 3.24188971519, 1.91258537769, 1.50092875957, 1.53717792034, 1.30879187584, 1.4338388443, 0.740949988365, 0.735111534595, 0.975741744041, 0.807789742947, 0.559340894222, 0.657509326935, 0.500216424465, 0.455393880606, 0.337145090103, 0.204506143928, 0.109503880143, 0.0509645044804, 0.0127099584788, 0.00174676009919, 0.000100218443549],
        "dmean2": [0.0430087856948, 0.790236413479, 2.59886050224, 6.13971138, 21.2854557037, 11.5970411301, 21.210105896, 24.8514308929, 27.2980461121, 22.4227371216, 15.5858592987, 8.42764949799, 7.59624767303, 12.2550859451, 26.725276947, 11.231215477, 9.46039104462, 8.5688533783, 12.1787528992, 5.04045963287, 2.86690354347, 2.23709321022, 2.29329752922, 1.9850820303, 2.19530057907, 1.11422777176, 1.09299588203, 1.44951343536, 1.23750925064, 0.823989331722, 0.967920601368, 0.729286253452, 0.666704416275, 0.488313883543, 0.300849080086, 0.160747841001, 0.0745550841093, 0.0188090577722, 0.00262872222811, 0.000157051341375],
        "dvar": [0.00171884323936, 0.595159888268, 6.35096168518, 23.8955726624, 334.131439209, 126.014389038, 755.429260254, 1392.68493652, 1082.21142578, 825.859069824, 972.686950684, 344.479980469, 151.326095581, 314.827423096, 2121.96777344, 210.020629883, 406.488037109, 255.633758545, 378.091278076, 57.3744621277, 30.7898006439, 49.5951042175, 57.1683616638, 25.6453838348, 20.3596858978, 12.5018968582, 9.62434673309, 10.7173461914, 6.24447631836, 2.6750497818, 4.93066358566, 3.56569981575, 3.13762116432, 1.90998852253, 0.643374860287, 0.220435291529, 0.0604413449764, 0.00327516836114, 5.61474480492e-05, 2.08422704873e-07],
        "dvar2": [0.00443517090753, 1.44072890282, 16.5735034943, 68.7576980591, 946.716918945, 286.596923828, 1723.01916504, 2858.46459961, 2481.31396484, 1803.31713867, 1969.67797852, 696.935546875, 336.251068115, 708.935852051, 4627.33691406, 470.831298828, 953.271911621, 556.294555664, 795.045959473, 134.697845459, 63.0983848572, 108.786491394, 132.420166016, 58.6063041687, 47.5120391846, 27.2541332245, 20.4642734528, 22.1189517975, 14.9156341553, 5.56437683105, 10.1982078552, 6.85048913956, 5.99538707733, 3.70875430107, 1.29287958145, 0.495508223772, 0.129798665643, 0.0077446824871, 0.00013437900634, 5.18588308296e-07],
        "max": [0.562909603119, 11.9976358414, 51.1411437988, 84.5595474243, 285.676147461, 399.480804443, 1269.03796387, 1208.77478027, 861.833129883, 809.830444336, 1150.90283203, 1201.88586426, 388.095306396, 523.736755371, 2136.68505859, 336.367919922, 1165.17785645, 498.662811279, 828.26940918, 253.634384155, 269.381866455, 668.123046875, 567.006835938, 231.53678894, 201.055984497, 190.516784668, 161.982818604, 128.059494019, 70.7800445557, 39.6103630066, 52.4824905396, 49.3182487488, 76.5954284668, 57.1267738342, 34.89453125, 18.5851573944, 7.66890907288, 1.85864448547, 0.263253211975, 0.017298206687],
        "mean": [0.101274773479, 1.98869657516, 4.4718875885, 9.32836723328, 24.2071075439, 22.2957210541, 40.0878639221, 58.492225647, 48.1179275513, 40.0342712402, 26.4596443176, 14.4426784515, 10.5476980209, 17.5228233337, 40.5272941589, 20.874546051, 13.8380508423, 11.1134080887, 15.07807827, 7.00222063065, 4.44897079468, 3.09024906158, 2.73151826859, 2.30771398544, 2.52478289604, 1.2775067091, 1.27539002895, 1.83878803253, 1.50877118111, 1.10346913338, 1.3181732893, 0.98044359684, 0.820656299591, 0.601235508919, 0.355774879456, 0.183209553361, 0.0816166475415, 0.0214360430837, 0.00292432447895, 0.00018916639965],
        "median": [0.0839711427689, 1.56127238274, 3.04261255264, 6.67467498779, 14.3940210342, 14.7359905243, 23.4557723999, 30.6377296448, 29.3297996521, 20.365146637, 10.7688932419, 7.3555803299, 4.81288051605, 7.31604194641, 17.5818653107, 11.9952926636, 6.41951560974, 4.36846065521, 5.76150226593, 3.09597969055, 1.54214060307, 0.927821338177, 0.801594853401, 0.750326514244, 0.863272964954, 0.36849501729, 0.321152478456, 0.47367811203, 0.324390769005, 0.237166821957, 0.212741911411, 0.203301161528, 0.155190348625, 0.102486051619, 0.0589157603681, 0.0273912362754, 0.0115933315828, 0.00307235913351, 0.000418666284531, 6.44720275886e-05],
        "min": [1.14447094471e-22, 5.44795065672e-22, 2.23804014094e-21, 6.18851459431e-21, 1.52531878773e-20, 2.98871793672e-20, 6.91789111607e-20, 9.99613907564e-20, 6.18918118556e-20, 1.751334581e-19, 3.36892568917e-19, 4.17670064455e-19, 6.36443826839e-19, 8.51218326057e-19, 1.33630996939e-18, 1.95190781081e-18, 2.09695186327e-18, 2.41158882762e-18, 2.28966840239e-18, 3.2560480024e-18, 4.08426962175e-18, 4.56273363552e-18, 4.16253703772e-18, 6.26233336832e-18, 6.22682167745e-18, 8.21713196858e-18, 8.48505907771e-18, 8.9849276306e-18, 1.19087679049e-17, 1.28460338492e-17, 1.0793068349e-17, 1.13480428471e-17, 9.15449800181e-18, 8.40138314131e-18, 5.85646892897e-18, 3.95664433863e-18, 2.18481416076e-18, 8.871197741e-19, 2.6043750567e-19, 2.58733581462e-20],
        "var": [0.00667775189504, 3.00003933907, 19.8851356506, 73.708656311, 775.208007812, 627.412719727, 2703.03149414, 6392.87060547, 3357.52075195, 3218.18530273, 3195.70385742, 836.985656738, 382.1640625, 910.229309082, 5970.93945312, 695.534057617, 750.554748535, 563.370422363, 943.899047852, 138.848434448, 92.4084396362, 153.643783569, 93.7181777954, 36.1067581177, 32.2323875427, 18.9496517181, 17.0167541504, 20.7516651154, 13.5496015549, 6.55448865891, 14.6639308929, 8.17049217224, 6.99528551102, 4.26566553116, 1.36421215534, 0.359319835901, 0.100564576685, 0.00502710975707, 8.18657499622e-05, 2.77974322671e-07]
    },
    "gfcc": {
        "mean": [-32.220993042, 134.214492798, -68.7635726929, 3.09737420082, -48.7661819458, 9.03450012207, -37.4752845764, -5.80784082413, -23.6082763672, 4.5368680954, -8.68371391296, 1.30783879757, -10.2204341888],
        "cov": [[15123.8291016, -2263.43823242, -599.468383789, 510.067077637, -901.148071289, 435.086639404, -578.905090332, 137.332199097, -510.562835693, 194.721679688, -302.130187988, 295.482421875, -290.642547607], [-2263.43823242, 2504.62182617, -284.364654541, -277.954711914, 474.364562988, -230.535247803, 188.186508179, -142.311203003, 195.329193115, -131.69720459, 167.318710327, -192.568252563, 182.205627441], [-599.468383789, -284.364654541, 535.257629395, 12.9065217972, -57.3666610718, 77.2021026611, 24.1216068268, 12.2741699219, 8.05093955994, 16.0616436005, -25.8903312683, 20.3963947296, -26.1519870758], [510.067077637, -277.954711914, 12.9065217972, 284.361877441, -36.5779495239, 31.860710144, 15.529759407, 29.6796855927, -32.6333808899, -1.19400191307, -20.3118305206, 13.0035142899, -12.6988191605], [-901.148071289, 474.364562988, -57.3666610718, -36.5779495239, 275.652709961, -28.889881134, 58.0914421082, -13.5876121521, 62.7472267151, -23.7061004639, 28.3244934082, -51.2032356262, 45.3644523621], [435.086639404, -230.535247803, 77.2021026611, 31.860710144, -28.889881134, 158.788101196, 7.27577543259, 16.7976303101, -22.0327529907, 23.3088779449, -21.2257175446, 14.3833217621, -24.0747661591], [-578.905090332, 188.186508179, 24.1216068268, 15.529759407, 58.0914421082, 7.27577543259, 151.008743286, 20.2481536865, 12.5108985901, -14.2286987305, 23.7770271301, -23.6704921722, 19.3962116241], [137.332199097, -142.311203003, 12.2741699219, 29.6796855927, -13.5876121521, 16.7976303101, 20.2481536865, 114.891815186, 21.5328998566, 11.0707149506, -12.7259616852, 12.2780170441, -14.081161499], [-510.562835693, 195.329193115, 8.05093955994, -32.6333808899, 62.7472267151, -22.0327529907, 12.5108985901, 21.5328998566, 126.534225464, 4.58679533005, 12.0096683502, -11.9114427567, 12.1240024567], [194.721679688, -131.69720459, 16.0616436005, -1.19400191307, -23.7061004639, 23.3088779449, -14.2286987305, 11.0707149506, 4.58679533005, 91.6465911865, 10.6676874161, 4.2786860466, -5.17143011093], [-302.130187988, 167.318710327, -25.8903312683, -20.3118305206, 28.3244934082, -21.2257175446, 23.7770271301, -12.7259616852, 12.0096683502, 10.6676874161, 85.6642913818, 9.33378601074, 15.5923376083], [295.482421875, -192.568252563, 20.3963947296, 13.0035142899, -51.2032356262, 14.3833217621, -23.6704921722, 12.2780170441, -11.9114427567, 4.2786860466, 9.33378601074, 87.3900909424, 1.1226195097], [-290.642547607, 182.205627441, -26.1519870758, -12.6988191605, 45.3644523621, -24.0747661591, 19.3962116241, -14.081161499, 12.1240024567, -5.17143011093, 15.5923376083, 1.1226195097, 80.8912277222]],
        "icov": [[0.000150154708535, -0.000125987819047, 0.000231069789152, -0.000215450199903, 0.000301574531477, -0.000361944723409, 0.000413513131207, -0.000209112840821, 0.000416586233769, -0.00031954239239, 0.000431886175647, -0.000406984298024, 0.00029130425537], [-0.000125987819047, 0.00139310408849, 0.000100251680124, 0.000848409137689, -0.00101717177313, 0.000775506254286, -0.00100158236455, 0.00106496422086, -0.00141473312397, 0.00162624730729, -0.00192775693722, 0.00215482409112, -0.00154053035658], [0.000231069789152, 0.000100251680124, 0.00256885378622, -0.000106755796878, 0.000718299881555, -0.00128993974067, -0.000246332172537, 0.000251308840234, -0.000214124214835, -0.000389870081563, 0.000974788621534, -0.000734363507945, 0.000563703069929], [-0.000215450199903, 0.000848409137689, -0.000106755796878, 0.00454334216192, -0.000622652703896, 0.00036940476275, -0.00154710724019, -0.000102889331174, -0.000237202766584, 0.00126350671053, -0.000732477346901, 0.0011129170889, -0.0009521455504], [0.000301574531477, -0.00101717177313, 0.000718299881555, -0.000622652703896, 0.00657318485901, -0.00145187787712, 0.000128106781631, -0.000497800705489, -0.000777183333412, -0.000202154391445, 0.000673763977829, 0.000700668082573, -0.000762618263252], [-0.000361944723409, 0.000775506254286, -0.00128993974067, 0.00036940476275, -0.00145187787712, 0.00901722256094, -0.002346993424, 0.000581785978284, -0.000106247738586, -0.000996459391899, 0.00036972554517, 0.000113179594337, 0.000635020958725], [0.000413513131207, -0.00100158236455, -0.000246332172537, -0.00154710724019, 0.000128106781631, -0.002346993424, 0.0104935979471, -0.00357251497917, 0.00219163717702, 0.000382447906304, -0.00145433319267, 0.000930153182708, -0.000525736017153], [-0.000209112840821, 0.00106496422086, 0.000251308840234, -0.000102889331174, -0.000497800705489, 0.000581785978284, -0.00357251497917, 0.0117738731205, -0.00403272360563, -0.000145732235978, 0.000804796000011, -0.000636628712527, 0.000722242984921], [0.000416586233769, -0.00141473312397, -0.000214124214835, -0.000237202766584, -0.000777183333412, -0.000106247738586, 0.00219163717702, -0.00403272360563, 0.0121555309743, -0.00286257825792, 0.00175689440221, -0.00212754798122, 0.00143969629426], [-0.00031954239239, 0.00162624730729, -0.000389870081563, 0.00126350671053, -0.000202154391445, -0.000996459391899, 0.000382447906304, -0.000145732235978, -0.00286257825792, 0.0147694190964, -0.00586158176884, 0.00428265333176, -0.00259547261521], [0.000431886175647, -0.00192775693722, 0.000974788621534, -0.000732477346901, 0.000673763977829, 0.00036972554517, -0.00145433319267, 0.000804796000011, 0.00175689440221, -0.00586158176884, 0.0183639172465, -0.00746349571273, 0.00224090763368], [-0.000406984298024, 0.00215482409112, -0.000734363507945, 0.0011129170889, 0.000700668082573, 0.000113179594337, 0.000930153182708, -0.000636628712527, -0.00212754798122, 0.00428265333176, -0.00746349571273, 0.0186719354242, -0.00529962591827], [0.00029130425537, -0.00154053035658, 0.000563703069929, -0.0009521455504, -0.000762618263252, 0.000635020958725, -0.000525736017153, 0.000722242984921, 0.00143969629426, -0.00259547261521, 0.00224090763368, -0.00529962591827, 0.017040066421]]
    },
    "melbands": {
        "dmean": [0.000365365616744, 0.000768028374296, 0.000983481528237, 0.000644190469757, 0.00050623313291, 0.000377613876481, 0.000295783684123, 0.000159181407071, 7.82937859185e-05, 3.57324752258e-05, 2.61509394477e-05, 3.29164031427e-05, 5.29288154212e-05, 3.4298562241e-05, 1.47304908751e-05, 1.61258631124e-05, 1.10073951873e-05, 1.26347395053e-05, 8.27700114314e-06, 2.95278141493e-06, 2.21177492676e-06, 1.64676214354e-06, 1.61767252393e-06, 1.27231680835e-06, 1.10723453872e-06, 1.18423565709e-06, 7.7206897231e-07, 4.53135044154e-07, 4.16842226514e-07, 5.96313384449e-07, 6.27945780707e-07, 5.49529261207e-07, 3.4392434145e-07, 3.23794665746e-07, 4.3434113195e-07, 3.28481064571e-07, 3.42546854881e-07, 3.3907755892e-07, 3.20823318134e-07, 2.96230268759e-07],
        "dmean2": [0.000591369112954, 0.00125067075714, 0.00163316982798, 0.00105234456714, 0.000748090271372, 0.000518034037668, 0.000452042615507, 0.000237038708292, 0.000113339396194, 5.16146901646e-05, 4.00142052968e-05, 4.98566951137e-05, 7.84913354437e-05, 4.98624576721e-05, 2.18791356019e-05, 2.42399801209e-05, 1.69225422724e-05, 1.9325845642e-05, 1.27809043988e-05, 4.63290007247e-06, 3.34898072651e-06, 2.46972103923e-06, 2.45155729317e-06, 1.96098858396e-06, 1.69872066635e-06, 1.83823283351e-06, 1.17567162761e-06, 6.92604032793e-07, 6.29951557585e-07, 8.94961090125e-07, 9.60283500717e-07, 8.6342782879e-07, 5.24692154613e-07, 4.85591101551e-07, 6.5844949404e-07, 4.86516228193e-07, 5.12727467594e-07, 5.02302384575e-07, 4.75714927006e-07, 4.4184614012e-07],
        "dvar": [3.2350126844e-07, 1.3568239865e-06, 1.67391021932e-06, 7.64585536217e-07, 8.26794632758e-07, 5.8926946167e-07, 2.84912914594e-07, 1.05162278885e-07, 4.56286102235e-08, 1.13847651306e-08, 4.34947988737e-09, 5.19503595697e-09, 1.87621456149e-08, 4.89896789801e-09, 1.42088640853e-09, 3.28995963805e-09, 9.91471460488e-10, 9.74953673349e-10, 3.41895428635e-10, 7.45802516966e-11, 4.51310447347e-11, 5.99868488216e-11, 4.51034695703e-11, 5.12184739065e-11, 1.74899938282e-11, 1.16735440758e-11, 1.28674137317e-11, 4.7879976893e-12, 2.89068638817e-12, 6.18061678226e-12, 4.06374803599e-12, 3.44888765984e-12, 1.08089741584e-12, 1.00355346862e-12, 2.30001868246e-12, 1.34002509609e-12, 1.75292538731e-12, 1.81379629198e-12, 1.68258701243e-12, 1.53975183298e-12],
        "dvar2": [7.89145815361e-07, 3.49707624991e-06, 4.71307794214e-06, 2.07082780435e-06, 1.93815003513e-06, 1.2143850654e-06, 6.75480180234e-07, 2.19107832322e-07, 9.19962417356e-08, 2.32579004944e-08, 9.63127000375e-09, 1.17974101599e-08, 4.20109529387e-08, 1.09096678358e-08, 3.13987813527e-09, 7.42134620424e-09, 2.21725815486e-09, 2.09472728052e-09, 7.35294991561e-10, 1.76189215995e-10, 9.47148956487e-11, 1.24204049823e-10, 1.024338947e-10, 1.25906798876e-10, 3.94968120709e-11, 2.75837113567e-11, 2.89921663066e-11, 1.06763608371e-11, 6.16009760562e-12, 1.36259519293e-11, 8.60944995851e-12, 8.92307321781e-12, 2.44926605039e-12, 2.20441785485e-12, 5.02638425673e-12, 2.68869280139e-12, 3.52827901444e-12, 3.65723683976e-12, 3.36141618013e-12, 3.17398884953e-12],
        "max": [0.00830782111734, 0.0215219464153, 0.0217505861074, 0.0153404902667, 0.0361551977694, 0.0239872187376, 0.0137429507449, 0.0086806351319, 0.00755150662735, 0.00650540739298, 0.00197149417363, 0.00192893366329, 0.00739463092759, 0.00196337001398, 0.00195128668565, 0.00406211288646, 0.000966327206697, 0.00120043777861, 0.000686339277308, 0.000367317610653, 0.000252180499956, 0.000750144419726, 0.000416602444602, 0.000468194921268, 0.000162699012435, 0.000173566411831, 0.000160112671438, 0.000119522388559, 7.35914290999e-05, 0.000130233369418, 6.26957480563e-05, 5.58123210794e-05, 2.1887533876e-05, 3.22141349898e-05, 4.16016446252e-05, 3.33466778102e-05, 3.95462557208e-05, 5.67269307794e-05, 4.76682907902e-05, 5.14619277965e-05],
        "mean": [0.00153303879779, 0.00257363403216, 0.00230371556245, 0.00152285187505, 0.00145031127613, 0.00120484828949, 0.000766140641645, 0.000426849903306, 0.000187630415894, 8.30651042634e-05, 5.13093400514e-05, 6.55689655105e-05, 0.000116583774798, 8.4223865997e-05, 3.70104098693e-05, 2.94074106932e-05, 1.90404662135e-05, 2.28663611779e-05, 1.63888616953e-05, 5.65907248529e-06, 4.8623433031e-06, 3.07430809698e-06, 2.86043587039e-06, 2.04191451303e-06, 1.79570145065e-06, 2.04576167562e-06, 1.26581301174e-06, 7.2429395459e-07, 6.81258882196e-07, 9.79481455943e-07, 1.11789984203e-06, 9.60238025982e-07, 5.9902168914e-07, 5.91370337588e-07, 8.19980584765e-07, 6.18885565018e-07, 6.06825722116e-07, 5.73050499497e-07, 5.69665814965e-07, 4.86722285586e-07],
        "median": [0.00130021909717, 0.00195609545335, 0.00160987861454, 0.00109325442463, 0.000883191474713, 0.000671471119858, 0.000455279485323, 0.000210286263609, 7.48927996028e-05, 3.96982286475e-05, 2.11128972296e-05, 2.47953666985e-05, 4.95966050948e-05, 4.5393298933e-05, 1.59176852321e-05, 1.10396495074e-05, 6.10599363426e-06, 8.30779936223e-06, 6.43244857201e-06, 2.34555454881e-06, 1.37502092912e-06, 7.62131492138e-07, 8.09959146864e-07, 5.45982743461e-07, 4.96382995152e-07, 6.77950026784e-07, 3.92686871464e-07, 1.73167279627e-07, 1.6393900637e-07, 2.28331927588e-07, 2.68913140644e-07, 1.86826710546e-07, 1.31881066068e-07, 1.16488223512e-07, 1.17052437076e-07, 1.15241533649e-07, 1.19876972349e-07, 1.01496659966e-07, 9.7038793001e-08, 7.81317339715e-08],
        "min": [1.56528630574e-24, 1.07632132605e-24, 1.93977188948e-24, 1.76958500994e-24, 2.14404722367e-24, 2.05764861353e-24, 9.76508136214e-25, 1.68369067913e-24, 2.35524639002e-24, 2.59478183453e-24, 2.75003143561e-24, 2.87606162877e-24, 4.66581485382e-24, 3.87785758877e-24, 2.51080857724e-24, 3.73735002306e-24, 4.29140805757e-24, 3.38214686226e-24, 3.30323040059e-24, 3.50098047459e-24, 4.28036203274e-24, 3.68359704098e-24, 3.62684323202e-24, 3.17372941667e-24, 4.09942179577e-24, 4.28291873094e-24, 3.84345970343e-24, 4.96930897115e-24, 4.86421218819e-24, 5.01668401281e-24, 4.47139850601e-24, 6.01417930037e-24, 4.80612165442e-24, 6.59661700037e-24, 6.10696906435e-24, 5.9042057793e-24, 6.51047772826e-24, 4.56263381957e-24, 5.40256242435e-24, 6.47390929214e-24],
        "var": [1.4751449271e-06, 4.95171707371e-06, 4.93500283483e-06, 2.07730226975e-06, 3.11369080919e-06, 2.60281490227e-06, 8.78334731169e-07, 4.0237966914e-07, 1.50800545384e-07, 2.87308008495e-08, 1.05143325158e-08, 1.42269405146e-08, 4.89396647652e-08, 1.45067264867e-08, 3.92976939878e-09, 5.39657873944e-09, 2.04453565189e-09, 2.28668151081e-09, 9.32012578225e-10, 1.3678037869e-10, 1.35397151824e-10, 1.72400163589e-10, 1.16457760102e-10, 6.14958639567e-11, 2.49949123898e-11, 2.02445196024e-11, 1.68240421594e-11, 7.107424458e-12, 5.38195920122e-12, 9.44744369541e-12, 7.7763143147e-12, 6.72591713227e-12, 1.94559407647e-12, 2.11859913293e-12, 6.52397710507e-12, 3.26476237537e-12, 3.55629805118e-12, 3.6519563415e-12, 3.78481360835e-12, 3.06482964008e-12]
    },
    "mfcc": {
        "mean": [-691.353637695, 178.638763428, 33.4331169128, 8.91479682922, 8.61532115936, 10.0143585205, 0.429217636585, -6.49603271484, -7.37768316269, -4.80217170715, -0.859366059303, -0.884140074253, 3.26183485985],
        "cov": [[7335.43945312, -1503.765625, -231.136306763, -72.5513153076, -145.378555298, 7.17722606659, -75.7333602905, -15.68400383, -155.866699219, -83.0160675049, -36.7830314636, -82.6462478638, -61.8035392761], [-1503.765625, 2064.54370117, -210.518600464, -2.29341483116, 165.587799072, 20.2117099762, 45.345085144, -36.6037979126, 49.0980567932, 7.75849676132, -4.71730470657, 25.9314079285, 33.7008132935], [-231.136306763, -210.518600464, 516.391845703, -24.8085536957, -33.0471496582, 42.8635978699, -6.69848299026, 27.4412784576, -3.17879271507, 10.7481508255, 8.20684719086, -4.53048372269, 8.96760940552], [-72.5513153076, -2.29341483116, -24.8085536957, 219.688415527, 12.9727487564, -7.79148244858, 30.0316200256, 18.6413612366, 22.2998943329, -7.95375585556, -0.273611217737, 8.45681858063, 1.70026409626], [-145.378555298, 165.587799072, -33.0471496582, 12.9727487564, 156.218902588, 29.0105381012, -17.4834480286, 2.34564471245, 24.8176994324, 9.02503490448, -3.15930151939, 19.0019264221, 6.14838933945], [7.17722606659, 20.2117099762, 42.8635978699, -7.79148244858, 29.0105381012, 124.560012817, 35.3906745911, -8.71622848511, 5.45507860184, 4.48838758469, 1.10529005527, -7.41830587387, 3.87137365341], [-75.7333602905, 45.345085144, -6.69848299026, 30.0316200256, -17.4834480286, 35.3906745911, 136.980422974, 12.7267284393, 2.80214238167, 17.5160694122, 3.04998254776, -21.7359466553, 2.03571510315], [-15.68400383, -36.6037979126, 27.4412784576, 18.6413612366, 2.34564471245, -8.71622848511, 12.7267284393, 119.265983582, 21.8515930176, 1.2887686491, 7.37871837616, 5.10818576813, 1.27335095406], [-155.866699219, 49.0980567932, -3.17879271507, 22.2998943329, 24.8176994324, 5.45507860184, 2.80214238167, 21.8515930176, 112.794082642, 23.1295585632, -2.61411428452, 17.6951007843, 1.41721248627], [-83.0160675049, 7.75849676132, 10.7481508255, -7.95375585556, 9.02503490448, 4.48838758469, 17.5160694122, 1.2887686491, 23.1295585632, 106.822685242, 20.3316249847, -10.2327871323, -0.0598559714854], [-36.7830314636, -4.71730470657, 8.20684719086, -0.273611217737, -3.15930151939, 1.10529005527, 3.04998254776, 7.37871837616, -2.61411428452, 20.3316249847, 76.5291671753, 14.209274292, -7.70473194122], [-82.6462478638, 25.9314079285, -4.53048372269, 8.45681858063, 19.0019264221, -7.41830587387, -21.7359466553, 5.10818576813, 17.6951007843, -10.2327871323, 14.209274292, 94.7147216797, 17.1416053772], [-61.8035392761, 33.7008132935, 8.96760940552, 1.70026409626, 6.14838933945, 3.87137365341, 2.03571510315, 1.27335095406, 1.41721248627, -0.0598559714854, -7.70473194122, 17.1416053772, 82.4919662476]],
