{
"lowlevel": {
    "average_loudness": 0.149413615465,
    "barkbands_crest": {
        "dmean": 2.67929363251,
        "dmean2": 4.28899049759,
        "dvar": 6.03648090363,
        "dvar2": 14.3040056229,
        "max": 25.7534618378,
        "mean": 9.16606903076,
        "median": 8.32971763611,
        "min": 2.15041184425,
        "var": 16.8268470764
    },
    "barkbands_flatness_db": {
        "dmean": 0.0205953344703,
        "dmean2": 0.029961226508,
        "dvar": 0.000412861118093,
        "dvar2": 0.000824615184683,
        "max": 0.287201821804,
        "mean": 0.111638240516,
        "median": 0.103701487184,
        "min": 0.00850700773299,
        "var": 0.00312469457276
    },
    "barkbands_kurtosis": {
        "dmean": 3.11484217644,
        "dmean2": 4.6062746048,
        "dvar": 30.399356842,
        "dvar2": 63.8209495544,
        "max": 114.540588379,
        "mean": 4.92581653595,
        "median": 2.87683749199,
        "min": -1.95955073833,
        "var": 63.5565299988
    },
    "barkbands_skewness": {
        "dmean": 0.57243347168,
        "dmean2": 0.825447022915,
        "dvar": 0.407664090395,
        "dvar2": 0.813427746296,
        "max": 10.1103601456,
        "mean": 1.41038966179,
        "median": 1.26295721531,
        "min": -3.59428477287,
        "var": 1.44546222687
    },
    "barkbands_spread": {
        "dmean": 8.57649612427,
        "dmean2": 12.4619703293,
        "dvar": 144.120193481,
        "dvar2": 256.021820068,
        "max": 136.911682129,
        "mean": 26.6054573059,
        "median": 19.0418586731,
        "min": 1.69651007652,
        "var": 492.431396484
    },
    "dissonance": {
        "dmean": 0.0195935554802,
        "dmean2": 0.0340206958354,
        "dvar": 0.000338933081366,
        "dvar2": 0.000961917161476,
        "max": 0.500000178814,
        "mean": 0.474521875381,
        "median": 0.480451047421,
        "min": 0.324560105801,
        "var": 0.000486689561512
    },
    "dynamic_complexity": 6.70369577408,
    "erbbands_crest": {
        "dmean": 2.24379777908,
        "dmean2": 3.67255020142,
        "dvar": 3.72548174858,
        "dvar2": 9.31767272949,
        "max": 28.3398113251,
        "mean": 8.32505893707,
        "median": 8.02326393127,
        "min": 2.42883682251,
        "var": 10.1006155014
    },
    "erbbands_flatness_db": {
        "dmean": 0.018054112792,
        "dmean2": 0.0258551780134,
        "dvar": 0.000321953499224,
        "dvar2": 0.000565976835787,
        "max": 0.349520206451,
        "mean": 0.144591316581,
        "median": 0.125722438097,
        "min": 0.0303389262408,
        "var": 0.00432554958388
    },
    "erbbands_kurtosis": {
        "dmean": 1.69220066071,
        "dmean2": 2.61022686958,
        "dvar": 4.25084590912,
        "dvar2": 9.45843887329,
        "max": 26.0413188934,
        "mean": 2.73890566826,
        "median": 1.26883840561,
        "min": -1.82997202873,
        "var": 18.0863704681
    },
    "erbbands_skewness": {
        "dmean": 0.445021271706,
        "dmean2": 0.665693759918,
        "dvar": 0.183175399899,
        "dvar2": 0.386230319738,
        "max": 4.06513023376,
        "mean": 1.03593242168,
        "median": 1.08669376373,
        "min": -3.88340544701,
        "var": 0.917834937572
    },
    "erbbands_spread": {
        "dmean": 9.59268093109,
        "dmean2": 14.0062179565,
        "dvar": 147.972412109,
        "dvar2": 286.005828857,
        "max": 150.306610107,
        "mean": 36.6637382507,
        "median": 33.6736907959,
        "min": 3.53315997124,
        "var": 588.512207031
    },
    "hfc": {
        "dmean": 13.568022728,
        "dmean2": 19.9273071289,
        "dvar": 2074.52294922,
        "dvar2": 4481.94189453,
        "max": 736.729553223,
        "mean": 22.268196106,
        "median": 7.92841148376,
        "min": 1.19125562266e-16,
        "var": 2550.58203125
    },
    "melbands_crest": {
        "dmean": 3.33227276802,
        "dmean2": 5.14779996872,
        "dvar": 8.97021961212,
        "dvar2": 19.7676506042,
        "max": 34.5321960449,
        "mean": 12.633471489,
        "median": 10.8270320892,
        "min": 1.91501033306,
        "var": 36.0968360901
    },
    "melbands_flatness_db": {
        "dmean": 0.0266098994762,
        "dmean2": 0.0371246002614,
        "dvar": 0.000727093487512,
        "dvar2": 0.0013904881198,
        "max": 0.399517536163,
        "mean": 0.176872193813,
        "median": 0.177994966507,
        "min": 0.00813857838511,
        "var": 0.00458931736648
    },
    "melbands_kurtosis": {
        "dmean": 6.94496631622,
        "dmean2": 10.1966075897,
        "dvar": 235.379852295,
        "dvar2": 487.759979248,
        "max": 387.184783936,
        "mean": 12.5518217087,
        "median": 6.10805654526,
        "min": -1.87584853172,
        "var": 508.911560059
    },
    "melbands_skewness": {
        "dmean": 0.720063209534,
        "dmean2": 1.03688871861,
        "dvar": 0.748815655708,
        "dvar2": 1.45190799236,
        "max": 17.7480201721,
        "mean": 2.091796875,
        "median": 1.62729370594,
        "min": -1.05048441887,
        "var": 3.33030986786
    },
    "melbands_spread": {
        "dmean": 9.00176048279,
        "dmean2": 13.4776849747,
        "dvar": 240.481918335,
        "dvar2": 505.027252197,
        "max": 252.541824341,
        "mean": 25.9532165527,
        "median": 18.1433906555,
        "min": 1.22604250908,
        "var": 621.729614258
    },
    "pitch_salience": {
        "dmean": 0.0745734572411,
        "dmean2": 0.115925118327,
        "dvar": 0.00501215783879,
        "dvar2": 0.0111474795267,
        "max": 0.899486124516,
        "mean": 0.633479714394,
        "median": 0.667887449265,
        "min": 0.0919720828533,
        "var": 0.0178562402725
    },
    "silence_rate_20dB": {
        "dmean": 0.000450822757557,
        "dmean2": 0.000901713268831,
        "dvar": 0.000450605177321,
        "dvar2": 0.00120149715804,
        "max": 1,
        "mean": 0.999699473381,
        "median": 1,
        "min": 0,
        "var": 0.000300430547213
    },
    "silence_rate_30dB": {
        "dmean": 0.013374408707,
        "dmean2": 0.0267508272082,
        "dvar": 0.0131949074566,
        "dvar2": 0.0282880496234,
        "max": 1,
        "mean": 0.977911353111,
        "median": 1,
        "min": 0,
        "var": 0.0216010473669
    },
    "silence_rate_60dB": {
        "dmean": 0.0560522936285,
        "dmean2": 0.112113013864,
        "dvar": 0.0529024675488,
        "dvar2": 0.111718297005,
        "max": 1,
        "mean": 0.311870783567,
        "median": 0,
        "min": 0,
        "var": 0.21459749341
    },
    "spectral_centroid": {
        "dmean": 287.646453857,
        "dmean2": 411.510040283,
        "dvar": 151440.5625,
        "dvar2": 302307.53125,
        "max": 11005.1289062,
        "mean": 1424.36108398,
        "median": 1126.50732422,
        "min": 229.489074707,
        "var": 619210.75
    },
    "spectral_complexity": {
        "dmean": 2.89924120903,
        "dmean2": 4.52179145813,
        "dvar": 16.3397674561,
        "dvar2": 37.5073051453,
        "max": 54,
        "mean": 12.0654392242,
        "median": 12,
        "min": 0,
        "var": 63.656703949
    },
    "spectral_decrease": {
        "dmean": 1.67077640612e-09,
        "dmean2": 2.28257635015e-09,
        "dvar": 1.46959670409e-17,
        "dvar2": 2.38580279551e-17,
        "max": 1.54196888591e-09,
        "mean": -4.77069184157e-09,
        "median": -1.80778281234e-09,
        "min": -9.75111973389e-08,
        "var": 6.07707956998e-17
    },
    "spectral_energy": {
        "dmean": 0.00717726536095,
        "dmean2": 0.0098283002153,
        "dvar": 0.000252464873483,
        "dvar2": 0.000430655840319,
        "max": 0.387362837791,
        "mean": 0.020025478676,
        "median": 0.00802036374807,
        "min": 1.06306521983e-20,
        "var": 0.000987900304608
    },
    "spectral_energyband_high": {
        "dmean": 0.00119174388237,
        "dmean2": 0.00181766145397,
        "dvar": 1.90572827705e-05,
        "dvar2": 4.45172627224e-05,
        "max": 0.0714298337698,
        "mean": 0.00138051144313,
        "median": 0.000311346288072,
        "min": 7.52154038525e-21,
        "var": 1.88259073184e-05
    },
    "spectral_energyband_low": {
        "dmean": 0.003870787099,
        "dmean2": 0.0054255691357,
        "dvar": 0.000100098463008,
        "dvar2": 0.00017971235502,
        "max": 0.226772844791,
        "mean": 0.00706654367968,
        "median": 0.000756977126002,
        "min": 1.68659244086e-22,
        "var": 0.000268267904175
    },
    "spectral_energyband_middle_high": {
        "dmean": 0.00169796368573,
        "dmean2": 0.00269067147747,
        "dvar": 1.20060240079e-05,
        "dvar2": 2.94088622468e-05,
        "max": 0.0733895227313,
        "mean": 0.00392778450623,
        "median": 0.0013884769287,
        "min": 1.37560317621e-21,
        "var": 4.30313230027e-05
    },
    "spectral_energyband_middle_low": {
        "dmean": 0.00367758981884,
        "dmean2": 0.00506862392649,
        "dvar": 9.9468321423e-05,
        "dvar2": 0.000171789666638,
        "max": 0.288076132536,
        "mean": 0.00919077824801,
        "median": 0.002707967069,
        "min": 3.17744640303e-22,
        "var": 0.000322728272295
    },
    "spectral_entropy": {
        "dmean": 0.162213847041,
        "dmean2": 0.225379317999,
        "dvar": 0.0299127046019,
        "dvar2": 0.0477279387414,
        "max": 9.79971885681,
        "mean": 7.79246759415,
        "median": 7.84450674057,
        "min": 6.48657560349,
        "var": 0.217867568135
    },
    "spectral_flux": {
        "dmean": 0.0193423908204,
        "dmean2": 0.0307296495885,
        "dvar": 0.000939936435316,
        "dvar2": 0.00216256291606,
        "max": 0.508848190308,
        "mean": 0.0635691210628,
        "median": 0.049699947238,
        "min": 1.03105052274e-10,
        "var": 0.0027714993339
    },
    "spectral_kurtosis": {
        "dmean": 1.38556063175,
        "dmean2": 2.1487801075,
        "dvar": 3.06367754936,
        "dvar2": 7.01796865463,
        "max": 28.9850101471,
        "mean": 4.28983449936,
        "median": 3.32745099068,
        "min": -1.23932695389,
        "var": 10.2959079742
    },
    "spectral_rms": {
        "dmean": 0.000652429764159,
        "dmean2": 0.000875058758538,
        "dvar": 1.0254807421e-06,
        "dvar2": 1.68018220847e-06,
        "max": 0.0194400344044,
        "mean": 0.00349463918246,
        "median": 0.00279727485031,
        "min": 3.2204607904e-12,
        "var": 7.32459648134e-06
    },
    "spectral_rolloff": {
        "dmean": 1025.40039062,
        "dmean2": 1654.24560547,
        "dvar": 4315467.5,
        "dvar2": 8109484.5,
        "max": 20004.3457031,
        "mean": 2456.0222168,
        "median": 968.994140625,
        "min": 64.599609375,
        "var": 9511775
    },
    "spectral_skewness": {
        "dmean": 0.230262100697,
        "dmean2": 0.340077519417,
        "dvar": 0.0613065622747,
        "dvar2": 0.118498295546,
        "max": 3.89953374863,
        "mean": 1.59906291962,
        "median": 1.49464678764,
        "min": -0.000840670021717,
        "var": 0.319691598415
    },
    "spectral_spread": {
        "dmean": 882961.1875,
        "dmean2": 1209526.625,
        "dvar": 1.6883646464e+12,
        "dvar2": 2.2473998336e+12,
        "max": 41858948,
        "mean": 5852264,
        "median": 5696362,
        "min": 1599396.25,
        "var": 6.20594305434e+12
    },
    "spectral_strongpeak": {
        "dmean": 0.399087965488,
        "dmean2": 0.675818920135,
        "dvar": 0.625685274601,
        "dvar2": 1.71672725677,
        "max": 18.6224956512,
        "mean": 0.792938351631,
        "median": 0.375272989273,
        "min": 0,
        "var": 1.12409555912
    },
    "zerocrossingrate": {
        "dmean": 0.0204188805073,
        "dmean2": 0.0224115885794,
        "dvar": 0.000784943229519,
        "dvar2": 0.000869585492183,
        "max": 0.5732421875,
        "mean": 0.091281555593,
        "median": 0.0693359375,
        "min": 0.00341796875,
        "var": 0.00434219092131
    },
    "barkbands": {
        "dmean": [0.000110463122837, 0.00219770008698, 0.0017599723069, 0.00137238914613, 0.000464204204036, 0.000553284247871, 0.00047785253264, 0.000818543194328, 0.00152843235992, 0.00128301221412, 0.000441827723989, 0.000183107360499, 0.000121457182104, 8.59892825247e-05, 5.93488039158e-05, 5.41998379049e-05, 4.62164316559e-05, 5.21170077263e-05, 6.90196538926e-05, 0.00011903700215, 0.000107430983917, 0.000108306383481, 0.000287484726869, 0.000156005611643, 0.000186017205124, 0.00021648305119, 0.000126139901113],
        "dmean2": [0.000184238655493, 0.00324936304241, 0.00266258511692, 0.00200676522218, 0.000735559151508, 0.000865670910571, 0.000714418885764, 0.00133384543005, 0.00233112554997, 0.0020912901964, 0.000707231287379, 0.000311158393743, 0.000202385388548, 0.000143096316606, 0.000101434634416, 9.23530024011e-05, 8.329674165e-05, 8.91080417205e-05, 0.000116687144327, 0.000211326769204, 0.000168956772541, 0.000177305904799, 0.000473931693705, 0.000250448822044, 0.000275236758171, 0.000333052652422, 0.000184305492439],
        "dvar": [8.77972325952e-08, 2.98703307635e-05, 3.01190448226e-05, 2.76081736956e-05, 1.09783445623e-06, 2.95089262181e-06, 1.328554049e-06, 5.8336136135e-06, 2.14261872316e-05, 8.52155335451e-06, 8.38319238028e-07, 1.67360155956e-07, 8.96870417932e-08, 3.87555303405e-08, 2.38076687253e-08, 2.41412507762e-08, 4.84700741765e-08, 2.44863525012e-08, 6.34517149933e-08, 4.85216617108e-07, 1.1134373068e-07, 1.5270219933e-07, 1.93850223695e-06, 6.06243474977e-07, 6.71147972753e-07, 1.04960884073e-06, 3.38718422199e-07],
        "dvar2": [2.24540357863e-07, 6.51869559078e-05, 6.96977003827e-05, 5.98985170654e-05, 2.54587098425e-06, 7.30344618205e-06, 2.81910456579e-06, 1.43133493111e-05, 4.1438081098e-05, 2.12908889807e-05, 2.11354517887e-06, 4.61100967186e-07, 2.37626537114e-07, 9.76369420869e-08, 6.50320615136e-08, 6.79775027379e-08, 1.41380525065e-07, 6.8877824333e-08, 1.7943732189e-07, 1.42265196246e-06, 2.76016436374e-07, 3.95649976781e-07, 4.96251141158e-06, 1.58503451075e-06, 1.5209667481e-06, 1.94819540411e-06, 5.89374849369e-07],
        "max": [0.00492233084515, 0.0767780914903, 0.114621274173, 0.141404822469, 0.0163683667779, 0.0310119129717, 0.0288311447948, 0.0684684365988, 0.157488763332, 0.057993363589, 0.0206390935928, 0.00809045229107, 0.00614056596532, 0.00424941116944, 0.00332861905918, 0.00322882179171, 0.00449432758614, 0.0028779739514, 0.00487877754495, 0.0179141275585, 0.0149367693812, 0.00864308234304, 0.0197592265904, 0.0178105998784, 0.0156767759472, 0.0223623532802, 0.0141555573791],
        "mean": [0.000124167345348, 0.00344678596593, 0.00218862737529, 0.00190802570432, 0.000652827555314, 0.000755040266085, 0.00104710191954, 0.00124145299196, 0.00322721409611, 0.0022741954308, 0.000765753269661, 0.000304792512907, 0.000179241527803, 0.000133060544613, 8.02089998615e-05, 8.03315633675e-05, 5.03549090354e-05, 6.8397494033e-05, 8.28481206554e-05, 0.000110506443889, 0.000157010668772, 0.000124520680401, 0.000267494149739, 0.000155800575158, 0.00019305209571, 0.000254661164945, 0.000152035572683],
        "median": [1.08979647848e-05, 0.000307425390929, 0.000141945260111, 7.41319236113e-05, 0.000167987251189, 0.000188529171282, 0.000271802884527, 0.000256051309407, 0.000602587359026, 0.000534804537892, 0.000219588022446, 0.000101184588857, 7.69246325945e-05, 5.30104844074e-05, 3.46294873452e-05, 3.84804152418e-05, 1.85502212844e-05, 3.11988769681e-05, 3.4734242945e-05, 2.67665891442e-05, 6.49445573799e-05, 3.5362347262e-05, 5.36005900358e-05, 2.54295846389e-05, 1.08389886009e-05, 1.80365786946e-05, 2.04744392249e-05],
        "min": [7.62480008155e-23, 3.69350860494e-23, 8.67697265952e-23, 5.7363876124e-23, 6.50774968948e-23, 1.57216838744e-23, 2.78710774039e-23, 1.17660560389e-23, 1.05818925164e-22, 4.63926416233e-23, 1.16881355141e-22, 1.144995127e-22, 1.18342994492e-22, 1.27871045831e-22, 9.80721722355e-23, 1.58899848242e-22, 9.70239086211e-23, 2.20387037209e-22, 1.95644295009e-22, 2.59205052197e-22, 4.28370303223e-22, 5.90723380611e-22, 6.9444993111e-22, 8.47116452914e-22, 1.05944287153e-21, 1.55457620234e-21, 2.46035563383e-21],
        "var": [1.00631133648e-07, 6.07998954365e-05, 4.85056298203e-05, 5.55976621399e-05, 1.97651229428e-06, 3.55070255864e-06, 4.13591669712e-06, 8.93191554496e-06, 5.48559910385e-05, 2.12394934351e-05, 2.00026147468e-06, 3.01040927297e-07, 1.06133001054e-07, 5.38593809551e-08, 2.19646025812e-08, 2.13732604948e-08, 2.85361441144e-08, 2.02452525855e-08, 4.37541274323e-08, 2.72337132401e-07, 1.29974964125e-07, 1.30919659114e-07, 1.45303670251e-06, 4.51294567938e-07, 6.80803168507e-07, 1.40543124871e-06, 4.82444875161e-07]
    },
    "erbbands": {
        "dmean": [0.0612605623901, 0.522256612778, 1.72647440434, 3.70359539986, 2.10478305817, 1.67297577858, 3.2175180912, 5.48912096024, 6.44781732559, 9.42714595795, 23.8627681732, 33.237071991, 32.3132858276, 23.5896663666, 14.2001962662, 6.3708281517, 5.0288028717, 4.23455381393, 3.55175709724, 2.59162688255, 3.27797460556, 2.3906583786, 2.73748636246, 3.6963095665, 2.85631346703, 5.96083641052, 4.89919233322, 4.09445714951, 3.79455137253, 5.30973577499, 8.22991085052, 4.74563932419, 2.29007482529, 1.69928228855, 1.47801423073, 0.992120206356, 0.401681631804, 0.0948311313987, 0.0206076055765, 0.00174296670593],
        "dmean2": [0.0850968435407, 0.785015821457, 2.57496571541, 5.31664276123, 3.12334609032, 2.62402629852, 5.17866802216, 8.52774333954, 9.84372901917, 14.636505127, 36.5961685181, 52.2916870117, 52.6244468689, 36.7231521606, 22.8823451996, 10.6465234756, 8.43828296661, 7.00653791428, 5.90341472626, 4.39977264404, 5.71454620361, 4.28507423401, 4.65961837769, 6.39206552505, 4.69206571579, 10.6292476654, 8.05132579803, 6.44101190567, 6.16352081299, 8.85577011108, 13.4999856949, 7.76994943619, 3.64976453781, 2.62421774864, 2.14890003204, 1.49182188511, 0.590239703655, 0.143174231052, 0.0301060378551, 0.00255287578329],
        "dvar": [0.0217100959271, 1.90558624268, 27.4444713593, 195.840805054, 44.4440040588, 14.9664564133, 61.5979652405, 310.05456543, 256.72958374, 675.278442383, 4729.50390625, 10824.8857422, 5559.44042969, 2543.0300293, 1017.52160645, 236.833511353, 156.82460022, 101.520576477, 62.7849845886, 49.8276786804, 141.831344604, 117.806121826, 62.479309082, 244.61932373, 70.1699447632, 1343.77124023, 363.894348145, 151.218597412, 174.492950439, 476.82434082, 1655.17614746, 587.065246582, 151.546875, 65.2631835938, 41.8680458069, 21.5761814117, 3.45336937904, 0.173795580864, 0.00911369174719, 7.02333782101e-05],
        "dvar2": [0.0412492342293, 4.22178125381, 64.4262161255, 375.695251465, 105.044334412, 33.6827812195, 153.222824097, 740.167297363, 581.942504883, 1528.18164062, 10392.9091797, 21644.0644531, 13461.6123047, 5984.35449219, 2572.06518555, 646.647888184, 414.622283936, 260.972991943, 161.653884888, 138.206985474, 407.632507324, 343.114044189, 174.661834717, 702.905761719, 188.638961792, 3944.03662109, 990.791259766, 378.701599121, 449.196624756, 1239.12109375, 4206.84082031, 1527.74389648, 393.633453369, 159.676071167, 89.2024841309, 40.3661575317, 6.64332389832, 0.343570739031, 0.0151052353904, 0.000123613746837],
        "max": [3.91044473648, 17.6716175079, 101.587417603, 359.055603027, 162.400970459, 54.7275695801, 156.919021606, 338.043426514, 389.847473145, 839.488830566, 1894.81848145, 3544.80761719, 1589.79724121, 1086.23522949, 887.400695801, 253.850128174, 223.353103638, 199.115386963, 129.154495239, 142.527297974, 257.843566895, 220.76272583, 139.633468628, 328.635162354, 138.164123535, 965.570068359, 640.247009277, 507.529724121, 359.302398682, 318.886627197, 618.173339844, 455.014892578, 310.782928467, 180.972732544, 126.235954285, 107.07208252, 38.3618621826, 9.8294210434, 2.29066967964, 0.206705182791],
        "mean": [0.111340038478, 0.741239130497, 2.20273780823, 5.4648976326, 2.91862201691, 2.29335546494, 4.30048942566, 7.6634016037, 13.138092041, 17.8777313232, 44.6011924744, 69.0311660767, 63.8475494385, 49.7372741699, 24.9096469879, 11.1245508194, 8.00838184357, 6.85679531097, 5.41382598877, 4.00957632065, 4.47640657425, 2.83880472183, 3.6898021698, 4.32714891434, 3.67992210388, 5.36947202682, 6.04403066635, 6.20281457901, 4.67355155945, 5.0592417717, 7.76294565201, 4.42941474915, 2.35638189316, 1.82979750633, 1.51852917671, 1.11749386787, 0.451658189297, 0.117092221975, 0.0248910542578, 0.00200953474268],
        "median": [0.0098846135661, 0.0644750669599, 0.172486364841, 0.273177862167, 0.302208781242, 0.616578936577, 1.15467202663, 1.95874977112, 3.63065814972, 4.08743810654, 8.05387306213, 13.6966381073, 15.5652647018, 13.1651535034, 7.44806098938, 3.9941341877, 3.56240606308, 2.90466976166, 2.48142194748, 1.86702370644, 2.05437707901, 1.1969435215, 1.71691930294, 1.84212517738, 1.49488139153, 1.25970292091, 2.17884397507, 2.64025354385, 1.43430292606, 1.12881207466, 1.54468894005, 0.740742266178, 0.345609903336, 0.165612906218, 0.046240106225, 0.0384008772671, 0.0384471453726, 0.021380379796, 0.00307287881151, 0.000191023631487],
        "min": [6.9828543594e-22, 1.22030167218e-20, 9.08617707082e-20, 1.29508747526e-19, 3.18086281648e-19, 1.26014775393e-19, 1.0368779418e-19, 1.19271818759e-19, 4.54864757687e-19, 2.62254175241e-19, 3.54105809723e-19, 1.53631851919e-18, 3.56588132213e-18, 1.88646128075e-18, 6.10384556296e-18, 4.07969614014e-18, 5.61138275809e-18, 6.72280330864e-18, 5.11841247792e-18, 7.54501794238e-18, 6.50360706375e-18, 6.47181354973e-18, 1.09351167669e-17, 1.17761385926e-17, 9.63031958711e-18, 1.43892153826e-17, 1.24491062692e-17, 2.25958942698e-17, 1.8329639123e-17, 1.84820471509e-17, 2.08580109638e-17, 1.49279266827e-17, 1.66570203674e-17, 1.21874706958e-17, 7.05022331537e-18, 5.69485231294e-18, 3.17512657743e-18, 1.20152285313e-18, 3.41720615357e-19, 3.65186281769e-20],
        "var": [0.0686193779111, 3.09141612053, 44.1113319397, 437.918823242, 79.0388870239, 25.1763439178, 91.1519622803, 378.961486816, 675.982788086, 1489.50878906, 10402.7490234, 25861.1875, 15219.1298828, 8931.76171875, 2214.54052734, 379.852416992, 189.702758789, 138.651687622, 76.1698226929, 48.2496757507, 99.2513580322, 71.0403518677, 55.6474723816, 155.756713867, 60.0692558289, 745.28326416, 298.493225098, 178.29385376, 160.607833862, 358.997436523, 1254.72851562, 429.486175537, 115.071937561, 58.0001411438, 46.457157135, 28.6184196472, 4.38714408875, 0.224596589804, 0.013352656737, 9.92211498669e-05]
    },
    "gfcc": {
        "mean": [-52.5081748962, 59.4729995728, -101.529838562, -1.47766911983, -67.8496780396, 7.73902750015, -11.7946519852, 6.98590707779, -13.7055082321, -0.136891618371, -17.7088603973, 0.249600037932, -10.4251775742],
        "cov": [[21563.1210938, -1464.56323242, 2659.8972168, 472.499969482, 628.4609375, 877.889404297, -122.792076111, 620.062683105, -48.3278923035, -28.7943229675, -263.156890869, 204.573028564, -140.252578735], [-1464.56323242, 2094.91455078, -844.547058105, -204.589416504, -347.748809814, -244.024368286, 36.4064254761, -75.9387435913, -59.3258743286, -15.3992891312, 32.7808303833, -85.4547805786, 139.02444458], [2659.8972168, -844.547058105, 1522.20935059, 389.406860352, 578.142150879, 400.558013916, 44.2638549805, 188.818588257, 46.8731651306, 82.407951355, -43.5009880066, 79.9616241455, -123.377189636], [472.499969482, -204.589416504, 389.406860352, 564.180114746, 300.357330322, 147.319488525, 121.958183289, -48.5459899902, 62.4523506165, -14.0372829437, -0.412416815758, 26.7608947754, -43.937664032], [628.4609375, -347.748809814, 578.142150879, 300.357330322, 455.248962402, 188.835098267, 99.2073287964, 36.9272079468, 54.4873657227, 20.4159145355, -4.40032339096, 43.7944641113, -62.644618988], [877.889404297, -244.024368286, 400.558013916, 147.319488525, 188.835098267, 215.551635742, 38.7558517456, 112.45552063, 16.72539711, 48.8689193726, -5.81168603897, 32.3059310913, -19.8820018768], [-122.792076111, 36.4064254761, 44.2638549805, 121.958183289, 99.2073287964, 38.7558517456, 167.170013428, -14.0966024399, 76.9457015991, 3.24893403053, 25.2307529449, 21.7105007172, 5.96710300446], [620.062683105, -75.9387435913, 188.818588257, -48.5459899902, 36.9272079468, 112.45552063, -14.0966024399, 206.965988159, -15.183848381, 86.0219955444, -8.80680370331, 27.758972168, 17.5709152222], [-48.3278923035, -59.3258743286, 46.8731651306, 62.4523506165, 54.4873657227, 16.72539711, 76.9457015991, -15.183848381, 113.683898926, -2.19607138634, 34.215801239, 12.3542547226, -11.8370599747], [-28.7943229675, -15.3992891312, 82.407951355, -14.0372829437, 20.4159145355, 48.8689193726, 3.24893403053, 86.0219955444, -2.19607138634, 107.285552979, 13.0062685013, 22.4856891632, 15.470044136], [-263.156890869, 32.7808303833, -43.5009880066, -0.412416815758, -4.40032339096, -5.81168603897, 25.2307529449, -8.80680370331, 34.215801239, 13.0062685013, 59.1616287231, 14.8726100922, 15.1995840073], [204.573028564, -85.4547805786, 79.9616241455, 26.7608947754, 43.7944641113, 32.3059310913, 21.7105007172, 27.758972168, 12.3542547226, 22.4856891632, 14.8726100922, 56.7560691833, 15.7100667953], [-140.252578735, 139.02444458, -123.377189636, -43.937664032, -62.644618988, -19.8820018768, 5.96710300446, 17.5709152222, -11.8370599747, 15.470044136, 15.1995840073, 15.7100667953, 72.5772247314]],
        "icov": [[7.21672186046e-05, -1.27217535919e-05, -0.000121609118651, -1.11750141514e-05, 0.000127647697809, -0.000152670894749, 6.25656903139e-05, -0.000125209233374, -5.6788790971e-05, 0.000275636964943, 0.000222410875722, -0.000226052317885, -2.18024761125e-05], [-1.27217535919e-05, 0.000739894399885, 0.000196623295778, -6.93052788847e-05, 1.56023343152e-05, 0.000465264107333, -0.000615217722952, -0.00017160117568, 0.000517872802448, -0.000188162637642, -0.000365874031559, 0.00129098538309, -0.000994792324491], [-0.000121609118651, 0.000196623295778, 0.00226118182763, -0.000138297575177, -0.00164402776863, -0.00156746525317, 0.000800351845101, -0.000188990539755, -0.000304463173961, -0.000750405481085, 0.000493294850457, -0.000596743717324, 0.00141619239002], [-1.11750141514e-05, -6.93052788847e-05, -0.000138297575177, 0.00348214968108, -0.00127660029102, -0.001979108667, -0.00108416273724, 0.00228377128951, -0.000158790644491, -0.000126908227685, 0.000632864015643, -0.000119304080727, -0.000229248253163], [0.000127647697809, 1.56023343152e-05, -0.00164402776863, -0.00127660029102, 0.00652731442824, -0.00178589031566, -0.00201718113385, 0.000368606823031, 0.000397331576096, 0.000540558365174, 0.000127412422444, -0.00189100718126, 0.00220280489884], [-0.000152670894749, 0.000465264107333, -0.00156746525317, -0.001979108667, -0.00178589031566, 0.0148626929149, -0.00174080661964, -0.00628014048561, 0.00125297962222, -0.000370136549463, -0.00186980457511, 0.00155491149053, -0.000517149455845], [6.25656903139e-05, -0.000615217722952, 0.000800351845101, -0.00108416273724, -0.00201718113385, -0.00174080661964, 0.0118655413389, 0.00080465641804, -0.00709524285048, -0.000151407148223, 0.00122412247583, -0.00223801261745, -0.00228162761778], [-0.000125209233374, -0.00017160117568, -0.000188990539755, 0.00228377128951, 0.000368606823031, -0.00628014048561, 0.00080465641804, 0.0124453930184, -0.000638678728137, -0.00663329474628, 0.00305950478651, -0.00108427950181, -0.00242966669612], [-5.6788790971e-05, 0.000517872802448, -0.000304463173961, -0.000158790644491, 0.000397331576096, 0.00125297962222, -0.00709524285048, -0.000638678728137, 0.0165437720716, 0.0010413757991, -0.00863714236766, 0.000679766002577, 0.00384668167681], [0.000275636964943, -0.000188162637642, -0.000750405481085, -0.000126908227685, 0.000540558365174, -0.000370136549463, -0.000151407148223, -0.00663329474628, 0.0010413757991, 0.0164079368114, -0.00354311428964, -0.00273266108707, -0.000469857593998], [0.000222410875722, -0.000365874031559, 0.000493294850457, 0.000632864015643, 0.000127412422444, -0.00186980457511, 0.00122412247583, 0.00305950478651, -0.00863714236766, -0.00354311428964, 0.0264661051333, -0.00594403268769, -0.00380075653084], [-0.000226052317885, 0.00129098538309, -0.000596743717324, -0.000119304080727, -0.00189100718126, 0.00155491149053, -0.00223801261745, -0.00108427950181, 0.000679766002577, -0.00273266108707, -0.00594403268769, 0.0281970333308, -0.00892152450979], [-2.18024761125e-05, -0.000994792324491, 0.00141619239002, -0.000229248253163, 0.00220280489884, -0.000517149455845, -0.00228162761778, -0.00242966669612, 0.00384668167681, -0.000469857593998, -0.00380075653084, -0.00892152450979, 0.0239006616175]]
    },
    "melbands": {
        "dmean": [0.000573616591282, 0.000763931777328, 0.000578410981689, 0.000111984045361, 0.000105590421299, 0.000116727671411, 9.60216566455e-05, 0.000124663376482, 0.00023502233671, 0.00021078181453, 0.000175607186975, 0.000116843199066, 4.80431990582e-05, 2.75786078419e-05, 1.75106724782e-05, 1.05411427285e-05, 8.1591460912e-06, 6.45700583846e-06, 4.36290429207e-06, 3.5236896565e-06, 4.01767238145e-06, 2.80798076346e-06, 1.91046547116e-06, 2.91338938041e-06, 3.19918081004e-06, 2.48275523518e-06, 1.99586133931e-06, 4.78963966088e-06, 3.26746021528e-06, 2.63314564108e-06, 2.41710245064e-06, 2.04128127734e-06, 2.44180364461e-06, 3.23450080941e-06, 4.43207909484e-06, 5.58451438337e-06, 1.97647477762e-06, 1.56033127041e-06, 1.57920976562e-06, 1.39840676638e-06],
        "dmean2": [0.000832759717014, 0.00110282166861, 0.000828084477689, 0.000166994490428, 0.000169997700141, 0.000181339171831, 0.000144646852277, 0.000198438021471, 0.000357434502803, 0.000332007213729, 0.000287316332106, 0.000184384276508, 7.7208984294e-05, 4.53568682133e-05, 2.92512177111e-05, 1.76304274646e-05, 1.35810560096e-05, 1.07213272713e-05, 7.50729304855e-06, 5.90708714299e-06, 7.10301219442e-06, 5.07101458425e-06, 3.32359809363e-06, 4.95301719639e-06, 5.57898147235e-06, 4.15106387663e-06, 3.26701069753e-06, 8.71593329066e-06, 5.53523068447e-06, 4.18371746491e-06, 3.88946637031e-06, 3.3030078157e-06, 4.12268946093e-06, 5.43027681488e-06, 7.23236371414e-06, 9.33825594984e-06, 3.19797868542e-06, 2.52129348155e-06, 2.5057631774e-06, 2.17261867874e-06],
        "dvar": [1.90413697965e-06, 4.5788551688e-06, 4.37059361502e-06, 8.07191753438e-08, 6.11861779021e-08, 1.34544123398e-07, 5.50959668999e-08, 1.22685221982e-07, 4.51487920827e-07, 4.26781952001e-07, 1.62580164442e-07, 6.68861090958e-08, 1.00170565176e-08, 4.01468858158e-09, 1.78766190739e-09, 6.35901442614e-10, 3.44160283605e-10, 1.89594687172e-10, 1.37884315077e-10, 6.37780106505e-11, 2.83805257073e-10, 1.76161946142e-10, 4.21691674635e-11, 7.30185911735e-11, 2.02723546283e-10, 5.64985627727e-11, 3.93807382537e-11, 1.03891129033e-09, 2.11302877973e-10, 5.74680511511e-11, 5.92331114713e-11, 4.40614558728e-11, 9.73767247392e-11, 1.77089759523e-10, 4.24134005694e-10, 9.8329944187e-10, 8.94450277733e-11, 7.21989065755e-11, 7.50929041171e-11, 4.3505199443e-11],
        "dvar2": [4.09067843066e-06, 9.59447970672e-06, 8.7833022917e-06, 1.73387519453e-07, 1.48896532437e-07, 3.21513681456e-07, 1.21970884948e-07, 2.90071511699e-07, 9.62590206655e-07, 8.48924116781e-07, 4.0172142235e-07, 1.5895756178e-07, 2.55884753386e-08, 1.04632578157e-08, 4.82149831171e-09, 1.67471225776e-09, 8.86245854481e-10, 4.78300399287e-10, 3.82134879295e-10, 1.74111100537e-10, 8.23052681564e-10, 5.13497078192e-10, 1.21735801994e-10, 2.03123046161e-10, 5.84277071169e-10, 1.55902554755e-10, 1.04501927944e-10, 3.0602467227e-09, 5.97620286591e-10, 1.33256142232e-10, 1.54477985959e-10, 1.1090569435e-10, 2.58910504147e-10, 4.64612237572e-10, 1.06421704782e-09, 2.58287990995e-09, 2.31854327404e-10, 1.87791115991e-10, 1.95878480103e-10, 1.06322249616e-10],
        "max": [0.0268644746393, 0.042483586818, 0.0551141574979, 0.00431086774915, 0.00501303421333, 0.00688570970669, 0.00596228195354, 0.0108581073582, 0.0200591385365, 0.0209692120552, 0.00825034640729, 0.00526642613113, 0.00246749375947, 0.00137188134249, 0.000694523972925, 0.000641872407869, 0.000412738794694, 0.000223266848479, 0.000268064381089, 0.00015561580949, 0.000360612379154, 0.00027218813193, 0.000116614166473, 0.000151263957378, 0.000303728826111, 0.000123257705127, 0.000103338330518, 0.000853035366163, 0.000351428810973, 0.000389293534681, 0.000271934841294, 0.000230008357903, 0.000165245888638, 0.000201695540454, 0.000350156740751, 0.000519016117323, 0.000205490097869, 0.000214646730456, 0.000226319985813, 0.000147470695083],
        "mean": [0.000974921684247, 0.00109837483615, 0.00085862306878, 0.000157390299137, 0.000144963414641, 0.000168826329173, 0.00020239976584, 0.000210065714782, 0.000428330735303, 0.000429824140156, 0.000335259333951, 0.000234026127146, 8.62916203914e-05, 4.39287468907e-05, 2.43226822931e-05, 1.48475219248e-05, 1.25187916638e-05, 9.43767372519e-06, 5.84323379371e-06, 5.61865363125e-06, 4.8964875532e-06, 2.99123985315e-06, 2.54122437582e-06, 3.74312685381e-06, 3.50767572854e-06, 3.03664478452e-06, 2.38476127379e-06, 3.96345740228e-06, 3.61106208402e-06, 3.92967604057e-06, 3.48079311152e-06, 2.66141319116e-06, 2.31283138419e-06, 3.02937201013e-06, 4.34587536802e-06, 4.72905549032e-06, 1.96010660147e-06, 1.56082433023e-06, 1.6480909153e-06, 1.49085701651e-06],
        "median": [8.8832428446e-05, 0.000105786748463, 5.0294889661e-05, 3.14356802846e-05, 4.02661098633e-05, 4.44905745098e-05, 5.45381262782e-05, 4.60259980173e-05, 7.16683134669e-05, 8.54102981975e-05, 7.93661019998e-05, 5.70604606764e-05, 2.60554752458e-05, 1.30248145069e-05, 8.98150028661e-06, 6.45002364763e-06, 4.82843188365e-06, 4.09912172472e-06, 2.42428632191e-06, 2.71606222668e-06, 2.12956638279e-06, 1.08657502551e-06, 1.27142516249e-06, 1.57236468112e-06, 1.38269240324e-06, 1.24891630549e-06, 7.46792011341e-07, 7.97838197286e-07, 1.1663917121e-06, 1.62238120538e-06, 1.43199167724e-06, 8.4212456386e-07, 4.57448891211e-07, 6.6614586558e-07, 9.24091409615e-07, 6.98063047366e-07, 3.25016173974e-07, 2.12352773588e-07, 2.24084772071e-07, 9.65258024621e-08],
        "min": [1.26787980829e-23, 3.60973694106e-23, 3.13146856025e-23, 1.65763736445e-23, 3.51062982118e-24, 3.08720813866e-24, 6.76373126669e-24, 2.8775541536e-24, 3.31818917551e-24, 1.2809943053e-23, 1.70753108121e-23, 5.76923365057e-24, 1.88597141797e-23, 1.46124113353e-23, 1.11535686548e-23, 1.05442272481e-23, 1.31915292723e-23, 7.69962558945e-24, 8.66090861159e-24, 1.28127348317e-23, 5.71216981927e-24, 6.63264861665e-24, 6.41729274497e-24, 1.07885974239e-23, 9.43635651484e-24, 7.16880029747e-24, 7.53986863437e-24, 9.57460044417e-24, 7.63011037762e-24, 7.85655526705e-24, 1.51853310341e-23, 1.12158997104e-23, 9.64050819508e-24, 9.67473213659e-24, 1.15840894939e-23, 1.20301177606e-23, 8.21992195493e-24, 1.07702027653e-23, 1.2555229333e-23, 9.96532482825e-24],
        "var": [4.80911194245e-06, 8.39239964989e-06, 9.42743281485e-06, 1.50539534616e-07, 9.65982849266e-08, 1.70612807437e-07, 1.54615705128e-07, 2.23787580467e-07, 1.01365867522e-06, 1.02282376702e-06, 4.31429469927e-07, 2.1433551467e-07, 2.41897737396e-08, 7.39108951819e-09, 2.08384043354e-09, 7.25577986582e-10, 4.8947240705e-10, 2.41728248529e-10, 1.23649798733e-10, 7.99214167069e-11, 1.77000428203e-10, 1.03482618308e-10, 2.93210143665e-11, 6.67740515659e-11, 1.25033802756e-10, 4.46522298303e-11, 3.44047602907e-11, 5.61960367129e-10, 1.44502090849e-10, 8.02635041763e-11, 6.09561776055e-11, 4.54558890528e-11, 7.23730242402e-11, 1.30382551977e-10, 3.30924232461e-10, 6.94930002432e-10, 6.74933720024e-11, 5.40966438312e-11, 5.76808670272e-11, 3.89261053946e-11]
    },
    "mfcc": {
        "mean": [-699.439697266, 107.678077698, 9.67113208771, -0.775553822517, -24.0660991669, 0.932645201683, 0.310868084431, 8.62215518951, 7.13065958023, 6.27353239059, -1.08812201023, 0.153029441833, -4.24749898911],
        "cov": [[13404.5380859, 669.161743164, 1064.7220459, 278.440307617, 414.591583252, 394.828582764, 206.885940552, 428.90435791, 208.150054932, 287.272705078, 106.011924744, 77.2974395752, -52.8380050659], [669.161743164, 1659.3729248, -264.498809814, -142.628631592, -321.82409668, -180.063186646, -14.5405836105, -112.260131836, 33.0384864807, -45.1317672729, -26.8419628143, -39.4664764404, 40.996131897], [1064.7220459, -264.498809814, 659.798950195, 199.636444092, 348.883605957, 200.381881714, 120.333213806, 142.21836853, 62.4882850647, 83.0825042725, 62.9190864563, 52.9171600342, 7.59350681305], [278.440307617, -142.628631592, 199.636444092, 418.090576172, 210.454544067, 260.722686768, 83.4480514526, 103.057777405, 29.1400032043, 40.25573349, 26.1921482086, 34.073764801, -5.4239525795], [414.591583252, -321.82409668, 348.883605957, 210.454544067, 412.029266357, 202.343444824, 117.800216675, 124.518341064, 38.6061515808, 58.3370323181, 61.2229232788, 34.0742683411, -11.5410003662], [394.828582764, -180.063186646, 200.381881714, 260.722686768, 202.343444824, 271.033050537, 84.0594863892, 110.256103516, 27.4924354553, 49.8973808289, 32.4700393677, 36.2738761902, -16.2359390259], [206.885940552, -14.5405836105, 120.333213806, 83.4480514526, 117.800216675, 84.0594863892, 121.107154846, 57.7878990173, 51.4908294678, 28.6909255981, 31.2731323242, 14.6905298233, 22.2760353088], [428.90435791, -112.260131836, 142.21836853, 103.057777405, 124.518341064, 110.256103516, 57.7878990173, 131.281799316, 41.4866065979, 50.6345977783, 27.6825885773, 30.17811203, -6.20274209976], [208.150054932, 33.0384864807, 62.4882850647, 29.1400032043, 38.6061515808, 27.4924354553, 51.4908294678, 41.4866065979, 83.6495819092, 35.895362854, 27.891078949, 14.3673667908, 17.3662319183], [287.272705078, -45.1317672729, 83.0825042725, 40.25573349, 58.3370323181, 49.8973808289, 28.6909255981, 50.6345977783, 35.895362854, 71.0189666748, 36.8194389343, 21.2133636475, 9.8519449234], [106.011924744, -26.8419628143, 62.9190864563, 26.1921482086, 61.2229232788, 32.4700393677, 31.2731323242, 27.6825885773, 27.891078949, 36.8194389343, 65.7009735107, 31.5994377136, 3.81700563431], [77.2974395752, -39.4664764404, 52.9171600342, 34.073764801, 34.0742683411, 36.2738761902, 14.6905298233, 30.17811203, 14.3673667908, 21.2133636475, 31.5994377136, 60.1145706177, 11.1286582947], [-52.8380050659, 40.996131897, 7.59350681305, -5.4239525795, -11.5410003662, -16.2359390259, 22.2760353088, -6.20274209976, 17.3662319183, 9.8519449234, 3.81700563431, 11.1286582947, 68.4166030884]],
