{
"lowlevel": {
    "average_loudness": 0.937141239643,
    "barkbands_crest": {
        "dmean": 2.33953666687,
        "dmean2": 4.00069189072,
        "dvar": 3.94039058685,
        "dvar2": 11.3300085068,
        "max": 22.3053379059,
        "mean": 9.12445831299,
        "median": 8.7238702774,
        "min": 1.8538864851,
        "var": 7.4066734314
    },
    "barkbands_flatness_db": {
        "dmean": 0.0205791871995,
        "dmean2": 0.0349779576063,
        "dvar": 0.000316604826367,
        "dvar2": 0.000871956988703,
        "max": 0.524837732315,
        "mean": 0.324254870415,
        "median": 0.339858531952,
        "min": 0.0126702971756,
        "var": 0.00727525772527
    },
    "barkbands_kurtosis": {
        "dmean": 1.82003295422,
        "dmean2": 3.08058190346,
        "dvar": 8.31841278076,
        "dvar2": 23.4772186279,
        "max": 87.7348632812,
        "mean": 3.06918740273,
        "median": 1.80499482155,
        "min": -1.47580516338,
        "var": 22.4803276062
    },
    "barkbands_skewness": {
        "dmean": 0.406784027815,
        "dmean2": 0.688642442226,
        "dvar": 0.122202038765,
        "dvar2": 0.344664603472,
        "max": 6.45360803604,
        "mean": 1.11883318424,
        "median": 1.01768898964,
        "min": -2.11018872261,
        "var": 0.619503259659
    },
    "barkbands_spread": {
        "dmean": 1.23474133015,
        "dmean2": 2.08771896362,
        "dvar": 3.55624222755,
        "dvar2": 8.65877151489,
        "max": 120.114776611,
        "mean": 5.59237289429,
        "median": 4.44795799255,
        "min": 1.32126092911,
        "var": 29.5770950317
    },
    "dissonance": {
        "dmean": 0.0460614785552,
        "dmean2": 0.0785093978047,
        "dvar": 0.00163556507323,
        "dvar2": 0.0045859394595,
        "max": 0.500000059605,
        "mean": 0.404084712267,
        "median": 0.412540793419,
        "min": 0.152221783996,
        "var": 0.00364321423694
    },
    "dynamic_complexity": 4.13281106949,
    "erbbands_crest": {
        "dmean": 2.11236715317,
        "dmean2": 3.43797540665,
        "dvar": 3.14055395126,
        "dvar2": 7.99006557465,
        "max": 28.357427597,
        "mean": 9.33497524261,
        "median": 8.78547859192,
        "min": 2.58492398262,
        "var": 9.82889938354
    },
    "erbbands_flatness_db": {
        "dmean": 0.0128644658253,
        "dmean2": 0.0209714919329,
        "dvar": 0.000130423926748,
        "dvar2": 0.000330588809447,
        "max": 0.46615472436,
        "mean": 0.311820149422,
        "median": 0.327408254147,
        "min": 0.0666778236628,
        "var": 0.00531873572618
    },
    "erbbands_kurtosis": {
        "dmean": 0.854463994503,
        "dmean2": 1.42193758488,
        "dvar": 0.927586317062,
        "dvar2": 2.51244044304,
        "max": 23.0682678223,
        "mean": 0.970279633999,
        "median": 0.570492863655,
        "min": -1.54014909267,
        "var": 2.79082751274
    },
    "erbbands_skewness": {
        "dmean": 0.292226403952,
        "dmean2": 0.473794937134,
        "dvar": 0.0581194572151,
        "dvar2": 0.152154192328,
        "max": 4.33755970001,
        "mean": 0.53026497364,
        "median": 0.492770850658,
        "min": -1.15954887867,
        "var": 0.300731807947
    },
    "erbbands_spread": {
        "dmean": 2.43644762039,
        "dmean2": 4.01282310486,
        "dvar": 8.22798252106,
        "dvar2": 22.5164165497,
        "max": 76.6927032471,
        "mean": 13.6650829315,
        "median": 10.9519100189,
        "min": 3.54448986053,
        "var": 92.4128646851
    },
    "hfc": {
        "dmean": 2.48074865341,
        "dmean2": 4.15593671799,
        "dvar": 7.57620429993,
        "dvar2": 20.8594779968,
        "max": 56.0489425659,
        "mean": 10.7079515457,
        "median": 10.1745557785,
        "min": 1.19609310724e-16,
        "var": 46.8030891418
    },
    "melbands_crest": {
        "dmean": 3.20587038994,
        "dmean2": 5.58561420441,
        "dvar": 7.06544780731,
        "dvar2": 21.1497077942,
        "max": 35.900138855,
        "mean": 12.2782878876,
        "median": 11.8864822388,
        "min": 1.63236820698,
        "var": 13.6222305298
    },
    "melbands_flatness_db": {
        "dmean": 0.0243020616472,
        "dmean2": 0.0410199686885,
        "dvar": 0.000460660172394,
        "dvar2": 0.00121669739019,
        "max": 0.68398720026,
        "mean": 0.443938493729,
        "median": 0.46340483427,
        "min": 0.00428373087198,
        "var": 0.0122098643333
    },
    "melbands_kurtosis": {
        "dmean": 2.7397480011,
        "dmean2": 4.68535518646,
        "dvar": 19.1210231781,
        "dvar2": 53.8292655945,
        "max": 130.974639893,
        "mean": 4.94766950607,
        "median": 2.87218856812,
        "min": -1.30004227161,
        "var": 60.4908332825
    },
    "melbands_skewness": {
        "dmean": 0.492531865835,
        "dmean2": 0.839363336563,
        "dvar": 0.179887130857,
        "dvar2": 0.518430411816,
        "max": 7.95188713074,
        "mean": 1.56129109859,
        "median": 1.44324827194,
        "min": -0.354310154915,
        "var": 0.708170413971
    },
    "melbands_spread": {
        "dmean": 1.71659171581,
        "dmean2": 2.8995244503,
        "dvar": 6.40882444382,
        "dvar2": 16.6264247894,
        "max": 182.662139893,
        "mean": 8.03772640228,
        "median": 5.90421724319,
        "min": 1.40510952473,
        "var": 150.927062988
    },
    "pitch_salience": {
        "dmean": 0.0753937885165,
        "dmean2": 0.128977775574,
        "dvar": 0.00390211585909,
        "dvar2": 0.0116183198988,
        "max": 0.846074163914,
        "mean": 0.637888967991,
        "median": 0.643384337425,
        "min": 0.236954703927,
        "var": 0.00720797339454
    },
    "silence_rate_20dB": {
        "dmean": 0,
        "dmean2": 0,
        "dvar": 0,
        "dvar2": 0,
        "max": 1,
        "mean": 1,
        "median": 1,
        "min": 1,
        "var": 0
    },
    "silence_rate_30dB": {
        "dmean": 0.0270488131791,
        "dmean2": 0.0541024729609,
        "dvar": 0.0263178069144,
        "dvar2": 0.067479506135,
        "max": 1,
        "mean": 0.977521061897,
        "median": 1,
        "min": 0,
        "var": 0.021972451359
    },
    "silence_rate_60dB": {
        "dmean": 0.00680698594078,
        "dmean2": 0.0136151919141,
        "dvar": 0.00676012178883,
        "dvar2": 0.0166523382068,
        "max": 1,
        "mean": 0.104871936142,
        "median": 0,
        "min": 0,
        "var": 0.0938646271825
    },
    "spectral_centroid": {
        "dmean": 51.7424926758,
        "dmean2": 87.9794158936,
        "dvar": 8681.17773438,
        "dvar2": 14232.1064453,
        "max": 11155.1044922,
        "mean": 447.070037842,
        "median": 354.824829102,
        "min": 191.504745483,
        "var": 225697.453125
    },
    "spectral_complexity": {
        "dmean": 1.44540977478,
        "dmean2": 2.44303107262,
        "dvar": 1.63368177414,
        "dvar2": 4.19112157822,
        "max": 29,
        "mean": 11.1846675873,
        "median": 12,
        "min": 0,
        "var": 17.6976051331
    },
    "spectral_decrease": {
        "dmean": 3.62605900861e-09,
        "dmean2": 6.21488505104e-09,
        "dvar": 1.93668127689e-17,
        "dvar2": 5.60976752251e-17,
        "max": 1.75938648633e-18,
        "mean": -1.100526692e-08,
        "median": -9.95777948987e-09,
        "min": -5.13502804722e-08,
        "var": 6.05593087782e-17
    },
    "spectral_energy": {
        "dmean": 0.0138842258602,
        "dmean2": 0.0237902253866,
        "dvar": 0.000282754277578,
        "dvar2": 0.000818969041575,
        "max": 0.19629599154,
        "mean": 0.0425076074898,
        "median": 0.0385364629328,
        "min": 1.07430324393e-20,
        "var": 0.000895884353667
    },
    "spectral_energyband_high": {
        "dmean": 8.30989563383e-07,
        "dmean2": 1.30046191771e-06,
        "dvar": 8.81044456141e-12,
        "dvar2": 2.01362329588e-11,
        "max": 7.15282512829e-05,
        "mean": 2.79663549918e-06,
        "median": 4.63082699298e-07,
        "min": 8.31965496967e-21,
        "var": 2.94805464762e-11
    },
    "spectral_energyband_low": {
        "dmean": 0.00948511157185,
        "dmean2": 0.0160733163357,
        "dvar": 0.00019690177578,
        "dvar2": 0.000560631568078,
        "max": 0.160331919789,
        "mean": 0.0172247532755,
        "median": 0.0117418123409,
        "min": 4.3067779079e-23,
        "var": 0.000342104642186
    },
    "spectral_energyband_middle_high": {
        "dmean": 0.000296059733955,
        "dmean2": 0.000459575472632,
        "dvar": 1.51836744067e-07,
        "dvar2": 3.46182304156e-07,
        "max": 0.00771955680102,
        "mean": 0.000937741657253,
        "median": 0.000743643729948,
        "min": 1.39037014749e-21,
        "var": 6.92006494774e-07
    },
    "spectral_energyband_middle_low": {
        "dmean": 0.00884078070521,
        "dmean2": 0.0155508164316,
        "dvar": 0.000111401030154,
        "dvar2": 0.000342038460076,
        "max": 0.142482027411,
        "mean": 0.026306046173,
        "median": 0.0237289108336,
        "min": 1.65269123812e-22,
        "var": 0.000338278652634
    },
    "spectral_entropy": {
        "dmean": 0.133248314261,
        "dmean2": 0.228693395853,
        "dvar": 0.015658846125,
        "dvar2": 0.0418665781617,
        "max": 9.80316638947,
        "mean": 5.99018907547,
        "median": 5.8090763092,
        "min": 5.04325246811,
        "var": 0.415579557419
    },
    "spectral_flux": {
        "dmean": 0.0219496712089,
        "dmean2": 0.0362454019487,
        "dvar": 0.000514217710588,
        "dvar2": 0.00136591482442,
        "max": 0.329531699419,
        "mean": 0.09459169209,
        "median": 0.0916023850441,
        "min": 1.03648603589e-10,
        "var": 0.00239486945793
    },
    "spectral_kurtosis": {
        "dmean": 29.3489723206,
        "dmean2": 51.4113616943,
        "dvar": 972.135070801,
        "dvar2": 2822.16015625,
        "max": 477.950775146,
        "mean": 100.030296326,
        "median": 87.7019348145,
        "min": -1.17653524876,
        "var": 5838.19482422
    },
    "spectral_rms": {
        "dmean": 0.000954170653131,
        "dmean2": 0.00161832734011,
        "dvar": 9.01328292002e-07,
        "dvar2": 2.5995748274e-06,
        "max": 0.01383865159,
        "mean": 0.00589673267677,
        "median": 0.00613160245121,
        "min": 3.23743831222e-12,
        "var": 6.69953669785e-06
    },
    "spectral_rolloff": {
        "dmean": 84.1379547119,
        "dmean2": 144.793014526,
        "dvar": 34433.4257812,
        "dvar2": 65610.859375,
        "max": 20004.3457031,
        "mean": 637.440063477,
        "median": 430.6640625,
        "min": 86.1328125,
        "var": 1975343.5
    },
    "spectral_skewness": {
        "dmean": 1.34063088894,
        "dmean2": 2.36847233772,
        "dvar": 1.56584525108,
        "dvar2": 4.46733522415,
        "max": 16.7377204895,
        "mean": 6.94406270981,
        "median": 6.84838008881,
        "min": -0.0459231026471,
        "var": 10.4818544388
    },
    "spectral_spread": {
        "dmean": 254058.15625,
        "dmean2": 452085.125,
        "dvar": 135501856768,
        "dvar2": 232811855872,
        "max": 40544236,
        "mean": 1357037.125,
        "median": 911371.75,
        "min": 167564.375,
        "var": 2.08192693862e+12
    },
    "spectral_strongpeak": {
        "dmean": 0.325067818165,
        "dmean2": 0.568444669247,
        "dvar": 0.134208336473,
        "dvar2": 0.36061167717,
        "max": 3.703997612,
        "mean": 0.536267518997,
        "median": 0.396879911423,
        "min": 0,
        "var": 0.212973028421
    },
    "zerocrossingrate": {
        "dmean": 0.00241765915416,
        "dmean2": 0.00327424844727,
        "dvar": 1.46304500959e-05,
        "dvar2": 1.88295089174e-05,
        "max": 0.5185546875,
        "mean": 0.0225094333291,
        "median": 0.01513671875,
        "min": 0.0048828125,
        "var": 0.00161613244563
    },
    "barkbands": {
        "dmean": [0.000182772841072, 0.00563557026908, 0.0051481667906, 0.00464524840936, 0.00461411848664, 0.00263116974384, 0.00110524147749, 0.000780814792961, 0.000564333109651, 0.0002460021351, 0.000118205069157, 7.99183981144e-05, 1.84642158274e-05, 2.08531400858e-05, 1.38514324135e-05, 8.23908249004e-06, 3.90574405174e-06, 4.65492712465e-06, 1.95407119463e-06, 4.16438069806e-07, 4.08381197303e-07, 1.95936777914e-07, 9.22448322171e-08, 4.92285217035e-08, 2.80067631309e-08, 1.40832794315e-08, 1.26222765573e-08],
        "dmean2": [0.000274479098152, 0.00949501618743, 0.00895677600056, 0.00878025591373, 0.00769861321896, 0.00448722532019, 0.00158061576076, 0.0012196272146, 0.000810179801192, 0.000395904120523, 0.000180375951459, 0.00012493149552, 2.9812914363e-05, 3.40739134117e-05, 2.04313801078e-05, 1.39346266224e-05, 5.50905951968e-06, 7.13183953849e-06, 3.01720911011e-06, 6.68864572617e-07, 6.24483163847e-07, 3.21322772834e-07, 1.55405430746e-07, 8.51970867188e-08, 4.90723905955e-08, 2.44435884866e-08, 2.19771045806e-08],
        "dvar": [2.13609169464e-07, 9.69011598499e-05, 5.69598414586e-05, 3.57698008884e-05, 3.03428168991e-05, 9.1203755801e-06, 2.0655352273e-06, 8.84370876975e-07, 4.10723515643e-07, 9.62716626418e-08, 4.4313452463e-08, 1.23799663854e-08, 1.53640578038e-09, 2.07905315186e-09, 1.24243348942e-09, 5.73145642058e-10, 2.37568742456e-10, 6.27019880461e-10, 9.91912940673e-11, 1.93967303157e-12, 2.36456839352e-12, 4.77828551466e-13, 1.21960086344e-13, 3.5010595768e-14, 2.49593673908e-14, 6.21050274399e-15, 2.22479302234e-15],
        "dvar2": [4.93284233016e-07, 0.000277218932752, 0.000162504424225, 0.000123715639347, 8.28249540064e-05, 2.66403421847e-05, 4.01713668907e-06, 2.03058789339e-06, 8.13095482499e-07, 2.38376642869e-07, 1.00099825318e-07, 2.93645339156e-08, 3.90591559096e-09, 5.40224043277e-09, 2.46621478794e-09, 1.42186351582e-09, 4.48120346386e-10, 1.31771338285e-09, 2.38039116196e-10, 4.77336182733e-12, 4.99945571053e-12, 1.24353695743e-12, 3.22212092077e-13, 1.01249148226e-13, 7.43426519889e-14, 1.8315225706e-14, 6.59395201812e-15],
        "max": [0.00782827287912, 0.149665042758, 0.0830581784248, 0.0800460353494, 0.0630869865417, 0.0458187609911, 0.0421144627035, 0.0174464825541, 0.00962097197771, 0.00478356191888, 0.00527803087607, 0.00301740388386, 0.00207684678026, 0.0012000517454, 0.001423703623, 0.000771910883486, 0.000577106606215, 0.000823620590381, 0.000277918297797, 4.6337434469e-05, 3.86986830563e-05, 1.77643323696e-05, 8.97310292203e-06, 4.65930315841e-06, 9.08556376089e-06, 4.81247479911e-06, 1.62510082191e-06],
        "mean": [0.000304659479298, 0.00865750294179, 0.0063625886105, 0.00567799340934, 0.00853802077472, 0.0056958720088, 0.00332254357636, 0.00168085307814, 0.00122838898096, 0.000495554471854, 0.000199863439775, 0.000161321440828, 3.68884357158e-05, 4.33036257164e-05, 4.48935643362e-05, 2.98222821584e-05, 1.2177235476e-05, 8.33411468193e-06, 3.93878190152e-06, 1.03893205505e-06, 9.97073584585e-07, 5.17448881965e-07, 2.3236702873e-07, 1.73462680664e-07, 1.19374618635e-07, 4.32026752151e-08, 5.10946165377e-08],
        "median": [4.45368314104e-05, 0.00400234432891, 0.00305234082043, 0.0033822148107, 0.00662750657648, 0.00446628499776, 0.00227291416377, 0.00127267849166, 0.000957699143328, 0.000369605317246, 0.000103879690869, 0.000115137547255, 1.76906469278e-05, 1.64872017194e-05, 1.08000604087e-05, 4.27415579907e-06, 1.91219442058e-06, 1.09376333057e-06, 6.7854301733e-07, 2.01468267846e-07, 1.46543015944e-07, 8.0728838725e-08, 3.73522084374e-08, 2.76231943985e-08, 1.76990013756e-08, 6.46972919682e-09, 4.37466329828e-09],
        "min": [5.01881196511e-25, 2.02741354719e-23, 1.85999848821e-23, 1.70522697627e-23, 3.53233643339e-23, 6.51370274941e-23, 7.67049453394e-24, 2.05508915432e-23, 1.35403351656e-23, 6.53848875905e-23, 3.49943714711e-23, 7.4269436691e-23, 7.54155064359e-23, 8.18254746074e-23, 1.06071032488e-22, 2.00721075629e-22, 1.56643504105e-22, 2.60381527797e-22, 2.04891903142e-22, 2.42006874721e-22, 5.94290798951e-22, 6.02423412147e-22, 7.75174256868e-22, 9.01399271845e-22, 1.20102192176e-21, 1.90165672431e-21, 2.49586846047e-21],
        "var": [4.85425857732e-07, 0.000149970030179, 7.361372991e-05, 4.68185207865e-05, 5.74673176743e-05, 2.59865519183e-05, 1.2559435163e-05, 2.56003249888e-06, 1.27883095047e-06, 2.27254673746e-07, 9.12393574026e-08, 2.98821092315e-08, 3.77084319325e-09, 6.06361583166e-09, 8.49528092317e-09, 3.93178778424e-09, 1.08410225241e-09, 1.14647358274e-09, 1.43724768198e-10, 4.64070839049e-12, 5.38319432433e-12, 1.31720296562e-12, 3.17962371927e-13, 2.17007523604e-13, 1.26929445687e-13, 1.83984890447e-14, 2.99787321703e-14]
    },
    "erbbands": {
        "dmean": [0.162585273385, 1.35885417461, 5.16034078598, 7.69989871979, 21.9250717163, 15.1701498032, 9.70534133911, 25.0796356201, 19.1550178528, 22.2840194702, 18.2634315491, 9.60321712494, 13.0114822388, 6.95798969269, 3.71058249474, 3.20049762726, 0.805443584919, 1.34799230099, 0.65701842308, 0.68941038847, 0.413921535015, 0.200733661652, 0.279828220606, 0.0823249518871, 0.107060685754, 0.0266332831234, 0.0223986115307, 0.0103311194107, 0.00817835982889, 0.00394571712241, 0.00274568446912, 0.00124166579917, 0.000761425471865, 0.000373299611965, 0.000207601013244, 7.65808654251e-05, 2.69016745733e-05, 1.97535100597e-05, 6.61188232698e-06, 1.51024314619e-05],
        "dmean2": [0.259909659624, 2.33519554138, 9.03558444977, 13.6666088104, 38.6942062378, 26.060218811, 15.1237182617, 42.1804962158, 34.0254821777, 29.892906189, 27.9826335907, 14.5878448486, 18.9894237518, 11.2243766785, 5.63150787354, 5.03384256363, 1.29314029217, 2.19120001793, 0.976338028908, 1.0228894949, 0.711252748966, 0.282972097397, 0.423996657133, 0.130206972361, 0.164794743061, 0.0422751195729, 0.0334657132626, 0.0170368291438, 0.013276996091, 0.00654635066167, 0.00470234407112, 0.00215625087731, 0.0013061282225, 0.000644111190923, 0.000368970300769, 0.00013360932644, 4.6174358431e-05, 3.42383682437e-05, 1.12966354209e-05, 2.58648033196e-05],
        "dvar": [0.0900465622544, 5.56279754639, 65.5736312866, 90.2688064575, 830.446289062, 349.631225586, 147.126983643, 865.416320801, 514.868713379, 914.480895996, 529.954650879, 127.108024597, 241.076980591, 75.3420715332, 36.9868049622, 24.1139450073, 2.10168433189, 9.39995670319, 2.67478060722, 4.59415960312, 1.67642855644, 0.583120405674, 2.66361927986, 0.0825530737638, 0.3669244349, 0.00916763953865, 0.0094692222774, 0.000827136274893, 0.000782352988608, 0.0002116754913, 0.000142636868986, 2.00462582143e-05, 7.45969464333e-06, 3.30459806719e-06, 1.52388429342e-06, 2.80074146985e-07, 1.32451249968e-08, 6.50840581429e-09, 5.50012292655e-11, 3.32967264871e-10],
        "dvar2": [0.234137162566, 16.6353130341, 190.601104736, 272.281280518, 2467.47314453, 1029.5, 344.091644287, 2452.27050781, 1575.84875488, 1518.6027832, 1190.54125977, 287.789916992, 511.579101562, 188.549179077, 82.6169052124, 58.7622261047, 4.94398546219, 24.1745948792, 5.42408180237, 9.2402305603, 4.21927261353, 1.07667374611, 5.64359378815, 0.18798443675, 0.894789099693, 0.021944873035, 0.0196829885244, 0.00213080504909, 0.00194631086197, 0.000562238390557, 0.000381543912226, 5.83932887821e-05, 2.12492705032e-05, 9.61515797826e-06, 4.57377018392e-06, 8.27709868645e-07, 3.89602412554e-08, 1.93573601592e-08, 1.58686175311e-10, 9.64147317539e-10],
        "max": [4.55530309677, 32.1002235413, 89.0251617432, 115.27721405, 382.854858398, 276.1925354, 286.137908936, 447.867828369, 418.872344971, 812.318786621, 410.151947021, 179.120010376, 259.359466553, 167.980926514, 139.128417969, 81.9431228638, 50.0381240845, 111.335998535, 66.337059021, 62.5817108154, 41.7066001892, 32.1455993652, 53.6224250793, 9.52339363098, 16.9702529907, 3.13561177254, 2.53539443016, 0.613368988037, 0.747111320496, 0.465469241142, 0.351879656315, 0.0926671996713, 0.0717063546181, 0.0855501890182, 0.0761211141944, 0.0368815287948, 0.00491319876164, 0.0028234180063, 8.73829048942e-05, 0.000213190200157],
        "mean": [0.258139371872, 1.94830930233, 6.64635324478, 12.7476787567, 30.3732814789, 26.1454296112, 22.9566612244, 54.869972229, 41.7141265869, 61.9386177063, 38.0099601746, 23.1710929871, 26.9765777588, 14.3494224548, 7.84179592133, 6.43519163132, 1.9575124979, 2.89233613014, 1.83245205879, 2.40324664116, 1.37255847454, 0.692694246769, 0.509329795837, 0.205967113376, 0.190675243735, 0.0636297687888, 0.0522634275258, 0.0271670427173, 0.0213107801974, 0.0102731985971, 0.00643012765795, 0.00389460800216, 0.00275550596416, 0.00145609723404, 0.000823149923235, 0.000272304372629, 8.09971679701e-05, 9.06771456357e-05, 2.21226055146e-05, 4.67748177471e-05],
        "median": [0.113826453686, 0.949649333954, 3.24945259094, 8.48451042175, 21.1259880066, 18.1479473114, 17.0887794495, 41.7426948547, 32.9073562622, 36.5802078247, 27.5474052429, 18.8502788544, 20.0187129974, 11.1178512573, 5.27498912811, 4.28989648819, 1.08767485619, 1.13006341457, 0.587027609348, 0.380817234516, 0.228833779693, 0.125399589539, 0.0701697021723, 0.0394548997283, 0.0321685783565, 0.0127209993079, 0.00750764459372, 0.00485167838633, 0.00322382315062, 0.00168997398578, 0.00103919603862, 0.000659762765281, 0.000452192733064, 0.000244265364017, 0.00014260946773, 5.84847766731e-05, 2.39523615164e-05, 8.45567410579e-06, 1.99728601729e-05, 4.24566387665e-05],
        "min": [2.60453042771e-22, 5.67838407106e-21, 2.5210405197e-20, 3.00052012385e-20, 1.23258066754e-19, 9.29125840912e-20, 8.91301068699e-20, 6.4766401486e-19, 3.74015814423e-19, 1.83543364613e-19, 5.3348656885e-19, 3.06496602387e-19, 1.32982528697e-18, 1.63928534145e-18, 1.56661297515e-18, 3.60427160154e-18, 3.5603189461e-18, 3.33822508753e-18, 4.43872809476e-18, 7.91433257919e-18, 1.31228465325e-17, 8.49990117944e-18, 1.41619888683e-17, 1.24908482845e-17, 1.05736934331e-17, 1.18202182203e-17, 1.96431357613e-17, 2.3453639206e-17, 2.33217088613e-17, 2.27045576781e-17, 2.04778321369e-17, 1.64686184024e-17, 1.65411919206e-17, 1.4360295494e-17, 9.19643275015e-18, 7.34273836821e-18, 3.33338938967e-18, 1.20472445569e-18, 3.51714870012e-19, 3.83736194747e-20],
        "var": [0.146779641509, 7.51772117615, 82.0562896729, 177.365478516, 1061.8190918, 724.120178223, 496.622680664, 2673.27612305, 1457.92578125, 5698.99560547, 1440.14611816, 387.591156006, 644.48425293, 181.22315979, 88.4643783569, 55.3753738403, 7.09472131729, 28.5780544281, 13.8699369431, 28.3095054626, 9.35494995117, 3.04948329926, 4.66522455215, 0.23401941359, 0.438690543175, 0.0194406360388, 0.0193964075297, 0.00289603928104, 0.00226415041834, 0.000546032912098, 0.000275268539554, 0.00010206612933, 5.64992260479e-05, 1.76188459591e-05, 5.97575262873e-06, 6.65027812374e-07, 4.56630964152e-08, 9.10301380941e-08, 1.77754658215e-10, 1.06843944803e-09]
    },
    "gfcc": {
        "mean": [-148.653259277, 232.731460571, -76.6956939697, -17.6241226196, -40.877494812, -11.2623233795, -17.3776187897, -8.64384460449, -6.88032960892, -10.5455102921, -7.52086400986, -9.80806732178, -0.541139543056],
        "cov": [[11323.3134766, 2595.21240234, -729.743225098, 487.415374756, 179.894073486, -696.392944336, -14.926858902, -209.716949463, 239.438293457, -235.363616943, 61.494972229, -228.64654541, 123.168632507], [2595.21240234, 3623.72802734, 565.889526367, -1005.5680542, 419.676391602, -334.328552246, 287.714904785, -260.299438477, 248.92086792, -304.392578125, 217.362747192, -248.448425293, 210.204055786], [-729.743225098, 565.889526367, 920.962768555, -379.203704834, -110.528953552, 201.439208984, 102.800827026, -24.1808719635, -31.9918861389, -15.6002855301, 27.6253547668, 10.9371204376, 17.153793335], [487.415374756, -1005.5680542, -379.203704834, 588.796936035, -49.5643539429, -23.4008331299, -97.4346084595, 91.0553970337, -24.9101371765, 86.5034408569, -56.2332611084, 63.3030662537, -48.0408477783], [179.894073486, 419.676391602, -110.528953552, -49.5643539429, 237.043075562, -93.2572402954, 27.6107139587, -15.5773410797, 69.5875091553, -34.2294197083, 37.403427124, -40.9817352295, 40.4525032043], [-696.392944336, -334.328552246, 201.439208984, -23.4008331299, -93.2572402954, 184.40083313, 14.523897171, 22.1107158661, -39.3321266174, 42.3452949524, -19.4989929199, 40.4541015625, -21.4909210205], [-14.926858902, 287.714904785, 102.800827026, -97.4346084595, 27.6107139587, 14.523897171, 100.237312317, 1.89737832546, 27.5088253021, -15.0889234543, 33.3299827576, -14.7149562836, 22.4774246216], [-209.716949463, -260.299438477, -24.1808719635, 91.0553970337, -15.5773410797, 22.1107158661, 1.89737832546, 79.1715774536, 6.47216796875, 32.6074981689, -6.64644527435, 28.3454551697, -6.87424659729], [239.438293457, 248.92086792, -31.9918861389, -24.9101371765, 69.5875091553, -39.3321266174, 27.5088253021, 6.47216796875, 84.8055725098, -0.518803119659, 31.3771724701, -14.6159772873, 28.5195560455], [-235.363616943, -304.392578125, -15.6002855301, 86.5034408569, -34.2294197083, 42.3452949524, -15.0889234543, 32.6074981689, -0.518803119659, 72.9917602539, 3.82129740715, 31.2220211029, -11.9488162994], [61.494972229, 217.362747192, 27.6253547668, -56.2332611084, 37.403427124, -19.4989929199, 33.3299827576, -6.64644527435, 31.3771724701, 3.82129740715, 58.5478172302, 3.34580159187, 20.3396224976], [-228.64654541, -248.448425293, 10.9371204376, 63.3030662537, -40.9817352295, 40.4541015625, -14.7149562836, 28.3454551697, -14.6159772873, 31.2220211029, 3.34580159187, 56.4145088196, 3.53116178513], [123.168632507, 210.204055786, 17.153793335, -48.0408477783, 40.4525032043, -21.4909210205, 22.4774246216, -6.87424659729, 28.5195560455, -11.9488162994, 20.3396224976, 3.53116178513, 49.417755127]],
        "icov": [[0.000353025767254, -0.00111372524407, 0.000515110848937, -0.00147861347068, 0.000913450028747, -0.000652449380141, 0.000638388155494, -0.000205452975933, 0.000435758818639, -0.00053168454906, 0.00063251319807, -0.000160305207828, 0.000261920475168], [-0.00111372524407, 0.00644649192691, -0.00332327256911, 0.00624288106337, -0.00341472006403, 0.00577813480049, -0.00373957585543, 0.00358595349826, -0.00469150254503, 0.00556738581508, -0.0052645765245, 0.00438060984015, -0.00400727335364], [0.000515110848937, -0.00332327256911, 0.0039493557997, -0.00193875515833, 0.00240639806725, -0.00516543304548, 0.00130257301498, -0.00237051048316, 0.00298397615552, -0.00249918433838, 0.00198100693524, -0.00220860284753, 0.00147411308717], [-0.00147861347068, 0.00624288106337, -0.00193875515833, 0.0111854718998, -0.00423445226625, 0.00635042507201, -0.00362295564264, 0.000755306857172, -0.00384788727388, 0.00135415187106, -0.000823726935778, -0.00130393099971, -0.000361544342013], [0.000913450028747, -0.00341472006403, 0.00240639806725, -0.00423445226625, 0.00999578461051, -0.00218795239925, 0.00271207746118, -0.00220881565474, -0.000795117055532, -0.000270526274107, -0.00120809138753, 0.00378431333229, -0.00275797536597], [-0.000652449380141, 0.00577813480049, -0.00516543304548, 0.00635042507201, -0.00218795239925, 0.0198139045388, -0.00888340175152, 0.00585502292961, -0.0045225690119, -0.00147033866961, 0.00384114263579, -0.00504654459655, 0.00131163862534], [0.000638388155494, -0.00373957585543, 0.00130257301498, -0.00362295564264, 0.00271207746118, -0.00888340175152, 0.0216598603874, -0.00881646759808, 0.00236465525813, 0.0018851920031, -0.00920882727951, 0.00875213928521, -0.00456416560337], [-0.000205452975933, 0.00358595349826, -0.00237051048316, 0.000755306857172, -0.00220881565474, 0.00585502292961, -0.00881646759808, 0.0251697171479, -0.00913805048913, -0.000880158215296, 0.0045657036826, -0.00848323199898, 0.00246947235428], [0.000435758818639, -0.00469150254503, 0.00298397615552, -0.00384788727388, -0.000795117055532, -0.0045225690119, 0.00236465525813, -0.00913805048913, 0.0271502509713, -0.0091105857864, -0.0035836037714, 0.00540416268632, -0.00635211216286], [-0.00053168454906, 0.00556738581508, -0.00249918433838, 0.00135415187106, -0.000270526274107, -0.00147033866961, 0.0018851920031, -0.000880158215296, -0.0091105857864, 0.0336899235845, -0.0159891024232, 0.00317658204585, -0.00181261636317], [0.00063251319807, -0.0052645765245, 0.00198100693524, -0.000823726935778, -0.00120809138753, 0.00384114263579, -0.00920882727951, 0.0045657036826, -0.0035836037714, -0.0159891024232, 0.0432713218033, -0.0236116368324, 0.00889109354466], [-0.000160305207828, 0.00438060984015, -0.00220860284753, -0.00130393099971, 0.00378431333229, -0.00504654459655, 0.00875213928521, -0.00848323199898, 0.00540416268632, 0.00317658204585, -0.0236116368324, 0.0538218095899, -0.0256665702909], [0.000261920475168, -0.00400727335364, 0.00147411308717, -0.000361544342013, -0.00275797536597, 0.00131163862534, -0.00456416560337, 0.00246947235428, -0.00635211216286, -0.00181261636317, 0.00889109354466, -0.0256665702909, 0.0424147769809]]
    },
    "melbands": {
        "dmean": [0.00147203193046, 0.00225056661293, 0.0019143326208, 0.001181539963, 0.000392520858441, 0.000554138387088, 0.000287559698336, 0.000213775900193, 0.000136872375151, 6.92727626301e-05, 6.55006733723e-05, 3.04753903038e-05, 1.69846298377e-05, 1.02257918115e-05, 3.54102508027e-06, 2.30943214774e-06, 2.40216809289e-06, 1.00357112842e-06, 8.1515185002e-07, 7.92951539097e-07, 4.93179982186e-07, 2.52388701938e-07, 2.32162591374e-07, 2.06651407098e-07, 5.44680425207e-08, 9.90968089809e-08, 2.97159807872e-08, 1.82948181049e-08, 1.53239181344e-08, 9.16749876012e-09, 6.39422426119e-09, 5.56856427636e-09, 3.24552718034e-09, 2.134160626e-09, 1.94615501492e-09, 1.07999509336e-09, 7.61258611703e-10, 6.65732691196e-10, 4.37436531442e-10, 3.36764754971e-10],
        "dmean2": [0.00241249171086, 0.00392368203029, 0.00350230350159, 0.00203028065152, 0.0006300911773, 0.00094535946846, 0.000502405629959, 0.000294011551887, 0.000210457888898, 0.000101771853224, 9.54453353188e-05, 4.93566185469e-05, 2.58299460256e-05, 1.59840892593e-05, 5.5464088291e-06, 3.72818476535e-06, 3.91755065721e-06, 1.50678783939e-06, 1.2057321328e-06, 1.23509437344e-06, 8.5159513219e-07, 3.56625605491e-07, 3.44596401192e-07, 3.27715440562e-07, 8.80700810058e-08, 1.54472928671e-07, 4.54675799233e-08, 2.95924138527e-08, 2.28038317118e-08, 1.42645397716e-08, 1.10249933627e-08, 9.12337405623e-09, 5.43741007775e-09, 3.53067952652e-09, 3.34879413089e-09, 1.88717752536e-09, 1.32290822741e-09, 1.14726561584e-09, 7.43205663678e-10, 5.8082172405e-10],
        "dvar": [6.69788460073e-06, 1.26208115034e-05, 5.7810771068e-06, 2.12525014831e-06, 2.1522203042e-07, 4.19850465505e-07, 1.13569477378e-07, 8.03215982614e-08, 2.94169417714e-08, 6.22550233587e-09, 6.09124350959e-09, 1.45827494524e-09, 8.94670726392e-10, 1.98601260437e-10, 2.8748137551e-11, 2.56091051143e-11, 2.80590394669e-11, 6.09772171992e-12, 4.60230378113e-12, 5.8704608015e-12, 2.39131848004e-12, 9.41799806545e-13, 1.62123548093e-12, 9.61728851938e-13, 3.054159234e-14, 3.05464041648e-13, 1.9580535381e-14, 4.01047145932e-15, 3.80941760138e-15, 1.11062822401e-15, 3.44646086005e-16, 3.18701731528e-16, 1.91292398796e-16, 4.82203614599e-17, 8.15461713204e-17, 1.60090418171e-17, 6.93558145914e-18, 5.46252705737e-18, 2.74566164122e-18, 3.09146945938e-18],
        "dvar2": [1.83327556442e-05, 3.7225712731e-05, 1.87648965948e-05, 6.16752777205e-06, 5.46372234567e-07, 1.22580888728e-06, 3.38179034998e-07, 1.39382663633e-07, 6.69648088092e-08, 1.29890258549e-08, 1.28892834184e-08, 3.66112029582e-09, 2.00724903365e-09, 4.73289241132e-10, 6.69506047823e-11, 6.61365823218e-11, 7.20470350046e-11, 1.25396342615e-11, 9.32344305926e-12, 1.23833339416e-11, 6.0928211261e-12, 1.75297591113e-12, 3.31976395158e-12, 2.140312233e-12, 7.30759785908e-14, 7.5342694323e-13, 4.51966480734e-14, 1.02239019727e-14, 7.87624512729e-15, 2.41570239019e-15, 9.49909545621e-16, 7.97813768513e-16, 5.26118050984e-16, 1.24577423657e-16, 2.16215866813e-16, 4.60785724783e-17, 2.07140368695e-17, 1.57236512709e-17, 7.67093633831e-18, 9.10965819517e-18],
        "max": [0.04129101336, 0.0421674475074, 0.0313354954123, 0.0166287627071, 0.00935498438776, 0.00959333684295, 0.00713158771396, 0.00738589605317, 0.00297128409147, 0.00110816722736, 0.0013155156048, 0.000725634978153, 0.000702982477378, 0.000427203049185, 0.000107083593321, 0.000257452164078, 0.000179994705832, 9.36967189773e-05, 7.41156836739e-05, 7.01437020325e-05, 4.72941865155e-05, 3.74308256141e-05, 4.43929675384e-05, 2.9928090953e-05, 4.84016936753e-06, 1.44257082866e-05, 4.51684127256e-06, 1.75962838966e-06, 1.56015983066e-06, 8.95265372947e-07, 5.01469855863e-07, 4.84259942368e-07, 6.24445249287e-07, 1.70772551655e-07, 2.92434293669e-07, 8.05612572208e-08, 6.91299177902e-08, 5.38577609177e-08, 5.65449660428e-08, 9.20620806255e-08],
        "mean": [0.00234448025003, 0.00320150936022, 0.00297424430028, 0.00201902259141, 0.000879306229763, 0.00117880501784, 0.000688491854817, 0.000592507305555, 0.000269053241936, 0.000155887217261, 0.000134288202389, 5.82086504437e-05, 3.02340431517e-05, 1.97448098334e-05, 7.43054170016e-06, 4.49210483566e-06, 5.14632392878e-06, 2.4800178835e-06, 2.78195625469e-06, 2.9435898341e-06, 1.32966545152e-06, 8.19587228307e-07, 4.07036083061e-07, 3.81798230364e-07, 1.39833929325e-07, 1.70753622797e-07, 6.30803285162e-08, 3.8314389883e-08, 3.50168534169e-08, 2.02119139203e-08, 1.46791574451e-08, 1.3232989815e-08, 7.47767714415e-09, 4.94357710323e-09, 3.91418453205e-09, 2.69590882951e-09, 2.22214446843e-09, 2.05256767138e-09, 1.46953682556e-09, 1.12069387104e-09],
        "median": [0.00111168599688, 0.00176850392018, 0.00210914714262, 0.00152305548545, 0.000655111391097, 0.000903895241208, 0.000554667669348, 0.000365637446521, 0.000191572529729, 0.000122929195641, 9.93352223304e-05, 4.3810767238e-05, 1.68789702002e-05, 1.40281272252e-05, 4.49467734143e-06, 2.00544673135e-06, 1.91858566723e-06, 7.47564740777e-07, 6.74683462876e-07, 3.40318962344e-07, 2.03763477202e-07, 1.20262996006e-07, 5.83714268032e-08, 5.15189526595e-08, 2.74394835742e-08, 2.69339075487e-08, 1.18057155163e-08, 7.02416436127e-09, 4.38611325038e-09, 3.27992699667e-09, 2.617328132e-09, 1.97470106933e-09, 1.20909082746e-09, 8.12756195678e-10, 6.02845662279e-10, 4.44756009799e-10, 3.64928753882e-10, 3.19346271649e-10, 2.23552329426e-10, 1.6909273981e-10],
        "min": [3.70166905546e-24, 1.13431429744e-23, 8.61451412403e-24, 8.56738520697e-24, 3.18760804379e-24, 1.40895764154e-23, 5.58450333138e-24, 2.67183342901e-24, 4.34033202762e-24, 1.56066298919e-24, 7.28421695879e-24, 7.4127295e-24, 4.84446068885e-24, 5.24591200351e-24, 1.34201758725e-23, 5.23130979373e-24, 6.42205273167e-24, 7.36165785613e-24, 8.2720025519e-24, 1.23767006438e-23, 1.49230063841e-23, 7.55280910866e-24, 1.08272902624e-23, 1.43154683134e-23, 9.68618403035e-24, 6.79059908026e-24, 8.67928354865e-24, 7.21530285897e-24, 1.09401368149e-23, 1.24574878891e-23, 1.38097800741e-23, 1.32089134001e-23, 1.21699157459e-23, 1.34605813281e-23, 1.17952770245e-23, 1.29733303459e-23, 8.23448590497e-24, 1.14061784828e-23, 1.13927497036e-23, 1.23062151331e-23],
        "var": [1.0917673535e-05, 1.67539110407e-05, 8.89676630322e-06, 3.5182049487e-06, 7.00001521636e-07, 1.19971934964e-06, 3.76440766559e-07, 4.86717112835e-07, 7.68525580952e-08, 1.93052276387e-08, 1.62529438796e-08, 3.32015837046e-09, 1.89475657386e-09, 4.48658971086e-10, 8.5929235949e-11, 6.69655927932e-11, 8.88212767225e-11, 2.75333540689e-11, 3.04299432874e-11, 4.22911081155e-11, 1.04982715229e-11, 4.87444199587e-12, 2.87537355037e-12, 1.81996453498e-12, 9.68737622672e-14, 3.48237687601e-13, 3.36952552448e-14, 7.05504541438e-15, 9.15335397132e-15, 2.2942274894e-15, 9.64089618312e-16, 8.89705302467e-16, 3.39807330884e-16, 1.30515958415e-16, 1.19756998859e-16, 4.84452950295e-17, 3.62426571499e-17, 3.21050467864e-17, 1.77138527878e-17, 1.15094927863e-17]
    },
    "mfcc": {
        "mean": [-796.09387207, 261.000030518, 29.74792099, 5.68306255341, 0.232504367828, -3.08347249031, -2.18914914131, -0.694531321526, 2.82600140572, -0.23972851038, -2.42071557045, -2.75525975227, -0.380352079868],
        "cov": [[5173.66992188, 2468.5012207, -979.032531738, 568.253845215, 203.577636719, -162.032546997, -150.27822876, -94.052482605, 25.8695583344, 35.3825149536, -25.9671707153, -71.4204711914, 58.3939094543], [2468.5012207, 3676.30786133, 310.784759521, -414.536499023, 114.201637268, -85.0246276855, 40.4312438965, 2.06600213051, 31.6154003143, 31.4730472565, -26.7117500305, -34.193447113, 34.6011810303], [-979.032531738, 310.784759521, 994.201049805, -341.99130249, -145.744171143, 111.647636414, 89.6281204224, 68.44190979, -5.75022602081, -26.4452018738, 5.77719259262, 38.7333564758, -40.4595527649], [568.253845215, -414.536499023, -341.99130249, 381.718688965, 55.2738189697, -48.2101898193, -38.2230186462, -16.8481025696, 12.5284633636, 13.0959243774, 8.08113765717, -0.608641088009, 20.6194896698], [203.577636719, 114.201637268, -145.744171143, 55.2738189697, 130.341110229, -9.40344810486, -21.556558609, -6.28689670563, 11.9262018204, 18.6384677887, -1.00099480152, -11.877822876, 14.8853673935], [-162.032546997, -85.0246276855, 111.647636414, -48.2101898193, -9.40344810486, 84.5997772217, 21.2099704742, 3.15464162827, -0.0168900154531, -4.05382347107, 6.88881063461, 5.94253015518, -4.59098291397], [-150.27822876, 40.4312438965, 89.6281204224, -38.2230186462, -21.556558609, 21.2099704742, 62.3935050964, 19.8005638123, 0.182689100504, 1.4227771759, 2.56003141403, 12.2759933472, -3.16422915459], [-94.052482605, 2.06600213051, 68.44190979, -16.8481025696, -6.28689670563, 3.15464162827, 19.8005638123, 50.8334541321, 17.6284198761, -0.248568758368, 5.95012331009, 5.71882390976, -3.1780731678], [25.8695583344, 31.6154003143, -5.75022602081, 12.5284633636, 11.9262018204, -0.0168900154531, 0.182689100504, 17.6284198761, 43.9453277588, 19.155954361, 1.59081685543, 2.08165740967, 3.8950984478], [35.3825149536, 31.4730472565, -26.4452018738, 13.0959243774, 18.6384677887, -4.05382347107, 1.4227771759, -0.248568758368, 19.155954361, 45.9243125916, 15.1420316696, -4.73599910736, 12.3198566437], [-25.9671707153, -26.7117500305, 5.77719259262, 8.08113765717, -1.00099480152, 6.88881063461, 2.56003141403, 5.95012331009, 1.59081685543, 15.1420316696, 38.8711624146, 18.866394043, 0.360037893057], [-71.4204711914, -34.193447113, 38.7333564758, -0.608641088009, -11.877822876, 5.94253015518, 12.2759933472, 5.71882390976, 2.08165740967, -4.73599910736, 18.866394043, 47.2897949219, 7.66138648987], [58.3939094543, 34.6011810303, -40.4595527649, 20.6194896698, 14.8853673935, -4.59098291397, -3.16422915459, -3.1780731678, 3.8950984478, 12.3198566437, 0.360037893057, 7.66138648987, 45.2575721741]],
