{
"lowlevel": {
    "average_loudness": 0.898037433624,
    "barkbands_crest": {
        "dmean": 2.41059374809,
        "dmean2": 3.77337813377,
        "dvar": 5.89673709869,
        "dvar2": 13.2745466232,
        "max": 26.9246349335,
        "mean": 14.5249004364,
        "median": 13.9396028519,
        "min": 2.62593197823,
        "var": 27.2461967468
    },
    "barkbands_flatness_db": {
        "dmean": 0.0309626404196,
        "dmean2": 0.0414301753044,
        "dvar": 0.00111666123848,
        "dvar2": 0.00199344963767,
        "max": 0.675297796726,
        "mean": 0.246142789721,
        "median": 0.245198830962,
        "min": 0.0254883188754,
        "var": 0.00831370707601
    },
    "barkbands_kurtosis": {
        "dmean": 13.0896396637,
        "dmean2": 20.0333175659,
        "dvar": 1568.84411621,
        "dvar2": 3381.44238281,
        "max": 1013.05493164,
        "mean": 24.9467716217,
        "median": 8.29985904694,
        "min": -1.97404646873,
        "var": 4969.14404297
    },
    "barkbands_skewness": {
        "dmean": 1.00813007355,
        "dmean2": 1.46891224384,
        "dvar": 1.84080135822,
        "dvar2": 3.87959599495,
        "max": 26.6494312286,
        "mean": 2.88951230049,
        "median": 2.40631508827,
        "min": -15.5067977905,
        "var": 9.36343479156
    },
    "barkbands_spread": {
        "dmean": 6.98559045792,
        "dmean2": 10.7315855026,
        "dvar": 145.362335205,
        "dvar2": 318.417297363,
        "max": 135.097457886,
        "mean": 16.088224411,
        "median": 9.82336330414,
        "min": 0.0686393380165,
        "var": 330.467468262
    },
    "dissonance": {
        "dmean": 0.0290806423873,
        "dmean2": 0.0484117455781,
        "dvar": 0.00120146677364,
        "dvar2": 0.00324755860493,
        "max": 0.500000059605,
        "mean": 0.437960118055,
        "median": 0.450280278921,
        "min": 0.153645634651,
        "var": 0.00282419938594
    },
    "dynamic_complexity": 4.34729623795,
    "erbbands_crest": {
        "dmean": 2.82772445679,
        "dmean2": 4.33856153488,
        "dvar": 7.6947259903,
        "dvar2": 16.370721817,
        "max": 32.8280563354,
        "mean": 12.7118320465,
        "median": 11.3316888809,
        "min": 2.27255821228,
        "var": 35.9034767151
    },
    "erbbands_flatness_db": {
        "dmean": 0.0294848494232,
        "dmean2": 0.0388169325888,
        "dvar": 0.00113207777031,
        "dvar2": 0.00204170891084,
        "max": 0.544923961163,
        "mean": 0.20422886312,
        "median": 0.203188374639,
        "min": 0.0413305349648,
        "var": 0.00602994812652
    },
    "erbbands_kurtosis": {
        "dmean": 3.57356333733,
        "dmean2": 5.14854335785,
        "dvar": 49.7456016541,
        "dvar2": 93.8151168823,
        "max": 263.598205566,
        "mean": 5.66636037827,
        "median": 1.12804698944,
        "min": -1.95934379101,
        "var": 163.559967041
    },
    "erbbands_skewness": {
        "dmean": 0.650327563286,
        "dmean2": 0.93366587162,
        "dvar": 0.549295544624,
        "dvar2": 1.04520058632,
        "max": 13.8292617798,
        "mean": 0.637715339661,
        "median": 0.64499270916,
        "min": -9.82518005371,
        "var": 3.45354938507
    },
    "erbbands_spread": {
        "dmean": 13.3353462219,
        "dmean2": 20.1177711487,
        "dvar": 349.607086182,
        "dvar2": 783.584533691,
        "max": 235.562347412,
        "mean": 40.5288658142,
        "median": 31.4671955109,
        "min": 0.35732409358,
        "var": 1093.57678223
    },
    "hfc": {
        "dmean": 7.43265771866,
        "dmean2": 9.92564487457,
        "dvar": 166.314025879,
        "dvar2": 271.727081299,
        "max": 237.085342407,
        "mean": 16.5836639404,
        "median": 7.49856328964,
        "min": 1.79162629177e-09,
        "var": 553.272949219
    },
    "melbands_crest": {
        "dmean": 2.85746097565,
        "dmean2": 4.43083620071,
        "dvar": 8.65421295166,
        "dvar2": 19.0214366913,
        "max": 38.1331939697,
        "mean": 19.9644794464,
        "median": 18.458738327,
        "min": 4.77805900574,
        "var": 58.8411369324
    },
    "melbands_flatness_db": {
        "dmean": 0.0324042588472,
        "dmean2": 0.0441053621471,
        "dvar": 0.00128261104692,
        "dvar2": 0.00218927208334,
        "max": 0.808838605881,
        "mean": 0.337328910828,
        "median": 0.33864697814,
        "min": 0.0353377200663,
        "var": 0.0109665691853
    },
    "melbands_kurtosis": {
        "dmean": 26.5894527435,
        "dmean2": 39.4044036865,
        "dvar": 5489.79443359,
        "dvar2": 11723.8408203,
        "max": 3047.78979492,
        "mean": 59.0759162903,
        "median": 21.3631439209,
        "min": -1.9567656517,
        "var": 21046.6640625
    },
    "melbands_skewness": {
        "dmean": 1.27274107933,
        "dmean2": 1.83615851402,
        "dvar": 2.98541688919,
        "dvar2": 6.32291555405,
        "max": 44.401550293,
        "mean": 4.44307947159,
        "median": 3.43841648102,
        "min": -9.77649402618,
        "var": 18.9818534851
    },
    "melbands_spread": {
        "dmean": 5.12546014786,
        "dmean2": 7.52136230469,
        "dvar": 118.09438324,
        "dvar2": 252.698623657,
        "max": 293.738372803,
        "mean": 14.0138750076,
        "median": 7.42350959778,
        "min": 0.118168741465,
        "var": 495.532196045
    },
    "pitch_salience": {
        "dmean": 0.0725789219141,
        "dmean2": 0.115439578891,
        "dvar": 0.00556658161804,
        "dvar2": 0.0140933729708,
        "max": 0.86118131876,
        "mean": 0.448796987534,
        "median": 0.466807425022,
        "min": 0.00841082539409,
        "var": 0.0306547433138
    },
    "silence_rate_20dB": {
        "dmean": 0,
        "dmean2": 0,
        "dvar": 0,
        "dvar2": 0,
        "max": 1,
        "mean": 1,
        "median": 1,
        "min": 1,
        "var": 0
    },
    "silence_rate_30dB": {
        "dmean": 0.0471759699285,
        "dmean2": 0.0943596437573,
        "dvar": 0.0449472256005,
        "dvar2": 0.0981956571341,
        "max": 1,
        "mean": 0.936831772327,
        "median": 1,
        "min": 0,
        "var": 0.0591733977199
    },
    "silence_rate_60dB": {
        "dmean": 0.0135488081723,
        "dmean2": 0.0270182024688,
        "dvar": 0.0133647704497,
        "dvar2": 0.0300453025848,
        "max": 1,
        "mean": 0.0630049780011,
        "median": 0,
        "min": 0,
        "var": 0.0590327456594
    },
    "spectral_centroid": {
        "dmean": 212.402328491,
        "dmean2": 314.125915527,
        "dvar": 112327.210938,
        "dvar2": 217019.78125,
        "max": 11653.8154297,
        "mean": 1019.05981445,
        "median": 722.124816895,
        "min": 75.3156661987,
        "var": 766795
    },
    "spectral_complexity": {
        "dmean": 2.15964746475,
        "dmean2": 3.19631052017,
        "dvar": 13.8653240204,
        "dvar2": 18.6699428558,
        "max": 54,
        "mean": 8.96147918701,
        "median": 8,
        "min": 0,
        "var": 53.8831672668
    },
    "spectral_decrease": {
        "dmean": 3.24227622528e-09,
        "dmean2": 4.40209024788e-09,
        "dvar": 3.44429966872e-17,
        "dvar2": 7.24355378793e-17,
        "max": 9.92971677105e-12,
        "mean": -9.59466195383e-09,
        "median": -6.28311136452e-09,
        "min": -9.52889962491e-08,
        "var": 9.4198666413e-17
    },
    "spectral_energy": {
        "dmean": 0.0126958824694,
        "dmean2": 0.0171583108604,
        "dvar": 0.000507002347149,
        "dvar2": 0.00105623609852,
        "max": 0.365478992462,
        "mean": 0.0377165228128,
        "median": 0.0246515218168,
        "min": 3.37117139759e-12,
        "var": 0.00142282538582
    },
    "spectral_energyband_high": {
        "dmean": 0.000515856954735,
        "dmean2": 0.000749226659536,
        "dvar": 1.35122104439e-06,
        "dvar2": 2.42422493102e-06,
        "max": 0.0296668615192,
        "mean": 0.00069162849104,
        "median": 6.65641346131e-05,
        "min": 7.26114860513e-14,
        "var": 3.34485093845e-06
    },
    "spectral_energyband_low": {
        "dmean": 0.00953316222876,
        "dmean2": 0.0137944575399,
        "dvar": 0.000459330854937,
        "dvar2": 0.00100494513754,
        "max": 0.34250882268,
        "mean": 0.021687971428,
        "median": 0.00881269853562,
        "min": 1.37033212468e-12,
        "var": 0.00097775075119
    },
    "spectral_energyband_middle_high": {
        "dmean": 0.00214811647311,
        "dmean2": 0.0026754566934,
        "dvar": 3.61445599992e-05,
        "dvar2": 5.24275674252e-05,
        "max": 0.0871109366417,
        "mean": 0.00507119763643,
        "median": 0.0008272077539,
        "min": 2.26532307452e-13,
        "var": 0.000151627624291
    },
    "spectral_energyband_middle_low": {
        "dmean": 0.00360020273365,
        "dmean2": 0.00544719910249,
        "dvar": 2.67639334197e-05,
        "dvar2": 6.52482995065e-05,
        "max": 0.105449944735,
        "mean": 0.0107431076467,
        "median": 0.00737979728729,
        "min": 1.68799598865e-12,
        "var": 0.000147675702465
    },
    "spectral_entropy": {
        "dmean": 0.27491569519,
        "dmean2": 0.380465596914,
        "dvar": 0.0965226367116,
        "dvar2": 0.177668616176,
        "max": 9.81299114227,
        "mean": 6.98338460922,
        "median": 6.96620368958,
        "min": 4.17018556595,
        "var": 0.546601593494
    },
    "spectral_flux": {
        "dmean": 0.0293008238077,
        "dmean2": 0.0471856743097,
        "dvar": 0.00180343957618,
        "dvar2": 0.00434986921027,
        "max": 0.546165347099,
        "mean": 0.0685845687985,
        "median": 0.0545474365354,
        "min": 3.23351341649e-05,
        "var": 0.00285671534948
    },
    "spectral_kurtosis": {
        "dmean": 3.85293340683,
        "dmean2": 6.16134738922,
        "dvar": 20.8645687103,
        "dvar2": 52.7274360657,
        "max": 69.253692627,
        "mean": 7.64665603638,
        "median": 5.27940177917,
        "min": -1.1552542448,
        "var": 60.2115287781
    },
    "spectral_rms": {
        "dmean": 0.000916731252801,
        "dmean2": 0.00122298952192,
        "dvar": 1.58751140589e-06,
        "dvar2": 2.93194057122e-06,
        "max": 0.0188829265535,
        "mean": 0.00535901868716,
        "median": 0.00490410672501,
        "min": 5.7349346605e-08,
        "var": 8.07766355138e-06
    },
    "spectral_rolloff": {
        "dmean": 519.523498535,
        "dmean2": 905.022277832,
        "dvar": 2489478.5,
        "dvar2": 6033264,
        "max": 15008.6425781,
        "mean": 987.734008789,
        "median": 344.53125,
        "min": 43.06640625,
        "var": 3494349.75
    },
    "spectral_skewness": {
        "dmean": 0.424759209156,
        "dmean2": 0.660110294819,
        "dvar": 0.1611148417,
        "dvar2": 0.385571151972,
        "max": 6.83005619049,
        "mean": 1.87344622612,
        "median": 1.74332714081,
        "min": -0.341765671968,
        "var": 0.881558120251
    },
    "spectral_spread": {
        "dmean": 1378872.125,
        "dmean2": 1892206.875,
        "dvar": 4.36297347891e+12,
        "dvar2": 7.8770297897e+12,
        "max": 40125228,
        "mean": 4919736,
        "median": 3559219,
        "min": 1126572.625,
        "var": 9.89941936947e+12
    },
    "spectral_strongpeak": {
        "dmean": 0.380883455276,
        "dmean2": 0.585415124893,
        "dvar": 0.891789495945,
        "dvar2": 1.80038380623,
        "max": 12.0765857697,
        "mean": 0.914783835411,
        "median": 0.447446584702,
        "min": 0,
        "var": 2.57888770103
    },
    "zerocrossingrate": {
        "dmean": 0.0123357968405,
        "dmean2": 0.0150391897187,
        "dvar": 0.000342016486684,
        "dvar2": 0.000453436165117,
        "max": 0.4521484375,
        "mean": 0.0423332639039,
        "median": 0.029296875,
        "min": 0.00146484375,
        "var": 0.00185203750152
    },
    "barkbands": {
        "dmean": [0.000644065439701, 0.00775260431692, 0.00164692022372, 0.00114325084724, 0.00206724088639, 0.00111696135718, 0.00032824309892, 0.000200576600037, 0.000217619221075, 0.000136131682666, 0.0010411334224, 0.000669299566653, 0.000195888263988, 7.2132643254e-05, 0.000129573672893, 0.000102900936326, 4.38989191025e-05, 4.62819407403e-05, 7.42501433706e-05, 8.80577063072e-05, 5.13887243869e-05, 5.11824546265e-05, 9.18674268178e-05, 0.000103257523733, 7.02558390913e-05, 0.000130508167786, 1.74819197127e-05],
        "dmean2": [0.000850491109304, 0.0109407436103, 0.00275810947642, 0.00195816205814, 0.00331625761464, 0.00141907471698, 0.000451491738204, 0.000288701732643, 0.000311759184115, 0.00018578057643, 0.0012868847698, 0.000870403368026, 0.000255869992543, 9.78801690508e-05, 0.000204882657272, 0.000163405144121, 6.88184954925e-05, 6.7835302616e-05, 0.000114397182188, 0.000135944224894, 7.68032841734e-05, 7.73731298978e-05, 0.00013651761401, 0.00014836556511, 0.000102861878986, 0.000217911991058, 2.86891154246e-05],
        "dvar": [3.494121529e-06, 0.000342213839758, 1.49330971908e-05, 4.21506820203e-06, 1.0541647498e-05, 4.87931856696e-06, 3.74935012815e-07, 5.0929503459e-07, 7.53537790388e-07, 1.31380670609e-06, 2.03440667974e-05, 1.054988752e-05, 1.41757516303e-06, 7.32023977434e-07, 2.15103852952e-07, 8.71841194794e-08, 1.5148485133e-08, 1.72498140216e-08, 4.91003859793e-08, 8.6609553307e-08, 5.97651279577e-08, 2.28547456516e-08, 6.07221721793e-08, 9.73822622541e-08, 2.72508646759e-08, 8.04961572953e-08, 1.42581579876e-09],
        "dvar2": [6.37824359728e-06, 0.000742723059375, 3.81281788577e-05, 1.16250967039e-05, 2.94082383334e-05, 6.29025089438e-06, 8.30929934637e-07, 1.01858313428e-06, 1.13166925075e-06, 1.82622602551e-06, 2.83391073026e-05, 1.68001351994e-05, 1.91049343812e-06, 1.20152458294e-06, 5.60714852327e-07, 2.38689750631e-07, 3.46694477571e-08, 3.739095078e-08, 1.14794012518e-07, 2.26166605444e-07, 1.34374843697e-07, 3.85295280125e-08, 1.04691771696e-07, 1.9573288057e-07, 5.15030045278e-08, 2.03196776738e-07, 3.47622641783e-09],
        "max": [0.0284292884171, 0.289311975241, 0.042771179229, 0.0264836046845, 0.0531054660678, 0.057171434164, 0.0136306211352, 0.0311909094453, 0.0731514617801, 0.0694884061813, 0.0865895971656, 0.0643349960446, 0.0499041974545, 0.0513947382569, 0.0135261714458, 0.00641512172297, 0.00223662517965, 0.00290700374171, 0.00779085746035, 0.0103875976056, 0.0104538621381, 0.0050749713555, 0.005888720043, 0.0050720940344, 0.00162846106105, 0.00172030052636, 0.00022673913918],
        "mean": [0.00141211843584, 0.0176243614405, 0.00218352605589, 0.00155913247727, 0.00491059105843, 0.00287116318941, 0.000646371452603, 0.000374745897716, 0.000361631042324, 0.000257424951997, 0.0022109921556, 0.00150119978935, 0.000382214231649, 0.000110140375909, 0.000167838603375, 0.000147734113852, 5.8137698943e-05, 6.73432587064e-05, 0.000117635783681, 0.000120342177979, 6.73740360071e-05, 7.2576207458e-05, 0.000139573501656, 0.00014450692106, 8.57793711475e-05, 0.000107670944999, 1.45767089634e-05],
        "median": [0.00017845450202, 0.00529316021129, 0.000620995589998, 0.000524430768564, 0.00281862262636, 0.000851903692819, 0.000255890074186, 9.77718445938e-05, 6.59178404021e-05, 1.62265514518e-05, 6.4726707933e-05, 1.62884207384e-05, 5.24300639881e-06, 6.47656088404e-06, 1.85707485798e-05, 1.50675823534e-05, 1.03200782178e-05, 1.17554072858e-05, 2.08493111131e-05, 1.63574823091e-05, 7.92558876128e-06, 4.42114105681e-06, 2.57811552729e-06, 1.41211307891e-06, 5.57286625735e-07, 3.56477897867e-07, 6.74449722737e-08],
        "min": [3.92164897561e-13, 6.04192477299e-13, 3.89943285994e-13, 3.4577692814e-13, 6.58621269502e-13, 3.9673600234e-13, 1.82225979098e-13, 6.16842121544e-14, 3.13558586647e-14, 5.0012555539e-14, 4.68974292451e-14, 2.99327789389e-14, 1.80257826894e-14, 2.08324568533e-14, 1.61168363947e-14, 1.19265813452e-14, 1.04017018116e-14, 1.1942874871e-14, 1.15608274364e-14, 7.41371855128e-15, 8.58944432778e-15, 8.18324205463e-15, 5.71690572892e-15, 6.47684420744e-15, 1.07401736362e-14, 1.25026221947e-14, 1.83290001557e-14],
        "var": [9.30489386519e-06, 0.000749180733692, 1.85905246326e-05, 7.32285661798e-06, 3.28203823301e-05, 4.58672257082e-05, 1.15973648462e-06, 1.91666481442e-06, 3.00657166008e-06, 5.20721232533e-06, 8.03440634627e-05, 4.5164488256e-05, 4.92478102387e-06, 1.84897373856e-06, 3.05785818e-07, 1.43311012835e-07, 2.47402329734e-08, 3.89354433139e-08, 9.33913995027e-08, 1.71945586658e-07, 1.07179104702e-07, 7.29689446644e-08, 1.69135049077e-07, 1.94317436808e-07, 4.61037359401e-08, 7.00842406332e-08, 1.30711330648e-09]
    },
    "erbbands": {
        "dmean": [0.312773644924, 1.43147087097, 2.05008292198, 2.45556879044, 5.82017946243, 7.78279542923, 10.93754673, 5.67330646515, 3.83250975609, 4.53322649002, 5.36037683487, 3.47123241425, 4.14706039429, 20.9820251465, 33.5527458191, 22.1728382111, 9.77890872955, 4.44108438492, 3.75266599655, 6.73431253433, 5.38615512848, 2.62648797035, 2.48720097542, 2.89179158211, 4.33077335358, 4.19226312637, 2.76048469543, 1.53379261494, 1.95441651344, 2.13225293159, 2.8864171505, 2.66915893555, 1.36520159245, 0.820470690727, 0.508683741093, 0.520269453526, 0.256261110306, 0.0424590185285, 0.00281770969741, 9.93195790215e-05],
        "dmean2": [0.408846437931, 2.13295030594, 3.34052062035, 4.21886730194, 9.6644153595, 12.5623264313, 14.6351232529, 7.68106794357, 5.12079572678, 6.62756347656, 7.42851686478, 4.99624633789, 5.88438653946, 26.5527534485, 41.1130714417, 29.2998962402, 12.5124406815, 5.70322370529, 5.6485710144, 10.9495887756, 8.64434719086, 4.04689455032, 3.69332385063, 4.42572116852, 6.6224155426, 6.65046072006, 4.36457157135, 2.13844680786, 2.97177171707, 3.09835290909, 4.31214523315, 3.83860659599, 1.9105476141, 1.2103074789, 0.742901265621, 0.849256753922, 0.432869881392, 0.0707181170583, 0.00460824323818, 0.000156293026521],
        "dvar": [0.621241390705, 14.6718740463, 32.9741439819, 17.8032264709, 90.8357315063, 210.924789429, 366.255187988, 112.579269409, 53.4407958984, 87.9538879395, 347.967803955, 159.48034668, 639.231506348, 9202.45898438, 18871.875, 9982.59179688, 3332.64697266, 2135.02416992, 256.530517578, 453.019134521, 311.402374268, 49.8395195007, 63.343372345, 76.1891784668, 162.804626465, 187.221343994, 214.154174805, 27.0882015228, 42.8044967651, 28.9520759583, 67.4433746338, 67.9557189941, 13.4600725174, 3.74579715729, 1.3580776453, 1.21759212017, 0.319763690233, 0.00887672416866, 3.69810331904e-05, 3.71922368458e-08],
        "dvar2": [1.17659521103, 34.9465370178, 80.2428359985, 50.2677879333, 229.52822876, 602.283691406, 549.819335938, 184.525222778, 99.0670318604, 223.073913574, 608.044311523, 234.414596558, 973.070739746, 12829.6611328, 26505.2578125, 16153.4921875, 4628.97802734, 3207.76171875, 581.60369873, 1238.93395996, 870.482299805, 107.955337524, 143.566940308, 176.658905029, 358.711212158, 506.208465576, 550.629577637, 51.6308174133, 75.7246170044, 47.6806221008, 127.614448547, 145.232467651, 23.4286899567, 6.82853555679, 2.664249897, 2.9684779644, 0.812149047852, 0.0227433945984, 8.75051264302e-05, 8.70002168085e-08],
        "max": [10.9939718246, 68.0392532349, 78.4874954224, 45.4886398315, 171.976318359, 266.20880127, 456.347229004, 263.237304688, 136.927871704, 198.691162109, 1257.1940918, 1134.7376709, 1383.60424805, 2420.92651367, 2981.06665039, 1820.47253418, 1858.8347168, 2836.6550293, 285.024047852, 727.604858398, 415.622161865, 150.709213257, 176.843765259, 355.998291016, 443.812713623, 418.814453125, 615.9921875, 197.197143555, 239.700958252, 119.19467926, 202.650192261, 150.687332153, 56.9669570923, 21.8564720154, 11.1780929565, 8.34595870972, 3.35263299942, 0.555477976799, 0.0397621430457, 0.00141428573988],
        "mean": [0.712448120117, 3.0167028904, 3.36971902847, 3.68337726593, 11.906908989, 16.8939266205, 27.7340373993, 14.7902555466, 8.26787185669, 8.95756816864, 10.4112119675, 5.98898410797, 8.17904567719, 44.8299102783, 73.8159484863, 50.1964874268, 19.7628135681, 7.35732555389, 4.87470054626, 9.44336795807, 7.97246742249, 3.80983257294, 3.74765610695, 4.80767774582, 6.50566291809, 5.50609302521, 3.60553503036, 2.18799424171, 2.76059126854, 3.0606238842, 4.26397943497, 3.70584249496, 1.88411557674, 1.04431903362, 0.564707696438, 0.448721051216, 0.208744883537, 0.0341451540589, 0.00240355683491, 0.000120061537018],
        "median": [0.158038184047, 0.683216929436, 0.904064416885, 1.5425978899, 4.39579963684, 9.22465610504, 11.7511997223, 5.41484642029, 3.58359479904, 3.7671391964, 2.9914958477, 1.55358290672, 0.90469545126, 1.84475111961, 3.65764737129, 1.3850402832, 0.375142842531, 0.387382417917, 0.740835309029, 1.14240181446, 0.814994513988, 0.661203920841, 0.649681270123, 1.01849234104, 0.985719382763, 0.784391403198, 0.537620902061, 0.250628441572, 0.184404864907, 0.105936698616, 0.0663856118917, 0.0400505028665, 0.0167703609914, 0.00694761099294, 0.00351058854721, 0.001933063264, 0.000594723212998, 0.000121981218399, 3.7793230149e-05, 4.40035983047e-05],
        "min": [2.18504988408e-11, 1.23105373118e-10, 4.04923067299e-10, 8.95630236641e-10, 1.54930490659e-09, 2.30931695988e-09, 3.02481528713e-09, 3.21805759818e-09, 2.84336709733e-09, 2.13191508891e-09, 1.11943598835e-09, 7.3994760319e-10, 1.1814400569e-09, 1.73436620621e-09, 1.88585413952e-09, 1.14343057245e-09, 8.16966938544e-10, 1.12110021266e-09, 9.43544020693e-10, 7.78105857524e-10, 6.14088779827e-10, 6.11772132952e-10, 5.81694692414e-10, 5.87959680942e-10, 5.67132729667e-10, 3.44013179054e-10, 3.90813853501e-10, 3.1850105886e-10, 2.77826900374e-10, 2.0295197467e-10, 1.65600783086e-10, 1.39767086793e-10, 1.14597657752e-10, 1.12841111455e-10, 8.14518244519e-11, 4.50909171112e-11, 2.6843877815e-11, 9.65000822306e-12, 2.98188839072e-12, 2.02837204498e-13],
        "var": [1.62806129456, 24.777973175, 47.228679657, 29.6186599731, 401.420349121, 453.88369751, 2719.77709961, 953.888000488, 162.264434814, 292.031341553, 1448.5020752, 659.559387207, 2470.45043945, 35964.453125, 74904.1796875, 43382.0742188, 11449.1689453, 5944.12402344, 318.674743652, 717.751220703, 503.525390625, 89.748840332, 131.236297607, 146.84173584, 384.736877441, 302.65802002, 325.122558594, 73.6287002563, 126.451225281, 82.4063186646, 172.038070679, 128.888244629, 31.4299144745, 7.0007147789, 1.97821724415, 1.1771914959, 0.271097838879, 0.00742955226451, 3.53105824615e-05, 4.04532407572e-08]
    },
    "gfcc": {
        "mean": [-79.1791305542, 105.774620056, -81.0528335571, 41.2972373962, -42.811088562, 5.59287786484, -25.0386123657, 4.8505396843, -20.218164444, -2.08573579788, -6.33585643768, 4.11158514023, -1.3199993372],
        "cov": [[10881.2148438, -1679.80749512, 1186.05432129, -874.664855957, -969.758728027, 768.576660156, -789.885498047, 135.729995728, -438.402618408, 10.068069458, -290.744049072, 593.576599121, -261.02734375], [-1679.80749512, 4065.46191406, -646.608703613, -128.514144897, -420.063079834, -1218.70800781, 109.072937012, -617.845031738, 114.06098938, -501.096801758, 208.707397461, -395.2159729, 385.168060303], [1186.05432129, -646.608703613, 1778.41833496, 32.371547699, -279.24911499, 86.1923370361, -308.950592041, 150.838363647, 10.5833358765, 39.1142234802, -222.337539673, 55.8162918091, -217.566543579], [-874.664855957, -128.514144897, 32.371547699, 811.007324219, 240.429977417, -225.204559326, 102.272651672, 127.108840942, 138.194351196, 114.468391418, -19.119600296, -206.999755859, 11.9625024796], [-969.758728027, -420.063079834, -279.24911499, 240.429977417, 950.376281738, 519.407470703, 404.528778076, 246.642852783, 144.008087158, 195.710968018, 111.010154724, 81.1084289551, 56.6487007141], [768.576660156, -1218.70800781, 86.1923370361, -225.204559326, 519.407470703, 1087.89672852, 344.035919189, 270.401824951, -24.8276157379, 146.237426758, 73.2489624023, 337.91494751, -49.122127533], [-789.885498047, 109.072937012, -308.950592041, 102.272651672, 404.528778076, 344.035919189, 672.239318848, 164.952880859, -20.9189605713, 66.5467300415, 205.310272217, 95.263885498, 131.005523682], [135.729995728, -617.845031738, 150.838363647, 127.108840942, 246.642852783, 270.401824951, 164.952880859, 339.664794922, 70.287322998, 138.995269775, -4.01089954376, 89.5727844238, -6.08767461777], [-438.402618408, 114.06098938, 10.5833358765, 138.194351196, 144.008087158, -24.8276157379, -20.9189605713, 70.287322998, 264.679718018, 47.070186615, -23.9341964722, -39.4246635437, 48.7086334229], [10.068069458, -501.096801758, 39.1142234802, 114.468391418, 195.710968018, 146.237426758, 66.5467300415, 138.995269775, 47.070186615, 253.238311768, 50.2370109558, 52.8641090393, -34.4835090637], [-290.744049072, 208.707397461, -222.337539673, -19.119600296, 111.010154724, 73.2489624023, 205.310272217, -4.01089954376, -23.9341964722, 50.2370109558, 230.154052734, 59.1662216187, 40.4382362366], [593.576599121, -395.2159729, 55.8162918091, -206.999755859, 81.1084289551, 337.91494751, 95.263885498, 89.5727844238, -39.4246635437, 52.8641090393, 59.1662216187, 257.514984131, 27.6936206818], [-261.02734375, 385.168060303, -217.566543579, 11.9625024796, 56.6487007141, -49.122127533, 131.005523682, -6.08767461777, 48.7086334229, -34.4835090637, 40.4382362366, 27.6936206818, 184.428771973]],
        "icov": [[0.000169718798134, -0.000112501445983, 6.44549027129e-06, -0.000101194811577, 0.000239062515902, -0.000321876839735, 0.00034789723577, -0.000242269365117, 0.000318883539876, -0.000171939915163, 0.000136498740176, -0.000288196577458, -2.7973572287e-05], [-0.000112501445983, 0.00125378451776, -0.000273433252005, 0.000846226233989, -0.000486639386509, 0.00139187893365, -0.00101713952608, 0.00118968519382, -0.00111643353011, 0.00137620745227, -0.00125802820548, 0.00117937067989, -0.00122223841026], [6.44549027129e-06, -0.000273433252005, 0.000923584622797, -0.000407226994867, 0.000435635476606, -0.000311596377287, 0.000229975776165, -0.000589076778851, -2.25147487072e-05, -0.000213838036871, 0.000839702610392, -0.000852754164953, 0.00120640965179], [-0.000101194811577, 0.000846226233989, -0.000407226994867, 0.0030003041029, -0.000956311298069, 0.0016060534399, -0.00118212483358, 4.810880273e-05, -0.00100539682899, 9.6724339528e-05, -0.000687821768224, 0.00273803202435, -0.00099943485111], [0.000239062515902, -0.000486639386509, 0.000435635476606, -0.000956311298069, 0.00298390025273, -0.00205632834695, 0.000149864601553, -0.00079894438386, -0.000244703900535, -0.00134763948154, 0.000421784789069, -4.42801938334e-05, 6.03765583946e-05], [-0.000321876839735, 0.00139187893365, -0.000311596377287, 0.0016060534399, -0.00205632834695, 0.00490119773895, -0.00264784530737, 0.00113225029781, -0.00169645412825, 0.0018060390139, -0.000373924063751, -0.0016278574476, 0.00113323982805], [0.00034789723577, -0.00101713952608, 0.000229975776165, -0.00118212483358, 0.000149864601553, -0.00264784530737, 0.00538892671466, -0.00276096654125, 0.00280460272916, -0.000506788841449, -0.00187521392945, 0.000228131742915, -0.00216430192813], [-0.000242269365117, 0.00118968519382, -0.000589076778851, 4.810880273e-05, -0.00079894438386, 0.00113225029781, -0.00276096654125, 0.00734873535112, -0.00242187944241, -0.000519662047736, 0.000739970128052, -0.000619947619271, -0.000301461230265], [0.000318883539876, -0.00111643353011, -2.25147487072e-05, -0.00100539682899, -0.000244703900535, -0.00169645412825, 0.00280460272916, -0.00242187944241, 0.00696944724768, -0.00180487439502, 0.000816251442302, 0.000324949505739, -0.00203314470127], [-0.000171939915163, 0.00137620745227, -0.000213838036871, 9.6724339528e-05, -0.00134763948154, 0.0018060390139, -0.000506788841449, -0.000519662047736, -0.00180487439502, 0.00817878358066, -0.00316214561462, -0.000237632746575, 0.000596720841713], [0.000136498740176, -0.00125802820548, 0.000839702610392, -0.000687821768224, 0.000421784789069, -0.000373924063751, -0.00187521392945, 0.000739970128052, 0.000816251442302, -0.00316214561462, 0.00929897278547, -0.00384039594792, 0.00271393707953], [-0.000288196577458, 0.00117937067989, -0.000852754164953, 0.00273803202435, -4.42801938334e-05, -0.0016278574476, 0.000228131742915, -0.000619947619271, 0.000324949505739, -0.000237632746575, -0.00384039594792, 0.012633819133, -0.0058422726579], [-2.7973572287e-05, -0.00122223841026, 0.00120640965179, -0.00099943485111, 6.03765583946e-05, 0.00113323982805, -0.00216430192813, -0.000301461230265, -0.00203314470127, 0.000596720841713, 0.00271393707953, -0.0058422726579, 0.0121645787731]]
    },
    "melbands": {
        "dmean": [0.00240668817423, 0.00130449049175, 0.000503725372255, 0.000466792262159, 0.00035670446232, 0.000148203092976, 6.00381099503e-05, 4.63817850687e-05, 4.61674280814e-05, 2.24427276407e-05, 2.08688397834e-05, 7.45372162783e-05, 0.000137509996421, 8.22087458801e-05, 5.36344959983e-05, 1.10802175186e-05, 7.06567334419e-06, 4.73979298476e-06, 1.08463336801e-05, 6.788130122e-06, 6.99961628925e-06, 2.94858887173e-06, 1.91590061149e-06, 2.43055751525e-06, 2.46404647442e-06, 3.56928239853e-06, 3.22636356032e-06, 3.02797297991e-06, 2.16415514842e-06, 9.99706912808e-07, 8.84804933321e-07, 1.07124094484e-06, 1.12649888706e-06, 1.37316123983e-06, 1.7478744212e-06, 1.86291151749e-06, 1.52351265115e-06, 9.96395442598e-07, 8.45490376378e-07, 6.43122234578e-07],
        "dmean2": [0.0032942306716, 0.00203289696947, 0.00085500307614, 0.000768137164414, 0.000492816965561, 0.000193171639694, 8.12031576061e-05, 6.70738372719e-05, 6.28725174465e-05, 3.35825025104e-05, 2.99256080325e-05, 9.55024224822e-05, 0.000169001854374, 0.000103837141069, 7.03690966475e-05, 1.36259122883e-05, 9.36231572268e-06, 7.15521991879e-06, 1.75671793841e-05, 1.08873919089e-05, 1.14785771075e-05, 4.63940068585e-06, 2.93724792755e-06, 3.63095409739e-06, 3.87549653169e-06, 5.56177974431e-06, 5.25543237018e-06, 5.02848342876e-06, 3.50831828655e-06, 1.43026329624e-06, 1.29183752051e-06, 1.62864807862e-06, 1.72845545876e-06, 1.94946323973e-06, 2.61154309555e-06, 2.95435438602e-06, 2.18688455789e-06, 1.404170348e-06, 1.31372007672e-06, 9.4360524372e-07],
        "dvar": [3.29422873619e-05, 1.28504279928e-05, 6.91835396083e-07, 5.91112609527e-07, 3.39795349191e-07, 8.10426357134e-08, 1.16991030197e-08, 1.12174518563e-08, 2.78484009186e-08, 6.9107759515e-09, 2.0425375169e-08, 1.24031828364e-07, 3.71970543256e-07, 2.06306225436e-07, 1.37084853691e-07, 1.00893329247e-08, 6.19177820127e-09, 5.24326804197e-10, 1.6333221442e-09, 2.62684651808e-10, 6.54134524325e-10, 6.71582511824e-11, 3.87169428462e-11, 4.93722736306e-11, 6.20210272029e-11, 1.35226926878e-10, 1.05100594894e-10, 1.00785796375e-10, 1.92080587547e-10, 1.26539022316e-11, 8.5391060542e-12, 1.67568233594e-11, 9.84905386414e-12, 1.15894975908e-11, 2.32907425984e-11, 3.36801593559e-11, 2.22029738345e-11, 7.64546845972e-12, 5.1286583487e-12, 2.08538590042e-12],
        "dvar2": [6.73352406011e-05, 3.08148773911e-05, 1.81458676707e-06, 1.63212030202e-06, 6.1912834326e-07, 1.19183383163e-07, 2.2474511141e-08, 2.5903457157e-08, 4.41596768042e-08, 1.22847820805e-08, 3.04127603101e-08, 1.73359438804e-07, 5.15894839737e-07, 3.09097487161e-07, 1.99125054223e-07, 1.11711999651e-08, 9.47753697744e-09, 1.184716103e-09, 4.58756899135e-09, 6.66112720538e-10, 1.85705562039e-09, 1.47258816252e-10, 8.36482272337e-11, 1.1440878106e-10, 1.5008590204e-10, 3.32646882262e-10, 2.45246600805e-10, 2.91244334205e-10, 5.24332799401e-10, 2.20578347254e-11, 1.72203761667e-11, 3.18192520943e-11, 1.92933325566e-11, 2.13258820325e-11, 4.57029379619e-11, 7.83166240192e-11, 4.55967000268e-11, 1.42613126169e-11, 1.05020939861e-11, 3.81757906537e-12],
        "max": [0.0735683143139, 0.0613306537271, 0.011806323193, 0.0117120677605, 0.0133396293968, 0.00706543214619, 0.00238546729088, 0.00371962529607, 0.0144739560783, 0.00603855261579, 0.00801926385611, 0.00891015399247, 0.0136189972982, 0.00960307475179, 0.00896485615522, 0.00678738858551, 0.00490733003244, 0.000411006796639, 0.0013544044923, 0.000379705685191, 0.000609393639024, 0.000198399910005, 0.000125214908621, 0.000130356798763, 0.000337171339197, 0.000334628886776, 0.000336732453434, 0.000255345046753, 0.000569037394598, 0.000119480799185, 9.43023551372e-05, 0.000151396088768, 7.56585577619e-05, 6.88971631462e-05, 0.000110490305815, 0.000120201773825, 8.19489068817e-05, 4.60781557194e-05, 2.44031780312e-05, 1.51940048454e-05],
        "mean": [0.00542968418449, 0.0025952772703, 0.000906523608137, 0.00103655585553, 0.000923644343857, 0.000391449924791, 0.000126761355205, 9.61827390711e-05, 8.484031423e-05, 3.68199544027e-05, 3.92156616726e-05, 0.000157894712174, 0.000299584062304, 0.000171499021235, 0.000106993647933, 1.95204684132e-05, 1.10156770461e-05, 5.46080309505e-06, 1.44193563756e-05, 9.42974293139e-06, 9.50436788116e-06, 3.82255757359e-06, 2.9006071145e-06, 3.33304296873e-06, 3.80928577215e-06, 4.99038696944e-06, 4.38607230535e-06, 3.53366021955e-06, 2.59625517174e-06, 1.44396858559e-06, 1.16940475436e-06, 1.50591381498e-06, 1.43167062561e-06, 1.8973423721e-06, 2.45907290264e-06, 2.53269217865e-06, 2.10447251447e-06, 1.36403446049e-06, 1.06864149529e-06, 7.84975782153e-07],
        "median": [0.00145708199125, 0.000928566791117, 0.000380729936296, 0.000534530205186, 0.000469428370707, 0.00012825804879, 5.66841808904e-05, 3.56866949005e-05, 2.1310746888e-05, 8.87824262463e-06, 3.33248567586e-06, 5.66913377043e-06, 1.14735757961e-05, 3.05237540488e-06, 7.81239123171e-07, 4.8662690233e-07, 5.23078995229e-07, 8.18505782263e-07, 1.51879476107e-06, 1.17169952318e-06, 7.82961421919e-07, 6.27990573321e-07, 4.67241022761e-07, 5.52027529466e-07, 7.91344803019e-07, 7.97666700691e-07, 5.42489260624e-07, 4.5878829269e-07, 3.55156572596e-07, 1.68980207604e-07, 1.09327046971e-07, 9.92504212149e-08, 6.1885600644e-08, 5.22955652116e-08, 3.90948109441e-08, 2.82112964101e-08, 2.30386554279e-08, 1.25622365843e-08, 8.05934696757e-09, 4.98011187844e-09],
        "min": [2.00184676778e-13, 1.98591428133e-13, 1.73686572394e-13, 1.39563911101e-13, 1.07735929824e-13, 7.27883465307e-14, 4.21430773579e-14, 2.10730955255e-14, 8.10734027926e-15, 4.37319764887e-15, 6.03578186983e-15, 7.05978159911e-15, 6.55226359755e-15, 3.7060973695e-15, 2.22436887059e-15, 1.89147306386e-15, 2.09310438651e-15, 1.53003362323e-15, 1.16216933182e-15, 9.67195052855e-16, 6.45265516993e-16, 6.137120574e-16, 6.10372841764e-16, 4.78779285386e-16, 4.64201371908e-16, 4.62709323371e-16, 3.2327610649e-16, 2.01460010241e-16, 2.51794863722e-16, 2.05387662313e-16, 1.91284126989e-16, 1.77448386427e-16, 1.22849066163e-16, 9.68820006155e-17, 8.72547366336e-17, 9.5324002623e-17, 8.63415755594e-17, 8.09316621521e-17, 7.06126832722e-17, 1.06039783352e-16],
        "var": [7.91047350504e-05, 2.1091547751e-05, 1.94416134036e-06, 1.82971268714e-06, 2.19827529691e-06, 7.49424998503e-07, 3.8301596561e-08, 4.78747068655e-08, 1.19883750926e-07, 2.44716868991e-08, 7.9523871932e-08, 4.82956750147e-07, 1.47824800933e-06, 7.9740414094e-07, 4.53374525478e-07, 3.52864013564e-08, 1.69215610413e-08, 6.0625338083e-10, 2.31249108751e-09, 4.59824067711e-10, 9.40169386787e-10, 1.13342057961e-10, 7.88990539569e-11, 9.00180763264e-11, 1.03644023919e-10, 2.39890135534e-10, 2.12679318601e-10, 1.30217892025e-10, 2.39386871437e-10, 3.52201913467e-11, 1.91085012397e-11, 4.66160478274e-11, 2.30442470661e-11, 3.08942108007e-11, 5.55312497375e-11, 6.31275171026e-11, 4.17855854085e-11, 1.78356461544e-11, 8.9838605305e-12, 3.71928052592e-12]
    },
    "mfcc": {
        "mean": [-735.516357422, 136.356872559, 24.5243110657, 43.2310600281, 10.4491624832, 6.6719045639, 6.5659403801, 8.21948337555, -1.3556047678, 3.97625803947, -10.234588623, -1.80222463608, 9.05934906006],
        "cov": [[8398.68847656, -488.770446777, 1067.23986816, -995.205932617, -274.39074707, -222.038848877, -401.536621094, 49.7102661133, -307.856414795, -293.589080811, -313.617340088, -125.11516571, -42.1905975342], [-488.770446777, 3064.11889648, -102.760231018, 353.864837646, -528.104614258, -410.94744873, -339.118804932, -260.053894043, -159.73475647, -269.186706543, -300.075073242, -127.666442871, -85.9403152466], [1067.23986816, -102.760231018, 1606.07373047, -105.090446472, -40.0161743164, -207.864776611, -356.21105957, -44.2901535034, -122.288246155, -20.4563503265, -24.8247509003, -187.831451416, -187.133544922], [-995.205932617, 353.864837646, -105.090446472, 1019.83972168, -32.6851577759, -185.448974609, -51.8976325989, -208.744476318, 65.1180419922, 218.538192749, 64.3152236938, -102.947937012, -113.560142517], [-274.39074707, -528.104614258, -40.0161743164, -32.6851577759, 556.780151367, 237.708053589, 68.9190826416, 142.00579834, 160.580169678, 160.135803223, 131.794937134, 84.5405044556, 42.8149681091], [-222.038848877, -410.94744873, -207.864776611, -185.448974609, 237.708053589, 459.998168945, 346.545654297, 235.421203613, 147.444610596, 25.0744800568, 106.601860046, 160.062973022, 149.198135376], [-401.536621094, -339.118804932, -356.21105957, -51.8976325989, 68.9190826416, 346.545654297, 673.368041992, 292.189300537, 100.898979187, 75.486831665, 111.780700684, 173.207351685, 208.258026123], [49.7102661133, -260.053894043, -44.2901535034, -208.744476318, 142.00579834, 235.421203613, 292.189300537, 353.783416748, 150.306030273, 24.5229988098, 43.7321014404, 84.3772888184, 140.741943359], [-307.856414795, -159.73475647, -122.288246155, 65.1180419922, 160.580169678, 147.444610596, 100.898979187, 150.306030273, 278.763916016, 130.118392944, 35.0060958862, 27.5528850555, 66.738571167], [-293.589080811, -269.186706543, -20.4563503265, 218.538192749, 160.135803223, 25.0744800568, 75.486831665, 24.5229988098, 130.118392944, 267.95904541, 113.834831238, -10.8727550507, 4.26965618134], [-313.617340088, -300.075073242, -24.8247509003, 64.3152236938, 131.794937134, 106.601860046, 111.780700684, 43.7321014404, 35.0060958862, 113.834831238, 225.057098389, 96.8367080688, 1.83022356033], [-125.11516571, -127.666442871, -187.831451416, -102.947937012, 84.5405044556, 160.062973022, 173.207351685, 84.3772888184, 27.5528850555, -10.8727550507, 96.8367080688, 210.567581177, 102.252845764], [-42.1905975342, -85.9403152466, -187.133544922, -113.560142517, 42.8149681091, 149.198135376, 208.258026123, 140.741943359, 66.738571167, 4.26965618134, 1.83022356033, 102.252845764, 223.636901855]],
