{
"lowlevel": {
    "average_loudness": 0.510713040829,
    "barkbands_crest": {
        "dmean": 1.59318816662,
        "dmean2": 2.64907097816,
        "dvar": 3.55583405495,
        "dvar2": 9.6387386322,
        "max": 26.5555381775,
        "mean": 13.1455821991,
        "median": 12.3920173645,
        "min": 4.5056014061,
        "var": 19.9893684387
    },
    "barkbands_flatness_db": {
        "dmean": 0.0196532830596,
        "dmean2": 0.0333749167621,
        "dvar": 0.00054382433882,
        "dvar2": 0.00126452371478,
        "max": 0.620927929878,
        "mean": 0.381301403046,
        "median": 0.378513544798,
        "min": 0.057530798018,
        "var": 0.00505362078547
    },
    "barkbands_kurtosis": {
        "dmean": 3.49915719032,
        "dmean2": 5.78549814224,
        "dvar": 660.105102539,
        "dvar2": 1939.17919922,
        "max": 1519.06018066,
        "mean": 7.79608058929,
        "median": 2.45529508591,
        "min": -1.79282391071,
        "var": 1168.95092773
    },
    "barkbands_skewness": {
        "dmean": 0.397469937801,
        "dmean2": 0.643126130104,
        "dvar": 0.501200437546,
        "dvar2": 1.3280146122,
        "max": 32.24559021,
        "mean": 0.95773178339,
        "median": 0.621304869652,
        "min": -3.94023299217,
        "var": 3.33859539032
    },
    "barkbands_spread": {
        "dmean": 0.736676573753,
        "dmean2": 1.19372618198,
        "dvar": 1.88587880135,
        "dvar2": 4.18397378922,
        "max": 94.1386566162,
        "mean": 4.77830123901,
        "median": 4.144053936,
        "min": 0.2248172611,
        "var": 19.2603683472
    },
    "dissonance": {
        "dmean": 0.0427715927362,
        "dmean2": 0.0749316960573,
        "dvar": 0.00178902444895,
        "dvar2": 0.00498272012919,
        "max": 0.499844789505,
        "mean": 0.363254338503,
        "median": 0.366303771734,
        "min": 0.121604025364,
        "var": 0.00519913481548
    },
    "dynamic_complexity": 7.69451951981,
    "erbbands_crest": {
        "dmean": 1.92709732056,
        "dmean2": 3.19070482254,
        "dvar": 4.61761426926,
        "dvar2": 13.4528884888,
        "max": 31.9267749786,
        "mean": 14.7828550339,
        "median": 14.4768829346,
        "min": 2.24585580826,
        "var": 21.5150222778
    },
    "erbbands_flatness_db": {
        "dmean": 0.0146287176758,
        "dmean2": 0.0243901703507,
        "dvar": 0.000326496636262,
        "dvar2": 0.000802638242021,
        "max": 0.547374904156,
        "mean": 0.382366597652,
        "median": 0.389265984297,
        "min": 0.0235838256776,
        "var": 0.00443629315123
    },
    "erbbands_kurtosis": {
        "dmean": 1.30243849754,
        "dmean2": 2.03556776047,
        "dvar": 5.87561559677,
        "dvar2": 14.3448877335,
        "max": 70.0536727905,
        "mean": 4.97253417969,
        "median": 2.82262945175,
        "min": -1.73282372952,
        "var": 42.712978363
    },
    "erbbands_skewness": {
        "dmean": 0.258458614349,
        "dmean2": 0.413085252047,
        "dvar": 0.12728561461,
        "dvar2": 0.281752258539,
        "max": 7.28091669083,
        "mean": 0.990698039532,
        "median": 0.908694088459,
        "min": -2.330773592,
        "var": 1.31507611275
    },
    "erbbands_spread": {
        "dmean": 1.2976411581,
        "dmean2": 2.13460087776,
        "dvar": 7.68051671982,
        "dvar2": 20.4462814331,
        "max": 111.546104431,
        "mean": 8.83302497864,
        "median": 6.4398932457,
        "min": 0.59299236536,
        "var": 111.794319153
    },
    "hfc": {
        "dmean": 1.58114731312,
        "dmean2": 1.96462225914,
        "dvar": 21.3123512268,
        "dvar2": 33.554107666,
        "max": 114.638496399,
        "mean": 7.15248680115,
        "median": 1.97102510929,
        "min": 1.17101802032e-16,
        "var": 129.122833252
    },
    "melbands_crest": {
        "dmean": 1.84702432156,
        "dmean2": 3.06971859932,
        "dvar": 4.56521844864,
        "dvar2": 12.4550542831,
        "max": 37.6247787476,
        "mean": 15.8175067902,
        "median": 15.4277791977,
        "min": 1.64138829708,
        "var": 24.6540679932
    },
    "melbands_flatness_db": {
        "dmean": 0.0210387911648,
        "dmean2": 0.0347479954362,
        "dvar": 0.000844354275614,
        "dvar2": 0.00176857493352,
        "max": 0.783291578293,
        "mean": 0.491055309772,
        "median": 0.491830021143,
        "min": 0.00315852113999,
        "var": 0.00982543639839
    },
    "melbands_kurtosis": {
        "dmean": 3.52430438995,
        "dmean2": 5.90712547302,
        "dvar": 488.007232666,
        "dvar2": 1515.30578613,
        "max": 1480.94104004,
        "mean": 9.24590396881,
        "median": 2.5174446106,
        "min": -1.7884812355,
        "var": 1382.95703125
    },
    "melbands_skewness": {
        "dmean": 0.378508388996,
        "dmean2": 0.617554843426,
        "dvar": 0.360032916069,
        "dvar2": 0.943333089352,
        "max": 28.1071929932,
        "mean": 1.10373723507,
        "median": 0.725860178471,
        "min": -3.18796133995,
        "var": 3.20348024368
    },
    "melbands_spread": {
        "dmean": 1.02070248127,
        "dmean2": 1.68608474731,
        "dvar": 4.47751235962,
        "dvar2": 11.1898288727,
        "max": 153.696105957,
        "mean": 6.97387075424,
        "median": 5.88835859299,
        "min": 0.246106564999,
        "var": 91.7660598755
    },
    "pitch_salience": {
        "dmean": 0.0452882014215,
        "dmean2": 0.0768643766642,
        "dvar": 0.00271352333948,
        "dvar2": 0.00708851963282,
        "max": 0.83646351099,
        "mean": 0.505907177925,
        "median": 0.512142717838,
        "min": 0.0710619911551,
        "var": 0.0181156676263
    },
    "silence_rate_20dB": {
        "dmean": 0,
        "dmean2": 0,
        "dvar": 0,
        "dvar2": 0,
        "max": 1,
        "mean": 1,
        "median": 1,
        "min": 1,
        "var": 0
    },
    "silence_rate_30dB": {
        "dmean": 0.00552791589871,
        "dmean2": 0.0110568506643,
        "dvar": 0.0054973224178,
        "dvar2": 0.0135143706575,
        "max": 1,
        "mean": 0.99530172348,
        "median": 1,
        "min": 0,
        "var": 0.00467675179243
    },
    "silence_rate_60dB": {
        "dmean": 0.0302192736417,
        "dmean2": 0.0604441165924,
        "dvar": 0.0293077528477,
        "dvar2": 0.0649032071233,
        "max": 1,
        "mean": 0.320405334234,
        "median": 0,
        "min": 0,
        "var": 0.21774315834
    },
    "spectral_centroid": {
        "dmean": 27.7138633728,
        "dmean2": 44.3479309082,
        "dvar": 7770.81787109,
        "dvar2": 10897.765625,
        "max": 10931.1025391,
        "mean": 492.917266846,
        "median": 468.174530029,
        "min": 101.913871765,
        "var": 85394.984375
    },
    "spectral_complexity": {
        "dmean": 0.911000549793,
        "dmean2": 1.50999724865,
        "dvar": 1.1304602623,
        "dvar2": 2.25955104828,
        "max": 28,
        "mean": 7.58378648758,
        "median": 7,
        "min": 0,
        "var": 16.2814712524
    },
    "spectral_decrease": {
        "dmean": 7.96440746686e-10,
        "dmean2": 1.04885011787e-09,
        "dvar": 3.64493993635e-18,
        "dvar2": 6.23249779081e-18,
        "max": 5.64896198691e-18,
        "mean": -3.95413568555e-09,
        "median": -1.83862181036e-09,
        "min": -4.15108374341e-08,
        "var": 2.5820869646e-17
    },
    "spectral_energy": {
        "dmean": 0.00314607308246,
        "dmean2": 0.0041313925758,
        "dvar": 5.78644066991e-05,
        "dvar2": 9.84188372968e-05,
        "max": 0.167069479823,
        "mean": 0.0155726084486,
        "median": 0.00716250017285,
        "min": 1.03516580717e-20,
        "var": 0.000406856706832
    },
    "spectral_energyband_high": {
        "dmean": 6.4485175244e-06,
        "dmean2": 7.68037898524e-06,
        "dvar": 1.40827383088e-09,
        "dvar2": 2.50364395882e-09,
        "max": 0.00128341710661,
        "mean": 1.20375880215e-05,
        "median": 2.88993664554e-08,
        "min": 7.22251217043e-21,
        "var": 3.33471739111e-09
    },
    "spectral_energyband_low": {
        "dmean": 0.000648445507977,
        "dmean2": 0.000905870459974,
        "dvar": 3.18045408676e-06,
        "dvar2": 5.55159476789e-06,
        "max": 0.0408421270549,
        "mean": 0.00305036874488,
        "median": 0.000916227872949,
        "min": 1.04033423702e-22,
        "var": 2.37805124925e-05
    },
    "spectral_energyband_middle_high": {
        "dmean": 0.00024717109045,
        "dmean2": 0.000296936457744,
        "dvar": 1.30934699882e-06,
        "dvar2": 2.14414876609e-06,
        "max": 0.0488699488342,
        "mean": 0.00101916352287,
        "median": 0.000137207214721,
        "min": 1.62775119235e-21,
        "var": 7.57970929044e-06
    },
    "spectral_energyband_middle_low": {
        "dmean": 0.00265408609994,
        "dmean2": 0.00355701055378,
        "dvar": 4.98614172102e-05,
        "dvar2": 8.69584837346e-05,
        "max": 0.163094907999,
        "mean": 0.0117378262803,
        "median": 0.00335518456995,
        "min": 2.33538875733e-22,
        "var": 0.000314807577524
    },
    "spectral_entropy": {
        "dmean": 0.113568343222,
        "dmean2": 0.190007254481,
        "dvar": 0.0300291087478,
        "dvar2": 0.0748848542571,
        "max": 9.78590869904,
        "mean": 5.54503202438,
        "median": 5.47236204147,
        "min": 3.95052433014,
        "var": 0.279410600662
    },
    "spectral_flux": {
        "dmean": 0.010562912561,
        "dmean2": 0.0171448979527,
        "dvar": 0.000529142154846,
        "dvar2": 0.0012878163252,
        "max": 0.286129504442,
        "mean": 0.0253926496953,
        "median": 0.0171475503594,
        "min": 1.01743100056e-10,
        "var": 0.000825751863886
    },
    "spectral_kurtosis": {
        "dmean": 39.184928894,
        "dmean2": 67.5963821411,
        "dvar": 1726.00317383,
        "dvar2": 4647.13769531,
        "max": 487.44418335,
        "mean": 138.675033569,
        "median": 120.843933105,
        "min": -1.15584754944,
        "var": 9830.35058594
    },
    "spectral_rms": {
        "dmean": 0.000324035849189,
        "dmean2": 0.000439508672571,
        "dvar": 3.54697931471e-07,
        "dvar2": 5.86295868743e-07,
        "max": 0.0127669349313,
        "mean": 0.00320418504998,
        "median": 0.00264344573952,
        "min": 3.17792060028e-12,
        "var": 4.92607341585e-06
    },
    "spectral_rolloff": {
        "dmean": 39.6612358093,
        "dmean2": 69.8738861084,
        "dvar": 57447.4453125,
        "dvar2": 127715.414062,
        "max": 19509.0820312,
        "mean": 623.168945312,
        "median": 538.330078125,
        "min": 21.533203125,
        "var": 1758660.375
    },
    "spectral_skewness": {
        "dmean": 1.66063809395,
        "dmean2": 2.9072072506,
        "dvar": 2.48582649231,
        "dvar2": 6.55871582031,
        "max": 18.0282993317,
        "mean": 8.29430198669,
        "median": 8.08037948608,
        "min": 0.0132093671709,
        "var": 15.0657224655
    },
    "spectral_spread": {
        "dmean": 308773.125,
        "dmean2": 543252.0625,
        "dvar": 186458849280,
        "dvar2": 374323544064,
        "max": 39062904,
        "mean": 1131295.5,
        "median": 842354.0625,
        "min": 180805.640625,
        "var": 1.80177364582e+12
    },
    "spectral_strongpeak": {
        "dmean": 0.212741851807,
        "dmean2": 0.328756213188,
        "dvar": 0.237327545881,
        "dvar2": 0.463606655598,
        "max": 9.15399837494,
        "mean": 0.996280610561,
        "median": 0.435144692659,
        "min": 0,
        "var": 1.41373097897
    },
    "zerocrossingrate": {
        "dmean": 0.0018229347188,
        "dmean2": 0.00238998210989,
        "dvar": 1.97311674128e-05,
        "dvar2": 2.32627407968e-05,
        "max": 0.5146484375,
        "mean": 0.0229908730835,
        "median": 0.02099609375,
        "min": 0.00048828125,
        "var": 0.00135118968319
    },
    "barkbands": {
        "dmean": [6.85294526193e-06, 0.000513174396474, 0.000201297720196, 3.95079187001e-05, 0.000219592257054, 0.00057433033362, 0.000993661116809, 0.000810379628092, 0.000594187062234, 0.000159308154252, 5.95163728576e-05, 3.69369954569e-05, 3.86966203223e-05, 1.90794089576e-05, 1.02218318716e-05, 4.86020326207e-06, 8.96962956176e-06, 4.31751277574e-06, 2.94626624964e-06, 4.14512624047e-06, 1.70222017459e-06, 1.39968562962e-06, 2.44217204681e-07, 1.76631136384e-08, 1.30699140399e-08, 3.1215949825e-09, 8.18516310286e-10],
        "dmean2": [1.24285970742e-05, 0.000723045086488, 0.000302164989989, 6.65625848342e-05, 0.000366211141227, 0.000956702104304, 0.00156028592028, 0.00100040819962, 0.000724421755876, 0.00018655040185, 7.86179880379e-05, 4.6051787649e-05, 5.22845475643e-05, 2.30233272305e-05, 1.39275152833e-05, 6.61145440972e-06, 1.33128714879e-05, 5.58998408451e-06, 4.04374577556e-06, 5.08408356836e-06, 2.10806183532e-06, 1.87285661468e-06, 3.35487555958e-07, 2.9461169504e-08, 2.47531115605e-08, 5.85889026183e-09, 1.51491597045e-09],
        "dvar": [1.33969169092e-09, 2.41346651819e-06, 4.68268808618e-07, 9.81832304348e-09, 2.04753320077e-07, 3.24863481183e-06, 9.30345140659e-06, 1.18119651233e-05, 9.77338186203e-06, 1.91862295651e-06, 1.28836276758e-07, 3.27408002931e-08, 2.98770679308e-08, 1.03636601523e-08, 1.37001443523e-09, 6.88065660004e-10, 1.47561851627e-09, 7.86172182909e-10, 2.13241632685e-10, 6.5162159002e-10, 9.29524374138e-11, 1.76484396541e-10, 3.46215590918e-12, 4.64765656787e-14, 1.82959414763e-13, 7.75401742597e-15, 6.57887677718e-18],
        "dvar2": [3.98451360795e-09, 4.20664082412e-06, 8.62392255385e-07, 2.59759254106e-08, 4.70942580932e-07, 8.33828198665e-06, 2.31986050494e-05, 1.88533995242e-05, 1.64267439686e-05, 3.02702483168e-06, 2.15336214637e-07, 5.43372387085e-08, 6.08261885304e-08, 1.70538942967e-08, 2.91585000589e-09, 1.37938993561e-09, 3.10019121486e-09, 1.5095354966e-09, 4.44213443807e-10, 1.14969000986e-09, 1.62434482531e-10, 3.55561524668e-10, 7.43188843799e-12, 1.26296339381e-13, 5.3944457408e-13, 2.27188483548e-14, 1.92872098699e-17],
        "max": [0.00147677771747, 0.0399116761982, 0.0226477198303, 0.00251197116449, 0.0182358138263, 0.0556549504399, 0.0724978372455, 0.0860726311803, 0.0972084179521, 0.0903200879693, 0.0161406267434, 0.0095585687086, 0.00533856684342, 0.00442966865376, 0.00165313540492, 0.00107292772736, 0.00198523025028, 0.00135068851523, 0.000468692131108, 0.00103441881947, 0.000366157124517, 0.000595648947638, 9.04922053451e-05, 1.15979482871e-05, 2.47585376201e-05, 6.22682136964e-06, 1.3582355507e-07],
        "mean": [7.22743880033e-06, 0.00248737563379, 0.000519325374626, 6.32892842987e-05, 0.000511515128892, 0.00210503046401, 0.00378065602854, 0.00284973252565, 0.00198642280884, 0.000709670595825, 0.00017027699505, 0.000115299189929, 9.67386658886e-05, 6.04590750299e-05, 4.04644633818e-05, 1.50844007294e-05, 2.07007251447e-05, 1.24934013002e-05, 7.09369896867e-06, 7.91575348558e-06, 3.38908694175e-06, 2.13138127947e-06, 3.22743829884e-07, 1.7133240604e-08, 8.66632277052e-09, 2.41762432296e-09, 8.67624194711e-10],
        "median": [1.44368254951e-06, 0.000486988632474, 0.000139084935654, 2.21382542804e-05, 0.000205213975278, 0.000370697351173, 0.000715960748494, 0.000344465341186, 0.000137868148158, 5.19415880262e-05, 1.69353697856e-05, 1.08728090709e-05, 8.07974902273e-06, 2.18793843487e-06, 2.67803989118e-06, 1.04864056993e-06, 5.90524507516e-07, 1.13938497748e-07, 8.17438206013e-08, 2.02994456799e-08, 5.65717073187e-09, 2.05421923916e-09, 9.83934156373e-10, 5.53461942943e-10, 4.8843662448e-10, 4.22191837046e-10, 3.80295850366e-10],
        "min": [6.82531842642e-24, 8.50966977656e-23, 1.34261191506e-23, 5.88685478369e-24, 2.83070997588e-23, 8.03496010507e-24, 8.33125342117e-23, 1.90188321574e-23, 7.43791451548e-23, 5.19541678031e-23, 5.07199191863e-23, 1.14432857109e-22, 1.44954339916e-22, 7.22071649582e-23, 1.77326780707e-22, 1.17056557993e-22, 1.96953955573e-22, 2.43976123976e-22, 2.37967704938e-22, 4.4349108808e-22, 3.3173567537e-22, 4.13767137337e-22, 5.00572659285e-22, 1.07020601399e-21, 1.102849053e-21, 1.29653008148e-21, 2.57924123841e-21],
        "var": [9.10498287876e-10, 2.12018840102e-05, 1.29074885535e-06, 1.49288119644e-08, 9.38222171953e-07, 2.08052642847e-05, 5.72973694943e-05, 5.28526543349e-05, 3.71255118807e-05, 1.17756817417e-05, 4.23892487333e-07, 1.38093753321e-07, 9.56348671366e-08, 4.17133385611e-08, 1.27216788215e-08, 2.33454189313e-09, 5.25558307984e-09, 2.68742206266e-09, 6.45942799249e-10, 1.59672208788e-09, 2.36389602337e-10, 3.07388059451e-10, 4.68713739696e-12, 3.64315308064e-14, 9.80345565469e-14, 4.2324275493e-15, 4.98378428374e-18]
    },
    "erbbands": {
        "dmean": [0.00864603184164, 0.136491537094, 0.258154541254, 0.151860594749, 0.183315813541, 1.10153591633, 1.34909880161, 6.02786874771, 14.4836425781, 15.1231937408, 15.4977884293, 16.5961647034, 6.90506076813, 2.94873929024, 2.31189441681, 1.88218069077, 2.05397319794, 0.948733329773, 0.66678994894, 0.396385461092, 0.263441264629, 0.395689994097, 0.271730065346, 0.176286250353, 0.152932390571, 0.196910411119, 0.109397478402, 0.0609373860061, 0.0652876347303, 0.020804444328, 0.00506949657574, 0.000807150674518, 0.000234378923778, 0.000159783507115, 8.15724997665e-05, 2.75957045233e-05, 2.65191283688e-06, 6.23016319423e-07, 1.52682127919e-06, 3.54792814505e-06],
        "dmean2": [0.0114071965218, 0.193736568093, 0.386204093695, 0.241028279066, 0.29999050498, 1.84270727634, 2.26968216896, 10.1568670273, 22.9699039459, 20.5817165375, 19.4255752563, 19.8126087189, 7.82946538925, 3.62701225281, 3.03486800194, 2.28575491905, 2.75147557259, 1.1642780304, 0.811282753944, 0.58584433794, 0.346157610416, 0.601641833782, 0.378685832024, 0.217669531703, 0.217109709978, 0.244136035442, 0.131700500846, 0.0739418640733, 0.0881480723619, 0.0281483400613, 0.00685129128397, 0.00121747993398, 0.000401796831284, 0.000298392900731, 0.000153700035298, 5.13894447067e-05, 4.52803533335e-06, 1.06662298549e-06, 2.00313911591e-06, 4.64159620606e-06],
        "dvar": [0.000786590448115, 0.164734899998, 0.608828186989, 0.183667004108, 0.123259603977, 5.94289588928, 11.1752748489, 341.500244141, 2420.88671875, 2625.20556641, 6488.87548828, 7552.40087891, 2874.26977539, 520.405517578, 150.568878174, 76.7522125244, 77.2440185547, 23.8579559326, 6.70430135727, 3.72442650795, 2.91815376282, 2.69030046463, 1.48226201534, 0.757550597191, 0.666405439377, 1.68256855011, 0.360340684652, 0.137239053845, 0.523321986198, 0.0257758293301, 0.00167557341047, 5.4335250752e-05, 1.39838721225e-05, 2.22610924538e-05, 8.60211457621e-06, 8.37672132548e-07, 9.28809251732e-10, 4.86881585396e-12, 1.41653824087e-11, 7.51546949673e-11],
        "dvar2": [0.00115591124631, 0.299888342619, 1.13216459751, 0.428528189659, 0.292568147182, 13.4738922119, 33.2001533508, 906.842834473, 6555.96142578, 4354.63867188, 11211.4111328, 12308.6425781, 4422.03662109, 892.184265137, 266.12097168, 122.148551941, 156.34815979, 39.7772789001, 11.2472696304, 10.3984498978, 5.75885820389, 6.41565275192, 2.86319351196, 1.30573189259, 1.56835329533, 2.98872160912, 0.642318189144, 0.222943648696, 1.04500639439, 0.0586283020675, 0.00357688032091, 0.000136779330205, 3.91849098378e-05, 6.54647737974e-05, 2.53762864304e-05, 2.45721412284e-06, 2.71209921188e-09, 1.30839063542e-11, 2.35355537143e-11, 1.26936933187e-10],
        "max": [0.927865147591, 9.90759658813, 25.1723442078, 10.5572338104, 7.85157823563, 107.87878418, 124.133255005, 528.726745605, 1144.88000488, 1403.13989258, 2353.48120117, 2924.14453125, 3531.37524414, 1255.74902344, 489.109375, 492.120300293, 270.625579834, 226.016937256, 102.672065735, 93.0348434448, 77.3913803101, 64.7758712769, 53.8576889038, 36.9753456116, 25.9666976929, 68.1374206543, 18.3828773499, 16.3045158386, 35.4096717834, 6.50948810577, 2.26010847092, 0.294142007828, 0.231119215488, 0.288745820522, 0.208796560764, 0.0655042752624, 0.00217135855928, 0.000101252095192, 8.45152462716e-05, 0.000192677180166],
        "mean": [0.0437649451196, 0.64675450325, 0.874626636505, 0.323157161474, 0.377336919308, 2.39654183388, 3.66968083382, 22.0694198608, 58.0223503113, 57.9008407593, 52.08203125, 56.5189208984, 29.2051792145, 11.5869131088, 6.98686027527, 6.11411714554, 5.28283452988, 3.07039880753, 2.88343191147, 1.27435016632, 0.83640396595, 0.890415668488, 0.732440471649, 0.514092445374, 0.3348107934, 0.371616095304, 0.210616886616, 0.122888050973, 0.099260315299, 0.0304073542356, 0.00689574284479, 0.000955050927587, 0.000231379919569, 0.000121099008538, 6.34779062239e-05, 2.67563027592e-05, 6.87781175657e-06, 1.52633924699e-06, 7.55249448048e-06, 1.75076820597e-05],
        "median": [0.00686370814219, 0.123129993677, 0.264933556318, 0.14368647337, 0.222397074103, 0.849506139755, 1.30271613598, 4.29872465134, 10.1619691849, 11.7940740585, 6.57339382172, 4.59838008881, 2.94311475754, 1.21122145653, 0.893542945385, 0.771214365959, 0.584315657616, 0.247871547937, 0.19935066998, 0.120574496686, 0.0493518449366, 0.028126064688, 0.014301973395, 0.00715088378638, 0.00300260493532, 0.00110587943345, 0.000422920449637, 0.000189627477084, 8.60617074068e-05, 5.22175832884e-05, 2.97274873446e-05, 1.91113249457e-05, 1.43974293678e-05, 1.16654928206e-05, 9.15776126931e-06, 6.17635487288e-06, 3.08958965434e-06, 6.2021604208e-07, 3.41459394804e-06, 7.93705112301e-06],
        "min": [3.09366760785e-21, 1.63199261344e-20, 1.33381960967e-20, 1.94510115481e-20, 2.70998876645e-20, 1.44238042501e-19, 8.99886557222e-20, 7.91380817253e-20, 4.89210589189e-19, 1.53556785278e-18, 6.10261234006e-19, 1.87763360925e-18, 1.45805286098e-18, 2.281638133e-18, 1.69964491755e-18, 5.06731504994e-18, 6.8191144289e-18, 4.74371951277e-18, 5.67466124777e-18, 9.42779351311e-18, 8.54679487555e-18, 1.07500640562e-17, 1.34596480082e-17, 1.07666630895e-17, 1.54179104272e-17, 2.25619087271e-17, 1.51254689935e-17, 1.17109608963e-17, 1.5687892253e-17, 1.36324708535e-17, 1.45580446e-17, 1.91418312228e-17, 1.81763046528e-17, 1.25833452749e-17, 8.21683087484e-18, 4.65793219785e-18, 2.32924796072e-18, 1.32755291843e-18, 3.19351118353e-19, 3.96662345846e-20],
        "var": [0.00756207248196, 1.38865888119, 2.00970506668, 0.354890584946, 0.277894794941, 25.2832336426, 44.4580841064, 2209.40332031, 13553.484375, 17231.8632812, 20342.8359375, 29109.3867188, 16855.8867188, 2359.11035156, 502.311737061, 342.029449463, 253.292770386, 86.6032714844, 61.3139686584, 12.5315237045, 9.69139289856, 7.87352514267, 5.45459461212, 2.88614797592, 1.58926796913, 4.12738227844, 0.830454647541, 0.383104354143, 0.893114387989, 0.0391889065504, 0.00229670456611, 5.81695749133e-05, 9.2391119324e-06, 1.19972601169e-05, 4.63019387098e-06, 4.55401050203e-07, 5.68538605084e-10, 7.09456148343e-12, 9.85610967841e-11, 5.23796617191e-10]
    },
    "gfcc": {
        "mean": [-261.962585449, 238.107467651, -99.7127151489, -40.880443573, -38.3138313293, -23.783246994, -9.41703605652, -3.61200690269, 4.16733455658, 3.36965513229, 3.63803839684, -7.23855447769, -3.39875555038],
        "cov": [[18628.3652344, 1449.25671387, -5199.02441406, 1282.57421875, -271.644561768, -1830.52954102, 1209.63952637, -334.448242188, 719.558837891, 157.248474121, 72.4908065796, -87.6652069092, 34.9170227051], [1449.25671387, 2086.8112793, 612.032592773, -852.631774902, 280.30569458, -1.67011392117, -105.160804749, -40.6800804138, 18.6915035248, -16.5058498383, 149.989486694, -95.9371643066, 96.4794235229], [-5199.02441406, 612.032592773, 2736.25415039, -524.559692383, 213.711975098, 934.572021484, -292.791229248, 146.820617676, -149.606918335, -56.560710907, 49.3248786926, -36.8954162598, 36.0557022095], [1282.57421875, -852.631774902, -524.559692383, 1006.09210205, 54.8014602661, -41.324508667, 311.590759277, 66.1089553833, 111.614730835, 32.2477912903, -86.1320953369, 36.1424484253, -41.6186981201], [-271.644561768, 280.30569458, 213.711975098, 54.8014602661, 439.064849854, 64.5120544434, 9.2982378006, 129.586853027, 28.8666648865, 32.8138542175, 27.9053344727, -14.6158847809, 32.5701637268], [-1830.52954102, -1.67011392117, 934.572021484, -41.324508667, 64.5120544434, 501.390350342, -39.4426231384, 54.3193511963, -40.1450805664, -30.7643718719, -5.95488071442, 1.84714543819, 25.5661964417], [1209.63952637, -105.160804749, -292.791229248, 311.590759277, 9.2982378006, -39.4426231384, 334.700653076, 95.2796020508, 129.748001099, 42.425163269, -31.9168186188, -0.799588501453, -6.25705003738], [-334.448242188, -40.6800804138, 146.820617676, 66.1089553833, 129.586853027, 54.3193511963, 95.2796020508, 251.776626587, 91.6956863403, 15.2465610504, -20.4784584045, -40.0774536133, -9.0337896347], [719.558837891, 18.6915035248, -149.606918335, 111.614730835, 28.8666648865, -40.1450805664, 129.748001099, 91.6956863403, 153.364685059, 45.2596092224, -2.96504592896, -10.2283754349, -8.89764690399], [157.248474121, -16.5058498383, -56.560710907, 32.2477912903, 32.8138542175, -30.7643718719, 42.425163269, 15.2465610504, 45.2596092224, 109.579162598, 56.3374290466, 23.8295593262, 15.9869937897], [72.4908065796, 149.989486694, 49.3248786926, -86.1320953369, 27.9053344727, -5.95488071442, -31.9168186188, -20.4784584045, -2.96504592896, 56.3374290466, 124.153862, 55.5264587402, 17.1242256165], [-87.6652069092, -95.9371643066, -36.8954162598, 36.1424484253, -14.6158847809, 1.84714543819, -0.799588501453, -40.0774536133, -10.2283754349, 23.8295593262, 55.5264587402, 95.2767944336, 27.8731956482], [34.9170227051, 96.4794235229, 36.0557022095, -41.6186981201, 32.5701637268, 25.5661964417, -6.25705003738, -9.0337896347, -8.89764690399, 15.9869937897, 17.1242256165, 27.8731956482, 82.0781707764]],
        "icov": [[0.000752577150706, -0.00151447951794, 0.00140511267819, -0.0015403854195, 0.00105429498944, -0.000279620435322, -0.000507406715769, 0.000522191054188, -0.00114655622747, 0.000559749722015, -0.00134402269032, 0.00139705417678, -0.000678078213241], [-0.00151447951794, 0.00511605013162, -0.00362443644553, 0.00460366625339, -0.00368926534429, 0.00204943423159, -0.000793577812146, 0.00135708472226, 0.00013326703629, 0.00182606803719, -0.000796876032837, 0.000882040767465, -0.00100296281744], [0.00140511267819, -0.00362443644553, 0.00440631108359, -0.00296716042794, 0.00233115721494, -0.00367505755275, 0.000293137825793, -0.00059574120678, -0.000770739628933, -0.000448087521363, -0.00148366461508, 0.00148954114411, 0.0002063492866], [-0.0015403854195, 0.00460366625339, -0.00296716042794, 0.00618880847469, -0.00390786351636, 0.000794091145508, -0.0015230969293, 0.000724518846255, 0.000983619363979, 0.000183834825293, 0.00220123073086, -0.00220903591253, 0.00131416402292], [0.00105429498944, -0.00368926534429, 0.00233115721494, -0.00390786351636, 0.00583143439144, -0.00123273883946, 0.00120206130669, -0.00271896272898, 0.000260609347606, -0.00163944927044, -0.000658781034872, 0.0005245921202, -0.000948292610701], [-0.000279620435322, 0.00204943423159, -0.00367505755275, 0.000794091145508, -0.00123273883946, 0.00793103221804, -0.00194022385404, 0.00180654565338, -0.00126800767612, 0.00310786650516, -0.00144858798012, 0.00131793902256, -0.00309146521613], [-0.000507406715769, -0.000793577812146, 0.000293137825793, -0.0015230969293, 0.00120206130669, -0.00194022385404, 0.00817468203604, -0.00365172768943, -0.000553500314709, -0.00381283531897, 0.00451296987012, -0.00405784137547, 0.0017153226072], [0.000522191054188, 0.00135708472226, -0.00059574120678, 0.000724518846255, -0.00271896272898, 0.00180654565338, -0.00365172768943, 0.0102929621935, -0.00687802676111, 0.00433910498396, -0.00455349171534, 0.00683115003631, -0.00277812243439], [-0.00114655622747, 0.00013326703629, -0.000770739628933, 0.000983619363979, 0.000260609347606, -0.00126800767612, -0.000553500314709, -0.00687802676111, 0.0169261693954, -0.00776060158387, 0.00580555992201, -0.00540601834655, 0.00463185878471], [0.000559749722015, 0.00182606803719, -0.000448087521363, 0.000183834825293, -0.00163944927044, 0.00310786650516, -0.00381283531897, 0.00433910498396, -0.00776060158387, 0.0201720632613, -0.0138536728919, 0.00775923347101, -0.0067401160486], [-0.00134402269032, -0.000796876032837, -0.00148366461508, 0.00220123073086, -0.000658781034872, -0.00144858798012, 0.00451296987012, -0.00455349171534, 0.00580555992201, -0.0138536728919, 0.0261849369854, -0.0189502667636, 0.00813193712384], [0.00139705417678, 0.000882040767465, 0.00148954114411, -0.00220903591253, 0.0005245921202, 0.00131793902256, -0.00405784137547, 0.00683115003631, -0.00540601834655, 0.00775923347101, -0.0189502667636, 0.0288749504834, -0.0115311928093], [-0.000678078213241, -0.00100296281744, 0.0002063492866, 0.00131416402292, -0.000948292610701, -0.00309146521613, 0.0017153226072, -0.00277812243439, 0.00463185878471, -0.0067401160486, 0.00813193712384, -0.0115311928093, 0.0194251332432]]
    },
    "melbands": {
        "dmean": [0.000115938833915, 0.000150208259583, 2.59956814261e-05, 4.03060585086e-05, 5.28898017365e-05, 0.000141914380947, 0.000209444246138, 0.000164488068549, 0.000120484204672, 0.000100184624898, 3.11117546516e-05, 1.1815200196e-05, 8.72111559147e-06, 4.09470294471e-06, 5.57381736144e-06, 2.8324197956e-06, 1.96106543626e-06, 1.15263196676e-06, 5.92864068949e-07, 4.94354765124e-07, 3.09122384579e-07, 4.20720652983e-07, 3.68246730886e-07, 2.78623247141e-07, 1.30252146846e-07, 1.11230441746e-07, 8.46226342333e-08, 1.58630726332e-07, 8.44371257358e-08, 5.79492507313e-08, 2.56645051877e-08, 3.8627248955e-08, 2.1998745936e-08, 8.71438743388e-09, 3.34203487107e-09, 9.90187598582e-10, 3.01551283943e-10, 1.61366378593e-10, 1.54939616692e-10, 1.25581142707e-10],
        "dmean2": [0.000158533497597, 0.000219689070946, 4.07331899623e-05, 6.71741508995e-05, 8.91092713573e-05, 0.000240346751525, 0.000329336180585, 0.000216424712562, 0.000151465603267, 0.000119817836094, 3.57099925168e-05, 1.47437385749e-05, 1.16076325867e-05, 4.95848325954e-06, 7.35069852453e-06, 3.77108608518e-06, 2.41092493525e-06, 1.3826245322e-06, 8.22204583528e-07, 7.13605459168e-07, 3.9604250901e-07, 6.26882808774e-07, 5.76408694997e-07, 3.58604410167e-07, 1.61927133036e-07, 1.58446695764e-07, 1.17294376878e-07, 1.97130972879e-07, 1.02874523122e-07, 7.1595430029e-08, 3.19456923137e-08, 5.23085432746e-08, 3.04698772879e-08, 1.20292957817e-08, 4.50958959064e-09, 1.47978362897e-09, 4.9715703776e-10, 2.76658945753e-10, 2.88758794653e-10, 2.36247021945e-10],
        "dvar": [1.33782251055e-07, 1.67675736407e-07, 4.7667891856e-09, 7.13276460118e-09, 1.34394779749e-08, 1.99341627649e-07, 4.68761356842e-07, 3.27655641286e-07, 3.87667711266e-07, 3.05476191897e-07, 6.85296157599e-08, 9.83547465694e-09, 2.78980394341e-09, 4.1066119949e-10, 4.69497885014e-10, 1.43512660089e-10, 1.20019383321e-10, 2.59224395421e-11, 5.29779475497e-12, 5.19832137405e-12, 5.78603961618e-12, 4.525461169e-12, 2.10974423695e-12, 3.77151738659e-12, 4.27042949613e-13, 3.77223344792e-13, 2.43053434367e-13, 1.13087208868e-12, 2.86467898014e-13, 1.30646998753e-13, 3.18551845872e-14, 2.0707009241e-13, 3.91896699825e-14, 3.96448434655e-15, 9.24415865612e-16, 8.81882728206e-17, 1.43622774188e-17, 4.45379891193e-18, 2.2622421952e-17, 1.38323383691e-17],
        "dvar2": [2.14170128743e-07, 3.18522438647e-07, 1.06180726434e-08, 1.59857105331e-08, 3.83792091441e-08, 5.42400471204e-07, 1.20632478229e-06, 5.05915863869e-07, 6.83575194671e-07, 5.04706576976e-07, 1.0579284293e-07, 1.69337219802e-08, 4.69886929366e-09, 6.64389265825e-10, 9.15570397275e-10, 2.8000571306e-10, 2.00274408169e-10, 4.38992384111e-11, 1.17267610553e-11, 1.27961972615e-11, 1.11772041275e-11, 1.01198684849e-11, 5.1513138373e-12, 7.29163344287e-12, 7.23744794564e-13, 8.22178154551e-13, 4.74499833956e-13, 2.04939450826e-12, 5.16560264615e-13, 2.24105185364e-13, 5.21668517032e-14, 4.10574081244e-13, 8.52641931668e-14, 8.84948344259e-15, 1.97320475524e-15, 2.04189203336e-16, 3.97035179671e-17, 1.18790365521e-17, 6.64780441414e-17, 4.0664665443e-17],
        "max": [0.010287027806, 0.0104582477361, 0.00181928253733, 0.00375127838925, 0.00368811143562, 0.0141923315823, 0.0167974121869, 0.0174582339823, 0.0175457932055, 0.0189882367849, 0.0174666009843, 0.00547625590116, 0.00237443251535, 0.00104302621912, 0.00055924418848, 0.000346847402398, 0.00051603425527, 0.000223521288717, 8.95851553651e-05, 9.42322294577e-05, 0.000106157967821, 0.000105836974399, 4.84514966956e-05, 8.20093991933e-05, 2.98119412037e-05, 2.02370738407e-05, 2.73579225905e-05, 4.79042355437e-05, 1.96364180738e-05, 1.52153015733e-05, 6.57334248899e-06, 2.32481907005e-05, 6.86706789566e-06, 2.08394590118e-06, 1.86174088412e-06, 3.31051779767e-07, 2.04935560078e-07, 9.86829178373e-08, 3.37865657229e-07, 2.05946051324e-07],
        "mean": [0.000583398912568, 0.000633474555798, 5.73993347643e-05, 8.77600468812e-05, 0.000137893293868, 0.000503195391502, 0.000861427804921, 0.00062293902738, 0.000397215771955, 0.000337174424203, 0.000133569148602, 4.57026726508e-05, 2.52985755651e-05, 1.37700117193e-05, 1.41971095218e-05, 7.99187546363e-06, 5.94557286604e-06, 4.81316055811e-06, 2.33111859416e-06, 1.38462132782e-06, 9.40232894209e-07, 9.67238634075e-07, 7.60966486268e-07, 8.02254646715e-07, 3.71188662029e-07, 2.45338497962e-07, 1.79106692144e-07, 2.8523106721e-07, 1.54234484739e-07, 1.09607618981e-07, 5.16757410196e-08, 5.74737519798e-08, 3.2841196429e-08, 1.18859730946e-08, 4.47397274783e-09, 1.1787121279e-09, 2.95378999038e-10, 1.55613744113e-10, 1.10977185774e-10, 8.37407990173e-11],
        "median": [0.000113430149213, 0.000183983822353, 2.67636314675e-05, 3.72057293134e-05, 4.84770425828e-05, 9.06637287699e-05, 0.000153125569341, 0.000119791431644, 4.37986891484e-05, 2.40943609242e-05, 1.25055812532e-05, 3.69734834749e-06, 2.58303748524e-06, 1.56361977588e-06, 1.73245018686e-06, 7.4535330441e-07, 2.95845467235e-07, 2.93574345278e-07, 1.44706291394e-07, 1.15557767799e-07, 3.14620969277e-08, 2.12479385198e-08, 1.43805873876e-08, 3.65136210156e-09, 5.590754526e-09, 2.11090855906e-09, 1.02737751639e-09, 5.24312648853e-10, 1.86856724538e-10, 1.75234951549e-10, 6.38906427763e-11, 4.35161941204e-11, 3.39457906229e-11, 2.22226091695e-11, 1.45612515101e-11, 9.79154864827e-12, 7.18452424289e-12, 6.09281115144e-12, 5.12862105215e-12, 4.41480576055e-12],
        "min": [2.60581377819e-23, 1.27415440793e-23, 3.88385963696e-24, 5.80523962887e-24, 4.43383058312e-24, 1.95334996059e-24, 1.04305658023e-23, 1.37761856436e-23, 6.22674654876e-24, 1.14127773042e-23, 7.0142813788e-24, 9.02133600374e-24, 5.46681908939e-24, 7.06030589059e-24, 1.88420010969e-23, 1.46938801564e-23, 7.7281160899e-24, 7.67408621764e-24, 1.30765914496e-23, 1.03138364764e-23, 9.98985366924e-24, 1.12490153023e-23, 1.18205450282e-23, 1.11386812718e-23, 8.15941711236e-24, 9.51931312763e-24, 1.45907287045e-23, 1.47460995929e-23, 9.31715647661e-24, 7.80294033562e-24, 6.34829423703e-24, 8.62934628677e-24, 8.53841507909e-24, 7.44541752933e-24, 7.43503217551e-24, 1.00029408717e-23, 1.27371611681e-23, 1.23368363468e-23, 1.35338649285e-23, 9.3092528792e-24],
        "var": [1.2655879118e-06, 9.06652019239e-07, 9.92758675267e-09, 2.93309909694e-08, 5.97811649072e-08, 1.15319903671e-06, 2.94746041618e-06, 2.22448488785e-06, 1.20309550766e-06, 1.1551321677e-06, 4.0481975816e-07, 4.34914717573e-08, 9.29573129582e-09, 1.86901449872e-09, 1.45199108292e-09, 5.88241788613e-10, 4.13988204828e-10, 1.93630333989e-10, 4.23148703577e-11, 1.63713834156e-11, 1.96250671963e-11, 1.41777839469e-11, 6.37995168848e-12, 1.29000603602e-11, 1.65593081781e-12, 1.07217880407e-12, 6.69918764559e-13, 2.65739730568e-12, 6.18089076015e-13, 3.21091623342e-13, 8.87892054801e-14, 3.5463523936e-13, 6.19061618916e-14, 5.47028573358e-15, 1.21272883432e-15, 1.13302184284e-16, 1.1430649239e-17, 3.66488656964e-18, 1.21714300094e-17, 7.48774974703e-18]
    },
    "mfcc": {
        "mean": [-860.342346191, 223.48260498, 27.3178119659, -5.74402189255, -14.2137556076, -9.32213020325, -6.99706697464, -6.5662689209, 0.370313882828, 7.21663427353, 10.1937618256, 7.35963392258, 6.0868229866],
        "cov": [[9331.35839844, 2451.93286133, -3436.56396484, 750.200683594, -507.947540283, -470.082824707, -381.355865479, -207.548065186, 124.277893066, 123.317001343, 240.469894409, 64.7853240967, 51.7253990173], [2451.93286133, 2008.0267334, -79.8313446045, -202.229309082, 72.1345748901, -98.910736084, -65.7128829956, -95.2763290405, -27.1863994598, 48.5492324829, 46.4944534302, 29.21251297, 31.1140727997], [-3436.56396484, -79.8313446045, 2241.18383789, -299.446411133, 143.348709106, 355.92086792, 258.175018311, 132.652694702, -30.3945350647, -14.737622261, -64.7967300415, -13.5337343216, -6.24394369125], [750.200683594, -202.229309082, -299.446411133, 496.33291626, -8.14462471008, 28.4154148102, 88.2970046997, 97.7199859619, 115.039077759, 71.5268173218, 78.8445205688, 43.9903450012, 21.0883407593], [-507.947540283, 72.1345748901, 143.348709106, -8.14462471008, 415.962738037, 78.3585739136, 54.9897613525, 72.0483856201, 23.3205776215, 49.241859436, 0.931684017181, 10.5196437836, 24.5865345001], [-470.082824707, -98.910736084, 355.92086792, 28.4154148102, 78.3585739136, 263.512908936, 114.458946228, 55.0092430115, 21.711971283, -3.52469563484, -7.69440507889, -33.3626823425, -4.27411317825], [-381.355865479, -65.7128829956, 258.175018311, 88.2970046997, 54.9897613525, 114.458946228, 170.760910034, 83.8848800659, 44.0852355957, 28.4302253723, 7.16398715973, 13.6939344406, 3.22061133385], [-207.548065186, -95.2763290405, 132.652694702, 97.7199859619, 72.0483856201, 55.0092430115, 83.8848800659, 168.001602173, 121.89881897, 67.4565429688, 38.8428878784, 23.2198467255, 12.0442647934], [124.277893066, -27.1863994598, -30.3945350647, 115.039077759, 23.3205776215, 21.711971283, 44.0852355957, 121.89881897, 204.213470459, 129.256011963, 59.32654953, 31.0065059662, -12.2774715424], [123.317001343, 48.5492324829, -14.737622261, 71.5268173218, 49.241859436, -3.52469563484, 28.4302253723, 67.4565429688, 129.256011963, 153.363372803, 69.6562042236, 33.1035346985, 4.26644182205], [240.469894409, 46.4944534302, -64.7967300415, 78.8445205688, 0.931684017181, -7.69440507889, 7.16398715973, 38.8428878784, 59.32654953, 69.6562042236, 103.01902771, 58.648235321, 14.2283401489], [64.7853240967, 29.21251297, -13.5337343216, 43.9903450012, 10.5196437836, -33.3626823425, 13.6939344406, 23.2198467255, 31.0065059662, 33.1035346985, 58.648235321, 122.303161621, 56.0158805847], [51.7253990173, 31.1140727997, -6.24394369125, 21.0883407593, 24.5865345001, -4.27411317825, 3.22061133385, 12.0442647934, -12.2774715424, 4.26644182205, 14.2283401489, 56.0158805847, 91.340675354]],
