{
"lowlevel": {
    "average_loudness": 0.909817159176,
    "barkbands_crest": {
        "dmean": 2.9386279583,
        "dmean2": 4.77854967117,
        "dvar": 7.17322587967,
        "dvar2": 17.9800834656,
        "max": 26.6136569977,
        "mean": 11.0479707718,
        "median": 10.2096138,
        "min": 2.1673913002,
        "var": 20.1996192932
    },
    "barkbands_flatness_db": {
        "dmean": 0.0318044349551,
        "dmean2": 0.0473978444934,
        "dvar": 0.00107943965122,
        "dvar2": 0.00208519725129,
        "max": 0.448489695787,
        "mean": 0.149775773287,
        "median": 0.143482416868,
        "min": 0.0157773774117,
        "var": 0.00446139229462
    },
    "barkbands_kurtosis": {
        "dmean": 7.31034421921,
        "dmean2": 11.4477396011,
        "dvar": 409.289001465,
        "dvar2": 903.40057373,
        "max": 953.659973145,
        "mean": 12.4644575119,
        "median": 7.94844341278,
        "min": -1.86731398106,
        "var": 654.346862793
    },
    "barkbands_skewness": {
        "dmean": 0.814538300037,
        "dmean2": 1.25577831268,
        "dvar": 0.912431776524,
        "dvar2": 1.93226122856,
        "max": 28.6165370941,
        "mean": 2.5627245903,
        "median": 2.52036786079,
        "min": -3.16655087471,
        "var": 3.19978380203
    },
    "barkbands_spread": {
        "dmean": 9.1840171814,
        "dmean2": 13.5914735794,
        "dvar": 174.956497192,
        "dvar2": 315.239227295,
        "max": 113.6953125,
        "mean": 21.3402996063,
        "median": 12.8294706345,
        "min": 0.360731750727,
        "var": 433.748687744
    },
    "dissonance": {
        "dmean": 0.0192725434899,
        "dmean2": 0.0313028842211,
        "dvar": 0.000374392489903,
        "dvar2": 0.00092805037275,
        "max": 0.500000059605,
        "mean": 0.457106560469,
        "median": 0.46467462182,
        "min": 0.203947007656,
        "var": 0.0010449453257
    },
    "dynamic_complexity": 2.67740821838,
    "erbbands_crest": {
        "dmean": 2.17528271675,
        "dmean2": 3.44725751877,
        "dvar": 5.39316654205,
        "dvar2": 12.044462204,
        "max": 30.7848110199,
        "mean": 8.80037784576,
        "median": 7.57033157349,
        "min": 2.17177581787,
        "var": 20.4271259308
    },
    "erbbands_flatness_db": {
        "dmean": 0.0191683713347,
        "dmean2": 0.0267210565507,
        "dvar": 0.000501598871779,
        "dvar2": 0.000851540302392,
        "max": 0.485852599144,
        "mean": 0.120325222611,
        "median": 0.10937692225,
        "min": 0.0323632732034,
        "var": 0.00281016295776
    },
    "erbbands_kurtosis": {
        "dmean": 1.46720170975,
        "dmean2": 2.23053407669,
        "dvar": 10.1593065262,
        "dvar2": 20.9262161255,
        "max": 133.898757935,
        "mean": 1.4675899744,
        "median": 0.189445495605,
        "min": -1.76492786407,
        "var": 27.0832901001
    },
    "erbbands_skewness": {
        "dmean": 0.448466509581,
        "dmean2": 0.672831058502,
        "dvar": 0.259733766317,
        "dvar2": 0.561730563641,
        "max": 8.07646942139,
        "mean": 0.735594153404,
        "median": 0.683300971985,
        "min": -3.38365983963,
        "var": 0.851925253868
    },
    "erbbands_spread": {
        "dmean": 12.8371496201,
        "dmean2": 18.9277324677,
        "dvar": 233.816497803,
        "dvar2": 418.904754639,
        "max": 175.262878418,
        "mean": 52.1579170227,
        "median": 48.3457183838,
        "min": 1.16592812538,
        "var": 787.438964844
    },
    "hfc": {
        "dmean": 12.4915590286,
        "dmean2": 19.3346481323,
        "dvar": 458.732391357,
        "dvar2": 1077.62304688,
        "max": 179.038589478,
        "mean": 18.2694625854,
        "median": 9.33533096313,
        "min": 1.25703990712e-16,
        "var": 561.141357422
    },
    "melbands_crest": {
        "dmean": 3.56186127663,
        "dmean2": 5.87239789963,
        "dvar": 9.97287368774,
        "dvar2": 25.5601673126,
        "max": 38.0117111206,
        "mean": 15.4176912308,
        "median": 14.5899410248,
        "min": 1.96135163307,
        "var": 28.4448356628
    },
    "melbands_flatness_db": {
        "dmean": 0.0400178804994,
        "dmean2": 0.0590570867062,
        "dvar": 0.0016808641376,
        "dvar2": 0.00317525886931,
        "max": 0.577817618847,
        "mean": 0.244822010398,
        "median": 0.242832794785,
        "min": 0.00332765909843,
        "var": 0.00754867959768
    },
    "melbands_kurtosis": {
        "dmean": 14.9490365982,
        "dmean2": 24.1962089539,
        "dvar": 876.709350586,
        "dvar2": 2009.54736328,
        "max": 955.869934082,
        "mean": 32.942653656,
        "median": 23.3083400726,
        "min": -1.82494211197,
        "var": 2059.1105957
    },
    "melbands_skewness": {
        "dmean": 0.966309547424,
        "dmean2": 1.53809952736,
        "dvar": 1.14017701149,
        "dvar2": 2.55941295624,
        "max": 23.9388751984,
        "mean": 3.98731470108,
        "median": 3.8099219799,
        "min": -2.39477038383,
        "var": 4.74101352692
    },
    "melbands_spread": {
        "dmean": 6.75628232956,
        "dmean2": 10.4139680862,
        "dvar": 150.41217041,
        "dvar2": 303.557830811,
        "max": 209.530792236,
        "mean": 15.7924604416,
        "median": 9.01679611206,
        "min": 0.284689724445,
        "var": 417.667358398
    },
    "pitch_salience": {
        "dmean": 0.0837602093816,
        "dmean2": 0.134997725487,
        "dvar": 0.0058852606453,
        "dvar2": 0.0143837733194,
        "max": 0.905755519867,
        "mean": 0.560421764851,
        "median": 0.579350352287,
        "min": 0.0412081517279,
        "var": 0.0162203516811
    },
    "silence_rate_20dB": {
        "dmean": 0,
        "dmean2": 0,
        "dvar": 0,
        "dvar2": 0,
        "max": 1,
        "mean": 1,
        "median": 1,
        "min": 1,
        "var": 0
    },
    "silence_rate_30dB": {
        "dmean": 0.0343119911849,
        "dmean2": 0.0686300545931,
        "dvar": 0.0331363938749,
        "dvar2": 0.0724048689008,
        "max": 1,
        "mean": 0.962507724762,
        "median": 1,
        "min": 0,
        "var": 0.0360851548612
    },
    "silence_rate_60dB": {
        "dmean": 0.0261761583388,
        "dmean2": 0.0522685050964,
        "dvar": 0.0254917554557,
        "dvar2": 0.05503173545,
        "max": 1,
        "mean": 0.0650809109211,
        "median": 0,
        "min": 0,
        "var": 0.0608503557742
    },
    "spectral_centroid": {
        "dmean": 261.517059326,
        "dmean2": 401.643280029,
        "dvar": 135365.53125,
        "dvar2": 259946.046875,
        "max": 11167.5615234,
        "mean": 950.080932617,
        "median": 696.084899902,
        "min": 146.702423096,
        "var": 580791.6875
    },
    "spectral_complexity": {
        "dmean": 3.50017690659,
        "dmean2": 5.56089162827,
        "dvar": 22.9774227142,
        "dvar2": 54.8157653809,
        "max": 55,
        "mean": 12.5537185669,
        "median": 11,
        "min": 0,
        "var": 51.1917266846
    },
    "spectral_decrease": {
        "dmean": 4.33818403422e-09,
        "dmean2": 7.52657935976e-09,
        "dvar": 7.36360813506e-17,
        "dvar2": 2.04223322882e-16,
        "max": 1.27071165168e-18,
        "mean": -8.22407386636e-09,
        "median": -5.81874548544e-09,
        "min": -1.35028642489e-07,
        "var": 8.44754958022e-17
    },
    "spectral_energy": {
        "dmean": 0.0172191839665,
        "dmean2": 0.0297405570745,
        "dvar": 0.00110790051986,
        "dvar2": 0.00306454696693,
        "max": 0.524261832237,
        "mean": 0.032696697861,
        "median": 0.0234382059425,
        "min": 1.14094669788e-20,
        "var": 0.00127549446188
    },
    "spectral_energyband_high": {
        "dmean": 0.000918537494726,
        "dmean2": 0.00142488186248,
        "dvar": 3.12953307002e-06,
        "dvar2": 7.0567111834e-06,
        "max": 0.0158669799566,
        "mean": 0.00109169445932,
        "median": 0.000269209675025,
        "min": 8.63827621746e-21,
        "var": 3.90348532164e-06
    },
    "spectral_energyband_low": {
        "dmean": 0.0118996491656,
        "dmean2": 0.0207514315844,
        "dvar": 0.000403722980991,
        "dvar2": 0.00119272188749,
        "max": 0.251465201378,
        "mean": 0.0176171734929,
        "median": 0.0109938308597,
        "min": 8.86158378182e-23,
        "var": 0.00045995315304
    },
    "spectral_energyband_middle_high": {
        "dmean": 0.000818860949948,
        "dmean2": 0.00127508945297,
        "dvar": 2.21323625738e-06,
        "dvar2": 5.4888082559e-06,
        "max": 0.0187824275345,
        "mean": 0.0015500721056,
        "median": 0.000966762425378,
        "min": 1.42114556777e-21,
        "var": 3.19406854032e-06
    },
    "spectral_energyband_middle_low": {
        "dmean": 0.00823843758553,
        "dmean2": 0.0140942139551,
        "dvar": 0.00052908010548,
        "dvar2": 0.00143729068805,
        "max": 0.372522294521,
        "mean": 0.0143559593707,
        "median": 0.00982304755598,
        "min": 3.2183184856e-22,
        "var": 0.000469850812806
    },
    "spectral_entropy": {
        "dmean": 0.27151632309,
        "dmean2": 0.383000254631,
        "dvar": 0.100762352347,
        "dvar2": 0.172092363238,
        "max": 9.80344867706,
        "mean": 7.52353334427,
        "median": 7.59024572372,
        "min": 5.02769374847,
        "var": 0.395718514919
    },
    "spectral_flux": {
        "dmean": 0.0355757139623,
        "dmean2": 0.0558694824576,
        "dvar": 0.00256621954031,
        "dvar2": 0.00512393051758,
        "max": 0.62898182869,
        "mean": 0.0902906060219,
        "median": 0.073825456202,
        "min": 1.06815105372e-10,
        "var": 0.0046671750024
    },
    "spectral_kurtosis": {
        "dmean": 2.13978219032,
        "dmean2": 3.1352660656,
        "dvar": 19.4977588654,
        "dvar2": 44.5593757629,
        "max": 170.236480713,
        "mean": 5.24476337433,
        "median": 3.33207511902,
        "min": -1.19077825546,
        "var": 52.9921150208
    },
    "spectral_rms": {
        "dmean": 0.00125630013645,
        "dmean2": 0.00210244697519,
        "dvar": 2.97287783724e-06,
        "dvar2": 7.74169893702e-06,
        "max": 0.0226158127189,
        "mean": 0.0050670360215,
        "median": 0.00478189764544,
        "min": 3.33634335437e-12,
        "var": 6.22446486886e-06
    },
    "spectral_rolloff": {
        "dmean": 953.393554688,
        "dmean2": 1560.7980957,
        "dvar": 4500948,
        "dvar2": 9316355,
        "max": 18884.6191406,
        "mean": 1582.04504395,
        "median": 409.130859375,
        "min": 43.06640625,
        "var": 8569207
    },
    "spectral_skewness": {
        "dmean": 0.312791883945,
        "dmean2": 0.44559392333,
        "dvar": 0.185913696885,
        "dvar2": 0.34561675787,
        "max": 9.69640254974,
        "mean": 1.8161149025,
        "median": 1.61340272427,
        "min": 0.00387760903686,
        "var": 0.666431307793
    },
    "spectral_spread": {
        "dmean": 1114423.75,
        "dmean2": 1506201.25,
        "dvar": 1.58963020595e+12,
        "dvar2": 2.40224095437e+12,
        "max": 40576256,
        "mean": 6500094.5,
        "median": 6285234,
        "min": 435660.21875,
        "var": 6.0968838103e+12
    },
    "spectral_strongpeak": {
        "dmean": 0.277013778687,
        "dmean2": 0.481647640467,
        "dvar": 0.198972195387,
        "dvar2": 0.547628164291,
        "max": 15.0980625153,
        "mean": 0.522100687027,
        "median": 0.343912422657,
        "min": 0,
        "var": 0.374393761158
    },
    "zerocrossingrate": {
        "dmean": 0.0210269242525,
        "dmean2": 0.0238899383694,
        "dvar": 0.0007664943696,
        "dvar2": 0.000884534150828,
        "max": 0.5078125,
        "mean": 0.0708245262504,
        "median": 0.04541015625,
        "min": 0.00244140625,
        "var": 0.0048788045533
    },
    "barkbands": {
        "dmean": [0.000556706043426, 0.00726419780403, 0.00492735905573, 0.00360744493082, 0.00378689798526, 0.00106707273517, 0.00055844191229, 0.00050560903037, 0.000319164129905, 0.000217836015509, 0.000144316960359, 0.000100128585473, 9.77154268185e-05, 6.01351093792e-05, 4.96091452078e-05, 0.000105271545181, 7.76723973104e-05, 0.00011547892791, 0.000119658339827, 7.74682994233e-05, 7.90505146142e-05, 0.000116802541015, 0.000140884774737, 0.000140553966048, 0.000140999938594, 0.000238428212469, 7.10989988875e-05],
        "dmean2": [0.00091941235587, 0.0119942491874, 0.00871216040105, 0.00669130170718, 0.00651931995526, 0.00182007602416, 0.00092467002105, 0.000741486437619, 0.000483489973703, 0.000337567995302, 0.000227014228585, 0.000158589260536, 0.00015544865164, 9.8122000054e-05, 8.12580256024e-05, 0.000173454915057, 0.000130903688841, 0.000189248414245, 0.000211900027352, 0.000135212045279, 0.000127997147501, 0.000191564191482, 0.000224177754717, 0.000219817564357, 0.000216557033127, 0.000376165000489, 0.000108249892946],
        "dvar": [8.21441574317e-07, 0.000137099763379, 9.96685703285e-05, 0.000139061303344, 0.000102528894786, 8.12262260297e-06, 2.92560775961e-06, 3.48335788658e-06, 1.23721895307e-06, 3.38519043908e-07, 1.02349225983e-07, 5.47683640661e-08, 3.68946899698e-08, 1.11643636558e-08, 7.23979010075e-09, 9.67526432305e-08, 1.97490717113e-08, 1.03582351585e-07, 9.46560732018e-08, 2.45639437679e-08, 2.1375646142e-08, 4.659579389e-08, 8.26407031695e-08, 7.2469930501e-08, 6.65962218704e-08, 3.80656274501e-07, 2.24692815465e-08],
        "dvar2": [2.13060388887e-06, 0.000391559384298, 0.000284721318167, 0.000403138255933, 0.000271599215921, 2.23513852688e-05, 7.41149369787e-06, 7.75134321884e-06, 2.20866036216e-06, 8.04997625892e-07, 2.3691369222e-07, 1.33620531528e-07, 8.62022631054e-08, 2.83541012891e-08, 1.8483600428e-08, 2.55473679545e-07, 5.03934565188e-08, 2.5052889896e-07, 2.5820082783e-07, 6.78317704228e-08, 5.33366630862e-08, 1.11931392155e-07, 1.92267577859e-07, 1.59238524589e-07, 1.44907119193e-07, 9.06890420538e-07, 5.19655465325e-08],
        "max": [0.0104203308001, 0.137902721763, 0.122387565672, 0.210811853409, 0.177063331008, 0.064674898982, 0.058710925281, 0.0530293285847, 0.0402712114155, 0.0157037042081, 0.00806044973433, 0.00387668702751, 0.00306949135847, 0.00173493754119, 0.00173583719879, 0.00610845303163, 0.00211598887108, 0.00435831211507, 0.00421775411814, 0.00198924378492, 0.00154495018069, 0.00213407794945, 0.00533632608131, 0.00576019473374, 0.00381104042754, 0.00506811356172, 0.0013161302777],
        "mean": [0.000744790711906, 0.00962943769991, 0.00543450005352, 0.00349352625199, 0.00619869539514, 0.00208109198138, 0.000865271431394, 0.000847612973303, 0.00064817169914, 0.00037415677798, 0.000268097501248, 0.000149624218466, 0.000163184144185, 8.60706932144e-05, 7.04507474438e-05, 0.000141079799505, 0.000106078186946, 0.000134978021379, 0.000129479187308, 9.50666799326e-05, 9.46781365201e-05, 0.000137211260153, 0.000165801175172, 0.000173601059942, 0.00017649756046, 0.000216171902139, 7.13866975275e-05],
        "median": [0.000386456726119, 0.00439007440582, 0.0024815024808, 0.00121002725791, 0.00320927170105, 0.00111395411659, 0.000329418806359, 0.000288843177259, 0.000162663985975, 0.000185351353139, 0.000129826308694, 6.46502376185e-05, 8.33822487039e-05, 4.6614837629e-05, 3.46002598235e-05, 4.27122649853e-05, 3.81016725441e-05, 2.75245220109e-05, 3.30991424562e-05, 3.05233152176e-05, 3.26091176248e-05, 3.71813111997e-05, 3.5853463487e-05, 5.31027981197e-05, 4.15414033341e-05, 2.31478261412e-05, 4.76421291751e-06],
        "min": [2.02204235105e-23, 2.67751697462e-23, 3.48560084238e-23, 2.3011187779e-23, 5.8757206431e-23, 5.99844404967e-23, 5.39680508081e-23, 5.65623745116e-23, 6.08888537473e-23, 5.93314529938e-23, 8.19661127296e-23, 7.31708058855e-23, 9.18725964229e-23, 9.50138279257e-23, 7.64277348842e-23, 2.98170640973e-22, 1.24066199292e-22, 2.24379304478e-22, 1.70662105127e-22, 3.03610751993e-22, 4.36023692885e-22, 7.46566601104e-22, 8.29114975223e-22, 7.85167067188e-22, 1.31613300992e-21, 2.12736373849e-21, 2.48600328153e-21],
        "var": [1.10609664716e-06, 0.000177791662281, 8.52791490615e-05, 9.04984699446e-05, 0.000109699190944, 9.56629992288e-06, 3.3969024571e-06, 4.8627734941e-06, 4.158124284e-06, 4.7788273605e-07, 2.13179916386e-07, 6.97811657346e-08, 6.36199644077e-08, 1.39881004557e-08, 9.92202409122e-09, 9.82709735808e-08, 2.78227041406e-08, 1.18265440108e-07, 7.95946917265e-08, 2.81371512756e-08, 2.32493402308e-08, 5.38235411796e-08, 1.02025175863e-07, 1.07674132721e-07, 1.04131146372e-07, 3.54278881787e-07, 2.5483789301e-08]
    },
    "erbbands": {
        "dmean": [0.241135671735, 1.60318350792, 4.61681079865, 10.0242376328, 11.1753520966, 14.606262207, 10.5991649628, 8.54454708099, 7.45920801163, 11.3844909668, 7.71116018295, 7.59701776505, 7.83138990402, 5.17007827759, 5.50370025635, 4.52524089813, 4.57742738724, 3.08012866974, 2.75553703308, 2.84785294533, 5.94034004211, 4.22477674484, 5.36100435257, 7.05220651627, 5.29286146164, 4.00810289383, 2.88773131371, 3.46824502945, 3.72106313705, 4.48441982269, 4.09303331375, 2.87913155556, 2.45611214638, 1.90043652058, 0.870603144169, 0.779003620148, 0.548976480961, 0.0906735509634, 0.0144939729944, 0.000593320641201],
        "dmean2": [0.392377048731, 2.66999316216, 8.06702423096, 18.380525589, 19.9446544647, 25.0008296967, 18.0051193237, 14.4168338776, 12.3033351898, 17.289478302, 11.1416845322, 11.4019174576, 12.1586694717, 8.67906951904, 8.30563354492, 7.03318691254, 7.2161397934, 4.97010278702, 4.4913020134, 4.62388515472, 9.7170715332, 7.07257556915, 8.95888996124, 11.8590421677, 9.39670848846, 7.04066848755, 4.80921363831, 5.5889878273, 6.13419485092, 7.247402668, 6.49975252151, 4.525431633, 3.83061170578, 3.00076794624, 1.33453977108, 1.22241353989, 0.880319833755, 0.143046915531, 0.0226254016161, 0.000852978788316],
        "dvar": [0.140342414379, 7.05384874344, 77.7784957886, 864.594726562, 1167.07324219, 1442.08459473, 964.575073242, 503.038726807, 375.483825684, 1506.93188477, 546.935180664, 751.064025879, 478.7784729, 151.419113159, 176.733016968, 108.966049194, 89.5191726685, 28.5947952271, 24.1238307953, 28.2574939728, 384.840057373, 60.314540863, 191.358108521, 294.421966553, 187.774383545, 67.4107894897, 32.3933372498, 39.7712364197, 45.6538581848, 79.4817962646, 73.1562423706, 33.7419700623, 21.4635848999, 11.731669426, 2.5760178566, 3.13367128372, 2.41128730774, 0.0513377673924, 0.00105337321293, 1.38149050599e-06],
        "dvar2": [0.38835927844, 20.4062366486, 223.998382568, 2501.69091797, 3270.77172852, 3765.87841797, 2590.49584961, 1361.28430176, 982.98626709, 3488.00463867, 1067.71032715, 1343.87060547, 1173.7244873, 402.087158203, 373.277252197, 255.343276978, 206.357879639, 70.5338058472, 61.6568069458, 72.1357803345, 1026.01647949, 153.610931396, 479.687805176, 741.192749023, 514.867797852, 187.267196655, 86.1822128296, 95.6211166382, 110.645652771, 188.733505249, 170.867111206, 78.4378433228, 46.1339111328, 26.5283813477, 5.49805498123, 7.22626256943, 5.94113731384, 0.125246733427, 0.0025404531043, 2.88591877506e-06],
        "max": [4.58264827728, 31.2289886475, 95.3076019287, 500.045715332, 498.528381348, 728.768005371, 557.128051758, 449.877227783, 430.565002441, 1078.98376465, 992.070129395, 832.974121094, 578.41015625, 249.060546875, 369.382354736, 176.469589233, 152.727523804, 99.0344085693, 106.981338501, 82.345916748, 403.96875, 121.628868103, 182.414031982, 217.820587158, 177.497177124, 100.10534668, 73.3826065063, 74.945098877, 108.39138031, 93.4340744019, 167.637359619, 105.343544006, 113.223854065, 63.0780220032, 17.8109092712, 19.4113559723, 12.2000932693, 1.81758570671, 0.285360336304, 0.00984524283558],
        "mean": [0.31257468462, 2.03878378868, 5.51722478867, 10.2871351242, 14.0375404358, 25.6224365234, 16.6589260101, 17.8656215668, 14.0908536911, 17.3381195068, 15.9667549133, 15.5500841141, 13.8062009811, 8.19798374176, 10.5159130096, 7.40623188019, 7.85628080368, 5.05106496811, 4.11644935608, 4.34080457687, 8.10466766357, 5.78115177155, 6.37385654449, 8.28684520721, 5.4268245697, 4.83744335175, 3.6752846241, 4.03568601608, 4.42456769943, 5.18469572067, 4.81429672241, 3.51884412766, 3.07800126076, 2.25668621063, 1.08452796936, 0.759871780872, 0.470350086689, 0.0826871469617, 0.0136566916481, 0.000700614124071],
        "median": [0.137706652284, 0.859802722931, 2.63919663429, 4.38284683228, 6.61884880066, 11.1945447922, 6.72394657135, 10.037276268, 6.0197687149, 5.23252248764, 5.99255084991, 4.78204774857, 6.77327013016, 3.72083735466, 4.66046333313, 3.37064743042, 4.04466056824, 3.10371446609, 2.14257311821, 2.09155106544, 2.32450771332, 2.06249690056, 1.64529669285, 1.82827067375, 1.40354597569, 1.52145922184, 1.40552794933, 1.15696823597, 1.26125371456, 1.22728431225, 1.01231777668, 0.916787803173, 0.920269191265, 0.56180781126, 0.255674630404, 0.108009487391, 0.0354715548456, 0.00530333584175, 0.000797235814389, 9.43431368796e-05],
        "min": [1.75498322298e-21, 2.70903973018e-21, 2.56637567182e-20, 7.98357762603e-20, 1.18571494048e-19, 1.98956867202e-19, 2.76989855016e-19, 4.63201342394e-19, 6.94340369261e-19, 1.4495314531e-18, 9.02577815195e-19, 1.29051911183e-18, 1.22873492393e-18, 3.12519568091e-18, 2.92984705309e-18, 3.24994465025e-18, 4.76745421968e-18, 4.23839529015e-18, 4.56335112584e-18, 1.04600594965e-17, 1.27340633728e-17, 7.51416493271e-18, 1.16944338276e-17, 9.11146889353e-18, 1.06439442282e-17, 1.32772968693e-17, 1.95695745894e-17, 1.83373186678e-17, 2.40002566983e-17, 3.35618342678e-17, 1.93087364181e-17, 1.64652600491e-17, 1.28240482157e-17, 1.56693600986e-17, 8.57868847843e-18, 6.6557938208e-18, 4.43432542595e-18, 1.51783630578e-18, 3.60359941389e-19, 3.43709829634e-20],
        "var": [0.193138852715, 8.62534236908, 73.7484207153, 574.501708984, 891.733581543, 1915.69030762, 1058.89172363, 692.041015625, 530.877075195, 1958.44519043, 1427.23986816, 2261.27026367, 602.535461426, 199.084274292, 427.28717041, 156.965606689, 155.847473145, 39.7004318237, 31.6578998566, 38.8513298035, 372.656188965, 82.2163162231, 204.050430298, 329.418640137, 143.006790161, 80.9841079712, 34.717540741, 45.400100708, 54.4808654785, 89.3035507202, 89.9997329712, 46.6000022888, 34.8952560425, 16.7856044769, 3.96725606918, 3.30680346489, 2.05560898781, 0.0476631261408, 0.00104640296195, 2.04095408662e-06]
    },
    "gfcc": {
        "mean": [-10.4347743988, 77.1374816895, -64.79737854, 24.0249118805, -53.0361785889, 15.45744133, -36.1202583313, 6.48843479156, -23.3929786682, -0.896985828876, -14.6782979965, 0.131504431367, -10.9067001343],
        "cov": [[9914.66894531, -265.458770752, 780.979064941, 440.708404541, -79.8151779175, -227.160308838, -231.447357178, -195.044372559, -241.723266602, -108.680252075, -217.624343872, 170.899856567, -152.594390869], [-265.458770752, 3057.80517578, 36.5222663879, -81.0429458618, 336.666381836, 143.17300415, 158.091522217, 78.1066589355, 142.780502319, -79.5148544312, 166.337417603, -77.297454834, 194.504394531], [780.979064941, 36.5222663879, 608.001831055, -7.01537132263, -8.06631946564, 45.2664413452, -47.1223258972, -96.5126113892, -15.8960981369, 26.8553619385, -34.6997108459, 43.2342910767, 0.409834086895], [440.708404541, -81.0429458618, -7.01537132263, 383.186676025, 62.0989456177, -28.4631347656, 8.03502845764, 19.7797489166, -0.687850117683, 10.0533714294, 46.368927002, 40.6771736145, 23.1590137482], [-79.8151779175, 336.666381836, -8.06631946564, 62.0989456177, 286.75692749, 71.5565261841, 56.0433006287, 23.7476558685, 52.0372581482, -6.57239151001, 38.8413467407, 5.1551823616, 45.7642250061], [-227.160308838, 143.17300415, 45.2664413452, -28.4631347656, 71.5565261841, 230.808456421, 70.5150985718, 44.2452926636, 57.012928009, 41.3404922485, 1.76892411709, 7.5182967186, 50.3932762146], [-231.447357178, 158.091522217, -47.1223258972, 8.03502845764, 56.0433006287, 70.5150985718, 146.228652954, 60.3106079102, 44.6539268494, 3.32367300987, 30.0267944336, -6.09579896927, 22.1638412476], [-195.044372559, 78.1066589355, -96.5126113892, 19.7797489166, 23.7476558685, 44.2452926636, 60.3106079102, 141.364303589, 63.6791648865, 17.2662448883, 18.7593975067, -9.619099617, 2.01481437683], [-241.723266602, 142.780502319, -15.8960981369, -0.687850117683, 52.0372581482, 57.012928009, 44.6539268494, 63.6791648865, 124.762001038, 52.7961883545, 23.7174377441, 2.28689599037, 26.7318935394], [-108.680252075, -79.5148544312, 26.8553619385, 10.0533714294, -6.57239151001, 41.3404922485, 3.32367300987, 17.2662448883, 52.7961883545, 82.9292373657, 27.2819805145, 16.3955688477, 2.43704676628], [-217.624343872, 166.337417603, -34.6997108459, 46.368927002, 38.8413467407, 1.76892411709, 30.0267944336, 18.7593975067, 23.7174377441, 27.2819805145, 101.989906311, 18.6361446381, 15.9945297241], [170.899856567, -77.297454834, 43.2342910767, 40.6771736145, 5.1551823616, 7.5182967186, -6.09579896927, -9.619099617, 2.28689599037, 16.3955688477, 18.6361446381, 71.2731704712, 22.5744380951], [-152.594390869, 194.504394531, 0.409834086895, 23.1590137482, 45.7642250061, 50.3932762146, 22.1638412476, 2.01481437683, 26.7318935394, 2.43704676628, 15.9945297241, 22.5744380951, 89.1332168579]],
        "icov": [[0.000149080966366, -6.40324578853e-05, -0.000132171568112, -0.000208595069125, -7.4588328971e-06, 6.92007379257e-05, 3.17113845085e-05, -2.03960153158e-05, 0.00014462438412, 1.23321851788e-05, 0.000457495712908, -0.000489969621412, 0.00040532706771], [-6.40324578853e-05, 0.000631142873317, -0.000218087341636, 0.000328899332089, -0.000272329460131, -0.000103444261185, 7.70692931837e-05, -0.000124725702335, -0.000697504961863, 0.00132409192156, -0.00151700200513, 0.0013225650182, -0.00127913418692], [-0.000132171568112, -0.000218087341636, 0.00235120207071, -9.71924691839e-06, 8.33498997963e-05, -0.000742262462154, 0.00012014429376, 0.00170020782389, -0.000173033302417, -0.00110122084152, 0.000954757269938, -0.00126652792096, 0.000781340815593], [-0.000208595069125, 0.000328899332089, -9.71924691839e-06, 0.0035520917736, -0.000937917851843, 0.000868268543854, -8.67941562319e-05, -0.00108017015737, 0.000727672944777, -0.000450168328825, -0.00175839045551, -0.00023381212668, -0.00179221318103], [-7.4588328971e-06, -0.000272329460131, 8.33498997963e-05, -0.000937917851843, 0.00504051055759, -0.00152193766553, -0.000330663431669, 0.00102385040373, -0.00246050953865, 0.00278086890467, -0.00125921308063, -0.000143928977195, 8.06776952231e-05], [6.92007379257e-05, -0.000103444261185, -0.000742262462154, 0.000868268543854, -0.00152193766553, 0.00770636321977, -0.00287925754674, -0.00185645790771, 0.00170026661362, -0.00525959860533, 0.00287460908294, 1.50051446326e-05, -0.00358134740964], [3.17113845085e-05, 7.70692931837e-05, 0.00012014429376, -8.67941562319e-05, -0.000330663431669, -0.00287925754674, 0.0106518762186, -0.00253043090925, -0.00209293677472, 0.00378930335864, -0.00316194910556, 0.000911559269298, -2.51474139077e-05], [-2.03960153158e-05, -0.000124725702335, 0.00170020782389, -0.00108017015737, 0.00102385040373, -0.00185645790771, -0.00253043090925, 0.0124306688085, -0.00614445144311, 0.00186891376507, -0.000227882585023, -0.00011919253302, 0.0032449841965], [0.00014462438412, -0.000697504961863, -0.000173033302417, 0.000727672944777, -0.00246050953865, 0.00170026661362, -0.00209293677472, -0.00614445144311, 0.0189276076853, -0.0132919652387, 0.00335964583792, 0.000235999686993, -0.00343303009868], [1.23321851788e-05, 0.00132409192156, -0.00110122084152, -0.000450168328825, 0.00278086890467, -0.00525959860533, 0.00378930335864, 0.00186891376507, -0.0132919652387, 0.0277329850942, -0.00930975284427, -0.00121450668667, 0.00302137271501], [0.000457495712908, -0.00151700200513, 0.000954757269938, -0.00175839045551, -0.00125921308063, 0.00287460908294, -0.00316194910556, -0.000227882585023, 0.00335964583792, -0.00930975284427, 0.0183259062469, -0.00618580821902, 0.00188389536925], [-0.000489969621412, 0.0013225650182, -0.00126652792096, -0.00023381212668, -0.000143928977195, 1.50051446326e-05, 0.000911559269298, -0.00011919253302, 0.000235999686993, -0.00121450668667, -0.00618580821902, 0.0221472401172, -0.00835358165205], [0.00040532706771, -0.00127913418692, 0.000781340815593, -0.00179221318103, 8.06776952231e-05, -0.00358134740964, -2.51474139077e-05, 0.0032449841965, -0.00343303009868, 0.00302137271501, 0.00188389536925, -0.00835358165205, 0.0198073200881]]
    },
    "melbands": {
        "dmean": [0.00206050486304, 0.00214739493094, 0.00170230329968, 0.000886058667675, 0.000438927294454, 0.000190880557057, 0.00011561663996, 0.000127540843096, 6.03171902185e-05, 4.83999610879e-05, 3.84393206332e-05, 2.0853964088e-05, 1.74988399522e-05, 1.33813127832e-05, 9.43600844039e-06, 1.04067739812e-05, 5.84412737226e-06, 4.61292529508e-06, 3.76506068278e-06, 6.32727596894e-06, 6.93379752192e-06, 4.28358089266e-06, 4.27626491728e-06, 6.10933193457e-06, 5.80717005505e-06, 4.42419059254e-06, 3.02301236843e-06, 2.65220296569e-06, 1.76606988589e-06, 1.99527130462e-06, 2.02759952117e-06, 1.93562482309e-06, 2.7589317142e-06, 2.52766267295e-06, 2.80828476207e-06, 1.75542606939e-06, 1.72825718892e-06, 1.66802112744e-06, 1.93916207536e-06, 1.52866516601e-06],
        "dmean2": [0.00339158275165, 0.00371256168, 0.00310377799906, 0.00154054386076, 0.000740234798286, 0.000322401436279, 0.0001900580246, 0.000191881044884, 8.67325361469e-05, 7.29443272576e-05, 5.99220766162e-05, 3.51422531821e-05, 2.71631488431e-05, 2.05195192393e-05, 1.45963176692e-05, 1.6828371372e-05, 9.55646737566e-06, 7.60625653129e-06, 6.17885280008e-06, 1.0467588254e-05, 1.13468831842e-05, 7.19852459952e-06, 7.33992101232e-06, 1.00423530967e-05, 9.80941149464e-06, 7.9352666944e-06, 5.31498153578e-06, 4.67297059004e-06, 2.9618413464e-06, 3.26969779962e-06, 3.30466423293e-06, 3.21354832522e-06, 4.57759870187e-06, 4.07375591749e-06, 4.55414237877e-06, 2.73755586022e-06, 2.74867852568e-06, 2.61488889919e-06, 3.10475638798e-06, 2.41739303419e-06],
        "dvar": [1.08233962237e-05, 1.40930551424e-05, 2.568293894e-05, 5.69886742596e-06, 1.46634238263e-06, 2.42536231099e-07, 1.02323220119e-07, 2.09429970255e-07, 3.85324590013e-08, 3.26351994318e-08, 1.17479501682e-08, 2.57391286063e-09, 1.74005865272e-09, 9.38318533983e-10, 3.67055136286e-10, 4.68082128613e-10, 1.07892521306e-10, 7.02753966131e-11, 4.23192002275e-11, 2.00206545786e-10, 5.32540900267e-10, 6.27111973461e-11, 7.66731886315e-11, 3.22646298567e-10, 1.94187152469e-10, 1.35579492078e-10, 4.6539095494e-11, 2.85697264457e-11, 1.24817361308e-11, 1.3972758714e-11, 1.37273499859e-11, 1.28927701848e-11, 3.21589248287e-11, 2.59990726864e-11, 3.95392572849e-11, 1.31852940025e-11, 1.37131079062e-11, 1.17780542264e-11, 1.1871654701e-11, 8.38825189864e-12],
        "dvar2": [3.0533377867e-05, 4.09549866163e-05, 7.35966896173e-05, 1.52617194544e-05, 3.85733119401e-06, 6.61388867229e-07, 2.64561862195e-07, 4.8024918442e-07, 6.62689174646e-08, 5.87371324912e-08, 2.86726908882e-08, 6.73563738118e-09, 3.92903087842e-09, 2.21751705887e-09, 8.31304969307e-10, 1.14907039439e-09, 2.70494654453e-10, 1.82352896672e-10, 1.07595557464e-10, 5.21352572225e-10, 1.41736822279e-09, 1.59887852957e-10, 1.99619876184e-10, 7.85945308834e-10, 4.9233517263e-10, 3.72014336003e-10, 1.27330271327e-10, 7.96370816514e-11, 3.32896279986e-11, 3.55306582767e-11, 3.2852946058e-11, 3.23327024876e-11, 8.02016786317e-11, 6.11297124031e-11, 9.55430873306e-11, 3.15718597099e-11, 3.26826517238e-11, 2.64374355741e-11, 2.81063661928e-11, 1.9298373663e-11],
        "max": [0.0408819131553, 0.0393998548388, 0.0868209898472, 0.0375076904893, 0.0241229571402, 0.0104503324255, 0.00908833090216, 0.0131169911474, 0.0103719960898, 0.0056391027756, 0.00288979313336, 0.000965772313066, 0.00114695471711, 0.000531774596311, 0.000315341429086, 0.000369539746316, 0.00019243414863, 0.000177480062121, 8.49285788718e-05, 0.000201625953196, 0.000479291571537, 0.000143700643093, 0.000110872504592, 0.000255332473898, 0.000179933762411, 0.000171671374119, 8.42622248456e-05, 7.64499127399e-05, 4.85099080834e-05, 4.73829568364e-05, 5.08443590661e-05, 7.33801716706e-05, 5.25922914676e-05, 6.19547936367e-05, 7.0955058618e-05, 0.000142815129948, 5.74519581278e-05, 9.58918608376e-05, 6.15768585703e-05, 6.01578212809e-05],
        "mean": [0.00275429221801, 0.00289403856732, 0.00188805651851, 0.00143054279033, 0.000729138613679, 0.000399872806156, 0.000210939120734, 0.000193141881027, 0.000127928127768, 9.59857861744e-05, 6.60429868731e-05, 3.12092597596e-05, 3.21623047057e-05, 2.36213727476e-05, 1.47083792399e-05, 1.72270574694e-05, 8.5391511675e-06, 6.57410146232e-06, 5.31594241693e-06, 8.39774293127e-06, 9.26577922655e-06, 5.83889868722e-06, 5.05060143041e-06, 7.05492902853e-06, 6.76696481605e-06, 4.45989371656e-06, 3.02156649923e-06, 3.29832778334e-06, 2.27212490245e-06, 2.26041765927e-06, 2.30719501815e-06, 2.26422980631e-06, 3.0786491152e-06, 2.85463875116e-06, 3.01685440718e-06, 2.29064994528e-06, 2.04737852982e-06, 2.05578407986e-06, 2.28197973229e-06, 1.77844844984e-06],
        "median": [0.00132164021488, 0.00156385707669, 0.000885377405211, 0.000708519481122, 0.000357039942173, 0.000227226773859, 8.58289931784e-05, 5.68321120227e-05, 4.22521443397e-05, 2.71634216915e-05, 3.20511207974e-05, 1.21608318295e-05, 1.49471316035e-05, 1.10483551907e-05, 7.127117442e-06, 8.58259681991e-06, 4.75662864119e-06, 3.37828009833e-06, 2.58936097453e-06, 3.10406585413e-06, 2.43326621785e-06, 2.02475712285e-06, 1.6304483097e-06, 1.35822438097e-06, 1.449251954e-06, 1.09065672405e-06, 8.21803325834e-07, 1.04068533346e-06, 8.53567087233e-07, 7.71696193169e-07, 6.1091589032e-07, 6.73886859204e-07, 7.24351878034e-07, 6.43718351512e-07, 5.79017523705e-07, 6.52040114346e-07, 4.92162996579e-07, 6.21995582151e-07, 5.94801463194e-07, 4.30381106753e-07],
        "min": [1.1492308683e-23, 1.02454162035e-23, 1.48333381427e-23, 1.01329033392e-23, 1.06269290588e-23, 1.17176878213e-23, 1.11678778028e-23, 1.62285680268e-23, 6.4294696019e-24, 9.04541124971e-24, 6.01154292723e-24, 1.2363417015e-23, 1.18867265138e-23, 7.73710437106e-24, 9.82004662622e-24, 9.44430981048e-24, 7.63523639578e-24, 7.93944877097e-24, 6.69183053948e-24, 2.10928263633e-23, 1.25631621183e-23, 6.84224185942e-24, 9.95115846411e-24, 1.01909390471e-23, 6.75065037516e-24, 8.42463372642e-24, 7.88087979306e-24, 8.52581933701e-24, 1.49097125001e-23, 7.21204486343e-24, 1.25137415603e-23, 1.5232392898e-23, 1.41651776892e-23, 1.90517844552e-23, 1.06451194024e-23, 9.95998029562e-24, 9.99378614085e-24, 8.71347278028e-24, 9.00892564398e-24, 1.50911789073e-23],
        "var": [1.42963681355e-05, 1.56115729624e-05, 1.76763405761e-05, 5.95749406784e-06, 1.72370869223e-06, 3.27263876443e-07, 1.35491575293e-07, 2.70727525731e-07, 1.28166959712e-07, 9.46495077869e-08, 1.45738932034e-08, 3.57490281822e-09, 3.6150540339e-09, 1.5560726041e-09, 5.52885848215e-10, 7.49613926487e-10, 1.3740193705e-10, 8.6109348818e-11, 5.76884512382e-11, 2.34336994254e-10, 5.19530085619e-10, 8.83224118842e-11, 8.07277855674e-11, 3.6319833252e-10, 2.18647183692e-10, 1.0449681398e-10, 3.6594428876e-11, 3.89315281402e-11, 1.42173842144e-11, 1.4043948296e-11, 1.57078690333e-11, 1.47810531176e-11, 3.30164090512e-11, 2.89503924306e-11, 4.07275151104e-11, 2.02093671658e-11, 1.71203537458e-11, 1.81159098139e-11, 1.67441390614e-11, 1.118733578e-11]
    },
    "mfcc": {
        "mean": [-670.64453125, 120.663887024, 39.7313690186, 18.1633338928, 12.0740423203, 6.2195148468, 2.89556479454, 3.97569799423, -0.850428879261, -1.49161946774, -1.28139173985, -1.07074403763, -0.840689659119],
        "cov": [[6550.28955078, -773.577026367, 243.660354614, 472.170379639, -3.70643568039, 17.2506122589, -116.549736023, -27.5543804169, -135.475814819, -166.31237793, -63.5383911133, -45.3017425537, 76.3865890503], [-773.577026367, 2288.42578125, 34.4339866638, -100.475440979, 191.134735107, 72.6236877441, 132.334869385, 83.0070877075, 102.93309021, 64.7914505005, 51.8750038147, 52.6189422607, 0.530028879642], [243.660354614, 34.4339866638, 486.682312012, -18.4782066345, -10.2247247696, 67.5949020386, -43.7573013306, -55.7056007385, -14.4784564972, -28.7066230774, -17.4690093994, -1.70086181164, 7.14220285416], [472.170379639, -100.475440979, -18.4782066345, 350.257171631, 54.9915885925, -20.2325935364, 8.54530906677, 14.8853883743, -54.8397521973, -14.5152797699, 7.21134519577, -5.57992982864, 5.68463802338], [-3.70643568039, 191.134735107, -10.2247247696, 54.9915885925, 196.754486084, 69.6147460938, 29.4946632385, 18.9570236206, 36.3992042542, 11.4052305222, 7.67824840546, 16.1000022888, 23.4454212189], [17.2506122589, 72.6236877441, 67.5949020386, -20.2325935364, 69.6147460938, 165.310348511, 41.4109535217, 11.9789028168, 45.0708580017, 12.344168663, -23.4338245392, 13.2946176529, 33.5049514771], [-116.549736023, 132.334869385, -43.7573013306, 8.54530906677, 29.4946632385, 41.4109535217, 122.251426697, 56.7888679504, 18.9364490509, 15.8362817764, 18.0274505615, 5.91927576065, -0.470877617598], [-27.5543804169, 83.0070877075, -55.7056007385, 14.8853883743, 18.9570236206, 11.9789028168, 56.7888679504, 97.5433349609, 52.2979545593, 27.2101860046, 25.165391922, 14.2624788284, 6.68517589569], [-135.475814819, 102.93309021, -14.4784564972, -54.8397521973, 36.3992042542, 45.0708580017, 18.9364490509, 52.2979545593, 124.324714661, 63.0039749146, 8.30872058868, 21.3316917419, 21.8347587585], [-166.31237793, 64.7914505005, -28.7066230774, -14.5152797699, 11.4052305222, 12.344168663, 15.8362817764, 27.2101860046, 63.0039749146, 86.2972259521, 44.0955963135, 25.3178443909, 9.56587600708], [-63.5383911133, 51.8750038147, -17.4690093994, 7.21134519577, 7.67824840546, -23.4338245392, 18.0274505615, 25.165391922, 8.30872058868, 44.0955963135, 93.6809463501, 39.8399772644, 0.626102507114], [-45.3017425537, 52.6189422607, -1.70086181164, -5.57992982864, 16.1000022888, 13.2946176529, 5.91927576065, 14.2624788284, 21.3316917419, 25.3178443909, 39.8399772644, 68.5319747925, 39.4145965576], [76.3865890503, 0.530028879642, 7.14220285416, 5.68463802338, 23.4454212189, 33.5049514771, -0.470877617598, 6.68517589569, 21.8347587585, 9.56587600708, 0.626102507114, 39.4145965576, 76.2229614258]],
