{
"lowlevel": {
    "average_loudness": 0.211716532707,
    "barkbands_crest": {
        "dmean": 2.02734279633,
        "dmean2": 3.08074831963,
        "dvar": 4.64143562317,
        "dvar2": 10.7627124786,
        "max": 26.4281482697,
        "mean": 10.9053974152,
        "median": 10.4279575348,
        "min": 2.58148360252,
        "var": 16.4556369781
    },
    "barkbands_flatness_db": {
        "dmean": 0.0254297330976,
        "dmean2": 0.0362773872912,
        "dvar": 0.000597238540649,
        "dvar2": 0.00118360854685,
        "max": 0.554538846016,
        "mean": 0.233896389604,
        "median": 0.218919456005,
        "min": 0.0381104014814,
        "var": 0.0100330486894
    },
    "barkbands_kurtosis": {
        "dmean": 2.80147099495,
        "dmean2": 4.31283569336,
        "dvar": 29.7977142334,
        "dvar2": 67.1581573486,
        "max": 141.721694946,
        "mean": 4.65403461456,
        "median": 1.08251285553,
        "min": -1.89162647724,
        "var": 114.309463501
    },
    "barkbands_skewness": {
        "dmean": 0.544179201126,
        "dmean2": 0.821217179298,
        "dvar": 0.353273421526,
        "dvar2": 0.827941119671,
        "max": 9.85007858276,
        "mean": 1.2774695158,
        "median": 1.06417798996,
        "min": -5.60979270935,
        "var": 2.08419656754
    },
    "barkbands_spread": {
        "dmean": 4.28973340988,
        "dmean2": 6.5018787384,
        "dvar": 31.8532333374,
        "dvar2": 68.006401062,
        "max": 96.7944030762,
        "mean": 17.3859844208,
        "median": 15.1472377777,
        "min": 0.253859072924,
        "var": 144.396179199
    },
    "dissonance": {
        "dmean": 0.0334936231375,
        "dmean2": 0.0563594922423,
        "dvar": 0.00108224642463,
        "dvar2": 0.00299322698265,
        "max": 0.5,
        "mean": 0.428178697824,
        "median": 0.437690198421,
        "min": 0.142355471849,
        "var": 0.00252630538307
    },
    "dynamic_complexity": 5.25004196167,
    "erbbands_crest": {
        "dmean": 3.40303182602,
        "dmean2": 5.39925146103,
        "dvar": 9.97984027863,
        "dvar2": 23.2563323975,
        "max": 33.5584259033,
        "mean": 13.546582222,
        "median": 12.1609344482,
        "min": 2.9563035965,
        "var": 35.45337677
    },
    "erbbands_flatness_db": {
        "dmean": 0.0252436101437,
        "dmean2": 0.0359708853066,
        "dvar": 0.000610672868788,
        "dvar2": 0.00119856186211,
        "max": 0.597017526627,
        "mean": 0.246841475368,
        "median": 0.214452892542,
        "min": 0.0444369912148,
        "var": 0.0117245856673
    },
    "erbbands_kurtosis": {
        "dmean": 1.99056875706,
        "dmean2": 3.10848760605,
        "dvar": 14.9012136459,
        "dvar2": 34.0664329529,
        "max": 108.945159912,
        "mean": 2.65720081329,
        "median": 0.650326013565,
        "min": -1.83756113052,
        "var": 53.7779769897
    },
    "erbbands_skewness": {
        "dmean": 0.453964620829,
        "dmean2": 0.684567511082,
        "dvar": 0.206179782748,
        "dvar2": 0.442745357752,
        "max": 6.12776327133,
        "mean": 0.0953741669655,
        "median": 0.0585742145777,
        "min": -4.68889904022,
        "var": 0.933097183704
    },
    "erbbands_spread": {
        "dmean": 6.52661514282,
        "dmean2": 10.0579824448,
        "dvar": 70.1811981201,
        "dvar2": 167.02923584,
        "max": 174.64390564,
        "mean": 25.5239009857,
        "median": 22.6222877502,
        "min": 0.407233923674,
        "var": 296.807159424
    },
    "hfc": {
        "dmean": 5.90105295181,
        "dmean2": 9.43127346039,
        "dvar": 227.241699219,
        "dvar2": 542.578430176,
        "max": 331.197723389,
        "mean": 13.9198436737,
        "median": 7.5756187439,
        "min": 1.14074135702e-16,
        "var": 453.701202393
    },
    "melbands_crest": {
        "dmean": 2.5355219841,
        "dmean2": 3.78144407272,
        "dvar": 7.34176635742,
        "dvar2": 16.6910228729,
        "max": 32.0241889954,
        "mean": 17.4053230286,
        "median": 16.738489151,
        "min": 2.16362595558,
        "var": 41.0847053528
    },
    "melbands_flatness_db": {
        "dmean": 0.0262128338218,
        "dmean2": 0.0370644815266,
        "dvar": 0.000752348452806,
        "dvar2": 0.00148321839515,
        "max": 0.62293279171,
        "mean": 0.292075574398,
        "median": 0.289751887321,
        "min": 0.00415892200544,
        "var": 0.0078838346526
    },
    "melbands_kurtosis": {
        "dmean": 5.40949726105,
        "dmean2": 8.33299636841,
        "dvar": 141.320480347,
        "dvar2": 347.644287109,
        "max": 349.522644043,
        "mean": 10.596241951,
        "median": 3.80733537674,
        "min": -1.88645327091,
        "var": 443.966705322
    },
    "melbands_skewness": {
        "dmean": 0.656027793884,
        "dmean2": 0.983206510544,
        "dvar": 0.605792403221,
        "dvar2": 1.44904637337,
        "max": 16.0515327454,
        "mean": 2.06970262527,
        "median": 1.69676280022,
        "min": -4.1420917511,
        "var": 4.09891414642
    },
    "melbands_spread": {
        "dmean": 5.20060968399,
        "dmean2": 8.06704616547,
        "dvar": 44.73670578,
        "dvar2": 104.45085144,
        "max": 153.518783569,
        "mean": 19.4433746338,
        "median": 17.2457370758,
        "min": 0.486095637083,
        "var": 171.459152222
    },
    "pitch_salience": {
        "dmean": 0.0633481740952,
        "dmean2": 0.10004182905,
        "dvar": 0.00492702238262,
        "dvar2": 0.0123038906604,
        "max": 0.86397510767,
        "mean": 0.427094817162,
        "median": 0.425040602684,
        "min": 0.0840306580067,
        "var": 0.0166190993041
    },
    "silence_rate_20dB": {
        "dmean": 0,
        "dmean2": 0,
        "dvar": 0,
        "dvar2": 0,
        "max": 1,
        "mean": 1,
        "median": 1,
        "min": 1,
        "var": 0
    },
    "silence_rate_30dB": {
        "dmean": 0.0160143952817,
        "dmean2": 0.0320316702127,
        "dvar": 0.0157599989325,
        "dvar2": 0.0333511568606,
        "max": 1,
        "mean": 0.973011851311,
        "median": 1,
        "min": 0,
        "var": 0.0262622758746
    },
    "silence_rate_60dB": {
        "dmean": 0.0242914985865,
        "dmean2": 0.0485873669386,
        "dvar": 0.0237017385662,
        "dvar2": 0.0564857758582,
        "max": 1,
        "mean": 0.136020153761,
        "median": 0,
        "min": 0,
        "var": 0.117511793971
    },
    "spectral_centroid": {
        "dmean": 191.394943237,
        "dmean2": 297.655700684,
        "dvar": 50891.0429688,
        "dvar2": 109985.585938,
        "max": 11108.3359375,
        "mean": 1171.83215332,
        "median": 1102.49316406,
        "min": 139.291595459,
        "var": 302048.1875
    },
    "spectral_complexity": {
        "dmean": 2.16716146469,
        "dmean2": 3.39805650711,
        "dvar": 9.70729064941,
        "dvar2": 18.4590625763,
        "max": 60,
        "mean": 11.5777254105,
        "median": 10,
        "min": 0,
        "var": 53.5972976685
    },
    "spectral_decrease": {
        "dmean": 1.61971047685e-09,
        "dmean2": 2.49379938921e-09,
        "dvar": 3.05827796877e-17,
        "dvar2": 6.97154834751e-17,
        "max": 8.30606629214e-18,
        "mean": -5.3042157333e-09,
        "median": -2.89259571851e-09,
        "min": -1.10816479548e-07,
        "var": 6.53222147453e-17
    },
    "spectral_energy": {
        "dmean": 0.00657765008509,
        "dmean2": 0.0101773058996,
        "dvar": 0.000473454681924,
        "dvar2": 0.00107805617154,
        "max": 0.425718724728,
        "mean": 0.0212819427252,
        "median": 0.011704929173,
        "min": 1.0593776422e-20,
        "var": 0.00102099101059
    },
    "spectral_energyband_high": {
        "dmean": 0.000162569253007,
        "dmean2": 0.00024294006289,
        "dvar": 1.40989342867e-07,
        "dvar2": 2.68345843324e-07,
        "max": 0.0098388697952,
        "mean": 0.000323274114635,
        "median": 4.96518769069e-05,
        "min": 7.66456508304e-21,
        "var": 6.78591334236e-07
    },
    "spectral_energyband_low": {
        "dmean": 0.00244091707282,
        "dmean2": 0.00348724913783,
        "dvar": 0.000227466924116,
        "dvar2": 0.000581428641453,
        "max": 0.397330641747,
        "mean": 0.00897572282702,
        "median": 0.00404067896307,
        "min": 9.86130342048e-23,
        "var": 0.000303409266053
    },
    "spectral_energyband_middle_high": {
        "dmean": 0.00261880992912,
        "dmean2": 0.00423806160688,
        "dvar": 5.15697174706e-05,
        "dvar2": 0.000132007960929,
        "max": 0.163507416844,
        "mean": 0.00522679276764,
        "median": 0.00262383441441,
        "min": 1.65782322639e-21,
        "var": 8.10523415566e-05
    },
    "spectral_energyband_middle_low": {
        "dmean": 0.00292120152153,
        "dmean2": 0.00440468359739,
        "dvar": 0.000119805677969,
        "dvar2": 0.000226038508117,
        "max": 0.275327593088,
        "mean": 0.00764841260388,
        "median": 0.00256461836398,
        "min": 3.32078129355e-22,
        "var": 0.000413071335061
    },
    "spectral_entropy": {
        "dmean": 0.233200356364,
        "dmean2": 0.332502841949,
        "dvar": 0.0651026666164,
        "dvar2": 0.123130880296,
        "max": 9.78167057037,
        "mean": 6.69504976273,
        "median": 6.64842796326,
        "min": 4.67212295532,
        "var": 0.531938374043
    },
    "spectral_flux": {
        "dmean": 0.0213254895061,
        "dmean2": 0.0345991551876,
        "dvar": 0.00160795927513,
        "dvar2": 0.00328770675696,
        "max": 0.568911790848,
        "mean": 0.0473640225828,
        "median": 0.033105686307,
        "min": 1.02926070444e-10,
        "var": 0.00263954955153
    },
    "spectral_kurtosis": {
        "dmean": 6.34339141846,
        "dmean2": 10.5626192093,
        "dvar": 99.6658935547,
        "dvar2": 287.365020752,
        "max": 142.807922363,
        "mean": 14.8694171906,
        "median": 9.04491615295,
        "min": -1.18623769283,
        "var": 318.570495605
    },
    "spectral_rms": {
        "dmean": 0.000554688915145,
        "dmean2": 0.000829240947496,
        "dvar": 1.32650109208e-06,
        "dvar2": 2.76311357084e-06,
        "max": 0.0203797779977,
        "mean": 0.00385488104075,
        "median": 0.00337926670909,
        "min": 3.21487042716e-12,
        "var": 5.90272702539e-06
    },
    "spectral_rolloff": {
        "dmean": 350.976226807,
        "dmean2": 605.884887695,
        "dvar": 685678.125,
        "dvar2": 1572809.625,
        "max": 19767.4804688,
        "mean": 1344.42199707,
        "median": 1184.32617188,
        "min": 86.1328125,
        "var": 1571583
    },
    "spectral_skewness": {
        "dmean": 0.538557291031,
        "dmean2": 0.872969090939,
        "dvar": 0.399620890617,
        "dvar2": 1.1388232708,
        "max": 9.28579807281,
        "mean": 2.51997327805,
        "median": 2.27763390541,
        "min": -0.0288524739444,
        "var": 1.49606108665
    },
    "spectral_spread": {
        "dmean": 820662.0625,
        "dmean2": 1206312.375,
        "dvar": 1.41738285466e+12,
        "dvar2": 2.63344593306e+12,
        "max": 39265312,
        "mean": 3940090.5,
        "median": 3197961.5,
        "min": 492348.09375,
        "var": 6.64883481805e+12
    },
    "spectral_strongpeak": {
        "dmean": 0.493098825216,
        "dmean2": 0.816260755062,
        "dvar": 1.24967575073,
        "dvar2": 3.05160999298,
        "max": 28.0230560303,
        "mean": 1.15070641041,
        "median": 0.64379888773,
        "min": 0,
        "var": 2.11664032936
    },
    "zerocrossingrate": {
        "dmean": 0.00882881879807,
        "dmean2": 0.0106504531577,
        "dvar": 0.000167447506101,
        "dvar2": 0.000210546597373,
        "max": 0.51953125,
        "mean": 0.0542883016169,
        "median": 0.048828125,
        "min": 0.00439453125,
        "var": 0.00117204384878
    },
    "barkbands": {
        "dmean": [5.02550210513e-06, 0.00136613473296, 0.00131984136533, 0.000340127677191, 0.000729767140001, 0.00101030361839, 0.000486000790261, 0.000632368435618, 0.000220447502215, 0.000520728994161, 0.000246163981501, 0.000397162191803, 0.000844727212097, 0.000400150340283, 0.000428039056715, 0.000257751904428, 0.000240865338128, 7.4608840805e-05, 6.60203659208e-05, 4.87360121042e-05, 2.69706870313e-05, 1.97660028789e-05, 1.65867822943e-05, 1.48503850141e-05, 2.77207454928e-05, 4.37602029706e-05, 1.07609703264e-05],
        "dmean2": [8.12598318589e-06, 0.00202289689332, 0.00192763085943, 0.00049111637054, 0.00118861871306, 0.00151722878218, 0.000753423199058, 0.000847908377182, 0.000308203801978, 0.000705936865415, 0.000409091735492, 0.0006189661799, 0.00135931174736, 0.000686676648911, 0.000708804698661, 0.000447139260359, 0.000409063592087, 0.000124350612168, 0.000109013795736, 7.85147349234e-05, 4.04608690587e-05, 3.21108636854e-05, 2.58462350757e-05, 2.3147007596e-05, 4.49727958767e-05, 6.93506299285e-05, 1.7738850147e-05],
        "dvar": [1.8224454168e-09, 9.63553975453e-05, 5.4341948271e-05, 2.38811958297e-06, 1.13615069495e-05, 2.41411489696e-05, 5.36388552064e-06, 6.260489954e-06, 2.98340296467e-07, 3.18891511597e-06, 8.93551600711e-07, 1.20276479265e-06, 4.98281997352e-06, 3.17013450513e-06, 2.8000056318e-06, 2.08973710869e-06, 6.19341221864e-07, 7.16323143024e-08, 2.79027467798e-08, 3.36327516948e-08, 1.13674847313e-08, 3.38469718919e-09, 1.68608293993e-09, 1.46845291482e-09, 3.65530516966e-09, 2.65143729195e-08, 1.25402244144e-09],
        "dvar2": [4.16040935036e-09, 0.000247460091487, 0.000156316862558, 6.5600115704e-06, 2.64113550656e-05, 4.06027465942e-05, 1.05563030957e-05, 1.06229526864e-05, 6.09082917435e-07, 4.59300417788e-06, 2.28596309171e-06, 2.89503191198e-06, 1.21625935208e-05, 8.63474997459e-06, 7.42420343158e-06, 5.83887185712e-06, 1.68739063611e-06, 1.58443128839e-07, 6.3510782411e-08, 8.02611594963e-08, 2.49827571963e-08, 8.45184011666e-09, 3.68707198106e-09, 3.36381211774e-09, 8.46043857194e-09, 5.96761253746e-08, 3.20851900604e-09],
        "max": [0.00215378194116, 0.230176627636, 0.165776759386, 0.0605659559369, 0.101069919765, 0.174119234085, 0.087567538023, 0.118982382119, 0.0186172369868, 0.1309132725, 0.0317434482276, 0.0281196758151, 0.0529228039086, 0.0460645183921, 0.0450157150626, 0.0354352518916, 0.023055896163, 0.00674803368747, 0.00369872432202, 0.00540712988004, 0.00361330946907, 0.00153822056018, 0.00115124124568, 0.000732921296731, 0.000769418955315, 0.00613509910181, 0.00046743589337],
        "mean": [6.39363952359e-06, 0.00346690719016, 0.0047700307332, 0.000995173235424, 0.00129702442791, 0.00220164726488, 0.000991977169178, 0.00137235724833, 0.000455781293567, 0.00131150032394, 0.000327592366375, 0.000601853535045, 0.00125284970272, 0.000555255857762, 0.000545409449842, 0.00027118838625, 0.000320288585499, 9.64198552538e-05, 0.000102345155028, 9.14510383154e-05, 4.94168089062e-05, 4.02877667511e-05, 2.93593111564e-05, 2.57519805018e-05, 4.41310548922e-05, 4.85338750877e-05, 1.10032788143e-05],
        "median": [7.43624923416e-07, 0.00109188701026, 0.00184630474541, 0.000304654997308, 0.000234491191804, 9.69376269495e-05, 0.000107113002741, 0.000325730943587, 0.00011528635514, 0.000341583363479, 3.33498246619e-05, 0.000138522009365, 0.000224657196668, 2.62617395492e-05, 0.000204354117159, 2.06569966394e-05, 0.00012253143359, 2.15920754272e-05, 2.4546377972e-05, 4.81308961753e-06, 5.03743103764e-06, 5.49968717678e-06, 3.49226866092e-06, 1.56850319399e-06, 2.9807847568e-06, 1.61743901117e-06, 9.36679089847e-09],
        "min": [1.67635013119e-24, 5.54645451888e-23, 3.62324318639e-23, 1.87098069419e-23, 2.79417183202e-23, 6.79745475484e-23, 6.2143571727e-23, 4.47342288086e-23, 7.7236544504e-23, 1.5412428627e-22, 8.57819654567e-23, 1.04351871073e-22, 8.21017210746e-23, 1.27561812357e-22, 1.67011698619e-22, 1.37352623798e-22, 1.61941935706e-22, 1.37301808534e-22, 3.47167183071e-22, 3.13802860132e-22, 3.80625740179e-22, 5.08229330609e-22, 6.64737314721e-22, 9.79087404508e-22, 1.26867069499e-21, 1.47153623535e-21, 2.56270731968e-21],
        "var": [2.29335905821e-09, 8.85499975993e-05, 8.64150642883e-05, 4.32252227256e-06, 2.34475992329e-05, 8.87507558218e-05, 1.78901082108e-05, 2.34737035498e-05, 8.9052241492e-07, 1.50926107381e-05, 1.08322478809e-06, 2.15866498365e-06, 8.47670798976e-06, 4.03731564802e-06, 2.93299717669e-06, 1.82826431683e-06, 6.62857303269e-07, 1.00996125241e-07, 5.96577365286e-08, 1.22714055806e-07, 4.09566105475e-08, 1.50082275496e-08, 6.63424337688e-09, 5.1604014395e-09, 7.30243465696e-09, 3.12092645061e-08, 1.41073364102e-09]
    },
    "erbbands": {
        "dmean": [0.0173306260258, 0.382505685091, 1.4025863409, 1.34490251541, 1.28178203106, 1.92634654045, 8.68245792389, 5.99208498001, 9.89575862885, 3.66474366188, 16.9276046753, 6.29795265198, 7.98882770538, 17.0237293243, 11.8390417099, 22.519115448, 37.6271095276, 25.1318378448, 25.1611976624, 13.0101499557, 14.9067811966, 10.4604825974, 5.90996980667, 2.30014133453, 3.88008213043, 2.08875799179, 1.69891893864, 0.81297981739, 0.806884348392, 0.587530851364, 0.445022702217, 0.296331763268, 0.271715432405, 0.277948528528, 0.227572828531, 0.14982829988, 0.0843587145209, 0.0252426825464, 0.00149511743803, 3.27857778757e-05],
        "dmean2": [0.0275410600007, 0.560131013393, 2.02132606506, 1.96215558052, 2.00335645676, 3.32726764679, 13.4657649994, 9.31070041656, 14.8851251602, 6.06075382233, 22.4959964752, 8.36732006073, 11.02617836, 23.4217033386, 19.3107738495, 34.7710952759, 60.127456665, 42.6889915466, 42.5023536682, 21.6055870056, 26.273059845, 17.7320613861, 9.92209529877, 3.62253856659, 6.43067741394, 3.31666254997, 2.48779368401, 1.2352887392, 1.31645870209, 0.956789076328, 0.691400766373, 0.470950126648, 0.432620257139, 0.464532732964, 0.359976410866, 0.242408618331, 0.1329190135, 0.0413959436119, 0.00245891930535, 5.28066520928e-05],
        "dvar": [0.0199304092675, 7.25420045853, 71.4856414795, 40.6706962585, 56.2038116455, 100.635108948, 2029.45385742, 1291.00744629, 3331.48022461, 184.218170166, 4595.13574219, 205.803482056, 3136.29296875, 1693.59545898, 1743.36523438, 2977.86572266, 10251.0869141, 9503.16113281, 14495.5205078, 2887.23901367, 6480.96533203, 1836.92993164, 260.966003418, 75.0063018799, 96.2960891724, 45.9429626465, 45.1372146606, 9.63808441162, 6.85181903839, 1.83506560326, 1.64000821114, 0.676513195038, 0.466905415058, 0.454375773668, 0.224241420627, 0.177326709032, 0.169839218259, 0.00647837202996, 2.29356155614e-05, 8.07200617459e-09],
        "dvar2": [0.0486647114158, 18.8689861298, 202.428131104, 116.650718689, 131.733901978, 271.290222168, 3591.69946289, 2337.52880859, 5865.27978516, 467.937927246, 7679.18652344, 367.232757568, 4191.21582031, 3024.90039062, 4505.69189453, 6987.19677734, 24574.1074219, 24814.7617188, 39975.875, 7561.17529297, 18565.8359375, 4897.27001953, 605.458312988, 146.161773682, 241.512039185, 101.760223389, 71.2821884155, 19.9066085815, 18.0754585266, 4.36297655106, 3.56570219994, 1.60867571831, 1.06612801552, 1.14247465134, 0.493539243937, 0.409164041281, 0.387555211782, 0.0158993303776, 5.67281131225e-05, 1.93384668279e-08],
        "max": [2.98164701462, 65.3488845825, 213.316848755, 137.626708984, 386.886230469, 228.336486816, 1478.1385498, 1521.98059082, 2545.82739258, 369.222625732, 3253.19995117, 391.032867432, 4995.79003906, 1470.63305664, 967.811767578, 1424.02612305, 2482.00292969, 2549.87939453, 3666.21313477, 1319.42590332, 1824.52954102, 1223.45849609, 376.150604248, 241.787826538, 202.776565552, 187.248153687, 266.579315186, 83.0702056885, 70.2214889526, 34.488948822, 33.775177002, 20.6146030426, 11.3830327988, 10.0885324478, 6.03879785538, 12.4301395416, 17.022359848, 1.06877756119, 0.0683074072003, 0.0015605292283],
        "mean": [0.030856076628, 1.0670517683, 5.69860506058, 4.03082561493, 2.53805994987, 2.98419094086, 18.0118598938, 12.6145009995, 21.5436935425, 7.01112127304, 37.4234390259, 15.0816879272, 21.9036540985, 38.6940689087, 18.1146297455, 35.909740448, 56.1672515869, 37.8081245422, 32.8096923828, 16.775970459, 15.7056245804, 13.4473762512, 8.61075210571, 3.57905936241, 5.89873695374, 4.19159078598, 3.55368590355, 1.6197783947, 1.59300208092, 1.08636248112, 0.790375292301, 0.509893834591, 0.449745237827, 0.365900933743, 0.369577825069, 0.186635091901, 0.0940267667174, 0.0269458927214, 0.00156261376105, 5.27332558704e-05],
        "median": [0.0120764710009, 0.35499560833, 1.97839736938, 2.03836989403, 0.817374229431, 0.649578511715, 0.815022051334, 0.623105108738, 1.5955477953, 2.05925559998, 9.24622154236, 5.1871547699, 4.09610271454, 11.7164611816, 4.90939617157, 12.99650383, 11.5792350769, 5.2504901886, 10.7417564392, 3.91406726837, 2.53182721138, 4.74790430069, 3.96153688431, 0.997302472591, 1.45584964752, 0.386149466038, 0.319152891636, 0.150502562523, 0.147602245212, 0.191974759102, 0.0519558787346, 0.03411770612, 0.0250473245978, 0.0273304134607, 0.0218322910368, 0.00938810314983, 0.00158912548795, 0.000162077893037, 1.90255141206e-05, 1.791377872e-05],
        "min": [1.45294385667e-21, 1.28747398858e-20, 4.79066821639e-20, 3.74969534282e-20, 6.29784492995e-20, 1.34453568604e-19, 1.87510936421e-19, 6.92436147792e-19, 6.696693456e-19, 1.45517044674e-18, 1.04855678854e-18, 1.78454063516e-18, 2.70923322743e-18, 5.80423536842e-18, 2.97579569534e-18, 4.42124811405e-18, 2.5145463441e-18, 5.01419309742e-18, 9.76377690714e-18, 1.03666939664e-17, 8.46562777794e-18, 7.34186982856e-18, 6.9686492449e-18, 1.47448865024e-17, 1.68113904677e-17, 1.45256439354e-17, 1.81393180989e-17, 1.26978609861e-17, 1.82883346863e-17, 1.55921345166e-17, 1.93219001704e-17, 2.2247697554e-17, 1.53397468224e-17, 1.37583007412e-17, 9.7254734817e-18, 5.31181681772e-18, 2.56314010316e-18, 1.36026574031e-18, 3.45219770294e-19, 3.68712785365e-20],
        "var": [0.0169390831143, 6.99057388306, 117.866577148, 55.3250617981, 117.569854736, 116.916542053, 6896.6484375, 4426.67822266, 12133.0361328, 368.44418335, 17254.9296875, 795.497497559, 13320.9804688, 8208.63867188, 2185.63085938, 5630.63818359, 17538.90625, 14065.4238281, 14415.1650391, 3431.50341797, 5458.11816406, 1856.22741699, 381.834014893, 133.467453003, 185.873214722, 197.249679565, 234.244644165, 37.6044845581, 25.4090137482, 8.42305755615, 6.06802463531, 2.28357315063, 1.50137579441, 0.764003098011, 0.483108490705, 0.231058657169, 0.184379011393, 0.00769036030397, 2.75301663351e-05, 1.08912239227e-08]
    },
    "gfcc": {
        "mean": [-103.731071472, 108.045127869, -144.186096191, -4.23929262161, -43.9159088135, 7.76578330994, -26.7745285034, 6.57593870163, -18.6074733734, -0.294965058565, -15.67395401, -4.96981620789, -15.7253112793],
        "cov": [[23247.7949219, -866.463623047, 4461.23144531, 3229.9934082, 2366.3503418, 3056.39404297, -787.722351074, 728.313476562, -1592.47570801, 741.846740723, -820.470703125, 285.387664795, -536.739746094], [-866.463623047, 2885.47387695, 88.4317398071, -203.01385498, 678.142089844, -196.384140015, 129.67098999, -185.855224609, -114.96496582, -251.233291626, 48.8725776672, -157.067169189, 206.612350464], [4461.23144531, 88.4317398071, 5362.75537109, 1332.13586426, 1266.44665527, 1945.63586426, -481.951690674, 840.648132324, -1101.3536377, 366.273132324, -687.388977051, 38.0250053406, -254.674133301], [3229.9934082, -203.01385498, 1332.13586426, 1479.40563965, 406.716644287, 655.528198242, -15.7728271484, 285.729614258, -257.765899658, 81.5947799683, -202.17590332, -48.1120109558, -160.598434448], [2366.3503418, 678.142089844, 1266.44665527, 406.716644287, 1186.26501465, 744.963989258, -9.28896808624, 186.804824829, -332.754577637, 58.1218605042, -227.817123413, -5.9698343277, -99.219871521], [3056.39404297, -196.384140015, 1945.63586426, 655.528198242, 744.963989258, 1226.21911621, -114.724868774, 349.462646484, -443.243377686, 185.962692261, -318.456817627, -4.29403209686, -165.539764404], [-787.722351074, 129.67098999, -481.951690674, -15.7728271484, -9.28896808624, -114.724868774, 406.974761963, -79.5674209595, 214.481063843, -86.491859436, -8.58063030243, -58.8684997559, 4.56906414032], [728.313476562, -185.855224609, 840.648132324, 285.729614258, 186.804824829, 349.462646484, -79.5674209595, 452.870452881, -193.392547607, 104.95665741, -94.8117294312, 2.14313912392, -41.0517921448], [-1592.47570801, -114.96496582, -1101.3536377, -257.765899658, -332.754577637, -443.243377686, 214.481063843, -193.392547607, 493.930145264, -69.0274581909, 132.285507202, -5.66559076309, 25.0054702759], [741.846740723, -251.233291626, 366.273132324, 81.5947799683, 58.1218605042, 185.962692261, -86.491859436, 104.95665741, -69.0274581909, 217.797073364, -9.15047168732, 30.8831539154, -32.0784072876], [-820.470703125, 48.8725776672, -687.388977051, -202.17590332, -227.817123413, -318.456817627, -8.58063030243, -94.8117294312, 132.285507202, -9.15047168732, 265.027954102, 25.9554309845, 29.7517871857], [285.387664795, -157.067169189, 38.0250053406, -48.1120109558, -5.9698343277, -4.29403209686, -58.8684997559, 2.14313912392, -5.66559076309, 30.8831539154, 25.9554309845, 161.125946045, 26.9683418274], [-536.739746094, 206.612350464, -254.674133301, -160.598434448, -99.219871521, -165.539764404, 4.56906414032, -41.0517921448, 25.0054702759, -32.0784072876, 29.7517871857, 26.9683418274, 160.096176147]],
        "icov": [[0.000111732450023, -1.85093413165e-05, 0.000123377889395, -0.000199991918635, -6.75965857226e-05, -0.000157259084517, 0.000127914769109, 8.59877109178e-05, 0.000222643342568, -0.000236375097302, 0.00019634560158, -0.00026686466299, 0.000134354515467], [-1.85093413165e-05, 0.000847476243507, -0.000305939960526, 0.000109751184937, -0.000825907394756, 0.000502512732055, -0.000187459634617, 0.000343906751368, 3.01820437016e-05, 0.000687041785568, -0.000863366236445, 0.00110359804239, -0.0013235793449], [0.000123377889395, -0.000305939960526, 0.000946540851146, -0.000378334370907, 0.000163539341884, -0.000774328422267, 0.000468138547149, -0.000383548496757, 0.000819820561446, -0.000686645391397, 0.00125801935792, -0.000862563145347, 0.000769533275161], [-0.000199991918635, 0.000109751184937, -0.000378334370907, 0.00135174265597, 6.83665639372e-05, 8.82675667526e-05, -0.000438846938778, -0.000341145467246, -0.000369586574379, 0.000617586774752, -0.000441569747636, 0.000719024683349, 0.000143109456985], [-6.75965857226e-05, -0.000825907394756, 0.000163539341884, 6.83665639372e-05, 0.00234300200827, -0.00111918302719, -0.000334549346007, -0.000276319042314, 0.000279876432614, -0.000221429814701, 0.000784617906902, -0.0010646849405, 0.00134697393514], [-0.000157259084517, 0.000502512732055, -0.000774328422267, 8.82675667526e-05, -0.00111918302719, 0.00339082605205, -0.000586965994444, -0.000139087744174, 0.000298576778732, -0.000364709616406, 0.000261979410425, 0.000823963258881, 0.000167427206179], [0.000127914769109, -0.000187459634617, 0.000468138547149, -0.000438846938778, -0.000334549346007, -0.000586965994444, 0.004199818708, -0.00012749787129, -0.00169560196809, 0.000497648841701, 0.00121528736781, 0.000495851272717, 6.36085824226e-05], [8.59877109178e-05, 0.000343906751368, -0.000383548496757, -0.000341145467246, -0.000276319042314, -0.000139087744174, -0.00012749787129, 0.00356943020597, 0.000521463167388, -0.000718163209967, -0.000428540428402, 0.000408888387028, -0.000718634750228], [0.000222643342568, 3.01820437016e-05, 0.000819820561446, -0.000369586574379, 0.000279876432614, 0.000298576778732, -0.00169560196809, 0.000521463167388, 0.00541479326785, -0.00111713062506, 0.000481978378957, -0.00117492908612, 0.00134393270127], [-0.000236375097302, 0.000687041785568, -0.000686645391397, 0.000617586774752, -0.000221429814701, -0.000364709616406, 0.000497648841701, -0.000718163209967, -0.00111713062506, 0.00735009182245, -0.00218796683475, 0.00066719687311, -0.000923158193473], [0.00019634560158, -0.000863366236445, 0.00125801935792, -0.000441569747636, 0.000784617906902, 0.000261979410425, 0.00121528736781, -0.000428540428402, 0.000481978378957, -0.00218796683475, 0.00799498800188, -0.00237629096955, 0.00234416383319], [-0.00026686466299, 0.00110359804239, -0.000862563145347, 0.000719024683349, -0.0010646849405, 0.000823963258881, 0.000495851272717, 0.000408888387028, -0.00117492908612, 0.00066719687311, -0.00237629096955, 0.00912488251925, -0.00346524897031], [0.000134354515467, -0.0013235793449, 0.000769533275161, 0.000143109456985, 0.00134697393514, 0.000167427206179, 6.36085824226e-05, -0.000718634750228, 0.00134393270127, -0.000923158193473, 0.00234416383319, -0.00346524897031, 0.0103475619107]]
    },
    "melbands": {
        "dmean": [0.000269032549113, 0.000651816895697, 0.000226514661335, 9.94226065814e-05, 0.00025145788095, 0.000157626403961, 0.000138565068482, 4.80525523017e-05, 0.000128558414872, 3.42093844665e-05, 4.10066131735e-05, 7.31566906325e-05, 3.51046110154e-05, 4.82260766148e-05, 7.55620203563e-05, 7.42141201044e-05, 4.37447633885e-05, 3.87096442864e-05, 2.46024428634e-05, 1.8080969312e-05, 1.81208597496e-05, 1.07944815682e-05, 1.06323641376e-05, 3.94508242607e-06, 1.52884274485e-06, 3.4161705571e-06, 1.33798312163e-06, 1.72457714598e-06, 1.42140970638e-06, 7.37564050723e-07, 4.65478990463e-07, 4.5737039045e-07, 4.29244551015e-07, 3.37538324402e-07, 2.98055425674e-07, 1.95353649701e-07, 1.92627794604e-07, 2.00106484272e-07, 1.90009828316e-07, 2.59675857706e-07],
        "dmean2": [0.000409744097851, 0.000932818860747, 0.000334169686539, 0.000166547455592, 0.00039524625754, 0.000241815083427, 0.00020698129083, 7.75981097831e-05, 0.0001710462966, 4.62249663542e-05, 5.68164105061e-05, 0.000100101802673, 5.80483392696e-05, 7.53386702854e-05, 0.000117852745461, 0.000121373057482, 7.47603698983e-05, 6.58149365336e-05, 4.11286782764e-05, 3.04862096527e-05, 3.23099338857e-05, 1.85849876289e-05, 1.78929058166e-05, 6.5512999754e-06, 2.39224550569e-06, 5.70382280785e-06, 2.21352820517e-06, 2.76128093901e-06, 2.21706181947e-06, 1.12107829864e-06, 7.29486032469e-07, 7.42857935165e-07, 7.01729618413e-07, 5.52126323328e-07, 4.73637413734e-07, 3.12723102525e-07, 3.08908084889e-07, 3.16818017154e-07, 3.1895211805e-07, 4.40803574975e-07],
        "dvar": [4.20768856202e-06, 1.64938646776e-05, 1.1485262803e-06, 3.60457903525e-07, 1.63022991728e-06, 8.52531854889e-07, 6.14696261891e-07, 3.24319486822e-08, 2.56246153185e-07, 6.76385258913e-09, 7.74603989839e-08, 3.12778034584e-08, 1.93250535574e-08, 1.60683999439e-08, 3.44561605914e-08, 4.11286116275e-08, 3.19074331401e-08, 4.25108694913e-08, 9.81256231825e-09, 7.53817008814e-09, 8.83535822283e-09, 2.38375941208e-09, 6.04313099561e-10, 1.44208700537e-10, 4.58239210466e-11, 7.44587377866e-11, 1.94869797382e-11, 3.20680183796e-11, 3.9442591554e-11, 1.21199517436e-11, 2.81497112946e-12, 2.04447504933e-12, 2.15046665371e-12, 6.45713300537e-13, 7.46453246436e-13, 3.39436134365e-13, 2.85359870499e-13, 2.67470046762e-13, 2.20104032114e-13, 4.19685851826e-13],
        "dvar2": [1.05457738755e-05, 4.48409373348e-05, 3.23265157931e-06, 9.41978839819e-07, 2.99814382743e-06, 1.48488243212e-06, 1.07070081867e-06, 7.82778855068e-08, 4.31325446471e-07, 1.27801706995e-08, 1.03398448914e-07, 5.49815020179e-08, 4.98111596414e-08, 3.90377827841e-08, 8.13963438873e-08, 1.04748735907e-07, 8.41463716483e-08, 1.18938793037e-07, 2.60460630841e-08, 1.97750438247e-08, 2.59797037216e-08, 6.50141984693e-09, 1.5416213861e-09, 3.14006237678e-10, 9.08063971239e-11, 1.8664850221e-10, 4.68473385085e-11, 7.59265567085e-11, 8.63612237278e-11, 2.96854832382e-11, 6.67971233881e-12, 5.31314575669e-12, 5.58430602107e-12, 1.57965003925e-12, 1.70854552294e-12, 8.28588716736e-13, 6.80493801499e-13, 6.06692105408e-13, 5.47428638878e-13, 1.08662016017e-12],
        "max": [0.0439738482237, 0.10760524869, 0.0246443729848, 0.0229524690658, 0.0404517315328, 0.0395400039852, 0.0342812463641, 0.00558209884912, 0.0240871813148, 0.0029178687837, 0.024766234681, 0.00655876239762, 0.00418537482619, 0.00312782381661, 0.00542367389426, 0.00347386696376, 0.0054242121987, 0.00639264378697, 0.00253575434908, 0.00215686112642, 0.00216546095908, 0.00139956991188, 0.000537183484994, 0.000319848360959, 0.000185572149348, 0.000152490451001, 0.000114679358376, 0.000155461500981, 0.000235065468587, 0.000108862870547, 4.17778392148e-05, 4.12116496591e-05, 4.46509729954e-05, 2.05034539249e-05, 2.23528568313e-05, 1.35762311402e-05, 1.19619198813e-05, 9.07718640519e-06, 7.0680052886e-06, 1.10964201667e-05],
        "mean": [0.000600860454142, 0.00246715079993, 0.000675801828038, 0.000150604289956, 0.000505936448462, 0.000336723489454, 0.000302831147565, 9.41106918617e-05, 0.000285467016511, 7.7811499068e-05, 0.000110419408884, 0.00016512957518, 4.85397213197e-05, 7.43648488424e-05, 0.000114633556223, 0.000109170032374, 6.35916585452e-05, 4.98546214658e-05, 3.05099674733e-05, 2.12349586945e-05, 1.79399648914e-05, 1.31724491439e-05, 1.44559626278e-05, 5.13499298904e-06, 2.09945483221e-06, 5.13353415954e-06, 2.06527124647e-06, 3.28222768076e-06, 2.72594002126e-06, 1.2543999901e-06, 8.1789005435e-07, 8.62658396272e-07, 8.11614711438e-07, 5.410064432e-07, 4.83405017349e-07, 3.22157632127e-07, 3.12475862074e-07, 3.31814362653e-07, 2.73939463113e-07, 3.14873375373e-07],
        "median": [0.000219016656047, 0.000862662505824, 0.000358060875442, 4.34328248957e-05, 2.74187295872e-05, 1.41694799822e-05, 2.30373043451e-05, 2.8742264476e-05, 7.54263601266e-05, 2.15122236114e-05, 1.93707346625e-05, 4.80575254187e-05, 6.77054049447e-06, 2.31245976465e-05, 3.21797851939e-05, 2.18484419747e-05, 3.59382033821e-06, 1.51970552906e-05, 9.73808710114e-06, 1.7672116428e-06, 2.37976473727e-06, 3.97271105612e-06, 5.30790930497e-06, 1.03174477317e-06, 3.06986805754e-07, 1.24359462461e-06, 3.79178516141e-07, 1.94632818307e-07, 2.39889118347e-07, 2.83411019097e-08, 9.95248115032e-08, 8.20572125804e-08, 9.88520767464e-08, 9.09226898216e-08, 2.34962946877e-08, 1.50821524159e-08, 2.06721821883e-08, 1.78204544454e-08, 1.41778500051e-08, 2.47251765728e-08],
        "min": [1.34123361729e-23, 2.22960806352e-23, 7.7825971906e-24, 7.81261492577e-24, 6.02357739477e-24, 1.49630899844e-23, 1.09578498977e-23, 1.46838600452e-23, 1.04410331976e-23, 1.0691894121e-23, 1.4114550174e-23, 2.43074787283e-23, 1.0182007564e-23, 1.34244672759e-23, 4.19895237618e-24, 9.4037473716e-24, 7.92029996136e-24, 1.70367702237e-23, 1.2993492053e-23, 1.21598901126e-23, 1.05463579614e-23, 8.13939345601e-24, 7.51592907248e-24, 5.40028143304e-24, 1.30718314629e-23, 1.23434335906e-23, 1.18456442156e-23, 8.82077916264e-24, 1.16826197987e-23, 9.47565046539e-24, 6.5656459268e-24, 1.00786210315e-23, 9.93665052321e-24, 8.64787899602e-24, 1.01785949517e-23, 1.44931229447e-23, 1.24705301265e-23, 1.16851544087e-23, 9.08782198969e-24, 1.25916052871e-23],
        "var": [3.64713332601e-06, 2.33181945077e-05, 1.64519269674e-06, 4.83577537125e-07, 5.29366343471e-06, 3.04582226818e-06, 2.27389455176e-06, 7.64040919421e-08, 9.47392436501e-07, 2.43627731322e-08, 3.29844766611e-07, 1.56740199486e-07, 2.31751773327e-08, 2.80357852489e-08, 6.22864675393e-08, 6.33592307508e-08, 4.50434249899e-08, 4.17735890323e-08, 1.12735945024e-08, 7.90371323944e-09, 7.14036607619e-09, 2.31551067209e-09, 8.22812373791e-10, 2.1681802187e-10, 7.59595164546e-11, 1.41304357104e-10, 3.98084100406e-11, 1.27286445273e-10, 1.44813022684e-10, 3.33876329361e-11, 7.78666194023e-12, 7.42418106159e-12, 7.10263358544e-12, 2.05136797306e-12, 2.2878647761e-12, 1.1232672778e-12, 8.43514548574e-13, 8.74949147422e-13, 5.11110142924e-13, 5.77357497748e-13]
    },
    "mfcc": {
        "mean": [-741.979370117, 143.331970215, -26.9495239258, -2.26654243469, -0.122066579759, 0.726677298546, 0.969772160053, 4.99013328552, 3.05897688866, 1.61203920841, 7.73539829254, 0.362588405609, 2.97690200806],
        "cov": [[11974.9150391, 1342.71105957, 1427.77062988, 1165.45581055, 1499.92468262, 1661.84729004, 881.963317871, 54.2244529724, 50.3857269287, 59.950214386, -305.291259766, -75.0594329834, -274.246795654], [1342.71105957, 2777.77319336, 115.810325623, -73.1015090942, 740.054626465, 326.557128906, 334.060211182, -10.4106960297, -39.8064804077, -217.462814331, -97.2244567871, -59.5264129639, -220.671035767], [1427.77062988, 115.810325623, 2309.18237305, 707.790161133, 1040.80517578, 845.311584473, 682.56439209, 208.204818726, 238.5284729, 237.700195312, -68.3178329468, 18.6426467896, -261.710968018], [1165.45581055, -73.1015090942, 707.790161133, 1103.78613281, 355.064300537, 329.461761475, 286.563781738, 165.136672974, 93.0712661743, 130.888702393, 60.9267196655, -47.6173858643, -69.6270828247], [1499.92468262, 740.054626465, 1040.80517578, 355.064300537, 1206.5904541, 703.161437988, 547.977294922, 142.392715454, 95.0188293457, 38.4938774109, -61.6714706421, 36.3742256165, -184.043365479], [1661.84729004, 326.557128906, 845.311584473, 329.461761475, 703.161437988, 888.419189453, 394.766021729, 131.506866455, 131.251968384, 163.890167236, -105.488166809, -5.55553817749, -150.555557251], [881.963317871, 334.060211182, 682.56439209, 286.563781738, 547.977294922, 394.766021729, 524.523803711, 157.109405518, 129.291046143, 58.1052627563, -28.4412002563, 35.6906929016, -132.667663574], [54.2244529724, -10.4106960297, 208.204818726, 165.136672974, 142.392715454, 131.506866455, 157.109405518, 291.103027344, 167.288253784, 62.1211700439, 15.5476608276, 25.5079841614, 15.2151670456], [50.3857269287, -39.8064804077, 238.5284729, 93.0712661743, 95.0188293457, 131.251968384, 129.291046143, 167.288253784, 276.394317627, 112.059150696, -24.1329612732, 20.6627635956, -41.0647277832], [59.950214386, -217.462814331, 237.700195312, 130.888702393, 38.4938774109, 163.890167236, 58.1052627563, 62.1211700439, 112.059150696, 252.286209106, 36.469493866, -3.93179583549, -12.2422771454], [-305.291259766, -97.2244567871, -68.3178329468, 60.9267196655, -61.6714706421, -105.488166809, -28.4412002563, 15.5476608276, -24.1329612732, 36.469493866, 165.364395142, 50.1935577393, 47.716583252], [-75.0594329834, -59.5264129639, 18.6426467896, -47.6173858643, 36.3742256165, -5.55553817749, 35.6906929016, 25.5079841614, 20.6627635956, -3.93179583549, 50.1935577393, 152.300949097, 63.6612854004], [-274.246795654, -220.671035767, -261.710968018, -69.6270828247, -184.043365479, -150.555557251, -132.667663574, 15.2151670456, -41.0647277832, -12.2422771454, 47.716583252, 63.6612854004, 204.15083313]],
