{
"lowlevel": {
    "average_loudness": 0.571093738079,
    "barkbands_crest": {
        "dmean": 1.77932286263,
        "dmean2": 2.74732279778,
        "dvar": 3.57420539856,
        "dvar2": 8.19611644745,
        "max": 26.7719459534,
        "mean": 10.7657909393,
        "median": 9.26722145081,
        "min": 3.03537201881,
        "var": 26.6440868378
    },
    "barkbands_flatness_db": {
        "dmean": 0.0184417273849,
        "dmean2": 0.0246838890016,
        "dvar": 0.0003654123866,
        "dvar2": 0.000588601571508,
        "max": 0.531009376049,
        "mean": 0.192516565323,
        "median": 0.18234500289,
        "min": 0.031760647893,
        "var": 0.007409340702
    },
    "barkbands_kurtosis": {
        "dmean": 1.90457057953,
        "dmean2": 2.89546585083,
        "dvar": 22.476524353,
        "dvar2": 48.6199188232,
        "max": 319.442138672,
        "mean": 4.20670557022,
        "median": 1.48518514633,
        "min": -1.98773241043,
        "var": 120.213874817
    },
    "barkbands_skewness": {
        "dmean": 0.38515624404,
        "dmean2": 0.580102980137,
        "dvar": 0.234629914165,
        "dvar2": 0.49382480979,
        "max": 17.3537425995,
        "mean": 0.932191550732,
        "median": 0.958950042725,
        "min": -10.2189006805,
        "var": 1.94527709484
    },
    "barkbands_spread": {
        "dmean": 2.92399811745,
        "dmean2": 4.39787626266,
        "dvar": 20.7229957581,
        "dvar2": 52.4928321838,
        "max": 125.49546814,
        "mean": 15.2966394424,
        "median": 14.2407245636,
        "min": 0.427722960711,
        "var": 125.016563416
    },
    "dissonance": {
        "dmean": 0.0279521737248,
        "dmean2": 0.0467994920909,
        "dvar": 0.000967026862781,
        "dvar2": 0.00256440252997,
        "max": 0.500000059605,
        "mean": 0.435605585575,
        "median": 0.448813915253,
        "min": 0.129382237792,
        "var": 0.00290694250725
    },
    "dynamic_complexity": 6.64105224609,
    "erbbands_crest": {
        "dmean": 2.5402867794,
        "dmean2": 3.90046286583,
        "dvar": 7.49417829514,
        "dvar2": 15.182507515,
        "max": 33.9249420166,
        "mean": 13.4094114304,
        "median": 11.4596319199,
        "min": 2.5916056633,
        "var": 45.8787536621
    },
    "erbbands_flatness_db": {
        "dmean": 0.0186750851572,
        "dmean2": 0.0245764963329,
        "dvar": 0.00039339257637,
        "dvar2": 0.000634978641756,
        "max": 0.573088347912,
        "mean": 0.235544294119,
        "median": 0.226038485765,
        "min": 0.0621222853661,
        "var": 0.00825124047697
    },
    "erbbands_kurtosis": {
        "dmean": 1.78743124008,
        "dmean2": 2.6882724762,
        "dvar": 17.4217281342,
        "dvar2": 36.4122047424,
        "max": 116.10358429,
        "mean": 3.16967201233,
        "median": 0.856017589569,
        "min": -1.8117941618,
        "var": 54.9722175598
    },
    "erbbands_skewness": {
        "dmean": 0.352069765329,
        "dmean2": 0.517718076706,
        "dvar": 0.162021145225,
        "dvar2": 0.324949115515,
        "max": 7.81395149231,
        "mean": 0.156454771757,
        "median": 0.164679676294,
        "min": -5.91389656067,
        "var": 1.60602343082
    },
    "erbbands_spread": {
        "dmean": 3.75964999199,
        "dmean2": 5.60017681122,
        "dvar": 20.040971756,
        "dvar2": 42.6983757019,
        "max": 88.6484527588,
        "mean": 19.9682807922,
        "median": 19.228843689,
        "min": 0.363918155432,
        "var": 132.610656738
    },
    "hfc": {
        "dmean": 5.03808403015,
        "dmean2": 6.90222883224,
        "dvar": 149.048690796,
        "dvar2": 297.854217529,
        "max": 235.833099365,
        "mean": 16.354265213,
        "median": 9.12362098694,
        "min": 1.04963422851e-16,
        "var": 503.537109375
    },
    "melbands_crest": {
        "dmean": 2.35302019119,
        "dmean2": 3.69655370712,
        "dvar": 5.88003826141,
        "dvar2": 14.587023735,
        "max": 39.2697753906,
        "mean": 14.3828601837,
        "median": 12.7986316681,
        "min": 1.49471533298,
        "var": 42.1715240479
    },
    "melbands_flatness_db": {
        "dmean": 0.0216540023685,
        "dmean2": 0.0286410301924,
        "dvar": 0.000497747736517,
        "dvar2": 0.000777816632763,
        "max": 0.651519060135,
        "mean": 0.273547410965,
        "median": 0.261468291283,
        "min": 0.001317006303,
        "var": 0.0078056352213
    },
    "melbands_kurtosis": {
        "dmean": 2.61113548279,
        "dmean2": 3.98375177383,
        "dvar": 17.7327156067,
        "dvar2": 38.3263969421,
        "max": 195.964935303,
        "mean": 6.19385766983,
        "median": 3.37948155403,
        "min": -1.96411418915,
        "var": 87.7498703003
    },
    "melbands_skewness": {
        "dmean": 0.440861135721,
        "dmean2": 0.666691184044,
        "dvar": 0.22806712985,
        "dvar2": 0.494915872812,
        "max": 10.0645627975,
        "mean": 1.58741915226,
        "median": 1.53378307819,
        "min": -7.48001909256,
        "var": 1.79268598557
    },
    "melbands_spread": {
        "dmean": 3.87146067619,
        "dmean2": 6.04489612579,
        "dvar": 63.8164558411,
        "dvar2": 173.109725952,
        "max": 313.67388916,
        "mean": 20.6719551086,
        "median": 16.5720386505,
        "min": 0.740166962147,
        "var": 585.288208008
    },
    "pitch_salience": {
        "dmean": 0.0496268980205,
        "dmean2": 0.0778255909681,
        "dvar": 0.00243269931525,
        "dvar2": 0.00572032667696,
        "max": 0.986175060272,
        "mean": 0.515407502651,
        "median": 0.533593714237,
        "min": 0.0310949254781,
        "var": 0.0158890839666
    },
    "silence_rate_20dB": {
        "dmean": 0,
        "dmean2": 0,
        "dvar": 0,
        "dvar2": 0,
        "max": 1,
        "mean": 1,
        "median": 1,
        "min": 1,
        "var": 0
    },
    "silence_rate_30dB": {
        "dmean": 0.0112035013735,
        "dmean2": 0.0224089641124,
        "dvar": 0.0110768452287,
        "dvar2": 0.0250576529652,
        "max": 1,
        "mean": 0.988009810448,
        "median": 1,
        "min": 0,
        "var": 0.0118463970721
    },
    "silence_rate_60dB": {
        "dmean": 0.0203063450754,
        "dmean2": 0.040616247803,
        "dvar": 0.0198936071247,
        "dvar2": 0.0473681390285,
        "max": 1,
        "mean": 0.219936981797,
        "median": 0,
        "min": 0,
        "var": 0.171576559544
    },
    "spectral_centroid": {
        "dmean": 110.142333984,
        "dmean2": 164.131759644,
        "dvar": 20914.6757812,
        "dvar2": 43638.7890625,
        "max": 11574.4511719,
        "mean": 1017.77893066,
        "median": 807.576049805,
        "min": 205.495162964,
        "var": 1165641.5
    },
    "spectral_complexity": {
        "dmean": 1.67842447758,
        "dmean2": 2.68539905548,
        "dvar": 3.31483793259,
        "dvar2": 7.55051040649,
        "max": 39,
        "mean": 12.6082620621,
        "median": 13,
        "min": 0,
        "var": 60.2517127991
    },
    "spectral_decrease": {
        "dmean": 1.37699729397e-09,
        "dmean2": 2.01524463783e-09,
        "dvar": 5.78736377905e-18,
        "dvar2": 1.19967493164e-17,
        "max": 5.19041508663e-23,
        "mean": -6.19674134228e-09,
        "median": -4.74090189329e-09,
        "min": -4.30210107538e-08,
        "var": 3.75718636024e-17
    },
    "spectral_energy": {
        "dmean": 0.00556140905246,
        "dmean2": 0.00809370819479,
        "dvar": 0.000100732024293,
        "dvar2": 0.00020674370171,
        "max": 0.183761686087,
        "mean": 0.0248712543398,
        "median": 0.0188151132315,
        "min": 9.8539199096e-21,
        "var": 0.000621415500063
    },
    "spectral_energyband_high": {
        "dmean": 9.68013409874e-05,
        "dmean2": 0.000134043424623,
        "dvar": 4.99048802283e-08,
        "dvar2": 1.10583293633e-07,
        "max": 0.00344592565671,
        "mean": 0.000174497981789,
        "median": 2.05234573514e-05,
        "min": 7.11066830432e-21,
        "var": 1.25791999039e-07
    },
    "spectral_energyband_low": {
        "dmean": 0.00232075736858,
        "dmean2": 0.00365484016947,
        "dvar": 1.29460349854e-05,
        "dvar2": 3.15216675517e-05,
        "max": 0.0657965093851,
        "mean": 0.00719818426296,
        "median": 0.0051748547703,
        "min": 1.58750589448e-23,
        "var": 8.04620867711e-05
    },
    "spectral_energyband_middle_high": {
        "dmean": 0.00273634656332,
        "dmean2": 0.00372824538499,
        "dvar": 6.66839478072e-05,
        "dvar2": 0.000131187392981,
        "max": 0.175890773535,
        "mean": 0.0073354523629,
        "median": 0.00325952190906,
        "min": 1.18750713148e-21,
        "var": 0.000182326024515
    },
    "spectral_energyband_middle_low": {
        "dmean": 0.00276147783734,
        "dmean2": 0.00428012292832,
        "dvar": 1.58468228619e-05,
        "dvar2": 3.86103965866e-05,
        "max": 0.0614768154919,
        "mean": 0.011301714927,
        "median": 0.00797319319099,
        "min": 1.48776314204e-22,
        "var": 0.000122755285702
    },
    "spectral_entropy": {
        "dmean": 0.165818661451,
        "dmean2": 0.21684718132,
        "dvar": 0.0341656059027,
        "dvar2": 0.0509242005646,
        "max": 9.82744598389,
        "mean": 6.87655973434,
        "median": 6.9064540863,
        "min": 4.3442158699,
        "var": 0.484400898218
    },
    "spectral_flux": {
        "dmean": 0.0159410554916,
        "dmean2": 0.0254721548408,
        "dvar": 0.000690099433996,
        "dvar2": 0.0017211852828,
        "max": 0.356222301722,
        "mean": 0.0508295819163,
        "median": 0.0469277091324,
        "min": 6.38349859083e-11,
        "var": 0.00171119940933
    },
    "spectral_kurtosis": {
        "dmean": 6.88748836517,
        "dmean2": 11.2056598663,
        "dvar": 177.008987427,
        "dvar2": 517.577880859,
        "max": 321.997802734,
        "mean": 18.9831295013,
        "median": 10.3338794708,
        "min": -1.29988396168,
        "var": 991.700927734
    },
    "spectral_rms": {
        "dmean": 0.000476123212138,
        "dmean2": 0.000688824336976,
        "dvar": 4.45249270342e-07,
        "dvar2": 8.96541564543e-07,
        "max": 0.0133895371109,
        "mean": 0.00420024432242,
        "median": 0.00428441446275,
        "min": 3.10057752043e-12,
        "var": 6.62263255435e-06
    },
    "spectral_rolloff": {
        "dmean": 163.179031372,
        "dmean2": 278.268005371,
        "dvar": 211640.96875,
        "dvar2": 481634.5,
        "max": 20714.9414062,
        "mean": 1197.60913086,
        "median": 1012.06054688,
        "min": 21.533203125,
        "var": 3325734.75
    },
    "spectral_skewness": {
        "dmean": 0.480563282967,
        "dmean2": 0.772826492786,
        "dvar": 0.427760154009,
        "dvar2": 1.20783758163,
        "max": 14.007183075,
        "mean": 2.75955796242,
        "median": 2.3639497757,
        "min": -0.0757323876023,
        "var": 2.86046171188
    },
    "spectral_spread": {
        "dmean": 540739.3125,
        "dmean2": 716391.1875,
        "dvar": 578543157248,
        "dvar2": 899849125888,
        "max": 43764604,
        "mean": 3394102.5,
        "median": 2555827,
        "min": 206117.65625,
        "var": 1.32920073257e+13
    },
    "spectral_strongpeak": {
        "dmean": 0.669873178005,
        "dmean2": 1.04090106487,
        "dvar": 2.21569347382,
        "dvar2": 4.37964630127,
        "max": 19.9967975616,
        "mean": 1.47636640072,
        "median": 0.563398718834,
        "min": 0,
        "var": 6.03788375854
    },
    "zerocrossingrate": {
        "dmean": 0.00622602412477,
        "dmean2": 0.0071659036912,
        "dvar": 7.98170731287e-05,
        "dvar2": 0.000105342027382,
        "max": 0.52294921875,
        "mean": 0.0466934666038,
        "median": 0.03857421875,
        "min": 0,
        "var": 0.00245511252433
    },
    "barkbands": {
        "dmean": [0.000188842896023, 0.000934812705964, 0.00156363553833, 0.00117727450561, 0.00100604607724, 0.000568169751205, 0.000224157731282, 0.000635048840195, 0.000769967504311, 0.000435561436461, 0.000616544682998, 0.000543316709809, 0.00136181386188, 0.000504986848682, 0.000167901409441, 0.000118773539725, 7.95876912889e-05, 2.99922230624e-05, 3.48206340277e-05, 2.04544339795e-05, 1.59214450832e-05, 1.12350735435e-05, 1.00311144706e-05, 1.40560223372e-05, 1.3934265553e-05, 1.04047849163e-05, 2.89699837595e-05],
        "dmean2": [0.000333024276188, 0.00152961665299, 0.00247539998963, 0.00188856688328, 0.00156584440265, 0.000948243192397, 0.000326678535203, 0.000830019125715, 0.00121833570302, 0.0006813351647, 0.000903606414795, 0.000810879340861, 0.00184831081424, 0.000647300679702, 0.000252727098996, 0.000172747953911, 0.000130310261738, 4.86063108838e-05, 5.46883820789e-05, 3.04624973069e-05, 2.30885070778e-05, 1.51848935275e-05, 1.41765167427e-05, 2.00834128918e-05, 1.92684437934e-05, 1.5674113456e-05, 4.61010349682e-05],
        "dvar": [1.87433442989e-07, 1.97955205294e-06, 7.00423970557e-06, 4.26010456067e-06, 2.95427707897e-06, 1.53397672875e-06, 1.73550134264e-07, 1.83801489584e-06, 4.66607525595e-06, 9.40316112974e-07, 6.1281998569e-06, 2.50415860137e-06, 4.57318346889e-05, 6.48654213364e-06, 7.50963636165e-07, 2.74939026212e-07, 4.61155629239e-08, 1.57478012852e-08, 6.88440682239e-09, 2.15885798127e-09, 1.28168853308e-09, 5.86980630768e-10, 4.51081505481e-10, 7.76817554726e-10, 7.62860885573e-10, 1.10218478788e-09, 2.00579215459e-08],
        "dvar2": [5.19106663432e-07, 5.45495640836e-06, 1.71046576725e-05, 1.09226530185e-05, 7.22777622286e-06, 4.54047676612e-06, 3.16941765277e-07, 2.70053556051e-06, 1.11468825708e-05, 2.4622172532e-06, 1.20984577734e-05, 5.7924153225e-06, 9.12465911824e-05, 1.01397090475e-05, 1.2946275092e-06, 4.89271712922e-07, 1.1545360934e-07, 4.37254570329e-08, 1.7236116534e-08, 4.95739715944e-09, 2.96466073912e-09, 1.19557475031e-09, 9.0699875388e-10, 1.5724532787e-09, 1.36533784278e-09, 2.85295409519e-09, 5.03702253241e-08],
        "max": [0.00655287550762, 0.0195688791573, 0.0426777303219, 0.0360336229205, 0.0344238914549, 0.0178546309471, 0.0227831285447, 0.0415727905929, 0.0377357713878, 0.0210023429245, 0.0605875588953, 0.0584599561989, 0.171583786607, 0.0738926231861, 0.0349448919296, 0.0231193415821, 0.00946905277669, 0.00691382633522, 0.00142728630453, 0.00126703397837, 0.000682869576849, 0.000722745317034, 0.000843591289595, 0.000381751451641, 0.000350899674231, 0.000542528810911, 0.00227696774527],
        "mean": [0.000364878447726, 0.00277102808468, 0.00319932750426, 0.00256984657608, 0.00243450282142, 0.00119076867122, 0.000606891117059, 0.00211801705882, 0.00184901629109, 0.000885140558239, 0.00125422305427, 0.00122021790594, 0.00235085259192, 0.00108134152833, 0.000311015290208, 0.000211183607462, 0.000131339707877, 5.76391139475e-05, 6.69598957757e-05, 4.17627124989e-05, 3.01206819131e-05, 2.03323597816e-05, 1.8262755475e-05, 2.24887935474e-05, 2.09349364013e-05, 1.36541411848e-05, 2.94881829177e-05],
        "median": [0.000197459710762, 0.0021560692694, 0.00117917335592, 0.000975957023911, 0.0012405909365, 0.000536893145181, 0.00028363725869, 0.000437374284957, 0.000298637081869, 0.000386842293665, 0.000332293158863, 0.000503466464579, 0.000125991180539, 0.000102149962913, 7.69958278397e-05, 7.34175555408e-05, 4.34178800788e-05, 2.33055416174e-05, 1.96662040253e-05, 1.02854519355e-05, 5.32354806637e-06, 1.67922678429e-06, 1.15218381325e-06, 1.30760270167e-06, 9.22331651054e-07, 3.68429141417e-07, 3.85919065593e-08],
        "min": [7.74970888921e-25, 2.39453126867e-24, 2.42627779251e-25, 8.74630793217e-25, 8.42675733998e-24, 6.38524803171e-24, 6.68617125135e-24, 9.12456791952e-24, 1.39016949914e-23, 1.64310339113e-23, 1.05754227526e-23, 2.46983545737e-23, 1.25381370838e-23, 4.54435977781e-23, 4.69660015065e-23, 4.96243933373e-23, 5.62550721683e-23, 8.36878111215e-23, 1.2138027306e-22, 2.11084675818e-22, 2.66970346513e-22, 3.48291934639e-22, 4.29536504698e-22, 6.41247132178e-22, 8.92770521937e-22, 1.290697509e-21, 1.84164775971e-21],
        "var": [2.61359758724e-07, 8.90735827852e-06, 3.03327669826e-05, 1.47068440128e-05, 1.15405173347e-05, 3.45606804331e-06, 9.47838941556e-07, 1.86822071555e-05, 1.6665801013e-05, 1.79307596682e-06, 1.56870355568e-05, 5.9982703533e-06, 9.79091273621e-05, 2.23619081225e-05, 1.61171294621e-06, 5.5160961665e-07, 7.55021645205e-08, 1.59558677382e-08, 1.47129197714e-08, 6.00973137921e-09, 3.25257598632e-09, 2.11376560699e-09, 1.89085769264e-09, 1.88338611373e-09, 1.70384673037e-09, 1.58118429461e-09, 2.23803073851e-08]
    },
    "erbbands": {
        "dmean": [0.0181813519448, 0.262696444988, 1.56382107735, 2.48052883148, 5.01699018478, 2.2835214138, 2.37264966965, 5.6521191597, 3.02808189392, 12.1660547256, 8.50160884857, 20.7193031311, 16.3025226593, 7.65979480743, 30.6432933807, 27.6350955963, 65.0707855225, 31.6108531952, 9.85977458954, 9.72043323517, 4.63801813126, 3.20825719833, 1.90950000286, 1.79612243176, 1.47018611431, 1.0039383173, 0.854175329208, 0.47602647543, 0.399337768555, 0.323919475079, 0.290553122759, 0.292233169079, 0.229317694902, 0.165215969086, 0.101035989821, 0.0575867593288, 0.0154622755945, 0.00170878751669, 0.00127860892098, 0.000802196445875],
        "dmean2": [0.0304968878627, 0.421306788921, 2.41094756126, 3.96117639542, 8.05286312103, 3.61029314995, 3.86960673332, 9.63308525085, 3.85206794739, 16.6581840515, 12.3170022964, 32.4569015503, 25.5628261566, 12.1213264465, 44.7747955322, 39.7355232239, 88.0031967163, 41.258354187, 13.3940591812, 14.8759250641, 6.78172922134, 5.21622180939, 3.05282831192, 2.88682341576, 2.24868154526, 1.49365234375, 1.23714804649, 0.686394810677, 0.555779993534, 0.443603724241, 0.410025089979, 0.438502937555, 0.330442339182, 0.232136622071, 0.144120231271, 0.0849758461118, 0.0235961545259, 0.00264452607371, 0.00197784299962, 0.00126601883676],
        "dvar": [0.00120844470803, 0.156368270516, 6.90875148773, 16.0284729004, 89.8404693604, 12.9001121521, 17.7917346954, 166.903366089, 33.2669944763, 731.810791016, 335.189880371, 3534.99023438, 1383.12451172, 470.025909424, 15531.1992188, 6279.99365234, 103723.007812, 18801.5136719, 3009.01928711, 988.218200684, 309.295349121, 78.9390411377, 50.4614944458, 16.7404460907, 13.7052545547, 5.36389541626, 4.2906165123, 1.04551661015, 0.75710195303, 0.47975820303, 0.360907077789, 0.369669079781, 0.224513024092, 0.128687545657, 0.0420714616776, 0.0255807284266, 0.00278612296097, 4.76083259855e-05, 3.71482092305e-05, 1.57832819241e-05],
        "dvar2": [0.00323740462773, 0.425913393497, 15.6442260742, 41.925453186, 233.094802856, 33.1642189026, 48.7122688293, 494.141906738, 44.3194694519, 1183.90661621, 636.059814453, 8256.64355469, 3697.87768555, 1156.14160156, 31428.1347656, 13289.9189453, 204987.0625, 30776.8183594, 5104.52587891, 1765.7442627, 565.363342285, 203.567199707, 135.403198242, 44.2193641663, 33.2976875305, 11.9816322327, 9.88225078583, 2.30238890648, 1.58578979969, 0.898054897785, 0.718826174736, 0.84093862772, 0.435138016939, 0.242114216089, 0.090147472918, 0.0653882920742, 0.00718500744551, 0.000129716063384, 9.17903817026e-05, 3.95101124013e-05],
        "max": [0.472609937191, 5.80895709991, 46.4342041016, 56.8095932007, 174.633483887, 79.5684585571, 67.9672088623, 209.740646362, 179.646942139, 774.317993164, 580.27355957, 1046.44726562, 801.49621582, 678.452392578, 3302.44189453, 2974.22387695, 8861.9140625, 3828.57910156, 2099.76000977, 1322.99816895, 779.782836914, 292.128295898, 365.75302124, 87.5321426392, 79.8179168701, 86.7735214233, 39.1941299438, 23.9657230377, 29.8246440887, 16.7426948547, 25.5002918243, 14.2661952972, 5.10173177719, 4.26686382294, 2.58345985413, 2.40267515182, 0.878107249737, 0.104612186551, 0.0850013941526, 0.061288703233],
        "mean": [0.0677641928196, 0.701830983162, 3.40983223915, 6.03218650818, 10.6964321136, 6.06124067307, 5.89318227768, 11.1806468964, 9.51486492157, 37.5469169617, 27.5219154358, 52.0058135986, 31.7163848877, 18.6525974274, 68.7969436646, 62.0611228943, 116.153038025, 69.5371170044, 21.1032028198, 18.4319019318, 9.27273750305, 5.61608695984, 3.84817767143, 3.58179068565, 2.84474039078, 2.0596241951, 1.70684206486, 0.93476331234, 0.722752213478, 0.556637227535, 0.527566373348, 0.491278201342, 0.357826858759, 0.232162669301, 0.147630378604, 0.0790283456445, 0.0198905710131, 0.00210681045428, 0.00131519546267, 0.000827400013804],
        "median": [0.0470945499837, 0.505323827267, 1.33459496498, 2.99431562424, 4.85633468628, 3.3561000824, 2.69966077805, 4.89896011353, 4.56722927094, 7.46538639069, 8.82507705688, 8.79121398926, 13.1615581512, 9.79052734375, 20.8837833405, 25.0950012207, 10.1457805634, 7.4615316391, 4.34123182297, 6.2130355835, 3.81309223175, 2.04440402985, 1.64067196846, 1.30120003223, 0.734112501144, 0.538019776344, 0.309933304787, 0.139204949141, 0.0631708800793, 0.0426868312061, 0.0338849499822, 0.0289249215275, 0.0175765193999, 0.00893579795957, 0.00627756910399, 0.00221032183617, 0.000590262701735, 8.89060975169e-05, 2.08569617826e-05, 2.60797987721e-05],
        "min": [8.41109876655e-23, 3.64731164815e-22, 9.4404956049e-22, 4.1005257435e-21, 7.41695535214e-21, 2.96615206187e-20, 5.03211771355e-20, 6.07531072696e-20, 1.23761987768e-19, 1.07872022685e-19, 2.78536786159e-19, 3.29062916678e-19, 4.31053743369e-19, 6.57835854853e-19, 7.80440668643e-19, 9.41552704502e-19, 8.08197179386e-19, 1.95651892914e-18, 2.94983711336e-18, 3.45227344167e-18, 3.22724867539e-18, 3.03880928043e-18, 4.41248951214e-18, 6.03474992562e-18, 7.20239476958e-18, 9.40731417551e-18, 1.03655185427e-17, 9.69580251312e-18, 1.16489876976e-17, 1.11831692074e-17, 1.15442112109e-17, 1.20521348486e-17, 9.68897579153e-18, 9.00278149694e-18, 6.22999846459e-18, 4.38729524504e-18, 2.34304491975e-18, 9.7348301352e-19, 2.45654909244e-19, 2.62942040543e-20],
        "var": [0.00610636407509, 0.631587803364, 34.3886146545, 64.7541046143, 223.7215271, 62.1531524658, 60.9105834961, 353.671203613, 203.494613647, 5977.33642578, 2365.22363281, 13149.6337891, 2334.97875977, 1042.58520508, 39373.1914062, 15406.0693359, 226234.921875, 65182.2460938, 7130.37158203, 2386.48535156, 638.257751465, 124.569107056, 60.7677879333, 35.369342804, 28.5712604523, 14.5000276566, 10.7551631927, 3.30611109734, 2.59608149529, 1.50860667229, 1.53565013409, 0.985837221146, 0.486051172018, 0.246025443077, 0.0844226181507, 0.0428581088781, 0.0036537151318, 4.74923472211e-05, 4.1466922994e-05, 1.73659282154e-05]
    },
    "gfcc": {
        "mean": [-105.086097717, 135.694259644, -125.991752625, -1.20896100998, -40.4528694153, 10.2797651291, -25.6203308105, 1.46967256069, -22.6502189636, -4.21842479706, -10.4955692291, -9.65240764618, -9.31127643585],
        "cov": [[34382.3554688, 996.155639648, 1266.96643066, 328.08984375, -345.448455811, 1358.45666504, -855.482910156, 638.872009277, -1047.11096191, 453.949768066, -593.239929199, 296.566467285, -381.469940186], [996.155639648, 3379.58325195, -1071.06188965, -906.26361084, 315.321990967, -817.697937012, -35.4366836548, -298.443481445, 89.5434799194, -273.55291748, -10.4018068314, -192.009872437, 80.4750366211], [1266.96643066, -1071.06188965, 1190.95825195, 319.361175537, 77.2951049805, 464.347381592, -8.721159935, 218.246429443, -126.318916321, 130.789138794, -41.4191169739, 125.235122681, -68.1516723633], [328.08984375, -906.26361084, 319.361175537, 1144.61108398, -16.6523551941, 368.757843018, -7.67746448517, -26.6103916168, -237.063674927, 17.6978664398, -1.46542620659, 196.978485107, 85.4767913818], [-345.448455811, 315.321990967, 77.2951049805, -16.6523551941, 367.386260986, 66.2702941895, 76.7334747314, -66.3209457397, -11.2468309402, -0.200340986252, 52.0101203918, 8.07880306244, 16.9968185425], [1358.45666504, -817.697937012, 464.347381592, 368.757843018, 66.2702941895, 567.34942627, 14.0281705856, 99.7259597778, -155.744995117, 127.691413879, -12.1160459518, 96.7652206421, -46.063709259], [-855.482910156, -35.4366836548, -8.721159935, -7.67746448517, 76.7334747314, 14.0281705856, 167.205322266, 16.1929721832, 47.9081497192, -5.24449396133, 46.9895019531, -10.3688316345, 5.88079786301], [638.872009277, -298.443481445, 218.246429443, -26.6103916168, -66.3209457397, 99.7259597778, 16.1929721832, 201.067703247, 38.7645339966, 66.0975570679, -37.4992637634, 1.56173348427, -39.3842544556], [-1047.11096191, 89.5434799194, -126.318916321, -237.063674927, -11.2468309402, -155.744995117, 47.9081497192, 38.7645339966, 200.217575073, 19.1815738678, 26.7063293457, -79.821975708, -14.8080854416], [453.949768066, -273.55291748, 130.789138794, 17.6978664398, -0.200340986252, 127.691413879, -5.24449396133, 66.0975570679, 19.1815738678, 143.552215576, 23.4502048492, 9.99119949341, -41.2865600586], [-593.239929199, -10.4018068314, -41.4191169739, -1.46542620659, 52.0101203918, -12.1160459518, 46.9895019531, -37.4992637634, 26.7063293457, 23.4502048492, 120.364212036, 31.0512638092, 10.1525640488], [296.566467285, -192.009872437, 125.235122681, 196.978485107, 8.07880306244, 96.7652206421, -10.3688316345, 1.56173348427, -79.821975708, 9.99119949341, 31.0512638092, 139.583587646, 52.205532074], [-381.469940186, 80.4750366211, -68.1516723633, 85.4767913818, 16.9968185425, -46.063709259, 5.88079786301, -39.3842544556, -14.8080854416, -41.2865600586, 10.1525640488, 52.205532074, 110.50138092]],
        "icov": [[5.95640813117e-05, -0.000107979351014, -1.40480751725e-05, -3.85207044928e-07, 9.95336813503e-05, -0.000146522885188, 0.000162817494129, -0.000189517770195, 0.000219730864046, -0.000161220450536, 9.227044211e-05, -8.09776247479e-05, 0.000122285113321], [-0.000107979351014, 0.00111732073128, 0.000572249991819, 0.00043542185449, -0.00140489300247, 0.00131470465567, 4.81280731037e-05, -2.34072667809e-05, 0.000771731138229, 0.000509707431775, 0.000159201852512, 0.000283296569251, -0.000271725351922], [-1.40480751725e-05, 0.000572249991819, 0.00195619324222, 9.99706680886e-05, -0.00140020123217, 5.4845095292e-05, 0.000508743571118, -0.0016939061461, 0.000772022583988, 0.000225837822654, 0.00050621968694, -0.000997225870378, 0.000883787346538], [-3.85207044928e-07, 0.00043542185449, 9.99706680886e-05, 0.00176348851528, -5.34278951818e-05, -0.000288043927867, -0.000304770743242, 0.000549327058252, 0.00123722548597, 6.19948405074e-05, 0.000383494887501, -0.00082046026364, -0.000979401636869], [9.95336813503e-05, -0.00140489300247, -0.00140020123217, -5.34278951818e-05, 0.00572621915489, -0.00243054516613, -0.0019143212121, 0.00247388170101, -0.00114527670667, -0.000702981953509, -0.000926211941987, 0.0002834405459, -0.00083081133198], [-0.000146522885188, 0.00131470465567, 5.4845095292e-05, -0.000288043927867, -0.00243054516613, 0.00646660849452, -0.00130054878537, -0.0010953200981, 0.00395181961358, -0.00271922093816, 0.000858646002598, -6.21968792984e-05, 0.00100580160506], [0.000162817494129, 4.81280731037e-05, 0.000508743571118, -0.000304770743242, -0.0019143212121, -0.00130054878537, 0.00974362622947, -0.00327759236097, -0.00117283698637, 0.00271981535479, -0.00379842659459, 0.0015977442963, -0.000404701830121], [-0.000189517770195, -2.34072667809e-05, -0.0016939061461, 0.000549327058252, 0.00247388170101, -0.0010953200981, -0.00327759236097, 0.0117150666192, -0.00493216933683, -0.00216606934555, 0.00435050297529, -0.00255440943874, 0.00074272841448], [0.000219730864046, 0.000771731138229, 0.000772022583988, 0.00123722548597, -0.00114527670667, 0.00395181961358, -0.00117283698637, -0.00493216933683, 0.0147259747609, -0.00387308560312, -0.00250667287037, 0.00544442422688, -0.00197189999744], [-0.000161220450536, 0.000509707431775, 0.000225837822654, 6.19948405074e-05, -0.000702981953509, -0.00271922093816, 0.00271981535479, -0.00216606934555, -0.00387308560312, 0.0136398831382, -0.0043235369958, -0.000176163797732, 0.00227908976376], [9.227044211e-05, 0.000159201852512, 0.00050621968694, 0.000383494887501, -0.000926211941987, 0.000858646002598, -0.00379842659459, 0.00435050297529, -0.00250667287037, -0.0043235369958, 0.0153575595468, -0.0073508983478, 0.00258183688857], [-8.09776247479e-05, 0.000283296569251, -0.000997225870378, -0.00082046026364, 0.0002834405459, -6.21968792984e-05, 0.0015977442963, -0.00255440943874, 0.00544442422688, -0.000176163797732, -0.0073508983478, 0.017958862707, -0.00867660157382], [0.000122285113321, -0.000271725351922, 0.000883787346538, -0.000979401636869, -0.00083081133198, 0.00100580160506, -0.000404701830121, 0.00074272841448, -0.00197189999744, 0.00227908976376, 0.00258183688857, -0.00867660157382, 0.0162549726665]]
    },
    "melbands": {
        "dmean": [0.000202435126994, 0.000634444644675, 0.000510110286996, 0.000254050770309, 8.60101208673e-05, 0.000119955628179, 4.37540911662e-05, 0.000146142687299, 7.76403467171e-05, 0.000125784994452, 7.88804754848e-05, 2.93329958367e-05, 8.66359987413e-05, 7.96775566414e-05, 9.73696587607e-05, 0.000124894737382, 6.05841269135e-05, 1.75415862032e-05, 9.93260800897e-06, 1.38406667247e-05, 4.5639549171e-06, 3.47013406099e-06, 3.49940000888e-06, 1.32006550757e-06, 1.58419254603e-06, 1.38706400321e-06, 8.39583776724e-07, 6.26265773462e-07, 5.93777770064e-07, 4.13346754158e-07, 2.72760530606e-07, 2.41669397383e-07, 2.10977276538e-07, 1.73438323259e-07, 1.62503411616e-07, 2.0989826055e-07, 1.8782418465e-07, 1.68782932519e-07, 1.66210270436e-07, 1.36097739301e-07],
        "dmean2": [0.000334857817506, 0.000987867242657, 0.000815244100522, 0.000406129576731, 0.000137904076837, 0.000201760121854, 5.66588205402e-05, 0.000196294247871, 0.000116358074592, 0.000198122055735, 0.000123991208966, 4.71722560178e-05, 0.000128314146423, 0.000117304851301, 0.000136022325023, 0.000167304257047, 7.74625077611e-05, 2.37002841459e-05, 1.52113389049e-05, 2.04864227271e-05, 7.00394048181e-06, 5.64892616239e-06, 5.83951305089e-06, 2.10048369809e-06, 2.58781801676e-06, 2.16524313146e-06, 1.28525050513e-06, 9.4666535233e-07, 8.65477886691e-07, 6.34834862012e-07, 4.00723990879e-07, 3.5137347254e-07, 2.87736639848e-07, 2.4816179689e-07, 2.30462390505e-07, 3.27902398567e-07, 2.83735346329e-07, 2.47887840032e-07, 2.48349863341e-07, 1.99870001438e-07],
        "dvar": [1.04869151585e-07, 1.05965386865e-06, 7.1438859095e-07, 2.06177801942e-07, 2.01826804158e-08, 7.10880883048e-08, 7.10521419478e-09, 1.05826714503e-07, 3.07063778848e-08, 1.31235296408e-07, 3.32972227568e-08, 7.18306747416e-09, 1.22053535279e-07, 5.38440190212e-08, 2.25682200039e-07, 4.60054110363e-07, 8.84126620804e-08, 7.98242538735e-09, 1.67731772915e-09, 2.77706324603e-09, 2.00420610663e-10, 8.716055655e-11, 2.32524693944e-10, 8.36691306516e-12, 1.39459372869e-11, 1.5858850691e-11, 3.69523292174e-12, 2.3059297527e-12, 2.42823426297e-12, 8.87859284791e-13, 3.89926562176e-13, 3.00077887885e-13, 2.03796601448e-13, 1.4511913264e-13, 1.14220725976e-13, 2.28673932004e-13, 1.82842429348e-13, 1.2496830014e-13, 1.3400927232e-13, 9.78017105778e-14],
        "dvar2": [2.82925213924e-07, 2.49563231591e-06, 1.87850980637e-06, 5.29258727511e-07, 5.23543093323e-08, 2.0931217648e-07, 9.76890746074e-09, 1.63963164823e-07, 6.76003395483e-08, 3.06754003532e-07, 8.89352449462e-08, 1.80802022243e-08, 2.48674751901e-07, 1.18275103489e-07, 4.40359428922e-07, 9.32744171678e-07, 1.37078330908e-07, 1.37054962934e-08, 2.95271873618e-09, 4.91348961518e-09, 4.06793709828e-10, 2.14752743366e-10, 6.42281283714e-10, 1.97013915598e-11, 3.7624972582e-11, 3.91899186714e-11, 9.18792646132e-12, 5.18671086983e-12, 5.56062574458e-12, 2.20009514079e-12, 8.86590659829e-13, 6.72437040945e-13, 3.86412662935e-13, 2.94983709768e-13, 2.23186974544e-13, 5.66365259812e-13, 4.28856792743e-13, 2.63671896816e-13, 2.63558082693e-13, 1.96107100827e-13],
        "max": [0.00423446530476, 0.0181774124503, 0.0124070364982, 0.00829372834414, 0.00311025977135, 0.00412145163864, 0.00251098023728, 0.00971308164299, 0.00425304565579, 0.00575997913256, 0.00397239485756, 0.002966534812, 0.00901200994849, 0.00633269362152, 0.0149809774011, 0.0147079518065, 0.00879376102239, 0.00303983013146, 0.00144294055644, 0.00205503264442, 0.000534012389835, 0.000440889503807, 0.000837108236738, 7.43143100408e-05, 7.65438235248e-05, 7.8010125435e-05, 3.51397757186e-05, 6.02719337621e-05, 2.81659940811e-05, 1.56597652676e-05, 1.79640155693e-05, 2.01222246687e-05, 1.14907697935e-05, 9.69356642599e-06, 1.15235934572e-05, 1.77985057235e-05, 1.00503248177e-05, 4.2386595851e-06, 4.04596767112e-06, 4.27916120316e-06],
        "mean": [0.000692563131452, 0.00148925988469, 0.00126987509429, 0.000616802717559, 0.000223439288675, 0.000245339149842, 0.000131469802, 0.000459388655145, 0.000229077224503, 0.00030706753023, 0.000147327722516, 6.51766531519e-05, 0.000184420874575, 0.000190890219528, 0.000185383876669, 0.000214632265852, 0.000130724511109, 3.61077982234e-05, 1.83085430763e-05, 2.56339117186e-05, 8.33130707178e-06, 5.80891492064e-06, 5.32810554432e-06, 2.84945281237e-06, 2.87933357868e-06, 2.43385329668e-06, 1.52482198246e-06, 1.26539453049e-06, 1.20408185467e-06, 6.98412463862e-07, 4.95585311455e-07, 4.23382175541e-07, 3.45137465274e-07, 2.86055012566e-07, 2.81846581629e-07, 3.442473826e-07, 2.89208429649e-07, 2.55440198771e-07, 2.32953524915e-07, 1.80832756769e-07],
        "median": [0.000540565233678, 0.000809467746876, 0.000678970536683, 0.00033231038833, 0.000115154587547, 0.000110300577944, 6.10502756899e-05, 8.30456556287e-05, 7.23308330635e-05, 5.01379035995e-05, 6.02567342867e-05, 2.98422946798e-05, 5.27123484062e-05, 7.82511779107e-05, 3.4999113268e-05, 1.10020882857e-05, 1.14468821266e-05, 6.05763852946e-06, 5.32602098247e-06, 8.13885162643e-06, 3.40439510182e-06, 2.0186726033e-06, 1.55894872478e-06, 1.10264363684e-06, 9.73820306172e-07, 5.26500173237e-07, 3.89926412936e-07, 3.18794150189e-07, 1.9477452895e-07, 1.26405595324e-07, 5.84244652657e-08, 3.61015679573e-08, 2.44807321081e-08, 2.05497130423e-08, 1.76420869025e-08, 1.89202644663e-08, 1.48788075194e-08, 1.21992798086e-08, 9.25214660441e-09, 6.08724537443e-09],
        "min": [1.25611603837e-24, 6.31794754687e-25, 8.38080500896e-25, 1.03366465867e-24, 1.67243540895e-24, 1.35315233921e-24, 1.88856042002e-24, 1.40353856156e-24, 2.40628569059e-24, 1.84906116842e-24, 2.17940377222e-24, 2.20182734067e-24, 1.79489541486e-24, 2.25950115867e-24, 2.24971080319e-24, 1.74562631817e-24, 3.04911976479e-24, 3.17126679014e-24, 3.99955161074e-24, 3.33165463673e-24, 3.26607189651e-24, 3.174352814e-24, 2.30194305866e-24, 3.91845828741e-24, 4.18991991882e-24, 2.92071569195e-24, 5.73930387339e-24, 5.73586246769e-24, 5.7733463769e-24, 5.46671535418e-24, 4.85913350168e-24, 5.44210841596e-24, 4.70398191657e-24, 5.57419765251e-24, 5.62583214863e-24, 6.36426906479e-24, 5.70165351454e-24, 5.55162084784e-24, 6.01078207089e-24, 6.51465829663e-24],
        "var": [5.44771182831e-07, 5.02952934767e-06, 2.60239903582e-06, 6.83212078911e-07, 8.44237035835e-08, 1.57151234248e-07, 4.22728838601e-08, 9.23388085994e-07, 1.62247843605e-07, 4.76436952113e-07, 5.36757021052e-08, 1.51057353293e-08, 3.03969017068e-07, 1.3960074341e-07, 5.08775144681e-07, 9.34870172387e-07, 3.12995467766e-07, 1.98056486767e-08, 3.68417629737e-09, 5.98566041177e-09, 3.95718541268e-10, 1.48652021248e-10, 2.25164817347e-10, 2.24163413526e-11, 2.59424634552e-11, 2.7114527637e-11, 7.64455165836e-12, 6.09805175106e-12, 6.41734278564e-12, 1.6468312174e-12, 1.21299606644e-12, 9.61027806813e-13, 5.8310257664e-13, 4.23801022487e-13, 4.00691253181e-13, 6.90414739268e-13, 3.72712115077e-13, 2.5742307049e-13, 2.44056646637e-13, 1.68979806818e-13]
    },
    "mfcc": {
        "mean": [-735.567138672, 168.166519165, -13.6578359604, -0.0604104176164, 3.77141499519, 3.78064155579, 7.36917448044, 2.64522981644, -0.365116387606, 1.3410731554, -3.36929559708, 3.41274571419, -0.530714571476],
        "cov": [[17470.5722656, 1533.41992188, 314.381256104, 978.102478027, 346.264923096, 692.980957031, 645.961547852, 194.973983765, -1.11087143421, 31.0039615631, -154.868240356, 53.9404525757, -23.4644203186], [1533.41992188, 2537.83813477, -596.327026367, -22.7115783691, 95.0380630493, -100.448677063, -13.995472908, -64.3228683472, -38.7952308655, -91.3899993896, -37.0502586365, 32.8046989441, -57.9462738037], [314.381256104, -596.327026367, 541.571411133, 12.5991067886, 17.2815704346, 73.8587646484, 54.6152572632, 65.1856002808, 29.0446357727, 33.533531189, -11.061747551, 9.77591133118, 37.0520477295], [978.102478027, -22.7115783691, 12.5991067886, 507.204986572, 127.26751709, 105.271873474, 120.213195801, 36.6835289001, -19.7702255249, -109.061752319, -109.654464722, -81.1074142456, 39.7875289917], [346.264923096, 95.0380630493, 17.2815704346, 127.26751709, 205.572280884, 125.919029236, 91.855506897, 16.9085102081, -24.0501804352, -51.065120697, -44.8345222473, -38.8447608948, 12.1786365509], [692.980957031, -100.448677063, 73.8587646484, 105.271873474, 125.919029236, 268.459350586, 171.977386475, 39.1907348633, -13.2809276581, -19.461435318, 0.0843561738729, -32.6653022766, 28.0946025848], [645.961547852, -13.995472908, 54.6152572632, 120.213195801, 91.855506897, 171.977386475, 202.663909912, 59.6538772583, -11.046002388, -37.9844055176, -16.2849655151, -18.4472408295, 23.6962661743], [194.973983765, -64.3228683472, 65.1856002808, 36.6835289001, 16.9085102081, 39.1907348633, 59.6538772583, 104.994033813, 28.8460102081, 5.58603429794, -16.5057373047, 8.40657997131, 17.3121337891], [-1.11087143421, -38.7952308655, 29.0446357727, -19.7702255249, -24.0501804352, -13.2809276581, -11.046002388, 28.8460102081, 103.876815796, 53.1573944092, 12.1898212433, -7.13572502136, 7.80904960632], [31.0039615631, -91.3899993896, 33.533531189, -109.061752319, -51.065120697, -19.461435318, -37.9844055176, 5.58603429794, 53.1573944092, 181.308151245, 72.3575515747, 62.4066085815, -36.7574157715], [-154.868240356, -37.0502586365, -11.061747551, -109.654464722, -44.8345222473, 0.0843561738729, -16.2849655151, -16.5057373047, 12.1898212433, 72.3575515747, 153.897415161, 60.045173645, -10.7470960617], [53.9404525757, 32.8046989441, 9.77591133118, -81.1074142456, -38.8447608948, -32.6653022766, -18.4472408295, 8.40657997131, -7.13572502136, 62.4066085815, 60.045173645, 156.066986084, 13.489025116], [-23.4644203186, -57.9462738037, 37.0520477295, 39.7875289917, 12.1786365509, 28.0946025848, 23.6962661743, 17.3121337891, 7.80904960632, -36.7574157715, -10.7470960617, 13.489025116, 123.28553772]],
