{
"lowlevel": {
    "average_loudness": 0.0468830913305,
    "barkbands_crest": {
        "dmean": 1.67624688148,
        "dmean2": 2.55727648735,
        "dvar": 2.40583133698,
        "dvar2": 6.28270864487,
        "max": 26.3829536438,
        "mean": 10.8119220734,
        "median": 10.0160150528,
        "min": 2.52778482437,
        "var": 18.8103752136
    },
    "barkbands_flatness_db": {
        "dmean": 0.0118293706328,
        "dmean2": 0.0178709886968,
        "dvar": 0.000110174092697,
        "dvar2": 0.000259064225247,
        "max": 0.440870642662,
        "mean": 0.2155277282,
        "median": 0.204999879003,
        "min": 0.0361288525164,
        "var": 0.00589757831767
    },
    "barkbands_kurtosis": {
        "dmean": 1.58862638474,
        "dmean2": 2.38244438171,
        "dvar": 6.54164743423,
        "dvar2": 14.4348325729,
        "max": 109.898620605,
        "mean": 3.85164928436,
        "median": 2.02108240128,
        "min": -1.88438737392,
        "var": 37.3472328186
    },
    "barkbands_skewness": {
        "dmean": 0.331871390343,
        "dmean2": 0.494026482105,
        "dvar": 0.0951924920082,
        "dvar2": 0.228334650397,
        "max": 9.22639465332,
        "mean": 1.33974683285,
        "median": 1.22114861012,
        "min": -5.13121318817,
        "var": 0.968911528587
    },
    "barkbands_spread": {
        "dmean": 2.02420687675,
        "dmean2": 3.07203912735,
        "dvar": 7.61267185211,
        "dvar2": 17.6828708649,
        "max": 102.429191589,
        "mean": 12.6497850418,
        "median": 9.88955497742,
        "min": 0.683591544628,
        "var": 126.262908936
    },
    "dissonance": {
        "dmean": 0.0268957372755,
        "dmean2": 0.0448623411357,
        "dvar": 0.0005747533869,
        "dvar2": 0.00160761363804,
        "max": 0.499999910593,
        "mean": 0.415856331587,
        "median": 0.421164005995,
        "min": 0.216160580516,
        "var": 0.00213764514774
    },
    "dynamic_complexity": 7.96033000946,
    "erbbands_crest": {
        "dmean": 2.33046841621,
        "dmean2": 3.50559663773,
        "dvar": 4.99275350571,
        "dvar2": 12.5506534576,
        "max": 31.8600482941,
        "mean": 11.730969429,
        "median": 10.9059820175,
        "min": 2.81157851219,
        "var": 22.401556015
    },
    "erbbands_flatness_db": {
        "dmean": 0.0107910241932,
        "dmean2": 0.0157226677984,
        "dvar": 9.684862016e-05,
        "dvar2": 0.000219897905481,
        "max": 0.458458960056,
        "mean": 0.245027273893,
        "median": 0.246297851205,
        "min": 0.0490502342582,
        "var": 0.00303754629567
    },
    "erbbands_kurtosis": {
        "dmean": 0.91380161047,
        "dmean2": 1.37813675404,
        "dvar": 2.4234149456,
        "dvar2": 5.5057849884,
        "max": 89.5939559937,
        "mean": 1.24020576477,
        "median": 0.579529047012,
        "min": -1.83367550373,
        "var": 8.7683506012
    },
    "erbbands_skewness": {
        "dmean": 0.271479308605,
        "dmean2": 0.394371390343,
        "dvar": 0.0590226650238,
        "dvar2": 0.128559634089,
        "max": 5.99310112,
        "mean": 0.66113692522,
        "median": 0.613330543041,
        "min": -5.74954414368,
        "var": 0.573717832565
    },
    "erbbands_spread": {
        "dmean": 3.59449934959,
        "dmean2": 5.3669219017,
        "dvar": 14.9268274307,
        "dvar2": 34.452129364,
        "max": 132.593215942,
        "mean": 22.3218593597,
        "median": 19.2941818237,
        "min": 1.29398787022,
        "var": 197.544158936
    },
    "hfc": {
        "dmean": 1.85739839077,
        "dmean2": 2.8070192337,
        "dvar": 23.646150589,
        "dvar2": 56.0165672302,
        "max": 175.74180603,
        "mean": 9.18084907532,
        "median": 2.48095726967,
        "min": 1.1042479351e-16,
        "var": 255.589614868
    },
    "melbands_crest": {
        "dmean": 1.92960298061,
        "dmean2": 2.84786200523,
        "dvar": 3.32769370079,
        "dvar2": 8.47193813324,
        "max": 34.2931365967,
        "mean": 14.6277427673,
        "median": 13.8166723251,
        "min": 1.85258209705,
        "var": 27.9640369415
    },
    "melbands_flatness_db": {
        "dmean": 0.0124008636922,
        "dmean2": 0.0182493943721,
        "dvar": 0.000128715939354,
        "dvar2": 0.000299875624478,
        "max": 0.573625147343,
        "mean": 0.295007437468,
        "median": 0.277236938477,
        "min": 0.00452289450914,
        "var": 0.00981307029724
    },
    "melbands_kurtosis": {
        "dmean": 2.55645751953,
        "dmean2": 3.74545717239,
        "dvar": 13.598487854,
        "dvar2": 30.1194534302,
        "max": 126.989334106,
        "mean": 7.46820688248,
        "median": 4.68032646179,
        "min": -1.95825839043,
        "var": 83.2299118042
    },
    "melbands_skewness": {
        "dmean": 0.368236869574,
        "dmean2": 0.531952023506,
        "dvar": 0.112787999213,
        "dvar2": 0.268066823483,
        "max": 9.71383476257,
        "mean": 1.90329241753,
        "median": 1.74505352974,
        "min": -1.76801741123,
        "var": 1.18187820911
    },
    "melbands_spread": {
        "dmean": 2.64807510376,
        "dmean2": 3.93578386307,
        "dvar": 17.6620368958,
        "dvar2": 39.269115448,
        "max": 300.886016846,
        "mean": 15.9550027847,
        "median": 11.9517641068,
        "min": 0.918742597103,
        "var": 416.438354492
    },
    "pitch_salience": {
        "dmean": 0.0480727888644,
        "dmean2": 0.0745084360242,
        "dvar": 0.0016893184511,
        "dvar2": 0.00427000131458,
        "max": 0.973149895668,
        "mean": 0.509769201279,
        "median": 0.512049913406,
        "min": 0.083239607513,
        "var": 0.00988230202347
    },
    "silence_rate_20dB": {
        "dmean": 0,
        "dmean2": 0,
        "dvar": 0,
        "dvar2": 0,
        "max": 1,
        "mean": 1,
        "median": 1,
        "min": 1,
        "var": 0
    },
    "silence_rate_30dB": {
        "dmean": 0.00436168443412,
        "dmean2": 0.00872409995645,
        "dvar": 0.00434268917888,
        "dvar2": 0.0101580480114,
        "max": 1,
        "mean": 0.993458032608,
        "median": 1,
        "min": 0,
        "var": 0.00649895286188
    },
    "silence_rate_60dB": {
        "dmean": 0.0211373921484,
        "dmean2": 0.0422783307731,
        "dvar": 0.0206879004836,
        "dvar2": 0.0463645458221,
        "max": 1,
        "mean": 0.364253968,
        "median": 0,
        "min": 0,
        "var": 0.231542631984
    },
    "spectral_centroid": {
        "dmean": 91.299407959,
        "dmean2": 140.639877319,
        "dvar": 19372.3632812,
        "dvar2": 43123.3554688,
        "max": 11487.6787109,
        "mean": 856.493225098,
        "median": 737.983642578,
        "min": 166.458465576,
        "var": 416648.3125
    },
    "spectral_complexity": {
        "dmean": 1.25415194035,
        "dmean2": 2.12700271606,
        "dvar": 1.99157035351,
        "dvar2": 5.32271385193,
        "max": 56,
        "mean": 9.89625072479,
        "median": 7,
        "min": 0,
        "var": 69.6919784546
    },
    "spectral_decrease": {
        "dmean": 7.62182650327e-10,
        "dmean2": 1.17205833927e-09,
        "dvar": 2.84329811162e-18,
        "dvar2": 7.29598032972e-18,
        "max": 5.90816805202e-12,
        "mean": -3.95119714725e-09,
        "median": -1.63857438729e-09,
        "min": -3.97322601486e-08,
        "var": 3.12683370532e-17
    },
    "spectral_energy": {
        "dmean": 0.00300705689006,
        "dmean2": 0.00461260182783,
        "dvar": 4.38851820945e-05,
        "dvar2": 0.000111607376311,
        "max": 0.15609882772,
        "mean": 0.0157454740256,
        "median": 0.00646626902744,
        "min": 1.01421430777e-20,
        "var": 0.000502196257003
    },
    "spectral_energyband_high": {
        "dmean": 3.59654404747e-05,
        "dmean2": 5.66166090721e-05,
        "dvar": 3.65830317151e-08,
        "dvar2": 8.51457357953e-08,
        "max": 0.0115445470437,
        "mean": 0.000148148887092,
        "median": 5.33960701432e-06,
        "min": 7.19748591793e-21,
        "var": 3.97478828518e-07
    },
    "spectral_energyband_low": {
        "dmean": 0.00135503604542,
        "dmean2": 0.00220692739822,
        "dvar": 1.89973961824e-05,
        "dvar2": 5.24244969711e-05,
        "max": 0.125461041927,
        "mean": 0.00456379260868,
        "median": 0.00100102252327,
        "min": 3.02899805302e-23,
        "var": 7.68319441704e-05
    },
    "spectral_energyband_middle_high": {
        "dmean": 0.00119922752492,
        "dmean2": 0.0018658664776,
        "dvar": 1.11851059046e-05,
        "dvar2": 2.80167278106e-05,
        "max": 0.073614127934,
        "mean": 0.00348243350163,
        "median": 0.000526036310475,
        "min": 1.18949036566e-21,
        "var": 4.84670163132e-05
    },
    "spectral_energyband_middle_low": {
        "dmean": 0.00178800523281,
        "dmean2": 0.00255221733823,
        "dvar": 1.58297716553e-05,
        "dvar2": 3.65330524801e-05,
        "max": 0.0944123193622,
        "mean": 0.00796426087618,
        "median": 0.00290919863619,
        "min": 2.50340451811e-22,
        "var": 0.000135945228976
    },
    "spectral_entropy": {
        "dmean": 0.084986448288,
        "dmean2": 0.126001313329,
        "dvar": 0.00581820169464,
        "dvar2": 0.0129310702905,
        "max": 9.80980873108,
        "mean": 6.63690137863,
        "median": 6.64780282974,
        "min": 4.55456399918,
        "var": 0.315113574266
    },
    "spectral_flux": {
        "dmean": 0.0077966414392,
        "dmean2": 0.0129716843367,
        "dvar": 0.00013343046885,
        "dvar2": 0.00036511637154,
        "max": 0.291939347982,
        "mean": 0.0359903275967,
        "median": 0.0220488067716,
        "min": 6.61335569641e-11,
        "var": 0.00139231176581
    },
    "spectral_kurtosis": {
        "dmean": 7.0410618782,
        "dmean2": 12.4834794998,
        "dvar": 83.1748886108,
        "dvar2": 258.18347168,
        "max": 125.983428955,
        "mean": 17.0653820038,
        "median": 10.846572876,
        "min": -1.24752092361,
        "var": 312.088470459
    },
    "spectral_rms": {
        "dmean": 0.00028038630262,
        "dmean2": 0.000417090719566,
        "dvar": 1.76337394464e-07,
        "dvar2": 4.49025435501e-07,
        "max": 0.0123406462371,
        "mean": 0.0030862884596,
        "median": 0.00251168361865,
        "min": 3.14559597987e-12,
        "var": 5.83619976169e-06
    },
    "spectral_rolloff": {
        "dmean": 176.922119141,
        "dmean2": 306.86541748,
        "dvar": 282423.46875,
        "dvar2": 685756.875,
        "max": 19013.8183594,
        "mean": 1085.12255859,
        "median": 796.728515625,
        "min": 107.666015625,
        "var": 2466215.5
    },
    "spectral_skewness": {
        "dmean": 0.509658873081,
        "dmean2": 0.896419644356,
        "dvar": 0.299821466208,
        "dvar2": 0.935517072678,
        "max": 9.79113578796,
        "mean": 2.57215237617,
        "median": 2.21149635315,
        "min": -0.423156440258,
        "var": 1.72400772572
    },
    "spectral_spread": {
        "dmean": 219872.953125,
        "dmean2": 361573.5625,
        "dvar": 103703650304,
        "dvar2": 182773841920,
        "max": 42243424,
        "mean": 2588423,
        "median": 2214336.75,
        "min": 622073.5625,
        "var": 4.02526017946e+12
    },
    "spectral_strongpeak": {
        "dmean": 0.309709668159,
        "dmean2": 0.518791139126,
        "dvar": 0.529185652733,
        "dvar2": 1.34403383732,
        "max": 10.9908218384,
        "mean": 0.777155637741,
        "median": 0.403958857059,
        "min": 0,
        "var": 1.12984883785
    },
    "zerocrossingrate": {
        "dmean": 0.0038639830891,
        "dmean2": 0.00487224478275,
        "dvar": 6.32549345028e-05,
        "dvar2": 9.23327170312e-05,
        "max": 0.51513671875,
        "mean": 0.0398480184376,
        "median": 0.0322265625,
        "min": 0.00390625,
        "var": 0.00216410635039
    },
    "barkbands": {
        "dmean": [0.000492418184876, 0.000740672752727, 0.000672897847835, 0.00051203701878, 0.000557465653401, 0.000551269447897, 0.00038741811295, 0.000450941442978, 0.000444237259217, 0.000457469024695, 0.000571040727664, 0.000439768395154, 0.000191858081962, 5.66263479413e-05, 0.000135051712277, 6.44954488962e-05, 0.000106689301901, 6.34078969597e-05, 5.10051868332e-05, 3.06171823468e-05, 1.38049863381e-05, 8.57073155203e-06, 6.71591533319e-06, 4.16815100834e-06, 3.47137279277e-06, 2.17229057853e-06, 3.17386138704e-06],
        "dmean2": [0.000870766176376, 0.00122252316214, 0.00109729031101, 0.000811395177152, 0.000860789092258, 0.000717917107977, 0.000546535127796, 0.000594214478042, 0.000608469068538, 0.000673907517921, 0.000889632210601, 0.000715283560567, 0.000305999506963, 9.28529771045e-05, 0.000220683548832, 0.000105536120827, 0.00017883417604, 0.000107460022264, 8.67953931447e-05, 5.19982859259e-05, 2.29098368436e-05, 1.41527198139e-05, 1.08194653876e-05, 6.3806264734e-06, 5.17288663104e-06, 3.16438604386e-06, 5.01677732245e-06],
        "dvar": [2.90337516162e-06, 7.87673252489e-06, 5.18819933859e-06, 4.1110215534e-06, 3.80351229978e-06, 1.69068243849e-06, 9.79893343356e-07, 2.35847210206e-06, 3.01619024867e-06, 2.86406702799e-06, 4.11006249124e-06, 3.72359613721e-06, 5.83942210142e-07, 3.05959240166e-08, 1.56425642217e-07, 4.12078797751e-08, 1.25515455807e-07, 4.85752948975e-08, 3.81740008493e-08, 1.51291619233e-08, 2.86789414439e-09, 1.84109572032e-09, 2.12663331389e-09, 1.02311259464e-09, 9.07633079805e-10, 1.34201905144e-09, 5.20548182337e-09],
        "dvar2": [8.87020996743e-06, 2.14466290345e-05, 1.48364570123e-05, 1.1411707419e-05, 9.52696154854e-06, 3.53957443622e-06, 1.92823767975e-06, 4.38505139755e-06, 5.80979303777e-06, 6.6266156864e-06, 9.86595750874e-06, 1.01611385617e-05, 1.56674786922e-06, 8.07999853691e-08, 4.22462989036e-07, 1.07053033105e-07, 3.33297180077e-07, 1.37023789648e-07, 1.11613672971e-07, 4.5306340013e-08, 7.61596563592e-09, 5.04647390542e-09, 5.37606315021e-09, 2.22017626506e-09, 2.03781658215e-09, 3.03945357771e-09, 1.26692398794e-08],
        "max": [0.055346570909, 0.0724521055818, 0.0703442841768, 0.0660294294357, 0.0728029683232, 0.0508381426334, 0.045720949769, 0.0614795871079, 0.0689876452088, 0.052776671946, 0.0519323684275, 0.0574649572372, 0.032766032964, 0.00474038952962, 0.0117143495008, 0.00497326953337, 0.0126086538658, 0.00878159888089, 0.00918938778341, 0.00413019163534, 0.00320411939174, 0.0029880006332, 0.004003981594, 0.0023425957188, 0.00141112797428, 0.002182261087, 0.00415896857157],
        "mean": [0.000545917195268, 0.00194690132048, 0.0018032809021, 0.0012680797372, 0.00133325450588, 0.0020744567737, 0.00104033504613, 0.00101040990558, 0.00090121733956, 0.000832474092022, 0.000956835690886, 0.000659344426822, 0.000340629107086, 9.31259710342e-05, 0.000239824337768, 0.000108486165118, 0.000176432615262, 0.00012007694022, 0.000107012499939, 6.87807259965e-05, 3.77615106117e-05, 2.67473114945e-05, 2.44697366725e-05, 1.40144511533e-05, 9.25023687159e-06, 3.25106952914e-06, 3.07493610308e-06],
        "median": [2.90724310616e-05, 0.000314137316309, 0.000189792277524, 0.000169196398929, 0.000203957111808, 0.000687542371452, 0.000270659220405, 0.000131753098685, 8.63151508383e-05, 6.04141750955e-05, 4.61805211671e-05, 4.23770106863e-05, 2.06712902582e-05, 1.00541756183e-05, 3.13467171509e-05, 9.2452064564e-06, 1.89708443941e-05, 1.12186025945e-05, 7.35008507036e-06, 3.85720068152e-06, 1.00412205484e-06, 5.02529189816e-07, 2.02668474003e-07, 9.745626528e-08, 5.50537393451e-08, 8.88952467193e-09, 4.33972591196e-09],
        "min": [1.04683469148e-25, 2.62900518439e-24, 2.29051285857e-24, 2.36332294519e-24, 2.38103843398e-23, 6.58863727789e-24, 1.84136070269e-23, 1.64044698092e-23, 3.40476973641e-23, 1.65655425842e-23, 1.74179888339e-23, 3.82885757253e-23, 2.26199048814e-23, 7.34535651884e-23, 6.06289019909e-23, 4.02037122775e-23, 6.5813971125e-23, 8.54405780114e-23, 1.90359759982e-22, 2.5810804329e-22, 3.93580805239e-22, 4.04394182362e-22, 4.2607899677e-22, 7.25786818414e-22, 9.57778618005e-22, 1.45404356663e-21, 2.0953795561e-21],
        "var": [3.5934360767e-06, 2.49184486165e-05, 1.12262487164e-05, 1.26176619233e-05, 1.00717879832e-05, 1.39316043715e-05, 6.0104334807e-06, 7.66494304116e-06, 9.27249129745e-06, 6.51203799862e-06, 9.07179946807e-06, 5.90997933614e-06, 1.57079830387e-06, 6.65615189632e-08, 3.37130956041e-07, 8.28296649047e-08, 2.42786597937e-07, 1.18967122376e-07, 1.1501202124e-07, 5.09964728224e-08, 2.18775326744e-08, 1.72733560788e-08, 2.39082957876e-08, 7.78870123952e-09, 3.01062441643e-09, 1.6090826449e-09, 4.4370480623e-09]
    },
    "erbbands": {
        "dmean": [0.0206587687135, 0.18263143301, 0.70325088501, 1.16036379337, 2.04274964333, 1.82285249233, 1.90638554096, 5.72447729111, 5.37313079834, 5.57703208923, 10.5721731186, 12.6327590942, 11.2013664246, 22.3555297852, 17.23960495, 21.6621589661, 9.14409923553, 4.33825016022, 6.43691301346, 3.84042930603, 4.434217453, 3.71094202995, 3.90469026566, 2.04452586174, 2.84928607941, 1.16378486156, 0.804826676846, 0.32669493556, 0.360130310059, 0.183698043227, 0.207267999649, 0.102716118097, 0.0739998221397, 0.0467534177005, 0.0220248606056, 0.00683331442997, 0.00385312479921, 0.00281570199877, 0.00046153346193, 3.72126560251e-05],
        "dmean2": [0.0344408042729, 0.301887273788, 1.15105021, 1.88906443119, 3.14203500748, 2.76521778107, 2.84695243835, 7.380879879, 7.15063762665, 7.51567029953, 14.226477623, 17.1591300964, 15.7323484421, 34.2035865784, 26.7976608276, 35.4402236938, 14.6186256409, 6.92113447189, 10.4748506546, 6.27414083481, 7.31047058105, 6.13761043549, 6.64612865448, 3.45814633369, 4.84443426132, 1.97192418575, 1.3655860424, 0.543295681477, 0.599796950817, 0.293458133936, 0.332155019045, 0.163202568889, 0.115941718221, 0.0691455751657, 0.0328411236405, 0.00956140179187, 0.00540258781984, 0.00444755610079, 0.000746627338231, 5.82351640332e-05],
        "dvar": [0.0098908925429, 0.465511411428, 6.01625013351, 17.5696525574, 42.6028518677, 52.2556838989, 50.6613578796, 191.977081299, 173.254165649, 189.711212158, 1546.84179688, 2359.46948242, 1879.00683594, 5818.26660156, 4668.56884766, 9440.95605469, 1199.14221191, 161.046585083, 388.239227295, 111.589385986, 198.29083252, 133.12739563, 198.220153809, 42.2945137024, 132.522613525, 17.5353870392, 10.4393587112, 2.07586956024, 3.2251625061, 1.10664725304, 2.25531125069, 0.555183053017, 0.391831338406, 0.164791166782, 0.0626465082169, 0.0108691798523, 0.0036287442781, 0.00349330576137, 0.000114631533506, 5.76583374823e-07],
        "dvar2": [0.0264297593385, 1.29328835011, 17.0861816406, 52.2301254272, 111.073036194, 129.400405884, 143.665603638, 385.603057861, 298.477996826, 316.308227539, 2947.97387695, 4545.53027344, 3797.61425781, 13661.6054688, 11651.0908203, 25786.6894531, 3261.10888672, 417.643371582, 1044.55554199, 303.983276367, 500.776245117, 348.871704102, 563.983398438, 119.551010132, 387.973876953, 50.4721450806, 29.5322113037, 5.81241941452, 8.82128429413, 2.70565080643, 5.91659355164, 1.31463086605, 0.899362146854, 0.366468846798, 0.141881898046, 0.0241614487022, 0.00771289598197, 0.00844352692366, 0.000282276829239, 1.40718941566e-06],
        "max": [3.33936524391, 17.4805641174, 83.8935775757, 116.729759216, 168.013565063, 256.491760254, 288.218780518, 557.568054199, 620.442504883, 627.744873047, 1472.31921387, 1950.20703125, 2120.51708984, 1818.2911377, 2311.61376953, 2936.33959961, 1529.38818359, 387.303222656, 722.923400879, 297.351837158, 438.649414062, 352.394012451, 539.290893555, 248.963897705, 471.489837646, 176.22845459, 186.396194458, 93.5402450562, 112.308403015, 89.5250396729, 119.944946289, 68.6375961304, 28.9375419617, 27.0252838135, 13.6644506454, 6.27982997894, 3.48315143585, 3.43910169601, 0.599794864655, 0.0444970317185],
        "mean": [0.0478849895298, 0.47930213809, 1.95485496521, 3.1660387516, 5.20482635498, 4.03271198273, 5.69277334213, 21.8012619019, 16.7483348846, 15.5587348938, 22.4925479889, 26.5018119812, 22.736913681, 38.3339767456, 30.3754882812, 32.583316803, 16.966583252, 8.66747665405, 11.3737277985, 7.78015184402, 7.92601013184, 7.32486724854, 7.55201625824, 4.70584869385, 5.9653878212, 2.97120165825, 2.13147687912, 1.06104207039, 1.05104589462, 0.670488357544, 0.675404667854, 0.371482282877, 0.221433103085, 0.138208180666, 0.0461993552744, 0.01347502321, 0.00559063069522, 0.00287400791422, 0.000467709178338, 5.14602688781e-05],
        "median": [0.00500134844333, 0.0951048508286, 0.333237886429, 0.632495522499, 0.718548297882, 0.574096381664, 1.41192662716, 7.01980257034, 4.64517021179, 3.81951832771, 3.73880696297, 3.10352444649, 2.83552765846, 2.88288140297, 1.74351644516, 2.36009669304, 1.45365071297, 1.19937050343, 1.59835064411, 1.095733881, 1.20915019512, 0.766251027584, 0.678436696529, 0.409896433353, 0.373445212841, 0.195548906922, 0.0752112269402, 0.0288048572838, 0.0191902536899, 0.0106945298612, 0.0051013850607, 0.00276404293254, 0.00147191225551, 0.000862187938765, 0.000301415828289, 6.94542541169e-05, 1.75678142114e-05, 5.57283055969e-06, 5.05898196934e-06, 8.53329856909e-06],
        "min": [1.46819131365e-22, 1.38733920505e-21, 5.62990959079e-21, 6.59754975266e-21, 3.02320619839e-20, 5.19075253734e-20, 7.05480049344e-20, 6.56358639526e-20, 2.59043318597e-19, 2.59008861354e-19, 4.39733556331e-19, 1.01243101946e-18, 5.68825534076e-19, 7.41816865807e-19, 1.2999625159e-18, 1.65626467109e-18, 1.42433418748e-18, 3.34011995152e-18, 4.80777844736e-18, 2.97866104899e-18, 2.27269755135e-18, 3.93544659466e-18, 4.48852767635e-18, 7.82705840712e-18, 9.75401452155e-18, 1.0359140153e-17, 1.30487948425e-17, 1.32482512493e-17, 1.3567351887e-17, 1.24850836628e-17, 1.1421773591e-17, 1.31279336933e-17, 1.31787019034e-17, 9.83003572857e-18, 7.17541544672e-18, 5.10135353215e-18, 2.58454671023e-18, 1.0285438774e-18, 2.86479787991e-19, 3.18534329197e-20],
        "var": [0.0271118842065, 1.33632791042, 12.9326353073, 56.2428016663, 142.948623657, 132.999328613, 182.460601807, 1757.40856934, 1134.82519531, 1250.02294922, 4405.84570312, 7394.82421875, 4731.2890625, 12270.7060547, 10159.4492188, 14634.7705078, 3229.92333984, 453.475036621, 726.906738281, 318.398803711, 423.236297607, 353.758117676, 480.364685059, 164.860031128, 376.035064697, 82.9982223511, 61.1668663025, 21.3674221039, 23.9735774994, 14.3952121735, 19.4364910126, 6.17072296143, 1.80534338951, 0.733210802078, 0.109716363251, 0.0169756859541, 0.00472114980221, 0.00307882577181, 9.65370054473e-05, 4.96006748563e-07]
    },
    "gfcc": {
        "mean": [-153.75062561, 161.59425354, -136.235900879, 8.29577064514, -47.3516120911, -11.604839325, -24.8536109924, 0.278445988894, -13.7157402039, -6.34366941452, -3.2262070179, -7.961145401, -4.06873512268],
        "cov": [[20224.0546875, -2474.19580078, -906.169677734, 1187.85986328, -837.663574219, 1255.88098145, -184.424743652, 163.325164795, -478.628326416, -150.293106079, -298.427429199, 92.9511184692, -341.200836182], [-2474.19580078, 2968.88720703, 338.072845459, 81.7617645264, 850.972412109, -382.209899902, 429.124237061, -145.751281738, 322.031188965, -140.757659912, 219.999435425, -203.37109375, 111.194877625], [-906.169677734, 338.072845459, 1137.07702637, 159.455978394, 283.96987915, 78.6508331299, 100.048919678, 48.4962730408, 90.5132980347, 40.8073921204, 20.9941997528, -6.2283539772, 17.257270813], [1187.85986328, 81.7617645264, 159.455978394, 575.660644531, 188.710006714, 181.727035522, 112.13079071, 26.2529087067, 19.4197788239, -31.0656375885, -28.8107700348, 3.18873286247, 4.99040269852], [-837.663574219, 850.972412109, 283.96987915, 188.710006714, 435.535614014, -17.3235282898, 175.574508667, -14.2367601395, 109.107406616, -28.5536708832, 52.3388786316, -42.4712486267, 38.1795120239], [1255.88098145, -382.209899902, 78.6508331299, 181.727035522, -17.3235282898, 276.756866455, 30.4840869904, 55.6569404602, -46.6667251587, 8.88610935211, -35.5071487427, 42.4024009705, -16.7425918579], [-184.424743652, 429.124237061, 100.048919678, 112.13079071, 175.574508667, 30.4840869904, 206.695648193, 31.0186786652, 49.2662391663, -15.7732210159, 28.8945407867, -12.8604364395, 17.2143745422], [163.325164795, -145.751281738, 48.4962730408, 26.2529087067, -14.2367601395, 55.6569404602, 31.0186786652, 103.932090759, 26.2329483032, 34.8025054932, -12.3622436523, 22.4605636597, -7.25776672363], [-478.628326416, 322.031188965, 90.5132980347, 19.4197788239, 109.107406616, -46.6667251587, 49.2662391663, 26.2329483032, 149.75352478, 43.4285621643, 52.9867477417, -12.4450368881, 15.9940042496], [-150.293106079, -140.757659912, 40.8073921204, -31.0656375885, -28.5536708832, 8.88610935211, -15.7732210159, 34.8025054932, 43.4285621643, 111.897476196, 33.1666946411, 31.8918781281, 13.4324436188], [-298.427429199, 219.999435425, 20.9941997528, -28.8107700348, 52.3388786316, -35.5071487427, 28.8945407867, -12.3622436523, 52.9867477417, 33.1666946411, 110.558586121, 21.0880241394, 25.6989841461], [92.9511184692, -203.37109375, -6.2283539772, 3.18873286247, -42.4712486267, 42.4024009705, -12.8604364395, 22.4605636597, -12.4450368881, 31.8918781281, 21.0880241394, 93.9772872925, 32.0902366638], [-341.200836182, 111.194877625, 17.257270813, 4.99040269852, 38.1795120239, -16.7425918579, 17.2143745422, -7.25776672363, 15.9940042496, 13.4324436188, 25.6989841461, 32.0902366638, 95.0537033081]],
        "icov": [[0.00010246943566, -0.000134328671265, 6.87300635036e-05, -0.000222080241656, 0.00036122687743, -0.00046498447773, 0.000183021315024, -9.51151014306e-05, 0.000132387314807, -2.27282225751e-06, -2.22936378123e-05, -2.04014286282e-05, 0.000247699965257], [-0.000134328671265, 0.00245789508335, -4.81415409013e-05, 0.000714419584256, -0.00299170496874, 0.00222225417383, -0.00242766248994, 0.0015605079243, -0.00200422480702, 0.00223592109978, -0.0019232443301, 0.0022702945862, -0.00145954766776], [6.87300635036e-05, -4.81415409013e-05, 0.00118991651107, -9.36280630413e-05, -0.000748314138036, -0.00062689644983, 0.000360355596058, -0.000406674633268, -7.21847709428e-06, -0.000469600985525, 0.00013084008242, 6.29349306109e-05, 0.000196701614186], [-0.000222080241656, 0.000714419584256, -9.36280630413e-05, 0.0034379165154, -0.00240252679214, -0.000669394386932, -0.00114220078103, 0.00092114880681, -0.00131719512865, 0.00094395398628, 0.000735082954634, 0.000101893579995, -0.000817011634354], [0.00036122687743, -0.00299170496874, -0.000748314138036, -0.00240252679214, 0.00993268378079, -0.00291758752428, -0.000190466482309, 5.94121365793e-06, -6.71294983476e-05, -0.00102023873478, 0.00123818346765, -0.00124606746249, 0.000831214478239], [-0.00046498447773, 0.00222225417383, -0.00062689644983, -0.000669394386932, -0.00291758752428, 0.00977324042469, -0.00319573818706, -0.000769116624724, 0.000642437837087, 0.000667208631057, -0.000748354068492, -0.000524214759935, -0.000529475044459], [0.000183021315024, -0.00242766248994, 0.000360355596058, -0.00114220078103, -0.000190466482309, -0.00319573818706, 0.0113876825199, -0.00562870828435, 0.00226441049017, -0.00024510390358, -0.000579819490667, -0.000802224851213, 0.000594137294684], [-9.51151014306e-05, 0.0015605079243, -0.000406674633268, 0.00092114880681, 5.94121365793e-06, -0.000769116624724, -0.00562870828435, 0.0173173584044, -0.00604316685349, -0.00210025161505, 0.00384139735252, -0.00249938876368, 0.00118117930833], [0.000132387314807, -0.00200422480702, -7.21847709428e-06, -0.00131719512865, -6.71294983476e-05, 0.000642437837087, 0.00226441049017, -0.00604316685349, 0.0149253504351, -0.00602444633842, -0.00282142101787, 0.0013939809287, 0.000791008002125], [-2.27282225751e-06, 0.00223592109978, -0.000469600985525, 0.00094395398628, -0.00102023873478, 0.000667208631057, -0.00024510390358, -0.00210025161505, -0.00602444633842, 0.0166371967643, -0.0051979846321, -8.27853364171e-05, -0.00208081956953], [-2.22936378123e-05, -0.0019232443301, 0.00013084008242, 0.000735082954634, 0.00123818346765, -0.000748354068492, -0.000579819490667, 0.00384139735252, -0.00282142101787, -0.0051979846321, 0.0167588554323, -0.00693240342662, 0.00089533557184], [-2.04014286282e-05, 0.0022702945862, 6.29349306109e-05, 0.000101893579995, -0.00124606746249, -0.000524214759935, -0.000802224851213, -0.00249938876368, 0.0013939809287, -8.27853364171e-05, -0.00693240342662, 0.0200672745705, -0.00750654097646], [0.000247699965257, -0.00145954766776, 0.000196701614186, -0.000817011634354, 0.000831214478239, -0.000529475044459, 0.000594137294684, 0.00118117930833, 0.000791008002125, -0.00208081956953, 0.00089533557184, -0.00750654097646, 0.0151326432824]]
    },
    "melbands": {
        "dmean": [0.000192661551409, 0.000313260243274, 0.000219243316678, 0.000142491888255, 6.40900689177e-05, 0.000120911805425, 8.60036743688e-05, 6.3758889155e-05, 7.81628186814e-05, 8.43879606691e-05, 5.45411458006e-05, 8.87989008334e-05, 5.67149654671e-05, 6.01255815127e-05, 2.60906581389e-05, 2.37679523707e-05, 6.97168661645e-06, 9.45272495301e-06, 8.70400708664e-06, 5.41640474694e-06, 6.40231246507e-06, 5.02254260937e-06, 3.65377832168e-06, 3.10555765282e-06, 1.68632891473e-06, 2.55747181654e-06, 1.56171893195e-06, 8.22648985377e-07, 5.36005927643e-07, 4.06761529348e-07, 2.02846521802e-07, 2.65488807827e-07, 1.28191402382e-07, 1.20811805004e-07, 1.16148342499e-07, 1.2891511858e-07, 6.13877446654e-08, 6.03064407301e-08, 5.74417136079e-08, 3.74964663763e-08],
        "dmean2": [0.000319495884469, 0.000511593418196, 0.000346338085365, 0.000217510110815, 9.65073922998e-05, 0.000154581139213, 0.000116536437417, 8.45945760375e-05, 0.00010547972488, 0.000114917944302, 7.70683473093e-05, 0.000135861177114, 8.87635542313e-05, 9.65188519331e-05, 4.30357649748e-05, 3.74431438104e-05, 1.13978248919e-05, 1.53373493958e-05, 1.42216777022e-05, 8.90697356226e-06, 1.06371189759e-05, 8.34623097035e-06, 6.17856949248e-06, 5.24806682733e-06, 2.86061708721e-06, 4.37000653619e-06, 2.66515758085e-06, 1.38878669986e-06, 9.02814065284e-07, 6.91926516083e-07, 3.39223845458e-07, 4.42515499799e-07, 2.06135055691e-07, 1.96176074496e-07, 1.87634512372e-07, 2.09358105963e-07, 9.63603028481e-08, 9.732250561e-08, 8.91320084406e-08, 5.61453887826e-08],
        "dvar": [5.88764521581e-07, 1.18382502023e-06, 5.62780940072e-07, 2.6854894486e-07, 4.93441163485e-08, 8.13019127577e-08, 4.43800907135e-08, 2.60764316806e-08, 8.33177580262e-08, 1.10943325637e-07, 4.57826772049e-08, 9.36276691732e-08, 4.28575326339e-08, 5.49200365185e-08, 1.15360787589e-08, 1.01698711674e-08, 4.78776740476e-10, 8.69282479332e-10, 8.44731673499e-10, 2.87461693338e-10, 5.57702439785e-10, 2.5809043791e-10, 1.91478000122e-10, 1.05487979463e-10, 3.38574966674e-11, 1.31370095358e-10, 4.80358183785e-11, 1.06024919747e-11, 5.02354017759e-12, 2.61964647023e-12, 1.1555173051e-12, 1.86286142762e-12, 5.14112840841e-13, 5.81107861483e-13, 5.57932389525e-13, 1.18902023644e-12, 2.03088495456e-13, 3.56349471415e-13, 1.95557301906e-13, 1.04579451381e-13],
        "dvar2": [1.5818995962e-06, 3.30119178216e-06, 1.60942647653e-06, 6.63050741423e-07, 1.35840039661e-07, 1.58760656177e-07, 8.12055205301e-08, 4.32834923458e-08, 1.57841483883e-07, 2.1292841268e-07, 9.30732610982e-08, 2.21769653308e-07, 1.06534912447e-07, 1.49534798766e-07, 3.1233870601e-08, 2.68017341654e-08, 1.25437427112e-09, 2.33680763628e-09, 2.27087992855e-09, 7.86021636667e-10, 1.41648892615e-09, 6.77648881453e-10, 5.4025128815e-10, 2.92943891367e-10, 9.54368320483e-11, 3.78839321025e-10, 1.47008738516e-10, 2.96697146018e-11, 1.38794167132e-11, 7.32819100541e-12, 3.29426741962e-12, 5.0699592094e-12, 1.29337317765e-12, 1.46497061444e-12, 1.51030641986e-12, 3.1297497146e-12, 4.05644891592e-13, 8.42957810759e-13, 4.67037920924e-13, 2.41611716528e-13],
        "max": [0.0242750905454, 0.0364412516356, 0.0226974654943, 0.0201116874814, 0.00828898325562, 0.0112663125619, 0.00870733521879, 0.00553108099848, 0.0102185290307, 0.0133647574112, 0.0104088140652, 0.0081868134439, 0.00650469074026, 0.00630645686761, 0.00332361343317, 0.00429107854143, 0.000593232398387, 0.0011090534972, 0.000959680706728, 0.00050343410112, 0.000758647278417, 0.000577132217586, 0.000571680138819, 0.000405381666496, 0.000188564285054, 0.000543059548363, 0.000233083381318, 0.000157331654918, 0.000124085374409, 6.63993341732e-05, 5.58463252673e-05, 7.41950789234e-05, 5.69567782804e-05, 5.78846920689e-05, 5.28361415491e-05, 8.89947477845e-05, 4.16812763433e-05, 2.70934524451e-05, 2.58552972809e-05, 1.93695013877e-05],
        "mean": [0.000507178599946, 0.000907812791411, 0.000646549917292, 0.000337593228323, 0.000191172890482, 0.000458845315734, 0.000257944659097, 0.000174052998773, 0.00016115049948, 0.000170683168108, 0.000106225881609, 0.000147753657075, 9.79548422038e-05, 9.42131155171e-05, 4.04097954743e-05, 4.14683963754e-05, 1.18722864499e-05, 1.5882855223e-05, 1.54137887876e-05, 8.93587548489e-06, 1.03405000118e-05, 8.6773379735e-06, 6.7765699896e-06, 5.81145513934e-06, 3.30432908413e-06, 4.694261861e-06, 3.16342948281e-06, 1.76286346232e-06, 1.38005850658e-06, 9.15353098208e-07, 5.60425803542e-07, 6.94793641287e-07, 3.59475052392e-07, 3.73715067781e-07, 3.59286246976e-07, 3.64492819926e-07, 1.92950992073e-07, 1.54345613623e-07, 1.52523682573e-07, 1.01167820787e-07],
        "median": [7.62154522818e-05, 0.000184878095752, 0.000142294156831, 4.85214150103e-05, 4.6205772378e-05, 0.000149764615344, 6.87138890498e-05, 3.83161604987e-05, 2.39311320911e-05, 1.76312478288e-05, 1.21095072245e-05, 9.01225212147e-06, 5.31185241925e-06, 5.80293135499e-06, 3.51665676135e-06, 2.34895310314e-06, 1.41324926517e-06, 2.16508601625e-06, 1.76396042662e-06, 9.56374265115e-07, 1.46980198679e-06, 8.92696562005e-07, 3.85997765306e-07, 5.98332235313e-07, 2.00544263862e-07, 2.65120490894e-07, 1.47943154616e-07, 1.21163864719e-07, 4.59547528919e-08, 2.46056064412e-08, 1.22997567686e-08, 1.03620703129e-08, 7.34396188307e-09, 4.5111057112e-09, 2.87007462241e-09, 1.84793103042e-09, 1.32620181503e-09, 9.21719089941e-10, 7.67236274513e-10, 6.39729158536e-10],
        "min": [1.09903056075e-24, 5.027535189e-24, 1.9077541947e-24, 3.71105926125e-24, 2.70904202576e-24, 1.78218154087e-24, 4.58876562592e-24, 1.91683063106e-24, 3.49128340191e-24, 5.18961652274e-24, 2.57173407989e-24, 2.75377536947e-24, 3.45293135128e-24, 4.31555114557e-24, 3.90301041873e-24, 2.52798779839e-24, 6.11198503642e-24, 7.74469479069e-24, 4.62799804532e-24, 2.90385024023e-24, 2.77863060165e-24, 3.62983262042e-24, 5.11760969374e-24, 4.21789805411e-24, 5.56288341498e-24, 4.85410885215e-24, 6.55485628177e-24, 7.46759240937e-24, 8.7842170374e-24, 7.48247190377e-24, 6.5684629491e-24, 6.50650502474e-24, 6.84220714954e-24, 6.05654507529e-24, 6.31567720518e-24, 6.72214330863e-24, 7.7790197064e-24, 8.57093744762e-24, 7.73081083876e-24, 7.81204773478e-24],
        "var": [1.97195595319e-06, 2.87903503704e-06, 1.89443323961e-06, 6.76947479405e-07, 1.7823739995e-07, 7.30661099624e-07, 2.84120716287e-07, 1.51112530489e-07, 2.37519046209e-07, 3.41885368016e-07, 1.11660085622e-07, 1.92932674281e-07, 9.65000097608e-08, 9.25086069969e-08, 1.87191524503e-08, 2.66140549599e-08, 1.08354325512e-09, 1.52088641681e-09, 1.9622747871e-09, 5.62239865776e-10, 1.03464403711e-09, 5.31696464634e-10, 4.61709004362e-10, 2.70096112143e-10, 1.06029296454e-10, 2.89900770056e-10, 1.31329461195e-10, 3.82647524777e-11, 2.92441973415e-11, 1.10841899895e-11, 7.86365330491e-12, 1.04470043727e-11, 3.76957926679e-12, 5.02696322069e-12, 4.92937678523e-12, 7.04782152777e-12, 1.79505444797e-12, 1.06721847071e-12, 8.92429142738e-13, 4.12545052373e-13]
    },
    "mfcc": {
        "mean": [-780.355224609, 175.695297241, -12.9213638306, 14.2762975693, -0.609373867512, -8.37897777557, -2.04722261429, -0.243933752179, -3.34077692032, 0.341368764639, -2.67690634727, -0.478407144547, 3.8177022934],
        "cov": [[14667.6650391, -16.3731212616, -1661.46557617, 878.495727539, -580.296936035, 607.329406738, 261.943603516, 450.619567871, -21.6947917938, 10.0058441162, -193.707626343, 121.276222229, -92.5180740356], [-16.3731212616, 2010.78308105, 16.1000938416, 238.801422119, 264.670654297, 9.79089736938, 76.7769012451, 51.118888855, -2.87854814529, 98.9452819824, 70.3819656372, 32.5693130493, -2.36249899864], [-1661.46557617, 16.1000938416, 1055.88354492, 77.0699005127, 321.799591064, 122.096977234, 69.9460220337, 73.2593765259, 79.4975585938, 65.937828064, 87.8984832764, 6.53412818909, -20.739730835], [878.495727539, 238.801422119, 77.0699005127, 419.89855957, 154.892349243, 175.209243774, 88.9707794189, 107.782432556, 61.2540435791, 69.0412597656, -0.739003002644, 18.1277427673, -24.3172016144], [-580.296936035, 264.670654297, 321.799591064, 154.892349243, 281.679931641, 103.168624878, 41.9811553955, 49.6140899658, 38.709690094, 52.352897644, 30.958147049, 10.2919063568, -6.74888849258], [607.329406738, 9.79089736938, 122.096977234, 175.209243774, 103.168624878, 223.316040039, 97.3569564819, 99.2294158936, 47.1496925354, 32.4321250916, 9.32946968079, 12.4202489853, -11.5617437363], [261.943603516, 76.7769012451, 69.9460220337, 88.9707794189, 41.9811553955, 97.3569564819, 160.547485352, 78.5155181885, 32.240486145, 9.08668899536, -6.82419919968, 9.0012140274, -12.7790288925], [450.619567871, 51.118888855, 73.2593765259, 107.782432556, 49.6140899658, 99.2294158936, 78.5155181885, 154.263214111, 39.4624328613, 41.124458313, 4.89508724213, 13.0013065338, -3.28030920029], [-21.6947917938, -2.87854814529, 79.4975585938, 61.2540435791, 38.709690094, 47.1496925354, 32.240486145, 39.4624328613, 111.939971924, 26.1400489807, 27.8196201324, 7.32778549194, -8.14894390106], [10.0058441162, 98.9452819824, 65.937828064, 69.0412597656, 52.352897644, 32.4321250916, 9.08668899536, 41.124458313, 26.1400489807, 122.407028198, 28.003616333, 22.6857204437, 6.24044847488], [-193.707626343, 70.3819656372, 87.8984832764, -0.739003002644, 30.958147049, 9.32946968079, -6.82419919968, 4.89508724213, 27.8196201324, 28.003616333, 109.310112, 32.4564361572, 14.3190460205], [121.276222229, 32.5693130493, 6.53412818909, 18.1277427673, 10.2919063568, 12.4202489853, 9.0012140274, 13.0013065338, 7.32778549194, 22.6857204437, 32.4564361572, 98.5528259277, 31.8789291382], [-92.5180740356, -2.36249899864, -20.739730835, -24.3172016144, -6.74888849258, -11.5617437363, -12.7790288925, -3.28030920029, -8.14894390106, 6.24044847488, 14.3190460205, 31.8789291382, 95.4361801147]],
