{
"lowlevel": {
    "average_loudness": 0.0260082818568,
    "barkbands_crest": {
        "dmean": 1.9469730854,
        "dmean2": 2.97015595436,
        "dvar": 3.31790995598,
        "dvar2": 8.5310792923,
        "max": 26.2793331146,
        "mean": 11.0497636795,
        "median": 10.1857843399,
        "min": 2.54996013641,
        "var": 18.459777832
    },
    "barkbands_flatness_db": {
        "dmean": 0.0140891019255,
        "dmean2": 0.0207255743444,
        "dvar": 0.000186890232726,
        "dvar2": 0.000456117762951,
        "max": 0.54122698307,
        "mean": 0.20581446588,
        "median": 0.201977789402,
        "min": 0.0322789736092,
        "var": 0.00381974573247
    },
    "barkbands_kurtosis": {
        "dmean": 3.38642477989,
        "dmean2": 5.60046577454,
        "dvar": 862.063476562,
        "dvar2": 2829.70483398,
        "max": 1505.12976074,
        "mean": 5.98834991455,
        "median": 2.14000415802,
        "min": -1.79709982872,
        "var": 1350.0300293
    },
    "barkbands_skewness": {
        "dmean": 0.38180243969,
        "dmean2": 0.582515895367,
        "dvar": 0.313265115023,
        "dvar2": 0.935637533665,
        "max": 27.0831565857,
        "mean": 1.41108119488,
        "median": 1.21990120411,
        "min": -2.86177825928,
        "var": 1.83411324024
    },
    "barkbands_spread": {
        "dmean": 1.98942315578,
        "dmean2": 3.00809931755,
        "dvar": 5.45784425735,
        "dvar2": 11.9960870743,
        "max": 113.634109497,
        "mean": 11.2733707428,
        "median": 9.69526004791,
        "min": 0.118394352496,
        "var": 48.4499740601
    },
    "dissonance": {
        "dmean": 0.027699900791,
        "dmean2": 0.0462784357369,
        "dvar": 0.000612116593402,
        "dvar2": 0.00168383645359,
        "max": 0.499998927116,
        "mean": 0.418363660574,
        "median": 0.425456225872,
        "min": 0.197618231177,
        "var": 0.00221464945935
    },
    "dynamic_complexity": 9.28258895874,
    "erbbands_crest": {
        "dmean": 2.36375880241,
        "dmean2": 3.63757371902,
        "dvar": 4.69228887558,
        "dvar2": 11.2569036484,
        "max": 30.2468605042,
        "mean": 11.4520988464,
        "median": 10.3709192276,
        "min": 2.55075240135,
        "var": 23.715713501
    },
    "erbbands_flatness_db": {
        "dmean": 0.012023200281,
        "dmean2": 0.0173232853413,
        "dvar": 0.000114645059512,
        "dvar2": 0.000254897633567,
        "max": 0.407075375319,
        "mean": 0.237225368619,
        "median": 0.236336454749,
        "min": 0.0361511968076,
        "var": 0.0031590021681
    },
    "erbbands_kurtosis": {
        "dmean": 1.06111764908,
        "dmean2": 1.62975335121,
        "dvar": 2.07010602951,
        "dvar2": 4.91899490356,
        "max": 29.5948448181,
        "mean": 1.41876673698,
        "median": 0.533542633057,
        "min": -1.75639605522,
        "var": 8.4327878952
    },
    "erbbands_skewness": {
        "dmean": 0.304647892714,
        "dmean2": 0.456479072571,
        "dvar": 0.0736761391163,
        "dvar2": 0.173354506493,
        "max": 4.75176382065,
        "mean": 0.716429591179,
        "median": 0.61470746994,
        "min": -1.74464833736,
        "var": 0.507055521011
    },
    "erbbands_spread": {
        "dmean": 3.59589934349,
        "dmean2": 5.42512702942,
        "dvar": 11.9180192947,
        "dvar2": 29.5907840729,
        "max": 100.742904663,
        "mean": 21.7552967072,
        "median": 19.3364391327,
        "min": 2.30337452888,
        "var": 142.931182861
    },
    "hfc": {
        "dmean": 1.51279962063,
        "dmean2": 2.23423862457,
        "dvar": 9.41815471649,
        "dvar2": 22.5752353668,
        "max": 127.905677795,
        "mean": 9.23108863831,
        "median": 2.04293060303,
        "min": 1.13040133466e-16,
        "var": 215.470550537
    },
    "melbands_crest": {
        "dmean": 2.18703651428,
        "dmean2": 3.2829349041,
        "dvar": 4.2697892189,
        "dvar2": 10.8184051514,
        "max": 38.7577323914,
        "mean": 14.4014415741,
        "median": 13.3753843307,
        "min": 1.9415525198,
        "var": 28.3920516968
    },
    "melbands_flatness_db": {
        "dmean": 0.0148630030453,
        "dmean2": 0.0215163454413,
        "dvar": 0.000200758324354,
        "dvar2": 0.000450670748251,
        "max": 0.597444653511,
        "mean": 0.280838876963,
        "median": 0.275702506304,
        "min": 0.00481855729595,
        "var": 0.00559779489413
    },
    "melbands_kurtosis": {
        "dmean": 5.32161235809,
        "dmean2": 8.3369178772,
        "dvar": 2439.47949219,
        "dvar2": 6628.48876953,
        "max": 3100.15576172,
        "mean": 11.0383586884,
        "median": 4.38358354568,
        "min": -1.36594390869,
        "var": 4613.64013672
    },
    "melbands_skewness": {
        "dmean": 0.443912148476,
        "dmean2": 0.658303558826,
        "dvar": 0.459699124098,
        "dvar2": 1.19967055321,
        "max": 39.9468994141,
        "mean": 1.87799572945,
        "median": 1.61829984188,
        "min": -1.40057647228,
        "var": 2.88026595116
    },
    "melbands_spread": {
        "dmean": 2.52835273743,
        "dmean2": 3.78983664513,
        "dvar": 9.19082355499,
        "dvar2": 20.9080581665,
        "max": 150.653747559,
        "mean": 13.7656135559,
        "median": 11.8715171814,
        "min": 0.10108961165,
        "var": 83.470085144
    },
    "pitch_salience": {
        "dmean": 0.052529245615,
        "dmean2": 0.0814503058791,
        "dvar": 0.00210347399116,
        "dvar2": 0.00521774496883,
        "max": 0.971772968769,
        "mean": 0.509261310101,
        "median": 0.511032938957,
        "min": 0.0699445232749,
        "var": 0.0108298435807
    },
    "silence_rate_20dB": {
        "dmean": 0,
        "dmean2": 0,
        "dvar": 0,
        "dvar2": 0,
        "max": 1,
        "mean": 1,
        "median": 1,
        "min": 1,
        "var": 0
    },
    "silence_rate_30dB": {
        "dmean": 0.00785296596587,
        "dmean2": 0.0157072432339,
        "dvar": 0.00779129890725,
        "dvar2": 0.0189688373357,
        "max": 1,
        "mean": 0.986801445484,
        "median": 1,
        "min": 0,
        "var": 0.0130236847326
    },
    "silence_rate_60dB": {
        "dmean": 0.0157059319317,
        "dmean2": 0.0314144864678,
        "dvar": 0.0154576227069,
        "dvar2": 0.0364392884076,
        "max": 1,
        "mean": 0.448667615652,
        "median": 0,
        "min": 0,
        "var": 0.247379913926
    },
    "spectral_centroid": {
        "dmean": 93.7290420532,
        "dmean2": 146.340637207,
        "dvar": 14709.2705078,
        "dvar2": 32356.1386719,
        "max": 11363.4853516,
        "mean": 839.611572266,
        "median": 759.896911621,
        "min": 173.221252441,
        "var": 224202.125
    },
    "spectral_complexity": {
        "dmean": 1.27401840687,
        "dmean2": 2.11730313301,
        "dvar": 2.16683483124,
        "dvar2": 5.47156047821,
        "max": 51,
        "mean": 10.0282344818,
        "median": 7,
        "min": 0,
        "var": 82.4298019409
    },
    "spectral_decrease": {
        "dmean": 8.79158135181e-10,
        "dmean2": 1.30195032533e-09,
        "dvar": 4.32670840107e-18,
        "dvar2": 1.11628710224e-17,
        "max": 2.05645662892e-21,
        "mean": -4.31102664677e-09,
        "median": -1.20051857344e-09,
        "min": -5.29670067806e-08,
        "var": 4.29450700429e-17
    },
    "spectral_energy": {
        "dmean": 0.00341874477454,
        "dmean2": 0.00506265135482,
        "dvar": 6.37336925138e-05,
        "dvar2": 0.000163818025612,
        "max": 0.207493528724,
        "mean": 0.0171080809087,
        "median": 0.00476145045832,
        "min": 1.04793314606e-20,
        "var": 0.000667701417115
    },
    "spectral_energyband_high": {
        "dmean": 3.2133928471e-05,
        "dmean2": 5.11213183927e-05,
        "dvar": 1.38124951476e-08,
        "dvar2": 3.30700444806e-08,
        "max": 0.0115061057732,
        "mean": 0.000153665343532,
        "median": 4.0299369175e-06,
        "min": 7.2988236209e-21,
        "var": 4.2276482759e-07
    },
    "spectral_energyband_low": {
        "dmean": 0.0022439090535,
        "dmean2": 0.00340476143174,
        "dvar": 5.09394449182e-05,
        "dvar2": 0.000137757058837,
        "max": 0.181933313608,
        "mean": 0.00637803412974,
        "median": 0.000628459267318,
        "min": 2.6867223503e-23,
        "var": 0.000217082852032
    },
    "spectral_energyband_middle_high": {
        "dmean": 0.000866096757818,
        "dmean2": 0.00130758353043,
        "dvar": 4.06020808441e-06,
        "dvar2": 9.68980020843e-06,
        "max": 0.0628063231707,
        "mean": 0.00311790243722,
        "median": 0.000504541501869,
        "min": 1.40610303792e-21,
        "var": 2.96283978969e-05
    },
    "spectral_energyband_middle_low": {
        "dmean": 0.00166162790265,
        "dmean2": 0.00229475460947,
        "dvar": 1.08848253149e-05,
        "dvar2": 2.29678207688e-05,
        "max": 0.0887872949243,
        "mean": 0.00794197060168,
        "median": 0.00224117306061,
        "min": 1.86314102606e-22,
        "var": 0.000134305373649
    },
    "spectral_entropy": {
        "dmean": 0.101973570883,
        "dmean2": 0.148858934641,
        "dvar": 0.00878982897848,
        "dvar2": 0.0196493305266,
        "max": 9.81771183014,
        "mean": 6.72267818451,
        "median": 6.72128629684,
        "min": 5.11186265945,
        "var": 0.198217958212
    },
    "spectral_flux": {
        "dmean": 0.00790858734399,
        "dmean2": 0.0132014444098,
        "dvar": 0.00014426499547,
        "dvar2": 0.000383164413506,
        "max": 0.300673425198,
        "mean": 0.0363495051861,
        "median": 0.0222083795816,
        "min": 6.59384144508e-11,
        "var": 0.00146830454469
    },
    "spectral_kurtosis": {
        "dmean": 5.4478597641,
        "dmean2": 9.55119800568,
        "dvar": 41.9925270081,
        "dvar2": 121.755699158,
        "max": 152.348464966,
        "mean": 13.6399126053,
        "median": 10.1887788773,
        "min": -1.23910915852,
        "var": 135.498062134
    },
    "spectral_rms": {
        "dmean": 0.000298849365208,
        "dmean2": 0.000428835279308,
        "dvar": 2.10585469063e-07,
        "dvar2": 4.9585656825e-07,
        "max": 0.0142278848216,
        "mean": 0.00305785797536,
        "median": 0.00215529976413,
        "min": 3.19745814027e-12,
        "var": 7.34036484573e-06
    },
    "spectral_rolloff": {
        "dmean": 154.46546936,
        "dmean2": 261.793731689,
        "dvar": 94162.53125,
        "dvar2": 167853.5,
        "max": 19875.1464844,
        "mean": 881.38269043,
        "median": 753.662109375,
        "min": 21.533203125,
        "var": 604120.25
    },
    "spectral_skewness": {
        "dmean": 0.423971801996,
        "dmean2": 0.73765951395,
        "dvar": 0.183457970619,
        "dvar2": 0.538818359375,
        "max": 10.0107526779,
        "mean": 2.42836833,
        "median": 2.25947952271,
        "min": -0.0561043694615,
        "var": 0.868174433708
    },
    "spectral_spread": {
        "dmean": 210785.203125,
        "dmean2": 345582.75,
        "dvar": 112848035840,
        "dvar2": 242991890432,
        "max": 42073736,
        "mean": 2641281.75,
        "median": 2417435,
        "min": 582222.25,
        "var": 2.29354189619e+12
    },
    "spectral_strongpeak": {
        "dmean": 0.242585167289,
        "dmean2": 0.396780312061,
        "dvar": 0.250085443258,
        "dvar2": 0.613498747349,
        "max": 8.72825050354,
        "mean": 0.6871047616,
        "median": 0.38517510891,
        "min": 0,
        "var": 0.638706564903
    },
    "zerocrossingrate": {
        "dmean": 0.00368450419046,
        "dmean2": 0.00466361828148,
        "dvar": 3.7746023736e-05,
        "dvar2": 5.3760715673e-05,
        "max": 0.52978515625,
        "mean": 0.0353665575385,
        "median": 0.0322265625,
        "min": 0.00048828125,
        "var": 0.000546325987671
    },
    "barkbands": {
        "dmean": [0.000456615030998, 0.00164696702268, 0.00077536876779, 0.000430875224993, 0.00044458618504, 0.000455767207313, 0.000665377709083, 0.000287347997073, 0.000547339441255, 0.000268823059741, 0.000439498660853, 0.000244060094701, 0.000162431577337, 8.67991548148e-05, 0.000165162622579, 8.03514776635e-05, 0.000108462329081, 8.73847020557e-05, 3.96983523387e-05, 3.40876540577e-05, 1.66456029547e-05, 8.60252475832e-06, 7.3704281931e-06, 3.38057247973e-06, 1.95766097022e-06, 4.6721274316e-07, 3.70128105942e-07],
        "dmean2": [0.000780685106292, 0.0025839775335, 0.00114268623292, 0.000666617415845, 0.000663987651933, 0.000588206923567, 0.000893804128282, 0.000386856525438, 0.000751871615648, 0.000379028875614, 0.00067663093796, 0.000378050317522, 0.000262302171905, 0.000132257991936, 0.000272370612947, 0.000130248314235, 0.000182338815648, 0.000146487844177, 6.64639737806e-05, 5.77443970542e-05, 2.76662030956e-05, 1.45185949805e-05, 1.22318406284e-05, 5.02074772157e-06, 3.04724244415e-06, 7.10995891495e-07, 6.01700264724e-07],
        "dvar": [2.33730929722e-06, 3.27170200762e-05, 6.92331104801e-06, 2.62859066424e-06, 1.66947268099e-06, 1.11731208108e-06, 3.30302373186e-06, 5.22660911884e-07, 1.54776159889e-06, 6.54344830764e-07, 1.93824871531e-06, 5.28379132447e-07, 2.81824952708e-07, 7.29692644086e-08, 2.71085241366e-07, 4.76865942289e-08, 8.99620360428e-08, 7.34356717658e-08, 2.12907966812e-08, 1.27487576052e-08, 4.03998567933e-09, 1.81489390183e-09, 2.85317502957e-09, 5.81433901026e-10, 2.37891373267e-10, 1.63030196981e-11, 3.91318089044e-11],
        "dvar2": [6.45349246042e-06, 9.4813942269e-05, 1.73086245923e-05, 6.95598737366e-06, 4.53206712336e-06, 2.07964285437e-06, 6.00814428253e-06, 9.41823145695e-07, 3.19293144457e-06, 1.16511478154e-06, 4.94376263305e-06, 1.33930132051e-06, 7.67634389831e-07, 1.62078123367e-07, 7.49717173676e-07, 1.27004426531e-07, 2.51867419365e-07, 2.1540742523e-07, 6.02828009733e-08, 3.55306966071e-08, 1.0909947612e-08, 5.24949195224e-09, 7.89141196833e-09, 1.32759603311e-09, 6.28070706554e-10, 4.0479338631e-11, 1.09017593564e-10],
        "max": [0.0263535194099, 0.119124233723, 0.0777119547129, 0.0430692732334, 0.0316117331386, 0.0595052801073, 0.0576208904386, 0.0242850612849, 0.0282674953341, 0.0306584630162, 0.048672888428, 0.0206748638302, 0.0134017867967, 0.00917207542807, 0.00976532232016, 0.00683704810217, 0.00745402043685, 0.00577002111822, 0.00726500386372, 0.00312849669717, 0.00254341750406, 0.0026386200916, 0.00398163264617, 0.00202055461705, 0.000847226590849, 0.000191964238184, 0.000491169223096],
        "mean": [0.000515528023243, 0.00354565191083, 0.0018950275844, 0.00105511548463, 0.0012407945469, 0.00184850639198, 0.00169663771521, 0.000731009582523, 0.00123662978876, 0.000576224469114, 0.000816152431071, 0.000439538736828, 0.000269683863735, 0.000168053331436, 0.000282871158561, 0.000139119045343, 0.00019029417308, 0.000165601857589, 9.4332419394e-05, 7.98610053607e-05, 4.55751687696e-05, 2.83328918158e-05, 2.56103667198e-05, 1.33058747451e-05, 6.22721699983e-06, 1.45779154082e-06, 9.42015731198e-07],
        "median": [1.21472376122e-05, 0.000163113654708, 0.000209359975997, 4.91962819069e-05, 0.000194774809643, 0.000302680651657, 0.000260232249275, 0.000120644341223, 0.000210418467759, 6.21276485617e-05, 9.80031036306e-05, 5.44933136553e-05, 2.80778349406e-05, 1.28743922687e-05, 1.15903112601e-05, 1.18580028357e-05, 1.00088918771e-05, 9.13799158297e-06, 5.00474561704e-06, 2.73515001936e-06, 7.26468840639e-07, 5.06408468937e-07, 2.57264161974e-07, 1.62291257766e-07, 1.18241771929e-07, 1.87642896776e-08, 7.41134353888e-09],
        "min": [1.15531785709e-24, 6.79069611015e-24, 1.66923500026e-24, 5.74695345759e-24, 1.26384368036e-23, 1.51897407665e-23, 1.97392672677e-23, 1.88712031499e-23, 1.52447780142e-23, 1.67119551682e-23, 2.94563501909e-23, 2.66501321373e-23, 4.91180803202e-23, 6.64200182486e-23, 9.77135813115e-23, 6.86610079973e-23, 8.95359588672e-23, 1.83277985241e-22, 1.51838268341e-22, 1.96027870736e-22, 3.07526405091e-22, 3.99006325488e-22, 5.04900362832e-22, 6.47897848076e-22, 8.78720770376e-22, 1.46478812984e-21, 2.06840551137e-21],
        "var": [3.11578287437e-06, 9.78460593615e-05, 2.03638646781e-05, 1.11453400677e-05, 6.40664666207e-06, 1.68767564901e-05, 1.53990677063e-05, 3.06407127937e-06, 6.36871618553e-06, 2.81683242065e-06, 4.31001217294e-06, 1.16011221962e-06, 5.75695878524e-07, 2.12215496731e-07, 5.58182648547e-07, 1.01759610516e-07, 2.0974678705e-07, 1.73495692479e-07, 1.09541538507e-07, 4.6246007912e-08, 2.79181620044e-08, 1.85852968571e-08, 2.66576911656e-08, 7.91889753771e-09, 1.31039812334e-09, 9.00792912484e-11, 7.3600306405e-11]
    },
    "erbbands": {
        "dmean": [0.0472535602748, 0.385384678841, 0.840172052383, 1.17983424664, 1.24511134624, 1.73500239849, 2.95230007172, 3.84893512726, 6.25835037231, 9.77144432068, 7.38301372528, 12.0027399063, 9.28643798828, 15.3685598373, 9.86973571777, 10.0895900726, 7.49337530136, 5.23834466934, 5.65815830231, 7.14046192169, 4.90785312653, 5.49632072449, 5.11736726761, 2.27443933487, 2.0793659687, 1.32217466831, 0.995412290096, 0.383238583803, 0.365618020296, 0.188810810447, 0.217225968838, 0.0969222187996, 0.0518910251558, 0.0295876692981, 0.0103262895718, 0.00187374372035, 0.000997525756247, 0.00042613846017, 5.15662504768e-05, 7.76013530412e-06],
        "dmean2": [0.0790896639228, 0.601885378361, 1.22775638103, 1.79034268856, 1.99774610996, 2.46183609962, 4.20452260971, 4.71152448654, 8.31059360504, 13.0327539444, 10.0468149185, 16.8237075806, 12.4142580032, 22.7262744904, 15.3885097504, 15.7654008865, 12.0242786407, 8.18925571442, 9.03751945496, 11.7733201981, 7.99509954453, 9.22673606873, 8.63644218445, 3.82028007507, 3.52077770233, 2.23177957535, 1.67753624916, 0.633218109608, 0.611217260361, 0.302097767591, 0.360476076603, 0.146230235696, 0.0804963484406, 0.0452491827309, 0.0160942748189, 0.0028615782503, 0.00155311718117, 0.000730407133233, 8.3937542513e-05, 1.18189609566e-05],
        "dvar": [0.0474448651075, 1.67453563213, 7.50700187683, 19.2341194153, 22.7594165802, 23.5465564728, 70.4046859741, 91.8156967163, 365.493347168, 592.491455078, 372.311035156, 883.968322754, 511.110900879, 2189.03735352, 1048.92712402, 1026.70617676, 544.416503906, 242.732284546, 279.654663086, 658.48260498, 189.560089111, 257.181732178, 254.969924927, 60.1346282959, 46.8872299194, 21.8527946472, 15.7837915421, 2.44495105743, 3.21119856834, 1.19172489643, 2.71533560753, 0.546276390553, 0.129254385829, 0.0460280627012, 0.0161775741726, 0.00019236204389, 0.000123289588373, 7.32676999178e-05, 3.26736369516e-07, 4.52687665131e-09],
        "dvar2": [0.152541771531, 4.65794992447, 17.4538173676, 50.5805740356, 62.9367599487, 55.0835456848, 155.717498779, 142.373794556, 591.562683105, 1143.88500977, 735.098449707, 1882.83447266, 902.767211914, 4883.54150391, 2843.05322266, 2601.80273438, 1475.91308594, 596.055847168, 730.796203613, 1832.67919922, 510.962432861, 720.837524414, 752.912719727, 165.715393066, 133.179702759, 61.5299453735, 44.1651802063, 6.73141288757, 9.30192279816, 3.01620864868, 7.45756483078, 1.27780270576, 0.315200895071, 0.118824981153, 0.0388668589294, 0.000470723403851, 0.000314686883939, 0.000216836808249, 8.88215595296e-07, 8.92184104373e-09],
        "max": [5.42443466187, 33.0908279419, 101.222412109, 164.586380005, 135.796417236, 167.9347229, 499.993225098, 525.655944824, 723.353210449, 710.733581543, 493.848236084, 841.428344727, 682.144714355, 1270.42126465, 1439.51660156, 1044.09301758, 637.326721191, 494.636047363, 447.629150391, 619.567016602, 463.596099854, 326.007659912, 369.181518555, 323.637359619, 296.511108398, 173.063552856, 150.918502808, 95.7800064087, 102.980873108, 90.0414199829, 108.842910767, 58.111164093, 28.8937091827, 15.9557113647, 11.3842191696, 1.01383137703, 0.643693268299, 0.703666031361, 0.0369219221175, 0.00486466707662],
        "mean": [0.085934355855, 0.845527648926, 2.19518208504, 3.24568223953, 2.76364660263, 5.10617208481, 10.436589241, 15.7960948944, 16.5495376587, 27.2949619293, 17.8868637085, 26.2462768555, 23.0247077942, 32.2468109131, 19.7237281799, 18.3007183075, 13.7475004196, 10.6831865311, 10.50050354, 12.8553676605, 9.21559333801, 10.5811815262, 9.96348285675, 5.47862148285, 5.01406812668, 3.42845249176, 2.60608434677, 1.23743271828, 1.1134480238, 0.706152498722, 0.720327734947, 0.385166406631, 0.193226262927, 0.0949602797627, 0.0304516907781, 0.00731072388589, 0.00262176757678, 0.000905595719814, 0.000159523522598, 3.01273121295e-05],
        "median": [0.0032597319223, 0.0491468906403, 0.247622907162, 0.284437507391, 0.286680281162, 0.700769603252, 1.49333178997, 2.69983935356, 3.16918063164, 4.92090797424, 3.82219648361, 5.25670814514, 3.76368427277, 4.36018371582, 3.10530877113, 2.48799324036, 1.66305530071, 0.982957839966, 0.75349843502, 0.752010703087, 0.791915357113, 0.579719901085, 0.567319691181, 0.331643104553, 0.242894783616, 0.114183522761, 0.0432145856321, 0.0267333108932, 0.0201756302267, 0.0109465029091, 0.00699385302141, 0.00397914648056, 0.00255458150059, 0.00165552110411, 0.000625044107437, 0.000127093851916, 3.29048343701e-05, 9.98654650175e-06, 5.60347552891e-06, 6.32732189842e-06],
        "min": [1.69326670899e-22, 9.16136758655e-22, 2.09451501504e-21, 9.43377435852e-21, 3.08148753489e-20, 4.93200947238e-20, 7.29605418144e-20, 1.26226275135e-19, 1.91586481149e-19, 6.0689817613e-19, 3.42360542959e-19, 3.73358205836e-19, 3.45330121358e-19, 1.09079159664e-18, 2.14900882076e-18, 1.32264825439e-18, 2.37678665091e-18, 3.47834865612e-18, 4.13109093955e-18, 5.01208874994e-18, 3.80854054508e-18, 5.79338234519e-18, 9.20989511461e-18, 8.86754242987e-18, 7.07742349545e-18, 9.42258641116e-18, 1.386866566e-17, 1.27499361416e-17, 1.36165467996e-17, 1.49281351322e-17, 1.41719051095e-17, 1.16333771451e-17, 1.21112790896e-17, 9.17482265664e-18, 6.89084629085e-18, 5.01087941188e-18, 2.89001727262e-18, 1.16313009217e-18, 2.59486351363e-19, 2.78804424324e-20],
        "var": [0.0886433273554, 5.52283716202, 29.5643539429, 82.2996292114, 51.9768829346, 121.772377014, 738.329040527, 1349.72839355, 1518.75537109, 3319.18164062, 1465.25317383, 2847.00634766, 2744.07470703, 6463.19873047, 2281.66455078, 2074.17041016, 1203.41577148, 734.649658203, 578.223144531, 1410.87158203, 409.874084473, 656.544250488, 577.711914062, 257.685974121, 208.738876343, 90.5943450928, 83.8327331543, 25.0501441956, 24.6448917389, 15.7165584564, 22.6520767212, 7.15250062943, 1.48933780193, 0.310164898634, 0.0400885529816, 0.0021526615601, 0.000351041613612, 8.38785053929e-05, 1.69574320807e-06, 1.19143921395e-08]
    },
    "gfcc": {
        "mean": [-160.386901855, 149.210723877, -139.060241699, 4.3432598114, -53.7147674561, -8.26852893829, -26.960735321, 3.82863593102, -13.6360359192, -6.02571773529, -2.94158530235, -4.40104866028, -2.9193918705],
        "cov": [[25532.2226562, -1014.07720947, -667.093139648, 1721.59118652, -452.233551025, 1087.57531738, 226.70451355, 401.024017334, 17.4620227814, -265.766418457, -355.319671631, 7.3145737648, -147.935821533], [-1014.07720947, 2088.89208984, 399.911071777, 272.602416992, 583.757629395, -138.109024048, 380.307403564, -106.134223938, 168.27973938, -161.105743408, 67.5101165771, -138.073074341, -34.2482872009], [-667.093139648, 399.911071777, 1065.65209961, 400.009613037, 341.817077637, 194.518966675, 148.843948364, 94.8360290527, 73.4254608154, -36.1055488586, -96.4631881714, -41.4471282959, -135.919784546], [1721.59118652, 272.602416992, 400.009613037, 842.655822754, 337.756469727, 201.449691772, 186.559646606, 37.7887458801, 90.3219833374, -31.1375370026, -95.6105194092, -49.2279777527, -62.2146263123], [-452.233551025, 583.757629395, 341.817077637, 337.756469727, 428.285491943, 92.2062225342, 175.391693115, -1.50037300587, 78.2694320679, -8.73894691467, -21.1584320068, -63.6523284912, -41.6862297058], [1087.57531738, -138.109024048, 194.518966675, 201.449691772, 92.2062225342, 279.119812012, 73.8391036987, 87.0247802734, 13.6387767792, 1.80217504501, -48.8451538086, -16.9212017059, -45.3507041931], [226.70451355, 380.307403564, 148.843948364, 186.559646606, 175.391693115, 73.8391036987, 223.184295654, 53.1501998901, 60.6983222961, -44.1739730835, -0.62607884407, -25.1276493073, -31.0445079803], [401.024017334, -106.134223938, 94.8360290527, 37.7887458801, -1.50037300587, 87.0247802734, 53.1501998901, 135.194152832, 30.0290679932, 1.72518408298, -25.7321929932, -3.41972899437, -33.6938819885], [17.4620227814, 168.27973938, 73.4254608154, 90.3219833374, 78.2694320679, 13.6387767792, 60.6983222961, 30.0290679932, 121.911819458, 27.908033371, 21.3675403595, -14.1295604706, -17.6397914886], [-265.766418457, -161.105743408, -36.1055488586, -31.1375370026, -8.73894691467, 1.80217504501, -44.1739730835, 1.72518408298, 27.908033371, 115.089523315, 32.9549980164, 8.87165737152, 16.4709663391], [-355.319671631, 67.5101165771, -96.4631881714, -95.6105194092, -21.1584320068, -48.8451538086, -0.62607884407, -25.7321929932, 21.3675403595, 32.9549980164, 117.665618896, 40.0742988586, 30.8786258698], [7.3145737648, -138.073074341, -41.4471282959, -49.2279777527, -63.6523284912, -16.9212017059, -25.1276493073, -3.41972899437, -14.1295604706, 8.87165737152, 40.0742988586, 91.0006866455, 36.1931533813], [-147.935821533, -34.2482872009, -135.919784546, -62.2146263123, -41.6862297058, -45.3507041931, -31.0445079803, -33.6938819885, -17.6397914886, 16.4709663391, 30.8786258698, 36.1931533813, 111.781547546]],
        "icov": [[8.3849998191e-05, -0.000119240452477, 0.000171010717168, -0.00026869866997, 0.000357204437023, -0.000387263222365, 0.000113315385533, -0.000131881068228, 3.51254379893e-06, 4.46554222435e-05, 0.000129851425299, -0.000155304398504, 0.00010902727081], [-0.000119240452477, 0.00217633950524, -0.000673897389788, 0.000795295694843, -0.00229101302102, 0.00195870897733, -0.00197668606415, 0.00158696551807, -0.00145272130612, 0.0026044449769, -0.00182418199256, 0.00238402560353, -0.000879131490365], [0.000171010717168, -0.000673897389788, 0.00211965059862, -0.000746586243622, -0.000217285414692, -0.00135962793138, 0.00107930111699, -0.00122513296083, 6.27699191682e-05, -0.000165669232956, 0.0013958865311, -0.00191116135102, 0.0017470283201], [-0.00026869866997, 0.000795295694843, -0.000746586243622, 0.00324715767056, -0.00256358645856, 0.000508041470312, -0.00139871239662, 0.00165318045765, -0.00150846166071, 0.000485839584144, 0.00111297261901, 4.26018923463e-05, -0.000483393116156], [0.000357204437023, -0.00229101302102, -0.000217285414692, -0.00256358645856, 0.0092462413013, -0.00321035389788, -0.00142932974268, 0.000979206990451, 0.000683079531882, -0.00357830803841, 0.00138386699837, 0.000250039680395, 0.000295483594527], [-0.000387263222365, 0.00195870897733, -0.00135962793138, 0.000508041470312, -0.00321035389788, 0.00865351874381, -0.00239207525738, -0.00161722837947, 0.000792886712588, 0.000328366295435, -0.00118521566037, 0.00206756964326, -0.000386400759453], [0.000113315385533, -0.00197668606415, 0.00107930111699, -0.00139871239662, -0.00142932974268, -0.00239207525738, 0.0120783140883, -0.00546175613999, -0.000865690060891, 0.0027388681192, -0.00137775298208, -0.00164338783361, 0.000655343581457], [-0.000131881068228, 0.00158696551807, -0.00122513296083, 0.00165318045765, 0.000979206990451, -0.00161722837947, -0.00546175613999, 0.0141445612535, -0.00406259484589, 3.41419763572e-05, 0.00199000560679, 0.000290867494186, 0.000907806737814], [3.51254379893e-06, -0.00145272130612, 6.27699191682e-05, -0.00150846166071, 0.000683079531882, 0.000792886712588, -0.000865690060891, -0.00406259484589, 0.0141487512738, -0.00566633418202, -0.00227934191935, 0.000408947234973, 0.00147265847772], [4.46554222435e-05, 0.0026044449769, -0.000165669232956, 0.000485839584144, -0.00357830803841, 0.000328366295435, 0.0027388681192, 3.41419763572e-05, -0.00566633418202, 0.0163661055267, -0.00568748358637, 0.00341259641573, -0.00234380620532], [0.000129851425299, -0.00182418199256, 0.0013958865311, 0.00111297261901, 0.00138386699837, -0.00118521566037, -0.00137775298208, 0.00199000560679, -0.00227934191935, -0.00568748358637, 0.0169207192957, -0.00866416469216, 0.000791629950982], [-0.000155304398504, 0.00238402560353, -0.00191116135102, 4.26018923463e-05, 0.000250039680395, 0.00206756964326, -0.00164338783361, 0.000290867494186, 0.000408947234973, 0.00341259641573, -0.00866416469216, 0.0196716748178, -0.00562621187419], [0.00010902727081, -0.000879131490365, 0.0017470283201, -0.000483393116156, 0.000295483594527, -0.000386400759453, 0.000655343581457, 0.000907806737814, 0.00147265847772, -0.00234380620532, 0.000791629950982, -0.00562621187419, 0.0132660204545]]
    },
    "melbands": {
        "dmean": [0.000439514114987, 0.000444113102276, 0.000196474196855, 9.90306725726e-05, 9.36354044825e-05, 8.51930017234e-05, 0.000111294328235, 9.4253635325e-05, 6.40676444164e-05, 8.21603171062e-05, 4.67134159408e-05, 6.0724451032e-05, 4.52446693089e-05, 2.3344409783e-05, 2.29283250519e-05, 1.89814491023e-05, 8.80173593032e-06, 8.37226070871e-06, 1.33424900923e-05, 6.9136408456e-06, 6.18411331743e-06, 6.74006923873e-06, 4.89946660309e-06, 4.53276425105e-06, 1.82021926776e-06, 1.81645714292e-06, 1.61248817676e-06, 8.79135654941e-07, 8.24129926968e-07, 3.591340203e-07, 2.31328115774e-07, 2.58646963402e-07, 1.41918860663e-07, 1.21558571209e-07, 1.14219751879e-07, 1.40591311037e-07, 5.48840652925e-08, 4.01458173371e-08, 4.61627855941e-08, 2.21613625229e-08],
        "dmean2": [0.000708897307049, 0.000652316608466, 0.000299157836707, 0.000147882921738, 0.000133928755531, 0.00010599396046, 0.000149134502863, 0.000125502614537, 8.82733293111e-05, 0.000113776775834, 6.23611413175e-05, 8.90618612175e-05, 7.08206862328e-05, 3.55561642209e-05, 3.63590443158e-05, 3.06481852022e-05, 1.35354412123e-05, 1.31180440803e-05, 2.20548590733e-05, 1.12259385787e-05, 1.01586292658e-05, 1.12970692498e-05, 8.31682882563e-06, 7.60646071285e-06, 3.06057972921e-06, 3.04734544443e-06, 2.72614374808e-06, 1.48492858898e-06, 1.39089308959e-06, 6.06030027939e-07, 3.84458473945e-07, 4.33747004536e-07, 2.31427236486e-07, 1.97734223661e-07, 1.92936056465e-07, 2.30208328844e-07, 8.4796575095e-08, 6.18454691903e-08, 7.75758337568e-08, 3.42151729171e-08],
        "dvar": [2.78240008811e-06, 2.01676220968e-06, 4.76081510214e-07, 9.16741385026e-08, 6.37412824744e-08, 4.16713703544e-08, 1.00700567884e-07, 5.12261699726e-08, 2.99756237609e-08, 4.10868672418e-08, 1.3925398612e-08, 3.25925668676e-08, 2.49579272804e-08, 5.06615815965e-09, 6.02825434015e-09, 3.8875787034e-09, 7.65586039009e-10, 7.11707026646e-10, 2.01126892918e-09, 5.0550663655e-10, 3.2415470308e-10, 4.18340251329e-10, 2.28134136582e-10, 2.50583331862e-10, 4.60632053334e-11, 5.8497158506e-11, 3.44632239413e-11, 1.0215184601e-11, 1.19585426631e-11, 1.84973347403e-12, 1.37086566057e-12, 1.66578209559e-12, 5.5317366356e-13, 5.98381262075e-13, 6.06257231917e-13, 1.42069700188e-12, 1.855495602e-13, 8.01824698218e-14, 1.39746531404e-13, 2.50112650995e-14],
        "dvar2": [8.55844973557e-06, 4.80598009744e-06, 1.24870780382e-06, 2.5178553642e-07, 1.43303580558e-07, 6.72445708005e-08, 1.74385476726e-07, 9.73685558847e-08, 6.20126243689e-08, 8.57193285242e-08, 2.42925679572e-08, 7.10356289346e-08, 6.74432172332e-08, 1.23226007176e-08, 1.58981521281e-08, 1.04673301138e-08, 1.81042969505e-09, 1.7530332741e-09, 5.54958656807e-09, 1.37840006076e-09, 8.74758654401e-10, 1.17447152004e-09, 6.74711342352e-10, 7.22825133082e-10, 1.26034141457e-10, 1.57916027477e-10, 9.53071302434e-11, 2.85264294825e-11, 3.36921567035e-11, 5.19553670919e-12, 3.88711502222e-12, 4.85745168047e-12, 1.3443984424e-12, 1.57938126553e-12, 1.76201284466e-12, 3.6628556091e-12, 3.89221342873e-13, 1.94019090074e-13, 4.1492154222e-13, 6.08177110019e-14],
        "max": [0.0387502349913, 0.052919626236, 0.0225826576352, 0.00775393750519, 0.0129519626498, 0.0101506887004, 0.00999280717224, 0.00631507858634, 0.00357834389433, 0.00557254441082, 0.00388870481402, 0.00473455851898, 0.0070649231784, 0.00244798255153, 0.0019856216386, 0.00165688642301, 0.000807764648926, 0.000946417509113, 0.000940194528084, 0.00049054948613, 0.000563267909456, 0.000458729307866, 0.000320921593811, 0.000426114624133, 0.000291370030027, 0.000394172209781, 0.000179887603736, 0.000105859675386, 0.000127577004605, 5.72093740629e-05, 7.81002599979e-05, 7.29328021407e-05, 5.63238245377e-05, 5.38828207937e-05, 5.2881820011e-05, 7.27323495084e-05, 3.72745962522e-05, 2.0888808649e-05, 1.7480337192e-05, 1.14166587082e-05],
        "mean": [0.000906614470296, 0.0011884245323, 0.000545385410078, 0.000260292814346, 0.000337016826961, 0.00034660557867, 0.000294105848297, 0.000269007170573, 0.000139499694342, 0.000178979462362, 0.000111806381028, 0.000125990249217, 8.50019860081e-05, 4.36732152593e-05, 3.97482435801e-05, 3.14175194944e-05, 1.71887331817e-05, 1.45128824443e-05, 2.19984631258e-05, 1.2024629541e-05, 1.02376689028e-05, 1.15936782095e-05, 8.99724818737e-06, 8.2989463408e-06, 3.8545517782e-06, 3.88821990782e-06, 3.2616471799e-06, 2.00636691261e-06, 1.95487518795e-06, 8.70712710821e-07, 6.60172190692e-07, 7.0395850571e-07, 4.18716467721e-07, 3.79430360908e-07, 3.75456352231e-07, 3.96080764631e-07, 1.96954985654e-07, 1.35642636678e-07, 1.18338647326e-07, 6.65512374098e-08],
        "median": [4.02475561714e-05, 0.00012299757509, 5.3907817346e-05, 3.34269461746e-05, 5.3518670029e-05, 5.76358106628e-05, 5.3342369938e-05, 4.85616183141e-05, 2.24880259339e-05, 3.10328905471e-05, 1.50294854393e-05, 1.56488295033e-05, 1.12936204459e-05, 6.63225046083e-06, 3.90738205169e-06, 3.18541719935e-06, 1.33180878947e-06, 1.02153478565e-06, 8.64633193487e-07, 7.8805942394e-07, 8.28741804071e-07, 5.24498545929e-07, 5.24956533354e-07, 4.27837676398e-07, 2.24028113394e-07, 1.8748551156e-07, 1.2430793106e-07, 5.78619854252e-08, 3.06859284649e-08, 1.54630406257e-08, 1.27071482225e-08, 1.14029559128e-08, 6.26168938922e-09, 5.10684161625e-09, 3.71207153904e-09, 2.67048072544e-09, 1.96152050158e-09, 1.60829471962e-09, 1.32807498332e-09, 1.23689936071e-09],
        "min": [2.09457322035e-24, 1.47253509734e-24, 3.1202576635e-24, 2.15131637969e-24, 2.52204728134e-24, 2.65660190544e-24, 3.22975727638e-24, 5.75710373086e-24, 2.56398943795e-24, 2.2414021257e-24, 1.76268543524e-24, 4.17354395529e-24, 6.64523568125e-24, 3.66133814725e-24, 5.15956249997e-24, 3.43848060279e-24, 5.96624140646e-24, 6.27534905799e-24, 8.34509367021e-24, 4.47315253823e-24, 4.3320410995e-24, 4.88893508896e-24, 8.13849494344e-24, 8.85324788864e-24, 6.3288200223e-24, 5.6045964075e-24, 4.46014224975e-24, 6.37463785253e-24, 7.61252666804e-24, 7.54011554783e-24, 7.43468823215e-24, 7.28608419255e-24, 5.8106709362e-24, 6.53178446688e-24, 8.37960317937e-24, 6.88115163471e-24, 6.36358867226e-24, 7.01638842627e-24, 7.0384205225e-24, 6.99175703337e-24],
        "var": [6.94508207744e-06, 8.88368776941e-06, 1.99185751626e-06, 3.0655246519e-07, 6.07612150816e-07, 5.97095038302e-07, 4.50258085039e-07, 3.06157772911e-07, 1.01119994156e-07, 1.4006263882e-07, 7.3409339052e-08, 1.01842324796e-07, 5.21084402294e-08, 1.12436060462e-08, 1.27645796155e-08, 7.80521869359e-09, 2.32076446949e-09, 1.42368872247e-09, 3.95351795746e-09, 1.08669950816e-09, 5.85833326294e-10, 9.03444818956e-10, 5.0939885643e-10, 5.64038371564e-10, 1.64334018615e-10, 1.95242683132e-10, 9.48179659788e-11, 3.73005619447e-11, 5.17035754488e-11, 9.65801223718e-12, 9.50258188109e-12, 9.84773807639e-12, 4.60078893386e-12, 4.97230902285e-12, 5.70368578756e-12, 8.06928048686e-12, 2.07926883176e-12, 7.44006581604e-13, 5.97227779384e-13, 1.50339606758e-13]
    },
    "mfcc": {
        "mean": [-786.530944824, 166.15145874, -14.3980894089, 8.69955730438, -5.17669773102, -11.5798606873, -3.23252940178, 1.86435806751, -3.50297665596, -1.11474680901, -1.65626430511, 0.361082792282, 2.47838020325],
        "cov": [[18699.3613281, 1191.40588379, -1496.31091309, 1569.22119141, -218.821029663, 724.901855469, 274.620605469, 711.292663574, 400.662536621, 191.584228516, -121.581314087, 260.005218506, -64.9705581665], [1191.40588379, 1760.3470459, -22.4037151337, 261.772583008, 97.9773406982, 45.7314186096, 148.05909729, 193.947570801, 77.072517395, -26.3305187225, 88.5196304321, 55.4148025513, 3.02324342728], [-1496.31091309, -22.4037151337, 905.733825684, 230.860107422, 295.907928467, 189.930938721, 78.9700622559, 115.470184326, 102.596427917, 10.2768526077, 78.3953094482, 3.82933306694, -37.686504364], [1569.22119141, 261.772583008, 230.860107422, 664.674804688, 233.223770142, 293.354034424, 132.232849121, 184.928451538, 150.899917603, 72.369430542, 30.9720783234, 36.5340385437, -27.4308929443], [-218.821029663, 97.9773406982, 295.907928467, 233.223770142, 283.957366943, 185.774688721, 80.4345321655, 67.1631851196, 75.5644378662, 48.9707565308, 44.6608810425, 6.87781095505, -21.1589431763], [724.901855469, 45.7314186096, 189.930938721, 293.354034424, 185.774688721, 309.380950928, 111.384597778, 105.375564575, 96.8651123047, 66.4168395996, 26.2744312286, 24.0916385651, -25.1534671783], [274.620605469, 148.05909729, 78.9700622559, 132.232849121, 80.4345321655, 111.384597778, 161.383590698, 107.782531738, 66.507850647, 14.8892965317, 29.9353046417, 22.8895931244, -11.1064853668], [711.292663574, 193.947570801, 115.470184326, 184.928451538, 67.1631851196, 105.375564575, 107.782531738, 215.392791748, 93.7986602783, 14.8286800385, 39.3692131042, 39.7964897156, -4.4809513092], [400.662536621, 77.072517395, 102.596427917, 150.899917603, 75.5644378662, 96.8651123047, 66.507850647, 93.7986602783, 141.166046143, 44.4432487488, 33.9995651245, 7.80578994751, -12.9296102524], [191.584228516, -26.3305187225, 10.2768526077, 72.369430542, 48.9707565308, 66.4168395996, 14.8892965317, 14.8286800385, 44.4432487488, 128.057556152, 37.7268180847, 4.30808258057, -14.4018888474], [-121.581314087, 88.5196304321, 78.3953094482, 30.9720783234, 44.6608810425, 26.2744312286, 29.9353046417, 39.3692131042, 33.9995651245, 37.7268180847, 121.70098114, 29.9036178589, 3.91158270836], [260.005218506, 55.4148025513, 3.82933306694, 36.5340385437, 6.87781095505, 24.0916385651, 22.8895931244, 39.7964897156, 7.80578994751, 4.30808258057, 29.9036178589, 100.494445801, 27.994222641], [-64.9705581665, 3.02324342728, -37.686504364, -27.4308929443, -21.1589431763, -25.1534671783, -11.1064853668, -4.4809513092, -12.9296102524, -14.4018888474, 3.91158270836, 27.994222641, 93.7035598755]],
