{
"lowlevel": {
    "average_loudness": 0.212679564953,
    "barkbands_crest": {
        "dmean": 1.98435986042,
        "dmean2": 3.16619753838,
        "dvar": 3.18145704269,
        "dvar2": 8.57819271088,
        "max": 23.0057697296,
        "mean": 9.85332012177,
        "median": 9.34984111786,
        "min": 2.8845281601,
        "var": 10.2872362137
    },
    "barkbands_flatness_db": {
        "dmean": 0.0171392261982,
        "dmean2": 0.0276283733547,
        "dvar": 0.000274928694125,
        "dvar2": 0.000703582249116,
        "max": 0.604668259621,
        "mean": 0.257395029068,
        "median": 0.260614752769,
        "min": 0.0547872819006,
        "var": 0.00869982130826
    },
    "barkbands_kurtosis": {
        "dmean": 1.25903940201,
        "dmean2": 1.99568665028,
        "dvar": 4.37948799133,
        "dvar2": 11.570725441,
        "max": 55.7887535095,
        "mean": 1.87316060066,
        "median": 0.994938135147,
        "min": -1.86113893986,
        "var": 14.5210933685
    },
    "barkbands_skewness": {
        "dmean": 0.326127260923,
        "dmean2": 0.508153915405,
        "dvar": 0.10632379353,
        "dvar2": 0.272525042295,
        "max": 6.10256767273,
        "mean": 0.894051492214,
        "median": 0.83278220892,
        "min": -2.13863921165,
        "var": 0.721395790577
    },
    "barkbands_spread": {
        "dmean": 1.81422114372,
        "dmean2": 2.81848978996,
        "dvar": 3.30112671852,
        "dvar2": 8.10874652863,
        "max": 44.3886604309,
        "mean": 10.7726202011,
        "median": 10.2100019455,
        "min": 0.512172400951,
        "var": 27.9784908295
    },
    "dissonance": {
        "dmean": 0.0352968834341,
        "dmean2": 0.0602691620588,
        "dvar": 0.00108434236608,
        "dvar2": 0.00303892837837,
        "max": 0.499993860722,
        "mean": 0.411513358355,
        "median": 0.418853312731,
        "min": 0.167669042945,
        "var": 0.00258356472477
    },
    "dynamic_complexity": 4.20240688324,
    "erbbands_crest": {
        "dmean": 2.49702572823,
        "dmean2": 3.738312006,
        "dvar": 5.66573047638,
        "dvar2": 12.7821264267,
        "max": 32.0031356812,
        "mean": 13.1360445023,
        "median": 12.1829900742,
        "min": 2.6809720993,
        "var": 27.5404930115
    },
    "erbbands_flatness_db": {
        "dmean": 0.0132319899276,
        "dmean2": 0.020113511011,
        "dvar": 0.000173366584932,
        "dvar2": 0.000392328103771,
        "max": 0.469924598932,
        "mean": 0.298925101757,
        "median": 0.3039688766,
        "min": 0.0824051648378,
        "var": 0.00535787409171
    },
    "erbbands_kurtosis": {
        "dmean": 0.821871042252,
        "dmean2": 1.2740637064,
        "dvar": 1.14344930649,
        "dvar2": 2.63718223572,
        "max": 35.6525344849,
        "mean": 0.850739061832,
        "median": 0.316508054733,
        "min": -1.67945361137,
        "var": 3.90265822411
    },
    "erbbands_skewness": {
        "dmean": 0.292156308889,
        "dmean2": 0.440745890141,
        "dvar": 0.0743405595422,
        "dvar2": 0.174699515104,
        "max": 2.98734593391,
        "mean": 0.34599930048,
        "median": 0.39489915967,
        "min": -4.86069488525,
        "var": 0.589118778706
    },
    "erbbands_spread": {
        "dmean": 2.63222336769,
        "dmean2": 4.00203466415,
        "dvar": 6.52313566208,
        "dvar2": 15.1611213684,
        "max": 50.4768028259,
        "mean": 16.5061130524,
        "median": 15.8826885223,
        "min": 1.55001056194,
        "var": 43.8800086975
    },
    "hfc": {
        "dmean": 2.96335721016,
        "dmean2": 4.36112785339,
        "dvar": 25.5391254425,
        "dvar2": 54.3363113403,
        "max": 163.674179077,
        "mean": 14.9399147034,
        "median": 9.11389446259,
        "min": 1.02722636894e-16,
        "var": 255.437652588
    },
    "melbands_crest": {
        "dmean": 2.85156822205,
        "dmean2": 4.58446979523,
        "dvar": 6.95263576508,
        "dvar2": 18.2871074677,
        "max": 38.4726219177,
        "mean": 13.7827472687,
        "median": 12.6445960999,
        "min": 1.6064542532,
        "var": 32.9530220032
    },
    "melbands_flatness_db": {
        "dmean": 0.0187125951052,
        "dmean2": 0.0295682102442,
        "dvar": 0.000374219642254,
        "dvar2": 0.000915075303055,
        "max": 0.754190206528,
        "mean": 0.340406924486,
        "median": 0.338565409184,
        "min": 0.00362681574188,
        "var": 0.0149206379429
    },
    "melbands_kurtosis": {
        "dmean": 2.0134973526,
        "dmean2": 3.19922614098,
        "dvar": 18.0098304749,
        "dvar2": 45.5699501038,
        "max": 163.916061401,
        "mean": 3.58127331734,
        "median": 2.05760383606,
        "min": -1.91897177696,
        "var": 51.5077705383
    },
    "melbands_skewness": {
        "dmean": 0.38626986742,
        "dmean2": 0.599817633629,
        "dvar": 0.177754193544,
        "dvar2": 0.451986342669,
        "max": 11.5636034012,
        "mean": 1.27256321907,
        "median": 1.11762905121,
        "min": -1.13405287266,
        "var": 1.02631807327
    },
    "melbands_spread": {
        "dmean": 2.7611978054,
        "dmean2": 4.34610271454,
        "dvar": 11.7229337692,
        "dvar2": 29.6438999176,
        "max": 155.909133911,
        "mean": 16.0765514374,
        "median": 13.9866924286,
        "min": 0.322128385305,
        "var": 207.797348022
    },
    "pitch_salience": {
        "dmean": 0.0522731840611,
        "dmean2": 0.0846131294966,
        "dvar": 0.00232202047482,
        "dvar2": 0.00603282172233,
        "max": 0.86867660284,
        "mean": 0.506816625595,
        "median": 0.507565498352,
        "min": 0.0726292952895,
        "var": 0.0106998151168
    },
    "silence_rate_20dB": {
        "dmean": 0.000187230849406,
        "dmean2": 0.000374496768927,
        "dvar": 0.00018719441141,
        "dvar2": 0.000374360417482,
        "max": 1,
        "mean": 0.999812781811,
        "median": 1,
        "min": 0,
        "var": 0.000187176890904
    },
    "silence_rate_30dB": {
        "dmean": 0.00917431153357,
        "dmean2": 0.0183503422886,
        "dvar": 0.00908997189254,
        "dvar2": 0.0200727134943,
        "max": 1,
        "mean": 0.981465876102,
        "median": 1,
        "min": 0,
        "var": 0.0181913580745
    },
    "silence_rate_60dB": {
        "dmean": 0.011982774362,
        "dmean2": 0.0239677932113,
        "dvar": 0.0118404226378,
        "dvar2": 0.0282647311687,
        "max": 1,
        "mean": 0.0673967972398,
        "median": 0,
        "min": 0,
        "var": 0.0628590360284
    },
    "spectral_centroid": {
        "dmean": 86.1581726074,
        "dmean2": 135.697158813,
        "dvar": 26512.7753906,
        "dvar2": 54163.2773438,
        "max": 11839.3349609,
        "mean": 883.092102051,
        "median": 682.840759277,
        "min": 101.805854797,
        "var": 1276389.75
    },
    "spectral_complexity": {
        "dmean": 1.45815396309,
        "dmean2": 2.42261958122,
        "dvar": 1.82901191711,
        "dvar2": 4.53068828583,
        "max": 30,
        "mean": 13.4095287323,
        "median": 13,
        "min": 0,
        "var": 32.6816673279
    },
    "spectral_decrease": {
        "dmean": 1.56311930066e-09,
        "dmean2": 2.42782838278e-09,
        "dvar": 1.20891255385e-17,
        "dvar2": 3.17488661233e-17,
        "max": 2.20924772072e-28,
        "mean": -6.20110807148e-09,
        "median": -4.26894963823e-09,
        "min": -1.38859931553e-07,
        "var": 4.75226213783e-17
    },
    "spectral_energy": {
        "dmean": 0.00612799217924,
        "dmean2": 0.00949312187731,
        "dvar": 0.000178788250196,
        "dvar2": 0.000467667618068,
        "max": 0.531459987164,
        "mean": 0.024759368971,
        "median": 0.0171094164252,
        "min": 9.73590692402e-21,
        "var": 0.00073408690514
    },
    "spectral_energyband_high": {
        "dmean": 6.06501744187e-05,
        "dmean2": 8.31351935631e-05,
        "dvar": 6.1362932513e-08,
        "dvar2": 1.22022811411e-07,
        "max": 0.0160812437534,
        "mean": 0.000194891908905,
        "median": 5.74376781515e-06,
        "min": 6.94089998491e-21,
        "var": 3.50173451125e-07
    },
    "spectral_energyband_low": {
        "dmean": 0.00305373664014,
        "dmean2": 0.00488422298804,
        "dvar": 0.000143278593896,
        "dvar2": 0.000393884198274,
        "max": 0.476529955864,
        "mean": 0.00641546305269,
        "median": 0.00164033984765,
        "min": 1.62376036396e-23,
        "var": 0.000315062468871
    },
    "spectral_energyband_middle_high": {
        "dmean": 0.00154909596313,
        "dmean2": 0.00216389587149,
        "dvar": 8.66279151523e-06,
        "dvar2": 1.71858209796e-05,
        "max": 0.0617838911712,
        "mean": 0.00642620073631,
        "median": 0.00334851373918,
        "min": 1.12725461712e-21,
        "var": 6.47530760034e-05
    },
    "spectral_energyband_middle_low": {
        "dmean": 0.00354005093686,
        "dmean2": 0.00556081952527,
        "dvar": 3.14868084388e-05,
        "dvar2": 7.76719825808e-05,
        "max": 0.196546092629,
        "mean": 0.012649519369,
        "median": 0.00943084340543,
        "min": 1.59657912017e-22,
        "var": 0.000127012986923
    },
    "spectral_entropy": {
        "dmean": 0.124906979501,
        "dmean2": 0.199381202459,
        "dvar": 0.0176741108298,
        "dvar2": 0.0440047979355,
        "max": 9.81868267059,
        "mean": 6.33069849014,
        "median": 6.33820915222,
        "min": 5.05635213852,
        "var": 0.31234306097
    },
    "spectral_flux": {
        "dmean": 0.0158409420401,
        "dmean2": 0.0257408674806,
        "dvar": 0.00042095707613,
        "dvar2": 0.0010475787567,
        "max": 0.62787437439,
        "mean": 0.0549884550273,
        "median": 0.0454037450254,
        "min": 6.2696160763e-11,
        "var": 0.00156813196372
    },
    "spectral_kurtosis": {
        "dmean": 17.23478508,
        "dmean2": 30.6655368805,
        "dvar": 445.425354004,
        "dvar2": 1331.56750488,
        "max": 312.683349609,
        "mean": 41.0477333069,
        "median": 23.711889267,
        "min": -1.25816679001,
        "var": 1899.53625488
    },
    "spectral_rms": {
        "dmean": 0.000519541848917,
        "dmean2": 0.000794811698142,
        "dvar": 4.63694789232e-07,
        "dvar2": 1.10836867862e-06,
        "max": 0.0227705407888,
        "mean": 0.00438090739772,
        "median": 0.00408559804782,
        "min": 3.08195483023e-12,
        "var": 4.96317261423e-06
    },
    "spectral_rolloff": {
        "dmean": 134.11756897,
        "dmean2": 235.038574219,
        "dvar": 111596.070312,
        "dvar2": 243243.0625,
        "max": 19982.8125,
        "mean": 1104.83544922,
        "median": 968.994140625,
        "min": 43.06640625,
        "var": 3745300.25
    },
    "spectral_skewness": {
        "dmean": 1.02373194695,
        "dmean2": 1.8282096386,
        "dvar": 1.19515311718,
        "dvar2": 3.71228337288,
        "max": 13.8798427582,
        "mean": 3.79300165176,
        "median": 3.0681245327,
        "min": -0.0746648088098,
        "var": 4.85237121582
    },
    "spectral_spread": {
        "dmean": 239875.984375,
        "dmean2": 411045.0625,
        "dvar": 206742405120,
        "dvar2": 367668854784,
        "max": 42347768,
        "mean": 2094185.75,
        "median": 1429186.625,
        "min": 274402.1875,
        "var": 1.75038057677e+13
    },
    "spectral_strongpeak": {
        "dmean": 0.545677959919,
        "dmean2": 0.910228192806,
        "dvar": 0.752681791782,
        "dvar2": 1.78750967979,
        "max": 19.2398223877,
        "mean": 1.36608147621,
        "median": 0.877574265003,
        "min": 0,
        "var": 1.98939204216
    },
    "zerocrossingrate": {
        "dmean": 0.00330885732546,
        "dmean2": 0.00439014239237,
        "dvar": 5.59896798222e-05,
        "dvar2": 0.000114888825919,
        "max": 0.5322265625,
        "mean": 0.038949649781,
        "median": 0.03173828125,
        "min": 0.0009765625,
        "var": 0.0026558181271
    },
    "barkbands": {
        "dmean": [0.000343540246831, 0.00207358179614, 0.00105837138835, 0.000567560200579, 0.00100205373019, 0.000729231571313, 0.00116749992594, 0.0015122826444, 0.000491466606036, 0.000504838710185, 0.000906364119146, 0.000434959103586, 0.000220207453822, 0.000202816227102, 0.000159416551469, 7.34968562028e-05, 0.000137501017889, 4.66076526209e-05, 4.57191308669e-05, 3.9831866161e-05, 3.60461235687e-05, 1.58455859491e-05, 5.464545211e-06, 3.32911008627e-06, 2.49098161476e-06, 8.86589475613e-07, 3.86194756175e-07],
        "dmean2": [0.000444202538347, 0.00340519077145, 0.00180290197022, 0.000901540450286, 0.00173186452594, 0.00110721029341, 0.00173726177309, 0.00245860894211, 0.000712839711923, 0.000683126912918, 0.00124920753296, 0.000571318727452, 0.000265493406914, 0.000306783738779, 0.000263646274107, 0.000123085832456, 0.000215782449231, 7.69152102293e-05, 7.34552013455e-05, 5.22928567079e-05, 5.25409632246e-05, 2.13107960008e-05, 8.10849451227e-06, 5.04156741954e-06, 3.77663491236e-06, 1.38418909046e-06, 5.77794025958e-07],
        "dvar": [2.09872018786e-06, 7.44528442738e-05, 2.32848051382e-05, 1.09061943476e-06, 2.47548928201e-06, 1.65271728747e-06, 3.5089751691e-06, 1.0762661077e-05, 2.59980038209e-06, 2.20140213969e-06, 5.37290316061e-06, 1.36928804295e-06, 3.52185764996e-07, 4.63803729644e-07, 1.80355485213e-07, 4.31375397625e-08, 2.06383631962e-07, 1.72945338051e-08, 3.26813243134e-08, 1.57614135077e-08, 4.95209278029e-08, 4.79453987623e-09, 3.70121350235e-10, 1.91753973811e-10, 1.56156559905e-10, 2.79350570453e-11, 3.35609881899e-12],
        "dvar2": [3.17027320307e-06, 0.000206122131203, 6.77268617437e-05, 2.99170801554e-06, 7.21235755918e-06, 4.36585560237e-06, 8.22721631266e-06, 2.65799772023e-05, 5.68582936467e-06, 3.87627687815e-06, 1.07938885776e-05, 2.03071840588e-06, 4.62790183064e-07, 1.0292828847e-06, 4.71962266602e-07, 1.14536675255e-07, 5.16985551258e-07, 5.26431414016e-08, 9.08381281306e-08, 3.00788300933e-08, 1.09403622162e-07, 8.93780960354e-09, 8.04269650878e-10, 4.35818020561e-10, 3.18589432613e-10, 6.59795065805e-11, 7.80597721878e-12],
        "max": [0.0739962682128, 0.301555216312, 0.163490891457, 0.0232631191611, 0.025659635663, 0.0294304136187, 0.0311225168407, 0.081149302423, 0.0554145313799, 0.045198764652, 0.0521058775485, 0.0377497002482, 0.0330886133015, 0.0231854747981, 0.011231539771, 0.00680686440319, 0.0108582368121, 0.00258051161654, 0.00545048806816, 0.00324203376658, 0.0150371296331, 0.00346242007799, 0.00074999651406, 0.000630854046904, 0.000658023287542, 0.000193927975488, 8.72227246873e-05],
        "mean": [0.000779942783993, 0.00375128863379, 0.0013476369204, 0.00131461466663, 0.00180111592636, 0.00178235932253, 0.00279935076833, 0.00309933233075, 0.00113662844524, 0.00137908349279, 0.0023099987302, 0.00106484536082, 0.000671306042932, 0.000441900512669, 0.000281170970993, 0.000135629874421, 0.00024034625676, 9.49438690441e-05, 8.69996074471e-05, 9.69050015556e-05, 8.31629222375e-05, 3.73386537831e-05, 1.10526461867e-05, 6.39542076897e-06, 4.39992709289e-06, 1.09999825781e-06, 6.11091024894e-07],
        "median": [3.39153084497e-05, 0.000466123980004, 0.000161669915542, 0.000498415378388, 0.00101792474743, 0.000874466903042, 0.00171540933661, 0.00103275268339, 0.000331787974574, 0.000222045346163, 0.000485058844788, 0.000243553266046, 0.000125402759295, 0.000184038159205, 6.82157478877e-05, 3.51863054675e-05, 2.68386284006e-05, 1.38105169754e-05, 5.05742946189e-06, 2.94958454106e-06, 1.79325763838e-06, 2.78084087313e-07, 1.06374322684e-07, 2.93313746624e-08, 6.04954575323e-09, 2.07288852749e-09, 6.53101572823e-10],
        "min": [1.37134470428e-25, 2.06109830227e-24, 3.83475491916e-25, 9.62917541932e-25, 8.79774757965e-24, 6.91879765483e-24, 4.10129652371e-24, 8.47050441034e-24, 1.4658255198e-23, 1.63634206431e-23, 8.42359874091e-24, 2.21370809866e-23, 1.65894182484e-23, 3.57550447985e-23, 4.5973403073e-23, 5.77581614262e-23, 6.01262398221e-23, 8.93392548227e-23, 8.29577992398e-23, 1.71863925249e-22, 1.82407436212e-22, 3.50625625011e-22, 3.04190318634e-22, 5.82383871287e-22, 8.45914910471e-22, 1.28882130747e-21, 1.96100491378e-21],
        "var": [8.55888174556e-06, 0.000146470905747, 2.60925371549e-05, 3.97213898395e-06, 5.08602852278e-06, 5.91202615396e-06, 1.09967177195e-05, 3.06688234559e-05, 8.50570086186e-06, 1.03101583591e-05, 2.12808481592e-05, 6.57393411529e-06, 2.5399349397e-06, 1.03353920622e-06, 3.50035151087e-07, 7.51078133021e-08, 4.33774857811e-07, 4.4200849203e-08, 9.80519843097e-08, 6.99469779875e-08, 1.79022592306e-07, 1.44700740279e-08, 1.44403444757e-09, 4.34418834239e-10, 3.15637654902e-10, 3.44055166301e-11, 4.96009223278e-12]
    },
    "erbbands": {
        "dmean": [0.0798238739371, 0.437057435513, 1.26028931141, 1.38987886906, 1.74514091015, 4.75591182709, 4.45974874496, 6.9418129921, 8.49240970612, 43.1790122986, 18.0186347961, 11.9707708359, 14.7217226028, 16.6527824402, 32.1046562195, 21.424697876, 11.773888588, 11.1415405273, 6.35525083542, 8.77279949188, 4.7289891243, 4.57013893127, 2.88433122635, 3.36924004555, 1.30301129818, 2.32940936089, 1.73506760597, 0.781883478165, 0.419735640287, 0.411935210228, 0.186219081283, 0.0743567198515, 0.0643269717693, 0.033402249217, 0.0122418059036, 0.0052727824077, 0.00131391989999, 0.00037195571349, 5.64351430512e-05, 1.04386726889e-05],
        "dmean2": [0.130471304059, 0.720836639404, 2.11167025566, 2.2979323864, 2.83148312569, 8.27238082886, 7.4330534935, 10.4316043854, 13.1665592194, 68.5359649658, 27.2018299103, 17.3778648376, 20.8600158691, 22.5300350189, 43.9825286865, 27.7608337402, 13.9012546539, 16.9018154144, 10.224852562, 14.7371501923, 7.59373235703, 7.10648965836, 4.73808288574, 5.30890893936, 2.16560482979, 3.08225512505, 2.49616980553, 1.08573293686, 0.565172076225, 0.566990196705, 0.280820518732, 0.114418588579, 0.0964241549373, 0.0513200052083, 0.0188486203551, 0.00834670290351, 0.00207667378709, 0.000570427393541, 8.40028515086e-05, 1.60860254255e-05],
        "dvar": [0.129432797432, 3.47511696815, 32.3464431763, 11.5494251251, 7.73136377335, 54.8702507019, 82.8198928833, 164.795303345, 218.417266846, 6545.60546875, 1823.14624023, 1791.07788086, 2227.05834961, 1872.52685547, 6554.79931641, 3489.50805664, 922.794311523, 1240.08496094, 247.741531372, 1107.3338623, 196.38684082, 176.233551025, 56.4702644348, 191.573226929, 28.3917484283, 58.2036552429, 99.9494857788, 14.0807466507, 2.62996387482, 7.48967456818, 0.430898964405, 0.134265854955, 0.0603066273034, 0.0208616089076, 0.00888501945883, 0.0010803132318, 0.000105369937955, 4.99016459798e-06, 5.9977502076e-08, 7.33079819071e-10],
        "dvar2": [0.35269138217, 9.46416664124, 90.3902816772, 34.4475517273, 20.0123271942, 162.839447021, 243.287780762, 413.086639404, 525.477172852, 17270.0742188, 3710.66088867, 4100.24609375, 4301.11230469, 3222.10620117, 12784.3056641, 5113.57861328, 1177.6953125, 2752.58544922, 630.108398438, 2908.21801758, 489.559814453, 444.254699707, 160.088165283, 498.081604004, 86.743637085, 115.671554565, 220.52822876, 29.7250347137, 4.66415166855, 15.0076990128, 0.998250007629, 0.319008141756, 0.130743250251, 0.0500168167055, 0.0199533700943, 0.00269679143094, 0.000244889582973, 1.16969094961e-05, 1.30513598151e-07, 1.73600867015e-09],
        "max": [15.5090446472, 79.7968139648, 223.614440918, 100.089897156, 58.5530586243, 114.276145935, 197.786605835, 301.005371094, 373.026794434, 1796.30029297, 1360.92419434, 1578.38330078, 1868.68969727, 1290.55090332, 1822.11035156, 1941.25158691, 1699.34387207, 1155.41491699, 305.944549561, 1077.14758301, 300.194366455, 300.120544434, 196.580368042, 535.471740723, 147.860977173, 211.117294312, 651.284301758, 245.43649292, 59.5981788635, 168.775741577, 13.6319570541, 20.7982692719, 7.5977306366, 4.26587820053, 4.830909729, 0.87993144989, 0.683314979076, 0.136528462172, 0.00990171171725, 0.000689745880663],
        "mean": [0.128981158137, 0.738595545292, 1.8390866518, 2.83606886864, 3.75041604042, 7.70286083221, 8.91819095612, 16.232093811, 21.6277828217, 88.271446228, 45.7103767395, 30.4959716797, 41.8207588196, 48.1147537231, 84.7600631714, 56.0663261414, 38.0668144226, 25.5308876038, 12.4287242889, 15.2602472305, 9.26714134216, 8.88242912292, 6.02121925354, 6.88351583481, 2.75452518463, 5.57921886444, 4.10290241241, 2.01374650002, 1.14784264565, 0.965384840965, 0.343177467585, 0.140700414777, 0.118983142078, 0.0621825531125, 0.0177387725562, 0.00626530265436, 0.00179961964022, 0.000531763711479, 9.71401386778e-05, 3.57166136382e-05],
        "median": [0.0116856442764, 0.0769869163632, 0.253004044294, 1.19052219391, 2.2703537941, 3.93119359016, 4.15569829941, 6.84918212891, 12.7035169601, 48.4721717834, 16.0969333649, 10.7215499878, 7.29270267487, 15.724240303, 21.9356613159, 17.9544048309, 10.9268817902, 11.7356796265, 4.63974571228, 3.62792158127, 1.97127974033, 1.54045414925, 0.991350233555, 0.521028339863, 0.262997031212, 0.207106873393, 0.0930993482471, 0.0511445626616, 0.0151658495888, 0.0073516801931, 0.00264695170335, 0.00101237057243, 0.000384601560654, 0.000114502210636, 4.72343963338e-05, 2.31655867537e-05, 1.05550616354e-05, 2.20141487262e-06, 9.11931965675e-06, 2.03898962354e-05],
        "min": [6.1727387646e-23, 3.93415182315e-22, 5.41210986589e-22, 4.04604491417e-21, 1.14509358694e-20, 2.30462050621e-20, 5.51730954913e-20, 6.91672595463e-20, 5.94895501098e-20, 7.27067460004e-20, 2.60317719577e-19, 4.05720251435e-19, 5.31115869214e-19, 4.73800059281e-19, 6.22268019091e-19, 1.205735167e-18, 1.243016404e-18, 2.04169082168e-18, 2.68065227611e-18, 2.42932523431e-18, 4.28114646575e-18, 4.28525134954e-18, 5.13964082757e-18, 4.91560350816e-18, 5.69528244685e-18, 8.37011488697e-18, 1.0457799639e-17, 9.86866092727e-18, 1.13073447338e-17, 1.06408968948e-17, 1.00700628628e-17, 1.10747696697e-17, 9.64482089043e-18, 7.78542061663e-18, 6.24681794157e-18, 4.07966222574e-18, 2.29463996466e-18, 9.43042870375e-19, 2.48986663504e-19, 2.78185363646e-20],
        "var": [0.268077582121, 5.3774189949, 41.7892074585, 19.583234787, 21.3109722137, 103.982475281, 165.245239258, 609.04901123, 789.911254883, 13414.5869141, 8259.15234375, 5669.03173828, 9797.4921875, 9173.42675781, 26310.0332031, 16712.3476562, 6723.234375, 2778.83227539, 535.412475586, 1874.30383301, 415.943328857, 397.689453125, 144.063446045, 632.135559082, 68.6812591553, 223.13772583, 369.625549316, 56.5636711121, 11.9531564713, 15.9227495193, 0.980028688908, 0.253536194563, 0.134190440178, 0.0430062822998, 0.0125111211091, 0.00108853157144, 0.000148579347297, 6.45023692414e-06, 9.62044524044e-08, 2.14856865632e-09]
    },
    "gfcc": {
        "mean": [-127.640869141, 198.708175659, -142.50743103, -13.7559146881, -36.9711265564, -13.7235908508, -14.8732509613, -11.1674785614, -11.1229887009, -5.23445224762, 0.280051678419, -10.2755079269, -5.51392889023],
        "cov": [[26175.546875, -3400.59423828, -3696.17382812, 2453.57641602, -2608.81201172, 731.316711426, -378.47164917, 181.571426392, -122.947845459, 178.130447388, -445.802429199, 236.491104126, -6.68808460236], [-3400.59423828, 4070.88598633, 229.12109375, -1220.48010254, 1322.05712891, -644.900634766, 185.614105225, -277.240966797, 100.708702087, -127.026130676, 278.909332275, -306.950897217, 2.66718387604], [-3696.17382812, 229.12109375, 1241.91821289, -266.714813232, 367.306488037, 219.126968384, 135.648452759, 191.864807129, 33.2523002625, 24.1206169128, 62.3152275085, 94.6475830078, 45.2503967285], [2453.57641602, -1220.48010254, -266.714813232, 800.346923828, -452.149169922, 264.581604004, 5.12818002701, 36.3176841736, 59.3844070435, 65.3880691528, -81.3870391846, 87.7155609131, 37.3879737854], [-2608.81201172, 1322.05712891, 367.306488037, -452.149169922, 688.812988281, -175.953109741, 112.795967102, -31.8666801453, 51.8213272095, -23.1401386261, 116.58744812, -100.314346313, -16.1068763733], [731.316711426, -644.900634766, 219.126968384, 264.581604004, -175.953109741, 348.648132324, 81.0147705078, 120.66469574, 22.4923591614, 37.2236328125, -17.0823955536, 121.765426636, 34.8211212158], [-378.47164917, 185.614105225, 135.648452759, 5.12818002701, 112.795967102, 81.0147705078, 198.50062561, 48.5143814087, 47.8538780212, 28.6826553345, 42.3468475342, 42.7301902771, 41.4873924255], [181.571426392, -277.240966797, 191.864807129, 36.3176841736, -31.8666801453, 120.66469574, 48.5143814087, 184.652282715, 32.7439079285, 38.0811691284, -5.50727415085, 57.7442550659, 7.00121355057], [-122.947845459, 100.708702087, 33.2523002625, 59.3844070435, 51.8213272095, 22.4923591614, 47.8538780212, 32.7439079285, 155.996795654, 50.5940208435, 25.1476516724, -1.68929564953, 10.9914617538], [178.130447388, -127.026130676, 24.1206169128, 65.3880691528, -23.1401386261, 37.2236328125, 28.6826553345, 38.0811691284, 50.5940208435, 91.1313095093, 30.1859436035, 20.8974227905, 1.56788229942], [-445.802429199, 278.909332275, 62.3152275085, -81.3870391846, 116.58744812, -17.0823955536, 42.3468475342, -5.50727415085, 25.1476516724, 30.1859436035, 122.135742188, 28.8577842712, 15.1088047028], [236.491104126, -306.950897217, 94.6475830078, 87.7155609131, -100.314346313, 121.765426636, 42.7301902771, 57.7442550659, -1.68929564953, 20.8974227905, 28.8577842712, 164.120742798, 78.4359283447], [-6.68808460236, 2.66718387604, 45.2503967285, 37.3879737854, -16.1068763733, 34.8211212158, 41.4873924255, 7.00121355057, 10.9914617538, 1.56788229942, 15.1088047028, 78.4359283447, 131.919281006]],
        "icov": [[0.000297032354865, -0.000669897417538, 0.000944298575632, -0.000667601474561, 0.000752022082452, -0.00108422990888, 0.000740431307349, -0.00132241856772, 0.000852541357744, -0.00091837067157, 0.000625126296654, -0.000426855578553, 0.000231320373132], [-0.000669897417538, 0.00286208279431, -0.00184881815221, 0.0025257342495, -0.00308354361914, 0.00275830389, -0.0024489723146, 0.00387014891021, -0.00288564711809, 0.00320106605068, -0.00250986195169, 0.00208150735125, -0.00146104115993], [0.000944298575632, -0.00184881815221, 0.00480661308393, -0.00130316975992, 0.000774397747591, -0.00514873676002, 0.00277641694993, -0.00492274388671, 0.00270083243959, -0.00316210207529, 0.0022972356528, -0.00165010860655, 0.000178110814886], [-0.000667601474561, 0.0025257342495, -0.00130316975992, 0.00529529666528, -0.00167643930763, 0.000484395714011, -0.00236113974825, 0.00449280580506, -0.0038384932559, 0.00170908158179, -0.00122206308879, 0.00204942934215, -0.0017461735988], [0.000752022082452, -0.00308354361914, 0.000774397747591, -0.00167643930763, 0.00804659444839, -0.00139111583121, 0.000182749790838, -0.00371782365255, 0.00178117747419, -0.00174776336644, -3.24575303239e-05, 0.000356734613888, 0.00146344129462], [-0.00108422990888, 0.00275830389, -0.00514873676002, 0.000484395714011, -0.00139111583121, 0.012314346619, -0.00551539892331, 0.00336065283045, -0.00322249508463, 0.0047449041158, -0.00259446888231, -0.00078328041127, 0.00062891189009], [0.000740431307349, -0.0024489723146, 0.00277641694993, -0.00236113974825, 0.000182749790838, -0.00551539892331, 0.0105866631493, -0.00468577817082, 0.00203693611547, -0.00413876166567, 0.00171373912599, -0.00228081829846, -0.000759381568059], [-0.00132241856772, 0.00387014891021, -0.00492274388671, 0.00449280580506, -0.00371782365255, 0.00336065283045, -0.00468577817082, 0.0155164040625, -0.00577872386202, 0.00225176429376, -0.00128929759376, 0.000517129257787, -0.000125989783555], [0.000852541357744, -0.00288564711809, 0.00270083243959, -0.0038384932559, 0.00178117747419, -0.00322249508463, 0.00203693611547, -0.00577872386202, 0.0124031510204, -0.00757162738591, 0.00206366088241, -0.000465058110422, 9.39183737501e-05], [-0.00091837067157, 0.00320106605068, -0.00316210207529, 0.00170908158179, -0.00174776336644, 0.0047449041158, -0.00413876166567, 0.00225176429376, -0.00757162738591, 0.0211855247617, -0.00833412725478, 0.00261441199109, -1.56422829605e-05], [0.000625126296654, -0.00250986195169, 0.0022972356528, -0.00122206308879, -3.24575303239e-05, -0.00259446888231, 0.00171373912599, -0.00128929759376, 0.00206366088241, -0.00833412725478, 0.0162914581597, -0.00717826373875, 0.00218039401807], [-0.000426855578553, 0.00208150735125, -0.00165010860655, 0.00204942934215, 0.000356734613888, -0.00078328041127, -0.00228081829846, 0.000517129257787, -0.000465058110422, 0.00261441199109, -0.00717826373875, 0.0164625849575, -0.00809682905674], [0.000231320373132, -0.00146104115993, 0.000178110814886, -0.0017461735988, 0.00146344129462, 0.00062891189009, -0.000759381568059, -0.000125989783555, 9.39183737501e-05, -1.56422829605e-05, 0.00218039401807, -0.00809682905674, 0.0128704505041]]
    },
    "melbands": {
        "dmean": [0.000611420429777, 0.00061353383353, 0.000249287404586, 0.000199595349841, 0.000178415735718, 0.000153129105456, 0.00014753533469, 0.000460847222712, 0.000123093588627, 7.297412958e-05, 7.41745825508e-05, 6.43838138785e-05, 0.000133447494591, 5.68625691812e-05, 3.76160278392e-05, 1.89579968719e-05, 2.26094507525e-05, 1.00144234239e-05, 9.19263220567e-06, 9.69857683231e-06, 6.61321246298e-06, 5.49873675482e-06, 4.50457582701e-06, 3.40916335517e-06, 2.84449174615e-06, 1.02602700736e-06, 9.35492096232e-07, 1.64329503605e-06, 1.16923035876e-06, 1.10653013508e-06, 3.36444315963e-07, 2.39650461253e-07, 3.34360294119e-07, 1.82873606036e-07, 1.28335159388e-07, 5.70965319469e-08, 4.5396348014e-08, 5.10418374233e-08, 4.34569358276e-08, 2.28515926182e-08],
        "dmean2": [0.000993043417111, 0.00100321951322, 0.000402382342145, 0.000344378291629, 0.000303020584397, 0.000231186844758, 0.000224411502131, 0.000740287767258, 0.00018068026111, 0.000106814928586, 0.000105114944745, 8.69976938702e-05, 0.000182336647413, 7.60751499911e-05, 4.66675010102e-05, 2.38082157011e-05, 3.44795735145e-05, 1.59934952535e-05, 1.52839820657e-05, 1.63813856489e-05, 1.04850878415e-05, 8.53976325743e-06, 7.05775391907e-06, 5.67152528674e-06, 4.4176490519e-06, 1.67604673607e-06, 1.39726682846e-06, 2.13589146369e-06, 1.66515837918e-06, 1.54623000981e-06, 4.73324178074e-07, 3.18368449825e-07, 4.67148169037e-07, 2.50908072985e-07, 1.96898341187e-07, 8.66024763013e-08, 7.13440684308e-08, 7.70113715021e-08, 6.63144206214e-08, 3.47207631535e-08],
        "dvar": [6.76737363392e-06, 7.09499636287e-06, 3.04213187974e-07, 7.92632803837e-08, 1.11862121344e-07, 7.69690942093e-08, 5.75427918648e-08, 7.9939133002e-07, 9.61143840073e-08, 6.26356424505e-08, 5.51233512169e-08, 3.23685682702e-08, 1.14894689318e-07, 1.94659950381e-08, 6.87291290546e-09, 1.95497484867e-09, 5.93719828856e-09, 6.58485765914e-10, 8.01612831669e-10, 1.15180331939e-09, 5.76570180488e-10, 3.49402062838e-10, 2.72665084955e-10, 9.81143361001e-11, 1.68520822297e-10, 2.11840562453e-11, 9.77529342194e-12, 2.80979163547e-11, 2.57996193853e-11, 9.11294928407e-11, 1.64317366137e-12, 1.49039602274e-12, 1.76720118573e-12, 1.78412547323e-12, 2.50985267725e-13, 7.33643560399e-14, 5.597747675e-14, 4.6016643729e-14, 4.78541089134e-14, 8.03226097288e-15],
        "dvar2": [1.84127311513e-05, 1.94746062334e-05, 8.89498323886e-07, 2.3472965438e-07, 3.2788864246e-07, 1.96360616656e-07, 1.36708280252e-07, 2.10857388083e-06, 1.89112810745e-07, 1.44120093637e-07, 1.07179282338e-07, 5.31326840303e-08, 2.2707152425e-07, 3.03858094242e-08, 9.71424185536e-09, 2.85727597138e-09, 1.31899442479e-08, 1.6359007482e-09, 2.09725281586e-09, 3.04856895283e-09, 1.42512823764e-09, 8.86216544593e-10, 6.98000046651e-10, 2.97384200598e-10, 4.3544018391e-10, 6.26583090968e-11, 2.33271457706e-11, 5.36449946964e-11, 5.74440980894e-11, 1.97881239172e-10, 2.97664020169e-12, 2.84461473474e-12, 3.50642366705e-12, 3.51522847289e-12, 6.03949128122e-13, 1.73516596599e-13, 1.40753064043e-13, 1.05562931172e-13, 1.034639632e-13, 1.99415509875e-14],
        "max": [0.100684352219, 0.118140786886, 0.015471178107, 0.00412512337789, 0.00677191233262, 0.00637547764927, 0.00606357352808, 0.0212013944983, 0.0102632716298, 0.0085521703586, 0.00903379265219, 0.00573264388368, 0.00779386609793, 0.00408947095275, 0.00291031878442, 0.00224598823115, 0.00263186939992, 0.00059236085508, 0.000923634215724, 0.00106243195478, 0.00054451363394, 0.000399843935156, 0.00051517772954, 0.000190482838661, 0.000497434928548, 0.000127445106045, 9.90691914922e-05, 0.000143835160998, 0.000201835675398, 0.000673629634548, 6.3371102442e-05, 5.04883391841e-05, 6.05376990279e-05, 8.26892137411e-05, 1.24869429783e-05, 9.14557040232e-06, 1.10074297481e-05, 7.36727315598e-06, 1.04820837805e-05, 2.0031980057e-06],
        "mean": [0.00111048656981, 0.000989796943031, 0.000544356764294, 0.000373684044462, 0.000340830010828, 0.000360342470231, 0.000388715299778, 0.000936983386055, 0.000320034829201, 0.000174144355697, 0.000204061536351, 0.000177020629053, 0.000342571525835, 0.000138968476676, 0.000106858504296, 5.64002730243e-05, 4.81209281133e-05, 1.88545418496e-05, 1.67280741152e-05, 1.68450587807e-05, 1.13865999083e-05, 1.02227468233e-05, 7.04015565134e-06, 6.61670355839e-06, 5.47978197574e-06, 1.84420980531e-06, 2.05211563298e-06, 3.89143588109e-06, 2.6186849027e-06, 2.33024093177e-06, 8.37554011923e-07, 5.67025608689e-07, 8.0467071939e-07, 3.99206896873e-07, 2.15176200413e-07, 9.73294120854e-08, 7.54152225113e-08, 8.51342178976e-08, 8.00892294706e-08, 3.93476469185e-08],
        "median": [0.000133554727654, 0.000101809840999, 0.000249891483691, 0.000231250451179, 0.000171752806637, 0.000159591261763, 0.000244154653046, 0.000488313729875, 9.67962114373e-05, 5.55888400413e-05, 3.13944983645e-05, 5.37628875463e-05, 7.51867919462e-05, 3.40866172337e-05, 3.44475920429e-05, 1.93342712009e-05, 1.96454275283e-05, 6.57220061839e-06, 4.30827867604e-06, 3.42495286532e-06, 1.75979891992e-06, 1.32789125473e-06, 7.81099856795e-07, 5.72880253458e-07, 3.55571728505e-07, 1.42410485182e-07, 1.28918202336e-07, 1.17108221787e-07, 3.83849148022e-08, 3.77521409689e-08, 9.73383595948e-09, 6.37142738569e-09, 3.68137453854e-09, 2.7981510442e-09, 1.27293176e-09, 8.57596105241e-10, 3.96373239786e-10, 2.43118442045e-10, 1.02849145867e-10, 6.3482753776e-11],
        "min": [8.81177845693e-25, 3.38163789906e-25, 7.77627525931e-25, 1.35776421728e-24, 1.98951469715e-24, 1.68744368489e-24, 1.12318449559e-24, 9.3672233089e-25, 1.87075642103e-24, 2.24812361505e-24, 1.88663974093e-24, 1.39866734547e-24, 1.55033689855e-24, 2.86911807508e-24, 2.20285581808e-24, 1.85558287873e-24, 3.6456133884e-24, 3.1321077348e-24, 3.01753771845e-24, 2.98936138185e-24, 3.95972360136e-24, 3.44843878843e-24, 3.54337346521e-24, 4.1094044361e-24, 3.02760890841e-24, 2.93612273708e-24, 4.67259787431e-24, 4.64775033352e-24, 4.95133635315e-24, 3.75805643853e-24, 5.84490473847e-24, 5.23565562846e-24, 5.82629866516e-24, 4.47435712883e-24, 5.40394016992e-24, 5.73785670806e-24, 5.6113691728e-24, 5.9806992547e-24, 6.48604828375e-24, 5.50505714961e-24],
        "var": [1.49799097926e-05, 1.02170160972e-05, 6.28755685739e-07, 1.76005499952e-07, 2.13515448877e-07, 2.79020952121e-07, 2.16410555254e-07, 1.65483584169e-06, 4.562652407e-07, 1.8777630828e-07, 2.41523054001e-07, 1.56537666385e-07, 4.62045449012e-07, 9.21348188854e-08, 3.75297517508e-08, 1.2556963469e-08, 1.30562849421e-08, 1.41896194794e-09, 1.45310508071e-09, 1.97180582973e-09, 1.13587550477e-09, 7.24670934371e-10, 4.93800778045e-10, 2.49992693213e-10, 5.3904097852e-10, 4.79811676501e-11, 3.39475808575e-11, 1.16835902064e-10, 8.99566948709e-11, 3.32115002166e-10, 5.63310292509e-12, 4.94673529569e-12, 6.28125372895e-12, 4.03139370844e-12, 4.62818260279e-13, 1.31010518189e-13, 9.27321302971e-14, 8.99859613906e-14, 1.00177895493e-13, 1.60595227573e-14]
    },
    "mfcc": {
        "mean": [-742.692932129, 209.956985474, -19.8937988281, -1.2816170454, -4.99864912033, -0.927513599396, -1.23945498466, -3.4969701767, -6.10073375702, -1.71707653999, 0.165983512998, 5.31765699387, 3.19767284393],
        "cov": [[11598.5683594, -1619.2388916, -1633.22412109, 909.319702148, -1168.00939941, 247.834259033, -156.804122925, -20.6949157715, 312.019592285, -53.0969924927, -291.28704834, 179.567001343, 190.518844604], [-1619.2388916, 2679.44628906, -36.7178421021, -324.129669189, 512.046386719, -83.1676177979, 80.0197143555, -70.095489502, -162.462738037, 117.374031067, 109.559669495, 17.5110588074, -90.3050308228], [-1633.22412109, -36.7178421021, 801.670410156, -153.347839355, 182.246429443, 32.6463432312, 107.208351135, 163.443435669, 67.1082229614, 12.3889064789, 91.7147598267, -62.6054992676, 32.6064338684], [909.319702148, -324.129669189, -153.347839355, 388.989501953, -101.518875122, 109.305686951, 8.63760852814, -7.82659769058, 84.9779663086, 37.4392623901, -69.0422134399, 84.6066665649, 46.7021026611], [-1168.00939941, 512.046386719, 182.246429443, -101.518875122, 318.957946777, -14.8483839035, 30.2862110138, 18.5889835358, -46.5230903625, 60.498462677, 78.8607177734, 5.54864168167, -8.18216133118], [247.834259033, -83.1676177979, 32.6463432312, 109.305686951, -14.8483839035, 155.072311401, 54.7072219849, 31.7173156738, 56.4725532532, 6.76014041901, -17.050447464, 42.4394645691, 31.3530082703], [-156.804122925, 80.0197143555, 107.208351135, 8.63760852814, 30.2862110138, 54.7072219849, 175.486846924, 81.2421188354, 33.8411979675, 5.30929088593, 28.2140865326, 8.68489074707, 35.5904502869], [-20.6949157715, -70.095489502, 163.443435669, -7.82659769058, 18.5889835358, 31.7173156738, 81.2421188354, 147.102355957, 71.856590271, 4.597448349, 29.994222641, -7.57508468628, 34.6938362122], [312.019592285, -162.462738037, 67.1082229614, 84.9779663086, -46.5230903625, 56.4725532532, 33.8411979675, 71.856590271, 166.984725952, 35.9851226807, -8.00815010071, 5.05899620056, 25.2078781128], [-53.0969924927, 117.374031067, 12.3889064789, 37.4392623901, 60.498462677, 6.76014041901, 5.30929088593, 4.597448349, 35.9851226807, 144.904037476, 51.7859764099, 12.7210760117, -2.63520145416], [-291.28704834, 109.559669495, 91.7147598267, -69.0422134399, 78.8607177734, -17.050447464, 28.2140865326, 29.994222641, -8.00815010071, 51.7859764099, 186.03616333, 0.14852322638, -17.5317993164], [179.567001343, 17.5110588074, -62.6054992676, 84.6066665649, 5.54864168167, 42.4394645691, 8.68489074707, -7.57508468628, 5.05899620056, 12.7210760117, 0.14852322638, 125.540885925, 37.658416748], [190.518844604, -90.3050308228, 32.6064338684, 46.7021026611, -8.18216133118, 31.3530082703, 35.5904502869, 34.6938362122, 25.2078781128, -2.63520145416, -17.5317993164, 37.658416748, 133.671615601]],
