{
"lowlevel": {
    "average_loudness": 0.00700665358454,
    "barkbands_crest": {
        "dmean": 1.90702867508,
        "dmean2": 2.87596440315,
        "dvar": 4.41731452942,
        "dvar2": 10.1145458221,
        "max": 26.8077087402,
        "mean": 15.4774770737,
        "median": 14.8075447083,
        "min": 2.73822975159,
        "var": 29.5803947449
    },
    "barkbands_flatness_db": {
        "dmean": 0.0201394949108,
        "dmean2": 0.0288302022964,
        "dvar": 0.000511701218784,
        "dvar2": 0.00101386662573,
        "max": 0.592509865761,
        "mean": 0.343252331018,
        "median": 0.352981925011,
        "min": 0.0161514412612,
        "var": 0.0095895063132
    },
    "barkbands_kurtosis": {
        "dmean": 6.02391242981,
        "dmean2": 9.11693477631,
        "dvar": 220.837890625,
        "dvar2": 517.697631836,
        "max": 335.991119385,
        "mean": 13.479385376,
        "median": 3.73467993736,
        "min": -1.90412330627,
        "var": 761.307800293
    },
    "barkbands_skewness": {
        "dmean": 0.630039811134,
        "dmean2": 0.935695290565,
        "dvar": 0.835690379143,
        "dvar2": 1.89202535152,
        "max": 16.5190258026,
        "mean": 0.99416077137,
        "median": 0.753815710545,
        "min": -8.887342453,
        "var": 4.15498352051
    },
    "barkbands_spread": {
        "dmean": 1.28352296352,
        "dmean2": 1.96457397938,
        "dvar": 7.41506576538,
        "dvar2": 17.3493804932,
        "max": 95.7874908447,
        "mean": 5.98310565948,
        "median": 3.75094461441,
        "min": 0.116305999458,
        "var": 72.8702087402
    },
    "dissonance": {
        "dmean": 0.0535242706537,
        "dmean2": 0.0910746976733,
        "dvar": 0.00269840401597,
        "dvar2": 0.00731732603163,
        "max": 0.500000119209,
        "mean": 0.330516725779,
        "median": 0.329574555159,
        "min": 0.0535833574831,
        "var": 0.00853055063635
    },
    "dynamic_complexity": 14.487950325,
    "erbbands_crest": {
        "dmean": 2.34745788574,
        "dmean2": 3.53114581108,
        "dvar": 7.86015796661,
        "dvar2": 17.3166007996,
        "max": 34.6428833008,
        "mean": 19.275510788,
        "median": 18.8671646118,
        "min": 1.88888347149,
        "var": 61.6581764221
    },
    "erbbands_flatness_db": {
        "dmean": 0.0184445232153,
        "dmean2": 0.0260241180658,
        "dvar": 0.000487097422592,
        "dvar2": 0.000933550007176,
        "max": 0.589456796646,
        "mean": 0.347474217415,
        "median": 0.364532470703,
        "min": 0.0273345410824,
        "var": 0.0108346147463
    },
    "erbbands_kurtosis": {
        "dmean": 4.35776567459,
        "dmean2": 6.24983263016,
        "dvar": 77.392036438,
        "dvar2": 156.938522339,
        "max": 240.537979126,
        "mean": 11.1770648956,
        "median": 3.2107656002,
        "min": -1.85364294052,
        "var": 450.587127686
    },
    "erbbands_skewness": {
        "dmean": 0.507636845112,
        "dmean2": 0.716232478619,
        "dvar": 0.435193806887,
        "dvar2": 0.869668185711,
        "max": 11.5891962051,
        "mean": 1.32360517979,
        "median": 0.864395439625,
        "min": -4.80220508575,
        "var": 3.7162592411
    },
    "erbbands_spread": {
        "dmean": 1.93557393551,
        "dmean2": 2.84527301788,
        "dvar": 10.1712942123,
        "dvar2": 22.8040275574,
        "max": 109.680625916,
        "mean": 10.9665985107,
        "median": 7.38616704941,
        "min": 0.224818885326,
        "var": 192.505004883
    },
    "hfc": {
        "dmean": 1.83645606041,
        "dmean2": 2.26659750938,
        "dvar": 56.0036277771,
        "dvar2": 74.9282836914,
        "max": 211.240890503,
        "mean": 7.37686014175,
        "median": 0.307211399078,
        "min": 1.06710858439e-16,
        "var": 484.963195801
    },
    "melbands_crest": {
        "dmean": 2.40394878387,
        "dmean2": 3.63570427895,
        "dvar": 7.33628749847,
        "dvar2": 16.556388855,
        "max": 38.7393226624,
        "mean": 19.9037857056,
        "median": 19.1559658051,
        "min": 1.56540501118,
        "var": 57.1566925049
    },
    "melbands_flatness_db": {
        "dmean": 0.0211898777634,
        "dmean2": 0.0300348196179,
        "dvar": 0.000614886870608,
        "dvar2": 0.00121007650159,
        "max": 0.697711706161,
        "mean": 0.436543703079,
        "median": 0.458745360374,
        "min": 0.00255329511128,
        "var": 0.0157920047641
    },
    "melbands_kurtosis": {
        "dmean": 5.80985450745,
        "dmean2": 8.43902683258,
        "dvar": 190.296600342,
        "dvar2": 379.144500732,
        "max": 617.125305176,
        "mean": 14.5428390503,
        "median": 3.87786698341,
        "min": -1.91289389133,
        "var": 973.926879883
    },
    "melbands_skewness": {
        "dmean": 0.592919409275,
        "dmean2": 0.868115961552,
        "dvar": 0.635336816311,
        "dvar2": 1.34573912621,
        "max": 18.9065322876,
        "mean": 1.43519568443,
        "median": 1.11325013638,
        "min": -6.50572633743,
        "var": 4.17494869232
    },
    "melbands_spread": {
        "dmean": 2.14583134651,
        "dmean2": 3.33896064758,
        "dvar": 30.1822433472,
        "dvar2": 77.7360305786,
        "max": 169.299346924,
        "mean": 12.1240253448,
        "median": 5.17108249664,
        "min": 0.192625179887,
        "var": 749.614624023
    },
    "pitch_salience": {
        "dmean": 0.0519823543727,
        "dmean2": 0.0785409063101,
        "dvar": 0.00317302858457,
        "dvar2": 0.00699388701469,
        "max": 0.972395062447,
        "mean": 0.436554372311,
        "median": 0.442626595497,
        "min": 0.0446833521128,
        "var": 0.025908106938
    },
    "silence_rate_20dB": {
        "dmean": 0.000193442305317,
        "dmean2": 0.00038692203816,
        "dvar": 0.00019338625134,
        "dvar2": 0.000580158783123,
        "max": 1,
        "mean": 0.999903261662,
        "median": 1,
        "min": 0,
        "var": 9.66977822827e-05
    },
    "silence_rate_30dB": {
        "dmean": 0.00599671155214,
        "dmean2": 0.0119945835322,
        "dvar": 0.00596006354317,
        "dvar2": 0.0124306855723,
        "max": 1,
        "mean": 0.976402342319,
        "median": 1,
        "min": 0,
        "var": 0.02303728275
    },
    "silence_rate_60dB": {
        "dmean": 0.0288229044527,
        "dmean2": 0.0576513819396,
        "dvar": 0.0279883444309,
        "dvar2": 0.0591589063406,
        "max": 1,
        "mean": 0.641779482365,
        "median": 1,
        "min": 0,
        "var": 0.229901224375
    },
    "spectral_centroid": {
        "dmean": 62.9571647644,
        "dmean2": 95.1300354004,
        "dvar": 41162.8554688,
        "dvar2": 82439.265625,
        "max": 11949.1181641,
        "mean": 1009.88983154,
        "median": 495.219238281,
        "min": 130.008789062,
        "var": 4845166.5
    },
    "spectral_complexity": {
        "dmean": 0.467550039291,
        "dmean2": 0.795318245888,
        "dvar": 0.600863754749,
        "dvar2": 1.32283878326,
        "max": 15,
        "mean": 2.69990324974,
        "median": 2,
        "min": 0,
        "var": 6.27690935135
    },
    "spectral_decrease": {
        "dmean": 7.66614938197e-10,
        "dmean2": 9.4453478372e-10,
        "dvar": 8.73174418871e-18,
        "dvar2": 1.19239847194e-17,
        "max": 1.07420039566e-19,
        "mean": -3.06768166425e-09,
        "median": -2.06852313056e-10,
        "min": -8.11287961255e-08,
        "var": 7.96202301566e-17
    },
    "spectral_energy": {
        "dmean": 0.00305538834073,
        "dmean2": 0.00376566918567,
        "dvar": 0.000139710595249,
        "dvar2": 0.000190422477317,
        "max": 0.324257969856,
        "mean": 0.0122472653165,
        "median": 0.000814794620965,
        "min": 9.74116969911e-21,
        "var": 0.00127155543305
    },
    "spectral_energyband_high": {
        "dmean": 1.89686545582e-06,
        "dmean2": 2.37526751334e-06,
        "dvar": 1.01884868597e-10,
        "dvar2": 1.56225546388e-10,
        "max": 0.00033533576061,
        "mean": 4.72048577649e-06,
        "median": 1.62986921737e-08,
        "min": 6.91191958291e-21,
        "var": 6.05159478084e-10
    },
    "spectral_energyband_low": {
        "dmean": 4.95329295518e-05,
        "dmean2": 7.40114919608e-05,
        "dvar": 3.48159083785e-08,
        "dvar2": 7.51894191353e-08,
        "max": 0.00809620972723,
        "mean": 0.000108967331471,
        "median": 1.64567063621e-05,
        "min": 8.79181061248e-24,
        "var": 7.28780662484e-08
    },
    "spectral_energyband_middle_high": {
        "dmean": 0.000343548716046,
        "dmean2": 0.000439452298451,
        "dvar": 1.79295136604e-06,
        "dvar2": 3.47979153048e-06,
        "max": 0.0685420110822,
        "mean": 0.00115784758236,
        "median": 1.17072731882e-05,
        "min": 1.09883664138e-21,
        "var": 6.8446934165e-06
    },
    "spectral_energyband_middle_low": {
        "dmean": 0.00287728593685,
        "dmean2": 0.00357919814996,
        "dvar": 0.000134615736897,
        "dvar2": 0.000189653190318,
        "max": 0.315228015184,
        "mean": 0.0109392367303,
        "median": 0.00057741778437,
        "min": 1.31412109906e-22,
        "var": 0.0011710212566
    },
    "spectral_entropy": {
        "dmean": 0.175268903375,
        "dmean2": 0.251396596432,
        "dvar": 0.0469580851495,
        "dvar2": 0.0941378325224,
        "max": 9.83303260803,
        "mean": 5.45247888565,
        "median": 5.26836681366,
        "min": 3.27184820175,
        "var": 1.47847688198
    },
    "spectral_flux": {
        "dmean": 0.00984031055123,
        "dmean2": 0.0158169902861,
        "dvar": 0.000641433231067,
        "dvar2": 0.00157212570775,
        "max": 0.372841626406,
        "mean": 0.0172696616501,
        "median": 0.00708450283855,
        "min": 6.19682777314e-11,
        "var": 0.0010251053609
    },
    "spectral_kurtosis": {
        "dmean": 14.856967926,
        "dmean2": 23.8929653168,
        "dvar": 287.806640625,
        "dvar2": 731.258300781,
        "max": 264.833099365,
        "mean": 59.2724609375,
        "median": 52.4527130127,
        "min": -1.27134943008,
        "var": 1765.91101074
    },
    "spectral_rms": {
        "dmean": 0.000294320721878,
        "dmean2": 0.000361498212442,
        "dvar": 5.2092138958e-07,
        "dvar2": 6.89661248998e-07,
        "max": 0.0177862085402,
        "mean": 0.00203858013265,
        "median": 0.000891583738849,
        "min": 3.08278771434e-12,
        "var": 7.7927370512e-06
    },
    "spectral_rolloff": {
        "dmean": 122.505271912,
        "dmean2": 216.445831299,
        "dvar": 379498.375,
        "dvar2": 1005866.9375,
        "max": 19918.2128906,
        "mean": 1524.95812988,
        "median": 538.330078125,
        "min": 21.533203125,
        "var": 15075381
    },
    "spectral_skewness": {
        "dmean": 0.824281454086,
        "dmean2": 1.33419525623,
        "dvar": 0.715417981148,
        "dvar2": 1.80321013927,
        "max": 14.0864400864,
        "mean": 5.70080184937,
        "median": 5.74643516541,
        "min": -0.0958722308278,
        "var": 6.21648693085
    },
    "spectral_spread": {
        "dmean": 378111.09375,
        "dmean2": 648465.9375,
        "dvar": 564913045504,
        "dvar2": 1.2611640361e+12,
        "max": 43083692,
        "mean": 3682819.75,
        "median": 1582787.125,
        "min": 362828.71875,
        "var": 6.64792863867e+13
    },
    "spectral_strongpeak": {
        "dmean": 0.247201904655,
        "dmean2": 0.350513935089,
        "dvar": 0.46339648962,
        "dvar2": 0.808076679707,
        "max": 14.4837388992,
        "mean": 1.0711774826,
        "median": 0.297320365906,
        "min": 0,
        "var": 3.77768564224
    },
    "zerocrossingrate": {
        "dmean": 0.00327680679038,
        "dmean2": 0.00434158463031,
        "dvar": 6.07883594057e-05,
        "dvar2": 0.000114648675662,
        "max": 0.53955078125,
        "mean": 0.0505434833467,
        "median": 0.0224609375,
        "min": 0,
        "var": 0.0114972312003
    },
    "barkbands": {
        "dmean": [6.24365129624e-05, 2.00092581508e-05, 1.72366053448e-05, 9.85089900496e-06, 5.69992844248e-05, 0.000192799663637, 0.000893297139555, 0.00132545013912, 0.000574332138058, 0.000115198992717, 7.09632367943e-05, 0.000119866941532, 8.46024777275e-05, 1.08472686406e-05, 3.54473668267e-05, 8.04877072369e-06, 3.95454981117e-06, 2.10967255043e-06, 1.32202067107e-05, 1.65443032074e-06, 7.21230264844e-07, 1.9510822824e-07, 1.09784110691e-07, 1.06158253743e-07, 5.88879132124e-08, 3.54336577857e-08, 9.99158711323e-09],
        "dmean2": [7.90061167208e-05, 3.29666763719e-05, 2.63953588728e-05, 1.25767382997e-05, 6.1801954871e-05, 0.000222558155656, 0.00123105675448, 0.00157145503908, 0.000799241825007, 0.000152247521328, 9.79707328952e-05, 0.000160418843734, 0.000106111998321, 1.59251812875e-05, 4.36627160525e-05, 1.01587174868e-05, 5.42426914762e-06, 2.78629704553e-06, 1.49918250827e-05, 2.32766706176e-06, 9.68476342678e-07, 2.80184679013e-07, 1.60219755685e-07, 1.60330827725e-07, 8.72789200912e-08, 5.16758511537e-08, 1.77381789257e-08],
        "dvar": [3.61141673011e-07, 3.6816152349e-09, 1.48473855432e-09, 1.43533951391e-09, 1.06549713053e-07, 6.85474219608e-07, 1.62143114721e-05, 7.95300584286e-05, 1.97949120775e-05, 4.20301347503e-07, 1.3970151258e-07, 1.14624742764e-06, 1.67805367823e-07, 5.45984057965e-09, 1.09022728623e-07, 1.77201275875e-09, 2.78048917224e-09, 1.04991859651e-09, 1.27809292039e-08, 2.98478769478e-10, 1.87570479981e-11, 1.60393562581e-12, 4.57235865923e-13, 3.21605979695e-12, 1.07930110433e-13, 4.7491734666e-14, 4.42141914986e-14],
        "dvar2": [7.31621923933e-07, 9.8264258952e-09, 3.52965479067e-09, 2.7634023958e-09, 1.2509885039e-07, 9.64862692854e-07, 3.20348117384e-05, 9.83045392786e-05, 3.30391885655e-05, 6.73878503221e-07, 2.59457607399e-07, 2.33600894717e-06, 2.6546658205e-07, 1.41869040959e-08, 1.55809459557e-07, 3.15307713272e-09, 5.13339504238e-09, 2.11309147957e-09, 1.57904374021e-08, 5.84589154862e-10, 3.09226741435e-11, 3.49395122209e-12, 1.09905812749e-12, 8.31832519532e-12, 2.52107010398e-13, 1.17693059617e-13, 1.24348543073e-13],
        "max": [0.0278829596937, 0.00197736662813, 0.000812018231954, 0.00142602273263, 0.0155720710754, 0.0300928968936, 0.145300641656, 0.29534304142, 0.181484803557, 0.0312334112823, 0.012541981414, 0.0657548010349, 0.0151482792571, 0.00456174137071, 0.0140692507848, 0.00155500008259, 0.00456096092239, 0.0030479549896, 0.00497526116669, 0.000813342398033, 0.000144373305375, 5.17151747772e-05, 2.60938741121e-05, 0.000142857956234, 1.18117532111e-05, 1.03485554064e-05, 1.16335213534e-05],
        "mean": [0.000107872772787, 3.73111361114e-05, 3.38837126037e-05, 2.33269402088e-05, 0.000322064821376, 0.000928034016397, 0.00254797795787, 0.00501399580389, 0.00200710562058, 0.00035436055623, 0.000171227919054, 0.000278019317193, 0.000268372270511, 2.17255528696e-05, 6.80035882397e-05, 1.93512769329e-05, 6.74598686601e-06, 3.77553533326e-06, 2.76825012406e-05, 3.69176814274e-06, 1.74105014139e-06, 3.54744543074e-07, 2.08768142329e-07, 1.75176523953e-07, 1.12399973773e-07, 7.44249675222e-08, 9.12481112891e-09],
        "median": [1.22003007164e-06, 2.81061534224e-06, 4.8254032663e-06, 6.53715574117e-07, 1.60262716236e-05, 3.32836657435e-06, 2.43193280767e-05, 1.15506063594e-05, 3.19240575664e-06, 5.04607100993e-07, 1.69596978594e-06, 4.34756998402e-07, 4.13635973473e-07, 1.8284208636e-07, 1.8357596332e-07, 5.94711409008e-08, 6.98215671946e-08, 3.08743999256e-08, 1.19289840228e-08, 2.78676237642e-09, 1.91500038049e-09, 1.71590375242e-09, 1.29217658795e-09, 1.41927569697e-09, 2.05126138297e-09, 3.9203600366e-09, 8.17205747516e-10],
        "min": [2.24402922973e-25, 1.84203557319e-24, 1.21419683269e-25, 9.95350115914e-26, 3.96461887771e-24, 5.15077182847e-24, 3.31176429786e-24, 3.61587806543e-24, 7.83838701154e-24, 9.75739529313e-24, 8.08660998398e-24, 1.54914264202e-23, 2.26916928015e-23, 2.04893367268e-23, 3.27229253806e-23, 4.53245208022e-23, 6.01484541452e-23, 6.53213180234e-23, 6.43931758367e-23, 1.17546510035e-22, 1.96560029992e-22, 2.80134377672e-22, 3.45606828823e-22, 5.66638611515e-22, 7.61506793612e-22, 1.23980984643e-21, 1.85639948388e-21],
        "var": [5.88348427755e-07, 1.3888834971e-08, 5.31685273586e-09, 6.02324945476e-09, 2.39719929596e-06, 9.88402734947e-06, 6.34670286672e-05, 0.000857312465087, 0.000104590901174, 1.4747225805e-06, 4.52265965123e-07, 2.74030435321e-06, 1.07178505004e-06, 1.33200197538e-08, 3.23466309737e-07, 7.38483585394e-09, 5.61549340361e-09, 1.77516912281e-09, 4.98020753525e-08, 8.30581770028e-10, 1.00733935082e-10, 2.94390336761e-12, 9.54073734079e-13, 2.6589858787e-12, 2.23515230304e-13, 8.58371398049e-14, 2.66890154454e-14]
    },
    "erbbands": {
        "dmean": [0.000443291472038, 0.00547639932483, 0.0202320348471, 0.0225390903652, 0.0453387126327, 0.175341442227, 0.976826906204, 1.42882764339, 6.47537374496, 23.8423633575, 29.3334522247, 15.4105176926, 6.74982023239, 3.60183262825, 2.72689580917, 6.22022294998, 4.95603704453, 0.905451774597, 1.86669421196, 0.719110429287, 0.312178403139, 0.209465354681, 0.137375414371, 0.389984756708, 0.41438755393, 0.0782889276743, 0.0325065739453, 0.0167324375361, 0.00751302856952, 0.00389034068212, 0.00308479834348, 0.00321364286356, 0.00106639834121, 0.000542305060662, 0.000511018850375, 0.000137629467645, 7.75058288127e-05, 1.75307650352e-05, 2.20013657781e-06, 3.5433370158e-06],
        "dmean2": [0.000695686612744, 0.0089342687279, 0.0314564220607, 0.030386082828, 0.0580090805888, 0.2146871984, 0.932039380074, 1.76917207241, 8.67251873016, 32.0386390686, 33.476184845, 19.8637714386, 9.43746376038, 4.69088935852, 3.76953125, 8.35555744171, 6.25624799728, 1.21083498001, 2.26218485832, 0.900402128696, 0.429163783789, 0.28179076314, 0.182266503572, 0.447415024042, 0.480677366257, 0.102767720819, 0.0427630059421, 0.0223671551794, 0.0106952087954, 0.00556251034141, 0.00436273310333, 0.00462584942579, 0.00167026394047, 0.000838821346406, 0.00075814552838, 0.000198325724341, 0.000115934206406, 2.73953155556e-05, 3.09173947244e-06, 4.40693929704e-06],
        "dvar": [4.80319386043e-06, 0.000263208406977, 0.00202633766457, 0.00445288652554, 0.0132972532883, 0.514100372791, 58.2613601685, 37.2980384827, 568.503051758, 17358.09375, 56180.765625, 6981.79248047, 12545.9755859, 179.270614624, 184.843505859, 2939.21630859, 500.488006592, 20.1936893463, 294.445220947, 16.9574127197, 4.07629776001, 5.25444126129, 6.83047676086, 10.1688728333, 11.9934120178, 0.240162685513, 0.0382531173527, 0.00838909018785, 0.00253706495278, 0.000684878206812, 0.000308576767566, 0.00154045445379, 0.000347929657437, 1.10466462502e-05, 8.26417726785e-06, 7.60683178669e-07, 2.3515079306e-07, 2.98593860748e-08, 3.2021091334e-10, 1.96605398628e-10],
        "dvar2": [1.08296844701e-05, 0.00069402588997, 0.00493243290111, 0.00845697242767, 0.0261268932372, 0.730339229107, 62.4249267578, 59.4219398499, 1107.98962402, 31789.453125, 66273.953125, 11762.7880859, 19509.6757812, 315.687133789, 332.638641357, 6010.23095703, 833.209228516, 50.4037399292, 417.221466064, 25.293088913, 9.04613208771, 9.90370845795, 13.0743293762, 12.666885376, 15.1897354126, 0.407493412495, 0.0606933422387, 0.0139295179397, 0.0054012532346, 0.00163665530272, 0.00067825964652, 0.00386486295611, 0.000907752313651, 2.66490296781e-05, 1.97320168809e-05, 1.87446767086e-06, 5.93949835093e-07, 7.31725506853e-08, 8.62489357711e-10, 2.88887330724e-10],
        "max": [0.0897833332419, 0.527263820171, 0.846652030945, 2.4815466404, 9.29232025146, 31.3392333984, 416.611938477, 237.496490479, 1089.62280273, 4419.05126953, 8235.75195312, 2237.79418945, 5603.15087891, 388.571258545, 398.405639648, 3364.83496094, 845.531066895, 264.574127197, 708.141418457, 168.37361145, 86.570350647, 202.111968994, 247.852630615, 129.322509766, 167.460189819, 16.8647785187, 6.61799430847, 3.08625340462, 2.42976403236, 1.19875180721, 0.752996265888, 2.97351980209, 1.45213007927, 0.092396825552, 0.109978176653, 0.0436474680901, 0.0223988760263, 0.0115286745131, 0.00090076669585, 0.000370033289073],
        "mean": [0.000721607008018, 0.0105992788449, 0.0412915870547, 0.057302556932, 0.184898138046, 0.858005523682, 6.18093061447, 6.09980535507, 21.3914794922, 63.5413513184, 123.20388031, 63.3212089539, 16.3543014526, 12.9429340363, 6.96052503586, 15.3655824661, 15.9115190506, 2.47752022743, 3.72477936745, 1.62475836277, 0.62220031023, 0.377916455269, 0.260532081127, 0.874824523926, 0.90245616436, 0.202302545309, 0.0826285406947, 0.0395626798272, 0.0135404001921, 0.00711084669456, 0.00611063279212, 0.00588677031919, 0.00153459759895, 0.000938641198445, 0.00100685597863, 0.000294175406452, 0.000160493087606, 3.03764209093e-05, 6.98712983649e-06, 1.40386218845e-05],
        "median": [8.86165362317e-05, 0.000763016578276, 0.00562133220956, 0.00831484049559, 0.0372274890542, 0.0712087005377, 0.0480977296829, 0.0655023008585, 0.367494404316, 1.07102239132, 0.639128923416, 0.223715275526, 0.074667647481, 0.0654786601663, 0.124613359571, 0.0372325405478, 0.0270773693919, 0.0173725970089, 0.0128714516759, 0.00753653002903, 0.00413841195405, 0.00379449292086, 0.00245315814391, 0.00135091552511, 0.000481879571453, 0.00017055508215, 0.000105927800178, 6.91827299306e-05, 6.17681216681e-05, 4.73841719213e-05, 3.81223289878e-05, 3.05741195916e-05, 2.45699993684e-05, 2.1061845473e-05, 1.71312785824e-05, 1.29021018438e-05, 8.16478132037e-06, 2.5558526886e-06, 4.92840399602e-07, 9.23539687392e-07],
        "min": [4.80663520287e-23, 3.51129132838e-22, 9.1894505299e-22, 3.02249534005e-21, 3.49135892114e-21, 9.08401832329e-21, 3.19802920526e-20, 5.13776612611e-20, 3.77663590451e-20, 1.15509762559e-19, 1.41846689199e-19, 2.14616882538e-19, 3.90676162538e-19, 6.12991447016e-19, 7.67089973557e-19, 1.0233175435e-18, 1.60990595405e-18, 1.8384899751e-18, 1.87577369364e-18, 2.53126490505e-18, 2.94055035662e-18, 3.45370012143e-18, 3.3699056914e-18, 6.46677312467e-18, 5.38454625948e-18, 5.85214649668e-18, 9.08115024253e-18, 9.31495863294e-18, 9.25480854033e-18, 9.17188202956e-18, 1.0377418363e-17, 1.08583676409e-17, 8.43936810222e-18, 7.25085928167e-18, 5.31032334312e-18, 3.73473494134e-18, 2.24915040765e-18, 8.72163211252e-19, 2.42862942032e-19, 2.68590084696e-20],
        "var": [7.33788465368e-06, 0.00103761360515, 0.00717645417899, 0.0197259541601, 0.257704764605, 10.5894470215, 1397.7935791, 351.48260498, 2906.07006836, 72165.046875, 642321.25, 73574.5, 33091.0625, 1073.91137695, 658.619018555, 7025.11962891, 3088.46313477, 64.9342803955, 909.810546875, 55.0027809143, 8.99961948395, 10.5305643082, 12.7270803452, 43.5891456604, 47.4073181152, 1.36115384102, 0.22522379458, 0.042904779315, 0.00441295420751, 0.00115216779523, 0.0007950051222, 0.00164675002452, 0.000265661248704, 1.68331844179e-05, 1.82412677532e-05, 1.38236600833e-06, 4.03234480473e-07, 2.90670065795e-08, 5.05945230156e-10, 1.66585123473e-09]
    },
    "gfcc": {
        "mean": [-380.148254395, 157.258178711, -82.7237091064, -37.0001144409, -49.4207229614, -10.3214464188, -28.5613937378, 1.97095000744, -11.7492427826, 0.561255216599, -8.82485485077, -4.21001291275, -14.6109619141],
        "cov": [[55635.171875, 6723.39892578, -9828.40625, -4388.88720703, -3206.85473633, -1017.08703613, -122.375595093, 287.261383057, 225.392547607, 791.862976074, 911.926391602, -178.123825073, -321.144104004], [6723.39892578, 3191.27294922, -11.2539110184, -699.137512207, -143.71333313, -277.862304688, -420.393737793, -174.953811646, -77.3837356567, -134.210494995, 36.111038208, 47.850933075, -136.18699646], [-9828.40625, -11.2539110184, 2902.79052734, 1008.30853271, 593.660644531, 132.851287842, -264.574005127, -99.868927002, -122.513420105, -268.98538208, -358.420898438, 51.2691764832, -16.3392486572], [-4388.88720703, -699.137512207, 1008.30853271, 961.995544434, 435.435424805, 182.780471802, -53.6323852539, 66.0464248657, -101.4012146, -104.800727844, -235.715301514, -55.4597587585, -55.5913581848], [-3206.85473633, -143.71333313, 593.660644531, 435.435424805, 589.322265625, 140.124847412, -28.8329353333, 13.2353086472, 16.457567215, -90.7757492065, -70.6051635742, -51.7276077271, -33.9933929443], [-1017.08703613, -277.862304688, 132.851287842, 182.780471802, 140.124847412, 279.769287109, 94.0749893188, 32.4959144592, -46.9630317688, 0.455894649029, -52.3309249878, -2.89764928818, -14.1591711044], [-122.375595093, -420.393737793, -264.574005127, -53.6323852539, -28.8329353333, 94.0749893188, 315.099395752, 135.579940796, 51.9261703491, 28.5341129303, 61.7527008057, -39.8925895691, -10.8789434433], [287.261383057, -174.953811646, -99.868927002, 66.0464248657, 13.2353086472, 32.4959144592, 135.579940796, 302.059387207, 133.420608521, 30.2409687042, -69.7792434692, -109.256652832, -114.859825134], [225.392547607, -77.3837356567, -122.513420105, -101.4012146, 16.457567215, -46.9630317688, 51.9261703491, 133.420608521, 248.710494995, 100.407821655, 8.00696277618, -76.1289215088, -42.8044281006], [791.862976074, -134.210494995, -268.98538208, -104.800727844, -90.7757492065, 0.455894649029, 28.5341129303, 30.2409687042, 100.407821655, 214.986221313, 151.82901001, 31.6948318481, -48.3124160767], [911.926391602, 36.111038208, -358.420898438, -235.715301514, -70.6051635742, -52.3309249878, 61.7527008057, -69.7792434692, 8.00696277618, 151.82901001, 367.4503479, 163.374511719, -13.6110544205], [-178.123825073, 47.850933075, 51.2691764832, -55.4597587585, -51.7276077271, -2.89764928818, -39.8925895691, -109.256652832, -76.1289215088, 31.6948318481, 163.374511719, 225.008071899, 88.945602417], [-321.144104004, -136.18699646, -16.3392486572, -55.5913581848, -33.9933929443, -14.1591711044, -10.8789434433, -114.859825134, -42.8044281006, -48.3124160767, -13.6110544205, 88.945602417, 229.202972412]],
        "icov": [[0.000259169086348, -0.000677842996083, 0.000894717639312, -0.000637003628071, 0.000889722956344, -0.000322667707223, 0.000243478192715, -0.000274573569186, -0.000218480417971, -6.31677321508e-05, -0.000199194924789, 0.000308786344249, -0.000330137554556], [-0.000677842996083, 0.00246344320476, -0.00245083589107, 0.0026258372236, -0.00263670785353, 0.000979858217761, 0.000222659917199, 0.000520723464433, 0.000954109826125, 0.000636027834844, 0.000696534931194, -0.00109957659151, 0.00169744645245], [0.000894717639312, -0.00245083589107, 0.00388364563696, -0.00296003115363, 0.00285961362533, -0.00094798579812, 0.000617787998635, -0.0002253644343, -0.0014986966271, 0.000233772909269, 0.00019683719438, -0.000228070566664, -0.000492165621836], [-0.000637003628071, 0.0026258372236, -0.00296003115363, 0.00598539225757, -0.00466572958976, 0.00148318195716, 8.00443376647e-05, -0.000835627899505, 0.00385674857534, -0.00181925622746, 0.00294580752961, -0.00176128861494, 0.00208828598261], [0.000889722956344, -0.00263670785353, 0.00285961362533, -0.00466572958976, 0.00794120226055, -0.00421730522066, 0.00245356070809, -0.000524949631654, -0.00428349711001, 0.00406284444034, -0.00524439569563, 0.0041231312789, -0.00233224686235], [-0.000322667707223, 0.000979858217761, -0.00094798579812, 0.00148318195716, -0.00421730522066, 0.00816535390913, -0.00446296064183, 0.00108038797043, 0.00373774487525, -0.00480437744409, 0.00595000851899, -0.00431932834908, 0.00234565441497], [0.000243478192715, 0.000222659917199, 0.000617787998635, 8.00443376647e-05, 0.00245356070809, -0.00446296064183, 0.00916555617005, -0.00452684145421, -0.000700732111, 0.00410065148026, -0.0065439818427, 0.00500351237133, -0.00280520645902], [-0.000274573569186, 0.000520723464433, -0.0002253644343, -0.000835627899505, -0.000524949631654, 0.00108038797043, -0.00452684145421, 0.00946842972189, -0.00441162707284, 0.00054270477267, 0.00398110505193, -0.00323324627243, 0.00500648794696], [-0.000218480417971, 0.000954109826125, -0.0014986966271, 0.00385674857534, -0.00428349711001, 0.00373774487525, -0.000700732111, -0.00441162707284, 0.0121368598193, -0.0077892402187, 0.00268450565636, 0.00150479166768, -0.00135885039344], [-6.31677321508e-05, 0.000636027834844, 0.000233772909269, -0.00181925622746, 0.00406284444034, -0.00480437744409, 0.00410065148026, 0.00054270477267, -0.0077892402187, 0.0152599075809, -0.00830238405615, 0.00196738075465, 0.00114257715177], [-0.000199194924789, 0.000696534931194, 0.00019683719438, 0.00294580752961, -0.00524439569563, 0.00595000851899, -0.0065439818427, 0.00398110505193, 0.00268450565636, -0.00830238405615, 0.0158652123064, -0.0119846733287, 0.00648177880794], [0.000308786344249, -0.00109957659151, -0.000228070566664, -0.00176128861494, 0.0041231312789, -0.00431932834908, 0.00500351237133, -0.00323324627243, 0.00150479166768, 0.00196738075465, -0.0119846733287, 0.0169654060155, -0.00830189883709], [-0.000330137554556, 0.00169744645245, -0.000492165621836, 0.00208828598261, -0.00233224686235, 0.00234565441497, -0.00280520645902, 0.00500648794696, -0.00135885039344, 0.00114257715177, 0.00648177880794, -0.00830189883709, 0.0111487759277]]
    },
    "melbands": {
        "dmean": [6.87951023792e-06, 9.35560274229e-06, 4.25459438702e-06, 6.17744808551e-06, 2.72430042969e-05, 3.81066420232e-05, 0.000117281131679, 0.000248255062615, 0.000235521118157, 8.07401447673e-05, 3.08797280013e-05, 1.42826511365e-05, 1.07045289042e-05, 1.04329856185e-05, 1.40252986967e-05, 7.91471302364e-06, 1.14618433145e-06, 2.48195647146e-06, 2.09315771826e-06, 5.93215474964e-07, 3.61950981187e-07, 2.05183724233e-07, 2.37716619722e-07, 6.26046201546e-08, 3.42436408118e-07, 6.64710455567e-07, 7.7776185492e-08, 5.15427558412e-08, 1.06339710371e-08, 3.02347622494e-08, 6.03154370893e-09, 4.27476765097e-09, 4.43673231487e-09, 1.73080472177e-09, 1.66669011925e-09, 2.21611395901e-09, 2.11460138289e-09, 9.51783873937e-10, 3.96156052407e-10, 4.71489847165e-10],
        "dmean2": [1.04782711787e-05, 1.46952261275e-05, 5.72720773562e-06, 8.17850377643e-06, 2.62229023065e-05, 4.64450422442e-05, 0.000159882794833, 0.000330903189024, 0.000263730704319, 0.00010918348562, 4.39229515905e-05, 1.84419895959e-05, 1.48364351844e-05, 1.4296718291e-05, 1.84695836651e-05, 9.90835633274e-06, 1.62651247138e-06, 3.00947726828e-06, 2.59321791418e-06, 7.35688729492e-07, 5.07293179908e-07, 2.84807043727e-07, 3.11221810989e-07, 8.9236678491e-08, 3.94480139221e-07, 7.58127271183e-07, 1.1152146584e-07, 6.90048977958e-08, 1.49717518383e-08, 4.00561717129e-08, 8.68878125004e-09, 6.19588247375e-09, 6.52735243634e-09, 2.653075315e-09, 2.42837194797e-09, 3.22193627333e-09, 3.14827475201e-09, 1.57088542174e-09, 6.49540810027e-10, 7.2929895456e-10],
        "dvar": [1.26089017005e-09, 4.65293525931e-10, 1.70063935157e-10, 2.70049677065e-10, 4.31871107764e-08, 2.89533481634e-08, 1.79950362167e-07, 1.70521855125e-06, 3.56245777766e-06, 2.98158369105e-07, 3.10309275164e-07, 3.11408143716e-09, 3.43800810043e-09, 8.82276296466e-09, 7.39484651291e-09, 1.66018898629e-09, 5.68331527673e-11, 5.12912712303e-10, 3.69528019295e-10, 1.1293103605e-11, 7.3680749002e-12, 2.25164353308e-12, 4.31423334557e-11, 1.32449430655e-13, 8.11077593976e-12, 3.44720640921e-11, 1.12331801846e-12, 1.09756781029e-13, 3.36308227191e-15, 4.10935594906e-14, 1.77301709437e-15, 7.92579528416e-16, 1.20579534025e-15, 1.71113532893e-16, 8.56501055069e-17, 2.15548748957e-16, 1.49800180178e-15, 4.59578001384e-16, 9.52252802713e-18, 6.97034000207e-18],
        "dvar2": [2.72204880858e-09, 1.16471010614e-09, 3.43938988401e-10, 5.37405731027e-10, 4.6153282085e-08, 4.45561241236e-08, 3.62787261565e-07, 3.06663241645e-06, 4.05018727179e-06, 5.10602603754e-07, 4.83285418795e-07, 5.56808599228e-09, 6.36016039834e-09, 1.79772783326e-08, 1.53331072283e-08, 2.76940403943e-09, 1.43942982533e-10, 7.24650783823e-10, 5.37149880131e-10, 1.70742794903e-11, 1.45972331445e-11, 4.27494411398e-12, 8.21143014695e-11, 3.04381872355e-13, 1.01665837207e-11, 4.29180198325e-11, 1.86974524405e-12, 1.87320658659e-13, 6.76068748917e-15, 6.52400496907e-14, 3.08979852642e-15, 1.68426635858e-15, 2.70999001167e-15, 4.54320097303e-16, 1.91035019894e-16, 4.84497604813e-16, 3.86898858153e-15, 1.21032791943e-15, 2.47960805482e-17, 1.69881010619e-17],
        "max": [0.00156871636864, 0.000491766084451, 0.000473181018606, 0.00145442294888, 0.0112274782732, 0.00642249360681, 0.0166564956307, 0.0419851057231, 0.0668282583356, 0.0186909232289, 0.0274309664965, 0.00166609243024, 0.00188492692541, 0.00586719112471, 0.0050587374717, 0.00154538219795, 0.000459600414615, 0.000920670398045, 0.000856237194967, 0.000151198037202, 0.000132919623866, 6.9169618655e-05, 0.000624622392934, 1.49778052219e-05, 0.000110684944957, 0.000270443502814, 5.36466613994e-05, 1.15588773042e-05, 2.4023079277e-06, 6.6179127316e-06, 2.42940200224e-06, 1.24631333165e-06, 1.93525283976e-06, 5.55892427201e-07, 3.37752965152e-07, 7.13771328265e-07, 3.11001872433e-06, 1.68909605236e-06, 1.07578422615e-07, 7.06390750338e-08],
        "mean": [1.24692614918e-05, 1.94050608116e-05, 1.13621726996e-05, 2.64243062702e-05, 0.000171373962075, 0.000162884782185, 0.000370053079678, 0.000679294462316, 0.000982998986728, 0.000318529608194, 6.45940672257e-05, 5.02271104779e-05, 2.61086097453e-05, 2.49468321272e-05, 3.92806905438e-05, 2.46410127147e-05, 2.34802905652e-06, 4.94787991556e-06, 3.99689906772e-06, 1.44334853758e-06, 6.38328685909e-07, 3.35785102834e-07, 4.17731286007e-07, 1.18500679491e-07, 7.72404177951e-07, 1.35127686463e-06, 1.45877606883e-07, 1.17928429688e-07, 2.56862353609e-08, 6.90908521506e-08, 1.0786353144e-08, 7.21500281742e-09, 7.06370384407e-09, 2.8382460826e-09, 3.14589576611e-09, 4.20629930886e-09, 3.49186390913e-09, 1.17809717537e-09, 5.51441836638e-10, 8.12838796271e-10],
        "median": [1.12552311293e-06, 2.26857196139e-06, 1.86544093594e-06, 4.51280538982e-06, 1.68882525031e-06, 9.20013974337e-07, 3.52806500814e-06, 7.95573032519e-06, 2.45604655902e-06, 5.07226786794e-07, 8.37971896317e-08, 1.51645949131e-07, 2.91461503821e-07, 9.67945226193e-08, 6.21521820676e-08, 3.64127714647e-08, 1.92208808869e-08, 1.43516416529e-08, 1.11500515487e-08, 4.59117144302e-09, 3.0463356282e-09, 3.42212835847e-09, 2.25305818446e-09, 1.45958212183e-09, 8.49773806877e-10, 2.95040131215e-10, 1.42069384035e-10, 8.40329611451e-11, 6.504409511e-11, 4.56322965525e-11, 3.35912547778e-11, 3.33903321659e-11, 2.81119363899e-11, 2.30019770592e-11, 2.13195953946e-11, 1.88962717002e-11, 1.80589952714e-11, 1.64114104251e-11, 1.65438426847e-11, 1.72549786959e-11],
        "min": [6.60528914552e-25, 3.05480173267e-25, 5.42114335272e-25, 3.23912549267e-25, 1.47357116753e-24, 1.08340726913e-24, 5.31097547604e-25, 1.00380065278e-24, 8.45231229179e-25, 1.0145682097e-24, 1.56394770739e-24, 2.22458400563e-24, 2.30167464874e-24, 2.42459929372e-24, 2.50194335839e-24, 2.79807306474e-24, 2.49605530059e-24, 2.11734290152e-24, 2.41253169402e-24, 2.81068142859e-24, 3.09568109643e-24, 2.980527323e-24, 2.48724175213e-24, 3.13948575363e-24, 3.41296529124e-24, 2.37369824103e-24, 3.58174602622e-24, 3.05991631235e-24, 4.0476169057e-24, 3.78657888785e-24, 4.24505222419e-24, 4.46555107455e-24, 5.06217801565e-24, 4.39748026704e-24, 4.14346192796e-24, 5.02732377427e-24, 5.93042357148e-24, 5.64529098058e-24, 4.90131349986e-24, 5.61434988373e-24],
        "var": [2.19254103762e-09, 1.75763215093e-09, 7.26807725115e-10, 6.44519460025e-09, 1.04758419184e-06, 2.84154708652e-07, 8.19898900772e-07, 7.53305812395e-06, 4.07749284932e-05, 2.33761102209e-06, 7.99066754098e-07, 1.85071886705e-08, 1.14129949935e-08, 1.98698053566e-08, 2.32550920742e-08, 8.95305873883e-09, 1.48304687975e-10, 1.62114632829e-09, 1.02021091575e-09, 4.96646022918e-11, 1.65161460897e-11, 4.76094294197e-12, 8.02814412171e-11, 3.97443877939e-13, 3.52644545509e-11, 1.26775534515e-10, 2.86534663184e-12, 5.08793473932e-13, 1.7229160061e-14, 1.96227962265e-13, 4.99097181159e-15, 1.36002627566e-15, 1.73969513586e-15, 2.10707121866e-16, 2.05473464103e-16, 4.86409358175e-16, 1.23502348265e-15, 3.30544310922e-16, 8.9035595281e-18, 1.21136630241e-17]
    },
    "mfcc": {
        "mean": [-953.983642578, 150.383224487, 27.6854667664, -3.62067365646, -9.8012046814, -9.16672134399, -7.28216552734, -5.3877530098, -4.45245885849, 1.33620297909, 4.82579994202, 6.1785697937, 3.95754003525],
        "cov": [[11537.0351562, 4867.75683594, -2930.81030273, -1641.73535156, -1246.71179199, -584.999267578, -81.0947723389, -75.065612793, -234.956832886, 318.248779297, 313.13269043, 495.959960938, 446.391967773], [4867.75683594, 4003.77319336, -142.809890747, -846.120239258, -436.104888916, -334.175262451, -241.23135376, -177.732818604, -238.136886597, -178.218933105, 62.8870887756, 232.11831665, 294.668884277], [-2930.81030273, -142.809890747, 1852.71765137, 682.833374023, 432.414642334, 133.769927979, -90.9746170044, -32.4054260254, 58.6076622009, -166.964904785, -91.5711517334, -148.658294678, -162.674133301], [-1641.73535156, -846.120239258, 682.833374023, 704.771911621, 380.68560791, 149.472549438, 65.6728210449, 61.0917510986, 85.6963806152, 38.4119300842, -20.7059955597, -89.9450302124, -139.817230225], [-1246.71179199, -436.104888916, 432.414642334, 380.68560791, 385.486328125, 177.982879639, 39.8425483704, 21.021282196, 35.5154914856, -34.1220016479, -58.8678131104, -85.9652023315, -68.5244369507], [-584.999267578, -334.175262451, 133.769927979, 149.472549438, 177.982879639, 203.362411499, 118.053848267, 35.6577110291, 17.9882202148, -16.2486858368, -53.5235862732, -62.4674301147, -48.0914573669], [-81.0947723389, -241.23135376, -90.9746170044, 65.6728210449, 39.8425483704, 118.053848267, 209.11605835, 114.971626282, 3.29954886436, 6.93072748184, -14.7809352875, -5.86976623535, -19.8958244324], [-75.065612793, -177.732818604, -32.4054260254, 61.0917510986, 21.021282196, 35.6577110291, 114.971626282, 159.495880127, 96.0172729492, 49.7332687378, 19.8075199127, -4.48721933365, -40.3144416809], [-234.956832886, -238.136886597, 58.6076622009, 85.6963806152, 35.5154914856, 17.9882202148, 3.29954886436, 96.0172729492, 204.056610107, 168.880203247, 34.1721763611, -68.5705337524, -103.483680725], [318.248779297, -178.218933105, -166.964904785, 38.4119300842, -34.1220016479, -16.2486858368, 6.93072748184, 49.7332687378, 168.880203247, 283.317169189, 131.357467651, -5.99808120728, -72.9993057251], [313.13269043, 62.8870887756, -91.5711517334, -20.7059955597, -58.8678131104, -53.5235862732, -14.7809352875, 19.8075199127, 34.1721763611, 131.357467651, 217.441680908, 170.147445679, 65.1086425781], [495.959960938, 232.11831665, -148.658294678, -89.9450302124, -85.9652023315, -62.4674301147, -5.86976623535, -4.48721933365, -68.5705337524, -5.99808120728, 170.147445679, 293.841918945, 211.830184937], [446.391967773, 294.668884277, -162.674133301, -139.817230225, -68.5244369507, -48.0914573669, -19.8958244324, -40.3144416809, -103.483680725, -72.9993057251, 65.1086425781, 211.830184937, 253.251281738]],
