{
"lowlevel": {
    "average_loudness": 0.953873872757,
    "barkbands_crest": {
        "dmean": 4.49271440506,
        "dmean2": 6.7411866188,
        "dvar": 17.4140052795,
        "dvar2": 38.9477272034,
        "max": 26.1855220795,
        "mean": 13.4638605118,
        "median": 13.4860420227,
        "min": 2.0148203373,
        "var": 38.6262283325
    },
    "barkbands_flatness_db": {
        "dmean": 0.0419463291764,
        "dmean2": 0.0609591118991,
        "dvar": 0.00148970005102,
        "dvar2": 0.00307396799326,
        "max": 0.343125790358,
        "mean": 0.130421116948,
        "median": 0.120939128101,
        "min": 0.0200321506709,
        "var": 0.00418504839763
    },
    "barkbands_kurtosis": {
        "dmean": 9.294465065,
        "dmean2": 14.0725393295,
        "dvar": 322.235992432,
        "dvar2": 725.239807129,
        "max": 188.595077515,
        "mean": 9.76343154907,
        "median": 2.94681215286,
        "min": -1.89368450642,
        "var": 406.480712891
    },
    "barkbands_skewness": {
        "dmean": 1.23202943802,
        "dmean2": 1.79467844963,
        "dvar": 1.90230870247,
        "dvar2": 3.80375361443,
        "max": 12.9021625519,
        "mean": 2.22734427452,
        "median": 1.73793673515,
        "min": -4.95338439941,
        "var": 4.11498165131
    },
    "barkbands_spread": {
        "dmean": 11.9679059982,
        "dmean2": 18.7217273712,
        "dvar": 141.608566284,
        "dvar2": 316.460845947,
        "max": 90.3959579468,
        "mean": 26.5747852325,
        "median": 23.1180667877,
        "min": 1.11164736748,
        "var": 335.38873291
    },
    "dissonance": {
        "dmean": 0.0178363099694,
        "dmean2": 0.0293461456895,
        "dvar": 0.000339494901709,
        "dvar2": 0.000854632467963,
        "max": 0.500000059605,
        "mean": 0.464977622032,
        "median": 0.472653359175,
        "min": 0.307271957397,
        "var": 0.000833270431031
    },
    "dynamic_complexity": 2.39614248276,
    "erbbands_crest": {
        "dmean": 3.3525583744,
        "dmean2": 5.25393676758,
        "dvar": 10.84304142,
        "dvar2": 23.8768348694,
        "max": 32.0791625977,
        "mean": 10.3193454742,
        "median": 7.77888393402,
        "min": 2.10100221634,
        "var": 43.4943656921
    },
    "erbbands_flatness_db": {
        "dmean": 0.0258914586157,
        "dmean2": 0.0352298244834,
        "dvar": 0.000611917348579,
        "dvar2": 0.00103788811248,
        "max": 0.350683361292,
        "mean": 0.140850350261,
        "median": 0.128880396485,
        "min": 0.0214559920132,
        "var": 0.00338256754912
    },
    "erbbands_kurtosis": {
        "dmean": 1.35652637482,
        "dmean2": 2.07546257973,
        "dvar": 5.22263860703,
        "dvar2": 10.2966718674,
        "max": 35.7124481201,
        "mean": 1.26711750031,
        "median": -0.188555002213,
        "min": -1.87420237064,
        "var": 16.9965839386
    },
    "erbbands_skewness": {
        "dmean": 0.497190535069,
        "dmean2": 0.748423874378,
        "dvar": 0.236706897616,
        "dvar2": 0.488693624735,
        "max": 5.2587723732,
        "mean": 0.480502545834,
        "median": 0.315290242434,
        "min": -3.0105009079,
        "var": 1.15424466133
    },
    "erbbands_spread": {
        "dmean": 12.107872963,
        "dmean2": 18.1026821136,
        "dvar": 140.989715576,
        "dvar2": 290.58682251,
        "max": 128.816497803,
        "mean": 45.0103149414,
        "median": 42.3710517883,
        "min": 3.45067119598,
        "var": 470.805206299
    },
    "hfc": {
        "dmean": 13.8884220123,
        "dmean2": 19.5444068909,
        "dvar": 369.448455811,
        "dvar2": 849.034423828,
        "max": 163.146179199,
        "mean": 24.5105724335,
        "median": 15.9962520599,
        "min": 1.13077760258e-16,
        "var": 597.920715332
    },
    "melbands_crest": {
        "dmean": 4.94426107407,
        "dmean2": 7.32502174377,
        "dvar": 24.5657463074,
        "dvar2": 48.9758377075,
        "max": 37.1289749146,
        "mean": 19.3654460907,
        "median": 19.1144561768,
        "min": 2.45653510094,
        "var": 65.6317825317
    },
    "melbands_flatness_db": {
        "dmean": 0.0529428124428,
        "dmean2": 0.0753088146448,
        "dvar": 0.00236044474877,
        "dvar2": 0.00462505593896,
        "max": 0.454930096865,
        "mean": 0.187519997358,
        "median": 0.180071935058,
        "min": 0.006111595314,
        "var": 0.00687344465405
    },
    "melbands_kurtosis": {
        "dmean": 26.9927177429,
        "dmean2": 40.6706428528,
        "dvar": 2361.06665039,
        "dvar2": 5102.48974609,
        "max": 492.366882324,
        "mean": 32.7334518433,
        "median": 12.7678718567,
        "min": -1.81954026222,
        "var": 3192.57446289
    },
    "melbands_skewness": {
        "dmean": 1.81933999062,
        "dmean2": 2.6534986496,
        "dvar": 4.39958381653,
        "dvar2": 8.41574859619,
        "max": 18.9028930664,
        "mean": 3.88586854935,
        "median": 2.98194408417,
        "min": -1.80406725407,
        "var": 9.58859920502
    },
    "melbands_spread": {
        "dmean": 14.1330127716,
        "dmean2": 23.1049633026,
        "dvar": 304.679870605,
        "dvar2": 750.028564453,
        "max": 187.288497925,
        "mean": 24.4540557861,
        "median": 17.3937397003,
        "min": 0.797444880009,
        "var": 564.401123047
    },
    "pitch_salience": {
        "dmean": 0.106706880033,
        "dmean2": 0.162814810872,
        "dvar": 0.0103370184079,
        "dvar2": 0.0219201222062,
        "max": 0.873319983482,
        "mean": 0.455978512764,
        "median": 0.459627568722,
        "min": 0.044159848243,
        "var": 0.0278765298426
    },
    "silence_rate_20dB": {
        "dmean": 0,
        "dmean2": 0,
        "dvar": 0,
        "dvar2": 0,
        "max": 1,
        "mean": 1,
        "median": 1,
        "min": 1,
        "var": 0
    },
    "silence_rate_30dB": {
        "dmean": 0,
        "dmean2": 0,
        "dvar": 0,
        "dvar2": 0,
        "max": 1,
        "mean": 1,
        "median": 1,
        "min": 1,
        "var": 0
    },
    "silence_rate_60dB": {
        "dmean": 0.0591043792665,
        "dmean2": 0.118218488991,
        "dvar": 0.0556015595794,
        "dvar2": 0.134845554829,
        "max": 1,
        "mean": 0.0763848870993,
        "median": 0,
        "min": 0,
        "var": 0.0705565437675
    },
    "spectral_centroid": {
        "dmean": 427.079528809,
        "dmean2": 666.468200684,
        "dvar": 186158.25,
        "dvar2": 383282.90625,
        "max": 10520.5761719,
        "mean": 1726.83081055,
        "median": 1634.83447266,
        "min": 240.300689697,
        "var": 624243.75
    },
    "spectral_complexity": {
        "dmean": 6.55482387543,
        "dmean2": 9.31373977661,
        "dvar": 53.5884971619,
        "dvar2": 96.9790725708,
        "max": 60,
        "mean": 17.8510169983,
        "median": 13,
        "min": 0,
        "var": 130.379150391
    },
    "spectral_decrease": {
        "dmean": 4.42296865799e-09,
        "dmean2": 6.76471323402e-09,
        "dvar": 3.33534244581e-17,
        "dvar2": 7.10902907404e-17,
        "max": 5.30643774491e-17,
        "mean": -7.82690889878e-09,
        "median": -4.85101692149e-09,
        "min": -3.81242664105e-08,
        "var": 4.92485965921e-17
    },
    "spectral_energy": {
        "dmean": 0.0174818281084,
        "dmean2": 0.0267193652689,
        "dvar": 0.000513912877068,
        "dvar2": 0.00109617342241,
        "max": 0.147149085999,
        "mean": 0.0317638292909,
        "median": 0.0205856412649,
        "min": 1.0478899291e-20,
        "var": 0.000762520881835
    },
    "spectral_energyband_high": {
        "dmean": 0.00121037242934,
        "dmean2": 0.0017580675194,
        "dvar": 3.82570033253e-06,
        "dvar2": 8.82360200194e-06,
        "max": 0.0208178516477,
        "mean": 0.00184513477143,
        "median": 0.000778630084824,
        "min": 7.15086330442e-21,
        "var": 6.26890823696e-06
    },
    "spectral_energyband_low": {
        "dmean": 0.0100542325526,
        "dmean2": 0.0151213556528,
        "dvar": 0.000225165917072,
        "dvar2": 0.000382521975553,
        "max": 0.0764111503959,
        "mean": 0.016813756898,
        "median": 0.00198506587185,
        "min": 1.2358428732e-22,
        "var": 0.000499722140376
    },
    "spectral_energyband_middle_high": {
        "dmean": 0.00219573243521,
        "dmean2": 0.00318175903521,
        "dvar": 7.93396611698e-06,
        "dvar2": 1.79410799319e-05,
        "max": 0.0312578640878,
        "mean": 0.00410857750103,
        "median": 0.00246366090141,
        "min": 1.75349809451e-21,
        "var": 1.79470207513e-05
    },
    "spectral_energyband_middle_low": {
        "dmean": 0.00804193504155,
        "dmean2": 0.0127766802907,
        "dvar": 0.000346780725522,
        "dvar2": 0.000806346419267,
        "max": 0.117560446262,
        "mean": 0.00968460924923,
        "median": 0.00388398789801,
        "min": 3.71751597731e-22,
        "var": 0.000314239587169
    },
    "spectral_entropy": {
        "dmean": 0.229922264814,
        "dmean2": 0.34737470746,
        "dvar": 0.0594105534256,
        "dvar2": 0.119438171387,
        "max": 9.80675983429,
        "mean": 7.82090806961,
        "median": 7.91393041611,
        "min": 6.29458999634,
        "var": 0.189136400819
    },
    "spectral_flux": {
        "dmean": 0.0461102612317,
        "dmean2": 0.0725216269493,
        "dvar": 0.00260028592311,
        "dvar2": 0.00520116323605,
        "max": 0.341832369566,
        "mean": 0.108215548098,
        "median": 0.0863248631358,
        "min": 1.02366497223e-10,
        "var": 0.00563012622297
    },
    "spectral_kurtosis": {
        "dmean": 1.03151965141,
        "dmean2": 1.7110490799,
        "dvar": 1.26151823997,
        "dvar2": 3.27518296242,
        "max": 14.2947349548,
        "mean": 2.93222475052,
        "median": 2.5663189888,
        "min": -1.17870593071,
        "var": 2.86247968674
    },
    "spectral_rms": {
        "dmean": 0.00154523691162,
        "dmean2": 0.0022771700751,
        "dvar": 3.33523030349e-06,
        "dvar2": 6.46131320536e-06,
        "max": 0.0119816558436,
        "mean": 0.00496247829869,
        "median": 0.00448146788403,
        "min": 3.19739200394e-12,
        "var": 6.3629968281e-06
    },
    "spectral_rolloff": {
        "dmean": 1206.9317627,
        "dmean2": 1951.42919922,
        "dvar": 2503191.5,
        "dvar2": 5598945,
        "max": 19681.3476562,
        "mean": 1952.16577148,
        "median": 1055.12695312,
        "min": 21.533203125,
        "var": 4842973
    },
    "spectral_skewness": {
        "dmean": 0.179700821638,
        "dmean2": 0.291033864021,
        "dvar": 0.0330166891217,
        "dvar2": 0.0742244049907,
        "max": 2.72477817535,
        "mean": 1.34829235077,
        "median": 1.31592309475,
        "min": 0.055456623435,
        "var": 0.126131385565
    },
    "spectral_spread": {
        "dmean": 791276.5,
        "dmean2": 1141162.375,
        "dvar": 684395397120,
        "dvar2": 1.19321290342e+12,
        "max": 39596440,
        "mean": 5901095.5,
        "median": 5993344,
        "min": 2116683,
        "var": 2.29862014976e+12
    },
    "spectral_strongpeak": {
        "dmean": 0.391336292028,
        "dmean2": 0.654853999615,
        "dvar": 0.332145571709,
        "dvar2": 0.833658397198,
        "max": 12.0093164444,
        "mean": 0.895160734653,
        "median": 0.535244047642,
        "min": 0,
        "var": 0.925334393978
    },
    "zerocrossingrate": {
        "dmean": 0.0223018079996,
        "dmean2": 0.0245047882199,
        "dvar": 0.00032192026265,
        "dvar2": 0.000428953644587,
        "max": 0.66455078125,
        "mean": 0.080427788198,
        "median": 0.0712890625,
        "min": 0.0029296875,
        "var": 0.00232836510986
    },
    "barkbands": {
        "dmean": [0.00104814022779, 0.00838269200176, 0.00144112855196, 0.00222301110625, 0.00577615108341, 0.000773004139774, 0.000656211806927, 0.000537840707693, 0.000423404359026, 0.000577059341595, 0.00046771398047, 0.000340903876349, 0.000309436174575, 0.000183020718396, 0.000252006342635, 0.000259780528722, 0.000186347519048, 0.000172018029843, 0.00027288851561, 0.000165655117598, 0.000230725767324, 0.000254646554822, 0.000265828304691, 0.000184412885574, 0.000170493047335, 9.58771852311e-05, 7.58032228987e-06],
        "dmean2": [0.00156890030485, 0.0118644805625, 0.00262499949895, 0.00394466565922, 0.0103256162256, 0.00134924950544, 0.00108393072151, 0.000853629724588, 0.000631290487945, 0.000908426241949, 0.000732337299269, 0.000559911073651, 0.000490958511364, 0.00029522945988, 0.000419518211856, 0.000436151720351, 0.000309735012706, 0.000271953293122, 0.000434741814388, 0.000255416380242, 0.000361191225238, 0.000381100573577, 0.000414546055254, 0.000291851407383, 0.000256225932389, 0.000150356907398, 1.2638316548e-05],
        "dvar": [5.0251283028e-06, 0.000187159093912, 1.14216381917e-05, 3.6461478885e-05, 0.000319819868309, 3.20775916407e-06, 2.10099415199e-06, 1.47487844515e-06, 1.05218327917e-06, 1.91511662706e-06, 1.24241500998e-06, 5.52885182969e-07, 2.64873222022e-07, 8.10553686392e-08, 2.34235031371e-07, 2.442660616e-07, 8.74753638413e-08, 7.0809200281e-08, 1.99380181698e-07, 6.09304677823e-08, 1.81120810794e-07, 1.78311779564e-07, 2.3709425534e-07, 1.03380109806e-07, 7.46475379287e-08, 2.42204833967e-08, 1.65184407819e-10],
        "dvar2": [1.07003170342e-05, 0.00029352871934, 3.20374092553e-05, 9.84181897365e-05, 0.000866044079885, 9.11110237212e-06, 5.72386034037e-06, 3.66807125829e-06, 2.03725971915e-06, 4.32916294812e-06, 2.81240681943e-06, 1.40644579005e-06, 6.97522068549e-07, 1.94394374375e-07, 6.36391973785e-07, 6.43527471311e-07, 2.39231667365e-07, 1.7162157917e-07, 4.35813035438e-07, 1.27508783976e-07, 4.12657044535e-07, 4.00596888994e-07, 5.28094005858e-07, 2.56648149843e-07, 1.70904016272e-07, 6.43279918222e-08, 4.46382375507e-10],
        "max": [0.0205285083503, 0.0736358612776, 0.0294905602932, 0.0383410155773, 0.105911590159, 0.0163864418864, 0.0251699835062, 0.0216596480459, 0.025125188753, 0.0175722911954, 0.0201056934893, 0.0120221413672, 0.00895024929196, 0.00496671767905, 0.00651428708807, 0.00618725037202, 0.00485978135839, 0.00491350097582, 0.0110874604434, 0.00510949175805, 0.0113860499114, 0.00568277947605, 0.00500345695764, 0.00294964085333, 0.00222257734276, 0.00187553453725, 0.000139930052683],
        "mean": [0.00146685657091, 0.0134699642658, 0.00135365989991, 0.00170850323047, 0.00411060638726, 0.000900380313396, 0.000932864379138, 0.00084066222189, 0.000873320852406, 0.000904154789168, 0.00084588478785, 0.000365608313587, 0.0003823483421, 0.000217393331695, 0.000293626188068, 0.000288157112664, 0.00023824548407, 0.000218823042815, 0.000403617945267, 0.000250909390161, 0.000344605767168, 0.000375441974029, 0.000355190015398, 0.000252269150224, 0.000221221824177, 0.000140255549923, 9.02078318177e-06],
        "median": [6.22268707957e-05, 0.000344730709912, 0.000106338193291, 6.3529558247e-05, 0.000456690060673, 0.000385711755371, 0.000329275004333, 0.000277083308902, 0.000202701965463, 0.000193768704776, 0.000196832334041, 0.00010522226512, 0.000158434180776, 8.36777398945e-05, 0.000136789793032, 0.000124040903756, 0.000106589075585, 8.51183649502e-05, 0.000150550185936, 0.000109490720206, 0.000133720430313, 0.000132640911033, 0.000101122721389, 9.81191187748e-05, 9.0930974693e-05, 9.18025689316e-05, 4.3601339712e-06],
        "min": [3.3206222592e-23, 7.89701515402e-23, 2.60864342225e-23, 1.10578963931e-23, 1.01987143758e-22, 3.69033927737e-23, 6.25499171347e-23, 5.33917342743e-23, 8.36701658808e-23, 3.27308139897e-23, 3.56015198446e-23, 8.152433169e-23, 1.52270362169e-22, 8.66191046494e-23, 1.20140726453e-22, 2.94294721221e-22, 1.90858888054e-22, 2.70983717389e-22, 3.72326115662e-22, 2.63503094575e-22, 3.99807959629e-22, 5.68804659478e-22, 6.3029728843e-22, 7.46823126049e-22, 1.00989422777e-21, 1.64214213572e-21, 2.31938293365e-21],
        "var": [8.50340529723e-06, 0.000387972599128, 8.21066532808e-06, 2.42526439251e-05, 0.000206690034247, 2.87363172902e-06, 3.62972514267e-06, 3.77299920729e-06, 4.47901538791e-06, 4.97683777212e-06, 4.03844796892e-06, 7.1997123996e-07, 3.36044195137e-07, 1.25244952187e-07, 2.32218297924e-07, 2.18144975861e-07, 1.06497651586e-07, 9.90499700038e-08, 3.4043810615e-07, 1.31103575995e-07, 4.0072501406e-07, 3.00014875165e-07, 3.51864201775e-07, 1.30548230004e-07, 1.01938475439e-07, 2.93152115916e-08, 1.78040346355e-10]
    },
    "erbbands": {
        "dmean": [0.356375187635, 1.70066523552, 1.96583139896, 4.51749944687, 12.9127321243, 23.1651763916, 15.7453460693, 5.28126335144, 9.50522518158, 9.30252361298, 9.57539844513, 11.2300415039, 9.99138069153, 20.1237297058, 24.0202484131, 12.5032720566, 11.9443750381, 10.9217090607, 12.8791341782, 11.1756029129, 13.5223236084, 9.16923618317, 8.75497531891, 9.82084083557, 15.0395078659, 8.42307090759, 9.03074932098, 9.77693748474, 8.54296398163, 10.3666534424, 6.33023357391, 4.50046634674, 2.75876450539, 2.25219297409, 1.01966869831, 0.472907990217, 0.168410778046, 0.025701360777, 0.00120582466479, 4.75409615319e-05],
        "dmean2": [0.489509820938, 2.52138161659, 3.48611760139, 7.94933414459, 23.1624946594, 43.019618988, 29.3246574402, 8.84351825714, 15.9309835434, 14.5040721893, 15.0613870621, 16.4811210632, 15.3397388458, 31.8046474457, 38.1614723206, 20.0103530884, 19.3740291595, 16.6642551422, 21.3011016846, 18.5895824432, 22.7269458771, 14.7943677902, 13.9475421906, 15.5814332962, 23.6349372864, 13.2944145203, 13.9151163101, 15.0431432724, 12.3761329651, 16.0976886749, 9.83689785004, 7.30870294571, 4.42231750488, 3.43298864365, 1.55680096149, 0.728259563446, 0.273146957159, 0.0410929732025, 0.00205997098237, 7.57451198297e-05],
        "dvar": [0.416175812483, 8.17821025848, 16.591501236, 118.026153564, 1609.43359375, 5917.75195312, 2427.37670898, 107.300498962, 427.96697998, 383.692840576, 540.389587402, 783.918151855, 665.933349609, 2727.63305664, 3051.35522461, 874.690490723, 377.18057251, 291.957489014, 668.082885742, 292.625579834, 703.999450684, 189.337768555, 167.953521729, 226.916854858, 737.990844727, 162.733062744, 264.022583008, 328.283172607, 200.97543335, 408.114349365, 114.043045044, 63.469203949, 23.0973644257, 13.6215114594, 2.80974888802, 0.545483469963, 0.0741239860654, 0.00172393105458, 5.75768217459e-06, 5.20878362664e-09],
        "dvar2": [0.696517169476, 16.1524944305, 45.7679672241, 315.830596924, 4373.87792969, 16731.9277344, 6978.03564453, 295.335327148, 1201.41430664, 902.869506836, 1287.12255859, 1483.01074219, 1374.14343262, 6189.17382812, 7214.60253906, 2133.015625, 1018.53649902, 656.381713867, 1820.16394043, 732.289367676, 1883.17663574, 487.507659912, 432.212890625, 528.922363281, 1591.99816895, 337.550109863, 596.086791992, 790.766418457, 445.324523926, 947.995117188, 261.333404541, 158.408874512, 56.9214630127, 30.8925304413, 6.94712162018, 1.33170080185, 0.206211701035, 0.00458762887865, 1.61843818205e-05, 1.39060558624e-08],
        "max": [3.61049222946, 15.340968132, 34.9447135925, 67.4686279297, 260.396820068, 453.625427246, 348.653076172, 204.577178955, 408.438323975, 328.09072876, 557.440612793, 677.429626465, 613.300842285, 610.045227051, 1087.02404785, 617.51751709, 410.024749756, 327.660491943, 375.631744385, 224.23727417, 338.859283447, 275.72354126, 128.74937439, 312.273773193, 740.445617676, 310.385528564, 427.432800293, 432.649932861, 253.087356567, 204.155471802, 101.862289429, 77.9622573853, 49.1797714233, 39.1535568237, 14.3238840103, 8.93416500092, 3.27179503441, 0.466682583094, 0.025904936716, 0.00106065499131],
        "mean": [0.559475064278, 2.30064940453, 2.00844502449, 3.82282567024, 9.19836425781, 15.0780029297, 12.1565961838, 7.13519191742, 13.3032236099, 15.0477380753, 16.4734745026, 24.7074623108, 20.2921352386, 28.4064731598, 39.9149093628, 15.9977045059, 15.6785888672, 14.0900745392, 16.2214107513, 13.5664100647, 15.156545639, 12.0910606384, 11.2712545395, 14.623837471, 22.1905155182, 12.8162326813, 13.4477949142, 14.6219387054, 12.4447460175, 13.494553566, 9.03080368042, 6.11241340637, 3.66372227669, 2.81899881363, 1.34170043468, 0.72640389204, 0.231127738953, 0.0366340018809, 0.00134667323437, 7.57575544412e-05],
        "median": [0.00830225739628, 0.0871765390038, 0.286548256874, 0.31857407093, 0.359837323427, 1.64210677147, 2.73870396614, 3.4886071682, 4.82002687454, 6.11797857285, 5.16959238052, 5.70434856415, 4.80090332031, 8.04648208618, 10.1103496552, 5.56002807617, 7.55546855927, 5.31770658493, 7.66958141327, 5.91373682022, 6.34870576859, 4.91482114792, 4.52506875992, 6.84633398056, 6.36065196991, 5.67744731903, 5.52728319168, 5.15065050125, 4.22138643265, 3.83213043213, 3.10222530365, 2.27674603462, 1.33660101891, 0.941077649593, 0.65582126379, 0.455400109291, 0.146841540933, 0.0237729046494, 0.000621561775915, 6.34841708234e-05],
        "min": [3.36359324189e-21, 1.42780000962e-20, 2.33914124118e-20, 3.29642233913e-20, 7.54516673149e-20, 4.01706771103e-19, 5.08101584923e-19, 3.62972513806e-19, 8.82708316496e-19, 1.29874397546e-18, 8.32004316295e-19, 2.13382757498e-18, 1.47913004337e-18, 7.8621392403e-19, 2.14099344063e-18, 3.57849582647e-18, 6.18810135297e-18, 6.37156463616e-18, 3.80779690971e-18, 1.17439827735e-17, 1.55504164896e-17, 1.22540512905e-17, 1.17904810773e-17, 2.10222245134e-17, 1.57295407969e-17, 1.21896197111e-17, 1.61500115915e-17, 1.43614485838e-17, 1.90398266184e-17, 1.94520802008e-17, 1.84156973396e-17, 1.32201006387e-17, 1.47330760176e-17, 1.10109526855e-17, 7.49960076367e-18, 5.77603926288e-18, 3.34982215972e-18, 1.27686235992e-18, 3.08204652804e-19, 3.29018164915e-20],
        "var": [0.850960254669, 12.9238376617, 13.8288154602, 82.7356567383, 1029.62866211, 3434.09033203, 1413.39453125, 150.471160889, 751.059509277, 870.15447998, 1758.94104004, 3492.84350586, 3176.47045898, 4787.12451172, 7494.30517578, 1413.2677002, 498.276885986, 469.682891846, 699.924987793, 324.683074951, 587.579528809, 259.773925781, 215.009841919, 418.44631958, 1264.00695801, 324.190551758, 630.614807129, 617.742614746, 345.215148926, 551.182678223, 189.660919189, 79.531791687, 28.9969768524, 18.2127819061, 3.44796729088, 0.742427051067, 0.0835050866008, 0.00206964020617, 5.24842289451e-06, 5.52527446018e-09]
    },
    "gfcc": {
        "mean": [4.30056762695, 41.9774894714, -117.227844238, 22.0664482117, -67.6229248047, 13.0366430283, -36.7995910645, 11.7400283813, -24.1800231934, 12.1652107239, -14.1441421509, 10.7427492142, -9.54192352295],
        "cov": [[5419.30175781, -533.551757812, 1557.38061523, 1121.78186035, 621.97668457, 916.665100098, 139.953353882, 251.138519287, -232.469772339, -23.3162250519, -350.405822754, -133.490081787, -340.33694458], [-533.551757812, 1089.1151123, 103.801223755, 240.055633545, 176.230300903, 2.11081314087, 178.255020142, -57.1197929382, 146.436264038, -87.1454238892, 55.8007888794, -123.971977234, 22.7808208466], [1557.38061523, 103.801223755, 1370.83630371, 787.370788574, 606.946350098, 522.299072266, 216.011871338, 218.284515381, 4.27097034454, 40.3126373291, -129.396209717, -85.801071167, -169.508834839], [1121.78186035, 240.055633545, 787.370788574, 1147.67614746, 523.646362305, 577.166870117, 268.578704834, 131.211715698, 149.169937134, 16.9983844757, 35.1904411316, -100.374061584, -69.0157546997], [621.97668457, 176.230300903, 606.946350098, 523.646362305, 536.511352539, 392.619018555, 236.040588379, 161.647537231, 73.2261505127, 57.7111625671, 5.29318284988, -8.63412666321, -36.99061203], [916.665100098, 2.11081314087, 522.299072266, 577.166870117, 392.619018555, 521.273803711, 269.631530762, 186.09223938, 75.1414718628, 40.1316757202, 12.6645708084, 4.50765323639, -21.9179801941], [139.953353882, 178.255020142, 216.011871338, 268.578704834, 236.040588379, 269.631530762, 302.789642334, 179.434707642, 136.503204346, 39.1047744751, 50.7949523926, 11.3605709076, 29.6187820435], [251.138519287, -57.1197929382, 218.284515381, 131.211715698, 161.647537231, 186.09223938, 179.434707642, 226.802032471, 123.880851746, 103.935852051, 19.4663829803, 17.3777637482, -5.01153087616], [-232.469772339, 146.436264038, 4.27097034454, 149.169937134, 73.2261505127, 75.1414718628, 136.503204346, 123.880851746, 218.670928955, 112.92616272, 103.727607727, 2.90731859207, 35.4314575195], [-23.3162250519, -87.1454238892, 40.3126373291, 16.9983844757, 57.7111625671, 40.1316757202, 39.1047744751, 103.935852051, 112.92616272, 177.067810059, 88.6887893677, 57.6917800903, 8.6115064621], [-350.405822754, 55.8007888794, -129.396209717, 35.1904411316, 5.29318284988, 12.6645708084, 50.7949523926, 19.4663829803, 103.727607727, 88.6887893677, 152.072433472, 71.1743545532, 67.0118255615], [-133.490081787, -123.971977234, -85.801071167, -100.374061584, -8.63412666321, 4.50765323639, 11.3605709076, 17.3777637482, 2.90731859207, 57.6917800903, 71.1743545532, 122.357688904, 70.3632736206], [-340.33694458, 22.7808208466, -169.508834839, -69.0157546997, -36.99061203, -21.9179801941, 29.6187820435, -5.01153087616, 35.4314575195, 8.6115064621, 67.0118255615, 70.3632736206, 124.100776672]],
        "icov": [[0.000469114456791, -4.22986304329e-05, -9.726267308e-05, -0.000301722902805, 0.000393146823626, -0.000817029213067, 0.000346352928318, -0.000269200507319, 0.000573937199079, -0.000509379606228, 0.000933083589189, -0.000352345203282, 0.000440393167082], [-4.22986304329e-05, 0.00251407315955, -0.000687724153977, 0.000716333219316, -0.00138073042035, 0.00136496662162, -0.00262878555804, 0.00337036908604, -0.00233351159841, 0.0014812159352, -0.00175543408841, 0.0030200893525, -0.000726461294107], [-9.726267308e-05, -0.000687724153977, 0.0027627965901, -0.00143448496237, -0.00125797849614, 0.000175082066562, 0.000790661550127, -0.00213156780228, 0.00154226168524, -0.00116125459317, 0.00253103044815, -0.00170854397584, 0.00145889283158], [-0.000301722902805, 0.000716333219316, -0.00143448496237, 0.0047896807082, -0.00140255247243, -0.0034587001428, 0.000653819530271, 0.0035710753873, -0.00407359842211, 0.00237089837901, -0.00403967592865, 0.00448916619644, -0.000660819059703], [0.000393146823626, -0.00138073042035, -0.00125797849614, -0.00140255247243, 0.00729274610057, -0.00260161608458, -0.0011824441608, -0.000888861366548, 0.00280456361361, -0.00338052329607, 0.00199098186567, -0.00192871899344, 0.000246268609772], [-0.000817029213067, 0.00136496662162, 0.000175082066562, -0.0034587001428, -0.00260161608458, 0.0125380745158, -0.00643607834354, -0.00177616486326, 0.00233795796521, 0.00099509768188, -0.00126222555991, -0.00155181391165, -0.00044735847041], [0.000346352928318, -0.00262878555804, 0.000790661550127, 0.000653819530271, -0.0011824441608, -0.00643607834354, 0.0179532896727, -0.0115797733888, -0.00285174953751, 0.00723036238924, -0.00255349092185, -0.00290320487693, -2.82928231172e-05], [-0.000269200507319, 0.00337036908604, -0.00213156780228, 0.0035710753873, -0.000888861366548, -0.00177616486326, -0.0115797733888, 0.0251355245709, -0.0108403805643, -0.00688889529556, 0.00711580552161, 0.00156926433556, -0.000241484623984], [0.000573937199079, -0.00233351159841, 0.00154226168524, -0.00407359842211, 0.00280456361361, 0.00233795796521, -0.00285174953751, -0.0108403805643, 0.0248012524098, -0.0108041763306, -0.00616390816867, 0.00863122846931, -0.00456138048321], [-0.000509379606228, 0.0014812159352, -0.00116125459317, 0.00237089837901, -0.00338052329607, 0.00099509768188, 0.00723036238924, -0.00688889529556, -0.0108041763306, 0.023733291775, -0.0111503861845, -0.0057643763721, 0.0059548644349], [0.000933083589189, -0.00175543408841, 0.00253103044815, -0.00403967592865, 0.00199098186567, -0.00126222555991, -0.00255349092185, 0.00711580552161, -0.00616390816867, -0.0111503861845, 0.0301362834871, -0.0151244271547, 0.000194946900592], [-0.000352345203282, 0.0030200893525, -0.00170854397584, 0.00448916619644, -0.00192871899344, -0.00155181391165, -0.00290320487693, 0.00156926433556, 0.00863122846931, -0.0057643763721, -0.0151244271547, 0.0325483195484, -0.0138023123145], [0.000440393167082, -0.000726461294107, 0.00145889283158, -0.000660819059703, 0.000246268609772, -0.00044735847041, -2.82928231172e-05, -0.000241484623984, -0.00456138048321, 0.0059548644349, 0.000194946900592, -0.0138023123145, 0.0196251794696]]
    },
    "melbands": {
        "dmean": [0.00265207700431, 0.00139237521216, 0.00099244073499, 0.0012589355465, 0.000702111923601, 0.000118533855129, 0.000144574281876, 0.000104922888568, 7.72425701143e-05, 6.91456007189e-05, 4.88848454552e-05, 8.43805974e-05, 6.98779840604e-05, 5.13776467415e-05, 2.41770121647e-05, 3.18568054354e-05, 1.9379402147e-05, 2.02239425562e-05, 1.69348495547e-05, 1.90431892406e-05, 1.46685788422e-05, 9.3058015409e-06, 1.02110061562e-05, 8.13354654383e-06, 7.78836965765e-06, 1.19255264508e-05, 8.31462693895e-06, 5.42592215425e-06, 6.04974866292e-06, 5.05147727381e-06, 6.55411849948e-06, 5.15016790814e-06, 4.69557608085e-06, 6.59224224364e-06, 4.0860536501e-06, 2.55276040662e-06, 2.91843934974e-06, 1.92303400581e-06, 1.95946176973e-06, 1.96350561055e-06],
        "dmean2": [0.00362414703704, 0.00226136157289, 0.00173541449476, 0.00224525062367, 0.00131702143699, 0.000199527014047, 0.000240951267187, 0.000163897930179, 0.000120686665468, 0.000102461279312, 7.54332213546e-05, 0.000133820925839, 0.000110129469249, 8.36208200781e-05, 4.01627512474e-05, 4.97479704791e-05, 3.00567571685e-05, 3.35965050908e-05, 2.8367698178e-05, 3.13620766974e-05, 2.46381205216e-05, 1.51742815433e-05, 1.70625335159e-05, 1.29867621581e-05, 1.25150800159e-05, 1.90279297385e-05, 1.32483282869e-05, 8.6452200776e-06, 9.33870160225e-06, 7.95771484263e-06, 1.02525955299e-05, 7.45365287003e-06, 7.4073009273e-06, 1.04390728666e-05, 6.41885253572e-06, 4.14233772972e-06, 4.78182528241e-06, 3.16751106766e-06, 2.97203587252e-06, 3.02212310999e-06],
        "dvar": [1.9500248527e-05, 6.19724914941e-06, 6.34385060039e-06, 1.56031364895e-05, 5.18481556355e-06, 5.50222800655e-08, 9.9867811798e-08, 5.00689125715e-08, 3.26198659195e-08, 3.18037294278e-08, 1.6399125613e-08, 5.10158102429e-08, 2.71303832733e-08, 1.14119815819e-08, 2.46036413465e-09, 3.10697734207e-09, 8.91128559832e-10, 1.4355067135e-09, 8.64370852671e-10, 1.0732794653e-09, 8.3709428278e-10, 2.33479846568e-10, 3.17323445298e-10, 1.65276708985e-10, 1.6436799144e-10, 4.68447280966e-10, 2.29752258885e-10, 6.62227495063e-11, 1.22536689129e-10, 9.31543106542e-11, 1.54763507565e-10, 7.06165195763e-11, 6.93967106002e-11, 1.70683189804e-10, 4.70719435652e-11, 1.89721138105e-11, 2.83297066361e-11, 1.19103563817e-11, 1.10755675464e-11, 9.99521819478e-12],
        "dvar2": [2.96374473692e-05, 1.51022859427e-05, 1.66204026755e-05, 4.22658522439e-05, 1.49217257785e-05, 1.52847974277e-07, 2.78640641227e-07, 1.19098928053e-07, 7.71558390511e-08, 6.09373032034e-08, 3.39892558543e-08, 1.15074627161e-07, 6.20483859848e-08, 2.91220150217e-08, 6.30896979104e-09, 8.15099987506e-09, 1.99267846668e-09, 3.89047460914e-09, 2.30755348163e-09, 2.72017608438e-09, 2.26506546852e-09, 5.93524007719e-10, 9.58796042561e-10, 4.03518440883e-10, 3.9844272326e-10, 1.0632034142e-09, 5.0007958885e-10, 1.45332065826e-10, 2.77542738791e-10, 2.31376015569e-10, 3.81462195165e-10, 1.51295295736e-10, 1.72027656009e-10, 3.89623944219e-10, 1.07015271644e-10, 4.7306818185e-11, 7.11931832931e-11, 3.06510164472e-11, 2.51982427979e-11, 2.30244781574e-11],
        "max": [0.0244257003069, 0.0158858988434, 0.0155857680365, 0.0239567123353, 0.0151842832565, 0.00395842315629, 0.00597207807004, 0.00393071491271, 0.00432705553249, 0.00470473477617, 0.00296996836551, 0.00266535952687, 0.00308115128428, 0.00161067827139, 0.000892407901119, 0.00102538929787, 0.00060424383264, 0.000544694485143, 0.000301809137454, 0.000407111132517, 0.000351542927092, 0.000334912940161, 0.0002060142142, 0.000192929175682, 0.000259001535596, 0.000389541557524, 0.000498357927427, 0.000151234475197, 0.000299250212265, 0.000198176770937, 0.000241496454692, 0.00013987836428, 0.000112090208859, 0.000129924010253, 7.77102977736e-05, 5.4589309002e-05, 5.62956447538e-05, 3.77335672965e-05, 3.21947227349e-05, 3.36647244694e-05],
        "mean": [0.00431909784675, 0.00173706095666, 0.000819612643681, 0.000885856745299, 0.000507212942466, 0.00015430811618, 0.00020235752163, 0.00016804151528, 0.000134661226184, 0.00014828730491, 9.62390477071e-05, 0.00011223826732, 0.00012322117982, 6.45572581561e-05, 2.94706842396e-05, 3.87636537198e-05, 2.40455010498e-05, 2.51681140071e-05, 1.90276987269e-05, 2.19919347728e-05, 1.59833907674e-05, 1.16763449114e-05, 1.29460349854e-05, 9.86446411844e-06, 1.10679466161e-05, 1.69778977579e-05, 1.16952332974e-05, 7.81981725595e-06, 8.86630914465e-06, 7.02452643964e-06, 9.58308828558e-06, 7.46215300751e-06, 6.18598005531e-06, 8.09160064819e-06, 5.63465391679e-06, 3.64798302144e-06, 3.74609999199e-06, 2.46765080192e-06, 2.5312190246e-06, 2.37903964262e-06],
        "median": [0.000105924773379, 0.000177292706212, 5.64854926779e-05, 6.4882398874e-05, 0.000102416328446, 7.32847693143e-05, 7.21879769117e-05, 6.61202939227e-05, 3.65038249583e-05, 3.22589257848e-05, 2.05045216717e-05, 2.81241809716e-05, 2.9056755011e-05, 1.76839002961e-05, 1.22229430417e-05, 1.49763454829e-05, 9.14962220122e-06, 1.18281468531e-05, 7.93205526861e-06, 1.00098213807e-05, 6.43125349598e-06, 4.73718318972e-06, 5.20542062077e-06, 3.68804126083e-06, 4.73800264444e-06, 5.01370595885e-06, 3.51161520484e-06, 3.45292528436e-06, 3.41569079865e-06, 2.65541916633e-06, 3.12564066007e-06, 2.39243786382e-06, 2.15532895709e-06, 1.86096872312e-06, 1.81837719992e-06, 1.32634488637e-06, 1.35038601456e-06, 8.9228581146e-07, 8.41453243083e-07, 7.63934735915e-07],
        "min": [2.79262755791e-23, 1.45170538291e-23, 7.16672007126e-24, 1.50914281874e-23, 2.0655133201e-23, 7.40875364103e-24, 1.33520845546e-23, 1.45441196468e-23, 7.59224426531e-24, 1.30941104726e-23, 6.81114732912e-24, 2.66730260641e-24, 5.87880879689e-24, 1.10630082118e-23, 8.38274679008e-24, 1.72679790441e-23, 1.03251858183e-23, 4.49907924074e-24, 1.1357499454e-23, 1.75609462071e-23, 1.80469728771e-23, 1.28100014287e-23, 9.70961319924e-24, 1.10232969538e-23, 1.78560953593e-23, 1.45265943129e-23, 8.83510724326e-24, 7.73756427697e-24, 8.4622481921e-24, 1.17528157974e-23, 7.46331520554e-24, 9.22518318367e-24, 1.31976744988e-23, 9.88952160615e-24, 9.58618328884e-24, 1.03181215689e-23, 7.78817522606e-24, 1.0326917368e-23, 1.0063225622e-23, 8.94602345312e-24],
        "var": [4.25220969191e-05, 7.52685446059e-06, 4.53435086456e-06, 1.00705083241e-05, 2.92244408229e-06, 7.05840577098e-08, 1.76114639316e-07, 1.15713554294e-07, 1.10374621443e-07, 1.33178446049e-07, 7.73230510731e-08, 8.87065212396e-08, 8.29926349866e-08, 1.74105458939e-08, 3.43137540604e-09, 3.79822395757e-09, 1.45861700496e-09, 1.57696800063e-09, 8.58170423612e-10, 1.1211098716e-09, 6.88312018493e-10, 2.96764501861e-10, 3.82464643289e-10, 2.06487063559e-10, 2.90116014545e-10, 7.30571603214e-10, 4.03144462258e-10, 1.15348161578e-10, 2.97391639092e-10, 1.53850571172e-10, 2.65994365423e-10, 1.23267285268e-10, 9.659067296e-11, 2.23857946069e-10, 7.81599021615e-11, 2.78260955944e-11, 3.22976818901e-11, 1.38846538433e-11, 1.46390052858e-11, 1.32327022603e-11]
    },
    "mfcc": {
        "mean": [-640.455322266, 81.9788742065, -0.549801290035, 11.9544448853, -6.67933750153, 2.30001091957, -3.51087403297, 0.163219735026, -1.70332014561, 1.27821528912, -0.278387397528, 0.664506852627, 4.51609992981],
        "cov": [[4400.16503906, -747.860534668, 1054.42102051, 458.32131958, 683.160949707, 628.418762207, 516.097167969, 318.252929688, 199.411895752, 128.244888306, 138.964675903, -85.2413787842, -62.6569328308], [-747.860534668, 862.141662598, -86.4434661865, 35.6179962158, -59.8583755493, -62.0999565125, -44.1628417969, -17.9172134399, 12.5096206665, -1.32618892193, -7.8485326767, -1.09961891174, -20.9206447601], [1054.42102051, -86.4434661865, 886.759643555, 458.578887939, 479.235809326, 382.45513916, 311.935455322, 232.219802856, 178.837936401, 151.90826416, 105.363853455, 17.986114502, 13.3979797363], [458.32131958, 35.6179962158, 458.578887939, 501.898712158, 372.198760986, 334.517272949, 211.515823364, 171.483901978, 117.082290649, 153.899368286, 101.008094788, 58.2952346802, 19.4434051514], [683.160949707, -59.8583755493, 479.235809326, 372.198760986, 475.027374268, 354.948516846, 273.596435547, 179.015563965, 139.879379272, 118.917144775, 99.7813110352, 48.7285499573, 34.4794273376], [628.418762207, -62.0999565125, 382.45513916, 334.517272949, 354.948516846, 396.992370605, 276.611999512, 211.848388672, 129.994979858, 118.118400574, 82.407081604, 47.2836723328, 44.212387085], [516.097167969, -44.1628417969, 311.935455322, 211.515823364, 273.596435547, 276.611999512, 299.726196289, 216.128875732, 151.76461792, 100.932922363, 67.0824737549, 34.2740974426, 39.6160621643], [318.252929688, -17.9172134399, 232.219802856, 171.483901978, 179.015563965, 211.848388672, 216.128875732, 229.06149292, 157.176391602, 107.78440094, 56.6607551575, 34.4993934631, 32.5891113281], [199.411895752, 12.5096206665, 178.837936401, 117.082290649, 139.879379272, 129.994979858, 151.76461792, 157.176391602, 183.218078613, 132.980392456, 80.8069000244, 43.5301971436, 30.467376709], [128.244888306, -1.32618892193, 151.90826416, 153.899368286, 118.917144775, 118.118400574, 100.932922363, 107.78440094, 132.980392456, 180.101730347, 120.316345215, 71.4497451782, 35.1100959778], [138.964675903, -7.8485326767, 105.363853455, 101.008094788, 99.7813110352, 82.407081604, 67.0824737549, 56.6607551575, 80.8069000244, 120.316345215, 144.165466309, 92.4287719727, 43.5728683472], [-85.2413787842, -1.09961891174, 17.986114502, 58.2952346802, 48.7285499573, 47.2836723328, 34.2740974426, 34.4993934631, 43.5301971436, 71.4497451782, 92.4287719727, 130.001785278, 81.6695632935], [-62.6569328308, -20.9206447601, 13.3979797363, 19.4434051514, 34.4794273376, 44.212387085, 39.6160621643, 32.5891113281, 30.467376709, 35.1100959778, 43.5728683472, 81.6695632935, 111.341209412]],
