{
"lowlevel": {
    "average_loudness": 0.94985717535,
    "barkbands_crest": {
        "dmean": 3.12210822105,
        "dmean2": 5.14961862564,
        "dvar": 7.80766296387,
        "dvar2": 19.9985542297,
        "max": 25.7564849854,
        "mean": 10.4505758286,
        "median": 9.49713516235,
        "min": 2.8504948616,
        "var": 19.0220794678
    },
    "barkbands_flatness_db": {
        "dmean": 0.025973489508,
        "dmean2": 0.0403171740472,
        "dvar": 0.000665266474243,
        "dvar2": 0.00140250148252,
        "max": 0.491265952587,
        "mean": 0.121655315161,
        "median": 0.107923656702,
        "min": 0.0292299818248,
        "var": 0.00331548252143
    },
    "barkbands_kurtosis": {
        "dmean": 4.45091629028,
        "dmean2": 7.11299133301,
        "dvar": 71.3487243652,
        "dvar2": 146.727218628,
        "max": 330.623779297,
        "mean": 7.23165464401,
        "median": 3.09156250954,
        "min": -1.82154631615,
        "var": 220.637664795
    },
    "barkbands_skewness": {
        "dmean": 0.662358105183,
        "dmean2": 1.04451036453,
        "dvar": 0.501928210258,
        "dvar2": 1.1416426897,
        "max": 13.8922262192,
        "mean": 2.19487929344,
        "median": 2.00391864777,
        "min": -8.16156005859,
        "var": 2.28560256958
    },
    "barkbands_spread": {
        "dmean": 9.55153656006,
        "dmean2": 14.3643732071,
        "dvar": 99.2696533203,
        "dvar2": 198.848419189,
        "max": 106.933189392,
        "mean": 35.8655014038,
        "median": 32.9092407227,
        "min": 0.39033088088,
        "var": 432.863189697
    },
    "dissonance": {
        "dmean": 0.0117475455627,
        "dmean2": 0.0196915976703,
        "dvar": 9.71202898654e-05,
        "dvar2": 0.000261138309725,
        "max": 0.500000119209,
        "mean": 0.474625080824,
        "median": 0.476923495531,
        "min": 0.387339323759,
        "var": 0.000213004561374
    },
    "dynamic_complexity": 1.53363347054,
    "erbbands_crest": {
        "dmean": 2.28122758865,
        "dmean2": 3.70913052559,
        "dvar": 5.25290346146,
        "dvar2": 12.4233999252,
        "max": 29.535358429,
        "mean": 7.54534292221,
        "median": 6.43434906006,
        "min": 2.35890412331,
        "var": 14.8407478333
    },
    "erbbands_flatness_db": {
        "dmean": 0.0132324285805,
        "dmean2": 0.019253320992,
        "dvar": 0.000222357732127,
        "dvar2": 0.000393956899643,
        "max": 0.349632203579,
        "mean": 0.100101433694,
        "median": 0.0896130949259,
        "min": 0.029163422063,
        "var": 0.00201978813857
    },
    "erbbands_kurtosis": {
        "dmean": 0.435692071915,
        "dmean2": 0.688695847988,
        "dvar": 1.1271750927,
        "dvar2": 2.25661015511,
        "max": 35.6074562073,
        "mean": -0.794866383076,
        "median": -1.22383880615,
        "min": -1.8438501358,
        "var": 4.82377910614
    },
    "erbbands_skewness": {
        "dmean": 0.309548377991,
        "dmean2": 0.47902533412,
        "dvar": 0.10430341959,
        "dvar2": 0.222461104393,
        "max": 5.73846149445,
        "mean": 0.156904637814,
        "median": 0.0778698846698,
        "min": -3.05870270729,
        "var": 0.519494950771
    },
    "erbbands_spread": {
        "dmean": 11.1242437363,
        "dmean2": 17.9881401062,
        "dvar": 159.082015991,
        "dvar2": 416.61605835,
        "max": 156.267623901,
        "mean": 76.3563690186,
        "median": 74.7627716064,
        "min": 6.52036476135,
        "var": 383.421844482
    },
    "hfc": {
        "dmean": 14.0666370392,
        "dmean2": 21.3075466156,
        "dvar": 453.908355713,
        "dvar2": 1028.26574707,
        "max": 174.241149902,
        "mean": 46.7320213318,
        "median": 39.1872940063,
        "min": 1.18125004597e-16,
        "var": 1028.43652344
    },
    "melbands_crest": {
        "dmean": 3.52718114853,
        "dmean2": 5.79454851151,
        "dvar": 9.29597568512,
        "dvar2": 22.2095527649,
        "max": 33.3087615967,
        "mean": 14.8034095764,
        "median": 14.0932598114,
        "min": 1.69599151611,
        "var": 21.9724941254
    },
    "melbands_flatness_db": {
        "dmean": 0.0320885851979,
        "dmean2": 0.0499718263745,
        "dvar": 0.000942254264373,
        "dvar2": 0.00202114321291,
        "max": 0.599749684334,
        "mean": 0.20403753221,
        "median": 0.196645081043,
        "min": 0.00393356848508,
        "var": 0.0043912329711
    },
    "melbands_kurtosis": {
        "dmean": 16.502779007,
        "dmean2": 27.145898819,
        "dvar": 573.320251465,
        "dvar2": 1363.61706543,
        "max": 441.002044678,
        "mean": 33.9256668091,
        "median": 23.2784767151,
        "min": -1.39875745773,
        "var": 1100.91186523
    },
    "melbands_skewness": {
        "dmean": 1.11025488377,
        "dmean2": 1.80483055115,
        "dvar": 1.52544307709,
        "dvar2": 3.75777196884,
        "max": 16.8902854919,
        "mean": 4.64005565643,
        "median": 4.24872779846,
        "min": -0.264816373587,
        "var": 3.41774654388
    },
    "melbands_spread": {
        "dmean": 6.59146928787,
        "dmean2": 10.6082677841,
        "dvar": 48.4397773743,
        "dvar2": 117.253707886,
        "max": 164.937805176,
        "mean": 19.7289867401,
        "median": 16.3290538788,
        "min": 0.416185230017,
        "var": 241.734039307
    },
    "pitch_salience": {
        "dmean": 0.0849404558539,
        "dmean2": 0.14059984684,
        "dvar": 0.00636866083369,
        "dvar2": 0.0167197845876,
        "max": 0.857537269592,
        "mean": 0.566236257553,
        "median": 0.582932710648,
        "min": 0.0695967450738,
        "var": 0.0135386902839
    },
    "silence_rate_20dB": {
        "dmean": 0,
        "dmean2": 0,
        "dvar": 0,
        "dvar2": 0,
        "max": 1,
        "mean": 1,
        "median": 1,
        "min": 1,
        "var": 0
    },
    "silence_rate_30dB": {
        "dmean": 0.0896981135011,
        "dmean2": 0.179410368204,
        "dvar": 0.0816599205136,
        "dvar2": 0.193741321564,
        "max": 1,
        "mean": 0.924889683723,
        "median": 1,
        "min": 0,
        "var": 0.0694599375129
    },
    "silence_rate_60dB": {
        "dmean": 0.000315283366945,
        "dmean2": 0.000630616443232,
        "dvar": 0.0003150885168,
        "dvar2": 0.000630294089206,
        "max": 1,
        "mean": 0.0178121067584,
        "median": 0,
        "min": 0,
        "var": 0.0174941662699
    },
    "spectral_centroid": {
        "dmean": 310.894165039,
        "dmean2": 490.740631104,
        "dvar": 86517.5546875,
        "dvar2": 200730.046875,
        "max": 10666.4365234,
        "mean": 1596.20068359,
        "median": 1576.50585938,
        "min": 149.674285889,
        "var": 403176.40625
    },
    "spectral_complexity": {
        "dmean": 4.54575538635,
        "dmean2": 7.18350934982,
        "dvar": 19.8441753387,
        "dvar2": 45.4307174683,
        "max": 50,
        "mean": 22.713508606,
        "median": 23,
        "min": 0,
        "var": 78.8178863525
    },
    "spectral_decrease": {
        "dmean": 5.48831380343e-09,
        "dmean2": 9.12167497091e-09,
        "dvar": 5.73522170468e-17,
        "dvar2": 1.4710413254e-16,
        "max": 2.91585083452e-16,
        "mean": -1.25132775253e-08,
        "median": -1.00812114212e-08,
        "min": -6.99395457104e-08,
        "var": 8.31565397718e-17
    },
    "spectral_energy": {
        "dmean": 0.0212903562933,
        "dmean2": 0.0354499407113,
        "dvar": 0.00086586602265,
        "dvar2": 0.00222529214807,
        "max": 0.267298161983,
        "mean": 0.0514667667449,
        "median": 0.0427432619035,
        "min": 1.05255469461e-20,
        "var": 0.00122773740441
    },
    "spectral_energyband_high": {
        "dmean": 0.00131702481303,
        "dmean2": 0.00207949522883,
        "dvar": 4.14974556406e-06,
        "dvar2": 1.07488904177e-05,
        "max": 0.0178482849151,
        "mean": 0.00355687085539,
        "median": 0.00306428037584,
        "min": 7.64474909905e-21,
        "var": 7.30566489437e-06
    },
    "spectral_energyband_low": {
        "dmean": 0.0179302301258,
        "dmean2": 0.0300725642592,
        "dvar": 0.000799416098744,
        "dvar2": 0.00207043928094,
        "max": 0.26105427742,
        "mean": 0.0275558959693,
        "median": 0.0172873027623,
        "min": 9.52952619423e-23,
        "var": 0.000969260116108
    },
    "spectral_energyband_middle_high": {
        "dmean": 0.000629203626886,
        "dmean2": 0.000997558934614,
        "dvar": 5.21393474173e-07,
        "dvar2": 1.30058924697e-06,
        "max": 0.0153871988878,
        "mean": 0.00267414702103,
        "median": 0.00246553588659,
        "min": 1.35210355258e-21,
        "var": 2.13924977288e-06
    },
    "spectral_energyband_middle_low": {
        "dmean": 0.00823175348341,
        "dmean2": 0.0135494619608,
        "dvar": 0.000105158018414,
        "dvar2": 0.000269125099294,
        "max": 0.157593920827,
        "mean": 0.0208935458213,
        "median": 0.0172559451312,
        "min": 3.91056324125e-22,
        "var": 0.000207245946513
    },
    "spectral_entropy": {
        "dmean": 0.160732120275,
        "dmean2": 0.235986813903,
        "dvar": 0.0311020165682,
        "dvar2": 0.0600372478366,
        "max": 9.8070936203,
        "mean": 7.85231208801,
        "median": 7.94280910492,
        "min": 5.11005306244,
        "var": 0.14607077837
    },
    "spectral_flux": {
        "dmean": 0.041646502912,
        "dmean2": 0.0655256509781,
        "dvar": 0.00222934107296,
        "dvar2": 0.00425360957161,
        "max": 0.41681265831,
        "mean": 0.12413097173,
        "median": 0.108265563846,
        "min": 1.02594086004e-10,
        "var": 0.00439410191029
    },
    "spectral_kurtosis": {
        "dmean": 0.799087047577,
        "dmean2": 1.35500013828,
        "dvar": 1.42810082436,
        "dvar2": 4.5456533432,
        "max": 31.4021453857,
        "mean": 2.4496307373,
        "median": 2.22068119049,
        "min": -1.16189694405,
        "var": 3.11763644218
    },
    "spectral_rms": {
        "dmean": 0.00133038347121,
        "dmean2": 0.00217641284689,
        "dvar": 2.38712073042e-06,
        "dvar2": 5.89137425777e-06,
        "max": 0.0161486435682,
        "mean": 0.00670002680272,
        "median": 0.00645761145279,
        "min": 3.20450090074e-12,
        "var": 5.32118338015e-06
    },
    "spectral_rolloff": {
        "dmean": 1186.63256836,
        "dmean2": 1892.15124512,
        "dvar": 3449822.5,
        "dvar2": 6726218.5,
        "max": 19724.4140625,
        "mean": 2327.21240234,
        "median": 667.529296875,
        "min": 86.1328125,
        "var": 10875577
    },
    "spectral_skewness": {
        "dmean": 0.143503725529,
        "dmean2": 0.235616475344,
        "dvar": 0.0334570370615,
        "dvar2": 0.087035946548,
        "max": 4.06750249863,
        "mean": 1.14930903912,
        "median": 1.14752340317,
        "min": -0.191915124655,
        "var": 0.131791010499
    },
    "spectral_spread": {
        "dmean": 662039.375,
        "dmean2": 983716.25,
        "dvar": 637794844672,
        "dvar2": 1.19376550298e+12,
        "max": 38860052,
        "mean": 6784909,
        "median": 6698297,
        "min": 2036075.875,
        "var": 3.89979150746e+12
    },
    "spectral_strongpeak": {
        "dmean": 0.369383335114,
        "dmean2": 0.627468585968,
        "dvar": 0.178528800607,
        "dvar2": 0.464818775654,
        "max": 11.3346004486,
        "mean": 0.640652298927,
        "median": 0.492812424898,
        "min": 0,
        "var": 0.26475045085
    },
    "zerocrossingrate": {
        "dmean": 0.019598795101,
        "dmean2": 0.0212522428483,
        "dvar": 0.000437518057879,
        "dvar2": 0.000408721098211,
        "max": 0.76806640625,
        "mean": 0.104506157339,
        "median": 0.0908203125,
        "min": 0.005859375,
        "var": 0.00615395698696
    },
    "barkbands": {
        "dmean": [0.000652827555314, 0.0114488294348, 0.00859744288027, 0.00426398869604, 0.00469643669203, 0.00128327577841, 0.00101300666574, 0.00082833430497, 0.000463862350443, 0.000193207801203, 0.000144335266668, 8.04329538369e-05, 2.74678168353e-05, 3.82194375561e-05, 9.08952570171e-05, 0.0001043247903, 0.00012841069838, 0.000171836349182, 0.000209869307582, 0.000259333697613, 0.000241835630732, 0.000215493244468, 0.000254345301073, 0.00027619858156, 0.000136254035169, 0.000176735353307, 0.000211694365134],
        "dmean2": [0.00111948640551, 0.0198375079781, 0.0152372634038, 0.00699442159384, 0.0077420626767, 0.00203778618015, 0.00158821989316, 0.00135054974817, 0.000735882029403, 0.000310991104925, 0.000232315549511, 0.000132970570121, 4.67422760266e-05, 6.2419938331e-05, 0.000148784180055, 0.000169896171428, 0.000209963720408, 0.000284011679469, 0.000342895044014, 0.000429087784141, 0.000410234148148, 0.00037487471127, 0.000460863520857, 0.000498726963997, 0.000206627737498, 0.00023008856806, 0.000247991702054],
        "dvar": [9.46264037793e-07, 0.000364800565876, 0.000276068458334, 4.79177106172e-05, 4.23994897574e-05, 3.16895579999e-06, 2.57692568084e-06, 2.10732491723e-06, 6.04552781169e-07, 1.44285166925e-07, 9.02164956074e-08, 1.63098832218e-08, 3.39961103712e-09, 3.02097658e-09, 1.44310323691e-08, 1.79634458419e-08, 3.27489679819e-08, 5.03683637021e-08, 5.49986793885e-08, 1.04127309442e-07, 7.90115848304e-08, 9.66498134858e-08, 2.74753034546e-07, 3.93565926515e-07, 2.8878526237e-08, 1.20067127796e-07, 2.21066045469e-07],
        "dvar2": [2.56918337982e-06, 0.000984777347185, 0.000765963515732, 0.000110723820399, 0.000109143802547, 7.92971331975e-06, 5.76313277634e-06, 5.1214301493e-06, 1.44205091601e-06, 3.39358649626e-07, 2.0805804013e-07, 4.16799643688e-08, 9.43348066329e-09, 7.67916663591e-09, 3.65505030686e-08, 4.5860424791e-08, 7.97667496499e-08, 1.36600235123e-07, 1.46336063267e-07, 2.93387188322e-07, 2.13628098322e-07, 2.62086871317e-07, 7.8945322457e-07, 1.14200906864e-06, 6.16077286963e-08, 2.04332934572e-07, 3.36788815503e-07],
        "max": [0.0105317607522, 0.152739480138, 0.200761303306, 0.148569151759, 0.0963062047958, 0.030783932656, 0.0344249643385, 0.0252537894994, 0.0125844916329, 0.00889091100544, 0.0101743964478, 0.00268213241361, 0.00188750622328, 0.00129555014428, 0.00232822843827, 0.00264177168719, 0.00714606046677, 0.00692611886188, 0.00410184683278, 0.0124842943624, 0.00306269945577, 0.00215809210204, 0.00387394684367, 0.00506268581375, 0.00129910605028, 0.00268995692022, 0.003308551386],
        "mean": [0.000721809745301, 0.0143920853734, 0.00930657703429, 0.00597614981234, 0.00794448330998, 0.00255022291094, 0.00201220042072, 0.00145704217721, 0.000823481357656, 0.000318020698614, 0.00026997862733, 0.000131913315272, 4.0821130824e-05, 6.7951681558e-05, 0.000169858991285, 0.000216119849938, 0.000261999142822, 0.000384872138966, 0.000541994755622, 0.000742862466723, 0.000576790538616, 0.000419554475229, 0.000415482732933, 0.000433158129454, 0.000339400372468, 0.000466890196549, 0.000485136697534],
        "median": [0.000260592612904, 0.00660323863849, 0.00400633737445, 0.00294803199358, 0.00506641995162, 0.00145489256829, 0.000923653307837, 0.000573819153942, 0.000380080600735, 0.000155862770043, 0.000127315201098, 7.77555251261e-05, 2.16129992623e-05, 4.57100759377e-05, 0.000121198303532, 0.000160228868481, 0.000197491870495, 0.000312104908517, 0.00044770387467, 0.000617475714535, 0.000505813746713, 0.000262212997768, 0.000270209711744, 0.000272335775662, 0.000287535483949, 0.000174679793417, 9.58563032327e-05],
        "min": [7.46733681844e-24, 5.70885542017e-24, 2.49348203632e-23, 9.56792920527e-23, 1.27706811302e-22, 3.05922657182e-23, 3.17261586061e-23, 2.27559960093e-23, 7.75811441909e-23, 3.88163710025e-23, 2.66034473489e-23, 5.158562461e-23, 8.52656843933e-23, 1.21363637561e-22, 1.78877971548e-22, 1.15891404125e-22, 1.46034423024e-22, 1.87010811936e-22, 3.35590340054e-22, 1.71304452474e-22, 3.72403234704e-22, 5.9596979788e-22, 7.54524326993e-22, 7.74577297422e-22, 1.30483924806e-21, 1.62079548389e-21, 2.34217745447e-21],
        "var": [1.12067539249e-06, 0.000398653297452, 0.000240943219978, 8.25818206067e-05, 7.19279123587e-05, 9.09808932192e-06, 7.98185647e-06, 5.27371503267e-06, 1.51399274273e-06, 3.00122565022e-07, 2.75954675999e-07, 2.96466513561e-08, 5.49585799092e-09, 5.33858823815e-09, 2.69625619609e-08, 3.78762159414e-08, 6.33611563217e-08, 1.09493186073e-07, 1.60935215376e-07, 4.78117328839e-07, 1.34478739255e-07, 1.49162204366e-07, 2.20615604007e-07, 2.9676232316e-07, 8.75623769048e-08, 4.07200360542e-07, 6.81007634284e-07]
    },
    "erbbands": {
        "dmean": [0.286099612713, 2.88127303123, 8.82235717773, 12.3276338577, 14.0440912247, 19.1901893616, 10.2716503143, 11.0560026169, 13.6656122208, 18.0250587463, 14.7294273376, 11.1493835449, 7.34720659256, 5.29690504074, 5.43645620346, 2.81550431252, 1.26286959648, 1.58902072906, 2.97498607635, 5.69456005096, 5.55162191391, 6.35872983932, 8.18626022339, 8.25409030914, 12.1190423965, 12.5276098251, 10.2176036835, 9.48792743683, 7.21706008911, 8.26002025604, 7.68000888824, 8.53935718536, 2.87348794937, 1.67884945869, 0.887902855873, 0.580538094044, 0.389905959368, 0.134276658297, 0.0321778170764, 0.00367145496421],
        "dmean2": [0.49403911829, 5.03941679001, 15.7260103226, 20.7215881348, 23.0787982941, 31.6238899231, 16.4022254944, 17.5465908051, 21.7495517731, 28.993812561, 23.50025177, 17.5993709564, 11.9716777802, 8.54892539978, 8.77119731903, 4.61871528625, 2.11433529854, 2.59059071541, 4.8362865448, 9.21320533752, 8.9942522049, 10.3901042938, 13.4906864166, 13.623175621, 19.7815113068, 20.6462726593, 16.8219909668, 16.4929962158, 12.4754142761, 14.70424366, 13.9632577896, 15.7363624573, 5.09877634048, 2.85779452324, 1.19950342178, 0.71759146452, 0.595032513142, 0.1682651788, 0.031519588083, 0.00496981944889],
        "dvar": [0.196042925119, 25.0826911926, 289.914154053, 413.44442749, 496.942138672, 806.041625977, 229.356750488, 275.382507324, 545.645080566, 1005.10473633, 719.101745605, 431.000549316, 189.810546875, 112.275978088, 129.036376953, 19.5324440002, 6.61635875702, 5.52599811554, 17.6329975128, 63.994342804, 55.613822937, 71.2367782593, 88.0337677002, 144.093963623, 209.263946533, 310.333831787, 116.983917236, 173.170074463, 121.850059509, 168.56703186, 289.172393799, 421.630249023, 27.0637531281, 4.92631816864, 1.44050931931, 0.815978527069, 0.655704796314, 0.080076418817, 0.00353224389255, 7.8292490798e-05],
        "dvar2": [0.526671588421, 69.4669189453, 814.677124023, 1049.67810059, 1192.99816895, 2082.20214844, 532.996765137, 683.409179688, 1245.96557617, 2453.04321289, 1668.68310547, 1028.07824707, 473.787963867, 257.49508667, 309.357574463, 49.3214950562, 18.0624027252, 14.0297050476, 42.4251060486, 162.812927246, 136.844299316, 182.930480957, 231.947692871, 395.037902832, 568.75592041, 870.142700195, 297.156463623, 478.589111328, 338.764770508, 464.01776123, 839.867553711, 1227.42614746, 76.4199447632, 12.999956131, 2.08600664139, 1.01447594166, 1.28538751602, 0.109927080572, 0.00454793823883, 0.000149798346683],
        "max": [3.93383979797, 37.4132232666, 138.901428223, 419.147094727, 472.962036133, 532.621398926, 391.809204102, 286.341369629, 553.333312988, 584.093505859, 525.926147461, 342.680267334, 293.386169434, 251.099533081, 438.49911499, 137.2840271, 93.0274429321, 76.8051071167, 104.859458923, 195.247406006, 189.774459839, 233.542694092, 143.644500732, 601.432250977, 291.123260498, 798.171508789, 285.598358154, 116.542350769, 90.7696685791, 98.3193969727, 134.129272461, 164.497634888, 45.2664451599, 19.8551368713, 9.86313724518, 8.84099674225, 5.81000995636, 2.07813096046, 0.550238668919, 0.0631237328053],
        "mean": [0.357312500477, 3.45103669167, 9.94809627533, 17.1566486359, 22.4160861969, 29.6989841461, 19.2411422729, 22.0102386475, 27.8148612976, 34.8348503113, 27.287437439, 20.3621387482, 13.1147651672, 9.56176948547, 10.4265794754, 5.10009288788, 2.21085715294, 2.9558494091, 5.81080961227, 11.5143795013, 12.6263151169, 14.7400665283, 19.8894462585, 22.2518253326, 31.8156528473, 35.3281860352, 28.7516059875, 19.318315506, 14.048037529, 14.4290752411, 11.8188915253, 11.4476165771, 5.46309947968, 3.71516394615, 2.36473608017, 1.51538598537, 0.932684361935, 0.332134336233, 0.0706886649132, 0.00687222182751],
        "median": [0.161652058363, 1.57805526257, 4.6618309021, 9.1357831955, 13.1415233612, 16.8302555084, 11.8917331696, 12.42598629, 12.9190616608, 15.0227394104, 12.1081218719, 9.2247428894, 7.69987010956, 5.3175868988, 5.57607030869, 3.1854262352, 1.3395191431, 2.00469255447, 4.19580936432, 8.22872543335, 9.39597511292, 12.0152711868, 16.7446784973, 19.4669647217, 26.0909690857, 28.9663505554, 25.4955558777, 14.8151073456, 8.92690086365, 9.09817123413, 7.41584968567, 6.09465646744, 4.26085996628, 3.0754802227, 1.79788088799, 0.755503177643, 0.356157004833, 0.0923209637403, 0.0157003365457, 0.00117494212463],
        "min": [1.76825456446e-22, 1.56907781343e-21, 1.76957876026e-20, 2.19284158671e-19, 1.95399072914e-19, 5.08778477158e-19, 5.06693775219e-19, 2.94098405776e-19, 4.90268501494e-19, 4.39125113292e-19, 7.98808989627e-19, 1.39140660883e-18, 1.58109938922e-18, 1.22002171355e-18, 1.03998533624e-18, 2.39082142436e-18, 3.23824624843e-18, 4.96952451716e-18, 9.08984639231e-18, 1.00393215225e-17, 5.05095217666e-18, 6.98521849975e-18, 1.185601777e-17, 1.31587296275e-17, 1.48138088454e-17, 9.27846425149e-18, 1.3841914639e-17, 1.60531140002e-17, 2.11185778199e-17, 1.68433891225e-17, 2.66843618331e-17, 1.69049909171e-17, 1.2796620561e-17, 1.36710803358e-17, 9.81054156307e-18, 6.05802761524e-18, 3.14745366363e-18, 1.10630557583e-18, 3.51784663376e-19, 3.45066082721e-20],
        "var": [0.234176233411, 25.0229492188, 240.825485229, 567.546142578, 854.294372559, 1234.7220459, 550.63293457, 744.387390137, 1650.75048828, 2723.64428711, 1771.79077148, 1036.23901367, 361.914611816, 235.981750488, 385.380584717, 43.0039634705, 12.0014305115, 9.27137184143, 33.4754142761, 125.590087891, 130.273803711, 136.56401062, 214.044891357, 286.529510498, 579.891174316, 1226.90979004, 358.403137207, 224.737640381, 168.553756714, 199.389816284, 210.645294189, 282.64743042, 29.0137004852, 9.57116222382, 5.72248506546, 3.59025239944, 1.75751709938, 0.2735709548, 0.0139275752008, 0.000158477414516]
    },
    "gfcc": {
        "mean": [53.5952377319, 50.9931488037, -66.119430542, 50.2924118042, -54.3057899475, -9.05948543549, -26.2278671265, 10.3924646378, -20.0059967041, -2.71946644783, -18.7414054871, -2.18640208244, -8.24177265167],
        "cov": [[11357.3378906, -1108.85583496, 1060.28308105, -98.6777038574, -314.618743896, 355.797241211, -413.468902588, 506.294128418, -222.170501709, 277.646484375, -199.294540405, 156.712585449, -216.076766968], [-1108.85583496, 1927.01977539, -1044.66442871, 706.499084473, -143.09928894, -146.422119141, 178.311050415, -207.860412598, 153.135635376, -191.849182129, 91.3842010498, -192.4402771, 136.93321228], [1060.28308105, -1044.66442871, 1132.60009766, -410.1434021, 256.933288574, 59.282623291, -128.035018921, 122.879425049, -123.901329041, 130.857467651, -95.6644668579, 128.914550781, -84.070098877], [-98.6777038574, 706.499084473, -410.1434021, 517.749633789, -166.269973755, 129.558258057, 4.42716932297, -10.8062162399, 55.7300338745, -83.8481216431, 46.220993042, -65.1855010986, 45.3801689148], [-314.618743896, -143.09928894, 256.933288574, -166.269973755, 264.170318604, -64.0827102661, 89.39402771, -4.1542339325, -9.44344234467, 31.1814117432, -17.4715042114, 22.8529605865, 13.2480459213], [355.797241211, -146.422119141, 59.282623291, 129.558258057, -64.0827102661, 228.050430298, -19.6416378021, 105.125648499, -13.9236936569, 9.15004253387, 4.66283607483, 29.3673858643, -10.7101964951], [-413.468902588, 178.311050415, -128.035018921, 4.42716932297, 89.39402771, -19.6416378021, 166.251876831, 3.58595204353, 50.4445648193, -31.1381759644, 10.0593423843, -28.4071540833, 28.379825592], [506.294128418, -207.860412598, 122.879425049, -10.8062162399, -4.1542339325, 105.125648499, 3.58595204353, 176.376190186, 28.279914856, 68.5512008667, -22.0891971588, 20.7766170502, -17.5147438049], [-222.170501709, 153.135635376, -123.901329041, 55.7300338745, -9.44344234467, -13.9236936569, 50.4445648193, 28.279914856, 117.571029663, 30.5047264099, 29.8710155487, -43.0059738159, 3.55022740364], [277.646484375, -191.849182129, 130.857467651, -83.8481216431, 31.1814117432, 9.15004253387, -31.1381759644, 68.5512008667, 30.5047264099, 127.426734924, 35.2302856445, 31.4608535767, -28.2210216522], [-199.294540405, 91.3842010498, -95.6644668579, 46.220993042, -17.4715042114, 4.66283607483, 10.0593423843, -22.0891971588, 29.8710155487, 35.2302856445, 94.109992981, 30.4767551422, 10.7257242203], [156.712585449, -192.4402771, 128.914550781, -65.1855010986, 22.8529605865, 29.3673858643, -28.4071540833, 20.7766170502, -43.0059738159, 31.4608535767, 30.4767551422, 95.6364898682, 20.3096408844], [-216.076766968, 136.93321228, -84.070098877, 45.3801689148, 13.2480459213, -10.7101964951, 28.379825592, -17.5147438049, 3.55022740364, -28.2210216522, 10.7257242203, 20.3096408844, 71.0214614868]],
        "icov": [[0.000135685113491, -5.83720611758e-05, -0.000159567163792, -9.48083179537e-05, 0.000398120144382, 9.8635951872e-05, -0.000177045396413, -0.000200536087505, 0.00030371901812, -0.000402931997087, 0.000371175614418, -0.000212957093026, 0.000188504578546], [-5.83720611758e-05, 0.00373921892606, 0.000786028103903, -0.00550705939531, -0.000184857184649, 0.00452287262306, -0.00263949530199, 0.000882040360011, 0.000942233309615, -0.00107251247391, -0.000269316049526, 0.0017481832765, -0.00188147742301], [-0.000159567163792, 0.000786028103903, 0.00376906641759, 7.22670083633e-05, -0.00472357589751, -0.000854295212775, 0.00360923097469, -0.000252101599472, -0.00113834044896, 0.000866398506332, 0.00202225102112, -0.00264565274119, 0.00251462007873], [-9.48083179537e-05, -0.00550705939531, 7.22670083633e-05, 0.0140905436128, -0.00103664153721, -0.0107566006482, 0.00785033404827, -0.00244148611091, -0.002554358216, 0.00619806069881, -0.00535313272849, 0.00381979136728, -0.00144949753303], [0.000398120144382, -0.000184857184649, -0.00472357589751, -0.00103664153721, 0.0146565102041, 0.0027133198455, -0.0123986676335, 0.00375706935301, 0.00371586414985, -0.00869586411864, 0.00409672921523, -0.000115897317301, -0.00403187423944], [9.8635951872e-05, 0.00452287262306, -0.000854295212775, -0.0107566006482, 0.0027133198455, 0.016843855381, -0.00595070514828, -0.00571970688179, 0.00484591163695, -4.50402221759e-05, -0.00212991377339, -0.000873915676493, 0.000754297245294], [-0.000177045396413, -0.00263949530199, 0.00360923097469, 0.00785033404827, -0.0123986676335, -0.00595070514828, 0.0229027867317, -0.00792929250747, -0.006434104871, 0.0143068600446, -0.00894962530583, 0.00396002829075, 0.000340566650266], [-0.000200536087505, 0.000882040360011, -0.000252101599472, -0.00244148611091, 0.00375706935301, -0.00571970688179, -0.00792929250747, 0.0204087644815, -0.00627789832652, -0.0137099549174, 0.0161733794957, -0.00872609019279, 0.00050792878028], [0.00030371901812, 0.000942233309615, -0.00113834044896, -0.002554358216, 0.00371586414985, 0.00484591163695, -0.006434104871, -0.00627789832652, 0.0232655704021, -0.0075467270799, -0.00936144590378, 0.0156332030892, -0.00676604965702], [-0.000402931997087, -0.00107251247391, 0.000866398506332, 0.00619806069881, -0.00869586411864, -4.50402221759e-05, 0.0143068600446, -0.0137099549174, -0.0075467270799, 0.0309615693986, -0.0188404936343, 0.00217212503776, 0.00532878842205], [0.000371175614418, -0.000269316049526, 0.00202225102112, -0.00535313272849, 0.00409672921523, -0.00212991377339, -0.00894962530583, 0.0161733794957, -0.00936144590378, -0.0188404936343, 0.0396004579961, -0.0264601875097, 0.00850988179445], [-0.000212957093026, 0.0017481832765, -0.00264565274119, 0.00381979136728, -0.000115897317301, -0.000873915676493, 0.00396002829075, -0.00872609019279, 0.0156332030892, 0.00217212503776, -0.0264601875097, 0.0432202368975, -0.021717261523], [0.000188504578546, -0.00188147742301, 0.00251462007873, -0.00144949753303, -0.00403187423944, 0.000754297245294, 0.000340566650266, 0.00050792878028, -0.00676604965702, 0.00532878842205, 0.00850988179445, -0.021717261523, 0.0304200332612]]
    },
    "melbands": {
        "dmean": [0.0028305973392, 0.00415639160201, 0.00210546609014, 0.00116402877029, 0.000455607892945, 0.000248530181125, 0.000205350879696, 0.000194580643438, 0.000111334629764, 6.71916495776e-05, 3.69106637663e-05, 2.20450820052e-05, 2.05158557947e-05, 1.05697827166e-05, 4.70318991574e-06, 2.39599262386e-06, 3.27389534505e-06, 4.59292459709e-06, 7.22461072655e-06, 7.70988117438e-06, 7.26534017303e-06, 7.07517801857e-06, 8.86933594302e-06, 8.76669764693e-06, 7.42112843e-06, 1.00479237517e-05, 9.0341336545e-06, 9.74811064225e-06, 7.77411059971e-06, 6.71603038427e-06, 5.67628785575e-06, 4.13727821069e-06, 4.98849112773e-06, 4.62132766188e-06, 4.28091925642e-06, 5.7020965869e-06, 5.04782974531e-06, 2.29330134971e-06, 1.70328735294e-06, 1.31498904921e-06],
        "dmean2": [0.0048868637532, 0.0072899623774, 0.00351384980604, 0.00193144567311, 0.000726512284018, 0.0003962185001, 0.000325676635839, 0.000315531855449, 0.000176065732376, 0.000106627558125, 6.01307219767e-05, 3.56254895451e-05, 3.29082467942e-05, 1.72926411324e-05, 7.82152983447e-06, 3.93298705603e-06, 5.35047411176e-06, 7.4393929026e-06, 1.18324769574e-05, 1.25889755509e-05, 1.17630324894e-05, 1.15436278065e-05, 1.4496876247e-05, 1.44197556438e-05, 1.22372175611e-05, 1.65335586644e-05, 1.47671080413e-05, 1.61105435836e-05, 1.26925870063e-05, 1.14020849651e-05, 9.80066943157e-06, 7.06330729372e-06, 8.85009012563e-06, 8.17847831058e-06, 7.8496086644e-06, 1.02777339634e-05, 9.24583946471e-06, 4.07170546168e-06, 2.95171639664e-06, 2.23741517402e-06],
        "dvar": [2.07065495488e-05, 5.78264953219e-05, 1.08098074634e-05, 2.66204915533e-06, 4.1468655354e-07, 1.30747721983e-07, 1.1333099792e-07, 1.1147225365e-07, 3.83886487043e-08, 1.44434357807e-08, 4.86086682017e-09, 2.09643746807e-09, 2.01086947094e-09, 2.83234935505e-10, 7.16229020536e-11, 2.83311776816e-11, 2.38469730074e-11, 4.48283909993e-11, 9.6682759021e-11, 1.05101087555e-10, 1.10635861583e-10, 1.10095592365e-10, 1.17045734216e-10, 1.45005105145e-10, 1.20790988323e-10, 1.49938297889e-10, 1.08073119898e-10, 2.23257093368e-10, 8.42140246426e-11, 6.30072105601e-11, 5.89131660123e-11, 3.90127444239e-11, 5.28947129153e-11, 5.11971680328e-11, 8.32963698016e-11, 1.36489500258e-10, 1.58237672965e-10, 1.64966408589e-11, 4.78226789766e-12, 2.88680104127e-12],
        "dvar2": [5.4618842114e-05, 0.000160431402037, 2.72830347967e-05, 6.88743512001e-06, 1.00313718576e-06, 3.29592268145e-07, 2.55765115753e-07, 2.78897516637e-07, 8.87120847892e-08, 3.490388778e-08, 1.19632135309e-08, 4.77350825534e-09, 4.67383820535e-09, 7.20748294381e-10, 1.83459886172e-10, 7.82703207802e-11, 6.09029771059e-11, 1.06973416236e-10, 2.48738807329e-10, 2.72401906587e-10, 2.63250338195e-10, 2.73321587585e-10, 2.96519586662e-10, 3.81360387713e-10, 3.27242122289e-10, 4.07017336501e-10, 2.79677420112e-10, 6.27344509674e-10, 2.01539326894e-10, 1.69689387541e-10, 1.61922975028e-10, 1.10290741817e-10, 1.43326281399e-10, 1.41569922452e-10, 2.40561126574e-10, 3.96647686918e-10, 4.62127974776e-10, 4.69955289961e-11, 1.24788556224e-11, 7.52236380824e-12],
        "max": [0.0381805039942, 0.0628757178783, 0.0583679750562, 0.0234360415488, 0.0130113363266, 0.00617865193635, 0.00822395831347, 0.00561224203557, 0.00383679522201, 0.00195740885101, 0.00143693503924, 0.00112186197657, 0.00164276489522, 0.0003206570982, 0.000211688398849, 0.000238230175455, 0.000159844028531, 0.00013791283709, 0.000229028300964, 0.000251196121098, 0.000353693845682, 0.00037689995952, 0.000193863990717, 0.000255862425547, 0.00054319301853, 0.000228607983445, 0.000227918513701, 0.00074832647806, 0.000325127417454, 8.36964027258e-05, 6.81605888531e-05, 5.5842443544e-05, 5.9685913584e-05, 5.2053892432e-05, 8.20239438326e-05, 9.16454155231e-05, 9.97296956484e-05, 3.52990173269e-05, 1.90300434042e-05, 1.51238427861e-05],
        "mean": [0.00368775846437, 0.0051631857641, 0.00316252559423, 0.00190115172882, 0.000833146681543, 0.000496760592796, 0.000425300007919, 0.000372617039829, 0.000205208983971, 0.000118364849186, 6.20332866674e-05, 3.69998451788e-05, 3.880686927e-05, 1.77210640686e-05, 7.33823480914e-06, 4.04225511375e-06, 5.59117279408e-06, 8.20780951472e-06, 1.34174324558e-05, 1.53500568558e-05, 1.47325017679e-05, 1.40019119499e-05, 1.85850949492e-05, 1.81788418558e-05, 1.71116389538e-05, 2.33872451645e-05, 2.19229241338e-05, 2.41395719058e-05, 1.93282157852e-05, 1.38348905239e-05, 1.04555920188e-05, 7.60363172958e-06, 8.58599105413e-06, 7.63447951613e-06, 6.02120780968e-06, 8.33391732158e-06, 6.27463077763e-06, 3.98449765271e-06, 3.32084459842e-06, 2.94299979942e-06],
        "median": [0.00172965379898, 0.00270976917818, 0.00176108884625, 0.00119411887135, 0.000521393900272, 0.00027877575485, 0.000203204486752, 0.000159164395882, 8.76843623701e-05, 5.34299833816e-05, 3.38951431331e-05, 1.95961329155e-05, 1.83799165825e-05, 1.07117330117e-05, 4.04648653785e-06, 2.25919075092e-06, 3.57309295396e-06, 5.44749491382e-06, 9.8031014204e-06, 1.14812155516e-05, 1.00295637822e-05, 1.03967240648e-05, 1.44032419485e-05, 1.38907007567e-05, 1.41666569107e-05, 1.83135889529e-05, 1.81946779776e-05, 1.86294782907e-05, 1.62803917192e-05, 1.16477367555e-05, 7.16638078302e-06, 4.63525793748e-06, 5.30231227458e-06, 4.89675494464e-06, 3.63810818271e-06, 4.91021637572e-06, 3.01113254864e-06, 2.93178936772e-06, 2.85406736111e-06, 2.39833207161e-06],
        "min": [2.33701403957e-24, 6.52350142737e-24, 3.63918858964e-23, 2.10133596712e-23, 2.24643967311e-23, 6.44727419253e-24, 7.22234659799e-24, 4.25234563769e-24, 7.39516708966e-24, 9.94390883239e-24, 8.17455771972e-24, 5.16599447736e-24, 3.53812793462e-24, 5.87542261145e-24, 4.4731612157e-24, 9.64474437814e-24, 9.3638388984e-24, 1.39978934233e-23, 1.64556479492e-23, 9.63451521878e-24, 5.84567466671e-24, 6.91171841706e-24, 1.00019090416e-23, 9.92729384401e-24, 1.03446146735e-23, 1.36663414957e-23, 5.53138064916e-24, 6.18682229834e-24, 7.9066889553e-24, 8.48280669615e-24, 1.02466152721e-23, 1.21606923842e-23, 1.02408597429e-23, 8.68442061087e-24, 1.53825683485e-23, 1.3303025295e-23, 9.54292767883e-24, 8.20391517831e-24, 1.11122102553e-23, 1.19175133884e-23],
        "var": [2.45769751928e-05, 5.2320829127e-05, 1.5894533135e-05, 4.20000333179e-06, 8.84818859959e-07, 3.64387176433e-07, 3.61889618716e-07, 3.07408868139e-07, 9.87394344065e-08, 3.45269342006e-08, 9.12487241322e-09, 4.14491019285e-09, 6.17781337198e-09, 5.3288295998e-10, 1.2226203383e-10, 5.89261278661e-11, 3.85291312743e-11, 8.33682151091e-11, 1.6894902144e-10, 2.1050630683e-10, 2.56875826166e-10, 1.91497498414e-10, 2.64868293964e-10, 3.13322895407e-10, 2.18057447099e-10, 3.74584252505e-10, 2.73652045468e-10, 9.06894337405e-10, 2.5098056966e-10, 9.32476804105e-11, 8.6925237841e-11, 5.7688302052e-11, 6.77647868375e-11, 5.82906084512e-11, 5.86323767315e-11, 1.10449163704e-10, 1.00451508223e-10, 1.72408597815e-11, 8.50084239112e-12, 5.9740355024e-12]
    },
    "mfcc": {
        "mean": [-602.873474121, 87.3366470337, 36.6175575256, 54.9926948547, 1.74460363388, -4.44415426254, -0.329982310534, 5.00699186325, 5.18729639053, 4.05593919754, -7.85580444336, -2.1631424427, 1.43948256969],
        "cov": [[4810.31201172, -372.731109619, 551.531555176, -124.937179565, 84.0290985107, -65.747833252, 14.8291339874, 111.062393188, 49.9129333496, 114.877593994, 105.182289124, 81.365234375, 66.0883789062], [-372.731109619, 707.348693848, -287.16418457, 311.038269043, -85.2386322021, 39.5168838501, -6.05526733398, -26.8151626587, 39.1751594543, 9.78806018829, -29.3044700623, 7.95374059677, 2.46527385712], [551.531555176, -287.16418457, 511.36517334, -97.8882293701, 182.274215698, 0.255529493093, 20.8762760162, 20.5764579773, -17.5932750702, -6.97940254211, 13.0506668091, -26.4046535492, -8.71558094025], [-124.937179565, 311.038269043, -97.8882293701, 233.311309814, -9.10665893555, 46.3926124573, -0.251543790102, 12.2624769211, 22.6488037109, 17.4167232513, -20.0326900482, 6.6793718338, -0.376076251268], [84.0290985107, -85.2386322021, 182.274215698, -9.10665893555, 138.127716064, 18.2314548492, 29.8756160736, 0.0560349188745, 5.74209737778, -0.0514981336892, 3.99222040176, -5.22649097443, 8.65543460846], [-65.747833252, 39.5168838501, 0.255529493093, 46.3926124573, 18.2314548492, 83.8536605835, 32.4404373169, 26.4652423859, -7.09737157822, -3.80564546585, -10.4658374786, 1.03759551048, -5.73726844788], [14.8291339874, -6.05526733398, 20.8762760162, -0.251543790102, 29.8756160736, 32.4404373169, 88.8540344238, 47.8225593567, 23.7099227905, -5.2781419754, -7.0411696434, -2.39831733704, 7.36089515686], [111.062393188, -26.8151626587, 20.5764579773, 12.2624769211, 0.0560349188745, 26.4652423859, 47.8225593567, 100.803771973, 49.761100769, 19.7682914734, -11.4087743759, -5.13086128235, -7.08967351913], [49.9129333496, 39.1751594543, -17.5932750702, 22.6488037109, 5.74209737778, -7.09737157822, 23.7099227905, 49.761100769, 96.7093887329, 58.0069885254, 10.2698020935, -2.9848048687, -3.57006382942], [114.877593994, 9.78806018829, -6.97940254211, 17.4167232513, -0.0514981336892, -3.80564546585, -5.2781419754, 19.7682914734, 58.0069885254, 95.5547714233, 47.4404449463, 23.3969936371, 1.61253297329], [105.182289124, -29.3044700623, 13.0506668091, -20.0326900482, 3.99222040176, -10.4658374786, -7.0411696434, -11.4087743759, 10.2698020935, 47.4404449463, 77.1455764771, 45.2724647522, 15.8573131561], [81.365234375, 7.95374059677, -26.4046535492, 6.6793718338, -5.22649097443, 1.03759551048, -2.39831733704, -5.13086128235, -2.9848048687, 23.3969936371, 45.2724647522, 78.2134170532, 43.49949646], [66.0883789062, 2.46527385712, -8.71558094025, -0.376076251268, 8.65543460846, -5.73726844788, 7.36089515686, -7.08967351913, -3.57006382942, 1.61253297329, 15.8573131561, 43.49949646, 64.6846313477]],
