{
"lowlevel": {
    "average_loudness": 0.884216487408,
    "barkbands_crest": {
        "dmean": 3.78106117249,
        "dmean2": 5.69604301453,
        "dvar": 15.8840017319,
        "dvar2": 29.0809555054,
        "max": 26.7000102997,
        "mean": 14.3511962891,
        "median": 12.9591274261,
        "min": 1.80625617504,
        "var": 57.2641525269
    },
    "barkbands_flatness_db": {
        "dmean": 0.058947570622,
        "dmean2": 0.0794003680348,
        "dvar": 0.00462871789932,
        "dvar2": 0.00727407960221,
        "max": 0.913227438927,
        "mean": 0.207574412227,
        "median": 0.158732905984,
        "min": 0.00877215154469,
        "var": 0.0229219328612
    },
    "barkbands_kurtosis": {
        "dmean": 67.4505767822,
        "dmean2": 106.236557007,
        "dvar": 67159.234375,
        "dvar2": 159248.34375,
        "max": 6926.60449219,
        "mean": 83.4712295532,
        "median": 4.3459405899,
        "min": -1.96631479263,
        "var": 85174.5078125
    },
    "barkbands_skewness": {
        "dmean": 2.34100270271,
        "dmean2": 3.39695310593,
        "dvar": 13.2388210297,
        "dvar2": 27.241109848,
        "max": 63.1276664734,
        "mean": 3.56163644791,
        "median": 1.7731102705,
        "min": -22.2666854858,
        "var": 37.2258644104
    },
    "barkbands_spread": {
        "dmean": 12.319029808,
        "dmean2": 19.1592769623,
        "dvar": 305.802490234,
        "dvar2": 715.240600586,
        "max": 141.429214478,
        "mean": 21.6917152405,
        "median": 14.4954595566,
        "min": 0.0157573614269,
        "var": 508.195251465
    },
    "dissonance": {
        "dmean": 0.0263266246766,
        "dmean2": 0.0450141355395,
        "dvar": 0.00120817974675,
        "dvar2": 0.00320808636025,
        "max": 0.500000119209,
        "mean": 0.46148955822,
        "median": 0.478469252586,
        "min": 0.0585130788386,
        "var": 0.00251181330532
    },
    "dynamic_complexity": 6.40833187103,
    "erbbands_crest": {
        "dmean": 3.44736242294,
        "dmean2": 5.4647026062,
        "dvar": 12.4123258591,
        "dvar2": 26.6467247009,
        "max": 33.6138420105,
        "mean": 9.99874305725,
        "median": 8.11183643341,
        "min": 2.12125825882,
        "var": 36.8205718994
    },
    "erbbands_flatness_db": {
        "dmean": 0.0328622274101,
        "dmean2": 0.0473064556718,
        "dvar": 0.00134907697793,
        "dvar2": 0.00250182114542,
        "max": 0.623140394688,
        "mean": 0.161405295134,
        "median": 0.135369807482,
        "min": 0.0156448092312,
        "var": 0.00808217655867
    },
    "erbbands_kurtosis": {
        "dmean": 3.92990112305,
        "dmean2": 6.2038526535,
        "dvar": 205.364471436,
        "dvar2": 428.24798584,
        "max": 361.42364502,
        "mean": 4.19319295883,
        "median": -0.039234161377,
        "min": -1.94156467915,
        "var": 458.293579102
    },
    "erbbands_skewness": {
        "dmean": 0.757853269577,
        "dmean2": 1.15689396858,
        "dvar": 1.05978822708,
        "dvar2": 2.11905789375,
        "max": 15.4698982239,
        "mean": 0.540906846523,
        "median": 0.163466885686,
        "min": -4.70142221451,
        "var": 3.1389529705
    },
    "erbbands_spread": {
        "dmean": 15.9737462997,
        "dmean2": 25.1470413208,
        "dvar": 360.617523193,
        "dvar2": 845.23828125,
        "max": 257.604064941,
        "mean": 44.1293296814,
        "median": 41.941860199,
        "min": 0.43688121438,
        "var": 783.848571777
    },
    "hfc": {
        "dmean": 31.356552124,
        "dmean2": 52.0341262817,
        "dvar": 5841.54492188,
        "dvar2": 15715.2607422,
        "max": 769.592346191,
        "mean": 28.9279937744,
        "median": 6.69103384018,
        "min": 4.36137611359e-07,
        "var": 4259.56201172
    },
    "melbands_crest": {
        "dmean": 4.85527181625,
        "dmean2": 7.53756093979,
        "dvar": 24.6398448944,
        "dvar2": 51.7597465515,
        "max": 38.3893127441,
        "mean": 19.1941013336,
        "median": 19.4299640656,
        "min": 1.64396345615,
        "var": 81.9989471436
    },
    "melbands_flatness_db": {
        "dmean": 0.0722984746099,
        "dmean2": 0.0948156118393,
        "dvar": 0.00640612188727,
        "dvar2": 0.0100665362552,
        "max": 1,
        "mean": 0.282188296318,
        "median": 0.232312992215,
        "min": 0.00298260641284,
        "var": 0.0357706807554
    },
    "melbands_kurtosis": {
        "dmean": 57.1630096436,
        "dmean2": 89.6941986084,
        "dvar": 13206.5888672,
        "dvar2": 30942.53125,
        "max": 1927.41442871,
        "mean": 76.3202819824,
        "median": 13.6023578644,
        "min": -1.87917721272,
        "var": 21698.4746094
    },
    "melbands_skewness": {
        "dmean": 2.26487255096,
        "dmean2": 3.40501570702,
        "dvar": 8.2075958252,
        "dvar2": 19.0561027527,
        "max": 36.2770767212,
        "mean": 4.7746515274,
        "median": 3.05824685097,
        "min": -4.68027067184,
        "var": 21.0609169006
    },
    "melbands_spread": {
        "dmean": 12.6468133926,
        "dmean2": 19.3741989136,
        "dvar": 390.19909668,
        "dvar2": 840.731506348,
        "max": 344.923156738,
        "mean": 24.0961017609,
        "median": 13.4413022995,
        "min": 0.0645675808191,
        "var": 991.336120605
    },
    "pitch_salience": {
        "dmean": 0.130568087101,
        "dmean2": 0.196550473571,
        "dvar": 0.0199892520905,
        "dvar2": 0.0384584106505,
        "max": 0.962650954723,
        "mean": 0.448398083448,
        "median": 0.475537836552,
        "min": 0.0125786038116,
        "var": 0.0598875209689
    },
    "silence_rate_20dB": {
        "dmean": 0,
        "dmean2": 0,
        "dvar": 0,
        "dvar2": 0,
        "max": 1,
        "mean": 1,
        "median": 1,
        "min": 1,
        "var": 0
    },
    "silence_rate_30dB": {
        "dmean": 0.0746970772743,
        "dmean2": 0.149404808879,
        "dvar": 0.0691098123789,
        "dvar2": 0.157020673156,
        "max": 1,
        "mean": 0.891668438911,
        "median": 1,
        "min": 0,
        "var": 0.0965876057744
    },
    "silence_rate_60dB": {
        "dmean": 0.100641481578,
        "dmean2": 0.20122602582,
        "dvar": 0.0905149504542,
        "dvar2": 0.177427351475,
        "max": 1,
        "mean": 0.238685771823,
        "median": 0,
        "min": 0,
        "var": 0.181718364358
    },
    "spectral_centroid": {
        "dmean": 495.687835693,
        "dmean2": 735.312194824,
        "dvar": 341354.875,
        "dvar2": 647023.0625,
        "max": 8450.40332031,
        "mean": 1401.4041748,
        "median": 1193.59472656,
        "min": 51.1352424622,
        "var": 1111627.875
    },
    "spectral_complexity": {
        "dmean": 7.01938724518,
        "dmean2": 10.0235939026,
        "dvar": 93.4759674072,
        "dvar2": 150.242355347,
        "max": 63,
        "mean": 12.6261844635,
        "median": 7,
        "min": 0,
        "var": 219.661575317
    },
    "spectral_decrease": {
        "dmean": 5.59080026719e-09,
        "dmean2": 8.05814526217e-09,
        "dvar": 6.10941571448e-17,
        "dvar2": 1.35677684552e-16,
        "max": 2.84630563563e-09,
        "mean": -1.09580833296e-08,
        "median": -5.77243453037e-09,
        "min": -8.07413371717e-08,
        "var": 1.67515204584e-16
    },
    "spectral_energy": {
        "dmean": 0.0226443503052,
        "dmean2": 0.0327384583652,
        "dvar": 0.000891533796676,
        "dvar2": 0.00197997828946,
        "max": 0.306394338608,
        "mean": 0.0439822822809,
        "median": 0.0259814430028,
        "min": 2.47757560995e-11,
        "var": 0.00247403117828
    },
    "spectral_energyband_high": {
        "dmean": 0.00219566747546,
        "dmean2": 0.00367051898502,
        "dvar": 2.82830660581e-05,
        "dvar2": 7.47311278246e-05,
        "max": 0.0526199415326,
        "mean": 0.00187543057837,
        "median": 8.31724901218e-05,
        "min": 2.32380538423e-11,
        "var": 2.15263789869e-05
    },
    "spectral_energyband_low": {
        "dmean": 0.0177324134856,
        "dmean2": 0.0252445973456,
        "dvar": 0.000881391810253,
        "dvar2": 0.00188118161168,
        "max": 0.305133849382,
        "mean": 0.0329553447664,
        "median": 0.00716366386041,
        "min": 5.23912544478e-14,
        "var": 0.00224841129966
    },
    "spectral_energyband_middle_high": {
        "dmean": 0.00272127962671,
        "dmean2": 0.00416487734765,
        "dvar": 2.68246876658e-05,
        "dvar2": 6.26161781838e-05,
        "max": 0.0643778890371,
        "mean": 0.00341389025562,
        "median": 0.000728257873561,
        "min": 5.58096429314e-13,
        "var": 3.68371875084e-05
    },
    "spectral_energyband_middle_low": {
        "dmean": 0.00703790877014,
        "dmean2": 0.0113032003865,
        "dvar": 0.000168137441506,
        "dvar2": 0.000397850846639,
        "max": 0.107939876616,
        "mean": 0.00704140355811,
        "median": 0.00156952615362,
        "min": 7.63936440148e-14,
        "var": 0.000179950540769
    },
    "spectral_entropy": {
        "dmean": 0.373560279608,
        "dmean2": 0.539784908295,
        "dvar": 0.2249006778,
        "dvar2": 0.409942358732,
        "max": 9.34651851654,
        "mean": 7.48809957504,
        "median": 7.77984476089,
        "min": 2.49992370605,
        "var": 0.964341580868
    },
    "spectral_flux": {
        "dmean": 0.0523544326425,
        "dmean2": 0.0766579061747,
        "dvar": 0.00314105954021,
        "dvar2": 0.00598377687857,
        "max": 0.517109453678,
        "mean": 0.107603222132,
        "median": 0.0833418816328,
        "min": 3.03877131955e-05,
        "var": 0.00826425105333
    },
    "spectral_kurtosis": {
        "dmean": 8.48145580292,
        "dmean2": 13.5824947357,
        "dvar": 1878.14367676,
        "dvar2": 4718.29785156,
        "max": 2134.57470703,
        "mean": 16.8655071259,
        "median": 3.43988990784,
        "min": -1.05378985405,
        "var": 5530.94287109
    },
    "spectral_rms": {
        "dmean": 0.00171184074134,
        "dmean2": 0.00233978754841,
        "dvar": 3.47939044332e-06,
        "dvar2": 6.9180173341e-06,
        "max": 0.0172893404961,
        "mean": 0.00523467129096,
        "median": 0.0050346548669,
        "min": 1.55471767016e-07,
        "var": 1.55074121722e-05
    },
    "spectral_rolloff": {
        "dmean": 1510.11901855,
        "dmean2": 2598.82592773,
        "dvar": 10718023,
        "dvar2": 25079536,
        "max": 19939.7460938,
        "mean": 2582.73022461,
        "median": 839.794921875,
        "min": 43.06640625,
        "var": 20114598
    },
    "spectral_skewness": {
        "dmean": 0.574955999851,
        "dmean2": 0.884092271328,
        "dvar": 1.19362330437,
        "dvar2": 2.61766886711,
        "max": 38.6264152527,
        "mean": 2.13540244102,
        "median": 1.49039661884,
        "min": 0.00255666207522,
        "var": 6.18573093414
    },
    "spectral_spread": {
        "dmean": 1146095.25,
        "dmean2": 1727976.25,
        "dvar": 2.55965711565e+12,
        "dvar2": 5.23527625114e+12,
        "max": 23400516,
        "mean": 5503993,
        "median": 5162390.5,
        "min": 69327.1875,
        "var": 1.08810333061e+13
    },
    "spectral_strongpeak": {
        "dmean": 0.407781243324,
        "dmean2": 0.682174623013,
        "dvar": 1.6289832592,
        "dvar2": 4.37638425827,
        "max": 42.102848053,
        "mean": 0.611655950546,
        "median": 0.406784594059,
        "min": 0,
        "var": 1.62625193596
    },
    "zerocrossingrate": {
        "dmean": 0.0265728011727,
        "dmean2": 0.0310952570289,
        "dvar": 0.00147315894719,
        "dvar2": 0.00198480091058,
        "max": 0.82958984375,
        "mean": 0.0830796062946,
        "median": 0.048828125,
        "min": 0.00146484375,
        "var": 0.0155383320525
    },
    "barkbands": {
        "dmean": [0.000595772871748, 0.0157181955874, 0.00429735193029, 0.00251838099211, 0.00254070619121, 0.00109634839464, 0.000936224183533, 0.00081750319805, 0.00037857357529, 0.000691407534759, 0.000596029392909, 0.000509282690473, 0.000304524117382, 0.000232983278693, 0.000217295004404, 0.00018022635777, 0.000125463993754, 0.000135554524604, 0.000190875463886, 0.000377214717446, 0.000201072718482, 0.000172653555637, 0.000157274713274, 0.000180558708962, 0.000221895214054, 0.000451055413578, 0.00068405357888],
        "dmean2": [0.000841139524709, 0.0230960696936, 0.00727975741029, 0.00425468105823, 0.00445250701159, 0.00188454124145, 0.00164786411915, 0.00139060860965, 0.000627863628324, 0.00116709701251, 0.00103352381848, 0.000819510023575, 0.000480928079924, 0.00036844224087, 0.000325386383338, 0.000288778479444, 0.000194228588953, 0.000219604407903, 0.000282798020635, 0.000598991347943, 0.000290046038572, 0.000250157405389, 0.000233790648053, 0.000289754680125, 0.000378221011488, 0.000818515778519, 0.00125585414935],
        "dvar": [1.61984689839e-06, 0.000894659140613, 0.000132847577333, 3.76238276658e-05, 3.34663927788e-05, 6.68268467052e-06, 5.76763204663e-06, 8.60629461386e-06, 6.4074851025e-07, 3.70034172192e-06, 2.88995011033e-06, 1.55609450303e-06, 5.14358589498e-07, 2.55444064123e-07, 1.96622920612e-07, 1.32173965994e-07, 6.26593390507e-08, 1.55522570822e-07, 1.63187536373e-07, 1.00194870356e-06, 1.98856568545e-07, 1.29601332333e-07, 1.12762094773e-07, 2.54860651694e-07, 5.09432311446e-07, 2.1530995582e-06, 6.15110820945e-06],
        "dvar2": [3.42983867085e-06, 0.0020185187459, 0.000340590166161, 9.56472213147e-05, 9.07173671294e-05, 1.74570195668e-05, 1.58704551723e-05, 2.16912194446e-05, 1.57014494562e-06, 9.81648190646e-06, 7.87892167864e-06, 3.55162751475e-06, 1.20404865811e-06, 5.64979529827e-07, 3.98649632416e-07, 3.09933199105e-07, 1.39008548672e-07, 4.2534907152e-07, 3.3728323956e-07, 2.50922289524e-06, 4.15436630874e-07, 2.70144113301e-07, 2.39074211095e-07, 6.10256165601e-07, 1.3906840195e-06, 5.96440759182e-06, 1.71416777448e-05],
        "max": [0.0186901148409, 0.296901017427, 0.126397654414, 0.080000333488, 0.0563261397183, 0.0309739466757, 0.0241953544319, 0.0481476411223, 0.0201868116856, 0.0318230055273, 0.0240376368165, 0.0234444700181, 0.0149823362008, 0.0123751545325, 0.0118672437966, 0.00481013627723, 0.00367093761452, 0.0066550001502, 0.00473232055083, 0.0132922148332, 0.00670816237107, 0.0061353277415, 0.00550693599507, 0.0123336557299, 0.0161222629249, 0.0151436561719, 0.0257629994303],
        "mean": [0.00103225593921, 0.0264733862132, 0.00422397768125, 0.00230313208885, 0.00202514440753, 0.000882566906512, 0.00072413275484, 0.000631459814031, 0.000341318664141, 0.000674491806421, 0.000555515638553, 0.000511375197675, 0.000325346365571, 0.000314297649311, 0.000281874963548, 0.000185163808055, 0.000143110795761, 0.00014158837439, 0.000202494964469, 0.000347987341229, 0.000233632439631, 0.000192844687263, 0.000167008081917, 0.000176359448233, 0.000182482850505, 0.000291304051643, 0.000417848554207],
        "median": [4.9450492952e-05, 0.00260633230209, 0.000588409719057, 0.00024670275161, 0.000349506473867, 8.27843614388e-05, 6.24595413683e-05, 4.67447644041e-05, 5.0740865845e-05, 8.10405035736e-05, 5.5605036323e-05, 5.41664085176e-05, 3.3411088225e-05, 4.44762517873e-05, 4.31446096627e-05, 2.1680001737e-05, 1.92188635992e-05, 1.34623987833e-05, 1.82904277608e-05, 2.15650870814e-05, 1.65281453519e-05, 1.17471809062e-05, 8.88795875653e-06, 7.37239679438e-06, 5.61971182833e-06, 1.45314231759e-06, 8.27442590889e-07],
        "min": [2.90127546214e-15, 1.04231825672e-14, 9.32533935258e-16, 2.10125496104e-15, 6.09847035474e-15, 4.39132881262e-15, 1.17608178445e-14, 5.3676901384e-15, 4.44887792513e-14, 1.50508183255e-14, 4.18758486275e-14, 2.21958529437e-14, 5.07796861743e-14, 3.63692738848e-14, 2.96883862167e-14, 7.10926949905e-14, 7.33806122962e-14, 8.54652787885e-14, 1.08584074078e-13, 6.13359325352e-14, 1.15784809583e-13, 1.06936473023e-13, 1.79154800261e-13, 2.49573690707e-13, 4.76805010405e-13, 7.20864611493e-13, 2.18343138708e-11],
        "var": [4.18351601184e-06, 0.00186472083442, 0.00011204220209, 3.70788839064e-05, 2.39938253799e-05, 5.41556391909e-06, 4.06460776503e-06, 6.69606788506e-06, 6.25107304586e-07, 3.30484454025e-06, 2.48360288424e-06, 1.92107495423e-06, 6.75190733546e-07, 4.595273424e-07, 3.80996084459e-07, 1.49173686737e-07, 8.54945128026e-08, 1.34176346478e-07, 2.14697038814e-07, 8.46842681312e-07, 2.7738073527e-07, 1.86993048601e-07, 1.48548977563e-07, 2.41580806914e-07, 3.57022514663e-07, 1.34084871206e-06, 3.71377200281e-06]
    },
    "erbbands": {
        "dmean": [0.496316730976, 3.49796819687, 5.13690757751, 6.8856959343, 7.58886671066, 9.33655929565, 7.79570960999, 9.72180080414, 15.0651140213, 14.207242012, 13.3135375977, 9.1542301178, 11.771525383, 31.3992061615, 19.9486961365, 20.2292098999, 14.2288150787, 12.5450057983, 12.4198226929, 9.43541431427, 10.2511873245, 6.96506166458, 7.61355638504, 8.05560398102, 10.8393554688, 19.0140476227, 10.6250734329, 7.14232826233, 6.21821308136, 5.15979242325, 4.23369550705, 3.86777544022, 3.2408118248, 2.42294049263, 1.65391862392, 1.43532621861, 0.805995643139, 0.409874290228, 0.115993082523, 0.00891672819853],
        "dmean2": [0.687593758106, 5.28675985336, 8.25291538239, 11.7174320221, 12.9165821075, 16.5575294495, 13.914598465, 16.3574352264, 26.1877174377, 23.4927978516, 22.5945358276, 15.1499271393, 19.4493732452, 54.3356933594, 33.2940101624, 31.7706642151, 22.1335887909, 19.4326038361, 18.5306663513, 14.4315567017, 16.4274616241, 10.804728508, 12.2899770737, 12.0703134537, 16.2629642487, 30.5921554565, 15.6279249191, 10.39290905, 9.06652832031, 7.40770339966, 6.32106542587, 6.02381801605, 5.3123497963, 4.05123949051, 2.86587524414, 2.5871014595, 1.45862329006, 0.752227663994, 0.212742686272, 0.0164531432092],
        "dvar": [0.892232060432, 52.2687454224, 159.897705078, 296.806335449, 289.757781982, 521.315124512, 384.186004639, 521.379272461, 1458.63586426, 1644.96716309, 1443.88000488, 400.695465088, 832.625183105, 10254.2880859, 2368.53540039, 2573.79980469, 1087.3605957, 744.653869629, 720.163391113, 297.615203857, 477.815429688, 216.482254028, 493.54888916, 301.386108398, 546.960571289, 3030.07324219, 506.099609375, 234.65335083, 182.739593506, 117.40977478, 83.9794845581, 79.5354766846, 123.563453674, 43.6787910461, 32.9308052063, 21.2039890289, 6.75279474258, 2.05607843399, 0.17765326798, 0.00105953111779],
        "dvar2": [1.76133906841, 123.482254028, 388.649932861, 782.813720703, 750.856933594, 1430.0078125, 1029.48803711, 1332.7598877, 3981.79467773, 3939.01489258, 3636.94677734, 985.059936523, 2027.76452637, 28515.7617188, 5998.05371094, 5632.45556641, 2463.21166992, 1606.22436523, 1390.87402344, 674.047485352, 1161.6270752, 503.366271973, 1333.07019043, 635.598815918, 1213.25720215, 7906.92285156, 987.46496582, 474.106201172, 390.584960938, 231.601806641, 188.206161499, 194.134033203, 298.123382568, 114.208961487, 91.1760025024, 58.9800071716, 18.5451946259, 5.73305559158, 0.494650542736, 0.00296173081733],
        "max": [11.1608333588, 72.4986038208, 154.678970337, 213.027511597, 243.683364868, 242.723922729, 247.330200195, 283.61920166, 397.514373779, 643.932739258, 646.808227539, 574.105834961, 1142.25732422, 1537.77734375, 1146.13659668, 1193.59875488, 675.38659668, 687.87121582, 764.784851074, 199.620544434, 314.954406738, 187.83644104, 400.3878479, 279.094573975, 269.408691406, 748.501708984, 277.396820068, 215.115814209, 266.63861084, 163.335983276, 174.188690186, 177.415649414, 292.404998779, 134.111404419, 131.501937866, 48.6166648865, 28.9614601135, 14.8975572586, 4.40113830566, 0.336211889982],
        "mean": [0.915411233902, 5.23314332962, 6.08929347992, 6.49444484711, 6.97194623947, 7.01119279861, 5.81087112427, 7.94204759598, 11.6431112289, 11.8312005997, 10.6446371078, 8.44077205658, 13.2236700058, 27.7807025909, 19.8147010803, 21.6368751526, 16.1030483246, 16.5691165924, 17.7151031494, 10.8340654373, 10.4512138367, 7.96125364304, 7.78198289871, 9.02164077759, 11.0811834335, 17.2208042145, 11.9206867218, 8.39058113098, 6.95285654068, 5.88694047928, 4.45592975616, 3.78696513176, 3.01377177238, 2.12996721268, 1.25990366936, 0.96391171217, 0.520807981491, 0.251354217529, 0.0709294676781, 0.0054486989975],
        "median": [0.067072853446, 0.587520062923, 1.33036458492, 1.13708376884, 1.60567986965, 0.895693421364, 0.540229558945, 0.687950015068, 0.891733825207, 0.970576524734, 1.11094033718, 1.35334014893, 2.1104798317, 2.89604234695, 2.44611144066, 2.37586927414, 1.97879743576, 2.75033473969, 2.49149656296, 1.92430090904, 1.23903989792, 1.06583189964, 0.786398291588, 0.80796277523, 1.03118956089, 1.01526355743, 0.762415111065, 0.589581489563, 0.429598361254, 0.348718672991, 0.235867723823, 0.161379545927, 0.114945806563, 0.0720711648464, 0.0315051041543, 0.0100635634735, 0.00169143092353, 0.000432167755207, 0.00015460162831, 7.72027560743e-05],
        "min": [2.70535004988e-13, 2.0007641377e-12, 1.560992763e-12, 5.94134333745e-12, 9.66452265438e-12, 3.02881920933e-11, 2.08663277629e-11, 4.44918477061e-11, 1.93735361087e-10, 8.18291615023e-11, 1.66480856878e-10, 9.42453337593e-10, 6.81360301513e-10, 1.00972286088e-09, 1.6519623447e-09, 1.06407271883e-09, 2.19165197102e-09, 2.26550822546e-09, 2.05976991019e-09, 1.97095273435e-09, 4.25935953174e-09, 3.65022700954e-09, 4.39122294082e-09, 4.08157330156e-09, 6.14721473724e-09, 3.60650265208e-09, 5.01986363588e-09, 3.76262354607e-09, 3.94686061611e-09, 3.57693807906e-09, 5.21253840091e-09, 5.88831428061e-09, 4.09852640715e-09, 4.06310540768e-09, 4.17514645079e-09, 2.05625827476e-09, 1.3420805578e-09, 2.24831886442e-09, 2.74239320142e-09, 4.08922062878e-10],
        "var": [2.50828409195, 82.9640884399, 164.254486084, 246.140975952, 256.462646484, 361.174926758, 275.87512207, 445.09387207, 1057.4822998, 1501.9498291, 1163.87695312, 394.7109375, 1052.96643066, 7423.34765625, 2571.27294922, 3618.62524414, 1533.36279297, 1305.4083252, 1499.82897949, 403.121673584, 503.787567139, 272.832183838, 421.404602051, 419.872253418, 626.087280273, 2346.96606445, 698.786071777, 345.250244141, 255.135070801, 177.742385864, 103.168174744, 80.1747970581, 109.579627991, 35.4928894043, 21.7744503021, 13.2687177658, 4.31455802917, 1.24412500858, 0.107507094741, 0.000634052092209]
    },
    "gfcc": {
        "mean": [-110.294921875, 76.1541595459, -90.1635818481, 22.580493927, -39.7648277283, 18.711397171, -16.6233081818, 1.73326599598, -16.1065292358, 1.83072733879, -9.2559928894, -5.00413417816, -5.04811239243],
        "cov": [[42972.3007812, -991.662353516, -682.956420898, 3047.79882812, -1144.08666992, 1052.30212402, -1417.24572754, 557.14630127, -1309.63134766, 86.8573760986, -598.582397461, 62.2020225525, -104.978622437], [-991.662353516, 5068.04980469, 363.811431885, 68.218421936, 1056.07165527, 271.806640625, 523.126281738, -81.129989624, 288.659912109, -162.552322388, 164.550689697, -246.522689819, 173.354934692], [-682.956420898, 363.811431885, 2255.54492188, 478.860809326, 797.378540039, 294.155181885, 338.049133301, 159.792022705, 135.63053894, 42.3605918884, 63.9391288757, 47.4115333557, 16.314912796], [3047.79882812, 68.218421936, 478.860809326, 1438.83740234, 121.589729309, 400.238128662, 69.8305969238, 195.832077026, 30.950799942, 34.4232711792, 77.0885238647, -47.8907623291, 65.5072097778], [-1144.08666992, 1056.07165527, 797.378540039, 121.589729309, 1049.30395508, 317.947052002, 406.634063721, 105.375160217, 151.984268188, 20.5954494476, 100.15473938, -33.9183807373, 72.6511917114], [1052.30212402, 271.806640625, 294.155181885, 400.238128662, 317.947052002, 540.658813477, 205.928421021, 139.301635742, 53.2819061279, 61.4154319763, 51.5194549561, -31.2666778564, 44.5095901489], [-1417.24572754, 523.126281738, 338.049133301, 69.8305969238, 406.634063721, 205.928421021, 409.791900635, 124.0754776, 168.026947021, 35.7086906433, 101.199020386, -6.85125827789, 72.8132400513], [557.14630127, -81.129989624, 159.792022705, 195.832077026, 105.375160217, 139.301635742, 124.0754776, 202.13633728, 62.6357345581, 84.6410217285, 50.1869087219, 55.0855026245, 43.8270568848], [-1309.63134766, 288.659912109, 135.63053894, 30.950799942, 151.984268188, 53.2819061279, 168.026947021, 62.6357345581, 223.769439697, 55.2092247009, 80.5425262451, 7.34197664261, 34.5546455383], [86.8573760986, -162.552322388, 42.3605918884, 34.4232711792, 20.5954494476, 61.4154319763, 35.7086906433, 84.6410217285, 55.2092247009, 150.603561401, 53.5257263184, 65.3536148071, 15.117975235], [-598.582397461, 164.550689697, 63.9391288757, 77.0885238647, 100.15473938, 51.5194549561, 101.199020386, 50.1869087219, 80.5425262451, 53.5257263184, 130.206130981, 45.7137031555, 49.8788299561], [62.2020225525, -246.522689819, 47.4115333557, -47.8907623291, -33.9183807373, -31.2666778564, -6.85125827789, 55.0855026245, 7.34197664261, 65.3536148071, 45.7137031555, 139.503921509, 21.4695510864], [-104.978622437, 173.354934692, 16.314912796, 65.5072097778, 72.6511917114, 44.5095901489, 72.8132400513, 43.8270568848, 34.5546455383, 15.117975235, 49.8788299561, 21.4695510864, 104.883743286]],
        "icov": [[4.90340862598e-05, -3.50656591763e-05, 1.90670289157e-05, -8.4475534095e-05, 1.14854055937e-05, -8.56404367369e-05, 0.000167407633853, -0.000202781840926, 0.00021787492733, -5.28850323462e-05, 0.000200518450583, -0.000102144338598, 1.51266449393e-05], [-3.50656591763e-05, 0.00034737875103, 2.97449660138e-05, 6.62151287543e-05, -0.000280950102024, 5.39235443284e-05, -0.000167588455952, 0.000391976820538, -0.00037816123222, 0.0003180692147, -0.000410072650993, 0.00048296074965, -0.00035606516758], [1.90670289157e-05, 2.97449660138e-05, 0.000735707231797, -0.000323416490573, -0.000572820310481, 5.62044770049e-05, -0.000196662731469, 2.73229379673e-05, -7.43076670915e-05, 9.05903361854e-05, 0.000534174323548, -0.000749461585656, 0.000466322584543], [-8.4475534095e-05, 6.62151287543e-05, -0.000323416490573, 0.00135459192097, 0.000242585869273, -0.000597336620558, 0.000541534507647, -0.000886215420906, -0.000346179469489, 0.000603991560638, -0.00146715284791, 0.00131728162523, -0.000454828172224], [1.14854055937e-05, -0.000280950102024, -0.000572820310481, 0.000242585869273, 0.0022923166398, -0.000611401046626, -0.0011692235712, -2.73523583019e-05, 0.000360693869879, -0.000124399506603, -0.00028993311571, 0.000302309927065, -0.000116703660751], [-8.56404367369e-05, 5.39235443284e-05, 5.62044770049e-05, -0.000597336620558, -0.000611401046626, 0.0035969899036, -0.00146755902097, -0.000437458860688, 0.000547253119294, -0.00129336316604, -4.92486105941e-05, 0.00125127157662, 6.15767858108e-05], [0.000167407633853, -0.000167588455952, -0.000196662731469, 0.000541534507647, -0.0011692235712, -0.00146755902097, 0.00761859165505, -0.00365049182437, -0.00195543910377, 0.00157425622456, -0.00165839202236, 0.00118253123946, -0.0012300980743], [-0.000202781840926, 0.000391976820538, 2.73229379673e-05, -0.000886215420906, -2.73523583019e-05, -0.000437458860688, -0.00365049182437, 0.0116790011525, -0.00136428815313, -0.00333885056898, 0.00151336425915, -0.00303823268041, -0.001609983854], [0.00021787492733, -0.00037816123222, -7.43076670915e-05, -0.000346179469489, 0.000360693869879, 0.000547253119294, -0.00195543910377, -0.00136428815313, 0.00896988809109, -0.00264861178584, -0.00177731690928, 0.00105715822428, 0.000571811629925], [-5.28850323462e-05, 0.0003180692147, 9.05903361854e-05, 0.000603991560638, -0.000124399506603, -0.00129336316604, 0.00157425622456, -0.00333885056898, -0.00264861178584, 0.0121093019843, -0.00317326141521, -0.0028381308075, 0.00118456280325], [0.000200518450583, -0.000410072650993, 0.000534174323548, -0.00146715284791, -0.00028993311571, -4.92486105941e-05, -0.00165839202236, 0.00151336425915, -0.00177731690928, -0.00317326141521, 0.0161924716085, -0.00551224732772, -0.00307686603628], [-0.000102144338598, 0.00048296074965, -0.000749461585656, 0.00131728162523, 0.000302309927065, 0.00125127157662, 0.00118253123946, -0.00303823268041, 0.00105715822428, -0.0028381308075, -0.00551224732772, 0.0137796197087, -0.00203687697649], [1.51266449393e-05, -0.00035606516758, 0.000466322584543, -0.000454828172224, -0.000116703660751, 6.15767858108e-05, -0.0012300980743, -0.001609983854, 0.000571811629925, 0.00118456280325, -0.00307686603628, -0.00203687697649, 0.0134520437568]]
    },
    "melbands": {
        "dmean": [0.00439240830019, 0.00312800193205, 0.00120244827121, 0.000597080390435, 0.000304801069433, 0.000222385002417, 0.000218151690206, 0.000169309438206, 9.9513825262e-05, 5.50965414732e-05, 5.97026191826e-05, 0.000128789048176, 6.94772606948e-05, 5.75864942221e-05, 4.37345697719e-05, 3.12954871333e-05, 2.34389208345e-05, 2.05672822631e-05, 1.38595596582e-05, 1.22421306514e-05, 1.23640465972e-05, 6.83020971337e-06, 8.43450925458e-06, 5.82251414016e-06, 6.63772061671e-06, 7.69200141804e-06, 9.82320852927e-06, 1.36980243042e-05, 7.2169041232e-06, 4.9439513532e-06, 4.08670257457e-06, 3.69055783267e-06, 3.28294481733e-06, 2.84059819933e-06, 2.40465624302e-06, 2.50307493843e-06, 2.29203124036e-06, 2.39708469962e-06, 1.93892878997e-06, 2.15243244384e-06],
        "dmean2": [0.00633398257196, 0.00474277837202, 0.00200924742967, 0.00104094028939, 0.000541982473806, 0.000376748939743, 0.000380129145924, 0.000281360407826, 0.000169198523508, 9.08514630282e-05, 9.87352759694e-05, 0.000222724193009, 0.000118425996334, 9.37357035582e-05, 6.79271615809e-05, 5.03991323058e-05, 3.68915825675e-05, 3.11264993798e-05, 2.10256675928e-05, 1.92398347281e-05, 2.01989278139e-05, 1.05509434434e-05, 1.374302974e-05, 9.36796550377e-06, 1.00644547274e-05, 1.13564128696e-05, 1.58501134138e-05, 2.21247883019e-05, 1.06906809378e-05, 7.23227003618e-06, 6.23009054834e-06, 5.50947243028e-06, 4.83347184854e-06, 4.12743702327e-06, 3.60180297321e-06, 3.88141143048e-06, 3.58425882041e-06, 3.93909886043e-06, 3.20434014611e-06, 3.60295894097e-06],
        "dvar": [6.73635368003e-05, 4.37375820184e-05, 7.58689293434e-06, 1.76333674062e-06, 5.77872526719e-07, 2.6960356081e-07, 3.07316668113e-07, 2.97173727404e-07, 6.92514063871e-08, 1.41747786842e-08, 2.15154702943e-08, 1.71678578909e-07, 3.22066426861e-08, 1.89827353836e-08, 1.15728777672e-08, 6.564551569e-09, 3.03196068252e-09, 2.01168659508e-09, 6.52124299005e-10, 5.06468478267e-10, 7.64775687223e-10, 1.8306198224e-10, 7.50956408169e-10, 1.85462867286e-10, 2.23046831005e-10, 2.61713789529e-10, 6.20419771113e-10, 1.62409607984e-09, 2.41035996718e-10, 1.23091439819e-10, 7.96584326279e-11, 6.78562275813e-11, 4.77349756944e-11, 3.62847460411e-11, 2.6755443347e-11, 3.20553271427e-11, 2.94662731715e-11, 6.38549907395e-11, 4.44814983458e-11, 3.13061208901e-11],
        "dvar2": [0.000144584657392, 9.83386125881e-05, 1.93798787222e-05, 4.77882895211e-06, 1.5386395944e-06, 6.92000696745e-07, 8.41797429985e-07, 7.24090739368e-07, 1.72626556605e-07, 3.49202515793e-08, 5.27677279649e-08, 4.75657060406e-07, 8.48648866736e-08, 4.47065211517e-08, 2.65046313785e-08, 1.52847228208e-08, 6.4853287185e-09, 3.97942878649e-09, 1.46623180264e-09, 1.13305109739e-09, 1.91605953326e-09, 4.0927994327e-10, 2.03245531516e-09, 4.78073192145e-10, 4.86148066248e-10, 5.55395840429e-10, 1.58254387372e-09, 4.25531609949e-09, 4.6647724572e-10, 2.68781802371e-10, 1.65247107664e-10, 1.50664133947e-10, 1.0526560873e-10, 6.95443563847e-11, 6.16355091965e-11, 7.43616002108e-11, 7.361953408e-11, 1.55223028875e-10, 1.13131587431e-10, 8.1207145175e-11],
        "max": [0.0930651426315, 0.0813711434603, 0.0310398843139, 0.0130181768909, 0.00718072755262, 0.00619441922754, 0.00557276140898, 0.00884693861008, 0.00421011820436, 0.00316603016108, 0.00580981560051, 0.00632310658693, 0.00316318473779, 0.00233594328165, 0.00249480246566, 0.00194724206813, 0.00151079124771, 0.00121964944992, 0.000381848687539, 0.000220996735152, 0.000416153605329, 0.000192278297618, 0.000497010361869, 0.000256488245213, 0.000254207610851, 0.000193181331269, 0.000336845201673, 0.000551640521735, 0.00020337504975, 0.000154932073201, 0.000124804806546, 0.000182401941856, 0.00010006113007, 9.10335511435e-05, 0.000101942801848, 0.000101935125713, 0.000113292466267, 0.000202167968382, 0.000197932589799, 0.000159761533723],
        "mean": [0.00774471182376, 0.00455438997597, 0.00116642483044, 0.000496878172271, 0.000228167526075, 0.000181264302228, 0.00016887835227, 0.000136980263051, 8.00289635663e-05, 5.12223523401e-05, 6.62009770167e-05, 0.000112963731226, 6.65174520691e-05, 5.72243407078e-05, 4.64989461761e-05, 3.32570270984e-05, 3.05401772493e-05, 2.93050543405e-05, 1.69859777088e-05, 1.27299626911e-05, 1.2139129467e-05, 7.99207191449e-06, 8.09723860584e-06, 6.28935958957e-06, 7.27553879187e-06, 7.95679079602e-06, 8.78221089806e-06, 1.22445189845e-05, 7.93110393715e-06, 5.56568284082e-06, 4.63044489152e-06, 3.95707365897e-06, 3.58405645784e-06, 3.18685374623e-06, 2.55726968135e-06, 2.42359760705e-06, 2.24094492296e-06, 2.18712762035e-06, 1.77795845957e-06, 1.83993245173e-06],
        "median": [0.000705317826942, 0.00091978115961, 0.000249894481385, 9.58689051913e-05, 1.98077414097e-05, 1.5856428945e-05, 1.35705467983e-05, 1.05678227555e-05, 8.24933158583e-06, 8.04705905466e-06, 1.01025761978e-05, 1.08789254227e-05, 7.50209892431e-06, 6.62325510348e-06, 4.61677518615e-06, 3.47350032825e-06, 4.21728873334e-06, 3.88315447708e-06, 2.79653067992e-06, 1.73428122707e-06, 1.23194911339e-06, 1.11478289e-06, 8.05405306892e-07, 5.89190449318e-07, 6.0972593019e-07, 7.30095450763e-07, 7.30199587906e-07, 6.30718943739e-07, 4.76137159922e-07, 3.70005437844e-07, 3.08045656539e-07, 2.34752377537e-07, 2.01894408747e-07, 1.76787679607e-07, 1.3784217856e-07, 1.02079233955e-07, 9.0644519446e-08, 8.0282568149e-08, 6.59788312873e-08, 5.6193179887e-08],
        "min": [6.93487430906e-15, 1.34853225032e-15, 1.01432078967e-15, 1.5236018903e-15, 8.31891386289e-16, 1.14224870509e-15, 2.73050091448e-15, 7.92843114481e-16, 1.44762832889e-15, 6.83022169436e-15, 3.34811477622e-15, 3.72022079687e-15, 6.1424029891e-15, 3.24425096095e-15, 3.41808435634e-15, 4.57985505328e-15, 4.2651907837e-15, 3.35804454346e-15, 1.89319148195e-15, 3.66828243061e-15, 5.11371281488e-15, 2.93903852027e-15, 5.97214767264e-15, 3.15205333046e-15, 3.22613292621e-15, 3.92736863335e-15, 3.21105108106e-15, 2.30121529945e-15, 2.79626243493e-15, 3.05457042615e-15, 1.96082367465e-15, 2.37754270888e-15, 1.92651566392e-15, 2.0863607337e-15, 2.89826468353e-15, 3.99257407666e-15, 3.10131436286e-15, 2.43062224028e-15, 3.32880814249e-15, 3.29410753198e-15],
        "var": [0.000163356875419, 6.24757667538e-05, 6.98021767676e-06, 1.3063362303e-06, 4.21066715717e-07, 2.28244445566e-07, 2.20212896807e-07, 2.5521805469e-07, 5.77111869404e-08, 1.41968472533e-08, 2.7124672286e-08, 1.25097102455e-07, 3.07663299282e-08, 2.32628529773e-08, 1.44628140575e-08, 8.60562998639e-09, 5.47616219038e-09, 4.11007539114e-09, 1.00633801292e-09, 6.361129401e-10, 7.48381134841e-10, 2.54728071969e-10, 5.84952974947e-10, 2.00999938915e-10, 2.93087415448e-10, 3.2767880076e-10, 5.15803455503e-10, 1.24089571951e-09, 3.2205307865e-10, 1.63718691382e-10, 1.09656887737e-10, 8.96740043332e-11, 6.32578572857e-11, 5.57111683175e-11, 3.21329352015e-11, 3.47352979713e-11, 2.86729980037e-11, 5.61328483695e-11, 3.61860368059e-11, 2.66790981668e-11]
    },
    "mfcc": {
        "mean": [-746.96472168, 109.522918701, 14.399523735, 17.8328762054, 5.46732664108, 17.2887516022, 12.2428159714, 5.179479599, 5.17407035828, 6.12773942947, 0.889906108379, 0.269982725382, 2.47870206833],
        "cov": [[26751.6054688, -396.562438965, -670.797363281, 805.297668457, 106.920333862, 38.201335907, -135.172012329, -185.543029785, -234.507247925, -188.154220581, -490.148132324, -211.669784546, -143.015960693], [-396.562438965, 3398.57202148, 337.511047363, 349.59161377, 510.466918945, 442.802185059, 411.943725586, 266.494354248, 223.159820557, 222.064910889, 115.143180847, -5.09612512589, 47.3403053284], [-670.797363281, 337.511047363, 1165.10351562, 461.739593506, 349.184143066, 261.506195068, 215.657592773, 183.816757202, 132.847137451, 72.913734436, 86.2521438599, 68.0638885498, 17.2263145447], [805.297668457, 349.59161377, 461.739593506, 766.246520996, 386.583129883, 234.808319092, 203.492233276, 156.289321899, 117.160850525, 110.14263916, 52.7959365845, 57.6298866272, 51.1806678772], [106.920333862, 510.466918945, 349.184143066, 386.583129883, 487.940155029, 299.876525879, 248.251159668, 166.169799805, 116.14188385, 125.14214325, 67.6879272461, 39.4690933228, 30.9559650421], [38.201335907, 442.802185059, 261.506195068, 234.808319092, 299.876525879, 394.413208008, 261.008117676, 173.298446655, 127.032119751, 145.764831543, 90.2499465942, 44.0019226074, 19.2927856445], [-135.172012329, 411.943725586, 215.657592773, 203.492233276, 248.251159668, 261.008117676, 352.862426758, 184.139373779, 143.479629517, 124.67816925, 59.7888526917, 38.318977356, 64.8529815674], [-185.543029785, 266.494354248, 183.816757202, 156.289321899, 166.169799805, 173.298446655, 184.139373779, 209.052536011, 117.897346497, 104.078445435, 58.0992546082, 47.4730987549, 45.1512069702], [-234.507247925, 223.159820557, 132.847137451, 117.160850525, 116.14188385, 127.032119751, 143.479629517, 117.897346497, 175.836547852, 104.051628113, 61.2207717896, 44.1242866516, 40.7030220032], [-188.154220581, 222.064910889, 72.913734436, 110.14263916, 125.14214325, 145.764831543, 124.67816925, 104.078445435, 104.051628113, 164.777816772, 76.8312454224, 38.0235710144, 25.6891689301], [-490.148132324, 115.143180847, 86.2521438599, 52.7959365845, 67.6879272461, 90.2499465942, 59.7888526917, 58.0992546082, 61.2207717896, 76.8312454224, 133.575424194, 68.4770126343, 39.5715751648], [-211.669784546, -5.09612512589, 68.0638885498, 57.6298866272, 39.4690933228, 44.0019226074, 38.318977356, 47.4730987549, 44.1242866516, 38.0235710144, 68.4770126343, 100.273040771, 60.8568878174], [-143.015960693, 47.3403053284, 17.2263145447, 51.1806678772, 30.9559650421, 19.2927856445, 64.8529815674, 45.1512069702, 40.7030220032, 25.6891689301, 39.5715751648, 60.8568878174, 115.947044373]],
