{
"lowlevel": {
    "average_loudness": 0.837619781494,
    "barkbands_crest": {
        "dmean": 1.6537925005,
        "dmean2": 2.54331159592,
        "dvar": 3.34315991402,
        "dvar2": 7.63093948364,
        "max": 25.2674694061,
        "mean": 12.5741081238,
        "median": 11.7866411209,
        "min": 3.36047720909,
        "var": 16.2637863159
    },
    "barkbands_flatness_db": {
        "dmean": 0.0167623572052,
        "dmean2": 0.0248258579522,
        "dvar": 0.000381401710911,
        "dvar2": 0.000787813274655,
        "max": 0.432613819838,
        "mean": 0.24384790659,
        "median": 0.24200950563,
        "min": 0.0276121813804,
        "var": 0.00292510981672
    },
    "barkbands_kurtosis": {
        "dmean": 2.87408185005,
        "dmean2": 4.2333111763,
        "dvar": 19.4281806946,
        "dvar2": 40.6206436157,
        "max": 112.469444275,
        "mean": 10.4801425934,
        "median": 7.97660827637,
        "min": -1.85923147202,
        "var": 95.2018890381
    },
    "barkbands_skewness": {
        "dmean": 0.349044591188,
        "dmean2": 0.511261045933,
        "dvar": 0.175497025251,
        "dvar2": 0.368607342243,
        "max": 9.64426136017,
        "mean": 2.23161554337,
        "median": 2.10241484642,
        "min": -2.21661424637,
        "var": 1.12164187431
    },
    "barkbands_spread": {
        "dmean": 1.24371182919,
        "dmean2": 1.91289043427,
        "dvar": 9.04693126678,
        "dvar2": 21.7558803558,
        "max": 124.114601135,
        "mean": 6.30763816833,
        "median": 4.68064641953,
        "min": 0.387196779251,
        "var": 51.6886100769
    },
    "dissonance": {
        "dmean": 0.0286730602384,
        "dmean2": 0.047629468143,
        "dvar": 0.000804294482805,
        "dvar2": 0.00193330063485,
        "max": 0.500000059605,
        "mean": 0.400779277086,
        "median": 0.406386464834,
        "min": 0.151132315397,
        "var": 0.00254626479
    },
    "dynamic_complexity": 4.51920318604,
    "erbbands_crest": {
        "dmean": 1.63871312141,
        "dmean2": 2.45061945915,
        "dvar": 3.31070876122,
        "dvar2": 7.31059026718,
        "max": 29.4853439331,
        "mean": 12.1057510376,
        "median": 11.2968568802,
        "min": 2.76490235329,
        "var": 17.7287635803
    },
    "erbbands_flatness_db": {
        "dmean": 0.0134200584143,
        "dmean2": 0.0192380212247,
        "dvar": 0.000254274404142,
        "dvar2": 0.000529300887138,
        "max": 0.451307594776,
        "mean": 0.240733936429,
        "median": 0.239028692245,
        "min": 0.0533969141543,
        "var": 0.00202490226366
    },
    "erbbands_kurtosis": {
        "dmean": 1.18602275848,
        "dmean2": 1.73717606068,
        "dvar": 3.48367929459,
        "dvar2": 6.55424880981,
        "max": 48.4857444763,
        "mean": 3.35920119286,
        "median": 2.28967952728,
        "min": -1.80231809616,
        "var": 18.9271125793
    },
    "erbbands_skewness": {
        "dmean": 0.247660696507,
        "dmean2": 0.362204819918,
        "dvar": 0.0916809290648,
        "dvar2": 0.187184602022,
        "max": 5.86147689819,
        "mean": 1.4047549963,
        "median": 1.31768906116,
        "min": -2.13748836517,
        "var": 0.579820632935
    },
    "erbbands_spread": {
        "dmean": 3.09522271156,
        "dmean2": 4.62942886353,
        "dvar": 24.0314426422,
        "dvar2": 53.7453384399,
        "max": 98.2975845337,
        "mean": 19.2521400452,
        "median": 16.9092006683,
        "min": 1.47505664825,
        "var": 118.402832031
    },
    "hfc": {
        "dmean": 1.96868431568,
        "dmean2": 2.77579212189,
        "dvar": 18.3132972717,
        "dvar2": 38.5015487671,
        "max": 111.897720337,
        "mean": 9.74963760376,
        "median": 7.61397123337,
        "min": 1.19515091543e-16,
        "var": 79.0266036987
    },
    "melbands_crest": {
        "dmean": 1.91988611221,
        "dmean2": 2.90454816818,
        "dvar": 4.25411367416,
        "dvar2": 9.85535335541,
        "max": 30.7098197937,
        "mean": 15.293923378,
        "median": 14.5947055817,
        "min": 1.00160348415,
        "var": 19.6862926483
    },
    "melbands_flatness_db": {
        "dmean": 0.0195032693446,
        "dmean2": 0.0282466560602,
        "dvar": 0.000573110883124,
        "dvar2": 0.00111222465057,
        "max": 0.554326891899,
        "mean": 0.336212009192,
        "median": 0.334356725216,
        "min": -1.8120155687e-07,
        "var": 0.00517483986914
    },
    "melbands_kurtosis": {
        "dmean": 3.54065871239,
        "dmean2": 5.24869918823,
        "dvar": 27.8302745819,
        "dvar2": 59.8231887817,
        "max": 138.949432373,
        "mean": 12.8332138062,
        "median": 10.0616369247,
        "min": -1.65468323231,
        "var": 120.095329285
    },
    "melbands_skewness": {
        "dmean": 0.371501266956,
        "dmean2": 0.543341517448,
        "dvar": 0.197187110782,
        "dvar2": 0.429778575897,
        "max": 8.99081230164,
        "mean": 2.32933712006,
        "median": 2.21372890472,
        "min": -1.54059064388,
        "var": 1.12333750725
    },
    "melbands_spread": {
        "dmean": 1.3386234045,
        "dmean2": 2.06086063385,
        "dvar": 13.9612522125,
        "dvar2": 34.2736320496,
        "max": 236.506500244,
        "mean": 7.30845212936,
        "median": 5.82932901382,
        "min": 0.760795235634,
        "var": 92.1600570679
    },
    "pitch_salience": {
        "dmean": 0.0453830622137,
        "dmean2": 0.0714833363891,
        "dvar": 0.00240121362731,
        "dvar2": 0.00584097066894,
        "max": 0.996024787426,
        "mean": 0.524040341377,
        "median": 0.523823142052,
        "min": 0.165475189686,
        "var": 0.00982570461929
    },
    "silence_rate_20dB": {
        "dmean": 0,
        "dmean2": 0,
        "dvar": 0,
        "dvar2": 0,
        "max": 1,
        "mean": 1,
        "median": 1,
        "min": 1,
        "var": 0
    },
    "silence_rate_30dB": {
        "dmean": 0.00193827343173,
        "dmean2": 0.0038768358063,
        "dvar": 0.00193456700072,
        "dvar2": 0.00490576168522,
        "max": 1,
        "mean": 0.998285472393,
        "median": 1,
        "min": 0,
        "var": 0.00171212258283
    },
    "silence_rate_60dB": {
        "dmean": 0.00805128924549,
        "dmean2": 0.0161037798971,
        "dvar": 0.00798602681607,
        "dvar2": 0.017633786425,
        "max": 1,
        "mean": 0.0989936664701,
        "median": 0,
        "min": 0,
        "var": 0.0891906768084
    },
    "spectral_centroid": {
        "dmean": 62.5599784851,
        "dmean2": 94.760559082,
        "dvar": 22684.5175781,
        "dvar2": 48383.1953125,
        "max": 10780.6201172,
        "mean": 533.032104492,
        "median": 456.723449707,
        "min": 180.396713257,
        "var": 102353.609375
    },
    "spectral_complexity": {
        "dmean": 1.25689578056,
        "dmean2": 1.96570491791,
        "dvar": 2.45355629921,
        "dvar2": 4.82912349701,
        "max": 32,
        "mean": 10.0398807526,
        "median": 10,
        "min": 0,
        "var": 20.6562175751
    },
    "spectral_decrease": {
        "dmean": 1.33754285425e-09,
        "dmean2": 1.90158688795e-09,
        "dvar": 5.50035857628e-18,
        "dvar2": 1.14493005075e-17,
        "max": 2.91443523071e-17,
        "mean": -6.31446228638e-09,
        "median": -5.32306687617e-09,
        "min": -3.71099098118e-08,
        "var": 2.42201510837e-17
    },
    "spectral_energy": {
        "dmean": 0.00521516799927,
        "dmean2": 0.00740973465145,
        "dvar": 8.38231280795e-05,
        "dvar2": 0.000174298882484,
        "max": 0.143012270331,
        "mean": 0.0247165691108,
        "median": 0.0207927096635,
        "min": 1.08389619644e-20,
        "var": 0.000370764464606
    },
    "spectral_energyband_high": {
        "dmean": 4.07954721595e-05,
        "dmean2": 6.44068713882e-05,
        "dvar": 1.12119565188e-07,
        "dvar2": 3.04304592191e-07,
        "max": 0.016165593639,
        "mean": 7.02394536347e-05,
        "median": 1.22351075333e-05,
        "min": 7.79169967357e-21,
        "var": 1.13137190283e-07
    },
    "spectral_energyband_low": {
        "dmean": 0.000815264764242,
        "dmean2": 0.00111445155926,
        "dvar": 3.5946331991e-06,
        "dvar2": 5.33274896952e-06,
        "max": 0.0698194056749,
        "mean": 0.00334048108198,
        "median": 0.00172651477624,
        "min": 2.4877784142e-23,
        "var": 2.25194344239e-05
    },
    "spectral_energyband_middle_high": {
        "dmean": 0.000336767319823,
        "dmean2": 0.000463316595415,
        "dvar": 8.66659433996e-07,
        "dvar2": 1.72174668478e-06,
        "max": 0.0248251650482,
        "mean": 0.00148523307871,
        "median": 0.000797310145572,
        "min": 1.73337272558e-21,
        "var": 4.42678447143e-06
    },
    "spectral_energyband_middle_low": {
        "dmean": 0.00470626633614,
        "dmean2": 0.00685107149184,
        "dvar": 7.1057358582e-05,
        "dvar2": 0.000153639295604,
        "max": 0.14073009789,
        "mean": 0.0204285942018,
        "median": 0.0163171216846,
        "min": 3.69322108092e-22,
        "var": 0.000297718652291
    },
    "spectral_entropy": {
        "dmean": 0.185709774494,
        "dmean2": 0.28186917305,
        "dvar": 0.0530696623027,
        "dvar2": 0.119553305209,
        "max": 9.79882335663,
        "mean": 6.11109828949,
        "median": 6.08164978027,
        "min": 4.6949596405,
        "var": 0.252770364285
    },
    "spectral_flux": {
        "dmean": 0.0199924521148,
        "dmean2": 0.0321297012269,
        "dvar": 0.000816317857243,
        "dvar2": 0.00199430948123,
        "max": 0.304852068424,
        "mean": 0.0377429239452,
        "median": 0.0285206567496,
        "min": 1.04110338406e-10,
        "var": 0.00114912376739
    },
    "spectral_kurtosis": {
        "dmean": 7.17473268509,
        "dmean2": 11.7531194687,
        "dvar": 66.8009796143,
        "dvar2": 162.337905884,
        "max": 170.379989624,
        "mean": 24.2263813019,
        "median": 17.4831542969,
        "min": -1.21239614487,
        "var": 396.683349609
    },
    "spectral_rms": {
        "dmean": 0.000475484208437,
        "dmean2": 0.000663674261887,
        "dvar": 5.19587160852e-07,
        "dvar2": 9.95422283268e-07,
        "max": 0.0118120349944,
        "mean": 0.0044652633369,
        "median": 0.00450395047665,
        "min": 3.25186058636e-12,
        "var": 4.17509272665e-06
    },
    "spectral_rolloff": {
        "dmean": 83.1786880493,
        "dmean2": 141.943984985,
        "dvar": 211420.078125,
        "dvar2": 503845.78125,
        "max": 19918.2128906,
        "mean": 621.686584473,
        "median": 473.73046875,
        "min": 129.19921875,
        "var": 1259615.75
    },
    "spectral_skewness": {
        "dmean": 0.540107667446,
        "dmean2": 0.870383739471,
        "dvar": 0.312907665968,
        "dvar2": 0.700457572937,
        "max": 11.0500049591,
        "mean": 3.52638840675,
        "median": 3.13817477226,
        "min": 0.065998390317,
        "var": 2.34598565102
    },
    "spectral_spread": {
        "dmean": 287975.375,
        "dmean2": 451576.53125,
        "dvar": 171989647360,
        "dvar2": 295272906752,
        "max": 40430020,
        "mean": 2509845.5,
        "median": 2403108,
        "min": 646704.625,
        "var": 1.13201328947e+12
    },
    "spectral_strongpeak": {
        "dmean": 0.23208335042,
        "dmean2": 0.380030870438,
        "dvar": 0.132695123553,
        "dvar2": 0.298954606056,
        "max": 5.4321513176,
        "mean": 0.979835450649,
        "median": 0.844012200832,
        "min": 0,
        "var": 0.502948701382
    },
    "zerocrossingrate": {
        "dmean": 0.00331681082025,
        "dmean2": 0.00420734426007,
        "dvar": 3.29787835653e-05,
        "dvar2": 4.3826741603e-05,
        "max": 0.53125,
        "mean": 0.0265050642192,
        "median": 0.02197265625,
        "min": 0.00439453125,
        "var": 0.000860976520926
    },
    "barkbands": {
        "dmean": [7.61658100146e-07, 8.95594057511e-05, 0.000568331219256, 0.000697250769008, 0.00309382239357, 0.000612329458818, 0.00114396470599, 0.000365082290955, 0.000107611442218, 8.92079769983e-05, 0.000102145750134, 6.11860086792e-05, 8.70682488312e-05, 3.24388420267e-05, 1.86478246178e-05, 2.52360005106e-05, 5.24470924574e-05, 2.07760076592e-05, 3.60094200005e-05, 1.57166414283e-05, 2.70783311862e-05, 4.79636946693e-06, 1.80478548373e-06, 1.89139848317e-06, 9.83402856036e-07, 5.69752273805e-07, 1.22240720657e-07],
        "dmean2": [1.32997058699e-06, 0.000110368455353, 0.000777371576987, 0.000959863478784, 0.00478169089183, 0.000887124217115, 0.00155780743808, 0.000548888463527, 0.00014034495689, 0.000112445530249, 0.000129317471874, 9.09892041818e-05, 0.000128187195514, 4.54759538115e-05, 2.78248444374e-05, 3.70778834622e-05, 7.55357687012e-05, 3.08881390083e-05, 5.12963051733e-05, 2.46026356763e-05, 4.41265947302e-05, 7.39739834899e-06, 2.93083780889e-06, 2.99102612189e-06, 1.48038282077e-06, 9.16869339562e-07, 2.06664878988e-07],
        "dvar": [4.87854158113e-12, 6.81572061012e-08, 2.60379079009e-06, 4.08412188335e-06, 4.03615413234e-05, 2.14570241042e-06, 9.21966784517e-06, 1.31978674744e-06, 1.94714473878e-07, 9.33042869633e-08, 5.59980648518e-08, 3.15811448104e-08, 9.32540515919e-08, 1.27013626283e-08, 5.44451488338e-08, 5.57844259674e-09, 5.53216139565e-08, 1.2518408532e-08, 2.87262640342e-08, 3.62546370702e-09, 9.4423356245e-08, 8.02294564117e-10, 1.24080037911e-10, 1.5493009653e-10, 1.92209616279e-11, 2.39356312548e-11, 4.15869053604e-14],
        "dvar2": [1.2948890224e-11, 6.53434071296e-08, 3.8706034502e-06, 6.3852958192e-06, 9.67373416643e-05, 3.77522496819e-06, 1.82459243661e-05, 2.49869253821e-06, 3.02933585772e-07, 1.51649345526e-07, 9.65074136161e-08, 6.96619153473e-08, 2.03974138913e-07, 2.93097741633e-08, 1.42792799807e-07, 1.20587513308e-08, 1.27533539285e-07, 3.13339150182e-08, 5.32779722562e-08, 9.18215992129e-09, 2.57459646491e-07, 2.08986317141e-09, 3.2565264374e-10, 4.25664337111e-10, 4.69540240022e-11, 6.17660020352e-11, 1.13876573102e-13],
        "max": [5.75591548113e-05, 0.0171746015549, 0.0623455047607, 0.0586388297379, 0.117116220295, 0.0420425869524, 0.083964265883, 0.0332332551479, 0.0197840761393, 0.0146665675566, 0.00977840926498, 0.00661765830591, 0.0109083559364, 0.00441247737035, 0.0197534076869, 0.00206127320416, 0.00722825014964, 0.006534895394, 0.0102919526398, 0.00237170094624, 0.0154315792024, 0.00194699421991, 0.000522643735167, 0.000591032614466, 0.000143815719639, 0.000315163721098, 7.04671674612e-06],
        "mean": [1.3081448742e-06, 0.000369688350474, 0.0024588003289, 0.00199622614309, 0.00853902008384, 0.0029822094366, 0.00463335961103, 0.00160071800929, 0.000472730986075, 0.000309271796141, 0.000332580180839, 0.000196167675313, 0.000279147818219, 7.54591310397e-05, 3.20205908793e-05, 6.26569380984e-05, 0.000131911016069, 5.19009154232e-05, 0.000106808736746, 2.48057876888e-05, 4.26732294727e-05, 9.04197531781e-06, 2.49543495556e-06, 2.44511511482e-06, 1.64242464962e-06, 9.90353214547e-07, 4.65124571747e-07],
        "median": [1.14507406579e-06, 9.20082238736e-05, 0.000777298118919, 0.000406041188398, 0.0041774706915, 0.0016329678474, 0.00244840560481, 0.000638638681266, 0.00014029382146, 6.58891440253e-05, 0.000138740957482, 6.8829554948e-05, 6.87556530465e-05, 1.8925713448e-05, 8.4342491391e-06, 1.79326452781e-05, 2.76448699879e-05, 9.42096085055e-06, 2.2056965463e-05, 4.48391938335e-06, 4.47649063062e-06, 1.44166722293e-06, 3.79345948431e-07, 3.84591089642e-07, 4.78748063415e-07, 5.43460203062e-07, 4.57039931234e-07],
        "min": [1.43534929867e-23, 4.59210724071e-24, 7.26845236246e-24, 1.16561093391e-23, 1.96097410403e-23, 7.11406755014e-23, 3.81908295482e-23, 9.128497709e-23, 1.27844641079e-22, 5.03415941179e-23, 1.57597192763e-22, 1.19662159252e-22, 3.45534297796e-23, 1.36379674312e-22, 2.51470454037e-22, 7.74379312267e-23, 2.41068672981e-22, 1.57952634554e-22, 3.36036368321e-22, 4.07001866214e-22, 3.03252445059e-22, 5.30362369472e-22, 6.91344368742e-22, 6.61833246361e-22, 1.2793585107e-21, 1.79580608063e-21, 2.49783806313e-21],
        "var": [3.96818255338e-12, 8.22245965537e-07, 1.62518917932e-05, 2.01955081138e-05, 0.000134136003908, 1.70698313013e-05, 4.31496009696e-05, 7.0159844654e-06, 1.55277848535e-06, 5.26093060671e-07, 3.72510271518e-07, 1.38194465649e-07, 3.69190871652e-07, 3.01764160326e-08, 4.35760512119e-08, 1.80466379618e-08, 1.42906799283e-07, 3.62603174153e-08, 1.53544462478e-07, 4.6454378122e-09, 8.89401974291e-08, 9.89919701766e-10, 1.15580212068e-10, 1.21482518489e-10, 2.69345119125e-11, 2.1333896455e-11, 6.95134596586e-14]
    },
    "erbbands": {
        "dmean": [0.000577068130951, 0.0376339890063, 0.547653794289, 1.31598603725, 5.59711360931, 12.9923706055, 8.43538951874, 5.6740322113, 12.5310201645, 13.687286377, 6.43061065674, 2.52588629723, 3.19107794762, 1.13920009136, 5.26160001755, 2.32543349266, 4.00158309937, 1.53820633888, 1.25592303276, 1.06041395664, 1.38496232033, 2.94298410416, 1.52980363369, 1.62053608894, 1.4543941021, 0.808414101601, 1.07689142227, 0.739487886429, 0.210646063089, 0.0848335921764, 0.0539910495281, 0.0465873479843, 0.0248300358653, 0.0113483276218, 0.00740576116368, 0.00376466941088, 0.000538552354556, 0.000123853693367, 2.96544421872e-05, 5.97913594902e-06],
        "dmean2": [0.000765752978623, 0.0469610355794, 0.72780662775, 1.86341905594, 7.85499429703, 20.639749527, 13.3233757019, 8.23120498657, 17.4060096741, 18.7559566498, 9.86416816711, 3.37791991234, 3.94462966919, 1.53149676323, 6.73610544205, 3.35920524597, 5.85627222061, 2.19388961792, 1.73056709766, 1.63846158981, 2.02931833267, 4.14651060104, 2.23361945152, 2.34428334236, 2.07012748718, 1.26784491539, 1.72068715096, 1.20536315441, 0.325205057859, 0.132960066199, 0.0884926393628, 0.0747777447104, 0.0390516258776, 0.0176709350199, 0.0112151475623, 0.00601308746263, 0.000870830030181, 0.000209656383959, 5.00674759678e-05, 8.57351369632e-06],
        "dvar": [1.7163956727e-06, 0.0120184579864, 2.47806763649, 7.93360519409, 174.611862183, 961.76739502, 291.281616211, 181.305709839, 911.19317627, 1603.62304688, 397.758270264, 73.7127532959, 120.458702087, 9.07633304596, 142.832717896, 44.8191871643, 195.819610596, 24.1156692505, 23.8361816406, 121.627174377, 23.1975479126, 175.166595459, 47.7656593323, 64.3412246704, 42.7040863037, 11.3520202637, 128.35005188, 56.6639022827, 0.910613834858, 0.514364242554, 0.153931900859, 0.116906367242, 0.0218364503235, 0.00382288661785, 0.0013543323148, 0.000912849034648, 4.5477331696e-06, 9.15552007541e-08, 2.16362749939e-09, 1.07945409555e-10],
        "dvar2": [2.06210779652e-06, 0.0131213311106, 3.47739052773, 13.4107027054, 346.461608887, 2384.22363281, 691.705932617, 336.610443115, 1956.44311523, 3183.37255859, 748.646362305, 130.14175415, 176.223648071, 19.1333713531, 243.657775879, 101.782730103, 424.458831787, 52.1924591064, 58.042301178, 324.505187988, 53.7321166992, 389.190490723, 109.631782532, 134.839996338, 78.0039901733, 29.101316452, 339.375244141, 157.85710144, 2.19837260246, 1.40264177322, 0.413882881403, 0.32382106781, 0.0588039942086, 0.0102111818269, 0.00322432653047, 0.002357221907, 1.16848996186e-05, 2.5135008741e-07, 5.82736214838e-09, 2.25269636278e-10],
        "max": [0.0729552134871, 6.20489501953, 59.0539627075, 75.2080383301, 384.598754883, 652.976501465, 331.61819458, 429.446807861, 792.88861084, 1119.05908203, 643.936035156, 337.765625, 547.93548584, 169.494445801, 506.015258789, 279.190338135, 490.728881836, 211.377548218, 306.318084717, 876.871643066, 165.184494019, 515.57824707, 376.478424072, 544.606750488, 382.701202393, 136.990966797, 553.016601562, 365.276641846, 47.7765846252, 48.2998962402, 22.2619667053, 15.8043136597, 6.27516508102, 2.56107139587, 1.36144137383, 1.99004781246, 0.0961012989283, 0.0134368315339, 0.00174762308598, 0.000159322924446],
        "mean": [0.00272226799279, 0.161391317844, 2.3789794445, 4.27086830139, 13.926404953, 33.2613182068, 31.4954662323, 31.3312587738, 56.7907905579, 53.8147163391, 27.8891162872, 11.5452899933, 11.732252121, 4.19392442703, 18.0863018036, 8.20496368408, 13.1951551437, 4.23050355911, 3.12762069702, 2.09658432007, 3.76730918884, 7.7878947258, 4.21272993088, 4.6974272728, 3.84206676483, 1.31726610661, 1.75608885288, 1.16690981388, 0.414600670338, 0.142498552799, 0.0730435550213, 0.053290721029, 0.0380850508809, 0.0187024660408, 0.0113671142608, 0.00515824602917, 0.00142468919512, 0.000497740984429, 0.00011121937132, 2.97811729979e-05],
        "median": [0.00148054619785, 0.0471813045442, 0.715862870216, 2.2512357235, 4.36273813248, 12.944021225, 18.7875232697, 17.834072113, 31.063873291, 25.3572387695, 11.0431470871, 4.31666088104, 3.42415118217, 2.32425165176, 7.65430784225, 3.85489845276, 3.36408996582, 1.51915943623, 1.17253923416, 0.786966204643, 1.17561590672, 1.68261563778, 0.807388544083, 0.942905306816, 0.866405844688, 0.274711817503, 0.194066286087, 0.132359430194, 0.0663493573666, 0.0220250878483, 0.0109606273472, 0.00651828246191, 0.00753048062325, 0.0061500472948, 0.00291753048077, 0.00182242784649, 0.00106072437484, 0.000471421488328, 0.000109581553261, 2.53067009908e-05],
        "min": [1.71562454166e-22, 1.09569220395e-21, 4.80270191716e-21, 3.19647888785e-20, 2.41320831801e-20, 5.9743701353e-20, 2.84727224918e-19, 5.99066636885e-19, 8.28620527204e-19, 8.44179019045e-19, 2.26474338258e-18, 3.10117456272e-18, 1.40177180229e-18, 3.81571013304e-18, 7.14272444173e-18, 3.60750008747e-18, 1.97056052683e-18, 3.78188423625e-18, 1.63908700422e-17, 6.52355452423e-18, 6.43006946653e-18, 1.21672180057e-17, 1.05047785348e-17, 1.03120421433e-17, 1.89931852124e-17, 1.86718619404e-17, 1.16953685417e-17, 1.36863782141e-17, 1.61407885276e-17, 2.37027562279e-17, 1.84642346435e-17, 1.52638215684e-17, 1.15597076125e-17, 1.29962440582e-17, 9.28217663808e-18, 6.01702882177e-18, 3.80909351532e-18, 1.21083463208e-18, 3.3002877929e-19, 4.07012507884e-20],
        "var": [1.65136752912e-05, 0.115148849785, 15.9770536423, 36.2924842834, 558.722229004, 3181.8215332, 1403.94921875, 1553.87561035, 4624.11132812, 6975.45410156, 2260.0859375, 570.327758789, 738.938293457, 31.8998622894, 1032.50134277, 159.271194458, 798.104492188, 72.9612731934, 44.2162475586, 97.2240905762, 67.8555221558, 518.807495117, 194.056808472, 339.896026611, 182.495452881, 14.2277793884, 146.997146606, 46.5129013062, 1.7293792963, 0.453456044197, 0.119000799954, 0.0823495164514, 0.0219224821776, 0.00384783558547, 0.00188815896399, 0.000833412981592, 5.32015656063e-06, 1.21923079632e-07, 3.83093512468e-09, 4.78267037085e-10]
    },
    "gfcc": {
        "mean": [-104.358062744, 146.641418457, -99.5622253418, -7.16687440872, -54.1327400208, -29.0386142731, -41.779548645, -7.92031955719, -31.71352005, -3.35966420174, -9.31954288483, -1.74828517437, -15.5002307892],
        "cov": [[16806.9863281, 517.083374023, -1201.00244141, 1503.87060547, -259.200317383, -223.548980713, 146.26184082, -12.398900032, -400.027099609, -18.2096881866, -198.986114502, -140.248672485, -200.546356201], [517.083374023, 1002.02807617, 344.250366211, -355.493225098, 308.686004639, -43.0256156921, -37.2024269104, 10.0619258881, -47.1949234009, -66.5424728394, 50.7121429443, -76.3037948608, -91.3441009521], [-1201.00244141, 344.250366211, 864.037963867, -197.929214478, 208.375900269, 160.680648804, -21.7082595825, 98.6328582764, 31.3240242004, 8.05466270447, 40.0140724182, -43.8277549744, -64.1722488403], [1503.87060547, -355.493225098, -197.929214478, 587.069274902, -117.911262512, 20.1447353363, 115.525138855, -14.9059610367, 6.5453248024, 16.5567111969, -87.8525619507, -10.5479259491, 8.45093631744], [-259.200317383, 308.686004639, 208.375900269, -117.911262512, 280.720916748, 25.0903644562, -21.8052597046, 46.2982254028, -31.774936676, -25.7350482941, 31.2040653229, -31.5353412628, -44.4509963989], [-223.548980713, -43.0256156921, 160.680648804, 20.1447353363, 25.0903644562, 185.947463989, 32.0910797119, 25.3423938751, 41.0171508789, 17.8180809021, 0.186546593904, 9.76639938354, -4.84550046921], [146.26184082, -37.2024269104, -21.7082595825, 115.525138855, -21.8052597046, 32.0910797119, 120.991340637, 13.538351059, 14.4948863983, 15.7762899399, -15.1632471085, 14.2592077255, 18.5864963531], [-12.398900032, 10.0619258881, 98.6328582764, -14.9059610367, 46.2982254028, 25.3423938751, 13.538351059, 122.104827881, 27.7072048187, 13.1912021637, 27.2015800476, 10.505437851, 9.67090320587], [-400.027099609, -47.1949234009, 31.3240242004, 6.5453248024, -31.774936676, 41.0171508789, 14.4948863983, 27.7072048187, 123.022102356, 40.6856956482, -4.26513576508, 21.7088317871, 20.1403121948], [-18.2096881866, -66.5424728394, 8.05466270447, 16.5567111969, -25.7350482941, 17.8180809021, 15.7762899399, 13.1912021637, 40.6856956482, 80.2921218872, 16.9638080597, 4.37311315536, 15.0007362366], [-198.986114502, 50.7121429443, 40.0140724182, -87.8525619507, 31.2040653229, 0.186546593904, -15.1632471085, 27.2015800476, -4.26513576508, 16.9638080597, 77.6761322021, 16.2747077942, -7.50536441803], [-140.248672485, -76.3037948608, -43.8277549744, -10.5479259491, -31.5353412628, 9.76639938354, 14.2592077255, 10.505437851, 21.7088317871, 4.37311315536, 16.2747077942, 79.1271591187, 37.7385368347], [-200.546356201, -91.3441009521, -64.1722488403, 8.45093631744, -44.4509963989, -4.84550046921, 18.5864963531, 9.67090320587, 20.1403121948, 15.0007362366, -7.50536441803, 37.7385368347, 81.1299667358]],
        "icov": [[0.000205097996513, -0.000687260937411, 0.000377465126803, -0.000771126011387, 0.000559612293728, -0.00033677284955, 0.000649691035505, -0.000777276000008, 0.000998320989311, -0.000826468865853, 0.000479510956211, -0.000524583447259, 0.000535757397301], [-0.000687260937411, 0.00461678765714, -0.00170353194699, 0.00368637032807, -0.00363382417709, 0.00230096303858, -0.00373763800599, 0.00344784115441, -0.00406841747463, 0.00409183371812, -0.00206480012275, 0.00305706192739, -0.00100016652141], [0.000377465126803, -0.00170353194699, 0.00274816621095, -0.00104572682176, 0.000604276370723, -0.00232035527006, 0.00152883073315, -0.00265243113972, 0.00178256339859, -0.00200735172257, 0.00126384780742, -0.000438652554294, 0.0017057613004], [-0.000771126011387, 0.00368637032807, -0.00104572682176, 0.00631421292201, -0.0022559913341, 0.00137029238977, -0.00530835101381, 0.0024663717486, -0.00345236365683, 0.00276674656197, 0.000890939205419, 0.00278465892188, -0.00034006361966], [0.000559612293728, -0.00363382417709, 0.000604276370723, -0.0022559913341, 0.00825644284487, -0.00208091479726, 0.00262498343363, -0.00444830395281, 0.00441143335775, -0.00191134319175, 0.000809796329122, -0.00113012071233, 0.00219213124365], [-0.00033677284955, 0.00230096303858, -0.00232035527006, 0.00137029238977, -0.00208091479726, 0.00864492729306, -0.00336526962928, 0.00199153297581, -0.00371201476082, 0.00148652005009, -0.000627031549811, -0.000131745589897, 0.000339764781529], [0.000649691035505, -0.00373763800599, 0.00152883073315, -0.00530835101381, 0.00262498343363, -0.00336526962928, 0.0145213864744, -0.00401070853695, 0.00408582342789, -0.00494770286605, 0.00264349067584, -0.00414780713618, -0.000376985553885], [-0.000777276000008, 0.00344784115441, -0.00265243113972, 0.0024663717486, -0.00444830395281, 0.00199153297581, -0.00401070853695, 0.0146209914237, -0.0067219492048, 0.00444961385801, -0.00654912972823, 0.00268230168149, -0.00454425625503], [0.000998320989311, -0.00406841747463, 0.00178256339859, -0.00345236365683, 0.00441143335775, -0.00371201476082, 0.00408582342789, -0.0067219492048, 0.0172268692404, -0.0103733288124, 0.00653476966545, -0.00608328636736, 0.00279299891554], [-0.000826468865853, 0.00409183371812, -0.00200735172257, 0.00276674656197, -0.00191134319175, 0.00148652005009, -0.00494770286605, 0.00444961385801, -0.0103733288124, 0.0226088911295, -0.009999637492, 0.00744688231498, -0.00566154718399], [0.000479510956211, -0.00206480012275, 0.00126384780742, 0.000890939205419, 0.000809796329122, -0.000627031549811, 0.00264349067584, -0.00654912972823, 0.00653476966545, -0.009999637492, 0.0233482364565, -0.00883655808866, 0.00684577738866], [-0.000524583447259, 0.00305706192739, -0.000438652554294, 0.00278465892188, -0.00113012071233, -0.000131745589897, -0.00414780713618, 0.00268230168149, -0.00608328636736, 0.00744688231498, -0.00883655808866, 0.0223887804896, -0.00958699174225], [0.000535757397301, -0.00100016652141, 0.0017057613004, -0.00034006361966, 0.00219213124365, 0.000339764781529, -0.000376985553885, -0.00454425625503, 0.00279299891554, -0.00566154718399, 0.00684577738866, -0.00958699174225, 0.0212044771761]]
    },
    "melbands": {
        "dmean": [1.28623996716e-05, 0.000200027017854, 0.000330029957695, 0.000672524503898, 0.000383440696169, 0.000122469005873, 0.000209834179259, 0.000138034651172, 4.43792268925e-05, 1.56436217367e-05, 1.58292623382e-05, 4.50481229564e-06, 1.38947661981e-05, 1.02264521047e-05, 7.65917411627e-06, 8.20213517727e-06, 2.64863979282e-06, 2.30701630244e-06, 1.58175464549e-06, 1.95056418306e-06, 1.49676702677e-06, 3.33344769388e-06, 2.16635203287e-06, 9.49160892105e-07, 1.4068435803e-06, 1.48584001636e-06, 5.62033335427e-07, 5.48135915324e-07, 5.23673293173e-07, 9.6565122476e-07, 2.66069775989e-07, 1.43467332236e-07, 6.02633392077e-08, 4.28695656751e-08, 3.24719238165e-08, 2.80646759165e-08, 2.95632798242e-08, 1.86141129177e-08, 1.43445841871e-08, 8.49463965835e-09],
        "dmean2": [1.61463121913e-05, 0.00026541473926, 0.000455028377473, 0.00100549776107, 0.000620730046649, 0.000178254209459, 0.000287133909296, 0.00019024037465, 6.72528331052e-05, 2.0544470317e-05, 1.96699238586e-05, 6.27020745014e-06, 1.77658166649e-05, 1.38954619615e-05, 1.16302571769e-05, 1.17952713481e-05, 3.80565847991e-06, 3.15689703712e-06, 2.41729253503e-06, 2.93995276479e-06, 2.2174381229e-06, 4.71463727081e-06, 3.15080728797e-06, 1.4213482018e-06, 2.05524702324e-06, 2.08605092666e-06, 8.43672296469e-07, 8.80314985352e-07, 8.07509763945e-07, 1.62643914337e-06, 4.12873419009e-07, 2.22954369633e-07, 9.55052996687e-08, 6.81101681721e-08, 5.3522203558e-08, 4.54703155128e-08, 4.79880135629e-08, 2.93382687033e-08, 2.31314363219e-08, 1.34264395157e-08],
        "dvar": [1.26716004356e-09, 3.34111490474e-07, 6.55796952742e-07, 2.14195756598e-06, 6.25242194019e-07, 7.87866483165e-08, 2.72221171826e-07, 1.47634565906e-07, 2.04605576926e-08, 2.86579759923e-09, 3.02172598055e-09, 2.04843489393e-10, 1.00705865869e-09, 5.08854292036e-10, 1.24132049084e-09, 7.3738959383e-10, 9.73081129563e-11, 6.03103816887e-11, 5.67361269077e-10, 4.67908212176e-11, 3.73720221436e-11, 2.34816277533e-10, 1.03737837764e-10, 2.97591846998e-11, 4.93098790966e-11, 5.60093880997e-11, 3.60003043001e-12, 6.44775465658e-12, 1.56467703377e-11, 1.78210501911e-10, 2.82725709164e-12, 3.4232331054e-13, 5.06634502146e-13, 9.04035079761e-14, 5.38716410348e-14, 3.57241769803e-14, 5.6563145823e-14, 9.77370396123e-15, 8.94459507817e-15, 2.07709376974e-15],
        "dvar2": [1.22087118193e-09, 4.61999775325e-07, 1.12164457278e-06, 4.85400005346e-06, 1.644215331e-06, 1.4744044563e-07, 5.5519376474e-07, 2.91145653364e-07, 3.63930574565e-08, 5.23039878075e-09, 4.50275061681e-09, 4.63080546131e-10, 1.73135261683e-09, 9.78917169547e-10, 2.85854362403e-09, 1.55993373774e-09, 2.12628525897e-10, 1.36995623179e-10, 1.46492951103e-09, 1.17333670557e-10, 9.41266925514e-11, 5.29349675205e-10, 2.3415214212e-10, 7.48647532856e-11, 1.0239976922e-10, 9.64449423102e-11, 8.76486643681e-12, 1.67211643837e-11, 3.87081339204e-11, 4.93098728516e-10, 7.49275207851e-12, 7.74037789159e-13, 1.39852832006e-12, 2.40329078253e-13, 1.42249818695e-13, 9.64691109114e-14, 1.57838382663e-13, 2.58746898283e-14, 2.42360707106e-14, 5.53748932762e-15],
        "max": [0.0023559294641, 0.021446082741, 0.0263594221324, 0.0319367572665, 0.0122676920146, 0.00829421728849, 0.0126190055162, 0.00989163666964, 0.00419391877949, 0.00229044165462, 0.00274469517171, 0.00092774478253, 0.00132218108047, 0.000908590271138, 0.00138757913373, 0.000986956991255, 0.000437166250776, 0.000286714697722, 0.00206701667048, 0.000291680451483, 0.000226040574489, 0.00057997793192, 0.000543862523045, 0.000345645355992, 0.000498220324516, 0.000542001449503, 7.74909640313e-05, 0.000124018901261, 0.000169004182681, 0.000679242948536, 6.87956344336e-05, 3.80894343834e-05, 5.85326488363e-05, 1.33251360239e-05, 1.42114204209e-05, 8.85709778231e-06, 1.37258966788e-05, 4.00663657274e-06, 3.56159102921e-06, 1.93259756998e-06],
        "mean": [5.39581888006e-05, 0.000871509255376, 0.00104937481228, 0.0016850810498, 0.00129747577012, 0.000670424895361, 0.000891662901267, 0.000560574000701, 0.000187927173101, 6.8587003625e-05, 5.70250158489e-05, 1.45318645082e-05, 4.6520086471e-05, 3.7379006244e-05, 2.45808641921e-05, 2.43871509156e-05, 6.23567166258e-06, 5.71329610466e-06, 2.39253745349e-06, 4.39131872554e-06, 3.82657890441e-06, 8.55803500599e-06, 5.4027641454e-06, 2.53309599429e-06, 3.86647934647e-06, 3.9073120206e-06, 1.10515384222e-06, 7.61322780818e-07, 9.3993446626e-07, 1.22068820474e-06, 5.12173812695e-07, 2.82404471363e-07, 9.04277257519e-08, 6.6685863942e-08, 4.25685300343e-08, 3.30664846615e-08, 3.22459925428e-08, 2.86408035066e-08, 2.12660982157e-08, 1.36327633626e-08],
        "median": [1.56679980137e-05, 0.000253986625466, 0.000471721636131, 0.000713199726306, 0.000766960612964, 0.000417028699303, 0.000489672471303, 0.000280447129626, 5.97072030359e-05, 2.08825313166e-05, 1.50903379108e-05, 6.43693965685e-06, 1.98582583835e-05, 1.696277468e-05, 4.4030753088e-06, 6.79296954331e-06, 1.71362933088e-06, 1.85504393357e-06, 5.89892636071e-07, 1.19275614452e-06, 1.12336113034e-06, 1.75187415152e-06, 9.94040078695e-07, 4.1842915266e-07, 6.63306138904e-07, 7.85509655543e-07, 2.46284969307e-07, 1.22958397242e-07, 1.1022751778e-07, 7.50984554543e-08, 6.35069881127e-08, 4.02092972251e-08, 1.19592735714e-08, 8.8553822053e-09, 6.10212547159e-09, 3.44974004918e-09, 3.62871044324e-09, 5.09021358397e-09, 5.68321434358e-09, 4.85384532567e-09],
        "min": [2.24860679235e-24, 2.31047518099e-24, 5.0131530714e-24, 2.43703016387e-24, 8.07800587808e-24, 1.39581521886e-23, 1.20149519097e-23, 1.2918618109e-23, 2.02875287523e-23, 1.79484741268e-23, 6.08005904672e-24, 1.37590689397e-23, 2.24078164716e-23, 1.42364165621e-23, 6.34627909185e-24, 4.91352309452e-24, 5.1515441233e-24, 2.82053682565e-23, 1.47961480842e-23, 4.59086044605e-24, 8.75979705922e-24, 1.39862103933e-23, 1.12521723237e-23, 6.7001254119e-24, 7.29998628828e-24, 1.74905971693e-23, 1.04478552668e-23, 1.33897984168e-23, 7.11623928421e-24, 9.42662828215e-24, 7.11395868734e-24, 8.08951614755e-24, 1.16176034606e-23, 1.3806315397e-23, 1.02012794359e-23, 1.1190567809e-23, 8.36896381234e-24, 7.17310590029e-24, 9.96229402465e-24, 1.12246174123e-23],
        "var": [1.55633852472e-08, 2.23037204705e-06, 2.90304683404e-06, 7.01403314451e-06, 2.31665080719e-06, 6.51350887892e-07, 1.31027684347e-06, 6.57774990032e-07, 1.26844639681e-07, 2.2429091473e-08, 1.83038526558e-08, 5.75345715514e-10, 6.8946133247e-09, 3.59345575518e-09, 4.31398827772e-09, 2.6339517234e-09, 2.70095945609e-10, 1.56091403691e-10, 4.47152981309e-10, 1.02582733974e-10, 8.03727362442e-11, 6.73586686428e-10, 2.81006634628e-10, 8.91631699029e-11, 2.67816407939e-10, 2.54587045889e-10, 6.60703913455e-12, 6.92975581432e-12, 2.55233473245e-11, 1.44843692595e-10, 3.86889608892e-12, 8.55320697081e-13, 3.53579660125e-13, 9.99925714603e-14, 4.44969886946e-14, 2.67401982582e-14, 3.86419988076e-14, 1.09296108608e-14, 8.47171521844e-15, 2.08604140228e-15]
    },
    "mfcc": {
        "mean": [-756.840332031, 190.098876953, 1.37797188759, 22.0870037079, -5.97753429413, -17.7921886444, -7.0443148613, -14.6421146393, -15.8503456116, -18.9096088409, -4.10760116577, 0.898314774036, -0.588880479336],
        "cov": [[9237.81933594, 884.383056641, -1148.39916992, 985.22253418, -382.652648926, 0.589727818966, -30.8983974457, -42.7414741516, -73.0843429565, -203.000732422, -22.635848999, 84.8079605103, -261.937896729], [884.383056641, 1951.20996094, 122.231384277, -144.595001221, 335.473510742, -150.225616455, 171.083984375, -14.9779348373, -124.399665833, -62.0117645264, 114.668800354, -9.55736446381, 59.9760551453], [-1148.39916992, 122.231384277, 590.028869629, -111.661186218, 113.284301758, 84.5595703125, 31.1045227051, 54.8904495239, 60.0718803406, 87.5611114502, 17.03515625, 23.1249866486, 71.4346084595], [985.22253418, -144.595001221, -111.661186218, 363.162841797, -50.7232322693, 33.1617774963, 19.9216117859, 12.7980623245, 48.613609314, -6.85826587677, -10.2956323624, 9.06240940094, -40.6860351562], [-382.652648926, 335.473510742, 113.284301758, -50.7232322693, 261.764007568, -3.88393425941, 71.2299346924, 34.2907371521, -13.9847660065, 24.085817337, 48.1184692383, 12.03652668, 35.6127586365], [0.589727818966, -150.225616455, 84.5595703125, 33.1617774963, -3.88393425941, 181.935165405, 10.3901042938, 29.4226226807, 53.2414360046, 22.4778442383, 9.7637052536, 21.9597530365, -8.68357944489], [-30.8983974457, 171.083984375, 31.1045227051, 19.9216117859, 71.2299346924, 10.3901042938, 144.014633179, 33.4414253235, -5.53245973587, 8.12601566315, 18.4710674286, 11.5630941391, 2.74882650375], [-42.7414741516, -14.9779348373, 54.8904495239, 12.7980623245, 34.2907371521, 29.4226226807, 33.4414253235, 115.748435974, 35.7353515625, 8.75210380554, 16.2209720612, 5.05146598816, 5.79695701599], [-73.0843429565, -124.399665833, 60.0718803406, 48.613609314, -13.9847660065, 53.2414360046, -5.53245973587, 35.7353515625, 136.315093994, 35.0521621704, -7.63140153885, 21.0001831055, 0.570136964321], [-203.000732422, -62.0117645264, 87.5611114502, -6.85826587677, 24.085817337, 22.4778442383, 8.12601566315, 8.75210380554, 35.0521621704, 120.103858948, 7.5781493187, -1.3378289938, 31.1455478668], [-22.635848999, 114.668800354, 17.03515625, -10.2956323624, 48.1184692383, 9.7637052536, 18.4710674286, 16.2209720612, -7.63140153885, 7.5781493187, 98.1075744629, 16.2278347015, -2.3810544014], [84.8079605103, -9.55736446381, 23.1249866486, 9.06240940094, 12.03652668, 21.9597530365, 11.5630941391, 5.05146598816, 21.0001831055, -1.3378289938, 16.2278347015, 98.8171234131, 11.2113304138], [-261.937896729, 59.9760551453, 71.4346084595, -40.6860351562, 35.6127586365, -8.68357944489, 2.74882650375, 5.79695701599, 0.570136964321, 31.1455478668, -2.3810544014, 11.2113304138, 114.89781189]],
