{
"lowlevel": {
    "average_loudness": 0.522599935532,
    "barkbands_crest": {
        "dmean": 3.13636851311,
        "dmean2": 4.89568853378,
        "dvar": 8.50526809692,
        "dvar2": 19.3738899231,
        "max": 26.9821548462,
        "mean": 12.1686840057,
        "median": 11.4074831009,
        "min": 2.24749875069,
        "var": 26.8294124603
    },
    "barkbands_flatness_db": {
        "dmean": 0.0342820584774,
        "dmean2": 0.0484778620303,
        "dvar": 0.00117800058797,
        "dvar2": 0.00231571984477,
        "max": 0.604162752628,
        "mean": 0.175965085626,
        "median": 0.170458808541,
        "min": 0.0132191823795,
        "var": 0.0067034997046
    },
    "barkbands_kurtosis": {
        "dmean": 7.27889585495,
        "dmean2": 11.0834751129,
        "dvar": 15558.7822266,
        "dvar2": 35771.7539062,
        "max": 11923.5664062,
        "mean": 8.45901584625,
        "median": 2.03961992264,
        "min": -1.86919593811,
        "var": 16651.59375
    },
    "barkbands_skewness": {
        "dmean": 0.755983531475,
        "dmean2": 1.14973771572,
        "dvar": 1.26689100266,
        "dvar2": 2.81659555435,
        "max": 72.5385513306,
        "mean": 1.46888148785,
        "median": 1.26886439323,
        "min": -10.3768796921,
        "var": 3.05911540985
    },
    "barkbands_spread": {
        "dmean": 6.59801530838,
        "dmean2": 10.0653820038,
        "dvar": 67.8249893188,
        "dvar2": 148.555892944,
        "max": 98.7236404419,
        "mean": 18.1599140167,
        "median": 14.5932502747,
        "min": 0.0136725716293,
        "var": 174.933776855
    },
    "dissonance": {
        "dmean": 0.029439156875,
        "dmean2": 0.0485116317868,
        "dvar": 0.00100498634856,
        "dvar2": 0.00260889413767,
        "max": 0.500000119209,
        "mean": 0.448287814856,
        "median": 0.460834205151,
        "min": 0.0547970831394,
        "var": 0.00206016353332
    },
    "dynamic_complexity": 4.35150289536,
    "erbbands_crest": {
        "dmean": 3.75709891319,
        "dmean2": 5.87865257263,
        "dvar": 13.6350507736,
        "dvar2": 28.7468585968,
        "max": 34.1355819702,
        "mean": 12.1198616028,
        "median": 10.4814367294,
        "min": 2.23727750778,
        "var": 42.118019104
    },
    "erbbands_flatness_db": {
        "dmean": 0.028148567304,
        "dmean2": 0.0393052510917,
        "dvar": 0.000830532691907,
        "dvar2": 0.00148996163625,
        "max": 0.619245231152,
        "mean": 0.204234465957,
        "median": 0.190344303846,
        "min": 0.0463424921036,
        "var": 0.00857950653881
    },
    "erbbands_kurtosis": {
        "dmean": 2.2732219696,
        "dmean2": 3.54581880569,
        "dvar": 43.799118042,
        "dvar2": 98.5182342529,
        "max": 282.955352783,
        "mean": 2.20805859566,
        "median": 0.197925567627,
        "min": -1.86186814308,
        "var": 91.031211853
    },
    "erbbands_skewness": {
        "dmean": 0.553441405296,
        "dmean2": 0.84338593483,
        "dvar": 0.335656315088,
        "dvar2": 0.725726008415,
        "max": 12.611620903,
        "mean": 0.571645379066,
        "median": 0.471052914858,
        "min": -4.59005117416,
        "var": 1.18787074089
    },
    "erbbands_spread": {
        "dmean": 9.17094612122,
        "dmean2": 13.8296461105,
        "dvar": 101.100791931,
        "dvar2": 216.816955566,
        "max": 123.135673523,
        "mean": 31.75258255,
        "median": 27.2355079651,
        "min": 0.206287994981,
        "var": 425.122772217
    },
    "hfc": {
        "dmean": 10.1873931885,
        "dmean2": 15.3236122131,
        "dvar": 383.726470947,
        "dvar2": 824.76574707,
        "max": 212.367614746,
        "mean": 17.3035297394,
        "median": 9.56913852692,
        "min": 1.06583525564e-16,
        "var": 604.407897949
    },
    "melbands_crest": {
        "dmean": 3.79142189026,
        "dmean2": 6.10277891159,
        "dvar": 13.0172901154,
        "dvar2": 30.2765235901,
        "max": 35.6524848938,
        "mean": 16.1727313995,
        "median": 15.9751758575,
        "min": 1.43085384369,
        "var": 39.0361061096
    },
    "melbands_flatness_db": {
        "dmean": 0.0400722064078,
        "dmean2": 0.0567731447518,
        "dvar": 0.00167881278321,
        "dvar2": 0.00337291462347,
        "max": 0.682662904263,
        "mean": 0.241323366761,
        "median": 0.234484121203,
        "min": 0.00112674373668,
        "var": 0.00984746497124
    },
    "melbands_kurtosis": {
        "dmean": 9.65555858612,
        "dmean2": 15.2772779465,
        "dvar": 387.823028564,
        "dvar2": 975.048522949,
        "max": 413.707733154,
        "mean": 14.8102855682,
        "median": 6.25827217102,
        "min": -1.82441878319,
        "var": 738.648986816
    },
    "melbands_skewness": {
        "dmean": 0.910581946373,
        "dmean2": 1.39811944962,
        "dvar": 1.00175774097,
        "dvar2": 2.40321874619,
        "max": 16.4787120819,
        "mean": 2.39613437653,
        "median": 2.04884409904,
        "min": -5.2648396492,
        "var": 3.95331120491
    },
    "melbands_spread": {
        "dmean": 7.52599477768,
        "dmean2": 11.6575689316,
        "dvar": 88.1891937256,
        "dvar2": 199.390487671,
        "max": 164.143386841,
        "mean": 20.4496479034,
        "median": 15.3110170364,
        "min": 0.114310562611,
        "var": 352.483917236
    },
    "pitch_salience": {
        "dmean": 0.0911515280604,
        "dmean2": 0.142081290483,
        "dvar": 0.00761586986482,
        "dvar2": 0.0181344468147,
        "max": 0.972633898258,
        "mean": 0.503246724606,
        "median": 0.498106062412,
        "min": 0.0263708792627,
        "var": 0.0222670342773
    },
    "silence_rate_20dB": {
        "dmean": 0,
        "dmean2": 0,
        "dvar": 0,
        "dvar2": 0,
        "max": 1,
        "mean": 1,
        "median": 1,
        "min": 1,
        "var": 0
    },
    "silence_rate_30dB": {
        "dmean": 0.024793388322,
        "dmean2": 0.0495911352336,
        "dvar": 0.0241782870144,
        "dvar2": 0.0589128732681,
        "max": 1,
        "mean": 0.971252739429,
        "median": 1,
        "min": 0,
        "var": 0.0279198437929
    },
    "silence_rate_60dB": {
        "dmean": 0.0501142963767,
        "dmean2": 0.10023740679,
        "dvar": 0.047597784549,
        "dvar2": 0.10796045512,
        "max": 1,
        "mean": 0.164307698607,
        "median": 0,
        "min": 0,
        "var": 0.137298345566
    },
    "spectral_centroid": {
        "dmean": 294.962402344,
        "dmean2": 446.801208496,
        "dvar": 116042.507812,
        "dvar2": 246801.4375,
        "max": 11530.9267578,
        "mean": 1299.75842285,
        "median": 1064.04638672,
        "min": 178.1612854,
        "var": 1154739.625
    },
    "spectral_complexity": {
        "dmean": 4.48777914047,
        "dmean2": 6.62235116959,
        "dvar": 38.9381065369,
        "dvar2": 70.0773849487,
        "max": 62,
        "mean": 13.9008350372,
        "median": 11,
        "min": 0,
        "var": 114.946289062
    },
    "spectral_decrease": {
        "dmean": 2.83042811411e-09,
        "dmean2": 4.25392654435e-09,
        "dvar": 2.49864545118e-17,
        "dvar2": 6.05202195312e-17,
        "max": 7.74748929321e-20,
        "mean": -6.78599754167e-09,
        "median": -3.38101147079e-09,
        "min": -8.28533117669e-08,
        "var": 7.00817524329e-17
    },
    "spectral_energy": {
        "dmean": 0.0113749336451,
        "dmean2": 0.0170283094049,
        "dvar": 0.000382771104341,
        "dvar2": 0.000922320818063,
        "max": 0.315667420626,
        "mean": 0.0271813962609,
        "median": 0.014053969644,
        "min": 1.01071777331e-20,
        "var": 0.00107706023846
    },
    "spectral_energyband_high": {
        "dmean": 0.000697898853105,
        "dmean2": 0.00106865516864,
        "dvar": 2.90867706099e-06,
        "dvar2": 5.91773550696e-06,
        "max": 0.0197566412389,
        "mean": 0.000868559523951,
        "median": 0.000119353593618,
        "min": 7.00577792524e-21,
        "var": 4.29047531725e-06
    },
    "spectral_energyband_low": {
        "dmean": 0.00687182601541,
        "dmean2": 0.0104333721101,
        "dvar": 0.000304368877551,
        "dvar2": 0.000750177248847,
        "max": 0.310985356569,
        "mean": 0.0138341384009,
        "median": 0.000699401542079,
        "min": 1.34539848732e-23,
        "var": 0.000666786625516
    },
    "spectral_energyband_middle_high": {
        "dmean": 0.00208303658292,
        "dmean2": 0.00319050112739,
        "dvar": 1.3451459381e-05,
        "dvar2": 3.06697802444e-05,
        "max": 0.0645320117474,
        "mean": 0.00352004123852,
        "median": 0.0016571508022,
        "min": 1.14012044623e-21,
        "var": 2.42340611294e-05
    },
    "spectral_energyband_middle_low": {
        "dmean": 0.00540315965191,
        "dmean2": 0.00818241387606,
        "dvar": 9.40615573199e-05,
        "dvar2": 0.000209818143048,
        "max": 0.121495291591,
        "mean": 0.00970767624676,
        "median": 0.00537092098966,
        "min": 1.85826939977e-22,
        "var": 0.000150672771269
    },
    "spectral_entropy": {
        "dmean": 0.279004991055,
        "dmean2": 0.396437108517,
        "dvar": 0.0971046760678,
        "dvar2": 0.182725071907,
        "max": 9.82270908356,
        "mean": 7.29362297058,
        "median": 7.35720920563,
        "min": 3.08519744873,
        "var": 0.553277373314
    },
    "spectral_flux": {
        "dmean": 0.0301230363548,
        "dmean2": 0.0468582548201,
        "dvar": 0.00126150716096,
        "dvar2": 0.00274856644683,
        "max": 0.446288555861,
        "mean": 0.0790782347322,
        "median": 0.062075022608,
        "min": 6.41529468437e-11,
        "var": 0.00386596587487
    },
    "spectral_kurtosis": {
        "dmean": 4.88120746613,
        "dmean2": 8.01712417603,
        "dvar": 98.5255737305,
        "dvar2": 255.356628418,
        "max": 238.671295166,
        "mean": 10.280049324,
        "median": 5.10885334015,
        "min": -1.27709555626,
        "var": 276.479095459
    },
    "spectral_rms": {
        "dmean": 0.000950136745814,
        "dmean2": 0.00138333172072,
        "dvar": 1.39557255352e-06,
        "dvar2": 3.13325449497e-06,
        "max": 0.0175490230322,
        "mean": 0.00432726182044,
        "median": 0.00370286242105,
        "min": 3.14016889748e-12,
        "var": 7.79305810283e-06
    },
    "spectral_rolloff": {
        "dmean": 590.592163086,
        "dmean2": 991.814147949,
        "dvar": 1198833.625,
        "dvar2": 2904309.75,
        "max": 19552.1484375,
        "mean": 1544.37976074,
        "median": 925.927734375,
        "min": 21.533203125,
        "var": 4221679.5
    },
    "spectral_skewness": {
        "dmean": 0.461313188076,
        "dmean2": 0.731232523918,
        "dvar": 0.371839165688,
        "dvar2": 0.958404421806,
        "max": 12.9585523605,
        "mean": 1.99432742596,
        "median": 1.71401977539,
        "min": -0.445916473866,
        "var": 1.47741127014
    },
    "spectral_spread": {
        "dmean": 784559.75,
        "dmean2": 1153598.125,
        "dvar": 1.12224095437e+12,
        "dvar2": 2.11195815526e+12,
        "max": 47292696,
        "mean": 4480136.5,
        "median": 4012780,
        "min": 387866.84375,
        "var": 1.42908378317e+13
    },
    "spectral_strongpeak": {
        "dmean": 0.458620578051,
        "dmean2": 0.762144744396,
        "dvar": 0.532847166061,
        "dvar2": 1.27799320221,
        "max": 10.4264497757,
        "mean": 0.859164774418,
        "median": 0.575663030148,
        "min": 0,
        "var": 0.82815605402
    },
    "zerocrossingrate": {
        "dmean": 0.012899056077,
        "dmean2": 0.0149001125246,
        "dvar": 0.000219753768761,
        "dvar2": 0.000288288312731,
        "max": 0.5380859375,
        "mean": 0.0592548511922,
        "median": 0.046875,
        "min": 0.00341796875,
        "var": 0.00281211873516
    },
    "barkbands": {
        "dmean": [0.000154794484843, 0.00523591041565, 0.00241523631848, 0.00148479396012, 0.00139664532617, 0.0010506286053, 0.00112126057502, 0.0011423563119, 0.0010763052851, 0.000499971909449, 0.000321050465573, 0.000293122400763, 0.00052801851416, 0.000188706224435, 0.000188086458365, 0.000188700345461, 0.000187558136531, 0.000189161772141, 0.000158127470058, 0.000145477431943, 0.000128443702124, 0.000144291043398, 0.00013152367319, 0.00010043734801, 7.22223412595e-05, 6.94771588314e-05, 3.37582823704e-05],
        "dmean2": [0.000239543500356, 0.00808740127832, 0.00392075767741, 0.00243433821015, 0.00247507728636, 0.00170281669125, 0.00178630941082, 0.00177769281436, 0.00173589156475, 0.000801753310952, 0.000519875902683, 0.000482393545099, 0.0008350101416, 0.000307052541757, 0.000310319534037, 0.00031153546297, 0.000307055772282, 0.00030634025461, 0.000251191144343, 0.000226701042266, 0.000198040826945, 0.00021910542273, 0.000207144694286, 0.000157235685037, 0.000113198795589, 0.000111975845357, 5.43392525287e-05],
        "dvar": [2.34441401403e-07, 0.000196727065486, 5.73407996853e-05, 2.74636659015e-05, 1.9342322048e-05, 5.25775340066e-06, 5.37378718946e-06, 5.34444825462e-06, 5.69441499465e-06, 2.16135549636e-06, 6.60857267576e-07, 7.58110104471e-07, 1.61049661074e-06, 1.93687966998e-07, 1.92921859821e-07, 2.15096420675e-07, 1.5571740164e-07, 2.1759927904e-07, 1.56564453846e-07, 1.57437597181e-07, 1.33364309818e-07, 1.57511664156e-07, 1.1411511025e-07, 6.35819148442e-08, 2.97865856425e-08, 2.91551991438e-08, 8.95425156244e-09],
        "dvar2": [6.35142725969e-07, 0.000508423137944, 0.000146458187373, 6.60177393002e-05, 5.36468687642e-05, 1.33935409394e-05, 1.13860905913e-05, 1.13114201667e-05, 1.36401740747e-05, 4.63093510916e-06, 1.39258543186e-06, 1.95542452275e-06, 3.54906865141e-06, 4.73743313023e-07, 4.7937379577e-07, 5.40360986179e-07, 3.79166237963e-07, 4.74373621273e-07, 3.34406905722e-07, 3.54477492692e-07, 2.75354949508e-07, 3.11063843128e-07, 2.62066123469e-07, 1.477438758e-07, 6.98035123037e-08, 7.25586417616e-08, 2.19041016436e-08],
        "max": [0.0138451140374, 0.229282066226, 0.108205750585, 0.0941237062216, 0.0501652956009, 0.0514756068587, 0.0335240922868, 0.0401919782162, 0.0416739173234, 0.0261741317809, 0.0158008504659, 0.0356204919517, 0.0268867891282, 0.00667625898495, 0.0074067004025, 0.0129719842225, 0.00773758208379, 0.0147770894691, 0.0176780764014, 0.00866368226707, 0.0103060435504, 0.00565244397148, 0.00451263319701, 0.00334096304141, 0.00233659893274, 0.00182344729546, 0.00138482975308],
        "mean": [0.000247401185334, 0.00975133385509, 0.00316446064971, 0.00138589739799, 0.00131102360319, 0.00169602560345, 0.00166996510234, 0.00175325444434, 0.00173472077586, 0.000753029307816, 0.000428479368566, 0.000341699109413, 0.000667076965328, 0.000218460423639, 0.000226893098443, 0.000219720604946, 0.000221429872909, 0.000224156261538, 0.0002018030209, 0.000186906851013, 0.000168285943801, 0.000180046044989, 0.000148110950249, 0.000112791785796, 7.59269532864e-05, 6.43805469736e-05, 2.80180902337e-05],
        "median": [7.49723112676e-05, 7.21756878193e-05, 0.000121464421682, 0.00015105548664, 0.000298831233522, 0.000605355016887, 0.000400022661779, 0.000452330335975, 0.000407018436817, 0.000112562716822, 0.000105958366476, 7.88978722994e-05, 0.000177382884431, 4.86750395794e-05, 6.75013507134e-05, 5.37413943675e-05, 5.53236423002e-05, 4.78724468849e-05, 4.69389815407e-05, 3.25587425323e-05, 2.16426778934e-05, 1.84142154467e-05, 1.30440494104e-05, 6.68438678986e-06, 5.14892462888e-06, 4.02097339247e-06, 3.50453518649e-07],
        "min": [5.01244881583e-25, 1.27140988196e-24, 1.74584325492e-24, 1.08275567002e-24, 1.01475942958e-23, 6.34591345482e-24, 6.70288326963e-24, 1.09881942213e-23, 1.45433512962e-23, 6.60249598627e-24, 1.54300625081e-23, 1.23200848855e-23, 2.63630924752e-23, 3.56736438194e-23, 3.9367185241e-23, 5.66126785938e-23, 7.00122131319e-23, 9.92288695145e-23, 1.16618796988e-22, 2.02425886087e-22, 2.59213155376e-22, 3.38674849302e-22, 4.08212294387e-22, 6.20301196448e-22, 9.29301370415e-22, 1.31652670831e-21, 1.85939256099e-21],
        "var": [3.71351006834e-07, 0.00039797660429, 6.3299012254e-05, 2.40325607592e-05, 1.33830999403e-05, 9.33855153562e-06, 1.02500007415e-05, 1.11207164082e-05, 1.26012319015e-05, 4.85555165142e-06, 1.40293661843e-06, 1.02321041595e-06, 2.49453432843e-06, 2.27743427672e-07, 2.33420792028e-07, 2.75710732467e-07, 2.0117037991e-07, 3.32925168323e-07, 2.62281531604e-07, 2.36045650581e-07, 2.04161935358e-07, 2.30186728345e-07, 1.39905665719e-07, 8.05990296726e-08, 3.5112233121e-08, 2.71938311869e-08, 8.07536792991e-09]
    },
    "erbbands": {
        "dmean": [0.129954650998, 1.278860569, 2.73725628853, 3.24743771553, 5.42631816864, 3.99340558052, 4.58605146408, 10.4814949036, 15.61216259, 20.224111557, 21.9267845154, 28.6283931732, 12.7451887131, 15.8736906052, 14.5877590179, 13.0020742416, 25.2691669464, 12.3647985458, 9.46556091309, 9.72731494904, 9.14573383331, 10.1368846893, 9.98056793213, 9.38655757904, 7.31063079834, 6.62307262421, 5.53282546997, 5.18912982941, 5.06038045883, 4.51416492462, 3.69791984558, 2.66168189049, 1.37353539467, 0.825337171555, 0.526237547398, 0.315053373575, 0.124087005854, 0.0295166764408, 0.00534665305167, 0.000403178739361],
        "dmean2": [0.195807173848, 1.98292434216, 4.32114315033, 5.20872068405, 9.43195056915, 7.1299495697, 7.87770700455, 16.8566112518, 24.4248409271, 32.2222518921, 34.8923416138, 46.0619049072, 20.8850879669, 25.2043304443, 23.3943653107, 20.9385147095, 39.7417755127, 19.7935009003, 15.3647823334, 15.9346218109, 14.947224617, 16.474401474, 16.0039024353, 14.8082208633, 11.5960645676, 10.4029598236, 8.58142185211, 7.85793876648, 7.76645612717, 6.76270771027, 5.98163127899, 4.20082569122, 2.15516662598, 1.28863143921, 0.837527036667, 0.508755266666, 0.19978864491, 0.0471475124359, 0.00859002768993, 0.000656430143863],
        "dvar": [0.158802673221, 11.3112506866, 59.4408416748, 120.545143127, 278.943206787, 166.052703857, 177.081817627, 540.680725098, 1041.01184082, 1727.97253418, 2160.64648438, 4220.12011719, 1121.39685059, 2058.14428711, 1481.65002441, 1258.42907715, 3824.59814453, 958.295776367, 521.052124023, 455.249633789, 516.109130859, 458.291992188, 490.52923584, 788.935913086, 290.21005249, 308.251922607, 260.001678467, 241.502182007, 202.429504395, 132.11555481, 101.102119446, 48.3439826965, 11.5410528183, 3.92124319077, 1.61661529541, 0.588875234127, 0.0970876291394, 0.00557810906321, 0.000223704584641, 1.44491036735e-06],
        "dvar2": [0.400310009718, 29.3715839386, 149.813430786, 233.377365112, 741.437438965, 467.515075684, 502.559265137, 1323.20593262, 2080.55932617, 3945.40893555, 4719.15136719, 10082.5449219, 2585.71362305, 4266.21875, 3077.71850586, 3021.16870117, 8145.88720703, 2400.59472656, 1283.97717285, 1117.3013916, 1264.33752441, 1111.36999512, 1045.90588379, 1636.14245605, 649.319152832, 709.349975586, 525.677185059, 517.058837891, 397.159118652, 268.561096191, 248.231781006, 116.322944641, 27.2930049896, 9.2411365509, 3.80033230782, 1.44340932369, 0.245521128178, 0.0135911293328, 0.000548642477952, 3.59002524419e-06],
        "max": [8.54321670532, 49.3178138733, 132.247879028, 186.753982544, 173.69631958, 171.244033813, 215.850006104, 645.200195312, 456.751373291, 685.701538086, 779.87902832, 900.765197754, 538.837768555, 895.376159668, 823.676940918, 1330.06396484, 1166.16564941, 444.63684082, 368.683105469, 381.001495361, 777.712890625, 272.84173584, 891.878662109, 1644.15429688, 258.411254883, 387.896057129, 394.840240479, 614.856201172, 224.056549072, 142.867141724, 135.548294067, 103.677864075, 44.4278564453, 22.627155304, 23.1646156311, 7.8620800972, 3.32384395599, 0.762443304062, 0.232216656208, 0.0190499015152],
        "mean": [0.21709176898, 2.35504388809, 4.45632696152, 4.02573776245, 4.88633155823, 3.75657653809, 6.07957220078, 17.1736526489, 25.3809204102, 29.4886379242, 35.0240974426, 47.8683853149, 19.2226238251, 23.8055171967, 20.9783096313, 16.7240314484, 32.7341384888, 15.0158939362, 11.6137266159, 12.4413738251, 10.867975235, 11.9659080505, 12.3823652267, 11.8480949402, 9.38866901398, 8.95734786987, 7.12779188156, 6.74411869049, 6.38608169556, 5.43564033508, 3.99058938026, 2.88951683044, 1.53762364388, 0.874762356281, 0.529986560345, 0.296209335327, 0.113267414272, 0.0269956570119, 0.00445486418903, 0.000343712541508],
        "median": [0.00173302716576, 0.0180917046964, 0.140159130096, 0.579653799534, 0.670657634735, 0.907651364803, 1.86949586868, 5.73502874374, 6.75840044022, 8.44897460938, 10.843416214, 11.8773040771, 4.93012905121, 3.74505138397, 5.25638914108, 5.2479352951, 8.77046775818, 4.07030582428, 3.57287144661, 3.6479177475, 2.95668077469, 3.10319185257, 3.23016548157, 2.59032726288, 2.03609871864, 1.71343541145, 1.01691806316, 0.769311666489, 0.657989263535, 0.511476516724, 0.340936899185, 0.188417613506, 0.0936994478106, 0.0547443702817, 0.0344656445086, 0.0199254862964, 0.00654327636585, 0.00112538773101, 6.48586428724e-05, 2.86272243102e-05],
        "min": [6.0973438569e-23, 8.67670053406e-22, 2.38617736422e-21, 5.12773017962e-21, 1.05881808359e-20, 3.1950280906e-20, 4.72779408878e-20, 5.68319351239e-20, 9.92580028924e-20, 1.53063426327e-19, 2.53590207956e-19, 3.79292942388e-19, 4.4113474859e-19, 5.35422946965e-19, 7.95899692015e-19, 7.85910297046e-19, 1.60322440265e-18, 2.1365742282e-18, 2.31945807138e-18, 2.88153639659e-18, 3.19861726606e-18, 4.96074109982e-18, 5.77183387664e-18, 6.97511117985e-18, 5.96004765809e-18, 9.28283011077e-18, 8.17689045896e-18, 1.02709329212e-17, 1.02577360817e-17, 1.19983011072e-17, 1.17796053066e-17, 1.16673982565e-17, 8.97535136065e-18, 8.8023779684e-18, 5.55835344979e-18, 4.00631984313e-18, 2.20835592779e-18, 1.03044432486e-18, 2.46347362814e-19, 2.73035485786e-20],
        "var": [0.308009773493, 22.2131099701, 91.2529373169, 144.376068115, 208.95149231, 112.032691956, 172.827850342, 1114.33886719, 2180.26586914, 3011.09277344, 4452.81347656, 9279.98632812, 2025.58361816, 4898.58886719, 3328.37426758, 2095.7746582, 6280.78759766, 1030.85949707, 625.337890625, 644.050109863, 619.856750488, 569.641296387, 813.081481934, 1335.67602539, 445.718780518, 501.748321533, 391.112915039, 341.945953369, 299.124145508, 186.399246216, 109.996307373, 56.233707428, 14.5278196335, 4.61727571487, 1.86528515816, 0.562975347042, 0.0878065526485, 0.00539814773947, 0.000201039030799, 1.24904534005e-06]
    },
    "gfcc": {
        "mean": [-75.0316619873, 94.8837585449, -127.031921387, 5.58015537262, -60.9509773254, -1.88329517841, -28.5782299042, 4.47931814194, -13.4029130936, 4.29032230377, -9.6026096344, -0.347291320562, -15.0142335892],
        "cov": [[30418.0058594, -3014.47167969, 2373.72729492, 2163.09936523, -1117.41467285, 1475.19812012, -683.855834961, 755.972839355, -726.185546875, 564.169250488, -679.647155762, 241.343215942, -557.026855469], [-3014.47167969, 3683.1730957, -753.123413086, -406.59274292, 593.512817383, -279.327026367, 522.94744873, -242.52684021, 205.709945679, -362.157104492, 195.712463379, -275.930267334, 121.747322083], [2373.72729492, -753.123413086, 2705.53125, 674.279296875, 372.053405762, 826.744873047, 189.224700928, 413.047729492, -128.920623779, 274.972473145, -120.827049255, 31.4138202667, -157.529998779], [2163.09936523, -406.59274292, 674.279296875, 901.696655273, 129.831451416, 328.252502441, 114.750045776, 139.498413086, -33.2590637207, 109.014320374, 5.02857446671, 69.6332397461, -40.5340652466], [-1117.41467285, 593.512817383, 372.053405762, 129.831451416, 588.352050781, 142.93649292, 249.152633667, 102.084457397, 24.5000419617, -46.2642707825, 40.0536689758, -59.1278800964, 17.3729839325], [1475.19812012, -279.327026367, 826.744873047, 328.252502441, 142.93649292, 592.042480469, 143.028335571, 176.110473633, -27.7884807587, 116.640823364, -40.6988792419, 27.4004230499, -60.1936645508], [-683.855834961, 522.94744873, 189.224700928, 114.750045776, 249.152633667, 143.028335571, 418.411895752, 63.8214111328, 71.177230835, -44.6742019653, 44.0116119385, -44.6978874207, 36.7475318909], [755.972839355, -242.52684021, 413.047729492, 139.498413086, 102.084457397, 176.110473633, 63.8214111328, 333.518432617, 25.4365692139, 85.1233215332, -46.4125785828, 19.6105690002, -4.20233869553], [-726.185546875, 205.709945679, -128.920623779, -33.2590637207, 24.5000419617, -27.7884807587, 71.177230835, 25.4365692139, 261.505310059, 48.2859268188, 61.0951690674, -2.32859110832, 51.1863365173], [564.169250488, -362.157104492, 274.972473145, 109.014320374, -46.2642707825, 116.640823364, -44.6742019653, 85.1233215332, 48.2859268188, 240.581481934, 49.0284576416, 54.0501213074, -18.3184909821], [-679.647155762, 195.712463379, -120.827049255, 5.02857446671, 40.0536689758, -40.6988792419, 44.0116119385, -46.4125785828, 61.0951690674, 49.0284576416, 179.861312866, 57.3153953552, 46.1994895935], [241.343215942, -275.930267334, 31.4138202667, 69.6332397461, -59.1278800964, 27.4004230499, -44.6978874207, 19.6105690002, -2.32859110832, 54.0501213074, 57.3153953552, 188.443008423, 59.3492126465], [-557.026855469, 121.747322083, -157.529998779, -40.5340652466, 17.3729839325, -60.1936645508, 36.7475318909, -4.20233869553, 51.1863365173, -18.3184909821, 46.1994895935, 59.3492126465, 161.658172607]],
        "icov": [[6.28656780464e-05, -4.34932917415e-05, 1.16592109407e-05, -0.000141243290273, 0.000166198748047, -0.000106532286736, 9.01236417121e-05, -0.000108122476377, 0.000115755137813, -6.38222409179e-05, 0.000159645947861, -4.50271727459e-05, 7.15151327313e-05], [-4.34932917415e-05, 0.000604170083534, 4.39660107077e-05, 0.000253751553828, -0.000498462177347, 0.000110928027425, -0.000438698247308, 0.000302504602587, -0.000295256701065, 0.000551008619368, -0.000684062542859, 0.00063332694117, -0.000177037683898], [1.16592109407e-05, 4.39660107077e-05, 0.000845053757075, -0.000175158435013, -0.000382774072932, -0.000699717085809, -6.95947019267e-05, -0.000265894283075, 0.000350573624019, -0.000620960607193, 0.000443413853645, -7.99912086222e-05, 0.000297398597468], [-0.000141243290273, 0.000253751553828, -0.000175158435013, 0.00188798794989, -0.000572975550313, -0.000159210219863, -0.00057370075956, 0.000237690052018, -0.000168635699083, 6.28495836281e-05, -0.000574016594328, -0.000311295123538, 0.000102652280475], [0.000166198748047, -0.000498462177347, -0.000382774072932, -0.000572975550313, 0.00348433712497, -0.000374025112251, -0.000440801377408, -0.00112045381684, 0.00051255786093, 0.000607232621405, -0.000591576506849, 0.000547667266801, -0.000136725109769], [-0.000106532286736, 0.000110928027425, -0.000699717085809, -0.000159210219863, -0.000374025112251, 0.00372918765061, -0.00121677888092, -7.45399738662e-05, -7.46272562537e-05, -0.000699187337887, 0.000477137189591, -0.000586180656683, 0.00055427494226], [9.01236417121e-05, -0.000438698247308, -6.95947019267e-05, -0.00057370075956, -0.000440801377408, -0.00121677888092, 0.00452494621277, -0.000696102913935, -0.000617321929894, 0.00111157284118, -0.000834722362924, 0.000818034575786, -0.000763471703976], [-0.000108122476377, 0.000302504602587, -0.000265894283075, 0.000237690052018, -0.00112045381684, -7.45399738662e-05, -0.000696102913935, 0.00483541283756, -0.000871048483532, -0.00122082489543, 0.00165134540293, -0.000447022961453, -0.00059364689514], [0.000115755137813, -0.000295256701065, 0.000350573624019, -0.000168635699083, 0.00051255786093, -7.46272562537e-05, -0.000617321929894, -0.000871048483532, 0.00540235685185, -0.00193154078443, -0.0004386206856, 0.000633966177702, -0.00108146364801], [-6.38222409179e-05, 0.000551008619368, -0.000620960607193, 6.28495836281e-05, 0.000607232621405, -0.000699187337887, 0.00111157284118, -0.00122082489543, -0.00193154078443, 0.00809898134321, -0.00396829657257, 0.000283503322862, 0.000725087476894], [0.000159645947861, -0.000684062542859, 0.000443413853645, -0.000574016594328, -0.000591576506849, 0.000477137189591, -0.000834722362924, 0.00165134540293, -0.0004386206856, -0.00396829657257, 0.010542509146, -0.00372606352903, -0.000128395608044], [-4.50271727459e-05, 0.00063332694117, -7.99912086222e-05, -0.000311295123538, 0.000547667266801, -0.000586180656683, 0.000818034575786, -0.000447022961453, 0.000633966177702, 0.000283503322862, -0.00372606352903, 0.00915100891143, -0.00372616201639], [7.15151327313e-05, -0.000177037683898, 0.000297398597468, 0.000102652280475, -0.000136725109769, 0.00055427494226, -0.000763471703976, -0.00059364689514, -0.00108146364801, 0.000725087476894, -0.000128395608044, -0.00372616201639, 0.00908964406699]]
    },
    "melbands": {
        "dmean": [0.00133240991272, 0.00144043564796, 0.000612394302152, 0.000343465973856, 0.000157705988386, 0.000225964788115, 0.00024095972185, 0.00023184865131, 0.000178778020199, 0.000172264190041, 6.20037390036e-05, 6.7873581429e-05, 4.38867100456e-05, 3.75997951778e-05, 4.29999017797e-05, 5.11067737534e-05, 2.09021109185e-05, 1.49199458974e-05, 1.30538455778e-05, 1.40742622534e-05, 1.04178252514e-05, 1.02151898318e-05, 1.1518573956e-05, 8.68944061949e-06, 7.81024209573e-06, 6.12568783254e-06, 4.90956927024e-06, 4.31709668192e-06, 3.73807438336e-06, 3.49474112227e-06, 3.01272098113e-06, 2.97678525385e-06, 2.73685304819e-06, 2.55557552009e-06, 2.28641624744e-06, 1.83766610462e-06, 1.58998204824e-06, 9.71263375504e-07, 7.84409564858e-07, 6.82886650338e-07],
        "dmean2": [0.00204119621776, 0.00221692817286, 0.000973533955403, 0.000600866856985, 0.000273330748314, 0.000363948813174, 0.00037840398727, 0.000366633932572, 0.000286292488454, 0.000278078689007, 0.000102070946014, 0.000108106723928, 7.08243314875e-05, 6.04447450314e-05, 6.92422836437e-05, 8.13986189314e-05, 3.40605984093e-05, 2.43991325988e-05, 2.13538733078e-05, 2.32476795645e-05, 1.71829142346e-05, 1.6782367311e-05, 1.90600003407e-05, 1.39565918289e-05, 1.23460840769e-05, 9.96934522846e-06, 7.8377988757e-06, 6.77132265992e-06, 5.73606484977e-06, 5.47801209905e-06, 4.60057572127e-06, 4.49674598713e-06, 4.22354105467e-06, 3.8437206058e-06, 3.7981785681e-06, 2.89737795356e-06, 2.55675467997e-06, 1.54788074269e-06, 1.22588426166e-06, 1.07812377337e-06],
        "dvar": [1.42690269058e-05, 1.3994677829e-05, 3.71868668481e-06, 1.15146895041e-06, 2.24149601991e-07, 2.41309749072e-07, 2.46661045367e-07, 2.23666319243e-07, 1.35529660383e-07, 1.58822132335e-07, 3.02916696171e-08, 4.10202680712e-08, 1.2262617588e-08, 1.09227640266e-08, 1.00039398987e-08, 1.63684568122e-08, 2.69095434824e-09, 1.27934429717e-09, 9.35977073624e-10, 1.0592767774e-09, 7.01549540683e-10, 5.30859800563e-10, 6.88101353674e-10, 5.36918343119e-10, 6.11938111295e-10, 2.08557088266e-10, 1.69221608948e-10, 1.36724118138e-10, 1.27253499405e-10, 1.06741775141e-10, 8.60629276178e-11, 7.13787570716e-11, 5.16340442624e-11, 4.16081995247e-11, 4.19231940829e-11, 2.33602946015e-11, 1.80100968861e-11, 5.88476316288e-12, 3.70895588547e-12, 2.75834173211e-12],
        "dvar2": [3.70844863937e-05, 3.46594642906e-05, 7.47997955841e-06, 3.12898146149e-06, 6.41068083951e-07, 5.94221205574e-07, 4.96508050674e-07, 4.99277632571e-07, 3.00766942019e-07, 3.78424061864e-07, 7.07143215095e-08, 8.48067642778e-08, 2.60068269142e-08, 2.67448942992e-08, 2.37326247543e-08, 3.73343667093e-08, 6.70596467245e-09, 3.15355408453e-09, 2.31769003989e-09, 2.63078758778e-09, 1.71171621322e-09, 1.27876009781e-09, 1.84305881668e-09, 1.13533593638e-09, 1.27368915415e-09, 5.02880403985e-10, 3.90870530387e-10, 3.18674364674e-10, 2.80993089907e-10, 2.40341080371e-10, 1.86076778985e-10, 1.43471345915e-10, 1.03505780336e-10, 8.82366332777e-11, 1.06870803873e-10, 5.47841147447e-11, 4.52164694575e-11, 1.39765863813e-11, 8.80871244002e-12, 6.5341798812e-12],
        "max": [0.0716699883342, 0.0705173537135, 0.0328597389162, 0.0128046590835, 0.00762867508456, 0.0126277972013, 0.0069224787876, 0.00850254297256, 0.00863513629884, 0.00651053478941, 0.00303342496045, 0.00395353743806, 0.00221853889525, 0.00425030477345, 0.00190813466907, 0.00330581492744, 0.000820095767267, 0.000552380341105, 0.000536132603884, 0.00101159512997, 0.000781933777034, 0.000333966832841, 0.000457546615507, 0.000829632219393, 0.00150175264571, 0.000269848183962, 0.000341159873642, 0.000277361978078, 0.000327930145431, 0.000211026810575, 0.000411285320297, 0.00014224217739, 9.85712686088e-05, 8.8498214609e-05, 9.20502279769e-05, 6.82953832438e-05, 6.0513131757e-05, 4.39617215306e-05, 2.92780969176e-05, 1.65732872119e-05],
        "mean": [0.00237034331076, 0.00273447507061, 0.000747323327232, 0.000317052181344, 0.00020019391377, 0.000366794498404, 0.000382687867386, 0.000340079917805, 0.000285952846752, 0.000282485969365, 8.79189610714e-05, 9.96899834718e-05, 5.97558755544e-05, 4.9932343245e-05, 5.32308586116e-05, 6.3782412326e-05, 2.37288022618e-05, 1.78134650923e-05, 1.53766850417e-05, 1.77081328729e-05, 1.15877792268e-05, 1.14908270916e-05, 1.39013163789e-05, 9.97421739157e-06, 9.61159457802e-06, 7.13561348675e-06, 6.42746545054e-06, 5.69444182474e-06, 4.36150457972e-06, 4.26580118074e-06, 3.8763369048e-06, 3.65446385331e-06, 3.29815679834e-06, 2.9644343158e-06, 2.36483629124e-06, 1.95027973859e-06, 1.70026862634e-06, 1.08724736947e-06, 8.753511338e-07, 6.91769969308e-07],
        "median": [2.49950135185e-05, 7.18563824194e-05, 0.000112244924821, 6.02561303822e-05, 6.30494905636e-05, 0.000122878278489, 9.65766084846e-05, 9.33069604798e-05, 8.51346630952e-05, 6.5759755671e-05, 1.85741209862e-05, 1.32919030875e-05, 1.52927113959e-05, 1.28031861095e-05, 1.47094624481e-05, 1.6656365915e-05, 5.36820834895e-06, 5.19623063155e-06, 4.31971602666e-06, 4.6171358008e-06, 2.68449616669e-06, 2.67312202595e-06, 3.47158061231e-06, 1.86243437383e-06, 1.86170586858e-06, 1.545242867e-06, 1.07052358089e-06, 1.04179252958e-06, 5.70238285036e-07, 5.05019045249e-07, 4.04364357109e-07, 3.69162137304e-07, 3.27588452365e-07, 2.59336559338e-07, 1.95309382889e-07, 1.40633346746e-07, 9.17184692639e-08, 6.36140384813e-08, 5.53496661837e-08, 4.04947044785e-08],
        "min": [6.08623296799e-25, 1.62712067476e-24, 1.2985597133e-24, 1.90989161332e-24, 1.72569180309e-24, 1.22415859285e-24, 1.70429335939e-24, 2.07345699164e-24, 1.80559355203e-24, 2.49634007938e-24, 1.2240970617e-24, 1.67580956426e-24, 2.26790962706e-24, 2.22121261134e-24, 3.10868034085e-24, 2.56078488774e-24, 3.47048863402e-24, 3.67513532448e-24, 2.15464951423e-24, 4.39538899678e-24, 3.49057106051e-24, 3.63768139199e-24, 3.81170292439e-24, 4.3118691373e-24, 4.82832532789e-24, 3.77769079204e-24, 4.89967464133e-24, 4.69411208335e-24, 4.56367748255e-24, 5.05132368402e-24, 4.65192261885e-24, 4.57593953646e-24, 5.42643059433e-24, 6.51595123965e-24, 6.58285177201e-24, 6.85229194735e-24, 5.58150999867e-24, 5.67567514164e-24, 5.66012511548e-24, 6.71888925739e-24],
        "var": [2.71146582236e-05, 2.80522272078e-05, 4.41370548288e-06, 8.26767916351e-07, 1.93246137314e-07, 4.72768732607e-07, 5.0993980949e-07, 4.11252756294e-07, 2.85088617602e-07, 3.47904659748e-07, 5.1854115668e-08, 9.75451186491e-08, 2.60092267723e-08, 1.7679006703e-08, 1.41144926857e-08, 2.33937669236e-08, 2.89322432678e-09, 1.52948220755e-09, 1.11204800923e-09, 1.71162650719e-09, 8.01562038966e-10, 6.14017170442e-10, 9.37927513434e-10, 8.30008228814e-10, 1.01328290203e-09, 2.68718103325e-10, 2.58536331232e-10, 2.12435874447e-10, 1.65356617288e-10, 1.43528952612e-10, 1.19063356396e-10, 1.03863466439e-10, 7.25266860457e-11, 5.57594803663e-11, 4.10228448433e-11, 2.73739260426e-11, 1.96016536336e-11, 7.43902335565e-12, 4.48893830093e-12, 3.09210513097e-12]
    },
    "mfcc": {
        "mean": [-705.247497559, 128.360687256, -7.85399532318, 8.47677516937, -10.5856161118, -3.06427812576, -7.42721652985, 0.49857494235, -3.91368675232, 2.9084610939, 6.67130708694, 5.5928606987, 2.28342032433],
        "cov": [[13946.5488281, -1393.99768066, 1219.39685059, 1043.60083008, 251.949813843, 576.810119629, 139.906234741, 116.115066528, 13.3472499847, 252.09437561, -34.2086753845, 45.8573570251, 86.7418212891], [-1393.99768066, 2468.17382812, -267.67678833, -193.770965576, 82.5452346802, -25.6683120728, 132.675201416, 98.1453323364, 56.6213569641, -2.2717897892, 22.693655014, 30.5466213226, -1.41325390339], [1219.39685059, -267.67678833, 1679.18322754, 256.186096191, 346.009613037, 438.225769043, 363.395599365, 199.936233521, 168.349624634, 213.233276367, 41.1358947754, 113.533599854, 35.1761741638], [1043.60083008, -193.770965576, 256.186096191, 617.534667969, 150.185775757, 145.432662964, 155.918731689, 84.8756942749, 44.0818023682, 52.1430854797, 36.78855896, 17.1663684845, 37.9490203857], [251.949813843, 82.5452346802, 346.009613037, 150.185775757, 380.878265381, 132.384490967, 168.262115479, 98.9913406372, 82.3963699341, 75.0064926147, 2.90710687637, 45.7074317932, 0.913937568665], [576.810119629, -25.6683120728, 438.225769043, 145.432662964, 132.384490967, 403.190826416, 188.119995117, 100.729194641, 44.9338264465, 78.9956054688, 41.5160598755, 31.321893692, 26.8219890594], [139.906234741, 132.675201416, 363.395599365, 155.918731689, 168.262115479, 188.119995117, 404.917694092, 173.95765686, 94.2481765747, 70.6259841919, 9.01257610321, 29.374288559, -23.6975688934], [116.115066528, 98.1453323364, 199.936233521, 84.8756942749, 98.9913406372, 100.729194641, 173.95765686, 245.110092163, 124.05960083, 34.4877853394, 22.4966201782, 15.477227211, -2.06687569618], [13.3472499847, 56.6213569641, 168.349624634, 44.0818023682, 82.3963699341, 44.9338264465, 94.2481765747, 124.05960083, 217.39465332, 107.483551025, 13.5084514618, 15.0261383057, 2.7518184185], [252.09437561, -2.2717897892, 213.233276367, 52.1430854797, 75.0064926147, 78.9956054688, 70.6259841919, 34.4877853394, 107.483551025, 221.388809204, 76.9008026123, 38.3499526978, 9.53329277039], [-34.2086753845, 22.693655014, 41.1358947754, 36.78855896, 2.90710687637, 41.5160598755, 9.01257610321, 22.4966201782, 13.5084514618, 76.9008026123, 141.764297485, 63.8450202942, 8.53426837921], [45.8573570251, 30.5466213226, 113.533599854, 17.1663684845, 45.7074317932, 31.321893692, 29.374288559, 15.477227211, 15.0261383057, 38.3499526978, 63.8450202942, 129.920074463, 43.7357749939], [86.7418212891, -1.41325390339, 35.1761741638, 37.9490203857, 0.913937568665, 26.8219890594, -23.6975688934, -2.06687569618, 2.7518184185, 9.53329277039, 8.53426837921, 43.7357749939, 120.401824951]],
