{
"lowlevel": {
    "average_loudness": 0.908912956715,
    "barkbands_crest": {
        "dmean": 3.25045204163,
        "dmean2": 4.60738658905,
        "dvar": 9.19768333435,
        "dvar2": 15.2572278976,
        "max": 26.693731308,
        "mean": 10.7231245041,
        "median": 8.51600265503,
        "min": 2.26604914665,
        "var": 42.8554458618
    },
    "barkbands_flatness_db": {
        "dmean": 0.0385991409421,
        "dmean2": 0.0523320324719,
        "dvar": 0.00133110338356,
        "dvar2": 0.00224687322043,
        "max": 0.55342143774,
        "mean": 0.139698639512,
        "median": 0.122051388025,
        "min": 0.0120887439698,
        "var": 0.00700474670157
    },
    "barkbands_kurtosis": {
        "dmean": 22.2144088745,
        "dmean2": 29.2205448151,
        "dvar": 12631.2490234,
        "dvar2": 21496.6210938,
        "max": 2011.78625488,
        "mean": 27.8856525421,
        "median": 2.94938778877,
        "min": -1.94049811363,
        "var": 23235.4628906
    },
    "barkbands_skewness": {
        "dmean": 1.35394370556,
        "dmean2": 1.72145712376,
        "dvar": 4.24756765366,
        "dvar2": 6.34371376038,
        "max": 37.2457122803,
        "mean": 2.09736990929,
        "median": 1.3995757103,
        "min": -3.92427015305,
        "var": 16.0977630615
    },
    "barkbands_spread": {
        "dmean": 11.9796152115,
        "dmean2": 18.9483032227,
        "dvar": 228.946075439,
        "dvar2": 543.35357666,
        "max": 155.965118408,
        "mean": 23.7419776917,
        "median": 17.2608566284,
        "min": 0.151095986366,
        "var": 457.164855957
    },
    "dissonance": {
        "dmean": 0.023755710572,
        "dmean2": 0.0403156243265,
        "dvar": 0.000601282343268,
        "dvar2": 0.00161463266704,
        "max": 0.500000298023,
        "mean": 0.466463804245,
        "median": 0.474931955338,
        "min": 0.277026772499,
        "var": 0.000907471519895
    },
    "dynamic_complexity": 5.19967222214,
    "erbbands_crest": {
        "dmean": 3.01152896881,
        "dmean2": 4.9127368927,
        "dvar": 9.22845840454,
        "dvar2": 21.9918193817,
        "max": 31.2304859161,
        "mean": 8.02819347382,
        "median": 6.67330026627,
        "min": 2.17370152473,
        "var": 17.3731174469
    },
    "erbbands_flatness_db": {
        "dmean": 0.0337908826768,
        "dmean2": 0.0492433384061,
        "dvar": 0.00089366681641,
        "dvar2": 0.00194097473286,
        "max": 0.417098850012,
        "mean": 0.154305487871,
        "median": 0.143429040909,
        "min": 0.04930267483,
        "var": 0.00253102043644
    },
    "erbbands_kurtosis": {
        "dmean": 2.12917423248,
        "dmean2": 3.47732925415,
        "dvar": 16.1442604065,
        "dvar2": 38.0063972473,
        "max": 89.891494751,
        "mean": 1.67546212673,
        "median": 0.249255299568,
        "min": -1.8103197813,
        "var": 29.0086326599
    },
    "erbbands_skewness": {
        "dmean": 0.660430490971,
        "dmean2": 1.0121999979,
        "dvar": 0.495476514101,
        "dvar2": 1.08588087559,
        "max": 7.33238697052,
        "mean": 0.359438121319,
        "median": 0.263626158237,
        "min": -3.18231749535,
        "var": 1.28614926338
    },
    "erbbands_spread": {
        "dmean": 12.98396492,
        "dmean2": 20.6979064941,
        "dvar": 159.884689331,
        "dvar2": 395.858398438,
        "max": 150.172988892,
        "mean": 33.4234924316,
        "median": 31.5701560974,
        "min": 1.3039137125,
        "var": 293.717376709
    },
    "hfc": {
        "dmean": 16.8076763153,
        "dmean2": 23.4313850403,
        "dvar": 609.973205566,
        "dvar2": 1006.34179688,
        "max": 315.737060547,
        "mean": 20.4256420135,
        "median": 6.18789577484,
        "min": 1.19716817733e-16,
        "var": 959.334228516
    },
    "melbands_crest": {
        "dmean": 4.3102555275,
        "dmean2": 6.79456424713,
        "dvar": 14.7740507126,
        "dvar2": 33.7721252441,
        "max": 36.4528236389,
        "mean": 13.7412185669,
        "median": 11.6270093918,
        "min": 1.00177514553,
        "var": 51.4569015503
    },
    "melbands_flatness_db": {
        "dmean": 0.0533958077431,
        "dmean2": 0.066578052938,
        "dvar": 0.00246062292717,
        "dvar2": 0.00346311088651,
        "max": 0.706497728825,
        "mean": 0.212935820222,
        "median": 0.196051359177,
        "min": 3.19260976767e-07,
        "var": 0.0152578372508
    },
    "melbands_kurtosis": {
        "dmean": 13.6884489059,
        "dmean2": 19.6984977722,
        "dvar": 963.354614258,
        "dvar2": 2097.81152344,
        "max": 886.501342773,
        "mean": 19.0683441162,
        "median": 5.24830150604,
        "min": -1.89698278904,
        "var": 1802.45898438
    },
    "melbands_skewness": {
        "dmean": 1.1731402874,
        "dmean2": 1.60671925545,
        "dvar": 1.36764740944,
        "dvar2": 2.58892345428,
        "max": 22.954460144,
        "mean": 2.47325706482,
        "median": 1.88131630421,
        "min": -2.18753027916,
        "var": 5.49017333984
    },
    "melbands_spread": {
        "dmean": 20.4330215454,
        "dmean2": 30.4699630737,
        "dvar": 997.004638672,
        "dvar2": 2042.91064453,
        "max": 254.761016846,
        "mean": 34.9652786255,
        "median": 18.5634613037,
        "min": 0.109539240599,
        "var": 1903.32629395
    },
    "pitch_salience": {
        "dmean": 0.109772950411,
        "dmean2": 0.162847921252,
        "dvar": 0.0140846250579,
        "dvar2": 0.0247761253268,
        "max": 0.995962381363,
        "mean": 0.558275640011,
        "median": 0.639976382256,
        "min": 0.0332231633365,
        "var": 0.045794159174
    },
    "silence_rate_20dB": {
        "dmean": 0,
        "dmean2": 0,
        "dvar": 0,
        "dvar2": 0,
        "max": 1,
        "mean": 1,
        "median": 1,
        "min": 1,
        "var": 0
    },
    "silence_rate_30dB": {
        "dmean": 0.0812729895115,
        "dmean2": 0.162559896708,
        "dvar": 0.0746587887406,
        "dvar2": 0.141418293118,
        "max": 1,
        "mean": 0.913344740868,
        "median": 1,
        "min": 0,
        "var": 0.0791456401348
    },
    "silence_rate_60dB": {
        "dmean": 0.165283605456,
        "dmean2": 0.330509930849,
        "dvar": 0.137982517481,
        "dvar2": 0.298760354519,
        "max": 1,
        "mean": 0.255431979895,
        "median": 0,
        "min": 0,
        "var": 0.190153285861
    },
    "spectral_centroid": {
        "dmean": 503.336456299,
        "dmean2": 718.426818848,
        "dvar": 408741.5625,
        "dvar2": 618487.875,
        "max": 11391.1621094,
        "mean": 1524.44067383,
        "median": 1221.61413574,
        "min": 93.108291626,
        "var": 1231457.875
    },
    "spectral_complexity": {
        "dmean": 6.84113264084,
        "dmean2": 9.34625244141,
        "dvar": 52.5613136292,
        "dvar2": 86.3700714111,
        "max": 57,
        "mean": 13.9329338074,
        "median": 11,
        "min": 0,
        "var": 141.807159424
    },
    "spectral_decrease": {
        "dmean": 3.89724785776e-09,
        "dmean2": 4.77414330291e-09,
        "dvar": 3.87515588135e-17,
        "dvar2": 5.34592470038e-17,
        "max": 7.05846103788e-10,
        "mean": -6.34530428201e-09,
        "median": -1.68149716373e-09,
        "min": -4.90314064905e-08,
        "var": 1.08903515719e-16
    },
    "spectral_energy": {
        "dmean": 0.0159509368241,
        "dmean2": 0.019592911005,
        "dvar": 0.000573653320316,
        "dvar2": 0.000797669112217,
        "max": 0.188334047794,
        "mean": 0.025801314041,
        "median": 0.00832365360111,
        "min": 1.07613911637e-20,
        "var": 0.00160989526194
    },
    "spectral_energyband_high": {
        "dmean": 0.00147012958769,
        "dmean2": 0.00212921132334,
        "dvar": 8.61054559209e-06,
        "dvar2": 1.45465537571e-05,
        "max": 0.0243222508579,
        "mean": 0.00152039527893,
        "median": 0.000102099176729,
        "min": 7.68608308807e-21,
        "var": 1.20006498037e-05
    },
    "spectral_energyband_low": {
        "dmean": 0.0108216349036,
        "dmean2": 0.0136217316613,
        "dvar": 0.000554349797312,
        "dvar2": 0.000887040223461,
        "max": 0.172777310014,
        "mean": 0.0152343958616,
        "median": 0.00065148784779,
        "min": 3.11989249978e-23,
        "var": 0.0011435613269
    },
    "spectral_energyband_middle_high": {
        "dmean": 0.00184670637827,
        "dmean2": 0.00264532421716,
        "dvar": 7.20181969882e-06,
        "dvar2": 1.24321568364e-05,
        "max": 0.0375805906951,
        "mean": 0.00272059091367,
        "median": 0.00102937105112,
        "min": 1.36011444138e-21,
        "var": 1.55180496222e-05
    },
    "spectral_energyband_middle_low": {
        "dmean": 0.0085138566792,
        "dmean2": 0.0147935356945,
        "dvar": 0.000368560897186,
        "dvar2": 0.000985620077699,
        "max": 0.122834257782,
        "mean": 0.00723323691636,
        "median": 0.00211048405617,
        "min": 2.4422787789e-22,
        "var": 0.000263126421487
    },
    "spectral_entropy": {
        "dmean": 0.311987042427,
        "dmean2": 0.436855405569,
        "dvar": 0.110804378986,
        "dvar2": 0.181195095181,
        "max": 9.81224918365,
        "mean": 7.58184957504,
        "median": 7.62638187408,
        "min": 5.43223810196,
        "var": 0.392283320427
    },
    "spectral_flux": {
        "dmean": 0.0436705946922,
        "dmean2": 0.0589926354587,
        "dvar": 0.00289969495498,
        "dvar2": 0.00401103962213,
        "max": 0.423042654991,
        "mean": 0.0980489403009,
        "median": 0.0767023563385,
        "min": 6.91159976474e-11,
        "var": 0.00813361257315
    },
    "spectral_kurtosis": {
        "dmean": 4.11723899841,
        "dmean2": 6.48172998428,
        "dvar": 28.3549365997,
        "dvar2": 60.4387245178,
        "max": 88.0235137939,
        "mean": 7.86620187759,
        "median": 6.07736873627,
        "min": -1.2121039629,
        "var": 51.9922370911
    },
    "spectral_rms": {
        "dmean": 0.0015338442754,
        "dmean2": 0.00183322886005,
        "dvar": 2.75909269476e-06,
        "dvar2": 3.93227628592e-06,
        "max": 0.0135550927371,
        "mean": 0.00379157741554,
        "median": 0.00284967338666,
        "min": 3.24020346144e-12,
        "var": 1.07959322122e-05
    },
    "spectral_rolloff": {
        "dmean": 1357.69213867,
        "dmean2": 2239.11645508,
        "dvar": 6701804.5,
        "dvar2": 13252304,
        "max": 19401.4160156,
        "mean": 2855.30664062,
        "median": 1227.39257812,
        "min": 64.599609375,
        "var": 15099640
    },
    "spectral_skewness": {
        "dmean": 0.475164622068,
        "dmean2": 0.741036236286,
        "dvar": 0.267751336098,
        "dvar2": 0.54511898756,
        "max": 6.82654380798,
        "mean": 1.8486944437,
        "median": 1.739392519,
        "min": -0.0188818275928,
        "var": 0.652678966522
    },
    "spectral_spread": {
        "dmean": 1091054.75,
        "dmean2": 1593988.875,
        "dvar": 1.64621883802e+12,
        "dvar2": 2.85782494413e+12,
        "max": 41257036,
        "mean": 4338331.5,
        "median": 3920131,
        "min": 773412.25,
        "var": 4.16162408038e+12
    },
    "spectral_strongpeak": {
        "dmean": 0.643714785576,
        "dmean2": 1.10135114193,
        "dvar": 2.48374080658,
        "dvar2": 7.14659309387,
        "max": 16.8366260529,
        "mean": 0.745850920677,
        "median": 0.383474647999,
        "min": 0,
        "var": 1.87872326374
    },
    "zerocrossingrate": {
        "dmean": 0.0344230122864,
        "dmean2": 0.0354510247707,
        "dvar": 0.00166667101439,
        "dvar2": 0.0017513850471,
        "max": 0.6845703125,
        "mean": 0.110859304667,
        "median": 0.07275390625,
        "min": 0.001953125,
        "var": 0.0126634975895
    },
    "barkbands": {
        "dmean": [8.3911792899e-05, 0.00875607226044, 0.00605674600229, 0.00251915352419, 0.00275469431654, 0.00130193086807, 0.0010513192974, 0.000710950349458, 0.000804945419077, 0.000549965479877, 0.000204685435165, 0.000290215946734, 0.00021924469911, 0.00023063410481, 0.000266332557658, 0.000225966898142, 0.00015652316506, 0.000184476855793, 0.000142769335071, 0.000170156577951, 0.000215716543607, 0.000235279279877, 0.000341928127455, 0.000290903029963, 0.000216225394979, 8.88082868187e-05, 2.73386121989e-05],
        "dmean2": [0.00011989360064, 0.0109534943476, 0.0109046977013, 0.00474114110693, 0.00521606951952, 0.00218972214498, 0.00182355369907, 0.00120206701104, 0.00138947134838, 0.000977246672846, 0.000326590787154, 0.000431453954661, 0.000346957793226, 0.000350195128703, 0.000406098522944, 0.000345096894307, 0.000227604410611, 0.000279535830487, 0.000214387837332, 0.00025548011763, 0.000309347553411, 0.000357058219379, 0.000491682149004, 0.000454613676993, 0.000327341316734, 0.000128456347738, 3.79394441552e-05],
        "dvar": [1.17976483693e-07, 0.000360873906175, 0.000345284963259, 6.14339442109e-05, 7.28993836674e-05, 7.51832294554e-06, 5.44344629816e-06, 3.05973549075e-06, 2.63435754277e-06, 2.52799054579e-06, 1.41176570878e-07, 4.04282275213e-07, 1.71553040218e-07, 2.06399761282e-07, 4.6016430133e-07, 1.45211359381e-07, 8.04140327659e-08, 2.15174011942e-07, 1.07308117947e-07, 1.29750191036e-07, 2.60469221303e-07, 2.49896487503e-07, 5.15894498676e-07, 4.55286226497e-07, 2.27618969006e-07, 7.21409563198e-08, 1.05054820398e-09],
        "dvar2": [1.82030262863e-07, 0.000610973511357, 0.000942727958318, 0.000175248758751, 0.000210070138564, 1.94049407582e-05, 1.46152033267e-05, 8.48783929541e-06, 7.26437610865e-06, 7.07364370101e-06, 3.36821244673e-07, 8.08455808965e-07, 3.59572197794e-07, 4.59052586166e-07, 1.09609629817e-06, 3.4511811009e-07, 1.70242927311e-07, 4.0720183847e-07, 2.00864491262e-07, 2.13896584e-07, 4.71373965638e-07, 4.04600257298e-07, 1.0217235058e-06, 7.34226830446e-07, 3.95359023742e-07, 1.55493964371e-07, 2.00996619348e-09],
        "max": [0.00885092560202, 0.14635412395, 0.120067186654, 0.0557376220822, 0.0590174719691, 0.0265021566302, 0.0280671250075, 0.0461155585945, 0.0176124237478, 0.0174757484347, 0.00627045053989, 0.00985513720661, 0.00630968483165, 0.0115414224565, 0.0178323481232, 0.00595481228083, 0.0103292251006, 0.0113374991342, 0.00862893182784, 0.00537636550143, 0.00927415210754, 0.0038692119997, 0.00616982486099, 0.00353644276038, 0.00411663530394, 0.0194397270679, 0.00030787763535],
        "mean": [9.77709132712e-05, 0.0104956207797, 0.00385835929774, 0.00151668791659, 0.00177221931517, 0.00109153415542, 0.000970887253061, 0.000698647520039, 0.000915170123335, 0.000460139242932, 0.00026094506029, 0.000371625355911, 0.000261538370978, 0.000282942783087, 0.00031089381082, 0.000277018989436, 0.000170589104528, 0.000212746977923, 0.000163698088727, 0.000180357237696, 0.000225116236834, 0.000248713564361, 0.000313707394525, 0.000295151316095, 0.000216597487452, 8.68813222041e-05, 4.57201022073e-05],
        "median": [1.41450145748e-05, 0.000272558070719, 8.26279938337e-05, 6.43305829726e-05, 0.000182817195309, 0.000211566803046, 0.000271035823971, 0.00023630989017, 0.000335274264216, 8.08347249404e-05, 5.76104248466e-05, 5.80327978241e-05, 9.50858302531e-05, 8.46383918542e-05, 5.45269576833e-05, 8.18257394712e-05, 3.86647225241e-05, 3.82692705898e-05, 2.91802316497e-05, 1.77133424586e-05, 2.12825743802e-05, 9.71159715846e-06, 9.95744267129e-06, 4.56306861452e-06, 2.32159504776e-06, 3.96011364501e-06, 2.46527233685e-05],
        "min": [7.0528054011e-24, 1.34487073938e-23, 2.19590417856e-24, 5.48545001182e-24, 2.22800052277e-23, 4.7928064712e-23, 4.09393313825e-23, 2.29667559774e-23, 1.60717945436e-23, 3.31402927529e-23, 4.46490791625e-23, 4.2285285859e-23, 3.88981632566e-23, 3.45852429621e-23, 4.62914465464e-23, 1.23295210819e-22, 1.34849448239e-22, 2.55125644197e-22, 2.52756335178e-22, 2.24273609738e-22, 3.42299292819e-22, 2.9750421128e-22, 5.74505763551e-22, 7.56674572494e-22, 1.09806560242e-21, 1.5659857816e-21, 2.44288629015e-21],
        "var": [2.4908706564e-07, 0.000645267311484, 0.000221647191211, 3.49121073668e-05, 4.05308492191e-05, 5.96246582063e-06, 4.43189082944e-06, 2.24815494221e-06, 2.31968078879e-06, 1.72190914327e-06, 2.13536409888e-07, 6.42168288323e-07, 2.58280863363e-07, 2.83670374301e-07, 5.61051933801e-07, 2.05854490787e-07, 1.020677729e-07, 2.9275935276e-07, 1.44307051642e-07, 1.81692186629e-07, 3.42644995044e-07, 3.48172648046e-07, 6.24386643722e-07, 6.07966114785e-07, 3.0775854043e-07, 7.48780379922e-08, 2.21271934109e-09]
    },
    "erbbands": {
        "dmean": [0.188271105289, 2.24837350845, 6.51099300385, 7.38868522644, 9.73410224915, 8.50745582581, 7.7495675087, 12.1164674759, 11.9810028076, 19.3573703766, 15.0896100998, 17.6471481323, 23.0234375, 10.0549564362, 8.59445667267, 9.97438716888, 10.7247457504, 11.8668022156, 12.2690324783, 13.3605566025, 10.7555112839, 9.29348754883, 9.81606197357, 8.56139659882, 7.59976911545, 8.41658115387, 7.95298576355, 8.55361747742, 8.37207984924, 8.6235742569, 10.3952159882, 7.50663948059, 4.11685180664, 2.50501680374, 1.50901174545, 0.548676848412, 0.140557155013, 0.0436812639236, 0.00312528177164, 0.000105712439108],
        "dmean2": [0.231280386448, 2.82755851746, 10.7433137894, 13.4845438004, 18.2978496552, 16.1123771667, 13.7963724136, 20.3427772522, 20.4437179565, 33.0165863037, 25.8359928131, 30.1105384827, 40.59532547, 16.9685516357, 13.1745576859, 14.7237110138, 16.484708786, 17.8525028229, 18.5187969208, 19.8255443573, 15.9222536087, 13.5297689438, 14.6750993729, 12.9011459351, 11.5042819977, 12.6146860123, 11.9797000885, 12.0271348953, 12.3010416031, 12.4830131531, 15.1652507782, 11.4301071167, 6.37722635269, 4.01697683334, 2.1833012104, 0.782242357731, 0.209770694375, 0.0603751167655, 0.0044470122084, 0.000143933371874],
        "dvar": [0.167246371508, 24.0737075806, 330.566589355, 515.578796387, 886.461975098, 731.531005859, 378.288269043, 632.076965332, 692.21295166, 1784.18237305, 1367.09472656, 1260.4822998, 4887.08691406, 331.976226807, 331.83114624, 411.27923584, 412.658447266, 510.567749023, 1113.66186523, 669.549926758, 282.383972168, 255.568756104, 718.602111816, 310.332183838, 330.78527832, 314.476593018, 317.169616699, 435.582824707, 306.909973145, 282.591156006, 541.300537109, 303.503173828, 85.4372711182, 31.5014781952, 11.7406282425, 1.75260722637, 0.396025121212, 0.00367089244537, 2.13408893615e-05, 2.26666472258e-08],
        "dvar2": [0.273431420326, 41.3784370422, 843.99041748, 1434.75097656, 2529.0546875, 2109.75439453, 1056.6105957, 1618.61083984, 1836.05651855, 4798.55664062, 3803.76806641, 3439.00073242, 13800.2587891, 840.90222168, 731.332641602, 798.709350586, 809.102172852, 1128.8482666, 2555.8046875, 1514.76135254, 655.764099121, 523.880065918, 1430.34545898, 568.468994141, 632.229003906, 537.913391113, 531.069030762, 837.690856934, 535.577758789, 476.492004395, 1098.42407227, 507.604888916, 138.3800354, 53.9432640076, 22.1641769409, 3.5837290287, 0.897476315498, 0.00756923668087, 4.20412688982e-05, 4.08217992742e-08],
        "max": [6.00124502182, 37.334903717, 123.187583923, 157.397979736, 214.806289673, 210.747268677, 210.513916016, 270.924926758, 380.250610352, 630.742797852, 918.952514648, 456.099609375, 816.139221191, 415.918426514, 311.954864502, 284.903686523, 347.597503662, 660.448486328, 962.533569336, 435.651580811, 355.414123535, 492.707092285, 639.548034668, 506.507202148, 580.70916748, 247.83442688, 445.827331543, 344.459777832, 161.355789185, 225.635787964, 139.26852417, 97.3380279541, 54.3918304443, 55.5803871155, 25.422416687, 50.4256858826, 52.4343566895, 3.10186171532, 0.0658220723271, 0.00280335103162],
        "mean": [0.224271655083, 2.61971879005, 4.99286699295, 4.75646305084, 6.04936170578, 5.47234296799, 6.04544973373, 10.0482807159, 10.7454938889, 19.5371208191, 14.6799945831, 20.3595256805, 20.6390380859, 11.5481472015, 11.4824943542, 13.0573215485, 13.598279953, 14.7849416733, 14.957318306, 16.2036018372, 13.437256813, 10.361328125, 11.1326436996, 9.75997543335, 8.76509284973, 8.7111530304, 9.09600448608, 8.26767253876, 8.43623924255, 9.02484607697, 9.36114501953, 7.51971912384, 4.1130437851, 2.60970139503, 1.42068338394, 0.50585860014, 0.147894218564, 0.0737382471561, 0.00384257431142, 0.000131750610308],
        "median": [0.00754884723574, 0.0621879920363, 0.128783151507, 0.198742955923, 0.356370806694, 0.565442204475, 1.14500308037, 1.89684355259, 2.83756351471, 5.77562904358, 4.90194606781, 7.22040367126, 4.13077116013, 3.09485816956, 2.95913171768, 2.64929246902, 5.18530273438, 4.61283493042, 3.22194814682, 3.90347480774, 3.83940315247, 2.48230886459, 2.28057146072, 1.5807454586, 1.47585022449, 0.728130459785, 1.06886506081, 0.580109059811, 0.323929965496, 0.335543751717, 0.252616882324, 0.156175881624, 0.0538054406643, 0.0253644082695, 0.0130338519812, 0.00654333177954, 0.0165054947138, 0.0406254827976, 0.0012697649654, 4.58149588667e-05],
        "min": [4.47097431972e-22, 1.49978164619e-21, 3.36132354391e-21, 1.36713180468e-20, 4.96542046055e-20, 5.84739920374e-20, 9.50304055663e-20, 3.30816720523e-19, 6.2913341138e-19, 5.00112312675e-19, 3.97715185207e-19, 4.02757936715e-19, 7.29434902616e-19, 1.44434823599e-18, 2.55650735542e-18, 1.95498802462e-18, 2.44529478322e-18, 2.50193370091e-18, 2.37031354903e-18, 8.20895611541e-18, 5.94632721327e-18, 8.59128064889e-18, 1.34677543782e-17, 1.22552407762e-17, 1.20531464905e-17, 1.15339549985e-17, 1.27508443859e-17, 1.6154177273e-17, 1.16168881267e-17, 1.5904941137e-17, 1.79400221652e-17, 1.43540238106e-17, 1.26677532662e-17, 1.08518072715e-17, 7.86312679055e-18, 5.09295392662e-18, 2.88539457376e-18, 1.20256861621e-18, 3.17193753767e-19, 3.66722414328e-20],
        "var": [0.32979658246, 41.1844787598, 265.17401123, 316.454986572, 503.786987305, 406.20880127, 248.726303101, 507.534729004, 553.671875, 1604.22705078, 984.536193848, 1217.41027832, 3185.78466797, 495.995605469, 502.261322021, 698.259094238, 674.983764648, 733.915588379, 1472.70507812, 1022.17614746, 426.819366455, 348.162567139, 914.026428223, 449.56842041, 429.119689941, 418.665496826, 446.59387207, 539.33416748, 410.665283203, 418.7003479, 619.080078125, 399.200439453, 115.062919617, 42.6861839294, 14.6990404129, 2.01371073723, 0.373749107122, 0.00658364128321, 3.16596597258e-05, 3.73890500782e-08]
    },
    "gfcc": {
        "mean": [-75.1494064331, 69.6809539795, -101.635894775, 4.27391147614, -40.5197105408, -5.47219324112, -16.5855484009, 0.615351140499, -4.96827936172, 7.40024471283, -17.5312461853, 6.7415599823, -21.2857284546],
        "cov": [[22269.2675781, -2047.62756348, -392.653900146, 1141.54541016, -1354.97424316, 1630.24841309, -1205.18054199, 991.55078125, -689.062316895, 106.1954422, 62.6989898682, -238.804946899, 283.972686768], [-2047.62756348, 4142.83935547, 314.915100098, -849.052124023, 1039.85314941, -815.958862305, 562.226379395, -672.557006836, 163.095474243, -178.322174072, -13.3115186691, 127.512809753, -215.73500061], [-392.653900146, 314.915100098, 1057.55651855, 246.708511353, 39.8323097229, 172.583374023, 106.15221405, 51.313949585, 79.2522583008, 68.7621841431, 3.87214016914, 18.1379337311, -24.7038402557], [1141.54541016, -849.052124023, 246.708511353, 643.608093262, -82.7862319946, 340.279418945, -47.936832428, 232.341369629, -13.5471248627, 61.9064598083, 33.7850112915, -42.5815963745, 40.6550292969], [-1354.97424316, 1039.85314941, 39.8323097229, -82.7862319946, 820.596740723, -141.93421936, 407.519042969, -143.75541687, 160.071334839, -12.782418251, 20.4894485474, 94.9067153931, -80.1229629517], [1630.24841309, -815.958862305, 172.583374023, 340.279418945, -141.93421936, 655.421203613, -26.2688560486, 319.406677246, -14.3510522842, 95.6344528198, 53.3783378601, -29.8294277191, 97.8251037598], [-1205.18054199, 562.226379395, 106.15221405, -47.936832428, 407.519042969, -26.2688560486, 434.437591553, -30.3752193451, 153.209655762, 16.1072483063, 21.7462291718, 75.5377883911, -61.6285667419], [991.55078125, -672.557006836, 51.313949585, 232.341369629, -143.75541687, 319.406677246, -30.3752193451, 313.711212158, -2.78086471558, 83.8785858154, 32.0966148376, -15.8864059448, 77.3212432861], [-689.062316895, 163.095474243, 79.2522583008, -13.5471248627, 160.071334839, -14.3510522842, 153.209655762, -2.78086471558, 178.781265259, 46.3597221375, 31.5042381287, 62.192035675, -18.891374588], [106.1954422, -178.322174072, 68.7621841431, 61.9064598083, -12.782418251, 95.6344528198, 16.1072483063, 83.8785858154, 46.3597221375, 117.594696045, 57.5053138733, 39.186870575, 36.8514213562], [62.6989898682, -13.3115186691, 3.87214016914, 33.7850112915, 20.4894485474, 53.3783378601, 21.7462291718, 32.0966148376, 31.5042381287, 57.5053138733, 93.3634643555, 39.5675010681, 29.5799713135], [-238.804946899, 127.512809753, 18.1379337311, -42.5815963745, 94.9067153931, -29.8294277191, 75.5377883911, -15.8864059448, 62.192035675, 39.186870575, 39.5675010681, 92.124382019, 13.5002059937], [283.972686768, -215.73500061, -24.7038402557, 40.6550292969, -80.1229629517, 97.8251037598, -61.6285667419, 77.3212432861, -18.891374588, 36.8514213562, 29.5799713135, 13.5002059937, 84.7500839233]],
        "icov": [[9.59334502113e-05, -0.00014693698904, 0.000152736160089, -0.00019773717213, 0.000116457507829, -0.000278272287687, 0.000305827823468, -0.000248123687925, 0.00020514903008, -6.38088167761e-05, 0.000137730501592, -0.000404179329053, 0.000413752743043], [-0.00014693698904, 0.00104098417796, -0.000776971399318, 0.00114935392048, -0.000917698373087, 0.000780750182457, -0.000749013386667, 0.00086074124556, -2.77080598607e-05, 0.000797982269432, -0.00119983556215, 0.0011425485136, -0.000850760436151], [0.000152736160089, -0.000776971399318, 0.00180512794759, -0.00137982761953, 0.000858248502482, -0.00102641002741, 0.000384371727705, -0.000125175167341, -0.000126091734273, -0.00139586487785, 0.00158703455236, -0.00127065519337, 0.00131570361555], [-0.00019773717213, 0.00114935392048, -0.00137982761953, 0.00392517726868, -0.00139919295907, 0.00033520537545, -0.00030138558941, -0.000481354480144, -7.60838374845e-05, 0.00105831865221, -0.00223494134843, 0.00229422538541, -0.000249112577876], [0.000116457507829, -0.000917698373087, 0.000858248502482, -0.00139919295907, 0.00345775508322, -0.000656706921291, -0.00161619810387, 0.000394266535295, -0.000341979233781, -0.000406728824601, 0.00100232893601, -0.00175704923458, 0.000717809947673], [-0.000278272287687, 0.000780750182457, -0.00102641002741, 0.00033520537545, -0.000656706921291, 0.0045418436639, -0.00150117429439, -0.00163626275025, -0.000190689461306, 0.000415922229877, -0.0017241477035, 0.00279296655208, -0.00306882592849], [0.000305827823468, -0.000749013386667, 0.000384371727705, -0.00030138558941, -0.00161619810387, -0.00150117429439, 0.00702083390206, -0.00244761700742, -0.00156264554244, 0.000408721942222, 0.000403238809668, -0.003371959785, 0.0047388705425], [-0.000248123687925, 0.00086074124556, -0.000125175167341, -0.000481354480144, 0.000394266535295, -0.00163626275025, -0.00244761700742, 0.00989370141178, -0.00090396835003, -0.00303348060697, 0.00100288039539, 0.00295173586346, -0.00503070699051], [0.00020514903008, -2.77080598607e-05, -0.000126091734273, -7.60838374845e-05, -0.000341979233781, -0.000190689461306, -0.00156264554244, -0.00090396835003, 0.0107273384929, -0.00274130445905, -0.0003260349622, -0.0044333874248, 0.00323021481745], [-6.38088167761e-05, 0.000797982269432, -0.00139586487785, 0.00105831865221, -0.000406728824601, 0.000415922229877, 0.000408721942222, -0.00303348060697, -0.00274130445905, 0.0182494018227, -0.00779653154314, -0.00311034615152, -0.00179897085764], [0.000137730501592, -0.00119983556215, 0.00158703455236, -0.00223494134843, 0.00100232893601, -0.0017241477035, 0.000403238809668, 0.00100288039539, -0.0003260349622, -0.00779653154314, 0.0195173732936, -0.00558998994529, -0.002269171644], [-0.000404179329053, 0.0011425485136, -0.00127065519337, 0.00229422538541, -0.00175704923458, 0.00279296655208, -0.003371959785, 0.00295173586346, -0.0044333874248, -0.00311034615152, -0.00558998994529, 0.0235118195415, -0.00866826530546], [0.000413752743043, -0.000850760436151, 0.00131570361555, -0.000249112577876, 0.000717809947673, -0.00306882592849, 0.0047388705425, -0.00503070699051, 0.00323021481745, -0.00179897085764, -0.002269171644, -0.00866826530546, 0.0246821250767]]
    },
    "melbands": {
        "dmean": [0.00213938811794, 0.0029119271785, 0.00133903929964, 0.000682881160174, 0.000280770211248, 0.000258409272647, 0.000198240653845, 0.000200580965611, 0.000125716993352, 0.000111062843644, 0.000113095564302, 3.92954425479e-05, 2.75697493635e-05, 3.07349473587e-05, 3.10044379148e-05, 2.08597830351e-05, 2.23211263801e-05, 1.80426286533e-05, 2.1101508537e-05, 1.58731654665e-05, 1.27141083794e-05, 9.52158097789e-06, 9.70310156845e-06, 8.53020264913e-06, 7.09131018084e-06, 5.25789801031e-06, 6.645267149e-06, 5.29587259734e-06, 5.05176467414e-06, 5.29448243469e-06, 4.88672958454e-06, 4.56515226688e-06, 4.74111175208e-06, 4.90969569e-06, 5.98819451625e-06, 5.43394116903e-06, 4.35248603026e-06, 2.85232681563e-06, 2.46946024163e-06, 2.04043453778e-06],
        "dmean2": [0.00261273235083, 0.00403100298718, 0.00239703222178, 0.0012951430399, 0.000506864162162, 0.000432023603935, 0.000340070051607, 0.000340067927027, 0.000216973858187, 0.000190910184756, 0.000199663831154, 6.66646374157e-05, 4.33293680544e-05, 4.59590119135e-05, 4.86341414216e-05, 3.37673664035e-05, 3.4048971429e-05, 2.7368814699e-05, 3.17088306474e-05, 2.42517726292e-05, 1.91873605218e-05, 1.39478288474e-05, 1.46044012581e-05, 1.2971923752e-05, 1.07578061943e-05, 7.87001317804e-06, 9.97851930151e-06, 7.91645197751e-06, 7.50162917029e-06, 8.22566653369e-06, 7.04931062501e-06, 6.76773379382e-06, 7.20016441846e-06, 7.15148962627e-06, 8.80292100192e-06, 8.22868332762e-06, 6.69400515108e-06, 4.34624644186e-06, 3.92465972254e-06, 3.29728095494e-06],
        "dvar": [2.04597272386e-05, 4.91756254632e-05, 1.50446667249e-05, 4.65111770609e-06, 5.51751327293e-07, 2.85715088921e-07, 1.88783687349e-07, 1.92117809661e-07, 8.4495304975e-08, 5.4030230956e-08, 1.20060278164e-07, 5.32860910951e-09, 2.76671885402e-09, 5.46080691777e-09, 4.28729718394e-09, 1.50848145086e-09, 1.77141279423e-09, 2.24289231632e-09, 2.16166706757e-09, 9.55179380036e-10, 4.14757478362e-10, 2.73883554724e-10, 5.54355616966e-10, 4.81936157648e-10, 2.13864440046e-10, 1.81243312025e-10, 1.84768533806e-10, 1.48286993795e-10, 1.22566817806e-10, 1.62447999497e-10, 1.4310030938e-10, 9.03850536083e-11, 1.07043693354e-10, 8.91338253206e-11, 1.81140102917e-10, 1.62949709281e-10, 1.00706387673e-10, 4.00628766273e-11, 3.07032212155e-11, 2.12724594884e-11],
        "dvar2": [3.32056770276e-05, 0.000105337036075, 4.08336818509e-05, 1.3382625184e-05, 1.55767736487e-06, 7.29786563625e-07, 5.02486557252e-07, 5.18577621733e-07, 2.33941591432e-07, 1.48960225488e-07, 3.39160635576e-07, 1.35435449522e-08, 6.43776321141e-09, 1.12919771311e-08, 9.6578265385e-09, 3.34860938977e-09, 3.95284471821e-09, 4.96216756574e-09, 4.98545515981e-09, 2.26216312349e-09, 9.62066648569e-10, 5.92325077875e-10, 1.04630537567e-09, 1.02289943182e-09, 4.06299216493e-10, 3.62869623238e-10, 3.52293028083e-10, 2.81469791918e-10, 2.02153294104e-10, 3.4388303316e-10, 2.66279637229e-10, 1.57329663186e-10, 1.70136044142e-10, 1.71918507208e-10, 3.78816256141e-10, 2.96615565443e-10, 1.66274272129e-10, 6.65265967315e-11, 5.26789202537e-11, 3.64036231715e-11],
        "max": [0.0413387045264, 0.0527295134962, 0.0251778122038, 0.01405027695, 0.00723483413458, 0.00559144280851, 0.00598502997309, 0.00709799490869, 0.00663698557764, 0.00276615330949, 0.00401871325448, 0.00177931273356, 0.00085583596956, 0.00149308447726, 0.00110484391917, 0.000679263437632, 0.00117011100519, 0.0013535679318, 0.00106429995503, 0.000557855179068, 0.000496874563396, 0.00049552496057, 0.000556891434826, 0.000676130643114, 0.000419038551627, 0.000427957100328, 0.000293628545478, 0.000198599416763, 0.000258761836449, 0.000287105998723, 0.00019183238328, 0.000100919947727, 0.000107424391899, 0.000168177080923, 8.5186540673e-05, 7.06649807398e-05, 5.79975749133e-05, 3.64868574252e-05, 6.46414264338e-05, 4.19376410719e-05],
        "mean": [0.00258228648454, 0.00302934926003, 0.000894586264621, 0.000423767341999, 0.000213114413782, 0.000216798129259, 0.000178772679646, 0.000204846801353, 0.000121614153613, 0.000127950261231, 9.84875514405e-05, 4.37819981016e-05, 3.67939719581e-05, 3.99612290494e-05, 3.5712873796e-05, 2.53791331488e-05, 2.69871707133e-05, 2.15271302295e-05, 2.46424951911e-05, 1.85691569641e-05, 1.53205928655e-05, 1.00769811979e-05, 1.06547640826e-05, 9.60113447945e-06, 7.74826185079e-06, 5.97787084189e-06, 6.85059922034e-06, 5.27162592334e-06, 5.76202774027e-06, 5.0454277698e-06, 4.76408149552e-06, 4.56844918517e-06, 5.08916900799e-06, 4.87129909743e-06, 5.29615226696e-06, 5.1830566008e-06, 4.4005869313e-06, 2.78577272184e-06, 2.5175384053e-06, 2.13772432289e-06],
        "median": [7.43253040127e-05, 8.70796939125e-05, 4.14025416831e-05, 3.06442489091e-05, 3.82654325222e-05, 4.13256930187e-05, 5.05702264491e-05, 6.43822495476e-05, 4.22041557613e-05, 4.54466062365e-05, 1.70691164385e-05, 1.10649025373e-05, 9.76754472504e-06, 6.47789966024e-06, 9.09304799279e-06, 9.46315958572e-06, 7.98277869762e-06, 4.58358681499e-06, 4.50683910458e-06, 4.92578374178e-06, 3.54545818482e-06, 2.15317913899e-06, 2.23577694669e-06, 1.54565316279e-06, 1.16431556307e-06, 1.04955961433e-06, 7.95142227616e-07, 4.15584281654e-07, 7.14467148555e-07, 5.22875097886e-07, 2.50510680644e-07, 1.7824720544e-07, 1.7183705836e-07, 1.73762487066e-07, 1.38930445814e-07, 1.22860200236e-07, 6.66125572479e-08, 3.88190990463e-08, 2.72295430648e-08, 1.71822662764e-08],
        "min": [7.46118764768e-24, 2.29329004339e-24, 4.03012154854e-24, 5.06431701199e-24, 3.26221002795e-24, 8.50136228237e-24, 9.84379765036e-24, 5.2230030884e-24, 2.75301609085e-24, 2.33627704627e-24, 3.25650419702e-24, 5.79182899348e-24, 8.12739409278e-24, 7.02241769017e-24, 4.98715024381e-24, 4.87442714805e-24, 3.94925068398e-24, 2.55967989083e-24, 6.88372489898e-24, 9.96499035123e-24, 5.16176776063e-24, 9.27915704681e-24, 9.85031206371e-24, 1.14065942125e-23, 9.47985667173e-24, 9.72237854641e-24, 6.7988813309e-24, 7.32132497577e-24, 5.82772808112e-24, 8.3417402225e-24, 8.93232803894e-24, 6.13319947831e-24, 6.64443814288e-24, 8.18422836555e-24, 9.89130600951e-24, 9.99030489767e-24, 7.91698437897e-24, 7.81949142628e-24, 7.83271194619e-24, 8.51865253569e-24],
        "var": [3.9168044168e-05, 6.24852109468e-05, 9.80214190349e-06, 2.58078898696e-06, 3.4547574046e-07, 2.31376205306e-07, 1.50107595687e-07, 1.686288158e-07, 6.25280307531e-08, 4.85044573395e-08, 7.78951232405e-08, 7.96500732037e-09, 4.37090541539e-09, 8.40159142257e-09, 5.80766501557e-09, 2.26485963317e-09, 2.45999576265e-09, 3.17276338535e-09, 2.82836509768e-09, 1.27482147061e-09, 5.92816018496e-10, 3.49328344029e-10, 7.37715499799e-10, 5.97630667176e-10, 2.95691665597e-10, 2.28689761572e-10, 2.35450797748e-10, 1.80320050558e-10, 1.76038822408e-10, 1.84574383555e-10, 1.77842393589e-10, 1.19849533076e-10, 1.51920989677e-10, 1.20614115917e-10, 2.01281991075e-10, 1.96754196269e-10, 1.34832867094e-10, 5.32746867454e-11, 4.07688743875e-11, 2.88453757408e-11]
    },
    "mfcc": {
        "mean": [-725.535644531, 118.795730591, -3.37465620041, 15.5759811401, -3.52936649323, 4.71822929382, -7.61489725113, 3.71217989922, 2.64922523499, 9.45131397247, 4.80267572403, 5.50953912735, 0.735442459583],
        "cov": [[18235.3574219, -1355.93212891, -511.341400146, 15.6696214676, -143.651748657, 13.4845523834, 86.8665542603, 142.654602051, -83.3202438354, 21.5167064667, -188.831939697, -35.8852462769, -4.37184619904], [-1355.93212891, 4411.77978516, -381.96987915, 172.142929077, 75.8387069702, 181.804962158, 11.4697628021, -49.1475105286, -159.409240723, -97.9041290283, -22.3723430634, -32.4275093079, -66.7823791504], [-511.341400146, -381.96987915, 1079.45629883, 61.9323310852, 56.2572250366, 57.1423721313, 28.972984314, 22.8919448853, 52.7355575562, 63.5685424805, 47.5997505188, 37.2220802307, -8.20418739319], [15.6696214676, 172.142929077, 61.9323310852, 383.743164062, 109.764030457, 80.3856124878, 51.3372497559, 52.3732032776, 8.63366794586, 34.0055007935, 31.6315574646, 30.6942958832, -2.4554297924], [-143.651748657, 75.8387069702, 56.2572250366, 109.764030457, 264.237762451, 119.645927429, 93.9771881104, 59.6403312683, 59.4828262329, 17.8460083008, 36.0817184448, 23.7485408783, 33.4994392395], [13.4845523834, 181.804962158, 57.1423721313, 80.3856124878, 119.645927429, 259.255889893, 131.119293213, 124.926269531, 60.5455551147, 73.5184326172, 41.8760223389, 74.4742126465, 32.0529670715], [86.8665542603, 11.4697628021, 28.972984314, 51.3372497559, 93.9771881104, 131.119293213, 224.010803223, 118.151870728, 79.6835784912, 58.0309143066, 45.15467453, 44.9628448486, 34.3778305054], [142.654602051, -49.1475105286, 22.8919448853, 52.3732032776, 59.6403312683, 124.926269531, 118.151870728, 185.476074219, 98.9222106934, 81.2513504028, 42.9049949646, 60.5789413452, 29.377368927], [-83.3202438354, -159.409240723, 52.7355575562, 8.63366794586, 59.4828262329, 60.5455551147, 79.6835784912, 98.9222106934, 129.117263794, 73.4118270874, 41.78358078, 35.1255950928, 29.3630256653], [21.5167064667, -97.9041290283, 63.5685424805, 34.0055007935, 17.8460083008, 73.5184326172, 58.0309143066, 81.2513504028, 73.4118270874, 106.702880859, 52.2173576355, 50.9972610474, 25.7650947571], [-188.831939697, -22.3723430634, 47.5997505188, 31.6315574646, 36.0817184448, 41.8760223389, 45.15467453, 42.9049949646, 41.78358078, 52.2173576355, 71.4898605347, 47.3319854736, 28.226896286], [-35.8852462769, -32.4275093079, 37.2220802307, 30.6942958832, 23.7485408783, 74.4742126465, 44.9628448486, 60.5789413452, 35.1255950928, 50.9972610474, 47.3319854736, 89.1818313599, 42.9762229919], [-4.37184619904, -66.7823791504, -8.20418739319, -2.4554297924, 33.4994392395, 32.0529670715, 34.3778305054, 29.377368927, 29.3630256653, 25.7650947571, 28.226896286, 42.9762229919, 66.2011489868]],
