{
"lowlevel": {
    "average_loudness": 0.89641970396,
    "barkbands_crest": {
        "dmean": 2.26333332062,
        "dmean2": 3.59821605682,
        "dvar": 4.19312572479,
        "dvar2": 11.0673398972,
        "max": 26.2346172333,
        "mean": 12.2195129395,
        "median": 11.5309047699,
        "min": 2.95843029022,
        "var": 18.025346756
    },
    "barkbands_flatness_db": {
        "dmean": 0.0227362178266,
        "dmean2": 0.0344910733402,
        "dvar": 0.000563520239666,
        "dvar2": 0.00121037580539,
        "max": 0.561512231827,
        "mean": 0.2010024786,
        "median": 0.181683972478,
        "min": 0.0378290303051,
        "var": 0.00670301169157
    },
    "barkbands_kurtosis": {
        "dmean": 5.90339136124,
        "dmean2": 9.23036766052,
        "dvar": 433.962371826,
        "dvar2": 1105.75915527,
        "max": 2179.62768555,
        "mean": 15.515625,
        "median": 9.92431735992,
        "min": -1.9568798542,
        "var": 779.15814209
    },
    "barkbands_skewness": {
        "dmean": 0.613231301308,
        "dmean2": 0.942254662514,
        "dvar": 0.45403984189,
        "dvar2": 1.10680484772,
        "max": 37.479434967,
        "mean": 2.71895265579,
        "median": 2.47669935226,
        "min": -2.30480051041,
        "var": 2.28471446037
    },
    "barkbands_spread": {
        "dmean": 4.36378479004,
        "dmean2": 6.82039499283,
        "dvar": 69.7437515259,
        "dvar2": 145.909194946,
        "max": 120.649414062,
        "mean": 11.3317117691,
        "median": 7.85791397095,
        "min": 0.137987077236,
        "var": 186.641372681
    },
    "dissonance": {
        "dmean": 0.0248422063887,
        "dmean2": 0.0406327731907,
        "dvar": 0.000484538439196,
        "dvar2": 0.00123842037283,
        "max": 0.500000119209,
        "mean": 0.437423676252,
        "median": 0.44433683157,
        "min": 0.190951988101,
        "var": 0.0015754570486
    },
    "dynamic_complexity": 3.51873111725,
    "erbbands_crest": {
        "dmean": 2.7890188694,
        "dmean2": 4.27916812897,
        "dvar": 6.87862682343,
        "dvar2": 16.2887897491,
        "max": 30.0133018494,
        "mean": 10.6832132339,
        "median": 9.60237026215,
        "min": 2.5121986866,
        "var": 24.5963001251
    },
    "erbbands_flatness_db": {
        "dmean": 0.0176866389811,
        "dmean2": 0.0258632581681,
        "dvar": 0.000327783200191,
        "dvar2": 0.000681202101987,
        "max": 0.384683549404,
        "mean": 0.162102371454,
        "median": 0.157082393765,
        "min": 0.044597260654,
        "var": 0.00237720622681
    },
    "erbbands_kurtosis": {
        "dmean": 1.6231045723,
        "dmean2": 2.4875190258,
        "dvar": 4.16348028183,
        "dvar2": 9.55579280853,
        "max": 60.154914856,
        "mean": 2.42532062531,
        "median": 1.53886651993,
        "min": -1.88078296185,
        "var": 13.462928772
    },
    "erbbands_skewness": {
        "dmean": 0.420197308064,
        "dmean2": 0.638960599899,
        "dvar": 0.182739958167,
        "dvar2": 0.408693015575,
        "max": 6.74655628204,
        "mean": 1.1756721735,
        "median": 1.17365753651,
        "min": -5.38988351822,
        "var": 0.762439787388
    },
    "erbbands_spread": {
        "dmean": 10.1317329407,
        "dmean2": 15.3714981079,
        "dvar": 193.131469727,
        "dvar2": 412.451904297,
        "max": 179.334594727,
        "mean": 36.4732933044,
        "median": 29.4253616333,
        "min": 2.45867872238,
        "var": 617.600585938
    },
    "hfc": {
        "dmean": 4.99604654312,
        "dmean2": 7.51407432556,
        "dvar": 135.397857666,
        "dvar2": 297.001525879,
        "max": 660.070556641,
        "mean": 13.6391744614,
        "median": 8.47176742554,
        "min": 1.18440961122e-16,
        "var": 319.300170898
    },
    "melbands_crest": {
        "dmean": 2.75388455391,
        "dmean2": 4.44119358063,
        "dvar": 6.09676408768,
        "dvar2": 16.1198711395,
        "max": 39.2689094543,
        "mean": 16.3311042786,
        "median": 15.8347034454,
        "min": 2.2335486412,
        "var": 27.4084339142
    },
    "melbands_flatness_db": {
        "dmean": 0.0271714255214,
        "dmean2": 0.0411860458553,
        "dvar": 0.000897127960343,
        "dvar2": 0.00193856179249,
        "max": 0.718147397041,
        "mean": 0.301821738482,
        "median": 0.281936496496,
        "min": 0.00567691773176,
        "var": 0.00931091420352
    },
    "melbands_kurtosis": {
        "dmean": 11.7803888321,
        "dmean2": 18.1741275787,
        "dvar": 3147.46606445,
        "dvar2": 7484.11865234,
        "max": 6726.69433594,
        "mean": 29.8744812012,
        "median": 19.1836395264,
        "min": -1.83715355396,
        "var": 5520.43359375
    },
    "melbands_skewness": {
        "dmean": 0.823448240757,
        "dmean2": 1.23841190338,
        "dvar": 0.897404670715,
        "dvar2": 2.09102869034,
        "max": 70.5772628784,
        "mean": 3.50996994972,
        "median": 3.18689537048,
        "min": -1.07225561142,
        "var": 4.20496940613
    },
    "melbands_spread": {
        "dmean": 3.19815373421,
        "dmean2": 5.05797958374,
        "dvar": 48.9514808655,
        "dvar2": 106.542053223,
        "max": 212.463348389,
        "mean": 9.00998783112,
        "median": 6.75064468384,
        "min": 0.101644031703,
        "var": 111.982872009
    },
    "pitch_salience": {
        "dmean": 0.0679305568337,
        "dmean2": 0.108281202614,
        "dvar": 0.0035911211744,
        "dvar2": 0.00969588570297,
        "max": 0.923575460911,
        "mean": 0.520535051823,
        "median": 0.529095411301,
        "min": 0.0713622048497,
        "var": 0.0155340814963
    },
    "silence_rate_20dB": {
        "dmean": 0,
        "dmean2": 0,
        "dvar": 0,
        "dvar2": 0,
        "max": 1,
        "mean": 1,
        "median": 1,
        "min": 1,
        "var": 0
    },
    "silence_rate_30dB": {
        "dmean": 0.0062321475707,
        "dmean2": 0.0124651044607,
        "dvar": 0.00619277916849,
        "dvar2": 0.0151643278077,
        "max": 1,
        "mean": 0.993833184242,
        "median": 1,
        "min": 0,
        "var": 0.00612889090553
    },
    "silence_rate_60dB": {
        "dmean": 0.00817969348282,
        "dmean2": 0.0163604486734,
        "dvar": 0.00811436027288,
        "dvar2": 0.0180447977036,
        "max": 1,
        "mean": 0.0287568978965,
        "median": 0,
        "min": 0,
        "var": 0.0279271770269
    },
    "spectral_centroid": {
        "dmean": 163.218338013,
        "dmean2": 259.525146484,
        "dvar": 88286.7265625,
        "dvar2": 194318,
        "max": 11432.7294922,
        "mean": 619.64251709,
        "median": 511.660125732,
        "min": 112.664588928,
        "var": 219500.078125
    },
    "spectral_complexity": {
        "dmean": 2.28953528404,
        "dmean2": 3.70771932602,
        "dvar": 9.67210960388,
        "dvar2": 22.7551822662,
        "max": 46,
        "mean": 10.9974031448,
        "median": 10,
        "min": 0,
        "var": 36.0111885071
    },
    "spectral_decrease": {
        "dmean": 2.12316253467e-09,
        "dmean2": 3.33861160939e-09,
        "dvar": 6.72649294776e-18,
        "dvar2": 1.73240257261e-17,
        "max": -9.01586547831e-29,
        "mean": -8.51248938005e-09,
        "median": -7.47201767126e-09,
        "min": -4.03267925719e-08,
        "var": 3.27803801995e-17
    },
    "spectral_energy": {
        "dmean": 0.00825282745063,
        "dmean2": 0.0129627725109,
        "dvar": 0.000100938952528,
        "dvar2": 0.000258524174569,
        "max": 0.158694580197,
        "mean": 0.0333652049303,
        "median": 0.029244845733,
        "min": 1.10832306611e-20,
        "var": 0.000500597874634
    },
    "spectral_energyband_high": {
        "dmean": 0.000382296333555,
        "dmean2": 0.00059912877623,
        "dvar": 1.40382678637e-06,
        "dvar2": 3.0917415188e-06,
        "max": 0.0547064244747,
        "mean": 0.000522019632626,
        "median": 0.000112755209557,
        "min": 7.76869452058e-21,
        "var": 2.65276548816e-06
    },
    "spectral_energyband_low": {
        "dmean": 0.00540697481483,
        "dmean2": 0.00897824764252,
        "dvar": 5.41003901162e-05,
        "dvar2": 0.000158095819643,
        "max": 0.110576145351,
        "mean": 0.0157274603844,
        "median": 0.0138834593818,
        "min": 1.17262229808e-22,
        "var": 0.000145865400555
    },
    "spectral_energyband_middle_high": {
        "dmean": 0.000666916545015,
        "dmean2": 0.00101180700585,
        "dvar": 1.91796971194e-06,
        "dvar2": 4.69576980322e-06,
        "max": 0.0265765916556,
        "mean": 0.00163300009444,
        "median": 0.00082588364603,
        "min": 1.7996578423e-21,
        "var": 5.02856391904e-06
    },
    "spectral_energyband_middle_low": {
        "dmean": 0.00534254033118,
        "dmean2": 0.00797451566905,
        "dvar": 5.78097424295e-05,
        "dvar2": 0.000125018181279,
        "max": 0.132202088833,
        "mean": 0.0164250675589,
        "median": 0.0109121184796,
        "min": 4.43121017652e-22,
        "var": 0.000265141716227
    },
    "spectral_entropy": {
        "dmean": 0.221568658948,
        "dmean2": 0.330237954855,
        "dvar": 0.0605594329536,
        "dvar2": 0.129219189286,
        "max": 9.80886173248,
        "mean": 7.07370901108,
        "median": 7.12596178055,
        "min": 4.23365163803,
        "var": 0.41160133481
    },
    "spectral_flux": {
        "dmean": 0.0188416037709,
        "dmean2": 0.0304247140884,
        "dvar": 0.000394484290155,
        "dvar2": 0.000951575464569,
        "max": 0.277408450842,
        "mean": 0.0706355720758,
        "median": 0.0665894970298,
        "min": 1.05276926066e-10,
        "var": 0.00170732289553
    },
    "spectral_kurtosis": {
        "dmean": 3.16774225235,
        "dmean2": 5.17795610428,
        "dvar": 25.005487442,
        "dvar2": 68.1419906616,
        "max": 162.798873901,
        "mean": 9.17432880402,
        "median": 5.78872108459,
        "min": -1.43847334385,
        "var": 152.80241394
    },
    "spectral_rms": {
        "dmean": 0.000670703360811,
        "dmean2": 0.00103968125768,
        "dvar": 4.76766871316e-07,
        "dvar2": 1.22571123029e-06,
        "max": 0.0124428281561,
        "mean": 0.00536028807983,
        "median": 0.00534149399027,
        "min": 3.28829866982e-12,
        "var": 3.81858853871e-06
    },
    "spectral_rolloff": {
        "dmean": 275.245239258,
        "dmean2": 479.883666992,
        "dvar": 1027222.4375,
        "dvar2": 2312676,
        "max": 18798.4863281,
        "mean": 651.90222168,
        "median": 387.59765625,
        "min": 21.533203125,
        "var": 1880211.125
    },
    "spectral_skewness": {
        "dmean": 0.358836203814,
        "dmean2": 0.560412883759,
        "dvar": 0.151407003403,
        "dvar2": 0.368889093399,
        "max": 10.6093492508,
        "mean": 2.2042388916,
        "median": 2.02547287941,
        "min": -0.129632204771,
        "var": 1.18225681782
    },
    "spectral_spread": {
        "dmean": 656990.9375,
        "dmean2": 962339.625,
        "dvar": 919588962304,
        "dvar2": 1.58074968474e+12,
        "max": 38827396,
        "mean": 4594666,
        "median": 4303705,
        "min": 600391.5,
        "var": 5.03064140186e+12
    },
    "spectral_strongpeak": {
        "dmean": 0.3453604877,
        "dmean2": 0.576920926571,
        "dvar": 0.339981257915,
        "dvar2": 0.83137524128,
        "max": 17.6878890991,
        "mean": 0.739185392857,
        "median": 0.479288190603,
        "min": 0,
        "var": 0.626381993294
    },
    "zerocrossingrate": {
        "dmean": 0.00817607995123,
        "dmean2": 0.00955643411726,
        "dvar": 0.000187430821825,
        "dvar2": 0.000209696372622,
        "max": 0.4970703125,
        "mean": 0.0331467688084,
        "median": 0.02587890625,
        "min": 0.00146484375,
        "var": 0.0013066373067
    },
    "barkbands": {
        "dmean": [0.000430306536146, 0.00356260151602, 0.00232304213569, 0.00130624277517, 0.00259554781951, 0.00179982429836, 0.00133595825173, 0.000962488935329, 0.000517866632435, 0.000261003297055, 0.000160479030455, 0.000100061144622, 0.000113513182441, 0.000135703230626, 0.000121767610835, 5.8346791775e-05, 4.73877698823e-05, 5.09739911649e-05, 3.65912783309e-05, 4.76259010611e-05, 6.35725227767e-05, 7.82378992881e-05, 8.99086953723e-05, 7.57027737563e-05, 5.91412681388e-05, 5.09606252308e-05, 3.87730233342e-06],
        "dmean2": [0.00074786687037, 0.00588970491663, 0.00384774361737, 0.00210426584817, 0.00410073203966, 0.0026791729033, 0.00199842150323, 0.00139837467577, 0.000756413151976, 0.000367734173778, 0.000241530127823, 0.000157015878358, 0.000192055027583, 0.000224988747505, 0.000202067923965, 9.40312020248e-05, 7.72876664996e-05, 8.32831283333e-05, 6.17245605099e-05, 7.75877269916e-05, 0.000105687482574, 0.000131582535687, 0.000146691250848, 0.000116947514471, 9.04693224584e-05, 7.8983437561e-05, 6.25946586297e-06],
        "dvar": [9.73283590611e-07, 2.6758043532e-05, 1.25290334836e-05, 4.57624264527e-06, 1.66191730386e-05, 1.41696664286e-05, 8.76494596014e-06, 5.43405076314e-06, 1.50339747051e-06, 4.40462883944e-07, 1.46303719362e-07, 9.24826011328e-08, 1.13391607215e-07, 1.10411043863e-07, 1.24026072967e-07, 2.37793109648e-08, 1.31342794418e-08, 1.54545123365e-08, 1.49197774135e-08, 4.90347176196e-08, 3.96967969607e-08, 1.0195679323e-07, 1.07548352446e-07, 8.86115287813e-08, 1.28383973674e-07, 2.91413954301e-07, 3.19565901519e-10],
        "dvar2": [3.2242890029e-06, 7.65333024901e-05, 3.58267861884e-05, 1.24282687466e-05, 4.20421893068e-05, 3.20858125633e-05, 1.88048798009e-05, 1.04226601252e-05, 2.90862590191e-06, 6.90356841915e-07, 2.95260690564e-07, 1.87274650898e-07, 3.04333781287e-07, 2.87627415219e-07, 3.28192442112e-07, 5.84219712607e-08, 3.11881755977e-08, 3.78495883524e-08, 3.9527694895e-08, 1.15199568995e-07, 1.0012780649e-07, 2.67315300562e-07, 2.56247005836e-07, 1.87816269204e-07, 2.72272615121e-07, 7.29598241378e-07, 8.60141569081e-10],
        "max": [0.0114933159202, 0.0702563151717, 0.0534162819386, 0.0296874754131, 0.0603192001581, 0.107466496527, 0.0772937163711, 0.0475862920284, 0.0459324121475, 0.0259696803987, 0.0157360732555, 0.0147995632142, 0.00506128137931, 0.00533910328522, 0.00771601684391, 0.00459928484634, 0.00450107827783, 0.00426887441427, 0.00529390759766, 0.0165649224073, 0.00681811571121, 0.0126265129074, 0.0147071955726, 0.0104018170387, 0.0208160672337, 0.0395395718515, 0.00116414926015],
        "mean": [0.000558928761166, 0.00874503236264, 0.00558424647897, 0.00210533873178, 0.00526305520907, 0.00377407134511, 0.00243054586463, 0.00166051881388, 0.000958505144808, 0.000519476423506, 0.000274500198429, 0.000154998939252, 0.000132662855322, 0.000179258640856, 0.000166756930412, 9.33458650252e-05, 8.07079850347e-05, 7.37769296393e-05, 5.03559676872e-05, 6.31843577139e-05, 6.7905857577e-05, 8.1704238255e-05, 0.000103619568108, 0.00010254800145, 7.57576781325e-05, 5.8694913605e-05, 5.70361817154e-06],
        "median": [0.000165565186762, 0.00531945470721, 0.00308377249166, 0.00116475240793, 0.00268143927678, 0.0014123825822, 0.000579606450628, 0.000227098978939, 0.000294330471661, 0.000115026166895, 7.84677104093e-05, 4.89845260745e-05, 4.23667115683e-05, 5.72572462261e-05, 5.36351290066e-05, 3.51893249899e-05, 3.34647556883e-05, 2.94356341328e-05, 2.27847413043e-05, 2.02030678338e-05, 1.74292490556e-05, 1.12710204121e-05, 1.65319324879e-05, 1.23867994262e-05, 5.3239286899e-06, 3.62429886991e-06, 4.83558608266e-07],
        "min": [2.42270780249e-23, 5.99022979884e-23, 3.90918790959e-23, 1.06014297217e-24, 1.98473096573e-23, 1.78441346503e-23, 5.73897823161e-23, 7.07691472586e-23, 1.87328186456e-22, 1.56978599595e-22, 9.80244808606e-23, 1.42556909583e-22, 6.51563135655e-23, 5.22282717241e-23, 7.72957658698e-23, 2.35943121824e-22, 1.77040884893e-22, 3.04915161899e-22, 3.84092159079e-22, 2.54158690054e-22, 3.3526909065e-22, 7.93473860872e-22, 4.94641132097e-22, 8.71646417239e-22, 1.18238097448e-21, 2.06754743265e-21, 2.24636404975e-21],
        "var": [1.05789308691e-06, 8.06942261988e-05, 4.23100791522e-05, 6.84056658429e-06, 4.59987713839e-05, 4.69335136586e-05, 2.37779622694e-05, 1.54716308316e-05, 5.18274782735e-06, 1.84297243777e-06, 4.5167385565e-07, 1.86987136885e-07, 1.05167764275e-07, 1.31083453425e-07, 1.37237947229e-07, 3.9456125478e-08, 2.46706406415e-08, 2.0831587122e-08, 1.48962993052e-08, 6.62403394358e-08, 3.87426162263e-08, 1.04336287166e-07, 1.49806979266e-07, 1.81717240366e-07, 2.23097359253e-07, 2.87956197553e-07, 3.88430232423e-10]
    },
    "erbbands": {
        "dmean": [0.0981962904334, 0.876929342747, 2.69613289833, 3.13891196251, 5.09704017639, 10.6841478348, 15.3446788788, 12.5627269745, 11.9478654861, 29.8960151672, 15.8897275925, 10.9680948257, 10.5616064072, 6.6910777092, 5.84984064102, 4.30415678024, 4.49364995956, 6.91762018204, 6.57407236099, 4.98162937164, 2.79291033745, 2.49467420578, 2.78984642029, 2.12956643105, 2.06842207909, 2.15393590927, 2.24807858467, 2.70672559738, 2.92346787453, 2.39799118042, 2.66125154495, 1.89729440212, 1.15019440651, 0.611198365688, 0.471790224314, 0.325119376183, 0.0661090612411, 0.00955446437001, 0.000564262096304, 2.04359275813e-05],
        "dmean2": [0.17219017446, 1.43362188339, 4.45971822739, 5.18860721588, 8.32707214355, 16.8113803864, 23.7695274353, 18.2567005157, 18.1334877014, 44.3207092285, 22.1658687592, 15.8593444824, 14.8859901428, 9.59013366699, 8.81282520294, 6.71294927597, 7.65295219421, 11.2707490921, 10.7896547318, 8.31491565704, 4.4417142868, 4.09004926682, 4.56406879425, 3.56394004822, 3.37505292892, 3.52826428413, 3.84507513046, 4.45640277863, 4.8903002739, 3.99644565582, 4.34584093094, 3.02432632446, 1.78772366047, 0.951392292976, 0.730711758137, 0.509398698807, 0.102551832795, 0.015072921291, 0.00091855134815, 3.22046835208e-05],
        "dvar": [0.0317384079099, 1.59992933273, 14.4002084732, 28.1811618805, 66.6074676514, 316.307220459, 1574.75048828, 517.21295166, 853.883850098, 5657.22802734, 2173.48510742, 793.604125977, 722.415222168, 269.276947021, 178.643798828, 195.314819336, 163.229873657, 250.358703613, 342.087768555, 240.742446899, 58.882434845, 37.5600166321, 42.4743995667, 45.2891349792, 63.2893066406, 80.8142623901, 50.4316864014, 86.3614425659, 145.09777832, 78.5798797607, 127.851745605, 47.7060089111, 26.6985569, 10.5640439987, 13.3343248367, 14.8460302353, 0.385391920805, 0.00317769125104, 7.71360646468e-06, 4.30477431479e-09],
        "dvar2": [0.105469375849, 4.3683757782, 41.3750762939, 78.7444610596, 182.281600952, 800.565368652, 3493.76635742, 1168.87414551, 1979.94104004, 11782.3613281, 3643.03759766, 1600.10852051, 1145.86633301, 482.816650391, 380.687164307, 371.994934082, 451.875854492, 634.523681641, 866.171569824, 659.752319336, 146.638336182, 92.2771911621, 103.840103149, 121.099784851, 149.921585083, 187.430862427, 134.337677002, 208.933670044, 376.443878174, 203.770858765, 301.292480469, 105.043113708, 60.6210861206, 24.3487205505, 28.3153858185, 38.411277771, 0.916918158531, 0.00768095673993, 1.9442060875e-05, 1.05136903628e-08],
        "max": [2.46118855476, 17.6300849915, 58.9597167969, 65.7268447876, 184.012145996, 289.265289307, 847.109130859, 907.957275391, 803.843139648, 2202.10229492, 1319.12573242, 1329.15795898, 1029.62255859, 629.339660645, 504.362884521, 749.845153809, 237.627853394, 260.757263184, 530.264526367, 289.320556641, 306.640441895, 240.062301636, 267.268798828, 301.256347656, 611.98223877, 540.197814941, 226.639984131, 434.915985107, 524.178100586, 385.949066162, 576.267211914, 330.101196289, 209.47428894, 116.58190155, 219.53187561, 308.063781738, 29.3748188019, 3.29246687889, 0.105354204774, 0.00235087610781],
        "mean": [0.164044111967, 2.26111388206, 7.05335140228, 6.06569862366, 9.81564331055, 20.4182243347, 31.5403347015, 26.7416000366, 23.8551063538, 52.1519432068, 31.6345272064, 21.7465858459, 20.8973731995, 13.4926376343, 10.5332679749, 6.93761491776, 5.92133331299, 9.78395748138, 9.0954208374, 7.13687229156, 4.8719367981, 4.35604190826, 4.29875802994, 3.01683497429, 2.87142801285, 2.910115242, 2.52541160583, 2.87751078606, 2.94051933289, 2.69056200981, 3.08590650558, 2.39842867851, 1.55457448959, 0.779157876968, 0.601448774338, 0.363224923611, 0.0781267434359, 0.012344121933, 0.000985265127383, 5.68777650187e-05],
        "median": [0.119024343789, 1.3902349472, 5.29568624496, 4.39900827408, 5.47823381424, 10.5331344604, 8.24262237549, 12.6800765991, 9.3989906311, 9.19765758514, 6.21558094025, 6.97584915161, 5.40257072449, 4.09085178375, 3.72236633301, 2.23323583603, 2.24702358246, 3.09922456741, 2.87154078484, 2.69389867783, 1.98456680775, 1.92048668861, 1.78998196125, 1.47490787506, 1.09179627895, 0.966407835484, 0.808605492115, 0.582350194454, 0.413804143667, 0.383996963501, 0.470570832491, 0.303090572357, 0.186038464308, 0.0722491517663, 0.0326882638037, 0.0171917174011, 0.00651046587154, 0.00192523049191, 7.74801519583e-05, 3.98249212594e-05],
        "min": [1.49999076375e-21, 1.43706927924e-20, 5.07560447243e-20, 1.54224400166e-20, 1.15384425309e-20, 9.60660421555e-20, 1.07553325504e-19, 1.58765427858e-19, 3.74460449852e-19, 1.66866824438e-18, 2.41768390796e-18, 4.47855932279e-18, 5.40021843696e-18, 3.56304822853e-18, 3.66816179128e-18, 6.00571464535e-18, 3.35519676575e-18, 2.74622763956e-18, 3.16324040562e-18, 9.03123402847e-18, 1.14755883073e-17, 9.88195206535e-18, 1.29222593699e-17, 2.48152198532e-17, 1.44486830512e-17, 1.2871080051e-17, 1.27322195872e-17, 1.50456725341e-17, 2.97002805445e-17, 2.08911991044e-17, 1.46569042637e-17, 1.5463767666e-17, 1.5382584852e-17, 1.27799843045e-17, 8.23724982826e-18, 7.87151357478e-18, 4.20234965419e-18, 1.06528992855e-18, 2.5636118546e-19, 3.85885604181e-20],
        "var": [0.036831792444, 5.45064353943, 46.380607605, 36.0088920593, 156.212921143, 757.797180176, 5617.37158203, 1772.37304688, 1932.1027832, 15307.3632812, 7843.52685547, 2969.54052734, 2717.59643555, 992.243041992, 489.60345459, 423.356781006, 148.939697266, 367.294250488, 415.605712891, 240.17616272, 104.908226013, 60.3549003601, 62.5316009521, 44.4451675415, 84.0151443481, 113.748641968, 46.1284484863, 102.423118591, 142.560623169, 94.9793167114, 173.026092529, 89.742477417, 45.1697807312, 16.7723293304, 21.4117927551, 13.6575069427, 0.425535678864, 0.00344724813476, 1.77964284376e-05, 6.98288804557e-09]
    },
    "gfcc": {
        "mean": [-39.4713897705, 123.562469482, -75.4820556641, 29.7480716705, -51.9459114075, 10.694314003, -34.5916900635, 5.50604200363, -16.0171604156, 1.76040875912, -13.1415529251, -1.76205790043, -11.4999055862],
        "cov": [[10333.2138672, -2169.77368164, -813.148376465, -41.746509552, -1186.96362305, 84.7149200439, -698.221679688, 366.665618896, -188.024536133, 202.302825928, -299.562316895, 321.9112854, -171.246109009], [-2169.77368164, 1751.27636719, 0.991917431355, -238.65953064, 513.603820801, -154.889480591, 316.176025391, -154.527755737, 130.432296753, -126.848739624, 205.452987671, -164.520690918, 106.204994202], [-813.148376465, 0.991917431355, 570.27166748, -6.28969764709, 53.5495109558, 70.8504943848, -0.0828099027276, -17.6366462708, -13.9170894623, 7.20354557037, -8.42757511139, -13.3765392303, -29.9594211578], [-41.746509552, -238.65953064, -6.28969764709, 394.327392578, -30.1919403076, 38.3476371765, 2.04823637009, -30.0490474701, 16.9884757996, 6.86849212646, -33.8564796448, 21.0042648315, -5.09095048904], [-1186.96362305, 513.603820801, 53.5495109558, -30.1919403076, 417.233184814, -35.9182624817, 169.69203186, -59.4024200439, 66.0389099121, -43.9614601135, 70.1717758179, -36.7625045776, 43.0081138611], [84.7149200439, -154.889480591, 70.8504943848, 38.3476371765, -35.9182624817, 163.419250488, 12.5334243774, 25.6654090881, -16.1298065186, 17.464225769, -9.34860610962, 3.75443863869, -15.3157625198], [-698.221679688, 316.176025391, -0.0828099027276, 2.04823637009, 169.69203186, 12.5334243774, 225.996658325, -40.8554763794, 45.6553192139, -22.9105510712, 48.6070022583, -26.5609455109, 19.3246631622], [366.665618896, -154.527755737, -17.6366462708, -30.0490474701, -59.4024200439, 25.6654090881, -40.8554763794, 123.764526367, 6.42479324341, 27.3907413483, -4.71609592438, 10.5840463638, -2.91173171997], [-188.024536133, 130.432296753, -13.9170894623, 16.9884757996, 66.0389099121, -16.1298065186, 45.6553192139, 6.42479324341, 113.063514709, 12.0606975555, 24.2265224457, -4.49796772003, 14.5872802734], [202.302825928, -126.848739624, 7.20354557037, 6.86849212646, -43.9614601135, 17.464225769, -22.9105510712, 27.3907413483, 12.0606975555, 89.1346054077, 6.74479532242, 17.0483016968, -13.5326976776], [-299.562316895, 205.452987671, -8.42757511139, -33.8564796448, 70.1717758179, -9.34860610962, 48.6070022583, -4.71609592438, 24.2265224457, 6.74479532242, 91.639465332, -10.2116804123, 17.6136741638], [321.9112854, -164.520690918, -13.3765392303, 21.0042648315, -36.7625045776, 3.75443863869, -26.5609455109, 10.5840463638, -4.49796772003, 17.0483016968, -10.2116804123, 92.0694732666, 7.34242486954], [-171.246109009, 106.204994202, -29.9594211578, -5.09095048904, 43.0081138611, -15.3157625198, 19.3246631622, -2.91173171997, 14.5872802734, -13.5326976776, 17.6136741638, 7.34242486954, 62.3151359558]],
        "icov": [[0.000209628415178, 3.39795915352e-05, 0.00028951006243, 0.000109390573925, 0.000283080298686, -9.10656890483e-05, 0.000225754411076, -0.000214065206819, -3.29496069753e-05, -5.01004142279e-05, 0.000213287188672, -0.000445832323749, 0.000357596232789], [3.39795915352e-05, 0.00196119840257, -3.72212962247e-05, 0.000856678932905, -0.000704041158315, 0.000834275211673, -0.000777503126301, 0.00126260635443, -0.000971116241999, 0.00125288299751, -0.0022203871049, 0.00208015320823, -0.00132406002376], [0.00028951006243, -3.72212962247e-05, 0.00241358671337, 0.000253775389865, -0.000183641823241, -0.00117857230362, 0.000789892568719, 9.52865375439e-05, 9.55981668085e-05, -0.000342529499903, 0.000612303090747, -0.000572710996494, 0.0014343688963], [0.000109390573925, 0.000856678932905, 0.000253775389865, 0.00331529602408, 2.16554926737e-05, -0.000558619853109, -0.000281475950032, 0.00160976604093, -0.00137345970143, 0.000315302342642, 0.000288092793198, 0.000137519877171, -0.000463972100988], [0.000283080298686, -0.000704041158315, -0.000183641823241, 2.16554926737e-05, 0.00503252493218, 0.000299633626128, -0.00169734074734, 2.99786170217e-05, -0.000947714783251, 0.000600414292421, -0.000235679617617, -0.000922823732253, -0.000452990789199], [-9.10656890483e-05, 0.000834275211673, -0.00117857230362, -0.000558619853109, 0.000299633626128, 0.00813182629645, -0.00231697177514, -0.00139916816261, 0.00110037473496, -0.000379346689442, -0.000855990569107, 0.00108007655945, -6.46912085358e-05], [0.000225754411076, -0.000777503126301, 0.000789892568719, -0.000281475950032, -0.00169734074734, -0.00231697177514, 0.0080152945593, 0.000773193023633, -0.00125947478227, 0.000282907363726, -0.000663107493892, -0.000632534909528, 0.00107297592331], [-0.000214065206819, 0.00126260635443, 9.52865375439e-05, 0.00160976604093, 2.99786170217e-05, -0.00139916816261, 0.000773193023633, 0.0113548235968, -0.00243032420985, -0.00103164557368, -0.00162061024457, 0.00169268460013, -0.00203311350197], [-3.29496069753e-05, -0.000971116241999, 9.55981668085e-05, -0.00137345970143, -0.000947714783251, 0.00110037473496, -0.00125947478227, -0.00243032420985, 0.0118574369699, -0.00307845603675, 0.000114993606985, -0.000581563974265, -0.000708354520611], [-5.01004142279e-05, 0.00125288299751, -0.000342529499903, 0.000315302342642, 0.000600414292421, -0.000379346689442, 0.000282907363726, -0.00103164557368, -0.00307845603675, 0.0151516664773, -0.00443380698562, -0.000884529086761, 0.00231303484179], [0.000213287188672, -0.0022203871049, 0.000612303090747, 0.000288092793198, -0.000235679617617, -0.000855990569107, -0.000663107493892, -0.00162061024457, 0.000114993606985, -0.00443380698562, 0.017365757376, -0.00192983995657, -0.000900433864444], [-0.000445832323749, 0.00208015320823, -0.000572710996494, 0.000137519877171, -0.000922823732253, 0.00108007655945, -0.000632534909528, 0.00169268460013, -0.000581563974265, -0.000884529086761, -0.00192983995657, 0.0155692435801, -0.00520187383518], [0.000357596232789, -0.00132406002376, 0.0014343688963, -0.000463972100988, -0.000452990789199, -6.46912085358e-05, 0.00107297592331, -0.00203311350197, -0.000708354520611, 0.00231303484179, -0.000900433864444, -0.00520187383518, 0.0213430505246]]
    },
    "melbands": {
        "dmean": [0.000904062879272, 0.00128975708503, 0.000570024887566, 0.000537032552529, 0.000524056260474, 0.000292124605039, 0.000202547453227, 0.000300908082863, 0.000119640775665, 6.8513021688e-05, 5.28704622411e-05, 2.79061023321e-05, 2.30717632803e-05, 1.11005538201e-05, 1.09210632218e-05, 1.19965970953e-05, 1.31327924464e-05, 1.12104653454e-05, 8.09631728771e-06, 5.44601107322e-06, 3.08618723466e-06, 2.66504389401e-06, 2.87746297545e-06, 2.59625267063e-06, 1.73026785433e-06, 1.44283285408e-06, 1.89123659311e-06, 1.32815716825e-06, 1.38866664656e-06, 1.45891601733e-06, 1.61841444424e-06, 1.7167567421e-06, 1.5365044419e-06, 1.27868349864e-06, 1.60528611559e-06, 1.50749883687e-06, 1.11202825792e-06, 9.07566175101e-07, 5.9155956933e-07, 5.27548763785e-07],
        "dmean2": [0.00153667561244, 0.00212224409916, 0.000925947795622, 0.000864501402248, 0.000809156976175, 0.000427458900958, 0.000305106310407, 0.000444926030468, 0.000167199643329, 9.96846865746e-05, 7.44861754356e-05, 4.01542820327e-05, 3.46482192981e-05, 1.74176548171e-05, 1.79140461114e-05, 2.02457431442e-05, 2.1395204385e-05, 1.83815136552e-05, 1.38222785608e-05, 8.86766429176e-06, 4.92957860843e-06, 4.38349252363e-06, 4.78026231576e-06, 4.24952668254e-06, 2.93926268569e-06, 2.41066982198e-06, 3.04362583847e-06, 2.21287632485e-06, 2.42211035584e-06, 2.43657223109e-06, 2.67605241788e-06, 2.88792421088e-06, 2.60629485638e-06, 2.13679027183e-06, 2.6247439564e-06, 2.49372192229e-06, 1.75975787897e-06, 1.43239253703e-06, 9.29900068058e-07, 8.33932574551e-07],
        "dvar": [2.0245011001e-06, 3.05663115796e-06, 7.80700020186e-07, 6.94406821822e-07, 1.37302811254e-06, 2.88160237005e-07, 2.0972051118e-07, 5.45704494925e-07, 1.33369454147e-07, 2.83451946359e-08, 1.80026322738e-08, 5.26447863081e-09, 3.1040394699e-09, 1.23884524861e-09, 7.73712482971e-10, 1.15304210624e-09, 8.7574614227e-10, 9.82850911768e-10, 8.5072726641e-10, 1.95475691189e-10, 8.42664341083e-11, 4.59929767882e-11, 3.94281725324e-11, 4.33944269407e-11, 3.46543765906e-11, 2.41318319494e-11, 1.18219795064e-10, 2.7527086513e-11, 2.01699039415e-11, 2.04788009467e-11, 4.33911205577e-11, 7.07648106779e-11, 3.57854475219e-11, 2.2061344071e-11, 6.97006619088e-11, 2.63951326074e-11, 2.05430117362e-11, 1.90767453917e-11, 7.71128473576e-12, 1.0702414649e-11],
        "dvar2": [6.27979170531e-06, 8.63640980242e-06, 2.1470318643e-06, 1.79937546818e-06, 3.0965732094e-06, 6.48994728181e-07, 4.80380606405e-07, 1.14469435175e-06, 2.28051661111e-07, 5.60736062027e-08, 2.86207555433e-08, 9.31546484395e-09, 6.20948759078e-09, 2.60616772607e-09, 1.8944605884e-09, 3.06706082753e-09, 2.20541673812e-09, 2.47164244627e-09, 2.39275288472e-09, 4.77800909948e-10, 2.04410266491e-10, 1.11495840338e-10, 9.96687246624e-11, 1.04961081493e-10, 9.42201802689e-11, 6.31537253049e-11, 2.77678352534e-10, 6.67424171485e-11, 5.45738523816e-11, 5.19138794453e-11, 1.04129746492e-10, 1.89519247518e-10, 9.29367624525e-11, 5.68363550668e-11, 1.72561298584e-10, 6.62097321413e-11, 4.54139781336e-11, 4.67139105176e-11, 1.70714969938e-11, 2.67418465844e-11],
        "max": [0.0212628152221, 0.0277438946068, 0.0120292697102, 0.0144740948454, 0.0232593230903, 0.019849287346, 0.0124198701233, 0.0204943399876, 0.0107289245352, 0.00725584290922, 0.00504852645099, 0.0028170265723, 0.00238782493398, 0.00169753713999, 0.000789247162174, 0.000584685360081, 0.00045861772378, 0.000938498706091, 0.000535765022505, 0.000319624494296, 0.000415652611991, 0.000264899630565, 0.000162611584528, 0.000286843307549, 0.000292328506475, 0.000202404713491, 0.000941554550081, 0.000291620381176, 0.000113635600428, 0.000167893143953, 0.000386266532587, 0.000471425446449, 0.000250169192441, 0.0001491439034, 0.000487342680572, 0.000159632661962, 0.000182952353498, 0.000192168314243, 8.87270798557e-05, 0.000141581025673],
        "mean": [0.0019883941859, 0.00357520557009, 0.00119047774933, 0.00108222197741, 0.00108468311373, 0.000619567756075, 0.000396524294047, 0.000520799716469, 0.000235111583606, 0.000130361673655, 0.000102134334156, 5.38225322089e-05, 4.00342141802e-05, 1.76847952389e-05, 1.50527976075e-05, 1.4700461179e-05, 1.80203333002e-05, 1.46585325638e-05, 1.04358105091e-05, 8.24976450531e-06, 5.09723668074e-06, 4.35591573478e-06, 4.4557664296e-06, 3.59929958904e-06, 2.27133864428e-06, 1.88568924386e-06, 2.4231851512e-06, 1.74565366251e-06, 1.53566077188e-06, 1.51542303684e-06, 1.72224167727e-06, 1.66162601545e-06, 1.55450140937e-06, 1.45398007589e-06, 1.81415828138e-06, 1.64737207342e-06, 1.41523094044e-06, 1.17566014524e-06, 7.75716330281e-07, 6.1160687892e-07],
        "median": [0.0013344460167, 0.00297394953668, 0.000891364237759, 0.000603455526289, 0.000366831169231, 0.000277418381302, 0.000138992065331, 8.84330438566e-05, 4.60020819446e-05, 4.11905857618e-05, 2.47021671385e-05, 1.44528839883e-05, 1.23520330817e-05, 5.7952915995e-06, 5.02351167597e-06, 4.58910653833e-06, 5.43386295249e-06, 4.35853280578e-06, 3.48596859112e-06, 2.96122857435e-06, 1.99691930902e-06, 1.88141564195e-06, 1.58293755703e-06, 1.44146872572e-06, 1.04985531379e-06, 7.57146779051e-07, 6.90484341703e-07, 5.93042955188e-07, 4.95451104143e-07, 3.97599251301e-07, 3.06533621597e-07, 2.3376082936e-07, 1.80894602408e-07, 2.14735479176e-07, 2.70472838793e-07, 2.20710830945e-07, 1.48272363276e-07, 1.32963393185e-07, 8.03936757166e-08, 4.47087629141e-08],
        "min": [1.66805269498e-23, 2.47187766048e-23, 2.77495569313e-24, 3.60025664736e-24, 4.55316196668e-24, 3.43386142776e-24, 7.49214176074e-24, 1.7889445243e-23, 2.54559765871e-23, 2.52183038404e-23, 2.6419262527e-23, 1.37288397898e-23, 1.18479595224e-23, 1.56566801581e-23, 1.25708842777e-23, 5.31540236623e-24, 5.17321373793e-24, 4.04938710957e-24, 9.03002372889e-24, 1.53186406384e-23, 1.30870304459e-23, 1.15712302723e-23, 7.05449593002e-24, 1.69274672344e-23, 2.1482441609e-23, 1.00295523054e-23, 9.90456439475e-24, 7.9201295674e-24, 8.11827564957e-24, 5.70432025883e-24, 9.4756260107e-24, 1.67648325147e-23, 1.62735078548e-23, 9.65005104545e-24, 7.32258242005e-24, 8.74729124729e-24, 1.01660749403e-23, 1.05160049604e-23, 1.07339120082e-23, 1.07580700846e-23],
        "var": [4.04945876653e-06, 9.18831210583e-06, 1.21593086533e-06, 1.92349125427e-06, 4.74872331324e-06, 9.81811922429e-07, 4.94227379022e-07, 1.42777423662e-06, 4.71042824302e-07, 1.00757624466e-07, 6.73355557979e-08, 1.91443554343e-08, 9.50225587104e-09, 2.36359132266e-09, 1.17816123524e-09, 1.20302023898e-09, 1.27844002051e-09, 1.17586651527e-09, 6.88002044225e-10, 3.00456187707e-10, 1.47945017348e-10, 6.90346668719e-11, 6.71629973859e-11, 5.66313974881e-11, 3.10486844568e-11, 2.5171618262e-11, 1.49383505565e-10, 3.52797825676e-11, 1.77601076207e-11, 1.92473242205e-11, 5.56915867589e-11, 6.1952873387e-11, 3.6860424435e-11, 2.80653850854e-11, 8.38302274819e-11, 3.35680754027e-11, 3.86892080873e-11, 2.78935034792e-11, 1.34135506522e-11, 1.32470198005e-11]
    },
    "mfcc": {
        "mean": [-693.192504883, 155.134811401, 32.7062721252, 26.9673023224, 10.4763336182, 7.48602104187, -2.61354994774, 3.52708315849, -1.38040733337, 6.69810390472, -1.46591484547, 1.93533754349, -3.04602122307],
        "cov": [[8148.49121094, -1786.72106934, -356.692810059, -293.817840576, -510.055541992, -387.638946533, -518.16619873, -83.4301986694, -143.650604248, 106.441375732, -200.178237915, -27.3087043762, -169.065353394], [-1786.72106934, 1608.28991699, -179.168060303, -33.1323471069, 136.891311646, -0.614505052567, 185.435577393, -6.93293571472, 31.6405200958, -9.02221870422, 43.7409591675, 39.6587982178, 61.3587417603], [-356.692810059, -179.168060303, 521.492614746, -37.3826599121, 34.1831741333, 44.1147689819, 3.20971941948, -2.70847773552, -13.8026666641, 3.15401339531, 26.652387619, -4.64508008957, -17.9966278076], [-293.817840576, -33.1323471069, -37.3826599121, 288.992034912, 24.7609386444, 81.3914260864, -11.5466022491, 21.3051166534, 24.9781303406, -28.8885307312, 1.55462491512, 3.29073095322, 29.4062042236], [-510.055541992, 136.891311646, 34.1831741333, 24.7609386444, 182.160400391, 20.6132526398, 30.0890388489, 10.3272418976, 20.750585556, -4.66318511963, 10.0808610916, 10.6589298248, 16.0793075562], [-387.638946533, -0.614505052567, 44.1147689819, 81.3914260864, 20.6132526398, 192.65512085, 47.3965110779, 37.4617881775, 16.2683029175, -16.5483322144, 34.5296134949, -10.1761846542, 19.8013496399], [-518.16619873, 185.435577393, 3.20971941948, -11.5466022491, 30.0890388489, 47.3965110779, 163.165893555, 21.1413078308, 9.09796142578, 3.96523785591, 25.2531776428, 1.31523036957, 9.6532535553], [-83.4301986694, -6.93293571472, -2.70847773552, 21.3051166534, 10.3272418976, 37.4617881775, 21.1413078308, 93.654548645, 25.1496925354, -4.74917078018, -2.53106665611, 2.62943387032, 17.0898971558], [-143.650604248, 31.6405200958, -13.8026666641, 24.9781303406, 20.750585556, 16.2683029175, 9.09796142578, 25.1496925354, 80.6541748047, 10.697804451, 8.0169801712, 3.46228885651, 10.5422182083], [106.441375732, -9.02221870422, 3.15401339531, -28.8885307312, -4.66318511963, -16.5483322144, 3.96523785591, -4.74917078018, 10.697804451, 86.1499023438, 13.7796087265, 13.925485611, -10.34379673], [-200.178237915, 43.7409591675, 26.652387619, 1.55462491512, 10.0808610916, 34.5296134949, 25.2531776428, -2.53106665611, 8.0169801712, 13.7796087265, 77.3854598999, 14.5333805084, 13.4239740372], [-27.3087043762, 39.6587982178, -4.64508008957, 3.29073095322, 10.6589298248, -10.1761846542, 1.31523036957, 2.62943387032, 3.46228885651, 13.925485611, 14.5333805084, 67.2386398315, 19.4997177124], [-169.065353394, 61.3587417603, -17.9966278076, 29.4062042236, 16.0793075562, 19.8013496399, 9.6532535553, 17.0898971558, 10.5422182083, -10.34379673, 13.4239740372, 19.4997177124, 70.53125]],
