{
"lowlevel": {
    "average_loudness": 0.943771243095,
    "barkbands_crest": {
        "dmean": 2.5673801899,
        "dmean2": 4.16531467438,
        "dvar": 6.49145936966,
        "dvar2": 16.1435585022,
        "max": 26.8625354767,
        "mean": 11.743262291,
        "median": 10.8833560944,
        "min": 2.36756420135,
        "var": 24.1350650787
    },
    "barkbands_flatness_db": {
        "dmean": 0.0330014191568,
        "dmean2": 0.0479748100042,
        "dvar": 0.00127825862728,
        "dvar2": 0.00286717433482,
        "max": 1,
        "mean": 0.202251896262,
        "median": 0.166070073843,
        "min": 0.0324309468269,
        "var": 0.0190585944802
    },
    "barkbands_kurtosis": {
        "dmean": 8.19235134125,
        "dmean2": 13.1854305267,
        "dvar": 1972.35192871,
        "dvar2": 4913.08886719,
        "max": 2008.42907715,
        "mean": 12.4123706818,
        "median": 1.16172170639,
        "min": -1.91751873493,
        "var": 4299.28369141
    },
    "barkbands_skewness": {
        "dmean": 0.745510101318,
        "dmean2": 1.1352994442,
        "dvar": 1.59542608261,
        "dvar2": 3.78586506844,
        "max": 39.6986999512,
        "mean": 1.84064185619,
        "median": 1.32050347328,
        "min": -3.32618808746,
        "var": 5.30894756317
    },
    "barkbands_spread": {
        "dmean": 6.56132507324,
        "dmean2": 9.84669589996,
        "dvar": 59.9177856445,
        "dvar2": 127.219367981,
        "max": 95.7287902832,
        "mean": 25.610616684,
        "median": 23.9412345886,
        "min": 0.00674305623397,
        "var": 272.506958008
    },
    "dissonance": {
        "dmean": 0.0148890437558,
        "dmean2": 0.0244489144534,
        "dvar": 0.000544983777218,
        "dvar2": 0.00138781860005,
        "max": 0.5,
        "mean": 0.464989185333,
        "median": 0.478029489517,
        "min": 0.0854795202613,
        "var": 0.00170376512688
    },
    "dynamic_complexity": 2.78195095062,
    "erbbands_crest": {
        "dmean": 2.38475441933,
        "dmean2": 3.74382019043,
        "dvar": 6.66485071182,
        "dvar2": 15.2993907928,
        "max": 33.2065811157,
        "mean": 10.8080673218,
        "median": 8.69560813904,
        "min": 2.82729244232,
        "var": 35.7792243958
    },
    "erbbands_flatness_db": {
        "dmean": 0.0240585766733,
        "dmean2": 0.0328452847898,
        "dvar": 0.000700248929206,
        "dvar2": 0.00140221021138,
        "max": 0.593935787678,
        "mean": 0.19619306922,
        "median": 0.179161071777,
        "min": 0.0452846884727,
        "var": 0.00665320875123
    },
    "erbbands_kurtosis": {
        "dmean": 1.94682073593,
        "dmean2": 3.04308891296,
        "dvar": 52.4722099304,
        "dvar2": 114.376747131,
        "max": 207.533493042,
        "mean": 2.81537628174,
        "median": -0.145021319389,
        "min": -1.86849761009,
        "var": 174.493011475
    },
    "erbbands_skewness": {
        "dmean": 0.434192597866,
        "dmean2": 0.652063727379,
        "dvar": 0.324973642826,
        "dvar2": 0.73716878891,
        "max": 9.83749103546,
        "mean": -0.0114311343059,
        "median": -0.157306700945,
        "min": -6.18301200867,
        "var": 1.85809516907
    },
    "erbbands_spread": {
        "dmean": 8.88387489319,
        "dmean2": 13.4033241272,
        "dvar": 109.057624817,
        "dvar2": 239.975341797,
        "max": 174.217636108,
        "mean": 40.1842842102,
        "median": 38.0052108765,
        "min": 0.419795721769,
        "var": 471.871612549
    },
    "hfc": {
        "dmean": 6.19209241867,
        "dmean2": 9.59809970856,
        "dvar": 89.7425613403,
        "dvar2": 221.834609985,
        "max": 118.535835266,
        "mean": 19.035364151,
        "median": 16.2970428467,
        "min": 1.2186035372e-16,
        "var": 228.543609619
    },
    "melbands_crest": {
        "dmean": 3.1664121151,
        "dmean2": 5.17127180099,
        "dvar": 9.97490215302,
        "dvar2": 26.0894889832,
        "max": 32.5556297302,
        "mean": 15.5969963074,
        "median": 14.7987308502,
        "min": 1.87153840065,
        "var": 25.3419361115
    },
    "melbands_flatness_db": {
        "dmean": 0.0372401960194,
        "dmean2": 0.0548235848546,
        "dvar": 0.00167376943864,
        "dvar2": 0.0037025923375,
        "max": 1,
        "mean": 0.26574420929,
        "median": 0.222463876009,
        "min": 0.00549057964236,
        "var": 0.0269932970405
    },
    "melbands_kurtosis": {
        "dmean": 11.8518199921,
        "dmean2": 18.5650024414,
        "dvar": 831.244750977,
        "dvar2": 1952.14941406,
        "max": 873.792358398,
        "mean": 20.9312839508,
        "median": 7.85092782974,
        "min": -1.81643688679,
        "var": 1997.51831055
    },
    "melbands_skewness": {
        "dmean": 0.910916805267,
        "dmean2": 1.39397788048,
        "dvar": 1.35116040707,
        "dvar2": 3.00319004059,
        "max": 23.7108211517,
        "mean": 3.1086204052,
        "median": 2.56332778931,
        "min": -1.57515156269,
        "var": 4.88168668747
    },
    "melbands_spread": {
        "dmean": 8.42196178436,
        "dmean2": 12.9589633942,
        "dvar": 130.07359314,
        "dvar2": 303.866455078,
        "max": 152.234710693,
        "mean": 25.5492706299,
        "median": 20.977098465,
        "min": 0.198428288102,
        "var": 457.010131836
    },
    "pitch_salience": {
        "dmean": 0.0710224211216,
        "dmean2": 0.119187794626,
        "dvar": 0.00566125055775,
        "dvar2": 0.0159149784595,
        "max": 0.94335436821,
        "mean": 0.464541763067,
        "median": 0.474745899439,
        "min": 0.0289022307843,
        "var": 0.0147885149345
    },
    "silence_rate_20dB": {
        "dmean": 0,
        "dmean2": 0,
        "dvar": 0,
        "dvar2": 0,
        "max": 1,
        "mean": 1,
        "median": 1,
        "min": 1,
        "var": 0
    },
    "silence_rate_30dB": {
        "dmean": 0.0233609005809,
        "dmean2": 0.0467257834971,
        "dvar": 0.0228175483644,
        "dvar2": 0.0643322765827,
        "max": 1,
        "mean": 0.98653024435,
        "median": 1,
        "min": 0,
        "var": 0.0132894152775
    },
    "silence_rate_60dB": {
        "dmean": 0.00903742853552,
        "dmean2": 0.0180763974786,
        "dvar": 0.00895614270121,
        "dvar2": 0.0189406555146,
        "max": 1,
        "mean": 0.0277919862419,
        "median": 0,
        "min": 0,
        "var": 0.02702415362
    },
    "spectral_centroid": {
        "dmean": 279.214172363,
        "dmean2": 417.516448975,
        "dvar": 109805.140625,
        "dvar2": 221767.796875,
        "max": 11545.3652344,
        "mean": 1527.32775879,
        "median": 1523.27990723,
        "min": 65.0959091187,
        "var": 643350.9375
    },
    "spectral_complexity": {
        "dmean": 3.60729813576,
        "dmean2": 5.62175989151,
        "dvar": 16.7116584778,
        "dvar2": 36.425365448,
        "max": 55,
        "mean": 19.0578861237,
        "median": 20,
        "min": 0,
        "var": 126.506309509
    },
    "spectral_decrease": {
        "dmean": 3.3447087322e-09,
        "dmean2": 5.44027400906e-09,
        "dvar": 4.27728014085e-17,
        "dvar2": 1.10031670961e-16,
        "max": 1.2869292126e-20,
        "mean": -7.20183956915e-09,
        "median": -5.67452040912e-09,
        "min": -7.33863600999e-08,
        "var": 4.46954735546e-17
    },
    "spectral_energy": {
        "dmean": 0.0129935825244,
        "dmean2": 0.0211112666875,
        "dvar": 0.000632965879049,
        "dvar2": 0.0016263833968,
        "max": 0.279806911945,
        "mean": 0.0289080459625,
        "median": 0.0233079921454,
        "min": 1.10748409171e-20,
        "var": 0.000673432543408
    },
    "spectral_energyband_high": {
        "dmean": 0.000481033930555,
        "dmean2": 0.000726560771,
        "dvar": 8.58286455241e-07,
        "dvar2": 2.07409198083e-06,
        "max": 0.0118971308693,
        "mean": 0.000804112874903,
        "median": 0.000364338688087,
        "min": 8.10737489822e-21,
        "var": 1.35513266741e-06
    },
    "spectral_energyband_low": {
        "dmean": 0.00846271403134,
        "dmean2": 0.0139937242493,
        "dvar": 0.000325059343595,
        "dvar2": 0.000863793015014,
        "max": 0.245094582438,
        "mean": 0.0139783388004,
        "median": 0.00866806507111,
        "min": 6.89973278001e-23,
        "var": 0.000315970217343
    },
    "spectral_energyband_middle_high": {
        "dmean": 0.00118520215619,
        "dmean2": 0.00184295873623,
        "dvar": 3.5230600588e-06,
        "dvar2": 8.36116396385e-06,
        "max": 0.0381578467786,
        "mean": 0.0042931009084,
        "median": 0.00349638937041,
        "min": 1.42881102385e-21,
        "var": 1.6871801563e-05
    },
    "spectral_energyband_middle_low": {
        "dmean": 0.00645366450772,
        "dmean2": 0.0108462069184,
        "dvar": 0.000297397578834,
        "dvar2": 0.000775019347202,
        "max": 0.175494596362,
        "mean": 0.01133041922,
        "median": 0.00792505498976,
        "min": 4.03851370329e-22,
        "var": 0.00027683476219
    },
    "spectral_entropy": {
        "dmean": 0.215492144227,
        "dmean2": 0.312680780888,
        "dvar": 0.0776452422142,
        "dvar2": 0.166631340981,
        "max": 9.80512714386,
        "mean": 7.27395343781,
        "median": 7.53545951843,
        "min": 2.71683502197,
        "var": 0.82088547945
    },
    "spectral_flux": {
        "dmean": 0.0316023267806,
        "dmean2": 0.0488248243928,
        "dvar": 0.0020643484313,
        "dvar2": 0.00414719153196,
        "max": 0.488736510277,
        "mean": 0.0806934759021,
        "median": 0.0648995861411,
        "min": 1.05237069059e-10,
        "var": 0.00376454065554
    },
    "spectral_kurtosis": {
        "dmean": 11.5635137558,
        "dmean2": 19.7414035797,
        "dvar": 3369.71264648,
        "dvar2": 9326.234375,
        "max": 1495.14733887,
        "mean": 25.1548271179,
        "median": 3.4309015274,
        "min": -1.17419731617,
        "var": 13761.3027344
    },
    "spectral_rms": {
        "dmean": 0.000983859412372,
        "dmean2": 0.00153393100481,
        "dvar": 2.18403420149e-06,
        "dvar2": 5.23190419699e-06,
        "max": 0.0165221765637,
        "mean": 0.00492137297988,
        "median": 0.00476859556511,
        "min": 3.28705378888e-12,
        "var": 3.98295014747e-06
    },
    "spectral_rolloff": {
        "dmean": 518.076965332,
        "dmean2": 862.234802246,
        "dvar": 708815.8125,
        "dvar2": 1560702.375,
        "max": 19056.8847656,
        "mean": 1483.58947754,
        "median": 1033.59375,
        "min": 64.599609375,
        "var": 1845748
    },
    "spectral_skewness": {
        "dmean": 0.467500388622,
        "dmean2": 0.753100037575,
        "dvar": 1.48893463612,
        "dvar2": 3.56906080246,
        "max": 33.676361084,
        "mean": 1.91765475273,
        "median": 1.10641765594,
        "min": -0.312609165907,
        "var": 13.4096822739
    },
    "spectral_spread": {
        "dmean": 580258.375,
        "dmean2": 792264.625,
        "dvar": 510664605696,
        "dvar2": 890406240256,
        "max": 40320260,
        "mean": 3648413,
        "median": 3477023.25,
        "min": 87504.8515625,
        "var": 2.5146317865e+12
    },
    "spectral_strongpeak": {
        "dmean": 0.452475905418,
        "dmean2": 0.785394728184,
        "dvar": 0.823863744736,
        "dvar2": 2.04680395126,
        "max": 16.2125434875,
        "mean": 0.929633140564,
        "median": 0.42291110754,
        "min": 0,
        "var": 1.57011032104
    },
    "zerocrossingrate": {
        "dmean": 0.010174350813,
        "dmean2": 0.0119339553639,
        "dvar": 0.000131794906338,
        "dvar2": 0.000168513230165,
        "max": 0.50048828125,
        "mean": 0.0548725314438,
        "median": 0.05126953125,
        "min": 0.00244140625,
        "var": 0.0010523829842
    },
    "barkbands": {
        "dmean": [5.59096552024e-05, 0.0046225162223, 0.00443744007498, 0.00180707115214, 0.00385914952494, 0.000615147058852, 0.000294918077998, 0.000591107062064, 0.00042112270603, 0.000233573649894, 8.0445119238e-05, 9.03002219275e-05, 7.82627321314e-05, 0.000165855861269, 0.000209806094063, 0.000369369605323, 0.000345527048921, 0.000214765546843, 0.000257598323515, 0.000173687905772, 0.000132038563606, 0.000153227520059, 9.01514940779e-05, 3.897784336e-05, 2.41569359787e-05, 5.80753476243e-06, 1.03272020624e-06],
        "dmean2": [9.04988555703e-05, 0.00784131605178, 0.00751106021926, 0.00317684491165, 0.00647531542927, 0.00102435250301, 0.000492315390147, 0.000875041412655, 0.000666235224344, 0.000365542306099, 0.000127426101244, 0.000149957544636, 0.00012676588085, 0.000255408027442, 0.000320370832924, 0.000574517704081, 0.000554448284674, 0.000348718342138, 0.000417323841248, 0.000274861755315, 0.00020879477961, 0.000247682299232, 0.000140799515066, 5.92340511503e-05, 3.77536816814e-05, 8.81280084286e-06, 1.77273204827e-06],
        "dvar": [5.45236709115e-08, 9.60993929766e-05, 9.9396755104e-05, 2.1263545932e-05, 0.000220240981434, 2.6484974569e-06, 1.53300049988e-06, 2.55886607192e-06, 1.54121983087e-06, 8.14588474896e-07, 1.1003730549e-07, 4.89208211718e-08, 2.98071149984e-08, 6.31344221347e-08, 1.87763077975e-07, 3.6381203472e-07, 5.78913272875e-07, 2.58959573785e-07, 2.1270413697e-07, 1.52528244257e-07, 5.59019994739e-08, 1.63191018032e-07, 3.09254950537e-08, 8.7697182849e-09, 2.44755882228e-09, 1.11041946471e-10, 7.61792885717e-12],
        "dvar2": [1.40168552321e-07, 0.000271631550277, 0.000272117642453, 5.8815243392e-05, 0.000570543284994, 6.71279531161e-06, 4.1824928303e-06, 5.05112120663e-06, 3.54780399903e-06, 1.74819535914e-06, 2.94165289461e-07, 1.33231594646e-07, 7.30698062057e-08, 1.48359987406e-07, 4.29353804066e-07, 8.71540635217e-07, 1.36848882448e-06, 6.27816689303e-07, 5.53086749733e-07, 3.72417815697e-07, 1.33205119823e-07, 4.18232531274e-07, 7.85506628631e-08, 2.15359978739e-08, 6.33916741322e-09, 2.67746491645e-10, 2.06981411177e-11],
        "max": [0.00991842709482, 0.167588055134, 0.133155107498, 0.0586269572377, 0.165134012699, 0.0394414067268, 0.0322152860463, 0.0300719179213, 0.0274543184787, 0.0244977846742, 0.0155581589788, 0.00770154595375, 0.00491690356284, 0.00472304504365, 0.0121086025611, 0.0158418733627, 0.0309614576399, 0.0189566649497, 0.0142237627879, 0.0143942199647, 0.00626406399533, 0.00486529944465, 0.0019461956108, 0.00156275962945, 0.000977230956778, 0.000124523197883, 4.65309130959e-05],
        "mean": [8.35240061861e-05, 0.00749423075467, 0.00511465035379, 0.00194540910888, 0.00410432228819, 0.00143033429049, 0.0004762368917, 0.00183286948595, 0.0011637165444, 0.000609691720456, 0.000145778190927, 0.000132077242597, 0.000129208667204, 0.000359190016752, 0.000505785865244, 0.000750705657993, 0.000701676879544, 0.000419315794716, 0.000551290635485, 0.000348084955476, 0.000211344915442, 0.000187088793609, 0.00011530242773, 5.4122912843e-05, 3.30860166287e-05, 7.91191268945e-06, 1.03546096852e-06],
        "median": [1.13579535537e-05, 0.00437309406698, 0.00203424692154, 0.000696945469826, 0.00116654252633, 0.00015324834385, 6.87362189637e-05, 0.000113636662718, 6.68815191602e-05, 0.000104106431536, 6.67763815727e-05, 5.42235320609e-05, 7.78527246439e-05, 0.000234464940149, 0.000225027950364, 0.000482441857457, 0.000433588167652, 0.000214909799979, 0.000366660417058, 0.000215590844164, 0.000102066136606, 5.07649601786e-05, 2.52598601946e-05, 1.14627582661e-05, 5.12101178174e-06, 1.01378168438e-06, 2.08486579112e-08],
        "min": [1.68075114674e-23, 1.11004073184e-23, 4.05388550999e-23, 8.99738776438e-24, 3.3295070418e-23, 1.24288001735e-22, 3.5852986613e-23, 6.56743175012e-23, 7.71331532383e-23, 9.27136925418e-23, 8.20324275327e-23, 4.53618686329e-23, 8.55768994867e-23, 1.52898118744e-22, 1.75768900326e-22, 9.32619634927e-23, 1.77610505576e-22, 1.66195170784e-22, 1.88997353022e-22, 2.88148876303e-22, 4.26417967145e-22, 6.74432756034e-22, 6.95497790828e-22, 7.60545973651e-22, 1.77695581385e-21, 1.60352122236e-21, 2.37019052368e-21],
        "var": [6.41037374294e-08, 0.000100664787169, 8.40845750645e-05, 1.73197713593e-05, 0.000177719004569, 8.45051272336e-06, 1.66545919456e-06, 1.70950061147e-05, 1.05993176476e-05, 4.66028723167e-06, 1.19734266946e-07, 5.06731474559e-08, 4.01760438251e-08, 1.68421749436e-07, 1.22475751141e-06, 7.92480079781e-07, 1.12585257739e-06, 5.88954605973e-07, 4.97129860833e-07, 2.67843205393e-07, 8.98160266161e-08, 1.60717391395e-07, 4.19769428106e-08, 1.23592203138e-08, 3.93961396838e-09, 2.13664877458e-10, 7.69459843064e-12]
    },
    "erbbands": {
        "dmean": [0.0801684856415, 1.25089883804, 4.55124616623, 5.78800678253, 8.82773208618, 15.6911087036, 6.94803094864, 4.93263912201, 4.34490013123, 9.25909614563, 9.99770259857, 11.2447605133, 8.53098487854, 3.40735864639, 3.49784111977, 3.95182156563, 3.60519099236, 7.43427801132, 7.46755361557, 13.5079927444, 16.5111656189, 15.8286895752, 13.8710155487, 12.8473081589, 9.53458213806, 8.54157924652, 5.19899368286, 5.63917541504, 5.72815847397, 4.12244033813, 2.37147331238, 1.17152488232, 0.461785852909, 0.317169040442, 0.145543724298, 0.0384634882212, 0.00866663921624, 0.00133978715166, 0.000178737172973, 2.46622239501e-05],
        "dmean2": [0.127632945776, 2.13996481895, 7.83051156998, 9.5186882019, 15.3542661667, 26.2027416229, 11.8935575485, 8.0297908783, 7.10641527176, 13.7375354767, 15.6144294739, 17.5157337189, 13.2877035141, 5.30752182007, 5.53611183167, 6.50644874573, 5.81226301193, 11.1693000793, 11.8505601883, 20.5413684845, 25.8410797119, 25.3310527802, 22.5740356445, 20.9880981445, 15.3677740097, 13.5370597839, 7.97445964813, 9.01624679565, 9.39748001099, 6.44967031479, 3.70254778862, 1.81789028645, 0.684721052647, 0.500674128532, 0.227065160871, 0.0584404282272, 0.0132955024019, 0.00207650708035, 0.000307098060148, 4.11356777477e-05],
        "dvar": [0.0232693236321, 7.40643405914, 119.497467041, 168.949447632, 635.627746582, 4724.41894531, 477.192474365, 183.475128174, 188.49281311, 1062.75048828, 779.143127441, 1285.14660645, 1149.88989258, 144.019882202, 172.271362305, 86.7119979858, 63.1288414001, 135.502120972, 200.036453247, 712.170166016, 930.105957031, 1436.63793945, 954.131958008, 651.483459473, 267.693939209, 434.890625, 76.3021316528, 133.805541992, 330.582946777, 70.2918319702, 21.4866523743, 7.91563129425, 0.765946805477, 0.43252581358, 0.0842470750213, 0.0047757839784, 0.000277479266515, 7.50525214244e-06, 2.16607162429e-07, 2.46101672374e-09],
        "dvar2": [0.0622647851706, 20.895368576, 327.619659424, 450.652496338, 1679.31213379, 12360.0410156, 1335.25793457, 431.918670654, 452.698120117, 2337.4855957, 1776.07702637, 2964.93212891, 2380.265625, 330.16229248, 457.618011475, 232.874801636, 155.013015747, 312.75958252, 519.809570312, 1523.26928711, 2276.06933594, 3376.49853516, 2261.71923828, 1687.39868164, 689.876220703, 1081.99023438, 167.844009399, 319.69934082, 862.205688477, 173.870880127, 54.2714920044, 19.8167362213, 1.74691545963, 1.1290024519, 0.216710314155, 0.0112568810582, 0.00067585578654, 1.88771482499e-05, 5.91371929204e-07, 6.50207754305e-09],
        "max": [2.9468934536, 44.2866172791, 128.94241333, 167.096160889, 257.623474121, 831.536682129, 481.160095215, 365.445465088, 331.667480469, 806.733032227, 677.410095215, 763.255310059, 890.742675781, 488.122406006, 440.852874756, 300.348846436, 221.110275269, 230.685455322, 547.2265625, 813.062438965, 849.643249512, 1842.61413574, 1291.81079102, 746.633728027, 469.348266602, 930.854919434, 163.089569092, 321.196868896, 255.460006714, 85.1715927124, 43.8095970154, 43.6495285034, 15.5430030823, 13.6785736084, 4.7294754982, 0.680822491646, 0.195526599884, 0.0515763647854, 0.00619014259428, 0.00079233845463],
        "mean": [0.16192138195, 1.90773701668, 5.12175226212, 7.65736579895, 8.56416416168, 15.6845998764, 13.0061779022, 10.9311800003, 7.96610927582, 27.2681026459, 29.8939838409, 31.1701107025, 20.4893684387, 8.9957742691, 6.73201322556, 6.1978726387, 6.64688014984, 15.9412431717, 17.5750274658, 37.4881973267, 39.5890312195, 35.4541893005, 29.2409210205, 27.1686306, 20.9787425995, 17.2310905457, 10.1060571671, 7.99583864212, 7.07618951797, 5.15827798843, 3.01715111732, 1.54052662849, 0.692205905914, 0.440052181482, 0.190470904112, 0.0527142398059, 0.0115775810555, 0.00173441809602, 0.000181324750884, 4.42511627625e-05],
        "median": [0.100456267595, 1.09584093094, 2.23152494431, 3.19872641563, 2.36832761765, 3.35855388641, 3.29602527618, 1.527957201, 1.34057807922, 2.31062412262, 3.55341410637, 3.07141685486, 4.45590591431, 1.8580186367, 3.37464475632, 2.93475580215, 4.42659235001, 10.1031417847, 13.1426115036, 19.0536651611, 29.6299629211, 24.1916732788, 15.6960601807, 17.0456962585, 14.1804695129, 11.0191287994, 5.75581455231, 3.4414024353, 1.99558055401, 1.1516276598, 0.680736482143, 0.306981742382, 0.159587413073, 0.0773007795215, 0.0291764810681, 0.00783792790025, 0.00121182121802, 0.000124978076201, 2.19676257984e-05, 3.26378176396e-05],
        "min": [3.531908997e-22, 3.39540314281e-21, 3.26936545516e-20, 4.90301032957e-20, 2.98843714768e-20, 8.18026243488e-20, 8.21909093907e-19, 9.3751275439e-19, 6.87827924599e-19, 7.69317312452e-19, 1.41950376289e-18, 1.50139133481e-18, 3.38526023152e-18, 2.24957413091e-18, 2.85968373237e-18, 2.23549138099e-18, 3.70479513907e-18, 8.56235000697e-18, 8.61184849482e-18, 7.00683851942e-18, 4.3537658925e-18, 1.06265196686e-17, 7.44597381738e-18, 1.16869710041e-17, 1.19692372892e-17, 1.21521327129e-17, 1.80234003166e-17, 1.8571519969e-17, 2.28258653693e-17, 1.71027118989e-17, 2.23064687365e-17, 1.63677801226e-17, 1.45565523661e-17, 2.11656162726e-17, 1.0336597827e-17, 5.74376102101e-18, 3.02001511653e-18, 1.39924735046e-18, 3.67552380213e-19, 2.98761513695e-20],
        "var": [0.0439547039568, 6.92462491989, 93.0540313721, 173.645614624, 508.490234375, 3679.31005859, 576.046813965, 715.263366699, 392.731658936, 4969.79052734, 3952.96264648, 7391.27099609, 5347.94482422, 1324.63464355, 213.480072021, 95.6586303711, 87.7934112549, 349.62008667, 409.838226318, 6233.54003906, 2097.26928711, 2815.85693359, 2362.96362305, 1454.95153809, 622.817749023, 677.444824219, 172.699874878, 179.102386475, 301.630828857, 95.5539779663, 27.9670715332, 10.0542488098, 1.56040072441, 0.699034690857, 0.127182140946, 0.00894109532237, 0.000513275444973, 1.31669021357e-05, 2.05531421216e-07, 2.219847417e-09]
    },
    "gfcc": {
        "mean": [-42.9023933411, 110.552963257, -119.3855896, 64.4015426636, -34.2563743591, 6.97229814529, -29.2340240479, 8.7767534256, -11.7540655136, -2.22664403915, -14.99862957, -8.703083992, -6.17196369171],
        "cov": [[15322.1611328, -4048.23486328, -3754.81518555, 1211.9666748, -2102.43530273, 404.496154785, -982.805786133, 296.089782715, -561.49786377, 208.78062439, -687.852783203, 135.933181763, -349.40814209], [-4048.23486328, 2554.59570312, 306.308624268, -529.84954834, 794.418762207, -518.165161133, 462.566131592, -236.950576782, 283.443756104, -148.364440918, 329.662963867, -178.074645996, 231.278320312], [-3754.81518555, 306.308624268, 2796.89355469, -437.871826172, 238.319137573, 303.639007568, -15.2303380966, 17.2603282928, -45.3503913879, 14.9515752792, 79.3989715576, 128.758239746, -57.0236663818], [1211.9666748, -529.84954834, -437.871826172, 599.483215332, -70.0380859375, 94.4397354126, -102.219154358, -48.3124313354, -28.6515769958, -52.4007759094, -27.2922954559, 2.3950650692, -14.5853023529], [-2102.43530273, 794.418762207, 238.319137573, -70.0380859375, 812.721740723, -82.1665725708, 263.251312256, -64.1606674194, 93.5499191284, -39.7628860474, 72.7200393677, -74.0524978638, 93.9691009521], [404.496154785, -518.165161133, 303.639007568, 94.4397354126, -82.1665725708, 330.518737793, -58.7321205139, 63.5789337158, -89.3967285156, -27.6965484619, -78.9555511475, 46.6535568237, -43.6714553833], [-982.805786133, 462.566131592, -15.2303380966, -102.219154358, 263.251312256, -58.7321205139, 315.900238037, 45.0054016113, 135.170654297, -17.8304214478, 15.1242961884, -80.7186126709, 43.3980293274], [296.089782715, -236.950576782, 17.2603282928, -48.3124313354, -64.1606674194, 63.5789337158, 45.0054016113, 201.160644531, 63.9349365234, 57.3871955872, -63.9108924866, -20.7531356812, -47.7174110413], [-561.49786377, 283.443756104, -45.3503913879, -28.6515769958, 93.5499191284, -89.3967285156, 135.170654297, 63.9349365234, 227.988571167, 44.3979530334, 41.1377639771, -71.37550354, -10.045331955], [208.78062439, -148.364440918, 14.9515752792, -52.4007759094, -39.7628860474, -27.6965484619, -17.8304214478, 57.3871955872, 44.3979530334, 160.168518066, 22.4839954376, 23.1945495605, -41.9601135254], [-687.852783203, 329.662963867, 79.3989715576, -27.2922954559, 72.7200393677, -78.9555511475, 15.1242961884, -63.9108924866, 41.1377639771, 22.4839954376, 179.677246094, 58.1972579956, 49.8560600281], [135.933181763, -178.074645996, 128.758239746, 2.3950650692, -74.0524978638, 46.6535568237, -80.7186126709, -20.7531356812, -71.37550354, 23.1945495605, 58.1972579956, 154.276809692, 42.0355606079], [-349.40814209, 231.278320312, -57.0236663818, -14.5853023529, 93.9691009521, -43.6714553833, 43.3980293274, -47.7174110413, -10.045331955, -41.9601135254, 49.8560600281, 42.0355606079, 133.592636108]],
        "icov": [[0.000318562902976, -0.000135096677695, 0.000403460056987, -0.000320430699503, 0.000428129656939, -0.000301003979985, 0.000321818166412, -0.000237057742197, 0.000397693103878, -0.000602529558819, 0.000883666158188, -0.000468756101327, 0.000273917539744], [-0.000135096677695, 0.00321762054227, -0.000479388021631, 0.0021759418305, -0.00116521958262, 0.00226789573207, -0.00111463246867, 0.00173502985854, -0.00137040286791, 0.00323287863284, -0.0044477279298, 0.00368985300884, -0.00193679495715], [0.000403460056987, -0.000479388021631, 0.00113914406393, -1.16302808237e-05, 0.000329873466399, -0.00137243780773, 0.000765795644838, -0.000253020843957, 0.000305520574329, -0.00081898010103, 0.00121059885714, -0.00141375395469, 0.00110910192598], [-0.000320430699503, 0.0021759418305, -1.16302808237e-05, 0.0042224097997, -0.00135823676828, 0.00019183018594, 0.00013396506256, 0.00221587554552, -0.00230105733499, 0.00326171889901, -0.00356741598807, 0.00245181797072, -0.000971719622612], [0.000428129656939, -0.00116521958262, 0.000329873466399, -0.00135823676828, 0.0029916500207, -0.000977500341833, -0.000898606725968, -0.000113236492325, 0.00123389472719, -0.00221565784886, 0.00205582007766, -0.000535036670044, -0.000244876428042], [-0.000301003979985, 0.00226789573207, -0.00137243780773, 0.00019183018594, -0.000977500341833, 0.0077563947998, -0.00165175436996, -0.00103001308162, 0.000709934509359, 0.00391745381057, -0.00195777229965, 0.000712094129995, -9.61792102316e-05], [0.000321818166412, -0.00111463246867, 0.000765795644838, 0.00013396506256, -0.000898606725968, -0.00165175436996, 0.00761289987713, -0.00211219093762, -0.00212797522545, -0.000388470827602, 0.00198832876049, 0.000180294111487, -0.00110330397729], [-0.000237057742197, 0.00173502985854, -0.000253020843957, 0.00221587554552, -0.000113236492325, -0.00103001308162, -0.00211219093762, 0.0104688517749, -0.00429276749492, -0.000682250538375, 0.000746030651499, 0.000897980411537, -0.000419443123974], [0.000397693103878, -0.00137040286791, 0.000305520574329, -0.00230105733499, 0.00123389472719, 0.000709934509359, -0.00212797522545, -0.00429276749492, 0.0106566818431, -0.00364583660848, -0.00095978716854, 0.00205365242437, 0.00118212355301], [-0.000602529558819, 0.00323287863284, -0.00081898010103, 0.00326171889901, -0.00221565784886, 0.00391745381057, -0.000388470827602, -0.000682250538375, -0.00364583660848, 0.0138534782454, -0.00657899165526, 0.000542025256436, 0.00191720516887], [0.000883666158188, -0.0044477279298, 0.00121059885714, -0.00356741598807, 0.00205582007766, -0.00195777229965, 0.00198832876049, 0.000746030651499, -0.00095978716854, -0.00657899165526, 0.0185029841959, -0.0111664747819, 0.00214276392944], [-0.000468756101327, 0.00368985300884, -0.00141375395469, 0.00245181797072, -0.000535036670044, 0.000712094129995, 0.000180294111487, 0.000897980411537, 0.00205365242437, 0.000542025256436, -0.0111664747819, 0.0194958169013, -0.0087209539488], [0.000273917539744, -0.00193679495715, 0.00110910192598, -0.000971719622612, -0.000244876428042, -9.61792102316e-05, -0.00110330397729, -0.000419443123974, 0.00118212355301, 0.00191720516887, 0.00214276392944, -0.0087209539488, 0.0149070965126]]
    },
    "melbands": {
        "dmean": [0.00101572659332, 0.00208200491033, 0.00101112981793, 0.000972049776465, 0.000322836189298, 0.000112347239337, 6.42980958219e-05, 0.000111151741294, 8.38805353851e-05, 6.44473911962e-05, 4.13981942984e-05, 1.464759589e-05, 1.11597591967e-05, 9.95481332211e-06, 9.87486600934e-06, 7.4815093285e-06, 1.64220200531e-05, 1.2095954844e-05, 1.68771384779e-05, 2.94451674563e-05, 1.90569280676e-05, 1.68707319972e-05, 2.06616823561e-05, 9.778279491e-06, 1.17310573842e-05, 1.00947709143e-05, 5.291812613e-06, 6.45028512736e-06, 3.55537008545e-06, 3.68415430785e-06, 3.18348406836e-06, 3.58203851647e-06, 3.0090443488e-06, 2.0960267193e-06, 1.70462840288e-06, 8.4858208993e-07, 6.54518544252e-07, 3.2745055023e-07, 2.71780550065e-07, 2.85547486101e-07],
        "dmean2": [0.00168510491494, 0.00354199716821, 0.00168880762067, 0.00164665433113, 0.000545137445442, 0.000183074953384, 0.000105121878732, 0.000165122852195, 0.000131773005705, 0.000100174867839, 6.44489919068e-05, 2.27579457714e-05, 1.7736960217e-05, 1.60898634931e-05, 1.63427139341e-05, 1.20937711472e-05, 2.4690398277e-05, 1.93381838471e-05, 2.57848714682e-05, 4.50328043371e-05, 3.0079678254e-05, 2.66510414804e-05, 3.42205785273e-05, 1.57605882123e-05, 1.92835941561e-05, 1.64880584634e-05, 8.72372947924e-06, 1.01721725514e-05, 5.47489071323e-06, 6.00923704042e-06, 5.14796965945e-06, 6.06207458986e-06, 4.76985724163e-06, 3.29956787937e-06, 2.70808300229e-06, 1.34680453812e-06, 1.01532839381e-06, 4.94998289469e-07, 4.12862846133e-07, 4.63420093411e-07],
        "dvar": [4.1847488319e-06, 2.32423553825e-05, 5.35654680789e-06, 1.49036095536e-05, 1.24584641981e-06, 8.93089335818e-08, 4.8473864922e-08, 1.33823164106e-07, 5.14770839288e-08, 4.08635827398e-08, 2.87791888098e-08, 3.00735725212e-09, 2.1716834997e-09, 5.59526702748e-10, 5.31584942731e-10, 3.28495591839e-10, 6.65893895579e-10, 4.97797969512e-10, 1.3416997513e-09, 2.35778618851e-09, 1.5418518684e-09, 2.27647722895e-09, 1.63357349869e-09, 4.61476939995e-10, 5.54777557227e-10, 3.24836602061e-10, 1.23398680163e-10, 2.91135782149e-10, 4.70014686893e-11, 5.1655100336e-11, 4.58774511436e-11, 1.406682687e-10, 5.29555635453e-11, 1.85536724873e-11, 1.15063176001e-11, 3.39310806015e-12, 2.34938717786e-12, 3.70737430555e-13, 2.50951115357e-13, 4.52083167993e-13],
        "dvar2": [1.17967583719e-05, 6.34311727481e-05, 1.45004687511e-05, 3.85058701795e-05, 3.41522854796e-06, 2.11968654185e-07, 1.2243280878e-07, 2.76196203686e-07, 1.21908158235e-07, 9.31509873681e-08, 5.95361981937e-08, 6.70791555635e-09, 5.85595083535e-09, 1.48314116544e-09, 1.41046618829e-09, 7.89511400701e-10, 1.52490886585e-09, 1.30581956359e-09, 2.9894691167e-09, 5.38288480456e-09, 3.76012199155e-09, 5.35692112891e-09, 4.02776345609e-09, 1.0874549039e-09, 1.45083589587e-09, 8.51131609636e-10, 3.1719646354e-10, 6.92015944548e-10, 1.02125863322e-10, 1.25289598141e-10, 1.14752610192e-10, 3.77500752879e-10, 1.28396682175e-10, 4.74086950253e-11, 2.94051692717e-11, 8.53178205168e-12, 5.72073161412e-12, 8.56623474411e-13, 5.73745478211e-13, 1.23710579541e-12],
        "max": [0.0370187684894, 0.055860016495, 0.0275279954076, 0.0426632128656, 0.019183870405, 0.00740677909926, 0.00487770792097, 0.00793132651597, 0.00546043366194, 0.00419239420444, 0.0045363754034, 0.00218247203156, 0.002037338214, 0.000658436736558, 0.000868807022925, 0.000644705665763, 0.000529105949681, 0.000862026121467, 0.00134356087074, 0.000933475792408, 0.00105286249891, 0.00269350432791, 0.00132372241933, 0.000855550635606, 0.000704721198417, 0.000627185276244, 0.000389891909435, 0.00057558825938, 0.000176357207238, 0.000198657813598, 0.000140409203595, 0.000167577061802, 8.20052810013e-05, 5.12735641678e-05, 2.99637304124e-05, 2.72893703368e-05, 2.14016145037e-05, 1.07972700789e-05, 9.09083883016e-06, 1.62173910212e-05],
        "mean": [0.00186388893053, 0.00275322934613, 0.00130491587333, 0.000923196552321, 0.000517744687386, 0.000252713885857, 0.000108542495582, 0.000341013044817, 0.000256753439317, 0.000169424441992, 9.64752325672e-05, 3.6209828977e-05, 2.00656322704e-05, 1.60982090165e-05, 1.63638778758e-05, 1.2609733858e-05, 3.37486962962e-05, 2.66652659775e-05, 3.90078057535e-05, 6.26811161055e-05, 4.16713264713e-05, 3.49911460944e-05, 3.78419426852e-05, 1.87871592061e-05, 2.25785715884e-05, 1.98458274099e-05, 1.05210992842e-05, 1.18206044135e-05, 6.60634032101e-06, 5.40115206604e-06, 4.23956998929e-06, 4.22387211074e-06, 3.35579557031e-06, 2.69292127086e-06, 2.08558253689e-06, 1.01751027159e-06, 8.7183946107e-07, 4.7545245252e-07, 3.91942791111e-07, 3.72859744857e-07],
        "median": [0.00112139759585, 0.00149232544936, 0.00056232442148, 0.00019731100474, 0.000146481732372, 2.89123017865e-05, 1.53330220201e-05, 2.31010581047e-05, 2.60790438915e-05, 1.09244929263e-05, 1.74479955604e-05, 5.65759910387e-06, 9.37433469517e-06, 8.03332477517e-06, 9.19152353163e-06, 7.67670644564e-06, 1.96436667466e-05, 2.00351714739e-05, 1.69566992554e-05, 3.18194761348e-05, 3.05401699734e-05, 2.28053831961e-05, 1.8189293769e-05, 1.02407866507e-05, 1.34326892294e-05, 1.23531699501e-05, 7.1544623097e-06, 6.83395683154e-06, 3.53869563696e-06, 2.57669535131e-06, 1.61451646363e-06, 1.1771858226e-06, 6.79102640788e-07, 5.81649885589e-07, 4.50881628922e-07, 2.03163878609e-07, 1.69770331127e-07, 1.10326595859e-07, 8.5660218474e-08, 5.58317410082e-08],
        "min": [4.9553820263e-24, 1.32715245013e-23, 8.2527827448e-24, 2.00221851316e-24, 2.30733421297e-23, 2.09023274988e-23, 1.00526888069e-23, 1.03811207896e-23, 1.27049354113e-23, 9.98712263278e-24, 1.64868805302e-23, 8.37395809073e-24, 1.189591911e-23, 4.7572174059e-24, 6.23639471206e-24, 1.05827891357e-23, 1.63517202581e-23, 1.25899423683e-23, 1.27017405246e-23, 8.27704573966e-24, 4.09654324233e-24, 1.03674640296e-23, 8.46837921906e-24, 7.59785069976e-24, 9.82332276556e-24, 6.18696981533e-24, 1.38462112485e-23, 5.8003739348e-24, 1.15132158636e-23, 9.16259969262e-24, 1.24349737989e-23, 1.41331452032e-23, 1.1033078829e-23, 8.90396060079e-24, 1.30310110665e-23, 1.24469818396e-23, 8.17668448872e-24, 8.49646976703e-24, 1.36245618445e-23, 2.02280738836e-23],
        "var": [5.70714109926e-06, 1.88391350093e-05, 4.97256905874e-06, 1.18235593618e-05, 1.14797239803e-06, 3.32381290491e-07, 8.23717698495e-08, 7.71959889789e-07, 2.87124038323e-07, 2.25606626714e-07, 1.35622769903e-07, 2.62056616407e-08, 2.31040409027e-09, 7.08942460292e-10, 6.0690047432e-10, 4.46524567321e-10, 1.72952896449e-09, 9.68272573232e-10, 6.29328145152e-09, 8.34102920066e-09, 3.07089864648e-09, 3.76483777487e-09, 3.72033270857e-09, 1.09031883522e-09, 1.13597187212e-09, 6.75423106333e-10, 2.03248917696e-10, 4.10785488958e-10, 9.69416075192e-11, 6.86452006349e-11, 5.79299039294e-11, 1.2371449698e-10, 5.74665141861e-11, 2.57497582284e-11, 1.4276867015e-11, 3.88499735854e-12, 3.45220618585e-12, 7.47271764866e-13, 5.22182557611e-13, 5.81147922753e-13]
    },
    "mfcc": {
        "mean": [-674.034729004, 116.418273926, -7.75742101669, 57.0670509338, 20.2091064453, 13.2016983032, 0.428392410278, 8.06258392334, 6.78540849686, 8.48275947571, 1.5544911623, -0.810751080513, -0.637911915779],
        "cov": [[11745.1142578, -1992.18029785, -2170.75097656, -290.875915527, -918.770996094, -303.52166748, -675.384277344, -175.103591919, -206.281539917, -91.7603988647, -245.105789185, -259.052001953, -187.839782715], [-1992.18029785, 1688.20324707, -210.092575073, 63.3564682007, 5.15370845795, -120.233833313, 99.8787536621, -74.7479248047, 38.9255065918, 15.4022083282, -2.02167606354, 55.5605697632, 86.6447677612], [-2170.75097656, -210.092575073, 1809.81054688, -175.392379761, 205.077056885, 107.932151794, 100.16229248, 52.1674499512, -54.3659744263, -88.694984436, 63.8702087402, 42.6952972412, -1.40382683277], [-290.875915527, 63.3564682007, -175.392379761, 364.63973999, 87.5841751099, 78.0169830322, 15.6875190735, 9.23270225525, 16.5305461884, 23.3181858063, 24.2798805237, 8.858335495, -9.20448493958], [-918.770996094, 5.15370845795, 205.077056885, 87.5841751099, 368.526824951, 140.194915771, 112.034133911, 50.6796836853, 7.76907539368, 7.37319755554, -13.0725250244, 0.596058607101, -0.792331278324], [-303.52166748, -120.233833313, 107.932151794, 78.0169830322, 140.194915771, 198.131103516, 87.4821243286, 52.4936103821, 5.70322275162, -13.4409446716, -28.2768917084, -24.3929328918, -14.3750572205], [-675.384277344, 99.8787536621, 100.16229248, 15.6875190735, 112.034133911, 87.4821243286, 185.036575317, 59.4200325012, 47.0790176392, 6.73867368698, -25.476474762, -11.3907823563, 4.37495088577], [-175.103591919, -74.7479248047, 52.1674499512, 9.23270225525, 50.6796836853, 52.4936103821, 59.4200325012, 139.08303833, 55.7067260742, 21.1172504425, 3.33259916306, -23.415763855, -28.7095241547], [-206.281539917, 38.9255065918, -54.3659744263, 16.5305461884, 7.76907539368, 5.70322275162, 47.0790176392, 55.7067260742, 177.497787476, 108.233886719, 47.0896759033, 1.82964515686, -1.83229267597], [-91.7603988647, 15.4022083282, -88.694984436, 23.3181858063, 7.37319755554, -13.4409446716, 6.73867368698, 21.1172504425, 108.233886719, 145.290222168, 87.6458282471, 25.6832885742, 0.756577074528], [-245.105789185, -2.02167606354, 63.8702087402, 24.2798805237, -13.0725250244, -28.2768917084, -25.476474762, 3.33259916306, 47.0896759033, 87.6458282471, 150.197128296, 82.7644424438, 24.8074035645], [-259.052001953, 55.5605697632, 42.6952972412, 8.858335495, 0.596058607101, -24.3929328918, -11.3907823563, -23.415763855, 1.82964515686, 25.6832885742, 82.7644424438, 131.081634521, 78.6340408325], [-187.839782715, 86.6447677612, -1.40382683277, -9.20448493958, -0.792331278324, -14.3750572205, 4.37495088577, -28.7095241547, -1.83229267597, 0.756577074528, 24.8074035645, 78.6340408325, 119.051292419]],
