{
"lowlevel": {
    "average_loudness": 0.167564600706,
    "barkbands_crest": {
        "dmean": 2.48072719574,
        "dmean2": 4.16131544113,
        "dvar": 5.9692440033,
        "dvar2": 15.5097637177,
        "max": 26.9224739075,
        "mean": 15.5676984787,
        "median": 14.7850408554,
        "min": 4.2513012886,
        "var": 22.5458240509
    },
    "barkbands_flatness_db": {
        "dmean": 0.0286840908229,
        "dmean2": 0.047027233988,
        "dvar": 0.000746922567487,
        "dvar2": 0.00182334065903,
        "max": 0.754898011684,
        "mean": 0.436699569225,
        "median": 0.435064613819,
        "min": 0.0375508666039,
        "var": 0.00650828052312
    },
    "barkbands_kurtosis": {
        "dmean": 12.6981611252,
        "dmean2": 21.4503173828,
        "dvar": 1837.66137695,
        "dvar2": 5022.77490234,
        "max": 2415.48242188,
        "mean": 20.9272384644,
        "median": 10.3261098862,
        "min": -1.82349264622,
        "var": 2269.44042969
    },
    "barkbands_skewness": {
        "dmean": 0.863404691219,
        "dmean2": 1.44199585915,
        "dvar": 1.38877141476,
        "dvar2": 3.70444107056,
        "max": 24.4930038452,
        "mean": 1.33973264694,
        "median": 1.0050110817,
        "min": -7.86444187164,
        "var": 3.43388104439
    },
    "barkbands_spread": {
        "dmean": 0.476363807917,
        "dmean2": 0.78761690855,
        "dvar": 0.965892612934,
        "dvar2": 2.26060676575,
        "max": 113.946258545,
        "mean": 1.78300571442,
        "median": 1.30545711517,
        "min": 0.020690113306,
        "var": 18.0654296875
    },
    "dissonance": {
        "dmean": 0.0441376119852,
        "dmean2": 0.0757862329483,
        "dvar": 0.00173252762761,
        "dvar2": 0.00465518282726,
        "max": 0.500000119209,
        "mean": 0.323057800531,
        "median": 0.328409731388,
        "min": 0.0550777539611,
        "var": 0.00618602242321
    },
    "dynamic_complexity": 4.27025032043,
    "erbbands_crest": {
        "dmean": 2.67268872261,
        "dmean2": 4.44705867767,
        "dvar": 7.10922336578,
        "dvar2": 18.8209152222,
        "max": 32.1397781372,
        "mean": 17.644575119,
        "median": 17.1246147156,
        "min": 2.6490752697,
        "var": 29.2025718689
    },
    "erbbands_flatness_db": {
        "dmean": 0.0252906102687,
        "dmean2": 0.0408194921911,
        "dvar": 0.000655328854918,
        "dvar2": 0.00158968614414,
        "max": 0.603481113911,
        "mean": 0.369144022465,
        "median": 0.369901835918,
        "min": 0.0327461212873,
        "var": 0.00448963465169
    },
    "erbbands_kurtosis": {
        "dmean": 7.0057053566,
        "dmean2": 11.3522434235,
        "dvar": 97.541229248,
        "dvar2": 253.828948975,
        "max": 254.758361816,
        "mean": 20.0730514526,
        "median": 15.0207176208,
        "min": -1.63704144955,
        "var": 341.976379395
    },
    "erbbands_skewness": {
        "dmean": 0.630518317223,
        "dmean2": 1.02679908276,
        "dvar": 0.450994342566,
        "dvar2": 1.17198848724,
        "max": 10.8269634247,
        "mean": 2.8482375145,
        "median": 2.71100378036,
        "min": -1.73901855946,
        "var": 2.34811043739
    },
    "erbbands_spread": {
        "dmean": 1.94322037697,
        "dmean2": 3.15625,
        "dvar": 13.8682374954,
        "dvar2": 33.6189079285,
        "max": 131.738265991,
        "mean": 6.31678676605,
        "median": 4.33504915237,
        "min": 0.34423750639,
        "var": 55.5829849243
    },
    "hfc": {
        "dmean": 1.88078010082,
        "dmean2": 3.07116985321,
        "dvar": 8.89164924622,
        "dvar2": 23.1688766479,
        "max": 51.534866333,
        "mean": 6.25457906723,
        "median": 4.62214612961,
        "min": 1.17785331151e-16,
        "var": 33.481136322
    },
    "melbands_crest": {
        "dmean": 2.64650988579,
        "dmean2": 4.45559692383,
        "dvar": 6.42551660538,
        "dvar2": 17.3684654236,
        "max": 38.3600921631,
        "mean": 17.7553138733,
        "median": 16.7778530121,
        "min": 1.83503079414,
        "var": 27.649723053
    },
    "melbands_flatness_db": {
        "dmean": 0.0300495997071,
        "dmean2": 0.0474217198789,
        "dvar": 0.000939572986681,
        "dvar2": 0.00213339505717,
        "max": 0.90804028511,
        "mean": 0.548336029053,
        "median": 0.546462118626,
        "min": 0.00375257688574,
        "var": 0.0101324468851
    },
    "melbands_kurtosis": {
        "dmean": 7.80138587952,
        "dmean2": 13.0328416824,
        "dvar": 175.131118774,
        "dvar2": 457.745117188,
        "max": 326.664306641,
        "mean": 15.726726532,
        "median": 9.3659286499,
        "min": -1.58341050148,
        "var": 372.859191895
    },
    "melbands_skewness": {
        "dmean": 0.637511134148,
        "dmean2": 1.06073534489,
        "dvar": 0.49308988452,
        "dvar2": 1.28134572506,
        "max": 12.1048345566,
        "mean": 1.42935359478,
        "median": 1.19539177418,
        "min": -2.81502389908,
        "var": 1.78942477703
    },
    "melbands_spread": {
        "dmean": 0.511785149574,
        "dmean2": 0.842538416386,
        "dvar": 2.77457499504,
        "dvar2": 4.81052350998,
        "max": 174.116104126,
        "mean": 2.35333919525,
        "median": 1.6398152113,
        "min": 0.0956821590662,
        "var": 69.8539733887
    },
    "pitch_salience": {
        "dmean": 0.0678524971008,
        "dmean2": 0.113564059138,
        "dvar": 0.00392522057518,
        "dvar2": 0.010606600903,
        "max": 0.857086479664,
        "mean": 0.49406477809,
        "median": 0.512599170208,
        "min": 0.0473524816334,
        "var": 0.0180379580706
    },
    "silence_rate_20dB": {
        "dmean": 0,
        "dmean2": 0,
        "dvar": 0,
        "dvar2": 0,
        "max": 1,
        "mean": 1,
        "median": 1,
        "min": 1,
        "var": 0
    },
    "silence_rate_30dB": {
        "dmean": 0.0199896600097,
        "dmean2": 0.039982765913,
        "dvar": 0.0195877682418,
        "dvar2": 0.047338437289,
        "max": 1,
        "mean": 0.959507167339,
        "median": 1,
        "min": 0,
        "var": 0.0388572067022
    },
    "silence_rate_60dB": {
        "dmean": 0.0144752711058,
        "dmean2": 0.028953038156,
        "dvar": 0.0142649328336,
        "dvar2": 0.0336268953979,
        "max": 1,
        "mean": 0.101059705019,
        "median": 0,
        "min": 0,
        "var": 0.0908450558782
    },
    "spectral_centroid": {
        "dmean": 18.2950382233,
        "dmean2": 28.850025177,
        "dvar": 10825.7685547,
        "dvar2": 11778.6679688,
        "max": 11025.6347656,
        "mean": 271.86315918,
        "median": 251.914306641,
        "min": 112.725868225,
        "var": 61878.1679688
    },
    "spectral_complexity": {
        "dmean": 0.640703082085,
        "dmean2": 1.13209819794,
        "dvar": 0.740433692932,
        "dvar2": 1.63238298893,
        "max": 17,
        "mean": 4.48255348206,
        "median": 4,
        "min": 0,
        "var": 3.59273862839
    },
    "spectral_decrease": {
        "dmean": 2.59493515564e-09,
        "dmean2": 4.29935376189e-09,
        "dvar": 1.95600669754e-17,
        "dvar2": 5.12670628705e-17,
        "max": 2.96094387424e-18,
        "mean": -8.21436696441e-09,
        "median": -5.46024647718e-09,
        "min": -8.95641463217e-08,
        "var": 7.61447017728e-17
    },
    "spectral_energy": {
        "dmean": 0.00995881203562,
        "dmean2": 0.0164949297905,
        "dvar": 0.000286996713839,
        "dvar2": 0.000752085004933,
        "max": 0.342174172401,
        "mean": 0.0315702967346,
        "median": 0.0210527274758,
        "min": 1.11223957244e-20,
        "var": 0.00111689697951
    },
    "spectral_energyband_high": {
        "dmean": 2.32497200159e-06,
        "dmean2": 3.57415524377e-06,
        "dvar": 2.79536060965e-10,
        "dvar2": 7.39088457102e-10,
        "max": 0.000875312834978,
        "mean": 3.26782264892e-06,
        "median": 3.19748068023e-07,
        "min": 7.89130223596e-21,
        "var": 2.78718326197e-10
    },
    "spectral_energyband_low": {
        "dmean": 0.00552948797122,
        "dmean2": 0.00956189911813,
        "dvar": 0.000160786992637,
        "dvar2": 0.000431849563029,
        "max": 0.317891776562,
        "mean": 0.0134244337678,
        "median": 0.00433629285544,
        "min": 1.02057270337e-22,
        "var": 0.000636984885205
    },
    "spectral_energyband_middle_high": {
        "dmean": 2.05074265978e-05,
        "dmean2": 2.83379376924e-05,
        "dvar": 3.49367157426e-09,
        "dvar2": 7.25072712982e-09,
        "max": 0.00131060951389,
        "mean": 8.58526254888e-05,
        "median": 3.59920777555e-05,
        "min": 1.96210290718e-21,
        "var": 1.65759495019e-08
    },
    "spectral_energyband_middle_low": {
        "dmean": 0.00656468002126,
        "dmean2": 0.0105541078374,
        "dvar": 0.000106984822196,
        "dvar2": 0.000281264801743,
        "max": 0.18003231287,
        "mean": 0.0193407442421,
        "median": 0.0134512074292,
        "min": 3.32996161501e-22,
        "var": 0.000362232705811
    },
    "spectral_entropy": {
        "dmean": 0.226656422019,
        "dmean2": 0.367919534445,
        "dvar": 0.0625773072243,
        "dvar2": 0.155641168356,
        "max": 9.78753662109,
        "mean": 4.81124305725,
        "median": 4.77361249924,
        "min": 2.61503005028,
        "var": 0.399430543184
    },
    "spectral_flux": {
        "dmean": 0.0244963727891,
        "dmean2": 0.0400138087571,
        "dvar": 0.00106170552317,
        "dvar2": 0.00240135309286,
        "max": 0.418881297112,
        "mean": 0.0543558932841,
        "median": 0.0423229038715,
        "min": 1.05462770461e-10,
        "var": 0.00205812952481
    },
    "spectral_kurtosis": {
        "dmean": 34.738079071,
        "dmean2": 59.0477256775,
        "dvar": 1621.08959961,
        "dvar2": 4530.03808594,
        "max": 652.877380371,
        "mean": 96.8715133667,
        "median": 80.4874572754,
        "min": -1.18696880341,
        "var": 5668.59082031
    },
    "spectral_rms": {
        "dmean": 0.000806008698419,
        "dmean2": 0.00132212380413,
        "dvar": 1.08094934603e-06,
        "dvar2": 2.74659373645e-06,
        "max": 0.0182709731162,
        "mean": 0.00486192386597,
        "median": 0.00453202473,
        "min": 3.29410348825e-12,
        "var": 7.16198292139e-06
    },
    "spectral_rolloff": {
        "dmean": 25.4084682465,
        "dmean2": 44.9113807678,
        "dvar": 43160.0898438,
        "dvar2": 62716.0742188,
        "max": 19099.9511719,
        "mean": 357.890594482,
        "median": 258.3984375,
        "min": 21.533203125,
        "var": 1397909.25
    },
    "spectral_skewness": {
        "dmean": 1.50942027569,
        "dmean2": 2.57523012161,
        "dvar": 1.94459307194,
        "dvar2": 5.00355195999,
        "max": 21.2234153748,
        "mean": 7.34317302704,
        "median": 7.0502872467,
        "min": -0.04300320521,
        "var": 10.1538438797
    },
    "spectral_spread": {
        "dmean": 496035.125,
        "dmean2": 881605.75,
        "dvar": 298705190912,
        "dvar2": 647531069440,
        "max": 39574360,
        "mean": 1430247.5,
        "median": 1285183.125,
        "min": 130675.617188,
        "var": 1.03788668518e+12
    },
    "spectral_strongpeak": {
        "dmean": 0.257838457823,
        "dmean2": 0.431119322777,
        "dvar": 0.113577969372,
        "dvar2": 0.298158049583,
        "max": 4.09026861191,
        "mean": 0.872686445713,
        "median": 0.755054831505,
        "min": 0,
        "var": 0.353847414255
    },
    "zerocrossingrate": {
        "dmean": 0.00117038562894,
        "dmean2": 0.00161799706984,
        "dvar": 1.82004641829e-05,
        "dvar2": 1.54579174705e-05,
        "max": 0.51513671875,
        "mean": 0.0131473736838,
        "median": 0.01123046875,
        "min": 0.00048828125,
        "var": 0.000975782284513
    },
    "barkbands": {
        "dmean": [2.34812359849e-05, 0.00243362551555, 0.00328607205302, 0.00118007266428, 0.00553623912856, 0.00103229621891, 7.16750073479e-05, 8.74997112987e-06, 6.46313901598e-06, 3.22409346154e-06, 6.31072862234e-06, 4.28361909144e-06, 2.48894139077e-06, 2.71825865639e-06, 3.01153613691e-06, 2.14245346797e-06, 3.00512670037e-06, 2.36832443079e-06, 1.48675883338e-06, 7.54920620238e-07, 9.72747443484e-07, 8.32965383779e-07, 2.90719043505e-07, 7.36626546427e-08, 2.42336639644e-08, 3.02495029025e-09, 1.69501879199e-09],
        "dmean2": [4.0934606659e-05, 0.00438406784087, 0.00556887220591, 0.00189169344958, 0.00894830748439, 0.00167804467492, 0.000118060626846, 1.22335859487e-05, 9.05623801373e-06, 4.0096392695e-06, 7.94723837316e-06, 5.72724047743e-06, 3.55943961949e-06, 3.88111357097e-06, 4.4731041271e-06, 3.41813847626e-06, 4.64940512757e-06, 3.39079747391e-06, 2.20862330025e-06, 1.1402707969e-06, 1.5217191276e-06, 1.29682723582e-06, 4.90698425892e-07, 1.21244241313e-07, 3.51427225098e-08, 5.28289589852e-09, 3.22903859207e-09],
        "dvar": [8.76926475879e-10, 3.78767254006e-05, 5.74194236833e-05, 6.75772662362e-06, 9.88707324723e-05, 3.4284485082e-06, 2.24766036894e-08, 3.29677646294e-10, 2.67056071701e-10, 8.70110788975e-11, 2.48756015786e-10, 1.53729751151e-10, 8.31721358452e-11, 6.11741698964e-11, 9.90441478832e-11, 4.4228412599e-11, 1.54912374595e-10, 9.93016849304e-11, 5.48501626063e-11, 1.49868173427e-11, 8.37939578835e-11, 3.01164683469e-11, 6.29153500131e-12, 3.49476090428e-13, 5.69076036294e-14, 8.62790195293e-16, 5.91034179606e-16],
        "dvar2": [2.38754238602e-09, 0.000105290062493, 0.000151472137077, 1.62827800523e-05, 0.000264573958702, 8.98279813555e-06, 6.0705872329e-08, 6.33342434053e-10, 5.56147017328e-10, 1.33160441007e-10, 4.16611106724e-10, 2.82179973832e-10, 1.44461734242e-10, 1.1644667175e-10, 2.20947232732e-10, 1.13956052927e-10, 3.83356485445e-10, 2.00122488025e-10, 1.23574053768e-10, 3.39676030359e-11, 2.29863364454e-10, 7.47483880348e-11, 1.77384912314e-11, 9.57371551827e-13, 1.04318036685e-13, 2.44674826528e-15, 1.77475425306e-15],
        "max": [0.000810833298601, 0.115097336471, 0.24475389719, 0.102821402252, 0.172848492861, 0.0476703494787, 0.0053447089158, 0.000859851599671, 0.00057536008535, 0.000473175459774, 0.000678021577187, 0.000343243475072, 0.000471641746117, 0.000208979137824, 0.000447851140052, 0.000204148193006, 0.000419186311774, 0.000339401711244, 0.000195668835659, 0.000130002837977, 0.000588856404647, 0.00022498020553, 0.00010617706721, 3.32931958837e-05, 1.98252637347e-05, 1.6855043441e-06, 1.84575901585e-06],
        "mean": [2.4901022698e-05, 0.00401506619528, 0.0081033827737, 0.00294428644702, 0.0127432448789, 0.00335645140149, 0.000239092114498, 3.22172236338e-05, 1.99356345547e-05, 1.44133064168e-05, 2.2205102141e-05, 1.11133049359e-05, 6.50789706924e-06, 7.15802707418e-06, 7.41963367545e-06, 4.63726610178e-06, 6.63251512378e-06, 4.86377757625e-06, 2.63410947809e-06, 1.32430773192e-06, 1.2669103171e-06, 1.15748161988e-06, 3.22340923731e-07, 7.90336827095e-08, 3.49046551662e-08, 3.07624259399e-09, 1.31846311646e-09],
        "median": [1.58374314196e-05, 0.000443696219008, 0.00179549038876, 0.000987462000921, 0.00724167656153, 0.00161387061235, 0.000107460116851, 1.29249156089e-05, 6.38718665869e-06, 1.78275342932e-06, 4.31910166299e-06, 2.21946743295e-06, 1.19460776205e-06, 1.34671677188e-06, 1.86503564237e-06, 1.3127666989e-06, 1.33971639116e-06, 7.08632910573e-07, 3.00934800634e-07, 1.02800960633e-07, 9.01471608472e-08, 9.0101650585e-08, 2.59854306961e-08, 6.98434510227e-09, 2.14180673197e-09, 7.70207175815e-10, 3.84736464909e-10],
        "min": [9.97733129123e-24, 1.49481221376e-23, 3.57635013874e-23, 6.9981037349e-23, 3.03101627476e-23, 4.23724518336e-23, 5.72407885792e-23, 5.99344772024e-23, 4.26856264575e-23, 5.18763671852e-23, 1.10139131378e-22, 2.09782260153e-22, 1.21034751983e-22, 7.88328518773e-23, 1.00066349495e-22, 2.52343603152e-22, 9.30854732201e-23, 3.36553507665e-22, 5.27382923875e-22, 3.18065965438e-22, 7.12947495025e-22, 4.59976286758e-22, 5.76531255433e-22, 9.3950774116e-22, 1.10190393453e-21, 1.36718394776e-21, 2.76288341233e-21],
        "var": [8.61824056564e-10, 8.89980146894e-05, 0.000341235165251, 3.68378568965e-05, 0.000247988296906, 2.23211336561e-05, 1.61182569514e-07, 3.06376457537e-09, 1.2090930479e-09, 1.11130227243e-09, 2.05492756145e-09, 5.69922664617e-10, 3.90209198287e-10, 2.74805733724e-10, 2.87373735919e-10, 9.60847720832e-11, 3.09323816561e-10, 2.54824272794e-10, 9.47132303142e-11, 3.3360727375e-11, 7.05947453272e-11, 3.46405508445e-11, 4.52581765467e-12, 2.76398505862e-13, 1.31003321797e-13, 5.8102690885e-16, 2.97232940326e-16]
    },
    "erbbands": {
        "dmean": [0.0292334966362, 0.70955914259, 3.57288217545, 3.20127487183, 6.6491189003, 27.8112258911, 16.0491466522, 7.48002910614, 3.31974363327, 0.424550056458, 0.206910043955, 0.153200283647, 0.107827052474, 0.130421459675, 0.207950130105, 0.188928216696, 0.142116174102, 0.125021830201, 0.149007990956, 0.162491410971, 0.119431056082, 0.145914196968, 0.123494021595, 0.0943400859833, 0.0615104958415, 0.0382344089448, 0.0342888273299, 0.0392926633358, 0.0341229736805, 0.0173393562436, 0.00683929119259, 0.00232059881091, 0.00095721159596, 0.000425868376624, 0.000100562574517, 2.32703478105e-05, 5.34674700248e-06, 1.13655028144e-06, 4.49855770057e-06, 1.08604444904e-05],
        "dmean2": [0.052339758724, 1.27584064007, 6.09865760803, 5.18211746216, 10.473526001, 45.1845283508, 25.072889328, 12.617565155, 5.95810985565, 0.647064268589, 0.288243681192, 0.206310063601, 0.14967893064, 0.153942212462, 0.262858688831, 0.254739433527, 0.193945541978, 0.18281903863, 0.212976038456, 0.249613374472, 0.187270790339, 0.223545402288, 0.177794858813, 0.13886795938, 0.0924620330334, 0.0576465092599, 0.0528318621218, 0.0611600726843, 0.0529426559806, 0.0281299259514, 0.0114910053089, 0.00382424145937, 0.00156321527902, 0.000619709433522, 0.000150661842781, 3.8419439079e-05, 9.10405378818e-06, 2.10044277082e-06, 7.44052476875e-06, 1.79796661541e-05],
        "dvar": [0.00523307453841, 3.18926525116, 71.2675094604, 38.7304801941, 138.563400269, 3129.05493164, 680.479736328, 164.250259399, 47.8912620544, 0.828834414482, 0.240527674556, 0.152423143387, 0.11371409148, 0.0655632615089, 0.279606759548, 0.301579922438, 0.239312827587, 0.15994592011, 0.26485273242, 0.244753330946, 0.214639812708, 0.338733285666, 0.251960158348, 0.189308583736, 0.110538467765, 0.0405813269317, 0.107367686927, 0.096594363451, 0.0521689653397, 0.0134915662929, 0.00551518145949, 0.000348211353412, 5.96092831984e-05, 2.21460959438e-05, 4.14257669945e-07, 3.77235629401e-08, 1.81767911833e-09, 2.59299665073e-10, 7.05221853137e-11, 3.39935635196e-10],
        "dvar2": [0.0144777875394, 8.83452129364, 188.11378479, 97.2474365234, 322.999694824, 8329.94433594, 1761.23168945, 476.086853027, 164.213897705, 2.27217888832, 0.471146255732, 0.300688356161, 0.209497481585, 0.090922690928, 0.470784634352, 0.577470064163, 0.406437665224, 0.3248282969, 0.572215139866, 0.567007303238, 0.557758808136, 0.822562158108, 0.523878157139, 0.416170448065, 0.257667392492, 0.0891476497054, 0.285827547312, 0.258082985878, 0.129677429795, 0.0356053300202, 0.0157801229507, 0.000954649352934, 0.000158109338372, 4.17244882556e-05, 7.81584674314e-07, 1.00700759731e-07, 5.36451816302e-09, 7.78139441771e-10, 1.89311816223e-10, 8.90507834139e-10],
        "max": [1.33202457428, 34.4562797546, 264.815155029, 204.296081543, 227.756546021, 1024.56518555, 485.65322876, 329.037567139, 181.313903809, 39.8534889221, 24.35115242, 16.0611038208, 17.8944606781, 10.4003419876, 25.4434604645, 17.1857242584, 25.0683937073, 9.85137939453, 25.8930969238, 17.2598266602, 18.8404865265, 16.0060367584, 19.4609375, 12.1384325027, 9.42317485809, 7.83791971207, 21.1195392609, 16.8013019562, 8.32133674622, 6.03636312485, 3.82240152359, 1.02426946163, 0.410413205624, 0.416492938995, 0.0354942157865, 0.0130806174129, 0.00309628318064, 0.00122358032968, 0.000299419043586, 0.000371534493752],
        "mean": [0.0381253883243, 1.2745153904, 8.46350097656, 9.39141559601, 15.3513059616, 61.2038955688, 43.2751693726, 23.6633987427, 8.25846385956, 1.80354321003, 0.762169122696, 0.545542776585, 0.367095887661, 0.596069931984, 0.758375346661, 0.525321662426, 0.405195862055, 0.317068606615, 0.381015241146, 0.388402760029, 0.281360268593, 0.332717239857, 0.276081055403, 0.181436002254, 0.103010632098, 0.0698511973023, 0.0498528815806, 0.0501508153975, 0.0462767891586, 0.0222034398466, 0.00750851258636, 0.00255410978571, 0.00107696233317, 0.000611240393482, 0.000156890164362, 3.70062407455e-05, 1.24829939523e-05, 1.78567347575e-06, 1.43922015923e-05, 3.45046319126e-05],
        "median": [0.00858907494694, 0.165615811944, 1.82172966003, 4.43193244934, 7.59036827087, 27.2447242737, 25.6470165253, 12.1302947998, 3.2773463726, 0.953521430492, 0.306570142508, 0.195992037654, 0.130601212382, 0.182546824217, 0.216892540455, 0.136087864637, 0.0952681899071, 0.0708370357752, 0.0866500660777, 0.100537575781, 0.0814657881856, 0.0765397697687, 0.0476390980184, 0.0248486306518, 0.0109078865498, 0.00506513239816, 0.00323866913095, 0.00389628391713, 0.0036078018602, 0.00178824155591, 0.000646433152724, 0.000239054643316, 0.000109359731141, 5.21226611454e-05, 2.82314776996e-05, 1.63967379194e-05, 7.89969544712e-06, 1.09046925445e-06, 9.69022858044e-06, 2.30945606745e-05],
        "min": [3.91139198696e-22, 4.56649540414e-21, 4.75059390065e-20, 1.43606011889e-19, 1.14845484828e-19, 1.41414745823e-19, 1.65854637126e-19, 4.04107895475e-19, 5.77029873282e-19, 1.43681117304e-18, 1.10036972775e-18, 8.39090876e-19, 1.82577641588e-18, 2.53318210292e-18, 5.68018474631e-18, 8.73863129449e-18, 5.33028362489e-18, 3.27315389067e-18, 6.70854519642e-18, 8.64571657782e-18, 9.82776263624e-18, 5.87420450848e-18, 1.48454567756e-17, 1.90731967387e-17, 2.88785957199e-17, 1.54843479197e-17, 2.2235973096e-17, 2.95368759775e-17, 1.8886990111e-17, 1.77158314038e-17, 1.36079846531e-17, 1.80972576191e-17, 1.72955078473e-17, 1.15889881519e-17, 7.69102855539e-18, 4.72882488507e-18, 2.59968804455e-18, 1.35853093577e-18, 3.77694700197e-19, 4.00543987806e-20],
        "var": [0.00707787461579, 8.39599227905, 400.027191162, 186.340057373, 509.405517578, 7719.77050781, 2662.76123047, 1047.73449707, 192.537902832, 6.7137928009, 2.0256986618, 0.851933956146, 0.700271010399, 1.11075723171, 2.24230790138, 1.11963140965, 1.14851653576, 0.536322891712, 0.799173235893, 0.783712625504, 0.392438113689, 0.717245042324, 0.653915464878, 0.339764863253, 0.175572618842, 0.104654274881, 0.11196129024, 0.0853793844581, 0.0582534745336, 0.0132521865889, 0.00358760659583, 0.000279543135548, 5.27528281964e-05, 4.58726681245e-05, 1.13054886697e-06, 3.32748832932e-08, 1.12920106599e-09, 1.32266128605e-10, 2.32820235313e-10, 1.32350697069e-09]
    },
    "gfcc": {
        "mean": [-235.209396362, 216.977615356, -56.0762367249, 29.9682807922, -26.1735134125, -29.7907218933, -36.3077278137, -34.5352783203, -12.35663414, -22.0144920349, -2.89572000504, -0.716247498989, 2.04330945015],
        "cov": [[11817.8574219, 609.705749512, -2225.20849609, 774.623962402, -158.108566284, 26.786233902, 12.4243593216, -473.299072266, 14.1087989807, -266.772186279, 74.1455078125, -98.3059921265, 75.5490112305], [609.705749512, 893.150756836, 277.049835205, -324.049743652, 241.399017334, -212.756607056, 3.291233778, -34.3687362671, -7.31346750259, -42.4730186462, -15.0211639404, -5.08348274231, -14.6540327072], [-2225.20849609, 277.049835205, 1256.93017578, -168.112167358, 226.877914429, -14.4545860291, -45.1282463074, 79.6782531738, 5.62622356415, 52.2406196594, -41.1259536743, -22.3014698029, -40.3155403137], [774.623962402, -324.049743652, -168.112167358, 471.377319336, -77.1926269531, 141.003356934, 49.8430786133, -19.2349033356, 60.6202774048, 15.4652433395, 12.8449964523, -29.8540630341, 9.40324211121], [-158.108566284, 241.399017334, 226.877914429, -77.1926269531, 338.295135498, -49.7747764587, 15.4923210144, 21.9889774323, -24.6168231964, 20.0545330048, -28.2308120728, -26.8687820435, -28.8285388947], [26.786233902, -212.756607056, -14.4545860291, 141.003356934, -49.7747764587, 239.730636597, 61.7339744568, 22.9589805603, 25.3440437317, -0.282989561558, 21.8406906128, -4.28283786774, -7.58177566528], [12.4243593216, 3.291233778, -45.1282463074, 49.8430786133, 15.4923210144, 61.7339744568, 151.150787354, 51.9750709534, 6.50852870941, 5.84837198257, 2.98220443726, 22.2483139038, 7.07082700729], [-473.299072266, -34.3687362671, 79.6782531738, -19.2349033356, 21.9889774323, 22.9589805603, 51.9750709534, 139.758056641, 29.8041915894, 21.2595081329, 3.19525766373, 12.1539974213, 11.8590784073], [14.1087989807, -7.31346750259, 5.62622356415, 60.6202774048, -24.6168231964, 25.3440437317, 6.50852870941, 29.8041915894, 100.103408813, 27.5794715881, -3.8254673481, -8.42268180847, 5.28330993652], [-266.772186279, -42.4730186462, 52.2406196594, 15.4652433395, 20.0545330048, -0.282989561558, 5.84837198257, 21.2595081329, 27.5794715881, 98.4094085693, 18.254240036, -20.4342422485, 3.57323217392], [74.1455078125, -15.0211639404, -41.1259536743, 12.8449964523, -28.2308120728, 21.8406906128, 2.98220443726, 3.19525766373, -3.8254673481, 18.254240036, 79.4154129028, 26.3270053864, -9.95826625824], [-98.3059921265, -5.08348274231, -22.3014698029, -29.8540630341, -26.8687820435, -4.28283786774, 22.2483139038, 12.1539974213, -8.42268180847, -20.4342422485, 26.3270053864, 85.1371765137, 22.5204277039], [75.5490112305, -14.6540327072, -40.3155403137, 9.40324211121, -28.8285388947, -7.58177566528, 7.07082700729, 11.8590784073, 5.28330993652, 3.57323217392, -9.95826625824, 22.5204277039, 71.8048248291]],
        "icov": [[0.000284992624074, -0.000693837122526, 0.000542988069355, -0.000704391684849, 1.7387461412e-05, -0.000355818279786, 0.000425898411777, 0.000200195761863, 0.000284256733721, 0.000198917623493, -4.6616391046e-05, 0.000185807904927, -0.000245489849476], [-0.000693837122526, 0.0050799800083, -0.00196482799947, 0.00381715851836, -0.00193159817718, 0.00342546659522, -0.00401797611266, 0.00215572863817, -0.00423182127997, 0.00333317904733, -0.00354242487811, 0.0024588839151, -0.0013274619123], [0.000542988069355, -0.00196482799947, 0.00221705320291, -0.00148710177746, -0.000192484571016, -0.00156461820006, 0.00209922459908, -0.000727307400666, 0.00123494013678, -0.00102997035719, 0.00142184621654, -0.000717746268492, 0.000520850066096], [-0.000704391684849, 0.00381715851836, -0.00148710177746, 0.00620100693777, -0.00104802718852, 0.00100921932608, -0.00377595238388, 0.002276991494, -0.00456314813346, 0.00194561900571, -0.00279335398227, 0.0028543737717, -0.00148900377098], [1.7387461412e-05, -0.00193159817718, -0.000192484571016, -0.00104802718852, 0.00502678379416, -0.000603408552706, 0.000604195578489, -0.00178999791387, 0.00310319522396, -0.002900413936, 0.00308901653625, -0.000842915091198, 0.00241604493931], [-0.000355818279786, 0.00342546659522, -0.00156461820006, 0.00100921932608, -0.000603408552706, 0.00844901893288, -0.00503653800115, 0.00127372180577, -0.00350516987965, 0.0039028970059, -0.00462654465809, 0.00328897964209, -0.00061121082399], [0.000425898411777, -0.00401797611266, 0.00209922459908, -0.00377595238388, 0.000604195578489, -0.00503653800115, 0.0130899492651, -0.00552853103727, 0.00486116763204, -0.00455356994644, 0.00546932313591, -0.0061250613071, 0.00228831963614], [0.000200195761863, 0.00215572863817, -0.000727307400666, 0.002276991494, -0.00178999791387, 0.00127372180577, -0.00552853103727, 0.0122451055795, -0.00570660363883, 0.00247056013905, -0.00384140410461, 0.00230524293147, -0.00349815771915], [0.000284256733721, -0.00423182127997, 0.00123494013678, -0.00456314813346, 0.00310319522396, -0.00350516987965, 0.00486116763204, -0.00570660363883, 0.0172654986382, -0.00761573854834, 0.00656888820231, -0.00370571343228, 0.00264965021051], [0.000198917623493, 0.00333317904733, -0.00102997035719, 0.00194561900571, -0.002900413936, 0.0039028970059, -0.00455356994644, 0.00247056013905, -0.00761573854834, 0.0192370470613, -0.0112931486219, 0.00994370970875, -0.00615594023839], [-4.6616391046e-05, -0.00354242487811, 0.00142184621654, -0.00279335398227, 0.00308901653625, -0.00462654465809, 0.00546932313591, -0.00384140410461, 0.00656888820231, -0.0112931486219, 0.0236812848598, -0.0126910731196, 0.00868100300431], [0.000185807904927, 0.0024588839151, -0.000717746268492, 0.0028543737717, -0.000842915091198, 0.00328897964209, -0.0061250613071, 0.00230524293147, -0.00370571343228, 0.00994370970875, -0.0126910731196, 0.0224888063967, -0.00927466433495], [-0.000245489849476, -0.0013274619123, 0.000520850066096, -0.00148900377098, 0.00241604493931, -0.00061121082399, 0.00228831963614, -0.00349815771915, 0.00264965021051, -0.00615594023839, 0.00868100300431, -0.00927466433495, 0.0198834836483]]
    },
    "melbands": {
        "dmean": [0.000464343786007, 0.00153617409524, 0.000657893077005, 0.00110199349001, 0.00082040624693, 0.000173656953848, 4.70851518912e-05, 3.31232081408e-06, 1.68260487499e-06, 8.66236575803e-07, 5.31743808097e-07, 4.87235070068e-07, 9.49249454152e-07, 3.18600001492e-07, 5.43467535863e-07, 2.45539865773e-07, 2.27607301895e-07, 2.52403083323e-07, 1.82949634109e-07, 1.91744163658e-07, 1.54314420797e-07, 1.67034997389e-07, 1.49858720988e-07, 1.27180186382e-07, 7.41757659739e-08, 5.26860617356e-08, 3.51573028468e-08, 2.23227480944e-08, 1.86758093434e-08, 2.51779486149e-08, 2.18373710226e-08, 2.1114926696e-08, 1.45920378003e-08, 8.20696488546e-09, 4.38755254351e-09, 2.03773198315e-09, 1.1941584388e-09, 7.43126393754e-10, 4.25009305527e-10, 3.44066164448e-10],
        "dmean2": [0.000835284241475, 0.00266758049838, 0.00105518847704, 0.00178736459929, 0.00130607956089, 0.000291129748803, 8.52059602039e-05, 4.75704791825e-06, 2.35497418544e-06, 1.18064178878e-06, 7.42979466395e-07, 5.71537441374e-07, 1.18894456591e-06, 4.46615047167e-07, 7.21588435226e-07, 3.52020322225e-07, 3.31411854404e-07, 3.56332208185e-07, 2.77950903183e-07, 2.98067078575e-07, 2.42161746655e-07, 2.55626758872e-07, 2.25646274998e-07, 1.85843418876e-07, 1.10205043313e-07, 7.9694707722e-08, 5.35156310377e-08, 3.41248629354e-08, 2.86486177004e-08, 4.01521802473e-08, 3.38338423944e-08, 3.27349241047e-08, 2.33377388525e-08, 1.37025715219e-08, 7.442695793e-09, 3.39893957424e-09, 1.97563476689e-09, 1.22281862414e-09, 6.83652245925e-10, 4.76335693111e-10],
        "dvar": [1.36639289394e-06, 1.33968869704e-05, 1.37811537115e-06, 3.93130585508e-06, 2.10140683521e-06, 9.14590927437e-08, 9.93607152111e-09, 6.46150424832e-11, 1.64021071031e-11, 5.13154753065e-12, 2.86516557008e-12, 1.0243431537e-12, 5.8890084649e-12, 1.11475021922e-12, 2.16331379893e-12, 6.09844856905e-13, 4.91768897739e-13, 6.53593878238e-13, 3.19788954432e-13, 2.98181564076e-13, 4.68879871995e-13, 5.08284603642e-13, 3.80387317781e-13, 2.8141272407e-13, 1.20859417851e-13, 7.82752091226e-14, 3.8392530664e-14, 1.47688376692e-14, 1.96307288594e-14, 1.03309599916e-13, 2.12653177944e-14, 2.16977501369e-14, 9.31827213318e-15, 3.74419182927e-15, 3.00070442466e-15, 2.62503954214e-16, 1.03241504131e-16, 3.94410899547e-17, 1.43031885989e-17, 1.86879588751e-17],
        "dvar2": [3.79876610168e-06, 3.59016776201e-05, 3.41808686244e-06, 1.04126893348e-05, 5.6731200857e-06, 2.63094506181e-07, 3.45401041102e-08, 1.71784225733e-10, 3.41047988461e-11, 1.04117625979e-11, 5.296411313e-12, 1.33798473603e-12, 9.769493374e-12, 2.36508360639e-12, 3.559702446e-12, 1.11518921268e-12, 9.9204780675e-13, 1.33879441821e-12, 7.51654326888e-13, 6.99310455463e-13, 1.24580348208e-12, 1.26230753281e-12, 8.4566332886e-13, 5.80493769373e-13, 2.70596940037e-13, 1.854608047e-13, 8.84370091807e-14, 3.22745709281e-14, 4.9648931071e-14, 2.92737188656e-13, 5.40535972644e-14, 5.36994358485e-14, 2.33705080706e-14, 1.02767364998e-14, 8.63526457507e-15, 7.19357182955e-16, 2.85633088811e-16, 1.07310696732e-16, 3.09860434712e-17, 3.23944210344e-17],
        "max": [0.0207977667451, 0.101224385202, 0.0347681157291, 0.0373020134866, 0.0248417835683, 0.00730929849669, 0.00243858573958, 0.000366890890291, 0.000194130989257, 8.67425333126e-05, 8.95488483366e-05, 4.48953796877e-05, 0.00011103599536, 4.05573846365e-05, 4.02257937822e-05, 3.46353190253e-05, 2.26940665016e-05, 3.84977865906e-05, 2.30913756241e-05, 1.73150692717e-05, 3.04331806547e-05, 2.18674613279e-05, 3.34585784003e-05, 1.61634743563e-05, 9.80634013104e-06, 7.93421259004e-06, 6.57712325847e-06, 4.91098808197e-06, 7.18983255865e-06, 2.26800584642e-05, 5.39626762475e-06, 5.54540702069e-06, 3.79885477741e-06, 3.11183680424e-06, 2.84193197331e-06, 6.44410363293e-07, 5.85534792208e-07, 3.41795498571e-07, 2.91096654337e-07, 3.44632667293e-07],
        "mean": [0.000707468774635, 0.00354502140544, 0.0018696783809, 0.00249807233922, 0.00204150378704, 0.000544600421563, 0.000110874796519, 1.41031614476e-05, 5.67088090975e-06, 2.90597063213e-06, 1.70676662492e-06, 2.24351606448e-06, 3.37332744493e-06, 8.57709153479e-07, 1.47071500578e-06, 6.34090440599e-07, 5.70973952563e-07, 6.44971635211e-07, 4.39733526036e-07, 4.38789385271e-07, 3.28733534616e-07, 3.54666639168e-07, 3.25634289311e-07, 2.35266810478e-07, 1.36546162821e-07, 8.54297965702e-08, 5.8916445056e-08, 3.98459647499e-08, 2.78294951528e-08, 3.1596126604e-08, 2.73744511503e-08, 2.81452745554e-08, 1.94683078547e-08, 9.63996171777e-09, 4.61028548671e-09, 2.21994667093e-09, 1.25207111346e-09, 8.12954759066e-10, 4.47496345535e-10, 5.43180000978e-10],
        "median": [9.8286967841e-05, 0.000773797975853, 0.000982499332167, 0.00141346780583, 0.00120133149903, 0.000277138082311, 3.8310259697e-05, 5.84202143727e-06, 1.76681226094e-06, 9.65736262515e-07, 4.99613122429e-07, 6.04350191225e-07, 6.94670632129e-07, 1.98553195219e-07, 3.6055706687e-07, 1.27678958961e-07, 1.17854582982e-07, 1.27476283751e-07, 1.2117136805e-07, 1.10251598073e-07, 8.58132338522e-08, 7.71273747091e-08, 5.13459639251e-08, 3.16368335973e-08, 1.71657248416e-08, 9.0754808113e-09, 4.88402340793e-09, 2.40304021126e-09, 1.73547920479e-09, 1.83194670544e-09, 2.14164552759e-09, 1.99730543216e-09, 1.3686124456e-09, 6.74868549932e-10, 3.34917066303e-10, 1.77805686841e-10, 9.75086122956e-11, 6.17610962372e-11, 3.6049076918e-11, 2.07768784816e-11],
        "min": [4.59173371507e-24, 1.63336995196e-23, 2.36582146489e-23, 8.98337207268e-24, 5.41601763038e-24, 9.09668641968e-24, 9.44769560149e-24, 1.52275761133e-23, 8.40251801094e-24, 5.90284262766e-24, 8.83637415387e-24, 9.13151383979e-24, 1.73304173848e-23, 2.58451248271e-23, 1.82490932405e-23, 8.30123379274e-24, 5.79269437389e-24, 1.08075427074e-23, 6.79030246856e-24, 2.0495999446e-23, 8.432632776e-24, 5.0498934792e-24, 6.89950211709e-24, 2.14556455818e-23, 1.34012290113e-23, 2.29605034658e-23, 1.28780659253e-23, 1.04711132528e-23, 1.13452918315e-23, 1.95052990118e-23, 1.60885893923e-23, 1.17042172325e-23, 7.8283834664e-24, 1.02799872438e-23, 7.79440328291e-24, 8.2025654373e-24, 1.24385883596e-23, 1.23600998549e-23, 1.16837533918e-23, 9.07415812995e-24],
        "var": [2.67742052529e-06, 6.16553879809e-05, 6.73197791912e-06, 1.00519919215e-05, 5.71746795686e-06, 5.61192223358e-07, 3.69308850168e-08, 5.38237288072e-10, 1.28076771411e-10, 2.58725003227e-11, 1.7380048789e-11, 1.92673065003e-11, 4.83592575706e-11, 3.81612666814e-12, 9.17049075566e-12, 2.55864123291e-12, 1.74745276842e-12, 2.39214485893e-12, 8.8325776814e-13, 9.20590968907e-13, 6.80092592485e-13, 9.00767633226e-13, 9.81521721538e-13, 5.97574453028e-13, 2.05536095413e-13, 1.11154981703e-13, 7.13961631786e-14, 3.83272278119e-14, 2.68432194875e-14, 7.38512509067e-14, 2.12837272085e-14, 2.36590701728e-14, 1.08177610072e-14, 3.11632230438e-15, 1.85740010476e-15, 2.24339534816e-16, 7.73753744707e-17, 3.27979098111e-17, 1.73190874579e-17, 4.993192057e-17]
    },
    "mfcc": {
        "mean": [-871.505554199, 211.686401367, 54.1436920166, 48.7939300537, 31.595249176, 8.14949798584, -11.306637764, -7.15174770355, -14.0156679153, -21.1953105927, -10.9535179138, -9.39032173157, -3.88121032715],
        "cov": [[5721.609375, 1386.98962402, -1667.78405762, 350.543609619, -224.058135986, 157.358200073, -73.6348571777, 135.214019775, -74.4816589355, -196.257415771, 82.7347717285, -138.947402954, -46.1972999573], [1386.98962402, 1255.51159668, -80.6907348633, -83.1436233521, 149.11819458, -64.4873886108, -34.0636672974, 13.9919939041, -30.5359973907, -107.801277161, -39.8274383545, -31.0852470398, -15.1529569626], [-1667.78405762, -80.6907348633, 927.73626709, -2.90340733528, 144.818099976, 2.43092274666, -0.596743404865, -50.8737678528, 16.5910778046, 53.0947341919, -48.2976799011, 49.7851448059, 22.7783546448], [350.543609619, -83.1436233521, -2.90340733528, 293.888946533, 35.0137557983, 78.4670028687, 20.0134525299, 3.21516036987, 17.4123306274, 24.2402877808, 25.5452213287, -2.83855557442, 8.08465385437], [-224.058135986, 149.11819458, 144.818099976, 35.0137557983, 210.653244019, 33.4697799683, 12.8857593536, -3.25833821297, 11.801908493, 26.695066452, -4.27301597595, 10.8076047897, -6.7773065567], [157.358200073, -64.4873886108, 2.43092274666, 78.4670028687, 33.4697799683, 172.335113525, 55.6055450439, 7.19391965866, 8.33760738373, 33.3549766541, 33.70885849, -3.78184103966, -8.05250453949], [-73.6348571777, -34.0636672974, -0.596743404865, 20.0134525299, 12.8857593536, 55.6055450439, 136.477645874, 54.5291404724, 6.77689599991, 16.9812793732, 23.2887496948, 13.9125165939, -0.0441587939858], [135.214019775, 13.9919939041, -50.8737678528, 3.21516036987, -3.25833821297, 7.19391965866, 54.5291404724, 137.753448486, 47.3014831543, -18.451374054, 17.6683540344, 13.0613822937, 4.62124586105], [-74.4816589355, -30.5359973907, 16.5910778046, 17.4123306274, 11.801908493, 8.33760738373, 6.77689599991, 47.3014831543, 119.802642822, 49.7795333862, -10.755112648, 8.05169582367, 12.8146686554], [-196.257415771, -107.801277161, 53.0947341919, 24.2402877808, 26.695066452, 33.3549766541, 16.9812793732, -18.451374054, 49.7795333862, 137.591995239, 40.5835723877, -12.0438737869, -1.30773687363], [82.7347717285, -39.8274383545, -48.2976799011, 25.5452213287, -4.27301597595, 33.70885849, 23.2887496948, 17.6683540344, -10.755112648, 40.5835723877, 110.488647461, 17.7405109406, -22.0724525452], [-138.947402954, -31.0852470398, 49.7851448059, -2.83855557442, 10.8076047897, -3.78184103966, 13.9125165939, 13.0613822937, 8.05169582367, -12.0438737869, 17.7405109406, 90.2872467041, 29.2108745575], [-46.1972999573, -15.1529569626, 22.7783546448, 8.08465385437, -6.7773065567, -8.05250453949, -0.0441587939858, 4.62124586105, 12.8146686554, -1.30773687363, -22.0724525452, 29.2108745575, 83.0212783813]],
