{
"lowlevel": {
    "average_loudness": 0.404019236565,
    "barkbands_crest": {
        "dmean": 2.4495010376,
        "dmean2": 4.07401227951,
        "dvar": 5.83298063278,
        "dvar2": 15.2000513077,
        "max": 26.9003620148,
        "mean": 14.5677242279,
        "median": 13.8714313507,
        "min": 3.51023602486,
        "var": 22.2440757751
    },
    "barkbands_flatness_db": {
        "dmean": 0.0248930882663,
        "dmean2": 0.0404634177685,
        "dvar": 0.000561933033168,
        "dvar2": 0.0013932561269,
        "max": 0.627417623997,
        "mean": 0.364712178707,
        "median": 0.366114228964,
        "min": 0.0429100804031,
        "var": 0.00602214969695
    },
    "barkbands_kurtosis": {
        "dmean": 8.4631061554,
        "dmean2": 13.9463844299,
        "dvar": 525.926086426,
        "dvar2": 1500.23132324,
        "max": 1377.96154785,
        "mean": 17.1206989288,
        "median": 8.94299507141,
        "min": -1.75473546982,
        "var": 1002.68890381
    },
    "barkbands_skewness": {
        "dmean": 0.717464208603,
        "dmean2": 1.17628574371,
        "dvar": 0.838681399822,
        "dvar2": 2.26489853859,
        "max": 24.0022029877,
        "mean": 1.9179880619,
        "median": 1.56391608715,
        "min": -1.79734623432,
        "var": 2.80950212479
    },
    "barkbands_spread": {
        "dmean": 0.870991528034,
        "dmean2": 1.39471769333,
        "dvar": 2.94285297394,
        "dvar2": 7.11370134354,
        "max": 72.3082809448,
        "mean": 3.27934122086,
        "median": 2.32704615593,
        "min": 0.0272327139974,
        "var": 10.4023838043
    },
    "dissonance": {
        "dmean": 0.0400697700679,
        "dmean2": 0.0679714605212,
        "dvar": 0.00138198642526,
        "dvar2": 0.00378207466565,
        "max": 0.499981701374,
        "mean": 0.357328116894,
        "median": 0.362042576075,
        "min": 0.10266174376,
        "var": 0.00480809621513
    },
    "dynamic_complexity": 4.70989131927,
    "erbbands_crest": {
        "dmean": 2.59326529503,
        "dmean2": 4.23292732239,
        "dvar": 6.7452955246,
        "dvar2": 17.5911865234,
        "max": 31.9943675995,
        "mean": 16.0414848328,
        "median": 15.3746652603,
        "min": 2.65204048157,
        "var": 28.8047351837
    },
    "erbbands_flatness_db": {
        "dmean": 0.021426403895,
        "dmean2": 0.0343192964792,
        "dvar": 0.000487453507958,
        "dvar2": 0.00119789538439,
        "max": 0.539225280285,
        "mean": 0.332750976086,
        "median": 0.336942851543,
        "min": 0.0897420793772,
        "var": 0.0039724339731
    },
    "erbbands_kurtosis": {
        "dmean": 3.8363096714,
        "dmean2": 6.18366098404,
        "dvar": 40.8738059998,
        "dvar2": 107.042884827,
        "max": 149.978164673,
        "mean": 9.60495567322,
        "median": 5.28671360016,
        "min": -1.83013856411,
        "var": 172.177658081
    },
    "erbbands_skewness": {
        "dmean": 0.498906493187,
        "dmean2": 0.783619463444,
        "dvar": 0.303666800261,
        "dvar2": 0.751696527004,
        "max": 9.81276702881,
        "mean": 1.88060772419,
        "median": 1.787073493,
        "min": -2.73732376099,
        "var": 2.47119808197
    },
    "erbbands_spread": {
        "dmean": 2.73249101639,
        "dmean2": 4.41636419296,
        "dvar": 18.7454166412,
        "dvar2": 47.4406242371,
        "max": 88.6238632202,
        "mean": 11.2720842361,
        "median": 8.89006519318,
        "min": 0.512349963188,
        "var": 83.2496414185
    },
    "hfc": {
        "dmean": 1.84366178513,
        "dmean2": 2.91094994545,
        "dvar": 8.23578739166,
        "dvar2": 19.5413951874,
        "max": 63.5622177124,
        "mean": 7.35888767242,
        "median": 5.2820763588,
        "min": 1.20381195967e-16,
        "var": 52.7738342285
    },
    "melbands_crest": {
        "dmean": 2.57710194588,
        "dmean2": 4.31944799423,
        "dvar": 5.91047382355,
        "dvar2": 15.8656339645,
        "max": 35.2494697571,
        "mean": 16.5115566254,
        "median": 15.7414035797,
        "min": 1.80976104736,
        "var": 25.1580657959
    },
    "melbands_flatness_db": {
        "dmean": 0.0262471940368,
        "dmean2": 0.0414176993072,
        "dvar": 0.000718651572242,
        "dvar2": 0.0016542696394,
        "max": 0.759789347649,
        "mean": 0.462921798229,
        "median": 0.463098406792,
        "min": 0.0075947814621,
        "var": 0.00877474527806
    },
    "melbands_kurtosis": {
        "dmean": 6.96177196503,
        "dmean2": 11.4807462692,
        "dvar": 129.204772949,
        "dvar2": 341.940368652,
        "max": 281.102935791,
        "mean": 16.2618370056,
        "median": 9.27307701111,
        "min": -1.59117233753,
        "var": 449.719116211
    },
    "melbands_skewness": {
        "dmean": 0.612921357155,
        "dmean2": 1.00949180126,
        "dvar": 0.452152520418,
        "dvar2": 1.202647686,
        "max": 12.6469974518,
        "mean": 1.97989737988,
        "median": 1.71467065811,
        "min": -1.33471512794,
        "var": 2.04628229141
    },
    "melbands_spread": {
        "dmean": 1.05589973927,
        "dmean2": 1.67563700676,
        "dvar": 6.7860455513,
        "dvar2": 12.620923996,
        "max": 143.453308105,
        "mean": 4.16016674042,
        "median": 2.86888217926,
        "min": 0.277691066265,
        "var": 18.142539978
    },
    "pitch_salience": {
        "dmean": 0.0634107589722,
        "dmean2": 0.105931729078,
        "dvar": 0.00358165684156,
        "dvar2": 0.00948675442487,
        "max": 0.946828842163,
        "mean": 0.502305030823,
        "median": 0.51081943512,
        "min": 0.0531367026269,
        "var": 0.0148637089878
    },
    "silence_rate_20dB": {
        "dmean": 0,
        "dmean2": 0,
        "dvar": 0,
        "dvar2": 0,
        "max": 1,
        "mean": 1,
        "median": 1,
        "min": 1,
        "var": 0
    },
    "silence_rate_30dB": {
        "dmean": 0.00991407781839,
        "dmean2": 0.0198297947645,
        "dvar": 0.00981650687754,
        "dvar2": 0.0250578131527,
        "max": 1,
        "mean": 0.986864924431,
        "median": 1,
        "min": 0,
        "var": 0.0129605075344
    },
    "silence_rate_60dB": {
        "dmean": 0.0142101785168,
        "dmean2": 0.0284227058291,
        "dvar": 0.0140069620684,
        "dvar2": 0.0330661945045,
        "max": 1,
        "mean": 0.132342010736,
        "median": 0,
        "min": 0,
        "var": 0.114827491343
    },
    "spectral_centroid": {
        "dmean": 37.5801696777,
        "dmean2": 58.9358787537,
        "dvar": 15598.7089844,
        "dvar2": 25110.1035156,
        "max": 10872.4042969,
        "mean": 354.707366943,
        "median": 308.136901855,
        "min": 131.42098999,
        "var": 38659.7304688
    },
    "spectral_complexity": {
        "dmean": 0.860707223415,
        "dmean2": 1.4563331604,
        "dvar": 1.04115474224,
        "dvar2": 2.24157094955,
        "max": 23,
        "mean": 6.09169769287,
        "median": 6,
        "min": 0,
        "var": 9.24531364441
    },
    "spectral_decrease": {
        "dmean": 1.93799087889e-09,
        "dmean2": 3.16540083034e-09,
        "dvar": 9.55276726878e-18,
        "dvar2": 2.47855042169e-17,
        "max": -1.97608161153e-29,
        "mean": -6.85929935074e-09,
        "median": -5.01049202128e-09,
        "min": -5.3958338242e-08,
        "var": 4.33723518427e-17
    },
    "spectral_energy": {
        "dmean": 0.00747181521729,
        "dmean2": 0.0121962148696,
        "dvar": 0.000141395648825,
        "dvar2": 0.000366569671314,
        "max": 0.207446962595,
        "mean": 0.0265561044216,
        "median": 0.0194990839809,
        "min": 1.09935179153e-20,
        "var": 0.000646570522804
    },
    "spectral_energyband_high": {
        "dmean": 3.50933282789e-06,
        "dmean2": 5.43847681911e-06,
        "dvar": 6.43600339689e-10,
        "dvar2": 1.73824243888e-09,
        "max": 0.00141233683098,
        "mean": 5.59878253625e-06,
        "median": 9.68299900705e-07,
        "min": 7.68286079953e-21,
        "var": 6.1426636e-10
    },
    "spectral_energyband_low": {
        "dmean": 0.00307726184838,
        "dmean2": 0.00528700230643,
        "dvar": 4.97605724377e-05,
        "dvar2": 0.000134355708724,
        "max": 0.173796370625,
        "mean": 0.00756077421829,
        "median": 0.00245331716724,
        "min": 5.73033799589e-23,
        "var": 0.000201909322641
    },
    "spectral_energyband_middle_high": {
        "dmean": 0.000238833818003,
        "dmean2": 0.00031218508957,
        "dvar": 1.09338952825e-06,
        "dvar2": 1.75226352894e-06,
        "max": 0.0513749048114,
        "mean": 0.000928470748477,
        "median": 0.000128565880004,
        "min": 1.87093936419e-21,
        "var": 8.06668867881e-06
    },
    "spectral_energyband_middle_low": {
        "dmean": 0.00589183345437,
        "dmean2": 0.00946298148483,
        "dvar": 8.56263286551e-05,
        "dvar2": 0.000225103009143,
        "max": 0.186318725348,
        "mean": 0.018976893276,
        "median": 0.0137821193784,
        "min": 3.30458755689e-22,
        "var": 0.000333681120537
    },
    "spectral_entropy": {
        "dmean": 0.209419593215,
        "dmean2": 0.342146456242,
        "dvar": 0.0512547716498,
        "dvar2": 0.128523766994,
        "max": 9.80698776245,
        "mean": 5.44993782043,
        "median": 5.36172151566,
        "min": 3.02959156036,
        "var": 0.476873010397
    },
    "spectral_flux": {
        "dmean": 0.0208967383951,
        "dmean2": 0.0342623852193,
        "dvar": 0.000719571544323,
        "dvar2": 0.00172414106783,
        "max": 0.339357346296,
        "mean": 0.0494995377958,
        "median": 0.0397558733821,
        "min": 1.04849975924e-10,
        "var": 0.00151058053598
    },
    "spectral_kurtosis": {
        "dmean": 22.5270385742,
        "dmean2": 38.6298522949,
        "dvar": 648.594909668,
        "dvar2": 1786.58740234,
        "max": 412.057037354,
        "mean": 60.8338508606,
        "median": 48.2691841125,
        "min": -1.15427684784,
        "var": 2672.51757812
    },
    "spectral_rms": {
        "dmean": 0.000659370503854,
        "dmean2": 0.00107063096948,
        "dvar": 6.81990911744e-07,
        "dvar2": 1.72853526692e-06,
        "max": 0.0142262885347,
        "mean": 0.00448606815189,
        "median": 0.0043615931645,
        "min": 3.27496319993e-12,
        "var": 5.78354956815e-06
    },
    "spectral_rolloff": {
        "dmean": 54.5416793823,
        "dmean2": 97.0505065918,
        "dvar": 67844.703125,
        "dvar2": 101289.71875,
        "max": 18647.7539062,
        "mean": 402.264923096,
        "median": 322.998046875,
        "min": 64.599609375,
        "var": 95854.109375
    },
    "spectral_skewness": {
        "dmean": 1.22304224968,
        "dmean2": 2.12434744835,
        "dvar": 1.36411869526,
        "dvar2": 3.79462838173,
        "max": 17.0729198456,
        "mean": 5.43877029419,
        "median": 5.10844087601,
        "min": -0.0808756425977,
        "var": 7.17343568802
    },
    "spectral_spread": {
        "dmean": 403738.90625,
        "dmean2": 706725.125,
        "dvar": 246753755136,
        "dvar2": 483754704896,
        "max": 39038340,
        "mean": 1669305.75,
        "median": 1462787.125,
        "min": 277455.65625,
        "var": 860641624064
    },
    "spectral_strongpeak": {
        "dmean": 0.298448324203,
        "dmean2": 0.506003260612,
        "dvar": 0.210621193051,
        "dvar2": 0.529988527298,
        "max": 7.54622459412,
        "mean": 0.957768559456,
        "median": 0.774712026119,
        "min": 0,
        "var": 0.628063499928
    },
    "zerocrossingrate": {
        "dmean": 0.00186288333498,
        "dmean2": 0.00244947499596,
        "dvar": 3.72900976799e-05,
        "dvar2": 3.53457435267e-05,
        "max": 0.50244140625,
        "mean": 0.0158044602722,
        "median": 0.01416015625,
        "min": 0.00146484375,
        "var": 9.28934532567e-05
    },
    "barkbands": {
        "dmean": [1.95215106942e-05, 0.00128998793662, 0.00186552165542, 0.000815124541987, 0.00479727098718, 0.0011595801916, 0.000299902632833, 0.000149934217916, 0.000243944377871, 0.000164866432897, 3.67488864867e-05, 3.67117027054e-05, 4.66237834189e-05, 1.10691980808e-05, 1.19640599223e-05, 6.40040343569e-06, 1.07725018097e-05, 6.11672840023e-06, 2.7577725632e-06, 1.40432121043e-06, 1.60981812769e-06, 1.14524448236e-06, 3.95416037691e-07, 9.97084157461e-08, 3.72068917898e-08, 4.7645296597e-09, 1.70470237926e-09],
        "dmean2": [3.37619203492e-05, 0.00232278951444, 0.00314771127887, 0.00130149186589, 0.00775323156267, 0.00190323509742, 0.000455497443909, 0.000222238799324, 0.000340307014994, 0.000216056185309, 4.91574865009e-05, 5.09640849486e-05, 5.9180532844e-05, 1.60590407177e-05, 1.7565307644e-05, 9.85753285931e-06, 1.65217079484e-05, 8.82509448275e-06, 4.15122985942e-06, 2.1647513222e-06, 2.54677479461e-06, 1.79586027116e-06, 6.68318023145e-07, 1.65250796158e-07, 5.61134001487e-08, 8.06628985828e-09, 3.20015458577e-09],
        "dvar": [1.31531363579e-09, 1.09187385533e-05, 1.86399138329e-05, 3.20276512866e-06, 7.91337733972e-05, 4.18959143644e-06, 1.3883942529e-06, 4.60637835431e-07, 1.18412322081e-06, 7.4543061146e-07, 1.58213737222e-07, 6.32217975749e-08, 1.29434610585e-07, 1.41305911416e-09, 2.07757366866e-09, 7.19860171472e-10, 6.78824108036e-09, 1.51728507536e-09, 1.41826397848e-10, 3.52987257479e-11, 2.33293800944e-10, 5.86154111359e-11, 1.16993558938e-11, 5.69604422223e-13, 9.81296275249e-14, 1.73443844939e-15, 5.00133303624e-16],
        "dvar2": [3.40401862253e-09, 3.05725989165e-05, 4.93705119879e-05, 7.62844547353e-06, 0.000213184044696, 1.14617769214e-05, 2.53840494224e-06, 9.29931616156e-07, 2.09045879274e-06, 1.287162263e-06, 2.57479598531e-07, 1.16940285011e-07, 1.98951184416e-07, 2.71590616663e-09, 4.05569799966e-09, 1.36327193978e-09, 1.3806792154e-08, 2.73368128134e-09, 2.95483859603e-10, 7.95920968022e-11, 6.55793253035e-10, 1.47534984229e-10, 3.30777939761e-11, 1.55763802464e-12, 1.84744946663e-13, 4.6685868367e-15, 1.49697276263e-15],
        "max": [0.00120168994181, 0.0619008615613, 0.139972418547, 0.0722653120756, 0.179706022143, 0.0552413612604, 0.0773311182857, 0.0289805829525, 0.0511752329767, 0.0442740954459, 0.0411216616631, 0.0112249916419, 0.0223154984415, 0.00145482074004, 0.00280612776987, 0.00130122015253, 0.00575007218868, 0.0037692419719, 0.000468212150736, 0.000176767483936, 0.00102777464781, 0.000349833018845, 0.000155061527039, 4.1894702008e-05, 2.419962766e-05, 2.47742377724e-06, 1.72075203864e-06],
        "mean": [2.01252023544e-05, 0.00214402819984, 0.00457751052454, 0.00199131481349, 0.010921661742, 0.00358491064981, 0.000992253888398, 0.000511510297656, 0.000765399076045, 0.000581735919695, 9.55100476858e-05, 0.000103271660919, 0.000151092972374, 2.66050137725e-05, 2.60417546087e-05, 1.32319655677e-05, 2.35074112425e-05, 1.32040368044e-05, 5.73588022235e-06, 2.79003688775e-06, 2.34894332607e-06, 1.68965698322e-06, 4.77013259115e-07, 1.22798496704e-07, 5.972817263e-08, 7.17785741955e-09, 1.44072576092e-09],
        "median": [1.07498772195e-05, 0.000250554410741, 0.000953333103098, 0.000626490451396, 0.00586976250634, 0.00175910862163, 0.000235142520978, 3.67740540241e-05, 4.12884874095e-05, 1.56104524649e-05, 8.96205165191e-06, 6.78920332575e-06, 4.8733550102e-06, 4.48183118351e-06, 5.02979901285e-06, 3.16177147397e-06, 3.09643110086e-06, 1.77685456038e-06, 9.47800231188e-07, 4.11495534536e-07, 3.17890169299e-07, 2.02591138532e-07, 6.16087945104e-08, 1.96617815362e-08, 6.51688036868e-09, 1.88056414885e-09, 5.20537279947e-10],
        "min": [2.60169687089e-23, 1.68862003427e-23, 4.39664131346e-24, 2.61776580976e-23, 4.45618437682e-23, 8.56511596969e-23, 7.00635395779e-23, 4.61786173489e-23, 5.01133545699e-23, 5.29718961896e-23, 3.56710058685e-23, 2.29642899982e-23, 8.20740730776e-23, 1.23348298003e-22, 1.74540826913e-22, 2.01589100304e-22, 2.80633972749e-22, 3.11863019612e-22, 3.46690408162e-22, 3.15031362686e-22, 3.95648857745e-22, 6.06222717728e-22, 7.97269531382e-22, 8.36708436701e-22, 1.05928626055e-21, 1.65827589371e-21, 2.55396053094e-21],
        "var": [1.30596378156e-09, 2.58164182014e-05, 0.00011065792205, 1.77882229764e-05, 0.000198420268134, 2.49566346611e-05, 8.72319560585e-06, 2.7701714771e-06, 7.22781578588e-06, 5.36066090717e-06, 5.89088017477e-07, 3.35804912766e-07, 9.25841447952e-07, 5.72109959407e-09, 6.54681242551e-09, 2.13572759478e-09, 2.28322392104e-08, 6.7223839828e-09, 3.59822616147e-10, 8.90013479582e-11, 1.81665557597e-10, 6.64210145218e-11, 8.4167907019e-12, 4.8550112498e-13, 2.17343179044e-13, 2.04835224777e-15, 2.55300918379e-16]
    },
    "erbbands": {
        "dmean": [0.0150737194344, 0.379358798265, 2.00743293762, 2.0198931694, 5.04565525055, 24.3337020874, 14.9241323471, 8.76434421539, 5.42483520508, 5.08752775192, 3.83873128891, 5.63067293167, 4.42307949066, 4.58424520493, 0.997368812561, 1.87560367584, 2.3368935585, 0.631496727467, 0.53859013319, 0.585400104523, 0.360668152571, 0.459380894899, 0.400024950504, 0.191734775901, 0.116406954825, 0.0702757015824, 0.0628451406956, 0.0588098242879, 0.0468335710466, 0.0234965607524, 0.00932659115642, 0.00314300996251, 0.00130754371639, 0.000643989536911, 0.000143603538163, 3.53854738933e-05, 7.15137366569e-06, 1.41073599025e-06, 3.44453064827e-06, 8.1933749243e-06],
        "dmean2": [0.0268487464637, 0.680045366287, 3.41914391518, 3.25032305717, 7.87964248657, 39.6649284363, 23.3583374023, 14.9160137177, 9.42530822754, 7.22451734543, 5.46641206741, 7.69025945663, 6.12606906891, 5.82128715515, 1.32675099373, 2.50809431076, 2.93459749222, 0.906327784061, 0.779543459415, 0.876314342022, 0.55168569088, 0.700046658516, 0.578163683414, 0.282816946507, 0.176336616278, 0.107692442834, 0.0977924540639, 0.0924773216248, 0.0739068612456, 0.038056422025, 0.0156541485339, 0.00521142361686, 0.00214062724262, 0.000973392219748, 0.000215845735511, 5.72852150071e-05, 1.20165868793e-05, 2.51016695074e-06, 5.61338310945e-06, 1.33609009936e-05],
        "dvar": [0.00137760466896, 0.935360491276, 22.7088127136, 15.5602560043, 77.6306610107, 2500.27172852, 618.878356934, 230.178451538, 143.444900513, 757.460754395, 283.500549316, 636.623046875, 460.346252441, 1008.98083496, 26.8235092163, 139.230941772, 308.834503174, 5.00269937515, 4.67946434021, 6.23185825348, 2.6853530407, 9.62250804901, 7.96521949768, 0.595169365406, 0.234776422381, 0.101256102324, 0.34258556366, 0.222376167774, 0.104011371732, 0.0275704693049, 0.00922336336225, 0.000580156396609, 0.000104195132735, 3.72702197637e-05, 7.15250962458e-07, 7.25216864339e-08, 3.72730513121e-09, 2.48251641466e-10, 4.01951735785e-11, 1.69205482958e-10],
        "dvar2": [0.00381691544317, 2.61313128471, 60.2353515625, 38.4592781067, 180.488922119, 6691.36572266, 1586.86425781, 684.057922363, 392.9269104, 1289.97106934, 519.504150391, 1106.19604492, 906.797973633, 1582.25378418, 45.4199371338, 235.631790161, 469.732635498, 9.29969024658, 9.48741817474, 12.0172977448, 5.06451940536, 19.8471164703, 14.2889738083, 1.19949769974, 0.513003766537, 0.222456991673, 0.949357271194, 0.603941261768, 0.26485607028, 0.074671626091, 0.0262953191996, 0.00159011338837, 0.000278442137642, 7.14936322765e-05, 1.35731147566e-06, 1.79050971383e-07, 1.06082644891e-08, 7.33280436371e-10, 1.08384239084e-10, 4.38141078973e-10],
        "max": [0.777249336243, 18.5271453857, 148.643692017, 142.234832764, 171.076797485, 1050.5234375, 481.33215332, 353.697845459, 378.233062744, 1867.18591309, 789.03338623, 1401.64746094, 927.504211426, 1865.85559082, 351.129516602, 575.005187988, 1094.53674316, 93.5111236572, 172.136489868, 120.368179321, 89.5015029907, 209.288833618, 235.964782715, 29.8364181519, 13.4842309952, 11.1398830414, 40.065372467, 25.9520778656, 13.1227941513, 9.45716571808, 5.09178781509, 1.25941932201, 0.563055098057, 0.507493138313, 0.0425486937165, 0.0142543520778, 0.00392184313387, 0.00114175956696, 0.000274521938991, 0.000227089985856],
        "mean": [0.0202440433204, 0.685931265354, 4.73247766495, 5.87236022949, 11.484459877, 53.1515731812, 40.4743881226, 26.1391849518, 14.0748758316, 17.3949794769, 14.0913829803, 19.1928081512, 15.0278654099, 16.161441803, 3.25492930412, 5.9563999176, 7.88634967804, 1.73843610287, 1.27580809593, 1.21810853481, 0.831645071507, 1.06373357773, 0.956126093864, 0.422445178032, 0.239786595106, 0.144249036908, 0.102557398379, 0.0818516090512, 0.0674588829279, 0.0319213755429, 0.0112395053729, 0.00392767740414, 0.00167464709375, 0.00101397628896, 0.000246803072514, 6.28154230071e-05, 1.70996809175e-05, 2.68922599389e-06, 1.23783202071e-05, 2.92788063234e-05],
        "median": [0.00481101498008, 0.0947078093886, 0.990871667862, 2.73220515251, 5.64404296875, 22.019525528, 23.3711509705, 13.5170459747, 5.58428812027, 2.47247624397, 1.20618605614, 1.29326617718, 0.796296656132, 0.767814218998, 0.582328498363, 0.45086273551, 0.351770311594, 0.27667978406, 0.256581604481, 0.262615501881, 0.198804616928, 0.172980085015, 0.116544157267, 0.0722699314356, 0.0369953811169, 0.0204669702798, 0.0133232120425, 0.0113618765026, 0.00813864823431, 0.0038702453021, 0.00154580059461, 0.00061580905458, 0.000280651962385, 0.000116081522719, 5.15206374985e-05, 2.5313016522e-05, 1.08803478724e-05, 1.72972329437e-06, 9.12591713131e-06, 2.15761174331e-05],
        "min": [1.31512145042e-21, 1.13992496019e-21, 6.38697452953e-21, 4.52104643391e-20, 8.29425697058e-20, 1.29329947267e-19, 4.13935447387e-19, 8.99715873673e-19, 1.17277925742e-18, 1.06189373175e-18, 7.63276670933e-19, 1.30381790134e-18, 1.30863664199e-18, 1.8569342416e-18, 1.07930391909e-18, 1.19435150741e-18, 3.13711866226e-18, 8.33959523109e-18, 5.63740089708e-18, 1.44206068868e-17, 9.58628876311e-18, 1.2948346992e-17, 1.92836943523e-17, 1.56385128792e-17, 1.77551985835e-17, 1.42554834386e-17, 1.40273155928e-17, 1.5946182708e-17, 2.4896644204e-17, 1.83147482176e-17, 2.39080144795e-17, 1.26603888772e-17, 1.72056297107e-17, 1.17349830484e-17, 8.43979989049e-18, 5.42295928636e-18, 3.0826583315e-18, 1.45258571412e-18, 3.40151143543e-19, 3.52731817489e-20],
        "var": [0.00195048260503, 2.47769069672, 127.843513489, 77.3000793457, 283.699310303, 6185.98974609, 2507.11962891, 1286.29882812, 643.107910156, 4950.93017578, 1900.84924316, 4406.93701172, 2752.90039062, 6855.0234375, 133.67930603, 893.312011719, 2285.32543945, 27.1394882202, 17.1815013885, 14.7406816483, 9.91228103638, 32.9242553711, 38.4707756042, 1.70230734348, 0.537632167339, 0.262765079737, 0.310036063194, 0.188254863024, 0.111461244524, 0.0253203101456, 0.006168005988, 0.000489389814902, 9.52324335231e-05, 7.50541075831e-05, 1.95996699404e-06, 9.60661523663e-08, 4.2261807387e-09, 1.54101897909e-10, 1.42266004532e-10, 7.81149644968e-10]
    },
    "gfcc": {
        "mean": [-191.077835083, 211.480606079, -88.8161392212, 16.986989975, -40.3133201599, -27.2981586456, -31.1204986572, -26.2916736603, -11.8966798782, -19.369682312, -5.88773965836, -6.09909725189, 0.752110123634],
        "cov": [[8042.92138672, 251.787841797, -1884.42553711, -34.3582038879, -154.800857544, 3.73367786407, 242.973480225, -116.550170898, -31.8196792603, -291.422576904, -59.4092903137, -175.607498169, -8.26139068604], [251.787841797, 1125.38916016, 204.157821655, -707.059997559, 332.903137207, -194.3331604, 178.95123291, -46.4761199951, 73.5559082031, -188.768127441, -62.5547409058, -76.0044555664, -46.7359085083], [-1884.42553711, 204.157821655, 1176.31298828, 102.434867859, 165.193511963, 28.0686206818, -118.341636658, -65.301574707, 28.9967002869, 13.2513437271, 14.9551534653, 19.2062606812, -12.2888622284], [-34.3582038879, -707.059997559, 102.434867859, 842.137695312, -80.2526931763, 160.273895264, -98.5694732666, -50.0070571899, -34.9551734924, 94.9659729004, 66.3344116211, 54.2109642029, 29.401758194], [-154.800857544, 332.903137207, 165.193511963, -80.2526931763, 377.247436523, -37.0831718445, 59.0099258423, -18.23371315, -41.5760383606, -28.2449626923, -18.8930053711, -16.4949455261, -18.5393753052], [3.73367786407, -194.3331604, 28.0686206818, 160.273895264, -37.0831718445, 255.04107666, 46.7173652649, 31.1724243164, 4.75924110413, 24.2343482971, 15.3938484192, -3.35485982895, -0.400278627872], [242.973480225, 178.95123291, -118.341636658, -98.5694732666, 59.0099258423, 46.7173652649, 202.365341187, 64.7509002686, 9.13276958466, -35.701133728, -29.1542873383, -13.7491569519, 2.72042322159], [-116.550170898, -46.4761199951, -65.301574707, -50.0070571899, -18.23371315, 31.1724243164, 64.7509002686, 180.163040161, 37.1167373657, 47.2857513428, -16.5509185791, -15.9392986298, 6.58796882629], [-31.8196792603, 73.5559082031, 28.9967002869, -34.9551734924, -41.5760383606, 4.75924110413, 9.13276958466, 37.1167373657, 136.011795044, 26.447385788, -8.08341693878, -25.641992569, -21.7247276306], [-291.422576904, -188.768127441, 13.2513437271, 94.9659729004, -28.2449626923, 24.2343482971, -35.701133728, 47.2857513428, 26.447385788, 185.691757202, 49.6051979065, -13.0835781097, -26.4238605499], [-59.4092903137, -62.5547409058, 14.9551534653, 66.3344116211, -18.8930053711, 15.3938484192, -29.1542873383, -16.5509185791, -8.08341693878, 49.6051979065, 105.041351318, 40.2332763672, -15.9542264938], [-175.607498169, -76.0044555664, 19.2062606812, 54.2109642029, -16.4949455261, -3.35485982895, -13.7491569519, -15.9392986298, -25.641992569, -13.0835781097, 40.2332763672, 118.929176331, 46.4958229065], [-8.26139068604, -46.7359085083, -12.2888622284, 29.401758194, -18.5393753052, -0.400278627872, 2.72042322159, 6.58796882629, -21.7247276306, -26.4238605499, -15.9542264938, 46.4958229065, 114.90222168]],
        "icov": [[0.000307096925098, -0.000829822383821, 0.000674799783155, -0.000625267217401, 0.000376228475943, -0.000358633871656, 0.000478413450764, -7.1320173447e-05, 0.000369491637684, 4.99870948261e-05, 0.000128583822516, 0.000239971166593, -2.89582549158e-05], [-0.000829822383821, 0.012602400966, -0.00384681066498, 0.00796834658831, -0.00664743687958, 0.00501557858661, -0.0084744123742, 0.00494539830834, -0.00808552186936, 0.00610566884279, -0.00627687899396, 0.00425723427907, -0.00124098337255], [0.000674799783155, -0.00384681066498, 0.00295901764184, -0.00263197720051, 0.00120358844288, -0.00197097240016, 0.00335675338283, -0.000937703880481, 0.00158950162586, -0.00105903996155, 0.00156439235434, -0.000753277388867, 0.000214438085095], [-0.000625267217401, 0.00796834658831, -0.00263197720051, 0.00676878495142, -0.00406844587997, 0.00202012946829, -0.00465645780787, 0.00357179995626, -0.00472492352128, 0.00285759801045, -0.00392870185897, 0.00202028662898, -0.00116055400576], [0.000376228475943, -0.00664743687958, 0.00120358844288, -0.00406844587997, 0.007094851695, -0.00185698352288, 0.00272849015892, -0.00226303213276, 0.00578192435205, -0.00350342202, 0.00364784151316, -0.00196407968178, 0.00128525006585], [-0.000358633871656, 0.00501557858661, -0.00197097240016, 0.00202012946829, -0.00185698352288, 0.00732450606301, -0.00548657076433, 0.0013188496232, -0.00293958256952, 0.00243814382702, -0.0033180527389, 0.0024742751848, -0.000390302797314], [0.000478413450764, -0.0084744123742, 0.00335675338283, -0.00465645780787, 0.00272849015892, -0.00548657076433, 0.0136905675754, -0.0058465488255, 0.00478448532522, -0.00255621271208, 0.00486292038113, -0.00336146866903, 0.000922417559195], [-7.1320173447e-05, 0.00494539830834, -0.000937703880481, 0.00357179995626, -0.00226303213276, 0.0013188496232, -0.0058465488255, 0.0102304378524, -0.00462336977944, -0.000237964079133, -0.00110573356505, 0.0020189229399, -0.00171592878178], [0.000369491637684, -0.00808552186936, 0.00158950162586, -0.00472492352128, 0.00578192435205, -0.00293958256952, 0.00478448532522, -0.00462336977944, 0.0143267717212, -0.00515238009393, 0.0048934975639, -0.00207971432246, 0.00223626149818], [4.99870948261e-05, 0.00610566884279, -0.00105903996155, 0.00285759801045, -0.00350342202, 0.00243814382702, -0.00255621271208, -0.000237964079133, -0.00515238009393, 0.0121556539088, -0.00780281797051, 0.00501758186147, -0.000132623681566], [0.000128583822516, -0.00627687899396, 0.00156439235434, -0.00392870185897, 0.00364784151316, -0.0033180527389, 0.00486292038113, -0.00110573356505, 0.0048934975639, -0.00780281797051, 0.0188476070762, -0.00949040148407, 0.00474220793694], [0.000239971166593, 0.00425723427907, -0.000753277388867, 0.00202028662898, -0.00196407968178, 0.0024742751848, -0.00336146866903, 0.0020189229399, -0.00207971432246, 0.00501758186147, -0.00949040148407, 0.0161321125925, -0.00627814093605], [-2.89582549158e-05, -0.00124098337255, 0.000214438085095, -0.00116055400576, 0.00128525006585, -0.000390302797314, 0.000922417559195, -0.00171592878178, 0.00223626149818, -0.000132623681566, 0.00474220793694, -0.00627814093605, 0.0123899234459]]
    },
    "melbands": {
        "dmean": [0.000243748247158, 0.00085466861492, 0.000432659406215, 0.000937084434554, 0.000743176555261, 0.00020271151152, 8.37316765683e-05, 4.82609066239e-05, 3.52380957338e-05, 3.36029625032e-05, 2.17403630813e-05, 1.93783598661e-05, 4.2280771595e-06, 3.40954125022e-06, 6.0643865254e-06, 3.34384503731e-06, 1.07186986043e-06, 8.90971250556e-07, 7.1887291142e-07, 6.29492035387e-07, 4.53665478517e-07, 4.61367079652e-07, 6.20997752776e-07, 3.08375462055e-07, 1.45416464647e-07, 1.02670831836e-07, 6.46123865522e-08, 4.26079900251e-08, 3.76756332798e-08, 4.16215080179e-08, 3.20741726512e-08, 2.9163070181e-08, 1.96647782502e-08, 1.12125260188e-08, 6.02346084122e-09, 2.76763056917e-09, 1.62919522317e-09, 1.00788399848e-09, 6.73859246181e-10, 5.05925912275e-10],
        "dmean2": [0.000438196497271, 0.00147686200216, 0.000689699954819, 0.00152174616233, 0.00118618784472, 0.00034286439768, 0.00014469405869, 6.87073043082e-05, 4.97062246723e-05, 4.62629686808e-05, 3.02297466988e-05, 2.46563686233e-05, 5.66544849789e-06, 4.64301001557e-06, 7.80311893323e-06, 4.35847596236e-06, 1.56415376296e-06, 1.28906378905e-06, 1.05839399112e-06, 9.48824379066e-07, 7.02798558905e-07, 7.11901520845e-07, 9.33572891881e-07, 4.55119362641e-07, 2.17833104443e-07, 1.56449772248e-07, 9.85030084166e-08, 6.62071926172e-08, 5.82254990888e-08, 6.70601707498e-08, 5.03478680969e-08, 4.59649172058e-08, 3.17373469727e-08, 1.86100148625e-08, 1.02819539549e-08, 4.64413973944e-09, 2.72937494827e-09, 1.65405567021e-09, 1.09186948372e-09, 7.45771611133e-10],
        "dvar": [3.83103895274e-07, 4.18168201577e-06, 6.08211621511e-07, 3.08611060973e-06, 1.75727893748e-06, 1.24060406392e-07, 3.63668561931e-08, 6.51926868045e-08, 2.11707593678e-08, 2.25039169521e-08, 1.16142944151e-08, 1.84302066941e-08, 9.62446122799e-10, 5.47969225551e-10, 1.36156697028e-09, 5.28378563125e-10, 1.42133518496e-11, 1.28258835844e-11, 7.69520992067e-12, 6.04447611754e-12, 4.35674413213e-12, 5.47043703739e-12, 3.67791561096e-11, 2.53104264977e-12, 3.79215213918e-13, 1.90525099495e-13, 7.94460593774e-14, 3.8709185461e-14, 6.77550395889e-14, 2.84949418661e-13, 4.68964839564e-14, 4.31725442613e-14, 1.63099463541e-14, 7.57239238626e-15, 5.09719948405e-15, 4.23721879117e-16, 1.61878994414e-16, 6.87972600556e-17, 3.24631299648e-17, 2.87555211709e-17],
        "dvar2": [1.07113021386e-06, 1.12784036901e-05, 1.47520574956e-06, 8.24460857984e-06, 4.73144564239e-06, 3.66581247135e-07, 9.53309822194e-08, 1.14182242328e-07, 3.81896541057e-08, 3.99186284028e-08, 2.2849615533e-08, 2.906425145e-08, 1.60274549188e-09, 8.85692186259e-10, 2.23854779158e-09, 8.23251855575e-10, 2.70093027804e-11, 2.59158649402e-11, 1.4221473825e-11, 1.18226678447e-11, 8.49948150056e-12, 1.16098840611e-11, 7.2388671446e-11, 4.91652725476e-12, 7.7582981272e-13, 4.21924702208e-13, 1.7380930408e-13, 8.60432195328e-14, 1.77431731959e-13, 8.2144404126e-13, 1.20562427771e-13, 1.08960000853e-13, 4.16180084102e-14, 2.10494887173e-14, 1.46286808215e-14, 1.14759602408e-15, 4.4551836619e-16, 1.88555053008e-16, 7.57789158885e-17, 4.92111550889e-17],
        "max": [0.0110313054174, 0.0557927973568, 0.0241308510303, 0.0395897403359, 0.0212314389646, 0.0076901926659, 0.00641602929682, 0.0167433079332, 0.0058280332014, 0.0075248084031, 0.00450152624398, 0.00734438141808, 0.00258328136988, 0.00123132241424, 0.00217927270569, 0.00136816431768, 0.000154115929035, 0.000257480336586, 0.000127479230287, 0.000121358789329, 0.000107054482214, 0.000133485649712, 0.000406261271564, 9.69880347839e-05, 2.60324304691e-05, 1.31774449983e-05, 9.47266744333e-06, 6.82515792505e-06, 1.45900685311e-05, 3.883228419e-05, 7.48391630623e-06, 8.35974060465e-06, 5.94846915192e-06, 4.8638548833e-06, 4.13451743952e-06, 8.07377034562e-07, 6.92383366641e-07, 4.73916770716e-07, 4.10389844774e-07, 4.01708319941e-07],
        "mean": [0.000376669486286, 0.00196660496294, 0.00120560696814, 0.0021004518494, 0.00185686734039, 0.000600544561166, 0.000218091197894, 0.000163544798852, 0.000124608588521, 0.000110044100438, 7.23150951671e-05, 6.78558208165e-05, 1.22479232232e-05, 1.03593756648e-05, 1.98536854441e-05, 1.07493824544e-05, 2.58710724665e-06, 2.00467684408e-06, 1.54579515765e-06, 1.27940199945e-06, 9.50670766997e-07, 9.85857354863e-07, 1.40790393743e-06, 6.19728098172e-07, 3.01028279637e-07, 2.02367914426e-07, 1.27055201915e-07, 8.16523595404e-08, 6.24240570346e-08, 5.61281048306e-08, 4.34011511175e-08, 4.10517273508e-08, 2.76292890788e-08, 1.39791946907e-08, 6.93645141325e-09, 3.41064643194e-09, 1.93135107907e-09, 1.22814058923e-09, 8.39338709646e-10, 8.55692794399e-10],
        "median": [5.61101660423e-05, 0.00040826672921, 0.000613715266809, 0.00112194567919, 0.00106771814171, 0.000309075869154, 7.72762141423e-05, 1.91375584109e-05, 7.7525519373e-06, 6.62511638438e-06, 2.40436656895e-06, 2.28809904002e-06, 1.51098390688e-06, 6.02704517405e-07, 1.1781289686e-06, 5.14167481924e-07, 4.09077046015e-07, 3.60679194955e-07, 3.24609885638e-07, 2.70875119668e-07, 2.05516272445e-07, 1.75419089032e-07, 1.19046667635e-07, 7.93748711203e-08, 5.09899180656e-08, 3.05300709158e-08, 1.76628720538e-08, 1.08652136177e-08, 7.65020224947e-09, 6.70551347781e-09, 5.75825298554e-09, 4.64771154896e-09, 2.9290547765e-09, 1.5675101217e-09, 8.55341908412e-10, 4.76134021099e-10, 2.75768491376e-10, 1.78192169353e-10, 1.11839072725e-10, 6.45192371751e-11],
        "min": [1.05131358732e-23, 2.14951817126e-24, 9.43011662508e-24, 6.32839679842e-24, 1.37440158959e-23, 1.93189400893e-23, 1.61883045662e-23, 1.10266448795e-23, 5.90779509642e-24, 8.02808044911e-24, 6.57489729307e-24, 7.87042975265e-24, 4.33278538977e-24, 2.0368157831e-24, 6.11872190855e-24, 7.07364158419e-24, 1.6904052265e-23, 6.80329421881e-24, 1.50308736465e-23, 1.88010623714e-23, 1.05536320478e-23, 1.2470436252e-23, 1.84531952226e-23, 1.58305719229e-23, 1.21267027344e-23, 1.43839729944e-23, 1.48007992081e-23, 7.20226298821e-24, 7.40301388909e-24, 9.9636571763e-24, 9.16861554588e-24, 1.41091007228e-23, 1.18083105844e-23, 9.69268424421e-24, 1.37557935892e-23, 1.15095500269e-23, 6.40746906012e-24, 1.22292980394e-23, 1.14640761401e-23, 9.47961133599e-24],
        "var": [7.63517277846e-07, 1.94766817003e-05, 3.01906607092e-06, 7.86455620982e-06, 4.95979293191e-06, 6.81851304307e-07, 1.72334566173e-07, 4.17103336758e-07, 1.40260283388e-07, 1.4510891333e-07, 6.94717741112e-08, 1.29675399307e-07, 4.24845270075e-09, 3.83561093997e-09, 9.66089253041e-09, 3.72349884259e-09, 6.60390006568e-11, 4.34592882514e-11, 2.18411087827e-11, 1.46941278589e-11, 1.60997846999e-11, 1.8181227357e-11, 1.35558481107e-10, 9.30908475305e-12, 1.01818325906e-12, 4.24928619852e-13, 1.91255282553e-13, 9.64275724156e-14, 8.58090318636e-14, 1.88156348141e-13, 4.60183852287e-14, 4.56233798841e-14, 1.88277009678e-14, 6.05173065319e-15, 3.22220756377e-15, 3.84829805478e-16, 1.30472905319e-16, 5.78906123639e-17, 3.69243962497e-17, 7.69082887399e-17]
    },
    "mfcc": {
        "mean": [-830.36932373, 217.338729858, 27.7825126648, 35.4204864502, 14.2459840775, -0.577950417995, -12.1299781799, -7.72911548615, -9.95971775055, -14.2995214462, -6.90756034851, -8.36770915985, -6.45910215378],
        "cov": [[5390.76953125, 1206.69360352, -1628.99169922, 144.383804321, -449.643005371, 15.1924905777, -56.3248062134, 169.918319702, -12.8951559067, -49.2625579834, 117.536445618, -114.478851318, -83.7524719238], [1206.69360352, 1464.00732422, -120.970481873, -415.806549072, 31.6838493347, -191.13923645, -49.1458396912, 80.4751281738, 33.2263679504, -12.9274530411, 34.4361724854, -67.4439315796, -93.7468719482], [-1628.99169922, -120.970481873, 924.155883789, -2.84654736519, 191.735580444, 69.8466796875, -37.6520118713, -16.4125823975, -14.2453641891, -14.9042921066, -41.3326644897, 13.7807474136, 15.0580730438], [144.383804321, -415.806549072, -2.84654736519, 480.103027344, 86.9837036133, 148.450073242, 50.8563270569, -27.3779506683, -29.9944458008, -39.1052093506, -27.7878379822, 15.1247358322, 45.8852119446], [-449.643005371, 31.6838493347, 191.735580444, 86.9837036133, 268.916656494, 70.4954376221, 36.445980072, -3.19831418991, -15.2907304764, -10.5344219208, -29.1038017273, 0.905897080898, -5.24757862091], [15.1924905777, -191.13923645, 69.8466796875, 148.450073242, 70.4954376221, 230.427062988, 68.0200881958, 13.4085159302, -14.3667564392, -6.50253343582, 7.51520395279, -0.553499639034, 4.46257781982], [-56.3248062134, -49.1458396912, -37.6520118713, 50.8563270569, 36.445980072, 68.0200881958, 178.783569336, 54.599357605, 16.7685127258, 15.4276828766, -7.22122716904, 6.79893541336, -11.0599880219], [169.918319702, 80.4751281738, -16.4125823975, -27.3779506683, -3.19831418991, 13.4085159302, 54.599357605, 162.779022217, 58.9759521484, -12.0178918839, -2.93498492241, -30.3775348663, -28.2145462036], [-12.8951559067, 33.2263679504, -14.2453641891, -29.9944458008, -15.2907304764, -14.3667564392, 16.7685127258, 58.9759521484, 142.398895264, 70.0149383545, -8.8597650528, -14.7455291748, -20.3132019043], [-49.2625579834, -12.9274530411, -14.9042921066, -39.1052093506, -10.5344219208, -6.50253343582, 15.4276828766, -12.0178918839, 70.0149383545, 176.701446533, 69.8133468628, 8.22557830811, -14.6090364456], [117.536445618, 34.4361724854, -41.3326644897, -27.7878379822, -29.1038017273, 7.51520395279, -7.22122716904, -2.93498492241, -8.8597650528, 69.8133468628, 160.025634766, 64.4451675415, -7.75336551666], [-114.478851318, -67.4439315796, 13.7807474136, 15.1247358322, 0.905897080898, -0.553499639034, 6.79893541336, -30.3775348663, -14.7455291748, 8.22557830811, 64.4451675415, 141.067016602, 61.6127624512], [-83.7524719238, -93.7468719482, 15.0580730438, 45.8852119446, -5.24757862091, 4.46257781982, -11.0599880219, -28.2145462036, -20.3132019043, -14.6090364456, -7.75336551666, 61.6127624512, 128.991653442]],
