{
"lowlevel": {
    "average_loudness": 0.968159615993,
    "barkbands_crest": {
        "dmean": 1.86608207226,
        "dmean2": 3.0488653183,
        "dvar": 4.64179468155,
        "dvar2": 12.1174430847,
        "max": 26.6004753113,
        "mean": 18.0058383942,
        "median": 19.0450000763,
        "min": 5.24525213242,
        "var": 22.6771755219
    },
    "barkbands_flatness_db": {
        "dmean": 0.0288366097957,
        "dmean2": 0.048050776124,
        "dvar": 0.000742590462323,
        "dvar2": 0.00183196354192,
        "max": 0.807499647141,
        "mean": 0.499544978142,
        "median": 0.497552514076,
        "min": 0.0711246803403,
        "var": 0.00420225085691
    },
    "barkbands_kurtosis": {
        "dmean": 8.03365325928,
        "dmean2": 13.054561615,
        "dvar": 243.466415405,
        "dvar2": 605.887207031,
        "max": 326.609100342,
        "mean": 17.3805141449,
        "median": 9.32685661316,
        "min": -1.64500415325,
        "var": 664.409729004
    },
    "barkbands_skewness": {
        "dmean": 0.692879378796,
        "dmean2": 1.1058152914,
        "dvar": 0.690063357353,
        "dvar2": 1.67711102962,
        "max": 15.3894481659,
        "mean": 2.78886413574,
        "median": 2.48772788048,
        "min": -2.07553792,
        "var": 2.92812490463
    },
    "barkbands_spread": {
        "dmean": 0.536157727242,
        "dmean2": 0.825850307941,
        "dvar": 0.826278269291,
        "dvar2": 1.65521204472,
        "max": 31.0624694824,
        "mean": 2.01743102074,
        "median": 1.5306456089,
        "min": 0.0695362985134,
        "var": 3.27529811859
    },
    "dissonance": {
        "dmean": 0.0476513281465,
        "dmean2": 0.0790447890759,
        "dvar": 0.001794733922,
        "dvar2": 0.00475781224668,
        "max": 0.499990314245,
        "mean": 0.335425972939,
        "median": 0.337561637163,
        "min": 0.077717192471,
        "var": 0.00520978914574
    },
    "dynamic_complexity": 1.64788210392,
    "erbbands_crest": {
        "dmean": 2.17947387695,
        "dmean2": 3.42844581604,
        "dvar": 4.70767641068,
        "dvar2": 11.3657836914,
        "max": 31.3789577484,
        "mean": 13.7248973846,
        "median": 12.8362932205,
        "min": 3.06485486031,
        "var": 22.1484127045
    },
    "erbbands_flatness_db": {
        "dmean": 0.0194509271532,
        "dmean2": 0.0315705537796,
        "dvar": 0.000344338885043,
        "dvar2": 0.000805774237961,
        "max": 0.539512395859,
        "mean": 0.352805674076,
        "median": 0.351168125868,
        "min": 0.0621724873781,
        "var": 0.00159409793559
    },
    "erbbands_kurtosis": {
        "dmean": 2.13263201714,
        "dmean2": 3.34524536133,
        "dvar": 17.1824836731,
        "dvar2": 42.4079856873,
        "max": 137.854858398,
        "mean": 4.82966995239,
        "median": 2.35493993759,
        "min": -1.84667527676,
        "var": 72.1783447266
    },
    "erbbands_skewness": {
        "dmean": 0.383133232594,
        "dmean2": 0.584653913975,
        "dvar": 0.197388574481,
        "dvar2": 0.440306931734,
        "max": 7.73058509827,
        "mean": 1.08999943733,
        "median": 1.06266224384,
        "min": -2.94675779343,
        "var": 1.36164188385
    },
    "erbbands_spread": {
        "dmean": 2.38530063629,
        "dmean2": 3.70805954933,
        "dvar": 10.5075082779,
        "dvar2": 25.0120811462,
        "max": 65.267074585,
        "mean": 11.457777977,
        "median": 10.5479307175,
        "min": 0.588752686977,
        "var": 37.5758285522
    },
    "hfc": {
        "dmean": 2.83424425125,
        "dmean2": 4.41149234772,
        "dvar": 8.75818824768,
        "dvar2": 20.4629764557,
        "max": 52.7174224854,
        "mean": 15.1191387177,
        "median": 14.5569801331,
        "min": 1.15583032253e-16,
        "var": 44.8607063293
    },
    "melbands_crest": {
        "dmean": 2.25710535049,
        "dmean2": 3.74503540993,
        "dvar": 6.29942321777,
        "dvar2": 17.0470237732,
        "max": 38.2809638977,
        "mean": 22.0856571198,
        "median": 21.7073707581,
        "min": 1.84993076324,
        "var": 22.4989700317
    },
    "melbands_flatness_db": {
        "dmean": 0.0328133478761,
        "dmean2": 0.0545519031584,
        "dvar": 0.00094760756474,
        "dvar2": 0.0022870390676,
        "max": 0.991201162338,
        "mean": 0.657097041607,
        "median": 0.655970871449,
        "min": 0.00429203920066,
        "var": 0.00533122150227
    },
    "melbands_kurtosis": {
        "dmean": 7.58366584778,
        "dmean2": 12.1344776154,
        "dvar": 144.244308472,
        "dvar2": 345.562896729,
        "max": 374.691375732,
        "mean": 20.0380516052,
        "median": 14.1364173889,
        "min": -1.60558891296,
        "var": 419.515411377
    },
    "melbands_skewness": {
        "dmean": 0.586684167385,
        "dmean2": 0.931880354881,
        "dvar": 0.469501674175,
        "dvar2": 1.12587225437,
        "max": 11.7252922058,
        "mean": 2.97298669815,
        "median": 2.8111550808,
        "min": -0.720495700836,
        "var": 1.81942451
    },
    "melbands_spread": {
        "dmean": 0.576738417149,
        "dmean2": 0.869652926922,
        "dvar": 4.75437116623,
        "dvar2": 5.69230222702,
        "max": 160.317398071,
        "mean": 1.9967135191,
        "median": 1.4023706913,
        "min": 0.0947944074869,
        "var": 7.5262799263
    },
    "pitch_salience": {
        "dmean": 0.0595481880009,
        "dmean2": 0.0982601493597,
        "dvar": 0.00350348046049,
        "dvar2": 0.00935055315495,
        "max": 0.960813820362,
        "mean": 0.362791359425,
        "median": 0.351825505495,
        "min": 0.0430489145219,
        "var": 0.016423676163
    },
    "silence_rate_20dB": {
        "dmean": 0.000186081131687,
        "dmean2": 0.000372196896933,
        "dvar": 0.000186034769285,
        "dvar2": 0.000558109837584,
        "max": 1,
        "mean": 0.99990695715,
        "median": 1,
        "min": 0,
        "var": 9.30203241296e-05
    },
    "silence_rate_30dB": {
        "dmean": 0.106438405812,
        "dmean2": 0.212896615267,
        "dvar": 0.0951169282198,
        "dvar2": 0.21670307219,
        "max": 1,
        "mean": 0.229788824916,
        "median": 0,
        "min": 0,
        "var": 0.177003264427
    },
    "silence_rate_60dB": {
        "dmean": 0.000186081131687,
        "dmean2": 0.000372196896933,
        "dvar": 0.000186046498129,
        "dvar2": 0.000372039794456,
        "max": 1,
        "mean": 0.00632616970688,
        "median": 0,
        "min": 0,
        "var": 0.00628618476912
    },
    "spectral_centroid": {
        "dmean": 27.4422340393,
        "dmean2": 41.0663986206,
        "dvar": 13844.0996094,
        "dvar2": 14499.7783203,
        "max": 11269.2841797,
        "mean": 236.849563599,
        "median": 218.367202759,
        "min": 79.6091003418,
        "var": 21584.2792969
    },
    "spectral_complexity": {
        "dmean": 0.948827683926,
        "dmean2": 1.61403179169,
        "dvar": 1.12134873867,
        "dvar2": 2.64106655121,
        "max": 17,
        "mean": 6.23881292343,
        "median": 6,
        "min": 0,
        "var": 4.5091137886
    },
    "spectral_decrease": {
        "dmean": 7.81724285304e-09,
        "dmean2": 1.28062609406e-08,
        "dvar": 6.60517218711e-17,
        "dvar2": 1.8108813994e-16,
        "max": -1.04450440737e-30,
        "mean": -3.76546154257e-08,
        "median": -3.90312422383e-08,
        "min": -9.27862870981e-08,
        "var": 2.18556576188e-16
    },
    "spectral_energy": {
        "dmean": 0.0297214295715,
        "dmean2": 0.0486761406064,
        "dvar": 0.00095384841552,
        "dvar2": 0.00261376076378,
        "max": 0.354590564966,
        "mean": 0.143487781286,
        "median": 0.148697718978,
        "min": 1.04876791993e-20,
        "var": 0.00316081941128
    },
    "spectral_energyband_high": {
        "dmean": 3.09536517307e-07,
        "dmean2": 5.07241225023e-07,
        "dvar": 5.82579080463e-12,
        "dvar2": 1.54587679463e-11,
        "max": 0.000197157874936,
        "mean": 5.46770309029e-07,
        "median": 1.6146184123e-07,
        "min": 7.60305564188e-21,
        "var": 6.12453013651e-12
    },
    "spectral_energyband_low": {
        "dmean": 0.02817771025,
        "dmean2": 0.0462518557906,
        "dvar": 0.000876087811776,
        "dvar2": 0.00240972707979,
        "max": 0.323967933655,
        "mean": 0.123268075287,
        "median": 0.130086034536,
        "min": 6.05564403836e-23,
        "var": 0.00309918727726
    },
    "spectral_energyband_middle_high": {
        "dmean": 0.000260429689661,
        "dmean2": 0.000350785150658,
        "dvar": 7.62704814861e-07,
        "dvar2": 1.23481504488e-06,
        "max": 0.0310697667301,
        "mean": 0.000720963347703,
        "median": 0.000163858218002,
        "min": 1.44714591834e-21,
        "var": 3.95098550143e-06
    },
    "spectral_energyband_middle_low": {
        "dmean": 0.00505015812814,
        "dmean2": 0.00771504174918,
        "dvar": 4.05482205679e-05,
        "dvar2": 8.59156934894e-05,
        "max": 0.113576970994,
        "mean": 0.0209023114294,
        "median": 0.017308652401,
        "min": 3.96946224701e-22,
        "var": 0.000261687702732
    },
    "spectral_entropy": {
        "dmean": 0.187283545732,
        "dmean2": 0.29362693429,
        "dvar": 0.0518872886896,
        "dvar2": 0.115072898567,
        "max": 9.80321979523,
        "mean": 4.99602222443,
        "median": 5.00041055679,
        "min": 3.03092026711,
        "var": 0.215121597052
    },
    "spectral_flux": {
        "dmean": 0.0378633737564,
        "dmean2": 0.0616722553968,
        "dvar": 0.00158817868214,
        "dvar2": 0.00427221879363,
        "max": 0.416855365038,
        "mean": 0.0998199880123,
        "median": 0.0840283930302,
        "min": 1.02409372649e-10,
        "var": 0.00346943223849
    },
    "spectral_kurtosis": {
        "dmean": 40.5090866089,
        "dmean2": 67.6206665039,
        "dvar": 1401.52929688,
        "dvar2": 3643.82275391,
        "max": 541.547973633,
        "mean": 130.166091919,
        "median": 121.793327332,
        "min": -1.2229937315,
        "var": 4838.37890625
    },
    "spectral_rms": {
        "dmean": 0.0013037242461,
        "dmean2": 0.00211727642454,
        "dvar": 1.95164739125e-06,
        "dvar2": 5.0521907724e-06,
        "max": 0.0185995157808,
        "mean": 0.0115298544988,
        "median": 0.0120445396751,
        "min": 3.1987314273e-12,
        "var": 7.05098636899e-06
    },
    "spectral_rolloff": {
        "dmean": 40.070224762,
        "dmean2": 69.1147766113,
        "dvar": 68523.2421875,
        "dvar2": 75218.2578125,
        "max": 18755.4199219,
        "mean": 172.910202026,
        "median": 129.19921875,
        "min": 21.533203125,
        "var": 75565.7890625
    },
    "spectral_skewness": {
        "dmean": 1.7614774704,
        "dmean2": 2.97788238525,
        "dvar": 2.2592651844,
        "dvar2": 5.7583322525,
        "max": 19.5430374146,
        "mean": 8.44963264465,
        "median": 8.36308574677,
        "min": -0.0138164311647,
        "var": 8.25791168213
    },
    "spectral_spread": {
        "dmean": 337259.34375,
        "dmean2": 593140.5625,
        "dvar": 200915451904,
        "dvar2": 307202850816,
        "max": 41024384,
        "mean": 922812.5,
        "median": 861201,
        "min": 182461.296875,
        "var": 354067611648
    },
    "spectral_strongpeak": {
        "dmean": 0.226885467768,
        "dmean2": 0.389104396105,
        "dvar": 0.0985496193171,
        "dvar2": 0.248010486364,
        "max": 6.1288356781,
        "mean": 0.890750527382,
        "median": 0.896329283714,
        "min": 0,
        "var": 0.186387956142
    },
    "zerocrossingrate": {
        "dmean": 0.00119780644309,
        "dmean2": 0.00161932001356,
        "dvar": 3.44339277945e-05,
        "dvar2": 2.94576675515e-05,
        "max": 0.5166015625,
        "mean": 0.00610535545275,
        "median": 0.00537109375,
        "min": 0.00048828125,
        "var": 5.94070952502e-05
    },
    "barkbands": {
        "dmean": [0.00515375472605, 0.0234967619181, 0.00630000792444, 0.00216079014353, 0.00275051593781, 0.000692586589139, 0.000407368526794, 0.00057708407985, 0.000170481420355, 0.0001979660301, 6.96939387126e-05, 6.00943421887e-05, 2.24299492402e-05, 8.63631612447e-06, 9.26321717998e-06, 4.02804153055e-06, 7.93208982941e-06, 1.48308799908e-06, 9.23675315789e-07, 5.11582811669e-07, 7.43822852201e-08, 1.50860994808e-08, 7.68738939172e-09, 6.3254010918e-09, 5.96168048261e-09, 5.88313087135e-09, 6.41805453228e-09],
        "dmean2": [0.00890232250094, 0.0384372845292, 0.010364423506, 0.00345452548936, 0.00431562727317, 0.00103676854633, 0.000587413087487, 0.000792352075223, 0.000224880350288, 0.000256481696852, 8.89221337275e-05, 8.30867284094e-05, 3.14921344398e-05, 1.29793615997e-05, 1.37994302349e-05, 6.40163125354e-06, 1.20613940453e-05, 2.34902267948e-06, 1.44738237395e-06, 8.23666823635e-07, 1.23252519302e-07, 2.58482018012e-08, 1.39704505742e-08, 1.17127525456e-08, 1.10641202866e-08, 1.089004531e-08, 1.18157776896e-08],
        "dvar": [0.000116524199257, 0.000659468292724, 8.01500718808e-05, 1.72340696736e-05, 1.46857228174e-05, 2.4529088023e-06, 1.51966526118e-06, 3.55761767423e-06, 5.37797859579e-07, 6.40664666207e-07, 2.70755293741e-07, 1.26331315187e-07, 1.66506861632e-08, 1.94539406806e-09, 1.90334881189e-09, 1.6138904102e-10, 4.45453035569e-10, 2.16908661171e-11, 1.26118915658e-11, 9.66550971204e-12, 1.15546867864e-13, 7.24215965111e-15, 1.91499458647e-16, 5.01092019189e-17, 4.36704942052e-17, 4.11521759175e-17, 4.65658976644e-17],
        "dvar2": [0.000325091619743, 0.00178240460809, 0.000206757584237, 3.72342328774e-05, 3.40545520885e-05, 4.88694604428e-06, 2.5240785817e-06, 6.1400278355e-06, 9.29585610265e-07, 1.08188726244e-06, 3.29845988745e-07, 2.0731069128e-07, 2.52073615314e-08, 3.7707588163e-09, 4.12918765846e-09, 3.79528575234e-10, 9.39557986968e-10, 5.30182842073e-11, 3.05318340055e-11, 2.57888554261e-11, 2.92628578704e-13, 1.70366836822e-14, 5.33884019621e-16, 1.64215680383e-16, 1.45095605664e-16, 1.37161381873e-16, 1.55561584465e-16],
        "max": [0.237709581852, 0.281957834959, 0.134983837605, 0.0998250693083, 0.076272085309, 0.0480739101768, 0.0319548174739, 0.0501737259328, 0.0375019088387, 0.0412257313728, 0.0289428383112, 0.0138560514897, 0.0105326231569, 0.00193481286988, 0.00213145231828, 0.000397311727284, 0.000775593507569, 0.00022487307433, 0.000124943981064, 0.000219905123231, 2.12540289795e-05, 6.47680053589e-06, 8.80053335095e-07, 9.36765403026e-08, 6.68570265816e-08, 5.52687673405e-08, 5.87511905792e-08],
        "mean": [0.00635372893885, 0.0971948355436, 0.0184782892466, 0.00561127718538, 0.00928055681288, 0.00242787832394, 0.00122921902221, 0.00168445752934, 0.00037048192462, 0.000470875151223, 0.000163877746672, 0.000124032187159, 4.18945091951e-05, 1.27416060423e-05, 1.61522821145e-05, 6.76272566125e-06, 1.60881118063e-05, 2.51261394624e-06, 1.58384705173e-06, 8.9034750772e-07, 1.14429155929e-07, 2.1509505288e-08, 9.67777591399e-09, 7.43585015783e-09, 7.42227213024e-09, 8.99157814871e-09, 1.07180557762e-08],
        "median": [0.00298137264326, 0.104348868132, 0.0122733637691, 0.00259437807836, 0.00553915044293, 0.000598904094659, 0.000280041131191, 0.00014099967666, 5.48817006347e-05, 4.59841430711e-05, 8.10271740193e-06, 1.02786871139e-05, 4.56080033473e-06, 1.96675409825e-06, 3.02216403725e-06, 1.74798390162e-06, 4.40966005044e-06, 6.96076540407e-07, 3.37009794293e-07, 2.00725736477e-07, 2.64854396193e-08, 8.27503843226e-09, 6.14274986432e-09, 5.02904740074e-09, 5.35416644354e-09, 7.24791560103e-09, 8.99519481123e-09],
        "min": [7.00409402907e-24, 1.98307703996e-23, 3.32780215561e-23, 9.79291927741e-24, 6.54595390757e-23, 4.21537164818e-23, 1.11694601e-22, 2.96545688483e-23, 1.08946764964e-22, 5.30241061598e-23, 8.24786766804e-23, 1.3894892486e-22, 1.36905699385e-22, 1.1240226603e-22, 1.20078576835e-22, 1.00756760559e-22, 1.74503958709e-22, 2.57083862021e-22, 1.73717584294e-22, 1.93624962553e-22, 4.48083091585e-22, 4.39575813635e-22, 6.46492691166e-22, 7.6690527802e-22, 1.36203285013e-21, 2.00009909319e-21, 2.21829160771e-21],
        "var": [0.000126572165755, 0.00318899541162, 0.000342049257597, 8.42313966132e-05, 0.000108773238026, 2.72372217296e-05, 8.76751710166e-06, 1.95083739527e-05, 1.93852633856e-06, 2.70360646937e-06, 1.40563565765e-06, 4.92531682994e-07, 7.43969934547e-08, 3.89109722221e-09, 4.54440618469e-09, 3.07675052102e-10, 1.4291418049e-09, 4.39651787199e-11, 2.83842307297e-11, 1.168891893e-11, 1.45051288689e-13, 1.6399460796e-14, 2.0833945302e-16, 4.70920639433e-17, 3.97705394491e-17, 3.92450845455e-17, 4.98929835242e-17]
    },
    "erbbands": {
        "dmean": [0.764848172665, 5.36792945862, 8.61854171753, 6.19735050201, 6.29735708237, 11.3926591873, 11.4991121292, 3.78650307655, 4.08777666092, 10.8812799454, 9.01222324371, 4.25037050247, 6.76558589935, 3.97920513153, 1.74374961853, 2.75010347366, 1.13412833214, 0.584065556526, 0.504207968712, 0.265329867601, 0.288751363754, 0.309612601995, 0.122017785907, 0.0446465015411, 0.0419206060469, 0.0222490970045, 0.00693514849991, 0.00162664509844, 0.000618056801613, 0.000309378432576, 0.000203760835575, 0.000149554864038, 0.000100668141386, 6.91248860676e-05, 4.48647006124e-05, 2.6961117328e-05, 1.36895832838e-05, 3.9552051021e-06, 1.30143662318e-05, 3.20813451253e-05],
        "dmean2": [1.28710579872, 8.65932750702, 14.2270717621, 9.91172885895, 9.98427963257, 18.0088672638, 17.507024765, 5.83082962036, 5.94104766846, 15.0845355988, 12.308052063, 5.40660858154, 8.53938007355, 5.18104362488, 2.40742278099, 3.66463494301, 1.57492530346, 0.853992164135, 0.75812214613, 0.408825308084, 0.447114318609, 0.473350077868, 0.187471494079, 0.0700949877501, 0.0661700665951, 0.0353266038001, 0.0111804641783, 0.00277277943678, 0.00106081692502, 0.000545537099242, 0.000370419147657, 0.000273528712569, 0.00018524020561, 0.000126328450278, 8.07604374131e-05, 4.76384375361e-05, 2.38392458414e-05, 7.24771234673e-06, 2.12228769669e-05, 5.25146424479e-05],
        "dvar": [0.860242962837, 37.5353622437, 120.046058655, 110.318336487, 119.490814209, 354.60848999, 534.373779297, 93.3762512207, 119.982872009, 1030.21240234, 1151.50817871, 294.401489258, 832.168151855, 413.307128906, 97.6373138428, 289.735748291, 31.5229644775, 7.60141277313, 6.56836509705, 0.937011361122, 0.650820732117, 0.67110490799, 0.130240052938, 0.0279242452234, 0.0372906252742, 0.0181217715144, 0.00218965602107, 4.51702289865e-05, 1.3949964341e-05, 1.52840311785e-06, 6.64830253072e-08, 3.37326895306e-08, 1.2139814487e-08, 5.3804836142e-09, 2.04704320161e-09, 6.37035924012e-10, 1.50995854709e-10, 1.7421810522e-11, 1.80982270837e-10, 1.11018816362e-09],
        "dvar2": [2.24755740166, 103.743812561, 335.750457764, 251.906097412, 287.624389648, 810.38067627, 1188.71179199, 196.260955811, 229.41569519, 1793.17907715, 1985.44482422, 506.700744629, 1366.61120605, 549.474487305, 166.741867065, 439.641387939, 48.3924407959, 13.6897039413, 14.2540073395, 2.28134441376, 1.43297660351, 1.44275414944, 0.302903443575, 0.0661649182439, 0.0947594419122, 0.0469146594405, 0.00565265817568, 0.000119496558909, 3.35799231834e-05, 3.41620830113e-06, 1.98320293521e-07, 1.03298965826e-07, 3.98967543447e-08, 1.77013586011e-08, 6.70643229839e-09, 2.04756811506e-09, 4.69181693497e-10, 5.77674019731e-11, 4.92824503429e-10, 3.03974156957e-09],
        "max": [12.1022949219, 74.0108795166, 158.195785522, 211.957839966, 293.058532715, 441.857543945, 785.391479492, 352.589538574, 259.90246582, 943.06451416, 1064.04467773, 1008.15411377, 1573.8972168, 1007.64794922, 400.486816406, 711.175964355, 423.326904297, 140.462371826, 128.455780029, 39.0394363403, 30.2113380432, 32.6146774292, 15.8904094696, 6.68401813507, 8.71724796295, 10.0651464462, 3.49766087532, 0.308297276497, 0.273064911366, 0.10548491776, 0.00842180848122, 0.00419721286744, 0.00162324414123, 0.000875784375239, 0.000546860508621, 0.000336296187015, 0.000176157045644, 4.18258387072e-05, 0.000158506445587, 0.000385167484637],
        "mean": [2.87569785118, 21.0845680237, 27.5446815491, 18.967508316, 19.414018631, 35.8620834351, 38.9613418579, 12.2415933609, 14.0388221741, 33.12342453, 26.0396137238, 10.6037836075, 15.928445816, 10.5993270874, 4.13232517242, 5.93829202652, 2.29536628723, 0.981571793556, 0.870901584625, 0.4974347651, 0.579275727272, 0.649420976639, 0.24153470993, 0.0796771645546, 0.0727609395981, 0.0405880324543, 0.0124121978879, 0.00248001422733, 0.000954235729296, 0.000470388738904, 0.000305904861307, 0.000234723614994, 0.000181414376129, 0.000148406412336, 0.000120857017464, 9.1698988399e-05, 5.35001963726e-05, 9.30814439926e-06, 6.49530338706e-05, 0.000155469009769],
        "median": [2.38718891144, 20.1216621399, 23.21027565, 13.5447244644, 10.2211875916, 16.4707870483, 12.0792913437, 4.23704957962, 3.84772348404, 6.05327033997, 3.6798157692, 2.34800171852, 2.1353456974, 1.37160181999, 0.49117910862, 0.565795302391, 0.33761921525, 0.165486142039, 0.166828975081, 0.15398234129, 0.166093155742, 0.204984530807, 0.0834409669042, 0.0223511457443, 0.0150206005201, 0.00965636409819, 0.00257420702837, 0.000798663299065, 0.000368381181033, 0.000267382070888, 0.000213913765037, 0.000168838028912, 0.000143363125972, 0.000125781109091, 0.000109391839942, 8.70807052706e-05, 5.21438050782e-05, 8.12548933027e-06, 6.69908404234e-05, 0.000160986557603],
        "min": [9.49339396663e-22, 3.31861448828e-21, 3.12730397042e-20, 3.19540613799e-20, 9.91830138e-20, 1.66074266504e-19, 3.5254649672e-19, 4.43524266585e-19, 9.19713481969e-19, 1.84322537731e-18, 8.53280952614e-19, 1.83799449391e-18, 3.14602367514e-18, 1.02232275541e-18, 4.59946831293e-18, 6.06429309479e-18, 6.54238156856e-18, 5.78438303372e-18, 4.82985548432e-18, 8.44477124598e-18, 5.53504308654e-18, 1.02975019625e-17, 1.34324478281e-17, 7.62127572305e-18, 1.17837478271e-17, 8.85105589308e-18, 1.47097263633e-17, 1.77331773813e-17, 1.56808992681e-17, 1.66988707433e-17, 1.9665974218e-17, 1.72031845648e-17, 1.31708552681e-17, 1.30781332845e-17, 1.06985654456e-17, 8.32328819249e-18, 3.75642816649e-18, 1.08346381039e-18, 2.8874579758e-19, 3.54130851324e-20],
        "var": [5.48450183868, 168.466918945, 411.747009277, 441.673828125, 617.012145996, 2717.14624023, 5667.81787109, 511.709075928, 790.571594238, 5843.97167969, 5726.703125, 1039.51196289, 3410.9609375, 2435.21166992, 355.852508545, 1144.56530762, 142.376831055, 20.9435768127, 14.900434494, 1.85812687874, 1.89159488678, 1.95389831066, 0.304966181517, 0.0538692139089, 0.0822957828641, 0.021565714851, 0.00277952407487, 5.8912402892e-05, 3.26522713294e-05, 3.13563009513e-06, 8.64537028633e-08, 4.252543917e-08, 1.26804460265e-08, 6.29023411136e-09, 2.91132429275e-09, 1.18815313144e-09, 3.44913125838e-10, 1.9287727665e-11, 6.09144901187e-10, 3.68731334355e-09]
    },
    "gfcc": {
        "mean": [-173.518875122, 244.414642334, -33.0939712524, 0.882774412632, 8.53235721588, -15.9528427124, -8.32285308838, 6.86437892914, -4.10488462448, -11.3150253296, -0.72883862257, -9.87979602814, 2.97783899307],
        "cov": [[2754.39160156, 688.338012695, -1336.23095703, -419.715576172, 117.164543152, -265.389312744, 143.248092651, 176.815551758, -32.2577323914, -34.6692237854, 50.0813331604, -33.1721954346, 62.8187789917], [688.338012695, 426.6121521, -294.681884766, -314.504089355, 1.215254426, -120.545127869, -20.1426029205, 73.1293716431, -10.4386129379, -61.1552658081, 4.51933956146, -8.98880386353, 15.8977527618], [-1336.23095703, -294.681884766, 1146.88085938, 296.173095703, -79.2133865356, 168.252349854, -120.335899353, -108.376464844, 65.3370819092, -36.3672180176, -36.9025382996, 33.6271209717, -13.1289319992], [-419.715576172, -314.504089355, 296.173095703, 419.287445068, 57.5452919006, -11.2152376175, -27.0923576355, -89.1361923218, -17.6526737213, 31.7749195099, -23.648733139, -12.9823646545, 10.1305303574], [117.164543152, 1.215254426, -79.2133865356, 57.5452919006, 222.640396118, 39.4181251526, -9.54091930389, 8.31860923767, -1.13600599766, -10.7320261002, 18.2143135071, -10.977230072, 14.0194482803], [-265.389312744, -120.545127869, 168.252349854, -11.2152376175, 39.4181251526, 237.445175171, 66.1900405884, -51.5571250916, 10.6560401917, 17.2594280243, 10.1800403595, 0.757520794868, -28.6806735992], [143.248092651, -20.1426029205, -120.335899353, -27.0923576355, -9.54091930389, 66.1900405884, 199.055969238, 67.5882110596, -23.6066265106, 27.3839588165, 25.6246604919, -17.217634201, 1.47635948658], [176.815551758, 73.1293716431, -108.376464844, -89.1361923218, 8.31860923767, -51.5571250916, 67.5882110596, 185.042144775, 60.9524230957, -42.9727210999, 5.73473787308, 19.352312088, 23.3000926971], [-32.2577323914, -10.4386129379, 65.3370819092, -17.6526737213, -1.13600599766, 10.6560401917, -23.6066265106, 60.9524230957, 120.592002869, 34.1127052307, -7.81900262833, 6.45584726334, 7.89603948593], [-34.6692237854, -61.1552658081, -36.3672180176, 31.7749195099, -10.7320261002, 17.2594280243, 27.3839588165, -42.9727210999, 34.1127052307, 137.559204102, 50.7553215027, -30.5860385895, -21.4941005707], [50.0813331604, 4.51933956146, -36.9025382996, -23.648733139, 18.2143135071, 10.1800403595, 25.6246604919, 5.73473787308, -7.81900262833, 50.7553215027, 96.940032959, 36.1831626892, -9.77086544037], [-33.1721954346, -8.98880386353, 33.6271209717, -12.9823646545, -10.977230072, 0.757520794868, -17.217634201, 19.352312088, 6.45584726334, -30.5860385895, 36.1831626892, 101.250915527, 51.3869094849], [62.8187789917, 15.8977527618, -13.1289319992, 10.1305303574, 14.0194482803, -28.6806735992, 1.47635948658, 23.3000926971, 7.89603948593, -21.4941005707, -9.77086544037, 51.3869094849, 101.045158386]],
        "icov": [[0.00267362035811, -0.00648229755461, 0.00415486982092, -0.00623483816162, 0.00342090846971, -0.00372042390518, -0.000536202511285, 0.00193869799841, -0.00597412791103, 0.00619952566922, -0.00662172213197, 0.00381638319232, -0.00224275002256], [-0.00648229755461, 0.0369532071054, -0.0128368660808, 0.0364627726376, -0.0182824935764, 0.0332742184401, -0.0144570432603, 0.0187795292586, -0.00308375316672, 0.0054919430986, 0.00515657570213, 0.000644722022116, 0.00233439984731], [0.00415486982092, -0.0128368660808, 0.00942969508469, -0.0152393057942, 0.00995807442814, -0.0123718194664, 0.00364277651533, 0.000274361344054, -0.00995585042983, 0.0118252132088, -0.0140629811212, 0.00883882120252, -0.00538150547072], [-0.00623483816162, 0.0364627726376, -0.0152393057942, 0.0421906858683, -0.02333102189, 0.0383982621133, -0.0188965629786, 0.0216527320445, -0.0016130078584, 0.000114061476779, 0.0125902220607, -0.0057202540338, 0.00562534714118], [0.00342090846971, -0.0182824935764, 0.00995807442814, -0.02333102189, 0.0207615755498, -0.0242590270936, 0.0136202797294, -0.0112639209256, -0.00218802364543, 0.00771465152502, -0.0174854807556, 0.0138462269679, -0.00990555249155], [-0.00372042390518, 0.0332742184401, -0.0123718194664, 0.0383982621133, -0.0242590270936, 0.0498432070017, -0.0328980796039, 0.0393728800118, -0.0220787134022, 0.0178970489651, 0.0014610462822, -0.00298499804921, 0.00772720808163], [-0.000536202511285, -0.0144570432603, 0.00364277651533, -0.0188965629786, 0.0136202797294, -0.0328980796039, 0.035749334842, -0.0410226732492, 0.0338162072003, -0.0289450325072, 0.00962232798338, -0.00155929918401, -0.0043908492662], [0.00193869799841, 0.0187795292586, 0.000274361344054, 0.0216527320445, -0.0112639209256, 0.0393728800118, -0.0410226732492, 0.0655214712024, -0.0588461123407, 0.0576234124601, -0.034255836159, 0.0196704268456, -0.00452594691887], [-0.00597412791103, -0.00308375316672, -0.00995585042983, -0.0016130078584, -0.00218802364543, -0.0220787134022, 0.0338162072003, -0.0588461123407, 0.0746063664556, -0.0714853852987, 0.0533375926316, -0.0333270765841, 0.0112494416535], [0.00619952566922, 0.0054919430986, 0.0118252132088, 0.000114061476779, 0.00771465152502, 0.0178970489651, -0.0289450325072, 0.0576234124601, -0.0714853852987, 0.0882929265499, -0.0706699490547, 0.0499702878296, -0.0199268274009], [-0.00662172213197, 0.00515657570213, -0.0140629811212, 0.0125902220607, -0.0174854807556, 0.0014610462822, 0.00962232798338, -0.034255836159, 0.0533375926316, -0.0706699490547, 0.0789299756289, -0.0562380254269, 0.0278467740864], [0.00381638319232, 0.000644722022116, 0.00883882120252, -0.0057202540338, 0.0138462269679, -0.00298499804921, -0.00155929918401, 0.0196704268456, -0.0333270765841, 0.0499702878296, -0.0562380254269, 0.0572204329073, -0.0293374024332], [-0.00224275002256, 0.00233439984731, -0.00538150547072, 0.00562534714118, -0.00990555249155, 0.00772720808163, -0.0043908492662, -0.00452594691887, 0.0112494416535, -0.0199268274009, 0.0278467740864, -0.0293374024332, 0.0268303174525]]
    },
    "melbands": {
        "dmean": [0.00653440319002, 0.00533595029265, 0.00107607652899, 0.000562721048482, 0.000449462095276, 9.26259162952e-05, 7.08875304554e-05, 0.000126237253426, 6.32210285403e-05, 2.7022240829e-05, 3.37741803378e-05, 1.58857656061e-05, 6.72712712912e-06, 7.23877974451e-06, 3.96191398977e-06, 2.35210200117e-06, 9.8452403563e-07, 7.6593016729e-07, 5.76276761421e-07, 3.12367376409e-07, 4.17522272755e-07, 4.1199905354e-07, 2.24430522167e-07, 5.7040669077e-08, 3.67564538806e-08, 3.21805408987e-08, 2.7380522738e-08, 1.38264315552e-08, 5.69839020415e-09, 1.92230298346e-09, 6.34941432764e-10, 3.79538622752e-10, 2.34918140496e-10, 1.49715490005e-10, 1.16729320654e-10, 1.14228397574e-10, 8.31350335795e-11, 7.13428413568e-11, 6.27104826401e-11, 5.52857100378e-11],
        "dmean2": [0.0108331851661, 0.00869764853269, 0.00172264850698, 0.000879728293512, 0.000697607232723, 0.000141084557981, 0.000102063713712, 0.000174836590304, 8.59864012455e-05, 3.4483447962e-05, 4.29494320997e-05, 2.10879097722e-05, 9.00948543858e-06, 9.96412563836e-06, 5.39565644431e-06, 3.24901952808e-06, 1.47150046814e-06, 1.15780323995e-06, 8.52422829212e-07, 4.94524613259e-07, 6.48911111512e-07, 6.33564809505e-07, 3.42183454904e-07, 9.16575544352e-08, 5.80256447336e-08, 5.12958315824e-08, 4.30045155042e-08, 2.21667164624e-08, 9.19034892632e-09, 3.23355253684e-09, 1.10875719717e-09, 6.55557830243e-10, 4.01229216518e-10, 2.68975952622e-10, 2.1319172816e-10, 2.07632341875e-10, 1.53477494602e-10, 1.3235580687e-10, 1.16367165903e-10, 1.02567794535e-10],
        "dvar": [5.20590219821e-05, 3.85520143027e-05, 3.01797513202e-06, 6.48116156299e-07, 6.25444442903e-07, 4.78353392452e-08, 3.85175518147e-08, 1.4026048234e-07, 6.22323241828e-08, 1.35622695296e-08, 2.08773442978e-08, 6.32858299099e-09, 1.98201832724e-09, 1.72414205135e-09, 3.95110111295e-10, 2.74295003377e-10, 2.58190847174e-11, 1.50394956905e-11, 4.95008721513e-12, 1.08309010632e-12, 1.40416161771e-12, 1.20026861714e-12, 4.65520254723e-13, 4.27539066975e-14, 2.34017466456e-14, 1.85694846679e-14, 1.94200836239e-14, 1.17116340294e-14, 1.60978865736e-15, 1.03846007723e-16, 6.83840634873e-18, 6.75597655992e-18, 1.98145304793e-18, 1.65429724786e-19, 1.89166835686e-20, 3.77246219671e-20, 8.76836652465e-21, 6.3542548511e-21, 4.84112986883e-21, 3.73712243985e-21],
        "dvar2": [0.000137536015245, 0.000111507593829, 6.87976898917e-06, 1.43976251366e-06, 1.44480964082e-06, 9.90846587001e-08, 6.85860399585e-08, 2.44067649646e-07, 1.0432538744e-07, 2.38044233214e-08, 3.45864172857e-08, 8.84530226841e-09, 2.86296586438e-09, 2.8795288376e-09, 6.29292395971e-10, 3.98788724265e-10, 4.92999564783e-11, 3.29197537285e-11, 1.06340318495e-11, 2.67179854629e-12, 3.06600144578e-12, 2.59943087021e-12, 1.01260699045e-12, 1.08806166117e-13, 5.55693627235e-14, 5.24924681088e-14, 4.53306724026e-14, 3.09630962634e-14, 4.14331502457e-15, 2.64859446961e-16, 1.87824162836e-17, 1.6579669054e-17, 4.28488449494e-18, 4.03625700877e-19, 5.82206033514e-20, 1.07066723584e-19, 2.84856413727e-20, 2.09593850886e-20, 1.6032330622e-20, 1.23959057087e-20],
        "max": [0.0848894119263, 0.0683121532202, 0.0333444401622, 0.0200432501733, 0.0222495365888, 0.00690876552835, 0.00501227937639, 0.0115581257269, 0.00792395323515, 0.00703615276143, 0.00786420702934, 0.00370254437439, 0.00202755327336, 0.00152409577277, 0.00083856342826, 0.00146590918303, 0.000227852680837, 0.00018714502221, 8.56916376506e-05, 3.89368397009e-05, 5.3002666391e-05, 4.73674481327e-05, 2.94102992484e-05, 9.01576095202e-06, 6.49836738376e-06, 5.29966973772e-06, 7.11396933184e-06, 8.61762782733e-06, 2.8492504498e-06, 6.14943814981e-07, 8.95081555541e-08, 1.74486615379e-07, 1.20831415984e-07, 3.28358744639e-08, 2.22792406745e-09, 6.43172626269e-09, 1.5414362009e-09, 1.15889176033e-09, 8.94891216685e-10, 6.49022724453e-10],
        "mean": [0.0270516648889, 0.0197090730071, 0.00340099725872, 0.00186600815505, 0.00149223173503, 0.000308649992803, 0.00023400002101, 0.000383677397622, 0.000180029543117, 6.19227794232e-05, 7.78818139224e-05, 4.13813140767e-05, 1.53625351231e-05, 1.54379777086e-05, 8.12813141238e-06, 4.34779849456e-06, 1.48381195686e-06, 1.2525274542e-06, 1.03975173715e-06, 5.27130794126e-07, 7.89091870956e-07, 8.04093986062e-07, 4.22520571419e-07, 9.03530832375e-08, 5.77609640118e-08, 5.26889145647e-08, 4.51147350589e-08, 2.37444073292e-08, 9.86748904808e-09, 2.75273315253e-09, 8.19229240001e-10, 5.37759892172e-10, 3.33457539359e-10, 1.98950037e-10, 1.47847942222e-10, 1.33819219594e-10, 9.68962479697e-11, 8.2911129351e-11, 7.3364661568e-11, 6.55594120658e-11],
        "median": [0.0279924757779, 0.0194492004812, 0.00259647355415, 0.00108913308941, 0.000542957801372, 8.01418063929e-05, 5.57637758902e-05, 6.43699531793e-05, 2.09793688555e-05, 1.06617899291e-05, 9.14134488994e-06, 4.47199226983e-06, 1.20778395285e-06, 1.24483574382e-06, 1.08667779841e-06, 4.39981192812e-07, 2.22646463044e-07, 2.18519900841e-07, 2.29267428153e-07, 1.48743509953e-07, 1.97089036647e-07, 2.14334306747e-07, 1.23632389659e-07, 2.34256205545e-08, 1.23177725797e-08, 1.0076411705e-08, 8.0152009474e-09, 4.69714400708e-09, 1.6657395463e-09, 5.71227731783e-10, 2.89783169682e-10, 1.81228698715e-10, 1.40074549182e-10, 1.20753004818e-10, 9.92522453114e-11, 7.56135015711e-11, 6.47576575696e-11, 5.63223113981e-11, 5.01766093952e-11, 4.5378638347e-11],
        "min": [6.71732967938e-24, 1.25202259969e-23, 8.55751813477e-24, 7.90811837126e-24, 1.33357504007e-23, 9.39965791666e-24, 1.73592470954e-23, 1.72322057798e-23, 7.27055862107e-24, 1.37310517558e-23, 1.58510633738e-23, 3.16349059376e-24, 1.34649247963e-23, 1.2824569323e-23, 1.91060770181e-23, 1.19290820335e-23, 1.08741178346e-23, 7.73464864706e-24, 9.66190131397e-24, 9.72187683087e-24, 6.18826315279e-24, 1.04885281462e-23, 1.12016694485e-23, 1.32352952754e-23, 4.70182714301e-24, 7.73164466473e-24, 8.78082256893e-24, 4.9021157714e-24, 8.62923584624e-24, 8.81131598722e-24, 1.19405615374e-23, 9.13983395576e-24, 7.69976758441e-24, 9.39774256239e-24, 1.00040168779e-23, 1.26454647654e-23, 9.56499448493e-24, 8.97288732238e-24, 8.54196100885e-24, 1.21785498285e-23],
        "var": [0.000291614356684, 0.000109233551484, 1.21929624584e-05, 5.28748660145e-06, 5.48780735699e-06, 3.35785728112e-07, 2.47510456575e-07, 8.16697536266e-07, 3.1619694596e-07, 4.50687771547e-08, 8.49303987138e-08, 3.69496007124e-08, 8.26047852343e-09, 6.79893741307e-09, 1.47236367543e-09, 1.21625287619e-09, 5.31542379556e-11, 3.28535913752e-11, 1.36166945774e-11, 1.69329903831e-12, 4.1645909811e-12, 3.45144464224e-12, 1.16925924238e-12, 7.14544932555e-14, 4.09288251348e-14, 3.08853047575e-14, 4.66161634847e-14, 1.16230818169e-14, 2.30473832124e-15, 1.36537025946e-16, 7.64275098612e-18, 1.49057896751e-17, 4.23215586679e-18, 2.65259270707e-19, 2.18223525718e-20, 5.58609866435e-20, 8.51160610823e-21, 5.79316870964e-21, 4.41648046472e-21, 3.39426334609e-21]
    },
    "mfcc": {
        "mean": [-835.202819824, 262.936584473, 53.2379875183, 36.1712265015, 37.6411247253, 5.5274887085, 8.94098091125, 15.2121944427, 10.596736908, 5.20916748047, 0.398441642523, 6.45539474487, 4.66349840164],
        "cov": [[2414.34228516, 915.271484375, -1313.60314941, -319.550323486, -142.555175781, -438.979400635, 26.9848403931, 56.1445198059, -9.66079330444, 54.42420578, -55.3830833435, 26.6851215363, 80.6450500488], [915.271484375, 578.224182129, -313.879943848, -256.350219727, -82.4636688232, -164.887863159, -57.2868614197, 64.3398513794, 19.274394989, -12.2695951462, -16.3505496979, -7.70439338684, 11.3981103897], [-1313.60314941, -313.879943848, 956.302001953, 176.817153931, 30.0268917084, 221.246368408, -60.7310295105, -27.9836101532, 15.7130670547, -59.0596580505, 19.8574409485, -22.9445972443, -69.5538330078], [-319.550323486, -256.350219727, 176.817153931, 321.351745605, 102.078132629, 14.094836235, 8.57001113892, -47.6566162109, -18.308095932, -3.92802357674, -22.8455982208, 3.77784276009, -11.1173629761], [-142.555175781, -82.4636688232, 30.0268917084, 102.078132629, 196.081802368, 78.657951355, -46.8181381226, -4.67309522629, 2.50846147537, -16.1270217896, -9.24302196503, -15.6803770065, -6.01321744919], [-438.979400635, -164.887863159, 221.246368408, 14.094836235, 78.657951355, 246.963623047, 62.1134414673, -61.807308197, -20.2644538879, 1.36687386036, 17.7681407928, -5.00024032593, -16.4197998047], [26.9848403931, -57.2868614197, -60.7310295105, 8.57001113892, -46.8181381226, 62.1134414673, 172.674026489, 34.997543335, -32.7674407959, 16.5477237701, 8.69177341461, 5.92124605179, 16.2013244629], [56.1445198059, 64.3398513794, -27.9836101532, -47.6566162109, -4.67309522629, -61.807308197, 34.997543335, 180.034744263, 73.9782409668, -28.8423976898, -12.6587944031, -14.8132925034, 1.01758134365], [-9.66079330444, 19.274394989, 15.7130670547, -18.308095932, 2.50846147537, -20.2644538879, -32.7674407959, 73.9782409668, 127.238883972, 38.7197189331, -24.5507965088, -12.5391559601, -3.0075545311], [54.42420578, -12.2695951462, -59.0596580505, -3.92802357674, -16.1270217896, 1.36687386036, 16.5477237701, -28.8423976898, 38.7197189331, 118.962669373, 45.0676765442, -9.28168201447, 13.3519144058], [-55.3830833435, -16.3505496979, 19.8574409485, -22.8455982208, -9.24302196503, 17.7681407928, 8.69177341461, -12.6587944031, -24.5507965088, 45.0676765442, 106.000289917, 43.0074005127, -4.58596372604], [26.6851215363, -7.70439338684, -22.9445972443, 3.77784276009, -15.6803770065, -5.00024032593, 5.92124605179, -14.8132925034, -12.5391559601, -9.28168201447, 43.0074005127, 106.692558289, 51.5331916809], [80.6450500488, 11.3981103897, -69.5538330078, -11.1173629761, -6.01321744919, -16.4197998047, 16.2013244629, 1.01758134365, -3.0075545311, 13.3519144058, -4.58596372604, 51.5331916809, 115.036445618]],
