{
"lowlevel": {
    "average_loudness": 0.914561033249,
    "barkbands_crest": {
        "dmean": 2.52786278725,
        "dmean2": 4.16421508789,
        "dvar": 5.21963453293,
        "dvar2": 13.238907814,
        "max": 26.7593955994,
        "mean": 9.93780517578,
        "median": 9.12015342712,
        "min": 2.50673484802,
        "var": 14.6286096573
    },
    "barkbands_flatness_db": {
        "dmean": 0.0206347964704,
        "dmean2": 0.030778568238,
        "dvar": 0.000367963017197,
        "dvar2": 0.000792797072791,
        "max": 0.473746180534,
        "mean": 0.131604686379,
        "median": 0.128811702132,
        "min": 0.0256969090551,
        "var": 0.00214909552597
    },
    "barkbands_kurtosis": {
        "dmean": 2.31513500214,
        "dmean2": 3.75462079048,
        "dvar": 64.1305236816,
        "dvar2": 183.141906738,
        "max": 447.794525146,
        "mean": 4.3878569603,
        "median": 3.07806921005,
        "min": -1.64875292778,
        "var": 74.6818313599
    },
    "barkbands_skewness": {
        "dmean": 0.428903311491,
        "dmean2": 0.679656207561,
        "dvar": 0.238833844662,
        "dvar2": 0.604496896267,
        "max": 7.88995504379,
        "mean": 1.51942253113,
        "median": 1.49394345284,
        "min": -20.4868774414,
        "var": 1.06104886532
    },
    "barkbands_spread": {
        "dmean": 4.05576324463,
        "dmean2": 6.28476572037,
        "dvar": 23.2433185577,
        "dvar2": 52.2957649231,
        "max": 64.7561187744,
        "mean": 16.5273113251,
        "median": 14.4971094131,
        "min": 0.606924772263,
        "var": 71.8596572876
    },
    "dissonance": {
        "dmean": 0.0230628941208,
        "dmean2": 0.0383844450116,
        "dvar": 0.000431983120507,
        "dvar2": 0.00116824207362,
        "max": 0.5,
        "mean": 0.448285341263,
        "median": 0.452551931143,
        "min": 0.250886946917,
        "var": 0.000935687043238
    },
    "dynamic_complexity": 3.69995713234,
    "erbbands_crest": {
        "dmean": 3.13812589645,
        "dmean2": 4.97041654587,
        "dvar": 8.7172794342,
        "dvar2": 20.5001392365,
        "max": 34.0330200195,
        "mean": 10.822183609,
        "median": 9.47039699554,
        "min": 2.57982897758,
        "var": 26.2643051147
    },
    "erbbands_flatness_db": {
        "dmean": 0.0174965858459,
        "dmean2": 0.0249758716673,
        "dvar": 0.000307683454594,
        "dvar2": 0.000562598230317,
        "max": 0.516057431698,
        "mean": 0.152734845877,
        "median": 0.145509436727,
        "min": 0.0480304025114,
        "var": 0.00241620861925
    },
    "erbbands_kurtosis": {
        "dmean": 1.28463757038,
        "dmean2": 2.00772356987,
        "dvar": 4.10825967789,
        "dvar2": 9.05715751648,
        "max": 68.2236938477,
        "mean": 1.52256476879,
        "median": 0.740207672119,
        "min": -1.72503459454,
        "var": 10.67603302
    },
    "erbbands_skewness": {
        "dmean": 0.334513217211,
        "dmean2": 0.516189038754,
        "dvar": 0.0981843918562,
        "dvar2": 0.221357584,
        "max": 6.43897676468,
        "mean": 0.805461585522,
        "median": 0.743010699749,
        "min": -3.71547842026,
        "var": 0.414664894342
    },
    "erbbands_spread": {
        "dmean": 6.45276880264,
        "dmean2": 9.83195304871,
        "dvar": 39.1671714783,
        "dvar2": 87.0533447266,
        "max": 145.505462646,
        "mean": 30.8848686218,
        "median": 28.6328697205,
        "min": 0.489925652742,
        "var": 205.430252075
    },
    "hfc": {
        "dmean": 6.48580503464,
        "dmean2": 9.45755004883,
        "dvar": 93.5932540894,
        "dvar2": 206.717346191,
        "max": 103.134300232,
        "mean": 20.8208332062,
        "median": 17.8258495331,
        "min": 1.302091472e-16,
        "var": 239.913406372
    },
    "melbands_crest": {
        "dmean": 2.89721632004,
        "dmean2": 4.71217346191,
        "dvar": 6.31939792633,
        "dvar2": 15.4066381454,
        "max": 32.4705924988,
        "mean": 13.062338829,
        "median": 12.4553031921,
        "min": 2.17637395859,
        "var": 19.629989624
    },
    "melbands_flatness_db": {
        "dmean": 0.0228807143867,
        "dmean2": 0.0349182225764,
        "dvar": 0.000482954608742,
        "dvar2": 0.00105710467324,
        "max": 0.470849096775,
        "mean": 0.201218158007,
        "median": 0.203788772225,
        "min": 0.00668615382165,
        "var": 0.00256431638263
    },
    "melbands_kurtosis": {
        "dmean": 3.98841834068,
        "dmean2": 6.30277681351,
        "dvar": 28.0511455536,
        "dvar2": 64.5074310303,
        "max": 136.367202759,
        "mean": 8.62482261658,
        "median": 6.18245124817,
        "min": -1.69877421856,
        "var": 78.6912460327
    },
    "melbands_skewness": {
        "dmean": 0.559459269047,
        "dmean2": 0.871464967728,
        "dvar": 0.272353321314,
        "dvar2": 0.655886292458,
        "max": 8.22361755371,
        "mean": 2.07253599167,
        "median": 1.9343392849,
        "min": -3.97778177261,
        "var": 1.21828091145
    },
    "melbands_spread": {
        "dmean": 4.05737924576,
        "dmean2": 6.40524244308,
        "dvar": 21.4885425568,
        "dvar2": 48.2341918945,
        "max": 184.345779419,
        "mean": 17.6477737427,
        "median": 15.9136552811,
        "min": 1.35506534576,
        "var": 113.953086853
    },
    "pitch_salience": {
        "dmean": 0.0661072209477,
        "dmean2": 0.10685608536,
        "dvar": 0.00352609320544,
        "dvar2": 0.00879321713001,
        "max": 0.859640181065,
        "mean": 0.551845252514,
        "median": 0.553875505924,
        "min": 0.127031236887,
        "var": 0.0101732946932
    },
    "silence_rate_20dB": {
        "dmean": 0,
        "dmean2": 0,
        "dvar": 0,
        "dvar2": 0,
        "max": 1,
        "mean": 1,
        "median": 1,
        "min": 1,
        "var": 0
    },
    "silence_rate_30dB": {
        "dmean": 0.00312662846409,
        "dmean2": 0.0062536643818,
        "dvar": 0.00311706122011,
        "dvar2": 0.0092113930732,
        "max": 1,
        "mean": 0.998371660709,
        "median": 1,
        "min": 0,
        "var": 0.00162566255312
    },
    "silence_rate_60dB": {
        "dmean": 0.00755601888523,
        "dmean2": 0.0151130221784,
        "dvar": 0.00749548897147,
        "dvar2": 0.0164484772831,
        "max": 1,
        "mean": 0.077183611691,
        "median": 0,
        "min": 0,
        "var": 0.0712473616004
    },
    "spectral_centroid": {
        "dmean": 163.78692627,
        "dmean2": 260.158111572,
        "dvar": 39300.1210938,
        "dvar2": 87142.6328125,
        "max": 10996.5,
        "mean": 1034.85253906,
        "median": 901.773742676,
        "min": 228.837661743,
        "var": 233928.640625
    },
    "spectral_complexity": {
        "dmean": 3.39981770515,
        "dmean2": 5.1635723114,
        "dvar": 16.1948509216,
        "dvar2": 32.7859954834,
        "max": 53,
        "mean": 18.0176506042,
        "median": 17,
        "min": 0,
        "var": 68.8330917358
    },
    "spectral_decrease": {
        "dmean": 2.66577249164e-09,
        "dmean2": 4.39570024824e-09,
        "dvar": 1.37621901444e-17,
        "dvar2": 3.50995299393e-17,
        "max": 8.66661395427e-11,
        "mean": -8.49814352222e-09,
        "median": -7.38586880544e-09,
        "min": -3.86353491422e-08,
        "var": 3.59629344453e-17
    },
    "spectral_energy": {
        "dmean": 0.010444521904,
        "dmean2": 0.0171452723444,
        "dvar": 0.000212100479985,
        "dvar2": 0.000537177023944,
        "max": 0.1533344239,
        "mean": 0.0339623503387,
        "median": 0.0297847669572,
        "min": 1.13225855495e-20,
        "var": 0.000558809377253
    },
    "spectral_energyband_high": {
        "dmean": 0.000303258828353,
        "dmean2": 0.000440010713646,
        "dvar": 3.5403385823e-07,
        "dvar2": 7.7365262996e-07,
        "max": 0.00679718470201,
        "mean": 0.000654822215438,
        "median": 0.000308948248858,
        "min": 8.55368165175e-21,
        "var": 7.97471557235e-07
    },
    "spectral_energyband_low": {
        "dmean": 0.00517600262538,
        "dmean2": 0.00868546124548,
        "dvar": 6.07911933912e-05,
        "dvar2": 0.000167490070453,
        "max": 0.0839732959867,
        "mean": 0.0098265176639,
        "median": 0.00477884477004,
        "min": 1.01954478605e-22,
        "var": 0.000155364527018
    },
    "spectral_energyband_middle_high": {
        "dmean": 0.00216327281669,
        "dmean2": 0.00325966230594,
        "dvar": 1.10846249299e-05,
        "dvar2": 2.58887721429e-05,
        "max": 0.0862560942769,
        "mean": 0.00565639045089,
        "median": 0.00411980552599,
        "min": 1.43619829602e-21,
        "var": 3.23954300256e-05
    },
    "spectral_energyband_middle_low": {
        "dmean": 0.0074822679162,
        "dmean2": 0.0124631244689,
        "dvar": 0.000156066540512,
        "dvar2": 0.000421880424256,
        "max": 0.138417288661,
        "mean": 0.0184516292065,
        "median": 0.015552027151,
        "min": 1.97703739465e-22,
        "var": 0.000224767907639
    },
    "spectral_entropy": {
        "dmean": 0.155877038836,
        "dmean2": 0.215129986405,
        "dvar": 0.0256243888289,
        "dvar2": 0.0464775338769,
        "max": 9.80785655975,
        "mean": 7.44390392303,
        "median": 7.43319272995,
        "min": 5.26612472534,
        "var": 0.144988805056
    },
    "spectral_flux": {
        "dmean": 0.0268290285021,
        "dmean2": 0.0418634526432,
        "dvar": 0.00111824297346,
        "dvar2": 0.00228781439364,
        "max": 0.328182816505,
        "mean": 0.0840158313513,
        "median": 0.0747425034642,
        "min": 1.06407639644e-10,
        "var": 0.00264969002455
    },
    "spectral_kurtosis": {
        "dmean": 1.51060461998,
        "dmean2": 2.52108883858,
        "dvar": 4.39511442184,
        "dvar2": 11.9482040405,
        "max": 58.459312439,
        "mean": 5.64347600937,
        "median": 4.88921308517,
        "min": -1.18977510929,
        "var": 11.6847677231
    },
    "spectral_rms": {
        "dmean": 0.000799429835752,
        "dmean2": 0.0012902332237,
        "dvar": 9.58571376941e-07,
        "dvar2": 2.34780327446e-06,
        "max": 0.0122308852151,
        "mean": 0.00531139643863,
        "median": 0.00539057608694,
        "min": 3.3236161219e-12,
        "var": 4.92278695674e-06
    },
    "spectral_rolloff": {
        "dmean": 266.448791504,
        "dmean2": 457.2293396,
        "dvar": 322197.1875,
        "dvar2": 801370.5,
        "max": 19767.4804688,
        "mean": 1163.12939453,
        "median": 882.861328125,
        "min": 107.666015625,
        "var": 2723504.5
    },
    "spectral_skewness": {
        "dmean": 0.200430065393,
        "dmean2": 0.32804363966,
        "dvar": 0.0483374632895,
        "dvar2": 0.122951962054,
        "max": 5.46805524826,
        "mean": 1.84308803082,
        "median": 1.8156850338,
        "min": -0.0135590760037,
        "var": 0.189981520176
    },
    "spectral_spread": {
        "dmean": 481751.25,
        "dmean2": 664910.25,
        "dvar": 499547045888,
        "dvar2": 1.01963189453e+12,
        "max": 39998364,
        "mean": 4725937.5,
        "median": 4578697.5,
        "min": 1203622.875,
        "var": 2.81244309914e+12
    },
    "spectral_strongpeak": {
        "dmean": 0.582402050495,
        "dmean2": 0.988429427147,
        "dvar": 0.716644406319,
        "dvar2": 1.75369536877,
        "max": 9.97354507446,
        "mean": 1.07244002819,
        "median": 0.623654603958,
        "min": 0,
        "var": 1.37994420528
    },
    "zerocrossingrate": {
        "dmean": 0.00923046190292,
        "dmean2": 0.0111482460052,
        "dvar": 0.000128471278003,
        "dvar2": 0.000168983344338,
        "max": 0.83251953125,
        "mean": 0.0590227507055,
        "median": 0.04638671875,
        "min": 0.0068359375,
        "var": 0.00349215348251
    },
    "barkbands": {
        "dmean": [0.000255340215517, 0.00417245971039, 0.00165712856688, 0.00149785808753, 0.00358641776256, 0.000822841073386, 0.00175164151005, 0.000868862669449, 0.00224077119492, 0.0014901541872, 0.000724501092918, 0.000150131701957, 0.000394465663703, 8.98556463653e-05, 0.000268721370958, 9.05051565496e-05, 0.000147300714161, 7.66781886341e-05, 9.18153964449e-05, 7.46106379665e-05, 6.96919451002e-05, 5.40351866221e-05, 4.1357230657e-05, 3.26696281263e-05, 4.37341768702e-05, 3.80797064281e-05, 4.77977228002e-05],
        "dmean2": [0.000450682739029, 0.00706457905471, 0.00283770286478, 0.00265921349637, 0.00610575266182, 0.00138646329287, 0.00292862229981, 0.00141994573642, 0.0034280300606, 0.00229971855879, 0.00118039478548, 0.000248982309131, 0.000613108510152, 0.000143202763866, 0.000410105334595, 0.00014788491535, 0.000247889984166, 0.000127612554934, 0.000149562125443, 0.000121303179185, 0.000114449292596, 8.62531596795e-05, 6.30889771855e-05, 4.75397573609e-05, 6.48274144623e-05, 5.57172279514e-05, 7.12390610715e-05],
        "dvar": [1.23798463392e-06, 5.34152277396e-05, 5.06812011736e-06, 7.55909968575e-06, 3.61411512131e-05, 3.21388938573e-06, 1.2608347788e-05, 2.17644992517e-06, 1.2399789739e-05, 8.81895812199e-06, 1.98425163944e-06, 6.38236983264e-08, 2.99165066053e-07, 2.16059437008e-08, 3.62797464959e-07, 1.67674034657e-08, 3.19166808538e-08, 1.276672279e-08, 2.08953672143e-08, 1.64241331646e-08, 1.86500148658e-08, 1.14909921578e-08, 4.78361883438e-09, 3.26000582085e-09, 6.93969637311e-09, 1.07585336195e-08, 2.68338737897e-08],
        "dvar2": [3.64791549146e-06, 0.000152252032422, 1.42665767271e-05, 2.20654092118e-05, 9.6425312222e-05, 9.228538147e-06, 3.34768774337e-05, 5.61268188903e-06, 2.8108492188e-05, 2.16286152863e-05, 4.68793996333e-06, 1.71532889226e-07, 7.00999123637e-07, 4.93286584913e-08, 7.36804679491e-07, 4.37825029564e-08, 8.76248478221e-08, 3.35706573651e-08, 5.45456089185e-08, 4.29638546962e-08, 4.80538879799e-08, 2.9868974849e-08, 1.09242481727e-08, 7.08467062793e-09, 1.45418805886e-08, 2.3709629815e-08, 6.03030940738e-08],
        "max": [0.022599266842, 0.066861435771, 0.0308280624449, 0.0299846865237, 0.0957707166672, 0.0277287252247, 0.0760350748897, 0.0258196163923, 0.0634590014815, 0.0815915390849, 0.0348199121654, 0.00572390202433, 0.00968458410352, 0.00317684584297, 0.0221952348948, 0.0030661735218, 0.00308083277196, 0.00218777405098, 0.00262296269648, 0.00226020812988, 0.00220175948925, 0.00212571700104, 0.000873536919244, 0.000708367093466, 0.00101318932138, 0.00143822061364, 0.00201825797558],
        "mean": [0.000229324738029, 0.0064867194742, 0.00268980977125, 0.00172873877455, 0.00682466570288, 0.00125552667305, 0.00254973373376, 0.00129759497941, 0.00429794657975, 0.00256674783304, 0.00101528549567, 0.000220812071348, 0.000685820123181, 0.00016118233907, 0.000428218365414, 0.000172511121491, 0.000275409431197, 0.000160833340487, 0.000186258053873, 0.000143316836329, 0.000134776841151, 0.000112755413284, 8.78514183569e-05, 7.32700427761e-05, 7.18137525837e-05, 5.45569819224e-05, 5.08839184477e-05],
        "median": [2.00948197744e-05, 0.00136708770879, 0.00180347869173, 0.000782060495112, 0.00468220701441, 0.000695295573678, 0.000985159073025, 0.000546107534319, 0.00228513707407, 0.000962681602687, 0.000406020291848, 0.00012127901573, 0.000447990634711, 9.05525157577e-05, 0.000183770433068, 0.000128510655486, 0.000218639426748, 0.000120237906231, 0.00011867658759, 7.21021206118e-05, 6.0196085542e-05, 5.36937222932e-05, 4.70457889605e-05, 4.00405187975e-05, 2.89197487291e-05, 1.34646288643e-05, 3.33084449267e-06],
        "min": [3.79035611164e-23, 7.84606988567e-23, 1.18355759839e-23, 4.41232623484e-24, 1.44278873033e-23, 4.85146206604e-23, 4.73429160915e-23, 3.83834504486e-23, 3.67259148472e-23, 4.28338250226e-23, 1.54731040213e-22, 1.07695757786e-22, 7.09967872723e-23, 8.16433487125e-23, 1.13209744053e-22, 9.20006001488e-23, 1.69468501779e-22, 1.7763130626e-22, 2.95252057572e-22, 2.72488737778e-22, 3.72999234896e-22, 5.36072207813e-22, 9.43328907654e-22, 9.34334631157e-22, 1.10128950655e-21, 1.8493835948e-21, 2.96143785939e-21],
        "var": [8.38574408135e-07, 0.000117109222629, 8.05719082564e-06, 7.01545013726e-06, 5.89229457546e-05, 3.06958554575e-06, 1.81600389624e-05, 3.77359037884e-06, 3.41520535585e-05, 2.02007413463e-05, 3.59261366611e-06, 8.55762820606e-08, 6.26054600161e-07, 5.50612142547e-08, 6.90091894739e-07, 2.81836847194e-08, 5.9188778323e-08, 2.32920385201e-08, 4.69777710066e-08, 3.95054655655e-08, 3.99775252902e-08, 3.08254755055e-08, 1.17505267738e-08, 8.15484035854e-09, 1.15440128567e-08, 1.63711995071e-08, 3.00113676133e-08]
    },
    "erbbands": {
        "dmean": [0.0798822194338, 1.07999563217, 2.07195234299, 2.43107700348, 11.8854818344, 11.222661972, 4.9993262291, 7.63903713226, 18.409734726, 29.6743526459, 19.2542152405, 59.9609146118, 30.2126522064, 48.0122909546, 26.6312866211, 5.78955745697, 19.4606971741, 5.5477771759, 14.2294721603, 7.97436237335, 4.46359491348, 6.53245687485, 5.18493366241, 4.1702375412, 4.35296821594, 3.60120797157, 2.99415898323, 2.60197806358, 2.03638982773, 1.63189256191, 1.10952830315, 0.74233430624, 0.545355379581, 0.33715057373, 0.396162986755, 0.160474598408, 0.0796733871102, 0.0311038196087, 0.00825020950288, 0.000514229643159],
        "dmean2": [0.13160571456, 1.85273694992, 3.49062609673, 4.24369001389, 20.3785266876, 18.8794212341, 8.70122051239, 12.9494085312, 29.8132305145, 50.3137054443, 30.6762371063, 91.1339950562, 50.2651634216, 72.496925354, 43.6548233032, 9.31772994995, 30.1933937073, 8.63282680511, 21.8863220215, 12.374751091, 7.37719535828, 10.8895616531, 8.70036029816, 6.77245378494, 7.12111091614, 5.89116334915, 4.9293088913, 4.32788085938, 3.3129529953, 2.58429503441, 1.68620288372, 1.10956978798, 0.795924186707, 0.491916567087, 0.597707509995, 0.230692461133, 0.119548678398, 0.0458939224482, 0.0123062152416, 0.000765006465372],
        "dvar": [0.0229646358639, 3.5790438652, 8.2465467453, 15.4842376709, 435.202209473, 328.096984863, 170.308761597, 280.562957764, 1424.04260254, 2822.75341797, 1049.16137695, 9461.43359375, 3456.77661133, 10588.1220703, 2429.59008789, 64.6932754517, 736.875183105, 72.8290176392, 1319.36328125, 156.798019409, 43.4661254883, 61.3426246643, 42.031162262, 37.7590751648, 59.6714286804, 37.3738746643, 32.6745262146, 28.3191413879, 18.7835769653, 8.43998718262, 3.60076451302, 1.59118902683, 0.96106672287, 0.426319539547, 0.592607021332, 0.126254916191, 0.0525290891528, 0.0096442764625, 0.000803026836365, 3.40175370184e-06],
        "dvar2": [0.0553515218198, 10.4729261398, 22.2738552094, 43.2345504761, 1128.36230469, 865.835998535, 484.337921143, 811.986755371, 3551.34008789, 7562.13867188, 2720.89306641, 21371.9316406, 9221.99023438, 25280.7207031, 6083.0390625, 160.995834351, 1732.30334473, 161.504577637, 2679.48266602, 358.859558105, 114.693466187, 165.667449951, 111.237129211, 96.2976379395, 156.877960205, 98.0051879883, 82.6820678711, 74.8026733398, 49.7892913818, 20.9629402161, 8.15203475952, 3.52604198456, 2.13282513618, 0.927451074123, 1.27092456818, 0.245322197676, 0.124220140278, 0.020991127938, 0.00182540866081, 7.77310197009e-06],
        "max": [1.45971846581, 17.3957386017, 36.8133163452, 41.0374679565, 218.780227661, 409.423553467, 190.232376099, 267.604064941, 1138.18896484, 610.975280762, 571.279724121, 1830.93395996, 1217.57873535, 2876.81494141, 1016.66760254, 126.350067139, 488.716888428, 195.37046814, 1384.41113281, 331.431976318, 184.244918823, 122.371566772, 105.58719635, 110.861885071, 130.734451294, 112.53578949, 100.857398987, 90.1283721924, 78.0126495361, 58.3458442688, 24.0925235748, 20.312538147, 13.1065921783, 8.53585720062, 9.05738925934, 5.06942558289, 3.36977553368, 1.45608186722, 0.363553881645, 0.0228893551975],
        "mean": [0.171529442072, 1.53674829006, 3.38610172272, 3.93220710754, 17.5594806671, 24.6564884186, 8.2187204361, 11.7421646118, 29.0923366547, 41.5911140442, 35.5660820007, 115.906761169, 48.2784309387, 85.8788833618, 40.8489494324, 11.6199140549, 33.9709625244, 11.2688312531, 22.0238552094, 13.7242822647, 9.51239204407, 13.0531463623, 11.3584423065, 9.58745002747, 8.42080879211, 6.92065763474, 5.79351568222, 4.99999666214, 4.08301687241, 3.46796059608, 2.317309618, 1.63140356541, 1.16574692726, 0.619016885757, 0.580860137939, 0.249315708876, 0.108505629003, 0.0382917635143, 0.00875690765679, 0.000559583248105],
        "median": [0.0183262825012, 0.432335168123, 2.26530218124, 2.56152057648, 10.767780304, 17.0261478424, 5.84660291672, 6.75932264328, 11.6473503113, 20.2791194916, 22.2324886322, 59.172580719, 24.8404960632, 34.2095870972, 20.0201377869, 8.68962287903, 22.3059387207, 6.97757148743, 7.66512107849, 8.94312953949, 7.50422668457, 10.623210907, 9.62857437134, 6.95521593094, 4.13541507721, 3.87731432915, 2.66073966026, 2.23600745201, 1.82833003998, 1.84309864044, 1.16314208508, 0.895375967026, 0.603760898113, 0.267517745495, 0.218359172344, 0.0808929055929, 0.0228787921369, 0.00559574179351, 0.000585841597058, 7.18316878192e-05],
        "min": [1.5120139632e-21, 2.04152181834e-20, 1.43297376586e-20, 1.96125654147e-20, 2.46709202633e-20, 4.25098359613e-20, 1.29506912219e-19, 6.3884502876e-19, 7.33858509435e-19, 8.15387808753e-19, 6.12909297641e-19, 7.02673179956e-19, 1.11178854252e-18, 3.94182705232e-18, 4.64967528098e-18, 4.82564389423e-18, 3.80947649995e-18, 3.4841219632e-18, 6.2153337931e-18, 5.40346842959e-18, 5.35651641725e-18, 9.22993687368e-18, 9.30834945984e-18, 1.53567470384e-17, 1.28129077473e-17, 1.38266928614e-17, 1.2855132836e-17, 1.47164893919e-17, 1.75063297157e-17, 2.32558388148e-17, 2.87099699889e-17, 1.84228640324e-17, 1.61668926934e-17, 1.16881778607e-17, 8.67093814188e-18, 6.68655253188e-18, 3.21735642245e-18, 1.5659752189e-18, 3.61646233091e-19, 4.72352183017e-20],
        "var": [0.0892771929502, 6.22464561462, 13.4807443619, 18.9152812958, 516.789855957, 754.454162598, 126.120307922, 260.418487549, 2793.3815918, 3420.10424805, 1885.68078613, 26107.9628906, 4956.33886719, 24758.6132812, 4164.17529297, 120.469398499, 1522.24487305, 199.843048096, 2416.54174805, 306.836486816, 73.1568374634, 123.246650696, 82.3686904907, 88.2117233276, 136.825073242, 76.8653488159, 71.9826507568, 58.965221405, 44.8998527527, 21.899728775, 8.78988265991, 4.18549442291, 2.21308779716, 0.833458065987, 0.874846041203, 0.221614435315, 0.0747514143586, 0.0125605175272, 0.000885219487827, 3.67746042684e-06]
    },
    "gfcc": {
        "mean": [5.58634901047, 86.9032897949, -107.762229919, 9.64740180969, -60.5863723755, 6.61480903625, -31.5481414795, 9.98427963257, -24.6845016479, -6.65027332306, -21.7694225311, -2.74638581276, -14.2791032791],
        "cov": [[15407.2558594, 1181.81433105, 2330.24414062, 1260.01086426, 76.9242019653, 549.554626465, 236.470016479, 286.682769775, -21.2487277985, 248.462768555, -184.848648071, 45.4950332642, -101.798973083], [1181.81433105, 1692.10339355, 107.829864502, 391.76675415, 159.331253052, 119.144081116, 7.83767414093, 98.5268936157, 48.2861557007, -101.518455505, 52.8529052734, -42.4904975891, 43.0868301392], [2330.24414062, 107.829864502, 915.262634277, 253.13899231, 245.064682007, 172.162658691, 120.40839386, 96.3812103271, 51.0455818176, 65.3917999268, -20.2444458008, 22.5230998993, -32.5166130066], [1260.01086426, 391.76675415, 253.13899231, 471.968017578, 101.10887146, 172.309890747, 59.1275634766, 69.0770339966, 23.3994483948, 31.714214325, 20.2045211792, 1.81444132328, 24.7459754944], [76.9242019653, 159.331253052, 245.064682007, 101.10887146, 249.072189331, 116.682266235, 63.5453338623, 45.5278930664, 43.0185546875, 10.4931344986, 11.2432804108, -3.01957774162, 10.4141235352], [549.554626465, 119.144081116, 172.162658691, 172.309890747, 116.682266235, 222.30859375, 79.0872497559, 73.8318710327, 8.8529882431, 26.5472011566, -17.2380275726, 1.1643563509, 16.0272064209], [236.470016479, 7.83767414093, 120.40839386, 59.1275634766, 63.5453338623, 79.0872497559, 145.312942505, 66.8128433228, 43.7110023499, 8.933552742, 8.55173873901, 14.9727754593, 34.4312973022], [286.682769775, 98.5268936157, 96.3812103271, 69.0770339966, 45.5278930664, 73.8318710327, 66.8128433228, 133.883071899, 50.6450195312, 7.253677845, -12.1550130844, 10.1275415421, 5.93057632446], [-21.2487277985, 48.2861557007, 51.0455818176, 23.3994483948, 43.0185546875, 8.8529882431, 43.7110023499, 50.6450195312, 93.3921813965, 24.5528755188, 16.6285362244, 2.75486683846, 16.783744812], [248.462768555, -101.518455505, 65.3917999268, 31.714214325, 10.4931344986, 26.5472011566, 8.933552742, 7.253677845, 24.5528755188, 87.9709472656, 19.2194480896, 10.52298069, -3.12287640572], [-184.848648071, 52.8529052734, -20.2444458008, 20.2045211792, 11.2432804108, -17.2380275726, 8.55173873901, -12.1550130844, 16.6285362244, 19.2194480896, 70.7428359985, 27.1641998291, 14.5146856308], [45.4950332642, -42.4904975891, 22.5230998993, 1.81444132328, -3.01957774162, 1.1643563509, 14.9727754593, 10.1275415421, 2.75486683846, 10.52298069, 27.1641998291, 61.7418823242, 16.0476818085], [-101.798973083, 43.0868301392, -32.5166130066, 24.7459754944, 10.4141235352, 16.0272064209, 34.4312973022, 5.93057632446, 16.783744812, -3.12287640572, 14.5146856308, 16.0476818085, 72.1906280518]],
        "icov": [[0.00018653277948, -0.000175063571078, -0.000501492235344, -0.000208856072277, 0.000611801980995, -1.37157658173e-05, -0.000155471105245, 9.18327350519e-05, 0.000222656701226, -0.000513179867994, 0.000634321186226, -0.000229022451094, 4.40346448158e-05], [-0.000175063571078, 0.00123465387151, 0.000407445419114, -0.000547954288777, -0.000794910185505, -0.000203892632271, 0.00112801720388, -0.000934377196245, -0.000567374459933, 0.0023987730965, -0.00229390896857, 0.00145709619392, -0.000540730718058], [-0.000501492235344, 0.000407445419114, 0.00349804526195, -0.000352408154868, -0.0035232254304, 0.000742578005884, -0.00100681721233, -1.10951305032e-05, -0.000502560986206, -5.87434806221e-05, 0.000587331131101, -0.00126224174164, 0.00184736656956], [-0.000208856072277, -0.000547954288777, -0.000352408154868, 0.00438046362251, 0.000318900769344, -0.00268184347078, 0.000685103063006, -0.000379694422008, 8.15638122731e-06, -0.000267406227067, -0.0024857504759, 0.00117646611761, -0.00114913959987], [0.000611801980995, -0.000794910185505, -0.0035232254304, 0.000318900769344, 0.00993918348104, -0.00430705677718, -8.08967670309e-05, 0.00133391399868, -0.00236648391001, 0.000656736723613, -0.00135706691071, 0.00132822850719, -0.000351505615981], [-1.37157658173e-05, -0.000203892632271, 0.000742578005884, -0.00268184347078, -0.00430705677718, 0.0116042578593, -0.00376707385294, -0.00322084804066, 0.00525401439518, -0.00461466889828, 0.00497502088547, -0.000740192772355, -0.000794405990746], [-0.000155471105245, 0.00112801720388, -0.00100681721233, 0.000685103063006, -8.08967670309e-05, -0.00376707385294, 0.0137898782268, -0.00421153893694, -0.00325196026824, 0.00391026958823, -0.00485616270453, 0.00167980510741, -0.00543574243784], [9.18327350519e-05, -0.000934377196245, -1.10951305032e-05, -0.000379694422008, 0.00133391399868, -0.00322084804066, -0.00421153893694, 0.0153304412961, -0.00779817579314, 0.000397179217543, 0.00624417001382, -0.00554107315838, 0.00389074278064], [0.000222656701226, -0.000567374459933, -0.000502560986206, 8.15638122731e-06, -0.00236648391001, 0.00525401439518, -0.00325196026824, -0.00779817579314, 0.0204268433154, -0.00708128651604, -0.00192974251695, 0.00358075252734, -0.00367336208001], [-0.000513179867994, 0.0023987730965, -5.87434806221e-05, -0.000267406227067, 0.000656736723613, -0.00461466889828, 0.00391026958823, 0.000397179217543, -0.00708128651604, 0.0204736851156, -0.00954728759825, 0.00194090290461, 0.000962123624049], [0.000634321186226, -0.00229390896857, 0.000587331131101, -0.0024857504759, -0.00135706691071, 0.00497502088547, -0.00485616270453, 0.00624417001382, -0.00192974251695, -0.00954728759825, 0.0295430216938, -0.013855596073, 0.00145041162614], [-0.000229022451094, 0.00145709619392, -0.00126224174164, 0.00117646611761, 0.00132822850719, -0.000740192772355, 0.00167980510741, -0.00554107315838, 0.00358075252734, 0.00194090290461, -0.013855596073, 0.0255882330239, -0.00618857610971], [4.40346448158e-05, -0.000540730718058, 0.00184736656956, -0.00114913959987, -0.000351505615981, -0.000794405990746, -0.00543574243784, 0.00389074278064, -0.00367336208001, 0.000962123624049, 0.00145041162614, -0.00618857610971, 0.0199427995831]]
    },
    "melbands": {
        "dmean": [0.0010005250806, 0.00114046141971, 0.000678617914673, 0.000925518397707, 0.000198766647372, 0.00016573004541, 0.000311396055622, 0.000299499981338, 0.000212705432205, 0.000342511775671, 0.00015193571744, 0.000207906443393, 0.000109223401523, 2.24296163651e-05, 3.39612633979e-05, 3.01155741909e-05, 1.00077950265e-05, 2.13362964132e-05, 1.32314353323e-05, 8.57103714225e-06, 5.43247415408e-06, 6.42682516627e-06, 9.08812580747e-06, 3.83566475648e-06, 3.65338814845e-06, 3.96597852159e-06, 2.73281057162e-06, 2.41400744017e-06, 2.03928266274e-06, 1.76792843831e-06, 1.62010428539e-06, 1.2557422906e-06, 1.12971088129e-06, 8.92575542366e-07, 7.3152045843e-07, 5.59893464924e-07, 4.72324472867e-07, 4.53542043033e-07, 3.05417358959e-07, 2.84826455754e-07],
        "dmean2": [0.00167520181276, 0.00193891243543, 0.00117099541239, 0.00157408509403, 0.000343707361026, 0.000280661886791, 0.000509152712766, 0.000502384267747, 0.000329604547005, 0.000524151197169, 0.000252202647971, 0.000313801807351, 0.000178353555384, 3.79494995286e-05, 5.27105403307e-05, 4.67209756607e-05, 1.58383663802e-05, 3.28854730469e-05, 2.0176421458e-05, 1.36794469654e-05, 9.11288589123e-06, 1.07373834908e-05, 1.5306259229e-05, 6.37306766293e-06, 5.98746646574e-06, 6.5503386395e-06, 4.42320788352e-06, 3.99049531552e-06, 3.38248992193e-06, 2.93568746201e-06, 2.70591340268e-06, 2.06231288757e-06, 1.83904592177e-06, 1.42175895235e-06, 1.13606665764e-06, 8.65789843374e-07, 7.14073792096e-07, 6.86265025251e-07, 4.57742970639e-07, 4.25627490586e-07],
        "dvar": [3.18994625559e-06, 2.84297993858e-06, 1.46786112509e-06, 2.28467956731e-06, 2.11584307408e-07, 1.35500272336e-07, 4.03158765039e-07, 2.59643542222e-07, 1.1643124509e-07, 2.90892160137e-07, 8.87043896114e-08, 2.09314464428e-07, 4.46257217845e-08, 1.6485718346e-09, 2.30249908029e-09, 1.76187264778e-09, 2.87436935364e-10, 2.94472179974e-09, 6.00861915778e-10, 1.74564251942e-10, 6.82899986559e-11, 6.47128461928e-11, 1.31579788731e-10, 3.63827683258e-11, 2.85782873061e-11, 4.52121291794e-11, 2.55705873142e-11, 1.7779722139e-11, 1.50073460603e-11, 1.22810615844e-11, 9.92986769199e-12, 7.04676594854e-12, 5.1634326155e-12, 2.31913490148e-12, 1.58694899669e-12, 8.7389009874e-13, 6.26312641073e-13, 6.20475350786e-13, 3.42772874971e-13, 3.03904335508e-13],
        "dvar2": [8.85680674401e-06, 7.8030197983e-06, 3.91428375224e-06, 6.07563288213e-06, 5.9609459413e-07, 3.91200757122e-07, 1.0292466186e-06, 6.87480735451e-07, 2.82914641048e-07, 6.58831481815e-07, 2.35911699065e-07, 5.00121757341e-07, 1.05831631458e-07, 4.71135841451e-09, 5.31041566276e-09, 4.15407663823e-09, 6.32313645887e-10, 5.95521987279e-09, 1.25653021321e-09, 4.20844109561e-10, 1.87075105407e-10, 1.76346312553e-10, 3.62207347449e-10, 9.7545999056e-11, 7.41758876543e-11, 1.21043008949e-10, 6.63681123947e-11, 4.73595294925e-11, 3.8822053211e-11, 3.24562252074e-11, 2.64920151788e-11, 1.87077384833e-11, 1.33109339523e-11, 5.71155405957e-12, 3.68728225036e-12, 2.07084891769e-12, 1.3728242718e-12, 1.42523091853e-12, 7.58813096993e-13, 6.78423571661e-13],
        "max": [0.0155334658921, 0.0184895005077, 0.0127668408677, 0.0275581870228, 0.00614717928693, 0.00588456494734, 0.0175205226988, 0.00571382092312, 0.00546474661678, 0.0103867426515, 0.00606173789129, 0.0129781253636, 0.00491164717823, 0.00115172250662, 0.000844524241984, 0.000782665098086, 0.000359405443305, 0.00211783731356, 0.000750591920223, 0.000319681013934, 0.00021796823421, 9.14357806323e-05, 0.000201827380806, 0.000127605744638, 9.74938302534e-05, 0.000139943353133, 8.10824712971e-05, 8.55675243656e-05, 6.20821447228e-05, 7.06132632331e-05, 4.20234246121e-05, 5.5359214457e-05, 6.61595695419e-05, 3.00023675663e-05, 1.82446237886e-05, 1.80729839485e-05, 1.17017343655e-05, 1.17711006169e-05, 8.78943501448e-06, 6.64839444653e-06],
        "mean": [0.00173354730941, 0.00186103011947, 0.000994575442746, 0.00185411470011, 0.000372726062778, 0.000249690230703, 0.000473242427688, 0.000423968536779, 0.000395188340917, 0.000663903250825, 0.000222211223445, 0.000363019324141, 0.000156353620696, 3.32294366672e-05, 5.91423013248e-05, 5.28591190232e-05, 1.77149249794e-05, 3.27988200297e-05, 2.18063923967e-05, 1.50752366608e-05, 1.05679373519e-05, 1.24040543596e-05, 1.57430094987e-05, 7.7628337749e-06, 7.61927731219e-06, 7.19500667401e-06, 4.96623988511e-06, 4.36876553067e-06, 3.65451978723e-06, 3.17607691613e-06, 2.84393445327e-06, 2.33392756854e-06, 2.1609189389e-06, 1.79359210506e-06, 1.40293548156e-06, 1.06136860722e-06, 9.89393015516e-07, 9.25968663523e-07, 5.76407330755e-07, 4.85200985167e-07],
        "median": [0.000283015804598, 0.00111385295168, 0.000575124809984, 0.00129311787896, 0.000290821539238, 0.000138897128636, 0.000184774311492, 0.000211140388274, 0.000225322582992, 0.000344964675605, 9.55840514507e-05, 0.000132417539135, 6.49614739814e-05, 1.93017040147e-05, 3.84179802495e-05, 3.42060229741e-05, 9.36602373258e-06, 1.14591812235e-05, 1.12867419375e-05, 9.88629835774e-06, 7.98577639216e-06, 9.57409429247e-06, 1.20287759273e-05, 5.67222696191e-06, 5.33495631316e-06, 3.92807078242e-06, 2.2581821213e-06, 2.42486430579e-06, 1.60665535986e-06, 1.25032670439e-06, 1.34337540203e-06, 1.07357868728e-06, 9.72037241809e-07, 9.74256636255e-07, 6.8383354801e-07, 4.86102408104e-07, 5.52685776256e-07, 4.92066931201e-07, 2.58665835418e-07, 1.97495097609e-07],
        "min": [2.15458991579e-23, 1.59620040383e-23, 3.7068388554e-24, 2.34744159744e-24, 4.09011954798e-24, 1.23305499143e-23, 1.06762328654e-23, 9.26484553227e-24, 5.23303306038e-24, 4.6044596192e-24, 5.20479499541e-24, 1.47254677248e-23, 1.79699611201e-23, 1.13398045151e-23, 1.18339501415e-23, 6.90411695338e-24, 5.96045313956e-24, 9.95114110917e-24, 8.57900986127e-24, 6.91250885569e-24, 6.64910819944e-24, 1.04012832855e-23, 7.7983665201e-24, 8.74438113941e-24, 1.33004299426e-23, 9.39138039919e-24, 9.30531251898e-24, 8.97813009196e-24, 7.41004658406e-24, 9.71580654621e-24, 7.26492773193e-24, 8.15898166114e-24, 1.33488186705e-23, 1.22663737131e-23, 1.82222325267e-23, 1.44953775091e-23, 9.62231154058e-24, 1.12146067674e-23, 1.11489198975e-23, 9.41685666212e-24],
        "var": [8.67349899636e-06, 4.95145013701e-06, 1.64790765211e-06, 4.25962298323e-06, 1.8069943053e-07, 1.24967826309e-07, 7.1222882525e-07, 3.33726603685e-07, 2.5538980708e-07, 8.33745446016e-07, 1.24680326508e-07, 4.83038320453e-07, 8.07834652505e-08, 1.91405802319e-09, 4.76006700723e-09, 3.81900067126e-09, 7.76514685885e-10, 5.40560440854e-09, 1.17856935322e-09, 3.39179434539e-10, 1.06223529972e-10, 1.26473734263e-10, 2.24338866928e-10, 6.29934923668e-11, 6.14790232611e-11, 8.84999296069e-11, 5.92512011677e-11, 3.32369444467e-11, 3.1066788031e-11, 2.89417066701e-11, 1.70837094471e-11, 1.56570416354e-11, 1.25818895233e-11, 5.27474071366e-12, 3.33189747494e-12, 2.15400310435e-12, 1.52644021555e-12, 1.3561080427e-12, 6.75257159216e-13, 5.50637714678e-13]
    },
    "mfcc": {
        "mean": [-641.482055664, 129.208251953, 3.79211759567, 11.1285200119, -5.62958431244, -3.85146903992, -2.12519288063, 9.17149829865, 0.828432559967, 1.12166583538, -2.07187390327, -2.71970391273, -7.04583501816],
        "cov": [[9904.47460938, 910.959411621, 1040.28759766, 681.751281738, 136.649612427, 432.385925293, 214.944229126, 245.939575195, 292.441497803, 213.887023926, 128.178451538, 13.6135721207, -164.738113403], [910.959411621, 1182.12902832, 71.3954391479, 149.650543213, 180.851425171, 8.17986011505, 31.4352493286, 129.237747192, 25.9355335236, -12.0790662766, 19.0329055786, 31.4187507629, -49.5160331726], [1040.28759766, 71.3954391479, 405.921081543, 187.459503174, 118.581535339, 132.998687744, 91.0095214844, 77.9919052124, 80.4580535889, 49.9761390686, 46.2871894836, 45.20936203, 2.57399082184], [681.751281738, 149.650543213, 187.459503174, 245.167541504, 111.151428223, 91.7967605591, 63.3533325195, 55.1536369324, 40.6233291626, 29.5306949615, 34.9583206177, 32.0099143982, 2.36966180801], [136.649612427, 180.851425171, 118.581535339, 111.151428223, 199.042129517, 96.0096511841, 59.3251647949, 47.4949569702, 30.6155662537, 28.5793876648, 35.1258010864, 29.1063079834, -11.6218547821], [432.385925293, 8.17986011505, 132.998687744, 91.7967605591, 96.0096511841, 162.509155273, 86.7460021973, 24.7227458954, 31.2079162598, 41.7093276978, 24.5952243805, 0.951125085354, -11.5325584412], [214.944229126, 31.4352493286, 91.0095214844, 63.3533325195, 59.3251647949, 86.7460021973, 114.573562622, 60.6877937317, 40.9120826721, 26.2150230408, 18.7705574036, 9.83890342712, -4.63617515564], [245.939575195, 129.237747192, 77.9919052124, 55.1536369324, 47.4949569702, 24.7227458954, 60.6877937317, 129.630157471, 68.2124404907, 17.623085022, 18.3140106201, 21.9247303009, -7.81458854675], [292.441497803, 25.9355335236, 80.4580535889, 40.6233291626, 30.6155662537, 31.2079162598, 40.9120826721, 68.2124404907, 110.867752075, 55.2371940613, 22.6050262451, 4.33329868317, -12.3423261642], [213.887023926, -12.0790662766, 49.9761390686, 29.5306949615, 28.5793876648, 41.7093276978, 26.2150230408, 17.623085022, 55.2371940613, 84.8152008057, 32.5696220398, -6.96648359299, -11.812210083], [128.178451538, 19.0329055786, 46.2871894836, 34.9583206177, 35.1258010864, 24.5952243805, 18.7705574036, 18.3140106201, 22.6050262451, 32.5696220398, 61.8947792053, 38.5012207031, -0.429999649525], [13.6135721207, 31.4187507629, 45.20936203, 32.0099143982, 29.1063079834, 0.951125085354, 9.83890342712, 21.9247303009, 4.33329868317, -6.96648359299, 38.5012207031, 84.438583374, 28.253200531], [-164.738113403, -49.5160331726, 2.57399082184, 2.36966180801, -11.6218547821, -11.5325584412, -4.63617515564, -7.81458854675, -12.3423261642, -11.812210083, -0.429999649525, 28.253200531, 62.8174781799]],
