{
"lowlevel": {
    "average_loudness": 0.343014627695,
    "barkbands_crest": {
        "dmean": 2.13008594513,
        "dmean2": 3.35737705231,
        "dvar": 3.60690569878,
        "dvar2": 9.33414268494,
        "max": 26.0083122253,
        "mean": 13.2690181732,
        "median": 12.4152793884,
        "min": 3.63543248177,
        "var": 24.5912570953
    },
    "barkbands_flatness_db": {
        "dmean": 0.0166227221489,
        "dmean2": 0.0257570948452,
        "dvar": 0.000249379663728,
        "dvar2": 0.000592152122408,
        "max": 0.557538688183,
        "mean": 0.249687433243,
        "median": 0.221473395824,
        "min": 0.0423194505274,
        "var": 0.00958899687976
    },
    "barkbands_kurtosis": {
        "dmean": 4.3344745636,
        "dmean2": 6.90264415741,
        "dvar": 76.8753433228,
        "dvar2": 192.492126465,
        "max": 360.362670898,
        "mean": 9.60226249695,
        "median": 4.14534282684,
        "min": -1.94896543026,
        "var": 351.021362305
    },
    "barkbands_skewness": {
        "dmean": 0.52331340313,
        "dmean2": 0.808358848095,
        "dvar": 0.29347667098,
        "dvar2": 0.713379740715,
        "max": 15.2694644928,
        "mean": 1.62850153446,
        "median": 1.45213222504,
        "min": -5.22661113739,
        "var": 2.54506206512
    },
    "barkbands_spread": {
        "dmean": 1.81699037552,
        "dmean2": 2.80841612816,
        "dvar": 8.09596443176,
        "dvar2": 18.8383903503,
        "max": 88.7606735229,
        "mean": 8.97580051422,
        "median": 6.46692180634,
        "min": 0.209077164531,
        "var": 116.793998718
    },
    "dissonance": {
        "dmean": 0.0336597040296,
        "dmean2": 0.0562052838504,
        "dvar": 0.001111603342,
        "dvar2": 0.003081694711,
        "max": 0.500000059605,
        "mean": 0.385703802109,
        "median": 0.402534723282,
        "min": 0.0785636901855,
        "var": 0.00701694237068
    },
    "dynamic_complexity": 6.56957530975,
    "erbbands_crest": {
        "dmean": 2.46643781662,
        "dmean2": 3.91709661484,
        "dvar": 4.87649679184,
        "dvar2": 12.5693426132,
        "max": 31.155538559,
        "mean": 12.4288759232,
        "median": 11.6103286743,
        "min": 2.66634941101,
        "var": 22.4133701324
    },
    "erbbands_flatness_db": {
        "dmean": 0.0147949391976,
        "dmean2": 0.02224977687,
        "dvar": 0.000226615098654,
        "dvar2": 0.00048465502914,
        "max": 0.543546140194,
        "mean": 0.281306236982,
        "median": 0.260207861662,
        "min": 0.066981524229,
        "var": 0.00788568239659
    },
    "erbbands_kurtosis": {
        "dmean": 1.98917198181,
        "dmean2": 3.18571901321,
        "dvar": 10.1818494797,
        "dvar2": 25.8089923859,
        "max": 87.8285140991,
        "mean": 3.77238464355,
        "median": 1.30251860619,
        "min": -1.81402361393,
        "var": 56.743598938
    },
    "erbbands_skewness": {
        "dmean": 0.387739866972,
        "dmean2": 0.602778077126,
        "dvar": 0.139944508672,
        "dvar2": 0.326086491346,
        "max": 8.014960289,
        "mean": 0.977901041508,
        "median": 0.901859045029,
        "min": -4.40670728683,
        "var": 0.919466435909
    },
    "erbbands_spread": {
        "dmean": 3.44828557968,
        "dmean2": 5.30601453781,
        "dvar": 17.8637008667,
        "dvar2": 41.1393585205,
        "max": 144.786132812,
        "mean": 18.5496997833,
        "median": 14.9547157288,
        "min": 0.633404672146,
        "var": 296.388275146
    },
    "hfc": {
        "dmean": 1.83725440502,
        "dmean2": 2.75749874115,
        "dvar": 7.3237195015,
        "dvar2": 17.2469272614,
        "max": 64.6669769287,
        "mean": 9.37860774994,
        "median": 5.85002326965,
        "min": 1.08591370843e-16,
        "var": 95.77784729
    },
    "melbands_crest": {
        "dmean": 2.57531738281,
        "dmean2": 4.11788272858,
        "dvar": 5.56816053391,
        "dvar2": 15.0988807678,
        "max": 31.1739711761,
        "mean": 15.5924434662,
        "median": 14.9764785767,
        "min": 1.00164234638,
        "var": 28.4465751648
    },
    "melbands_flatness_db": {
        "dmean": 0.0171986687928,
        "dmean2": 0.0264183897525,
        "dvar": 0.000272984529147,
        "dvar2": 0.000643942388706,
        "max": 0.686763226986,
        "mean": 0.320136159658,
        "median": 0.286838054657,
        "min": 4.31434102666e-07,
        "var": 0.0122485337779
    },
    "melbands_kurtosis": {
        "dmean": 5.13815641403,
        "dmean2": 8.18698596954,
        "dvar": 104.698829651,
        "dvar2": 254.197341919,
        "max": 409.302764893,
        "mean": 12.4696273804,
        "median": 5.66107559204,
        "min": -1.85730874538,
        "var": 492.75491333
    },
    "melbands_skewness": {
        "dmean": 0.566851437092,
        "dmean2": 0.873941957951,
        "dvar": 0.353223145008,
        "dvar2": 0.836610794067,
        "max": 18.1105365753,
        "mean": 1.74242639542,
        "median": 1.66099596024,
        "min": -8.51772880554,
        "var": 4.0702829361
    },
    "melbands_spread": {
        "dmean": 2.7558119297,
        "dmean2": 4.27943372726,
        "dvar": 29.3596382141,
        "dvar2": 66.7069625854,
        "max": 212.568252563,
        "mean": 12.5165348053,
        "median": 9.14223670959,
        "min": 0.419015794992,
        "var": 287.511016846
    },
    "pitch_salience": {
        "dmean": 0.0542410835624,
        "dmean2": 0.086626008153,
        "dvar": 0.00211182795465,
        "dvar2": 0.00541142979637,
        "max": 0.996041476727,
        "mean": 0.493330925703,
        "median": 0.497003704309,
        "min": 0.0459593236446,
        "var": 0.0174913108349
    },
    "silence_rate_20dB": {
        "dmean": 0,
        "dmean2": 0,
        "dvar": 0,
        "dvar2": 0,
        "max": 1,
        "mean": 1,
        "median": 1,
        "min": 1,
        "var": 0
    },
    "silence_rate_30dB": {
        "dmean": 0.000894374388736,
        "dmean2": 0.00178890873212,
        "dvar": 0.000893593241926,
        "dvar2": 0.00196460052393,
        "max": 1,
        "mean": 0.999016284943,
        "median": 1,
        "min": 0,
        "var": 0.000982751837
    },
    "silence_rate_60dB": {
        "dmean": 0.0186029877514,
        "dmean2": 0.037209302187,
        "dvar": 0.0182605497539,
        "dvar2": 0.0438657738268,
        "max": 1,
        "mean": 0.224199607968,
        "median": 0,
        "min": 0,
        "var": 0.173951327801
    },
    "spectral_centroid": {
        "dmean": 73.2305374146,
        "dmean2": 114.148086548,
        "dvar": 14204.4941406,
        "dvar2": 31849.5605469,
        "max": 11558.0478516,
        "mean": 905.812194824,
        "median": 654.720336914,
        "min": 198.328338623,
        "var": 655621.8125
    },
    "spectral_complexity": {
        "dmean": 1.20543777943,
        "dmean2": 2.0740609169,
        "dvar": 1.70545685291,
        "dvar2": 4.54871749878,
        "max": 29,
        "mean": 9.85306739807,
        "median": 9,
        "min": 0,
        "var": 43.8990058899
    },
    "spectral_decrease": {
        "dmean": 8.64304572357e-10,
        "dmean2": 1.27349297774e-09,
        "dvar": 1.73574897314e-18,
        "dvar2": 4.4211993104e-18,
        "max": 4.92636299535e-20,
        "mean": -4.42136771639e-09,
        "median": -2.87107759789e-09,
        "min": -2.95009048301e-08,
        "var": 2.19769927724e-17
    },
    "spectral_energy": {
        "dmean": 0.00341206695884,
        "dmean2": 0.0050293803215,
        "dvar": 2.68383464572e-05,
        "dvar2": 6.81345554767e-05,
        "max": 0.116215482354,
        "mean": 0.0175379458815,
        "median": 0.0113991033286,
        "min": 9.6659301907e-21,
        "var": 0.000343936000718
    },
    "spectral_energyband_high": {
        "dmean": 1.26640770759e-05,
        "dmean2": 2.00009399123e-05,
        "dvar": 6.32123076105e-10,
        "dvar2": 1.53511792167e-09,
        "max": 0.000622645835392,
        "mean": 4.13953566749e-05,
        "median": 1.40430620377e-05,
        "min": 7.21323223793e-21,
        "var": 3.37925154525e-09
    },
    "spectral_energyband_low": {
        "dmean": 0.000334612966981,
        "dmean2": 0.000469127844553,
        "dvar": 6.8584967039e-07,
        "dvar2": 1.31900958422e-06,
        "max": 0.028968764469,
        "mean": 0.0010070631979,
        "median": 3.04740206047e-05,
        "min": 1.29027967147e-23,
        "var": 4.94448840982e-06
    },
    "spectral_energyband_middle_high": {
        "dmean": 0.000915453885682,
        "dmean2": 0.00140909897164,
        "dvar": 3.44402315022e-06,
        "dvar2": 7.80989012128e-06,
        "max": 0.0380084626377,
        "mean": 0.0025787432678,
        "median": 0.00119883799925,
        "min": 1.2402568592e-21,
        "var": 1.23279351101e-05
    },
    "spectral_energyband_middle_low": {
        "dmean": 0.00307831098326,
        "dmean2": 0.00448626931757,
        "dvar": 2.31285448535e-05,
        "dvar2": 5.95382116444e-05,
        "max": 0.108940050006,
        "mean": 0.0140103511512,
        "median": 0.00904535409063,
        "min": 1.96342279138e-22,
        "var": 0.00023904479167
    },
    "spectral_entropy": {
        "dmean": 0.127865538001,
        "dmean2": 0.197956711054,
        "dvar": 0.0158423054963,
        "dvar2": 0.039918821305,
        "max": 9.81052875519,
        "mean": 6.27677440643,
        "median": 6.51744556427,
        "min": 3.62250781059,
        "var": 0.665065944195
    },
    "spectral_flux": {
        "dmean": 0.00970277562737,
        "dmean2": 0.0165482051671,
        "dvar": 0.000124856000184,
        "dvar2": 0.000346283370163,
        "max": 0.216272607446,
        "mean": 0.039263240993,
        "median": 0.0333489477634,
        "min": 6.48615397503e-11,
        "var": 0.000781291513704
    },
    "spectral_kurtosis": {
        "dmean": 7.90867471695,
        "dmean2": 13.5257530212,
        "dvar": 133.95199585,
        "dvar2": 355.188262939,
        "max": 220.190551758,
        "mean": 29.876411438,
        "median": 15.3256731033,
        "min": -1.256986022,
        "var": 1257.40588379
    },
    "spectral_rms": {
        "dmean": 0.000357594370143,
        "dmean2": 0.000522196176462,
        "dvar": 1.59606003081e-07,
        "dvar2": 3.942503497e-07,
        "max": 0.0106480494142,
        "mean": 0.00350807374343,
        "median": 0.00333482772112,
        "min": 3.0708591052e-12,
        "var": 4.80359767607e-06
    },
    "spectral_rolloff": {
        "dmean": 194.321975708,
        "dmean2": 341.453948975,
        "dvar": 361368.03125,
        "dvar2": 889174,
        "max": 19250.6835938,
        "mean": 1257.98059082,
        "median": 753.662109375,
        "min": 193.798828125,
        "var": 2847522.5
    },
    "spectral_skewness": {
        "dmean": 0.518944561481,
        "dmean2": 0.898502767086,
        "dvar": 0.378655493259,
        "dvar2": 1.07283973694,
        "max": 12.29961586,
        "mean": 3.69573068619,
        "median": 2.96393442154,
        "min": -0.0532905943692,
        "var": 4.43703269958
    },
    "spectral_spread": {
        "dmean": 321369.40625,
        "dmean2": 535969.3125,
        "dvar": 341086568448,
        "dvar2": 566449274880,
        "max": 50954296,
        "mean": 2733747.5,
        "median": 2423129.5,
        "min": 420078.96875,
        "var": 4.22424818483e+12
    },
    "spectral_strongpeak": {
        "dmean": 0.356649965048,
        "dmean2": 0.57756626606,
        "dvar": 0.247420877218,
        "dvar2": 0.603893876076,
        "max": 6.79425144196,
        "mean": 1.13155567646,
        "median": 0.966948986053,
        "min": 0,
        "var": 0.801766693592
    },
    "zerocrossingrate": {
        "dmean": 0.00461214175448,
        "dmean2": 0.00582063570619,
        "dvar": 5.94954944972e-05,
        "dvar2": 7.99060799181e-05,
        "max": 0.5224609375,
        "mean": 0.0495179705322,
        "median": 0.033203125,
        "min": 0.00732421875,
        "var": 0.00273700384423
    },
    "barkbands": {
        "dmean": [5.99270133534e-05, 0.000124677913846, 0.000196961409529, 0.000126311686472, 0.000796658045147, 0.00165332423057, 0.000572287885007, 0.000504177995026, 0.00107195193414, 0.000381133839255, 0.000422357668867, 0.000231997866649, 0.000115037735668, 0.000109795713797, 0.000128774525365, 6.52143280604e-05, 5.31617188244e-05, 3.19132195727e-05, 2.0217448764e-05, 1.55571924552e-05, 3.87198952012e-06, 2.58288991972e-06, 2.85213604911e-06, 2.01154352908e-06, 1.70234136476e-06, 6.95710070886e-07, 2.36605515624e-07],
        "dmean2": [9.26903085201e-05, 0.000169391947566, 0.000267920433544, 0.00019243513816, 0.00120775285177, 0.00246813939884, 0.000794742605649, 0.000668261549436, 0.00153489655349, 0.000574876437895, 0.000649444176815, 0.000374443043256, 0.000189717815374, 0.000179572976776, 0.00021363417909, 0.000109776163299, 9.04782427824e-05, 5.45643197256e-05, 3.41989507433e-05, 2.61211989709e-05, 6.54600489725e-06, 4.24055178883e-06, 4.45333898824e-06, 2.86917224912e-06, 2.54775250141e-06, 1.10749476789e-06, 3.77937482199e-07],
        "dvar": [1.4533586068e-07, 1.47510959891e-07, 3.00882163629e-07, 8.10042095623e-08, 5.07600952915e-06, 1.39002167998e-05, 1.56843736931e-06, 1.7228434217e-06, 3.32923309543e-06, 2.2483666271e-06, 7.66895936977e-07, 2.61343132024e-07, 3.92438970209e-08, 5.70562761482e-08, 9.81646550713e-08, 2.96684987688e-08, 2.04528127767e-08, 5.57514123756e-09, 3.15931769634e-09, 1.50279666489e-09, 6.67957494871e-11, 4.17404444342e-11, 1.01182666412e-10, 1.00315492024e-10, 5.27794474792e-11, 7.27320460803e-12, 1.08285906283e-12],
        "dvar2": [3.32594964902e-07, 2.49286387088e-07, 5.86598844166e-07, 1.86121440038e-07, 1.50443374878e-05, 3.82485886803e-05, 3.05455910166e-06, 2.15095087697e-06, 6.42875875201e-06, 5.05783646076e-06, 1.64135485647e-06, 6.01730391736e-07, 1.01832220878e-07, 1.50226270534e-07, 2.69497377303e-07, 8.21160597297e-08, 5.97163491989e-08, 1.62585997998e-08, 9.06793840016e-09, 4.11660305843e-09, 1.92176149993e-10, 9.60581753029e-11, 2.06679756642e-10, 2.01199584771e-10, 1.18885401523e-10, 1.74084444776e-11, 2.7712326791e-12],
        "max": [0.0100616430864, 0.0170428790152, 0.0201608240604, 0.00806711241603, 0.0452359877527, 0.0891247987747, 0.0483710430562, 0.0816313251853, 0.0410706959665, 0.036599766463, 0.0218000560999, 0.0172613803297, 0.00362334144302, 0.00412148376927, 0.00482291355729, 0.00267118657939, 0.00212072115391, 0.0010903532384, 0.00101847923361, 0.000655464653391, 0.000127797888126, 0.000176636589458, 0.000446852325695, 0.000549389282241, 0.00044540836825, 0.000106808300188, 4.25592406827e-05],
        "mean": [8.16256579128e-05, 0.000318304926623, 0.000533529848326, 0.000330084236339, 0.00243844930083, 0.00618629343808, 0.00144198199268, 0.00126448064111, 0.00229067378677, 0.000645212130621, 0.000668807071634, 0.000368480978068, 0.00020013001631, 0.000182887903065, 0.000219229928916, 0.000118037576613, 8.66846894496e-05, 6.23239393462e-05, 3.78393597202e-05, 3.11230833177e-05, 9.5531822808e-06, 6.26700102657e-06, 6.2433846324e-06, 4.44435454483e-06, 3.27644647768e-06, 1.4259899217e-06, 5.50737070171e-07],
        "median": [4.04660295317e-06, 1.94155830968e-07, 2.92336744678e-06, 4.7469704441e-05, 0.000716637121513, 0.00176920276135, 0.000296885089483, 0.000309717725031, 0.00112154695671, 9.23733314266e-05, 0.0002577965206, 0.000111000503239, 9.33601695579e-05, 4.15619870182e-05, 2.70546206593e-05, 1.47969913087e-05, 1.19472533697e-05, 1.70007260749e-05, 5.56207396585e-06, 3.15905981552e-06, 2.40907661464e-06, 1.45221667935e-06, 1.39319615755e-06, 7.78645528499e-07, 6.59150487081e-07, 2.95508385761e-07, 1.19446852409e-07],
        "min": [1.54331445877e-24, 9.11524516134e-24, 2.27382095625e-24, 2.04580702248e-24, 1.30633504193e-23, 1.74336224793e-23, 7.62828495349e-24, 1.28283132569e-23, 1.97314528116e-23, 3.66604015268e-23, 3.18858682296e-23, 1.57388037338e-23, 4.70467461533e-23, 5.65535077151e-23, 3.35322209388e-23, 1.02097167766e-22, 1.16470327055e-22, 1.53640316949e-22, 1.78719139138e-22, 2.22416441841e-22, 2.58318221078e-22, 3.12766031846e-22, 4.53504497135e-22, 6.03466273642e-22, 1.03208875992e-21, 1.43497307513e-21, 2.1253155779e-21],
        "var": [2.08197405982e-07, 1.06155869162e-06, 2.00435283659e-06, 6.1061211909e-07, 2.09960926441e-05, 0.00010163791012, 9.53109156399e-06, 2.20734145842e-05, 1.20870563478e-05, 4.10914708482e-06, 1.72609588844e-06, 6.16384227214e-07, 8.67661782422e-08, 1.19995632986e-07, 2.12800458144e-07, 6.63603643147e-08, 3.80067390893e-08, 1.17332916716e-08, 7.12767622701e-09, 3.77613362801e-09, 2.59434279615e-10, 1.25057852962e-10, 2.28909599609e-10, 2.05661029873e-10, 8.87962897655e-11, 1.31366046513e-11, 1.50986666746e-12]
    },
    "erbbands": {
        "dmean": [0.00276880315505, 0.0337902121246, 0.195050105453, 0.311933845282, 1.17958569527, 3.47553110123, 10.2239742279, 13.5581912994, 6.46100854874, 8.87657356262, 17.3197402954, 21.1694850922, 16.1074714661, 18.3357028961, 6.75357961655, 8.7572593689, 5.66161394119, 5.7728600502, 4.79452562332, 5.22488355637, 3.53191065788, 3.26407170296, 1.58247113228, 1.1605309248, 1.1425216198, 0.474925369024, 0.213222637773, 0.132360979915, 0.094968341291, 0.0832317322493, 0.0809539034963, 0.039395943284, 0.0423475727439, 0.0185425747186, 0.0138582671061, 0.00387187674642, 0.0012299324153, 0.000295470264973, 4.19490716013e-05, 5.24813140146e-06],
        "dmean2": [0.00383732374758, 0.046209782362, 0.262247502804, 0.464638918638, 1.73819220066, 5.26410007477, 13.9441556931, 21.8728752136, 8.7733297348, 12.9055452347, 23.1892852783, 30.0420780182, 24.4172973633, 27.7333679199, 10.6432580948, 14.2113542557, 9.33918952942, 9.48066711426, 7.70276498795, 8.74509239197, 5.97737360001, 5.5555267334, 2.7122092247, 1.98748636246, 1.9471654892, 0.79729026556, 0.366267889738, 0.224575564265, 0.160331606865, 0.134260982275, 0.124345503747, 0.0585576631129, 0.0603026375175, 0.0274314731359, 0.0209744162858, 0.00620532035828, 0.00195620092563, 0.000465659773909, 6.64050821797e-05, 7.98395285528e-06],
        "dvar": [6.99278898537e-05, 0.01070981659, 0.273720085621, 0.578252077103, 11.9204330444, 127.665847778, 488.491241455, 1565.94396973, 248.559066772, 416.901763916, 1183.43286133, 1641.11547852, 1366.41699219, 1672.02416992, 164.999725342, 364.455474854, 93.2675933838, 158.366088867, 131.049972534, 163.410049438, 108.107315063, 86.8969421387, 15.2629127502, 9.05662250519, 8.68545627594, 1.24554407597, 0.235600426793, 0.0868475958705, 0.0454692877829, 0.0677784234285, 0.110378779471, 0.0121004329994, 0.0649861246347, 0.00609430158511, 0.00407028757036, 0.000247474672506, 2.87836519419e-05, 1.4215969486e-06, 3.86894107862e-08, 1.07479747324e-10],
        "dvar2": [0.000130624233861, 0.0173686351627, 0.491002351046, 1.44672179222, 33.0418510437, 375.159088135, 1074.05163574, 4969.16113281, 399.035064697, 923.966369629, 1805.92932129, 3016.08618164, 3065.80493164, 3642.23193359, 383.361541748, 844.905090332, 245.347137451, 414.449249268, 327.062347412, 459.606445312, 304.762542725, 255.918365479, 43.8991584778, 26.9856052399, 25.3712368011, 3.59528636932, 0.714988291264, 0.247779637575, 0.128183037043, 0.149142846465, 0.207498759031, 0.0241274405271, 0.131479099393, 0.0136634046212, 0.00930958148092, 0.000544086273294, 7.15990536264e-05, 3.81666040994e-06, 9.96110074425e-08, 2.8651139794e-10],
        "max": [0.216633364558, 4.96809101105, 16.2317256927, 20.4541988373, 109.0262146, 265.142272949, 725.820373535, 802.90020752, 835.825622559, 640.790161133, 1357.10192871, 933.143676758, 766.128723145, 1003.40411377, 389.821624756, 510.056121826, 140.733093262, 236.948135376, 297.613647461, 266.294647217, 182.797180176, 144.311599731, 69.5408096313, 49.0241737366, 41.7653617859, 18.0783042908, 8.96345806122, 4.80055522919, 5.27312040329, 7.89056301117, 18.6006126404, 4.58588552475, 13.3188428879, 4.08515739441, 2.96894025803, 0.887203454971, 0.321203678846, 0.0414267778397, 0.010915803723, 0.000525339390151],
        "mean": [0.00756372325122, 0.083445571363, 0.517406880856, 0.917307913303, 3.76864123344, 10.1505842209, 42.7443389893, 37.2193565369, 20.1621952057, 20.8481273651, 41.9359169006, 44.6909866333, 29.5246105194, 31.8559646606, 12.580332756, 14.1112794876, 10.4523029327, 10.1305904388, 8.99255943298, 9.64035224915, 6.79422903061, 5.57048797607, 3.25590467453, 2.42164802551, 2.3550350666, 1.097676754, 0.517391085625, 0.314629018307, 0.236933112144, 0.200899958611, 0.171877667308, 0.0971871465445, 0.0802909359336, 0.0373387522995, 0.0244615916163, 0.00756675889716, 0.00246574287303, 0.000589018105529, 0.000100691722764, 2.5188905056e-05],
        "median": [4.44617980975e-05, 0.000278024759609, 0.00835744105279, 0.18226364255, 0.906162500381, 3.05126810074, 8.45943927765, 13.2791423798, 5.12111759186, 6.27367258072, 13.4498920441, 22.2721290588, 11.5121231079, 11.29936409, 5.60470104218, 4.82136154175, 5.21739578247, 3.91129636765, 1.70549345016, 1.64648830891, 1.17018914223, 0.722770452499, 0.96178483963, 0.48569431901, 0.229699999094, 0.138443499804, 0.118193149567, 0.0658142641187, 0.0599638149142, 0.0470767170191, 0.0357850678265, 0.0215379968286, 0.0119700804353, 0.00771742593497, 0.00389292254113, 0.00173592427745, 0.000503400980961, 0.000114197915536, 2.55571358139e-05, 1.61416628544e-05],
        "min": [3.52608934922e-22, 1.76475348617e-21, 1.84527152165e-21, 5.39582676707e-21, 2.91357180925e-20, 3.89725434746e-20, 3.77257108728e-20, 1.42999093964e-19, 1.01431213157e-19, 1.98113737513e-19, 4.5447505222e-19, 4.13487787579e-19, 4.67783044108e-19, 1.53091475504e-18, 1.47661830944e-18, 9.02030842014e-19, 2.25460731815e-18, 2.97280791897e-18, 3.66311681672e-18, 4.73335204456e-18, 6.21113833303e-18, 7.40949018928e-18, 7.66164875439e-18, 7.43649929064e-18, 8.03909788534e-18, 1.08792349263e-17, 1.10831564539e-17, 1.22260958945e-17, 1.24290380404e-17, 1.07156516883e-17, 1.23930358314e-17, 1.07640831132e-17, 1.17192657896e-17, 9.64592683091e-18, 7.09903772486e-18, 4.66670775697e-18, 2.85435110576e-18, 1.1393983838e-18, 2.38509076878e-19, 2.78607775058e-20],
        "var": [0.000498307461385, 0.0783996507525, 1.82051408291, 3.03004837036, 84.6616134644, 416.349121094, 5464.81933594, 4058.81298828, 2306.55810547, 2301.91137695, 9578.07519531, 5524.484375, 3053.48632812, 3748.1394043, 449.198760986, 736.764160156, 204.715835571, 289.11239624, 318.199157715, 350.008575439, 224.844680786, 162.361434937, 34.18176651, 20.724067688, 21.8842582703, 4.17616319656, 0.761525452137, 0.314092844725, 0.156047314405, 0.173382371664, 0.272141516209, 0.0425019748509, 0.112772077322, 0.0109021337703, 0.00638288492337, 0.000409365689848, 5.10115023644e-05, 1.9931769657e-06, 5.06765474029e-08, 6.44914066594e-10]
    },
    "gfcc": {
        "mean": [-149.656494141, 105.991249084, -129.787994385, -23.7209529877, -70.6002807617, -19.2101173401, -42.8078651428, -6.21304607391, -26.6418247223, -11.4657745361, -14.9242095947, -2.75450348854, -9.55080890656],
        "cov": [[24569.0449219, 5289.05615234, -1671.61132812, -690.907714844, -492.079162598, 906.501831055, 295.517120361, -397.529998779, 391.530670166, 621.319274902, -126.500473022, -120.82963562, 805.224487305], [5289.05615234, 5288.15576172, -149.849960327, -1956.71618652, -390.391052246, -44.5576019287, 517.13848877, -1174.3807373, -21.150762558, 235.181228638, 99.0651245117, -286.171417236, 262.262481689], [-1671.61132812, -149.849960327, 1211.18530273, 690.088378906, -43.7430725098, -44.8435096741, -200.571029663, -105.324211121, -216.491699219, -168.35269165, -139.047805786, -50.6623916626, -115.294776917], [-690.907714844, -1956.71618652, 690.088378906, 2592.72998047, 651.390869141, -9.39043331146, -386.047393799, 688.17755127, 40.6263847351, -253.903244019, -252.295684814, 61.6708641052, 16.62408638], [-492.079162598, -390.391052246, -43.7430725098, 651.390869141, 658.635498047, -58.1080169678, -4.04662179947, 278.361846924, 60.4586334229, -64.0100708008, -46.3380355835, 25.0566158295, 31.8420066833], [906.501831055, -44.5576019287, -44.8435096741, -9.39043331146, -58.1080169678, 395.668395996, 98.3888320923, 92.0864105225, 27.6758842468, -5.73386096954, -90.6049880981, -104.888214111, -42.3107833862], [295.517120361, 517.13848877, -200.571029663, -386.047393799, -4.04662179947, 98.3888320923, 356.610565186, -3.66702675819, 30.6644477844, 61.8268699646, 77.8415756226, -47.0427780151, -18.8160152435], [-397.529998779, -1174.3807373, -105.324211121, 688.17755127, 278.361846924, 92.0864105225, -3.66702675819, 608.529602051, 120.879356384, -29.9409427643, -27.9573097229, 31.8916473389, -60.7149581909], [391.530670166, -21.150762558, -216.491699219, 40.6263847351, 60.4586334229, 27.6758842468, 30.6644477844, 120.879356384, 218.996398926, 113.345787048, 47.7648124695, 9.58279037476, 29.5221385956], [621.319274902, 235.181228638, -168.35269165, -253.903244019, -64.0100708008, -5.73386096954, 61.8268699646, -29.9409427643, 113.345787048, 240.304107666, 128.052963257, 43.5565414429, 48.0423545837], [-126.500473022, 99.0651245117, -139.047805786, -252.295684814, -46.3380355835, -90.6049880981, 77.8415756226, -27.9573097229, 47.7648124695, 128.052963257, 224.02671814, 94.9883422852, 16.4058609009], [-120.82963562, -286.171417236, -50.6623916626, 61.6708641052, 25.0566158295, -104.888214111, -47.0427780151, 31.8916473389, 9.58279037476, 43.5565414429, 94.9883422852, 181.900375366, 64.2632751465], [805.224487305, 262.262481689, -115.294776917, 16.62408638, 31.8420066833, -42.3107833862, -18.8160152435, -60.7149581909, 29.5221385956, 48.0423545837, 16.4058609009, 64.2632751465, 192.84854126]],
        "icov": [[0.000119668235129, -0.000252263998846, 0.000273448502412, -0.000190272287, 0.000184465548955, -0.000331666640704, 0.000253866397543, -0.000222326794756, 0.000268468080321, -0.000276174483588, 0.000158283903147, -0.000317599537084, -5.09846904606e-06], [-0.000252263998846, 0.00116148521192, -0.000796881853603, 0.000610733462963, -0.000576649734285, 0.000882076798007, -0.00125129369553, 0.00140010367613, -0.00102557172067, 0.00051537033869, -0.000340886355843, 0.00169583607931, -0.00095535122091], [0.000273448502412, -0.000796881853603, 0.00240956502967, -0.00134214491118, 0.000842916313559, -0.000707842118572, 0.000887663511094, 7.74861036916e-05, 0.00200962647796, -0.00103210331872, 0.000522109272424, -0.000925449538045, 0.00152818020433], [-0.000190272287, 0.000610733462963, -0.00134214491118, 0.00170018919744, -0.00102410791442, 0.000495694461279, 0.0001426571107, -0.000586726004258, -0.00111501035281, 0.000999471871182, 4.03196281695e-05, 0.000666779640596, -0.00118192913942], [0.000184465548955, -0.000576649734285, 0.000842916313559, -0.00102410791442, 0.00288423337042, 0.000257132953266, -0.00023870205041, -0.00107120920438, 0.000377281365218, -8.35312384879e-05, 0.000616521399934, -0.000628334935755, -5.41607587365e-05], [-0.000331666640704, 0.000882076798007, -0.000707842118572, 0.000495694461279, 0.000257132953266, 0.00490873912349, -0.00218361918814, 4.53834545624e-05, -0.000941395875998, 1.10023131583e-06, 0.00157345551997, 0.00232651503757, -0.000210171623621], [0.000253866397543, -0.00125129369553, 0.000887663511094, 0.0001426571107, -0.00023870205041, -0.00218361918814, 0.00603851024061, -0.00210178107955, 0.00144844036549, -0.000320092425682, -0.00202429713681, -8.98724538274e-05, 0.000708034494892], [-0.000222326794756, 0.00140010367613, 7.74861036916e-05, -0.000586726004258, -0.00107120920438, 4.53834545624e-05, -0.00210178107955, 0.00589219946414, -0.00234366301447, 0.000561669934541, -0.000265171198407, 0.000653249677271, 0.000981700024568], [0.000268468080321, -0.00102557172067, 0.00200962647796, -0.00111501035281, 0.000377281365218, -0.000941395875998, 0.00144844036549, -0.00234366301447, 0.00967254582793, -0.00473191216588, 4.18917043135e-05, 0.000173930107849, 0.000342520710547], [-0.000276174483588, 0.00051537033869, -0.00103210331872, 0.000999471871182, -8.35312384879e-05, 1.10023131583e-06, -0.000320092425682, 0.000561669934541, -0.00473191216588, 0.00959299970418, -0.00435566809028, 0.000621548271738, -0.00159329373855], [0.000158283903147, -0.000340886355843, 0.000522109272424, 4.03196281695e-05, 0.000616521399934, 0.00157345551997, -0.00202429713681, -0.000265171198407, 4.18917043135e-05, -0.00435566809028, 0.0111511927098, -0.00545006711036, 0.0020199357532], [-0.000317599537084, 0.00169583607931, -0.000925449538045, 0.000666779640596, -0.000628334935755, 0.00232651503757, -8.98724538274e-05, 0.000653249677271, 0.000173930107849, 0.000621548271738, -0.00545006711036, 0.0131759792566, -0.00488828262314], [-5.09846904606e-06, -0.00095535122091, 0.00152818020433, -0.00118192913942, -5.41607587365e-05, -0.000210171623621, 0.000708034494892, 0.000981700024568, 0.000342520710547, -0.00159329373855, 0.0020199357532, -0.00488828262314, 0.00966399908066]]
    },
    "melbands": {
        "dmean": [2.95722147712e-05, 8.1309604866e-05, 6.80784287397e-05, 0.000170541694388, 0.000291853182716, 0.000294197408948, 0.000105820690806, 8.90827286639e-05, 0.000161106770975, 0.000145438287291, 8.31321594887e-05, 7.53818967496e-05, 3.58939578291e-05, 1.87623045349e-05, 2.32599250012e-05, 1.56319074449e-05, 9.65723666013e-06, 7.13370127414e-06, 1.18834204841e-05, 4.83616258862e-06, 4.06009894505e-06, 4.32086108049e-06, 1.09563256956e-06, 1.76990840828e-06, 9.4899570513e-07, 8.75851299043e-07, 9.17152135571e-07, 2.81903027144e-07, 1.82803375992e-07, 9.36777055927e-08, 7.32200220455e-08, 6.17730648855e-08, 5.539029857e-08, 4.84302944415e-08, 4.30225064463e-08, 5.4609529343e-08, 2.03303471835e-08, 3.54158125049e-08, 2.13940705152e-08, 1.65621472092e-08],
        "dmean2": [4.12543886341e-05, 0.000109771717689, 9.84421567409e-05, 0.000258752086665, 0.000403444370022, 0.000461350136902, 0.000146264967043, 0.000124900470837, 0.000218226748984, 0.000209480407648, 0.000126460508909, 0.000113970236271, 5.63049725315e-05, 2.9659964639e-05, 3.82554135285e-05, 2.55575087067e-05, 1.59000683198e-05, 1.12703746709e-05, 2.01050679607e-05, 8.07311880635e-06, 6.91088871463e-06, 7.37455548006e-06, 1.8614042574e-06, 3.02258149532e-06, 1.63236859407e-06, 1.48704214098e-06, 1.54296662913e-06, 4.73785632948e-07, 3.15312718158e-07, 1.58686489726e-07, 1.23975794963e-07, 1.06274235634e-07, 8.78843948726e-08, 8.00053001626e-08, 6.75162326047e-08, 8.39416927079e-08, 3.02849514355e-08, 5.01336430148e-08, 3.17966524221e-08, 2.46530262871e-08],
        "dvar": [7.86679521525e-09, 4.73700687564e-08, 2.05090753269e-08, 3.21375040357e-07, 3.61064593335e-07, 6.17231080469e-07, 5.29394732496e-08, 4.77353481187e-08, 9.19418852163e-08, 8.07922120316e-08, 4.17501837546e-08, 3.14239123611e-08, 4.63723681676e-09, 2.84485968116e-09, 2.85041346082e-09, 8.23228540892e-10, 4.74951189489e-10, 3.50310169761e-10, 8.90893359085e-10, 1.5741784265e-10, 1.51861828668e-10, 1.57516721888e-10, 8.48807135689e-12, 2.02533163851e-11, 7.20453297715e-12, 5.97621474877e-12, 6.8419840106e-12, 6.56363906369e-13, 1.90762865031e-13, 5.51343333781e-14, 2.76696525935e-14, 2.64664998901e-14, 2.70525162466e-14, 2.43102098104e-14, 2.52630575015e-14, 5.32918571468e-14, 4.0507821808e-15, 5.62414054401e-14, 1.35720334778e-14, 8.66630833258e-15],
        "dvar2": [1.48391254839e-08, 8.1314205147e-08, 4.59169555711e-08, 9.76962724053e-07, 8.11438894743e-07, 1.90237858533e-06, 9.25306906652e-08, 8.45435579322e-08, 1.48761870378e-07, 1.52375434936e-07, 9.37947746138e-08, 6.9421027149e-08, 1.07042446018e-08, 6.13362427515e-09, 7.24586968204e-09, 2.14187689807e-09, 1.24137244928e-09, 8.79380068763e-10, 2.53614995671e-09, 4.20891932418e-10, 4.24034501956e-10, 4.62419852409e-10, 2.41784110094e-11, 5.93973689678e-11, 2.13876034938e-11, 1.73617717425e-11, 1.92488681244e-11, 1.88902062395e-12, 5.78641572591e-13, 1.58594017368e-13, 8.0216283377e-14, 7.79899758598e-14, 5.57900757927e-14, 6.44975270566e-14, 5.12313512468e-14, 1.03625841361e-13, 8.03755831693e-15, 1.11551305031e-13, 2.94585048629e-14, 1.9357484501e-14],
        "max": [0.00316880457103, 0.00797902047634, 0.00404056394473, 0.0110274413601, 0.018827913329, 0.0165980104357, 0.0108237480745, 0.0117421336472, 0.0095188524574, 0.00669541954994, 0.00441978638992, 0.00376447010785, 0.00151257379912, 0.00231240852736, 0.00104509096127, 0.000485103286337, 0.00040635917685, 0.000460278213723, 0.00046955718426, 0.000215054024011, 0.000217398526729, 0.000193974978174, 6.53586539556e-05, 8.64130925038e-05, 4.43759017799e-05, 3.63449107681e-05, 4.42129203293e-05, 1.56821570272e-05, 9.32203784032e-06, 4.31816943092e-06, 2.96261487165e-06, 3.71590749637e-06, 5.11761618327e-06, 4.24058316639e-06, 9.18710338738e-06, 8.490399523e-06, 3.79246421289e-06, 1.37419747261e-05, 3.42601947523e-06, 5.72958424527e-06],
        "mean": [7.88018005551e-05, 0.000219511523028, 0.000221665672143, 0.000482830510009, 0.00120567355771, 0.000925986794755, 0.000304866756778, 0.000219580353587, 0.000370074645616, 0.000290831841994, 0.000144884703332, 0.000129713618662, 5.96116551606e-05, 3.17422891385e-05, 3.43647116097e-05, 2.5810146326e-05, 1.62327778526e-05, 1.21427337945e-05, 1.93807172764e-05, 8.58764815348e-06, 6.89886428518e-06, 6.75822184348e-06, 2.01765237762e-06, 3.34256424139e-06, 1.73278556304e-06, 1.64134439729e-06, 1.66676591107e-06, 5.38590882115e-07, 3.75132714225e-07, 2.01395494059e-07, 1.5749360216e-07, 1.33733180974e-07, 1.21892398397e-07, 1.06123685839e-07, 8.86406681389e-08, 9.82273675731e-08, 4.85065392297e-08, 6.24771701041e-08, 3.94008630167e-08, 2.91777126904e-08],
        "median": [3.59725277121e-07, 7.81606786404e-07, 5.1492057537e-05, 8.7032924057e-05, 0.000345755368471, 0.000309171096887, 7.77322711656e-05, 5.30033175892e-05, 0.000104630235001, 0.000144537625602, 4.72525862278e-05, 4.1922688979e-05, 2.55094782915e-05, 7.46170644561e-06, 1.0947798728e-05, 1.02799758679e-05, 4.48479204351e-06, 1.22766357435e-06, 2.22900030167e-06, 6.20664877715e-07, 1.1971026197e-06, 6.94741288498e-07, 5.26045369043e-07, 8.88738497906e-07, 2.8205892022e-07, 1.45544476027e-07, 1.07908640246e-07, 5.93488884704e-08, 7.94992160991e-08, 3.77266502483e-08, 3.00277278598e-08, 2.74254787769e-08, 2.36346267002e-08, 1.94166887013e-08, 1.63352265048e-08, 1.47371670423e-08, 8.73632188814e-09, 7.79141551277e-09, 4.88839280166e-09, 4.23000123817e-09],
        "min": [3.06557658656e-24, 1.45765865978e-24, 1.46386344523e-24, 3.63209467906e-24, 1.21558692886e-24, 3.01033107965e-24, 1.60991009639e-24, 2.47197078551e-24, 5.28850063164e-24, 2.39815726782e-24, 2.25828039642e-24, 5.56236000577e-24, 4.19145661986e-24, 3.29929023758e-24, 2.71698112191e-24, 2.95515499249e-24, 5.26508092908e-24, 5.50812857955e-24, 3.32746302431e-24, 6.76204941524e-24, 6.77201036189e-24, 6.95565481404e-24, 6.03720062817e-24, 7.29972280874e-24, 5.18131455057e-24, 6.52884477672e-24, 3.90027859342e-24, 7.02544297174e-24, 6.47221560777e-24, 3.82629054025e-24, 5.49088605231e-24, 5.77715460292e-24, 6.62938194364e-24, 6.3486085981e-24, 6.20210647838e-24, 7.31320523047e-24, 6.04190618347e-24, 7.17825006225e-24, 8.13851624268e-24, 7.9648161711e-24],
        "var": [5.12917281981e-08, 3.37886405077e-07, 1.9480030744e-07, 1.14947567909e-06, 3.83104816137e-06, 2.24032964979e-06, 4.29431736393e-07, 4.83398480355e-07, 6.07532570029e-07, 2.51871881574e-07, 8.93466136631e-08, 6.69764474992e-08, 1.03352650882e-08, 7.91808396627e-09, 4.7439798756e-09, 1.66307589922e-09, 8.84281980973e-10, 7.81243847392e-10, 1.76411341091e-09, 3.30685173688e-10, 2.79675449466e-10, 2.77796674553e-10, 1.56700694087e-11, 3.90496766867e-11, 1.43140785683e-11, 1.37944863865e-11, 1.39063370194e-11, 1.61386789349e-12, 4.52212892783e-13, 1.58087085089e-13, 8.30592308799e-14, 6.66830550196e-14, 7.00778072182e-14, 5.0349982972e-14, 6.51756345291e-14, 1.01069048692e-13, 1.42963338921e-14, 1.00018050211e-13, 2.2275197908e-14, 1.30896168741e-14]
    },
    "mfcc": {
        "mean": [-792.727050781, 151.647872925, -14.8596143723, -11.6935491562, -21.758398056, -21.6251754761, -14.0328416824, -4.5477232933, -14.9455022812, -10.2321109772, -6.83523464203, -6.6146645546, -10.5238256454],
        "cov": [[16577.7675781, 5048.84570312, -780.447998047, 374.896392822, -183.342498779, 756.328308105, -279.785980225, -466.34979248, 590.721679688, 916.796691895, -509.216033936, -508.112792969, 553.621154785], [5048.84570312, 4708.24804688, -149.720626831, -1471.0904541, -1146.98779297, 282.88949585, -131.160522461, -738.362487793, -266.125274658, 118.258308411, -213.899673462, -269.665405273, 21.3232154846], [-780.447998047, -149.720626831, 937.74029541, 230.886856079, 15.5516023636, 49.2645149231, -56.20262146, -124.005256653, -183.669311523, -119.506057739, -106.605773926, -152.498550415, -94.5421218872], [374.896392822, -1471.0904541, 230.886856079, 1837.4753418, 1054.04650879, 25.6737213135, -13.6793746948, 305.40246582, 283.86932373, 49.9930801392, -129.513534546, -53.8855133057, 98.8660354614], [-183.342498779, -1146.98779297, 15.5516023636, 1054.04650879, 852.582397461, 31.0470085144, 11.7361412048, 250.530456543, 243.742614746, 30.6497440338, -89.6204376221, -13.8791742325, 21.6347866058], [756.328308105, 282.88949585, 49.2645149231, 25.6737213135, 31.0470085144, 250.79536438, 44.3890457153, -32.6332626343, 68.7986297607, 90.5609436035, -61.7418556213, -86.2419967651, -0.162789180875], [-279.785980225, -131.160522461, -56.20262146, -13.6793746948, 11.7361412048, 44.3890457153, 276.170410156, 168.165481567, 73.1805877686, 20.8795604706, 65.8214569092, 22.2178173065, -61.2083778381], [-466.34979248, -738.362487793, -124.005256653, 305.40246582, 250.530456543, -32.6332626343, 168.165481567, 397.731323242, 161.727905273, 50.2195587158, 63.1561851501, 66.3781051636, -24.9846305847], [590.721679688, -266.125274658, -183.669311523, 283.86932373, 243.742614746, 68.7986297607, 73.1805877686, 161.727905273, 326.214813232, 142.175354004, -6.94964122772, 15.6642389297, 31.224647522], [916.796691895, 118.258308411, -119.506057739, 49.9930801392, 30.6497440338, 90.5609436035, 20.8795604706, 50.2195587158, 142.175354004, 273.877227783, 19.7325153351, 31.0318698883, 80.9078063965], [-509.216033936, -213.899673462, -106.605773926, -129.513534546, -89.6204376221, -61.7418556213, 65.8214569092, 63.1561851501, -6.94964122772, 19.7325153351, 251.459823608, 91.4415283203, 22.2281761169], [-508.112792969, -269.665405273, -152.498550415, -53.8855133057, -13.8791742325, -86.2419967651, 22.2178173065, 66.3781051636, 15.6642389297, 31.0318698883, 91.4415283203, 282.584686279, 57.2196922302], [553.621154785, 21.3232154846, -94.5421218872, 98.8660354614, 21.6347866058, -0.162789180875, -61.2083778381, -24.9846305847, 31.224647522, 80.9078063965, 22.2281761169, 57.2196922302, 247.985580444]],
