{
"lowlevel": {
    "average_loudness": 0.386877447367,
    "barkbands_crest": {
        "dmean": 2.13250613213,
        "dmean2": 3.51077771187,
        "dvar": 3.55414748192,
        "dvar2": 10.0852012634,
        "max": 24.6075592041,
        "mean": 12.4342679977,
        "median": 12.2338666916,
        "min": 2.85140132904,
        "var": 9.7277803421
    },
    "barkbands_flatness_db": {
        "dmean": 0.025706095621,
        "dmean2": 0.0436706021428,
        "dvar": 0.000510477810167,
        "dvar2": 0.00151518499479,
        "max": 0.70779967308,
        "mean": 0.395512074232,
        "median": 0.399557411671,
        "min": 0.0226582791656,
        "var": 0.00615070899948
    },
    "barkbands_kurtosis": {
        "dmean": 3.02525806427,
        "dmean2": 4.81115627289,
        "dvar": 11.6509552002,
        "dvar2": 30.323102951,
        "max": 85.9578704834,
        "mean": 8.43794441223,
        "median": 6.89000892639,
        "min": -1.72640478611,
        "var": 47.2485656738
    },
    "barkbands_skewness": {
        "dmean": 0.424930512905,
        "dmean2": 0.67903894186,
        "dvar": 0.158378958702,
        "dvar2": 0.436193078756,
        "max": 7.02648639679,
        "mean": 1.74324536324,
        "median": 1.71078181267,
        "min": -2.25632691383,
        "var": 0.950558006763
    },
    "barkbands_spread": {
        "dmean": 0.656506717205,
        "dmean2": 1.03634572029,
        "dvar": 1.16933989525,
        "dvar2": 2.66541671753,
        "max": 83.0224151611,
        "mean": 3.03680372238,
        "median": 2.16352653503,
        "min": 0.425736039877,
        "var": 13.7581663132
    },
    "dissonance": {
        "dmean": 0.0471497550607,
        "dmean2": 0.0787090659142,
        "dvar": 0.00166664505377,
        "dvar2": 0.00450188759714,
        "max": 0.500000119209,
        "mean": 0.354384690523,
        "median": 0.356545567513,
        "min": 0.113612934947,
        "var": 0.00483598699793
    },
    "dynamic_complexity": 3.59524226189,
    "erbbands_crest": {
        "dmean": 2.74152088165,
        "dmean2": 4.50659561157,
        "dvar": 6.79908370972,
        "dvar2": 19.3804512024,
        "max": 27.714717865,
        "mean": 13.5606594086,
        "median": 12.9293441772,
        "min": 2.71965122223,
        "var": 19.206949234
    },
    "erbbands_flatness_db": {
        "dmean": 0.0162188392133,
        "dmean2": 0.0268648378551,
        "dvar": 0.000234607112361,
        "dvar2": 0.000666671432555,
        "max": 0.536432206631,
        "mean": 0.389796853065,
        "median": 0.399584144354,
        "min": 0.0643082633615,
        "var": 0.00328075163998
    },
    "erbbands_kurtosis": {
        "dmean": 1.71047830582,
        "dmean2": 2.68357014656,
        "dvar": 4.58771562576,
        "dvar2": 12.1209640503,
        "max": 36.455581665,
        "mean": 3.57128763199,
        "median": 2.37423300743,
        "min": -1.7874212265,
        "var": 16.4688205719
    },
    "erbbands_skewness": {
        "dmean": 0.353107839823,
        "dmean2": 0.552420377731,
        "dvar": 0.111104726791,
        "dvar2": 0.302321523428,
        "max": 4.91820192337,
        "mean": 1.40584683418,
        "median": 1.38594162464,
        "min": -1.2885376215,
        "var": 0.661486148834
    },
    "erbbands_spread": {
        "dmean": 1.69082999229,
        "dmean2": 2.59805130959,
        "dvar": 4.27511501312,
        "dvar2": 9.77353477478,
        "max": 110.87046814,
        "mean": 9.43753147125,
        "median": 7.95816516876,
        "min": 1.20982670784,
        "var": 41.9642410278
    },
    "hfc": {
        "dmean": 1.88754332066,
        "dmean2": 3.02185845375,
        "dvar": 7.27691459656,
        "dvar2": 19.5392189026,
        "max": 64.1474990845,
        "mean": 7.13490629196,
        "median": 5.35330247879,
        "min": 1.05195589288e-16,
        "var": 41.0102729797
    },
    "melbands_crest": {
        "dmean": 3.30950069427,
        "dmean2": 5.51061916351,
        "dvar": 9.44326114655,
        "dvar2": 27.4744529724,
        "max": 31.3318481445,
        "mean": 16.7799053192,
        "median": 16.3287658691,
        "min": 1.50677835941,
        "var": 28.1867198944
    },
    "melbands_flatness_db": {
        "dmean": 0.0253283418715,
        "dmean2": 0.0424693860114,
        "dvar": 0.000557541905437,
        "dvar2": 0.00161201530136,
        "max": 0.884627342224,
        "mean": 0.503643453121,
        "median": 0.508074402809,
        "min": 0.00307419919409,
        "var": 0.0107626067474
    },
    "melbands_kurtosis": {
        "dmean": 3.62879514694,
        "dmean2": 5.83643865585,
        "dvar": 20.1705913544,
        "dvar2": 54.3737602234,
        "max": 131.732284546,
        "mean": 9.60322284698,
        "median": 7.42556810379,
        "min": -1.40345215797,
        "var": 75.4532165527
    },
    "melbands_skewness": {
        "dmean": 0.441453367472,
        "dmean2": 0.708657801151,
        "dvar": 0.181732982397,
        "dvar2": 0.499247610569,
        "max": 9.01006793976,
        "mean": 1.8719367981,
        "median": 1.76936507225,
        "min": -0.540391087532,
        "var": 0.805941283703
    },
    "melbands_spread": {
        "dmean": 1.04090178013,
        "dmean2": 1.65975856781,
        "dvar": 4.72699308395,
        "dvar2": 11.2890291214,
        "max": 159.001220703,
        "mean": 5.80851078033,
        "median": 3.1623711586,
        "min": 0.427414655685,
        "var": 263.9815979
    },
    "pitch_salience": {
        "dmean": 0.0676473230124,
        "dmean2": 0.111323215067,
        "dvar": 0.003772017546,
        "dvar2": 0.0108310291544,
        "max": 0.914289772511,
        "mean": 0.576351225376,
        "median": 0.58838313818,
        "min": 0.192151606083,
        "var": 0.0108205629513
    },
    "silence_rate_20dB": {
        "dmean": 0,
        "dmean2": 0,
        "dvar": 0,
        "dvar2": 0,
        "max": 1,
        "mean": 1,
        "median": 1,
        "min": 1,
        "var": 0
    },
    "silence_rate_30dB": {
        "dmean": 0.00309145567007,
        "dmean2": 0.00618344219401,
        "dvar": 0.00308238086291,
        "dvar2": 0.0083780772984,
        "max": 1,
        "mean": 0.99579256773,
        "median": 1,
        "min": 0,
        "var": 0.00419007102028
    },
    "silence_rate_60dB": {
        "dmean": 0.0202662087977,
        "dmean2": 0.0405358970165,
        "dvar": 0.0198566503823,
        "dvar2": 0.0435338392854,
        "max": 1,
        "mean": 0.0982311517,
        "median": 0,
        "min": 0,
        "var": 0.0885771140456
    },
    "spectral_centroid": {
        "dmean": 31.1174240112,
        "dmean2": 50.9152603149,
        "dvar": 8710.41113281,
        "dvar2": 20678.4375,
        "max": 11813.0888672,
        "mean": 531.700683594,
        "median": 361.288024902,
        "min": 141.728866577,
        "var": 1776566.5
    },
    "spectral_complexity": {
        "dmean": 1.10193216801,
        "dmean2": 1.8552043438,
        "dvar": 1.13286662102,
        "dvar2": 2.77489566803,
        "max": 17,
        "mean": 8.33951568604,
        "median": 9,
        "min": 0,
        "var": 7.37075948715
    },
    "spectral_decrease": {
        "dmean": 1.72077385674e-09,
        "dmean2": 2.81387246837e-09,
        "dvar": 6.08468433766e-18,
        "dvar2": 1.71400491774e-17,
        "max": 2.04177583425e-28,
        "mean": -5.62080026967e-09,
        "median": -4.30438262811e-09,
        "min": -5.46212248764e-08,
        "var": 2.62178832528e-17
    },
    "spectral_energy": {
        "dmean": 0.00666256202385,
        "dmean2": 0.0108893085271,
        "dvar": 9.10516755539e-05,
        "dvar2": 0.000256215193076,
        "max": 0.211971491575,
        "mean": 0.0218614339828,
        "median": 0.0167501084507,
        "min": 9.8814438598e-21,
        "var": 0.000395231589209
    },
    "spectral_energyband_high": {
        "dmean": 1.11042436401e-06,
        "dmean2": 1.8292129198e-06,
        "dvar": 1.06716380177e-09,
        "dvar2": 1.98508831595e-09,
        "max": 0.0041668266058,
        "mean": 4.03597277909e-06,
        "median": 6.64009007778e-08,
        "min": 6.88767446679e-21,
        "var": 8.82406325786e-09
    },
    "spectral_energyband_low": {
        "dmean": 0.00107086123899,
        "dmean2": 0.00189629488159,
        "dvar": 1.4941390873e-05,
        "dvar2": 4.57493551949e-05,
        "max": 0.115388974547,
        "mean": 0.0020453853067,
        "median": 0.000502994167618,
        "min": 1.06274852058e-23,
        "var": 3.34169926646e-05
    },
    "spectral_energyband_middle_high": {
        "dmean": 0.000133489535074,
        "dmean2": 0.000195676431758,
        "dvar": 5.67849660627e-08,
        "dvar2": 1.31454399366e-07,
        "max": 0.00514257792383,
        "mean": 0.00049329752801,
        "median": 0.000370876747184,
        "min": 1.1723305079e-21,
        "var": 2.42409782913e-07
    },
    "spectral_energyband_middle_low": {
        "dmean": 0.00626038433984,
        "dmean2": 0.0102156149223,
        "dvar": 8.16376705188e-05,
        "dvar2": 0.000226232528803,
        "max": 0.210073411465,
        "mean": 0.0201087538153,
        "median": 0.0149767678231,
        "min": 1.51727966654e-22,
        "var": 0.000373423594283
    },
    "spectral_entropy": {
        "dmean": 0.15279507637,
        "dmean2": 0.251639634371,
        "dvar": 0.0201274491847,
        "dvar2": 0.0552439466119,
        "max": 9.82197475433,
        "mean": 5.45768451691,
        "median": 5.39923191071,
        "min": 3.83167386055,
        "var": 0.485224485397
    },
    "spectral_flux": {
        "dmean": 0.0165471099317,
        "dmean2": 0.0277872085571,
        "dvar": 0.000348134519299,
        "dvar2": 0.000971731322352,
        "max": 0.291927278042,
        "mean": 0.0502024553716,
        "median": 0.0434705540538,
        "min": 6.33824798202e-11,
        "var": 0.001186358626
    },
    "spectral_kurtosis": {
        "dmean": 43.6378135681,
        "dmean2": 76.1015090942,
        "dvar": 2693.2421875,
        "dvar2": 8559.04589844,
        "max": 799.154541016,
        "mean": 137.359405518,
        "median": 126.866767883,
        "min": -1.27229821682,
        "var": 8156.36474609
    },
    "spectral_rms": {
        "dmean": 0.000637214281596,
        "dmean2": 0.001028169645,
        "dvar": 5.04900867782e-07,
        "dvar2": 1.42429132666e-06,
        "max": 0.0143805928528,
        "mean": 0.00416917027906,
        "median": 0.0040424708277,
        "min": 3.10490478814e-12,
        "var": 3.94624521505e-06
    },
    "spectral_rolloff": {
        "dmean": 60.5198364258,
        "dmean2": 104.091636658,
        "dvar": 27474.6796875,
        "dvar2": 40161.1640625,
        "max": 19789.0136719,
        "mean": 747.221984863,
        "median": 452.197265625,
        "min": 129.19921875,
        "var": 5292672
    },
    "spectral_skewness": {
        "dmean": 1.7878112793,
        "dmean2": 3.139991045,
        "dvar": 2.64511919022,
        "dvar2": 7.74124622345,
        "max": 25.0409202576,
        "mean": 8.37752914429,
        "median": 8.31095504761,
        "min": -0.0770284309983,
        "var": 12.2095460892
    },
    "spectral_spread": {
        "dmean": 325528.28125,
        "dmean2": 582810.5625,
        "dvar": 163570696192,
        "dvar2": 412012937216,
        "max": 43640196,
        "mean": 1546895.875,
        "median": 824634.625,
        "min": 119845.742188,
        "var": 2.46317926318e+13
    },
    "spectral_strongpeak": {
        "dmean": 0.334111273289,
        "dmean2": 0.558184504509,
        "dvar": 0.13081099093,
        "dvar2": 0.327181339264,
        "max": 5.2313079834,
        "mean": 0.921968758106,
        "median": 0.783102035522,
        "min": 0,
        "var": 0.433421939611
    },
    "zerocrossingrate": {
        "dmean": 0.00174997153226,
        "dmean2": 0.00244073523208,
        "dvar": 8.61869284563e-06,
        "dvar2": 1.55642210302e-05,
        "max": 0.52880859375,
        "mean": 0.0252691619098,
        "median": 0.01708984375,
        "min": 0.00390625,
        "var": 0.00369793362916
    },
    "barkbands": {
        "dmean": [7.69460802985e-06, 0.000195422544493, 0.000573676021304, 0.00088688271353, 0.00380228180438, 0.00236957753077, 0.00100864912383, 0.00036200665636, 0.000254285492701, 8.54985410115e-05, 1.95250431716e-05, 3.83026344934e-05, 2.83717236016e-05, 1.17762010632e-05, 1.59153569257e-05, 5.74303430767e-06, 3.63655453839e-06, 1.28216504436e-06, 3.01700396221e-07, 1.57952129598e-07, 8.70666170272e-08, 9.52071559368e-08, 4.73589693684e-07, 7.46870171042e-07, 3.46536666029e-08, 1.40765639145e-08, 2.41762720954e-09],
        "dmean2": [1.31812585096e-05, 0.000337628036505, 0.000999830663204, 0.00161062506959, 0.00636010663584, 0.00369260064326, 0.00137974286918, 0.000511779915541, 0.000385291670682, 0.000126532977447, 3.14177741529e-05, 5.67371607758e-05, 4.03941085096e-05, 1.67838334164e-05, 2.33633982134e-05, 8.97660174815e-06, 5.88240573052e-06, 2.03105128094e-06, 4.80406754377e-07, 2.37625513932e-07, 1.39456844295e-07, 1.56192996315e-07, 7.80694904279e-07, 1.25237352222e-06, 5.19015443956e-08, 2.0579031812e-08, 4.20089651954e-09],
        "dvar": [1.2136917027e-09, 7.95402911535e-07, 5.61995466342e-06, 5.38742551726e-06, 3.59918885806e-05, 1.94526819541e-05, 4.46843841928e-06, 4.36231545109e-07, 3.31484017124e-07, 3.90142389506e-08, 1.89595916744e-09, 9.94184823355e-09, 4.43427783381e-09, 1.59725688231e-09, 3.1386959698e-09, 2.42143999296e-10, 2.89003432297e-10, 7.83824602446e-11, 1.6388573441e-12, 7.19591107621e-13, 9.23779715917e-13, 2.62269806567e-12, 1.66549760094e-10, 4.98897367862e-10, 9.80342976936e-13, 1.72217085427e-13, 1.19519948748e-15],
        "dvar2": [3.1243094778e-09, 2.44369311986e-06, 1.67803136719e-05, 1.78386271728e-05, 0.00010184769053, 5.06246724399e-05, 9.09225582291e-06, 8.85483871116e-07, 8.31950274005e-07, 9.61401269706e-08, 4.65372318459e-09, 2.24646683478e-08, 8.5195210886e-09, 1.89949900253e-09, 5.96448446188e-09, 6.00585081667e-10, 7.1964262327e-10, 2.12052944648e-10, 4.26283704516e-12, 1.66172002374e-12, 1.77772098257e-12, 6.38641700287e-12, 3.7855799051e-10, 1.11520848112e-09, 1.54807395202e-12, 3.3736248929e-13, 2.60323633174e-15],
        "max": [0.00151628104504, 0.0228069201112, 0.0623590126634, 0.0581190474331, 0.144401535392, 0.0933650135994, 0.0586164779961, 0.0148765528575, 0.013636816293, 0.00429416634142, 0.00121530052274, 0.00390360620804, 0.00269581587054, 0.00341942161322, 0.00325828650966, 0.00055383349536, 0.000844867201522, 0.000598661659751, 6.57307828078e-05, 5.83539440413e-05, 9.65226208791e-05, 0.000190032180399, 0.00139680807479, 0.00238728127442, 0.000123581601656, 4.8360805522e-05, 3.56066743734e-06],
        "mean": [8.74483521329e-06, 0.000304290821077, 0.000944822793826, 0.00161409087013, 0.00819048564881, 0.00605805031955, 0.00288011902012, 0.00079481548164, 0.000564818154089, 0.000245608302066, 3.52784154529e-05, 7.07364306436e-05, 6.14393356955e-05, 2.73141049547e-05, 3.42447710864e-05, 1.17758172564e-05, 6.97165569363e-06, 2.73248315352e-06, 7.11632139883e-07, 3.92214900558e-07, 1.99880204832e-07, 2.86597867216e-07, 1.37273264045e-06, 1.9663459625e-06, 9.88487158793e-08, 3.60596423832e-08, 3.40073924576e-09],
        "median": [2.27535747399e-06, 3.39620273735e-05, 0.000272956967819, 0.000501798349433, 0.00455515971407, 0.00407008081675, 0.00091529666679, 0.000484381394926, 0.000260044645984, 0.000122364392155, 1.33526900754e-05, 2.15325562749e-05, 2.13609437196e-05, 1.07152809505e-05, 9.93949834083e-06, 3.45222338183e-06, 1.44426371662e-06, 5.77052105655e-07, 1.89094549796e-07, 7.55715490186e-08, 3.09339185378e-08, 7.49555884028e-09, 1.81137638222e-09, 1.30953892175e-09, 8.85892581515e-10, 5.00499641731e-10, 3.74186792662e-10],
        "min": [1.38636461592e-25, 2.55214922741e-24, 4.42392110964e-25, 8.71763086612e-25, 6.05555584371e-24, 6.10970798941e-24, 7.90521457427e-24, 9.39555031793e-24, 1.26208720267e-23, 1.11190709786e-23, 9.49090624643e-24, 2.46886515846e-23, 1.89715730783e-23, 3.49211083812e-23, 3.36989861341e-23, 5.06704008095e-23, 6.47715766357e-23, 9.18420959048e-23, 1.28443733605e-22, 1.65782060106e-22, 1.99656163894e-22, 2.45880472067e-22, 3.36595310982e-22, 4.90219724495e-22, 7.85260064422e-22, 1.3052390049e-21, 1.81352402278e-21],
        "var": [1.58379420689e-09, 1.5362487602e-06, 8.25248753245e-06, 1.02026606328e-05, 0.000124108788441, 5.29578865098e-05, 2.4800609026e-05, 1.15700527203e-06, 7.84365909112e-07, 1.11575978679e-07, 3.77189390832e-09, 2.78760783345e-08, 2.28101235678e-08, 1.15045022397e-08, 1.39264377808e-08, 7.38871019923e-10, 6.19934159563e-10, 1.48920986653e-10, 8.06971590245e-12, 3.62599924045e-12, 3.39735943371e-12, 1.48614176521e-11, 1.13269849056e-09, 2.75738964994e-09, 5.0056608164e-12, 5.36511210892e-13, 3.00195824518e-15]
    },
    "erbbands": {
        "dmean": [0.00287461210974, 0.0578050725162, 0.47188937664, 2.09418344498, 3.219830513, 11.6104755402, 39.5666122437, 11.7270860672, 15.1139030457, 7.37966918945, 7.46182632446, 6.78779840469, 1.38956677914, 2.93895673752, 1.11485993862, 1.02819597721, 1.39610183239, 0.324687480927, 1.15687656403, 0.202666535974, 0.380816191435, 0.229558095336, 0.0821795165539, 0.027085416019, 0.0132572920993, 0.00759365642443, 0.00391282932833, 0.00251911347732, 0.00309986062348, 0.00664207618684, 0.011513562873, 0.0256723798811, 0.00397849036381, 0.000578990147915, 0.000172598403879, 6.38366836938e-05, 2.14617175516e-05, 7.40628229323e-06, 3.17492776958e-06, 7.33449678592e-06],
        "dmean2": [0.00491479830816, 0.101031810045, 0.83708190918, 3.75472140312, 5.06687259674, 19.738948822, 65.1154785156, 17.972234726, 20.6120758057, 10.7909889221, 10.5413131714, 10.3290452957, 2.0461640358, 4.34880447388, 1.68618023396, 1.51916337013, 2.010004282, 0.477835327387, 1.64314258099, 0.312617093325, 0.595350980759, 0.3721601367, 0.130505234003, 0.0411152765155, 0.0201484560966, 0.0113259581849, 0.00639162166044, 0.00393468560651, 0.00484155816957, 0.0113904019818, 0.0154046304524, 0.0441350080073, 0.00642909761518, 0.000961162848398, 0.000258907151874, 9.62069098023e-05, 3.18126112688e-05, 1.28728361233e-05, 5.17351600138e-06, 1.19808237287e-05],
        "dvar": [0.000162755604833, 0.0695201158524, 3.88235473633, 39.0608520508, 29.1581077576, 351.6534729, 4352.16894531, 608.873657227, 1075.88452148, 183.658737183, 195.282241821, 245.850967407, 5.69249296188, 46.1420440674, 5.27449369431, 5.95658016205, 10.6941347122, 0.77293586731, 13.5134677887, 0.343133121729, 1.09085845947, 1.5112683773, 0.199642136693, 0.0151359047741, 0.00271256314591, 0.00133715593256, 0.00163967628032, 0.00106161029544, 0.0025045084767, 0.036417093128, 0.0946159809828, 0.618945717812, 0.0147717092186, 0.000338737852871, 3.12819902319e-05, 2.83503845822e-06, 3.09166182433e-07, 6.33540011563e-08, 4.39039082867e-11, 1.10112502449e-10],
        "dvar2": [0.000501033267938, 0.215775042772, 11.9135951996, 123.133666992, 79.0906982422, 1001.86828613, 12234.8125, 1600.82629395, 2174.52880859, 432.910461426, 386.017089844, 618.122009277, 14.0310544968, 113.657249451, 12.4872894287, 13.6620492935, 21.0204334259, 1.20260953903, 24.1491241455, 0.819258749485, 2.68987584114, 3.85946822166, 0.526282846928, 0.037599992007, 0.00669036060572, 0.00309813790955, 0.0031055980362, 0.00221040588804, 0.00445735361427, 0.10376098007, 0.115833595395, 1.38341212273, 0.0356144160032, 0.000578431063332, 5.13070372108e-05, 4.1426410462e-06, 6.06164633155e-07, 1.68603335737e-07, 1.13978965155e-10, 3.09292785827e-10],
        "max": [0.402776360512, 6.52920722961, 55.0714645386, 182.05909729, 88.5106964111, 417.535797119, 1245.76086426, 629.000671387, 921.858825684, 319.516571045, 287.568206787, 379.589782715, 49.4482841492, 151.57649231, 81.3229904175, 85.8146133423, 125.153968811, 61.1940307617, 202.81199646, 22.9712848663, 37.2727279663, 66.1926574707, 28.4975891113, 8.27824211121, 2.91553997993, 2.59254407883, 3.95840954781, 3.27939009666, 6.6902885437, 17.7497806549, 43.9736328125, 87.6433944702, 12.5079603195, 2.12619376183, 0.673914551735, 0.209860533476, 0.0666889548302, 0.0257317405194, 0.000547134783119, 0.000233921105973],
        "mean": [0.0050433636643, 0.093802317977, 0.83890247345, 3.6466960907, 7.4751958847, 24.1852111816, 81.6923065186, 35.0732536316, 45.1516075134, 20.5509471893, 18.0446434021, 15.1193313599, 4.18242120743, 8.65216636658, 2.6570892334, 2.29093742371, 3.02814173698, 0.888721704483, 2.75451779366, 0.51782310009, 0.800272583961, 0.455165296793, 0.184032186866, 0.0793579295278, 0.0348414853215, 0.0200217086822, 0.00896034482867, 0.00691388640553, 0.00925451517105, 0.0149936918169, 0.0429014191031, 0.0744168832898, 0.00983988773078, 0.00176041468512, 0.000533137761522, 0.0001921440562, 6.16686738795e-05, 1.44288615047e-05, 1.05513881863e-05, 2.42250498559e-05],
        "median": [0.000479374168208, 0.0168102029711, 0.266185879707, 1.00875449181, 3.68951153755, 13.336148262, 46.7921524048, 21.8396949768, 14.1455364227, 10.7770957947, 11.290892601, 7.0201625824, 3.08143615723, 4.4107542038, 1.56883478165, 0.983776986599, 1.10422945023, 0.49325710535, 1.03289437294, 0.234166786075, 0.227036952972, 0.0956917181611, 0.0462035313249, 0.0202473495156, 0.00997204333544, 0.00441298540682, 0.0017561125569, 0.000744635006413, 0.000317342899507, 0.000117822026368, 6.14315868006e-05, 4.23925594077e-05, 3.07119189529e-05, 2.24003342737e-05, 1.64638804563e-05, 1.15155289677e-05, 6.26589326203e-06, 1.08424501377e-06, 7.9782676039e-06, 1.8553211703e-05],
        "min": [7.46111081263e-23, 4.40825924667e-22, 1.18285757269e-21, 5.69648834048e-21, 1.24885765945e-20, 1.22768749032e-20, 2.40965338008e-20, 6.17826563265e-20, 1.16395905639e-19, 2.35195779085e-19, 1.64497169118e-19, 3.58377525503e-19, 2.68044698022e-19, 7.03171039288e-19, 8.09943202563e-19, 1.18345815913e-18, 1.54766619642e-18, 1.52130550126e-18, 1.77974174684e-18, 1.8495617876e-18, 3.51666614363e-18, 4.853215892e-18, 5.73478776573e-18, 5.527557102e-18, 7.13651810559e-18, 7.78724289552e-18, 6.4975165329e-18, 9.85574615637e-18, 7.40483729833e-18, 9.65975150049e-18, 1.0164569075e-17, 8.9608980338e-18, 1.00609580858e-17, 8.55699318532e-18, 5.54808937916e-18, 4.05215433447e-18, 2.39551443357e-18, 9.45186302137e-19, 2.29103490476e-19, 2.6813747796e-20],
        "var": [0.00038418470649, 0.125701025128, 5.97791671753, 75.3438415527, 91.9867019653, 1043.375, 11809.7080078, 1807.21264648, 6196.91796875, 711.253112793, 572.982849121, 563.01159668, 18.1970882416, 136.206512451, 15.6874036789, 18.3673858643, 52.49243927, 4.56374692917, 66.1476364136, 1.17880010605, 3.41116857529, 2.83516812325, 0.463450849056, 0.0915536358953, 0.0141589604318, 0.00708890659735, 0.00519617972896, 0.00603593001142, 0.0170421916991, 0.076589256525, 1.14148557186, 3.89325404167, 0.0677421540022, 0.00177698873449, 0.000131451277412, 1.34023521241e-05, 1.11787710466e-06, 9.98431488597e-08, 1.49077389322e-10, 4.83234563475e-10]
    },
    "gfcc": {
        "mean": [-232.757171631, 243.855895996, -97.1759262085, -45.4294815063, -37.3410224915, -41.3586540222, -37.5180587769, -25.1353397369, -16.3280220032, -16.4124946594, -8.53362083435, -13.3282546997, 0.627408385277],
        "cov": [[17962.8652344, 3161.08813477, -2336.39501953, -396.898498535, -767.281005859, -1086.65966797, -841.221496582, -426.887420654, -222.934997559, -229.426940918, -116.143699646, -101.725135803, 29.4724025726], [3161.08813477, 1731.67163086, -130.139770508, -444.332855225, 212.697601318, -211.683883667, -17.9431762695, -131.077163696, -56.5875587463, -118.067489624, -43.8990859985, -168.64503479, 45.4337234497], [-2336.39501953, -130.139770508, 1676.46887207, 199.487304688, 167.334777832, 580.079101562, 164.563293457, 74.4323577881, -0.957136929035, -20.7734069824, 0.592699348927, -40.922328949, -61.1714248657], [-396.898498535, -444.332855225, 199.487304688, 455.373321533, -40.2284889221, 93.2553024292, 72.9847335815, 71.0015487671, 32.2216644287, 7.05372667313, 2.24056959152, 43.0956382751, -25.1584205627], [-767.281005859, 212.697601318, 167.334777832, -40.2284889221, 348.414520264, 1.00323474407, 21.4727878571, 46.1048088074, 31.0677471161, -38.3498725891, 0.0136702060699, -32.4557037354, 11.2076816559], [-1086.65966797, -211.683883667, 580.079101562, 93.2553024292, 1.00323474407, 504.516845703, 90.951499939, -12.214222908, 36.0000305176, 26.7405853271, 5.46763849258, -1.99670696259, -56.6885795593], [-841.221496582, -17.9431762695, 164.563293457, 72.9847335815, 21.4727878571, 90.951499939, 228.834289551, 14.252196312, -20.602142334, 29.9928779602, 15.3085279465, -26.0633640289, 11.8052091599], [-426.887420654, -131.077163696, 74.4323577881, 71.0015487671, 46.1048088074, -12.214222908, 14.252196312, 154.244567871, 20.438457489, -30.4561347961, 22.4946403503, 36.2953987122, -2.73837661743], [-222.934997559, -56.5875587463, -0.957136929035, 32.2216644287, 31.0677471161, 36.0000305176, -20.602142334, 20.438457489, 96.8063201904, 10.5129585266, -18.9000740051, 14.536400795, 7.18029260635], [-229.426940918, -118.067489624, -20.7734069824, 7.05372667313, -38.3498725891, 26.7405853271, 29.9928779602, -30.4561347961, 10.5129585266, 99.7330169678, 21.4167728424, -6.66336631775, 6.97047710419], [-116.143699646, -43.8990859985, 0.592699348927, 2.24056959152, 0.0136702060699, 5.46763849258, 15.3085279465, 22.4946403503, -18.9000740051, 21.4167728424, 75.9827194214, 25.0663261414, -15.6185741425], [-101.725135803, -168.64503479, -40.922328949, 43.0956382751, -32.4557037354, -1.99670696259, -26.0633640289, 36.2953987122, 14.536400795, -6.66336631775, 25.0663261414, 84.1654815674, 2.99523830414], [29.4724025726, 45.4337234497, -61.1714248657, -25.1584205627, 11.2076816559, -56.6885795593, 11.8052091599, -2.73837661743, 7.18029260635, 6.97047710419, -15.6185741425, 2.99523830414, 64.258140564]],
        "icov": [[0.000344969477737, -0.00101064797491, 0.0003565705847, -0.000913353054784, 0.000889766146429, -0.000197976944037, 0.00130526954308, -0.000199191461434, 0.00077255629003, -0.000477927387692, 0.000228974648053, -0.000377996620955, -1.13924932066e-06], [-0.00101064797491, 0.00421106489375, -0.0011366608087, 0.00349971582182, -0.00285410159267, 0.00101880356669, -0.00412437785417, 0.0016108865384, -0.00287696952, 0.00348172802478, -0.00179414078593, 0.00315313902684, -0.000642056751531], [0.0003565705847, -0.0011366608087, 0.00161926122382, -0.00133796979208, 0.000397103984142, -0.00174238998443, 0.00141338922549, -0.000971022760496, 0.00180797534995, -0.000476537505165, 0.000540500099305, 9.27646906348e-05, -0.000272956298431], [-0.000913353054784, 0.00349971582182, -0.00133796979208, 0.00596481887624, -0.00201613130048, 0.00110386800952, -0.00486926874146, 0.000244228664087, -0.00332445790991, 0.00210903212428, -3.37484379997e-05, 0.000542710360605, 0.00134574167896], [0.000889766146429, -0.00285410159267, 0.000397103984142, -0.00201613130048, 0.00635435665026, -4.36876143795e-05, 0.00306481961161, -0.00136006111279, -0.000405977334594, 0.000450305786217, -0.00121382204816, 0.00106678006705, -0.000917533237953], [-0.000197976944037, 0.00101880356669, -0.00174238998443, 0.00110386800952, -4.36876143795e-05, 0.00481345085427, -0.00233352300711, 0.00200124550611, -0.0032043044921, 0.000460377865238, -0.000301023363136, -0.000531901605427, 0.00317173125222], [0.00130526954308, -0.00412437785417, 0.00141338922549, -0.00486926874146, 0.00306481961161, -0.00233352300711, 0.0114702256396, -0.00221883645281, 0.00542915286496, -0.003734535072, -0.000412105669966, 0.00113933614921, -0.00339328544214], [-0.000199191461434, 0.0016108865384, -0.000971022760496, 0.000244228664087, -0.00136006111279, 0.00200124550611, -0.00221883645281, 0.0109560089186, -0.00403773970902, 0.00554650695994, -0.0046025654301, -0.00098374101799, -0.000222455550102], [0.00077255629003, -0.00287696952, 0.00180797534995, -0.00332445790991, -0.000405977334594, -0.0032043044921, 0.00542915286496, -0.00403773970902, 0.0180077441037, -0.00703965919092, 0.00786980427802, -0.00503803836182, -0.000927068933379], [-0.000477927387692, 0.00348172802478, -0.000476537505165, 0.00210903212428, 0.000450305786217, 0.000460377865238, -0.003734535072, 0.00554650695994, -0.00703965919092, 0.0195322949439, -0.0105306310579, 0.00779541116208, -0.00487551093102], [0.000228974648053, -0.00179414078593, 0.000540500099305, -3.37484379997e-05, -0.00121382204816, -0.000301023363136, -0.000412105669966, -0.0046025654301, 0.00786980427802, -0.0105306310579, 0.0243015438318, -0.0113781113178, 0.00819060113281], [-0.000377996620955, 0.00315313902684, 9.27646906348e-05, 0.000542710360605, 0.00106678006705, -0.000531901605427, 0.00113933614921, -0.00098374101799, -0.00503803836182, 0.00779541116208, -0.0113781113178, 0.0238041877747, -0.00681960536167], [-1.13924932066e-06, -0.000642056751531, -0.000272956298431, 0.00134574167896, -0.000917533237953, 0.00317173125222, -0.00339328544214, -0.000222455550102, -0.000927068933379, -0.00487551093102, 0.00819060113281, -0.00681960536167, 0.0227969717234]]
    },
    "melbands": {
        "dmean": [3.95159768232e-05, 0.000185410302947, 0.000361155398423, 0.000402663892601, 0.00125174212735, 0.000287932198262, 0.00022752021323, 7.67310339143e-05, 5.73420365981e-05, 3.72214381059e-05, 7.11010579835e-06, 1.32262312036e-05, 3.31065507453e-06, 5.35719937034e-06, 2.76726655102e-06, 1.79520202437e-06, 6.75611715906e-07, 2.03431795853e-06, 6.64332162614e-07, 1.88252741395e-07, 4.74217699775e-07, 2.47417005994e-07, 1.69942083517e-07, 3.62961642963e-08, 2.26104948098e-08, 1.36686333363e-08, 7.66759455928e-09, 4.22485602058e-09, 3.04591174505e-09, 1.91516025261e-09, 1.51212176114e-09, 1.80778492176e-09, 2.77046119379e-09, 4.98623231593e-09, 5.98942229146e-09, 2.30822561065e-08, 1.46123895206e-08, 2.94729018968e-09, 8.5524631821e-10, 4.80684214654e-10],
        "dmean2": [6.75679839333e-05, 0.000328539463226, 0.00063747423701, 0.000665730505716, 0.00206811586395, 0.000438917806605, 0.000308060465613, 0.000112016568892, 8.12604848761e-05, 5.66739690839e-05, 1.05232456917e-05, 1.95403863472e-05, 5.15778265253e-06, 7.91905767983e-06, 3.92435549657e-06, 2.62909588855e-06, 9.9236206097e-07, 2.8687932172e-06, 9.87266957964e-07, 2.95281182616e-07, 7.48482364088e-07, 4.06121870355e-07, 2.69799528496e-07, 5.71617420064e-08, 3.46027562159e-08, 2.15073878707e-08, 1.15678515655e-08, 6.44932729443e-09, 4.9810271463e-09, 3.04431413412e-09, 2.45284881295e-09, 2.81218315301e-09, 4.83038409271e-09, 8.51405079771e-09, 9.0353529103e-09, 4.12091267776e-08, 2.44333211441e-08, 4.98620167377e-09, 1.367812974e-09, 7.44317607548e-10],
        "dvar": [3.24426174814e-08, 6.13693202922e-07, 8.69461871389e-07, 4.69854370522e-07, 4.15289923694e-06, 3.41972679507e-07, 2.40102451698e-07, 1.80282704321e-08, 1.12571854061e-08, 7.30711624541e-09, 1.64071867204e-10, 9.44146538728e-10, 4.48565386224e-11, 1.96473684544e-10, 4.19873996682e-11, 1.67945709423e-11, 4.65808945235e-12, 3.7884650278e-11, 4.35945984173e-12, 1.90153150387e-13, 1.91942035183e-12, 2.00020447254e-12, 7.43462149483e-13, 3.5781961568e-14, 1.18837477361e-14, 2.85137315133e-15, 1.79918120096e-15, 4.43181190531e-16, 7.26740822096e-16, 4.43465396554e-16, 4.72224150347e-16, 7.46129088621e-16, 2.97779408926e-15, 2.33818142663e-14, 2.89085297584e-14, 4.80568492986e-13, 2.16646579149e-13, 7.7782434153e-15, 6.00455885897e-16, 1.8378922213e-16],
        "dvar2": [9.95989637431e-08, 1.88984336091e-06, 2.77225785794e-06, 1.29906629809e-06, 1.17435929496e-05, 8.82857591478e-07, 4.812461043e-07, 4.29098925281e-08, 2.28813590297e-08, 1.8469647145e-08, 4.06585293211e-10, 2.31836527753e-09, 1.09495038036e-10, 4.4190609505e-10, 7.86586212831e-11, 3.42702290157e-11, 6.45648551983e-12, 6.36672381482e-11, 8.61945757824e-12, 4.82155114445e-13, 4.8869432806e-12, 5.10769508286e-12, 1.980533142e-12, 9.23279329509e-14, 3.04020284154e-14, 7.56489275654e-15, 4.18057642744e-15, 1.11184498684e-15, 1.39967895842e-15, 1.1031544288e-15, 9.56300515087e-16, 1.37603530424e-15, 9.27845311433e-15, 6.83587911211e-14, 7.32899391133e-14, 1.28963094544e-12, 5.38630826139e-13, 2.09546278034e-14, 1.21582325743e-15, 3.15418684764e-16],
        "max": [0.00483072735369, 0.0205678455532, 0.0260887667537, 0.0122690834105, 0.0438482761383, 0.0152017977089, 0.013752695173, 0.00380877358839, 0.00216425675899, 0.00210483442061, 0.000236023610341, 0.000683237216435, 0.00017879686493, 0.000538846943527, 0.000273679353995, 0.000147350365296, 0.000164989876794, 0.000309112656396, 0.000110954591946, 1.78896116267e-05, 4.40903895651e-05, 7.75426160544e-05, 5.26983822056e-05, 1.19219830594e-05, 6.93518904882e-06, 2.35365450862e-06, 2.74636204267e-06, 1.48232140873e-06, 2.59719308815e-06, 1.81613677341e-06, 2.2112797069e-06, 3.24602024193e-06, 5.00686746818e-06, 1.35004947879e-05, 1.88854937733e-05, 7.81682465458e-05, 5.27012416569e-05, 8.43140151119e-06, 2.77049389297e-06, 1.58076818479e-06],
        "mean": [6.38693891233e-05, 0.000329789618263, 0.000713652174454, 0.000922197825275, 0.00262353289872, 0.000828656658996, 0.000663203420117, 0.000204568277695, 0.000143149867654, 8.13885853859e-05, 1.94489166461e-05, 3.82932048524e-05, 7.03690784576e-06, 9.80890945357e-06, 6.27095414529e-06, 3.90058630728e-06, 1.58657076099e-06, 4.81653569295e-06, 1.49598008647e-06, 4.19573126464e-07, 9.43210466176e-07, 4.29738747698e-07, 3.25937463685e-07, 9.14317510592e-08, 5.96231899408e-08, 3.01902751687e-08, 1.93369480428e-08, 1.03867980883e-08, 6.06565597749e-09, 4.03722477671e-09, 3.89019083613e-09, 4.74887240642e-09, 6.20769613491e-09, 8.79639827644e-09, 1.54268526842e-08, 5.64158924021e-08, 3.74086539523e-08, 6.18673423602e-09, 2.21144591528e-09, 1.06202380223e-09],
        "median": [5.87919930695e-06, 9.49245513766e-05, 0.000236096559092, 0.000508438562974, 0.00153113761917, 0.000525370996911, 0.000203677103855, 0.000123809382785, 9.10646485863e-05, 3.69370318367e-05, 1.32228269649e-05, 1.88246121979e-05, 3.74563933292e-06, 2.8838437629e-06, 2.32478396356e-06, 1.54980830303e-06, 6.8560160571e-07, 1.81415794032e-06, 4.81215920445e-07, 1.71740396127e-07, 2.37664579572e-07, 6.84777319293e-08, 6.93214872172e-08, 1.99557277369e-08, 1.30674706611e-08, 8.17681922172e-09, 4.19313828104e-09, 1.9385848482e-09, 1.07817577089e-09, 4.1740338963e-10, 3.11296044497e-10, 1.66898217469e-10, 8.71482469522e-11, 4.27188631691e-11, 2.83903699161e-11, 2.19665258205e-11, 1.74854089541e-11, 1.41136911186e-11, 1.01464930208e-11, 9.198869097e-12],
        "min": [9.92185070376e-25, 8.55041404788e-25, 1.09903075796e-24, 1.30690763662e-24, 8.95513223277e-25, 1.03806541784e-24, 1.72560542282e-24, 2.37467465361e-24, 1.40648821109e-24, 1.81953765461e-24, 1.04520273549e-24, 2.79842667164e-24, 1.8934625989e-24, 2.24699278294e-24, 2.29633682142e-24, 3.03243003183e-24, 2.21752941977e-24, 2.34852075916e-24, 2.23552333702e-24, 2.65268935257e-24, 3.76464106051e-24, 3.81409159522e-24, 3.59337659697e-24, 3.6308076525e-24, 3.5545875174e-24, 4.79858251075e-24, 4.00055977498e-24, 3.82057129869e-24, 2.62681787032e-24, 4.24180211726e-24, 4.88267626654e-24, 2.91290853279e-24, 6.01285598621e-24, 4.84328765268e-24, 5.86885652771e-24, 5.67173162597e-24, 4.55736541201e-24, 5.64009869811e-24, 5.45683684349e-24, 6.52661308921e-24],
        "var": [6.63214336782e-08, 1.01029525013e-06, 1.81315169812e-06, 1.31883348331e-06, 1.21863058666e-05, 1.01143359643e-06, 1.36808057505e-06, 5.94923470487e-08, 3.37109220538e-08, 1.67274674112e-08, 4.51368969978e-10, 2.76995382187e-09, 1.08399782206e-10, 5.48444845094e-10, 2.24602059173e-10, 7.85138759563e-11, 2.94745824969e-11, 2.0130830336e-10, 1.87193108236e-11, 7.05264080643e-13, 5.21566383832e-12, 3.32945736953e-12, 1.42805255468e-12, 1.70327903799e-13, 5.57277240033e-14, 1.09689013311e-14, 7.94898577571e-15, 2.10185127224e-15, 2.08934440726e-15, 1.5793383523e-15, 2.38595755769e-15, 4.53253936933e-15, 7.56954720259e-15, 3.35255572761e-14, 1.44045447228e-13, 2.19926464193e-12, 1.02922585819e-12, 2.64210243853e-14, 3.23892142964e-15, 6.36341866075e-16]
    },
    "mfcc": {
        "mean": [-844.837463379, 245.661102295, 25.8140182495, -11.7620277405, 1.14895308018, -16.0689163208, -21.4390583038, -15.6332616806, -14.2998037338, -10.60313797, -10.3042907715, -10.3522338867, -7.5506477356],
        "cov": [[3795.05737305, 1810.1060791, -888.500915527, -158.5574646, 116.306587219, -444.946289062, -442.95022583, -166.430175781, -222.709625244, -142.748382568, -102.427856445, -34.7185401917, -15.2574644089], [1810.1060791, 1825.05749512, 11.5727214813, -177.89692688, 108.182403564, -91.4600372314, -132.617736816, -124.362846375, -56.2809104919, -77.0115432739, -71.8874282837, -55.6223526001, -50.8002624512], [-888.500915527, 11.5727214813, 1101.14562988, 225.632720947, -70.9993896484, 374.976806641, 302.554260254, 102.010154724, 84.7275085449, 68.4238586426, 36.8723716736, 2.86989665031, -23.9035186768], [-158.5574646, -177.89692688, 225.632720947, 365.418029785, 77.256439209, -15.7357006073, 93.6542434692, 94.4023971558, 23.3611869812, 20.3947544098, 19.3716163635, 14.8483753204, 22.4766674042], [116.306587219, 108.182403564, -70.9993896484, 77.256439209, 196.767410278, 2.02819633484, -55.1479072571, 27.2731781006, 33.5244407654, -21.4902954102, -7.17054843903, 23.7565746307, 9.17142009735], [-444.946289062, -91.4600372314, 374.976806641, -15.7357006073, 2.02819633484, 315.63458252, 156.89831543, 10.4277067184, 46.2309150696, 48.8815040588, 33.3698348999, 21.8602771759, 2.9939892292], [-442.95022583, -132.617736816, 302.554260254, 93.6542434692, -55.1479072571, 156.89831543, 256.369689941, 72.1558685303, 7.53042459488, 49.8052330017, 46.5794296265, 18.3211994171, 7.29693889618], [-166.430175781, -124.362846375, 102.010154724, 94.4023971558, 27.2731781006, 10.4277067184, 72.1558685303, 140.370040894, 46.8083305359, -17.3734951019, 23.3412704468, 32.0312652588, -2.65663981438], [-222.709625244, -56.2809104919, 84.7275085449, 23.3611869812, 33.5244407654, 46.2309150696, 7.53042459488, 46.8083305359, 108.926933289, 32.866973877, -14.2718324661, 0.397471994162, 2.18183493614], [-142.748382568, -77.0115432739, 68.4238586426, 20.3947544098, -21.4902954102, 48.8815040588, 49.8052330017, -17.3734951019, 32.866973877, 95.0660552979, 19.0450706482, -29.4946250916, 1.30198395252], [-102.427856445, -71.8874282837, 36.8723716736, 19.3716163635, -7.17054843903, 33.3698348999, 46.5794296265, 23.3412704468, -14.2718324661, 19.0450706482, 79.2240371704, 33.8690032959, -12.3773441315], [-34.7185401917, -55.6223526001, 2.86989665031, 14.8483753204, 23.7565746307, 21.8602771759, 18.3211994171, 32.0312652588, 0.397471994162, -29.4946250916, 33.8690032959, 98.0243377686, 32.4538383484], [-15.2574644089, -50.8002624512, -23.9035186768, 22.4766674042, 9.17142009735, 2.9939892292, 7.29693889618, -2.65663981438, 2.18183493614, 1.30198395252, -12.3773441315, 32.4538383484, 69.8285675049]],
