{
"lowlevel": {
    "average_loudness": 0.734666228294,
    "barkbands_crest": {
        "dmean": 3.0198366642,
        "dmean2": 4.69169282913,
        "dvar": 8.1748752594,
        "dvar2": 18.6613121033,
        "max": 26.7061023712,
        "mean": 12.2882547379,
        "median": 11.3418235779,
        "min": 2.53073453903,
        "var": 27.2357711792
    },
    "barkbands_flatness_db": {
        "dmean": 0.0389285311103,
        "dmean2": 0.0535465329885,
        "dvar": 0.00157194049098,
        "dvar2": 0.00320836366154,
        "max": 0.768610596657,
        "mean": 0.198215469718,
        "median": 0.181062474847,
        "min": 0.0217027999461,
        "var": 0.0104182222858
    },
    "barkbands_kurtosis": {
        "dmean": 10.583117485,
        "dmean2": 15.6996536255,
        "dvar": 2310.08227539,
        "dvar2": 5165.94189453,
        "max": 1673.92126465,
        "mean": 14.3020648956,
        "median": 3.55435848236,
        "min": -1.91112399101,
        "var": 3639.66479492
    },
    "barkbands_skewness": {
        "dmean": 0.9998883605,
        "dmean2": 1.4257338047,
        "dvar": 1.8258600235,
        "dvar2": 3.67214369774,
        "max": 38.4533653259,
        "mean": 2.13241147995,
        "median": 1.77427446842,
        "min": -4.54482603073,
        "var": 6.48399066925
    },
    "barkbands_spread": {
        "dmean": 8.15187931061,
        "dmean2": 12.2398262024,
        "dvar": 129.617141724,
        "dvar2": 275.944763184,
        "max": 125.786819458,
        "mean": 19.3798942566,
        "median": 14.215514183,
        "min": 0.133842557669,
        "var": 312.995361328
    },
    "dissonance": {
        "dmean": 0.0295122116804,
        "dmean2": 0.0471909977496,
        "dvar": 0.00111523049418,
        "dvar2": 0.00272053387016,
        "max": 0.500000178814,
        "mean": 0.440534651279,
        "median": 0.4576587677,
        "min": 0.0555246844888,
        "var": 0.00310101592913
    },
    "dynamic_complexity": 5.64804697037,
    "erbbands_crest": {
        "dmean": 3.21340513229,
        "dmean2": 5.07382297516,
        "dvar": 9.87920475006,
        "dvar2": 22.3788871765,
        "max": 33.9075889587,
        "mean": 10.7972631454,
        "median": 9.35704708099,
        "min": 2.16252326965,
        "var": 32.3912849426
    },
    "erbbands_flatness_db": {
        "dmean": 0.0322872698307,
        "dmean2": 0.0436552390456,
        "dvar": 0.00118950544856,
        "dvar2": 0.0021406353917,
        "max": 0.591689050198,
        "mean": 0.188285335898,
        "median": 0.164255306125,
        "min": 0.030184160918,
        "var": 0.0095451688394
    },
    "erbbands_kurtosis": {
        "dmean": 2.46914577484,
        "dmean2": 3.77536416054,
        "dvar": 41.8010940552,
        "dvar2": 92.2812194824,
        "max": 278.829803467,
        "mean": 2.6199233532,
        "median": 0.47229218483,
        "min": -1.92509305477,
        "var": 105.891204834
    },
    "erbbands_skewness": {
        "dmean": 0.611047029495,
        "dmean2": 0.889277219772,
        "dvar": 0.415542900562,
        "dvar2": 0.879576265812,
        "max": 12.9460458755,
        "mean": 0.196883708239,
        "median": 0.120283134282,
        "min": -5.6446595192,
        "var": 1.87527775764
    },
    "erbbands_spread": {
        "dmean": 12.1643257141,
        "dmean2": 17.6835384369,
        "dvar": 215.843048096,
        "dvar2": 423.768798828,
        "max": 176.815750122,
        "mean": 36.4239234924,
        "median": 31.1159324646,
        "min": 0.379901379347,
        "var": 645.064697266
    },
    "hfc": {
        "dmean": 10.3887786865,
        "dmean2": 15.444149971,
        "dvar": 414.764343262,
        "dvar2": 1001.13635254,
        "max": 274.653259277,
        "mean": 16.1347980499,
        "median": 6.19148492813,
        "min": 1.15269709472e-16,
        "var": 607.668518066
    },
    "melbands_crest": {
        "dmean": 3.6181473732,
        "dmean2": 5.77818870544,
        "dvar": 13.622792244,
        "dvar2": 33.2019195557,
        "max": 38.3083076477,
        "mean": 16.623003006,
        "median": 15.6999979019,
        "min": 1.582508564,
        "var": 45.0091896057
    },
    "melbands_flatness_db": {
        "dmean": 0.0462954044342,
        "dmean2": 0.0635150671005,
        "dvar": 0.00233453465626,
        "dvar2": 0.00469430442899,
        "max": 0.974569916725,
        "mean": 0.285159826279,
        "median": 0.274803757668,
        "min": 0.00331467296928,
        "var": 0.0161336064339
    },
    "melbands_kurtosis": {
        "dmean": 17.6038284302,
        "dmean2": 26.652879715,
        "dvar": 2053.46118164,
        "dvar2": 4349.22998047,
        "max": 1409.04418945,
        "mean": 29.4398021698,
        "median": 11.2830238342,
        "min": -1.89419996738,
        "var": 4731.69335938
    },
    "melbands_skewness": {
        "dmean": 1.20967531204,
        "dmean2": 1.76268005371,
        "dvar": 2.15450620651,
        "dvar2": 4.31431865692,
        "max": 27.0591945648,
        "mean": 3.31652927399,
        "median": 2.8418943882,
        "min": -3.54754710197,
        "var": 8.07272148132
    },
    "melbands_spread": {
        "dmean": 8.77992343903,
        "dmean2": 13.3967075348,
        "dvar": 197.022323608,
        "dvar2": 428.396392822,
        "max": 230.791946411,
        "mean": 20.5323257446,
        "median": 12.5367908478,
        "min": 0.14343675971,
        "var": 580.441833496
    },
    "pitch_salience": {
        "dmean": 0.0884575620294,
        "dmean2": 0.138952955604,
        "dvar": 0.00760200340301,
        "dvar2": 0.0169762019068,
        "max": 0.951105296612,
        "mean": 0.502429246902,
        "median": 0.514450669289,
        "min": 0.0300364997238,
        "var": 0.0268908571452
    },
    "silence_rate_20dB": {
        "dmean": 0.000319539860357,
        "dmean2": 0.000639130768832,
        "dvar": 0.000319364567986,
        "dvar2": 0.000638771860395,
        "max": 1,
        "mean": 0.999680459499,
        "median": 1,
        "min": 0,
        "var": 0.000319339043926
    },
    "silence_rate_30dB": {
        "dmean": 0.0560792461038,
        "dmean2": 0.112167455256,
        "dvar": 0.0529396981001,
        "dvar2": 0.107568986714,
        "max": 1,
        "mean": 0.928029417992,
        "median": 1,
        "min": 0,
        "var": 0.0667965337634
    },
    "silence_rate_60dB": {
        "dmean": 0.0642275139689,
        "dmean2": 0.128465279937,
        "dvar": 0.0601086765528,
        "dvar2": 0.128725022078,
        "max": 1,
        "mean": 0.232526555657,
        "median": 0,
        "min": 0,
        "var": 0.178462967277
    },
    "spectral_centroid": {
        "dmean": 275.463348389,
        "dmean2": 403.081634521,
        "dvar": 133828.65625,
        "dvar2": 257008.90625,
        "max": 11100.9707031,
        "mean": 1073.79699707,
        "median": 888.158203125,
        "min": 103.788726807,
        "var": 583068
    },
    "spectral_complexity": {
        "dmean": 3.24908137321,
        "dmean2": 4.69393634796,
        "dvar": 20.1050510406,
        "dvar2": 38.1369781494,
        "max": 55,
        "mean": 10.7364807129,
        "median": 9,
        "min": 0,
        "var": 71.912071228
    },
    "spectral_decrease": {
        "dmean": 4.0153542713e-09,
        "dmean2": 6.03590644133e-09,
        "dvar": 7.62654701422e-17,
        "dvar2": 1.78341463555e-16,
        "max": 1.80709061264e-18,
        "mean": -8.00598076722e-09,
        "median": -4.50168569088e-09,
        "min": -1.18479604794e-07,
        "var": 1.31666626204e-16
    },
    "spectral_energy": {
        "dmean": 0.0158855356276,
        "dmean2": 0.023875085637,
        "dvar": 0.0011352506699,
        "dvar2": 0.00265101250261,
        "max": 0.459228903055,
        "mean": 0.0316798686981,
        "median": 0.0181632079184,
        "min": 1.03581244592e-20,
        "var": 0.00198423466645
    },
    "spectral_energyband_high": {
        "dmean": 0.000618966121692,
        "dmean2": 0.000943980237935,
        "dvar": 2.66223287326e-06,
        "dvar2": 6.29875739833e-06,
        "max": 0.0323510691524,
        "mean": 0.000657687429339,
        "median": 4.53971624665e-05,
        "min": 7.29010429714e-21,
        "var": 3.0961828088e-06
    },
    "spectral_energyband_low": {
        "dmean": 0.0113573940471,
        "dmean2": 0.0175061952323,
        "dvar": 0.000923523155507,
        "dvar2": 0.00216025323607,
        "max": 0.369567811489,
        "mean": 0.0195975061506,
        "median": 0.00652297306806,
        "min": 3.51493163747e-23,
        "var": 0.00136901054066
    },
    "spectral_energyband_middle_high": {
        "dmean": 0.00203338870779,
        "dmean2": 0.00301535520703,
        "dvar": 2.39696764766e-05,
        "dvar2": 5.70080483158e-05,
        "max": 0.098250053823,
        "mean": 0.00351272220723,
        "median": 0.000957444601227,
        "min": 1.69028713718e-21,
        "var": 4.28617968282e-05
    },
    "spectral_energyband_middle_low": {
        "dmean": 0.00517904385924,
        "dmean2": 0.00839968305081,
        "dvar": 0.00012592895655,
        "dvar2": 0.000320951570757,
        "max": 0.152721717954,
        "mean": 0.00889562442899,
        "median": 0.00434442795813,
        "min": 3.43993867018e-22,
        "var": 0.000182521529496
    },
    "spectral_entropy": {
        "dmean": 0.341640174389,
        "dmean2": 0.466853290796,
        "dvar": 0.147500827909,
        "dvar2": 0.273837417364,
        "max": 9.80356311798,
        "mean": 7.10352945328,
        "median": 7.20058345795,
        "min": 3.39811253548,
        "var": 0.741888165474
    },
    "spectral_flux": {
        "dmean": 0.0390601269901,
        "dmean2": 0.0599448271096,
        "dvar": 0.00324564334005,
        "dvar2": 0.00630499748513,
        "max": 0.589463233948,
        "mean": 0.0812375992537,
        "median": 0.0555041134357,
        "min": 1.01774873251e-10,
        "var": 0.00674390699714
    },
    "spectral_kurtosis": {
        "dmean": 9.28857040405,
        "dmean2": 14.7883338928,
        "dvar": 1975.70617676,
        "dvar2": 6481.95458984,
        "max": 2562.52124023,
        "mean": 19.0978622437,
        "median": 6.10479927063,
        "min": -1.19818282127,
        "var": 2885.99047852
    },
    "spectral_rms": {
        "dmean": 0.00118000421207,
        "dmean2": 0.00167259562295,
        "dvar": 3.37042092724e-06,
        "dvar2": 7.19210265743e-06,
        "max": 0.0211666766554,
        "mean": 0.00447904039174,
        "median": 0.00420953705907,
        "min": 3.17891286211e-12,
        "var": 1.08453423309e-05
    },
    "spectral_rolloff": {
        "dmean": 711.896362305,
        "dmean2": 1184.99389648,
        "dvar": 2419202,
        "dvar2": 5312089.5,
        "max": 18841.5527344,
        "mean": 1504.21435547,
        "median": 667.529296875,
        "min": 21.533203125,
        "var": 6038240
    },
    "spectral_skewness": {
        "dmean": 0.663924992085,
        "dmean2": 0.993123114109,
        "dvar": 1.17523300648,
        "dvar2": 3.16468262672,
        "max": 40.9270401001,
        "mean": 2.59404444695,
        "median": 2.06929087639,
        "min": -0.148133724928,
        "var": 4.41061306
    },
    "spectral_spread": {
        "dmean": 1195728,
        "dmean2": 1673028.625,
        "dvar": 2.34198610739e+12,
        "dvar2": 4.54896490906e+12,
        "max": 41799504,
        "mean": 4897958.5,
        "median": 4558207.5,
        "min": 63299.6757812,
        "var": 7.76510688461e+12
    },
    "spectral_strongpeak": {
        "dmean": 0.403320431709,
        "dmean2": 0.659333944321,
        "dvar": 0.773115515709,
        "dvar2": 1.75962221622,
        "max": 13.6291837692,
        "mean": 0.680055618286,
        "median": 0.357699751854,
        "min": 0,
        "var": 1.22756481171
    },
    "zerocrossingrate": {
        "dmean": 0.0159595962614,
        "dmean2": 0.017628563568,
        "dvar": 0.000438663875684,
        "dvar2": 0.00053462095093,
        "max": 0.5185546875,
        "mean": 0.0593767389655,
        "median": 0.0419921875,
        "min": 0,
        "var": 0.00379298953339
    },
    "barkbands": {
        "dmean": [0.000875659752637, 0.00825696717948, 0.00463574519381, 0.00181833584793, 0.00180885184091, 0.000704320962541, 0.000989855616353, 0.000493617728353, 0.00049237231724, 0.000241926827584, 0.000248697935604, 0.000280656968243, 0.000319986866089, 0.000345942302374, 0.000328081747284, 0.000389914930565, 0.000366210093489, 0.000128704152303, 8.06994430604e-05, 5.68432988075e-05, 6.5913911385e-05, 6.788027531e-05, 0.000108638087113, 0.000164179728017, 0.000116839677503, 8.37432962726e-05, 2.08042038139e-05],
        "dmean2": [0.00153220409993, 0.0124412076548, 0.00815515033901, 0.00325842597522, 0.00305549730547, 0.00117087434046, 0.00151019112673, 0.000769851438235, 0.00077907735249, 0.000366050138837, 0.000374129362172, 0.000424627709435, 0.000500143389218, 0.000542624329682, 0.000507255201228, 0.000619436847046, 0.000583808519877, 0.000208804864087, 0.000129958905745, 8.8534943643e-05, 0.000101373218058, 0.000105916471512, 0.000161851741723, 0.000262719520833, 0.000178977177711, 0.00013278159895, 3.54993899236e-05],
        "dvar": [1.59322316904e-05, 0.00047097101924, 0.000253189879004, 3.17462508974e-05, 1.74600008904e-05, 6.00187786404e-06, 9.44980183704e-06, 3.08639755531e-06, 8.07132710179e-06, 7.54025791139e-07, 1.02330920981e-06, 7.12993710295e-07, 1.15320756322e-06, 1.63232232353e-06, 1.42660849178e-06, 1.44536056723e-06, 1.57920715083e-06, 3.50438199348e-07, 7.07763945229e-08, 3.6242255419e-08, 4.21599004596e-08, 4.81837041377e-08, 1.17801590704e-07, 2.59482192178e-07, 1.14024629738e-07, 7.6274886851e-08, 6.04752870004e-09],
        "dvar2": [4.59031252831e-05, 0.000949963985477, 0.000703509023879, 8.96197307156e-05, 4.59981383756e-05, 1.52169186549e-05, 2.10591224459e-05, 7.3603951023e-06, 1.96462915483e-05, 1.66610789165e-06, 2.09000972973e-06, 1.53257701641e-06, 2.82084351966e-06, 3.98467955165e-06, 3.42311045642e-06, 3.47403192791e-06, 3.7094016534e-06, 9.45263479935e-07, 1.85511098039e-07, 8.81281394527e-08, 1.02463467044e-07, 1.12281277609e-07, 2.64548788209e-07, 6.28565942407e-07, 2.74861946536e-07, 2.02262768312e-07, 1.68885865293e-08],
        "max": [0.195290446281, 0.332058519125, 0.184176295996, 0.0772511065006, 0.0580590963364, 0.0955417975783, 0.129297822714, 0.0412809439003, 0.116220936179, 0.0358970686793, 0.0420418046415, 0.0273293908685, 0.0289630945772, 0.0366789624095, 0.029169138521, 0.0362273976207, 0.0275057330728, 0.0333051383495, 0.0105168540031, 0.00723550887778, 0.00645828153938, 0.0078485943377, 0.0101590538397, 0.015396559611, 0.00409247679636, 0.00409247959033, 0.00119144411292],
        "mean": [0.000817898195237, 0.0130924079567, 0.0047328020446, 0.002208951395, 0.00262837996706, 0.000966342224274, 0.0017062247498, 0.000689659849741, 0.00062432436971, 0.000312208867399, 0.000308576069074, 0.000399017502787, 0.00040816605906, 0.000446641177405, 0.00044079212239, 0.000470455852337, 0.000487677199999, 0.000154613720952, 9.48069573496e-05, 6.24881286058e-05, 6.96197312209e-05, 7.48401944293e-05, 0.000123560530483, 0.000161196818226, 0.000110023691377, 7.26685248083e-05, 1.54598546942e-05],
        "median": [8.57974155224e-05, 0.00290335784666, 0.00088730326388, 0.000304209068418, 0.00112409330904, 0.000228804157814, 0.000222489295993, 9.79628530331e-05, 0.000107317660877, 3.96445466322e-05, 4.7089135478e-05, 5.6153992773e-05, 5.38508138561e-05, 5.89964547544e-05, 4.70183076686e-05, 3.16838959407e-05, 2.40575664066e-05, 1.23538866319e-05, 9.60599300015e-06, 5.03422234033e-06, 5.45436296306e-06, 4.45743717137e-06, 6.73837030263e-06, 6.51354866932e-06, 5.72756107431e-06, 3.13444456879e-06, 5.65483503578e-07],
        "min": [3.60310759067e-24, 1.88914453207e-23, 1.21568884969e-23, 3.55122775881e-24, 5.59627834257e-23, 3.46675179991e-23, 6.639520384e-23, 1.48925153324e-23, 1.38254790372e-22, 1.1783576324e-22, 1.28191096167e-22, 1.902997182e-22, 5.68192402441e-23, 7.01653657435e-23, 9.90048267065e-23, 1.11104129146e-22, 2.33328395022e-22, 1.30022692349e-22, 3.22636259492e-22, 3.98087081653e-22, 3.24166649648e-22, 4.27794800793e-22, 7.34124611176e-22, 6.74295683563e-22, 9.8182511788e-22, 1.79667910352e-21, 2.40363519684e-21],
        "var": [1.2820275515e-05, 0.000763782532886, 0.000180194620043, 2.46454110311e-05, 1.86010765901e-05, 7.5117209235e-06, 3.67410029867e-05, 4.83762278236e-06, 1.03222291727e-05, 1.35149184644e-06, 1.53140001657e-06, 1.1638990145e-06, 1.43619979553e-06, 1.86896954801e-06, 1.91053254639e-06, 1.95918073587e-06, 2.57813621829e-06, 3.78383703037e-07, 7.39132985927e-08, 3.98580901617e-08, 4.93489409337e-08, 6.42407798068e-08, 1.6414034576e-07, 2.85042204951e-07, 1.10771665618e-07, 5.84112029856e-08, 3.8012109016e-09]
    },
    "erbbands": {
        "dmean": [0.208961755037, 2.05714011192, 4.91366291046, 6.13399457932, 5.45938539505, 6.77440500259, 5.97576379776, 5.59199762344, 8.86109256744, 18.9607086182, 9.82717990875, 11.2516088486, 6.86822366714, 9.51310634613, 9.31313991547, 12.4598932266, 12.796005249, 19.7064819336, 16.2714996338, 15.5863294601, 23.9815406799, 19.6659889221, 8.17258739471, 5.0541806221, 3.46863508224, 2.71976470947, 2.67489314079, 2.36892199516, 2.39816784859, 2.90182209015, 3.04781770706, 3.53993988037, 2.56260895729, 1.45643174648, 0.749186635017, 0.38688030839, 0.156350970268, 0.0298075340688, 0.00340006547049, 0.000228492368478],
        "dmean2": [0.306622803211, 3.05093979836, 8.04301357269, 11.0358047485, 9.28830623627, 11.4310827255, 10.0684700012, 9.23727416992, 14.1190690994, 28.3763713837, 15.2867364883, 17.7998104095, 10.7594022751, 14.2746191025, 13.9126672745, 18.6960983276, 19.5995178223, 30.7533912659, 24.8028812408, 24.0865402222, 37.5162734985, 31.4966945648, 13.0894584656, 8.0054473877, 5.54327058792, 4.18973016739, 4.20964431763, 3.61339044571, 3.7712726593, 4.34283208847, 4.55996274948, 5.57985258102, 4.17183589935, 2.29442381859, 1.12029290199, 0.597109079361, 0.251901447773, 0.0487164072692, 0.00579015072435, 0.000399352429667],
        "dvar": [0.250828206539, 31.3045692444, 245.836090088, 413.899291992, 184.174087524, 225.683761597, 245.579544067, 487.453338623, 997.561218262, 3929.8684082, 1624.21728516, 5095.21630859, 510.492980957, 1222.05847168, 1062.67749023, 1383.3112793, 1671.52600098, 5768.34814453, 3465.59936523, 2917.3840332, 5308.54638672, 4181.35058594, 919.953918457, 360.532562256, 195.865188599, 81.867401123, 76.4088287354, 54.9128913879, 61.9254379272, 82.0271148682, 89.394493103, 127.549819946, 65.8142089844, 19.7856006622, 4.21378326416, 1.34664773941, 0.309623867273, 0.0102215697989, 0.000155101995915, 1.02498518117e-06],
        "dvar2": [0.554071724415, 61.5878295898, 645.237976074, 1174.05871582, 490.628631592, 602.04498291, 637.274230957, 1227.80773926, 2473.11474609, 8278.12304688, 3899.73632812, 12185.0410156, 1171.99755859, 2766.23339844, 2131.67211914, 2847.58007812, 4033.41577148, 14036.2910156, 8075.34179688, 6787.29541016, 12268.7148438, 10394.5097656, 2422.60961914, 935.768981934, 531.706298828, 200.560317993, 184.622146606, 129.137329102, 144.603775024, 193.825042725, 190.526062012, 295.346343994, 168.600158691, 49.3325424194, 9.61139678955, 3.32556962967, 0.846823334694, 0.0281683653593, 0.000432603235822, 2.89802028419e-06],
        "max": [6.25154495239, 89.9666671753, 177.055297852, 219.419769287, 185.044998169, 213.614349365, 613.055603027, 648.559936523, 1094.42456055, 3260.55053711, 1361.54492188, 3324.20678711, 789.809265137, 1181.09643555, 979.189208984, 1047.30053711, 1166.88903809, 2263.45751953, 1765.76818848, 1455.37316895, 2358.77075195, 1119.1940918, 1058.33569336, 982.098449707, 626.545227051, 326.711364746, 329.420074463, 245.245117188, 259.320098877, 314.450714111, 288.118896484, 366.35949707, 211.241165161, 64.6911010742, 20.640291214, 15.3430204391, 8.59896278381, 1.42079603672, 0.192345559597, 0.0150805963203],
        "mean": [0.354203343391, 2.97639751434, 5.70856618881, 6.92309570312, 7.62103366852, 9.88645172119, 8.12471389771, 7.79923200607, 12.6751022339, 35.096736908, 13.7867870331, 14.7638578415, 8.88198184967, 12.6767549515, 12.8540029526, 18.2794075012, 17.7607765198, 25.7489833832, 22.1086082458, 20.7102794647, 31.1077270508, 26.605632782, 10.5154829025, 6.25035381317, 3.91580581665, 2.95341014862, 2.91544890404, 2.53323793411, 2.60701942444, 3.18743634224, 3.5673687458, 3.66663885117, 2.37684965134, 1.32541978359, 0.726668536663, 0.351087331772, 0.132906883955, 0.0242658015341, 0.00255569047295, 0.00018383708084],
        "median": [0.0524754561484, 0.694194972515, 1.32939457893, 1.56541693211, 2.302973032, 3.80108261108, 2.69026875496, 1.94072365761, 2.46689271927, 3.55868077278, 2.74272799492, 2.65160679817, 1.85408902168, 2.51918649673, 2.97496891022, 3.17012143135, 2.89096426964, 3.56802368164, 3.26056742668, 2.18136715889, 2.05980539322, 1.52452409267, 0.80518913269, 0.584765017033, 0.44692966342, 0.250067353249, 0.227294385433, 0.195373475552, 0.159489110112, 0.178901642561, 0.186985999346, 0.132414773107, 0.109689615667, 0.0707107633352, 0.0357647277415, 0.0157443843782, 0.00522765563801, 0.00100198586006, 0.000112425921543, 3.59467194357e-05],
        "min": [3.9082355336e-22, 4.91564680589e-21, 1.26263546731e-20, 1.60887356156e-20, 1.15806397281e-19, 2.13884853545e-19, 1.29966811715e-19, 3.30508233853e-19, 1.1116312748e-18, 3.65409723932e-19, 1.06714777621e-18, 2.92711859784e-18, 3.20311257909e-18, 4.42502419355e-18, 5.76075999619e-18, 7.44074272718e-18, 2.69728026079e-18, 2.63847805899e-18, 5.56037052972e-18, 4.28551397939e-18, 8.91625923205e-18, 1.17833342368e-17, 8.07610511877e-18, 1.34267460721e-17, 1.79786531542e-17, 1.73859732822e-17, 1.54615739831e-17, 1.2644532652e-17, 1.34986752166e-17, 1.70526277672e-17, 2.10551181777e-17, 1.5293634812e-17, 1.14041711876e-17, 8.57684469284e-18, 8.92951231982e-18, 6.47551352861e-18, 2.98351742636e-18, 1.40819827187e-18, 3.42977257804e-19, 3.56801190674e-20],
        "var": [0.493186384439, 46.3337135315, 209.755493164, 285.329040527, 182.665481567, 268.169616699, 320.370880127, 593.066894531, 1384.2767334, 21462.2910156, 2184.97558594, 7096.13525391, 703.580688477, 1913.19372559, 1681.01062012, 2509.49755859, 2330.98852539, 6665.94628906, 4551.64453125, 4290.32910156, 8165.95849609, 6466.10693359, 1079.99707031, 439.950408936, 162.713256836, 88.4395141602, 89.6088409424, 72.2321548462, 82.5541000366, 101.749229431, 138.958206177, 157.838668823, 61.7754974365, 17.7015380859, 4.53373861313, 1.2309898138, 0.219644650817, 0.00692605646327, 9.798398969e-05, 6.19648972133e-07]
    },
    "gfcc": {
        "mean": [-96.1100158691, 102.432121277, -93.0311126709, 10.0854139328, -38.2549705505, 17.3050422668, -40.613658905, 4.10100317001, -14.7441129684, 0.804484367371, -11.7594795227, -0.214509516954, -10.3009328842],
        "cov": [[27441.2988281, -2171.62011719, 1361.24255371, 2738.65722656, -433.359313965, 828.059753418, -857.309692383, 579.809509277, -361.689605713, 103.427116394, -433.024963379, 91.8696289062, -443.073730469], [-2171.62011719, 4472.94433594, -363.443695068, -1163.27172852, 973.583496094, -43.2304420471, 491.847137451, -200.066070557, 358.519042969, -257.080718994, 247.533828735, -306.554992676, 172.319625854], [1361.24255371, -363.443695068, 2168.45336914, 680.464477539, -79.5072784424, 488.517303467, 95.7240982056, 38.6069641113, -117.542037964, 95.7238311768, -121.440711975, 35.9004440308, -116.355407715], [2738.65722656, -1163.27172852, 680.464477539, 1627.57922363, -127.661857605, 112.218971252, -126.209327698, 120.076660156, -97.1459503174, 53.2257461548, -84.0450439453, 81.8194122314, -41.5331039429], [-433.359313965, 973.583496094, -79.5072784424, -127.661857605, 887.13684082, 127.501808167, 141.239547729, 78.6623687744, 91.0160980225, -47.9104576111, 27.3965854645, -8.02013874054, 88.191192627], [828.059753418, -43.2304420471, 488.517303467, 112.218971252, 127.501808167, 569.252746582, 182.268280029, 71.5679168701, -7.81315803528, 54.9136695862, -9.30807781219, 10.8533315659, -17.3859233856], [-857.309692383, 491.847137451, 95.7240982056, -126.209327698, 141.239547729, 182.268280029, 434.087402344, 21.5711784363, 61.6583786011, 38.539516449, 54.1693344116, -38.5021743774, 34.7636528015], [579.809509277, -200.066070557, 38.6069641113, 120.076660156, 78.6623687744, 71.5679168701, 21.5711784363, 229.246398926, 67.7683410645, 32.3670158386, 13.4101734161, 44.2309761047, 9.07914924622], [-361.689605713, 358.519042969, -117.542037964, -97.1459503174, 91.0160980225, -7.81315803528, 61.6583786011, 67.7683410645, 239.544342041, 41.8162498474, 83.7947387695, -18.1688098907, 30.5061740875], [103.427116394, -257.080718994, 95.7238311768, 53.2257461548, -47.9104576111, 54.9136695862, 38.539516449, 32.3670158386, 41.8162498474, 149.177444458, 31.4516468048, 22.2295970917, -17.3564319611], [-433.024963379, 247.533828735, -121.440711975, -84.0450439453, 27.3965854645, -9.30807781219, 54.1693344116, 13.4101734161, 83.7947387695, 31.4516468048, 157.452529907, 25.7642841339, 26.7601356506], [91.8696289062, -306.554992676, 35.9004440308, 81.8194122314, -8.02013874054, 10.8533315659, -38.5021743774, 44.2309761047, -18.1688098907, 22.2295970917, 25.7642841339, 131.521713257, 29.2560768127], [-443.073730469, 172.319625854, -116.355407715, -41.5331039429, 88.191192627, -17.3859233856, 34.7636528015, 9.07914924622, 30.5061740875, -17.3564319611, 26.7601356506, 29.2560768127, 102.403648376]],
        "icov": [[5.99121776759e-05, -6.65753759677e-05, 3.94027883885e-05, -0.000102262594737, 6.03510525252e-05, -0.000126008395455, 0.000153649190906, -0.000172816085978, 8.77035272424e-05, -0.000101116012956, 0.000139419498737, -7.06550126779e-05, 0.000204829659197], [-6.65753759677e-05, 0.000866224290803, -0.000269394658972, 0.000418353738496, -0.000701003184076, 0.000333320145728, -0.000552649958991, 0.000794644933194, -0.000763397605624, 0.0013590012677, -0.00124274368864, 0.00145173468627, -0.000736895017326], [3.94027883885e-05, -0.000269394658972, 0.00081013928866, -0.000386612169677, 0.000246446550591, -0.000649399124086, 6.85529303155e-05, -8.69490395417e-05, 0.000245837203693, -0.000581551459618, 0.000810196681414, -0.000739739509299, 0.00087727693608], [-0.000102262594737, 0.000418353738496, -0.000386612169677, 0.00108975579496, -0.000281551328953, 0.000322045205394, -0.000178173359018, 7.38265443943e-05, -0.000168444006704, 0.000473139516544, -0.000504503375851, 0.00049868383212, -0.000672917289194], [6.03510525252e-05, -0.000701003184076, 0.000246446550591, -0.000281551328953, 0.00198858673684, -0.000614771735854, 0.000249262200668, -0.00104438315611, 0.000274157006061, -0.000486888195155, 0.0011047583539, -0.000985083403066, -0.000373883522116], [-0.000126008395455, 0.000333320145728, -0.000649399124086, 0.000322045205394, -0.000614771735854, 0.00302126281895, -0.0013603202533, -0.000100715384178, 4.34009125456e-05, 5.21044094057e-05, -0.000495209766086, 0.000322016974678, -0.000166926605743], [0.000153649190906, -0.000552649958991, 6.85529303155e-05, -0.000178173359018, 0.000249262200668, -0.0013603202533, 0.00391013734043, -0.000894355063792, 0.000626734166872, -0.00162758096121, -0.000160224924912, 0.000829690834507, -0.000751058862079], [-0.000172816085978, 0.000794644933194, -8.69490395417e-05, 7.38265443943e-05, -0.00104438315611, -0.000100715384178, -0.000894355063792, 0.00692532537505, -0.00295267207548, 0.000996915972792, -0.000270579825155, -0.00119171384722, -0.000122078869026], [8.77035272424e-05, -0.000763397605624, 0.000245837203693, -0.000168444006704, 0.000274157006061, 4.34009125456e-05, 0.000626734166872, -0.00295267207548, 0.00751392263919, -0.00295534939505, -0.00196174369194, 0.00152346619871, -0.000966537336353], [-0.000101116012956, 0.0013590012677, -0.000581551459618, 0.000473139516544, -0.000486888195155, 5.21044094057e-05, -0.00162758096121, 0.000996915972792, -0.00295534939505, 0.0108595006168, -0.00288250902668, 0.000338379992172, 0.00107661925722], [0.000139419498737, -0.00124274368864, 0.000810196681414, -0.000504503375851, 0.0011047583539, -0.000495209766086, -0.000160224924912, -0.000270579825155, -0.00196174369194, -0.00288250902668, 0.0111521482468, -0.00495083723217, 0.00104928598739], [-7.06550126779e-05, 0.00145173468627, -0.000739739509299, 0.00049868383212, -0.000985083403066, 0.000322016974678, 0.000829690834507, -0.00119171384722, 0.00152346619871, 0.000338379992172, -0.00495083723217, 0.0138825383037, -0.00572873372585], [0.000204829659197, -0.000736895017326, 0.00087727693608, -0.000672917289194, -0.000373883522116, -0.000166926605743, -0.000751058862079, -0.000122078869026, -0.000966537336353, 0.00107661925722, 0.00104928598739, -0.00572873372585, 0.0150077221915]]
    },
    "melbands": {
        "dmean": [0.00210221344605, 0.00243114610203, 0.00103051622864, 0.00043393165106, 0.000223186507355, 0.000125346137793, 0.000155249406816, 0.000184598742635, 8.02471477073e-05, 6.93683759891e-05, 3.34438227583e-05, 3.87060972571e-05, 3.65594823961e-05, 2.95996796922e-05, 3.07806985802e-05, 3.45474181813e-05, 3.56517739419e-05, 2.62790199486e-05, 2.1525327611e-05, 2.30619280046e-05, 2.90583357128e-05, 2.29903398576e-05, 1.1498141248e-05, 6.58840963297e-06, 3.96316636397e-06, 2.99933185488e-06, 2.20521428673e-06, 1.68987571669e-06, 1.71167641838e-06, 1.58843886311e-06, 1.37320103022e-06, 1.30805904064e-06, 1.45272190366e-06, 1.75342631792e-06, 1.69863108113e-06, 1.97815734282e-06, 2.3383943244e-06, 1.72873455995e-06, 1.67841028542e-06, 1.11538065539e-06],
        "dmean2": [0.00317654386163, 0.00377249158919, 0.00182821671478, 0.000732158485334, 0.000376221811166, 0.000207825592952, 0.000244182767347, 0.000277847837424, 0.000126007173094, 0.000109952386993, 5.26758012711e-05, 5.81942185818e-05, 5.45941875316e-05, 4.4776530558e-05, 4.67474637844e-05, 5.37249652552e-05, 5.59888503631e-05, 4.00863027608e-05, 3.35976401402e-05, 3.65350497304e-05, 4.52701715403e-05, 3.68435285054e-05, 1.90615301108e-05, 1.06974639493e-05, 6.3347674768e-06, 4.86140288558e-06, 3.52806955561e-06, 2.59849571194e-06, 2.72650868283e-06, 2.44043417297e-06, 2.13761768464e-06, 2.10446000892e-06, 2.2480833195e-06, 2.62846333499e-06, 2.57000328929e-06, 3.06530091621e-06, 3.72295016859e-06, 2.77144863503e-06, 2.80629387817e-06, 1.72398176801e-06],
        "dvar": [2.86287395284e-05, 4.99340458191e-05, 1.03013162516e-05, 1.12042425826e-06, 2.716850247e-07, 2.34190707715e-07, 2.73681223462e-07, 3.72651157932e-07, 1.55498895538e-07, 1.79290594815e-07, 1.2676172112e-08, 2.13854214337e-08, 2.01753405094e-08, 8.32177526888e-09, 9.61667989685e-09, 1.44739047414e-08, 1.82426447282e-08, 8.8379934482e-09, 6.23988238857e-09, 6.08211925268e-09, 8.27391222202e-09, 6.29070706637e-09, 1.57198420947e-09, 1.16039278186e-09, 2.09328235301e-10, 1.05544427365e-10, 9.67017160791e-11, 2.94443879001e-11, 2.84745751283e-11, 3.22352665394e-11, 1.93931173204e-11, 1.91553196915e-11, 2.43338890704e-11, 3.06647415793e-11, 2.8387353232e-11, 4.98979989272e-11, 5.41187962499e-11, 2.83143751501e-11, 3.46816915464e-11, 1.05308027923e-11],
        "dvar2": [5.88788570894e-05, 0.000116037073894, 2.88739738608e-05, 2.95616314361e-06, 7.09798314347e-07, 5.95373990109e-07, 6.58854560243e-07, 8.02012607437e-07, 3.82791597531e-07, 4.18606987296e-07, 2.95175137666e-08, 4.83412030405e-08, 3.93700965162e-08, 1.8243863309e-08, 2.21656062394e-08, 3.43670585323e-08, 4.4414157685e-08, 2.02060004284e-08, 1.55921355827e-08, 1.4656656333e-08, 1.88572926163e-08, 1.52734926928e-08, 4.1569259146e-09, 3.19749204891e-09, 5.35506416988e-10, 2.83644829846e-10, 2.57374732637e-10, 6.88565385265e-11, 6.97252464099e-11, 7.97298754796e-11, 4.6228534889e-11, 4.52516531191e-11, 5.84271728221e-11, 7.29829877089e-11, 6.00933053319e-11, 1.16660209271e-10, 1.26284122048e-10, 7.03972088956e-11, 9.27139268136e-11, 2.53067219957e-11],
        "max": [0.0690801590681, 0.087105974555, 0.0333032459021, 0.0151639701799, 0.0176821835339, 0.0147320982069, 0.0150687238201, 0.0294830705971, 0.0139695601538, 0.0202132761478, 0.00413867132738, 0.00543730100617, 0.00470336899161, 0.00351879396476, 0.00335111608729, 0.00326270586811, 0.00387815618888, 0.00261744926684, 0.00206057354808, 0.00220408174209, 0.00271416362375, 0.00153728807345, 0.000951981463004, 0.00218337611295, 0.000663923099637, 0.000415007933043, 0.000373786344426, 0.000198726003873, 0.000200523660169, 0.000206853161217, 0.000188128193258, 0.00016571910237, 0.000203819217859, 0.000166738158441, 0.000173839667696, 0.000292019249173, 0.000233547907555, 0.00014751002891, 0.000111268862383, 4.23386663897e-05],
        "mean": [0.00349016301334, 0.00345780351199, 0.00124851521105, 0.000630140770227, 0.00032118652598, 0.000173205087776, 0.000235599931329, 0.000333898991812, 0.000102770376543, 8.9156703325e-05, 4.19840471295e-05, 5.04393756273e-05, 4.72309693578e-05, 4.26009428338e-05, 4.19131974922e-05, 4.55184999737e-05, 4.54580949736e-05, 3.44799082086e-05, 2.81591601379e-05, 2.8374579415e-05, 3.67121465388e-05, 3.04046970996e-05, 1.36992284752e-05, 7.7886015788e-06, 4.67388417746e-06, 3.43525539392e-06, 2.24669611271e-06, 1.84145096682e-06, 1.81146128853e-06, 1.64706762007e-06, 1.42181556839e-06, 1.38825794238e-06, 1.58340355938e-06, 1.87230966731e-06, 2.01177954295e-06, 2.14853639591e-06, 2.32926049648e-06, 1.68242775089e-06, 1.39333189964e-06, 1.03382683392e-06],
        "median": [0.000712032138836, 0.000898206606507, 0.00030979613075, 0.000255050079431, 0.000123542107758, 3.96974101022e-05, 4.18301715399e-05, 3.62198843504e-05, 2.03181880352e-05, 1.49685210999e-05, 7.94174229668e-06, 8.78931223269e-06, 8.58920793689e-06, 6.34734806226e-06, 6.37710309093e-06, 6.01017291046e-06, 5.54177768208e-06, 4.52580661658e-06, 2.94174810733e-06, 2.36890264205e-06, 1.98775410354e-06, 1.44519901824e-06, 8.13347980966e-07, 5.87595309298e-07, 4.03753631417e-07, 3.69237596942e-07, 1.88855992178e-07, 1.33328654783e-07, 1.39102880325e-07, 1.13143691749e-07, 1.00285234339e-07, 8.16885687982e-08, 8.03009712058e-08, 9.79252376965e-08, 1.06470650962e-07, 8.66867253535e-08, 7.61295666507e-08, 7.34600789087e-08, 6.56522374243e-08, 5.79161785197e-08],
        "min": [5.03060898551e-24, 6.94895975154e-24, 4.48247450755e-24, 1.41729116815e-23, 4.69362298959e-24, 8.85213165046e-24, 1.55534592864e-23, 3.40497610242e-24, 1.32771017479e-23, 1.76386695166e-23, 1.62580446034e-23, 1.79785107946e-23, 1.93908037401e-23, 2.43743283792e-23, 9.02991802153e-24, 4.9700051409e-24, 4.78870518336e-24, 9.58307517688e-24, 6.60705126357e-24, 5.67933190637e-24, 1.23069487737e-23, 1.32115702836e-23, 8.39047131606e-24, 6.51405915677e-24, 1.14647498273e-23, 1.17209489723e-23, 1.45947282293e-23, 1.02068022511e-23, 1.07663752122e-23, 6.97062029427e-24, 7.95571271625e-24, 7.21749194798e-24, 8.71861299794e-24, 1.04720496307e-23, 1.34120032736e-23, 1.08283773127e-23, 8.57860675335e-24, 8.16547950842e-24, 6.53657521916e-24, 7.46415692013e-24],
        "var": [5.00064270454e-05, 5.9629426687e-05, 7.58601981943e-06, 1.15472414564e-06, 3.53614069581e-07, 2.80028103816e-07, 4.97625876505e-07, 1.82892506473e-06, 1.82884420497e-07, 2.57269448412e-07, 1.67011879881e-08, 3.42305455092e-08, 3.2210738965e-08, 1.3348534722e-08, 1.43130867158e-08, 1.86113329192e-08, 2.09290345055e-08, 1.16907257208e-08, 7.78498598919e-09, 8.02706701108e-09, 1.28582939851e-08, 1.03694377529e-08, 1.6878086706e-09, 1.14252851624e-09, 2.60206689529e-10, 9.83820247491e-11, 7.89915494126e-11, 3.50330181531e-11, 3.3385613718e-11, 3.44934046603e-11, 2.56709532104e-11, 2.56264350018e-11, 2.92285744219e-11, 3.67658681277e-11, 4.50762031867e-11, 6.16462991765e-11, 6.49484008242e-11, 3.07344982797e-11, 2.60814911335e-11, 1.01016634294e-11]
    },
    "mfcc": {
        "mean": [-739.817016602, 137.047027588, 13.4271383286, 5.64265012741, 20.0404586792, 10.1589975357, -3.00987648964, 2.86941742897, -0.902179539204, 2.42052793503, 0.665066182613, 2.96065139771, 0.430836260319],
        "cov": [[16593.1660156, -712.436401367, 177.746032715, 1266.6796875, 937.469909668, 22.8409786224, 22.1812267303, 352.766265869, -57.2663230896, 163.299621582, -66.0202789307, 133.999664307, -160.827285767], [-712.436401367, 3378.59887695, -135.956665039, -496.360809326, 260.267669678, 251.059387207, 226.658233643, 118.003036499, 155.993026733, 105.661338806, 131.027084351, 18.8495883942, 25.1256065369], [177.746032715, -135.956665039, 1673.29492188, 312.106201172, -43.9583854675, 297.749664307, 188.55418396, 44.8845443726, 3.088804245, 67.4955978394, 22.6794433594, -29.4348335266, 1.1125856638], [1266.6796875, -496.360809326, 312.106201172, 1062.24829102, 302.9480896, 22.0914287567, 18.231760025, 65.2758712769, 21.9739208221, -35.4666175842, -36.7431297302, 9.85409545898, 15.4892320633], [937.469909668, 260.267669678, -43.9583854675, 302.9480896, 638.291381836, 77.3211898804, 45.0336303711, 119.825553894, 69.2718658447, 16.7436161041, -13.4379043579, 19.7229385376, -1.23761343956], [22.8409786224, 251.059387207, 297.749664307, 22.0914287567, 77.3211898804, 383.433502197, 229.752761841, 71.9353942871, 83.7862701416, 60.5075645447, 60.0822753906, -4.36716175079, 1.18256473541], [22.1812267303, 226.658233643, 188.55418396, 18.231760025, 45.0336303711, 229.752761841, 328.977264404, 119.412010193, 96.4251174927, 47.981212616, 41.3714027405, 5.24001121521, -3.52751779556], [352.766265869, 118.003036499, 44.8845443726, 65.2758712769, 119.825553894, 71.9353942871, 119.412010193, 192.250656128, 83.0530014038, 34.9694671631, 17.1343154907, 33.3253860474, 17.0803546906], [-57.2663230896, 155.993026733, 3.088804245, 21.9739208221, 69.2718658447, 83.7862701416, 96.4251174927, 83.0530014038, 179.832595825, 62.7239723206, 36.3240203857, 7.87953901291, 6.74750471115], [163.299621582, 105.661338806, 67.4955978394, -35.4666175842, 16.7436161041, 60.5075645447, 47.981212616, 34.9694671631, 62.7239723206, 163.619674683, 77.5597229004, 28.4518070221, -2.80624890327], [-66.0202789307, 131.027084351, 22.6794433594, -36.7431297302, -13.4379043579, 60.0822753906, 41.3714027405, 17.1343154907, 36.3240203857, 77.5597229004, 130.284805298, 55.8932876587, 30.5550613403], [133.999664307, 18.8495883942, -29.4348335266, 9.85409545898, 19.7229385376, -4.36716175079, 5.24001121521, 33.3253860474, 7.87953901291, 28.4518070221, 55.8932876587, 119.342170715, 56.5921821594], [-160.827285767, 25.1256065369, 1.1125856638, 15.4892320633, -1.23761343956, 1.18256473541, -3.52751779556, 17.0803546906, 6.74750471115, -2.80624890327, 30.5550613403, 56.5921821594, 117.091110229]],
