{
"lowlevel": {
    "average_loudness": 0.0198039840907,
    "barkbands_crest": {
        "dmean": 2.05412340164,
        "dmean2": 3.08567976952,
        "dvar": 3.97550225258,
        "dvar2": 9.11054325104,
        "max": 26.9905166626,
        "mean": 11.9212522507,
        "median": 10.2676715851,
        "min": 2.88527393341,
        "var": 33.8490562439
    },
    "barkbands_flatness_db": {
        "dmean": 0.0159775651991,
        "dmean2": 0.0228904988617,
        "dvar": 0.000263627560344,
        "dvar2": 0.000543780974112,
        "max": 0.698208928108,
        "mean": 0.284043520689,
        "median": 0.254826694727,
        "min": 0.0500550679862,
        "var": 0.0141634605825
    },
    "barkbands_kurtosis": {
        "dmean": 23.9848823547,
        "dmean2": 33.4429512024,
        "dvar": 34653.9648438,
        "dvar2": 74657.421875,
        "max": 9725.77832031,
        "mean": 76.6594924927,
        "median": 0.0666031837463,
        "min": -1.96134734154,
        "var": 278651.25
    },
    "barkbands_skewness": {
        "dmean": 0.607721567154,
        "dmean2": 0.853371322155,
        "dvar": 3.07992887497,
        "dvar2": 6.42065429688,
        "max": 78.5266952515,
        "mean": 1.45356762409,
        "median": 0.511001646519,
        "min": -74.1378936768,
        "var": 52.4827423096
    },
    "barkbands_spread": {
        "dmean": 2.25478935242,
        "dmean2": 3.33232045174,
        "dvar": 8.12395477295,
        "dvar2": 18.5499095917,
        "max": 85.8980255127,
        "mean": 12.8262844086,
        "median": 11.8659076691,
        "min": 0.00575649458915,
        "var": 86.1121826172
    },
    "dissonance": {
        "dmean": 0.0338139422238,
        "dmean2": 0.0577528737485,
        "dvar": 0.00162205158267,
        "dvar2": 0.00465944595635,
        "max": 0.499999970198,
        "mean": 0.412896037102,
        "median": 0.424729377031,
        "min": 0.0860036835074,
        "var": 0.00394427729771
    },
    "dynamic_complexity": 6.31824016571,
    "erbbands_crest": {
        "dmean": 2.74433636665,
        "dmean2": 4.17282629013,
        "dvar": 7.13874340057,
        "dvar2": 15.8018751144,
        "max": 35.209980011,
        "mean": 15.0613059998,
        "median": 13.2030477524,
        "min": 2.46215081215,
        "var": 59.3573684692
    },
    "erbbands_flatness_db": {
        "dmean": 0.0149951511994,
        "dmean2": 0.0208882465959,
        "dvar": 0.000227732569329,
        "dvar2": 0.000445066398242,
        "max": 0.710459709167,
        "mean": 0.333328306675,
        "median": 0.303403824568,
        "min": 0.0854328647256,
        "var": 0.0125407380983
    },
    "erbbands_kurtosis": {
        "dmean": 2.6309735775,
        "dmean2": 3.768627882,
        "dvar": 56.2238349915,
        "dvar2": 110.103973389,
        "max": 374.453582764,
        "mean": 8.56959724426,
        "median": 0.199476957321,
        "min": -1.95604503155,
        "var": 951.611877441
    },
    "erbbands_skewness": {
        "dmean": 0.406512826681,
        "dmean2": 0.57889765501,
        "dvar": 0.196895897388,
        "dvar2": 0.393892586231,
        "max": 13.477678299,
        "mean": 0.250545620918,
        "median": 0.0656525716186,
        "min": -15.310549736,
        "var": 3.68170046806
    },
    "erbbands_spread": {
        "dmean": 3.04739379883,
        "dmean2": 4.49393129349,
        "dvar": 13.130657196,
        "dvar2": 29.4259815216,
        "max": 108.499702454,
        "mean": 16.408536911,
        "median": 15.3878746033,
        "min": 0.141044005752,
        "var": 127.843276978
    },
    "hfc": {
        "dmean": 3.27315688133,
        "dmean2": 4.72681760788,
        "dvar": 118.557846069,
        "dvar2": 245.705337524,
        "max": 865.272338867,
        "mean": 13.4165868759,
        "median": 5.41593456268,
        "min": 1.16965628251e-16,
        "var": 689.404602051
    },
    "melbands_crest": {
        "dmean": 2.36160778999,
        "dmean2": 3.47366929054,
        "dvar": 5.24759960175,
        "dvar2": 11.2210130692,
        "max": 35.0970916748,
        "mean": 14.7481899261,
        "median": 13.110543251,
        "min": 1.45151209831,
        "var": 48.0288391113
    },
    "melbands_flatness_db": {
        "dmean": 0.0152643984184,
        "dmean2": 0.0212258249521,
        "dvar": 0.000263027643086,
        "dvar2": 0.000524814240634,
        "max": 0.720217704773,
        "mean": 0.309211075306,
        "median": 0.280704557896,
        "min": 0.00309662474319,
        "var": 0.0138262938708
    },
    "melbands_kurtosis": {
        "dmean": 3.50935721397,
        "dmean2": 5.00095701218,
        "dvar": 129.209014893,
        "dvar2": 237.722518921,
        "max": 616.112365723,
        "mean": 12.5013790131,
        "median": 1.01906728745,
        "min": -1.96976935863,
        "var": 2395.10693359
    },
    "melbands_skewness": {
        "dmean": 0.426114320755,
        "dmean2": 0.600705504417,
        "dvar": 0.255557507277,
        "dvar2": 0.507462859154,
        "max": 16.5617866516,
        "mean": 1.13314628601,
        "median": 0.930173397064,
        "min": -17.6554718018,
        "var": 4.65218162537
    },
    "melbands_spread": {
        "dmean": 3.9266166687,
        "dmean2": 5.81273698807,
        "dvar": 25.5564956665,
        "dvar2": 55.4694290161,
        "max": 154.068359375,
        "mean": 22.1275672913,
        "median": 19.6435394287,
        "min": 0.143841847777,
        "var": 354.074157715
    },
    "pitch_salience": {
        "dmean": 0.0519486926496,
        "dmean2": 0.0791387856007,
        "dvar": 0.00233690743335,
        "dvar2": 0.00541154481471,
        "max": 0.854683578014,
        "mean": 0.478979617357,
        "median": 0.487124145031,
        "min": 0.0114932991564,
        "var": 0.0216004643589
    },
    "silence_rate_20dB": {
        "dmean": 0,
        "dmean2": 0,
        "dvar": 0,
        "dvar2": 0,
        "max": 1,
        "mean": 1,
        "median": 1,
        "min": 1,
        "var": 0
    },
    "silence_rate_30dB": {
        "dmean": 0.00557816959918,
        "dmean2": 0.0111571801826,
        "dvar": 0.00554712489247,
        "dvar2": 0.0126904342324,
        "max": 1,
        "mean": 0.989899754524,
        "median": 1,
        "min": 0,
        "var": 0.00999902561307
    },
    "silence_rate_60dB": {
        "dmean": 0.0435700304806,
        "dmean2": 0.0871466249228,
        "dvar": 0.0416675694287,
        "dvar2": 0.0912978425622,
        "max": 1,
        "mean": 0.34717720747,
        "median": 0,
        "min": 0,
        "var": 0.226655259728
    },
    "spectral_centroid": {
        "dmean": 122.064254761,
        "dmean2": 180.762207031,
        "dvar": 22940.7441406,
        "dvar2": 45441.0507812,
        "max": 10710.1181641,
        "mean": 1321.0078125,
        "median": 1173.11376953,
        "min": 196.615585327,
        "var": 549508.9375
    },
    "spectral_complexity": {
        "dmean": 1.20940744877,
        "dmean2": 2.0545797348,
        "dvar": 1.7144908905,
        "dvar2": 4.56074333191,
        "max": 36,
        "mean": 10.2510738373,
        "median": 10,
        "min": 0,
        "var": 51.4814758301
    },
    "spectral_decrease": {
        "dmean": 7.07247094223e-10,
        "dmean2": 1.03983388566e-09,
        "dvar": 2.39715721426e-18,
        "dvar2": 6.24059258028e-18,
        "max": 4.97680952005e-10,
        "mean": -3.39040640007e-09,
        "median": -1.20688892213e-09,
        "min": -4.59085178761e-08,
        "var": 2.89967270375e-17
    },
    "spectral_energy": {
        "dmean": 0.00291347899474,
        "dmean2": 0.00427209259942,
        "dvar": 3.83452352253e-05,
        "dvar2": 9.7853015177e-05,
        "max": 0.174221202731,
        "mean": 0.0140130445361,
        "median": 0.0052592298016,
        "min": 1.05252666418e-20,
        "var": 0.000472065934446
    },
    "spectral_energyband_high": {
        "dmean": 0.000112223133328,
        "dmean2": 0.00016060876078,
        "dvar": 8.37701350065e-07,
        "dvar2": 1.69985787579e-06,
        "max": 0.0753965675831,
        "mean": 0.000364924344467,
        "median": 6.22049446974e-06,
        "min": 7.68640378212e-21,
        "var": 4.62501748189e-06
    },
    "spectral_energyband_low": {
        "dmean": 0.000669337809086,
        "dmean2": 0.00109547190368,
        "dvar": 7.41945495975e-06,
        "dvar2": 2.50958510151e-05,
        "max": 0.0888079702854,
        "mean": 0.00251417071559,
        "median": 4.11774362874e-06,
        "min": 5.09251303067e-23,
        "var": 4.46903286502e-05
    },
    "spectral_energyband_middle_high": {
        "dmean": 0.00163197854999,
        "dmean2": 0.00230561569333,
        "dvar": 1.19999494927e-05,
        "dvar2": 2.58338950516e-05,
        "max": 0.0805124640465,
        "mean": 0.00531102949753,
        "median": 0.00247042626143,
        "min": 1.46952846444e-21,
        "var": 6.39840509393e-05
    },
    "spectral_energyband_middle_low": {
        "dmean": 0.00141748052556,
        "dmean2": 0.00196004169993,
        "dvar": 1.22611290863e-05,
        "dvar2": 2.70507916866e-05,
        "max": 0.137769788504,
        "mean": 0.00590646499768,
        "median": 0.00185741041787,
        "min": 3.00592380843e-22,
        "var": 0.000125718215713
    },
    "spectral_entropy": {
        "dmean": 0.111187331378,
        "dmean2": 0.157246157527,
        "dvar": 0.0168242268264,
        "dvar2": 0.0332515053451,
        "max": 9.79574489594,
        "mean": 6.311211586,
        "median": 6.5550775528,
        "min": 2.9160695076,
        "var": 0.843741893768
    },
    "spectral_flux": {
        "dmean": 0.00869081635028,
        "dmean2": 0.014995822683,
        "dvar": 0.000142889242852,
        "dvar2": 0.000427746679634,
        "max": 0.281994700432,
        "mean": 0.0355311483145,
        "median": 0.0268949847668,
        "min": 1.02592719042e-10,
        "var": 0.00106944364961
    },
    "spectral_kurtosis": {
        "dmean": 8.65328788757,
        "dmean2": 15.0244188309,
        "dvar": 118.576286316,
        "dvar2": 345.436401367,
        "max": 316.737915039,
        "mean": 22.7176856995,
        "median": 14.0376300812,
        "min": -1.22133231163,
        "var": 709.055541992
    },
    "spectral_rms": {
        "dmean": 0.00031779758865,
        "dmean2": 0.000442549964646,
        "dvar": 1.7540224917e-07,
        "dvar2": 4.36168960505e-07,
        "max": 0.0130373267457,
        "mean": 0.00292700738646,
        "median": 0.002265161369,
        "min": 3.20445818318e-12,
        "var": 5.10386507813e-06
    },
    "spectral_rolloff": {
        "dmean": 232.956787109,
        "dmean2": 404.234985352,
        "dvar": 367167.1875,
        "dvar2": 857883.1875,
        "max": 19315.2832031,
        "mean": 1988.84326172,
        "median": 1378.125,
        "min": 86.1328125,
        "var": 6211125.5
    },
    "spectral_skewness": {
        "dmean": 0.616069793701,
        "dmean2": 1.06998968124,
        "dvar": 0.430420130491,
        "dvar2": 1.27321469784,
        "max": 14.2945508957,
        "mean": 2.8250682354,
        "median": 2.3301820755,
        "min": -0.0276581943035,
        "var": 2.8570754528
    },
    "spectral_spread": {
        "dmean": 234280.78125,
        "dmean2": 385323.71875,
        "dvar": 133138202624,
        "dvar2": 230135234560,
        "max": 39364856,
        "mean": 2363377.75,
        "median": 1929904.125,
        "min": 266456.71875,
        "var": 3.61369331302e+12
    },
    "spectral_strongpeak": {
        "dmean": 0.701956808567,
        "dmean2": 1.1223243475,
        "dvar": 3.1069586277,
        "dvar2": 7.23301029205,
        "max": 72.2182998657,
        "mean": 1.80714142323,
        "median": 1.04786884785,
        "min": 0,
        "var": 7.38268232346
    },
    "zerocrossingrate": {
        "dmean": 0.00505874957889,
        "dmean2": 0.00610964465886,
        "dvar": 6.58083154121e-05,
        "dvar2": 8.35358223412e-05,
        "max": 0.53955078125,
        "mean": 0.0665572583675,
        "median": 0.05078125,
        "min": 0.00439453125,
        "var": 0.00493130087852
    },
    "barkbands": {
        "dmean": [0.000399341748562, 0.000405362981837, 0.000226795527851, 0.000132055283757, 0.000318936159601, 0.000300389976474, 0.000356016244041, 0.000586114474572, 0.000515093212016, 0.000709327461664, 0.000467128091259, 0.000298029888654, 0.000492825056426, 0.000148136416101, 0.000246996060014, 0.000134604415507, 0.000198492154595, 5.09181518282e-05, 4.60414266854e-05, 1.73647531483e-05, 8.00385987532e-06, 7.74871750764e-06, 2.96045800496e-05, 2.79651303572e-05, 6.40461366856e-05, 1.96572018467e-05, 1.50329037751e-06],
        "dmean2": [0.000695593247656, 0.000686169660185, 0.000333883654093, 0.000197582427063, 0.000425545003964, 0.00039417858352, 0.000487500190502, 0.000811049365439, 0.000754161563236, 0.000910504255444, 0.000688977306709, 0.000426765560405, 0.000743739306927, 0.000228330420214, 0.000395022856537, 0.000206168799195, 0.000316984631354, 8.3024140622e-05, 7.87870740169e-05, 2.88780429401e-05, 1.30576017909e-05, 1.12326897579e-05, 4.17861192545e-05, 3.93159461964e-05, 8.99481747183e-05, 3.26592453348e-05, 2.09450490729e-06],
        "dvar": [8.48374656925e-06, 4.99850557389e-06, 6.42129805328e-07, 2.20246789695e-07, 9.68970539361e-07, 8.75937644196e-07, 9.54586198532e-07, 3.41014924743e-06, 3.99623559133e-06, 3.83150108973e-06, 2.52570384873e-06, 1.03934314666e-06, 5.25118230144e-06, 1.95225780431e-07, 2.48126582392e-07, 1.38711286013e-07, 2.85406287048e-07, 3.81223514978e-08, 1.51137946602e-08, 2.65188515591e-09, 1.01831132415e-09, 5.19671372601e-09, 9.42026332496e-08, 6.23568112701e-08, 6.29934902463e-07, 4.93836580517e-08, 1.42582934348e-09],
        "dvar2": [2.49047916441e-05, 1.82719813893e-05, 1.59160299518e-06, 5.81254198551e-07, 2.1540859052e-06, 1.95600955522e-06, 1.97614713215e-06, 7.01958470017e-06, 8.77270940691e-06, 6.59747092868e-06, 5.75414378545e-06, 2.09514769267e-06, 1.18008247227e-05, 4.57246670749e-07, 6.5062926069e-07, 2.79709382767e-07, 6.78127264564e-07, 6.08715993167e-08, 4.32233200343e-08, 7.25280946412e-09, 2.34075203664e-09, 9.75686198501e-09, 1.80461356081e-07, 1.22798667235e-07, 1.28138060518e-06, 1.32904361294e-07, 2.68322697394e-09],
        "max": [0.12528924644, 0.0743247717619, 0.0809123963118, 0.0161993186921, 0.0462474636734, 0.0318185426295, 0.0342371836305, 0.0768775567412, 0.0731659159064, 0.0570905022323, 0.0566567927599, 0.0429096408188, 0.0777677819133, 0.0205198209733, 0.0159597527236, 0.0259371586144, 0.032226011157, 0.029035301879, 0.00600895332173, 0.002938242862, 0.00192645331845, 0.00674955965951, 0.0239050574601, 0.0143860131502, 0.068263232708, 0.0113154277205, 0.002548630815],
        "mean": [0.000366202817531, 0.001230852562, 0.000997971277684, 0.000414995505707, 0.00117773131933, 0.000863262219355, 0.000775378546678, 0.00134188914672, 0.000964824284893, 0.00158819172066, 0.000945249455981, 0.000558953557629, 0.000786489224993, 0.000269399140961, 0.000440264790086, 0.000325053348206, 0.000396333198296, 0.000103346239484, 7.97029497335e-05, 3.55800475518e-05, 1.92973784578e-05, 3.43576793966e-05, 7.11501925252e-05, 6.74088223604e-05, 0.000124469341245, 3.27730776917e-05, 1.89731247247e-06],
        "median": [1.40809897076e-09, 1.53451562568e-08, 1.5835951217e-07, 8.62149317982e-06, 0.000203773743124, 8.81448577275e-05, 0.000126799583086, 0.000171392704942, 0.000144433230162, 0.000255625403952, 8.36156541482e-05, 8.64431494847e-05, 9.01837338461e-05, 5.0290938816e-05, 0.000156066351337, 6.18418271188e-05, 5.77996688662e-05, 1.32444611154e-05, 1.57476915774e-05, 3.67637289855e-06, 2.02484466172e-06, 8.52869561641e-07, 2.85350296281e-07, 1.46948721635e-07, 5.75837049155e-08, 1.66597065032e-08, 1.19087060213e-08],
        "min": [5.72594688055e-24, 4.71382374522e-24, 8.60825924591e-24, 5.76151945866e-23, 3.27250174398e-23, 6.48134367508e-23, 2.49513801313e-23, 7.29435319033e-23, 2.76691384784e-23, 5.23668935179e-23, 6.09831888898e-23, 1.82114421717e-22, 8.76759447595e-23, 9.83485890967e-23, 2.02932259058e-22, 5.57867664696e-23, 1.5350695528e-22, 2.34326701653e-22, 2.74420853773e-22, 2.51314373174e-22, 3.79334355944e-22, 6.04905610317e-22, 6.78623336624e-22, 8.71046125645e-22, 1.31903450343e-21, 1.58840346673e-21, 2.37429512474e-21],
        "var": [7.92273749539e-06, 1.52862048708e-05, 1.70115545188e-05, 1.26896873098e-06, 7.08666630089e-06, 5.65783511774e-06, 3.58993247573e-06, 1.43417437357e-05, 1.02955282273e-05, 1.80357146746e-05, 7.93254093878e-06, 2.71113003691e-06, 1.09836146294e-05, 5.54814221232e-07, 5.605907063e-07, 1.22240192013e-06, 1.60035642693e-06, 3.45961581161e-07, 2.66750568301e-08, 9.66439639427e-09, 5.52037970891e-09, 7.10919039193e-08, 3.9702396748e-07, 2.75485064094e-07, 1.33005414682e-06, 8.3641687354e-08, 2.08882933173e-09]
    },
    "erbbands": {
        "dmean": [0.00727450847626, 0.109355181456, 0.282867729664, 0.302770555019, 0.793451786041, 1.15476250648, 1.82731711864, 2.67469239235, 4.29058551788, 8.96206378937, 12.2866287231, 13.440117836, 11.8841924667, 22.8116855621, 20.6190891266, 15.8980073929, 24.1039237976, 8.85690307617, 11.1069688797, 10.0749511719, 8.53708076477, 6.89418125153, 3.99446988106, 2.48824954033, 1.80960655212, 0.982959210873, 0.41268530488, 0.200861275196, 0.285367578268, 0.594381511211, 0.844996511936, 0.402549654245, 0.572009980679, 0.665338993073, 0.51572406292, 0.091859601438, 0.0489001460373, 0.00459900218993, 0.000215534018935, 3.4380798752e-05],
        "dmean2": [0.0123820994049, 0.183650895953, 0.433237910271, 0.451384097338, 1.07474672794, 1.55821788311, 2.52089643478, 3.51139736176, 5.41824388504, 13.2808427811, 16.8861789703, 19.7525920868, 15.8811988831, 29.5148200989, 30.3521690369, 22.7952804565, 36.2393341064, 13.5079193115, 17.7494049072, 15.9690504074, 13.2990922928, 11.1142902374, 6.45387649536, 4.2716217041, 3.06439757347, 1.64491450787, 0.679666161537, 0.313522696495, 0.382038712502, 0.931596696377, 1.17398905754, 0.575989127159, 0.82785320282, 1.00456476212, 0.701095879078, 0.136673375964, 0.0802994146943, 0.0069394367747, 0.000312528456561, 4.76087770949e-05],
        "dvar": [0.00138046755455, 0.353384643793, 0.975371658802, 1.08694636822, 4.51289558411, 19.183013916, 50.7341499329, 70.3590621948, 128.556808472, 966.22253418, 1890.42126465, 2997.9753418, 1574.30200195, 4341.75097656, 4742.93994141, 2771.21264648, 12923.7753906, 606.29095459, 643.079772949, 562.432250977, 433.120697021, 293.29385376, 186.066085815, 57.7122612, 26.7407627106, 7.89326906204, 1.86057949066, 1.3041292429, 14.2093153, 39.297492981, 97.928604126, 14.5266332626, 30.3006038666, 42.4946937561, 82.4016036987, 1.50523436069, 0.385480076075, 0.00269353063777, 3.27273337462e-05, 9.69476218415e-07],
        "dvar2": [0.00460893427953, 1.29586410522, 2.61818170547, 2.94512748718, 10.8744974136, 41.5901756287, 121.442726135, 155.573318481, 210.454071045, 2336.18823242, 3793.10498047, 6815.31445312, 2928.27026367, 7444.44921875, 11047.4453125, 5532.37597656, 29253.046875, 1372.51794434, 1632.68212891, 1466.24816895, 1025.57678223, 718.034362793, 297.179626465, 162.41217041, 78.0821914673, 22.4001350403, 4.78673171997, 2.74266815186, 23.805267334, 119.18473053, 177.593811035, 26.6201515198, 68.744644165, 104.549026489, 160.051803589, 3.30091643333, 0.998260676861, 0.00645111873746, 7.69722828409e-05, 1.71270721694e-06],
        "max": [1.34482443333, 18.7601203918, 73.2103118896, 60.5813217163, 56.4796524048, 206.584350586, 342.812774658, 274.655975342, 559.312561035, 1288.03930664, 2106.12036133, 1958.38464355, 1927.53491211, 1993.3314209, 2779.98266602, 2216.52416992, 3901.03149414, 1136.02966309, 584.700256348, 834.649597168, 1159.7232666, 813.253662109, 1978.48828125, 434.761566162, 100.180099487, 118.033462524, 73.1219558716, 85.1209335327, 398.496612549, 329.113891602, 755.244812012, 290.347381592, 285.486572266, 361.517913818, 842.702087402, 102.166816711, 29.6553153992, 3.27556419373, 0.602607369423, 0.0750455334783],
        "mean": [0.0228751152754, 0.332273066044, 1.14580070972, 1.20346105099, 2.67866492271, 3.96207261086, 5.2947101593, 7.48227310181, 10.7339096069, 19.1364936829, 27.7462787628, 25.8028316498, 28.0755844116, 52.5126342773, 43.033290863, 30.8799610138, 39.1625823975, 17.6365222931, 19.6882743835, 22.057264328, 19.9423656464, 14.4523992538, 8.45979881287, 4.66480207443, 3.41185712814, 2.04472303391, 1.00225508213, 0.661970078945, 1.62158238888, 1.42780578136, 2.03823018074, 1.10506331921, 1.30941724777, 1.48476612568, 0.842192649841, 0.155054911971, 0.0760250091553, 0.00799755938351, 0.000330425478751, 5.59396248718e-05],
        "median": [4.2919423322e-06, 7.30921383365e-05, 0.00205012806691, 0.0422815270722, 0.343462258577, 0.580481052399, 0.348771721125, 0.820060372353, 1.97451448441, 2.59907627106, 4.47226762772, 4.58831262589, 5.39746236801, 9.67447471619, 8.63324260712, 6.16112852097, 5.76015138626, 4.30156803131, 6.47063398361, 6.11866521835, 4.60572052002, 2.9014840126, 1.65344786644, 0.966592371464, 0.596126616001, 0.261506438255, 0.106791898608, 0.0631390288472, 0.0353227704763, 0.0164663754404, 0.00927493255585, 0.00379622611217, 0.00214535463601, 0.000843901187181, 0.000353884446668, 0.000100589226349, 3.18240490742e-05, 1.05625713331e-05, 7.9313540482e-06, 7.65073855291e-06],
        "min": [1.97996993773e-22, 1.07385582727e-21, 6.87335955699e-21, 1.21560433643e-19, 1.03794280759e-19, 9.20394303312e-20, 2.99825028855e-19, 6.94043514818e-19, 4.65337536326e-19, 5.02142007103e-19, 1.78121350794e-18, 6.78314003386e-19, 1.626462491e-18, 2.15831563663e-18, 3.14959006435e-18, 6.86150908965e-18, 5.27180815944e-18, 5.20676322556e-18, 5.0196677923e-18, 1.09205650056e-17, 4.35214834081e-18, 1.01609782839e-17, 1.39639419773e-17, 1.32865761814e-17, 1.14387167315e-17, 1.19690288397e-17, 1.2214794953e-17, 1.88862109069e-17, 2.19039196371e-17, 2.34828155205e-17, 1.70400728198e-17, 1.63660016843e-17, 1.46393366018e-17, 1.16476551096e-17, 1.18308681707e-17, 5.29331485536e-18, 3.14116068032e-18, 1.13848672736e-18, 3.33378395482e-19, 3.67087310838e-20],
        "var": [0.00716697983444, 0.985960006714, 15.9865121841, 11.8777217865, 29.1269817352, 101.750770569, 308.667114258, 396.753265381, 644.411499023, 2907.83178711, 7219.546875, 7411.88867188, 7382.87402344, 19978.6191406, 13359.0351562, 7297.37011719, 26385.7773438, 1841.83227539, 1421.95751953, 2216.19604492, 2785.50244141, 1435.04650879, 1677.61315918, 109.684822083, 57.0157241821, 25.0447654724, 8.74953651428, 10.9901266098, 234.228393555, 131.62953186, 389.798858643, 90.5910491943, 100.999664307, 121.359169006, 140.272796631, 2.60993862152, 0.630462050438, 0.00663271918893, 4.13969864894e-05, 1.43903241678e-06]
    },
    "gfcc": {
        "mean": [-187.475372314, 105.083747864, -190.465881348, -28.5317687988, -52.1356887817, -11.6310510635, -31.1560668945, -9.5811958313, -19.5097351074, -15.6518192291, -15.2412824631, -8.82420539856, -4.02503252029],
        "cov": [[31010.3515625, 5268.89355469, 1522.74035645, 3361.33276367, 158.451644897, -929.594299316, -1352.9987793, 361.878112793, -464.241546631, 91.7070922852, 133.249008179, -543.582824707, -1153.60791016], [5268.89355469, 7915.85839844, 1342.28845215, 417.999481201, 828.672424316, -1131.04992676, -307.790466309, -471.158966064, 432.643554688, -303.179168701, 77.779335022, -562.274658203, -118.988212585], [1522.74035645, 1342.28845215, 2286.71557617, 1061.86682129, 604.709289551, 378.125701904, 14.3721065521, 204.834014893, 75.5018463135, 153.667419434, 21.6593132019, 38.032459259, -81.0455780029], [3361.33276367, 417.999481201, 1061.86682129, 1298.98693848, 441.107147217, 179.373855591, -204.149963379, 90.4635696411, -41.4426460266, 98.6574478149, -13.2905693054, -70.1804885864, -165.515823364], [158.451644897, 828.672424316, 604.709289551, 441.107147217, 747.781005859, 288.351715088, 32.736618042, -38.782169342, 82.1824188232, 36.6495742798, 61.9314651489, -25.0882511139, 31.3162250519], [-929.594299316, -1131.04992676, 378.125701904, 179.373855591, 288.351715088, 843.410644531, 393.394378662, 94.1566772461, -115.639686584, 60.7232475281, 80.1792297363, 201.424972534, 72.6565093994], [-1352.9987793, -307.790466309, 14.3721065521, -204.149963379, 32.736618042, 393.394378662, 699.28125, 126.738441467, -88.6690063477, -96.8446960449, 63.8613357544, 180.340591431, 106.012619019], [361.878112793, -471.158966064, 204.834014893, 90.4635696411, -38.782169342, 94.1566772461, 126.738441467, 339.906341553, 55.7764778137, 79.679649353, -10.5030479431, 90.8800964355, 11.1949520111], [-464.241546631, 432.643554688, 75.5018463135, -41.4426460266, 82.1824188232, -115.639686584, -88.6690063477, 55.7764778137, 350.656860352, 134.466293335, -8.36091327667, -48.0638427734, 68.2496566772], [91.7070922852, -303.179168701, 153.667419434, 98.6574478149, 36.6495742798, 60.7232475281, -96.8446960449, 79.679649353, 134.466293335, 267.631317139, 103.890312195, 11.079334259, -39.1708335876], [133.249008179, 77.779335022, 21.6593132019, -13.2905693054, 61.9314651489, 80.1792297363, 63.8613357544, -10.5030479431, -8.36091327667, 103.890312195, 251.632781982, 83.4834060669, -45.9007530212], [-543.582824707, -562.274658203, 38.032459259, -70.1804885864, -25.0882511139, 201.424972534, 180.340591431, 90.8800964355, -48.0638427734, 11.079334259, 83.4834060669, 249.47492981, 95.6765594482], [-1153.60791016, -118.988212585, -81.0455780029, -165.515823364, 31.3162250519, 72.6565093994, 106.012619019, 11.1949520111, 68.2496566772, -39.1708335876, -45.9007530212, 95.6765594482, 240.52557373]],
        "icov": [[0.000109139778942, -0.000214742089156, 0.000244646915235, -0.000350367976353, 0.000250521406997, -0.000280404667137, 0.000249658187386, -0.000398246338591, 0.000306426314637, -0.000217684326344, 0.000127793653519, -0.000219915818889, 0.000208602985367], [-0.000214742089156, 0.000954387709498, -0.000962831836659, 0.000776484492235, -0.000948002270889, 0.00148388545495, -0.000836899795104, 0.00122980866581, -0.00119980610907, 0.00148209719919, -0.00116489466745, 0.00118633080274, -0.000473480293294], [0.000244646915235, -0.000962831836659, 0.00182060257066, -0.00140858872328, 0.000620919396169, -0.00151625496801, 0.000753230124246, -0.00148579105735, 0.00102171453182, -0.00158668437507, 0.00133902975358, -0.00149931677151, 0.000759170681704], [-0.000350367976353, 0.000776484492235, -0.00140858872328, 0.00287773273885, -0.00159243016969, 0.000935528893024, -0.000265808455879, 0.000868617731612, -0.000449582730653, 0.000655738811474, -0.000149014595081, 0.000879666826222, 6.68265856802e-05], [0.000250521406997, -0.000948002270889, 0.000620919396169, -0.00159243016969, 0.00374570954591, -0.00256447028369, 0.00105222186539, -0.000811216654256, 1.98788638954e-05, -0.000141497090226, -0.000485291180667, 0.000212553990423, -0.000498913577758], [-0.000280404667137, 0.00148388545495, -0.00151625496801, 0.000935528893024, -0.00256447028369, 0.00525678228587, -0.00277154683135, 0.0022389316, -0.000338349695085, 0.000102815443825, -0.000700428383425, 0.000379775563488, -0.000786589807831], [0.000249658187386, -0.000836899795104, 0.000753230124246, -0.000265808455879, 0.00105222186539, -0.00277154683135, 0.00396077940241, -0.00261637289077, 0.000811941165011, 0.00121226056945, -0.000620938721113, -0.000829860684462, 0.000109181724838], [-0.000398246338591, 0.00122980866581, -0.00148579105735, 0.000868617731612, -0.000811216654256, 0.0022389316, -0.00261637289077, 0.00672604748979, -0.00245897425339, -0.00029351975536, 0.000811746635009, -0.000891652365681, 0.000224361094297], [0.000306426314637, -0.00119980610907, 0.00102171453182, -0.000449582730653, 1.98788638954e-05, -0.000338349695085, 0.000811941165011, -0.00245897425339, 0.00753305805847, -0.00567950401455, 0.00215738103725, -3.62772043445e-05, -0.00186909420881], [-0.000217684326344, 0.00148209719919, -0.00158668437507, 0.000655738811474, -0.000141497090226, 0.000102815443825, 0.00121226056945, -0.00029351975536, -0.00567950401455, 0.0119912074879, -0.00654894299805, 0.00290119135752, 0.000233054175624], [0.000127793653519, -0.00116489466745, 0.00133902975358, -0.000149014595081, -0.000485291180667, -0.000700428383425, -0.000620938721113, 0.000811746635009, 0.00215738103725, -0.00654894299805, 0.0100536020473, -0.00591970793903, 0.00349059910513], [-0.000219915818889, 0.00118633080274, -0.00149931677151, 0.000879666826222, 0.000212553990423, 0.000379775563488, -0.000829860684462, -0.000891652365681, -3.62772043445e-05, 0.00290119135752, -0.00591970793903, 0.0111525533721, -0.00518606975675], [0.000208602985367, -0.000473480293294, 0.000759170681704, 6.68265856802e-05, -0.000498913577758, -0.000786589807831, 0.000109181724838, 0.000224361094297, -0.00186909420881, 0.000233054175624, 0.00349059910513, -0.00518606975675, 0.00876698736101]]
    },
    "melbands": {
        "dmean": [9.87347157206e-05, 0.000150284118718, 6.17978730588e-05, 6.63398459437e-05, 6.08374757576e-05, 5.94145021751e-05, 6.69655419188e-05, 0.000102145466371, 0.000101124227513, 8.09886914794e-05, 6.11455616308e-05, 9.80141849141e-05, 6.63765749778e-05, 4.55734698335e-05, 5.17761873198e-05, 3.64379411621e-05, 1.68475689861e-05, 1.71902847796e-05, 1.25622564155e-05, 1.40982301673e-05, 1.0771072084e-05, 8.04448427516e-06, 6.80405446474e-06, 3.17220428769e-06, 2.00230510927e-06, 1.80232950697e-06, 7.19332092558e-07, 6.74427440117e-07, 3.36398073841e-07, 1.49737672928e-07, 1.36318135446e-07, 1.90889224427e-07, 1.66915611999e-07, 4.13945798527e-07, 5.33322634055e-07, 5.14264741014e-07, 2.02665631832e-07, 4.12489271184e-07, 5.64467541153e-07, 6.3755840074e-07],
        "dmean2": [0.000169439474121, 0.000238678330788, 8.98735088413e-05, 8.9002372988e-05, 8.29493801575e-05, 7.74194631958e-05, 8.59061983647e-05, 0.000150405772729, 0.000140118514537, 0.000118243282486, 8.14187296783e-05, 0.000126114828163, 9.80733821052e-05, 6.59578872728e-05, 7.66207158449e-05, 5.50202057639e-05, 2.58845429926e-05, 2.7412239433e-05, 2.02609317057e-05, 2.15932705032e-05, 1.6988004063e-05, 1.28571946334e-05, 1.11345107143e-05, 5.27075371792e-06, 3.45345642927e-06, 3.08619928546e-06, 1.19080198147e-06, 1.12580300993e-06, 5.57415319236e-07, 2.37696255567e-07, 2.13244931047e-07, 2.50561214443e-07, 2.7043805062e-07, 6.39128813873e-07, 7.24540996089e-07, 7.70938299866e-07, 2.7377529932e-07, 5.8463467667e-07, 7.979002703e-07, 9.84686948868e-07],
        "dvar": [2.78921362451e-07, 3.47209009988e-07, 3.71879025352e-08, 4.15766479023e-08, 5.18805158833e-08, 3.34100498378e-08, 3.03456104689e-08, 1.15033870429e-07, 1.17169214775e-07, 1.09334969522e-07, 3.92054388954e-08, 8.4815845014e-08, 5.02166273009e-08, 1.76946084451e-08, 4.50545201147e-08, 2.56895464901e-08, 2.65074517891e-09, 1.57510016141e-09, 6.73620659253e-10, 1.31672384107e-09, 9.3390251088e-10, 5.07156650009e-10, 4.93196039564e-10, 1.07615374945e-10, 5.02489508336e-11, 2.57469219556e-11, 5.37878162149e-12, 3.52284347527e-12, 1.32782782165e-12, 7.93627370852e-13, 6.78289347432e-13, 7.02472932254e-12, 2.26773461121e-12, 1.90470209049e-11, 5.22048272666e-11, 3.54856560802e-11, 4.38008613754e-12, 1.68694953839e-11, 2.5385369154e-11, 4.2129272293e-11],
        "dvar2": [9.91191654975e-07, 1.12065265512e-06, 9.72368425778e-08, 9.28111205667e-08, 1.20950772953e-07, 7.18088202234e-08, 5.22038590134e-08, 2.71664049478e-07, 2.38442794398e-07, 2.44405811145e-07, 7.33978922085e-08, 1.44005454672e-07, 1.14641949267e-07, 3.8083797449e-08, 1.01253043283e-07, 5.54263159813e-08, 6.1525091688e-09, 3.99201560697e-09, 1.82015857941e-09, 2.64747690437e-09, 2.23746110528e-09, 1.2059160337e-09, 1.14850562394e-09, 2.42898923197e-10, 1.41549993948e-10, 7.57986451383e-11, 1.3591306032e-11, 9.64713031681e-12, 3.61784018542e-12, 1.72206899348e-12, 1.36063014154e-12, 1.1679841122e-11, 6.87839238692e-12, 5.13146192205e-11, 9.13898054455e-11, 6.84934262085e-11, 7.18358272173e-12, 3.90698896846e-11, 5.10042598434e-11, 1.05965687613e-10],
        "max": [0.0178074166179, 0.0264868214726, 0.00987599231303, 0.00949797686189, 0.0116705000401, 0.00733756599948, 0.00814115907997, 0.0144910281524, 0.0157520249486, 0.0129842134193, 0.00947877392173, 0.00900185015053, 0.00763585511595, 0.00466508464888, 0.00712538138032, 0.00624660216272, 0.00258591864258, 0.000926516659092, 0.000967301544733, 0.00255582830869, 0.00203040917404, 0.00136286835186, 0.00158881081734, 0.00102258846164, 0.000422701443313, 0.000117089854029, 0.000143415192724, 6.88921063556e-05, 3.65923297068e-05, 7.24518613424e-05, 6.11986179138e-05, 0.000276163133094, 7.50270628487e-05, 0.000291646341793, 0.000685387349222, 0.000513152510393, 0.000205779841053, 0.000212586019188, 0.000379445322324, 0.000355343829142],
        "mean": [0.000298859871691, 0.000557370251045, 0.000258529005805, 0.000246298237471, 0.000190530918189, 0.000166690399055, 0.000163132674061, 0.000225475640036, 0.000219455483602, 0.000151639193064, 0.000140536096296, 0.000218970424612, 0.000136454196763, 8.80043735378e-05, 8.48275522003e-05, 6.04103915975e-05, 3.10308787448e-05, 2.94723959087e-05, 2.29881570704e-05, 3.49288457073e-05, 2.25050916924e-05, 1.65365854627e-05, 1.22477158584e-05, 5.62350533073e-06, 3.33577190759e-06, 3.06187871502e-06, 1.43300496802e-06, 1.26447991988e-06, 7.05923184796e-07, 3.41454267527e-07, 3.51573049784e-07, 1.07093444512e-06, 4.52084321978e-07, 9.56681788011e-07, 1.16422359042e-06, 1.18821571959e-06, 4.48709101875e-07, 8.52225241488e-07, 1.13292048809e-06, 1.30171292767e-06],
        "median": [3.37764949343e-09, 4.97059282623e-08, 1.42086000778e-05, 4.60059891338e-05, 1.59312567121e-05, 1.75367895281e-05, 2.90163716272e-05, 3.09534589178e-05, 3.69535773643e-05, 2.38514530793e-05, 2.62292505795e-05, 3.25330947817e-05, 1.79009293788e-05, 1.88128869922e-05, 1.42252820297e-05, 7.90722879174e-06, 5.73163515583e-06, 8.08670301922e-06, 8.29727014207e-06, 6.55473377265e-06, 3.61510524272e-06, 2.33278160522e-06, 1.41801729114e-06, 6.77804166571e-07, 4.59965690425e-07, 3.92989221609e-07, 2.09305611065e-07, 1.19374959695e-07, 6.66885284772e-08, 3.05693816927e-08, 2.66245603342e-08, 1.85028987687e-08, 1.3367655427e-08, 5.41960920586e-09, 5.39074251904e-09, 2.36747599303e-09, 1.78827874731e-09, 1.46610612539e-09, 9.91758675184e-10, 5.73284197891e-10],
        "min": [2.1500989701e-24, 2.32184404715e-24, 2.06108181508e-23, 5.24256131682e-24, 9.30575901426e-24, 1.42218731224e-23, 6.78283274465e-24, 7.28776841058e-24, 1.28953301462e-23, 4.15146531627e-24, 8.17492769548e-24, 8.46056160749e-24, 9.24779193722e-24, 1.42057282951e-23, 1.77364977352e-23, 1.06205692622e-23, 9.28039950274e-24, 6.4418468295e-24, 1.55556318093e-23, 8.89905073052e-24, 3.97324309955e-24, 1.03254832188e-23, 1.11515594261e-23, 1.11284615788e-23, 1.08516092664e-23, 1.01878167357e-23, 5.92606117068e-24, 8.92097001963e-24, 6.79231090842e-24, 8.93680719116e-24, 1.20414300259e-23, 1.30391844543e-23, 1.09674740007e-23, 1.42316960184e-23, 9.60703288257e-24, 9.05732304937e-24, 1.10801154494e-23, 1.07257259986e-23, 9.42620860815e-24, 1.01372688955e-23],
        "var": [9.96395556285e-07, 2.69774250228e-06, 4.14653214875e-07, 2.48870463793e-07, 3.44703892097e-07, 1.95596328467e-07, 1.50623350237e-07, 3.89963418002e-07, 4.23163925234e-07, 2.74606776429e-07, 1.8217087927e-07, 3.88569162624e-07, 1.59132397926e-07, 4.72741774615e-08, 9.38685431606e-08, 5.95286167027e-08, 7.66945973396e-09, 3.50978690555e-09, 1.50820234079e-09, 1.23490302428e-08, 5.48017720092e-09, 2.90806245751e-09, 2.12846162917e-09, 5.26144072754e-10, 8.11080161367e-11, 4.98151693507e-11, 1.74730403757e-11, 9.63432285339e-12, 4.21124680267e-12, 3.19689283726e-12, 4.29341935268e-12, 1.14012355112e-10, 8.19800911184e-12, 7.61624097123e-11, 1.73320108265e-10, 1.53685980608e-10, 1.90925626004e-11, 5.33020502735e-11, 8.12220776747e-11, 1.10780828955e-10]
    },
    "mfcc": {
        "mean": [-805.338867188, 135.556686401, -65.1707687378, -20.173034668, -15.4634666443, -14.2243394852, -12.8942451477, -6.34374761581, -5.17807674408, -8.63288402557, -13.6886110306, -10.8743019104, -2.51224851608],
        "cov": [[18085.0019531, 5408.62939453, -600.109741211, 2408.62597656, 313.103240967, -553.823181152, -443.480285645, -244.808837891, -612.526550293, 60.6932144165, 284.505187988, 240.366638184, -361.202362061], [5408.62939453, 6123.92626953, 221.843658447, 1033.86950684, 481.146881104, -188.007720947, -391.079986572, -198.386367798, -128.699981689, 75.5609436035, 77.3006820679, -7.9192943573, -399.426055908], [-600.109741211, 221.843658447, 1541.10791016, 435.159698486, 552.614746094, 468.405761719, 444.31060791, 288.936645508, 238.446014404, 160.374282837, 235.759994507, 131.196548462, 70.7183837891], [2408.62597656, 1033.86950684, 435.159698486, 993.725097656, 419.346710205, 130.159927368, 61.682384491, 43.2648124695, 15.6283683777, 108.836112976, 97.2580947876, 74.1011581421, -32.2503356934], [313.103240967, 481.146881104, 552.614746094, 419.346710205, 718.219055176, 391.272827148, 138.372436523, 36.8803672791, 116.131362915, 165.69569397, 109.125587463, 95.2993164062, 98.8506164551], [-553.823181152, -188.007720947, 468.405761719, 130.159927368, 391.272827148, 594.875549316, 473.611236572, 209.101745605, 80.8742294312, 47.8279953003, 97.8772506714, 90.9945755005, 155.928649902], [-443.480285645, -391.079986572, 444.31060791, 61.682384491, 138.372436523, 473.611236572, 740.280395508, 414.762145996, 43.0963630676, -72.4218444824, 56.3576889038, 133.942810059, 168.053405762], [-244.808837891, -198.386367798, 288.936645508, 43.2648124695, 36.8803672791, 209.101745605, 414.762145996, 442.802581787, 193.669128418, -27.0938777924, 2.20334815979, 71.4915084839, 127.183021545], [-612.526550293, -128.699981689, 238.446014404, 15.6283683777, 116.131362915, 80.8742294312, 43.0963630676, 193.669128418, 405.816741943, 135.958618164, 8.94778156281, -29.6470928192, 65.6855697632], [60.6932144165, 75.5609436035, 160.374282837, 108.836112976, 165.69569397, 47.8279953003, -72.4218444824, -27.0938777924, 135.958618164, 296.239044189, 140.276016235, 42.7887649536, 15.5763111115], [284.505187988, 77.3006820679, 235.759994507, 97.2580947876, 109.125587463, 97.8772506714, 56.3576889038, 2.20334815979, 8.94778156281, 140.276016235, 284.998382568, 151.441116333, 50.9188156128], [240.366638184, -7.9192943573, 131.196548462, 74.1011581421, 95.2993164062, 90.9945755005, 133.942810059, 71.4915084839, -29.6470928192, 42.7887649536, 151.441116333, 322.994018555, 192.835525513], [-361.202362061, -399.426055908, 70.7183837891, -32.2503356934, 98.8506164551, 155.928649902, 168.053405762, 127.183021545, 65.6855697632, 15.5763111115, 50.9188156128, 192.835525513, 339.014587402]],
