{
"lowlevel": {
    "average_loudness": 0.945183098316,
    "barkbands_crest": {
        "dmean": 1.98998105526,
        "dmean2": 3.26927566528,
        "dvar": 6.67395782471,
        "dvar2": 16.2543869019,
        "max": 26.9511642456,
        "mean": 17.7234706879,
        "median": 17.6199131012,
        "min": 3.73821163177,
        "var": 13.8911190033
    },
    "barkbands_flatness_db": {
        "dmean": 0.0398896671832,
        "dmean2": 0.0580348782241,
        "dvar": 0.00212363735773,
        "dvar2": 0.00488693173975,
        "max": 0.868563473225,
        "mean": 0.282721459866,
        "median": 0.264729440212,
        "min": 0.022700926289,
        "var": 0.0123357400298
    },
    "barkbands_kurtosis": {
        "dmean": 220.086105347,
        "dmean2": 416.817077637,
        "dvar": 4069614.75,
        "dvar2": 13731926,
        "max": 46024.515625,
        "mean": 541.712158203,
        "median": 31.2202892303,
        "min": -1.69631719589,
        "var": 17297422
    },
    "barkbands_skewness": {
        "dmean": 1.63808429241,
        "dmean2": 2.64988732338,
        "dvar": 35.1338577271,
        "dvar2": 109.420410156,
        "max": 172.241348267,
        "mean": 7.30095243454,
        "median": 4.8366394043,
        "min": -2.14858961105,
        "var": 333.08581543
    },
    "barkbands_spread": {
        "dmean": 5.28275966644,
        "dmean2": 7.8056807518,
        "dvar": 97.1973266602,
        "dvar2": 212.238494873,
        "max": 100.158607483,
        "mean": 8.98020839691,
        "median": 4.16218280792,
        "min": 0.00723508559167,
        "var": 161.730041504
    },
    "dissonance": {
        "dmean": 0.025140626356,
        "dmean2": 0.0391573272645,
        "dvar": 0.00075181259308,
        "dvar2": 0.00168202072382,
        "max": 0.500000119209,
        "mean": 0.427482694387,
        "median": 0.44284543395,
        "min": 0.0760415196419,
        "var": 0.00309314625338
    },
    "dynamic_complexity": 2.59312343597,
    "erbbands_crest": {
        "dmean": 2.08096528053,
        "dmean2": 3.28022170067,
        "dvar": 6.53438854218,
        "dvar2": 16.750749588,
        "max": 32.6902770996,
        "mean": 9.97177028656,
        "median": 9.28416061401,
        "min": 1.96042978764,
        "var": 20.083032608
    },
    "erbbands_flatness_db": {
        "dmean": 0.0253128986806,
        "dmean2": 0.0363113768399,
        "dvar": 0.00099899363704,
        "dvar2": 0.00198221788742,
        "max": 0.493755787611,
        "mean": 0.161992326379,
        "median": 0.141490519047,
        "min": 0.0295912399888,
        "var": 0.00723705952987
    },
    "erbbands_kurtosis": {
        "dmean": 1.72272372246,
        "dmean2": 2.58056616783,
        "dvar": 8.97555351257,
        "dvar2": 20.1266536713,
        "max": 81.243522644,
        "mean": 1.72216534615,
        "median": 0.0980499982834,
        "min": -1.83421361446,
        "var": 21.9235687256
    },
    "erbbands_skewness": {
        "dmean": 0.480974316597,
        "dmean2": 0.707131922245,
        "dvar": 0.286993503571,
        "dvar2": 0.668653726578,
        "max": 6.69125175476,
        "mean": 1.04962670803,
        "median": 0.961735188961,
        "min": -2.05860471725,
        "var": 1.07252991199
    },
    "erbbands_spread": {
        "dmean": 14.7214584351,
        "dmean2": 21.5204792023,
        "dvar": 352.851654053,
        "dvar2": 715.507507324,
        "max": 184.538742065,
        "mean": 59.5089492798,
        "median": 55.349357605,
        "min": 2.30088090897,
        "var": 1321.50756836
    },
    "hfc": {
        "dmean": 9.41603565216,
        "dmean2": 13.9889812469,
        "dvar": 278.087005615,
        "dvar2": 628.082092285,
        "max": 169.896514893,
        "mean": 21.1650867462,
        "median": 14.9047174454,
        "min": 1.10802040809e-16,
        "var": 435.412841797
    },
    "melbands_crest": {
        "dmean": 2.13313412666,
        "dmean2": 3.49030661583,
        "dvar": 8.8359708786,
        "dvar2": 20.034450531,
        "max": 39.9997367859,
        "mean": 22.4957389832,
        "median": 22.9268074036,
        "min": 1.73191595078,
        "var": 28.9522647858
    },
    "melbands_flatness_db": {
        "dmean": 0.0433999411762,
        "dmean2": 0.0631940215826,
        "dvar": 0.0026805724483,
        "dvar2": 0.00609655119479,
        "max": 0.848649203777,
        "mean": 0.394942998886,
        "median": 0.378050267696,
        "min": 0.0027236121241,
        "var": 0.0136342775077
    },
    "melbands_kurtosis": {
        "dmean": 1204.97900391,
        "dmean2": 2327.33862305,
        "dvar": 121259440,
        "dvar2": 428733056,
        "max": 223607.640625,
        "mean": 1482.66442871,
        "median": 81.318572998,
        "min": -1.33352303505,
        "var": 173427200
    },
    "melbands_skewness": {
        "dmean": 3.6392364502,
        "dmean2": 6.47435808182,
        "dvar": 520.06048584,
        "dvar2": 1819.17321777,
        "max": 460.138916016,
        "mean": 11.0951862335,
        "median": 7.03641605377,
        "min": -0.411223649979,
        "var": 1188.0246582
    },
    "melbands_spread": {
        "dmean": 1.83056461811,
        "dmean2": 2.8752758503,
        "dvar": 23.1317958832,
        "dvar2": 56.0479812622,
        "max": 157.934158325,
        "mean": 3.9864282608,
        "median": 2.45111608505,
        "min": 0.00426975917071,
        "var": 57.3168067932
    },
    "pitch_salience": {
        "dmean": 0.0594413802028,
        "dmean2": 0.0963056907058,
        "dvar": 0.00573500152677,
        "dvar2": 0.0139427036047,
        "max": 0.910647630692,
        "mean": 0.37795060873,
        "median": 0.363820254803,
        "min": 0.000299085630104,
        "var": 0.0153224589303
    },
    "silence_rate_20dB": {
        "dmean": 0.0046174665913,
        "dmean2": 0.00923566892743,
        "dvar": 0.00459703197703,
        "dvar2": 0.0113808326423,
        "max": 1,
        "mean": 0.996178925037,
        "median": 1,
        "min": 0,
        "var": 0.00380685506389
    },
    "silence_rate_30dB": {
        "dmean": 0.0902794376016,
        "dmean2": 0.180573254824,
        "dvar": 0.0821434110403,
        "dvar2": 0.170585334301,
        "max": 1,
        "mean": 0.74685561657,
        "median": 1,
        "min": 0,
        "var": 0.189033940434
    },
    "silence_rate_60dB": {
        "dmean": 0.00111456098966,
        "dmean2": 0.00222929939628,
        "dvar": 0.00111327180639,
        "dvar2": 0.00254285125993,
        "max": 1,
        "mean": 0.0352650843561,
        "median": 0,
        "min": 0,
        "var": 0.034021537751
    },
    "spectral_centroid": {
        "dmean": 206.013656616,
        "dmean2": 323.257202148,
        "dvar": 143662.703125,
        "dvar2": 353182.5,
        "max": 11691.4736328,
        "mean": 591.166625977,
        "median": 371.585510254,
        "min": 118.882347107,
        "var": 471818.84375
    },
    "spectral_complexity": {
        "dmean": 2.21893167496,
        "dmean2": 3.69235658646,
        "dvar": 14.4590272903,
        "dvar2": 37.5227584839,
        "max": 43,
        "mean": 9.65148830414,
        "median": 9,
        "min": 0,
        "var": 22.1753730774
    },
    "spectral_decrease": {
        "dmean": 5.84473136556e-09,
        "dmean2": 9.47388212325e-09,
        "dvar": 1.26823966791e-16,
        "dvar2": 3.19310139412e-16,
        "max": 2.55678244467e-19,
        "mean": -2.13961222073e-08,
        "median": -1.76218879488e-08,
        "min": -1.56921629468e-07,
        "var": 2.47471660499e-16
    },
    "spectral_energy": {
        "dmean": 0.0224981438369,
        "dmean2": 0.0364027768373,
        "dvar": 0.00182770437095,
        "dvar2": 0.00461252592504,
        "max": 0.597022175789,
        "mean": 0.0826733112335,
        "median": 0.0683791041374,
        "min": 9.96298254245e-21,
        "var": 0.00358986505307
    },
    "spectral_energyband_high": {
        "dmean": 0.000772364903241,
        "dmean2": 0.00110712379683,
        "dvar": 2.59809689851e-06,
        "dvar2": 5.75684907744e-06,
        "max": 0.0156272109598,
        "mean": 0.000998773262836,
        "median": 0.000231372541748,
        "min": 7.09153975266e-21,
        "var": 3.7400416204e-06
    },
    "spectral_energyband_low": {
        "dmean": 0.0214551854879,
        "dmean2": 0.0346072651446,
        "dvar": 0.00186534738168,
        "dvar2": 0.0046209464781,
        "max": 0.587619841099,
        "mean": 0.0690080970526,
        "median": 0.054149325937,
        "min": 1.03134396794e-23,
        "var": 0.00349555443972
    },
    "spectral_energyband_middle_high": {
        "dmean": 0.000405371334637,
        "dmean2": 0.000649405643344,
        "dvar": 5.91521711613e-07,
        "dvar2": 1.50808011767e-06,
        "max": 0.00923550035805,
        "mean": 0.000958901597187,
        "median": 0.000672695226967,
        "min": 1.13758649879e-21,
        "var": 9.97420215754e-07
    },
    "spectral_energyband_middle_low": {
        "dmean": 0.00597200961784,
        "dmean2": 0.00992761924863,
        "dvar": 0.000177083842573,
        "dvar2": 0.000406188104535,
        "max": 0.23322878778,
        "mean": 0.0223810244352,
        "median": 0.0123961763456,
        "min": 2.19790481659e-22,
        "var": 0.000475962704513
    },
    "spectral_entropy": {
        "dmean": 0.385780125856,
        "dmean2": 0.552016735077,
        "dvar": 0.22622705996,
        "dvar2": 0.479016184807,
        "max": 9.81215190887,
        "mean": 6.73261642456,
        "median": 6.76660919189,
        "min": 3.57428908348,
        "var": 0.993938207626
    },
    "spectral_flux": {
        "dmean": 0.0506156161427,
        "dmean2": 0.0773285552859,
        "dvar": 0.0037117919419,
        "dvar2": 0.00834563933313,
        "max": 0.543263435364,
        "mean": 0.0884402170777,
        "median": 0.0533716082573,
        "min": 6.27996057934e-11,
        "var": 0.00755676394328
    },
    "spectral_kurtosis": {
        "dmean": 7.10381889343,
        "dmean2": 11.5125398636,
        "dvar": 286.964508057,
        "dvar2": 739.670043945,
        "max": 378.034210205,
        "mean": 18.6678619385,
        "median": 4.18703842163,
        "min": -1.23790824413,
        "var": 1986.92553711
    },
    "spectral_rms": {
        "dmean": 0.00104993931018,
        "dmean2": 0.00169325864408,
        "dvar": 2.98545933219e-06,
        "dvar2": 7.26498592485e-06,
        "max": 0.0241342224181,
        "mean": 0.00840482115746,
        "median": 0.0081676999107,
        "min": 3.11768861595e-12,
        "var": 1.00159013527e-05
    },
    "spectral_rolloff": {
        "dmean": 198.289291382,
        "dmean2": 360.827392578,
        "dvar": 945952.5625,
        "dvar2": 2371770.75,
        "max": 19530.6152344,
        "mean": 329.430267334,
        "median": 150.732421875,
        "min": 21.533203125,
        "var": 1457162.875
    },
    "spectral_skewness": {
        "dmean": 0.584489345551,
        "dmean2": 0.8812084198,
        "dvar": 0.732803344727,
        "dvar2": 1.67902505398,
        "max": 16.4947872162,
        "mean": 2.5910358429,
        "median": 1.76975727081,
        "min": -0.0727096423507,
        "var": 5.58896207809
    },
    "spectral_spread": {
        "dmean": 1082550.625,
        "dmean2": 1490411.25,
        "dvar": 2.29593500877e+12,
        "dvar2": 4.21806525645e+12,
        "max": 41743300,
        "mean": 6077857.5,
        "median": 6039459,
        "min": 234038.90625,
        "var": 1.31194337362e+13
    },
    "spectral_strongpeak": {
        "dmean": 0.198907032609,
        "dmean2": 0.345920860767,
        "dvar": 0.105580605567,
        "dvar2": 0.253805607557,
        "max": 5.07598304749,
        "mean": 0.914119541645,
        "median": 0.844415545464,
        "min": 0,
        "var": 0.237780272961
    },
    "zerocrossingrate": {
        "dmean": 0.0100834490731,
        "dmean2": 0.012261535041,
        "dvar": 0.000251157995081,
        "dvar2": 0.00034039124148,
        "max": 0.5234375,
        "mean": 0.0276227574795,
        "median": 0.0166015625,
        "min": 0,
        "var": 0.00133301515598
    },
    "barkbands": {
        "dmean": [0.000474662258057, 0.0166954975575, 0.00862792972475, 0.00470839673653, 0.00150699552614, 0.000709033105522, 0.000221499823965, 0.000180579692824, 0.000116760442324, 7.93737635831e-05, 4.50079751317e-05, 4.48771861556e-05, 4.0610677388e-05, 3.61911988875e-05, 4.43464523414e-05, 4.08460000472e-05, 6.5172338509e-05, 7.7998280176e-05, 5.13055056217e-05, 5.96456193307e-05, 6.55955664115e-05, 7.5319694588e-05, 0.000143403653055, 0.000109022425022, 0.000187185854884, 0.0001523202518, 4.52264212072e-05],
        "dmean2": [0.000720506359357, 0.025601528585, 0.0142749641091, 0.008086418733, 0.00268451403826, 0.0011155026732, 0.000285266811261, 0.000225025039981, 0.000150505438796, 0.000117756280815, 7.04506310285e-05, 7.11431202944e-05, 6.64252729621e-05, 5.94396733504e-05, 7.23347984604e-05, 6.72481692163e-05, 0.000107072453829, 0.000128642306663, 8.29225828056e-05, 9.6650015621e-05, 0.000103270118416, 0.000113972258987, 0.000215034466237, 0.000162712458405, 0.000266964372713, 0.000222789705731, 7.00977689121e-05],
        "dvar": [1.45546607655e-06, 0.00132993631996, 0.00045869211317, 0.000126263083075, 2.79198666249e-05, 3.39862526744e-06, 1.64024811511e-07, 1.00285369342e-07, 6.55213838741e-08, 1.89263573702e-08, 1.14692246811e-08, 5.82003201188e-09, 8.12050426902e-09, 1.0061532052e-08, 1.63747770898e-08, 1.43139544662e-08, 2.59732217955e-08, 5.26710017823e-08, 1.40198093135e-08, 1.58235096137e-08, 1.71966032525e-08, 2.21693294833e-08, 1.01009497655e-07, 5.60898030244e-08, 1.77166697313e-07, 1.55024167725e-07, 1.1417776058e-08],
        "dvar2": [3.37776077686e-06, 0.00312719587237, 0.00112253474072, 0.000306186935632, 7.82980278018e-05, 7.79896436143e-06, 2.58441389178e-07, 1.38824603368e-07, 9.02825831872e-08, 4.04298958756e-08, 2.68098876433e-08, 1.480666878e-08, 1.80522530258e-08, 2.22933618232e-08, 3.76651101419e-08, 3.30586473751e-08, 6.43004938183e-08, 1.3338944882e-07, 3.13757766435e-08, 3.4077071831e-08, 4.13289207302e-08, 5.11657809454e-08, 2.1524813576e-07, 1.24897141518e-07, 3.76066651597e-07, 3.5461329162e-07, 2.71889799563e-08],
        "max": [0.0192671827972, 0.530249476433, 0.314151495695, 0.190193250775, 0.111227817833, 0.0518844537437, 0.0135623086244, 0.00723270140588, 0.00881016161293, 0.00279618124478, 0.00194368802477, 0.00125924649183, 0.00282830372453, 0.00361729064025, 0.00414311978966, 0.00405355356634, 0.00340733746998, 0.00515872659162, 0.00260344403796, 0.00243066297844, 0.00130061234813, 0.00155610637739, 0.00361381424591, 0.0026548281312, 0.00501033989713, 0.00404109572992, 0.00113327847794],
        "mean": [0.000514343671966, 0.0375048853457, 0.0203284118325, 0.0155619513243, 0.00322341127321, 0.00205655675381, 0.000625774497166, 0.000581170839723, 0.000304699904518, 0.000137622962939, 6.62352467771e-05, 7.87491881056e-05, 8.05924864835e-05, 5.93976146774e-05, 8.96991623449e-05, 6.39034988126e-05, 0.000129032559926, 0.000134743124363, 7.83368377597e-05, 8.48782874527e-05, 8.11843929114e-05, 9.7923220892e-05, 0.000183948679478, 0.000137430455652, 0.000236662177485, 0.000176552770426, 5.50847835257e-05],
        "median": [2.96036414511e-05, 0.0279146917164, 0.00897921342403, 0.00766495335847, 0.00199447013438, 0.000906281522475, 0.00030479329871, 0.000261243025307, 0.000128361396492, 5.83368018852e-05, 1.77823258127e-05, 3.30374095938e-05, 2.6240144507e-05, 1.88438516489e-05, 2.23110837396e-05, 1.72913569259e-05, 3.03718952637e-05, 3.28084643115e-05, 1.92615461856e-05, 2.91819142149e-05, 2.66279002972e-05, 2.17469641939e-05, 3.1247815059e-05, 2.54577462329e-05, 3.40463448083e-05, 1.49963479998e-05, 4.62592879558e-06],
        "min": [1.52039341491e-24, 2.64681450819e-24, 2.07005325405e-24, 3.98991646364e-24, 1.89049364199e-23, 8.84289172267e-24, 1.50301100292e-23, 1.60449432962e-23, 2.56660786451e-23, 1.93574633228e-23, 1.29798573811e-23, 4.07644093654e-23, 2.86781073534e-23, 3.59681287508e-23, 6.6334758162e-23, 6.70333860014e-23, 9.10457881527e-23, 1.23761030028e-22, 1.29835991061e-22, 2.01680797496e-22, 3.30805930218e-22, 3.36876448387e-22, 4.30130889302e-22, 5.86722379074e-22, 8.08739947597e-22, 1.29026867159e-21, 2.09498070803e-21],
        "var": [1.69734789779e-06, 0.00251260725781, 0.000878641731106, 0.000328863039613, 2.3738710297e-05, 7.09746791472e-06, 8.5693221763e-07, 6.09663686646e-07, 2.66451820607e-07, 4.25787938241e-08, 1.91389641913e-08, 1.15797273992e-08, 2.39263489021e-08, 2.57497241307e-08, 4.33345945794e-08, 2.98343216798e-08, 6.59075922727e-08, 8.50496846283e-08, 2.57027839012e-08, 2.98328153292e-08, 2.15174242868e-08, 3.09239354124e-08, 1.42514835488e-07, 7.67183152561e-08, 2.71080693892e-07, 2.07424832865e-07, 1.56598165546e-08]
    },
    "erbbands": {
        "dmean": [0.34913122654, 4.24292087555, 9.48907661438, 13.7851200104, 7.57267093658, 5.13829183578, 6.32589292526, 5.17425966263, 2.85687851906, 2.87650823593, 4.44911003113, 3.02171349525, 1.52473783493, 2.94142174721, 1.43235111237, 1.94874215126, 1.79023361206, 2.06578063965, 1.90214669704, 2.10660982132, 2.42811179161, 3.22637367249, 4.54784059525, 2.67440366745, 2.97317361832, 2.53258514404, 2.2859621048, 2.82877373695, 2.98070287704, 3.01398301125, 4.42936420441, 2.56692576408, 1.73748743534, 1.51084148884, 1.60192680359, 1.04065346718, 0.173250645399, 0.0367222316563, 0.00746972160414, 0.000552483543288],
        "dmean2": [0.523744761944, 6.55489587784, 14.9877500534, 23.5546302795, 13.1315717697, 9.09421253204, 10.4906139374, 7.89426755905, 3.72206664085, 3.84901094437, 5.41790342331, 3.88347816467, 2.29625272751, 4.34120702744, 2.32876825333, 3.07372236252, 2.91230463982, 3.36604619026, 3.21508383751, 3.42257261276, 4.02102708817, 5.30250310898, 7.4417181015, 4.41755199432, 4.72276926041, 4.11852312088, 3.73646974564, 4.32375335693, 4.52330780029, 4.6599779129, 6.64880657196, 3.69558930397, 2.6448135376, 2.31329798698, 2.28002285957, 1.41926813126, 0.267910838127, 0.0571613013744, 0.0115537159145, 0.000859582331032],
        "dvar": [0.615664184093, 88.9903106689, 490.939697266, 1090.34277344, 515.955444336, 309.764678955, 223.640518188, 285.566558838, 26.4402046204, 30.8296585083, 63.3002815247, 50.2432518005, 12.1462154388, 25.0030002594, 14.822716713, 10.2242927551, 16.2365322113, 27.3400630951, 18.1367206573, 32.4143028259, 33.9540138245, 70.4230041504, 207.835403442, 42.9191856384, 46.9188270569, 25.891828537, 23.6980266571, 32.6956825256, 35.4255943298, 44.8498382568, 101.248146057, 26.7990875244, 15.2698745728, 11.3938388824, 14.4729442596, 8.18818092346, 0.171868607402, 0.0076713534072, 0.000333262141794, 1.65929850482e-06],
        "dvar2": [1.35258662701, 211.89730835, 1200.48352051, 2728.96142578, 1329.68395996, 875.803283691, 560.639770508, 625.663696289, 46.7905654907, 52.846496582, 84.1527557373, 68.8330917358, 24.2660179138, 54.1284599304, 37.6403656006, 25.4124526978, 35.2914237976, 59.98878479, 46.6414794922, 77.9549331665, 83.4068603516, 174.333755493, 526.438476562, 101.16934967, 97.5584564209, 60.3108673096, 59.5464324951, 76.8250808716, 83.6981964111, 104.566986084, 214.186248779, 58.2999305725, 33.7863769531, 26.8210334778, 31.2475147247, 17.370382309, 0.420557111502, 0.0182682033628, 0.000798145192675, 4.02080331696e-06],
        "max": [14.9849786758, 143.577636719, 317.614257812, 484.236358643, 544.143981934, 383.103515625, 301.850769043, 562.636169434, 112.806091309, 160.310958862, 195.736175537, 265.831939697, 82.2002639771, 106.849533081, 88.3481521606, 53.6159553528, 112.349517822, 192.868362427, 92.6716308594, 163.673202515, 131.814865112, 220.000976562, 339.230499268, 244.104248047, 170.054153442, 78.4692230225, 57.9881706238, 66.9518127441, 60.3640441895, 109.18573761, 107.242095947, 58.6763954163, 37.3017082214, 36.5974617004, 47.5903778076, 32.6166000366, 4.32372570038, 0.949905574322, 0.290264129639, 0.0212617423385],
        "mean": [0.72559684515, 9.62868499756, 23.4181194305, 45.2568359375, 22.3226737976, 11.2000055313, 18.4478378296, 12.9955320358, 7.97963476181, 8.86381530762, 15.2164363861, 8.19096660614, 2.90950608253, 5.48278045654, 2.1296608448, 3.58549118042, 3.75725317001, 4.01831245422, 3.68537688255, 4.0676035881, 4.8704624176, 5.92447662354, 8.2709980011, 4.26782798767, 4.92492961884, 3.47241330147, 2.87643384933, 3.49864172935, 3.80368614197, 3.59334659576, 5.67659473419, 3.49833035469, 2.03553795815, 1.7053592205, 1.99820637703, 1.27828001976, 0.188083529472, 0.0417136959732, 0.00892560742795, 0.000758484820835],
        "median": [0.397331774235, 7.19784927368, 11.1549119949, 23.9479408264, 10.614025116, 6.82167816162, 7.10092544556, 6.3031334877, 4.5898771286, 4.65645599365, 6.86588048935, 4.76255607605, 1.40673053265, 2.53439426422, 1.0356554985, 1.64441847801, 1.45915746689, 1.71944713593, 1.41250538826, 1.29617035389, 1.56718349457, 1.65769660473, 2.00816488266, 1.21391296387, 1.42741298676, 1.29256248474, 0.907585859299, 1.00110697746, 0.804576516151, 0.7190797925, 0.896401166916, 0.633436322212, 0.360785782337, 0.303728342056, 0.245162904263, 0.0949238091707, 0.0202490091324, 0.00462174229324, 0.000790040998254, 0.000179020746145],
        "min": [7.69508380168e-23, 7.85247998006e-22, 2.77548479003e-21, 1.03288734464e-20, 4.13396403509e-20, 3.99924183958e-20, 8.21705323133e-20, 7.8989744977e-20, 2.4662997424e-19, 2.8525830072e-19, 3.8541666386e-19, 5.37533601695e-19, 5.20150556219e-19, 4.38612157915e-19, 1.25718724866e-18, 1.70689929152e-18, 1.82363939477e-18, 3.07134725701e-18, 3.23115834456e-18, 3.1864554363e-18, 4.42232841193e-18, 5.66636007674e-18, 6.48373694467e-18, 7.57731190068e-18, 9.26386451368e-18, 9.54135134915e-18, 1.04675537528e-17, 1.35725672608e-17, 1.30207790624e-17, 1.37703320832e-17, 1.2947572751e-17, 1.08032972645e-17, 1.06284933215e-17, 8.5425431672e-18, 5.55134433487e-18, 4.58327914757e-18, 2.38075691105e-18, 1.13919479397e-18, 2.64608046921e-19, 3.0741285355e-20],
        "var": [1.19546341896, 162.494293213, 915.529846191, 2246.71630859, 994.909301758, 269.207336426, 542.109802246, 535.753051758, 122.156303406, 151.729492188, 403.901062012, 159.005264282, 26.3042201996, 60.5597572327, 17.0224437714, 22.7150039673, 48.8149833679, 74.6912002563, 37.6789283752, 76.7483825684, 87.263343811, 144.953903198, 352.780914307, 75.6123580933, 107.164611816, 35.9020881653, 30.2447357178, 40.585144043, 47.542678833, 55.1191558838, 144.069595337, 42.6696090698, 18.9856376648, 13.02713871, 22.1154079437, 12.778090477, 0.190583005548, 0.00926044024527, 0.000464519136585, 2.43915519604e-06]
    },
    "gfcc": {
        "mean": [-50.6879196167, 107.74924469, -44.1856994629, 36.606918335, -37.1603736877, 6.77571058273, -30.0994548798, 4.96267127991, -18.041267395, -4.5731010437, -17.2635288239, -7.98928880692, -16.6980953217],
        "cov": [[27756.4863281, -3550.10742188, -184.074066162, 1660.37890625, -1191.10974121, 635.947692871, -1161.19274902, 401.800445557, -699.509033203, 135.130508423, -794.085754395, 71.1332550049, -718.514282227], [-3550.10742188, 4614.36962891, -904.408325195, -909.176269531, 742.377624512, -700.361572266, 489.157958984, -315.35168457, 219.379470825, -350.883117676, 283.094085693, -342.599304199, 171.820541382], [-184.074066162, -904.408325195, 1312.54968262, -71.3780975342, -423.930664062, 442.791107178, -29.7076396942, 75.0116195679, 3.88019657135, 126.534744263, -44.6721191406, 168.215774536, 19.7074298859], [1660.37890625, -909.176269531, -71.3780975342, 759.46081543, 70.1287307739, 71.8704910278, 34.1998710632, 207.048873901, 38.7966270447, 130.228973389, 7.87060642242, 81.5955123901, -10.5955305099], [-1191.10974121, 742.377624512, -423.930664062, 70.1287307739, 741.882019043, -61.8463363647, 174.444396973, 71.534828186, 177.61428833, -0.0902354046702, 133.154541016, -12.62479496, 81.4534301758], [635.947692871, -700.361572266, 442.791107178, 71.8704910278, -61.8463363647, 552.774353027, 39.7086715698, 131.438217163, 27.8470993042, 153.283065796, 17.9449443817, 112.367874146, -3.12000417709], [-1161.19274902, 489.157958984, -29.7076396942, 34.1998710632, 174.444396973, 39.7086715698, 399.372589111, 99.4746704102, 110.05456543, 32.4771575928, 137.092803955, 22.6528224945, 78.0984802246], [401.800445557, -315.35168457, 75.0116195679, 207.048873901, 71.534828186, 131.438217163, 99.4746704102, 231.585800171, 81.8047714233, 87.4929733276, 35.7110939026, 78.037322998, 13.7097101212], [-699.509033203, 219.379470825, 3.88019657135, 38.7966270447, 177.61428833, 27.8470993042, 110.05456543, 81.8047714233, 144.023132324, 50.9557113647, 70.6874465942, 21.7436714172, 43.3476486206], [135.130508423, -350.883117676, 126.534744263, 130.228973389, -0.0902354046702, 153.283065796, 32.4771575928, 87.4929733276, 50.9557113647, 139.875213623, 37.3045349121, 52.9245872498, 4.83586406708], [-794.085754395, 283.094085693, -44.6721191406, 7.87060642242, 133.154541016, 17.9449443817, 137.092803955, 35.7110939026, 70.6874465942, 37.3045349121, 126.840187073, 10.8988389969, 39.2335739136], [71.1332550049, -342.599304199, 168.215774536, 81.5955123901, -12.62479496, 112.367874146, 22.6528224945, 78.037322998, 21.7436714172, 52.9245872498, 10.8988389969, 110.332832336, 22.9714641571], [-718.514282227, 171.820541382, 19.7074298859, -10.5955305099, 81.4534301758, -3.12000417709, 78.0984802246, 13.7097101212, 43.3476486206, 4.83586406708, 39.2335739136, 22.9714641571, 79.5029678345]],
        "icov": [[8.42987356009e-05, -0.000115949049359, 5.28675373062e-05, -0.000242127396632, 7.65012591728e-05, -0.000179372393177, 0.000159683419042, -0.000206836892175, 0.00031797439442, -7.03041077941e-05, 0.000366852618754, -0.000171937339474, 0.000460006558569], [-0.000115949049359, 0.00100132788066, 1.08510303107e-05, 0.00101704150438, -0.000370825058781, 0.000613002863247, -0.000811402162071, 0.000554356374778, -0.00135895132553, 0.00112461205572, -0.00137129658833, 0.00161400542129, -0.00109074020293], [5.28675373062e-05, 1.08510303107e-05, 0.00169810617808, 0.000170197861735, 0.00109159073327, -0.00106859882362, 0.000100663055491, 0.000257347681327, -0.00119200209156, 0.000115213653771, 0.000626115652267, -0.0014861022355, -0.000484150921693], [-0.000242127396632, 0.00101704150438, 0.000170197861735, 0.00339262071066, -0.000683199730702, 0.00133929389995, -0.00099320570007, -0.000863070366904, -0.000634710653685, -0.00100856553763, -0.00108013057616, 0.000930722919293, -0.00142777652945], [7.65012591728e-05, -0.000370825058781, 0.00109159073327, -0.000683199730702, 0.0031506200321, -0.00102128018625, 0.00063228153158, -8.80892694113e-05, -0.002823300194, 0.00119102012832, -0.000558483938221, -0.000827985524666, -0.00076099409489], [-0.000179372393177, 0.000613002863247, -0.00106859882362, 0.00133929389995, -0.00102128018625, 0.0043186545372, -0.00101748644374, -0.00046399171697, 0.000745699508116, -0.00281119346619, -0.000839104293846, -3.17675767292e-05, -1.95071752387e-05], [0.000159683419042, -0.000811402162071, 0.000100663055491, -0.00099320570007, 0.00063228153158, -0.00101748644374, 0.00562053220347, -0.00234820554033, 0.000440209085355, 0.000704924517777, -0.00299357366748, -0.000242802052526, -0.0015000657877], [-0.000206836892175, 0.000554356374778, 0.000257347681327, -0.000863070366904, -8.80892694113e-05, -0.00046399171697, -0.00234820554033, 0.0104811619967, -0.00557287922129, -0.000153667249833, 0.000449382001534, -0.00348134781234, 0.0011571747018], [0.00031797439442, -0.00135895132553, -0.00119200209156, -0.000634710653685, -0.002823300194, 0.000745699508116, 0.000440209085355, -0.00557287922129, 0.0195250660181, -0.00657264515758, -0.000134007088491, 0.000102432190033, -0.000737440306693], [-7.03041077941e-05, 0.00112461205572, 0.000115213653771, -0.00100856553763, 0.00119102012832, -0.00281119346619, 0.000704924517777, -0.000153667249833, -0.00657264515758, 0.0177266206592, -0.00604941602796, 0.000431359250797, 0.000140664182254], [0.000366852618754, -0.00137129658833, 0.000626115652267, -0.00108013057616, -0.000558483938221, -0.000839104293846, -0.00299357366748, 0.000449382001534, -0.000134007088491, -0.00604941602796, 0.0190575458109, -0.00277115218341, 0.00121947668958], [-0.000171937339474, 0.00161400542129, -0.0014861022355, 0.000930722919293, -0.000827985524666, -3.17675767292e-05, -0.000242802052526, -0.00348134781234, 0.000102432190033, 0.000431359250797, -0.00277115218341, 0.0197783317417, -0.00729302735999], [0.000460006558569, -0.00109074020293, -0.000484150921693, -0.00142777652945, -0.00076099409489, -1.95071752387e-05, -0.0015000657877, 0.0011571747018, -0.000737440306693, 0.000140664182254, 0.00121947668958, -0.00729302735999, 0.0229743923992]]
    },
    "melbands": {
        "dmean": [0.00402435893193, 0.00493425037712, 0.00211000419222, 0.000398878502892, 0.000204769006814, 0.000114753551316, 4.62040879938e-05, 3.03485630866e-05, 3.51526905433e-05, 1.83362371899e-05, 7.54301345296e-06, 1.24193738884e-05, 5.05120715388e-06, 5.04130457557e-06, 4.1546659304e-06, 4.43237377112e-06, 4.07016250392e-06, 2.75981551567e-06, 3.59012847184e-06, 3.28608985001e-06, 3.17743956657e-06, 3.62758100891e-06, 4.02232217311e-06, 3.45622720488e-06, 2.12847999137e-06, 1.97896565624e-06, 2.56451994574e-06, 1.51029496465e-06, 1.34795243412e-06, 1.6478516045e-06, 1.66378981703e-06, 1.78637378667e-06, 1.42591147778e-06, 1.88331944173e-06, 2.57343413068e-06, 2.33816490436e-06, 1.34702827381e-06, 1.23933796203e-06, 1.15214004381e-06, 1.32591981128e-06],
        "dmean2": [0.00609509786591, 0.00769477058202, 0.00356540037319, 0.000705268932506, 0.000344597385265, 0.000176307483343, 5.96843128733e-05, 4.02395708079e-05, 4.29033316323e-05, 2.36863088503e-05, 1.14612694233e-05, 1.82815347216e-05, 8.11877725937e-06, 8.06175376056e-06, 6.64554909235e-06, 7.19714353181e-06, 6.60141904518e-06, 4.75852129966e-06, 5.69079747947e-06, 5.34133960173e-06, 5.23094286109e-06, 5.99519080424e-06, 6.51704885968e-06, 5.74519617658e-06, 3.52758524969e-06, 3.17815283779e-06, 4.06237677453e-06, 2.50362609222e-06, 2.25710004997e-06, 2.70411760539e-06, 2.50595257967e-06, 2.75576667264e-06, 2.25017015509e-06, 2.96088774121e-06, 3.95258257413e-06, 3.37074266099e-06, 2.04649290936e-06, 1.91725098375e-06, 1.82969620255e-06, 2.04768548429e-06],
        "dvar": [7.669605111e-05, 0.000110510787636, 2.36342311837e-05, 1.88543231161e-06, 2.51191238476e-07, 1.22697514371e-07, 6.79620359989e-09, 3.32959770866e-09, 3.8344616371e-09, 2.12639506003e-09, 2.74320816063e-10, 4.44954156853e-10, 1.67748592794e-10, 8.61116317141e-11, 6.83961151604e-11, 9.44241976275e-11, 1.29113983394e-10, 3.62868693426e-11, 1.64221913845e-10, 1.06593657512e-10, 6.31396115947e-11, 9.68495006415e-11, 1.87585433298e-10, 7.04759514636e-11, 3.10224450295e-11, 2.5815436594e-11, 3.57370764925e-11, 9.27461666494e-12, 8.47910543861e-12, 1.20222764036e-11, 1.13460473655e-11, 1.28745876807e-11, 8.97424322355e-12, 2.03017307826e-11, 3.69987651627e-11, 2.49776917899e-11, 7.96802034075e-12, 8.29092523802e-12, 6.58601125025e-12, 9.04229729287e-12],
        "dvar2": [0.000178265589057, 0.000267706927843, 5.79231054871e-05, 5.17338594364e-06, 6.6071567062e-07, 2.72127692824e-07, 1.1551112955e-08, 5.63236746132e-09, 5.20455722963e-09, 2.86616885781e-09, 5.73415870342e-10, 9.57772083865e-10, 4.22836321512e-10, 2.23451229742e-10, 1.55311805083e-10, 2.08752390374e-10, 2.74296085845e-10, 9.71164954011e-11, 3.6035049944e-10, 2.38472880332e-10, 1.56442359067e-10, 2.40801378837e-10, 4.68977967572e-10, 1.78474887647e-10, 7.2230069148e-11, 5.22021002813e-11, 7.19364984247e-11, 2.25994674363e-11, 2.13934876758e-11, 2.98806465682e-11, 2.56735310095e-11, 3.07823419532e-11, 2.08326550455e-11, 4.79669255704e-11, 8.23687923424e-11, 4.67887638356e-11, 1.86071696245e-11, 1.7872234942e-11, 1.59545102824e-11, 2.11671773859e-11],
        "max": [0.127591177821, 0.136577099562, 0.070508569479, 0.0294748395681, 0.00937008019537, 0.0113460747525, 0.0022539657075, 0.00184412812814, 0.00146400369704, 0.00175018096343, 0.000409442000091, 0.000467329460662, 0.000251560064498, 0.000175005901838, 0.000137255861773, 0.000380653626053, 0.000442680466222, 7.85707234172e-05, 0.00046771732741, 0.000374926050426, 0.000198760302737, 0.000275070837233, 0.000317416299367, 0.000177941590664, 0.00022728118347, 0.000122662022477, 0.000148687831825, 4.94153609907e-05, 3.71056557924e-05, 3.73442053387e-05, 4.40137882833e-05, 4.26637852797e-05, 3.31401060976e-05, 8.08182812762e-05, 6.19431230007e-05, 6.18496487732e-05, 3.87168183806e-05, 3.01089403365e-05, 2.49274744419e-05, 3.37561723427e-05],
        "mean": [0.00881956424564, 0.0129940472543, 0.0071029542014, 0.000985469087027, 0.00058200804051, 0.000301791471429, 0.000129678359372, 9.56904914347e-05, 0.000119711789011, 4.50691077276e-05, 1.30410762722e-05, 2.27647506108e-05, 7.01785666024e-06, 8.26371251605e-06, 7.77296099841e-06, 9.09867867449e-06, 7.25979998606e-06, 4.58247995994e-06, 7.4859040069e-06, 5.29662429472e-06, 6.16359511696e-06, 6.65353354634e-06, 6.85290842739e-06, 6.3106754169e-06, 3.01588579532e-06, 3.17308195008e-06, 3.76137427338e-06, 1.94048516278e-06, 1.66688846548e-06, 1.94937069864e-06, 2.04648176805e-06, 2.30415776059e-06, 1.70219357187e-06, 2.15017030314e-06, 3.08350740852e-06, 3.32356216859e-06, 1.73706098394e-06, 1.4186127828e-06, 1.31367653466e-06, 1.44243256273e-06],
        "median": [0.0061418581754, 0.00723339617252, 0.00358447618783, 0.000590288662352, 0.000303792243358, 0.000150048130308, 7.0871625212e-05, 5.80904670642e-05, 5.12255064677e-05, 2.13514558709e-05, 5.75366993871e-06, 1.00509996628e-05, 2.33027390095e-06, 3.82447888114e-06, 2.94974734061e-06, 2.7555156521e-06, 2.41355519393e-06, 1.74812350906e-06, 1.45003059515e-06, 1.24732537188e-06, 1.63279628396e-06, 1.54188069246e-06, 1.40333213494e-06, 1.73881380761e-06, 6.69727171498e-07, 7.46650812289e-07, 1.170079031e-06, 6.59657700908e-07, 4.49196932095e-07, 5.99403506385e-07, 4.95535402933e-07, 4.47001355042e-07, 3.41473196386e-07, 3.7846987766e-07, 4.84495558339e-07, 4.71329457241e-07, 3.30024562345e-07, 2.20036426413e-07, 2.33897793578e-07, 2.21908805997e-07],
        "min": [1.49681110841e-24, 1.24169654849e-24, 3.43272586249e-24, 3.96623801471e-24, 2.91943951222e-24, 1.80125856414e-24, 3.73184653496e-24, 2.71409862416e-24, 3.16766662618e-24, 3.27750288546e-24, 2.41793578566e-24, 1.67827297965e-24, 3.27460816037e-24, 4.97287067814e-24, 4.08860217403e-24, 4.47217750615e-24, 4.29198313717e-24, 3.5052730612e-24, 4.03867950607e-24, 4.58835068508e-24, 4.80643522663e-24, 4.73098541421e-24, 6.28225395749e-24, 5.91934756994e-24, 5.67368090127e-24, 4.32445975177e-24, 4.58877430339e-24, 5.37813061326e-24, 5.59874897604e-24, 5.24097452311e-24, 7.52080659946e-24, 6.89060771038e-24, 8.03514548738e-24, 5.69175054917e-24, 6.71356286856e-24, 6.78478438653e-24, 6.16923188345e-24, 6.0775200979e-24, 7.19575804118e-24, 7.06212342611e-24],
        "var": [0.000143726283568, 0.000214400744881, 4.9203990784e-05, 1.97537065105e-06, 4.44104927055e-07, 2.29956484077e-07, 3.34198730911e-08, 1.63544822129e-08, 2.52898590958e-08, 6.56782983555e-09, 5.60660518012e-10, 1.0826386454e-09, 2.08711242733e-10, 1.34252470252e-10, 1.8149803882e-10, 3.13999798385e-10, 3.66550068076e-10, 5.57949970947e-11, 4.69114469492e-10, 2.46610287746e-10, 1.68045230509e-10, 2.23752835704e-10, 2.82813050756e-10, 1.37467009997e-10, 5.48485770691e-11, 6.02985716913e-11, 7.99780033867e-11, 1.18816389019e-11, 1.05641034115e-11, 1.44929979476e-11, 1.51792189929e-11, 1.75387256801e-11, 1.12354439988e-11, 2.3470187599e-11, 4.57675009002e-11, 4.67577712659e-11, 1.07940227936e-11, 1.02526546281e-11, 7.30657721826e-12, 1.01546401496e-11]
    },
    "mfcc": {
        "mean": [-708.950866699, 140.871017456, 50.5784721375, 39.016960144, 18.4181079865, 7.54359292984, 0.776177406311, 5.95877027512, -0.755757153034, 1.49452936649, 1.03443062305, 0.665768861771, -5.32715177536],
        "cov": [[11507.6484375, -2216.56469727, 464.493988037, 749.28527832, 354.170043945, 301.988891602, -23.8304290771, 206.207611084, 28.8003749847, 127.55493927, 53.6119804382, 72.3980331421, -1.55160725117], [-2216.56469727, 3584.93310547, -541.168273926, -81.9310455322, 54.1453704834, -134.200653076, 114.581642151, -6.92165279388, -5.53899240494, -43.1386184692, 47.1853637695, 12.6774377823, -60.529624939], [464.493988037, -541.168273926, 1436.09411621, -244.498123169, -202.198120117, 173.297393799, -0.0187048669904, 69.1617584229, 32.6787071228, 61.4966049194, -12.3108034134, 1.95625925064, 61.0144844055], [749.28527832, -81.9310455322, -244.498123169, 674.884887695, 132.951828003, -35.631980896, 78.2990493774, 99.5176849365, 114.672286987, 80.2479629517, 86.7874908447, 97.5876312256, 77.3116760254], [354.170043945, 54.1453704834, -202.198120117, 132.951828003, 425.462341309, 118.994354248, 57.5398597717, 93.0219650269, 93.7794570923, 71.8981552124, 83.9653320312, 83.2956237793, 73.4254150391], [301.988891602, -134.200653076, 173.297393799, -35.631980896, 118.994354248, 294.36618042, 145.626068115, 119.186408997, 91.1470718384, 117.410446167, 96.1262359619, 85.511177063, 81.8774337769], [-23.8304290771, 114.581642151, -0.0187048669904, 78.2990493774, 57.5398597717, 145.626068115, 251.390945435, 156.727523804, 119.605445862, 122.172843933, 127.895469666, 102.020591736, 90.9086380005], [206.207611084, -6.92165279388, 69.1617584229, 99.5176849365, 93.0219650269, 119.186408997, 156.727523804, 225.323379517, 139.905563354, 106.019874573, 118.765724182, 119.894508362, 84.2112426758], [28.8003749847, -5.53899240494, 32.6787071228, 114.672286987, 93.7794570923, 91.1470718384, 119.605445862, 139.905563354, 167.507675171, 108.452857971, 89.9057006836, 89.4463348389, 91.9455032349], [127.55493927, -43.1386184692, 61.4966049194, 80.2479629517, 71.8981552124, 117.410446167, 122.172843933, 106.019874573, 108.452857971, 162.202514648, 120.733230591, 83.6254653931, 75.1495819092], [53.6119804382, 47.1853637695, -12.3108034134, 86.7874908447, 83.9653320312, 96.1262359619, 127.895469666, 118.765724182, 89.9057006836, 120.733230591, 166.621551514, 120.617584229, 69.6842498779], [72.3980331421, 12.6774377823, 1.95625925064, 97.5876312256, 83.2956237793, 85.511177063, 102.020591736, 119.894508362, 89.4463348389, 83.6254653931, 120.617584229, 150.279602051, 80.7570343018], [-1.55160725117, -60.529624939, 61.0144844055, 77.3116760254, 73.4254150391, 81.8774337769, 90.9086380005, 84.2112426758, 91.9455032349, 75.1495819092, 69.6842498779, 80.7570343018, 125.503364563]],
