{
"lowlevel": {
    "average_loudness": 0.650369226933,
    "barkbands_crest": {
        "dmean": 2.15547180176,
        "dmean2": 3.48941779137,
        "dvar": 6.05055713654,
        "dvar2": 16.4156799316,
        "max": 26.7243537903,
        "mean": 16.0917873383,
        "median": 16.4717292786,
        "min": 2.90961527824,
        "var": 32.1128730774
    },
    "barkbands_flatness_db": {
        "dmean": 0.0278363749385,
        "dmean2": 0.0415051355958,
        "dvar": 0.000810283701867,
        "dvar2": 0.00189097435214,
        "max": 0.688283264637,
        "mean": 0.29380556941,
        "median": 0.283049404621,
        "min": 0.049404438585,
        "var": 0.0115136839449
    },
    "barkbands_kurtosis": {
        "dmean": 10.9815607071,
        "dmean2": 17.6975669861,
        "dvar": 1223.89111328,
        "dvar2": 3024.9362793,
        "max": 1137.98547363,
        "mean": 20.8334903717,
        "median": 4.38545513153,
        "min": -1.94010186195,
        "var": 3334.8449707
    },
    "barkbands_skewness": {
        "dmean": 0.832077980042,
        "dmean2": 1.30882620811,
        "dvar": 1.25745332241,
        "dvar2": 3.05180311203,
        "max": 27.1295814514,
        "mean": 2.5011305809,
        "median": 2.0030298233,
        "min": -20.7328834534,
        "var": 9.67781448364
    },
    "barkbands_spread": {
        "dmean": 2.28334450722,
        "dmean2": 3.58286333084,
        "dvar": 9.32154369354,
        "dvar2": 21.8957309723,
        "max": 102.233795166,
        "mean": 9.80654811859,
        "median": 8.12245941162,
        "min": 0.0415279120207,
        "var": 74.988494873
    },
    "dissonance": {
        "dmean": 0.0323646217585,
        "dmean2": 0.0545995682478,
        "dvar": 0.00101761252154,
        "dvar2": 0.0027897618711,
        "max": 0.499984532595,
        "mean": 0.422742217779,
        "median": 0.435561060905,
        "min": 0.109993442893,
        "var": 0.0029767761007
    },
    "dynamic_complexity": 3.80641651154,
    "erbbands_crest": {
        "dmean": 2.49214911461,
        "dmean2": 3.89285540581,
        "dvar": 5.52115821838,
        "dvar2": 12.7031888962,
        "max": 29.5758590698,
        "mean": 11.5524272919,
        "median": 10.5014476776,
        "min": 3.45375156403,
        "var": 20.8376064301
    },
    "erbbands_flatness_db": {
        "dmean": 0.0232040770352,
        "dmean2": 0.0327051579952,
        "dvar": 0.000619785685558,
        "dvar2": 0.00126651255414,
        "max": 0.488358289003,
        "mean": 0.247804880142,
        "median": 0.245051473379,
        "min": 0.0613032542169,
        "var": 0.00485216360539
    },
    "erbbands_kurtosis": {
        "dmean": 1.31308925152,
        "dmean2": 2.01204490662,
        "dvar": 5.18950653076,
        "dvar2": 12.0523405075,
        "max": 59.6015930176,
        "mean": 2.07201147079,
        "median": 1.18482065201,
        "min": -1.81330502033,
        "var": 15.1419010162
    },
    "erbbands_skewness": {
        "dmean": 0.346212863922,
        "dmean2": 0.530770123005,
        "dvar": 0.129464864731,
        "dvar2": 0.304385662079,
        "max": 6.47906780243,
        "mean": 0.0248908977956,
        "median": 0.00220596697181,
        "min": -7.00238227844,
        "var": 0.981113314629
    },
    "erbbands_spread": {
        "dmean": 3.90885663033,
        "dmean2": 5.90976381302,
        "dvar": 28.5536689758,
        "dvar2": 58.322013855,
        "max": 144.125305176,
        "mean": 19.5702762604,
        "median": 16.0987873077,
        "min": 1.23156487942,
        "var": 198.477523804
    },
    "hfc": {
        "dmean": 4.58479452133,
        "dmean2": 6.85611200333,
        "dvar": 38.8424034119,
        "dvar2": 84.1404647827,
        "max": 173.294281006,
        "mean": 19.9972896576,
        "median": 15.7106723785,
        "min": 1.14700569506e-16,
        "var": 273.215942383
    },
    "melbands_crest": {
        "dmean": 2.70872497559,
        "dmean2": 4.46180152893,
        "dvar": 8.93600273132,
        "dvar2": 24.6316757202,
        "max": 37.6754493713,
        "mean": 20.857421875,
        "median": 20.7140350342,
        "min": 1.6183398962,
        "var": 46.3180847168
    },
    "melbands_flatness_db": {
        "dmean": 0.0300043355674,
        "dmean2": 0.0458621270955,
        "dvar": 0.00100733339787,
        "dvar2": 0.00239443988539,
        "max": 0.877856612206,
        "mean": 0.417172551155,
        "median": 0.409338057041,
        "min": 0.00306822592393,
        "var": 0.0180194023997
    },
    "melbands_kurtosis": {
        "dmean": 9.14601707458,
        "dmean2": 14.7504281998,
        "dvar": 405.317810059,
        "dvar2": 1103.97363281,
        "max": 806.459411621,
        "mean": 19.4669895172,
        "median": 8.39741134644,
        "min": -1.81978750229,
        "var": 956.887634277
    },
    "melbands_skewness": {
        "dmean": 0.773896276951,
        "dmean2": 1.21630001068,
        "dvar": 0.784697830677,
        "dvar2": 2.06798052788,
        "max": 20.7630786896,
        "mean": 3.15192985535,
        "median": 2.69547724724,
        "min": -1.68468117714,
        "var": 4.56136417389
    },
    "melbands_spread": {
        "dmean": 2.71241760254,
        "dmean2": 4.28557109833,
        "dvar": 16.2125930786,
        "dvar2": 41.553943634,
        "max": 161.675094604,
        "mean": 10.9434900284,
        "median": 7.87668228149,
        "min": 0.138536795974,
        "var": 195.392379761
    },
    "pitch_salience": {
        "dmean": 0.0598306208849,
        "dmean2": 0.0971914753318,
        "dvar": 0.00374385225587,
        "dvar2": 0.0100396983325,
        "max": 0.862724602222,
        "mean": 0.353669524193,
        "median": 0.341958224773,
        "min": 0.0265274252743,
        "var": 0.0233224127442
    },
    "silence_rate_20dB": {
        "dmean": 0.00378701812588,
        "dmean2": 0.00757460994646,
        "dvar": 0.00377292139456,
        "dvar2": 0.0103961089626,
        "max": 1,
        "mean": 0.997273564339,
        "median": 1,
        "min": 0,
        "var": 0.00271917972714
    },
    "silence_rate_30dB": {
        "dmean": 0.100280240178,
        "dmean2": 0.200575664639,
        "dvar": 0.0902260318398,
        "dvar2": 0.208241760731,
        "max": 1,
        "mean": 0.646092116833,
        "median": 1,
        "min": 0,
        "var": 0.228663980961
    },
    "silence_rate_60dB": {
        "dmean": 0.00227221078239,
        "dmean2": 0.00454476615414,
        "dvar": 0.00226758955978,
        "dvar2": 0.00497712986544,
        "max": 1,
        "mean": 0.0533171780407,
        "median": 0,
        "min": 0,
        "var": 0.0504698045552
    },
    "spectral_centroid": {
        "dmean": 79.5874710083,
        "dmean2": 121.041534424,
        "dvar": 17881.2285156,
        "dvar2": 35171.34375,
        "max": 11194.5371094,
        "mean": 674.36541748,
        "median": 597.838745117,
        "min": 78.7941360474,
        "var": 209164.421875
    },
    "spectral_complexity": {
        "dmean": 1.65401804447,
        "dmean2": 2.71822452545,
        "dvar": 2.60816645622,
        "dvar2": 6.15407657623,
        "max": 43,
        "mean": 14.2248563766,
        "median": 14,
        "min": 0,
        "var": 41.134513855
    },
    "spectral_decrease": {
        "dmean": 7.56465912133e-09,
        "dmean2": 1.26806982692e-08,
        "dvar": 1.44331965758e-16,
        "dvar2": 4.28848413681e-16,
        "max": 1.63741410753e-15,
        "mean": -2.3288727391e-08,
        "median": -1.88312228033e-08,
        "min": -1.54794577156e-07,
        "var": 3.15635234031e-16
    },
    "spectral_energy": {
        "dmean": 0.0288162231445,
        "dmean2": 0.0482606999576,
        "dvar": 0.0020766700618,
        "dvar2": 0.00616901786998,
        "max": 0.587914526463,
        "mean": 0.0897104367614,
        "median": 0.073111847043,
        "min": 1.04528786446e-20,
        "var": 0.00457818806171
    },
    "spectral_energyband_high": {
        "dmean": 7.39609458833e-05,
        "dmean2": 0.000106286199298,
        "dvar": 9.38991178145e-08,
        "dvar2": 1.48871905026e-07,
        "max": 0.016668703407,
        "mean": 0.000146221820614,
        "median": 1.14841732284e-05,
        "min": 7.59842456136e-21,
        "var": 3.64538124131e-07
    },
    "spectral_energyband_low": {
        "dmean": 0.0278150476515,
        "dmean2": 0.0469287782907,
        "dvar": 0.00209389347583,
        "dvar2": 0.00623103417456,
        "max": 0.575485765934,
        "mean": 0.0701362937689,
        "median": 0.0512313172221,
        "min": 3.04171575299e-23,
        "var": 0.00429264688864
    },
    "spectral_energyband_middle_high": {
        "dmean": 0.00191236904357,
        "dmean2": 0.0028141872026,
        "dvar": 1.38540472108e-05,
        "dvar2": 3.06638903567e-05,
        "max": 0.110136382282,
        "mean": 0.00625144597143,
        "median": 0.00300998147577,
        "min": 1.3785458672e-21,
        "var": 7.24936980987e-05
    },
    "spectral_energyband_middle_low": {
        "dmean": 0.00355469272472,
        "dmean2": 0.00522857671604,
        "dvar": 2.48318829108e-05,
        "dvar2": 5.47539784748e-05,
        "max": 0.116840302944,
        "mean": 0.013560260646,
        "median": 0.0105875656009,
        "min": 4.30605316561e-22,
        "var": 0.000142330900417
    },
    "spectral_entropy": {
        "dmean": 0.148715108633,
        "dmean2": 0.223594784737,
        "dvar": 0.0324091315269,
        "dvar2": 0.0709810331464,
        "max": 9.81077957153,
        "mean": 6.49265766144,
        "median": 6.5489692688,
        "min": 3.89262461662,
        "var": 0.4702899158
    },
    "spectral_flux": {
        "dmean": 0.0350486338139,
        "dmean2": 0.0575227625668,
        "dvar": 0.00221448787488,
        "dvar2": 0.0056852879934,
        "max": 0.550835311413,
        "mean": 0.0945075601339,
        "median": 0.0754844397306,
        "min": 1.02239321176e-10,
        "var": 0.00536399940029
    },
    "spectral_kurtosis": {
        "dmean": 13.7082681656,
        "dmean2": 22.5705718994,
        "dvar": 368.88772583,
        "dvar2": 955.778808594,
        "max": 381.77053833,
        "mean": 39.6472625732,
        "median": 25.8445892334,
        "min": -1.22629749775,
        "var": 2036.06091309
    },
    "spectral_rms": {
        "dmean": 0.00133925233968,
        "dmean2": 0.00220946897753,
        "dvar": 3.25083374264e-06,
        "dvar2": 9.5333725767e-06,
        "max": 0.0239494293928,
        "mean": 0.00862196553499,
        "median": 0.00844562798738,
        "min": 3.19341992086e-12,
        "var": 1.31837414301e-05
    },
    "spectral_rolloff": {
        "dmean": 141.561981201,
        "dmean2": 243.618545532,
        "dvar": 121140.765625,
        "dvar2": 268894.84375,
        "max": 19853.6132812,
        "mean": 761.953796387,
        "median": 452.197265625,
        "min": 43.06640625,
        "var": 5175433
    },
    "spectral_skewness": {
        "dmean": 0.792899370193,
        "dmean2": 1.30349957943,
        "dvar": 0.762433409691,
        "dvar2": 2.01925182343,
        "max": 15.7485647202,
        "mean": 4.20493364334,
        "median": 3.69235134125,
        "min": -0.0404233746231,
        "var": 5.0986161232
    },
    "spectral_spread": {
        "dmean": 544124.3125,
        "dmean2": 831913.875,
        "dvar": 711648870400,
        "dvar2": 1.5169332183e+12,
        "max": 41983596,
        "mean": 2525248,
        "median": 1882135.5,
        "min": 258121.28125,
        "var": 6.35912270643e+12
    },
    "spectral_strongpeak": {
        "dmean": 0.310773789883,
        "dmean2": 0.548675060272,
        "dvar": 0.801710307598,
        "dvar2": 1.99808013439,
        "max": 18.1411418915,
        "mean": 0.706414580345,
        "median": 0.523706912994,
        "min": 0,
        "var": 0.982043206692
    },
    "zerocrossingrate": {
        "dmean": 0.00411479501054,
        "dmean2": 0.00536835705861,
        "dvar": 4.65643061034e-05,
        "dvar2": 5.01098729728e-05,
        "max": 0.81298828125,
        "mean": 0.0300483778119,
        "median": 0.01708984375,
        "min": 0.00146484375,
        "var": 0.00749245611951
    },
    "barkbands": {
        "dmean": [0.00255274958909, 0.0258045941591, 0.00145367661025, 0.000721281860024, 0.000656569725834, 0.000936100434046, 0.000740855699405, 0.00109291507397, 0.00164256198332, 0.000825759605505, 0.0006497874856, 0.000307590584271, 0.000438832415966, 0.000519235851243, 0.000265274255071, 8.48648196552e-05, 7.37885202398e-05, 6.1767292209e-05, 1.93409923668e-05, 8.21766116132e-06, 9.54807546805e-06, 1.84157288459e-05, 1.28522679006e-05, 1.67642119777e-05, 4.58471959064e-06, 3.75015656573e-06, 2.15998898057e-05],
        "dmean2": [0.00409143185243, 0.0436858423054, 0.00249763671309, 0.00124100665562, 0.00103995657992, 0.00141182634979, 0.00105514994357, 0.00159001071006, 0.00231451704167, 0.00124436058104, 0.000960620411206, 0.000468773214379, 0.00068740232382, 0.000796757231001, 0.000428481667768, 0.000132738190587, 0.000113591653644, 9.35410425882e-05, 2.91701253445e-05, 1.22085466501e-05, 1.45230160342e-05, 2.62474695774e-05, 1.78199807124e-05, 2.40031422436e-05, 6.92549065207e-06, 6.37734046904e-06, 3.79878438252e-05],
        "dvar": [2.61355598923e-05, 0.00186190020759, 4.80592507301e-06, 2.3340601274e-06, 1.36797189043e-06, 2.20335550694e-06, 1.97794543055e-06, 5.27417887497e-06, 9.67966934695e-06, 3.08549851979e-06, 1.94162726075e-06, 4.96398627092e-07, 1.60283263995e-06, 3.72413796867e-06, 5.70124313981e-07, 4.07737630326e-08, 6.07634191852e-08, 6.82924365947e-08, 6.19117690448e-09, 1.57561774738e-09, 3.26725024813e-09, 1.05113713289e-08, 6.69582611579e-09, 1.10114450891e-08, 4.55228854612e-10, 5.28521566789e-11, 2.05598338354e-09],
        "dvar2": [6.96390416124e-05, 0.00555262248963, 1.37127481139e-05, 6.35665855953e-06, 3.28368878399e-06, 5.31393334313e-06, 4.29399096902e-06, 1.15242892207e-05, 1.99977966986e-05, 7.41989879316e-06, 4.04757065553e-06, 1.10474468329e-06, 3.89481147067e-06, 8.34655747894e-06, 1.46719435179e-06, 8.49277626003e-08, 1.29039534613e-07, 1.40921116554e-07, 1.39974387636e-08, 3.52421114513e-09, 7.19289028339e-09, 1.85632877958e-08, 1.18290381934e-08, 2.13912532132e-08, 8.94900265003e-10, 1.38462658006e-10, 5.48726175609e-09],
        "max": [0.10119920224, 0.54919219017, 0.0335820354521, 0.0279186461121, 0.0480698086321, 0.0332850590348, 0.0316724404693, 0.0715101063251, 0.0638925135136, 0.0465921163559, 0.0508150346577, 0.0186834074557, 0.0426138006151, 0.0611430518329, 0.0255032628775, 0.00815535429865, 0.0127455126494, 0.0139674767852, 0.00403009727597, 0.00148627290037, 0.00308692385443, 0.00579588580877, 0.00307536683977, 0.00616356637329, 0.00132100493647, 8.50529540912e-05, 0.000294289406156],
        "mean": [0.00686495797709, 0.0592277683318, 0.00398323312402, 0.00131455087103, 0.0015822572168, 0.00229189847596, 0.00173091248143, 0.00238844985142, 0.00363825517707, 0.00173414533492, 0.00113332481124, 0.000627754663583, 0.0010160417296, 0.0010107831331, 0.000502015929669, 0.000162485855981, 0.000155668574735, 0.00013969601423, 5.05756033817e-05, 1.55724046635e-05, 1.87986152014e-05, 3.77039359591e-05, 2.58411364484e-05, 3.06060937874e-05, 8.57348004502e-06, 3.42485463989e-06, 1.56017995323e-05],
        "median": [0.00198735296726, 0.0420058220625, 0.00370934722014, 0.000625406042673, 0.000912280054763, 0.00138171506114, 0.000766536744777, 0.000935927440878, 0.00156062329188, 0.000752357300371, 0.000351982656866, 0.000201336835744, 0.00015856322716, 0.000100854093034, 9.77978852461e-05, 4.78080401081e-05, 2.52032259596e-05, 1.43497172758e-05, 6.14710734226e-06, 1.30475382321e-06, 7.88382067185e-07, 4.01907726655e-07, 2.62101849557e-07, 5.15618751251e-07, 3.01181501072e-07, 2.48237000733e-07, 8.06107181006e-08],
        "min": [9.97164518182e-24, 5.27882722479e-24, 1.39695322961e-23, 2.53800408363e-23, 6.61622816136e-23, 1.1406754509e-22, 3.73665487883e-23, 5.7913428185e-23, 1.15188977131e-22, 4.10617752168e-23, 6.88611199208e-23, 1.95197257001e-22, 3.80189809332e-23, 4.47141759644e-23, 6.05673645295e-23, 1.80941858868e-22, 1.64161020365e-22, 1.41009745089e-22, 2.9025534949e-22, 3.58322004437e-22, 6.9912362274e-22, 4.30932321494e-22, 6.90127932604e-22, 8.81935182927e-22, 8.53964623852e-22, 1.76866159145e-21, 2.24910610502e-21],
        "var": [0.000138660383527, 0.00348001625389, 8.13731912785e-06, 3.552959015e-06, 4.64140975964e-06, 7.27735778128e-06, 7.26976259102e-06, 1.76470475708e-05, 2.965206113e-05, 8.00667112344e-06, 4.90381353302e-06, 1.49108825553e-06, 5.06585320181e-06, 1.07854521048e-05, 1.72847717295e-06, 1.42624813293e-07, 2.48844344242e-07, 3.20654805819e-07, 3.72896806766e-08, 3.84898912742e-09, 8.12997225097e-09, 3.32384111346e-08, 2.14313207181e-08, 3.14362260667e-08, 1.28849442227e-09, 4.94553668851e-11, 1.50392687193e-09]
    },
    "erbbands": {
        "dmean": [1.09478259087, 4.71776008606, 2.88353776932, 1.67795276642, 2.02355480194, 2.26254105568, 5.71180915833, 8.04591369629, 7.4449095726, 16.6815700531, 27.1056194305, 41.2458724976, 26.3160858154, 22.7308959961, 21.5732898712, 12.7916383743, 17.5555362701, 31.883184433, 11.0136852264, 12.6589918137, 3.84387040138, 3.59289932251, 3.34268808365, 1.39951074123, 0.762569069862, 0.374185413122, 0.283750295639, 0.506807029247, 0.647768259048, 0.521867752075, 0.336355984211, 0.462038576603, 0.197466865182, 0.0757604315877, 0.0210703071207, 0.00717810494825, 0.00695165153593, 0.0068739191629, 0.00340663245879, 0.000362259946996],
        "dmean2": [1.85332298279, 7.94793701172, 4.86324501038, 2.89426374435, 3.37453365326, 3.49314618111, 8.85113143921, 12.1426582336, 11.329834938, 23.1288490295, 39.2972602844, 57.6327857971, 38.7417640686, 34.0541000366, 32.1627464294, 19.4288425446, 27.6275253296, 48.2422485352, 17.2531757355, 20.7093143463, 5.81394577026, 5.38110303879, 4.90272951126, 2.11496472359, 1.11811518669, 0.566980063915, 0.418659627438, 0.762845337391, 0.953941583633, 0.71420353651, 0.468199133873, 0.673696398735, 0.289902806282, 0.113380253315, 0.0321979448199, 0.0115903317928, 0.0116319591179, 0.0120162898675, 0.00598395988345, 0.000639973790385],
        "dvar": [3.87491846085, 61.769493103, 19.9037380219, 13.2162446976, 16.1572875977, 19.5079441071, 94.8179168701, 186.826934814, 208.905395508, 1064.93615723, 3378.56030273, 6994.97558594, 2732.58081055, 2707.89038086, 2116.18066406, 852.833068848, 1918.63500977, 16766.6503906, 1486.75012207, 1209.15380859, 114.756332397, 174.480651855, 191.962646484, 35.6415023804, 9.4058008194, 4.12022161484, 3.02226567268, 8.11295795441, 14.328212738, 9.88308906555, 4.82044267654, 7.75466918945, 2.02961468697, 0.170568615198, 0.00519810151309, 0.000280868349364, 0.000175251305336, 0.000202815121156, 5.1338764024e-05, 5.26918597643e-07],
        "dvar2": [12.0102462769, 174.341842651, 54.246509552, 36.4631881714, 42.9568786621, 42.750629425, 239.717071533, 449.548858643, 474.041229248, 2225.97558594, 7394.89648438, 13870.0986328, 6352.38427734, 6835.34033203, 4504.45068359, 1848.39038086, 4919.21582031, 37312.2460938, 3735.64575195, 3228.45483398, 212.157928467, 355.100616455, 383.253082275, 78.0237350464, 18.7572174072, 10.0469150543, 6.63416004181, 17.3849372864, 27.1529712677, 16.2001590729, 9.05687332153, 15.3166942596, 4.3719291687, 0.348235398531, 0.00971350260079, 0.000581203843467, 0.000451205734862, 0.00054116465617, 0.000136426024255, 1.41195221204e-06],
        "max": [22.4491901398, 107.911598206, 61.3338050842, 74.8344955444, 70.5066146851, 206.157318115, 241.216629028, 289.677886963, 396.254943848, 829.682861328, 1962.55285645, 1869.72302246, 2149.64477539, 1881.53820801, 1568.54870605, 983.61151123, 1193.91796875, 4517.55517578, 1680.09851074, 766.757995605, 525.626098633, 819.142333984, 746.00769043, 362.503814697, 191.255722046, 92.7167053223, 118.708457947, 105.596046448, 169.991394043, 165.128692627, 79.3461227417, 169.544631958, 82.3659973145, 24.5244655609, 4.15946817398, 0.772973775864, 0.0877843573689, 0.0880497917533, 0.0450862757862, 0.00478850677609],
        "mean": [2.18977165222, 10.9560966492, 9.00688457489, 3.75738549232, 4.10044813156, 5.66219043732, 12.2723455429, 19.5057754517, 17.8580131531, 39.9102020264, 62.3468780518, 93.2333679199, 63.1732749939, 47.5626907349, 40.8782958984, 30.1451435089, 45.6863327026, 62.9992752075, 24.7110881805, 22.3749675751, 8.70506191254, 8.31810474396, 8.14852809906, 3.87735247612, 2.0405087471, 0.75379639864, 0.561888158321, 0.998129546642, 1.32877910137, 1.06532692909, 0.677275955677, 0.829420030117, 0.355741649866, 0.142029747367, 0.0374687500298, 0.00971339456737, 0.00639247568324, 0.0052880756557, 0.00256273057312, 0.000335024029482],
        "median": [1.06359004974, 8.03161525726, 8.30880355835, 2.37130022049, 2.126704216, 2.98582744598, 6.75101280212, 11.2485961914, 8.70089149475, 18.9395446777, 28.5684070587, 38.4446983337, 31.9842262268, 24.0492286682, 14.9291477203, 11.8351278305, 9.21646118164, 5.46249961853, 5.48323631287, 5.78288173676, 2.42518615723, 1.41092061996, 0.971717119217, 0.535519242287, 0.218578487635, 0.0733329355717, 0.0389379560947, 0.0246268473566, 0.0155303357169, 0.00965738575906, 0.00718173198402, 0.00954537745565, 0.00809372030199, 0.0039894040674, 0.00216307793744, 0.000993200694211, 0.000461883377284, 0.000114984635729, 8.17800391815e-05, 0.00012044095638],
        "min": [4.17108575427e-22, 6.76984373964e-22, 1.33188559032e-20, 4.01477635611e-20, 2.54599394153e-19, 1.40475094497e-19, 5.43098976254e-19, 7.99702241291e-19, 7.74800072347e-19, 9.17786151142e-19, 1.25084204958e-18, 2.56898247983e-18, 1.7025312609e-18, 1.9721360991e-18, 3.893235568e-18, 6.49926808785e-18, 2.49273048942e-18, 2.61055450946e-18, 2.10172841772e-18, 8.10621366588e-18, 8.04804218931e-18, 9.77932293957e-18, 8.79862835868e-18, 1.18538720635e-17, 1.428008379e-17, 1.63879302423e-17, 2.93727534178e-17, 2.19697202004e-17, 1.76637124078e-17, 2.04226509182e-17, 1.88751349585e-17, 1.64354517685e-17, 1.48169604035e-17, 8.88009903157e-18, 6.64953123639e-18, 5.54531832411e-18, 3.76449565901e-18, 1.16316690171e-18, 3.20841620269e-19, 3.55861080521e-20],
        "var": [7.63854837418, 123.304862976, 37.5336380005, 18.6838226318, 32.3671455383, 79.4069671631, 310.061584473, 590.442016602, 756.356506348, 3928.68066406, 11522.2880859, 21619.1835938, 9012.54199219, 6289.45947266, 5383.55761719, 3261.19873047, 8232.61035156, 47593.3789062, 5460.72216797, 2345.22998047, 483.005187988, 754.573608398, 977.391174316, 246.526580811, 62.2603530884, 8.06062316895, 6.8835515976, 21.7815551758, 42.4407691956, 33.2465171814, 14.651143074, 21.9688777924, 4.86002349854, 0.437778264284, 0.0175884161144, 0.000743473763578, 0.000161512973136, 0.000153036147822, 3.82586731575e-05, 3.83797498671e-07]
    },
    "gfcc": {
        "mean": [-81.3703918457, 177.334106445, -83.4781036377, -14.0353317261, -20.5270023346, 12.0821819305, -10.011177063, 12.2848768234, 2.18976569176, -1.60979616642, -1.22060954571, -2.89291596413, -2.35649895668],
        "cov": [[21037.9355469, 216.861343384, -2326.97851562, 1251.06298828, -675.722106934, 1265.67602539, -173.798828125, 676.561035156, 250.698394775, 78.9939117432, -289.710662842, 158.749389648, -309.427398682], [216.861343384, 3016.57592773, -254.11656189, -412.372467041, 670.968566895, -198.228912354, 165.649902344, -49.7314796448, 110.979400635, 36.6661682129, 203.503463745, -143.090332031, 182.470672607], [-2326.97851562, -254.11656189, 1956.33532715, -209.794631958, 34.9712219238, -23.5135040283, 68.8100814819, 25.9477100372, -48.9896087646, 43.4763832092, 44.4016227722, 83.0977554321, -19.5325336456], [1251.06298828, -412.372467041, -209.794631958, 723.828308105, -334.210510254, 188.739776611, -10.8704805374, 37.1645278931, 53.2491531372, -33.4364356995, -19.4651679993, -0.402081310749, -13.745973587], [-675.722106934, 670.968566895, 34.9712219238, -334.210510254, 805.259887695, -98.3463134766, 153.17590332, -3.6043241024, 81.5523147583, 97.2153549194, 49.2905731201, -47.3627319336, 71.1290817261], [1265.67602539, -198.228912354, -23.5135040283, 188.739776611, -98.3463134766, 369.904418945, 22.3109741211, 18.9274635315, 80.9703674316, 39.799331665, -12.7958917618, -0.918002784252, -4.5465798378], [-173.798828125, 165.649902344, 68.8100814819, -10.8704805374, 153.17590332, 22.3109741211, 272.990447998, 37.1556930542, 41.4349327087, 32.432800293, 31.0944671631, -11.9907836914, 15.7046766281], [676.561035156, -49.7314796448, 25.9477100372, 37.1645278931, -3.6043241024, 18.9274635315, 37.1556930542, 226.385162354, 7.83185529709, -43.970199585, -8.83292770386, 14.7761068344, -26.8626708984], [250.698394775, 110.979400635, -48.9896087646, 53.2491531372, 81.5523147583, 80.9703674316, 41.4349327087, 7.83185529709, 156.82522583, 46.7002487183, 0.43515637517, -10.8232488632, 35.4535484314], [78.9939117432, 36.6661682129, 43.4763832092, -33.4364356995, 97.2153549194, 39.799331665, 32.432800293, -43.970199585, 46.7002487183, 119.742500305, 20.9500675201, -9.05061721802, 20.4347476959], [-289.710662842, 203.503463745, 44.4016227722, -19.4651679993, 49.2905731201, -12.7958917618, 31.0944671631, -8.83292770386, 0.43515637517, 20.9500675201, 109.37386322, 7.52860212326, 12.6973781586], [158.749389648, -143.090332031, 83.0977554321, -0.402081310749, -47.3627319336, -0.918002784252, -11.9907836914, 14.7761068344, -10.8232488632, -9.05061721802, 7.52860212326, 93.4110488892, -0.282493472099], [-309.427398682, 182.470672607, -19.5325336456, -13.745973587, 71.1290817261, -4.5465798378, 15.7046766281, -26.8626708984, 35.4535484314, 20.4347476959, 12.6973781586, -0.282493472099, 109.327812195]],
        "icov": [[0.000127341409097, -0.000145890691783, 0.000144467296195, -0.000137715091114, 3.52270872099e-05, -0.000375752279069, 0.00011935699149, -0.000383814243833, 0.000155221001478, -0.000467615347588, 0.000475759501569, -0.000543127942365, 0.000442813383415], [-0.000145890691783, 0.000747815938666, -9.55822106334e-05, 0.000377803808078, -0.000271006545518, 0.000555631297175, -0.00020531762857, 0.000466621015221, -0.000523462891579, 0.00104476965498, -0.00155270379037, 0.00141031143721, -0.00112858973444], [0.000144467296195, -9.55822106334e-05, 0.000742743315641, 4.72563915537e-05, 7.38967428333e-05, -0.000448191567557, -3.61637103197e-05, -0.000520455883816, 0.000319475278957, -0.000756346969865, 0.000302293949062, -0.00100078457035, 0.000517724314705], [-0.000137715091114, 0.000377803808078, 4.72563915537e-05, 0.00232925103046, 0.000774137559347, -0.000222719754674, -0.000430593790952, 0.000240534893237, -0.00106284033973, 0.00109467247967, -0.00109216757119, 0.001146163675, -0.000841131608468], [3.52270872099e-05, -0.000271006545518, 7.38967428333e-05, 0.000774137559347, 0.00227133906446, 0.000322325824527, -0.000754567154218, -0.000456260167994, -0.00073456694372, -0.00132271833718, 0.00016757164849, 0.0003649192804, -0.000338573445333], [-0.000375752279069, 0.000555631297175, -0.000448191567557, -0.000222719754674, 0.000322325824527, 0.00484500592574, -0.000581247673836, 0.000839568441734, -0.00209504226223, 0.000112655747216, -0.00124918215442, 0.00175688799936, -0.00100939744152], [0.00011935699149, -0.00020531762857, -3.61637103197e-05, -0.000430593790952, -0.000754567154218, -0.000581247673836, 0.00464103138074, -0.00118224532343, -0.000208058219869, -0.000948611355852, -0.000360071397154, -0.000178322894499, 0.000415620743297], [-0.000383814243833, 0.000466621015221, -0.000520455883816, 0.000240534893237, -0.000456260167994, 0.000839568441734, -0.00118224532343, 0.00651769014075, -0.00129285862204, 0.00395445339382, -0.00126969593111, 0.00076095078839, 4.7389107749e-06], [0.000155221001478, -0.000523462891579, 0.000319475278957, -0.00106284033973, -0.00073456694372, -0.00209504226223, -0.000208058219869, -0.00129285862204, 0.00983421877027, -0.00348639674485, 0.00196555047296, -0.000930743757635, -0.00142869667616], [-0.000467615347588, 0.00104476965498, -0.000756346969865, 0.00109467247967, -0.00132271833718, 0.000112655747216, -0.000948611355852, 0.00395445339382, -0.00348639674485, 0.0143467076123, -0.00417143804953, 0.00297160632908, -0.00215040007606], [0.000475759501569, -0.00155270379037, 0.000302293949062, -0.00109216757119, 0.00016757164849, -0.00124918215442, -0.000360071397154, -0.00126969593111, 0.00196555047296, -0.00417143804953, 0.0136242210865, -0.00450183311477, 0.00198183045723], [-0.000543127942365, 0.00141031143721, -0.00100078457035, 0.001146163675, 0.0003649192804, 0.00175688799936, -0.000178322894499, 0.00076095078839, -0.000930743757635, 0.00297160632908, -0.00450183311477, 0.0152751393616, -0.0035687899217], [0.000442813383415, -0.00112858973444, 0.000517724314705, -0.000841131608468, -0.000338573445333, -0.00100939744152, 0.000415620743297, 4.7389107749e-06, -0.00142869667616, -0.00215040007606, 0.00198183045723, -0.0035687899217, 0.0130160814151]]
    },
    "melbands": {
        "dmean": [0.00824455264956, 0.00304637826048, 0.000303372449707, 0.000126668208395, 0.000180401766556, 0.000178913440323, 0.000123315563542, 0.000187527955859, 0.000236180683714, 0.000243027476245, 0.000134110319777, 9.57162483246e-05, 9.45122519624e-05, 3.58548095392e-05, 2.96850703307e-05, 5.75819867663e-05, 5.48751522729e-05, 1.79015005415e-05, 1.59702140081e-05, 1.22902292787e-05, 4.3141039896e-06, 4.24367090091e-06, 3.75719150725e-06, 3.00332953884e-06, 1.05489141333e-06, 6.59961983729e-07, 4.19190769207e-07, 2.31353084246e-07, 1.7866170765e-07, 2.06179706197e-07, 3.55435389565e-07, 3.7697333255e-07, 3.79100384862e-07, 2.8431179544e-07, 1.88332307971e-07, 2.64703857056e-07, 3.05194959083e-07, 1.61244386732e-07, 8.9456911212e-08, 5.97019891302e-08],
        "dmean2": [0.0139543479308, 0.00510661862791, 0.000519552035257, 0.000201600007131, 0.000278412480839, 0.000270294753136, 0.00018454939709, 0.00026287775836, 0.000336894474458, 0.000342007057043, 0.000198225592612, 0.00014404275862, 0.00014033318439, 5.48766984139e-05, 4.60565388494e-05, 8.83179454831e-05, 8.32712903502e-05, 2.84020989056e-05, 2.589340329e-05, 2.01207803912e-05, 6.52168819215e-06, 6.55935536997e-06, 5.59299269298e-06, 4.43038334197e-06, 1.61682532962e-06, 9.9205647075e-07, 6.1404165308e-07, 3.61636182333e-07, 2.70368786914e-07, 3.11719304591e-07, 5.51961477413e-07, 5.62954596717e-07, 5.64556557947e-07, 3.97595073309e-07, 2.67683361699e-07, 3.96636693267e-07, 4.49875159347e-07, 2.41004840973e-07, 1.37160142799e-07, 8.97466634342e-08],
        "dvar": [0.000199944974156, 2.44325110543e-05, 3.75124017182e-07, 5.3966576985e-08, 9.34383947993e-08, 8.79290382727e-08, 5.26558601166e-08, 1.14835643217e-07, 2.15048430618e-07, 2.25991527714e-07, 7.11418053356e-08, 5.18297369467e-08, 4.43725056698e-08, 7.42000461074e-09, 4.02645916608e-09, 4.10391614025e-08, 4.76547334927e-08, 3.69093799968e-09, 1.52763124373e-09, 1.02265118596e-09, 1.90270577072e-10, 2.54548965239e-10, 1.80944675909e-10, 2.75930556182e-10, 1.75564909832e-11, 7.94522433956e-12, 3.18753834092e-12, 2.35399416973e-12, 9.76266485188e-13, 1.83627245354e-12, 4.13649756809e-12, 4.52167470133e-12, 5.75916874954e-12, 3.13205581262e-12, 1.46503544973e-12, 3.04990060984e-12, 3.24132474333e-12, 1.37729248579e-12, 3.90995531308e-13, 8.21145180931e-14],
        "dvar2": [0.000607048976235, 6.67628701194e-05, 1.02641672584e-06, 1.35678774882e-07, 2.30972986515e-07, 2.12611922734e-07, 1.1925151e-07, 2.42540949102e-07, 4.60668530877e-07, 4.58965587313e-07, 1.65386751405e-07, 1.31432287276e-07, 9.36139414875e-08, 1.66484017683e-08, 9.99132687696e-09, 9.24994623119e-08, 1.06049682813e-07, 9.23389720242e-09, 3.94234156431e-09, 2.69057043312e-09, 3.69118624555e-10, 5.59177593118e-10, 3.66059987877e-10, 5.41574285418e-10, 4.13570185043e-11, 1.69470860956e-11, 6.33249659307e-12, 5.94846437732e-12, 2.13954570207e-12, 4.06103145903e-12, 9.19025012341e-12, 8.69841091516e-12, 1.14859450076e-11, 5.62968855561e-12, 2.81032749155e-12, 6.64218203009e-12, 6.42386534591e-12, 3.04093447472e-12, 8.91054211753e-13, 1.69459471412e-13],
        "max": [0.168341651559, 0.0713895335793, 0.0109923286363, 0.0072227222845, 0.00811845809221, 0.00588190089911, 0.00626471359283, 0.00961443036795, 0.0148954251781, 0.0101482775062, 0.0104597918689, 0.00812509283423, 0.00753144500777, 0.00205537537113, 0.00229069474153, 0.00731117883697, 0.00756598776206, 0.00267620733939, 0.000950981921051, 0.00066136935493, 0.00068950059358, 0.00113067042548, 0.000702445569914, 0.00105151114985, 0.000195042957785, 0.00017811600992, 7.94210645836e-05, 7.43971977499e-05, 6.02522850386e-05, 8.35579630802e-05, 7.08784427843e-05, 7.78586836532e-05, 0.000152709151735, 6.85738341417e-05, 4.42195741925e-05, 7.68904355937e-05, 0.000114073598525, 6.52079106658e-05, 3.93099835492e-05, 1.46150368892e-05],
        "mean": [0.0180722568184, 0.00842539314181, 0.000689751759637, 0.000312587188091, 0.00040923061897, 0.000437192851678, 0.000295718637062, 0.00044541087118, 0.000546008930542, 0.000542948604561, 0.000301844556816, 0.000192155726836, 0.000167415273609, 7.06986320438e-05, 8.50555952638e-05, 0.000123975885799, 0.000106198873254, 3.64026818716e-05, 2.97416936519e-05, 2.14153969864e-05, 8.86815178092e-06, 8.81455980561e-06, 7.93164144852e-06, 6.99630618328e-06, 2.63275660473e-06, 1.68079725427e-06, 9.36439221277e-07, 3.89842313098e-07, 3.29185667169e-07, 3.84989334634e-07, 6.5944641392e-07, 7.44676469822e-07, 7.40623136153e-07, 5.35457672868e-07, 3.52636504886e-07, 4.69703763883e-07, 5.21788479091e-07, 2.75025087149e-07, 1.48996235794e-07, 1.08060959292e-07],
        "median": [0.0108449691907, 0.00685070920736, 0.000450677238405, 0.00017255046987, 0.00024633196881, 0.000255543272942, 0.000146352336742, 0.00022231892217, 0.000267065595835, 0.000223791852477, 0.000139592506457, 9.13061958272e-05, 5.29678873136e-05, 2.24565701501e-05, 2.39526452788e-05, 1.47594164446e-05, 8.48896615935e-06, 7.31033196644e-06, 7.24690107745e-06, 5.49706146558e-06, 1.70669738964e-06, 1.31217097987e-06, 8.97916436315e-07, 6.44760348223e-07, 3.3675701161e-07, 1.8668727364e-07, 7.35354959147e-08, 3.43175798889e-08, 2.29167120835e-08, 1.64732973928e-08, 1.06096003094e-08, 8.46980618974e-09, 5.98624394499e-09, 4.85351447921e-09, 3.57988305666e-09, 4.35065938831e-09, 5.76968073318e-09, 5.50327428073e-09, 3.52900508815e-09, 2.60753774128e-09],
        "min": [3.43586079572e-24, 4.5869469071e-24, 1.42530205064e-23, 1.64060317537e-23, 1.44922804412e-23, 2.02948430706e-23, 1.05228743611e-23, 1.18076700293e-23, 1.1773326181e-23, 1.61169031879e-23, 8.08587239903e-24, 7.50734705469e-24, 1.13264254341e-23, 1.92905915838e-23, 1.20024571418e-23, 4.59142487603e-24, 4.74786585429e-24, 2.8238786771e-24, 6.42480230636e-24, 1.32826253519e-23, 8.08433017596e-24, 1.02035900095e-23, 8.55191485576e-24, 7.01800085796e-24, 9.4237962715e-24, 1.24335980255e-23, 9.49802808268e-24, 9.91282455729e-24, 2.03769698017e-23, 1.63214674424e-23, 9.53720212638e-24, 8.54160207714e-24, 1.0519665275e-23, 1.23650160361e-23, 1.02700570628e-23, 9.96657675051e-24, 1.08733636836e-23, 1.13114276106e-23, 8.87595603865e-24, 6.6075348353e-24],
        "var": [0.000394715636503, 4.85236523673e-05, 5.61646174901e-07, 1.71765194068e-07, 3.05746198137e-07, 2.85110388631e-07, 1.9162598619e-07, 4.17209435e-07, 7.55639803174e-07, 6.95301707765e-07, 2.2746772288e-07, 1.17008774225e-07, 1.10090638827e-07, 2.05478052351e-08, 2.5588198227e-08, 1.2223229362e-07, 1.3565197321e-07, 1.31260895486e-08, 4.13009049183e-09, 2.0459429706e-09, 7.09000802512e-10, 9.33300881023e-10, 7.55239148997e-10, 1.36370992276e-09, 1.03903427529e-10, 4.20450722849e-11, 1.50407620386e-11, 3.40515116104e-12, 2.11548422009e-12, 4.60045977008e-12, 9.96542345172e-12, 1.28855242448e-11, 1.5861610636e-11, 9.32849110458e-12, 4.12847750778e-12, 7.52464410225e-12, 8.91976510015e-12, 3.13020681424e-12, 7.8998824626e-13, 2.11114925455e-13]
    },
    "mfcc": {
        "mean": [-733.937744141, 221.544830322, 9.23069286346, 1.3884832859, 13.975728035, 6.34120893478, 6.3892083168, 15.2709703445, 10.8024463654, 11.3632993698, 11.2772264481, 4.59719944, 3.08761715889],
        "cov": [[12090.9794922, -93.1944274902, -1859.6652832, -69.6413955688, -102.361564636, 160.646392822, -217.000762939, 517.422302246, 166.046768188, 142.103530884, 375.295532227, 30.1687984467, -175.821487427], [-93.1944274902, 2992.19726562, -509.191589355, -159.768692017, 380.421295166, -16.6000556946, 297.018127441, 26.4403209686, 181.478775024, 217.402938843, 69.1598205566, 67.0840072632, 108.514938354], [-1859.6652832, -509.191589355, 1789.10571289, 117.050689697, -112.493988037, 48.569316864, -6.57362794876, 6.77851867676, -70.7460861206, -99.0242462158, -56.1966362, 25.2054347992, 91.1115722656], [-69.6413955688, -159.768692017, 117.050689697, 355.848266602, -0.348291277885, 5.03097915649, 25.5726585388, 36.6794090271, 0.849127173424, -4.10178375244, 13.8757133484, 3.7231464386, 14.4439792633], [-102.361564636, 380.421295166, -112.493988037, -0.348291277885, 331.033355713, 27.078414917, 46.6965255737, -6.83286333084, 67.814453125, 64.375831604, -5.33108472824, 29.4441928864, 26.8756656647], [160.646392822, -16.6000556946, 48.569316864, 5.03097915649, 27.078414917, 333.162414551, 24.1117019653, -61.0430450439, 61.020690918, 50.4880599976, 17.9914703369, 42.5554275513, 4.06372356415], [-217.000762939, 297.018127441, -6.57362794876, 25.5726585388, 46.6965255737, 24.1117019653, 210.037704468, 32.5888214111, 27.9191036224, 52.3851737976, 25.5664024353, 24.354467392, 10.4541015625], [517.422302246, 26.4403209686, 6.77851867676, 36.6794090271, -6.83286333084, -61.0430450439, 32.5888214111, 212.584335327, 29.7466526031, 6.02031755447, 51.4248046875, -9.5136680603, 4.02127408981], [166.046768188, 181.478775024, -70.7460861206, 0.849127173424, 67.814453125, 61.020690918, 27.9191036224, 29.7466526031, 171.102462769, 72.637802124, -9.50800132751, 23.039691925, 18.6786460876], [142.103530884, 217.402938843, -99.0242462158, -4.10178375244, 64.375831604, 50.4880599976, 52.3851737976, 6.02031755447, 72.637802124, 146.331817627, 31.5168838501, 7.36345481873, 9.27450466156], [375.295532227, 69.1598205566, -56.1966362, 13.8757133484, -5.33108472824, 17.9914703369, 25.5664024353, 51.4248046875, -9.50800132751, 31.5168838501, 117.5573349, 8.53453159332, -13.2027626038], [30.1687984467, 67.0840072632, 25.2054347992, 3.7231464386, 29.4441928864, 42.5554275513, 24.354467392, -9.5136680603, 23.039691925, 7.36345481873, 8.53453159332, 93.526222229, 14.5861110687], [-175.821487427, 108.514938354, 91.1115722656, 14.4439792633, 26.8756656647, 4.06372356415, 10.4541015625, 4.02127408981, 18.6786460876, 9.27450466156, -13.2027626038, 14.5861110687, 98.27784729]],
