{
"lowlevel": {
    "average_loudness": 0.637405276299,
    "barkbands_crest": {
        "dmean": 2.07451581955,
        "dmean2": 3.36776447296,
        "dvar": 3.97451448441,
        "dvar2": 10.1867189407,
        "max": 26.0628585815,
        "mean": 8.71874332428,
        "median": 8.05581092834,
        "min": 2.5987970829,
        "var": 11.7232542038
    },
    "barkbands_flatness_db": {
        "dmean": 0.0213877595961,
        "dmean2": 0.0318563021719,
        "dvar": 0.00048319043708,
        "dvar2": 0.0010352571262,
        "max": 0.528612971306,
        "mean": 0.181648105383,
        "median": 0.174843966961,
        "min": 0.0276197399944,
        "var": 0.00443585589528
    },
    "barkbands_kurtosis": {
        "dmean": 2.29553198814,
        "dmean2": 3.62051296234,
        "dvar": 20.8865203857,
        "dvar2": 49.9094429016,
        "max": 122.331130981,
        "mean": 3.58926415443,
        "median": 0.962197303772,
        "min": -1.89080417156,
        "var": 62.6789321899
    },
    "barkbands_skewness": {
        "dmean": 0.432402461767,
        "dmean2": 0.667539060116,
        "dvar": 0.228534951806,
        "dvar2": 0.522286355495,
        "max": 8.53334522247,
        "mean": 1.14127480984,
        "median": 0.980969488621,
        "min": -3.27695322037,
        "var": 1.18346059322
    },
    "barkbands_spread": {
        "dmean": 3.38786792755,
        "dmean2": 5.19877815247,
        "dvar": 12.1968021393,
        "dvar2": 27.4959220886,
        "max": 77.3998794556,
        "mean": 17.1534729004,
        "median": 15.078909874,
        "min": 0.372427076101,
        "var": 116.105567932
    },
    "dissonance": {
        "dmean": 0.0270619429648,
        "dmean2": 0.0453438088298,
        "dvar": 0.000787763681728,
        "dvar2": 0.00218449626118,
        "max": 0.500000059605,
        "mean": 0.441828429699,
        "median": 0.453163415194,
        "min": 0.0817239508033,
        "var": 0.00205176696181
    },
    "dynamic_complexity": 4.33176469803,
    "erbbands_crest": {
        "dmean": 2.69683051109,
        "dmean2": 4.3165974617,
        "dvar": 6.8038725853,
        "dvar2": 16.130115509,
        "max": 33.2346534729,
        "mean": 10.7934160233,
        "median": 9.63620281219,
        "min": 2.36971211433,
        "var": 26.368724823
    },
    "erbbands_flatness_db": {
        "dmean": 0.0213880557567,
        "dmean2": 0.0309075880796,
        "dvar": 0.000484856340336,
        "dvar2": 0.000990642001852,
        "max": 0.477821826935,
        "mean": 0.212180122733,
        "median": 0.211508736014,
        "min": 0.0476598031819,
        "var": 0.00404585339129
    },
    "erbbands_kurtosis": {
        "dmean": 1.36855876446,
        "dmean2": 2.13041424751,
        "dvar": 10.6426944733,
        "dvar2": 25.3541374207,
        "max": 215.900482178,
        "mean": 1.66897070408,
        "median": 0.117671966553,
        "min": -1.73287773132,
        "var": 27.675113678
    },
    "erbbands_skewness": {
        "dmean": 0.374129772186,
        "dmean2": 0.566376030445,
        "dvar": 0.146657064557,
        "dvar2": 0.323040485382,
        "max": 8.9120349884,
        "mean": 0.375548034906,
        "median": 0.214990764856,
        "min": -5.14567995071,
        "var": 0.978439211845
    },
    "erbbands_spread": {
        "dmean": 5.03173828125,
        "dmean2": 7.75455999374,
        "dvar": 28.4027557373,
        "dvar2": 64.5261917114,
        "max": 128.788619995,
        "mean": 26.7823257446,
        "median": 25.1449146271,
        "min": 0.740142226219,
        "var": 202.957748413
    },
    "hfc": {
        "dmean": 3.48498487473,
        "dmean2": 5.00914239883,
        "dvar": 35.7012863159,
        "dvar2": 65.0137023926,
        "max": 144.280700684,
        "mean": 13.9711914062,
        "median": 9.46741962433,
        "min": 1.17860200922e-16,
        "var": 203.71685791
    },
    "melbands_crest": {
        "dmean": 2.82051587105,
        "dmean2": 4.53218460083,
        "dvar": 7.37408638,
        "dvar2": 19.1225090027,
        "max": 33.1308898926,
        "mean": 12.3575925827,
        "median": 11.6956424713,
        "min": 1.4861164093,
        "var": 20.4458789825
    },
    "melbands_flatness_db": {
        "dmean": 0.0227865725756,
        "dmean2": 0.0341457650065,
        "dvar": 0.00058293674374,
        "dvar2": 0.00124889274593,
        "max": 0.68181425333,
        "mean": 0.255873322487,
        "median": 0.251121401787,
        "min": 0.00294941687025,
        "var": 0.00761331710964
    },
    "melbands_kurtosis": {
        "dmean": 3.81010127068,
        "dmean2": 5.98819923401,
        "dvar": 54.3849067688,
        "dvar2": 128.477554321,
        "max": 224.869766235,
        "mean": 7.21694040298,
        "median": 3.42414665222,
        "min": -1.84573793411,
        "var": 156.38331604
    },
    "melbands_skewness": {
        "dmean": 0.493944525719,
        "dmean2": 0.760971605778,
        "dvar": 0.275381207466,
        "dvar2": 0.652189612389,
        "max": 10.8688850403,
        "mean": 1.76973259449,
        "median": 1.64142739773,
        "min": -2.96731495857,
        "var": 1.38176178932
    },
    "melbands_spread": {
        "dmean": 4.53605127335,
        "dmean2": 7.00970983505,
        "dvar": 28.338186264,
        "dvar2": 64.0937423706,
        "max": 158.870681763,
        "mean": 22.0362319946,
        "median": 17.7330913544,
        "min": 0.564295113087,
        "var": 377.525909424
    },
    "pitch_salience": {
        "dmean": 0.0576357468963,
        "dmean2": 0.0925996899605,
        "dvar": 0.00263973558322,
        "dvar2": 0.0067545925267,
        "max": 0.844466030598,
        "mean": 0.550511598587,
        "median": 0.553021371365,
        "min": 0.147729411721,
        "var": 0.00987975019962
    },
    "silence_rate_20dB": {
        "dmean": 0,
        "dmean2": 0,
        "dvar": 0,
        "dvar2": 0,
        "max": 1,
        "mean": 1,
        "median": 1,
        "min": 1,
        "var": 0
    },
    "silence_rate_30dB": {
        "dmean": 0.00249376567081,
        "dmean2": 0.00498787686229,
        "dvar": 0.00248751998879,
        "dvar2": 0.00634897686541,
        "max": 1,
        "mean": 0.997367858887,
        "median": 1,
        "min": 0,
        "var": 0.00262553221546
    },
    "silence_rate_60dB": {
        "dmean": 0.00180105294567,
        "dmean2": 0.00360235548578,
        "dvar": 0.00179750833195,
        "dvar2": 0.00483680283651,
        "max": 1,
        "mean": 0.0752926543355,
        "median": 0,
        "min": 0,
        "var": 0.0696309506893
    },
    "spectral_centroid": {
        "dmean": 153.662307739,
        "dmean2": 238.779144287,
        "dvar": 35407.78125,
        "dvar2": 77935.3125,
        "max": 10936.0751953,
        "mean": 1108.91821289,
        "median": 927.82635498,
        "min": 142.342605591,
        "var": 464439.1875
    },
    "spectral_complexity": {
        "dmean": 1.76059854031,
        "dmean2": 2.86733627319,
        "dvar": 3.46664571762,
        "dvar2": 7.88715410233,
        "max": 42,
        "mean": 14.2145185471,
        "median": 15,
        "min": 0,
        "var": 45.970905304
    },
    "spectral_decrease": {
        "dmean": 1.64686453363e-09,
        "dmean2": 2.56702037404e-09,
        "dvar": 6.57929615775e-18,
        "dvar2": 1.60326512062e-17,
        "max": 3.87386845321e-29,
        "mean": -5.72279024169e-09,
        "median": -3.91997989624e-09,
        "min": -7.73306254587e-08,
        "var": 2.78558828454e-17
    },
    "spectral_energy": {
        "dmean": 0.00644275313243,
        "dmean2": 0.0100180786103,
        "dvar": 9.92536224658e-05,
        "dvar2": 0.000239164684899,
        "max": 0.300356715918,
        "mean": 0.0228665154427,
        "median": 0.0157506614923,
        "min": 1.05440631903e-20,
        "var": 0.000436064437963
    },
    "spectral_energyband_high": {
        "dmean": 8.22138536023e-05,
        "dmean2": 0.00012776668882,
        "dvar": 3.3400592514e-08,
        "dvar2": 9.02224215338e-08,
        "max": 0.00763103086501,
        "mean": 0.000186276549357,
        "median": 4.92476719955e-05,
        "min": 7.71509418624e-21,
        "var": 1.17051385473e-07
    },
    "spectral_energyband_low": {
        "dmean": 0.00375706586055,
        "dmean2": 0.00599642237648,
        "dvar": 4.91154460178e-05,
        "dvar2": 0.000132598725031,
        "max": 0.0830134823918,
        "mean": 0.00701410416514,
        "median": 0.00249063642696,
        "min": 7.42641481675e-23,
        "var": 9.98715040623e-05
    },
    "spectral_energyband_middle_high": {
        "dmean": 0.00152300868649,
        "dmean2": 0.00218815519474,
        "dvar": 9.15232976695e-06,
        "dvar2": 1.64570355992e-05,
        "max": 0.100204952061,
        "mean": 0.00496809184551,
        "median": 0.00264009740204,
        "min": 1.40923253117e-21,
        "var": 5.04495255882e-05
    },
    "spectral_energyband_middle_low": {
        "dmean": 0.003457586281,
        "dmean2": 0.00529502425343,
        "dvar": 3.90962304664e-05,
        "dvar2": 8.30320277601e-05,
        "max": 0.291743069887,
        "mean": 0.0108976764604,
        "median": 0.0074965772219,
        "min": 2.84586860082e-22,
        "var": 0.000140759759233
    },
    "spectral_entropy": {
        "dmean": 0.174317136407,
        "dmean2": 0.261522948742,
        "dvar": 0.0413545705378,
        "dvar2": 0.0850978717208,
        "max": 9.8037815094,
        "mean": 6.88651227951,
        "median": 6.92584228516,
        "min": 3.70616436005,
        "var": 0.345608413219
    },
    "spectral_flux": {
        "dmean": 0.0174400806427,
        "dmean2": 0.029162613675,
        "dvar": 0.000438050628873,
        "dvar2": 0.00113896280527,
        "max": 0.339782416821,
        "mean": 0.0615743137896,
        "median": 0.05486997962,
        "min": 1.02684291625e-10,
        "var": 0.00146818591747
    },
    "spectral_kurtosis": {
        "dmean": 5.2499961853,
        "dmean2": 8.72217655182,
        "dvar": 88.6175613403,
        "dvar2": 220.686218262,
        "max": 264.979431152,
        "mean": 13.0071907043,
        "median": 8.14228343964,
        "min": -1.22719073296,
        "var": 325.623443604
    },
    "spectral_rms": {
        "dmean": 0.000577481463552,
        "dmean2": 0.000889450486284,
        "dvar": 4.7788540769e-07,
        "dvar2": 1.15312661819e-06,
        "max": 0.017118146643,
        "mean": 0.00423030462116,
        "median": 0.00392001261935,
        "min": 3.20731830851e-12,
        "var": 4.413212082e-06
    },
    "spectral_rolloff": {
        "dmean": 296.470428467,
        "dmean2": 508.127593994,
        "dvar": 221681.796875,
        "dvar2": 530400,
        "max": 19250.6835938,
        "mean": 1607.39929199,
        "median": 1012.06054688,
        "min": 21.533203125,
        "var": 6057634
    },
    "spectral_skewness": {
        "dmean": 0.432310461998,
        "dmean2": 0.705829262733,
        "dvar": 0.290329575539,
        "dvar2": 0.729976773262,
        "max": 14.1085367203,
        "mean": 2.38711214066,
        "median": 2.1387181282,
        "min": 0.00777251599357,
        "var": 1.70027446747
    },
    "spectral_spread": {
        "dmean": 598651.75,
        "dmean2": 855852.1875,
        "dvar": 754168233984,
        "dvar2": 1.41387733402e+12,
        "max": 41151740,
        "mean": 3650796,
        "median": 2979278.25,
        "min": 375512.96875,
        "var": 4.47799833395e+12
    },
    "spectral_strongpeak": {
        "dmean": 0.581766486168,
        "dmean2": 1.00191652775,
        "dvar": 1.60689735413,
        "dvar2": 3.8316628933,
        "max": 20.8261184692,
        "mean": 1.06232786179,
        "median": 0.511390805244,
        "min": 0,
        "var": 3.15777444839
    },
    "zerocrossingrate": {
        "dmean": 0.00641249679029,
        "dmean2": 0.00778916012496,
        "dvar": 4.95603708259e-05,
        "dvar2": 6.5878375608e-05,
        "max": 0.51904296875,
        "mean": 0.0563443489373,
        "median": 0.04345703125,
        "min": 0.00390625,
        "var": 0.00388130894862
    },
    "barkbands": {
        "dmean": [0.00088692054851, 0.00161706935614, 0.00213806633838, 0.000899463775568, 0.00149621488526, 0.000572321063373, 0.000781829818152, 0.000625461456366, 0.000920225051232, 0.000441283569671, 0.000470851402497, 0.000306896021357, 0.00028369622305, 9.87109160633e-05, 0.000149403305841, 0.000269371143077, 0.000225506490096, 0.000192343853996, 6.91747554811e-05, 4.53813008789e-05, 3.42129460478e-05, 1.3944910279e-05, 6.9589850682e-06, 8.36830895423e-06, 1.48716781041e-05, 5.77339233132e-06, 2.87575949187e-06],
        "dmean2": [0.00146683468483, 0.00261249672621, 0.00343292974867, 0.00148121628445, 0.0024345505517, 0.000855892023537, 0.00113905093167, 0.000938947719987, 0.00133487582207, 0.000666874751914, 0.000676419760566, 0.000457413960248, 0.000450063496828, 0.00015035404067, 0.000223249458941, 0.000390175846405, 0.000331010174705, 0.000280548963929, 0.000112414367322, 7.52668347559e-05, 5.76859929424e-05, 2.24110699492e-05, 1.04633081719e-05, 1.22957662825e-05, 1.94578697119e-05, 8.77359798324e-06, 4.53456277683e-06],
        "dvar": [1.05357639768e-05, 1.13272772069e-05, 1.82701805898e-05, 4.08521918871e-06, 8.64118828758e-06, 2.7110204428e-06, 4.05163291362e-06, 8.27042640594e-06, 9.15719101613e-06, 1.65293693044e-06, 2.82683026853e-06, 1.02503406652e-06, 5.89811861573e-07, 8.68038725343e-08, 2.74270178124e-07, 9.22150093174e-07, 5.41750466709e-07, 6.58136514176e-07, 2.12986872583e-08, 7.17646599924e-08, 1.25896555403e-08, 2.5880637633e-09, 3.70973946007e-10, 7.24345916581e-10, 1.26144950041e-09, 2.95347135637e-10, 7.59211304935e-11],
        "dvar2": [2.83389854303e-05, 2.97877741104e-05, 4.99602247146e-05, 1.08536978587e-05, 2.00235790544e-05, 5.89056571698e-06, 7.47853346184e-06, 1.76437224582e-05, 1.96007986233e-05, 3.52130518877e-06, 5.02724515172e-06, 1.97829513127e-06, 1.34813092245e-06, 1.91492290469e-07, 6.54137636502e-07, 1.63980837442e-06, 9.3559913239e-07, 1.22216181353e-06, 5.44631042487e-08, 2.30872032603e-07, 3.53449642887e-08, 6.57224941136e-09, 8.48347669891e-10, 2.03503125462e-09, 1.90175297732e-09, 6.89885204519e-10, 1.98231348003e-10],
        "max": [0.0518154501915, 0.0622334107757, 0.0583371929824, 0.0410394407809, 0.214357614517, 0.0840002894402, 0.16504919529, 0.17647460103, 0.195120930672, 0.0731763765216, 0.0979770645499, 0.0383165739477, 0.02602468431, 0.0144472336397, 0.0309530887753, 0.0311049018055, 0.0327171646059, 0.0339000634849, 0.00360466213897, 0.0211920496076, 0.00318080605939, 0.00141402787995, 0.0014364925446, 0.00218374747783, 0.00170735211577, 0.000611371069681, 0.000227396478294],
        "mean": [0.000848102325108, 0.00269424240105, 0.00334347900935, 0.00140669522807, 0.00339282094501, 0.00132709252648, 0.00165349664167, 0.00117259065155, 0.00180258764885, 0.000828161544632, 0.0010229581967, 0.000626991211902, 0.000447170779807, 0.000190824095625, 0.000307070673443, 0.000577696715482, 0.000468004785944, 0.000386498257285, 0.000134187168442, 7.89776677266e-05, 5.55467449885e-05, 2.90598018182e-05, 1.70389284904e-05, 1.73913103936e-05, 2.53190464719e-05, 8.57334271132e-06, 3.92038646169e-06],
        "median": [4.66592064186e-05, 0.00049942615442, 0.00118225300685, 0.000432267319411, 0.00155845982954, 0.000729625753593, 0.000797557644546, 0.000429892679676, 0.000510443351232, 0.000297983788187, 0.000206015363801, 0.000137671173434, 0.000109884582344, 6.51547743473e-05, 9.19230806176e-05, 8.09234770713e-05, 7.24053898011e-05, 3.70215093426e-05, 3.3483011066e-05, 1.97578519874e-05, 9.54865754466e-06, 4.95798121847e-06, 2.97191718346e-06, 2.19574508264e-06, 1.60927072557e-06, 5.04914339672e-07, 6.63999912831e-08],
        "min": [2.60751866437e-23, 1.73264020828e-23, 4.05348098212e-23, 1.28930692709e-23, 3.37924756177e-23, 1.66261271017e-23, 3.01439529103e-23, 1.33149232107e-22, 4.93069620199e-23, 3.17766173051e-23, 3.30398108063e-23, 7.19760034694e-23, 6.82477395462e-23, 6.22633208124e-23, 1.58437234964e-22, 1.17599647705e-22, 2.7514983698e-22, 2.49895736209e-22, 2.05212672919e-22, 4.35666193745e-22, 5.04335513181e-22, 4.71393691521e-22, 5.07247205093e-22, 8.43224049125e-22, 1.26271584277e-21, 1.76067130138e-21, 2.30051428956e-21],
        "var": [9.34553008847e-06, 2.19968042074e-05, 2.75713628071e-05, 6.77539537719e-06, 3.2050331356e-05, 5.49842434339e-06, 1.29575037136e-05, 1.24492798932e-05, 2.07819957723e-05, 4.18285162596e-06, 1.66785539477e-05, 4.1219727791e-06, 1.20220488498e-06, 2.45898434059e-07, 5.92788978793e-07, 3.55142969966e-06, 2.20446622734e-06, 2.55978989117e-06, 5.8756565835e-08, 8.96679637208e-08, 1.87427797727e-08, 8.96010377005e-09, 3.69013375412e-09, 5.62336088805e-09, 6.19521545175e-09, 5.09391695491e-10, 1.47582654431e-10]
    },
    "erbbands": {
        "dmean": [0.0488847084343, 0.404200613499, 2.39867854118, 2.02280068398, 4.43637180328, 5.21954536438, 3.77315497398, 4.93325614929, 10.3114938736, 12.4015274048, 13.0672254562, 24.4600486755, 10.6355934143, 14.9728822708, 17.2221279144, 14.8150806427, 14.2011003494, 4.93633127213, 7.97924804688, 7.44512844086, 16.4324226379, 9.00594043732, 13.4187440872, 3.86273193359, 2.41675639153, 2.43304514885, 1.63898003101, 0.903290569782, 0.4387383461, 0.267825573683, 0.20450887084, 0.146777004004, 0.164777398109, 0.14430038631, 0.123157098889, 0.0317823886871, 0.00974552612752, 0.00279683852568, 0.000501817674376, 3.30965704052e-05],
        "dmean2": [0.0765381380916, 0.659182846546, 3.84075045586, 3.30152630806, 7.33254384995, 8.40857982635, 5.6113114357, 7.5050163269, 15.4703245163, 17.8560619354, 19.4933166504, 35.5558586121, 15.7072067261, 22.3547401428, 24.9473400116, 21.8545455933, 22.4120750427, 7.58219766617, 12.0015563965, 10.9553442001, 23.5248222351, 13.0300683975, 19.310043335, 6.11319112778, 3.98380923271, 4.06386184692, 2.79283070564, 1.50595772266, 0.714692533016, 0.424187839031, 0.301902920008, 0.212290942669, 0.247056499124, 0.200206950307, 0.158070713282, 0.046890206635, 0.015123189427, 0.00424372311682, 0.000803041737527, 5.31467012479e-05],
        "dvar": [0.0203937124461, 0.646034181118, 22.9519119263, 17.2859382629, 87.3774108887, 86.0750808716, 232.177276611, 238.378250122, 663.921508789, 2213.7265625, 4478.15283203, 7203.80029297, 1607.76965332, 2158.89111328, 3344.87890625, 2523.51416016, 1429.56164551, 254.406906128, 948.693725586, 859.576965332, 3241.01782227, 644.183044434, 2819.02075195, 91.4585418701, 32.1565093994, 289.938171387, 33.9621658325, 14.5545482635, 1.59016358852, 0.839782297611, 0.289176255465, 0.136956602335, 0.507105231285, 0.111304610968, 0.0954847335815, 0.00754561973736, 0.00106188945938, 6.23561063549e-05, 2.30313162319e-06, 8.30257285145e-09],
        "dvar2": [0.0495883636177, 1.80133342743, 62.6943702698, 47.2530708313, 241.156188965, 204.155853271, 268.192047119, 542.389038086, 1421.79956055, 3171.68432617, 10022.0908203, 15601.4697266, 3176.16870117, 4337.89550781, 6260.71777344, 4831.48828125, 3248.5012207, 578.554016113, 2318.07299805, 1450.7911377, 5691.84765625, 1102.21386719, 5049.55126953, 214.880874634, 91.4170837402, 941.25201416, 99.9438705444, 42.3487472534, 4.49946928024, 2.12344121933, 0.590884923935, 0.28998503089, 1.56165361404, 0.194863006473, 0.136918708682, 0.0166345946491, 0.0026758403983, 0.000146474252688, 6.04132537774e-06, 2.19702140924e-08],
        "max": [3.42357373238, 10.1026391983, 65.805519104, 72.8709106445, 264.461608887, 497.310211182, 2125.09277344, 819.691223145, 1365.41186523, 5655.51269531, 4394.36914062, 5952.80712891, 2708.77612305, 3051.97167969, 2868.83618164, 1939.98486328, 1291.02282715, 771.396179199, 1917.97167969, 2984.08618164, 1960.96643066, 1273.50720215, 2319.92578125, 457.174194336, 162.933532715, 1363.72705078, 180.743286133, 118.975959778, 40.4230575562, 64.7066421509, 61.675075531, 36.0797386169, 55.0932540894, 19.7830905914, 13.7109546661, 2.83640551567, 1.18548083305, 0.248566478491, 0.0413922332227, 0.00246239546686],
        "mean": [0.0762090682983, 0.660489499569, 3.75862646103, 3.82790875435, 9.05028438568, 11.5962591171, 8.84228610992, 11.3900556564, 21.032705307, 27.402961731, 26.064868927, 48.2490997314, 21.5497303009, 32.2224502563, 38.7308349609, 32.1294212341, 23.4550857544, 10.2178039551, 16.8734970093, 16.8313045502, 36.1154518127, 20.9370079041, 28.9027786255, 7.79632663727, 4.99602842331, 4.38880872726, 2.80800962448, 1.70594871044, 0.952022969723, 0.627806007862, 0.539745092392, 0.35804310441, 0.307081967592, 0.249201759696, 0.192310124636, 0.0473779179156, 0.0144370496273, 0.00390556780621, 0.000679637654684, 6.40853031655e-05],
        "median": [0.00902398489416, 0.166893526912, 1.36016857624, 1.53595256805, 3.15849852562, 5.81114053726, 4.22847604752, 6.37561607361, 10.2746562958, 12.6002025604, 10.9614372253, 13.6552772522, 9.79848670959, 10.8206672668, 10.8085384369, 8.35531711578, 7.82661247253, 4.68811607361, 5.20328903198, 5.81051063538, 4.88282966614, 4.44212913513, 3.64609956741, 2.16288018227, 1.56145310402, 1.16383624077, 0.481194019318, 0.328631013632, 0.205919593573, 0.126563772559, 0.0859503895044, 0.0516977086663, 0.0312661267817, 0.0219633318484, 0.00856298860162, 0.00274589587934, 0.00104122993071, 0.000121206336189, 2.97319820675e-05, 2.72049037449e-05],
        "min": [7.11941388138e-22, 3.50964534802e-21, 3.24787362264e-20, 5.44498100562e-20, 1.03944459276e-19, 1.1303212398e-19, 1.05437571981e-19, 1.2190000421e-19, 3.98768186127e-19, 1.48837120178e-18, 2.33175659272e-18, 8.05086980283e-19, 1.40302415374e-18, 1.44767401904e-18, 1.2822605406e-18, 3.01058091485e-18, 2.93795879977e-18, 3.04392022264e-18, 7.16150888626e-18, 6.68817091075e-18, 9.48871453805e-18, 1.37666486479e-17, 1.36827750153e-17, 8.92026857648e-18, 1.43964465955e-17, 1.98198182314e-17, 2.83919984528e-17, 1.59613002609e-17, 1.83802245262e-17, 1.30419019465e-17, 1.45646686623e-17, 1.82870641369e-17, 1.40266786637e-17, 1.00331433105e-17, 1.09723291411e-17, 6.64823669873e-18, 3.22832814609e-18, 1.06723431998e-18, 2.82258659476e-19, 3.83934621159e-20],
        "var": [0.0310407914221, 1.13580274582, 34.5555648804, 33.5452842712, 200.061065674, 294.798828125, 1255.53991699, 393.513824463, 1411.53564453, 8656.77734375, 5945.29003906, 15699.9423828, 3290.05712891, 6998.8671875, 16791.7519531, 10380.9335938, 2926.56347656, 668.853271484, 1959.17529297, 2641.8371582, 13008.1572266, 2825.85668945, 11805.5732422, 243.455184937, 79.66746521, 354.866516113, 52.0508537292, 28.0757732391, 5.93254327774, 4.28358793259, 5.49889993668, 2.16795349121, 2.57954001427, 0.61218547821, 0.329851001501, 0.014577771537, 0.00158591591753, 0.000125753213069, 4.26469614467e-06, 1.59544004674e-08]
    },
    "gfcc": {
        "mean": [-82.4156570435, 127.954177856, -117.1039505, 7.50435733795, -51.8580856323, -1.09407377243, -30.9809150696, 4.83762550354, -21.9833183289, -6.29239845276, -13.3282871246, -5.50812864304, -10.1904392242],
        "cov": [[27545.1953125, 2609.73803711, -757.398132324, 1842.19018555, 173.600006104, 75.3461914062, -434.245819092, 333.268005371, -182.789764404, -212.726425171, -189.306167603, -53.6355628967, 179.981079102], [2609.73803711, 2992.91357422, -733.680603027, -35.919506073, 402.835388184, -243.599472046, 154.952850342, -193.183135986, 69.0521087646, -369.683105469, 102.719963074, -234.731719971, 29.5398273468], [-757.398132324, -733.680603027, 2255.27490234, -129.072814941, -297.458465576, 433.474334717, -212.892562866, 129.336990356, -154.787109375, 181.875823975, -30.0360584259, 227.099487305, -70.6800918579], [1842.19018555, -35.919506073, -129.072814941, 817.376953125, 97.8406219482, 29.0986423492, 76.3950805664, 40.974773407, 42.8399391174, -4.39382314682, 42.243927002, -16.6310749054, 60.8331031799], [173.600006104, 402.835388184, -297.458465576, 97.8406219482, 562.603942871, 23.3326435089, -11.8759412766, 80.4437866211, 47.7462005615, -104.067314148, 23.7027626038, -32.9384040833, -4.61073732376], [75.3461914062, -243.599472046, 433.474334717, 29.0986423492, 23.3326435089, 329.01751709, -16.6587963104, 55.4432373047, -14.2319660187, 46.8359413147, 2.8784327507, 56.1240959167, -18.0839042664], [-434.245819092, 154.952850342, -212.892562866, 76.3950805664, -11.8759412766, -16.6587963104, 261.085510254, -16.9306278229, 4.7275261879, -39.2101745605, 40.8709640503, -50.2984390259, -2.1409740448], [333.268005371, -193.183135986, 129.336990356, 40.974773407, 80.4437866211, 55.4432373047, -16.9306278229, 228.597457886, 30.7312469482, -31.7014923096, -33.0927238464, 38.8087806702, 1.6640651226], [-182.789764404, 69.0521087646, -154.787109375, 42.8399391174, 47.7462005615, -14.2319660187, 4.7275261879, 30.7312469482, 154.919784546, -2.13954043388, -13.2457494736, -26.9886627197, 9.19869804382], [-212.726425171, -369.683105469, 181.875823975, -4.39382314682, -104.067314148, 46.8359413147, -39.2101745605, -31.7014923096, -2.13954043388, 195.78742981, 19.2360877991, 13.6913423538, -17.6847343445], [-189.306167603, 102.719963074, -30.0360584259, 42.243927002, 23.7027626038, 2.8784327507, 40.8709640503, -33.0927238464, -13.2457494736, 19.2360877991, 125.068260193, 15.0756883621, -17.454788208], [-53.6355628967, -234.731719971, 227.099487305, -16.6310749054, -32.9384040833, 56.1240959167, -50.2984390259, 38.8087806702, -26.9886627197, 13.6913423538, 15.0756883621, 125.178115845, 15.2652111053], [179.981079102, 29.5398273468, -70.6800918579, 60.8331031799, -4.61073732376, -18.0839042664, -2.1409740448, 1.6640651226, 9.19869804382, -17.6847343445, -17.454788208, 15.2652111053, 100.810516357]],
        "icov": [[7.9251913121e-05, -0.00016832894471, 0.000111694527732, -0.000238240958424, 0.000159763512784, -0.000139531141031, 0.000255667779129, -0.000283037545159, 0.000314617209369, -0.000217368535232, 0.000286919210339, -0.000179992377525, 0.000132380751893], [-0.00016832894471, 0.00104926363565, -0.000392695830669, 0.000637836230453, -0.000665876024868, 0.000504979630932, -0.000518198998179, 0.0012140753679, -0.00099450640846, 0.00175474479329, -0.00148800690658, 0.00156882847659, -0.000734698027372], [0.000111694527732, -0.000392695830669, 0.00108480651397, -0.000362999999197, 0.000724730081856, -0.00114703888539, 0.000803550006822, -0.000909171008971, 0.00110462878365, -0.000864372530486, 0.000777511391789, -0.0012569075916, 0.000827262061648], [-0.000238240958424, 0.000637836230453, -0.000362999999197, 0.00216844840907, -0.000727179751266, 0.000284481066046, -0.00109152146615, 0.000650847621728, -0.00121344916988, 0.000690473360009, -0.00163314118981, 0.00113152037375, -0.00156300503295], [0.000159763512784, -0.000665876024868, 0.000724730081856, -0.000727179751266, 0.00305450125597, -0.0012055109255, 0.0014469375601, -0.00181174115278, 0.000601833628025, 0.000235160099692, -0.000143779339851, -8.22960209916e-05, 0.000814807834104], [-0.000139531141031, 0.000504979630932, -0.00114703888539, 0.000284481066046, -0.0012055109255, 0.00489287963137, -0.0012484343024, 0.000482732866658, -0.000936274882406, -6.22449733783e-05, -0.000404761522077, -0.000298128667055, -3.70707784896e-05], [0.000255667779129, -0.000518198998179, 0.000803550006822, -0.00109152146615, 0.0014469375601, -0.0012484343024, 0.00603316444904, -0.0013915078016, 0.00132821826264, 0.000645116262604, -0.0013093490852, 0.00165267521515, 0.000425779464422], [-0.000283037545159, 0.0012140753679, -0.000909171008971, 0.000650847621728, -0.00181174115278, 0.000482732866658, -0.0013915078016, 0.00752378255129, -0.00284893251956, 0.00267713028006, 0.000251135235885, -0.000610804010648, -0.000165063960594], [0.000314617209369, -0.00099450640846, 0.00110462878365, -0.00121344916988, 0.000601833628025, -0.000936274882406, 0.00132821826264, -0.00284893251956, 0.00909343641251, -0.00231886212714, 0.00204303278588, 3.33498392138e-05, 0.000283391069388], [-0.000217368535232, 0.00175474479329, -0.000864372530486, 0.000690473360009, 0.000235160099692, -6.22449733783e-05, 0.000645116262604, 0.00267713028006, -0.00231886212714, 0.00979736540467, -0.003973106388, 0.00333717442118, -0.000442646327429], [0.000286919210339, -0.00148800690658, 0.000777511391789, -0.00163314118981, -0.000143779339851, -0.000404761522077, -0.0013093490852, 0.000251135235885, 0.00204303278588, -0.003973106388, 0.0129589773715, -0.00587915210053, 0.00359388510697], [-0.000179992377525, 0.00156882847659, -0.0012569075916, 0.00113152037375, -8.22960209916e-05, -0.000298128667055, 0.00165267521515, -0.000610804010648, 3.33498392138e-05, 0.00333717442118, -0.00587915210053, 0.0151414386928, -0.00444281334057], [0.000132380751893, -0.000734698027372, 0.000827262061648, -0.00156300503295, 0.000814807834104, -3.70707784896e-05, 0.000425779464422, -0.000165063960594, 0.000283391069388, -0.000442646327429, 0.00359388510697, -0.00444281334057, 0.0126556148753]]
    },
    "melbands": {
        "dmean": [0.000435388210462, 0.000971148954704, 0.00039747331175, 0.000387502688682, 0.000133335663122, 0.00011044783605, 0.000157874441356, 0.000136971997563, 0.000117139199574, 0.00014220016601, 5.30280231033e-05, 6.320734974e-05, 6.65484258207e-05, 3.92893052776e-05, 3.77494361601e-05, 2.00573922484e-05, 9.1170268206e-06, 1.3134144865e-05, 7.5482171269e-06, 1.56086662173e-05, 2.08469791687e-05, 8.60349518916e-06, 1.74126798811e-05, 7.06582750354e-06, 3.16636987918e-06, 2.54876567851e-06, 1.43760178162e-06, 1.5880373212e-06, 1.46907052567e-06, 3.23112459455e-07, 6.99147108207e-07, 2.91032591804e-07, 1.79348901952e-07, 1.47907073256e-07, 1.27998305288e-07, 1.02336080943e-07, 9.05394088591e-08, 1.18206600064e-07, 1.07519213088e-07, 1.40581150276e-07],
        "dmean2": [0.000690318993293, 0.00156114122365, 0.000650616362691, 0.000635917705949, 0.000202764160349, 0.000167576858075, 0.000234518083744, 0.000199198781047, 0.000174681947101, 0.000205939868465, 7.88384786574e-05, 9.4830407761e-05, 9.55044160946e-05, 5.81798121857e-05, 5.83943656238e-05, 3.16879195452e-05, 1.40380316225e-05, 1.98217894649e-05, 1.13812075142e-05, 2.27121472562e-05, 2.97505102935e-05, 1.25536262203e-05, 2.53596008406e-05, 1.04810451376e-05, 5.09555593453e-06, 4.21473532697e-06, 2.35935954152e-06, 2.64827804131e-06, 2.5234610348e-06, 5.30768545559e-07, 1.17189938464e-06, 4.72667920803e-07, 2.84954523977e-07, 2.35811725702e-07, 1.91172858877e-07, 1.49018859474e-07, 1.34333461688e-07, 1.85034423339e-07, 1.4956214045e-07, 2.00854358923e-07],
        "dvar": [1.11785141144e-06, 3.69127201338e-06, 6.57211558064e-07, 5.04633192122e-07, 2.41239945353e-07, 1.16536298833e-07, 1.48198466832e-07, 2.54361395946e-07, 2.34300344459e-07, 2.37804300696e-07, 3.94947825555e-08, 3.94239663137e-08, 6.04578218599e-08, 1.44926488588e-08, 7.78813191715e-09, 2.6127189301e-09, 1.11572795447e-09, 2.34722130621e-09, 6.97696012075e-10, 3.17598458643e-09, 5.49156142782e-09, 7.49345085982e-10, 3.09645220575e-09, 1.01293773369e-09, 5.74337799542e-11, 3.38597518079e-11, 5.31877944465e-11, 1.14289230857e-10, 3.00004882048e-11, 1.0588669698e-12, 1.18820699807e-11, 9.11879404451e-13, 2.17432544409e-13, 2.81623330342e-13, 1.20376527756e-13, 7.09463751311e-14, 4.99582979965e-14, 4.17151637669e-13, 8.13661204385e-14, 1.10055139915e-13],
        "dvar2": [2.7716605473e-06, 1.01506466308e-05, 1.76280354935e-06, 1.34778224492e-06, 2.7845663908e-07, 2.60969613919e-07, 3.10142866056e-07, 3.93505501961e-07, 5.31860223418e-07, 5.09249844072e-07, 7.86530875985e-08, 8.02626161089e-08, 1.08544931265e-07, 2.79416667581e-08, 1.68230709363e-08, 6.08000760849e-09, 2.44158981921e-09, 5.75253933377e-09, 1.44686107539e-09, 5.52386403285e-09, 9.64536539527e-09, 1.27701293984e-09, 5.53650680857e-09, 2.08123607237e-09, 1.36714001231e-10, 9.09776282088e-11, 1.67959479658e-10, 3.71178116021e-10, 8.80645972812e-11, 2.94330315329e-12, 3.48110394677e-11, 2.47133845506e-12, 5.32217716079e-13, 7.09432621156e-13, 2.26905232342e-13, 1.58649989305e-13, 1.07976297445e-13, 1.35120820782e-12, 1.36904539354e-13, 2.08936085664e-13],
        "max": [0.0230159666389, 0.0264664608985, 0.0171853974462, 0.0288343206048, 0.0691602751613, 0.0186591148376, 0.019441543147, 0.0547315590084, 0.0305094271898, 0.0334021821618, 0.013150697574, 0.0130737563595, 0.014189354144, 0.00430985167623, 0.00243108533323, 0.00161747122183, 0.00177393306512, 0.00301175261848, 0.00209050765261, 0.0034220428206, 0.00265227816999, 0.000981817720458, 0.00221402687021, 0.00153607327957, 0.000236970474361, 0.000124681813759, 0.000579082290642, 0.000843706773594, 0.000145182071719, 5.35527469765e-05, 0.000108630993054, 2.62089251919e-05, 3.0399478419e-05, 3.7348974729e-05, 4.07641055062e-05, 2.58994441538e-05, 1.73939588421e-05, 5.17517910339e-05, 3.11462135869e-05, 1.67641137523e-05],
        "mean": [0.000726093305275, 0.00156370887998, 0.00080986082321, 0.000866749032866, 0.000322001898894, 0.000253403704846, 0.000326995388605, 0.00029453964089, 0.000229979777941, 0.0002804666874, 0.000100043042039, 0.000130417683977, 0.000147187412949, 8.07858159533e-05, 6.83431426296e-05, 3.35019649356e-05, 1.73100015672e-05, 2.67682771664e-05, 1.58551210916e-05, 3.4094970033e-05, 4.41392221546e-05, 1.82111198228e-05, 3.6084864405e-05, 1.37774695759e-05, 5.60687476536e-06, 4.77500680063e-06, 2.62972503151e-06, 2.70613850262e-06, 2.33896366808e-06, 5.924861739e-07, 1.22581684536e-06, 5.75444573769e-07, 4.04498479156e-07, 3.09080320449e-07, 3.28413904072e-07, 2.43319050242e-07, 1.97915511535e-07, 2.17643417955e-07, 1.92504231222e-07, 2.23608438432e-07],
        "median": [0.000121219301946, 0.00057602400193, 0.000307579117361, 0.000392786547309, 0.000169229606399, 0.000142074524774, 0.000159362622071, 0.000133338224259, 9.01728417375e-05, 7.55118453526e-05, 4.19838906964e-05, 4.07707120758e-05, 3.22283594869e-05, 1.90398714039e-05, 2.19726298383e-05, 9.75713464868e-06, 5.73404577153e-06, 7.65659115132e-06, 5.48360731045e-06, 6.87673036737e-06, 4.00854469262e-06, 3.11932717523e-06, 4.13338329963e-06, 1.63073548265e-06, 1.27433747821e-06, 1.04034700144e-06, 7.86680345755e-07, 6.07248921369e-07, 2.4468522497e-07, 1.73148649196e-07, 1.69167719832e-07, 1.09853544927e-07, 7.5964088353e-08, 6.14287571921e-08, 4.88597500237e-08, 3.73837139023e-08, 2.79005583081e-08, 2.14770139451e-08, 1.78991435007e-08, 1.83771167173e-08],
        "min": [6.40519635185e-24, 1.38122223875e-23, 1.11844683365e-23, 8.62641409078e-24, 3.44081129233e-24, 2.88574430473e-24, 5.87761919464e-24, 2.13134691808e-23, 1.5503921977e-23, 5.98622877521e-24, 7.02020572419e-24, 5.65599818965e-24, 3.82931463853e-24, 5.94478478426e-24, 1.02896925996e-23, 5.42834003215e-24, 5.9419358131e-24, 1.02271935166e-23, 1.22555781516e-23, 8.20255439324e-24, 1.18075114683e-23, 1.65188562181e-23, 1.08502121937e-23, 1.26182940292e-23, 5.98910377878e-24, 1.03214229518e-23, 9.27467631687e-24, 1.45303918893e-23, 1.96533997582e-23, 9.92361932991e-24, 9.91391160761e-24, 1.11694933899e-23, 7.15226419517e-24, 8.50000465275e-24, 8.99740985248e-24, 9.54800873192e-24, 1.09619732736e-23, 8.51564855336e-24, 1.1501087916e-23, 6.90478669629e-24],
        "var": [1.96099540517e-06, 5.72082171857e-06, 1.45933415752e-06, 1.43592808399e-06, 1.33517323775e-06, 1.96568379351e-07, 3.42702833223e-07, 8.72479859026e-07, 3.46505402149e-07, 5.35311414751e-07, 7.97687675913e-08, 1.19381226682e-07, 3.51579330982e-07, 5.7141658516e-08, 2.17635953703e-08, 5.37525979283e-09, 3.06814196271e-09, 4.84373563481e-09, 1.70219471851e-09, 1.19537624244e-08, 2.16306137446e-08, 3.02528824214e-09, 1.30580373181e-08, 3.30388960634e-09, 1.4591752806e-10, 8.24710577607e-11, 6.91352669557e-11, 1.42006281734e-10, 4.56122986603e-11, 2.01001606852e-12, 2.24806648991e-11, 2.74313059247e-12, 1.76378833414e-12, 1.00728041359e-12, 2.40899314385e-12, 9.92749610816e-13, 6.07524393206e-13, 1.83615904599e-12, 7.411702003e-13, 4.37789534442e-13]
    },
    "mfcc": {
        "mean": [-717.914611816, 161.817047119, -4.37220811844, 15.1447124481, -2.1336889267, -5.45828008652, -0.878503441811, 3.23338603973, -1.06330227852, -2.74276471138, -2.56324505806, -0.425960630178, 0.628723204136],
        "cov": [[13294.0214844, 1844.64453125, -1312.29296875, 941.146240234, 377.984161377, -122.632072449, -39.5511512756, 332.274230957, 236.523590088, -0.376714199781, -41.4983215332, 128.163543701, 149.792510986], [1844.64453125, 2548.57739258, -427.742340088, 1.85932600498, 83.6142730713, -92.8881759644, 54.9114265442, 106.835105896, -49.7527198792, -51.3076629639, 16.7204055786, 29.2877349854, -37.846698761], [-1312.29296875, -427.742340088, 2002.75561523, -213.506439209, 10.7118005753, 126.619224548, 53.1302947998, -43.3318443298, -48.7478866577, -53.2546234131, 22.1954307556, -12.0740289688, 66.7611236572], [941.146240234, 1.85932600498, -213.506439209, 555.607177734, 75.5483932495, 26.06366539, 62.5608291626, 82.2967681885, 35.0710906982, -1.24179387093, 4.94740915298, 63.2262687683, 6.50738811493], [377.984161377, 83.6142730713, 10.7118005753, 75.5483932495, 494.365844727, 29.6435661316, 23.8872737885, 114.12097168, 61.0437355042, -23.0925521851, 21.8652496338, 61.5305519104, 35.0251159668], [-122.632072449, -92.8881759644, 126.619224548, 26.06366539, 29.6435661316, 231.938323975, 61.146068573, -27.8499488831, -21.9626674652, 18.7199230194, 21.434009552, 30.0242500305, 28.989315033], [-39.5511512756, 54.9114265442, 53.1302947998, 62.5608291626, 23.8872737885, 61.146068573, 202.272827148, 64.1490631104, -21.4496688843, -21.3482933044, 22.3835506439, 44.4321632385, 10.2348642349], [332.274230957, 106.835105896, -43.3318443298, 82.2967681885, 114.12097168, -27.8499488831, 64.1490631104, 232.449737549, 68.901260376, -35.4487342834, 1.87753975391, 36.7750205994, 5.21666383743], [236.523590088, -49.7527198792, -48.7478866577, 35.0710906982, 61.0437355042, -21.9626674652, -21.4496688843, 68.901260376, 148.826278687, 41.2461090088, -26.7430896759, -24.5614509583, 14.3547773361], [-0.376714199781, -51.3076629639, -53.2546234131, -1.24179387093, -23.0925521851, 18.7199230194, -21.3482933044, -35.4487342834, 41.2461090088, 119.355354309, 15.3772087097, -33.0442047119, -3.87444114685], [-41.4983215332, 16.7204055786, 22.1954307556, 4.94740915298, 21.8652496338, 21.434009552, 22.3835506439, 1.87753975391, -26.7430896759, 15.3772087097, 130.091552734, 67.8065185547, -31.1075553894], [128.163543701, 29.2877349854, -12.0740289688, 63.2262687683, 61.5305519104, 30.0242500305, 44.4321632385, 36.7750205994, -24.5614509583, -33.0442047119, 67.8065185547, 150.471542358, 26.4934501648], [149.792510986, -37.846698761, 66.7611236572, 6.50738811493, 35.0251159668, 28.989315033, 10.2348642349, 5.21666383743, 14.3547773361, -3.87444114685, -31.1075553894, 26.4934501648, 118.725860596]],
