{
"lowlevel": {
    "average_loudness": 0.0670586749911,
    "barkbands_crest": {
        "dmean": 1.71558451653,
        "dmean2": 2.74919700623,
        "dvar": 3.01165866852,
        "dvar2": 8.26935768127,
        "max": 25.2572422028,
        "mean": 12.2283535004,
        "median": 11.6747837067,
        "min": 2.4787504673,
        "var": 16.5344429016
    },
    "barkbands_flatness_db": {
        "dmean": 0.014828087762,
        "dmean2": 0.0233645979315,
        "dvar": 0.000254379527178,
        "dvar2": 0.000601194507908,
        "max": 0.402976334095,
        "mean": 0.271252185106,
        "median": 0.286900669336,
        "min": 0.0279881563038,
        "var": 0.00431313784793
    },
    "barkbands_kurtosis": {
        "dmean": 1.58601212502,
        "dmean2": 2.53460526466,
        "dvar": 5.47428894043,
        "dvar2": 15.9258794785,
        "max": 96.3586883545,
        "mean": 5.27968025208,
        "median": 3.05084943771,
        "min": -1.88725686073,
        "var": 96.7725296021
    },
    "barkbands_skewness": {
        "dmean": 0.312529832125,
        "dmean2": 0.493464559317,
        "dvar": 0.0964359790087,
        "dvar2": 0.246177569032,
        "max": 8.64910030365,
        "mean": 1.45624303818,
        "median": 1.37542247772,
        "min": -2.40708088875,
        "var": 1.46793925762
    },
    "barkbands_spread": {
        "dmean": 1.61593365669,
        "dmean2": 2.62780642509,
        "dvar": 11.0846557617,
        "dvar2": 30.0016555786,
        "max": 120.428489685,
        "mean": 9.53912162781,
        "median": 5.89994955063,
        "min": 0.816604077816,
        "var": 204.064804077
    },
    "dissonance": {
        "dmean": 0.0300635509193,
        "dmean2": 0.0507269315422,
        "dvar": 0.000898390659131,
        "dvar2": 0.00239127059467,
        "max": 0.500000178814,
        "mean": 0.403549194336,
        "median": 0.406914383173,
        "min": 0.202126801014,
        "var": 0.00293278228492
    },
    "dynamic_complexity": 7.4569311142,
    "erbbands_crest": {
        "dmean": 1.73562645912,
        "dmean2": 2.7193236351,
        "dvar": 3.58760118484,
        "dvar2": 9.32516860962,
        "max": 31.468662262,
        "mean": 12.6620140076,
        "median": 11.6404399872,
        "min": 2.22276496887,
        "var": 32.0122146606
    },
    "erbbands_flatness_db": {
        "dmean": 0.0111959595233,
        "dmean2": 0.0176663734019,
        "dvar": 0.000152876818902,
        "dvar2": 0.000346215791069,
        "max": 0.436801940203,
        "mean": 0.290294796228,
        "median": 0.310463398695,
        "min": 0.0304840970784,
        "var": 0.00595080200583
    },
    "erbbands_kurtosis": {
        "dmean": 0.711046814919,
        "dmean2": 1.08295691013,
        "dvar": 0.89457154274,
        "dvar2": 1.94290149212,
        "max": 27.4151802063,
        "mean": 1.19846403599,
        "median": 0.433872699738,
        "min": -1.65678477287,
        "var": 8.26751995087
    },
    "erbbands_skewness": {
        "dmean": 0.232510268688,
        "dmean2": 0.359088271856,
        "dvar": 0.0557565912604,
        "dvar2": 0.137992203236,
        "max": 4.37135410309,
        "mean": 0.737177908421,
        "median": 0.736144840717,
        "min": -2.71047329903,
        "var": 0.683574259281
    },
    "erbbands_spread": {
        "dmean": 2.3804974556,
        "dmean2": 3.77405619621,
        "dvar": 8.87994861603,
        "dvar2": 21.8760166168,
        "max": 143.518112183,
        "mean": 19.2553443909,
        "median": 14.7629909515,
        "min": 2.62107276917,
        "var": 301.662902832
    },
    "hfc": {
        "dmean": 1.63985192776,
        "dmean2": 2.44811010361,
        "dvar": 18.5852222443,
        "dvar2": 41.2563056946,
        "max": 97.5342712402,
        "mean": 7.44035863876,
        "median": 3.28065633774,
        "min": 1.06812595037e-16,
        "var": 117.689109802
    },
    "melbands_crest": {
        "dmean": 2.15285181999,
        "dmean2": 3.43030190468,
        "dvar": 4.77053689957,
        "dvar2": 12.6265106201,
        "max": 32.5289878845,
        "mean": 15.6853408813,
        "median": 14.8475627899,
        "min": 1.55603682995,
        "var": 29.0664615631
    },
    "melbands_flatness_db": {
        "dmean": 0.0165025200695,
        "dmean2": 0.025202376768,
        "dvar": 0.000423920544563,
        "dvar2": 0.000915598182473,
        "max": 0.513935863972,
        "mean": 0.372066050768,
        "median": 0.395593315363,
        "min": 0.0029768878594,
        "var": 0.0084798913449
    },
    "melbands_kurtosis": {
        "dmean": 2.3279902935,
        "dmean2": 3.6803920269,
        "dvar": 13.1214895248,
        "dvar2": 35.947517395,
        "max": 296.603637695,
        "mean": 9.95283412933,
        "median": 5.05826759338,
        "min": -1.75341427326,
        "var": 651.539672852
    },
    "melbands_skewness": {
        "dmean": 0.346383184195,
        "dmean2": 0.544875144958,
        "dvar": 0.121252626181,
        "dvar2": 0.301359921694,
        "max": 11.961438179,
        "mean": 1.90667045116,
        "median": 1.68760251999,
        "min": -1.08830165863,
        "var": 2.00685954094
    },
    "melbands_spread": {
        "dmean": 2.05444908142,
        "dmean2": 3.25896692276,
        "dvar": 16.2987422943,
        "dvar2": 41.7393531799,
        "max": 184.166732788,
        "mean": 11.8865013123,
        "median": 7.51710891724,
        "min": 1.08133101463,
        "var": 396.177093506
    },
    "pitch_salience": {
        "dmean": 0.0422677844763,
        "dmean2": 0.0682444274426,
        "dvar": 0.00179166067392,
        "dvar2": 0.00457115937024,
        "max": 0.997687876225,
        "mean": 0.502697169781,
        "median": 0.50102186203,
        "min": 0.161229521036,
        "var": 0.0121607230976
    },
    "silence_rate_20dB": {
        "dmean": 0,
        "dmean2": 0,
        "dvar": 0,
        "dvar2": 0,
        "max": 1,
        "mean": 1,
        "median": 1,
        "min": 1,
        "var": 0
    },
    "silence_rate_30dB": {
        "dmean": 0.00557724479586,
        "dmean2": 0.0111555270851,
        "dvar": 0.0055457376875,
        "dvar2": 0.012703564018,
        "max": 1,
        "mean": 0.988010048866,
        "median": 1,
        "min": 0,
        "var": 0.0118470368907
    },
    "silence_rate_60dB": {
        "dmean": 0.0316043868661,
        "dmean2": 0.0632146522403,
        "dvar": 0.0306041203439,
        "dvar2": 0.0672071427107,
        "max": 1,
        "mean": 0.240263968706,
        "median": 0,
        "min": 0,
        "var": 0.182539254427
    },
    "spectral_centroid": {
        "dmean": 64.4671173096,
        "dmean2": 101.065597534,
        "dvar": 32627.6289062,
        "dvar2": 64906.0117188,
        "max": 11663.4492188,
        "mean": 762.40234375,
        "median": 482.268371582,
        "min": 186.213729858,
        "var": 2142920.5
    },
    "spectral_complexity": {
        "dmean": 1.21565341949,
        "dmean2": 1.97490000725,
        "dvar": 2.55397319794,
        "dvar2": 5.48263454437,
        "max": 32,
        "mean": 8.87703323364,
        "median": 8,
        "min": 0,
        "var": 34.5649299622
    },
    "spectral_decrease": {
        "dmean": 8.35109204012e-10,
        "dmean2": 1.26518850951e-09,
        "dvar": 3.23514432114e-18,
        "dvar2": 7.68198002667e-18,
        "max": 1.53410605176e-15,
        "mean": -4.07558964355e-09,
        "median": -2.08384731692e-09,
        "min": -4.93947531766e-08,
        "var": 3.26757716305e-17
    },
    "spectral_energy": {
        "dmean": 0.00328411860391,
        "dmean2": 0.00497751822695,
        "dvar": 5.06128853885e-05,
        "dvar2": 0.000119797710795,
        "max": 0.19172218442,
        "mean": 0.0160570666194,
        "median": 0.00818615499884,
        "min": 1.00340926101e-20,
        "var": 0.00050582003314
    },
    "spectral_energyband_high": {
        "dmean": 1.57937229233e-05,
        "dmean2": 2.19981830014e-05,
        "dvar": 9.41196631743e-09,
        "dvar2": 1.98016749664e-08,
        "max": 0.00305544165894,
        "mean": 2.3031312594e-05,
        "median": 2.36102906115e-07,
        "min": 7.06567016368e-21,
        "var": 1.44480392095e-08
    },
    "spectral_energyband_low": {
        "dmean": 0.00101058953442,
        "dmean2": 0.00148767675273,
        "dvar": 9.65245908446e-06,
        "dvar2": 2.10758607864e-05,
        "max": 0.159413039684,
        "mean": 0.00355428410694,
        "median": 0.000723210745491,
        "min": 9.91358975236e-24,
        "var": 9.92975910776e-05
    },
    "spectral_energyband_middle_high": {
        "dmean": 0.000653750787023,
        "dmean2": 0.000925075961277,
        "dvar": 4.27655641033e-06,
        "dvar2": 9.52327354753e-06,
        "max": 0.052574198693,
        "mean": 0.00220634439029,
        "median": 0.000614644610323,
        "min": 1.11587098822e-21,
        "var": 1.6960879293e-05
    },
    "spectral_energyband_middle_low": {
        "dmean": 0.0025663941633,
        "dmean2": 0.00398775050417,
        "dvar": 3.15502365993e-05,
        "dvar2": 8.06043099146e-05,
        "max": 0.129692554474,
        "mean": 0.0110791185871,
        "median": 0.00568823656067,
        "min": 1.2787189149e-22,
        "var": 0.000227830547374
    },
    "spectral_entropy": {
        "dmean": 0.13567276299,
        "dmean2": 0.215983971953,
        "dvar": 0.0312175471336,
        "dvar2": 0.0771605670452,
        "max": 9.82336044312,
        "mean": 6.155377388,
        "median": 5.94094944,
        "min": 4.74308824539,
        "var": 0.654500901699
    },
    "spectral_flux": {
        "dmean": 0.011195236817,
        "dmean2": 0.0181148983538,
        "dvar": 0.000322649430018,
        "dvar2": 0.000790992460679,
        "max": 0.256286382675,
        "mean": 0.0292375199497,
        "median": 0.0206798948348,
        "min": 6.33531491157e-11,
        "var": 0.000849555071909
    },
    "spectral_kurtosis": {
        "dmean": 14.4692811966,
        "dmean2": 25.3590316772,
        "dvar": 200.2552948,
        "dvar2": 572.313659668,
        "max": 164.45854187,
        "mean": 52.1636199951,
        "median": 51.3200683594,
        "min": -1.26613032818,
        "var": 1182.9675293
    },
    "spectral_rms": {
        "dmean": 0.000336198427249,
        "dmean2": 0.000501114060171,
        "dvar": 2.60132026142e-07,
        "dvar2": 5.81143353884e-07,
        "max": 0.0136764775962,
        "mean": 0.00321780261584,
        "median": 0.0028260385152,
        "min": 3.12879496617e-12,
        "var": 5.31107798452e-06
    },
    "spectral_rolloff": {
        "dmean": 174.700714111,
        "dmean2": 309.65045166,
        "dvar": 604197.8125,
        "dvar2": 1603616.875,
        "max": 19681.3476562,
        "mean": 1330.46411133,
        "median": 581.396484375,
        "min": 107.666015625,
        "var": 10912492
    },
    "spectral_skewness": {
        "dmean": 0.874713242054,
        "dmean2": 1.53473699093,
        "dvar": 0.649128913879,
        "dvar2": 1.85676443577,
        "max": 10.0529031754,
        "mean": 4.89019870758,
        "median": 5.12616300583,
        "min": -0.0834406539798,
        "var": 4.63643932343
    },
    "spectral_spread": {
        "dmean": 265620.5,
        "dmean2": 460126.84375,
        "dvar": 464876175360,
        "dvar2": 842474651648,
        "max": 45850076,
        "mean": 2781996.75,
        "median": 1287366.5,
        "min": 553144.4375,
        "var": 3.31738366607e+13
    },
    "spectral_strongpeak": {
        "dmean": 0.225708916783,
        "dmean2": 0.374299347401,
        "dvar": 0.200580283999,
        "dvar2": 0.475977391005,
        "max": 9.38689994812,
        "mean": 0.893700182438,
        "median": 0.633916795254,
        "min": 0,
        "var": 0.836461603642
    },
    "zerocrossingrate": {
        "dmean": 0.00379273528233,
        "dmean2": 0.00493751000613,
        "dvar": 9.41756516113e-05,
        "dvar2": 0.000138754199725,
        "max": 0.5419921875,
        "mean": 0.044894143939,
        "median": 0.0244140625,
        "min": 0.005859375,
        "var": 0.00693413382396
    },
    "barkbands": {
        "dmean": [6.86561065777e-07, 0.000234815684962, 0.000682634301484, 0.000411564600654, 0.000703572761267, 0.00082588911755, 0.00100967637263, 0.000338913378073, 0.000237435102463, 0.000319160200888, 0.000193399158888, 0.000100437304354, 8.3933940914e-05, 5.77225873712e-05, 5.65902664675e-05, 5.65592054045e-05, 3.62203136319e-05, 1.13398427857e-05, 1.34299698402e-05, 9.7476386145e-06, 4.21172535425e-06, 4.46550802735e-06, 1.27818782403e-06, 3.1181704685e-07, 9.37013169278e-08, 2.20422631259e-08, 2.27353282867e-08],
        "dmean2": [1.1563163298e-06, 0.000341529143043, 0.000962167046964, 0.000707574596163, 0.00101452867966, 0.00130477000494, 0.00167352647986, 0.000501279952005, 0.000361761951353, 0.000445021374617, 0.000265575567028, 0.000166091354913, 0.000130700747832, 8.39294225443e-05, 7.87931930972e-05, 8.31730940263e-05, 5.51676239411e-05, 1.71957472048e-05, 1.92798979697e-05, 1.27037419588e-05, 6.20945684204e-06, 6.89540411258e-06, 2.02759019885e-06, 5.09523999881e-07, 1.6767862121e-07, 4.12131839767e-08, 4.34948681516e-08],
        "dvar": [2.10403200938e-12, 6.64211768253e-07, 5.14205476065e-06, 1.31754813992e-06, 4.26835413236e-06, 5.28375721842e-06, 1.39704079629e-05, 7.71571421865e-07, 1.17614740702e-06, 1.30095475015e-06, 8.31755698982e-07, 4.33094385244e-07, 4.32116223692e-07, 1.84479702625e-07, 3.13703445443e-08, 7.52663069647e-08, 2.84078591761e-08, 3.6197274067e-09, 4.28640900552e-09, 3.75028053057e-09, 6.80486778037e-10, 1.00046348983e-09, 1.39338859895e-10, 9.36449008615e-12, 1.10633030515e-12, 1.18795633934e-14, 2.027991958e-16],
        "dvar2": [5.89596297132e-12, 1.21561106425e-06, 1.06808802229e-05, 4.29215788245e-06, 9.66836159932e-06, 1.40760221257e-05, 3.84213053621e-05, 1.56634609993e-06, 2.61682021119e-06, 2.65590006165e-06, 1.58939747053e-06, 1.11023439331e-06, 1.12906309369e-06, 3.65699918348e-07, 5.5632021656e-08, 1.5163428202e-07, 5.98645826244e-08, 8.68417071587e-09, 9.74987024449e-09, 6.81589362728e-09, 1.61312996294e-09, 2.41988429295e-09, 3.40519390463e-10, 2.34042403513e-11, 3.02625806359e-12, 3.29716045048e-14, 6.95998714188e-16],
        "max": [2.84541529254e-05, 0.0669760853052, 0.103118300438, 0.0254465602338, 0.0623283311725, 0.0885715186596, 0.105974122882, 0.0314216911793, 0.0372096337378, 0.0412547029555, 0.0414282418787, 0.0317012444139, 0.0370795764029, 0.0311570577323, 0.00601279688999, 0.00721931271255, 0.00496746599674, 0.00247453921475, 0.00202925992198, 0.00244897487573, 0.000691932742484, 0.000865011708811, 0.000505709205754, 0.000121714634588, 3.83066508221e-05, 4.69701262773e-06, 3.00210842852e-07],
        "mean": [8.10585277122e-07, 0.000819573819172, 0.00212570512667, 0.000899803533684, 0.00171884323936, 0.00314881722443, 0.00317693897523, 0.000973455840722, 0.000756194524001, 0.000928121386096, 0.000603567052167, 0.000193132451386, 0.000178393325768, 0.000134353947942, 0.000151571526658, 9.49433233473e-05, 7.24974379409e-05, 2.4657099857e-05, 2.63082511083e-05, 1.71901901922e-05, 5.46755427422e-06, 4.94153482578e-06, 1.32046534418e-06, 2.74196082728e-07, 8.37771807483e-08, 5.08295556756e-08, 5.57987540617e-08],
        "median": [3.11461889169e-07, 3.77094038413e-05, 0.000282535620499, 0.000209217512747, 0.000543328234926, 0.000971252680756, 0.000387111940654, 0.000163403703482, 8.23488517199e-05, 0.00018736263155, 6.66716878186e-05, 3.95932147512e-05, 5.1770995924e-05, 2.63778329099e-05, 3.28262503899e-05, 5.29644330527e-06, 5.02658485857e-06, 8.63749789914e-07, 4.21039459297e-07, 8.7905000612e-08, 1.84815434068e-08, 9.73772351642e-09, 1.01776764794e-08, 2.22484306533e-08, 1.96630978166e-08, 4.80365365263e-08, 5.66814506442e-08],
        "min": [1.5173934262e-25, 2.43028579756e-24, 4.86067394982e-25, 2.93914930055e-25, 6.7467328919e-24, 7.58295069499e-24, 4.11242537893e-24, 4.85958236354e-24, 6.55503456434e-24, 1.13412607523e-23, 1.1076227154e-23, 1.24160671696e-23, 2.83433494951e-23, 1.23209029343e-23, 5.28140072572e-23, 6.35338728081e-23, 6.59415267779e-23, 8.82854628711e-23, 9.29964960209e-23, 1.60432522939e-22, 2.49463465677e-22, 2.92780486936e-22, 3.89420718857e-22, 5.36070743687e-22, 8.49683519896e-22, 1.27626597401e-21, 1.80990551149e-21],
        "var": [2.48554670769e-12, 1.10311248136e-05, 4.42590717284e-05, 4.04168531531e-06, 1.53409073391e-05, 3.31375194946e-05, 6.06391913607e-05, 5.26207713847e-06, 7.3695273386e-06, 5.12048791279e-06, 4.61778699901e-06, 6.75278386097e-07, 4.99312818647e-07, 3.81798201943e-07, 1.37228369113e-07, 1.49190640286e-07, 6.9787390089e-08, 7.63987895169e-09, 8.89754403488e-09, 7.41048822306e-09, 7.72131858451e-10, 1.06269759659e-09, 1.34626226833e-10, 7.76350511655e-12, 7.39087285297e-13, 7.97353448458e-15, 3.75349812733e-16]
    },
    "erbbands": {
        "dmean": [0.00174822472036, 0.0754477605224, 0.638660848141, 1.18334984779, 0.822221517563, 2.40936088562, 6.16276693344, 7.59996557236, 14.1976366043, 9.95906448364, 5.25127220154, 6.52206945419, 8.71176338196, 7.89717769623, 7.26380443573, 4.1148223877, 4.01203536987, 2.97837591171, 2.53567743301, 2.76817369461, 2.82028222084, 1.4381955862, 0.86737883091, 0.695830643177, 0.504706203938, 0.435700923204, 0.240323722363, 0.193306431174, 0.136937215924, 0.0829280465841, 0.0354755930603, 0.0112706711516, 0.00407652417198, 0.00157844007481, 0.000471029023174, 0.000105593644548, 6.08039117651e-05, 4.09378435506e-06, 3.11623375637e-06, 3.82410644306e-06],
        "dmean2": [0.00265959021635, 0.10713814199, 0.883578777313, 1.96021032333, 1.37045693398, 3.45438933372, 8.68380737305, 12.5647735596, 23.7615795135, 15.7233076096, 7.73185110092, 9.66978168488, 11.8342294693, 11.5404672623, 10.1428165436, 6.65281486511, 6.23352813721, 4.43637228012, 3.55333375931, 3.99782419205, 4.1441783905, 2.19310164452, 1.27964794636, 1.03571784496, 0.697281777859, 0.572789669037, 0.326400846243, 0.284772843122, 0.210541188717, 0.128888770938, 0.0560450777411, 0.0174112375826, 0.00684034405276, 0.00278287404217, 0.00083559245104, 0.000189207843505, 0.000115474562335, 7.43382724977e-06, 5.53649124413e-06, 5.89156979913e-06],
        "dvar": [2.72564539046e-05, 0.0686993673444, 4.90296268463, 10.728928566, 3.99522233009, 54.466506958, 341.319793701, 451.798248291, 2493.52294922, 1272.58886719, 232.171737671, 922.371154785, 1076.38085938, 928.534484863, 1443.27600098, 894.918823242, 1065.80236816, 506.368835449, 61.3116226196, 74.3647689819, 165.133041382, 38.379901886, 21.8341312408, 12.375421524, 9.66643238068, 9.81536006927, 2.51073884964, 1.48191905022, 0.943104088306, 0.391074419022, 0.135043531656, 0.00963132549077, 0.00211678352207, 0.000312418327667, 3.46048218489e-05, 1.27826785956e-06, 8.35671798427e-09, 2.63573659426e-11, 1.20180341373e-11, 6.44626296786e-11],
        "dvar2": [6.19034326519e-05, 0.124048858881, 9.73907661438, 31.4898490906, 11.2332191467, 119.635482788, 648.652587891, 1430.27587891, 7384.69628906, 2983.68774414, 495.117828369, 2012.57080078, 1886.04650879, 2048.1550293, 2770.40161133, 2341.57568359, 2766.72558594, 1025.79321289, 114.727859497, 146.767486572, 333.206787109, 82.8870315552, 47.8937683105, 30.6601142883, 20.04454422, 17.4704399109, 5.27343797684, 3.44220685959, 2.29188251495, 0.939160466194, 0.334289729595, 0.0219868272543, 0.00557802524418, 0.000842840294354, 9.50652247411e-05, 3.51874291482e-06, 2.34940564781e-08, 7.74740480103e-11, 2.9756228731e-11, 1.51237661283e-10],
        "max": [0.313208580017, 21.2774429321, 117.059165955, 100.763809204, 44.6075706482, 237.242416382, 812.019165039, 746.568054199, 1694.91479492, 1454.97521973, 634.239868164, 1093.64599609, 1157.68054199, 1190.66918945, 2038.46972656, 1628.40698242, 1927.47717285, 1602.79931641, 305.774169922, 227.504547119, 495.931610107, 163.667633057, 168.607818604, 147.574615479, 144.97996521, 153.802749634, 79.5917510986, 37.7842597961, 28.9976959229, 18.3808994293, 15.9702501297, 3.62841439247, 1.91879367828, 0.785563409328, 0.215249240398, 0.0493070110679, 0.00414366088808, 0.000199269736186, 9.54509305302e-05, 0.000213005434489],
        "mean": [0.00508420309052, 0.276828885078, 2.20759534836, 2.9999229908, 1.96496450901, 5.76241207123, 18.9516677856, 30.446187973, 47.8561630249, 27.9221553802, 18.727891922, 21.9404964447, 27.3940658569, 23.6351108551, 22.0470428467, 8.65180206299, 8.48490905762, 7.14389133453, 7.39802932739, 6.72702217102, 5.22528934479, 3.0339910984, 1.94594621658, 1.47790145874, 0.997941017151, 0.76819396019, 0.374230980873, 0.246013581753, 0.155539423227, 0.083783403039, 0.0361235029995, 0.0108431577682, 0.00357070169412, 0.0013577148784, 0.000464388373075, 0.000179065173143, 0.000138184099342, 2.08328619919e-05, 1.4575921341e-05, 1.9163797333e-05],
        "median": [0.000576390884817, 0.0158402416855, 0.247810140252, 0.88080072403, 0.674984693527, 1.82589066029, 5.49283885956, 9.73261165619, 8.77338981628, 6.91629362106, 3.96839237213, 2.60619354248, 5.42257022858, 4.63864374161, 3.20403337479, 1.88359677792, 2.42698359489, 1.96488618851, 1.78387308121, 1.40922057629, 0.45437052846, 0.249576419592, 0.0570882931352, 0.0436401069164, 0.0132647827268, 0.00356459454633, 0.00161661440507, 0.000521774461959, 0.000357779907063, 0.000317382538924, 0.000297552469419, 0.000305990368361, 0.000482550123706, 0.000239835339016, 0.000140986783663, 0.000124710553791, 0.000138629606226, 2.10683865589e-05, 1.15143311632e-05, 1.02934309325e-05],
        "min": [5.51024643442e-23, 4.81960641118e-22, 1.37977058322e-21, 2.83330241263e-21, 6.57708874551e-21, 1.57931752585e-20, 3.11078233015e-20, 7.96410398495e-20, 9.70646817994e-20, 1.47726120972e-19, 2.54386395145e-19, 1.87796287883e-19, 5.50625027359e-19, 5.57120669914e-19, 7.0770802155e-19, 6.76501081978e-19, 1.65511726819e-18, 1.07587918456e-18, 1.96472497441e-18, 3.19327409289e-18, 4.02555592828e-18, 4.98585058091e-18, 5.24040176594e-18, 4.73979991744e-18, 6.34635258468e-18, 8.01479614613e-18, 9.72701617354e-18, 8.88112390835e-18, 1.06019739111e-17, 1.01845314247e-17, 1.14046046302e-17, 1.03433501023e-17, 8.87534439741e-18, 8.21750419986e-18, 5.7827965013e-18, 4.00464687035e-18, 2.26182963887e-18, 9.22845187768e-19, 2.38920133943e-19, 2.50797413564e-20],
        "var": [0.000264976144535, 1.10172688961, 49.7466316223, 47.0346031189, 12.6355161667, 191.69821167, 1779.03649902, 2700.83203125, 11822.9072266, 4991.43164062, 2395.06518555, 5853.90966797, 4973.9453125, 3790.171875, 7547.82275391, 1242.67175293, 1203.07897949, 1012.70483398, 247.809295654, 274.623138428, 333.553497314, 93.8406829834, 53.1078681946, 24.6855106354, 19.1818370819, 19.0100860596, 3.94157409668, 1.75091874599, 0.980707943439, 0.403441756964, 0.126333132386, 0.00970058981329, 0.00154311244842, 0.000216344778892, 2.28945427807e-05, 8.50644994443e-07, 7.24572801758e-09, 3.82218805217e-11, 1.1021469154e-10, 6.39239106093e-10]
    },
    "gfcc": {
        "mean": [-209.777008057, 179.034820557, -107.399261475, -38.2584724426, -31.513584137, -15.8210420609, -39.1189308167, -9.92676734924, -16.6562728882, -6.3354306221, -12.1387329102, -6.25844478607, -6.99497079849],
        "cov": [[33027.9960938, 8114.00048828, -5954.79980469, -416.776550293, -613.614440918, -1301.95385742, -120.373954773, -468.839294434, 206.967697144, -306.293060303, 103.188789368, -95.468460083, 155.494171143], [8114.00048828, 3355.92944336, -1186.72399902, -877.266113281, 246.557266235, -305.915313721, -257.467895508, -112.489242554, 10.2586545944, -120.300796509, 54.2649230957, -36.3865737915, 92.4012374878], [-5954.79980469, -1186.72399902, 1885.38208008, -1.74876832962, 217.278381348, 493.590454102, -78.2046051025, 99.6532592773, -119.754219055, 49.9934806824, -71.5693206787, -14.2650880814, -83.249961853], [-416.776550293, -877.266113281, -1.74876832962, 1173.02856445, -71.7300491333, 55.1499290466, 479.672485352, 4.66335487366, 118.289375305, 52.4016189575, 31.5177536011, 16.8039455414, -34.2632446289], [-613.614440918, 246.557266235, 217.278381348, -71.7300491333, 292.826629639, 93.3875198364, -11.2875328064, 28.5882797241, -19.081571579, -5.75358724594, 4.97971010208, -27.1121177673, -20.3632335663], [-1301.95385742, -305.915313721, 493.590454102, 55.1499290466, 93.3875198364, 325.604858398, 42.6040458679, 27.7445678711, -21.6254043579, 0.840399384499, -39.1875305176, -18.2771930695, -60.5515785217], [-120.373954773, -257.467895508, -78.2046051025, 479.672485352, -11.2875328064, 42.6040458679, 338.456970215, 17.7223205566, 73.4227828979, 28.1511554718, 18.7648124695, 8.52240180969, 4.74316453934], [-468.839294434, -112.489242554, 99.6532592773, 4.66335487366, 28.5882797241, 27.7445678711, 17.7223205566, 76.2390060425, 17.9254245758, 12.1347885132, 9.8804397583, -12.23295784, -19.1548366547], [206.967697144, 10.2586545944, -119.754219055, 118.289375305, -19.081571579, -21.6254043579, 73.4227828979, 17.9254245758, 102.869537354, 29.3669471741, 33.8235359192, 16.5661468506, 8.82057857513], [-306.293060303, -120.300796509, 49.9934806824, 52.4016189575, -5.75358724594, 0.840399384499, 28.1511554718, 12.1347885132, 29.3669471741, 63.638961792, 23.2516021729, 4.89921092987, 0.271044492722], [103.188789368, 54.2649230957, -71.5693206787, 31.5177536011, 4.97971010208, -39.1875305176, 18.7648124695, 9.8804397583, 33.8235359192, 23.2516021729, 74.5245437622, 33.7474250793, 9.24966716766], [-95.468460083, -36.3865737915, -14.2650880814, 16.8039455414, -27.1121177673, -18.2771930695, 8.52240180969, -12.23295784, 16.5661468506, 4.89921092987, 33.7474250793, 80.4611587524, 36.8429756165], [155.494171143, 92.4012374878, -83.249961853, -34.2632446289, -20.3632335663, -60.5515785217, 4.74316453934, -19.1548366547, 8.82057857513, 0.271044492722, 9.24966716766, 36.8429756165, 80.6495361328]],
        "icov": [[0.000546775816474, -0.00154979142826, 0.00107161654159, -0.00139176112134, 0.00181947741657, -0.000947705877479, 0.00121593347285, -0.00104704580735, 0.00134658697061, -0.00113016052637, 0.00103845668491, -0.000365953863366, 0.000568584364373], [-0.00154979142826, 0.00513298902661, -0.00263646780513, 0.0045420541428, -0.00601638155058, 0.00271926703863, -0.00364275695756, 0.00397724006325, -0.00440679397434, 0.00408586580306, -0.00363018829376, 0.00169537658803, -0.00189323478844], [0.00107161654159, -0.00263646780513, 0.00361884734593, -0.00286954082549, 0.0027050790377, -0.00356498477049, 0.00331419939175, -0.00311614852399, 0.00389593001455, -0.00349493627436, 0.00246895034797, -0.00120993622113, 0.000397585361497], [-0.00139176112134, 0.0045420541428, -0.00286954082549, 0.00648556044325, -0.00486196018755, 0.0032354388386, -0.00683268066496, 0.00499372975901, -0.00486581865698, 0.00375542603433, -0.00329483975656, 0.00105555867776, 0.000477404828416], [0.00181947741657, -0.00601638155058, 0.0027050790377, -0.00486196018755, 0.011461911723, -0.00414318637922, 0.00374793284573, -0.005059865769, 0.00542055815458, -0.00343701103702, 0.00151783251204, 0.000452701380709, 0.00151076086331], [-0.000947705877479, 0.00271926703863, -0.00356498477049, 0.0032354388386, -0.00414318637922, 0.00869879405946, -0.00459036091343, 0.00311715574935, -0.00377634773031, 0.0031364208553, 0.000940197089221, -0.00118081551045, 0.00373563310131], [0.00121593347285, -0.00364275695756, 0.00331419939175, -0.00683268066496, 0.00374793284573, -0.00459036091343, 0.0117413019761, -0.00523748900741, 0.00237258942798, -0.00384229258634, 0.00264827557839, -0.000211714970646, -0.00254071527161], [-0.00104704580735, 0.00397724006325, -0.00311614852399, 0.00499372975901, -0.005059865769, 0.00311715574935, -0.00523748900741, 0.0216845665127, -0.00808857008815, 0.0041152597405, -0.00619117030874, 0.00478090951219, 0.00228474475443], [0.00134658697061, -0.00440679397434, 0.00389593001455, -0.00486581865698, 0.00542055815458, -0.00377634773031, 0.00237258942798, -0.00808857008815, 0.0205599218607, -0.00918007735163, 0.00012799903925, -0.00291971256956, -1.88926787814e-05], [-0.00113016052637, 0.00408586580306, -0.00349493627436, 0.00375542603433, -0.00343701103702, 0.0031364208553, -0.00384229258634, 0.0041152597405, -0.00918007735163, 0.0257108677179, -0.00999038293958, 0.00517817074433, -0.00212616589852], [0.00103845668491, -0.00363018829376, 0.00246895034797, -0.00329483975656, 0.00151783251204, 0.000940197089221, 0.00264827557839, -0.00619117030874, 0.00012799903925, -0.00999038293958, 0.0272904131562, -0.0132626146078, 0.0057170833461], [-0.000365953863366, 0.00169537658803, -0.00120993622113, 0.00105555867776, 0.000452701380709, -0.00118081551045, -0.000211714970646, 0.00478090951219, -0.00291971256956, 0.00517817074433, -0.0132626146078, 0.0236895009875, -0.0106606734917], [0.000568584364373, -0.00189323478844, 0.000397585361497, 0.000477404828416, 0.00151076086331, 0.00373563310131, -0.00254071527161, 0.00228474475443, -1.88926787814e-05, -0.00212616589852, 0.0057170833461, -0.0106606734917, 0.0221872609109]]
    },
    "melbands": {
        "dmean": [3.84859449696e-05, 0.000249716336839, 0.000185996250366, 8.75114637893e-05, 0.000213377585169, 0.000172259984538, 0.00021523621399, 0.000105038576294, 3.76540665457e-05, 4.24273457611e-05, 4.39785762865e-05, 3.34925134666e-05, 2.3052076358e-05, 1.53482797032e-05, 8.34019374452e-06, 8.37973220769e-06, 5.95768051426e-06, 3.90828881791e-06, 4.64616914542e-06, 4.69572933071e-06, 3.07340224026e-06, 1.71379747371e-06, 1.15731870665e-06, 5.91287971474e-07, 6.24301435437e-07, 3.93813849087e-07, 3.27006830503e-07, 2.97239779457e-07, 1.67330881595e-07, 1.60524351145e-07, 1.03398818396e-07, 9.50006082689e-08, 5.82052059883e-08, 3.63274281767e-08, 2.56152521416e-08, 9.27155863195e-09, 5.72336489313e-09, 3.10166403672e-09, 1.36956457286e-09, 1.3291869827e-09],
        "dmean2": [5.72355857003e-05, 0.000343380059348, 0.000306345231365, 0.000131814231281, 0.000301902648062, 0.000283943110844, 0.000359591154847, 0.000164249184309, 5.57878265681e-05, 6.32331793895e-05, 6.01282081334e-05, 4.94620580866e-05, 3.26152476191e-05, 2.33728133026e-05, 1.31155011331e-05, 1.31851156766e-05, 8.78276205185e-06, 5.56104214411e-06, 6.34413936496e-06, 6.97840960129e-06, 4.56830139228e-06, 2.66470033239e-06, 1.67776397575e-06, 8.9447883056e-07, 9.36952062602e-07, 5.46382636912e-07, 4.46013984856e-07, 3.90682714624e-07, 2.19101579546e-07, 2.4279080435e-07, 1.54782398454e-07, 1.48348661355e-07, 8.93966287663e-08, 5.72179637004e-08, 4.13603018501e-08, 1.41766758333e-08, 9.15414588576e-09, 5.31571409113e-09, 2.3426822704e-09, 2.37211650322e-09],
        "dvar": [1.64369104994e-08, 7.33703075184e-07, 2.40777097815e-07, 4.95681042878e-08, 3.7082355675e-07, 2.38234918015e-07, 5.78967046749e-07, 1.12747549963e-07, 1.38715554598e-08, 3.97207706726e-08, 2.82688663589e-08, 1.68971112657e-08, 1.3143449884e-08, 7.28833438046e-09, 3.78088182984e-09, 3.32761884714e-09, 2.55612886413e-09, 1.81174950042e-10, 2.96710656045e-10, 4.57418825039e-10, 2.17946036218e-10, 6.78898812168e-11, 6.18192927404e-11, 1.07571521135e-11, 1.18207058725e-11, 5.13992971449e-12, 3.23009045726e-12, 5.46332467113e-12, 1.62547416933e-12, 1.32251392997e-12, 5.29742374099e-13, 4.88111992231e-13, 2.31421002153e-13, 6.58681347855e-14, 9.44899811606e-14, 6.227997786e-15, 3.15601384477e-15, 1.23990863929e-15, 1.84199239016e-16, 2.67016442831e-16],
        "dvar2": [3.28326947852e-08, 1.42692772442e-06, 7.0735444524e-07, 1.12812486464e-07, 7.59439728881e-07, 7.50076992517e-07, 1.67786652128e-06, 2.58452132584e-07, 2.9654879441e-08, 8.52278674301e-08, 5.09010611438e-08, 3.83101443902e-08, 2.70929358948e-08, 1.70395697552e-08, 9.38650224214e-09, 9.09116248948e-09, 5.09864062082e-09, 3.42452649571e-10, 5.05693154018e-10, 9.37199984286e-10, 4.49454917728e-10, 1.50866485971e-10, 1.13792683609e-10, 2.68125400354e-11, 2.97786691139e-11, 1.04798721784e-11, 6.23473191477e-12, 9.74966982148e-12, 3.1352390302e-12, 3.23464887687e-12, 1.24931694764e-12, 1.20146774474e-12, 5.460971844e-13, 1.60843777533e-13, 2.38100609107e-13, 1.35043580864e-14, 7.49715214362e-15, 3.31932709095e-15, 4.75295597693e-16, 7.29447992335e-16],
        "max": [0.0097543373704, 0.0505689643323, 0.0155017469078, 0.00694444496185, 0.0240551736206, 0.0166260655969, 0.0220308694988, 0.0128215923905, 0.0047923065722, 0.00703585054725, 0.00572104379535, 0.00438683805987, 0.00589250493795, 0.00342469313182, 0.00308212824166, 0.00301339034922, 0.0036893861834, 0.00062636093935, 0.000675946008414, 0.000634394469671, 0.000658677134197, 0.00021233294683, 0.000395249022404, 0.000120763048471, 0.000151355401613, 9.05021443032e-05, 5.72369681322e-05, 0.000117890245747, 6.66518972139e-05, 3.6064437154e-05, 3.02503303828e-05, 1.91515100596e-05, 1.61807129189e-05, 6.33200079392e-06, 1.36884045787e-05, 3.669258831e-06, 2.11291035157e-06, 1.34590504786e-06, 5.35832953119e-07, 7.87529302215e-07],
        "mean": [0.000125742400996, 0.00089090783149, 0.000491574406624, 0.000211919017602, 0.000625274085905, 0.00066541909473, 0.000708579842467, 0.000279524974758, 0.000131789420266, 0.000139234529343, 0.000135073525598, 9.6186537121e-05, 6.96145871188e-05, 3.76125426556e-05, 1.57981266966e-05, 1.76768553501e-05, 1.32267077788e-05, 1.10814380605e-05, 1.18131611089e-05, 8.26107316243e-06, 5.59193722438e-06, 3.31795536113e-06, 2.59666194324e-06, 1.24916277855e-06, 1.24256007439e-06, 7.90219644387e-07, 5.86304167882e-07, 5.07137542627e-07, 2.65722377435e-07, 1.96905446614e-07, 1.26158226976e-07, 1.06969373803e-07, 5.93748374911e-08, 3.59566243446e-08, 2.55547156769e-08, 9.42554478911e-09, 5.01387731333e-09, 2.56938892385e-09, 1.29749022637e-09, 1.06829334268e-09],
        "median": [7.70409133111e-06, 9.53937924351e-05, 0.000156561247422, 8.76365156728e-05, 0.000201886738068, 0.00021648746042, 0.000111110319267, 6.88779546181e-05, 2.4302615202e-05, 1.39338626468e-05, 2.51999754255e-05, 1.62963460753e-05, 8.81999312696e-06, 6.72320356898e-06, 3.78261211154e-06, 4.80725975649e-06, 2.96361076835e-06, 2.52863037531e-06, 2.13316639019e-06, 9.02054125618e-07, 4.13300114133e-07, 2.8627704296e-07, 5.01883121728e-08, 3.9888437442e-08, 3.25142401891e-08, 9.91842430409e-09, 4.22584056636e-09, 1.63725322189e-09, 1.07894981838e-09, 3.81511988667e-10, 2.48486509147e-10, 1.96828164878e-10, 1.78022735442e-10, 1.70711722536e-10, 1.66134425661e-10, 1.66072461338e-10, 1.84248796775e-10, 2.9951724434e-10, 3.40795863751e-10, 1.53710835726e-10],
        "min": [1.0183502061e-24, 1.21478455871e-24, 6.71954430777e-25, 9.95758610277e-25, 1.0793619904e-24, 1.93354915744e-24, 1.30841692474e-24, 7.73481420924e-25, 1.43038478006e-24, 9.13707018157e-25, 2.42664342954e-24, 1.93704972771e-24, 1.88646993862e-24, 2.11134854472e-24, 2.58898844004e-24, 2.6415987571e-24, 1.61473131842e-24, 2.2308136402e-24, 3.71277266713e-24, 2.9566433758e-24, 3.91904086118e-24, 3.94789265993e-24, 4.21601662086e-24, 4.64406043664e-24, 3.20037082716e-24, 3.75208712806e-24, 3.88195532674e-24, 3.38392534917e-24, 4.39987012115e-24, 4.55338521432e-24, 5.12478438367e-24, 5.26670006609e-24, 4.38581380311e-24, 5.22303385397e-24, 5.53397087394e-24, 5.95076711094e-24, 5.59344073101e-24, 6.30496762954e-24, 5.58855058225e-24, 5.88734466631e-24],
        "var": [2.37765661382e-07, 8.19540491648e-06, 1.15288230518e-06, 1.87529963114e-07, 1.76096955329e-06, 1.30923160668e-06, 2.64609707301e-06, 4.51128045142e-07, 1.41098837503e-07, 2.58222371485e-07, 1.26534786205e-07, 6.3894653124e-08, 6.34317629533e-08, 2.02778878133e-08, 4.81244644135e-09, 4.03361211099e-09, 5.07125408333e-09, 6.85267231848e-10, 1.23667309726e-09, 9.48563227965e-10, 4.09248940292e-10, 1.39349309869e-10, 1.85236340156e-10, 2.22595605143e-11, 2.12793827697e-11, 1.16893153143e-11, 6.57299562001e-12, 1.031975113e-11, 2.88138783666e-12, 1.35801103435e-12, 5.84418689657e-13, 5.01765187559e-13, 2.48093077115e-13, 6.45771617062e-14, 8.49376992351e-14, 6.96840029662e-15, 2.87803668972e-15, 8.69620086644e-16, 1.38351635217e-16, 1.79360841238e-16]
    },
    "mfcc": {
        "mean": [-834.887451172, 215.268096924, -8.99232292175, -10.7669591904, 5.68904590607, -3.07888269424, -13.7706604004, -8.96907138824, -5.83640098572, -5.76428937912, -7.06458473206, -7.20234870911, -2.11814761162],
        "cov": [[13149.7041016, 4796.41503906, -2492.21679688, 859.901672363, -580.90222168, -246.860870361, -309.244598389, -13.504240036, -10.9336690903, -8.12665939331, -77.8964767456, 20.6463108063, 289.50213623], [4796.41503906, 4008.08618164, -472.51260376, -650.798278809, 242.553710938, -159.375793457, -251.135848999, -163.192245483, -85.7434539795, -94.9496307373, -126.447364807, -143.715209961, -28.9784145355], [-2492.21679688, -472.51260376, 944.981384277, -217.209381104, 221.322296143, 210.376022339, 101.744132996, 30.4687042236, 21.3301582336, 8.44385051727, 10.7019710541, -1.81227529049, -72.5746307373], [859.901672363, -650.798278809, -217.209381104, 805.311401367, -151.463287354, 86.259147644, 158.63873291, 108.035209656, 79.4751739502, 68.7521286011, 59.9598731995, 100.724113464, 103.920455933], [-580.90222168, 242.553710938, 221.322296143, -151.463287354, 271.848876953, 68.9326019287, 33.3888587952, 15.1523609161, -2.06003642082, -4.07756567001, 5.4568977356, -2.10385537148, -23.8641242981], [-246.860870361, -159.375793457, 210.376022339, 86.259147644, 68.9326019287, 234.804656982, 116.242927551, 71.0408477783, 57.3181343079, 21.3784484863, 23.7420864105, 36.75756073, 7.5814704895], [-309.244598389, -251.135848999, 101.744132996, 158.63873291, 33.3888587952, 116.242927551, 173.874038696, 79.7380752563, 47.1556396484, 35.5244140625, 30.6139450073, 33.278427124, 3.34116315842], [-13.504240036, -163.192245483, 30.4687042236, 108.035209656, 15.1523609161, 71.0408477783, 79.7380752563, 107.498512268, 40.8515625, 18.7568187714, 33.0242080688, 28.3575820923, 20.568731308], [-10.9336690903, -85.7434539795, 21.3301582336, 79.4751739502, -2.06003642082, 57.3181343079, 47.1556396484, 40.8515625, 76.7474441528, 30.1086101532, 8.07558059692, 19.5923957825, 3.68160152435], [-8.12665939331, -94.9496307373, 8.44385051727, 68.7521286011, -4.07756567001, 21.3784484863, 35.5244140625, 18.7568187714, 30.1086101532, 82.4778594971, 37.754901886, 9.27143955231, -0.685999691486], [-77.8964767456, -126.447364807, 10.7019710541, 59.9598731995, 5.4568977356, 23.7420864105, 30.6139450073, 33.0242080688, 8.07558059692, 37.754901886, 85.3561782837, 39.7011451721, -0.658593475819], [20.6463108063, -143.715209961, -1.81227529049, 100.724113464, -2.10385537148, 36.75756073, 33.278427124, 28.3575820923, 19.5923957825, 9.27143955231, 39.7011451721, 84.0143432617, 41.5887641907], [289.50213623, -28.9784145355, -72.5746307373, 103.920455933, -23.8641242981, 7.5814704895, 3.34116315842, 20.568731308, 3.68160152435, -0.685999691486, -0.658593475819, 41.5887641907, 105.373374939]],
