{
"lowlevel": {
    "average_loudness": 0.255128890276,
    "barkbands_crest": {
        "dmean": 2.05617594719,
        "dmean2": 3.28584337234,
        "dvar": 4.43419504166,
        "dvar2": 10.5668849945,
        "max": 25.9617652893,
        "mean": 12.0505142212,
        "median": 11.2272644043,
        "min": 2.43718004227,
        "var": 17.3826293945
    },
    "barkbands_flatness_db": {
        "dmean": 0.0291417874396,
        "dmean2": 0.0423910096288,
        "dvar": 0.00105814181734,
        "dvar2": 0.0022396792192,
        "max": 0.546468138695,
        "mean": 0.235617056489,
        "median": 0.231230020523,
        "min": 0.020398883149,
        "var": 0.00619788840413
    },
    "barkbands_kurtosis": {
        "dmean": 5.47771692276,
        "dmean2": 8.6330280304,
        "dvar": 115.02520752,
        "dvar2": 278.789123535,
        "max": 286.078399658,
        "mean": 12.7356090546,
        "median": 6.68363857269,
        "min": -1.83005928993,
        "var": 386.673706055
    },
    "barkbands_skewness": {
        "dmean": 0.605507850647,
        "dmean2": 0.93471634388,
        "dvar": 0.551847219467,
        "dvar2": 1.28109383583,
        "max": 13.3337717056,
        "mean": 2.18994140625,
        "median": 1.83800601959,
        "min": -2.80338954926,
        "var": 2.82571434975
    },
    "barkbands_spread": {
        "dmean": 2.96429872513,
        "dmean2": 4.56216287613,
        "dvar": 42.5914993286,
        "dvar2": 94.8570022583,
        "max": 100.070991516,
        "mean": 8.32455444336,
        "median": 5.77710962296,
        "min": 0.448047101498,
        "var": 82.9108810425
    },
    "dissonance": {
        "dmean": 0.0324203707278,
        "dmean2": 0.0542956218123,
        "dvar": 0.000955769501161,
        "dvar2": 0.00253552268259,
        "max": 0.5,
        "mean": 0.417217195034,
        "median": 0.425424605608,
        "min": 0.124177865684,
        "var": 0.00249677314423
    },
    "dynamic_complexity": 4.93437051773,
    "erbbands_crest": {
        "dmean": 2.42387795448,
        "dmean2": 3.8409743309,
        "dvar": 6.63143157959,
        "dvar2": 14.8817901611,
        "max": 33.4117851257,
        "mean": 12.3515052795,
        "median": 11.2820224762,
        "min": 2.6811311245,
        "var": 29.7125835419
    },
    "erbbands_flatness_db": {
        "dmean": 0.0247451104224,
        "dmean2": 0.0349099598825,
        "dvar": 0.000736775691621,
        "dvar2": 0.00144943362102,
        "max": 0.45593559742,
        "mean": 0.210193231702,
        "median": 0.207279413939,
        "min": 0.0323755480349,
        "var": 0.00586426770315
    },
    "erbbands_kurtosis": {
        "dmean": 1.83702814579,
        "dmean2": 2.82211518288,
        "dvar": 8.21148777008,
        "dvar2": 17.6921787262,
        "max": 111.265464783,
        "mean": 3.89287662506,
        "median": 2.60363149643,
        "min": -1.82383728027,
        "var": 28.5399532318
    },
    "erbbands_skewness": {
        "dmean": 0.377316981554,
        "dmean2": 0.582147538662,
        "dvar": 0.188829436898,
        "dvar2": 0.433695077896,
        "max": 9.08692359924,
        "mean": 1.26335430145,
        "median": 1.24448740482,
        "min": -4.5867357254,
        "var": 0.923681855202
    },
    "erbbands_spread": {
        "dmean": 6.3879532814,
        "dmean2": 9.69528102875,
        "dvar": 127.43422699,
        "dvar2": 281.815338135,
        "max": 156.55619812,
        "mean": 24.0367298126,
        "median": 17.2492828369,
        "min": 1.0576479435,
        "var": 415.542541504
    },
    "hfc": {
        "dmean": 3.89422059059,
        "dmean2": 5.60374307632,
        "dvar": 72.8628845215,
        "dvar2": 160.885192871,
        "max": 175.285507202,
        "mean": 9.29361152649,
        "median": 4.92040729523,
        "min": 1.13252434334e-16,
        "var": 159.620071411
    },
    "melbands_crest": {
        "dmean": 2.47200250626,
        "dmean2": 3.97184181213,
        "dvar": 6.83407974243,
        "dvar2": 16.505241394,
        "max": 32.6760482788,
        "mean": 15.5648565292,
        "median": 14.6061878204,
        "min": 2.40604829788,
        "var": 28.308681488
    },
    "melbands_flatness_db": {
        "dmean": 0.0338167846203,
        "dmean2": 0.0493450723588,
        "dvar": 0.001564818318,
        "dvar2": 0.00339104817249,
        "max": 0.709407866001,
        "mean": 0.336186021566,
        "median": 0.329730510712,
        "min": 0.00625531701371,
        "var": 0.00850471481681
    },
    "melbands_kurtosis": {
        "dmean": 9.32053375244,
        "dmean2": 14.8014602661,
        "dvar": 404.613616943,
        "dvar2": 975.386962891,
        "max": 497.4503479,
        "mean": 22.8264827728,
        "median": 9.54887676239,
        "min": -1.84018468857,
        "var": 1641.05749512
    },
    "melbands_skewness": {
        "dmean": 0.689607083797,
        "dmean2": 1.06702184677,
        "dvar": 0.796220541,
        "dvar2": 1.81167018414,
        "max": 16.8175067902,
        "mean": 2.67051196098,
        "median": 2.14719414711,
        "min": -3.15254259109,
        "var": 4.55566835403
    },
    "melbands_spread": {
        "dmean": 2.15945076942,
        "dmean2": 3.37159657478,
        "dvar": 14.8002996445,
        "dvar2": 30.3454532623,
        "max": 185.853759766,
        "mean": 7.61778974533,
        "median": 6.1058883667,
        "min": 0.421965718269,
        "var": 43.7100105286
    },
    "pitch_salience": {
        "dmean": 0.0618780180812,
        "dmean2": 0.100162558258,
        "dvar": 0.00407111598179,
        "dvar2": 0.0100050540641,
        "max": 0.897007763386,
        "mean": 0.511904656887,
        "median": 0.516956746578,
        "min": 0.0906966179609,
        "var": 0.0148650631309
    },
    "silence_rate_20dB": {
        "dmean": 0,
        "dmean2": 0,
        "dvar": 0,
        "dvar2": 0,
        "max": 1,
        "mean": 1,
        "median": 1,
        "min": 1,
        "var": 0
    },
    "silence_rate_30dB": {
        "dmean": 0.0215667616576,
        "dmean2": 0.0431369431317,
        "dvar": 0.0210995562375,
        "dvar2": 0.0480940341949,
        "max": 1,
        "mean": 0.973598659039,
        "median": 1,
        "min": 0,
        "var": 0.0257071219385
    },
    "silence_rate_60dB": {
        "dmean": 0.0353631451726,
        "dmean2": 0.0707319006324,
        "dvar": 0.0341130755842,
        "dvar2": 0.0768313631415,
        "max": 1,
        "mean": 0.112661540508,
        "median": 0,
        "min": 0,
        "var": 0.0999699905515
    },
    "spectral_centroid": {
        "dmean": 87.5128860474,
        "dmean2": 134.806869507,
        "dvar": 31140.265625,
        "dvar2": 59687.5234375,
        "max": 10833.0859375,
        "mean": 506.822296143,
        "median": 420.52947998,
        "min": 127.860191345,
        "var": 111671.054688
    },
    "spectral_complexity": {
        "dmean": 1.60545516014,
        "dmean2": 2.50170493126,
        "dvar": 4.0879945755,
        "dvar2": 8.06607627869,
        "max": 51,
        "mean": 9.03282356262,
        "median": 9,
        "min": 0,
        "var": 23.305896759
    },
    "spectral_decrease": {
        "dmean": 2.39205766306e-09,
        "dmean2": 3.6658582836e-09,
        "dvar": 3.21525236448e-17,
        "dvar2": 7.84905529028e-17,
        "max": 6.30460159808e-22,
        "mean": -6.54236309572e-09,
        "median": -4.25368140711e-09,
        "min": -1.0509027959e-07,
        "var": 6.32462561056e-17
    },
    "spectral_energy": {
        "dmean": 0.00931965652853,
        "dmean2": 0.0142383743078,
        "dvar": 0.000481298338855,
        "dvar2": 0.0011705623474,
        "max": 0.402607351542,
        "mean": 0.025535332039,
        "median": 0.0165689103305,
        "min": 1.07191072095e-20,
        "var": 0.000958983961027
    },
    "spectral_energyband_high": {
        "dmean": 0.000125697202748,
        "dmean2": 0.000188621663256,
        "dvar": 1.41073272175e-07,
        "dvar2": 3.25317898842e-07,
        "max": 0.00736811524257,
        "mean": 0.000151109168655,
        "median": 1.76093126356e-05,
        "min": 7.62234898343e-21,
        "var": 1.76826219445e-07
    },
    "spectral_energyband_low": {
        "dmean": 0.00519914925098,
        "dmean2": 0.0085018845275,
        "dvar": 0.000236437554122,
        "dvar2": 0.000602791493293,
        "max": 0.329388916492,
        "mean": 0.0100579718128,
        "median": 0.00502353813499,
        "min": 1.12894641453e-22,
        "var": 0.000284311099676
    },
    "spectral_energyband_middle_high": {
        "dmean": 0.000766915152781,
        "dmean2": 0.0011440521339,
        "dvar": 7.3548758337e-06,
        "dvar2": 1.72043364728e-05,
        "max": 0.0783097818494,
        "mean": 0.00151716906112,
        "median": 0.000513372651767,
        "min": 1.55822631855e-21,
        "var": 1.40791153171e-05
    },
    "spectral_energyband_middle_low": {
        "dmean": 0.00565659347922,
        "dmean2": 0.0087265484035,
        "dvar": 0.000186029574252,
        "dvar2": 0.000460938259494,
        "max": 0.295322239399,
        "mean": 0.0151480808854,
        "median": 0.00820511113852,
        "min": 5.62060895859e-22,
        "var": 0.000432063388871
    },
    "spectral_entropy": {
        "dmean": 0.268542289734,
        "dmean2": 0.391926527023,
        "dvar": 0.0939681828022,
        "dvar2": 0.196473628283,
        "max": 9.80463314056,
        "mean": 6.58793640137,
        "median": 6.55222034454,
        "min": 4.26910495758,
        "var": 0.500320792198
    },
    "spectral_flux": {
        "dmean": 0.0252923816442,
        "dmean2": 0.0387361831963,
        "dvar": 0.00151708803605,
        "dvar2": 0.00320440041833,
        "max": 0.527037084103,
        "mean": 0.0545376390219,
        "median": 0.0388717241585,
        "min": 1.03533119578e-10,
        "var": 0.00287310918793
    },
    "spectral_kurtosis": {
        "dmean": 9.87614631653,
        "dmean2": 15.8415050507,
        "dvar": 290.029724121,
        "dvar2": 694.441589355,
        "max": 261.070800781,
        "mean": 21.3740463257,
        "median": 10.8462638855,
        "min": -1.19506120682,
        "var": 749.66003418
    },
    "spectral_rms": {
        "dmean": 0.000767116900533,
        "dmean2": 0.00112732662819,
        "dvar": 1.51730466769e-06,
        "dvar2": 3.44341992786e-06,
        "max": 0.0198188703507,
        "mean": 0.00434235623106,
        "median": 0.00402054609731,
        "min": 3.23383138844e-12,
        "var": 6.05639934292e-06
    },
    "spectral_rolloff": {
        "dmean": 180.212997437,
        "dmean2": 313.757568359,
        "dvar": 752041.1875,
        "dvar2": 1764750.125,
        "max": 19638.28125,
        "mean": 555.425048828,
        "median": 430.6640625,
        "min": 86.1328125,
        "var": 818814.5
    },
    "spectral_skewness": {
        "dmean": 0.671278595924,
        "dmean2": 1.06866598129,
        "dvar": 0.81235897541,
        "dvar2": 1.99329924583,
        "max": 12.4960727692,
        "mean": 3.19275569916,
        "median": 2.76221442223,
        "min": 0.000254798855167,
        "var": 2.79924750328
    },
    "spectral_spread": {
        "dmean": 750539.25,
        "dmean2": 1079980.125,
        "dvar": 1.06835207782e+12,
        "dvar2": 1.96574589747e+12,
        "max": 40068948,
        "mean": 3764050.25,
        "median": 3306350.5,
        "min": 313604.90625,
        "var": 5.54730048717e+12
    },
    "spectral_strongpeak": {
        "dmean": 0.302696406841,
        "dmean2": 0.496923565865,
        "dvar": 0.314084410667,
        "dvar2": 0.724133908749,
        "max": 9.21164703369,
        "mean": 0.810590147972,
        "median": 0.446179389954,
        "min": 0,
        "var": 0.873594522476
    },
    "zerocrossingrate": {
        "dmean": 0.00709924241528,
        "dmean2": 0.00865769013762,
        "dvar": 0.000186418372323,
        "dvar2": 0.000237562606344,
        "max": 0.51318359375,
        "mean": 0.028657073155,
        "median": 0.0205078125,
        "min": 0.00341796875,
        "var": 0.000708196894266
    },
    "barkbands": {
        "dmean": [2.30139921769e-05, 0.00217832205817, 0.00247322325595, 0.00182556686923, 0.00174830004107, 0.00163740024436, 0.000757704430725, 0.000901556690224, 0.000373229762772, 0.000333239499014, 0.000301468506223, 8.92129901331e-05, 5.64647343708e-05, 7.26002836018e-05, 3.53381728928e-05, 1.67570142366e-05, 1.9965804313e-05, 1.17678537208e-05, 1.41944237839e-05, 1.19743444884e-05, 1.323921515e-05, 1.01491123132e-05, 1.53401269927e-05, 1.84030559467e-05, 1.64492212207e-05, 2.73195782938e-05, 2.67905506917e-05],
        "dmean2": [4.00026510761e-05, 0.00359837687574, 0.00399207510054, 0.00330960820429, 0.00284772366285, 0.00231321621686, 0.00121703837067, 0.0012777732918, 0.000587560120039, 0.000477579102153, 0.00048973452067, 0.00014071611804, 8.18359258119e-05, 0.000122964396724, 5.54837097297e-05, 2.58650325122e-05, 2.96658381558e-05, 1.88680114661e-05, 2.21446207433e-05, 1.94182448467e-05, 2.08045457839e-05, 1.62259402714e-05, 2.4008573746e-05, 2.79311170743e-05, 2.51227047556e-05, 4.22583325417e-05, 4.30018408224e-05],
        "dvar": [5.16459541799e-09, 3.00617084577e-05, 5.97270300204e-05, 4.876316234e-05, 2.53806174442e-05, 1.36461530928e-05, 4.30430554843e-06, 9.1422443802e-06, 3.90985951526e-06, 1.96041673917e-06, 2.42533383243e-06, 1.56182522915e-07, 1.56620401981e-07, 1.30261383902e-07, 1.94667535425e-08, 9.22182863405e-09, 1.08007487398e-08, 3.1406797163e-09, 2.16618323279e-09, 1.80512027548e-09, 1.90761406671e-09, 1.04123754063e-09, 2.16409223874e-09, 2.82494339032e-09, 2.69201727576e-09, 1.00372412604e-08, 9.5522425525e-09],
        "dvar2": [1.38937750194e-08, 7.97286556917e-05, 0.000146561927977, 0.000142901364597, 6.62651873427e-05, 2.57606097875e-05, 1.07870819193e-05, 1.783103653e-05, 9.25723725231e-06, 3.79172342946e-06, 5.54274765818e-06, 3.82522415521e-07, 3.07572349811e-07, 3.48025480434e-07, 4.51862902651e-08, 2.25905480988e-08, 2.35633361712e-08, 7.89358178821e-09, 4.95007279611e-09, 4.5887360578e-09, 4.71714090011e-09, 2.72528488665e-09, 5.43987255242e-09, 6.69571065259e-09, 6.31833652065e-09, 2.35162023188e-08, 2.26288019434e-08],
        "max": [0.00199564523064, 0.131491810083, 0.17268332839, 0.111229412258, 0.196802228689, 0.160402908921, 0.059767473489, 0.088340677321, 0.067668184638, 0.055458240211, 0.0699401721358, 0.0157688446343, 0.0206700451672, 0.0121788755059, 0.00431669456884, 0.0052641783841, 0.00710286526009, 0.00378186861053, 0.00109753594734, 0.00130116310902, 0.00164929532912, 0.000944924075156, 0.00105277076364, 0.0013528058771, 0.00121504603885, 0.00186499848496, 0.00130152411293],
        "mean": [2.73841378657e-05, 0.00475504994392, 0.00408046226948, 0.0021981135942, 0.00318015669473, 0.00551457470283, 0.00158753315918, 0.00175214721821, 0.000610547256656, 0.000660021440126, 0.000495944928844, 0.000153468019562, 9.463558672e-05, 9.67787273112e-05, 5.96187492192e-05, 2.81948541669e-05, 3.78545410058e-05, 2.0628922357e-05, 2.27279360843e-05, 1.76467929123e-05, 1.94640706468e-05, 1.37063880175e-05, 1.95898446691e-05, 2.36471987591e-05, 1.83769498108e-05, 2.53991129284e-05, 2.16515200009e-05],
        "median": [6.42791746941e-06, 0.0023281853646, 0.00127106602304, 0.000883232569322, 0.0013448020909, 0.00118866784032, 0.000583264743909, 0.00026798149338, 0.000112090070616, 0.000101974328572, 9.27654473344e-05, 3.71409587387e-05, 1.99056121346e-05, 2.02569444809e-05, 1.50405030581e-05, 7.62212766858e-06, 8.63992772793e-06, 6.14401460552e-06, 4.60020737592e-06, 3.95630240746e-06, 3.02683656628e-06, 2.24219843403e-06, 2.45074352279e-06, 3.02144076159e-06, 1.62833794093e-06, 6.26734788511e-07, 4.35776712493e-08],
        "min": [6.38880697768e-24, 8.67950711183e-23, 1.65221757448e-23, 2.84663897083e-23, 9.5478517486e-23, 1.46890229821e-22, 7.92532074547e-23, 4.53568073014e-23, 1.45873886674e-22, 5.04972710844e-23, 4.46833220367e-23, 7.21007381557e-23, 6.73508236297e-23, 9.94966530819e-23, 1.49720107391e-22, 2.53837465893e-22, 1.73703182849e-22, 2.31839202338e-22, 2.74627245029e-22, 3.79892415081e-22, 4.75600175546e-22, 4.71545960608e-22, 6.83091747714e-22, 8.59231034012e-22, 1.23738949496e-21, 1.5292578315e-21, 2.31034998404e-21],
        "var": [4.49531123436e-09, 5.05603711645e-05, 7.21877731849e-05, 3.23215717799e-05, 3.68505425286e-05, 0.000108240543341, 9.61473779171e-06, 2.38396278291e-05, 4.86264343635e-06, 5.75267358727e-06, 5.35181334271e-06, 2.26524903724e-07, 3.48558671703e-07, 1.19692373346e-07, 2.91281132547e-08, 1.08125863818e-08, 1.69613549872e-08, 4.0919432287e-09, 3.93824306499e-09, 2.65362221086e-09, 3.95327903746e-09, 1.35934330459e-09, 2.78983480761e-09, 3.98681043734e-09, 3.06932634864e-09, 9.993597061e-09, 8.52282155961e-09]
    },
    "erbbands": {
        "dmean": [0.0357806049287, 0.59277844429, 2.32357859612, 5.19275665283, 5.69971990585, 5.84368944168, 9.84376811981, 12.6585330963, 10.9635858536, 17.5237216949, 15.1352491379, 8.73561573029, 8.54973888397, 10.5876159668, 10.415512085, 4.26834154129, 2.98329973221, 3.25170111656, 2.73953843117, 1.36565184593, 0.958285927773, 0.848221957684, 0.571328163147, 0.686082482338, 0.740104496479, 0.587301015854, 0.477905541658, 0.54842454195, 0.339152008295, 0.416960567236, 0.443574666977, 0.399687439203, 0.306347131729, 0.197795644403, 0.106441743672, 0.0721106678247, 0.0554887913167, 0.0238320380449, 0.00406598765403, 0.000328920723405],
        "dmean2": [0.060338255018, 0.97533339262, 3.7522983551, 8.98948001862, 9.9087934494, 9.44389820099, 13.8152952194, 18.8583755493, 16.5034389496, 27.137430191, 21.145570755, 13.2472085953, 12.0873069763, 15.930311203, 16.9549198151, 6.58545923233, 4.28622961044, 5.36986303329, 4.54248714447, 2.10428595543, 1.43806636333, 1.27509582043, 0.891135573387, 1.08868396282, 1.17295873165, 0.955045223236, 0.754751622677, 0.868590831757, 0.536845743656, 0.671189308167, 0.685915529728, 0.615125238895, 0.465723633766, 0.30390009284, 0.16299405694, 0.110559634864, 0.0862320512533, 0.0376383364201, 0.00652896985412, 0.000530820921995],
        "dvar": [0.0105897039175, 2.19352650642, 43.9441413879, 393.996704102, 330.55670166, 267.974395752, 580.748657227, 877.092773438, 938.181030273, 4222.46728516, 3458.3359375, 1607.60009766, 1768.4420166, 2484.41235352, 2237.76464844, 377.383728027, 417.854553223, 235.453262329, 176.032623291, 41.3241767883, 23.6471042633, 17.9433803558, 8.89274311066, 5.72349071503, 6.37524080276, 4.4316163063, 2.80684018135, 3.21571540833, 1.15380620956, 1.86977243423, 1.77970814705, 1.3929592371, 0.81754976511, 0.366889417171, 0.12709634006, 0.0648906230927, 0.0428610853851, 0.00801813881844, 0.000221096619498, 1.4159645616e-06],
        "dvar2": [0.0282452758402, 5.75304412842, 107.642036438, 1101.27148438, 943.584594727, 691.02331543, 1007.51452637, 1816.5045166, 1746.81738281, 9969.58691406, 6304.95898438, 3657.40087891, 3364.56738281, 5245.66748047, 5429.66259766, 912.782958984, 827.406738281, 619.299255371, 457.695556641, 85.3387680054, 54.9553413391, 40.8110542297, 21.5188865662, 13.4908428192, 15.1407651901, 11.3833246231, 7.01710939407, 7.80133771896, 2.97559213638, 4.96032810211, 4.39206647873, 3.41706371307, 1.92190432549, 0.860077917576, 0.304478079081, 0.153519704938, 0.100514166057, 0.018864620477, 0.000523014983628, 3.41690019923e-06],
        "max": [1.81268358231, 38.4337615967, 188.765625, 373.534362793, 580.011413574, 510.772399902, 943.427490234, 1049.79431152, 1601.79699707, 1675.80285645, 2386.40942383, 1460.00183105, 1263.9552002, 2525.05908203, 1984.61315918, 782.235900879, 1050.26049805, 630.166320801, 463.781219482, 312.25201416, 241.840881348, 229.089187622, 197.838409424, 82.4204101562, 62.0699958801, 66.4441223145, 51.2599029541, 85.8362350464, 33.9813194275, 33.5653800964, 30.1956062317, 36.9910583496, 21.4456939697, 12.7717962265, 9.4574098587, 5.43128156662, 3.96525001526, 1.24631667137, 0.193600147963, 0.0199111811817],
        "mean": [0.0615382455289, 1.32555043697, 4.56824159622, 6.57484340668, 8.19134521484, 10.4304018021, 30.226354599, 42.0900115967, 27.7587451935, 31.4807548523, 30.5995159149, 16.2116413116, 17.9838790894, 18.6629238129, 17.6999721527, 7.81457185745, 5.23517036438, 4.75176048279, 4.01994895935, 2.34288406372, 1.90076804161, 1.51600348949, 1.00737118721, 1.22260868549, 1.12725090981, 0.875045895576, 0.66940921545, 0.826877534389, 0.477858781815, 0.522541642189, 0.571469962597, 0.531568229198, 0.366546154022, 0.222171932459, 0.118254452944, 0.0745510756969, 0.0507179349661, 0.0199842657894, 0.00331810279749, 0.00028121721698],
        "median": [0.0305866356939, 0.653120160103, 1.8029242754, 2.48112249374, 3.8060734272, 4.10652780533, 7.82987642288, 9.26265525818, 8.90285110474, 9.16568565369, 4.91819953918, 3.42222070694, 2.98425555229, 3.65163254738, 4.62226486206, 2.02496981621, 1.38122403622, 1.10381567478, 1.04920065403, 0.637566685677, 0.526045382023, 0.389826238155, 0.283536612988, 0.351412266493, 0.2323756814, 0.192509189248, 0.114690631628, 0.138382539153, 0.078783608973, 0.0802965983748, 0.0660789385438, 0.0727999210358, 0.0378654561937, 0.0208710506558, 0.0101248351857, 0.00406860932708, 0.000861452426761, 0.000102519414213, 1.98424786504e-05, 2.3128472094e-05],
        "min": [8.63068255403e-22, 2.41425844965e-20, 3.51011217192e-20, 4.58346108853e-20, 2.11707300582e-19, 2.50776630651e-19, 1.06984696994e-18, 1.037495109e-18, 1.59179100883e-18, 4.18664878389e-19, 1.57890787758e-18, 2.86393688829e-18, 2.53175831829e-18, 1.73575807213e-18, 2.59915037715e-18, 2.49589383488e-18, 3.48996185833e-18, 4.4799113495e-18, 5.74093537204e-18, 1.08376219512e-17, 1.35056665472e-17, 1.07204170758e-17, 1.21315450146e-17, 1.41890691072e-17, 1.30070288391e-17, 2.22656523364e-17, 2.3116662368e-17, 1.52868635115e-17, 1.38553447434e-17, 1.74467131546e-17, 1.92884936542e-17, 1.8634767853e-17, 1.30423841928e-17, 1.25869890055e-17, 1.06459426966e-17, 5.24842293634e-18, 3.16095573277e-18, 1.13089155498e-18, 2.99872462494e-19, 3.76738569882e-20],
        "var": [0.0108391856775, 3.94033002853, 66.087600708, 296.775482178, 272.44039917, 397.055145264, 3554.12695312, 6507.09277344, 4326.04833984, 6555.42822266, 10270.0263672, 2292.8137207, 4842.49707031, 6651.73535156, 3982.6328125, 568.036682129, 907.940246582, 238.275939941, 182.191543579, 66.2033920288, 33.9786605835, 24.8644981384, 11.9028577805, 9.82779026031, 10.393327713, 6.31526947021, 4.17712593079, 7.81262302399, 1.67956066132, 2.05336380005, 2.35815572739, 2.11596035957, 1.03324365616, 0.422116577625, 0.140600040555, 0.0708798244596, 0.0419309586287, 0.00737725012004, 0.000198149864445, 1.22508242839e-06]
    },
    "gfcc": {
        "mean": [-97.9775161743, 146.952484131, -77.4826126099, 9.37209415436, -53.1005096436, 3.66930222511, -29.3754253387, -1.60026037693, -16.9420604706, -3.33887076378, -7.64616823196, -2.68801999092, -8.17458057404],
        "cov": [[10394.2333984, -2854.44970703, 613.502868652, 117.303291321, -830.66998291, 292.49017334, -642.603027344, 314.779541016, -513.906799316, 259.802032471, -162.474868774, 205.241165161, -145.02482605], [-2854.44970703, 3457.95556641, -588.194396973, -526.656982422, 704.175292969, -440.141479492, 307.036560059, -421.141937256, 475.300750732, -236.1040802, 272.676147461, -111.666519165, 275.674316406], [613.502868652, -588.194396973, 852.420898438, 189.701217651, 17.3476333618, 169.718109131, -1.84626758099, 48.1099281311, -82.3887710571, 29.2029342651, -85.9187393188, 30.5551662445, -102.169197083], [117.303291321, -526.656982422, 189.701217651, 502.519073486, -27.6754970551, 190.857879639, 16.9225406647, 138.323822021, -75.0129394531, 41.3058242798, -38.8622360229, -25.5615711212, -70.7928085327], [-830.66998291, 704.175292969, 17.3476333618, -27.6754970551, 443.588775635, -55.6781921387, 181.222625732, -83.9237060547, 144.614044189, -46.0030479431, 64.0475692749, -29.9575099945, 29.321969986], [292.49017334, -440.141479492, 169.718109131, 190.857879639, -55.6781921387, 253.5027771, 25.6781520844, 116.194503784, -66.7093048096, 38.7655525208, -46.6370162964, 2.05252432823, -47.671245575], [-642.603027344, 307.036560059, -1.84626758099, 16.9225406647, 181.222625732, 25.6781520844, 226.37890625, 15.3594121933, 80.9994049072, -42.193813324, 14.0681581497, -45.4319343567, -1.16619670391], [314.779541016, -421.141937256, 48.1099281311, 138.323822021, -83.9237060547, 116.194503784, 15.3594121933, 196.545852661, -43.8770370483, 38.6618309021, -49.1669044495, -9.06037807465, -62.0230522156], [-513.906799316, 475.300750732, -82.3887710571, -75.0129394531, 144.614044189, -66.7093048096, 80.9994049072, -43.8770370483, 163.293167114, -0.863575100899, 47.2805023193, -26.3067932129, 37.8582191467], [259.802032471, -236.1040802, 29.2029342651, 41.3058242798, -46.0030479431, 38.7655525208, -42.193813324, 38.6618309021, -0.863575100899, 98.7933578491, 18.0908126831, 15.0932149887, -26.0719547272], [-162.474868774, 272.676147461, -85.9187393188, -38.8622360229, 64.0475692749, -46.6370162964, 14.0681581497, -49.1669044495, 47.2805023193, 18.0908126831, 93.9120101929, 19.9890117645, 32.0990753174], [205.241165161, -111.666519165, 30.5551662445, -25.5615711212, -29.9575099945, 2.05252432823, -45.4319343567, -9.06037807465, -26.3067932129, 15.0932149887, 19.9890117645, 91.0316696167, 47.1607437134], [-145.02482605, 275.674316406, -102.169197083, -70.7928085327, 29.321969986, -47.671245575, -1.16619670391, -62.0230522156, 37.8582191467, -26.0719547272, 32.0990753174, 47.1607437134, 133.367324829]],
        "icov": [[0.000148277540575, 9.35913849389e-05, -9.01912862901e-05, 0.00014310903498, -1.61065527209e-05, -4.02382247557e-05, 0.000308589806082, -0.000195823973627, 0.000141434808029, -4.43593398813e-06, -0.000245001545409, 0.000161261923495, -0.000163632168551], [9.35913849389e-05, 0.00128656660672, 1.80329534487e-05, 0.000564276997466, -0.000759205198847, -3.77914511773e-05, 0.000542398833204, 0.000168588638189, -0.00137968768831, 0.00222177058458, -0.00254134694114, 0.00201316992752, -0.00128196075093], [-9.01912862901e-05, 1.80329534487e-05, 0.00194143096451, -0.000496656575706, -0.00052592594875, -0.000767695542891, -0.000293167628115, 0.00128829479218, -0.00034546313691, -0.000216027270653, 0.00211203354411, -0.00223245704547, 0.00186302140355], [0.00014310903498, 0.000564276997466, -0.000496656575706, 0.00361290061846, -0.000879096449353, -0.00161385524552, 0.000859769643284, -0.00166296050884, 0.000875150843058, 0.000509374891408, -0.00227795238607, 0.00287196738645, -0.00123905937653], [-1.61065527209e-05, -0.000759205198847, -0.00052592594875, -0.000879096449353, 0.00533969234675, 0.000376104988391, -0.00312393577769, 0.00142537127249, -0.00174796476495, -0.000147815080709, -9.52961563598e-05, -0.00182615802623, 0.00141425302718], [-4.02382247557e-05, -3.77914511773e-05, -0.000767695542891, -0.00161385524552, 0.000376104988391, 0.00801967363805, -0.00253716600128, -0.00194563530385, 0.00221660803072, -0.00285308901221, 0.00161341507919, -0.000396583345719, -0.000988573417999], [0.000308589806082, 0.000542398833204, -0.000293167628115, 0.000859769643284, -0.00312393577769, -0.00253716600128, 0.0104374149814, -0.00310270860791, -0.00286893849261, 0.00524570653215, -0.00335373869166, 0.00368052721024, -0.000779969850555], [-0.000195823973627, 0.000168588638189, 0.00128829479218, -0.00166296050884, 0.00142537127249, -0.00194563530385, -0.00310270860791, 0.0108499405906, -0.00143241370097, -0.00236805016175, 0.00449923519045, -0.00301949190907, 0.00348117575049], [0.000141434808029, -0.00137968768831, -0.00034546313691, 0.000875150843058, -0.00174796476495, 0.00221660803072, -0.00286893849261, -0.00143241370097, 0.0156255867332, -0.00775970797986, 0.000351265975041, 0.00378454732709, -0.00368438451551], [-4.43593398813e-06, 0.00222177058458, -0.000216027270653, 0.000509374891408, -0.000147815080709, -0.00285308901221, 0.00524570653215, -0.00236805016175, -0.00775970797986, 0.0220119673759, -0.0110813118517, 0.000641049526166, 0.00241108005866], [-0.000245001545409, -0.00254134694114, 0.00211203354411, -0.00227795238607, -9.52961563598e-05, 0.00161341507919, -0.00335373869166, 0.00449923519045, 0.000351265975041, -0.0110813118517, 0.0253587812185, -0.0106201507151, 0.00344221363775], [0.000161261923495, 0.00201316992752, -0.00223245704547, 0.00287196738645, -0.00182615802623, -0.000396583345719, 0.00368052721024, -0.00301949190907, 0.00378454732709, 0.000641049526166, -0.0106201507151, 0.02548411116, -0.0126884626225], [-0.000163632168551, -0.00128196075093, 0.00186302140355, -0.00123905937653, 0.00141425302718, -0.000988573417999, -0.000779969850555, 0.00348117575049, -0.00368438451551, 0.00241108005866, 0.00344221363775, -0.0126884626225, 0.0168628972024]]
    },
    "melbands": {
        "dmean": [0.000472934945719, 0.00108092348091, 0.00087444554083, 0.000414943526266, 0.000312359537929, 0.000294244411634, 0.000166572310263, 0.000197098663193, 0.000116301300295, 4.90707934659e-05, 4.31257103628e-05, 4.29561114288e-05, 4.24956488132e-05, 1.18067209769e-05, 8.52578250488e-06, 4.73699083159e-06, 6.61202830088e-06, 4.96521215609e-06, 2.11775272874e-06, 1.52756445004e-06, 1.25335475332e-06, 1.03405034224e-06, 6.78892376982e-07, 5.384100632e-07, 5.7790214214e-07, 5.64057415886e-07, 4.7935651537e-07, 3.91838170799e-07, 2.80916395923e-07, 3.70326119992e-07, 3.16191375305e-07, 2.03494067819e-07, 1.88181459748e-07, 2.59416339077e-07, 2.66081940481e-07, 2.50158791459e-07, 2.45099528229e-07, 2.1730932076e-07, 2.04416735983e-07, 1.54151265974e-07],
        "dmean2": [0.000785641022958, 0.00174213759601, 0.0015110897366, 0.000690227956511, 0.000450412801001, 0.000428434868809, 0.00025544068194, 0.00030052132206, 0.000163879522006, 7.58119858801e-05, 6.12870062469e-05, 6.46830885671e-05, 6.90779997967e-05, 1.8729670046e-05, 1.26314898807e-05, 6.93018591846e-06, 1.10731652967e-05, 8.45146951178e-06, 3.25344626617e-06, 2.37226868194e-06, 1.88849253391e-06, 1.53873656927e-06, 1.08402070964e-06, 8.72306486599e-07, 9.24401263092e-07, 8.90191643066e-07, 7.8064005038e-07, 6.44766487312e-07, 4.47063314368e-07, 5.97960649884e-07, 5.11611517595e-07, 3.30158712813e-07, 2.99453375874e-07, 4.25467789e-07, 4.18767939436e-07, 3.89088654629e-07, 3.81633441293e-07, 3.32638563805e-07, 3.13782777539e-07, 2.39568294091e-07],
        "dvar": [1.56052283273e-06, 8.73427779879e-06, 1.00791630757e-05, 1.74592059921e-06, 5.14795033268e-07, 4.79787331642e-07, 2.02680510597e-07, 5.07110200942e-07, 2.10392911981e-07, 6.42622950409e-08, 4.52405970464e-08, 4.18208045971e-08, 4.43132641692e-08, 2.17432427618e-09, 2.03537608989e-09, 8.61827220699e-10, 1.01016017773e-09, 6.82222001114e-10, 7.64869764747e-11, 6.60363430605e-11, 4.25905664903e-11, 3.01036834349e-11, 1.32760833577e-11, 6.77005587008e-12, 4.02826947146e-12, 3.84475741175e-12, 3.01848780346e-12, 2.0444438243e-12, 1.0940992036e-12, 1.58378095794e-12, 1.14032101903e-12, 4.50240539296e-13, 3.6959958748e-13, 7.53510914688e-13, 6.62773492772e-13, 5.83371025098e-13, 5.25415269018e-13, 4.34864221455e-13, 3.75380607674e-13, 2.30356993246e-13],
        "dvar2": [4.17717274104e-06, 2.14898282138e-05, 2.81560078292e-05, 4.695421012e-06, 9.44825899296e-07, 9.3694819725e-07, 4.05903875844e-07, 1.15277873647e-06, 3.91151274926e-07, 1.49486226064e-07, 8.70868603897e-08, 8.78865265008e-08, 1.0499525871e-07, 5.29829469187e-09, 4.36347136201e-09, 1.8038549543e-09, 2.67488564631e-09, 1.82594817044e-09, 1.64274219228e-10, 1.53029644512e-10, 9.67548402508e-11, 6.62933666296e-11, 3.22711232736e-11, 1.7696970625e-11, 9.48695202257e-12, 8.99831684859e-12, 7.51670167082e-12, 5.35575056526e-12, 2.7231845251e-12, 4.03079306044e-12, 2.8604781304e-12, 1.1891905646e-12, 9.65194937863e-13, 2.0201290727e-12, 1.65355099405e-12, 1.45566718401e-12, 1.29940253436e-12, 1.04991742297e-12, 8.74960531545e-13, 5.47181440783e-13],
        "max": [0.026706751436, 0.0851446762681, 0.0593606755137, 0.0509287379682, 0.025244647637, 0.0276097543538, 0.0216645840555, 0.0184988193214, 0.0181826762855, 0.00945225264877, 0.00624913396314, 0.00938064325601, 0.00946064386517, 0.00174712401349, 0.00186361197848, 0.00136054109316, 0.00119363283738, 0.000988827086985, 0.000292736192932, 0.000398618518375, 0.000357686920324, 0.000371589296265, 0.000164698212757, 0.000181532028364, 5.48274219909e-05, 4.88466394017e-05, 5.64874535485e-05, 4.78595829918e-05, 4.11261535191e-05, 4.50579755125e-05, 4.41571100964e-05, 2.23956994887e-05, 1.66770259966e-05, 2.02208520932e-05, 1.82826934179e-05, 2.01904440473e-05, 2.27272521443e-05, 1.75545592356e-05, 1.25119004224e-05, 9.23215884541e-06],
        "mean": [0.000948182423599, 0.00229593692347, 0.00120512139983, 0.000651430571452, 0.000961111742072, 0.000989909050986, 0.000393958558561, 0.000354814896127, 0.000232569640502, 8.71020383784e-05, 8.82168023963e-05, 7.38569433452e-05, 6.89733788022e-05, 2.21427380893e-05, 1.51248968905e-05, 8.18447642814e-06, 9.14408065e-06, 6.61949343339e-06, 3.69601616512e-06, 2.44580564868e-06, 2.48744777309e-06, 1.86237480193e-06, 9.91161527963e-07, 9.47209343849e-07, 9.88074361885e-07, 8.93033700322e-07, 6.53651909488e-07, 5.66266919577e-07, 3.77850142286e-07, 4.96733889577e-07, 4.68798504016e-07, 2.69998480462e-07, 2.46229006962e-07, 3.08751566536e-07, 3.31327186132e-07, 3.2353369761e-07, 3.22946675624e-07, 2.5788676794e-07, 2.31100671044e-07, 1.69713331388e-07],
        "median": [0.000480018235976, 0.00104359781835, 0.000551495526452, 0.000282536813756, 0.000293109915219, 0.000216217522393, 0.000117914853035, 9.00817540241e-05, 3.49758956872e-05, 1.75556160684e-05, 1.28965484691e-05, 1.27584462462e-05, 1.42052840602e-05, 6.50426636639e-06, 3.83867427445e-06, 1.78422772024e-06, 1.89725074051e-06, 1.59447961323e-06, 9.85242422757e-07, 5.74383534513e-07, 5.88293687542e-07, 4.36372801005e-07, 2.07768835025e-07, 2.76400328403e-07, 2.74143474144e-07, 1.58667489814e-07, 1.41930797781e-07, 1.17125843246e-07, 6.46567741569e-08, 6.28632861321e-08, 8.28461921287e-08, 4.64250220489e-08, 3.04064080581e-08, 4.84277578039e-08, 3.5676691823e-08, 3.82278102506e-08, 4.40604708274e-08, 2.45383962039e-08, 2.37046577922e-08, 1.4593226183e-08],
        "min": [1.7381486662e-23, 2.55026834636e-23, 1.35280683786e-23, 1.60387286499e-23, 3.0167501986e-23, 2.54382019732e-23, 2.16906220019e-23, 3.8760368978e-24, 1.40392597115e-23, 2.05530056905e-23, 1.23027204793e-23, 6.29037212507e-24, 7.47331401752e-24, 7.89408532461e-24, 7.64046259928e-24, 7.18536400989e-24, 8.0180421941e-24, 8.11210360185e-24, 1.41242799844e-23, 1.47165599075e-23, 1.55560088848e-23, 9.41998291789e-24, 1.28120169683e-23, 1.08121181006e-23, 1.16078334183e-23, 9.76764969604e-24, 1.04007949806e-23, 1.58324415232e-23, 1.21206671596e-23, 1.18336716736e-23, 9.25940396974e-24, 6.99220747295e-24, 9.91751512423e-24, 1.03364105201e-23, 1.08304496503e-23, 1.26786363664e-23, 1.03290259932e-23, 9.54467342801e-24, 7.59246830181e-24, 1.19109232444e-23],
        "var": [2.04530715564e-06, 1.39633793879e-05, 7.69105645304e-06, 1.85406349829e-06, 3.08006315208e-06, 3.64184347745e-06, 8.48550143928e-07, 8.71092311172e-07, 6.00856481014e-07, 8.22379675469e-08, 1.20801345815e-07, 1.12493331983e-07, 8.53110293519e-08, 3.48010642526e-09, 3.88357523917e-09, 1.69554759122e-09, 9.96185023361e-10, 6.225069904e-10, 1.24336319018e-10, 8.73945568691e-11, 6.54091919516e-11, 4.50136906915e-11, 1.53525889918e-11, 8.23703084907e-12, 6.81157300703e-12, 7.16428175465e-12, 4.11374493497e-12, 2.87626433088e-12, 1.52710016941e-12, 2.73831565062e-12, 2.60659159187e-12, 5.70806802432e-13, 4.66145947797e-13, 7.55060890114e-13, 8.128450712e-13, 8.42445904703e-13, 7.88622639414e-13, 5.37462815139e-13, 4.33248977059e-13, 2.5943930706e-13]
    },
    "mfcc": {
        "mean": [-753.022766113, 180.124099731, 33.5279808044, 13.8768434525, 4.42352676392, 2.31411337852, -0.109043978155, 0.636967360973, -3.26462244987, -0.340257495642, -3.61022043228, 1.20484149456, 1.00758552551],
        "cov": [[8358.13183594, -1436.25280762, 22.3679523468, -3.28164887428, -321.390228271, -198.368057251, -183.573287964, -138.231643677, -292.494659424, -5.42594051361, -139.517822266, -57.1052780151, -55.4704551697], [-1436.25280762, 2486.90771484, -359.333221436, -205.426300049, 220.324188232, -0.223144769669, -120.27281189, -76.3333206177, 55.012878418, -80.1765365601, -39.0446205139, 24.9750576019, 96.8120117188], [22.3679523468, -359.333221436, 587.520080566, 87.8688735962, 50.2605857849, 102.349624634, 64.6254119873, 59.8702392578, 14.5042638779, -1.1910418272, 17.6603298187, 1.84674906731, -19.8871841431], [-3.28164887428, -205.426300049, 87.8688735962, 277.350524902, 72.1266784668, 56.1839523315, 87.0154724121, 58.1532821655, 20.2006721497, 41.3122329712, 37.9064178467, 22.4595394135, -6.30188465118], [-321.390228271, 220.324188232, 50.2605857849, 72.1266784668, 200.808746338, 83.9261016846, 36.0410041809, 22.3099060059, 29.219701767, 10.1677036285, 26.9637126923, 23.3582553864, 26.9636898041], [-198.368057251, -0.223144769669, 102.349624634, 56.1839523315, 83.9261016846, 151.311676025, 75.2167358398, 35.1387252808, 38.1308403015, 21.2619609833, 18.5486469269, 10.9774723053, 14.4313802719], [-183.573287964, -120.27281189, 64.6254119873, 87.0154724121, 36.0410041809, 75.2167358398, 156.773895264, 90.9557876587, 37.1834831238, 46.6019248962, 44.3758392334, 5.66401529312, -7.35545635223], [-138.231643677, -76.3333206177, 59.8702392578, 58.1532821655, 22.3099060059, 35.1387252808, 90.9557876587, 125.685775757, 63.302570343, 32.7128372192, 27.2856483459, 5.46948766708, -11.7866573334], [-292.494659424, 55.012878418, 14.5042638779, 20.2006721497, 29.219701767, 38.1308403015, 37.1834831238, 63.302570343, 116.621925354, 46.9817581177, 8.48374843597, 4.34788274765, 0.448450982571], [-5.42594051361, -80.1765365601, -1.1910418272, 41.3122329712, 10.1677036285, 21.2619609833, 46.6019248962, 32.7128372192, 46.9817581177, 104.487503052, 61.7564163208, 6.58044099808, -4.45614957809], [-139.517822266, -39.0446205139, 17.6603298187, 37.9064178467, 26.9637126923, 18.5486469269, 44.3758392334, 27.2856483459, 8.48374843597, 61.7564163208, 116.271697998, 40.6239776611, -4.06580257416], [-57.1052780151, 24.9750576019, 1.84674906731, 22.4595394135, 23.3582553864, 10.9774723053, 5.66401529312, 5.46948766708, 4.34788274765, 6.58044099808, 40.6239776611, 81.7592315674, 27.0024242401], [-55.4704551697, 96.8120117188, -19.8871841431, -6.30188465118, 26.9636898041, 14.4313802719, -7.35545635223, -11.7866573334, 0.448450982571, -4.45614957809, -4.06580257416, 27.0024242401, 72.1918411255]],
