{
"lowlevel": {
    "average_loudness": 0.660521864891,
    "barkbands_crest": {
        "dmean": 2.48903608322,
        "dmean2": 4.011282444,
        "dvar": 5.64294481277,
        "dvar2": 13.7547779083,
        "max": 26.8275680542,
        "mean": 11.1551713943,
        "median": 10.1969919205,
        "min": 2.5212996006,
        "var": 18.9489212036
    },
    "barkbands_flatness_db": {
        "dmean": 0.0239616502076,
        "dmean2": 0.0339049473405,
        "dvar": 0.000545382150449,
        "dvar2": 0.00105311151128,
        "max": 0.567166864872,
        "mean": 0.16518959403,
        "median": 0.154014334083,
        "min": 0.0288201868534,
        "var": 0.00437016272917
    },
    "barkbands_kurtosis": {
        "dmean": 5.12504148483,
        "dmean2": 8.04271125793,
        "dvar": 150.171554565,
        "dvar2": 342.60760498,
        "max": 593.651184082,
        "mean": 10.1191682816,
        "median": 6.15470790863,
        "min": -1.92426729202,
        "var": 292.798950195
    },
    "barkbands_skewness": {
        "dmean": 0.62440264225,
        "dmean2": 0.951774299145,
        "dvar": 0.582533240318,
        "dvar2": 1.31820201874,
        "max": 22.3352527618,
        "mean": 2.04873871803,
        "median": 2.01602506638,
        "min": -7.7080988884,
        "var": 2.75670957565
    },
    "barkbands_spread": {
        "dmean": 5.16900444031,
        "dmean2": 7.73983097076,
        "dvar": 69.2071304321,
        "dvar2": 143.643920898,
        "max": 126.011734009,
        "mean": 15.5713586807,
        "median": 12.0135183334,
        "min": 0.169983744621,
        "var": 207.573959351
    },
    "dissonance": {
        "dmean": 0.0286721978337,
        "dmean2": 0.0478883162141,
        "dvar": 0.000757527595852,
        "dvar2": 0.00202662637457,
        "max": 0.500000119209,
        "mean": 0.436374932528,
        "median": 0.448045313358,
        "min": 0.055421423167,
        "var": 0.0022817554418
    },
    "dynamic_complexity": 6.5852804184,
    "erbbands_crest": {
        "dmean": 3.09145665169,
        "dmean2": 4.96627998352,
        "dvar": 8.77467536926,
        "dvar2": 21.5459289551,
        "max": 32.3065223694,
        "mean": 11.0590925217,
        "median": 9.81683635712,
        "min": 2.20209097862,
        "var": 29.1321125031
    },
    "erbbands_flatness_db": {
        "dmean": 0.0218097660691,
        "dmean2": 0.0309566184878,
        "dvar": 0.000476632121718,
        "dvar2": 0.000961543410085,
        "max": 0.492137104273,
        "mean": 0.152957767248,
        "median": 0.146331772208,
        "min": 0.0214493405074,
        "var": 0.003399112029
    },
    "erbbands_kurtosis": {
        "dmean": 2.0248465538,
        "dmean2": 3.16313934326,
        "dvar": 22.7966384888,
        "dvar2": 51.3780708313,
        "max": 232.565338135,
        "mean": 2.64781689644,
        "median": 1.14722156525,
        "min": -1.86697292328,
        "var": 42.5501556396
    },
    "erbbands_skewness": {
        "dmean": 0.454425424337,
        "dmean2": 0.695704460144,
        "dvar": 0.280072897673,
        "dvar2": 0.614164173603,
        "max": 11.4354801178,
        "mean": 1.07478952408,
        "median": 0.980850696564,
        "min": -4.31630945206,
        "var": 0.937498033047
    },
    "erbbands_spread": {
        "dmean": 9.88599300385,
        "dmean2": 14.6684827805,
        "dvar": 172.068206787,
        "dvar2": 359.598358154,
        "max": 208.47203064,
        "mean": 37.8843612671,
        "median": 31.9244594574,
        "min": 0.863598644733,
        "var": 622.356689453
    },
    "hfc": {
        "dmean": 5.44199562073,
        "dmean2": 7.56276655197,
        "dvar": 82.2712860107,
        "dvar2": 166.367004395,
        "max": 223.491027832,
        "mean": 15.1591463089,
        "median": 9.33721065521,
        "min": 1.19729390879e-16,
        "var": 299.723815918
    },
    "melbands_crest": {
        "dmean": 2.88233757019,
        "dmean2": 4.67512989044,
        "dvar": 7.42295885086,
        "dvar2": 18.511838913,
        "max": 33.1305541992,
        "mean": 13.6360025406,
        "median": 12.9125747681,
        "min": 1.66615366936,
        "var": 22.7081375122
    },
    "melbands_flatness_db": {
        "dmean": 0.0268332269043,
        "dmean2": 0.0377438515425,
        "dvar": 0.000739842944313,
        "dvar2": 0.00143893540371,
        "max": 0.736085176468,
        "mean": 0.247700035572,
        "median": 0.237948685884,
        "min": 0.00350236846134,
        "var": 0.00649184174836
    },
    "melbands_kurtosis": {
        "dmean": 9.53693675995,
        "dmean2": 15.010140419,
        "dvar": 291.187164307,
        "dvar2": 714.226928711,
        "max": 425.331787109,
        "mean": 20.1711406708,
        "median": 13.0846672058,
        "min": -1.86418366432,
        "var": 626.362854004
    },
    "melbands_skewness": {
        "dmean": 0.790572106838,
        "dmean2": 1.21096718311,
        "dvar": 0.847109079361,
        "dvar2": 1.97192919254,
        "max": 15.5740833282,
        "mean": 2.86611127853,
        "median": 2.63347315788,
        "min": -1.73650550842,
        "var": 3.35630226135
    },
    "melbands_spread": {
        "dmean": 4.52172899246,
        "dmean2": 6.91334724426,
        "dvar": 100.748054504,
        "dvar2": 208.870834351,
        "max": 253.174667358,
        "mean": 15.0608177185,
        "median": 10.9441680908,
        "min": 0.340707451105,
        "var": 361.399688721
    },
    "pitch_salience": {
        "dmean": 0.0667405202985,
        "dmean2": 0.107454046607,
        "dvar": 0.0036096451804,
        "dvar2": 0.00894779525697,
        "max": 0.963605701923,
        "mean": 0.549893021584,
        "median": 0.556665718555,
        "min": 0.0447719357908,
        "var": 0.0122345760465
    },
    "silence_rate_20dB": {
        "dmean": 0,
        "dmean2": 0,
        "dvar": 0,
        "dvar2": 0,
        "max": 1,
        "mean": 1,
        "median": 1,
        "min": 1,
        "var": 0
    },
    "silence_rate_30dB": {
        "dmean": 0.00578549178317,
        "dmean2": 0.0115718422458,
        "dvar": 0.00575165636837,
        "dvar2": 0.0147030903026,
        "max": 1,
        "mean": 0.995179116726,
        "median": 1,
        "min": 0,
        "var": 0.0047973934561
    },
    "silence_rate_60dB": {
        "dmean": 0.0238836966455,
        "dmean2": 0.0477709360421,
        "dvar": 0.0233146753162,
        "dvar2": 0.052606202662,
        "max": 1,
        "mean": 0.160350069404,
        "median": 0,
        "min": 0,
        "var": 0.134633079171
    },
    "spectral_centroid": {
        "dmean": 181.029602051,
        "dmean2": 273.309783936,
        "dvar": 79244.09375,
        "dvar2": 163215.5,
        "max": 10925.2431641,
        "mean": 843.582458496,
        "median": 725.706604004,
        "min": 134.923919678,
        "var": 324264.25
    },
    "spectral_complexity": {
        "dmean": 2.32621264458,
        "dmean2": 3.34248209,
        "dvar": 8.53969192505,
        "dvar2": 15.4138870239,
        "max": 54,
        "mean": 11.5135354996,
        "median": 11,
        "min": 0,
        "var": 55.6532440186
    },
    "spectral_decrease": {
        "dmean": 2.00444194576e-09,
        "dmean2": 2.99811264703e-09,
        "dvar": 8.16111695186e-18,
        "dvar2": 1.81897529552e-17,
        "max": 1.4056494819e-15,
        "mean": -6.6106884411e-09,
        "median": -5.62223245737e-09,
        "min": -4.83865782996e-08,
        "var": 3.33129554738e-17
    },
    "spectral_energy": {
        "dmean": 0.00793185830116,
        "dmean2": 0.0118240937591,
        "dvar": 0.000127713850816,
        "dvar2": 0.000282888504444,
        "max": 0.192769512534,
        "mean": 0.0263251755387,
        "median": 0.0223499108106,
        "min": 1.07976392845e-20,
        "var": 0.000527648779098
    },
    "spectral_energyband_high": {
        "dmean": 0.000327597605065,
        "dmean2": 0.000448568811407,
        "dvar": 5.66271012303e-07,
        "dvar2": 1.15879640816e-06,
        "max": 0.0225739143789,
        "mean": 0.000562622211874,
        "median": 0.000160313604283,
        "min": 8.09469900156e-21,
        "var": 1.30623197947e-06
    },
    "spectral_energyband_low": {
        "dmean": 0.00287524075247,
        "dmean2": 0.00446984730661,
        "dvar": 2.75764414255e-05,
        "dvar2": 6.58182761981e-05,
        "max": 0.0865358263254,
        "mean": 0.00798783544451,
        "median": 0.00506456336007,
        "min": 2.50763104552e-23,
        "var": 8.83736574906e-05
    },
    "spectral_energyband_middle_high": {
        "dmean": 0.00130881334189,
        "dmean2": 0.00186802365351,
        "dvar": 7.87754925113e-06,
        "dvar2": 1.69103004737e-05,
        "max": 0.0733780115843,
        "mean": 0.00329405255616,
        "median": 0.00110829877667,
        "min": 1.50479875106e-21,
        "var": 3.53056166205e-05
    },
    "spectral_energyband_middle_low": {
        "dmean": 0.0059184753336,
        "dmean2": 0.00912243966013,
        "dvar": 7.95303712948e-05,
        "dvar2": 0.0001896082249,
        "max": 0.173538327217,
        "mean": 0.0152033064514,
        "median": 0.0113871330395,
        "min": 3.07580905914e-22,
        "var": 0.000232204023632
    },
    "spectral_entropy": {
        "dmean": 0.242789283395,
        "dmean2": 0.337690114975,
        "dvar": 0.0654954463243,
        "dvar2": 0.122892342508,
        "max": 9.81735992432,
        "mean": 7.18629693985,
        "median": 7.24564218521,
        "min": 3.84871673584,
        "var": 0.452165156603
    },
    "spectral_flux": {
        "dmean": 0.0213542636484,
        "dmean2": 0.0330882407725,
        "dvar": 0.000646982342005,
        "dvar2": 0.00142147671431,
        "max": 0.358451098204,
        "mean": 0.0684733092785,
        "median": 0.0604330971837,
        "min": 1.03911691751e-10,
        "var": 0.00244163465686
    },
    "spectral_kurtosis": {
        "dmean": 2.11137342453,
        "dmean2": 3.24139070511,
        "dvar": 27.3538303375,
        "dvar2": 60.9687004089,
        "max": 382.469940186,
        "mean": 6.80921220779,
        "median": 4.85136508942,
        "min": -1.40371954441,
        "var": 163.031341553
    },
    "spectral_rms": {
        "dmean": 0.000704860198312,
        "dmean2": 0.00101807387546,
        "dvar": 7.13858639756e-07,
        "dvar2": 1.44019963955e-06,
        "max": 0.0137137817219,
        "mean": 0.00444427039474,
        "median": 0.00466956011951,
        "min": 3.24565591417e-12,
        "var": 5.93185995967e-06
    },
    "spectral_rolloff": {
        "dmean": 357.180755615,
        "dmean2": 606.381774902,
        "dvar": 1227146.75,
        "dvar2": 2704903.5,
        "max": 19789.0136719,
        "mean": 1161.3026123,
        "median": 581.396484375,
        "min": 64.599609375,
        "var": 6713103.5
    },
    "spectral_skewness": {
        "dmean": 0.267974883318,
        "dmean2": 0.394269645214,
        "dvar": 0.115818485618,
        "dvar2": 0.242521375418,
        "max": 17.0876293182,
        "mean": 1.98620700836,
        "median": 1.84340012074,
        "min": -0.391426175833,
        "var": 0.845611512661
    },
    "spectral_spread": {
        "dmean": 799381.9375,
        "dmean2": 1072822.25,
        "dvar": 1.14479857664e+12,
        "dvar2": 2.05292280218e+12,
        "max": 40416492,
        "mean": 5444043.5,
        "median": 4871037,
        "min": 326735.5625,
        "var": 5.60220916941e+12
    },
    "spectral_strongpeak": {
        "dmean": 0.462957084179,
        "dmean2": 0.768070042133,
        "dvar": 0.569883227348,
        "dvar2": 1.42154538631,
        "max": 12.0392742157,
        "mean": 0.919880151749,
        "median": 0.485599219799,
        "min": 0,
        "var": 1.34708607197
    },
    "zerocrossingrate": {
        "dmean": 0.0110249361023,
        "dmean2": 0.0122092766687,
        "dvar": 0.000254233920714,
        "dvar2": 0.000247989664786,
        "max": 0.75634765625,
        "mean": 0.057476349175,
        "median": 0.04052734375,
        "min": 0.00390625,
        "var": 0.00695821736008
    },
    "barkbands": {
        "dmean": [7.9370176536e-05, 0.00147142866626, 0.00152422511019, 0.000695109658409, 0.00305813923478, 0.00174188392702, 0.000710063090082, 0.00107221805956, 0.0011289184913, 0.000652445130982, 0.000363051833119, 0.000466045399662, 0.000179684415343, 0.000133562396513, 0.000150465697516, 8.14152517705e-05, 4.77756693726e-05, 4.03809572163e-05, 6.41304795863e-05, 6.6704400524e-05, 5.9373654949e-05, 6.34016250842e-05, 5.26120929862e-05, 5.25868708792e-05, 5.84945591982e-05, 4.46997000836e-05, 9.77258332568e-06],
        "dmean2": [0.00013167950965, 0.00231307209469, 0.00241556577384, 0.00114173977636, 0.00487283617258, 0.00279751745984, 0.00112802546937, 0.00170814513694, 0.00173030677252, 0.00100058037788, 0.000550164317247, 0.000757659377996, 0.000274230871582, 0.000208130571991, 0.000230248682783, 0.000123521967907, 7.06224163878e-05, 6.04317028774e-05, 9.43211271078e-05, 9.50939574977e-05, 8.95928242244e-05, 9.38564262469e-05, 7.705585449e-05, 7.53322092351e-05, 8.26788236736e-05, 6.33556337561e-05, 1.45070107465e-05],
        "dvar": [6.22983904464e-08, 7.12728206054e-06, 1.03641359601e-05, 2.36820505961e-06, 2.76263326668e-05, 1.2365719158e-05, 7.9197834566e-06, 1.43426241266e-05, 1.05971130324e-05, 4.65966240881e-06, 1.40801637372e-06, 1.76202831881e-06, 6.03280170708e-07, 2.21106404297e-07, 2.30703008697e-07, 6.81405012415e-08, 2.0011402313e-08, 9.70324354199e-09, 6.31906118542e-08, 3.32167715555e-08, 3.58725529281e-08, 3.29908367291e-08, 2.11729140887e-08, 4.38137810477e-08, 3.44325066237e-08, 1.65975819755e-08, 6.36105390583e-10],
        "dvar2": [1.57558844194e-07, 1.68938877323e-05, 2.70180898951e-05, 6.01538340561e-06, 6.86627681716e-05, 3.11740550387e-05, 1.96678720386e-05, 3.41223931173e-05, 2.4645933081e-05, 1.10466016849e-05, 3.25104701915e-06, 4.25030430051e-06, 1.37068013828e-06, 5.16187412813e-07, 5.24697441051e-07, 1.4738890286e-07, 3.83645009094e-08, 2.04210373056e-08, 1.32422087518e-07, 6.5922861836e-08, 8.9812800752e-08, 7.99055115408e-08, 4.8276774578e-08, 9.05311736688e-08, 6.50207923059e-08, 2.99130711312e-08, 1.41140832355e-09],
        "max": [0.00477766571566, 0.0416952930391, 0.0506327822804, 0.0546449460089, 0.0990506410599, 0.0703952461481, 0.116654209793, 0.0974653288722, 0.0840099677444, 0.0628084242344, 0.0364525988698, 0.0331619679928, 0.0323414877057, 0.0201493352652, 0.0142855709419, 0.00956339947879, 0.00800931546837, 0.00355708273128, 0.0178583133966, 0.00571399135515, 0.0101300431415, 0.00761620560661, 0.0046493341215, 0.0101211629808, 0.00832695979625, 0.00566141493618, 0.000620717532001],
        "mean": [0.000116917122796, 0.00411402899772, 0.0032301119063, 0.00113426323514, 0.00591426435858, 0.00327338511124, 0.000990775180981, 0.00145633460488, 0.00187777692918, 0.00111274060328, 0.000598724815063, 0.000682233774569, 0.000325724104187, 0.000206481650821, 0.00024796143407, 0.00014040915994, 9.11916140467e-05, 7.4770025094e-05, 0.000113698210043, 0.000130272557726, 9.09519731067e-05, 9.04385960894e-05, 7.61799456086e-05, 7.77281675255e-05, 8.5330560978e-05, 6.05768436799e-05, 1.19835394798e-05],
        "median": [4.24068684879e-06, 0.00248009688221, 0.00110471108928, 0.000467239471618, 0.00305218156427, 0.00132785318419, 0.000277581159025, 0.000221139198402, 0.000245303323027, 0.000140372823807, 0.000109671469545, 0.000108041596832, 3.77956930606e-05, 3.74654373445e-05, 5.18738670507e-05, 3.03183478536e-05, 2.41724301304e-05, 2.59459538938e-05, 3.15699544444e-05, 3.84687846235e-05, 2.77427279798e-05, 1.9387818611e-05, 1.49397219502e-05, 1.34813153636e-05, 1.51139984155e-05, 7.18408045941e-06, 1.55911550337e-06],
        "min": [1.40040149839e-23, 7.01946261722e-24, 4.33877915493e-24, 2.33900382287e-23, 3.13813790589e-23, 3.47876425823e-23, 2.94739291673e-23, 4.68105580428e-23, 1.05851476721e-22, 9.71317175078e-23, 9.2203419443e-23, 2.04677244623e-22, 1.59733036819e-22, 1.63539675651e-22, 5.80577771089e-23, 1.13198005802e-22, 1.65386165527e-22, 1.33842041308e-22, 2.38997818441e-22, 2.6875019342e-22, 5.42030594137e-22, 4.52945302039e-22, 4.73521015879e-22, 8.19176085124e-22, 1.72189135366e-21, 1.76910002141e-21, 2.30703439534e-21],
        "var": [9.23841767531e-08, 2.48115247814e-05, 2.42348032771e-05, 4.01791339755e-06, 6.15345998085e-05, 3.14087592415e-05, 1.10862847578e-05, 2.03793133551e-05, 2.3280901587e-05, 1.03457987279e-05, 2.99104203805e-06, 4.12858798882e-06, 2.08034703064e-06, 4.52718239785e-07, 4.59635771222e-07, 1.74015966081e-07, 8.02951589662e-08, 2.46378455415e-08, 1.17670047928e-07, 8.75189343219e-08, 4.02792856846e-08, 4.59512072837e-08, 3.42466570658e-08, 8.89315145969e-08, 7.8321200192e-08, 3.97643731276e-08, 1.01508923489e-09]
    },
    "erbbands": {
        "dmean": [0.0423265062273, 0.351898610592, 1.55322015285, 1.88739669323, 5.85763025284, 12.9438199997, 13.9875802994, 14.1088914871, 9.66649913788, 15.9990472794, 23.6013031006, 23.3958435059, 25.5763874054, 17.0068626404, 14.1487751007, 15.2179803848, 7.7815785408, 6.69248104095, 7.16989469528, 5.35457515717, 3.95455408096, 2.63976049423, 2.04711222649, 2.85004806519, 2.9919116497, 3.07971024513, 2.93468260765, 1.937728405, 2.30682015419, 2.03862524033, 1.4561675787, 1.12382698059, 0.883493602276, 0.592757344246, 0.466421186924, 0.234958827496, 0.0753742903471, 0.0153553755954, 0.00166457903106, 8.9436158305e-05],
        "dmean2": [0.06901293993, 0.547281801701, 2.4766907692, 2.95539784431, 9.17038726807, 20.9320411682, 22.6456108093, 22.3583755493, 15.1448307037, 25.2724380493, 37.2940559387, 35.7420005798, 38.0132026672, 25.5542850494, 21.8215618134, 24.523815155, 11.7226800919, 10.1422014236, 10.8694620132, 8.24971294403, 5.89384698868, 3.80751419067, 3.01445031166, 4.22191286087, 4.26474761963, 4.3825879097, 4.4182767868, 2.90926170349, 3.4412624836, 2.99276781082, 2.12598395348, 1.64026379585, 1.25487959385, 0.85466581583, 0.6654920578, 0.331870436668, 0.108380198479, 0.0224944185466, 0.00245483964682, 0.000135018446599],
        "dvar": [0.0103029264137, 0.357589095831, 9.48202133179, 15.3184671402, 142.632736206, 555.361450195, 614.141052246, 1104.35205078, 1044.65893555, 5149.50537109, 7127.92480469, 5136.57226562, 8119.64794922, 3333.70874023, 1875.95849609, 1747.7800293, 953.608642578, 524.024291992, 667.72857666, 295.159759521, 157.760971069, 70.0004501343, 22.7681484222, 83.012588501, 111.898963928, 76.5143051147, 120.904975891, 24.1409187317, 49.778629303, 31.7267875671, 16.5819721222, 17.967590332, 13.2269763947, 4.99902820587, 2.1181344986, 0.50892072916, 0.0459770597517, 0.00185153947677, 1.80694878509e-05, 6.07951378129e-08],
        "dvar2": [0.0257765240967, 0.837570250034, 24.3128623962, 37.6865272522, 345.595977783, 1398.07873535, 1686.47302246, 2625.22314453, 2448.45800781, 12848.8486328, 17107.1992188, 12072.421875, 18963.1777344, 8072.58642578, 4237.55761719, 4239.47119141, 2170.71606445, 1144.03808594, 1466.56726074, 699.580566406, 337.239562988, 126.54309082, 46.0734519958, 174.398727417, 224.198654175, 150.702697754, 304.552490234, 58.863155365, 122.277931213, 72.7545318604, 38.1617546082, 39.2375411987, 27.5648498535, 10.3568325043, 3.94049811363, 0.926352679729, 0.0870471671224, 0.00367476977408, 4.02959049097e-05, 1.48476246409e-07],
        "max": [2.08818912506, 9.8532781601, 54.684211731, 100.144874573, 269.746490479, 470.120056152, 462.939056396, 803.654174805, 1962.66015625, 2850.55908203, 2751.54907227, 1618.53747559, 3061.30664062, 2281.97460938, 1727.78186035, 1319.39733887, 1577.29980469, 954.317077637, 909.369018555, 590.132324219, 466.120452881, 536.936340332, 180.193099976, 379.394226074, 748.33392334, 307.267700195, 677.594421387, 109.421058655, 397.357116699, 155.065124512, 169.760803223, 219.97845459, 210.684677124, 128.763748169, 61.021282196, 29.9452209473, 8.69596004486, 2.19044852257, 0.0992478355765, 0.00583222042769],
        "mean": [0.106140315533, 0.977746725082, 3.44676923752, 3.98667263985, 10.353345871, 23.0155296326, 25.0927906036, 26.182723999, 15.5889854431, 22.5078849792, 33.4970970154, 39.2176246643, 46.5469017029, 30.12134552, 24.6592483521, 24.1870994568, 15.1782398224, 12.1693696976, 12.9094285965, 9.32560157776, 7.45448207855, 5.38399791718, 4.13065767288, 5.16523599625, 5.85493850708, 6.02410888672, 4.74091100693, 2.99740815163, 3.25842618942, 2.88913488388, 2.11172890663, 1.59046113491, 1.31163227558, 0.865803539753, 0.650282979012, 0.316300868988, 0.100178673863, 0.0197505764663, 0.00207580742426, 0.000126642073155],
        "median": [0.0382093116641, 0.617503106594, 1.45285201073, 1.79745829105, 4.42733192444, 10.7529335022, 12.5933895111, 9.25267696381, 5.2762389183, 4.98549890518, 5.87034082413, 5.96371412277, 6.27462005615, 5.30526161194, 5.46688222885, 4.64485216141, 2.49704861641, 2.50921416283, 2.64946317673, 2.39454317093, 1.87246251106, 1.46738648415, 1.44639253616, 1.68653619289, 1.74932479858, 1.70971763134, 1.42418324947, 0.904659867287, 0.729465126991, 0.528515398502, 0.431550621986, 0.269297391176, 0.232040748, 0.170328229666, 0.0944961681962, 0.0331022776663, 0.0123316133395, 0.00279406062327, 0.000279493659036, 4.43164135504e-05],
        "min": [3.73752123743e-22, 1.07175930004e-21, 6.09809866426e-21, 3.62591875014e-20, 5.31585681953e-20, 1.03385530751e-19, 2.49075094282e-19, 3.37991995349e-19, 5.60867798089e-19, 3.42646695752e-19, 1.26366593402e-18, 1.62799432609e-18, 3.98526726936e-18, 3.23927277957e-18, 5.0505493397e-18, 7.25069632709e-18, 7.96555904734e-18, 8.82961289006e-18, 5.51221579677e-18, 4.3171755581e-18, 6.90655403709e-18, 8.91412841479e-18, 8.1463956185e-18, 1.12201962932e-17, 1.06532020336e-17, 1.44244648572e-17, 2.48154481551e-17, 1.55700686466e-17, 1.30050618036e-17, 1.82073818285e-17, 1.47189361922e-17, 1.51424956792e-17, 1.49130043444e-17, 1.32628633948e-17, 1.55497894867e-17, 6.17567420504e-18, 3.61099616633e-18, 1.16668283291e-18, 3.52206964928e-19, 3.45660360293e-20],
        "var": [0.0301383771002, 1.25697267056, 23.6966266632, 39.2175102234, 301.042938232, 1122.35778809, 1305.24145508, 2946.73974609, 2065.37573242, 6308.88671875, 10494.6728516, 10522.1914062, 19097.1621094, 6835.81103516, 4873.58251953, 4518.05371094, 3483.1015625, 1483.03271484, 1709.67883301, 503.946533203, 458.342437744, 301.15838623, 70.0563735962, 172.248687744, 243.681594849, 205.605148315, 132.340072632, 34.2903022766, 67.5019378662, 49.5034065247, 25.8199615479, 32.592212677, 27.3520240784, 9.51980781555, 4.78282356262, 1.18247187138, 0.102559253573, 0.00373129080981, 2.90077168756e-05, 7.37157108688e-08]
    },
    "gfcc": {
        "mean": [-59.1068115234, 93.1688995361, -79.7728347778, 18.5520153046, -57.9560966492, 6.68463802338, -32.5021362305, 2.42573595047, -28.6979484558, 1.56099450588, -16.5417423248, 1.09811556339, -6.17718935013],
        "cov": [[26583.9082031, 1018.99127197, -1135.43835449, 759.260192871, -626.328857422, 596.603637695, -486.082397461, 551.655456543, -528.204101562, 232.054702759, -401.308563232, 109.912513733, -159.541809082], [1018.99127197, 1775.34399414, -184.521606445, 53.0340042114, 109.247276306, -54.328868866, 91.6686782837, -1.15168702602, -17.4315433502, -53.0631332397, 110.099472046, -101.698150635, 59.2799720764], [-1135.43835449, -184.521606445, 857.290039062, 180.812347412, 57.4818878174, 46.9055900574, -33.4594802856, -48.3560905457, 81.7087402344, 8.81871891022, -20.8202762604, 102.01625061, -52.0320892334], [759.260192871, 53.0340042114, 180.812347412, 415.351715088, 85.4740371704, 23.5923061371, -46.3384666443, 1.91727089882, 52.6764984131, -12.9281024933, -30.7950401306, 68.1829605103, -10.2955112457], [-626.328857422, 109.247276306, 57.4818878174, 85.4740371704, 241.708908081, 53.4293746948, 62.099571228, 11.381403923, 20.4195404053, -1.34241008759, 10.8694581985, -18.597454071, 8.27367115021], [596.603637695, -54.328868866, 46.9055900574, 23.5923061371, 53.4293746948, 243.001434326, 87.2589111328, -4.19674062729, -23.4717750549, 22.2549495697, -25.1585941315, -2.33764529228, -26.5268821716], [-486.082397461, 91.6686782837, -33.4594802856, -46.3384666443, 62.099571228, 87.2589111328, 207.918258667, 20.2010116577, -12.6674690247, 18.607503891, 40.405620575, -36.6509399414, 10.6842851639], [551.655456543, -1.15168702602, -48.3560905457, 1.91727089882, 11.381403923, -4.19674062729, 20.2010116577, 192.319610596, 47.886806488, 22.4636173248, 0.779997289181, -28.5674552917, 25.139793396], [-528.204101562, -17.4315433502, 81.7087402344, 52.6764984131, 20.4195404053, -23.4717750549, -12.6674690247, 47.886806488, 172.404098511, 13.0178613663, -11.295296669, 15.1498336792, 6.15608644485], [232.054702759, -53.0631332397, 8.81871891022, -12.9281024933, -1.34241008759, 22.2549495697, 18.607503891, 22.4636173248, 13.0178613663, 101.725852966, 23.5700035095, -4.33783388138, 3.20735287666], [-401.308563232, 110.099472046, -20.8202762604, -30.7950401306, 10.8694581985, -25.1585941315, 40.405620575, 0.779997289181, -11.295296669, 23.5700035095, 129.895858765, 9.37538051605, 24.7606105804], [109.912513733, -101.698150635, 102.01625061, 68.1829605103, -18.597454071, -2.33764529228, -36.6509399414, -28.5674552917, 15.1498336792, -4.33783388138, 9.37538051605, 125.57572937, 6.74073076248], [-159.541809082, 59.2799720764, -52.0320892334, -10.2955112457, 8.27367115021, -26.5268821716, 10.6842851639, 25.139793396, 6.15608644485, 3.20735287666, 24.7606105804, 6.74073076248, 96.5928573608]],
        "icov": [[0.00010788673535, -0.000133426408865, 0.000166123369127, -0.000258211250184, 0.000331010931404, -0.000371989852283, 0.000327873334754, -0.000460998533526, 0.000443933706265, -0.000379527016776, 0.000301111926092, -0.000264253438218, 0.000200813243282], [-0.000133426408865, 0.000871842552442, -0.000106126484752, 3.84006198146e-05, -0.000544662470929, 0.000575805956032, -0.000568124640267, 0.000727878010366, -0.000594099110458, 0.000958067947067, -0.00102784170303, 0.00102813658305, -0.000532549340278], [0.000166123369127, -0.000106126484752, 0.00177989329677, -0.000766016019043, 0.000202157607418, -0.000727036444005, 0.000538761436474, -0.000366377236787, 6.64529434289e-05, -0.000735096167773, 0.000418163719587, -0.00129147130065, 0.00103854166809], [-0.000258211250184, 3.84006198146e-05, -0.000766016019043, 0.00401880731806, -0.00206338032149, 0.000592860160396, 5.1484148571e-05, 0.000736327492632, -0.00148569140583, 0.000983623671345, 7.72564308136e-05, -0.00119829445612, -0.000166271740454], [0.000331010931404, -0.000544662470929, 0.000202157607418, -0.00206338032149, 0.00644083507359, -0.00196251180023, -0.000229388329899, -0.00130450213328, 0.000828158983495, -0.000630963302683, 0.000351436669007, 0.000637526682112, -0.000122201570775], [-0.000371989852283, 0.000575805956032, -0.000727036444005, 0.000592860160396, -0.00196251180023, 0.00728944968432, -0.00397842563689, 0.00160448777024, -0.000374305760488, -0.000177568639629, 0.00106381531805, 3.42124440067e-05, 0.000650866073556], [0.000327873334754, -0.000568124640267, 0.000538761436474, 5.1484148571e-05, -0.000229388329899, -0.00397842563689, 0.00842369347811, -0.00183019589167, 0.00122124643531, -0.00113489059731, -0.00149373838212, 0.000648863322567, -4.49611834483e-05], [-0.000460998533526, 0.000727878010366, -0.000366377236787, 0.000736327492632, -0.00130450213328, 0.00160448777024, -0.00183019589167, 0.00832345057279, -0.00374524784274, 0.000629167072475, -0.00116591760889, 0.0027771263849, -0.00241563376039], [0.000443933706265, -0.000594099110458, 6.64529434289e-05, -0.00148569140583, 0.000828158983495, -0.000374305760488, 0.00122124643531, -0.00374524784274, 0.00899079535156, -0.00260432064533, 0.00229122396559, -0.00188010046259, 0.000698575808201], [-0.000379527016776, 0.000958067947067, -0.000735096167773, 0.000983623671345, -0.000630963302683, -0.000177568639629, -0.00113489059731, 0.000629167072475, -0.00260432064533, 0.0128653123975, -0.00403389567509, 0.00199471297674, -0.000905276217964], [0.000301111926092, -0.00102784170303, 0.000418163719587, 7.72564308136e-05, 0.000351436669007, 0.00106381531805, -0.00149373838212, -0.00116591760889, 0.00229122396559, -0.00403389567509, 0.0115287294611, -0.00334903644398, -0.000641290738713], [-0.000264253438218, 0.00102813658305, -0.00129147130065, -0.00119829445612, 0.000637526682112, 3.42124440067e-05, 0.000648863322567, 0.0027771263849, -0.00188010046259, 0.00199471297674, -0.00334903644398, 0.0123328454792, -0.00267918803729], [0.000200813243282, -0.000532549340278, 0.00103854166809, -0.000166271740454, -0.000122201570775, 0.000650866073556, -4.49611834483e-05, -0.00241563376039, 0.000698575808201, -0.000905276217964, -0.000641290738713, -0.00267918803729, 0.0127127431333]]
    },
    "melbands": {
        "dmean": [0.000378977623768, 0.000672779686283, 0.000403408164857, 0.000670240493491, 0.000499082438182, 0.000313271128107, 0.000147773447679, 0.000184427932254, 0.000194556050701, 0.000155539615662, 0.000128109386424, 6.94736663718e-05, 4.37721828348e-05, 5.79968145757e-05, 2.68691346719e-05, 1.58765178639e-05, 1.31125052576e-05, 1.17424951895e-05, 1.12178877316e-05, 6.37613811705e-06, 4.39988571088e-06, 3.05528124045e-06, 2.1911271233e-06, 1.85151873211e-06, 2.5229462608e-06, 2.63222023023e-06, 2.18360969484e-06, 2.22233484237e-06, 2.07913012673e-06, 1.42352428156e-06, 1.1212349591e-06, 1.38389566473e-06, 1.24432187931e-06, 1.1265763078e-06, 9.14027964427e-07, 6.89013631927e-07, 7.25952133962e-07, 6.67770734708e-07, 5.65083553283e-07, 4.9155198667e-07],
        "dmean2": [0.000605274282862, 0.00105752481613, 0.000629780231975, 0.00107057497371, 0.000805373594631, 0.000496539636515, 0.000231875979807, 0.000289272924419, 0.00030840295949, 0.000236413630773, 0.000191177779925, 0.000104940598249, 6.59879879095e-05, 9.44936837186e-05, 4.11349210481e-05, 2.40283279709e-05, 2.01429829758e-05, 1.79377857421e-05, 1.71951105585e-05, 9.69642132986e-06, 6.62618685965e-06, 4.50834113508e-06, 3.26978465637e-06, 2.77653566627e-06, 3.81199652111e-06, 3.87009595215e-06, 3.20390449815e-06, 3.21565403283e-06, 3.14727253681e-06, 2.19741968976e-06, 1.70788075593e-06, 2.12127474697e-06, 1.87492003079e-06, 1.69874624589e-06, 1.36639437187e-06, 1.02462524865e-06, 1.08124254439e-06, 9.67800815488e-07, 8.31926115552e-07, 7.23494565591e-07],
        "dvar": [6.03603609761e-07, 1.55919315148e-06, 6.45106240427e-07, 1.53757525823e-06, 6.8496132144e-07, 4.90417107812e-07, 2.35674605165e-07, 6.06233243161e-07, 4.70727144375e-07, 2.24487905598e-07, 2.01150498924e-07, 5.82809320804e-08, 1.84797990244e-08, 2.97399456173e-08, 1.11041362771e-08, 4.84382400856e-09, 2.03252481512e-09, 2.21349161222e-09, 1.39316991277e-09, 4.38549613291e-10, 2.17763820864e-10, 1.14572212828e-10, 3.25956518721e-11, 2.05382707369e-11, 6.9414252124e-11, 1.6357742938e-10, 3.87000674562e-11, 4.59410946785e-11, 5.69051229748e-11, 1.96770898186e-11, 9.1861587781e-12, 2.34831997598e-11, 1.3218269361e-11, 1.04424255701e-11, 6.59623917987e-12, 4.36167421625e-12, 9.82594040855e-12, 9.04737829793e-12, 3.88820746433e-12, 4.38724100452e-12],
        "dvar2": [1.46973764004e-06, 3.87403952118e-06, 1.55964744408e-06, 3.853599992e-06, 1.79026892511e-06, 1.17620209039e-06, 5.58926956273e-07, 1.49130460159e-06, 1.12860573154e-06, 5.20854939623e-07, 4.71406707447e-07, 1.41699530332e-07, 4.13500131913e-08, 7.40660581755e-08, 2.47800588937e-08, 1.09124576042e-08, 4.64276084244e-09, 4.90093787775e-09, 3.2480373946e-09, 9.72816383005e-10, 4.65763316804e-10, 2.05519865015e-10, 6.58253104802e-11, 4.49021930748e-11, 1.50038134694e-10, 3.2738803335e-10, 8.23706311492e-11, 9.61180995906e-11, 1.39952119338e-10, 4.87635001822e-11, 2.30839670295e-11, 5.75716314899e-11, 3.1737355799e-11, 2.41272817697e-11, 1.52962087441e-11, 1.02270579158e-11, 2.18381163847e-11, 1.92146003969e-11, 8.5393983551e-12, 9.4164667383e-12],
        "max": [0.0148114822805, 0.0216933116317, 0.0187215209007, 0.027086051181, 0.0183377545327, 0.0164060816169, 0.0270743109286, 0.0295913461596, 0.021887909621, 0.00968043040484, 0.0149786146358, 0.00900524388999, 0.00565745169297, 0.00505194161087, 0.00571290310472, 0.00323519459926, 0.00164813315496, 0.0017887171125, 0.00149009958841, 0.000856644881424, 0.000435485184425, 0.000737334485166, 0.000241693560383, 0.000157583737746, 0.000300563551718, 0.00108516030014, 0.000269753480097, 0.00020106631564, 0.000430946791312, 0.000178669244633, 8.23380905786e-05, 0.000355930387741, 0.000126030558022, 0.000114070971904, 9.056620911e-05, 7.69012476667e-05, 0.000159594332217, 0.00017122583813, 0.000110188215331, 0.000132182016387],
        "mean": [0.0010369567899, 0.00167564884759, 0.000844820751809, 0.00123465037905, 0.000936316617299, 0.000588685506955, 0.000231542406254, 0.000256980158156, 0.000276731501799, 0.000263321970124, 0.000227187294513, 0.000117674950161, 7.53013955546e-05, 8.42955705593e-05, 4.41292759206e-05, 3.02014232147e-05, 2.11606111407e-05, 1.94787753571e-05, 1.8018998162e-05, 1.05622057163e-05, 7.65655750001e-06, 5.6787430367e-06, 4.14885380451e-06, 3.36802918355e-06, 4.19453499489e-06, 4.63561764263e-06, 4.11115479437e-06, 3.9751780605e-06, 3.26888766722e-06, 2.03476270144e-06, 1.61866421422e-06, 1.88510739463e-06, 1.7050401766e-06, 1.55316479322e-06, 1.29020747863e-06, 9.48601837081e-07, 9.84246298685e-07, 9.50331070726e-07, 8.08441882327e-07, 6.94446271154e-07],
        "median": [0.00058722065296, 0.00097865506541, 0.000390443427023, 0.000593477219809, 0.000497992383316, 0.000221924594371, 7.53972344683e-05, 5.00108799315e-05, 4.16462462454e-05, 3.45154767274e-05, 2.66593651759e-05, 1.63676031661e-05, 1.61201987794e-05, 1.38383811645e-05, 6.99860856912e-06, 3.5988723539e-06, 4.02558589485e-06, 3.24061670653e-06, 3.63453477803e-06, 2.2981607799e-06, 1.83381371244e-06, 1.41390876252e-06, 1.23476468161e-06, 1.18215882594e-06, 1.24467135265e-06, 1.14435636078e-06, 1.20161382711e-06, 1.01688431187e-06, 9.3086924835e-07, 5.80514893045e-07, 4.13598172599e-07, 4.09694052905e-07, 3.02190898083e-07, 2.6640697115e-07, 2.54704787039e-07, 1.76122696871e-07, 1.4275644844e-07, 1.52717788637e-07, 1.55530102575e-07, 1.31347633214e-07],
        "min": [3.11177878927e-24, 2.27296228115e-24, 7.64549395413e-24, 4.51439615851e-24, 8.85023443998e-24, 7.25197226929e-24, 7.87220468969e-24, 4.11683945013e-24, 1.02694819832e-23, 1.28381258977e-23, 2.03486812497e-23, 1.29106490361e-23, 1.34102330697e-23, 2.2105733232e-23, 1.71943972543e-23, 1.90806441425e-23, 1.48984144342e-23, 9.30554759953e-24, 4.31635893914e-24, 7.49134185578e-24, 8.2421488998e-24, 1.02406972376e-23, 5.64017127331e-24, 7.82347438499e-24, 9.34078917161e-24, 8.0357726318e-24, 6.96328231013e-24, 1.00216416083e-23, 1.30297410004e-23, 1.56317679307e-23, 7.46336017062e-24, 6.26616632262e-24, 1.05227363105e-23, 9.123260777e-24, 8.33308089634e-24, 7.56708196902e-24, 1.02013717326e-23, 1.03610679454e-23, 1.06698509807e-23, 1.13121983277e-23],
        "var": [1.89220179436e-06, 4.39093810201e-06, 1.57739191309e-06, 3.06681022266e-06, 1.5853235027e-06, 1.29473551169e-06, 4.35989250036e-07, 7.96854578766e-07, 7.56001725222e-07, 4.8945872777e-07, 4.69630776934e-07, 1.17426850466e-07, 4.24328980841e-08, 6.51028031484e-08, 3.37822285701e-08, 2.0280962687e-08, 4.59139082309e-09, 5.39916200637e-09, 2.39457365048e-09, 9.37982580496e-10, 5.37714539561e-10, 4.21808005191e-10, 1.00257510627e-10, 5.02678558501e-11, 1.30691596434e-10, 2.89908708151e-10, 9.666457218e-11, 1.0362218722e-10, 6.68754426836e-11, 2.1823083271e-11, 1.19582121982e-11, 3.12513834255e-11, 1.77635579857e-11, 1.60738974214e-11, 9.69845037613e-12, 7.08118112758e-12, 1.66986528771e-11, 1.72773809148e-11, 7.48061595307e-12, 7.54930666591e-12]
    },
    "mfcc": {
        "mean": [-710.246826172, 131.696426392, 26.8625545502, 20.995672226, -0.26079043746, 3.516518116, 3.55841374397, -1.30530261993, -1.9599186182, -1.27243947983, -6.92736530304, -6.03715085983, -0.370025992393],
        "cov": [[17994.2734375, 1131.37878418, -534.426818848, 77.1569900513, -273.802886963, 109.284851074, 72.2312469482, 56.216053009, 122.278572083, 144.818450928, -77.6772079468, -114.846496582, 37.3698692322], [1131.37878418, 1486.93188477, -94.0549468994, 100.51473999, -15.204044342, -22.4914398193, 153.240631104, -12.4824075699, -26.8378410339, 61.331413269, -1.73665904999, -28.249874115, -9.33337974548], [-534.426818848, -94.0549468994, 649.88659668, 125.842514038, 97.7850036621, 99.7809753418, -96.6264801025, 54.9183349609, 1.65832173824, -69.9947128296, 45.1391296387, 43.0365219116, 30.7316112518], [77.1569900513, 100.51473999, 125.842514038, 339.333435059, 129.43548584, 23.58893013, -49.7219390869, 40.8009147644, 16.2231445312, -33.8558387756, -0.0158868748695, 23.5534534454, 31.855714798], [-273.802886963, -15.204044342, 97.7850036621, 129.43548584, 226.553085327, 28.8987026215, -33.1120185852, 37.162940979, 35.747341156, 4.38190460205, 3.47431826591, 13.3603210449, 15.0457448959], [109.284851074, -22.4914398193, 99.7809753418, 23.58893013, 28.8987026215, 284.980865479, 46.833770752, 47.9239082336, -5.13592720032, -28.3407764435, 28.8475761414, -3.78443527222, 6.47272586823], [72.2312469482, 153.240631104, -96.6264801025, -49.7219390869, -33.1120185852, 46.833770752, 272.413909912, -1.30560338497, -12.9266815186, 54.961894989, -2.8731238842, -4.41717004776, -14.5190486908], [56.216053009, -12.4824075699, 54.9183349609, 40.8009147644, 37.162940979, 47.9239082336, -1.30560338497, 132.678619385, 36.9669876099, -9.15076541901, 16.3923892975, 10.6944675446, 14.2079000473], [122.278572083, -26.8378410339, 1.65832173824, 16.2231445312, 35.747341156, -5.13592720032, -12.9266815186, 36.9669876099, 139.845184326, 59.2653579712, 7.22135686874, 4.94331169128, 15.6552858353], [144.818450928, 61.331413269, -69.9947128296, -33.8558387756, 4.38190460205, -28.3407764435, 54.961894989, -9.15076541901, 59.2653579712, 147.303314209, 21.7943458557, -6.90863704681, -3.81997609138], [-77.6772079468, -1.73665904999, 45.1391296387, -0.0158868748695, 3.47431826591, 28.8475761414, -2.8731238842, 16.3923892975, 7.22135686874, 21.7943458557, 102.39201355, 27.3579845428, -0.722529172897], [-114.846496582, -28.249874115, 43.0365219116, 23.5534534454, 13.3603210449, -3.78443527222, -4.41717004776, 10.6944675446, 4.94331169128, -6.90863704681, 27.3579845428, 92.0862350464, 27.7289943695], [37.3698692322, -9.33337974548, 30.7316112518, 31.855714798, 15.0457448959, 6.47272586823, -14.5190486908, 14.2079000473, 15.6552858353, -3.81997609138, -0.722529172897, 27.7289943695, 82.1560897827]],
