{
"lowlevel": {
    "average_loudness": 0.123391963542,
    "barkbands_crest": {
        "dmean": 2.08525633812,
        "dmean2": 3.28260135651,
        "dvar": 5.06193351746,
        "dvar2": 12.4111833572,
        "max": 26.8686943054,
        "mean": 14.3073854446,
        "median": 13.5958366394,
        "min": 2.50175833702,
        "var": 29.3889045715
    },
    "barkbands_flatness_db": {
        "dmean": 0.0246062446386,
        "dmean2": 0.0358080565929,
        "dvar": 0.000836442399304,
        "dvar2": 0.0017282422632,
        "max": 0.557286441326,
        "mean": 0.275051742792,
        "median": 0.275651782751,
        "min": 0.0434301719069,
        "var": 0.00829497911036
    },
    "barkbands_kurtosis": {
        "dmean": 10.8212366104,
        "dmean2": 16.3566455841,
        "dvar": 1090.30786133,
        "dvar2": 2146.30419922,
        "max": 1727.23950195,
        "mean": 28.1360588074,
        "median": 10.4893007278,
        "min": -1.94275128841,
        "var": 4605.01123047
    },
    "barkbands_skewness": {
        "dmean": 0.746034502983,
        "dmean2": 1.1141602993,
        "dvar": 1.21960425377,
        "dvar2": 2.54439139366,
        "max": 30.9790821075,
        "mean": 2.48997306824,
        "median": 1.9128806591,
        "min": -7.44041252136,
        "var": 8.36611461639
    },
    "barkbands_spread": {
        "dmean": 2.08424782753,
        "dmean2": 3.15762639046,
        "dvar": 31.6867198944,
        "dvar2": 65.9331283569,
        "max": 134.902908325,
        "mean": 6.67094182968,
        "median": 3.83787989616,
        "min": 0.0485518984497,
        "var": 104.790168762
    },
    "dissonance": {
        "dmean": 0.0363309718668,
        "dmean2": 0.0605234578252,
        "dvar": 0.00126923201606,
        "dvar2": 0.00331664900295,
        "max": 0.500000059605,
        "mean": 0.378543406725,
        "median": 0.383965432644,
        "min": 0.100603573024,
        "var": 0.00495538674295
    },
    "dynamic_complexity": 8.69940853119,
    "erbbands_crest": {
        "dmean": 2.41306495667,
        "dmean2": 3.7343609333,
        "dvar": 6.83545970917,
        "dvar2": 16.5192813873,
        "max": 34.1308326721,
        "mean": 15.4453744888,
        "median": 14.6539440155,
        "min": 2.4556581974,
        "var": 38.5360107422
    },
    "erbbands_flatness_db": {
        "dmean": 0.0213227737695,
        "dmean2": 0.0306145995855,
        "dvar": 0.000720909505617,
        "dvar2": 0.00147817796096,
        "max": 0.591447174549,
        "mean": 0.273601710796,
        "median": 0.271904677153,
        "min": 0.0267431922257,
        "var": 0.00644524162635
    },
    "erbbands_kurtosis": {
        "dmean": 3.94634890556,
        "dmean2": 6.06339550018,
        "dvar": 64.4573822021,
        "dvar2": 136.529251099,
        "max": 321.84588623,
        "mean": 10.6281681061,
        "median": 4.90368556976,
        "min": -1.95648574829,
        "var": 406.985137939
    },
    "erbbands_skewness": {
        "dmean": 0.482184201479,
        "dmean2": 0.722725450993,
        "dvar": 0.385416984558,
        "dvar2": 0.80861055851,
        "max": 11.7479705811,
        "mean": 1.77046108246,
        "median": 1.58387899399,
        "min": -5.76687240601,
        "var": 2.97466087341
    },
    "erbbands_spread": {
        "dmean": 4.34196805954,
        "dmean2": 6.63450670242,
        "dvar": 94.2049179077,
        "dvar2": 205.283355713,
        "max": 169.765533447,
        "mean": 15.5202655792,
        "median": 11.2208003998,
        "min": 0.329183906317,
        "var": 284.619781494
    },
    "hfc": {
        "dmean": 2.15632557869,
        "dmean2": 3.11133813858,
        "dvar": 24.3124694824,
        "dvar2": 51.5742797852,
        "max": 124.409606934,
        "mean": 7.57236862183,
        "median": 3.25702357292,
        "min": 1.19086347288e-16,
        "var": 138.436294556
    },
    "melbands_crest": {
        "dmean": 2.47303676605,
        "dmean2": 3.91856431961,
        "dvar": 7.33062410355,
        "dvar2": 18.2743473053,
        "max": 37.1787528992,
        "mean": 17.2517929077,
        "median": 16.5213470459,
        "min": 1.75439369678,
        "var": 41.354133606
    },
    "melbands_flatness_db": {
        "dmean": 0.0262384433299,
        "dmean2": 0.0376215651631,
        "dvar": 0.00104146334343,
        "dvar2": 0.00210832245648,
        "max": 0.650395750999,
        "mean": 0.359727203846,
        "median": 0.364814341068,
        "min": 0.00453147385269,
        "var": 0.0120411766693
    },
    "melbands_kurtosis": {
        "dmean": 9.97041893005,
        "dmean2": 15.47935009,
        "dvar": 653.020263672,
        "dvar2": 1449.07397461,
        "max": 1074.52319336,
        "mean": 24.5911216736,
        "median": 10.0679340363,
        "min": -1.94908881187,
        "var": 2510.38037109
    },
    "melbands_skewness": {
        "dmean": 0.680640935898,
        "dmean2": 1.03286457062,
        "dvar": 0.970273137093,
        "dvar2": 2.15153622627,
        "max": 25.0431232452,
        "mean": 2.29916715622,
        "median": 1.87196230888,
        "min": -5.96866369247,
        "var": 4.97979688644
    },
    "melbands_spread": {
        "dmean": 2.55364131927,
        "dmean2": 3.89169287682,
        "dvar": 77.0101013184,
        "dvar2": 158.360336304,
        "max": 282.3465271,
        "mean": 8.96762275696,
        "median": 4.74957180023,
        "min": 0.225722447038,
        "var": 252.637191772
    },
    "pitch_salience": {
        "dmean": 0.0560689531267,
        "dmean2": 0.0879936888814,
        "dvar": 0.00362507207319,
        "dvar2": 0.00859966594726,
        "max": 0.874455809593,
        "mean": 0.493425488472,
        "median": 0.497434556484,
        "min": 0.048435933888,
        "var": 0.0219295620918
    },
    "silence_rate_20dB": {
        "dmean": 0,
        "dmean2": 0,
        "dvar": 0,
        "dvar2": 0,
        "max": 1,
        "mean": 1,
        "median": 1,
        "min": 1,
        "var": 0
    },
    "silence_rate_30dB": {
        "dmean": 0.00629990454763,
        "dmean2": 0.0126007329673,
        "dvar": 0.00626009237021,
        "dvar2": 0.0147858439013,
        "max": 1,
        "mean": 0.992382049561,
        "median": 1,
        "min": 0,
        "var": 0.00756005803123
    },
    "silence_rate_60dB": {
        "dmean": 0.0316460318863,
        "dmean2": 0.0632967054844,
        "dvar": 0.0306486152112,
        "dvar2": 0.0683836266398,
        "max": 1,
        "mean": 0.312481701374,
        "median": 0,
        "min": 0,
        "var": 0.214839160442
    },
    "spectral_centroid": {
        "dmean": 83.2472457886,
        "dmean2": 122.996261597,
        "dvar": 58123.9960938,
        "dvar2": 108364,
        "max": 11283.6347656,
        "mean": 579.740783691,
        "median": 407.252410889,
        "min": 175.432937622,
        "var": 297557.875
    },
    "spectral_complexity": {
        "dmean": 0.906160712242,
        "dmean2": 1.48410260677,
        "dvar": 1.99045586586,
        "dvar2": 4.34336471558,
        "max": 32,
        "mean": 6.26538228989,
        "median": 6,
        "min": 0,
        "var": 21.3279342651
    },
    "spectral_decrease": {
        "dmean": 1.20271925752e-09,
        "dmean2": 1.78924242089e-09,
        "dvar": 7.13412672644e-18,
        "dvar2": 1.67713747784e-17,
        "max": 9.58059379002e-16,
        "mean": -4.04594491243e-09,
        "median": -2.10456008176e-09,
        "min": -7.42276853316e-08,
        "var": 2.88873572169e-17
    },
    "spectral_energy": {
        "dmean": 0.00471550831571,
        "dmean2": 0.00701138749719,
        "dvar": 0.000109116750536,
        "dvar2": 0.000255506543908,
        "max": 0.287440896034,
        "mean": 0.0159570612013,
        "median": 0.00830129254609,
        "min": 1.08615721063e-20,
        "var": 0.000451705709565
    },
    "spectral_energyband_high": {
        "dmean": 4.8810547014e-05,
        "dmean2": 7.3710885772e-05,
        "dvar": 6.35060430909e-08,
        "dvar2": 1.48560786783e-07,
        "max": 0.00816422887146,
        "mean": 7.52914711484e-05,
        "median": 3.25564587911e-06,
        "min": 7.73975854722e-21,
        "var": 1.08867048709e-07
    },
    "spectral_energyband_low": {
        "dmean": 0.000529178068973,
        "dmean2": 0.000859319639858,
        "dvar": 9.7707779787e-06,
        "dvar2": 2.61944969679e-05,
        "max": 0.175898298621,
        "mean": 0.000973334477749,
        "median": 0.000200606300496,
        "min": 1.27932627469e-22,
        "var": 9.27577184484e-06
    },
    "spectral_energyband_middle_high": {
        "dmean": 0.000663240556605,
        "dmean2": 0.000913833850063,
        "dvar": 7.76347587816e-06,
        "dvar2": 1.41239579534e-05,
        "max": 0.129131317139,
        "mean": 0.00201322580688,
        "median": 0.000168928585481,
        "min": 1.48224101473e-21,
        "var": 4.80663220515e-05
    },
    "spectral_energyband_middle_low": {
        "dmean": 0.00415092613548,
        "dmean2": 0.00618347153068,
        "dvar": 8.36643375806e-05,
        "dvar2": 0.000196954861167,
        "max": 0.282298445702,
        "mean": 0.0132434302941,
        "median": 0.00706798024476,
        "min": 2.68477638822e-22,
        "var": 0.000313037773594
    },
    "spectral_entropy": {
        "dmean": 0.23844371736,
        "dmean2": 0.346528917551,
        "dvar": 0.0992905721068,
        "dvar2": 0.202538639307,
        "max": 9.80703735352,
        "mean": 6.0464963913,
        "median": 5.93669843674,
        "min": 3.50611710548,
        "var": 0.844210445881
    },
    "spectral_flux": {
        "dmean": 0.015734102577,
        "dmean2": 0.0249992441386,
        "dvar": 0.000602521991823,
        "dvar2": 0.00144940067548,
        "max": 0.470980256796,
        "mean": 0.0358265005052,
        "median": 0.0227934867144,
        "min": 1.04218869645e-10,
        "var": 0.00159615662415
    },
    "spectral_kurtosis": {
        "dmean": 9.89434337616,
        "dmean2": 16.1331939697,
        "dvar": 251.075363159,
        "dvar2": 622.811645508,
        "max": 270.083984375,
        "mean": 31.243888855,
        "median": 17.7469367981,
        "min": -1.46459329128,
        "var": 1326.70910645
    },
    "spectral_rms": {
        "dmean": 0.000473842461361,
        "dmean2": 0.000685309467372,
        "dvar": 5.68059761008e-07,
        "dvar2": 1.19504477425e-06,
        "max": 0.0167460478842,
        "mean": 0.00316173909232,
        "median": 0.00284584285691,
        "min": 3.25525045287e-12,
        "var": 5.57135399504e-06
    },
    "spectral_rolloff": {
        "dmean": 148.880645752,
        "dmean2": 254.080764771,
        "dvar": 488799.9375,
        "dvar2": 991835.875,
        "max": 19745.9472656,
        "mean": 835.930541992,
        "median": 452.197265625,
        "min": 43.06640625,
        "var": 2670214.75
    },
    "spectral_skewness": {
        "dmean": 0.672471404076,
        "dmean2": 1.06808269024,
        "dvar": 0.724474310875,
        "dvar2": 1.72944104671,
        "max": 13.3728742599,
        "mean": 4.01815080643,
        "median": 3.54153370857,
        "min": -0.490180462599,
        "var": 4.45843648911
    },
    "spectral_spread": {
        "dmean": 576467.5,
        "dmean2": 878660.3125,
        "dvar": 820872806400,
        "dvar2": 1.52816490906e+12,
        "max": 41902556,
        "mean": 3188792.75,
        "median": 2839512.75,
        "min": 317055.3125,
        "var": 4.56917201715e+12
    },
    "spectral_strongpeak": {
        "dmean": 0.307476639748,
        "dmean2": 0.493190973997,
        "dvar": 0.350386202335,
        "dvar2": 0.80980604887,
        "max": 13.2457418442,
        "mean": 1.00436258316,
        "median": 0.678957343102,
        "min": 0,
        "var": 1.52850317955
    },
    "zerocrossingrate": {
        "dmean": 0.0050306096673,
        "dmean2": 0.00575649598613,
        "dvar": 0.000145634287037,
        "dvar2": 0.000128850049805,
        "max": 0.74755859375,
        "mean": 0.0336428359151,
        "median": 0.02197265625,
        "min": 0.00390625,
        "var": 0.00269803171977
    },
    "barkbands": {
        "dmean": [5.52024212084e-05, 0.000317373836879, 0.000165050063515, 8.91323506949e-05, 0.00208542728797, 0.00158028223086, 0.000790852471255, 0.000300614803564, 0.000459627277451, 0.000423714402132, 0.00022094893211, 0.000124463331304, 5.53748686798e-05, 4.11776127294e-05, 3.16549012496e-05, 1.19740398077e-05, 1.03334305095e-05, 7.86113196227e-06, 9.55119594437e-06, 9.80897038971e-06, 8.24164817459e-06, 1.08276190076e-05, 1.17783456517e-05, 9.40354311751e-06, 7.81497419666e-06, 2.54288602264e-06, 4.86705573621e-07],
        "dmean2": [9.10539602046e-05, 0.000549188873265, 0.000243433198193, 0.000142483855598, 0.00317020644434, 0.00244062580168, 0.00120879767928, 0.000421323085902, 0.000639610632788, 0.000585259753279, 0.000315902638249, 0.000183074196684, 8.21679495857e-05, 6.2101506046e-05, 4.58850518044e-05, 1.82248440979e-05, 1.52346938194e-05, 1.17865120046e-05, 1.39229459819e-05, 1.49606457853e-05, 1.37470015034e-05, 1.74490487552e-05, 1.87113455468e-05, 1.43366823977e-05, 1.14061813292e-05, 3.73623470296e-06, 7.01947499238e-07],
        "dvar": [1.78542450158e-07, 5.94402854404e-06, 4.68398894782e-07, 1.86992835438e-07, 3.37641613442e-05, 1.76583253051e-05, 1.31798242364e-05, 2.28220278586e-06, 5.106376193e-06, 5.9414342104e-06, 1.51073061261e-06, 7.03876139596e-07, 8.61888764803e-08, 8.76337011846e-08, 2.28659331469e-08, 3.79657860705e-09, 3.30882743427e-09, 1.42932077285e-09, 2.29638996707e-09, 2.79538947545e-09, 2.75616662826e-09, 6.42665654027e-09, 6.57041443475e-09, 2.51363352355e-09, 2.78691647537e-09, 2.43612102713e-10, 7.13598104218e-12],
        "dvar2": [4.3498724267e-07, 1.63110107678e-05, 1.09798997983e-06, 5.23202800196e-07, 8.52560406202e-05, 4.57816204289e-05, 3.02490734612e-05, 4.88889145345e-06, 1.01704272311e-05, 1.1098691175e-05, 3.27595626004e-06, 1.4781074924e-06, 1.93723877828e-07, 1.61734092785e-07, 4.48098838035e-08, 8.50657944085e-09, 5.78038017451e-09, 3.19521920034e-09, 4.50627446469e-09, 6.67306609969e-09, 7.43101669087e-09, 1.47612100321e-08, 1.62218949384e-08, 5.56779244931e-09, 5.68537794621e-09, 4.87649032266e-10, 1.36624132147e-11],
        "max": [0.01706254296, 0.137840390205, 0.0271314103156, 0.0264395587146, 0.254262924194, 0.116707593203, 0.13832950592, 0.112861298025, 0.0912485420704, 0.0957404524088, 0.0541604757309, 0.065224185586, 0.0151852667332, 0.0248155724257, 0.00898545701057, 0.00332307163626, 0.00469684926793, 0.00159309932496, 0.00232864217833, 0.00182603963185, 0.00167985795997, 0.00462615070865, 0.00449394900352, 0.00202299281955, 0.00318614533171, 0.000598452868871, 0.00013690792548],
        "mean": [4.47917773272e-05, 0.000385502935387, 0.000438306597061, 0.000211488018977, 0.00481390487403, 0.00411213561893, 0.0019372216193, 0.000600670289714, 0.0010639684042, 0.00116662553046, 0.000546995783225, 0.000226741714869, 0.000107876243419, 7.90859485278e-05, 6.45279505989e-05, 2.00638151e-05, 2.09657482628e-05, 1.39412777571e-05, 1.82251205842e-05, 1.73409589479e-05, 8.99678798305e-06, 1.23583413369e-05, 1.50076521095e-05, 1.42328381116e-05, 1.16178207463e-05, 3.79715947929e-06, 7.68008021623e-07],
        "median": [3.03991754436e-07, 4.25717953476e-05, 5.62331188121e-05, 4.5182681788e-05, 0.00178950582631, 0.00102711189538, 0.000289094052278, 4.32639717474e-05, 5.92082942603e-05, 2.10437665373e-05, 1.48038634507e-05, 1.26284448925e-05, 7.84637268225e-06, 3.7709019125e-06, 3.22103778672e-06, 1.39872156524e-06, 1.22964934235e-06, 1.13215708097e-06, 6.17303669515e-07, 3.49450715476e-07, 2.28632160315e-07, 1.28130110966e-07, 3.76714751837e-07, 5.4302938679e-07, 3.42491148331e-07, 9.15789115652e-08, 2.06714751982e-08],
        "min": [8.3015884646e-23, 5.5034641239e-23, 3.38013013935e-23, 7.32819437653e-24, 3.5504417378e-23, 5.47470477965e-23, 1.128012277e-22, 1.95409397475e-23, 2.96887549244e-23, 9.62938399414e-23, 9.44409886908e-23, 5.55928960135e-23, 8.32455630763e-23, 9.02963198056e-23, 2.05908221045e-22, 1.30792784676e-22, 1.74155471516e-22, 1.21784308683e-22, 3.67927023358e-22, 3.3806233983e-22, 4.76553927313e-22, 7.52183694646e-22, 6.75753397542e-22, 7.86105975748e-22, 1.12844469899e-21, 1.45205942368e-21, 2.49699815977e-21],
        "var": [1.52296053102e-07, 4.19575326305e-06, 1.66170082139e-06, 3.12665406454e-07, 6.7821747507e-05, 5.48172029085e-05, 4.05192222388e-05, 6.13371776126e-06, 1.74071756192e-05, 3.40409678756e-05, 5.9411509028e-06, 1.25852477595e-06, 2.07578636946e-07, 3.16871904715e-07, 8.19451315692e-08, 7.40843120184e-09, 1.45609950764e-08, 3.30115179636e-09, 7.58542917367e-09, 7.09361858142e-09, 2.62618704561e-09, 8.76068551037e-09, 9.05739572232e-09, 4.29792335055e-09, 5.29978905206e-09, 5.45384126749e-10, 2.09026476683e-11]
    },
    "erbbands": {
        "dmean": [0.013636989519, 0.0556296035647, 0.168243065476, 0.246156603098, 1.59004867077, 9.57846641541, 15.2213459015, 10.1516437531, 10.9751720428, 9.20756530762, 5.9868812561, 11.1741456985, 11.655330658, 12.2509298325, 6.86137104034, 5.11157846451, 2.88452720642, 2.0972328186, 1.79457104206, 1.05297255516, 0.611950218678, 0.436958789825, 0.384628266096, 0.506592214108, 0.424811124802, 0.476684480906, 0.355504184961, 0.310304909945, 0.402482092381, 0.386062830687, 0.312478005886, 0.201342433691, 0.168525964022, 0.129405379295, 0.0319225043058, 0.0123338596895, 0.00445485068485, 0.000996734132059, 7.93292856542e-05, 7.27745964468e-06],
        "dmean2": [0.0240869671106, 0.0940097123384, 0.248739719391, 0.375272542238, 2.3092956543, 14.629155159, 24.2955226898, 14.9002170563, 16.488035202, 13.4131746292, 8.48980045319, 15.5245227814, 15.8494663239, 17.0465240479, 9.49341011047, 7.41325473785, 4.21032047272, 3.09090352058, 2.64974308014, 1.55285966396, 0.887095928192, 0.644154667854, 0.57380181551, 0.737195312977, 0.63374787569, 0.716859519482, 0.564289748669, 0.514805734158, 0.647901415825, 0.619459569454, 0.491506367922, 0.317534595728, 0.25251942873, 0.186502352357, 0.0495214164257, 0.0189893376082, 0.0064324233681, 0.00141690380406, 0.000114655544166, 1.07636706161e-05],
        "dvar": [0.0125742517412, 0.156673491001, 0.528627932072, 0.957710206509, 26.0153808594, 890.576904297, 1634.56323242, 889.334533691, 2323.07421875, 2012.46691895, 966.596374512, 3218.89794922, 4406.625, 6895.39355469, 1384.00390625, 1169.56018066, 252.310821533, 218.550582886, 81.5269851685, 31.3272457123, 6.64504528046, 4.27107429504, 2.70526480675, 7.16932725906, 4.9197936058, 7.33322954178, 4.51658296585, 4.9687833786, 10.5561246872, 6.34976911545, 4.71899366379, 1.61759006977, 0.844529747963, 0.954531788826, 0.0349705331028, 0.00623799627647, 0.000755969667807, 3.28896021529e-05, 1.9469871404e-07, 3.50229956148e-10],
        "dvar2": [0.0341252870858, 0.429258525372, 1.28633666039, 2.42540311813, 61.1510009766, 2289.37231445, 4635.73242188, 1883.32971191, 5290.85986328, 4378.46923828, 1984.47973633, 6419.16650391, 8118.24511719, 11205.5888672, 2898.68603516, 2554.50024414, 548.42755127, 395.617584229, 161.499603271, 71.3844528198, 12.7781829834, 8.39437675476, 5.65857362747, 12.7350826263, 11.4233341217, 17.2070045471, 11.5917043686, 12.8040084839, 23.6802978516, 15.7434597015, 11.5193014145, 4.22054052353, 1.68190705776, 1.98382484913, 0.0736693739891, 0.0140794636682, 0.00148798001464, 6.05677851127e-05, 3.75094600713e-07, 7.87165888028e-10],
        "max": [4.98696804047, 26.1826591492, 29.5376625061, 60.6846199036, 161.76449585, 1415.21069336, 1023.83831787, 959.809143066, 1810.19311523, 2085.48535156, 2305.90649414, 2655.48706055, 2976.89404297, 5361.35791016, 2596.73046875, 2421.99902344, 895.418457031, 1337.35461426, 584.259643555, 291.924133301, 154.375350952, 127.20854187, 57.0412101746, 159.477157593, 155.773880005, 109.472694397, 97.5867919922, 107.425193787, 204.910446167, 91.9674606323, 139.497680664, 48.2005958557, 38.7712402344, 62.6440238953, 6.8078417778, 2.90389275551, 1.1642062664, 0.405611813068, 0.0218900386244, 0.000560394197237],
        "mean": [0.0108166718856, 0.0908348932862, 0.458181530237, 0.687782287598, 3.57155323029, 20.9153022766, 34.4197769165, 29.8929786682, 29.4699821472, 20.8632164001, 13.4665031433, 27.369392395, 32.5285301208, 33.0619049072, 19.302324295, 10.3718719482, 5.85741233826, 4.55041122437, 3.76718068123, 2.12151575089, 1.22189867496, 0.903018832207, 0.741984784603, 0.948968172073, 0.871817111969, 0.855596482754, 0.507598876953, 0.326047807932, 0.447586268187, 0.455077052116, 0.409082829952, 0.277884542942, 0.26292565465, 0.194278582931, 0.0446035936475, 0.0161216184497, 0.00685463892296, 0.00164411065634, 0.000132884160848, 2.22950784519e-05],
        "median": [0.000577627681196, 0.0125915370882, 0.0714765563607, 0.206989049911, 0.952657043934, 6.42077684402, 10.36652565, 7.69196176529, 5.41833591461, 3.57765054703, 1.49990224838, 1.76302301884, 1.24575138092, 1.01796770096, 0.960274219513, 0.698972225189, 0.548368573189, 0.31519305706, 0.212167009711, 0.160965383053, 0.0991217195988, 0.0714519768953, 0.0680751278996, 0.0487485900521, 0.0246433764696, 0.0168795939535, 0.0130346398801, 0.00683430209756, 0.00493117421865, 0.00567217776552, 0.0115884132683, 0.00943850912154, 0.00980646722019, 0.00519144907594, 0.00159679725766, 0.000432644796092, 0.00014373936574, 3.25695800711e-05, 1.02403118944e-05, 1.07223058876e-05],
        "min": [2.90054052381e-21, 8.34429267347e-21, 3.95538866553e-20, 2.85260342822e-20, 2.15666228999e-20, 1.77910807479e-19, 3.23986147367e-19, 4.63279252468e-19, 1.11038378304e-18, 1.51678082331e-18, 5.21467634549e-19, 6.8854126448e-19, 1.22610521336e-18, 4.25613500557e-18, 3.85398957025e-18, 3.24494330947e-18, 3.81838813028e-18, 3.68642676638e-18, 1.13644359125e-17, 7.4718240387e-18, 7.24337991457e-18, 9.0053689179e-18, 6.85960326552e-18, 1.85694702154e-17, 1.23546472064e-17, 1.68074067658e-17, 1.92767840854e-17, 2.1363651583e-17, 2.62435142713e-17, 2.01339433777e-17, 2.13354745027e-17, 1.73316788012e-17, 1.30636468704e-17, 1.03502330722e-17, 8.84896395331e-18, 5.52580471987e-18, 2.68501172473e-18, 1.38404521837e-18, 2.96435423651e-19, 3.62252343222e-20],
        "var": [0.00833968538791, 0.133938014507, 1.65646421909, 2.36104393005, 53.0147857666, 1595.73046875, 3767.55004883, 3334.08056641, 7262.15771484, 5700.60839844, 2854.86425781, 12561.5410156, 24199.1875, 44485.5976562, 6857.48486328, 2133.97753906, 598.129455566, 896.878051758, 311.094482422, 65.5118637085, 21.7176990509, 17.5268192291, 7.27762937546, 23.6556587219, 19.5295372009, 20.7148132324, 7.30189943314, 5.31718921661, 13.8736457825, 8.84358215332, 6.64446353912, 1.79924356937, 1.7119603157, 1.71349191666, 0.0584291703999, 0.00955341383815, 0.00184572464786, 0.000110398548713, 5.58669114525e-07, 1.17177778591e-09]
    },
    "gfcc": {
        "mean": [-190.493057251, 140.819839478, -85.4323348999, -13.671628952, -67.2674331665, -8.39686965942, -49.9104194641, -9.34395885468, -24.8576393127, -10.6507472992, -3.10349702835, -4.57872962952, -3.8493771553],
        "cov": [[21157.3164062, 273.44317627, -1086.59448242, -308.151641846, -1355.41845703, 575.847412109, -521.10534668, 752.835571289, -711.21270752, 89.83984375, 388.346618652, 135.012557983, 529.85736084], [273.44317627, 2905.96435547, 92.6867370605, -680.901672363, 421.185577393, -233.602844238, 109.942420959, -345.704711914, 208.39414978, -142.436553955, 202.946273804, -86.3740539551, 121.852172852], [-1086.59448242, 92.6867370605, 1610.17297363, 216.622879028, -100.695343018, 73.2760162354, -155.73878479, 22.549955368, -105.111503601, -41.683391571, 46.4011459351, 67.2108078003, -68.6594619751], [-308.151641846, -680.901672363, 216.622879028, 845.960144043, -46.3905258179, 3.11098885536, -22.6390609741, 29.2068004608, 1.02852749825, 42.1675567627, -51.2119178772, 51.6795578003, -74.5945968628], [-1355.41845703, 421.185577393, -100.695343018, -46.3905258179, 428.52444458, -20.5214004517, 74.8423156738, -75.3146286011, 111.638954163, -0.147075116634, -22.9853553772, -35.8881835938, -33.3772659302], [575.847412109, -233.602844238, 73.2760162354, 3.11098885536, -20.5214004517, 314.78918457, 51.5054855347, 72.0966720581, -11.2298183441, 49.8776702881, -21.9654216766, 23.4067993164, -23.4471130371], [-521.10534668, 109.942420959, -155.73878479, -22.6390609741, 74.8423156738, 51.5054855347, 319.944976807, -23.8505382538, 52.9566802979, 74.7327880859, -10.1859054565, 0.88082921505, 34.5228729248], [752.835571289, -345.704711914, 22.549955368, 29.2068004608, -75.3146286011, 72.0966720581, -23.8505382538, 287.88973999, -40.2643890381, 21.0165138245, 27.236782074, 0.556021094322, 16.9820480347], [-711.21270752, 208.39414978, -105.111503601, 1.02852749825, 111.638954163, -11.2298183441, 52.9566802979, -40.2643890381, 238.31477356, 30.3830604553, -31.0584163666, 13.9849767685, -27.4138050079], [89.83984375, -142.436553955, -41.683391571, 42.1675567627, -0.147075116634, 49.8776702881, 74.7327880859, 21.0165138245, 30.3830604553, 172.454437256, 11.4679336548, 4.54976129532, -1.39378750324], [388.346618652, 202.946273804, 46.4011459351, -51.2119178772, -22.9853553772, -21.9654216766, -10.1859054565, 27.236782074, -31.0584163666, 11.4679336548, 172.589950562, 21.4880466461, 47.6198387146], [135.012557983, -86.3740539551, 67.2108078003, 51.6795578003, -35.8881835938, 23.4067993164, 0.88082921505, 0.556021094322, 13.9849767685, 4.54976129532, 21.4880466461, 134.543167114, 29.9509010315], [529.85736084, 121.852172852, -68.6594619751, -74.5945968628, -33.3772659302, -23.4471130371, 34.5228729248, 16.9820480347, -27.4138050079, -1.39378750324, 47.6198387146, 29.9509010315, 148.770278931]],
        "icov": [[0.000142440825584, -0.000267906551016, 0.000237358122831, -0.000156381662237, 0.000469140912173, -0.000388018612284, 0.00037606904516, -0.000367855711374, 0.000426911836257, -0.000286932219751, 0.000150710751768, -0.000198108245968, -0.000190306353034], [-0.000267906551016, 0.00138802232686, -0.000702160177752, 0.000811354315374, -0.00140783574898, 0.000954400748014, -0.000949503737502, 0.00148799270391, -0.00158723513596, 0.00121208780911, -0.0013812064426, 0.00106170901563, -0.000267654162599], [0.000237358122831, -0.000702160177752, 0.00120523700025, -0.000562021858059, 0.000965786166489, -0.000915611512028, 0.000948621425778, -0.000773167877924, 0.00120329798665, -0.000532008009031, 0.00028310061316, -0.000868235540111, 0.000245595525485], [-0.000156381662237, 0.000811354315374, -0.000562021858059, 0.0018660784699, -0.000733475317247, 0.00085943780141, -0.000593976466917, 0.000646547821816, -0.000810373167042, 0.00026134197833, -0.000334373704391, -0.000103518126707, 0.000584619934671], [0.000469140912173, -0.00140783574898, 0.000965786166489, -0.000733475317247, 0.00480743683875, -0.00138109573163, 0.000797864282504, -0.0011921498226, 0.000658603385091, -0.000962697784416, 0.000977902091108, -0.000296498852549, 0.000231027355767], [-0.000388018612284, 0.000954400748014, -0.000915611512028, 0.00085943780141, -0.00138109573163, 0.00507163349539, -0.00183453434147, 0.000144827266922, -0.000897874590009, 4.14324604208e-05, 7.80042973929e-05, -0.000338904821547, 0.00138545257505], [0.00037606904516, -0.000949503737502, 0.000948621425778, -0.000593976466917, 0.000797864282504, -0.00183453434147, 0.00518038729206, -0.00072475685738, 0.00091615144629, -0.00245900498703, 0.000999721698463, -0.000520298024639, -0.00172072520945], [-0.000367855711374, 0.00148799270391, -0.000773167877924, 0.000646547821816, -0.0011921498226, 0.000144827266922, -0.00072475685738, 0.00573411723599, -0.00161329482216, 0.00101482041646, -0.00199674488977, 0.00170004845131, -0.000663150742184], [0.000426911836257, -0.00158723513596, 0.00120329798665, -0.000810373167042, 0.000658603385091, -0.000897874590009, 0.00091615144629, -0.00161329482216, 0.00743062375113, -0.00235657091253, 0.0021466948092, -0.0026866835542, 0.00110729865264], [-0.000286932219751, 0.00121208780911, -0.000532008009031, 0.00026134197833, -0.000962697784416, 4.14324604208e-05, -0.00245900498703, 0.00101482041646, -0.00235657091253, 0.00821540597826, -0.00218084082007, 0.00123883644119, 0.000251376448432], [0.000150710751768, -0.0013812064426, 0.00028310061316, -0.000334373704391, 0.000977902091108, 7.80042973929e-05, 0.000999721698463, -0.00199674488977, 0.0021466948092, -0.00218084082007, 0.00852366909385, -0.00205572484992, -0.00115418492351], [-0.000198108245968, 0.00106170901563, -0.000868235540111, -0.000103518126707, -0.000296498852549, -0.000338904821547, -0.000520298024639, 0.00170004845131, -0.0026866835542, 0.00123883644119, -0.00205572484992, 0.00991414487362, -0.00263128848746], [-0.000190306353034, -0.000267654162599, 0.000245595525485, 0.000584619934671, 0.000231027355767, 0.00138545257505, -0.00172072520945, -0.000663150742184, 0.00110729865264, 0.000251376448432, -0.00115418492351, -0.00263128848746, 0.00987603515387]]
    },
    "melbands": {
        "dmean": [0.000103207690699, 8.08365584817e-05, 5.33533129783e-05, 0.000389843422454, 0.000510915007908, 0.00024322012905, 0.000170386658283, 9.2588539701e-05, 4.97373694088e-05, 7.36517686164e-05, 5.78497492825e-05, 5.05876669195e-05, 2.36925116042e-05, 1.56290752784e-05, 1.03786032923e-05, 4.99754651173e-06, 4.21140657636e-06, 3.00147303278e-06, 2.0575914732e-06, 1.12913278372e-06, 7.29567489088e-07, 5.40388327863e-07, 3.72291538042e-07, 3.64751457482e-07, 4.42154117763e-07, 3.46222037706e-07, 3.17601774213e-07, 3.24180660982e-07, 2.60000888375e-07, 1.7075866765e-07, 1.91139676531e-07, 2.34583225733e-07, 2.21170026293e-07, 2.28785282275e-07, 1.94148611854e-07, 1.53416891635e-07, 1.14896465675e-07, 1.22671579561e-07, 1.25470577927e-07, 1.09868231846e-07],
        "dmean2": [0.000180133152753, 0.000123422141769, 8.13703954918e-05, 0.000580042833462, 0.000807421340141, 0.000361290760338, 0.000257438368862, 0.000134406960569, 7.13046611054e-05, 0.000101597521279, 7.88951510913e-05, 7.0262583904e-05, 3.30904986185e-05, 2.25055737246e-05, 1.54346671479e-05, 7.32914486434e-06, 6.28161160421e-06, 4.50213519798e-06, 3.00272972709e-06, 1.69586348875e-06, 1.06974823666e-06, 8.05755462352e-07, 5.59120564958e-07, 5.54051723611e-07, 6.44870624456e-07, 5.16518753102e-07, 4.91291643812e-07, 4.90707463996e-07, 4.06710114476e-07, 2.82599387447e-07, 3.21905872624e-07, 3.77963885967e-07, 3.62195237358e-07, 3.72432594986e-07, 3.07011077894e-07, 2.4554464062e-07, 1.82827051276e-07, 1.87701047594e-07, 1.84712078521e-07, 1.60181542697e-07],
        "dvar": [6.79430797845e-07, 1.39696965107e-07, 4.15862793091e-08, 1.48800177158e-06, 1.61152024702e-06, 4.54451708265e-07, 5.42308782769e-07, 1.90088428553e-07, 6.3157521879e-08, 1.45565238086e-07, 1.1562419644e-07, 1.18652891956e-07, 1.52088990291e-08, 6.44162279073e-09, 8.09767009002e-09, 5.66490299114e-10, 1.1358687324e-09, 2.65872213134e-10, 9.88251841472e-11, 3.80710220294e-11, 1.29323054002e-11, 8.92070358555e-12, 2.43240041824e-12, 3.4892813465e-12, 6.11222661026e-12, 3.01253119672e-12, 3.41235243187e-12, 3.5902218698e-12, 2.75643874045e-12, 1.11299316118e-12, 2.23129045622e-12, 5.42811715715e-12, 2.19135863969e-12, 2.56748268479e-12, 1.99975192655e-12, 1.00335202386e-12, 5.11978100973e-13, 4.59762490666e-13, 6.75452315607e-13, 8.32000321502e-13],
        "dvar2": [1.84593454833e-06, 3.5443855495e-07, 1.11621673682e-07, 3.61615343536e-06, 4.42131567979e-06, 1.00978013506e-06, 1.24068765217e-06, 4.15622992023e-07, 1.3176854452e-07, 2.88159696993e-07, 2.13063856336e-07, 1.96113134621e-07, 3.19917674574e-08, 1.3593344228e-08, 1.61617226269e-08, 1.17699505697e-09, 2.05566230704e-09, 5.39970734792e-10, 2.03631222995e-10, 8.41928887718e-11, 2.33145221878e-11, 1.72337630278e-11, 4.9130829613e-12, 8.03859756537e-12, 1.03619907793e-11, 6.5943977709e-12, 8.3354113542e-12, 8.27492935285e-12, 6.6728619158e-12, 2.9448659223e-12, 5.76593807422e-12, 1.14189257008e-11, 5.64791746357e-12, 6.43574993645e-12, 4.84927592873e-12, 2.60226627573e-12, 1.31267967416e-12, 9.8523056033e-13, 1.37429141418e-12, 1.77312158012e-12],
        "max": [0.0414146594703, 0.0203391630203, 0.0119692115113, 0.0536780394614, 0.0308194924146, 0.0183165613562, 0.0243586171418, 0.0196810699999, 0.017350776121, 0.0179093293846, 0.0150998858735, 0.0213094297796, 0.00730559788644, 0.00306322216056, 0.00862898398191, 0.00103652221151, 0.00306703289971, 0.000983221689239, 0.000560388667509, 0.000349051348167, 0.00027956510894, 0.000213442355744, 7.3480689025e-05, 9.56299481913e-05, 0.000150354433572, 8.64081885084e-05, 0.000105312821688, 8.80630759639e-05, 9.07880821615e-05, 2.80384720099e-05, 7.13405897841e-05, 0.000182952018804, 4.65628072561e-05, 5.9398207668e-05, 9.15718192118e-05, 4.87200013595e-05, 2.58064337686e-05, 3.4294102079e-05, 3.27635898429e-05, 6.32465525996e-05],
        "mean": [0.000100630502857, 0.000201025075512, 0.00014217280841, 0.000839616754092, 0.0012007157784, 0.00069517258089, 0.000447564088972, 0.000202757379157, 0.000107379506517, 0.000178235888598, 0.000156699534273, 0.000132715416839, 6.26113251201e-05, 3.49205693055e-05, 1.86401412066e-05, 1.01893692772e-05, 8.52485936775e-06, 5.92738206251e-06, 4.11041219195e-06, 2.00300473807e-06, 1.38893278745e-06, 1.06306799807e-06, 6.99978954799e-07, 6.4164782998e-07, 7.78798607826e-07, 6.62307627408e-07, 5.70781139686e-07, 5.55476390218e-07, 3.72169097318e-07, 1.83434252676e-07, 1.8886815667e-07, 2.51839708199e-07, 2.46637398504e-07, 2.63042380766e-07, 2.43034577352e-07, 2.02641302849e-07, 1.55196289597e-07, 1.82686932249e-07, 1.87383662364e-07, 1.57688035074e-07],
        "median": [8.75571549841e-06, 3.27702909999e-05, 4.72015053674e-05, 0.000222245085752, 0.00044578127563, 0.000172085376107, 7.41624535294e-05, 3.04883105855e-05, 8.28938755149e-06, 9.56327039603e-06, 4.67036807095e-06, 2.81486791209e-06, 2.54716314885e-06, 1.71829867668e-06, 1.18740820199e-06, 6.77080038258e-07, 3.99574048515e-07, 2.86025397145e-07, 2.20380428573e-07, 1.24289897485e-07, 9.27163767983e-08, 6.64573605036e-08, 5.60633388602e-08, 5.29397432558e-08, 3.41972956619e-08, 1.76993477652e-08, 1.11785096735e-08, 9.73085700906e-09, 8.13491318752e-09, 4.69734606767e-09, 2.86496737445e-09, 2.38491293381e-09, 2.14153050848e-09, 2.78902279049e-09, 5.97808824665e-09, 6.21113827037e-09, 4.54275284056e-09, 6.31051655375e-09, 5.71308378383e-09, 3.49568374247e-09],
        "min": [2.2985439359e-23, 1.66278941502e-23, 4.4917412566e-24, 6.29590361773e-24, 1.06561713437e-23, 1.07962738293e-23, 1.90305151874e-23, 1.34292935269e-23, 3.77397880705e-24, 4.57154084805e-24, 6.18753227316e-24, 1.74577537344e-23, 1.27098271378e-23, 7.93711689813e-24, 9.87458768035e-24, 6.97028581725e-24, 5.86053996161e-24, 1.89379139612e-23, 1.16517926922e-23, 9.15329113394e-24, 8.5283720909e-24, 9.97911332801e-24, 6.80023580508e-24, 6.1785854072e-24, 1.68024201591e-23, 1.22628506603e-23, 5.19543989394e-24, 1.30804395131e-23, 1.39672935088e-23, 9.01215129622e-24, 1.38802679515e-23, 1.4637514467e-23, 1.44527616653e-23, 1.01567174722e-23, 1.25153555697e-23, 1.23010906927e-23, 9.50569581068e-24, 8.48619012058e-24, 9.7500651976e-24, 7.86475232071e-24],
        "var": [4.59253129748e-07, 3.05665764699e-07, 8.59157438526e-08, 2.76328478321e-06, 3.85230987376e-06, 1.7244611854e-06, 1.71293174844e-06, 5.27602537659e-07, 1.90462529304e-07, 5.64076458431e-07, 6.15585349806e-07, 7.63066225318e-07, 7.19897244039e-08, 1.70590386261e-08, 1.48751686524e-08, 1.74776471074e-09, 4.43354775115e-09, 9.42046884944e-10, 3.08032932494e-10, 7.81822800944e-11, 4.752898769e-11, 3.54538065572e-11, 8.17340899822e-12, 7.09577752459e-12, 1.98016898018e-11, 1.01061841187e-11, 8.70599165675e-12, 9.77569674515e-12, 4.84082132018e-12, 9.99668121719e-13, 2.44914895656e-12, 6.89418834521e-12, 2.80061564217e-12, 3.29043021129e-12, 2.75277804024e-12, 1.19881415992e-12, 5.71802967388e-13, 8.2957870174e-13, 1.28145237477e-12, 1.36804120549e-12]
    },
    "mfcc": {
        "mean": [-835.299438477, 170.862075806, 31.8313274384, -3.81662225723, 1.65331339836, -14.2823877335, -9.41952228546, -11.705245018, -17.0762557983, -8.95474433899, -11.3270845413, -4.12962770462, -5.10579299927],
        "cov": [[14273.9296875, 1955.56066895, -670.071716309, -678.675231934, -447.644042969, -691.811828613, 343.71685791, 14.9571971893, -255.637237549, 373.613861084, -502.985565186, -92.7818374634, 109.536712646], [1955.56066895, 2811.76025391, 67.2696304321, -418.425109863, -11.5823106766, -96.9989395142, 3.94552016258, -108.03527832, -144.170425415, -64.9648666382, -76.6430053711, 8.53075218201, -5.60430288315], [-670.071716309, 67.2696304321, 1130.18347168, 221.537033081, 84.9704666138, 57.452999115, -24.7253665924, 19.3834629059, -96.6405334473, -106.775871277, 13.0058832169, -21.9285373688, -32.8397369385], [-678.675231934, -418.425109863, 221.537033081, 620.614013672, 95.3870391846, 67.7799301147, -21.9822769165, 20.9001579285, 5.46063375473, -74.7993392944, 43.3051376343, 35.7461395264, 9.59672451019], [-447.644042969, -11.5823106766, 84.9704666138, 95.3870391846, 325.6015625, 6.45797395706, -36.0455589294, 50.7836608887, -8.19619750977, -4.43503093719, 19.0155200958, 23.119348526, -32.9528388977], [-691.811828613, -96.9989395142, 57.452999115, 67.7799301147, 6.45797395706, 394.183624268, -18.824136734, 19.0631313324, 86.411277771, -37.799571991, 112.016204834, 26.9270267487, 35.0537757874], [343.71685791, 3.94552016258, -24.7253665924, -21.9822769165, -36.0455589294, -18.824136734, 284.118865967, 6.53667640686, 4.71745347977, 74.0895004272, -41.8564071655, -1.22715735435, 26.2386035919], [14.9571971893, -108.03527832, 19.3834629059, 20.9001579285, 50.7836608887, 19.0631313324, 6.53667640686, 173.744888306, 44.1311378479, 2.39655947685, 17.0697841644, 15.6699256897, 10.0135450363], [-255.637237549, -144.170425415, -96.6405334473, 5.46063375473, -8.19619750977, 86.411277771, 4.71745347977, 44.1311378479, 183.490859985, 48.416217804, 44.5974960327, 17.9797916412, 31.0817584991], [373.613861084, -64.9648666382, -106.775871277, -74.7993392944, -4.43503093719, -37.799571991, 74.0895004272, 2.39655947685, 48.416217804, 190.796798706, 13.2078800201, 0.592624306679, 11.4551239014], [-502.985565186, -76.6430053711, 13.0058832169, 43.3051376343, 19.0155200958, 112.016204834, -41.8564071655, 17.0697841644, 44.5974960327, 13.2078800201, 170.844619751, 56.1795272827, 0.668501377106], [-92.7818374634, 8.53075218201, -21.9285373688, 35.7461395264, 23.119348526, 26.9270267487, -1.22715735435, 15.6699256897, 17.9797916412, 0.592624306679, 56.1795272827, 137.285171509, 48.9975776672], [109.536712646, -5.60430288315, -32.8397369385, 9.59672451019, -32.9528388977, 35.0537757874, 26.2386035919, 10.0135450363, 31.0817584991, 11.4551239014, 0.668501377106, 48.9975776672, 135.660797119]],
