{
"lowlevel": {
    "average_loudness": 0.783479869366,
    "barkbands_crest": {
        "dmean": 2.93619203568,
        "dmean2": 4.70234155655,
        "dvar": 7.29824542999,
        "dvar2": 17.1909275055,
        "max": 26.7611694336,
        "mean": 11.0738277435,
        "median": 10.1230201721,
        "min": 1.92622411251,
        "var": 20.6480579376
    },
    "barkbands_flatness_db": {
        "dmean": 0.0292616039515,
        "dmean2": 0.0418105795979,
        "dvar": 0.000819667708129,
        "dvar2": 0.00163381849416,
        "max": 0.523564457893,
        "mean": 0.145685821772,
        "median": 0.138655871153,
        "min": 0.0119330892339,
        "var": 0.00396297220141
    },
    "barkbands_kurtosis": {
        "dmean": 5.32498407364,
        "dmean2": 8.31274318695,
        "dvar": 148.777252197,
        "dvar2": 319.994445801,
        "max": 586.516723633,
        "mean": 7.72098493576,
        "median": 3.49631261826,
        "min": -1.92877590656,
        "var": 297.348358154
    },
    "barkbands_skewness": {
        "dmean": 0.761439681053,
        "dmean2": 1.13517796993,
        "dvar": 0.691873371601,
        "dvar2": 1.49302482605,
        "max": 20.02784729,
        "mean": 1.74828517437,
        "median": 1.60869395733,
        "min": -7.50885391235,
        "var": 2.6265630722
    },
    "barkbands_spread": {
        "dmean": 7.0076508522,
        "dmean2": 10.833152771,
        "dvar": 102.275810242,
        "dvar2": 240.969360352,
        "max": 121.956809998,
        "mean": 18.3982849121,
        "median": 14.9395494461,
        "min": 0.217745378613,
        "var": 206.82409668
    },
    "dissonance": {
        "dmean": 0.02769635804,
        "dmean2": 0.0457545816898,
        "dvar": 0.000805232324637,
        "dvar2": 0.00205479422584,
        "max": 0.500000119209,
        "mean": 0.44621950388,
        "median": 0.45920920372,
        "min": 0.0996987894177,
        "var": 0.00210374197923
    },
    "dynamic_complexity": 5.72718000412,
    "erbbands_crest": {
        "dmean": 3.71317052841,
        "dmean2": 5.80990219116,
        "dvar": 13.6161880493,
        "dvar2": 29.2451725006,
        "max": 34.4489974976,
        "mean": 12.0300273895,
        "median": 10.1818876266,
        "min": 1.91281139851,
        "var": 47.6022377014
    },
    "erbbands_flatness_db": {
        "dmean": 0.027734708041,
        "dmean2": 0.0384669527411,
        "dvar": 0.000751037499867,
        "dvar2": 0.0014006565325,
        "max": 0.45960739255,
        "mean": 0.158456474543,
        "median": 0.149828910828,
        "min": 0.0207386296242,
        "var": 0.00402143597603
    },
    "erbbands_kurtosis": {
        "dmean": 2.47525191307,
        "dmean2": 3.85764765739,
        "dvar": 28.4891757965,
        "dvar2": 65.975769043,
        "max": 181.755065918,
        "mean": 2.74637937546,
        "median": 0.557723999023,
        "min": -1.87353944778,
        "var": 52.6401481628
    },
    "erbbands_skewness": {
        "dmean": 0.533226013184,
        "dmean2": 0.808082818985,
        "dvar": 0.351437032223,
        "dvar2": 0.796435713768,
        "max": 11.1577138901,
        "mean": 0.723794221878,
        "median": 0.580299019814,
        "min": -5.84612131119,
        "var": 1.1976146698
    },
    "erbbands_spread": {
        "dmean": 11.2585163116,
        "dmean2": 16.7032966614,
        "dvar": 181.220428467,
        "dvar2": 392.747833252,
        "max": 185.65083313,
        "mean": 36.7406463623,
        "median": 33.4043426514,
        "min": 0.837479114532,
        "var": 561.579406738
    },
    "hfc": {
        "dmean": 7.15211009979,
        "dmean2": 10.1269893646,
        "dvar": 144.900619507,
        "dvar2": 316.083557129,
        "max": 214.883239746,
        "mean": 14.6752414703,
        "median": 8.4338054657,
        "min": 1.22359441415e-16,
        "var": 339.091308594
    },
    "melbands_crest": {
        "dmean": 3.64896249771,
        "dmean2": 5.80397605896,
        "dvar": 11.2733840942,
        "dvar2": 27.0512695312,
        "max": 38.2119216919,
        "mean": 14.9154510498,
        "median": 13.9653778076,
        "min": 1.67503213882,
        "var": 31.1041183472
    },
    "melbands_flatness_db": {
        "dmean": 0.0329372212291,
        "dmean2": 0.0472658723593,
        "dvar": 0.00109698716551,
        "dvar2": 0.00221808231436,
        "max": 0.658006250858,
        "mean": 0.223649352789,
        "median": 0.217263236642,
        "min": 0.00372636783868,
        "var": 0.00548163894564
    },
    "melbands_kurtosis": {
        "dmean": 10.3922595978,
        "dmean2": 16.0325489044,
        "dvar": 445.371856689,
        "dvar2": 1008.0269165,
        "max": 1279.63806152,
        "mean": 16.939043045,
        "median": 9.06241130829,
        "min": -1.92995989323,
        "var": 800.236999512
    },
    "melbands_skewness": {
        "dmean": 0.972051024437,
        "dmean2": 1.4392632246,
        "dvar": 1.13155019283,
        "dvar2": 2.44607114792,
        "max": 24.9848499298,
        "mean": 2.62491869926,
        "median": 2.38823628426,
        "min": -3.78439497948,
        "var": 3.98061561584
    },
    "melbands_spread": {
        "dmean": 6.91645431519,
        "dmean2": 10.6806936264,
        "dvar": 131.787628174,
        "dvar2": 297.904388428,
        "max": 259.354766846,
        "mean": 18.9720096588,
        "median": 15.2667541504,
        "min": 0.180725410581,
        "var": 318.152618408
    },
    "pitch_salience": {
        "dmean": 0.0838079452515,
        "dmean2": 0.132592469454,
        "dvar": 0.00561553239822,
        "dvar2": 0.0133762201294,
        "max": 0.860209822655,
        "mean": 0.5320764184,
        "median": 0.538482069969,
        "min": 0.0591322369874,
        "var": 0.0164147336036
    },
    "silence_rate_20dB": {
        "dmean": 0,
        "dmean2": 0,
        "dvar": 0,
        "dvar2": 0,
        "max": 1,
        "mean": 1,
        "median": 1,
        "min": 1,
        "var": 0
    },
    "silence_rate_30dB": {
        "dmean": 0.00829945784062,
        "dmean2": 0.0166003219783,
        "dvar": 0.00823040679097,
        "dvar2": 0.021913934499,
        "max": 1,
        "mean": 0.994241654873,
        "median": 1,
        "min": 0,
        "var": 0.00572550669312
    },
    "silence_rate_60dB": {
        "dmean": 0.0587737113237,
        "dmean2": 0.117557384074,
        "dvar": 0.0553246773779,
        "dvar2": 0.116085238755,
        "max": 1,
        "mean": 0.20467440784,
        "median": 0,
        "min": 0,
        "var": 0.162769123912
    },
    "spectral_centroid": {
        "dmean": 250.813827515,
        "dmean2": 377.333984375,
        "dvar": 109345.6875,
        "dvar2": 229711.46875,
        "max": 11317.15625,
        "mean": 1038.71887207,
        "median": 938.805725098,
        "min": 154.363800049,
        "var": 328833.5
    },
    "spectral_complexity": {
        "dmean": 3.11991858482,
        "dmean2": 4.49919557571,
        "dvar": 16.048997879,
        "dvar2": 30.8654594421,
        "max": 47,
        "mean": 11.0729951859,
        "median": 10,
        "min": 0,
        "var": 57.8755302429
    },
    "spectral_decrease": {
        "dmean": 2.2403823241e-09,
        "dmean2": 3.25402704782e-09,
        "dvar": 1.4803584893e-17,
        "dvar2": 3.37719480696e-17,
        "max": 1.7318670803e-11,
        "mean": -4.97742647099e-09,
        "median": -3.58655105615e-09,
        "min": -5.4016904727e-08,
        "var": 2.99424360144e-17
    },
    "spectral_energy": {
        "dmean": 0.00899242516607,
        "dmean2": 0.0130212185904,
        "dvar": 0.00023460353259,
        "dvar2": 0.000533121230546,
        "max": 0.216512560844,
        "mean": 0.0201170984656,
        "median": 0.0145092597231,
        "min": 1.12200248471e-20,
        "var": 0.00048302707728
    },
    "spectral_energyband_high": {
        "dmean": 0.000321564031765,
        "dmean2": 0.000459171365947,
        "dvar": 3.68731178924e-07,
        "dvar2": 7.91090940311e-07,
        "max": 0.0122442087159,
        "mean": 0.000466783239972,
        "median": 0.000161734817084,
        "min": 8.32022284855e-21,
        "var": 6.87870169713e-07
    },
    "spectral_energyband_low": {
        "dmean": 0.00223606382497,
        "dmean2": 0.00356117938645,
        "dvar": 2.87893381028e-05,
        "dvar2": 7.32670960133e-05,
        "max": 0.116601400077,
        "mean": 0.00441824877635,
        "median": 0.00227149715647,
        "min": 1.91944515276e-23,
        "var": 4.14686110162e-05
    },
    "spectral_energyband_middle_high": {
        "dmean": 0.00284971133806,
        "dmean2": 0.00417697429657,
        "dvar": 6.19461061433e-05,
        "dvar2": 0.000147140090121,
        "max": 0.202094197273,
        "mean": 0.00495031103492,
        "median": 0.00136213051155,
        "min": 1.7200031362e-21,
        "var": 0.000101465666376
    },
    "spectral_energyband_middle_low": {
        "dmean": 0.00625237170607,
        "dmean2": 0.0093210991472,
        "dvar": 0.000158762035426,
        "dvar2": 0.000370052235667,
        "max": 0.203921273351,
        "mean": 0.0113205118105,
        "median": 0.00608243374154,
        "min": 2.6040730146e-22,
        "var": 0.000261287292233
    },
    "spectral_entropy": {
        "dmean": 0.267359793186,
        "dmean2": 0.371588647366,
        "dvar": 0.0739412158728,
        "dvar2": 0.142175227404,
        "max": 9.80147266388,
        "mean": 7.35307741165,
        "median": 7.38890028,
        "min": 3.60853123665,
        "var": 0.366290092468
    },
    "spectral_flux": {
        "dmean": 0.0269418600947,
        "dmean2": 0.0421069562435,
        "dvar": 0.00111803156324,
        "dvar2": 0.00252770748921,
        "max": 0.405511766672,
        "mean": 0.0696169212461,
        "median": 0.0593028515577,
        "min": 1.059246163e-10,
        "var": 0.00288749509491
    },
    "spectral_kurtosis": {
        "dmean": 2.03517127037,
        "dmean2": 3.18376255035,
        "dvar": 18.3770275116,
        "dvar2": 45.1567764282,
        "max": 243.56880188,
        "mean": 6.32233572006,
        "median": 4.50458478928,
        "min": -1.41740179062,
        "var": 130.387252808
    },
    "spectral_rms": {
        "dmean": 0.000890228664503,
        "dmean2": 0.00121561915148,
        "dvar": 1.22438154904e-06,
        "dvar2": 2.44395164373e-06,
        "max": 0.0145338140428,
        "mean": 0.00378795457073,
        "median": 0.00376236299053,
        "min": 3.30852923183e-12,
        "var": 5.27779366166e-06
    },
    "spectral_rolloff": {
        "dmean": 559.019592285,
        "dmean2": 964.282226562,
        "dvar": 2074888.625,
        "dvar2": 5106790,
        "max": 19767.4804688,
        "mean": 1325.37585449,
        "median": 861.328125,
        "min": 43.06640625,
        "var": 4558906.5
    },
    "spectral_skewness": {
        "dmean": 0.272768884897,
        "dmean2": 0.412673950195,
        "dvar": 0.108358152211,
        "dvar2": 0.236246347427,
        "max": 13.5993518829,
        "mean": 1.85526251793,
        "median": 1.71605145931,
        "min": -0.754492640495,
        "var": 0.695741057396
    },
    "spectral_spread": {
        "dmean": 889379.875,
        "dmean2": 1250908.625,
        "dvar": 1.4345732096e+12,
        "dvar2": 2.89107528909e+12,
        "max": 40335696,
        "mean": 5209262.5,
        "median": 4808849,
        "min": 433115.25,
        "var": 4.55169854669e+12
    },
    "spectral_strongpeak": {
        "dmean": 0.680293142796,
        "dmean2": 1.0760191679,
        "dvar": 1.43170583248,
        "dvar2": 3.09009575844,
        "max": 21.1583747864,
        "mean": 1.26433074474,
        "median": 0.479968756437,
        "min": 0,
        "var": 3.41351795197
    },
    "zerocrossingrate": {
        "dmean": 0.013804779388,
        "dmean2": 0.016204841435,
        "dvar": 0.000377731746994,
        "dvar2": 0.000461133400677,
        "max": 0.75634765625,
        "mean": 0.0612597614527,
        "median": 0.0498046875,
        "min": 0.00146484375,
        "var": 0.00385289732367
    },
    "barkbands": {
        "dmean": [5.50251825189e-05, 0.000810508790892, 0.00112998555414, 0.00178150227293, 0.00202821497805, 0.00120917195454, 0.000901711406186, 0.000637287797872, 0.00117902108468, 0.00101792509668, 0.000873395823874, 0.000612185220234, 0.000470579514513, 0.000396129733417, 0.000286888127448, 8.20756540634e-05, 8.3544618974e-05, 8.08807744761e-05, 7.37556329113e-05, 7.7193013567e-05, 5.93974837102e-05, 4.71293242299e-05, 7.21942051314e-05, 4.13111847593e-05, 4.97108630952e-05, 4.19327552663e-05, 1.50654486788e-05],
        "dmean2": [8.9948742243e-05, 0.00133781332988, 0.00179278757423, 0.00269488501363, 0.00309296208434, 0.0018821376143, 0.00146599276923, 0.00101037079003, 0.00186515622772, 0.00158554525115, 0.00139040581416, 0.000892025302164, 0.000697950017639, 0.000613368814811, 0.000456062465673, 0.000126949322294, 0.000126245664433, 0.000120697884995, 0.000111590947199, 0.00011558058759, 8.93119286047e-05, 6.93087204127e-05, 0.000109446780698, 6.20817081654e-05, 7.51647239667e-05, 6.51739537716e-05, 2.42159130721e-05],
        "dvar": [6.57661161085e-08, 7.08180323272e-06, 8.26295490697e-06, 2.77521157841e-05, 2.10157886613e-05, 1.02712310763e-05, 1.82191433851e-05, 1.21212960948e-05, 3.27675588778e-05, 2.14481005969e-05, 2.95421268675e-05, 4.03172180086e-06, 3.31912792717e-06, 3.52152824235e-06, 3.26458120981e-06, 3.42992819924e-07, 5.36015498653e-08, 4.8102936745e-08, 4.10875635737e-08, 3.51736133553e-08, 1.96898994886e-08, 9.48742151508e-09, 4.29058246709e-08, 1.13281890535e-08, 2.18252065309e-08, 1.23246701733e-08, 1.60637225743e-09],
        "dvar2": [1.59460967097e-07, 1.93971191038e-05, 2.06553813769e-05, 6.27080444247e-05, 4.85233285872e-05, 2.34031704167e-05, 4.93390070915e-05, 2.67133891612e-05, 8.25100651127e-05, 5.31399200554e-05, 7.79538313509e-05, 8.27848907647e-06, 6.95394555805e-06, 7.55321889301e-06, 6.85327040628e-06, 4.86550902679e-07, 1.12053378132e-07, 9.75434275574e-08, 9.03211656578e-08, 8.04758286677e-08, 4.66805332167e-08, 2.20405258489e-08, 1.07336532551e-07, 2.33974581931e-08, 4.40499867693e-08, 2.74551101853e-08, 4.10138856211e-09],
        "max": [0.00807653740048, 0.0839646905661, 0.0725917369127, 0.0968278720975, 0.0747106969357, 0.106841750443, 0.189451739192, 0.144469976425, 0.138198792934, 0.117163330317, 0.184751421213, 0.0489261560142, 0.0559961944818, 0.0811528339982, 0.0795955657959, 0.057122502476, 0.00701675051823, 0.00955818034708, 0.00714325299487, 0.00566567759961, 0.0042481655255, 0.00175715563819, 0.00369403348304, 0.0034326959867, 0.00723190000281, 0.00382628827356, 0.000707876868546],
        "mean": [5.83488545089e-05, 0.00146618660074, 0.00205548526719, 0.00230531510897, 0.00313566392288, 0.00195190054365, 0.00114703853615, 0.000824055692647, 0.00147541111801, 0.00122869515326, 0.00098177313339, 0.000918301055208, 0.000694993475918, 0.000539350381587, 0.000330825772835, 0.00011646017083, 0.000135277601657, 0.000127117848024, 0.000106250605313, 0.000113196168968, 8.36595863802e-05, 6.31516595604e-05, 8.44307942316e-05, 5.37099585927e-05, 6.17678160779e-05, 4.46269514214e-05, 1.40730735438e-05],
        "median": [8.28718111734e-06, 0.00052540760953, 0.000614542106632, 0.000543951406144, 0.00133310456295, 0.000669360975735, 0.000245759903919, 0.000110704466351, 0.000120791679365, 0.000101223326055, 8.51325166877e-05, 8.99210572243e-05, 5.63677349419e-05, 5.29823009856e-05, 5.90000927332e-05, 3.30006769218e-05, 4.23566270911e-05, 4.17514202127e-05, 3.79990779038e-05, 3.59406949428e-05, 3.03056949633e-05, 1.92098850675e-05, 1.70791954588e-05, 1.04483024188e-05, 1.25551059682e-05, 7.60183866078e-06, 2.43636623054e-06],
        "min": [4.79596507027e-24, 1.39035141046e-23, 2.53890109737e-24, 6.7827349259e-24, 3.02609252053e-23, 1.58726765848e-23, 9.2214444563e-23, 6.82501818596e-23, 4.14216251628e-23, 2.45458283177e-23, 6.99984175324e-23, 1.16374452056e-22, 2.2586627573e-22, 1.098224763e-22, 9.91859554812e-23, 3.02300106931e-22, 1.51330936116e-22, 1.31820260228e-22, 4.12389899792e-22, 2.06873155705e-22, 4.07458092874e-22, 6.89179582957e-22, 9.76978558427e-22, 9.78366549723e-22, 1.1074520627e-21, 1.73889338876e-21, 2.46131630233e-21],
        "var": [5.87235930993e-08, 6.95954395269e-06, 1.35679138111e-05, 3.6906774767e-05, 3.01938380289e-05, 2.14683896047e-05, 1.85055396287e-05, 1.8244390958e-05, 3.85105595342e-05, 2.71953267656e-05, 2.80577642116e-05, 9.57762222242e-06, 6.78986043567e-06, 6.2558724494e-06, 4.22624998464e-06, 8.39180870571e-07, 1.40512113944e-07, 9.5062127059e-08, 5.81437191727e-08, 5.87403121699e-08, 2.59686512294e-08, 1.28962627244e-08, 4.35306617419e-08, 2.56822243472e-08, 4.93546039593e-08, 1.92271460975e-08, 1.50706991331e-09]
    },
    "erbbands": {
        "dmean": [0.0214723739773, 0.202224746346, 1.101806283, 3.24135494232, 6.9428319931, 7.18991565704, 8.58769893646, 10.5814466476, 11.5056419373, 15.3574018478, 13.1775817871, 25.0770950317, 34.0865592957, 35.2016296387, 28.902929306, 22.7462558746, 21.9138278961, 19.8198947906, 18.0434684753, 8.58050346375, 4.28221988678, 4.61710500717, 4.32740259171, 3.79260754585, 3.60628342628, 3.48810338974, 2.91164326668, 1.97055542469, 1.74654316902, 1.66065490246, 2.36094212532, 0.959347188473, 0.70122885704, 0.538882732391, 0.372349560261, 0.202305093408, 0.0713411867619, 0.0184591021389, 0.00243241386488, 0.000157593982294],
        "dmean2": [0.036475032568, 0.330224245787, 1.74547851086, 5.01236343384, 10.7546577454, 11.0336084366, 13.0679960251, 16.6822319031, 18.5017795563, 24.9595470428, 20.4681549072, 39.3887748718, 53.5266189575, 55.2386016846, 43.2448883057, 32.8630027771, 31.9777851105, 29.9900779724, 28.5325832367, 13.4938220978, 6.41683673859, 6.89652013779, 6.37190818787, 5.74597454071, 5.4332151413, 5.1914973259, 4.35508489609, 2.93237614632, 2.5671954155, 2.45674347878, 3.62347316742, 1.41888713837, 1.05460083485, 0.819004774094, 0.566903233528, 0.313562899828, 0.112774118781, 0.0297205150127, 0.00391554739326, 0.00025183413527],
        "dvar": [0.00705237640068, 0.379131525755, 8.22728729248, 68.2862854004, 420.054199219, 372.494445801, 400.100646973, 1162.92773438, 1942.76477051, 8859.93652344, 5528.91650391, 18903.4394531, 28627.9296875, 35989.8789062, 16018.4101562, 5210.72509766, 6535.72509766, 8334.03710938, 9131.89355469, 1898.86706543, 1353.10998535, 176.423751831, 132.155776978, 117.383216858, 95.0707550049, 72.7384185791, 67.0558547974, 16.0988330841, 13.9352436066, 12.8789739609, 55.940788269, 4.32803678513, 4.54102897644, 3.95465874672, 1.12489724159, 0.289427310228, 0.0372225865722, 0.0027120357845, 4.31801272498e-05, 1.83076053872e-07],
        "dvar2": [0.0192230343819, 1.02638232708, 20.5214824677, 162.280960083, 957.322753906, 850.569152832, 835.979919434, 2671.47436523, 5045.97314453, 23943.265625, 11599.84375, 47381.3476562, 72416.265625, 93793.2890625, 38350.1679688, 10299.8154297, 13577.4287109, 17350.0292969, 19466.6816406, 4297.04882812, 1847.51940918, 364.054412842, 263.196472168, 269.836486816, 195.036743164, 165.759902954, 148.233901978, 36.6864547729, 32.6944274902, 30.4787063599, 141.447219849, 9.58774089813, 9.34111976624, 8.84037685394, 2.22961783409, 0.62182956934, 0.0867701172829, 0.00655381847173, 0.000111603214464, 4.65852565412e-07],
        "max": [2.14759254456, 22.2593097687, 66.8647384644, 144.719070435, 499.809661865, 348.642089844, 488.886016846, 1212.71582031, 1799.78894043, 3591.30932617, 3588.07348633, 3984.91088867, 5319.37255859, 5383.0078125, 4354.77832031, 1702.88305664, 2627.98486328, 4503.52978516, 4538.63671875, 2061.34277344, 3699.19628906, 487.276397705, 585.406677246, 349.032623291, 502.623840332, 262.977478027, 327.857391357, 69.3964080811, 77.687461853, 52.3392906189, 136.418533325, 56.0962028503, 85.5412368774, 112.580711365, 48.0013885498, 16.6696529388, 6.49066209793, 2.01732754707, 0.103509686887, 0.00706568593159],
        "mean": [0.0341792888939, 0.379293233156, 2.06690764427, 4.91501235962, 9.110704422, 10.8981809616, 13.978181839, 16.5497016907, 15.559220314, 21.1091403961, 17.1584911346, 32.250213623, 41.642036438, 41.7809486389, 40.4726753235, 35.9907722473, 33.7700233459, 30.2559280396, 21.5083141327, 10.9245519638, 6.68860864639, 7.72433280945, 7.19574165344, 5.81416845322, 5.47524642944, 5.25874614716, 4.19783449173, 2.78674864769, 2.32339882851, 2.12347483635, 2.68371725082, 1.25153589249, 0.88264131546, 0.65484380722, 0.454171329737, 0.226702168584, 0.0725797638297, 0.017716364935, 0.00225693150423, 0.000163196615176],
        "median": [0.00913316849619, 0.148285925388, 0.711777865887, 1.69467782974, 2.85902953148, 4.02657270432, 5.24101495743, 5.0408039093, 4.45925045013, 3.37784337997, 2.63872599602, 2.8591170311, 4.20068979263, 4.36186408997, 4.90014743805, 4.93466949463, 3.98661398888, 3.26374483109, 3.40582442284, 3.08673167229, 2.15136885643, 2.50078415871, 2.53306078911, 2.15703773499, 1.95862782001, 1.69435751438, 1.35341835022, 1.03928387165, 0.730719208717, 0.570941150188, 0.488098949194, 0.274639308453, 0.157902553678, 0.122970014811, 0.0907447785139, 0.0382027998567, 0.0122931264341, 0.00286572496407, 0.000418643729063, 4.63203796244e-05],
        "min": [5.0157462623e-22, 2.82747034503e-21, 2.29166067012e-21, 1.26294016704e-20, 5.04233953335e-20, 8.84354108646e-20, 1.5674489704e-19, 2.22205863992e-19, 1.04279775032e-18, 1.57675865555e-18, 1.53146162483e-18, 9.80577121248e-19, 6.78229579265e-19, 2.26472373704e-18, 2.47450335783e-18, 5.5076960819e-18, 1.09235453373e-17, 6.47359943267e-18, 4.55893398137e-18, 7.55432041555e-18, 1.7865314521e-17, 9.82057939981e-18, 7.42544154021e-18, 1.60166452613e-17, 1.62708477897e-17, 8.8795133877e-18, 1.34061244595e-17, 2.04033246704e-17, 2.18859714721e-17, 2.44148478932e-17, 2.91441140791e-17, 1.75125798924e-17, 1.85221819542e-17, 1.04901912047e-17, 9.23967775257e-18, 5.58879038761e-18, 3.45852382517e-18, 1.34590950379e-18, 3.16210236019e-19, 3.93276883007e-20],
        "var": [0.00618356000632, 0.415653586388, 13.1780977249, 96.9232025146, 516.273925781, 530.42010498, 848.905212402, 2138.78369141, 2169.98266602, 9639.57421875, 8160.97021484, 22111.9453125, 37831.671875, 35267.375, 25481.8046875, 12696.3085938, 13642.8916016, 17714.7363281, 11630.1650391, 2146.55883789, 3336.00415039, 471.360565186, 272.016906738, 168.811141968, 150.516082764, 126.174484253, 105.271728516, 23.1206474304, 17.9763526917, 16.5512008667, 53.9613113403, 7.83763360977, 10.3107128143, 7.65540981293, 2.49070358276, 0.498460263014, 0.0523546785116, 0.00323466048576, 3.91887660953e-05, 1.65503337257e-07]
    },
    "gfcc": {
        "mean": [-57.691116333, 82.2769470215, -96.1690216064, 15.6970348358, -53.494304657, 6.99580717087, -33.8400650024, -0.928859770298, -29.4686279297, -0.663190841675, -15.2589035034, 2.05966639519, -11.5087366104],
        "cov": [[18432.6171875, -819.36151123, -313.086975098, 518.593811035, -435.713928223, 360.577026367, -540.585510254, -59.1483192444, -663.381835938, 149.083312988, -286.409881592, -79.7917480469, -416.422210693], [-819.36151123, 1534.29626465, -61.7030792236, 77.9758071899, 146.533996582, -111.125717163, 76.2973937988, -73.7844314575, 76.188041687, -73.6487197876, 38.607208252, -58.4620170593, 43.9513969421], [-313.086975098, -61.7030792236, 911.185546875, 142.610733032, 66.9006271362, 38.0189208984, -3.86281323433, 39.4030570984, 54.1509399414, 2.97303342819, -24.1570129395, 30.8678779602, -25.0577831268], [518.593811035, 77.9758071899, 142.610733032, 526.838439941, 120.278106689, 2.48365044594, -89.287979126, -61.0888214111, 20.5495128632, -78.6347732544, -53.2237205505, 19.9334602356, -51.5161437988], [-435.713928223, 146.533996582, 66.9006271362, 120.278106689, 328.42364502, 91.3363494873, 34.4859352112, -39.6403961182, 10.9782953262, 3.01370573044, 2.66719889641, 10.395573616, -21.7513141632], [360.577026367, -111.125717163, 38.0189208984, 2.48365044594, 91.3363494873, 246.429702759, 90.6333770752, 13.2811918259, -33.4028739929, 17.4490699768, 2.61967182159, 2.15236163139, -9.87726020813], [-540.585510254, 76.2973937988, -3.86281323433, -89.287979126, 34.4859352112, 90.6333770752, 217.337188721, 91.4233474731, 18.0792198181, 18.5677204132, 27.8245792389, -7.37334394455, 34.3730621338], [-59.1483192444, -73.7844314575, 39.4030570984, -61.0888214111, -39.6403961182, 13.2811918259, 91.4233474731, 203.592163086, 58.0228347778, 32.8597869873, 4.48225593567, -5.25763893127, 30.1215362549], [-663.381835938, 76.188041687, 54.1509399414, 20.5495128632, 10.9782953262, -33.4028739929, 18.0792198181, 58.0228347778, 163.828643799, 26.3911418915, -1.71936237812, 2.48635315895, 11.1918125153], [149.083312988, -73.6487197876, 2.97303342819, -78.6347732544, 3.01370573044, 17.4490699768, 18.5677204132, 32.8597869873, 26.3911418915, 158.638153076, 69.6350326538, -12.067407608, -5.13434028625], [-286.409881592, 38.607208252, -24.1570129395, -53.2237205505, 2.66719889641, 2.61967182159, 27.8245792389, 4.48225593567, -1.71936237812, 69.6350326538, 129.140106201, 22.5214576721, 11.3027963638], [-79.7917480469, -58.4620170593, 30.8678779602, 19.9334602356, 10.395573616, 2.15236163139, -7.37334394455, -5.25763893127, 2.48635315895, -12.067407608, 22.5214576721, 106.904182434, 30.978931427], [-416.422210693, 43.9513969421, -25.0577831268, -51.5161437988, -21.7513141632, -9.87726020813, 34.3730621338, 30.1215362549, 11.1918125153, -5.13434028625, 11.3027963638, 30.978931427, 121.571151733]],
        "icov": [[0.000111488989205, -7.85112861195e-05, 5.97722646489e-05, -0.000156281137606, 0.00025122234365, -0.000291011587251, 0.000323992630001, -0.000268452247838, 0.000530718883965, -0.000450898718555, 0.000415860267822, -0.000193711617612, 0.000295377190923], [-7.85112861195e-05, 0.000994823873043, -1.87294335774e-05, 4.28507473771e-06, -0.000650353962556, 0.000866713293362, -0.000874060497154, 0.00078477099305, -0.000885904300958, 0.00104923627805, -0.00102036376484, 0.00106350332499, -0.000674150127452], [5.97722646489e-05, -1.87294335774e-05, 0.00124739937019, -0.000360768812243, 1.77826477739e-05, -0.00030888908077, 0.000232224003412, -0.0004391897819, -1.394545734e-06, -0.000399682903662, 0.000464466080302, -0.000521347101312, 0.000409903790569], [-0.000156281137606, 4.28507473771e-06, -0.000360768812243, 0.00292191910557, -0.00121547479648, 0.000140085947351, 0.000717986316886, 0.000352884992026, -0.00130010535941, 0.0018307788996, -0.000365079205949, -0.000176662098966, 0.000406386883697], [0.00025122234365, -0.000650353962556, 1.77826477739e-05, -0.00121547479648, 0.0048611019738, -0.00220729014836, 4.33023524238e-05, 0.000368322682334, 0.000796013337094, -0.00181169970892, 0.00126618565992, -0.00119356275536, 0.00120777986012], [-0.000291011587251, 0.000866713293362, -0.00030888908077, 0.000140085947351, -0.00220729014836, 0.00711613940075, -0.0040253396146, 0.00123190961313, 5.17295775353e-05, 0.000439203286078, -0.00045764099923, 0.0004200868716, -0.000349036272382], [0.000323992630001, -0.000874060497154, 0.000232224003412, 0.000717986316886, 4.33023524238e-05, -0.0040253396146, 0.00952217075974, -0.00432923436165, 0.00124825234525, -0.000155162138981, -0.000411698245443, 0.000210053258343, -0.000297770835459], [-0.000268452247838, 0.00078477099305, -0.0004391897819, 0.000352884992026, 0.000368322682334, 0.00123190961313, -0.00432923436165, 0.00853868853301, -0.00359428068623, 0.000154683875735, -0.00031935077277, 0.00103041680995, -0.00176528736483], [0.000530718883965, -0.000885904300958, -1.394545734e-06, -0.00130010535941, 0.000796013337094, 5.17295775353e-05, 0.00124825234525, -0.00359428068623, 0.0105996681377, -0.00435054861009, 0.00344215054065, -0.00184291088954, 0.00126124965027], [-0.000450898718555, 0.00104923627805, -0.000399682903662, 0.0018307788996, -0.00181169970892, 0.000439203286078, -0.000155162138981, 0.000154683875735, -0.00435054861009, 0.0125764030963, -0.00797768589109, 0.00359616032802, -0.00075632892549], [0.000415860267822, -0.00102036376484, 0.000464466080302, -0.000365079205949, 0.00126618565992, -0.00045764099923, -0.000411698245443, -0.00031935077277, 0.00344215054065, -0.00797768589109, 0.014056218788, -0.00481497729197, 0.0013855813304], [-0.000193711617612, 0.00106350332499, -0.000521347101312, -0.000176662098966, -0.00119356275536, 0.0004200868716, 0.000210053258343, 0.00103041680995, -0.00184291088954, 0.00359616032802, -0.00481497729197, 0.0128351943567, -0.00422593392432], [0.000295377190923, -0.000674150127452, 0.000409903790569, 0.000406386883697, 0.00120777986012, -0.000349036272382, -0.000297770835459, -0.00176528736483, 0.00126124965027, -0.00075632892549, 0.0013855813304, -0.00422593392432, 0.0112471180037]]
    },
    "melbands": {
        "dmean": [0.000200812675757, 0.000459248229163, 0.00072515552165, 0.000455163884908, 0.000316316407407, 0.000235055442317, 0.000178689602762, 0.000162490890943, 0.000110062559543, 0.000170248997165, 0.000168704704265, 0.00014055990323, 0.000109108594188, 7.17794464435e-05, 5.40902801731e-05, 4.39178475062e-05, 3.85131497751e-05, 3.05686444335e-05, 2.007085277e-05, 6.65952757117e-06, 4.88014620714e-06, 5.15642614118e-06, 4.50788456874e-06, 3.98135034629e-06, 3.18540560329e-06, 2.74661260846e-06, 2.66528559223e-06, 2.45016804001e-06, 2.11193651012e-06, 1.42085264088e-06, 1.11693464078e-06, 1.00394913716e-06, 9.31108274926e-07, 9.46605780427e-07, 1.6396919591e-06, 7.7217720218e-07, 5.48967761915e-07, 5.07339564138e-07, 4.79399261621e-07, 4.59754517124e-07],
        "dmean2": [0.000335553777404, 0.000732060638256, 0.00109683792107, 0.000700537173543, 0.000474486645544, 0.000369010522263, 0.000287618226139, 0.000262167595793, 0.00016930156562, 0.00026928918669, 0.000265852315351, 0.000221523514483, 0.000167047852301, 0.000103039259557, 7.99392219051e-05, 6.53366078041e-05, 5.86855203437e-05, 4.86855060444e-05, 3.16023979394e-05, 1.04588434624e-05, 7.37304844733e-06, 7.85327210906e-06, 6.77913340041e-06, 5.97542475589e-06, 4.93194011142e-06, 4.17376850237e-06, 4.06724893764e-06, 3.73459602088e-06, 3.21064089803e-06, 2.18515401684e-06, 1.68484575624e-06, 1.49954871631e-06, 1.39584710723e-06, 1.4343646626e-06, 2.57031911133e-06, 1.1582527577e-06, 8.33425929159e-07, 7.76174488237e-07, 7.33771230443e-07, 7.06100877323e-07],
        "dvar": [5.12834390065e-07, 1.46678007695e-06, 4.06121671404e-06, 1.12637121674e-06, 5.55272038127e-07, 5.07651975568e-07, 4.80354174215e-07, 9.05402828266e-07, 3.27797465616e-07, 8.29386465284e-07, 7.12751443643e-07, 5.63239552775e-07, 3.38634066566e-07, 5.79909311682e-08, 3.76417332859e-08, 2.93419830655e-08, 3.71648418707e-08, 2.46042404228e-08, 1.86639166344e-08, 8.48423165056e-10, 1.55647372768e-09, 2.71400180107e-10, 1.44867826068e-10, 1.74142061882e-10, 1.02022036652e-10, 5.48122762456e-11, 4.38237085509e-11, 4.40265116031e-11, 5.01331094693e-11, 1.36271072551e-11, 5.77751691974e-12, 4.79200446685e-12, 4.00810721418e-12, 4.75189635904e-12, 3.22874886549e-11, 3.05999800151e-12, 1.82932792178e-12, 2.82414586508e-12, 2.38589269869e-12, 3.5058297411e-12],
        "dvar2": [1.4046712522e-06, 3.68674386664e-06, 9.1854863058e-06, 2.66179836217e-06, 1.16779006021e-06, 1.17121942367e-06, 1.26010399981e-06, 2.38569350586e-06, 6.9166293315e-07, 2.09492077374e-06, 1.80289941909e-06, 1.45886053815e-06, 8.60238628775e-07, 1.14781940397e-07, 8.17638650119e-08, 5.93133222537e-08, 7.80505118314e-08, 5.37793773958e-08, 4.00041209048e-08, 1.48650658449e-09, 2.14910533813e-09, 5.6570992335e-10, 3.16526194144e-10, 3.38958555668e-10, 2.3522764292e-10, 1.24757218445e-10, 9.59952256574e-11, 1.04749764418e-10, 1.11895145927e-10, 3.32115758506e-11, 1.31771824355e-11, 1.13875332775e-11, 9.5198441144e-12, 1.16439184683e-11, 8.29778745715e-11, 7.17871205189e-12, 4.14477436747e-12, 6.16240305312e-12, 5.0366312683e-12, 7.81738129091e-12],
        "max": [0.0181913021952, 0.0277389716357, 0.0397721603513, 0.0214820224792, 0.0169011540711, 0.0242222305387, 0.024814138189, 0.0408327803016, 0.0257008280605, 0.0265084281564, 0.025823706761, 0.0199796706438, 0.0216465722769, 0.00736261717975, 0.00601741066203, 0.00599744636565, 0.010286314413, 0.00630366615951, 0.00593174248934, 0.00227834586985, 0.00393105763942, 0.000517423381098, 0.000436807458755, 0.00069937837543, 0.000365857267752, 0.000267396942945, 0.000253124831943, 0.000222694230615, 0.000345329433912, 0.000123277699458, 4.56468842458e-05, 4.56914713141e-05, 3.6922396248e-05, 3.82958023692e-05, 0.000106942679849, 3.33428979502e-05, 4.15490649175e-05, 6.00056009716e-05, 8.8861277618e-05, 0.000110111890535],
        "mean": [0.000352562783519, 0.000887324393261, 0.00106258236337, 0.000674257578794, 0.000517416745424, 0.0003700684465, 0.000240553184994, 0.00022389536025, 0.00014141855354, 0.000213103805436, 0.000201567512704, 0.000162483105669, 0.000136388174724, 0.000113679772767, 7.81437047408e-05, 6.42313825665e-05, 5.63814610359e-05, 3.44367363141e-05, 2.29700071941e-05, 9.0951743914e-06, 7.22200502423e-06, 7.95111645857e-06, 7.19234458302e-06, 6.14904274698e-06, 4.50794686913e-06, 3.87932459489e-06, 3.86281226383e-06, 3.43581632478e-06, 2.86413614958e-06, 1.90211892459e-06, 1.50593336912e-06, 1.29585635023e-06, 1.19158448797e-06, 1.15114573873e-06, 1.77860545136e-06, 9.54749907578e-07, 6.94401023793e-07, 6.30081899544e-07, 5.65119478324e-07, 5.47987099253e-07],
        "median": [0.00011990191706, 0.000360106467269, 0.000366700201994, 0.000275154830888, 0.000195436266949, 0.000115416725748, 6.4378917159e-05, 3.27858397213e-05, 1.78089376277e-05, 1.68696460605e-05, 1.75393543032e-05, 1.40898018799e-05, 1.36431835926e-05, 1.12769484986e-05, 8.90915634955e-06, 5.90084437135e-06, 4.82811628899e-06, 4.63458763988e-06, 4.24785457653e-06, 2.85431519842e-06, 2.08040228244e-06, 2.34101321439e-06, 2.32482557294e-06, 1.92886636796e-06, 1.55380018896e-06, 1.28726560433e-06, 1.27355531276e-06, 9.71125359683e-07, 8.30207284253e-07, 6.74137140777e-07, 4.90486854687e-07, 3.96346024445e-07, 3.16938070455e-07, 2.87951763767e-07, 2.88136789095e-07, 2.0231927067e-07, 1.33947949621e-07, 1.05909066406e-07, 9.87491830529e-08, 9.88164003957e-08],
        "min": [4.47448058556e-24, 2.03190768776e-24, 3.6068499468e-24, 4.20439393871e-24, 5.6924995726e-24, 5.42934425208e-24, 1.53507882981e-23, 1.71322365927e-23, 1.12986488528e-23, 5.42684198529e-24, 3.08959976771e-24, 8.4767080125e-24, 7.32356691846e-24, 1.52581034526e-23, 1.33702914643e-23, 2.54784039026e-23, 1.0551214978e-23, 7.11130338153e-24, 8.25808941211e-24, 1.29055490504e-23, 2.29709085412e-23, 1.00510235215e-23, 6.32414957131e-24, 6.57492726979e-24, 1.30672955127e-23, 1.845906277e-23, 5.56637254676e-24, 5.6728238039e-24, 6.83924971001e-24, 1.36210719238e-23, 1.12708628051e-23, 1.241711951e-23, 1.30195528618e-23, 1.40918073141e-23, 1.70596755889e-23, 1.29546027881e-23, 1.06607207046e-23, 1.43215930294e-23, 9.65768485243e-24, 8.61819021585e-24],
        "var": [4.68276397214e-07, 2.17749334297e-06, 5.5914024415e-06, 1.48753906615e-06, 1.08864082904e-06, 9.6659459814e-07, 5.35707215477e-07, 1.05334936507e-06, 4.94653249916e-07, 9.4620844493e-07, 9.34218746806e-07, 5.72551471123e-07, 4.13222636553e-07, 1.58061411071e-07, 6.86999186428e-08, 5.98545852881e-08, 7.66917764849e-08, 2.98262463616e-08, 2.27041745404e-08, 1.80010406581e-09, 3.77590891887e-09, 6.20469453594e-10, 3.32041588669e-10, 3.51363382833e-10, 1.32980362832e-10, 7.76342878872e-11, 6.84997197853e-11, 6.71784433637e-11, 7.69792285471e-11, 1.56186417966e-11, 7.98736077279e-12, 5.95385286212e-12, 5.33287303206e-12, 5.46422325789e-12, 2.90135814679e-11, 3.99541337515e-12, 3.3540492432e-12, 5.95223176303e-12, 4.66750596506e-12, 6.65330941382e-12]
    },
    "mfcc": {
        "mean": [-709.216003418, 122.723747253, 11.2843647003, 17.3165168762, 0.298314094543, 5.56453943253, 1.98445188999, 0.128029733896, -6.8774933815, -3.79249429703, -5.37762832642, -3.77103257179, -2.3998503685],
        "cov": [[13581.5107422, -29.9352245331, -556.894714355, 270.355316162, -84.193611145, 219.255935669, -25.1375923157, -125.648239136, -336.240234375, -63.664981842, -167.938171387, -43.4004745483, -81.1322479248], [-29.9352245331, 1102.34997559, -4.18784475327, 78.4905090332, 8.04493331909, 10.6647701263, 41.4118385315, -25.6981887817, 1.96277058125, 9.79162120819, 11.8432178497, -7.1572022438, 3.82977056503], [-556.894714355, -4.18784475327, 684.78326416, 106.002838135, 94.3313293457, 9.90610694885, -21.5369434357, 44.2481193542, 41.9916229248, 4.74652767181, 36.8327980042, 3.6290102005, 4.95424127579], [270.355316162, 78.4905090332, 106.002838135, 392.788757324, 161.092758179, 57.3037567139, -76.3074951172, 42.2970161438, -6.51036882401, -55.5261917114, 10.8302221298, -9.57673168182, -15.6609449387], [-84.193611145, 8.04493331909, 94.3313293457, 161.092758179, 268.505371094, 111.230491638, -15.2720212936, 34.0518493652, 6.15509223938, -30.3732719421, 22.8627147675, -13.7676744461, -7.77730226517], [219.255935669, 10.6647701263, 9.90610694885, 57.3037567139, 111.230491638, 251.404937744, 53.5388717651, 41.8843307495, -15.4430990219, -20.6572036743, 9.5757856369, -15.5929822922, -5.1168179512], [-25.1375923157, 41.4118385315, -21.5369434357, -76.3074951172, -15.2720212936, 53.5388717651, 247.713058472, 22.208990097, 14.8999443054, 49.1653327942, -7.59394407272, 22.2731933594, 26.8438816071], [-125.648239136, -25.6981887817, 44.2481193542, 42.2970161438, 34.0518493652, 41.8843307495, 22.208990097, 171.176528931, 63.789932251, -7.06443548203, -8.07750988007, -20.8708076477, 5.21202135086], [-336.240234375, 1.96277058125, 41.9916229248, -6.51036882401, 6.15509223938, -15.4430990219, 14.8999443054, 63.789932251, 148.207046509, 57.3723678589, 1.45829665661, -2.71822667122, 8.19858551025], [-63.664981842, 9.79162120819, 4.74652767181, -55.5261917114, -30.3732719421, -20.6572036743, 49.1653327942, -7.06443548203, 57.3723678589, 153.54246521, 35.9114570618, 7.07627916336, 3.39859461784], [-167.938171387, 11.8432178497, 36.8327980042, 10.8302221298, 22.8627147675, 9.5757856369, -7.59394407272, -8.07750988007, 1.45829665661, 35.9114570618, 127.190589905, 53.6188163757, 0.719353079796], [-43.4004745483, -7.1572022438, 3.6290102005, -9.57673168182, -13.7676744461, -15.5929822922, 22.2731933594, -20.8708076477, -2.71822667122, 7.07627916336, 53.6188163757, 143.823028564, 57.7325439453], [-81.1322479248, 3.82977056503, 4.95424127579, -15.6609449387, -7.77730226517, -5.1168179512, 26.8438816071, 5.21202135086, 8.19858551025, 3.39859461784, 0.719353079796, 57.7325439453, 109.29094696]],
