{
"lowlevel": {
    "average_loudness": 0.745720267296,
    "barkbands_crest": {
        "dmean": 2.81927204132,
        "dmean2": 4.61112928391,
        "dvar": 6.58778047562,
        "dvar2": 16.7442932129,
        "max": 25.7844429016,
        "mean": 12.8933353424,
        "median": 12.1669034958,
        "min": 3.35872411728,
        "var": 20.6502075195
    },
    "barkbands_flatness_db": {
        "dmean": 0.0251927264035,
        "dmean2": 0.0377392061055,
        "dvar": 0.000581964559387,
        "dvar2": 0.00125849910546,
        "max": 0.467779129744,
        "mean": 0.185889273882,
        "median": 0.176149338484,
        "min": 0.0243639256805,
        "var": 0.00488235522062
    },
    "barkbands_kurtosis": {
        "dmean": 5.16867828369,
        "dmean2": 8.30755138397,
        "dvar": 59.0728225708,
        "dvar2": 142.711959839,
        "max": 210.221801758,
        "mean": 10.845954895,
        "median": 6.95796585083,
        "min": -1.91859638691,
        "var": 165.209701538
    },
    "barkbands_skewness": {
        "dmean": 0.64394569397,
        "dmean2": 1.00159704685,
        "dvar": 0.4225654006,
        "dvar2": 0.988192260265,
        "max": 10.6713829041,
        "mean": 1.97523605824,
        "median": 1.99334824085,
        "min": -7.57522583008,
        "var": 2.90820455551
    },
    "barkbands_spread": {
        "dmean": 4.08041334152,
        "dmean2": 6.46235513687,
        "dvar": 54.3824310303,
        "dvar2": 119.217941284,
        "max": 113.11164856,
        "mean": 10.894068718,
        "median": 8.35955810547,
        "min": 0.323098599911,
        "var": 111.248535156
    },
    "dissonance": {
        "dmean": 0.031735137105,
        "dmean2": 0.0535765811801,
        "dvar": 0.0011521774577,
        "dvar2": 0.00321000325494,
        "max": 0.500000119209,
        "mean": 0.430076003075,
        "median": 0.444936394691,
        "min": 0.108317933977,
        "var": 0.00287419883534
    },
    "dynamic_complexity": 7.23772525787,
    "erbbands_crest": {
        "dmean": 2.7424197197,
        "dmean2": 4.33553504944,
        "dvar": 7.70853281021,
        "dvar2": 17.7233009338,
        "max": 34.1087303162,
        "mean": 11.7792882919,
        "median": 10.3445539474,
        "min": 2.45639848709,
        "var": 36.4715690613
    },
    "erbbands_flatness_db": {
        "dmean": 0.0228721834719,
        "dmean2": 0.0322866328061,
        "dvar": 0.000573595811147,
        "dvar2": 0.00108772749081,
        "max": 0.50383746624,
        "mean": 0.188581049442,
        "median": 0.17540115118,
        "min": 0.0361607298255,
        "var": 0.00567441154271
    },
    "erbbands_kurtosis": {
        "dmean": 2.02545022964,
        "dmean2": 3.1794397831,
        "dvar": 13.1769781113,
        "dvar2": 31.1216812134,
        "max": 120.957611084,
        "mean": 3.77854895592,
        "median": 1.63519048691,
        "min": -1.85292458534,
        "var": 51.2225189209
    },
    "erbbands_skewness": {
        "dmean": 0.395495772362,
        "dmean2": 0.610479354858,
        "dvar": 0.176858201623,
        "dvar2": 0.402849793434,
        "max": 7.86887645721,
        "mean": 1.11537861824,
        "median": 1.02579426765,
        "min": -4.17736339569,
        "var": 0.852718234062
    },
    "erbbands_spread": {
        "dmean": 7.43593072891,
        "dmean2": 11.0023336411,
        "dvar": 131.528594971,
        "dvar2": 262.527038574,
        "max": 163.037734985,
        "mean": 28.7997245789,
        "median": 24.5924758911,
        "min": 0.553066492081,
        "var": 465.881500244
    },
    "hfc": {
        "dmean": 4.77238559723,
        "dmean2": 6.62266111374,
        "dvar": 81.5412139893,
        "dvar2": 164.287277222,
        "max": 132.53137207,
        "mean": 11.2531137466,
        "median": 6.3322095871,
        "min": 1.19422447314e-16,
        "var": 208.088806152
    },
    "melbands_crest": {
        "dmean": 3.2304661274,
        "dmean2": 5.29013252258,
        "dvar": 8.70666599274,
        "dvar2": 22.0832481384,
        "max": 32.9848823547,
        "mean": 15.1962871552,
        "median": 14.4817686081,
        "min": 1.71375405788,
        "var": 27.1612663269
    },
    "melbands_flatness_db": {
        "dmean": 0.0261211562902,
        "dmean2": 0.0399750620127,
        "dvar": 0.000678786367644,
        "dvar2": 0.00150975584984,
        "max": 0.590256631374,
        "mean": 0.264339596033,
        "median": 0.251604944468,
        "min": 0.00262254755944,
        "var": 0.00755706429482
    },
    "melbands_kurtosis": {
        "dmean": 7.70716810226,
        "dmean2": 12.2288160324,
        "dvar": 133.677474976,
        "dvar2": 322.384155273,
        "max": 192.489120483,
        "mean": 15.7722301483,
        "median": 10.3591098785,
        "min": -1.70587456226,
        "var": 311.494262695
    },
    "melbands_skewness": {
        "dmean": 0.736464619637,
        "dmean2": 1.13029491901,
        "dvar": 0.626969754696,
        "dvar2": 1.41994094849,
        "max": 10.8610401154,
        "mean": 2.43439102173,
        "median": 2.29515099525,
        "min": -2.9936876297,
        "var": 3.30126070976
    },
    "melbands_spread": {
        "dmean": 3.37769460678,
        "dmean2": 5.41076850891,
        "dvar": 30.6959228516,
        "dvar2": 74.7379302979,
        "max": 191.812561035,
        "mean": 12.3851003647,
        "median": 9.1945104599,
        "min": 0.573631286621,
        "var": 286.990509033
    },
    "pitch_salience": {
        "dmean": 0.0689940601587,
        "dmean2": 0.112224549055,
        "dvar": 0.00413351692259,
        "dvar2": 0.010420829989,
        "max": 0.873413383961,
        "mean": 0.546838521957,
        "median": 0.550391793251,
        "min": 0.14855517447,
        "var": 0.0154771497473
    },
    "silence_rate_20dB": {
        "dmean": 0,
        "dmean2": 0,
        "dvar": 0,
        "dvar2": 0,
        "max": 1,
        "mean": 1,
        "median": 1,
        "min": 1,
        "var": 0
    },
    "silence_rate_30dB": {
        "dmean": 0.0151612907648,
        "dmean2": 0.0303250253201,
        "dvar": 0.014930925332,
        "dvar2": 0.0369856692851,
        "max": 1,
        "mean": 0.987581670284,
        "median": 1,
        "min": 0,
        "var": 0.0122632393613
    },
    "silence_rate_60dB": {
        "dmean": 0.0351612903178,
        "dmean2": 0.0703282505274,
        "dvar": 0.0339342318475,
        "dvar2": 0.0781240239739,
        "max": 1,
        "mean": 0.243125557899,
        "median": 0,
        "min": 0,
        "var": 0.183992803097
    },
    "spectral_centroid": {
        "dmean": 123.082199097,
        "dmean2": 196.606063843,
        "dvar": 33552.0507812,
        "dvar2": 76278.7578125,
        "max": 11021.9628906,
        "mean": 693.352294922,
        "median": 598.178649902,
        "min": 156.959960938,
        "var": 232357.640625
    },
    "spectral_complexity": {
        "dmean": 1.96854841709,
        "dmean2": 3.00879096985,
        "dvar": 6.90660333633,
        "dvar2": 13.2906122208,
        "max": 46,
        "mean": 10.1318445206,
        "median": 10,
        "min": 0,
        "var": 43.1800346375
    },
    "spectral_decrease": {
        "dmean": 2.07008987729e-09,
        "dmean2": 3.0392444117e-09,
        "dvar": 1.62619638699e-17,
        "dvar2": 3.54733725628e-17,
        "max": 1.11594123817e-15,
        "mean": -4.9749440123e-09,
        "median": -2.99831537376e-09,
        "min": -7.49374251541e-08,
        "var": 3.83465579507e-17
    },
    "spectral_energy": {
        "dmean": 0.00816990435123,
        "dmean2": 0.0119327530265,
        "dvar": 0.000250214303378,
        "dvar2": 0.000540636945516,
        "max": 0.289669811726,
        "mean": 0.0197972971946,
        "median": 0.0119922868907,
        "min": 1.12391727858e-20,
        "var": 0.000601137056947
    },
    "spectral_energyband_high": {
        "dmean": 0.000210673679248,
        "dmean2": 0.000299473322229,
        "dvar": 3.11314636292e-07,
        "dvar2": 6.91844604717e-07,
        "max": 0.00848907232285,
        "mean": 0.00029387747054,
        "median": 6.686267443e-05,
        "min": 8.23664206377e-21,
        "var": 4.37806818354e-07
    },
    "spectral_energyband_low": {
        "dmean": 0.00166176375933,
        "dmean2": 0.00271568144672,
        "dvar": 4.25383368565e-05,
        "dvar2": 0.000112129993795,
        "max": 0.152262300253,
        "mean": 0.00270494678989,
        "median": 0.000825715484098,
        "min": 9.66314597871e-23,
        "var": 4.84809279442e-05
    },
    "spectral_energyband_middle_high": {
        "dmean": 0.00135983619839,
        "dmean2": 0.00188295554835,
        "dvar": 1.39354842759e-05,
        "dvar2": 2.65400940407e-05,
        "max": 0.0963073521852,
        "mean": 0.00306531880051,
        "median": 0.000976715469733,
        "min": 1.57452668396e-21,
        "var": 4.1358256567e-05
    },
    "spectral_energyband_middle_low": {
        "dmean": 0.00660663843155,
        "dmean2": 0.00985744502395,
        "dvar": 0.00016218656674,
        "dvar2": 0.000364024221199,
        "max": 0.230438545346,
        "mean": 0.0143866091967,
        "median": 0.00807756092399,
        "min": 4.1268848049e-22,
        "var": 0.00035907086567
    },
    "spectral_entropy": {
        "dmean": 0.230527445674,
        "dmean2": 0.336242616177,
        "dvar": 0.0606951713562,
        "dvar2": 0.120513021946,
        "max": 9.79771995544,
        "mean": 6.93670749664,
        "median": 7.02797031403,
        "min": 4.55408859253,
        "var": 0.563028454781
    },
    "spectral_flux": {
        "dmean": 0.0222325976938,
        "dmean2": 0.0348534397781,
        "dvar": 0.000963680795394,
        "dvar2": 0.00210871384479,
        "max": 0.440773189068,
        "mean": 0.0575687028468,
        "median": 0.0459141656756,
        "min": 1.06014967638e-10,
        "var": 0.00257976632565
    },
    "spectral_kurtosis": {
        "dmean": 4.02006578445,
        "dmean2": 6.27148151398,
        "dvar": 54.7705001831,
        "dvar2": 134.955108643,
        "max": 170.714355469,
        "mean": 13.5642900467,
        "median": 6.57842540741,
        "min": -1.43250441551,
        "var": 371.826904297
    },
    "spectral_rms": {
        "dmean": 0.000757443660405,
        "dmean2": 0.00107499223668,
        "dvar": 1.11818303594e-06,
        "dvar2": 2.1734153961e-06,
        "max": 0.016810849309,
        "mean": 0.00364053924568,
        "median": 0.00342049589381,
        "min": 3.31135119325e-12,
        "var": 6.06110415902e-06
    },
    "spectral_rolloff": {
        "dmean": 271.774078369,
        "dmean2": 485.183074951,
        "dvar": 990877.8125,
        "dvar2": 2426834.5,
        "max": 19832.0800781,
        "mean": 1104.54980469,
        "median": 581.396484375,
        "min": 129.19921875,
        "var": 6973481
    },
    "spectral_skewness": {
        "dmean": 0.352706104517,
        "dmean2": 0.536048591137,
        "dvar": 0.205713555217,
        "dvar2": 0.475505530834,
        "max": 11.1050100327,
        "mean": 2.67004966736,
        "median": 2.17480778694,
        "min": -0.0188326649368,
        "var": 2.15764760971
    },
    "spectral_spread": {
        "dmean": 839400.125,
        "dmean2": 1158221.875,
        "dvar": 1.32507107328e+12,
        "dvar2": 2.44893981082e+12,
        "max": 40019096,
        "mean": 4679385.5,
        "median": 4411761.5,
        "min": 556651.3125,
        "var": 6.15957816934e+12
    },
    "spectral_strongpeak": {
        "dmean": 0.430280059576,
        "dmean2": 0.684493362904,
        "dvar": 0.537477314472,
        "dvar2": 1.18850684166,
        "max": 10.8855361938,
        "mean": 1.00442373753,
        "median": 0.51138740778,
        "min": 0,
        "var": 1.82986545563
    },
    "zerocrossingrate": {
        "dmean": 0.00908978842199,
        "dmean2": 0.011179943569,
        "dvar": 0.000194184627617,
        "dvar2": 0.000239648841671,
        "max": 0.75830078125,
        "mean": 0.0527022071183,
        "median": 0.0361328125,
        "min": 0.0048828125,
        "var": 0.00820087641478
    },
    "barkbands": {
        "dmean": [2.66387851298e-05, 0.000740942778066, 0.000715890375432, 0.00114476738963, 0.00410129781812, 0.000714342284482, 0.00090800167527, 0.00114897533786, 0.000435586087406, 0.000482591887703, 0.000630215043202, 0.000296663172776, 9.26654684008e-05, 8.49156785989e-05, 6.11886571278e-05, 3.58028519258e-05, 3.81760473829e-05, 2.85007663479e-05, 3.00635256281e-05, 3.06952242681e-05, 2.45412502409e-05, 2.49803742918e-05, 3.22725063597e-05, 4.43230710516e-05, 5.20706380485e-05, 3.14826356771e-05, 1.08751655716e-05],
        "dmean2": [4.48184728157e-05, 0.00120804086328, 0.00120761990547, 0.00184956716839, 0.00643723551184, 0.00114978977945, 0.0013868099777, 0.00174961891025, 0.00066800165223, 0.00069892720785, 0.000901646038983, 0.000435853813542, 0.000145265265019, 0.000132569111884, 9.6308751381e-05, 5.59301370231e-05, 5.9002184571e-05, 4.40784824605e-05, 4.52170970675e-05, 4.75118285976e-05, 3.58292818419e-05, 3.57497192454e-05, 4.59791226604e-05, 6.5408887167e-05, 7.99600529717e-05, 5.05985117343e-05, 1.76152916538e-05],
        "dvar": [1.70135532329e-08, 2.44566708716e-05, 4.49453091278e-06, 6.36956519884e-06, 0.000100438293885, 4.12051167586e-06, 9.5197074188e-06, 1.59868122864e-05, 4.97268501931e-06, 5.55778342459e-06, 5.58094825465e-06, 2.19054390982e-06, 1.78899497882e-07, 8.34265989624e-08, 4.90898166561e-08, 1.45548240127e-08, 1.04257233957e-08, 4.20815116087e-09, 4.93944707358e-09, 1.16470406653e-08, 5.17882492446e-09, 4.69766403555e-09, 8.09147238101e-09, 2.19815738944e-08, 2.65720796477e-08, 9.04817465397e-09, 1.3173915292e-09],
        "dvar2": [4.30127116147e-08, 6.3906009018e-05, 1.23080935737e-05, 1.47579348777e-05, 0.000241643894697, 1.09011216409e-05, 1.9079867343e-05, 3.52089446096e-05, 1.10910195872e-05, 1.12144380182e-05, 1.09149859782e-05, 4.87060015075e-06, 3.79871721634e-07, 1.89602261003e-07, 1.20198095033e-07, 3.68452575117e-08, 2.54387177989e-08, 9.84188908149e-09, 1.0774913406e-08, 2.77575260554e-08, 1.13263238788e-08, 9.58265644613e-09, 1.73975305273e-08, 5.21556380306e-08, 6.31082315294e-08, 2.33540546901e-08, 3.43501183053e-09],
        "max": [0.00289850845002, 0.127984181046, 0.0540184006095, 0.0598353743553, 0.194375157356, 0.0611166656017, 0.113473109901, 0.166073516011, 0.103763915598, 0.0646210238338, 0.0715241134167, 0.0535236373544, 0.0398594774306, 0.0103298975155, 0.0110614048317, 0.00518170790747, 0.00461845938116, 0.0012130237883, 0.00212011812255, 0.00576191069558, 0.00173184135929, 0.00168684637174, 0.00205004424788, 0.00347169139422, 0.00368123594671, 0.00148460024502, 0.000634890515357],
        "mean": [2.05196447496e-05, 0.000973692105617, 0.00113246275578, 0.00153680564836, 0.00688274204731, 0.0012209120905, 0.00151898921467, 0.00228160829283, 0.000795807805844, 0.000725349818822, 0.0012314527994, 0.00052662868984, 0.000151044019731, 0.000143350363942, 9.46157742874e-05, 6.13912052359e-05, 6.9955996878e-05, 5.17455555382e-05, 5.27420488652e-05, 4.99560082972e-05, 4.12068875448e-05, 3.81909958378e-05, 4.50770385214e-05, 5.3849122196e-05, 5.75944395678e-05, 2.98185295833e-05, 9.7709162219e-06],
        "median": [6.02870386501e-07, 8.14946251921e-05, 0.000374049239326, 0.000343441206496, 0.00178736704402, 0.000525531359017, 0.000405390019296, 0.000385009858292, 0.000155300804181, 9.53832859523e-05, 0.000117191906611, 6.45716063445e-05, 3.46469896613e-05, 3.79165103368e-05, 3.31895753334e-05, 2.16021435335e-05, 2.8311409551e-05, 1.84203145182e-05, 1.7127913452e-05, 1.07318019218e-05, 8.94783261174e-06, 7.23871926311e-06, 8.16978172224e-06, 9.15007694857e-06, 8.62004708324e-06, 4.69769838674e-06, 1.12877239644e-06],
        "min": [2.66718163459e-23, 5.46960810712e-23, 1.62596018148e-23, 2.99642598624e-23, 5.09373008528e-23, 8.2734703065e-23, 2.37972387617e-23, 1.51926179e-22, 5.2326223005e-23, 6.04197591878e-23, 5.13471330257e-23, 1.02095829858e-22, 1.12481593883e-22, 8.15778732573e-23, 7.31339313714e-23, 1.1188736074e-22, 3.592818399e-22, 2.21823470875e-22, 2.588287971e-22, 4.23596849087e-22, 6.43984542628e-22, 6.52128868831e-22, 6.32365189474e-22, 9.24628284631e-22, 1.14545602372e-21, 1.84092256303e-21, 2.37127135147e-21],
        "var": [1.30777770835e-08, 2.61232853518e-05, 7.16717750038e-06, 1.0618903616e-05, 0.000174250919372, 5.02062084706e-06, 1.72478194145e-05, 4.34640460298e-05, 1.42407707244e-05, 9.94421225187e-06, 1.87627301784e-05, 5.5439973039e-06, 8.42703570925e-07, 1.31183099938e-07, 5.50894228013e-08, 1.83897093109e-08, 1.59668953614e-08, 7.78969155846e-09, 9.29115184789e-09, 2.05013233057e-08, 8.99361385365e-09, 7.91750487394e-09, 1.19960512635e-08, 2.60420449649e-08, 3.0460409306e-08, 7.50799333815e-09, 1.04228581321e-09]
    },
    "erbbands": {
        "dmean": [0.0169987604022, 0.186678156257, 0.685089528561, 2.13887190819, 8.63967895508, 17.1215934753, 9.04109096527, 5.82002401352, 10.5061683655, 22.5440177917, 17.702173233, 9.98537826538, 10.3663110733, 18.6865711212, 25.6899299622, 10.7452049255, 4.73365068436, 4.32382917404, 3.25059843063, 2.73873209953, 1.86968004704, 1.81458413601, 1.54299676418, 1.55412375927, 1.74143850803, 1.15129649639, 1.04900121689, 0.793190121651, 0.818757295609, 1.10154509544, 0.905109286308, 0.928685843945, 0.750607848167, 0.598714530468, 0.361135929823, 0.145124182105, 0.058166846633, 0.0145379388705, 0.00185282796156, 9.31037357077e-05],
        "dmean2": [0.0275018531829, 0.303844988346, 1.1566413641, 3.48451733589, 13.693031311, 27.2697849274, 14.6725168228, 9.35441875458, 15.9562349319, 34.2420387268, 26.4494895935, 14.9714660645, 15.6639928818, 26.2892951965, 35.9655532837, 15.3933420181, 7.16693305969, 6.77373695374, 5.10756778717, 4.2146229744, 2.88359093666, 2.78710699081, 2.36639809608, 2.33119082451, 2.69359445572, 1.74048793316, 1.5408564806, 1.16279494762, 1.1827391386, 1.59280884266, 1.29347610474, 1.37166261673, 1.13048803806, 0.907113611698, 0.573206722736, 0.235880538821, 0.093033105135, 0.0233518667519, 0.00301765068434, 0.00014714540157],
        "dvar": [0.0108329961076, 1.53631675243, 6.19609880447, 19.4635925293, 349.060150146, 2041.64404297, 628.270812988, 314.8777771, 1572.51550293, 4598.42089844, 3711.65893555, 3056.37475586, 3338.46386719, 7702.69042969, 10984.6572266, 2988.63232422, 390.041656494, 231.117767334, 148.541107178, 46.9972419739, 36.7730102539, 30.0622940063, 12.2701511383, 13.7390136719, 31.0627365112, 9.80549049377, 9.533203125, 4.92182540894, 5.16859197617, 10.1885643005, 6.46805238724, 9.51145458221, 6.56155252457, 3.76076483727, 1.41602110863, 0.184818789363, 0.0330163538456, 0.00220628664829, 4.02558034693e-05, 8.7413823735e-08],
        "dvar2": [0.0273107923567, 4.05235052109, 17.3665008545, 49.5905914307, 823.120239258, 5091.35498047, 1671.10705566, 836.850219727, 2979.58959961, 9865.28027344, 8189.27978516, 6441.26611328, 7647.66259766, 14695.6767578, 21335.1933594, 6770.52099609, 752.062011719, 545.348632812, 371.349853516, 108.189910889, 94.0719223022, 74.986076355, 28.3035068512, 31.2163925171, 72.1066131592, 21.7909755707, 21.7522010803, 10.5304965973, 10.8013286591, 21.5338630676, 14.0754985809, 22.2237987518, 15.7038221359, 8.48633861542, 3.59956216812, 0.484796524048, 0.0848154053092, 0.00569020118564, 0.000106150902866, 2.21032053105e-07],
        "max": [2.83611059189, 31.3089122772, 51.8620529175, 92.6797332764, 496.015167236, 968.672729492, 598.189697266, 654.291687012, 1763.046875, 2035.30566406, 2469.34619141, 3031.25878906, 2591.98339844, 3763.5378418, 3458.46337891, 2340.01049805, 2145.14990234, 580.23059082, 607.725891113, 168.266204834, 317.744781494, 271.388031006, 74.8064804077, 73.3322906494, 297.726013184, 106.092880249, 98.9768371582, 44.9063987732, 64.3107528687, 52.3500518799, 55.1080780029, 80.7159194946, 61.8256797791, 63.1882514954, 30.9721851349, 7.40938949585, 3.03640031815, 0.916809082031, 0.120448999107, 0.00451277662069],
        "mean": [0.0213704649359, 0.259268403053, 1.11552619934, 3.34785342216, 12.2372732162, 26.9796772003, 16.8492469788, 10.3087997437, 17.9559745789, 39.4914054871, 39.6706962585, 21.3000850677, 15.3105726242, 32.1759223938, 52.6444587708, 22.0570411682, 8.62781238556, 7.47061777115, 5.25159692764, 4.67882966995, 3.56259822845, 3.45568966866, 2.93352413177, 2.82814192772, 3.0195646286, 1.96630120277, 1.8076890707, 1.33458650112, 1.25327277184, 1.5443983078, 1.25443589687, 1.15959882736, 0.891987740993, 0.685035347939, 0.37400868535, 0.136624217033, 0.0550844706595, 0.013655712828, 0.00165460084099, 0.000101238460047],
        "median": [0.000994971720502, 0.035392485559, 0.414950877428, 1.04748189449, 3.15328121185, 6.22538280487, 5.77748346329, 4.63749217987, 5.39366483688, 9.26730537415, 7.24890565872, 4.49754428864, 4.03218507767, 4.30279874802, 6.80709171295, 3.39570689201, 2.39474606514, 2.25818800926, 2.0166926384, 1.86179339886, 1.43577492237, 1.47342205048, 1.2141251564, 0.971860349178, 0.803140461445, 0.523231446743, 0.417637586594, 0.294333934784, 0.245498344302, 0.255040168762, 0.231906622648, 0.195533111691, 0.146977216005, 0.104278840125, 0.0500136874616, 0.0217347033322, 0.00788042135537, 0.00181422592141, 0.000201515038498, 2.90660500468e-05],
        "min": [1.71322938325e-21, 1.21206702456e-20, 2.007601274e-20, 6.76301059366e-20, 6.67542638396e-20, 2.32927804942e-19, 3.36505396691e-19, 7.53162992077e-19, 4.62284360986e-19, 1.2958706602e-18, 3.27168957419e-18, 1.23256890607e-18, 2.0872142931e-18, 1.92999476241e-18, 3.13915331977e-18, 3.73542935946e-18, 4.28697602112e-18, 3.92482600919e-18, 4.66645712125e-18, 6.7223909591e-18, 5.240518812e-18, 1.93768067651e-17, 1.30416471749e-17, 1.15316852149e-17, 1.62015912657e-17, 2.1043317619e-17, 2.91442960588e-17, 2.04043321764e-17, 2.41630160644e-17, 2.21208990379e-17, 1.80980450951e-17, 1.7556764572e-17, 1.59439079613e-17, 1.16564819539e-17, 9.60215987752e-18, 6.75305537159e-18, 3.24994051434e-18, 1.21836942028e-18, 3.54023453554e-19, 3.54605284642e-20],
        "var": [0.0123866153881, 1.61121916771, 6.95766115189, 37.6269874573, 577.449523926, 3063.48974609, 946.26159668, 372.010681152, 3204.05200195, 8884.47167969, 16915.4375, 11360.7441406, 3930.88354492, 15650.734375, 34648.3242188, 9729.22460938, 2396.6472168, 355.830444336, 164.899581909, 76.6355819702, 49.824092865, 40.8971824646, 23.0278625488, 24.1723041534, 58.7630119324, 17.974445343, 15.6805925369, 9.0144329071, 8.52464580536, 15.1323547363, 9.39883232117, 11.9022026062, 7.47530555725, 4.80855464935, 1.35239756107, 0.148938253522, 0.0277817361057, 0.0018245439278, 3.10031355184e-05, 7.64030687606e-08]
    },
    "gfcc": {
        "mean": [-101.468429565, 104.057518005, -88.8670272827, -1.77962350845, -65.0361633301, -1.50053358078, -43.3981018066, -3.00078845024, -27.7117118835, -5.84997797012, -16.0457172394, -3.58840918541, -14.7475471497],
        "cov": [[31816.3457031, -1916.4864502, -1331.67858887, 1672.74707031, -686.110412598, 1152.14733887, -902.711364746, 740.215454102, -1643.46081543, -428.917785645, -1144.2322998, 148.251480103, -395.722808838], [-1916.4864502, 2397.56079102, -141.209945679, -330.069488525, 26.5282115936, -206.109390259, 51.3819618225, -207.438339233, 231.82611084, 12.4855394363, 183.990768433, -98.6662368774, -22.1401290894], [-1331.67858887, -141.209945679, 668.485107422, -95.1130142212, 36.330165863, 13.192864418, 46.6251296997, 34.3427581787, 78.6085510254, 69.9839096069, 27.5531997681, 3.21329164505, -21.2723522186], [1672.74707031, -330.069488525, -95.1130142212, 578.373962402, 31.7913188934, 58.635684967, -63.8017959595, -17.5205974579, -100.924194336, -52.2948532104, -110.782875061, 40.1989631653, 52.2641983032], [-686.110412598, 26.5282115936, 36.330165863, 31.7913188934, 207.587051392, 45.5485687256, 59.2662658691, -12.5251350403, 28.4070091248, 14.0517177582, 20.4800662994, -0.0682966187596, 10.5133142471], [1152.14733887, -206.109390259, 13.192864418, 58.635684967, 45.5485687256, 214.69241333, 35.9704093933, 71.4395675659, -60.7262191772, -2.82933616638, -43.9262619019, -4.07662391663, -45.5899429321], [-902.711364746, 51.3819618225, 46.6251296997, -63.8017959595, 59.2662658691, 35.9704093933, 155.296707153, 40.1463851929, 79.5954284668, 36.9488639832, 46.9532051086, -10.8398237228, -8.41028499603], [740.215454102, -207.438339233, 34.3427581787, -17.5205974579, -12.5251350403, 71.4395675659, 40.1463851929, 185.387969971, 15.7509737015, 22.7429161072, -21.1083335876, -7.70053529739, -43.9637298584], [-1643.46081543, 231.82611084, 78.6085510254, -100.924194336, 28.4070091248, -60.7262191772, 79.5954284668, 15.7509737015, 208.791183472, 78.8882064819, 76.2862701416, -27.7932987213, -1.15500664711], [-428.917785645, 12.4855394363, 69.9839096069, -52.2948532104, 14.0517177582, -2.82933616638, 36.9488639832, 22.7429161072, 78.8882064819, 115.553688049, 49.1634368896, -2.2823870182, -5.47613286972], [-1144.2322998, 183.990768433, 27.5531997681, -110.782875061, 20.4800662994, -43.9262619019, 46.9532051086, -21.1083335876, 76.2862701416, 49.1634368896, 128.233734131, 13.6131086349, 14.2433843613], [148.251480103, -98.6662368774, 3.21329164505, 40.1989631653, -0.0682966187596, -4.07662391663, -10.8398237228, -7.70053529739, -27.7932987213, -2.2823870182, 13.6131086349, 77.1946792603, 44.6177368164], [-395.722808838, -22.1401290894, -21.2723522186, 52.2641983032, 10.5133142471, -45.5899429321, -8.41028499603, -43.9637298584, -1.15500664711, -5.47613286972, 14.2433843613, 44.6177368164, 111.656272888]],
        "icov": [[0.00015550464741, -0.000136098635267, 0.000183292737347, -0.000229012264754, 0.000313395459671, -0.000447712780442, 0.000455184723251, -0.000619504251517, 0.000822263362352, -0.000497123517562, 0.000581349479035, -0.000380415818654, 0.000306283793179], [-0.000136098635267, 0.000763333286159, 1.78739683179e-05, 0.000376560667064, -0.000322189473081, 0.000516230997164, -0.000342047860613, 0.00120315735694, -0.0013346633641, 0.000881616142578, -0.00107353692874, 0.000872227363288, 3.07744903694e-06], [0.000183292737347, 1.78739683179e-05, 0.00194385123905, 3.17373342114e-05, 0.000100318051409, -0.000583391345572, 0.000522045884281, -0.000571630138438, 0.000325702916598, -0.00119580107275, 0.00100088561885, -0.000991331762634, 0.000788413570262], [-0.000229012264754, 0.000376560667064, 3.17373342114e-05, 0.0028606900014, -0.00105386495125, 0.00014015333727, -0.000132488101372, 0.00132517388556, -0.00146915926598, 0.000740754476283, 0.00114555610344, -0.000359533005394, -0.00138304603752], [0.000313395459671, -0.000322189473081, 0.000100318051409, -0.00105386495125, 0.00677811773494, -0.0026145556476, -0.00104062445462, -3.62922874046e-05, 0.00110208557453, -0.000848080322612, 0.000451123109087, -0.000350760266883, -0.000186772071174], [-0.000447712780442, 0.000516230997164, -0.000583391345572, 0.00014015333727, -0.0026145556476, 0.00945170875639, -0.00399256823584, -0.000133453606395, 0.00101912079845, 9.49113673414e-05, -0.000321738305502, 0.000753187341616, 0.00184622756205], [0.000455184723251, -0.000342047860613, 0.000522045884281, -0.000132488101372, -0.00104062445462, -0.00399256823584, 0.0122051108629, -0.00343104428612, -0.00117483932991, -0.000667337095365, -0.000911623123102, -0.000362773338566, -4.05773971579e-05], [-0.000619504251517, 0.00120315735694, -0.000571630138438, 0.00132517388556, -3.62922874046e-05, -0.000133453606395, -0.00343104428612, 0.0107405260205, -0.00513010472059, 0.00133066333365, -0.000622017483693, 0.000234162798733, 0.00123123719823], [0.000822263362352, -0.0013346633641, 0.000325702916598, -0.00146915926598, 0.00110208557453, 0.00101912079845, -0.00117483932991, -0.00513010472059, 0.0155359078199, -0.00736174499616, 0.00100522860885, 0.00169881584588, 0.000595779099967], [-0.000497123517562, 0.000881616142578, -0.00119580107275, 0.000740754476283, -0.000848080322612, 9.49113673414e-05, -0.000667337095365, 0.00133066333365, -0.00736174499616, 0.0152658810839, -0.0056822556071, 0.00089868681971, -0.000531027908437], [0.000581349479035, -0.00107353692874, 0.00100088561885, 0.00114555610344, 0.000451123109087, -0.000321738305502, -0.000911623123102, -0.000622017483693, 0.00100522860885, -0.0056822556071, 0.0175269860774, -0.00698205502704, 0.00130046205595], [-0.000380415818654, 0.000872227363288, -0.000991331762634, -0.000359533005394, -0.000350760266883, 0.000753187341616, -0.000362773338566, 0.000234162798733, 0.00169881584588, 0.00089868681971, -0.00698205502704, 0.0218663047999, -0.00857586972415], [0.000306283793179, 3.07744903694e-06, 0.000788413570262, -0.00138304603752, -0.000186772071174, 0.00184622756205, -4.05773971579e-05, 0.00123123719823, 0.000595779099967, -0.000531027908437, 0.00130046205595, -0.00857586972415, 0.0153340371326]]
    },
    "melbands": {
        "dmean": [0.000184844291653, 0.000319468410453, 0.000523549737409, 0.00096236274112, 0.000426689424785, 0.000131821259856, 0.000166310783243, 0.000261788081843, 0.000134089495987, 5.82637949265e-05, 5.20254543517e-05, 7.48719758121e-05, 8.75108453329e-05, 4.25558901043e-05, 1.66822192114e-05, 7.94985226094e-06, 8.59012197907e-06, 5.52858909941e-06, 4.48586297352e-06, 3.10429641104e-06, 2.28511748901e-06, 2.13424482354e-06, 1.67476332535e-06, 1.54073632075e-06, 1.32791581109e-06, 1.18391335491e-06, 1.45227704706e-06, 6.85592510763e-07, 6.45129034638e-07, 7.84538030985e-07, 3.67746764596e-07, 4.42449191951e-07, 5.41512633845e-07, 6.40012387976e-07, 5.09408607741e-07, 5.80279959195e-07, 5.79809409373e-07, 5.10951849719e-07, 6.0568288518e-07, 4.7913039225e-07],
        "dmean2": [0.000298893515719, 0.000530955090653, 0.000840007734951, 0.00150937808212, 0.000689591804985, 0.000210929865716, 0.000253045494901, 0.000398868462071, 0.00020051462343, 8.81856467458e-05, 7.9083161836e-05, 0.000106021325337, 0.000123483900097, 6.1494516558e-05, 2.48977776209e-05, 1.22742012536e-05, 1.36146381919e-05, 8.72270993568e-06, 7.09511596142e-06, 4.78751189803e-06, 3.56202917828e-06, 3.32505419465e-06, 2.62410185314e-06, 2.41478937824e-06, 2.02966248253e-06, 1.8034426148e-06, 2.29778561334e-06, 1.06178288206e-06, 9.80547270046e-07, 1.17166939617e-06, 5.53360166577e-07, 6.58468593429e-07, 7.89990508565e-07, 9.36915000693e-07, 7.40391328691e-07, 8.59542012677e-07, 8.73429428339e-07, 7.88241038663e-07, 9.23275990772e-07, 7.35422815978e-07],
        "dvar": [1.45770536619e-06, 1.96196288016e-06, 1.10695646072e-06, 5.38275298823e-06, 1.41371253903e-06, 1.54383855033e-07, 3.71094785123e-07, 6.80895539062e-07, 2.33193020449e-07, 1.01751979287e-07, 8.61587565737e-08, 1.33576023131e-07, 1.08127245824e-07, 3.87562977266e-08, 7.17638570791e-09, 1.00677832737e-09, 9.97037896688e-10, 3.80523113019e-10, 2.19773491072e-10, 8.61639232186e-11, 4.81952602827e-11, 4.68590478919e-11, 1.88765149345e-11, 1.19868811058e-11, 1.10035591749e-11, 1.03693269249e-11, 3.3785450132e-11, 3.39541177292e-12, 3.69191699781e-12, 5.91605237021e-12, 1.03265627386e-12, 1.50785308718e-12, 2.27697981997e-12, 3.48766631894e-12, 1.9603327208e-12, 3.52385178329e-12, 4.23052218257e-12, 3.51004078233e-12, 4.07956871409e-12, 2.68831376431e-12],
        "dvar2": [3.72149270333e-06, 5.40045311936e-06, 2.57027659245e-06, 1.2465193322e-05, 3.72859790332e-06, 4.01297654662e-07, 7.18171634162e-07, 1.47246578308e-06, 5.20785476965e-07, 2.17573358441e-07, 1.96847040002e-07, 2.52635373954e-07, 2.05680777299e-07, 8.41972962462e-08, 1.32198216818e-08, 2.09186956646e-09, 2.35569408424e-09, 9.5158148028e-10, 5.14939535456e-10, 2.08818004555e-10, 1.22698379235e-10, 1.20966056616e-10, 4.26176975654e-11, 2.85404477829e-11, 2.56337919641e-11, 2.27619329635e-11, 8.30338992008e-11, 7.76445921447e-12, 8.75108492615e-12, 1.30954301222e-11, 2.32333857014e-12, 3.23009544459e-12, 4.77361553064e-12, 7.55195905811e-12, 4.31435095982e-12, 8.08722359913e-12, 1.02682862213e-11, 8.74685133351e-12, 9.53533606241e-12, 6.12742148687e-12],
        "max": [0.0333092287183, 0.0302033368498, 0.0202314928174, 0.0416966676712, 0.0274580493569, 0.0135091571137, 0.0266386698931, 0.0303687490523, 0.0186652466655, 0.0165108405054, 0.012845184654, 0.0146244820207, 0.00970312301069, 0.0056138150394, 0.00625416031107, 0.00302930478938, 0.0012739864178, 0.000835240585729, 0.000573254190385, 0.000336838682415, 0.000342878891388, 0.000398492004024, 0.000207310469705, 6.00170060352e-05, 7.68464597058e-05, 0.000109910230094, 0.000334385666065, 6.36947297608e-05, 6.62878883304e-05, 7.58949099691e-05, 2.9177430406e-05, 3.30144430336e-05, 3.34451797244e-05, 3.35755466949e-05, 2.7811691325e-05, 5.79599982302e-05, 5.8924768382e-05, 5.42960442544e-05, 4.81091083202e-05, 5.51735356566e-05],
        "mean": [0.000243573173066, 0.000500956492033, 0.000780905364081, 0.00151365192141, 0.000774985470343, 0.000227417927817, 0.000281562970486, 0.000462108204374, 0.00029747170629, 0.000115682523756, 7.27777005523e-05, 0.000123631514725, 0.000180086470209, 8.16101091914e-05, 3.11327603413e-05, 1.36210865094e-05, 1.42634225995e-05, 8.344402886e-06, 6.86555040375e-06, 5.3153976296e-06, 4.06315484724e-06, 3.82787220587e-06, 2.82543237518e-06, 2.69151314569e-06, 2.21909886022e-06, 2.02575938602e-06, 2.24228119805e-06, 1.07407254291e-06, 1.07382163606e-06, 1.20724189401e-06, 5.92424555634e-07, 6.60315208734e-07, 7.86539601449e-07, 8.68829715728e-07, 6.96076369877e-07, 7.40860969017e-07, 6.92532523772e-07, 5.91058153532e-07, 6.84913231908e-07, 5.36450954769e-07],
        "median": [1.4195435142e-05, 0.000157712129294, 0.000261436653091, 0.000370173802366, 0.000242823269218, 9.60642864811e-05, 7.91715865489e-05, 0.000105784420157, 4.85628115712e-05, 2.32231104746e-05, 1.57770627993e-05, 1.2844653611e-05, 1.99223231903e-05, 9.85376664175e-06, 4.95840458825e-06, 3.51663766196e-06, 3.6779608763e-06, 2.79927598967e-06, 2.30752289099e-06, 1.96428459276e-06, 1.3973718751e-06, 1.44342766362e-06, 1.11024064609e-06, 8.94267600415e-07, 6.78036656154e-07, 5.68652581023e-07, 4.46069378768e-07, 2.79185456975e-07, 2.39693605408e-07, 2.26716068141e-07, 1.32126544372e-07, 1.31020343019e-07, 1.33550344117e-07, 1.38790568371e-07, 1.26474560602e-07, 1.2215132017e-07, 1.09692635419e-07, 9.77511689371e-08, 9.77935670221e-08, 7.77016566644e-08],
        "min": [1.6817075617e-23, 1.21343878173e-23, 1.09575659078e-23, 1.0331947934e-23, 1.20165627636e-23, 1.65576303093e-23, 6.94208640647e-24, 1.75443154415e-23, 2.47853107113e-23, 7.32385090839e-24, 1.03166116891e-23, 7.59907580075e-24, 9.63578922915e-24, 1.13269807922e-23, 1.11728286938e-23, 8.83511986504e-24, 6.83358647757e-24, 8.26926362683e-24, 5.92434855365e-24, 8.9415845328e-24, 5.76806771415e-24, 1.83527495635e-23, 1.88317885036e-23, 9.82722999363e-24, 8.71067311293e-24, 1.07647675137e-23, 1.1500078174e-23, 1.45541066258e-23, 1.85338862268e-23, 1.47986298406e-23, 1.04587652131e-23, 1.20650532546e-23, 1.48386582207e-23, 1.17295672777e-23, 9.93378853584e-24, 1.10610329041e-23, 1.05925039578e-23, 1.1309111515e-23, 9.78528152613e-24, 9.96837850881e-24],
        "var": [1.6592865677e-06, 1.96146697817e-06, 1.956904498e-06, 9.37970435189e-06, 2.1565977022e-06, 1.94035536083e-07, 7.2876679269e-07, 1.32164609568e-06, 1.00509282674e-06, 3.53775419626e-07, 1.01834977784e-07, 2.73072430446e-07, 3.86701344723e-07, 1.02805365998e-07, 2.50978899885e-08, 4.87381690562e-09, 1.4651354574e-09, 4.36420483085e-10, 2.70752142928e-10, 1.23850277256e-10, 7.08173172881e-11, 5.77460752826e-11, 3.00981219115e-11, 2.20202866358e-11, 1.72326389269e-11, 1.93969978968e-11, 5.68549790581e-11, 5.32019307081e-12, 5.62985855851e-12, 9.69459668793e-12, 1.70459197972e-12, 2.39028892166e-12, 3.58668520231e-12, 4.97291444135e-12, 2.79186569696e-12, 4.51078757679e-12, 4.86014267026e-12, 3.73104151741e-12, 4.66683506076e-12, 3.38107796968e-12]
    },
    "mfcc": {
        "mean": [-743.039916992, 140.828079224, 22.6430683136, 5.35528469086, -2.07237315178, -7.02067518234, -7.42168664932, -5.12672567368, -9.86221790314, -6.06210613251, -6.6386346817, -4.38653087616, -2.87609219551],
        "cov": [[18524.8203125, -355.298156738, -947.853210449, 310.587493896, 209.80178833, 164.458312988, 348.734313965, 513.481750488, 29.5645313263, -157.528594971, -555.921813965, -495.752227783, -277.136322021], [-355.298156738, 1499.01171875, 16.1733894348, -116.244277954, -7.61219930649, -12.7091407776, -10.8566408157, -21.9312267303, -19.0086040497, 5.25562477112, 64.4474334717, 65.5167312622, 39.5375061035], [-947.853210449, 16.1733894348, 506.484436035, -11.1014242172, 18.2599182129, -3.88603830338, -2.38921737671, -35.4233207703, 5.7117433548, 17.7815647125, 64.4855728149, 49.464717865, 16.7474365234], [310.587493896, -116.244277954, -11.1014242172, 293.15045166, 38.0447425842, 76.6540145874, -21.951259613, 12.0979318619, -3.04871034622, -18.2451705933, -42.2424125671, -39.9399528503, -40.8803405762], [209.80178833, -7.61219930649, 18.2599182129, 38.0447425842, 135.798812866, 49.0421333313, 35.4742889404, 26.7099494934, 16.8745002747, -2.12852454185, -10.4884901047, -6.34743022919, -3.98621797562], [164.458312988, -12.7091407776, -3.88603830338, 76.6540145874, 49.0421333313, 174.919387817, 41.3427238464, 14.4090652466, 4.01802206039, 0.359005361795, -3.95546460152, -12.234085083, -22.5417118073], [348.734313965, -10.8566408157, -2.38921737671, -21.951259613, 35.4742889404, 41.3427238464, 126.636077881, 52.0412216187, 16.6353683472, 8.51740264893, -8.36226081848, 4.33652734756, 13.907544136], [513.481750488, -21.9312267303, -35.4233207703, 12.0979318619, 26.7099494934, 14.4090652466, 52.0412216187, 115.848999023, 41.289855957, 5.2840681076, -7.02329492569, -0.748768985271, -1.17478072643], [29.5645313263, -19.0086040497, 5.7117433548, -3.04871034622, 16.8745002747, 4.01802206039, 16.6353683472, 41.289855957, 94.4670028687, 48.5317230225, 24.7329502106, 18.0742378235, 6.00163555145], [-157.528594971, 5.25562477112, 17.7815647125, -18.2451705933, -2.12852454185, 0.359005361795, 8.51740264893, 5.2840681076, 48.5317230225, 111.231330872, 65.9910202026, 33.6910324097, 18.2559528351], [-555.921813965, 64.4474334717, 64.4855728149, -42.2424125671, -10.4884901047, -3.95546460152, -8.36226081848, -7.02329492569, 24.7329502106, 65.9910202026, 135.045455933, 83.1539077759, 28.0870609283], [-495.752227783, 65.5167312622, 49.464717865, -39.9399528503, -6.34743022919, -12.234085083, 4.33652734756, -0.748768985271, 18.0742378235, 33.6910324097, 83.1539077759, 123.590232849, 58.0918884277], [-277.136322021, 39.5375061035, 16.7474365234, -40.8803405762, -3.98621797562, -22.5417118073, 13.907544136, -1.17478072643, 6.00163555145, 18.2559528351, 28.0870609283, 58.0918884277, 93.9326171875]],
