{
"lowlevel": {
    "average_loudness": 0.281755685806,
    "barkbands_crest": {
        "dmean": 2.64506959915,
        "dmean2": 4.43637037277,
        "dvar": 7.70573329926,
        "dvar2": 21.37840271,
        "max": 25.99127388,
        "mean": 14.3620758057,
        "median": 15.0672168732,
        "min": 2.35350632668,
        "var": 28.3632831573
    },
    "barkbands_flatness_db": {
        "dmean": 0.0469749383628,
        "dmean2": 0.0757825672626,
        "dvar": 0.00294812233187,
        "dvar2": 0.00710709718987,
        "max": 0.586948633194,
        "mean": 0.211618855596,
        "median": 0.201715543866,
        "min": 0.0243325363845,
        "var": 0.00809206068516
    },
    "barkbands_kurtosis": {
        "dmean": 9.71451473236,
        "dmean2": 16.4160747528,
        "dvar": 611.647094727,
        "dvar2": 1641.8684082,
        "max": 528.305175781,
        "mean": 11.6907939911,
        "median": 3.61024570465,
        "min": -1.93094229698,
        "var": 775.920349121
    },
    "barkbands_skewness": {
        "dmean": 1.02006936073,
        "dmean2": 1.70187973976,
        "dvar": 1.92110741138,
        "dvar2": 5.23891401291,
        "max": 20.229265213,
        "mean": 1.67272770405,
        "median": 1.28464794159,
        "min": -5.5259976387,
        "var": 6.09130907059
    },
    "barkbands_spread": {
        "dmean": 12.9270553589,
        "dmean2": 22.883014679,
        "dvar": 412.462860107,
        "dvar2": 1117.01220703,
        "max": 117.108703613,
        "mean": 19.4660739899,
        "median": 11.6172809601,
        "min": 0.170825883746,
        "var": 398.73348999
    },
    "dissonance": {
        "dmean": 0.0211573317647,
        "dmean2": 0.0356661863625,
        "dvar": 0.000762202369515,
        "dvar2": 0.00206862483174,
        "max": 0.500000178814,
        "mean": 0.459286659956,
        "median": 0.477829992771,
        "min": 0.180646568537,
        "var": 0.00243348977529
    },
    "dynamic_complexity": 4.99748516083,
    "erbbands_crest": {
        "dmean": 3.07635092735,
        "dmean2": 4.97990083694,
        "dvar": 9.25232696533,
        "dvar2": 22.1690883636,
        "max": 33.3360519409,
        "mean": 12.0303487778,
        "median": 10.943353653,
        "min": 2.2179646492,
        "var": 37.7188415527
    },
    "erbbands_flatness_db": {
        "dmean": 0.0369160547853,
        "dmean2": 0.0587930865586,
        "dvar": 0.00217618746683,
        "dvar2": 0.00467992993072,
        "max": 0.588595688343,
        "mean": 0.214574351907,
        "median": 0.201569914818,
        "min": 0.0314490869641,
        "var": 0.0120958508924
    },
    "erbbands_kurtosis": {
        "dmean": 2.0623049736,
        "dmean2": 3.36625027657,
        "dvar": 11.0005817413,
        "dvar2": 28.0142707825,
        "max": 94.7621383667,
        "mean": 2.64209723473,
        "median": 1.06422305107,
        "min": -1.91103613377,
        "var": 26.8096618652
    },
    "erbbands_skewness": {
        "dmean": 0.57869797945,
        "dmean2": 0.924952507019,
        "dvar": 0.441660672426,
        "dvar2": 1.07595765591,
        "max": 6.8306851387,
        "mean": -0.125672712922,
        "median": -0.1966124475,
        "min": -4.53858041763,
        "var": 1.52098476887
    },
    "erbbands_spread": {
        "dmean": 12.4246549606,
        "dmean2": 20.5914840698,
        "dvar": 379.653533936,
        "dvar2": 990.914001465,
        "max": 193.626327515,
        "mean": 31.7507629395,
        "median": 22.5505962372,
        "min": 0.459141224623,
        "var": 791.186584473
    },
    "hfc": {
        "dmean": 35.9859924316,
        "dmean2": 65.2345504761,
        "dvar": 7283.7890625,
        "dvar2": 19780.2578125,
        "max": 725.607299805,
        "mean": 37.210319519,
        "median": 14.0105171204,
        "min": 1.08699427101e-16,
        "var": 5554.41943359
    },
    "melbands_crest": {
        "dmean": 2.66087269783,
        "dmean2": 4.25578403473,
        "dvar": 9.66136932373,
        "dvar2": 23.6049537659,
        "max": 37.7610549927,
        "mean": 19.5216369629,
        "median": 19.6278762817,
        "min": 1.65269052982,
        "var": 71.6659469604
    },
    "melbands_flatness_db": {
        "dmean": 0.0534765087068,
        "dmean2": 0.087382465601,
        "dvar": 0.00400913506746,
        "dvar2": 0.0100445495918,
        "max": 0.75499945879,
        "mean": 0.280931502581,
        "median": 0.278917700052,
        "min": 0.00272231758572,
        "var": 0.0137371430174
    },
    "melbands_kurtosis": {
        "dmean": 21.6892776489,
        "dmean2": 37.076084137,
        "dvar": 3916.38500977,
        "dvar2": 11116.6953125,
        "max": 3005.47216797,
        "mean": 32.4322738647,
        "median": 8.9414691925,
        "min": -1.84486019611,
        "var": 4692.95166016
    },
    "melbands_skewness": {
        "dmean": 1.21414411068,
        "dmean2": 2.01612305641,
        "dvar": 3.21451425552,
        "dvar2": 9.07734107971,
        "max": 40.3679428101,
        "mean": 3.2066283226,
        "median": 2.53688812256,
        "min": -3.9105553627,
        "var": 13.4865159988
    },
    "melbands_spread": {
        "dmean": 9.899518013,
        "dmean2": 17.2363948822,
        "dvar": 324.064758301,
        "dvar2": 870.308410645,
        "max": 201.941635132,
        "mean": 20.6746444702,
        "median": 13.2916622162,
        "min": 0.170910537243,
        "var": 575.693115234
    },
    "pitch_salience": {
        "dmean": 0.0766094699502,
        "dmean2": 0.130076855421,
        "dvar": 0.00735253933817,
        "dvar2": 0.0205519292504,
        "max": 0.976978600025,
        "mean": 0.430022954941,
        "median": 0.40681886673,
        "min": 0.0677269473672,
        "var": 0.0251941885799
    },
    "silence_rate_20dB": {
        "dmean": 0.0031762837898,
        "dmean2": 0.00635304814205,
        "dvar": 0.00316632096656,
        "dvar2": 0.00858125369996,
        "max": 1,
        "mean": 0.997882664204,
        "median": 1,
        "min": 0,
        "var": 0.00211281795055
    },
    "silence_rate_30dB": {
        "dmean": 0.0544505789876,
        "dmean2": 0.108909390867,
        "dvar": 0.0514897145331,
        "dvar2": 0.11716235429,
        "max": 1,
        "mean": 0.787431955338,
        "median": 1,
        "min": 0,
        "var": 0.167376548052
    },
    "silence_rate_60dB": {
        "dmean": 0.0366028882563,
        "dmean2": 0.073211312294,
        "dvar": 0.0352657288313,
        "dvar2": 0.0767856910825,
        "max": 1,
        "mean": 0.163112521172,
        "median": 0,
        "min": 0,
        "var": 0.136515378952
    },
    "spectral_centroid": {
        "dmean": 396.790893555,
        "dmean2": 667.855041504,
        "dvar": 362423.65625,
        "dvar2": 922055.25,
        "max": 11996.5087891,
        "mean": 1714.734375,
        "median": 1691.15466309,
        "min": 98.5177078247,
        "var": 1467085.375
    },
    "spectral_complexity": {
        "dmean": 4.22748231888,
        "dmean2": 6.69868421555,
        "dvar": 30.6099395752,
        "dvar2": 59.7113952637,
        "max": 59,
        "mean": 14.6973686218,
        "median": 11,
        "min": 0,
        "var": 126.130348206
    },
    "spectral_decrease": {
        "dmean": 4.37616298754e-09,
        "dmean2": 6.72026789772e-09,
        "dvar": 8.7328904956e-17,
        "dvar2": 2.28141045154e-16,
        "max": 5.74513110696e-11,
        "mean": -1.48881982298e-08,
        "median": -8.03567612451e-09,
        "min": -1.43530357377e-07,
        "var": 3.53729084996e-16
    },
    "spectral_energy": {
        "dmean": 0.0177202634513,
        "dmean2": 0.0275488663465,
        "dvar": 0.00127584952861,
        "dvar2": 0.00318794604391,
        "max": 0.546903550625,
        "mean": 0.0595665387809,
        "median": 0.0320897474885,
        "min": 1.00485916969e-20,
        "var": 0.00550783891231
    },
    "spectral_energyband_high": {
        "dmean": 0.0037290204782,
        "dmean2": 0.00683644227684,
        "dvar": 0.000103148027847,
        "dvar2": 0.000278292398434,
        "max": 0.0903069078922,
        "mean": 0.00262527540326,
        "median": 9.21776809264e-05,
        "min": 7.15905513898e-21,
        "var": 7.12612018106e-05
    },
    "spectral_energyband_low": {
        "dmean": 0.0159606002271,
        "dmean2": 0.0252324473113,
        "dvar": 0.00133737595752,
        "dvar2": 0.00376169825904,
        "max": 0.532641768456,
        "mean": 0.0457497835159,
        "median": 0.0215338952839,
        "min": 1.11721778836e-23,
        "var": 0.00426109135151
    },
    "spectral_energyband_middle_high": {
        "dmean": 0.00176508899312,
        "dmean2": 0.00287381256931,
        "dvar": 9.93606590782e-06,
        "dvar2": 2.61098939518e-05,
        "max": 0.0585505180061,
        "mean": 0.00476628774777,
        "median": 0.00290904007852,
        "min": 1.15379346307e-21,
        "var": 3.00951960526e-05
    },
    "spectral_energyband_middle_low": {
        "dmean": 0.002438362455,
        "dmean2": 0.00403372012079,
        "dvar": 3.37561541528e-05,
        "dvar2": 9.21194587136e-05,
        "max": 0.100736156106,
        "mean": 0.00692940736189,
        "median": 0.00171815836802,
        "min": 1.07154271039e-22,
        "var": 0.00011627812637
    },
    "spectral_entropy": {
        "dmean": 0.411094486713,
        "dmean2": 0.681003689766,
        "dvar": 0.284151941538,
        "dvar2": 0.677122473717,
        "max": 9.81846141815,
        "mean": 7.29144906998,
        "median": 7.42815113068,
        "min": 4.49080848694,
        "var": 0.776351809502
    },
    "spectral_flux": {
        "dmean": 0.0341396145523,
        "dmean2": 0.0551595017314,
        "dvar": 0.0023983779829,
        "dvar2": 0.00449003838003,
        "max": 0.514054775238,
        "mean": 0.0808986648917,
        "median": 0.0544213913381,
        "min": 6.35034524965e-11,
        "var": 0.00609831605107
    },
    "spectral_kurtosis": {
        "dmean": 7.3735871315,
        "dmean2": 12.7185916901,
        "dvar": 131.03125,
        "dvar2": 340.439178467,
        "max": 249.146316528,
        "mean": 13.2885465622,
        "median": 7.03464365005,
        "min": -1.27059841156,
        "var": 283.552429199
    },
    "spectral_rms": {
        "dmean": 0.000982600729913,
        "dmean2": 0.00150517071597,
        "dvar": 2.21700497605e-06,
        "dvar2": 5.30307897861e-06,
        "max": 0.0230990126729,
        "mean": 0.00617399811745,
        "median": 0.00559527194127,
        "min": 3.13105487718e-12,
        "var": 1.99953410629e-05
    },
    "spectral_rolloff": {
        "dmean": 1185.75500488,
        "dmean2": 2245.57714844,
        "dvar": 6380471.5,
        "dvar2": 16893190,
        "max": 19724.4140625,
        "mean": 1882.48681641,
        "median": 818.26171875,
        "min": 43.06640625,
        "var": 8439585
    },
    "spectral_skewness": {
        "dmean": 0.668962001801,
        "dmean2": 1.14526224136,
        "dvar": 0.635664582253,
        "dvar2": 1.65549266338,
        "max": 12.1289796829,
        "mean": 2.16152191162,
        "median": 1.77769589424,
        "min": -0.192960202694,
        "var": 1.69039177895
    },
    "spectral_spread": {
        "dmean": 1610090.25,
        "dmean2": 2709497.5,
        "dvar": 5.49813590426e+12,
        "dvar2": 1.20370967347e+13,
        "max": 43002432,
        "mean": 4554060,
        "median": 3006495.75,
        "min": 374068.125,
        "var": 2.05445985731e+13
    },
    "spectral_strongpeak": {
        "dmean": 0.383173525333,
        "dmean2": 0.622699439526,
        "dvar": 0.599288523197,
        "dvar2": 1.4873663187,
        "max": 12.5886335373,
        "mean": 1.15416193008,
        "median": 0.563125610352,
        "min": 0,
        "var": 2.20745515823
    },
    "zerocrossingrate": {
        "dmean": 0.0146678239107,
        "dmean2": 0.0203153360635,
        "dvar": 0.000423027173383,
        "dvar2": 0.000645060034003,
        "max": 0.54833984375,
        "mean": 0.0597058981657,
        "median": 0.046875,
        "min": 0.00146484375,
        "var": 0.00341583346017
    },
    "barkbands": {
        "dmean": [0.00189146073535, 0.0139483045787, 0.00269140512682, 0.000620157807134, 0.000702399469446, 0.000480396905914, 0.00083325401647, 0.000166802798049, 0.000465888500912, 0.000210472469917, 0.000184132702998, 0.000206516939215, 0.000172837128048, 0.000576438382268, 0.000318122591125, 0.000276995211607, 0.000315791985486, 0.000163690681802, 0.000150137071614, 0.000111544104584, 0.000117457981105, 0.000541777000763, 0.00113635568414, 0.000740420189686, 0.000612181378528, 0.000402302772272, 0.000172163461684],
        "dmean2": [0.00314797856845, 0.0223461147398, 0.00466291978955, 0.000984373851679, 0.00121887889691, 0.000801092246547, 0.00135797937401, 0.000288692128379, 0.000712281500455, 0.000346921558958, 0.000312060990836, 0.000358271441655, 0.000307798589347, 0.000925345870201, 0.000511130550876, 0.000448422098998, 0.000501146132592, 0.00024360777752, 0.00024674605811, 0.000186837511137, 0.000207037024666, 0.00100946333259, 0.00202488293871, 0.00135507062078, 0.00115132692736, 0.00075049867155, 0.000329595524818],
        "dvar": [2.36326668528e-05, 0.00104267476127, 7.63587231631e-05, 2.70365671895e-06, 5.60467242394e-06, 2.51506480708e-06, 6.47023489364e-06, 2.95403339123e-07, 1.97217514142e-06, 2.48187177476e-07, 2.28611384046e-07, 2.83815751345e-07, 2.21047457671e-07, 2.06461822927e-06, 2.84041249188e-07, 2.12714084569e-07, 3.09007276655e-07, 8.71241709888e-08, 7.12639618428e-08, 4.67680898453e-08, 6.73315696531e-08, 2.48306332651e-06, 1.76996727532e-05, 4.63433252662e-06, 2.09839663512e-06, 9.16392764339e-07, 1.35479211849e-07],
        "dvar2": [6.33096060483e-05, 0.0031018499285, 0.000210871367017, 6.76292665958e-06, 1.57848189701e-05, 6.29290980214e-06, 1.79927101271e-05, 7.67636834098e-07, 4.20998321715e-06, 6.46415969641e-07, 6.28918201073e-07, 8.08439608591e-07, 6.34311675185e-07, 5.4396368796e-06, 7.170579579e-07, 5.28443933945e-07, 7.48592015043e-07, 1.74405485609e-07, 1.59332088856e-07, 1.1042096304e-07, 1.74507789552e-07, 6.92533967594e-06, 4.6038407163e-05, 1.2520985365e-05, 5.87399426877e-06, 2.50607899943e-06, 3.85344463893e-07],
        "max": [0.0911339297891, 0.450541675091, 0.106588497758, 0.0378027707338, 0.0428959913552, 0.072039924562, 0.0887692198157, 0.0179834403098, 0.0604928098619, 0.01597500965, 0.00930540449917, 0.00987667869776, 0.00858020968735, 0.0412143580616, 0.0149570796639, 0.0153720248491, 0.0127937765792, 0.00876158196479, 0.00334577378817, 0.00532878050581, 0.00345080182888, 0.0134124914184, 0.0476683825254, 0.0211293771863, 0.0108977723867, 0.0071560787037, 0.00272586592473],
        "mean": [0.00425364729017, 0.0366128124297, 0.00441695051268, 0.00137654063292, 0.00109598226845, 0.000842707697302, 0.00204815971665, 0.00029081501998, 0.00123536994215, 0.000332774274284, 0.000259375898167, 0.000328943395289, 0.000241317145992, 0.00112237990834, 0.000668840541039, 0.00056517648045, 0.000590478244703, 0.000298832979752, 0.000259521155385, 0.000175231107278, 0.000116456052638, 0.000360317004379, 0.000793768558651, 0.000495700689498, 0.000396674236981, 0.000283762899926, 0.000103930629848],
        "median": [0.000256537634414, 0.0163047350943, 0.00105338566937, 0.000210421960219, 0.000196604858502, 0.000112050067401, 9.23444749787e-05, 2.22816997848e-05, 0.000127976716612, 0.000116419178084, 8.4059247456e-05, 0.000113223941298, 0.000110551001853, 0.000314566714223, 0.000251031917287, 0.000205100513995, 0.000232052669162, 4.67932222818e-05, 8.12920261524e-05, 4.88716323161e-05, 1.09028514998e-05, 7.20486832506e-06, 9.20540333027e-06, 8.81595406099e-06, 3.69861436411e-06, 1.04457922134e-06, 4.84218105612e-08],
        "min": [5.57855315079e-25, 3.06399137057e-24, 3.06703770487e-25, 8.89538094958e-25, 9.84630465031e-24, 5.34348699774e-24, 8.35664417158e-24, 3.07641277439e-24, 6.49480818967e-24, 1.45432377003e-23, 1.25023472534e-23, 2.57685311663e-23, 2.3449098667e-23, 2.79031682655e-23, 3.27911681598e-23, 2.56079774617e-23, 7.75362485391e-23, 6.95256689691e-23, 1.02942460625e-22, 1.64650038396e-22, 2.56714245977e-22, 3.11704161958e-22, 3.5221841722e-22, 6.11948358531e-22, 8.44900018828e-22, 1.23662017256e-21, 1.89635376149e-21],
        "var": [6.19273996563e-05, 0.00285630906001, 8.50230208016e-05, 8.65874062583e-06, 6.70952567816e-06, 6.17168825556e-06, 3.3253661968e-05, 1.04899913822e-06, 9.13906205824e-06, 5.09888309352e-07, 2.65597634552e-07, 3.40057880521e-07, 1.98027834131e-07, 5.49276683159e-06, 1.00235104128e-06, 7.24194649138e-07, 8.39929498397e-07, 3.42949164178e-07, 1.60636034252e-07, 1.2149723716e-07, 6.53372183024e-08, 1.56070314006e-06, 1.30349953906e-05, 3.13953319164e-06, 1.32034153921e-06, 6.47271463095e-07, 8.51493950904e-08]
    },
    "erbbands": {
        "dmean": [0.621335148811, 2.39821171761, 3.12759065628, 2.43010640144, 2.12041139603, 2.42854428291, 2.54578113556, 4.44964790344, 12.0679111481, 7.96997022629, 4.28470754623, 12.6737146378, 5.5254573822, 5.63113880157, 7.38380622864, 8.34724712372, 8.30047798157, 12.6589183807, 25.7421913147, 25.3462333679, 10.9164953232, 18.5802078247, 10.4372301102, 7.62097644806, 6.59318065643, 5.66355895996, 3.80812835693, 7.69608879089, 13.6714925766, 23.5514736176, 38.1166801453, 18.8278141022, 10.7283143997, 6.1372628212, 5.15219593048, 2.21372938156, 0.644767582417, 0.154507756233, 0.0390347503126, 0.00129439507145],
        "dmean2": [0.993127703667, 3.81428027153, 5.20076274872, 3.9256093502, 3.54649305344, 4.26529788971, 4.23926734924, 7.42365074158, 20.0726718903, 12.8303232193, 7.12940597534, 19.1319885254, 9.12314510345, 9.62526607513, 12.6683263779, 14.5535764694, 14.5445194244, 20.9344100952, 41.1824989319, 38.3433914185, 18.2031478882, 29.5647010803, 16.2386264801, 11.5041837692, 10.8795604706, 9.40956401825, 6.48650074005, 13.9787187576, 25.1162414551, 43.4762649536, 67.5754547119, 34.2493553162, 19.8038368225, 11.4130163193, 9.75552558899, 4.20897531509, 1.16898775101, 0.281377643347, 0.0748235881329, 0.00246883928776],
        "dvar": [2.15941143036, 31.7076244354, 87.4257354736, 41.6452713013, 39.7159881592, 74.357749939, 101.452003479, 203.552246094, 1462.05310059, 1094.98632812, 115.459739685, 1577.71313477, 167.075790405, 234.522369385, 387.499542236, 476.965087891, 470.871582031, 712.598571777, 3567.11669922, 2305.57910156, 366.664245605, 1194.65319824, 318.715789795, 167.341217041, 147.887634277, 135.326248169, 64.8527984619, 364.151885986, 1541.82055664, 5414.91210938, 20453.2734375, 3246.15136719, 908.931091309, 240.998825073, 138.56388855, 31.6716117859, 2.00480222702, 0.104988574982, 0.0073768296279, 9.62425201578e-06],
        "dvar2": [6.26090145111, 90.8660202026, 231.179885864, 107.03553009, 107.715011597, 211.713287354, 253.238357544, 527.843200684, 4166.75830078, 2765.47167969, 288.842529297, 3355.53320312, 440.446899414, 665.740966797, 1080.59741211, 1352.12207031, 1345.08117676, 1904.0526123, 9287.50292969, 5421.02734375, 903.472717285, 2925.44604492, 691.944274902, 338.977355957, 331.071502686, 304.836364746, 162.205459595, 976.554931641, 4226.77880859, 14849.609375, 52658.6210938, 8733.62988281, 2475.49267578, 667.648864746, 389.245605469, 90.9839096069, 5.25100326538, 0.279318153858, 0.0207767151296, 2.80140120594e-05],
        "max": [21.3466148376, 72.7459945679, 109.131614685, 97.7001342773, 111.064796448, 130.756072998, 583.200134277, 580.290466309, 1283.27514648, 1471.75598145, 266.090454102, 1703.89233398, 382.726959229, 281.283081055, 405.599731445, 449.379364014, 420.913238525, 657.56842041, 1641.77050781, 1943.26916504, 235.211990356, 863.786315918, 451.339935303, 218.532775879, 150.785766602, 361.364501953, 89.0728759766, 193.42779541, 418.387268066, 699.741455078, 1646.68237305, 543.867126465, 304.645812988, 110.730010986, 88.6515808105, 43.6470336914, 11.3130397797, 2.37958908081, 0.676323652267, 0.0429781265557],
        "mean": [1.59878730774, 5.96094560623, 6.04145860672, 5.35897254944, 3.84551525116, 3.4611093998, 4.43577861786, 8.10179138184, 26.689994812, 21.3248939514, 9.5239238739, 34.396812439, 9.77257537842, 8.78302669525, 10.2522745132, 13.4165649414, 13.2900009155, 22.2748889923, 54.7343597412, 59.577709198, 19.63879776, 34.5119628906, 20.6706695557, 13.0710363388, 11.6727237701, 9.08035373688, 4.5766453743, 6.35887289047, 9.64048957825, 15.6205263138, 26.7817268372, 12.6482229233, 7.08640575409, 4.03852939606, 3.29047203064, 1.42086935043, 0.465956866741, 0.105947628617, 0.0235753599554, 0.000845626287628],
        "median": [0.433898687363, 1.87087190151, 1.75849723816, 1.23905193806, 0.735129415989, 0.616824030876, 0.655625402927, 1.23098945618, 1.67089676857, 0.906310021877, 1.2490041256, 3.23680067062, 4.78678274155, 3.79433059692, 3.67901039124, 5.04899406433, 6.07562923431, 7.82019758224, 19.5094890594, 18.6668167114, 9.4947013855, 13.1669197083, 6.15719604492, 4.18624210358, 3.23999023438, 2.4625377655, 0.777345061302, 0.340078741312, 0.25007545948, 0.295529931784, 0.258678793907, 0.231254294515, 0.117699444294, 0.0499887280166, 0.0205709002912, 0.00520314835012, 0.0019113603048, 0.00038160791155, 3.75616727979e-05, 4.70537306683e-05],
        "min": [9.36987715532e-23, 6.10268097424e-22, 1.45177104138e-21, 2.91146956688e-21, 1.26921357266e-20, 2.26307713709e-20, 5.94305811794e-20, 2.94821290545e-20, 1.06245940697e-19, 1.87520332676e-19, 2.1509251139e-19, 2.23312321459e-19, 5.70996314497e-19, 7.98674210886e-19, 8.30711588094e-19, 1.20621193322e-18, 1.62497005038e-18, 1.68047025056e-18, 2.14268502498e-18, 2.29386406925e-18, 2.72379925763e-18, 4.88644745952e-18, 3.64348161693e-18, 6.76876973527e-18, 6.27906640493e-18, 7.53680073018e-18, 9.00686115172e-18, 1.04276712396e-17, 1.09574307911e-17, 1.01946097933e-17, 1.08471155031e-17, 1.0512739321e-17, 9.73095851634e-18, 8.2848846782e-18, 7.0955883817e-18, 4.09158396632e-18, 2.00858953511e-18, 9.47374608448e-19, 2.41764032588e-19, 2.73886027788e-20],
        "var": [6.09906387329, 88.189125061, 124.722434998, 111.81413269, 70.5496139526, 73.4127883911, 248.668060303, 450.794799805, 6264.47314453, 6387.40283203, 367.715393066, 7524.22070312, 299.327880859, 272.430603027, 402.365081787, 543.803833008, 499.741912842, 1490.28076172, 10419.6767578, 10374.0654297, 672.969726562, 3098.71264648, 1214.99511719, 426.107299805, 340.685394287, 427.221862793, 79.4388122559, 277.470703125, 1029.99145508, 3544.90917969, 15367.9960938, 2224.80224609, 603.251708984, 154.717941284, 86.8518676758, 19.3243904114, 1.603551507, 0.0776142254472, 0.00461626378819, 6.03801117904e-06]
    },
    "gfcc": {
        "mean": [-72.7781295776, 89.5176086426, -123.685020447, 20.8880176544, -20.1329212189, 18.4274997711, -28.5114517212, 18.0868778229, -7.08640146255, 1.77049052715, -7.88304424286, -3.24661827087, -4.44022655487],
        "cov": [[30473.8261719, -3251.79663086, 4512.71337891, 3134.70532227, -1096.37084961, 1866.78393555, -560.475402832, 271.992797852, -63.8680038452, 902.457092285, -404.097869873, 856.49395752, -827.252746582], [-3251.79663086, 5663.43847656, -421.699188232, -717.932617188, 703.310546875, -1051.73950195, 162.740753174, 8.90011501312, 431.527526855, -247.506896973, 321.775604248, -544.290039062, 254.595565796], [4512.71337891, -421.699188232, 4555.453125, 852.119995117, -561.911865234, 443.333221436, -39.8199768066, 257.061767578, 250.669342041, 345.939849854, -140.571517944, 299.625946045, -402.432617188], [3134.70532227, -717.932617188, 852.119995117, 1086.88842773, 112.568260193, 456.482452393, 21.8701820374, -17.9206085205, -114.503242493, 83.7348403931, 21.4913291931, 196.053329468, -85.1298751831], [-1096.37084961, 703.310546875, -561.911865234, 112.568260193, 905.612182617, -34.8250999451, 242.078598022, -89.4434204102, -92.1462860107, -113.113800049, 162.811935425, -39.8029937744, 171.590316772], [1866.78393555, -1051.73950195, 443.333221436, 456.482452393, -34.8250999451, 496.784118652, -1.98213541508, -4.00031852722, -94.414352417, 62.2389030457, -69.3435134888, 161.260818481, -42.0520439148], [-560.475402832, 162.740753174, -39.8199768066, 21.8701820374, 242.078598022, -1.98213541508, 233.940536499, -21.657989502, -10.2413358688, -15.4825658798, 40.5873756409, -30.1233997345, 60.6875228882], [271.992797852, 8.90011501312, 257.061767578, -17.9206085205, -89.4434204102, -4.00031852722, -21.657989502, 202.441009521, 63.4093055725, 13.0474119186, 4.65564012527, -1.81047701836, -71.2750778198], [-63.8680038452, 431.527526855, 250.669342041, -114.503242493, -92.1462860107, -94.414352417, -10.2413358688, 63.4093055725, 190.292144775, 33.9621620178, 11.7694511414, -52.4936294556, -26.486907959], [902.457092285, -247.506896973, 345.939849854, 83.7348403931, -113.113800049, 62.2389030457, -15.4825658798, 13.0474119186, 33.9621620178, 152.759140015, -20.608543396, 34.1853713989, -41.3605499268], [-404.097869873, 321.775604248, -140.571517944, 21.4913291931, 162.811935425, -69.3435134888, 40.5873756409, 4.65564012527, 11.7694511414, -20.608543396, 148.879364014, -6.39653921127, 33.9777145386], [856.49395752, -544.290039062, 299.625946045, 196.053329468, -39.8029937744, 161.260818481, -30.1233997345, -1.81047701836, -52.4936294556, 34.1853713989, -6.39653921127, 191.821075439, -31.0884151459], [-827.252746582, 254.595565796, -402.432617188, -85.1298751831, 171.590316772, -42.0520439148, 60.6875228882, -71.2750778198, -26.486907959, -41.3605499268, 33.9777145386, -31.0884151459, 155.513977051]],
        "icov": [[6.77294883644e-05, -4.69734222861e-05, 1.97917925107e-05, -0.000131562512252, 2.02920109587e-05, -0.000143576020491, 8.36581530166e-05, -3.64328880096e-05, 1.76254925464e-05, -0.00027657233295, 0.000125473365188, -0.00010589336307, 0.000186687786481], [-4.69734222861e-05, 0.000574144301936, -0.000173952372279, -5.36974366696e-05, -0.00036751240259, 0.000926376902498, 0.000245610804996, 0.000101767313026, -0.000836837571114, 0.000736419577152, -0.000384687911719, 0.000854613317642, -0.000754339969717], [1.97917925107e-05, -0.000173952372279, 0.000495768734254, -0.000278879218968, 0.000183238153113, -0.000246580224484, -0.000379982520826, -0.000192498366232, -0.000419500342105, -0.000608194386587, 0.000460223673144, -0.000744200136978, 0.000829004391562], [-0.000131562512252, -5.36974366696e-05, -0.000278879218968, 0.00232491292991, -0.000344570522429, -0.00149897753727, -3.84948652936e-05, 0.000524601957295, 0.000892412674148, 0.000157720103743, -0.00136692414526, -4.14838250435e-05, 0.00065369164804], [2.02920109587e-05, -0.00036751240259, 0.000183238153113, -0.000344570522429, 0.00258279382251, -0.000524171395227, -0.00184705387801, 7.37830414437e-05, 0.00107464345638, 0.000449371145805, -0.00137116922997, -0.000326188805047, -0.000704841688275], [-0.000143576020491, 0.000926376902498, -0.000246580224484, -0.00149897753727, -0.000524171395227, 0.00615862058476, -0.000161686810316, -0.000441337935627, -0.000497570086736, 0.000797042914201, 0.00166999245994, -0.00067676306935, -0.0020073982887], [8.36581530166e-05, 0.000245610804996, -0.000379982520826, -3.84948652936e-05, -0.00184705387801, -0.000161686810316, 0.00670718820766, -0.000122382785776, -0.000306094967527, -0.000526655931026, -0.000180531002115, 0.00152383768, -0.00148880598135], [-3.64328880096e-05, 0.000101767313026, -0.000192498366232, 0.000524601957295, 7.37830414437e-05, -0.000441337935627, -0.000122382785776, 0.00675544748083, -0.00172623724211, 0.00102418044116, -0.00136782380287, 0.000388188724173, 0.00272661796771], [1.76254925464e-05, -0.000836837571114, -0.000419500342105, 0.000892412674148, 0.00107464345638, -0.000497570086736, -0.000306094967527, -0.00172623724211, 0.00990348123014, -0.00235997280106, -0.001089456724, 0.00102227344178, 0.000376193667762], [-0.00027657233295, 0.000736419577152, -0.000608194386587, 0.000157720103743, 0.000449371145805, 0.000797042914201, -0.000526655931026, 0.00102418044116, -0.00235997280106, 0.0104734683409, -0.00104962813202, 0.000752998166718, -0.00100628845394], [0.000125473365188, -0.000384687911719, 0.000460223673144, -0.00136692414526, -0.00137116922997, 0.00166999245994, -0.000180531002115, -0.00136782380287, -0.001089456724, -0.00104962813202, 0.0107616912574, -0.00248213345185, -0.000164240263985], [-0.00010589336307, 0.000854613317642, -0.000744200136978, -4.14838250435e-05, -0.000326188805047, -0.00067676306935, 0.00152383768, 0.000388188724173, 0.00102227344178, 0.000752998166718, -0.00248213345185, 0.00992008205503, -0.00125096982811], [0.000186687786481, -0.000754339969717, 0.000829004391562, 0.00065369164804, -0.000704841688275, -0.0020073982887, -0.00148880598135, 0.00272661796771, 0.000376193667762, -0.00100628845394, -0.000164240263985, -0.00125096982811, 0.0128092067316]]
    },
    "melbands": {
        "dmean": [0.00459115160629, 0.00186554121319, 0.000401175551815, 0.00017076729273, 8.72850796441e-05, 0.000102919060737, 0.000176455068868, 7.30806932552e-05, 4.80983580928e-05, 7.03648984199e-05, 2.81400753011e-05, 2.44625698542e-05, 2.76529463008e-05, 1.86424040294e-05, 2.753739318e-05, 1.52691554831e-05, 2.81701632048e-05, 5.48497628188e-05, 2.65680318989e-05, 2.71678582067e-05, 1.28535166368e-05, 2.11227670661e-05, 1.44736131915e-05, 7.34512195777e-06, 6.41966835246e-06, 5.97558891968e-06, 4.01341094403e-06, 3.76511047762e-06, 2.24930363402e-06, 3.04365653392e-06, 5.2298173614e-06, 7.05645788912e-06, 1.23710788102e-05, 1.21672183013e-05, 2.93745142699e-05, 1.13089254228e-05, 1.14993636089e-05, 7.84144867794e-06, 5.94632547291e-06, 4.47980846729e-06],
        "dmean2": [0.00738145271316, 0.00291719357483, 0.000652839255054, 0.000295278528938, 0.000147243685205, 0.000171191015397, 0.000292663578875, 0.000118586976896, 7.74830332375e-05, 0.000106741434138, 4.66400088044e-05, 4.12516528741e-05, 4.66366545879e-05, 3.39356956829e-05, 4.63257274532e-05, 2.70726377494e-05, 4.63749529445e-05, 8.7707208877e-05, 4.20148498961e-05, 4.10984393966e-05, 2.18028180825e-05, 3.36351986334e-05, 2.321807915e-05, 1.07244914034e-05, 9.9289982245e-06, 9.88805913948e-06, 6.64439767206e-06, 6.2949425228e-06, 3.86087094739e-06, 5.32442481926e-06, 9.55151426751e-06, 1.29213276523e-05, 2.31834110309e-05, 2.23563110922e-05, 5.18313499924e-05, 2.05930027732e-05, 2.10441357922e-05, 1.4492590708e-05, 1.1041441212e-05, 8.30767294246e-06],
        "dvar": [0.000114762959129, 2.26606371143e-05, 1.1846777852e-06, 3.20540692655e-07, 9.7500091556e-08, 1.02164811722e-07, 3.06307185838e-07, 9.33840098583e-08, 1.57780402077e-08, 4.64212845941e-08, 4.45505943247e-09, 3.9777616756e-09, 4.91509455358e-09, 3.32436367323e-09, 3.60787688614e-09, 1.9461947609e-09, 3.88145826591e-09, 1.85257427177e-08, 2.06452432927e-09, 2.56850829494e-09, 6.08081696107e-10, 1.6032692951e-09, 5.75558822824e-10, 2.18598250612e-10, 1.20761192712e-10, 1.19881590765e-10, 5.68246803778e-11, 6.09609654423e-11, 2.41372078574e-11, 4.52197064515e-11, 1.86936424673e-10, 4.08989953016e-10, 1.30515087626e-09, 1.53573331829e-09, 1.29749233579e-08, 1.37690925328e-09, 1.14360121373e-09, 5.57199564266e-10, 2.4179699909e-10, 1.23635782168e-10],
        "dvar2": [0.000341848557582, 5.66043127037e-05, 3.06206834466e-06, 8.95373602816e-07, 2.54829132018e-07, 2.65454787041e-07, 8.73596093243e-07, 2.3420409434e-07, 3.654562164e-08, 9.78722312084e-08, 1.15758505004e-08, 1.1069070105e-08, 1.3416972422e-08, 9.40650934922e-09, 1.02344248631e-08, 5.5558864176e-09, 1.04013349045e-08, 4.83400199869e-08, 5.0927679851e-09, 5.99188298978e-09, 1.52836032719e-09, 3.9423708742e-09, 1.42158007588e-09, 4.24894341933e-10, 2.58067761605e-10, 2.78033290835e-10, 1.33638836108e-10, 1.39693298595e-10, 6.13592648913e-11, 1.15753802377e-10, 5.05166630749e-10, 1.12088194282e-09, 3.65552876858e-09, 4.20514290056e-09, 3.31243725782e-08, 3.74476272214e-09, 3.099868362e-09, 1.526477722e-09, 6.64558130747e-10, 3.41530026482e-10],
        "max": [0.148200213909, 0.0607607513666, 0.0153616983443, 0.00953877344728, 0.0151614695787, 0.0118340719491, 0.0200865417719, 0.0136862406507, 0.0046752137132, 0.00922354403883, 0.0019522345392, 0.00148939481005, 0.00140376016498, 0.00134664261714, 0.00132055929862, 0.000801764719654, 0.00168066879269, 0.00382313970476, 0.00144303275738, 0.00207557645626, 0.000327312736772, 0.00100361427758, 0.000434559769928, 0.000642403785605, 0.00015515270934, 0.0001347882353, 0.000129545180243, 0.000238012115005, 8.28036281746e-05, 0.000107806103188, 0.000138026458444, 0.000211298349313, 0.00032799426117, 0.000401297787903, 0.00131103105377, 0.000408923748182, 0.000319704267895, 0.000252057128819, 0.000124040743685, 7.93209255789e-05],
        "mean": [0.0119690131396, 0.00477029476315, 0.000881608750205, 0.000272333651083, 0.00014782200742, 0.0001881148346, 0.000404426362365, 0.00018809971516, 0.000110685636173, 0.000189592698007, 4.38448878413e-05, 3.84073609894e-05, 3.92920628656e-05, 2.04439384106e-05, 5.46091832803e-05, 1.69293471117e-05, 4.98598965351e-05, 0.000110733024485, 5.8504028857e-05, 6.17318801233e-05, 1.67466969287e-05, 3.61913116649e-05, 2.76989649137e-05, 1.31787655846e-05, 1.01262585304e-05, 1.00192310128e-05, 6.96883898854e-06, 5.56340273761e-06, 2.65482822215e-06, 3.0011697163e-06, 4.06714571e-06, 5.07882305101e-06, 7.92355876911e-06, 8.17055843072e-06, 2.07744797081e-05, 7.50908702685e-06, 7.62288982514e-06, 5.16652926308e-06, 3.8823009163e-06, 2.99197949971e-06],
        "median": [0.00474764360115, 0.00157195492648, 0.00021644696244, 4.96643551742e-05, 2.35047791648e-05, 2.68233761744e-05, 2.31180383707e-05, 7.34606464903e-06, 1.35515329021e-05, 1.82213771041e-05, 1.7283255147e-05, 1.56028600031e-05, 1.27453622554e-05, 6.84963379172e-06, 1.88672438526e-05, 6.53117695038e-06, 1.60476338351e-05, 3.23699787259e-05, 2.12629638554e-05, 1.8837479729e-05, 6.05179684499e-06, 1.30184453155e-05, 9.08270885702e-06, 1.72207182914e-06, 3.25091650666e-06, 2.85413261736e-06, 1.61934872267e-06, 1.4351091977e-06, 4.14401881699e-07, 2.32769934883e-07, 1.51658611003e-07, 1.39834810398e-07, 1.27774768544e-07, 1.60267973115e-07, 1.42147030147e-07, 1.42442573292e-07, 1.30296882617e-07, 8.51603800811e-08, 4.9641272426e-08, 3.72042734398e-08],
        "min": [8.86448817046e-25, 8.05680898835e-25, 1.2237668248e-24, 8.13179613384e-25, 1.91723196405e-24, 6.50846238586e-25, 2.18977965971e-24, 1.976034642e-24, 2.01749894611e-24, 9.34307430444e-25, 2.59962504606e-24, 2.46125529341e-24, 2.19545926101e-24, 3.14900592425e-24, 3.14078540197e-24, 3.46305361999e-24, 2.87516410227e-24, 2.19054820745e-24, 2.27980959381e-24, 3.09739193851e-24, 3.55657386916e-24, 3.88849380035e-24, 3.17114096682e-24, 3.86159324905e-24, 3.97295437646e-24, 2.75760252815e-24, 4.75120313035e-24, 4.28712612057e-24, 4.84989160175e-24, 5.00659487627e-24, 5.10981574799e-24, 5.21492357501e-24, 5.5434695481e-24, 5.38001599082e-24, 4.99914960704e-24, 5.53913475743e-24, 6.01192868021e-24, 5.73224159614e-24, 6.60025443801e-24, 6.7603612529e-24],
        "var": [0.000311001378577, 5.97377111262e-05, 2.83306417259e-06, 4.16725242758e-07, 2.10183173976e-07, 2.43307340497e-07, 1.40437884966e-06, 5.42368013612e-07, 5.73965301953e-08, 2.25880697258e-07, 8.49368042566e-09, 5.66189628515e-09, 5.91233551006e-09, 2.86087398216e-09, 7.10511116608e-09, 1.51913381874e-09, 8.55536264055e-09, 5.15996951833e-08, 8.12913203418e-09, 1.1310305581e-08, 7.59652840632e-10, 3.84462550684e-09, 1.77859238448e-09, 9.24934628888e-10, 2.64020805218e-10, 2.58543769727e-10, 1.44389819545e-10, 1.80744808009e-10, 2.84044107679e-11, 4.71112315825e-11, 1.35007907631e-10, 2.76522554854e-10, 8.02570399028e-10, 1.01512176442e-09, 9.89771908877e-09, 9.23199683367e-10, 7.66260110918e-10, 3.64170776868e-10, 1.56665083684e-10, 8.07821309845e-11]
    },
    "mfcc": {
        "mean": [-709.384521484, 124.486618042, -20.053024292, 13.0139045715, 28.294752121, 7.35360527039, 4.64504098892, 12.0960378647, 7.43511819839, 15.289270401, 1.7961666584, 0.997879445553, 4.80967378616],
        "cov": [[15732.71875, -2803.55224609, 2479.63476562, 1502.09179688, 479.760375977, 1240.16381836, 231.32321167, 340.50869751, -43.6129417419, -3.42013430595, 381.078826904, 343.371398926, 43.2854881287], [-2803.55224609, 4904.94335938, -55.2471008301, 83.1519317627, 347.259613037, -692.649902344, -145.483627319, -166.814544678, 122.492591858, 299.629089355, -8.94974803925, 94.2783203125, 177.085876465], [2479.63476562, -55.2471008301, 3250.37231445, 655.849182129, -21.3606281281, 186.378234863, -212.475875854, 101.20917511, 110.084938049, 4.57829713821, 352.728515625, 312.68951416, 10.5583295822], [1502.09179688, 83.1519317627, 655.849182129, 627.313232422, 275.555877686, 211.518005371, 147.670578003, 108.877166748, -26.3412361145, 34.6278419495, 63.1297798157, 73.8507385254, 34.9051895142], [479.760375977, 347.259613037, -21.3606281281, 275.555877686, 426.730682373, 148.6222229, 217.435775757, 105.94694519, -25.8544578552, 51.1095733643, -45.7694969177, 1.75871527195, 48.6152687073], [1240.16381836, -692.649902344, 186.378234863, 211.518005371, 148.6222229, 472.010955811, 190.626327515, 80.6282806396, 9.14316177368, -68.6322479248, -31.667509079, -50.0210494995, 4.33214330673], [231.32321167, -145.483627319, -212.475875854, 147.670578003, 217.435775757, 190.626327515, 323.149658203, 105.483207703, -30.4152946472, 24.3987865448, -68.2275085449, -53.6209793091, 27.1722278595], [340.50869751, -166.814544678, 101.20917511, 108.877166748, 105.94694519, 80.6282806396, 105.483207703, 162.723815918, 7.88346195221, -24.4606208801, 8.12053871155, 29.4116382599, 1.42850506306], [-43.6129417419, 122.492591858, 110.084938049, -26.3412361145, -25.8544578552, 9.14316177368, -30.4152946472, 7.88346195221, 114.46269989, 22.1869106293, 17.1683616638, 4.77235126495, -1.67582762241], [-3.42013430595, 299.629089355, 4.57829713821, 34.6278419495, 51.1095733643, -68.6322479248, 24.3987865448, -24.4606208801, 22.1869106293, 185.546829224, 10.1386394501, -17.4100589752, 10.3309240341], [381.078826904, -8.94974803925, 352.728515625, 63.1297798157, -45.7694969177, -31.667509079, -68.2275085449, 8.12053871155, 17.1683616638, 10.1386394501, 151.818145752, 89.4068069458, -13.140255928], [343.371398926, 94.2783203125, 312.68951416, 73.8507385254, 1.75871527195, -50.0210494995, -53.6209793091, 29.4116382599, 4.77235126495, -17.4100589752, 89.4068069458, 165.714675903, 25.8631153107], [43.2854881287, 177.085876465, 10.5583295822, 34.9051895142, 48.6152687073, 4.33214330673, 27.1722278595, 1.42850506306, -1.67582762241, 10.3309240341, -13.140255928, 25.8631153107, 97.7662506104]],
