{
"lowlevel": {
    "average_loudness": 0.850835978985,
    "barkbands_crest": {
        "dmean": 2.97967028618,
        "dmean2": 4.13510036469,
        "dvar": 8.24012374878,
        "dvar2": 12.9387216568,
        "max": 26.6448345184,
        "mean": 12.2958898544,
        "median": 9.77700233459,
        "min": 2.42344689369,
        "var": 51.440738678
    },
    "barkbands_flatness_db": {
        "dmean": 0.0314644537866,
        "dmean2": 0.0408004522324,
        "dvar": 0.00105844286736,
        "dvar2": 0.0018460348947,
        "max": 0.43000638485,
        "mean": 0.12370890379,
        "median": 0.101156808436,
        "min": 0.0134480893612,
        "var": 0.0059916912578
    },
    "barkbands_kurtosis": {
        "dmean": 7.59525966644,
        "dmean2": 10.7260932922,
        "dvar": 297.945556641,
        "dvar2": 526.309020996,
        "max": 443.563964844,
        "mean": 11.657582283,
        "median": 3.17976284027,
        "min": -1.825720191,
        "var": 726.047973633
    },
    "barkbands_skewness": {
        "dmean": 0.914314687252,
        "dmean2": 1.25955820084,
        "dvar": 1.26288342476,
        "dvar2": 2.04004883766,
        "max": 19.5271320343,
        "mean": 2.55752277374,
        "median": 1.88947153091,
        "min": -1.0858912468,
        "var": 4.90898942947
    },
    "barkbands_spread": {
        "dmean": 8.63983821869,
        "dmean2": 11.2278928757,
        "dvar": 87.061882019,
        "dvar2": 125.663772583,
        "max": 103.94821167,
        "mean": 29.7017269135,
        "median": 26.5702762604,
        "min": 0.380684882402,
        "var": 439.702056885
    },
    "dissonance": {
        "dmean": 0.0155216883868,
        "dmean2": 0.0257091112435,
        "dvar": 0.00022425618954,
        "dvar2": 0.000596191151999,
        "max": 0.5,
        "mean": 0.468273639679,
        "median": 0.473014861345,
        "min": 0.252117931843,
        "var": 0.000477393274195
    },
    "dynamic_complexity": 2.32986068726,
    "erbbands_crest": {
        "dmean": 2.00241327286,
        "dmean2": 3.38865923882,
        "dvar": 3.44336223602,
        "dvar2": 8.99391841888,
        "max": 22.4320831299,
        "mean": 5.95629787445,
        "median": 5.30221986771,
        "min": 2.24359917641,
        "var": 6.42029237747
    },
    "erbbands_flatness_db": {
        "dmean": 0.0149488784373,
        "dmean2": 0.0233682692051,
        "dvar": 0.000270070682745,
        "dvar2": 0.000544702343177,
        "max": 0.353840768337,
        "mean": 0.0998385101557,
        "median": 0.0822614356875,
        "min": 0.0413563810289,
        "var": 0.00276157818735
    },
    "erbbands_kurtosis": {
        "dmean": 0.525430262089,
        "dmean2": 0.855260789394,
        "dvar": 0.364957213402,
        "dvar2": 0.926477134228,
        "max": 7.53339862823,
        "mean": -0.56417542696,
        "median": -0.746252059937,
        "min": -1.8716930151,
        "var": 0.70035725832
    },
    "erbbands_skewness": {
        "dmean": 0.320592910051,
        "dmean2": 0.490931928158,
        "dvar": 0.0795727744699,
        "dvar2": 0.178253725171,
        "max": 2.59513401985,
        "mean": 0.153938382864,
        "median": 0.152955293655,
        "min": -1.90237343311,
        "var": 0.285471856594
    },
    "erbbands_spread": {
        "dmean": 13.1622171402,
        "dmean2": 20.3408679962,
        "dvar": 224.63381958,
        "dvar2": 469.592437744,
        "max": 197.188446045,
        "mean": 66.5826873779,
        "median": 66.3559646606,
        "min": 7.38508987427,
        "var": 827.163635254
    },
    "hfc": {
        "dmean": 17.5507946014,
        "dmean2": 24.8287086487,
        "dvar": 558.218200684,
        "dvar2": 966.95324707,
        "max": 187.733001709,
        "mean": 42.6494865417,
        "median": 32.7542572021,
        "min": 2.41986690526e-05,
        "var": 1364.03198242
    },
    "melbands_crest": {
        "dmean": 4.16311073303,
        "dmean2": 5.94824123383,
        "dvar": 12.6307764053,
        "dvar2": 24.3745136261,
        "max": 33.1530952454,
        "mean": 17.3247127533,
        "median": 15.3827905655,
        "min": 3.06242156029,
        "var": 64.3014755249
    },
    "melbands_flatness_db": {
        "dmean": 0.041304089129,
        "dmean2": 0.0548345185816,
        "dvar": 0.0015405958984,
        "dvar2": 0.00299211265519,
        "max": 0.549047231674,
        "mean": 0.204467520118,
        "median": 0.186755388975,
        "min": 0.0230342783034,
        "var": 0.00829263683408
    },
    "melbands_kurtosis": {
        "dmean": 33.3203048706,
        "dmean2": 48.631652832,
        "dvar": 7261.60644531,
        "dvar2": 14838.1132812,
        "max": 1162.89282227,
        "mean": 55.8215103149,
        "median": 18.1023368835,
        "min": -1.15055632591,
        "var": 12667.7089844
    },
    "melbands_skewness": {
        "dmean": 1.58535313606,
        "dmean2": 2.21662831306,
        "dvar": 4.65077829361,
        "dvar2": 8.16543579102,
        "max": 30.3420886993,
        "mean": 5.11943006516,
        "median": 3.77178311348,
        "min": 0.133217558265,
        "var": 16.698135376
    },
    "melbands_spread": {
        "dmean": 9.03884220123,
        "dmean2": 13.7947149277,
        "dvar": 138.489959717,
        "dvar2": 351.305969238,
        "max": 145.59463501,
        "mean": 20.0261363983,
        "median": 15.951215744,
        "min": 0.417797744274,
        "var": 265.691314697
    },
    "pitch_salience": {
        "dmean": 0.0900522693992,
        "dmean2": 0.114468812943,
        "dvar": 0.00666191475466,
        "dvar2": 0.0100287673995,
        "max": 0.885949850082,
        "mean": 0.486389756203,
        "median": 0.567294478416,
        "min": 0.0269387569278,
        "var": 0.0477675721049
    },
    "silence_rate_20dB": {
        "dmean": 0,
        "dmean2": 0,
        "dvar": 0,
        "dvar2": 0,
        "max": 1,
        "mean": 1,
        "median": 1,
        "min": 1,
        "var": 0
    },
    "silence_rate_30dB": {
        "dmean": 0.118954449892,
        "dmean2": 0.237927526236,
        "dvar": 0.104811608791,
        "dvar2": 0.247867316008,
        "max": 1,
        "mean": 0.835276603699,
        "median": 1,
        "min": 0,
        "var": 0.137578427792
    },
    "silence_rate_60dB": {
        "dmean": 0.0161214582622,
        "dmean2": 0.0321671739221,
        "dvar": 0.0158610772341,
        "dvar2": 0.040370631963,
        "max": 1,
        "mean": 0.0313796065748,
        "median": 0,
        "min": 0,
        "var": 0.0303936619312
    },
    "spectral_centroid": {
        "dmean": 321.98928833,
        "dmean2": 497.752319336,
        "dvar": 103638.976562,
        "dvar2": 215438.53125,
        "max": 3845.6940918,
        "mean": 1438.04956055,
        "median": 1433.65283203,
        "min": 185.690322876,
        "var": 370465.25
    },
    "spectral_complexity": {
        "dmean": 5.90467977524,
        "dmean2": 9.06660366058,
        "dvar": 39.9549713135,
        "dvar2": 86.6427383423,
        "max": 56,
        "mean": 23.0061035156,
        "median": 24,
        "min": 0,
        "var": 135.035095215
    },
    "spectral_decrease": {
        "dmean": 4.1131680284e-09,
        "dmean2": 5.68559777037e-09,
        "dvar": 1.96690331319e-17,
        "dvar2": 3.71660223241e-17,
        "max": -6.07201328063e-15,
        "mean": -1.37863551686e-08,
        "median": -9.9757473393e-09,
        "min": -9.76077672021e-08,
        "var": 1.02103131555e-16
    },
    "spectral_energy": {
        "dmean": 0.0163409207016,
        "dmean2": 0.0224971324205,
        "dvar": 0.000292546785204,
        "dvar2": 0.000572677643504,
        "max": 0.378508120775,
        "mean": 0.0559012927115,
        "median": 0.0424891151488,
        "min": 2.51120528816e-08,
        "var": 0.00154338905122
    },
    "spectral_energyband_high": {
        "dmean": 0.00144873163663,
        "dmean2": 0.00196290691383,
        "dvar": 4.65389757665e-06,
        "dvar2": 8.14451595943e-06,
        "max": 0.0159535128623,
        "mean": 0.00331836519763,
        "median": 0.00213700276799,
        "min": 4.69442318352e-10,
        "var": 1.20030472317e-05
    },
    "spectral_energyband_low": {
        "dmean": 0.0119502805173,
        "dmean2": 0.0152184963226,
        "dvar": 0.000254945480265,
        "dvar2": 0.000374602968805,
        "max": 0.35327231884,
        "mean": 0.035757150501,
        "median": 0.0154256913811,
        "min": 8.9271534609e-11,
        "var": 0.00145838188473
    },
    "spectral_energyband_middle_high": {
        "dmean": 0.00234134565108,
        "dmean2": 0.00382518745027,
        "dvar": 1.17395738926e-05,
        "dvar2": 2.97858859994e-05,
        "max": 0.0306074358523,
        "mean": 0.00449134921655,
        "median": 0.00367802521214,
        "min": 7.2891763736e-09,
        "var": 1.68685801327e-05
    },
    "spectral_energyband_middle_low": {
        "dmean": 0.00759364012629,
        "dmean2": 0.0111567089334,
        "dvar": 9.51772744884e-05,
        "dvar2": 0.000179402617505,
        "max": 0.165425896645,
        "mean": 0.0137195978314,
        "median": 0.0104662133381,
        "min": 7.10615344346e-09,
        "var": 0.000176703804755
    },
    "spectral_entropy": {
        "dmean": 0.159980818629,
        "dmean2": 0.244995564222,
        "dvar": 0.0351816527545,
        "dvar2": 0.0752374008298,
        "max": 8.73821544647,
        "mean": 8.00605773926,
        "median": 8.13825321198,
        "min": 5.47555160522,
        "var": 0.232368350029
    },
    "spectral_flux": {
        "dmean": 0.033547244966,
        "dmean2": 0.0512869134545,
        "dvar": 0.000839852786157,
        "dvar2": 0.00161267945077,
        "max": 0.414283216,
        "mean": 0.119110934436,
        "median": 0.111415095627,
        "min": 0.000313266122248,
        "var": 0.00274529866874
    },
    "spectral_kurtosis": {
        "dmean": 1.46550035477,
        "dmean2": 2.30793380737,
        "dvar": 22.3235149384,
        "dvar2": 52.3926239014,
        "max": 117.074501038,
        "mean": 3.10913300514,
        "median": 1.73663330078,
        "min": -0.484963417053,
        "var": 34.5656585693
    },
    "spectral_rms": {
        "dmean": 0.0011610070942,
        "dmean2": 0.00160385982599,
        "dvar": 1.03916727312e-06,
        "dvar2": 1.93580831365e-06,
        "max": 0.01921656169,
        "mean": 0.00685430131853,
        "median": 0.0064383847639,
        "min": 4.94970345244e-06,
        "var": 7.55652990847e-06
    },
    "spectral_rolloff": {
        "dmean": 989.991760254,
        "dmean2": 1515.02282715,
        "dvar": 1978035.625,
        "dvar2": 3622027.75,
        "max": 12252.3925781,
        "mean": 1779.16992188,
        "median": 839.794921875,
        "min": 64.599609375,
        "var": 4838800
    },
    "spectral_skewness": {
        "dmean": 0.195918723941,
        "dmean2": 0.29246866703,
        "dvar": 0.110858924687,
        "dvar2": 0.250527441502,
        "max": 8.07348823547,
        "mean": 1.32998645306,
        "median": 1.22152543068,
        "min": 0.348710626364,
        "var": 0.330314844847
    },
    "spectral_spread": {
        "dmean": 692644,
        "dmean2": 1025843.5,
        "dvar": 524797149184,
        "dvar2": 934146867200,
        "max": 12779028,
        "mean": 6882754.5,
        "median": 7283967.5,
        "min": 820384.5,
        "var": 4.88037626675e+12
    },
    "spectral_strongpeak": {
        "dmean": 0.300039947033,
        "dmean2": 0.500942111015,
        "dvar": 0.130023673177,
        "dvar2": 0.320729076862,
        "max": 4.43317890167,
        "mean": 0.618248641491,
        "median": 0.63397192955,
        "min": 0,
        "var": 0.1940998137
    },
    "zerocrossingrate": {
        "dmean": 0.0178404543549,
        "dmean2": 0.0181460473686,
        "dvar": 0.000391188194044,
        "dvar2": 0.000335923628882,
        "max": 0.265625,
        "mean": 0.0804714560509,
        "median": 0.06640625,
        "min": 0.00244140625,
        "var": 0.0031411156524
    },
    "barkbands": {
        "dmean": [0.000662807084154, 0.0106286024675, 0.00366248982027, 0.00260486034676, 0.00306468782946, 0.00236448878422, 0.00136539991945, 0.0010726605542, 0.000981649616733, 0.000359510595445, 0.00064232328441, 0.000259680498857, 0.000430106156273, 0.000314423727104, 0.000229757468333, 0.000496249471325, 0.000201360147912, 0.000159247036208, 0.000150017658598, 0.000188098551007, 0.000121473443869, 0.00021207377722, 0.000310286908643, 0.000348736270098, 0.000272874865914, 0.000173274849658, 9.88500833046e-05],
        "dmean2": [0.000878295279108, 0.0129318041727, 0.00537306908518, 0.00439485209063, 0.005231263116, 0.00364066357724, 0.00214093388058, 0.0017858389765, 0.00162072421517, 0.000607029476669, 0.00106715469155, 0.000445616111392, 0.00071901618503, 0.000517477456015, 0.000402452715207, 0.000910886388738, 0.000331144256052, 0.000259654450929, 0.000242493202677, 0.000309156079311, 0.000203128583962, 0.000315593904816, 0.000463319534902, 0.000498118286487, 0.000370346650016, 0.000246591225732, 0.000133564986754],
        "dvar": [1.44951206948e-06, 0.000307047565002, 2.77119997918e-05, 2.35793486354e-05, 4.41119846073e-05, 1.35551608764e-05, 4.23691926699e-06, 3.09921824737e-06, 1.84184409591e-06, 3.23272786318e-07, 8.3879911017e-07, 1.5417928978e-07, 4.17962638721e-07, 1.38350003454e-07, 1.50262664533e-07, 1.43450756696e-06, 7.12202492537e-08, 5.2978194276e-08, 4.14750580546e-08, 5.66821682924e-08, 2.06253503165e-08, 8.01520059213e-08, 2.05588435165e-07, 2.52988854754e-07, 2.03560858836e-07, 8.44871550498e-08, 4.260503772e-08],
        "dvar2": [3.36431071446e-06, 0.000391789188143, 4.13190609834e-05, 6.38999044895e-05, 0.000118192765513, 2.90937987302e-05, 9.00373288459e-06, 7.78787307354e-06, 4.52113636129e-06, 8.75582145454e-07, 2.15093655243e-06, 4.09877884522e-07, 1.06142476852e-06, 3.57934140993e-07, 4.12466789612e-07, 4.08882260672e-06, 1.66034837434e-07, 1.29745842514e-07, 9.33667720915e-08, 1.25267661133e-07, 4.60546054626e-08, 1.70597260762e-07, 4.6533179443e-07, 5.183140388e-07, 2.81413775838e-07, 1.20528184766e-07, 6.35836983065e-08],
        "max": [0.0103638051078, 0.348918139935, 0.0439480692148, 0.0476727671921, 0.10242485255, 0.0624638274312, 0.0416925810277, 0.0266893059015, 0.0183075405657, 0.00875866226852, 0.012483692728, 0.00419286405668, 0.00745331402868, 0.00424326956272, 0.00332319084555, 0.00949967931956, 0.00343518122099, 0.00219796760939, 0.00229758699425, 0.00222730473615, 0.00167360552587, 0.00238378485665, 0.00362468673848, 0.00461813854054, 0.00330120441504, 0.00192266015802, 0.00137612875551],
        "mean": [0.000825435447041, 0.0287910886109, 0.0048152836971, 0.00267924973741, 0.00319545366801, 0.00344176776707, 0.00190711894538, 0.00129040260799, 0.00110022409353, 0.000432447297499, 0.000832489458844, 0.00034442319884, 0.00055259297369, 0.000520209257957, 0.000289207790047, 0.000483263836941, 0.000358790101018, 0.00026177012478, 0.000273743004072, 0.000421969685704, 0.00029154738877, 0.000505983829498, 0.000616725999862, 0.000734635221306, 0.000528301519807, 0.000276550330454, 0.000130708693177],
        "median": [0.000183577387361, 0.00541040394455, 0.00226976326667, 0.00126061809715, 0.00146786239929, 0.00184209330473, 0.000949192151893, 0.000591766030993, 0.00053575594211, 0.000212253042264, 0.000445293000666, 0.00019296904793, 0.000310545467073, 0.000366712833056, 0.000176079309313, 0.000226656455197, 0.000255491846474, 0.000174884742592, 0.000211954975384, 0.000335121672833, 0.000272910518106, 0.0003437337582, 0.000395296461647, 0.000376000301912, 0.000335418182658, 9.24177147681e-05, 3.99100717914e-05],
        "min": [2.58267040566e-13, 1.23360176241e-11, 3.72290046013e-11, 1.00807501235e-10, 2.92853574724e-10, 5.39728262083e-10, 1.43124567753e-09, 1.34842004229e-09, 2.14019607592e-10, 1.44669165536e-10, 1.51282020244e-09, 1.25599219913e-09, 1.26667210054e-09, 5.01576280509e-10, 6.72602862295e-10, 7.19731885201e-10, 5.77139891433e-10, 3.65787261591e-10, 1.18699591822e-10, 2.05346017967e-10, 7.41484235123e-11, 8.09054281903e-11, 4.70470051805e-11, 3.04794314787e-11, 1.26681816079e-11, 1.32801296002e-11, 1.4418358868e-11],
        "var": [2.28068756769e-06, 0.00147820042912, 4.36264526797e-05, 1.75530512934e-05, 3.52297538484e-05, 2.373562711e-05, 7.13658346285e-06, 3.77964124709e-06, 2.28916178457e-06, 4.25529322001e-07, 1.10751216198e-06, 1.74768871375e-07, 4.93229777021e-07, 2.51404941309e-07, 1.35414353508e-07, 9.19223339224e-07, 1.32947278075e-07, 7.9218345661e-08, 7.05396772105e-08, 1.37354959406e-07, 5.78515972904e-08, 2.34435987068e-07, 4.18829245064e-07, 6.99614474797e-07, 4.51819119007e-07, 1.83738265491e-07, 7.21240311918e-08]
    },
    "erbbands": {
        "dmean": [0.445445775986, 2.33862638474, 4.53325128555, 6.06362485886, 9.69107151031, 10.6329593658, 11.8737535477, 20.8520507812, 13.0638380051, 34.6267127991, 13.0990715027, 26.782289505, 9.26084423065, 13.6903381348, 26.1240825653, 10.9458036423, 20.8088588715, 15.5438632965, 11.3651580811, 19.5472545624, 22.7737560272, 10.636475563, 8.21769142151, 8.30624866486, 7.78709316254, 9.67094898224, 5.39597034454, 5.52629756927, 7.77939748764, 7.73702049255, 9.79699897766, 8.43569469452, 5.38808870316, 2.96032881737, 1.89828634262, 0.82422298193, 0.323532909155, 0.0892289727926, 0.0146348951384, 0.00111373467371],
        "dmean2": [0.481224775314, 2.75588488579, 5.72801017761, 9.51912403107, 16.1811161041, 18.2054195404, 18.6557788849, 32.4833106995, 20.425113678, 55.7370605469, 21.5037078857, 43.9797782898, 15.4423484802, 22.7501792908, 43.3026046753, 18.5350990295, 34.8127326965, 25.8353919983, 19.0709667206, 34.8120040894, 41.446269989, 17.5022640228, 13.3111829758, 13.6041307449, 12.7040433884, 15.7313547134, 8.71846485138, 9.34821510315, 12.1555700302, 11.9201173782, 14.4700117111, 11.9953784943, 7.46300363541, 3.99506783485, 2.7176656723, 1.20142281055, 0.452622681856, 0.121400535107, 0.0198602061719, 0.00152081961278],
        "dvar": [0.532520353794, 12.5278148651, 32.4696350098, 99.9062805176, 389.295471191, 537.684448242, 301.419830322, 1115.48376465, 513.108215332, 2766.63525391, 400.049377441, 1416.41967773, 223.624572754, 436.771118164, 1341.44689941, 315.662261963, 940.769287109, 390.700592041, 278.786590576, 1395.69836426, 2975.16943359, 208.931503296, 125.596008301, 142.564224243, 102.244384766, 158.824783325, 38.0947914124, 45.2011642456, 106.812088013, 90.7419204712, 207.70904541, 159.307296753, 53.4891204834, 18.5885620117, 12.4232530594, 1.93184411526, 0.29277831316, 0.0322262868285, 0.000876364763826, 5.15211786478e-06],
        "dvar2": [0.72575455904, 15.0304136276, 55.925693512, 252.480712891, 1022.8848877, 1448.07885742, 688.095092773, 2506.98217773, 1055.47839355, 6672.74951172, 1044.98706055, 3416.98266602, 604.349914551, 1163.65612793, 3466.11450195, 825.394714355, 2404.13842773, 1016.16168213, 729.467468262, 3889.64428711, 8465.25390625, 474.883728027, 289.738739014, 342.587860107, 242.286651611, 327.64276123, 87.3148040771, 101.929298401, 249.777648926, 179.71321106, 473.15045166, 330.634216309, 102.210945129, 25.6629104614, 20.9208564758, 2.96369147301, 0.40918213129, 0.0509780757129, 0.0012606602395, 7.74691307015e-06],
        "max": [10.2199134827, 78.3597183228, 51.9093818665, 83.3920822144, 291.050720215, 355.007659912, 263.485992432, 556.810058594, 620.231750488, 692.368164062, 258.00994873, 532.443481445, 262.979309082, 341.956481934, 501.311523438, 194.404800415, 356.136810303, 222.52671814, 194.835739136, 397.853271484, 419.785064697, 223.645462036, 113.521530151, 134.978347778, 119.042190552, 116.033638, 72.1602172852, 91.8888244629, 87.6208648682, 89.805229187, 119.950515747, 101.922576904, 69.3059844971, 35.8102035522, 24.8508167267, 9.4109287262, 3.90601587296, 1.2186794281, 0.199475720525, 0.0163860674948],
        "mean": [0.960866749287, 5.87749862671, 6.8353061676, 7.2475771904, 10.3010606766, 11.2081022263, 17.1840267181, 29.2376098633, 19.1366939545, 44.4205741882, 18.3823738098, 30.4175624847, 10.5565919876, 18.4974060059, 35.9662399292, 15.6345062256, 27.0225276947, 25.0818080902, 17.9506340027, 22.9636039734, 24.0063095093, 18.9366168976, 14.5267972946, 14.4905767441, 15.6344213486, 20.8737106323, 12.7887306213, 12.2666053772, 16.9063453674, 17.3081169128, 18.7531909943, 16.2529754639, 11.5892896652, 6.25699567795, 3.46335530281, 1.44168913364, 0.477491110563, 0.113653585315, 0.020132349804, 0.00160736462567],
        "median": [0.162657052279, 1.24546921253, 4.26123523712, 4.31738328934, 5.10557317734, 4.9217042923, 10.3317890167, 14.8775491714, 10.019610405, 21.1720085144, 11.2934150696, 14.547326088, 5.73407268524, 10.5352392197, 19.5622291565, 9.44872951508, 15.713722229, 17.0370903015, 13.0996990204, 14.1199884415, 12.567902565, 13.4787197113, 10.0021839142, 10.9595632553, 12.95241642, 15.3945569992, 11.7351369858, 10.9382896423, 11.9738759995, 10.5949373245, 11.9127168655, 8.72422790527, 6.39345216751, 4.49284172058, 1.87028264999, 0.596148192883, 0.132594123483, 0.0308767016977, 0.00665762694553, 0.000528868520632],
        "min": [4.19350637548e-10, 9.036715376e-09, 8.15798344433e-08, 2.77804588222e-07, 6.318468877e-07, 6.10276288171e-07, 3.26511644744e-06, 5.25074347024e-06, 3.11051371682e-05, 2.54434962699e-05, 1.3437477719e-05, 5.04171703142e-06, 5.01935892316e-06, 1.20397808132e-05, 8.75788246049e-05, 3.91366702388e-05, 5.86704009038e-05, 3.8022211811e-05, 3.43892279489e-05, 2.73999012279e-05, 4.10190914408e-05, 3.14786302624e-05, 2.84081615973e-05, 8.16123156255e-06, 8.45069826028e-06, 9.38847188081e-06, 4.99825091538e-06, 1.83469364856e-06, 3.14589397021e-06, 1.6982788793e-06, 1.38068378419e-06, 9.815400972e-07, 3.92902677504e-07, 1.55990022677e-07, 7.56785425438e-08, 4.72288235187e-08, 2.60242547512e-08, 1.21609318171e-08, 2.87893531237e-09, 6.38596120428e-10],
        "var": [2.15478157997, 61.8843383789, 69.6987457275, 94.1340103149, 316.479003906, 439.462554932, 475.860473633, 1804.81164551, 889.907714844, 3890.37915039, 498.977020264, 1802.54125977, 240.765457153, 606.692382812, 1974.44226074, 348.140411377, 1129.74047852, 625.779968262, 351.459899902, 1083.2076416, 1972.93530273, 385.711608887, 219.044158936, 218.937225342, 182.895294189, 400.078765869, 113.741439819, 108.151771545, 255.197174072, 297.122589111, 401.775970459, 375.714538574, 158.384475708, 48.3491325378, 23.7564315796, 4.25664806366, 0.623504042625, 0.0543042272329, 0.00155966938473, 9.04702665139e-06]
    },
    "gfcc": {
        "mean": [50.227016449, 58.0091590881, -84.0824432373, 31.540189743, -53.8526992798, 18.3224430084, -34.1981430054, 6.44722652435, -16.3284645081, 4.9713010788, -8.14976406097, -0.501742184162, -10.7979192734],
        "cov": [[8191.52441406, -3215.80810547, 1351.81787109, 107.586151123, -167.507919312, 595.853027344, -163.33807373, 481.458282471, -129.993804932, 388.554168701, -159.046554565, 288.328613281, -201.2137146], [-3215.80810547, 2472.32641602, -874.300109863, -146.110153198, 77.055557251, -389.20980835, 104.268821716, -255.456451416, 93.2866668701, -246.857467651, 91.2518463135, -151.774780273, 134.816879272], [1351.81787109, -874.300109863, 1080.59143066, 351.827911377, 217.769348145, 368.454528809, 184.734115601, 252.159439087, 68.7739639282, 184.495773315, 40.9595146179, 87.5183105469, -31.2796096802], [107.586151123, -146.110153198, 351.827911377, 305.89175415, 166.254226685, 209.881530762, 119.348312378, 129.554168701, 73.7782821655, 77.4814987183, 61.6621780396, 32.6969261169, 12.1450090408], [-167.507919312, 77.055557251, 217.769348145, 166.254226685, 330.485839844, 193.922958374, 147.127761841, 98.7281188965, 87.3262710571, 53.012008667, 69.4942016602, 27.4175796509, 17.6351604462], [595.853027344, -389.20980835, 368.454528809, 209.881530762, 193.922958374, 347.202423096, 132.616592407, 179.002227783, 89.566947937, 116.889030457, 76.2054214478, 64.1779708862, 1.91788208485], [-163.33807373, 104.268821716, 184.734115601, 119.348312378, 147.127761841, 132.616592407, 174.207794189, 101.978118896, 94.1860427856, 57.0305213928, 62.797492981, 25.3009395599, 30.8986988068], [481.458282471, -255.456451416, 252.159439087, 129.554168701, 98.7281188965, 179.002227783, 101.978118896, 169.304168701, 83.1899185181, 96.9329376221, 49.9694023132, 56.1936531067, 6.28163957596], [-129.993804932, 93.2866668701, 68.7739639282, 73.7782821655, 87.3262710571, 89.566947937, 94.1860427856, 83.1899185181, 122.709312439, 66.7840805054, 82.36328125, 27.5898685455, 37.0088424683], [388.554168701, -246.857467651, 184.495773315, 77.4814987183, 53.012008667, 116.889030457, 57.0305213928, 96.9329376221, 66.7840805054, 121.037658691, 61.2179527283, 66.1994628906, 12.2733249664], [-159.046554565, 91.2518463135, 40.9595146179, 61.6621780396, 69.4942016602, 76.2054214478, 62.797492981, 49.9694023132, 82.36328125, 61.2179527283, 105.693977356, 50.388092041, 44.9732017517], [288.328613281, -151.774780273, 87.5183105469, 32.6969261169, 27.4175796509, 64.1779708862, 25.3009395599, 56.1936531067, 27.5898685455, 66.1994628906, 50.388092041, 81.8043441772, 32.8563919067], [-201.2137146, 134.816879272, -31.2796096802, 12.1450090408, 17.6351604462, 1.91788208485, 30.8986988068, 6.28163957596, 37.0088424683, 12.2733249664, 44.9732017517, 32.8563919067, 60.848361969]],
        "icov": [[0.000348663597833, 9.1103836894e-05, -0.00025841241586, 0.000394179078285, 0.000200528025744, -0.000427780469181, 0.000682204961777, -0.00066861580126, -6.99735464877e-05, -0.000164220531587, 0.00083819613792, -0.00093645544257, 0.000379392527975], [9.1103836894e-05, 0.0016636706423, 0.000754201144446, -0.000374160706997, -0.000636132375803, 0.00165500072762, -0.00213160226122, 0.000547496543732, -0.000517141947057, 0.00209615356289, -0.00226391176693, 0.00160751363728, -0.00106732803397], [-0.00025841241586, 0.000754201144446, 0.0028865954373, -0.00210608984344, -0.000494860985782, 0.000692990550306, -0.00296351802535, 0.000223316630581, 0.00138132134452, -0.00102305202745, -0.000500567664858, 0.0010610006284, 0.000145368714584], [0.000394179078285, -0.000374160706997, -0.00210608984344, 0.00835597515106, -0.000848346448038, -0.00264264130965, 0.00163772085216, -0.00369112170301, 0.00230760942213, -0.00109482172411, -0.00156389223412, 0.00331382500008, -0.00255559454672], [0.000200528025744, -0.000636132375803, -0.000494860985782, -0.000848346448038, 0.0066858488135, -0.00340012414381, -0.00231894454919, 0.00180334609468, -0.00203635543585, 0.00159945874475, 0.00120489834808, -0.00374722550623, 0.00319710420445], [-0.000427780469181, 0.00165500072762, 0.000692990550306, -0.00264264130965, -0.00340012414381, 0.0118885068223, -0.00331375631504, -0.00476369867101, 0.00236893096007, 0.00111512257718, -0.0072942613624, 0.00365936988965, 0.000336978147971], [0.000682204961777, -0.00213160226122, -0.00296351802535, 0.00163772085216, -0.00231894454919, -0.00331375631504, 0.0207341853529, -0.007607543841, -0.00405603088439, -0.0025651762262, 0.00442567281425, 0.000920926686376, -0.0046224212274], [-0.00066861580126, 0.000547496543732, 0.000223316630581, -0.00369112170301, 0.00180334609468, -0.00476369867101, -0.007607543841, 0.0291783828288, -0.0169159527868, 0.00079702725634, 0.00927295535803, -0.0141412699595, 0.00881586316973], [-6.99735464877e-05, -0.000517141947057, 0.00138132134452, 0.00230760942213, -0.00203635543585, 0.00236893096007, -0.00405603088439, -0.0169159527868, 0.0422118753195, -0.0158127173781, -0.0212200488895, 0.0264889597893, -0.0156185152009], [-0.000164220531587, 0.00209615356289, -0.00102305202745, -0.00109482172411, 0.00159945874475, 0.00111512257718, -0.0025651762262, 0.00079702725634, -0.0158127173781, 0.0355125293136, -0.00585982808843, -0.0201360993087, 0.012885353528], [0.00083819613792, -0.00226391176693, -0.000500567664858, -0.00156389223412, 0.00120489834808, -0.0072942613624, 0.00442567281425, 0.00927295535803, -0.0212200488895, -0.00585982808843, 0.041902244091, -0.0221670810133, -0.00039358146023], [-0.00093645544257, 0.00160751363728, 0.0010610006284, 0.00331382500008, -0.00374722550623, 0.00365936988965, 0.000920926686376, -0.0141412699595, 0.0264889597893, -0.0201360993087, -0.0221670810133, 0.0575500912964, -0.0315525233746], [0.000379392527975, -0.00106732803397, 0.000145368714584, -0.00255559454672, 0.00319710420445, 0.000336978147971, -0.0046224212274, 0.00881586316973, -0.0156185152009, 0.012885353528, -0.00039358146023, -0.0315525233746, 0.0453671775758]]
    },
    "melbands": {
        "dmean": [0.00326484139077, 0.00222218339331, 0.00106835213955, 0.000791254860815, 0.000406759121688, 0.000453834014479, 0.000214736181078, 0.000362346909242, 0.000112436166091, 0.000151453044964, 4.31300286436e-05, 5.37824016646e-05, 9.68896711129e-05, 3.57291173714e-05, 4.11345172324e-05, 3.6185116187e-05, 3.04038967442e-05, 1.96933124244e-05, 1.88747962966e-05, 3.31862320309e-05, 2.50463981502e-05, 1.05343360701e-05, 1.17476838568e-05, 8.14511349745e-06, 6.95785411153e-06, 5.87785098105e-06, 6.30923432254e-06, 6.87566307533e-06, 3.70714838027e-06, 3.02353555526e-06, 3.67324878425e-06, 4.82590257889e-06, 4.95861377203e-06, 4.30935961049e-06, 5.33795446245e-06, 6.6943962338e-06, 5.03837782162e-06, 3.9640895011e-06, 3.82363077733e-06, 2.27839018407e-06],
        "dmean2": [0.00378172937781, 0.00257163611241, 0.00162015086971, 0.00133882381488, 0.00064460746944, 0.000702477816958, 0.000335122487741, 0.00058655673638, 0.000185423879884, 0.000249151227763, 7.29849125491e-05, 9.01729654288e-05, 0.000160548399435, 6.11450668657e-05, 6.90956730978e-05, 6.05126660957e-05, 5.06560936628e-05, 3.26139306708e-05, 3.35965560225e-05, 6.08015106991e-05, 4.50988009106e-05, 1.73104490386e-05, 1.96535711439e-05, 1.3421775293e-05, 1.1482696209e-05, 9.44033672567e-06, 1.0612976439e-05, 1.10795735964e-05, 6.0559736994e-06, 5.00179794471e-06, 6.30432532489e-06, 7.95907180873e-06, 7.52150208427e-06, 6.89284070177e-06, 7.95749383542e-06, 1.0597014807e-05, 7.02025999999e-06, 6.1567307057e-06, 5.15565170645e-06, 3.2467987694e-06],
        "dvar": [3.01779582514e-05, 6.6645438892e-06, 2.66377378466e-06, 2.98531585941e-06, 3.53529799213e-07, 5.16877150858e-07, 1.27309917275e-07, 3.02866993707e-07, 2.6763490979e-08, 4.43969767616e-08, 5.25086241154e-09, 7.54855644658e-09, 1.94606570858e-08, 2.53117082849e-09, 4.23994883647e-09, 2.75643508019e-09, 1.45005873975e-09, 6.6941918675e-10, 1.23663290719e-09, 5.58184964916e-09, 3.24855276013e-09, 2.25699764433e-10, 2.96774493869e-10, 1.32931304853e-10, 9.88513784717e-11, 6.2914347343e-11, 6.07577876899e-11, 8.91445112172e-11, 1.79261015754e-11, 1.3007407651e-11, 1.95285645294e-11, 3.89077173257e-11, 5.4010060313e-11, 2.65426153279e-11, 4.66331973037e-11, 1.39542724598e-10, 5.2476578638e-11, 2.96521002197e-11, 3.01848199213e-11, 1.11340780345e-11],
        "dvar2": [3.93399604945e-05, 9.41224061535e-06, 6.31986949884e-06, 7.92408354755e-06, 8.38365906475e-07, 1.13510373012e-06, 2.62586013378e-07, 7.38662208732e-07, 6.98854663028e-08, 1.07398420823e-07, 1.42272309489e-08, 2.04161150208e-08, 4.96741954237e-08, 6.92998147755e-09, 1.08491926554e-08, 7.02272995312e-09, 3.78589604111e-09, 1.70930758436e-09, 3.43574946271e-09, 1.58929864824e-08, 9.18059406274e-09, 5.03167230104e-10, 7.49634354591e-10, 3.27540633505e-10, 2.41038272675e-10, 1.45174733346e-10, 1.57375668053e-10, 1.83867518433e-10, 4.24395449339e-11, 3.22441448541e-11, 4.52548797047e-11, 9.56527704266e-11, 1.04071702645e-10, 6.43217562546e-11, 1.06098997643e-10, 3.34048066986e-10, 1.02049847739e-10, 6.64617388901e-11, 5.08095995833e-11, 1.71390540649e-11],
        "max": [0.0988607928157, 0.0459159649909, 0.0171338375658, 0.0286359675229, 0.00911057926714, 0.0119090015069, 0.00957095157355, 0.00762734794989, 0.0018663413357, 0.00290529546328, 0.00131639069878, 0.0014836601913, 0.00205602869391, 0.000612112053204, 0.000747568381485, 0.000638193625491, 0.000423411547672, 0.000321066298056, 0.000326406123349, 0.00064468558412, 0.000467195612146, 0.00030141021125, 0.000199181813514, 0.000122225319501, 0.00011591870134, 0.000129938416649, 8.22295114631e-05, 8.50513679325e-05, 5.2095783758e-05, 4.16995571868e-05, 4.5572858653e-05, 5.24762035639e-05, 6.65055849822e-05, 5.64903384657e-05, 5.71051350562e-05, 8.34257079987e-05, 6.69598593959e-05, 5.39660650247e-05, 4.44821453129e-05, 2.78134666587e-05],
        "mean": [0.00836699269712, 0.00507752224803, 0.00136439769994, 0.0008300889167, 0.000582419568673, 0.000649178458843, 0.000307240581606, 0.000462301191874, 0.000150589141413, 0.000170685292687, 4.55329754914e-05, 6.93566689733e-05, 0.000127680206788, 4.96435241075e-05, 5.17923399457e-05, 4.9923070037e-05, 4.80237540614e-05, 3.12433767249e-05, 2.28835851885e-05, 3.43898645951e-05, 2.6400479328e-05, 1.87871100934e-05, 1.74730303115e-05, 1.27483172037e-05, 1.13971636893e-05, 1.05796516436e-05, 1.23654417621e-05, 1.45242684084e-05, 8.15109342511e-06, 6.65135075906e-06, 7.3489868555e-06, 8.76967988006e-06, 1.17597228382e-05, 8.50799733598e-06, 1.03116035461e-05, 1.10701957965e-05, 9.71429381025e-06, 8.25276219985e-06, 7.12252949597e-06, 4.70241866424e-06],
        "median": [0.00143086037133, 0.00285890023224, 0.000857638602611, 0.000382111698855, 0.000369197514374, 0.000334373500664, 0.000157075031893, 0.000219332025154, 8.84670880623e-05, 8.22101865197e-05, 2.14600113395e-05, 3.61243692169e-05, 6.86439743731e-05, 2.73762143479e-05, 2.7060339562e-05, 3.00588253594e-05, 3.23146086885e-05, 2.24201339734e-05, 1.42812532431e-05, 1.78427526407e-05, 1.32771847348e-05, 1.33368048409e-05, 1.02236745079e-05, 7.9193887359e-06, 8.22019956104e-06, 8.03433522378e-06, 1.05401431938e-05, 9.65462913882e-06, 7.1912054409e-06, 5.79893685426e-06, 6.42269242235e-06, 6.44513329462e-06, 6.95826111041e-06, 5.07230060975e-06, 6.79963295624e-06, 6.92685580361e-06, 4.34482672063e-06, 4.29911870015e-06, 4.58247177448e-06, 3.29105091623e-06],
        "min": [2.67660286296e-12, 1.29311387986e-11, 5.1268149448e-11, 6.55635268298e-11, 9.38071495482e-11, 1.14556170105e-10, 4.25261326154e-10, 3.47052553362e-10, 6.24500867685e-11, 3.30291557993e-11, 1.86772125543e-11, 2.79872132414e-11, 2.61460936235e-10, 1.46353859587e-10, 6.8970239242e-11, 1.33304312033e-10, 6.21133561252e-11, 5.10470866966e-11, 4.17928122665e-11, 3.42958716981e-11, 5.12858540358e-11, 2.53294867719e-11, 4.16106211987e-11, 1.49467695165e-11, 5.5059568016e-12, 4.34751063275e-12, 8.77188859744e-12, 5.23990529785e-12, 3.67196377471e-12, 1.20019326508e-12, 1.04814063245e-12, 1.95947403268e-12, 1.2754913228e-12, 8.04292613413e-13, 8.28049217735e-13, 7.06920849983e-13, 4.68247131607e-13, 3.0428976938e-13, 1.19262455814e-13, 1.13698235397e-13],
        "var": [0.000138116476592, 3.06409856421e-05, 2.98362692774e-06, 2.45281444222e-06, 5.10218001182e-07, 8.72500720561e-07, 2.18944620656e-07, 4.15360432271e-07, 3.34513075018e-08, 5.62402924231e-08, 5.49217160639e-09, 1.01183204038e-08, 2.59011603276e-08, 3.56977780669e-09, 4.73767736153e-09, 3.45368889043e-09, 2.34697439261e-09, 1.00215102883e-09, 9.83433445789e-10, 3.70413255624e-09, 2.24130403126e-09, 4.20079165897e-10, 4.34973557173e-10, 2.00297875508e-10, 1.45591635969e-10, 1.08764774964e-10, 1.01259105267e-10, 2.29621877068e-10, 4.92209432934e-11, 3.29574874336e-11, 4.15744036419e-11, 7.0020989007e-11, 1.63660682229e-10, 7.31530946929e-11, 1.06340859729e-10, 1.90347654305e-10, 1.44790665568e-10, 8.13291656243e-11, 6.77972816776e-11, 2.72787643169e-11]
    },
    "mfcc": {
        "mean": [-602.612426758, 95.6653671265, 25.5659999847, 18.5158576965, 10.2565374374, 9.65123653412, 1.02656424046, 2.35852694511, -2.4924929142, 4.3620724678, 1.58684408665, 4.56621026993, 4.67968463898],
        "cov": [[6727.65917969, -2032.27770996, 580.668762207, -210.383789062, 18.7453689575, 32.3999023438, 8.31542682648, 73.2600250244, 23.5412921906, 104.534706116, 40.9662666321, 81.1083602905, 50.9844741821], [-2032.27770996, 1666.32910156, -538.288024902, 75.9048156738, -118.474906921, -106.859893799, -79.2325897217, -60.0266189575, -34.4961891174, -110.846260071, -41.3295898438, -62.7426681519, -73.8899536133], [580.668762207, -538.288024902, 677.743103027, 139.147064209, 150.391708374, 146.606811523, 158.70489502, 121.772285461, 97.6951522827, 141.437133789, 83.22681427, 71.6047515869, 72.7016372681], [-210.383789062, 75.9048156738, 139.147064209, 200.760467529, 84.1084747314, 71.2779846191, 78.5528793335, 62.6169967651, 54.1940689087, 49.0218200684, 39.9647407532, 27.8205738068, 19.4506626129], [18.7453689575, -118.474906921, 150.391708374, 84.1084747314, 234.802612305, 152.176223755, 135.89692688, 108.120422363, 72.3673553467, 76.308555603, 72.5700073242, 72.0951461792, 65.478515625], [32.3999023438, -106.859893799, 146.606811523, 71.2779846191, 152.176223755, 172.256118774, 133.118911743, 96.2976379395, 70.7745819092, 79.3012466431, 61.7942199707, 65.5403289795, 65.2062835693], [8.31542682648, -79.2325897217, 158.70489502, 78.5528793335, 135.89692688, 133.118911743, 150.181350708, 111.939186096, 78.4058532715, 77.2391967773, 62.3482284546, 57.4625434875, 55.9258575439], [73.2600250244, -60.0266189575, 121.772285461, 62.6169967651, 108.120422363, 96.2976379395, 111.939186096, 120.199134827, 82.105178833, 73.9598312378, 58.3485984802, 54.5180587769, 47.9996337891], [23.5412921906, -34.4961891174, 97.6951522827, 54.1940689087, 72.3673553467, 70.7745819092, 78.4058532715, 82.105178833, 88.0905761719, 75.2083740234, 49.2074966431, 42.5941886902, 39.3654174805], [104.534706116, -110.846260071, 141.437133789, 49.0218200684, 76.308555603, 79.3012466431, 77.2391967773, 73.9598312378, 75.2083740234, 100.586738586, 66.6402359009, 56.028755188, 49.5671653748], [40.9662666321, -41.3295898438, 83.22681427, 39.9647407532, 72.5700073242, 61.7942199707, 62.3482284546, 58.3485984802, 49.2074966431, 66.6402359009, 77.2377853394, 64.8383865356, 46.4975967407], [81.1083602905, -62.7426681519, 71.6047515869, 27.8205738068, 72.0951461792, 65.5403289795, 57.4625434875, 54.5180587769, 42.5941886902, 56.028755188, 64.8383865356, 87.3758010864, 63.1443901062], [50.9844741821, -73.8899536133, 72.7016372681, 19.4506626129, 65.478515625, 65.2062835693, 55.9258575439, 47.9996337891, 39.3654174805, 49.5671653748, 46.4975967407, 63.1443901062, 76.8566055298]],
