{
"lowlevel": {
    "average_loudness": 0.824154853821,
    "barkbands_crest": {
        "dmean": 2.93983411789,
        "dmean2": 4.54688596725,
        "dvar": 6.84104681015,
        "dvar2": 14.8304653168,
        "max": 26.0428466797,
        "mean": 10.3881378174,
        "median": 8.66616439819,
        "min": 2.38814258575,
        "var": 29.7593212128
    },
    "barkbands_flatness_db": {
        "dmean": 0.0284847021103,
        "dmean2": 0.0425899140537,
        "dvar": 0.000945063133258,
        "dvar2": 0.00186149298679,
        "max": 0.54093259573,
        "mean": 0.161467120051,
        "median": 0.142264440656,
        "min": 0.0182767454535,
        "var": 0.00547070801258
    },
    "barkbands_kurtosis": {
        "dmean": 10.6937894821,
        "dmean2": 17.046497345,
        "dvar": 1106.92480469,
        "dvar2": 2686.14160156,
        "max": 894.534851074,
        "mean": 11.9729547501,
        "median": 0.854526281357,
        "min": -1.90765237808,
        "var": 1539.11254883
    },
    "barkbands_skewness": {
        "dmean": 1.06858408451,
        "dmean2": 1.60054218769,
        "dvar": 1.98952829838,
        "dvar2": 4.22800397873,
        "max": 27.9198169708,
        "mean": 1.77608120441,
        "median": 1.05505275726,
        "min": -5.17371320724,
        "var": 7.17638301849
    },
    "barkbands_spread": {
        "dmean": 8.23135471344,
        "dmean2": 11.8512716293,
        "dvar": 88.6846466064,
        "dvar2": 161.296310425,
        "max": 100.930335999,
        "mean": 23.2407493591,
        "median": 20.7027359009,
        "min": 0.219579547644,
        "var": 275.800201416
    },
    "dissonance": {
        "dmean": 0.0202842149884,
        "dmean2": 0.0336385555565,
        "dvar": 0.000350552028976,
        "dvar2": 0.000970704946667,
        "max": 0.500000059605,
        "mean": 0.463976532221,
        "median": 0.4684907794,
        "min": 0.288995832205,
        "var": 0.000631000089925
    },
    "dynamic_complexity": 9.03883171082,
    "erbbands_crest": {
        "dmean": 2.29869842529,
        "dmean2": 3.70092487335,
        "dvar": 4.67940807343,
        "dvar2": 11.0456514359,
        "max": 23.1011314392,
        "mean": 8.35043811798,
        "median": 8.03404426575,
        "min": 2.11613750458,
        "var": 10.7063150406
    },
    "erbbands_flatness_db": {
        "dmean": 0.020113248378,
        "dmean2": 0.0293874870986,
        "dvar": 0.000422492186772,
        "dvar2": 0.000918631325476,
        "max": 0.352331966162,
        "mean": 0.17197278142,
        "median": 0.1683113873,
        "min": 0.0273227933794,
        "var": 0.00169021054171
    },
    "erbbands_kurtosis": {
        "dmean": 1.36839044094,
        "dmean2": 2.26390528679,
        "dvar": 10.0405607224,
        "dvar2": 22.8636951447,
        "max": 96.4328918457,
        "mean": 0.764518737793,
        "median": 0.135676980019,
        "min": -1.90518915653,
        "var": 14.4932670593
    },
    "erbbands_skewness": {
        "dmean": 0.524682164192,
        "dmean2": 0.82149541378,
        "dvar": 0.425457030535,
        "dvar2": 1.03939330578,
        "max": 8.28521442413,
        "mean": -0.119030281901,
        "median": -0.200004786253,
        "min": -2.85815906525,
        "var": 0.682493507862
    },
    "erbbands_spread": {
        "dmean": 13.0965089798,
        "dmean2": 20.1462116241,
        "dvar": 333.128265381,
        "dvar2": 707.107421875,
        "max": 157.96925354,
        "mean": 38.5206718445,
        "median": 30.9977073669,
        "min": 3.47735142708,
        "var": 759.908630371
    },
    "hfc": {
        "dmean": 6.65512895584,
        "dmean2": 8.24858570099,
        "dvar": 119.613937378,
        "dvar2": 189.113555908,
        "max": 95.0280380249,
        "mean": 11.8523387909,
        "median": 3.87027168274,
        "min": 1.02392115374e-16,
        "var": 288.317596436
    },
    "melbands_crest": {
        "dmean": 3.87933444977,
        "dmean2": 6.41930341721,
        "dvar": 11.5933847427,
        "dvar2": 30.5180301666,
        "max": 37.3583602905,
        "mean": 14.8498897552,
        "median": 14.2627706528,
        "min": 1.0019724369,
        "var": 37.4850311279
    },
    "melbands_flatness_db": {
        "dmean": 0.0387247242033,
        "dmean2": 0.0559027791023,
        "dvar": 0.00143798242789,
        "dvar2": 0.00272501516156,
        "max": 0.679969847202,
        "mean": 0.222167730331,
        "median": 0.206999033689,
        "min": -6.8166065148e-07,
        "var": 0.0105474507436
    },
    "melbands_kurtosis": {
        "dmean": 23.9812831879,
        "dmean2": 37.2805404663,
        "dvar": 2741.96704102,
        "dvar2": 6006.41015625,
        "max": 868.901367188,
        "mean": 35.7530136108,
        "median": 4.703104496,
        "min": -1.84800493717,
        "var": 6613.84863281
    },
    "melbands_skewness": {
        "dmean": 1.39325499535,
        "dmean2": 2.0529999733,
        "dvar": 3.34671616554,
        "dvar2": 6.31934499741,
        "max": 21.2845077515,
        "mean": 3.41870164871,
        "median": 2.16651010513,
        "min": -3.06093192101,
        "var": 13.490146637
    },
    "melbands_spread": {
        "dmean": 12.7762670517,
        "dmean2": 18.3700046539,
        "dvar": 318.926483154,
        "dvar2": 601.342895508,
        "max": 216.407943726,
        "mean": 33.024307251,
        "median": 23.6509475708,
        "min": 0.326277822256,
        "var": 1109.04772949
    },
    "pitch_salience": {
        "dmean": 0.100170686841,
        "dmean2": 0.158469304442,
        "dvar": 0.00794983189553,
        "dvar2": 0.0188943855464,
        "max": 0.995938241482,
        "mean": 0.516686320305,
        "median": 0.53840982914,
        "min": 0.0611665770411,
        "var": 0.0265900120139
    },
    "silence_rate_20dB": {
        "dmean": 0,
        "dmean2": 0,
        "dvar": 0,
        "dvar2": 0,
        "max": 1,
        "mean": 1,
        "median": 1,
        "min": 1,
        "var": 0
    },
    "silence_rate_30dB": {
        "dmean": 0.0591095425189,
        "dmean2": 0.118230357766,
        "dvar": 0.0556067340076,
        "dvar2": 0.109031043947,
        "max": 1,
        "mean": 0.912488102913,
        "median": 1,
        "min": 0,
        "var": 0.0798422321677
    },
    "silence_rate_60dB": {
        "dmean": 0.0957193225622,
        "dmean2": 0.191456899047,
        "dvar": 0.086552709341,
        "dvar2": 0.180150583386,
        "max": 1,
        "mean": 0.311630129814,
        "median": 0,
        "min": 0,
        "var": 0.2145370543
    },
    "spectral_centroid": {
        "dmean": 434.738525391,
        "dmean2": 612.680236816,
        "dvar": 247197.34375,
        "dvar2": 430324.625,
        "max": 11873.7226562,
        "mean": 1761.58508301,
        "median": 1397.36499023,
        "min": 101.658111572,
        "var": 3320885.75
    },
    "spectral_complexity": {
        "dmean": 3.21460580826,
        "dmean2": 4.29824542999,
        "dvar": 25.3085765839,
        "dvar2": 35.6434516907,
        "max": 55,
        "mean": 10.3539562225,
        "median": 9,
        "min": 0,
        "var": 91.3630752563
    },
    "spectral_decrease": {
        "dmean": 4.34591251874e-09,
        "dmean2": 6.62233823334e-09,
        "dvar": 8.87336826293e-17,
        "dvar2": 1.94573989722e-16,
        "max": 2.85742337088e-20,
        "mean": -6.50774945044e-09,
        "median": -1.54089829785e-09,
        "min": -6.79193803421e-08,
        "var": 1.52233803774e-16
    },
    "spectral_energy": {
        "dmean": 0.0168999135494,
        "dmean2": 0.0255152992904,
        "dvar": 0.00130133063067,
        "dvar2": 0.00284566846676,
        "max": 0.259561419487,
        "mean": 0.0256367698312,
        "median": 0.00636150036007,
        "min": 9.80563970369e-21,
        "var": 0.00225274893455
    },
    "spectral_energyband_high": {
        "dmean": 0.000639183679596,
        "dmean2": 0.000831266574096,
        "dvar": 1.67895586856e-06,
        "dvar2": 2.88167711915e-06,
        "max": 0.0102165872231,
        "mean": 0.000757735688239,
        "median": 5.19875175087e-05,
        "min": 6.90733616221e-21,
        "var": 2.77913659374e-06
    },
    "spectral_energyband_low": {
        "dmean": 0.0125172315165,
        "dmean2": 0.0190920308232,
        "dvar": 0.00093629967887,
        "dvar2": 0.00194989168085,
        "max": 0.231319457293,
        "mean": 0.0177490003407,
        "median": 0.00176235381514,
        "min": 5.93732334339e-24,
        "var": 0.00165987131186
    },
    "spectral_energyband_middle_high": {
        "dmean": 0.000985465827398,
        "dmean2": 0.00131520885043,
        "dvar": 2.94840538118e-06,
        "dvar2": 5.44807744518e-06,
        "max": 0.0220148228109,
        "mean": 0.00254148221575,
        "median": 0.00105577334762,
        "min": 1.11505582354e-21,
        "var": 1.12345023808e-05
    },
    "spectral_energyband_middle_low": {
        "dmean": 0.00856249406934,
        "dmean2": 0.0153968064114,
        "dvar": 0.000541194225661,
        "dvar2": 0.00150117580779,
        "max": 0.150200873613,
        "mean": 0.00672990549356,
        "median": 0.0013025815133,
        "min": 1.09698946993e-22,
        "var": 0.000357479468221
    },
    "spectral_entropy": {
        "dmean": 0.253477483988,
        "dmean2": 0.362550079823,
        "dvar": 0.0775433853269,
        "dvar2": 0.172075346112,
        "max": 9.8238401413,
        "mean": 7.46171045303,
        "median": 7.3932723999,
        "min": 4.70571327209,
        "var": 0.417794674635
    },
    "spectral_flux": {
        "dmean": 0.0411152876914,
        "dmean2": 0.0643254294991,
        "dvar": 0.0046787019819,
        "dvar2": 0.00949582085013,
        "max": 0.477320760489,
        "mean": 0.0793297365308,
        "median": 0.0432909652591,
        "min": 6.33889538082e-11,
        "var": 0.00883678719401
    },
    "spectral_kurtosis": {
        "dmean": 2.34334731102,
        "dmean2": 3.97407460213,
        "dvar": 8.94324398041,
        "dvar2": 23.8441410065,
        "max": 41.1068000793,
        "mean": 3.94225668907,
        "median": 3.22918868065,
        "min": -1.27179050446,
        "var": 15.4640235901
    },
    "spectral_rms": {
        "dmean": 0.00124615733512,
        "dmean2": 0.00177795661148,
        "dvar": 4.4393555072e-06,
        "dvar2": 8.96975780051e-06,
        "max": 0.0159132219851,
        "mean": 0.00357538415119,
        "median": 0.0024912529625,
        "min": 3.09297227587e-12,
        "var": 1.22281517179e-05
    },
    "spectral_rolloff": {
        "dmean": 648.988830566,
        "dmean2": 995.657592773,
        "dvar": 1221464.125,
        "dvar2": 2040585.625,
        "max": 19616.7480469,
        "mean": 2109.56567383,
        "median": 1291.9921875,
        "min": 43.06640625,
        "var": 11782552
    },
    "spectral_skewness": {
        "dmean": 0.377039462328,
        "dmean2": 0.570184588432,
        "dvar": 0.166355893016,
        "dvar2": 0.354695558548,
        "max": 5.1029791832,
        "mean": 1.28132498264,
        "median": 1.32051384449,
        "min": -0.0856351852417,
        "var": 0.461391329765
    },
    "spectral_spread": {
        "dmean": 575266.5,
        "dmean2": 901128.6875,
        "dvar": 1.21474383872e+12,
        "dvar2": 2.63907416474e+12,
        "max": 52565380,
        "mean": 5090912,
        "median": 3842130,
        "min": 1510187.5,
        "var": 3.90472170209e+13
    },
    "spectral_strongpeak": {
        "dmean": 0.37865960598,
        "dmean2": 0.62155598402,
        "dvar": 0.429787456989,
        "dvar2": 1.02095627785,
        "max": 5.36279630661,
        "mean": 0.579110205173,
        "median": 0.17998239398,
        "min": 0,
        "var": 0.757562696934
    },
    "zerocrossingrate": {
        "dmean": 0.0154246408492,
        "dmean2": 0.0168440267444,
        "dvar": 0.000394110160414,
        "dvar2": 0.000488950288855,
        "max": 0.52685546875,
        "mean": 0.0680377781391,
        "median": 0.04345703125,
        "min": 0.00390625,
        "var": 0.00798876583576
    },
    "barkbands": {
        "dmean": [0.000132100074552, 0.00775358872488, 0.00549917528406, 0.00520470878109, 0.00261255702935, 0.000317816331517, 0.000521156471223, 0.000153196669999, 0.000247096992098, 8.74329489307e-05, 0.000238725304371, 0.000196710141608, 0.00018055390683, 0.000204832467716, 0.000138375544338, 6.55277544865e-05, 0.000107083207695, 7.83887808211e-05, 7.01806857251e-05, 0.000156630951096, 0.000178049172973, 0.0001654811349, 0.000158885013661, 9.70312103163e-05, 2.91066589853e-06, 1.35009474889e-06, 1.62326472264e-07],
        "dmean2": [0.000222971997573, 0.0119763808325, 0.00992022361606, 0.00938575901091, 0.00486484821886, 0.00058450049255, 0.000956709205639, 0.000235370607697, 0.000432727072621, 0.000130982400151, 0.000374553201254, 0.00029302641633, 0.000275101047009, 0.000303811160848, 0.000205071672099, 9.53434428084e-05, 0.000146439400851, 0.000101691592135, 9.50118774199e-05, 0.000210958547541, 0.000231854384765, 0.000238673543208, 0.000233334882068, 0.000139192809002, 4.05023274652e-06, 1.94781705432e-06, 2.626309481e-07],
        "dvar": [5.64538886749e-08, 0.000435322988778, 0.000274764432106, 0.00020470166055, 6.23834857834e-05, 9.18591979371e-07, 4.7702910706e-06, 1.52370219553e-07, 9.72807470134e-07, 4.88565383705e-08, 3.80747962936e-07, 1.71382083636e-07, 1.71040184682e-07, 1.61963697565e-07, 8.42451584049e-08, 1.84463573305e-08, 4.6345881799e-08, 2.67873634385e-08, 2.92446777905e-08, 9.09861412879e-08, 1.41878174986e-07, 1.24226318121e-07, 1.17320418269e-07, 4.11998897221e-08, 3.16310068416e-11, 8.29940369901e-12, 1.4354473556e-12],
        "dvar2": [1.51871290655e-07, 0.000773271312937, 0.000776128959842, 0.00056813750416, 0.000179187147296, 2.6245859317e-06, 1.3625696738e-05, 3.00089254779e-07, 2.76700825452e-06, 1.07791954918e-07, 1.00845875295e-06, 3.70182817733e-07, 3.97983683342e-07, 3.42292196365e-07, 1.74806814357e-07, 3.9419980169e-08, 8.19044032596e-08, 4.34018545548e-08, 6.24477820566e-08, 1.41926875585e-07, 2.26539626169e-07, 2.19310038574e-07, 2.61088189291e-07, 7.93768464291e-08, 6.72609259955e-11, 1.87775402866e-11, 4.07779148989e-12],
        "max": [0.00233561987989, 0.162337228656, 0.124339684844, 0.108709000051, 0.0647489801049, 0.00843416713178, 0.0206741280854, 0.00488549750298, 0.0127900447696, 0.00250670243986, 0.00643788464367, 0.0057376967743, 0.00526196928695, 0.00545963132754, 0.00597090134397, 0.00206396519206, 0.00358960218728, 0.00203790399246, 0.0024406297598, 0.00271421787329, 0.00378564768471, 0.00253953761421, 0.00228670286015, 0.00124711007811, 5.05890457134e-05, 4.5425746066e-05, 5.36103616469e-05],
        "mean": [0.000136890841532, 0.0109222466126, 0.00455807941034, 0.00368779804558, 0.00181379332207, 0.000288305338472, 0.000400197372073, 0.000248113501584, 0.000278891588096, 0.000114440437756, 0.000329361733748, 0.000437235255959, 0.000291078409646, 0.000325593340676, 0.000368046865333, 0.000102692130895, 0.000232060643611, 0.000132079803734, 9.48208762566e-05, 0.000195734683075, 0.000224848205107, 0.000193954838323, 0.000164542419952, 9.1216628789e-05, 3.29404383592e-06, 1.36053233746e-06, 1.54699606014e-07],
        "median": [4.56769921584e-05, 0.000830230477732, 0.000447590922704, 0.000230774545344, 0.00023178482661, 9.63261845754e-05, 5.50103650312e-05, 3.20050457958e-05, 8.26423056424e-05, 1.386439817e-05, 8.01705464255e-05, 3.18248094118e-05, 8.42788140289e-05, 7.82318602432e-05, 3.25719447574e-05, 3.74570372514e-05, 4.94834966958e-05, 2.33020764426e-05, 1.87718869711e-05, 2.06569347938e-05, 1.84235614142e-05, 1.19643154903e-05, 7.54198936193e-06, 2.41055749939e-06, 4.71657301659e-07, 1.43857263879e-07, 1.82536989968e-08],
        "min": [2.66860581695e-26, 1.44951002245e-24, 3.36441632594e-25, 8.39864707048e-25, 2.82485292032e-24, 5.24961807205e-24, 4.11873587175e-24, 6.44182276925e-24, 1.09084072516e-23, 1.1980541797e-23, 7.64104083432e-24, 1.52862941859e-23, 1.99807439017e-23, 1.9762229431e-23, 2.63440193962e-23, 4.5838072407e-23, 6.95190930246e-23, 8.72046855656e-23, 1.08907069484e-22, 1.20387330683e-22, 2.17312145752e-22, 3.24576756344e-22, 3.35864989867e-22, 5.12435865122e-22, 8.16442410719e-22, 1.18377058137e-21, 1.76015007258e-21],
        "var": [5.97082276954e-08, 0.000820041343104, 0.000196395587409, 0.000135107024107, 3.69276895071e-05, 5.71153748297e-07, 2.85674514089e-06, 3.28722222775e-07, 6.59363990962e-07, 8.3664083661e-08, 4.15148974753e-07, 7.4467777722e-07, 2.8210448022e-07, 2.99997310549e-07, 6.17544969828e-07, 3.28018359141e-08, 1.84540994042e-07, 6.67934614285e-08, 4.18732106766e-08, 1.63335826642e-07, 2.56246607933e-07, 1.90321344462e-07, 1.44499608723e-07, 5.12117814822e-08, 4.38186570362e-11, 9.93949453992e-12, 8.81338838715e-13]
    },
    "erbbands": {
        "dmean": [0.157991960645, 2.02461409569, 5.88654136658, 13.2564916611, 13.6255187988, 6.88151502609, 4.20016241074, 2.06348514557, 6.75363826752, 5.228536129, 4.62097024918, 5.48254776001, 1.97239947319, 4.41090345383, 9.78312683105, 8.66292476654, 8.44644641876, 10.5907783508, 6.98038053513, 5.05790424347, 4.26467370987, 4.81733465195, 4.02176856995, 4.28615140915, 4.94483757019, 7.36083650589, 6.77366399765, 7.90538311005, 6.05482196808, 5.18207931519, 4.00712108612, 3.43735098839, 0.458007454872, 0.0648623555899, 0.0128253027797, 0.0051979185082, 0.00258548837155, 0.000602927641012, 3.04133372993e-05, 2.02823775908e-05],
        "dmean2": [0.228796541691, 3.07432866096, 9.63497829437, 23.9023666382, 25.0464019775, 12.7829122543, 7.94069099426, 3.72418451309, 12.4126558304, 9.01748466492, 7.12460517883, 9.48754787445, 3.12010979652, 6.81106996536, 14.9062576294, 12.7207746506, 12.5661382675, 15.4577207565, 10.2627887726, 7.05203104019, 5.93621397018, 6.51949310303, 5.1200876236, 5.87248420715, 6.6705622673, 9.98349285126, 8.55384635925, 10.8636980057, 8.53580379486, 7.46795797348, 5.55759477615, 4.85742759705, 0.629664599895, 0.0878780707717, 0.0191533081234, 0.00781365949661, 0.00373361818492, 0.000896505312994, 4.47437087132e-05, 2.96745947708e-05],
        "dvar": [0.158106535673, 30.5403575897, 287.442474365, 1414.80249023, 1470.3614502, 507.648345947, 209.370727539, 31.5067157745, 691.431884766, 401.908660889, 174.954467773, 464.834838867, 24.3889980316, 165.545532227, 555.142700195, 337.262908936, 385.110778809, 487.877716064, 175.318603516, 118.800041199, 72.682220459, 76.249382019, 69.1757278442, 109.949577332, 112.926330566, 204.033035278, 213.292160034, 283.143310547, 155.858276367, 126.836006165, 72.0272216797, 51.160369873, 0.901825606823, 0.0151449134573, 0.000796558801085, 0.000161765012308, 2.95180361718e-05, 1.98380348593e-06, 3.44879325098e-08, 1.81089698792e-09],
        "dvar2": [0.326324611902, 53.6485862732, 759.703491211, 3925.00341797, 4166.12744141, 1454.79931641, 606.145385742, 89.2620773315, 1975.69836426, 1092.57727051, 400.551727295, 1324.72839355, 62.4122276306, 400.132110596, 1369.2253418, 712.197387695, 898.136047363, 1003.45874023, 370.7215271, 207.78137207, 134.836593628, 146.388015747, 120.761131287, 208.498550415, 230.611297607, 309.940490723, 297.808990479, 554.29486084, 269.163391113, 247.963409424, 154.757354736, 96.4269790649, 1.75489902496, 0.0306754801422, 0.00191757606808, 0.00038766610669, 6.76036943332e-05, 4.81254892293e-06, 9.74694955858e-08, 4.03151645401e-09],
        "max": [4.21755313873, 40.7910461426, 130.049331665, 273.676574707, 243.538146973, 202.495239258, 116.917304993, 54.3249435425, 254.525146484, 203.903533936, 160.466842651, 301.679168701, 58.9233283997, 148.51348877, 275.692901611, 276.311584473, 288.211120605, 272.373077393, 186.014190674, 228.25201416, 118.982704163, 174.486557007, 103.707298279, 137.759552002, 122.19065094, 118.242233276, 140.478866577, 160.743103027, 91.3789749146, 86.3563613892, 56.1415176392, 44.0926933289, 7.1008105278, 1.01409196854, 0.305839508772, 0.17892241478, 0.08425116539, 0.0309140663594, 0.00827546045184, 0.00076729391003],
        "mean": [0.196819871664, 2.81799912453, 5.83685779572, 9.7632522583, 9.638671875, 4.82746648788, 2.89552378654, 2.17621588707, 5.09789705276, 4.9411482811, 7.30681610107, 6.3164396286, 2.44893360138, 5.98999834061, 14.6661720276, 19.2444190979, 16.3257217407, 16.6066589355, 15.5040826797, 14.0804071426, 8.31557369232, 11.2101917267, 6.5404753685, 7.45820999146, 6.29649066925, 8.96963596344, 9.18985557556, 8.61558818817, 7.20910549164, 5.85410737991, 4.14074897766, 3.30098319054, 0.462412208319, 0.0694851055741, 0.0138342045248, 0.00528272846714, 0.00254919263534, 0.000599085527938, 3.68549481209e-05, 3.10306422762e-05],
        "median": [0.0242545567453, 0.176038533449, 0.478723526001, 0.761461257935, 0.981543004513, 0.649547815323, 0.484220206738, 0.851129949093, 0.867264151573, 0.870379686356, 1.07167267799, 2.46708583832, 0.608875572681, 1.59951210022, 4.52365684509, 2.5572283268, 5.84942007065, 3.28227710724, 4.56662845612, 2.88012886047, 3.14825415611, 2.27689242363, 1.55486273766, 1.24449038506, 1.00771617889, 1.00930893421, 0.744970917702, 0.703807353973, 0.454182863235, 0.303929448128, 0.194380253553, 0.0834250897169, 0.0240835696459, 0.00770468171686, 0.00245142262429, 0.000821574707516, 0.000228188961046, 4.64467266283e-05, 7.53465428716e-06, 7.95545020082e-06],
        "min": [6.57851303703e-23, 2.60029784186e-22, 1.10909450897e-21, 3.61717963544e-21, 1.11635132247e-20, 1.1092579256e-20, 2.9236462875e-20, 4.96001018235e-20, 4.79909285706e-20, 1.30635884508e-19, 2.24491622519e-19, 2.48744325434e-19, 3.7378086928e-19, 5.66341820889e-19, 5.55847897445e-19, 1.06551585226e-18, 1.53174813951e-18, 1.6133937611e-18, 2.02581743252e-18, 2.8536070568e-18, 2.90794661919e-18, 4.3849716947e-18, 3.7290960511e-18, 5.11114941856e-18, 5.8523160687e-18, 6.11385403478e-18, 9.56421710282e-18, 8.37763644028e-18, 9.42844202272e-18, 1.08705793083e-17, 9.96115130028e-18, 9.04078217428e-18, 1.05383314619e-17, 7.47009274968e-18, 5.61214086913e-18, 4.01372145526e-18, 2.22001317736e-18, 8.40237038137e-19, 2.25245571798e-19, 2.57108106935e-20],
        "var": [0.251938849688, 56.8817329407, 266.950378418, 947.296691895, 916.013793945, 297.940826416, 117.807365417, 21.4351329803, 418.849060059, 281.725494385, 289.074310303, 317.516845703, 28.0836296082, 207.609558105, 744.159912109, 1336.99658203, 766.225952148, 911.085998535, 538.930725098, 909.306274414, 223.251571655, 358.970458984, 157.55708313, 217.174163818, 175.857650757, 359.15246582, 430.231842041, 400.821960449, 247.300216675, 178.377441406, 92.1480865479, 65.7247314453, 1.20169627666, 0.0213404111564, 0.000853885896504, 0.000167710270034, 3.45180233126e-05, 2.11281871998e-06, 2.23417018219e-08, 3.04085023828e-09]
    },
    "gfcc": {
        "mean": [-148.610992432, 103.450119019, -124.421867371, 51.9789161682, -41.6524581909, 25.1126079559, -19.6803226471, -5.49853277206, -10.5219106674, -1.60714781284, -10.1554718018, -4.35918188095, -13.4453411102],
        "cov": [[62497.6914062, 4087.47875977, -5498.81152344, 2816.94067383, -2156.71191406, 1091.03845215, -860.479919434, -429.593658447, -498.050292969, -221.633453369, -360.683044434, -365.54119873, -694.640808105], [4087.47875977, 1734.11694336, -408.422912598, -278.389404297, 133.80116272, -45.2056732178, -180.927978516, -104.566009521, -54.6632118225, -86.4523925781, -44.4238052368, -12.8778572083, 69.9019851685], [-5498.81152344, -408.422912598, 1661.56481934, 180.775985718, 110.550514221, -13.5818834305, 178.065856934, -114.742767334, 17.7468738556, -123.657165527, 7.05394649506, -12.4003000259, 121.056846619], [2816.94067383, -278.389404297, 180.775985718, 699.87121582, -198.76335144, 188.014266968, 99.9057540894, -55.7149047852, 3.07250595093, -51.3161697388, -10.4742736816, -47.6603012085, -53.0940856934], [-2156.71191406, 133.80116272, 110.550514221, -198.76335144, 382.695220947, -13.9708995819, 95.3064193726, 57.3836517334, 70.1466064453, 38.6364097595, 50.0056190491, 14.0344219208, 51.7045783997], [1091.03845215, -45.2056732178, -13.5818834305, 188.014266968, -13.9708995819, 209.070999146, 77.8305358887, -11.758307457, 25.3512134552, 17.8786201477, 26.7984046936, 1.90998136997, -7.07218265533], [-860.479919434, -180.927978516, 178.065856934, 99.9057540894, 95.3064193726, 77.8305358887, 174.936141968, 38.0772438049, 59.7375411987, 15.4522504807, 32.3340034485, -5.98742485046, 8.09583854675], [-429.593658447, -104.566009521, -114.742767334, -55.7149047852, 57.3836517334, -11.758307457, 38.0772438049, 120.012489319, 48.9331436157, 54.3381233215, 12.4513607025, 19.635723114, -6.14590358734], [-498.050292969, -54.6632118225, 17.7468738556, 3.07250595093, 70.1466064453, 25.3512134552, 59.7375411987, 48.9331436157, 81.5219421387, 34.5135307312, 30.5570869446, 10.6346435547, 8.67427825928], [-221.633453369, -86.4523925781, -123.657165527, -51.3161697388, 38.6364097595, 17.8786201477, 15.4522504807, 54.3381233215, 34.5135307312, 82.2505264282, 33.2834320068, 19.0783805847, -6.81817245483], [-360.683044434, -44.4238052368, 7.05394649506, -10.4742736816, 50.0056190491, 26.7984046936, 32.3340034485, 12.4513607025, 30.5570869446, 33.2834320068, 67.0622253418, 28.8930454254, 24.0734291077], [-365.54119873, -12.8778572083, -12.4003000259, -47.6603012085, 14.0344219208, 1.90998136997, -5.98742485046, 19.635723114, 10.6346435547, 19.0783805847, 28.8930454254, 64.3526916504, 37.5446891785], [-694.640808105, 69.9019851685, 121.056846619, -53.0940856934, 51.7045783997, -7.07218265533, 8.09583854675, -6.14590358734, 8.67427825928, -6.81817245483, 24.0734291077, 37.5446891785, 77.9947967529]],
        "icov": [[7.40461691748e-05, -0.000198600566364, 0.000196254201001, -0.000335379299941, 0.000210292142583, -0.000141784315929, 8.21034918772e-05, -8.32581863506e-05, 0.000148429520777, -3.08491189571e-06, -8.10829369584e-05, 0.000124604543089, 8.54731406434e-05], [-0.000198600566364, 0.00155725481454, -9.90729822661e-05, 0.00108874787111, -0.00126218318474, -9.38579178182e-05, 0.000795030384324, 0.000952324655373, -0.000947489636019, 0.00132210575975, 0.000750086444896, 0.000433112523751, -0.00166784832254], [0.000196254201001, -9.90729822661e-05, 0.00172094162554, -0.00107454310637, 0.000173857522896, 0.000184655495104, -0.000741014024243, 0.00122410745826, -0.000126443221234, 0.00110374833457, 0.00043133366853, 0.000734174740501, -0.00186703098007], [-0.000335379299941, 0.00108874787111, -0.00107454310637, 0.00456903036684, 0.000636112061329, -0.00153555301949, -0.00143458298407, 0.000431374210166, -0.00145807780791, 0.00220492249355, -0.000392810616177, 0.000503461807966, 0.000671154004522], [0.000210292142583, -0.00126218318474, 0.000173857522896, 0.000636112061329, 0.00600728299469, -0.000150368723553, -0.00280953524634, -0.00135030504316, -0.000880393432453, -0.000802051567007, -0.00225651077926, 0.00228152121417, -0.00101745000575], [-0.000141784315929, -9.38579178182e-05, 0.000184655495104, -0.00153555301949, -0.000150368723553, 0.00917368475348, -0.00444827182218, 0.0036845151335, -0.00067891360959, -0.00383181497455, 9.78175885393e-05, -0.00256920931861, 0.000120103482914], [8.21034918772e-05, 0.000795030384324, -0.000741014024243, -0.00143458298407, -0.00280953524634, -0.00444827182218, 0.0147816315293, -0.00458862492815, -0.00376655114815, 0.00339871854521, -0.00320205511525, 0.00436783069745, -0.000642711471301], [-8.32581863506e-05, 0.000952324655373, 0.00122410745826, 0.000431374210166, -0.00135030504316, 0.0036845151335, -0.00458862492815, 0.0195753220469, -0.00742646632716, -0.00792858656496, 0.00804108008742, -0.00643945718184, 0.000797438435256], [0.000148429520777, -0.000947489636019, -0.000126443221234, -0.00145807780791, -0.000880393432453, -0.00067891360959, -0.00376655114815, -0.00742646632716, 0.0243951957673, -0.0038451962173, -0.00566554861143, 0.00152215920389, -0.000330658018356], [-3.08491189571e-06, 0.00132210575975, 0.00110374833457, 0.00220492249355, -0.000802051567007, -0.00383181497455, 0.00339871854521, -0.00792858656496, -0.0038451962173, 0.0288517847657, -0.0108758723363, -0.000422426208388, 0.00429218541831], [-8.10829369584e-05, 0.000750086444896, 0.00043133366853, -0.000392810616177, -0.00225651077926, 9.78175885393e-05, -0.00320205511525, 0.00804108008742, -0.00566554861143, -0.0108758723363, 0.030365459621, -0.00928817875683, -0.00508250715211], [0.000124604543089, 0.000433112523751, 0.000734174740501, 0.000503461807966, 0.00228152121417, -0.00256920931861, 0.00436783069745, -0.00643945718184, 0.00152215920389, -0.000422426208388, -0.00928817875683, 0.0318602137268, -0.0154575183988], [8.54731406434e-05, -0.00166784832254, -0.00186703098007, 0.000671154004522, -0.00101745000575, 0.000120103482914, -0.000642711471301, 0.000797438435256, -0.000330658018356, 0.00429218541831, -0.00508250715211, -0.0154575183988, 0.0286686420441]]
    },
    "melbands": {
        "dmean": [0.00177669699769, 0.00282585108653, 0.00232450873591, 0.000723619945347, 0.000163556425832, 4.97055589221e-05, 0.000106845800474, 4.96934990224e-05, 4.4683663873e-05, 3.06258625642e-05, 9.31891008804e-06, 1.67379384948e-05, 3.31333139911e-05, 2.25325002248e-05, 2.55908689724e-05, 1.75146906258e-05, 2.0337094611e-05, 1.12786110549e-05, 1.086265911e-05, 4.80181870444e-06, 5.67806819163e-06, 5.88763850828e-06, 3.39054236065e-06, 4.24257268605e-06, 3.52970096174e-06, 2.35517518377e-06, 6.06427192906e-06, 4.42163855041e-06, 4.07331708629e-06, 4.09252288591e-06, 4.90344291393e-06, 3.71213832295e-06, 2.68450344265e-06, 3.22908044836e-06, 2.36499477069e-06, 2.58698673861e-06, 1.62295043538e-06, 3.176185146e-07, 9.87840209632e-08, 3.48932651661e-08],
        "dmean2": [0.00268097408116, 0.00412604678422, 0.00419575581327, 0.0013361935271, 0.000309103197651, 9.01735038497e-05, 0.000196588487597, 8.28573975014e-05, 7.07437793608e-05, 5.342442455e-05, 1.43206352732e-05, 2.5608433134e-05, 5.14710445714e-05, 3.37756791851e-05, 3.88594635297e-05, 2.68704534392e-05, 3.01631989714e-05, 1.67173184309e-05, 1.57351860253e-05, 7.0070914262e-06, 7.99638110038e-06, 8.04205865279e-06, 4.50419611298e-06, 5.43401802133e-06, 4.97808287037e-06, 3.35145341523e-06, 8.31021861813e-06, 6.11905488768e-06, 5.12015049026e-06, 5.37438336323e-06, 7.00403870724e-06, 5.31898422196e-06, 3.89469232687e-06, 4.78731817566e-06, 3.38150152857e-06, 3.57935186912e-06, 2.29586294154e-06, 4.43582962362e-07, 1.36502322334e-07, 5.17047205051e-08],
        "dvar": [2.17168526433e-05, 5.60233820579e-05, 4.14377209381e-05, 4.51566847914e-06, 3.29330191562e-07, 1.90458759874e-08, 1.86465044294e-07, 3.20655431096e-08, 1.89351521129e-08, 1.49437102692e-08, 4.39388525564e-10, 2.25327356773e-09, 6.7316854313e-09, 2.4723056935e-09, 2.5840589668e-09, 1.48374956765e-09, 1.79707571046e-09, 5.45179623668e-10, 7.3270173262e-10, 1.10801548492e-10, 1.66034422322e-10, 1.27544433348e-10, 5.72384188657e-11, 7.38962918634e-11, 8.78135897331e-11, 2.59511509504e-11, 1.449731446e-10, 7.72250527414e-11, 8.4372404896e-11, 7.60828691715e-11, 1.19199580761e-10, 5.91169543873e-11, 3.55213115866e-11, 4.89558740768e-11, 2.53234863634e-11, 2.92905213972e-11, 1.14317834712e-11, 4.76185714124e-13, 3.97053334764e-14, 5.43800530796e-15],
        "dvar2": [3.81772915716e-05, 0.000124535145005, 0.000115019713121, 1.29035797727e-05, 9.53281812599e-07, 5.41061524473e-08, 5.32782735263e-07, 8.38349407672e-08, 4.70382950368e-08, 4.26881925364e-08, 1.05646724702e-09, 5.19185450187e-09, 1.77853287653e-08, 5.58656365612e-09, 5.86441162298e-09, 3.17969517383e-09, 3.7592515767e-09, 1.17119636212e-09, 1.46557632696e-09, 2.15965342831e-10, 2.894385287e-10, 2.3898899526e-10, 1.1114621723e-10, 1.22748727849e-10, 1.73873790366e-10, 5.10269743126e-11, 2.79644807311e-10, 1.17368351149e-10, 1.28308058622e-10, 1.18395709903e-10, 2.46584336283e-10, 1.03949952812e-10, 6.49308939948e-11, 1.01061020663e-10, 5.6441021995e-11, 5.55683242476e-11, 2.18759142745e-11, 9.89407449199e-13, 7.91186506501e-14, 1.30862854935e-14],
        "max": [0.0433690994978, 0.0584153085947, 0.0451351292431, 0.0168486181647, 0.0048989742063, 0.00129193603061, 0.00407507969067, 0.00188691692892, 0.00157018261962, 0.00169696414378, 0.0002439092641, 0.000547100091353, 0.000904252403416, 0.000717880611774, 0.000654233270325, 0.000426194863394, 0.000592713244259, 0.000385871971957, 0.000637434714008, 0.000196312001208, 0.000206974975299, 0.000196455788682, 0.000136394388392, 0.000102874277218, 0.000123526726384, 5.92462347413e-05, 0.000124332276755, 7.50899707782e-05, 0.0001019105257, 8.69405484991e-05, 9.92641143966e-05, 5.09469282406e-05, 5.12137121405e-05, 5.041660188e-05, 3.49118417944e-05, 3.49654983438e-05, 2.18796903937e-05, 5.87950898989e-06, 1.77517767952e-06, 6.09084679581e-07],
        "mean": [0.00250397226773, 0.00347690889612, 0.00171863532159, 0.000511863967404, 0.000112345354864, 5.04870549776e-05, 8.01937785582e-05, 5.07831864525e-05, 6.62108068354e-05, 3.43189567502e-05, 1.14005024443e-05, 2.2220376195e-05, 4.71594576084e-05, 3.77640099032e-05, 6.34091993561e-05, 2.49270651693e-05, 3.1422750908e-05, 2.03704548767e-05, 3.29216964019e-05, 8.18717035145e-06, 1.03844658952e-05, 1.36182852657e-05, 5.28486998519e-06, 7.22971026335e-06, 5.91450861975e-06, 3.08992980536e-06, 6.86853127263e-06, 5.48191519556e-06, 5.4826118685e-06, 5.21458377989e-06, 5.11983807883e-06, 4.41812198915e-06, 3.08110656988e-06, 3.5231403217e-06, 2.41623774855e-06, 2.59862599705e-06, 1.53964708716e-06, 3.18632771723e-07, 1.02870416185e-07, 3.56100997578e-08],
        "median": [0.000230495759752, 0.0002803519601, 0.000145110447193, 6.64167746436e-05, 1.82292533282e-05, 1.98563429876e-05, 1.29290574478e-05, 8.04489354778e-06, 1.11292065412e-05, 1.25588558149e-05, 1.85169653832e-06, 4.60771116195e-06, 1.27827424876e-05, 6.03072430749e-06, 1.07080895759e-05, 6.52205608276e-06, 5.17191074323e-06, 6.95466223988e-06, 2.20886886382e-06, 2.85926171273e-06, 2.73618229585e-06, 2.40950657826e-06, 1.42640124068e-06, 1.30575733692e-06, 9.01629732653e-07, 5.70944052924e-07, 7.52636537982e-07, 6.2261290168e-07, 4.57556666333e-07, 4.22259063271e-07, 3.91155964508e-07, 2.75228558166e-07, 1.83564310419e-07, 1.61334924087e-07, 1.20890049971e-07, 7.32654825697e-08, 3.84551981369e-08, 1.74981060752e-08, 9.4201002554e-09, 5.06247399557e-09],
        "min": [7.04578069335e-25, 5.20534749387e-25, 8.55517876775e-25, 6.9569184706e-25, 1.19316888244e-24, 1.14215827669e-24, 7.94782834733e-25, 1.10300799743e-24, 1.50199096633e-24, 1.62649057211e-24, 1.45437147639e-24, 1.95435694154e-24, 1.21288379836e-24, 1.39201705082e-24, 3.01279981985e-24, 1.89658136048e-24, 1.88830601237e-24, 2.28549925309e-24, 1.87867658452e-24, 2.77772025617e-24, 3.51022158566e-24, 3.53426724935e-24, 3.03603571781e-24, 3.51891088853e-24, 3.54601338822e-24, 2.28469422054e-24, 4.15215123083e-24, 3.32221867701e-24, 5.08878826613e-24, 4.79581203125e-24, 3.93612482738e-24, 4.06665409149e-24, 4.93018028696e-24, 5.6055043864e-24, 4.43502294638e-24, 5.55431677998e-24, 4.51287010709e-24, 6.10698444714e-24, 5.57154944646e-24, 5.69932755816e-24],
        "var": [4.18434538005e-05, 8.01091009635e-05, 2.77129092865e-05, 2.72963256975e-06, 1.85158256727e-07, 1.25970718301e-08, 1.1210789097e-07, 2.51003058338e-08, 2.39013413506e-08, 1.0055737576e-08, 6.0851096384e-10, 3.18497961338e-09, 7.70239161341e-09, 5.18307308184e-09, 1.6031298955e-08, 2.31449814869e-09, 3.37286443219e-09, 1.14663278872e-09, 7.14182135653e-09, 2.1855767196e-10, 5.73116498703e-10, 6.06228456324e-10, 1.12670560382e-10, 1.93054863762e-10, 1.59623286811e-10, 4.37277054843e-11, 2.21330370698e-10, 1.34501812465e-10, 1.61410759758e-10, 1.38071942768e-10, 1.52506771101e-10, 9.22170187434e-11, 5.15840148374e-11, 6.47203124426e-11, 3.10620903998e-11, 3.9047591549e-11, 1.44267557969e-11, 5.9273424927e-13, 5.43379868824e-14, 5.8235065194e-15]
    },
    "mfcc": {
        "mean": [-751.608154297, 111.260353088, -5.66764545441, 32.6803207397, 5.08681964874, 29.668390274, 2.28866887093, 10.6672410965, -1.4458514452, 6.04053258896, 0.769793152809, 8.33604717255, -0.277574270964],
        "cov": [[23207.9648438, 2509.24902344, -725.336853027, 1365.42980957, -550.004272461, 1135.06506348, -220.323455811, 369.488494873, -403.656982422, 325.539398193, -151.330337524, 362.059448242, -220.638977051], [2509.24902344, 2540.83984375, -391.581207275, 43.938785553, 204.490020752, 87.3054504395, -64.6068267822, -17.6628990173, 2.37502765656, -128.47895813, 2.70508980751, -40.8214683533, 3.44093179703], [-725.336853027, -391.581207275, 996.136901855, 253.532821655, 40.1922798157, 181.272384644, 53.5180435181, 60.6195793152, -8.64766216278, 48.5934448242, -148.19342041, -83.8077468872, -53.2032623291], [1365.42980957, 43.938785553, 253.532821655, 359.125, 18.0577831268, 158.456298828, 34.6552772522, 82.3649597168, 4.93133115768, 54.0607376099, -35.3255195618, 27.8811168671, -8.84612178802], [-550.004272461, 204.490020752, 40.1922798157, 18.0577831268, 153.59085083, 31.4191589355, 41.0012702942, 12.0281057358, 30.3516960144, -9.60439014435, 19.6771297455, 4.82312250137, 24.8646583557], [1135.06506348, 87.3054504395, 181.272384644, 158.456298828, 31.4191589355, 272.61541748, 77.3719711304, 84.980178833, -13.7683820724, 70.7500915527, -22.4396591187, 36.9717636108, -0.422863662243], [-220.323455811, -64.6068267822, 53.5180435181, 34.6552772522, 41.0012702942, 77.3719711304, 112.263633728, 42.2445983887, 28.8224983215, 28.8459720612, 20.2196388245, 18.7481365204, 15.9365749359], [369.488494873, -17.6628990173, 60.6195793152, 82.3649597168, 12.0281057358, 84.980178833, 42.2445983887, 85.696434021, 28.5526027679, 39.3790206909, 0.475721389055, 18.6501502991, 5.96694087982], [-403.656982422, 2.37502765656, -8.64766216278, 4.93133115768, 30.3516960144, -13.7683820724, 28.8224983215, 28.5526027679, 77.0561981201, 19.672624588, 29.7212467194, 11.5938129425, 26.9223861694], [325.539398193, -128.47895813, 48.5934448242, 54.0607376099, -9.60439014435, 70.7500915527, 28.8459720612, 39.3790206909, 19.672624588, 81.6074142456, 24.9481334686, 32.5855636597, 5.99034833908], [-151.330337524, 2.70508980751, -148.19342041, -35.3255195618, 19.6771297455, -22.4396591187, 20.2196388245, 0.475721389055, 29.7212467194, 24.9481334686, 88.4514770508, 47.2641334534, 26.8682937622], [362.059448242, -40.8214683533, -83.8077468872, 27.8811168671, 4.82312250137, 36.9717636108, 18.7481365204, 18.6501502991, 11.5938129425, 32.5855636597, 47.2641334534, 80.0772094727, 35.6738853455], [-220.638977051, 3.44093179703, -53.2032623291, -8.84612178802, 24.8646583557, -0.422863662243, 15.9365749359, 5.96694087982, 26.9223861694, 5.99034833908, 26.8682937622, 35.6738853455, 60.3786773682]],
