{
"lowlevel": {
    "average_loudness": 0.895586013794,
    "barkbands_crest": {
        "dmean": 2.4300198555,
        "dmean2": 3.70888495445,
        "dvar": 5.41766548157,
        "dvar2": 11.847738266,
        "max": 26.7755565643,
        "mean": 10.5222892761,
        "median": 9.64838218689,
        "min": 1.99845862389,
        "var": 20.06873703
    },
    "barkbands_flatness_db": {
        "dmean": 0.0238407570869,
        "dmean2": 0.0329217426479,
        "dvar": 0.00071463623317,
        "dvar2": 0.00129187165294,
        "max": 0.700481235981,
        "mean": 0.129508852959,
        "median": 0.113115526736,
        "min": 0.00927073694766,
        "var": 0.00593039114028
    },
    "barkbands_kurtosis": {
        "dmean": 11.0638847351,
        "dmean2": 16.2176990509,
        "dvar": 34953.8632812,
        "dvar2": 79148.4296875,
        "max": 13541.4863281,
        "mean": 11.7903051376,
        "median": 1.19760084152,
        "min": -1.94933485985,
        "var": 38347.3671875
    },
    "barkbands_skewness": {
        "dmean": 0.72394067049,
        "dmean2": 1.05631005764,
        "dvar": 1.8863902092,
        "dvar2": 3.90827679634,
        "max": 83.3393707275,
        "mean": 1.62367129326,
        "median": 1.38795232773,
        "min": -7.73585796356,
        "var": 4.76284074783
    },
    "barkbands_spread": {
        "dmean": 12.395772934,
        "dmean2": 18.6290721893,
        "dvar": 227.979415894,
        "dvar2": 499.908111572,
        "max": 140.549789429,
        "mean": 37.0874824524,
        "median": 30.3082923889,
        "min": 0.0194609295577,
        "var": 707.391113281
    },
    "dissonance": {
        "dmean": 0.014847622253,
        "dmean2": 0.024091694504,
        "dvar": 0.00024965062039,
        "dvar2": 0.000610452028923,
        "max": 0.500000059605,
        "mean": 0.464797586203,
        "median": 0.47122913599,
        "min": 0.225367695093,
        "var": 0.000727793143597
    },
    "dynamic_complexity": 3.63459444046,
    "erbbands_crest": {
        "dmean": 2.38465690613,
        "dmean2": 3.8094637394,
        "dvar": 5.95609140396,
        "dvar2": 14.2060441971,
        "max": 31.466135025,
        "mean": 7.96449422836,
        "median": 6.85359621048,
        "min": 2.19877529144,
        "var": 16.108505249
    },
    "erbbands_flatness_db": {
        "dmean": 0.0172205101699,
        "dmean2": 0.0245402324945,
        "dvar": 0.000385237886803,
        "dvar2": 0.00071759626735,
        "max": 0.425483524799,
        "mean": 0.125450536609,
        "median": 0.111799024045,
        "min": 0.0324006713927,
        "var": 0.00293897278607
    },
    "erbbands_kurtosis": {
        "dmean": 1.39735293388,
        "dmean2": 2.00488162041,
        "dvar": 64.8721237183,
        "dvar2": 71.8833694458,
        "max": 477.542724609,
        "mean": 1.03028297424,
        "median": -0.454034566879,
        "min": -1.87284815311,
        "var": 251.545532227
    },
    "erbbands_skewness": {
        "dmean": 0.436406761408,
        "dmean2": 0.62931573391,
        "dvar": 0.322969228029,
        "dvar2": 0.587059736252,
        "max": 17.1719226837,
        "mean": 0.0531707853079,
        "median": 0.0415775738657,
        "min": -5.8115978241,
        "var": 1.36480760574
    },
    "erbbands_spread": {
        "dmean": 14.2102088928,
        "dmean2": 21.8012619019,
        "dvar": 324.079833984,
        "dvar2": 746.66809082,
        "max": 205.830627441,
        "mean": 56.9326553345,
        "median": 50.9440078735,
        "min": 0.823438942432,
        "var": 878.830444336
    },
    "hfc": {
        "dmean": 25.4563522339,
        "dmean2": 37.1321601868,
        "dvar": 1561.48083496,
        "dvar2": 3565.54125977,
        "max": 816.576049805,
        "mean": 50.3656806946,
        "median": 22.3975105286,
        "min": 1.21221584999e-16,
        "var": 4144.62109375
    },
    "melbands_crest": {
        "dmean": 2.86754989624,
        "dmean2": 4.58785629272,
        "dvar": 8.47072410583,
        "dvar2": 19.9238357544,
        "max": 39.890537262,
        "mean": 14.5583515167,
        "median": 14.0449542999,
        "min": 1.80272221565,
        "var": 28.9336566925
    },
    "melbands_flatness_db": {
        "dmean": 0.0305395592004,
        "dmean2": 0.0417661778629,
        "dvar": 0.00116740830708,
        "dvar2": 0.00211085844785,
        "max": 0.85744124651,
        "mean": 0.197696402669,
        "median": 0.177821964025,
        "min": 0.00483743846416,
        "var": 0.0101263765246
    },
    "melbands_kurtosis": {
        "dmean": 14.9355363846,
        "dmean2": 23.0835552216,
        "dvar": 10458.0185547,
        "dvar2": 27904.1601562,
        "max": 6830.91308594,
        "mean": 24.8268413544,
        "median": 11.8948783875,
        "min": -1.93551838398,
        "var": 8502.03027344
    },
    "melbands_skewness": {
        "dmean": 0.954014658928,
        "dmean2": 1.39969575405,
        "dvar": 2.40335536003,
        "dvar2": 5.24058151245,
        "max": 75.3422393799,
        "mean": 3.49112081528,
        "median": 3.08609294891,
        "min": -2.65328001976,
        "var": 6.18344974518
    },
    "melbands_spread": {
        "dmean": 13.1812944412,
        "dmean2": 20.0669937134,
        "dvar": 474.035247803,
        "dvar2": 1020.66571045,
        "max": 311.731323242,
        "mean": 33.2260246277,
        "median": 23.2889308929,
        "min": 0.131529092789,
        "var": 1246.76171875
    },
    "pitch_salience": {
        "dmean": 0.0687718316913,
        "dmean2": 0.103198818862,
        "dvar": 0.00433355476707,
        "dvar2": 0.00905747525394,
        "max": 0.958368182182,
        "mean": 0.525906443596,
        "median": 0.537834525108,
        "min": 0.00720301549882,
        "var": 0.014472939074
    },
    "silence_rate_20dB": {
        "dmean": 0,
        "dmean2": 0,
        "dvar": 0,
        "dvar2": 0,
        "max": 1,
        "mean": 1,
        "median": 1,
        "min": 1,
        "var": 0
    },
    "silence_rate_30dB": {
        "dmean": 0.0147282881662,
        "dmean2": 0.0294590704143,
        "dvar": 0.0145096536726,
        "dvar2": 0.0384058244526,
        "max": 1,
        "mean": 0.988912403584,
        "median": 1,
        "min": 0,
        "var": 0.010964082554
    },
    "silence_rate_60dB": {
        "dmean": 0.0274250879884,
        "dmean2": 0.0548548214138,
        "dvar": 0.0266756340861,
        "dvar2": 0.0587853044271,
        "max": 1,
        "mean": 0.0911553129554,
        "median": 0,
        "min": 0,
        "var": 0.0828408747911
    },
    "spectral_centroid": {
        "dmean": 374.536987305,
        "dmean2": 549.098693848,
        "dvar": 214717.828125,
        "dvar2": 438457.625,
        "max": 10919.4404297,
        "mean": 1653.38415527,
        "median": 1540.82006836,
        "min": 65.466545105,
        "var": 877219.0625
    },
    "spectral_complexity": {
        "dmean": 3.46063995361,
        "dmean2": 4.89511537552,
        "dvar": 16.6420574188,
        "dvar2": 28.8064346313,
        "max": 59,
        "mean": 18.3893356323,
        "median": 17,
        "min": 0,
        "var": 136.449859619
    },
    "spectral_decrease": {
        "dmean": 2.34538677368e-09,
        "dmean2": 3.47004114332e-09,
        "dvar": 1.05437354329e-17,
        "dvar2": 2.26510622535e-17,
        "max": 7.46235561242e-19,
        "mean": -8.25898194279e-09,
        "median": -7.63744800736e-09,
        "min": -3.63168943807e-08,
        "var": 4.14473106513e-17
    },
    "spectral_energy": {
        "dmean": 0.0100033506751,
        "dmean2": 0.0147469304502,
        "dvar": 0.000174420885742,
        "dvar2": 0.000371193076717,
        "max": 0.15236993134,
        "mean": 0.0357396863401,
        "median": 0.0327331274748,
        "min": 1.0853978039e-20,
        "var": 0.000749200757127
    },
    "spectral_energyband_high": {
        "dmean": 0.00259606027976,
        "dmean2": 0.00380936311558,
        "dvar": 1.67792240973e-05,
        "dvar2": 3.77769465558e-05,
        "max": 0.0740877538919,
        "mean": 0.00443401932716,
        "median": 0.0012590882834,
        "min": 7.89585657609e-21,
        "var": 4.41465490439e-05
    },
    "spectral_energyband_low": {
        "dmean": 0.00691375229508,
        "dmean2": 0.0100198192522,
        "dvar": 0.000128130282974,
        "dvar2": 0.00025437909062,
        "max": 0.116581074893,
        "mean": 0.0180787872523,
        "median": 0.0147119602188,
        "min": 1.31608908614e-22,
        "var": 0.000370056397514
    },
    "spectral_energyband_middle_high": {
        "dmean": 0.00128378137015,
        "dmean2": 0.00177756289486,
        "dvar": 3.61548472938e-06,
        "dvar2": 6.36313370705e-06,
        "max": 0.0319388359785,
        "mean": 0.00396945839748,
        "median": 0.0025650667958,
        "min": 1.43685311368e-21,
        "var": 1.72646232386e-05
    },
    "spectral_energyband_middle_low": {
        "dmean": 0.00380378146656,
        "dmean2": 0.00613528117537,
        "dvar": 4.4267904741e-05,
        "dvar2": 0.000118370786367,
        "max": 0.0839273706079,
        "mean": 0.0106650032103,
        "median": 0.00834177434444,
        "min": 2.22438227023e-22,
        "var": 9.70448454609e-05
    },
    "spectral_entropy": {
        "dmean": 0.229978859425,
        "dmean2": 0.320530861616,
        "dvar": 0.0827579498291,
        "dvar2": 0.155574172735,
        "max": 9.81137371063,
        "mean": 7.68389511108,
        "median": 7.73959636688,
        "min": 3.33683586121,
        "var": 0.483792364597
    },
    "spectral_flux": {
        "dmean": 0.0238726474345,
        "dmean2": 0.0360321812332,
        "dvar": 0.000702469376847,
        "dvar2": 0.0015308362199,
        "max": 0.30531963706,
        "mean": 0.0842291340232,
        "median": 0.0754563212395,
        "min": 1.04182426575e-10,
        "var": 0.00286858668551
    },
    "spectral_kurtosis": {
        "dmean": 1.65126597881,
        "dmean2": 2.49925756454,
        "dvar": 23.2108249664,
        "dvar2": 47.2885894775,
        "max": 277.228668213,
        "mean": 3.76448988914,
        "median": 2.36495304108,
        "min": -1.37039530277,
        "var": 116.034927368
    },
    "spectral_rms": {
        "dmean": 0.000800690962933,
        "dmean2": 0.00113229872659,
        "dvar": 8.42741940232e-07,
        "dvar2": 1.59939611422e-06,
        "max": 0.0121923582628,
        "mean": 0.00534612499177,
        "median": 0.00565108470619,
        "min": 3.25411225743e-12,
        "var": 6.28694851912e-06
    },
    "spectral_rolloff": {
        "dmean": 1496.73535156,
        "dmean2": 2522.51074219,
        "dvar": 5589751.5,
        "dvar2": 12004871,
        "max": 19767.4804688,
        "mean": 3195.4362793,
        "median": 1658.05664062,
        "min": 21.533203125,
        "var": 13276174
    },
    "spectral_skewness": {
        "dmean": 0.258827507496,
        "dmean2": 0.37799552083,
        "dvar": 0.13462947309,
        "dvar2": 0.259216427803,
        "max": 14.2109518051,
        "mean": 1.37860250473,
        "median": 1.29832303524,
        "min": -0.379211366177,
        "var": 0.766398012638
    },
    "spectral_spread": {
        "dmean": 1196743.25,
        "dmean2": 1685742.25,
        "dvar": 2.31530561536e+12,
        "dvar2": 4.42927310438e+12,
        "max": 40538240,
        "mean": 6819629,
        "median": 6152545.5,
        "min": 425083.1875,
        "var": 9.81135156838e+12
    },
    "spectral_strongpeak": {
        "dmean": 0.55908292532,
        "dmean2": 0.957659602165,
        "dvar": 5.8107047081,
        "dvar2": 15.1861724854,
        "max": 80.2092437744,
        "mean": 0.876304447651,
        "median": 0.411683678627,
        "min": 0,
        "var": 8.89560699463
    },
    "zerocrossingrate": {
        "dmean": 0.0249423924834,
        "dmean2": 0.0282206963748,
        "dvar": 0.000729371386115,
        "dvar2": 0.000904683023691,
        "max": 0.52392578125,
        "mean": 0.105343528092,
        "median": 0.08642578125,
        "min": 0.001953125,
        "var": 0.00687131704763
    },
    "barkbands": {
        "dmean": [0.000195833155885, 0.00530408415943, 0.00289351632819, 0.00142654764932, 0.00220860540867, 0.000707718310878, 0.000588993774727, 0.000316831632517, 0.000361539481673, 0.000305031600874, 0.000240855675656, 0.000136211558129, 0.00018705362163, 0.000223142764298, 0.000281138636637, 0.000168609054526, 0.000260016822722, 0.000128661267809, 0.000140537144034, 0.000258375453996, 0.000207332966966, 0.000236173073063, 0.000420872675022, 0.00116491049994, 0.000466128287371, 0.000223015231313, 0.000163480945048],
        "dmean2": [0.000328625639668, 0.00777819985524, 0.00456517189741, 0.00235432363115, 0.00371148856357, 0.00105589686427, 0.000873271434102, 0.000469082995551, 0.000518628046848, 0.000425613106927, 0.000346668763086, 0.000209733640077, 0.000282211316517, 0.000334454176482, 0.000435310474131, 0.000254439160926, 0.000402993406169, 0.000198669702513, 0.000208891084185, 0.000407931744121, 0.000309447787004, 0.000358043587767, 0.000628654728644, 0.00181444897316, 0.000711309548933, 0.000335822172929, 0.000257280276855],
        "dvar": [2.45848184477e-07, 0.000103382139059, 3.54381154466e-05, 7.71465420257e-06, 1.84401433216e-05, 1.33065952923e-06, 2.04241950996e-06, 4.4651534381e-07, 6.53920039895e-07, 3.91565833979e-07, 2.5789873348e-07, 8.51899031318e-08, 1.11894429722e-07, 1.7672854824e-07, 2.88248287461e-07, 1.37657181654e-07, 2.6881812687e-07, 6.80244056639e-08, 6.52969447401e-08, 4.74952088325e-07, 1.53092969413e-07, 2.25448758329e-07, 7.58157966629e-07, 5.20476987731e-06, 9.04508169697e-07, 4.04016390121e-07, 1.40894684364e-07],
        "dvar2": [6.33452771126e-07, 0.000209747537156, 8.13599690446e-05, 2.11379756365e-05, 5.1119885029e-05, 3.08503399538e-06, 4.75846445624e-06, 9.46993452544e-07, 1.44591751905e-06, 7.59536192163e-07, 5.20570949902e-07, 2.00545201778e-07, 2.40330479073e-07, 3.68791745586e-07, 6.77279956562e-07, 2.89111625307e-07, 5.75517049128e-07, 1.54782895834e-07, 1.38693920348e-07, 1.19374544738e-06, 3.21011896176e-07, 5.1517247357e-07, 1.65033577559e-06, 1.30377138703e-05, 2.09829408959e-06, 9.26837572024e-07, 3.44823945397e-07],
        "max": [0.0119349332526, 0.104282841086, 0.0658077076077, 0.0438419654965, 0.067963115871, 0.0198840685189, 0.0342796333134, 0.0159628279507, 0.0178292598575, 0.0137281874195, 0.017270963639, 0.0058996216394, 0.00737257814035, 0.00878254231066, 0.0111153591424, 0.00982215628028, 0.0114710805938, 0.00794488098472, 0.00592453405261, 0.0128033924848, 0.01027901005, 0.0102899251506, 0.0251184478402, 0.0431560538709, 0.0180855281651, 0.0286531597376, 0.00854860898107],
        "mean": [0.000254647718975, 0.0121609279886, 0.00435366807505, 0.00241083605215, 0.00381455849856, 0.00157647242304, 0.00119953742251, 0.000604399014264, 0.000890197523404, 0.000625163957011, 0.000453518761788, 0.000277668237686, 0.000358669029083, 0.000408812891692, 0.000476595276268, 0.000300371961202, 0.000458286522189, 0.000230638281209, 0.000275829224847, 0.000368773558876, 0.000363817904145, 0.000384914164897, 0.000721873075236, 0.00163018435705, 0.000679574499372, 0.00028710035258, 0.000172633925104],
        "median": [5.31144578417e-05, 0.00878230389208, 0.00204267399386, 0.00123433081899, 0.00213975762017, 0.000901020073798, 0.000489057973027, 0.000245151750278, 0.000271812285064, 0.000269142066827, 0.000136304617627, 7.78334142524e-05, 0.000131038395921, 0.000174307293491, 0.000203560979571, 0.000128090046928, 0.000195742133656, 9.49501045397e-05, 0.000132811706862, 0.000142950302688, 0.000137659924803, 0.000115626193292, 0.000134189962409, 0.000249244942097, 8.45639515319e-05, 2.99032344628e-05, 9.61924160947e-06],
        "min": [2.10838317713e-23, 1.08176003684e-22, 1.56734734291e-23, 2.37118788841e-24, 4.56780851045e-23, 2.80100305191e-23, 1.44136799184e-23, 6.74392580926e-23, 2.92355890443e-23, 9.5061664451e-23, 1.19379103337e-22, 1.15398132556e-22, 1.51210663227e-22, 1.26472439623e-22, 5.38521892292e-23, 7.66809529239e-23, 1.10277251456e-22, 1.93820297135e-22, 3.21644995811e-22, 2.56712125519e-22, 4.29825290898e-22, 4.67225426228e-22, 7.63812943271e-22, 1.18976228917e-21, 1.05382022441e-21, 1.75423217691e-21, 2.37700183904e-21],
        "var": [2.97026957696e-07, 0.000219120745896, 4.78579895571e-05, 1.07313344415e-05, 2.77228245977e-05, 4.07036714023e-06, 4.40471103502e-06, 1.19651838304e-06, 2.71764133686e-06, 1.19348408134e-06, 7.72373425661e-07, 2.71412943675e-07, 3.39855205311e-07, 3.89080014429e-07, 5.71798125293e-07, 2.94209314688e-07, 5.48717025595e-07, 1.46663083456e-07, 1.60450596809e-07, 5.00622718391e-07, 3.36727907779e-07, 4.61304324517e-07, 2.21931031774e-06, 8.86779798748e-06, 1.80807160177e-06, 6.6924337716e-07, 1.6762291466e-07]
    },
    "erbbands": {
        "dmean": [0.12739469111, 1.32381272316, 3.10770559311, 3.75175070763, 6.43779563904, 8.27924251556, 5.29079294205, 5.63267564774, 7.22902727127, 9.83833312988, 6.57744789124, 8.95060825348, 6.79040622711, 10.939209938, 8.04932403564, 6.06729507446, 8.74779319763, 11.2402257919, 10.6346445084, 16.5087528229, 9.6387720108, 10.6964273453, 8.09942531586, 6.17479276657, 8.16836643219, 13.6979618073, 9.44519710541, 7.9050245285, 8.69263648987, 8.07029914856, 13.6035690308, 11.2699804306, 30.2776679993, 6.7534995079, 3.24559807777, 1.42719507217, 0.29987090826, 0.0767268389463, 0.0411814190447, 0.00167467840947],
        "dmean2": [0.193443343043, 1.92849850655, 4.73517131805, 6.03382205963, 10.8907880783, 13.8916959763, 8.08654117584, 8.57451248169, 10.8685417175, 14.8763990402, 9.39786529541, 12.6293029785, 9.41450595856, 15.3346748352, 11.5716838837, 9.20029640198, 12.9832801819, 16.876750946, 16.0244903564, 25.0935268402, 14.5709886551, 16.4803695679, 12.3971138, 9.29978084564, 12.1923437119, 21.758441925, 13.9656438828, 11.9606933594, 13.3097410202, 12.3679685593, 20.4897499084, 16.7301826477, 48.0422058105, 10.2784900665, 5.01478481293, 2.19884443283, 0.4463737607, 0.115752190351, 0.0658866763115, 0.00261931866407],
        "dvar": [0.0501804165542, 6.94127321243, 39.6154708862, 41.5850448608, 242.435775757, 250.486312866, 110.333114624, 92.962097168, 277.54876709, 538.588378906, 224.156951904, 466.689941406, 158.801651001, 542.873413086, 261.473297119, 150.431747437, 249.71484375, 472.679412842, 521.62109375, 1179.74450684, 416.354919434, 395.979095459, 221.400970459, 125.094749451, 258.753234863, 1584.83752441, 370.232727051, 222.817245483, 392.885101318, 267.608795166, 850.68927002, 584.363525391, 4056.76757812, 178.748199463, 43.5002632141, 15.5516843796, 0.636850297451, 0.113092944026, 0.00923974066973, 1.90141017811e-05],
        "dvar2": [0.119129963219, 14.0499725342, 85.7729797363, 104.854988098, 673.083496094, 691.630981445, 264.927825928, 214.735412598, 634.910888672, 1239.9375, 429.917205811, 1052.54772949, 336.095611572, 1030.52111816, 514.380859375, 346.588134766, 518.535583496, 1017.59338379, 1211.26318359, 2648.65039062, 881.331420898, 881.828979492, 488.553527832, 276.775421143, 553.569091797, 4021.50317383, 775.59979248, 500.152496338, 953.997314453, 596.978515625, 1900.09362793, 1265.45227051, 10415.6044922, 415.527313232, 106.861167908, 37.5346031189, 1.5003862381, 0.228215873241, 0.0233939364552, 4.44379038527e-05],
        "max": [3.16582107544, 27.6683578491, 65.5333557129, 88.6051864624, 204.921966553, 405.787872314, 405.012054443, 189.601043701, 431.150787354, 754.335510254, 437.781555176, 510.338623047, 406.220062256, 513.578918457, 434.362640381, 271.256225586, 377.19329834, 425.647827148, 660.740905762, 639.219421387, 434.944671631, 420.858764648, 426.786102295, 186.665435791, 457.624389648, 737.474975586, 661.333129883, 295.197265625, 323.732299805, 333.29699707, 694.313964844, 745.28137207, 806.235473633, 275.615814209, 142.499130249, 185.205062866, 16.6564979553, 23.4973316193, 1.41145849228, 0.154593989253],
        "mean": [0.290227562189, 2.90628170967, 5.51489257812, 7.00440502167, 9.95622825623, 14.0955905914, 11.643073082, 12.4159355164, 15.0762138367, 18.4850540161, 14.5258579254, 21.5382499695, 16.2895431519, 22.5638561249, 16.8030452728, 13.1735439301, 17.9912700653, 20.6698589325, 20.3428249359, 27.4891033173, 18.0991172791, 20.1274375916, 15.815112114, 12.4604635239, 15.3951120377, 19.0058631897, 16.4423274994, 13.2882394791, 13.3302717209, 13.5488853455, 22.7903060913, 20.2533569336, 37.0601196289, 10.0566005707, 4.45806598663, 1.80010783672, 0.383134484291, 0.0958349406719, 0.0410422384739, 0.00186017574742],
        "median": [0.160258352757, 1.99671792984, 3.13336706161, 4.46261978149, 5.69457387924, 6.51391458511, 5.4186258316, 7.24555253983, 6.91570520401, 7.53058099747, 5.66207790375, 7.05964565277, 8.68040657043, 8.12192153931, 6.66804838181, 4.84293031693, 6.76012802124, 8.98478507996, 9.18852806091, 10.0015735626, 8.23548316956, 9.32055854797, 7.30641651154, 5.98593997955, 7.29041624069, 7.32889318466, 5.79285669327, 5.23038387299, 4.01951551437, 3.34757256508, 4.13065910339, 3.77976751328, 4.3600769043, 1.42407250404, 0.584712028503, 0.209876418114, 0.0365473628044, 0.00982013437897, 0.00185207114555, 0.000143867233419],
        "min": [4.19938553971e-21, 1.97453052848e-20, 2.40484264627e-20, 8.64079087883e-21, 7.03371385017e-20, 1.8892643632e-19, 1.87220272909e-19, 2.61437541181e-19, 1.82078117556e-19, 4.99336934248e-19, 1.59521584675e-18, 8.02685830061e-19, 2.3045537243e-18, 3.66797774359e-18, 4.73174028314e-18, 5.81385961484e-18, 7.03926896252e-18, 6.29709935588e-18, 3.6303931381e-18, 3.43983347243e-18, 5.3533867794e-18, 6.50199778387e-18, 9.27610099648e-18, 1.18799811924e-17, 1.8059486898e-17, 1.08642579941e-17, 1.89487110196e-17, 1.61332148619e-17, 1.86647068281e-17, 1.54492853879e-17, 2.4219461215e-17, 2.21144768076e-17, 2.05273190442e-17, 1.14372195346e-17, 8.35372513031e-18, 6.23120449392e-18, 3.2047251677e-18, 1.34702681801e-18, 2.61631799378e-19, 3.82671005838e-20],
        "var": [0.134022712708, 13.893237114, 64.5983581543, 68.1367034912, 225.54800415, 512.809082031, 360.660430908, 261.115539551, 645.504943848, 1122.13232422, 698.075805664, 1674.22839355, 532.007019043, 1709.01806641, 782.457458496, 485.308898926, 815.208557129, 1005.92016602, 1084.97094727, 2404.45068359, 851.393127441, 881.830566406, 560.284057617, 306.617828369, 574.073852539, 1554.2220459, 816.216491699, 417.004180908, 582.043395996, 658.164428711, 2207.67382812, 1595.73352051, 5194.15917969, 389.947265625, 72.3406677246, 22.2674942017, 0.826301574707, 0.184309408069, 0.00936910137534, 2.89083527605e-05]
    },
    "gfcc": {
        "mean": [2.70557141304, 54.4839363098, -87.0210037231, 32.1222343445, -53.6690101624, 15.861325264, -37.2584915161, 7.92964458466, -17.499174118, 1.25074386597, -10.9648113251, -2.8557870388, -4.66868591309],
        "cov": [[24411.6855469, -573.712646484, 680.728942871, 746.494812012, -267.933258057, 895.871398926, -423.543731689, 276.159454346, -274.870727539, -256.236663818, -178.075149536, -404.830627441, -233.324508667], [-573.712646484, 2837.25683594, -361.108215332, 97.073928833, 326.305328369, -205.388366699, 169.144058228, -101.504379272, 73.9944458008, -84.4571533203, 11.5462617874, -62.9151687622, -4.32986164093], [680.728942871, -361.108215332, 2111.63696289, 417.600463867, 460.262573242, 497.020812988, 5.71914196014, 113.31627655, -66.2470932007, -101.133430481, -1.34226572514, -122.687507629, -144.352035522], [746.494812012, 97.073928833, 417.600463867, 641.838317871, 189.804473877, 198.883041382, 58.7672462463, 65.4968643188, 22.7247524261, -6.76289844513, -44.1412467957, -37.3154640198, -39.7198257446], [-267.933258057, 326.305328369, 460.262573242, 189.804473877, 413.549804688, 156.392883301, 106.387496948, 65.2262802124, 26.2142219543, -34.9929847717, 0.221247389913, -51.1893043518, -46.6298980713], [895.871398926, -205.388366699, 497.020812988, 198.883041382, 156.392883301, 369.218902588, 85.8087692261, 97.3893966675, -6.578166008, -1.24880313873, -5.15929889679, -51.0343704224, -45.6935462952], [-423.543731689, 169.144058228, 5.71914196014, 58.7672462463, 106.387496948, 85.8087692261, 217.904418945, 41.2737922668, 32.7220001221, 11.3644800186, 4.3776049614, 5.27268838882, -6.40844535828], [276.159454346, -101.504379272, 113.31627655, 65.4968643188, 65.2262802124, 97.3893966675, 41.2737922668, 166.791091919, 55.1117019653, 31.5497760773, 4.76645278931, -12.12799263, -11.4679698944], [-274.870727539, 73.9944458008, -66.2470932007, 22.7247524261, 26.2142219543, -6.578166008, 32.7220001221, 55.1117019653, 127.959136963, 51.1480407715, 20.5134277344, -0.11471388489, 12.7751607895], [-256.236663818, -84.4571533203, -101.133430481, -6.76289844513, -34.9929847717, -1.24880313873, 11.3644800186, 31.5497760773, 51.1480407715, 131.700790405, 18.5860290527, 34.6649093628, 5.53588485718], [-178.075149536, 11.5462617874, -1.34226572514, -44.1412467957, 0.221247389913, -5.15929889679, 4.3776049614, 4.76645278931, 20.5134277344, 18.5860290527, 102.590927124, 16.3806743622, 23.9525661469], [-404.830627441, -62.9151687622, -122.687507629, -37.3154640198, -51.1893043518, -51.0343704224, 5.27268838882, -12.12799263, -0.11471388489, 34.6649093628, 16.3806743622, 116.431106567, 34.4557685852], [-233.324508667, -4.32986164093, -144.352035522, -39.7198257446, -46.6298980713, -45.6935462952, -6.40844535828, -11.4679698944, 12.7751607895, 5.53588485718, 23.9525661469, 34.4557685852, 93.9200744629]],
        "icov": [[5.88151342527e-05, -2.14075625991e-05, 3.63455073966e-05, -5.44140311831e-05, 0.00011618057033, -0.000207050616154, 0.000172654210473, -0.00011781345529, 9.07212597667e-05, 0.000103337042674, -2.02028445528e-06, 0.000100709643448, 7.7457880252e-05], [-2.14075625991e-05, 0.000535607046913, 0.000138338698889, -0.000104569036921, -0.000624326232355, 0.000497349479701, -0.00037785252789, 0.000431500026025, -0.000271652330412, 0.000225718569709, -0.000162963493494, 0.000268932868494, 6.5359112341e-05], [3.63455073966e-05, 0.000138338698889, 0.00103712675627, -0.000238311869907, -0.000821453053504, -0.00100630009547, 0.00075715535786, 9.52187474468e-06, 0.000268250703812, 0.000564163958188, -0.000468227255624, 5.0455044402e-05, 0.000776482687797], [-5.44140311831e-05, -0.000104569036921, -0.000238311869907, 0.00219967751764, -0.00049386190949, -0.000655820767861, -4.77929715998e-05, 8.29788841656e-05, -0.000588071998209, -0.000230493533309, 0.00108299101703, -0.000310082134092, -0.000202264258405], [0.00011618057033, -0.000624326232355, -0.000821453053504, -0.00049386190949, 0.00509505113587, -0.000754926470108, -0.00109244685154, -0.00103273999412, -0.00048905267613, 0.000929375586566, -0.000199567250093, 0.000453363725683, 0.000646444328595], [-0.000207050616154, 0.000497349479701, -0.00100630009547, -0.000655820767861, -0.000754926470108, 0.0066989120096, -0.00274116708897, -0.00144887343049, 0.00126959197223, -0.00123170786537, -0.000365910324035, 0.00136485532857, -0.000302573636873], [0.000172654210473, -0.00037785252789, 0.00075715535786, -4.77929715998e-05, -0.00109244685154, -0.00274116708897, 0.00707272207364, -0.00063411006704, -0.000713558809366, 0.000462672411231, 3.82556099794e-05, -0.0012070533121, 0.000587031245232], [-0.00011781345529, 0.000431500026025, 9.52187474468e-06, 8.29788841656e-05, -0.00103273999412, -0.00144887343049, -0.00063411006704, 0.0092861559242, -0.00390496710315, -0.000906235945877, 0.000214976709685, -5.65429072594e-05, 0.000200397334993], [9.07212597667e-05, -0.000271652330412, 0.000268250703812, -0.000588071998209, -0.00048905267613, 0.00126959197223, -0.000713558809366, -0.00390496710315, 0.0124740935862, -0.00407246220857, -0.0015023733722, 0.00215034838766, -0.00163662084378], [0.000103337042674, 0.000225718569709, 0.000564163958188, -0.000230493533309, 0.000929375586566, -0.00123170786537, 0.000462672411231, -0.000906235945877, -0.00407246220857, 0.0112404618412, -0.00121340958867, -0.00305880326778, 0.00214285939001], [-2.02028445528e-06, -0.000162963493494, -0.000468227255624, 0.00108299101703, -0.000199567250093, -0.000365910324035, 3.82556099794e-05, 0.000214976709685, -0.0015023733722, -0.00121340958867, 0.0115217743441, -0.000883435481228, -0.00286085391417], [0.000100709643448, 0.000268932868494, 5.0455044402e-05, -0.000310082134092, 0.000453363725683, 0.00136485532857, -0.0012070533121, -5.65429072594e-05, 0.00215034838766, -0.00305880326778, -0.000883435481228, 0.0118791488931, -0.00323606585152], [7.7457880252e-05, 6.5359112341e-05, 0.000776482687797, -0.000202264258405, 0.000646444328595, -0.000302573636873, 0.000587031245232, 0.000200397334993, -0.00163662084378, 0.00214285939001, -0.00286085391417, -0.00323606585152, 0.014202057384]]
    },
    "melbands": {
        "dmean": [0.00132244382985, 0.00155892700423, 0.000698445655871, 0.000538433261681, 0.000215069478145, 0.000129727341118, 0.000115123883006, 9.73416681518e-05, 5.57212879357e-05, 5.37178202649e-05, 3.46413980878e-05, 4.59357179352e-05, 3.38120444212e-05, 1.5198271285e-05, 1.97679692064e-05, 1.62180949701e-05, 2.32265883824e-05, 1.77309793798e-05, 1.82554849744e-05, 1.81120212801e-05, 1.2709897419e-05, 1.14590393423e-05, 1.28397332446e-05, 7.09009100319e-06, 5.08171069669e-06, 5.84070721743e-06, 6.72004762237e-06, 1.0034740626e-05, 6.43581506665e-06, 5.07000231664e-06, 5.14677049068e-06, 5.42524230696e-06, 4.24020663559e-06, 4.90332286063e-06, 7.38099197406e-06, 8.39053882373e-06, 6.56333440929e-06, 2.22137914534e-05, 1.2695566511e-05, 4.36311074736e-06],
        "dmean2": [0.00193896901328, 0.00224538939074, 0.00112278468441, 0.000908825139049, 0.000340549042448, 0.000195931526832, 0.000172796673723, 0.000147150305565, 7.93131475803e-05, 7.63507923693e-05, 4.81914430566e-05, 6.44759784336e-05, 4.82218965772e-05, 2.36164723901e-05, 2.92435543088e-05, 2.45832179644e-05, 3.50687732862e-05, 2.68863022939e-05, 2.80208205368e-05, 2.70747023023e-05, 1.96106866497e-05, 1.76387475221e-05, 2.02906412596e-05, 1.114821589e-05, 7.8102648331e-06, 8.78409082361e-06, 1.04153632492e-05, 1.6098643755e-05, 9.68180302152e-06, 7.57135921958e-06, 7.98385372036e-06, 8.44992609927e-06, 6.57323153064e-06, 7.71898157836e-06, 1.11148547148e-05, 1.28439769469e-05, 9.8745467767e-06, 3.5409550037e-05, 2.00159065571e-05, 6.66593086862e-06],
        "dvar": [5.76918318984e-06, 8.35769333207e-06, 1.58773718795e-06, 1.17535080335e-06, 1.64637626199e-07, 4.70577852241e-08, 7.00821658484e-08, 4.74673775841e-08, 1.44884495512e-08, 1.69095812907e-08, 4.16997014696e-09, 1.02370671939e-08, 5.04033881299e-09, 9.93749083023e-10, 1.30281163635e-09, 8.37396874065e-10, 2.17459028562e-09, 1.45007672536e-09, 1.29460342446e-09, 1.44601786101e-09, 8.51586134942e-10, 5.62629276502e-10, 6.59282295423e-10, 2.11821213347e-10, 9.27919477367e-11, 1.35475616836e-10, 1.90424759294e-10, 1.07130404547e-09, 2.19131421342e-10, 9.81781114739e-11, 1.20761275979e-10, 1.80141040973e-10, 7.57422180531e-11, 1.06775976949e-10, 2.71624889248e-10, 3.7589290014e-10, 2.62493471404e-10, 2.19725349027e-09, 7.58799245659e-10, 1.00830788163e-10],
        "dvar2": [1.22248811749e-05, 1.66977970366e-05, 4.04740694648e-06, 3.26765348291e-06, 4.2052491267e-07, 1.08537442145e-07, 1.61908204177e-07, 1.09851526986e-07, 2.86414785222e-08, 3.78246376442e-08, 8.86158524338e-09, 1.93399571913e-08, 9.70210134454e-09, 2.36421215938e-09, 2.80352407955e-09, 1.86287563153e-09, 4.64193172789e-09, 3.3751896833e-09, 3.0308853205e-09, 3.03150216041e-09, 1.77164682924e-09, 1.19872822779e-09, 1.5182360924e-09, 4.90733120806e-10, 2.1224000335e-10, 2.97148222694e-10, 4.45419673367e-10, 2.73896416658e-09, 4.73119821098e-10, 2.07866446278e-10, 2.80440198841e-10, 4.41698372322e-10, 1.72778763519e-10, 2.50765658238e-10, 6.01478811202e-10, 8.71271110814e-10, 5.83019910128e-10, 5.63692781341e-09, 1.90985827153e-09, 2.33863650667e-10],
        "max": [0.0261290147901, 0.0306355059147, 0.0167628843337, 0.0144113972783, 0.01399833709, 0.00382238999009, 0.00725617865101, 0.00687253894284, 0.00332466838881, 0.00336229871027, 0.00200246763416, 0.00226943590678, 0.00208165077493, 0.000510719197337, 0.000749308965169, 0.000602828746196, 0.000972394016571, 0.00121505081188, 0.00103633326944, 0.000918175792322, 0.000597596808802, 0.000535762927029, 0.000633906107396, 0.000359758094419, 0.000160008043167, 0.000325737782987, 0.000288983981591, 0.000683867314365, 0.000564048532397, 0.000186096134712, 0.000271464785328, 0.000278226478258, 0.000239132670686, 0.000168774422491, 0.000439936935436, 0.000784448406193, 0.000404570891988, 0.000540446955711, 0.00107844802551, 0.000266063463641],
        "mean": [0.00308201997541, 0.00335295917466, 0.00129261962138, 0.000905495078769, 0.000455464818515, 0.000285814516246, 0.000239176821196, 0.000182873016456, 0.000123234160128, 0.000130007058033, 7.87802127888e-05, 9.15491909836e-05, 6.63703758619e-05, 2.91022297461e-05, 4.16505245084e-05, 3.22414380207e-05, 4.02683217544e-05, 3.26332519762e-05, 3.08382259391e-05, 3.04609457089e-05, 2.14131359826e-05, 2.06785862247e-05, 2.10222333408e-05, 1.20272679851e-05, 9.39967685554e-06, 1.07223959276e-05, 1.12976758828e-05, 1.25958804347e-05, 1.07464802568e-05, 8.26807445264e-06, 7.87612043496e-06, 7.7874683484e-06, 6.82099744154e-06, 7.64333799452e-06, 1.20779823192e-05, 1.41158016049e-05, 1.10641603897e-05, 2.69321280939e-05, 1.6744083041e-05, 6.36919912722e-06],
        "median": [0.00222215801477, 0.00237314216793, 0.00089421949815, 0.000504854077008, 0.000222533737542, 0.000166586789419, 0.000107927262434, 7.70546976128e-05, 4.57261739939e-05, 4.02787372877e-05, 4.11626897403e-05, 2.97075966955e-05, 2.19399116759e-05, 9.85186670732e-06, 1.49396819324e-05, 1.26262630147e-05, 1.64317843883e-05, 1.40071097121e-05, 1.27368030007e-05, 1.07566274892e-05, 8.38629694044e-06, 9.03196814761e-06, 8.05062518339e-06, 4.78357151223e-06, 4.17679120801e-06, 4.82990481032e-06, 5.15225565323e-06, 4.11189103033e-06, 3.38833797286e-06, 2.995127943e-06, 2.73773730441e-06, 2.2180979613e-06, 1.79015114554e-06, 1.65300878052e-06, 2.19623098019e-06, 2.26943939197e-06, 1.71467922883e-06, 3.22839446198e-06, 2.13381235881e-06, 7.03941907432e-07],
        "min": [3.33881370721e-23, 1.71677731988e-23, 2.38375976744e-24, 1.09811765146e-23, 6.45482477469e-24, 5.5827110394e-24, 2.53655147516e-24, 6.68153196036e-24, 1.17379631243e-23, 4.89744887028e-24, 1.11993068101e-23, 1.40792612702e-23, 1.74117615659e-23, 1.12252682225e-23, 1.84292454055e-23, 1.26630902846e-23, 1.21915589337e-23, 6.40359180877e-24, 4.27374861734e-24, 3.84882198543e-24, 7.19909965598e-24, 6.11244533676e-24, 8.10071323924e-24, 8.89763945836e-24, 8.98851150147e-24, 1.34385216218e-23, 9.73405842097e-24, 6.70946710274e-24, 1.40780306472e-23, 8.51723416378e-24, 8.96705211827e-24, 1.18754710464e-23, 7.92486825486e-24, 8.94152457937e-24, 1.41940563092e-23, 1.32454810474e-23, 1.35794121794e-23, 1.51629889155e-23, 1.20318248556e-23, 8.96353143205e-24],
        "var": [1.3298092199e-05, 1.82091262104e-05, 2.31613557844e-06, 1.63703384715e-06, 4.83375913518e-07, 1.35142485647e-07, 1.5973999723e-07, 9.98608058467e-08, 4.627980843e-08, 6.23736795546e-08, 1.32529560659e-08, 3.17585246989e-08, 1.55413903968e-08, 2.39837660843e-09, 4.61733051793e-09, 2.56708831969e-09, 4.26316759672e-09, 2.90233703737e-09, 2.54521115295e-09, 3.24185855938e-09, 1.54623247539e-09, 1.14402065599e-09, 1.34007560604e-09, 4.14060119525e-10, 2.0003927681e-10, 2.99560098949e-10, 3.19121090664e-10, 9.68377822375e-10, 4.59251331408e-10, 1.86500773158e-10, 1.88085672037e-10, 2.28376026423e-10, 1.8950041536e-10, 2.1465987321e-10, 6.34998942317e-10, 1.13570219895e-09, 5.93846360974e-10, 2.72814149049e-09, 1.42202283282e-09, 1.97141594716e-10]
    },
    "mfcc": {
        "mean": [-644.209838867, 92.0747909546, 22.6208553314, 19.6810722351, 11.8049325943, 5.13250637054, 0.00959122925997, 1.35300934315, 1.72805011272, 5.28005695343, -3.58422136307, 2.01773262024, -2.32703518867],
        "cov": [[13625.0722656, -635.050292969, 532.214660645, -116.519577026, 388.717041016, 176.30456543, 305.112823486, 182.534072876, 81.6587753296, 133.582839966, -61.5159072876, 66.3548126221, -177.97203064], [-635.050292969, 2277.06274414, -269.94744873, 237.747268677, 73.7770690918, 51.4641151428, 51.8819770813, 57.036075592, -5.69145441055, -14.6451921463, 35.0001487732, -10.9499597549, -14.2748937607], [532.214660645, -269.94744873, 1397.95056152, 191.685562134, 557.908508301, 260.114074707, 290.347137451, 165.247512817, 46.8933029175, 52.4398918152, 41.22448349, 16.3224601746, -8.88204193115], [-116.519577026, 237.747268677, 191.685562134, 460.379425049, 188.743591309, 139.851028442, 60.0869903564, 84.65284729, 60.5400810242, 33.1830978394, 12.9192895889, 8.1793718338, 20.9046382904], [388.717041016, 73.7770690918, 557.908508301, 188.743591309, 487.020324707, 146.53767395, 181.083251953, 117.739448547, 59.5822715759, 55.1051826477, 30.9239444733, 23.4622516632, 4.58830785751], [176.30456543, 51.4641151428, 260.114074707, 139.851028442, 146.53767395, 257.162567139, 141.120895386, 84.4294815063, 51.5194358826, 35.8002090454, 32.5037498474, 4.48381280899, -2.95380425453], [305.112823486, 51.8819770813, 290.347137451, 60.0869903564, 181.083251953, 141.120895386, 244.667877197, 115.969917297, 46.4579734802, 38.6151924133, 36.2626571655, 19.7015953064, -13.2514772415], [182.534072876, 57.036075592, 165.247512817, 84.65284729, 117.739448547, 84.4294815063, 115.969917297, 157.922058105, 62.7519645691, 26.3045864105, 33.8800926208, 10.9538812637, -0.843172609806], [81.6587753296, -5.69145441055, 46.8933029175, 60.5400810242, 59.5822715759, 51.5194358826, 46.4579734802, 62.7519645691, 135.512893677, 60.6262207031, 30.7920284271, 15.4112577438, 11.6755685806], [133.582839966, -14.6451921463, 52.4398918152, 33.1830978394, 55.1051826477, 35.8002090454, 38.6151924133, 26.3045864105, 60.6262207031, 118.705352783, 40.1901168823, 21.5379905701, 21.8782997131], [-61.5159072876, 35.0001487732, 41.22448349, 12.9192895889, 30.9239444733, 32.5037498474, 36.2626571655, 33.8800926208, 30.7920284271, 40.1901168823, 104.600517273, 33.9715766907, 11.1822490692], [66.3548126221, -10.9499597549, 16.3224601746, 8.1793718338, 23.4622516632, 4.48381280899, 19.7015953064, 10.9538812637, 15.4112577438, 21.5379905701, 33.9715766907, 94.7673339844, 31.0242824554], [-177.97203064, -14.2748937607, -8.88204193115, 20.9046382904, 4.58830785751, -2.95380425453, -13.2514772415, -0.843172609806, 11.6755685806, 21.8782997131, 11.1822490692, 31.0242824554, 92.6918029785]],
