{
"lowlevel": {
    "average_loudness": 0.109268009663,
    "barkbands_crest": {
        "dmean": 2.27325630188,
        "dmean2": 3.46422886848,
        "dvar": 4.55799150467,
        "dvar2": 11.7031736374,
        "max": 25.7424964905,
        "mean": 13.7904281616,
        "median": 13.1920022964,
        "min": 4.21815776825,
        "var": 21.7114467621
    },
    "barkbands_flatness_db": {
        "dmean": 0.0173856392503,
        "dmean2": 0.0265894122422,
        "dvar": 0.000265478796791,
        "dvar2": 0.000605285284109,
        "max": 0.538987457752,
        "mean": 0.334421992302,
        "median": 0.348215699196,
        "min": 0.0547500476241,
        "var": 0.00657018553466
    },
    "barkbands_kurtosis": {
        "dmean": 2.21706676483,
        "dmean2": 3.25843787193,
        "dvar": 18.2556648254,
        "dvar2": 37.3149032593,
        "max": 137.569122314,
        "mean": 3.57504272461,
        "median": 1.0286359787,
        "min": -1.79272449017,
        "var": 74.7536010742
    },
    "barkbands_skewness": {
        "dmean": 0.456582814455,
        "dmean2": 0.666109859943,
        "dvar": 0.19516685605,
        "dvar2": 0.434759289026,
        "max": 9.47240924835,
        "mean": 0.751805484295,
        "median": 0.511778652668,
        "min": -3.74293088913,
        "var": 2.03982710838
    },
    "barkbands_spread": {
        "dmean": 1.71293497086,
        "dmean2": 2.54830527306,
        "dvar": 3.80457854271,
        "dvar2": 9.11427402496,
        "max": 49.4511680603,
        "mean": 8.71268749237,
        "median": 7.2260799408,
        "min": 0.387191861868,
        "var": 34.6680221558
    },
    "dissonance": {
        "dmean": 0.0505113042891,
        "dmean2": 0.0856033414602,
        "dvar": 0.00201615015976,
        "dvar2": 0.00557694165036,
        "max": 0.499955356121,
        "mean": 0.351622760296,
        "median": 0.354392081499,
        "min": 0.000150529740495,
        "var": 0.00549582345411
    },
    "dynamic_complexity": 6.53156375885,
    "erbbands_crest": {
        "dmean": 3.4774954319,
        "dmean2": 5.45638227463,
        "dvar": 9.69869041443,
        "dvar2": 23.4884262085,
        "max": 33.5255966187,
        "mean": 16.4469165802,
        "median": 15.5878696442,
        "min": 2.62059497833,
        "var": 35.405090332
    },
    "erbbands_flatness_db": {
        "dmean": 0.0189234353602,
        "dmean2": 0.0279656015337,
        "dvar": 0.000302463129628,
        "dvar2": 0.000705523008946,
        "max": 0.528351068497,
        "mean": 0.332582592964,
        "median": 0.334881693125,
        "min": 0.0827332288027,
        "var": 0.00656804582104
    },
    "erbbands_kurtosis": {
        "dmean": 2.29287433624,
        "dmean2": 3.56708240509,
        "dvar": 14.7144851685,
        "dvar2": 39.0511207581,
        "max": 66.2115325928,
        "mean": 3.44267654419,
        "median": 1.76908731461,
        "min": -1.67170083523,
        "var": 29.5326957703
    },
    "erbbands_skewness": {
        "dmean": 0.423941701651,
        "dmean2": 0.61463367939,
        "dvar": 0.136865794659,
        "dvar2": 0.312609016895,
        "max": 4.9857749939,
        "mean": 0.376055657864,
        "median": 0.321283936501,
        "min": -3.4700729847,
        "var": 0.857976973057
    },
    "erbbands_spread": {
        "dmean": 2.84553766251,
        "dmean2": 4.33185577393,
        "dvar": 9.38524341583,
        "dvar2": 21.6144065857,
        "max": 61.4846229553,
        "mean": 11.3906240463,
        "median": 9.35432529449,
        "min": 0.759364664555,
        "var": 62.1295433044
    },
    "hfc": {
        "dmean": 4.25909328461,
        "dmean2": 6.41156435013,
        "dvar": 58.8774871826,
        "dvar2": 154.096679688,
        "max": 130.485565186,
        "mean": 14.7941064835,
        "median": 9.59816455841,
        "min": 1.04239831721e-16,
        "var": 256.680877686
    },
    "melbands_crest": {
        "dmean": 2.38652300835,
        "dmean2": 3.63259029388,
        "dvar": 6.0369758606,
        "dvar2": 15.2519025803,
        "max": 34.2889671326,
        "mean": 15.4042482376,
        "median": 14.6686515808,
        "min": 1.6105298996,
        "var": 27.3531169891
    },
    "melbands_flatness_db": {
        "dmean": 0.0169868580997,
        "dmean2": 0.025405973196,
        "dvar": 0.00029237990384,
        "dvar2": 0.000603262975346,
        "max": 0.67791557312,
        "mean": 0.42273363471,
        "median": 0.445472240448,
        "min": 0.00307718361728,
        "var": 0.0130267906934
    },
    "melbands_kurtosis": {
        "dmean": 2.74828529358,
        "dmean2": 4.07444000244,
        "dvar": 26.462015152,
        "dvar2": 54.5086250305,
        "max": 166.72958374,
        "mean": 4.98954582214,
        "median": 1.25742101669,
        "min": -1.81764113903,
        "var": 126.550437927
    },
    "melbands_skewness": {
        "dmean": 0.483727902174,
        "dmean2": 0.708669781685,
        "dvar": 0.215182438493,
        "dvar2": 0.483272403479,
        "max": 10.1227550507,
        "mean": 1.17444849014,
        "median": 0.849477648735,
        "min": -3.14635586739,
        "var": 2.33637976646
    },
    "melbands_spread": {
        "dmean": 2.65327143669,
        "dmean2": 4.01480388641,
        "dvar": 17.2993755341,
        "dvar2": 39.7255096436,
        "max": 172.658370972,
        "mean": 13.9169063568,
        "median": 9.84405994415,
        "min": 0.590250849724,
        "var": 303.204498291
    },
    "pitch_salience": {
        "dmean": 0.0442523695529,
        "dmean2": 0.0681961104274,
        "dvar": 0.00165766791906,
        "dvar2": 0.00410585524514,
        "max": 0.974634408951,
        "mean": 0.432480812073,
        "median": 0.423177421093,
        "min": 0.0851355940104,
        "var": 0.0126395570114
    },
    "silence_rate_20dB": {
        "dmean": 0.00305975531228,
        "dmean2": 0.0061200610362,
        "dvar": 0.00305038434453,
        "dvar2": 0.0075231208466,
        "max": 1,
        "mean": 0.994870901108,
        "median": 1,
        "min": 0,
        "var": 0.0051031135954
    },
    "silence_rate_30dB": {
        "dmean": 0.0268178544939,
        "dmean2": 0.0536405369639,
        "dvar": 0.0260980743915,
        "dvar2": 0.0619194917381,
        "max": 1,
        "mean": 0.876091063023,
        "median": 1,
        "min": 0,
        "var": 0.108568325639
    },
    "silence_rate_60dB": {
        "dmean": 0.0053995680064,
        "dmean2": 0.0108001083136,
        "dvar": 0.00537082878873,
        "dvar2": 0.0123041337356,
        "max": 1,
        "mean": 0.176999911666,
        "median": 0,
        "min": 0,
        "var": 0.145682185888
    },
    "spectral_centroid": {
        "dmean": 67.285987854,
        "dmean2": 98.5445632935,
        "dvar": 24304.84375,
        "dvar2": 39393.0585938,
        "max": 11601.0996094,
        "mean": 835.681640625,
        "median": 583.049987793,
        "min": 163.487426758,
        "var": 1829026.125
    },
    "spectral_complexity": {
        "dmean": 1.03905689716,
        "dmean2": 1.7697776556,
        "dvar": 1.06947040558,
        "dvar2": 2.76419210434,
        "max": 20,
        "mean": 8.90506649017,
        "median": 9,
        "min": 0,
        "var": 19.4526729584
    },
    "spectral_decrease": {
        "dmean": 1.95352045651e-09,
        "dmean2": 2.79279688264e-09,
        "dvar": 1.03856008336e-17,
        "dvar2": 2.39509782405e-17,
        "max": 4.03124858425e-25,
        "mean": -1.11988542884e-08,
        "median": -4.91333596031e-09,
        "min": -1.16043594289e-07,
        "var": 2.36745973455e-16
    },
    "spectral_energy": {
        "dmean": 0.00770044932142,
        "dmean2": 0.0110428165644,
        "dvar": 0.000159440882271,
        "dvar2": 0.000370942027075,
        "max": 0.443596571684,
        "mean": 0.0436089411378,
        "median": 0.0195689629763,
        "min": 9.54447115776e-21,
        "var": 0.00348662328906
    },
    "spectral_energyband_high": {
        "dmean": 8.23338268674e-06,
        "dmean2": 1.31152773974e-05,
        "dvar": 6.70050015472e-10,
        "dvar2": 1.74860603774e-09,
        "max": 0.000420419906732,
        "mean": 2.1609101168e-05,
        "median": 3.06405382844e-07,
        "min": 6.80975954608e-21,
        "var": 2.12557682566e-09
    },
    "spectral_energyband_low": {
        "dmean": 0.00418556248769,
        "dmean2": 0.00578347640112,
        "dvar": 9.86391023616e-05,
        "dvar2": 0.000210679601878,
        "max": 0.407502949238,
        "mean": 0.0258817952126,
        "median": 0.00351008609869,
        "min": 7.84357298313e-24,
        "var": 0.00264197262004
    },
    "spectral_energyband_middle_high": {
        "dmean": 0.0036867139861,
        "dmean2": 0.00572588481009,
        "dvar": 6.90936722094e-05,
        "dvar2": 0.000183202719199,
        "max": 0.13815356791,
        "mean": 0.00749853393063,
        "median": 0.00212337542325,
        "min": 1.11306400655e-21,
        "var": 0.000178309273906
    },
    "spectral_energyband_middle_low": {
        "dmean": 0.00275294622406,
        "dmean2": 0.00346699752845,
        "dvar": 1.24035886984e-05,
        "dvar2": 2.11030583159e-05,
        "max": 0.104094579816,
        "mean": 0.0113120172173,
        "median": 0.00832278467715,
        "min": 1.2816017282e-22,
        "var": 0.000124739497551
    },
    "spectral_entropy": {
        "dmean": 0.135565713048,
        "dmean2": 0.198932260275,
        "dvar": 0.0192353483289,
        "dvar2": 0.0415330380201,
        "max": 9.82579421997,
        "mean": 5.85979127884,
        "median": 5.78206586838,
        "min": 4.38777351379,
        "var": 0.528976380825
    },
    "spectral_flux": {
        "dmean": 0.0146431494504,
        "dmean2": 0.0249384045601,
        "dvar": 0.000332317635184,
        "dvar2": 0.000937049626373,
        "max": 0.253065556288,
        "mean": 0.0476437918842,
        "median": 0.0432684123516,
        "min": 6.22201248857e-11,
        "var": 0.00115409097634
    },
    "spectral_kurtosis": {
        "dmean": 19.912569046,
        "dmean2": 34.3622322083,
        "dvar": 627.504882812,
        "dvar2": 1795.15002441,
        "max": 386.660644531,
        "mean": 69.6616363525,
        "median": 38.8772201538,
        "min": -1.2692565918,
        "var": 4838.46289062
    },
    "spectral_rms": {
        "dmean": 0.00053117092466,
        "dmean2": 0.000759682734497,
        "dvar": 4.25988758934e-07,
        "dvar2": 1.06163327018e-06,
        "max": 0.0208032969385,
        "mean": 0.00525249587372,
        "median": 0.00436940183863,
        "min": 3.0515043617e-12,
        "var": 1.49566758409e-05
    },
    "spectral_rolloff": {
        "dmean": 104.603118896,
        "dmean2": 185.715515137,
        "dvar": 127510.914062,
        "dvar2": 219312.390625,
        "max": 19444.4824219,
        "mean": 998.891540527,
        "median": 602.9296875,
        "min": 64.599609375,
        "var": 5504646
    },
    "spectral_skewness": {
        "dmean": 1.08564221859,
        "dmean2": 1.89545845985,
        "dvar": 1.37536728382,
        "dvar2": 3.99625658989,
        "max": 16.1769065857,
        "mean": 5.43101978302,
        "median": 4.24730157852,
        "min": -0.0682469084859,
        "var": 10.51471138
    },
    "spectral_spread": {
        "dmean": 291513.625,
        "dmean2": 503360.96875,
        "dvar": 385848147968,
        "dvar2": 846952660992,
        "max": 42719304,
        "mean": 2221002,
        "median": 1418850,
        "min": 239755.78125,
        "var": 2.55581382246e+13
    },
    "spectral_strongpeak": {
        "dmean": 0.543331801891,
        "dmean2": 0.891998946667,
        "dvar": 1.15541470051,
        "dvar2": 2.91646742821,
        "max": 14.0361213684,
        "mean": 1.39746665955,
        "median": 0.775693118572,
        "min": 0,
        "var": 2.92805838585
    },
    "zerocrossingrate": {
        "dmean": 0.00275523867458,
        "dmean2": 0.00367048103362,
        "dvar": 9.13437761483e-05,
        "dvar2": 0.000161103278515,
        "max": 0.53125,
        "mean": 0.0330966189504,
        "median": 0.02294921875,
        "min": 0.00244140625,
        "var": 0.003867223626
    },
    "barkbands": {
        "dmean": [7.12032051524e-05, 0.00395002542064, 0.000556337588932, 0.000384776911233, 0.000339158723364, 0.000222721399041, 0.00155847822316, 0.00103122065775, 0.000506995711476, 0.00276684015989, 0.000193072017282, 0.000811127130874, 0.000591598916799, 1.9022358174e-05, 6.68940556352e-05, 5.02505281474e-05, 1.97541503439e-05, 3.00749306916e-05, 2.40494100581e-05, 7.66015182307e-06, 1.09271684323e-06, 3.92860698639e-07, 7.25992208572e-07, 2.90488770816e-07, 4.00992774985e-07, 9.64831485817e-08, 4.85804285688e-09],
        "dmean2": [0.000123646546854, 0.00542860664427, 0.000783465977293, 0.000510019192006, 0.000356550095603, 0.000272174482234, 0.00194379198365, 0.00127273343969, 0.00071835052222, 0.00426353374496, 0.000287977803964, 0.00126999698114, 0.000969529966824, 3.13534073939e-05, 0.000109888598672, 8.46777256811e-05, 3.14220160362e-05, 4.89480153192e-05, 3.5478900827e-05, 1.22763631225e-05, 1.6974289565e-06, 6.09807557339e-07, 1.10511098228e-06, 4.52408812635e-07, 5.81055417115e-07, 1.38340652711e-07, 8.31884872099e-09],
        "dvar": [4.28903099703e-08, 8.96519632079e-05, 1.44154535064e-06, 5.4667140148e-07, 5.37377673027e-07, 2.46838794737e-07, 8.17755153548e-06, 4.29881674791e-06, 2.24595441978e-06, 6.33777381154e-05, 4.1012941665e-07, 4.68676307719e-06, 2.10001030609e-06, 7.69394503664e-09, 2.08060910722e-08, 2.13877981992e-08, 1.95172655815e-09, 4.65946081718e-09, 3.46677730967e-09, 6.78952283284e-10, 6.29348396314e-12, 7.68494697132e-13, 2.37707943607e-12, 5.86677841724e-13, 9.55227542031e-13, 6.53595762039e-14, 1.17684719518e-16],
        "dvar2": [1.35798671863e-07, 0.000190617400222, 2.90887896881e-06, 1.07580444819e-06, 5.28239127107e-07, 3.45775106325e-07, 1.3752904124e-05, 6.28562793281e-06, 4.25240159529e-06, 0.000169809674844, 8.76988281107e-07, 1.1685946447e-05, 5.68303812543e-06, 2.03251531161e-08, 5.52809851229e-08, 5.80436818609e-08, 4.86741180694e-09, 1.26252750476e-08, 7.38224992247e-09, 1.77750758557e-09, 1.45519221673e-11, 1.85784742625e-12, 5.34769494312e-12, 1.42652946747e-12, 1.84533139637e-12, 1.28982450263e-13, 3.16011475478e-16],
        "max": [0.00784642249346, 0.386689335108, 0.0247797258198, 0.0269733741879, 0.0323864109814, 0.0153398998082, 0.0955424308777, 0.05716734007, 0.0421398803592, 0.133822187781, 0.019015122205, 0.0406987220049, 0.0263839419931, 0.00247257971205, 0.00289856339805, 0.0032944646664, 0.0012380379485, 0.0014918652596, 0.00128356169444, 0.000387274863897, 5.03648079757e-05, 1.91976723727e-05, 3.3487300243e-05, 2.3701803002e-05, 2.37916156038e-05, 6.95149219609e-06, 2.49132767749e-07],
        "mean": [0.000330132665113, 0.0227101463825, 0.00177136191633, 0.00150447606575, 0.00133474962786, 0.000631276634522, 0.00405706139281, 0.00260780821554, 0.00110231060535, 0.00475314166397, 0.000329293659888, 0.00119617232122, 0.000888476148248, 2.60911656369e-05, 0.00011098926916, 7.77333043516e-05, 3.68010769307e-05, 6.33339441265e-05, 5.38096974196e-05, 1.46188158396e-05, 2.50902303378e-06, 1.08316953629e-06, 2.71221233561e-06, 1.07879213829e-06, 1.52813026943e-06, 3.24001149465e-07, 8.49608028375e-09],
        "median": [9.43428290157e-07, 0.00241805939004, 0.000489135971293, 0.000260587839875, 0.000232525169849, 0.000105975625047, 0.00152631779201, 0.000458341412013, 5.1873827033e-05, 0.000316421152093, 2.97627047985e-05, 0.000138579445775, 0.000110913497338, 9.97362349153e-07, 3.19120954373e-05, 8.25041388453e-06, 1.11611507236e-05, 1.27959674501e-05, 2.87477587335e-06, 3.67177335647e-07, 6.98537476751e-08, 3.24545510466e-08, 6.68561455086e-08, 1.73480518839e-08, 7.65892504972e-09, 3.78527342804e-09, 9.85525328012e-10],
        "min": [1.29378895372e-25, 1.0277691067e-24, 5.83991558768e-25, 6.28322410849e-26, 5.89794498473e-24, 7.79646615418e-24, 5.28489750945e-24, 7.60063301218e-24, 1.39643053037e-23, 1.35099924198e-23, 1.17235853455e-23, 2.23050641832e-23, 1.97526637036e-23, 2.20854784394e-23, 4.6644294563e-23, 6.22014362521e-23, 6.67700705421e-23, 7.58324730669e-23, 8.49713256797e-23, 1.36497902473e-22, 2.15171189877e-22, 2.90688781225e-22, 3.93730474241e-22, 5.21559085667e-22, 7.98018053096e-22, 1.21763651887e-21, 1.82565627436e-21],
        "var": [7.57011036967e-07, 0.00227333628573, 9.85107817542e-06, 9.59186036198e-06, 6.87999454385e-06, 1.82206804311e-06, 4.67426289106e-05, 3.10973955493e-05, 1.01459709185e-05, 0.000144846693729, 1.18109346658e-06, 8.19561682874e-06, 3.66984795619e-06, 1.2609605804e-08, 4.35230553819e-08, 3.8674127012e-08, 4.98870411647e-09, 1.32095090422e-08, 1.22126273538e-08, 1.77337866614e-09, 2.28634298993e-11, 3.63742955027e-12, 2.28020519133e-11, 6.10063518799e-12, 1.0177026756e-11, 5.72320294455e-13, 4.28576754333e-16]
    },
    "erbbands": {
        "dmean": [0.115011975169, 0.908104419708, 0.83189624548, 1.05237329006, 0.869558691978, 1.40734088421, 1.31454598904, 2.39539885521, 18.9325790405, 16.4754314423, 24.5559482574, 15.9358139038, 16.1602458954, 111.530937195, 9.08710384369, 41.7513008118, 23.9503765106, 9.12521934509, 3.67125606537, 2.05914592743, 1.90244305134, 0.729411244392, 1.84691238403, 0.604305028915, 1.51288437843, 0.340747535229, 0.182482227683, 0.021714322269, 0.0136754028499, 0.0176190119237, 0.0251801107079, 0.00506239430979, 0.00645466893911, 0.00638844165951, 0.00200442736968, 0.000648342364002, 0.000131104621687, 8.9775357992e-06, 3.8466650949e-06, 8.6746249508e-06],
        "dmean2": [0.151511311531, 1.26588439941, 1.18691158295, 1.36590397358, 1.03718030453, 1.48687565327, 1.56561422348, 3.09153485298, 23.2375507355, 20.9532394409, 30.5309181213, 22.0131721497, 24.2113723755, 172.004425049, 13.9858026505, 65.4315338135, 38.5863800049, 15.1088838577, 5.9853720665, 3.45573759079, 3.20953440666, 1.14670014381, 3.04288339615, 0.905555665493, 2.23027682304, 0.542532026768, 0.296814739704, 0.0324410498142, 0.020813498646, 0.0273325927556, 0.0392429307103, 0.00774816423655, 0.00988701730967, 0.00931811705232, 0.00294741825201, 0.000921918195672, 0.000191980085219, 1.3797704014e-05, 5.56001259611e-06, 1.24806965687e-05],
        "dvar": [0.080846734345, 4.69041347504, 3.9256234169, 4.08743286133, 2.52876257896, 9.57771778107, 8.72531986237, 26.3812046051, 947.597473145, 1297.08703613, 2590.05517578, 1763.58032227, 1399.28735352, 105200.273438, 393.038787842, 12259.1865234, 2798.6105957, 620.220214844, 62.6473083496, 22.7466106415, 18.8414783478, 2.02325391769, 21.2098903656, 1.37639641762, 15.9878034592, 1.14891970158, 0.296409845352, 0.00318884220906, 0.00111453456338, 0.00156150269322, 0.0027332236059, 0.000134938120027, 0.000277420505881, 0.000259812863078, 2.07289031096e-05, 2.96996086036e-06, 1.25390087646e-07, 4.99167041035e-10, 3.76086765896e-11, 2.00188726707e-10],
        "dvar2": [0.148009285331, 10.5152568817, 8.55757331848, 7.45516395569, 3.64105367661, 10.153096199, 12.4541559219, 41.736743927, 1465.64318848, 2349.40429688, 3797.24462891, 3293.62548828, 3584.11889648, 278258.4375, 976.074401855, 30628.0058594, 7318.32226562, 1722.9005127, 155.042785645, 64.0875778198, 52.1791000366, 4.65125894547, 58.2101631165, 2.71229982376, 34.0095710754, 3.01402425766, 0.79515427351, 0.00637931656092, 0.00253197853453, 0.00369892618619, 0.00636121351272, 0.000316724181175, 0.000657659664284, 0.000511414604262, 4.1695398977e-05, 5.66413518754e-06, 2.64964597818e-07, 1.1314168491e-09, 8.83200526602e-11, 4.70117722529e-10],
        "max": [8.24351978302, 94.1380157471, 64.1145706177, 75.1129684448, 58.6704406738, 133.421981812, 92.7803955078, 163.817657471, 711.781616211, 1274.70300293, 1565.48815918, 1203.01623535, 615.906982422, 5350.71630859, 399.425872803, 2018.38085938, 987.78717041, 575.481201172, 182.242080688, 96.5187225342, 97.4487075806, 32.4613800049, 101.321853638, 30.6849517822, 85.5178527832, 17.1280841827, 12.1170349121, 1.27520108223, 0.815098106861, 0.78426361084, 1.0459703207, 0.262675046921, 0.443800449371, 0.412965267897, 0.119762182236, 0.0429997444153, 0.0101473294199, 0.000698159274179, 0.00021217376343, 0.00048375769984],
        "mean": [0.493415206671, 5.5367603302, 4.12031078339, 4.42097043991, 3.84691500664, 4.97016477585, 3.72847509384, 6.63755655289, 50.5116653442, 45.7706832886, 60.9305839539, 37.0052719116, 33.0053672791, 190.519638062, 17.197517395, 62.7085456848, 40.2007141113, 13.4087572098, 6.23275089264, 3.62217211723, 3.23514819145, 1.66701006889, 3.72441267967, 1.7636026144, 3.24518442154, 0.742127120495, 0.364899307489, 0.0539818517864, 0.0357469916344, 0.0551748536527, 0.0869020596147, 0.0197304859757, 0.0244540907443, 0.024596825242, 0.00711558386683, 0.00214088708162, 0.000441523967311, 2.82957262243e-05, 2.18689037865e-05, 4.85501732328e-05],
        "median": [0.0577380508184, 0.54071855545, 0.703513801098, 0.861498951912, 0.935608744621, 0.802220284939, 0.807838141918, 2.24124407768, 19.0677623749, 17.3996372223, 12.367805481, 5.64365434647, 5.10679531097, 15.8581399918, 4.83198642731, 9.04480457306, 6.87906455994, 1.39801740646, 2.29065108299, 0.943169355392, 0.940886259079, 0.62885427475, 0.759037911892, 0.318029671907, 0.105360403657, 0.0234714429826, 0.00467518810183, 0.00216143485159, 0.00110466266051, 0.00177324423566, 0.00165951636154, 0.000392478221329, 0.000397300289478, 0.000182922754902, 6.34615425952e-05, 4.52319836768e-05, 1.80539882422e-05, 3.54632970812e-06, 1.05230574263e-05, 2.23940005526e-05],
        "min": [3.19195809892e-23, 1.37011760156e-22, 1.57068400996e-21, 3.45574895733e-21, 1.1518665321e-20, 1.69844542811e-20, 4.01097908011e-20, 7.07853669961e-20, 4.62810073039e-20, 1.7731386742e-19, 1.97375465892e-19, 4.00344688977e-19, 4.1265450651e-19, 4.32540962411e-19, 7.57383164165e-19, 1.0226432879e-18, 1.18973904491e-18, 1.49050998065e-18, 2.57335392257e-18, 2.7175372936e-18, 3.31133365261e-18, 4.39094931539e-18, 4.12544543187e-18, 6.30130350134e-18, 6.53314072034e-18, 8.53982753325e-18, 7.75653877836e-18, 9.57770924579e-18, 1.06598004534e-17, 9.6894977425e-18, 1.02788771638e-17, 1.00566501292e-17, 9.70576755796e-18, 6.38498026493e-18, 5.71931576596e-18, 3.70045161367e-18, 2.36135766453e-18, 9.84454633767e-19, 2.59579822772e-19, 2.70269115936e-20],
        "var": [0.958904743195, 143.938995361, 64.632850647, 77.6819229126, 38.8442344666, 107.514686584, 58.0414505005, 177.57850647, 6100.20703125, 8511.94433594, 16790.6054688, 8395.10742188, 4147.94189453, 242589.75, 1078.89587402, 21492.0664062, 5925.90429688, 1004.90887451, 129.49697876, 45.8807220459, 34.6086616516, 7.16423463821, 55.7327613831, 8.25449943542, 51.7819404602, 3.22890949249, 0.766896665096, 0.0123378410935, 0.00439919950441, 0.0097327278927, 0.0234609786421, 0.00142087775748, 0.00291558890603, 0.00285373185761, 0.000200742841116, 2.29353790928e-05, 1.13152873382e-06, 4.25835100515e-09, 7.80130737787e-10, 4.1724175226e-09]
    },
    "gfcc": {
        "mean": [-185.051589966, 200.166564941, -106.83506012, -22.58659935, -32.0378074646, 4.62876224518, -12.8312339783, 13.7742328644, -6.33229827881, -6.20317077637, 10.3545541763, -8.33270645142, -12.6565265656],
        "cov": [[40977.8828125, -41.940486908, -6572.63476562, 3342.62353516, 623.08416748, 1366.96606445, -35.2491073608, 1478.7220459, -417.484619141, -345.396392822, 117.946411133, -923.231262207, -99.9140319824], [-41.940486908, 3439.83105469, 712.667236328, -1225.59265137, 414.511962891, -691.160644531, -94.3301925659, -477.977325439, 251.532958984, -381.88873291, 149.546051025, 78.9881820679, 70.1846923828], [-6572.63476562, 712.667236328, 2107.59277344, -420.242706299, 34.012298584, -127.593605042, 2.10627603531, -255.329101562, 23.8470096588, -14.6795682907, -97.6125793457, 230.926223755, 82.4811248779], [3342.62353516, -1225.59265137, -420.242706299, 1255.55224609, 214.207473755, 469.266723633, 60.624546051, 278.226257324, -133.846496582, 95.1501159668, -65.5895462036, -123.467727661, 21.2500896454], [623.08416748, 414.511962891, 34.012298584, 214.207473755, 552.227722168, -7.0053691864, 36.211479187, -70.4858169556, 90.075592041, -103.399993896, -10.3560037613, -48.2059440613, 66.1059799194], [1366.96606445, -691.160644531, -127.593605042, 469.266723633, -7.0053691864, 484.408782959, 133.552200317, 155.223297119, -141.606521606, 93.6161727905, -60.9929084778, -37.791229248, 12.1807451248], [-35.2491073608, -94.3301925659, 2.10627603531, 60.624546051, 36.211479187, 133.552200317, 180.565383911, 43.2194023132, -17.4403972626, 1.65944862366, -19.8018760681, -6.41532230377, 32.2497596741], [1478.7220459, -477.977325439, -255.329101562, 278.226257324, -70.4858169556, 155.223297119, 43.2194023132, 229.79309082, -0.881034076214, 18.7799472809, -51.0509529114, -34.5081787109, -6.16049671173], [-417.484619141, 251.532958984, 23.8470096588, -133.846496582, 90.075592041, -141.606521606, -17.4403972626, -0.881034076214, 187.523117065, -21.6798191071, -7.28811979294, -13.4984416962, 1.26996290684], [-345.396392822, -381.88873291, -14.6795682907, 95.1501159668, -103.399993896, 93.6161727905, 1.65944862366, 18.7799472809, -21.6798191071, 198.86289978, 31.5477104187, -10.4734373093, -60.0787658691], [117.946411133, 149.546051025, -97.6125793457, -65.5895462036, -10.3560037613, -60.9929084778, -19.8018760681, -51.0509529114, -7.28811979294, 31.5477104187, 159.010253906, 37.6259689331, -17.942117691], [-923.231262207, 78.9881820679, 230.926223755, -123.467727661, -48.2059440613, -37.791229248, -6.41532230377, -34.5081787109, -13.4984416962, -10.4734373093, 37.6259689331, 134.67225647, 61.5844650269], [-99.9140319824, 70.1846923828, 82.4811248779, 21.2500896454, 66.1059799194, 12.1807451248, 32.2497596741, -6.16049671173, 1.26996290684, -60.0787658691, -17.942117691, 61.5844650269, 130.344406128]],
        "icov": [[0.000262192101218, -0.000737247639336, 0.000768715399317, -0.00069758790778, 0.000146707141539, -0.000442521646619, 0.000566264207009, -0.00122329546139, 0.000603230670094, -0.000156730748131, 0.000291044561891, -0.000126297585666, 1.58898437803e-05], [-0.000737247639336, 0.00297003798187, -0.00241166749038, 0.00274765747599, -0.00104126578663, 0.00126466783695, -0.00137617695145, 0.00363196479157, -0.00181165616959, 0.00153979146853, -0.00192262942437, 0.00133217882831, -0.000330863404088], [0.000768715399317, -0.00241166749038, 0.00318828993477, -0.00235763774253, 0.000528122007381, -0.00134317646734, 0.0013038039906, -0.00247864238918, 0.00148857163731, -0.000925691856537, 0.00257112830877, -0.00275097135454, 0.000885112211108], [-0.00069758790778, 0.00274765747599, -0.00235763774253, 0.00507101276889, -0.00271314475685, 0.000324998545693, 6.96400675224e-05, 0.000290892145131, 0.000362199469237, -0.000111249246402, -0.00223165121861, 0.00295397778973, -0.00176457152702], [0.000146707141539, -0.00104126578663, 0.000528122007381, -0.00271314475685, 0.00482471473515, -0.00102570909075, -0.000723237521015, 0.00300782709382, -0.00317799113691, 0.00177642446943, 0.000210430778679, 0.000419565185439, -0.00056820968166], [-0.000442521646619, 0.00126466783695, -0.00134317646734, 0.000324998545693, -0.00102570909075, 0.00716006057337, -0.00399740971625, -0.000348393077729, 0.00303078861907, -0.00240673054941, 0.00101444486063, 0.000259764841758, -0.000521485402714], [0.000566264207009, -0.00137617695145, 0.0013038039906, 6.96400675224e-05, -0.000723237521015, -0.00399740971625, 0.00963857863098, -0.00439447211102, 0.0013066965621, -0.00019385178166, -0.000771012681071, 0.00202616723254, -0.00267895543948], [-0.00122329546139, 0.00363196479157, -0.00247864238918, 0.000290892145131, 0.00300782709382, -0.000348393077729, -0.00439447211102, 0.0182280428708, -0.0087930066511, 0.0040169195272, 0.0011217368301, -0.00252438685857, 0.00236786156893], [0.000603230670094, -0.00181165616959, 0.00148857163731, 0.000362199469237, -0.00317799113691, 0.00303078861907, 0.0013066965621, -0.0087930066511, 0.0128075368702, -0.00396269001067, 0.00137755239848, 0.00181956938468, -0.00159482634626], [-0.000156730748131, 0.00153979146853, -0.000925691856537, -0.000111249246402, 0.00177642446943, -0.00240673054941, -0.00019385178166, 0.0040169195272, -0.00396269001067, 0.0105703715235, -0.00342809548602, 0.000254361220868, 0.00353512307629], [0.000291044561891, -0.00192262942437, 0.00257112830877, -0.00223165121861, 0.000210430778679, 0.00101444486063, -0.000771012681071, 0.0011217368301, 0.00137755239848, -0.00342809548602, 0.0123149631545, -0.00810518022627, 0.00396859645844], [-0.000126297585666, 0.00133217882831, -0.00275097135454, 0.00295397778973, 0.000419565185439, 0.000259764841758, 0.00202616723254, -0.00252438685857, 0.00181956938468, 0.000254361220868, -0.00810518022627, 0.0204051323235, -0.0110697019845], [1.58898437803e-05, -0.000330863404088, 0.000885112211108, -0.00176457152702, -0.00056820968166, -0.000521485402714, -0.00267895543948, 0.00236786156893, -0.00159482634626, 0.00353512307629, 0.00396859645844, -0.0110697019845, 0.016122950241]]
    },
    "melbands": {
        "dmean": [0.00108370021917, 0.000692574656568, 0.000157240690896, 9.62491540122e-05, 3.99725940952e-05, 4.80893177155e-05, 0.000313247699523, 0.000171248306287, 0.00017638632562, 9.82270939858e-05, 8.11906575109e-05, 0.000482910429128, 2.24047580559e-05, 8.25089518912e-05, 5.98969672865e-05, 7.46964069549e-05, 8.63897457748e-06, 5.16559157404e-06, 3.55683391717e-06, 4.64647882836e-06, 1.70039822933e-06, 8.0916117895e-07, 1.58860939337e-06, 1.30639659801e-06, 4.11198271877e-07, 1.31745207455e-06, 4.06117862894e-07, 2.96211737805e-07, 1.96955468823e-07, 3.28469340616e-08, 6.32379393295e-09, 8.98891361345e-09, 9.15259068535e-09, 1.07755822043e-08, 1.88126136891e-08, 8.53623305375e-09, 2.27673213615e-09, 3.78119180411e-09, 7.26826510089e-09, 6.09858163969e-09],
        "dmean2": [0.00146688753739, 0.000984780373983, 0.000206747528864, 9.81899065664e-05, 4.8644888011e-05, 6.15352546447e-05, 0.000386985309888, 0.000218463566853, 0.000219068242586, 0.000138017057907, 0.000120639197121, 0.000744232616853, 3.39034559147e-05, 0.00012875990069, 9.4564864412e-05, 0.000122212368296, 1.44785235534e-05, 8.3366430772e-06, 5.99518489253e-06, 7.79599577072e-06, 2.85835972136e-06, 1.30204978177e-06, 2.55959071183e-06, 2.12844884118e-06, 6.13707186403e-07, 1.96354517357e-06, 5.81961785429e-07, 4.70175024248e-07, 3.2109957715e-07, 4.94396452666e-08, 9.44906730638e-09, 1.38311024855e-08, 1.41019684818e-08, 1.67957274755e-08, 2.96641484709e-08, 1.3288365075e-08, 3.56436635762e-09, 5.85148063337e-09, 1.10880211679e-08, 8.99231800133e-09],
        "dvar": [6.78533115206e-06, 2.76129867416e-06, 8.91071678666e-08, 4.32366356051e-08, 7.110646294e-09, 1.24736416751e-08, 2.80758541749e-07, 1.29514205582e-07, 1.38580986686e-07, 8.38723579477e-08, 3.60922349785e-08, 1.95883694687e-06, 4.34229585622e-09, 4.48515180551e-08, 2.35407142668e-08, 3.63523362523e-08, 7.69978691917e-10, 1.42239151013e-10, 8.68159641398e-11, 2.0316846816e-10, 1.15843324516e-11, 3.40628979016e-12, 1.35345346042e-11, 8.08754712506e-12, 9.46220966164e-13, 1.07197020358e-11, 1.56576856515e-12, 1.11581566469e-12, 4.03488928467e-13, 7.31248032639e-15, 3.00873196766e-16, 4.90615670852e-16, 4.12643746958e-16, 5.47859269158e-16, 1.59014215166e-15, 3.61096101115e-16, 3.18737108388e-17, 9.17186730575e-17, 3.78145762612e-16, 2.33917253988e-16],
        "dvar2": [1.3843628949e-05, 6.23720825388e-06, 1.70651290432e-07, 4.06188185309e-08, 1.04470894158e-08, 1.82810051541e-08, 4.46590178171e-07, 2.24531490289e-07, 2.01019403789e-07, 1.57354136832e-07, 8.98507863667e-08, 5.19883133165e-06, 9.21662657305e-09, 1.09710640572e-07, 6.00325407163e-08, 9.78512630923e-08, 2.13491735401e-09, 3.4218811118e-10, 2.69552963283e-10, 5.43791733865e-10, 3.17954274021e-11, 8.84207117247e-12, 3.5443356583e-11, 2.14083126227e-11, 1.79438896467e-12, 2.43302114566e-11, 2.82946929775e-12, 2.8723726956e-12, 1.08806247432e-12, 1.54006378505e-14, 6.04030100236e-16, 1.15185744684e-15, 9.62817586584e-16, 1.26914324031e-15, 3.84229476171e-15, 8.6367682703e-16, 7.84919624185e-17, 2.16903975203e-16, 9.0106274374e-16, 4.63370644345e-16],
        "max": [0.0970188006759, 0.0695108026266, 0.0107142664492, 0.00910444092005, 0.00257715163752, 0.003608165076, 0.0145235145465, 0.0113611975685, 0.011681444943, 0.00822167098522, 0.00331641756929, 0.0232277680188, 0.00189079029951, 0.00338748446666, 0.00350284180604, 0.00330010778271, 0.000730016967282, 0.000286174472421, 0.000290899333777, 0.00031849113293, 8.28799820738e-05, 4.92537401442e-05, 8.30160497571e-05, 5.2420553402e-05, 2.77647141047e-05, 7.36754227546e-05, 3.09714341711e-05, 1.673738916e-05, 1.40288884722e-05, 1.76619641934e-06, 4.03882779665e-07, 4.65132131922e-07, 4.66623873763e-07, 4.88832540668e-07, 8.56917040437e-07, 3.49408082911e-07, 1.16745923151e-07, 2.34805895616e-07, 5.59795353183e-07, 3.61829222584e-07],
        "mean": [0.00577693525702, 0.00425240863115, 0.000681418983731, 0.000360579608241, 0.000125771475723, 0.000130811531562, 0.000831883226056, 0.000482236617245, 0.000432991044363, 0.000217389286263, 0.000162225900567, 0.000824492482934, 4.06529834436e-05, 0.000124398546177, 9.18177465792e-05, 0.00010945872782, 1.13082660391e-05, 8.36849267216e-06, 6.00864768785e-06, 7.04724743628e-06, 2.91463129543e-06, 1.5287990891e-06, 3.15282113661e-06, 2.74806893685e-06, 1.02961439552e-06, 2.86967565444e-06, 8.21922697014e-07, 5.25326754541e-07, 3.56180237304e-07, 6.62646186811e-08, 1.38258302584e-08, 1.84702546591e-08, 2.34457999682e-08, 3.16028447855e-08, 6.11253554439e-08, 2.55285961259e-08, 6.54217346963e-09, 1.29406281246e-08, 2.53943657214e-08, 2.02347560929e-08],
        "median": [0.000625765009318, 0.000513835460879, 0.00016195072385, 6.12263029325e-05, 3.3698790503e-05, 3.14103053825e-05, 0.000309460534481, 0.000188852107385, 6.83252510498e-05, 1.24333973872e-05, 2.28984754358e-05, 6.46250264253e-05, 5.48225580133e-06, 1.7591393771e-05, 2.04871521419e-05, 9.88328702078e-06, 2.64620581447e-07, 2.18585932998e-06, 1.69050622389e-06, 3.98754167463e-07, 1.15005468615e-06, 5.00746352827e-07, 5.22423249549e-07, 6.79042557294e-07, 1.38912639613e-07, 7.67616796793e-08, 2.48920866142e-08, 1.02802149016e-08, 2.84679746443e-09, 1.60504065594e-09, 1.04811814783e-09, 5.88420756564e-10, 5.17307807701e-10, 1.01577379841e-09, 1.07585829134e-09, 4.60287946646e-10, 8.88779813635e-11, 1.99575467263e-10, 2.5006247073e-10, 7.38156480384e-11],
        "min": [3.47830269572e-25, 5.46626077308e-25, 1.27840313388e-24, 6.94818134304e-25, 1.22456791305e-24, 1.67865044959e-24, 7.58066635102e-25, 2.02125865719e-24, 1.72220227688e-24, 2.33088577363e-24, 2.01320241519e-24, 1.42698429652e-24, 2.21560834625e-24, 1.98837420149e-24, 2.63716476717e-24, 2.202929971e-24, 2.25004547743e-24, 2.88674280542e-24, 3.03269272251e-24, 3.79467930606e-24, 3.41460691078e-24, 3.49477845015e-24, 4.21390523464e-24, 3.99914021978e-24, 4.11978663447e-24, 3.49991945667e-24, 4.07935277991e-24, 4.1918806326e-24, 3.85180348522e-24, 4.91437033113e-24, 4.52849034187e-24, 5.36654106327e-24, 4.74045766153e-24, 4.92840850537e-24, 4.75808594175e-24, 5.1510195308e-24, 5.22090314067e-24, 5.88015459359e-24, 6.04011468036e-24, 4.82312279022e-24],
        "var": [0.000139251293149, 8.06368843769e-05, 1.6005510588e-06, 5.21492495409e-07, 5.57914745514e-08, 8.73890400044e-08, 1.72785769337e-06, 9.54010147325e-07, 9.24720040985e-07, 3.87605524566e-07, 1.15542441392e-07, 4.5072983994e-06, 1.39454492398e-08, 8.19018382003e-08, 4.02548820944e-08, 6.30015009051e-08, 1.14564768783e-09, 2.86166701446e-10, 1.81062442817e-10, 3.72816638672e-10, 2.27206847087e-11, 8.33355866953e-12, 3.96393924629e-11, 2.3204016833e-11, 5.28472664935e-12, 3.82936807264e-11, 4.51949372024e-12, 2.77879455557e-12, 9.7926170211e-13, 2.30482747146e-14, 1.0862810031e-15, 1.41137309529e-15, 1.88963373181e-15, 3.34911109872e-15, 1.22168036321e-14, 2.32827546102e-15, 1.91140210798e-16, 7.93848119073e-16, 3.54443350822e-15, 1.90922729795e-15]
    },
    "mfcc": {
        "mean": [-801.418945312, 204.350357056, 4.89192581177, -0.0479843169451, 5.13101863861, -7.80068874359, 10.3738861084, 15.5380477905, -1.89695322514, 5.04102277756, 11.0796890259, 11.525147438, 15.0010843277],
        "cov": [[14919.3955078, 2309.28637695, -2917.25952148, 523.805297852, 894.782592773, 347.009307861, 1198.11938477, 822.805969238, 57.3728637695, 832.177368164, 350.818237305, -220.920669556, 52.9163513184], [2309.28637695, 3592.31494141, 172.463226318, -263.680786133, 251.930908203, -145.534835815, -183.201721191, 190.450958252, 32.5501937866, -237.57699585, -27.7632827759, 5.55756855011, -121.436317444], [-2917.25952148, 172.463226318, 1478.99694824, -6.39761972427, -186.713470459, -30.3529624939, -259.205474854, -131.570892334, 9.53328418732, -310.522125244, -138.948776245, 47.3691329956, -87.3461685181], [523.805297852, -263.680786133, -6.39761972427, 499.706634521, 327.982543945, 143.498428345, 100.427276611, 12.3517427444, 16.0186157227, 112.401763916, 20.0653877258, -53.4835090637, -56.1501426697], [894.782592773, 251.930908203, -186.713470459, 327.982543945, 482.261016846, 147.99079895, 44.0758628845, 70.6482620239, 48.8281402588, 99.1571731567, 37.4949531555, -88.0317382812, -72.6290359497], [347.009307861, -145.534835815, -30.3529624939, 143.498428345, 147.99079895, 261.770355225, 197.104934692, 7.71948623657, -6.50039815903, 53.659992218, 2.70860338211, -10.3637561798, -15.6110906601], [1198.11938477, -183.201721191, -259.205474854, 100.427276611, 44.0758628845, 197.104934692, 336.978607178, 96.2426757812, -31.1829280853, 101.972473145, 18.2373199463, -12.0625143051, 33.2120285034], [822.805969238, 190.450958252, -131.570892334, 12.3517427444, 70.6482620239, 7.71948623657, 96.2426757812, 187.975326538, 97.8228912354, 34.8627090454, -6.30421447754, -74.4885864258, -15.4110746384], [57.3728637695, 32.5501937866, 9.53328418732, 16.0186157227, 48.8281402588, -6.50039815903, -31.1829280853, 97.8228912354, 196.456848145, 71.8017807007, -13.5379953384, -66.531829834, -64.7412872314], [832.177368164, -237.57699585, -310.522125244, 112.401763916, 99.1571731567, 53.659992218, 101.972473145, 34.8627090454, 71.8017807007, 227.378494263, 98.1342926025, -25.5158367157, -12.1726465225], [350.818237305, -27.7632827759, -138.948776245, 20.0653877258, 37.4949531555, 2.70860338211, 18.2373199463, -6.30421447754, -13.5379953384, 98.1342926025, 130.808502197, 56.019821167, 12.6473827362], [-220.920669556, 5.55756855011, 47.3691329956, -53.4835090637, -88.0317382812, -10.3637561798, -12.0625143051, -74.4885864258, -66.531829834, -25.5158367157, 56.019821167, 181.938568115, 77.8206253052], [52.9163513184, -121.436317444, -87.3461685181, -56.1501426697, -72.6290359497, -15.6110906601, 33.2120285034, -15.4110746384, -64.7412872314, -12.1726465225, 12.6473827362, 77.8206253052, 164.57472229]],
