{
"lowlevel": {
    "average_loudness": 0.428006142378,
    "barkbands_crest": {
        "dmean": 2.9160349369,
        "dmean2": 4.81290102005,
        "dvar": 7.34830760956,
        "dvar2": 19.4107494354,
        "max": 26.1696128845,
        "mean": 14.2653970718,
        "median": 13.7574119568,
        "min": 3.91159367561,
        "var": 21.2457809448
    },
    "barkbands_flatness_db": {
        "dmean": 0.0289553608745,
        "dmean2": 0.0475322157145,
        "dvar": 0.000695453432854,
        "dvar2": 0.00174565054476,
        "max": 0.646578907967,
        "mean": 0.376321256161,
        "median": 0.377167403698,
        "min": 0.0446902252734,
        "var": 0.00548868812621
    },
    "barkbands_kurtosis": {
        "dmean": 4.24218034744,
        "dmean2": 6.91765928268,
        "dvar": 124.567375183,
        "dvar2": 320.810180664,
        "max": 402.759185791,
        "mean": 6.70561408997,
        "median": 1.90159606934,
        "min": -1.84767007828,
        "var": 304.358917236
    },
    "barkbands_skewness": {
        "dmean": 0.620257496834,
        "dmean2": 0.992733836174,
        "dvar": 0.480767160654,
        "dvar2": 1.1946876049,
        "max": 16.7591114044,
        "mean": 1.5075622797,
        "median": 1.23299956322,
        "min": -2.63598918915,
        "var": 2.75760650635
    },
    "barkbands_spread": {
        "dmean": 1.62199258804,
        "dmean2": 2.63413357735,
        "dvar": 5.3058795929,
        "dvar2": 13.7805109024,
        "max": 109.200775146,
        "mean": 6.97505235672,
        "median": 6.11551761627,
        "min": 0.181830734015,
        "var": 19.6117362976
    },
    "dissonance": {
        "dmean": 0.0472010225058,
        "dmean2": 0.0813172385097,
        "dvar": 0.00188859214541,
        "dvar2": 0.00539620267227,
        "max": 0.500000059605,
        "mean": 0.375266551971,
        "median": 0.38689032197,
        "min": 0.108413308859,
        "var": 0.00545979011804
    },
    "dynamic_complexity": 5.07735490799,
    "erbbands_crest": {
        "dmean": 2.19276618958,
        "dmean2": 3.45753240585,
        "dvar": 5.4394493103,
        "dvar2": 12.6897201538,
        "max": 33.0438613892,
        "mean": 13.9163827896,
        "median": 12.6427192688,
        "min": 2.9274187088,
        "var": 33.6825027466
    },
    "erbbands_flatness_db": {
        "dmean": 0.0163952317089,
        "dmean2": 0.0253362972289,
        "dvar": 0.000274953985354,
        "dvar2": 0.000586608424783,
        "max": 0.515610039234,
        "mean": 0.340069502592,
        "median": 0.3454631567,
        "min": 0.0497895032167,
        "var": 0.00483312830329
    },
    "erbbands_kurtosis": {
        "dmean": 1.36020076275,
        "dmean2": 2.13465094566,
        "dvar": 4.83477067947,
        "dvar2": 11.8705482483,
        "max": 65.096321106,
        "mean": 3.02565908432,
        "median": 1.43722391129,
        "min": -1.81964457035,
        "var": 30.5135345459
    },
    "erbbands_skewness": {
        "dmean": 0.348451077938,
        "dmean2": 0.545742988586,
        "dvar": 0.128223791718,
        "dvar2": 0.305492252111,
        "max": 5.70178508759,
        "mean": 0.21176533401,
        "median": 0.235391080379,
        "min": -4.3844871521,
        "var": 1.04740858078
    },
    "erbbands_spread": {
        "dmean": 2.54043984413,
        "dmean2": 3.93095040321,
        "dvar": 11.1238708496,
        "dvar2": 24.7877960205,
        "max": 101.01701355,
        "mean": 13.0995788574,
        "median": 10.7520952225,
        "min": 0.964238882065,
        "var": 94.487991333
    },
    "hfc": {
        "dmean": 1.94586467743,
        "dmean2": 2.8317592144,
        "dvar": 15.5371427536,
        "dvar2": 28.6298961639,
        "max": 137.49786377,
        "mean": 9.82711791992,
        "median": 5.2328248024,
        "min": 1.10042708859e-16,
        "var": 184.781860352
    },
    "melbands_crest": {
        "dmean": 3.19271755219,
        "dmean2": 5.2387008667,
        "dvar": 8.48543548584,
        "dvar2": 22.3234500885,
        "max": 32.0744895935,
        "mean": 17.2113819122,
        "median": 17.0586433411,
        "min": 1.65399134159,
        "var": 27.2195587158
    },
    "melbands_flatness_db": {
        "dmean": 0.0338834933937,
        "dmean2": 0.0548111721873,
        "dvar": 0.00101024645846,
        "dvar2": 0.00242703314871,
        "max": 0.821004807949,
        "mean": 0.507806181908,
        "median": 0.507365584373,
        "min": 0.00315591623075,
        "var": 0.00871390476823
    },
    "melbands_kurtosis": {
        "dmean": 4.94678497314,
        "dmean2": 8.04557991028,
        "dvar": 122.489730835,
        "dvar2": 311.662231445,
        "max": 372.375183105,
        "mean": 9.17979812622,
        "median": 3.23557496071,
        "min": -1.86443960667,
        "var": 499.045074463
    },
    "melbands_skewness": {
        "dmean": 0.631104826927,
        "dmean2": 1.01302719116,
        "dvar": 0.417068660259,
        "dvar2": 1.03163313866,
        "max": 14.5550098419,
        "mean": 1.931407094,
        "median": 1.69883847237,
        "min": -2.30971741676,
        "var": 2.74905633926
    },
    "melbands_spread": {
        "dmean": 2.12089657784,
        "dmean2": 3.4149081707,
        "dvar": 7.16255617142,
        "dvar2": 16.7734794617,
        "max": 139.958648682,
        "mean": 8.51665306091,
        "median": 7.10608100891,
        "min": 0.31124612689,
        "var": 50.4515037537
    },
    "pitch_salience": {
        "dmean": 0.0721616670489,
        "dmean2": 0.119576074183,
        "dvar": 0.00498817069456,
        "dvar2": 0.013455985114,
        "max": 0.890854418278,
        "mean": 0.436110645533,
        "median": 0.437337398529,
        "min": 0.0815433338284,
        "var": 0.0131377968937
    },
    "silence_rate_20dB": {
        "dmean": 0.000743218115531,
        "dmean2": 0.0014865467092,
        "dvar": 0.000742640870158,
        "dvar2": 0.00193014438264,
        "max": 1,
        "mean": 0.99947977066,
        "median": 1,
        "min": 0,
        "var": 0.000519939814694
    },
    "silence_rate_30dB": {
        "dmean": 0.0181345231831,
        "dmean2": 0.0362717397511,
        "dvar": 0.0178078431636,
        "dvar2": 0.0411979742348,
        "max": 1,
        "mean": 0.963436365128,
        "median": 1,
        "min": 0,
        "var": 0.0352306216955
    },
    "silence_rate_60dB": {
        "dmean": 0.0150130065158,
        "dmean2": 0.0300282444805,
        "dvar": 0.0147899221629,
        "dvar2": 0.0350789502263,
        "max": 1,
        "mean": 0.0916319862008,
        "median": 0,
        "min": 0,
        "var": 0.0832460895181
    },
    "spectral_centroid": {
        "dmean": 55.3595161438,
        "dmean2": 85.9800491333,
        "dvar": 10653.1425781,
        "dvar2": 21676.3320312,
        "max": 11303.609375,
        "mean": 499.374633789,
        "median": 446.22845459,
        "min": 99.60521698,
        "var": 176441.09375
    },
    "spectral_complexity": {
        "dmean": 1.12582683563,
        "dmean2": 1.91898322105,
        "dvar": 1.21888411045,
        "dvar2": 3.05214595795,
        "max": 23,
        "mean": 8.84727954865,
        "median": 9,
        "min": 0,
        "var": 12.8228225708
    },
    "spectral_decrease": {
        "dmean": 2.79945155945e-09,
        "dmean2": 4.49510073608e-09,
        "dvar": 2.98616105424e-17,
        "dvar2": 7.32464131077e-17,
        "max": 9.95469012236e-29,
        "mean": -8.0234814348e-09,
        "median": -5.47544631857e-09,
        "min": -1.49370393387e-07,
        "var": 8.29751622246e-17
    },
    "spectral_energy": {
        "dmean": 0.0107039930299,
        "dmean2": 0.017164696008,
        "dvar": 0.000433513981989,
        "dvar2": 0.00106100121047,
        "max": 0.573868155479,
        "mean": 0.0311738532037,
        "median": 0.0212733931839,
        "min": 9.98103026632e-21,
        "var": 0.00124967156444
    },
    "spectral_energyband_high": {
        "dmean": 1.57016347657e-05,
        "dmean2": 2.36357846006e-05,
        "dvar": 2.61487298481e-09,
        "dvar2": 6.86262380256e-09,
        "max": 0.00126333057415,
        "mean": 3.74629271391e-05,
        "median": 4.13328706372e-07,
        "min": 6.9186509267e-21,
        "var": 1.12628644189e-08
    },
    "spectral_energyband_low": {
        "dmean": 0.00974537432194,
        "dmean2": 0.0159781984985,
        "dvar": 0.000415696471464,
        "dvar2": 0.00104509992525,
        "max": 0.457409650087,
        "mean": 0.0170395672321,
        "median": 0.00954779051244,
        "min": 2.57107392164e-23,
        "var": 0.000668570282869
    },
    "spectral_energyband_middle_high": {
        "dmean": 0.000693374371622,
        "dmean2": 0.00101795000955,
        "dvar": 5.02502598465e-06,
        "dvar2": 1.0723792002e-05,
        "max": 0.117860384285,
        "mean": 0.00216713221744,
        "median": 0.000592405674979,
        "min": 1.44511613505e-21,
        "var": 2.35597653955e-05
    },
    "spectral_energyband_middle_low": {
        "dmean": 0.00239278539084,
        "dmean2": 0.00355893792585,
        "dvar": 1.99844471354e-05,
        "dvar2": 3.5689350625e-05,
        "max": 0.158849313855,
        "mean": 0.012372831814,
        "median": 0.00652512535453,
        "min": 2.28603130822e-22,
        "var": 0.000332322408212
    },
    "spectral_entropy": {
        "dmean": 0.131154954433,
        "dmean2": 0.210589647293,
        "dvar": 0.021717954427,
        "dvar2": 0.0491763018072,
        "max": 9.82614898682,
        "mean": 5.75250530243,
        "median": 5.73698949814,
        "min": 4.40901899338,
        "var": 0.253772139549
    },
    "spectral_flux": {
        "dmean": 0.0222047213465,
        "dmean2": 0.0371039099991,
        "dvar": 0.000834561826196,
        "dvar2": 0.00218802457675,
        "max": 0.472202271223,
        "mean": 0.0618363544345,
        "median": 0.0514115430415,
        "min": 6.51034018362e-11,
        "var": 0.00231082155369
    },
    "spectral_kurtosis": {
        "dmean": 32.3209915161,
        "dmean2": 55.9159965515,
        "dvar": 1475.43530273,
        "dvar2": 4327.77783203,
        "max": 532.776672363,
        "mean": 101.046989441,
        "median": 72.3187408447,
        "min": -1.24947416782,
        "var": 7552.41601562
    },
    "spectral_rms": {
        "dmean": 0.0008208041545,
        "dmean2": 0.00130481203087,
        "dvar": 1.09790289571e-06,
        "dvar2": 2.65798666987e-06,
        "max": 0.0236616004258,
        "mean": 0.00485238945112,
        "median": 0.004555713851,
        "min": 3.12051122789e-12,
        "var": 6.86777684678e-06
    },
    "spectral_rolloff": {
        "dmean": 100.097732544,
        "dmean2": 175.002075195,
        "dvar": 49238.78125,
        "dvar2": 108264.75,
        "max": 19401.4160156,
        "mean": 512.955810547,
        "median": 473.73046875,
        "min": 64.599609375,
        "var": 517462.71875
    },
    "spectral_skewness": {
        "dmean": 1.47525906563,
        "dmean2": 2.57233595848,
        "dvar": 2.05176591873,
        "dvar2": 5.64426994324,
        "max": 18.9635658264,
        "mean": 6.76929664612,
        "median": 5.99863147736,
        "min": -0.0326648652554,
        "var": 11.971871376
    },
    "spectral_spread": {
        "dmean": 292975.90625,
        "dmean2": 506566.6875,
        "dvar": 164468097024,
        "dvar2": 397614153728,
        "max": 42709988,
        "mean": 1208491.125,
        "median": 1033771.5,
        "min": 181155.53125,
        "var": 2.33391312077e+12
    },
    "spectral_strongpeak": {
        "dmean": 0.314011842012,
        "dmean2": 0.549080133438,
        "dvar": 0.567433416843,
        "dvar2": 1.43317842484,
        "max": 10.6713476181,
        "mean": 0.867963969707,
        "median": 0.318973183632,
        "min": 0,
        "var": 2.08801198006
    },
    "zerocrossingrate": {
        "dmean": 0.00315043935552,
        "dmean2": 0.00421923771501,
        "dvar": 3.64120605809e-05,
        "dvar2": 6.91179375281e-05,
        "max": 0.51611328125,
        "mean": 0.0199534893036,
        "median": 0.01708984375,
        "min": 0.00244140625,
        "var": 0.000443576689577
    },
    "barkbands": {
        "dmean": [0.000149813495227, 0.0082630738616, 0.00254499469884, 0.00065371056553, 0.000742174568586, 0.000518017273862, 0.000380494573619, 0.000711615430191, 0.000664243707433, 0.000349987443769, 0.000279809755739, 0.000146011283505, 5.85267698625e-05, 4.41579613835e-05, 1.10236587716e-05, 9.27127621253e-06, 6.78066408e-06, 5.18511524206e-06, 2.9493933198e-06, 5.18089518664e-06, 1.07135986127e-06, 3.24783144379e-07, 2.59708087924e-07, 6.66440129748e-08, 5.48435359349e-08, 1.00417719295e-05, 1.21621746008e-09],
        "dmean2": [0.000232317863265, 0.0135215576738, 0.00446203816682, 0.00116055132821, 0.00123739487026, 0.000827636569738, 0.000581616070122, 0.0010547254933, 0.00074643275002, 0.000546614581253, 0.000426587444963, 0.000188452992006, 8.58538842294e-05, 5.57147759537e-05, 1.72670606844e-05, 1.45786852954e-05, 1.01505984276e-05, 8.08809181763e-06, 4.75785873277e-06, 6.06573848927e-06, 1.58497459779e-06, 4.96505776937e-07, 4.07020593229e-07, 9.50802387933e-08, 8.77300365687e-08, 1.69362392626e-05, 2.22285656548e-09],
        "dvar": [1.06217818541e-07, 0.000319352984661, 4.87749675813e-05, 1.64294510796e-06, 1.28323199533e-06, 1.22207859476e-06, 1.41571570111e-06, 7.21007154425e-06, 7.99928875495e-06, 2.50629796028e-06, 1.3412690123e-06, 7.10012500349e-07, 1.60012490369e-07, 8.46019148071e-08, 2.59444243866e-09, 2.32896502084e-09, 8.96371976644e-10, 3.45232314958e-10, 2.13464190768e-10, 5.17105913644e-10, 4.78309267193e-11, 6.80917475182e-12, 1.89776991864e-12, 1.4037314605e-13, 1.00204627853e-13, 2.14553574907e-09, 5.33705533898e-18],
        "dvar2": [2.27373590178e-07, 0.000774096348323, 0.000137224735226, 4.82107952848e-06, 3.41685608873e-06, 2.72659485745e-06, 3.0807298117e-06, 1.28186047732e-05, 9.72738507699e-06, 5.39488246432e-06, 2.94452433991e-06, 1.36187441058e-06, 3.47874362205e-07, 1.17825351253e-07, 5.31569499529e-09, 5.79421044478e-09, 1.81918446973e-09, 7.87333698238e-10, 5.59855106719e-10, 6.34328478633e-10, 1.08625587691e-10, 1.63894297439e-11, 4.27869328509e-12, 2.67806556011e-13, 2.33941311418e-13, 6.28967500305e-09, 1.66625757124e-17],
        "max": [0.00764454016462, 0.446377277374, 0.172304198146, 0.0207132771611, 0.0341311357915, 0.0634424164891, 0.0593528673053, 0.14428088069, 0.122283309698, 0.11223398149, 0.043869048357, 0.0460869148374, 0.0261223558336, 0.0185440834612, 0.00278879096732, 0.00347833591513, 0.00117307750043, 0.000428765750257, 0.00040810459177, 0.00127112236805, 0.000345665815985, 0.000104285994894, 3.92554429709e-05, 1.35436121127e-05, 9.75748025667e-06, 0.00126295164227, 4.29828794779e-08],
        "mean": [0.00020515207143, 0.0133934440091, 0.00304741272703, 0.000764869211707, 0.00189242255874, 0.00227777846158, 0.00111979618669, 0.00280602858402, 0.0033750992734, 0.000964146805927, 0.000504898896907, 0.000432865344919, 0.00016490156122, 0.000112318768515, 2.58791314991e-05, 1.82986150321e-05, 1.45305593833e-05, 1.13561955004e-05, 4.23608162237e-06, 1.45697667904e-05, 1.94745189219e-06, 4.8745357617e-07, 2.94930799782e-07, 9.38168369657e-08, 5.63403688147e-08, 2.0997127649e-05, 1.10655551389e-09],
        "median": [7.68190802773e-05, 0.00762715842575, 0.000787616707385, 0.000310673203785, 0.000967987580225, 0.000616101955529, 0.000400641583838, 0.000324024556903, 0.000441001553554, 0.000159221584909, 0.000114900234621, 3.30875227519e-05, 1.44853338497e-05, 1.08335989353e-05, 5.4918468777e-06, 3.11223038807e-06, 2.057605343e-06, 1.53777546075e-06, 3.99257828576e-07, 3.37442713771e-07, 4.8803673991e-08, 9.07953712215e-09, 7.14102377231e-09, 2.30533503398e-09, 7.1950567726e-10, 9.03026819987e-10, 3.73211128668e-10],
        "min": [1.03999142174e-24, 5.92434224277e-24, 4.79603764547e-24, 2.07427563204e-24, 1.32719709966e-23, 1.08995996196e-23, 1.84636665622e-23, 1.91452234517e-23, 1.63086295201e-23, 3.36468171847e-23, 4.59540570481e-23, 1.95561016541e-23, 4.37365469555e-23, 2.16313548821e-23, 4.49861404947e-23, 8.24603940401e-23, 6.63772430549e-23, 1.0123951819e-22, 1.77408645536e-22, 2.16222205039e-22, 2.56579243477e-22, 3.68209650132e-22, 4.72096724359e-22, 6.76405741334e-22, 9.90937736135e-22, 1.31442361775e-21, 2.08807467888e-21],
        "var": [1.63469010772e-07, 0.00047344219638, 4.65013254143e-05, 1.843920586e-06, 7.14712496119e-06, 2.32342663367e-05, 4.96501752423e-06, 0.000101306715806, 0.000113659691124, 1.2197995602e-05, 2.54559131463e-06, 4.00722365157e-06, 5.51739844923e-07, 2.80702977307e-07, 6.49280540443e-09, 3.53226625727e-09, 2.58178078916e-09, 1.03642683325e-09, 3.08231246082e-10, 5.10363395989e-09, 1.07775115221e-10, 9.03112740841e-12, 2.19273731117e-12, 2.45518937212e-13, 1.01900082881e-13, 6.38386010721e-09, 4.56360755183e-18]
    },
    "erbbands": {
        "dmean": [0.234610751271, 1.91366481781, 3.26432728767, 2.02796149254, 2.175303936, 2.99473333359, 3.00108242035, 4.85163640976, 4.99440097809, 7.4142074585, 17.1564464569, 13.5969657898, 10.4707136154, 15.1449193954, 8.72377872467, 5.04346895218, 3.10278964043, 2.37338614464, 0.681847989559, 0.611343026161, 0.478896915913, 0.345049083233, 0.293583869934, 0.221043527126, 0.101745694876, 0.257077932358, 0.124722965062, 0.0215077362955, 0.0115325665101, 0.00717267487198, 0.00906121917069, 0.0023935737554, 0.000941277830862, 0.00080176780466, 0.0003148233518, 0.000825880386401, 0.0193559210747, 0.00668428977951, 0.000100796023617, 1.33015000756e-05],
        "dmean2": [0.36731377244, 3.19773507118, 5.652780056, 3.51102113724, 3.80231547356, 4.92244291306, 4.76422023773, 7.9358663559, 7.97189712524, 11.3532810211, 24.8390674591, 15.620595932, 12.3981018066, 24.1241664886, 12.4199562073, 6.8012881279, 4.43786334991, 3.01483488083, 0.959031045437, 0.958639502525, 0.724005877972, 0.536554396152, 0.446012407541, 0.364516496658, 0.146561294794, 0.302542716265, 0.162394374609, 0.0303515829146, 0.0174015741795, 0.010575315915, 0.0141091989353, 0.00343687203713, 0.00142863672227, 0.00126913224813, 0.00050836027367, 0.00138575059827, 0.0327748917043, 0.0112471114844, 0.000169207851286, 2.13712210098e-05],
        "dvar": [0.32582616806, 16.1915931702, 69.7300491333, 21.0320224762, 14.6325092316, 23.9317417145, 30.7197952271, 107.879989624, 136.40272522, 699.362792969, 4767.82763672, 4631.25830078, 1964.75610352, 2175.87255859, 1894.8137207, 804.219970703, 415.279388428, 262.080932617, 10.4933805466, 25.480260849, 2.34195590019, 2.8454580307, 1.01297211647, 1.19025421143, 0.198789894581, 1.3439592123, 0.28325086832, 0.0183935128152, 0.0110752256587, 0.00213600462303, 0.00313875614665, 0.000230381119763, 1.81808427442e-05, 1.91247672774e-05, 3.11720214086e-06, 1.22010851555e-05, 0.00792695488781, 0.000963915663306, 2.02676645245e-07, 6.66735722188e-10],
        "dvar2": [0.70893073082, 41.5186157227, 194.137283325, 58.118309021, 42.1986122131, 61.5799560547, 66.2905426025, 265.014465332, 293.477661133, 1570.20678711, 8223.47265625, 5676.93066406, 2852.00097656, 5372.61669922, 3681.42529297, 1679.82873535, 888.59765625, 365.454742432, 16.3500118256, 58.107875824, 5.06201839447, 6.15249300003, 2.26921343803, 3.28204321861, 0.35457098484, 1.57903730869, 0.551179945469, 0.0362958647311, 0.0271776467562, 0.00427391706035, 0.00710046989843, 0.000467539270176, 3.82524885936e-05, 4.31221160397e-05, 7.66528137319e-06, 3.41542909155e-05, 0.0230441112071, 0.00282868649811, 5.94947721311e-07, 1.70895486651e-09],
        "max": [14.0034704208, 94.6868743896, 219.968383789, 88.4540634155, 68.4237594604, 189.737121582, 243.484451294, 535.635314941, 385.744659424, 1387.85302734, 3866.52270508, 3081.38745117, 2631.98632812, 1655.02832031, 2122.02685547, 1221.31652832, 1338.69470215, 1060.69934082, 145.939117432, 384.944030762, 44.3207893372, 81.5023193359, 24.4075241089, 24.9268989563, 27.3400745392, 66.4591140747, 22.3682346344, 5.08414268494, 5.98137712479, 2.64566063881, 1.82019889355, 0.546332299709, 0.12978670001, 0.136515811086, 0.0450212024152, 0.0848909467459, 2.35201263428, 0.86097073555, 0.0125013291836, 0.000769124715589],
        "mean": [0.358290731907, 3.04237508774, 4.52493810654, 2.66438889503, 3.22094106674, 8.53258228302, 11.9739408493, 18.7323913574, 15.5435237885, 22.7686691284, 77.4804000854, 77.2399597168, 43.0188217163, 38.9182853699, 21.6105880737, 13.7898960114, 9.05095386505, 6.0800652504, 1.88706469536, 1.35464215279, 0.973169565201, 0.741971075535, 0.707117080688, 0.349853634834, 0.21008567512, 0.720200777054, 0.304872393608, 0.0414626710117, 0.0178780909628, 0.0101109119132, 0.00999582652003, 0.00325736170635, 0.0012063466711, 0.00085809227312, 0.000380511541152, 0.00154210184701, 0.0402062386274, 0.0139860576019, 0.000217832843191, 4.07316729252e-05],
        "median": [0.212362214923, 1.58537018299, 1.38275194168, 1.20848321915, 1.81512022018, 3.45151567459, 4.60417079926, 5.9621515274, 6.2750453949, 7.60024881363, 7.94305610657, 9.06262588501, 10.1457691193, 7.26641654968, 5.47453737259, 1.84328484535, 1.11956739426, 0.739601612091, 0.339053034782, 0.270863443613, 0.170096635818, 0.120614737272, 0.0912847369909, 0.0514063537121, 0.025204423815, 0.0163282454014, 0.00768949138001, 0.00151594204362, 0.000553481280804, 0.000326251552906, 0.000222312897677, 0.000100794495665, 4.88056175527e-05, 2.88584305963e-05, 2.51272267633e-05, 1.8009384803e-05, 9.9230401247e-06, 1.4447614376e-06, 1.04011660369e-05, 2.43177419179e-05],
        "min": [2.14273049649e-22, 9.4485381996e-22, 5.75708982166e-21, 6.74976471786e-21, 9.62326576566e-21, 4.4756513435e-20, 7.00163022839e-20, 1.17598367756e-19, 1.50138463982e-19, 3.53309467438e-19, 3.94206750338e-19, 3.30108938262e-19, 7.25758343287e-19, 1.3661326222e-18, 2.02746869182e-18, 9.96780865665e-19, 2.12452923772e-18, 2.01655735236e-18, 2.14774695674e-18, 4.1320914145e-18, 4.81680174707e-18, 4.07312419018e-18, 6.41667989395e-18, 9.34922458981e-18, 1.00414515126e-17, 1.05344685285e-17, 9.84170559265e-18, 1.1563254563e-17, 1.19627339952e-17, 1.13876540451e-17, 1.36207894089e-17, 1.18469336725e-17, 1.23147812367e-17, 9.86881395568e-18, 6.55228209331e-18, 5.04080763363e-18, 2.14984530716e-18, 1.04127470402e-18, 2.83616553999e-19, 3.09831710606e-20],
        "var": [0.44551256299, 23.8234119415, 83.4359741211, 21.4612178802, 20.0350856781, 194.366729736, 460.212799072, 1511.46740723, 763.66217041, 2142.72900391, 77912.09375, 72888.546875, 17049.4550781, 12261.6171875, 5331.27929688, 2993.78735352, 1473.25671387, 865.874572754, 48.9202575684, 40.0253295898, 6.24529886246, 7.26876878738, 3.21481204033, 1.37465023994, 0.912989795208, 12.6349964142, 1.48486435413, 0.0429873168468, 0.0132339503616, 0.00296630361117, 0.00352037907578, 0.000370931637008, 2.51721921813e-05, 2.07713674172e-05, 3.07375921693e-06, 2.55815302808e-05, 0.0232325196266, 0.00288101634942, 6.13998849985e-07, 2.53587995047e-09]
    },
    "gfcc": {
        "mean": [-192.745986938, 240.127593994, -83.3657302856, -26.3815078735, -17.9437465668, -12.987868309, 1.28635168076, 2.39201498032, -8.72145938873, -5.10945177078, -1.2908166647, -2.84793496132, 1.89784622192],
        "cov": [[14457.1279297, -1530.55895996, -2351.38574219, 796.145385742, -90.1417388916, -308.17401123, 730.87512207, 439.60635376, 10.5279865265, 201.826293945, -407.376464844, 267.542022705, -605.66796875], [-1530.55895996, 1634.5670166, 37.597240448, -471.641387939, 94.2016830444, -114.353416443, -110.259010315, -145.563720703, 121.109207153, -216.278106689, 303.926544189, -155.23197937, 370.926544189], [-2351.38574219, 37.597240448, 1404.34802246, -232.352050781, 151.936462402, 148.300292969, -144.731719971, 12.6113681793, -82.9569778442, 114.269561768, -73.4739532471, 61.8018608093, -66.6389083862], [796.145385742, -471.641387939, -232.352050781, 840.041625977, -154.505752563, 102.925430298, 194.883041382, 68.5700378418, -44.2809562683, 44.2456016541, -5.81705474854, -163.026626587, 30.7491340637], [-90.1417388916, 94.2016830444, 151.936462402, -154.505752563, 467.961486816, 15.4635267258, 47.9247322083, 31.3279724121, -1.56750643253, -21.4493198395, -49.6413383484, 133.103118896, -118.1095047], [-308.17401123, -114.353416443, 148.300292969, 102.925430298, 15.4635267258, 308.821655273, 7.98325204849, 14.5584344864, 18.8661975861, -50.2387084961, 25.5676841736, -4.10040330887, 0.178250685334], [730.87512207, -110.259010315, -144.731719971, 194.883041382, 47.9247322083, 7.98325204849, 267.063476562, 45.3053894043, -46.3099555969, 71.2025375366, -56.4249305725, -47.8599433899, 3.25431728363], [439.60635376, -145.563720703, 12.6113681793, 68.5700378418, 31.3279724121, 14.5584344864, 45.3053894043, 152.250930786, 23.1274032593, 1.00261831284, -37.4009132385, 11.3450260162, -45.2852859497], [10.5279865265, 121.109207153, -82.9569778442, -44.2809562683, -1.56750643253, 18.8661975861, -46.3099555969, 23.1274032593, 173.010055542, -64.6658096313, 48.7356567383, 10.3527755737, -9.04057312012], [201.826293945, -216.278106689, 114.269561768, 44.2456016541, -21.4493198395, -50.2387084961, 71.2025375366, 1.00261831284, -64.6658096313, 236.169418335, -35.8441619873, -29.3648891449, -33.3691368103], [-407.376464844, 303.926544189, -73.4739532471, -5.81705474854, -49.6413383484, 25.5676841736, -56.4249305725, -37.4009132385, 48.7356567383, -35.8441619873, 196.044143677, -24.0817508698, 114.569023132], [267.542022705, -155.23197937, 61.8018608093, -163.026626587, 133.103118896, -4.10040330887, -47.8599433899, 11.3450260162, 10.3527755737, -29.3648891449, -24.0817508698, 233.812362671, -100.087158203], [-605.66796875, 370.926544189, -66.6389083862, 30.7491340637, -118.1095047, 0.178250685334, 3.25431728363, -45.2852859497, -9.04057312012, -33.3691368103, 114.569023132, -100.087158203, 263.611358643]],
        "icov": [[0.000180447284947, -0.000324977678247, 0.000379491422791, -0.000214257132029, 0.000301300227875, -0.000172181069502, -0.000103995727841, -0.000477067980682, 0.000166443860508, -0.000453623273643, 0.000466524594231, -0.000622770749032, 0.000556309882086], [-0.000324977678247, 0.00447361497208, -0.0015431214124, 0.0025551142171, -0.00242886319757, 0.0025509246625, -0.00156716420315, 0.00241197785363, -0.00174235296436, 0.00426803063601, -0.00497423252091, 0.00497122993693, -0.0038560256362], [0.000379491422791, -0.0015431214124, 0.00210128258914, -0.000712573993951, 0.000604749307968, -0.00168027600739, 0.00126220530365, -0.00172368483618, 0.00115083239507, -0.00265202345327, 0.00247185025364, -0.00204201950692, 0.00147209421266], [-0.000214257132029, 0.0025551142171, -0.000712573993951, 0.00341139244847, -0.000819734937977, 0.000755041488446, -0.00196214253083, 0.000711751286872, -0.000402834091801, 0.00252951099537, -0.0032789031975, 0.00382015900686, -0.00170505291317], [0.000301300227875, -0.00242886319757, 0.000604749307968, -0.000819734937977, 0.0047002248466, -0.00128825684078, -0.00114551547449, -0.00163831922691, 0.0011211305391, -0.00147281412501, 0.00217762216926, -0.0040213088505, 0.00357666821219], [-0.000172181069502, 0.0025509246625, -0.00168027600739, 0.000755041488446, -0.00128825684078, 0.00567677803338, -0.00171634508297, 0.00151857233141, -0.00139401911292, 0.00389735051431, -0.00383076653816, 0.00271749845706, -0.00165459199343], [-0.000103995727841, -0.00156716420315, 0.00126220530365, -0.00196214253083, -0.00114551547449, -0.00171634508297, 0.00796927977353, -0.00178550882265, 0.00126696063671, -0.00372293661349, 0.00390182621777, -0.000752893625759, -0.000812486337963], [-0.000477067980682, 0.00241197785363, -0.00172368483618, 0.000711751286872, -0.00163831922691, 0.00151857233141, -0.00178550882265, 0.0099989771843, -0.00292114191689, 0.00297425989993, -0.00186956045218, 0.00271074660122, -0.00188600341789], [0.000166443860508, -0.00174235296436, 0.00115083239507, -0.000402834091801, 0.0011211305391, -0.00139401911292, 0.00126696063671, -0.00292114191689, 0.00860890652984, -0.000213904393604, -0.000417902687332, -0.00131432292983, 0.00310856103897], [-0.000453623273643, 0.00426803063601, -0.00265202345327, 0.00252951099537, -0.00147281412501, 0.00389735051431, -0.00372293661349, 0.00297425989993, -0.000213904393604, 0.0105959158391, -0.00599163817242, 0.00567327439785, -0.00202684942633], [0.000466524594231, -0.00497423252091, 0.00247185025364, -0.0032789031975, 0.00217762216926, -0.00383076653816, 0.00390182621777, -0.00186956045218, -0.000417902687332, -0.00599163817242, 0.0145523054525, -0.00635225139558, 0.000178148315172], [-0.000622770749032, 0.00497122993693, -0.00204201950692, 0.00382015900686, -0.0040213088505, 0.00271749845706, -0.000752893625759, 0.00271074660122, -0.00131432292983, 0.00567327439785, -0.00635225139558, 0.0125899398699, -0.00250231078826], [0.000556309882086, -0.0038560256362, 0.00147209421266, -0.00170505291317, 0.00357666821219, -0.00165459199343, -0.000812486337963, -0.00188600341789, 0.00310856103897, -0.00202684942633, 0.000178148315172, -0.00250231078826, 0.0111806560308]]
    },
    "melbands": {
        "dmean": [0.00220457767136, 0.00191293598618, 0.000347028661054, 0.000169444552739, 0.000114020476758, 0.000105128958239, 7.84379735705e-05, 9.68925232883e-05, 0.000131564986077, 8.69771174621e-05, 5.23139933648e-05, 6.24809617875e-05, 3.40811493516e-05, 2.11314218177e-05, 7.409711543e-06, 5.90433364778e-06, 4.02336172556e-06, 1.11912197553e-06, 8.69519510616e-07, 6.51638686122e-07, 5.8613221654e-07, 3.40207122917e-07, 4.07044893791e-07, 2.49230595273e-07, 1.86483646303e-07, 8.25424706363e-08, 5.16650260352e-08, 2.34406059008e-07, 1.06086041285e-07, 2.93880191293e-08, 9.2349310421e-09, 6.72777211719e-09, 5.40991118569e-09, 3.18551141021e-09, 6.22818552287e-09, 2.81529777268e-09, 9.68272906299e-10, 5.91785120907e-10, 7.37287619845e-10, 7.32883753685e-10],
        "dmean2": [0.00353787676431, 0.00325272604823, 0.000598210492171, 0.000287917384412, 0.000179833601578, 0.000170545783476, 0.000124375932501, 0.000148086677655, 0.000187356810784, 9.61132027442e-05, 6.15979370195e-05, 9.95510563371e-05, 5.11350299348e-05, 2.65772596322e-05, 1.10804012365e-05, 8.05144009064e-06, 5.10363543071e-06, 1.58148554874e-06, 1.35988375405e-06, 1.04122352695e-06, 8.73506564858e-07, 5.32827471034e-07, 6.14758505435e-07, 3.84173716839e-07, 3.12468557695e-07, 1.24392911971e-07, 7.56487068543e-08, 2.7142914405e-07, 1.36892040814e-07, 4.46907257867e-08, 1.3014802569e-08, 1.03232435933e-08, 8.21914003524e-09, 4.80382089663e-09, 9.75419478522e-09, 4.38651603929e-09, 1.35167987914e-09, 8.93938589819e-10, 1.18967991014e-09, 1.16867904243e-09],
        "dvar": [2.50204520853e-05, 1.77162874024e-05, 5.41857957614e-07, 7.39699643759e-08, 3.40641470586e-08, 5.00716588192e-08, 3.59632998936e-08, 9.2280892261e-08, 2.71285415465e-07, 1.54122233198e-07, 5.53982744123e-08, 4.28841886446e-08, 2.76985456793e-08, 1.40503031432e-08, 1.9096579873e-09, 1.1043149728e-09, 7.73249242414e-10, 4.61058378975e-11, 2.5817055091e-11, 2.92670714053e-11, 3.66920469702e-12, 3.81202925129e-12, 2.31303843266e-12, 8.65006634029e-13, 1.00209012095e-12, 1.54208622868e-13, 4.65329814611e-14, 1.25549082849e-12, 2.08322237499e-13, 4.39294088573e-14, 6.95238459766e-15, 3.88784946416e-15, 3.09548381156e-15, 2.38841585906e-16, 1.86334204089e-15, 2.40523660991e-16, 5.15890942092e-17, 6.79070904666e-18, 1.33827243471e-17, 1.89971705686e-17],
        "dvar2": [5.71196578676e-05, 4.85989694425e-05, 1.48751325924e-06, 2.06379169754e-07, 7.61381215852e-08, 1.19752215255e-07, 7.71795143351e-08, 2.02145727712e-07, 4.61618583358e-07, 1.8080966413e-07, 8.17245648932e-08, 1.0252291105e-07, 6.22535196726e-08, 2.50606539964e-08, 4.25820445571e-09, 2.07739603297e-09, 1.07568598473e-09, 6.80916226181e-11, 5.27473099921e-11, 6.90155571581e-11, 7.67790778872e-12, 7.93894117113e-12, 4.98712876551e-12, 1.88286452402e-12, 2.81348859141e-12, 3.05529120883e-13, 9.84684407038e-14, 1.47001313032e-12, 3.72389808876e-13, 1.09312441098e-13, 1.22886777658e-14, 9.65589099563e-15, 6.53894908665e-15, 4.75916419904e-16, 4.28649874452e-15, 5.69926224439e-16, 9.78916440363e-17, 1.36216182439e-17, 3.11355811823e-17, 4.5115380212e-17],
        "max": [0.130020931363, 0.0960717201233, 0.0150123704225, 0.00661334581673, 0.00899833347648, 0.0120176607743, 0.00602150009945, 0.0126919988543, 0.0285033844411, 0.0164280124009, 0.0148730315268, 0.0092776697129, 0.00669124396518, 0.00673036044464, 0.00225509540178, 0.00181728356984, 0.00181314803194, 0.000326920999214, 0.000298580271192, 0.00042143225437, 5.90169765928e-05, 0.000104579317849, 4.59691109427e-05, 2.65440103249e-05, 2.25507010327e-05, 2.48871474469e-05, 1.00033021226e-05, 6.38892888674e-05, 1.95364391402e-05, 8.79768958839e-06, 4.29859346696e-06, 3.14329417961e-06, 3.48033086084e-06, 4.8028658739e-07, 1.4858068198e-06, 7.53862764213e-07, 3.06862403932e-07, 6.58849472757e-08, 8.05490429912e-08, 1.44687049897e-07],
        "mean": [0.00352987088263, 0.00304184271954, 0.000495070475154, 0.000392768997699, 0.000444038509158, 0.000426404789323, 0.000237770815147, 0.000295011210255, 0.000653119350318, 0.000460889859824, 0.000205860342248, 0.000159157454618, 7.02046527294e-05, 6.4046427724e-05, 1.77178480953e-05, 1.66713070939e-05, 9.96539529297e-06, 2.94831124847e-06, 2.02330352295e-06, 1.27178714138e-06, 1.12690315746e-06, 6.39105678601e-07, 9.26325355977e-07, 5.33670345249e-07, 2.56847670244e-07, 1.49638054836e-07, 9.80334036171e-08, 6.64091771796e-07, 2.66174509989e-07, 5.04241803867e-08, 1.57802162448e-08, 1.00669543812e-08, 7.34518534884e-09, 4.34324087806e-09, 6.60244614537e-09, 3.21769499934e-09, 1.42535150349e-09, 7.63025143069e-10, 7.71383901199e-10, 7.17632508973e-10],
        "median": [0.00209997268394, 0.00129804061726, 0.000242853100644, 0.000195324100787, 0.000197011890123, 0.000124989106553, 9.79407632258e-05, 8.26944742585e-05, 5.53189238417e-05, 5.69037292735e-05, 4.42599703092e-05, 2.32337297348e-05, 1.92897041416e-05, 4.51811865787e-06, 2.67457744485e-06, 1.94245421881e-06, 9.27185567434e-07, 3.53963741873e-07, 3.79979837817e-07, 2.44067564381e-07, 1.53973573447e-07, 1.04585282656e-07, 6.37567509898e-08, 6.52064997553e-08, 3.30723501918e-08, 8.83905038052e-09, 9.10823416689e-09, 7.0546519737e-09, 4.60674165481e-09, 9.26821230873e-10, 2.37355524124e-10, 1.61949648136e-10, 1.45193093659e-10, 1.28223487383e-10, 1.12960876764e-10, 7.13521464135e-11, 3.13721826295e-11, 2.09850452987e-11, 9.16305052667e-12, 6.77044184605e-12],
        "min": [3.61061872978e-24, 1.83796564257e-24, 1.34393617586e-24, 2.55025596124e-24, 2.01103028669e-24, 2.40473755107e-24, 2.09267324886e-24, 3.99048641565e-24, 2.82500536769e-24, 1.91142003133e-24, 3.63047238661e-24, 4.62350587689e-24, 6.30214390193e-24, 2.62195730385e-24, 3.78558650084e-24, 4.25185023304e-24, 2.59579197092e-24, 2.14014098168e-24, 3.7682895422e-24, 5.59449662133e-24, 5.55006600299e-24, 4.4497655734e-24, 2.94958405678e-24, 3.56312378126e-24, 7.19679854871e-24, 5.87648126279e-24, 6.70549518808e-24, 6.96920271123e-24, 6.36603532436e-24, 5.42536011008e-24, 5.21456700988e-24, 6.18943106136e-24, 7.45703745046e-24, 5.05183171045e-24, 7.75791688832e-24, 6.070322531e-24, 7.04729520768e-24, 7.95511554855e-24, 8.25402204528e-24, 7.42535127448e-24],
        "var": [3.6248286051e-05, 2.59337812167e-05, 6.26058636044e-07, 2.91547223696e-07, 4.93997958984e-07, 8.00259215339e-07, 1.8385796352e-07, 4.24040450753e-07, 5.1468541642e-06, 2.29661759477e-06, 4.53129786138e-07, 2.45016849476e-07, 4.94133409745e-08, 8.40902174559e-08, 5.07404696037e-09, 3.85302234562e-09, 2.5456907693e-09, 2.19762694154e-10, 5.83379386465e-11, 4.23611874745e-11, 1.01339266839e-11, 8.51591627077e-12, 8.94453261457e-12, 3.08761588345e-12, 9.15743609414e-13, 5.42523437199e-13, 1.5650314703e-13, 1.18899213392e-11, 1.4036987718e-12, 7.81348320463e-14, 1.65347607568e-14, 4.95386838037e-15, 3.7513729746e-15, 3.55525483058e-16, 1.9791449973e-15, 2.72436871358e-16, 9.33745562949e-17, 9.99116058573e-18, 1.47968996193e-17, 1.84133200225e-17]
    },
    "mfcc": {
        "mean": [-823.282165527, 246.986282349, 27.7998733521, 4.30212640762, 1.54697847366, -1.83375644684, 10.7744407654, 10.4949092865, 5.91433668137, 5.09269380569, -0.937924206257, 3.50679945946, 3.05445504189],
        "cov": [[6399.81787109, 1604.46557617, -2224.14648438, 201.359573364, -115.537940979, -272.61239624, 121.553222656, 274.760345459, 129.627288818, 239.384857178, 133.946640015, 165.812973022, -47.7060203552], [1604.46557617, 1325.38562012, -286.706695557, -237.665390015, 26.5126152039, -105.042205811, 13.2478914261, 37.7938346863, 20.9414558411, 8.95695972443, 20.9994010925, 32.5146217346, -16.565410614], [-2224.14648438, -286.706695557, 1255.11303711, -60.0299453735, -11.4112930298, 149.746810913, -65.1039962769, -129.422821045, -39.8130912781, -58.9278945923, -52.8893432617, -53.097858429, 22.0331420898], [201.359573364, -237.665390015, -60.0299453735, 394.463256836, 59.3426780701, -12.1380004883, 94.0737915039, 12.6682167053, 48.8427734375, 105.061981201, -13.9699811935, 27.1410884857, 31.1809768677], [-115.537940979, 26.5126152039, -11.4112930298, 59.3426780701, 245.673065186, 51.7933082581, 28.140668869, 109.601913452, -0.26392814517, -23.6345901489, 52.6992378235, -18.6199550629, 20.0803165436], [-272.61239624, -105.042205811, 149.746810913, -12.1380004883, 51.7933082581, 216.017562866, 84.6605987549, 20.2292232513, 18.5602455139, -9.7672662735, 1.42580318451, 8.85124397278, -4.21757936478], [121.553222656, 13.2478914261, -65.1039962769, 94.0737915039, 28.140668869, 84.6605987549, 202.876754761, 37.3082389832, 40.7963218689, 56.3272590637, -48.6852340698, 24.9203643799, 26.9666690826], [274.760345459, 37.7938346863, -129.422821045, 12.6682167053, 109.601913452, 20.2292232513, 37.3082389832, 221.089599609, 49.4802055359, -44.4699897766, 50.6559638977, -39.2546348572, -10.2408103943], [129.627288818, 20.9414558411, -39.8130912781, 48.8427734375, -0.26392814517, 18.5602455139, 40.7963218689, 49.4802055359, 113.7733078, 62.8167419434, -12.5879716873, -2.81223106384, -9.8287935257], [239.384857178, 8.95695972443, -58.9278945923, 105.061981201, -23.6345901489, -9.7672662735, 56.3272590637, -44.4699897766, 62.8167419434, 163.879577637, 14.3691968918, 23.8213558197, 2.70009732246], [133.946640015, 20.9994010925, -52.8893432617, -13.9699811935, 52.6992378235, 1.42580318451, -48.6852340698, 50.6559638977, -12.5879716873, 14.3691968918, 157.339172363, 21.367149353, -38.8036575317], [165.812973022, 32.5146217346, -53.097858429, 27.1410884857, -18.6199550629, 8.85124397278, 24.9203643799, -39.2546348572, -2.81223106384, 23.8213558197, 21.367149353, 118.585395813, 46.2566299438], [-47.7060203552, -16.565410614, 22.0331420898, 31.1809768677, 20.0803165436, -4.21757936478, 26.9666690826, -10.2408103943, -9.8287935257, 2.70009732246, -38.8036575317, 46.2566299438, 130.222595215]],
