{
"lowlevel": {
    "average_loudness": 0.0787843838334,
    "barkbands_crest": {
        "dmean": 3.16772031784,
        "dmean2": 5.30251216888,
        "dvar": 8.22431278229,
        "dvar2": 23.048330307,
        "max": 26.9068126678,
        "mean": 12.5759525299,
        "median": 11.8601474762,
        "min": 3.6456887722,
        "var": 20.8548259735
    },
    "barkbands_flatness_db": {
        "dmean": 0.0302493050694,
        "dmean2": 0.0507569238544,
        "dvar": 0.000967586529441,
        "dvar2": 0.00276341382414,
        "max": 0.744218885899,
        "mean": 0.31109046936,
        "median": 0.314435780048,
        "min": 0.0409586466849,
        "var": 0.00626856135204
    },
    "barkbands_kurtosis": {
        "dmean": 12.9061126709,
        "dmean2": 20.6184921265,
        "dvar": 94944.421875,
        "dvar2": 164359.453125,
        "max": 31120.4433594,
        "mean": 16.3903446198,
        "median": 2.31631445885,
        "min": -1.91632950306,
        "var": 168461.296875
    },
    "barkbands_skewness": {
        "dmean": 0.836549639702,
        "dmean2": 1.36823129654,
        "dvar": 3.03054070473,
        "dvar2": 6.84892749786,
        "max": 136.213928223,
        "mean": 1.64290785789,
        "median": 1.11087334156,
        "min": -4.28839492798,
        "var": 8.89054965973
    },
    "barkbands_spread": {
        "dmean": 2.19863653183,
        "dmean2": 3.65262818336,
        "dvar": 7.27745103836,
        "dvar2": 19.3160800934,
        "max": 76.3215637207,
        "mean": 7.59939193726,
        "median": 6.58948421478,
        "min": 0.00769056426361,
        "var": 25.4474372864
    },
    "dissonance": {
        "dmean": 0.0401153676212,
        "dmean2": 0.0679450407624,
        "dvar": 0.00137453584466,
        "dvar2": 0.00379262166098,
        "max": 0.500000178814,
        "mean": 0.399517893791,
        "median": 0.413894832134,
        "min": 0.132930800319,
        "var": 0.00492936419323
    },
    "dynamic_complexity": 6.17055273056,
    "erbbands_crest": {
        "dmean": 2.66623663902,
        "dmean2": 4.14419364929,
        "dvar": 6.47783613205,
        "dvar2": 15.0854434967,
        "max": 33.0332298279,
        "mean": 13.0511770248,
        "median": 12.1420316696,
        "min": 1.81897974014,
        "var": 26.7447681427
    },
    "erbbands_flatness_db": {
        "dmean": 0.0165795031935,
        "dmean2": 0.0253950543702,
        "dvar": 0.000228968347074,
        "dvar2": 0.000503551564179,
        "max": 0.522896587849,
        "mean": 0.291715532541,
        "median": 0.296622127295,
        "min": 0.0225820187479,
        "var": 0.00714826630428
    },
    "erbbands_kurtosis": {
        "dmean": 1.38141679764,
        "dmean2": 2.13352513313,
        "dvar": 3.80107450485,
        "dvar2": 8.27895450592,
        "max": 49.7626914978,
        "mean": 2.1908531189,
        "median": 1.11966133118,
        "min": -1.7731897831,
        "var": 13.8024015427
    },
    "erbbands_skewness": {
        "dmean": 0.354257017374,
        "dmean2": 0.541739463806,
        "dvar": 0.120904371142,
        "dvar2": 0.266807764769,
        "max": 4.48261642456,
        "mean": 0.409103035927,
        "median": 0.408910036087,
        "min": -5.09563970566,
        "var": 0.909711241722
    },
    "erbbands_spread": {
        "dmean": 3.4359357357,
        "dmean2": 5.42457532883,
        "dvar": 19.2367725372,
        "dvar2": 50.6231842041,
        "max": 124.265167236,
        "mean": 15.4848413467,
        "median": 12.3626308441,
        "min": 0.996575474739,
        "var": 116.890869141
    },
    "hfc": {
        "dmean": 2.426476717,
        "dmean2": 3.41817927361,
        "dvar": 40.9465446472,
        "dvar2": 74.0276870728,
        "max": 305.061767578,
        "mean": 10.1863517761,
        "median": 6.10088062286,
        "min": 1.23544427273e-16,
        "var": 188.952255249
    },
    "melbands_crest": {
        "dmean": 4.32382297516,
        "dmean2": 7.26312828064,
        "dvar": 17.9416065216,
        "dvar2": 50.2143974304,
        "max": 39.9980430603,
        "mean": 17.8075084686,
        "median": 15.8750915527,
        "min": 2.21039009094,
        "var": 61.1646614075
    },
    "melbands_flatness_db": {
        "dmean": 0.028205934912,
        "dmean2": 0.0470525212586,
        "dvar": 0.00078208767809,
        "dvar2": 0.00218544155359,
        "max": 0.733517229557,
        "mean": 0.41633784771,
        "median": 0.420656502247,
        "min": 0.00968727003783,
        "var": 0.00809404719621
    },
    "melbands_kurtosis": {
        "dmean": 19.4647731781,
        "dmean2": 32.8767929077,
        "dvar": 355316.21875,
        "dvar2": 654844.8125,
        "max": 56777.4296875,
        "mean": 23.4912281036,
        "median": 3.36584925652,
        "min": -1.89582669735,
        "var": 451785.8125
    },
    "melbands_skewness": {
        "dmean": 0.847353696823,
        "dmean2": 1.37872350216,
        "dvar": 6.57139492035,
        "dvar2": 13.271727562,
        "max": 226.521026611,
        "mean": 2.04423260689,
        "median": 1.38398611546,
        "min": -3.42643976212,
        "var": 13.9908180237
    },
    "melbands_spread": {
        "dmean": 2.48146033287,
        "dmean2": 4.06841659546,
        "dvar": 9.27557849884,
        "dvar2": 22.2264595032,
        "max": 106.669799805,
        "mean": 9.60078811646,
        "median": 7.96410608292,
        "min": 0.00986671634018,
        "var": 49.297832489
    },
    "pitch_salience": {
        "dmean": 0.0817646607757,
        "dmean2": 0.136629194021,
        "dvar": 0.00570796662942,
        "dvar2": 0.0158894434571,
        "max": 0.830912768841,
        "mean": 0.45693898201,
        "median": 0.472786694765,
        "min": 0.000797056767624,
        "var": 0.0193340498954
    },
    "silence_rate_20dB": {
        "dmean": 0.00229934602976,
        "dmean2": 0.00459902267903,
        "dvar": 0.0022943764925,
        "dvar2": 0.0054414216429,
        "max": 1,
        "mean": 0.997269749641,
        "median": 1,
        "min": 0,
        "var": 0.00272295647301
    },
    "silence_rate_30dB": {
        "dmean": 0.039663720876,
        "dmean2": 0.0793331414461,
        "dvar": 0.0380995869637,
        "dvar2": 0.0890014246106,
        "max": 1,
        "mean": 0.915145874023,
        "median": 1,
        "min": 0,
        "var": 0.0776546746492
    },
    "silence_rate_60dB": {
        "dmean": 0.0232808794826,
        "dmean2": 0.0465651042759,
        "dvar": 0.0227424111217,
        "dvar2": 0.0538862496614,
        "max": 1,
        "mean": 0.117689326406,
        "median": 0,
        "min": 0,
        "var": 0.103834316134
    },
    "spectral_centroid": {
        "dmean": 74.0922851562,
        "dmean2": 118.813804626,
        "dvar": 19743.5332031,
        "dvar2": 40052.46875,
        "max": 11066.9414062,
        "mean": 587.479248047,
        "median": 521.059875488,
        "min": 126.99835968,
        "var": 78091.9765625
    },
    "spectral_complexity": {
        "dmean": 1.30444777012,
        "dmean2": 2.21169877052,
        "dvar": 1.5844848156,
        "dvar2": 4.06088829041,
        "max": 26,
        "mean": 9.3673658371,
        "median": 9,
        "min": 0,
        "var": 18.4844532013
    },
    "spectral_decrease": {
        "dmean": 5.17791631793e-09,
        "dmean2": 8.83373107996e-09,
        "dvar": 1.37807575367e-16,
        "dvar2": 4.01987490146e-16,
        "max": 3.76930670727e-30,
        "mean": -1.09507762858e-08,
        "median": -5.71840796937e-09,
        "min": -2.95365850889e-07,
        "var": 2.47637996594e-16
    },
    "spectral_energy": {
        "dmean": 0.019690617919,
        "dmean2": 0.0335427820683,
        "dvar": 0.0019738394767,
        "dvar2": 0.00575001258403,
        "max": 1.11612331867,
        "mean": 0.0422546379268,
        "median": 0.0222594924271,
        "min": 1.11916195941e-20,
        "var": 0.00361030432396
    },
    "spectral_energyband_high": {
        "dmean": 5.89914316151e-06,
        "dmean2": 9.88492320175e-06,
        "dvar": 3.34052951967e-10,
        "dvar2": 9.09044728381e-10,
        "max": 0.000424264901085,
        "mean": 1.56617261382e-05,
        "median": 2.10797020372e-06,
        "min": 8.38322428443e-21,
        "var": 1.37222233576e-09
    },
    "spectral_energyband_low": {
        "dmean": 0.0117441220209,
        "dmean2": 0.0201829914004,
        "dvar": 0.000649019202683,
        "dvar2": 0.0018732274184,
        "max": 0.552275121212,
        "mean": 0.0187367200851,
        "median": 0.00587920611724,
        "min": 2.01706590092e-23,
        "var": 0.00119297485799
    },
    "spectral_energyband_middle_high": {
        "dmean": 0.00122870202176,
        "dmean2": 0.00166970898863,
        "dvar": 3.86560132029e-05,
        "dvar2": 6.67199055897e-05,
        "max": 0.315308392048,
        "mean": 0.00333991926163,
        "median": 0.000978457741439,
        "min": 1.7351092798e-21,
        "var": 0.000107894549728
    },
    "spectral_energyband_middle_low": {
        "dmean": 0.00323387258686,
        "dmean2": 0.00468451296911,
        "dvar": 2.54285969277e-05,
        "dvar2": 5.63777502975e-05,
        "max": 0.163498297334,
        "mean": 0.013865666464,
        "median": 0.00821368861943,
        "min": 2.66501624296e-22,
        "var": 0.000249101372901
    },
    "spectral_entropy": {
        "dmean": 0.132434099913,
        "dmean2": 0.206657260656,
        "dvar": 0.0157122500241,
        "dvar2": 0.0367941744626,
        "max": 9.79956817627,
        "mean": 6.26846933365,
        "median": 6.24870491028,
        "min": 4.39562606812,
        "var": 0.454286128283
    },
    "spectral_flux": {
        "dmean": 0.0324571020901,
        "dmean2": 0.0546293593943,
        "dvar": 0.00209584785625,
        "dvar2": 0.00570226414129,
        "max": 0.89323425293,
        "mean": 0.0854935348034,
        "median": 0.0635794773698,
        "min": 1.05790452787e-10,
        "var": 0.00564938923344
    },
    "spectral_kurtosis": {
        "dmean": 17.9880886078,
        "dmean2": 31.1929683685,
        "dvar": 588.945922852,
        "dvar2": 1697.73486328,
        "max": 486.381134033,
        "mean": 53.294506073,
        "median": 29.1315345764,
        "min": -1.19824945927,
        "var": 3643.7277832
    },
    "spectral_rms": {
        "dmean": 0.00118956516962,
        "dmean2": 0.00198344746605,
        "dvar": 2.87373336505e-06,
        "dvar2": 8.27851272334e-06,
        "max": 0.0329984985292,
        "mean": 0.00535090034828,
        "median": 0.00466010533273,
        "min": 3.3043385736e-12,
        "var": 1.25921151266e-05
    },
    "spectral_rolloff": {
        "dmean": 119.899116516,
        "dmean2": 213.537689209,
        "dvar": 70193.0703125,
        "dvar2": 137662.125,
        "max": 18432.421875,
        "mean": 513.823364258,
        "median": 495.263671875,
        "min": 21.533203125,
        "var": 153684.265625
    },
    "spectral_skewness": {
        "dmean": 0.989003241062,
        "dmean2": 1.73355460167,
        "dvar": 1.21151018143,
        "dvar2": 3.56738901138,
        "max": 16.9314632416,
        "mean": 4.63354492188,
        "median": 3.7932009697,
        "min": -0.0267620421946,
        "var": 8.08592891693
    },
    "spectral_spread": {
        "dmean": 283729.5,
        "dmean2": 483965.59375,
        "dvar": 157151903744,
        "dvar2": 279698604032,
        "max": 40692628,
        "mean": 1897573.25,
        "median": 1524552.875,
        "min": 209430.796875,
        "var": 1.41631920538e+12
    },
    "spectral_strongpeak": {
        "dmean": 0.451886713505,
        "dmean2": 0.777968466282,
        "dvar": 0.877610981464,
        "dvar2": 2.11704826355,
        "max": 23.6192512512,
        "mean": 0.832139253616,
        "median": 0.270568609238,
        "min": 0,
        "var": 1.91534864902
    },
    "zerocrossingrate": {
        "dmean": 0.00315247871913,
        "dmean2": 0.00414839060977,
        "dvar": 4.7720339353e-05,
        "dvar2": 6.49150533718e-05,
        "max": 0.5078125,
        "mean": 0.0203515198082,
        "median": 0.0185546875,
        "min": 0,
        "var": 0.000167148828041
    },
    "barkbands": {
        "dmean": [0.0141661632806, 0.0054364008829, 0.00173671485391, 0.000541338522453, 0.00110602902714, 0.00106114137452, 0.000683314690832, 0.000941117410548, 0.000882767490111, 0.000785464188084, 0.000285059242742, 0.000175322420546, 8.4707789938e-05, 0.000131863751449, 5.53965583094e-05, 1.36789258249e-05, 4.57540500065e-06, 4.63383821625e-06, 3.27625139107e-06, 1.03170141301e-05, 2.09834365705e-06, 9.22801746128e-07, 4.49159585969e-07, 1.5386522989e-07, 1.54235749505e-07, 4.36432003426e-07, 3.76050302009e-08],
        "dmean2": [0.0249610748142, 0.00948751438409, 0.00288008246571, 0.000893529213499, 0.00155692722183, 0.00166293187067, 0.000972464564256, 0.00128553598188, 0.00129025999922, 0.00108996301424, 0.000397231371608, 0.00025373295648, 0.000128474872326, 0.000184362608707, 8.80096922629e-05, 1.79358921741e-05, 6.47242859486e-06, 7.02519673723e-06, 5.32328931513e-06, 1.80997030839e-05, 3.42536395692e-06, 1.45943374719e-06, 7.2444908028e-07, 2.49812842412e-07, 2.55339870137e-07, 7.16893055142e-07, 6.55242615721e-08],
        "dvar": [0.00153981067706, 0.000148754916154, 2.13926214201e-05, 1.36564233344e-06, 3.66307676813e-06, 6.67263066134e-06, 3.41301097251e-06, 5.31799105374e-06, 4.70932172902e-06, 3.1916435546e-05, 2.53952930507e-06, 4.88431624035e-07, 1.95527363189e-07, 2.41430984715e-06, 2.9181110861e-08, 8.68073524174e-09, 2.88537860271e-10, 4.49135839631e-10, 1.31216787436e-10, 1.5847878565e-09, 4.76114217496e-11, 1.24757548042e-11, 2.63538431529e-12, 3.25170906911e-13, 3.46256768917e-13, 2.67118683943e-12, 3.1469188285e-14],
        "dvar2": [0.00450237747282, 0.00043433526298, 5.49249998585e-05, 3.6587532577e-06, 7.28366148905e-06, 1.75885543285e-05, 7.03126625012e-06, 9.38608081924e-06, 9.95788195723e-06, 5.50470576854e-05, 4.34928233517e-06, 9.86410213955e-07, 4.33007414813e-07, 4.31626358477e-06, 6.03624314977e-08, 7.94996601883e-09, 5.07746622525e-10, 9.05846897492e-10, 3.2817470963e-10, 4.44744996386e-09, 1.20208482057e-10, 2.89173875817e-11, 7.12312370546e-12, 7.93630243988e-13, 9.68429871885e-13, 7.09325220088e-12, 9.38438440997e-14],
        "max": [1.03609633446, 0.26008450985, 0.188019692898, 0.0450798980892, 0.0506390854716, 0.154336735606, 0.0515490286052, 0.0761622339487, 0.088442645967, 0.303578406572, 0.0630680397153, 0.0278835892677, 0.0302440337837, 0.136431321502, 0.00983849633485, 0.00825238693506, 0.000803018221632, 0.00163716450334, 0.00050410599215, 0.0010939699132, 0.000184530304978, 0.000176379573531, 7.59293980082e-05, 2.92848435492e-05, 2.25626299653e-05, 7.07262734068e-05, 7.56082681619e-06],
        "mean": [0.0145333046094, 0.00729183247313, 0.00327133527026, 0.00104705255944, 0.0030370678287, 0.00346829206683, 0.00177630223334, 0.00234655919485, 0.00204806681722, 0.00178799801506, 0.000590689538512, 0.000399778247811, 0.000184767181054, 0.000284296518657, 9.75928196567e-05, 3.23613021465e-05, 1.24490306916e-05, 1.160517877e-05, 6.58272347209e-06, 1.71332667378e-05, 4.70041641165e-06, 2.15602176468e-06, 1.2550304973e-06, 3.97848225475e-07, 2.77476232213e-07, 7.55757753268e-07, 6.1880612634e-08],
        "median": [0.00150214822497, 0.00191192259081, 0.000555427395739, 0.00032737076981, 0.00101274321787, 0.000963973929174, 0.000372153357603, 0.000343160587363, 0.000563424895518, 0.000172790954821, 4.39694595116e-05, 7.96102249296e-05, 2.89809286187e-05, 4.46370795544e-05, 2.8567006666e-05, 6.2629887907e-06, 2.35191873799e-06, 1.7605773337e-06, 1.18106470381e-06, 3.05083131025e-06, 4.8482627335e-07, 1.25314755905e-07, 6.87269974264e-08, 1.80119279491e-08, 1.87447604105e-08, 3.00378886209e-08, 3.24755955461e-09],
        "min": [1.71401170666e-25, 5.60284237527e-24, 5.52584836763e-24, 1.11693813717e-23, 2.43841433865e-23, 4.66739588885e-23, 1.17081157831e-23, 3.8916105109e-23, 7.17807256855e-23, 1.22654314976e-22, 2.91094217865e-23, 5.61166870328e-23, 1.09912898692e-22, 1.52913845475e-22, 1.26826265827e-22, 1.70596888418e-22, 1.97895338002e-22, 2.41414661063e-22, 3.05564400735e-22, 4.57671449763e-22, 5.95464472516e-22, 4.23546765886e-22, 6.2154348198e-22, 9.98069543589e-22, 1.20716660547e-21, 1.92709737491e-21, 2.58608971227e-21],
        "var": [0.00161363685038, 0.00020776380552, 0.000120343793242, 4.18289073423e-06, 2.25931798923e-05, 5.07199074491e-05, 1.37467068271e-05, 3.1275114452e-05, 1.67164689628e-05, 8.44724127091e-05, 5.93249842495e-06, 1.90732589544e-06, 6.357198572e-07, 6.42218174107e-06, 7.9969410649e-08, 5.17961176172e-08, 1.68819469515e-09, 1.71566105767e-09, 2.90735352459e-10, 2.21684781643e-09, 1.49350656842e-10, 5.73170122475e-11, 1.53627770227e-11, 1.42536774484e-12, 7.10085744544e-13, 6.30249975472e-12, 6.43805958523e-14]
    },
    "erbbands": {
        "dmean": [0.359120100737, 0.66827082634, 1.68650138378, 2.0096514225, 2.02272844315, 3.12816023827, 10.8722143173, 7.34969472885, 11.0560779572, 9.97085094452, 19.4049549103, 17.564622879, 23.3858852386, 16.7927303314, 11.7948093414, 5.22320175171, 4.23644542694, 5.98819160461, 3.98886561394, 1.77936792374, 0.546104311943, 0.231791853905, 0.230778127909, 0.161246657372, 0.28126963973, 0.516286015511, 0.141801029444, 0.0524384863675, 0.0347340218723, 0.0212311465293, 0.00997552834451, 0.00389673863538, 0.00235805753618, 0.000512097903993, 0.00194106402341, 0.00303159747273, 0.000432464032201, 5.41360750503e-05, 1.28737947307e-05, 2.13433941099e-05],
        "dmean2": [0.632419109344, 1.1415348053, 2.72938895226, 3.37829589844, 3.34674406052, 4.44677734375, 16.1077136993, 11.3678102493, 15.8591156006, 13.441901207, 27.2421073914, 25.3230781555, 34.7927131653, 22.4669551849, 16.5047492981, 7.62191581726, 6.18075704575, 8.24770927429, 6.38460922241, 2.3823697567, 0.772132635117, 0.335326403379, 0.355865031481, 0.245192289352, 0.469518452883, 0.905630588531, 0.2373483181, 0.084281951189, 0.0554303266108, 0.033437628299, 0.0155999949202, 0.0064921816811, 0.00384131399915, 0.000799715286121, 0.00319828558713, 0.00497193494812, 0.000722843164112, 9.26904831431e-05, 2.18752411456e-05, 3.6299436033e-05],
        "dvar": [0.72265458107, 2.03561425209, 19.944272995, 23.4556388855, 14.2571783066, 31.2182559967, 454.734039307, 361.699920654, 957.228515625, 751.042541504, 2037.17663574, 1734.48449707, 15501.9697266, 8501.03222656, 2921.99291992, 299.739227295, 446.54473877, 7202.58203125, 216.198455811, 163.183761597, 3.49132013321, 0.734689354897, 0.778822541237, 0.346178203821, 0.929306685925, 4.18963050842, 0.229745402932, 0.0293576773256, 0.0153733743355, 0.0123848123476, 0.00125641573686, 0.000208086043131, 9.96971284621e-05, 3.32471017828e-06, 5.6996675994e-05, 0.000144642661326, 2.2753824851e-06, 4.23560742036e-08, 9.05297836695e-10, 2.27980634371e-09],
        "dvar2": [2.1268992424, 5.79288864136, 46.0006065369, 65.8407516479, 36.9742088318, 61.8979911804, 1126.18273926, 872.203796387, 1985.58374023, 1147.33703613, 4079.01513672, 3469.2668457, 27665.6542969, 14265.1914062, 5149.79785156, 596.109313965, 797.055969238, 12501.3554688, 527.358154297, 161.190704346, 4.69760942459, 1.48115503788, 1.70858728886, 0.684076845646, 2.52983283997, 11.8073196411, 0.601626157761, 0.0751730650663, 0.0382381342351, 0.0271052960306, 0.00303585850634, 0.000537959334906, 0.000271814729786, 7.82086772233e-06, 0.000156911846716, 0.000383529957617, 6.30393151368e-06, 1.22333787544e-07, 2.64410759954e-09, 6.63143584489e-09],
        "max": [17.2828826904, 36.5388069153, 219.624572754, 247.909347534, 85.0659561157, 160.014526367, 625.757263184, 1284.23010254, 882.265075684, 1463.68579102, 1067.85998535, 1342.45092773, 6588.20458984, 4513.19628906, 2029.68505859, 667.74395752, 1356.2322998, 7510.29833984, 538.369506836, 1108.37817383, 113.450614929, 31.7333526611, 51.0792694092, 46.5482292175, 37.0005607605, 59.1258010864, 12.5712471008, 4.54259634018, 3.98863315582, 8.16933822632, 1.31156289577, 0.837225615978, 0.368757754564, 0.0744973123074, 0.324146211147, 0.519593298435, 0.0562686547637, 0.00689159659669, 0.000904801941942, 0.00119767955039],
        "mean": [0.419432610273, 1.02627110481, 3.44234108925, 4.00033140182, 4.5637550354, 8.3750743866, 29.7312965393, 26.5824813843, 28.3031139374, 32.4100036621, 45.4543609619, 43.4762763977, 49.2431373596, 43.5367851257, 27.1644821167, 12.6636018753, 10.0459604263, 13.6832494736, 7.46162557602, 3.97244286537, 1.34663140774, 0.643959283829, 0.614134013653, 0.401901841164, 0.527678787708, 0.83774638176, 0.293077468872, 0.128660693765, 0.079572238028, 0.0601876936853, 0.0291793569922, 0.0109625877813, 0.00554071133956, 0.0013624971034, 0.00329748913646, 0.00502270972356, 0.000797849788796, 9.70127657638e-05, 2.93309603876e-05, 4.70616287203e-05],
        "median": [0.0775809288025, 0.303307294846, 0.636921644211, 1.21524238586, 1.79059755802, 2.72594594955, 8.06829547882, 8.66740608215, 7.64990711212, 7.29995536804, 10.4703407288, 12.7639198303, 10.016834259, 4.76335048676, 4.54426717758, 3.93633127213, 2.10310149193, 1.98554754257, 2.64198112488, 1.00090765953, 0.364184439182, 0.167148411274, 0.113592922688, 0.0845800042152, 0.11077581346, 0.146444737911, 0.0372107364237, 0.0122935976833, 0.00535040069371, 0.00291564268991, 0.00191868224647, 0.000648608547635, 0.000241059198743, 0.000142358912854, 0.000206919663469, 0.000216843662201, 5.52741148567e-05, 7.45277702663e-06, 1.5113392692e-05, 2.5283654395e-05],
        "min": [2.92485970451e-22, 6.62960320335e-22, 3.6566637772e-21, 3.20435196707e-20, 1.8615967873e-20, 1.21418559244e-19, 3.02813606559e-19, 3.1042684767e-19, 1.17879053402e-19, 5.33535320807e-19, 9.40693160448e-19, 1.65211542974e-18, 4.3017560843e-18, 1.42346513085e-18, 1.56755575425e-18, 2.60145324798e-18, 4.50496706385e-18, 8.19676926344e-18, 7.57336790352e-18, 7.81624963806e-18, 8.25721548671e-18, 1.15684815173e-17, 1.49063554667e-17, 1.28596500693e-17, 2.00170395961e-17, 2.02778876936e-17, 2.65652395531e-17, 1.98231947827e-17, 1.37255088201e-17, 1.74295458482e-17, 1.84496861909e-17, 1.88496759936e-17, 1.64307484196e-17, 1.09529772507e-17, 9.06186866246e-18, 6.45416896008e-18, 4.36159681136e-18, 1.38170253948e-18, 3.5916611297e-19, 3.87810963992e-20],
        "var": [0.861884117126, 4.52224206924, 149.466384888, 75.6114959717, 49.105052948, 188.006469727, 2360.74682617, 3172.34033203, 3505.67456055, 8272.88964844, 7040.15625, 7360.39257812, 39124.0507812, 30560.6445312, 7131.25341797, 1181.67199707, 1830.76062012, 20127.2441406, 343.329071045, 835.266174316, 17.9028186798, 3.14193630219, 3.35633325577, 1.26492321491, 1.74711465836, 5.62321853638, 0.622008442879, 0.104376785457, 0.0539085194468, 0.0791052356362, 0.00759053369984, 0.00102949002758, 0.000310798233841, 1.4645193005e-05, 0.000111364905024, 0.000295011297567, 6.07705123912e-06, 1.04275606816e-07, 2.27566143707e-09, 4.28230562122e-09]
    },
    "gfcc": {
        "mean": [-154.561141968, 202.088729858, -99.8033447266, -13.3834915161, -33.7186393738, -8.92682933807, -9.20328330994, -3.98193454742, -11.8413591385, 6.04575109482, -9.22536087036, -8.96479892731, 0.145629942417],
        "cov": [[13844.8125, -128.305236816, -1332.77172852, 386.674621582, -677.322265625, -103.545074463, -187.715270996, -106.512115479, -184.334487915, -84.0820846558, 39.3882789612, 304.834991455, -151.033126831], [-128.305236816, 2562.57592773, -11.3765134811, -1081.33239746, 342.280181885, -518.240112305, 76.8363189697, -222.257965088, 130.371307373, -566.113769531, 466.210845947, -74.7913360596, 99.8407516479], [-1332.77172852, -11.3765134811, 807.207092285, 92.6962509155, 83.710319519, 93.2452316284, -18.8511772156, 50.5064659119, -24.4469089508, 135.469238281, -56.0240402222, -25.4792366028, 18.3027610779], [386.674621582, -1081.33239746, 92.6962509155, 886.979064941, -59.417098999, 248.077453613, 50.4554138184, 59.6980400085, -26.5972595215, 262.420135498, -216.893936157, -16.2788734436, -9.12836456299], [-677.322265625, 342.280181885, 83.710319519, -59.417098999, 451.082305908, 58.7611503601, 96.1509094238, 29.280538559, 35.6661605835, -57.1787109375, 45.0212478638, -38.7052154541, 60.0907020569], [-103.545074463, -518.240112305, 93.2452316284, 248.077453613, 58.7611503601, 318.884460449, 80.0718994141, 59.5795173645, -19.4588432312, 108.06048584, -96.7119979858, 4.77947282791, -10.802400589], [-187.715270996, 76.8363189697, -18.8511772156, 50.4554138184, 96.1509094238, 80.0718994141, 227.61277771, 25.6467647552, 30.9007225037, 18.1439380646, 15.3775253296, -17.9066257477, 34.2232398987], [-106.512115479, -222.257965088, 50.5064659119, 59.6980400085, 29.280538559, 59.5795173645, 25.6467647552, 142.224182129, 38.9177856445, 54.9038238525, -32.2631072998, 4.86939573288, -3.68529176712], [-184.334487915, 130.371307373, -24.4469089508, -26.5972595215, 35.6661605835, -19.4588432312, 30.9007225037, 38.9177856445, 157.943572998, -23.5530471802, 59.1527671814, -9.49868297577, 12.2413330078], [-84.0820846558, -566.113769531, 135.469238281, 262.420135498, -57.1787109375, 108.06048584, 18.1439380646, 54.9038238525, -23.5530471802, 317.302185059, -104.676795959, -0.63334518671, -24.1465625763], [39.3882789612, 466.210845947, -56.0240402222, -216.893936157, 45.0212478638, -96.7119979858, 15.3775253296, -32.2631072998, 59.1527671814, -104.676795959, 215.172164917, 13.6950178146, 4.77873325348], [304.834991455, -74.7913360596, -25.4792366028, -16.2788734436, -38.7052154541, 4.77947282791, -17.9066257477, 4.86939573288, -9.49868297577, -0.63334518671, 13.6950178146, 110.481552124, 22.4710845947], [-151.033126831, 99.8407516479, 18.3027610779, -9.12836456299, 60.0907020569, -10.802400589, 34.2232398987, -3.68529176712, 12.2413330078, -24.1465625763, 4.77873325348, 22.4710845947, 118.443572998]],
        "icov": [[0.000140284566442, -0.000418127136072, 0.000354893418262, -0.000378813303541, 0.000285525980871, -0.000348741479684, 0.000328858353896, -0.000433185661677, 0.000317473284667, -0.000251609948464, 0.000102911631984, -0.000476916815387, 0.000164363445947], [-0.000418127136072, 0.00455511268228, -0.0021808561869, 0.00311901792884, -0.00227583944798, 0.00397034781054, -0.00316737615503, 0.004389597103, -0.00201141647995, 0.00310501200147, -0.00216789334081, 0.00280042248778, -0.000829928962048], [0.000354893418262, -0.0021808561869, 0.00274909171276, -0.00153691647574, 0.000917986559216, -0.00221612001769, 0.00209684320726, -0.0024703387171, 0.00142329384107, -0.00211254600435, 0.000773661362473, -0.00116947363131, 9.92374043562e-06], [-0.000378813303541, 0.00311901792884, -0.00153691647574, 0.00418556667864, -0.0014108751202, 0.00173954758793, -0.00229266355745, 0.0033080263529, -0.00192874739878, 0.00109518412501, -0.000200961861992, 0.00238744588569, -0.000934528245125], [0.000285525980871, -0.00227583944798, 0.000917986559216, -0.0014108751202, 0.00424800626934, -0.00281793856993, 0.000950764224399, -0.00284095969982, 0.00113719445653, -0.000939544872381, 0.000310446281219, -0.000171304491232, -0.00103248434607], [-0.000348741479684, 0.00397034781054, -0.00221612001769, 0.00173954758793, -0.00281793856993, 0.00875665992498, -0.00444499356672, 0.00294320494868, -0.00128175260033, 0.00252933078445, -0.000575630634557, 0.00099781434983, 0.000771284278017], [0.000328858353896, -0.00316737615503, 0.00209684320726, -0.00229266355745, 0.000950764224399, -0.00444499356672, 0.00818904303014, -0.00350348558277, 0.0010256198002, -0.0026997027453, 0.000201279108296, -0.000580736203119, -0.00132869835943], [-0.000433185661677, 0.004389597103, -0.0024703387171, 0.0033080263529, -0.00284095969982, 0.00294320494868, -0.00350348558277, 0.0136120682582, -0.0051664900966, 0.0019117272459, -0.000271974102361, 0.00135233334731, 0.00020783310174], [0.000317473284667, -0.00201141647995, 0.00142329384107, -0.00192874739878, 0.00113719445653, -0.00128175260033, 0.0010256198002, -0.0051664900966, 0.00955542363226, -0.00104565254878, -0.00204891525209, -0.000173677704879, -0.000504317460582], [-0.000251609948464, 0.00310501200147, -0.00211254600435, 0.00109518412501, -0.000939544872381, 0.00252933078445, -0.0026997027453, 0.0019117272459, -0.00104565254878, 0.00714986538514, -0.00065008958336, 0.00147415942047, 0.000331791641656], [0.000102911631984, -0.00216789334081, 0.000773661362473, -0.000200961861992, 0.000310446281219, -0.000575630634557, 0.000201279108296, -0.000271974102361, -0.00204891525209, -0.00065008958336, 0.00935158599168, -0.00313864927739, 0.00184436235577], [-0.000476916815387, 0.00280042248778, -0.00116947363131, 0.00238744588569, -0.000171304491232, 0.00099781434983, -0.000580736203119, 0.00135233334731, -0.000173677704879, 0.00147415942047, -0.00313864927739, 0.0133458962664, -0.00430309120566], [0.000164363445947, -0.000829928962048, 9.92374043562e-06, -0.000934528245125, -0.00103248434607, 0.000771284278017, -0.00132869835943, 0.00020783310174, -0.000504317460582, 0.000331791641656, 0.00184436235577, -0.00430309120566, 0.0111247235909]]
    },
    "melbands": {
        "dmean": [0.00280044251122, 0.000808337004855, 0.000328201625962, 0.000155393907335, 0.000342812098097, 0.000178067479283, 0.000151620813995, 0.000142308344948, 0.000153249493451, 0.000114249960461, 0.000125342572574, 8.03744987934e-05, 4.56132183899e-05, 2.32206002693e-05, 9.88180909189e-06, 9.6589237728e-06, 1.09614211397e-05, 7.11501206752e-06, 3.68954420082e-06, 1.33537673719e-06, 5.821887612e-07, 2.66903356305e-07, 1.86072838915e-07, 2.78082239902e-07, 1.19229270013e-07, 1.33788745416e-07, 4.08162748045e-07, 3.2069789313e-07, 1.05382476079e-07, 5.02727282026e-08, 2.85413985779e-08, 2.52231089348e-08, 1.42917171431e-08, 1.30846480317e-08, 7.14417147663e-09, 4.2258965216e-09, 1.9800239226e-09, 2.31623831226e-09, 5.83954939959e-10, 3.69333147399e-10],
        "dmean2": [0.00487286271527, 0.00133536197245, 0.000551502220333, 0.000241946516326, 0.000495940330438, 0.000274374935543, 0.000218890389078, 0.000190599006601, 0.000215550389839, 0.000167340956978, 0.000185367578524, 0.000107471525553, 6.39358186163e-05, 3.26024783135e-05, 1.52927168529e-05, 1.3555323676e-05, 1.52807806444e-05, 1.14994963951e-05, 5.64368883715e-06, 1.63938148035e-06, 8.53344999996e-07, 3.92130516502e-07, 2.8885762049e-07, 4.19531005491e-07, 1.83427587785e-07, 2.15202106801e-07, 7.08051061338e-07, 5.61755030049e-07, 1.78785711569e-07, 8.22450800797e-08, 4.59489335469e-08, 4.08877056657e-08, 2.24606448995e-08, 2.11349586721e-08, 1.12478932834e-08, 7.20021686718e-09, 3.31239680129e-09, 3.81701958929e-09, 9.42014799499e-10, 5.96175775414e-10],
        "dvar": [4.22545999754e-05, 3.54222379428e-06, 5.35601429874e-07, 8.03081121603e-08, 4.28682227493e-07, 1.95143257997e-07, 1.78110170168e-07, 1.35222336439e-07, 1.09657271707e-07, 7.77221274006e-08, 5.03751834913e-07, 2.45900480422e-07, 6.0048513717e-08, 9.18275855355e-09, 1.20034271411e-09, 1.09274083115e-08, 2.12361932483e-08, 9.08828790003e-10, 1.54570661826e-10, 1.71429634377e-10, 3.40648017606e-12, 9.30527356557e-13, 5.57235030688e-13, 1.97882574042e-12, 1.69077290146e-13, 1.99205316955e-13, 2.25825261269e-12, 1.58201652733e-12, 1.33735484167e-13, 3.80729620736e-14, 9.15418660471e-15, 9.22602770413e-15, 5.21975286954e-15, 3.80372553997e-15, 6.75147780581e-16, 2.72807527682e-16, 5.25978972145e-17, 1.12372327397e-16, 4.45546774881e-18, 2.40187338453e-18],
        "dvar2": [0.000123744292068, 8.50154265208e-06, 1.5101632016e-06, 1.827419851e-07, 1.00570366612e-06, 4.79891014038e-07, 3.76460974394e-07, 2.08538409652e-07, 2.19684196168e-07, 1.63444980217e-07, 8.93897720289e-07, 4.17704370648e-07, 1.0428464492e-07, 1.79921304522e-08, 2.43966535862e-09, 1.91793230186e-08, 3.68215751223e-08, 2.24251861525e-09, 2.5271620907e-10, 1.50388340669e-10, 5.63012310384e-12, 1.85391133868e-12, 1.31319477861e-12, 4.06048502113e-12, 3.37281797543e-13, 4.84969215394e-13, 6.34853064216e-12, 4.46727464049e-12, 3.6992644733e-13, 9.67572511912e-14, 2.2587636175e-14, 2.36543742222e-14, 1.06008858443e-14, 9.43700751766e-15, 1.62319538897e-15, 7.46659490065e-16, 1.36686103745e-16, 3.04531346776e-16, 1.1198010482e-17, 5.89062942031e-18],
        "max": [0.126987501979, 0.0846729949117, 0.0352124497294, 0.0113514848053, 0.0188183132559, 0.028854995966, 0.0116128651425, 0.0181340500712, 0.00838682148606, 0.0102074537426, 0.0377026870847, 0.02551625669, 0.00956631824374, 0.00399343762547, 0.00161351019051, 0.00887893047184, 0.0129222851247, 0.00122868118342, 0.000843136804178, 0.00115260214079, 0.000124613346998, 3.48538378603e-05, 2.99820076179e-05, 0.000108004496724, 3.09559254674e-05, 1.78836216946e-05, 3.71409296349e-05, 3.49810070475e-05, 1.0094739082e-05, 6.32594537819e-06, 2.41333736994e-06, 3.23101062349e-06, 5.28053806192e-06, 3.59261616723e-06, 8.30414364827e-07, 9.00304485185e-07, 2.70187626938e-07, 3.60919159448e-07, 7.96357610966e-08, 6.86695074137e-08],
        "mean": [0.00368490046822, 0.00162505125627, 0.000708664010745, 0.000400894379709, 0.000963162223343, 0.000631635833997, 0.000382478378015, 0.000416467984905, 0.00036960907164, 0.00026347025414, 0.000258738000412, 0.000201066213776, 9.71961489995e-05, 5.51804296265e-05, 2.00947397389e-05, 2.25743206101e-05, 2.43755530391e-05, 1.25362867038e-05, 6.8474987529e-06, 3.14060093842e-06, 1.34866525059e-06, 6.65001834932e-07, 4.68619560934e-07, 6.63531466216e-07, 2.76248414366e-07, 2.71323500556e-07, 6.38833625999e-07, 5.08750133577e-07, 1.94589560465e-07, 1.02847899086e-07, 6.44138040684e-08, 4.79963411237e-08, 3.66430050747e-08, 3.24847668765e-08, 1.88093789433e-08, 1.01757651194e-08, 4.83430451226e-09, 4.82798023782e-09, 1.49686274487e-09, 8.03811128769e-10],
        "median": [0.000820149667561, 0.000417317613028, 0.000259405263932, 0.000158044873388, 0.000261563021922, 0.000216020780499, 9.86059822026e-05, 7.06220889697e-05, 9.25718341023e-05, 7.4982555816e-05, 4.28306666436e-05, 1.85211611097e-05, 1.18199222925e-05, 9.06109380594e-06, 5.17633407071e-06, 2.981952548e-06, 3.09257984554e-06, 4.07427160098e-06, 1.94724361791e-06, 5.27308714027e-07, 3.04434962572e-07, 1.3529401599e-07, 8.80360886413e-08, 7.5899627916e-08, 5.67696289977e-08, 4.57925324326e-08, 1.13657264933e-07, 8.34156423934e-08, 2.29353265269e-08, 9.38757516167e-09, 5.29242605296e-09, 2.72343347874e-09, 1.770859126e-09, 1.3305718749e-09, 1.15088572006e-09, 5.5387555653e-10, 2.51160536813e-10, 1.33571612104e-10, 8.26727158953e-11, 7.44334871516e-11],
        "min": [1.75478893758e-24, 1.65818424227e-24, 4.64665381686e-24, 4.19941543754e-24, 1.04849987825e-23, 7.57245016748e-24, 1.78914126621e-24, 6.80092369179e-24, 8.02798578581e-24, 1.06814425028e-23, 2.17079706309e-23, 6.2125048484e-24, 4.47476102562e-24, 6.05264297482e-24, 5.42674574426e-24, 1.37293052178e-23, 1.56082456762e-23, 1.2580994319e-23, 8.31871652812e-24, 1.07874661973e-23, 9.93450324382e-24, 1.0603006063e-23, 1.50595029865e-23, 1.16030860533e-23, 9.9080984916e-24, 1.24149674975e-23, 1.63975720094e-23, 1.24201045597e-23, 1.50723693079e-23, 1.6453658442e-23, 1.00972870582e-23, 7.09023369561e-24, 8.83009718765e-24, 1.00553283355e-23, 1.06201243447e-23, 8.66934784555e-24, 1.37310785771e-23, 1.24134718172e-23, 1.01499608786e-23, 8.795964754e-24],
        "var": [5.80763953621e-05, 2.36113046412e-05, 1.80239362635e-06, 4.01797308314e-07, 2.39874248109e-06, 1.65811718489e-06, 6.43910993858e-07, 1.30141279442e-06, 4.02407408728e-07, 2.79969128769e-07, 1.25853716781e-06, 7.86910391071e-07, 1.38361698987e-07, 3.85050817897e-08, 4.05827105254e-09, 3.26120463967e-08, 5.91890163548e-08, 1.31405031301e-09, 6.00912763993e-10, 9.3895102804e-10, 1.64382882306e-11, 3.99198729628e-12, 2.13079749158e-12, 7.13146555698e-12, 5.89900741102e-13, 5.2695835976e-13, 3.06369729933e-12, 2.17455155445e-12, 3.0147490949e-13, 8.42024746369e-14, 3.01169543948e-14, 2.02797678552e-14, 4.10435709941e-14, 1.9121685775e-14, 3.35603516955e-15, 1.07593566032e-15, 1.95332322438e-16, 2.85598969265e-16, 1.98467595039e-17, 6.45842769947e-18]
    },
    "mfcc": {
        "mean": [-795.206237793, 226.655838013, 9.78101062775, 9.1689748764, -5.5794043541, 5.03870534897, 4.9761929512, -4.54455327988, 3.36664938927, 15.1431894302, -1.8302141428, -4.35669708252, 1.35696876049],
        "cov": [[7698.40673828, 1808.88879395, -1486.11108398, 420.59286499, -508.903076172, 11.7899198532, -103.86907959, -8.98561573029, -219.336013794, 22.9711418152, -189.631347656, -25.4021625519, -0.63151216507], [1808.88879395, 2680.65991211, -113.585800171, -600.950378418, 104.622367859, -396.245635986, 28.4082126617, 33.7898025513, -212.47517395, -323.615539551, 15.2115573883, 71.6476745605, -39.863494873], [-1486.11108398, -113.585800171, 799.224121094, -50.9678497314, 44.8903961182, 13.4045000076, -48.2392082214, -36.2293052673, 3.21155357361, -25.5544071198, 14.9731140137, 11.890042305, 39.3786697388], [420.59286499, -600.950378418, -50.9678497314, 558.20916748, -8.84260368347, 188.979095459, 32.7171783447, -64.2025299072, 90.2136383057, 191.31187439, -39.0664787292, -62.1263694763, 21.7738437653], [-508.903076172, 104.622367859, 44.8903961182, -8.84260368347, 320.407592773, 33.31275177, 67.7481079102, 64.1481628418, 36.0017166138, 9.77948474884, 33.1319389343, -10.9127111435, -38.9963874817], [11.7899198532, -396.245635986, 13.4045000076, 188.979095459, 33.31275177, 276.330474854, 100.158096313, -7.3378572464, 70.0503997803, 139.619430542, 0.992121934891, -48.4458389282, -2.03366112709], [-103.86907959, 28.4082126617, -48.2392082214, 32.7171783447, 67.7481079102, 100.158096313, 218.356689453, 38.0021781921, 38.720287323, 74.0598526001, 21.4525108337, -17.6862983704, -11.6070985794], [-8.98561573029, 33.7898025513, -36.2293052673, -64.2025299072, 64.1481628418, -7.3378572464, 38.0021781921, 183.40927124, 36.0623970032, -42.294178009, 10.8647413254, 21.8582744598, -5.36685276031], [-219.336013794, -212.47517395, 3.21155357361, 90.2136383057, 36.0017166138, 70.0503997803, 38.720287323, 36.0623970032, 156.152282715, 94.1791534424, -6.8766875267, -22.5539913177, 6.32983827591], [22.9711418152, -323.615539551, -25.5544071198, 191.31187439, 9.77948474884, 139.619430542, 74.0598526001, -42.294178009, 94.1791534424, 259.921112061, 36.0752830505, -52.272403717, 16.505449295], [-189.631347656, 15.2115573883, 14.9731140137, -39.0664787292, 33.1319389343, 0.992121934891, 21.4525108337, 10.8647413254, -6.8766875267, 36.0752830505, 124.029380798, 45.8557510376, -18.3570652008], [-25.4021625519, 71.6476745605, 11.890042305, -62.1263694763, -10.9127111435, -48.4458389282, -17.6862983704, 21.8582744598, -22.5539913177, -52.272403717, 45.8557510376, 126.081016541, 54.4805603027], [-0.63151216507, -39.863494873, 39.3786697388, 21.7738437653, -38.9963874817, -2.03366112709, -11.6070985794, -5.36685276031, 6.32983827591, 16.505449295, -18.3570652008, 54.4805603027, 145.525054932]],
