{
"lowlevel": {
    "average_loudness": 0.925174891949,
    "barkbands_crest": {
        "dmean": 4.19085025787,
        "dmean2": 6.68312501907,
        "dvar": 16.0010814667,
        "dvar2": 33.2790908813,
        "max": 26.7199726105,
        "mean": 16.1277866364,
        "median": 15.8618879318,
        "min": 2.79265880585,
        "var": 38.7425842285
    },
    "barkbands_flatness_db": {
        "dmean": 0.0529629178345,
        "dmean2": 0.0725361704826,
        "dvar": 0.00282626063563,
        "dvar2": 0.00459461286664,
        "max": 0.634498775005,
        "mean": 0.214313209057,
        "median": 0.205797359347,
        "min": 0.0237191375345,
        "var": 0.00848396960646
    },
    "barkbands_kurtosis": {
        "dmean": 31.5045413971,
        "dmean2": 50.2525062561,
        "dvar": 12923.7392578,
        "dvar2": 31578.2519531,
        "max": 3332.5859375,
        "mean": 36.2927093506,
        "median": 12.0480241776,
        "min": -1.93658924103,
        "var": 11751.34375
    },
    "barkbands_skewness": {
        "dmean": 1.70341730118,
        "dmean2": 2.56241512299,
        "dvar": 5.42704391479,
        "dvar2": 12.4165754318,
        "max": 38.0007133484,
        "mean": 3.89728474617,
        "median": 3.08987855911,
        "min": -6.49467849731,
        "var": 10.6733007431
    },
    "barkbands_spread": {
        "dmean": 10.2455358505,
        "dmean2": 16.899017334,
        "dvar": 256.441070557,
        "dvar2": 633.685241699,
        "max": 130.189544678,
        "mean": 14.9180860519,
        "median": 8.91972160339,
        "min": 0.0220128819346,
        "var": 294.912628174
    },
    "dissonance": {
        "dmean": 0.0210591312498,
        "dmean2": 0.0350485853851,
        "dvar": 0.000392720248783,
        "dvar2": 0.00108846498188,
        "max": 0.500000119209,
        "mean": 0.456960558891,
        "median": 0.460812628269,
        "min": 0.284771025181,
        "var": 0.000651749782264
    },
    "dynamic_complexity": 3.91892671585,
    "erbbands_crest": {
        "dmean": 3.34036827087,
        "dmean2": 5.45160722733,
        "dvar": 9.85977363586,
        "dvar2": 23.5527553558,
        "max": 27.7136058807,
        "mean": 9.55973529816,
        "median": 8.5372133255,
        "min": 2.50023174286,
        "var": 19.1904201508
    },
    "erbbands_flatness_db": {
        "dmean": 0.0346956141293,
        "dmean2": 0.0499430969357,
        "dvar": 0.00113580189645,
        "dvar2": 0.00189160788432,
        "max": 0.350265711546,
        "mean": 0.163234427571,
        "median": 0.158306226134,
        "min": 0.0271910335869,
        "var": 0.00375816598535
    },
    "erbbands_kurtosis": {
        "dmean": 1.8357180357,
        "dmean2": 2.98323249817,
        "dvar": 18.7684440613,
        "dvar2": 44.201675415,
        "max": 119.16784668,
        "mean": 0.946176171303,
        "median": -0.246501684189,
        "min": -1.81915688515,
        "var": 20.9111671448
    },
    "erbbands_skewness": {
        "dmean": 0.601334452629,
        "dmean2": 0.948460936546,
        "dvar": 0.380080550909,
        "dvar2": 0.845662951469,
        "max": 9.53001785278,
        "mean": 0.866299927235,
        "median": 0.840010523796,
        "min": -2.03963494301,
        "var": 0.902744650841
    },
    "erbbands_spread": {
        "dmean": 16.0746974945,
        "dmean2": 26.0306739807,
        "dvar": 343.272949219,
        "dvar2": 808.451171875,
        "max": 215.132232666,
        "mean": 48.9035949707,
        "median": 43.9177398682,
        "min": 2.45523333549,
        "var": 646.73034668
    },
    "hfc": {
        "dmean": 11.4835958481,
        "dmean2": 17.9248390198,
        "dvar": 410.848266602,
        "dvar2": 1054.0579834,
        "max": 195.428588867,
        "mean": 14.2237815857,
        "median": 7.32239151001,
        "min": 1.08755569504e-16,
        "var": 408.251800537
    },
    "melbands_crest": {
        "dmean": 4.22374820709,
        "dmean2": 6.71162939072,
        "dvar": 15.9055576324,
        "dvar2": 34.5823249817,
        "max": 34.5880279541,
        "mean": 18.8813114166,
        "median": 18.2680053711,
        "min": 1.00377106667,
        "var": 50.5949172974
    },
    "melbands_flatness_db": {
        "dmean": 0.0592443235219,
        "dmean2": 0.0818648785353,
        "dvar": 0.00369581091218,
        "dvar2": 0.00639205658808,
        "max": 0.760491669178,
        "mean": 0.308176279068,
        "median": 0.299665749073,
        "min": 4.74577632303e-07,
        "var": 0.0130315488204
    },
    "melbands_kurtosis": {
        "dmean": 37.9686546326,
        "dmean2": 61.3424720764,
        "dvar": 6304.49560547,
        "dvar2": 15554.3144531,
        "max": 1742.20947266,
        "mean": 57.8493385315,
        "median": 29.147857666,
        "min": -1.38366937637,
        "var": 8534.37988281
    },
    "melbands_skewness": {
        "dmean": 1.76551163197,
        "dmean2": 2.80801010132,
        "dvar": 3.77819848061,
        "dvar2": 9.13977241516,
        "max": 29.3805389404,
        "mean": 4.90593004227,
        "median": 4.22780132294,
        "min": -0.292576044798,
        "var": 8.7641544342
    },
    "melbands_spread": {
        "dmean": 7.0478758812,
        "dmean2": 11.4471740723,
        "dvar": 171.599624634,
        "dvar2": 441.283203125,
        "max": 191.567382812,
        "mean": 11.319814682,
        "median": 6.23810100555,
        "min": 0.179526492953,
        "var": 291.037658691
    },
    "pitch_salience": {
        "dmean": 0.12683442235,
        "dmean2": 0.200759753585,
        "dvar": 0.016193587333,
        "dvar2": 0.0353405214846,
        "max": 0.995908021927,
        "mean": 0.455242305994,
        "median": 0.467874825001,
        "min": 0.0280033070594,
        "var": 0.0370734073222
    },
    "silence_rate_20dB": {
        "dmean": 0,
        "dmean2": 0,
        "dvar": 0,
        "dvar2": 0,
        "max": 1,
        "mean": 1,
        "median": 1,
        "min": 1,
        "var": 0
    },
    "silence_rate_30dB": {
        "dmean": 0.0702648460865,
        "dmean2": 0.140540540218,
        "dvar": 0.0653315410018,
        "dvar2": 0.128829732537,
        "max": 1,
        "mean": 0.879864096642,
        "median": 1,
        "min": 0,
        "var": 0.105690471828
    },
    "silence_rate_60dB": {
        "dmean": 0.0498803183436,
        "dmean2": 0.0997683405876,
        "dvar": 0.0474033504725,
        "dvar2": 0.0998617187142,
        "max": 1,
        "mean": 0.116738729179,
        "median": 0,
        "min": 0,
        "var": 0.103110037744
    },
    "spectral_centroid": {
        "dmean": 325.413360596,
        "dmean2": 511.839996338,
        "dvar": 217087.09375,
        "dvar2": 464934.0625,
        "max": 11775.4277344,
        "mean": 869.555114746,
        "median": 625.542602539,
        "min": 70.6942672729,
        "var": 936659.8125
    },
    "spectral_complexity": {
        "dmean": 4.92116451263,
        "dmean2": 7.08447885513,
        "dvar": 44.5426445007,
        "dvar2": 80.2928390503,
        "max": 58,
        "mean": 10.7158737183,
        "median": 8,
        "min": 0,
        "var": 82.7367706299
    },
    "spectral_decrease": {
        "dmean": 5.2341420087e-09,
        "dmean2": 7.37885486046e-09,
        "dvar": 5.6521105672e-17,
        "dvar2": 9.41907320966e-17,
        "max": 8.11475470153e-11,
        "mean": -1.06994626492e-08,
        "median": -5.00911134793e-09,
        "min": -7.82274653943e-08,
        "var": 1.72703056393e-16
    },
    "spectral_energy": {
        "dmean": 0.0203570760787,
        "dmean2": 0.0287786014378,
        "dvar": 0.000831318146084,
        "dvar2": 0.00140183127951,
        "max": 0.297344118357,
        "mean": 0.041672218591,
        "median": 0.0201090946794,
        "min": 1.01600857884e-20,
        "var": 0.00253220507875
    },
    "spectral_energyband_high": {
        "dmean": 0.000704516482074,
        "dmean2": 0.00115082925186,
        "dvar": 2.3626064376e-06,
        "dvar2": 5.98884935243e-06,
        "max": 0.015018328093,
        "mean": 0.000614326971117,
        "median": 5.14737876074e-05,
        "min": 7.15471567194e-21,
        "var": 2.04601951737e-06
    },
    "spectral_energyband_low": {
        "dmean": 0.0155907711014,
        "dmean2": 0.0220188163221,
        "dvar": 0.000876926642377,
        "dvar2": 0.00159050431103,
        "max": 0.288637310266,
        "mean": 0.0282798111439,
        "median": 0.00304827559739,
        "min": 1.58366571959e-23,
        "var": 0.00219856249169
    },
    "spectral_energyband_middle_high": {
        "dmean": 0.00170474557672,
        "dmean2": 0.00276171858422,
        "dvar": 1.7505217329e-05,
        "dvar2": 4.60254595964e-05,
        "max": 0.0406455621123,
        "mean": 0.00181320996489,
        "median": 0.000568413117435,
        "min": 1.15820593446e-21,
        "var": 1.47690952872e-05
    },
    "spectral_energyband_middle_low": {
        "dmean": 0.00951339770108,
        "dmean2": 0.016222955659,
        "dvar": 0.000322507461533,
        "dvar2": 0.000879118393641,
        "max": 0.144470617175,
        "mean": 0.0118482857943,
        "median": 0.00624820403755,
        "min": 1.75454428815e-22,
        "var": 0.000269990094239
    },
    "spectral_entropy": {
        "dmean": 0.374457627535,
        "dmean2": 0.550546228886,
        "dvar": 0.140120893717,
        "dvar2": 0.236356198788,
        "max": 9.82128238678,
        "mean": 7.19267272949,
        "median": 7.15171909332,
        "min": 4.58775997162,
        "var": 0.420493245125
    },
    "spectral_flux": {
        "dmean": 0.052261184901,
        "dmean2": 0.078979820013,
        "dvar": 0.00353004946373,
        "dvar2": 0.00604985188693,
        "max": 0.502644777298,
        "mean": 0.104045547545,
        "median": 0.0735886245966,
        "min": 6.48875606024e-11,
        "var": 0.00841755699366
    },
    "spectral_kurtosis": {
        "dmean": 4.21212768555,
        "dmean2": 6.94145393372,
        "dvar": 20.9424781799,
        "dvar2": 52.2358436584,
        "max": 76.1240844727,
        "mean": 7.30027675629,
        "median": 5.91177988052,
        "min": -1.26783156395,
        "var": 37.4970359802
    },
    "spectral_rms": {
        "dmean": 0.00150581810158,
        "dmean2": 0.00211629644036,
        "dvar": 2.95090762847e-06,
        "dvar2": 4.99767565998e-06,
        "max": 0.0170320812613,
        "mean": 0.00531867705286,
        "median": 0.00442929193377,
        "min": 3.14837717529e-12,
        "var": 1.23674462884e-05
    },
    "spectral_rolloff": {
        "dmean": 939.723876953,
        "dmean2": 1713.48413086,
        "dvar": 6089746,
        "dvar2": 16712854,
        "max": 19875.1464844,
        "mean": 1079.84069824,
        "median": 301.46484375,
        "min": 64.599609375,
        "var": 6703593.5
    },
    "spectral_skewness": {
        "dmean": 0.500838279724,
        "dmean2": 0.80664819479,
        "dvar": 0.220729038119,
        "dvar2": 0.521759688854,
        "max": 7.28567314148,
        "mean": 1.87089288235,
        "median": 1.74580776691,
        "min": -0.0848333388567,
        "var": 0.539405584335
    },
    "spectral_spread": {
        "dmean": 1776153.875,
        "dmean2": 2855010,
        "dvar": 6.13499745075e+12,
        "dvar2": 1.34921616097e+13,
        "max": 42565560,
        "mean": 5119237,
        "median": 3548075.5,
        "min": 1189636.75,
        "var": 1.61252628234e+13
    },
    "spectral_strongpeak": {
        "dmean": 0.279109418392,
        "dmean2": 0.438631176949,
        "dvar": 0.117873243988,
        "dvar2": 0.307600021362,
        "max": 5.31228017807,
        "mean": 0.599544525146,
        "median": 0.508903264999,
        "min": 0,
        "var": 0.197350040078
    },
    "zerocrossingrate": {
        "dmean": 0.0189363472164,
        "dmean2": 0.0261992495507,
        "dvar": 0.000655243522488,
        "dvar2": 0.000957455369644,
        "max": 0.75732421875,
        "mean": 0.0450845845044,
        "median": 0.02978515625,
        "min": 0.00244140625,
        "var": 0.00312330690213
    },
    "barkbands": {
        "dmean": [0.000226388408919, 0.0138814924285, 0.00505985831842, 0.00181488820817, 0.00592740578577, 0.00160960562062, 0.00107696966734, 0.000677494856063, 0.000325174420141, 0.0002703400678, 0.000147901373566, 0.000150865642354, 0.000155655478011, 0.000332316849381, 0.000174558386789, 0.000172024607309, 0.000178470319952, 0.000135246329592, 0.000195961300051, 0.000116893766972, 0.00011352301226, 0.00010406273941, 7.93244471424e-05, 0.000103190359368, 8.11814461485e-05, 0.000165121920872, 4.43288918177e-05],
        "dmean2": [0.000333612435497, 0.0202808324248, 0.00910799764097, 0.00340285105631, 0.00997354183346, 0.002955353586, 0.00186961365398, 0.00123409775551, 0.000571907905396, 0.000477649853565, 0.000257424049778, 0.00027116102865, 0.000274253747193, 0.000603228108957, 0.000278208899545, 0.000261649023741, 0.000284451787593, 0.000210359125049, 0.000313414639095, 0.000191759856534, 0.000196905632038, 0.000167771911947, 0.000131137072458, 0.000170213286765, 0.000134841902764, 0.000296840764349, 8.14543745946e-05],
        "dvar": [1.49180124254e-07, 0.000759844610002, 0.000260110828094, 3.54294752469e-05, 9.71429253696e-05, 1.75368331838e-05, 4.49328763352e-06, 2.08039182326e-06, 5.44532554159e-07, 2.99582325169e-07, 1.14301805354e-07, 1.64968298577e-07, 1.65354649084e-07, 1.81634311502e-06, 2.2996334792e-07, 1.66982701444e-07, 2.49466040714e-07, 1.17345287265e-07, 2.51775816196e-07, 1.21218135973e-07, 1.91712928199e-07, 1.05706199349e-07, 4.29725410811e-08, 5.52936434417e-08, 3.24842162058e-08, 1.06567433988e-07, 1.12725366819e-08],
        "dvar2": [3.25049796857e-07, 0.00136167125311, 0.000720778421964, 0.000102802732727, 0.000257049599895, 4.96681968798e-05, 1.20923059512e-05, 5.81423364565e-06, 1.47542448303e-06, 8.18166142835e-07, 3.16997130767e-07, 4.56304093177e-07, 4.5530273951e-07, 5.16520503879e-06, 5.1859353789e-07, 3.93112486563e-07, 6.02448437803e-07, 2.89279853405e-07, 6.14032501289e-07, 3.19219680023e-07, 5.20964704265e-07, 2.59756603782e-07, 1.03936173446e-07, 1.36325780886e-07, 7.95241632545e-08, 2.8967897947e-07, 3.08765990553e-08],
        "max": [0.00525940395892, 0.282569527626, 0.146763086319, 0.059113971889, 0.098689801991, 0.051438588649, 0.0184023529291, 0.0114181404933, 0.00880221184343, 0.00808076933026, 0.00433996506035, 0.00416516559198, 0.00857068318874, 0.013400089927, 0.00740629201755, 0.00548360263929, 0.00480697117746, 0.00401227502152, 0.00594887556508, 0.00406272802502, 0.00428781146184, 0.00302862212993, 0.00226808525622, 0.00178227957804, 0.00146257656161, 0.00232456391677, 0.00142055551987],
        "mean": [0.000374429422664, 0.02323580347, 0.00384556502104, 0.00134602258913, 0.00717829121277, 0.00132387317717, 0.00102758931462, 0.000558534113225, 0.000294220866635, 0.000250860437518, 0.00013739001588, 0.000114134556497, 0.000139025738463, 0.000248965428909, 0.000222099668463, 0.000198071633349, 0.000169374092366, 0.000151035972522, 0.000188618229004, 0.000111908761028, 8.27348630992e-05, 8.59605934238e-05, 7.47910744394e-05, 9.76075098151e-05, 7.428011304e-05, 0.000113442671136, 2.76685932477e-05],
        "median": [2.7968591894e-05, 0.00105114956386, 0.000328713504132, 0.000244721071795, 0.00324002862908, 0.000277690764051, 0.000312046788167, 0.000149668616359, 7.17552320566e-05, 7.06346181687e-05, 3.50189657183e-05, 2.0820833015e-05, 4.0699425881e-05, 2.29772049352e-05, 6.7077759013e-05, 4.11881264881e-05, 3.49754845956e-05, 3.57039280061e-05, 2.47498282988e-05, 3.01660420519e-05, 4.00571570935e-06, 1.58957254826e-06, 9.8695250017e-07, 9.42992699038e-07, 6.71577936373e-07, 4.39585903678e-07, 4.41822294306e-08],
        "min": [5.87473196373e-25, 5.0681315489e-24, 9.8088375044e-25, 6.92897898949e-25, 9.22448661949e-24, 9.96055064205e-24, 1.18218442821e-23, 1.28817341285e-23, 1.6018464391e-23, 2.24579328049e-23, 1.69471792907e-23, 1.55390041991e-23, 4.27606408187e-23, 3.70132716314e-23, 4.5843357775e-23, 5.09627873709e-23, 6.37382130261e-23, 1.00400877006e-22, 1.1617361438e-22, 1.79849090876e-22, 2.49957406199e-22, 2.94426719739e-22, 3.32961628326e-22, 5.99484810612e-22, 7.80743791564e-22, 1.33349229172e-21, 1.93862600275e-21],
        "var": [4.2293208935e-07, 0.0016809561057, 0.000166933910805, 1.98341858777e-05, 0.000105983366666, 1.15082211778e-05, 3.61206275556e-06, 1.44878788433e-06, 4.39388287532e-07, 2.47861493108e-07, 9.35057684615e-08, 1.08232917739e-07, 1.17733826244e-07, 1.13483667974e-06, 3.01422488747e-07, 2.0232275233e-07, 2.23238600938e-07, 1.17977542402e-07, 2.42413790374e-07, 9.18573093145e-08, 1.27018552121e-07, 8.73313368288e-08, 3.97008861341e-08, 5.7496258421e-08, 3.30082414735e-08, 7.05307670046e-08, 7.0757080195e-09]
    },
    "erbbands": {
        "dmean": [0.436494410038, 3.31845092773, 6.04139995575, 6.02683067322, 7.46567487717, 28.1579151154, 20.4338970184, 12.4662284851, 14.7299957275, 15.484951973, 13.0858612061, 7.56309366226, 8.94742107391, 6.25612688065, 6.59084367752, 6.29263591766, 7.30415773392, 16.6399002075, 12.8938550949, 7.17474746704, 9.63122272491, 9.70073699951, 6.19455862045, 10.1256656647, 8.67812347412, 6.25291347504, 4.18397092819, 4.80504703522, 3.92266798019, 2.47934651375, 2.45544433594, 2.08894395828, 1.71935641766, 0.979040801525, 0.563194274902, 0.392693638802, 0.338251173496, 0.112051039934, 0.00726008182392, 0.000194874606677],
        "dmean2": [0.579751431942, 4.7866973877, 10.2378387451, 11.1234607697, 12.7827939987, 47.9224700928, 35.2701263428, 22.5084323883, 25.8357315063, 27.0311222076, 24.0609321594, 13.3195209503, 15.515835762, 11.1722555161, 11.392791748, 11.2481536865, 12.8861103058, 30.2045249939, 21.2271747589, 11.0144510269, 15.1162729263, 15.0298652649, 9.43031406403, 15.7991924286, 14.0626964569, 10.4327116013, 7.12318897247, 8.20817661285, 6.37489461899, 3.99661040306, 4.14424133301, 3.238260746, 2.90107989311, 1.61656200886, 0.938530623913, 0.656506717205, 0.617154598236, 0.20635907352, 0.013285622932, 0.000348846631823],
        "dvar": [0.627334356308, 46.2023239136, 308.708740234, 398.777404785, 315.890869141, 2184.9074707, 1710.98388672, 941.731384277, 968.449279785, 810.999633789, 973.678222656, 315.405303955, 350.903015137, 170.273284912, 224.419906616, 291.68359375, 343.277770996, 4614.02734375, 1314.40942383, 198.963180542, 677.03314209, 665.475708008, 242.487258911, 602.129821777, 674.644592285, 399.381591797, 227.372695923, 357.360137939, 162.492126465, 44.4491271973, 43.4681015015, 23.7422981262, 15.0795211792, 5.16873407364, 1.25741767883, 0.503344833851, 0.547180831432, 0.0655611306429, 0.00029282210744, 1.89482435076e-07],
        "dvar2": [1.08561599255, 90.6406097412, 811.21282959, 1147.3223877, 879.447631836, 5830.80322266, 4788.68212891, 2648.76757812, 2649.95092773, 2220.09375, 2721.05151367, 862.641174316, 919.700622559, 469.549041748, 618.197387695, 807.56060791, 940.494445801, 13123.5888672, 3261.02880859, 462.690185547, 1680.56713867, 1567.58300781, 587.473693848, 1463.37145996, 1701.484375, 1071.30529785, 617.378662109, 937.634460449, 411.993988037, 105.418670654, 110.519302368, 55.4242362976, 38.6746177673, 12.8373765945, 3.01404762268, 1.23100757599, 1.49796020985, 0.179242521524, 0.000798142980784, 5.18959382134e-07],
        "max": [8.61701393127, 66.8864135742, 177.782455444, 204.573852539, 184.808685303, 395.554626465, 447.22454834, 454.355102539, 288.762176514, 338.152832031, 243.593475342, 202.371200562, 287.510467529, 156.887008667, 178.379333496, 169.928421021, 258.092987061, 701.109130859, 435.196105957, 167.405670166, 319.241241455, 251.538619995, 223.844696045, 257.19418335, 292.305358887, 219.598114014, 168.51914978, 180.550643921, 118.870536804, 83.3077697754, 60.872467041, 36.7415161133, 32.1093711853, 21.5746707916, 8.920378685, 5.72828531265, 6.11913347244, 2.06551909447, 0.19099868834, 0.004345334135],
        "mean": [0.735965847969, 4.89868497849, 5.4294924736, 4.75453567505, 7.53532028198, 32.2854423523, 22.5134563446, 11.0863580704, 13.0398988724, 16.0654354095, 9.78575611115, 6.93471765518, 9.01200675964, 5.2121887207, 6.28972578049, 4.9156703949, 6.58734130859, 12.1080312729, 14.3426904678, 9.38189315796, 9.96756744385, 9.72342586517, 7.1134595871, 10.6850042343, 7.98121500015, 5.59804534912, 3.3435781002, 3.53656196594, 3.1306078434, 2.14675283432, 2.26384067535, 2.19943857193, 1.50341153145, 0.877124786377, 0.511904478073, 0.347688496113, 0.214417591691, 0.0688724145293, 0.00460014306009, 0.000163722070283],
        "median": [0.0310310050845, 0.233962744474, 0.622757315636, 0.859598994255, 2.31983399391, 12.7978515625, 9.95374298096, 2.94677734375, 3.28960967064, 6.28402519226, 2.17049384117, 1.65680932999, 2.55129051208, 1.42694878578, 1.73987901211, 0.997809648514, 2.04691743851, 1.42354857922, 3.2933588028, 2.87872266769, 2.10360527039, 2.10037326813, 1.83766198158, 1.84084057808, 1.41227293015, 1.25057435036, 0.341086089611, 0.096619874239, 0.0647873580456, 0.0324831195176, 0.0276600103825, 0.0201699025929, 0.015749713406, 0.00835530925542, 0.00423228926957, 0.00185611867346, 0.000846532930154, 0.000149122031871, 4.77232169942e-05, 4.24656100222e-05],
        "min": [1.62322595803e-22, 6.71636629089e-22, 2.99033162554e-21, 6.28771810668e-21, 1.40766317002e-20, 1.88300315526e-20, 3.44417392175e-20, 8.62945058806e-20, 1.57392476062e-19, 2.69261118812e-19, 2.63134709003e-19, 3.94694295761e-19, 5.88528666074e-19, 7.80924000615e-19, 8.06763520289e-19, 1.27699946511e-18, 1.75537114484e-18, 2.14277125856e-18, 2.88503309584e-18, 4.46306126684e-18, 3.59316876976e-18, 4.86961557482e-18, 5.25870892726e-18, 6.40047501216e-18, 6.38441736852e-18, 8.14186266874e-18, 9.05303023761e-18, 1.03571871796e-17, 1.05994162686e-17, 1.28417730419e-17, 9.20006076431e-18, 1.20551110445e-17, 8.63559354149e-18, 8.37390999162e-18, 6.2398667293e-18, 4.273054985e-18, 2.35045294252e-18, 9.66738079407e-19, 2.42212674673e-19, 2.59089269126e-20],
        "var": [1.67983663082, 83.8866958618, 240.822921753, 231.302093506, 234.965988159, 2435.36352539, 1338.94299316, 687.897399902, 712.391601562, 668.145141602, 643.559814453, 256.722991943, 352.117401123, 117.763046265, 183.223129272, 191.67010498, 249.679916382, 2757.03979492, 1341.72766113, 279.395477295, 654.0703125, 630.481079102, 248.066864014, 659.973693848, 552.833007812, 286.710601807, 155.094543457, 251.668731689, 126.662635803, 40.2866439819, 37.2004241943, 28.5385875702, 14.2404203415, 5.14911842346, 1.34231686592, 0.543273866177, 0.34430128336, 0.0409444123507, 0.000186525576282, 1.28746080463e-07]
    },
    "gfcc": {
        "mean": [-76.4738388062, 114.414520264, -89.0368728638, 29.9977970123, -33.6611213684, -6.28720474243, -37.8387794495, 7.01740312576, -22.2795848846, 2.95601677895, -8.39966011047, -0.621019005775, -4.33329725266],
        "cov": [[19370.5351562, -1235.86950684, -261.511322021, 62.1526145935, -859.643432617, 548.229064941, -762.201599121, 415.520782471, -262.832458496, 179.739715576, -457.069152832, 166.527008057, -266.433319092], [-1235.86950684, 2970.85083008, -1162.73217773, 154.399154663, 519.584533691, -628.63092041, 474.876953125, -238.821304321, 67.3268280029, -194.357711792, 312.209075928, -355.726348877, 220.190216064], [-261.511322021, -1162.73217773, 1967.49035645, 5.70370912552, 253.984024048, 569.799255371, 48.5987167358, 281.156982422, 119.692504883, 98.7900085449, -96.2802200317, 264.746459961, -118.568267822], [62.1526145935, 154.399154663, 5.70370912552, 573.347717285, 26.4084529877, 208.997039795, 46.9890556335, 83.4858398438, 117.036407471, -30.3444080353, 80.2644348145, -39.8685951233, 87.5587005615], [-859.643432617, 519.584533691, 253.984024048, 26.4084529877, 554.672607422, -69.4699554443, 311.374908447, 55.1424789429, 101.539649963, 4.21174097061, 92.139831543, -29.5112781525, 39.2640342712], [548.229064941, -628.63092041, 569.799255371, 208.997039795, -69.4699554443, 496.848937988, -37.1673316956, 158.541778564, 89.3129043579, 59.8294792175, -13.6934728622, 100.414993286, -21.4696235657], [-762.201599121, 474.876953125, 48.5987167358, 46.9890556335, 311.374908447, -37.1673316956, 355.628417969, 38.383644104, 106.99609375, 20.9897861481, 106.748985291, -41.0527229309, 38.5040435791], [415.520782471, -238.821304321, 281.156982422, 83.4858398438, 55.1424789429, 158.541778564, 38.383644104, 189.728866577, 57.6824684143, 51.9364814758, 9.61533355713, 53.1952590942, -4.32949304581], [-262.832458496, 67.3268280029, 119.692504883, 117.036407471, 101.539649963, 89.3129043579, 106.99609375, 57.6824684143, 143.008300781, 35.196269989, 64.8011627197, 18.4529361725, 26.1919574738], [179.739715576, -194.357711792, 98.7900085449, -30.3444080353, 4.21174097061, 59.8294792175, 20.9897861481, 51.9364814758, 35.196269989, 117.689697266, 15.1974916458, 53.4024734497, -24.91655159], [-457.069152832, 312.209075928, -96.2802200317, 80.2644348145, 92.139831543, -13.6934728622, 106.748985291, 9.61533355713, 64.8011627197, 15.1974916458, 123.200012207, -17.6380310059, 49.4431381226], [166.527008057, -355.726348877, 264.746459961, -39.8685951233, -29.5112781525, 100.414993286, -41.0527229309, 53.1952590942, 18.4529361725, 53.4024734497, -17.6380310059, 121.621818542, -16.6109828949], [-266.433319092, 220.190216064, -118.568267822, 87.5587005615, 39.2640342712, -21.4696235657, 38.5040435791, -4.32949304581, 26.1919574738, -24.91655159, 49.4431381226, -16.6109828949, 90.805305481]],
        "icov": [[7.58533133194e-05, -8.05064264569e-05, 8.11337085906e-05, -2.04275220312e-05, 1.47657547132e-05, -0.000130892396555, 0.000105860242911, -0.000258461164776, 8.39197309688e-05, -0.00012807805615, 0.000345808191923, -0.000144682693644, 0.000174765038537], [-8.05064264569e-05, 0.0012572753476, 0.000119128206279, -6.7748966103e-05, -0.00053879263578, 0.00075806165114, -0.00055820500711, 0.000694565533195, -0.000139401701745, 0.000991730717942, -0.00198046350852, 0.00145670515485, -0.000724873912986], [8.11337085906e-05, 0.000119128206279, 0.0016443390632, 0.000170499944943, -0.00127650413197, -0.00144286639988, 6.22510924586e-05, -0.000620905600954, -8.27830226626e-05, 0.000969293294474, 0.000997781520709, -0.0021845814772, 0.00143361126538], [-2.04275220312e-05, -6.7748966103e-05, 0.000170499944943, 0.00345774786547, 7.29789292109e-07, -0.00171373155899, 0.000653245311696, -0.000812217826024, -0.0018744826084, 0.00107566895895, -0.000721300486475, 0.00199899752624, -0.00213411357254], [1.47657547132e-05, -0.00053879263578, -0.00127650413197, 7.29789292109e-07, 0.00498695671558, 0.00150349980686, -0.00289100874215, -0.000932080671191, -0.000565903726965, -0.000178866393981, 0.000170912710018, 0.00066406163387, -0.000794541090727], [-0.000130892396555, 0.00075806165114, -0.00144286639988, -0.00171373155899, 0.00150349980686, 0.00605965172872, -0.000485571537865, -0.000885163957719, -0.0014868977014, -0.000141970129334, -0.00139226729516, 0.000612759846263, -0.000247395451879], [0.000105860242911, -0.00055820500711, 6.22510924586e-05, 0.000653245311696, -0.00289100874215, -0.000485571537865, 0.00771061703563, -0.000927809567656, -0.00245144311339, -0.00139585277066, -0.00151527486742, 0.00183152896352, 0.000421254168032], [-0.000258461164776, 0.000694565533195, -0.000620905600954, -0.000812217826024, -0.000932080671191, -0.000885163957719, -0.000927809567656, 0.00989700295031, -0.000544230395462, -0.00174499093555, -0.00109710474499, -0.000135378009873, -0.00116033747327], [8.39197309688e-05, -0.000139401701745, -8.27830226626e-05, -0.0018744826084, -0.000565903726965, -0.0014868977014, -0.00245144311339, -0.000544230395462, 0.0146243944764, -0.00231140945107, -0.00338641321287, -0.00218076212332, -0.000217246066313], [-0.00012807805615, 0.000991730717942, 0.000969293294474, 0.00107566895895, -0.000178866393981, -0.000141970129334, -0.00139585277066, -0.00174499093555, -0.00231140945107, 0.015281746164, -0.00462597049773, -0.0047290995717, 0.00451396405697], [0.000345808191923, -0.00198046350852, 0.000997781520709, -0.000721300486475, 0.000170912710018, -0.00139226729516, -0.00151527486742, -0.00109710474499, -0.00338641321287, -0.00462597049773, 0.0203004088253, -0.00254636723548, -0.00380939245224], [-0.000144682693644, 0.00145670515485, -0.0021845814772, 0.00199899752624, 0.00066406163387, 0.000612759846263, 0.00183152896352, -0.000135378009873, -0.00218076212332, -0.0047290995717, -0.00254636723548, 0.019733807072, -0.00533442106098], [0.000174765038537, -0.000724873912986, 0.00143361126538, -0.00213411357254, -0.000794541090727, -0.000247395451879, 0.000421254168032, -0.00116033747327, -0.000217246066313, 0.00451396405697, -0.00380939245224, -0.00533442106098, 0.0196635760367]]
    },
    "melbands": {
        "dmean": [0.00392998708412, 0.00333613739349, 0.00102892005816, 0.00122049916536, 0.000908511399757, 0.000282513414277, 0.000223336741328, 0.000166002195328, 9.81378470897e-05, 4.44939505542e-05, 4.46773665317e-05, 2.60339074885e-05, 2.18708191824e-05, 1.8045599063e-05, 1.76506546268e-05, 1.50720006786e-05, 3.41263694281e-05, 2.1446539904e-05, 1.03721140476e-05, 1.10811070044e-05, 1.18430434668e-05, 1.11111103251e-05, 6.30486647424e-06, 6.49671301289e-06, 8.49438765727e-06, 7.86636064731e-06, 4.47240608992e-06, 4.1985858843e-06, 2.30467662732e-06, 2.80620929516e-06, 2.71934004559e-06, 2.27424266086e-06, 1.82774738278e-06, 1.24383370803e-06, 1.45756507663e-06, 1.35536492962e-06, 1.22537971947e-06, 1.21414177556e-06, 1.13201724616e-06, 7.40314646919e-07],
        "dmean2": [0.00546356197447, 0.00505026010796, 0.00187792046927, 0.00206186342984, 0.00155342218932, 0.000514319341164, 0.0003887025523, 0.000291564414511, 0.000180274742888, 7.79050023993e-05, 7.76801025495e-05, 4.68128564535e-05, 3.77894903067e-05, 3.24404354615e-05, 3.11866642733e-05, 2.66476599791e-05, 6.23197192908e-05, 3.57839853677e-05, 1.60695672093e-05, 1.70940129465e-05, 1.90991650015e-05, 1.75006571226e-05, 9.76095634542e-06, 1.02110107036e-05, 1.33214853122e-05, 1.29303198264e-05, 7.25223480913e-06, 7.11329994374e-06, 3.82289272238e-06, 4.96841630593e-06, 4.58609429188e-06, 3.71925193576e-06, 2.90282741844e-06, 2.05135256692e-06, 2.52376389653e-06, 2.13818020711e-06, 1.99082137442e-06, 2.0870922981e-06, 1.89739284906e-06, 1.22752999232e-06],
        "dvar": [5.42755115021e-05, 6.12316798652e-05, 1.0787735846e-05, 4.3179070417e-06, 2.57606166087e-06, 4.91399816838e-07, 2.12049755532e-07, 9.61526467336e-08, 5.90294533254e-08, 9.8972527951e-09, 8.77187034121e-09, 3.01380498335e-09, 2.44952413908e-09, 2.39214603681e-09, 2.01764627228e-09, 2.02670102922e-09, 2.04171488605e-08, 3.78275144541e-09, 5.24476795327e-10, 6.22045415177e-10, 1.10058462344e-09, 9.31222432499e-10, 2.38236985695e-10, 3.2222621793e-10, 4.12087169943e-10, 5.49058076782e-10, 1.57548113444e-10, 2.01502828312e-10, 5.92230986474e-11, 1.25915847193e-10, 1.11879699949e-10, 5.9421419174e-11, 2.66020382805e-11, 1.14027728232e-11, 1.66229998516e-11, 1.12002785518e-11, 8.07398158748e-12, 7.50455773912e-12, 7.45990248741e-12, 3.08309085727e-12],
        "dvar2": [9.260312072e-05, 0.000142703371239, 3.07374175463e-05, 1.11404242489e-05, 7.04000922269e-06, 1.38456255172e-06, 5.74312309709e-07, 2.64686605078e-07, 1.64913060985e-07, 2.67739714843e-08, 2.30844428017e-08, 8.32577029541e-09, 6.75004407924e-09, 6.65029098457e-09, 5.56020474107e-09, 5.6122422265e-09, 5.81822519052e-08, 9.72028679769e-09, 1.15793252764e-09, 1.46997114481e-09, 2.79230416567e-09, 2.21975016146e-09, 5.65750224446e-10, 8.16172240903e-10, 1.00120367552e-09, 1.39384603859e-09, 4.0606518148e-10, 5.46879985741e-10, 1.57679466706e-10, 3.46395384598e-10, 2.86206086608e-10, 1.50198992133e-10, 6.51761145054e-11, 2.70492378496e-11, 4.33055848126e-11, 2.61116944039e-11, 1.89955065566e-11, 1.96966748467e-11, 1.8882251665e-11, 7.74370931961e-12],
        "max": [0.0768625661731, 0.0835234075785, 0.0326326191425, 0.0189967919141, 0.0164335072041, 0.0100483801216, 0.00406258553267, 0.0033541880548, 0.00208072271198, 0.00115599390119, 0.00142215099186, 0.000723336765077, 0.000635539588984, 0.000560397282243, 0.000464346841909, 0.00110108405352, 0.00146643340122, 0.000696976785548, 0.000336596975103, 0.000371385918697, 0.000363235885743, 0.00030458701076, 0.000234105187701, 0.000241000394453, 0.000225787734962, 0.000322880980093, 0.000166241632542, 0.000166716228705, 0.000109753666038, 0.000106207211502, 0.000103457226942, 7.14639390935e-05, 4.93960069434e-05, 5.0404934882e-05, 3.79548691853e-05, 3.03628949041e-05, 2.34517137869e-05, 2.20229176193e-05, 2.1763074983e-05, 1.61480002134e-05],
        "mean": [0.00662908516824, 0.00417036283761, 0.000836390536278, 0.0013904448133, 0.00106574536767, 0.000239373010118, 0.000202825380256, 0.000167654099641, 7.13721237844e-05, 4.15759423049e-05, 4.42996060883e-05, 2.06568220165e-05, 2.09347272175e-05, 1.40243755595e-05, 1.50942769324e-05, 1.27337580125e-05, 2.4050621505e-05, 2.25803632929e-05, 1.46288966789e-05, 1.26409140648e-05, 1.16215642265e-05, 1.07466330519e-05, 6.84007363816e-06, 6.8572071541e-06, 8.96656183613e-06, 6.91512195772e-06, 4.31372063758e-06, 3.63361914424e-06, 1.95535631065e-06, 1.95105690182e-06, 2.05034098144e-06, 1.80214817647e-06, 1.5416782162e-06, 1.07532878246e-06, 1.23946938402e-06, 1.46722038608e-06, 1.2558787148e-06, 1.03300180854e-06, 9.8156669992e-07, 6.56211000205e-07],
        "median": [0.000279655912891, 0.000456005393062, 0.000176051544258, 0.000562160508707, 0.000482138129883, 5.51369339519e-05, 5.27765951119e-05, 6.70002191328e-05, 1.23733143482e-05, 1.04626378743e-05, 1.18227872008e-05, 5.05427578901e-06, 5.63384674024e-06, 2.38955044551e-06, 3.50869595422e-06, 3.57987391908e-06, 2.10548751056e-06, 4.72321062261e-06, 4.84820429847e-06, 2.54554879575e-06, 2.3802024316e-06, 2.23980669034e-06, 1.67272128238e-06, 1.2819047015e-06, 1.44601881402e-06, 7.82209326644e-07, 1.18635807667e-06, 7.5355245599e-07, 2.32313851711e-07, 6.86405883243e-08, 4.1596752709e-08, 3.87765339838e-08, 2.17478977049e-08, 1.61483839634e-08, 1.63236197892e-08, 1.27298767083e-08, 1.18273799643e-08, 1.14291278663e-08, 8.28026003319e-09, 6.22639717562e-09],
        "min": [1.76483705336e-24, 1.78591009194e-24, 1.68734823272e-24, 1.7465463272e-24, 1.02200756247e-24, 1.90729941639e-24, 2.29143681191e-24, 3.26485073983e-24, 1.92695368863e-24, 2.40339471259e-24, 2.62828534882e-24, 2.75851602908e-24, 2.89978188733e-24, 1.53173329043e-24, 2.84004480363e-24, 3.78204412094e-24, 3.37004573597e-24, 2.88346410229e-24, 3.36616769576e-24, 4.26303983056e-24, 3.62982118193e-24, 4.08298942869e-24, 4.15484282424e-24, 4.60103596287e-24, 3.82865160094e-24, 4.0031622271e-24, 4.72394916937e-24, 4.9438583462e-24, 4.58279907646e-24, 5.11202731954e-24, 5.46419139371e-24, 5.13512516685e-24, 5.51655519174e-24, 5.06291993933e-24, 4.67115899202e-24, 6.33498260369e-24, 6.46919703152e-24, 5.59422564761e-24, 5.74025326749e-24, 6.79145814979e-24],
        "var": [0.000134973903187, 7.6144686318e-05, 6.42909526505e-06, 4.77717230751e-06, 2.44284592554e-06, 3.44857625123e-07, 1.64242550227e-07, 7.67092771525e-08, 3.86778680195e-08, 8.38575608952e-09, 8.66189342474e-09, 2.03465710946e-09, 2.07963557486e-09, 1.5713068624e-09, 1.40992739706e-09, 1.35102939947e-09, 1.21616610116e-08, 3.61793683901e-09, 9.10761133177e-10, 7.86183618207e-10, 9.74602953896e-10, 8.57726167869e-10, 2.33814495543e-10, 3.00398511621e-10, 4.67336613852e-10, 4.50132042751e-10, 1.25846652543e-10, 1.39484632178e-10, 4.38179249829e-11, 8.01795851935e-11, 8.26311311042e-11, 4.60661300772e-11, 2.30635805593e-11, 1.01874151476e-11, 1.29254332931e-11, 1.30048645464e-11, 9.34921324386e-12, 6.70517504367e-12, 7.11498481659e-12, 2.96280101147e-12]
    },
    "mfcc": {
        "mean": [-727.533996582, 152.783706665, 5.22084569931, 39.9561271667, 19.7679386139, -3.0233464241, 2.42085075378, -2.13614201546, -4.70766448975, 5.28645658493, -4.43259716034, -3.85101175308, 0.748097240925],
        "cov": [[10902.1376953, -1098.06396484, 204.895935059, -434.006591797, -80.9083099365, -96.1002502441, -314.616088867, 11.0440731049, -21.9920711517, 20.5855865479, -43.0226325989, -58.7620773315, -152.14642334], [-1098.06396484, 2597.88916016, -931.19519043, 561.255859375, -62.5837097168, -119.096054077, 282.53527832, -93.3722381592, -25.3544902802, 63.9712371826, -45.6226844788, -5.57211780548, 69.763168335], [204.895935059, -931.19519043, 1389.75183105, -199.745544434, 356.870269775, 259.444610596, 7.00861310959, 293.196929932, 117.013114929, 69.4313354492, 90.9680709839, 42.7305984497, 54.196559906], [-434.006591797, 561.255859375, -199.745544434, 440.894958496, 92.1331100464, 34.3438072205, 125.765403748, 44.9243125916, 63.6485939026, 65.504196167, 5.89296531677, 36.5566368103, 31.6498527527], [-80.9083099365, -62.5837097168, 356.870269775, 92.1331100464, 306.984924316, 106.20652771, 79.6825561523, 141.893798828, 79.127532959, 75.4066848755, 33.3832130432, 32.3519744873, 22.875082016], [-96.1002502441, -119.096054077, 259.444610596, 34.3438072205, 106.20652771, 215.764053345, 58.15184021, 106.626594543, 51.8574447632, 68.3820495605, 60.6611785889, 26.9508457184, 22.4465732574], [-314.616088867, 282.53527832, 7.00861310959, 125.765403748, 79.6825561523, 58.15184021, 198.772109985, 79.3700408936, 64.6747436523, 79.9183425903, 34.091178894, 35.2455253601, 46.9486656189], [11.0440731049, -93.3722381592, 293.196929932, 44.9243125916, 141.893798828, 106.626594543, 79.3700408936, 179.038726807, 85.6387176514, 71.323097229, 40.9453964233, 43.4793968201, 31.8521995544], [-21.9920711517, -25.3544902802, 117.013114929, 63.6485939026, 79.127532959, 51.8574447632, 64.6747436523, 85.6387176514, 107.831985474, 55.18932724, 34.0559577942, 40.8831596375, 26.9828338623], [20.5855865479, 63.9712371826, 69.4313354492, 65.504196167, 75.4066848755, 68.3820495605, 79.9183425903, 71.323097229, 55.18932724, 115.997390747, 50.5863380432, 30.0013256073, 25.4939365387], [-43.0226325989, -45.6226844788, 90.9680709839, 5.89296531677, 33.3832130432, 60.6611785889, 34.091178894, 40.9453964233, 34.0559577942, 50.5863380432, 81.9391479492, 49.8198356628, 28.6429157257], [-58.7620773315, -5.57211780548, 42.7305984497, 36.5566368103, 32.3519744873, 26.9508457184, 35.2455253601, 43.4793968201, 40.8831596375, 30.0013256073, 49.8198356628, 91.6772384644, 52.4341697693], [-152.14642334, 69.763168335, 54.196559906, 31.6498527527, 22.875082016, 22.4465732574, 46.9486656189, 31.8521995544, 26.9828338623, 25.4939365387, 28.6429157257, 52.4341697693, 76.0899353027]],
