{
"lowlevel": {
    "average_loudness": 0.960467934608,
    "barkbands_crest": {
        "dmean": 2.75430631638,
        "dmean2": 4.38720703125,
        "dvar": 6.8783659935,
        "dvar2": 18.2921504974,
        "max": 26.4982662201,
        "mean": 12.6213827133,
        "median": 12.2241439819,
        "min": 2.36951565742,
        "var": 22.3984737396
    },
    "barkbands_flatness_db": {
        "dmean": 0.0322882644832,
        "dmean2": 0.0472100265324,
        "dvar": 0.00138847995549,
        "dvar2": 0.00279406248592,
        "max": 0.497282147408,
        "mean": 0.229727178812,
        "median": 0.23531511426,
        "min": 0.0290088616312,
        "var": 0.00649174489081
    },
    "barkbands_kurtosis": {
        "dmean": 5.19061517715,
        "dmean2": 8.21239376068,
        "dvar": 94.1064834595,
        "dvar2": 237.992782593,
        "max": 208.409469604,
        "mean": 8.77333164215,
        "median": 5.12602710724,
        "min": -1.9478290081,
        "var": 150.666244507
    },
    "barkbands_skewness": {
        "dmean": 0.669816434383,
        "dmean2": 1.02087450027,
        "dvar": 0.597308516502,
        "dvar2": 1.38204085827,
        "max": 11.9037427902,
        "mean": 2.06384563446,
        "median": 1.93625760078,
        "min": -6.66009712219,
        "var": 2.03410053253
    },
    "barkbands_spread": {
        "dmean": 4.4553771019,
        "dmean2": 6.91847896576,
        "dvar": 55.0156898499,
        "dvar2": 120.345954895,
        "max": 149.376983643,
        "mean": 12.2416381836,
        "median": 7.56310129166,
        "min": 0.441745787859,
        "var": 160.734649658
    },
    "dissonance": {
        "dmean": 0.0304532554001,
        "dmean2": 0.0493836030364,
        "dvar": 0.000916389632039,
        "dvar2": 0.00225429516286,
        "max": 0.500000119209,
        "mean": 0.418966263533,
        "median": 0.425508379936,
        "min": 0.160899609327,
        "var": 0.00293528288603
    },
    "dynamic_complexity": 3.49641680717,
    "erbbands_crest": {
        "dmean": 2.13310217857,
        "dmean2": 3.28342437744,
        "dvar": 5.10389661789,
        "dvar2": 12.0448150635,
        "max": 31.5956134796,
        "mean": 9.48874282837,
        "median": 8.67989253998,
        "min": 2.45517301559,
        "var": 17.690946579
    },
    "erbbands_flatness_db": {
        "dmean": 0.0222691074014,
        "dmean2": 0.0304917246103,
        "dvar": 0.000649609370157,
        "dvar2": 0.00126169214491,
        "max": 0.473120331764,
        "mean": 0.211210399866,
        "median": 0.216871038079,
        "min": 0.0223373491317,
        "var": 0.00276665715501
    },
    "erbbands_kurtosis": {
        "dmean": 1.17383718491,
        "dmean2": 1.88467764854,
        "dvar": 6.00378465652,
        "dvar2": 15.5780849457,
        "max": 84.7503128052,
        "mean": 1.14809727669,
        "median": 0.5769135952,
        "min": -1.82548046112,
        "var": 9.17150974274
    },
    "erbbands_skewness": {
        "dmean": 0.367695182562,
        "dmean2": 0.557939469814,
        "dvar": 0.175848558545,
        "dvar2": 0.425680488348,
        "max": 7.8830370903,
        "mean": 0.62903034687,
        "median": 0.600884616375,
        "min": -3.57006072998,
        "var": 0.609657406807
    },
    "erbbands_spread": {
        "dmean": 9.64867401123,
        "dmean2": 14.8123130798,
        "dvar": 222.00100708,
        "dvar2": 527.718017578,
        "max": 148.712905884,
        "mean": 29.1963386536,
        "median": 24.1066856384,
        "min": 1.43873953819,
        "var": 340.660247803
    },
    "hfc": {
        "dmean": 7.27259731293,
        "dmean2": 10.9710760117,
        "dvar": 227.300765991,
        "dvar2": 522.921081543,
        "max": 144.389648438,
        "mean": 14.1857948303,
        "median": 8.15900325775,
        "min": 1.1143511191e-16,
        "var": 351.00994873
    },
    "melbands_crest": {
        "dmean": 3.73377394676,
        "dmean2": 6.19941425323,
        "dvar": 11.4853773117,
        "dvar2": 29.8489437103,
        "max": 38.335559845,
        "mean": 17.8577423096,
        "median": 18.1681575775,
        "min": 1.8553621769,
        "var": 31.7308177948
    },
    "melbands_flatness_db": {
        "dmean": 0.0398548170924,
        "dmean2": 0.0565304271877,
        "dvar": 0.00211984058842,
        "dvar2": 0.00414879480377,
        "max": 0.633285939693,
        "mean": 0.308953136206,
        "median": 0.321030676365,
        "min": 0.0054613375105,
        "var": 0.0121044991538
    },
    "melbands_kurtosis": {
        "dmean": 10.9623832703,
        "dmean2": 17.1836795807,
        "dvar": 541.411315918,
        "dvar2": 1330.27514648,
        "max": 556.095703125,
        "mean": 18.8684005737,
        "median": 11.0681295395,
        "min": -1.86045384407,
        "var": 766.711853027
    },
    "melbands_skewness": {
        "dmean": 0.866553544998,
        "dmean2": 1.30878722668,
        "dvar": 1.14255952835,
        "dvar2": 2.6645026207,
        "max": 19.3370876312,
        "mean": 2.95055103302,
        "median": 2.73860430717,
        "min": -3.7036216259,
        "var": 3.2535173893
    },
    "melbands_spread": {
        "dmean": 5.38173532486,
        "dmean2": 7.97733640671,
        "dvar": 124.004203796,
        "dvar2": 265.75793457,
        "max": 260.015655518,
        "mean": 14.2889471054,
        "median": 7.92523765564,
        "min": 0.274212747812,
        "var": 414.352508545
    },
    "pitch_salience": {
        "dmean": 0.0774001479149,
        "dmean2": 0.122161775827,
        "dvar": 0.00619000848383,
        "dvar2": 0.0157313905656,
        "max": 0.973167538643,
        "mean": 0.490572839975,
        "median": 0.491432756186,
        "min": 0.0655825361609,
        "var": 0.0166509542614
    },
    "silence_rate_20dB": {
        "dmean": 0,
        "dmean2": 0,
        "dvar": 0,
        "dvar2": 0,
        "max": 1,
        "mean": 1,
        "median": 1,
        "min": 1,
        "var": 0
    },
    "silence_rate_30dB": {
        "dmean": 0.071404106915,
        "dmean2": 0.142820447683,
        "dvar": 0.0663136020303,
        "dvar2": 0.148100957274,
        "max": 1,
        "mean": 0.935707569122,
        "median": 1,
        "min": 0,
        "var": 0.0601587928832
    },
    "silence_rate_60dB": {
        "dmean": 0.0279109589756,
        "dmean2": 0.0558266974986,
        "dvar": 0.027134174481,
        "dvar2": 0.058700568974,
        "max": 1,
        "mean": 0.103843845427,
        "median": 0,
        "min": 0,
        "var": 0.0930683016777
    },
    "spectral_centroid": {
        "dmean": 182.624908447,
        "dmean2": 270.08190918,
        "dvar": 96122.578125,
        "dvar2": 191599.015625,
        "max": 11531.9042969,
        "mean": 818.167907715,
        "median": 580.823486328,
        "min": 155.271835327,
        "var": 490148.90625
    },
    "spectral_complexity": {
        "dmean": 3.3898973465,
        "dmean2": 4.84082555771,
        "dvar": 39.3240890503,
        "dvar2": 57.1935539246,
        "max": 64,
        "mean": 13.0951976776,
        "median": 11,
        "min": 0,
        "var": 114.650444031
    },
    "spectral_decrease": {
        "dmean": 4.46927650444e-09,
        "dmean2": 7.06433800346e-09,
        "dvar": 4.37125910809e-17,
        "dvar2": 9.70791872386e-17,
        "max": 7.82242785005e-18,
        "mean": -1.11548859039e-08,
        "median": -1.01477457548e-08,
        "min": -6.38432879896e-08,
        "var": 9.27483739538e-17
    },
    "spectral_energy": {
        "dmean": 0.0173829626292,
        "dmean2": 0.0273878499866,
        "dvar": 0.000659048964735,
        "dvar2": 0.00146276364103,
        "max": 0.243952468038,
        "mean": 0.0433877333999,
        "median": 0.0393568202853,
        "min": 1.0507887771e-20,
        "var": 0.0013830413809
    },
    "spectral_energyband_high": {
        "dmean": 0.000470730301458,
        "dmean2": 0.000790511257946,
        "dvar": 1.28518126985e-06,
        "dvar2": 3.22986920764e-06,
        "max": 0.0107996379957,
        "mean": 0.000489217462018,
        "median": 2.05341184483e-05,
        "min": 7.26378638273e-21,
        "var": 1.71415285877e-06
    },
    "spectral_energyband_low": {
        "dmean": 0.0133000025526,
        "dmean2": 0.0217006653547,
        "dvar": 0.000462143594632,
        "dvar2": 0.00103620602749,
        "max": 0.226205423474,
        "mean": 0.0285624098033,
        "median": 0.0240237750113,
        "min": 1.23426906414e-22,
        "var": 0.00097720802296
    },
    "spectral_energyband_middle_high": {
        "dmean": 0.00213187630288,
        "dmean2": 0.00299775670283,
        "dvar": 1.96017208509e-05,
        "dvar2": 4.08695159422e-05,
        "max": 0.0464360825717,
        "mean": 0.0038520200178,
        "median": 0.00150732090697,
        "min": 1.62086303563e-21,
        "var": 3.64978623111e-05
    },
    "spectral_energyband_middle_low": {
        "dmean": 0.00620506936684,
        "dmean2": 0.0102116847411,
        "dvar": 0.000170467043063,
        "dvar2": 0.000456060661236,
        "max": 0.102462016046,
        "mean": 0.013249097392,
        "median": 0.0110368672758,
        "min": 3.73244829383e-22,
        "var": 0.000163259712281
    },
    "spectral_entropy": {
        "dmean": 0.281919956207,
        "dmean2": 0.394738912582,
        "dvar": 0.139161035419,
        "dvar2": 0.282479017973,
        "max": 9.80529880524,
        "mean": 6.81855678558,
        "median": 6.63342761993,
        "min": 4.95369768143,
        "var": 0.547710001469
    },
    "spectral_flux": {
        "dmean": 0.0379009395838,
        "dmean2": 0.0581860393286,
        "dvar": 0.00253578298725,
        "dvar2": 0.00515009928495,
        "max": 0.446505934,
        "mean": 0.0872508138418,
        "median": 0.0632865428925,
        "min": 6.56465853899e-11,
        "var": 0.00567951845005
    },
    "spectral_kurtosis": {
        "dmean": 6.01079511642,
        "dmean2": 9.69096755981,
        "dvar": 43.1864318848,
        "dvar2": 107.649513245,
        "max": 67.0093765259,
        "mean": 12.3274869919,
        "median": 9.84249305725,
        "min": -1.17648375034,
        "var": 116.610992432
    },
    "spectral_rms": {
        "dmean": 0.00117655866779,
        "dmean2": 0.00179385766387,
        "dvar": 2.24114864977e-06,
        "dvar2": 4.63394417238e-06,
        "max": 0.0154273267835,
        "mean": 0.00580272451043,
        "median": 0.00619652308524,
        "min": 3.20181164568e-12,
        "var": 8.65788388182e-06
    },
    "spectral_rolloff": {
        "dmean": 345.342468262,
        "dmean2": 583.252441406,
        "dvar": 844868.5,
        "dvar2": 1920742,
        "max": 19401.4160156,
        "mean": 903.354919434,
        "median": 452.197265625,
        "min": 43.06640625,
        "var": 2186035.25
    },
    "spectral_skewness": {
        "dmean": 0.569539427757,
        "dmean2": 0.879898965359,
        "dvar": 0.349444359541,
        "dvar2": 0.785705864429,
        "max": 6.89686536789,
        "mean": 2.4418296814,
        "median": 2.43678975105,
        "min": -0.0276287198067,
        "var": 1.25865221024
    },
    "spectral_spread": {
        "dmean": 832380.25,
        "dmean2": 1218209.5,
        "dvar": 1.48760743117e+12,
        "dvar2": 3.11106810675e+12,
        "max": 39866200,
        "mean": 3345918,
        "median": 2750138,
        "min": 1174504.125,
        "var": 3.09512372224e+12
    },
    "spectral_strongpeak": {
        "dmean": 0.312057375908,
        "dmean2": 0.532272040844,
        "dvar": 0.47573274374,
        "dvar2": 1.29998207092,
        "max": 9.55892467499,
        "mean": 0.570505678654,
        "median": 0.28532242775,
        "min": 0,
        "var": 0.593145608902
    },
    "zerocrossingrate": {
        "dmean": 0.00908729899675,
        "dmean2": 0.0104298358783,
        "dvar": 0.000189894883079,
        "dvar2": 0.00023943548149,
        "max": 0.49853515625,
        "mean": 0.0349000915885,
        "median": 0.0224609375,
        "min": 0.001953125,
        "var": 0.00149260438047
    },
    "barkbands": {
        "dmean": [0.00205505848862, 0.00984301138669, 0.00398764759302, 0.00385912531056, 0.00175498006865, 0.000662096543238, 0.000631020928267, 0.00030040301499, 0.00050469499547, 0.000417493720306, 0.000779333815444, 0.000271214084933, 0.00029283069307, 0.000223402312258, 0.000157495291205, 0.000132193468744, 0.000101119614556, 0.000106146617327, 9.14696647669e-05, 0.000159837873071, 8.60952786752e-05, 0.000111323555757, 7.3685318057e-05, 0.000146226710058, 1.91714370885e-05, 5.67763493109e-07, 1.50530070187e-07],
        "dmean2": [0.00372402649373, 0.0165610723197, 0.00682252692059, 0.00663636624813, 0.00300758006051, 0.000985957216471, 0.000906780711375, 0.00043162307702, 0.000728405138943, 0.000628049019724, 0.00117714738008, 0.000386754632927, 0.000461074960185, 0.000362047489034, 0.000230910227401, 0.000190393722733, 0.000156794209033, 0.000158798357006, 0.000138389717904, 0.000277068145806, 0.000137693699799, 0.000184734963113, 0.000118516312796, 0.000252059689956, 3.29460744979e-05, 1.0044074088e-06, 2.74567781844e-07],
        "dvar": [6.7405981099e-06, 0.000310280680424, 0.00011367481784, 9.65323779383e-05, 1.22972342069e-05, 1.14656427286e-06, 1.41919451835e-06, 2.91478642112e-07, 1.03725153622e-06, 7.892206213e-07, 3.15829856845e-06, 5.92618221162e-07, 9.07578396436e-07, 3.19939942983e-07, 1.51056909203e-07, 1.20197753972e-07, 4.73466457152e-08, 1.09237880963e-07, 8.76928609728e-08, 3.962185815e-07, 7.85918885526e-08, 8.91285196758e-08, 2.67763979878e-08, 1.26610373741e-07, 2.03121341968e-09, 5.3430844818e-12, 1.02182292575e-12],
        "dvar2": [2.11705955735e-05, 0.000849542557262, 0.000303848646581, 0.000264496193267, 3.35508048011e-05, 2.74105536846e-06, 2.95624363389e-06, 6.54060158922e-07, 2.28796261581e-06, 1.73451303453e-06, 7.46551177144e-06, 9.87768316918e-07, 2.26466409003e-06, 7.89849480043e-07, 3.14516313438e-07, 2.28391613177e-07, 1.05627698588e-07, 2.65821597623e-07, 2.07925964446e-07, 1.09363031697e-06, 1.90414837675e-07, 2.10026371406e-07, 6.15379391888e-08, 3.47219412333e-07, 5.15686426894e-09, 1.44230816526e-11, 2.85277899394e-12],
        "max": [0.0355600975454, 0.186664432287, 0.10999365896, 0.0776553750038, 0.0470161885023, 0.016692686826, 0.022694606334, 0.0083556836471, 0.0119611388072, 0.0145651334897, 0.0406904667616, 0.0259124264121, 0.00998767372221, 0.00675209239125, 0.0070533324033, 0.0102982707322, 0.00242527201772, 0.00418629311025, 0.00348707614467, 0.00715343700722, 0.00308353011496, 0.00352516165003, 0.00171531585511, 0.0037580463104, 0.00054636009736, 3.55899792339e-05, 3.52011156792e-05],
        "mean": [0.00327887292951, 0.0180414356291, 0.00455534504727, 0.00491050677374, 0.00322365551256, 0.00148353853729, 0.00180568406358, 0.000674846291076, 0.00097106792964, 0.000860686704982, 0.00112236407585, 0.000501269241795, 0.000292247947073, 0.000284346169792, 0.000231038415222, 0.000210492056794, 0.000142311924719, 0.000129716994707, 0.000105476210592, 0.000149505372974, 0.000104329388705, 0.000110565182695, 6.85142586008e-05, 0.000113573958515, 1.58808834385e-05, 4.68588211788e-07, 9.91158799479e-08],
        "median": [0.00219552312046, 0.0123733663931, 0.00104016973637, 0.00130514916964, 0.00164482428227, 0.000932900700718, 0.000838604231831, 0.000346481509041, 0.000324155378621, 0.000298661208944, 0.00022876985895, 7.06059363438e-05, 3.75350355171e-05, 5.12945152877e-05, 5.41267181688e-05, 2.8877186196e-05, 3.21322295349e-05, 1.94271160581e-05, 9.74121121544e-06, 1.05223825813e-05, 6.64811159368e-06, 2.35981997321e-06, 1.4158471231e-06, 8.8605389692e-07, 5.99027487169e-07, 4.05479347876e-08, 2.14623230299e-09],
        "min": [1.67234804261e-24, 4.21345440064e-23, 1.02866870395e-23, 1.6016508016e-23, 4.66174827585e-23, 2.71061820929e-23, 4.86460953743e-23, 3.51612250189e-23, 1.42871545178e-22, 1.66975316354e-23, 8.95569047019e-23, 4.88868809661e-23, 6.04066577858e-23, 5.3716757589e-23, 9.07930876057e-23, 1.19602571854e-22, 1.04658466596e-22, 1.17407089914e-22, 2.52370840942e-22, 4.58175563436e-22, 4.57119827731e-22, 5.04251199727e-22, 5.08481614637e-22, 8.6261720367e-22, 9.52671646101e-22, 1.53923892881e-21, 2.19153344581e-21],
        "var": [1.3292769836e-05, 0.000488088320708, 0.000107714244223, 7.65651057009e-05, 1.61586067406e-05, 3.02065041069e-06, 6.06625962973e-06, 8.76089586654e-07, 2.10228813557e-06, 2.089062491e-06, 5.25108271177e-06, 2.22105131797e-06, 8.35485082007e-07, 4.17908097461e-07, 2.45182150138e-07, 2.98466261484e-07, 7.52909059543e-08, 1.21104719142e-07, 1.01921528994e-07, 3.18590707593e-07, 1.06361838448e-07, 1.08600985982e-07, 3.17506518854e-08, 1.11947052517e-07, 1.90137661171e-09, 3.97031366117e-12, 6.47702594683e-13]
    },
    "erbbands": {
        "dmean": [0.376921385527, 2.0617814064, 4.15051460266, 10.3635978699, 6.85384559631, 6.67006254196, 6.98902893066, 4.66981935501, 6.55742740631, 8.33455276489, 8.93472862244, 10.304060936, 10.5032739639, 29.2661170959, 18.2067565918, 11.7757549286, 12.9952335358, 10.2533531189, 8.19486045837, 9.35183048248, 7.57203769684, 4.63049125671, 5.03769922256, 5.75666046143, 4.93308973312, 6.97209310532, 4.59060382843, 3.5749604702, 3.8679895401, 2.59431910515, 2.24817228317, 2.50962615013, 2.46376037598, 0.435863494873, 0.0483849979937, 0.00484064687043, 0.000877017620951, 0.00017625799228, 3.58785400749e-05, 2.09606605495e-05],
        "dmean2": [0.657124757767, 3.38628959656, 6.6025056839, 18.1336956024, 11.5260152817, 11.2384328842, 11.2819910049, 7.13380908966, 9.63237285614, 12.0579833984, 12.19024086, 15.5465555191, 15.5846347809, 42.5179176331, 28.3180656433, 16.6658859253, 20.433637619, 15.5519456863, 13.2678756714, 13.3568582535, 11.7517910004, 6.8648815155, 7.308385849, 8.64025592804, 7.68976020813, 12.1819877625, 7.79825210571, 5.48813915253, 6.47283124924, 4.09501266479, 3.67222547531, 4.33366394043, 4.25732898712, 0.758822858334, 0.0809272006154, 0.00828715972602, 0.00156594673172, 0.000317760714097, 6.24271851848e-05, 3.31215996994e-05],
        "dvar": [0.32015863061, 18.697719574, 101.066200256, 764.208129883, 255.737442017, 145.641387939, 190.211639404, 68.3154830933, 134.127029419, 224.44392395, 269.592468262, 535.72076416, 407.692260742, 4322.79638672, 1767.4140625, 849.628662109, 1709.48181152, 567.901367188, 466.831207275, 739.602844238, 320.531494141, 111.11240387, 207.710723877, 309.229980469, 299.564819336, 751.098449707, 243.484436035, 134.895706177, 114.668464661, 35.4572792053, 24.9518604279, 26.6939926147, 45.7493133545, 0.852074444294, 0.0180027075112, 0.000240892695729, 1.53125747602e-05, 7.02922818618e-07, 3.18588000425e-08, 1.0522627214e-09],
        "dvar2": [0.933928370476, 48.2369117737, 223.30090332, 2134.94140625, 698.321716309, 391.785736084, 474.273895264, 178.122680664, 323.147949219, 492.281921387, 572.127685547, 1258.0592041, 889.914123535, 9667.53710938, 4103.34912109, 1550.79943848, 4307.17578125, 1287.61975098, 1152.11120605, 1474.91210938, 688.183044434, 233.397033691, 486.63571167, 712.621459961, 742.454833984, 2075.8137207, 629.999755859, 313.025512695, 277.559509277, 82.4002990723, 58.5292625427, 72.6472625732, 125.402786255, 2.30394458771, 0.0441213585436, 0.000614276155829, 4.26068872912e-05, 1.92032348423e-06, 8.75741079653e-08, 2.34177566227e-09],
        "max": [5.49528598785, 48.5963058472, 98.4836502075, 234.105285645, 163.337524414, 163.108428955, 238.726745605, 145.796951294, 216.358856201, 347.271575928, 284.736114502, 282.709960938, 504.6434021, 1527.49328613, 498.438598633, 824.656616211, 439.288146973, 345.651062012, 269.639984131, 434.021575928, 667.746704102, 141.51953125, 183.374710083, 176.877883911, 181.165740967, 306.504943848, 170.594009399, 132.971817017, 127.386863708, 82.0189056396, 53.6433830261, 49.7877922058, 74.3430480957, 9.35307216644, 2.21595907211, 0.228968784213, 0.0915265455842, 0.0195599943399, 0.00683595053852, 0.00051193148829],
        "mean": [0.677252650261, 3.31140017509, 6.00438737869, 12.3338270187, 10.5447893143, 12.7248420715, 14.1772203445, 9.99545860291, 18.0890674591, 24.4387893677, 20.2898654938, 17.5753154755, 22.5968379974, 51.0713615417, 24.972366333, 20.5339393616, 14.1462869644, 13.9214296341, 11.8610105515, 12.7389974594, 12.462729454, 6.9297337532, 6.73954296112, 6.76464176178, 5.30551671982, 6.46809768677, 5.25480175018, 4.21617937088, 4.08903026581, 2.36959123611, 2.04147672653, 2.06733822823, 1.86920130253, 0.359110057354, 0.0465944558382, 0.0046164849773, 0.000688950298354, 0.000128950006911, 4.04514357797e-05, 5.02377952216e-05],
        "median": [0.538149058819, 1.46049487591, 1.89505755901, 3.74380636215, 5.52515554428, 7.07222032547, 8.22230243683, 5.84849834442, 9.59729003906, 12.9017076492, 7.6173157692, 6.44784355164, 10.9122829437, 13.7853784561, 8.06541633606, 3.31636619568, 2.82616448402, 3.22596383095, 2.62561178207, 2.35917329788, 3.36540722847, 1.90522873402, 1.21421790123, 0.885998725891, 0.483394443989, 0.389215379953, 0.360023021698, 0.202626675367, 0.0911468341947, 0.0570525564253, 0.0386316478252, 0.022280074656, 0.0133887939155, 0.00882903765887, 0.00265681091696, 0.000389068620279, 6.10113602306e-05, 7.23834637029e-06, 1.98998932319e-05, 4.4319061999e-05],
        "min": [1.05244626852e-21, 7.49561505851e-21, 1.78021594751e-20, 3.42596076176e-20, 1.9360003263e-19, 1.09104437787e-19, 1.66207455507e-19, 2.4324062753e-19, 2.99693610536e-19, 6.59322970498e-19, 9.33854031143e-19, 3.01556405765e-18, 2.77294474616e-18, 2.07794573434e-18, 3.89830949388e-18, 2.00526240789e-18, 3.2222862121e-18, 2.774129062e-18, 2.75881918964e-18, 5.91561316995e-18, 7.81142965663e-18, 5.9622574711e-18, 6.10743139091e-18, 1.22826800115e-17, 1.53086150529e-17, 2.09529597176e-17, 1.41792339297e-17, 1.99790471906e-17, 1.62536738658e-17, 1.55384984713e-17, 1.42473754142e-17, 1.47493201905e-17, 1.42560723912e-17, 1.05859605216e-17, 8.27030065682e-18, 5.86251644643e-18, 2.58682642e-18, 1.26693350423e-18, 2.65298923678e-19, 3.16311669042e-20],
        "var": [0.548631966114, 26.1539516449, 136.549911499, 547.540222168, 234.101745605, 249.054946899, 344.709106445, 144.54914856, 499.063964844, 897.219665527, 831.367004395, 748.434875488, 1092.31860352, 8216.06347656, 2353.20800781, 2550.18676758, 1649.23400879, 821.157104492, 644.767272949, 1098.74572754, 892.011230469, 181.249313354, 260.285003662, 365.192718506, 308.369781494, 596.473144531, 289.369476318, 183.953857422, 148.437957764, 40.3288612366, 28.1847610474, 26.5597705841, 37.4814224243, 0.832697451115, 0.0192800443619, 0.000229254335864, 1.0311709957e-05, 4.86098031161e-07, 2.15878390719e-08, 1.94571492251e-09]
    },
    "gfcc": {
        "mean": [-76.4020614624, 152.594894409, -115.970848083, 29.0679473877, -54.8290023804, 13.5072402954, -27.9188995361, 4.49870872498, -9.65901470184, -9.44905662537, -2.45356369019, -8.00090503693, 7.23926353455],
        "cov": [[11125.6445312, 424.987121582, -324.721710205, 946.409301758, -333.741912842, 596.482116699, 196.158325195, -65.9490814209, 59.9511070251, -322.69934082, 21.6538391113, -369.041015625, 78.9961853027], [424.987121582, 2602.18725586, 695.771911621, -476.747741699, 931.783203125, -566.136047363, 343.359619141, -11.8309020996, 245.346405029, -19.586315155, 77.9375839233, 19.927154541, 203.001815796], [-324.721710205, 695.771911621, 1196.32885742, 296.62411499, 340.981079102, 137.065643311, 83.8429489136, -35.7153739929, 113.320228577, -56.6060676575, 74.0259170532, -17.0604724884, 52.1956329346], [946.409301758, -476.747741699, 296.62411499, 713.109619141, -54.2040252686, 321.643035889, 65.3530807495, 0.922333538532, 14.5731925964, -75.8290710449, -10.6509475708, -79.542678833, -38.9970932007], [-333.741912842, 931.783203125, 340.981079102, -54.2040252686, 628.489440918, -185.567672729, 205.451675415, 30.0413208008, 76.6371383667, -0.880047798157, -12.3232316971, 3.10959243774, 60.5113639832], [596.482116699, -566.136047363, 137.065643311, 321.643035889, -185.567672729, 412.402313232, -37.8504867554, -7.51789808273, -32.7898178101, -60.8046569824, -2.24021863937, -50.6512680054, -41.3245124817], [196.158325195, 343.359619141, 83.8429489136, 65.3530807495, 205.451675415, -37.8504867554, 256.456573486, 77.2379074097, 74.2580490112, -5.93197441101, -11.8816766739, -17.8653392792, 34.3446273804], [-65.9490814209, -11.8309020996, -35.7153739929, 0.922333538532, 30.0413208008, -7.51789808273, 77.2379074097, 157.52911377, 75.3920135498, 22.1781578064, -1.79955518246, 1.54001498222, 8.05921649933], [59.9511070251, 245.346405029, 113.320228577, 14.5731925964, 76.6371383667, -32.7898178101, 74.2580490112, 75.3920135498, 180.890396118, 35.5416908264, 42.7587661743, -7.02398347855, 13.735414505], [-322.69934082, -19.586315155, -56.6060676575, -75.8290710449, -0.880047798157, -60.8046569824, -5.93197441101, 22.1781578064, 35.5416908264, 124.207305908, 42.4117507935, 21.9111557007, -19.1595363617], [21.6538391113, 77.9375839233, 74.0259170532, -10.6509475708, -12.3232316971, -2.24021863937, -11.8816766739, -1.79955518246, 42.7587661743, 42.4117507935, 119.929069519, 39.5602798462, 1.45416307449], [-369.041015625, 19.927154541, -17.0604724884, -79.542678833, 3.10959243774, -50.6512680054, -17.8653392792, 1.54001498222, -7.02398347855, 21.9111557007, 39.5602798462, 95.8531799316, 29.492816925], [78.9961853027, 203.001815796, 52.1956329346, -38.9970932007, 60.5113639832, -41.3245124817, 34.3446273804, 8.05921649933, 13.735414505, -19.1595363617, 1.45416307449, 29.492816925, 113.44254303]],
        "icov": [[0.000233328668401, -0.000589739473071, 0.000477191322716, -0.000591598800384, 0.000447971193353, -0.000563211913686, 0.000188685546163, -0.000158917158842, 0.000245574308792, 2.2453328711e-05, -0.00021013065998, 0.000492836465128, -0.000171414241777], [-0.000589739473071, 0.00402359897271, -0.00212210300379, 0.00309416046366, -0.0030118857976, 0.00326882558875, -0.00190501555335, 0.0020865148399, -0.00232825079001, 0.00198764889501, -0.00146584596951, 0.00083953194553, -0.00110542564653], [0.000477191322716, -0.00212210300379, 0.0028021314647, -0.00221573654562, 0.000498782203067, -0.00246791355312, 0.00140415190253, -0.000295658159303, 0.000248275289778, -0.000218007946387, -0.000596466939896, 0.000287718547042, -0.00028901710175], [-0.000591598800384, 0.00309416046366, -0.00221573654562, 0.00511504057795, -0.00207829591818, 0.000926753447857, -0.00238274084404, 0.00168667826802, -0.00184819893911, 0.00172197609209, -0.000691268593073, 0.00076366547728, 2.55386221397e-05], [0.000447971193353, -0.0030118857976, 0.000498782203067, -0.00207829591818, 0.00563181983307, -0.00096476287581, -0.000846278562676, -0.00131788861472, 0.0018933910178, -0.00155175302643, 0.001921038609, -0.000654142932035, 0.000782237213571], [-0.000563211913686, 0.00326882558875, -0.00246791355312, 0.000926753447857, -0.00096476287581, 0.00775757944211, -0.00132795376703, 0.000608852424193, -0.000735422188882, 0.00260732043535, -0.00161700637545, 0.00140960421413, -0.00012021810835], [0.000188685546163, -0.00190501555335, 0.00140415190253, -0.00238274084404, -0.000846278562676, -0.00132795376703, 0.00809721462429, -0.00349238584749, 7.42537085898e-05, -0.000755165587179, 0.000918489997275, 0.000283668399788, -0.000645280408207], [-0.000158917158842, 0.0020865148399, -0.000295658159303, 0.00168667826802, -0.00131788861472, 0.000608852424193, -0.00349238584749, 0.0109529532492, -0.00537956226617, 0.000243258618866, 0.0007605322171, -0.000663737475406, -0.000848040159326], [0.000245574308792, -0.00232825079001, 0.000248275289778, -0.00184819893911, 0.0018933910178, -0.000735422188882, 7.42537085898e-05, -0.00537956226617, 0.0110648144037, -0.00284576998092, -0.00234470586292, 0.00201511499472, 1.34285364766e-05], [2.2453328711e-05, 0.00198764889501, -0.000218007946387, 0.00172197609209, -0.00155175302643, 0.00260732043535, -0.000755165587179, 0.000243258618866, -0.00284576998092, 0.0132320895791, -0.00512027367949, 0.000746991077904, 0.00155942188576], [-0.00021013065998, -0.00146584596951, -0.000596466939896, -0.000691268593073, 0.001921038609, -0.00161700637545, 0.000918489997275, 0.0007605322171, -0.00234470586292, -0.00512027367949, 0.0151097234339, -0.00783223938197, 0.00212203897536], [0.000492836465128, 0.00083953194553, 0.000287718547042, 0.00076366547728, -0.000654142932035, 0.00140960421413, 0.000283668399788, -0.000663737475406, 0.00201511499472, 0.000746991077904, -0.00783223938197, 0.0186511892825, -0.00575804943219], [-0.000171414241777, -0.00110542564653, -0.00028901710175, 2.55386221397e-05, 0.000782237213571, -0.00012021810835, -0.000645280408207, -0.000848040159326, 1.34285364766e-05, 0.00155942188576, 0.00212203897536, -0.00575804943219, 0.0125803668052]]
    },
    "melbands": {
        "dmean": [0.00297763897106, 0.00222893804312, 0.0016513048904, 0.000424734404078, 0.000254787039012, 0.000108603751869, 0.000115847564302, 8.2357233623e-05, 8.23227092042e-05, 6.55420808471e-05, 5.16759246239e-05, 0.000112260844617, 7.92334976722e-05, 3.21333063766e-05, 3.77543183276e-05, 2.13973526115e-05, 2.07349239645e-05, 1.46583870446e-05, 1.29429508888e-05, 1.0282281437e-05, 9.32586135605e-06, 5.05335492562e-06, 4.5832593969e-06, 5.20900630363e-06, 4.75475690109e-06, 3.31094838657e-06, 5.30468059878e-06, 4.56211364508e-06, 3.0651006e-06, 2.37777226175e-06, 2.12556051338e-06, 2.40772283178e-06, 1.9544713723e-06, 1.18455568554e-06, 1.40455097153e-06, 9.88655074252e-07, 1.98833072318e-06, 2.18451077671e-06, 7.83969483109e-07, 2.37683067894e-07],
        "dmean2": [0.00513783935457, 0.00338389421813, 0.00285923830234, 0.000717307964806, 0.000420475233113, 0.000164243450854, 0.000166986807017, 0.000119280586659, 0.000110738998046, 9.91711494862e-05, 7.73464635131e-05, 0.000163216231158, 0.000123688965687, 4.62075586256e-05, 5.66867820453e-05, 3.39688958775e-05, 3.17371341225e-05, 2.48177911999e-05, 1.83274860319e-05, 1.52130851347e-05, 1.46926904563e-05, 7.81847484177e-06, 6.67845233693e-06, 8.06583102531e-06, 7.19513582226e-06, 5.18760725754e-06, 8.8948827397e-06, 8.13962105894e-06, 5.25823224962e-06, 3.91650110032e-06, 3.1914325973e-06, 4.02537807531e-06, 3.22484083881e-06, 1.84013379112e-06, 2.32463798966e-06, 1.59413161782e-06, 3.45319313055e-06, 3.74823639504e-06, 1.37467714012e-06, 4.08937722796e-07],
        "dvar": [2.10453490581e-05, 2.33445698541e-05, 1.86947381735e-05, 7.4642554182e-07, 2.40060643364e-07, 3.35456071809e-08, 4.3212168066e-08, 1.9893562353e-08, 2.35900419199e-08, 2.15695887817e-08, 1.06472990424e-08, 6.13971096186e-08, 3.3320461057e-08, 1.13479066144e-08, 1.3212485328e-08, 3.85964460392e-09, 2.32641395037e-09, 1.88026105796e-09, 9.80009184914e-10, 9.91046578136e-10, 4.63118737803e-10, 1.2521639281e-10, 1.4194112552e-10, 3.14128278944e-10, 2.07430711496e-10, 1.28789992559e-10, 4.52985898791e-10, 3.19636372925e-10, 1.06869416094e-10, 6.58830143219e-11, 4.94943148965e-11, 5.53087957378e-11, 2.01754220969e-11, 7.92912437098e-12, 9.89775622573e-12, 5.73897873668e-12, 1.76079394121e-11, 4.26545951338e-11, 3.20158201166e-12, 3.26938400397e-13],
        "dvar2": [6.0889924498e-05, 4.60216397187e-05, 5.19700079167e-05, 2.05710898626e-06, 6.1749977931e-07, 8.60874820319e-08, 9.50261451749e-08, 4.47823040872e-08, 4.87778955005e-08, 5.00412440374e-08, 2.34412098621e-08, 1.37273005407e-07, 7.95912455942e-08, 1.82455170972e-08, 3.08711456398e-08, 9.6460599508e-09, 5.31450039531e-09, 4.88763118867e-09, 1.87253745842e-09, 1.9511852134e-09, 1.03150921138e-09, 2.82834727861e-10, 2.98459146286e-10, 8.11236355869e-10, 4.75992190108e-10, 3.15960840824e-10, 1.21368370909e-09, 8.97967422642e-10, 2.81106415922e-10, 1.62493074551e-10, 1.14798892614e-10, 1.38067501876e-10, 4.95522477217e-11, 1.81857792714e-11, 2.37816016879e-11, 1.34129122739e-11, 4.82484989461e-11, 1.15546475166e-10, 8.95239524873e-12, 8.34049246768e-13],
        "max": [0.0442030876875, 0.0518370456994, 0.0351728759706, 0.00867607817054, 0.00867264065892, 0.00289609888569, 0.00395714025944, 0.0032400705386, 0.00299015757628, 0.00179668364581, 0.00258521526121, 0.00562931969762, 0.00278424564749, 0.00399236846715, 0.00231028185226, 0.000769347767346, 0.000659385812469, 0.000519484106917, 0.000617152429186, 0.000446958991233, 0.000829458818771, 0.00015483549214, 0.00016858066374, 0.000234371938859, 0.000154601875693, 0.000126161758089, 0.000258643005509, 0.00019349392096, 0.000117370960652, 9.24837368075e-05, 9.17367797229e-05, 8.29227719805e-05, 5.18083907082e-05, 4.59613693238e-05, 3.3819636883e-05, 3.88762018702e-05, 3.8700611185e-05, 7.24057026673e-05, 1.79322141776e-05, 7.97283519205e-06],
        "mean": [0.00554479891434, 0.00368982786313, 0.00207195710391, 0.00078232382657, 0.00051637890283, 0.000233342245338, 0.000330110749928, 0.000239353903453, 0.000180284943781, 0.000111004628707, 0.000110767206934, 0.000200448819669, 0.000105651502963, 5.86358146393e-05, 4.70677987323e-05, 2.27185500989e-05, 2.77359195024e-05, 1.9068193069e-05, 1.89984493772e-05, 1.46771726577e-05, 1.47428845594e-05, 7.33987872081e-06, 6.00061321165e-06, 6.10070446783e-06, 5.49237574887e-06, 3.63551953342e-06, 4.64542381451e-06, 4.22709126724e-06, 3.45893408848e-06, 2.76935747934e-06, 2.36387882069e-06, 2.61356876763e-06, 1.64558821325e-06, 1.12911095584e-06, 1.25197743728e-06, 8.88612305516e-07, 1.53515952661e-06, 1.65385267792e-06, 6.05493255534e-07, 1.95868437913e-07],
        "median": [0.00435190089047, 0.00142611330375, 0.000889209099114, 0.000494585256092, 0.000320097169606, 0.000142323508044, 0.00016699549451, 0.000135338545078, 5.93144468439e-05, 3.74523551727e-05, 5.21347355971e-05, 5.37882369827e-05, 2.61202476395e-05, 9.15222335607e-06, 6.6644161052e-06, 3.50333948518e-06, 5.63231833439e-06, 3.06624883706e-06, 4.35254969489e-06, 1.58880811796e-06, 3.71940564037e-06, 1.63081858773e-06, 1.13773887733e-06, 8.56603946886e-07, 6.82176107603e-07, 1.81692655588e-07, 3.97701228394e-07, 1.85173036016e-07, 2.08014384384e-07, 1.42029648487e-07, 7.3384249788e-08, 5.0787189565e-08, 3.75981166201e-08, 2.57897525557e-08, 2.21187548277e-08, 1.59793778209e-08, 1.21245786744e-08, 9.3495859943e-09, 7.68106467319e-09, 7.19844139851e-09],
        "min": [9.79162870097e-24, 1.00625866447e-23, 9.58598134045e-24, 1.1297530248e-23, 5.90411703245e-24, 5.51267794039e-24, 6.32476961598e-24, 7.01783835262e-24, 5.98476977697e-24, 2.20891718861e-23, 1.33824714767e-23, 6.13605476036e-24, 1.30441653221e-23, 6.83830071034e-24, 5.65745127144e-24, 4.92553034636e-24, 5.39012169345e-24, 4.24424719164e-24, 6.14804899599e-24, 6.54779992098e-24, 1.05566194641e-23, 5.98725350553e-24, 5.65724537874e-24, 5.88460613568e-24, 1.04125221868e-23, 9.66959980754e-24, 1.24892789836e-23, 1.29716958262e-23, 7.36260606694e-24, 1.04456196349e-23, 1.03572254039e-23, 8.23392344714e-24, 1.06344729357e-23, 7.71950567312e-24, 7.81859370257e-24, 9.0495235816e-24, 9.08024182525e-24, 1.16896540713e-23, 6.16864615423e-24, 8.16729546622e-24],
        "var": [3.67767861462e-05, 3.91151297663e-05, 1.3705182937e-05, 8.51218601383e-07, 4.25323321451e-07, 7.62933467513e-08, 1.79058545768e-07, 7.73129471554e-08, 7.15178813948e-08, 3.11900230088e-08, 3.00675999654e-08, 1.19315046732e-07, 4.41187957279e-08, 4.08242115668e-08, 2.11462065636e-08, 3.71175956637e-09, 3.39601347044e-09, 2.28588170614e-09, 1.78580306098e-09, 1.67079017288e-09, 1.31376243218e-09, 1.99620903141e-10, 1.9664829487e-10, 3.04728381417e-10, 2.45095166385e-10, 1.42262687741e-10, 3.46295103704e-10, 2.53318227506e-10, 1.25766494441e-10, 8.12715589271e-11, 6.31608862434e-11, 6.96921548249e-11, 1.94250119462e-11, 9.60604772809e-12, 1.06078574744e-11, 6.35368407192e-12, 1.59019498958e-11, 3.45178156891e-11, 2.75174414505e-12, 3.04316305228e-13]
    },
    "mfcc": {
        "mean": [-716.948486328, 171.688476562, 6.86474180222, 19.569732666, 3.9359858036, 4.49815416336, 0.19710059464, 7.18506479263, 4.83521604538, 1.08947277069, -4.10011768341, 3.15938067436, -0.309678256512],
        "cov": [[10823.0332031, -850.582519531, 205.528381348, 162.027069092, -172.591140747, 387.58895874, 197.789794922, 256.301361084, 74.2705764771, 219.069564819, -80.8973693848, -118.477996826, -226.288833618], [-850.582519531, 3635.84277344, -220.429733276, 404.337158203, 287.718597412, -199.06892395, 4.34208345413, 18.5089740753, 246.718521118, -28.5326442719, 78.9112167358, 46.6396522522, 63.0821075439], [205.528381348, -220.429733276, 997.963806152, 128.186843872, 244.30305481, 246.143341064, 75.050453186, 102.843086243, -3.64485001564, 45.9969291687, -15.1640863419, 18.3375549316, 63.9401931763], [162.027069092, 404.337158203, 128.186843872, 445.67010498, 141.882614136, 100.269454956, 108.993492126, 86.1660385132, 112.092582703, 50.9267120361, 30.4930038452, 20.2860984802, 3.7190117836], [-172.591140747, 287.718597412, 244.30305481, 141.882614136, 271.926574707, 111.07862854, 55.7047195435, 50.7180862427, 37.011516571, 11.5351257324, -0.413063108921, 5.54570245743, 19.0170040131], [387.58895874, -199.06892395, 246.143341064, 100.269454956, 111.07862854, 240.70690918, 97.7255859375, 43.2226066589, 5.61234760284, 9.79593086243, -25.26811409, -16.9949893951, 15.0144062042], [197.789794922, 4.34208345413, 75.050453186, 108.993492126, 55.7047195435, 97.7255859375, 154.09979248, 65.9097518921, 48.9172286987, 12.1308794022, -19.6213817596, -5.92560195923, 21.7747459412], [256.301361084, 18.5089740753, 102.843086243, 86.1660385132, 50.7180862427, 43.2226066589, 65.9097518921, 151.057006836, 82.4547119141, 32.4111747742, 7.37743616104, 1.2316968441, 14.2508049011], [74.2705764771, 246.718521118, -3.64485001564, 112.092582703, 37.011516571, 5.61234760284, 48.9172286987, 82.4547119141, 178.29347229, 64.0419845581, 5.65477561951, 9.22597694397, 4.33486747742], [219.069564819, -28.5326442719, 45.9969291687, 50.9267120361, 11.5351257324, 9.79593086243, 12.1308794022, 32.4111747742, 64.0419845581, 111.459213257, 44.7539291382, 5.98644399643, -10.1344890594], [-80.8973693848, 78.9112167358, -15.1640863419, 30.4930038452, -0.413063108921, -25.26811409, -19.6213817596, 7.37743616104, 5.65477561951, 44.7539291382, 135.933029175, 67.3371047974, 3.45363926888], [-118.477996826, 46.6396522522, 18.3375549316, 20.2860984802, 5.54570245743, -16.9949893951, -5.92560195923, 1.2316968441, 9.22597694397, 5.98644399643, 67.3371047974, 117.895721436, 46.1908378601], [-226.288833618, 63.0821075439, 63.9401931763, 3.7190117836, 19.0170040131, 15.0144062042, 21.7747459412, 14.2508049011, 4.33486747742, -10.1344890594, 3.45363926888, 46.1908378601, 116.325653076]],
