{
"lowlevel": {
    "average_loudness": 0.712450385094,
    "barkbands_crest": {
        "dmean": 2.18852210045,
        "dmean2": 3.51312994957,
        "dvar": 4.74211597443,
        "dvar2": 12.0670404434,
        "max": 26.3307857513,
        "mean": 10.9740781784,
        "median": 10.1963148117,
        "min": 2.62941765785,
        "var": 15.0133304596
    },
    "barkbands_flatness_db": {
        "dmean": 0.0227510780096,
        "dmean2": 0.033259537071,
        "dvar": 0.00061670190189,
        "dvar2": 0.00128223397769,
        "max": 0.512733697891,
        "mean": 0.232491195202,
        "median": 0.230676740408,
        "min": 0.0323717817664,
        "var": 0.00486300187185
    },
    "barkbands_kurtosis": {
        "dmean": 3.50883173943,
        "dmean2": 5.59602975845,
        "dvar": 48.8727912903,
        "dvar2": 124.330467224,
        "max": 252.858642578,
        "mean": 6.42246580124,
        "median": 3.3036031723,
        "min": -1.87404572964,
        "var": 114.330230713
    },
    "barkbands_skewness": {
        "dmean": 0.53050249815,
        "dmean2": 0.798910737038,
        "dvar": 0.432329058647,
        "dvar2": 1.00662887096,
        "max": 12.4025287628,
        "mean": 1.38753902912,
        "median": 1.2955365181,
        "min": -4.83365249634,
        "var": 2.04281282425
    },
    "barkbands_spread": {
        "dmean": 2.57240605354,
        "dmean2": 3.98748064041,
        "dvar": 19.8449115753,
        "dvar2": 44.2508659363,
        "max": 93.1256027222,
        "mean": 9.7332649231,
        "median": 7.39811420441,
        "min": 0.136761367321,
        "var": 63.3678016663
    },
    "dissonance": {
        "dmean": 0.0356424488127,
        "dmean2": 0.0598307177424,
        "dvar": 0.00117962842342,
        "dvar2": 0.00314193335362,
        "max": 0.500000059605,
        "mean": 0.411720186472,
        "median": 0.423560768366,
        "min": 0.13965369761,
        "var": 0.0034582184162
    },
    "dynamic_complexity": 4.34912395477,
    "erbbands_crest": {
        "dmean": 2.8704161644,
        "dmean2": 4.38114738464,
        "dvar": 8.60891819,
        "dvar2": 19.8833389282,
        "max": 34.4393005371,
        "mean": 13.6842985153,
        "median": 12.1897983551,
        "min": 2.80124568939,
        "var": 41.8017044067
    },
    "erbbands_flatness_db": {
        "dmean": 0.0226814392954,
        "dmean2": 0.0305923707783,
        "dvar": 0.000615402299445,
        "dvar2": 0.0010839344468,
        "max": 0.523500204086,
        "mean": 0.233722925186,
        "median": 0.229794681072,
        "min": 0.03964311257,
        "var": 0.00619043037295
    },
    "erbbands_kurtosis": {
        "dmean": 2.00550198555,
        "dmean2": 3.04051041603,
        "dvar": 14.758181572,
        "dvar2": 32.4187965393,
        "max": 109.846191406,
        "mean": 4.05477523804,
        "median": 1.61121225357,
        "min": -1.82190334797,
        "var": 59.1007003784
    },
    "erbbands_skewness": {
        "dmean": 0.426474273205,
        "dmean2": 0.640087842941,
        "dvar": 0.229303300381,
        "dvar2": 0.499270230532,
        "max": 7.42984580994,
        "mean": 0.647352457047,
        "median": 0.653825223446,
        "min": -8.10882091522,
        "var": 1.34419989586
    },
    "erbbands_spread": {
        "dmean": 5.6307759285,
        "dmean2": 8.18521499634,
        "dvar": 82.6013183594,
        "dvar2": 165.336135864,
        "max": 162.668945312,
        "mean": 21.8504734039,
        "median": 17.2116279602,
        "min": 0.389785647392,
        "var": 327.70425415
    },
    "hfc": {
        "dmean": 4.2804017067,
        "dmean2": 6.15533494949,
        "dvar": 94.8494567871,
        "dvar2": 211.39012146,
        "max": 190.956436157,
        "mean": 11.0561161041,
        "median": 6.98992395401,
        "min": 1.16725679699e-16,
        "var": 181.010101318
    },
    "melbands_crest": {
        "dmean": 2.59980082512,
        "dmean2": 4.1900229454,
        "dvar": 6.54068422318,
        "dvar2": 16.9907093048,
        "max": 32.8271484375,
        "mean": 13.8310155869,
        "median": 13.1470861435,
        "min": 1.96452975273,
        "var": 18.8480529785
    },
    "melbands_flatness_db": {
        "dmean": 0.0254573374987,
        "dmean2": 0.0374221391976,
        "dvar": 0.000853176694363,
        "dvar2": 0.00184160156641,
        "max": 0.685732662678,
        "mean": 0.328439891338,
        "median": 0.325697034597,
        "min": 0.00468745687976,
        "var": 0.00690265325829
    },
    "melbands_kurtosis": {
        "dmean": 6.34756422043,
        "dmean2": 10.054107666,
        "dvar": 215.212310791,
        "dvar2": 518.125488281,
        "max": 403.35345459,
        "mean": 11.5935239792,
        "median": 5.15360832214,
        "min": -1.87879431248,
        "var": 403.655822754
    },
    "melbands_skewness": {
        "dmean": 0.632674634457,
        "dmean2": 0.95635920763,
        "dvar": 0.704736173153,
        "dvar2": 1.59820377827,
        "max": 13.2227163315,
        "mean": 1.9216966629,
        "median": 1.68940889835,
        "min": -3.85873126984,
        "var": 3.05716204643
    },
    "melbands_spread": {
        "dmean": 2.85431790352,
        "dmean2": 4.36626672745,
        "dvar": 26.8404369354,
        "dvar2": 54.4219207764,
        "max": 181.743911743,
        "mean": 11.3450336456,
        "median": 8.66688251495,
        "min": 0.378636062145,
        "var": 108.817199707
    },
    "pitch_salience": {
        "dmean": 0.0612995512784,
        "dmean2": 0.0995950177312,
        "dvar": 0.00351673038676,
        "dvar2": 0.00900196563452,
        "max": 0.954367160797,
        "mean": 0.533610463142,
        "median": 0.538544952869,
        "min": 0.0766008272767,
        "var": 0.0115340938792
    },
    "silence_rate_20dB": {
        "dmean": 0,
        "dmean2": 0,
        "dvar": 0,
        "dvar2": 0,
        "max": 1,
        "mean": 1,
        "median": 1,
        "min": 1,
        "var": 0
    },
    "silence_rate_30dB": {
        "dmean": 0.042812500149,
        "dmean2": 0.0856316909194,
        "dvar": 0.0409783795476,
        "dvar2": 0.0872012451291,
        "max": 1,
        "mean": 0.958675086498,
        "median": 1,
        "min": 0,
        "var": 0.0396179817617
    },
    "silence_rate_60dB": {
        "dmean": 0.0131249995902,
        "dmean2": 0.0262520518154,
        "dvar": 0.0129500366747,
        "dvar2": 0.02775949426,
        "max": 1,
        "mean": 0.0867119729519,
        "median": 0,
        "min": 0,
        "var": 0.0791839882731
    },
    "spectral_centroid": {
        "dmean": 107.742301941,
        "dmean2": 165.060028076,
        "dvar": 43652.3359375,
        "dvar2": 85529.8984375,
        "max": 10939.6074219,
        "mean": 678.644958496,
        "median": 538.875,
        "min": 120.642738342,
        "var": 225401.96875
    },
    "spectral_complexity": {
        "dmean": 2.10374999046,
        "dmean2": 3.38260793686,
        "dvar": 13.8780155182,
        "dvar2": 31.6766834259,
        "max": 56,
        "mean": 10.3041172028,
        "median": 9,
        "min": 0,
        "var": 36.0680084229
    },
    "spectral_decrease": {
        "dmean": 3.37777805726e-09,
        "dmean2": 5.51304424334e-09,
        "dvar": 8.60021866628e-17,
        "dvar2": 2.28763799658e-16,
        "max": 4.46035595007e-29,
        "mean": -7.20699144807e-09,
        "median": -4.9211892339e-09,
        "min": -9.10610395977e-08,
        "var": 8.6942730724e-17
    },
    "spectral_energy": {
        "dmean": 0.0130946710706,
        "dmean2": 0.0212833900005,
        "dvar": 0.00127158616669,
        "dvar2": 0.00336888665333,
        "max": 0.352265000343,
        "mean": 0.0282036475837,
        "median": 0.0192773696035,
        "min": 1.04190264396e-20,
        "var": 0.00130955001805
    },
    "spectral_energyband_high": {
        "dmean": 0.000143248980748,
        "dmean2": 0.00019911491836,
        "dvar": 2.55652992109e-07,
        "dvar2": 5.27344752754e-07,
        "max": 0.0219465140253,
        "mean": 0.000203095187317,
        "median": 1.07912228486e-05,
        "min": 7.73304739826e-21,
        "var": 4.34327461107e-07
    },
    "spectral_energyband_low": {
        "dmean": 0.00830498896539,
        "dmean2": 0.0143200857565,
        "dvar": 0.000799402303528,
        "dvar2": 0.00221374141984,
        "max": 0.306188613176,
        "mean": 0.011835067533,
        "median": 0.00680918153375,
        "min": 7.33726343704e-23,
        "var": 0.000605523353443
    },
    "spectral_energyband_middle_high": {
        "dmean": 0.000801544694696,
        "dmean2": 0.00118841638323,
        "dvar": 4.11731434724e-06,
        "dvar2": 8.85653480509e-06,
        "max": 0.0870219394565,
        "mean": 0.00203561596572,
        "median": 0.000830542587209,
        "min": 1.53764616184e-21,
        "var": 1.27081339087e-05
    },
    "spectral_energyband_middle_low": {
        "dmean": 0.00686624692753,
        "dmean2": 0.0110914595425,
        "dvar": 0.000294137193123,
        "dvar2": 0.000783036404755,
        "max": 0.233628332615,
        "mean": 0.015618509613,
        "median": 0.00952369626611,
        "min": 1.99327997758e-22,
        "var": 0.000368555891328
    },
    "spectral_entropy": {
        "dmean": 0.210923761129,
        "dmean2": 0.301938980818,
        "dvar": 0.0584518387914,
        "dvar2": 0.113649465144,
        "max": 9.80259037018,
        "mean": 6.50300693512,
        "median": 6.47120189667,
        "min": 4.04292917252,
        "var": 0.476526796818
    },
    "spectral_flux": {
        "dmean": 0.0284899696708,
        "dmean2": 0.0450419150293,
        "dvar": 0.00259702559561,
        "dvar2": 0.00503958249465,
        "max": 0.536289274693,
        "mean": 0.0680997893214,
        "median": 0.0456983521581,
        "min": 1.02073634267e-10,
        "var": 0.00527681829408
    },
    "spectral_kurtosis": {
        "dmean": 7.25212287903,
        "dmean2": 11.8805074692,
        "dvar": 109.592155457,
        "dvar2": 264.490631104,
        "max": 259.166870117,
        "mean": 20.6254901886,
        "median": 12.7858543396,
        "min": -1.18337333202,
        "var": 502.380157471
    },
    "spectral_rms": {
        "dmean": 0.000888278125785,
        "dmean2": 0.00136421946809,
        "dvar": 2.90261664304e-06,
        "dvar2": 7.09370760887e-06,
        "max": 0.0185384247452,
        "mean": 0.00461525283754,
        "median": 0.00433672592044,
        "min": 3.18824459021e-12,
        "var": 6.21515073362e-06
    },
    "spectral_rolloff": {
        "dmean": 145.67074585,
        "dmean2": 250.481933594,
        "dvar": 172810.71875,
        "dvar2": 329046.28125,
        "max": 19035.3515625,
        "mean": 705.917724609,
        "median": 581.396484375,
        "min": 64.599609375,
        "var": 422874.75
    },
    "spectral_skewness": {
        "dmean": 0.536009788513,
        "dmean2": 0.856770455837,
        "dvar": 0.373934775591,
        "dvar2": 0.88300293684,
        "max": 12.9829416275,
        "mean": 3.18992710114,
        "median": 2.84874749184,
        "min": 0.0073437737301,
        "var": 2.66594672203
    },
    "spectral_spread": {
        "dmean": 599974.5,
        "dmean2": 813276.5,
        "dvar": 814972665856,
        "dvar2": 1.26389203763e+12,
        "max": 39818012,
        "mean": 3187859,
        "median": 2716548,
        "min": 405983.5625,
        "var": 3.75662995046e+12
    },
    "spectral_strongpeak": {
        "dmean": 0.417231321335,
        "dmean2": 0.681845486164,
        "dvar": 0.499423474073,
        "dvar2": 1.06245625019,
        "max": 19.3949108124,
        "mean": 0.991867244244,
        "median": 0.464020758867,
        "min": 0,
        "var": 1.48692190647
    },
    "zerocrossingrate": {
        "dmean": 0.005126953125,
        "dmean2": 0.00616342993453,
        "dvar": 8.72033488122e-05,
        "dvar2": 0.000102615595097,
        "max": 0.5068359375,
        "mean": 0.0311030317098,
        "median": 0.02587890625,
        "min": 0.0029296875,
        "var": 0.000462410826003
    },
    "barkbands": {
        "dmean": [0.000332890078425, 0.00365657429211, 0.00405966304243, 0.00223029125482, 0.00264018215239, 0.00143748556729, 0.00109797576442, 0.00139125261921, 0.000475143722724, 0.000282091728877, 0.000152614651597, 0.000173746462679, 0.000129522843054, 0.000132958812173, 6.53458700981e-05, 7.04822232365e-05, 6.34533644188e-05, 4.30520158261e-05, 3.62749779015e-05, 3.12224838126e-05, 3.98672054871e-05, 2.08221681532e-05, 1.60132512974e-05, 1.8256407202e-05, 3.09252063744e-05, 1.9094442905e-05, 5.11881899001e-06],
        "dmean2": [0.00055661337683, 0.00605611177161, 0.00726827420294, 0.00397061882541, 0.00446633948013, 0.00219862535596, 0.0017347924877, 0.00208238046616, 0.000701023731381, 0.000419611402322, 0.000224859730224, 0.000262929243036, 0.000193068117369, 0.000197868153919, 0.000103524514998, 0.000109998225525, 0.00010608285811, 7.28491286281e-05, 6.11787982052e-05, 5.17136941198e-05, 6.35452452116e-05, 3.05715002469e-05, 2.35022016568e-05, 2.52672070928e-05, 4.43992466899e-05, 2.70571745205e-05, 7.41668554838e-06],
        "dvar": [1.02091519238e-06, 0.000111959045171, 0.000249844335485, 4.09139684052e-05, 7.8916491475e-05, 1.22192632261e-05, 1.24162052089e-05, 1.47320588439e-05, 1.88687442915e-06, 9.56474877967e-07, 3.08974335894e-07, 4.03320484565e-07, 2.00551397711e-07, 1.20090032851e-06, 3.08359986434e-08, 5.48482965712e-08, 3.64309258316e-08, 3.30569456253e-08, 2.29530723317e-08, 1.43844580691e-08, 5.49048486675e-08, 7.47382244981e-09, 3.3865137361e-09, 4.09747835661e-09, 1.48452583559e-08, 5.15028020232e-09, 4.13378581365e-10],
        "dvar2": [2.58198997471e-06, 0.000298640516121, 0.000708522915374, 0.00011625031766, 0.000216154527152, 2.8425380151e-05, 3.25901492033e-05, 3.37378878612e-05, 4.11201972383e-06, 2.12545251088e-06, 6.03108333053e-07, 7.458496043e-07, 3.53281706111e-07, 2.01472289518e-06, 7.18613506479e-08, 1.38007322903e-07, 9.95202711351e-08, 9.21523266584e-08, 6.35283186057e-08, 3.87016783066e-08, 1.37093550734e-07, 1.57682791269e-08, 7.51587503345e-09, 8.5249745041e-09, 3.13553272235e-08, 1.05728439337e-08, 8.46926806464e-10],
        "max": [0.019855838269, 0.136912286282, 0.170245602727, 0.0849103853106, 0.139109224081, 0.108135469258, 0.0653457790613, 0.104530580342, 0.0416420474648, 0.0358787029982, 0.0274660363793, 0.0307954289019, 0.0234005004168, 0.0855331718922, 0.00534928170964, 0.00513536622748, 0.00430938741192, 0.0082203168422, 0.00481506576762, 0.00211277767085, 0.0160346273333, 0.00566956307739, 0.00164283905178, 0.00187685550191, 0.00245197443292, 0.00116263749078, 0.000276090373518],
        "mean": [0.0003840252175, 0.0058616399765, 0.00416655698791, 0.0027109568473, 0.00364289991558, 0.00321407895535, 0.00190343323629, 0.00282217352651, 0.001199191669, 0.000602348765824, 0.000264755421085, 0.000321158760926, 0.000227969081607, 0.000241707661189, 0.00011178094428, 0.000106766776298, 9.9186290754e-05, 5.048663661e-05, 5.02739785588e-05, 3.87095678889e-05, 4.87129145768e-05, 2.87519233098e-05, 2.3125377993e-05, 2.36466312344e-05, 3.33123171004e-05, 2.0941692128e-05, 5.11530151925e-06],
        "median": [4.01895231334e-05, 0.00326628028415, 0.00111296155956, 0.00125060696155, 0.00148998596705, 0.00119585404173, 0.000459171104012, 0.000627182191238, 0.000218348795897, 0.000124784564832, 4.76885361422e-05, 4.3751722842e-05, 2.57931842498e-05, 1.54137542268e-05, 1.91498456843e-05, 1.06490024336e-05, 1.1516597624e-05, 4.39497080151e-06, 5.45911916561e-06, 2.72415604741e-06, 2.46825675276e-06, 1.85351268556e-06, 9.33906960654e-07, 5.93086610934e-07, 4.36882430677e-07, 1.91190920873e-07, 3.06367304859e-08],
        "min": [2.66040626604e-23, 4.63738446457e-23, 1.28587932645e-23, 1.2426488811e-23, 2.67278380919e-23, 4.88568979408e-23, 8.32620518469e-24, 2.26926552118e-23, 7.77334574545e-23, 4.16288115909e-23, 8.08379154173e-23, 1.03154998685e-22, 5.18759412003e-23, 1.11346517703e-22, 1.86818052196e-22, 1.07212305958e-22, 2.0077869403e-22, 2.33398395383e-22, 1.90158568896e-22, 4.31003255867e-22, 3.42885145104e-22, 5.01039614453e-22, 6.16300750269e-22, 1.01676521888e-21, 1.16383908289e-21, 1.53521601587e-21, 2.47461359418e-21],
        "var": [9.7050065051e-07, 0.00010747781198, 0.000161397489137, 3.11332260026e-05, 6.92496614647e-05, 3.15139732265e-05, 1.89396614587e-05, 3.83141705242e-05, 1.1985997844e-05, 3.34224637299e-06, 7.59044041843e-07, 1.7066139435e-06, 5.95141045778e-07, 3.91848516301e-06, 7.92723255927e-08, 8.65261782224e-08, 5.9635397065e-08, 2.79369292144e-08, 2.49146818732e-08, 1.50026249202e-08, 6.86445602582e-08, 1.33348230236e-08, 5.82856518605e-09, 6.39048192141e-09, 1.80283539208e-08, 6.60648380446e-09, 4.90999296776e-10]
    },
    "erbbands": {
        "dmean": [0.0935918912292, 0.943431854248, 4.05048513412, 6.63689613342, 7.34816169739, 9.12448215485, 9.54701137543, 13.5240421295, 13.9065256119, 24.7290229797, 27.350522995, 12.6674423218, 6.64601421356, 8.46784114838, 6.79305171967, 7.77807474136, 5.88983392715, 6.27994918823, 4.75191116333, 2.76620769501, 3.72418522835, 3.09696292877, 2.47780513763, 1.75044107437, 1.91078996658, 1.52773332596, 1.7350577116, 1.28641581535, 0.760501027107, 0.648479819298, 0.433005750179, 0.358871459961, 0.320717126131, 0.322656989098, 0.240948826075, 0.111563615501, 0.0276506468654, 0.00689823646098, 0.000968586653471, 3.54972071364e-05],
        "dmean2": [0.147381395102, 1.62471401691, 7.20978927612, 11.9571771622, 12.8573293686, 15.4188299179, 14.8259334564, 20.9362545013, 21.7896499634, 38.8914031982, 40.05676651, 18.2612056732, 10.5807762146, 12.1015663147, 9.90050029755, 11.5271368027, 8.58635234833, 9.51383304596, 7.07050561905, 4.30235815048, 5.9230298996, 5.18658828735, 4.20663738251, 2.90979790688, 3.23357987404, 2.523884058, 2.83229613304, 2.00385046005, 1.10593652725, 0.994706630707, 0.62748247385, 0.502140700817, 0.452401459217, 0.47123965621, 0.347349494696, 0.159267693758, 0.0390729494393, 0.00985018536448, 0.00140793994069, 4.90479360451e-05],
        "dvar": [0.0643879920244, 8.65401744843, 243.296585083, 483.611175537, 701.734619141, 1014.40679932, 370.488891602, 1308.24499512, 1605.89135742, 8361.82519531, 6120.56005859, 1219.07678223, 479.792572021, 909.055053711, 599.406616211, 893.998657227, 431.613098145, 1413.82263184, 591.85357666, 56.3949966431, 154.695556641, 108.506637573, 101.73626709, 50.2950325012, 66.6646652222, 35.6274528503, 73.1318817139, 63.6874504089, 12.3071899414, 5.36251831055, 2.6602268219, 1.89734172821, 1.2596039772, 1.68321406841, 0.903869330883, 0.191953256726, 0.00980473682284, 0.000681628880557, 1.51020931298e-05, 1.2474158595e-08],
        "dvar2": [0.153494104743, 24.4031524658, 687.114257812, 1384.64990234, 1975.81921387, 2734.57983398, 882.151489258, 3033.82348633, 4030.45556641, 21496.2285156, 12892.0283203, 2535.87475586, 1301.59619141, 1729.84606934, 1144.17919922, 1547.70043945, 678.639343262, 2476.53320312, 1033.30334473, 136.042678833, 407.3828125, 300.890075684, 284.330505371, 135.567337036, 185.234039307, 96.0865478516, 191.364715576, 152.668640137, 26.0221996307, 12.3959064484, 5.90139722824, 4.16442871094, 2.57590341568, 3.68865942955, 1.90449512005, 0.403336435556, 0.0193888619542, 0.00138790498022, 3.12420052069e-05, 2.21391118771e-08],
        "max": [3.51644706726, 34.9417037964, 161.068222046, 307.996337891, 478.603546143, 488.208892822, 468.235778809, 1038.89990234, 948.684448242, 2301.23828125, 2746.75244141, 1158.62597656, 738.074523926, 1119.93640137, 1131.33374023, 1447.9979248, 1303.75476074, 2630.33154297, 1861.13317871, 168.142181396, 318.246826172, 249.066650391, 417.961669922, 318.027648926, 204.863800049, 120.829704285, 431.395233154, 536.640197754, 253.384780884, 52.4719200134, 44.616771698, 49.6239547729, 21.0162296295, 26.0822257996, 19.4086017609, 6.84500980377, 1.29415464401, 0.334376454353, 0.0538237579167, 0.00175078748725],
        "mean": [0.148502007127, 1.40202581882, 4.55697250366, 7.53551054001, 9.28174686432, 12.4417705536, 18.6319923401, 28.0737342834, 27.9906578064, 37.6653518677, 65.4169387817, 36.0378494263, 12.214006424, 19.4435577393, 13.2605981827, 15.4335517883, 11.4545602798, 12.0779504776, 8.87694168091, 4.8974943161, 5.9478354454, 4.66929292679, 3.21452879906, 2.46220636368, 2.55578827858, 1.91698169708, 2.10637569427, 1.6102155447, 1.05873644352, 0.836471438408, 0.637407958508, 0.501062452793, 0.385241657495, 0.34662938118, 0.257594138384, 0.119319245219, 0.0311055313796, 0.0072279619053, 0.000973711488768, 5.73532306589e-05],
        "median": [0.0433590821922, 0.807527005672, 1.76717591286, 3.42144465446, 3.57806396484, 4.63811254501, 8.28784561157, 9.26454639435, 8.22487926483, 9.64200115204, 13.7903327942, 8.43651771545, 4.14541435242, 3.66815876961, 3.08921694756, 2.45979833603, 1.685297966, 1.21618592739, 1.31592583656, 0.848214745522, 0.773738324642, 0.598195493221, 0.326664060354, 0.252804428339, 0.257849723101, 0.148651570082, 0.114634692669, 0.0891607478261, 0.0698873922229, 0.0431980155408, 0.025416424498, 0.013849386014, 0.00865297298878, 0.00520281353965, 0.00279539288022, 0.00107496406417, 0.000309109222144, 6.84634214849e-05, 1.62817705132e-05, 2.30044715863e-05],
        "min": [1.3273484158e-21, 1.04986062229e-20, 1.63624871619e-20, 3.44298484962e-20, 3.20150594878e-20, 1.5752952955e-19, 2.15279725627e-19, 3.82525460824e-19, 2.01213338365e-19, 1.79687048598e-19, 7.18990454912e-19, 1.47005659584e-18, 1.39117851378e-18, 2.52245108883e-18, 3.48840055492e-18, 3.67759702694e-18, 2.68741261646e-18, 5.15270449099e-18, 7.24925620564e-18, 8.93939795532e-18, 6.41043178519e-18, 1.19804182895e-17, 1.12718710933e-17, 1.04840386353e-17, 1.65007973826e-17, 1.7779684784e-17, 1.32953244436e-17, 1.47680657575e-17, 1.93127780226e-17, 2.18276866718e-17, 1.45668970869e-17, 1.71112070438e-17, 1.80214928381e-17, 1.28359000596e-17, 9.15492648137e-18, 4.80878099026e-18, 2.99374468746e-18, 1.22150536538e-18, 3.58024758821e-19, 3.88702541908e-20],
        "var": [0.0753120779991, 6.94335031509, 159.625228882, 326.718322754, 534.231262207, 956.255432129, 881.8671875, 2970.13818359, 2835.54077148, 11487.7138672, 21054.5058594, 9195.87109375, 677.257324219, 4022.50292969, 1622.38342285, 4071.92333984, 1488.36157227, 4689.23583984, 1787.15026855, 114.903610229, 225.738861084, 137.140960693, 96.5960083008, 60.9929351807, 68.0442276001, 36.1500396729, 83.0341186523, 84.4307403564, 22.0324516296, 7.66324234009, 4.52056646347, 3.02355742455, 1.80836367607, 1.96115589142, 1.09383904934, 0.233938977122, 0.0135109350085, 0.000838336942252, 1.78614827746e-05, 1.90161717484e-08]
    },
    "gfcc": {
        "mean": [-92.6117095947, 147.250228882, -91.7947998047, 9.64037799835, -53.8383712769, 0.590067446232, -29.6910495758, 2.88408732414, -14.0773096085, 2.17227864265, -12.0927820206, -2.04824376106, -7.8704791069],
        "cov": [[12749.1035156, -248.02204895, 1652.80932617, 1226.3815918, 70.6231384277, 731.790222168, -267.346588135, 43.0387306213, -417.196685791, 17.0021114349, -406.305114746, -213.252746582, -328.75], [-248.02204895, 2338.71826172, 388.549377441, -438.08605957, 162.446609497, -220.739822388, 277.967041016, -172.658706665, 143.748855591, -244.486526489, 71.1873321533, -202.132629395, 106.442733765], [1652.80932617, 388.549377441, 1634.77685547, 221.579727173, 0.0751059949398, 247.160919189, 40.7579994202, 83.2861709595, -37.5636138916, -15.5960245132, -48.6542053223, -80.0615310669, -118.036399841], [1226.3815918, -438.08605957, 221.579727173, 822.43157959, 194.558990479, 120.325538635, -26.6462841034, 19.5917377472, -102.111442566, 18.1514606476, -94.2638092041, -12.4204406738, -68.2778167725], [70.6231384277, 162.446609497, 0.0751059949398, 194.558990479, 412.799255371, 152.291503906, 24.8926467896, -43.7318305969, -47.9357452393, -21.3855762482, -9.67075824738, -22.0395488739, 0.0487366095185], [731.790222168, -220.739822388, 247.160919189, 120.325538635, 152.291503906, 417.06640625, 17.1189899445, -13.0142459869, -91.1758728027, 27.8434181213, -13.4078989029, -9.49262714386, -79.9806671143], [-267.346588135, 277.967041016, 40.7579994202, -26.6462841034, 24.8926467896, 17.1189899445, 222.462768555, 41.9212799072, 17.4091434479, -45.4472351074, 19.8238677979, -21.1929035187, 5.62099313736], [43.0387306213, -172.658706665, 83.2861709595, 19.5917377472, -43.7318305969, -13.0142459869, 41.9212799072, 176.71887207, 66.3597488403, 5.16332292557, -8.78413295746, 22.9249458313, -6.87201213837], [-417.196685791, 143.748855591, -37.5636138916, -102.111442566, -47.9357452393, -91.1758728027, 17.4091434479, 66.3597488403, 194.993255615, 41.5751838684, 26.8306732178, -13.3157434464, 10.5084648132], [17.0021114349, -244.486526489, -15.5960245132, 18.1514606476, -21.3855762482, 27.8434181213, -45.4472351074, 5.16332292557, 41.5751838684, 137.794265747, 33.6243934631, 2.76708507538, -40.3485984802], [-406.305114746, 71.1873321533, -48.6542053223, -94.2638092041, -9.67075824738, -13.4078989029, 19.8238677979, -8.78413295746, 26.8306732178, 33.6243934631, 113.504951477, 30.4740829468, -7.46358776093], [-213.252746582, -202.132629395, -80.0615310669, -12.4204406738, -22.0395488739, -9.49262714386, -21.1929035187, 22.9249458313, -13.3157434464, 2.76708507538, 30.4740829468, 120.074577332, 58.5864219666], [-328.75, 106.442733765, -118.036399841, -68.2778167725, 0.0487366095185, -79.9806671143, 5.62099313736, -6.87201213837, 10.5084648132, -40.3485984802, -7.46358776093, 58.5864219666, 134.658630371]],
        "icov": [[0.000149042578414, -0.000256206898484, 2.53829075518e-05, -0.000231830650591, 0.000260019209236, -0.000299316452583, 0.000360816513421, -0.000402146572014, 0.000409331783885, -0.000378359662136, 0.000484731164761, -0.000185277909623, 0.000219795008888], [-0.000256206898484, 0.00261502736248, -0.000967808824498, 0.00115691835526, -0.00162059313152, 0.00159366521984, -0.0021926430054, 0.00340461381711, -0.00273191230372, 0.00383092439733, -0.00290410453454, 0.00358391716145, -0.00210104626603], [2.53829075518e-05, -0.000967808824498, 0.00116649502888, -0.000561089487746, 0.000825359835289, -0.00102902390063, 0.000793219252955, -0.00163204362616, 0.000918602163438, -0.00105896545574, 0.00079277245095, -0.000834882084746, 0.000855290389154], [-0.000231830650591, 0.00115691835526, -0.000561089487746, 0.00250077969395, -0.00185932370368, 0.00131497287657, -0.00125091907103, 0.00126904132776, -0.000535170256626, 0.000832251505926, 0.000397319585318, 0.000371945498046, 0.000345708976965], [0.000260019209236, -0.00162059313152, 0.000825359835289, -0.00185932370368, 0.00473295338452, -0.00276038818993, 0.00145699142013, -0.00162889040075, 0.00143976951949, -0.00142996560317, 0.000636741518974, -0.000468089361675, -0.0003905359481], [-0.000299316452583, 0.00159366521984, -0.00102902390063, 0.00131497287657, -0.00276038818993, 0.00529633648694, -0.00232075504027, 0.00231227721088, -0.000269217998721, 0.00083059706958, -0.0005702310591, 0.000110798871901, 0.00132599042263], [0.000360816513421, -0.0021926430054, 0.000793219252955, -0.00125091907103, 0.00145699142013, -0.00232075504027, 0.00804090220481, -0.00505029922351, 0.00233808928169, -0.000690808345098, -0.000316363730235, 3.52511633537e-05, 0.000280476844637], [-0.000402146572014, 0.00340461381711, -0.00163204362616, 0.00126904132776, -0.00162889040075, 0.00231227721088, -0.00505029922351, 0.0132929291576, -0.00743539305404, 0.00533774169162, -0.000943420920521, -0.000202416675165, 1.84242289833e-05], [0.000409331783885, -0.00273191230372, 0.000918602163438, -0.000535170256626, 0.00143976951949, -0.000269217998721, 0.00233808928169, -0.00743539305404, 0.0117595475167, -0.00730601511896, 0.00170573708601, -0.000280455889879, 0.000164912795299], [-0.000378359662136, 0.00383092439733, -0.00105896545574, 0.000832251505926, -0.00142996560317, 0.00083059706958, -0.000690808345098, 0.00533774169162, -0.00730601511896, 0.0168523937464, -0.00760830007493, 0.00482735456899, -0.000565308495425], [0.000484731164761, -0.00290410453454, 0.00079277245095, 0.000397319585318, 0.000636741518974, -0.0005702310591, -0.000316363730235, -0.000943420920521, 0.00170573708601, -0.00760830007493, 0.0183572191745, -0.0112071745098, 0.00748208258301], [-0.000185277909623, 0.00358391716145, -0.000834882084746, 0.000371945498046, -0.000468089361675, 0.000110798871901, 3.52511633537e-05, -0.000202416675165, -0.000280455889879, 0.00482735456899, -0.0112071745098, 0.022358102724, -0.0126545941457], [0.000219795008888, -0.00210104626603, 0.000855290389154, 0.000345708976965, -0.0003905359481, 0.00132599042263, 0.000280476844637, 1.84242289833e-05, 0.000164912795299, -0.000565308495425, 0.00748208258301, -0.0126545941457, 0.0170636605471]]
    },
    "melbands": {
        "dmean": [0.000905503693502, 0.00181997579057, 0.001139722066, 0.000592718133703, 0.000349068461219, 0.000295097386697, 0.000212844461203, 0.000279078842141, 0.000202897717827, 6.90986562404e-05, 3.29938957293e-05, 3.61544553016e-05, 2.15768141061e-05, 2.17603737838e-05, 1.46055863297e-05, 1.29612244564e-05, 1.2882406736e-05, 8.94079494174e-06, 4.00080352847e-06, 5.04768240717e-06, 4.36227446698e-06, 3.4885902096e-06, 2.86959948426e-06, 1.93303299056e-06, 1.40722124797e-06, 1.48665287725e-06, 1.20362415146e-06, 9.89598447632e-07, 1.0866640423e-06, 1.0418993952e-06, 6.85009013068e-07, 4.64583024495e-07, 3.60821871936e-07, 3.73121196162e-07, 2.61565702431e-07, 2.30283617952e-07, 2.1529136518e-07, 2.24138219096e-07, 2.37852532337e-07, 2.85979012915e-07],
        "dmean2": [0.00145753857214, 0.00322032510303, 0.00203425274231, 0.00101623730734, 0.000551227829419, 0.000455184315797, 0.000333600619342, 0.000437026785221, 0.000295487581752, 0.000101374120277, 5.29360768269e-05, 5.18812812516e-05, 3.17841841024e-05, 3.25674518535e-05, 2.14768315345e-05, 1.91494200408e-05, 1.94856238522e-05, 1.30789912873e-05, 6.34975549474e-06, 7.73426927481e-06, 7.06452374288e-06, 5.83368682783e-06, 4.90188995173e-06, 3.24834172716e-06, 2.33842729358e-06, 2.52476888818e-06, 2.04354182642e-06, 1.62798392012e-06, 1.8144949081e-06, 1.66524364431e-06, 1.08317283321e-06, 6.83539553847e-07, 5.4148529216e-07, 5.83743030802e-07, 3.89148908653e-07, 3.27631141772e-07, 3.04970370735e-07, 3.21512828805e-07, 3.41442955687e-07, 4.2209694584e-07],
        "dvar": [6.21637036602e-06, 4.55682129541e-05, 1.31505694299e-05, 5.29589988219e-06, 4.92176923217e-07, 5.93026754814e-07, 3.59034686426e-07, 9.07050264232e-07, 3.18384223874e-07, 3.92506542823e-08, 1.31697381889e-08, 1.80545711714e-08, 7.24883264525e-09, 5.61685897793e-09, 2.15700501904e-09, 2.29109753391e-09, 8.25575430241e-09, 3.85069576225e-09, 1.41688494271e-10, 2.43127407096e-10, 2.24755020151e-10, 1.34034325305e-10, 1.16108081483e-10, 5.60380630787e-11, 3.32054488072e-11, 3.82584137981e-11, 2.82310633204e-11, 1.4187876568e-11, 2.40878740565e-11, 5.74537119269e-11, 1.5016356214e-11, 6.00746232274e-12, 1.63106377363e-12, 1.8214431699e-12, 9.96533367978e-13, 9.55405242767e-13, 6.3076784464e-13, 6.2638083739e-13, 7.72054295495e-13, 1.42215319382e-12],
        "dvar2": [1.57035046868e-05, 0.000129086780362, 3.71731439373e-05, 1.45478325067e-05, 1.20112099466e-06, 1.37953543344e-06, 9.09271989258e-07, 2.30838168136e-06, 6.62681941321e-07, 8.36975218022e-08, 3.55962228582e-08, 3.47585249472e-08, 1.4375233448e-08, 1.10214228854e-08, 3.90295706865e-09, 3.98315913586e-09, 1.41736027359e-08, 6.46689501949e-09, 3.29530708276e-10, 5.62933255566e-10, 5.98505134342e-10, 3.68947039586e-10, 3.27512572618e-10, 1.5361721617e-10, 8.77545466849e-11, 1.05283302909e-10, 7.84840109569e-11, 3.79069137191e-11, 6.47084816285e-11, 1.41940778575e-10, 3.67887144359e-11, 1.33004735697e-11, 3.53366251191e-12, 4.41974278356e-12, 2.28222388904e-12, 2.21277965569e-12, 1.37065294011e-12, 1.34314542995e-12, 1.59526840522e-12, 3.23436936955e-12],
        "max": [0.0313849486411, 0.0692073851824, 0.0467838980258, 0.0365080535412, 0.0157962813973, 0.0220502596349, 0.012982414104, 0.0244625005871, 0.0189487822354, 0.00615253532305, 0.00417261896655, 0.00505988486111, 0.00451016705483, 0.00431286124513, 0.00188068929128, 0.00245186849497, 0.00665014795959, 0.00499147037044, 0.000533517973963, 0.000426821759902, 0.000456149398815, 0.000287466100417, 0.000317740370519, 0.000336824596161, 0.000250147131737, 0.000187774945516, 0.000141394586535, 6.43765670247e-05, 0.000164226672496, 0.000625748129096, 0.000187356112292, 0.000201394665055, 4.38013703388e-05, 2.53582020378e-05, 3.02162370645e-05, 3.74442133761e-05, 2.52561294474e-05, 1.65823566931e-05, 1.53401397256e-05, 2.89639192488e-05],
        "mean": [0.00150422356091, 0.00225598760881, 0.00137333350722, 0.000767385528889, 0.000651179638226, 0.000630537047982, 0.00042173473048, 0.000437353242887, 0.000509835663252, 0.000182753399713, 5.49657233933e-05, 8.16237661638e-05, 3.81399222533e-05, 4.27311460953e-05, 2.73249679594e-05, 2.30167825066e-05, 2.36791893258e-05, 1.60679810506e-05, 6.84886754243e-06, 7.98193377705e-06, 6.75582214171e-06, 5.14276644026e-06, 3.86326746593e-06, 2.3144646093e-06, 1.90199671124e-06, 1.98001157514e-06, 1.4793348555e-06, 1.19384878872e-06, 1.28994224724e-06, 1.21779498841e-06, 8.51804372815e-07, 6.30738213658e-07, 4.65587959297e-07, 4.61867131207e-07, 3.69210653162e-07, 3.34876517627e-07, 2.86014540052e-07, 2.65358067963e-07, 2.67710504431e-07, 2.99196216247e-07],
        "median": [0.000704511418007, 0.0012134402059, 0.00066774955485, 0.000266475544777, 0.000305762630887, 0.00020882289391, 0.000120351898659, 0.000111550674774, 0.000102035955933, 3.72409413103e-05, 1.53276705532e-05, 1.28257233882e-05, 7.88693705545e-06, 6.76704530633e-06, 4.23002165917e-06, 2.47938692155e-06, 1.69399470451e-06, 1.88756712305e-06, 1.10309190404e-06, 8.26953055366e-07, 7.72965620399e-07, 5.83018504585e-07, 3.53047596491e-07, 1.97632431309e-07, 1.61299936963e-07, 1.93942810256e-07, 1.14956769437e-07, 8.58038191609e-08, 6.9569701111e-08, 5.11079853993e-08, 4.65975986685e-08, 3.98655721767e-08, 2.904168106e-08, 1.89165980657e-08, 1.41242093576e-08, 9.6040633224e-09, 7.4591461896e-09, 5.66886715347e-09, 5.14434228549e-09, 3.88182597177e-09],
        "min": [1.34117334831e-23, 1.06016026795e-23, 5.18115441181e-24, 6.83641454391e-24, 7.15071013919e-24, 8.87090022911e-24, 2.8640176949e-24, 2.37097233217e-24, 6.44117787546e-24, 1.04625162467e-23, 7.43919736109e-24, 1.02330231987e-23, 1.27743212499e-23, 1.02568783525e-23, 7.01396267899e-24, 5.53473212472e-24, 1.04029895916e-23, 9.37616958321e-24, 1.86078324704e-23, 6.9399288719e-24, 7.58433356815e-24, 1.37321877155e-23, 8.76130378355e-24, 1.0689109442e-23, 7.88219482419e-24, 9.43986379042e-24, 1.47956779231e-23, 1.14957236618e-23, 7.61599450058e-24, 8.60023653051e-24, 8.45442584737e-24, 9.95070565795e-24, 1.1988396485e-23, 1.22594798576e-23, 7.68478396038e-24, 9.0747907964e-24, 1.11899138433e-23, 1.25345256786e-23, 1.27371856228e-23, 9.63498695761e-24],
        "var": [6.86738576405e-06, 3.0495262763e-05, 9.35746811592e-06, 4.44073612016e-06, 9.93066919364e-07, 1.39748351558e-06, 6.27098415862e-07, 1.29527859372e-06, 1.19359276596e-06, 2.70151758741e-07, 1.84106809797e-08, 7.96166048644e-08, 1.64319189366e-08, 2.44145663686e-08, 7.30392812898e-09, 6.6605210236e-09, 2.75458216237e-08, 1.17807310573e-08, 3.66476765601e-10, 4.85214035617e-10, 3.16234954889e-10, 1.67587096978e-10, 1.65285507503e-10, 5.33346006248e-11, 4.30884668223e-11, 4.17434073419e-11, 2.63717277182e-11, 1.45376098312e-11, 2.45932284954e-11, 6.77581532549e-11, 1.97490791082e-11, 9.93338744593e-12, 2.68042684402e-12, 2.3827378872e-12, 1.57449726e-12, 1.49670271836e-12, 9.78812408729e-13, 8.5809489939e-13, 1.02794563226e-12, 1.55390229763e-12]
    },
    "mfcc": {
        "mean": [-746.950500488, 183.511322021, 18.8181266785, 19.035654068, -0.376295566559, 1.67321312428, -5.50871562958, -0.923055708408, 1.18965828419, 1.03005504608, 1.12021815777, 2.66074037552, 1.83415329456],
        "cov": [[9566.72460938, -726.338439941, 157.251571655, 665.359191895, 210.983596802, 413.374847412, 65.2883529663, -44.1224212646, -33.4989509583, 69.6625061035, -15.8047237396, 24.1405925751, -110.648414612], [-726.338439941, 2464.9699707, 71.9170913696, -195.600036621, -169.9322052, -137.794723511, -61.0960845947, -11.1773147583, 19.9986076355, 14.5799837112, 57.1946144104, -73.1735992432, -37.1120491028], [157.251571655, 71.9170913696, 1093.38720703, 74.0316314697, 90.2218933105, 40.1689338684, 57.4724617004, 69.1797332764, -14.9587182999, 89.4472732544, 80.8257827759, 46.000667572, -4.26119375229], [665.359191895, -195.600036621, 74.0316314697, 582.424072266, 117.231712341, 60.9924468994, 53.1163673401, 27.6346092224, 59.8142585754, -8.80722522736, -22.1231021881, -15.4095602036, -9.71020412445], [210.983596802, -169.9322052, 90.2218933105, 117.231712341, 344.169799805, 186.148254395, 95.864440918, 25.7728652954, 0.524694681168, 9.65287876129, -15.2253427505, 21.8676490784, 15.7123966217], [413.374847412, -137.794723511, 40.1689338684, 60.9924468994, 186.148254395, 336.590637207, 164.960403442, 8.68228721619, -20.2517242432, 0.870425999165, -3.09328889847, 6.53681278229, -13.3859119415], [65.2883529663, -61.0960845947, 57.4724617004, 53.1163673401, 95.864440918, 164.960403442, 241.409439087, 81.9566497803, -10.776017189, -11.5559387207, 2.49942493439, -11.6462182999, -8.61227321625], [-44.1224212646, -11.1773147583, 69.1797332764, 27.6346092224, 25.7728652954, 8.68228721619, 81.9566497803, 163.810913086, 49.5415420532, 12.1772508621, -9.65583610535, -3.84153866768, 9.35352039337], [-33.4989509583, 19.9986076355, -14.9587182999, 59.8142585754, 0.524694681168, -20.2517242432, -10.776017189, 49.5415420532, 138.849121094, 20.9444065094, -19.2203788757, -13.0216016769, 2.093770504], [69.6625061035, 14.5799837112, 89.4472732544, -8.80722522736, 9.65287876129, 0.870425999165, -11.5559387207, 12.1772508621, 20.9444065094, 134.338821411, 72.8178100586, 5.74980163574, -10.6847810745], [-15.8047237396, 57.1946144104, 80.8257827759, -22.1231021881, -15.2253427505, -3.09328889847, 2.49942493439, -9.65583610535, -19.2203788757, 72.8178100586, 142.70501709, 46.1594581604, -8.24035835266], [24.1405925751, -73.1735992432, 46.000667572, -15.4095602036, 21.8676490784, 6.53681278229, -11.6462182999, -3.84153866768, -13.0216016769, 5.74980163574, 46.1594581604, 124.783699036, 55.9508209229], [-110.648414612, -37.1120491028, -4.26119375229, -9.71020412445, 15.7123966217, -13.3859119415, -8.61227321625, 9.35352039337, 2.093770504, -10.6847810745, -8.24035835266, 55.9508209229, 112.489997864]],
