{
"lowlevel": {
    "average_loudness": 0.241758391261,
    "barkbands_crest": {
        "dmean": 2.18756604195,
        "dmean2": 3.11807227135,
        "dvar": 5.10342645645,
        "dvar2": 10.8799171448,
        "max": 26.8819160461,
        "mean": 15.942908287,
        "median": 15.6670951843,
        "min": 4.22377729416,
        "var": 24.5363731384
    },
    "barkbands_flatness_db": {
        "dmean": 0.0266266930848,
        "dmean2": 0.036727566272,
        "dvar": 0.000845948175993,
        "dvar2": 0.0016378024593,
        "max": 0.704134404659,
        "mean": 0.396114170551,
        "median": 0.390003442764,
        "min": 0.0603877082467,
        "var": 0.00819618348032
    },
    "barkbands_kurtosis": {
        "dmean": 4.69233512878,
        "dmean2": 6.3819360733,
        "dvar": 104.956504822,
        "dvar2": 187.666229248,
        "max": 368.882568359,
        "mean": 9.44246578217,
        "median": 3.06843805313,
        "min": -1.9154958725,
        "var": 439.427001953
    },
    "barkbands_skewness": {
        "dmean": 0.588002979755,
        "dmean2": 0.787546277046,
        "dvar": 0.430102199316,
        "dvar2": 0.865987181664,
        "max": 17.1296043396,
        "mean": 1.22099804878,
        "median": 1.08100092411,
        "min": -6.86513900757,
        "var": 3.51620411873
    },
    "barkbands_spread": {
        "dmean": 1.27771568298,
        "dmean2": 1.78122985363,
        "dvar": 2.70096421242,
        "dvar2": 5.79461669922,
        "max": 38.7896728516,
        "mean": 5.22396039963,
        "median": 4.27613544464,
        "min": 0.0707291066647,
        "var": 16.889175415
    },
    "dissonance": {
        "dmean": 0.0555599555373,
        "dmean2": 0.0929921939969,
        "dvar": 0.00249394937418,
        "dvar2": 0.00686487043276,
        "max": 0.499999165535,
        "mean": 0.304171741009,
        "median": 0.305490195751,
        "min": 0.0447275005281,
        "var": 0.00759518984705
    },
    "dynamic_complexity": 6.11718130112,
    "erbbands_crest": {
        "dmean": 3.21717453003,
        "dmean2": 4.74701976776,
        "dvar": 9.42600345612,
        "dvar2": 20.7171058655,
        "max": 34.4365158081,
        "mean": 17.9608097076,
        "median": 17.2924461365,
        "min": 2.70482683182,
        "var": 49.2906150818
    },
    "erbbands_flatness_db": {
        "dmean": 0.0228004232049,
        "dmean2": 0.0309585314244,
        "dvar": 0.000559241569135,
        "dvar2": 0.00114585610572,
        "max": 0.639292597771,
        "mean": 0.386790245771,
        "median": 0.384865045547,
        "min": 0.0856577828526,
        "var": 0.00417450256646
    },
    "erbbands_kurtosis": {
        "dmean": 2.98981690407,
        "dmean2": 4.14257574081,
        "dvar": 29.8764724731,
        "dvar2": 55.7317886353,
        "max": 159.022644043,
        "mean": 4.85974264145,
        "median": 1.16267871857,
        "min": -1.86527884007,
        "var": 117.916969299
    },
    "erbbands_skewness": {
        "dmean": 0.536434233189,
        "dmean2": 0.716964900494,
        "dvar": 0.278739243746,
        "dvar2": 0.544527947903,
        "max": 10.8220691681,
        "mean": 0.350785762072,
        "median": 0.228503584862,
        "min": -6.16646003723,
        "var": 2.21833539009
    },
    "erbbands_spread": {
        "dmean": 2.44640660286,
        "dmean2": 3.50656223297,
        "dvar": 7.49001646042,
        "dvar2": 16.4431266785,
        "max": 55.9448928833,
        "mean": 10.9980611801,
        "median": 9.76238536835,
        "min": 0.316749274731,
        "var": 56.8154182434
    },
    "hfc": {
        "dmean": 2.45323967934,
        "dmean2": 2.88426756859,
        "dvar": 22.8834400177,
        "dvar2": 35.5036773682,
        "max": 122.335189819,
        "mean": 8.28659915924,
        "median": 4.71794700623,
        "min": 1.11138345976e-16,
        "var": 134.132110596
    },
    "melbands_crest": {
        "dmean": 2.61057329178,
        "dmean2": 3.60617518425,
        "dvar": 7.51411008835,
        "dvar2": 15.3690481186,
        "max": 34.7442245483,
        "mean": 20.8016872406,
        "median": 20.6811180115,
        "min": 1.56545257568,
        "var": 42.9154701233
    },
    "melbands_flatness_db": {
        "dmean": 0.0283246058971,
        "dmean2": 0.0386593937874,
        "dvar": 0.00114329101052,
        "dvar2": 0.00223590992391,
        "max": 0.881045043468,
        "mean": 0.497029870749,
        "median": 0.483384728432,
        "min": 0.00325650116429,
        "var": 0.0138759221882
    },
    "melbands_kurtosis": {
        "dmean": 4.69332456589,
        "dmean2": 6.54299163818,
        "dvar": 58.7935142517,
        "dvar2": 116.340332031,
        "max": 398.227783203,
        "mean": 10.9724779129,
        "median": 4.46376752853,
        "min": -1.91720211506,
        "var": 320.177764893
    },
    "melbands_skewness": {
        "dmean": 0.584289133549,
        "dmean2": 0.787619173527,
        "dvar": 0.341018468142,
        "dvar2": 0.716351270676,
        "max": 13.0581817627,
        "mean": 1.66759502888,
        "median": 1.47818851471,
        "min": -5.46722555161,
        "var": 3.84385085106
    },
    "melbands_spread": {
        "dmean": 2.09633302689,
        "dmean2": 2.9470448494,
        "dvar": 11.1613674164,
        "dvar2": 24.7209758759,
        "max": 161.194229126,
        "mean": 8.17109298706,
        "median": 5.99722099304,
        "min": 0.289571762085,
        "var": 111.468200684
    },
    "pitch_salience": {
        "dmean": 0.0546209104359,
        "dmean2": 0.0775557979941,
        "dvar": 0.00287371734157,
        "dvar2": 0.00610532192513,
        "max": 0.92895925045,
        "mean": 0.395025789738,
        "median": 0.407074451447,
        "min": 0.057189848274,
        "var": 0.016240850091
    },
    "silence_rate_20dB": {
        "dmean": 0,
        "dmean2": 0,
        "dvar": 0,
        "dvar2": 0,
        "max": 1,
        "mean": 1,
        "median": 1,
        "min": 1,
        "var": 0
    },
    "silence_rate_30dB": {
        "dmean": 0.0110297016799,
        "dmean2": 0.0220611412078,
        "dvar": 0.0109083689749,
        "dvar2": 0.0244120024145,
        "max": 1,
        "mean": 0.97770601511,
        "median": 1,
        "min": 0,
        "var": 0.0217985156924
    },
    "silence_rate_60dB": {
        "dmean": 0.0411250293255,
        "dmean2": 0.0822565406561,
        "dvar": 0.0394283570349,
        "dvar2": 0.0861934050918,
        "max": 1,
        "mean": 0.233338579535,
        "median": 0,
        "min": 0,
        "var": 0.178891703486
    },
    "spectral_centroid": {
        "dmean": 56.9632606506,
        "dmean2": 78.0788574219,
        "dvar": 11437.5078125,
        "dvar2": 20282.1777344,
        "max": 11812.4599609,
        "mean": 557.631652832,
        "median": 485.709503174,
        "min": 119.112174988,
        "var": 551187.375
    },
    "spectral_complexity": {
        "dmean": 0.966989696026,
        "dmean2": 1.60352981091,
        "dvar": 1.50826275349,
        "dvar2": 3.31773519516,
        "max": 27,
        "mean": 6.67559480667,
        "median": 6,
        "min": 0,
        "var": 15.0620346069
    },
    "spectral_decrease": {
        "dmean": 1.2693470719e-09,
        "dmean2": 1.43139544662e-09,
        "dvar": 5.84206068347e-18,
        "dvar2": 8.08129567711e-18,
        "max": 1.98678831118e-19,
        "mean": -5.56769652604e-09,
        "median": -3.13406745001e-09,
        "min": -6.62215171587e-08,
        "var": 5.02864832677e-17
    },
    "spectral_energy": {
        "dmean": 0.00500044086948,
        "dmean2": 0.00564745115116,
        "dvar": 9.0281420853e-05,
        "dvar2": 0.000125273669255,
        "max": 0.260336905718,
        "mean": 0.0217653252184,
        "median": 0.0123334527016,
        "min": 1.00154253086e-20,
        "var": 0.000765464676078
    },
    "spectral_energyband_high": {
        "dmean": 2.16496664507e-06,
        "dmean2": 3.14001226798e-06,
        "dvar": 9.18176576437e-11,
        "dvar2": 1.97906246946e-10,
        "max": 0.000236134306761,
        "mean": 3.26649137605e-06,
        "median": 3.00005922327e-07,
        "min": 6.95997279882e-21,
        "var": 1.49393719617e-10
    },
    "spectral_energyband_low": {
        "dmean": 0.000689850130584,
        "dmean2": 0.00090954056941,
        "dvar": 7.33719343771e-06,
        "dvar2": 1.11970875878e-05,
        "max": 0.115566805005,
        "mean": 0.00762459728867,
        "median": 0.00157594494522,
        "min": 1.43996492383e-23,
        "var": 0.000174393935595
    },
    "spectral_energyband_middle_high": {
        "dmean": 0.000869349692948,
        "dmean2": 0.00108935788739,
        "dvar": 5.04621766595e-06,
        "dvar2": 9.14069642022e-06,
        "max": 0.0650059580803,
        "mean": 0.00207101739943,
        "median": 0.000698891351931,
        "min": 1.12771919939e-21,
        "var": 1.74665783561e-05
    },
    "spectral_energyband_middle_low": {
        "dmean": 0.00440223747864,
        "dmean2": 0.00488092377782,
        "dvar": 7.81899216236e-05,
        "dvar2": 0.000105518076452,
        "max": 0.250630944967,
        "mean": 0.0124452197924,
        "median": 0.00516370031983,
        "min": 1.75046215385e-22,
        "var": 0.00044750815141
    },
    "spectral_entropy": {
        "dmean": 0.211198434234,
        "dmean2": 0.284242480993,
        "dvar": 0.0645920559764,
        "dvar2": 0.131259322166,
        "max": 9.82741260529,
        "mean": 5.30164051056,
        "median": 5.28566455841,
        "min": 2.86972856522,
        "var": 0.445897877216
    },
    "spectral_flux": {
        "dmean": 0.0144757842645,
        "dmean2": 0.0234916172922,
        "dvar": 0.00041931119631,
        "dvar2": 0.00104682112578,
        "max": 0.313164591789,
        "mean": 0.0349060446024,
        "median": 0.0280675813556,
        "min": 6.36798183629e-11,
        "var": 0.000940750003792
    },
    "spectral_kurtosis": {
        "dmean": 35.0669212341,
        "dmean2": 58.3698310852,
        "dvar": 1458.0168457,
        "dvar2": 4001.30249023,
        "max": 767.756958008,
        "mean": 105.162460327,
        "median": 82.4194488525,
        "min": -1.25934302807,
        "var": 7478.91162109
    },
    "spectral_rms": {
        "dmean": 0.000481160503114,
        "dmean2": 0.000541397195775,
        "dvar": 4.21053101718e-07,
        "dvar2": 5.76865772928e-07,
        "max": 0.0159369762987,
        "mean": 0.00382677838206,
        "median": 0.00346880918369,
        "min": 3.12588344965e-12,
        "var": 6.59028910377e-06
    },
    "spectral_rolloff": {
        "dmean": 97.5583496094,
        "dmean2": 171.241271973,
        "dvar": 91275.4765625,
        "dvar2": 193908.46875,
        "max": 20736.4746094,
        "mean": 707.67779541,
        "median": 645.99609375,
        "min": 129.19921875,
        "var": 1634078.75
    },
    "spectral_skewness": {
        "dmean": 1.63238227367,
        "dmean2": 2.76955318451,
        "dvar": 2.0670273304,
        "dvar2": 5.33969926834,
        "max": 22.5536403656,
        "mean": 7.1056933403,
        "median": 6.48990440369,
        "min": -0.105946615338,
        "var": 10.9892311096
    },
    "spectral_spread": {
        "dmean": 334075.59375,
        "dmean2": 568134.1875,
        "dvar": 290020491264,
        "dvar2": 442716553216,
        "max": 51358268,
        "mean": 1272044.5,
        "median": 996722,
        "min": 133885.25,
        "var": 7.38990017741e+12
    },
    "spectral_strongpeak": {
        "dmean": 0.401576608419,
        "dmean2": 0.572646081448,
        "dvar": 0.529570519924,
        "dvar2": 1.0461615324,
        "max": 11.4187450409,
        "mean": 1.26651895046,
        "median": 0.821314096451,
        "min": 0,
        "var": 1.7973742485
    },
    "zerocrossingrate": {
        "dmean": 0.00261143711396,
        "dmean2": 0.00313570280559,
        "dvar": 4.34571193182e-05,
        "dvar2": 8.16174797365e-05,
        "max": 0.5224609375,
        "mean": 0.024672858417,
        "median": 0.021484375,
        "min": 0.0048828125,
        "var": 0.00119706045371
    },
    "barkbands": {
        "dmean": [4.45326259069e-06, 8.85985064087e-05, 0.000482047500554, 0.000382524274755, 0.00143105781171, 0.00117625016719, 0.000732168322429, 0.000839170650579, 0.00106263253838, 0.000236065738136, 0.000374905415811, 0.000196606692043, 0.000197247034521, 1.45130652527e-05, 3.50884984073e-05, 1.21351231428e-05, 8.89073999133e-06, 2.31255421568e-06, 2.61933723777e-06, 7.53347364935e-07, 7.8400989878e-07, 6.64400602091e-07, 3.78588026706e-07, 9.39171087566e-08, 1.80842238962e-08, 2.62384727279e-08, 1.42797338398e-08],
        "dmean2": [6.68097754897e-06, 0.000138792718644, 0.000641419319436, 0.000468635727884, 0.00144235172775, 0.00133957562502, 0.000874193152413, 0.000983029138297, 0.00131915870588, 0.000282957858872, 0.000465345423436, 0.000253716629231, 0.000280723557808, 2.33499904425e-05, 5.63565918128e-05, 2.04947318707e-05, 1.28266374304e-05, 3.44072714142e-06, 3.43311467077e-06, 1.12257953333e-06, 1.23641905247e-06, 1.02991214135e-06, 5.51051641651e-07, 1.38589754783e-07, 3.00754763316e-08, 4.6530502118e-08, 2.64721009557e-08],
        "dvar": [2.24831597784e-10, 1.18678272543e-07, 4.11980590798e-06, 3.97348230763e-06, 1.2940862689e-05, 2.28680455621e-05, 9.66930019786e-06, 1.99384085136e-05, 8.17442560219e-06, 3.77851364419e-07, 1.74322701696e-06, 1.43995487178e-06, 1.19498406548e-06, 1.24335208795e-08, 2.70968776306e-08, 1.409318795e-08, 3.07758307727e-09, 3.19040072139e-10, 1.33953362291e-10, 3.27247985654e-11, 1.31014019078e-11, 1.89372337256e-11, 6.96720025423e-12, 5.40121875177e-13, 1.6264337018e-14, 5.16282878265e-14, 4.784589947e-14],
        "dvar2": [4.67076877175e-10, 2.09074897839e-07, 6.34151774648e-06, 4.29115425504e-06, 1.35405070978e-05, 2.57532446994e-05, 1.38944442369e-05, 2.86014528683e-05, 1.23967502077e-05, 4.68863447622e-07, 3.03391198031e-06, 2.39854011852e-06, 2.50113362199e-06, 3.43329205066e-08, 7.21940125459e-08, 3.98848563066e-08, 6.43536912648e-09, 6.44785835835e-10, 2.1640768344e-10, 7.42520767094e-11, 3.12346988551e-11, 4.4299664631e-11, 1.58825817081e-11, 1.25180486636e-12, 4.52270463918e-14, 1.4438207845e-13, 1.41316076679e-13],
        "max": [0.00036689042463, 0.0170562844723, 0.0984634384513, 0.110426366329, 0.119221664965, 0.15832477808, 0.15222671628, 0.20161177218, 0.105136662722, 0.0226121880114, 0.0580535940826, 0.0506931953132, 0.0482963062823, 0.00687395455316, 0.00867757759988, 0.00593840144575, 0.00414134608582, 0.00105159706436, 0.000603662803769, 0.000355686497642, 0.000127278733999, 0.000149616331328, 0.000130891246954, 3.14418612106e-05, 4.01835723096e-06, 7.294614079e-06, 8.3327468019e-06],
        "mean": [6.16307715973e-06, 0.00105012429412, 0.00624323543161, 0.000597234698944, 0.00347438734025, 0.00249246694148, 0.00135301484261, 0.00195329729468, 0.00245200190693, 0.000544303678907, 0.000732488231733, 0.000322386797052, 0.000418064766563, 2.33329355979e-05, 5.49638607481e-05, 1.71641004272e-05, 1.82936346391e-05, 3.7483498545e-06, 5.12370161232e-06, 1.1241734228e-06, 1.02626609078e-06, 8.16097440293e-07, 4.96049210597e-07, 1.05649455406e-07, 1.62641331514e-08, 1.87820177189e-08, 9.13496744914e-09],
        "median": [4.179410098e-07, 0.000195794156753, 0.00121763418429, 3.34713768098e-05, 0.000161800591741, 6.70475201332e-05, 0.000201201270102, 0.000116891009384, 0.000442850228865, 0.000122077821288, 6.97200739523e-05, 1.62904252647e-05, 3.66573622159e-05, 1.89079969459e-06, 8.95010998647e-06, 2.7209991913e-06, 2.34428785006e-06, 2.97265501104e-07, 3.22744796222e-07, 7.48906927583e-08, 7.90416336827e-08, 2.07988222201e-08, 1.17080674045e-08, 2.75044365061e-09, 1.19809195898e-09, 7.13667236418e-10, 3.32323168983e-10],
        "min": [2.16090103969e-24, 1.70171457309e-24, 1.17113954723e-24, 1.08010874586e-24, 7.87451526328e-24, 7.41734275857e-24, 1.10200429026e-23, 1.16513075427e-23, 9.3907343221e-24, 1.50882758992e-23, 2.21805582666e-23, 1.95600854017e-23, 2.99932867883e-23, 4.24629436458e-23, 5.64289181791e-23, 5.27390086732e-23, 8.72998032581e-23, 7.77062007325e-23, 1.37043062157e-22, 1.99644400401e-22, 2.73330509162e-22, 3.36274894615e-22, 3.63207060303e-22, 5.4268379621e-22, 9.02550882549e-22, 1.40993955249e-21, 1.99300242476e-21],
        "var": [4.14252881997e-10, 3.50049367626e-06, 0.000122029770864, 1.28168603624e-05, 7.32090775273e-05, 9.66868537944e-05, 2.91583473881e-05, 9.05045526451e-05, 4.28935272794e-05, 1.82993562703e-06, 5.94324501435e-06, 3.1632559967e-06, 4.01152328777e-06, 1.6072004172e-08, 3.90379248927e-08, 1.43877514347e-08, 7.01532432146e-09, 6.30293317538e-10, 5.32064337033e-10, 4.42462247396e-11, 1.71426501466e-11, 2.39650764511e-11, 1.05706424516e-11, 6.98399888269e-13, 1.11835784435e-14, 3.26673604346e-14, 2.52152018341e-14]
    },
    "erbbands": {
        "dmean": [0.000614731805399, 0.033437512815, 0.44508266449, 0.955894827843, 2.31581997871, 5.9339594841, 5.88973379135, 11.3470973969, 9.74663734436, 18.5344486237, 14.1465015411, 29.2102184296, 4.55477809906, 8.35168266296, 17.404088974, 11.0566539764, 10.0354118347, 1.30266654491, 1.49429285526, 1.47924208641, 0.412000864744, 0.356770783663, 0.202845364809, 0.153170451522, 0.0735009908676, 0.0340550430119, 0.0344204083085, 0.0317560695112, 0.0200495589525, 0.0146926045418, 0.00834868848324, 0.0033490289934, 0.00151867163368, 0.000279535772279, 0.000109340100607, 9.53360504354e-05, 4.72185092804e-05, 1.51406293298e-05, 4.56820635009e-06, 5.68537370782e-06],
        "dmean2": [0.000902721483726, 0.0487658455968, 0.571472704411, 1.25256276131, 2.44665503502, 5.94950866699, 6.83584403992, 12.6217041016, 11.4580688477, 22.7257022858, 16.0774154663, 35.8786392212, 5.82743358612, 9.94439506531, 21.239528656, 14.1032314301, 14.1161279678, 1.94482052326, 2.34311199188, 2.48867893219, 0.669568061829, 0.51167845726, 0.290408432484, 0.204993233085, 0.0993864014745, 0.0494297370315, 0.0528787635267, 0.0499119311571, 0.0309400875121, 0.0223594587296, 0.0122614987195, 0.00508859194815, 0.0021999264136, 0.0004498946073, 0.000184216274647, 0.000167395744938, 8.31721990835e-05, 2.71903099929e-05, 6.87234705765e-06, 6.48474906484e-06],
        "dvar": [3.45409307556e-06, 0.0202798824757, 3.81370425224, 17.5908737183, 43.4819641113, 229.874847412, 282.807128906, 2670.99755859, 1785.83129883, 10945.0869141, 2623.5246582, 6232.98974609, 123.854446411, 505.971984863, 3577.73803711, 3778.63867188, 3045.88867188, 47.4061355591, 43.4662132263, 185.425811768, 9.2171421051, 4.03672790527, 1.65740156174, 0.410608321428, 0.41954216361, 0.0464368127286, 0.0262532513589, 0.0248657800257, 0.0120016112924, 0.0119436252862, 0.00258475053124, 0.000429502601037, 0.000155670917593, 3.06646734316e-06, 7.21272613191e-07, 7.80399034284e-07, 1.57827869884e-07, 1.95469453956e-08, 1.7813831521e-09, 1.21067711412e-10],
        "dvar2": [6.17896785116e-06, 0.0310920793563, 5.36355209351, 23.5404491425, 49.9574432373, 240.498977661, 337.136627197, 2852.01660156, 2390.11132812, 17253.6933594, 2779.09277344, 9209.89648438, 196.529312134, 648.421386719, 5919.74511719, 6308.81835938, 6277.71240234, 122.354354858, 103.148269653, 534.922241211, 24.8846054077, 8.14841747284, 3.14547848701, 0.621171593666, 0.81121969223, 0.0940131098032, 0.0615546107292, 0.0593365840614, 0.0274891462177, 0.0272458139807, 0.00603838637471, 0.00103955774102, 0.000355808238965, 8.25387178338e-06, 2.0073214273e-06, 2.14315946323e-06, 4.45035681196e-07, 5.63367343887e-08, 5.22608134546e-09, 1.79231351982e-10],
        "max": [0.0850771293044, 7.48508024216, 102.868164062, 184.690750122, 221.582809448, 483.063079834, 709.731689453, 1635.63891602, 2529.69702148, 3764.53393555, 3737.69604492, 2868.65527344, 408.327362061, 837.907897949, 2911.0012207, 2616.52197266, 2463.24023438, 346.659179688, 223.094772339, 925.182495117, 143.646316528, 136.602279663, 69.9135818481, 43.7701835632, 48.3048248291, 13.1585149765, 5.8974609375, 4.97510623932, 3.69071650505, 4.35942649841, 2.12877869606, 0.54621052742, 0.558699071407, 0.049762301147, 0.0260552819818, 0.0355293639004, 0.0123490421101, 0.00482129026204, 0.00167167151812, 0.00029374047881],
        "mean": [0.00559524912387, 0.466064482927, 6.49477910995, 3.86236572266, 5.68704032898, 14.4178304672, 12.0222768784, 24.2095851898, 18.6489639282, 34.4796867371, 42.6199836731, 69.5476150513, 12.0203638077, 19.0812644958, 34.940662384, 19.367143631, 21.5254859924, 2.67638015747, 2.40552043915, 2.23522162437, 0.761655449867, 0.7373290658, 0.378500044346, 0.306168794632, 0.134338319302, 0.0563654005527, 0.0488300658762, 0.0406972132623, 0.0253387764096, 0.0195246599615, 0.0108038131148, 0.00359448604286, 0.00175101798959, 0.00028690972249, 0.000107104409835, 8.01473652245e-05, 3.90843379137e-05, 1.15938328236e-05, 1.18303751151e-05, 2.43509784923e-05],
        "median": [0.00162452575751, 0.0853201150894, 1.25283682346, 0.756054639816, 0.328091084957, 0.845881819725, 0.794215917587, 1.01376545429, 2.60701918602, 5.13919258118, 6.87759971619, 13.2238082886, 4.12066411972, 5.11562919617, 4.47978019714, 1.8621866703, 2.27382659912, 0.417314499617, 0.346077024937, 0.357694447041, 0.125250041485, 0.103300489485, 0.0646002441645, 0.0228942260146, 0.0109539609402, 0.00534182973206, 0.0044476208277, 0.00225854758173, 0.000938510347623, 0.000514565035701, 0.000374237191863, 0.000126114362502, 5.49657415831e-05, 3.13087111863e-05, 1.79847811523e-05, 1.17344798127e-05, 6.11543146078e-06, 1.13007513391e-06, 6.14052669334e-06, 1.38836148835e-05],
        "min": [1.36488574982e-22, 3.51192393172e-22, 2.46999362083e-21, 4.87659968045e-21, 1.0737649303e-20, 2.13200988436e-20, 8.11303914671e-20, 7.41610393772e-20, 1.83965963433e-19, 2.3795944121e-19, 3.45953453648e-19, 2.56229250153e-19, 6.00306063635e-19, 1.01819057466e-18, 1.08454627962e-18, 1.04609737379e-18, 1.87327436742e-18, 2.55984296124e-18, 2.44576710335e-18, 2.88451341962e-18, 3.65633104057e-18, 5.8944356919e-18, 4.57823293224e-18, 7.35130961371e-18, 8.5653353018e-18, 9.5558170837e-18, 1.13205969944e-17, 1.03045511957e-17, 1.16549839299e-17, 1.23417895109e-17, 1.02705284299e-17, 9.49316146102e-18, 8.90547445122e-18, 9.00825412387e-18, 6.60560132841e-18, 4.35058041996e-18, 2.26605591142e-18, 1.02750493855e-18, 2.41381151362e-19, 2.91789996718e-20],
        "var": [8.81007435964e-05, 0.690796792507, 132.446166992, 72.3573455811, 232.797210693, 1304.6126709, 1219.86523438, 11623.6396484, 5220.52978516, 30516.1972656, 34955.5351562, 34095.296875, 548.669677734, 2403.96118164, 12741.2939453, 8439.4140625, 10561.1494141, 87.0889129639, 84.8263244629, 179.094024658, 12.8781547546, 9.35899543762, 3.74556326866, 2.06127166748, 0.859221041203, 0.0876478105783, 0.034403629601, 0.0321367494762, 0.0167489089072, 0.0169185753912, 0.00379272922873, 0.000451917090686, 0.000207446704735, 2.49768004323e-06, 4.88518026032e-07, 5.18014417139e-07, 9.72986953229e-08, 1.15722809113e-08, 1.15531428868e-09, 9.58852663935e-10]
    },
    "gfcc": {
        "mean": [-242.396209717, 221.238021851, -108.895057678, -37.3797798157, -36.9941482544, -7.83243322372, -5.73595476151, -8.36391639709, -3.94970440865, -17.2549304962, -9.74194526672, -14.7148675919, -10.4467153549],
        "cov": [[21108.0722656, 898.555725098, -3668.70019531, 1758.31542969, -288.572143555, -787.42565918, -407.114776611, -1081.1932373, -404.988494873, -606.009216309, 175.368041992, 50.4596633911, -113.983642578], [898.555725098, 1867.40307617, 1138.7322998, 5.92493343353, 800.343017578, 41.1674041748, -31.1672458649, -82.6240539551, -136.601272583, -255.300323486, -169.615844727, -211.066833496, 10.0243272781], [-3668.70019531, 1138.7322998, 2562.47583008, -21.4796199799, 677.999084473, 350.256713867, -46.2669563293, 90.0887527466, -89.5403289795, -68.9996032715, -195.691146851, -211.612380981, -14.3367624283], [1758.31542969, 5.92493343353, -21.4796199799, 711.141357422, 186.399032593, 46.4453582764, -49.4017219543, -111.204353333, -75.1043624878, -129.791503906, -31.2073612213, -45.755771637, -23.2645111084], [-288.572143555, 800.343017578, 677.999084473, 186.399032593, 785.746704102, 158.179595947, -11.3217840195, 38.3432044983, -64.2385253906, -175.417388916, -147.107711792, -182.31036377, -23.8212032318], [-787.42565918, 41.1674041748, 350.256713867, 46.4453582764, 158.179595947, 348.521179199, 102.343414307, 3.69795441628, -29.708524704, -50.2630004883, -58.7373390198, -48.239616394, -59.9813232422], [-407.114776611, -31.1672458649, -46.2669563293, -49.4017219543, -11.3217840195, 102.343414307, 294.705993652, 122.139732361, 0.459100365639, -27.5090179443, -56.1322135925, -8.06482696533, -29.0080909729], [-1081.1932373, -82.6240539551, 90.0887527466, -111.204353333, 38.3432044983, 3.69795441628, 122.139732361, 305.64440918, 106.761070251, 22.2992897034, -47.7712860107, -75.384979248, -30.3458251953], [-404.988494873, -136.601272583, -89.5403289795, -75.1043624878, -64.2385253906, -29.708524704, 0.459100365639, 106.761070251, 179.176971436, 96.1309814453, 0.294795125723, -36.4976921082, -37.145275116], [-606.009216309, -255.300323486, -68.9996032715, -129.791503906, -175.417388916, -50.2630004883, -27.5090179443, 22.2992897034, 96.1309814453, 220.256225586, 79.497543335, 49.5230751038, 5.22991371155], [175.368041992, -169.615844727, -195.691146851, -31.2073612213, -147.107711792, -58.7373390198, -56.1322135925, -47.7712860107, 0.294795125723, 79.497543335, 192.175552368, 112.665206909, -14.5420150757], [50.4596633911, -211.066833496, -211.612380981, -45.755771637, -182.31036377, -48.239616394, -8.06482696533, -75.384979248, -36.4976921082, 49.5230751038, 112.665206909, 218.159179688, 59.2382698059], [-113.983642578, 10.0243272781, -14.3367624283, -23.2645111084, -23.8212032318, -59.9813232422, -29.0080909729, -30.3458251953, -37.145275116, 5.22991371155, -14.5420150757, 59.2382698059, 191.066299438]],
        "icov": [[0.000201761737117, -0.000453525513876, 0.000408888416132, -0.000498288602103, 0.000355008582119, 3.38268582709e-05, 0.00019285295275, 0.000154028675752, 0.000206740456633, 1.54338576976e-05, 8.44126625452e-05, 9.34879062697e-05, 0.000239999601035], [-0.000453525513876, 0.00274168211035, -0.00152871699538, 0.00176562764682, -0.00222466001287, 0.0013031878043, -0.00141850952059, 0.00127676315606, -0.00102991156746, 0.00132561801001, -0.000767001998611, 0.00056630797917, -0.000665420608129], [0.000408888416132, -0.00152871699538, 0.00169446330983, -0.00110175646842, 0.000801731192041, -0.000979316653684, 0.0012319360394, -0.000652235990856, 0.0012967021903, -0.000992292189039, 0.000779943424277, 8.26175619295e-06, 0.000529144657776], [-0.000498288602103, 0.00176562764682, -0.00110175646842, 0.0032297486905, -0.00173786084633, 0.000300879037241, -0.000662557431497, 0.000797256478108, -0.000697472307365, 0.00119142374024, -0.000531293044332, 0.000315525569022, -0.000481958937598], [0.000355008582119, -0.00222466001287, 0.000801731192041, -0.00173786084633, 0.00416175322607, -0.00148064049426, 0.00152828288265, -0.00138918531593, 0.000969397719018, 0.000114759081043, 0.000703931262251, 0.000597880745772, 0.000296027894365], [3.38268582709e-05, 0.0013031878043, -0.000979316653684, 0.000300879037241, -0.00148064049426, 0.00552094588056, -0.00268074171618, 0.00240260013379, -0.000628864683677, 0.00116661132779, -0.000135563881486, 0.000474871252663, 0.00112640403677], [0.00019285295275, -0.00141850952059, 0.0012319360394, -0.000662557431497, 0.00152828288265, -0.00268074171618, 0.00663281511515, -0.00381475291215, 0.00241698999889, -0.000906406610738, 0.00257129967213, -0.00179256906267, 0.00119751587044], [0.000154028675752, 0.00127676315606, -0.000652235990856, 0.000797256478108, -0.00138918531593, 0.00240260013379, -0.00381475291215, 0.00797821301967, -0.0042706169188, 0.00213708286174, -0.00122860935517, 0.00224674190395, -0.000336788187269], [0.000206740456633, -0.00102991156746, 0.0012967021903, -0.000697472307365, 0.000969397719018, -0.000628864683677, 0.00241698999889, -0.0042706169188, 0.0120172128081, -0.00556987663731, 0.00224293675274, 0.000873673008755, 0.00219042762183], [1.54338576976e-05, 0.00132561801001, -0.000992292189039, 0.00119142374024, 0.000114759081043, 0.00116661132779, -0.000906406610738, 0.00213708286174, -0.00556987663731, 0.0101586673409, -0.00356122502126, 0.000555371691007, -0.00121152075008], [8.44126625452e-05, -0.000767001998611, 0.000779943424277, -0.000531293044332, 0.000703931262251, -0.000135563881486, 0.00257129967213, -0.00122860935517, 0.00224293675274, -0.00356122502126, 0.0108813382685, -0.00522107305005, 0.00330533320084], [9.34879062697e-05, 0.00056630797917, 8.26175619295e-06, 0.000315525569022, 0.000597880745772, 0.000474871252663, -0.00179256906267, 0.00224674190395, 0.000873673008755, 0.000555371691007, -0.00522107305005, 0.0100238481537, -0.00297712325118], [0.000239999601035, -0.000665420608129, 0.000529144657776, -0.000481958937598, 0.000296027894365, 0.00112640403677, 0.00119751587044, -0.000336788187269, 0.00219042762183, -0.00121152075008, 0.00330533320084, -0.00297712325118, 0.00754533149302]]
    },
    "melbands": {
        "dmean": [1.31395790959e-05, 0.000165867895703, 0.000167244448676, 0.000335093151079, 0.00021870364435, 0.000242640104261, 0.000148410385009, 0.000206785305636, 0.000139077703352, 0.000159611721756, 1.87555015145e-05, 3.41828344972e-05, 5.32925441803e-05, 3.38706558978e-05, 2.61938330368e-05, 1.34565798362e-05, 1.70448060999e-06, 2.21342179429e-06, 2.15705586015e-06, 1.54991619183e-06, 3.76780548095e-07, 4.22696189162e-07, 3.63760165101e-07, 9.26828178649e-08, 1.44642157807e-07, 6.08159282933e-08, 3.16683461676e-08, 2.28764474031e-08, 2.26457466113e-08, 2.22906191283e-08, 1.86961877091e-08, 1.23085932557e-08, 1.18822924833e-08, 7.49319806204e-09, 5.00685004567e-09, 4.46087522477e-09, 1.32281940957e-09, 1.49306744746e-09, 3.20435206147e-10, 1.87270893237e-10],
        "dmean2": [2.06049298868e-05, 0.000217381428229, 0.000213935447391, 0.000325249129673, 0.000248543015914, 0.000271820317721, 0.000174997156137, 0.000253057660302, 0.000162830052432, 0.000196807901375, 2.44823586399e-05, 4.02401565225e-05, 6.74201655784e-05, 4.14643109252e-05, 3.60537633242e-05, 1.89300899365e-05, 2.69305519396e-06, 3.50567779606e-06, 3.43147758031e-06, 2.66711072072e-06, 5.85369832606e-07, 6.05281456956e-07, 5.27718498233e-07, 1.41324534297e-07, 1.93417875494e-07, 8.44327345817e-08, 4.63528770922e-08, 3.37796564054e-08, 3.53163827072e-08, 3.53982585466e-08, 2.97321420817e-08, 1.90363618202e-08, 1.88343243224e-08, 1.11559810279e-08, 7.33603533476e-09, 6.93430024512e-09, 1.99996064154e-09, 2.14047979341e-09, 5.25097909598e-10, 3.12399744962e-10],
        "dvar": [2.25511831431e-09, 5.22588322838e-07, 5.18711033237e-07, 8.10739720691e-07, 3.41613173305e-07, 1.17935815069e-06, 3.78996304562e-07, 1.36846540499e-06, 1.57449321136e-07, 1.93909485802e-07, 2.63537303091e-09, 9.45362010896e-09, 3.63867620479e-08, 2.04578149976e-08, 1.4303499718e-08, 5.4038404862e-09, 1.68639019416e-10, 1.03777174354e-10, 1.4556622574e-10, 2.39337022423e-10, 8.49767912287e-12, 9.15758961717e-12, 3.43783508605e-12, 3.43221761775e-13, 4.08277036311e-13, 1.75396589613e-13, 1.5801254619e-13, 1.55521212228e-14, 1.58622437017e-14, 1.35912501143e-14, 1.19823432182e-14, 5.0903313174e-15, 1.49949717492e-14, 4.55530168572e-15, 1.3343198845e-15, 1.34283965952e-15, 1.08695549279e-16, 2.01659036514e-16, 3.87965739825e-18, 1.73442569096e-18],
        "dvar2": [4.12053280385e-09, 7.52875394028e-07, 6.63007995172e-07, 7.72355008394e-07, 4.08507446537e-07, 1.30997329961e-06, 5.14468126767e-07, 2.13810403693e-06, 1.86533100077e-07, 2.88562745254e-07, 4.15342515936e-09, 1.15859268845e-08, 6.6666295595e-08, 3.29038769564e-08, 2.86201586874e-08, 1.12031308674e-08, 4.67174798846e-10, 2.46114434388e-10, 3.96922827939e-10, 6.90678625404e-10, 1.95688344001e-11, 1.87080958364e-11, 6.61468102514e-12, 7.12520374733e-13, 5.85246478016e-13, 3.27887375454e-13, 3.53333844388e-13, 3.09644786211e-14, 3.73282439301e-14, 3.14294522753e-14, 2.97474345775e-14, 1.24353923426e-14, 3.34199559845e-14, 1.03523672246e-14, 3.0568457684e-15, 3.29441161681e-15, 2.56572341303e-16, 4.59325426747e-16, 1.04474664988e-17, 4.79617972081e-18],
        "max": [0.00230147782713, 0.0375760272145, 0.0367409400642, 0.034159515053, 0.0190913733095, 0.037034638226, 0.0338282808661, 0.0471844933927, 0.0290899649262, 0.0155090661719, 0.00183280883357, 0.00372649612837, 0.00789721962065, 0.00543795200065, 0.00441947905347, 0.0032169634942, 0.000786285789218, 0.000356733886292, 0.000742758333217, 0.000945154577494, 0.000199368718313, 0.000223281153012, 0.000116023853479, 3.23509666487e-05, 4.62510761281e-05, 2.96734615404e-05, 3.01851796394e-05, 4.48733044323e-06, 5.9183207668e-06, 4.29957299275e-06, 4.23525898441e-06, 2.4353266781e-06, 6.30435442872e-06, 3.71550186173e-06, 1.7497409317e-06, 1.14874580959e-06, 3.82083271688e-07, 6.51155346532e-07, 6.91513051265e-08, 4.78008992388e-08],
        "mean": [0.000143015757203, 0.00236979871988, 0.000699882162735, 0.00085376703646, 0.000462700729258, 0.000514756946359, 0.000278256164165, 0.000389659224311, 0.000405135331675, 0.000370568974176, 4.51210835308e-05, 7.47795784264e-05, 0.000104635000753, 6.16262259427e-05, 5.00711284985e-05, 2.94815326924e-05, 2.83365170617e-06, 3.39053190146e-06, 3.45165130966e-06, 2.175148893e-06, 7.57364716719e-07, 8.60363456923e-07, 6.42613144919e-07, 1.46713645677e-07, 2.82375907545e-07, 1.06467929584e-07, 4.8723293844e-08, 3.63258507718e-08, 3.09207628391e-08, 2.92939095203e-08, 2.26168541673e-08, 1.47931222827e-08, 1.44726026718e-08, 1.03408499541e-08, 6.90236445777e-09, 4.38153069382e-09, 1.43773526418e-09, 1.70823255541e-09, 3.25325960615e-10, 1.65791505524e-10],
        "median": [3.06506299239e-05, 0.000452075270005, 0.000146533973748, 3.41382910847e-05, 3.59680489055e-05, 1.62499945873e-05, 3.54763942596e-05, 4.908279152e-05, 7.11629108991e-05, 7.08064326318e-05, 9.23446896195e-06, 1.55820525833e-05, 1.15004058898e-05, 4.01594297728e-06, 4.37581729784e-06, 2.66047072728e-06, 2.11401555816e-07, 3.61267069593e-07, 5.38474296263e-07, 3.07376012643e-07, 5.47872858192e-08, 7.74898580858e-08, 1.0545407747e-07, 6.8756524918e-09, 1.42121834301e-08, 7.42476613524e-09, 2.90459700736e-09, 2.35334418619e-09, 2.35862929188e-09, 1.18749143851e-09, 6.57210730282e-10, 3.80228737384e-10, 1.89981114174e-10, 1.93993890396e-10, 2.00674726836e-10, 7.597315832e-11, 3.45319259298e-11, 2.35605840393e-11, 1.75622710819e-11, 1.16708847447e-11],
        "min": [1.38131812479e-24, 1.47652347947e-24, 1.4598206317e-24, 2.36649791312e-24, 2.62558941667e-24, 1.61131624095e-24, 3.04277752032e-24, 3.50636957786e-24, 2.30083017314e-24, 1.5962870602e-24, 2.58551607155e-24, 3.8941377057e-24, 3.29671697331e-24, 2.96908726215e-24, 3.25452119792e-24, 2.61504372688e-24, 3.83575134909e-24, 2.9459136842e-24, 4.0712121298e-24, 3.96013854219e-24, 3.80301322709e-24, 4.98733365398e-24, 3.39810827938e-24, 4.41798828399e-24, 5.73343869256e-24, 5.5814429455e-24, 5.35581492154e-24, 4.85197853327e-24, 6.16322510209e-24, 5.64107846335e-24, 5.13678335247e-24, 5.16050873862e-24, 4.81357678441e-24, 6.8476439789e-24, 5.10532239628e-24, 6.17747745206e-24, 4.92630461333e-24, 5.82233740013e-24, 5.87022638467e-24, 6.91180124746e-24],
        "var": [6.32943439882e-08, 1.77008405444e-05, 2.31298281506e-06, 5.13249233336e-06, 1.37858171456e-06, 4.94472760693e-06, 1.10867506464e-06, 3.84867280445e-06, 2.19296180148e-06, 9.91081151369e-07, 1.13714211381e-08, 4.55851534298e-08, 1.17567431346e-07, 5.34904600613e-08, 4.17812913156e-08, 1.89247391091e-08, 2.07201825142e-10, 2.02754590894e-10, 1.73863479169e-10, 2.34103347818e-10, 1.67655923866e-11, 2.06318191698e-11, 8.25014015438e-12, 6.63767814584e-13, 2.1661355435e-12, 3.78485572961e-13, 2.24281829003e-13, 3.31197336266e-14, 2.00392952015e-14, 1.88354852006e-14, 1.34315725453e-14, 6.20408689293e-15, 2.13268513499e-14, 6.87903959124e-15, 2.2303478644e-15, 1.24247694906e-15, 1.31485294979e-16, 2.68123620772e-16, 3.33003248395e-18, 1.22500971604e-18]
    },
    "mfcc": {
        "mean": [-857.391357422, 218.859909058, 17.9843463898, -11.4756383896, -8.1626958847, -2.39271593094, 0.0917976945639, 7.48815488815, 6.16644382477, 1.29214918613, 1.72809910774, 3.38490128517, -0.474778652191],
        "cov": [[8387.34277344, 3411.22705078, -2045.01855469, 25.7362861633, 151.608352661, 162.168258667, -258.263702393, -274.147888184, -568.159240723, -531.704101562, -278.887969971, -87.3124771118, -124.796104431], [3411.22705078, 2607.69360352, -109.989204407, 37.0693969727, 436.648986816, 202.638259888, 58.4636955261, -26.6100139618, -120.626655579, -226.312301636, -185.935058594, -97.7849578857, -137.573944092], [-2045.01855469, -109.989204407, 1457.9979248, 403.906951904, 298.225189209, 231.460968018, 246.788253784, 154.889450073, 199.676696777, 158.883682251, 31.1280574799, -44.5331764221, -75.3733673096], [25.7362861633, 37.0693969727, 403.906951904, 599.218811035, 341.883178711, 174.716873169, 102.135284424, 41.2078285217, 32.8858261108, 54.8499794006, 7.23160266876, -49.9779205322, -73.8894271851], [151.608352661, 436.648986816, 298.225189209, 341.883178711, 538.972595215, 225.978668213, 93.7709503174, 52.6823120117, 19.7451381683, 15.8531236649, -29.1459980011, -59.7324714661, -85.2223739624], [162.168258667, 202.638259888, 231.460968018, 174.716873169, 225.978668213, 316.389282227, 150.629440308, 53.3067207336, -6.86476230621, -47.2841720581, -31.2555198669, -36.58411026, -41.439617157], [-258.263702393, 58.4636955261, 246.788253784, 102.135284424, 93.7709503174, 150.629440308, 227.680038452, 149.2759552, 65.5602798462, 2.40414166451, -24.6166248322, -23.4044361115, -13.0221319199], [-274.147888184, -26.6100139618, 154.889450073, 41.2078285217, 52.6823120117, 53.3067207336, 149.2759552, 231.683547974, 118.613723755, 20.6500091553, -3.66211652756, -25.9441623688, -1.46547305584], [-568.159240723, -120.626655579, 199.676696777, 32.8858261108, 19.7451381683, -6.86476230621, 65.5602798462, 118.613723755, 270.168640137, 114.433357239, -19.8981933594, -19.4495925903, -44.2298622131], [-531.704101562, -226.312301636, 158.883682251, 54.8499794006, 15.8531236649, -47.2841720581, 2.40414166451, 20.6500091553, 114.433357239, 257.228912354, 107.942329407, -28.1230258942, -42.0803527832], [-278.887969971, -185.935058594, 31.1280574799, 7.23160266876, -29.1459980011, -31.2555198669, -24.6166248322, -3.66211652756, -19.8981933594, 107.942329407, 194.207794189, 73.6088180542, 22.5646362305], [-87.3124771118, -97.7849578857, -44.5331764221, -49.9779205322, -59.7324714661, -36.58411026, -23.4044361115, -25.9441623688, -19.4495925903, -28.1230258942, 73.6088180542, 174.354049683, 99.805480957], [-124.796104431, -137.573944092, -75.3733673096, -73.8894271851, -85.2223739624, -41.439617157, -13.0221319199, -1.46547305584, -44.2298622131, -42.0803527832, 22.5646362305, 99.805480957, 189.862976074]],
