{
"lowlevel": {
    "average_loudness": 0.342077046633,
    "barkbands_crest": {
        "dmean": 3.00358510017,
        "dmean2": 4.91216039658,
        "dvar": 6.98525381088,
        "dvar2": 18.49243927,
        "max": 26.7152919769,
        "mean": 15.0688991547,
        "median": 14.0786628723,
        "min": 2.89723205566,
        "var": 29.456401825
    },
    "barkbands_flatness_db": {
        "dmean": 0.0314312279224,
        "dmean2": 0.0503683574498,
        "dvar": 0.000816604995634,
        "dvar2": 0.0022296749521,
        "max": 0.757739841938,
        "mean": 0.367350429296,
        "median": 0.362858891487,
        "min": 0.0205487739295,
        "var": 0.00739294942468
    },
    "barkbands_kurtosis": {
        "dmean": 27.278678894,
        "dmean2": 47.6848526001,
        "dvar": 23979.4570312,
        "dvar2": 76324.7109375,
        "max": 3211.15991211,
        "mean": 36.0137939453,
        "median": 1.72732996941,
        "min": -1.93716430664,
        "var": 38954.1796875
    },
    "barkbands_skewness": {
        "dmean": 1.05284380913,
        "dmean2": 1.70533585548,
        "dvar": 2.86655664444,
        "dvar2": 8.6169128418,
        "max": 37.0225524902,
        "mean": 1.41536605358,
        "median": 0.496480613947,
        "min": -8.40936851501,
        "var": 15.7706375122
    },
    "barkbands_spread": {
        "dmean": 1.89791274071,
        "dmean2": 3.05989336967,
        "dvar": 4.79595041275,
        "dvar2": 12.5405073166,
        "max": 79.1572570801,
        "mean": 6.51948595047,
        "median": 5.33564567566,
        "min": 0.0141888605431,
        "var": 28.8580532074
    },
    "dissonance": {
        "dmean": 0.058800034225,
        "dmean2": 0.100266911089,
        "dvar": 0.00282805669121,
        "dvar2": 0.00794061459601,
        "max": 0.5,
        "mean": 0.345476806164,
        "median": 0.350639909506,
        "min": 0.0765751153231,
        "var": 0.00834969431162
    },
    "dynamic_complexity": 6.26360034943,
    "erbbands_crest": {
        "dmean": 3.48206400871,
        "dmean2": 5.55795526505,
        "dvar": 9.88346385956,
        "dvar2": 24.2148246765,
        "max": 33.6330070496,
        "mean": 17.9072036743,
        "median": 17.4002017975,
        "min": 2.63137817383,
        "var": 41.1992340088
    },
    "erbbands_flatness_db": {
        "dmean": 0.0232074446976,
        "dmean2": 0.0349280759692,
        "dvar": 0.000479216774693,
        "dvar2": 0.00113387207966,
        "max": 0.598022758961,
        "mean": 0.354556709528,
        "median": 0.362039983273,
        "min": 0.0464100763202,
        "var": 0.00732155703008
    },
    "erbbands_kurtosis": {
        "dmean": 4.89251232147,
        "dmean2": 7.8990240097,
        "dvar": 107.91179657,
        "dvar2": 303.459228516,
        "max": 253.725189209,
        "mean": 8.312541008,
        "median": 3.52729725838,
        "min": -1.74025535583,
        "var": 238.576599121
    },
    "erbbands_skewness": {
        "dmean": 0.672077953815,
        "dmean2": 1.05780494213,
        "dvar": 0.485724002123,
        "dvar2": 1.30222630501,
        "max": 12.194565773,
        "mean": 0.224221989512,
        "median": 0.135817721486,
        "min": -7.47352313995,
        "var": 2.71887779236
    },
    "erbbands_spread": {
        "dmean": 2.81058120728,
        "dmean2": 4.47405052185,
        "dvar": 12.6734905243,
        "dvar2": 32.9041748047,
        "max": 89.8579101562,
        "mean": 9.55318164825,
        "median": 6.24873065948,
        "min": 0.268892109394,
        "var": 82.6789474487
    },
    "hfc": {
        "dmean": 4.18657398224,
        "dmean2": 6.09536409378,
        "dvar": 67.1393737793,
        "dvar2": 137.629180908,
        "max": 256.72845459,
        "mean": 11.8029766083,
        "median": 5.92080831528,
        "min": 1.17961050783e-16,
        "var": 298.889892578
    },
    "melbands_crest": {
        "dmean": 3.4034538269,
        "dmean2": 5.51920557022,
        "dvar": 8.22376537323,
        "dvar2": 21.3264636993,
        "max": 39.2797927856,
        "mean": 17.7535686493,
        "median": 17.1538772583,
        "min": 2.09577512741,
        "var": 34.9998588562
    },
    "melbands_flatness_db": {
        "dmean": 0.0333192497492,
        "dmean2": 0.0532265752554,
        "dvar": 0.000933608098421,
        "dvar2": 0.00247958721593,
        "max": 0.948835790157,
        "mean": 0.472149938345,
        "median": 0.463185548782,
        "min": 0.00782076176256,
        "var": 0.0105943121016
    },
    "melbands_kurtosis": {
        "dmean": 8.08752727509,
        "dmean2": 13.3017473221,
        "dvar": 631.116027832,
        "dvar2": 1566.64575195,
        "max": 1310.95397949,
        "mean": 12.216588974,
        "median": 1.87704086304,
        "min": -1.93441724777,
        "var": 1604.81835938
    },
    "melbands_skewness": {
        "dmean": 0.844384074211,
        "dmean2": 1.34300720692,
        "dvar": 0.795148849487,
        "dvar2": 2.04815173149,
        "max": 29.6472244263,
        "mean": 1.3387619257,
        "median": 0.81589448452,
        "min": -5.89063596725,
        "var": 5.44493341446
    },
    "melbands_spread": {
        "dmean": 2.75798630714,
        "dmean2": 4.49469470978,
        "dvar": 11.603802681,
        "dvar2": 30.1752986908,
        "max": 111.095024109,
        "mean": 9.22649288177,
        "median": 7.66272354126,
        "min": 0.0651457980275,
        "var": 52.7877578735
    },
    "pitch_salience": {
        "dmean": 0.066384986043,
        "dmean2": 0.107926405966,
        "dvar": 0.00352004379965,
        "dvar2": 0.00914598815143,
        "max": 0.915025055408,
        "mean": 0.384264618158,
        "median": 0.405948638916,
        "min": 0.00725928042084,
        "var": 0.0171991419047
    },
    "silence_rate_20dB": {
        "dmean": 0.00114014255814,
        "dmean2": 0.00228050164878,
        "dvar": 0.00113870203495,
        "dvar2": 0.00246532377787,
        "max": 1,
        "mean": 0.997244894505,
        "median": 1,
        "min": 0,
        "var": 0.00274752615951
    },
    "silence_rate_30dB": {
        "dmean": 0.0186223275959,
        "dmean2": 0.0372481942177,
        "dvar": 0.0182761661708,
        "dvar2": 0.0400365367532,
        "max": 1,
        "mean": 0.964088916779,
        "median": 1,
        "min": 0,
        "var": 0.0346207357943
    },
    "silence_rate_60dB": {
        "dmean": 0.0239429920912,
        "dmean2": 0.0478905364871,
        "dvar": 0.0233740918338,
        "dvar2": 0.052436105907,
        "max": 1,
        "mean": 0.127493828535,
        "median": 0,
        "min": 0,
        "var": 0.111227877438
    },
    "spectral_centroid": {
        "dmean": 64.9607620239,
        "dmean2": 100.87084198,
        "dvar": 10870.7724609,
        "dvar2": 15957.7255859,
        "max": 10745.2978516,
        "mean": 578.074768066,
        "median": 569.596435547,
        "min": 69.5915908813,
        "var": 69323.015625
    },
    "spectral_complexity": {
        "dmean": 1.08085513115,
        "dmean2": 1.77194988728,
        "dvar": 1.45996928215,
        "dvar2": 2.9754281044,
        "max": 30,
        "mean": 6.81588459015,
        "median": 7,
        "min": 0,
        "var": 14.4052371979
    },
    "spectral_decrease": {
        "dmean": 2.87497203821e-09,
        "dmean2": 4.36631086842e-09,
        "dvar": 2.69684983735e-17,
        "dvar2": 6.54552320052e-17,
        "max": 9.59234103685e-19,
        "mean": -7.2967907272e-09,
        "median": -4.41956782282e-09,
        "min": -2.67528150744e-07,
        "var": 1.08828321693e-16
    },
    "spectral_energy": {
        "dmean": 0.01118354965,
        "dmean2": 0.0169552415609,
        "dvar": 0.000399553246098,
        "dvar2": 0.00096337555442,
        "max": 1.01676082611,
        "mean": 0.0286102965474,
        "median": 0.0174420084804,
        "min": 1.09686524138e-20,
        "var": 0.00163253641222
    },
    "spectral_energyband_high": {
        "dmean": 2.29658849094e-06,
        "dmean2": 3.23576182382e-06,
        "dvar": 1.35968264425e-10,
        "dvar2": 2.97426694384e-10,
        "max": 0.000476778543089,
        "mean": 4.77825960843e-06,
        "median": 6.50015977044e-07,
        "min": 7.61661122573e-21,
        "var": 3.30665134163e-10
    },
    "spectral_energyband_low": {
        "dmean": 0.00752829201519,
        "dmean2": 0.0120098181069,
        "dvar": 0.000322195759509,
        "dvar2": 0.000842572422698,
        "max": 0.983675599098,
        "mean": 0.0130927860737,
        "median": 0.00406778696924,
        "min": 1.56060699979e-23,
        "var": 0.00102498626802
    },
    "spectral_energyband_middle_high": {
        "dmean": 0.00300717586651,
        "dmean2": 0.00458671152592,
        "dvar": 4.91561295348e-05,
        "dvar2": 0.000114814109111,
        "max": 0.17404602468,
        "mean": 0.00584459770471,
        "median": 0.000815345498268,
        "min": 1.94322881049e-21,
        "var": 0.000143851124449
    },
    "spectral_energyband_middle_low": {
        "dmean": 0.00336437951773,
        "dmean2": 0.00443578884006,
        "dvar": 5.64888759982e-05,
        "dvar2": 9.23506886465e-05,
        "max": 0.272212862968,
        "mean": 0.0104776481166,
        "median": 0.00505717284977,
        "min": 3.7239687333e-22,
        "var": 0.000291888834909
    },
    "spectral_entropy": {
        "dmean": 0.196029558778,
        "dmean2": 0.295087665319,
        "dvar": 0.0395156592131,
        "dvar2": 0.0929324477911,
        "max": 9.80896186829,
        "mean": 5.67501878738,
        "median": 5.6402721405,
        "min": 3.24084806442,
        "var": 0.446075856686
    },
    "spectral_flux": {
        "dmean": 0.0236997250468,
        "dmean2": 0.039521664381,
        "dvar": 0.000745978788473,
        "dvar2": 0.00193701602984,
        "max": 0.648401081562,
        "mean": 0.061739616096,
        "median": 0.0539928078651,
        "min": 1.04731334716e-10,
        "var": 0.00191403320059
    },
    "spectral_kurtosis": {
        "dmean": 22.4311275482,
        "dmean2": 37.8793411255,
        "dvar": 797.261108398,
        "dvar2": 2249.59521484,
        "max": 679.709838867,
        "mean": 70.3912277222,
        "median": 43.839138031,
        "min": -1.16885674,
        "var": 4768.11767578
    },
    "spectral_rms": {
        "dmean": 0.00094974017702,
        "dmean2": 0.00144814874511,
        "dvar": 1.04029822978e-06,
        "dvar2": 2.59736157204e-06,
        "max": 0.0314954258502,
        "mean": 0.00449249520898,
        "median": 0.00412511732429,
        "min": 3.27125739691e-12,
        "var": 7.72995372245e-06
    },
    "spectral_rolloff": {
        "dmean": 101.579833984,
        "dmean2": 186.761779785,
        "dvar": 103363.03125,
        "dvar2": 260529.59375,
        "max": 19789.0136719,
        "mean": 630.688842773,
        "median": 602.9296875,
        "min": 43.06640625,
        "var": 408441.65625
    },
    "spectral_skewness": {
        "dmean": 1.13460111618,
        "dmean2": 1.95112681389,
        "dvar": 1.28699278831,
        "dvar2": 3.62478590012,
        "max": 23.4532814026,
        "mean": 5.6738910675,
        "median": 4.78659248352,
        "min": 0.00481927813962,
        "var": 9.21146202087
    },
    "spectral_spread": {
        "dmean": 311074.5,
        "dmean2": 539179.375,
        "dvar": 174567817216,
        "dvar2": 347012464640,
        "max": 39762196,
        "mean": 1550432,
        "median": 1336802,
        "min": 191235.96875,
        "var": 1.16631666688e+12
    },
    "spectral_strongpeak": {
        "dmean": 0.687392294407,
        "dmean2": 1.13074505329,
        "dvar": 1.25564205647,
        "dvar2": 3.11810326576,
        "max": 14.3246765137,
        "mean": 1.51605284214,
        "median": 0.622199833393,
        "min": 0,
        "var": 3.50895261765
    },
    "zerocrossingrate": {
        "dmean": 0.00281551550142,
        "dmean2": 0.00371333165094,
        "dvar": 3.64662519132e-05,
        "dvar2": 8.09177436167e-05,
        "max": 0.50830078125,
        "mean": 0.0238121766597,
        "median": 0.0224609375,
        "min": 0.0009765625,
        "var": 0.000690186338034
    },
    "barkbands": {
        "dmean": [0.000280697917333, 0.006692096591, 0.00117708242033, 0.00024220054911, 0.000240335735725, 0.000444257515483, 0.00121951848269, 0.00143748091068, 0.000511438003741, 0.000941004604101, 0.00197196332738, 0.000510490615852, 4.23508208769e-05, 5.68727919017e-05, 3.02871867461e-05, 4.3626750994e-06, 2.28793305723e-05, 5.89784622207e-06, 1.438023628e-05, 1.73477974386e-06, 1.13869293727e-06, 3.10037563622e-07, 3.12066674724e-07, 1.50685906419e-07, 1.32646874818e-07, 5.48880763063e-08, 2.94684898705e-08],
        "dmean2": [0.000378838798497, 0.0107934866101, 0.00190682825632, 0.000397315219743, 0.000328354479279, 0.00061411462957, 0.00156601658091, 0.00189179298468, 0.00066141836578, 0.0014360784553, 0.00298510747962, 0.000842437963001, 6.31150542176e-05, 8.33290978335e-05, 4.32978304161e-05, 6.49162348054e-06, 3.18712445733e-05, 7.32795251679e-06, 2.18424102059e-05, 2.46032618634e-06, 1.67696293829e-06, 4.81728136492e-07, 4.38015234749e-07, 2.25333607773e-07, 1.71587672071e-07, 8.49842010098e-08, 5.24994270279e-08],
        "dvar": [3.61434672413e-06, 0.000264177157078, 1.57713730005e-05, 5.77919138323e-07, 1.10159589894e-06, 1.7344399339e-06, 2.62250778178e-05, 1.38523246278e-05, 3.99228883907e-06, 6.93043466526e-06, 2.77030212601e-05, 6.08055279372e-06, 5.07840063335e-08, 1.70741188299e-07, 2.43633326846e-08, 7.16249226596e-10, 9.61909485397e-09, 1.85791648732e-09, 1.19053522596e-08, 9.27088544822e-11, 4.06094151362e-11, 2.31226171023e-12, 2.67490673708e-12, 1.57395158105e-12, 8.41524278646e-13, 2.07294833967e-13, 1.6217855238e-13],
        "dvar2": [5.71731334276e-06, 0.000701740151271, 4.10325519624e-05, 1.45767842241e-06, 2.37758945332e-06, 3.60337912753e-06, 3.65253144992e-05, 2.92004424409e-05, 6.03587068326e-06, 1.55730322149e-05, 5.94622142671e-05, 1.79741073225e-05, 1.25830780462e-07, 3.82533528409e-07, 4.88767035733e-08, 1.48923295917e-09, 1.83417512289e-08, 2.24660445802e-09, 2.8237435501e-08, 1.9666950013e-10, 9.02540750469e-11, 5.45389081119e-12, 5.18772264729e-12, 3.77761840906e-12, 1.50433149011e-12, 4.83417830505e-13, 4.40454747327e-13],
        "max": [0.11900023371, 0.929380476475, 0.190477445722, 0.0347255580127, 0.0368025563657, 0.0472906716168, 0.244314149022, 0.11940266937, 0.0721413269639, 0.0841179266572, 0.160013318062, 0.0567435622215, 0.0077988053672, 0.0225449129939, 0.00585067505017, 0.00117195525672, 0.00355781661347, 0.00278805173002, 0.00440157111734, 0.000427101826062, 0.0001937445777, 4.07468505728e-05, 7.55310684326e-05, 4.03943413403e-05, 3.27613161062e-05, 1.82273124665e-05, 1.46515203596e-05],
        "mean": [0.000582176086027, 0.0104903168976, 0.00181633257307, 0.000347649911419, 0.000487687124405, 0.00096569780726, 0.00255645182915, 0.00368866254576, 0.00152447761502, 0.00165072793607, 0.00346548832022, 0.000712173932698, 6.56452320982e-05, 9.99532057904e-05, 6.21883955318e-05, 7.88344459579e-06, 4.62051975774e-05, 1.16931005323e-05, 2.20569818339e-05, 3.1586168916e-06, 1.98574980459e-06, 5.8246109802e-07, 5.90687989188e-07, 2.22305644115e-07, 2.30158505587e-07, 6.54639578102e-08, 2.15560227446e-08],
        "median": [3.75367089873e-05, 0.00251030176878, 0.000447662547231, 5.9708225308e-05, 0.000103480771941, 0.000244475377258, 0.000540010281838, 0.000480315182358, 0.000115048511361, 0.000124972662888, 0.00019547730335, 2.29853867495e-05, 2.59840498984e-06, 2.13000566873e-06, 6.28178304396e-06, 8.20376442334e-07, 2.15531281356e-06, 1.19308492685e-06, 9.39053734328e-07, 3.71313348069e-07, 2.03271667942e-07, 9.82741710231e-08, 6.69930955155e-08, 1.83099082562e-08, 4.77353800932e-09, 3.01677705039e-09, 8.60039706119e-10],
        "min": [5.2982675185e-24, 7.67889195828e-24, 5.61235169906e-24, 5.95322835696e-24, 4.05286598616e-23, 7.7709980954e-23, 7.289670512e-23, 6.98747683187e-23, 8.48606958263e-23, 5.82205159582e-23, 8.84455827022e-23, 3.08176779887e-23, 7.43366981273e-23, 2.14228444298e-22, 3.41342991454e-22, 2.26812782598e-22, 1.5865870924e-22, 2.43188752441e-22, 3.70485229854e-22, 4.19827760034e-22, 4.75378587674e-22, 5.84841431753e-22, 5.529299003e-22, 8.93563472298e-22, 1.02988277666e-21, 1.45726595615e-21, 2.45609351302e-21],
        "var": [1.50809619299e-05, 0.000778465415351, 2.59936241491e-05, 9.76917363005e-07, 2.29552938436e-06, 5.08678112965e-06, 9.12240939215e-05, 6.75821502227e-05, 2.7028245313e-05, 2.01445218408e-05, 8.46753755468e-05, 8.75261866895e-06, 9.80666143846e-08, 4.7396522973e-07, 7.25772650867e-08, 2.02638639202e-09, 3.89486558561e-08, 6.24187856957e-09, 2.35655264191e-08, 1.99879598983e-10, 8.20653822675e-11, 4.10574135454e-12, 5.88689383699e-12, 1.77713345342e-12, 1.91385514207e-12, 2.53846910939e-13, 1.23735846872e-13]
    },
    "erbbands": {
        "dmean": [0.200426533818, 1.49048519135, 1.64380395412, 0.997992396355, 0.789214849472, 0.650482654572, 2.06928920746, 3.48713517189, 11.9512691498, 22.5208797455, 32.4211120605, 11.6713790894, 28.0751152039, 62.6832237244, 55.681312561, 12.9223651886, 2.170337677, 2.94960689545, 1.56836044788, 1.13943898678, 0.50908190012, 1.13889527321, 0.479273200035, 0.998961448669, 0.173825666308, 0.0554234646261, 0.0618835762143, 0.0288979001343, 0.012858283706, 0.011778621003, 0.00766990985721, 0.00420480407774, 0.00229154899716, 0.00181152287405, 0.00049853179371, 0.000311851181323, 8.54061363498e-05, 1.99412716029e-05, 9.29393536353e-06, 1.26487029775e-05],
        "dmean2": [0.309631079435, 2.45618963242, 2.71088027954, 1.60740351677, 1.1479370594, 0.909917891026, 2.84664440155, 4.82197856903, 15.3646669388, 29.9797687531, 41.7660369873, 14.8989925385, 41.8639640808, 94.6797409058, 87.8511581421, 20.065246582, 3.18612074852, 4.37587833405, 2.22973108292, 1.64380323887, 0.789003551006, 1.41892659664, 0.580941617489, 1.52319359779, 0.246453046799, 0.0771873146296, 0.093154065311, 0.0404012203217, 0.0193187836558, 0.0170974154025, 0.0107154827565, 0.00614694692194, 0.00326289865188, 0.00246844370849, 0.000696030154359, 0.000481041875901, 0.000131559136207, 3.26792105625e-05, 1.52055054059e-05, 1.92229163076e-05],
        "dvar": [0.39479675889, 10.7678537369, 21.9832630157, 13.3205137253, 9.56344604492, 10.8813066483, 83.0220870972, 100.753501892, 1829.00146484, 5781.08447266, 5833.81591797, 1986.39050293, 8306.12011719, 34639.8984375, 40888.3710938, 2905.57446289, 82.8237380981, 340.21105957, 53.4335021973, 46.4383659363, 3.59279346466, 29.8596000671, 9.85304355621, 60.4824409485, 0.698203384876, 0.0845358222723, 0.142258003354, 0.0367516614497, 0.00397889129817, 0.00546948798001, 0.00156845420133, 0.000811040343251, 0.000334637064952, 0.00016125998809, 1.93052128452e-05, 5.98080941927e-06, 5.65401933272e-07, 4.94797980366e-08, 3.86299259247e-09, 5.07512087911e-10],
        "dvar2": [0.940278589725, 30.0657691956, 58.4081993103, 35.6613388062, 20.778717041, 24.2306041718, 154.615402222, 216.707305908, 2588.33911133, 10014.9277344, 9776.15234375, 2975.60766602, 18449.65625, 74899.7109375, 107957.296875, 7110.86523438, 196.059036255, 763.993347168, 102.04309082, 105.43523407, 9.30656909943, 40.723197937, 11.987821579, 144.883789062, 1.38102948666, 0.16582788527, 0.325955331326, 0.0629175379872, 0.00885775778443, 0.0109617272392, 0.00314705166966, 0.0018731628079, 0.000774920277763, 0.000311890966259, 3.6653222196e-05, 1.37983961395e-05, 1.3256268403e-06, 1.21131705555e-07, 1.01958832488e-08, 1.21895982197e-09],
        "max": [43.5860404968, 141.211334229, 175.708328247, 203.729766846, 116.462623596, 124.19733429, 478.297821045, 373.88961792, 1900.66430664, 3113.51635742, 2535.42895508, 2061.73974609, 3235.85717773, 5702.41210938, 5145.35400391, 1973.37976074, 323.834899902, 968.320800781, 313.542266846, 366.949157715, 83.2087783813, 187.128265381, 200.620391846, 315.903717041, 26.4326190948, 11.088388443, 13.2079162598, 12.5336732864, 1.56044876575, 3.95148038864, 1.20824813843, 0.81993663311, 0.631833016872, 0.445688456297, 0.136903375387, 0.068496324122, 0.0325062125921, 0.0138999922201, 0.0023431754671, 0.00109767937101],
        "mean": [0.338234513998, 2.1746673584, 2.65097928047, 1.61957609653, 1.41851580143, 1.25725674629, 4.32312345505, 7.42645215988, 25.8739757538, 51.6007728577, 90.9749603271, 33.5472183228, 50.3766555786, 113.662719727, 87.7730102539, 21.328874588, 3.94036388397, 5.37601995468, 3.1893491745, 2.28182864189, 0.937668204308, 2.54228210449, 1.00323748589, 1.51807773113, 0.327976256609, 0.11020732671, 0.106428138912, 0.0531160384417, 0.024909151718, 0.0212803184986, 0.0162735059857, 0.00675808219239, 0.00379753950983, 0.00306825642474, 0.000828860327601, 0.000415332993725, 9.96592716547e-05, 1.91492599697e-05, 1.69576778717e-05, 3.22518826579e-05],
        "median": [0.0557609498501, 0.540579199791, 0.87189489603, 0.424036026001, 0.275486797094, 0.261101543903, 0.721571803093, 1.72115111351, 6.29297351837, 10.8182868958, 13.9095954895, 5.56186151505, 5.01751613617, 8.81700706482, 3.80429577827, 1.53731644154, 0.376041412354, 0.223004326224, 0.33254930377, 0.282367706299, 0.149354249239, 0.124189451337, 0.113905869424, 0.0667495280504, 0.0358647927642, 0.0181543026119, 0.0109762344509, 0.00598402414471, 0.00383013486862, 0.00278952671215, 0.00179110909812, 0.000607640016824, 0.000263900321443, 9.78335810942e-05, 3.84887243854e-05, 2.39168075495e-05, 1.25776241475e-05, 2.43236286224e-06, 8.69197538123e-06, 1.95794418687e-05],
        "min": [3.27466536856e-22, 1.32051135202e-21, 6.18044271709e-21, 1.07676992237e-20, 4.25599030066e-20, 1.65146958263e-19, 2.14848144142e-19, 9.23766977163e-19, 1.03744361701e-18, 1.29277379939e-18, 1.58876828407e-18, 2.30350527288e-18, 1.45034271049e-18, 2.6283659828e-18, 3.57588441727e-18, 2.01531761542e-18, 3.47832011838e-18, 9.88966552457e-18, 1.61329485098e-17, 1.52098066744e-17, 8.84408937796e-18, 9.60784095397e-18, 1.33266183405e-17, 1.7687253968e-17, 1.82742726159e-17, 1.89196769801e-17, 1.74327354566e-17, 2.05810890927e-17, 2.33791929508e-17, 2.08061202697e-17, 1.48556492951e-17, 1.68956801721e-17, 1.57578237564e-17, 1.12230343499e-17, 8.03831289094e-18, 6.15061476838e-18, 2.32100758746e-18, 1.04742303411e-18, 3.47595174519e-19, 3.95304186366e-20],
        "var": [1.79318451881, 21.767786026, 43.6829452515, 17.0891990662, 21.1949882507, 19.7189922333, 247.208633423, 284.71673584, 6504.12402344, 20141.4550781, 40144.5234375, 9473.97558594, 24080.03125, 106285.976562, 75668.4921875, 6163.36279297, 187.305908203, 956.627868652, 195.460693359, 107.987129211, 7.63654947281, 158.327285767, 33.3751564026, 118.34387207, 1.75063848495, 0.195602193475, 0.258385360241, 0.0989163815975, 0.00839858222753, 0.0123957842588, 0.00488941231743, 0.00110998621676, 0.000446027028374, 0.000315399345709, 3.31518349412e-05, 8.17439922685e-06, 6.38055837499e-07, 5.20374570101e-08, 3.56326346207e-09, 2.03107752839e-09]
    },
    "gfcc": {
        "mean": [-208.499176025, 206.33001709, -100.298568726, -15.4067621231, -38.9846343994, -4.39884519577, 3.2889778614, 13.8823690414, 8.50940990448, -8.4651517868, 1.69274997711, -4.70155191422, -3.85115528107],
        "cov": [[17733.2851562, 654.82220459, -3086.26245117, 20.5153255463, -572.930236816, 445.971313477, 378.536743164, 114.987792969, -396.821685791, -615.326660156, 119.319465637, -127.391151428, 122.043930054], [654.82220459, 1727.15515137, 284.351287842, -677.507141113, 261.946350098, -312.072753906, -51.3220252991, -173.394866943, 73.6164550781, -227.480621338, -75.8401260376, -36.045375824, 101.589263916], [-3086.26245117, 284.351287842, 1621.04553223, 497.806945801, 375.118560791, 24.2949752808, 48.4644432068, -5.87507677078, 179.704269409, 156.375320435, -31.9722213745, -29.1502437592, -28.9941425323], [20.5153255463, -677.507141113, 497.806945801, 1318.68786621, 236.80696106, 207.382263184, 199.983963013, 101.395820618, 130.937240601, 167.549163818, 36.5865325928, -53.2672729492, -23.0011348724], [-572.930236816, 261.946350098, 375.118560791, 236.80696106, 449.744384766, 40.6625671387, 81.306388855, 2.02150988579, 49.5586242676, 8.68404865265, -22.6100616455, -23.4062728882, 5.44037628174], [445.971313477, -312.072753906, 24.2949752808, 207.382263184, 40.6625671387, 352.510559082, 155.42805481, 76.5835494995, -66.1015472412, 17.0194416046, 36.5807342529, 3.20336151123, -25.4350414276], [378.536743164, -51.3220252991, 48.4644432068, 199.983963013, 81.306388855, 155.42805481, 304.518066406, 111.148445129, 69.0138397217, 2.09094786644, 16.5187206268, -9.63930034637, 5.828769207], [114.987792969, -173.394866943, -5.87507677078, 101.395820618, 2.02150988579, 76.5835494995, 111.148445129, 180.635025024, 81.5945968628, 20.216381073, -9.13780403137, -3.90258264542, -8.78596305847], [-396.821685791, 73.6164550781, 179.704269409, 130.937240601, 49.5586242676, -66.1015472412, 69.0138397217, 81.5945968628, 292.513671875, 128.539886475, -8.6828250885, -58.3631057739, -17.5063858032], [-615.326660156, -227.480621338, 156.375320435, 167.549163818, 8.68404865265, 17.0194416046, 2.09094786644, 20.216381073, 128.539886475, 234.040756226, 69.3471755981, -45.5720214844, -79.5955657959], [119.319465637, -75.8401260376, -31.9722213745, 36.5865325928, -22.6100616455, 36.5807342529, 16.5187206268, -9.13780403137, -8.6828250885, 69.3471755981, 126.984901428, 37.0227012634, -29.4646320343], [-127.391151428, -36.045375824, -29.1502437592, -53.2672729492, -23.4062728882, 3.20336151123, -9.63930034637, -3.90258264542, -58.3631057739, -45.5720214844, 37.0227012634, 135.240234375, 73.1572799683], [122.043930054, 101.589263916, -28.9941425323, -23.0011348724, 5.44037628174, -25.4350414276, 5.828769207, -8.78596305847, -17.5063858032, -79.5955657959, -29.4646320343, 73.1572799683, 174.611953735]],
        "icov": [[0.000181296898518, -0.000469313468784, 0.000454373919638, -0.00041779235471, 0.000346691027516, -0.000383222912205, 7.07053040969e-05, -0.000303141423501, 0.000223038179683, 2.42535020334e-06, -0.00010106289119, 0.000156560519827, 2.33253722399e-05], [-0.000469313468784, 0.0034234423656, -0.00178956496529, 0.00239732372575, -0.00221633538604, 0.00189601478633, -0.000694814778399, 0.00242122844793, -0.00234885374084, 0.00319577078335, -0.00199148850515, 0.00177793181501, -0.00101451296359], [0.000454373919638, -0.00178956496529, 0.00223390921019, -0.0016170127783, 0.000617884041276, -0.00130823242944, 0.000393180613173, -0.000792942068074, 0.000654405739624, -0.00139976409264, 0.0011187964119, -0.000884400855284, 0.000605546869338], [-0.00041779235471, 0.00239732372575, -0.0016170127783, 0.00285024358891, -0.00188000884373, 0.00103865459096, -0.000780123984441, 0.00142579234671, -0.00149327446707, 0.00124517281074, -0.0012458228739, 0.00133338640444, -0.00103912898339], [0.000346691027516, -0.00221633538604, 0.000617884041276, -0.00188000884373, 0.00450686970726, -0.00134429091122, -0.000213913081097, -0.000964871782344, 0.00126347574405, -0.0013228271855, 0.00132573372684, -0.000663539976813, 0.000549837073777], [-0.000383222912205, 0.00189601478633, -0.00130823242944, 0.00103865459096, -0.00134429091122, 0.00642190454528, -0.00276864483021, -0.000502464128658, 0.0019846286159, -6.45721229375e-05, -0.00107589724939, 0.000958060089033, -0.000284593959805], [7.07053040969e-05, -0.000694814778399, 0.000393180613173, -0.000780123984441, -0.000213913081097, -0.00276864483021, 0.00639836490154, -0.00253392988816, -0.0016552087618, 0.0015333351912, -0.00159857445396, 0.000511225662194, -0.000371297617676], [-0.000303141423501, 0.00242122844793, -0.000792942068074, 0.00142579234671, -0.000964871782344, -0.000502464128658, -0.00253392988816, 0.011004537344, -0.00494065880775, 0.00269324844703, 0.000962172984146, -0.00122144911438, 0.000860992935486], [0.000223038179683, -0.00234885374084, 0.000654405739624, -0.00149327446707, 0.00126347574405, 0.0019846286159, -0.0016552087618, -0.00494065880775, 0.00993485655636, -0.00728132389486, 0.0027419612743, 0.000646319240332, -0.000952169881202], [2.42535020334e-06, 0.00319577078335, -0.00139976409264, 0.00124517281074, -0.0013228271855, -6.45721229375e-05, 0.0015333351912, 0.00269324844703, -0.00728132389486, 0.0151714747772, -0.00913518387824, 0.00509701110423, 0.00069552619243], [-0.00010106289119, -0.00199148850515, 0.0011187964119, -0.0012458228739, 0.00132573372684, -0.00107589724939, -0.00159857445396, 0.000962172984146, 0.0027419612743, -0.00913518387824, 0.0171743370593, -0.00955795869231, 0.00416796235368], [0.000156560519827, 0.00177793181501, -0.000884400855284, 0.00133338640444, -0.000663539976813, 0.000958060089033, 0.000511225662194, -0.00122144911438, 0.000646319240332, 0.00509701110423, -0.00955795869231, 0.0167662277818, -0.00728249968961], [2.33253722399e-05, -0.00101451296359, 0.000605546869338, -0.00103912898339, 0.000549837073777, -0.000284593959805, -0.000371297617676, 0.000860992935486, -0.000952169881202, 0.00069552619243, 0.00416796235368, -0.00728249968961, 0.0102377813309]]
    },
    "melbands": {
        "dmean": [0.00186742260121, 0.00122238218319, 0.000161248928634, 5.17470034538e-05, 5.93585064053e-05, 9.45067731664e-05, 0.000207257806323, 0.000256883475231, 0.000261037115706, 6.3100749685e-05, 0.000138006740599, 0.000233312777709, 0.000192104940652, 8.59603096615e-05, 8.74594570632e-06, 4.92894150739e-06, 6.19932552581e-06, 2.74732383332e-06, 2.67568657364e-06, 6.23880282546e-07, 7.52575715524e-07, 1.50256687448e-06, 4.11530436395e-07, 3.15766243375e-07, 1.01400769381e-06, 1.31899255962e-07, 8.29102830835e-08, 2.78129004272e-08, 4.27970086037e-08, 3.59895686586e-08, 1.07397033489e-08, 7.33217975224e-09, 6.29453200673e-09, 6.88072088195e-09, 4.7829593619e-09, 3.01847191686e-09, 2.51631337989e-09, 1.34096556081e-09, 2.46157250139e-09, 1.21894538907e-09],
        "dmean2": [0.00295491609722, 0.00202477071434, 0.00025578570785, 7.3033515946e-05, 8.08865224826e-05, 0.000129272186314, 0.000264721020358, 0.000344823260093, 0.000335219636327, 8.14945451566e-05, 0.000206316122785, 0.000352176197339, 0.000295383710181, 0.000138764473377, 1.23806275951e-05, 7.56901090426e-06, 9.12398536457e-06, 3.91489083995e-06, 3.90192872146e-06, 8.78106561686e-07, 1.2325648413e-06, 2.00028853214e-06, 4.39106685235e-07, 4.04974656476e-07, 1.55789985001e-06, 1.85204257264e-07, 1.12256159923e-07, 4.15197902726e-08, 6.35866470589e-08, 5.71972513796e-08, 1.35097417697e-08, 1.15868976636e-08, 9.70207381101e-09, 1.00826254013e-08, 6.7068968157e-09, 4.53567405856e-09, 3.76986886153e-09, 2.04355310451e-09, 3.26905125192e-09, 1.74230885275e-09],
        "dvar": [2.46131894528e-05, 7.92281753093e-06, 3.11168633971e-07, 6.36452384128e-08, 6.6420788869e-08, 6.89101824491e-08, 6.87761769314e-07, 6.4982037884e-07, 4.09939445944e-07, 8.04669753052e-08, 2.13726607967e-07, 4.80180005979e-07, 3.09944141463e-07, 1.42911019907e-07, 2.50502019128e-09, 8.70243155315e-10, 1.81634363106e-09, 2.50127751844e-10, 2.14318410241e-10, 1.59216858447e-11, 1.02418915363e-11, 4.59193447155e-11, 4.73988426633e-12, 4.62968812592e-12, 6.71991698398e-11, 7.04238967489e-13, 1.57368543652e-13, 3.96772424757e-14, 1.13018237347e-13, 4.60244737016e-14, 9.26124733407e-15, 1.311853712e-15, 1.14589179379e-15, 2.06300972941e-15, 7.08107473685e-16, 2.27660406896e-16, 3.6829426651e-16, 1.82913390063e-16, 2.85715039249e-16, 7.97937130921e-17],
        "dvar2": [6.21441868134e-05, 2.2320809876e-05, 8.19331489765e-07, 1.40322953257e-07, 1.21233497907e-07, 1.45122129425e-07, 9.43458871916e-07, 1.27839837205e-06, 6.74780551435e-07, 1.1960715085e-07, 4.74707832154e-07, 1.04468085738e-06, 7.60722855375e-07, 3.98515084044e-07, 5.12745801373e-09, 2.19690665659e-09, 4.07155331672e-09, 5.27628440938e-10, 4.49461162733e-10, 3.50709461472e-11, 2.85612731382e-11, 7.5503700514e-11, 5.1257249313e-12, 5.80130344804e-12, 1.61221008765e-10, 1.16306974902e-12, 2.69673010051e-13, 9.5074040871e-14, 2.61803111742e-13, 1.25479216861e-13, 1.22275524802e-14, 3.27452095387e-15, 2.50777423628e-15, 4.06199308537e-15, 1.4266193707e-15, 4.93060525575e-16, 8.65193968918e-16, 4.37347912851e-16, 5.05040271366e-16, 1.72179934139e-16],
        "max": [0.31401258707, 0.07094822824, 0.0306156929582, 0.00993891712278, 0.0133367087692, 0.0094503229484, 0.0394253283739, 0.0275254268199, 0.022708594799, 0.0139212850481, 0.0160712003708, 0.0209877733141, 0.0132153257728, 0.00857566669583, 0.00238345284015, 0.00108180462848, 0.00227951747365, 0.000820651883259, 0.000525654759258, 0.000218291053898, 0.000158481270773, 0.000208531113458, 0.000110375724034, 0.000137055088999, 0.000335016171448, 3.64788938896e-05, 1.27503035401e-05, 1.14422537081e-05, 1.53917571879e-05, 6.16788656771e-06, 7.35912590244e-06, 1.17086278806e-06, 9.58364807957e-07, 2.59212583842e-06, 8.83937673279e-07, 4.28177486356e-07, 5.26264500422e-07, 4.75378385545e-07, 7.8690089822e-07, 2.25938620702e-07],
        "mean": [0.00302225048654, 0.00195268087555, 0.00027873009094, 9.25696658669e-05, 0.000124554499052, 0.000200902926736, 0.000445238285465, 0.000601222272962, 0.00074819161091, 0.000170161947608, 0.000235626866925, 0.000418560317485, 0.000327585788909, 0.000125854916405, 1.6398005755e-05, 7.31871205062e-06, 1.09446300485e-05, 5.17736725669e-06, 5.1931674534e-06, 1.20287756999e-06, 1.15507805276e-06, 3.14577732752e-06, 9.47924092998e-07, 6.16286286004e-07, 1.48651270138e-06, 2.1133128314e-07, 1.65196524904e-07, 4.96970109509e-08, 7.15634627113e-08, 5.79862344807e-08, 1.98632221782e-08, 1.31304052076e-08, 1.15004343826e-08, 1.12144125097e-08, 1.0243195625e-08, 5.50586953807e-09, 3.48209971968e-09, 1.85132065234e-09, 4.4708254876e-09, 1.85177373435e-09],
        "median": [0.00063210510416, 0.000666359323077, 7.7579250501e-05, 1.61965181178e-05, 1.9686853193e-05, 4.3884247134e-05, 0.000102944555692, 0.000112977795652, 9.88161045825e-05, 2.05759388336e-05, 1.44846217154e-05, 2.39284472627e-05, 1.68682872754e-05, 2.5120416467e-06, 8.86267059741e-07, 2.33274221273e-07, 2.55605073107e-07, 3.30301418217e-07, 4.91639923439e-07, 1.02364921872e-07, 1.4335699916e-07, 1.18591160003e-07, 6.56989911363e-08, 6.42719797384e-08, 4.1504101489e-08, 2.18805880081e-08, 1.67022484732e-08, 6.66724453424e-09, 6.17297857275e-09, 5.10168440826e-09, 2.05430339406e-09, 2.13270245908e-09, 1.63885793825e-09, 1.35849120841e-09, 1.04689634739e-09, 6.37176089668e-10, 2.09645578675e-10, 1.58414198426e-10, 1.14180845334e-10, 5.25582459499e-11],
        "min": [2.3859015248e-24, 2.71613625188e-24, 3.16529728245e-24, 6.1815203642e-24, 8.92320407371e-24, 1.89056148403e-23, 1.59030871727e-23, 1.32261681547e-23, 1.4416653924e-23, 1.33793964969e-23, 6.38593118525e-24, 9.81786858126e-24, 1.10355321865e-23, 6.06185765906e-24, 7.39268612212e-24, 9.41603861336e-24, 1.86085250902e-23, 2.38095071265e-23, 2.39237341855e-23, 2.07534000262e-23, 7.08460201761e-24, 9.42244258619e-24, 1.02465103536e-23, 1.26707067366e-23, 1.45125541665e-23, 1.48434292514e-23, 1.15363081888e-23, 1.31019265064e-23, 1.1054125638e-23, 8.49666146023e-24, 1.35302992772e-23, 1.26197013571e-23, 1.15718171848e-23, 1.09681476879e-23, 8.324711871e-24, 8.58361365351e-24, 1.1104753942e-23, 1.14815754415e-23, 9.31055055539e-24, 9.73637215001e-24],
        "var": [8.78161445144e-05, 1.53802484419e-05, 4.37890861349e-07, 1.16304512687e-07, 2.00342370249e-07, 2.02937968652e-07, 2.43986050918e-06, 2.30583941629e-06, 3.08215885525e-06, 3.30556929384e-07, 6.10069037066e-07, 1.45703518228e-06, 7.32138005333e-07, 2.428637913e-07, 6.48544773441e-09, 1.63717994717e-09, 5.0193689205e-09, 7.86577081247e-10, 5.05641140069e-10, 4.34813261785e-11, 1.57587241867e-11, 2.15677239956e-10, 2.10198941586e-11, 1.51774339624e-11, 1.30077629223e-10, 1.66670811267e-12, 4.08563130159e-13, 7.96775839751e-14, 2.06052378935e-13, 8.56761764399e-14, 2.70152535731e-14, 2.55672659964e-15, 2.17131602073e-15, 4.35795105582e-15, 2.41481300559e-15, 4.36959998231e-16, 4.47245148732e-16, 1.9529173103e-16, 7.9087476873e-16, 1.13990477963e-16]
    },
    "mfcc": {
        "mean": [-840.940795898, 215.568588257, 20.0888404846, 4.29542827606, -6.72987890244, -9.52694129944, 3.98843121529, 18.5594234467, 14.485452652, 10.0576534271, 7.43647146225, 6.30345916748, 11.369559288],
        "cov": [[8840.20605469, 2831.82910156, -2295.21191406, -412.659240723, -572.569091797, -326.749206543, 63.0620918274, 378.64730835, -118.487693787, -212.396987915, -157.297271729, -118.751403809, -37.4479408264], [2831.82910156, 2214.09204102, -359.094604492, -348.323883057, -132.273605347, -215.063919067, -101.770500183, 68.977897644, 23.1259326935, -100.688766479, -143.685043335, -109.184074402, -33.4405479431], [-2295.21191406, -359.094604492, 1288.3026123, 338.476593018, 250.334625244, 198.420730591, -3.26386618614, -109.018981934, 72.0686721802, 116.92363739, 102.347496033, 53.2869300842, -16.0708236694], [-412.659240723, -348.323883057, 338.476593018, 722.991088867, 335.031463623, 181.914016724, 122.501998901, 54.6392288208, 104.039085388, 145.335540771, 121.855392456, 53.2280464172, -24.5971374512], [-572.569091797, -132.273605347, 250.334625244, 335.031463623, 397.823394775, 178.729125977, 72.2712783813, 3.63879013062, 33.8499984741, 79.7954940796, 87.0261764526, 25.4373130798, -41.6427154541], [-326.749206543, -215.063919067, 198.420730591, 181.914016724, 178.729125977, 253.303253174, 144.237945557, 17.5610466003, 6.1761136055, 56.4063606262, 83.4448394775, 42.4175643921, -5.18888044357], [63.0620918274, -101.770500183, -3.26386618614, 122.501998901, 72.2712783813, 144.237945557, 231.170593262, 135.288131714, 24.6268558502, 27.3271713257, 26.8595333099, 12.7108325958, 37.1527671814], [378.64730835, 68.977897644, -109.018981934, 54.6392288208, 3.63879013062, 17.5610466003, 135.288131714, 235.786605835, 104.957588196, -2.73971533775, -39.9899787903, -19.3698005676, 48.7885971069], [-118.487693787, 23.1259326935, 72.0686721802, 104.039085388, 33.8499984741, 6.1761136055, 24.6268558502, 104.957588196, 220.237319946, 113.387184143, 13.3476028442, 24.4006175995, 3.39821624756], [-212.396987915, -100.688766479, 116.92363739, 145.335540771, 79.7954940796, 56.4063606262, 27.3271713257, -2.73971533775, 113.387184143, 216.776123047, 166.162002563, 70.1989593506, -8.38561534882], [-157.297271729, -143.685043335, 102.347496033, 121.855392456, 87.0261764526, 83.4448394775, 26.8595333099, -39.9899787903, 13.3476028442, 166.162002563, 270.544067383, 131.999008179, 3.96781611443], [-118.751403809, -109.184074402, 53.2869300842, 53.2280464172, 25.4373130798, 42.4175643921, 12.7108325958, -19.3698005676, 24.4006175995, 70.1989593506, 131.999008179, 164.707275391, 77.5278091431], [-37.4479408264, -33.4405479431, -16.0708236694, -24.5971374512, -41.6427154541, -5.18888044357, 37.1527671814, 48.7885971069, 3.39821624756, -8.38561534882, 3.96781611443, 77.5278091431, 181.501724243]],
