{
"lowlevel": {
    "average_loudness": 0.00974252168089,
    "barkbands_crest": {
        "dmean": 2.34874987602,
        "dmean2": 3.83326625824,
        "dvar": 4.67408275604,
        "dvar2": 12.0205469131,
        "max": 26.6254653931,
        "mean": 11.379119873,
        "median": 9.6638469696,
        "min": 2.7887840271,
        "var": 32.2797737122
    },
    "barkbands_flatness_db": {
        "dmean": 0.0201179459691,
        "dmean2": 0.031899843365,
        "dvar": 0.000417450355599,
        "dvar2": 0.00104911543895,
        "max": 0.600892007351,
        "mean": 0.237802803516,
        "median": 0.219366878271,
        "min": 0.02283016406,
        "var": 0.00980326440185
    },
    "barkbands_kurtosis": {
        "dmean": 5.10257196426,
        "dmean2": 8.22964000702,
        "dvar": 1508.66821289,
        "dvar2": 4319.84570312,
        "max": 2504.47949219,
        "mean": 9.31683540344,
        "median": 1.03654503822,
        "min": -1.94160842896,
        "var": 1704.31872559
    },
    "barkbands_skewness": {
        "dmean": 0.538590431213,
        "dmean2": 0.846240639687,
        "dvar": 0.759413897991,
        "dvar2": 2.01499342918,
        "max": 45.9821662903,
        "mean": 1.45847785473,
        "median": 0.941025137901,
        "min": -4.26571273804,
        "var": 4.55096721649
    },
    "barkbands_spread": {
        "dmean": 2.87404561043,
        "dmean2": 4.62813520432,
        "dvar": 8.97541809082,
        "dvar2": 22.3954334259,
        "max": 78.0253601074,
        "mean": 13.5487947464,
        "median": 12.8218393326,
        "min": 0.12794315815,
        "var": 71.8314208984
    },
    "dissonance": {
        "dmean": 0.0324087627232,
        "dmean2": 0.0557680651546,
        "dvar": 0.00098213669844,
        "dvar2": 0.0027107836213,
        "max": 0.500000059605,
        "mean": 0.436803042889,
        "median": 0.448176622391,
        "min": 0.0318720340729,
        "var": 0.00227914913557
    },
    "dynamic_complexity": 5.95401239395,
    "erbbands_crest": {
        "dmean": 2.38369655609,
        "dmean2": 3.80875849724,
        "dvar": 5.25750589371,
        "dvar2": 12.3952684402,
        "max": 32.1982803345,
        "mean": 10.9662399292,
        "median": 9.41715812683,
        "min": 2.16413021088,
        "var": 29.313457489
    },
    "erbbands_flatness_db": {
        "dmean": 0.0169394724071,
        "dmean2": 0.0256410464644,
        "dvar": 0.000283797591692,
        "dvar2": 0.000623887754045,
        "max": 0.531757175922,
        "mean": 0.245812803507,
        "median": 0.233818039298,
        "min": 0.026010973379,
        "var": 0.00528188236058
    },
    "erbbands_kurtosis": {
        "dmean": 1.37991857529,
        "dmean2": 2.19886565208,
        "dvar": 12.645980835,
        "dvar2": 31.5869178772,
        "max": 98.4637298584,
        "mean": 1.36430108547,
        "median": 0.103439211845,
        "min": -1.79499697685,
        "var": 27.4866580963
    },
    "erbbands_skewness": {
        "dmean": 0.37494084239,
        "dmean2": 0.591049790382,
        "dvar": 0.161102741957,
        "dvar2": 0.397499293089,
        "max": 5.74332952499,
        "mean": 0.337569445372,
        "median": 0.303926020861,
        "min": -8.02214622498,
        "var": 0.898601770401
    },
    "erbbands_spread": {
        "dmean": 4.64164876938,
        "dmean2": 7.30107164383,
        "dvar": 24.2919578552,
        "dvar2": 59.9110412598,
        "max": 116.059616089,
        "mean": 23.1476612091,
        "median": 21.8618736267,
        "min": 0.64402282238,
        "var": 137.151275635
    },
    "hfc": {
        "dmean": 2.49579977989,
        "dmean2": 3.78399515152,
        "dvar": 27.2717723846,
        "dvar2": 55.730052948,
        "max": 195.250946045,
        "mean": 10.6726760864,
        "median": 6.33502006531,
        "min": 1.18888101874e-16,
        "var": 194.646484375
    },
    "melbands_crest": {
        "dmean": 2.80091452599,
        "dmean2": 4.70447969437,
        "dvar": 6.97250175476,
        "dvar2": 19.1092605591,
        "max": 39.8253707886,
        "mean": 13.3692235947,
        "median": 12.4461393356,
        "min": 2.27755427361,
        "var": 25.2025642395
    },
    "melbands_flatness_db": {
        "dmean": 0.0224733799696,
        "dmean2": 0.0360195636749,
        "dvar": 0.000493161496706,
        "dvar2": 0.00124770042021,
        "max": 0.768586993217,
        "mean": 0.331535190344,
        "median": 0.303793877363,
        "min": 0.0113138956949,
        "var": 0.0148560982198
    },
    "melbands_kurtosis": {
        "dmean": 6.90032863617,
        "dmean2": 10.9347753525,
        "dvar": 1261.14904785,
        "dvar2": 3132.61279297,
        "max": 2019.81030273,
        "mean": 14.7254686356,
        "median": 3.25881361961,
        "min": -1.9501645565,
        "var": 2308.68994141
    },
    "melbands_skewness": {
        "dmean": 0.597332715988,
        "dmean2": 0.951466619968,
        "dvar": 0.709142744541,
        "dvar2": 1.7801579237,
        "max": 37.1630744934,
        "mean": 2.05851387978,
        "median": 1.549087286,
        "min": -2.7405796051,
        "var": 4.36532640457
    },
    "melbands_spread": {
        "dmean": 3.73285079002,
        "dmean2": 6.003074646,
        "dvar": 18.0621681213,
        "dvar2": 43.9336013794,
        "max": 135.372299194,
        "mean": 17.0411281586,
        "median": 15.1354141235,
        "min": 0.132610499859,
        "var": 146.746109009
    },
    "pitch_salience": {
        "dmean": 0.0667213201523,
        "dmean2": 0.110576808453,
        "dvar": 0.00330504891463,
        "dvar2": 0.00893150828779,
        "max": 0.921007335186,
        "mean": 0.497532337904,
        "median": 0.516205728054,
        "min": 0.0144949210808,
        "var": 0.0211596786976
    },
    "silence_rate_20dB": {
        "dmean": 0.0109589044005,
        "dmean2": 0.0219196286052,
        "dvar": 0.010839455761,
        "dvar2": 0.0254220999777,
        "max": 1,
        "mean": 0.95965462923,
        "median": 1,
        "min": 0,
        "var": 0.0387132540345
    },
    "silence_rate_30dB": {
        "dmean": 0.0102947279811,
        "dmean2": 0.0205911658704,
        "dvar": 0.0101893134415,
        "dvar2": 0.0234903283417,
        "max": 1,
        "mean": 0.909430503845,
        "median": 1,
        "min": 0,
        "var": 0.0823584645987
    },
    "silence_rate_60dB": {
        "dmean": 0.0195931922644,
        "dmean2": 0.0391896367073,
        "dvar": 0.0192071348429,
        "dvar2": 0.0464480817318,
        "max": 1,
        "mean": 0.118213512003,
        "median": 0,
        "min": 0,
        "var": 0.104241579771
    },
    "spectral_centroid": {
        "dmean": 125.674064636,
        "dmean2": 202.684448242,
        "dvar": 25165.9394531,
        "dvar2": 52761.8515625,
        "max": 10790.3857422,
        "mean": 857.119140625,
        "median": 779.789672852,
        "min": 112.737335205,
        "var": 203828.109375
    },
    "spectral_complexity": {
        "dmean": 1.61793279648,
        "dmean2": 2.76685476303,
        "dvar": 2.13753771782,
        "dvar2": 5.79935073853,
        "max": 28,
        "mean": 11.9184789658,
        "median": 12,
        "min": 0,
        "var": 25.5070400238
    },
    "spectral_decrease": {
        "dmean": 3.13504089355e-09,
        "dmean2": 4.95994889604e-09,
        "dvar": 9.28455908368e-17,
        "dvar2": 2.32864603793e-16,
        "max": -1.58516778663e-29,
        "mean": -1.14689120423e-08,
        "median": -2.91916557593e-09,
        "min": -2.70823647952e-07,
        "var": 7.83839683647e-16
    },
    "spectral_energy": {
        "dmean": 0.0120252193883,
        "dmean2": 0.019012125209,
        "dvar": 0.00134608452208,
        "dvar2": 0.00337431533262,
        "max": 1.02973306179,
        "mean": 0.0442542172968,
        "median": 0.0116323493421,
        "min": 1.08433232419e-20,
        "var": 0.0113663952798
    },
    "spectral_energyband_high": {
        "dmean": 1.09827251435e-05,
        "dmean2": 1.74471733771e-05,
        "dvar": 5.38599720379e-10,
        "dvar2": 1.50334178439e-09,
        "max": 0.000522739603184,
        "mean": 3.69322042388e-05,
        "median": 1.64059365488e-05,
        "min": 7.79532909007e-21,
        "var": 2.77279954553e-09
    },
    "spectral_energyband_low": {
        "dmean": 0.0102615477517,
        "dmean2": 0.0164277199656,
        "dvar": 0.00131189811509,
        "dvar2": 0.00331790558994,
        "max": 1.01271009445,
        "mean": 0.0316436104476,
        "median": 0.00253923516721,
        "min": 9.30684780008e-23,
        "var": 0.0105148646981
    },
    "spectral_energyband_middle_high": {
        "dmean": 0.00101368525065,
        "dmean2": 0.00147977680899,
        "dvar": 1.35796208269e-05,
        "dvar2": 2.37747972278e-05,
        "max": 0.191371634603,
        "mean": 0.00301075400785,
        "median": 0.00181166501716,
        "min": 1.78333657523e-21,
        "var": 4.09002277593e-05
    },
    "spectral_energyband_middle_low": {
        "dmean": 0.00294170249254,
        "dmean2": 0.00468208501115,
        "dvar": 3.13077725878e-05,
        "dvar2": 6.63359824102e-05,
        "max": 0.20792105794,
        "mean": 0.0102450447157,
        "median": 0.00527583807707,
        "min": 1.84279068663e-22,
        "var": 0.000247963442234
    },
    "spectral_entropy": {
        "dmean": 0.137913674116,
        "dmean2": 0.220296248794,
        "dvar": 0.0185089893639,
        "dvar2": 0.0472666397691,
        "max": 9.80445194244,
        "mean": 6.51199054718,
        "median": 6.58354759216,
        "min": 4.27089977264,
        "var": 0.354195475578
    },
    "spectral_flux": {
        "dmean": 0.0161003377289,
        "dmean2": 0.0269431658089,
        "dvar": 0.00088653009152,
        "dvar2": 0.00233015022241,
        "max": 0.632036149502,
        "mean": 0.0612672939897,
        "median": 0.0526269711554,
        "min": 1.04131279988e-10,
        "var": 0.0022583976388
    },
    "spectral_kurtosis": {
        "dmean": 11.3447246552,
        "dmean2": 19.9491405487,
        "dvar": 567.019287109,
        "dvar2": 1589.95251465,
        "max": 1022.53344727,
        "mean": 29.6453170776,
        "median": 14.4770956039,
        "min": -1.19549942017,
        "var": 3012.89453125
    },
    "spectral_rms": {
        "dmean": 0.00065475795418,
        "dmean2": 0.0010313235689,
        "dvar": 1.24039854654e-06,
        "dvar2": 3.00038118439e-06,
        "max": 0.0316957049072,
        "mean": 0.00471057137474,
        "median": 0.00336877349764,
        "min": 3.25251479395e-12,
        "var": 2.0985466108e-05
    },
    "spectral_rolloff": {
        "dmean": 178.851760864,
        "dmean2": 315.459991455,
        "dvar": 120648.125,
        "dvar2": 260369.828125,
        "max": 18798.4863281,
        "mean": 884.593566895,
        "median": 775.1953125,
        "min": 21.533203125,
        "var": 489070.46875
    },
    "spectral_skewness": {
        "dmean": 0.673161864281,
        "dmean2": 1.18077516556,
        "dvar": 0.672746837139,
        "dvar2": 2.00412416458,
        "max": 25.4912605286,
        "mean": 3.28058433533,
        "median": 2.66212177277,
        "min": -0.00201240670867,
        "var": 5.22278594971
    },
    "spectral_spread": {
        "dmean": 264945.5625,
        "dmean2": 443516.46875,
        "dvar": 161947910144,
        "dvar2": 289046691840,
        "max": 40263088,
        "mean": 2211454.25,
        "median": 2190593.5,
        "min": 128057.570312,
        "var": 1.23002185318e+12
    },
    "spectral_strongpeak": {
        "dmean": 0.430407375097,
        "dmean2": 0.705132067204,
        "dvar": 0.520480632782,
        "dvar2": 1.1579438448,
        "max": 14.3035974503,
        "mean": 1.05769789219,
        "median": 0.528069853783,
        "min": 0,
        "var": 1.77720332146
    },
    "zerocrossingrate": {
        "dmean": 0.00380316167139,
        "dmean2": 0.00498813902959,
        "dvar": 3.49734291376e-05,
        "dvar2": 4.56318848592e-05,
        "max": 0.49169921875,
        "mean": 0.0341276414692,
        "median": 0.0322265625,
        "min": 0.00048828125,
        "var": 0.000580821011681
    },
    "barkbands": {
        "dmean": [0.000416242604842, 0.00840700231493, 0.00253377808258, 0.000888982263859, 0.00124665047042, 0.000743262586184, 0.000897198333405, 0.000476780143799, 0.00055068457732, 0.000343837251421, 0.000296846526908, 0.00027774454793, 0.000223985232878, 0.000110682645754, 0.00014289059618, 2.81832035398e-05, 6.04730557825e-05, 6.39144782326e-05, 1.63486838574e-05, 1.95086959138e-05, 3.3110284221e-06, 1.61085802119e-06, 2.36601977122e-06, 7.79185199917e-07, 1.24754376429e-06, 4.32591320987e-07, 5.08178921166e-08],
        "dmean2": [0.000735463749152, 0.013211495243, 0.00449748430401, 0.00154314597603, 0.00205283262767, 0.00119680445641, 0.00138587912079, 0.000779728055932, 0.00085351546295, 0.000519456458278, 0.000443414464826, 0.000419513118686, 0.000341580249369, 0.000175404013135, 0.000200772876269, 4.39843788627e-05, 0.000100266857771, 0.000103792757727, 2.57861665887e-05, 3.18119236908e-05, 5.19187369719e-06, 2.52473432738e-06, 3.50605591848e-06, 1.19911010188e-06, 1.7722567236e-06, 6.41004930912e-07, 9.03219330439e-08],
        "dvar": [3.88781984384e-07, 0.000904918531887, 0.000119018783153, 4.96264647154e-06, 6.36968525214e-06, 2.43399335886e-06, 1.22957935673e-05, 2.05282617571e-06, 2.80181848211e-06, 1.10040482468e-05, 1.30965497647e-06, 4.89685533012e-07, 3.48935571992e-07, 2.30542653412e-07, 1.93575672824e-07, 5.775051104e-09, 1.05005577566e-08, 1.80923347415e-08, 2.11629780367e-09, 1.68476665952e-09, 5.08916173092e-11, 1.14717289487e-11, 2.36994590619e-11, 3.41544002282e-12, 8.19183783307e-12, 1.87252687314e-12, 9.55651234687e-14],
        "dvar2": [1.12740212899e-06, 0.0021704218816, 0.000345774838934, 1.45710928336e-05, 1.61346033565e-05, 5.64559650229e-06, 1.99135301955e-05, 3.88119087802e-06, 5.69873100176e-06, 1.90037153516e-05, 2.19568323701e-06, 1.08102995e-06, 7.15366411441e-07, 4.39118451823e-07, 3.17653274351e-07, 1.37363951325e-08, 2.83104153453e-08, 4.67356393585e-08, 5.35914956856e-09, 4.63625449143e-09, 1.22710036576e-10, 2.78724821001e-11, 5.04328731554e-11, 7.98549334297e-12, 1.53648344048e-11, 4.1613175579e-12, 2.73500568981e-13],
        "max": [0.00757530564442, 0.944615840912, 0.226857364178, 0.0561290457845, 0.0589441545308, 0.077459923923, 0.194311305881, 0.139568373561, 0.067818582058, 0.18681190908, 0.0744944438338, 0.0329537913203, 0.0159150343388, 0.0395236909389, 0.0236467849463, 0.00368421594612, 0.00237204693258, 0.0029333899729, 0.00110837328248, 0.000802818103693, 0.000153732209583, 0.000113951544336, 0.000131318112835, 5.38524291187e-05, 7.30287865736e-05, 4.43605094915e-05, 9.763860362e-06],
        "mean": [0.000431256426964, 0.0274139363319, 0.00316319637932, 0.00115958612878, 0.00220152875409, 0.00175286398735, 0.00297271506861, 0.000902885163669, 0.00116686150432, 0.000685880833771, 0.000655044219457, 0.000499236630276, 0.000382310914574, 0.000196470748051, 0.000295713485684, 5.25237046531e-05, 0.000102776706626, 0.000116904760944, 3.41844643117e-05, 4.20652941102e-05, 7.11788561603e-06, 4.04998536396e-06, 7.72669682192e-06, 2.50862080975e-06, 3.83850465369e-06, 1.07069286059e-06, 5.35173576566e-08],
        "median": [0.000200227397727, 0.00125688698608, 0.000435553898569, 0.000340942351613, 0.000883914995939, 0.000690190470777, 0.000441328040324, 0.000302959000692, 0.00047016661847, 0.000118254509289, 0.000171285006218, 0.000182226765901, 0.000131475680973, 4.03890444431e-05, 7.07236176822e-05, 1.4252861547e-05, 4.76361819892e-05, 3.6569974327e-05, 5.86752184972e-06, 1.1840606021e-05, 2.5057156563e-06, 1.25293058773e-06, 1.91514254766e-06, 4.39580418288e-07, 2.54943017808e-07, 4.87672338068e-08, 2.67873234705e-09],
        "min": [3.44351511309e-24, 7.95611598195e-23, 6.25872223669e-24, 7.76364717394e-24, 5.63928143821e-24, 3.35364113679e-23, 2.47765259562e-23, 8.3430678754e-24, 9.22709206929e-23, 2.54938545323e-23, 1.26653751413e-22, 1.13640386376e-22, 4.97236067956e-23, 1.58568615014e-22, 1.67124827584e-22, 1.06934235645e-22, 1.2604500323e-22, 3.12018115977e-22, 3.37352062093e-22, 4.61212968222e-22, 3.86577083553e-22, 6.40478062215e-22, 7.43789457308e-22, 8.80522755875e-22, 1.15128142703e-21, 1.50838545547e-21, 2.43496001772e-21],
        "var": [4.08253242767e-07, 0.00884659402072, 0.000116004019219, 6.37751554677e-06, 1.46169322761e-05, 1.56625137606e-05, 0.000131888926262, 1.33712273964e-05, 9.47197349888e-06, 2.6410098144e-05, 8.16701322037e-06, 1.02002184121e-06, 9.06248317278e-07, 5.47138711227e-07, 8.55465543736e-07, 1.34210731417e-08, 2.21775096065e-08, 3.890366429e-08, 6.04177374797e-09, 5.32183408453e-09, 1.56448909383e-10, 5.29074943578e-11, 1.65039940048e-10, 2.42447589782e-11, 5.57119003708e-11, 7.17884302351e-12, 6.38818018666e-14]
    },
    "erbbands": {
        "dmean": [0.127029970288, 2.22858405113, 3.58735060692, 3.02469706535, 3.65274143219, 4.27622175217, 4.42847251892, 6.62034797668, 8.22066783905, 14.5632009506, 12.0106458664, 10.2274608612, 11.4079322815, 13.0862751007, 5.62919044495, 9.93263435364, 11.2080764771, 6.49010229111, 4.220307827, 5.92693471909, 1.47545921803, 4.23060083389, 3.50051021576, 1.48426640034, 0.963113367558, 0.714380741119, 0.208650946617, 0.0779956877232, 0.0551268830895, 0.0622303709388, 0.0699301064014, 0.0183268971741, 0.0181010402739, 0.0208343658596, 0.00571238715202, 0.00236071017571, 0.000775766733568, 8.36988765514e-05, 1.19406595331e-05, 1.3157585272e-05],
        "dmean2": [0.196842893958, 3.51417064667, 6.20447301865, 5.18296003342, 5.93723344803, 7.21865797043, 7.30580854416, 10.6412143707, 12.6583852768, 23.0593032837, 19.6922206879, 15.7460107803, 17.3928451538, 19.5797080994, 8.52854537964, 15.1431303024, 16.8022594452, 10.2095155716, 5.95549201965, 8.62638664246, 2.25953507423, 7.03165626526, 5.65277099609, 2.39163255692, 1.51224696636, 1.19850957394, 0.332832247019, 0.127447187901, 0.0882644504309, 0.0964423045516, 0.1025448367, 0.0273255500942, 0.0271899718791, 0.0303271338344, 0.00825327634811, 0.00347646116279, 0.00116337358486, 0.00014136149548, 2.00221529667e-05, 2.07773773582e-05],
        "dvar": [0.148015543818, 66.3195571899, 206.41859436, 90.7302017212, 60.3054161072, 70.6602020264, 77.0193023682, 252.830368042, 988.88848877, 2803.49291992, 825.54083252, 1338.2364502, 5558.47802734, 3872.27636719, 376.424499512, 544.161376953, 746.355651855, 594.588623047, 211.943435669, 248.932418823, 10.5565338135, 49.1280632019, 69.2331085205, 7.86249685287, 3.44079399109, 3.76038217545, 0.24697753787, 0.0271271113306, 0.0131991663948, 0.0188382230699, 0.0226560346782, 0.00149157666601, 0.0019929332193, 0.00247051357292, 0.000177359688678, 4.57446731161e-05, 7.1618687798e-06, 2.04159192663e-07, 2.31321228839e-09, 1.57377511023e-09],
        "dvar2": [0.327020466328, 160.46522522, 589.912475586, 257.958587646, 146.2265625, 192.944335938, 178.257965088, 577.346618652, 1592.50036621, 5301.68408203, 2081.52001953, 2433.54345703, 9913.57128906, 6728.31835938, 708.381835938, 1187.10559082, 1508.98583984, 1176.76379395, 373.132019043, 457.321655273, 23.8803291321, 133.200622559, 177.724258423, 20.4776325226, 8.64335632324, 10.9891805649, 0.655639469624, 0.0742233842611, 0.0344708524644, 0.04550941661, 0.0467986501753, 0.0032577724196, 0.00455357274041, 0.00492983171716, 0.000343819905538, 9.95449954644e-05, 1.61711013789e-05, 5.72287490286e-07, 6.50885567666e-09, 3.93990884362e-09],
        "max": [14.4568691254, 250.454971313, 282.009124756, 239.820114136, 172.675994873, 321.133270264, 430.44052124, 967.218200684, 1312.55627441, 2715.57763672, 980.665100098, 1855.57165527, 4077.67773438, 2693.77856445, 802.407409668, 1260.17565918, 788.199462891, 2172.15185547, 1034.78479004, 932.90020752, 106.72026825, 158.803085327, 195.950012207, 59.9358406067, 36.6162109375, 45.7028388977, 13.6201200485, 4.85217428207, 2.85139703751, 4.3169875145, 4.28481149673, 0.968059837818, 1.11487066746, 1.32760155201, 0.420752823353, 0.241675019264, 0.082320228219, 0.0153037616983, 0.00147318164818, 0.00111318472773],
        "mean": [0.427199602127, 7.20695734024, 6.81747722626, 4.39069843292, 5.87807226181, 7.6939125061, 9.91938018799, 15.1101179123, 26.9812908173, 42.7688903809, 23.7423496246, 21.8934726715, 23.7523422241, 29.7761192322, 13.3568277359, 18.2539577484, 20.4830093384, 12.5657596588, 9.06284141541, 12.0646944046, 3.24660992622, 7.30166196823, 6.4016160965, 3.25199604034, 2.29134058952, 1.48293554783, 0.457450002432, 0.179622039199, 0.136187791824, 0.179953426123, 0.220404103398, 0.0604835450649, 0.057955108583, 0.0630545541644, 0.0174571014941, 0.00595221668482, 0.00179227057379, 0.000124363723444, 2.92037075269e-05, 4.90136626468e-05],
        "median": [0.0341461263597, 0.268871307373, 0.593580722809, 1.01755833626, 2.02201366425, 3.11119771004, 4.32277011871, 5.17173194885, 5.08479213715, 8.53868865967, 9.9813041687, 8.69427490234, 5.83795928955, 8.11301231384, 5.18346261978, 7.93489646912, 7.93935728073, 4.00719356537, 2.88480472565, 3.69378805161, 1.69886541367, 3.77738404274, 2.3197479248, 1.37591838837, 0.870659351349, 0.48101246357, 0.175613537431, 0.0695608481765, 0.0468013547361, 0.0598098933697, 0.0521690770984, 0.0143941305578, 0.00805940106511, 0.0044315950945, 0.00112735247239, 0.000337790814228, 0.000101881632872, 9.62798731052e-06, 9.17226952879e-06, 1.3702774595e-05],
        "min": [2.66541180937e-21, 1.6105763904e-20, 1.13349205573e-20, 1.78443586111e-20, 1.81137206071e-20, 2.79556383199e-20, 6.64781212243e-20, 3.96663812799e-19, 4.75185224916e-19, 1.24786412183e-19, 4.44110168952e-19, 1.68513503223e-18, 1.65269156104e-18, 1.97538898686e-18, 5.40340639104e-18, 4.44978543159e-18, 2.58130147389e-18, 4.63951915742e-18, 1.1135298611e-17, 8.73669321031e-18, 4.23426104145e-18, 7.30672044279e-18, 1.41731740046e-17, 2.05685176018e-17, 1.83824115917e-17, 2.33255569055e-17, 1.6109514483e-17, 1.42656064749e-17, 2.51372445744e-17, 1.74808128482e-17, 2.31428029297e-17, 1.80521944737e-17, 1.61415528425e-17, 1.2360961076e-17, 8.65153579343e-18, 4.89956116736e-18, 2.7259337972e-18, 1.27771942243e-18, 3.88630467335e-19, 3.63498574826e-20],
        "var": [1.96265733242, 620.274353027, 487.68762207, 121.847625732, 129.868041992, 190.733062744, 443.266143799, 1653.63574219, 8990.33203125, 24910.5449219, 2588.81738281, 4088.45556641, 13873.1699219, 15812.3964844, 1393.94665527, 1142.52770996, 1928.37255859, 1526.29040527, 630.560791016, 1002.88122559, 28.3444652557, 100.472595215, 141.726760864, 21.9489269257, 11.4738540649, 9.25897884369, 0.625514805317, 0.0935697630048, 0.0529483817518, 0.0907035842538, 0.145187675953, 0.0108376583084, 0.0126045485958, 0.0155587261543, 0.00122036098037, 0.000189958052943, 2.43228878389e-05, 1.84075418019e-07, 3.83040621443e-09, 1.33320190443e-08]
    },
    "gfcc": {
        "mean": [-120.075057983, 174.709991455, -120.814079285, 11.2578840256, -34.332775116, 1.67764258385, -25.3832321167, 5.42632198334, -13.0805177689, -5.54362297058, 0.526156961918, -6.42751741409, -9.44820022583],
        "cov": [[21069.9003906, -1609.69592285, -2626.89013672, 965.589355469, -1581.12475586, 286.564697266, -472.070648193, 1052.49707031, -187.435821533, -243.932540894, -82.3561325073, 203.180297852, 334.314117432], [-1609.69592285, 2980.33398438, -38.316493988, -837.247009277, 801.188110352, -755.454406738, 584.656311035, -468.347106934, 436.925323486, -207.291610718, 85.483833313, -148.462127686, 280.0027771], [-2626.89013672, -38.316493988, 1645.51037598, -65.7617874146, 161.432800293, 241.613922119, -70.6249923706, -19.0651226044, -74.1145935059, 109.315162659, -9.59005641937, 34.3029708862, -123.864044189], [965.589355469, -837.247009277, -65.7617874146, 685.265136719, -238.069244385, 200.756286621, -54.0027923584, 69.4548034668, -46.7672157288, 6.38994598389, 19.8533363342, 10.5893793106, -36.2860794067], [-1581.12475586, 801.188110352, 161.432800293, -238.069244385, 606.059753418, -130.993087769, 178.568435669, -123.252159119, 101.988075256, -4.48348665237, 29.9766845703, -52.856010437, 22.5479450226], [286.564697266, -755.454406738, 241.613922119, 200.756286621, -130.993087769, 391.736358643, -143.125305176, 140.246795654, -116.173492432, 60.9807662964, -16.8915538788, 29.4347438812, -79.0571899414], [-472.070648193, 584.656311035, -70.6249923706, -54.0027923584, 178.568435669, -143.125305176, 318.746337891, -88.2283554077, 143.144332886, -60.1032028198, 26.285194397, -32.3859558105, 77.5321044922], [1052.49707031, -468.347106934, -19.0651226044, 69.4548034668, -123.252159119, 140.246795654, -88.2283554077, 264.333282471, -42.388759613, 12.5712423325, -51.8935699463, 25.5446681976, -9.05483055115], [-187.435821533, 436.925323486, -74.1145935059, -46.7672157288, 101.988075256, -116.173492432, 143.144332886, -42.388759613, 193.274200439, -30.8270053864, 6.94622325897, -45.8960609436, 77.3390426636], [-243.932540894, -207.291610718, 109.315162659, 6.38994598389, -4.48348665237, 60.9807662964, -60.1032028198, 12.5712423325, -30.8270053864, 137.104812622, 39.7247276306, 10.0432100296, -67.7400131226], [-82.3561325073, 85.483833313, -9.59005641937, 19.8533363342, 29.9766845703, -16.8915538788, 26.285194397, -51.8935699463, 6.94622325897, 39.7247276306, 131.133834839, 20.0575561523, -37.2803840637], [203.180297852, -148.462127686, 34.3029708862, 10.5893793106, -52.856010437, 29.4347438812, -32.3859558105, 25.5446681976, -45.8960609436, 10.0432100296, 20.0575561523, 98.688659668, 2.72891044617], [334.314117432, 280.0027771, -123.864044189, -36.2860794067, 22.5479450226, -79.0571899414, 77.5321044922, -9.05483055115, 77.3390426636, -67.7400131226, -37.2803840637, 2.72891044617, 169.04586792]],
        "icov": [[0.000131319146021, -0.000403125421144, 0.000224743896979, -0.000354213814717, 0.00033999644802, -0.000256131461356, 0.000236788619077, -0.000656736956444, 0.000286543305265, -0.000186418765225, 8.19249107735e-05, -0.000275269470876, 4.46515150543e-06], [-0.000403125421144, 0.00441241730005, -0.00122386065777, 0.00333247496746, -0.00236116698943, 0.00303304451518, -0.00188941368833, 0.00363825494424, -0.00262891314924, 0.00316820573062, -0.00283398944885, 0.00289355078712, -0.00209734542295], [0.000224743896979, -0.00122386065777, 0.00127461913507, -0.000842573470436, 0.000529014971107, -0.00146927731112, 0.000588786613662, -0.00101650506258, 0.000604378699791, -0.00108467473183, 0.00105467962567, -0.00132348167244, 0.000796401582193], [-0.000354213814717, 0.00333247496746, -0.000842573470436, 0.00457769725472, -0.00113595719449, 0.00108708639164, -0.00178151915316, 0.00305943773128, -0.00217868946493, 0.00270938267931, -0.00265948823653, 0.00252409046516, -0.00135798484553], [0.00033999644802, -0.00236116698943, 0.000529014971107, -0.00113595719449, 0.00396579690278, -0.00159239140339, 1.26530840134e-05, -0.001939656795, 0.0012752795592, -0.00179471087176, 0.000914501026273, -0.000644079816993, 0.000908435613383], [-0.000256131461356, 0.00303304451518, -0.00146927731112, 0.00108708639164, -0.00159239140339, 0.00717183295637, -0.000799568719231, 0.000457136280602, -0.000268970208708, 0.00134127761703, -0.00185667583719, 0.00226012989879, -0.00118832010776], [0.000236788619077, -0.00188941368833, 0.000588786613662, -0.00178151915316, 1.26530840134e-05, -0.000799568719231, 0.00678296806291, -0.00125993450638, -0.00184001354501, 0.000412156980019, -2.61764052993e-05, -0.00144337315578, 0.000180711766006], [-0.000656736956444, 0.00363825494424, -0.00101650506258, 0.00305943773128, -0.001939656795, 0.000457136280602, -0.00125993450638, 0.00976028386503, -0.00327447010204, 0.00189727335237, 0.000497113273013, 0.000942986283917, -0.000889671384357], [0.000286543305265, -0.00262891314924, 0.000604378699791, -0.00217868946493, 0.0012752795592, -0.000268970208708, -0.00184001354501, -0.00327447010204, 0.0120247993618, -0.00298098823987, 0.00018385455769, 0.00241494295187, -0.00255877897143], [-0.000186418765225, 0.00316820573062, -0.00108467473183, 0.00270938267931, -0.00179471087176, 0.00134127761703, 0.000412156980019, 0.00189727335237, -0.00298098823987, 0.0130979856476, -0.00518948212266, 0.00182340003084, 0.00112554186489], [8.19249107735e-05, -0.00283398944885, 0.00105467962567, -0.00265948823653, 0.000914501026273, -0.00185667583719, -2.61764052993e-05, 0.000497113273013, 0.00018385455769, -0.00518948212266, 0.0135568361729, -0.00587864406407, 0.00470339506865], [-0.000275269470876, 0.00289355078712, -0.00132348167244, 0.00252409046516, -0.000644079816993, 0.00226012989879, -0.00144337315578, 0.000942986283917, 0.00241494295187, 0.00182340003084, -0.00587864406407, 0.0157684404403, -0.00474611250684], [4.46515150543e-06, -0.00209734542295, 0.000796401582193, -0.00135798484553, 0.000908435613383, -0.00118832010776, 0.000180711766006, -0.000889671384357, -0.00255877897143, 0.00112554186489, 0.00470339506865, -0.00474611250684, 0.0116008622572]]
    },
    "melbands": {
        "dmean": [0.00180933414958, 0.00235597323626, 0.000472739571705, 0.000320598774124, 0.000138931252877, 0.000143020399264, 0.000146103528095, 0.000143149605719, 0.000107634004962, 6.51976224617e-05, 6.0051374021e-05, 5.52845667698e-05, 2.7412243071e-05, 1.48828985402e-05, 4.22001539846e-05, 2.41825491685e-05, 1.0034488696e-05, 5.09906067236e-06, 1.47525452121e-05, 2.81944721792e-06, 1.38408574912e-06, 5.00012902194e-06, 2.79663981928e-06, 3.13774899041e-06, 1.09081543087e-06, 7.25945483282e-07, 8.8741609261e-07, 4.1517154159e-07, 1.65807122698e-07, 7.60280371992e-08, 3.65429855265e-08, 3.49271829236e-08, 3.69576227399e-08, 3.75945674591e-08, 4.17604120173e-08, 3.5100892859e-08, 7.17765713532e-09, 1.30205304316e-08, 1.79511125964e-08, 1.86119084589e-08],
        "dmean2": [0.00277713220567, 0.00390268815681, 0.000804097682703, 0.00053116295021, 0.000229446552112, 0.000230447214562, 0.000223831200856, 0.000226639618631, 0.000176603876753, 9.95014415821e-05, 9.13893600227e-05, 8.24820599519e-05, 4.14739442931e-05, 2.20878464461e-05, 6.62748643663e-05, 3.53388713847e-05, 1.6116837287e-05, 7.44794078855e-06, 2.06732311199e-05, 4.45110026703e-06, 2.13414091377e-06, 8.27584790386e-06, 4.58898966826e-06, 5.08097991769e-06, 1.75804041191e-06, 1.14359511372e-06, 1.42980195506e-06, 7.10120730218e-07, 2.70328627039e-07, 1.18696910079e-07, 6.07588930279e-08, 5.69058897781e-08, 5.68089184583e-08, 5.80392160998e-08, 6.14690236489e-08, 5.27376258219e-08, 1.13106830568e-08, 2.00961398633e-08, 2.642466157e-08, 2.7343391551e-08],
        "dvar": [3.77836986445e-05, 7.87162425695e-05, 2.0061320356e-06, 4.4516278308e-07, 6.57817338379e-08, 1.08801771148e-07, 3.2556943097e-07, 2.57046934848e-07, 6.0074185626e-08, 6.68929374115e-08, 1.79519076937e-07, 9.53973255946e-08, 9.62833990314e-09, 3.29194738136e-09, 9.62834523222e-09, 6.79527500935e-09, 1.72618708216e-09, 6.95846880117e-10, 2.23102669672e-09, 5.99349875285e-11, 1.2150001491e-11, 7.74302219564e-11, 4.61072846569e-11, 3.9627353482e-11, 5.67290528788e-12, 3.59269645284e-12, 3.94212223628e-12, 1.80725714342e-12, 2.277611693e-13, 2.97058859173e-14, 7.92933207023e-15, 6.55337786939e-15, 8.81219959335e-15, 7.07371020889e-15, 9.37634471205e-15, 7.89288000735e-15, 2.75677142958e-16, 1.25432821055e-15, 1.80969436214e-15, 2.06902556916e-15],
        "dvar2": [8.58571947902e-05, 0.000210910278838, 5.6565218074e-06, 1.14434874376e-06, 1.58693225671e-07, 2.50356464448e-07, 5.02368664002e-07, 4.71325506624e-07, 1.55352438469e-07, 1.23032165789e-07, 3.17822980378e-07, 1.65746811831e-07, 1.70984382208e-08, 7.38997218974e-09, 2.17149977999e-08, 1.35143300994e-08, 3.412961469e-09, 1.32194000191e-09, 3.68684749397e-09, 1.46777145993e-10, 2.70470694452e-11, 2.0626290953e-10, 1.18804674432e-10, 1.01356222026e-10, 1.46187905531e-11, 9.29130643951e-12, 1.03604373344e-11, 5.2878062172e-12, 6.39179844036e-13, 6.6027363427e-14, 2.20642765397e-14, 1.74745421177e-14, 2.01196650757e-14, 1.74232034507e-14, 1.96431666912e-14, 1.6774269487e-14, 6.8323546292e-16, 3.10918986344e-15, 3.76649801842e-15, 4.29112735606e-15],
        "max": [0.21271699667, 0.211864545941, 0.0351166464388, 0.0149368168786, 0.0111159291118, 0.0187588445842, 0.0290659964085, 0.033507309854, 0.0088333748281, 0.0127521613613, 0.0233747046441, 0.0150221800432, 0.00528158899397, 0.00319361081347, 0.00597300566733, 0.00255263387226, 0.00374443130568, 0.00236404873431, 0.00263305637054, 0.000369916582713, 0.000125706515973, 0.000215537904296, 0.000169496765011, 0.000111590125016, 5.46285882592e-05, 4.73515356134e-05, 4.5211010729e-05, 3.13364216709e-05, 1.57485264936e-05, 4.42199416284e-06, 2.66744768851e-06, 1.64812104231e-06, 3.46768342752e-06, 2.41879934038e-06, 3.95851520807e-06, 2.32872775996e-06, 4.05366392897e-07, 1.08682661448e-06, 1.27220505419e-06, 1.00833960914e-06],
        "mean": [0.0062640439719, 0.00624250713736, 0.000752978376113, 0.000535895524081, 0.000324899912812, 0.000334205717081, 0.00049691949971, 0.000414343900047, 0.000199965492357, 0.000139439071063, 0.000121066514112, 0.000123482212075, 6.11871510046e-05, 3.13674463541e-05, 6.59711076878e-05, 4.36275804532e-05, 1.87123841897e-05, 9.48360047914e-06, 2.99705989164e-05, 5.14338853463e-06, 2.64906338998e-06, 8.27504572953e-06, 4.74141143059e-06, 5.80608229939e-06, 2.28467865782e-06, 1.57221950303e-06, 1.91153367268e-06, 7.43145960769e-07, 3.08367361868e-07, 1.56231095616e-07, 7.74284814042e-08, 7.33593026325e-08, 8.77667929444e-08, 1.04825225833e-07, 1.25961662434e-07, 1.04187947159e-07, 1.71801008975e-08, 3.53550717591e-08, 5.29867634214e-08, 5.36946345164e-08],
        "median": [0.000371274771169, 0.000362341088476, 0.000209737860132, 0.000196551322006, 0.000153950124513, 0.000118608120829, 8.49486386869e-05, 8.67777998792e-05, 8.25123133836e-05, 5.12190454174e-05, 2.50930570473e-05, 3.07003829221e-05, 2.04799835046e-05, 1.11258796096e-05, 2.72626002698e-05, 7.75498301664e-06, 4.63844617116e-06, 2.286986728e-06, 6.45997124593e-06, 1.52199095282e-06, 8.66701498126e-07, 3.61667116522e-06, 1.80337804068e-06, 1.53204450726e-06, 6.16601937509e-07, 3.98049934347e-07, 4.12063855038e-07, 1.06805963185e-07, 9.4753325186e-08, 4.66452121373e-08, 1.98630694115e-08, 1.69188183463e-08, 1.82347896782e-08, 2.77141936067e-08, 2.72370002108e-08, 1.08946993649e-08, 3.78827014202e-09, 5.24877874497e-09, 4.32893676461e-09, 3.13955483833e-09],
        "min": [2.3494656962e-23, 1.14785406936e-23, 3.13330976161e-24, 1.63047540436e-24, 2.17250873348e-24, 9.07065243209e-24, 5.93666425011e-24, 1.38752409353e-24, 4.84094986339e-24, 1.21260677013e-23, 7.73805810389e-24, 6.47989319653e-24, 1.75260832882e-23, 1.18795889004e-23, 1.13236218225e-23, 4.93620481769e-24, 8.57974665735e-24, 1.95236810487e-23, 1.28905307165e-23, 1.01716932076e-23, 3.72759496911e-24, 7.65641652223e-24, 9.08068989825e-24, 1.59419638159e-23, 1.73173475373e-23, 1.03214773832e-23, 1.77529249747e-23, 1.44403039739e-23, 8.75703210175e-24, 1.02445902662e-23, 7.470418898e-24, 1.46637882684e-23, 1.13675668969e-23, 8.27973496649e-24, 1.16561543041e-23, 1.4712093377e-23, 1.03762077639e-23, 1.14656033748e-23, 1.04363481527e-23, 1.06408863748e-23],
        "var": [0.000448954524472, 0.000430930725997, 2.95190966426e-06, 9.32791749619e-07, 3.61279774097e-07, 6.88256875492e-07, 3.42299540534e-06, 2.30670980272e-06, 1.93230377477e-07, 1.99139279289e-07, 4.43582507614e-07, 3.16131547606e-07, 4.57882123328e-08, 6.9793020252e-09, 1.76550418729e-08, 1.79178503146e-08, 4.35135971699e-09, 1.29689037287e-09, 9.72782032704e-09, 1.35072925067e-10, 3.21317555896e-11, 1.61296184742e-10, 9.0597689073e-11, 9.71716665465e-11, 1.57546406476e-11, 9.94473774163e-12, 1.28336265226e-11, 3.87037494068e-12, 4.36302280112e-13, 9.0478446675e-14, 2.33529321369e-14, 1.91389313658e-14, 3.52451391911e-14, 3.59953494962e-14, 5.66228074356e-14, 5.09162787073e-14, 1.05673818796e-15, 5.22597136193e-15, 1.11171439554e-14, 1.26725420861e-14]
    },
    "mfcc": {
        "mean": [-752.685974121, 192.102737427, -2.87604904175, 13.240234375, 10.2948122025, -2.66800308228, 5.6481552124, 8.76517963409, -5.74322462082, 2.630661726, 6.78906297684, 3.59881615639, 3.04447960854],
        "cov": [[10466.6542969, 1076.60827637, -1325.31335449, 127.694839478, -364.981109619, -490.417358398, -113.407585144, 223.381362915, -48.5858917236, 195.065872192, -144.273468018, -292.485351562, 238.094390869], [1076.60827637, 2596.81030273, -276.839385986, -114.048561096, 6.83189153671, -120.344856262, -72.3583679199, 1.96296906471, 113.570259094, -29.2270755768, -55.0822753906, 26.6486301422, 6.39827203751], [-1325.31335449, -276.839385986, 1052.35766602, 6.05354261398, 122.637794495, 173.346618652, 46.7778396606, -0.544198572636, -38.4472198486, -55.1378364563, 51.8699569702, 73.12134552, -9.66154766083], [127.694839478, -114.048561096, 6.05354261398, 404.932006836, -47.1025695801, 75.7757797241, 15.8905267715, -2.68911170959, 14.5786905289, 2.1620798111, 14.5776844025, 26.3483314514, -19.6677894592], [-364.981109619, 6.83189153671, 122.637794495, -47.1025695801, 274.490112305, 47.5013008118, 58.9844474792, 19.3939170837, 0.657662689686, 26.8386421204, 32.6461601257, -7.07617998123, -13.4252462387], [-490.417358398, -120.344856262, 173.346618652, 75.7757797241, 47.5013008118, 199.98526001, 52.7121696472, 6.79748153687, 15.1913671494, -18.7236995697, 29.6726970673, 53.3930587769, -28.0173797607], [-113.407585144, -72.3583679199, 46.7778396606, 15.8905267715, 58.9844474792, 52.7121696472, 120.921318054, 36.5446434021, -7.39237928391, 6.02381038666, 32.9564247131, 35.0296478271, -4.26613616943], [223.381362915, 1.96296906471, -0.544198572636, -2.68911170959, 19.3939170837, 6.79748153687, 36.5446434021, 132.311355591, 51.1597251892, 8.74286174774, -9.15800189972, -18.5505180359, 17.5264625549], [-48.5858917236, 113.570259094, -38.4472198486, 14.5786905289, 0.657662689686, 15.1913671494, -7.39237928391, 51.1597251892, 169.919891357, 63.6157264709, -48.5929832458, -59.6256217957, 2.805996418], [195.065872192, -29.2270755768, -55.1378364563, 2.1620798111, 26.8386421204, -18.7236995697, 6.02381038666, 8.74286174774, 63.6157264709, 138.46484375, 5.85205793381, -66.9437942505, -1.41925978661], [-144.273468018, -55.0822753906, 51.8699569702, 14.5776844025, 32.6461601257, 29.6726970673, 32.9564247131, -9.15800189972, -48.5929832458, 5.85205793381, 156.521972656, 95.1388092041, -56.4732971191], [-292.485351562, 26.6486301422, 73.12134552, 26.3483314514, -7.07617998123, 53.3930587769, 35.0296478271, -18.5505180359, -59.6256217957, -66.9437942505, 95.1388092041, 196.395980835, -5.66495752335], [238.094390869, 6.39827203751, -9.66154766083, -19.6677894592, -13.4252462387, -28.0173797607, -4.26613616943, 17.5264625549, 2.805996418, -1.41925978661, -56.4732971191, -5.66495752335, 162.63092041]],
