{
"lowlevel": {
    "average_loudness": 0.612670898438,
    "barkbands_crest": {
        "dmean": 2.57460975647,
        "dmean2": 4.0214381218,
        "dvar": 7.35388469696,
        "dvar2": 16.7050247192,
        "max": 26.5505313873,
        "mean": 11.7928628922,
        "median": 10.4081773758,
        "min": 2.45810842514,
        "var": 29.6664066315
    },
    "barkbands_flatness_db": {
        "dmean": 0.0290461052209,
        "dmean2": 0.0387340076268,
        "dvar": 0.00119844218716,
        "dvar2": 0.00200579571538,
        "max": 0.690139889717,
        "mean": 0.238075375557,
        "median": 0.229993775487,
        "min": 0.0124867772684,
        "var": 0.00982662755996
    },
    "barkbands_kurtosis": {
        "dmean": 9.10359764099,
        "dmean2": 14.4826622009,
        "dvar": 13015.6855469,
        "dvar2": 34378.7421875,
        "max": 6413.77685547,
        "mean": 10.0761194229,
        "median": 1.11391782761,
        "min": -1.96280741692,
        "var": 10301.7470703
    },
    "barkbands_skewness": {
        "dmean": 0.708842337132,
        "dmean2": 1.03329467773,
        "dvar": 1.72415292263,
        "dvar2": 3.52583456039,
        "max": 56.5933990479,
        "mean": 1.21915960312,
        "median": 0.816702008247,
        "min": -6.10268735886,
        "var": 4.79636383057
    },
    "barkbands_spread": {
        "dmean": 4.3949432373,
        "dmean2": 6.73778438568,
        "dvar": 55.7186546326,
        "dvar2": 112.908424377,
        "max": 143.264373779,
        "mean": 14.3525314331,
        "median": 12.4920787811,
        "min": 0.0377858169377,
        "var": 140.002029419
    },
    "dissonance": {
        "dmean": 0.0354247614741,
        "dmean2": 0.0596912056208,
        "dvar": 0.00127475184854,
        "dvar2": 0.0035179532133,
        "max": 0.500000059605,
        "mean": 0.421666175127,
        "median": 0.438466101885,
        "min": 0.0965645387769,
        "var": 0.00392053415999
    },
    "dynamic_complexity": 6.10475254059,
    "erbbands_crest": {
        "dmean": 3.18844914436,
        "dmean2": 5.14304208755,
        "dvar": 8.66514587402,
        "dvar2": 22.0406856537,
        "max": 33.6349563599,
        "mean": 13.5714855194,
        "median": 12.6552858353,
        "min": 2.64030528069,
        "var": 31.1060657501
    },
    "erbbands_flatness_db": {
        "dmean": 0.0289901457727,
        "dmean2": 0.0386096276343,
        "dvar": 0.00100198667496,
        "dvar2": 0.00165153073613,
        "max": 0.57415407896,
        "mean": 0.265083342791,
        "median": 0.269799083471,
        "min": 0.0330780297518,
        "var": 0.00837858766317
    },
    "erbbands_kurtosis": {
        "dmean": 1.915979743,
        "dmean2": 3.04445147514,
        "dvar": 35.7881660461,
        "dvar2": 84.1583557129,
        "max": 226.502624512,
        "mean": 2.28929162025,
        "median": 0.635607242584,
        "min": -1.90007781982,
        "var": 85.0254135132
    },
    "erbbands_skewness": {
        "dmean": 0.520808875561,
        "dmean2": 0.802368998528,
        "dvar": 0.327302128077,
        "dvar2": 0.732918143272,
        "max": 13.2247657776,
        "mean": 0.285224199295,
        "median": 0.206720530987,
        "min": -4.37908840179,
        "var": 1.34275650978
    },
    "erbbands_spread": {
        "dmean": 5.84561395645,
        "dmean2": 8.8028678894,
        "dvar": 78.7549133301,
        "dvar2": 170.647857666,
        "max": 192.328369141,
        "mean": 20.5295238495,
        "median": 17.0335922241,
        "min": 0.578668534756,
        "var": 259.539703369
    },
    "hfc": {
        "dmean": 6.2511138916,
        "dmean2": 10.5315561295,
        "dvar": 260.564178467,
        "dvar2": 719.8515625,
        "max": 184.934326172,
        "mean": 11.7953290939,
        "median": 7.43422842026,
        "min": 1.10099096107e-16,
        "var": 258.541229248
    },
    "melbands_crest": {
        "dmean": 2.71560907364,
        "dmean2": 4.16220760345,
        "dvar": 8.26737880707,
        "dvar2": 19.291557312,
        "max": 35.6898880005,
        "mean": 14.1308603287,
        "median": 12.8393125534,
        "min": 1.38829493523,
        "var": 37.4738502502
    },
    "melbands_flatness_db": {
        "dmean": 0.0322548225522,
        "dmean2": 0.0420493371785,
        "dvar": 0.00162181467749,
        "dvar2": 0.00271555152722,
        "max": 0.860334277153,
        "mean": 0.324923247099,
        "median": 0.317151069641,
        "min": 0.000833411002532,
        "var": 0.014373742044
    },
    "melbands_kurtosis": {
        "dmean": 7.00358963013,
        "dmean2": 10.5516452789,
        "dvar": 478.329193115,
        "dvar2": 1006.23919678,
        "max": 701.852355957,
        "mean": 11.3577032089,
        "median": 2.39548540115,
        "min": -1.78403270245,
        "var": 1249.11193848
    },
    "melbands_skewness": {
        "dmean": 0.682847559452,
        "dmean2": 1.00264203548,
        "dvar": 0.898321211338,
        "dvar2": 1.85426139832,
        "max": 19.348903656,
        "mean": 1.76158094406,
        "median": 1.31412577629,
        "min": -2.78757572174,
        "var": 3.99209332466
    },
    "melbands_spread": {
        "dmean": 5.15379095078,
        "dmean2": 7.98456573486,
        "dvar": 70.9134140015,
        "dvar2": 149.513931274,
        "max": 245.245025635,
        "mean": 18.018497467,
        "median": 15.2096176147,
        "min": 0.116890929639,
        "var": 285.417877197
    },
    "pitch_salience": {
        "dmean": 0.0734462738037,
        "dmean2": 0.116182006896,
        "dvar": 0.00695149879903,
        "dvar2": 0.0174433849752,
        "max": 0.975176513195,
        "mean": 0.497766524553,
        "median": 0.509171426296,
        "min": 0.0269175507128,
        "var": 0.0203503314406
    },
    "silence_rate_20dB": {
        "dmean": 0.00400582654402,
        "dmean2": 0.00801238231361,
        "dvar": 0.00398955959827,
        "dvar2": 0.0112251210958,
        "max": 1,
        "mean": 0.997542083263,
        "median": 1,
        "min": 0,
        "var": 0.0024517623242
    },
    "silence_rate_30dB": {
        "dmean": 0.043699927628,
        "dmean2": 0.0874078124762,
        "dvar": 0.0417958460748,
        "dvar2": 0.0972546488047,
        "max": 1,
        "mean": 0.941101491451,
        "median": 1,
        "min": 0,
        "var": 0.0554343685508
    },
    "silence_rate_60dB": {
        "dmean": 0.0140203936026,
        "dmean2": 0.0279522892088,
        "dvar": 0.0138254826888,
        "dvar2": 0.0308128893375,
        "max": 1,
        "mean": 0.164952203631,
        "median": 0,
        "min": 0,
        "var": 0.137751892209
    },
    "spectral_centroid": {
        "dmean": 174.007919312,
        "dmean2": 263.508911133,
        "dvar": 88551.90625,
        "dvar2": 166863.5625,
        "max": 11567.6845703,
        "mean": 968.356567383,
        "median": 752.623352051,
        "min": 63.3814239502,
        "var": 889792.4375
    },
    "spectral_complexity": {
        "dmean": 2.10014557838,
        "dmean2": 3.41400337219,
        "dvar": 9.28238677979,
        "dvar2": 21.9037513733,
        "max": 39,
        "mean": 10.9878921509,
        "median": 11,
        "min": 0,
        "var": 41.3585586548
    },
    "spectral_decrease": {
        "dmean": 3.92375643088e-09,
        "dmean2": 6.38447295032e-09,
        "dvar": 1.04009365968e-16,
        "dvar2": 2.63070883953e-16,
        "max": 4.19799403573e-11,
        "mean": -7.23349158349e-09,
        "median": -3.22026560973e-09,
        "min": -1.24897823639e-07,
        "var": 1.72167334524e-16
    },
    "spectral_energy": {
        "dmean": 0.0153093189001,
        "dmean2": 0.0249690134078,
        "dvar": 0.00154854252469,
        "dvar2": 0.0039328429848,
        "max": 0.475236088037,
        "mean": 0.0283707045019,
        "median": 0.0129315517843,
        "min": 1.02728868899e-20,
        "var": 0.00254249270074
    },
    "spectral_energyband_high": {
        "dmean": 0.000130125670694,
        "dmean2": 0.000205471311347,
        "dvar": 1.78358220637e-07,
        "dvar2": 4.41979750576e-07,
        "max": 0.00470913620666,
        "mean": 0.000136226095492,
        "median": 8.68307597557e-06,
        "min": 7.21121033063e-21,
        "var": 1.70315601622e-07
    },
    "spectral_energyband_low": {
        "dmean": 0.00943494867533,
        "dmean2": 0.0146474568173,
        "dvar": 0.0010977841448,
        "dvar2": 0.00258158217184,
        "max": 0.467352837324,
        "mean": 0.0135551765561,
        "median": 0.00184924190398,
        "min": 1.73183967223e-23,
        "var": 0.00186179950833
    },
    "spectral_energyband_middle_high": {
        "dmean": 0.00264113117009,
        "dmean2": 0.00454754382372,
        "dvar": 7.18861992937e-05,
        "dvar2": 0.000202005903702,
        "max": 0.102714054286,
        "mean": 0.0045612026006,
        "median": 0.00268330750987,
        "min": 1.16505178299e-21,
        "var": 6.54510222375e-05
    },
    "spectral_energyband_middle_low": {
        "dmean": 0.00574321858585,
        "dmean2": 0.00946423131973,
        "dvar": 0.000246615381911,
        "dvar2": 0.000647377048153,
        "max": 0.189541101456,
        "mean": 0.0110255014151,
        "median": 0.00488261552528,
        "min": 1.59793280549e-22,
        "var": 0.000334927579388
    },
    "spectral_entropy": {
        "dmean": 0.226516112685,
        "dmean2": 0.310383409262,
        "dvar": 0.0828585475683,
        "dvar2": 0.139859706163,
        "max": 9.83240318298,
        "mean": 6.68396186829,
        "median": 6.71067714691,
        "min": 3.51615667343,
        "var": 0.683203697205
    },
    "spectral_flux": {
        "dmean": 0.0319921523333,
        "dmean2": 0.05258577317,
        "dvar": 0.00357881630771,
        "dvar2": 0.0079794479534,
        "max": 0.524097383022,
        "mean": 0.067897439003,
        "median": 0.0459359697998,
        "min": 6.45801745414e-11,
        "var": 0.00595906609669
    },
    "spectral_kurtosis": {
        "dmean": 10.8678102493,
        "dmean2": 17.8942813873,
        "dvar": 213.930648804,
        "dvar2": 575.242126465,
        "max": 276.991851807,
        "mean": 26.3717365265,
        "median": 14.5463619232,
        "min": -1.26643955708,
        "var": 1039.42834473
    },
    "spectral_rms": {
        "dmean": 0.000988448504359,
        "dmean2": 0.00153987202793,
        "dvar": 3.46481260749e-06,
        "dvar2": 8.1636098912e-06,
        "max": 0.0215324163437,
        "mean": 0.00416674278677,
        "median": 0.00355192180723,
        "min": 3.16580615889e-12,
        "var": 1.03170705188e-05
    },
    "spectral_rolloff": {
        "dmean": 370.384979248,
        "dmean2": 626.052124023,
        "dvar": 1569034.125,
        "dvar2": 3055124.5,
        "max": 19379.8828125,
        "mean": 1285.12731934,
        "median": 882.861328125,
        "min": 21.533203125,
        "var": 5060423
    },
    "spectral_skewness": {
        "dmean": 0.768165647984,
        "dmean2": 1.24050676823,
        "dvar": 0.676118314266,
        "dvar2": 1.82739448547,
        "max": 13.8153762817,
        "mean": 3.17233204842,
        "median": 2.75209283829,
        "min": -0.332055032253,
        "var": 4.12446403503
    },
    "spectral_spread": {
        "dmean": 773179.625,
        "dmean2": 1057285,
        "dvar": 1.68805846221e+12,
        "dvar2": 2.85432977818e+12,
        "max": 42517304,
        "mean": 3126386.75,
        "median": 2151803,
        "min": 307504.875,
        "var": 1.36422421955e+13
    },
    "spectral_strongpeak": {
        "dmean": 0.489789873362,
        "dmean2": 0.814091145992,
        "dvar": 0.534810602665,
        "dvar2": 1.31617259979,
        "max": 9.17020702362,
        "mean": 1.02918756008,
        "median": 0.601293683052,
        "min": 0,
        "var": 1.38662564754
    },
    "zerocrossingrate": {
        "dmean": 0.00992232467979,
        "dmean2": 0.0112035274506,
        "dvar": 0.000444937875727,
        "dvar2": 0.00051037420053,
        "max": 0.654296875,
        "mean": 0.046914383769,
        "median": 0.03466796875,
        "min": 0.001953125,
        "var": 0.00349200051278
    },
    "barkbands": {
        "dmean": [0.000921488215681, 0.00773145770654, 0.00186102185398, 0.00117495341692, 0.000839538697619, 0.00268241553567, 0.000871147785801, 0.000575273879804, 0.000600005150773, 0.00111506017856, 0.000412090099417, 0.000327161193127, 0.000944900501054, 0.000261379987933, 0.000244657159783, 7.94198931544e-05, 7.67566307331e-05, 3.05000885419e-05, 3.48326684616e-05, 4.25270336564e-05, 2.08453457162e-05, 1.72832278622e-05, 1.62662927323e-05, 1.84628479474e-05, 1.4567598555e-05, 1.19042751976e-05, 1.66791087395e-05],
        "dmean2": [0.00143385236152, 0.0122001208365, 0.00309135275893, 0.00199815258384, 0.00142938399222, 0.00425338558853, 0.00146536994725, 0.000891723320819, 0.00101025868207, 0.00182325788774, 0.000730223720893, 0.00057047966402, 0.00168824009597, 0.000458471040474, 0.000415058952058, 0.000139985597343, 0.000133607216412, 5.33608326805e-05, 6.08449954598e-05, 6.90073575242e-05, 3.37468591169e-05, 2.87294660666e-05, 2.50355133176e-05, 2.94494675472e-05, 2.28561566473e-05, 1.80395745701e-05, 2.57749416051e-05],
        "dvar": [9.31727299758e-06, 0.000985746271908, 7.39702372812e-05, 2.9107735827e-05, 5.1035699471e-06, 0.00011124262528, 6.9858065217e-06, 1.67657651673e-06, 4.68186772196e-06, 1.25333199321e-05, 2.78935090137e-06, 7.17549539786e-07, 2.12318936974e-05, 1.96693554244e-06, 2.54888050222e-07, 6.11756831859e-08, 5.49359597812e-08, 6.62030474885e-09, 1.64130717906e-08, 1.32344180059e-08, 5.46559819625e-09, 5.95297322548e-09, 5.64969226957e-09, 7.32463778519e-09, 3.00712277301e-09, 1.10249143148e-09, 1.67142855112e-09],
        "dvar2": [2.4199975087e-05, 0.00224149716087, 0.000191967337742, 7.71850318415e-05, 1.472767417e-05, 0.00026868697023, 1.98869456653e-05, 4.06942444897e-06, 1.29797890622e-05, 3.27802626998e-05, 7.76634806243e-06, 1.97124904844e-06, 6.1301914684e-05, 5.67865890844e-06, 6.81778089984e-07, 1.72771279949e-07, 1.60736220778e-07, 1.86125337365e-08, 4.72209329416e-08, 3.14467669682e-08, 1.40515910019e-08, 1.54114765394e-08, 1.30718387226e-08, 1.92644922237e-08, 7.74383224211e-09, 2.65343280681e-09, 3.80827636093e-09],
        "max": [0.0363369360566, 0.456061124802, 0.196515724063, 0.14336630702, 0.0365268550813, 0.179749727249, 0.0475446358323, 0.0340825691819, 0.0395347736776, 0.0733313634992, 0.0289787985384, 0.013307146728, 0.0633217394352, 0.020177192986, 0.0128348236904, 0.00372726307251, 0.00373353855684, 0.00118835095782, 0.00185130094178, 0.00136732764076, 0.000794330204371, 0.000985427876003, 0.000946547603235, 0.00098306813743, 0.000559268926736, 0.000306794827338, 0.000254063081229],
        "mean": [0.00120299647097, 0.010009681806, 0.0018966535572, 0.00153652846348, 0.00134780735243, 0.00384417781606, 0.00127370306291, 0.00121713895351, 0.00086957187159, 0.002239913214, 0.000385134626413, 0.000408656342188, 0.001033947221, 0.000288630340947, 0.000369393266737, 8.22731381049e-05, 0.000103554702946, 3.37260644301e-05, 4.1938819777e-05, 8.22822476039e-05, 2.08519359148e-05, 1.46113879964e-05, 1.5493027604e-05, 1.66081008501e-05, 1.1821814951e-05, 1.00866136563e-05, 1.35213203976e-05],
        "median": [0.000315483863233, 0.000663510407321, 0.00028740830021, 0.000322807347402, 0.000625449349172, 0.000485108059365, 0.000343222898664, 0.000276181963272, 0.000184298245586, 0.000491072598379, 6.17819750914e-05, 7.62308482081e-05, 0.0002288374817, 3.62800819858e-05, 0.000120456788864, 1.86085508176e-05, 1.68734222825e-05, 5.79190964345e-06, 7.89040586824e-06, 3.16609180118e-06, 1.51866015585e-06, 5.87457634538e-07, 2.24019828465e-07, 8.19244760919e-08, 4.34016484974e-08, 2.35144472782e-08, 6.0080771469e-09],
        "min": [3.0026678876e-25, 1.0201843077e-24, 9.47239621694e-25, 5.57994992763e-25, 5.56109191186e-24, 1.05591477633e-23, 1.16956123378e-23, 1.04795083106e-23, 1.6055583452e-23, 1.39006331846e-23, 1.14207463771e-23, 2.2382650231e-23, 3.8793563456e-23, 3.16280179986e-23, 4.90290116131e-23, 6.40360174841e-23, 8.59118056509e-23, 7.1802245811e-23, 1.33990220941e-22, 1.98703106325e-22, 2.37042781304e-22, 3.75305460286e-22, 3.84584837425e-22, 5.60389469994e-22, 8.11550210929e-22, 1.27805382312e-21, 2.06885868356e-21],
        "var": [1.1171036931e-05, 0.00146363349631, 6.49146240903e-05, 3.58039796993e-05, 6.22816469331e-06, 0.000170255982084, 7.61123010307e-06, 5.21516358276e-06, 5.13809754921e-06, 3.48919638782e-05, 1.92620768757e-06, 8.5807960204e-07, 1.33290659505e-05, 1.30848388835e-06, 4.64759352781e-07, 4.51394441825e-08, 8.21292047704e-08, 7.56522311463e-09, 1.18952669936e-08, 3.36493108932e-08, 4.68166128087e-09, 4.8230175409e-09, 5.84355763777e-09, 6.72629729692e-09, 2.51700704723e-09, 1.05718889198e-09, 1.61158897338e-09]
    },
    "erbbands": {
        "dmean": [0.231064721942, 1.7336742878, 1.92135894299, 3.67766785622, 2.54879879951, 3.04561567307, 11.2684850693, 23.9920558929, 14.6167907715, 10.485742569, 11.9211187363, 14.6249074936, 23.4886932373, 32.9151077271, 14.2146244049, 16.4786701202, 37.2648696899, 21.2980194092, 17.8173103333, 5.18247938156, 4.59970664978, 3.59246945381, 1.73775565624, 1.43514764309, 2.0051419735, 2.42790532112, 0.796535432339, 0.972776710987, 0.672386646271, 0.432471781969, 0.451909154654, 0.343197673559, 0.331488609314, 0.183385759592, 0.0962919145823, 0.0485249757767, 0.0221966486424, 0.00817368738353, 0.00216856086627, 0.000284825073322],
        "dmean2": [0.337610542774, 2.82101464272, 3.1531791687, 5.97236633301, 4.44712543488, 5.10712480545, 17.3856906891, 38.707485199, 24.5725097656, 17.8401203156, 18.4086112976, 23.7385177612, 39.0741386414, 54.4708518982, 24.6810932159, 28.4018287659, 65.5103302002, 38.0186691284, 30.2216091156, 9.10949897766, 8.06715965271, 6.2460193634, 3.03649115562, 2.51334476471, 3.47297310829, 3.97373700142, 1.28194999695, 1.65470337868, 1.12405407429, 0.668787240982, 0.697476804256, 0.49825745821, 0.552537024021, 0.292714864016, 0.151423886418, 0.0745627954602, 0.033901873976, 0.0126323867589, 0.00336090987548, 0.000449271377875],
        "dvar": [0.78929656744, 53.6140632629, 62.2157516479, 346.151794434, 71.7500991821, 61.5852394104, 2145.18066406, 7973.70849609, 1861.09765625, 864.994689941, 790.147460938, 2080.97460938, 11692.234375, 9391.70898438, 2099.51757812, 1522.60205078, 23075.34375, 21442.7128906, 1582.23339844, 152.269058228, 169.827697754, 133.96257019, 21.4511184692, 16.9511013031, 50.5170593262, 45.3508262634, 4.44408750534, 16.2637195587, 10.1555833817, 3.63871097565, 4.54749536514, 2.09093117714, 2.7683570385, 0.616066455841, 0.111860312521, 0.0224697720259, 0.00383816054091, 0.000410798820667, 2.79441646853e-05, 4.95380106713e-07],
        "dvar2": [1.65486645699, 125.617774963, 162.379547119, 886.102355957, 207.508804321, 174.254226685, 5279.2265625, 19484.4941406, 5281.5546875, 2440.93310547, 1828.52319336, 5481.98681641, 31506.7753906, 24119.5722656, 5728.41503906, 4112.69726562, 65975.5234375, 62089.7890625, 4265.48974609, 425.880554199, 476.16494751, 395.899261475, 61.1883354187, 45.6662826538, 145.016433716, 109.647636414, 11.0805931091, 42.1945724487, 26.9041309357, 8.92271518707, 10.422659874, 4.72778892517, 7.68228530884, 1.65222156048, 0.285956948996, 0.0546758472919, 0.00936290435493, 0.000922935840208, 6.24817621429e-05, 1.17535807931e-06],
        "max": [12.2483406067, 104.188476562, 140.308639526, 515.99597168, 137.326400757, 150.114120483, 756.938171387, 1504.18859863, 773.240844727, 375.621429443, 872.300109863, 895.49609375, 1898.79052734, 2722.39379883, 715.272583008, 693.66394043, 2055.5168457, 2087.70141602, 765.181396484, 161.689880371, 173.160552979, 215.892227173, 68.3431243896, 76.6840362549, 106.409996033, 74.1169891357, 23.6468410492, 38.457988739, 42.8073654175, 24.7050666809, 27.0478248596, 15.2944574356, 19.7161846161, 8.44712734222, 3.1915769577, 1.52786827087, 0.569922447205, 0.148063421249, 0.033308621496, 0.00487351790071],
        "mean": [0.308717161417, 2.13517904282, 2.41878318787, 4.65623569489, 3.52018737793, 4.86357975006, 17.241060257, 33.6626625061, 22.2013607025, 19.00715065, 23.9191036224, 25.1833667755, 51.2901077271, 52.1354560852, 17.4714565277, 23.4834823608, 44.3398170471, 21.3823413849, 26.7613506317, 7.11347150803, 5.38686800003, 4.84595489502, 2.20872783661, 1.63318216801, 2.84893488884, 4.47281122208, 1.19493424892, 0.829643428326, 0.552907288074, 0.396646529436, 0.439520150423, 0.345769315958, 0.274392127991, 0.146738305688, 0.0782517567277, 0.0418471470475, 0.0184241514653, 0.00698305480182, 0.00181016209535, 0.000244359544013],
        "median": [0.0142624992877, 0.185823023319, 0.491860210896, 0.762832820415, 1.57863557339, 2.1366045475, 2.59354972839, 4.47796869278, 6.54610872269, 5.9165353775, 6.10579633713, 6.62017011642, 7.22844409943, 14.6109638214, 5.42939996719, 8.45643997192, 12.6327810287, 4.35547018051, 8.37224578857, 2.95336794853, 1.2219274044, 0.806211411953, 0.468038499355, 0.341969072819, 0.438963443041, 0.179365649819, 0.083474136889, 0.0470438823104, 0.0227221883833, 0.0114617794752, 0.00600931234658, 0.00236845132895, 0.00120020180475, 0.00056927150581, 0.000287365517579, 0.0001323739707, 4.97791625094e-05, 1.0776993804e-05, 1.32155073516e-05, 1.93031046365e-05],
        "min": [4.50967482599e-23, 1.48776023903e-22, 1.26199165583e-21, 2.45019621609e-21, 9.31104951307e-21, 1.74031756921e-20, 4.06164583133e-20, 1.05258972054e-19, 1.43139805141e-19, 2.13646884022e-19, 1.75322455945e-19, 3.29413951451e-19, 4.50619511687e-19, 4.63459681239e-19, 1.11040808147e-18, 8.5517292147e-19, 1.59918962242e-18, 1.63089710966e-18, 2.71501542671e-18, 3.32355131705e-18, 3.39285788545e-18, 4.6142744323e-18, 3.59251281554e-18, 5.89040029129e-18, 6.41287734468e-18, 7.8132229842e-18, 9.68009104457e-18, 1.17178951513e-17, 1.18503011248e-17, 1.16022635735e-17, 1.13968001812e-17, 1.05360393445e-17, 9.00502894666e-18, 7.82561745849e-18, 6.2389791645e-18, 3.86553080775e-18, 2.32526736082e-18, 1.03070984984e-18, 2.87437146152e-19, 2.94247789425e-20],
        "var": [1.4687526226, 68.7730102539, 63.5960350037, 417.513427734, 60.5354728699, 85.648765564, 3189.96459961, 12093.9365234, 2020.00878906, 1201.98339844, 2517.1237793, 3330.17822266, 33911.1484375, 19086.8300781, 1898.01196289, 2068.26904297, 15774.6806641, 12770.2138672, 2366.55102539, 158.415771484, 159.959564209, 198.152160645, 28.3238506317, 15.589343071, 41.2313613892, 101.21496582, 6.02283430099, 12.4527750015, 7.63575410843, 3.48503494263, 4.76537179947, 2.5547811985, 2.11894750595, 0.479196995497, 0.0954341739416, 0.0213472135365, 0.00354755972512, 0.0004151945177, 2.76505888905e-05, 4.50728322221e-07]
    },
    "gfcc": {
        "mean": [-140.994567871, 158.687469482, -120.924430847, -11.5065040588, -35.5199737549, -2.99468636513, -17.1952629089, -5.23235845566, -15.3693389893, 2.50291776657, -5.97095060349, -8.21360778809, -1.88003027439],
        "cov": [[29215.2480469, 389.748352051, -713.168579102, 2295.22753906, 527.639770508, 539.996582031, -117.689483643, -411.268890381, -541.470031738, 187.53012085, 56.6346969604, -187.968261719, -385.846954346], [389.748352051, 4486.79638672, -1177.04016113, -235.525360107, 662.689575195, -565.893920898, 329.252471924, -405.342376709, 275.696258545, -179.462356567, 239.47555542, -296.998077393, 239.396286011], [-713.168579102, -1177.04016113, 2292.75683594, 113.523490906, 203.062042236, 722.723083496, -92.2858200073, 323.606750488, -16.6310462952, 46.4233093262, -66.6095199585, 212.636703491, -151.101989746], [2295.22753906, -235.525360107, 113.523490906, 1295.68774414, 204.913604736, 249.606018066, 221.07925415, -81.1030578613, -58.2644805908, 69.0575790405, 61.3225250244, -45.018535614, -95.0695114136], [527.639770508, 662.689575195, 203.062042236, 204.913604736, 652.041564941, 123.975791931, 67.0155258179, -33.5540885925, 19.1912631989, -1.87177109718, 76.0724716187, -49.3224182129, -36.4224319458], [539.996582031, -565.893920898, 722.723083496, 249.606018066, 123.975791931, 593.85760498, -7.36554574966, 125.852172852, -20.5122146606, -2.53990530968, -11.0517654419, 90.760925293, -132.397903442], [-117.689483643, 329.252471924, -92.2858200073, 221.07925415, 67.0155258179, -7.36554574966, 289.753448486, -7.90022468567, 20.9350147247, 20.3853683472, 44.6202392578, -62.4855766296, 15.6413431168], [-411.268890381, -405.342376709, 323.606750488, -81.1030578613, -33.5540885925, 125.852172852, -7.90022468567, 223.871246338, 48.2207145691, 28.4775791168, -62.8983764648, 67.8389511108, -11.1064453125], [-541.470031738, 275.696258545, -16.6310462952, -58.2644805908, 19.1912631989, -20.5122146606, 20.9350147247, 48.2207145691, 195.070846558, -6.42856168747, 12.5673313141, 20.3980789185, 52.3849067688], [187.53012085, -179.462356567, 46.4233093262, 69.0575790405, -1.87177109718, -2.53990530968, 20.3853683472, 28.4775791168, -6.42856168747, 146.184555054, 43.5419006348, 0.333877325058, -25.0608921051], [56.6346969604, 239.47555542, -66.6095199585, 61.3225250244, 76.0724716187, -11.0517654419, 44.6202392578, -62.8983764648, 12.5673313141, 43.5419006348, 134.649490356, 7.46579170227, -6.34624814987], [-187.968261719, -296.998077393, 212.636703491, -45.018535614, -49.3224182129, 90.760925293, -62.4855766296, 67.8389511108, 20.3980789185, 0.333877325058, 7.46579170227, 134.968338013, 30.1467285156], [-385.846954346, 239.396286011, -151.101989746, -95.0695114136, -36.4224319458, -132.397903442, 15.6413431168, -11.1064453125, 52.3849067688, -25.0608921051, -6.34624814987, 30.1467285156, 165.393676758]],
        "icov": [[4.77541361761e-05, -3.85996645491e-05, 3.64631341654e-05, -9.53010312514e-05, 3.5169146031e-06, -6.23583837296e-05, 0.000119323922263, -5.66860808249e-06, 0.000127998617245, -0.00010523693345, 8.6787957116e-05, -3.89380402339e-05, 3.89408487536e-05], [-3.85996645491e-05, 0.000641536142211, 4.45276855316e-05, 0.000296745798551, -0.000533832702786, 0.00017395352188, -0.000472936779261, 0.000507685181219, -0.00080095656449, 0.000746864767279, -0.000768682104535, 0.000880695530213, -0.000530037796125], [3.64631341654e-05, 4.45276855316e-05, 0.000902963278349, 2.29268407566e-05, -0.00033649962279, -0.000783302239142, 7.48685561121e-05, -0.000431149179349, 0.000165995923453, -0.000307918468025, 0.000371455273125, -0.000692253874149, 0.000162759970408], [-9.53010312514e-05, 0.000296745798551, 2.29268407566e-05, 0.00143975834362, -0.000421923003159, -0.000426210695878, -0.00136273086537, 0.0012403918663, -0.000458322727354, -0.000348201720044, 0.000269367854344, -0.000124711630633, 0.000100224198832], [3.5169146031e-06, -0.000533832702786, -0.00033649962279, -0.000421923003159, 0.00250556715764, -0.000482254108647, 0.000596718222369, -0.000714884139597, 0.000403434823966, 6.7882850999e-05, -0.00113788514864, 0.00111294758972, -7.17852235539e-05], [-6.23583837296e-05, 0.00017395352188, -0.000783302239142, -0.000426210695878, -0.000482254108647, 0.0041459496133, -0.000564079848118, -0.000714174471796, -0.000300311134197, 0.00152744166553, -0.000246276060352, -0.00199070456438, 0.00254011852667], [0.000119323922263, -0.000472936779261, 7.48685561121e-05, -0.00136273086537, 0.000596718222369, -0.000564079848118, 0.00616159243509, -0.00282391929068, 0.000798123306595, 8.08230252005e-05, -0.00270053255372, 0.00387413892895, -0.00189477996901], [-5.66860808249e-06, 0.000507685181219, -0.000431149179349, 0.0012403918663, -0.000714884139597, -0.000714174471796, -0.00282391929068, 0.0111114224419, -0.00329217361286, -0.00343993562274, 0.0065401904285, -0.00465648761019, 0.00147630774882], [0.000127998617245, -0.00080095656449, 0.000165995923453, -0.000458322727354, 0.000403434823966, -0.000300311134197, 0.000798123306595, -0.00329217361286, 0.00766602065414, -3.24074317177e-05, -0.00114831980318, -0.000382904225262, -0.00150919309817], [-0.00010523693345, 0.000746864767279, -0.000307918468025, -0.000348201720044, 6.7882850999e-05, 0.00152744166553, 8.08230252005e-05, -0.00343993562274, -3.24074317177e-05, 0.0107663013041, -0.00646465178579, 0.00295559223741, 4.58510767203e-05], [8.6787957116e-05, -0.000768682104535, 0.000371455273125, 0.000269367854344, -0.00113788514864, -0.000246276060352, -0.00270053255372, 0.0065401904285, -0.00114831980318, -0.00646465178579, 0.0162214338779, -0.00836268346757, 0.00358700263314], [-3.89380402339e-05, 0.000880695530213, -0.000692253874149, -0.000124711630633, 0.00111294758972, -0.00199070456438, 0.00387413892895, -0.00465648761019, -0.000382904225262, 0.00295559223741, -0.00836268346757, 0.018340934068, -0.007192063611], [3.89408487536e-05, -0.000530037796125, 0.000162759970408, 0.000100224198832, -7.17852235539e-05, 0.00254011852667, -0.00189477996901, 0.00147630774882, -0.00150919309817, 4.58510767203e-05, 0.00358700263314, -0.007192063611, 0.011339914985]]
    },
    "melbands": {
        "dmean": [0.00219213031232, 0.0013986408012, 0.000584770867135, 0.000182624600711, 0.000345597101841, 0.000530277495272, 0.000211935141124, 0.000113526955829, 9.72149355221e-05, 9.12849936867e-05, 0.000120338692795, 0.000141968252137, 5.39570028195e-05, 3.78048753191e-05, 5.20047215105e-05, 9.47145672399e-05, 3.34860851581e-05, 2.98958566418e-05, 1.09912507469e-05, 6.01311512582e-06, 5.79746256335e-06, 4.85200325784e-06, 1.76492812898e-06, 1.47043795096e-06, 1.14134468276e-06, 1.49376933223e-06, 1.54500798999e-06, 1.58157433816e-06, 5.1251623745e-07, 3.94119155089e-07, 6.69498263051e-07, 4.41961731212e-07, 2.04341446874e-07, 2.53500360259e-07, 2.64317634446e-07, 2.13380587866e-07, 2.26582173468e-07, 2.44608884259e-07, 1.94647199692e-07, 1.49657637394e-07],
        "dmean2": [0.00334967928939, 0.00224620313384, 0.000966762250755, 0.000313368946081, 0.000531974306796, 0.000851056945976, 0.000356503209332, 0.000190889666555, 0.000150252337335, 0.000150593099534, 0.000200969327125, 0.000234623803408, 9.55102150328e-05, 6.50307847536e-05, 8.7806423835e-05, 0.000171881969436, 5.98829574301e-05, 5.05735515617e-05, 1.87896857824e-05, 1.07362620838e-05, 1.00728402685e-05, 8.43987618282e-06, 3.09501047013e-06, 2.57940951087e-06, 1.99776400223e-06, 2.62825437858e-06, 2.5497158731e-06, 2.60327510659e-06, 8.38277742332e-07, 6.21566982772e-07, 1.17603087801e-06, 7.52399671455e-07, 3.28018643359e-07, 3.90743707612e-07, 4.07176372619e-07, 3.21821033822e-07, 3.44884114156e-07, 4.18970245164e-07, 3.21321465435e-07, 2.41651292754e-07],
        "dvar": [7.59076792747e-05, 2.73747227766e-05, 7.70162296249e-06, 2.5112098001e-07, 1.85041380973e-06, 3.9583032958e-06, 3.9685454567e-07, 9.09665018867e-08, 4.98278716066e-08, 9.836124093e-08, 3.0283828778e-07, 1.73529642211e-07, 4.23337453981e-08, 8.60644799872e-09, 8.76251338155e-09, 3.12032710781e-07, 5.26926591249e-08, 4.65065097544e-09, 4.90975760048e-10, 3.24557880571e-10, 2.79192891028e-10, 2.68624816835e-10, 2.54652583742e-11, 1.60109078773e-11, 1.07910156505e-11, 4.00626996855e-11, 1.37465915387e-11, 2.08043408889e-11, 1.61203884443e-12, 2.10903950554e-12, 8.5186449908e-12, 4.40057061971e-12, 8.56419102302e-13, 1.21778845688e-12, 1.52830547696e-12, 9.08616552223e-13, 9.23816687211e-13, 1.4821323422e-12, 1.10970889595e-12, 3.63363744475e-13],
        "dvar2": [0.000169047125382, 6.66319174343e-05, 1.99730984605e-05, 7.37113396099e-07, 4.51770711152e-06, 9.61985915637e-06, 1.12595751034e-06, 2.5151152272e-07, 1.17857510418e-07, 2.65679176437e-07, 8.18971557237e-07, 4.42305776005e-07, 1.17480951189e-07, 2.34036079405e-08, 2.32961046009e-08, 9.05118838546e-07, 1.52745840865e-07, 1.24861152528e-08, 1.29153776562e-09, 9.224770392e-10, 7.79452613564e-10, 7.9787976226e-10, 7.24353910186e-11, 4.63883237378e-11, 2.86811043665e-11, 1.16506249093e-10, 3.38143159306e-11, 5.15727911765e-11, 4.0471042316e-12, 5.12586284182e-12, 2.25129758585e-11, 1.16962750249e-11, 2.16931637584e-12, 2.92849793894e-12, 3.43217988752e-12, 1.98374476568e-12, 2.14085433409e-12, 4.13704270494e-12, 3.06304829591e-12, 9.72277705395e-13],
        "max": [0.126201212406, 0.0670761838555, 0.0742941349745, 0.00736975762993, 0.0222082193941, 0.0334784314036, 0.0107833584771, 0.00388553901576, 0.00653084833175, 0.00598152168095, 0.0093878544867, 0.0119175678119, 0.00330044631846, 0.00140297866892, 0.0012472543167, 0.00766565511003, 0.00334359752014, 0.00110404286534, 0.000538774358574, 0.00028531611315, 0.00024342314282, 0.000314268138027, 0.000101662590168, 9.06761779333e-05, 7.31056279619e-05, 9.90897096926e-05, 4.65745470137e-05, 4.85512391606e-05, 1.33766125145e-05, 1.88565772987e-05, 2.81163738691e-05, 2.80261810985e-05, 1.22044075397e-05, 1.40061856655e-05, 1.54287645273e-05, 1.17108111226e-05, 9.67376490735e-06, 1.37293936859e-05, 1.34089295898e-05, 5.76471711611e-06],
        "mean": [0.00287738884799, 0.00187380169518, 0.000743328244425, 0.000278499879641, 0.000543476024177, 0.000744139018934, 0.000317149824696, 0.000216309985262, 0.000189314538147, 0.000149836239871, 0.000256777420873, 0.000221244175918, 5.33256788913e-05, 5.13625236636e-05, 7.77310269768e-05, 9.23722036532e-05, 3.32687995979e-05, 4.44811230409e-05, 1.62990982062e-05, 6.45449881631e-06, 6.68410757498e-06, 6.32766978015e-06, 2.14236297325e-06, 1.67701000464e-06, 1.18702928376e-06, 1.73810872184e-06, 2.83358053821e-06, 2.84493626168e-06, 7.61656394843e-07, 4.17505646055e-07, 5.20870571563e-07, 3.5244670471e-07, 1.90503300246e-07, 2.31782422588e-07, 2.57803407067e-07, 2.15527563796e-07, 2.24987985575e-07, 2.03886330041e-07, 1.53829077476e-07, 1.1775362907e-07],
        "median": [0.000205209827982, 0.000294265628327, 0.00016898397007, 0.000141169090057, 9.82412748272e-05, 9.28668450797e-05, 8.69270224939e-05, 6.57400814816e-05, 4.78930414829e-05, 3.19746468449e-05, 3.38725949405e-05, 5.90155432292e-05, 1.0542261407e-05, 1.16000419439e-05, 3.6952424125e-05, 1.8653456209e-05, 3.15325337397e-06, 1.32434270199e-05, 5.94541779719e-06, 1.59433375302e-06, 1.15334626116e-06, 8.287346418e-07, 4.90379363782e-07, 2.70599599617e-07, 2.25684900101e-07, 3.41295390172e-07, 1.84886332022e-07, 9.39676780831e-08, 5.47304175313e-08, 2.90465855812e-08, 2.61900527931e-08, 1.3072164684e-08, 7.94459964482e-09, 4.9706350147e-09, 3.631337675e-09, 1.8057481066e-09, 1.13304798877e-09, 8.47708847562e-10, 5.68844471527e-10, 3.78100412091e-10],
        "min": [4.06164068322e-25, 7.25031753493e-25, 1.03217657118e-24, 7.26116683757e-25, 1.23889264101e-24, 2.83393448428e-24, 2.33334603357e-24, 1.97970008419e-24, 1.29218660466e-24, 2.20595189991e-24, 2.0904175011e-24, 1.30814802178e-24, 3.55596999614e-24, 2.99713777544e-24, 2.43154718615e-24, 2.34103900512e-24, 2.66564126534e-24, 2.76792556196e-24, 3.77104779435e-24, 2.96062140413e-24, 3.27700235321e-24, 3.91839044537e-24, 3.62382978336e-24, 3.64607250544e-24, 4.41871009172e-24, 4.23888254305e-24, 3.68556248793e-24, 5.05106533208e-24, 4.89789773214e-24, 5.13316760851e-24, 6.39666127128e-24, 4.98615982895e-24, 5.72455296333e-24, 4.97160889512e-24, 5.63392073393e-24, 5.71426818928e-24, 4.94671678369e-24, 6.02457727597e-24, 6.03221581611e-24, 5.65195212207e-24],
        "var": [0.000120108605188, 3.79128105124e-05, 8.76772810443e-06, 2.33345730294e-07, 2.85245255327e-06, 6.03275020694e-06, 4.40070181185e-07, 1.54695158017e-07, 1.53298131522e-07, 1.37720363114e-07, 8.44552232593e-07, 3.67041764093e-07, 3.01902112199e-08, 1.14933076389e-08, 1.35403510626e-08, 1.84046612617e-07, 3.15466124334e-08, 6.77402312022e-09, 8.42434288995e-10, 2.55611781741e-10, 3.03661262802e-10, 4.04758476735e-10, 2.80034433142e-11, 2.09058065997e-11, 9.96473303178e-12, 2.60002887276e-11, 3.45211567665e-11, 4.23265276994e-11, 2.33007211616e-12, 1.960109592e-12, 6.14524750531e-12, 3.24734726956e-12, 7.59467684054e-13, 1.21157424371e-12, 1.64118978824e-12, 1.05359232623e-12, 1.10398181482e-12, 1.14961122219e-12, 7.76665515755e-13, 2.8369345176e-13]
    },
    "mfcc": {
        "mean": [-773.159423828, 187.161056519, -11.6056146622, 6.18234729767, -2.23555088043, 4.154484272, 5.60671234131, -5.87253093719, 1.34855616093, 6.00163793564, -1.82499539852, -0.66975235939, 3.23464274406],
        "cov": [[14987.4404297, 2598.81567383, -1871.18737793, 1031.62072754, 130.548202515, 408.866394043, 395.525543213, -346.885467529, -280.652709961, 169.908096313, 36.7915344238, -52.2020149231, -174.002410889], [2598.81567383, 3735.38574219, -743.239318848, 232.035461426, 366.415222168, 159.964874268, 118.779838562, -126.711265564, -6.39575099945, 27.1871109009, 41.2416648865, -7.56192541122, 0.0742813423276], [-1871.18737793, -743.239318848, 1532.36657715, -275.562194824, 208.993347168, 112.010505676, 17.7033958435, 287.743896484, 120.4610672, -11.6760606766, 1.02109956741, 67.9009857178, 59.2370948792], [1031.62072754, 232.035461426, -275.562194824, 834.137573242, 36.8915328979, 207.801071167, 273.000457764, -76.5479736328, -4.50902462006, 100.328308105, 73.984954834, 30.962053299, -0.146073788404], [130.548202515, 366.415222168, 208.993347168, 36.8915328979, 560.303649902, 232.235198975, 127.956474304, 127.089416504, -21.9512691498, 3.23490619659, 92.5716552734, 30.1567897797, -19.4316177368], [408.866394043, 159.964874268, 112.010505676, 207.801071167, 232.235198975, 319.447052002, 207.057022095, 67.2607192993, -20.4676837921, 43.4186973572, 81.3529281616, 36.4848937988, 3.84943938255], [395.525543213, 118.779838562, 17.7033958435, 273.000457764, 127.956474304, 207.057022095, 337.607391357, 43.8980941772, -33.4568138123, 60.7037124634, 73.8424301147, 36.2880897522, 17.035533905], [-346.885467529, -126.711265564, 287.743896484, -76.5479736328, 127.089416504, 67.2607192993, 43.8980941772, 222.133377075, 81.5482940674, -1.19370889664, 36.807723999, 13.112118721, -8.62652683258], [-280.652709961, -6.39575099945, 120.4610672, -4.50902462006, -21.9512691498, -20.4676837921, -33.4568138123, 81.5482940674, 170.542739868, 43.5361366272, -26.129529953, -8.74515342712, 4.35091018677], [169.908096313, 27.1871109009, -11.6760606766, 100.328308105, 3.23490619659, 43.4186973572, 60.7037124634, -1.19370889664, 43.5361366272, 101.241233826, 43.8743667603, 11.6954565048, 18.9624271393], [36.7915344238, 41.2416648865, 1.02109956741, 73.984954834, 92.5716552734, 81.3529281616, 73.8424301147, 36.807723999, -26.129529953, 43.8743667603, 148.120742798, 79.6448364258, 13.3573389053], [-52.2020149231, -7.56192541122, 67.9009857178, 30.962053299, 30.1567897797, 36.4848937988, 36.2880897522, 13.112118721, -8.74515342712, 11.6954565048, 79.6448364258, 123.284790039, 55.1992912292], [-174.002410889, 0.0742813423276, 59.2370948792, -0.146073788404, -19.4316177368, 3.84943938255, 17.035533905, -8.62652683258, 4.35091018677, 18.9624271393, 13.3573389053, 55.1992912292, 100.98462677]],
