{
"lowlevel": {
    "average_loudness": 0.764492332935,
    "barkbands_crest": {
        "dmean": 1.78768742085,
        "dmean2": 2.72038841248,
        "dvar": 2.86922597885,
        "dvar2": 6.95253944397,
        "max": 25.4909591675,
        "mean": 11.8848276138,
        "median": 11.3162555695,
        "min": 3.99084305763,
        "var": 14.0835971832
    },
    "barkbands_flatness_db": {
        "dmean": 0.0140446973965,
        "dmean2": 0.0215557236224,
        "dvar": 0.000205326534342,
        "dvar2": 0.000501926755533,
        "max": 0.465320199728,
        "mean": 0.285768091679,
        "median": 0.287684798241,
        "min": 0.0616686232388,
        "var": 0.00112133950461
    },
    "barkbands_kurtosis": {
        "dmean": 1.35559475422,
        "dmean2": 2.00407290459,
        "dvar": 6.61549520493,
        "dvar2": 14.8486337662,
        "max": 93.5295333862,
        "mean": 2.19658493996,
        "median": 0.823113679886,
        "min": -1.93018937111,
        "var": 23.6293716431
    },
    "barkbands_skewness": {
        "dmean": 0.349785149097,
        "dmean2": 0.506029844284,
        "dvar": 0.127313837409,
        "dvar2": 0.275462090969,
        "max": 8.8448677063,
        "mean": 0.896097004414,
        "median": 0.873290300369,
        "min": -2.69018173218,
        "var": 1.02031505108
    },
    "barkbands_spread": {
        "dmean": 1.2865717411,
        "dmean2": 1.93543219566,
        "dvar": 2.31594419479,
        "dvar2": 5.20631599426,
        "max": 33.9399147034,
        "mean": 8.40034675598,
        "median": 7.34459018707,
        "min": 0.645721971989,
        "var": 20.8333034515
    },
    "dissonance": {
        "dmean": 0.0429644212127,
        "dmean2": 0.0734463557601,
        "dvar": 0.00158096046653,
        "dvar2": 0.00432001147419,
        "max": 0.499998092651,
        "mean": 0.38546025753,
        "median": 0.39214655757,
        "min": 0.141965940595,
        "var": 0.00296441931278
    },
    "dynamic_complexity": 3.47098469734,
    "erbbands_crest": {
        "dmean": 2.52547717094,
        "dmean2": 3.7171587944,
        "dvar": 6.36133480072,
        "dvar2": 13.6322345734,
        "max": 33.5397109985,
        "mean": 15.3917541504,
        "median": 14.2684020996,
        "min": 2.79096126556,
        "var": 42.5460014343
    },
    "erbbands_flatness_db": {
        "dmean": 0.0147464051843,
        "dmean2": 0.0214464999735,
        "dvar": 0.000265094044153,
        "dvar2": 0.00056629505707,
        "max": 0.432905346155,
        "mean": 0.312287092209,
        "median": 0.314287960529,
        "min": 0.0526470057666,
        "var": 0.00171877886169
    },
    "erbbands_kurtosis": {
        "dmean": 1.22143578529,
        "dmean2": 1.81405293941,
        "dvar": 4.39356994629,
        "dvar2": 10.7800102234,
        "max": 76.8112869263,
        "mean": 1.57115471363,
        "median": 0.594968795776,
        "min": -1.7744615078,
        "var": 11.0521860123
    },
    "erbbands_skewness": {
        "dmean": 0.364000111818,
        "dmean2": 0.523295938969,
        "dvar": 0.129868432879,
        "dvar2": 0.283795922995,
        "max": 7.38970136642,
        "mean": -0.131590619683,
        "median": 0.0620401017368,
        "min": -5.46076869965,
        "var": 1.28026521206
    },
    "erbbands_spread": {
        "dmean": 2.3831987381,
        "dmean2": 3.5534965992,
        "dvar": 6.69558954239,
        "dvar2": 15.0998048782,
        "max": 77.960067749,
        "mean": 13.7755126953,
        "median": 13.2382316589,
        "min": 1.37865948677,
        "var": 34.453754425
    },
    "hfc": {
        "dmean": 3.0607509613,
        "dmean2": 4.35366535187,
        "dvar": 18.2528057098,
        "dvar2": 38.7081413269,
        "max": 83.9014358521,
        "mean": 14.2868833542,
        "median": 10.9153966904,
        "min": 1.06890958819e-16,
        "var": 127.834762573
    },
    "melbands_crest": {
        "dmean": 1.86915802956,
        "dmean2": 2.8548271656,
        "dvar": 3.2853910923,
        "dvar2": 7.97104787827,
        "max": 33.5173492432,
        "mean": 13.2143249512,
        "median": 12.7089033127,
        "min": 1.82217311859,
        "var": 15.9010467529
    },
    "melbands_flatness_db": {
        "dmean": 0.0145171741024,
        "dmean2": 0.022291155532,
        "dvar": 0.000298509607092,
        "dvar2": 0.000719155650586,
        "max": 0.618736028671,
        "mean": 0.379019498825,
        "median": 0.381343662739,
        "min": 0.00429369183257,
        "var": 0.00192056503147
    },
    "melbands_kurtosis": {
        "dmean": 1.80726516247,
        "dmean2": 2.65091919899,
        "dvar": 11.4564151764,
        "dvar2": 27.3589820862,
        "max": 174.256469727,
        "mean": 3.54907369614,
        "median": 1.82608985901,
        "min": -1.90227091312,
        "var": 38.0544090271
    },
    "melbands_skewness": {
        "dmean": 0.356703341007,
        "dmean2": 0.51609146595,
        "dvar": 0.138393938541,
        "dvar2": 0.306618064642,
        "max": 10.3845462799,
        "mean": 1.34876155853,
        "median": 1.31484913826,
        "min": -1.79498326778,
        "var": 0.96160620451
    },
    "melbands_spread": {
        "dmean": 2.21357893944,
        "dmean2": 3.31679153442,
        "dvar": 9.35520648956,
        "dvar2": 20.5840511322,
        "max": 167.361663818,
        "mean": 12.7598762512,
        "median": 10.2485790253,
        "min": 0.707131206989,
        "var": 103.300010681
    },
    "pitch_salience": {
        "dmean": 0.0436292514205,
        "dmean2": 0.067572593689,
        "dvar": 0.00172045629006,
        "dvar2": 0.00428475392982,
        "max": 0.98895919323,
        "mean": 0.489330738783,
        "median": 0.484936177731,
        "min": 0.128142371774,
        "var": 0.00886671245098
    },
    "silence_rate_20dB": {
        "dmean": 0,
        "dmean2": 0,
        "dvar": 0,
        "dvar2": 0,
        "max": 1,
        "mean": 1,
        "median": 1,
        "min": 1,
        "var": 0
    },
    "silence_rate_30dB": {
        "dmean": 0.00273889233358,
        "dmean2": 0.00547820143402,
        "dvar": 0.0027314776089,
        "dvar2": 0.00697015225887,
        "max": 1,
        "mean": 0.997565627098,
        "median": 1,
        "min": 0,
        "var": 0.00242833490483
    },
    "silence_rate_60dB": {
        "dmean": 0.00152160681318,
        "dmean2": 0.00304344529286,
        "dvar": 0.00151916651521,
        "dvar2": 0.00318600307219,
        "max": 1,
        "mean": 0.032788131386,
        "median": 0,
        "min": 0,
        "var": 0.0317135937512
    },
    "spectral_centroid": {
        "dmean": 57.2066116333,
        "dmean2": 86.0996170044,
        "dvar": 10658.3740234,
        "dvar2": 20075.8945312,
        "max": 11754.5498047,
        "mean": 576.937133789,
        "median": 502.204711914,
        "min": 234.29246521,
        "var": 371026.3125
    },
    "spectral_complexity": {
        "dmean": 1.36777234077,
        "dmean2": 2.30464887619,
        "dvar": 1.44136345387,
        "dvar2": 3.72325897217,
        "max": 21,
        "mean": 10.763256073,
        "median": 11,
        "min": 0,
        "var": 8.62724971771
    },
    "spectral_decrease": {
        "dmean": 1.37636713138e-09,
        "dmean2": 1.98176119959e-09,
        "dvar": 4.20251054082e-18,
        "dvar2": 9.59488316967e-18,
        "max": 4.32528923902e-24,
        "mean": -7.5461397131e-09,
        "median": -6.54238396791e-09,
        "min": -3.87964007587e-08,
        "var": 2.52355698795e-17
    },
    "spectral_energy": {
        "dmean": 0.00543264858425,
        "dmean2": 0.00782468914986,
        "dvar": 6.34580646874e-05,
        "dvar2": 0.000144041987369,
        "max": 0.149974197149,
        "mean": 0.0297765787691,
        "median": 0.0258616860956,
        "min": 9.89377402081e-21,
        "var": 0.000392703164835
    },
    "spectral_energyband_high": {
        "dmean": 3.35256686412e-06,
        "dmean2": 6.10795268585e-06,
        "dvar": 1.15388087973e-09,
        "dvar2": 3.36495098452e-09,
        "max": 0.000994599657133,
        "mean": 4.47324782726e-06,
        "median": 1.84084296961e-06,
        "min": 7.07821035101e-21,
        "var": 6.45141662314e-10
    },
    "spectral_energyband_low": {
        "dmean": 0.00205682450905,
        "dmean2": 0.00326208537444,
        "dvar": 3.93898008042e-05,
        "dvar2": 9.56230505835e-05,
        "max": 0.10490911454,
        "mean": 0.00567965954542,
        "median": 0.00360305397771,
        "min": 2.57690344596e-23,
        "var": 6.06382454862e-05
    },
    "spectral_energyband_middle_high": {
        "dmean": 0.00221533421427,
        "dmean2": 0.00315930694342,
        "dvar": 1.27742096083e-05,
        "dvar2": 2.67426166829e-05,
        "max": 0.0535688698292,
        "mean": 0.00665330840275,
        "median": 0.00254480983131,
        "min": 1.18563375723e-21,
        "var": 6.2960672949e-05
    },
    "spectral_energyband_middle_low": {
        "dmean": 0.00319939572364,
        "dmean2": 0.00443769898266,
        "dvar": 1.73681401066e-05,
        "dvar2": 3.94163944293e-05,
        "max": 0.109724521637,
        "mean": 0.0187036264688,
        "median": 0.0154085988179,
        "min": 1.93325296384e-22,
        "var": 0.000196332519408
    },
    "spectral_entropy": {
        "dmean": 0.110971234739,
        "dmean2": 0.170414537191,
        "dvar": 0.0139776570722,
        "dvar2": 0.0340673103929,
        "max": 9.82366943359,
        "mean": 6.12249231339,
        "median": 6.10467386246,
        "min": 5.03426218033,
        "var": 0.108957998455
    },
    "spectral_flux": {
        "dmean": 0.015677832067,
        "dmean2": 0.025850886479,
        "dvar": 0.000508188619278,
        "dvar2": 0.00112091377378,
        "max": 0.300053179264,
        "mean": 0.0485564917326,
        "median": 0.0411376282573,
        "min": 6.40106648242e-11,
        "var": 0.00108457845636
    },
    "spectral_kurtosis": {
        "dmean": 15.6841640472,
        "dmean2": 28.082818985,
        "dvar": 158.254882812,
        "dvar2": 477.066314697,
        "max": 373.213439941,
        "mean": 37.426525116,
        "median": 35.1256484985,
        "min": -1.26104545593,
        "var": 381.803955078
    },
    "spectral_rms": {
        "dmean": 0.00045581854647,
        "dmean2": 0.0006494440604,
        "dvar": 3.0255779393e-07,
        "dvar2": 6.64036463149e-07,
        "max": 0.0120961274952,
        "mean": 0.00506062060595,
        "median": 0.00502303801477,
        "min": 3.10684117322e-12,
        "var": 3.44053432855e-06
    },
    "spectral_rolloff": {
        "dmean": 81.404586792,
        "dmean2": 141.907455444,
        "dvar": 77978.734375,
        "dvar2": 138857.046875,
        "max": 19745.9472656,
        "mean": 829.796813965,
        "median": 753.662109375,
        "min": 64.599609375,
        "var": 1153128.875
    },
    "spectral_skewness": {
        "dmean": 0.976896762848,
        "dmean2": 1.75582027435,
        "dvar": 0.565976262093,
        "dvar2": 1.77362430096,
        "max": 15.3729076385,
        "mean": 4.13333749771,
        "median": 4.00173950195,
        "min": -0.104665331542,
        "var": 1.3239710331
    },
    "spectral_spread": {
        "dmean": 238696.21875,
        "dmean2": 420994.28125,
        "dvar": 120066007040,
        "dvar2": 252985573376,
        "max": 42308492,
        "mean": 1588094.75,
        "median": 1403201.875,
        "min": 250194.125,
        "var": 4.89730133197e+12
    },
    "spectral_strongpeak": {
        "dmean": 0.708129942417,
        "dmean2": 1.17666924,
        "dvar": 1.56126117706,
        "dvar2": 3.54273152351,
        "max": 10.9104137421,
        "mean": 1.81051206589,
        "median": 0.936688303947,
        "min": 0,
        "var": 3.98257160187
    },
    "zerocrossingrate": {
        "dmean": 0.00285119260661,
        "dmean2": 0.00359859899618,
        "dvar": 2.95335339615e-05,
        "dvar2": 4.49697981821e-05,
        "max": 0.5224609375,
        "mean": 0.0282051227987,
        "median": 0.0244140625,
        "min": 0.00439453125,
        "var": 0.000842992099933
    },
    "barkbands": {
        "dmean": [8.10494457255e-05, 0.00133446289692, 0.000826940813567, 0.000595307152253, 0.00215921201743, 0.000580863968935, 0.000600787228905, 0.000635229109321, 0.000252877274761, 0.000463343807496, 0.00118722394109, 0.000455677014543, 0.000449481682153, 0.000167190315551, 7.60306065786e-05, 2.37701951846e-05, 2.67534596787e-05, 1.37239585456e-05, 3.31786645802e-06, 1.61482603289e-06, 2.21862296712e-06, 5.09216476985e-07, 2.83153667624e-07, 1.07946462435e-07, 5.35060777906e-08, 1.56402837348e-08, 4.47611236964e-09],
        "dmean2": [0.000139710697113, 0.0020411289297, 0.00147559749894, 0.000942953978665, 0.0030277913902, 0.000753172265831, 0.000751514569856, 0.000801509479061, 0.000349978363374, 0.000579360756092, 0.0017232716782, 0.000625751970802, 0.00066043616971, 0.000261692388449, 0.000124745172798, 3.99691525672e-05, 4.19343814428e-05, 2.51472320087e-05, 5.61864817428e-06, 2.81907819044e-06, 4.09309905081e-06, 9.21059381653e-07, 5.1143337032e-07, 1.95996690877e-07, 9.60068291533e-08, 2.80899570271e-08, 8.10293165898e-09],
        "dvar": [1.16657950855e-07, 1.83650754479e-05, 1.04099190139e-05, 1.91433287e-06, 8.35829632706e-06, 9.69777261162e-07, 1.84169539352e-06, 1.63715162671e-06, 7.41189523978e-07, 1.64680056969e-06, 8.3250906755e-06, 2.19103253585e-06, 2.92252593681e-06, 9.19836168123e-07, 1.25264563167e-07, 1.17898730778e-08, 9.28714793957e-09, 2.15537934167e-08, 2.70562496019e-11, 1.4662108333e-11, 6.98224644768e-10, 1.05724196758e-11, 5.14662748183e-12, 3.73485422277e-13, 8.74383912172e-14, 4.10899282603e-15, 5.27237405024e-16],
        "dvar2": [3.18887089179e-07, 3.95210627175e-05, 2.98052527796e-05, 5.4446404647e-06, 2.08997316804e-05, 1.79210599072e-06, 2.61833315562e-06, 2.56610815086e-06, 1.37677045586e-06, 2.56133557741e-06, 1.76251669473e-05, 3.92672200178e-06, 6.23970890956e-06, 2.30622185882e-06, 3.11142287046e-07, 3.17469392996e-08, 1.87783228967e-08, 6.31218881608e-08, 7.43967110139e-11, 4.2547187995e-11, 2.03746486349e-09, 3.10135632453e-11, 1.49635338842e-11, 1.07538207939e-12, 2.53049724187e-13, 1.15690258683e-14, 1.55828958356e-15],
        "max": [0.00630703940988, 0.049999691546, 0.0550854057074, 0.0363927595317, 0.0824598148465, 0.0323606915772, 0.0657241791487, 0.0358825773001, 0.0545079745352, 0.0465694069862, 0.0501584336162, 0.0312165040523, 0.0312039554119, 0.0333028323948, 0.0225117821246, 0.00611364329234, 0.00378543883562, 0.00432678498328, 0.000121652657981, 9.09946975298e-05, 0.000768242112827, 0.000100562283478, 6.44960091449e-05, 1.46201091411e-05, 7.56345525588e-06, 2.32973980019e-06, 1.22650203593e-06],
        "mean": [7.23626071704e-05, 0.00313211861067, 0.0016887683887, 0.00152010319289, 0.00854052230716, 0.00250618509017, 0.00248260982335, 0.00206628069282, 0.000646712083835, 0.00142925383989, 0.00292804790661, 0.00100413081236, 0.00109244859777, 0.000405457481975, 0.000143716519233, 4.10529537476e-05, 4.6809323976e-05, 1.59380506375e-05, 7.57047109801e-06, 3.01655722978e-06, 2.3108930236e-06, 7.40472444249e-07, 3.24650301309e-07, 1.36081879987e-07, 7.89037386539e-08, 3.16032924275e-08, 9.92098758701e-09],
        "median": [6.66360529067e-06, 0.00118608644698, 0.000401710538426, 0.000724081124645, 0.00568599579856, 0.00139682018198, 0.000943913357332, 0.000804285111371, 0.000226121934247, 0.000415793183492, 0.00042434639181, 0.000108526633994, 4.14702080889e-05, 3.83102415071e-05, 6.49749490549e-05, 1.94779568119e-05, 1.34920555865e-05, 6.37018592897e-06, 5.02920329382e-06, 1.61508626206e-06, 6.4785098175e-07, 1.88697711678e-07, 8.14442628894e-08, 5.39840065983e-08, 4.2991626259e-08, 1.92352338502e-08, 7.19021331363e-09],
        "min": [3.43338002539e-25, 5.39922672601e-24, 1.97661642692e-24, 3.10287511345e-24, 8.78916003984e-24, 1.52942522147e-23, 8.71525797251e-24, 9.30639720273e-24, 1.53457679872e-23, 2.14152417039e-23, 1.81351044175e-23, 3.01897951952e-23, 2.29159896227e-23, 4.29517376398e-23, 4.21802032756e-23, 7.1374083666e-23, 9.7435056614e-23, 9.88915084152e-23, 1.20651580153e-22, 1.67044376394e-22, 2.32187866236e-22, 3.20070580905e-22, 4.63005714583e-22, 5.17555105391e-22, 9.5205267428e-22, 1.3751997843e-21, 1.98159860102e-21],
        "var": [9.7796124976e-08, 3.09333045152e-05, 1.05600347524e-05, 5.70928796151e-06, 7.96049134806e-05, 9.66598963714e-06, 2.09761674341e-05, 1.24847747429e-05, 3.67569396076e-06, 1.21798539112e-05, 3.62992032024e-05, 9.29794168769e-06, 1.38653349495e-05, 4.70759505333e-06, 5.81410347422e-07, 1.34924462714e-08, 2.59311416784e-08, 1.17464944438e-08, 6.79677494841e-11, 1.84282988175e-11, 3.83800324855e-10, 6.72731445203e-12, 3.17282376587e-12, 2.49975143666e-13, 5.49942273523e-14, 3.48774413416e-15, 3.86002204956e-16]
    },
    "erbbands": {
        "dmean": [0.0368785522878, 0.340351432562, 0.895052433014, 1.50581538677, 3.27891635895, 10.4034614563, 7.48675775528, 3.98504209518, 5.76107215881, 14.7300052643, 14.0024843216, 6.54961872101, 15.0290117264, 18.7005767822, 39.34582901, 24.0092086792, 24.1045722961, 9.98869037628, 5.24083042145, 1.91214501858, 1.27316021919, 0.978610873222, 0.683188915253, 0.328811556101, 0.137887269258, 0.0655247569084, 0.0925359725952, 0.0529147833586, 0.0215545911342, 0.0120454123244, 0.00643084011972, 0.0032945794519, 0.00146680360194, 0.000720831449144, 0.000339238991728, 9.38641169341e-05, 2.33549653785e-05, 4.7015846576e-06, 2.92144841296e-06, 6.14505779595e-06],
        "dmean2": [0.0548499599099, 0.531621038914, 1.58793723583, 2.49606347084, 4.88800048828, 14.2394666672, 9.95119953156, 5.31868219376, 7.19321012497, 18.4525337219, 17.2656936646, 8.69344615936, 18.7143001556, 25.9620037079, 57.1850242615, 33.2869606018, 34.973400116, 15.673201561, 8.42083263397, 3.19723105431, 2.08183646202, 1.53496038914, 1.23938941956, 0.58480399847, 0.234888285398, 0.114025935531, 0.168947145343, 0.097805775702, 0.0392318181694, 0.0216404385865, 0.0116263041273, 0.00599017459899, 0.00266799796373, 0.00129975297023, 0.000603436899837, 0.000167443897226, 4.18153722421e-05, 8.35142509459e-06, 4.35573838331e-06, 8.85385361471e-06],
        "dvar": [0.013636443764, 1.25504755974, 12.8782262802, 17.5177688599, 23.7110462189, 221.6849823, 144.864944458, 55.5500793457, 122.777633667, 1211.93469238, 1072.3684082, 577.907409668, 2019.98327637, 1898.14331055, 8662.79492188, 5021.39306641, 7518.45849609, 2577.74291992, 430.579040527, 59.1510047913, 16.1128482819, 12.3077783585, 43.057888031, 5.86069917679, 0.0598331429064, 0.0324716158211, 0.934431254864, 0.429594308138, 0.0245772078633, 0.00649319635704, 0.0021621522028, 0.000422555080149, 6.6717970185e-05, 1.57437152666e-05, 2.53326743405e-06, 1.47901289438e-07, 8.02718247428e-09, 4.87592688447e-10, 2.74001515921e-11, 7.84765724626e-11],
        "dvar2": [0.0248765982687, 3.07151460648, 36.7183685303, 50.7309875488, 65.5188903809, 525.371887207, 293.330413818, 107.214912415, 189.795043945, 1717.56860352, 1631.73791504, 1053.85986328, 3133.40063477, 3682.92993164, 18504.7070312, 9301.6796875, 16073.9267578, 6483.84375, 1055.66223145, 163.16619873, 40.2956085205, 24.7770195007, 125.941986084, 17.1427383423, 0.168307930231, 0.0934582576156, 2.72739338875, 1.25258815289, 0.0721837505698, 0.0188259482384, 0.00628694798797, 0.00122990075033, 0.000191479964997, 4.5363616664e-05, 7.28471104594e-06, 4.17154808474e-07, 2.28131185054e-08, 1.4132564008e-09, 7.0475077163e-11, 1.77110257016e-10],
        "max": [1.17934417725, 13.6309804916, 62.331943512, 88.9894866943, 99.6620254517, 482.725952148, 496.133544922, 282.195159912, 447.5574646, 1649.61169434, 985.839416504, 1501.92797852, 1829.93518066, 1097.60546875, 2100.21020508, 1584.52526855, 1702.96643066, 1764.44152832, 1186.40002441, 452.942596436, 179.159042358, 133.675354004, 193.343032837, 71.7986907959, 5.83828353882, 4.62021350861, 28.2288017273, 19.1105136871, 4.66405725479, 2.5322470665, 1.3141951561, 0.549157202244, 0.190713360906, 0.0934143438935, 0.0403578393161, 0.0127596892416, 0.0035615474917, 0.00109461462125, 0.000238706881646, 0.00016498529294],
        "mean": [0.0705057531595, 0.773182451725, 1.96801900864, 3.90809798241, 9.69877338409, 39.9244422913, 29.590877533, 16.4037399292, 24.2649421692, 55.0691261292, 43.766418457, 20.2252788544, 45.7442131042, 54.0293884277, 97.4209518433, 54.4083175659, 61.0227813721, 24.8907260895, 11.2409162521, 3.61491060257, 2.56513166428, 1.77928578854, 0.925393223763, 0.533552765846, 0.313073933125, 0.130982935429, 0.110693305731, 0.0539893954992, 0.028578069061, 0.0171982701868, 0.00807010941207, 0.00425657909364, 0.00179049745202, 0.000946633459534, 0.000569268653635, 0.000191468861885, 5.87557915424e-05, 1.25392298287e-05, 1.58082657435e-05, 3.36925295414e-05],
        "median": [0.0124902902171, 0.332144618034, 0.687868535519, 1.95622968674, 7.33213281631, 22.6989097595, 18.2386550903, 9.25625801086, 11.6556692123, 18.15666008, 15.6259231567, 7.59046220779, 15.7418527603, 11.8127412796, 18.1630058289, 9.80505657196, 3.30428743362, 3.17684650421, 3.56775355339, 2.11849069595, 1.21095657349, 0.714498996735, 0.445342630148, 0.320744127035, 0.205023169518, 0.0816186666489, 0.0359510183334, 0.0183434747159, 0.00799363944679, 0.00419493066147, 0.00228495057672, 0.00143739010673, 0.00072989432374, 0.000427750783274, 0.000333786854753, 0.000125999038573, 4.0079565224e-05, 9.29093948798e-06, 1.38409859574e-05, 2.93003104161e-05],
        "min": [1.22199098058e-22, 7.3614051051e-22, 3.11654957233e-21, 1.29134994367e-20, 1.24249079211e-20, 3.18219063524e-20, 8.80704044947e-20, 6.46727349139e-20, 1.79761921368e-19, 1.73538938222e-19, 1.68855092627e-19, 4.18706857805e-19, 6.65817630776e-19, 7.7720546187e-19, 9.59927177641e-19, 1.51008138413e-18, 1.30984008639e-18, 2.53587809133e-18, 2.16470622725e-18, 2.80107240251e-18, 5.10970143889e-18, 5.33253438334e-18, 4.58911656115e-18, 6.54571758797e-18, 8.51575575024e-18, 8.47990905122e-18, 7.72114868303e-18, 8.3032522237e-18, 1.18903953963e-17, 1.40032562175e-17, 1.32278521482e-17, 1.02671072109e-17, 9.56631814158e-18, 8.7714108078e-18, 7.01767293109e-18, 4.57463883248e-18, 2.53014180057e-18, 9.92425346149e-19, 2.38068551503e-19, 2.84537270645e-20],
        "var": [0.0272748917341, 1.68094611168, 11.9648857117, 35.3218421936, 75.8971557617, 2481.80395508, 1300.70385742, 470.517944336, 1145.30078125, 13175.5644531, 7620.62109375, 2990.6027832, 12708.8945312, 12364.9707031, 36823.71875, 18868.4140625, 36289.0234375, 12983.4492188, 2456.36035156, 79.5196914673, 30.1196842194, 29.2317943573, 23.8100795746, 3.32679748535, 0.121184080839, 0.0319058559835, 0.523341357708, 0.235633790493, 0.0146539630368, 0.00441495282575, 0.00143029424362, 0.000281334214378, 4.35689689766e-05, 1.00247671071e-05, 1.7057527657e-06, 1.22195601193e-07, 7.36000504986e-09, 4.88909357443e-10, 1.05017140817e-10, 5.0041421007e-10]
    },
    "gfcc": {
        "mean": [-123.483253479, 210.004562378, -122.576133728, -15.9526042938, -35.9777107239, -12.8330774307, -23.612821579, -13.7824621201, -21.0300540924, -13.9482593536, -5.65128850937, -7.16670084, -0.515012919903],
        "cov": [[11825.0576172, 1407.62512207, -1218.04736328, -179.651016235, -410.343780518, -174.411941528, -10.9228038788, -59.1345863342, 79.2105331421, -78.80909729, -153.749832153, -358.134979248, 2.56716537476], [1407.62512207, 637.844787598, 1.22352564335, -56.3490333557, 67.0436782837, -103.070556641, 81.9451293945, 74.174156189, 108.061820984, -16.6452903748, -11.2004909515, -63.2732276917, 55.8775482178], [-1218.04736328, 1.22352564335, 448.492248535, 147.198638916, 127.708145142, 78.3784790039, 67.6428756714, 95.483757019, 72.1306152344, 40.2137527466, 28.3406848907, 13.0342435837, 12.7098779678], [-179.651016235, -56.3490333557, 147.198638916, 223.288253784, 89.9411315918, 112.688110352, 21.6720218658, 22.3610992432, 39.8039321899, 44.177280426, 36.8283805847, 10.4220247269, -1.58436715603], [-410.343780518, 67.0436782837, 127.708145142, 89.9411315918, 184.229415894, 101.58266449, 60.2036514282, 22.3783931732, 26.0508975983, 30.1143779755, 32.4075546265, 21.4955806732, 11.2192525864], [-174.411941528, -103.070556641, 78.3784790039, 112.688110352, 101.58266449, 269.977874756, 94.6518096924, -1.96242845058, 1.76849365234, 53.8623085022, 72.2461471558, 34.7782859802, -39.2030143738], [-10.9228038788, 81.9451293945, 67.6428756714, 21.6720218658, 60.2036514282, 94.6518096924, 153.238418579, 77.6870803833, 30.1858482361, 0.845091164112, 28.1289653778, 39.0371665955, 21.9059104919], [-59.1345863342, 74.174156189, 95.483757019, 22.3610992432, 22.3783931732, -1.96242845058, 77.6870803833, 165.038223267, 76.1787185669, -2.27282762527, -21.9754219055, 27.7619132996, 55.5708732605], [79.2105331421, 108.061820984, 72.1306152344, 39.8039321899, 26.0508975983, 1.76849365234, 30.1858482361, 76.1787185669, 151.710464478, 68.0301055908, 19.2133312225, -30.4017963409, 10.8102483749], [-78.80909729, -16.6452903748, 40.2137527466, 44.177280426, 30.1143779755, 53.8623085022, 0.845091164112, -2.27282762527, 68.0301055908, 109.002975464, 64.4803085327, -8.82522773743, -28.8771286011], [-153.749832153, -11.2004909515, 28.3406848907, 36.8283805847, 32.4075546265, 72.2461471558, 28.1289653778, -21.9754219055, 19.2133312225, 64.4803085327, 113.087142944, 49.5266838074, -16.5274333954], [-358.134979248, -63.2732276917, 13.0342435837, 10.4220247269, 21.4955806732, 34.7782859802, 39.0371665955, 27.7619132996, -30.4017963409, -8.82522773743, 49.5266838074, 138.825408936, 57.4087219238], [2.56716537476, 55.8775482178, 12.7098779678, -1.58436715603, 11.2192525864, -39.2030143738, 21.9059104919, 55.5708732605, 10.8102483749, -28.8771286011, -16.5274333954, 57.4087219238, 120.321922302]],
        "icov": [[0.000336215511197, -0.00110501842573, 0.000927728367969, -0.000793598825112, 0.00116760376841, -0.000734979752451, 0.000207917270018, -0.000280820881017, 0.000531200086698, -0.000522938964423, 0.000461109593743, 0.000302618311252, -0.000113226575195], [-0.00110501842573, 0.00690323999152, -0.00242877844721, 0.0032857907936, -0.00611911388114, 0.00452198041603, -0.0029057492502, 0.000887419853825, -0.00369638437405, 0.00406668288633, -0.00429436378181, 0.0021338632796, -0.0010192876216], [0.000927728367969, -0.00242877844721, 0.00627209059894, -0.00373821333051, 0.00112084078137, -0.0011194171384, 7.79387482908e-05, -0.00278347916901, 0.00124058581423, -0.000970659253653, 4.68432263006e-05, 0.00181526050437, -5.59005684408e-06], [-0.000793598825112, 0.0032857907936, -0.00373821333051, 0.00991256255656, -0.00471811229363, -0.00122657569591, 0.00212221872061, 1.2272153981e-05, -0.00289102387615, 0.00222004507668, -0.00250639067963, 0.000329808943206, -0.00104442343581], [0.00116760376841, -0.00611911388114, 0.00112084078137, -0.00471811229363, 0.0146096423268, -0.00570337474346, -9.485598639e-06, 0.000913665979169, 0.00288131251, -0.00461155828089, 0.00442130211741, -0.00131027924363, -0.00113764416892], [-0.000734979752451, 0.00452198041603, -0.0011194171384, -0.00122657569591, -0.00570337474346, 0.0119149871171, -0.00772871263325, 0.00189210393, 3.95217248297e-05, -0.000977091025561, -0.00264183431864, -4.1525632696e-05, 0.00238378788345], [0.000207917270018, -0.0029057492502, 7.79387482908e-05, 0.00212221872061, -9.485598639e-06, -0.00772871263325, 0.0171570032835, -0.00754426466301, 0.00018242749502, 0.00440086517483, -0.00372394127771, -0.000717015296686, 7.8550328908e-05], [-0.000280820881017, 0.000887419853825, -0.00278347916901, 1.2272153981e-05, 0.000913665979169, 0.00189210393, -0.00754426466301, 0.0171907488257, -0.008619251661, -0.000205156669836, 0.00832277815789, -0.00634357566014, -0.00125165516511], [0.000531200086698, -0.00369638437405, 0.00124058581423, -0.00289102387615, 0.00288131251, 3.95217248297e-05, 0.00018242749502, -0.008619251661, 0.0201062932611, -0.0128492563963, -0.00061079201987, 0.00585747649893, -0.00254092784598], [-0.000522938964423, 0.00406668288633, -0.000970659253653, 0.00222004507668, -0.00461155828089, -0.000977091025561, 0.00440086517483, -0.000205156669836, -0.0128492563963, 0.0286782253534, -0.0157542545348, 0.00418589217588, 0.00153549725655], [0.000461109593743, -0.00429436378181, 4.68432263006e-05, -0.00250639067963, 0.00442130211741, -0.00264183431864, -0.00372394127771, 0.00832277815789, -0.00061079201987, -0.0157542545348, 0.0290335658938, -0.0146939000115, 0.00478036375716], [0.000302618311252, 0.0021338632796, 0.00181526050437, 0.000329808943206, -0.00131027924363, -4.1525632696e-05, -0.000717015296686, -0.00634357566014, 0.00585747649893, 0.00418589217588, -0.0146939000115, 0.0212436392903, -0.00969175528735], [-0.000113226575195, -0.0010192876216, -5.59005684408e-06, -0.00104442343581, -0.00113764416892, 0.00238378788345, 7.8550328908e-05, -0.00125165516511, -0.00254092784598, 0.00153549725655, 0.00478036375716, -0.00969175528735, 0.0160978101194]]
    },
    "melbands": {
        "dmean": [0.000338019686751, 0.000453987217043, 0.000291590753477, 0.000445706886239, 0.000329027185217, 9.88600877463e-05, 9.4480572443e-05, 0.000148007224197, 0.000107143758214, 3.9542617742e-05, 7.45015931898e-05, 6.70756053296e-05, 0.000168796002981, 4.81540373585e-05, 7.32994303689e-05, 3.05501271214e-05, 2.03216768568e-05, 8.79051458469e-06, 3.62632022188e-06, 2.58332511294e-06, 1.64152856996e-06, 1.37956317303e-06, 6.31040563803e-07, 7.67988126427e-07, 2.32345712448e-07, 1.28289343593e-07, 8.61763069793e-08, 3.82538480892e-08, 4.42732890349e-08, 8.30594615309e-08, 1.52027563871e-08, 1.39023397239e-08, 7.25190840711e-09, 6.97433089059e-09, 3.79630060721e-09, 3.22682724985e-09, 1.73238579038e-09, 1.15617215801e-09, 7.51772921692e-10, 5.77094816379e-10],
        "dmean2": [0.00050624308642, 0.000782754679676, 0.000470342551125, 0.000629926274996, 0.000441728247097, 0.000128312138258, 0.00011877574434, 0.000186846315046, 0.000131833425257, 5.36262887181e-05, 9.28233275772e-05, 9.26705979509e-05, 0.000244676979491, 6.80892917444e-05, 0.000102116930066, 4.55042500107e-05, 3.21300067299e-05, 1.38430687002e-05, 5.92829746893e-06, 4.33706691183e-06, 2.64247114501e-06, 2.12075497075e-06, 1.13846056138e-06, 1.39988912906e-06, 4.08569235333e-07, 2.17977586203e-07, 1.49033652974e-07, 6.66848123387e-08, 7.92243852743e-08, 1.55898447929e-07, 2.75908522696e-08, 2.5342348664e-08, 1.2896673951e-08, 1.25662547035e-08, 6.86829926266e-09, 5.87253667916e-09, 3.14066661566e-09, 2.1020005736e-09, 1.36583355737e-09, 1.03333597234e-09],
        "dvar": [1.14707393095e-06, 2.84719249066e-06, 4.87885017719e-07, 3.48841695086e-07, 2.29098247928e-07, 3.32300444938e-08, 3.12422194781e-08, 1.07063087285e-07, 6.33865724353e-08, 2.04002841286e-08, 5.08518702702e-08, 2.59541419467e-08, 1.77705615556e-07, 2.13876809596e-08, 4.30813820174e-08, 1.35414648383e-08, 1.35847839644e-08, 1.14612563884e-09, 4.87731632859e-10, 1.2042872255e-10, 2.74546062967e-11, 2.56849194691e-11, 2.40568277105e-11, 6.34277352862e-11, 1.32152437864e-12, 4.49335698044e-14, 2.81368098986e-14, 1.11342921374e-14, 1.03026568938e-13, 1.29909613882e-12, 1.87322454369e-14, 9.7115986585e-15, 1.13521092009e-15, 2.84837296063e-15, 8.02959864245e-16, 4.41136876512e-16, 9.81641107126e-17, 3.94316832568e-17, 1.99734240168e-17, 8.52059723837e-18],
        "dvar2": [2.10746520679e-06, 7.94019160821e-06, 1.40455074416e-06, 8.83483551206e-07, 5.23381743278e-07, 5.98321463485e-08, 4.84568651871e-08, 1.56266480644e-07, 9.55663708169e-08, 3.63294923034e-08, 7.90564129716e-08, 4.85296709485e-08, 3.75703990585e-07, 4.00398008082e-08, 8.02740203198e-08, 3.02055482848e-08, 3.41317587527e-08, 2.76146838729e-09, 1.25483001767e-09, 3.2581029541e-10, 6.23345750017e-11, 4.62359768527e-11, 7.03587813011e-11, 1.85818860299e-10, 3.85199467809e-12, 1.25555720877e-13, 8.16541184168e-14, 3.17614959669e-14, 3.00854176641e-13, 3.79839779421e-12, 5.49545828223e-14, 2.86382076636e-14, 3.29401329957e-15, 8.25707029335e-15, 2.33275499476e-15, 1.29659134297e-15, 2.84012132448e-16, 1.13173448511e-16, 5.77966314114e-17, 2.45091845333e-17],
        "max": [0.0120676923543, 0.0282125733793, 0.0153098236769, 0.0173741094768, 0.0145410252735, 0.00731186801568, 0.00621120911092, 0.0149274365976, 0.00757959578186, 0.00809911545366, 0.00904886145145, 0.0041636028327, 0.00745993666351, 0.00357284559868, 0.00431420840323, 0.00281659397297, 0.00405647512525, 0.00170775968581, 0.00139998120721, 0.000579832296353, 0.000226742413361, 0.000214930798393, 0.000137110910146, 0.000237339219893, 3.34878532158e-05, 6.31038392385e-06, 3.40645988217e-06, 2.64928962679e-06, 9.48861088546e-06, 3.28835158143e-05, 4.22482162321e-06, 2.93469543067e-06, 1.05954018181e-06, 1.5980980379e-06, 8.19929653062e-07, 5.77533569412e-07, 2.43511379949e-07, 1.46877212615e-07, 1.08565984647e-07, 6.96697455282e-08],
        "mean": [0.00077186350245, 0.00105680210982, 0.000789701764006, 0.00167756923474, 0.00132557807956, 0.000409409811255, 0.000407886371249, 0.000550489174202, 0.000315718178172, 0.00011212022946, 0.000222417103942, 0.000190267062862, 0.000412261579186, 0.000102264457382, 0.000182279196451, 7.17205984984e-05, 4.88769255753e-05, 1.8035476387e-05, 6.79989807395e-06, 4.24158542955e-06, 3.0127316677e-06, 2.40143594965e-06, 8.17008071863e-07, 8.45411818773e-07, 3.75691428189e-07, 2.65646946218e-07, 1.62304587548e-07, 6.46962519113e-08, 6.21083913188e-08, 7.00529625419e-08, 1.81702048963e-08, 1.75871672781e-08, 1.13262927925e-08, 8.43666292383e-09, 4.33460822791e-09, 4.12715595033e-09, 2.11788964144e-09, 1.35958488912e-09, 8.29031898686e-10, 7.56241014255e-10],
        "median": [0.000232017802773, 0.000527620140929, 0.000491490412969, 0.00109300354961, 0.000872006115969, 0.000225248310016, 0.000189222540939, 0.000195781758521, 0.000100821824162, 4.05684986617e-05, 7.12477922207e-05, 3.67696011381e-05, 6.00406456215e-05, 1.86526722246e-05, 1.0755547919e-05, 4.83772828375e-06, 4.33211062045e-06, 5.07126560478e-06, 3.29890281137e-06, 1.984305527e-06, 1.10545386178e-06, 7.37064056011e-07, 4.36070877186e-07, 2.92131943525e-07, 2.28693622262e-07, 1.63038379242e-07, 8.15716276747e-08, 3.78825433245e-08, 2.23944454092e-08, 1.42235805356e-08, 7.70619212886e-09, 4.12153777773e-09, 3.08292746887e-09, 1.74276248988e-09, 1.22475696251e-09, 9.03276564657e-10, 7.7828649081e-10, 4.94882523849e-10, 3.19099691115e-10, 3.26599552958e-10],
        "min": [2.16617674421e-24, 1.58792030283e-24, 2.53764818904e-24, 1.29371965722e-24, 3.29615924865e-24, 1.69739023483e-24, 2.42961664629e-24, 2.2569732539e-24, 1.60698864863e-24, 2.26544167571e-24, 3.19158705819e-24, 3.16225070164e-24, 2.44333099313e-24, 3.72438469966e-24, 3.17894142067e-24, 1.92400965973e-24, 4.15873072521e-24, 3.13110745917e-24, 4.35138318004e-24, 3.56486913601e-24, 5.9227262612e-24, 5.04876501368e-24, 4.28322244238e-24, 4.6830786803e-24, 4.48836729851e-24, 4.6915313249e-24, 5.80629354703e-24, 5.23673360688e-24, 3.38131658615e-24, 5.39379226324e-24, 4.17917721101e-24, 5.58113568418e-24, 5.79052421754e-24, 6.83254518117e-24, 6.73186128612e-24, 7.02612533643e-24, 5.47598841412e-24, 5.2140660832e-24, 6.02052568636e-24, 6.89782184336e-24],
        "var": [2.29125726037e-06, 2.79025971395e-06, 9.58814553087e-07, 3.23827634929e-06, 2.14583064917e-06, 2.96126927424e-07, 3.19527515558e-07, 1.14812360152e-06, 4.37708280288e-07, 1.04012322311e-07, 3.16243784937e-07, 1.83260794984e-07, 7.56748988806e-07, 7.50034629959e-08, 2.32051547755e-07, 6.03046501624e-08, 6.82563054966e-08, 6.00272986873e-09, 1.3220474715e-09, 1.34721483969e-10, 6.9465072583e-11, 7.3191022687e-11, 1.34609753899e-11, 3.46125315909e-11, 8.23471390902e-13, 1.08284448032e-13, 5.28627231507e-14, 1.01838796659e-14, 6.52972278027e-14, 7.02533463261e-13, 1.05444488861e-14, 5.88575454718e-15, 9.80124693158e-16, 1.77216392043e-15, 5.03398562696e-16, 3.42765116996e-16, 6.77033170043e-17, 2.64576051574e-17, 1.20630279901e-17, 5.63669489843e-18]
    },
    "mfcc": {
        "mean": [-764.496826172, 242.664611816, -17.2922534943, 8.01776695251, 0.866631448269, -4.4271030426, 1.17940711975, -3.36316514015, -5.97908115387, -7.32002401352, -8.77478313446, -6.9205121994, -0.838063657284],
        "cov": [[4035.24658203, 1760.48376465, -516.239135742, 47.6019172668, -226.949905396, 9.01877784729, -62.0630645752, -6.41977310181, -20.0175418854, -28.6210479736, -14.2601985931, -24.157119751, -21.5524711609], [1760.48376465, 1412.41235352, -102.313812256, 24.8013706207, 10.6078329086, -131.711303711, 3.44066977501, -0.452944159508, 90.7834396362, 61.7175292969, -18.182718277, -40.9899520874, -15.0183963776], [-516.239135742, -102.313812256, 313.505737305, 76.7435531616, 101.182548523, 37.2875900269, 39.6043243408, 51.3110275269, 49.5715332031, 86.8579406738, 52.1744766235, 38.8828544617, 9.81150341034], [47.6019172668, 24.8013706207, 76.7435531616, 136.622817993, 70.5132369995, 23.0062961578, 16.1567173004, 20.3580551147, 36.1480674744, 33.1424331665, 15.5970306396, 4.10580062866, -6.77990436554], [-226.949905396, 10.6078329086, 101.182548523, 70.5132369995, 160.95513916, 64.0419464111, 32.3947372437, 9.94553565979, 27.5407295227, 63.1066474915, 32.5851821899, 14.4504737854, 1.75488817692], [9.01877784729, -131.711303711, 37.2875900269, 23.0062961578, 64.0419464111, 231.765731812, 88.3258361816, 35.6721458435, -43.9941520691, 23.0835533142, 74.8392791748, 54.8282775879, 37.6262016296], [-62.0630645752, 3.44066977501, 39.6043243408, 16.1567173004, 32.3947372437, 88.3258361816, 124.411735535, 82.5095825195, 15.7723855972, -3.70838165283, 16.8618736267, 19.1580638885, 31.3803443909], [-6.41977310181, -0.452944159508, 51.3110275269, 20.3580551147, 9.94553565979, 35.6721458435, 82.5095825195, 145.52230835, 77.1518173218, -6.20172595978, 5.24182033539, 20.141210556, 42.4072303772], [-20.0175418854, 90.7834396362, 49.5715332031, 36.1480674744, 27.5407295227, -43.9941520691, 15.7723855972, 77.1518173218, 146.843383789, 58.2177467346, -19.3944606781, -7.708340168, -5.61344242096], [-28.6210479736, 61.7175292969, 86.8579406738, 33.1424331665, 63.1066474915, 23.0835533142, -3.70838165283, -6.20172595978, 58.2177467346, 154.722244263, 70.4992370605, 17.0840377808, -28.9743461609], [-14.2601985931, -18.182718277, 52.1744766235, 15.5970306396, 32.5851821899, 74.8392791748, 16.8618736267, 5.24182033539, -19.3944606781, 70.4992370605, 135.275009155, 75.817855835, 25.7540416718], [-24.157119751, -40.9899520874, 38.8828544617, 4.10580062866, 14.4504737854, 54.8282775879, 19.1580638885, 20.141210556, -7.708340168, 17.0840377808, 75.817855835, 109.759765625, 63.4125518799], [-21.5524711609, -15.0183963776, 9.81150341034, -6.77990436554, 1.75488817692, 37.6262016296, 31.3803443909, 42.4072303772, -5.61344242096, -28.9743461609, 25.7540416718, 63.4125518799, 121.348495483]],
