{
"lowlevel": {
    "average_loudness": 0.454068273306,
    "barkbands_crest": {
        "dmean": 1.84970188141,
        "dmean2": 2.94051289558,
        "dvar": 2.92429327965,
        "dvar2": 7.77822732925,
        "max": 26.9237442017,
        "mean": 11.5485706329,
        "median": 10.8476314545,
        "min": 2.69174957275,
        "var": 15.2562551498
    },
    "barkbands_flatness_db": {
        "dmean": 0.0172559656203,
        "dmean2": 0.0278707612306,
        "dvar": 0.000337752426276,
        "dvar2": 0.000817435386125,
        "max": 0.584615528584,
        "mean": 0.346002191305,
        "median": 0.342147171497,
        "min": 0.0156175661832,
        "var": 0.00357997650281
    },
    "barkbands_kurtosis": {
        "dmean": 1.62313127518,
        "dmean2": 2.43848371506,
        "dvar": 47.4184303284,
        "dvar2": 96.8170623779,
        "max": 634.093933105,
        "mean": 4.09491872787,
        "median": 1.71026754379,
        "min": -1.76325237751,
        "var": 308.868164062
    },
    "barkbands_skewness": {
        "dmean": 0.314391553402,
        "dmean2": 0.498202174902,
        "dvar": 0.137224793434,
        "dvar2": 0.35181966424,
        "max": 12.7600669861,
        "mean": 0.941987872124,
        "median": 0.868924260139,
        "min": -13.3342075348,
        "var": 1.03626835346
    },
    "barkbands_spread": {
        "dmean": 1.08534133434,
        "dmean2": 1.71074581146,
        "dvar": 2.18808436394,
        "dvar2": 5.38373661041,
        "max": 88.7494812012,
        "mean": 5.86956214905,
        "median": 5.43968772888,
        "min": 0.0606018193066,
        "var": 9.09339427948
    },
    "dissonance": {
        "dmean": 0.0433494560421,
        "dmean2": 0.0736913606524,
        "dvar": 0.00148738257121,
        "dvar2": 0.00408324878663,
        "max": 0.5,
        "mean": 0.376708686352,
        "median": 0.383824914694,
        "min": 0.0517632514238,
        "var": 0.00427474547178
    },
    "dynamic_complexity": 6.25518465042,
    "erbbands_crest": {
        "dmean": 2.33671689034,
        "dmean2": 3.69302868843,
        "dvar": 4.79916238785,
        "dvar2": 12.2430706024,
        "max": 33.2218742371,
        "mean": 13.168422699,
        "median": 12.3635444641,
        "min": 3.26837730408,
        "var": 24.3172473907
    },
    "erbbands_flatness_db": {
        "dmean": 0.0132533870637,
        "dmean2": 0.0212191790342,
        "dvar": 0.000209899037145,
        "dvar2": 0.00050213461509,
        "max": 0.593783140182,
        "mean": 0.372722774744,
        "median": 0.375662773848,
        "min": 0.0507428869605,
        "var": 0.00185485428665
    },
    "erbbands_kurtosis": {
        "dmean": 0.920709252357,
        "dmean2": 1.37964653969,
        "dvar": 3.51186037064,
        "dvar2": 6.48186302185,
        "max": 130.760040283,
        "mean": 1.88067531586,
        "median": 0.666340589523,
        "min": -1.61303067207,
        "var": 51.4485206604
    },
    "erbbands_skewness": {
        "dmean": 0.26607683301,
        "dmean2": 0.410094678402,
        "dvar": 0.069940969348,
        "dvar2": 0.165383681655,
        "max": 7.94971323013,
        "mean": 0.642803192139,
        "median": 0.618052065372,
        "min": -4.78116798401,
        "var": 0.644917368889
    },
    "erbbands_spread": {
        "dmean": 1.78121590614,
        "dmean2": 2.78022527695,
        "dvar": 3.33840441704,
        "dvar2": 7.92556285858,
        "max": 67.8210220337,
        "mean": 11.4480466843,
        "median": 10.8775100708,
        "min": 0.263597458601,
        "var": 22.8183898926
    },
    "hfc": {
        "dmean": 2.3308160305,
        "dmean2": 3.07023668289,
        "dvar": 28.231300354,
        "dvar2": 49.9892501831,
        "max": 130.064590454,
        "mean": 9.0335559845,
        "median": 4.99970149994,
        "min": 1.1273881473e-16,
        "var": 137.725479126
    },
    "melbands_crest": {
        "dmean": 2.33576059341,
        "dmean2": 3.76109862328,
        "dvar": 5.1886048317,
        "dvar2": 13.6682758331,
        "max": 32.4405097961,
        "mean": 14.4261684418,
        "median": 13.6373138428,
        "min": 2.01859021187,
        "var": 21.7960338593
    },
    "melbands_flatness_db": {
        "dmean": 0.0191820003092,
        "dmean2": 0.0304287411273,
        "dvar": 0.000495076877996,
        "dvar2": 0.00110912858509,
        "max": 0.75079369545,
        "mean": 0.463944345713,
        "median": 0.461548447609,
        "min": 0.00494085578248,
        "var": 0.00649387948215
    },
    "melbands_kurtosis": {
        "dmean": 1.70116662979,
        "dmean2": 2.7172062397,
        "dvar": 20.2387886047,
        "dvar2": 62.1984863281,
        "max": 315.441192627,
        "mean": 4.46283388138,
        "median": 2.44399929047,
        "min": -1.8727684021,
        "var": 165.543075562
    },
    "melbands_skewness": {
        "dmean": 0.325502336025,
        "dmean2": 0.514072060585,
        "dvar": 0.107628159225,
        "dvar2": 0.282586634159,
        "max": 9.4581193924,
        "mean": 1.18172740936,
        "median": 1.08520746231,
        "min": -4.85484170914,
        "var": 0.848145723343
    },
    "melbands_spread": {
        "dmean": 1.57535886765,
        "dmean2": 2.48253703117,
        "dvar": 6.01054668427,
        "dvar2": 13.7490777969,
        "max": 154.399642944,
        "mean": 8.4161605835,
        "median": 7.95170211792,
        "min": 0.329119056463,
        "var": 20.8957653046
    },
    "pitch_salience": {
        "dmean": 0.049640648067,
        "dmean2": 0.079992249608,
        "dvar": 0.00211467291228,
        "dvar2": 0.00546642579138,
        "max": 0.884903252125,
        "mean": 0.517015695572,
        "median": 0.520620942116,
        "min": 0.0389836244285,
        "var": 0.0113149723038
    },
    "silence_rate_20dB": {
        "dmean": 0,
        "dmean2": 0,
        "dvar": 0,
        "dvar2": 0,
        "max": 1,
        "mean": 1,
        "median": 1,
        "min": 1,
        "var": 0
    },
    "silence_rate_30dB": {
        "dmean": 0.00729463994503,
        "dmean2": 0.0145904365927,
        "dvar": 0.00724160345271,
        "dvar2": 0.0169156529009,
        "max": 1,
        "mean": 0.99080312252,
        "median": 1,
        "min": 0,
        "var": 0.00911175180227
    },
    "silence_rate_60dB": {
        "dmean": 0.0237868689001,
        "dmean2": 0.0475775115192,
        "dvar": 0.0232234746218,
        "dvar2": 0.0538732074201,
        "max": 1,
        "mean": 0.220248952508,
        "median": 0,
        "min": 0,
        "var": 0.171727210283
    },
    "spectral_centroid": {
        "dmean": 42.3326950073,
        "dmean2": 63.8648757935,
        "dvar": 14095.4912109,
        "dvar2": 19222.9023438,
        "max": 11474.6826172,
        "mean": 507.123657227,
        "median": 500.063262939,
        "min": 155.293182373,
        "var": 35761.953125
    },
    "spectral_complexity": {
        "dmean": 1.14145255089,
        "dmean2": 1.89295065403,
        "dvar": 1.38725507259,
        "dvar2": 3.16089248657,
        "max": 24,
        "mean": 9.84040260315,
        "median": 10,
        "min": 0,
        "var": 20.5801410675
    },
    "spectral_decrease": {
        "dmean": 1.11847986428e-09,
        "dmean2": 1.55756563203e-09,
        "dvar": 4.66382585972e-18,
        "dvar2": 9.23388087084e-18,
        "max": 1.52690253774e-28,
        "mean": -4.74355710267e-09,
        "median": -2.86126167204e-09,
        "min": -4.56457591724e-08,
        "var": 2.99293136212e-17
    },
    "spectral_energy": {
        "dmean": 0.00442204484716,
        "dmean2": 0.00614067306742,
        "dvar": 7.39479000913e-05,
        "dvar2": 0.000145591809996,
        "max": 0.18407484889,
        "mean": 0.0187226571143,
        "median": 0.0113133639097,
        "min": 1.07153008862e-20,
        "var": 0.000468578771688
    },
    "spectral_energyband_high": {
        "dmean": 1.25328176637e-06,
        "dmean2": 1.72067541371e-06,
        "dvar": 3.83962341088e-11,
        "dvar2": 7.7054314318e-11,
        "max": 0.000232292863075,
        "mean": 2.30528280554e-06,
        "median": 1.49577729758e-07,
        "min": 7.43365809972e-21,
        "var": 6.9271283154e-11
    },
    "spectral_energyband_low": {
        "dmean": 0.00100050237961,
        "dmean2": 0.0014319451293,
        "dvar": 3.7836532556e-06,
        "dvar2": 6.78521791997e-06,
        "max": 0.0642718225718,
        "mean": 0.00347895198502,
        "median": 0.00103823374957,
        "min": 1.33775663396e-23,
        "var": 4.32860615547e-05
    },
    "spectral_energyband_middle_high": {
        "dmean": 0.000629865739029,
        "dmean2": 0.000758361245971,
        "dvar": 3.12271276925e-06,
        "dvar2": 4.94845471621e-06,
        "max": 0.038887064904,
        "mean": 0.00194824265782,
        "median": 0.000804921844974,
        "min": 1.39332414759e-21,
        "var": 1.1371023902e-05
    },
    "spectral_energyband_middle_low": {
        "dmean": 0.00373054551892,
        "dmean2": 0.00543137220666,
        "dvar": 5.73628822167e-05,
        "dvar2": 0.000122935787658,
        "max": 0.156150281429,
        "mean": 0.0139678614214,
        "median": 0.00784308835864,
        "min": 2.31682288437e-22,
        "var": 0.000308945018332
    },
    "spectral_entropy": {
        "dmean": 0.126187250018,
        "dmean2": 0.197778493166,
        "dvar": 0.0288561973721,
        "dvar2": 0.0678244680166,
        "max": 9.81060695648,
        "mean": 5.68974637985,
        "median": 5.71517133713,
        "min": 3.19824028015,
        "var": 0.180085837841
    },
    "spectral_flux": {
        "dmean": 0.0123366303742,
        "dmean2": 0.0194505006075,
        "dvar": 0.000364188163076,
        "dvar2": 0.000810254074167,
        "max": 0.277434170246,
        "mean": 0.0353728123009,
        "median": 0.0283574070781,
        "min": 1.05105209258e-10,
        "var": 0.000855463906191
    },
    "spectral_kurtosis": {
        "dmean": 31.9928684235,
        "dmean2": 56.0401687622,
        "dvar": 1002.52337646,
        "dvar2": 2857.29760742,
        "max": 477.794281006,
        "mean": 107.892524719,
        "median": 88.4475631714,
        "min": -1.16014909744,
        "var": 6007.52685547
    },
    "spectral_rms": {
        "dmean": 0.000426716811489,
        "dmean2": 0.000585347414017,
        "dvar": 3.61349719924e-07,
        "dvar2": 6.39084021259e-07,
        "max": 0.0134009411559,
        "mean": 0.00363770895638,
        "median": 0.00332226254977,
        "min": 3.23325719497e-12,
        "var": 5.03308683619e-06
    },
    "spectral_rolloff": {
        "dmean": 81.9035110474,
        "dmean2": 143.129074097,
        "dvar": 60682.078125,
        "dvar2": 93057.7265625,
        "max": 18906.1523438,
        "mean": 649.015930176,
        "median": 624.462890625,
        "min": 129.19921875,
        "var": 164550.953125
    },
    "spectral_skewness": {
        "dmean": 1.60657894611,
        "dmean2": 2.82555985451,
        "dvar": 1.94096183777,
        "dvar2": 5.44927978516,
        "max": 17.6312599182,
        "mean": 6.95942497253,
        "median": 6.38615131378,
        "min": -0.0686978250742,
        "var": 10.8541431427
    },
    "spectral_spread": {
        "dmean": 247064.59375,
        "dmean2": 433638.125,
        "dvar": 241305845760,
        "dvar2": 324050223104,
        "max": 46718892,
        "mean": 970291.5,
        "median": 883884.5625,
        "min": 198297.59375,
        "var": 642881290240
    },
    "spectral_strongpeak": {
        "dmean": 0.330265134573,
        "dmean2": 0.521497368813,
        "dvar": 0.284136354923,
        "dvar2": 0.639884352684,
        "max": 9.43296051025,
        "mean": 1.10366070271,
        "median": 0.70657068491,
        "min": 0,
        "var": 1.23384010792
    },
    "zerocrossingrate": {
        "dmean": 0.00221639103256,
        "dmean2": 0.00280454871245,
        "dvar": 2.23642146011e-05,
        "dvar2": 1.92501956917e-05,
        "max": 0.51611328125,
        "mean": 0.0235441923141,
        "median": 0.0234375,
        "min": 0.00537109375,
        "var": 0.000150196327013
    },
    "barkbands": {
        "dmean": [5.81995263929e-05, 0.000104306483991, 0.000815893698018, 0.000299065577565, 0.000532436883077, 0.000938970770221, 0.001318109571, 0.00143727916293, 0.000486696517328, 0.000219427849515, 0.000100882054539, 0.000148052320583, 5.61805063626e-05, 0.000263371766778, 4.04669772252e-05, 2.69736665359e-05, 2.01666225621e-05, 9.30510032049e-06, 4.8398387662e-06, 3.06734591504e-06, 3.42142499221e-07, 1.6799003788e-07, 9.36360251558e-08, 7.50317852294e-08, 2.75876854694e-09, 1.00438879436e-09, 7.98287991266e-10],
        "dmean2": [0.000110702480015, 0.000164662080351, 0.00114931922872, 0.000476495217299, 0.000756405235734, 0.0015007739421, 0.00190087791998, 0.0022963245865, 0.000616765348241, 0.000286889873678, 0.000127663020976, 0.00018559525779, 8.30665667308e-05, 0.000320546183502, 5.98495353188e-05, 3.7112939026e-05, 2.51696055784e-05, 1.28857500385e-05, 6.60909381622e-06, 3.05364187625e-06, 4.7120772706e-07, 2.53617230328e-07, 1.5770126538e-07, 1.18812259586e-07, 4.59296245481e-09, 1.73262926229e-09, 1.43702438837e-09],
        "dvar": [1.48485135298e-08, 4.44579519865e-08, 2.78054289993e-06, 3.15417509e-07, 2.75801676253e-06, 7.72713792685e-06, 8.45512840897e-06, 2.23921579163e-05, 1.86036140803e-06, 6.63051594074e-07, 8.08687730114e-08, 3.34707550564e-07, 5.23607717184e-08, 1.56730493472e-06, 9.97543381231e-09, 1.1462224947e-08, 4.76275241468e-09, 4.06299394129e-09, 2.7879565323e-10, 1.95365987277e-10, 2.94404561493e-12, 2.28272153784e-12, 3.62496729682e-12, 1.01320601215e-12, 1.31360728196e-15, 3.62750032206e-17, 2.10406603013e-18],
        "dvar2": [5.18889784473e-08, 9.87538300024e-08, 4.76012610306e-06, 7.82143160905e-07, 3.87261798096e-06, 1.68465812749e-05, 1.95512093342e-05, 5.17407279403e-05, 2.72576062343e-06, 1.1276853229e-06, 1.2192087695e-07, 5.32130172815e-07, 1.16343301215e-07, 2.56331168202e-06, 2.07428332288e-08, 2.44220572654e-08, 8.65533333894e-09, 8.88272211341e-09, 5.74799374764e-10, 1.74511807782e-10, 5.79628879616e-12, 4.60304277333e-12, 9.2112012462e-12, 2.33302201343e-12, 3.21005878197e-15, 8.77807110066e-17, 6.39741113517e-18],
        "max": [0.00145117868669, 0.00930573791265, 0.057368285954, 0.024764098227, 0.0525337271392, 0.0997229963541, 0.0594921559095, 0.109517946839, 0.0593661293387, 0.0306259207428, 0.0107604656368, 0.0148497922346, 0.0111323092133, 0.027552947402, 0.0024472696241, 0.00403216248378, 0.00221800850704, 0.00263514439575, 0.000368865701603, 0.000354151357897, 5.35743893124e-05, 5.98318983975e-05, 8.56649203342e-05, 4.58082795376e-05, 1.49743289057e-06, 2.49509582773e-07, 3.21149755678e-08],
        "mean": [5.19715395058e-05, 0.000253475300269, 0.00263108569197, 0.000814460392576, 0.00146773131564, 0.00297223147936, 0.00356274330989, 0.0032247658819, 0.00161201320589, 0.000542327703442, 0.000437510519987, 0.000316376768751, 0.000114123969979, 0.000491934129968, 9.74185531959e-05, 5.33037309651e-05, 4.01443030569e-05, 2.01440852834e-05, 1.04338687379e-05, 7.46757996239e-06, 5.99396571488e-07, 2.15778214852e-07, 9.56031556143e-08, 7.52662501213e-08, 3.31664118391e-09, 1.62398372527e-09, 1.36393130123e-09],
        "median": [7.99889312475e-06, 8.54244353832e-05, 0.000587859540246, 0.000376266340027, 0.000539659464266, 0.000722638389561, 0.00102187192533, 0.000839117856231, 0.000438732211478, 0.000130816653837, 0.000105611412437, 5.31805308128e-05, 2.9474234907e-05, 2.90858297376e-05, 2.21711507038e-05, 8.18136959424e-06, 5.25740506419e-06, 1.60358865742e-06, 1.33048047246e-06, 3.45321609529e-07, 1.23789494211e-08, 2.36696173772e-09, 1.11936637737e-09, 9.11847763962e-10, 7.76549102799e-10, 9.54062717717e-10, 1.06320363624e-09],
        "min": [2.47126002184e-24, 2.89677100247e-24, 5.65084968895e-24, 4.18647141337e-24, 2.80758499176e-23, 1.48639285909e-23, 4.30748535836e-23, 2.5718165553e-23, 6.80139969046e-23, 4.45212710741e-23, 4.36270499064e-23, 4.01204117214e-23, 4.59773757765e-23, 9.05029698084e-23, 1.93632813297e-22, 1.94695554087e-22, 1.98731631535e-22, 9.15680898026e-23, 2.24816447015e-22, 3.10597131362e-22, 4.03047161346e-22, 5.05910761123e-22, 5.1243727876e-22, 8.0660616089e-22, 1.1181841051e-21, 1.53261320402e-21, 2.28259863994e-21],
        "var": [1.30706734325e-08, 2.5002546522e-07, 3.19061655318e-05, 2.20529295802e-06, 1.2036118278e-05, 5.76570018893e-05, 3.77539436158e-05, 5.4631884268e-05, 1.2588273421e-05, 2.04514503821e-06, 9.37812842494e-07, 7.87536521329e-07, 7.83763738355e-08, 3.72388717551e-06, 4.02445046177e-08, 2.14788880015e-08, 1.28759820583e-08, 8.10307376753e-09, 7.29017235468e-10, 8.94267770946e-10, 6.51400764926e-12, 3.13843005403e-12, 3.0117405965e-12, 9.91392298116e-13, 1.2460828742e-15, 3.74852081614e-17, 1.67119052486e-18]
    },
    "erbbands": {
        "dmean": [0.00192409812007, 0.0376426018775, 0.653688728809, 1.11085426807, 1.09695971012, 2.09867477417, 2.30399775505, 9.32280540466, 18.4520797729, 36.0663642883, 14.3992290497, 13.5596532822, 7.8082318306, 3.11445021629, 4.90138864517, 7.3700299263, 3.30303692818, 13.7101869583, 3.83738350868, 1.89946949482, 1.21384561062, 0.757211685181, 0.571270644665, 0.435525536537, 0.193570971489, 0.0830957964063, 0.0256826877594, 0.0115562882274, 0.00543811358511, 0.00442089093849, 0.00334412441589, 0.00258771260269, 0.000411420071032, 5.35256767762e-05, 1.92190364032e-05, 6.56495876683e-06, 2.2779693154e-06, 6.4057792315e-07, 2.1333200948e-06, 4.99215730088e-06],
        "dmean2": [0.00320372823626, 0.0573125965893, 0.935978412628, 1.62989974022, 1.7617379427, 2.94439196587, 3.35125589371, 15.2230596542, 25.6677188873, 58.0425949097, 21.9627628326, 16.933549881, 10.3014602661, 3.99078536034, 6.1413269043, 9.13754463196, 4.65587043762, 16.7961273193, 4.98503494263, 2.78472018242, 1.56527006626, 0.954195201397, 0.798998594284, 0.595449209213, 0.205125823617, 0.091999143362, 0.0333039835095, 0.0163938440382, 0.00839348323643, 0.00658025452867, 0.00560185452923, 0.00410912791267, 0.000624478445388, 8.43951565912e-05, 3.10432951665e-05, 1.01700434243e-05, 3.45276384905e-06, 1.02414514913e-06, 2.92484673992e-06, 6.90347314958e-06],
        "dvar": [1.52963348228e-05, 0.00598783930764, 1.84360599518, 4.13088846207, 6.22813844681, 55.2976989746, 48.5865402222, 673.388183594, 2373.24316406, 12050.1533203, 1398.96118164, 1516.39978027, 1075.36474609, 52.3534812927, 200.759033203, 874.342285156, 115.560623169, 4131.94433594, 164.404724121, 28.4149684906, 14.297246933, 5.76814174652, 10.5831575394, 2.74575710297, 0.373789131641, 0.0926282182336, 0.0122056435794, 0.00465775374323, 0.00174048740882, 0.00327334669419, 0.00502964435145, 0.00141798844561, 3.50951522705e-05, 3.18945552635e-07, 6.86871786115e-08, 3.42677997089e-09, 3.49133291722e-11, 1.8003728933e-12, 1.77158183956e-11, 9.58706725118e-11],
        "dvar2": [4.18217969127e-05, 0.0121144847944, 3.20121860504, 8.41831207275, 13.8572740555, 75.6826858521, 73.6410140991, 1579.63061523, 5180.14550781, 29974.6347656, 2975.62158203, 2202.50170898, 1838.3157959, 79.4862823486, 310.573699951, 1395.13366699, 250.080169678, 6855.55712891, 262.584197998, 67.0435333252, 27.689163208, 10.7891359329, 23.1152210236, 5.57167339325, 0.368550360203, 0.0966221913695, 0.0202464275062, 0.0112066455185, 0.00386464083567, 0.00634099077433, 0.0127421487123, 0.00327448546886, 8.17936597741e-05, 7.68706513554e-07, 1.67271792861e-07, 8.2595121853e-09, 7.60717461246e-11, 4.04467041457e-12, 3.37749411772e-11, 1.87140650199e-10],
        "max": [0.0864815190434, 3.36929488182, 44.2722740173, 67.4192276001, 78.6818161011, 235.552764893, 243.882385254, 887.383239746, 1268.99182129, 2278.49462891, 787.976379395, 1705.0177002, 1190.13439941, 253.645706177, 544.611755371, 763.700927734, 458.554779053, 1383.02587891, 284.625640869, 114.136016846, 117.198364258, 70.0985183716, 124.295082092, 48.8016433716, 15.1535129547, 7.67561769485, 2.25091290474, 2.95854878426, 1.55077707767, 2.37906074524, 3.19117283821, 1.71342909336, 0.27267190814, 0.022574333474, 0.0116571038961, 0.00256291613914, 0.000207001678064, 3.81512072636e-05, 9.32566181291e-05, 0.000212730374187],
        "mean": [0.00392704689875, 0.110694505274, 2.03730535507, 3.82060265541, 2.94981217384, 5.64480161667, 6.14270925522, 28.939043045, 56.6106529236, 80.5456161499, 37.1506690979, 46.1571426392, 21.8146953583, 8.90627384186, 21.7031345367, 16.5987243652, 7.33142948151, 25.9691295624, 8.73267269135, 4.08329057693, 2.67825293541, 1.53486120701, 1.20096445084, 0.971095263958, 0.475518703461, 0.204515442252, 0.0499682426453, 0.0185978021473, 0.00703217135742, 0.00561909331009, 0.00338488211855, 0.00265685794875, 0.000439995143097, 7.29982784833e-05, 3.34741816914e-05, 1.71352730831e-05, 8.55125381349e-06, 2.12039026337e-06, 9.17891793506e-06, 2.11167098314e-05],
        "median": [0.00159155402798, 0.038646787405, 0.502882421017, 1.27350890636, 1.25378751755, 2.01278185844, 2.41143298149, 8.46433925629, 14.1914110184, 23.2509307861, 15.4838666916, 12.8533039093, 5.97718095779, 3.43463492393, 5.93960046768, 3.33687257767, 2.64633870125, 2.54508852959, 2.10193920135, 1.11785399914, 0.559420049191, 0.245294317603, 0.157079696655, 0.121500901878, 0.0569601096213, 0.0194247961044, 0.00363027164713, 0.000576968188398, 0.00013695868256, 6.35288961348e-05, 4.26831793447e-05, 3.10747127514e-05, 2.24713730859e-05, 1.72019317688e-05, 1.33251787702e-05, 9.53048220254e-06, 5.46917499378e-06, 1.42070916809e-06, 5.59031741432e-06, 1.27559515022e-05],
        "min": [1.29042662048e-22, 6.45234855608e-22, 4.97584075522e-21, 1.43055700906e-20, 1.43448660165e-20, 1.13203402065e-19, 1.69511201949e-19, 1.55982585482e-19, 4.13254134906e-19, 5.32464018516e-19, 6.04037371981e-19, 1.30427688318e-18, 1.99515405401e-18, 2.34582610776e-18, 1.17939111885e-18, 1.56526291299e-18, 2.36005837059e-18, 2.96868897311e-18, 7.68706966897e-18, 1.02682917335e-17, 1.12335602232e-17, 1.27577720235e-17, 4.46471107857e-18, 9.04163499749e-18, 1.16033662053e-17, 1.58684823243e-17, 1.42535064769e-17, 1.78039195216e-17, 1.85835124335e-17, 2.03456536381e-17, 1.50458197723e-17, 1.61471346573e-17, 1.44084704929e-17, 1.2554125947e-17, 8.73543837732e-18, 5.44438160986e-18, 2.8238988651e-18, 1.15386267078e-18, 2.72543449031e-19, 3.47490755892e-20],
        "var": [4.15388713009e-05, 0.0415635630488, 19.2378063202, 45.9192085266, 35.2507324219, 244.107681274, 199.999847412, 4519.93457031, 13624.4814453, 27756.1972656, 4051.98730469, 10256.6943359, 3280.07836914, 261.023498535, 2306.34838867, 2042.38342285, 206.038787842, 9735.72363281, 464.005401611, 70.5192337036, 35.7892532349, 15.1806964874, 20.6885890961, 7.09589290619, 1.75400328636, 0.415547400713, 0.0284397844225, 0.00743145355955, 0.00216464162804, 0.00458857277408, 0.0041236281395, 0.00138939695898, 3.41236773238e-05, 3.23314566231e-07, 6.49629257055e-08, 3.59586449505e-09, 9.9574112844e-11, 5.15616238941e-12, 1.10973549794e-10, 5.99285954195e-10]
    },
    "gfcc": {
        "mean": [-220.253662109, 246.245269775, -119.10344696, -45.7789993286, -23.1415138245, -30.6559696198, -22.6068916321, -7.39500522614, -9.51817703247, -9.89619922638, -5.07481527328, -22.1039791107, -12.3165197372],
        "cov": [[15996.7216797, 671.3984375, -5628.04931641, 916.895874023, 841.051452637, -1461.23291016, 551.112854004, -226.941253662, 205.084320068, 252.246994019, 861.099121094, -270.774688721, 134.343566895], [671.3984375, 896.25592041, 153.039321899, -521.641784668, 282.489013672, -35.3580780029, -114.767951965, -29.4158000946, -45.1193847656, -36.7671127319, 21.2780075073, 4.00843334198, 74.0184020996], [-5628.04931641, 153.039321899, 2733.72729492, -369.335723877, -343.202819824, 670.066589355, -213.075286865, 37.9570808411, -43.040977478, -116.992248535, -308.944610596, 148.784286499, -16.2956104279], [916.895874023, -521.641784668, -369.335723877, 759.97845459, -95.5087585449, -76.8326263428, 223.915222168, 1.81755006313, 58.028049469, 47.7449798584, 43.08826828, 8.63642120361, -31.8035869598], [841.051452637, 282.489013672, -343.202819824, -95.5087585449, 300.776611328, -97.7346801758, -37.4595108032, 4.5846786499, -27.2713909149, 7.8086938858, 44.5390510559, -43.3764381409, 10.0900726318], [-1461.23291016, -35.3580780029, 670.066589355, -76.8326263428, -97.7346801758, 380.53012085, -20.3501110077, -0.832647740841, 47.5715675354, -61.0337524414, -101.349884033, 28.4440193176, -28.8354434967], [551.112854004, -114.767951965, -213.075286865, 223.915222168, -37.4595108032, -20.3501110077, 225.598556519, 55.1035881042, 7.2836151123, 46.4990234375, 34.1396446228, -22.3874492645, -12.8225698471], [-226.941253662, -29.4158000946, 37.9570808411, 1.81755006313, 4.5846786499, -0.832647740841, 55.1035881042, 117.504570007, 23.9957256317, -3.05356144905, -4.10993051529, -2.02100348473, -15.3255577087], [205.084320068, -45.1193847656, -43.040977478, 58.028049469, -27.2713909149, 47.5715675354, 7.2836151123, 23.9957256317, 118.926589966, -7.38979911804, -28.008600235, 14.2579946518, -0.218649998307], [252.246994019, -36.7671127319, -116.992248535, 47.7449798584, 7.8086938858, -61.0337524414, 46.4990234375, -3.05356144905, -7.38979911804, 102.637504578, 51.6858940125, -44.3972015381, 0.0282542519271], [861.099121094, 21.2780075073, -308.944610596, 43.08826828, 44.5390510559, -101.349884033, 34.1396446228, -4.10993051529, -28.008600235, 51.6858940125, 144.306381226, -3.51261425018, -11.3995227814], [-270.774688721, 4.00843334198, 148.784286499, 8.63642120361, -43.3764381409, 28.4440193176, -22.3874492645, -2.02100348473, 14.2579946518, -44.3972015381, -3.51261425018, 128.335479736, 32.0476837158], [134.343566895, 74.0184020996, -16.2956104279, -31.8035869598, 10.0900726318, -28.8354434967, -12.8225698471, -15.3255577087, -0.218649998307, 0.0282542519271, -11.3995227814, 32.0476837158, 67.3740692139]],
        "icov": [[0.000887354079168, -0.00168477464467, 0.0013320541475, -0.0011031354079, 0.000715456728358, 0.000491244427394, -0.000640123616904, 0.00144022959284, -0.00211343145929, 0.00158205290791, -0.00256441091187, 0.00144455744885, -0.000936667027418], [-0.00168477464467, 0.00986615940928, -0.00547512853518, 0.00708263972774, -0.00836983975023, 0.00361959380098, -0.00594982830808, 0.0042401929386, -0.00253086560406, 0.00374690489843, -0.000645517022349, -0.000339491147315, -0.0027833818458], [0.0013320541475, -0.00547512853518, 0.00470521720126, -0.00389442755841, 0.00503461807966, -0.0033932751976, 0.00383531837724, -0.00263607222587, 0.00207040738314, -0.00262906216085, 0.000579711690079, -0.000483078503748, 0.000918380741496], [-0.0011031354079, 0.00708263972774, -0.00389442755841, 0.00752861285582, -0.00585303362459, 0.00377475912683, -0.00729699293151, 0.00523481145501, -0.00378354801796, 0.00304491678253, -0.00058812048519, -0.00101140444167, -0.000307411362883], [0.000715456728358, -0.00836983975023, 0.00503461807966, -0.00585303362459, 0.0128341764212, -0.00500441947952, 0.00878258887678, -0.00796597357839, 0.006711140275, -0.00565251288936, 0.00324363517575, -8.83789471118e-05, 0.00263402773999], [0.000491244427394, 0.00361959380098, -0.0033932751976, 0.00377475912683, -0.00500441947952, 0.0108067756519, -0.00887372437865, 0.00947777274996, -0.0105734877288, 0.00919968914241, -0.00568007212132, 0.00352713908069, -0.00083019991871], [-0.000640123616904, -0.00594982830808, 0.00383531837724, -0.00729699293151, 0.00878258887678, -0.00887372437865, 0.0190323684365, -0.0154714183882, 0.0129489870742, -0.0126832406968, 0.00844305288047, -0.0035674313549, 0.00345870363526], [0.00144022959284, 0.0042401929386, -0.00263607222587, 0.00523481145501, -0.00796597357839, 0.00947777274996, -0.0154714183882, 0.0238177012652, -0.0162108037621, 0.0129641406238, -0.0108179161325, 0.00504832202569, -0.00226372247562], [-0.00211343145929, -0.00253086560406, 0.00207040738314, -0.00378354801796, 0.006711140275, -0.0105734877288, 0.0129489870742, -0.0162108037621, 0.0259048417211, -0.0149124525487, 0.0161531195045, -0.00902103818953, 0.00607034610584], [0.00158205290791, 0.00374690489843, -0.00262906216085, 0.00304491678253, -0.00565251288936, 0.00919968914241, -0.0126832406968, 0.0129641406238, -0.0149124525487, 0.0294248498976, -0.0189251657575, 0.0142149142921, -0.0111749824136], [-0.00256441091187, -0.000645517022349, 0.000579711690079, -0.00058812048519, 0.00324363517575, -0.00568007212132, 0.00844305288047, -0.0108179161325, 0.0161531195045, -0.0189251657575, 0.0270533338189, -0.0131666734815, 0.0128152109683], [0.00144455744885, -0.000339491147315, -0.000483078503748, -0.00101140444167, -8.83789471118e-05, 0.00352713908069, -0.0035674313549, 0.00504832202569, -0.00902103818953, 0.0142149142921, -0.0131666734815, 0.0187534485012, -0.0122929504141], [-0.000936667027418, -0.0027833818458, 0.000918380741496, -0.000307411362883, 0.00263402773999, -0.00083019991871, 0.00345870363526, -0.00226372247562, 0.00607034610584, -0.0111749824136, 0.0128152109683, -0.0122929504141, 0.0272786896676]]
    },
    "melbands": {
        "dmean": [2.25175426749e-05, 0.000245896808337, 0.00018550286768, 0.00010399625171, 9.19331068872e-05, 0.000215582869714, 0.000272822799161, 0.000399215263315, 9.89997206489e-05, 8.11719874036e-05, 3.74307019229e-05, 1.30866710606e-05, 1.40250076583e-05, 1.84691816685e-05, 1.16799155876e-05, 7.63553452998e-06, 2.93960511044e-05, 7.11868233338e-06, 2.15019395e-06, 2.87316470349e-06, 1.28619171846e-06, 9.2473709401e-07, 6.36507309082e-07, 6.02070883815e-07, 3.49223256535e-07, 8.74870735856e-08, 1.87762523751e-07, 3.24194076029e-08, 2.0333734696e-08, 1.2993671028e-08, 4.51441506399e-09, 3.26672577877e-09, 3.63252161684e-09, 1.89446369703e-09, 2.11558326413e-09, 1.21057641689e-09, 1.8508938826e-09, 2.45671455401e-10, 5.91525786686e-11, 3.12607092989e-11],
        "dmean2": [3.67258544429e-05, 0.000351111666532, 0.000274236692348, 0.000155803660164, 0.000129458901938, 0.000345668900991, 0.00037772412179, 0.000641828053631, 0.000146509890328, 0.00010131392628, 4.97017135785e-05, 1.69466948137e-05, 1.79651779035e-05, 2.27064156206e-05, 1.54960416694e-05, 1.05464632725e-05, 3.5833043512e-05, 9.0491539595e-06, 3.14141084345e-06, 4.10567326981e-06, 1.56706323651e-06, 1.11327176455e-06, 9.1719135753e-07, 8.51598542795e-07, 4.72943924024e-07, 1.16164649455e-07, 1.78741871082e-07, 4.46887078454e-08, 2.70651767664e-08, 1.80867374411e-08, 6.77211131617e-09, 5.320427654e-09, 5.33876498565e-09, 2.80785728002e-09, 3.59224627822e-09, 2.01941752209e-09, 2.86501578017e-09, 3.68924973904e-10, 1.01795120944e-10, 5.03281513686e-11],
        "dvar": [1.68232738851e-09, 2.54552190881e-07, 1.00977679551e-07, 7.03937317326e-08, 9.722199934e-08, 4.02650471187e-07, 4.67428918682e-07, 1.61142793331e-06, 5.34469180025e-08, 6.10006622992e-08, 2.57805439219e-08, 9.99290095116e-10, 1.51225720835e-09, 4.14411438499e-09, 1.46221046382e-09, 1.88251658706e-09, 2.00420906538e-08, 7.40943473243e-10, 2.61703089754e-11, 1.11253291302e-10, 1.47989381166e-11, 9.88050613548e-12, 1.21389252816e-11, 2.53915447695e-11, 1.62712887868e-12, 7.57674833789e-14, 6.83015981013e-13, 1.27487894509e-14, 1.0891258903e-14, 4.16432906496e-15, 1.10986038864e-15, 4.91914066481e-16, 1.80884859974e-15, 6.51299250314e-16, 2.11614029454e-15, 2.6234103272e-16, 9.73205810407e-16, 9.08286333358e-18, 2.4580480988e-19, 9.35980454004e-20],
        "dvar2": [4.14859213649e-09, 4.42597382744e-07, 2.07252057294e-07, 1.18318787656e-07, 1.30804238552e-07, 8.80130130554e-07, 9.86987288343e-07, 3.93855452785e-06, 1.09125487313e-07, 8.73576695426e-08, 4.42095320352e-08, 1.55245472033e-09, 2.32484675955e-09, 6.63275523394e-09, 2.38638842021e-09, 3.93408461363e-09, 3.24420739162e-08, 1.15648035592e-09, 5.59611766648e-11, 2.46818343541e-10, 2.53108749237e-11, 1.68119303201e-11, 2.6429299721e-11, 5.6133240417e-11, 3.19432176023e-12, 1.65823531664e-13, 5.72346098467e-13, 2.37680443496e-14, 1.90917685713e-14, 7.62419607428e-15, 2.86891456839e-15, 1.17518102844e-15, 3.6432496424e-15, 1.35067587896e-15, 5.42589570143e-15, 6.54003350058e-16, 2.23436258882e-15, 2.14905708675e-17, 6.84329002307e-19, 2.26588370275e-19],
        "max": [0.00143319915514, 0.0164808630943, 0.0097938561812, 0.00708418432623, 0.00991925783455, 0.0225861594081, 0.0172419343144, 0.0275409352034, 0.00434542819858, 0.0115457531065, 0.00589495291933, 0.00109455245547, 0.00144312833436, 0.00162565731443, 0.000867454684339, 0.00153368618339, 0.0031784249004, 0.000628291047178, 0.000105636405351, 0.000387909385609, 0.000113380985567, 0.000115076407383, 0.000182066869456, 0.000212787359487, 2.80119893432e-05, 9.3842518254e-06, 2.14423052967e-05, 3.7014190184e-06, 2.26815291171e-06, 1.94660901798e-06, 1.62946344062e-06, 7.13970337074e-07, 1.83193265002e-06, 1.08185008685e-06, 2.05973606171e-06, 7.2806847129e-07, 1.43817010212e-06, 1.3637622942e-07, 1.78415611174e-08, 1.27779404835e-08],
        "mean": [5.28468626726e-05, 0.000786779506598, 0.000637771445327, 0.000290360418148, 0.000241762638325, 0.000676158466376, 0.000834410311654, 0.000884798937477, 0.000262113928329, 0.000275965110632, 9.84670623438e-05, 3.34324395226e-05, 5.94956800342e-05, 5.04589479533e-05, 2.56432285823e-05, 1.45727653944e-05, 5.53348145331e-05, 1.52711745613e-05, 5.30253464603e-06, 5.53006930204e-06, 2.81663096757e-06, 1.81626512585e-06, 1.13292082915e-06, 1.28250485432e-06, 7.59045633458e-07, 1.92605639882e-07, 4.5285466399e-07, 6.20770777005e-08, 3.25334781337e-08, 2.18704609978e-08, 6.17079720655e-09, 3.6866301123e-09, 4.47550219107e-09, 2.24341967225e-09, 2.02135930216e-09, 1.31653765667e-09, 1.79800818678e-09, 2.57225379885e-10, 6.20772599991e-11, 3.52962936656e-11],
        "median": [2.02015380637e-05, 0.000211047008634, 0.000260697503109, 0.000120479497127, 9.43483246374e-05, 0.000174385670107, 0.000207734643482, 0.000234002727666, 0.000108821615868, 6.70743684168e-05, 2.36558189499e-05, 1.03976371975e-05, 1.47370938066e-05, 1.27553075799e-05, 5.4957949942e-06, 2.70317786999e-06, 2.94851338367e-06, 3.26385406879e-06, 1.3787696389e-06, 8.75908710896e-07, 4.20896981268e-07, 2.00939382466e-07, 1.16214650348e-07, 6.70615918352e-08, 8.40148928205e-08, 2.75612670464e-08, 2.18413518382e-08, 4.79608797122e-09, 1.22690124726e-09, 3.47828932323e-10, 1.1179487891e-10, 5.32133434539e-11, 3.1022573399e-11, 2.28859674267e-11, 1.82820980577e-11, 1.44932624929e-11, 1.18693058854e-11, 9.46896640958e-12, 7.86184398832e-12, 6.96509690201e-12],
        "min": [1.12883342992e-24, 1.90181446651e-24, 2.04031240906e-24, 3.93374325631e-24, 6.43768440494e-24, 3.74151323649e-24, 7.47369188189e-24, 5.34464898986e-24, 5.3461131157e-24, 8.61007204827e-24, 9.1404666222e-24, 8.64664048439e-24, 3.85333308651e-24, 7.99127456586e-24, 2.8277539563e-24, 4.91429893922e-24, 6.21803042461e-24, 1.17020376098e-23, 1.51019358146e-23, 1.40356435731e-23, 1.16795740067e-23, 1.51860378534e-23, 4.63207211746e-24, 4.33691744319e-24, 7.13470888459e-24, 1.04368837893e-23, 7.60294279691e-24, 1.13301386024e-23, 9.13845108259e-24, 6.63979017443e-24, 1.1867692089e-23, 9.20620476802e-24, 1.07807861232e-23, 9.52750781471e-24, 7.92395554279e-24, 9.76551109412e-24, 8.82771088341e-24, 1.07317891835e-23, 9.63276236985e-24, 1.00779118455e-23],
        "var": [8.8712317492e-09, 2.70521536549e-06, 1.03440333987e-06, 3.47215348029e-07, 3.85746091069e-07, 2.94896949526e-06, 2.71985049949e-06, 3.70135580852e-06, 1.79545153856e-07, 4.12978693021e-07, 7.67779368971e-08, 4.8251083129e-09, 1.6813372028e-08, 1.20344481047e-08, 3.90015930662e-09, 3.14713033411e-09, 4.81365525218e-08, 1.93447169394e-09, 1.00507692447e-10, 2.08895858944e-10, 4.67566436957e-11, 2.84654209926e-11, 2.14692447847e-11, 4.91123218482e-11, 4.46470161189e-12, 1.90587617303e-13, 3.16602733613e-12, 3.21735673314e-14, 1.95293712029e-14, 9.29075880899e-15, 1.47124752499e-15, 5.31419206684e-16, 2.47154240196e-15, 8.3197773071e-16, 1.67353487466e-15, 2.39040135723e-16, 9.40398318536e-16, 8.86700476247e-18, 2.37521552473e-19, 9.35325171862e-20]
    },
    "mfcc": {
        "mean": [-824.541564941, 239.448501587, 0.605712115765, -9.01157093048, 1.50837278366, -13.5386676788, -7.66486692429, -7.84107255936, -5.10613298416, 5.17976760864, 0.929192185402, -2.15770030022, -0.223979786038],
        "cov": [[8154.328125, 2831.9309082, -3455.8449707, 131.058334351, 199.916732788, -716.30480957, 66.6804504395, -158.247436523, -397.797729492, 160.20475769, 68.0590667725, 107.790428162, 241.700408936], [2831.9309082, 1826.93151855, -751.207824707, -319.328094482, 109.655097961, -199.872344971, -55.1743431091, -110.201507568, -164.042617798, -22.4943027496, -24.2368831635, -39.3758087158, 76.596862793], [-3455.8449707, -751.207824707, 2048.26367188, -84.6094360352, -132.098510742, 417.077056885, -57.3796882629, 84.6569747925, 208.511001587, -112.285820007, -63.3921279907, -50.3229217529, -108.861091614], [131.058334351, -319.328094482, -84.6094360352, 457.017242432, 25.8365039825, -67.9305343628, 107.447914124, 59.3704566956, 35.8445968628, 49.9485816956, 34.5356941223, 71.2469787598, 32.0846672058], [199.916732788, 109.655097961, -132.098510742, 25.8365039825, 130.630996704, -14.7105093002, -16.5262184143, -1.61673998833, -21.9682693481, -15.0902051926, 0.0759493410587, 0.242931634188, 12.4380807877], [-716.30480957, -199.872344971, 417.077056885, -67.9305343628, -14.7105093002, 224.864532471, 1.51219713688, -0.838674604893, 64.1480178833, -25.9694652557, -25.1912384033, -12.4238004684, -38.7324180603], [66.6804504395, -55.1743431091, -57.3796882629, 107.447914124, -16.5262184143, 1.51219713688, 151.871292114, 36.0016860962, -9.63554191589, 51.5844764709, 21.7986011505, 14.9170980453, 26.5148048401], [-158.247436523, -110.201507568, 84.6569747925, 59.3704566956, -1.61673998833, -0.838674604893, 36.0016860962, 144.661209106, 56.4046287537, -26.3848609924, 18.1590232849, 16.8484745026, 10.4998884201], [-397.797729492, -164.042617798, 208.511001587, 35.8445968628, -21.9682693481, 64.1480178833, -9.63554191589, 56.4046287537, 141.940917969, 18.1714668274, -11.6975946426, 19.7196922302, -17.7265739441], [160.20475769, -22.4943027496, -112.285820007, 49.9485816956, -15.0902051926, -25.9694652557, 51.5844764709, -26.3848609924, 18.1714668274, 130.064041138, 39.4043159485, 5.39582204819, 17.3876667023], [68.0590667725, -24.2368831635, -63.3921279907, 34.5356941223, 0.0759493410587, -25.1912384033, 21.7986011505, 18.1590232849, -11.6975946426, 39.4043159485, 74.1325302124, 22.0753631592, -3.22022652626], [107.790428162, -39.3758087158, -50.3229217529, 71.2469787598, 0.242931634188, -12.4238004684, 14.9170980453, 16.8484745026, 19.7196922302, 5.39582204819, 22.0753631592, 76.8551177979, 24.6423339844], [241.700408936, 76.596862793, -108.861091614, 32.0846672058, 12.4380807877, -38.7324180603, 26.5148048401, 10.4998884201, -17.7265739441, 17.3876667023, -3.22022652626, 24.6423339844, 88.5238647461]],
