{
"lowlevel": {
    "average_loudness": 0.737134993076,
    "barkbands_crest": {
        "dmean": 3.01678848267,
        "dmean2": 4.78785800934,
        "dvar": 7.96177530289,
        "dvar2": 18.1982517242,
        "max": 26.7682876587,
        "mean": 11.6578769684,
        "median": 10.2230510712,
        "min": 2.6907889843,
        "var": 29.4698143005
    },
    "barkbands_flatness_db": {
        "dmean": 0.0283771995455,
        "dmean2": 0.0433938801289,
        "dvar": 0.000900837825611,
        "dvar2": 0.00216009374708,
        "max": 0.945341944695,
        "mean": 0.239577412605,
        "median": 0.213865935802,
        "min": 0.0271715298295,
        "var": 0.0141860581934
    },
    "barkbands_kurtosis": {
        "dmean": 5.33755874634,
        "dmean2": 8.37414646149,
        "dvar": 337.463897705,
        "dvar2": 802.776428223,
        "max": 670.247253418,
        "mean": 7.5886182785,
        "median": 2.26218032837,
        "min": -1.92292237282,
        "var": 670.993347168
    },
    "barkbands_skewness": {
        "dmean": 0.687331438065,
        "dmean2": 1.03559911251,
        "dvar": 0.805461764336,
        "dvar2": 1.789757967,
        "max": 21.8873996735,
        "mean": 1.507178545,
        "median": 1.21508979797,
        "min": -5.45681524277,
        "var": 3.61227536201
    },
    "barkbands_spread": {
        "dmean": 3.59549307823,
        "dmean2": 5.5618185997,
        "dvar": 26.5693969727,
        "dvar2": 59.7479629517,
        "max": 136.863479614,
        "mean": 12.2518672943,
        "median": 9.74732971191,
        "min": 0.0195897705853,
        "var": 100.62323761
    },
    "dissonance": {
        "dmean": 0.028625626117,
        "dmean2": 0.048387195915,
        "dvar": 0.00114916008897,
        "dvar2": 0.00320936739445,
        "max": 0.499999910593,
        "mean": 0.44433093071,
        "median": 0.460218131542,
        "min": 0.0268634743989,
        "var": 0.00285927974619
    },
    "dynamic_complexity": 6.44358062744,
    "erbbands_crest": {
        "dmean": 3.26184988022,
        "dmean2": 5.32839488983,
        "dvar": 9.39377975464,
        "dvar2": 24.4828529358,
        "max": 32.7963485718,
        "mean": 11.1075811386,
        "median": 9.99637985229,
        "min": 2.21507930756,
        "var": 25.4477443695
    },
    "erbbands_flatness_db": {
        "dmean": 0.020925950259,
        "dmean2": 0.0318723097444,
        "dvar": 0.00044660383719,
        "dvar2": 0.00109682441689,
        "max": 0.639097869396,
        "mean": 0.264007359743,
        "median": 0.236906722188,
        "min": 0.0491431616247,
        "var": 0.0103784669191
    },
    "erbbands_kurtosis": {
        "dmean": 1.47294569016,
        "dmean2": 2.38829874992,
        "dvar": 11.6457834244,
        "dvar2": 30.3250484467,
        "max": 179.826324463,
        "mean": 1.33327519894,
        "median": 0.176711797714,
        "min": -1.76098096371,
        "var": 23.6564540863
    },
    "erbbands_skewness": {
        "dmean": 0.410188555717,
        "dmean2": 0.643481791019,
        "dvar": 0.164673954248,
        "dvar2": 0.406173348427,
        "max": 8.27622032166,
        "mean": 0.246547445655,
        "median": 0.303998112679,
        "min": -4.8236823082,
        "var": 0.883766055107
    },
    "erbbands_spread": {
        "dmean": 5.23097896576,
        "dmean2": 8.13037109375,
        "dvar": 44.944858551,
        "dvar2": 100.102485657,
        "max": 162.954971313,
        "mean": 24.3515529633,
        "median": 22.1616172791,
        "min": 0.401082932949,
        "var": 290.65423584
    },
    "hfc": {
        "dmean": 7.40143680573,
        "dmean2": 11.2763204575,
        "dvar": 2427.05957031,
        "dvar2": 5111.77636719,
        "max": 2854.20385742,
        "mean": 17.8924484253,
        "median": 12.5062074661,
        "min": 1.19255753877e-16,
        "var": 3682.69116211
    },
    "melbands_crest": {
        "dmean": 3.90774583817,
        "dmean2": 6.08988523483,
        "dvar": 12.0724830627,
        "dvar2": 26.5209712982,
        "max": 36.8547210693,
        "mean": 15.8138465881,
        "median": 14.1205530167,
        "min": 1.76431965828,
        "var": 51.4430122375
    },
    "melbands_flatness_db": {
        "dmean": 0.032246787101,
        "dmean2": 0.0488212667406,
        "dvar": 0.00126004416961,
        "dvar2": 0.00292118522339,
        "max": 1,
        "mean": 0.322672277689,
        "median": 0.295760691166,
        "min": 0.00736597040668,
        "var": 0.0231573786587
    },
    "melbands_kurtosis": {
        "dmean": 8.14036750793,
        "dmean2": 12.0307998657,
        "dvar": 566.362182617,
        "dvar2": 952.364379883,
        "max": 1623.30065918,
        "mean": 14.8376607895,
        "median": 4.2607049942,
        "min": -1.91577470303,
        "var": 2399.3269043
    },
    "melbands_skewness": {
        "dmean": 0.760100245476,
        "dmean2": 1.11761057377,
        "dvar": 0.844727993011,
        "dvar2": 1.64040219784,
        "max": 32.114402771,
        "mean": 2.20026636124,
        "median": 1.623285532,
        "min": -3.86372280121,
        "var": 5.37684726715
    },
    "melbands_spread": {
        "dmean": 4.65612125397,
        "dmean2": 7.29043626785,
        "dvar": 49.7198486328,
        "dvar2": 113.453567505,
        "max": 242.034210205,
        "mean": 15.5666856766,
        "median": 12.0966348648,
        "min": 0.143426805735,
        "var": 208.597686768
    },
    "pitch_salience": {
        "dmean": 0.0817102864385,
        "dmean2": 0.129413217306,
        "dvar": 0.00610715942457,
        "dvar2": 0.0135846035555,
        "max": 0.970759510994,
        "mean": 0.52544683218,
        "median": 0.558471500874,
        "min": 0.0235873237252,
        "var": 0.0232333764434
    },
    "silence_rate_20dB": {
        "dmean": 0.000288288283627,
        "dmean2": 0.000576618127525,
        "dvar": 0.000288190989522,
        "dvar2": 0.000720383017324,
        "max": 1,
        "mean": 0.999711751938,
        "median": 1,
        "min": 0,
        "var": 0.000288169976557
    },
    "silence_rate_30dB": {
        "dmean": 0.0539099089801,
        "dmean2": 0.107827588916,
        "dvar": 0.0510117895901,
        "dvar2": 0.104257009923,
        "max": 1,
        "mean": 0.88137793541,
        "median": 1,
        "min": 0,
        "var": 0.104543566704
    },
    "silence_rate_60dB": {
        "dmean": 0.0128288287669,
        "dmean2": 0.0256595071405,
        "dvar": 0.0126669136807,
        "dvar2": 0.0284606218338,
        "max": 1,
        "mean": 0.209930822253,
        "median": 0,
        "min": 0,
        "var": 0.165864348412
    },
    "spectral_centroid": {
        "dmean": 167.415786743,
        "dmean2": 256.118865967,
        "dvar": 58843.4492188,
        "dvar2": 122925.578125,
        "max": 10674.5048828,
        "mean": 1020.43731689,
        "median": 859.055664062,
        "min": 61.3183021545,
        "var": 368735.21875
    },
    "spectral_complexity": {
        "dmean": 2.47091889381,
        "dmean2": 4.06515789032,
        "dvar": 11.8713903427,
        "dvar2": 27.7298202515,
        "max": 60,
        "mean": 14.4220952988,
        "median": 15,
        "min": 0,
        "var": 87.2762069702
    },
    "spectral_decrease": {
        "dmean": 4.3063623778e-09,
        "dmean2": 5.87696735721e-09,
        "dvar": 6.15297306031e-17,
        "dvar2": 1.17336615447e-16,
        "max": 2.74972733472e-09,
        "mean": -1.12798641538e-08,
        "median": -5.52250734032e-09,
        "min": -1.03797134443e-07,
        "var": 2.47303789157e-16
    },
    "spectral_energy": {
        "dmean": 0.0166794005781,
        "dmean2": 0.0228480156511,
        "dvar": 0.000901595049072,
        "dvar2": 0.00172185711563,
        "max": 0.413096427917,
        "mean": 0.0441955551505,
        "median": 0.022761920467,
        "min": 1.10427270839e-20,
        "var": 0.00364387989976
    },
    "spectral_energyband_high": {
        "dmean": 0.000412006687839,
        "dmean2": 0.000595796853304,
        "dvar": 1.98791731236e-05,
        "dvar2": 3.80253222829e-05,
        "max": 0.325345098972,
        "mean": 0.000536446576007,
        "median": 3.14968710882e-05,
        "min": 8.12921844406e-21,
        "var": 3.4263026464e-05
    },
    "spectral_energyband_low": {
        "dmean": 0.0140005797148,
        "dmean2": 0.0188889913261,
        "dvar": 0.000963416649029,
        "dvar2": 0.00181759137195,
        "max": 0.388817936182,
        "mean": 0.0271599721164,
        "median": 0.00124406104442,
        "min": 5.60904148093e-23,
        "var": 0.00310949399136
    },
    "spectral_energyband_middle_high": {
        "dmean": 0.00177253340371,
        "dmean2": 0.00283310515806,
        "dvar": 1.38339009936e-05,
        "dvar2": 3.28239293594e-05,
        "max": 0.109147414565,
        "mean": 0.00461988942698,
        "median": 0.00257692765445,
        "min": 1.63050021483e-21,
        "var": 4.6954555728e-05
    },
    "spectral_energyband_middle_low": {
        "dmean": 0.00545775797218,
        "dmean2": 0.00905906036496,
        "dvar": 0.000117383700854,
        "dvar2": 0.000313632481266,
        "max": 0.187376484275,
        "mean": 0.0128861153498,
        "median": 0.00904118828475,
        "min": 2.82548191067e-22,
        "var": 0.000220810907194
    },
    "spectral_entropy": {
        "dmean": 0.169787168503,
        "dmean2": 0.267945677042,
        "dvar": 0.0342432893813,
        "dvar2": 0.0851358622313,
        "max": 9.80090999603,
        "mean": 6.84391260147,
        "median": 7.02025842667,
        "min": 2.83528399467,
        "var": 0.598020672798
    },
    "spectral_flux": {
        "dmean": 0.0337430611253,
        "dmean2": 0.0524865575135,
        "dvar": 0.00232762354426,
        "dvar2": 0.00507654808462,
        "max": 0.536056578159,
        "mean": 0.0874871835113,
        "median": 0.0700009539723,
        "min": 1.05084378699e-10,
        "var": 0.00594216864556
    },
    "spectral_kurtosis": {
        "dmean": 24.4479503632,
        "dmean2": 43.4301948547,
        "dvar": 7079.24462891,
        "dvar2": 22243.8925781,
        "max": 1440.02380371,
        "mean": 54.4152984619,
        "median": 9.33548736572,
        "min": -1.28126120567,
        "var": 18188.9355469
    },
    "spectral_rms": {
        "dmean": 0.000993098132312,
        "dmean2": 0.00137132464442,
        "dvar": 1.84940631698e-06,
        "dvar2": 3.30453553943e-06,
        "max": 0.0200753808022,
        "mean": 0.00525526981801,
        "median": 0.00471240421757,
        "min": 3.28228460036e-12,
        "var": 1.54998706421e-05
    },
    "spectral_rolloff": {
        "dmean": 283.19317627,
        "dmean2": 475.106781006,
        "dvar": 478678.9375,
        "dvar2": 1063413.125,
        "max": 19164.5507812,
        "mean": 1067.44396973,
        "median": 882.861328125,
        "min": 64.599609375,
        "var": 1280207.125
    },
    "spectral_skewness": {
        "dmean": 0.810832858086,
        "dmean2": 1.40594470501,
        "dvar": 2.32411718369,
        "dvar2": 7.16903829575,
        "max": 34.7653694153,
        "mean": 3.65104222298,
        "median": 1.97345924377,
        "min": -0.261751711369,
        "var": 20.6329841614
    },
    "spectral_spread": {
        "dmean": 315217.53125,
        "dmean2": 490706.53125,
        "dvar": 356309106688,
        "dvar2": 575566053376,
        "max": 41252360,
        "mean": 2449454.25,
        "median": 2422533,
        "min": 64450.7109375,
        "var": 2.31347873382e+12
    },
    "spectral_strongpeak": {
        "dmean": 0.549422740936,
        "dmean2": 0.917849421501,
        "dvar": 1.12561786175,
        "dvar2": 2.54076910019,
        "max": 54.5557250977,
        "mean": 1.0044811964,
        "median": 0.638122081757,
        "min": 0,
        "var": 2.08490848541
    },
    "zerocrossingrate": {
        "dmean": 0.00594256771728,
        "dmean2": 0.00706392386928,
        "dvar": 9.31180111365e-05,
        "dvar2": 0.000121938130178,
        "max": 0.49853515625,
        "mean": 0.0394574254751,
        "median": 0.03564453125,
        "min": 0.001953125,
        "var": 0.000882374239154
    },
    "barkbands": {
        "dmean": [0.00134515366517, 0.0126482695341, 0.00277113658376, 0.00131702143699, 0.00151419779286, 0.00162933289539, 0.000405716185924, 0.00206940923817, 0.000785173091572, 0.000935281335842, 0.000358697085176, 0.000361456652172, 0.000198859546799, 0.000148970182636, 0.000305320543703, 0.000131485780003, 0.000211968479562, 0.000152343185619, 0.000103462640254, 0.000151021973579, 8.33108424558e-05, 4.04525417252e-05, 3.36106786563e-05, 5.89920164202e-05, 6.31372604403e-05, 6.23980376986e-05, 1.07179957922e-05],
        "dmean2": [0.00208907783963, 0.0175583101809, 0.00481546204537, 0.00239625503309, 0.00250653852709, 0.00248799775727, 0.000627141504083, 0.00339913275093, 0.00129049108364, 0.00143871305045, 0.000572956167161, 0.000598108803388, 0.000329408561811, 0.000244353315793, 0.000495406100526, 0.00021634848963, 0.000332105759298, 0.000244951574132, 0.000161650401424, 0.000227781682042, 0.000129516469315, 6.30842187093e-05, 5.11713224114e-05, 7.62566487538e-05, 8.84851979208e-05, 0.000101437624835, 1.59606970556e-05],
        "dvar": [1.08724389065e-05, 0.000978286843747, 7.42546471884e-05, 2.16607277252e-05, 1.84352084034e-05, 1.52535030793e-05, 2.49688582699e-06, 2.76202717941e-05, 3.89799834011e-06, 6.49963203614e-06, 1.2647026324e-06, 1.28078420403e-06, 2.54837402736e-07, 2.17644313238e-07, 8.25847052965e-07, 2.16682423115e-07, 4.51707848015e-07, 4.29345845987e-07, 2.98850409308e-07, 9.49358081925e-07, 5.0049584388e-07, 1.01997180479e-07, 1.74484696913e-07, 2.02407136385e-06, 1.74102035544e-06, 3.80527376365e-06, 1.06964762381e-07],
        "dvar2": [2.47609132202e-05, 0.00190387188923, 0.000202062059543, 6.28083507763e-05, 4.81705283164e-05, 3.33226053044e-05, 7.0049381975e-06, 7.15296409908e-05, 9.72037105385e-06, 1.39076346386e-05, 2.97966403195e-06, 3.02364855997e-06, 6.57206499e-07, 5.49275227968e-07, 2.07510811379e-06, 5.84101769618e-07, 1.06070217498e-06, 1.12531142804e-06, 6.21837841663e-07, 2.35524726122e-06, 1.18201739951e-06, 2.32782909393e-07, 3.73325690362e-07, 1.95006305148e-06, 3.14289718517e-06, 9.73865553533e-06, 2.37874914433e-07],
        "max": [0.0415121614933, 0.382012426853, 0.122425280511, 0.0809401199222, 0.172142788768, 0.100178681314, 0.114660903811, 0.137464344501, 0.0699462294579, 0.105933815241, 0.0505668967962, 0.0844897925854, 0.0223093796521, 0.0177829377353, 0.0509459525347, 0.0293099265546, 0.022047560662, 0.0409880839288, 0.0388940051198, 0.0402231216431, 0.033977445215, 0.0192464031279, 0.0307715274394, 0.173509553075, 0.107200905681, 0.125762075186, 0.0297072157264],
        "mean": [0.00170289713424, 0.0211565624923, 0.00355289503932, 0.00149915984366, 0.00277827167884, 0.00317555386573, 0.000811178761069, 0.00288407341577, 0.00119180930778, 0.00166185840499, 0.00054590695072, 0.000542976893485, 0.000346857617842, 0.000231356330914, 0.000489976024255, 0.000214423984289, 0.000366119493265, 0.000250944722211, 0.00016254921502, 0.000198920024559, 0.00010997211939, 5.19427048857e-05, 4.26499900641e-05, 8.29650525702e-05, 7.3032657383e-05, 5.78506733291e-05, 1.26818404169e-05],
        "median": [8.01303540356e-05, 0.00040185888065, 0.000173111970071, 0.000195643762709, 0.000940472935326, 0.00114433898125, 0.000339134421665, 0.000809384568129, 0.000446439371444, 0.000498165900353, 0.000140863310662, 0.000174965360202, 0.000124235026306, 8.43435118441e-05, 0.000134355970658, 5.89279297856e-05, 8.81027372088e-05, 3.99807286158e-05, 2.51890833169e-05, 1.98044945137e-05, 9.5781579148e-06, 3.85132898373e-06, 1.51437927798e-06, 7.2152681696e-07, 1.7208046188e-07, 9.75542064907e-08, 1.50444890323e-07],
        "min": [4.76732941941e-23, 8.3572389727e-24, 1.46296700342e-23, 3.7906047606e-23, 4.25323697163e-23, 2.71656842933e-23, 5.75374909986e-24, 6.09771178163e-23, 9.6234088461e-23, 1.52156930281e-22, 3.28573630561e-23, 1.52430002372e-22, 5.19910233846e-23, 3.3305896745e-23, 1.62808168089e-22, 2.12181066259e-22, 2.07357781358e-22, 2.24252581862e-22, 2.64051611651e-22, 3.61542980311e-22, 5.71158166035e-22, 6.60274204776e-22, 6.90785729003e-22, 9.67993369608e-22, 1.25767541286e-21, 1.41015624311e-21, 2.54565378774e-21],
        "var": [1.68997921719e-05, 0.00251374463551, 8.23816517368e-05, 1.73218049895e-05, 2.69197626039e-05, 3.63893050235e-05, 3.3325293316e-06, 4.3107651436e-05, 6.84734823153e-06, 1.87432106031e-05, 2.78303309642e-06, 3.09572783408e-06, 6.28154509741e-07, 3.64571320688e-07, 1.9121614514e-06, 3.90849095311e-07, 1.0108784636e-06, 6.93997719736e-07, 5.07082631884e-07, 1.02657099887e-06, 6.50338620289e-07, 1.40742614008e-07, 2.76367387642e-07, 6.14036525803e-06, 2.87095417661e-06, 3.32467743647e-06, 1.26636493292e-07]
    },
    "erbbands": {
        "dmean": [0.549093782902, 2.47143936157, 3.0768892765, 4.09992408752, 4.18756151199, 4.39265918732, 12.1911258698, 14.7633132935, 6.63477611542, 7.58551502228, 55.8946075439, 22.7374076843, 20.2643699646, 26.5145301819, 15.5186271667, 17.4596424103, 8.54912471771, 9.37089061737, 17.9742393494, 7.00796079636, 6.80084276199, 9.77358627319, 8.6395483017, 6.10151147842, 6.03673934937, 7.53111839294, 4.55440473557, 2.16803431511, 1.50022625923, 1.11513090134, 1.06713283062, 1.08145964146, 1.10219407082, 0.685072004795, 0.471366494894, 0.212058365345, 0.141375973821, 0.0263794101775, 0.00152045185678, 6.51853624731e-05],
        "dmean2": [0.700607359409, 3.78707313538, 5.24140405655, 7.25789070129, 7.46277046204, 7.24914073944, 18.1948509216, 22.7916679382, 10.1186265945, 12.3204507828, 92.0707778931, 36.9764328003, 31.864730835, 40.8395729065, 24.805015564, 28.7178916931, 14.0922861099, 15.5355033875, 29.171667099, 11.62251091, 10.9392986298, 15.335021019, 13.5610599518, 9.70700263977, 9.39698505402, 11.2762145996, 7.01379299164, 3.3888425827, 2.37761092186, 1.68368566036, 1.6439050436, 1.5680706501, 1.31806445122, 0.909235417843, 0.697827935219, 0.339338779449, 0.235610559583, 0.0401907674968, 0.00221062544733, 9.51890760916e-05],
        "dvar": [1.78124189377, 46.7476615906, 80.5224533081, 192.536468506, 212.171020508, 207.77305603, 765.893920898, 1645.046875, 460.829437256, 372.392028809, 20814.1425781, 3254.93237305, 3191.67163086, 6633.62988281, 2231.84838867, 3181.95874023, 509.271942139, 720.551696777, 3088.58813477, 479.140533447, 467.771209717, 1131.92199707, 912.97265625, 1385.93591309, 763.023193359, 2103.06616211, 1467.71618652, 323.393066406, 120.57182312, 124.160194397, 195.634048462, 569.31829834, 859.150146484, 197.133605957, 106.975494385, 30.5360202789, 24.439874649, 0.773806989193, 0.00177491188515, 1.05840831566e-06],
        "dvar2": [2.70216059685, 114.688514709, 216.493286133, 539.438415527, 598.055664062, 535.10748291, 1568.60192871, 3693.12963867, 1251.82727051, 986.424255371, 53902.171875, 8070.10107422, 7116.15673828, 13868.4472656, 5184.75292969, 7395.50585938, 1255.73937988, 1821.40649414, 7668.44091797, 1262.06945801, 1191.53479004, 2707.68432617, 2236.75439453, 3054.62329102, 1898.37145996, 5114.01416016, 3669.30688477, 711.075561523, 271.513214111, 259.801635742, 429.482452393, 1018.96942139, 849.184143066, 317.917541504, 194.690338135, 74.0146102905, 64.76512146, 1.82895231247, 0.0038005951792, 2.28098497246e-06],
        "max": [16.0583744049, 84.9943771362, 117.078651428, 229.325637817, 358.397338867, 619.847961426, 919.94934082, 1162.02209473, 1417.00256348, 1105.01074219, 3744.02539062, 1931.86132812, 2751.88208008, 3902.86499023, 2536.10742188, 4337.51074219, 1136.89868164, 1133.8359375, 3242.16625977, 846.641967773, 1054.99768066, 1215.57910156, 1539.91479492, 2602.29345703, 832.514892578, 1998.34399414, 2038.33374023, 1192.95776367, 606.255371094, 732.819946289, 1032.31970215, 2706.66137695, 3891.85620117, 1486.25476074, 909.702514648, 331.856994629, 319.711761475, 69.5341491699, 3.75517487526, 0.0775156021118],
        "mean": [0.883477032185, 3.63274049759, 4.3549952507, 5.18518733978, 6.2366771698, 8.25092029572, 23.0403499603, 25.390253067, 14.1055135727, 14.392282486, 76.1143035889, 37.6560707092, 37.1059455872, 44.530254364, 26.5378913879, 27.1201000214, 16.1931285858, 16.3598499298, 29.0959854126, 12.399184227, 12.4461288452, 17.4692459106, 16.0177516937, 10.0203199387, 9.05894947052, 10.1718397141, 5.96717309952, 2.90832829475, 1.95823085308, 1.46317255497, 1.29301059246, 1.38813304901, 1.49810171127, 0.826998770237, 0.539842665195, 0.2308383286, 0.117042668164, 0.0259356629103, 0.00174469698686, 0.000135009628139],
        "median": [0.0110500343144, 0.0892071127892, 0.213048368692, 0.597455501556, 0.979714512825, 2.7739238739, 7.97690153122, 7.87333774567, 6.67359924316, 7.93355083466, 18.7559318542, 14.3960762024, 13.2788524628, 11.7257785797, 8.16090488434, 9.06609153748, 6.47749757767, 6.57032489777, 8.02355957031, 4.49102020264, 3.96255397797, 4.0803565979, 2.78800010681, 1.82904458046, 1.30534720421, 1.04165029526, 0.529846727848, 0.282421499491, 0.155612722039, 0.0744012743235, 0.0385508276522, 0.0209583863616, 0.00936403125525, 0.00303369038738, 0.000756179681048, 0.000176434376044, 0.000192864914425, 0.000109074964712, 5.59019208595e-05, 5.92283104197e-05],
        "min": [4.6338780094e-22, 1.82044681364e-21, 1.37629735361e-20, 6.77807109692e-20, 1.63679630329e-19, 1.56540350785e-19, 1.78406624708e-19, 1.52651697177e-19, 1.35005983082e-19, 2.82544269432e-19, 1.61840854356e-18, 2.6197812956e-18, 3.50509140532e-18, 3.35655520311e-18, 3.66546518248e-18, 4.62172939757e-18, 2.25353053578e-18, 2.12783113593e-18, 7.08625447567e-18, 1.0279775482e-17, 9.70255065256e-18, 1.15445238852e-17, 1.09132287407e-17, 1.60899069938e-17, 1.10096043811e-17, 2.0976410288e-17, 2.46373727128e-17, 2.21576506725e-17, 2.58263753602e-17, 1.91043433975e-17, 1.78368760516e-17, 2.03029297594e-17, 1.55018973836e-17, 1.25194000777e-17, 9.1002233731e-18, 4.41131450208e-18, 2.93100862146e-18, 1.36018901931e-18, 3.35824446102e-19, 3.85666336696e-20],
        "var": [5.00016927719, 80.5075378418, 100.188575745, 177.433639526, 238.390579224, 293.679199219, 1729.35375977, 3231.78417969, 766.440551758, 651.613342285, 32076.296875, 6223.36914062, 8819.07617188, 16974.7089844, 5326.69921875, 7909.64550781, 1378.6394043, 1400.42553711, 7251.83984375, 957.226989746, 969.142211914, 2405.640625, 2072.83398438, 2299.71386719, 1032.18713379, 2390.49804688, 1668.82043457, 467.693237305, 172.371994019, 207.869384766, 293.024078369, 1212.62731934, 2467.61035156, 374.313568115, 178.900924683, 34.2688598633, 18.9245052338, 0.80208414793, 0.00218651234172, 1.26998747874e-06]
    },
    "gfcc": {
        "mean": [-120.459228516, 157.069351196, -132.154098511, -6.399518013, -44.2784042358, -12.0849199295, -13.6314353943, -6.58734846115, -5.50820589066, -8.74945831299, -5.19172620773, -6.6222038269, -1.51829910278],
        "cov": [[26128.6015625, -2978.94750977, -1973.44470215, 4990.16992188, -328.643798828, -570.997131348, -378.007232666, -549.622924805, -162.558914185, -258.718688965, 351.959533691, -37.2970504761, -10.49031353], [-2978.94750977, 3831.12670898, 1695.16040039, -836.141113281, 1048.27526855, 142.168457031, 477.531921387, 42.2856788635, 215.180114746, 31.6480140686, 233.892410278, 17.0772953033, 146.250442505], [-1973.44470215, 1695.16040039, 3467.73486328, -227.777664185, 396.780181885, 684.059265137, 254.856201172, 244.596420288, 141.995285034, 178.623275757, 138.50692749, 102.395904541, 54.7762908936], [4990.16992188, -836.141113281, -227.777664185, 2565.04736328, 219.547607422, -96.7915878296, 119.134666443, -27.7354183197, 38.7448425293, 27.9810829163, 161.165802002, 13.6302452087, -13.4092407227], [-328.643798828, 1048.27526855, 396.780181885, 219.547607422, 829.87890625, 155.91456604, 265.35446167, 89.2204055786, 113.844947815, 79.349357605, 123.007888794, 40.9140625, 33.4212303162], [-570.997131348, 142.168457031, 684.059265137, -96.7915878296, 155.91456604, 624.79675293, 94.9487838745, 233.061096191, 46.4327011108, 143.707855225, 32.2900352478, 56.2419052124, -16.2003650665], [-378.007232666, 477.531921387, 254.856201172, 119.134666443, 265.35446167, 94.9487838745, 333.69833374, 85.5713500977, 131.582168579, 45.4949493408, 70.0133132935, 15.359837532, 33.0043334961], [-549.622924805, 42.2856788635, 244.596420288, -27.7354183197, 89.2204055786, 233.061096191, 85.5713500977, 246.261383057, 54.7528572083, 91.0916213989, 15.0895767212, 31.1650314331, -2.16544437408], [-162.558914185, 215.180114746, 141.995285034, 38.7448425293, 113.844947815, 46.4327011108, 131.582168579, 54.7528572083, 169.860183716, 49.7670478821, 59.2370147705, 14.5520401001, 29.1695156097], [-258.718688965, 31.6480140686, 178.623275757, 27.9810829163, 79.349357605, 143.707855225, 45.4949493408, 91.0916213989, 49.7670478821, 140.852813721, 54.0270614624, 43.5668258667, 13.8696022034], [351.959533691, 233.892410278, 138.50692749, 161.165802002, 123.007888794, 32.2900352478, 70.0133132935, 15.0895767212, 59.2370147705, 54.0270614624, 128.2137146, 47.8372917175, 37.3199920654], [-37.2970504761, 17.0772953033, 102.395904541, 13.6302452087, 40.9140625, 56.2419052124, 15.359837532, 31.1650314331, 14.5520401001, 43.5668258667, 47.8372917175, 89.500793457, 41.9971427917], [-10.49031353, 146.250442505, 54.7762908936, -13.4092407227, 33.4212303162, -16.2003650665, 33.0043334961, -2.16544437408, 29.1695156097, 13.8696022034, 37.3199920654, 41.9971427917, 84.4465255737]],
        "icov": [[7.47500016587e-05, 2.05335309147e-05, 2.1725832994e-05, -0.000131985434564, 1.89103702724e-05, -7.40428004065e-05, 0.000101628807897, 9.04163243831e-05, -7.62340619076e-07, 0.000179908049176, -0.000253272155533, 0.00010054143786, -8.77721540746e-05], [2.05335309147e-05, 0.000894147844519, -0.000335611082846, 0.000394305418013, -0.00092053390108, 0.000255438208114, -0.000358447170584, 0.000121417906485, 0.000208992059925, 0.000638389901724, -0.00139623356517, 0.00126426434144, -0.000897904625162], [2.1725832994e-05, -0.000335611082846, 0.000531693105586, -0.000161129210028, 0.000305764755467, -0.000553723657504, 8.39227577671e-05, 5.62492241443e-05, -0.000123056728626, -0.000109317174065, 0.00019824114861, -0.000437361071818, 0.00014522872516], [-0.000131985434564, 0.000394305418013, -0.000161129210028, 0.000892909767572, -0.000528533244506, 0.000349025795003, -0.000493565516081, -0.000122150406241, 0.000254594575381, -2.01313796424e-05, -0.000919060083106, 0.000483074429212, 9.42092374316e-05], [1.89103702724e-05, -0.00092053390108, 0.000305764755467, -0.000528533244506, 0.00274071586318, -0.000463376607513, -0.000736822606996, -5.96046011196e-05, -6.06378162047e-05, -0.000661428377498, 0.000322846171912, -0.00122005061712, 0.00102085701656], [-7.40428004065e-05, 0.000255438208114, -0.000553723657504, 0.000349025795003, -0.000463376607513, 0.00348779279739, -0.000380065845093, -0.00206866604276, 0.000534597958904, -0.00157698721159, 0.000240543289692, -0.000722513650544, 0.00123836286366], [0.000101628807897, -0.000358447170584, 8.39227577671e-05, -0.000493565516081, -0.000736822606996, -0.000380065845093, 0.00592251960188, -0.000990370404907, -0.00313462782651, 0.000911405077204, -0.000335764867486, 0.000642501807306, -0.000858874584083], [9.04163243831e-05, 0.000121417906485, 5.62492241443e-05, -0.000122150406241, -5.96046011196e-05, -0.00206866604276, -0.000990370404907, 0.00761823449284, -0.00100614584517, -0.00236040120944, 0.00150295160711, -0.000899258477148, 0.000472453451948], [-7.62340619076e-07, 0.000208992059925, -0.000123056728626, 0.000254594575381, -6.06378162047e-05, 0.000534597958904, -0.00313462782651, -0.00100614584517, 0.0100003499538, -0.00170286546927, -0.00304009765387, 0.00237438082695, -0.00192786986008], [0.000179908049176, 0.000638389901724, -0.000109317174065, -2.01313796424e-05, -0.000661428377498, -0.00157698721159, 0.000911405077204, -0.00236040120944, -0.00170286546927, 0.0136882951483, -0.0050597442314, -0.00159249838907, -0.000104949118395], [-0.000253272155533, -0.00139623356517, 0.00019824114861, -0.000919060083106, 0.000322846171912, 0.000240543289692, -0.000335764867486, 0.00150295160711, -0.00304009765387, -0.0050597442314, 0.0179124679416, -0.00718434061855, -0.000261861394392], [0.00010054143786, 0.00126426434144, -0.000437361071818, 0.000483074429212, -0.00122005061712, -0.000722513650544, 0.000642501807306, -0.000899258477148, 0.00237438082695, -0.00159249838907, -0.00718434061855, 0.0214392188936, -0.00979235675186], [-8.77721540746e-05, -0.000897904625162, 0.00014522872516, 9.42092374316e-05, 0.00102085701656, 0.00123836286366, -0.000858874584083, 0.000472453451948, -0.00192786986008, -0.000104949118395, -0.000261861394392, -0.00979235675186, 0.0191569030285]]
    },
    "melbands": {
        "dmean": [0.00405609700829, 0.0020223390311, 0.000679312972352, 0.000310404051561, 0.00036090039066, 0.000307995534968, 9.62678168435e-05, 0.000117050018162, 0.000432080239989, 0.000139285300975, 0.00010152428149, 0.000116364913993, 4.9888738431e-05, 4.52090971521e-05, 2.56419007201e-05, 2.12229115277e-05, 1.77748679562e-05, 2.767420483e-05, 1.36450680657e-05, 1.10166729428e-05, 8.41884047986e-06, 1.04496639324e-05, 1.00091037893e-05, 8.97301197256e-06, 4.96380107506e-06, 3.85051362173e-06, 5.67662391404e-06, 4.93564948556e-06, 2.97506221614e-06, 2.08210667552e-06, 1.10487303573e-06, 8.83590075773e-07, 7.32312457785e-07, 5.8843147599e-07, 6.1763961412e-07, 6.01833619385e-07, 6.69510313855e-07, 8.20044704142e-07, 6.04571880558e-07, 5.63782066365e-07],
        "dmean2": [0.00536498054862, 0.00322754541412, 0.00120149087161, 0.000534667342436, 0.000545896939002, 0.00047465620446, 0.00014700157044, 0.000189035767107, 0.00071317126276, 0.000227054479183, 0.000159197370522, 0.000179073307663, 7.9610159446e-05, 7.41929252399e-05, 4.19706993853e-05, 3.54870426236e-05, 2.92554723273e-05, 4.4829412218e-05, 2.25410713028e-05, 1.82534367923e-05, 1.34939155032e-05, 1.67221587617e-05, 1.53459459398e-05, 1.45474477904e-05, 7.91595448391e-06, 6.16422858002e-06, 8.75935438671e-06, 7.43265763958e-06, 4.66511937702e-06, 3.19542209581e-06, 1.75677644165e-06, 1.43532668062e-06, 1.14089050385e-06, 8.76188551047e-07, 9.92284071799e-07, 8.86334532879e-07, 9.74713088908e-07, 1.02051740214e-06, 8.16291162664e-07, 7.75241858264e-07],
        "dvar": [9.45108913584e-05, 2.81828397419e-05, 5.07691038365e-06, 1.27884391077e-06, 6.33143770301e-07, 6.62504646698e-07, 1.09196697906e-07, 7.15150321184e-08, 1.22871449548e-06, 1.32239492245e-07, 8.09024598425e-08, 1.3109168151e-07, 2.46226043998e-08, 1.76478973657e-08, 5.10261166653e-09, 2.76852207826e-09, 2.96819946399e-09, 7.34875715835e-09, 1.63896662908e-09, 1.67241920312e-09, 6.95776714021e-10, 1.399956151e-09, 1.19183451996e-09, 1.34961697373e-09, 1.13649201161e-09, 3.00328678593e-10, 1.30579014268e-09, 8.41095415538e-10, 7.70075725409e-10, 3.05125535949e-10, 8.64657442867e-11, 3.49557709167e-11, 5.73983499619e-11, 3.84483278548e-11, 8.641798388e-11, 9.2275971586e-11, 2.42133868511e-10, 5.49893741653e-10, 1.92338409088e-10, 1.32688554588e-10],
        "dvar2": [0.000162405776791, 7.30374013074e-05, 1.42290236909e-05, 3.4086215237e-06, 1.33161790927e-06, 1.48562776303e-06, 2.99509991919e-07, 1.83471584592e-07, 3.2066343465e-06, 3.24149084463e-07, 1.81406875299e-07, 2.73054098443e-07, 5.79331960182e-08, 4.14380636471e-08, 1.2425434015e-08, 7.26599491685e-09, 7.39367100877e-09, 1.81877943817e-08, 4.26788338004e-09, 4.57713111857e-09, 1.691927487e-09, 3.57349061453e-09, 2.55388088455e-09, 3.4987384101e-09, 2.43982190007e-09, 7.04393932072e-10, 3.32066196762e-09, 2.0357460162e-09, 2.03873673499e-09, 6.86504963987e-10, 1.93393245862e-10, 8.13496700558e-11, 1.34390984452e-10, 7.71100266972e-11, 2.16703419098e-10, 1.50229315099e-10, 4.70864069957e-10, 5.57242474386e-10, 2.10618508745e-10, 2.29053623291e-10],
        "max": [0.113784402609, 0.0674431174994, 0.036267708987, 0.0454671755433, 0.0249717961997, 0.0224609933794, 0.022756587714, 0.0099070565775, 0.027846859768, 0.0133347213268, 0.0136051485315, 0.0172334983945, 0.00696703977883, 0.00936414860189, 0.00481132231653, 0.00162630167324, 0.00234046997502, 0.00509919878095, 0.00176554743666, 0.00251657096669, 0.000993822817691, 0.00130384368822, 0.00162702461239, 0.00194121443201, 0.00238465797156, 0.000831505400129, 0.00140053941868, 0.00143272883724, 0.00171030603815, 0.000998654053546, 0.000696500996128, 0.000269673735602, 0.000513654435053, 0.000442452554125, 0.000701328448486, 0.00102411466651, 0.00177348207217, 0.00305211590603, 0.00166663445998, 0.0010382985929],
        "mean": [0.00674296077341, 0.00312833953649, 0.000907991430722, 0.000523741648067, 0.000703145342413, 0.000553379883058, 0.000201668852242, 0.000203724717721, 0.000583089247812, 0.000211600709008, 0.000182384974323, 0.000187876692507, 7.89584082668e-05, 7.33574997867e-05, 4.28583698522e-05, 3.63527797163e-05, 2.77743311017e-05, 4.44506440545e-05, 2.22429807764e-05, 1.70694365806e-05, 1.42289591167e-05, 1.75255736394e-05, 1.76386711246e-05, 1.40980973811e-05, 7.11858365321e-06, 5.66143171454e-06, 7.43768714528e-06, 6.50690253678e-06, 3.69219537788e-06, 2.68587473329e-06, 1.37580639148e-06, 1.10906489681e-06, 9.47857870415e-07, 7.51934521759e-07, 7.55425958232e-07, 6.99746465216e-07, 8.73141004831e-07, 1.10010398657e-06, 8.28670010833e-07, 6.63212404106e-07],
        "median": [0.000118835421745, 0.000139902826049, 0.000113376547233, 9.87783496385e-05, 0.000278004212305, 0.000182008399861, 8.97030404303e-05, 9.96802700683e-05, 0.000149943589349, 7.61041301303e-05, 6.26317050774e-05, 4.59848815808e-05, 2.10642247112e-05, 2.59323242062e-05, 1.59178453032e-05, 1.30646394609e-05, 1.0043489965e-05, 1.19377091323e-05, 7.6452470239e-06, 4.45908699476e-06, 4.24124664278e-06, 4.38979304818e-06, 2.87778129859e-06, 1.95894835997e-06, 1.12740144687e-06, 8.88298473001e-07, 6.99969291418e-07, 6.40151029074e-07, 3.02479406855e-07, 2.29669268492e-07, 1.2695137741e-07, 8.74483703228e-08, 5.92762141594e-08, 3.30409832827e-08, 2.14158930589e-08, 1.66702900373e-08, 1.0610827772e-08, 7.01749680587e-09, 3.52129170267e-09, 1.98990024458e-09],
        "min": [6.14134288944e-24, 5.42441860459e-24, 1.58224356115e-23, 1.19805504744e-23, 5.74240764663e-24, 3.98060198851e-24, 1.83805596714e-24, 5.20035646953e-24, 1.27020158371e-23, 1.60813586933e-23, 1.91520155441e-23, 1.61322922865e-23, 8.87624555061e-24, 1.63139353985e-23, 7.50689424853e-24, 4.80780981676e-24, 3.32557883003e-24, 9.65014570876e-24, 1.30740181853e-23, 1.61373315299e-23, 1.03784970382e-23, 1.18731115635e-23, 9.52230764363e-24, 1.12697528778e-23, 1.34254643961e-23, 9.62929927048e-24, 6.78963035907e-24, 1.5322891021e-23, 1.36659249772e-23, 1.45180225503e-23, 1.30470904183e-23, 1.63573069711e-23, 9.59985819264e-24, 1.20675216004e-23, 9.979051008e-24, 1.19002554784e-23, 1.27385945284e-23, 1.30044816742e-23, 7.07311699169e-24, 1.21553675731e-23],
        "var": [0.000264153641183, 4.54114378954e-05, 4.71415569336e-06, 1.63613128734e-06, 1.44413024827e-06, 1.37931090194e-06, 1.72115790065e-07, 1.32093632033e-07, 1.85729982149e-06, 2.35427236817e-07, 2.21247319132e-07, 3.28080261625e-07, 5.67550983988e-08, 4.59493314509e-08, 1.38415172657e-08, 6.57737642129e-09, 5.09260811299e-09, 1.73400813708e-08, 3.32798189007e-09, 2.85923418275e-09, 1.389094062e-09, 2.45818343458e-09, 3.0816049712e-09, 2.39045805372e-09, 1.77195513817e-09, 4.88910911756e-10, 1.3908543206e-09, 9.64005986148e-10, 7.21275206228e-10, 4.39799086038e-10, 1.16630829994e-10, 4.82317102923e-11, 7.29692070656e-11, 6.79213491006e-11, 9.43449693369e-11, 1.94845292678e-10, 4.95542495926e-10, 1.49433054819e-09, 5.5171001101e-10, 2.24855578601e-10]
    },
    "mfcc": {
        "mean": [-742.336486816, 173.698974609, -17.0922641754, 11.4984102249, -12.8361949921, -1.48119175434, -4.15133190155, 1.60645782948, 0.851888000965, 3.06608653069, -1.32605516911, -0.0403303727508, -2.97966837883],
        "cov": [[17522.9375, 7.44299077988, -2811.13842773, 2530.0246582, 456.728118896, 351.389984131, -400.556213379, -62.1827964783, -373.071533203, -157.505142212, -170.015625, 128.337203979, -142.480926514], [7.44299077988, 3077.77099609, 629.302001953, -90.9081344604, 357.427642822, 234.897186279, 227.302642822, 112.134208679, 120.109077454, 37.1868476868, 126.595970154, 106.720573425, 114.378082275], [-2811.13842773, 629.302001953, 2645.59423828, -144.403671265, 207.858276367, 386.19128418, 343.730194092, 224.543533325, 181.547470093, 172.856231689, 186.294342041, 132.307357788, 154.402130127], [2530.0246582, -90.9081344604, -144.403671265, 1637.96679688, 436.003967285, 246.382705688, 127.913078308, 90.8712844849, 13.9881372452, 42.0116004944, 39.7543029785, 123.154449463, 95.5070266724], [456.728118896, 357.427642822, 207.858276367, 436.003967285, 562.837524414, 263.772094727, 204.402954102, 113.753196716, 61.7298812866, 66.5168151855, 89.6034164429, 93.796295166, 90.3065414429], [351.389984131, 234.897186279, 386.19128418, 246.382705688, 263.772094727, 386.936187744, 206.816162109, 142.847702026, 82.5083389282, 81.6422424316, 89.6941604614, 102.445541382, 78.8210144043], [-400.556213379, 227.302642822, 343.730194092, 127.913078308, 204.402954102, 206.816162109, 279.381378174, 148.613571167, 107.731025696, 87.2762374878, 99.2997665405, 82.725730896, 88.1055374146], [-62.1827964783, 112.134208679, 224.543533325, 90.8712844849, 113.753196716, 142.847702026, 148.613571167, 176.80430603, 103.687660217, 77.5317840576, 71.8932876587, 63.4891967773, 57.4059181213], [-373.071533203, 120.109077454, 181.547470093, 13.9881372452, 61.7298812866, 82.5083389282, 107.731025696, 103.687660217, 153.363494873, 80.3808288574, 61.1403541565, 51.3019180298, 43.6602973938], [-157.505142212, 37.1868476868, 172.856231689, 42.0116004944, 66.5168151855, 81.6422424316, 87.2762374878, 77.5317840576, 80.3808288574, 133.456863403, 78.5712509155, 38.1091384888, 47.1108360291], [-170.015625, 126.595970154, 186.294342041, 39.7543029785, 89.6034164429, 89.6941604614, 99.2997665405, 71.8932876587, 61.1403541565, 78.5712509155, 124.385231018, 66.6438293457, 46.3410491943], [128.337203979, 106.720573425, 132.307357788, 123.154449463, 93.796295166, 102.445541382, 82.725730896, 63.4891967773, 51.3019180298, 38.1091384888, 66.6438293457, 113.988380432, 58.5786437988], [-142.480926514, 114.378082275, 154.402130127, 95.5070266724, 90.3065414429, 78.8210144043, 88.1055374146, 57.4059181213, 43.6602973938, 47.1108360291, 46.3410491943, 58.5786437988, 102.987564087]],
