{
"lowlevel": {
    "average_loudness": 0.917829215527,
    "barkbands_crest": {
        "dmean": 2.83638286591,
        "dmean2": 4.61568307877,
        "dvar": 5.7594499588,
        "dvar2": 15.1491222382,
        "max": 25.8814582825,
        "mean": 11.0375967026,
        "median": 10.3568706512,
        "min": 2.15062594414,
        "var": 16.4146690369
    },
    "barkbands_flatness_db": {
        "dmean": 0.0336852520704,
        "dmean2": 0.0527932047844,
        "dvar": 0.00125913473312,
        "dvar2": 0.00278909527697,
        "max": 0.485253930092,
        "mean": 0.198295086622,
        "median": 0.191978722811,
        "min": 0.0183933749795,
        "var": 0.0059126871638
    },
    "barkbands_kurtosis": {
        "dmean": 5.42209768295,
        "dmean2": 8.8630695343,
        "dvar": 354.248504639,
        "dvar2": 892.807678223,
        "max": 802.235717773,
        "mean": 8.98842811584,
        "median": 4.82136154175,
        "min": -1.91184604168,
        "var": 748.55871582
    },
    "barkbands_skewness": {
        "dmean": 0.645806849003,
        "dmean2": 1.03541779518,
        "dvar": 0.643893897533,
        "dvar2": 1.49235284328,
        "max": 23.2151546478,
        "mean": 2.02553629875,
        "median": 1.81473970413,
        "min": -2.12935352325,
        "var": 2.2809586525
    },
    "barkbands_spread": {
        "dmean": 4.99249458313,
        "dmean2": 8.19701766968,
        "dvar": 68.6652069092,
        "dvar2": 178.227661133,
        "max": 105.140205383,
        "mean": 12.0725708008,
        "median": 8.90421485901,
        "min": 0.208905011415,
        "var": 114.479362488
    },
    "dissonance": {
        "dmean": 0.0226348917931,
        "dmean2": 0.0378513708711,
        "dvar": 0.000403485173592,
        "dvar2": 0.00106984109152,
        "max": 0.500000178814,
        "mean": 0.45803052187,
        "median": 0.463115811348,
        "min": 0.300388038158,
        "var": 0.000816952146124
    },
    "dynamic_complexity": 5.35701560974,
    "erbbands_crest": {
        "dmean": 2.64307284355,
        "dmean2": 4.21721982956,
        "dvar": 5.54227876663,
        "dvar2": 13.7489004135,
        "max": 25.9944648743,
        "mean": 9.07390403748,
        "median": 8.3459186554,
        "min": 1.97537338734,
        "var": 13.4298009872
    },
    "erbbands_flatness_db": {
        "dmean": 0.0221199095249,
        "dmean2": 0.0336569808424,
        "dvar": 0.000548346666619,
        "dvar2": 0.00112719822209,
        "max": 0.535890996456,
        "mean": 0.185609206557,
        "median": 0.187713027,
        "min": 0.0314245410264,
        "var": 0.00495121348649
    },
    "erbbands_kurtosis": {
        "dmean": 0.861131966114,
        "dmean2": 1.3866019249,
        "dvar": 0.78892570734,
        "dvar2": 1.944668293,
        "max": 17.2797927856,
        "mean": 0.560580730438,
        "median": 0.305348396301,
        "min": -1.82960057259,
        "var": 1.75615692139
    },
    "erbbands_skewness": {
        "dmean": 0.388552874327,
        "dmean2": 0.613729059696,
        "dvar": 0.136306285858,
        "dvar2": 0.343148380518,
        "max": 4.04615068436,
        "mean": 0.670526444912,
        "median": 0.687404751778,
        "min": -2.66456675529,
        "var": 0.36170604825
    },
    "erbbands_spread": {
        "dmean": 7.85627126694,
        "dmean2": 12.0379695892,
        "dvar": 108.989768982,
        "dvar2": 243.181365967,
        "max": 154.365310669,
        "mean": 32.4189376831,
        "median": 26.5861663818,
        "min": 3.96513366699,
        "var": 399.983825684
    },
    "hfc": {
        "dmean": 8.30735492706,
        "dmean2": 13.827671051,
        "dvar": 262.075561523,
        "dvar2": 713.92980957,
        "max": 220.528839111,
        "mean": 17.0535144806,
        "median": 13.0785322189,
        "min": 1.05409240114e-16,
        "var": 344.410888672
    },
    "melbands_crest": {
        "dmean": 3.96872901917,
        "dmean2": 6.5800151825,
        "dvar": 10.5371265411,
        "dvar2": 28.6392822266,
        "max": 37.4002609253,
        "mean": 16.0696563721,
        "median": 15.256811142,
        "min": 1.53557729721,
        "var": 31.9644622803
    },
    "melbands_flatness_db": {
        "dmean": 0.0386897996068,
        "dmean2": 0.061217226088,
        "dvar": 0.00172588648275,
        "dvar2": 0.00390141271055,
        "max": 0.604379951954,
        "mean": 0.292537510395,
        "median": 0.286547541618,
        "min": 0.00382628920488,
        "var": 0.00785687938333
    },
    "melbands_kurtosis": {
        "dmean": 10.2917747498,
        "dmean2": 15.9332952499,
        "dvar": 813.563781738,
        "dvar2": 1353.53686523,
        "max": 1960.27270508,
        "mean": 19.9566135406,
        "median": 10.4331455231,
        "min": -1.44435811043,
        "var": 3631.07714844
    },
    "melbands_skewness": {
        "dmean": 0.810135662556,
        "dmean2": 1.25834596157,
        "dvar": 0.890914082527,
        "dvar2": 1.9100894928,
        "max": 33.1444778442,
        "mean": 2.89723682404,
        "median": 2.5489897728,
        "min": -1.20405602455,
        "var": 3.92373251915
    },
    "melbands_spread": {
        "dmean": 4.83470726013,
        "dmean2": 8.09934711456,
        "dvar": 65.0288619995,
        "dvar2": 178.850097656,
        "max": 157.412719727,
        "mean": 11.9743289948,
        "median": 8.62832832336,
        "min": 0.18050301075,
        "var": 199.53465271
    },
    "pitch_salience": {
        "dmean": 0.0840774029493,
        "dmean2": 0.138274639845,
        "dvar": 0.0051826951094,
        "dvar2": 0.0136640286073,
        "max": 0.88254147768,
        "mean": 0.542026162148,
        "median": 0.548638939857,
        "min": 0.0376687347889,
        "var": 0.0139269120991
    },
    "silence_rate_20dB": {
        "dmean": 0,
        "dmean2": 0,
        "dvar": 0,
        "dvar2": 0,
        "max": 1,
        "mean": 1,
        "median": 1,
        "min": 1,
        "var": 0
    },
    "silence_rate_30dB": {
        "dmean": 0.0286632068455,
        "dmean2": 0.0573311373591,
        "dvar": 0.0278433654457,
        "dvar2": 0.0706889256835,
        "max": 1,
        "mean": 0.976774811745,
        "median": 1,
        "min": 0,
        "var": 0.0226861722767
    },
    "silence_rate_60dB": {
        "dmean": 0.00461247004569,
        "dmean2": 0.00922570005059,
        "dvar": 0.00459103751928,
        "dvar2": 0.0122700622305,
        "max": 1,
        "mean": 0.121561519802,
        "median": 0,
        "min": 0,
        "var": 0.106777861714
    },
    "spectral_centroid": {
        "dmean": 208.055374146,
        "dmean2": 337.644012451,
        "dvar": 118684.15625,
        "dvar2": 288376.78125,
        "max": 12006.5087891,
        "mean": 752.175231934,
        "median": 560.522888184,
        "min": 144.145645142,
        "var": 1033586.5
    },
    "spectral_complexity": {
        "dmean": 4.07330513,
        "dmean2": 6.48632621765,
        "dvar": 31.3111000061,
        "dvar2": 71.723236084,
        "max": 58,
        "mean": 14.5841703415,
        "median": 15,
        "min": 0,
        "var": 81.0132522583
    },
    "spectral_decrease": {
        "dmean": 3.8955176862e-09,
        "dmean2": 6.26089313727e-09,
        "dvar": 2.27946690797e-17,
        "dvar2": 5.7825807726e-17,
        "max": 1.89455233262e-28,
        "mean": -1.08389643927e-08,
        "median": -1.02353610032e-08,
        "min": -5.16147693475e-08,
        "var": 6.17234695374e-17
    },
    "spectral_energy": {
        "dmean": 0.0151310414076,
        "dmean2": 0.0242845211178,
        "dvar": 0.000340504804626,
        "dvar2": 0.000859766791109,
        "max": 0.198035791516,
        "mean": 0.0424555577338,
        "median": 0.0403314977884,
        "min": 1.00817984748e-20,
        "var": 0.000936649099458
    },
    "spectral_energyband_high": {
        "dmean": 0.000520610949025,
        "dmean2": 0.000912358635105,
        "dvar": 2.74273179457e-06,
        "dvar2": 7.95190680947e-06,
        "max": 0.0246276911348,
        "mean": 0.000576446123887,
        "median": 6.38279088889e-05,
        "min": 6.9356275163e-21,
        "var": 2.49305230682e-06
    },
    "spectral_energyband_low": {
        "dmean": 0.011912856251,
        "dmean2": 0.0197196826339,
        "dvar": 0.000293420598609,
        "dvar2": 0.0007356312708,
        "max": 0.180856689811,
        "mean": 0.0223673284054,
        "median": 0.0155324731022,
        "min": 1.35999556951e-23,
        "var": 0.000545188901015
    },
    "spectral_energyband_middle_high": {
        "dmean": 0.00236296281219,
        "dmean2": 0.00391429523006,
        "dvar": 1.46434977069e-05,
        "dvar2": 3.77770556952e-05,
        "max": 0.0344660654664,
        "mean": 0.00394562911242,
        "median": 0.00260277884081,
        "min": 1.13619275196e-21,
        "var": 2.11944607145e-05
    },
    "spectral_energyband_middle_low": {
        "dmean": 0.00662720343098,
        "dmean2": 0.00999575015157,
        "dvar": 7.28576778783e-05,
        "dvar2": 0.000173598382389,
        "max": 0.111440494657,
        "mean": 0.0173763260245,
        "median": 0.0140461623669,
        "min": 1.70479834081e-22,
        "var": 0.000232280581258
    },
    "spectral_entropy": {
        "dmean": 0.237400650978,
        "dmean2": 0.357148975134,
        "dvar": 0.0694487094879,
        "dvar2": 0.147664770484,
        "max": 9.81830596924,
        "mean": 7.18804693222,
        "median": 7.11423015594,
        "min": 5.16423082352,
        "var": 0.30917853117
    },
    "spectral_flux": {
        "dmean": 0.0306749586016,
        "dmean2": 0.0492208153009,
        "dvar": 0.00128506403416,
        "dvar2": 0.00282382429577,
        "max": 0.379150062799,
        "mean": 0.0968765541911,
        "median": 0.094977080822,
        "min": 6.33312569054e-11,
        "var": 0.00351357972249
    },
    "spectral_kurtosis": {
        "dmean": 4.61270809174,
        "dmean2": 7.91450071335,
        "dvar": 47.8108177185,
        "dvar2": 142.848312378,
        "max": 146.970489502,
        "mean": 10.7992544174,
        "median": 6.77759838104,
        "min": -1.25080549717,
        "var": 264.72644043
    },
    "spectral_rms": {
        "dmean": 0.00104879611172,
        "dmean2": 0.00166826124769,
        "dvar": 1.25474650758e-06,
        "dvar2": 3.0850260373e-06,
        "max": 0.0138998432085,
        "mean": 0.0058072428219,
        "median": 0.00627278303728,
        "min": 3.13622391945e-12,
        "var": 7.69599864725e-06
    },
    "spectral_rolloff": {
        "dmean": 344.796020508,
        "dmean2": 616.71295166,
        "dvar": 745894.125,
        "dvar2": 2071829,
        "max": 19638.28125,
        "mean": 813.477783203,
        "median": 430.6640625,
        "min": 43.06640625,
        "var": 3502887.25
    },
    "spectral_skewness": {
        "dmean": 0.425744384527,
        "dmean2": 0.705057263374,
        "dvar": 0.196881502867,
        "dvar2": 0.561456501484,
        "max": 9.73781776428,
        "mean": 2.17404270172,
        "median": 2.01895618439,
        "min": -0.0956990122795,
        "var": 1.09511482716
    },
    "spectral_spread": {
        "dmean": 620960.8125,
        "dmean2": 940706.3125,
        "dvar": 958276960256,
        "dvar2": 1.83995740979e+12,
        "max": 42198020,
        "mean": 3957113.75,
        "median": 2901741.75,
        "min": 526159.125,
        "var": 1.58736737894e+13
    },
    "spectral_strongpeak": {
        "dmean": 0.375674039125,
        "dmean2": 0.627580702305,
        "dvar": 0.253451108932,
        "dvar2": 0.636587798595,
        "max": 6.6149430275,
        "mean": 0.638938069344,
        "median": 0.368198126554,
        "min": 0,
        "var": 0.467947036028
    },
    "zerocrossingrate": {
        "dmean": 0.00693591823801,
        "dmean2": 0.00869490578771,
        "dvar": 8.85470217327e-05,
        "dvar2": 0.000122390687466,
        "max": 0.5283203125,
        "mean": 0.0348317213356,
        "median": 0.02490234375,
        "min": 0.001953125,
        "var": 0.0025933124125
    },
    "barkbands": {
        "dmean": [0.00119150849059, 0.00652813073248, 0.00602214224637, 0.00195298704784, 0.0027971114032, 0.00243649096228, 0.00179461785592, 0.00091178069124, 0.000621709739789, 0.000599501770921, 0.000694561633281, 0.000503316230606, 0.000441089534434, 0.000191559593077, 0.000223414972425, 0.000169315972016, 0.000137929266202, 0.000137258757604, 0.000122843921417, 9.16512872209e-05, 6.73909235047e-05, 0.000134453701321, 0.00020649387443, 7.6559248555e-05, 5.79106963414e-05, 2.18594959733e-05, 3.11218195748e-06],
        "dmean2": [0.00204011634924, 0.0108155841008, 0.0103682670742, 0.0032181951683, 0.0037562714424, 0.00352368247695, 0.00300200213678, 0.00150946865324, 0.00100886553992, 0.00101283064578, 0.00115557492245, 0.000856587837916, 0.000762682408094, 0.000327066867612, 0.000389341323171, 0.0002870207245, 0.000232797494391, 0.000234289007494, 0.000218902452616, 0.000165850360645, 0.000120745979075, 0.000252876081504, 0.000392960879253, 0.00013691370259, 9.63312195381e-05, 3.36143566528e-05, 5.40531755178e-06],
        "dvar": [3.79612947654e-06, 0.00010600600217, 0.000117529729323, 1.15759503387e-05, 1.90339487744e-05, 1.76688536158e-05, 1.92038478417e-05, 3.55478482561e-06, 1.38493317081e-06, 1.41417558552e-06, 2.35420679928e-06, 7.64615549542e-07, 1.03638342352e-06, 1.39587299941e-07, 2.60367556848e-07, 1.36102627835e-07, 8.00320805183e-08, 1.23169016319e-07, 1.56197216938e-07, 1.03711592203e-07, 2.94977020587e-08, 1.61204312121e-07, 5.77928801704e-07, 5.1218595587e-08, 4.1275804108e-08, 5.23274401587e-09, 1.31132035786e-10],
        "dvar2": [1.11276094685e-05, 0.000276979902992, 0.000308146496536, 2.90821935778e-05, 3.07201953547e-05, 3.48491194018e-05, 5.15972133144e-05, 9.43809391174e-06, 3.54241115019e-06, 3.77792525796e-06, 5.92221067564e-06, 2.09374115911e-06, 2.90117418444e-06, 3.7807583908e-07, 7.10198207798e-07, 3.60182212944e-07, 2.09062989143e-07, 3.3458277926e-07, 4.44951467671e-07, 2.9782276556e-07, 8.25301995633e-08, 4.95535630307e-07, 1.81264442745e-06, 1.43051579471e-07, 1.07086847834e-07, 1.11382156831e-08, 3.64828417476e-10],
        "max": [0.0397938936949, 0.157070741057, 0.134787380695, 0.0533300600946, 0.0933097749949, 0.06971231848, 0.0506377518177, 0.0357829965651, 0.0164559129626, 0.0187292210758, 0.0210042651743, 0.011265322566, 0.0183559004217, 0.00610250467435, 0.00710836285725, 0.00573339965194, 0.00389721803367, 0.00483712367713, 0.00611273711547, 0.00483936816454, 0.00204523699358, 0.00725772045553, 0.0120821567252, 0.00298397429287, 0.00325065362267, 0.00130699912552, 0.000276939419564],
        "mean": [0.00194864394143, 0.0108106862754, 0.00783443264663, 0.00275566312484, 0.0055576087907, 0.00445406977087, 0.00237169419415, 0.0012544383062, 0.000885549699888, 0.000815254577901, 0.00083697080845, 0.00067445798777, 0.00057575001847, 0.000221049471293, 0.000256114290096, 0.000190159495105, 0.000152600725414, 0.000127568375319, 0.000113143323688, 8.0835299741e-05, 6.10927090747e-05, 0.000111829300295, 0.000180057497346, 8.29527707538e-05, 6.86930579832e-05, 3.10526593239e-05, 3.18429056279e-06],
        "median": [0.000904515152797, 0.00638488773257, 0.0031179911457, 0.00105610419996, 0.002670831047, 0.00205322587863, 0.00077081710333, 0.000449822167866, 0.000362076971214, 0.000296035432257, 0.000221992042498, 0.000277547980659, 0.000193701547687, 9.24183696043e-05, 9.64076753007e-05, 5.68357791053e-05, 5.64846013731e-05, 4.2019157263e-05, 4.07443585573e-05, 2.88382289e-05, 1.64389130077e-05, 1.40444699355e-05, 5.64503261558e-06, 2.600673497e-06, 1.05041590359e-06, 2.71987119049e-07, 8.46720453751e-08],
        "min": [1.73948365551e-25, 4.122863192e-24, 4.18095786729e-25, 9.28027900423e-25, 5.44737090706e-24, 5.36302905452e-24, 8.3555279334e-24, 4.2226785512e-24, 1.02061822064e-23, 1.835363151e-23, 5.0468820027e-24, 1.36576103832e-23, 3.10679993311e-23, 4.20193072053e-23, 4.3392925456e-23, 4.03735761185e-23, 5.23702382881e-23, 8.69395273273e-23, 1.17657102023e-22, 1.60993535571e-22, 2.85467026904e-22, 2.90762113735e-22, 4.10189369142e-22, 5.47418425767e-22, 8.69220411209e-22, 1.27308013715e-21, 1.94385303297e-21],
        "var": [8.31253419165e-06, 0.000187159894267, 0.000164421187947, 1.96662258531e-05, 6.33909075987e-05, 4.58342437923e-05, 2.5304427254e-05, 5.32179592483e-06, 2.0839672743e-06, 1.93043047148e-06, 2.78311085822e-06, 1.06213337858e-06, 1.5294814375e-06, 1.28503529595e-07, 2.50622576914e-07, 1.4550462879e-07, 7.16841555004e-08, 8.70562146815e-08, 9.50217966533e-08, 6.06024457284e-08, 2.05784509433e-08, 1.1054258664e-07, 4.08907226301e-07, 6.01514358323e-08, 4.52760957614e-08, 8.57439008684e-09, 1.00540818726e-10]
    },
    "erbbands": {
        "dmean": [0.27821496129, 1.2664949894, 5.30201292038, 8.17160987854, 5.10722208023, 11.3488035202, 19.1981887817, 16.4443264008, 25.006483078, 21.023935318, 16.1758117676, 15.4326524734, 9.55125617981, 29.9694766998, 20.850894928, 22.329076767, 21.3956718445, 9.86346340179, 11.4133377075, 9.35652732849, 8.28646755219, 7.69697856903, 7.99315357208, 6.40974664688, 5.99789190292, 4.21404075623, 2.73669195175, 2.98860931396, 3.60681319237, 6.74655151367, 5.79692840576, 2.35805797577, 1.32311069965, 0.768084049225, 0.349219977856, 0.158636048436, 0.0272315554321, 0.00294288992882, 0.000612398667727, 4.42618656962e-05],
        "dmean2": [0.462362378836, 2.1005730629, 9.10814189911, 13.573428154, 7.25544118881, 15.0918531418, 28.0070838928, 24.1412200928, 41.8755607605, 35.92943573, 26.5457725525, 24.8011398315, 16.1958713531, 49.8997306824, 34.2085838318, 38.0243339539, 36.8940544128, 16.8499488831, 19.4833278656, 16.0218009949, 14.1290540695, 12.9260787964, 13.5713405609, 11.293674469, 10.8105602264, 7.58581542969, 4.92634487152, 5.39921045303, 6.71327877045, 12.8516178131, 11.0821123123, 4.35279130936, 2.35981440544, 1.31158578396, 0.570145845413, 0.248106300831, 0.0402018986642, 0.0050085876137, 0.00103086815216, 7.36895381124e-05],
        "dvar": [0.178370133042, 5.63080692291, 92.1563262939, 221.678390503, 60.1196403503, 356.82913208, 1370.24829102, 946.374816895, 4159.09228516, 2402.45849609, 840.038452148, 837.659667969, 455.891143799, 2953.9675293, 1577.29614258, 1686.86743164, 2525.51611328, 374.022125244, 563.03302002, 435.453125, 354.910766602, 281.361999512, 403.084228516, 357.385803223, 439.638946533, 190.497116089, 73.1245651245, 59.1209182739, 112.133781433, 466.862365723, 448.939422607, 59.0750465393, 15.8862066269, 6.882417202, 1.42943012714, 0.305232942104, 0.00716803409159, 0.000111785971967, 4.12259396398e-06, 1.0895361946e-08],
        "dvar2": [0.458778202534, 15.0828971863, 242.634246826, 531.109985352, 109.117263794, 570.516052246, 2725.03662109, 1810.86633301, 11197.6591797, 6654.97851562, 2202.23461914, 2092.31787109, 1240.71728516, 7666.45947266, 3876.49462891, 4668.37060547, 7134.88916016, 1025.4765625, 1513.76171875, 1162.42871094, 948.17388916, 728.972351074, 1092.38708496, 1000.45751953, 1264.81640625, 542.376586914, 207.961013794, 166.598587036, 331.174468994, 1505.71740723, 1405.28173828, 176.218429565, 42.4987602234, 18.1751728058, 3.50849366188, 0.664705336094, 0.0148050300777, 0.000305833731545, 1.1010979506e-05, 2.90456352303e-08],
        "max": [8.06645011902, 34.5449409485, 146.050003052, 188.606155396, 165.596343994, 401.428527832, 615.605529785, 629.098388672, 745.925598145, 831.214660645, 357.606292725, 440.030517578, 321.435821533, 700.086914062, 884.436828613, 573.104187012, 885.678344727, 343.019134521, 376.098144531, 314.728088379, 290.912689209, 260.24005127, 280.502929688, 269.612060547, 357.699371338, 183.924118042, 119.781188965, 80.6327514648, 198.571731567, 281.034362793, 344.059875488, 122.859870911, 58.5549507141, 41.4403114319, 20.9321556091, 9.92846488953, 1.47377479076, 0.247942194343, 0.0425270460546, 0.00203677336685],
        "mean": [0.431346982718, 2.05980682373, 7.15346670151, 11.8111104965, 10.1911125183, 22.4404335022, 33.6044921875, 30.2240695953, 33.2536010742, 31.245426178, 24.223072052, 23.0513076782, 13.1079597473, 39.9786567688, 29.7355670929, 31.5400371552, 28.8545207977, 12.7259140015, 14.3952722549, 10.7677440643, 9.39553070068, 8.12735843658, 7.61266469955, 6.11585569382, 5.39479780197, 3.8508181572, 2.47843885422, 2.61881375313, 3.13368701935, 5.32356262207, 5.00662231445, 2.40847945213, 1.40363204479, 0.887474775314, 0.420808523893, 0.218992739916, 0.0410900302231, 0.00314911594614, 0.0007137809298, 8.22321890155e-05],
        "median": [0.233757466078, 1.2018404007, 3.19034671783, 4.65904140472, 5.85731458664, 10.0200510025, 12.6869630814, 15.390630722, 13.6355209351, 10.4252252579, 11.3753528595, 9.78527069092, 7.05515193939, 18.064704895, 12.4279785156, 13.2356853485, 10.7301778793, 6.45863628387, 6.05788230896, 3.98172044754, 3.36751508713, 2.99452877045, 2.51523542404, 2.35635256767, 1.92604327202, 1.41229319572, 0.831252813339, 0.563302755356, 0.508175969124, 0.34427267313, 0.144467815757, 0.0748886615038, 0.0311359018087, 0.0139045380056, 0.0064947726205, 0.00174404261634, 0.000410545791965, 0.000117336268886, 4.10361353715e-05, 5.29104072484e-05],
        "min": [1.43922093333e-22, 4.45426712927e-22, 1.04819414416e-21, 2.97958554772e-21, 1.05732003042e-20, 2.45612154346e-20, 2.22266887949e-20, 5.39299399659e-20, 1.38227786944e-19, 1.05276517331e-19, 2.41444559926e-19, 2.97868643309e-19, 6.18925123742e-19, 7.73500158015e-19, 9.559055289e-19, 9.4827178922e-19, 1.68415895911e-18, 2.29183851072e-18, 2.0888401166e-18, 2.10163804824e-18, 3.66751948553e-18, 3.20476880148e-18, 5.28976087386e-18, 5.50824326188e-18, 4.84452553248e-18, 7.71508214042e-18, 9.33081320374e-18, 9.93081610568e-18, 1.02064012529e-17, 1.10018024135e-17, 1.1870192337e-17, 1.15286147205e-17, 9.81004939061e-18, 7.35155032327e-18, 6.5253817662e-18, 3.97046900821e-18, 2.37772115821e-18, 9.87448200404e-19, 2.48891744529e-19, 2.61010266851e-20],
        "var": [0.346075981855, 7.35557937622, 122.076286316, 378.863983154, 181.598373413, 1180.5859375, 3329.0793457, 2520.87158203, 4785.04589844, 4166.45458984, 1219.28955078, 1407.06066895, 433.066497803, 3845.68139648, 2642.69287109, 2381.7565918, 3648.59912109, 353.500396729, 634.46105957, 396.267669678, 330.693054199, 239.711105347, 288.606231689, 231.766723633, 257.047943115, 115.279998779, 44.9274330139, 41.7866783142, 77.1762771606, 318.409637451, 320.012512207, 55.940032959, 18.4797439575, 7.5833106041, 1.66803598404, 0.457520782948, 0.013564048335, 9.10028247745e-05, 3.99008513341e-06, 1.24812133961e-08]
    },
    "gfcc": {
        "mean": [-73.0318908691, 147.764526367, -105.097251892, 23.3259449005, -44.1463470459, 9.37485694885, -24.0790081024, -2.84574842453, -13.0745038986, -1.150857687, -3.03427290916, 0.636437892914, -6.04515838623],
        "cov": [[37731.2539062, -1725.01000977, 68.3688049316, 2575.60888672, -2085.93334961, 1218.33862305, -1199.28430176, 265.330749512, -1163.36828613, -330.62612915, -567.554870605, 256.269287109, -440.080047607], [-1725.01000977, 2816.51123047, -732.047790527, 117.81502533, 595.012023926, -676.875610352, 462.493774414, -397.724517822, 294.82901001, -136.779098511, 318.720794678, -201.337478638, 248.12878418], [68.3688049316, -732.047790527, 916.677124023, 416.990844727, -73.6220855713, 201.449142456, -135.55355835, 49.5387306213, -107.109321594, 31.165927887, -62.1684989929, 73.4902954102, -50.5765914917], [2575.60888672, 117.81502533, 416.990844727, 889.538024902, 9.09951019287, -42.7642402649, -15.6428947449, -83.1875076294, -91.4521331787, -57.0482749939, 13.5447292328, 1.62579035759, 16.8571548462], [-2085.93334961, 595.012023926, -73.6220855713, 9.09951019287, 347.174621582, -165.030288696, 177.146438599, -74.5594100952, 119.666007996, -9.76914310455, 81.4755554199, -52.6150474548, 69.5236968994], [1218.33862305, -676.875610352, 201.449142456, -42.7642402649, -165.030288696, 307.562011719, -119.245368958, 133.281158447, -89.6475906372, 19.9063034058, -100.506591797, 40.95936203, -80.3718261719], [-1199.28430176, 462.493774414, -135.55355835, -15.6428947449, 177.146438599, -119.245368958, 191.036590576, -44.6829376221, 93.1222991943, -14.1159744263, 64.7721939087, -46.5570106506, 52.3998794556], [265.330749512, -397.724517822, 49.5387306213, -83.1875076294, -74.5594100952, 133.281158447, -44.6829376221, 138.290023804, -22.1300678253, 31.8400211334, -56.8285255432, 21.1287956238, -45.6848182678], [-1163.36828613, 294.82901001, -107.109321594, -91.4521331787, 119.666007996, -89.6475906372, 93.1222991943, -22.1300678253, 149.139251709, 33.5860748291, 62.7050704956, -22.9771003723, 38.2015762329], [-330.62612915, -136.779098511, 31.165927887, -57.0482749939, -9.76914310455, 19.9063034058, -14.1159744263, 31.8400211334, 33.5860748291, 80.3284454346, 16.897026062, 28.4853725433, -4.13819694519], [-567.554870605, 318.720794678, -62.1684989929, 13.5447292328, 81.4755554199, -100.506591797, 64.7721939087, -56.8285255432, 62.7050704956, 16.897026062, 99.648979187, 7.4229516983, 50.8681259155], [256.269287109, -201.337478638, 73.4902954102, 1.62579035759, -52.6150474548, 40.95936203, -46.5570106506, 21.1287956238, -22.9771003723, 28.4853725433, 7.4229516983, 77.7525177002, 7.65072631836], [-440.080047607, 248.12878418, -50.5765914917, 16.8571548462, 69.5236968994, -80.3718261719, 52.3998794556, -45.6848182678, 38.2015762329, -4.13819694519, 50.8681259155, 7.65072631836, 73.2046966553]],
        "icov": [[0.000129433756229, -0.000237945001572, 0.000376914686058, -0.000557643012144, 0.000563153647818, -0.000646162545308, 0.000350363494363, -8.52503144415e-05, 9.74907743512e-05, -2.13640341826e-05, 0.000281875079963, -0.000445207115263, 0.000223771334277], [-0.000237945001572, 0.00221950584091, 3.51456219505e-05, 0.000719025847502, -0.00181196106132, 0.00180893705692, -0.00106703583151, 0.00157802843023, -0.000625778688118, 0.00160435482394, -0.00298329652287, 0.00289142131805, -0.00145123060793], [0.000376914686058, 3.51456219505e-05, 0.00349407969043, -0.00280650076456, 0.000372745882487, -0.00301265763119, 0.00165061769076, 0.000895422475878, 0.000143679557368, -0.000541725894436, 0.000480263697682, -0.00168060162105, 0.000659042096231], [-0.000557643012144, 0.000719025847502, -0.00280650076456, 0.00432218844071, -0.00203813635744, 0.00334793049842, -0.00177537696436, 0.000486701377667, 0.000810618512332, 0.000678685784806, -0.00159485742915, 0.00216955179349, -0.00104103633203], [0.000563153647818, -0.00181196106132, 0.000372745882487, -0.00203813635744, 0.00954463612288, -0.0018523716135, -0.00253553059883, -0.00062066654209, -0.00121134729125, -0.000496098946314, 0.00216757133603, -0.00113621528726, -0.000200173890335], [-0.000646162545308, 0.00180893705692, -0.00301265763119, 0.00334793049842, -0.0018523716135, 0.0124438432977, -0.00181653781328, -0.00420610513538, 0.000404185499065, 0.00142475799657, -5.87433969486e-05, 0.00134269299451, 0.000998586183414], [0.000350363494363, -0.00106703583151, 0.00165061769076, -0.00177537696436, -0.00253553059883, -0.00181653781328, 0.0149307269603, -0.00328753492795, -0.00242836540565, 0.00237586768344, -0.00267032091506, 0.00250332360156, -0.0020577351097], [-8.52503144415e-05, 0.00157802843023, 0.000895422475878, 0.000486701377667, -0.00062066654209, -0.00420610513538, -0.00328753492795, 0.017832217738, -0.00180976651609, -0.00403128517792, 0.00452585611492, -0.00117429357488, 0.00179298070725], [9.74907743512e-05, -0.000625778688118, 0.000143679557368, 0.000810618512332, -0.00121134729125, 0.000404185499065, -0.00242836540565, -0.00180976651609, 0.0161282643676, -0.00756486738101, -0.00374552467838, 0.00398636423051, -0.0018352860352], [-2.13640341826e-05, 0.00160435482394, -0.000541725894436, 0.000678685784806, -0.000496098946314, 0.00142475799657, 0.00237586768344, -0.00403128517792, -0.00756486738101, 0.0240427795798, -0.00835362728685, -0.00441602617502, 0.00329503789544], [0.000281875079963, -0.00298329652287, 0.000480263697682, -0.00159485742915, 0.00216757133603, -5.87433969486e-05, -0.00267032091506, 0.00452585611492, -0.00374552467838, -0.00835362728685, 0.0305547080934, -0.0110270371661, -0.00347856408916], [-0.000445207115263, 0.00289142131805, -0.00168060162105, 0.00216955179349, -0.00113621528726, 0.00134269299451, 0.00250332360156, -0.00117429357488, 0.00398636423051, -0.00441602617502, -0.0110270371661, 0.0287083797157, -0.0117769883946], [0.000223771334277, -0.00145123060793, 0.000659042096231, -0.00104103633203, -0.000200173890335, 0.000998586183414, -0.0020577351097, 0.00179298070725, -0.0018352860352, 0.00329503789544, -0.00347856408916, -0.0117769883946, 0.0292899161577]]
    },
    "melbands": {
        "dmean": [0.00204803235829, 0.00228571519256, 0.00119777221698, 0.000686506158672, 0.000574760721065, 0.000387187639717, 0.000380997400498, 0.000221736932872, 0.000127734689158, 8.91316958587e-05, 4.80094422528e-05, 0.000122435187222, 8.51224031067e-05, 5.54405123694e-05, 5.60141088499e-05, 3.51530579792e-05, 1.81442210305e-05, 1.81244886335e-05, 1.63075019373e-05, 1.26243076011e-05, 9.07216781343e-06, 7.15131454854e-06, 9.9699045677e-06, 5.9067838265e-06, 5.22538903169e-06, 4.56729276266e-06, 3.97802114094e-06, 2.54810606748e-06, 1.75264472091e-06, 1.53558698912e-06, 1.87055877632e-06, 1.7576786604e-06, 3.12471183861e-06, 3.93714026359e-06, 3.3707926832e-06, 2.71108774541e-06, 1.24177358884e-06, 9.87634962257e-07, 7.53692347644e-07, 6.72617431974e-07],
        "dmean2": [0.00339966081083, 0.0038775424473, 0.00199331878684, 0.000892006675713, 0.000836860272102, 0.000567614450119, 0.000636382726952, 0.000376623269403, 0.000208541940083, 0.000144140678458, 8.17654217826e-05, 0.000204314332223, 0.000140783798997, 9.44343555602e-05, 9.52027257881e-05, 6.126518565e-05, 3.09415117954e-05, 3.08808484988e-05, 2.84490051854e-05, 2.16185289901e-05, 1.56188289111e-05, 1.21251641758e-05, 1.68025180756e-05, 1.02425128716e-05, 9.26337543206e-06, 8.18765147415e-06, 7.24563142285e-06, 4.57323358205e-06, 3.15986017085e-06, 2.744460744e-06, 3.40153405887e-06, 3.24902339344e-06, 5.9053172663e-06, 7.53104950491e-06, 6.46351736577e-06, 5.15521196576e-06, 2.29743727687e-06, 1.77859089945e-06, 1.33109915623e-06, 1.16458295452e-06],
        "dvar": [9.36383821681e-06, 1.64767297974e-05, 4.53754091723e-06, 1.42546002735e-06, 1.04087621366e-06, 4.85011355522e-07, 9.42837800721e-07, 2.61482739461e-07, 5.04032975357e-08, 2.75213771772e-08, 1.19324887748e-08, 4.87284523842e-08, 2.89410237997e-08, 8.79080808147e-09, 1.09723350405e-08, 5.43097700145e-09, 1.34831212861e-09, 1.3257113185e-09, 1.52594559211e-09, 7.5745781869e-10, 4.89359663902e-10, 2.61572624671e-10, 5.26224896991e-10, 2.38307207301e-10, 2.4731350301e-10, 2.33787517123e-10, 2.1916399251e-10, 6.31149507657e-11, 3.28784673098e-11, 1.58838289743e-11, 2.52988827804e-11, 2.91790133722e-11, 9.33434371464e-11, 1.67587915767e-10, 1.53302537331e-10, 9.17840248249e-11, 1.4091942023e-11, 8.43307021436e-12, 5.42996333661e-12, 5.25572077179e-12],
        "dvar2": [2.42295918724e-05, 4.26031547249e-05, 1.09794900709e-05, 2.15028421735e-06, 2.08947562896e-06, 9.4602705758e-07, 2.52467657447e-06, 7.18194485216e-07, 1.32566952971e-07, 6.95286530572e-08, 3.25698437109e-08, 1.26852697235e-07, 7.19167729812e-08, 2.40821442787e-08, 2.97106446112e-08, 1.5384419072e-08, 3.68283381569e-09, 3.55003271224e-09, 4.14495593404e-09, 2.0671673262e-09, 1.32093724847e-09, 6.8347022486e-10, 1.37942557377e-09, 6.5094363233e-10, 6.94808988122e-10, 6.70706712391e-10, 6.32502272779e-10, 1.78877149204e-10, 9.40922825765e-11, 4.44470640848e-11, 7.19459214427e-11, 8.46482536843e-11, 2.91277779674e-10, 5.42840661311e-10, 4.80239070733e-10, 2.82467882418e-10, 4.26105400964e-11, 2.29734928997e-11, 1.44005102981e-11, 1.3914150214e-11],
        "max": [0.0556854046881, 0.0553307235241, 0.0266765467823, 0.0266659315675, 0.0166432801634, 0.0136494450271, 0.0112903583795, 0.00921518728137, 0.00268749892712, 0.00237233191729, 0.00169169239234, 0.00304203038104, 0.00304327136837, 0.00108450441621, 0.001790687209, 0.00111503188964, 0.000683652760927, 0.000574351404794, 0.000537009618711, 0.000537469866686, 0.000372106034774, 0.000290299125481, 0.000261768291239, 0.000206174634513, 0.000237488013227, 0.000261321809376, 0.000247543823207, 0.000110495464469, 8.57135746628e-05, 5.90045674471e-05, 5.71588643652e-05, 0.000100116645626, 0.000162661322975, 0.000172886095243, 0.000196053573745, 0.000161682619364, 5.19932254974e-05, 4.18330491812e-05, 3.0234332371e-05, 3.66719978047e-05],
        "mean": [0.00348464772105, 0.00343980290927, 0.00183233618736, 0.00134361640085, 0.00106792559382, 0.00070697668707, 0.000504397321492, 0.000329569476889, 0.000194673499209, 0.000128509709612, 6.19596685283e-05, 0.00016173174663, 0.000109572865767, 7.59760732763e-05, 7.99762128736e-05, 4.53281427326e-05, 2.16658809222e-05, 2.26805805141e-05, 1.75389177457e-05, 1.42882645378e-05, 9.92833156488e-06, 7.65791446611e-06, 9.44888961385e-06, 5.50611639483e-06, 4.85697182739e-06, 4.1148409764e-06, 3.37187771038e-06, 2.36238543039e-06, 1.5980548369e-06, 1.32735328862e-06, 1.5986180415e-06, 1.48770709529e-06, 2.58094087258e-06, 3.0169794627e-06, 2.75775346381e-06, 2.51624760494e-06, 1.22852043205e-06, 1.00076806575e-06, 8.00372902177e-07, 7.53577580781e-07],
        "median": [0.00210014544427, 0.00185023376253, 0.000833409372717, 0.000541169021744, 0.00050280475989, 0.000355582276825, 0.000191155151697, 0.000113548449008, 9.46418003878e-05, 5.26294243173e-05, 2.85974019789e-05, 6.92269386491e-05, 3.49174879375e-05, 3.2310745155e-05, 3.15107608913e-05, 1.73506196006e-05, 9.64334867604e-06, 9.41618418437e-06, 6.38610572423e-06, 4.16021066485e-06, 3.55060728907e-06, 2.90314892482e-06, 2.52098266174e-06, 1.91038679986e-06, 1.75514810508e-06, 1.41358304973e-06, 1.14328713607e-06, 8.58721705299e-07, 5.43356350136e-07, 3.27367786213e-07, 2.98604334148e-07, 2.60308638644e-07, 2.88858416297e-07, 1.44684932479e-07, 8.45799590365e-08, 5.52809495957e-08, 3.9628400117e-08, 2.35560104755e-08, 1.28762618345e-08, 1.15051985716e-08],
        "min": [1.09058925602e-24, 2.97149678849e-25, 1.02175433812e-24, 1.13129635228e-24, 8.4890801125e-25, 1.03773863221e-24, 2.13178457811e-24, 9.67629901157e-25, 2.23556139956e-24, 1.73044646498e-24, 2.6334971556e-24, 2.46085139662e-24, 2.75689945587e-24, 1.93122477878e-24, 2.52025479215e-24, 3.77357569912e-24, 3.62128846795e-24, 2.20003169604e-24, 3.26772219352e-24, 2.83177556919e-24, 2.97349186702e-24, 2.80023099375e-24, 3.09611832258e-24, 3.98348172524e-24, 3.65879407083e-24, 2.81065026858e-24, 3.78321873483e-24, 4.73072311796e-24, 5.23364679416e-24, 5.51602192177e-24, 4.92784525868e-24, 4.55685580787e-24, 5.01018458782e-24, 5.26938298203e-24, 6.1077157212e-24, 4.71236001381e-24, 6.46547873564e-24, 5.24459342251e-24, 5.89586909725e-24, 6.30941562175e-24],
        "var": [1.89057282114e-05, 2.20738875214e-05, 7.84681469668e-06, 4.763184279e-06, 2.59201510744e-06, 1.2710536339e-06, 1.14932515771e-06, 4.54641934766e-07, 7.32079925569e-08, 4.37926495067e-08, 1.10647189189e-08, 6.55633343172e-08, 3.96768840005e-08, 1.24078303188e-08, 1.7732361357e-08, 7.15372783233e-09, 1.229851887e-09, 1.49352652468e-09, 1.29477528699e-09, 8.35732871796e-10, 4.06006728237e-10, 2.19242402011e-10, 4.1961109587e-10, 1.65490995907e-10, 1.58611318524e-10, 1.38893035961e-10, 1.24988769334e-10, 3.93149124367e-11, 1.97652432615e-11, 1.07831070462e-11, 1.73731133646e-11, 1.89015834234e-11, 6.45898473595e-11, 1.11416230408e-10, 1.04263160605e-10, 7.27234036879e-11, 1.39518865211e-11, 9.53181891056e-12, 6.07306305939e-12, 5.61890031031e-12]
    },
    "mfcc": {
        "mean": [-700.304992676, 164.557617188, 8.40825462341, 21.609079361, 4.70207595825, 12.6363973618, 2.29310321808, 4.98677778244, -4.60273075104, 0.812570154667, 1.53888678551, 1.93504166603, 4.37748432159],
        "cov": [[18896.5664062, 669.620361328, 87.8070068359, 570.792419434, -94.3388595581, 242.290023804, -263.470062256, 430.962158203, -412.02331543, -284.29675293, -324.67590332, -151.141357422, 105.20841217], [669.620361328, 2456.5324707, -546.426696777, 621.842834473, 69.0090255737, 15.8643732071, 55.4761390686, -124.999534607, -35.8238716125, -71.3610839844, -26.1709156036, 44.8474235535, 70.4388885498], [87.8070068359, -546.426696777, 635.896057129, -94.8902664185, 139.247039795, 52.7343139648, -21.111371994, 38.0423240662, -24.8822250366, 5.48048448563, -3.0342900753, -13.0302734375, 11.7877197266], [570.792419434, 621.842834473, -94.8902664185, 575.766052246, 132.760971069, 37.5070877075, 20.8060894012, -27.667350769, -17.4481334686, -61.4491081238, -39.3522033691, 33.1082420349, 62.5742492676], [-94.3388595581, 69.0090255737, 139.247039795, 132.760971069, 187.143157959, 36.1735916138, 6.07957553864, -7.09677124023, 3.38456177711, -18.0852451324, -10.5162982941, 16.040014267, 29.526266098], [242.290023804, 15.8643732071, 52.7343139648, 37.5070877075, 36.1735916138, 79.8281860352, 19.0929012299, 20.8811893463, 7.19646883011, -1.68980371952, 2.00380587578, 5.24207925797, 5.32329130173], [-263.470062256, 55.4761390686, -21.111371994, 20.8060894012, 6.07957553864, 19.0929012299, 69.9586029053, 16.950553894, 18.9397449493, 7.50604248047, 9.77999305725, 1.56447124481, -8.06595134735], [430.962158203, -124.999534607, 38.0423240662, -27.667350769, -7.09677124023, 20.8811893463, 16.950553894, 85.9470977783, 12.2240257263, 11.0806560516, -5.78351640701, -11.473154068, -8.60244560242], [-412.02331543, -35.8238716125, -24.8822250366, -17.4481334686, 3.38456177711, 7.19646883011, 18.9397449493, 12.2240257263, 76.6622695923, 34.0149116516, 22.1353645325, 11.1225328445, -5.86909627914], [-284.29675293, -71.3610839844, 5.48048448563, -61.4491081238, -18.0852451324, -1.68980371952, 7.50604248047, 11.0806560516, 34.0149116516, 73.6161651611, 30.5763034821, -1.56581568718, -10.0969953537], [-324.67590332, -26.1709156036, -3.0342900753, -39.3522033691, -10.5162982941, 2.00380587578, 9.77999305725, -5.78351640701, 22.1353645325, 30.5763034821, 56.8344345093, 20.4854335785, -2.46800351143], [-151.141357422, 44.8474235535, -13.0302734375, 33.1082420349, 16.040014267, 5.24207925797, 1.56447124481, -11.473154068, 11.1225328445, -1.56581568718, 20.4854335785, 60.7578544617, 21.866558075], [105.20841217, 70.4388885498, 11.7877197266, 62.5742492676, 29.526266098, 5.32329130173, -8.06595134735, -8.60244560242, -5.86909627914, -10.0969953537, -2.46800351143, 21.866558075, 57.6443214417]],
