{
"lowlevel": {
    "average_loudness": 0.752774357796,
    "barkbands_crest": {
        "dmean": 2.24952530861,
        "dmean2": 3.46237540245,
        "dvar": 5.0290555954,
        "dvar2": 11.502617836,
        "max": 25.1907672882,
        "mean": 10.4786081314,
        "median": 9.50533103943,
        "min": 2.71918463707,
        "var": 17.9772510529
    },
    "barkbands_flatness_db": {
        "dmean": 0.0213589221239,
        "dmean2": 0.0315283946693,
        "dvar": 0.00048835913185,
        "dvar2": 0.000891471398063,
        "max": 0.472411036491,
        "mean": 0.1932900846,
        "median": 0.184512078762,
        "min": 0.0280904527754,
        "var": 0.00489720981568
    },
    "barkbands_kurtosis": {
        "dmean": 3.10961914062,
        "dmean2": 4.77852249146,
        "dvar": 73.1028289795,
        "dvar2": 157.08921814,
        "max": 381.077514648,
        "mean": 5.34481191635,
        "median": 2.48571634293,
        "min": -1.85189843178,
        "var": 165.870162964
    },
    "barkbands_skewness": {
        "dmean": 0.509594619274,
        "dmean2": 0.759129405022,
        "dvar": 0.361259222031,
        "dvar2": 0.772045075893,
        "max": 15.9609584808,
        "mean": 1.45806705952,
        "median": 1.33507490158,
        "min": -3.58086228371,
        "var": 1.7238458395
    },
    "barkbands_spread": {
        "dmean": 4.27674531937,
        "dmean2": 6.73307752609,
        "dvar": 63.44972229,
        "dvar2": 144.129074097,
        "max": 117.114700317,
        "mean": 14.5784053802,
        "median": 11.8245487213,
        "min": 0.29151520133,
        "var": 122.653579712
    },
    "dissonance": {
        "dmean": 0.0243964716792,
        "dmean2": 0.0407847166061,
        "dvar": 0.000475914072013,
        "dvar2": 0.00131726253312,
        "max": 0.499999791384,
        "mean": 0.443162113428,
        "median": 0.44883286953,
        "min": 0.199589848518,
        "var": 0.00134916405659
    },
    "dynamic_complexity": 5.28956604004,
    "erbbands_crest": {
        "dmean": 3.00623965263,
        "dmean2": 4.70026254654,
        "dvar": 7.5228509903,
        "dvar2": 18.3296051025,
        "max": 31.3644332886,
        "mean": 11.1460533142,
        "median": 10.0696802139,
        "min": 2.50477004051,
        "var": 21.2460403442
    },
    "erbbands_flatness_db": {
        "dmean": 0.02413123101,
        "dmean2": 0.0346492193639,
        "dvar": 0.000720377953257,
        "dvar2": 0.00109768391121,
        "max": 0.517595946789,
        "mean": 0.216227248311,
        "median": 0.206175774336,
        "min": 0.0366783253849,
        "var": 0.00639695255086
    },
    "erbbands_kurtosis": {
        "dmean": 1.24765920639,
        "dmean2": 1.94823086262,
        "dvar": 2.65311717987,
        "dvar2": 6.59198904037,
        "max": 38.8329467773,
        "mean": 1.38790309429,
        "median": 0.726429224014,
        "min": -1.6967908144,
        "var": 6.49655580521
    },
    "erbbands_skewness": {
        "dmean": 0.388920754194,
        "dmean2": 0.585660934448,
        "dvar": 0.121800713241,
        "dvar2": 0.283689826727,
        "max": 4.18464517593,
        "mean": 0.434500128031,
        "median": 0.400494813919,
        "min": -2.95381140709,
        "var": 0.568895041943
    },
    "erbbands_spread": {
        "dmean": 6.18170785904,
        "dmean2": 9.28149223328,
        "dvar": 80.0694656372,
        "dvar2": 171.078643799,
        "max": 173.753601074,
        "mean": 23.1258430481,
        "median": 20.3375873566,
        "min": 1.53767228127,
        "var": 186.203552246
    },
    "hfc": {
        "dmean": 8.4364900589,
        "dmean2": 13.6728782654,
        "dvar": 316.819213867,
        "dvar2": 810.453369141,
        "max": 209.387374878,
        "mean": 21.326374054,
        "median": 12.8205165863,
        "min": 1.14563072236e-16,
        "var": 582.417907715
    },
    "melbands_crest": {
        "dmean": 2.65951538086,
        "dmean2": 4.15165805817,
        "dvar": 6.09061098099,
        "dvar2": 15.7570753098,
        "max": 34.5379714966,
        "mean": 13.901432991,
        "median": 13.4979667664,
        "min": 2.36488103867,
        "var": 23.6438312531
    },
    "melbands_flatness_db": {
        "dmean": 0.0238449275494,
        "dmean2": 0.0350077748299,
        "dvar": 0.000648987712339,
        "dvar2": 0.00118092133198,
        "max": 0.600565552711,
        "mean": 0.286799401045,
        "median": 0.28218075633,
        "min": 0.00629070308059,
        "var": 0.0064494186081
    },
    "melbands_kurtosis": {
        "dmean": 5.60186576843,
        "dmean2": 8.57667922974,
        "dvar": 366.299163818,
        "dvar2": 837.99822998,
        "max": 749.774291992,
        "mean": 9.71221923828,
        "median": 3.72464203835,
        "min": -1.72261583805,
        "var": 546.606933594
    },
    "melbands_skewness": {
        "dmean": 0.601699411869,
        "dmean2": 0.884272515774,
        "dvar": 0.6302267313,
        "dvar2": 1.31899917126,
        "max": 21.8882350922,
        "mean": 1.90123903751,
        "median": 1.63260602951,
        "min": -2.9223985672,
        "var": 2.57392716408
    },
    "melbands_spread": {
        "dmean": 3.91210913658,
        "dmean2": 5.9366145134,
        "dvar": 28.2098484039,
        "dvar2": 59.8301353455,
        "max": 139.362579346,
        "mean": 15.6871767044,
        "median": 14.0101070404,
        "min": 0.398172080517,
        "var": 108.705345154
    },
    "pitch_salience": {
        "dmean": 0.0613858103752,
        "dmean2": 0.0976655557752,
        "dvar": 0.00391283724457,
        "dvar2": 0.00935702957213,
        "max": 0.92110902071,
        "mean": 0.523038506508,
        "median": 0.53130543232,
        "min": 0.0358105227351,
        "var": 0.0123905250803
    },
    "silence_rate_20dB": {
        "dmean": 0,
        "dmean2": 0,
        "dvar": 0,
        "dvar2": 0,
        "max": 1,
        "mean": 1,
        "median": 1,
        "min": 1,
        "var": 0
    },
    "silence_rate_30dB": {
        "dmean": 0.0447439849377,
        "dmean2": 0.0894963517785,
        "dvar": 0.0427463725209,
        "dvar2": 0.0906533002853,
        "max": 1,
        "mean": 0.940565347672,
        "median": 1,
        "min": 0,
        "var": 0.055907279253
    },
    "silence_rate_60dB": {
        "dmean": 0.0235888790339,
        "dmean2": 0.0471821762621,
        "dvar": 0.023027382791,
        "dvar2": 0.0509459860623,
        "max": 1,
        "mean": 0.188131779432,
        "median": 0,
        "min": 0,
        "var": 0.152747109532
    },
    "spectral_centroid": {
        "dmean": 134.02835083,
        "dmean2": 207.491455078,
        "dvar": 39030.5585938,
        "dvar2": 76014.3984375,
        "max": 10820.4589844,
        "mean": 913.249694824,
        "median": 796.271179199,
        "min": 123.134277344,
        "var": 276880.21875
    },
    "spectral_complexity": {
        "dmean": 1.8605260849,
        "dmean2": 3.03313994408,
        "dvar": 3.5539484024,
        "dvar2": 8.14542675018,
        "max": 54,
        "mean": 13.8109321594,
        "median": 14,
        "min": 0,
        "var": 50.0012054443
    },
    "spectral_decrease": {
        "dmean": 3.10866932196e-09,
        "dmean2": 4.72829109199e-09,
        "dvar": 3.53430916163e-17,
        "dvar2": 8.07589865449e-17,
        "max": 2.05692157751e-10,
        "mean": -9.70898383912e-09,
        "median": -6.36117647446e-09,
        "min": -7.93593599724e-08,
        "var": 1.07520231507e-16
    },
    "spectral_energy": {
        "dmean": 0.0122370077297,
        "dmean2": 0.0186391510069,
        "dvar": 0.000530490593519,
        "dvar2": 0.00120961316861,
        "max": 0.302208453417,
        "mean": 0.0385783612728,
        "median": 0.0261510238051,
        "min": 1.04129825282e-20,
        "var": 0.0016354607651
    },
    "spectral_energyband_high": {
        "dmean": 0.00036856578663,
        "dmean2": 0.000615259166807,
        "dvar": 1.23604922919e-06,
        "dvar2": 3.19117043546e-06,
        "max": 0.0118584092706,
        "mean": 0.000531160447281,
        "median": 6.89461739967e-05,
        "min": 7.44779206376e-21,
        "var": 1.25945246054e-06
    },
    "spectral_energyband_low": {
        "dmean": 0.00850006006658,
        "dmean2": 0.0129862092435,
        "dvar": 0.000458591122879,
        "dvar2": 0.00105746649206,
        "max": 0.284070134163,
        "mean": 0.019168144092,
        "median": 0.00455511268228,
        "min": 7.04247305874e-23,
        "var": 0.000945190666243
    },
    "spectral_energyband_middle_high": {
        "dmean": 0.00234280526638,
        "dmean2": 0.00376008986495,
        "dvar": 2.19774046855e-05,
        "dvar2": 5.86643946008e-05,
        "max": 0.110827833414,
        "mean": 0.00585678126663,
        "median": 0.00291565526277,
        "min": 1.63340554537e-21,
        "var": 6.22808511253e-05
    },
    "spectral_energyband_middle_low": {
        "dmean": 0.00451340340078,
        "dmean2": 0.00671253819019,
        "dvar": 5.48710704606e-05,
        "dvar2": 0.000126225117128,
        "max": 0.12804839015,
        "mean": 0.0145199876279,
        "median": 0.0101797096431,
        "min": 2.14489866491e-22,
        "var": 0.000205705262488
    },
    "spectral_entropy": {
        "dmean": 0.194094374776,
        "dmean2": 0.285771340132,
        "dvar": 0.047607626766,
        "dvar2": 0.0839463397861,
        "max": 9.80882644653,
        "mean": 6.87729310989,
        "median": 6.87000846863,
        "min": 4.87915992737,
        "var": 0.218334704638
    },
    "spectral_flux": {
        "dmean": 0.0250234138221,
        "dmean2": 0.0408876724541,
        "dvar": 0.0018403477734,
        "dvar2": 0.00475107505918,
        "max": 0.440878361464,
        "mean": 0.0706028267741,
        "median": 0.0567231997848,
        "min": 1.02044019068e-10,
        "var": 0.00355384754948
    },
    "spectral_kurtosis": {
        "dmean": 5.76660346985,
        "dmean2": 9.77037906647,
        "dvar": 55.987285614,
        "dvar2": 159.177429199,
        "max": 142.048034668,
        "mean": 14.9290161133,
        "median": 12.3755455017,
        "min": -1.17293059826,
        "var": 149.229629517
    },
    "spectral_rms": {
        "dmean": 0.000811885111034,
        "dmean2": 0.00120670348406,
        "dvar": 1.51205972543e-06,
        "dvar2": 3.29704062096e-06,
        "max": 0.0171708334237,
        "mean": 0.00519932899624,
        "median": 0.00505105871707,
        "min": 3.18731976576e-12,
        "var": 1.06042725747e-05
    },
    "spectral_rolloff": {
        "dmean": 420.662841797,
        "dmean2": 745.715270996,
        "dvar": 2954804.25,
        "dvar2": 7172166,
        "max": 18690.8203125,
        "mean": 1153.41687012,
        "median": 861.328125,
        "min": 64.599609375,
        "var": 2935740.25
    },
    "spectral_skewness": {
        "dmean": 0.495752125978,
        "dmean2": 0.832262933254,
        "dvar": 0.281278669834,
        "dvar2": 0.80794262886,
        "max": 9.65521430969,
        "mean": 2.61817789078,
        "median": 2.54861831665,
        "min": 0.0504527948797,
        "var": 0.949959754944
    },
    "spectral_spread": {
        "dmean": 735530.4375,
        "dmean2": 1098240.125,
        "dvar": 1.88763091763e+12,
        "dvar2": 3.28808634778e+12,
        "max": 40681680,
        "mean": 3244076,
        "median": 2843745.75,
        "min": 583270.125,
        "var": 3.77869172736e+12
    },
    "spectral_strongpeak": {
        "dmean": 0.555636763573,
        "dmean2": 0.942843317986,
        "dvar": 1.18667840958,
        "dvar2": 3.1138253212,
        "max": 14.1403141022,
        "mean": 1.02426064014,
        "median": 0.500985682011,
        "min": 0,
        "var": 1.84861183167
    },
    "zerocrossingrate": {
        "dmean": 0.0102242883295,
        "dmean2": 0.0131985871121,
        "dvar": 0.000449812447187,
        "dvar2": 0.000680878292769,
        "max": 0.50830078125,
        "mean": 0.050985082984,
        "median": 0.0400390625,
        "min": 0.001953125,
        "var": 0.00166053441353
    },
    "barkbands": {
        "dmean": [0.000465482036816, 0.00698549719527, 0.00169120333157, 0.000715510861482, 0.00162753369659, 0.00131629221141, 0.000511345337145, 0.000778949353844, 0.00123014370911, 0.000824363087304, 0.000478347821627, 0.000903042557184, 0.000767246587202, 0.000530859280843, 0.000205223739613, 0.000137242474011, 0.000145643090946, 7.55751607358e-05, 0.000113006703032, 4.73152540508e-05, 4.6330918849e-05, 2.72972811217e-05, 1.78115751623e-05, 2.31013309531e-05, 2.07646007766e-05, 8.83280881681e-05, 0.000177285692189],
        "dmean2": [0.000827424984891, 0.0106202922761, 0.00275506358594, 0.00100275140721, 0.00246198079549, 0.00189722643699, 0.000797604850959, 0.00118063983973, 0.00198863842525, 0.00116533623077, 0.000784882169683, 0.00143604772165, 0.00125506473705, 0.000893921183888, 0.000338361540344, 0.0002278995089, 0.000236001826124, 0.000126319457195, 0.000188567777514, 7.73626525188e-05, 7.40805626265e-05, 4.55631961813e-05, 2.91543237836e-05, 3.72861941287e-05, 3.58375727956e-05, 0.000157571630552, 0.000303333101328],
        "dvar": [2.64526738647e-06, 0.00035679267603, 1.34464562507e-05, 1.99800638256e-06, 1.25048636619e-05, 8.69796258485e-06, 1.44305340655e-06, 2.00699241759e-06, 1.39588364618e-05, 2.64358004642e-06, 1.15026273306e-06, 6.95769085723e-06, 7.20132175047e-06, 3.31412388732e-06, 2.97155139606e-07, 1.52150192889e-07, 1.52882293492e-07, 5.55966863658e-08, 8.59738022996e-08, 3.70624064772e-08, 1.60230761992e-08, 8.69325589292e-09, 3.96824662019e-09, 5.59731594407e-09, 6.01222138741e-09, 9.92671260747e-08, 3.4040135688e-07],
        "dvar2": [8.30173121358e-06, 0.000800443638582, 3.81171048502e-05, 3.91670664612e-06, 2.89031886496e-05, 1.90518385352e-05, 3.50817367689e-06, 4.27989107266e-06, 3.49677648046e-05, 5.5692830756e-06, 3.06824290419e-06, 1.70767980308e-05, 1.8997799998e-05, 9.82605070021e-06, 7.66888717862e-07, 4.09718637684e-07, 3.89043862015e-07, 1.48340220107e-07, 2.23470081551e-07, 9.21437006696e-08, 3.95011845455e-08, 2.39235031785e-08, 1.02779296185e-08, 1.34021576059e-08, 1.55462700491e-08, 2.75274885553e-07, 9.04026421722e-07],
        "max": [0.0192641783506, 0.249069988728, 0.0403086617589, 0.0209319405258, 0.0575528144836, 0.089391797781, 0.0258152615279, 0.0436890088022, 0.0954875275493, 0.0638236775994, 0.0181917659938, 0.106451787055, 0.108201146126, 0.0434942394495, 0.0101450048387, 0.00873941369355, 0.0101602664217, 0.00575036276132, 0.00767098879442, 0.00716395489872, 0.00276678195223, 0.00250511430204, 0.00141594919842, 0.00101813871879, 0.000838016043417, 0.00290862168185, 0.00549293681979],
        "mean": [0.000747496495023, 0.0140235079452, 0.00335229118355, 0.00188878842164, 0.00403220299631, 0.00322482665069, 0.000856828177348, 0.0014356697211, 0.00196532113478, 0.00171037577093, 0.000707890896592, 0.00127653090749, 0.00106283952482, 0.000737448281143, 0.000289648451144, 0.000174930799403, 0.000237214684603, 0.000118904048577, 0.000168661616044, 8.42338631628e-05, 7.06884020474e-05, 3.93016161979e-05, 1.83029933396e-05, 2.35736788454e-05, 1.65240271599e-05, 9.7039330285e-05, 0.000217268621782],
        "median": [5.53836944164e-05, 0.0025344400201, 0.00107408547774, 0.000306508911308, 0.00166077225003, 0.00101730774622, 0.000331459828885, 0.00062499527121, 0.000341513310559, 0.00078492204193, 0.000193340310943, 0.000214169966057, 0.000104283069959, 0.000121824268717, 9.35455900617e-05, 5.14605635544e-05, 7.33693013899e-05, 3.61718412023e-05, 3.37383753504e-05, 1.71832580236e-05, 1.42067419802e-05, 3.58814781976e-06, 2.25753387895e-06, 1.6864371446e-06, 9.78910861704e-07, 2.31702415476e-06, 1.64973380379e-06],
        "min": [4.06593701693e-25, 4.12787245875e-23, 2.46341712727e-23, 2.78499296207e-23, 2.10903162079e-23, 4.27448636006e-23, 3.50678522867e-23, 3.15581470105e-23, 4.28324524046e-23, 6.0509632533e-23, 1.64873620509e-22, 1.07421966254e-22, 8.3986429684e-23, 8.32851386502e-23, 2.72661858037e-22, 1.81257327499e-22, 1.86875796814e-22, 1.8758514054e-22, 2.09570832808e-22, 3.21790550114e-22, 3.42352910117e-22, 4.54908341381e-22, 6.31817202513e-22, 9.14635373337e-22, 1.22758086157e-21, 1.68552044831e-21, 2.12209328936e-21],
        "var": [2.39917494582e-06, 0.000671605637763, 2.5930134143e-05, 9.20032925933e-06, 3.3313921449e-05, 2.92605909635e-05, 2.35306970353e-06, 6.09066046309e-06, 2.76584996755e-05, 6.95707740306e-06, 1.90044511328e-06, 1.11518447738e-05, 1.07916630441e-05, 4.71265138913e-06, 3.68499655679e-07, 1.77452037065e-07, 3.04790091832e-07, 9.4105708115e-08, 1.55426477022e-07, 1.10917987683e-07, 4.26018047506e-08, 1.11498970057e-08, 3.42214656612e-09, 5.23282439602e-09, 4.43650849391e-09, 8.04466395721e-08, 3.19343541832e-07]
    },
    "erbbands": {
        "dmean": [0.145646706223, 1.76368522644, 2.83546042442, 1.63135743141, 5.24273252487, 3.87421417236, 6.76007318497, 11.8550262451, 11.7964658737, 9.23575782776, 17.767408371, 35.7650985718, 29.1711807251, 13.3392858505, 23.0908126831, 46.5557250977, 35.126625061, 27.060503006, 18.9235744476, 6.48516941071, 6.80144071579, 5.32513809204, 3.93316817284, 4.88864135742, 5.83244514465, 2.40554642677, 2.41198754311, 1.01734638214, 0.919412970543, 0.842246174812, 0.466312199831, 0.438083767891, 0.372835099697, 0.248340129852, 0.14578358829, 0.154627457261, 0.209083199501, 0.1068476215, 0.0362581573427, 0.00167219899595],
        "dmean2": [0.221234351397, 2.67994499207, 4.54288911819, 2.34937953949, 7.78643751144, 6.2776632309, 9.78101730347, 17.4775886536, 17.1679649353, 14.3557767868, 27.4279632568, 57.8141517639, 41.3696098328, 20.4679737091, 37.7955703735, 73.9079437256, 58.1401062012, 44.3100700378, 32.0666122437, 10.3533849716, 11.2265825272, 8.6631231308, 6.50739479065, 8.20973777771, 9.73461532593, 3.91328406334, 3.84243893623, 1.67060220242, 1.51615941525, 1.41175460815, 0.760139226913, 0.697227358818, 0.611455023289, 0.428361713886, 0.250543892384, 0.271110087633, 0.373955458403, 0.182044535875, 0.0630399733782, 0.00288174673915],
        "dvar": [0.12689474225, 24.5648345947, 45.9743309021, 9.17948722839, 186.001358032, 72.8596038818, 240.40296936, 752.530395508, 959.969665527, 347.277740479, 1196.04321289, 12471.6601562, 4212.92871094, 843.248596191, 2438.79760742, 17841.2519531, 15086.3886719, 5477.30859375, 3454.23828125, 279.110534668, 443.009460449, 214.667678833, 106.689155579, 310.355072021, 252.05708313, 80.6276702881, 52.103553772, 8.54693889618, 8.97565555573, 7.70363521576, 2.71265554428, 1.98314893246, 1.55163502693, 0.802730619907, 0.299065172672, 0.307050257921, 0.564247608185, 0.0985064357519, 0.0154015570879, 3.9797694626e-05],
        "dvar2": [0.310661137104, 55.1720314026, 122.101127625, 19.4626255035, 407.946258545, 189.886169434, 457.922027588, 1756.34936523, 2190.02661133, 736.049438477, 2793.90234375, 31029.0214844, 9049.36230469, 1989.34558105, 6450.62353516, 43767.2460938, 40397.0390625, 14397.9208984, 10419.9472656, 674.596740723, 1185.54882812, 551.89263916, 280.662322998, 844.565429688, 637.269165039, 202.453536987, 120.88633728, 22.9422645569, 24.0496425629, 20.9537601471, 7.05103158951, 4.53790855408, 3.81968140602, 2.07202506065, 0.777674496174, 0.832856357098, 1.57312357426, 0.260604381561, 0.0416334494948, 0.000104239603388],
        "max": [5.53124713898, 63.2000045776, 80.4866867065, 47.662525177, 199.162994385, 152.376800537, 423.634490967, 788.727172852, 858.371704102, 768.042053223, 812.203491211, 2873.33203125, 2869.07714844, 795.178710938, 937.839111328, 5283.05859375, 4512.04003906, 1680.36291504, 1435.5357666, 448.666900635, 699.653259277, 347.782775879, 274.635864258, 597.351928711, 465.988830566, 244.567886353, 304.265838623, 61.906879425, 81.247833252, 74.2682876587, 43.0276374817, 22.4783229828, 19.4651412964, 9.67387580872, 5.99006032944, 5.35014820099, 7.04791164398, 4.93842983246, 1.1834846735, 0.0596616975963],
        "mean": [0.387443780899, 3.04009389877, 5.204164505, 5.42825555801, 12.9826431274, 7.99817562103, 19.6547164917, 24.9263000488, 20.7576236725, 17.3345317841, 32.0373916626, 58.061126709, 58.1031112671, 27.7654705048, 36.9590492249, 68.1654968262, 51.8968505859, 41.0690155029, 26.5684223175, 11.1273469925, 10.158449173, 9.06975269318, 6.93297052383, 7.74584722519, 8.34179115295, 4.37601613998, 4.15977478027, 1.64326488972, 1.28160309792, 1.08810210228, 0.51474660635, 0.443305402994, 0.367544353008, 0.215015277267, 0.117641560733, 0.155700191855, 0.222146898508, 0.167556121945, 0.0414921455085, 0.00148487801198],
        "median": [0.0474663823843, 0.466142237186, 1.22622895241, 1.35630309582, 3.21469545364, 4.23278236389, 4.61616706848, 8.21062088013, 5.97382593155, 8.52919578552, 13.8742523193, 11.7115716934, 26.3064975739, 12.5093202591, 12.9356565475, 12.2934055328, 6.22405576706, 9.43639945984, 7.30095767975, 4.08441638947, 4.05515384674, 3.24489545822, 2.64239954948, 1.86598968506, 1.64251291752, 1.02381789684, 0.830145359039, 0.343801021576, 0.151376575232, 0.0960876047611, 0.0650866776705, 0.0405491366982, 0.023854251951, 0.0122342202812, 0.00876211188734, 0.00644175056368, 0.00409247726202, 0.00142881739885, 0.000322794599924, 6.79159202264e-05],
        "min": [9.35544402998e-22, 1.0295324164e-20, 3.07078491636e-20, 4.46233470499e-20, 1.15358750398e-19, 4.75202595709e-20, 8.30839271176e-20, 4.78845861018e-19, 6.6593865764e-19, 4.01194591207e-19, 8.286590945e-19, 7.51608047622e-19, 1.6211332765e-18, 3.41565684429e-18, 7.65104181739e-18, 3.49311010774e-18, 3.08467913374e-18, 4.77162651869e-18, 8.84200074692e-18, 1.25154445e-17, 1.21720867908e-17, 8.99001230982e-18, 9.48635128304e-18, 1.41187008525e-17, 7.4357713717e-18, 1.58930363536e-17, 1.49121440766e-17, 1.42968739021e-17, 1.74171364846e-17, 1.64873408083e-17, 1.99437480851e-17, 1.77837280428e-17, 1.50889622043e-17, 1.41141761745e-17, 8.95013641403e-18, 5.66273743924e-18, 3.18606149154e-18, 1.34085842878e-18, 2.95751552079e-19, 3.10077990709e-20],
        "var": [0.365199565887, 43.2680397034, 83.2669830322, 59.5282783508, 544.368347168, 116.500839233, 1331.50891113, 2130.27636719, 1768.79748535, 1139.79504395, 2900.83666992, 24787.03125, 9593.95703125, 2157.24609375, 4294.88037109, 29106.2617188, 22980.6855469, 9046.6328125, 4739.51464844, 507.469940186, 526.525390625, 408.471466064, 210.995178223, 469.302032471, 399.829284668, 231.941848755, 196.172637939, 17.3257789612, 11.7856626511, 8.61846828461, 2.3973801136, 1.90411913395, 1.37647128105, 0.611086070538, 0.218824267387, 0.234513685107, 0.457381427288, 0.151620432734, 0.0129866776988, 2.86508129648e-05]
    },
    "gfcc": {
        "mean": [-62.5200767517, 131.618896484, -118.541770935, -9.02644348145, -32.4064483643, -9.40246486664, -13.698928833, -0.969648778439, -18.6471805573, 1.05426430702, -12.2881994247, -1.66398584843, -8.4438867569],
        "cov": [[17247.8320312, -2928.234375, 4251.40087891, 1311.45874023, 277.639129639, 1433.57006836, 601.193664551, -74.299118042, -137.831161499, 312.991271973, -64.9057769775, 399.707519531, -664.338745117], [-2928.234375, 3164.87304688, -193.763946533, 549.802856445, 359.375762939, -266.718933105, 130.216506958, -67.6403427124, -91.16771698, -127.878463745, 104.328872681, -220.831222534, 274.924560547], [4251.40087891, -193.763946533, 3082.99682617, 608.521850586, 413.958404541, 660.6875, 196.312606812, -33.2579574585, -189.59967041, 116.007545471, 14.4143218994, 77.9952850342, -230.069290161], [1311.45874023, 549.802856445, 608.521850586, 1216.9453125, -23.3793239594, 220.681594849, 237.146255493, 58.368396759, 43.1123733521, -3.17033338547, -0.618788897991, -86.2220306396, 74.2602462769], [277.639129639, 359.375762939, 413.958404541, -23.3793239594, 510.743530273, -13.9770078659, 130.754882812, 19.2698726654, -32.8018112183, 75.9013061523, -24.3321666718, 22.6986732483, -52.249912262], [1433.57006836, -266.718933105, 660.6875, 220.681594849, -13.9770078659, 438.028503418, 17.6110191345, 15.0491914749, -5.03771448135, 27.9322032928, 22.4167747498, 18.2373962402, -41.537437439], [601.193664551, 130.216506958, 196.312606812, 237.146255493, 130.754882812, 17.6110191345, 293.748504639, 23.2774887085, -4.40718412399, 34.4753112793, -36.2545127869, -11.0339393616, -32.2085151672], [-74.299118042, -67.6403427124, -33.2579574585, 58.368396759, 19.2698726654, 15.0491914749, 23.2774887085, 155.686477661, 55.8203048706, -10.0177507401, -12.5002031326, -4.34428405762, 13.0055656433], [-137.831161499, -91.16771698, -189.59967041, 43.1123733521, -32.8018112183, -5.03771448135, -4.40718412399, 55.8203048706, 146.416213989, 0.182801559567, 5.76772689819, -8.19198131561, 34.5942459106], [312.991271973, -127.878463745, 116.007545471, -3.17033338547, 75.9013061523, 27.9322032928, 34.4753112793, -10.0177507401, 0.182801559567, 175.092880249, -29.2923049927, 4.44557666779, -23.0666046143], [-64.9057769775, 104.328872681, 14.4143218994, -0.618788897991, -24.3321666718, 22.4167747498, -36.2545127869, -12.5002031326, 5.76772689819, -29.2923049927, 138.668563843, 23.8446750641, -7.44484233856], [399.707519531, -220.831222534, 77.9952850342, -86.2220306396, 22.6986732483, 18.2373962402, -11.0339393616, -4.34428405762, -8.19198131561, 4.44557666779, 23.8446750641, 100.253929138, -22.1002635956], [-664.338745117, 274.924560547, -230.069290161, 74.2602462769, -52.249912262, -41.537437439, -32.2085151672, 13.0055656433, 34.5942459106, -23.0666046143, -7.44484233856, -22.1002635956, 154.476745605]],
        "icov": [[0.00014816132898, 0.000104223305243, -9.26042775973e-05, -0.000150375155499, -1.87927817024e-05, -0.000173181950231, -0.000138184957905, 0.000181102630449, -3.68673536286e-05, -1.18454988751e-06, 8.08982658782e-05, -0.00035712189856, 0.000249963777605], [0.000104223305243, 0.000940445344895, -6.68349457555e-06, -0.000435876077972, -0.000984861864708, 0.000263070309302, -0.000172567015397, 0.000547589967027, 0.000814088620245, 0.000549511110876, -0.00111455738079, 0.00148421665654, -0.0013120189542], [-9.26042775973e-05, -6.68349457555e-06, 0.000823735550512, -0.000286627589958, -0.000616084842477, -0.000775978085585, 0.000242431866354, 2.80303538602e-05, 0.000790172314737, 3.80414940082e-06, -4.15611066273e-05, -5.68194445805e-05, 0.000422889745096], [-0.000150375155499, -0.000435876077972, -0.000286627589958, 0.00176915689372, 0.000845466274768, -0.000256806437392, -0.0011168239871, -0.000566225091461, -0.000689520151354, -0.000107446474431, -4.62282514491e-05, 0.000862271699589, -0.000857091275975], [-1.87927817024e-05, -0.000984861864708, -0.000616084842477, 0.000845466274768, 0.00399337941781, 0.000416719994973, -0.00112525816076, -0.00111298274714, -0.00087034056196, -0.00146457995288, 0.00118842814118, -0.00201700953767, 0.00141473463736], [-0.000173181950231, 0.000263070309302, -0.000775978085585, -0.000256806437392, 0.000416719994973, 0.0042809820734, 0.000416771013988, -0.000493998581078, -0.000225735610002, -0.000246111943852, -0.000985428574495, 0.000869158073328, -0.000734005705453], [-0.000138184957905, -0.000172567015397, 0.000242431866354, -0.0011168239871, -0.00112525816076, 0.000416771013988, 0.00535296648741, -0.000464470766019, 0.000107106206997, -0.000329134141793, 0.00115983467549, -0.000161624644534, 0.00145709561184], [0.000181102630449, 0.000547589967027, 2.80303538602e-05, -0.000566225091461, -0.00111298274714, -0.000493998581078, -0.000464470766019, 0.00833046808839, -0.00266829202883, 0.00121154158842, 0.000502007838804, 0.000155609086505, -0.000364329665899], [-3.68673536286e-05, 0.000814088620245, 0.000790172314737, -0.000689520151354, -0.00087034056196, -0.000225735610002, 0.000107106206997, -0.00266829202883, 0.0100749451667, -0.000325308617903, -0.00194137427025, 0.00164360366762, -0.00237041781656], [-1.18454988751e-06, 0.000549511110876, 3.80414940082e-06, -0.000107446474431, -0.00146457995288, -0.000246111943852, -0.000329134141793, 0.00121154158842, -0.000325308617903, 0.00696162646636, 0.000695235445164, 0.000928172084969, -0.000379266886739], [8.08982658782e-05, -0.00111455738079, -4.15611066273e-05, -4.62282514491e-05, 0.00118842814118, -0.000985428574495, 0.00115983467549, 0.000502007838804, -0.00194137427025, 0.000695235445164, 0.00999294407666, -0.0046334695071, 0.0029856718611], [-0.00035712189856, 0.00148421665654, -5.68194445805e-05, 0.000862271699589, -0.00201700953767, 0.000869158073328, -0.000161624644534, 0.000155609086505, 0.00164360366762, 0.000928172084969, -0.0046334695071, 0.0162075571716, -0.00330581469461], [0.000249963777605, -0.0013120189542, 0.000422889745096, -0.000857091275975, 0.00141473463736, -0.000734005705453, 0.00145709561184, -0.000364329665899, -0.00237041781656, -0.000379266886739, 0.0029856718611, -0.00330581469461, 0.0116861071438]]
    },
    "melbands": {
        "dmean": [0.00164392811712, 0.00187665666454, 0.000368836335838, 0.000348564528394, 0.000217525826884, 0.000274188321782, 0.000160918323672, 0.000110154505819, 0.00015379107208, 0.000217870881897, 0.000140561853186, 5.55942060601e-05, 6.9261979661e-05, 0.000107416271931, 8.22785441414e-05, 7.80116024544e-05, 5.27276024513e-05, 3.52894967364e-05, 8.45806789584e-06, 1.30950047605e-05, 8.3807772171e-06, 5.9200629039e-06, 5.81293170399e-06, 3.48060575561e-06, 3.9629649109e-06, 6.04255637882e-06, 1.74293245436e-06, 1.74230603989e-06, 1.3342762486e-06, 1.54511621986e-06, 5.1856676464e-07, 5.10452139224e-07, 5.83007135901e-07, 4.50355742032e-07, 3.17708270359e-07, 1.88007874158e-07, 3.26208009938e-07, 2.82755252101e-07, 2.36079202409e-07, 2.02198293664e-07],
        "dmean2": [0.00249644019641, 0.00292701344006, 0.000537707295734, 0.000539942528121, 0.000321821076795, 0.000399591721362, 0.000234256585827, 0.00016891292762, 0.000241712827119, 0.000349885696778, 0.000198057008674, 8.50653959787e-05, 0.000114304442832, 0.000171065941686, 0.000133955327328, 0.000127731575049, 8.66983245942e-05, 6.02894288022e-05, 1.37382803587e-05, 2.13671974052e-05, 1.38787381729e-05, 9.63186630543e-06, 9.76580213319e-06, 5.74487012273e-06, 6.67372660246e-06, 1.0199355529e-05, 2.8611898415e-06, 2.83979147753e-06, 2.12531881516e-06, 2.45939213528e-06, 8.36982792407e-07, 8.41192502321e-07, 9.67420305642e-07, 7.55462679081e-07, 5.24595407114e-07, 3.06549083007e-07, 5.18564547747e-07, 4.60414497638e-07, 4.03092400347e-07, 3.503805317e-07],
        "dvar": [1.78392037924e-05, 2.3932863769e-05, 6.0985894379e-07, 7.36366700949e-07, 2.25298833811e-07, 4.03452673936e-07, 1.76320256173e-07, 4.89193361375e-08, 1.01332034319e-07, 4.21797381023e-07, 1.0005887674e-07, 1.60384097114e-08, 2.48138167791e-08, 8.84203643636e-08, 5.18644149849e-08, 8.43889012003e-08, 2.19113047706e-08, 1.76500467575e-08, 7.34974026084e-10, 1.11723685858e-09, 9.14149589359e-10, 2.76334344296e-10, 2.62675159401e-10, 1.29359148393e-10, 2.49953585607e-10, 2.94763130571e-10, 4.70654730467e-11, 3.8775749972e-11, 2.53368333258e-11, 2.10576053122e-11, 3.41940256492e-12, 3.31726725082e-12, 3.68099214304e-12, 2.08929119665e-12, 1.11228365927e-12, 5.28771579474e-13, 1.0826540402e-12, 8.91831801551e-13, 6.10520098018e-13, 5.619173204e-13],
        "dvar2": [4.03337398893e-05, 5.78914878133e-05, 1.23523648199e-06, 1.74323849933e-06, 4.4567519808e-07, 9.23507798234e-07, 4.00575913773e-07, 9.81742473982e-08, 2.51413013075e-07, 1.03702791421e-06, 2.13067039567e-07, 3.71905528596e-08, 6.6877035465e-08, 2.15283293414e-07, 1.34958710873e-07, 2.19265956503e-07, 5.8671730585e-08, 5.46843743621e-08, 1.87904158899e-09, 3.01880276332e-09, 2.45795406251e-09, 7.11844416745e-10, 7.03820557391e-10, 3.29741206562e-10, 6.76582678771e-10, 7.7445549973e-10, 1.20858989483e-10, 9.58059603873e-11, 5.31563612571e-11, 5.05848730958e-11, 9.04936368895e-12, 8.72948414943e-12, 1.00886920346e-11, 5.56388789208e-12, 2.90610049046e-12, 1.34368286896e-12, 2.5199386848e-12, 2.18221165964e-12, 1.58475739042e-12, 1.45333506514e-12],
        "max": [0.0614502690732, 0.059763520956, 0.0108488611877, 0.0146696344018, 0.0130497468635, 0.0181972309947, 0.0117134917527, 0.00985054019839, 0.00610349420458, 0.0159610435367, 0.0140395369381, 0.00363249448128, 0.00246750493534, 0.0126465056092, 0.00532607687637, 0.0148557815701, 0.00343553745188, 0.00351705402136, 0.000680231431033, 0.000599296123255, 0.00113835267257, 0.000441547599621, 0.000433798821177, 0.000362586783012, 0.000516214233357, 0.000502436247189, 0.000250179960858, 0.000180933420779, 0.000328962370986, 0.000108475585876, 4.27577724622e-05, 4.64796175947e-05, 6.25178290647e-05, 2.49794356932e-05, 2.29380093515e-05, 2.22683484026e-05, 1.19682508739e-05, 1.36501394081e-05, 9.95549180516e-06, 7.96694712335e-06],
        "mean": [0.00361576094292, 0.00335299922153, 0.00114249042235, 0.000781921728048, 0.000591091811657, 0.000590992975049, 0.0002859934757, 0.000207475532079, 0.000265123846475, 0.000353230745532, 0.00027532101376, 0.000105481944047, 0.000102201192931, 0.000162684547831, 0.000123449572129, 0.000107289139123, 7.48028542148e-05, 4.74104308523e-05, 1.29413865579e-05, 1.803754094e-05, 1.16884630188e-05, 9.71190183918e-06, 8.63973036758e-06, 5.90117861066e-06, 5.64092169952e-06, 8.02251815912e-06, 2.70181885753e-06, 2.95519953397e-06, 2.42570263254e-06, 2.14470173887e-06, 7.26679274976e-07, 6.81927474488e-07, 7.92771629676e-07, 5.01393344621e-07, 3.31694280931e-07, 1.93628792999e-07, 3.14435851578e-07, 2.61471768681e-07, 2.41915103061e-07, 1.61353696626e-07],
        "median": [0.000624105101451, 0.000691195076797, 0.000342107989127, 0.00025925092632, 0.000176428715349, 0.000192354113096, 8.35023674881e-05, 9.69777902355e-05, 9.84074140433e-05, 7.02180186636e-05, 0.000120516509924, 4.08210325986e-05, 2.76947466773e-05, 3.80987621611e-05, 1.85122080438e-05, 9.81305674941e-06, 1.56262467499e-05, 1.07379364636e-05, 4.11640394304e-06, 5.433903425e-06, 3.82783719033e-06, 3.11901771965e-06, 2.76443597613e-06, 1.63601657732e-06, 9.84586336017e-07, 1.30401940623e-06, 6.67410915867e-07, 5.84134227211e-07, 5.61253614251e-07, 2.67099210305e-07, 9.9113236729e-08, 7.69953132362e-08, 6.41768949095e-08, 3.59474299216e-08, 3.95387580454e-08, 1.60146278461e-08, 2.49648159922e-08, 1.63799249719e-08, 1.1145990797e-08, 8.28464052915e-09],
        "min": [1.00058983112e-23, 1.53186895478e-23, 1.22420673309e-23, 5.14887580129e-24, 3.04354172933e-24, 1.03352871822e-23, 9.46667953917e-24, 4.52728890671e-24, 7.03780284441e-24, 5.10774419926e-24, 8.26922655037e-24, 1.25827511123e-23, 2.40390167405e-23, 1.74838445199e-23, 5.1979922534e-24, 8.91473170759e-24, 7.88481305353e-24, 1.00176318283e-23, 2.42999924383e-23, 1.15062446997e-23, 1.57169964629e-23, 1.04268494786e-23, 7.01316592948e-24, 8.96253983389e-24, 1.24129630019e-23, 5.66032272513e-24, 5.53989798035e-24, 1.23738859881e-23, 9.22121048016e-24, 7.95355044851e-24, 8.45611243198e-24, 1.06050878669e-23, 8.05747813961e-24, 9.338773632e-24, 1.32379048272e-23, 8.15780862498e-24, 1.17086151321e-23, 1.00920805762e-23, 1.13658329806e-23, 1.22830305111e-23],
        "var": [3.67357170035e-05, 4.28684688814e-05, 2.83523058897e-06, 1.75102036337e-06, 1.09719928787e-06, 1.10672760911e-06, 3.29040574343e-07, 1.75263309643e-07, 2.25303665502e-07, 8.61499813709e-07, 2.27720590829e-07, 4.0083889985e-08, 4.00446857896e-08, 1.46702191728e-07, 9.18674416539e-08, 1.15146377766e-07, 3.4318212272e-08, 2.38369608496e-08, 8.94194496226e-10, 1.4811323279e-09, 1.0454398458e-09, 4.99814967192e-10, 4.37909347673e-10, 3.23308269046e-10, 3.53918755414e-10, 4.16892687038e-10, 9.2745297553e-11, 1.10563717903e-10, 1.12005613118e-10, 5.01690217147e-11, 5.1435474803e-12, 4.88362995876e-12, 4.45532022733e-12, 2.05225983776e-12, 9.59387734187e-13, 4.74988809136e-13, 9.98449261637e-13, 7.65586595855e-13, 5.70907850075e-13, 4.15705691441e-13]
    },
    "mfcc": {
        "mean": [-711.094970703, 176.154418945, -18.3647842407, 11.765045166, -4.08795881271, 1.08412647247, 5.13695669174, 0.646218597889, 1.91281938553, 2.56391501427, -1.13550007343, 1.66569077969, -2.23371052742],
        "cov": [[10709.1699219, -259.648590088, 773.044616699, 1024.46203613, 8.28712368011, 846.158935547, 496.583251953, 324.625549316, -127.293769836, 194.413986206, 285.828521729, -22.2501907349, 132.870849609], [-259.648590088, 1810.20556641, 207.802703857, 393.03036499, 215.668518066, 65.2704620361, 315.232574463, -76.654335022, -38.2785415649, 11.3385410309, -109.129493713, -9.45869159698, 6.46381568909], [773.044616699, 207.802703857, 1516.88330078, 350.857696533, 310.472991943, 326.312316895, 291.803222656, 68.7548065186, -63.3783760071, 38.5167732239, -29.6939315796, 12.0828781128, 93.8688049316], [1024.46203613, 393.03036499, 350.857696533, 943.464599609, 63.6358718872, 188.067016602, 249.961975098, 80.360206604, 134.559509277, 87.0919570923, 26.9215888977, 39.15782547, 37.6283988953], [8.28712368011, 215.668518066, 310.472991943, 63.6358718872, 288.973449707, 89.2163848877, 79.0128936768, 15.8746871948, 7.7537779808, 19.5748977661, -2.32667183876, 27.5898647308, 26.6973171234], [846.158935547, 65.2704620361, 326.312316895, 188.067016602, 89.2163848877, 318.427886963, 147.530639648, 24.151014328, 20.341791153, 46.8536529541, 37.7757492065, 24.8402786255, 30.0035667419], [496.583251953, 315.232574463, 291.803222656, 249.961975098, 79.0128936768, 147.530639648, 268.350067139, 52.577419281, -11.2976131439, 37.1739501953, 24.3039855957, 17.4398117065, 25.647611618], [324.625549316, -76.654335022, 68.7548065186, 80.360206604, 15.8746871948, 24.151014328, 52.577419281, 174.282196045, 29.5927371979, 9.71494960785, 23.3607120514, 6.36807823181, 12.2782850266], [-127.293769836, -38.2785415649, -63.3783760071, 134.559509277, 7.7537779808, 20.341791153, -11.2976131439, 29.5927371979, 210.709777832, 66.4351043701, -15.2151355743, 23.0625095367, 2.53655147552], [194.413986206, 11.3385410309, 38.5167732239, 87.0919570923, 19.5748977661, 46.8536529541, 37.1739501953, 9.71494960785, 66.4351043701, 123.214614868, 29.4583568573, 6.05661964417, 8.16705322266], [285.828521729, -109.129493713, -29.6939315796, 26.9215888977, -2.32667183876, 37.7757492065, 24.3039855957, 23.3607120514, -15.2151355743, 29.4583568573, 114.542358398, 30.2717494965, 3.76629900932], [-22.2501907349, -9.45869159698, 12.0828781128, 39.15782547, 27.5898647308, 24.8402786255, 17.4398117065, 6.36807823181, 23.0625095367, 6.05661964417, 30.2717494965, 80.3701400757, 22.4177074432], [132.870849609, 6.46381568909, 93.8688049316, 37.6283988953, 26.6973171234, 30.0035667419, 25.647611618, 12.2782850266, 2.53655147552, 8.16705322266, 3.76629900932, 22.4177074432, 71.6702194214]],
