{
"lowlevel": {
    "average_loudness": 0.923582553864,
    "barkbands_crest": {
        "dmean": 1.47628033161,
        "dmean2": 2.62950015068,
        "dvar": 2.16446304321,
        "dvar2": 5.5932431221,
        "max": 26.6952514648,
        "mean": 13.1995429993,
        "median": 13.5649900436,
        "min": 3.25039935112,
        "var": 12.1514606476
    },
    "barkbands_flatness_db": {
        "dmean": 0.0180160719901,
        "dmean2": 0.0276054833084,
        "dvar": 0.000624654756393,
        "dvar2": 0.0010288557969,
        "max": 0.812906861305,
        "mean": 0.343377560377,
        "median": 0.355629980564,
        "min": 0.0408475361764,
        "var": 0.0240683425218
    },
    "barkbands_kurtosis": {
        "dmean": 11.1111316681,
        "dmean2": 18.4575462341,
        "dvar": 428.479858398,
        "dvar2": 1269.11279297,
        "max": 323.389678955,
        "mean": 34.397026062,
        "median": 21.6750411987,
        "min": -1.84932589531,
        "var": 1453.40869141
    },
    "barkbands_skewness": {
        "dmean": 0.634478032589,
        "dmean2": 1.01378810406,
        "dvar": 0.766441643238,
        "dvar2": 2.08476066589,
        "max": 13.3240795135,
        "mean": 3.52036237717,
        "median": 3.26143097878,
        "min": -7.17803096771,
        "var": 4.82657146454
    },
    "barkbands_spread": {
        "dmean": 2.91916489601,
        "dmean2": 4.10029029846,
        "dvar": 42.7040634155,
        "dvar2": 76.3074493408,
        "max": 106.84072876,
        "mean": 13.4416761398,
        "median": 2.78318428993,
        "min": 0.250477612019,
        "var": 480.279571533
    },
    "dissonance": {
        "dmean": 0.0366533137858,
        "dmean2": 0.0618529692292,
        "dvar": 0.00142861984205,
        "dvar2": 0.00380835542455,
        "max": 0.499999940395,
        "mean": 0.402345746756,
        "median": 0.423822134733,
        "min": 0.0441371165216,
        "var": 0.00629189657047
    },
    "dynamic_complexity": 7.17358493805,
    "erbbands_crest": {
        "dmean": 2.58352351189,
        "dmean2": 4.09265851974,
        "dvar": 7.35341787338,
        "dvar2": 17.1650390625,
        "max": 33.5837974548,
        "mean": 14.0689086914,
        "median": 12.4980621338,
        "min": 2.53132987022,
        "var": 37.5383071899
    },
    "erbbands_flatness_db": {
        "dmean": 0.0163194406778,
        "dmean2": 0.0251469891518,
        "dvar": 0.000325929257087,
        "dvar2": 0.000772992905695,
        "max": 0.5545373559,
        "mean": 0.206671506166,
        "median": 0.189454615116,
        "min": 0.0621196180582,
        "var": 0.00639059441164
    },
    "erbbands_kurtosis": {
        "dmean": 2.54649090767,
        "dmean2": 3.78242373466,
        "dvar": 48.6932983398,
        "dvar2": 97.3583145142,
        "max": 288.876220703,
        "mean": 6.1454744339,
        "median": 2.11864995956,
        "min": -1.72169280052,
        "var": 238.182418823
    },
    "erbbands_skewness": {
        "dmean": 0.384315788746,
        "dmean2": 0.564275741577,
        "dvar": 0.232854440808,
        "dvar2": 0.480985641479,
        "max": 12.1006965637,
        "mean": 0.912251830101,
        "median": 0.842028617859,
        "min": -6.56798839569,
        "var": 1.85826599598
    },
    "erbbands_spread": {
        "dmean": 6.76457309723,
        "dmean2": 10.5473670959,
        "dvar": 86.337272644,
        "dvar2": 214.594650269,
        "max": 125.626876831,
        "mean": 30.6779193878,
        "median": 22.2293949127,
        "min": 0.293775677681,
        "var": 626.662719727
    },
    "hfc": {
        "dmean": 4.79150915146,
        "dmean2": 6.48605632782,
        "dvar": 224.936981201,
        "dvar2": 429.545593262,
        "max": 685.498596191,
        "mean": 28.2050018311,
        "median": 10.9946231842,
        "min": 1.07671539385e-16,
        "var": 1321.13562012
    },
    "melbands_crest": {
        "dmean": 1.34143042564,
        "dmean2": 2.00149059296,
        "dvar": 5.31506109238,
        "dvar2": 9.61327648163,
        "max": 39.4105453491,
        "mean": 29.1438827515,
        "median": 35.434589386,
        "min": 1.48699259758,
        "var": 116.269508362
    },
    "melbands_flatness_db": {
        "dmean": 0.0175149515271,
        "dmean2": 0.0249651260674,
        "dvar": 0.000832229445223,
        "dvar2": 0.00129923853092,
        "max": 0.949123561382,
        "mean": 0.443172156811,
        "median": 0.462238878012,
        "min": 0.00214665336534,
        "var": 0.0330834276974
    },
    "melbands_kurtosis": {
        "dmean": 45.1944351196,
        "dmean2": 74.6314620972,
        "dvar": 11498.5605469,
        "dvar2": 33252.65625,
        "max": 2350.94482422,
        "mean": 114.875007629,
        "median": 29.5374145508,
        "min": -1.71599531174,
        "var": 37352.8007812
    },
    "melbands_skewness": {
        "dmean": 1.28414642811,
        "dmean2": 2.03508853912,
        "dvar": 3.44929170609,
        "dvar2": 9.26459598541,
        "max": 39.1756668091,
        "mean": 6.79283046722,
        "median": 4.46506118774,
        "min": -6.74525022507,
        "var": 31.4868793488
    },
    "melbands_spread": {
        "dmean": 2.67623806,
        "dmean2": 4.03941869736,
        "dvar": 35.9553909302,
        "dvar2": 78.6810913086,
        "max": 179.051422119,
        "mean": 10.6090097427,
        "median": 2.98558115959,
        "min": 0.031160114333,
        "var": 367.053436279
    },
    "pitch_salience": {
        "dmean": 0.0351754464209,
        "dmean2": 0.055924192071,
        "dvar": 0.00249860459007,
        "dvar2": 0.00535255484283,
        "max": 0.965655088425,
        "mean": 0.279505342245,
        "median": 0.206977948546,
        "min": 0.0192594435066,
        "var": 0.0395478121936
    },
    "silence_rate_20dB": {
        "dmean": 0.0171428564936,
        "dmean2": 0.0342887751758,
        "dvar": 0.0168487504125,
        "dvar2": 0.033831615001,
        "max": 1,
        "mean": 0.649852693081,
        "median": 1,
        "min": 0,
        "var": 0.227539286017
    },
    "silence_rate_30dB": {
        "dmean": 0.0171428564936,
        "dmean2": 0.0342887751758,
        "dvar": 0.0168488249183,
        "dvar2": 0.0331168696284,
        "max": 1,
        "mean": 0.542719423771,
        "median": 1,
        "min": 0,
        "var": 0.248147919774
    },
    "silence_rate_60dB": {
        "dmean": 0.025178572163,
        "dmean2": 0.0503616407514,
        "dvar": 0.0245483350009,
        "dvar2": 0.0519345030189,
        "max": 1,
        "mean": 0.193107753992,
        "median": 0,
        "min": 0,
        "var": 0.155800625682
    },
    "spectral_centroid": {
        "dmean": 98.5728988647,
        "dmean2": 151.563964844,
        "dvar": 35652.4570312,
        "dvar2": 71462.8359375,
        "max": 11649.15625,
        "mean": 745.891906738,
        "median": 549.36517334,
        "min": 101.648468018,
        "var": 695135.4375
    },
    "spectral_complexity": {
        "dmean": 1.20982146263,
        "dmean2": 1.98356997967,
        "dvar": 2.18942737579,
        "dvar2": 4.53802776337,
        "max": 33,
        "mean": 6.98410844803,
        "median": 6,
        "min": 0,
        "var": 13.1236515045
    },
    "spectral_decrease": {
        "dmean": 1.8153761161e-08,
        "dmean2": 3.12754480092e-08,
        "dvar": 2.39136056911e-15,
        "dvar2": 4.04927996786e-15,
        "max": 2.46680023837e-18,
        "mean": -1.4988800956e-07,
        "median": -1.59072293116e-08,
        "min": -7.4731639188e-07,
        "var": 5.03149225842e-14
    },
    "spectral_energy": {
        "dmean": 0.0686947107315,
        "dmean2": 0.118275590241,
        "dvar": 0.0343169085681,
        "dvar2": 0.05803142488,
        "max": 2.83165168762,
        "mean": 0.568266987801,
        "median": 0.0605616122484,
        "min": 9.87510833486e-21,
        "var": 0.721094071865
    },
    "spectral_energyband_high": {
        "dmean": 0.000153350978508,
        "dmean2": 0.000208001787541,
        "dvar": 3.10334456799e-07,
        "dvar2": 5.54663358798e-07,
        "max": 0.0105366939679,
        "mean": 0.000332618394168,
        "median": 3.10970935971e-05,
        "min": 6.96216272718e-21,
        "var": 1.26156373881e-06
    },
    "spectral_energyband_low": {
        "dmean": 0.0395255759358,
        "dmean2": 0.0372584275901,
        "dvar": 0.0260577276349,
        "dvar2": 0.0344343073666,
        "max": 2.62964272499,
        "mean": 0.52120256424,
        "median": 0.0456767641008,
        "min": 1.83964209032e-23,
        "var": 0.630635499954
    },
    "spectral_energyband_middle_high": {
        "dmean": 0.000873032025993,
        "dmean2": 0.00112238246948,
        "dvar": 8.36710969452e-05,
        "dvar2": 0.000126108163386,
        "max": 0.763149023056,
        "mean": 0.00217970157973,
        "median": 0.000333259144099,
        "min": 1.21395671625e-21,
        "var": 0.000307070818963
    },
    "spectral_energyband_middle_low": {
        "dmean": 0.00343895563856,
        "dmean2": 0.00540341343731,
        "dvar": 0.0001533262257,
        "dvar2": 0.000407270039432,
        "max": 0.232277408242,
        "mean": 0.00854108668864,
        "median": 0.00474278675392,
        "min": 1.58655616906e-22,
        "var": 0.000195553235244
    },
    "spectral_entropy": {
        "dmean": 0.164582103491,
        "dmean2": 0.257287442684,
        "dvar": 0.0436795055866,
        "dvar2": 0.106288142502,
        "max": 9.82193183899,
        "mean": 6.60903549194,
        "median": 6.68228054047,
        "min": 3.67862010002,
        "var": 0.66648131609
    },
    "spectral_flux": {
        "dmean": 0.0406943969429,
        "dmean2": 0.05517231673,
        "dvar": 0.0127694848925,
        "dvar2": 0.025320827961,
        "max": 1.30296480656,
        "mean": 0.126725971699,
        "median": 0.0609833449125,
        "min": 6.3253714766e-11,
        "var": 0.0286054201424
    },
    "spectral_kurtosis": {
        "dmean": 6.7373380661,
        "dmean2": 11.6113872528,
        "dvar": 583.040893555,
        "dvar2": 1688.90185547,
        "max": 704.940979004,
        "mean": 24.9264736176,
        "median": 9.66175556183,
        "min": -1.23664820194,
        "var": 3722.0793457
    },
    "spectral_rms": {
        "dmean": 0.00121492799371,
        "dmean2": 0.00197681901045,
        "dvar": 1.08580516098e-05,
        "dvar2": 1.49983170559e-05,
        "max": 0.0525603182614,
        "mean": 0.0162825100124,
        "median": 0.0076866443269,
        "min": 3.10390905686e-12,
        "var": 0.00028928858228
    },
    "spectral_rolloff": {
        "dmean": 318.982421875,
        "dmean2": 549.375244141,
        "dvar": 1362705,
        "dvar2": 2677890,
        "max": 19573.6816406,
        "mean": 1434.88171387,
        "median": 43.06640625,
        "min": 43.06640625,
        "var": 11601583
    },
    "spectral_skewness": {
        "dmean": 0.362198382616,
        "dmean2": 0.597825169563,
        "dvar": 0.38695666194,
        "dvar2": 1.02097463608,
        "max": 21.0627307892,
        "mean": 3.41094517708,
        "median": 2.82968735695,
        "min": -0.0688381865621,
        "var": 7.14188098907
    },
    "spectral_spread": {
        "dmean": 646494.625,
        "dmean2": 1075322.75,
        "dvar": 1.3012369408e+12,
        "dvar2": 3.24854009037e+12,
        "max": 41645172,
        "mean": 5524040,
        "median": 5084752.5,
        "min": 148821.4375,
        "var": 1.30233181143e+13
    },
    "spectral_strongpeak": {
        "dmean": 0.448592752218,
        "dmean2": 0.838278412819,
        "dvar": 0.491708636284,
        "dvar2": 1.55374777317,
        "max": 21.8120975494,
        "mean": 0.796283900738,
        "median": 0.387199699879,
        "min": 0,
        "var": 1.22109353542
    },
    "zerocrossingrate": {
        "dmean": 0.00731685105711,
        "dmean2": 0.00777539610863,
        "dvar": 0.000232552134548,
        "dvar2": 0.000255377352005,
        "max": 0.5185546875,
        "mean": 0.0504840351641,
        "median": 0.0087890625,
        "min": 0.0009765625,
        "var": 0.00696294475347
    },
    "barkbands": {
        "dmean": [0.0573693066835, 0.0263410024345, 0.00165808061138, 0.00022908153187, 0.000452352804132, 0.000402034900617, 0.00184576073661, 0.000531990022864, 0.000731844163965, 0.000784841773566, 7.83928335295e-05, 2.39171749854e-05, 3.79454286303e-05, 3.40683363902e-05, 1.69877475855e-05, 9.25106542127e-06, 9.58682539931e-06, 3.28471396642e-05, 4.90614656883e-05, 1.20364074974e-06, 3.71222972717e-06, 5.85527095609e-06, 1.77153706318e-05, 4.75749839097e-05, 3.51335474988e-05, 7.26774815121e-05, 6.33625450064e-06],
        "dmean2": [0.107964344323, 0.0316646844149, 0.00182103947736, 0.000321124010952, 0.000697237730492, 0.000690051470883, 0.00332673219964, 0.000827048090287, 0.000888559734449, 0.00096612557536, 0.000114959948405, 3.77491887775e-05, 6.04449269304e-05, 5.55044098292e-05, 2.84210818791e-05, 1.55267716764e-05, 1.42602475535e-05, 5.79389343329e-05, 8.34852835396e-05, 1.96562541532e-06, 5.67826828046e-06, 9.25939366425e-06, 2.76701503026e-05, 6.93904221407e-05, 5.6180771935e-05, 0.000105683880975, 8.97628706298e-06],
        "dvar": [0.0117980763316, 0.0142030222341, 5.77303726459e-05, 6.26185908459e-07, 1.70261296262e-06, 2.10736425288e-06, 6.70458539389e-05, 4.57259420727e-06, 9.44429484662e-06, 8.16492247395e-05, 2.06783894896e-07, 4.13438661084e-09, 2.69083511029e-08, 4.75650665521e-08, 1.36318769606e-08, 3.74852288099e-10, 8.51447412575e-10, 1.87049167266e-08, 5.43438822831e-08, 1.25465644818e-11, 1.97388286272e-10, 4.68441896384e-10, 4.19818091402e-09, 3.32910126133e-08, 1.56232982107e-08, 1.3550882727e-07, 7.40265182486e-10],
        "dvar2": [0.0342127121985, 0.0266917105764, 9.58089149208e-05, 1.20585082186e-06, 3.73181615032e-06, 5.85892712479e-06, 0.000193228843273, 1.14494832815e-05, 1.42386707012e-05, 0.000122445839224, 4.10087096725e-07, 9.49539646911e-09, 5.72039731139e-08, 1.07727984755e-07, 3.02580396294e-08, 9.93113036252e-10, 1.63233127015e-09, 5.35999937767e-08, 1.49047636455e-07, 3.18393922338e-11, 4.40516012556e-10, 9.46335565466e-10, 9.95092452882e-09, 7.08095626578e-08, 3.89511214394e-08, 2.53823174035e-07, 1.49586454334e-09],
        "max": [1.4131295681, 1.7477183342, 0.146108284593, 0.0174774564803, 0.0194956175983, 0.0260755345225, 0.116443678737, 0.0582063794136, 0.0907571539283, 0.760026454926, 0.0372359342873, 0.00264107179828, 0.00704672141001, 0.0117544373497, 0.0100333001465, 0.000486374512548, 0.000725782418158, 0.00246466742828, 0.00405007135123, 0.000141289536259, 0.000302263943013, 0.000363624130841, 0.00138652103487, 0.00349681731313, 0.00171044282615, 0.00743488548324, 0.000394592061639],
        "mean": [0.272306770086, 0.279044508934, 0.00608375063166, 0.000627607456408, 0.00121667783242, 0.001024475554, 0.00194210885093, 0.00103172427043, 0.00223842868581, 0.0019201207906, 0.000140421136166, 4.31460030086e-05, 6.98565781931e-05, 6.6849119321e-05, 2.90990283247e-05, 1.67800462805e-05, 1.66469671967e-05, 5.13358027092e-05, 6.29332862445e-05, 2.42154465013e-06, 7.91999082139e-06, 9.31481190491e-06, 3.1598356145e-05, 8.57729755808e-05, 5.65849804843e-05, 0.000129771971842, 1.01085843198e-05],
        "median": [0.0253398064524, 0.0228702519089, 2.51313440458e-06, 4.6612265578e-05, 0.000596321187913, 0.000461442599772, 0.000862693763338, 0.000193519226741, 0.000273035169812, 4.39711802755e-05, 2.58858854068e-05, 1.13234027594e-05, 1.5285311747e-05, 1.25392680275e-05, 9.99202711682e-06, 6.70256804369e-06, 4.46656531494e-06, 4.95388258059e-06, 3.11071835313e-06, 8.62734282236e-07, 1.88068236184e-06, 1.84514124157e-06, 1.9485064513e-06, 3.79229277314e-06, 6.38560368316e-06, 8.44791520649e-06, 1.28652402509e-06],
        "min": [2.89247437294e-25, 2.45012564932e-24, 1.25616544079e-24, 1.72497926448e-24, 8.99710456331e-24, 6.10787980427e-24, 8.55267689539e-24, 6.85554836517e-24, 1.0674323822e-23, 1.2912424762e-23, 1.70499142241e-23, 3.67272022682e-23, 3.08558241466e-23, 3.95858669502e-23, 3.47140513262e-23, 7.95313219446e-23, 8.34292982475e-23, 1.00806351511e-22, 1.13127626788e-22, 2.10069380279e-22, 2.58987654754e-22, 3.73455688748e-22, 4.01471761942e-22, 6.08000772343e-22, 9.24946555296e-22, 1.30478765024e-21, 2.05356856497e-21],
        "var": [0.165540799499, 0.191777586937, 0.00039522672887, 2.28441467698e-06, 3.22136543218e-06, 2.69606653092e-06, 3.99716627726e-05, 9.13518033485e-06, 5.3137580835e-05, 0.000301794963889, 5.74646946916e-07, 8.82920581091e-09, 6.53157528063e-08, 1.03092389736e-07, 2.24049276909e-08, 7.08226532975e-10, 2.45350695316e-09, 3.81919775805e-08, 7.36278096269e-08, 1.94152662697e-11, 5.90546833656e-10, 9.21065834714e-10, 1.41855478475e-08, 8.67780372005e-08, 3.2860292265e-08, 3.75112307438e-07, 1.46822098923e-09]
    },
    "erbbands": {
        "dmean": [1.74745976925, 3.56181526184, 2.23465490341, 0.957791984081, 1.20341491699, 1.89432668686, 2.37418794632, 4.17582941055, 24.759595871, 18.1648731232, 11.0264883041, 20.1020259857, 12.6434345245, 23.6557979584, 3.46974182129, 1.08802175522, 1.71682918072, 1.88943362236, 1.04013991356, 0.665128052235, 0.39713793993, 0.596342802048, 1.64374709129, 4.08373022079, 0.286311000586, 0.0658198744059, 0.141706004739, 0.167315885425, 0.146665170789, 0.551030516624, 0.394399166107, 0.943553805351, 0.686573207378, 0.342099487782, 0.29196575284, 0.494375705719, 0.0847432091832, 0.00534083321691, 0.00116472749505, 0.000164050143212],
        "dmean2": [1.57055354118, 6.33967447281, 3.09433221817, 1.2666451931, 1.71120989323, 2.98726963997, 3.93560147285, 7.20000886917, 44.7704620361, 31.374420166, 16.1814594269, 23.9714202881, 15.741727829, 29.1181125641, 4.75107765198, 1.68683540821, 2.70729660988, 3.0405023098, 1.69345831871, 1.13774359226, 0.649434030056, 0.899467587471, 2.98852586746, 6.85124206543, 0.480094403028, 0.106569170952, 0.234217256308, 0.244757920504, 0.223625898361, 0.795626521111, 0.6409085989, 1.52609777451, 0.938121974468, 0.497163534164, 0.466513872147, 0.712121009827, 0.126088008285, 0.00757702160627, 0.00172770803329, 0.000263981986791],
        "dvar": [55.3940124512, 339.637115479, 154.844146729, 18.3557662964, 14.621383667, 32.8494949341, 53.1109199524, 251.901672363, 11599.9013672, 5865.02490234, 1624.26477051, 7077.59228516, 6203.60351562, 111997.820312, 368.9324646, 7.73152637482, 51.3744010925, 121.475456238, 55.5094985962, 3.05980849266, 0.801959335804, 3.13011264801, 46.29139328, 315.287841797, 1.43440341949, 0.0451058298349, 0.312248796225, 0.391823172569, 0.274139285088, 4.54582595825, 1.96988773346, 11.7915668488, 19.6682548523, 2.59106421471, 1.35633647442, 7.46782779694, 0.124616719782, 0.000369591085473, 3.37411947839e-05, 2.67760469796e-07],
        "dvar2": [78.2488174438, 966.430297852, 366.153778076, 30.3648395538, 24.6321544647, 78.648147583, 140.342468262, 703.895507812, 33472.9648438, 16547.4628906, 3535.0012207, 10351.671875, 9313.70214844, 168254.4375, 584.261535645, 17.62940979, 107.661697388, 273.369628906, 128.026947021, 7.48744535446, 1.98706233501, 5.83220481873, 132.749389648, 840.579772949, 3.54891586304, 0.114404529333, 0.829621016979, 0.736730098724, 0.545025229454, 8.05946445465, 5.21402835846, 31.7223739624, 41.5047531128, 5.47116613388, 3.54089903831, 14.5309038162, 0.223787426949, 0.000763284449931, 7.58078385843e-05, 5.52571009393e-07],
        "max": [117.4139328, 248.915756226, 219.592773438, 98.3110198975, 93.1743850708, 82.4747543335, 235.841812134, 299.439819336, 1471.16040039, 1346.57702637, 1591.48962402, 2491.85205078, 4045.99511719, 28697.4316406, 1371.3470459, 110.232528687, 307.704711914, 586.281555176, 611.312744141, 95.0115814209, 27.3908843994, 45.5914649963, 120.166099548, 303.558776855, 22.0054931641, 9.67971801758, 11.5429058075, 12.4542541504, 10.1647138596, 51.0615921021, 26.104473114, 67.6160049438, 92.8748397827, 32.8832130432, 22.5139255524, 54.6481590271, 7.27973079681, 0.346448391676, 0.099735699594, 0.00951194670051],
        "mean": [21.3812065125, 12.9680109024, 8.55132865906, 2.86875772476, 3.17952108383, 4.40362548828, 7.04527711868, 9.13700485229, 24.5088386536, 25.7628116608, 26.9397716522, 62.5253219604, 34.2640686035, 56.1246109009, 7.26676416397, 2.08998942375, 3.32677531242, 3.78471255302, 2.00429940224, 1.2056709528, 0.798201620579, 1.04495286942, 2.6269261837, 5.74294090271, 0.465746283531, 0.136330023408, 0.282275170088, 0.320888698101, 0.249497815967, 1.13943469524, 0.782044768333, 1.82671761513, 1.00836837292, 0.535521924496, 0.554796278477, 0.847145974636, 0.169750630856, 0.009959904477, 0.00191392051056, 0.000774031912442],
        "median": [1.82163417339, 0.870967924595, 0.108047790825, 0.155049026012, 1.22294819355, 1.4413613081, 2.46638655663, 4.10912036896, 10.8830690384, 11.316827774, 5.65057039261, 7.89094257355, 2.90079045296, 1.62494421005, 1.44743561745, 0.80492913723, 0.830753147602, 0.863167405128, 0.620688080788, 0.432567119598, 0.33808606863, 0.319148153067, 0.320143789053, 0.247786924243, 0.086039468646, 0.0515807531774, 0.0905615240335, 0.0520507134497, 0.0621104985476, 0.0671431273222, 0.0569974146783, 0.0738560110331, 0.0615833848715, 0.0486580766737, 0.0562919080257, 0.0381993502378, 0.0147483656183, 0.00229564937763, 0.000463912787382, 0.000189853555639],
        "min": [1.07031486417e-22, 5.25978120375e-22, 1.35188322689e-21, 5.03690994889e-21, 1.65037508697e-20, 2.42888710647e-20, 5.72690096048e-20, 9.32963700461e-20, 1.18869253219e-19, 1.80496845493e-19, 4.18368075645e-19, 2.48516540573e-19, 4.54782504914e-19, 7.80092373906e-19, 1.09108679672e-18, 1.63645659055e-18, 1.5096007922e-18, 2.43472796448e-18, 2.52761290265e-18, 2.9112739532e-18, 5.02449687272e-18, 5.23036516998e-18, 6.06200056372e-18, 8.21343529842e-18, 7.15406012484e-18, 9.47759888498e-18, 1.0118619192e-17, 1.10508310628e-17, 1.21407366456e-17, 1.23026837203e-17, 1.18243698398e-17, 9.92817739952e-18, 1.02317841172e-17, 7.7452990482e-18, 6.62591895221e-18, 4.59628821706e-18, 2.58793649638e-18, 1.044475376e-18, 2.55644898749e-19, 2.66657438587e-20],
        "var": [1092.27233887, 627.296081543, 658.322387695, 77.0472183228, 43.3789520264, 54.0638389587, 156.586730957, 268.636138916, 6754.29785156, 4690.02685547, 5530.71923828, 40474.7109375, 27207.8027344, 405707.8125, 1272.21411133, 15.9002447128, 129.080459595, 268.906524658, 89.1212005615, 5.95717668533, 1.81615197659, 9.30160045624, 95.8704147339, 552.16217041, 2.56555628777, 0.0606191717088, 0.624588906765, 1.18047177792, 0.593998730183, 19.2740192413, 7.54032278061, 43.5501098633, 33.5350799561, 5.0273065567, 4.63756465912, 18.3129253387, 0.496988177299, 0.000888757698704, 4.65713201265e-05, 1.2236952216e-06]
    },
    "gfcc": {
        "mean": [-102.869308472, 100.389251709, -47.0743751526, -14.782248497, -51.2040786743, 8.63737487793, -30.5147457123, 22.0543994904, -4.54598093033, 10.4709300995, -3.9206609726, 7.76878118515, -6.51526069641],
        "cov": [[19295.7480469, 938.271606445, 227.5677948, 1203.55810547, 896.293395996, 714.643005371, 394.753387451, 986.086425781, 662.936401367, 480.981658936, 363.019989014, 287.327178955, -24.3668441772], [938.271606445, 4215.01171875, 1061.3614502, -180.780990601, 1189.51049805, 360.125457764, 1105.11560059, -98.2194442749, 778.589355469, 531.587097168, 594.970153809, -188.573638916, 524.907104492], [227.5677948, 1061.3614502, 931.478027344, 327.695220947, 512.253112793, 184.564620972, 421.45223999, 112.685714722, 323.050964355, 277.792602539, 316.201660156, 7.27758646011, 109.173347473], [1203.55810547, -180.780990601, 327.695220947, 771.187866211, 499.351287842, 128.544906616, 174.513595581, 155.252761841, 256.900390625, 321.262908936, 177.803573608, 55.6627349854, 68.83177948], [896.293395996, 1189.51049805, 512.253112793, 499.351287842, 932.211242676, 255.414413452, 563.921142578, 108.12702179, 488.620178223, 411.794067383, 397.404296875, -12.0529975891, 191.077697754], [714.643005371, 360.125457764, 184.564620972, 128.544906616, 255.414413452, 258.783294678, 275.664428711, 150.74810791, 163.317367554, 157.983306885, 78.1290817261, 4.61553239822, 98.451171875], [394.753387451, 1105.11560059, 421.45223999, 174.513595581, 563.921142578, 275.664428711, 624.738220215, 162.702072144, 376.335906982, 249.526855469, 257.116149902, -23.5633010864, 219.320831299], [986.086425781, -98.2194442749, 112.685714722, 155.252761841, 108.12702179, 150.74810791, 162.702072144, 288.906768799, 131.528915405, 120.5414505, 83.571937561, 39.2507133484, -49.6973991394], [662.936401367, 778.589355469, 323.050964355, 256.900390625, 488.620178223, 163.317367554, 376.335906982, 131.528915405, 427.150756836, 357.831695557, 254.387298584, -10.6680793762, 167.2784729], [480.981658936, 531.587097168, 277.792602539, 321.262908936, 411.794067383, 157.983306885, 249.526855469, 120.5414505, 357.831695557, 484.325927734, 217.961212158, 10.2062654495, 157.127059937], [363.019989014, 594.970153809, 316.201660156, 177.803573608, 397.404296875, 78.1290817261, 257.116149902, 83.571937561, 254.387298584, 217.961212158, 334.951477051, 51.3282585144, 10.0630540848], [287.327178955, -188.573638916, 7.27758646011, 55.6627349854, -12.0529975891, 4.61553239822, -23.5633010864, 39.2507133484, -10.6680793762, 10.2062654495, 51.3282585144, 97.4230880737, -1.54780030251], [-24.3668441772, 524.907104492, 109.173347473, 68.83177948, 191.077697754, 98.451171875, 219.320831299, -49.6973991394, 167.2784729, 157.127059937, 10.0630540848, -1.54780030251, 342.090301514]],
        "icov": [[0.00012648376287, -0.000345792504959, 0.00028040248435, -0.000562023546081, 0.000224313145736, -0.000412800523918, 0.00057410215959, -0.000532807549462, -0.000329087517457, 0.000455789646367, 5.41117369721e-05, -0.000452718464658, 5.91610114498e-05], [-0.000345792504959, 0.00242688250728, -0.00173545815051, 0.00360818463378, -0.00217982614413, 0.00129767390899, -0.00213666260242, 0.0021332683973, 0.000740368559491, -0.00173263112083, -0.000636240059976, 0.00266101583838, -0.000932203547563], [0.00028040248435, -0.00173545815051, 0.0032852916047, -0.00346402009018, 0.00231193844229, -0.00169794855174, 0.000756130379159, -0.00111877848394, -0.000401550816605, 0.00141708937008, -0.00164531683549, -0.000770392769482, 0.000471796607599], [-0.000562023546081, 0.00360818463378, -0.00346402009018, 0.00918418448418, -0.00695143360645, 0.00371499382891, -0.00179818004835, 0.00113751611207, 0.0017387541011, -0.00411282200366, 0.0022931874264, 0.00111760746222, -0.00121073389892], [0.000224313145736, -0.00217982614413, 0.00231193844229, -0.00695143360645, 0.0103053376079, -0.00451860576868, -0.00130981171969, 0.00252309837379, -0.00295864441432, 0.00222531566396, -0.00508900964633, 0.00121940253302, 0.00135201250669], [-0.000412800523918, 0.00129767390899, -0.00169794855174, 0.00371499382891, -0.00451860576868, 0.0140506615862, -0.0061197928153, -0.00308054150082, 0.00448225159198, -0.00488958135247, 0.00535009242594, -0.00155194324907, -0.000380282872356], [0.00057410215959, -0.00213666260242, 0.000756130379159, -0.00179818004835, -0.00130981171969, -0.0061197928153, 0.0141620226204, -0.00755523098633, -0.00309300678782, 0.00633159512654, -0.00467376690358, 0.00311229401268, -0.00548856845126], [-0.000532807549462, 0.0021332683973, -0.00111877848394, 0.00113751611207, 0.00252309837379, -0.00308054150082, -0.00755523098633, 0.0148106357083, -0.00428811041638, -0.00293679954484, 0.00259338854812, -0.0036247742828, 0.00664265872911], [-0.000329087517457, 0.000740368559491, -0.000401550816605, 0.0017387541011, -0.00295864441432, 0.00448225159198, -0.00309300678782, -0.00428811041638, 0.0173932313919, -0.00666091870517, -0.00542842270806, 0.00722574302927, -0.00491179525852], [0.000455789646367, -0.00173263112083, 0.00141708937008, -0.00411282200366, 0.00222531566396, -0.00488958135247, 0.00633159512654, -0.00293679954484, -0.00666091870517, 0.00995895080268, -0.00368329975754, 0.000896396581084, -0.00246018031612], [5.41117369721e-05, -0.000636240059976, -0.00164531683549, 0.0022931874264, -0.00508900964633, 0.00535009242594, -0.00467376690358, 0.00259338854812, -0.00542842270806, -0.00368329975754, 0.020923608914, -0.0167201664299, 0.00937485788018], [-0.000452718464658, 0.00266101583838, -0.000770392769482, 0.00111760746222, 0.00121940253302, -0.00155194324907, 0.00311229401268, -0.0036247742828, 0.00722574302927, 0.000896396581084, -0.0167201664299, 0.0279517397285, -0.0101774893701], [5.91610114498e-05, -0.000932203547563, 0.000471796607599, -0.00121073389892, 0.00135201250669, -0.000380282872356, -0.00548856845126, 0.00664265872911, -0.00491179525852, -0.00246018031612, 0.00937485788018, -0.0101774893701, 0.0114989448339]]
    },
    "melbands": {
        "dmean": [0.011314092204, 0.00211134925485, 0.00018226406246, 0.000107361709524, 7.99002009444e-05, 9.22497711144e-05, 0.000385856896173, 0.000179558293894, 9.89663676592e-05, 0.000116480739962, 6.2164166593e-05, 0.00010375106649, 1.04055670818e-05, 3.9484671106e-06, 2.88791079583e-06, 3.74642672796e-06, 3.77884725822e-06, 1.7968920929e-06, 1.12907832772e-06, 8.49554282922e-07, 4.27293173288e-07, 6.62785964778e-07, 7.55977794142e-07, 1.91538288163e-06, 3.91174353354e-06, 1.52870498482e-07, 3.6690437355e-08, 4.06227051997e-08, 1.00947666226e-07, 6.61787211698e-08, 1.10713600066e-07, 8.36661797621e-08, 1.28346911765e-07, 4.78288995964e-07, 2.37814887782e-07, 5.54175016987e-07, 4.62862857376e-07, 4.61679832142e-07, 5.62995126074e-07, 1.60907987379e-07],
        "dmean2": [0.0108644599095, 0.00381608400494, 0.000230361649301, 0.000164253811818, 0.000131127919303, 0.000159500661539, 0.000696284638252, 0.00030588710797, 0.000138881834573, 0.000138058589073, 7.88563265814e-05, 0.000128048413899, 1.48564759002e-05, 5.96862219027e-06, 4.66303208668e-06, 5.96931931796e-06, 6.1129308051e-06, 2.95178301712e-06, 1.9348085516e-06, 1.45407670971e-06, 7.12790267698e-07, 9.73488113232e-07, 1.34158358378e-06, 3.37234314429e-06, 6.59953138893e-06, 2.42978330789e-07, 6.18609306002e-08, 6.70548985227e-08, 1.68578793591e-07, 1.07419971584e-07, 1.6313761364e-07, 1.39437176472e-07, 2.01676286338e-07, 7.1219091069e-07, 4.02782632136e-07, 9.11217739485e-07, 7.4358524671e-07, 6.42034422071e-07, 7.85496013123e-07, 2.56350375594e-07],
        "dvar": [0.0022748215124, 0.000152539520059, 6.23175651526e-07, 1.03980333677e-07, 5.4068447497e-08, 1.13478009212e-07, 2.88504315904e-06, 5.67400377349e-07, 1.23591789247e-07, 2.26349285981e-07, 1.73931056224e-07, 2.1940102215e-06, 2.86222356927e-09, 1.13568550397e-10, 9.99395705081e-11, 3.57747553803e-10, 6.13698980523e-10, 1.51337456455e-10, 2.92778509769e-11, 3.47775497636e-12, 1.10864778729e-12, 4.86591192686e-12, 5.85748984039e-12, 6.45517667097e-11, 3.03998881623e-10, 3.98642897121e-13, 1.67764158685e-14, 1.93681621983e-14, 1.71417486325e-13, 4.72400947299e-14, 1.81400169408e-13, 1.20256764074e-13, 2.60632417341e-13, 3.85391588434e-12, 7.95521038367e-13, 4.2169449356e-12, 2.61590206961e-12, 8.86645964981e-12, 1.53380693563e-11, 3.55642923965e-13],
        "dvar2": [0.00320581812412, 0.000424207595643, 9.55177256401e-07, 2.2417020773e-07, 1.41625989158e-07, 3.16976411341e-07, 8.31950274005e-06, 1.58599902988e-06, 2.35547418015e-07, 3.25070544704e-07, 2.6615890647e-07, 3.29400586452e-06, 5.11411313298e-09, 2.33759844814e-10, 2.30822611025e-10, 7.45918271594e-10, 1.38314337761e-09, 3.53627876981e-10, 6.39660546753e-11, 9.66909798755e-12, 2.77477476759e-12, 8.71093822075e-12, 1.71847015784e-11, 1.78238895865e-10, 8.21734347234e-10, 9.44003555881e-13, 4.05952093501e-14, 5.10947316087e-14, 4.43707462265e-13, 1.00235791889e-13, 3.57653766629e-13, 2.64135501665e-13, 5.49484503037e-13, 7.86695274896e-12, 2.22060672801e-12, 1.08952326328e-11, 7.12292161018e-12, 1.9240477267e-11, 3.2053668747e-11, 8.31064817658e-13],
        "max": [0.746338844299, 0.192881166935, 0.0180038921535, 0.00482360459864, 0.00647749425843, 0.0061795366928, 0.0234901215881, 0.013011964038, 0.0119077134877, 0.0135358022526, 0.0227026976645, 0.126807585359, 0.00403337506577, 0.000332348368829, 0.000510784855578, 0.00092951208353, 0.00134941586293, 0.00096317921998, 0.000428963743616, 3.69401386706e-05, 2.95710106002e-05, 5.7116667449e-05, 4.92371509608e-05, 0.000140858785016, 0.000300422485452, 1.74791875907e-05, 7.15709393262e-06, 6.53132883599e-06, 8.3714903667e-06, 4.38028291683e-06, 7.76247725298e-06, 5.90980107518e-06, 8.32784462546e-06, 4.63335309178e-05, 1.49369898281e-05, 4.04203456128e-05, 3.14488461299e-05, 6.17593541392e-05, 8.22795700515e-05, 9.41738835536e-06],
        "mean": [0.145721316338, 0.00628158217296, 0.000575746409595, 0.000269151787506, 0.00023451220477, 0.000198186244234, 0.00038704610779, 0.000265568174655, 0.00026346030063, 0.000357685581548, 0.000162593889399, 0.000243689501076, 2.06407530641e-05, 7.36851598049e-06, 4.98762847201e-06, 7.22114464224e-06, 7.3113774306e-06, 3.33880097969e-06, 1.94554422706e-06, 1.40793667924e-06, 7.76097863309e-07, 1.14251145078e-06, 1.09102131773e-06, 3.1552008295e-06, 5.28584450876e-06, 2.55299738683e-07, 6.63415491431e-08, 7.78723148187e-08, 1.85876828596e-07, 1.45789627481e-07, 1.98002595653e-07, 1.1941877176e-07, 1.99302178316e-07, 9.47741227719e-07, 3.86257568152e-07, 1.06572872483e-06, 8.94673235052e-07, 6.63779701426e-07, 7.6844889918e-07, 2.61165666871e-07],
        "median": [0.0126562258229, 0.000227591110161, 4.8002719268e-05, 0.000112798952614, 0.000113320696983, 9.57412994467e-05, 0.00016919214977, 0.000106712097477, 4.34359862993e-05, 4.29498140875e-05, 9.07304365683e-06, 4.83195617562e-06, 4.60135288449e-06, 2.14730539483e-06, 1.57412398494e-06, 1.57813497026e-06, 1.4191102764e-06, 9.32149873734e-07, 5.8758553223e-07, 5.29530836957e-07, 2.97452004361e-07, 2.36453175262e-07, 3.04666741613e-07, 2.43314389081e-07, 1.95345563725e-07, 7.00235531781e-08, 2.18614673031e-08, 2.57069903142e-08, 5.70176545978e-08, 3.94880821375e-08, 2.35077379784e-08, 2.65871165084e-08, 3.26471969458e-08, 3.44235964178e-08, 2.99670084303e-08, 3.55976119693e-08, 4.57513174013e-08, 3.94306347573e-08, 3.16987893711e-08, 3.5714698754e-08],
        "min": [1.17420249691e-24, 6.11039380536e-25, 1.19333779728e-24, 1.56855445786e-24, 1.8736288608e-24, 1.71705811492e-24, 1.77476920659e-24, 1.55445721766e-24, 2.88974580167e-24, 1.53338605263e-24, 2.2485594607e-24, 2.42478980363e-24, 2.99767538414e-24, 3.79443081487e-24, 4.14521241031e-24, 3.24062817409e-24, 4.03531698646e-24, 3.16988016988e-24, 2.6552219905e-24, 4.51909066975e-24, 5.17380696133e-24, 4.93384927903e-24, 3.64801152555e-24, 4.60372361197e-24, 5.75385599051e-24, 4.53963891861e-24, 4.36572388244e-24, 5.51425092903e-24, 4.04998427727e-24, 6.64220961082e-24, 5.53106668252e-24, 5.45250284168e-24, 7.17950829539e-24, 6.34187922015e-24, 6.10837363119e-24, 5.44658756818e-24, 6.09932815762e-24, 6.8683831321e-24, 6.8756209309e-24, 6.22291150147e-24],
        "var": [0.0495817475021, 0.000271585275186, 2.86419140139e-06, 1.98611687097e-07, 1.34925343787e-07, 1.18010326844e-07, 1.68644714904e-06, 4.84670238166e-07, 5.53151153326e-07, 1.29075749555e-06, 7.41649500924e-07, 7.9586125139e-06, 8.77472405847e-09, 2.76261041821e-10, 2.12175929604e-10, 8.9432294903e-10, 1.34871702695e-09, 2.42033781905e-10, 5.30695036527e-11, 5.32678068321e-12, 2.17817083814e-12, 1.52259437697e-11, 9.10147998634e-12, 1.50288614886e-10, 4.88152018807e-10, 6.54240875884e-13, 2.40295488314e-14, 2.38468336603e-14, 2.99621953767e-13, 1.6958822042e-13, 4.98577687382e-13, 2.09114382711e-13, 4.66789475996e-13, 1.49032227531e-11, 2.09557544928e-12, 1.64936866248e-11, 9.45275802078e-12, 1.52517304342e-11, 2.49688689863e-11, 7.64027946812e-13]
    },
    "mfcc": {
        "mean": [-773.174072266, 161.359985352, 45.5049705505, 0.712972640991, 8.16571807861, -7.84234619141, -6.6178445816, 7.63160991669, 3.03231549263, 9.972615242, 12.8048038483, 10.1044187546, 0.228309318423],
        "cov": [[8004.70996094, 1580.35534668, 0.483582079411, 549.729309082, 769.153869629, 443.910675049, 240.82711792, 502.745666504, 359.11126709, 577.775817871, 387.409729004, 271.831237793, 75.8205947876], [1580.35534668, 3007.73852539, 587.77923584, 491.484954834, 337.858917236, 643.215698242, 659.909973145, 183.2681427, 447.785095215, 655.02935791, 436.817626953, 426.541748047, 554.682922363], [0.483582079411, 587.77923584, 598.198730469, 132.027252197, 55.5093574524, 68.1565093994, 138.63041687, -15.0649452209, 120.408485413, 17.19805336, 48.3452835083, 138.086120605, 121.814064026], [549.729309082, 491.484954834, 132.027252197, 642.245239258, 399.832061768, 352.427886963, 198.90586853, 4.28394079208, 90.4107894897, 304.524719238, 201.536376953, 175.340942383, 267.139556885], [769.153869629, 337.858917236, 55.5093574524, 399.832061768, 399.184051514, 286.520324707, 152.989959717, 20.3969287872, 109.645812988, 245.424285889, 187.000686646, 176.548919678, 190.904891968], [443.910675049, 643.215698242, 68.1565093994, 352.427886963, 286.520324707, 403.028747559, 267.079833984, -6.72750616074, 235.277191162, 240.423675537, 166.649520874, 178.531890869, 242.761428833], [240.82711792, 659.909973145, 138.63041687, 198.90586853, 152.989959717, 267.079833984, 303.312988281, 76.7707290649, 215.823364258, 197.459014893, 135.380950928, 134.611373901, 171.790710449], [502.745666504, 183.2681427, -15.0649452209, 4.28394079208, 20.3969287872, -6.72750616074, 76.7707290649, 404.129852295, -206.184692383, 208.28578186, 55.1300163269, -81.6004943848, -41.33436203], [359.11126709, 447.785095215, 120.408485413, 90.4107894897, 109.645812988, 235.277191162, 215.823364258, -206.184692383, 702.094177246, -26.6885623932, 74.4938583374, 241.854263306, 159.717712402], [577.775817871, 655.02935791, 17.19805336, 304.524719238, 245.424285889, 240.423675537, 197.459014893, 208.28578186, -26.6885623932, 501.143035889, 289.601135254, 124.769996643, 186.196640015], [387.409729004, 436.817626953, 48.3452835083, 201.536376953, 187.000686646, 166.649520874, 135.380950928, 55.1300163269, 74.4938583374, 289.601135254, 288.156311035, 209.245986938, 189.327011108], [271.831237793, 426.541748047, 138.086120605, 175.340942383, 176.548919678, 178.531890869, 134.611373901, -81.6004943848, 241.854263306, 124.769996643, 209.245986938, 328.080169678, 256.776794434], [75.8205947876, 554.682922363, 121.814064026, 267.139556885, 190.904891968, 242.761428833, 171.790710449, -41.33436203, 159.717712402, 186.196640015, 189.327011108, 256.776794434, 331.462310791]],
