{
"lowlevel": {
    "average_loudness": 0.0160178504884,
    "barkbands_crest": {
        "dmean": 0.986860156059,
        "dmean2": 1.45256686211,
        "dvar": 2.51210856438,
        "dvar2": 5.24542951584,
        "max": 26.81599617,
        "mean": 15.7711954117,
        "median": 15.6294307709,
        "min": 4.25217866898,
        "var": 23.0487003326
    },
    "barkbands_flatness_db": {
        "dmean": 0.022630808875,
        "dmean2": 0.0393773689866,
        "dvar": 0.000575736106839,
        "dvar2": 0.00154660630506,
        "max": 0.701191365719,
        "mean": 0.467268586159,
        "median": 0.471903204918,
        "min": 0.0505169481039,
        "var": 0.00534717133269
    },
    "barkbands_kurtosis": {
        "dmean": 1.59646379948,
        "dmean2": 2.34917449951,
        "dvar": 50.3976020813,
        "dvar2": 108.351303101,
        "max": 470.405303955,
        "mean": 5.94649171829,
        "median": 3.16976118088,
        "min": -1.86943101883,
        "var": 177.090805054
    },
    "barkbands_skewness": {
        "dmean": 0.287042051554,
        "dmean2": 0.426502257586,
        "dvar": 0.269305884838,
        "dvar2": 0.51274818182,
        "max": 4.51059246063,
        "mean": 0.686365544796,
        "median": 0.892550826073,
        "min": -17.918598175,
        "var": 2.83578968048
    },
    "barkbands_spread": {
        "dmean": 0.364022403955,
        "dmean2": 0.552350580692,
        "dvar": 1.4249304533,
        "dvar2": 3.51809835434,
        "max": 113.465461731,
        "mean": 3.29605340958,
        "median": 2.44967961311,
        "min": 0.0940799862146,
        "var": 32.3680305481
    },
    "dissonance": {
        "dmean": 0.0477137938142,
        "dmean2": 0.0830885469913,
        "dvar": 0.00222239061259,
        "dvar2": 0.00615070573986,
        "max": 0.499999970198,
        "mean": 0.269176155329,
        "median": 0.273151218891,
        "min": 0.0262659508735,
        "var": 0.00645177252591
    },
    "dynamic_complexity": 7.98202180862,
    "erbbands_crest": {
        "dmean": 1.2219285965,
        "dmean2": 1.77983224392,
        "dvar": 4.89916801453,
        "dvar2": 10.0736656189,
        "max": 34.2203979492,
        "mean": 18.1542053223,
        "median": 16.1468486786,
        "min": 2.69185352325,
        "var": 53.7142448425
    },
    "erbbands_flatness_db": {
        "dmean": 0.0144119672477,
        "dmean2": 0.0244301501662,
        "dvar": 0.00027317382046,
        "dvar2": 0.000677696953062,
        "max": 0.66075617075,
        "mean": 0.469366014004,
        "median": 0.473645716906,
        "min": 0.0566904619336,
        "var": 0.00422263424844
    },
    "erbbands_kurtosis": {
        "dmean": 1.15012526512,
        "dmean2": 1.52948403358,
        "dvar": 8.79620075226,
        "dvar2": 13.9907598495,
        "max": 90.680015564,
        "mean": 4.65615844727,
        "median": 1.06865930557,
        "min": -1.7910554409,
        "var": 101.458259583
    },
    "erbbands_skewness": {
        "dmean": 0.184686496854,
        "dmean2": 0.261873066425,
        "dvar": 0.100676782429,
        "dvar2": 0.205743059516,
        "max": 5.91129350662,
        "mean": 0.400885224342,
        "median": 0.428676277399,
        "min": -6.42086410522,
        "var": 1.43317997456
    },
    "erbbands_spread": {
        "dmean": 0.664573192596,
        "dmean2": 0.973695874214,
        "dvar": 1.59143733978,
        "dvar2": 3.1791882515,
        "max": 93.8366851807,
        "mean": 6.83289766312,
        "median": 5.61741399765,
        "min": 0.197974532843,
        "var": 28.7015914917
    },
    "hfc": {
        "dmean": 2.51802301407,
        "dmean2": 2.77195382118,
        "dvar": 276.836029053,
        "dvar2": 408.859405518,
        "max": 1182.35778809,
        "mean": 8.46289157867,
        "median": 1.32863688469,
        "min": 1.06425156873e-16,
        "var": 1087.42224121
    },
    "melbands_crest": {
        "dmean": 1.24362325668,
        "dmean2": 1.82441985607,
        "dvar": 4.04968643188,
        "dvar2": 8.73121738434,
        "max": 34.3046417236,
        "mean": 18.2576026917,
        "median": 18.0725040436,
        "min": 1.6010645628,
        "var": 31.194311142
    },
    "melbands_flatness_db": {
        "dmean": 0.0251796618104,
        "dmean2": 0.0440557003021,
        "dvar": 0.000689164036885,
        "dvar2": 0.00183505215682,
        "max": 0.808051347733,
        "mean": 0.580500423908,
        "median": 0.589306652546,
        "min": 0.00102614122443,
        "var": 0.00890844408423
    },
    "melbands_kurtosis": {
        "dmean": 1.09988069534,
        "dmean2": 1.65889394283,
        "dvar": 8.6800737381,
        "dvar2": 18.7924804688,
        "max": 126.672851562,
        "mean": 3.80796670914,
        "median": 2.02769470215,
        "min": -1.88839673996,
        "var": 44.5482978821
    },
    "melbands_skewness": {
        "dmean": 0.241158038378,
        "dmean2": 0.352869480848,
        "dvar": 0.170022293925,
        "dvar2": 0.314649373293,
        "max": 4.98232984543,
        "mean": 0.708241045475,
        "median": 0.888829469681,
        "min": -9.00235080719,
        "var": 1.95433318615
    },
    "melbands_spread": {
        "dmean": 0.691101014614,
        "dmean2": 1.05960977077,
        "dvar": 5.30765390396,
        "dvar2": 12.8614940643,
        "max": 160.457321167,
        "mean": 6.88557100296,
        "median": 4.4126124382,
        "min": 0.458050847054,
        "var": 232.783752441
    },
    "pitch_salience": {
        "dmean": 0.0303828101605,
        "dmean2": 0.0466705299914,
        "dvar": 0.00237635686062,
        "dvar2": 0.00577919743955,
        "max": 0.983261287212,
        "mean": 0.467425167561,
        "median": 0.480277121067,
        "min": 0.0338269732893,
        "var": 0.0168816801161
    },
    "silence_rate_20dB": {
        "dmean": 0.00124999997206,
        "dmean2": 0.00250022322871,
        "dvar": 0.0012484973995,
        "dvar2": 0.00285083428025,
        "max": 1,
        "mean": 0.997589528561,
        "median": 1,
        "min": 0,
        "var": 0.00240461272188
    },
    "silence_rate_30dB": {
        "dmean": 0.00910714268684,
        "dmean2": 0.0182159114629,
        "dvar": 0.00902469269931,
        "dvar2": 0.0193129405379,
        "max": 1,
        "mean": 0.980805277824,
        "median": 1,
        "min": 0,
        "var": 0.0188248511404
    },
    "silence_rate_60dB": {
        "dmean": 0.0450000017881,
        "dmean2": 0.0900080353022,
        "dvar": 0.0429707281291,
        "dvar2": 0.0845882967114,
        "max": 1,
        "mean": 0.488259971142,
        "median": 0,
        "min": 0,
        "var": 0.249856248498
    },
    "spectral_centroid": {
        "dmean": 18.0297355652,
        "dmean2": 26.7671604156,
        "dvar": 12440.7304688,
        "dvar2": 21317.5117188,
        "max": 11595.8271484,
        "mean": 558.038513184,
        "median": 412.015380859,
        "min": 277.835174561,
        "var": 878964.875
    },
    "spectral_complexity": {
        "dmean": 0.593571424484,
        "dmean2": 0.997410476208,
        "dvar": 1.40114378929,
        "dvar2": 2.72951602936,
        "max": 21,
        "mean": 4.68083190918,
        "median": 4,
        "min": 0,
        "var": 5.9781999588
    },
    "spectral_decrease": {
        "dmean": 9.37710686877e-10,
        "dmean2": 1.0623492086e-09,
        "dvar": 2.39730490736e-17,
        "dvar2": 3.60532923467e-17,
        "max": 8.43162835885e-25,
        "mean": -3.36238392684e-09,
        "median": -8.34659119597e-10,
        "min": -3.2967349739e-07,
        "var": 9.6339806885e-17
    },
    "spectral_energy": {
        "dmean": 0.00376624218188,
        "dmean2": 0.00425801193342,
        "dvar": 0.00039888889296,
        "dvar2": 0.000598796643317,
        "max": 1.35150551796,
        "mean": 0.0134580330923,
        "median": 0.00328112626448,
        "min": 9.93907266066e-21,
        "var": 0.0016003419878
    },
    "spectral_energyband_high": {
        "dmean": 5.67652364225e-07,
        "dmean2": 7.75019941557e-07,
        "dvar": 5.67853125633e-11,
        "dvar2": 1.4565675055e-10,
        "max": 0.000362354709068,
        "mean": 8.27256826597e-07,
        "median": 2.85591106319e-09,
        "min": 7.04634047141e-21,
        "var": 5.85194462333e-11
    },
    "spectral_energyband_low": {
        "dmean": 0.000223537208512,
        "dmean2": 0.00036470143823,
        "dvar": 8.80458969732e-07,
        "dvar2": 2.22828907681e-06,
        "max": 0.0244170520455,
        "mean": 0.000276015052805,
        "median": 1.46896245496e-05,
        "min": 1.28965418366e-23,
        "var": 9.87908947536e-07
    },
    "spectral_energyband_middle_high": {
        "dmean": 0.00143987208139,
        "dmean2": 0.00160323642194,
        "dvar": 0.00031899579335,
        "dvar2": 0.00047326477943,
        "max": 1.32920312881,
        "mean": 0.00384617876261,
        "median": 8.4323772171e-05,
        "min": 1.2666859462e-21,
        "var": 0.00118861417286
    },
    "spectral_energyband_middle_low": {
        "dmean": 0.00244240206666,
        "dmean2": 0.00282594212331,
        "dvar": 6.27525805612e-05,
        "dvar2": 9.31215327e-05,
        "max": 0.190458461642,
        "mean": 0.00985042750835,
        "median": 0.00298920483328,
        "min": 1.7839032929e-22,
        "var": 0.000360273785191
    },
    "spectral_entropy": {
        "dmean": 0.115515492857,
        "dmean2": 0.186658114195,
        "dvar": 0.0533378496766,
        "dvar2": 0.123201310635,
        "max": 9.82115745544,
        "mean": 4.78763484955,
        "median": 4.71056365967,
        "min": 3.04526376724,
        "var": 0.464247614145
    },
    "spectral_flux": {
        "dmean": 0.0107242595404,
        "dmean2": 0.0169400312006,
        "dvar": 0.00114191020839,
        "dvar2": 0.00271074520424,
        "max": 0.946582973003,
        "mean": 0.017271053046,
        "median": 0.00635783234611,
        "min": 6.41177111405e-11,
        "var": 0.00133079639636
    },
    "spectral_kurtosis": {
        "dmean": 74.894317627,
        "dmean2": 132.273101807,
        "dvar": 5852.76904297,
        "dvar2": 16909.6757812,
        "max": 897.254150391,
        "mean": 248.100234985,
        "median": 230.974685669,
        "min": -1.26772677898,
        "var": 17124.3144531
    },
    "spectral_rms": {
        "dmean": 0.000328223162796,
        "dmean2": 0.00037160309148,
        "dvar": 8.65401489136e-07,
        "dvar2": 1.29337456656e-06,
        "max": 0.0363117344677,
        "mean": 0.00260415486991,
        "median": 0.00178916146979,
        "min": 3.11394551637e-12,
        "var": 6.34815296507e-06
    },
    "spectral_rolloff": {
        "dmean": 27.6333866119,
        "dmean2": 50.0916786194,
        "dvar": 47328.1015625,
        "dvar2": 97359.4609375,
        "max": 19982.8125,
        "mean": 861.23614502,
        "median": 538.330078125,
        "min": 258.3984375,
        "var": 4688559
    },
    "spectral_skewness": {
        "dmean": 1.83075666428,
        "dmean2": 3.2167673111,
        "dvar": 3.27134442329,
        "dvar2": 8.98127174377,
        "max": 23.9554042816,
        "mean": 12.1509895325,
        "median": 12.5308246613,
        "min": -0.0929646492004,
        "var": 15.2908554077
    },
    "spectral_spread": {
        "dmean": 386256.5,
        "dmean2": 698775.6875,
        "dvar": 328523644928,
        "dvar2": 770796748800,
        "max": 42853364,
        "mean": 1118008.75,
        "median": 672546.25,
        "min": 98489.453125,
        "var": 1.20673460552e+13
    },
    "spectral_strongpeak": {
        "dmean": 0.251532137394,
        "dmean2": 0.331730097532,
        "dvar": 0.583254933357,
        "dvar2": 0.968748092651,
        "max": 28.7638339996,
        "mean": 1.32574439049,
        "median": 0.513231158257,
        "min": 0,
        "var": 4.19409561157
    },
    "zerocrossingrate": {
        "dmean": 0.00136548723094,
        "dmean2": 0.00181308039464,
        "dvar": 2.81831107714e-05,
        "dvar2": 5.5867843912e-05,
        "max": 0.52734375,
        "mean": 0.029039721936,
        "median": 0.02099609375,
        "min": 0.009765625,
        "var": 0.00327668525279
    },
    "barkbands": {
        "dmean": [3.13153327625e-06, 0.000115615628602, 0.000102804864582, 8.75754194567e-05, 0.000320195656968, 0.000311236944981, 0.000198458030354, 0.000462553754915, 0.00107668177225, 0.00149271916598, 4.50512889074e-05, 1.23232421174e-05, 3.95913120883e-05, 4.31241787737e-05, 5.18396109328e-06, 2.39531777879e-06, 4.41910378868e-06, 4.62132618395e-07, 7.30624719836e-07, 8.56273516092e-07, 7.01357691923e-08, 7.88279219677e-09, 3.38576744419e-09, 1.48830214819e-09, 1.02496411358e-09, 8.36950564409e-10, 7.18585912995e-10],
        "dmean2": [5.08032144353e-06, 0.00019700244593, 0.000175705514266, 0.000132954563014, 0.000469412829261, 0.00045447825687, 0.000277102284599, 0.000636541517451, 0.00119583145715, 0.00164540333208, 8.0696256191e-05, 1.92788247659e-05, 5.38863096153e-05, 5.77682258154e-05, 7.5889947766e-06, 3.52152756022e-06, 6.01541069045e-06, 6.47571425816e-07, 7.99153610842e-07, 1.2334639905e-06, 1.00778848378e-07, 1.20655299085e-08, 5.30298338575e-09, 2.61707744365e-09, 1.73993619512e-09, 1.5052399327e-09, 1.28849275693e-09],
        "dvar": [2.20979373688e-10, 2.48037679285e-07, 2.50008383773e-07, 1.07134979999e-07, 1.0708681657e-06, 1.22113567613e-06, 1.93494520317e-06, 8.46068724059e-06, 3.24213979184e-05, 0.000318089092616, 3.02823593756e-07, 2.62566635101e-09, 9.92003634792e-08, 2.90600382868e-07, 6.90954493621e-09, 3.54552831539e-10, 1.34313460354e-09, 1.4924126171e-11, 3.55687077014e-11, 1.76501840921e-10, 6.36899495816e-13, 5.64219013849e-14, 5.9481630877e-15, 3.49704857933e-15, 8.58297744299e-16, 3.61274825067e-16, 7.28920555507e-17],
        "dvar2": [5.33673660819e-10, 6.59040608753e-07, 6.70126212299e-07, 2.18598430024e-07, 2.16171315515e-06, 2.46912554758e-06, 4.40552003056e-06, 1.52802876983e-05, 4.49566396128e-05, 0.000466509256512, 8.63968068643e-07, 6.12934369926e-09, 1.90459189753e-07, 6.04169258622e-07, 1.54560133581e-08, 7.40195904569e-10, 3.03488900677e-09, 3.31816553401e-11, 5.38830959018e-11, 4.56081700184e-10, 1.51229831609e-12, 1.43680287936e-13, 1.14806134163e-14, 7.26601294594e-15, 1.88620134255e-15, 9.69163557424e-16, 1.56442247267e-16],
        "max": [0.00038303740439, 0.0138739319518, 0.0110401334241, 0.00760919973254, 0.0188641976565, 0.0184453353286, 0.063814394176, 0.10556139797, 0.182235866785, 1.32430791855, 0.0293889977038, 0.00170736166183, 0.0142952492461, 0.0255664512515, 0.00724395271391, 0.00107825221494, 0.00147673417814, 0.000188609628822, 0.000518984918017, 0.000660563644487, 4.48035680165e-05, 2.05351843761e-05, 5.68144287172e-06, 5.00288888361e-06, 2.59857097262e-06, 1.61929892784e-06, 7.49548519252e-07],
        "mean": [2.99060980069e-06, 0.000118468968139, 9.3749302323e-05, 0.000272682897048, 0.00108040729538, 0.00151417218149, 0.000764601340052, 0.00144830648787, 0.00383110623807, 0.00398869719356, 6.85416307533e-05, 3.10188843287e-05, 0.000104826533061, 0.00010956996266, 1.34299589263e-05, 4.26444466939e-06, 7.42138900023e-06, 8.73705801041e-07, 1.71947669969e-06, 1.04317587102e-06, 7.67508439026e-08, 9.1442418082e-09, 3.82795173337e-09, 1.3243368624e-09, 9.04620434117e-10, 7.24117432682e-10, 7.07242431286e-10],
        "median": [2.62467210632e-07, 1.45785315908e-06, 1.2605636357e-06, 1.89568054338e-05, 0.000425209756941, 0.000461417308543, 0.000224604067625, 0.000102075537143, 8.28519478091e-05, 9.56048097578e-06, 8.52474204294e-06, 2.50425637205e-06, 1.31828699068e-06, 7.24765584437e-07, 6.15083649791e-07, 5.38800435379e-08, 1.49799177507e-08, 1.26541932488e-08, 6.60593268975e-09, 1.11452302942e-09, 2.49480658354e-10, 1.63312988133e-10, 1.02187314166e-10, 1.0065390188e-10, 1.15687293079e-10, 1.39354111584e-10, 1.79353115692e-10],
        "min": [1.18292010017e-25, 4.34291909696e-24, 1.55826869773e-24, 8.40334276502e-25, 8.41163803187e-24, 1.23776283443e-23, 1.14946216232e-23, 9.17159980669e-24, 2.2776987598e-23, 1.88190499777e-23, 9.9450266483e-24, 2.61786110416e-23, 4.21582098335e-23, 2.75488119469e-23, 4.58655184556e-23, 5.14230435329e-23, 7.49796576303e-23, 8.48280054304e-23, 1.30297948007e-22, 1.79957537163e-22, 2.5995534096e-22, 3.43996694295e-22, 4.20235569568e-22, 4.74153316294e-22, 8.93584878827e-22, 1.36342851547e-21, 1.91962205324e-21],
        "var": [2.25062024573e-10, 2.64945271056e-07, 2.10934018696e-07, 5.24199322172e-07, 2.98389863929e-06, 6.20153514319e-06, 8.12205507827e-06, 4.13966117776e-05, 0.000200752110686, 0.00120606715791, 2.04675117743e-07, 8.35356228635e-09, 2.86329139954e-07, 7.59672616368e-07, 1.76731500545e-08, 6.60930976615e-10, 1.96769112115e-09, 3.8826407367e-11, 1.38171876718e-10, 1.46327894246e-10, 6.69389402849e-13, 4.58285922503e-14, 7.06982783338e-15, 3.41314170733e-15, 8.23281931655e-16, 2.55188077709e-16, 7.23708722078e-17]
    },
    "erbbands": {
        "dmean": [0.0013298796257, 0.0333296731114, 0.12247364223, 0.166114732623, 0.621888995171, 1.19365358353, 2.54478955269, 2.09576058388, 1.63436424732, 7.00751256943, 11.9089136124, 30.4729290009, 21.1992549896, 45.5755767822, 3.11829590797, 0.670848667622, 1.81040370464, 2.50118637085, 0.684479653835, 0.184546113014, 0.130602523685, 0.152811706066, 0.0832808539271, 0.0356482118368, 0.0284963957965, 0.0568622760475, 0.00536697776988, 0.00169453874696, 0.000329961447278, 0.000213135092054, 8.03996517789e-05, 4.2302905058e-05, 2.34577000811e-05, 1.48217077367e-05, 7.52635969548e-06, 4.76246532344e-06, 2.38617326431e-06, 6.4289099555e-07, 1.89758691249e-06, 4.32377783e-06],
        "dmean2": [0.00206079892814, 0.0571867078543, 0.208433941007, 0.253688156605, 0.969388067722, 1.7157715559, 3.72354650497, 2.93118572235, 2.115660429, 10.4210605621, 15.0115756989, 33.3141784668, 23.9457454681, 50.7344360352, 4.07437896729, 1.02302193642, 2.43473601341, 3.27464437485, 0.987883865833, 0.264029681683, 0.19124725461, 0.209904387593, 0.108523659408, 0.0361887179315, 0.0376139059663, 0.0825298801064, 0.00784611329436, 0.00251413788646, 0.000500987051055, 0.000304117245832, 0.00013026187662, 7.27587830625e-05, 3.9798214857e-05, 2.36623418459e-05, 1.17884337669e-05, 7.30930150894e-06, 3.58271176992e-06, 9.77724198492e-07, 2.15093814404e-06, 4.87811894345e-06],
        "dvar": [2.08750461752e-05, 0.0218775253743, 0.353101372719, 0.329364687204, 4.07343912125, 18.6523418427, 127.163742065, 56.0353622437, 67.9158401489, 2795.68188477, 4199.62792969, 24565.4550781, 25668.5488281, 436481.28125, 1054.39599609, 7.66854763031, 178.809570312, 735.467163086, 58.2903862, 1.64685988426, 1.37186133862, 1.45553648472, 0.448059618473, 0.117003388703, 0.0800518766046, 0.822189331055, 0.00425663311034, 0.000391654204577, 0.000103289130493, 1.90480659512e-05, 5.17010039403e-06, 1.91173990061e-06, 7.08853463038e-07, 2.13150613604e-07, 2.06797743374e-08, 8.28818080834e-09, 1.62728508446e-09, 4.33399080513e-11, 1.17272788702e-10, 5.45538558772e-10],
        "dvar2": [4.03401863878e-05, 0.0590580962598, 0.943862855434, 0.726041197777, 9.18906593323, 37.061958313, 247.804931641, 115.283927917, 94.8308868408, 6901.29638672, 5819.5859375, 32941.53125, 34876.375, 643934.625, 1639.68566895, 16.7813453674, 332.33782959, 1496.37866211, 129.86781311, 3.77854084969, 3.14042782784, 3.31556177139, 0.943671047688, 0.112000249326, 0.189468041062, 2.13016152382, 0.0111406305805, 0.000977005111054, 0.000271629774943, 4.2513544031e-05, 1.03949596451e-05, 3.85267730962e-06, 1.48782498854e-06, 4.74667302797e-07, 4.26879012139e-08, 2.14146194111e-08, 4.28693169852e-09, 8.73843913896e-11, 1.79127268574e-10, 8.18095702293e-10],
        "max": [0.128734484315, 4.10640192032, 14.1225547791, 13.7523183823, 33.3112297058, 83.2521743774, 286.284759521, 160.21446228, 683.082214355, 2049.6262207, 2869.20581055, 5048.59423828, 7094.79248047, 49973.5898438, 2385.20825195, 97.0878372192, 600.711242676, 1274.78466797, 422.980285645, 63.8789138794, 45.561088562, 46.7260475159, 33.9405250549, 37.7851028442, 17.3988285065, 45.2773323059, 2.90649461746, 1.15438461304, 0.866166293621, 0.369750738144, 0.188580870628, 0.113752163947, 0.0718116611242, 0.0407462082803, 0.0130476402119, 0.00809067673981, 0.00351719744503, 0.000584358640481, 0.000778126646765, 0.0015915640397],
        "mean": [0.00178571185097, 0.0329865068197, 0.119503349066, 0.425586402416, 1.81845617294, 3.6767988205, 12.213341713, 10.5230474472, 7.11020708084, 22.9024543762, 42.3166389465, 109.488761902, 64.0755386353, 116.442672729, 7.97991037369, 1.78704154491, 4.98393201828, 6.50603485107, 1.78298389912, 0.37266561389, 0.224591523409, 0.26214826107, 0.163586840034, 0.101416625082, 0.04644003883, 0.0687714219093, 0.00816798675805, 0.00206014886498, 0.000414481881307, 0.000253967096796, 9.18804144021e-05, 4.78243491671e-05, 2.93618359137e-05, 2.10041234823e-05, 1.43560027936e-05, 1.0143743566e-05, 5.70339034311e-06, 1.48654510213e-06, 6.7379464781e-06, 1.53928194777e-05],
        "median": [5.62651875953e-05, 0.000494819658343, 0.00419555231929, 0.046547036618, 0.650715649128, 1.10486638546, 2.45430135727, 3.18201494217, 1.97603714466, 6.11409711838, 2.45047903061, 2.8988275528, 1.17585289478, 0.819702684879, 0.811130225658, 0.3052534163, 0.155444473028, 0.128782197833, 0.0722931474447, 0.0185957495123, 0.00354637228884, 0.00127121398691, 0.00120142754167, 0.000402320438297, 0.000233888873481, 9.70888795564e-05, 2.81250740954e-05, 1.09914617497e-05, 7.95380856289e-06, 6.98151507095e-06, 5.35463141205e-06, 4.66082110506e-06, 4.19795105699e-06, 3.6956380427e-06, 3.04757736558e-06, 2.31065791922e-06, 1.34264337248e-06, 2.93986346378e-07, 1.5798465256e-06, 3.66753579328e-06],
        "min": [1.23519550239e-22, 5.6925086445e-22, 1.63524973808e-21, 9.34358986133e-21, 1.81569521032e-20, 2.52292865639e-20, 4.8210819673e-20, 9.83551934149e-20, 1.28190893714e-19, 2.60437764164e-19, 2.23778334337e-19, 4.17202526463e-19, 4.87499462695e-19, 7.34250903238e-19, 6.61148713206e-19, 1.04845359776e-18, 1.79526482501e-18, 1.72926025822e-18, 2.74952912418e-18, 3.92675664874e-18, 2.50191839807e-18, 4.6470076235e-18, 6.40569700337e-18, 6.92567100823e-18, 7.42270688111e-18, 7.98323672422e-18, 7.56683565822e-18, 1.09191985032e-17, 1.15100809117e-17, 1.02718841789e-17, 1.05603352934e-17, 7.75988720548e-18, 8.62404940886e-18, 8.52220941338e-18, 6.19163010547e-18, 4.11574053533e-18, 2.28244339333e-18, 1.02839405432e-18, 2.4480004393e-19, 2.49528224467e-20],
        "var": [4.0026181523e-05, 0.0218905881047, 0.310423433781, 1.03790903091, 10.4935388565, 44.2316627502, 778.094482422, 306.096557617, 612.375427246, 7912.43261719, 26828.6855469, 154173.5, 122708.460938, 1613243.25, 3741.93164062, 23.0399227142, 546.75567627, 2007.54736328, 138.737731934, 3.06695175171, 2.06842112541, 2.15665721893, 0.857686460018, 0.651964604855, 0.0958181768656, 0.671934008598, 0.00451343040913, 0.000429261330282, 8.01800197223e-05, 1.9238477762e-05, 5.58932833883e-06, 1.96964560928e-06, 6.91985349022e-07, 2.00924532123e-07, 2.43513156306e-08, 7.47785122712e-09, 1.45068734803e-09, 6.68144706228e-11, 4.47079845367e-10, 2.181357317e-09]
    },
    "gfcc": {
        "mean": [-343.377258301, 245.15020752, -90.4904556274, -86.9183959961, -46.5964355469, -34.7525177002, -30.3524551392, -17.7187366486, -17.674495697, -13.5071964264, -4.00863790512, -17.3377914429, -2.74729895592],
        "cov": [[18647.9101562, 3073.25170898, -3346.07348633, -79.457824707, 933.29284668, -795.593383789, 915.604797363, 661.536376953, 165.075775146, 55.1406364441, 172.195236206, -413.572753906, 111.914901733], [3073.25170898, 1818.8548584, 107.983604431, -620.520996094, -45.6191368103, -158.6769104, -251.711242676, -251.221603394, -105.506240845, -167.86491394, 12.2722129822, -119.783950806, -32.0181922913], [-3346.07348633, 107.983604431, 1533.4420166, -213.224822998, -413.33972168, 216.851577759, -358.399780273, -314.0597229, -31.8301849365, -85.5167160034, -27.5108699799, 131.564544678, -42.6066398621], [-79.457824707, -620.520996094, -213.224822998, 717.326416016, 228.851608276, -99.1720275879, 227.08921814, 223.048934937, 61.1978416443, 140.004714966, -8.04018592834, -99.0449676514, -128.8878479], [933.29284668, -45.6191368103, -413.33972168, 228.851608276, 402.876708984, 32.3718795776, 162.087692261, 171.33555603, 42.9580345154, 33.9149665833, 15.7331457138, -64.8163146973, -12.53855896], [-795.593383789, -158.6769104, 216.851577759, -99.1720275879, 32.3718795776, 338.307281494, 56.5198440552, -36.3574295044, -12.8017911911, -55.5946388245, -62.9788627625, 61.447052002, 84.7031173706], [915.604797363, -251.711242676, -358.399780273, 227.08921814, 162.087692261, 56.5198440552, 328.663604736, 206.398574829, 18.5633087158, 40.6301040649, -15.8597450256, -52.2628631592, 19.2208881378], [661.536376953, -251.221603394, -314.0597229, 223.048934937, 171.33555603, -36.3574295044, 206.398574829, 268.21673584, 102.478225708, 79.3068313599, 42.8547668457, -16.5685119629, -20.5081138611], [165.075775146, -105.506240845, -31.8301849365, 61.1978416443, 42.9580345154, -12.8017911911, 18.5633087158, 102.478225708, 135.826675415, 82.8383483887, 48.0218963623, 43.1085891724, 1.06074965], [55.1406364441, -167.86491394, -85.5167160034, 140.004714966, 33.9149665833, -55.5946388245, 40.6301040649, 79.3068313599, 82.8383483887, 139.802627563, 81.8859024048, 8.94484901428, -17.1831436157], [172.195236206, 12.2722129822, -27.5108699799, -8.04018592834, 15.7331457138, -62.9788627625, -15.8597450256, 42.8547668457, 48.0218963623, 81.8859024048, 134.056594849, 72.8681411743, -1.02274286747], [-413.572753906, -119.783950806, 131.564544678, -99.0449676514, -64.8163146973, 61.447052002, -52.2628631592, -16.5685119629, 43.1085891724, 8.94484901428, 72.8681411743, 183.570251465, 95.3134613037], [111.914901733, -32.0181922913, -42.6066398621, -128.8878479, -12.53855896, 84.7031173706, 19.2208881378, -20.5081138611, 1.06074965, -17.1831436157, -1.02274286747, 95.3134613037, 153.521560669]],
        "icov": [[0.000440197618445, -0.00119068031199, 0.000965510611422, -0.00103096675593, 0.00080392183736, -0.000191267943592, -0.00108461640775, 0.000495995976962, -0.00180819618981, 0.00142855162267, -0.0011845176341, 0.000298455881421, -0.000814368075226], [-0.00119068031199, 0.00487869791687, -0.0031291116029, 0.00444890977815, -0.00352816958912, 0.00225024018437, 0.00158305163495, 0.000870761170518, 0.00295777060091, -0.00149452651385, 0.00108611455653, 0.00160033092834, 0.00196650251746], [0.000965510611422, -0.0031291116029, 0.00440081348643, -0.0048428690061, 0.00504219112918, -0.0040662647225, 0.000214782077819, 0.00121846573893, -0.00584170594811, 0.00668286345899, -0.00655503338203, 0.0024680767674, -0.0021973149851], [-0.00103096675593, 0.00444890977815, -0.0048428690061, 0.0127748157829, -0.0100487032905, 0.00828385446221, -0.0035846545361, -0.00102902785875, 0.0110789630562, -0.0184799302369, 0.0194716732949, -0.0117760365829, 0.0112764164805], [0.00080392183736, -0.00352816958912, 0.00504219112918, -0.0100487032905, 0.0131676495075, -0.00924623105675, 0.00391478277743, -0.00181646377314, -0.00945267081261, 0.0161680635065, -0.0185560956597, 0.0126472264528, -0.00901538040489], [-0.000191267943592, 0.00225024018437, -0.0040662647225, 0.00828385446221, -0.00924623105675, 0.0131583129987, -0.00815500319004, 0.00373113132082, 0.00392610346898, -0.0103817023337, 0.0156014850363, -0.0106945922598, 0.00549377501011], [-0.00108461640775, 0.00158305163495, 0.000214782077819, -0.0035846545361, 0.00391478277743, -0.00815500319004, 0.0185952074826, -0.0133020859212, 0.00908255297691, -0.000444026227342, -0.00350388046354, 0.00684122461826, -0.00549813080579], [0.000495995976962, 0.000870761170518, 0.00121846573893, -0.00102902785875, -0.00181646377314, 0.00373113132082, -0.0133020859212, 0.0232173167169, -0.0195594821125, 0.0131592461839, -0.0112671637908, 0.00493043661118, 0.00032612963696], [-0.00180819618981, 0.00295777060091, -0.00584170594811, 0.0110789630562, -0.00945267081261, 0.00392610346898, 0.00908255297691, -0.0195594821125, 0.0424152836204, -0.0403377190232, 0.0347927361727, -0.0247333422303, 0.0137063451111], [0.00142855162267, -0.00149452651385, 0.00668286345899, -0.0184799302369, 0.0161680635065, -0.0103817023337, -0.000444026227342, 0.0131592461839, -0.0403377190232, 0.0656711682677, -0.0602663345635, 0.0403818450868, -0.0239945761859], [-0.0011845176341, 0.00108611455653, -0.00655503338203, 0.0194716732949, -0.0185560956597, 0.0156014850363, -0.00350388046354, -0.0112671637908, 0.0347927361727, -0.0602663345635, 0.072976231575, -0.0496885478497, 0.0287776198238], [0.000298455881421, 0.00160033092834, 0.0024680767674, -0.0117760365829, 0.0126472264528, -0.0106945922598, 0.00684122461826, 0.00493043661118, -0.0247333422303, 0.0403818450868, -0.0496885478497, 0.0472231768072, -0.0273084174842], [-0.000814368075226, 0.00196650251746, -0.0021973149851, 0.0112764164805, -0.00901538040489, 0.00549377501011, -0.00549813080579, 0.00032612963696, 0.0137063451111, -0.0239945761859, 0.0287776198238, -0.0273084174842, 0.0277049988508]]
    },
    "melbands": {
        "dmean": [2.18027162191e-05, 5.81520944252e-05, 3.90353125113e-05, 6.85457052896e-05, 7.90878839325e-05, 4.81614188175e-05, 2.77245871985e-05, 8.12682119431e-05, 0.000121320445032, 0.000175378736458, 0.000103913378553, 0.000200146911084, 6.8335521064e-06, 2.0197160211e-06, 2.03733043236e-06, 4.27486975241e-06, 5.14800831297e-06, 1.2803853906e-06, 2.6251206009e-07, 2.38807075448e-07, 1.54581243805e-07, 1.51988729158e-07, 2.06501724165e-07, 1.300004282e-08, 3.33798730878e-08, 2.01239220843e-08, 2.26053860075e-08, 3.93257231224e-08, 1.82954851269e-09, 2.97927083004e-09, 2.93038510124e-10, 1.78122711025e-10, 1.49678644479e-10, 1.00943316206e-10, 4.59443039169e-11, 4.16449583152e-11, 2.15303972567e-11, 1.78485767832e-11, 1.08305760194e-11, 1.13771596311e-11],
        "dmean2": [3.58251891157e-05, 9.92839995888e-05, 5.85532434343e-05, 0.00010348851356, 0.000113806825539, 6.8781497248e-05, 3.64734332834e-05, 0.000121727876831, 0.000150075298734, 0.000189070487977, 0.000119127988, 0.000223564071348, 1.06524357761e-05, 3.25456585415e-06, 3.05229150399e-06, 5.69985468246e-06, 6.77569551044e-06, 1.91737854038e-06, 3.80666818955e-07, 3.41657795389e-07, 2.31473251233e-07, 2.13855287257e-07, 2.71348966407e-07, 1.50922829789e-08, 3.20840172208e-08, 2.48066793773e-08, 3.31113731988e-08, 5.62386013314e-08, 2.62536858919e-09, 4.14516554414e-09, 4.96606089584e-10, 2.76837136548e-10, 2.32010660683e-10, 1.48493689567e-10, 7.21750090249e-11, 6.86298587405e-11, 3.68291508401e-11, 2.99661684355e-11, 2.02095683938e-11, 1.88806175555e-11],
        "dvar": [7.5097856822e-09, 7.55281419629e-08, 1.75132601754e-08, 6.38342783077e-08, 1.00417487658e-07, 2.88521828651e-08, 2.31335199885e-08, 3.47187750549e-07, 3.7757371274e-07, 7.89754039943e-07, 7.09549738076e-07, 8.54451354826e-06, 4.57642901353e-09, 5.66893164355e-11, 2.05525624297e-10, 1.50339263261e-09, 3.82068066074e-09, 2.20117007954e-10, 1.44388294723e-11, 3.10463785756e-12, 3.17460207427e-12, 2.57664571103e-12, 3.24507890177e-12, 1.80786985317e-14, 1.24138397587e-13, 4.0722799617e-14, 8.30248955523e-14, 3.79091072769e-13, 1.09566358705e-15, 9.16232786188e-16, 6.20041749327e-17, 2.98530740385e-17, 2.29221177597e-17, 2.73187088605e-18, 2.4322993622e-18, 8.44959670748e-19, 8.01658678536e-19, 5.1643775604e-19, 1.23672471316e-19, 1.55103085696e-19],
        "dvar2": [1.8116052658e-08, 2.02743592581e-07, 3.59259608729e-08, 1.33010772174e-07, 1.95248730961e-07, 5.90196016503e-08, 3.93693966316e-08, 8.4567381009e-07, 5.28154600943e-07, 1.0392986951e-06, 9.95370214696e-07, 1.25905817185e-05, 9.61771640107e-09, 1.40097156098e-10, 3.85592502372e-10, 2.88944712601e-09, 7.7728197212e-09, 5.04260411205e-10, 3.26073439083e-11, 6.49600599006e-12, 7.45159489668e-12, 6.06883120147e-12, 6.8280403033e-12, 2.32168359651e-14, 1.16230714831e-13, 9.51728184651e-14, 2.10123734276e-13, 9.78639586903e-13, 2.89228696027e-15, 1.9644883627e-15, 1.6939346044e-16, 7.73129454955e-17, 5.97445491097e-17, 5.11097446986e-18, 5.20287671745e-18, 1.80690801252e-18, 1.71171234531e-18, 1.14085225712e-18, 2.44256767213e-19, 3.64054853788e-19],
        "max": [0.00260139512829, 0.00692401779816, 0.00272435112856, 0.00525899231434, 0.00805052369833, 0.00352995633148, 0.0104053299874, 0.0253005940467, 0.0214512888342, 0.0271578431129, 0.0397534072399, 0.220783799887, 0.00416324194521, 0.000193010462681, 0.000996232032776, 0.00188931135926, 0.00293459347449, 0.000609337119386, 0.000328454421833, 9.51269757934e-05, 8.18594999146e-05, 7.6101765444e-05, 9.25952845137e-05, 1.15031880341e-05, 3.96944014938e-05, 1.29796999317e-05, 1.35015579872e-05, 3.06041147269e-05, 2.52559834735e-06, 1.83389317954e-06, 6.49681624054e-07, 4.70369741379e-07, 4.08916235983e-07, 1.17143528655e-07, 1.36088132763e-07, 6.87147476697e-08, 7.69445875903e-08, 6.21047107074e-08, 2.77995422238e-08, 3.46323716371e-08],
        "mean": [2.5259625545e-05, 5.55064871151e-05, 0.000119208852993, 0.000184824733878, 0.000372325943317, 0.00023850184516, 0.000116198556498, 0.000258107378613, 0.000437245762441, 0.0006194798043, 0.000305061985273, 0.000507651478983, 1.60527397384e-05, 5.05092521053e-06, 5.46870205653e-06, 1.1155854736e-05, 1.31406759465e-05, 3.19274545291e-06, 6.43307998871e-07, 4.23497141355e-07, 2.43074651962e-07, 2.39937435254e-07, 3.84772675943e-07, 3.2749884582e-08, 9.3441698823e-08, 3.90381238446e-08, 2.64082125057e-08, 4.80149111581e-08, 2.52917353727e-09, 3.39342753897e-09, 2.94309798754e-10, 2.13006765004e-10, 1.53730098096e-10, 1.24373567001e-10, 4.49919788925e-11, 3.69528747879e-11, 1.85938521524e-11, 1.51474405935e-11, 1.01464895513e-11, 9.48959834324e-12],
        "median": [4.39812367858e-07, 6.8908866524e-07, 1.67228463397e-05, 7.13237968739e-05, 0.000115163900773, 7.8738477896e-05, 3.34419310093e-05, 5.66854178032e-05, 1.749132025e-05, 1.39653175211e-05, 2.85015403279e-06, 1.95745360543e-06, 1.91497019841e-06, 5.07665220084e-07, 3.89545789403e-07, 1.58303109288e-07, 9.10930708642e-08, 7.36492964393e-08, 2.84179613175e-08, 5.16525888727e-09, 1.82582671204e-09, 6.42013553431e-10, 1.39135247768e-09, 2.46240000612e-10, 2.31516333882e-10, 1.59467369865e-10, 8.96438270837e-11, 3.43181247309e-11, 7.77143453756e-12, 6.81273093495e-12, 3.28275037362e-12, 3.09662213406e-12, 2.74814264227e-12, 2.37212528266e-12, 1.63669436077e-12, 1.42485079725e-12, 1.28089758852e-12, 1.18001452793e-12, 1.10959136844e-12, 1.04291835584e-12],
        "min": [1.36232915812e-24, 1.06996961525e-24, 2.96417285593e-24, 1.01519397361e-24, 1.40102465907e-24, 2.40718656975e-24, 1.97983300726e-24, 2.48494537803e-24, 1.78611243476e-24, 3.06408524502e-24, 1.72642327437e-24, 2.55337590612e-24, 1.60246808122e-24, 3.21247313674e-24, 2.24183540756e-24, 4.1299507128e-24, 2.57197961285e-24, 3.49376555275e-24, 3.55516101928e-24, 3.85987629329e-24, 2.40807285497e-24, 4.24829365365e-24, 4.73034643688e-24, 4.770388622e-24, 3.8185533925e-24, 4.00847086657e-24, 4.95040549728e-24, 4.38306896159e-24, 3.66646850415e-24, 5.34712956297e-24, 4.89462987584e-24, 4.75185236288e-24, 6.18596756755e-24, 5.15162340382e-24, 5.32927803512e-24, 5.39895575229e-24, 3.66456103848e-24, 5.74779241116e-24, 6.60513433157e-24, 6.68248174889e-24],
        "var": [1.01310382306e-08, 6.86424712626e-08, 7.27466513695e-08, 1.24132412793e-07, 5.9724015955e-07, 1.50565185209e-07, 1.67664666151e-07, 9.84330426945e-07, 2.41329030359e-06, 4.90074171466e-06, 3.28690362039e-06, 3.16653422487e-05, 1.03307966626e-08, 1.59338903183e-10, 6.70026090166e-10, 4.26661994624e-09, 1.04169108894e-08, 4.7416914839e-10, 3.51733676907e-11, 5.55796771454e-12, 4.19625488871e-12, 3.3067084227e-12, 6.04913818689e-12, 1.02293207813e-13, 6.86550046414e-13, 5.70524665922e-14, 7.27690748371e-14, 3.18849439039e-13, 1.22490694464e-15, 1.1698055456e-15, 4.59653711571e-17, 2.39774827617e-17, 1.73532351279e-17, 3.55052057815e-18, 2.42807019453e-18, 8.33379762557e-19, 7.60332476639e-19, 4.66128682883e-19, 1.2773430294e-19, 1.3327062278e-19]
    },
    "mfcc": {
        "mean": [-918.85736084, 208.445007324, 42.4583854675, -27.3365345001, -29.4735927582, -20.6104869843, -15.7339229584, -18.8360023499, -15.7206668854, -6.19410800934, -5.6578783989, -8.85662841797, -7.83914089203],
        "cov": [[4814.12597656, 2882.67626953, -1186.59289551, -252.00491333, 409.681549072, 58.6725502014, 269.52331543, 229.28678894, 292.979003906, 542.423339844, 320.157562256, 126.253471375, 37.1760368347], [2882.67626953, 2188.41479492, -230.125427246, -340.324432373, 88.5218887329, 105.703720093, 110.314590454, 52.2442092896, 103.224487305, 209.436096191, 99.2035369873, -0.150116920471, 0.301283121109], [-1186.59289551, -230.125427246, 938.321899414, 64.3900527954, -258.084442139, -9.34194374084, -142.090667725, -169.597305298, -187.818634033, -290.752288818, -179.83744812, -59.9559936523, 3.21347784996], [-252.00491333, -340.324432373, 64.3900527954, 458.032226562, 151.889938354, -145.974472046, -49.3063964844, -7.40789747238, -50.6036949158, -22.8347454071, 59.1592521667, 154.056930542, 100.359138489], [409.681549072, 88.5218887329, -258.084442139, 151.889938354, 264.148773193, 49.3235282898, 36.1989440918, 64.0590286255, 70.090713501, 112.748672485, 108.424583435, 86.0290985107, 42.4486045837], [58.6725502014, 105.703720093, -9.34194374084, -145.974472046, 49.3235282898, 229.178497314, 116.914924622, 41.8230056763, 77.586151123, 59.1354522705, -18.0449943542, -102.22731781, -89.9122238159], [269.52331543, 110.314590454, -142.090667725, -49.3063964844, 36.1989440918, 116.914924622, 174.421554565, 113.58139801, 89.8902664185, 96.1473846436, 19.6708087921, -54.8912506104, -67.8203048706], [229.28678894, 52.2442092896, -169.597305298, -7.40789747238, 64.0590286255, 41.8230056763, 113.58139801, 152.97517395, 121.640510559, 80.12840271, 29.6990852356, -5.98220348358, -16.1299266815], [292.979003906, 103.224487305, -187.818634033, -50.6036949158, 70.090713501, 77.586151123, 89.8902664185, 121.640510559, 162.359283447, 127.034332275, 20.6904830933, -44.4967536926, -42.304851532], [542.423339844, 209.436096191, -290.752288818, -22.8347454071, 112.748672485, 59.1354522705, 96.1473846436, 80.12840271, 127.034332275, 209.918792725, 121.454650879, 1.94537758827, -47.8527908325], [320.157562256, 99.2035369873, -179.83744812, 59.1592521667, 108.424583435, -18.0449943542, 19.6708087921, 29.6990852356, 20.6904830933, 121.454650879, 192.613510132, 158.293502808, 43.8443527222], [126.253471375, -0.150116920471, -59.9559936523, 154.056930542, 86.0290985107, -102.22731781, -54.8912506104, -5.98220348358, -44.4967536926, 1.94537758827, 158.293502808, 285.07208252, 198.019058228], [37.1760368347, 0.301283121109, 3.21347784996, 100.359138489, 42.4486045837, -89.9122238159, -67.8203048706, -16.1299266815, -42.304851532, -47.8527908325, 43.8443527222, 198.019058228, 239.283706665]],
