{
"lowlevel": {
    "average_loudness": 0.886323332787,
    "barkbands_crest": {
        "dmean": 3.57694625854,
        "dmean2": 5.48555517197,
        "dvar": 10.9453296661,
        "dvar2": 24.6826782227,
        "max": 26.5394096375,
        "mean": 14.8145856857,
        "median": 15.2038297653,
        "min": 2.20806765556,
        "var": 43.054901123
    },
    "barkbands_flatness_db": {
        "dmean": 0.0395961925387,
        "dmean2": 0.0559572279453,
        "dvar": 0.0013244553702,
        "dvar2": 0.00281200464815,
        "max": 0.42821586132,
        "mean": 0.145942986012,
        "median": 0.130110919476,
        "min": 0.0171644221991,
        "var": 0.00590249150991
    },
    "barkbands_kurtosis": {
        "dmean": 21.0672130585,
        "dmean2": 33.7257728577,
        "dvar": 3326.4675293,
        "dvar2": 8939.69433594,
        "max": 1068.1685791,
        "mean": 24.7446517944,
        "median": 6.61297798157,
        "min": -1.91540515423,
        "var": 3451.4934082
    },
    "barkbands_skewness": {
        "dmean": 1.51220118999,
        "dmean2": 2.18599915504,
        "dvar": 4.32476949692,
        "dvar2": 10.5786809921,
        "max": 28.356004715,
        "mean": 3.37752056122,
        "median": 2.65928721428,
        "min": -5.63759803772,
        "var": 11.154794693
    },
    "barkbands_spread": {
        "dmean": 11.7580509186,
        "dmean2": 18.0194206238,
        "dvar": 165.978393555,
        "dvar2": 374.207580566,
        "max": 123.154266357,
        "mean": 29.9413051605,
        "median": 25.722278595,
        "min": 0.23235231638,
        "var": 499.210784912
    },
    "dissonance": {
        "dmean": 0.0149291362613,
        "dmean2": 0.0254401229322,
        "dvar": 0.000327522982843,
        "dvar2": 0.000912311894353,
        "max": 0.500000059605,
        "mean": 0.475744307041,
        "median": 0.480597287416,
        "min": 0.0406701862812,
        "var": 0.000400613353122
    },
    "dynamic_complexity": 2.22433209419,
    "erbbands_crest": {
        "dmean": 2.6541454792,
        "dmean2": 4.33649778366,
        "dvar": 6.94050788879,
        "dvar2": 17.023809433,
        "max": 26.4729003906,
        "mean": 6.98053359985,
        "median": 5.9785118103,
        "min": 1.77553653717,
        "var": 13.7109727859
    },
    "erbbands_flatness_db": {
        "dmean": 0.0196819007397,
        "dmean2": 0.0304200425744,
        "dvar": 0.000479100272059,
        "dvar2": 0.00111353816465,
        "max": 0.315855205059,
        "mean": 0.0888761803508,
        "median": 0.083493500948,
        "min": 0.0268135368824,
        "var": 0.0013277271064
    },
    "erbbands_kurtosis": {
        "dmean": 0.951166510582,
        "dmean2": 1.58682072163,
        "dvar": 2.42324495316,
        "dvar2": 6.07301139832,
        "max": 16.1180553436,
        "mean": -0.211127832532,
        "median": -0.763500928879,
        "min": -1.89657688141,
        "var": 2.93001484871
    },
    "erbbands_skewness": {
        "dmean": 0.426809489727,
        "dmean2": 0.677265107632,
        "dvar": 0.21832883358,
        "dvar2": 0.513794004917,
        "max": 4.02085399628,
        "mean": 0.128840267658,
        "median": 0.0680765509605,
        "min": -3.05735611916,
        "var": 0.500559151173
    },
    "erbbands_spread": {
        "dmean": 18.0545578003,
        "dmean2": 27.166103363,
        "dvar": 311.953063965,
        "dvar2": 680.334655762,
        "max": 206.062332153,
        "mean": 72.9242782593,
        "median": 71.8049621582,
        "min": 5.12413406372,
        "var": 844.638122559
    },
    "hfc": {
        "dmean": 27.7988414764,
        "dmean2": 41.8501091003,
        "dvar": 1977.52819824,
        "dvar2": 4863.00878906,
        "max": 898.98248291,
        "mean": 53.9334907532,
        "median": 37.4142456055,
        "min": 1.1727856722e-16,
        "var": 3153.60302734
    },
    "melbands_crest": {
        "dmean": 4.89659500122,
        "dmean2": 7.60662269592,
        "dvar": 20.6090240479,
        "dvar2": 51.1279563904,
        "max": 39.0310440063,
        "mean": 20.2713432312,
        "median": 20.6308517456,
        "min": 2.32767415047,
        "var": 55.2119865417
    },
    "melbands_flatness_db": {
        "dmean": 0.0488567575812,
        "dmean2": 0.0664512142539,
        "dvar": 0.00177602679469,
        "dvar2": 0.00369809824042,
        "max": 0.557652175426,
        "mean": 0.230719730258,
        "median": 0.226980522275,
        "min": 0.00872033648193,
        "var": 0.00991267152131
    },
    "melbands_kurtosis": {
        "dmean": 53.5040512085,
        "dmean2": 79.9634246826,
        "dvar": 9316.45507812,
        "dvar2": 22559.8925781,
        "max": 1262.47497559,
        "mean": 90.145614624,
        "median": 41.4108352661,
        "min": -1.77625966072,
        "var": 18821.0917969
    },
    "melbands_skewness": {
        "dmean": 2.13245105743,
        "dmean2": 3.00571346283,
        "dvar": 5.34010267258,
        "dvar2": 11.6847867966,
        "max": 26.7231483459,
        "mean": 6.53861522675,
        "median": 5.78726196289,
        "min": -3.96127223969,
        "var": 20.7452754974
    },
    "melbands_spread": {
        "dmean": 11.2565593719,
        "dmean2": 16.993434906,
        "dvar": 377.823272705,
        "dvar2": 906.541503906,
        "max": 273.452697754,
        "mean": 20.7326946259,
        "median": 10.7508850098,
        "min": 0.258684098721,
        "var": 744.453430176
    },
    "pitch_salience": {
        "dmean": 0.107911095023,
        "dmean2": 0.158847123384,
        "dvar": 0.0138549786061,
        "dvar2": 0.0276983138174,
        "max": 0.953849077225,
        "mean": 0.409674584866,
        "median": 0.412254333496,
        "min": 0.0282955933362,
        "var": 0.0480227656662
    },
    "silence_rate_20dB": {
        "dmean": 0.00302714970894,
        "dmean2": 0.00605487218127,
        "dvar": 0.00301832845435,
        "dvar2": 0.00696558738127,
        "max": 1,
        "mean": 0.994892179966,
        "median": 1,
        "min": 0,
        "var": 0.00508227385581
    },
    "silence_rate_30dB": {
        "dmean": 0.101220317185,
        "dmean2": 0.202459797263,
        "dvar": 0.0909794718027,
        "dvar2": 0.178138583899,
        "max": 1,
        "mean": 0.654653787613,
        "median": 1,
        "min": 0,
        "var": 0.226089507341
    },
    "silence_rate_60dB": {
        "dmean": 0.0223252288997,
        "dmean2": 0.0445600748062,
        "dvar": 0.0218282435089,
        "dvar2": 0.0556358546019,
        "max": 1,
        "mean": 0.0255391597748,
        "median": 0,
        "min": 0,
        "var": 0.0248878151178
    },
    "spectral_centroid": {
        "dmean": 417.528289795,
        "dmean2": 606.351867676,
        "dvar": 196687.46875,
        "dvar2": 405811.0625,
        "max": 10903.7792969,
        "mean": 1454.06665039,
        "median": 1362.92163086,
        "min": 128.980773926,
        "var": 656622.875
    },
    "spectral_complexity": {
        "dmean": 6.39561080933,
        "dmean2": 9.47228050232,
        "dvar": 34.8608894348,
        "dvar2": 74.2342453003,
        "max": 61,
        "mean": 18.300321579,
        "median": 18,
        "min": 0,
        "var": 81.9987487793
    },
    "spectral_decrease": {
        "dmean": 7.31926830255e-09,
        "dmean2": 9.5965067004e-09,
        "dvar": 8.85756845148e-17,
        "dvar2": 1.67816457146e-16,
        "max": 5.41250351543e-29,
        "mean": -2.30635297527e-08,
        "median": -1.57728656802e-08,
        "min": -1.51318204189e-07,
        "var": 4.86011146811e-16
    },
    "spectral_energy": {
        "dmean": 0.0288758147508,
        "dmean2": 0.0382220745087,
        "dvar": 0.0013122492237,
        "dvar2": 0.00248892907985,
        "max": 0.574777066708,
        "mean": 0.0919391438365,
        "median": 0.0645541697741,
        "min": 1.04332355285e-20,
        "var": 0.00712590338662
    },
    "spectral_energyband_high": {
        "dmean": 0.00215206365101,
        "dmean2": 0.0032456300687,
        "dvar": 1.56828427862e-05,
        "dvar2": 3.72179638362e-05,
        "max": 0.0949388518929,
        "mean": 0.00385852484033,
        "median": 0.00231243460439,
        "min": 7.6676589324e-21,
        "var": 2.63465208263e-05
    },
    "spectral_energyband_low": {
        "dmean": 0.0255449563265,
        "dmean2": 0.0327954925597,
        "dvar": 0.00135770975612,
        "dvar2": 0.00248867482878,
        "max": 0.56705480814,
        "mean": 0.0747584551573,
        "median": 0.0415377616882,
        "min": 8.20174454864e-23,
        "var": 0.00717626325786
    },
    "spectral_energyband_middle_high": {
        "dmean": 0.00378448306583,
        "dmean2": 0.00629019038752,
        "dvar": 3.77421602025e-05,
        "dvar2": 0.000102905803942,
        "max": 0.0755380168557,
        "mean": 0.00475550116971,
        "median": 0.00297560216859,
        "min": 1.28162830965e-21,
        "var": 3.43472238455e-05
    },
    "spectral_energyband_middle_low": {
        "dmean": 0.00849752221256,
        "dmean2": 0.0122421002015,
        "dvar": 0.000167181759025,
        "dvar2": 0.000293920340482,
        "max": 0.216572105885,
        "mean": 0.0114785637707,
        "median": 0.00609494093806,
        "min": 3.48597103903e-22,
        "var": 0.00024384263088
    },
    "spectral_entropy": {
        "dmean": 0.213656723499,
        "dmean2": 0.320682018995,
        "dvar": 0.054737046361,
        "dvar2": 0.122331857681,
        "max": 9.7934217453,
        "mean": 8.00511741638,
        "median": 8.07048130035,
        "min": 5.91989660263,
        "var": 0.172177910805
    },
    "spectral_flux": {
        "dmean": 0.0503389872611,
        "dmean2": 0.079165905714,
        "dvar": 0.00271507329307,
        "dvar2": 0.00687726680189,
        "max": 0.638511717319,
        "mean": 0.149675920606,
        "median": 0.139351129532,
        "min": 1.02143210556e-10,
        "var": 0.00674609933048
    },
    "spectral_kurtosis": {
        "dmean": 1.03428781033,
        "dmean2": 1.6629704237,
        "dvar": 2.18687796593,
        "dvar2": 5.43508958817,
        "max": 23.989818573,
        "mean": 2.31256103516,
        "median": 1.92899179459,
        "min": -1.24812591076,
        "var": 3.66053724289
    },
    "spectral_rms": {
        "dmean": 0.00163284572773,
        "dmean2": 0.00213775853626,
        "dvar": 2.90195566777e-06,
        "dvar2": 5.10790050612e-06,
        "max": 0.0236803311855,
        "mean": 0.00840475782752,
        "median": 0.0079359728843,
        "min": 3.19041776504e-12,
        "var": 1.90567134268e-05
    },
    "spectral_rolloff": {
        "dmean": 1211.75891113,
        "dmean2": 1946.62219238,
        "dvar": 4670849,
        "dvar2": 9525083,
        "max": 19013.8183594,
        "mean": 2130.75244141,
        "median": 344.53125,
        "min": 21.533203125,
        "var": 11835794
    },
    "spectral_skewness": {
        "dmean": 0.215264797211,
        "dmean2": 0.339749664068,
        "dvar": 0.0616688728333,
        "dvar2": 0.144085869193,
        "max": 4.09491300583,
        "mean": 1.32574236393,
        "median": 1.29915094376,
        "min": 0.0236860010773,
        "var": 0.137570366263
    },
    "spectral_spread": {
        "dmean": 1131436.25,
        "dmean2": 1733172.375,
        "dvar": 1.47344392192e+12,
        "dvar2": 2.91202347827e+12,
        "max": 43125052,
        "mean": 8244141.5,
        "median": 8063657,
        "min": 2294786.5,
        "var": 5.22662497485e+12
    },
    "spectral_strongpeak": {
        "dmean": 0.385929942131,
        "dmean2": 0.64448839426,
        "dvar": 0.559399247169,
        "dvar2": 1.35245537758,
        "max": 23.7559833527,
        "mean": 0.822783648968,
        "median": 0.631217598915,
        "min": 0,
        "var": 0.877254068851
    },
    "zerocrossingrate": {
        "dmean": 0.0266376342624,
        "dmean2": 0.0288766846061,
        "dvar": 0.000873224111274,
        "dvar2": 0.00107555999421,
        "max": 0.51953125,
        "mean": 0.0913248062134,
        "median": 0.0673828125,
        "min": 0.00244140625,
        "var": 0.00695570930839
    },
    "barkbands": {
        "dmean": [0.00224280380644, 0.0225138682872, 0.00966089777648, 0.00464860955253, 0.00383628392592, 0.00105652189814, 0.000714127789252, 0.000720646057744, 0.000707539031282, 0.00106934423093, 0.000764695752878, 0.000762265990488, 0.000615523487795, 0.000418499112129, 0.000297624035738, 0.000257968989899, 0.000323191517964, 0.000175223322003, 0.000201269751415, 0.000178693677299, 0.00021557326545, 0.000252124620602, 0.00032022211235, 0.000341744947946, 0.000537007872481, 0.000468612794066, 0.000239209330175],
        "dmean2": [0.00321222119965, 0.0293101798743, 0.0123554617167, 0.00751425325871, 0.00659333728254, 0.00186617439613, 0.00121693522669, 0.00123275991064, 0.00122057553381, 0.00189740606584, 0.00136545323767, 0.00137236912269, 0.00108450721018, 0.000685755629092, 0.00050293316599, 0.000415773858549, 0.000540558830835, 0.0002857647778, 0.000322987616528, 0.00027805409627, 0.00033387017902, 0.000394112576032, 0.000507527031004, 0.000528881384525, 0.000829599506687, 0.000765241158661, 0.000390678731492],
        "dvar": [2.15255204239e-05, 0.00136388232931, 0.000358435412636, 0.000158584094606, 5.25083924003e-05, 3.67343818652e-06, 2.04746584131e-06, 2.08682695302e-06, 2.18693730858e-06, 5.45438524568e-06, 3.25197129314e-06, 2.95824906971e-06, 1.5021495301e-06, 4.64836688252e-07, 3.65118921763e-07, 2.26260425507e-07, 3.84558433097e-07, 1.16788676507e-07, 9.76251257612e-08, 9.03586112599e-08, 1.18248308922e-07, 2.34422856238e-07, 4.92047774969e-07, 5.40964265383e-07, 1.08663095943e-06, 9.67071741798e-07, 1.9543342944e-07],
        "dvar2": [4.25143443863e-05, 0.00215083220974, 0.000540774490219, 0.000376935466193, 0.000139127820148, 1.04433920569e-05, 5.65878372072e-06, 5.88469856666e-06, 6.08010850556e-06, 1.49170027726e-05, 8.94093045645e-06, 8.28803149489e-06, 4.28251087214e-06, 1.17628360385e-06, 9.76769570116e-07, 5.24439485616e-07, 8.71141423886e-07, 2.9423611636e-07, 2.29818994057e-07, 2.16358486682e-07, 2.81045487327e-07, 5.29035901309e-07, 1.20220920508e-06, 1.16320882171e-06, 2.44668831328e-06, 2.52333757089e-06, 4.95762776609e-07],
        "max": [0.0585301890969, 0.536222696304, 0.340595722198, 0.202372580767, 0.154874205589, 0.0295369587839, 0.0251442138106, 0.0126986987889, 0.0217168368399, 0.0355964675546, 0.0233057364821, 0.0242843590677, 0.0199524555355, 0.00885829608887, 0.0213243979961, 0.0104568451643, 0.0117778116837, 0.00876498781145, 0.00495386775583, 0.00974761229008, 0.00654986361042, 0.0131592052057, 0.0239705946296, 0.020452009514, 0.025314476341, 0.013453187421, 0.00712708057836],
        "mean": [0.00334310042672, 0.0560730472207, 0.0126622384414, 0.00425641192123, 0.00375808868557, 0.00106421695091, 0.000727027829271, 0.000687779975124, 0.000636868644506, 0.000882254273165, 0.000639554753434, 0.000649334921036, 0.000606488552876, 0.000464698649012, 0.000343577296007, 0.000324307504343, 0.000355905096512, 0.000216183922021, 0.000267452938715, 0.000254316430073, 0.000300572195556, 0.000447798229288, 0.000489080324769, 0.000562666915357, 0.000881673709955, 0.000687505118549, 0.000356708769687],
        "median": [9.96743619908e-05, 0.0189149901271, 0.00300527596846, 0.000783960393164, 0.00139556452632, 0.000472514337162, 0.000309016671963, 0.000251888879575, 0.000189006474102, 0.000243074144237, 0.00019659238751, 0.000211539882002, 0.000235516723478, 0.00019505538512, 0.000165694917087, 0.000155013520271, 0.000148136445205, 0.000124854108435, 0.000164938915987, 0.0001518541103, 0.000184266857104, 0.000270324380836, 0.000291726668365, 0.000316097692121, 0.000350851274561, 0.000263850437477, 0.000165338104125],
        "min": [8.76187255226e-24, 6.47416504084e-23, 1.47629875272e-23, 9.38288042293e-24, 2.11340443456e-23, 4.13789162334e-23, 1.03235355213e-22, 3.66014736171e-23, 1.23105316222e-22, 1.16794845499e-22, 9.02711078111e-23, 3.95314355478e-23, 3.42900259679e-23, 1.31148478903e-22, 1.32580898845e-22, 1.20623496705e-22, 9.64549695145e-23, 1.3052131555e-22, 3.05883958821e-22, 3.89047644447e-22, 5.62939219901e-22, 4.07806681042e-22, 6.77583554842e-22, 6.7027251819e-22, 9.9254373072e-22, 1.81564791401e-21, 2.45468876001e-21],
        "var": [4.61358104076e-05, 0.00605253921822, 0.00066753703868, 0.000137091148645, 4.31433036283e-05, 2.7093301469e-06, 1.70553266798e-06, 1.51604422172e-06, 1.58848274623e-06, 3.94147082261e-06, 2.19884122998e-06, 1.98370480575e-06, 1.15522675515e-06, 5.02371904076e-07, 3.8090780663e-07, 2.90513412438e-07, 4.92500873861e-07, 1.15716225935e-07, 1.26382559529e-07, 1.34996312795e-07, 1.73155882521e-07, 4.95169103942e-07, 6.53982965559e-07, 8.75958505731e-07, 2.06241520573e-06, 1.16837190944e-06, 2.61647187472e-07]
    },
    "erbbands": {
        "dmean": [0.97557836771, 5.08246612549, 10.4125137329, 12.8683023453, 10.6347494125, 16.1026191711, 10.2031431198, 8.01087093353, 9.87356758118, 13.5203990936, 14.652551651, 16.4459476471, 27.6242580414, 36.5511817932, 27.6690483093, 30.9494609833, 28.4461669922, 21.9236602783, 15.7486934662, 13.074464798, 15.1592340469, 15.8153953552, 11.1219978333, 9.95709705353, 9.37085819244, 8.31210231781, 9.25444889069, 8.23692131042, 9.24333286285, 8.65937995911, 9.68686008453, 7.14520645142, 6.09622859955, 5.98414325714, 3.80887269974, 2.05565476418, 0.855325460434, 0.236057236791, 0.04178853333, 0.00260602985509],
        "dmean2": [1.16581249237, 6.12949085236, 12.4317264557, 17.5086174011, 17.8635978699, 27.7454319, 17.4778137207, 14.1280345917, 16.6723003387, 23.1041870117, 25.2382011414, 28.4487075806, 48.4646263123, 65.8619232178, 48.445022583, 56.0607681274, 50.0613059998, 36.2522964478, 26.3118171692, 21.8273868561, 24.7110061646, 25.8769607544, 17.9964351654, 16.1522254944, 14.7478656769, 12.9504261017, 14.3744401932, 12.912730217, 14.5192584991, 13.880399704, 15.2644853592, 11.1976470947, 9.42024898529, 9.53157424927, 5.92760133743, 3.42183661461, 1.38770222664, 0.369730710983, 0.0681846737862, 0.00446247169748],
        "dvar": [3.183116436, 58.1554832458, 339.48815918, 779.960144043, 637.360961914, 1019.45568848, 320.352935791, 230.043777466, 330.792907715, 791.471008301, 919.6953125, 1168.4654541, 3497.7734375, 9755.61328125, 2985.68652344, 5121.9765625, 3209.20898438, 1232.3248291, 1305.06787109, 410.414428711, 685.86315918, 1031.9152832, 339.194915771, 294.115783691, 242.599334717, 204.472396851, 251.010147095, 193.370407104, 301.719268799, 330.803131104, 468.315093994, 259.089782715, 155.006057739, 126.339805603, 62.2001838684, 20.0224056244, 3.08632493019, 0.166353970766, 0.00645016459748, 2.39527362282e-05],
        "dvar2": [5.57482290268, 87.3859024048, 493.195800781, 1447.09521484, 1652.42163086, 2670.99804688, 885.953430176, 655.679748535, 921.705871582, 2163.49682617, 2575.9987793, 3254.98461914, 9761.30566406, 26098.0957031, 7988.35791016, 14370.3720703, 9050.60546875, 3138.5144043, 3638.87426758, 1042.19348145, 1595.59484863, 2218.16748047, 821.695617676, 728.555541992, 573.215026855, 500.568450928, 609.546386719, 495.035675049, 714.86907959, 827.565551758, 1116.03723145, 547.454406738, 332.68737793, 302.057983398, 137.852630615, 51.4316635132, 7.94564723969, 0.405852109194, 0.016269762069, 6.30445720162e-05],
        "max": [23.1897277832, 120.972625732, 330.843811035, 538.225158691, 349.250213623, 804.924804688, 241.343292236, 230.598434448, 265.26461792, 465.959350586, 331.01763916, 660.709899902, 1045.8137207, 1888.08288574, 904.621765137, 920.864868164, 947.444396973, 437.940246582, 1320.57177734, 552.212768555, 625.305419922, 812.741333008, 393.11505127, 357.719177246, 272.374206543, 366.418945312, 324.409210205, 246.179733276, 460.089935303, 684.659973145, 818.435119629, 502.195465088, 343.590454102, 210.598007202, 215.946716309, 72.9539260864, 23.9681739807, 6.32448577881, 1.24638330936, 0.0776652917266],
        "mean": [1.75862240791, 11.8437166214, 16.5203151703, 16.2642936707, 9.74672412872, 14.9106006622, 11.594086647, 8.08080196381, 10.4502563477, 13.5913515091, 13.3287267685, 15.0980405807, 24.1553173065, 28.0086231232, 25.691028595, 26.7929191589, 28.599395752, 25.5714530945, 19.0651378632, 16.724395752, 19.0002918243, 18.2968444824, 13.9184398651, 13.1013278961, 12.9646606445, 11.6513223648, 13.16472435, 12.0028600693, 16.3211956024, 12.5977668762, 15.6651697159, 11.9413070679, 9.60473823547, 9.28239345551, 6.48140954971, 3.01148200035, 1.27498102188, 0.337091684341, 0.0614475607872, 0.00381992361508],
        "median": [0.401662766933, 4.53111076355, 5.80348300934, 4.32901668549, 2.68443536758, 4.52679824829, 5.62440729141, 3.94089031219, 5.0754532814, 5.967918396, 5.17165851593, 5.04452800751, 7.78901290894, 6.56928730011, 9.12754154205, 9.2532119751, 11.6739807129, 11.8542251587, 9.44207382202, 9.54654026031, 9.47486305237, 8.44966220856, 8.12402057648, 7.94540596008, 7.96874761581, 7.00942230225, 8.01810455322, 7.99432373047, 9.16111755371, 7.6653752327, 8.64112472534, 6.7551484108, 5.10412788391, 3.88791656494, 2.4395635128, 1.07451295853, 0.460037410259, 0.138201296329, 0.0263737142086, 0.0019141510129],
        "min": [1.81871551008e-21, 1.46609944133e-20, 2.1406713701e-20, 1.68546353926e-20, 4.93179201436e-20, 8.14827445586e-20, 1.15065954311e-19, 5.19754905392e-19, 1.56884522543e-18, 8.09553135206e-19, 1.17987688066e-18, 3.16008223004e-18, 3.06377731363e-18, 4.39529325438e-18, 2.88751525806e-18, 1.48614515535e-18, 1.59269956333e-18, 5.26670155993e-18, 6.94484464123e-18, 6.96078027573e-18, 5.99148258932e-18, 5.31385581793e-18, 6.44625449598e-18, 1.37702022158e-17, 1.32872288269e-17, 1.7489701731e-17, 2.42055893962e-17, 2.02219884821e-17, 1.4484973119e-17, 2.21525651661e-17, 1.7276110462e-17, 8.93524385429e-18, 1.47991115002e-17, 1.24290396948e-17, 5.57708164604e-18, 6.34016816883e-18, 3.37235662756e-18, 1.49145131219e-18, 3.32444353474e-19, 3.509644621e-20],
        "var": [9.04811859131, 261.386199951, 822.442382812, 1136.11096191, 486.970336914, 872.106384277, 278.930053711, 160.469909668, 256.761322021, 656.277648926, 630.167541504, 835.344238281, 2514.82739258, 6917.22070312, 2321.30957031, 3396.33813477, 2494.58569336, 1340.52441406, 1237.94384766, 519.08416748, 868.133483887, 1411.28125, 392.459136963, 338.614929199, 326.884033203, 287.689025879, 377.428771973, 242.181137085, 619.316894531, 396.680725098, 687.958129883, 416.060546875, 269.584625244, 218.312286377, 115.024757385, 25.7372684479, 3.98284459114, 0.233173459768, 0.00861729495227, 2.86954273179e-05]
    },
    "gfcc": {
        "mean": [51.2434921265, 32.2211914062, -67.7537765503, 27.4253120422, -40.3959999084, 24.3463668823, -28.01130867, 7.9731926918, -19.211763382, 4.45644187927, -13.5084676743, 2.55396723747, -11.1761617661],
        "cov": [[8851.95605469, 150.273300171, 263.647705078, -189.201660156, 175.683746338, 168.897186279, 124.893363953, 149.580276489, 0.987738072872, 120.4948349, -71.1589660645, 111.852638245, -63.3149719238], [150.273300171, 1799.9831543, 47.8473472595, 460.066589355, 259.120117188, 268.51461792, 161.464309692, 105.129188538, 146.365783691, 22.6714038849, 128.410751343, -83.9736633301, -16.2035102844], [263.647705078, 47.8473472595, 783.566650391, 268.374267578, 214.980865479, 181.711044312, 96.7863388062, 148.675231934, 106.16633606, 96.3455123901, 38.8641090393, 65.699798584, -3.36575078964], [-189.201660156, 460.066589355, 268.374267578, 610.591125488, 198.574707031, 232.091293335, 57.5373725891, 132.791397095, 120.390937805, 54.4957122803, 73.2778396606, -15.9920892715, -5.63301706314], [175.683746338, 259.120117188, 214.980865479, 198.574707031, 436.237731934, 169.429824829, 222.065338135, 123.466522217, 133.382919312, 77.0742034912, 42.406047821, -2.46138691902, -29.5138473511], [168.897186279, 268.51461792, 181.711044312, 232.091293335, 169.429824829, 362.090118408, 132.879867554, 159.407928467, 108.839607239, 86.6728515625, 72.7433013916, 23.9557514191, -3.50844812393], [124.893363953, 161.464309692, 96.7863388062, 57.5373725891, 222.065338135, 132.879867554, 283.719390869, 121.141540527, 106.701591492, 48.0087547302, 52.6803741455, 16.5721130371, -6.62520170212], [149.580276489, 105.129188538, 148.675231934, 132.791397095, 123.466522217, 159.407928467, 121.141540527, 232.989898682, 124.836631775, 88.1081695557, 55.7152290344, 40.4740753174, 10.9862661362], [0.987738072872, 146.365783691, 106.16633606, 120.390937805, 133.382919312, 108.839607239, 106.701591492, 124.836631775, 189.332672119, 83.7251739502, 72.7378082275, 32.1119689941, 19.5699977875], [120.4948349, 22.6714038849, 96.3455123901, 54.4957122803, 77.0742034912, 86.6728515625, 48.0087547302, 88.1081695557, 83.7251739502, 130.940338135, 58.3493156433, 42.0016174316, 22.330532074], [-71.1589660645, 128.410751343, 38.8641090393, 73.2778396606, 42.406047821, 72.7433013916, 52.6803741455, 55.7152290344, 72.7378082275, 58.3493156433, 132.091812134, 55.047706604, 32.6079406738], [111.852638245, -83.9736633301, 65.699798584, -15.9920892715, -2.46138691902, 23.9557514191, 16.5721130371, 40.4740753174, 32.1119689941, 42.0016174316, 55.047706604, 120.753585815, 61.1796073914], [-63.3149719238, -16.2035102844, -3.36575078964, -5.63301706314, -29.5138473511, -3.50844812393, -6.62520170212, 10.9862661362, 19.5699977875, 22.330532074, 32.6079406738, 61.1796073914, 98.559753418]],
        "icov": [[0.000127040359075, -4.98360095662e-05, -2.40581048274e-05, 9.30798705667e-05, -3.04413097183e-05, -4.7730634833e-05, 5.09787196279e-06, -5.51530174562e-05, 7.96171298134e-05, -0.000136088812724, 0.000210223472095, -0.000262013141764, 0.000181706214789], [-4.98360095662e-05, 0.000860014988575, 0.000149188170326, -0.000457933114376, -0.000188439167687, -0.000274627527688, -0.000122115889098, 0.000133765890496, -0.000191938233911, 0.000483561714645, -0.00087877799524, 0.00101800169796, -0.000413647503592], [-2.40581048274e-05, 0.000149188170326, 0.00189171067905, -0.000734231201932, -0.000523414753843, -0.00016822051839, 8.02201611805e-05, -0.000260980013991, 1.89672664419e-05, -0.000500658585224, 0.000647629087325, -0.00135011912789, 0.000636937562376], [9.30798705667e-05, -0.000457933114376, -0.000734231201932, 0.00327746849507, -0.00095486670034, -0.00118113821372, 0.00157627544831, -0.000778605462983, -0.000543498783372, 0.000926282722503, -0.000930686714128, 0.00120319193229, -0.000529382086825], [-3.04413097183e-05, -0.000188439167687, -0.000523414753843, -0.00095486670034, 0.00523792440072, -6.13567754044e-05, -0.00345855369233, 0.000915303826332, -0.0011736016022, -0.00155436154455, 0.00121511088219, -1.96986638912e-05, 0.00130423833616], [-4.7730634833e-05, -0.000274627527688, -0.00016822051839, -0.00118113821372, -6.13567754044e-05, 0.00531092425808, -0.00107044156175, -0.00177036167588, 0.000613678130321, -0.00134484446608, -0.000571211392526, -0.000326941051753, 0.000721775460988], [5.09787196279e-06, -0.000122115889098, 8.02201611805e-05, 0.00157627544831, -0.00345855369233, -0.00107044156175, 0.00775117054582, -0.00217481283471, -0.0011641762685, 0.00206024968065, -0.00160199520178, 0.000255786173511, -9.86822487903e-05], [-5.51530174562e-05, 0.000133765890496, -0.000260980013991, -0.000778605462983, 0.000915303826332, -0.00177036167588, -0.00217481283471, 0.0093036852777, -0.00323298410513, -0.00242685503326, 0.00128048635088, -0.00147290003952, 0.000643392791972], [7.96171298134e-05, -0.000191938233911, 1.89672664419e-05, -0.000543498783372, -0.0011736016022, 0.000613678130321, -0.0011641762685, -0.00323298410513, 0.0113596310839, -0.00309941195883, -0.00244441418909, 0.000563870125916, -0.00115292717237], [-0.000136088812724, 0.000483561714645, -0.000500658585224, 0.000926282722503, -0.00155436154455, -0.00134484446608, 0.00206024968065, -0.00242685503326, -0.00309941195883, 0.0142325162888, -0.00364881567657, -0.000132209795993, -0.00139636627864], [0.000210223472095, -0.00087877799524, 0.000647629087325, -0.000930686714128, 0.00121511088219, -0.000571211392526, -0.00160199520178, 0.00128048635088, -0.00244441418909, -0.00364881567657, 0.0143103888258, -0.00619956338778, 0.000478462286992], [-0.000262013141764, 0.00101800169796, -0.00135011912789, 0.00120319193229, -1.96986638912e-05, -0.000326941051753, 0.000255786173511, -0.00147290003952, 0.000563870125916, -0.000132209795993, -0.00619956338778, 0.0179130733013, -0.00896466616541], [0.000181706214789, -0.000413647503592, 0.000636937562376, -0.000529382086825, 0.00130423833616, 0.000721775460988, -9.86822487903e-05, 0.000643392791972, -0.00115292717237, -0.00139636627864, 0.000478462286992, -0.00896466616541, 0.0164759401232]]
    },
    "melbands": {
        "dmean": [0.00708041386679, 0.00498329102993, 0.00193940731697, 0.000940815079957, 0.000428186409408, 0.000187504556379, 0.000149744315422, 0.000154295179527, 0.000120880860777, 0.000102788682852, 0.000139436553582, 0.000148461185745, 9.45599385886e-05, 8.35982500575e-05, 8.20288914838e-05, 5.10079189553e-05, 4.37849594164e-05, 2.67387476924e-05, 2.3678469006e-05, 1.85668395716e-05, 1.89003803825e-05, 1.86526922334e-05, 1.32083960125e-05, 8.51613458508e-06, 8.57386930875e-06, 7.15125042916e-06, 6.55048279441e-06, 5.55148608328e-06, 6.18461854174e-06, 5.57383646083e-06, 4.69053338747e-06, 6.0901697907e-06, 4.63800643047e-06, 4.97242763231e-06, 5.6490712268e-06, 5.1656065807e-06, 4.6035743253e-06, 4.21643517257e-06, 5.31268324266e-06, 4.95392123412e-06],
        "dmean2": [0.00869876891375, 0.00578785128891, 0.00257835397497, 0.00161228084471, 0.000726680853404, 0.000329190108459, 0.000254021579167, 0.000263164169155, 0.000207112330827, 0.000178899354069, 0.000245338917011, 0.000268143368885, 0.000167159218108, 0.000149311177665, 0.000147526836372, 8.87952846824e-05, 7.23106131773e-05, 4.48577884526e-05, 4.01898832934e-05, 3.03836332023e-05, 3.14525132126e-05, 3.13189266308e-05, 2.18460063479e-05, 1.37655033541e-05, 1.41207156048e-05, 1.13929727377e-05, 1.0408793969e-05, 8.83939992491e-06, 9.81658831734e-06, 8.75359364727e-06, 7.59458271204e-06, 9.75532111624e-06, 7.4387148743e-06, 8.15743624116e-06, 8.95565881365e-06, 8.13536280475e-06, 7.41127587389e-06, 6.53676579532e-06, 8.84343899088e-06, 7.74415366323e-06],
        "dvar": [0.000140450763865, 5.27625998075e-05, 1.67589769262e-05, 3.33068760483e-06, 5.41795600384e-07, 1.19719160807e-07, 7.89090250919e-08, 9.86893908816e-08, 6.1530293749e-08, 4.66469884941e-08, 9.16552593822e-08, 1.57650745791e-07, 4.10141112184e-08, 3.44721158285e-08, 3.84367560002e-08, 9.24277365755e-09, 4.97226437801e-09, 3.68122776706e-09, 1.83354353922e-09, 1.35602429285e-09, 1.27243415804e-09, 1.87102955351e-09, 5.66851510175e-10, 2.8396951457e-10, 2.33442404296e-10, 1.77891659736e-10, 1.36026731545e-10, 9.90256418532e-11, 1.31568714257e-10, 8.38220881594e-11, 6.85973292058e-11, 1.45182685318e-10, 1.07557331097e-10, 1.49885312495e-10, 1.57905438725e-10, 1.52427154232e-10, 1.0941101497e-10, 7.39813557638e-11, 1.07321054821e-10, 8.67081614842e-11],
        "dvar2": [0.000234429026023, 7.31408581487e-05, 3.00285319099e-05, 8.64970570547e-06, 1.46091656461e-06, 3.40726842296e-07, 2.20081332714e-07, 2.72485465302e-07, 1.70779458131e-07, 1.29768750412e-07, 2.56571979662e-07, 4.21203509404e-07, 1.11730614094e-07, 9.61014734457e-08, 1.07342657429e-07, 2.56231906803e-08, 1.25645156501e-08, 1.03889892245e-08, 4.6387538255e-09, 3.45321726769e-09, 3.06799363692e-09, 4.00754940344e-09, 1.4016964256e-09, 7.11451064728e-10, 5.88537607538e-10, 4.14475148647e-10, 3.32135763337e-10, 2.45437170587e-10, 3.3259520138e-10, 2.0294425862e-10, 1.84290319116e-10, 3.68044400512e-10, 2.07642722461e-10, 4.06736699876e-10, 3.9064165791e-10, 3.45592304773e-10, 2.30810565105e-10, 1.53433002414e-10, 2.7250934842e-10, 2.00819694207e-10],
        "max": [0.176806241274, 0.137421190739, 0.0779636949301, 0.0386783592403, 0.0130431996658, 0.00528157129884, 0.00428182352334, 0.00423271302134, 0.00311292801052, 0.0038881553337, 0.00540496269241, 0.00750693725422, 0.00217894138768, 0.00316052557901, 0.0032821202185, 0.00143483676948, 0.00088895461522, 0.0020210952498, 0.00135039165616, 0.000827718526125, 0.000809133227449, 0.000966277846601, 0.000501388276462, 0.000435121968621, 0.000260831962805, 0.000239750355831, 0.000527001684532, 0.000184735064977, 0.000202729526791, 0.00017213675892, 0.000142334014527, 0.000316857447615, 0.000500529597048, 0.000586216046941, 0.000465039687697, 0.000450800202088, 0.000292178214295, 0.000224626797717, 0.000216286498471, 0.000199146204977],
        "mean": [0.0160046089441, 0.0114236688241, 0.00260715233162, 0.000853101722896, 0.000482676608954, 0.000191326515051, 0.000156418755068, 0.000154275869136, 0.00010976332851, 9.22116523725e-05, 0.000120383432659, 0.00011190429359, 8.37249826873e-05, 7.39787210478e-05, 7.1848196967e-05, 5.23557864653e-05, 4.88043078803e-05, 3.05995345116e-05, 2.68017793132e-05, 2.21025875362e-05, 2.21279424295e-05, 2.01647635549e-05, 1.50616106112e-05, 1.04476112028e-05, 1.06822089947e-05, 9.30549595068e-06, 8.78003174876e-06, 7.37364825909e-06, 8.30867702462e-06, 7.54556867832e-06, 6.65729658067e-06, 1.02893618532e-05, 7.36609854357e-06, 6.39251857137e-06, 9.09478239919e-06, 7.7341674114e-06, 7.51235938878e-06, 6.42103259452e-06, 7.60480088502e-06, 7.67448545957e-06],
        "median": [0.0049821427092, 0.00554557424039, 0.000715016038157, 0.000252619531238, 0.000219940789975, 9.23366606003e-05, 7.30382744223e-05, 6.45165564492e-05, 4.01976249123e-05, 2.90733842121e-05, 3.71205751435e-05, 2.44177062996e-05, 2.76769060292e-05, 2.50670946116e-05, 2.57561587205e-05, 2.00513240998e-05, 2.0866669729e-05, 1.39881949508e-05, 1.29537093017e-05, 1.10050405056e-05, 1.01525210994e-05, 8.15830117062e-06, 7.39741153666e-06, 5.90423314861e-06, 5.95625351707e-06, 5.47299441678e-06, 5.10108657181e-06, 4.20440619564e-06, 4.74794387628e-06, 4.5633114496e-06, 4.43985118181e-06, 5.07583445142e-06, 4.35676156485e-06, 3.71408259525e-06, 4.8894489737e-06, 4.17855744672e-06, 4.0085233195e-06, 3.5196094359e-06, 3.49961965185e-06, 3.05116327581e-06],
        "min": [1.77281405428e-23, 1.41799593648e-23, 4.35060970192e-24, 4.82144054434e-24, 3.69281645838e-24, 1.04819348467e-23, 2.37734356727e-23, 7.51613338745e-24, 1.07910499924e-23, 1.99117311943e-23, 1.5057112738e-23, 1.80931322841e-23, 1.1185463879e-23, 4.51050589095e-24, 3.16310030483e-24, 3.34719559099e-24, 1.07777016771e-23, 1.08405470699e-23, 1.15316207773e-23, 8.32604820137e-24, 6.80549040757e-24, 5.42599159324e-24, 6.15461547417e-24, 5.62599307626e-24, 1.20797418447e-23, 1.0324472688e-23, 7.66613055542e-24, 1.33216881662e-23, 1.79312075393e-23, 1.3481883728e-23, 9.95631524785e-24, 8.63319829457e-24, 7.33538484368e-24, 1.48560778472e-23, 1.09947875207e-23, 6.29526345711e-24, 4.83674484033e-24, 8.70757367844e-24, 1.47847111788e-23, 9.23851493297e-24],
        "var": [0.00055761274416, 0.00022392172832, 2.69420179393e-05, 2.76289961221e-06, 4.99632335504e-07, 8.56260484738e-08, 6.16986213231e-08, 7.91028895719e-08, 4.41103225057e-08, 3.31907763496e-08, 6.53686598184e-08, 1.1250416776e-07, 2.93560749043e-08, 2.36338024706e-08, 2.62755168734e-08, 7.74665753767e-09, 5.39042943615e-09, 3.32272587222e-09, 2.00223548852e-09, 1.4137427895e-09, 1.42128364633e-09, 2.34510388886e-09, 6.22624396485e-10, 2.83763124109e-10, 2.56932142229e-10, 2.1462806532e-10, 1.85970724931e-10, 1.26812088608e-10, 1.7252857476e-10, 1.12759135362e-10, 7.74781766522e-11, 2.75723333054e-10, 2.18070478342e-10, 1.2285474027e-10, 2.14254072817e-10, 2.36303698831e-10, 1.69241565207e-10, 1.22951829273e-10, 1.64082095133e-10, 1.53152032722e-10]
    },
    "mfcc": {
        "mean": [-611.153625488, 82.5407791138, 28.4672832489, 17.1548023224, 15.7368879318, 16.6798477173, 8.58050727844, 7.83358621597, 3.80266523361, 3.44432806969, 2.38551616669, 2.59994220734, 1.0648277998],
        "cov": [[5046.94335938, 444.900146484, 60.1004562378, -69.2649459839, 63.5378227234, 99.3640365601, 128.989990234, 85.2351150513, 112.392417908, 6.22071790695, 67.5434188843, 47.5874252319, 53.0195007324], [444.900146484, 1175.60656738, 47.3826904297, 173.862457275, 148.293685913, 171.589447021, 147.478118896, 116.591758728, 72.3930358887, 125.188247681, 74.8785705566, 84.0409164429, 43.625705719], [60.1004562378, 47.3826904297, 617.774597168, 166.813171387, 200.701477051, 92.8089370728, 48.9088745117, 89.642288208, 48.9439163208, 65.9328384399, 67.1446380615, 46.7961463928, 44.926109314], [-69.2649459839, 173.862457275, 166.813171387, 388.072021484, 201.281478882, 108.213439941, 69.2688217163, 81.401550293, 66.1598510742, 86.7573394775, 50.7263259888, 50.7060012817, 38.8281784058], [63.5378227234, 148.293685913, 200.701477051, 201.281478882, 307.790679932, 152.251449585, 93.8639297485, 102.197418213, 92.2003250122, 106.280563354, 87.0625686646, 75.4061508179, 72.9373550415], [99.3640365601, 171.589447021, 92.8089370728, 108.213439941, 152.251449585, 235.743255615, 123.755073547, 95.3944549561, 66.921257019, 87.1993103027, 62.0706062317, 59.6406364441, 50.2295608521], [128.989990234, 147.478118896, 48.9088745117, 69.2688217163, 93.8639297485, 123.755073547, 204.952209473, 113.848350525, 78.338104248, 77.6459121704, 72.3826599121, 60.2821235657, 48.8561477661], [85.2351150513, 116.591758728, 89.642288208, 81.401550293, 102.197418213, 95.3944549561, 113.848350525, 191.317230225, 100.403320312, 86.6013565063, 63.3588485718, 83.2988815308, 62.0056991577], [112.392417908, 72.3930358887, 48.9439163208, 66.1598510742, 92.2003250122, 66.921257019, 78.338104248, 100.403320312, 163.551757812, 93.3022155762, 73.8333587646, 50.446308136, 50.0146865845], [6.22071790695, 125.188247681, 65.9328384399, 86.7573394775, 106.280563354, 87.1993103027, 77.6459121704, 86.6013565063, 93.3022155762, 147.688873291, 91.8717498779, 66.1260147095, 48.3986167908], [67.5434188843, 74.8785705566, 67.1446380615, 50.7263259888, 87.0625686646, 62.0706062317, 72.3826599121, 63.3588485718, 73.8333587646, 91.8717498779, 129.442337036, 74.1723709106, 50.3504867554], [47.5874252319, 84.0409164429, 46.7961463928, 50.7060012817, 75.4061508179, 59.6406364441, 60.2821235657, 83.2988815308, 50.446308136, 66.1260147095, 74.1723709106, 121.280509949, 74.8439102173], [53.0195007324, 43.625705719, 44.926109314, 38.8281784058, 72.9373550415, 50.2295608521, 48.8561477661, 62.0056991577, 50.0146865845, 48.3986167908, 50.3504867554, 74.8439102173, 103.525505066]],
