{
"lowlevel": {
    "average_loudness": 0.774988412857,
    "barkbands_crest": {
        "dmean": 3.13429427147,
        "dmean2": 4.77925348282,
        "dvar": 10.1167888641,
        "dvar2": 21.3175392151,
        "max": 26.8641757965,
        "mean": 13.992017746,
        "median": 13.0794048309,
        "min": 2.09296107292,
        "var": 37.2223129272
    },
    "barkbands_flatness_db": {
        "dmean": 0.0335964076221,
        "dmean2": 0.046857945621,
        "dvar": 0.00175349612255,
        "dvar2": 0.00353339477442,
        "max": 0.551725387573,
        "mean": 0.170522361994,
        "median": 0.145267128944,
        "min": 0.012609870173,
        "var": 0.00888114701957
    },
    "barkbands_kurtosis": {
        "dmean": 21.8630180359,
        "dmean2": 30.7914600372,
        "dvar": 10944.3994141,
        "dvar2": 21651.5859375,
        "max": 3803.59277344,
        "mean": 32.0827941895,
        "median": 5.68690490723,
        "min": -1.89720201492,
        "var": 15244.5693359
    },
    "barkbands_skewness": {
        "dmean": 1.28576338291,
        "dmean2": 1.70722973347,
        "dvar": 5.13567018509,
        "dvar2": 9.39596366882,
        "max": 56.1286849976,
        "mean": 3.43960571289,
        "median": 2.35677337646,
        "min": -3.95925998688,
        "var": 14.1782884598
    },
    "barkbands_spread": {
        "dmean": 8.3580083847,
        "dmean2": 11.9106492996,
        "dvar": 132.604537964,
        "dvar2": 260.248352051,
        "max": 100.6848526,
        "mean": 23.4080047607,
        "median": 19.9405670166,
        "min": 0.0556219518185,
        "var": 358.960876465
    },
    "dissonance": {
        "dmean": 0.0188929699361,
        "dmean2": 0.0316379442811,
        "dvar": 0.000507348449901,
        "dvar2": 0.00137615215499,
        "max": 0.4999961555,
        "mean": 0.461548149586,
        "median": 0.46654266119,
        "min": 0.0479338802397,
        "var": 0.000713295477908
    },
    "dynamic_complexity": 2.46967554092,
    "erbbands_crest": {
        "dmean": 2.54775285721,
        "dmean2": 4.0907497406,
        "dvar": 7.85702991486,
        "dvar2": 17.9669189453,
        "max": 33.4460220337,
        "mean": 9.0265378952,
        "median": 7.31153583527,
        "min": 2.14937353134,
        "var": 29.1564617157
    },
    "erbbands_flatness_db": {
        "dmean": 0.0167226549238,
        "dmean2": 0.0256159473211,
        "dvar": 0.000382672500564,
        "dvar2": 0.000818806351162,
        "max": 0.586830556393,
        "mean": 0.132392123342,
        "median": 0.113482937217,
        "min": 0.0448310151696,
        "var": 0.00422855047509
    },
    "erbbands_kurtosis": {
        "dmean": 1.28833758831,
        "dmean2": 2.0324716568,
        "dvar": 17.0863056183,
        "dvar2": 44.6235771179,
        "max": 145.587753296,
        "mean": 0.555177688599,
        "median": -0.807669997215,
        "min": -1.93083667755,
        "var": 37.6929512024
    },
    "erbbands_skewness": {
        "dmean": 0.432334333658,
        "dmean2": 0.638457000256,
        "dvar": 0.276125460863,
        "dvar2": 0.576092660427,
        "max": 8.48482894897,
        "mean": 0.250647306442,
        "median": 0.0614924542606,
        "min": -3.63125014305,
        "var": 1.09799838066
    },
    "erbbands_spread": {
        "dmean": 12.8122348785,
        "dmean2": 18.5883388519,
        "dvar": 198.270950317,
        "dvar2": 423.803527832,
        "max": 180.889511108,
        "mean": 65.3658218384,
        "median": 63.5356369019,
        "min": 0.443249434233,
        "var": 990.945495605
    },
    "hfc": {
        "dmean": 18.5126190186,
        "dmean2": 26.6829319,
        "dvar": 1314.35705566,
        "dvar2": 2921.83374023,
        "max": 566.163024902,
        "mean": 34.2195091248,
        "median": 20.9081840515,
        "min": 1.2691422874e-16,
        "var": 1744.44250488
    },
    "melbands_crest": {
        "dmean": 4.13785362244,
        "dmean2": 6.2982468605,
        "dvar": 15.4925546646,
        "dvar2": 37.5143470764,
        "max": 38.0017051697,
        "mean": 20.0150432587,
        "median": 20.3810310364,
        "min": 1.58803272247,
        "var": 48.5578384399
    },
    "melbands_flatness_db": {
        "dmean": 0.0393000133336,
        "dmean2": 0.053023301065,
        "dvar": 0.00228896085173,
        "dvar2": 0.00449814321473,
        "max": 0.670256197453,
        "mean": 0.246088430285,
        "median": 0.227236062288,
        "min": 0.00688511691988,
        "var": 0.013313177973
    },
    "melbands_kurtosis": {
        "dmean": 35.9796447754,
        "dmean2": 49.1560020447,
        "dvar": 4489.12890625,
        "dvar2": 9331.62109375,
        "max": 1134.89880371,
        "mean": 74.9678192139,
        "median": 28.2960891724,
        "min": -1.82463824749,
        "var": 11372.1308594
    },
    "melbands_skewness": {
        "dmean": 1.61740124226,
        "dmean2": 2.18716168404,
        "dvar": 4.27331352234,
        "dvar2": 8.72454738617,
        "max": 27.7570476532,
        "mean": 5.80930423737,
        "median": 4.71931838989,
        "min": -3.97251582146,
        "var": 17.964307785
    },
    "melbands_spread": {
        "dmean": 8.72285175323,
        "dmean2": 12.8631448746,
        "dvar": 195.517074585,
        "dvar2": 393.433410645,
        "max": 248.10446167,
        "mean": 20.5567264557,
        "median": 12.2933082581,
        "min": 0.187180653214,
        "var": 573.197631836
    },
    "pitch_salience": {
        "dmean": 0.098387978971,
        "dmean2": 0.147587671876,
        "dvar": 0.0121482023969,
        "dvar2": 0.0260269716382,
        "max": 0.973584771156,
        "mean": 0.412352412939,
        "median": 0.437487542629,
        "min": 0.0099331419915,
        "var": 0.0334075428545
    },
    "silence_rate_20dB": {
        "dmean": 0.00146711221896,
        "dmean2": 0.00293446355499,
        "dvar": 0.0014648794895,
        "dvar2": 0.003577593714,
        "max": 1,
        "mean": 0.998451530933,
        "median": 1,
        "min": 0,
        "var": 0.00154611968901
    },
    "silence_rate_30dB": {
        "dmean": 0.0883527621627,
        "dmean2": 0.176719918847,
        "dvar": 0.0805521607399,
        "dvar2": 0.158698394895,
        "max": 1,
        "mean": 0.730399370193,
        "median": 1,
        "min": 0,
        "var": 0.196918874979
    },
    "silence_rate_60dB": {
        "dmean": 0.029668269679,
        "dmean2": 0.0593413747847,
        "dvar": 0.0287925302982,
        "dvar2": 0.0687124654651,
        "max": 1,
        "mean": 0.0322738401592,
        "median": 0,
        "min": 0,
        "var": 0.0312286335975
    },
    "spectral_centroid": {
        "dmean": 325.293579102,
        "dmean2": 460.369506836,
        "dvar": 156238.578125,
        "dvar2": 290290.15625,
        "max": 11356.3867188,
        "mean": 1404.08105469,
        "median": 1284.36474609,
        "min": 91.4064559937,
        "var": 659237.9375
    },
    "spectral_complexity": {
        "dmean": 4.30956077576,
        "dmean2": 6.42370414734,
        "dvar": 30.1387805939,
        "dvar2": 60.1718101501,
        "max": 61,
        "mean": 15.6700077057,
        "median": 14,
        "min": 0,
        "var": 87.248336792
    },
    "spectral_decrease": {
        "dmean": 5.44948397518e-09,
        "dmean2": 7.46939310403e-09,
        "dvar": 6.21717418724e-17,
        "dvar2": 1.23999800127e-16,
        "max": 2.2101704819e-28,
        "mean": -1.76828578446e-08,
        "median": -1.23092984694e-08,
        "min": -1.24576644112e-07,
        "var": 3.02857583203e-16
    },
    "spectral_energy": {
        "dmean": 0.0214727390558,
        "dmean2": 0.0297446828336,
        "dvar": 0.000928217603359,
        "dvar2": 0.00189359975047,
        "max": 0.4729180336,
        "mean": 0.0698427706957,
        "median": 0.0502550527453,
        "min": 1.0677332973e-20,
        "var": 0.0044300025329
    },
    "spectral_energyband_high": {
        "dmean": 0.00191796210129,
        "dmean2": 0.002703119535,
        "dvar": 1.77663241629e-05,
        "dvar2": 3.85044513678e-05,
        "max": 0.0668424516916,
        "mean": 0.00278366077691,
        "median": 0.00101152760908,
        "min": 7.66078299356e-21,
        "var": 2.35058123508e-05
    },
    "spectral_energyband_low": {
        "dmean": 0.0197292268276,
        "dmean2": 0.0258092060685,
        "dvar": 0.000987495179288,
        "dvar2": 0.00183057924733,
        "max": 0.470190942287,
        "mean": 0.0545438155532,
        "median": 0.0261330399662,
        "min": 4.55604627881e-23,
        "var": 0.00447224453092
    },
    "spectral_energyband_middle_high": {
        "dmean": 0.00231506163254,
        "dmean2": 0.00388432480395,
        "dvar": 2.58116579062e-05,
        "dvar2": 7.17334623914e-05,
        "max": 0.0757919996977,
        "mean": 0.00394722819328,
        "median": 0.00259521557018,
        "min": 1.33101882782e-21,
        "var": 2.56188250205e-05
    },
    "spectral_energyband_middle_low": {
        "dmean": 0.00613652868196,
        "dmean2": 0.00865955743939,
        "dvar": 0.000116917057312,
        "dvar2": 0.000188899939531,
        "max": 0.224247977138,
        "mean": 0.0104864854366,
        "median": 0.0058962139301,
        "min": 1.80338474938e-22,
        "var": 0.000204840151127
    },
    "spectral_entropy": {
        "dmean": 0.218229487538,
        "dmean2": 0.313929408789,
        "dvar": 0.0712856203318,
        "dvar2": 0.139966443181,
        "max": 9.8032989502,
        "mean": 7.53437185287,
        "median": 7.59737730026,
        "min": 4.58921480179,
        "var": 0.393398493528
    },
    "spectral_flux": {
        "dmean": 0.0426829606295,
        "dmean2": 0.0650370940566,
        "dvar": 0.00256114942022,
        "dvar2": 0.00631673447788,
        "max": 0.520494937897,
        "mean": 0.121056444943,
        "median": 0.0845789462328,
        "min": 1.03331183887e-10,
        "var": 0.00740270782262
    },
    "spectral_kurtosis": {
        "dmean": 1.15034615993,
        "dmean2": 1.81982135773,
        "dvar": 4.55329656601,
        "dvar2": 11.6393938065,
        "max": 57.0701026917,
        "mean": 3.11044478416,
        "median": 2.30777740479,
        "min": -1.20358788967,
        "var": 16.0408096313
    },
    "spectral_rms": {
        "dmean": 0.00129922688939,
        "dmean2": 0.00179218151607,
        "dvar": 2.31727358369e-06,
        "dvar2": 4.43017961516e-06,
        "max": 0.0214798375964,
        "mean": 0.00725852278993,
        "median": 0.00700209382921,
        "min": 3.22752371704e-12,
        "var": 1.54532408487e-05
    },
    "spectral_rolloff": {
        "dmean": 819.551635742,
        "dmean2": 1328.93896484,
        "dvar": 2188746.5,
        "dvar2": 4557624.5,
        "max": 19638.28125,
        "mean": 1640.35388184,
        "median": 602.9296875,
        "min": 43.06640625,
        "var": 4642485.5
    },
    "spectral_skewness": {
        "dmean": 0.204217478633,
        "dmean2": 0.30173432827,
        "dvar": 0.0647810772061,
        "dvar2": 0.134702950716,
        "max": 6.23836421967,
        "mean": 1.32389354706,
        "median": 1.2154738903,
        "min": -0.161749154329,
        "var": 0.346208721399
    },
    "spectral_spread": {
        "dmean": 664001.6875,
        "dmean2": 979661.6875,
        "dvar": 824373542912,
        "dvar2": 1.45930177741e+12,
        "max": 41252644,
        "mean": 6384439,
        "median": 6068989,
        "min": 1278875.625,
        "var": 4.21702008832e+12
    },
    "spectral_strongpeak": {
        "dmean": 0.466481953859,
        "dmean2": 0.783071756363,
        "dvar": 0.843351483345,
        "dvar2": 2.19087553024,
        "max": 13.7946519852,
        "mean": 0.979531049728,
        "median": 0.80074441433,
        "min": 0,
        "var": 0.98315757513
    },
    "zerocrossingrate": {
        "dmean": 0.0161877423525,
        "dmean2": 0.0171227585524,
        "dvar": 0.000316503224894,
        "dvar2": 0.000358852761565,
        "max": 0.51904296875,
        "mean": 0.0674586594105,
        "median": 0.05712890625,
        "min": 0.00244140625,
        "var": 0.00256366585381
    },
    "barkbands": {
        "dmean": [0.000999736483209, 0.0161253456026, 0.0105414688587, 0.00361905549653, 0.00297721032985, 0.000983299920335, 0.000889642513357, 0.000323095737258, 0.000520569155924, 0.00050732382806, 0.000702429853845, 0.000343412451912, 0.000350683345459, 0.000384066195693, 0.00020534810028, 0.000149714425788, 0.000201334725716, 0.00013550890435, 0.000148376697325, 0.000187139346963, 0.00033696211176, 0.000279151805444, 0.000478793255752, 0.000430770625826, 0.00032203621231, 7.38320595701e-05, 1.50673195094e-05],
        "dmean2": [0.00167847343255, 0.0199146848172, 0.0140263261274, 0.00574166048318, 0.00485501298681, 0.00159777654335, 0.00146022147965, 0.000576160673518, 0.000876997364685, 0.000865416426677, 0.00117178878281, 0.000605188950431, 0.000635977077764, 0.000664415420033, 0.000344468309777, 0.000249962380622, 0.000339910417097, 0.000221337511903, 0.000248404132435, 0.00029035974876, 0.000539100845344, 0.000393741996959, 0.000691849738359, 0.000605933251791, 0.000467710662633, 0.000107592262793, 2.35182033066e-05],
        "dvar": [4.01305806008e-06, 0.00099373224657, 0.000358550867531, 0.000100413206383, 5.31474106538e-05, 3.92448191633e-06, 2.61117429545e-06, 8.55415123624e-07, 1.67124790096e-06, 1.06842173864e-06, 3.86010287912e-06, 1.00792465219e-06, 1.26996496874e-06, 8.33279386825e-07, 1.38699121521e-07, 7.26973041765e-08, 9.5625779295e-08, 5.64192355057e-08, 5.86250976653e-08, 1.07101904234e-07, 4.44776333097e-07, 3.68579804899e-07, 1.47163166275e-06, 1.14730653422e-06, 7.0414455422e-07, 2.44209363842e-08, 2.21630003239e-09],
        "dvar2": [1.1217816791e-05, 0.00144609634299, 0.000632551906165, 0.000229254685109, 0.000142347707879, 1.05980670924e-05, 6.80956691212e-06, 2.44006582761e-06, 4.29512056144e-06, 2.84955626739e-06, 9.75459624897e-06, 2.89029776468e-06, 3.68562632502e-06, 2.37412791648e-06, 3.49246050746e-07, 1.65540555486e-07, 2.44898245683e-07, 1.32678323439e-07, 1.56601359436e-07, 2.37645465972e-07, 1.15519958399e-06, 7.94340508037e-07, 3.13927148454e-06, 2.36884625338e-06, 1.64184473306e-06, 5.38213669188e-08, 5.40085398626e-09],
        "max": [0.0408376529813, 0.447618186474, 0.316674113274, 0.174099564552, 0.106973677874, 0.0384293198586, 0.0176837928593, 0.0152489999309, 0.0509348399937, 0.0186123549938, 0.0610815174878, 0.0159011520445, 0.0196910351515, 0.0148546872661, 0.00521841738373, 0.00669263862073, 0.00605125306174, 0.00590436626226, 0.00330666755326, 0.00532166613266, 0.00942660868168, 0.0117475604638, 0.0217540990561, 0.0170036386698, 0.0122081236914, 0.00595591636375, 0.00112559972331],
        "mean": [0.00120449822862, 0.0351745262742, 0.0162826068699, 0.00357036315836, 0.00337878940627, 0.0014735092409, 0.00112704362255, 0.000274533493211, 0.000593780307099, 0.000519973924384, 0.000987198553048, 0.000351313618012, 0.000317246158374, 0.000445374724222, 0.000268869800493, 0.00022373443062, 0.000291720061796, 0.000216976914089, 0.000228180622798, 0.000314082455589, 0.000517079606652, 0.000411820976296, 0.000595787598286, 0.000566142960452, 0.000385123974411, 0.000102242229332, 2.03442014026e-05],
        "median": [9.69385146163e-05, 0.00639781169593, 0.00422491598874, 0.000298989209114, 0.00109819811769, 0.000438752991613, 0.000413396104705, 5.73524048377e-05, 0.000219031033339, 0.000195151049411, 0.000117029063404, 0.000130323140183, 0.000107543142803, 0.000209664867725, 0.000123906793306, 0.00011674920097, 0.000163361983141, 0.000107698520878, 0.000118298063171, 0.000171197869349, 0.000179647322511, 0.000135708862217, 0.000130002503283, 0.000102918958873, 7.79614783823e-05, 3.14244171022e-05, 6.65140578349e-06],
        "min": [7.55660116303e-24, 5.109157838e-24, 2.52634850599e-23, 1.27586615721e-23, 4.93065959885e-23, 9.05898833474e-24, 2.12548221057e-23, 1.36804889272e-23, 6.09981141381e-23, 7.96658385061e-23, 4.52076873467e-23, 1.10484829159e-22, 1.1993684693e-22, 1.09801890186e-22, 1.17011788559e-22, 9.37385932516e-23, 1.85421389741e-22, 1.08860583488e-22, 2.20055614654e-22, 3.36733266977e-22, 5.06673974583e-22, 4.45708683369e-22, 6.34008191102e-22, 7.89646686413e-22, 1.13323865089e-21, 1.76469694062e-21, 2.51394203373e-21],
        "var": [7.6830119724e-06, 0.00332933478057, 0.000703364261426, 9.73378118942e-05, 4.43033168267e-05, 5.89274986851e-06, 2.91472247227e-06, 5.51544758309e-07, 1.49552374751e-06, 8.89726152309e-07, 8.88970407686e-06, 6.70170322792e-07, 7.62767513152e-07, 6.07818662957e-07, 1.68690874602e-07, 1.29169464458e-07, 1.42027460015e-07, 1.01128215135e-07, 9.73190523723e-08, 1.71899145585e-07, 7.58717305871e-07, 5.50854963421e-07, 1.79693950031e-06, 1.55429120241e-06, 7.89012744917e-07, 4.0762738962e-08, 2.52298093528e-09]
    },
    "erbbands": {
        "dmean": [0.522727608681, 3.93691730499, 11.5528478622, 10.6705503464, 12.6449127197, 7.43674850464, 6.20972776413, 8.14451980591, 13.9802598953, 8.63686275482, 8.07788276672, 10.0398616791, 13.91746521, 18.9984664917, 24.954246521, 14.1313066483, 15.5319366455, 18.0122413635, 13.3908834457, 10.8202295303, 7.16816663742, 13.141251564, 6.90249252319, 7.25496816635, 6.77797698975, 7.41711091995, 8.8187713623, 17.3692798615, 9.75476837158, 12.8738508224, 13.4190149307, 10.722577095, 6.43595075607, 4.61747789383, 1.90524554253, 0.475680232048, 0.117911525071, 0.0191676542163, 0.00226359930821, 0.000139870258863],
        "dmean2": [0.649355173111, 4.63618469238, 14.8513240814, 14.8015909195, 19.6901187897, 12.2653131485, 10.3286724091, 13.4232912064, 22.7264862061, 14.6136951447, 14.1740188599, 17.2799987793, 23.5882358551, 32.149143219, 41.9167175293, 25.0083751678, 27.9567394257, 32.2474594116, 22.8281612396, 18.0149860382, 11.9702014923, 22.2643947601, 10.9431591034, 11.9695463181, 11.1605396271, 11.238822937, 13.6584568024, 28.0780735016, 13.9785890579, 17.1445140839, 19.608745575, 15.8475694656, 9.01295757294, 6.69071865082, 2.8076646328, 0.69448107481, 0.178681686521, 0.029122652486, 0.00347532727756, 0.000213805789826],
        "dvar": [1.41750991344, 50.1851158142, 367.27154541, 571.531860352, 951.298583984, 336.680114746, 198.96635437, 277.420135498, 639.211853027, 457.461364746, 516.206787109, 817.932617188, 809.95892334, 1702.04626465, 4756.43164062, 1665.48449707, 2481.02441406, 2780.99438477, 808.139709473, 424.164672852, 144.664810181, 439.790740967, 157.839172363, 123.609321594, 120.561805725, 191.771682739, 317.83795166, 1357.82836914, 435.92755127, 896.817932129, 1244.44628906, 769.621398926, 256.882110596, 150.899078369, 23.8058547974, 1.01151573658, 0.0832320973277, 0.00355599774048, 4.7833455028e-05, 8.64736762196e-08],
        "dvar2": [2.51758217812, 67.9489059448, 656.493896484, 1106.69616699, 2352.84423828, 928.721557617, 545.283630371, 755.208496094, 1621.58227539, 1258.00769043, 1455.0291748, 2139.1574707, 2207.07739258, 4515.27978516, 11846.9121094, 4789.46582031, 7184.50683594, 8041.82080078, 2241.71923828, 956.016845703, 353.82989502, 1151.93591309, 350.683898926, 284.945495605, 298.525238037, 391.222320557, 762.159912109, 3652.79614258, 906.083251953, 1853.59240723, 2855.99487305, 1589.55834961, 567.729431152, 352.740905762, 56.5381889343, 2.28549432755, 0.185713559389, 0.00808726344258, 0.000116905823234, 2.09977500276e-07],
        "max": [15.3418693542, 102.293144226, 289.695526123, 530.034667969, 648.688415527, 291.477325439, 286.886932373, 274.627960205, 313.169952393, 289.216003418, 794.74822998, 1417.13623047, 500.963195801, 1425.07885742, 1726.31103516, 664.187255859, 880.567321777, 872.545043945, 404.902587891, 526.520446777, 261.316375732, 425.934936523, 330.416564941, 188.07019043, 246.66885376, 236.332107544, 545.21862793, 563.536132812, 486.470825195, 491.596466064, 655.509216309, 478.120697021, 299.784332275, 186.289230347, 67.8537445068, 21.6072978973, 12.6272478104, 2.34631443024, 0.185027480125, 0.00589862279594],
        "mean": [0.859174489975, 8.35091781616, 20.5540752411, 14.2227945328, 14.4758930206, 8.61945438385, 8.16732215881, 11.7911024094, 18.7854499817, 9.29231643677, 7.90546417236, 10.4115304947, 15.6975297928, 24.2404918671, 33.2714958191, 14.9305229187, 15.0339241028, 19.0362014771, 16.4790649414, 16.792049408, 11.3043680191, 19.0488166809, 12.0421209335, 12.5605792999, 11.5518798828, 13.1607341766, 14.3845939636, 24.9945068359, 14.4725074768, 18.1427307129, 16.0893440247, 13.2265882492, 8.53267478943, 5.56726694107, 2.2290365696, 0.625259995461, 0.158665046096, 0.0273790899664, 0.00329835829325, 0.000253114616498],
        "median": [0.0498592182994, 2.06786584854, 7.8646941185, 3.56011414528, 5.3511133194, 2.86231017113, 1.91453182697, 4.68446397781, 8.08791542053, 2.50104951859, 2.27579069138, 3.6963789463, 7.65510845184, 9.07342338562, 4.84745836258, 6.72745084763, 5.79296779633, 7.607006073, 8.03106307983, 7.80921077728, 6.83062362671, 10.4936075211, 6.71851825714, 7.37062358856, 6.64296722412, 6.73498058319, 7.46985769272, 7.07154941559, 5.56450748444, 4.22338485718, 3.43627953529, 2.4680109024, 1.59103322029, 1.15440118313, 0.401700258255, 0.166401326656, 0.0481073334813, 0.00853702612221, 0.0012233320158, 0.000179141556146],
        "min": [2.47009212115e-22, 1.16640271675e-21, 1.60935872237e-20, 6.06326684799e-20, 1.15970683106e-19, 1.49716834514e-19, 9.43630129836e-20, 7.91324853315e-20, 2.28920916205e-19, 3.66080153819e-19, 3.012375173e-19, 1.36988119794e-18, 1.56852469294e-18, 3.35562648608e-18, 2.09707904229e-18, 4.8374552062e-18, 4.77959392235e-18, 7.03503627932e-18, 5.3169416152e-18, 6.15373199852e-18, 5.43967867449e-18, 1.05414234631e-17, 7.19125181955e-18, 7.5133675306e-18, 1.39031971419e-17, 1.40380755582e-17, 1.5895112577e-17, 2.28868285804e-17, 1.73223333146e-17, 1.84279396126e-17, 1.7849971975e-17, 1.32080155299e-17, 1.58590673546e-17, 1.13544510153e-17, 7.77423299884e-18, 6.55388516934e-18, 3.2908077861e-18, 1.3057392351e-18, 3.57030746219e-19, 3.87592245806e-20],
        "var": [2.95070004463, 179.745635986, 855.409362793, 845.677734375, 887.809936523, 268.538879395, 244.705993652, 347.208831787, 762.098022461, 392.337738037, 356.99395752, 647.481323242, 655.561584473, 2820.11572266, 9927.15332031, 1077.59265137, 1520.42358398, 1783.01879883, 695.098388672, 806.979248047, 232.811233521, 618.311523438, 299.12789917, 256.273529053, 217.145278931, 343.622161865, 455.527862549, 2207.63964844, 643.249511719, 1364.13330078, 1365.72033691, 938.492980957, 347.131958008, 167.669891357, 26.60597229, 1.50331234932, 0.127556666732, 0.005226213485, 5.60422049602e-05, 1.03273293917e-07]
    },
    "gfcc": {
        "mean": [16.3392353058, 52.4883918762, -93.2160720825, 39.4995918274, -50.8067893982, 22.9516887665, -30.3539505005, 7.45115613937, -21.1162452698, 1.90282690525, -14.9591684341, 1.69881510735, -8.10751628876],
        "cov": [[5902.20214844, -502.989318848, 1110.55859375, 907.591003418, -411.365753174, 322.055603027, -428.673980713, 30.813375473, -113.518859863, 208.865570068, -154.169586182, -139.147033691, -278.741271973], [-502.989318848, 1609.2767334, 786.106506348, 503.168792725, 674.148742676, 240.207962036, 291.521972656, 6.4503531456, 109.429885864, -96.4985198975, 2.971347332, -174.350585938, -62.0470581055], [1110.55859375, 786.106506348, 1717.75695801, 917.72857666, 369.928894043, 418.561737061, 12.4612016678, 35.814540863, 18.4340267181, -25.6997852325, -122.554260254, -220.194152832, -200.655395508], [907.591003418, 503.168792725, 917.72857666, 952.576660156, 352.863708496, 421.044067383, 90.2997970581, 91.0052871704, 87.3554077148, 13.1477079391, -28.1593456268, -168.21963501, -110.996810913], [-411.365753174, 674.148742676, 369.928894043, 352.863708496, 700.602600098, 234.631454468, 305.555725098, 75.5384216309, 96.8136978149, -32.0513954163, 15.4272489548, -73.6735229492, -20.1763973236], [322.055603027, 240.207962036, 418.561737061, 421.044067383, 234.631454468, 478.442382812, 169.702957153, 120.05242157, 61.5864639282, -20.3274097443, 15.4346284866, -73.7787322998, -25.615398407], [-428.673980713, 291.521972656, 12.4612016678, 90.2997970581, 305.555725098, 169.702957153, 297.804138184, 111.647109985, 95.2123641968, -2.34986257553, 50.2541503906, -2.67810130119, 35.9585456848], [30.813375473, 6.4503531456, 35.814540863, 91.0052871704, 75.5384216309, 120.05242157, 111.647109985, 166.146484375, 86.063041687, 20.6744365692, 52.2977638245, 22.7062969208, 15.0862197876], [-113.518859863, 109.429885864, 18.4340267181, 87.3554077148, 96.8136978149, 61.5864639282, 95.2123641968, 86.063041687, 171.674743652, 99.4811706543, 74.0871276855, 5.92061090469, 15.2807703018], [208.865570068, -96.4985198975, -25.6997852325, 13.1477079391, -32.0513954163, -20.3274097443, -2.34986257553, 20.6744365692, 99.4811706543, 187.122787476, 63.2680091858, 25.0918064117, 6.16619777679], [-154.169586182, 2.971347332, -122.554260254, -28.1593456268, 15.4272489548, 15.4346284866, 50.2541503906, 52.2977638245, 74.0871276855, 63.2680091858, 125.526832581, 66.4662780762, 37.773235321], [-139.147033691, -174.350585938, -220.194152832, -168.21963501, -73.6735229492, -73.7787322998, -2.67810130119, 22.7062969208, 5.92061090469, 25.0918064117, 66.4662780762, 124.762336731, 67.8466644287], [-278.741271973, -62.0470581055, -200.655395508, -110.996810913, -20.1763973236, -25.615398407, 35.9585456848, 15.0862197876, 15.2807703018, 6.16619777679, 37.773235321, 67.8466644287, 104.007537842]],
        "icov": [[0.000329606467858, -1.27873056499e-06, 2.44506077252e-06, -0.000335746241035, 0.000186345918337, -0.000190874634427, 0.000304836925352, -0.000348385277903, 0.000518862565514, -0.000682185927872, 0.000466047640657, -0.000451876258012, 0.000553000951186], [-1.27873056499e-06, 0.00174264411908, -0.00079860194819, 9.19040612644e-05, -0.000797893793788, 0.000677715986967, -0.000989291002043, 0.00134511280339, -0.00103486177977, 0.00152004300617, -0.00193683279213, 0.00202313275076, -0.000801796209998], [2.44506077252e-06, -0.00079860194819, 0.00186846568249, -0.00110094889533, -4.82359100715e-05, -0.000755419314373, 0.00104840006679, -0.000590512761846, 0.000416620459873, -0.000836420455016, 0.00196549925022, -0.00148537987843, 0.00173120782711], [-0.000335746241035, 9.19040612644e-05, -0.00110094889533, 0.00372971571051, -0.00114095059689, -0.00131449417677, 0.00111971993465, -0.000412962865084, -0.000988365267403, 0.000389911467209, -0.00139014946762, 0.00275913672522, -0.00103379844222], [0.000186345918337, -0.000797893793788, -4.82359100715e-05, -0.00114095059689, 0.00423649139702, 0.000168091282831, -0.00367692671716, 0.000858933257405, -1.33522344186e-05, -0.000103235193819, 0.000887496687938, -0.00129921652842, 0.00125587906223], [-0.000190874634427, 0.000677715986967, -0.000755419314373, -0.00131449417677, 0.000168091282831, 0.00531418807805, -0.00284116202965, -0.00106438773219, 0.000594694283791, 0.00142937572673, -0.00249329744838, 0.00291827367619, -0.0016596512869], [0.000304836925352, -0.000989291002043, 0.00104840006679, 0.00111971993465, -0.00367692671716, -0.00284116202965, 0.0117903072387, -0.00483635766432, -0.000550714728888, -0.00107068929356, 0.00103052565828, 0.000228543460253, -0.00172236410435], [-0.000348385277903, 0.00134511280339, -0.000590512761846, -0.000412962865084, 0.000858933257405, -0.00106438773219, -0.00483635766432, 0.0138843217865, -0.00681385723874, 0.00403900677338, -0.001684017363, -0.00314747425728, 0.00127786712255], [0.000518862565514, -0.00103486177977, 0.000416620459873, -0.000988365267403, -1.33522344186e-05, 0.000594694283791, -0.000550714728888, -0.00681385723874, 0.0173289887607, -0.00862169731408, -0.0035812696442, 0.00359977944754, -0.0012376208324], [-0.000682185927872, 0.00152004300617, -0.000836420455016, 0.000389911467209, -0.000103235193819, 0.00142937572673, -0.00107068929356, 0.00403900677338, -0.00862169731408, 0.0124442046508, -0.00462611624971, 0.00108148832805, -0.000499132846016], [0.000466047640657, -0.00193683279213, 0.00196549925022, -0.00139014946762, 0.000887496687938, -0.00249329744838, 0.00103052565828, -0.001684017363, -0.0035812696442, -0.00462611624971, 0.0210830010474, -0.0133618786931, 0.00370783335529], [-0.000451876258012, 0.00202313275076, -0.00148537987843, 0.00275913672522, -0.00129921652842, 0.00291827367619, 0.000228543460253, -0.00314747425728, 0.00359977944754, 0.00108148832805, -0.0133618786931, 0.0261712577194, -0.011893405579], [0.000553000951186, -0.000801796209998, 0.00173120782711, -0.00103379844222, 0.00125587906223, -0.0016596512869, -0.00172236410435, 0.00127786712255, -0.0012376208324, -0.000499132846016, 0.00370783335529, -0.011893405579, 0.0197232384235]]
    },
    "melbands": {
        "dmean": [0.00446891086176, 0.00501744635403, 0.00168581097387, 0.000768186175264, 0.000211094942642, 0.000190202074009, 0.000198109599296, 8.48075724207e-05, 7.18693336239e-05, 6.53619936202e-05, 7.37507652957e-05, 7.86399614299e-05, 9.66656007222e-05, 4.01013385272e-05, 4.24971694883e-05, 3.39174512192e-05, 3.26439658238e-05, 2.4608343665e-05, 1.90192931768e-05, 9.53580456553e-06, 8.94011918717e-06, 1.4228823602e-05, 6.94133768775e-06, 7.89407204138e-06, 6.15207363808e-06, 6.44214696877e-06, 5.74975501877e-06, 5.32065632797e-06, 6.30108570476e-06, 7.63824664318e-06, 9.66117659118e-06, 5.01634531247e-06, 6.22335528533e-06, 7.83475479693e-06, 8.68032111612e-06, 7.44276212572e-06, 6.33493391433e-06, 4.63792639493e-06, 4.07906736655e-06, 3.82324378734e-06],
        "dmean2": [0.00538561632857, 0.00616512214765, 0.00218280497938, 0.00121021852829, 0.000357737124432, 0.000311495125061, 0.000323572952766, 0.000145524580148, 0.000124643644085, 0.000111799425213, 0.000124439946376, 0.000132746543386, 0.000161723350175, 7.13886474841e-05, 7.37499503884e-05, 6.21654398856e-05, 5.84226254432e-05, 4.23261226388e-05, 3.15958313877e-05, 1.60715044331e-05, 1.49175912156e-05, 2.43435006269e-05, 1.11940853458e-05, 1.30942262331e-05, 1.02183594208e-05, 1.09893953777e-05, 9.57492648013e-06, 8.08482946013e-06, 9.86210761766e-06, 1.24656962726e-05, 1.56304831762e-05, 7.42566453482e-06, 8.67538619787e-06, 1.07491305243e-05, 1.32668819788e-05, 1.11983790703e-05, 9.31687736738e-06, 6.40368534732e-06, 6.18458807367e-06, 5.54344205739e-06],
        "dvar": [8.81670202943e-05, 5.77706596232e-05, 1.10661203507e-05, 3.23252629642e-06, 2.58991946112e-07, 1.40892083778e-07, 1.27051535515e-07, 4.96264114247e-08, 4.21292369879e-08, 3.32842269302e-08, 2.13157509421e-08, 2.64105768366e-08, 7.5587699655e-08, 1.44302472194e-08, 1.25014389951e-08, 1.32784698792e-08, 9.10526498643e-09, 2.82124945628e-09, 1.1067586847e-09, 4.71614414188e-10, 2.65527405618e-10, 5.29158550311e-10, 1.26737273454e-10, 1.98682653663e-10, 9.073641144e-11, 1.20534249248e-10, 1.21352441984e-10, 1.04090791542e-10, 1.93768057155e-10, 2.67829369793e-10, 3.66655678041e-10, 1.16926232585e-10, 1.8581314265e-10, 3.45558942572e-10, 5.52185019931e-10, 3.6396211045e-10, 2.68348371302e-10, 1.33452277007e-10, 1.06247032006e-10, 1.01125802177e-10],
        "dvar2": [0.000135905385832, 0.000101256337075, 1.79596590897e-05, 8.22857509775e-06, 7.31550073851e-07, 3.84291837463e-07, 3.27244578102e-07, 1.3713571434e-07, 1.17428982094e-07, 8.80889530208e-08, 5.75992622487e-08, 6.99076068145e-08, 1.88720605365e-07, 4.10745855106e-08, 3.44059714052e-08, 3.8830059168e-08, 2.63500137265e-08, 7.71620900508e-09, 2.58338772596e-09, 1.0433162112e-09, 6.5482863576e-10, 1.4051895203e-09, 2.83282119984e-10, 4.90752549709e-10, 2.21255347377e-10, 3.44148404219e-10, 3.2675781525e-10, 2.10556766467e-10, 4.89802920445e-10, 7.04474201196e-10, 9.71963509677e-10, 2.43943254485e-10, 3.99371147264e-10, 6.98440305591e-10, 1.38240585645e-09, 7.60795648702e-10, 5.60938850924e-10, 2.82931345019e-10, 2.61157873105e-10, 2.30441749016e-10],
        "max": [0.132974162698, 0.122959785163, 0.0748228356242, 0.0300352834165, 0.00944498553872, 0.0066045448184, 0.00420077750459, 0.0029174007941, 0.00929597672075, 0.00911668594927, 0.00256784935482, 0.00533539196476, 0.00688060233369, 0.00180745974649, 0.00220947596245, 0.00201156665571, 0.0015668803826, 0.000720922893379, 0.000582911714446, 0.000644668936729, 0.000387982028769, 0.000465939083369, 0.000289332732791, 0.000291100790491, 0.000153701257659, 0.000177272435394, 0.000224818446441, 0.000161136311362, 0.000391135516111, 0.00026514288038, 0.0002746253449, 0.000263035035459, 0.000279641360976, 0.000279668049188, 0.000441916519776, 0.000355407566531, 0.000251122779446, 0.000215278196265, 0.000179763010237, 0.000144492165418],
        "mean": [0.00881556980312, 0.0112275173888, 0.00259854225442, 0.000908343936317, 0.000260547734797, 0.000283144327113, 0.00026553706266, 8.36524341139e-05, 7.25379868527e-05, 6.86060229782e-05, 8.214902482e-05, 9.58484743023e-05, 0.000132970992127, 4.11422988691e-05, 4.43514873041e-05, 3.09344140987e-05, 3.38402714988e-05, 2.73500190815e-05, 2.61590848822e-05, 1.4644422663e-05, 1.26245895444e-05, 1.96666405827e-05, 1.08895064841e-05, 1.23225072457e-05, 9.92251261778e-06, 9.50347111939e-06, 8.90352112037e-06, 8.69223549671e-06, 9.23239349504e-06, 1.16517658171e-05, 1.34920837809e-05, 7.18000364941e-06, 9.08164201974e-06, 1.04907458081e-05, 9.54677670961e-06, 8.89915099833e-06, 7.74984346208e-06, 6.24745507594e-06, 4.9096706789e-06, 4.53815573564e-06],
        "median": [0.00108459207695, 0.0050157783553, 0.000837414932903, 0.000317533384077, 7.03426194377e-05, 0.000119159522001, 0.000122287339764, 1.4490178728e-05, 1.79610888154e-05, 2.42905553023e-05, 3.92663132516e-05, 3.73322400264e-05, 1.51307531269e-05, 1.06352590592e-05, 1.43927209137e-05, 9.09557820705e-06, 1.29250456666e-05, 8.90199862624e-06, 1.16913852253e-05, 6.39184509055e-06, 5.69408530282e-06, 1.02159447124e-05, 6.15861517872e-06, 6.36307822788e-06, 5.59814998269e-06, 4.81966253574e-06, 4.00382259613e-06, 4.07079915021e-06, 4.45568639407e-06, 3.49422225554e-06, 4.12227473134e-06, 2.61075683738e-06, 2.61307332039e-06, 2.25118265007e-06, 2.05794003705e-06, 1.69643544723e-06, 1.34245033223e-06, 1.09708196305e-06, 1.04920934518e-06, 9.37198024076e-07],
        "min": [2.18291144224e-24, 6.59494185424e-24, 1.05770746273e-23, 1.09753917976e-23, 3.99031759942e-24, 1.75340961429e-24, 4.01567395549e-24, 4.05835369705e-24, 3.17126738178e-24, 8.96879234542e-24, 7.67441043948e-24, 1.36741149311e-23, 6.16501423862e-24, 1.21386303112e-23, 9.66359420947e-24, 1.32362371753e-23, 1.28321392323e-23, 7.83877197566e-24, 8.80152622339e-24, 6.51224674884e-24, 7.09066993569e-24, 1.16125176743e-23, 7.27068957199e-24, 5.89453789448e-24, 5.97190818877e-24, 7.37624231655e-24, 1.29264641196e-23, 8.67893881644e-24, 1.0277292495e-23, 1.08357074083e-23, 1.35783014633e-23, 8.62845960711e-24, 9.98425512339e-24, 1.08372030886e-23, 1.24973979401e-23, 6.14978527884e-24, 8.45305559597e-24, 1.09541343628e-23, 1.22679246136e-23, 8.31874019395e-24],
        "var": [0.000245694303885, 0.000205136573641, 2.1683950763e-05, 3.03770048049e-06, 2.41454586103e-07, 1.82237243962e-07, 1.45462763612e-07, 4.04923099495e-08, 3.13193808665e-08, 2.60528292273e-08, 1.76816961073e-08, 4.00238739928e-08, 1.67993135847e-07, 1.09631059786e-08, 1.03399315776e-08, 7.73836017487e-09, 5.82220982537e-09, 2.57809595894e-09, 1.69358893576e-09, 9.10195863124e-10, 4.31499058706e-10, 7.18113291054e-10, 2.28942115266e-10, 3.18939569199e-10, 1.71342481869e-10, 1.75538777958e-10, 1.82146644989e-10, 1.74798911456e-10, 2.42311171128e-10, 4.62992838512e-10, 5.72044800418e-10, 1.70904262964e-10, 2.83578271976e-10, 5.14328746259e-10, 5.21527043773e-10, 4.28359875349e-10, 3.27867177852e-10, 1.89663340588e-10, 1.19733029047e-10, 1.13344486574e-10]
    },
    "mfcc": {
        "mean": [-637.161254883, 85.8422241211, 18.983537674, 24.5744876862, 9.0575056076, 14.386089325, 6.95818042755, 8.77496814728, 3.88540744781, 1.44631803036, -0.868102133274, -0.0255446303636, -1.18078267574],
        "cov": [[5898.42773438, -959.919006348, 1045.05895996, 232.988586426, 149.268508911, 162.169448853, -134.337280273, -209.227874756, -167.393997192, 69.1343765259, 134.651626587, 87.5308837891, -130.231033325], [-959.919006348, 1373.24902344, 216.0184021, 354.099243164, 329.50769043, 244.334075928, 233.128067017, 153.056793213, 120.094650269, 68.5343399048, 72.5288772583, 24.4562492371, -13.0436868668], [1045.05895996, 216.0184021, 1463.43908691, 488.60256958, 482.195220947, 364.127349854, 128.709915161, 108.077468872, 35.3778305054, 130.418624878, 90.7515716553, 46.2259750366, -94.9318008423], [232.988586426, 354.099243164, 488.60256958, 569.39831543, 393.570465088, 268.385040283, 161.923095703, 107.215675354, 89.3139724731, 102.184364319, 110.675758362, 79.2522354126, -32.4514389038], [149.268508911, 329.50769043, 482.195220947, 393.570465088, 454.29510498, 317.296813965, 208.145828247, 157.338012695, 105.632720947, 111.113006592, 80.5367355347, 57.3779754639, -1.75474357605], [162.169448853, 244.334075928, 364.127349854, 268.385040283, 317.296813965, 367.5105896, 212.084014893, 124.507751465, 120.497879028, 106.288093567, 85.569442749, 75.9128875732, 6.38536977768], [-134.337280273, 233.128067017, 128.709915161, 161.923095703, 208.145828247, 212.084014893, 254.698501587, 179.295791626, 117.786300659, 71.2251663208, 28.5730419159, 25.7499790192, 34.1428489685], [-209.227874756, 153.056793213, 108.077468872, 107.215675354, 157.338012695, 124.507751465, 179.295791626, 261.30859375, 97.922996521, 85.9861450195, -7.02799415588, 11.0214242935, 64.3160171509], [-167.393997192, 120.094650269, 35.3778305054, 89.3139724731, 105.632720947, 120.497879028, 117.786300659, 97.922996521, 161.917114258, 69.184173584, 41.5673866272, 42.9405555725, 18.42719841], [69.1343765259, 68.5343399048, 130.418624878, 102.184364319, 111.113006592, 106.288093567, 71.2251663208, 85.9861450195, 69.184173584, 151.327926636, 84.6888275146, 58.7920532227, 33.4472618103], [134.651626587, 72.5288772583, 90.7515716553, 110.675758362, 80.5367355347, 85.569442749, 28.5730419159, -7.02799415588, 41.5673866272, 84.6888275146, 155.55480957, 101.724693298, -1.59514605999], [87.5308837891, 24.4562492371, 46.2259750366, 79.2522354126, 57.3779754639, 75.9128875732, 25.7499790192, 11.0214242935, 42.9405555725, 58.7920532227, 101.724693298, 137.949783325, 41.9528770447], [-130.231033325, -13.0436868668, -94.9318008423, -32.4514389038, -1.75474357605, 6.38536977768, 34.1428489685, 64.3160171509, 18.42719841, 33.4472618103, -1.59514605999, 41.9528770447, 119.290878296]],
