{
"lowlevel": {
    "average_loudness": 0.850791931152,
    "barkbands_crest": {
        "dmean": 2.62532877922,
        "dmean2": 4.20080757141,
        "dvar": 7.30091810226,
        "dvar2": 19.3931674957,
        "max": 26.9601631165,
        "mean": 11.9735603333,
        "median": 11.3512449265,
        "min": 2.67147278786,
        "var": 19.9709873199
    },
    "barkbands_flatness_db": {
        "dmean": 0.0518666058779,
        "dmean2": 0.0754955410957,
        "dvar": 0.00372089375742,
        "dvar2": 0.0079583292827,
        "max": 0.820699691772,
        "mean": 0.279730618,
        "median": 0.276572883129,
        "min": 0.0343001671135,
        "var": 0.013769977726
    },
    "barkbands_kurtosis": {
        "dmean": 5.8343629837,
        "dmean2": 9.55387401581,
        "dvar": 265.75668335,
        "dvar2": 602.122436523,
        "max": 1142.06628418,
        "mean": 8.68298244476,
        "median": 4.29025363922,
        "min": -1.93017327785,
        "var": 481.06729126
    },
    "barkbands_skewness": {
        "dmean": 0.722649335861,
        "dmean2": 1.10556125641,
        "dvar": 0.999814510345,
        "dvar2": 2.25847744942,
        "max": 28.837097168,
        "mean": 1.85090720654,
        "median": 1.69003999233,
        "min": -8.83550739288,
        "var": 3.10518884659
    },
    "barkbands_spread": {
        "dmean": 5.35397481918,
        "dmean2": 8.71611690521,
        "dvar": 101.438774109,
        "dvar2": 214.614807129,
        "max": 116.267715454,
        "mean": 12.0762004852,
        "median": 7.06374835968,
        "min": 0.0133975502104,
        "var": 204.313644409
    },
    "dissonance": {
        "dmean": 0.0369954295456,
        "dmean2": 0.0564260594547,
        "dvar": 0.00158461695537,
        "dvar2": 0.00379073922522,
        "max": 0.5,
        "mean": 0.414031863213,
        "median": 0.431504994631,
        "min": 0.0280314814299,
        "var": 0.00507510779426
    },
    "dynamic_complexity": 5.4617729187,
    "erbbands_crest": {
        "dmean": 2.63975644112,
        "dmean2": 4.05413484573,
        "dvar": 7.38590669632,
        "dvar2": 17.1478691101,
        "max": 33.1794700623,
        "mean": 10.9829473495,
        "median": 9.74551773071,
        "min": 2.59572196007,
        "var": 27.3683738708
    },
    "erbbands_flatness_db": {
        "dmean": 0.0400032475591,
        "dmean2": 0.0544776841998,
        "dvar": 0.00227761315182,
        "dvar2": 0.00391682190821,
        "max": 0.683493673801,
        "mean": 0.258306533098,
        "median": 0.25466555357,
        "min": 0.0396086648107,
        "var": 0.0126421144232
    },
    "erbbands_kurtosis": {
        "dmean": 1.53820621967,
        "dmean2": 2.35305404663,
        "dvar": 8.38367938995,
        "dvar2": 18.6126670837,
        "max": 84.0051498413,
        "mean": 1.36148428917,
        "median": 0.228657484055,
        "min": -1.91626691818,
        "var": 19.4902095795
    },
    "erbbands_skewness": {
        "dmean": 0.477233797312,
        "dmean2": 0.700953364372,
        "dvar": 0.274944841862,
        "dvar2": 0.604218900204,
        "max": 7.09777021408,
        "mean": 0.313830345869,
        "median": 0.513476669788,
        "min": -7.36307477951,
        "var": 1.39591765404
    },
    "erbbands_spread": {
        "dmean": 9.92869663239,
        "dmean2": 13.9589452744,
        "dvar": 226.993911743,
        "dvar2": 400.193481445,
        "max": 165.950836182,
        "mean": 32.2521438599,
        "median": 21.1698551178,
        "min": 0.261078983545,
        "var": 796.994995117
    },
    "hfc": {
        "dmean": 6.7283782959,
        "dmean2": 10.2988443375,
        "dvar": 948.76171875,
        "dvar2": 2020.17004395,
        "max": 1533.19592285,
        "mean": 10.2087497711,
        "median": 2.50604772568,
        "min": 1.19779379057e-16,
        "var": 1432.3527832
    },
    "melbands_crest": {
        "dmean": 2.99093174934,
        "dmean2": 4.37498855591,
        "dvar": 9.11832809448,
        "dvar2": 18.7304992676,
        "max": 35.0173149109,
        "mean": 16.1355018616,
        "median": 15.0392093658,
        "min": 2.74955821037,
        "var": 35.5509185791
    },
    "melbands_flatness_db": {
        "dmean": 0.0604944340885,
        "dmean2": 0.0879501327872,
        "dvar": 0.00551139330491,
        "dvar2": 0.0122218234465,
        "max": 0.902780950069,
        "mean": 0.369795888662,
        "median": 0.370400607586,
        "min": 0.00607403600588,
        "var": 0.0206788312644
    },
    "melbands_kurtosis": {
        "dmean": 12.2166423798,
        "dmean2": 19.747674942,
        "dvar": 716.326538086,
        "dvar2": 1773.3359375,
        "max": 480.783294678,
        "mean": 21.4638519287,
        "median": 9.09109210968,
        "min": -1.91124939919,
        "var": 1255.69433594
    },
    "melbands_skewness": {
        "dmean": 0.88803589344,
        "dmean2": 1.30237305164,
        "dvar": 1.6302587986,
        "dvar2": 3.36600661278,
        "max": 16.9615592957,
        "mean": 2.94848561287,
        "median": 2.39304471016,
        "min": -4.9403090477,
        "var": 5.92553424835
    },
    "melbands_spread": {
        "dmean": 5.36020994186,
        "dmean2": 8.58203697205,
        "dvar": 174.294647217,
        "dvar2": 358.681762695,
        "max": 229.804153442,
        "mean": 13.7005367279,
        "median": 7.66601133347,
        "min": 0.180684328079,
        "var": 517.489440918
    },
    "pitch_salience": {
        "dmean": 0.0826347470284,
        "dmean2": 0.133887037635,
        "dvar": 0.0102450037375,
        "dvar2": 0.0270177274942,
        "max": 0.893744647503,
        "mean": 0.520272433758,
        "median": 0.52347189188,
        "min": 0.0278810448945,
        "var": 0.0194618403912
    },
    "silence_rate_20dB": {
        "dmean": 0,
        "dmean2": 0,
        "dvar": 0,
        "dvar2": 0,
        "max": 1,
        "mean": 1,
        "median": 1,
        "min": 1,
        "var": 0
    },
    "silence_rate_30dB": {
        "dmean": 0.0470380708575,
        "dmean2": 0.0940830558538,
        "dvar": 0.0448300167918,
        "dvar2": 0.0996600240469,
        "max": 1,
        "mean": 0.955905020237,
        "median": 1,
        "min": 0,
        "var": 0.042153313756
    },
    "silence_rate_60dB": {
        "dmean": 0.103042773902,
        "dmean2": 0.206027194858,
        "dvar": 0.0924264788628,
        "dvar2": 0.185936048627,
        "max": 1,
        "mean": 0.23495259881,
        "median": 0,
        "min": 0,
        "var": 0.179737344384
    },
    "spectral_centroid": {
        "dmean": 224.47795105,
        "dmean2": 357.564483643,
        "dvar": 180891.125,
        "dvar2": 396636.46875,
        "max": 11067.7939453,
        "mean": 802.646118164,
        "median": 477.637573242,
        "min": 132.412094116,
        "var": 763012.75
    },
    "spectral_complexity": {
        "dmean": 2.59811854362,
        "dmean2": 3.7954428196,
        "dvar": 15.2634744644,
        "dvar2": 30.2557449341,
        "max": 50,
        "mean": 8.40780448914,
        "median": 7,
        "min": 0,
        "var": 36.7702064514
    },
    "spectral_decrease": {
        "dmean": 3.67239771926e-09,
        "dmean2": 5.84823078853e-09,
        "dvar": 9.69019522119e-17,
        "dvar2": 2.58814490454e-16,
        "max": 1.01775821104e-09,
        "mean": -4.49727588503e-09,
        "median": -1.89138971152e-09,
        "min": -8.5018221796e-08,
        "var": 8.53080034579e-17
    },
    "spectral_energy": {
        "dmean": 0.0143974767998,
        "dmean2": 0.0227266587317,
        "dvar": 0.00141380738933,
        "dvar2": 0.00374335143715,
        "max": 0.32666310668,
        "mean": 0.0178997032344,
        "median": 0.00750908162445,
        "min": 1.09305568691e-20,
        "var": 0.00127952441107
    },
    "spectral_energyband_high": {
        "dmean": 0.000443795288447,
        "dmean2": 0.000697192444932,
        "dvar": 4.94960522701e-06,
        "dvar2": 1.05312547021e-05,
        "max": 0.111162163317,
        "mean": 0.000714122725185,
        "median": 2.03316471925e-06,
        "min": 8.18370088898e-21,
        "var": 1.33357070808e-05
    },
    "spectral_energyband_low": {
        "dmean": 0.0103146769106,
        "dmean2": 0.0182993467897,
        "dvar": 0.00122740771621,
        "dvar2": 0.00350058800541,
        "max": 0.279840767384,
        "mean": 0.00998419709504,
        "median": 0.00194349652156,
        "min": 1.02137166169e-22,
        "var": 0.000875634781551
    },
    "spectral_energyband_middle_high": {
        "dmean": 0.00103420426603,
        "dmean2": 0.00164725864306,
        "dvar": 6.40286771159e-06,
        "dvar2": 1.5895564502e-05,
        "max": 0.0872242674232,
        "mean": 0.00124409934506,
        "median": 0.000334651849698,
        "min": 1.47335821374e-21,
        "var": 7.48088086766e-06
    },
    "spectral_energyband_middle_low": {
        "dmean": 0.00604662392288,
        "dmean2": 0.00950850639492,
        "dvar": 0.000215274412767,
        "dvar2": 0.000534624909051,
        "max": 0.139546737075,
        "mean": 0.00762017676607,
        "median": 0.0033907527104,
        "min": 2.46909197174e-22,
        "var": 0.000193925210624
    },
    "spectral_entropy": {
        "dmean": 0.456480383873,
        "dmean2": 0.656687915325,
        "dvar": 0.335111558437,
        "dvar2": 0.691592931747,
        "max": 9.79238510132,
        "mean": 6.47340106964,
        "median": 6.29252052307,
        "min": 2.58995103836,
        "var": 1.09752976894
    },
    "spectral_flux": {
        "dmean": 0.0364592298865,
        "dmean2": 0.0474831573665,
        "dvar": 0.00269246893004,
        "dvar2": 0.00377374282107,
        "max": 0.475447565317,
        "mean": 0.0648848637938,
        "median": 0.0313449241221,
        "min": 1.04549306712e-10,
        "var": 0.00721465377137
    },
    "spectral_kurtosis": {
        "dmean": 26.0667476654,
        "dmean2": 41.223613739,
        "dvar": 1915.17797852,
        "dvar2": 4514.35546875,
        "max": 825.314025879,
        "mean": 47.0783042908,
        "median": 15.8569107056,
        "min": -1.20976793766,
        "var": 5390.1328125
    },
    "spectral_rms": {
        "dmean": 0.00115612323862,
        "dmean2": 0.00154165632557,
        "dvar": 3.42440125678e-06,
        "dvar2": 7.69763937569e-06,
        "max": 0.0178520511836,
        "mean": 0.00329992873594,
        "median": 0.00270664622076,
        "min": 3.26557162388e-12,
        "var": 6.57359623801e-06
    },
    "spectral_rolloff": {
        "dmean": 410.7293396,
        "dmean2": 724.751464844,
        "dvar": 1996765.25,
        "dvar2": 3919684.25,
        "max": 18755.4199219,
        "mean": 1026.51123047,
        "median": 452.197265625,
        "min": 64.599609375,
        "var": 3753202.5
    },
    "spectral_skewness": {
        "dmean": 1.42657971382,
        "dmean2": 2.21063017845,
        "dvar": 3.26939821243,
        "dvar2": 7.28871631622,
        "max": 23.7395992279,
        "mean": 3.93668317795,
        "median": 2.94827604294,
        "min": -0.361874759197,
        "var": 11.381562233
    },
    "spectral_spread": {
        "dmean": 945503.3125,
        "dmean2": 1321677.875,
        "dvar": 2.12158893261e+12,
        "dvar2": 3.25378349466e+12,
        "max": 40667680,
        "mean": 3276190.25,
        "median": 2196040.75,
        "min": 89617.5546875,
        "var": 7.6415196201e+12
    },
    "spectral_strongpeak": {
        "dmean": 0.28742352128,
        "dmean2": 0.461550652981,
        "dvar": 0.857024013996,
        "dvar2": 1.87055969238,
        "max": 24.3503513336,
        "mean": 0.566480875015,
        "median": 0.315326750278,
        "min": 0,
        "var": 1.75753593445
    },
    "zerocrossingrate": {
        "dmean": 0.0100872460753,
        "dmean2": 0.0122685106471,
        "dvar": 0.000507486867718,
        "dvar2": 0.000695778639056,
        "max": 0.50634765625,
        "mean": 0.039249278605,
        "median": 0.0224609375,
        "min": 0.001953125,
        "var": 0.00264101452194
    },
    "barkbands": {
        "dmean": [9.29504967644e-05, 0.00234878528863, 0.00660506496206, 0.00377954007126, 0.00154013570864, 0.000659926095977, 0.000585540488828, 0.000244673632551, 0.000220058340346, 0.000212491751881, 0.000148404287756, 0.00012012544903, 0.000218334433157, 9.89692780422e-05, 9.61482073762e-05, 8.96980563994e-05, 8.83920001797e-05, 4.17251358158e-05, 4.7246383474e-05, 5.69878575334e-05, 0.000100553283119, 0.000139140640385, 4.99007037433e-05, 4.24492936872e-05, 3.35403892677e-05, 7.9318335338e-05, 3.89258057112e-05],
        "dmean2": [0.000111973997264, 0.00333412387408, 0.0118532525375, 0.00703719537705, 0.00234556128271, 0.00108261429705, 0.000969986431301, 0.000321646948578, 0.000309886352625, 0.000321595813148, 0.000233720158576, 0.000180503469892, 0.000338142912369, 0.00015823879221, 0.000164127908647, 0.00016554564354, 0.000166723359143, 7.37153677619e-05, 7.62977215345e-05, 8.70245567057e-05, 0.000167446807609, 0.00022195733618, 6.86499843141e-05, 6.30924259895e-05, 5.59917571081e-05, 0.000128305880935, 6.37662524241e-05],
        "dvar": [5.35183346528e-08, 2.91548767564e-05, 0.000621660088655, 0.000161694348208, 9.80153254204e-06, 2.77887465927e-06, 2.94238907372e-06, 2.02631213142e-07, 2.08557011661e-07, 2.09275839325e-07, 1.47129838979e-07, 3.14138304702e-07, 1.742641075e-06, 2.46657492653e-07, 1.06285966694e-07, 1.09103254431e-07, 1.2731631216e-07, 2.0589391525e-08, 3.45551462999e-08, 6.43160618097e-08, 1.44354601161e-07, 5.5604471072e-07, 3.42996848701e-08, 2.86275980699e-08, 5.8488240029e-08, 1.33440710215e-06, 4.29722774697e-07],
        "dvar2": [6.96476263329e-08, 6.08795562584e-05, 0.00172835588455, 0.000463281030534, 2.14228384721e-05, 7.7359354691e-06, 8.03627426649e-06, 3.83509529911e-07, 4.35146318978e-07, 4.60188289253e-07, 3.30558521e-07, 7.43737018638e-07, 4.28510566053e-06, 6.16864440417e-07, 2.80466508684e-07, 3.12303029659e-07, 3.66578603916e-07, 5.66855540285e-08, 7.69071775153e-08, 1.16562581809e-07, 3.47060932882e-07, 1.27813780182e-06, 6.32919707755e-08, 6.34675245692e-08, 1.15378220755e-07, 2.96547455036e-06, 9.45213628256e-07],
        "max": [0.00238371547312, 0.055000834167, 0.218911170959, 0.119763731956, 0.0460844412446, 0.0504957064986, 0.0143979974091, 0.00913600623608, 0.0126861529425, 0.0080793639645, 0.0120141096413, 0.0250557474792, 0.0855659842491, 0.0227264277637, 0.00865795277059, 0.00384262017906, 0.00430325232446, 0.00350882299244, 0.0070315641351, 0.0126587608829, 0.0181611310691, 0.0414170622826, 0.00891593843699, 0.0143408989534, 0.015897937119, 0.0493457466364, 0.0358782410622],
        "mean": [0.000153320215759, 0.00347254378721, 0.00474155368283, 0.00259693944827, 0.00247673038393, 0.00117790547665, 0.00056403997587, 0.000400264485506, 0.000306940142764, 0.000277367798844, 0.000181454161066, 0.000164525219589, 0.000272219884209, 8.83324391907e-05, 7.89611949585e-05, 5.86381174799e-05, 5.66766902921e-05, 3.49983274646e-05, 5.11125945195e-05, 8.02981958259e-05, 0.000132908724481, 0.000210411293665, 9.06929344637e-05, 7.5699055742e-05, 5.35715298611e-05, 6.87226420268e-05, 3.29168942699e-05],
        "median": [8.12621601654e-06, 0.000699350843206, 0.000609120295849, 0.000386241124943, 0.00102341151796, 0.000518567743711, 7.89272089605e-05, 0.000151959087816, 8.26724353828e-05, 7.24593919585e-05, 4.40975309175e-05, 2.27280961553e-05, 1.73927255673e-05, 6.53737060929e-06, 9.08091260499e-06, 3.15319948641e-06, 2.5334777547e-06, 2.19216758524e-06, 1.63079334925e-06, 6.00579312504e-07, 5.51207165245e-07, 3.602739298e-07, 1.64677189218e-07, 8.12820672991e-08, 3.30038965046e-08, 7.08407865702e-09, 1.36416278274e-09],
        "min": [1.0090709536e-23, 5.43833071886e-23, 2.49688581335e-23, 1.70835181209e-23, 2.85871043594e-23, 1.97950886431e-23, 7.27304006194e-23, 2.06469195812e-23, 7.74663175975e-23, 1.01747449949e-22, 3.70690535638e-23, 2.42399437151e-22, 9.16739170707e-23, 1.58821063126e-22, 9.7434608541e-23, 7.77756204922e-23, 1.34597959382e-22, 1.56599858008e-22, 1.91182169563e-22, 4.1227181047e-22, 5.48950254806e-22, 5.76202180529e-22, 7.13182764902e-22, 1.01244150381e-21, 1.30220462934e-21, 1.47939546091e-21, 2.4474010484e-21],
        "var": [1.53772035105e-07, 5.35546168976e-05, 0.000385233928682, 9.27541332203e-05, 1.47557566379e-05, 3.94587959818e-06, 2.20158653974e-06, 4.55910338815e-07, 3.45983721672e-07, 2.98922572028e-07, 2.02115515435e-07, 4.73566956316e-07, 2.85213127427e-06, 2.25702180501e-07, 8.22355445962e-08, 6.40642525696e-08, 7.28276674522e-08, 1.6015304638e-08, 6.21662294975e-08, 1.89755155589e-07, 4.08284307696e-07, 1.7441690261e-06, 1.74113296225e-07, 1.71039033603e-07, 2.06307745998e-07, 1.25680344354e-06, 4.08692642395e-07]
    },
    "erbbands": {
        "dmean": [0.08102427423, 0.551057100296, 5.36389493942, 13.2908382416, 7.99821472168, 4.14999580383, 5.4014749527, 5.45093345642, 8.42402362823, 6.49329948425, 5.17933368683, 5.64805984497, 4.98073482513, 7.14119529724, 5.36892366409, 6.11264276505, 9.58995819092, 5.87096405029, 5.4025349617, 4.63820457458, 4.74094009399, 5.02936601639, 2.81459832191, 2.53677940369, 2.43723845482, 2.98466086388, 3.35617351532, 5.01845359802, 5.05981206894, 2.69471502304, 1.29242682457, 1.00979566574, 0.668843388557, 0.37336820364, 0.277586609125, 0.175981804729, 0.174436300993, 0.0623600371182, 0.0065545826219, 0.000209624398849],
        "dmean2": [0.11817125231, 0.869107246399, 9.04786777496, 25.108133316, 12.9377260208, 6.54859924316, 8.40070438385, 9.19012355804, 14.1169538498, 10.0786552429, 6.70329284668, 7.7790184021, 6.99971961975, 11.3989477158, 8.25832080841, 9.09685134888, 14.7017831802, 9.19198608398, 8.87915706635, 8.25967788696, 8.76952934265, 9.50636196136, 5.08238172531, 4.34739542007, 3.6601319313, 4.57412958145, 5.36041545868, 8.21321487427, 8.3798532486, 3.73571777344, 1.87308907509, 1.50590276718, 1.01011991501, 0.574858605862, 0.469490170479, 0.292774885893, 0.273782908916, 0.105854101479, 0.0111784320325, 0.000349186884705],
        "dvar": [0.051506049931, 1.81591784954, 356.451568604, 2352.23046875, 378.144592285, 83.7352676392, 131.677444458, 229.141387939, 674.760375977, 242.322158813, 89.9421310425, 136.648956299, 124.943115234, 284.87991333, 193.35446167, 788.798522949, 3867.94873047, 589.210266113, 479.206756592, 248.702560425, 314.419128418, 423.825012207, 107.473739624, 78.6317138672, 112.846557617, 174.958526611, 245.517745972, 395.24331665, 497.251403809, 157.06842041, 20.2284736633, 22.6613502502, 6.75920200348, 4.95942735672, 5.55178785324, 4.30224704742, 6.86231184006, 1.08564579487, 0.0126991858706, 1.05598546725e-05],
        "dvar2": [0.123496055603, 3.6216583252, 943.74822998, 6779.41113281, 995.434936523, 201.798233032, 326.701324463, 652.610229492, 1852.89294434, 620.67565918, 156.645706177, 276.811889648, 249.117553711, 687.210266113, 414.702545166, 1872.37084961, 9550.93261719, 1426.23388672, 1246.5144043, 674.460998535, 899.867004395, 1223.84472656, 302.890045166, 207.264694214, 204.887023926, 326.116546631, 459.956451416, 955.56842041, 1254.4387207, 257.228607178, 34.5537033081, 62.6874580383, 14.9640836716, 11.4369211197, 11.3506088257, 9.50473594666, 16.0857086182, 2.31411552429, 0.0269848294556, 2.28813078138e-05],
        "max": [2.09043645859, 11.8385381699, 180.067428589, 382.825714111, 252.006591797, 130.173873901, 158.620498657, 609.592468262, 229.243652344, 169.753112793, 157.483276367, 350.58291626, 298.643127441, 227.754150391, 593.9140625, 1284.53076172, 4177.2890625, 1151.01611328, 1082.27941895, 486.652008057, 187.67779541, 244.382522583, 237.384414673, 207.061737061, 483.559234619, 693.942382812, 755.54699707, 932.726745605, 1013.58184814, 734.354858398, 218.941497803, 329.563690186, 213.810241699, 174.917907715, 150.258728027, 76.3221054077, 114.54523468, 49.7226638794, 6.2310552597, 0.177844598889],
        "mean": [0.107416935265, 0.787568688393, 4.29113817215, 8.61228942871, 8.38199710846, 6.66220569611, 11.4327974319, 8.56573104858, 8.17863559723, 8.02842712402, 8.55396270752, 8.44170665741, 6.92344236374, 8.41481781006, 7.3812289238, 8.94003486633, 12.5702476501, 5.96968507767, 4.63158369064, 3.52145409584, 3.08911418915, 3.16683506966, 2.21677660942, 2.36674571037, 2.89050722122, 4.23314237595, 4.72583866119, 6.36669969559, 6.85530042648, 4.98537921906, 2.43033289909, 1.71953785419, 1.16702580452, 0.638366639614, 0.360261023045, 0.173721343279, 0.140678733587, 0.0552522949874, 0.00575795955956, 0.000187826648471],
        "median": [0.0139649454504, 0.179420545697, 0.704015851021, 1.18301403522, 2.2104203701, 2.33174943924, 5.38932085037, 2.70126986504, 1.37245690823, 1.97867524624, 3.11240053177, 2.62523913383, 1.89836800098, 2.0984582901, 2.17615556717, 1.56537473202, 1.04354381561, 0.637333810329, 0.506420433521, 0.364219933748, 0.165143638849, 0.149685561657, 0.197062447667, 0.0952768474817, 0.0628978386521, 0.0335107780993, 0.0250741895288, 0.021079653874, 0.0137343676761, 0.00803603511304, 0.00409922236577, 0.00193770474289, 0.00117229507305, 0.000486350152642, 0.000173260923475, 5.54265316168e-05, 1.58328693942e-05, 2.44672196459e-06, 5.75312287765e-06, 9.28824738367e-06],
        "min": [2.84816500647e-21, 7.40792341226e-21, 1.91602074796e-20, 6.10811748553e-20, 4.52649063943e-20, 1.3868919863e-19, 6.83494945756e-20, 2.66642911227e-19, 6.40054521912e-19, 1.22128047565e-18, 5.52025754329e-19, 2.05022050136e-18, 1.78663236814e-18, 3.33693861488e-18, 3.45976294173e-18, 1.0160346318e-17, 3.83658610375e-18, 8.26278820249e-18, 5.70074018454e-18, 5.75266520672e-18, 5.83608264918e-18, 6.50480523487e-18, 7.70945234917e-18, 1.00014374777e-17, 1.22864254853e-17, 1.92609551572e-17, 2.54242481228e-17, 2.14583207498e-17, 1.59250945655e-17, 1.55754916427e-17, 2.13416006023e-17, 1.98903403417e-17, 1.80052304673e-17, 1.53722798359e-17, 9.28542332199e-18, 5.17695370424e-18, 2.78555056511e-18, 1.3437589376e-18, 3.64743197304e-19, 3.58127070723e-20],
        "var": [0.0718295276165, 2.94998764992, 252.134979248, 1311.32788086, 320.741638184, 123.712287903, 272.904968262, 345.601776123, 483.928405762, 266.551574707, 205.888702393, 242.300033569, 202.086166382, 320.820251465, 329.724304199, 1236.59436035, 6401.53027344, 638.954589844, 374.302856445, 172.941772461, 184.819732666, 239.448883057, 73.264755249, 99.3691635132, 270.827728271, 531.128540039, 729.054016113, 1111.9119873, 1383.21337891, 873.908996582, 116.091430664, 78.203453064, 44.7492980957, 25.7985134125, 11.3059272766, 4.50907230377, 5.94427633286, 1.06184995174, 0.0124919256195, 1.02637213786e-05]
    },
    "gfcc": {
        "mean": [-174.607513428, 166.065124512, -95.1312866211, 4.88563728333, -48.9180107117, 4.42757987976, -21.7776870728, -11.4304828644, -16.4078826904, -7.84791278839, -9.21248912811, -7.62421894073, -6.22148275375],
        "cov": [[24759.4101562, -5677.70703125, 1267.92456055, 5055.39794922, -1911.70251465, 1179.23339844, -273.095611572, 692.941772461, -565.450256348, 236.431213379, -717.088195801, 405.517974854, -146.003082275], [-5677.70703125, 7443.33496094, -136.604171753, -2271.1105957, 2339.96826172, -1008.95898438, 505.361053467, -534.446655273, 437.645355225, -511.368377686, 633.656799316, -157.898956299, 449.14743042], [1267.92456055, -136.604171753, 1746.5279541, 536.054992676, -201.454620361, 340.740264893, 141.968017578, 103.724502563, 10.6295719147, 32.1393165588, -76.4182510376, 89.3670806885, -0.145941764116], [5055.39794922, -2271.1105957, 536.054992676, 2802.42895508, -744.982666016, 350.48739624, 60.8998413086, 450.495544434, 22.1816577911, 27.9507751465, -188.378845215, 71.1960372925, -27.5459709167], [-1911.70251465, 2339.96826172, -201.454620361, -744.982666016, 1287.5090332, -458.727111816, 102.858901978, -99.1442489624, 141.96295166, -167.003387451, 174.313156128, -77.2141647339, 85.406539917], [1179.23339844, -1008.95898438, 340.740264893, 350.48739624, -458.727111816, 542.125793457, -14.7379074097, 26.7789306641, -37.0333023071, 124.172470093, -53.8651695251, 43.0869865417, -32.4069328308], [-273.095611572, 505.361053467, 141.968017578, 60.8998413086, 102.858901978, -14.7379074097, 244.243804932, 23.2091903687, 81.850730896, -19.3065624237, 84.9538421631, -0.758559167385, 48.214302063], [692.941772461, -534.446655273, 103.724502563, 450.495544434, -99.1442489624, 26.7789306641, 23.2091903687, 267.712219238, 52.7387809753, 24.2190227509, -35.3411598206, 28.622505188, -40.9390106201], [-565.450256348, 437.645355225, 10.6295719147, 22.1816577911, 141.96295166, -37.0333023071, 81.850730896, 52.7387809753, 191.215011597, 16.6290493011, 78.3250198364, 4.15048408508, 62.6287193298], [236.431213379, -511.368377686, 32.1393165588, 27.9507751465, -167.003387451, 124.172470093, -19.3065624237, 24.2190227509, 16.6290493011, 155.722549438, 6.29265928268, 33.5823402405, -14.4689645767], [-717.088195801, 633.656799316, -76.4182510376, -188.378845215, 174.313156128, -53.8651695251, 84.9538421631, -35.3411598206, 78.3250198364, 6.29265928268, 189.003494263, 31.2658691406, 87.096572876], [405.517974854, -157.898956299, 89.3670806885, 71.1960372925, -77.2141647339, 43.0869865417, -0.758559167385, 28.622505188, 4.15048408508, 33.5823402405, 31.2658691406, 108.300941467, 42.385799408], [-146.003082275, 449.14743042, -0.145941764116, -27.5459709167, 85.406539917, -32.4069328308, 48.214302063, -40.9390106201, 62.6287193298, -14.4689645767, 87.096572876, 42.385799408, 145.020706177]],
        "icov": [[8.8367756689e-05, -7.14930865797e-05, 3.46304659615e-05, -0.000176635963726, -4.80581047668e-06, -0.000104071688838, 4.38960778411e-05, -6.51591763017e-05, 0.000347643974237, -0.000237878150074, 0.000284845009446, -0.000300714455079, -3.35894910677e-05], [-7.14930865797e-05, 0.00107436382677, -0.000346424116287, 0.000517866399605, -0.000798323366325, 0.000464426731924, -0.000681386794895, 0.000972546869889, -0.00134812504984, 0.00207672896795, -0.00140575808473, 0.000913788622711, -0.000859784253407], [3.46304659615e-05, -0.000346424116287, 0.000902895233594, -0.00023487819999, 9.43151244428e-05, -0.000683294201735, -0.000409642583691, -0.000320208899211, 0.000434355082689, -0.000515535008162, 0.00115068082232, -0.00110926909838, 0.000295757839922], [-0.000176635963726, 0.000517866399605, -0.00023487819999, 0.00113624543883, -2.54476690316e-05, 0.000142127362778, -0.000499154033605, -0.000551010889467, -0.00105977337807, 0.00154114572797, -0.000570273783524, 0.000988376443274, -0.000843937508762], [-4.80581047668e-06, -0.000798323366325, 9.43151244428e-05, -2.54476690316e-05, 0.00220644241199, 0.000546207884327, 0.000566661881749, -0.00071600289084, 5.90845411352e-06, -0.000486003555125, 3.09400202241e-05, 0.000181194132892, 0.000772453960963], [-0.000104071688838, 0.000464426731924, -0.000683294201735, 0.000142127362778, 0.000546207884327, 0.00363537482917, -0.000281684770016, 0.00110166019294, -0.000782791583333, -0.000749924511183, -0.00100862875115, 0.000727235455997, 3.49359579559e-05], [4.38960778411e-05, -0.000681386794895, -0.000409642583691, -0.000499154033605, 0.000566661881749, -0.000281684770016, 0.00653205625713, -0.000984473968856, -0.000500695081428, -0.000364762701793, -0.00202401774004, 0.000913327676244, 0.000341527571436], [-6.51591763017e-05, 0.000972546869889, -0.000320208899211, -0.000551010889467, -0.00071600289084, 0.00110166019294, -0.000984473968856, 0.00786657352, -0.00414742249995, 0.0016647935845, -0.000675439019687, -0.00208482891321, 0.00300539238378], [0.000347643974237, -0.00134812504984, 0.000434355082689, -0.00105977337807, 5.90845411352e-06, -0.000782791583333, -0.000500695081428, -0.00414742249995, 0.0118077537045, -0.00538482796401, 0.000819851353299, 0.000710186141077, -0.00319481058978], [-0.000237878150074, 0.00207672896795, -0.000515535008162, 0.00154114572797, -0.000486003555125, -0.000749924511183, -0.000364762701793, 0.0016647935845, -0.00538482796401, 0.0141133563593, -0.00437237042934, -0.000381367222872, 0.000801742076874], [0.000284845009446, -0.00140575808473, 0.00115068082232, -0.000570273783524, 3.09400202241e-05, -0.00100862875115, -0.00202401774004, -0.000675439019687, 0.000819851353299, -0.00437237042934, 0.0132187157869, -0.00456873932853, -0.00262182764709], [-0.000300714455079, 0.000913788622711, -0.00110926909838, 0.000988376443274, 0.000181194132892, 0.000727235455997, 0.000913327676244, -0.00208482891321, 0.000710186141077, -0.000381367222872, -0.00456873932853, 0.0161538943648, -0.00610486138612], [-3.35894910677e-05, -0.000859784253407, 0.000295757839922, -0.000843937508762, 0.000772453960963, 3.49359579559e-05, 0.000341527571436, 0.00300539238378, -0.00319481058978, 0.000801742076874, -0.00262182764709, -0.00610486138612, 0.01447097864]]
    },
    "melbands": {
        "dmean": [0.000682026147842, 0.00213530380279, 0.00212328578345, 0.000379924720619, 0.0001893267181, 0.000125008999021, 0.000127065752167, 6.47849810775e-05, 4.15511458414e-05, 3.44076543115e-05, 2.44761558861e-05, 2.98270733765e-05, 1.91920535144e-05, 1.34873525894e-05, 2.02080809686e-05, 1.90287646546e-05, 1.03568472696e-05, 9.05753768166e-06, 6.66509095026e-06, 6.49162893751e-06, 4.9668756219e-06, 5.06715286974e-06, 4.14621081291e-06, 1.74894216798e-06, 2.21081745622e-06, 1.24887947095e-06, 2.05748574444e-06, 2.08311098504e-06, 1.96310793399e-06, 2.29704892263e-06, 3.25305381921e-06, 2.96821190204e-06, 2.83743588625e-06, 1.18925220249e-06, 8.0156473814e-07, 5.99735471951e-07, 6.62825868858e-07, 5.3637432984e-07, 3.47165610037e-07, 3.04571329934e-07],
        "dmean2": [0.000989606487565, 0.00346034904942, 0.0039217043668, 0.000582843204029, 0.000297115911962, 0.000208659083, 0.000212198472582, 9.77777308435e-05, 5.43473470316e-05, 4.73918516946e-05, 3.48770736309e-05, 4.7832076234e-05, 3.00654664898e-05, 2.00048907573e-05, 3.08109083562e-05, 2.93166121992e-05, 1.63524800882e-05, 1.49167362906e-05, 1.16814553621e-05, 1.16884493764e-05, 9.20367347135e-06, 9.54558072408e-06, 7.80442314863e-06, 3.02978287436e-06, 3.82718735636e-06, 1.87993828149e-06, 3.18863453685e-06, 3.17337367051e-06, 3.14327894557e-06, 3.92697256757e-06, 5.28835471414e-06, 4.92902245242e-06, 4.45474961452e-06, 1.61604828008e-06, 1.18868592835e-06, 8.55136022437e-07, 1.04735511286e-06, 8.31807142276e-07, 5.28871282768e-07, 4.9075441666e-07],
        "dvar": [2.89787658403e-06, 5.03465416841e-05, 5.35134095117e-05, 6.54777750242e-07, 1.59124255106e-07, 1.15072637641e-07, 1.49485742895e-07, 2.17697486704e-08, 6.02603256183e-09, 5.06464203909e-09, 3.06974090591e-09, 5.08914288488e-09, 2.53468757094e-09, 3.12614334419e-09, 1.44395526647e-08, 1.2676252048e-08, 2.34432628865e-09, 1.71568703689e-09, 4.87116069703e-10, 5.00289309979e-10, 3.48948203666e-10, 4.2532263822e-10, 2.73030625886e-10, 3.30246767433e-11, 6.35438923702e-11, 2.28540797398e-11, 9.76123903929e-11, 1.01565672539e-10, 8.5531130789e-11, 8.94025270481e-11, 2.15413770155e-10, 2.3629906365e-10, 2.16107035045e-10, 2.90432556477e-11, 9.91003546585e-12, 3.07797233881e-12, 1.68041153908e-11, 3.51473147461e-12, 3.98754727154e-12, 3.90838273204e-12],
        "dvar2": [7.07256458554e-06, 0.000132619141368, 0.000153198285261, 1.48526032717e-06, 4.09374280252e-07, 3.24071834257e-07, 4.09925007716e-07, 5.37936806211e-08, 1.06994351157e-08, 1.03242712157e-08, 6.17248518964e-09, 1.23011787423e-08, 5.58911095183e-09, 7.26740223556e-09, 3.57795713057e-08, 3.03209155561e-08, 5.74321434854e-09, 4.46321291037e-09, 1.31388233626e-09, 1.40608868993e-09, 9.94697102463e-10, 1.22438759131e-09, 7.83916320746e-10, 8.95284957281e-11, 1.67539274121e-10, 4.53716092474e-11, 1.75805453528e-10, 1.87972901133e-10, 1.5595477687e-10, 2.24700105744e-10, 4.9250536982e-10, 6.315620249e-10, 5.25907317694e-10, 4.42393760514e-11, 1.81139027389e-11, 6.19004890748e-12, 4.78919230662e-11, 7.52625912981e-12, 9.32014795202e-12, 9.1053232662e-12],
        "max": [0.0168347656727, 0.0682166665792, 0.0580859519541, 0.0106182862073, 0.00503728212789, 0.0120220230892, 0.00337191578001, 0.00200270721689, 0.00122405600268, 0.0018800816033, 0.00149224651977, 0.00100421335083, 0.00161261844914, 0.00264632469043, 0.00819938257337, 0.00834835972637, 0.00263134553097, 0.00228855712339, 0.000696433533449, 0.000449631887022, 0.000246501731453, 0.00023389805574, 0.000292861048365, 0.000131613021949, 0.00019659375539, 0.000181128678378, 0.000445937504992, 0.000523757829797, 0.000410053617088, 0.00049426802434, 0.000698044896126, 0.00072279071901, 0.000606965215411, 0.000356482050847, 0.000168200363987, 5.71899836359e-05, 0.000290833238978, 0.000133432025905, 0.00019719467673, 0.000130282089231],
        "mean": [0.000927963817958, 0.00188451341819, 0.00150621635839, 0.000506354612298, 0.000390093657188, 0.000197406945517, 0.000122491052025, 8.52687517181e-05, 6.75854171277e-05, 4.97526707477e-05, 3.32691488438e-05, 3.43449028151e-05, 2.41563357122e-05, 2.01939965336e-05, 2.69195661531e-05, 2.35045372392e-05, 9.81157700153e-06, 7.58909118304e-06, 5.06250762555e-06, 4.58124122815e-06, 3.22963705912e-06, 3.18128149956e-06, 2.82643327409e-06, 1.53290579874e-06, 2.00420299734e-06, 1.51299752815e-06, 2.51659616879e-06, 2.89713125312e-06, 2.73458658739e-06, 2.86439308184e-06, 4.13275893152e-06, 3.7499305563e-06, 4.26382257501e-06, 2.15393492908e-06, 1.46351180774e-06, 9.74409431365e-07, 1.11162069061e-06, 8.52713810673e-07, 6.94040579674e-07, 4.69326579378e-07],
        "median": [0.000159078481374, 0.000365502171917, 0.000289135845378, 0.000160522176884, 0.00020074074564, 6.94605114404e-05, 1.79971011676e-05, 2.18130535359e-05, 2.55992308666e-05, 1.41790269481e-05, 8.48939725984e-06, 7.52680352889e-06, 6.23164896751e-06, 4.34046023656e-06, 3.07723803417e-06, 1.52528320996e-06, 8.63214324909e-07, 7.45846762129e-07, 4.97485643791e-07, 3.84399868381e-07, 1.28623497631e-07, 1.20611815646e-07, 1.70831739865e-07, 1.04795788047e-07, 4.44843024638e-08, 5.82350274669e-08, 2.18412079533e-08, 1.99261016576e-08, 1.5288597055e-08, 1.3129326959e-08, 1.16933334127e-08, 8.05088617994e-09, 5.69266767059e-09, 3.63943164494e-09, 2.56141752253e-09, 1.32858701818e-09, 1.1267639044e-09, 8.3928197725e-10, 6.04784777813e-10, 3.32870370157e-10],
        "min": [1.97404221601e-23, 9.98577052519e-24, 9.12178481824e-24, 7.09668736668e-24, 3.03270278049e-24, 5.88786058134e-24, 1.06484334071e-23, 1.11241851638e-23, 4.64353032211e-24, 1.30757150251e-23, 9.19246044446e-24, 1.43962429369e-23, 7.70530144366e-24, 2.96081428063e-23, 1.02317917868e-23, 1.30696707729e-23, 1.55482086282e-23, 1.02152990719e-23, 6.61487400273e-24, 6.96057415065e-24, 7.43316573061e-24, 7.88234865207e-24, 5.39220862497e-24, 6.96590763923e-24, 8.16760312198e-24, 7.68349575052e-24, 1.21115084845e-23, 1.23911123437e-23, 1.85395139605e-23, 1.05736533376e-23, 1.40235250919e-23, 1.01429400165e-23, 7.96282981934e-24, 8.10695786217e-24, 1.1911424171e-23, 1.54849751158e-23, 9.78428282822e-24, 1.21221478515e-23, 1.37635622914e-23, 1.23902516965e-23],
        "var": [4.33335026173e-06, 3.87628497265e-05, 3.07323498419e-05, 8.07918922874e-07, 2.92167868565e-07, 1.5793004593e-07, 1.08346711158e-07, 2.76702998292e-08, 1.30541621957e-08, 8.72437944111e-09, 4.89811435855e-09, 5.75315040052e-09, 3.60435303826e-09, 5.31011590255e-09, 2.19292672909e-08, 2.20785523197e-08, 2.3833328644e-09, 1.30373967178e-09, 3.45749262554e-10, 3.14184372963e-10, 2.09728373557e-10, 2.43248282628e-10, 1.61069727e-10, 2.73916132831e-11, 8.08252770268e-11, 5.02110610034e-11, 2.5347490773e-10, 2.73876282764e-10, 2.51501625081e-10, 1.9099365145e-10, 6.0684790526e-10, 5.19742915372e-10, 6.27377316764e-10, 1.66919644773e-10, 4.36553224126e-11, 1.49357921864e-11, 4.41220115999e-11, 1.97963468535e-11, 2.99331323617e-11, 1.39853640821e-11]
    },
    "mfcc": {
        "mean": [-800.741210938, 169.718383789, 31.5137634277, 8.98249816895, -2.36586332321, 12.2393932343, 1.67897880077, 0.955967605114, -2.72305107117, -2.32647228241, -0.820467233658, -2.62466859818, -3.69701623917],
        "cov": [[15231.0517578, -2084.93920898, -17.507522583, 1644.67578125, -171.405059814, 538.767822266, -151.24621582, 264.305419922, 226.202606201, 60.0811805725, -130.13168335, -120.184211731, -125.883010864], [-2084.93920898, 5797.89453125, -370.665252686, -706.655883789, 773.22467041, -34.6256523132, 220.142623901, -24.4875049591, -75.8745498657, -132.473739624, -4.21813011169, -59.8969764709, -61.2220306396], [-17.507522583, -370.665252686, 1415.29675293, 344.835632324, -103.779212952, 162.530151367, 78.1542816162, 168.169174194, 89.6978149414, 68.7088241577, 12.9086418152, 25.7873935699, 41.5380706787], [1644.67578125, -706.655883789, 344.835632324, 1075.60778809, 181.661514282, 5.31187915802, 0.151262372732, 221.950317383, 176.031143188, 89.8169708252, 27.0373344421, 29.8761005402, 27.1833457947], [-171.405059814, 773.22467041, -103.779212952, 181.661514282, 502.347503662, 1.1775405407, 18.1403255463, 72.0587768555, 46.6430397034, 17.9347286224, 24.962934494, 1.8993241787, -14.2382545471], [538.767822266, -34.6256523132, 162.530151367, 5.31187915802, 1.1775405407, 276.586791992, 62.9869117737, -1.38741528988, 8.24574565887, 26.742225647, 11.685749054, 3.47819185257, 3.67380404472], [-151.24621582, 220.142623901, 78.1542816162, 0.151262372732, 18.1403255463, 62.9869117737, 150.344497681, 43.8272666931, -13.9893283844, 15.9368228912, 22.5209579468, 12.9274148941, 2.02367758751], [264.305419922, -24.4875049591, 168.169174194, 221.950317383, 72.0587768555, -1.38741528988, 43.8272666931, 174.782485962, 80.9021606445, 33.1580886841, 31.462348938, 29.6492900848, 15.5475502014], [226.202606201, -75.8745498657, 89.6978149414, 176.031143188, 46.6430397034, 8.24574565887, -13.9893283844, 80.9021606445, 126.357910156, 59.93567276, 18.9977798462, 20.0497207642, 20.1397151947], [60.0811805725, -132.473739624, 68.7088241577, 89.8169708252, 17.9347286224, 26.742225647, 15.9368228912, 33.1580886841, 59.93567276, 104.283370972, 52.3607139587, 15.9982242584, 15.7953071594], [-130.13168335, -4.21813011169, 12.9086418152, 27.0373344421, 24.962934494, 11.685749054, 22.5209579468, 31.462348938, 18.9977798462, 52.3607139587, 87.9028167725, 46.4902191162, 14.3782081604], [-120.184211731, -59.8969764709, 25.7873935699, 29.8761005402, 1.8993241787, 3.47819185257, 12.9274148941, 29.6492900848, 20.0497207642, 15.9982242584, 46.4902191162, 87.7216339111, 51.3482055664], [-125.883010864, -61.2220306396, 41.5380706787, 27.1833457947, -14.2382545471, 3.67380404472, 2.02367758751, 15.5475502014, 20.1397151947, 15.7953071594, 14.3782081604, 51.3482055664, 83.9526672363]],
