{
"lowlevel": {
    "average_loudness": 0.640700638294,
    "barkbands_crest": {
        "dmean": 1.97496771812,
        "dmean2": 3.12744021416,
        "dvar": 5.54540205002,
        "dvar2": 14.5267658234,
        "max": 25.797044754,
        "mean": 13.4849882126,
        "median": 13.0016403198,
        "min": 1.9146566391,
        "var": 26.5834331512
    },
    "barkbands_flatness_db": {
        "dmean": 0.0226662866771,
        "dmean2": 0.0325250327587,
        "dvar": 0.000705850485247,
        "dvar2": 0.00154825707432,
        "max": 0.434248238802,
        "mean": 0.194721892476,
        "median": 0.191930994391,
        "min": 0.019390437752,
        "var": 0.00437579071149
    },
    "barkbands_kurtosis": {
        "dmean": 5.10264062881,
        "dmean2": 8.29617500305,
        "dvar": 321.905670166,
        "dvar2": 901.578857422,
        "max": 630.055847168,
        "mean": 9.24498653412,
        "median": 5.06806182861,
        "min": -1.9406055212,
        "var": 354.43347168
    },
    "barkbands_skewness": {
        "dmean": 0.57234954834,
        "dmean2": 0.874190092087,
        "dvar": 0.821053087711,
        "dvar2": 2.04437088966,
        "max": 22.4207210541,
        "mean": 2.24557113647,
        "median": 2.02469730377,
        "min": -2.03853225708,
        "var": 2.45980191231
    },
    "barkbands_spread": {
        "dmean": 3.75451636314,
        "dmean2": 5.50322961807,
        "dvar": 36.9100074768,
        "dvar2": 69.2049865723,
        "max": 121.739532471,
        "mean": 13.7801923752,
        "median": 10.1913633347,
        "min": 0.572372496128,
        "var": 204.065353394
    },
    "dissonance": {
        "dmean": 0.0252031236887,
        "dmean2": 0.0416789315641,
        "dvar": 0.000597833131906,
        "dvar2": 0.00159814988729,
        "max": 0.499676913023,
        "mean": 0.438454151154,
        "median": 0.446467429399,
        "min": 0.161786839366,
        "var": 0.00168853392825
    },
    "dynamic_complexity": 3.31983232498,
    "erbbands_crest": {
        "dmean": 2.54587364197,
        "dmean2": 3.95715212822,
        "dvar": 7.40993356705,
        "dvar2": 16.7231464386,
        "max": 33.2712020874,
        "mean": 10.623128891,
        "median": 9.25032329559,
        "min": 2.36575460434,
        "var": 28.6712970734
    },
    "erbbands_flatness_db": {
        "dmean": 0.0182278901339,
        "dmean2": 0.0242333225906,
        "dvar": 0.000411094573792,
        "dvar2": 0.000710849475581,
        "max": 0.425769299269,
        "mean": 0.18260705471,
        "median": 0.175417453051,
        "min": 0.0373237095773,
        "var": 0.0046264687553
    },
    "erbbands_kurtosis": {
        "dmean": 1.11818230152,
        "dmean2": 1.68392431736,
        "dvar": 4.11852025986,
        "dvar2": 9.15455436707,
        "max": 65.5944976807,
        "mean": 1.39538323879,
        "median": 0.391847848892,
        "min": -1.83944094181,
        "var": 10.1060161591
    },
    "erbbands_skewness": {
        "dmean": 0.31788405776,
        "dmean2": 0.469532519579,
        "dvar": 0.107678726315,
        "dvar2": 0.23670655489,
        "max": 7.17189121246,
        "mean": 0.511990368366,
        "median": 0.439171135426,
        "min": -2.57893943787,
        "var": 0.52485448122
    },
    "erbbands_spread": {
        "dmean": 6.9457950592,
        "dmean2": 10.0470085144,
        "dvar": 81.3094406128,
        "dvar2": 160.197402954,
        "max": 163.770980835,
        "mean": 30.6570529938,
        "median": 26.1245594025,
        "min": 1.50909483433,
        "var": 325.752166748
    },
    "hfc": {
        "dmean": 8.09809207916,
        "dmean2": 11.728099823,
        "dvar": 291.382629395,
        "dvar2": 638.391296387,
        "max": 204.129470825,
        "mean": 20.6525936127,
        "median": 14.8027076721,
        "min": 1.17937850021e-16,
        "var": 542.844360352
    },
    "melbands_crest": {
        "dmean": 2.34512448311,
        "dmean2": 3.6613278389,
        "dvar": 6.81196498871,
        "dvar2": 16.1298694611,
        "max": 34.8113212585,
        "mean": 18.3018016815,
        "median": 17.4493904114,
        "min": 2.80996060371,
        "var": 43.2652206421
    },
    "melbands_flatness_db": {
        "dmean": 0.0259598717093,
        "dmean2": 0.0369120799005,
        "dvar": 0.000993253779598,
        "dvar2": 0.00209235353395,
        "max": 0.576957285404,
        "mean": 0.278828620911,
        "median": 0.277175247669,
        "min": 0.00989245716482,
        "var": 0.00689035840333
    },
    "melbands_kurtosis": {
        "dmean": 9.63064002991,
        "dmean2": 15.4100170135,
        "dvar": 704.671813965,
        "dvar2": 1811.88671875,
        "max": 573.335998535,
        "mean": 19.6048965454,
        "median": 10.2648220062,
        "min": -1.74456012249,
        "var": 1153.65136719
    },
    "melbands_skewness": {
        "dmean": 0.7060790658,
        "dmean2": 1.06402492523,
        "dvar": 1.03868687153,
        "dvar2": 2.38854336739,
        "max": 18.1247138977,
        "mean": 3.0570499897,
        "median": 2.68613839149,
        "min": -1.69915783405,
        "var": 4.3502612114
    },
    "melbands_spread": {
        "dmean": 3.65043759346,
        "dmean2": 5.38326597214,
        "dvar": 41.3951034546,
        "dvar2": 81.9031448364,
        "max": 170.62387085,
        "mean": 13.3245296478,
        "median": 10.4268941879,
        "min": 0.388804286718,
        "var": 164.813247681
    },
    "pitch_salience": {
        "dmean": 0.0548875294626,
        "dmean2": 0.0873320102692,
        "dvar": 0.00393628655002,
        "dvar2": 0.0101067861542,
        "max": 0.871173381805,
        "mean": 0.450108200312,
        "median": 0.454079627991,
        "min": 0.070956364274,
        "var": 0.0189052391797
    },
    "silence_rate_20dB": {
        "dmean": 0.00376411550678,
        "dmean2": 0.00752890575677,
        "dvar": 0.00375019502826,
        "dvar2": 0.0108769796789,
        "max": 1,
        "mean": 0.997938871384,
        "median": 1,
        "min": 0,
        "var": 0.00205669668503
    },
    "silence_rate_30dB": {
        "dmean": 0.068829536438,
        "dmean2": 0.137671411037,
        "dvar": 0.0640966892242,
        "dvar2": 0.146676018834,
        "max": 1,
        "mean": 0.764226198196,
        "median": 1,
        "min": 0,
        "var": 0.180166915059
    },
    "silence_rate_60dB": {
        "dmean": 0.00788671802729,
        "dmean2": 0.0157748498023,
        "dvar": 0.00782349333167,
        "dvar2": 0.0189287345856,
        "max": 1,
        "mean": 0.0450757220387,
        "median": 0,
        "min": 0,
        "var": 0.0430413931608
    },
    "spectral_centroid": {
        "dmean": 168.841079712,
        "dmean2": 251.746307373,
        "dvar": 75318.890625,
        "dvar2": 149923.59375,
        "max": 10519.4677734,
        "mean": 864.152404785,
        "median": 726.561279297,
        "min": 143.237762451,
        "var": 309490.25
    },
    "spectral_complexity": {
        "dmean": 3.13228178024,
        "dmean2": 4.76615571976,
        "dvar": 22.9708709717,
        "dvar2": 38.3813934326,
        "max": 65,
        "mean": 15.8799171448,
        "median": 14,
        "min": 0,
        "var": 83.257194519
    },
    "spectral_decrease": {
        "dmean": 4.1921603966e-09,
        "dmean2": 6.81078038411e-09,
        "dvar": 1.4359601324e-16,
        "dvar2": 3.7734854579e-16,
        "max": 1.43647079813e-29,
        "mean": -1.4461004838e-08,
        "median": -7.03503166832e-09,
        "min": -1.50387833742e-07,
        "var": 2.61312258266e-16
    },
    "spectral_energy": {
        "dmean": 0.0163835864514,
        "dmean2": 0.0264995619655,
        "dvar": 0.00210463511758,
        "dvar2": 0.00550994789228,
        "max": 0.57164978981,
        "mean": 0.0564525537193,
        "median": 0.0282258223742,
        "min": 1.06430809101e-20,
        "var": 0.00386730046012
    },
    "spectral_energyband_high": {
        "dmean": 0.00046703699627,
        "dmean2": 0.00067284546094,
        "dvar": 1.49741094901e-06,
        "dvar2": 2.9277637168e-06,
        "max": 0.0218388363719,
        "mean": 0.000666541687679,
        "median": 0.000130739586893,
        "min": 7.97916755783e-21,
        "var": 2.72724719252e-06
    },
    "spectral_energyband_low": {
        "dmean": 0.0126662598923,
        "dmean2": 0.0210483074188,
        "dvar": 0.00201966660097,
        "dvar2": 0.00538388593122,
        "max": 0.561266481876,
        "mean": 0.0380456522107,
        "median": 0.00665315566584,
        "min": 1.60507319575e-22,
        "var": 0.0033159898594
    },
    "spectral_energyband_middle_high": {
        "dmean": 0.00220481771976,
        "dmean2": 0.00330871436745,
        "dvar": 1.9536135369e-05,
        "dvar2": 4.47191232524e-05,
        "max": 0.0751248821616,
        "mean": 0.00571440998465,
        "median": 0.00349676492624,
        "min": 1.35660982899e-21,
        "var": 4.93659790664e-05
    },
    "spectral_energyband_middle_low": {
        "dmean": 0.00440467568114,
        "dmean2": 0.00688611995429,
        "dvar": 7.36495858291e-05,
        "dvar2": 0.000185338270967,
        "max": 0.133268252015,
        "mean": 0.0151075823233,
        "median": 0.0126825962216,
        "min": 1.9404268018e-22,
        "var": 0.000148341947352
    },
    "spectral_entropy": {
        "dmean": 0.192869707942,
        "dmean2": 0.259607970715,
        "dvar": 0.0510524474084,
        "dvar2": 0.0913799479604,
        "max": 9.80083560944,
        "mean": 7.13933563232,
        "median": 7.13836812973,
        "min": 4.95009565353,
        "var": 0.402429789305
    },
    "spectral_flux": {
        "dmean": 0.0304161980748,
        "dmean2": 0.0474857389927,
        "dvar": 0.00292097171769,
        "dvar2": 0.00583273312077,
        "max": 0.588023900986,
        "mean": 0.0748655050993,
        "median": 0.0571445859969,
        "min": 1.03165309628e-10,
        "var": 0.00562991434708
    },
    "spectral_kurtosis": {
        "dmean": 3.72576355934,
        "dmean2": 6.01239538193,
        "dvar": 41.8893661499,
        "dvar2": 114.573532104,
        "max": 137.09538269,
        "mean": 10.5498151779,
        "median": 6.89395523071,
        "min": -1.22841250896,
        "var": 178.16343689
    },
    "spectral_rms": {
        "dmean": 0.000858247745782,
        "dmean2": 0.00132370577194,
        "dvar": 2.96689700008e-06,
        "dvar2": 7.11075426807e-06,
        "max": 0.023615822196,
        "mean": 0.0064257918857,
        "median": 0.00524760782719,
        "min": 3.22234296538e-12,
        "var": 1.37845490826e-05
    },
    "spectral_rolloff": {
        "dmean": 279.402709961,
        "dmean2": 450.522094727,
        "dvar": 587969.375,
        "dvar2": 1258378.25,
        "max": 19207.6171875,
        "mean": 932.767883301,
        "median": 645.99609375,
        "min": 64.599609375,
        "var": 2598852
    },
    "spectral_skewness": {
        "dmean": 0.357138156891,
        "dmean2": 0.549982130527,
        "dvar": 0.191997781396,
        "dvar2": 0.49822717905,
        "max": 9.01663970947,
        "mean": 2.30041956902,
        "median": 2.16063928604,
        "min": 0.00502799730748,
        "var": 0.930210292339
    },
    "spectral_spread": {
        "dmean": 647380.625,
        "dmean2": 843804.625,
        "dvar": 696226611200,
        "dvar2": 1.06106218086e+12,
        "max": 41298160,
        "mean": 4434224.5,
        "median": 4042045.5,
        "min": 618892.0625,
        "var": 5.33594741146e+12
    },
    "spectral_strongpeak": {
        "dmean": 0.268839329481,
        "dmean2": 0.443886637688,
        "dvar": 0.28229662776,
        "dvar2": 0.644913554192,
        "max": 10.6081485748,
        "mean": 0.963465929031,
        "median": 0.723748922348,
        "min": 0,
        "var": 0.80905932188
    },
    "zerocrossingrate": {
        "dmean": 0.0081511195749,
        "dmean2": 0.00942137278616,
        "dvar": 0.000153963177581,
        "dvar2": 0.000176707995706,
        "max": 0.4931640625,
        "mean": 0.0403056703508,
        "median": 0.03076171875,
        "min": 0.001953125,
        "var": 0.00149260961916
    },
    "barkbands": {
        "dmean": [0.00037695345236, 0.0111043006182, 0.00263993092813, 0.000896026787814, 0.00144740461838, 0.000907548877876, 0.00119145645294, 0.000885078217834, 0.000749860424548, 0.00111152266618, 0.00050431053387, 0.000427698483691, 0.000294144178042, 0.000227876094868, 0.00022515989258, 0.000108811123937, 0.000150517822476, 0.000114359027066, 0.000140451666084, 0.00013012738782, 0.000106970837805, 7.92933424236e-05, 7.01446697349e-05, 6.87914653099e-05, 6.88278887537e-05, 5.2521150792e-05, 1.79627168109e-05],
        "dmean2": [0.000492584949825, 0.0188943445683, 0.0046856305562, 0.00145540584344, 0.00233301776461, 0.00134934019297, 0.00185652228538, 0.00138460600283, 0.00111003627535, 0.00167999637779, 0.000749725440983, 0.000708699808456, 0.000451942556538, 0.000369828689145, 0.000365319487173, 0.000174973378307, 0.000233222090174, 0.000177904847078, 0.000218734610826, 0.000189728583791, 0.000159981704201, 0.000124854399473, 0.000103565667814, 0.000103519727418, 0.000104863443994, 8.04787123343e-05, 2.83808894892e-05],
        "dvar": [1.53826840688e-06, 0.00185893464368, 6.93346009939e-05, 3.9914593799e-06, 2.07326993404e-05, 3.04095101455e-06, 6.88147065375e-06, 6.16824354438e-06, 2.54263704846e-06, 5.23199878444e-06, 2.60726778833e-06, 1.09521693048e-06, 3.66070537439e-07, 2.49402944519e-07, 2.60888242565e-07, 6.39124877466e-08, 1.92268913679e-07, 1.28027508595e-07, 2.087753046e-07, 2.10687815638e-07, 1.21047762036e-07, 5.58673782791e-08, 4.56344757538e-08, 3.58579903548e-08, 3.19071027377e-08, 2.33080914569e-08, 4.86226836571e-09],
        "dvar2": [2.58827049038e-06, 0.00519267749041, 0.000201050570467, 1.01766554508e-05, 5.53632125957e-05, 6.79753384247e-06, 1.73021708179e-05, 1.44802825162e-05, 5.56392569706e-06, 1.11501358333e-05, 5.10447489432e-06, 2.99596922559e-06, 9.23971242628e-07, 6.00817600116e-07, 6.57610314647e-07, 1.42918537449e-07, 4.34093777812e-07, 3.03054036976e-07, 4.8769300065e-07, 4.4438482405e-07, 2.71572901056e-07, 1.186375016e-07, 8.54104627024e-08, 7.40359382689e-08, 6.97901469948e-08, 5.59586190718e-08, 1.22768408772e-08],
        "max": [0.0261355359107, 0.535726666451, 0.132100135088, 0.0520834736526, 0.0846761837602, 0.0540287867188, 0.0752207040787, 0.0665824189782, 0.027183515951, 0.0470518283546, 0.0587431564927, 0.0445223636925, 0.0120834615082, 0.0142275402322, 0.00999579392374, 0.00507299369201, 0.00591349415481, 0.00734235299751, 0.00767870154232, 0.00652887951583, 0.0090557532385, 0.00401993375272, 0.00738704809919, 0.00504895951599, 0.00623199576512, 0.00164780591149, 0.000789240933955],
        "mean": [0.00137366796844, 0.0300902314484, 0.00386617495678, 0.00377603038214, 0.00260137231089, 0.00235305400565, 0.00272605195642, 0.00142054702155, 0.00149254791904, 0.00208454253152, 0.00110468058847, 0.000654306088109, 0.000642842322122, 0.000415637885453, 0.000359153811587, 0.000177143054316, 0.000211945589399, 0.000159199524205, 0.00018564464699, 0.000159014001838, 0.000133759342134, 9.55918221734e-05, 9.61162077147e-05, 0.000101759535028, 9.90641128737e-05, 5.54830839974e-05, 1.66507925314e-05],
        "median": [2.13326711673e-06, 0.00019473474822, 0.00209935382009, 0.00244449405, 0.0012928317301, 0.00127724080812, 0.00112187000923, 0.000324681284837, 0.000495720480103, 0.000762308016419, 0.000179058537469, 0.000250423006946, 0.000250532233622, 0.000151602667756, 0.000137418930535, 5.48107200302e-05, 5.42116467841e-05, 3.72677532141e-05, 4.52164495073e-05, 2.64721256826e-05, 2.06469940167e-05, 6.33843592368e-06, 1.24600119307e-05, 1.4439190636e-05, 1.75402983587e-05, 3.32327772412e-06, 6.51434334031e-07],
        "min": [6.27673824204e-24, 1.14472729295e-22, 3.87366644966e-23, 3.36470751423e-24, 1.1093223951e-23, 6.06653158103e-23, 2.40475048838e-23, 3.04549218791e-23, 6.00323275091e-23, 4.60939757292e-23, 4.21716457125e-23, 5.37373752576e-23, 1.28603083508e-22, 8.8512307713e-23, 6.66042646016e-23, 1.97568901048e-22, 1.80714124191e-22, 2.47197200825e-22, 1.71495255839e-22, 2.72578276646e-22, 8.03774692977e-22, 6.56260884387e-22, 5.97450281539e-22, 8.22642731217e-22, 9.75481212076e-22, 1.79449785895e-21, 2.35817681581e-21],
        "var": [9.31070098886e-06, 0.00265242974274, 4.85414966533e-05, 1.97568988369e-05, 1.99553487619e-05, 9.55667837843e-06, 2.17295837501e-05, 1.32791537908e-05, 6.63633272779e-06, 1.39178873724e-05, 1.08167705548e-05, 1.67442999555e-06, 1.27299858832e-06, 6.45753800654e-07, 3.8479041109e-07, 1.18863155762e-07, 2.51801310469e-07, 1.6923085866e-07, 2.57550311744e-07, 2.92128333967e-07, 1.60169847163e-07, 8.86148541213e-08, 8.47470928989e-08, 7.65682983683e-08, 7.01951634596e-08, 2.3568214047e-08, 3.98801880408e-09]
    },
    "erbbands": {
        "dmean": [0.320607542992, 2.56000447273, 3.46192502975, 3.07958197594, 2.91731858253, 5.91101408005, 7.41790342331, 6.95470476151, 16.545999527, 11.7884206772, 23.0551586151, 20.1378917694, 25.456155777, 33.9608726501, 14.9505443573, 19.7696228027, 14.2535066605, 12.5925836563, 10.6872243881, 8.88570022583, 6.66915416718, 7.50629806519, 6.61003398895, 6.33459186554, 8.01195716858, 5.46086645126, 4.68246889114, 3.86954593658, 2.73989295959, 2.44651865959, 1.93455040455, 1.57737827301, 1.10868501663, 0.844232499599, 0.480753749609, 0.236246943474, 0.0954092144966, 0.0248358249664, 0.00270789698698, 0.00015103975602],
        "dmean2": [0.527951478958, 4.36875772476, 6.03266811371, 5.12871408463, 4.77063131332, 9.70729255676, 10.5744342804, 10.743016243, 25.2208003998, 19.204624176, 36.0854797363, 29.3484020233, 38.4572410583, 51.2743339539, 23.1158485413, 32.7123641968, 22.0440101624, 20.2890758514, 17.3782176971, 14.1235551834, 10.5379562378, 11.6967067719, 10.2763319016, 10.0009422302, 12.5227689743, 7.96345758438, 6.82981204987, 5.89541721344, 4.22997665405, 3.751765728, 2.86506533623, 2.3736987114, 1.6569057703, 1.29802000523, 0.733113348484, 0.363219231367, 0.145939961076, 0.039013274014, 0.00418596714735, 0.000234050909057],
        "dvar": [1.35437691212, 104.506332397, 140.12487793, 53.1556015015, 50.434211731, 492.482116699, 347.040435791, 185.875091553, 1245.63525391, 913.70526123, 4099.19287109, 1697.62194824, 5021.04394531, 5940.765625, 1613.0880127, 2630.5234375, 889.116760254, 730.829345703, 513.866210938, 615.883422852, 277.368255615, 597.008666992, 471.372528076, 421.821746826, 822.672729492, 340.691619873, 241.283691406, 174.530426025, 67.2633666992, 61.6521606445, 33.8165206909, 19.6248455048, 9.54417133331, 5.06836557388, 1.60440218449, 0.416505753994, 0.078276462853, 0.00795919355005, 9.87809107755e-05, 2.82160470988e-07],
        "dvar2": [3.74193406105, 292.250030518, 386.699157715, 146.26864624, 130.145675659, 1346.02587891, 706.943725586, 441.075653076, 2939.19580078, 2340.7199707, 9770.85351562, 3679.89648438, 10528.4677734, 12648.5869141, 3530.87573242, 7263.06689453, 2306.01367188, 1791.19885254, 1326.01281738, 1502.32434082, 581.660461426, 1369.13171387, 1121.5859375, 989.98223877, 2037.86035156, 675.262145996, 496.228515625, 425.73916626, 144.589096069, 113.40372467, 65.0759277344, 39.1989135742, 20.6261882782, 11.2724533081, 3.53462958336, 0.98844563961, 0.189516186714, 0.0199054740369, 0.000245344592258, 7.01482633758e-07],
        "max": [17.161605835, 112.331161499, 159.952484131, 143.854309082, 188.819244385, 428.773284912, 729.109436035, 377.194732666, 1093.94287109, 742.665710449, 1818.11694336, 674.451416016, 1440.29589844, 2626.51000977, 1746.63500977, 2321.34985352, 618.287414551, 731.069152832, 765.854309082, 409.187744141, 314.171295166, 339.408813477, 412.504241943, 394.753387451, 509.996551514, 283.284118652, 507.558654785, 393.168243408, 180.46635437, 222.629608154, 181.5234375, 117.336204529, 105.156517029, 74.6179504395, 42.5958061218, 7.27729463577, 3.37688994408, 0.971707701683, 0.116072878242, 0.00648446148261],
        "mean": [1.07023978233, 5.79402351379, 5.72421979904, 10.6095371246, 7.26533079147, 9.70209312439, 16.3476257324, 17.6906661987, 40.9521903992, 26.8601207733, 35.8576927185, 42.3872299194, 47.0872154236, 73.9256896973, 33.8123588562, 32.4538612366, 31.8841381073, 24.8719863892, 18.1385421753, 14.9980564117, 11.0478191376, 10.3218450546, 9.47821712494, 8.93700027466, 9.76336574554, 7.39373254776, 5.89727258682, 4.61257076263, 3.34486985207, 3.16939616203, 2.66471982002, 2.33141279221, 1.58242404461, 1.22213566303, 0.648967802525, 0.255944758654, 0.101173721254, 0.0237570013851, 0.00263212737627, 0.000193613959709],
        "median": [0.00288755167276, 0.0843685567379, 1.79545855522, 6.62035560608, 4.91127872467, 4.2938451767, 7.48715782166, 7.59540653229, 18.766462326, 8.21911811829, 12.5668640137, 16.4798622131, 17.3553314209, 20.0713195801, 11.2838897705, 13.508439064, 13.0497550964, 10.9061374664, 8.06162834167, 4.90658712387, 3.42021203041, 2.90333223343, 2.74382281303, 1.96850049496, 2.16542625427, 1.40801513195, 0.983282983303, 0.577575564384, 0.252990841866, 0.25481569767, 0.381092786789, 0.296795845032, 0.228998616338, 0.210977301002, 0.0997272357345, 0.0198548454791, 0.00632329564542, 0.000996206072159, 0.000138780553243, 4.72713181807e-05],
        "min": [2.64717869687e-21, 2.74220486637e-20, 5.72202770345e-20, 1.90533153881e-20, 3.19684304119e-20, 2.98303074689e-20, 1.39189927244e-19, 5.6389486554e-19, 4.19050060211e-19, 4.18915643361e-19, 1.08250076536e-18, 1.13032638383e-18, 1.11980516342e-18, 1.37589169907e-18, 2.38929424216e-18, 2.2837970744e-18, 6.22296825656e-18, 3.97481005206e-18, 4.0257341857e-18, 9.80347413192e-18, 6.56754605715e-18, 9.89439120741e-18, 1.17753395362e-17, 1.26027443147e-17, 9.83887415341e-18, 1.27359592708e-17, 2.01681142088e-17, 3.73530412432e-17, 2.45412708693e-17, 1.95724465605e-17, 1.48112809814e-17, 1.67443342441e-17, 1.46907127897e-17, 9.90169934812e-18, 7.75435833026e-18, 5.45433052468e-18, 3.61373496133e-18, 1.23602135115e-18, 2.93657596058e-19, 4.03147635719e-20],
        "var": [3.63485145569, 117.686485291, 117.941719055, 153.305679321, 75.110244751, 407.948242188, 807.127319336, 685.891357422, 4074.88696289, 3839.53442383, 5825.27197266, 4934.75, 10162.2685547, 24211.9179688, 8132.39550781, 4038.18579102, 3167.61010742, 1768.90820312, 914.158996582, 861.153137207, 514.474975586, 704.604858398, 575.974975586, 562.915161133, 878.766845703, 543.022155762, 343.480285645, 201.796066284, 105.99394989, 113.684188843, 60.773979187, 38.0691833496, 22.0618991852, 11.1289100647, 3.16382098198, 0.465739965439, 0.077733412385, 0.006770609878, 8.58128114487e-05, 2.52616899843e-07]
    },
    "gfcc": {
        "mean": [-36.449508667, 117.653419495, -103.740699768, 5.76682662964, -49.3301467896, 11.6332206726, -31.5438804626, 4.45396327972, -26.0468139648, -2.66133666039, -12.6503105164, -9.29732227325, -12.2146644592],
        "cov": [[25946.1601562, -1096.79882812, -190.064285278, 1377.19616699, -602.254455566, 1057.30529785, -88.2698059082, 1270.85900879, 274.478302002, 987.469909668, 213.703643799, 536.313781738, 255.027420044], [-1096.79882812, 3274.40966797, -892.587036133, -305.858612061, 566.291381836, -588.540710449, 160.277328491, -578.049499512, 125.654823303, -338.188262939, 171.748718262, -278.475250244, -25.4475593567], [-190.064285278, -892.587036133, 930.809814453, 140.627365112, 5.95727920532, 395.301177979, 50.7996177673, 287.202545166, 30.7227249146, 175.465896606, -3.46400260925, 177.46925354, 49.3407325745], [1377.19616699, -305.858612061, 140.627365112, 539.676086426, 133.358337402, 154.009460449, 184.995361328, 138.105514526, 135.587295532, 119.15057373, 27.1079654694, 141.788421631, 74.3640518188], [-602.254455566, 566.291381836, 5.95727920532, 133.358337402, 523.270324707, 8.33510303497, 290.032440186, -2.39752101898, 172.921356201, 42.9940490723, 54.6425285339, 67.2160797119, 38.6546096802], [1057.30529785, -588.540710449, 395.301177979, 154.009460449, 8.33510303497, 459.543884277, 98.5830230713, 269.461181641, 97.8881835938, 170.716690063, 19.0867271423, 134.732696533, 57.8666992188], [-88.2698059082, 160.277328491, 50.7996177673, 184.995361328, 290.032440186, 98.5830230713, 364.87677002, 66.4374160767, 175.680206299, 86.2836914062, 31.9558296204, 89.207649231, 42.0753898621], [1270.85900879, -578.049499512, 287.202545166, 138.105514526, -2.39752101898, 269.461181641, 66.4374160767, 357.095123291, 70.6782608032, 178.330245972, 36.1408996582, 129.373336792, 66.8034286499], [274.478302002, 125.654823303, 30.7227249146, 135.587295532, 172.921356201, 97.8881835938, 175.680206299, 70.6782608032, 201.041244507, 92.5018005371, 54.860370636, 70.8850631714, 28.7971839905], [987.469909668, -338.188262939, 175.465896606, 119.15057373, 42.9940490723, 170.716690063, 86.2836914062, 178.330245972, 92.5018005371, 206.604721069, 50.4037513733, 105.066497803, 37.162651062], [213.703643799, 171.748718262, -3.46400260925, 27.1079654694, 54.6425285339, 19.0867271423, 31.9558296204, 36.1408996582, 54.860370636, 50.4037513733, 118.722366333, 30.8952693939, 26.3871040344], [536.313781738, -278.475250244, 177.46925354, 141.788421631, 67.2160797119, 134.732696533, 89.207649231, 129.373336792, 70.8850631714, 105.066497803, 30.8952693939, 162.583724976, 60.1046180725], [255.027420044, -25.4475593567, 49.3407325745, 74.3640518188, 38.6546096802, 57.8666992188, 42.0753898621, 66.8034286499, 28.7971839905, 37.162651062, 26.3871040344, 60.1046180725, 100.659797668]],
        "icov": [[9.44503190112e-05, -0.000175768844201, 0.000180997987627, -0.000292978133075, 0.00024069508072, -0.000181564391823, 0.000167545556906, -0.000318687583786, 0.000208791272598, -0.000489091733471, 0.00025683012791, -0.000236975160078, 0.000192412844626], [-0.000175768844201, 0.0014022232499, 4.7954654292e-06, 0.000953533279244, -0.00146048271563, 0.000508285767864, -0.000322054867866, 0.00134169950616, -0.00113797339145, 0.00188565731514, -0.0020818344783, 0.00152779789641, -0.00113127473742], [0.000180997987627, 4.7954654292e-06, 0.00243924744427, -0.000404047197662, -0.000212622151594, -0.00166381523013, 0.000562290544622, -0.000733829045203, 0.00111293583177, -0.000871590804309, 0.000334875454428, -0.00139561505057, 0.000684530125], [-0.000292978133075, 0.000953533279244, -0.000404047197662, 0.00382123910822, -0.00100569636561, 0.00059258606052, -0.00119492202066, 0.0011640737066, -0.00173076719511, 0.00171370699536, -0.000909392780159, -0.000210525889997, -0.00164258864243], [0.00024069508072, -0.00146048271563, -0.000212622151594, -0.00100569636561, 0.00552842672914, 0.000161672753165, -0.00222131819464, -0.00106909277383, -0.000308254529955, -0.00157152570318, 0.00140209821984, -0.00192708801478, 0.00074175366899], [-0.000181564391823, 0.000508285767864, -0.00166381523013, 0.00059258606052, 0.000161672753165, 0.00573490327224, -0.000838545151055, -0.00138780649286, -0.00216209469363, 0.000419453775976, -4.70300183224e-05, 0.000555627746508, -0.000976877170615], [0.000167545556906, -0.000322054867866, 0.000562290544622, -0.00119492202066, -0.00222131819464, -0.000838545151055, 0.00719712581486, -0.000492230523378, -0.00266965688206, -0.00130717782304, 0.0018476449186, -0.00100575888064, 0.000117162722745], [-0.000318687583786, 0.00134169950616, -0.000733829045203, 0.0011640737066, -0.00106909277383, -0.00138780649286, -0.000492230523378, 0.00860521849245, -0.000810544879641, -0.00114617857616, -0.00211223843507, 0.000703197845723, -0.00286159734242], [0.000208791272598, -0.00113797339145, 0.00111293583177, -0.00173076719511, -0.000308254529955, -0.00216209469363, -0.00266965688206, -0.000810544879641, 0.0128458580002, -0.00406849244609, -0.00104489084333, -0.00188513845205, 0.00215815077536], [-0.000489091733471, 0.00188565731514, -0.000871590804309, 0.00171370699536, -0.00157152570318, 0.000419453775976, -0.00130717782304, -0.00114617857616, -0.00406849244609, 0.0149661153555, -0.00519719254225, -0.000656283693388, -6.06792818871e-05], [0.00025683012791, -0.0020818344783, 0.000334875454428, -0.000909392780159, 0.00140209821984, -4.70300183224e-05, 0.0018476449186, -0.00211223843507, -0.00104489084333, -0.00519719254225, 0.0141660254449, -0.00254108547233, -0.000529734243173], [-0.000236975160078, 0.00152779789641, -0.00139561505057, -0.000210525889997, -0.00192708801478, 0.000555627746508, -0.00100575888064, 0.000703197845723, -0.00188513845205, -0.000656283693388, -0.00254108547233, 0.0153542216867, -0.00551979616284], [0.000192412844626, -0.00113127473742, 0.000684530125, -0.00164258864243, 0.00074175366899, -0.000976877170615, 0.000117162722745, -0.00286159734242, 0.00215815077536, -6.06792818871e-05, -0.000529734243173, -0.00551979616284, 0.0150055596605]]
    },
    "melbands": {
        "dmean": [0.003008302534, 0.00226983474568, 0.000487702956889, 0.000341647566529, 0.000241425485001, 0.000160219919053, 0.000258277461398, 0.000123702586279, 0.000186352801393, 0.000121913937619, 0.000127303777845, 0.000140933450893, 5.48020434508e-05, 5.16325089848e-05, 3.62749560736e-05, 2.82453711407e-05, 2.45938499575e-05, 1.68269052665e-05, 1.46583652167e-05, 8.96988240129e-06, 8.46551847644e-06, 8.19703927846e-06, 7.8879575085e-06, 4.95716449223e-06, 5.28053169546e-06, 5.53168638362e-06, 6.00134853812e-06, 3.29476984007e-06, 3.04923582917e-06, 2.8294527965e-06, 2.17242359213e-06, 1.62360436207e-06, 1.42729732033e-06, 1.35018785841e-06, 1.14467718504e-06, 1.10096164008e-06, 9.50564583491e-07, 8.39033077682e-07, 6.73051943068e-07, 7.79553204211e-07],
        "dmean2": [0.00509770726785, 0.00390062155202, 0.000817264080979, 0.00055519468151, 0.00035704387119, 0.000245748349698, 0.0003952710249, 0.00020169839263, 0.000292267272016, 0.00017739328905, 0.000192573003005, 0.000213259525481, 8.34931051941e-05, 8.47360934131e-05, 5.81897547818e-05, 4.39102332166e-05, 3.9859147364e-05, 2.74341819022e-05, 2.37599379034e-05, 1.42031467476e-05, 1.32767427203e-05, 1.27703060571e-05, 1.2564761164e-05, 7.67647907196e-06, 8.47245064506e-06, 8.64450703375e-06, 9.62784088188e-06, 4.72851797895e-06, 4.42376494902e-06, 4.51057576356e-06, 3.35822915076e-06, 2.50891798714e-06, 2.27082432502e-06, 2.04172283702e-06, 1.74638068984e-06, 1.63729430369e-06, 1.4282408074e-06, 1.26844292936e-06, 1.02043156858e-06, 1.2125875628e-06],
        "dvar": [0.00013106316328, 7.0447458711e-05, 1.30457863179e-06, 1.31882893584e-06, 3.67459875861e-07, 9.56550607611e-08, 3.0616223512e-07, 1.00708589912e-07, 2.56010991961e-07, 6.82617553593e-08, 1.25884582758e-07, 9.81968355518e-08, 2.24981011598e-08, 1.4314108121e-08, 5.72088687534e-09, 3.39599215415e-09, 3.08283820694e-09, 1.36352362734e-09, 1.31219912713e-09, 4.72706040977e-10, 4.49202952613e-10, 7.2757222469e-10, 5.79198966566e-10, 2.56406895716e-10, 3.09098024953e-10, 3.37199934641e-10, 5.36305111432e-10, 1.25048721378e-10, 1.08979929248e-10, 8.6023806134e-11, 6.04463840093e-11, 2.29077330022e-11, 2.18552138193e-11, 1.88165715648e-11, 1.27720143489e-11, 1.10248190785e-11, 6.87016936396e-12, 6.08455213297e-12, 2.82510625137e-12, 4.62103879467e-12],
        "dvar2": [0.00036834742059, 0.000188025267562, 3.62602736459e-06, 3.5293601286e-06, 8.31697605008e-07, 2.26660489488e-07, 7.42388067465e-07, 2.51830016396e-07, 6.18181786649e-07, 1.45394949413e-07, 2.64084633272e-07, 2.09824960962e-07, 4.79310386936e-08, 3.78691105141e-08, 1.58456714416e-08, 8.18025025495e-09, 7.50875184252e-09, 3.43423200988e-09, 3.28838756225e-09, 1.1197249794e-09, 9.25265641882e-10, 1.66873181939e-09, 1.44152045856e-09, 5.81277248557e-10, 7.43682504467e-10, 8.13630052221e-10, 1.35069122553e-09, 2.26373295109e-10, 2.18044388101e-10, 2.15362283562e-10, 1.47308179543e-10, 5.14945135144e-11, 4.56904514223e-11, 3.45778163047e-11, 2.66817210687e-11, 2.14026244644e-11, 1.4429364821e-11, 1.36237974027e-11, 6.24785119474e-12, 1.05881475462e-11],
        "max": [0.153638258576, 0.0977416560054, 0.0198230650276, 0.0208556745201, 0.0201786756516, 0.00735163409263, 0.017104672268, 0.00898888334632, 0.0135063212365, 0.00479115638882, 0.00741383479908, 0.00981876440346, 0.00470804516226, 0.00456686550751, 0.00313563365489, 0.00104299280792, 0.00167991034687, 0.00156357558444, 0.00058101612376, 0.000343312363839, 0.000378393247956, 0.000373080780264, 0.000437003327534, 0.000299033039482, 0.000350478745531, 0.000418002950028, 0.000337201869115, 0.000195119006094, 0.000290460680844, 0.000245505361818, 0.000309126626235, 0.000102897807665, 7.41926342016e-05, 0.000152291686391, 0.000119401513075, 0.000111166504212, 7.70617480157e-05, 8.59534557094e-05, 5.94573102717e-05, 6.89049848006e-05],
        "mean": [0.00891428906471, 0.00471278186888, 0.00163721444551, 0.000602858199272, 0.000512040860485, 0.000411692832131, 0.000630838738289, 0.000273603975074, 0.0002927108726, 0.000250457494985, 0.000226786112762, 0.000298765429761, 0.000117457260785, 8.88795329956e-05, 7.03398545738e-05, 5.94693847233e-05, 4.56444249721e-05, 2.7210364351e-05, 2.38940174313e-05, 1.51590575115e-05, 1.29865829877e-05, 1.04932196336e-05, 1.11172603283e-05, 6.87818965162e-06, 7.15933038009e-06, 7.0339569902e-06, 6.6499528657e-06, 4.43777162218e-06, 3.67483016817e-06, 3.2876282603e-06, 2.53179791798e-06, 1.88408751001e-06, 1.76104845195e-06, 1.71608894561e-06, 1.48180390624e-06, 1.59227420227e-06, 1.34917536343e-06, 1.14558542919e-06, 9.29723739773e-07, 1.09450104446e-06],
        "median": [3.65610176232e-05, 0.00063478917582, 0.00109403009992, 0.000308254529955, 0.000255113001913, 0.000181087481906, 0.000283713918179, 8.2289770944e-05, 0.000100645338534, 8.93957403605e-05, 7.43378550396e-05, 7.1934540756e-05, 2.91937976726e-05, 3.33288226102e-05, 2.98142058455e-05, 2.50537432294e-05, 1.68629339896e-05, 1.0964887224e-05, 8.63044806465e-06, 4.25545886173e-06, 3.42812359122e-06, 2.68408507509e-06, 2.80097833638e-06, 1.50469895743e-06, 1.32709715217e-06, 1.46901493281e-06, 1.22352491871e-06, 7.59849683618e-07, 5.58086526325e-07, 4.51873631846e-07, 2.46114041147e-07, 1.40015032457e-07, 9.1673811653e-08, 1.37947054668e-07, 2.07904392369e-07, 2.01851221959e-07, 1.60256504955e-07, 1.40410023164e-07, 1.57868726092e-07, 1.77944741608e-07],
        "min": [2.83988032613e-23, 3.34128505066e-23, 4.00101889203e-24, 2.1630926925e-24, 4.3177934827e-24, 1.26614478762e-23, 6.54722208036e-24, 4.4980438608e-24, 1.07320147977e-23, 6.78493111466e-24, 6.11490776607e-24, 5.97706300035e-24, 7.33769305069e-24, 5.9741623588e-24, 9.98320988269e-24, 1.13709093006e-23, 7.42137226007e-24, 6.975295084e-24, 6.27286375171e-24, 1.77731687233e-23, 5.28954390018e-24, 8.83132071092e-24, 1.16304082508e-23, 1.26491140359e-23, 1.01752691141e-23, 6.245338817e-24, 8.26181756875e-24, 7.95743637733e-24, 1.16702409933e-23, 1.46524696921e-23, 2.61096803757e-23, 1.50262777429e-23, 1.00958576422e-23, 1.13405799653e-23, 7.86149826948e-24, 1.04035189173e-23, 1.00021291338e-23, 1.0940249622e-23, 8.58401281713e-24, 8.17841682727e-24],
        "var": [0.000227904994972, 7.64150172472e-05, 3.19123637382e-06, 1.20763718314e-06, 7.02364275185e-07, 3.44037317745e-07, 9.99652456812e-07, 4.73698804626e-07, 3.52421182015e-07, 1.8652416145e-07, 2.53827295182e-07, 3.97115258011e-07, 9.28657613031e-08, 3.07855216874e-08, 1.40157956352e-08, 9.4052259314e-09, 8.01698263331e-09, 2.47372899942e-09, 1.84119364199e-09, 8.58136006698e-10, 8.20944034974e-10, 8.30223334525e-10, 7.0161448873e-10, 3.44178741063e-10, 3.9603639812e-10, 3.89425630631e-10, 5.33922905888e-10, 2.11737100075e-10, 1.54525017781e-10, 9.48184378236e-11, 6.73872693757e-11, 3.29802470056e-11, 3.57871995926e-11, 3.43946642001e-11, 2.03474407462e-11, 2.053608672e-11, 1.2646676241e-11, 1.33723292856e-11, 6.25027894025e-12, 9.54595170272e-12]
    },
    "mfcc": {
        "mean": [-677.546264648, 153.347091675, 4.04364824295, 4.74992179871, 4.41410446167, 1.08849477768, 6.75728464127, -1.20646440983, -3.52109360695, 2.56817269325, -2.93968582153, -0.650109171867, -3.87322950363],
        "cov": [[11659.2412109, -276.559875488, 426.944396973, 473.327850342, 57.7137298584, 238.553756714, 298.134765625, 336.661102295, 507.262634277, 433.762817383, 170.190765381, 291.097900391, 234.449050903], [-276.559875488, 2488.86816406, -571.749084473, 1.00876069069, 107.397247314, 5.44209957123, -41.1454086304, -88.979637146, -154.887207031, -107.67263031, 12.9067134857, -18.020236969, -33.107208252], [426.944396973, -571.749084473, 683.216796875, -96.3933944702, 91.2017440796, 50.2787055969, 91.4806213379, 87.9629669189, 74.2430114746, 102.547576904, -3.31426620483, 44.2454490662, 68.8480606079], [473.327850342, 1.00876069069, -96.3933944702, 443.009185791, 37.0811042786, 167.442352295, 50.340473175, 117.163970947, 123.662284851, -2.79292631149, 93.3056411743, 65.0630569458, 42.6616592407], [57.7137298584, 107.397247314, 91.2017440796, 37.0811042786, 207.74407959, 68.4445571899, 61.1003379822, 77.2045211792, 54.7846603394, 52.2291641235, 33.9974403381, 52.1039505005, 51.2881507874], [238.553756714, 5.44209957123, 50.2787055969, 167.442352295, 68.4445571899, 313.581359863, 73.9168548584, 155.141418457, 140.823913574, 73.6063156128, 106.300354004, 72.8046951294, 67.8735122681], [298.134765625, -41.1454086304, 91.4806213379, 50.340473175, 61.1003379822, 73.9168548584, 151.730804443, 89.5369491577, 97.6393280029, 69.3070983887, 46.2632713318, 51.7100563049, 50.4726219177], [336.661102295, -88.979637146, 87.9629669189, 117.163970947, 77.2045211792, 155.141418457, 89.5369491577, 211.835906982, 146.001876831, 82.5056152344, 81.7076950073, 69.5736923218, 66.7751235962], [507.262634277, -154.887207031, 74.2430114746, 123.662284851, 54.7846603394, 140.823913574, 97.6393280029, 146.001876831, 218.663223267, 101.151733398, 91.8132247925, 74.451965332, 67.4753112793], [433.762817383, -107.67263031, 102.547576904, -2.79292631149, 52.2291641235, 73.6063156128, 69.3070983887, 82.5056152344, 101.151733398, 172.618774414, 46.6095199585, 55.1527786255, 52.8336219788], [170.190765381, 12.9067134857, -3.31426620483, 93.3056411743, 33.9974403381, 106.300354004, 46.2632713318, 81.7076950073, 91.8132247925, 46.6095199585, 170.67829895, 94.5265045166, 47.3368492126], [291.097900391, -18.020236969, 44.2454490662, 65.0630569458, 52.1039505005, 72.8046951294, 51.7100563049, 69.5736923218, 74.451965332, 55.1527786255, 94.5265045166, 127.370147705, 66.2153091431], [234.449050903, -33.107208252, 68.8480606079, 42.6616592407, 51.2881507874, 67.8735122681, 50.4726219177, 66.7751235962, 67.4753112793, 52.8336219788, 47.3368492126, 66.2153091431, 112.69417572]],
