{
"lowlevel": {
    "average_loudness": 0.904600083828,
    "barkbands_crest": {
        "dmean": 2.39657020569,
        "dmean2": 3.8782582283,
        "dvar": 5.63078308105,
        "dvar2": 14.4941673279,
        "max": 26.6153354645,
        "mean": 11.480550766,
        "median": 10.6186971664,
        "min": 2.59522795677,
        "var": 19.7711772919
    },
    "barkbands_flatness_db": {
        "dmean": 0.0214627198875,
        "dmean2": 0.032574981451,
        "dvar": 0.000499351299368,
        "dvar2": 0.00122075458057,
        "max": 0.369104743004,
        "mean": 0.150260910392,
        "median": 0.143498659134,
        "min": 0.0264754872769,
        "var": 0.00252866186202
    },
    "barkbands_kurtosis": {
        "dmean": 2.96854448318,
        "dmean2": 4.86363649368,
        "dvar": 46.5363273621,
        "dvar2": 127.243858337,
        "max": 260.276763916,
        "mean": 4.9550652504,
        "median": 2.49257993698,
        "min": -1.81567549706,
        "var": 123.042861938
    },
    "barkbands_skewness": {
        "dmean": 0.492387682199,
        "dmean2": 0.781404256821,
        "dvar": 0.395531922579,
        "dvar2": 1.02320289612,
        "max": 14.0083246231,
        "mean": 1.67755806446,
        "median": 1.52653574944,
        "min": -2.50521111488,
        "var": 1.44805717468
    },
    "barkbands_spread": {
        "dmean": 3.63667798042,
        "dmean2": 5.54654836655,
        "dvar": 16.9951038361,
        "dvar2": 38.4377250671,
        "max": 94.5475845337,
        "mean": 16.1179828644,
        "median": 14.2615232468,
        "min": 0.421528786421,
        "var": 81.9981536865
    },
    "dissonance": {
        "dmean": 0.0233648624271,
        "dmean2": 0.039338838309,
        "dvar": 0.000438657531049,
        "dvar2": 0.0012136225123,
        "max": 0.499988645315,
        "mean": 0.451261162758,
        "median": 0.457097440958,
        "min": 0.256634712219,
        "var": 0.000949830689933
    },
    "dynamic_complexity": 1.92496418953,
    "erbbands_crest": {
        "dmean": 2.75665402412,
        "dmean2": 4.39179563522,
        "dvar": 6.83897256851,
        "dvar2": 16.0803375244,
        "max": 32.7939186096,
        "mean": 10.934882164,
        "median": 9.92887210846,
        "min": 1.98818254471,
        "var": 23.2409553528
    },
    "erbbands_flatness_db": {
        "dmean": 0.0168301984668,
        "dmean2": 0.0242573413998,
        "dvar": 0.000273721962003,
        "dvar2": 0.000563193054404,
        "max": 0.336632937193,
        "mean": 0.163807123899,
        "median": 0.161665275693,
        "min": 0.0309013389051,
        "var": 0.00242419866845
    },
    "erbbands_kurtosis": {
        "dmean": 0.819488227367,
        "dmean2": 1.28467059135,
        "dvar": 1.12008965015,
        "dvar2": 2.58221817017,
        "max": 28.876832962,
        "mean": 0.758947014809,
        "median": 0.314230680466,
        "min": -1.67492103577,
        "var": 3.39418339729
    },
    "erbbands_skewness": {
        "dmean": 0.312698662281,
        "dmean2": 0.482916265726,
        "dvar": 0.0827590450644,
        "dvar2": 0.191728010774,
        "max": 4.59280920029,
        "mean": 0.36924880743,
        "median": 0.345146745443,
        "min": -4.18785667419,
        "var": 0.454471051693
    },
    "erbbands_spread": {
        "dmean": 5.45657873154,
        "dmean2": 8.27492332458,
        "dvar": 30.2111911774,
        "dvar2": 66.6076965332,
        "max": 121.438011169,
        "mean": 29.1708469391,
        "median": 26.7440452576,
        "min": 3.25192022324,
        "var": 180.289138794
    },
    "hfc": {
        "dmean": 6.49967670441,
        "dmean2": 9.79310417175,
        "dvar": 74.0420455933,
        "dvar2": 159.306488037,
        "max": 163.239456177,
        "mean": 24.6823196411,
        "median": 21.3818874359,
        "min": 1.06177009306e-16,
        "var": 220.307266235
    },
    "melbands_crest": {
        "dmean": 2.84630584717,
        "dmean2": 4.6020693779,
        "dvar": 7.23239612579,
        "dvar2": 18.0810909271,
        "max": 34.410369873,
        "mean": 15.5218629837,
        "median": 14.836774826,
        "min": 1.6388207674,
        "var": 28.4380226135
    },
    "melbands_flatness_db": {
        "dmean": 0.0245733745396,
        "dmean2": 0.0374387316406,
        "dvar": 0.000710052903742,
        "dvar2": 0.0017054110067,
        "max": 0.477882355452,
        "mean": 0.233186870813,
        "median": 0.223274469376,
        "min": 0.00313396798447,
        "var": 0.00426688371226
    },
    "melbands_kurtosis": {
        "dmean": 5.67298316956,
        "dmean2": 9.28875160217,
        "dvar": 135.904876709,
        "dvar2": 365.623168945,
        "max": 219.600021362,
        "mean": 11.0859794617,
        "median": 6.44459629059,
        "min": -1.60625004768,
        "var": 267.659545898
    },
    "melbands_skewness": {
        "dmean": 0.622291564941,
        "dmean2": 0.984528779984,
        "dvar": 0.580195486546,
        "dvar2": 1.46495234966,
        "max": 11.992108345,
        "mean": 2.42749452591,
        "median": 2.16190600395,
        "min": -1.39697921276,
        "var": 2.18965482712
    },
    "melbands_spread": {
        "dmean": 4.04013633728,
        "dmean2": 6.25553607941,
        "dvar": 21.2844104767,
        "dvar2": 48.1637954712,
        "max": 165.393692017,
        "mean": 17.0270118713,
        "median": 14.9396295547,
        "min": 0.528257131577,
        "var": 119.788909912
    },
    "pitch_salience": {
        "dmean": 0.0674515962601,
        "dmean2": 0.110567972064,
        "dvar": 0.00409668358043,
        "dvar2": 0.0110633671284,
        "max": 0.886321783066,
        "mean": 0.486695200205,
        "median": 0.490667879581,
        "min": 0.0577322654426,
        "var": 0.0129566648975
    },
    "silence_rate_20dB": {
        "dmean": 0,
        "dmean2": 0,
        "dvar": 0,
        "dvar2": 0,
        "max": 1,
        "mean": 1,
        "median": 1,
        "min": 1,
        "var": 0
    },
    "silence_rate_30dB": {
        "dmean": 0.0464666038752,
        "dmean2": 0.0929407030344,
        "dvar": 0.0443102493882,
        "dvar2": 0.105292208493,
        "max": 1,
        "mean": 0.958941698074,
        "median": 1,
        "min": 0,
        "var": 0.0393683202565
    },
    "silence_rate_60dB": {
        "dmean": 0.000161342366482,
        "dmean2": 0.000322710780893,
        "dvar": 0.000161290328833,
        "dvar2": 0.000322606676491,
        "max": 1,
        "mean": 0.0216987989843,
        "median": 0,
        "min": 0,
        "var": 0.0212282855064
    },
    "spectral_centroid": {
        "dmean": 159.787918091,
        "dmean2": 242.582305908,
        "dvar": 41021.6484375,
        "dvar2": 77211.609375,
        "max": 11906.5585938,
        "mean": 1017.56427002,
        "median": 917.744262695,
        "min": 233.135467529,
        "var": 295247.25
    },
    "spectral_complexity": {
        "dmean": 3.36769914627,
        "dmean2": 5.22242832184,
        "dvar": 13.9971408844,
        "dvar2": 25.8448600769,
        "max": 56,
        "mean": 19.6973457336,
        "median": 19,
        "min": 0,
        "var": 50.9537582397
    },
    "spectral_decrease": {
        "dmean": 3.69941233203e-09,
        "dmean2": 6.12157924351e-09,
        "dvar": 3.42463957079e-17,
        "dvar2": 9.62919958456e-17,
        "max": 5.97572128313e-19,
        "mean": -1.26838051173e-08,
        "median": -1.1710250547e-08,
        "min": -7.10893530709e-08,
        "var": 6.38055493137e-17
    },
    "spectral_energy": {
        "dmean": 0.0143519314006,
        "dmean2": 0.0237001366913,
        "dvar": 0.000495937245432,
        "dvar2": 0.00139127590228,
        "max": 0.271340042353,
        "mean": 0.0501101054251,
        "median": 0.0467586331069,
        "min": 1.0206567038e-20,
        "var": 0.000937020464335
    },
    "spectral_energyband_high": {
        "dmean": 0.000272740842775,
        "dmean2": 0.000380888523068,
        "dvar": 3.22264014585e-07,
        "dvar2": 6.1216121594e-07,
        "max": 0.011453576386,
        "mean": 0.000578894279897,
        "median": 0.000243050206336,
        "min": 7.09484201276e-21,
        "var": 9.13440544537e-07
    },
    "spectral_energyband_low": {
        "dmean": 0.010684510693,
        "dmean2": 0.0179480668157,
        "dvar": 0.000531273370143,
        "dvar2": 0.00150164007209,
        "max": 0.260338932276,
        "mean": 0.0247093811631,
        "median": 0.0170582272112,
        "min": 1.80085884832e-23,
        "var": 0.000874597986694
    },
    "spectral_energyband_middle_high": {
        "dmean": 0.00251004658639,
        "dmean2": 0.00386833096854,
        "dvar": 1.40936335811e-05,
        "dvar2": 2.98458926409e-05,
        "max": 0.0958218201995,
        "mean": 0.0075631882064,
        "median": 0.00579765439034,
        "min": 1.23201847553e-21,
        "var": 4.23846540798e-05
    },
    "spectral_energyband_middle_low": {
        "dmean": 0.00570186926052,
        "dmean2": 0.00914916582406,
        "dvar": 4.12878580391e-05,
        "dvar2": 0.000102221289126,
        "max": 0.111348114908,
        "mean": 0.0191012192518,
        "median": 0.0164369400591,
        "min": 2.16264563714e-22,
        "var": 0.000147879894939
    },
    "spectral_entropy": {
        "dmean": 0.16347374022,
        "dmean2": 0.237002208829,
        "dvar": 0.0282624810934,
        "dvar2": 0.058476485312,
        "max": 9.81184196472,
        "mean": 7.30473661423,
        "median": 7.29782533646,
        "min": 5.28084754944,
        "var": 0.191428527236
    },
    "spectral_flux": {
        "dmean": 0.028767650947,
        "dmean2": 0.0456437878311,
        "dvar": 0.00129149504937,
        "dvar2": 0.00272310874425,
        "max": 0.435896515846,
        "mean": 0.0919743403792,
        "median": 0.0825064182281,
        "min": 6.41046313254e-11,
        "var": 0.00260663684458
    },
    "spectral_kurtosis": {
        "dmean": 2.08132338524,
        "dmean2": 3.43330550194,
        "dvar": 10.2323741913,
        "dvar2": 27.0051765442,
        "max": 72.8245925903,
        "mean": 7.42712211609,
        "median": 6.31074428558,
        "min": -1.2285695076,
        "var": 28.1754627228
    },
    "spectral_rms": {
        "dmean": 0.000913679134101,
        "dmean2": 0.00148063991219,
        "dvar": 1.3040922795e-06,
        "dvar2": 3.53803147846e-06,
        "max": 0.0162702798843,
        "mean": 0.00664210226387,
        "median": 0.00675412314013,
        "min": 3.15557063986e-12,
        "var": 4.77074809169e-06
    },
    "spectral_rolloff": {
        "dmean": 250.405227661,
        "dmean2": 420.30871582,
        "dvar": 222564.734375,
        "dvar2": 503031.34375,
        "max": 19724.4140625,
        "mean": 1000.36297607,
        "median": 861.328125,
        "min": 64.599609375,
        "var": 1141805.375
    },
    "spectral_skewness": {
        "dmean": 0.231196478009,
        "dmean2": 0.366950541735,
        "dvar": 0.0669288188219,
        "dvar2": 0.16822989285,
        "max": 6.39591360092,
        "mean": 2.03826403618,
        "median": 2.00158977509,
        "min": -0.0861772224307,
        "var": 0.283630013466
    },
    "spectral_spread": {
        "dmean": 508866.90625,
        "dmean2": 755251.25,
        "dvar": 649702604800,
        "dvar2": 1.30227136102e+12,
        "max": 41378676,
        "mean": 4196567.5,
        "median": 3936116,
        "min": 1023729.0625,
        "var": 3.6847770665e+12
    },
    "spectral_strongpeak": {
        "dmean": 0.504912137985,
        "dmean2": 0.858844220638,
        "dvar": 0.90086466074,
        "dvar2": 2.14916825294,
        "max": 19.7126922607,
        "mean": 1.15179562569,
        "median": 0.619078874588,
        "min": 0,
        "var": 2.02520084381
    },
    "zerocrossingrate": {
        "dmean": 0.00682427780703,
        "dmean2": 0.00837582536042,
        "dvar": 7.28636223357e-05,
        "dvar2": 9.91522756522e-05,
        "max": 0.52734375,
        "mean": 0.0443413890898,
        "median": 0.03955078125,
        "min": 0.0048828125,
        "var": 0.000920886348467
    },
    "barkbands": {
        "dmean": [0.000407585757785, 0.00875296350569, 0.00242518400773, 0.00195355014876, 0.00159136427101, 0.00157392595429, 0.00146470591426, 0.00153315451462, 0.00132762838621, 0.00048888346646, 0.000868390547112, 0.000567615381442, 0.000662079022732, 0.000284828507574, 0.000436585163698, 0.000228151329793, 0.000295551726595, 0.000132504617795, 9.75208022282e-05, 7.84166259109e-05, 6.28426569165e-05, 6.13617958152e-05, 3.58622564818e-05, 2.85638052446e-05, 4.09925705753e-05, 3.54785042873e-05, 1.44647901834e-05],
        "dmean2": [0.000572979915887, 0.0147528741509, 0.00427327025682, 0.00326493685134, 0.00253672502004, 0.00259828101844, 0.00228210398927, 0.0024536952842, 0.0020690264646, 0.000794966006652, 0.00131693284493, 0.000903937383555, 0.00105958606582, 0.000470805825898, 0.000670775072649, 0.000372597598471, 0.000457146030385, 0.000208385914448, 0.000157471440616, 0.00012607644021, 9.46845175349e-05, 8.78830978763e-05, 5.07955046487e-05, 4.01413126383e-05, 6.35609540041e-05, 5.71404380025e-05, 2.29041143029e-05],
        "dvar": [1.15947216273e-06, 0.000381212536013, 4.71474086225e-05, 9.72224188445e-06, 7.94749121269e-06, 8.45286376716e-06, 5.72066119275e-06, 7.93127128418e-06, 6.6672128014e-06, 1.061686703e-06, 5.05703474118e-06, 1.55207942498e-06, 2.05060018743e-06, 3.3685128642e-07, 1.50278526689e-06, 4.3191801069e-07, 5.12848089329e-07, 1.02441049421e-07, 2.6156007138e-08, 2.38129036489e-08, 1.4500559864e-08, 1.70929368437e-08, 7.22397075492e-09, 3.84979026435e-09, 1.73166316841e-08, 2.09708002075e-08, 2.7092439403e-09],
        "dvar2": [2.08086089515e-06, 0.00107884942554, 0.000135489855893, 2.74423055089e-05, 1.76937610377e-05, 2.076968849e-05, 1.28236433738e-05, 1.88564226846e-05, 1.55829493451e-05, 2.5634483336e-06, 9.81123503152e-06, 3.7057618556e-06, 5.12552105647e-06, 8.87683029305e-07, 2.88445494334e-06, 1.00919521628e-06, 1.22717005979e-06, 2.07300644206e-07, 6.34944257172e-08, 5.5116935016e-08, 2.74967089098e-08, 3.15292894015e-08, 1.41979317192e-08, 7.31165528123e-09, 4.15086454097e-08, 5.26712007343e-08, 6.75332323397e-09],
        "max": [0.0239644758403, 0.219066441059, 0.104741588235, 0.0433690659702, 0.0922867283225, 0.0541234351695, 0.047031134367, 0.0609548613429, 0.0743829235435, 0.032740406692, 0.0802234560251, 0.0390947684646, 0.0335418917239, 0.0122417863458, 0.0650947913527, 0.0331810340285, 0.0235340129584, 0.0173538532108, 0.00287412619218, 0.00337454350665, 0.00260210246779, 0.00443108472973, 0.00160219066311, 0.00140667438973, 0.00367585523054, 0.00431446637958, 0.00135874422267],
        "mean": [0.000708495092113, 0.017795836553, 0.00443866802379, 0.00361408526078, 0.00343352858908, 0.00324743357487, 0.00327000091784, 0.00289311097004, 0.00249375752173, 0.000839094514959, 0.00171860388946, 0.00106055801734, 0.00127112318296, 0.000516245374456, 0.000774520332925, 0.000363939063391, 0.000619815720711, 0.000237568412558, 0.000176095039933, 0.000141006777994, 0.000124877828057, 0.000121804427181, 6.73998729326e-05, 5.73553334107e-05, 6.40404978185e-05, 4.37101189164e-05, 1.75881741598e-05],
        "median": [9.43015111261e-05, 0.00653119478375, 0.00189231580589, 0.00199236394837, 0.00201195338741, 0.00140863761771, 0.00160569010768, 0.00133980729152, 0.00109696167056, 0.00043786605238, 0.000512959435582, 0.000461810966954, 0.000480926886667, 0.000251998309977, 0.000334750220645, 0.000191743878531, 0.0002870556782, 0.000116524119221, 8.38404739625e-05, 5.56000850338e-05, 4.90317943331e-05, 4.05571663578e-05, 2.38687425735e-05, 2.1772526452e-05, 1.68464557646e-05, 8.8347496785e-06, 3.45135845237e-06],
        "min": [9.8908603031e-25, 9.76034878836e-24, 9.05319355975e-25, 2.76968274962e-25, 2.23580093717e-23, 2.5589254637e-23, 1.78546801429e-23, 1.88479885512e-23, 2.34848829754e-23, 2.72089832907e-23, 1.56347734908e-23, 3.22542883604e-23, 6.19424437506e-23, 4.36044632409e-23, 4.13984894501e-23, 5.19641200723e-23, 9.29165244578e-23, 1.11679656819e-22, 1.59535771106e-22, 1.70621134847e-22, 2.69024742258e-22, 3.86584732348e-22, 4.90738630888e-22, 5.72536918193e-22, 8.74923433792e-22, 1.33935212723e-21, 1.96100127871e-21],
        "var": [2.36864411818e-06, 0.000617734505795, 5.11296129844e-05, 1.96675155166e-05, 2.43498125201e-05, 2.50867524301e-05, 2.09779300349e-05, 2.01925486181e-05, 1.75948989636e-05, 2.37407630266e-06, 1.61078696692e-05, 3.77718242817e-06, 4.67893687528e-06, 6.03787896125e-07, 3.29843464897e-06, 7.13357337645e-07, 1.13879025321e-06, 2.23965102464e-07, 5.75581076134e-08, 5.67352387293e-08, 4.18128252022e-08, 5.47383294247e-08, 1.70257461463e-08, 1.09058913011e-08, 2.81569203509e-08, 2.53633469782e-08, 2.87173884672e-09]
    },
    "erbbands": {
        "dmean": [0.263230592012, 2.01692056656, 3.20510458946, 4.42559766769, 5.25860500336, 6.49603271484, 6.83876466751, 16.3211097717, 14.5000181198, 35.8395118713, 28.0529346466, 36.3006286621, 12.0596389771, 17.4472179413, 37.7817230225, 27.1036777496, 31.0028057098, 16.5149688721, 14.5295352936, 24.1415290833, 11.6078033447, 13.5317440033, 8.20255756378, 4.83664608002, 4.70468425751, 3.88477635384, 2.87977695465, 2.44907832146, 2.16587638855, 1.55147230625, 0.901130318642, 0.641856372356, 0.453844040632, 0.406034052372, 0.33386182785, 0.200121968985, 0.0520555973053, 0.0147302038968, 0.00249043945223, 0.000125137958094],
        "dmean2": [0.41330614686, 3.48856115341, 5.60532617569, 7.6202082634, 8.42768096924, 10.5111684799, 11.2586593628, 26.9513111115, 23.1588191986, 56.483505249, 45.1520767212, 56.2371368408, 19.6208896637, 27.8238124847, 57.1773948669, 42.5340995789, 49.4649505615, 26.942527771, 23.8885478973, 36.8584480286, 18.7166824341, 20.7612323761, 12.5921678543, 7.72297906876, 7.74773263931, 6.24264383316, 4.36337757111, 3.63690280914, 3.15017986298, 2.21713376045, 1.25730586052, 0.899175286293, 0.653277277946, 0.611612677574, 0.534571528435, 0.324119120836, 0.0843708142638, 0.0235624182969, 0.00396073237062, 0.000194305088371],
        "dvar": [0.319448113441, 23.0133666992, 80.1720275879, 58.5461540222, 61.3247680664, 174.664932251, 157.891433716, 1006.32965088, 747.440551758, 3881.85668945, 3838.33422852, 5078.38916016, 774.761535645, 1346.97351074, 10059.0166016, 3276.30053711, 4574.16259766, 1075.19873047, 704.873962402, 6478.69873047, 840.645446777, 1221.41052246, 376.573760986, 74.0373001099, 69.0539321899, 57.4118270874, 33.6136169434, 24.9157409668, 22.8864154816, 13.7443122864, 4.2797036171, 2.02273893356, 1.10169529915, 1.19197821617, 1.50186407566, 0.688767075539, 0.0420729406178, 0.00295388977975, 7.99831468612e-05, 1.69035644149e-07],
        "dvar2": [0.770369052887, 65.3364486694, 229.184616089, 172.270629883, 147.401931763, 397.423522949, 387.280944824, 2465.49609375, 1741.40087891, 9283.70410156, 9200.17773438, 11798.4824219, 1935.78857422, 3131.53198242, 19486.6914062, 7524.65673828, 11424.2822266, 2784.50170898, 1828.32250977, 12076.3349609, 2076.48803711, 2873.21020508, 703.70489502, 180.157821655, 172.779006958, 132.34236145, 66.2050704956, 49.035785675, 44.6046142578, 25.9189071655, 7.93763971329, 3.66008782387, 2.31256055832, 2.75015926361, 3.72335672379, 1.75119554996, 0.103969193995, 0.00744450464845, 0.000198450754397, 4.160356184e-07],
        "max": [7.86633872986, 55.4620857239, 119.872505188, 100.285095215, 213.623580933, 534.563476562, 346.599151611, 591.776672363, 545.106506348, 1149.12402344, 1673.65124512, 2055.00976562, 900.668640137, 1323.83325195, 4156.47460938, 1955.18493652, 1547.5065918, 656.497375488, 501.56338501, 4436.38427734, 890.796630859, 1511.63769531, 1185.3861084, 204.407470703, 180.405761719, 219.129241943, 108.740333557, 160.240966797, 126.192131042, 78.6051559448, 32.5881118774, 34.6725654602, 28.6195850372, 38.6664733887, 36.1619720459, 23.2161579132, 6.30302858353, 1.29936468601, 0.235193878412, 0.0126022296026],
        "mean": [0.494396686554, 3.90937709808, 6.59012174606, 8.39606380463, 10.9754676819, 12.9280719757, 13.9454870224, 33.879032135, 30.9230861664, 79.7413635254, 53.3789978027, 68.4139785767, 23.0719261169, 33.47057724, 78.3390884399, 55.8574638367, 62.9910621643, 31.7421550751, 26.0254421234, 46.1319465637, 22.8903598785, 29.0245037079, 16.6946220398, 9.22331047058, 8.53019714355, 7.28321695328, 5.38006877899, 5.28955173492, 4.34392595291, 2.85733604431, 1.75806689262, 1.27815377712, 0.874878108501, 0.723092079163, 0.45171892643, 0.238990262151, 0.0664927512407, 0.0180141720921, 0.00298628257588, 0.000210568163311],
        "median": [0.132655069232, 1.63448107243, 3.06007313728, 5.1874256134, 7.14563369751, 6.65928983688, 8.22272205353, 12.5223112106, 16.3717441559, 34.5114173889, 28.5461463928, 29.6152267456, 14.5219287872, 17.3520908356, 27.7302913666, 28.9514198303, 26.1380691528, 18.4842529297, 15.4500226974, 16.5341625214, 12.4277944565, 14.1406002045, 9.55968284607, 5.06910324097, 3.79470992088, 3.15583109856, 2.16640472412, 2.0729572773, 1.46720099449, 0.990207672119, 0.657758533955, 0.468451917171, 0.306188941002, 0.213964775205, 0.10211276263, 0.0436282642186, 0.0147274257615, 0.00385403563268, 0.000584118999541, 9.86396844382e-05],
        "min": [3.68261651843e-22, 9.95688773999e-22, 2.11286424786e-21, 2.15244249757e-21, 2.66505718799e-20, 8.25127072059e-20, 1.09788839271e-19, 2.52318081723e-19, 1.14992335236e-19, 1.95014175436e-19, 6.19381468946e-19, 6.01118044804e-19, 7.68957592283e-19, 1.04875210656e-18, 8.82681122933e-19, 1.55330715461e-18, 2.1422062942e-18, 2.88022014544e-18, 2.8599002469e-18, 3.12457343429e-18, 3.97069482851e-18, 5.48814897685e-18, 5.23830817181e-18, 9.71525449241e-18, 6.76445846992e-18, 7.23730840887e-18, 1.06911894761e-17, 1.21823934612e-17, 1.42418200692e-17, 1.29539147447e-17, 1.31792197184e-17, 1.03120528967e-17, 1.28934081373e-17, 6.73768511504e-18, 6.37428109729e-18, 3.99953654852e-18, 2.46700269083e-18, 9.99610133552e-19, 2.8114232754e-19, 2.86587483029e-20],
        "var": [0.702452838421, 30.5004806519, 88.3351898193, 91.6364212036, 154.545898438, 468.073120117, 337.675018311, 3233.04150391, 1962.71826172, 14307.9335938, 7121.75927734, 13426.2509766, 1107.58581543, 3637.11035156, 30683.9941406, 8890.85449219, 11075.9257812, 1808.25439453, 1125.83520508, 15420.9951172, 1492.94396973, 2723.74902344, 925.335327148, 135.375259399, 153.311721802, 135.494430542, 87.1913452148, 78.3429412842, 68.1606063843, 32.6576881409, 11.0749540329, 5.60113763809, 2.95296120644, 2.69936275482, 1.9473965168, 0.801532745361, 0.0521701276302, 0.00327796232887, 8.54724130477e-05, 1.91251714909e-07]
    },
    "gfcc": {
        "mean": [18.9404258728, 104.016304016, -110.305702209, 11.2221708298, -47.0475730896, 8.35109519958, -31.9032535553, 4.72199058533, -17.3702011108, 3.10629844666, -14.5077047348, -0.802846610546, -14.0543394089],
        "cov": [[12407.9003906, -283.149414062, -412.669128418, 362.258392334, -145.623855591, 388.729644775, 153.989395142, 414.62588501, 29.0143699646, 275.647521973, 51.6652793884, 208.150054932, -124.195838928], [-283.149414062, 1552.27380371, -96.3327713013, -24.3223361969, 238.346725464, -37.3332519531, 174.450271606, -46.3192100525, 156.260574341, -74.4361114502, 191.306549072, -14.5292921066, 100.694839478], [-412.669128418, -96.3327713013, 711.137451172, 214.84602356, 232.657577515, 193.450973511, 176.78717041, 165.062652588, 65.4593048096, 105.156661987, 32.2292633057, 39.3814735413, 33.4780464172], [362.258392334, -24.3223361969, 214.84602356, 321.371887207, 158.537353516, 140.596969604, 99.506111145, 105.475265503, 70.3771591187, 57.9372940063, 17.3451576233, 27.533952713, 14.5445232391], [-145.623855591, 238.346725464, 232.657577515, 158.537353516, 310.524230957, 157.166122437, 135.961959839, 114.601837158, 95.4509124756, 49.6252403259, 43.9829063416, 26.6298980713, 26.7861995697], [388.729644775, -37.3332519531, 193.450973511, 140.596969604, 157.166122437, 212.154190063, 139.000198364, 117.376869202, 54.4362030029, 67.4143218994, 20.9521980286, 32.2284049988, 7.70933151245], [153.989395142, 174.450271606, 176.78717041, 99.506111145, 135.961959839, 139.000198364, 204.28729248, 111.144691467, 72.4120101929, 44.6341247559, 65.7541351318, 27.7647571564, 29.2204666138], [414.62588501, -46.3192100525, 165.062652588, 105.475265503, 114.601837158, 117.376869202, 111.144691467, 159.553741455, 76.8168792725, 68.5988388062, 28.6027908325, 39.7612800598, 6.50117349625], [29.0143699646, 156.260574341, 65.4593048096, 70.3771591187, 95.4509124756, 54.4362030029, 72.4120101929, 76.8168792725, 125.35358429, 61.4910316467, 44.2791824341, 14.9577312469, 20.4503078461], [275.647521973, -74.4361114502, 105.156661987, 57.9372940063, 49.6252403259, 67.4143218994, 44.6341247559, 68.5988388062, 61.4910316467, 108.978843689, 40.1672401428, 30.5137443542, 8.84767246246], [51.6652793884, 191.306549072, 32.2292633057, 17.3451576233, 43.9829063416, 20.9521980286, 65.7541351318, 28.6027908325, 44.2791824341, 40.1672401428, 110.18208313, 51.9964447021, 37.4145393372], [208.150054932, -14.5292921066, 39.3814735413, 27.533952713, 26.6298980713, 32.2284049988, 27.7647571564, 39.7612800598, 14.9577312469, 30.5137443542, 51.9964447021, 89.7771835327, 41.7778167725], [-124.195838928, 100.694839478, 33.4780464172, 14.5445232391, 26.7861995697, 7.70933151245, 29.2204666138, 6.50117349625, 20.4503078461, 8.84767246246, 37.4145393372, 41.7778167725, 73.6564102173]],
        "icov": [[0.000148352817632, -0.00023483762925, 0.000229836659855, -0.000242265188717, 0.000431300344644, -0.000325237051584, 0.000126036000438, -0.000684959697537, 0.000606843968853, -0.000632125360426, 0.000363083177945, -0.000421298085712, 0.000364185252693], [-0.00023483762925, 0.00244246702641, 2.4367216156e-06, 0.00076738075586, -0.0025135204196, 0.00139661657158, -0.00154467334505, 0.00284188659862, -0.00347284600139, 0.0038231224753, -0.00394439650699, 0.00250834971666, -0.00167197722476], [0.000229836659855, 2.4367216156e-06, 0.00298146624118, -0.000975445844233, -0.000874257122632, 0.000135292153573, -0.00128942239098, -0.0018598374445, 0.00253066327423, -0.00266854977235, 0.000841807574034, 0.000235098385019, -0.000741868163459], [-0.000242265188717, 0.00076738075586, -0.000975445844233, 0.00552630331367, -0.00187614595052, -0.00128287635744, 0.000116104500194, 0.000958235992584, -0.00275519746356, 0.00184424966574, -0.000685326987877, 0.000612011470366, -0.000875122379512], [0.000431300344644, -0.0025135204196, -0.000874257122632, -0.00187614595052, 0.0102179031819, -0.00581207172945, 0.00244010076858, -0.00411631679162, 8.96472265595e-05, -0.00082546658814, 0.00204750080593, -0.00185030326247, 0.00130272714887], [-0.000325237051584, 0.00139661657158, 0.000135292153573, -0.00128287635744, -0.00581207172945, 0.0170911420137, -0.0095414025709, 0.00102883111686, 0.00160555506591, -0.00415928568691, 0.00395317748189, -0.0022443914786, 0.00107210397255], [0.000126036000438, -0.00154467334505, -0.00128942239098, 0.000116104500194, 0.00244010076858, -0.0095414025709, 0.0177732463926, -0.00826109945774, 0.000177068082849, 0.00400695810094, -0.00765509763733, 0.0052677099593, -0.00295291724615], [-0.000684959697537, 0.00284188659862, -0.0018598374445, 0.000958235992584, -0.00411631679162, 0.00102883111686, -0.00826109945774, 0.023901514709, -0.0114262038842, 0.0018123225309, 0.00137745798565, -0.00586703652516, 0.00375578878447], [0.000606843968853, -0.00347284600139, 0.00253066327423, -0.00275519746356, 8.96472265595e-05, 0.00160555506591, 0.000177068082849, -0.0114262038842, 0.0244687236845, -0.0141078922898, 0.00292711728252, 0.00205114576966, -0.00184685713612], [-0.000632125360426, 0.0038231224753, -0.00266854977235, 0.00184424966574, -0.00082546658814, -0.00415928568691, 0.00400695810094, 0.0018123225309, -0.0141078922898, 0.0269940011203, -0.0131006063893, 0.00372680998407, -0.00124254042748], [0.000363083177945, -0.00394439650699, 0.000841807574034, -0.000685326987877, 0.00204750080593, 0.00395317748189, -0.00765509763733, 0.00137745798565, 0.00292711728252, -0.0131006063893, 0.0282865613699, -0.015611089766, 0.00276129110716], [-0.000421298085712, 0.00250834971666, 0.000235098385019, 0.000612011470366, -0.00185030326247, -0.0022443914786, 0.0052677099593, -0.00586703652516, 0.00205114576966, 0.00372680998407, -0.015611089766, 0.0286827869713, -0.0143875181675], [0.000364185252693, -0.00167197722476, -0.000741868163459, -0.000875122379512, 0.00130272714887, 0.00107210397255, -0.00295291724615, 0.00375578878447, -0.00184685713612, -0.00124254042748, 0.00276129110716, -0.0143875181675, 0.0246603339911]]
    },
    "melbands": {
        "dmean": [0.00235924101435, 0.00199544313364, 0.000784086005297, 0.000402482051868, 0.000244669994572, 0.000338862126227, 0.000233561790083, 0.000379531440558, 0.000231015656027, 0.000212480386836, 5.85158231843e-05, 7.18271039659e-05, 0.000123982754303, 8.15453604446e-05, 6.93503607181e-05, 5.54811667826e-05, 3.07567788695e-05, 2.3034908736e-05, 2.82717919617e-05, 2.63796664512e-05, 1.37275155794e-05, 1.62087562785e-05, 1.08266003735e-05, 6.94541722623e-06, 3.78191202799e-06, 4.2821502575e-06, 2.59688613369e-06, 2.74658918897e-06, 2.04677007787e-06, 1.5069967958e-06, 1.64266930369e-06, 1.37507834097e-06, 1.04524622202e-06, 8.68406630161e-07, 5.6767771639e-07, 4.21032268605e-07, 4.00557780722e-07, 3.24694610754e-07, 3.45790084566e-07, 3.58110810339e-07],
        "dmean2": [0.0038793857675, 0.00345625262707, 0.00132214371115, 0.000636125332676, 0.000402420322644, 0.000559245701879, 0.00036998532596, 0.000599187449552, 0.000370862486307, 0.000330364942783, 9.59761746344e-05, 0.000115641858429, 0.000189063735888, 0.000126025493955, 0.000111247405584, 8.82240419742e-05, 5.04249728692e-05, 3.82550315408e-05, 4.29746942245e-05, 4.17455157731e-05, 2.23018487304e-05, 2.48021660809e-05, 1.66049503605e-05, 1.09422198875e-05, 6.02402360528e-06, 7.13502458893e-06, 4.17301089328e-06, 4.45987507192e-06, 3.15662623507e-06, 2.34149729295e-06, 2.46503441304e-06, 2.03973263524e-06, 1.50003450017e-06, 1.30934699882e-06, 8.3213541302e-07, 5.86289218063e-07, 5.83574092161e-07, 4.78922288494e-07, 5.08425728185e-07, 5.51633092982e-07],
        "dvar": [2.57692026935e-05, 2.6443909519e-05, 1.61463356108e-06, 5.04857723627e-07, 1.80241755743e-07, 4.12694646457e-07, 1.69082454704e-07, 4.1667473738e-07, 2.34697679957e-07, 1.77676852786e-07, 1.91786782011e-08, 2.38710509137e-08, 1.02828629167e-07, 3.17229513769e-08, 1.75455170393e-08, 1.48483216833e-08, 3.98619004471e-09, 1.9410399954e-09, 7.76080444354e-09, 6.25423357548e-09, 1.41323541758e-09, 2.13923656567e-09, 8.2372947352e-10, 2.58070009806e-10, 5.28658158916e-11, 6.04685329586e-11, 2.38412154602e-11, 2.89710529872e-11, 1.97137150354e-11, 9.28567032293e-12, 1.16677787224e-11, 9.63057411596e-12, 6.4947040801e-12, 4.43225837976e-12, 1.75465262979e-12, 9.60655925468e-13, 8.09828278655e-13, 5.92311247792e-13, 7.01258929398e-13, 1.04676879144e-12],
        "dvar2": [6.99030788383e-05, 7.47597732698e-05, 4.5905449042e-06, 1.11939039016e-06, 4.26257997788e-07, 1.01427565369e-06, 3.90887237245e-07, 1.00229203781e-06, 5.6574373275e-07, 4.14501613477e-07, 4.81908024597e-08, 5.63226052464e-08, 2.00949372697e-07, 7.08117582349e-08, 4.45251870929e-08, 3.56433602633e-08, 1.04261692613e-08, 5.06891062457e-09, 1.41470639647e-08, 1.22298358107e-08, 3.59926710658e-09, 5.128599323e-09, 1.54786428119e-09, 5.43721234703e-10, 1.28477867234e-10, 1.55697232884e-10, 5.4382720549e-11, 6.9300454264e-11, 4.22573989689e-11, 1.95439983641e-11, 2.41336430007e-11, 2.02573565561e-11, 1.20673228354e-11, 9.50565147428e-12, 3.58017435143e-12, 1.69119199981e-12, 1.59089213157e-12, 1.29982027745e-12, 1.55968055311e-12, 2.46847052347e-12],
        "max": [0.0580830685794, 0.0649355053902, 0.0160966832191, 0.0248988904059, 0.011505573988, 0.0116623146459, 0.00803941115737, 0.0121912537143, 0.0132050300017, 0.0113985808566, 0.00445751473308, 0.00574300345033, 0.0109786679968, 0.00538513343781, 0.0034892053809, 0.00362743367441, 0.00130621891003, 0.000856675265823, 0.00425143027678, 0.00411544274539, 0.00128926045727, 0.00216953456402, 0.00137760338839, 0.000707269704435, 0.000185746859643, 0.000141386000905, 0.000143283876241, 0.000141677592183, 9.49011227931e-05, 4.45236037194e-05, 0.000112404653919, 0.000119654148875, 7.48961829231e-05, 4.05615719501e-05, 2.35503757722e-05, 2.15594754991e-05, 2.41580419242e-05, 1.95503107534e-05, 2.30633795582e-05, 4.09083259001e-05],
        "mean": [0.00467639835551, 0.00421244790778, 0.00156900496222, 0.000888022244908, 0.000518758664839, 0.000703418802004, 0.00050842424389, 0.000832538236864, 0.000426964339567, 0.000392909394577, 0.000103358310298, 0.000127645675093, 0.00024815640063, 0.000160262236022, 0.000144934601849, 0.000104415506939, 5.53070567548e-05, 3.91944522562e-05, 5.0805407227e-05, 4.89541707793e-05, 2.49948952842e-05, 3.36316406901e-05, 2.05658288905e-05, 1.2633242477e-05, 6.39026802673e-06, 7.219642157e-06, 4.57365695183e-06, 4.90165075462e-06, 3.50868594978e-06, 2.696609954e-06, 3.4828317439e-06, 2.66049983111e-06, 1.87094917692e-06, 1.47665866734e-06, 1.03287266029e-06, 8.29725024687e-07, 7.55249629947e-07, 5.85373186368e-07, 6.52345647723e-07, 5.90491026742e-07],
        "median": [0.00157176284119, 0.00257859635167, 0.001043101307, 0.000525926996488, 0.00031735925586, 0.000276186532574, 0.000271679891739, 0.000370149355149, 0.000221106165554, 0.000167397593032, 6.11362047493e-05, 6.06118883297e-05, 7.65826625866e-05, 7.27750229998e-05, 7.25335121388e-05, 4.74942680739e-05, 2.72107954515e-05, 2.06226941373e-05, 2.02903520403e-05, 2.14886749745e-05, 1.00158658825e-05, 1.34262754727e-05, 9.20617821976e-06, 5.18608430866e-06, 3.06549827656e-06, 3.0824503483e-06, 1.71859778675e-06, 1.98992233891e-06, 1.27994474042e-06, 1.03142997432e-06, 1.28640397179e-06, 8.38259268221e-07, 6.03457863235e-07, 4.78333618048e-07, 3.70292184471e-07, 2.98861351666e-07, 2.58799587982e-07, 1.98655058625e-07, 1.96866693614e-07, 1.64539954994e-07],
        "min": [4.43959360646e-24, 1.10152148766e-24, 5.80554097373e-25, 3.0146345131e-24, 3.82960296719e-24, 5.86621857684e-24, 2.19482284748e-24, 2.05699385898e-24, 4.36305674371e-24, 3.86850524831e-24, 3.53673204524e-24, 4.24347923555e-24, 2.40471092701e-24, 3.62363690687e-24, 3.67056703098e-24, 6.44621514677e-24, 5.01180964128e-24, 3.42189046352e-24, 3.82059299237e-24, 3.1861419458e-24, 4.23005755611e-24, 5.37940896235e-24, 3.94056295883e-24, 5.46825323851e-24, 7.7721408393e-24, 4.73478535719e-24, 4.89791350936e-24, 4.67467849495e-24, 5.05876855882e-24, 5.89901862442e-24, 6.82899688482e-24, 8.39258388556e-24, 6.80082587303e-24, 6.61757111817e-24, 7.57187745446e-24, 6.71713877504e-24, 4.9918297667e-24, 8.57376945827e-24, 5.76283796078e-24, 5.85026820377e-24],
        "var": [4.8438734666e-05, 3.12503398163e-05, 2.77854724118e-06, 1.63322624758e-06, 4.2461999783e-07, 1.29379372993e-06, 4.6415746624e-07, 1.48799779254e-06, 4.53887054164e-07, 4.53294575209e-07, 2.61702215454e-08, 6.14418951272e-08, 3.28541858607e-07, 8.03106559033e-08, 4.26950492738e-08, 2.8377343142e-08, 7.40397698706e-09, 3.11459502633e-09, 1.76476131486e-08, 1.42061669095e-08, 2.57522159153e-09, 4.98116969894e-09, 1.97479277375e-09, 6.78046729874e-10, 8.73455197059e-11, 1.24817670089e-10, 6.2430109693e-11, 6.79584860608e-11, 4.4797603127e-11, 2.19748715752e-11, 3.89839445447e-11, 2.89865215164e-11, 1.56769302401e-11, 8.87178004672e-12, 3.93743501345e-12, 2.58918776176e-12, 2.03635025509e-12, 1.40330455589e-12, 1.80520398976e-12, 2.18107801785e-12]
    },
    "mfcc": {
        "mean": [-628.234375, 144.735565186, -4.35650396347, 12.403547287, 2.40115427971, 5.59912443161, -2.89459872246, 1.09561979771, 0.885721206665, -1.80193328857, 2.9357714653, 5.03071641922, 1.66687130928],
        "cov": [[5955.25927734, 123.597312927, 56.3754692078, 120.311157227, -3.42930650711, 128.914978027, 117.979866028, 134.351974487, 184.384902954, 135.961166382, 120.737808228, 132.658889771, 159.217071533], [123.597312927, 1511.8067627, -134.504806519, 71.9933319092, 84.9497299194, 62.0493469238, 60.7258377075, 99.5860977173, 3.24043798447, 40.0733985901, 54.4694061279, 75.8109054565, 38.5709609985], [56.3754692078, -134.504806519, 402.041229248, 133.211349487, 105.911865234, 90.0425643921, 134.054550171, 78.2544021606, 94.8338775635, 80.5139389038, 47.9829139709, 42.5182609558, 49.9179382324], [120.311157227, 71.9933319092, 133.211349487, 196.585891724, 117.581001282, 81.4995269775, 77.7914962769, 75.0243530273, 72.8968658447, 54.0473594666, 49.9733581543, 32.7371063232, 49.7474594116], [-3.42930650711, 84.9497299194, 105.911865234, 117.581001282, 197.960205078, 102.79058075, 82.3821868896, 74.6787872314, 91.345375061, 50.3709068298, 60.8000450134, 43.1025238037, 48.8227005005], [128.914978027, 62.0493469238, 90.0425643921, 81.4995269775, 102.79058075, 143.15447998, 102.678092957, 73.0223007202, 78.0481338501, 55.2970504761, 56.6522407532, 38.2707977295, 42.7554359436], [117.979866028, 60.7258377075, 134.054550171, 77.7914962769, 82.3821868896, 102.678092957, 176.178985596, 113.292289734, 76.4161758423, 65.6353378296, 50.1929969788, 42.9718170166, 53.6297187805], [134.351974487, 99.5860977173, 78.2544021606, 75.0243530273, 74.6787872314, 73.0223007202, 113.292289734, 142.80329895, 85.4194412231, 47.5416069031, 48.4110641479, 41.8539428711, 47.5242767334], [184.384902954, 3.24043798447, 94.8338775635, 72.8968658447, 91.345375061, 78.0481338501, 76.4161758423, 85.4194412231, 136.065841675, 67.401763916, 60.6459350586, 40.1186256409, 46.0467453003], [135.961166382, 40.0733985901, 80.5139389038, 54.0473594666, 50.3709068298, 55.2970504761, 65.6353378296, 47.5416069031, 67.401763916, 117.606376648, 56.4484443665, 31.9422588348, 30.5260601044], [120.737808228, 54.4694061279, 47.9829139709, 49.9733581543, 60.8000450134, 56.6522407532, 50.1929969788, 48.4110641479, 60.6459350586, 56.4484443665, 119.720077515, 59.5522918701, 31.2817268372], [132.658889771, 75.8109054565, 42.5182609558, 32.7371063232, 43.1025238037, 38.2707977295, 42.9718170166, 41.8539428711, 40.1186256409, 31.9422588348, 59.5522918701, 90.6357727051, 48.6035652161], [159.217071533, 38.5709609985, 49.9179382324, 49.7474594116, 48.8227005005, 42.7554359436, 53.6297187805, 47.5242767334, 46.0467453003, 30.5260601044, 31.2817268372, 48.6035652161, 98.1396789551]],
