{
"lowlevel": {
    "average_loudness": 0.541396141052,
    "barkbands_crest": {
        "dmean": 2.20657014847,
        "dmean2": 3.587266922,
        "dvar": 5.3203754425,
        "dvar2": 11.8040628433,
        "max": 25.8726940155,
        "mean": 11.3786811829,
        "median": 10.4616804123,
        "min": 2.0680835247,
        "var": 21.1633014679
    },
    "barkbands_flatness_db": {
        "dmean": 0.0305071529001,
        "dmean2": 0.0477969907224,
        "dvar": 0.00156018172856,
        "dvar2": 0.00330823520198,
        "max": 0.63981872797,
        "mean": 0.218144446611,
        "median": 0.203280061483,
        "min": 0.0112216537818,
        "var": 0.0095265544951
    },
    "barkbands_kurtosis": {
        "dmean": 4.16239261627,
        "dmean2": 6.59631681442,
        "dvar": 77.6025848389,
        "dvar2": 183.267959595,
        "max": 339.495880127,
        "mean": 7.65291690826,
        "median": 3.70152974129,
        "min": -1.91667187214,
        "var": 182.809921265
    },
    "barkbands_skewness": {
        "dmean": 0.597588419914,
        "dmean2": 0.923020124435,
        "dvar": 0.507254004478,
        "dvar2": 1.09157025814,
        "max": 13.6973333359,
        "mean": 1.66778624058,
        "median": 1.48323369026,
        "min": -3.71203589439,
        "var": 2.14567279816
    },
    "barkbands_spread": {
        "dmean": 3.97562503815,
        "dmean2": 6.28787279129,
        "dvar": 45.4539985657,
        "dvar2": 96.3258743286,
        "max": 105.111976624,
        "mean": 12.9017105103,
        "median": 8.65532684326,
        "min": 0.230475634336,
        "var": 171.244522095
    },
    "dissonance": {
        "dmean": 0.0309535637498,
        "dmean2": 0.0520950593054,
        "dvar": 0.00114290905185,
        "dvar2": 0.00312956562266,
        "max": 0.500000178814,
        "mean": 0.432309776545,
        "median": 0.447080552578,
        "min": 0.116176396608,
        "var": 0.00308751454577
    },
    "dynamic_complexity": 4.3588218689,
    "erbbands_crest": {
        "dmean": 2.82989621162,
        "dmean2": 4.56328344345,
        "dvar": 7.90159082413,
        "dvar2": 19.9606628418,
        "max": 33.8412208557,
        "mean": 12.3370895386,
        "median": 11.3585662842,
        "min": 2.25089168549,
        "var": 31.4456958771
    },
    "erbbands_flatness_db": {
        "dmean": 0.024702552706,
        "dmean2": 0.0378074087203,
        "dvar": 0.00102817255538,
        "dvar2": 0.00215167575516,
        "max": 0.499432533979,
        "mean": 0.230410411954,
        "median": 0.218143850565,
        "min": 0.0335508175194,
        "var": 0.00787388905883
    },
    "erbbands_kurtosis": {
        "dmean": 2.19875907898,
        "dmean2": 3.42126202583,
        "dvar": 23.046749115,
        "dvar2": 49.6368103027,
        "max": 153.814865112,
        "mean": 3.26908183098,
        "median": 0.998869180679,
        "min": -1.884775877,
        "var": 63.5190200806
    },
    "erbbands_skewness": {
        "dmean": 0.476994514465,
        "dmean2": 0.736287355423,
        "dvar": 0.287891596556,
        "dvar2": 0.643662691116,
        "max": 9.1302690506,
        "mean": 0.794307053089,
        "median": 0.688718080521,
        "min": -7.68872737885,
        "var": 1.57308888435
    },
    "erbbands_spread": {
        "dmean": 6.26990842819,
        "dmean2": 9.54371166229,
        "dvar": 81.9206390381,
        "dvar2": 166.883773804,
        "max": 173.504135132,
        "mean": 25.669719696,
        "median": 19.4609298706,
        "min": 0.913255810738,
        "var": 411.250671387
    },
    "hfc": {
        "dmean": 8.02337837219,
        "dmean2": 12.5488290787,
        "dvar": 1195.74890137,
        "dvar2": 2977.08959961,
        "max": 607.578308105,
        "mean": 15.6076669693,
        "median": 9.38966655731,
        "min": 1.12936716037e-16,
        "var": 1158.47766113
    },
    "melbands_crest": {
        "dmean": 2.72409200668,
        "dmean2": 4.47417783737,
        "dvar": 8.61053466797,
        "dvar2": 19.6691532135,
        "max": 35.5884933472,
        "mean": 14.2824249268,
        "median": 13.6309404373,
        "min": 2.27316904068,
        "var": 27.4378890991
    },
    "melbands_flatness_db": {
        "dmean": 0.0356808826327,
        "dmean2": 0.0555369779468,
        "dvar": 0.00216863187961,
        "dvar2": 0.00450597936288,
        "max": 0.8130864501,
        "mean": 0.309846937656,
        "median": 0.29455563426,
        "min": 0.00556429009885,
        "var": 0.0138062043115
    },
    "melbands_kurtosis": {
        "dmean": 8.07927799225,
        "dmean2": 12.6247291565,
        "dvar": 406.676452637,
        "dvar2": 838.726135254,
        "max": 761.880065918,
        "mean": 16.0027313232,
        "median": 6.50942802429,
        "min": -1.89453125,
        "var": 1109.42285156
    },
    "melbands_skewness": {
        "dmean": 0.720971107483,
        "dmean2": 1.10914695263,
        "dvar": 0.91267901659,
        "dvar2": 1.86504888535,
        "max": 21.092048645,
        "mean": 2.33131504059,
        "median": 1.91727924347,
        "min": -2.05288100243,
        "var": 4.09687185287
    },
    "melbands_spread": {
        "dmean": 4.42930459976,
        "dmean2": 7.01292562485,
        "dvar": 64.1221008301,
        "dvar2": 137.501342773,
        "max": 204.475692749,
        "mean": 14.4795484543,
        "median": 10.0674686432,
        "min": 0.242485582829,
        "var": 268.939178467
    },
    "pitch_salience": {
        "dmean": 0.0700496509671,
        "dmean2": 0.116507463157,
        "dvar": 0.00493463082239,
        "dvar2": 0.0121957985684,
        "max": 0.948019981384,
        "mean": 0.527282774448,
        "median": 0.53427863121,
        "min": 0.0461359471083,
        "var": 0.0149778807536
    },
    "silence_rate_20dB": {
        "dmean": 0,
        "dmean2": 0,
        "dvar": 0,
        "dvar2": 0,
        "max": 1,
        "mean": 1,
        "median": 1,
        "min": 1,
        "var": 0
    },
    "silence_rate_30dB": {
        "dmean": 0.0328623056412,
        "dmean2": 0.0657289326191,
        "dvar": 0.0317793115973,
        "dvar2": 0.0689046010375,
        "max": 1,
        "mean": 0.956296026707,
        "median": 1,
        "min": 0,
        "var": 0.0417939461768
    },
    "silence_rate_60dB": {
        "dmean": 0.0299704242498,
        "dmean2": 0.0599447861314,
        "dvar": 0.0290698707104,
        "dvar2": 0.0633249506354,
        "max": 1,
        "mean": 0.145176127553,
        "median": 0,
        "min": 0,
        "var": 0.124110691249
    },
    "spectral_centroid": {
        "dmean": 148.487869263,
        "dmean2": 235.240737915,
        "dvar": 71812.46875,
        "dvar2": 150517.78125,
        "max": 11341.9707031,
        "mean": 807.161621094,
        "median": 598.668579102,
        "min": 133.29309082,
        "var": 398652
    },
    "spectral_complexity": {
        "dmean": 2.64659881592,
        "dmean2": 4.07545661926,
        "dvar": 15.5593032837,
        "dvar2": 28.1172027588,
        "max": 60,
        "mean": 10.9835700989,
        "median": 10,
        "min": 0,
        "var": 63.0304031372
    },
    "spectral_decrease": {
        "dmean": 3.11947756515e-09,
        "dmean2": 4.74735273315e-09,
        "dvar": 4.17430310291e-17,
        "dvar2": 8.40922398633e-17,
        "max": 9.40372068572e-29,
        "mean": -7.77642572558e-09,
        "median": -4.84590545469e-09,
        "min": -1.01160956945e-07,
        "var": 9.28909798914e-17
    },
    "spectral_energy": {
        "dmean": 0.012420758605,
        "dmean2": 0.0188991352916,
        "dvar": 0.000640332815237,
        "dvar2": 0.00131226470694,
        "max": 0.385351330042,
        "mean": 0.0307655017823,
        "median": 0.0193425789475,
        "min": 1.03422254663e-20,
        "var": 0.00141308747698
    },
    "spectral_energyband_high": {
        "dmean": 0.000448468897957,
        "dmean2": 0.000707695726305,
        "dvar": 8.04939918453e-06,
        "dvar2": 2.01424682018e-05,
        "max": 0.049251947552,
        "mean": 0.000477685825899,
        "median": 5.08431330672e-05,
        "min": 7.50186414954e-21,
        "var": 6.85109944243e-06
    },
    "spectral_energyband_low": {
        "dmean": 0.00712078111246,
        "dmean2": 0.0107787530869,
        "dvar": 0.000506183947437,
        "dvar2": 0.00102861167397,
        "max": 0.331908017397,
        "mean": 0.0118475668132,
        "median": 0.00213554920629,
        "min": 4.029228558e-23,
        "var": 0.000784483505413
    },
    "spectral_energyband_middle_high": {
        "dmean": 0.00162394309882,
        "dmean2": 0.00246128486469,
        "dvar": 1.59116189025e-05,
        "dvar2": 3.8262194721e-05,
        "max": 0.0679861456156,
        "mean": 0.00338478689082,
        "median": 0.00159059406724,
        "min": 1.19628077936e-21,
        "var": 2.76438058791e-05
    },
    "spectral_energyband_middle_low": {
        "dmean": 0.00565686495975,
        "dmean2": 0.00936535000801,
        "dvar": 6.97634313838e-05,
        "dvar2": 0.000177649519173,
        "max": 0.127671673894,
        "mean": 0.0160059090704,
        "median": 0.0112436842173,
        "min": 2.4879153289e-22,
        "var": 0.000258954329183
    },
    "spectral_entropy": {
        "dmean": 0.271252065897,
        "dmean2": 0.42006623745,
        "dvar": 0.140596821904,
        "dvar2": 0.304143995047,
        "max": 9.81217002869,
        "mean": 6.74910593033,
        "median": 6.81886911392,
        "min": 3.27000880241,
        "var": 0.70242369175
    },
    "spectral_flux": {
        "dmean": 0.0297854878008,
        "dmean2": 0.0465216673911,
        "dvar": 0.00198839628138,
        "dvar2": 0.00451121293008,
        "max": 0.420816779137,
        "mean": 0.0693769678473,
        "median": 0.0519775860012,
        "min": 6.75458022847e-11,
        "var": 0.00386292790063
    },
    "spectral_kurtosis": {
        "dmean": 9.71957874298,
        "dmean2": 16.0856685638,
        "dvar": 437.432769775,
        "dvar2": 1103.74450684,
        "max": 392.642547607,
        "mean": 24.8393096924,
        "median": 8.34492492676,
        "min": -1.27616584301,
        "var": 1853.86425781
    },
    "spectral_rms": {
        "dmean": 0.00091536086984,
        "dmean2": 0.0013770731166,
        "dvar": 1.77897675258e-06,
        "dvar2": 3.41573877449e-06,
        "max": 0.0193894952536,
        "mean": 0.00467506470159,
        "median": 0.00434405449778,
        "min": 3.17647232302e-12,
        "var": 8.15882413008e-06
    },
    "spectral_rolloff": {
        "dmean": 339.69418335,
        "dmean2": 578.006652832,
        "dvar": 957491.3125,
        "dvar2": 2130080.25,
        "max": 19379.8828125,
        "mean": 1047.39758301,
        "median": 624.462890625,
        "min": 43.06640625,
        "var": 2120295
    },
    "spectral_skewness": {
        "dmean": 0.65882986784,
        "dmean2": 1.05802237988,
        "dvar": 1.04669523239,
        "dvar2": 2.59367084503,
        "max": 16.0969467163,
        "mean": 3.05513906479,
        "median": 2.38556432724,
        "min": -0.4743527174,
        "var": 5.0422077179
    },
    "spectral_spread": {
        "dmean": 654856.8125,
        "dmean2": 982068.375,
        "dvar": 1.15974943539e+12,
        "dvar2": 2.21304061952e+12,
        "max": 51335732,
        "mean": 3731698.25,
        "median": 3159166.75,
        "min": 224040.03125,
        "var": 6.02037341389e+12
    },
    "spectral_strongpeak": {
        "dmean": 0.449960142374,
        "dmean2": 0.773856580257,
        "dvar": 0.574454843998,
        "dvar2": 1.43005418777,
        "max": 14.5838603973,
        "mean": 0.984112918377,
        "median": 0.593017697334,
        "min": 0,
        "var": 1.24930071831
    },
    "zerocrossingrate": {
        "dmean": 0.00850061886013,
        "dmean2": 0.0100109213963,
        "dvar": 0.000217650231207,
        "dvar2": 0.000248364056461,
        "max": 0.5126953125,
        "mean": 0.0436367020011,
        "median": 0.03271484375,
        "min": 0.0029296875,
        "var": 0.00159980612807
    },
    "barkbands": {
        "dmean": [0.000441773241619, 0.00542459869757, 0.00165972672403, 0.00169628194999, 0.00210890034214, 0.00107676326297, 0.00137983204331, 0.000851372256875, 0.000705621903762, 0.000361927610356, 0.00044820344192, 0.000405888946261, 0.000252655299846, 0.000154244800797, 0.000150852720253, 0.000120736091048, 8.57335107867e-05, 6.64244798827e-05, 5.59241962037e-05, 5.78724102525e-05, 6.11034120084e-05, 5.12144288223e-05, 7.12479741196e-05, 5.60314474569e-05, 5.10310819664e-05, 8.91783565748e-05, 5.95114288444e-05],
        "dmean2": [0.000717690563761, 0.00812440458685, 0.00284398533404, 0.00271003972739, 0.00349805457518, 0.00192960735876, 0.00264171673916, 0.00128176377621, 0.00116467277985, 0.000577165570576, 0.000641207909212, 0.000606879533734, 0.000406303792261, 0.000252645142609, 0.000249291100772, 0.000196709632291, 0.000144562145579, 0.000109761043859, 9.10540111363e-05, 9.4185146736e-05, 0.000103229263914, 8.31062279758e-05, 0.000111196306534, 8.9190180006e-05, 8.08560871519e-05, 0.000142003060319, 9.56074945861e-05],
        "dvar": [2.79478354059e-06, 0.000399153388571, 1.70432067534e-05, 1.47797118188e-05, 1.98139860004e-05, 3.04865284306e-06, 6.56329439153e-06, 4.41155134467e-06, 4.71847442896e-06, 1.00394674973e-06, 1.68496023889e-06, 1.05156971131e-06, 9.7351369277e-07, 2.74614023965e-07, 2.60212573266e-07, 2.78339939541e-07, 1.13426899873e-07, 1.12394580754e-07, 4.61677416297e-08, 9.63142525734e-08, 1.66175382788e-07, 9.16132876227e-08, 1.70448103631e-07, 7.03957496739e-08, 8.32932229855e-08, 4.19535695073e-07, 2.22683709694e-07],
        "dvar2": [6.23513869868e-06, 0.000840132590383, 4.55794106529e-05, 3.5036537156e-05, 5.25659925188e-05, 9.49016975937e-06, 2.28531844186e-05, 9.8564887594e-06, 1.18011257655e-05, 2.16744001591e-06, 3.27892121277e-06, 2.03574109037e-06, 2.45994101533e-06, 7.08996537924e-07, 6.72781766298e-07, 5.81598158078e-07, 3.21982895457e-07, 3.08136719696e-07, 1.14007200125e-07, 2.45827209255e-07, 4.54051161114e-07, 2.31944639495e-07, 4.18435405436e-07, 1.76916643113e-07, 1.99404837531e-07, 1.04085461317e-06, 5.57201985885e-07],
        "max": [0.0213031060994, 0.285680949688, 0.0493997186422, 0.0614325627685, 0.0700968652964, 0.0226235035807, 0.0327371135354, 0.0770626440644, 0.0446102246642, 0.0319068431854, 0.0402574017644, 0.0349987670779, 0.0186417195946, 0.00971849355847, 0.0113033168018, 0.0374992489815, 0.019357547164, 0.017361305654, 0.00396214239299, 0.0102431327105, 0.0191021915525, 0.00545096863061, 0.00773204211146, 0.00583194755018, 0.00447493745014, 0.0108909197152, 0.00810730922967],
        "mean": [0.000507586053573, 0.00779665866867, 0.00270243012346, 0.00314323743805, 0.00380501500331, 0.00275687500834, 0.00174070720095, 0.00312997912988, 0.00119037844706, 0.000503038812894, 0.000942319107708, 0.000837923609652, 0.000349491834641, 0.000212331840885, 0.00022053765133, 0.000159349277965, 0.000116778363008, 7.1668648161e-05, 7.28832965251e-05, 6.92163594067e-05, 6.73818067298e-05, 5.37870146218e-05, 7.98226537881e-05, 5.85267262068e-05, 5.08045886818e-05, 7.67904930399e-05, 5.00276328239e-05],
        "median": [2.98936356558e-05, 0.000795586267486, 0.000452334526926, 0.00072683673352, 0.00146095338278, 0.00157941202633, 0.000528779928572, 0.000734244706109, 0.000249363598414, 9.49734167079e-05, 9.70375913312e-05, 0.00013567644055, 5.27531010448e-05, 4.06194012612e-05, 3.30349284923e-05, 2.62905268755e-05, 1.84245727723e-05, 6.60864270685e-06, 6.8640392783e-06, 6.88998079568e-06, 8.22647598397e-06, 4.59467582914e-06, 4.07471088693e-06, 2.99449811791e-06, 1.90146124623e-06, 1.02030833204e-06, 4.59525097085e-07],
        "min": [3.39106823815e-25, 1.15603842237e-23, 1.86262586834e-23, 5.71149534319e-24, 4.69463052274e-23, 1.22855461885e-23, 1.91841616259e-23, 2.69997616014e-23, 4.60021333872e-23, 3.62637748854e-23, 2.46479258515e-23, 2.45973235798e-23, 4.17418963794e-23, 5.30337555064e-23, 1.09292235554e-22, 6.72683718878e-23, 1.40492845558e-22, 1.47705053716e-22, 1.76723257938e-22, 2.38219357878e-22, 2.94647575549e-22, 4.65841322438e-22, 4.82041571936e-22, 7.09884341819e-22, 9.86555557008e-22, 1.5033147333e-21, 2.15306429667e-21],
        "var": [3.73799048248e-06, 0.000538429128937, 2.57332612819e-05, 3.23530221067e-05, 3.45429762092e-05, 1.07153873614e-05, 7.98948713054e-06, 3.24864668073e-05, 8.21533558337e-06, 2.15560817196e-06, 6.231093721e-06, 4.18078116127e-06, 1.0355682889e-06, 3.08628500534e-07, 3.15474721901e-07, 4.90369700401e-07, 1.62683633675e-07, 9.4825367114e-08, 5.34590149925e-08, 8.71420837711e-08, 1.2385420689e-07, 7.83893057132e-08, 1.60209125966e-07, 6.10179142768e-08, 7.72736257204e-08, 3.52516593694e-07, 1.88054727346e-07]
    },
    "erbbands": {
        "dmean": [0.19388884306, 1.10658538342, 2.03990578651, 3.16571474075, 8.81121730804, 5.79616689682, 5.3605890274, 11.1609230042, 25.0562782288, 12.7074213028, 18.1468715668, 16.1281490326, 13.3952598572, 10.1236114502, 20.2029705048, 18.322303772, 12.7751588821, 8.72844982147, 8.39757919312, 5.48763847351, 6.46552324295, 4.72371912003, 3.93104171753, 2.82402801514, 2.61942958832, 2.76408982277, 2.38168716431, 2.51801037788, 2.05283212662, 2.20754361153, 1.95045149326, 1.19640910625, 0.971984624863, 0.488761663437, 0.41205534339, 0.373326003551, 0.175951734185, 0.0526314266026, 0.010038911365, 0.00057169032516],
        "dmean2": [0.302593678236, 1.71774959564, 3.36856269836, 5.1070971489, 14.6057538986, 9.54099464417, 8.65095424652, 20.0190315247, 48.4524765015, 20.2981777191, 27.6050434113, 26.0092105865, 22.1735401154, 15.6869249344, 28.5507221222, 26.7396564484, 20.3682727814, 14.123000145, 13.8085336685, 8.81761741638, 10.7001171112, 7.94403839111, 6.60935020447, 4.61034059525, 4.25342607498, 4.57375955582, 3.88777923584, 4.27955722809, 3.43982577324, 3.31556487083, 3.2311835289, 1.94023144245, 1.54946780205, 0.767868280411, 0.652368962765, 0.597344398499, 0.286047548056, 0.0842332839966, 0.0162273515016, 0.0008971496718],
        "dvar": [0.849286437035, 12.5357055664, 24.3668823242, 51.9359550476, 351.296386719, 236.775588989, 210.551849365, 323.169219971, 2122.46142578, 1112.0123291, 2020.67675781, 2490.26831055, 1731.93395996, 822.396972656, 3518.48388672, 2245.78222656, 2384.90380859, 944.407775879, 914.282409668, 246.776672363, 951.086364746, 306.937744141, 392.472961426, 105.59602356, 134.444000244, 251.447647095, 181.926483154, 347.513000488, 174.114181519, 145.174560547, 143.908584595, 45.554019928, 18.1380519867, 6.1103978157, 6.11164045334, 6.75478410721, 1.70293712616, 0.1638327986, 0.00641761301085, 1.97693098016e-05],
        "dvar2": [1.76794064045, 28.9182071686, 61.9950408936, 126.455551147, 966.340698242, 608.256347656, 507.792999268, 1038.78967285, 7818.67089844, 2841.40844727, 4479.70800781, 5871.13964844, 4100.06542969, 1838.35681152, 6695.01025391, 4250.68066406, 5997.41259766, 2393.81420898, 2380.03955078, 564.813415527, 2095.85424805, 846.483459473, 1089.64697266, 239.514022827, 348.730224609, 664.668762207, 467.173034668, 942.906311035, 460.853179932, 324.680847168, 378.984710693, 119.394577026, 44.1417808533, 14.7903232574, 14.5002727509, 16.7872123718, 4.34812927246, 0.40705627203, 0.0160882454365, 4.85437994939e-05],
        "max": [11.4761514664, 51.1065139771, 61.5447044373, 124.198554993, 281.795227051, 307.05645752, 282.877288818, 238.9712677, 547.907714844, 1522.76904297, 1287.19482422, 1262.11889648, 1241.86645508, 1200.30615234, 1989.41894531, 1790.70568848, 932.61505127, 642.727478027, 671.909912109, 846.507019043, 2182.54492188, 752.767333984, 837.730224609, 165.34576416, 533.294921875, 450.240142822, 286.780914307, 1132.8059082, 236.153137207, 203.694030762, 256.437225342, 224.440856934, 65.2897262573, 36.7471351624, 38.430065155, 42.9057693481, 22.4451560974, 6.93159294128, 1.40173888206, 0.0801622644067],
        "mean": [0.20641413331, 1.73435628414, 3.63647150993, 6.05121803284, 14.3929567337, 10.9971103668, 11.0451574326, 30.5694084167, 33.1473846436, 36.6497459412, 62.2619132996, 29.3012390137, 18.1542224884, 14.4495038986, 44.6812934875, 40.2735023499, 19.584733963, 13.2626600266, 12.7758312225, 8.62594509125, 8.05149269104, 6.31616783142, 4.40489625931, 3.73875379562, 3.44427537918, 3.18510580063, 2.90749597549, 2.56399846077, 2.05382680893, 2.56314897537, 2.07680082321, 1.26274847984, 0.984121978283, 0.518875658512, 0.394857317209, 0.325464189053, 0.144099399447, 0.0434464029968, 0.00826561637223, 0.000532375881448],
        "median": [0.0216513052583, 0.175971180201, 0.499807566404, 1.82273936272, 4.8570394516, 3.54955053329, 5.61645317078, 15.6366863251, 9.1436290741, 11.3194217682, 16.3283176422, 8.06398200989, 3.38401079178, 3.73127579689, 5.30388450623, 7.5870718956, 3.72489595413, 2.81507539749, 2.12899637222, 1.7690653801, 1.32520413399, 0.895400285721, 0.463262200356, 0.400606423616, 0.312231183052, 0.320352196693, 0.341693341732, 0.277210205793, 0.18326151371, 0.126657128334, 0.114580541849, 0.0781269147992, 0.0443303883076, 0.0244254767895, 0.0114662041888, 0.00539882387966, 0.00155048212036, 0.000412039109506, 8.08214826975e-05, 3.34611395374e-05],
        "min": [1.65272645287e-22, 2.81322894444e-21, 1.42539827779e-20, 2.43783923634e-20, 6.45005004007e-20, 1.4604072755e-19, 1.59905399065e-19, 1.4346711017e-19, 4.31058241163e-19, 3.69472395661e-19, 5.10889597177e-19, 9.91967605078e-19, 1.44566552111e-18, 1.41694736121e-18, 1.02741270792e-18, 1.46155669466e-18, 2.15437432781e-18, 2.78380934992e-18, 3.89508183513e-18, 5.90000675333e-18, 4.08680782546e-18, 7.21270971182e-18, 7.52068311594e-18, 1.01618832195e-17, 1.21435929002e-17, 1.28129565509e-17, 1.35464556504e-17, 1.20021301263e-17, 1.5583397835e-17, 1.50977981476e-17, 1.49681359323e-17, 1.44974453483e-17, 1.25798156953e-17, 9.06130038938e-18, 8.35903149394e-18, 5.88942711329e-18, 3.0154939541e-18, 1.10113662758e-18, 2.81709566645e-19, 3.30068587357e-20],
        "var": [0.923094570637, 18.8700199127, 46.6738853455, 101.284980774, 582.326171875, 407.022918701, 340.591644287, 1373.4498291, 2969.86352539, 3971.48852539, 12454.8105469, 5451.89648438, 3290.22949219, 1257.5246582, 13852.5322266, 9200.52050781, 2668.56445312, 1102.72937012, 1062.99072266, 483.42868042, 1411.87036133, 462.707092285, 334.210327148, 134.419754028, 138.998092651, 206.849731445, 162.700759888, 248.122848511, 133.976150513, 157.376113892, 117.480476379, 36.0122146606, 16.5440826416, 5.71386432648, 5.74815368652, 5.59215545654, 1.36257910728, 0.138969600201, 0.00532852718607, 1.7965092411e-05]
    },
    "gfcc": {
        "mean": [-89.323059082, 132.296203613, -97.0216064453, -2.85006904602, -53.7793731689, 4.84853935242, -32.1427230835, -2.43484139442, -14.3120994568, 2.76358413696, -10.1889657974, -2.42130899429, -10.0174827576],
        "cov": [[19704.2207031, -3381.72436523, 897.223205566, 1684.62072754, -1071.01049805, 1109.93688965, -595.10345459, 445.327667236, -207.680770874, 761.877197266, -101.048698425, 338.245239258, -425.734924316], [-3381.72436523, 4241.3984375, -118.651977539, -1119.44128418, 934.720825195, -494.487518311, 120.233207703, -627.33203125, -9.65253639221, -582.922424316, -28.7115936279, -443.50012207, 211.591201782], [897.223205566, -118.651977539, 1824.40905762, -34.2548599243, -121.925506592, 483.357330322, -335.056152344, 18.1320400238, -14.9287776947, 47.4846038818, -30.9974498749, 33.6448440552, -130.198883057], [1684.62072754, -1119.44128418, -34.2548599243, 1516.79577637, -4.0802359581, 119.805213928, 181.801544189, 160.675933838, -68.8220977783, 89.2211380005, -141.460235596, -53.4718170166, -108.46030426], [-1071.01049805, 934.720825195, -121.925506592, -4.0802359581, 723.014648438, -82.9073410034, 163.258102417, -160.26210022, -76.8442993164, -222.342041016, -76.9588088989, -149.703399658, 14.4792442322], [1109.93688965, -494.487518311, 483.357330322, 119.805213928, -82.9073410034, 535.479675293, -23.936044693, 61.1997642517, -12.382314682, 76.3684463501, 7.42487096786, 52.1276054382, -64.7379684448], [-595.10345459, 120.233207703, -335.056152344, 181.801544189, 163.258102417, -23.936044693, 432.759887695, 49.4786338806, 16.926366806, -49.9659500122, 10.4523353577, -17.0017681122, 21.6938533783], [445.327667236, -627.33203125, 18.1320400238, 160.675933838, -160.26210022, 61.1997642517, 49.4786338806, 331.210449219, 91.3326644897, 131.860443115, 31.8778324127, 104.97290802, -24.6495170593], [-207.680770874, -9.65253639221, -14.9287776947, -68.8220977783, -76.8442993164, -12.382314682, 16.926366806, 91.3326644897, 209.25378418, 94.4432373047, 45.3710289001, 36.055103302, 26.5274448395], [761.877197266, -582.922424316, 47.4846038818, 89.2211380005, -222.342041016, 76.3684463501, -49.9659500122, 131.860443115, 94.4432373047, 342.840637207, 71.9625396729, 91.4952011108, 7.62019252777], [-101.048698425, -28.7115936279, -30.9974498749, -141.460235596, -76.9588088989, 7.42487096786, 10.4523353577, 31.8778324127, 45.3710289001, 71.9625396729, 178.467971802, 89.0591659546, 40.0134277344], [338.245239258, -443.50012207, 33.6448440552, -53.4718170166, -149.703399658, 52.1276054382, -17.0017681122, 104.97290802, 36.055103302, 91.4952011108, 89.0591659546, 222.724777222, 35.0159339905], [-425.734924316, 211.591201782, -130.198883057, -108.46030426, 14.4792442322, -64.7379684448, 21.6938533783, -24.6495170593, 26.5274448395, 7.62019252777, 40.0134277344, 35.0159339905, 134.816665649]],
        "icov": [[7.8992183262e-05, -4.27199738624e-05, 4.47974271083e-05, -9.14166666917e-05, 7.24638957763e-05, -0.000145410042023, 0.000124466503621, -2.62563953584e-05, 0.000116974464618, -0.000133141700644, 6.37435732642e-05, -0.000148401450133, 0.000187911544344], [-4.27199738624e-05, 0.000912375107873, -0.0002956847311, 0.000504391733557, -0.000612081203144, 0.00053532642778, -0.000347844645148, 0.00064846931491, -0.000599455612246, 0.000663063663524, -0.000459824776044, 0.00135761406273, -0.00108495424502], [4.47974271083e-05, -0.0002956847311, 0.00100483500864, -0.000170931743924, 0.000129399617435, -0.00097997894045, 0.000830333621707, -0.000225795432925, 6.127377128e-05, -0.000123682708363, 0.000220510250074, -0.000544413574971, 0.000849951931741], [-9.14166666917e-05, 0.000504391733557, -0.000170931743924, 0.00124945130665, -0.000351543130819, 0.000304034270812, -0.000725467107259, -4.06975159422e-05, 7.29292150936e-05, 4.51943697044e-06, 0.00043898972217, 0.000991091015749, -0.000349469133653], [7.24638957763e-05, -0.000612081203144, 0.000129399617435, -0.000351543130819, 0.0025400435552, -0.000347252906067, -0.000501126050949, 4.32503875345e-05, 0.000610021816101, 0.00026571250055, 0.000559755193535, -0.000202541952603, 0.000432046595961], [-0.000145410042023, 0.00053532642778, -0.00097997894045, 0.000304034270812, -0.000347252906067, 0.00327600468881, -0.000920310558286, 0.000374640745576, -0.000106875515485, 5.72828539589e-05, -0.000406750128604, 0.000440888630692, -0.000150184656377], [0.000124466503621, -0.000347844645148, 0.000830333621707, -0.000725467107259, -0.000501126050949, -0.000920310558286, 0.00380530906841, -0.00102747685742, -0.000143013952766, 0.000305517285597, -0.000554437283427, -0.000449678482255, 0.000261166045675], [-2.62563953584e-05, 0.00064846931491, -0.000225795432925, -4.06975159422e-05, 4.32503875345e-05, 0.000374640745576, -0.00102747685742, 0.00548952817917, -0.00209684716538, -0.000294859986752, 0.000137355309562, -0.00106670812238, 0.000658353092149], [0.000116974464618, -0.000599455612246, 6.127377128e-05, 7.29292150936e-05, 0.000610021816101, -0.000106875515485, -0.000143013952766, -0.00209684716538, 0.00701408647001, -0.00194403214846, -0.000168530867086, -0.000185342665645, -0.000221236754442], [-0.000133141700644, 0.000663063663524, -0.000123682708363, 4.51943697044e-06, 0.00026571250055, 5.72828539589e-05, 0.000305517285597, -0.000294859986752, -0.00194403214846, 0.00535452226177, -0.00162644509692, 0.000845558417495, -0.0013380413875], [6.37435732642e-05, -0.000459824776044, 0.000220510250074, 0.00043898972217, 0.000559755193535, -0.000406750128604, -0.000554437283427, 0.000137355309562, -0.000168530867086, -0.00162644509692, 0.00860773492604, -0.00328660197556, -0.000228046876146], [-0.000148401450133, 0.00135761406273, -0.000544413574971, 0.000991091015749, -0.000202541952603, 0.000440888630692, -0.000449678482255, -0.00106670812238, -0.000185342665645, 0.000845558417495, -0.00328660197556, 0.00955168530345, -0.0037337387912], [0.000187911544344, -0.00108495424502, 0.000849951931741, -0.000349469133653, 0.000432046595961, -0.000150184656377, 0.000261166045675, 0.000658353092149, -0.000221236754442, -0.0013380413875, -0.000228046876146, -0.0037337387912, 0.0113698169589]]
    },
    "melbands": {
        "dmean": [0.00157790712547, 0.0011402486125, 0.000765693141147, 0.000493358587846, 0.000211719496292, 0.000283896864858, 0.00032909802394, 0.000147730519529, 0.000146755541209, 0.000103802442027, 6.56690681353e-05, 4.03482335969e-05, 5.73093966523e-05, 5.1616672863e-05, 3.9598751755e-05, 2.50456614594e-05, 1.58469065354e-05, 1.36697044582e-05, 9.66175230133e-06, 7.58374380894e-06, 7.93970593804e-06, 4.95772792419e-06, 4.33068407801e-06, 3.22144546772e-06, 2.31888452618e-06, 2.08479832509e-06, 1.74732440428e-06, 2.07780294659e-06, 1.58663260663e-06, 1.44000262026e-06, 1.45907074511e-06, 1.17788169973e-06, 1.08207461835e-06, 1.27954365325e-06, 1.19113099117e-06, 8.41716200739e-07, 6.77648586134e-07, 7.57261659601e-07, 4.6071264137e-07, 4.09135680002e-07],
        "dmean2": [0.00239564385265, 0.00182252796367, 0.0012181653874, 0.000819892738946, 0.000334617332555, 0.000521319452673, 0.000633536896203, 0.00023113253701, 0.000222602655413, 0.000169976119651, 0.000109243694169, 6.31511938991e-05, 8.18272310426e-05, 7.49328464735e-05, 5.99710838287e-05, 4.0813934902e-05, 2.56038183579e-05, 2.25165895245e-05, 1.5911877199e-05, 1.19064025057e-05, 1.33132925839e-05, 8.33929607325e-06, 7.3959713518e-06, 5.34573609912e-06, 3.81769450541e-06, 3.3681324112e-06, 2.84968677988e-06, 3.52087704414e-06, 2.57277997662e-06, 2.42300075115e-06, 2.48536366598e-06, 1.97814756575e-06, 1.73193450337e-06, 1.95894153876e-06, 2.00511340154e-06, 1.38074130973e-06, 1.10562280042e-06, 1.21368577766e-06, 7.26662960915e-07, 6.51136019769e-07],
        "dvar": [4.36843438365e-05, 8.12634425529e-06, 2.51656865657e-06, 1.06991853954e-06, 3.46064922496e-07, 2.06571613148e-07, 3.65636566357e-07, 1.51460596953e-07, 1.27870663391e-07, 1.19796894182e-07, 4.22346992934e-08, 1.33126567547e-08, 2.72164673021e-08, 1.4123504144e-08, 1.29221637835e-08, 1.1421410484e-08, 2.76049738623e-09, 2.37986563789e-09, 1.02780883804e-09, 8.44228076335e-10, 1.70187131054e-09, 3.63147428795e-10, 5.90598958627e-10, 2.15822637539e-10, 7.1552964942e-11, 5.96133697961e-11, 8.18852902151e-11, 1.66179181527e-10, 7.00344088278e-11, 8.05593924902e-11, 1.53827950378e-10, 5.79922151966e-11, 3.73078234972e-11, 5.03905320248e-11, 5.74731200131e-11, 2.37262379882e-11, 1.36247081325e-11, 1.09012182961e-11, 4.44293993956e-12, 4.71947004047e-12],
        "dvar2": [9.14755291888e-05, 1.85807366506e-05, 6.11442646914e-06, 2.88550654659e-06, 8.10283722785e-07, 7.10305243956e-07, 1.3219740822e-06, 3.77075764391e-07, 2.83231230469e-07, 2.89161192768e-07, 9.99459004447e-08, 2.98539788446e-08, 5.26445624871e-08, 2.76549609879e-08, 2.68764157596e-08, 2.94556343761e-08, 7.01977498352e-09, 6.18459461421e-09, 2.62572963372e-09, 1.48883527729e-09, 3.86283804943e-09, 1.01022390453e-09, 1.67051816824e-09, 5.56485857395e-10, 1.6734549857e-10, 1.45933001794e-10, 2.13490863876e-10, 4.52543141849e-10, 1.71174047159e-10, 2.1903356906e-10, 4.18320766915e-10, 1.53140028436e-10, 9.4312981036e-11, 1.11038185591e-10, 1.53076273879e-10, 6.157896415e-11, 3.61508184499e-11, 2.65178989878e-11, 1.06366174549e-11, 1.1693987792e-11],
        "max": [0.0898703336716, 0.0388179458678, 0.023411501199, 0.0155890826136, 0.0129141137004, 0.00575116137043, 0.00701086455956, 0.0182719267905, 0.0110574830323, 0.00852148793638, 0.00614355271682, 0.00442291703075, 0.00539524015039, 0.00391414389014, 0.00385136040859, 0.00187572091818, 0.00112957297824, 0.00106830603909, 0.000668008695357, 0.00297020468861, 0.00292065856047, 0.00113067694474, 0.00151436706074, 0.000369540852262, 0.00015411817003, 0.000171192019479, 0.000552421726752, 0.000420680182287, 0.000215929947444, 0.000185126889846, 0.000905855500605, 0.000182749587111, 0.000108196851215, 0.000118532079796, 0.000168751837919, 8.63115419634e-05, 0.000149283019709, 5.42856068932e-05, 3.42952043866e-05, 3.30085240421e-05],
        "mean": [0.00198345375247, 0.00215084152296, 0.00145381805487, 0.000890176102985, 0.000443597469712, 0.000668401771691, 0.000438207120169, 0.000448983424576, 0.000483188399812, 0.000163371048984, 8.54782992974e-05, 5.15349747729e-05, 0.000121756464068, 0.000112970083137, 7.7949174738e-05, 3.39530379279e-05, 2.3039548978e-05, 2.0051456886e-05, 1.37583010655e-05, 1.1927203559e-05, 8.77810998645e-06, 6.72030000715e-06, 4.84740121465e-06, 3.50819254891e-06, 2.95434028885e-06, 2.69819020104e-06, 2.20030779019e-06, 2.16348689719e-06, 1.93662640413e-06, 1.54961844601e-06, 1.42639510159e-06, 1.15154841751e-06, 1.10192991087e-06, 1.50555581513e-06, 1.21247023799e-06, 8.87803366822e-07, 7.13407644071e-07, 7.52131825266e-07, 4.86314718273e-07, 4.19366529059e-07],
        "median": [0.000232494319789, 0.000279361382127, 0.000490620266646, 0.000323350192048, 0.00020598716219, 0.000336790631991, 0.000117274990771, 0.000111558903882, 0.000132000626763, 3.60802696378e-05, 1.44044588524e-05, 9.39968049352e-06, 1.23440113384e-05, 1.96851142391e-05, 1.07326741272e-05, 4.41196971224e-06, 4.51253617939e-06, 3.16743171425e-06, 2.29982583733e-06, 2.28329872698e-06, 1.19809124044e-06, 9.84860434983e-07, 4.95400854561e-07, 3.33010802933e-07, 2.98731549719e-07, 2.21102268938e-07, 1.95396324898e-07, 1.94596680103e-07, 2.11796560734e-07, 1.61845207458e-07, 1.4419828176e-07, 9.10889497163e-08, 7.01229794231e-08, 6.49673523867e-08, 6.12840693748e-08, 5.49092220581e-08, 4.00951165602e-08, 3.05292573444e-08, 2.19132765267e-08, 1.87845312638e-08],
        "min": [2.82721319215e-24, 7.44508541888e-24, 4.08667222582e-24, 7.9486776547e-24, 6.59920998617e-24, 3.76740404583e-24, 5.65748519246e-24, 4.76861210724e-24, 4.5160488221e-24, 6.09543749564e-24, 7.31833677066e-24, 5.05759236721e-24, 3.81821773218e-24, 2.15255272195e-24, 3.1844064518e-24, 5.43615330499e-24, 5.06565294794e-24, 4.90854222676e-24, 1.01492990243e-23, 5.54629406457e-24, 4.18539816811e-24, 6.01001648138e-24, 7.3436473728e-24, 7.50036563568e-24, 7.8507792275e-24, 6.51637959112e-24, 8.11045093825e-24, 6.19298093543e-24, 8.24750763193e-24, 6.92600232148e-24, 7.17777359026e-24, 8.82755863326e-24, 8.58610250967e-24, 8.38640473809e-24, 9.00197893485e-24, 7.48541198836e-24, 8.81324554099e-24, 8.63276915424e-24, 8.161648011e-24, 7.28579310288e-24],
        "var": [5.18874876434e-05, 1.77544243343e-05, 5.46316414329e-06, 1.90671596556e-06, 5.93344452682e-07, 6.79908396251e-07, 5.1156155223e-07, 6.59848637952e-07, 6.96041524861e-07, 2.33872711419e-07, 7.92846108766e-08, 1.92702191981e-08, 1.04790196076e-07, 5.47384573224e-08, 4.1251073668e-08, 1.16681180273e-08, 3.35111516314e-09, 2.7434619021e-09, 1.26864729832e-09, 2.17770845801e-09, 2.18210138847e-09, 5.60217650047e-10, 5.10208597593e-10, 1.99400898571e-10, 8.79079656291e-11, 7.28636387337e-11, 7.68375432725e-11, 1.23597396207e-10, 6.8235382622e-11, 6.30733590357e-11, 1.05525158056e-10, 4.41400076212e-11, 3.27334236105e-11, 5.55017073967e-11, 4.51363460496e-11, 1.93796801523e-11, 1.06034304601e-11, 9.86770994776e-12, 4.25431955289e-12, 4.16996081762e-12]
    },
    "mfcc": {
        "mean": [-733.659057617, 164.852508545, 16.0081882477, 3.94015860558, -1.10629475117, 4.64784240723, -6.0734500885, -4.13793516159, -2.88307476044, 1.04699492455, -1.39341449738, 4.77781581879, 2.22285509109],
        "cov": [[11900.4814453, -1041.85424805, -77.5825042725, 709.082763672, 216.129196167, 302.053497314, -46.1653060913, 69.3026199341, -27.3352470398, 138.721160889, 216.0756073, 282.867553711, 151.826080322], [-1041.85424805, 3176.2121582, 158.756622314, -404.533691406, 213.257415771, 137.955688477, 37.0036697388, -155.750549316, 12.8067131042, -156.532028198, -150.783859253, -125.186759949, -81.4360961914], [-77.5825042725, 158.756622314, 1506.85827637, -309.949554443, 198.628143311, 115.308586121, -119.86302948, 0.065036803484, -71.2870635986, 20.5088634491, 1.29585146904, 50.6237068176, 96.9467315674], [709.082763672, -404.533691406, -309.949554443, 972.832580566, 113.094329834, 89.6683502197, 160.996749878, 78.0575256348, 74.7968521118, 54.4808883667, 40.413028717, -39.2083930969, -121.111991882], [216.129196167, 213.257415771, 198.628143311, 113.094329834, 394.857910156, 159.202514648, 48.3340110779, 46.3249168396, 15.2697372437, 21.3162670135, -8.06813430786, -35.0997772217, -58.2215423584], [302.053497314, 137.955688477, 115.308586121, 89.6683502197, 159.202514648, 391.471923828, 146.163803101, 17.831697464, -1.74543619156, 49.3716011047, -16.6317386627, -50.2953796387, -81.2212982178], [-46.1653060913, 37.0036697388, -119.86302948, 160.996749878, 48.3340110779, 146.163803101, 295.577911377, 123.731307983, 35.4422187805, 15.8456640244, -6.60528659821, -25.2495765686, -52.7593994141], [69.3026199341, -155.750549316, 0.065036803484, 78.0575256348, 46.3249168396, 17.831697464, 123.731307983, 302.42868042, 62.2933883667, 5.9701962471, -8.00029277802, 15.9592971802, 48.8089332581], [-27.3352470398, 12.8067131042, -71.2870635986, 74.7968521118, 15.2697372437, -1.74543619156, 35.4422187805, 62.2933883667, 171.33505249, 47.5335464478, 34.613067627, 16.7373466492, -2.80696606636], [138.721160889, -156.532028198, 20.5088634491, 54.4808883667, 21.3162670135, 49.3716011047, 15.8456640244, 5.9701962471, 47.5335464478, 167.85333252, 77.7667770386, 4.61101961136, -26.1352767944], [216.0756073, -150.783859253, 1.29585146904, 40.413028717, -8.06813430786, -16.6317386627, -6.60528659821, -8.00029277802, 34.613067627, 77.7667770386, 148.572280884, 63.6962623596, 26.6193828583], [282.867553711, -125.186759949, 50.6237068176, -39.2083930969, -35.0997772217, -50.2953796387, -25.2495765686, 15.9592971802, 16.7373466492, 4.61101961136, 63.6962623596, 184.554656982, 117.76159668], [151.826080322, -81.4360961914, 96.9467315674, -121.111991882, -58.2215423584, -81.2212982178, -52.7593994141, 48.8089332581, -2.80696606636, -26.1352767944, 26.6193828583, 117.76159668, 233.148849487]],
