{
"lowlevel": {
    "average_loudness": 0.791042268276,
    "barkbands_crest": {
        "dmean": 3.15959787369,
        "dmean2": 5.13212203979,
        "dvar": 8.1251001358,
        "dvar2": 20.7727527618,
        "max": 26.9228649139,
        "mean": 12.4911623001,
        "median": 11.6879243851,
        "min": 2.44053483009,
        "var": 26.0887908936
    },
    "barkbands_flatness_db": {
        "dmean": 0.0318881496787,
        "dmean2": 0.0483016297221,
        "dvar": 0.00117653247435,
        "dvar2": 0.00260668667033,
        "max": 1,
        "mean": 0.209514662623,
        "median": 0.201367348433,
        "min": 0.0232542790473,
        "var": 0.00719312019646
    },
    "barkbands_kurtosis": {
        "dmean": 9.77876186371,
        "dmean2": 17.0868244171,
        "dvar": 65740.5859375,
        "dvar2": 196797.296875,
        "max": 20027.5976562,
        "mean": 10.807882309,
        "median": 2.53749847412,
        "min": -1.9478083849,
        "var": 35349.8671875
    },
    "barkbands_skewness": {
        "dmean": 0.776313364506,
        "dmean2": 1.21820366383,
        "dvar": 1.79370284081,
        "dvar2": 4.6662197113,
        "max": 85.3922576904,
        "mean": 1.84471213818,
        "median": 1.50412321091,
        "min": -9.59511852264,
        "var": 4.25302791595
    },
    "barkbands_spread": {
        "dmean": 4.87785673141,
        "dmean2": 7.84052848816,
        "dvar": 39.1164131165,
        "dvar2": 95.5837783813,
        "max": 112.711624146,
        "mean": 14.4575309753,
        "median": 12.8365745544,
        "min": 0.00307459314354,
        "var": 89.8691711426
    },
    "dissonance": {
        "dmean": 0.025921376422,
        "dmean2": 0.0437474697828,
        "dvar": 0.00066689774394,
        "dvar2": 0.00182070536539,
        "max": 0.500000059605,
        "mean": 0.446537137032,
        "median": 0.458405196667,
        "min": 0.172681838274,
        "var": 0.00181128724944
    },
    "dynamic_complexity": 4.064868927,
    "erbbands_crest": {
        "dmean": 3.17292952538,
        "dmean2": 5.20847463608,
        "dvar": 10.2106266022,
        "dvar2": 26.8970985413,
        "max": 35.7648468018,
        "mean": 10.4207696915,
        "median": 9.01810836792,
        "min": 2.17684626579,
        "var": 29.1852722168
    },
    "erbbands_flatness_db": {
        "dmean": 0.0250108800828,
        "dmean2": 0.0350275747478,
        "dvar": 0.000722854631022,
        "dvar2": 0.00138073286507,
        "max": 0.521368861198,
        "mean": 0.212424978614,
        "median": 0.200996518135,
        "min": 0.0624044686556,
        "var": 0.00681044720113
    },
    "erbbands_kurtosis": {
        "dmean": 1.42743611336,
        "dmean2": 2.34508109093,
        "dvar": 23.5729236603,
        "dvar2": 50.2073020935,
        "max": 303.935699463,
        "mean": 1.19752204418,
        "median": 0.00324857234955,
        "min": -1.94529914856,
        "var": 78.6344299316
    },
    "erbbands_skewness": {
        "dmean": 0.465550035238,
        "dmean2": 0.735024333,
        "dvar": 0.320968240499,
        "dvar2": 0.796708345413,
        "max": 16.2602310181,
        "mean": 0.192204847932,
        "median": 0.206875711679,
        "min": -5.53788280487,
        "var": 0.850621581078
    },
    "erbbands_spread": {
        "dmean": 8.05891704559,
        "dmean2": 12.2470779419,
        "dvar": 89.8470611572,
        "dvar2": 201.986206055,
        "max": 144.455047607,
        "mean": 29.8598709106,
        "median": 27.5736923218,
        "min": 0.404368460178,
        "var": 256.899475098
    },
    "hfc": {
        "dmean": 6.9105386734,
        "dmean2": 10.4051990509,
        "dvar": 170.891723633,
        "dvar2": 390.901306152,
        "max": 154.918228149,
        "mean": 14.5593547821,
        "median": 9.52081298828,
        "min": 1.06111622333e-16,
        "var": 284.259521484
    },
    "melbands_crest": {
        "dmean": 4.04369497299,
        "dmean2": 6.64282608032,
        "dvar": 13.8304805756,
        "dvar2": 36.3128051758,
        "max": 40,
        "mean": 17.3049144745,
        "median": 16.2143039703,
        "min": 1.56202292442,
        "var": 51.4179534912
    },
    "melbands_flatness_db": {
        "dmean": 0.0356469452381,
        "dmean2": 0.053793143481,
        "dvar": 0.00152491976041,
        "dvar2": 0.00341052399017,
        "max": 1,
        "mean": 0.278324753046,
        "median": 0.277932971716,
        "min": 0.00278095784597,
        "var": 0.00929372664541
    },
    "melbands_kurtosis": {
        "dmean": 21320.5117188,
        "dmean2": 39406.5585938,
        "dvar": 1.93875830374e+12,
        "dvar2": 3.60558703411e+12,
        "max": 115555416,
        "mean": 75886.1796875,
        "median": 6.51250362396,
        "min": -1.92911720276,
        "var": 8.41009017651e+12
    },
    "melbands_skewness": {
        "dmean": 2.81006121635,
        "dmean2": 5.01953172684,
        "dvar": 16939.53125,
        "dvar2": 32286.671875,
        "max": 10496.2148438,
        "mean": 9.78866004944,
        "median": 2.250831604,
        "min": -7.72812891006,
        "var": 72044.7109375
    },
    "melbands_spread": {
        "dmean": 5.6909160614,
        "dmean2": 9.23895168304,
        "dvar": 53.5696182251,
        "dvar2": 135.992218018,
        "max": 164.072814941,
        "mean": 18.3533611298,
        "median": 14.4401073456,
        "min": 8.59041483636e-06,
        "var": 376.122497559
    },
    "pitch_salience": {
        "dmean": 0.0854833498597,
        "dmean2": 0.139472991228,
        "dvar": 0.00639134319499,
        "dvar2": 0.0162784066051,
        "max": 0.900386989117,
        "mean": 0.491027712822,
        "median": 0.498168766499,
        "min": 1.65546025528e-05,
        "var": 0.0214799176902
    },
    "silence_rate_20dB": {
        "dmean": 0.0231382288039,
        "dmean2": 0.0462804250419,
        "dvar": 0.0226029232144,
        "dvar2": 0.0599044002593,
        "max": 1,
        "mean": 0.984661519527,
        "median": 1,
        "min": 0,
        "var": 0.0151018993929
    },
    "silence_rate_30dB": {
        "dmean": 0.071128629148,
        "dmean2": 0.142269462347,
        "dvar": 0.0660734027624,
        "dvar2": 0.140724360943,
        "max": 1,
        "mean": 0.879520118237,
        "median": 1,
        "min": 0,
        "var": 0.105970852077
    },
    "silence_rate_60dB": {
        "dmean": 0.0239952001721,
        "dmean2": 0.0479945130646,
        "dvar": 0.023422498256,
        "dvar2": 0.0557936243713,
        "max": 1,
        "mean": 0.116023994982,
        "median": 0,
        "min": 0,
        "var": 0.102583169937
    },
    "spectral_centroid": {
        "dmean": 234.207458496,
        "dmean2": 379.409362793,
        "dvar": 94930.7109375,
        "dvar2": 240361.703125,
        "max": 11844.9023438,
        "mean": 1210.78918457,
        "median": 981.551513672,
        "min": 108.528244019,
        "var": 2037860.5
    },
    "spectral_complexity": {
        "dmean": 3.00951242447,
        "dmean2": 4.6513543129,
        "dvar": 16.471912384,
        "dvar2": 31.1020908356,
        "max": 57,
        "mean": 14.4782352448,
        "median": 14,
        "min": 0,
        "var": 75.6674728394
    },
    "spectral_decrease": {
        "dmean": 6.91000057174e-09,
        "dmean2": 1.09154525418e-08,
        "dvar": 2.77821565683e-16,
        "dvar2": 6.20237175709e-16,
        "max": 2.16712907728e-28,
        "mean": -1.19921184094e-08,
        "median": -5.95491966848e-09,
        "min": -2.1204589018e-07,
        "var": 4.08098144647e-16
    },
    "spectral_energy": {
        "dmean": 0.02657141909,
        "dmean2": 0.0419080741704,
        "dvar": 0.00405018730089,
        "dvar2": 0.00903787277639,
        "max": 0.808895468712,
        "mean": 0.0465815775096,
        "median": 0.0235465504229,
        "min": 9.75029453524e-21,
        "var": 0.00596907921135
    },
    "spectral_energyband_high": {
        "dmean": 0.000297567952657,
        "dmean2": 0.000437648559455,
        "dvar": 5.71837290408e-07,
        "dvar2": 1.24842631521e-06,
        "max": 0.00846723280847,
        "mean": 0.000335323915351,
        "median": 5.04127419845e-05,
        "min": 6.89536385375e-21,
        "var": 7.07839319602e-07
    },
    "spectral_energyband_low": {
        "dmean": 0.0208071954548,
        "dmean2": 0.033010840416,
        "dvar": 0.00333880400285,
        "dvar2": 0.00738826626912,
        "max": 0.744752883911,
        "mean": 0.0307869724929,
        "median": 0.0108283478767,
        "min": 9.75210282532e-24,
        "var": 0.00476258527488
    },
    "spectral_energyband_middle_high": {
        "dmean": 0.00180459360126,
        "dmean2": 0.00284116878174,
        "dvar": 6.87964438839e-06,
        "dvar2": 1.67434427567e-05,
        "max": 0.0425404645503,
        "mean": 0.00445755198598,
        "median": 0.00306176859885,
        "min": 1.08031393489e-21,
        "var": 2.20654910663e-05
    },
    "spectral_energyband_middle_low": {
        "dmean": 0.00741648161784,
        "dmean2": 0.0124225532636,
        "dvar": 0.000511622871272,
        "dvar2": 0.00137013057247,
        "max": 0.463755249977,
        "mean": 0.0118203898892,
        "median": 0.00585441477597,
        "min": 1.63901428329e-22,
        "var": 0.000466007302748
    },
    "spectral_entropy": {
        "dmean": 0.218314990401,
        "dmean2": 0.317482590675,
        "dvar": 0.067632034421,
        "dvar2": 0.148322165012,
        "max": 9.82156944275,
        "mean": 7.16631650925,
        "median": 7.17218971252,
        "min": 4.66063642502,
        "var": 0.448983550072
    },
    "spectral_flux": {
        "dmean": 0.0402950458229,
        "dmean2": 0.0663187429309,
        "dvar": 0.00519578810781,
        "dvar2": 0.0118897715583,
        "max": 0.753381311893,
        "mean": 0.0971092730761,
        "median": 0.0666735619307,
        "min": 6.39127153979e-11,
        "var": 0.00977537315339
    },
    "spectral_kurtosis": {
        "dmean": 4.49249696732,
        "dmean2": 7.63502407074,
        "dvar": 28.0052642822,
        "dvar2": 82.6370010376,
        "max": 69.1753540039,
        "mean": 8.36819458008,
        "median": 6.27987098694,
        "min": -1.27654755116,
        "var": 49.6609420776
    },
    "spectral_rms": {
        "dmean": 0.00138128153048,
        "dmean2": 0.00212611118332,
        "dvar": 5.64677520742e-06,
        "dvar2": 1.19011765491e-05,
        "max": 0.0280921049416,
        "mean": 0.00545838708058,
        "median": 0.00479293707758,
        "min": 3.08423122111e-12,
        "var": 1.56512178364e-05
    },
    "spectral_rolloff": {
        "dmean": 327.89630127,
        "dmean2": 572.128356934,
        "dvar": 421171.28125,
        "dvar2": 1019282.9375,
        "max": 19702.8808594,
        "mean": 1248.60510254,
        "median": 839.794921875,
        "min": 21.533203125,
        "var": 6512771.5
    },
    "spectral_skewness": {
        "dmean": 0.429807513952,
        "dmean2": 0.710478782654,
        "dvar": 0.190781310201,
        "dvar2": 0.547747731209,
        "max": 6.73079109192,
        "mean": 1.83045554161,
        "median": 1.75919306278,
        "min": -0.0797944888473,
        "var": 0.451227396727
    },
    "spectral_spread": {
        "dmean": 677580.1875,
        "dmean2": 894165.375,
        "dvar": 886706012160,
        "dvar2": 1.46413754778e+12,
        "max": 42741936,
        "mean": 4057365.25,
        "median": 2837355.25,
        "min": 781495.4375,
        "var": 2.83216078438e+13
    },
    "spectral_strongpeak": {
        "dmean": 0.44376334548,
        "dmean2": 0.752677619457,
        "dvar": 0.530355215073,
        "dvar2": 1.39080691338,
        "max": 7.6645359993,
        "mean": 0.802894949913,
        "median": 0.464470177889,
        "min": 0,
        "var": 0.949427306652
    },
    "zerocrossingrate": {
        "dmean": 0.00778057286516,
        "dmean2": 0.0097673824057,
        "dvar": 0.000116272669402,
        "dvar2": 0.000172894637217,
        "max": 0.52978515625,
        "mean": 0.0474407710135,
        "median": 0.03662109375,
        "min": 0,
        "var": 0.00442162621766
    },
    "barkbands": {
        "dmean": [0.00216333358549, 0.0171749405563, 0.0045640594326, 0.00221471278928, 0.00393920810893, 0.000934850017074, 0.000933954666834, 0.000564585032407, 0.000548894982785, 0.000375045638066, 0.000339483289281, 0.000807826407254, 0.000433049048297, 0.000242534108111, 0.000151544852997, 9.330555622e-05, 0.000248851283686, 9.31236645556e-05, 7.52141495468e-05, 5.64093279536e-05, 6.06164212513e-05, 5.23726012034e-05, 3.48581052094e-05, 7.78052053647e-05, 4.07476982218e-05, 2.22926119022e-05, 6.44468968858e-07],
        "dmean2": [0.00382759305649, 0.0269603580236, 0.00838127546012, 0.00407260935754, 0.00666018808261, 0.00148462248035, 0.00145443424117, 0.000897458463442, 0.000872464210261, 0.000582058215514, 0.000556560524274, 0.00129501044285, 0.000676664756611, 0.000396162417019, 0.000251513469266, 0.000152411696035, 0.00045962492004, 0.000153361499542, 0.000119557786093, 8.91693780432e-05, 9.45338179008e-05, 7.72752318881e-05, 5.392292951e-05, 0.000118765390653, 6.49850335321e-05, 3.4414260881e-05, 1.03928641693e-06],
        "dvar": [2.89859872282e-05, 0.00237503577955, 0.000381847057724, 5.84160407016e-05, 0.000229896308156, 5.17958915225e-06, 4.05449964092e-06, 4.0166682993e-06, 1.36809364903e-06, 4.48792377483e-07, 4.52150771935e-07, 3.24671395902e-06, 1.07378889425e-06, 2.21911548692e-07, 9.61892752116e-08, 2.08260910739e-08, 6.30425972759e-07, 3.28819957929e-08, 2.2852866266e-08, 2.04704946327e-08, 2.18220570503e-08, 1.76063750246e-08, 8.58997317721e-09, 6.20352409442e-08, 1.91129494453e-08, 4.34091340651e-09, 5.08442463479e-12],
        "dvar2": [8.75916011864e-05, 0.00513939047232, 0.001115592313, 0.00016891300038, 0.00062241620617, 1.31470696942e-05, 1.03263300844e-05, 9.93999947241e-06, 3.65322785001e-06, 1.05058040845e-06, 1.13331248031e-06, 7.87905446487e-06, 2.52351674135e-06, 5.43542341802e-07, 2.3827307416e-07, 5.43337534964e-08, 1.81295933999e-06, 8.08240159245e-08, 5.07077011491e-08, 4.7767532152e-08, 4.93639866761e-08, 3.89692438318e-08, 2.02835757079e-08, 1.48614944351e-07, 4.79954387345e-08, 1.05177617726e-08, 1.32629194086e-11],
        "max": [0.0732137933373, 0.634694516659, 0.303228676319, 0.119584336877, 0.310136020184, 0.0421660728753, 0.0346316769719, 0.0572303794324, 0.0184325110167, 0.0140411602333, 0.0186410136521, 0.0415883883834, 0.0169486999512, 0.00767726264894, 0.00855277851224, 0.00236564641818, 0.0124321393669, 0.00278979120776, 0.0023278708104, 0.00199744687416, 0.00155345827807, 0.00164863350801, 0.00130815396551, 0.00377029133961, 0.00159859482665, 0.000922254635952, 4.54803557659e-05],
        "mean": [0.00261075585149, 0.0232762247324, 0.00415338948369, 0.00215435260907, 0.00475695217028, 0.00155003299005, 0.00150551216211, 0.00085946341278, 0.000838817097247, 0.00064486177871, 0.000530187855475, 0.0013303833548, 0.000710839114618, 0.00039496642421, 0.000253110571066, 0.000152021559188, 0.000210409925785, 0.000142299119034, 0.000126883736812, 8.48684212542e-05, 7.30816100258e-05, 5.89382689213e-05, 3.51479793608e-05, 7.39617462386e-05, 3.40460137522e-05, 1.95232260012e-05, 5.20734147358e-07],
        "median": [0.000953141716309, 0.00663391826674, 0.000742169155274, 0.000423064630013, 0.00132278958336, 0.000505610834807, 0.000463910197141, 0.000291060190648, 0.000330512964865, 0.000265524897259, 0.000230331468629, 0.000347365508787, 0.000161692340043, 0.00017433744506, 0.000112281486508, 8.70667645358e-05, 6.74460607115e-05, 6.40904181637e-05, 5.93724034843e-05, 3.36615630658e-05, 1.54306417244e-05, 5.20891808264e-06, 2.23103097596e-06, 2.4855016818e-06, 6.37647985968e-07, 1.5277319676e-07, 4.36227942657e-09],
        "min": [3.32740543746e-25, 3.29136396042e-24, 5.52344727225e-25, 9.00196591864e-25, 6.7445477472e-24, 2.29346615659e-24, 5.75842586174e-24, 3.4547954296e-24, 1.69228807971e-23, 9.05946165129e-24, 1.3865967481e-23, 2.61901031672e-23, 3.05629895123e-23, 3.21813692138e-23, 3.47967933688e-23, 3.54368119984e-23, 5.76696386109e-23, 7.70319960267e-23, 1.03230931281e-22, 1.42351351364e-22, 2.48662487868e-22, 3.01363773213e-22, 3.65354327065e-22, 6.02542410237e-22, 8.13735595451e-22, 1.2263148471e-21, 1.97510474854e-21],
        "var": [2.74605590675e-05, 0.00326028908603, 0.000236032923567, 3.93396876461e-05, 0.000182110117748, 8.56027236296e-06, 7.99354438641e-06, 5.28649388798e-06, 2.01072634809e-06, 1.1195540992e-06, 7.55270662012e-07, 8.15225484985e-06, 2.41083216679e-06, 4.17240926254e-07, 1.90287636315e-07, 3.6789305824e-08, 3.87253862755e-07, 4.92396274865e-08, 4.21506953785e-08, 3.05017309188e-08, 2.85171282144e-08, 2.24980336583e-08, 9.30352683781e-09, 6.08517183309e-08, 1.59747450823e-08, 4.03093602941e-09, 3.95344694482e-12]
    },
    "erbbands": {
        "dmean": [0.757277369499, 3.11962580681, 4.82669353485, 7.09120607376, 12.0762386322, 12.4463806152, 7.7055106163, 8.37487888336, 9.8328037262, 16.8189373016, 10.9472570419, 10.1081295013, 14.4242839813, 12.189409256, 12.7112035751, 29.3877906799, 21.8913536072, 11.4006328583, 10.3652057648, 5.877389431, 5.52274703979, 16.1100654602, 5.91427278519, 4.87534570694, 3.04779267311, 2.48615646362, 2.38361525536, 2.32889223099, 1.84930074215, 1.42489027977, 1.14421987534, 2.10810923576, 0.835349261761, 0.468455255032, 0.288238346577, 0.114425688982, 0.0404308512807, 0.00435272743925, 0.000104153936263, 3.2348852983e-05],
        "dmean2": [1.18911039829, 5.07174062729, 8.49421787262, 13.1500320435, 20.6667499542, 21.0268745422, 12.5953865051, 13.5311412811, 15.745092392, 25.8178081512, 17.1480998993, 16.3571853638, 22.2954597473, 19.8491191864, 20.1216926575, 47.1731758118, 34.6015892029, 18.2238464355, 17.0172863007, 9.83930587769, 9.09394550323, 29.7897205353, 10.0087804794, 7.93994235992, 4.8105802536, 3.89247894287, 3.84652161598, 3.57106137276, 2.74904322624, 2.17941808701, 1.76723408699, 3.28572225571, 1.25974500179, 0.733555436134, 0.469188272953, 0.181297749281, 0.0618101097643, 0.00669619627297, 0.000158917508088, 5.0282189477e-05],
        "dvar": [4.15984582901, 91.3610839844, 370.399261475, 751.510131836, 2440.29858398, 1833.18884277, 456.527679443, 435.702728271, 410.817687988, 1942.37976074, 1723.14599609, 571.402038574, 645.601867676, 447.653625488, 927.512878418, 4276.51953125, 2326.55444336, 486.501464844, 400.645996094, 111.975242615, 68.4522094727, 2736.98852539, 127.830108643, 100.765899658, 56.3109741211, 40.5910148621, 39.618938446, 28.3166294098, 21.4943943024, 14.7689743042, 9.70363235474, 52.7201309204, 6.17935943604, 2.37979006767, 1.00337564945, 0.111871518195, 0.0191478021443, 0.000172646410647, 8.49716599305e-08, 5.29087840206e-09],
        "dvar2": [9.76279735565, 201.64263916, 1044.56005859, 2197.50805664, 6764.4765625, 4904.09570312, 1168.75109863, 1160.71984863, 1072.63085938, 4777.08984375, 4176.56347656, 1533.22717285, 1595.36901855, 1226.30773926, 2063.88452148, 10625.3886719, 5564.94189453, 1078.24462891, 1017.14666748, 290.310913086, 172.062911987, 7897.14697266, 327.952148438, 245.474884033, 130.826828003, 92.4002685547, 86.451423645, 62.1521453857, 46.403881073, 35.499961853, 23.0052947998, 129.643981934, 14.5487337112, 5.82335090637, 2.58544063568, 0.269776701927, 0.0479833260179, 0.000421240343712, 2.06218189192e-07, 1.16953637885e-08],
        "max": [26.8062419891, 119.74369812, 309.312042236, 390.526428223, 1330.83618164, 594.240234375, 395.04208374, 511.308563232, 305.366882324, 1130.53710938, 1298.62023926, 483.52355957, 420.205963135, 331.682342529, 982.458557129, 1163.25561523, 780.374084473, 488.055969238, 413.332672119, 280.657409668, 163.254425049, 848.288452148, 155.080612183, 153.990661621, 114.496276855, 92.3216629028, 71.4246292114, 67.0849151611, 49.7571716309, 49.2494773865, 38.3726654053, 113.650474548, 33.9200592041, 18.5861263275, 11.1799554825, 3.44628381729, 2.51014852524, 0.24052156508, 0.00530030624941, 0.000938650744502],
        "mean": [0.982274770737, 3.96948194504, 4.86504745483, 6.73423099518, 13.2920560837, 15.6744346619, 10.6341514587, 14.3269386292, 15.8257951736, 28.6609764099, 17.4959392548, 15.3840427399, 24.6397819519, 21.4919967651, 22.4855327606, 49.3881568909, 38.6665840149, 20.8029289246, 18.0421333313, 10.367939949, 9.01272964478, 13.9728832245, 8.32384109497, 7.80274009705, 5.13242101669, 3.76532506943, 3.0227560997, 2.81886005402, 2.14056921005, 1.49632048607, 1.1190019846, 1.93003332615, 0.82420450449, 0.41414308548, 0.230361193419, 0.0955315232277, 0.0360542237759, 0.00387344695628, 0.000105370912934, 5.54817343073e-05],
        "median": [0.207018226385, 1.011302948, 1.06650972366, 1.62445139885, 2.34433841705, 3.91094231606, 3.36832547188, 4.41823482513, 6.12685871124, 7.79457044601, 6.79871606827, 6.48554229736, 11.3279151917, 11.3959884644, 10.8585224152, 13.2288179398, 10.3989276886, 10.5113544464, 8.47486305237, 5.48619127274, 5.36747503281, 4.85688495636, 3.7439558506, 3.66182422638, 2.56233310699, 1.42716765404, 0.760050415993, 0.509445488453, 0.231716215611, 0.116307795048, 0.0589582249522, 0.0552929379046, 0.032500512898, 0.0107381865382, 0.00304224179126, 0.000872977543622, 0.000264108995907, 5.10701538587e-05, 1.70556777448e-05, 2.81808206637e-05],
        "min": [4.79494302208e-23, 6.89072651283e-22, 1.46955158753e-21, 4.95646138366e-21, 4.70238284187e-21, 2.04930442468e-20, 1.97387379231e-20, 3.14988729361e-20, 1.26613318114e-19, 1.62564952755e-19, 1.23615331231e-19, 4.93361898491e-19, 5.4954850349e-19, 7.19208882293e-19, 9.11175220289e-19, 1.13659020902e-18, 1.65504096077e-18, 1.56151919694e-18, 2.16614655549e-18, 2.60188772459e-18, 3.96529168475e-18, 3.77926496884e-18, 5.46916724974e-18, 4.76232818142e-18, 6.93610713242e-18, 7.061955218e-18, 8.73677261965e-18, 9.20855094612e-18, 9.49047725993e-18, 1.04684032673e-17, 1.03854585586e-17, 1.03468639656e-17, 9.7523485798e-18, 7.29042663909e-18, 6.3481351589e-18, 4.0792842042e-18, 2.19882990906e-18, 1.006263871e-18, 2.47484193319e-19, 2.63636807634e-20],
        "var": [5.67967271805, 108.38874054, 262.556091309, 463.794219971, 1843.45410156, 1733.64135742, 484.80078125, 830.836242676, 670.424194336, 4358.46582031, 2168.04614258, 730.388916016, 1332.69470215, 829.45526123, 2221.28930664, 9975.29101562, 5552.60595703, 1053.85864258, 759.65637207, 204.682342529, 116.64705658, 1664.83288574, 167.683654785, 158.042068481, 84.0481796265, 62.5986289978, 53.8001556396, 39.3477783203, 28.6343803406, 16.2441120148, 9.90274715424, 48.4784698486, 6.36693668365, 2.13443756104, 0.782880961895, 0.101444914937, 0.016779018566, 0.000155757617904, 7.9717054291e-08, 7.84271314558e-09]
    },
    "gfcc": {
        "mean": [-80.769203186, 131.710479736, -136.981811523, 16.5439567566, -42.6518669128, 3.88484454155, -25.1541156769, 2.42447710037, -17.9697933197, -1.52186942101, -3.63608837128, -2.0230858326, -3.41112685204],
        "cov": [[32005.8007812, 1602.68041992, 512.542907715, 2467.77636719, -1056.21081543, 2038.02514648, -538.407958984, 454.047943115, -475.277008057, 514.834716797, -504.607086182, 205.777572632, -787.630737305], [1602.68041992, 2241.4934082, -731.247680664, 118.381980896, 510.236450195, -402.985046387, 396.605377197, -141.83644104, 239.669631958, -258.163909912, 206.625732422, -252.750335693, 187.64755249], [512.542907715, -731.247680664, 2913.36743164, 1182.58691406, 287.651977539, 1237.13098145, 165.402023315, 304.508148193, 132.321365356, 217.290313721, -196.829528809, 141.031768799, -343.820831299], [2467.77636719, 118.381980896, 1182.58691406, 1101.74462891, 229.023651123, 606.224182129, 180.848892212, 156.51864624, 118.51272583, 92.1175842285, -53.1001625061, 24.365983963, -129.901870728], [-1056.21081543, 510.236450195, 287.651977539, 229.023651123, 530.504516602, 72.8445053101, 301.552856445, 29.9973278046, 169.192764282, -20.6826000214, 105.781463623, -17.9891986847, 57.7244338989], [2038.02514648, -402.985046387, 1237.13098145, 606.224182129, 72.8445053101, 940.608642578, 75.0978164673, 174.241821289, 21.1529445648, 165.020385742, -59.294303894, 101.082977295, -217.281509399], [-538.407958984, 396.605377197, 165.402023315, 180.848892212, 301.552856445, 75.0978164673, 343.846740723, 47.5164108276, 136.510528564, 0.288344860077, 91.7012939453, -4.32355737686, 53.6645851135], [454.047943115, -141.83644104, 304.508148193, 156.51864624, 29.9973278046, 174.241821289, 47.5164108276, 213.393005371, 58.1979064941, 46.9860038757, -24.4032497406, 54.0628852844, -1.92527699471], [-475.277008057, 239.669631958, 132.321365356, 118.51272583, 169.192764282, 21.1529445648, 136.510528564, 58.1979064941, 185.556991577, 16.6677856445, 53.4947509766, -17.4823989868, 44.8364830017], [514.834716797, -258.163909912, 217.290313721, 92.1175842285, -20.6826000214, 165.020385742, 0.288344860077, 46.9860038757, 16.6677856445, 182.629959106, 32.9484596252, 71.6021957397, -52.5261764526], [-504.607086182, 206.625732422, -196.829528809, -53.1001625061, 105.781463623, -59.294303894, 91.7012939453, -24.4032497406, 53.4947509766, 32.9484596252, 199.517196655, 18.2872467041, 62.4335632324], [205.777572632, -252.750335693, 141.031768799, 24.365983963, -17.9891986847, 101.082977295, -4.32355737686, 54.0628852844, -17.4823989868, 71.6021957397, 18.2872467041, 137.755187988, 3.85271048546], [-787.630737305, 187.64755249, -343.820831299, -129.901870728, 57.7244338989, -217.281509399, 53.6645851135, -1.92527699471, 44.8364830017, -52.5261764526, 62.4335632324, 3.85271048546, 187.418182373]],
        "icov": [[0.000205163974897, -0.000640917336568, 0.000363133120118, -0.000499033019878, 0.000483858719235, -0.000529818760697, 0.00042811545427, -0.000465820136014, 0.000586155802011, -0.000796139414888, 0.000667911896016, -0.000728309853002, 0.000362676626537], [-0.000640917336568, 0.00318977655843, -0.000714037800208, 0.00107113958802, -0.00200790120289, 0.00166697124951, -0.00187391589861, 0.00181029271334, -0.00251029501669, 0.00356709002517, -0.0026247871574, 0.00329891080037, -0.0009416337125], [0.000363133120118, -0.000714037800208, 0.00195827917196, -0.001530250418, 0.000145797675941, -0.0017853929894, 0.000784950214438, -0.000844178081024, 0.000226060830755, -0.00105187343433, 0.00191157753579, -0.00162117008585, 0.00147227675188], [-0.000499033019878, 0.00107113958802, -0.001530250418, 0.00327804964036, -0.0011472372571, 0.000730672443751, -0.00119688594714, 0.00082136283163, -0.00140528252814, 0.00136431201827, -0.00122690130956, 0.00195690849796, -0.00106622639578], [0.000483858719235, -0.00200790120289, 0.000145797675941, -0.0011472372571, 0.00596477650106, -0.00101827539038, -0.00163563387468, -0.000543244648725, 0.000155283662025, -0.00123527890537, 0.00058255949989, -0.00209268578328, 0.000426789541962], [-0.000529818760697, 0.00166697124951, -0.0017853929894, 0.000730672443751, -0.00101827539038, 0.00462236627936, -0.00163032638375, 0.000252081314102, -0.000703836383764, 0.00146223313641, -0.00236872141249, 0.00131589721423, 0.000817674095742], [0.00042811545427, -0.00187391589861, 0.000784950214438, -0.00119688594714, -0.00163563387468, -0.00163032638375, 0.00785727705806, -0.00161903293338, -4.53485336038e-05, -0.00183708604891, 0.000549379677977, -0.0019283357542, -1.43712331919e-05], [-0.000465820136014, 0.00181029271334, -0.000844178081024, 0.00082136283163, -0.000543244648725, 0.000252081314102, -0.00161903293338, 0.00849303789437, -0.00412022834644, 0.00185314856935, 4.98986901221e-06, -0.00032802001806, -0.00222895038314], [0.000586155802011, -0.00251029501669, 0.000226060830755, -0.00140528252814, 0.000155283662025, -0.000703836383764, -4.53485336038e-05, -0.00412022834644, 0.0127117419615, -0.00506242830306, 0.000898466969375, 0.000848357274663, -0.00125236215536], [-0.000796139414888, 0.00356709002517, -0.00105187343433, 0.00136431201827, -0.00123527890537, 0.00146223313641, -0.00183708604891, 0.00185314856935, -0.00506242830306, 0.013451885432, -0.00553586380556, -0.000392558198655, 0.0015527899377], [0.000667911896016, -0.0026247871574, 0.00191157753579, -0.00122690130956, 0.00058255949989, -0.00236872141249, 0.000549379677977, 4.98986901221e-06, 0.000898466969375, -0.00553586380556, 0.0108601665124, -0.00416630832478, -0.000290061492706], [-0.000728309853002, 0.00329891080037, -0.00162117008585, 0.00195690849796, -0.00209268578328, 0.00131589721423, -0.0019283357542, -0.00032802001806, 0.000848357274663, -0.000392558198655, -0.00416630832478, 0.0155337480828, -0.00450689019635], [0.000362676626537, -0.0009416337125, 0.00147227675188, -0.00106622639578, 0.000426789541962, 0.000817674095742, -1.43712331919e-05, -0.00222895038314, -0.00125236215536, 0.0015527899377, -0.000290061492706, -0.00450689019635, 0.011486299336]]
    },
    "melbands": {
        "dmean": [0.00561989285052, 0.00277970125899, 0.00132099667098, 0.000959643803071, 0.000304608052829, 0.000183658456081, 0.000159198069014, 0.000171927400515, 8.32052246551e-05, 7.25533609511e-05, 7.45404468034e-05, 5.12380574946e-05, 4.43260505563e-05, 5.74648729526e-05, 9.88682586467e-05, 4.12512090406e-05, 2.02217543119e-05, 1.97277531697e-05, 1.17001227409e-05, 6.23669802735e-06, 6.1874397943e-06, 1.72110885615e-05, 9.15633427212e-06, 4.1794887693e-06, 4.24861445936e-06, 2.82946029984e-06, 2.06140589398e-06, 1.65183314493e-06, 1.50847517943e-06, 1.56320857059e-06, 1.40156839734e-06, 1.08453127723e-06, 9.82035089692e-07, 7.12968585503e-07, 6.09435630849e-07, 9.67785467765e-07, 1.3021031009e-06, 5.98706265009e-07, 4.09168706028e-07, 4.0377196342e-07],
        "dmean2": [0.00873427186161, 0.00459769973531, 0.00241086632013, 0.00162796769291, 0.000501244387124, 0.000294769357424, 0.000253109988989, 0.000263102439931, 0.000132062006742, 0.000116259914648, 0.000115091461339, 8.29537311802e-05, 7.09882806404e-05, 9.07165231183e-05, 0.00015937378339, 6.57045166008e-05, 3.2502994145e-05, 3.24438442476e-05, 1.96910677914e-05, 1.03553056761e-05, 1.00763027149e-05, 3.18502206937e-05, 1.6361449525e-05, 6.89153603162e-06, 6.9997618084e-06, 4.52665699413e-06, 3.3522785543e-06, 2.62347703028e-06, 2.42861597144e-06, 2.64476261691e-06, 2.13283374251e-06, 1.65026108334e-06, 1.48384606291e-06, 1.1172522818e-06, 9.52991001668e-07, 1.52364009409e-06, 2.02143905881e-06, 9.0949282594e-07, 6.22370919245e-07, 6.47462059078e-07],
        "dvar": [0.000238278880715, 9.14772317628e-05, 2.16794123844e-05, 1.58309794642e-05, 6.51734239909e-07, 1.95830921257e-07, 1.04406957746e-07, 2.03661926435e-07, 8.22842025627e-08, 2.78340284154e-08, 1.69445666387e-08, 7.5381718645e-09, 8.15850675906e-09, 2.30069989726e-08, 5.53170700357e-08, 1.44353853315e-08, 1.58160995412e-09, 1.6320821361e-09, 6.98612834249e-10, 1.28293542456e-10, 9.25661214346e-11, 3.00667801767e-09, 5.52143608612e-10, 6.80633951977e-11, 7.39255739957e-11, 4.86766980889e-11, 2.26789160368e-11, 1.79839355213e-11, 1.68362684905e-11, 1.84698333017e-11, 9.82355950058e-12, 7.55236151395e-12, 6.83142951929e-12, 3.91393384716e-12, 2.79246070711e-12, 8.59437000733e-12, 2.13773165836e-11, 3.28536590294e-12, 1.58177323236e-12, 2.03641422301e-12],
        "dvar2": [0.000532467791345, 0.00023247874924, 6.27224726486e-05, 4.27897466579e-05, 1.71107103597e-06, 5.15798205925e-07, 2.73083628599e-07, 5.02045111261e-07, 2.02449641051e-07, 7.45294599369e-08, 4.1723787092e-08, 2.02154932794e-08, 1.91305566943e-08, 5.1485233854e-08, 1.4270872839e-07, 3.50873108346e-08, 3.54172757788e-09, 4.24330037774e-09, 1.79639358944e-09, 3.42445322099e-10, 2.31604804779e-10, 8.67108074232e-09, 1.55123414114e-09, 1.70074065942e-10, 1.84386228508e-10, 1.1904326136e-10, 5.38723961274e-11, 4.19541658359e-11, 3.46311798682e-11, 4.85383400139e-11, 2.10465360417e-11, 1.67931848982e-11, 1.54641126293e-11, 9.74681620136e-12, 6.64893400754e-12, 2.07527293961e-11, 5.27605806266e-11, 7.87479543379e-12, 3.62062897025e-12, 5.2044228302e-12],
        "max": [0.199088394642, 0.157439738512, 0.0680992826819, 0.0817773118615, 0.014086372219, 0.0101623693481, 0.00481414189562, 0.0111720226705, 0.00863721314818, 0.0027097822167, 0.00208926806226, 0.00140916439705, 0.00289683416486, 0.00536447111517, 0.00449361233041, 0.00218074955046, 0.000878938357346, 0.000886271067429, 0.000838472624309, 0.000214531246456, 0.000200651076739, 0.000882096239366, 0.000422394950874, 0.000119375959912, 0.000146445076098, 0.000106183724711, 8.83140746737e-05, 6.10299903201e-05, 5.32706944796e-05, 4.68499274575e-05, 4.38737006334e-05, 2.98211889458e-05, 3.52237038896e-05, 2.57374304056e-05, 2.1100124286e-05, 4.36488808191e-05, 7.40518516977e-05, 2.36162268266e-05, 2.20166639338e-05, 1.85288572538e-05],
        "mean": [0.00753995170817, 0.00347408861853, 0.00135727447923, 0.00111107097473, 0.000434644753113, 0.000315320416121, 0.000259686028585, 0.000292208627798, 0.000126116894535, 0.000108061823994, 0.000125908321934, 8.82729073055e-05, 7.42879929021e-05, 9.44847488427e-05, 0.000156983165652, 6.59930665279e-05, 3.43224091921e-05, 3.16612422466e-05, 1.87764890143e-05, 1.02950270957e-05, 9.52669233811e-06, 1.44892837852e-05, 9.49590139498e-06, 6.28261932434e-06, 6.44586771159e-06, 4.31885428043e-06, 3.073340622e-06, 2.34270919464e-06, 1.9260537556e-06, 1.66661379808e-06, 1.66297627402e-06, 1.21914479223e-06, 1.0774195971e-06, 7.16284716873e-07, 5.95347728449e-07, 8.88615886652e-07, 1.20412084925e-06, 5.90631714203e-07, 3.93252037156e-07, 3.38210782047e-07],
        "median": [0.00214875210077, 0.000922642939258, 0.000358839461114, 0.000280078471405, 0.000135537949973, 0.0001058751659, 0.000104491919046, 8.23718582978e-05, 4.58140675619e-05, 4.12149747717e-05, 5.66000235267e-05, 4.52797103208e-05, 3.50890150003e-05, 2.75577021966e-05, 3.2457002817e-05, 1.32702898554e-05, 1.69010854734e-05, 1.28067631522e-05, 7.82972801971e-06, 5.44356225873e-06, 5.17538137501e-06, 4.61713170807e-06, 3.52415145244e-06, 2.76022410617e-06, 2.7889109333e-06, 1.88487945252e-06, 1.30061448544e-06, 7.16061776984e-07, 4.65687719498e-07, 3.00570661693e-07, 2.6982121426e-07, 1.23838532318e-07, 7.85166633932e-08, 5.45727800727e-08, 3.17953272599e-08, 2.98740552296e-08, 3.37606422818e-08, 1.93630036449e-08, 1.66401594726e-08, 6.73519151562e-09],
        "min": [9.10090288122e-25, 6.98640757036e-25, 1.20306543832e-24, 9.79622657676e-25, 6.81334726497e-25, 6.1772591348e-25, 1.8611143714e-24, 1.45924732704e-24, 1.06031011208e-24, 2.89973692225e-24, 2.29376868474e-24, 2.54979921077e-24, 2.47249596966e-24, 2.44225656458e-24, 2.14803767656e-24, 3.12885190863e-24, 2.45243582848e-24, 2.24624868989e-24, 2.80499255817e-24, 2.20569552012e-24, 3.20222346699e-24, 3.47886278696e-24, 3.66738200508e-24, 4.03232878135e-24, 3.24293362008e-24, 3.61846592363e-24, 4.31421560406e-24, 3.81541845926e-24, 4.29670525855e-24, 4.50173375769e-24, 4.62666132051e-24, 4.98802035739e-24, 5.11116312242e-24, 4.01998863021e-24, 5.12628558597e-24, 5.85807003812e-24, 5.83921665691e-24, 5.36328464545e-24, 5.65913154517e-24, 4.95622571304e-24],
        "var": [0.000330606271746, 8.77978673088e-05, 1.43213883348e-05, 1.21266175483e-05, 7.78732726303e-07, 3.64199394198e-07, 1.69021021179e-07, 4.3299755248e-07, 1.04543609325e-07, 3.71488972917e-08, 3.56512259714e-08, 1.46301459836e-08, 1.66566653803e-08, 6.46845990104e-08, 1.15159153324e-07, 3.07636014441e-08, 3.12882164621e-09, 2.8475848346e-09, 1.22620369414e-09, 2.15209378096e-10, 1.52467760639e-10, 1.83179649227e-09, 4.18479556563e-10, 9.64249652347e-11, 1.14421826181e-10, 6.48663553426e-11, 3.39017494633e-11, 2.65955313328e-11, 2.43017810736e-11, 1.74709448297e-11, 1.37918305249e-11, 9.58925647221e-12, 8.24405387706e-12, 4.02639683747e-12, 2.84524595724e-12, 8.14095579144e-12, 1.96979030309e-11, 3.30897462208e-12, 1.65784551885e-12, 1.6433057172e-12]
    },
    "mfcc": {
        "mean": [-706.409729004, 155.096939087, -24.9565048218, 15.9202346802, 1.53061616421, 1.72244775295, 5.17279720306, 2.66643714905, -3.65005087852, 0.447366088629, -0.415210872889, 1.87245321274, -1.60457801819],
        "cov": [[12354.6230469, 889.528686523, 2368.88061523, 1206.20507812, 418.276245117, 1293.00292969, 433.858428955, 416.085021973, 265.97467041, 230.221420288, 370.700408936, 334.893615723, -164.144622803], [889.528686523, 2148.89697266, -382.090881348, 482.15612793, 150.688140869, 117.700950623, 206.321838379, 107.170700073, 138.668304443, 75.9113464355, 32.4657058716, 25.0591640472, 34.6419906616], [2368.88061523, -382.090881348, 2108.60742188, 486.956970215, 447.699035645, 812.143005371, 242.211669922, 386.288299561, 242.062286377, 141.835083008, 240.293121338, 204.912719727, -71.408531189], [1206.20507812, 482.15612793, 486.956970215, 815.839599609, 250.315231323, 340.112884521, 200.684295654, 159.129440308, 198.795425415, 84.2178344727, 129.725387573, 106.172927856, 10.7148809433], [418.276245117, 150.688140869, 447.699035645, 250.315231323, 315.048187256, 266.877655029, 142.987518311, 162.001068115, 109.648139954, 74.8926391602, 80.6277236938, 81.2459106445, 19.6966838837], [1293.00292969, 117.700950623, 812.143005371, 340.112884521, 266.877655029, 605.825500488, 252.901947021, 218.793655396, 136.483413696, 105.337043762, 168.56149292, 156.452026367, 5.2256565094], [433.858428955, 206.321838379, 242.211669922, 200.684295654, 142.987518311, 252.901947021, 256.109100342, 150.946517944, 84.3506317139, 52.5890083313, 86.0344848633, 94.1513290405, 53.0292282104], [416.085021973, 107.170700073, 386.288299561, 159.129440308, 162.001068115, 218.793655396, 150.946517944, 243.565109253, 144.240234375, 54.5530662537, 69.370513916, 78.0018310547, 21.0731658936], [265.97467041, 138.668304443, 242.062286377, 198.795425415, 109.648139954, 136.483413696, 84.3506317139, 144.240234375, 212.155563354, 78.9364852905, 39.8248214722, 21.8646659851, 8.63289642334], [230.221420288, 75.9113464355, 141.835083008, 84.2178344727, 74.8926391602, 105.337043762, 52.5890083313, 54.5530662537, 78.9364852905, 134.852523804, 62.5649032593, 13.0453071594, 8.41373348236], [370.700408936, 32.4657058716, 240.293121338, 129.725387573, 80.6277236938, 168.56149292, 86.0344848633, 69.370513916, 39.8248214722, 62.5649032593, 144.160720825, 90.5268325806, 18.6703834534], [334.893615723, 25.0591640472, 204.912719727, 106.172927856, 81.2459106445, 156.452026367, 94.1513290405, 78.0018310547, 21.8646659851, 13.0453071594, 90.5268325806, 160.290267944, 57.1754150391], [-164.144622803, 34.6419906616, -71.408531189, 10.7148809433, 19.6966838837, 5.2256565094, 53.0292282104, 21.0731658936, 8.63289642334, 8.41373348236, 18.6703834534, 57.1754150391, 121.716308594]],
