{
"lowlevel": {
    "average_loudness": 0.904499351978,
    "barkbands_crest": {
        "dmean": 2.79156112671,
        "dmean2": 4.27219200134,
        "dvar": 8.75801563263,
        "dvar2": 19.1797332764,
        "max": 26.0897979736,
        "mean": 11.1322202682,
        "median": 9.82485771179,
        "min": 2.53831577301,
        "var": 26.8283119202
    },
    "barkbands_flatness_db": {
        "dmean": 0.0252420920879,
        "dmean2": 0.0359956622124,
        "dvar": 0.000710072636139,
        "dvar2": 0.00133835675661,
        "max": 0.401117742062,
        "mean": 0.152984052896,
        "median": 0.144414752722,
        "min": 0.0154592189938,
        "var": 0.00442081270739
    },
    "barkbands_kurtosis": {
        "dmean": 4.8830499649,
        "dmean2": 7.3460278511,
        "dvar": 89.2787704468,
        "dvar2": 198.025695801,
        "max": 324.17980957,
        "mean": 7.5113286972,
        "median": 4.32997131348,
        "min": -1.94845700264,
        "var": 144.707260132
    },
    "barkbands_skewness": {
        "dmean": 0.699803948402,
        "dmean2": 1.0248363018,
        "dvar": 0.667240381241,
        "dvar2": 1.32297229767,
        "max": 15.8192577362,
        "mean": 1.89308154583,
        "median": 1.79971051216,
        "min": -3.25289821625,
        "var": 2.35386133194
    },
    "barkbands_spread": {
        "dmean": 9.78158092499,
        "dmean2": 14.8053407669,
        "dvar": 224.610290527,
        "dvar2": 438.645812988,
        "max": 120.418373108,
        "mean": 27.245508194,
        "median": 17.3941802979,
        "min": 0.436183959246,
        "var": 602.898193359
    },
    "dissonance": {
        "dmean": 0.0228615961969,
        "dmean2": 0.0369029082358,
        "dvar": 0.000499333546031,
        "dvar2": 0.00123625749256,
        "max": 0.500000238419,
        "mean": 0.43609470129,
        "median": 0.442918181419,
        "min": 0.188133761287,
        "var": 0.00182566279545
    },
    "dynamic_complexity": 3.25727105141,
    "erbbands_crest": {
        "dmean": 2.45686459541,
        "dmean2": 3.72928333282,
        "dvar": 6.16543722153,
        "dvar2": 13.1180973053,
        "max": 32.850025177,
        "mean": 10.1940469742,
        "median": 8.66885757446,
        "min": 2.18853902817,
        "var": 30.4144458771
    },
    "erbbands_flatness_db": {
        "dmean": 0.0215630698949,
        "dmean2": 0.0296717323363,
        "dvar": 0.000578140083235,
        "dvar2": 0.000981022021733,
        "max": 0.448504894972,
        "mean": 0.145928025246,
        "median": 0.129612222314,
        "min": 0.0374688766897,
        "var": 0.00415438786149
    },
    "erbbands_kurtosis": {
        "dmean": 1.72351372242,
        "dmean2": 2.60579991341,
        "dvar": 8.42732620239,
        "dvar2": 18.592956543,
        "max": 61.2983322144,
        "mean": 1.86586678028,
        "median": 0.680172085762,
        "min": -1.83891892433,
        "var": 19.6876602173
    },
    "erbbands_skewness": {
        "dmean": 0.447080403566,
        "dmean2": 0.664835512638,
        "dvar": 0.211521759629,
        "dvar2": 0.439475059509,
        "max": 6.61800098419,
        "mean": 0.895209431648,
        "median": 0.912227630615,
        "min": -3.21240949631,
        "var": 1.00844871998
    },
    "erbbands_spread": {
        "dmean": 14.5477371216,
        "dmean2": 20.9629306793,
        "dvar": 387.782806396,
        "dvar2": 651.524597168,
        "max": 204.831161499,
        "mean": 49.5267601013,
        "median": 40.9419059753,
        "min": 1.10188317299,
        "var": 1127.22119141
    },
    "hfc": {
        "dmean": 21.3052921295,
        "dmean2": 32.7935562134,
        "dvar": 1744.4074707,
        "dvar2": 3893.08154297,
        "max": 435.377227783,
        "mean": 34.9237785339,
        "median": 14.9270000458,
        "min": 1.12155473727e-16,
        "var": 2854.47021484
    },
    "melbands_crest": {
        "dmean": 3.00886964798,
        "dmean2": 4.64154148102,
        "dvar": 9.69799613953,
        "dvar2": 21.8550987244,
        "max": 33.3814277649,
        "mean": 14.3569450378,
        "median": 13.0503778458,
        "min": 1.82681429386,
        "var": 31.3194732666
    },
    "melbands_flatness_db": {
        "dmean": 0.0298490207642,
        "dmean2": 0.0420641601086,
        "dvar": 0.00109075079672,
        "dvar2": 0.0020477923099,
        "max": 0.520818531513,
        "mean": 0.226879104972,
        "median": 0.228568404913,
        "min": 0.00541311735287,
        "var": 0.0076317708008
    },
    "melbands_kurtosis": {
        "dmean": 12.9210214615,
        "dmean2": 19.0434799194,
        "dvar": 906.446350098,
        "dvar2": 1916.1517334,
        "max": 667.63458252,
        "mean": 21.9666194916,
        "median": 12.3096723557,
        "min": -1.78772640228,
        "var": 1387.98327637
    },
    "melbands_skewness": {
        "dmean": 0.920995533466,
        "dmean2": 1.31011760235,
        "dvar": 1.39935112,
        "dvar2": 2.63197112083,
        "max": 21.8572998047,
        "mean": 3.05193591118,
        "median": 2.68420791626,
        "min": -1.8107483387,
        "var": 4.61128044128
    },
    "melbands_spread": {
        "dmean": 7.02313709259,
        "dmean2": 10.8275785446,
        "dvar": 151.944732666,
        "dvar2": 354.390197754,
        "max": 208.251953125,
        "mean": 21.9217433929,
        "median": 12.8300981522,
        "min": 0.536294102669,
        "var": 689.45904541
    },
    "pitch_salience": {
        "dmean": 0.0781253352761,
        "dmean2": 0.120845988393,
        "dvar": 0.00669549405575,
        "dvar2": 0.0155237540603,
        "max": 0.907884001732,
        "mean": 0.53019952774,
        "median": 0.540692806244,
        "min": 0.0861041843891,
        "var": 0.0186215229332
    },
    "silence_rate_20dB": {
        "dmean": 0,
        "dmean2": 0,
        "dvar": 0,
        "dvar2": 0,
        "max": 1,
        "mean": 1,
        "median": 1,
        "min": 1,
        "var": 0
    },
    "silence_rate_30dB": {
        "dmean": 0.0391743071377,
        "dmean2": 0.0783537775278,
        "dvar": 0.0376360192895,
        "dvar2": 0.0872509106994,
        "max": 1,
        "mean": 0.965048789978,
        "median": 1,
        "min": 0,
        "var": 0.0337286405265
    },
    "silence_rate_60dB": {
        "dmean": 0.00765020120889,
        "dmean2": 0.015235456638,
        "dvar": 0.00759394234046,
        "dvar2": 0.0172444228083,
        "max": 1,
        "mean": 0.0373252443969,
        "median": 0,
        "min": 0,
        "var": 0.0359324365854
    },
    "spectral_centroid": {
        "dmean": 203.421585083,
        "dmean2": 302.983215332,
        "dvar": 95049.265625,
        "dvar2": 179351.96875,
        "max": 10825.8378906,
        "mean": 1074.35192871,
        "median": 769.462524414,
        "min": 168.645202637,
        "var": 698190.25
    },
    "spectral_complexity": {
        "dmean": 2.62481045723,
        "dmean2": 4.22820186615,
        "dvar": 18.2997188568,
        "dvar2": 42.4976348877,
        "max": 53,
        "mean": 12.9453306198,
        "median": 12,
        "min": 0,
        "var": 36.1805534363
    },
    "spectral_decrease": {
        "dmean": 3.1655424948e-09,
        "dmean2": 4.54883286594e-09,
        "dvar": 2.79840462095e-17,
        "dvar2": 5.53037241121e-17,
        "max": -3.65529466383e-29,
        "mean": -7.63367147272e-09,
        "median": -5.21142151655e-09,
        "min": -5.80514125659e-08,
        "var": 6.03708307126e-17
    },
    "spectral_energy": {
        "dmean": 0.0131928939372,
        "dmean2": 0.0187954045832,
        "dvar": 0.000429481820902,
        "dvar2": 0.00082853162894,
        "max": 0.22083491087,
        "mean": 0.0319789648056,
        "median": 0.0222142077982,
        "min": 1.03107869484e-20,
        "var": 0.000957750831731
    },
    "spectral_energyband_high": {
        "dmean": 0.00186097086407,
        "dmean2": 0.00288764666766,
        "dvar": 1.55831185111e-05,
        "dvar2": 3.42265666404e-05,
        "max": 0.0477700047195,
        "mean": 0.00258088787086,
        "median": 0.000501377799083,
        "min": 7.94508270827e-21,
        "var": 2.8812812161e-05
    },
    "spectral_energyband_low": {
        "dmean": 0.00811017397791,
        "dmean2": 0.0117171229795,
        "dvar": 0.000343646970578,
        "dvar2": 0.000686815183144,
        "max": 0.213533639908,
        "mean": 0.0127027425915,
        "median": 0.00512372050434,
        "min": 9.74818265993e-23,
        "var": 0.000535258033779
    },
    "spectral_energyband_middle_high": {
        "dmean": 0.000772587256506,
        "dmean2": 0.00125453993678,
        "dvar": 2.52085260399e-06,
        "dvar2": 6.44469582767e-06,
        "max": 0.0315567851067,
        "mean": 0.00171260163188,
        "median": 0.00110906804912,
        "min": 1.39363312863e-21,
        "var": 3.75501008421e-06
    },
    "spectral_energyband_middle_low": {
        "dmean": 0.00632454175502,
        "dmean2": 0.00985961221159,
        "dvar": 0.000132362329168,
        "dvar2": 0.000324443884892,
        "max": 0.167058706284,
        "mean": 0.0160529296845,
        "median": 0.00998540781438,
        "min": 2.34865600936e-22,
        "var": 0.00030940247234
    },
    "spectral_entropy": {
        "dmean": 0.235888287425,
        "dmean2": 0.322517812252,
        "dvar": 0.0842981263995,
        "dvar2": 0.144997507334,
        "max": 9.79976272583,
        "mean": 7.46099615097,
        "median": 7.49127960205,
        "min": 4.94763851166,
        "var": 0.50879073143
    },
    "spectral_flux": {
        "dmean": 0.032828822732,
        "dmean2": 0.0501850321889,
        "dvar": 0.00194804300554,
        "dvar2": 0.0037358852569,
        "max": 0.393682569265,
        "mean": 0.0799525231123,
        "median": 0.058413721621,
        "min": 1.01542045605e-10,
        "var": 0.00406441837549
    },
    "spectral_kurtosis": {
        "dmean": 2.56889557838,
        "dmean2": 3.86337971687,
        "dvar": 17.5539875031,
        "dvar2": 42.8077125549,
        "max": 58.1942977905,
        "mean": 5.29459428787,
        "median": 2.83215069771,
        "min": -1.33367908001,
        "var": 45.0092391968
    },
    "spectral_rms": {
        "dmean": 0.0010142166866,
        "dmean2": 0.00141846796032,
        "dvar": 1.77691242698e-06,
        "dvar2": 3.22336768477e-06,
        "max": 0.0146781699732,
        "mean": 0.00502021657303,
        "median": 0.00465536210686,
        "min": 3.17164068446e-12,
        "var": 5.99639452048e-06
    },
    "spectral_rolloff": {
        "dmean": 1243.98583984,
        "dmean2": 2169.74047852,
        "dvar": 7180283,
        "dvar2": 15278289,
        "max": 18217.0898438,
        "mean": 2674.37060547,
        "median": 732.12890625,
        "min": 64.599609375,
        "var": 14407220
    },
    "spectral_skewness": {
        "dmean": 0.323870271444,
        "dmean2": 0.460855513811,
        "dvar": 0.144783243537,
        "dvar2": 0.294983685017,
        "max": 6.03141880035,
        "mean": 1.79038476944,
        "median": 1.64544701576,
        "min": 0.0171483233571,
        "var": 0.702011525631
    },
    "spectral_spread": {
        "dmean": 1447888,
        "dmean2": 1953526.25,
        "dvar": 3.74275938714e+12,
        "dvar2": 5.37360282419e+12,
        "max": 40178556,
        "mean": 7531286.5,
        "median": 7629078,
        "min": 1121864.375,
        "var": 1.38599423017e+13
    },
    "spectral_strongpeak": {
        "dmean": 0.521743178368,
        "dmean2": 0.848719000816,
        "dvar": 1.58457744122,
        "dvar2": 3.83524179459,
        "max": 34.3597106934,
        "mean": 1.14078736305,
        "median": 0.593664526939,
        "min": 0,
        "var": 2.93165564537
    },
    "zerocrossingrate": {
        "dmean": 0.0229725334793,
        "dmean2": 0.0266426634043,
        "dvar": 0.000855587190017,
        "dvar2": 0.00111861305777,
        "max": 0.5048828125,
        "mean": 0.0970131531358,
        "median": 0.06689453125,
        "min": 0.00244140625,
        "var": 0.00713211484253
    },
    "barkbands": {
        "dmean": [0.000123162462842, 0.0068822260946, 0.0020997452084, 0.00139794684947, 0.00213843793608, 0.00147550343536, 0.000422119075665, 0.00149243569467, 0.00106079527177, 0.000336154451361, 9.2108231911e-05, 0.000216568194446, 0.000220839734538, 0.000127327351947, 7.54515422159e-05, 0.000114536240289, 5.65109112358e-05, 4.03452286264e-05, 6.3473067712e-05, 5.78281687922e-05, 8.60578802531e-05, 0.00012593815336, 0.000217110471567, 0.000362990656868, 0.000733574270271, 0.000437085080193, 2.7455163945e-05],
        "dmean2": [0.000173527601874, 0.010378616862, 0.00365557591431, 0.00248497887515, 0.00350793567486, 0.00214909436181, 0.000652727496345, 0.00214839424007, 0.00153555814177, 0.000483664334752, 0.00014841988741, 0.000361494894605, 0.000363350613043, 0.000209655539948, 0.000126589802676, 0.000196558525204, 9.18811783777e-05, 6.78258147673e-05, 0.000105045641249, 9.2032692919e-05, 0.00013918033801, 0.000195392349269, 0.00033073980012, 0.000562835019082, 0.00115016358905, 0.000701237586327, 4.22286320827e-05],
        "dvar": [5.40542224314e-08, 0.000330095994286, 3.45041917171e-05, 2.05156920856e-05, 3.17531630571e-05, 1.67012258316e-05, 1.17969466373e-06, 2.73833866231e-05, 6.04701699558e-06, 1.24282155411e-06, 1.49672970906e-07, 2.2833611979e-07, 2.37638332123e-07, 1.49104678826e-07, 2.05444976586e-08, 8.27249024837e-08, 9.33259602931e-09, 6.97861368693e-09, 2.34122747855e-08, 1.97477945107e-08, 7.78387914124e-08, 1.07076679967e-07, 3.76336402041e-07, 9.34409285946e-07, 2.73939053841e-06, 1.24034579585e-06, 4.23545376549e-09],
        "dvar2": [1.02333792995e-07, 0.000735466834158, 9.28390509216e-05, 5.84933368373e-05, 8.14115846879e-05, 3.4695101931e-05, 2.59990838458e-06, 5.8499565057e-05, 1.14572112579e-05, 2.27658756558e-06, 2.90701848371e-07, 6.19984632522e-07, 5.91385969528e-07, 3.65139669611e-07, 5.43169598188e-08, 2.24403208904e-07, 2.38935395913e-08, 1.86073183528e-08, 6.3395162897e-08, 4.3048988374e-08, 2.05922830787e-07, 2.37453235741e-07, 7.93532763055e-07, 2.08327037399e-06, 6.32807677903e-06, 2.84277439278e-06, 1.00339150322e-08],
        "max": [0.00276345619932, 0.194778829813, 0.0740282386541, 0.0668212249875, 0.0711938887835, 0.148776546121, 0.0635144785047, 0.105836629868, 0.0670331344008, 0.0434089675546, 0.0299791321158, 0.00782599393278, 0.0119058247656, 0.0201071966439, 0.00311765423976, 0.0032744971104, 0.00183489604387, 0.00105387531221, 0.00805223733187, 0.0107607878745, 0.017838427797, 0.00577856088057, 0.009322934784, 0.0210926383734, 0.0185888595879, 0.00828907918185, 0.00123325129971],
        "mean": [0.000166994781466, 0.00891436822712, 0.0026332847774, 0.00185903639067, 0.00399916013703, 0.00401448551565, 0.000899200735148, 0.00287595205009, 0.00198145466857, 0.000558455067221, 0.000128685423988, 0.000300282234093, 0.00031641102396, 0.00017026864225, 0.000124709578813, 0.000142092394526, 9.84193975455e-05, 6.02307263762e-05, 0.000105816034193, 0.000105859282485, 0.000144519770402, 0.000196602850338, 0.000294481316814, 0.000499879475683, 0.00087246496696, 0.000477185851196, 3.85742496292e-05],
        "median": [2.76810151263e-05, 0.00248292740434, 0.00111153442413, 0.000833460886497, 0.00208175205626, 0.00153429224156, 0.00029799839831, 0.000437253940618, 0.00061676162295, 0.000174093380338, 3.19709652103e-05, 0.000116122580948, 0.000102018253529, 5.7069115428e-05, 7.02049146639e-05, 6.90607193974e-05, 4.84636511828e-05, 3.10111136059e-05, 3.73955917894e-05, 2.86211034108e-05, 2.63268193521e-05, 2.85835740215e-05, 3.2741612813e-05, 5.6700904679e-05, 0.000108715787064, 8.45108588692e-05, 5.21727724845e-06],
        "min": [1.07249915691e-23, 4.88063445786e-23, 3.15151351585e-23, 1.56035882415e-23, 2.81553923404e-23, 5.03429951349e-23, 3.27772905188e-23, 3.31118401178e-23, 5.93009019887e-23, 3.95715286144e-23, 5.6955473367e-23, 5.35504593993e-23, 1.40312631862e-22, 1.37521831306e-22, 7.42269391763e-23, 1.07573149869e-22, 2.78236996801e-22, 9.53505390036e-23, 2.66165052057e-22, 3.81745241088e-22, 4.74407013961e-22, 5.64863384178e-22, 8.20335521328e-22, 9.76595866225e-22, 9.02969420591e-22, 1.59134161388e-21, 2.48480431393e-21],
        "var": [1.11832768823e-07, 0.000404793710914, 2.76907048828e-05, 1.40178444781e-05, 3.94395647163e-05, 8.36940162117e-05, 7.91596085037e-06, 8.52833763929e-05, 1.60979034263e-05, 2.85962255475e-06, 3.94968736828e-07, 2.82273020957e-07, 3.99542273044e-07, 2.21686292434e-07, 3.26465610101e-08, 6.91384798301e-08, 1.9518935801e-08, 7.99464761059e-09, 4.21126742367e-08, 7.4707912745e-08, 1.63998166158e-07, 2.46340562171e-07, 6.85334839545e-07, 1.95624215849e-06, 3.9804745029e-06, 1.26031670789e-06, 7.07286984536e-09]
    },
    "erbbands": {
        "dmean": [0.176870331168, 1.64424920082, 2.33281898499, 4.04286813736, 4.81295204163, 7.81976795197, 10.4796047211, 13.7370882034, 8.48745155334, 12.4848022461, 31.6731739044, 20.1945800781, 23.1359882355, 3.98554372787, 5.3217010498, 8.22077274323, 7.57183551788, 9.2915430069, 3.57684993744, 4.40903139114, 6.04959583282, 3.0926053524, 2.46976137161, 2.88529205322, 2.72306060791, 2.42743420601, 4.02377462387, 3.34948635101, 4.5756855011, 4.77906799316, 6.31967258453, 5.96059894562, 7.47505521774, 6.93891525269, 5.80370569229, 3.14836835861, 0.560194015503, 0.0518551878631, 0.00520184868947, 0.000187984056538],
        "dmean2": [0.264432311058, 2.49401640892, 3.80547595024, 7.21339941025, 8.17590713501, 12.7344474792, 16.7606601715, 19.4988021851, 12.9026956558, 17.6438179016, 45.9159164429, 29.1899433136, 32.7733078003, 6.25039577484, 8.73714542389, 13.7778215408, 12.4373512268, 15.3010492325, 5.95952558517, 7.57020807266, 10.2806835175, 5.05432653427, 4.10617685318, 4.83332109451, 4.3969950676, 3.82251906395, 6.62337064743, 5.19681072235, 7.2174987793, 7.43120002747, 9.59322929382, 9.19309806824, 11.5883321762, 10.7710084915, 9.11224269867, 5.02621221542, 0.909070312977, 0.0821749940515, 0.00804379023612, 0.000284924346488],
        "dvar": [0.21610057354, 19.7436695099, 38.5509300232, 159.840240479, 188.317108154, 530.522155762, 634.274475098, 1925.93103027, 585.676574707, 1603.27819824, 12410.3203125, 2046.17858887, 4145.61230469, 78.8483657837, 201.074996948, 354.63104248, 310.552246094, 624.657897949, 36.3034858704, 145.287506104, 177.113418579, 28.6249217987, 26.1137046814, 52.6038360596, 39.8874320984, 54.1273612976, 135.443130493, 134.986755371, 138.339401245, 180.8074646, 335.121032715, 273.180175781, 388.682952881, 264.313476562, 189.147918701, 68.5531005859, 1.84433162212, 0.0137503147125, 0.000150981097249, 2.00792271698e-07],
        "dvar2": [0.464361071587, 44.7286071777, 93.168548584, 450.4402771, 521.768554688, 1298.11474609, 1638.27819824, 4101.49853516, 1143.00390625, 3229.51245117, 26601.8261719, 3908.88916016, 7723.19091797, 179.893890381, 470.701263428, 958.034118652, 773.623474121, 1556.26855469, 92.7246627808, 401.06338501, 471.790985107, 74.8146209717, 68.5632095337, 145.83732605, 97.3868637085, 102.678916931, 350.503967285, 353.469177246, 324.59664917, 384.095092773, 714.312316895, 587.176025391, 890.943603516, 570.272521973, 442.602813721, 160.773117065, 4.34973621368, 0.0327963754535, 0.000355463649612, 4.59221610072e-07],
        "max": [5.54998970032, 45.9930953979, 76.3772888184, 168.992996216, 228.563873291, 269.502807617, 606.499145508, 1455.52160645, 1202.38586426, 1325.76293945, 2743.21630859, 1195.98278809, 2151.34887695, 457.242736816, 740.1875, 341.595947266, 560.003234863, 1282.95129395, 139.47277832, 152.157592773, 194.494110107, 88.3235244751, 64.4675521851, 371.777770996, 169.632949829, 682.647338867, 667.535888672, 945.497253418, 202.245895386, 216.866928101, 303.980316162, 242.697998047, 586.478027344, 255.634994507, 105.83631897, 61.6951370239, 11.2747116089, 1.56594049931, 0.261984944344, 0.0116042429581],
        "mean": [0.237723991275, 2.0393576622, 3.26070594788, 5.16194581985, 7.71406888962, 12.678024292, 23.0229625702, 38.0998344421, 21.1335964203, 26.9939250946, 62.1824569702, 38.7673492432, 43.2697753906, 7.31004285812, 7.74547863007, 11.7175703049, 11.4166793823, 13.2040653229, 6.18603229523, 6.41516017914, 8.3339881897, 5.55805873871, 4.02291631699, 4.65331268311, 4.91450166702, 4.61334753036, 6.52163314819, 5.54403018951, 7.08684158325, 7.32197284698, 8.46280956268, 8.19061565399, 9.97588443756, 9.07852363586, 6.4145283699, 3.21943736076, 0.643800199032, 0.0735491588712, 0.0073518785648, 0.000304347020574],
        "median": [0.0303420014679, 0.577496469021, 1.34355854988, 2.35870742798, 3.52962207794, 5.96069908142, 11.1588573456, 13.4494333267, 7.63373756409, 7.01616573334, 11.5054225922, 14.9735431671, 11.2282714844, 4.18341255188, 3.30255222321, 4.28173780441, 4.00079631805, 4.56756687164, 3.90019273758, 3.21044230461, 4.34901666641, 2.8851006031, 2.20721817017, 1.75042271614, 1.75857520103, 1.28086280823, 1.44190716743, 0.981852591038, 1.06258547306, 0.987006485462, 0.941778421402, 0.921059370041, 1.10542464256, 1.08144104481, 0.836864113808, 0.442724227905, 0.134610325098, 0.0177840217948, 0.00100396689959, 7.97981774667e-05],
        "min": [2.05864332611e-21, 8.86767505019e-21, 3.82176151499e-20, 4.02060054772e-20, 4.33778004555e-20, 1.1676195891e-19, 2.35963583639e-19, 4.89531638665e-19, 3.1032019307e-19, 7.62377990896e-19, 1.03210158122e-18, 1.07587566904e-18, 1.17326067653e-18, 1.40160347104e-18, 2.80354629292e-18, 2.20131083051e-18, 7.04733976375e-18, 5.32079586327e-18, 6.21938201502e-18, 3.61227829627e-18, 1.10945839541e-17, 1.25887335294e-17, 6.36103959005e-18, 7.37980515864e-18, 1.54045448429e-17, 1.91273671427e-17, 1.87767186635e-17, 1.76705383022e-17, 2.38080414307e-17, 1.58239403027e-17, 2.27091286782e-17, 2.25673664648e-17, 1.80970177368e-17, 9.44925802283e-18, 7.13021333497e-18, 5.27107899973e-18, 2.70335921111e-18, 1.34400812576e-18, 3.98510183324e-19, 3.71304639492e-20],
        "var": [0.295708239079, 22.400850296, 38.6351013184, 110.468544006, 164.543869019, 582.028808594, 1678.85461426, 8684.04492188, 3483.42773438, 6954.60205078, 39656.3007812, 5274.44628906, 10450.3242188, 159.086242676, 370.030426025, 451.581634521, 517.046508789, 957.863769531, 59.29114151, 132.850738525, 181.198486328, 55.5576858521, 31.3785076141, 82.946434021, 101.441085815, 182.315216064, 297.197875977, 235.342819214, 319.104431152, 377.042663574, 579.014709473, 511.248138428, 829.258972168, 533.296142578, 217.763076782, 67.0290756226, 1.93694126606, 0.0195340495557, 0.000252921920037, 3.78132625656e-07]
    },
    "gfcc": {
        "mean": [-11.3826684952, 72.4101104736, -80.7836380005, 10.2184591293, -61.2574806213, 9.08601856232, -46.1537055969, 11.6431388855, -25.0771560669, 4.94725894928, -20.3932266235, -1.89710938931, -9.65365886688],
        "cov": [[14357.0898438, -544.58605957, 1592.15026855, 119.915397644, -326.83102417, 735.670898438, -283.334442139, 386.120330811, -349.371124268, 333.312072754, -255.634033203, 166.514007568, -273.290863037], [-544.58605957, 4306.14111328, -618.261230469, 221.683776855, 724.87286377, -336.248718262, 433.218597412, -83.4084091187, 441.537811279, -267.815612793, 308.938476562, -219.246185303, 249.208297729], [1592.15026855, -618.261230469, 1383.37634277, 99.1810455322, 228.136016846, 505.374969482, -46.6736373901, 304.058654785, -109.955116272, 223.922668457, -81.4066085815, 181.225280762, -51.3801727295], [119.915397644, 221.683776855, 99.1810455322, 488.626617432, 15.6047315598, 132.913589478, 119.177284241, 17.698513031, 103.248565674, -23.6149272919, 54.2486763, -16.7434825897, 78.9277420044], [-326.83102417, 724.87286377, 228.136016846, 15.6047315598, 506.038482666, 34.7974853516, 144.902175903, 96.8247451782, 51.3124504089, 30.1986541748, 50.9346809387, 29.4584445953, 31.7041606903], [735.670898438, -336.248718262, 505.374969482, 132.913589478, 34.7974853516, 418.145111084, 31.7893409729, 138.624938965, 5.31204795837, 79.5639953613, -41.8888626099, 41.8153991699, 1.12664783001], [-283.334442139, 433.218597412, -46.6736373901, 119.177284241, 144.902175903, 31.7893409729, 279.865631104, 39.4463500977, 136.068130493, -20.9697875977, 46.5270805359, -61.3855247498, 33.1869926453], [386.120330811, -83.4084091187, 304.058654785, 17.698513031, 96.8247451782, 138.624938965, 39.4463500977, 205.713058472, 10.6269855499, 78.1488418579, -17.0638942719, 31.5012683868, -8.07227516174], [-349.371124268, 441.537811279, -109.955116272, 103.248565674, 51.3124504089, 5.31204795837, 136.068130493, 10.6269855499, 187.707839966, -21.4073295593, 79.2083587646, -49.0250778198, 47.7064704895], [333.312072754, -267.815612793, 223.922668457, -23.6149272919, 30.1986541748, 79.5639953613, -20.9697875977, 78.1488418579, -21.4073295593, 152.329406738, 13.6329584122, 71.5172271729, -14.7270479202], [-255.634033203, 308.938476562, -81.4066085815, 54.2486763, 50.9346809387, -41.8888626099, 46.5270805359, -17.0638942719, 79.2083587646, 13.6329584122, 141.172698975, 16.4470405579, 47.6231269836], [166.514007568, -219.246185303, 181.225280762, -16.7434825897, 29.4584445953, 41.8153991699, -61.3855247498, 31.5012683868, -49.0250778198, 71.5172271729, 16.4470405579, 125.634292603, 13.5034093857], [-273.290863037, 249.208297729, -51.3801727295, 78.9277420044, 31.7041606903, 1.12664783001, 33.1869926453, -8.07227516174, 47.7064704895, -14.7270479202, 47.6231269836, 13.5034093857, 107.673942566]],
        "icov": [[0.000105229417386, -0.000106843828689, -7.68989484641e-05, -4.73557047371e-05, 0.000251634279266, -0.000112813380838, -1.89714937733e-05, -8.02499635029e-05, 0.000239058877924, -0.000170506900758, 6.37938646832e-05, -8.13075530459e-05, 0.000292052165605], [-0.000106843828689, 0.000716528622434, 5.92619799136e-05, 4.11446198996e-05, -0.00111580779776, 0.000434251938714, 0.000194890933926, 0.000117807430797, -0.000902624975424, 0.000792258710135, -0.000597977079451, 0.000876924837939, -0.000995900132693], [-7.68989484641e-05, 5.92619799136e-05, 0.00236023473553, -0.000421833916334, -0.00100570486393, -0.00179217325058, 0.000509814359248, -0.00118568551261, 0.000496688007843, -0.000649186375085, 0.000441106269136, -0.00146266748197, 0.000851472548675], [-4.73557047371e-05, 4.11446198996e-05, -0.000421833916334, 0.0030728590209, 0.00041478977073, -0.000729351886548, -0.000916320015676, 0.000452249631053, -0.000625430722721, 0.000897315039765, -0.000784944277257, 0.000273459940217, -0.00175465561915], [0.000251634279266, -0.00111580779776, -0.00100570486393, 0.00041478977073, 0.0048909089528, 9.01955718291e-05, -0.00220654043369, -0.000973536632955, 0.00181349879131, -0.000567060546018, -4.58507347503e-05, -0.00185391691048, 0.000975010101683], [-0.000112813380838, 0.000434251938714, -0.00179217325058, -0.000729351886548, 9.01955718291e-05, 0.00563083449379, -0.000407916581025, -0.000679769844282, -0.00156446697656, -1.60416730068e-05, 0.001069749007, 0.000892799173016, -0.00151681178249], [-1.89714937733e-05, 0.000194890933926, 0.000509814359248, -0.000916320015676, -0.00220654043369, -0.000407916581025, 0.00740443123505, -0.000765241566114, -0.0038383519277, -0.000208282188396, 0.000205865770113, 0.00256553990766, -1.04795853986e-05], [-8.02499635029e-05, 0.000117807430797, -0.00118568551261, 0.000452249631053, -0.000973536632955, -0.000679769844282, -0.000765241566114, 0.00894908793271, -0.00167894514743, -0.00268617062829, 0.00153649738058, 0.000652069051284, -0.000557982071768], [0.000239058877924, -0.000902624975424, 0.000496688007843, -0.000625430722721, 0.00181349879131, -0.00156446697656, -0.0038383519277, -0.00167894514743, 0.013654191047, -0.00103332090657, -0.00482979323715, 0.00254544918425, -0.000443169818027], [-0.000170506900758, 0.000792258710135, -0.000649186375085, 0.000897315039765, -0.000567060546018, -1.60416730068e-05, -0.000208282188396, -0.00268617062829, -0.00103332090657, 0.0131083652377, -0.00337746553123, -0.00416254904121, 0.00106254976708], [6.37938646832e-05, -0.000597977079451, 0.000441106269136, -0.000784944277257, -4.58507347503e-05, 0.001069749007, 0.000205865770113, 0.00153649738058, -0.00482979323715, -0.00337746553123, 0.0134969707578, -0.00407807109877, -0.00139435112942], [-8.13075530459e-05, 0.000876924837939, -0.00146266748197, 0.000273459940217, -0.00185391691048, 0.000892799173016, 0.00256553990766, 0.000652069051284, 0.00254544918425, -0.00416254904121, -0.00407807109877, 0.0174510274082, -0.00542169623077], [0.000292052165605, -0.000995900132693, 0.000851472548675, -0.00175465561915, 0.000975010101683, -0.00151681178249, -1.04795853986e-05, -0.000557982071768, -0.000443169818027, 0.00106254976708, -0.00139435112942, -0.00542169623077, 0.015354571864]]
    },
    "melbands": {
        "dmean": [0.00178949011024, 0.00151246495079, 0.000685657782014, 0.000451690633781, 0.000364529492799, 0.000294318626402, 0.000123825666378, 0.000195272106794, 0.00022821269522, 0.000145895057358, 0.000115695591376, 1.48694753079e-05, 1.5107985746e-05, 2.72334200417e-05, 1.6793856048e-05, 2.12503891817e-05, 1.66866266227e-05, 5.93722916165e-06, 5.6054441302e-06, 6.54700215819e-06, 7.19026638762e-06, 3.17926401294e-06, 2.77716526398e-06, 2.22576431952e-06, 2.52524409916e-06, 2.59040007222e-06, 1.8013972749e-06, 1.6393801161e-06, 2.97285168926e-06, 1.78633354153e-06, 2.27155851462e-06, 2.75718161902e-06, 2.38296047428e-06, 3.07266327582e-06, 3.68853739019e-06, 3.88659236705e-06, 3.72819840777e-06, 5.08044831804e-06, 5.86599935559e-06, 5.90382478549e-06],
        "dmean2": [0.00269001349807, 0.00229044794105, 0.00120988383424, 0.000753877509851, 0.00058019318385, 0.000418838491896, 0.000185421595233, 0.000277481420198, 0.000331546907546, 0.000209971956792, 0.000163865639479, 2.36704563576e-05, 2.43401627813e-05, 4.55377739854e-05, 2.78377156064e-05, 3.50413829437e-05, 2.75287547993e-05, 9.88766714727e-06, 9.47896660364e-06, 1.12562875074e-05, 1.22085948533e-05, 5.1953475122e-06, 4.50706420452e-06, 3.76643333766e-06, 4.26444648838e-06, 4.24101199314e-06, 2.90563025374e-06, 2.58307932199e-06, 4.99185262015e-06, 2.76606965599e-06, 3.59312730325e-06, 4.32750039181e-06, 3.75361992155e-06, 4.94437017551e-06, 5.72576936975e-06, 5.8832074501e-06, 5.84563713346e-06, 7.85803513281e-06, 9.20804359339e-06, 9.21560877032e-06],
        "dvar": [2.24559626076e-05, 1.39835656228e-05, 4.40893472842e-06, 1.84504392564e-06, 7.48503964587e-07, 8.23984180442e-07, 1.19310939795e-07, 4.31419351798e-07, 5.71846499042e-07, 1.19225560979e-07, 1.00183711993e-07, 1.13450737693e-09, 2.89590462721e-09, 3.7268281794e-09, 2.04813144222e-09, 2.42148523455e-09, 2.26320673313e-09, 8.91177409645e-11, 1.61533120213e-10, 3.54449136708e-10, 2.30844204863e-10, 2.81973489696e-11, 2.97677923977e-11, 2.06171867773e-11, 4.51236062404e-11, 4.16041021079e-11, 2.55192499077e-11, 2.56033423629e-11, 9.32890223404e-11, 2.41177390559e-11, 7.10365308243e-11, 5.08259163923e-11, 4.22714224735e-11, 7.65766755562e-11, 1.20204179943e-10, 1.36382627414e-10, 1.01782367257e-10, 2.16668974429e-10, 2.12522263676e-10, 1.95231317224e-10],
        "dvar2": [4.92438739457e-05, 3.03527594951e-05, 1.23468480524e-05, 4.71562816529e-06, 1.9675819658e-06, 1.70702082869e-06, 2.24755055456e-07, 9.0244969897e-07, 1.22223036669e-06, 2.24016645234e-07, 1.86866017771e-07, 2.75904410429e-09, 5.75158942695e-09, 1.01449728618e-08, 4.92306506672e-09, 6.05905770001e-09, 5.68719027427e-09, 2.27621393956e-10, 4.3708178743e-10, 9.66807967018e-10, 6.14284567657e-10, 7.52221548939e-11, 7.16472783879e-11, 5.55161958071e-11, 1.25956592378e-10, 1.06800047972e-10, 6.12736458794e-11, 4.77217709793e-11, 2.47898507277e-10, 5.66673097335e-11, 1.92905219576e-10, 1.18722892628e-10, 1.00180710949e-10, 1.71792483017e-10, 2.72746852881e-10, 2.89744034321e-10, 2.24573470931e-10, 5.14281228714e-10, 4.87585471998e-10, 4.23174550956e-10],
        "max": [0.0529665797949, 0.0405052602291, 0.0286502558738, 0.0135038364679, 0.0178959816694, 0.0323700979352, 0.0169547963887, 0.0149264894426, 0.0187208652496, 0.00985497329384, 0.0103909568861, 0.00166316411924, 0.00393587257713, 0.00110740459058, 0.00127960392274, 0.00185227871407, 0.00217239651829, 0.000202495721169, 0.000321182858897, 0.000220949252252, 0.000255179125816, 9.20187376323e-05, 0.000133036824991, 5.86866917729e-05, 0.000354758230969, 0.000274036981864, 0.000356850825483, 0.000427153077908, 0.000656912045088, 0.000165302859386, 0.000655678799376, 9.83646168606e-05, 0.00016273802612, 0.000150020918227, 0.000208071403904, 0.00018809249741, 0.00014810502762, 0.000517090549693, 0.00026150708436, 0.000221236943617],
        "mean": [0.00236615398899, 0.00213103671558, 0.000970059656538, 0.000681289529894, 0.000789087906014, 0.0008158122655, 0.000311674404657, 0.000397813681047, 0.000441675016191, 0.00027477851836, 0.000216046988498, 2.46079434874e-05, 2.18549503188e-05, 3.74674600607e-05, 2.33396385738e-05, 2.99037965306e-05, 2.2868392989e-05, 9.3221442512e-06, 8.78031096363e-06, 8.17714317236e-06, 9.81431912805e-06, 5.59039563086e-06, 4.34246248915e-06, 3.23769017996e-06, 3.70198813471e-06, 4.2513529479e-06, 3.17033186548e-06, 2.8535337151e-06, 4.50460811408e-06, 2.83953409053e-06, 3.4376369058e-06, 4.00415956392e-06, 3.74225555788e-06, 4.23755955126e-06, 4.71243129141e-06, 5.15114106747e-06, 4.88448131364e-06, 6.66313144393e-06, 7.45263105273e-06, 7.71998202254e-06],
        "median": [0.000531856785528, 0.000848170486279, 0.000503546558321, 0.000343097111909, 0.000387098698411, 0.000291318836389, 0.000110872540972, 8.32542573335e-05, 8.37730767671e-05, 8.68218339747e-05, 5.59209365747e-05, 1.34334004542e-05, 7.50135313865e-06, 1.36481703521e-05, 6.28745056019e-06, 1.06931765913e-05, 7.49539867684e-06, 5.73439592699e-06, 4.48597165814e-06, 3.84629038308e-06, 5.06452033733e-06, 2.82142082142e-06, 1.93578671315e-06, 1.6011695152e-06, 1.14534725526e-06, 1.35573350235e-06, 7.68321797295e-07, 7.68965605857e-07, 9.17544014101e-07, 5.40843643648e-07, 5.23119467744e-07, 5.54266989639e-07, 5.36818447472e-07, 5.37447931492e-07, 5.36189304512e-07, 4.98504618918e-07, 5.59612601592e-07, 7.30728800136e-07, 8.33072988371e-07, 9.07925027605e-07],
        "min": [1.56360135801e-23, 1.63801082067e-23, 7.04462570238e-24, 5.48995992961e-24, 8.25020080306e-24, 1.01887483804e-23, 5.52505122369e-24, 8.23932951092e-24, 9.98629985086e-24, 6.56691047084e-24, 5.88262491152e-24, 5.14896375928e-24, 9.3193218998e-24, 5.6425090626e-24, 1.12715286037e-23, 1.2326649786e-23, 1.05162116419e-23, 1.2498549677e-23, 4.12730921206e-24, 5.18954670855e-24, 1.62403567642e-23, 1.44664752233e-23, 9.19924149281e-24, 3.48107317522e-24, 5.28139378374e-24, 1.29206699362e-23, 9.81159713707e-24, 1.34212723892e-23, 1.19296989228e-23, 1.1090042475e-23, 9.45442379615e-24, 1.36463959366e-23, 1.07213983077e-23, 8.43263987575e-24, 1.17082656667e-23, 1.82025330922e-23, 1.12379854492e-23, 1.23754621322e-23, 1.0523572503e-23, 6.75048077006e-24],
        "var": [2.88552819256e-05, 1.71219435288e-05, 3.16701880365e-06, 1.58241482495e-06, 1.84903842637e-06, 4.03938247473e-06, 7.53710423851e-07, 1.46134686929e-06, 1.84462783182e-06, 3.1777912568e-07, 2.54470080563e-07, 2.01995287163e-09, 7.23960047466e-09, 4.68816052646e-09, 3.46507178506e-09, 3.5742779847e-09, 3.33098837402e-09, 1.44960002335e-10, 2.12440093295e-10, 2.79866546604e-10, 2.55035437213e-10, 5.92478704986e-11, 4.76785798342e-11, 2.38763401411e-11, 6.86617845913e-11, 8.20424075898e-11, 8.85030729258e-11, 6.9366248856e-11, 1.59706511904e-10, 5.49754790302e-11, 1.06647447817e-10, 1.08087955253e-10, 9.71626529234e-11, 1.38174971465e-10, 1.82935333548e-10, 2.39219116738e-10, 1.80566034347e-10, 4.33617169948e-10, 3.97523319817e-10, 3.92704035956e-10]
    },
    "mfcc": {
        "mean": [-668.114685059, 120.737205505, 26.2769298553, 8.24520301819, 7.42551851273, -5.24809885025, -5.30609130859, -4.70504665375, 1.4127613306, 1.52806246281, 0.125307306647, -2.52576327324, -4.41179704666],
        "cov": [[7113.77441406, -773.983032227, 1180.87316895, -148.590179443, 126.382637024, 220.492462158, 157.444351196, 48.352596283, 25.1551818848, 27.4026012421, 141.986282349, 79.2099609375, -43.8003044128], [-773.983032227, 3339.45166016, -571.463012695, 487.562408447, 324.74105835, 8.38120555878, 114.815551758, 143.737472534, 111.24432373, 91.6193237305, 28.8139152527, 52.7537727356, 110.502090454], [1180.87316895, -571.463012695, 979.562194824, -93.1846618652, 228.911254883, 180.298858643, 146.963912964, 102.41658783, 119.318092346, 41.4636459351, 81.0702438354, 30.3769340515, 13.5124530792], [-148.590179443, 487.562408447, -93.1846618652, 383.007659912, 46.9688796997, 53.1467056274, 36.8755607605, 61.1805686951, 42.9189682007, 42.973690033, 22.8772926331, 23.099155426, 14.0635948181], [126.382637024, 324.74105835, 228.911254883, 46.9688796997, 321.262420654, 74.1503829956, 122.98223114, 70.4283294678, 71.1550064087, 18.4119796753, 36.3584594727, 18.8746757507, 35.4497528076], [220.492462158, 8.38120555878, 180.298858643, 53.1467056274, 74.1503829956, 200.823852539, 72.680305481, 71.5769424438, 61.8173751831, 34.6053543091, 39.4679145813, 24.8581104279, -3.23040676117], [157.444351196, 114.815551758, 146.963912964, 36.8755607605, 122.98223114, 72.680305481, 169.125778198, 69.2513961792, 76.6790542603, 45.9467697144, 48.2257041931, 24.8335704803, 8.44574546814], [48.352596283, 143.737472534, 102.41658783, 61.1805686951, 70.4283294678, 71.5769424438, 69.2513961792, 138.193984985, 80.5372695923, 50.3172225952, 42.4765510559, 17.4572257996, -0.626425862312], [25.1551818848, 111.24432373, 119.318092346, 42.9189682007, 71.1550064087, 61.8173751831, 76.6790542603, 80.5372695923, 146.480880737, 72.752204895, 49.0230827332, 20.4696712494, -7.76220941544], [27.4026012421, 91.6193237305, 41.4636459351, 42.973690033, 18.4119796753, 34.6053543091, 45.9467697144, 50.3172225952, 72.752204895, 109.973556519, 63.7155685425, 20.9243335724, -13.7797260284], [141.986282349, 28.8139152527, 81.0702438354, 22.8772926331, 36.3584594727, 39.4679145813, 48.2257041931, 42.4765510559, 49.0230827332, 63.7155685425, 109.48097229, 52.3570098877, 7.86533069611], [79.2099609375, 52.7537727356, 30.3769340515, 23.099155426, 18.8746757507, 24.8581104279, 24.8335704803, 17.4572257996, 20.4696712494, 20.9243335724, 52.3570098877, 98.3059234619, 56.5629882812], [-43.8003044128, 110.502090454, 13.5124530792, 14.0635948181, 35.4497528076, -3.23040676117, 8.44574546814, -0.626425862312, -7.76220941544, -13.7797260284, 7.86533069611, 56.5629882812, 119.377296448]],
