{
"lowlevel": {
    "average_loudness": 0.935282945633,
    "barkbands_crest": {
        "dmean": 1.86521697044,
        "dmean2": 2.80975008011,
        "dvar": 3.5338704586,
        "dvar2": 8.53128242493,
        "max": 26.7316169739,
        "mean": 9.74650669098,
        "median": 9.224568367,
        "min": 3.08176827431,
        "var": 11.6769714355
    },
    "barkbands_flatness_db": {
        "dmean": 0.0143220210448,
        "dmean2": 0.0211693774909,
        "dvar": 0.000206484954106,
        "dvar2": 0.000466730125481,
        "max": 0.436478972435,
        "mean": 0.189453750849,
        "median": 0.17827577889,
        "min": 0.062543310225,
        "var": 0.00247974204831
    },
    "barkbands_kurtosis": {
        "dmean": 1.38189637661,
        "dmean2": 2.09585809708,
        "dvar": 6.76511573792,
        "dvar2": 14.2466440201,
        "max": 183.794418335,
        "mean": 1.88575649261,
        "median": 0.664225578308,
        "min": -1.88794755936,
        "var": 42.5981788635
    },
    "barkbands_skewness": {
        "dmean": 0.366612493992,
        "dmean2": 0.541226089001,
        "dvar": 0.115311443806,
        "dvar2": 0.243187084794,
        "max": 13.4913911819,
        "mean": 1.13039290905,
        "median": 1.06889939308,
        "min": -5.54112768173,
        "var": 0.926919460297
    },
    "barkbands_spread": {
        "dmean": 3.47923469543,
        "dmean2": 5.27791309357,
        "dvar": 11.3256368637,
        "dvar2": 27.4489345551,
        "max": 51.8359375,
        "mean": 18.6467380524,
        "median": 18.8408985138,
        "min": 0.93872833252,
        "var": 64.1147384644
    },
    "dissonance": {
        "dmean": 0.0223268903792,
        "dmean2": 0.0364499352872,
        "dvar": 0.000439936819021,
        "dvar2": 0.00119011546485,
        "max": 0.4998087883,
        "mean": 0.427196890116,
        "median": 0.434151798487,
        "min": 0.223074257374,
        "var": 0.00148107425775
    },
    "dynamic_complexity": 1.84922218323,
    "erbbands_crest": {
        "dmean": 3.23443984985,
        "dmean2": 5.03410625458,
        "dvar": 8.59159183502,
        "dvar2": 20.007068634,
        "max": 31.4680309296,
        "mean": 11.6274528503,
        "median": 10.2080411911,
        "min": 2.46697497368,
        "var": 28.2350311279
    },
    "erbbands_flatness_db": {
        "dmean": 0.0150581933558,
        "dmean2": 0.0223423019052,
        "dvar": 0.000195864864509,
        "dvar2": 0.00043619479402,
        "max": 0.500206768513,
        "mean": 0.221692159772,
        "median": 0.214417994022,
        "min": 0.038257855922,
        "var": 0.00180228007957
    },
    "erbbands_kurtosis": {
        "dmean": 0.957196831703,
        "dmean2": 1.44900715351,
        "dvar": 2.54288387299,
        "dvar2": 5.0128288269,
        "max": 85.3078079224,
        "mean": 0.617980837822,
        "median": -0.0634362697601,
        "min": -1.77497458458,
        "var": 8.56105518341
    },
    "erbbands_skewness": {
        "dmean": 0.358542412519,
        "dmean2": 0.530390799046,
        "dvar": 0.0947632864118,
        "dvar2": 0.210925191641,
        "max": 4.00504589081,
        "mean": 0.0597851723433,
        "median": 0.107605338097,
        "min": -6.8805603981,
        "var": 0.53299254179
    },
    "erbbands_spread": {
        "dmean": 5.63288211823,
        "dmean2": 8.62501907349,
        "dvar": 25.7664794922,
        "dvar2": 60.2770271301,
        "max": 85.8503112793,
        "mean": 28.7375354767,
        "median": 28.4141902924,
        "min": 0.732475340366,
        "var": 121.508674622
    },
    "hfc": {
        "dmean": 5.42514753342,
        "dmean2": 8.24815177917,
        "dvar": 37.8637962341,
        "dvar2": 89.5874176025,
        "max": 109.653533936,
        "mean": 23.2337970734,
        "median": 21.312412262,
        "min": 1.14733021456e-16,
        "var": 198.647018433
    },
    "melbands_crest": {
        "dmean": 2.16809034348,
        "dmean2": 3.1760392189,
        "dvar": 4.45006275177,
        "dvar2": 10.5183963776,
        "max": 39.7396659851,
        "mean": 13.1286973953,
        "median": 12.3986940384,
        "min": 1.54849970341,
        "var": 19.244228363
    },
    "melbands_flatness_db": {
        "dmean": 0.0144644426182,
        "dmean2": 0.0209096893668,
        "dvar": 0.000241191126406,
        "dvar2": 0.000551462522708,
        "max": 0.491491496563,
        "mean": 0.245024383068,
        "median": 0.229944840074,
        "min": 0.00182489864528,
        "var": 0.00396821089089
    },
    "melbands_kurtosis": {
        "dmean": 2.70608782768,
        "dmean2": 4.13245868683,
        "dvar": 21.1429538727,
        "dvar2": 46.3605155945,
        "max": 268.848571777,
        "mean": 5.93583393097,
        "median": 3.88386440277,
        "min": -1.82279121876,
        "var": 113.624847412
    },
    "melbands_skewness": {
        "dmean": 0.457561671734,
        "dmean2": 0.674284815788,
        "dvar": 0.178079590201,
        "dvar2": 0.389442712069,
        "max": 15.9051322937,
        "mean": 1.90268397331,
        "median": 1.8373786211,
        "min": -3.51624131203,
        "var": 1.29911744595
    },
    "melbands_spread": {
        "dmean": 4.7314786911,
        "dmean2": 7.17729330063,
        "dvar": 24.4523620605,
        "dvar2": 57.2630462646,
        "max": 162.208190918,
        "mean": 22.8431968689,
        "median": 22.3461055756,
        "min": 1.17893457413,
        "var": 129.599349976
    },
    "pitch_salience": {
        "dmean": 0.0513107031584,
        "dmean2": 0.0771378800273,
        "dvar": 0.00194225111045,
        "dvar2": 0.00450808089226,
        "max": 0.95659917593,
        "mean": 0.470892518759,
        "median": 0.464748889208,
        "min": 0.0122448941693,
        "var": 0.00855418853462
    },
    "silence_rate_20dB": {
        "dmean": 0,
        "dmean2": 0,
        "dvar": 0,
        "dvar2": 0,
        "max": 1,
        "mean": 1,
        "median": 1,
        "min": 1,
        "var": 0
    },
    "silence_rate_30dB": {
        "dmean": 0,
        "dmean2": 0,
        "dvar": 0,
        "dvar2": 0,
        "max": 1,
        "mean": 1,
        "median": 1,
        "min": 1,
        "var": 0
    },
    "silence_rate_60dB": {
        "dmean": 0.00118156755343,
        "dmean2": 0.00236329017207,
        "dvar": 0.00118028116412,
        "dvar2": 0.00248854118399,
        "max": 1,
        "mean": 0.0141778802499,
        "median": 0,
        "min": 0,
        "var": 0.0139761511236
    },
    "spectral_centroid": {
        "dmean": 171.698059082,
        "dmean2": 264.055480957,
        "dvar": 34419.234375,
        "dvar2": 78326.2421875,
        "max": 11228.78125,
        "mean": 1167.41052246,
        "median": 1210.34216309,
        "min": 219.24949646,
        "var": 236325.671875
    },
    "spectral_complexity": {
        "dmean": 1.87987399101,
        "dmean2": 3.11100888252,
        "dvar": 2.84060168266,
        "dvar2": 7.46773767471,
        "max": 35,
        "mean": 16.4790287018,
        "median": 16,
        "min": 0,
        "var": 16.9067173004
    },
    "spectral_decrease": {
        "dmean": 1.34367394988e-09,
        "dmean2": 1.92450411163e-09,
        "dvar": 1.72835573622e-18,
        "dvar2": 4.19536328674e-18,
        "max": -1.3751618878e-28,
        "mean": -7.9935729147e-09,
        "median": -8.08476219305e-09,
        "min": -2.07224744031e-08,
        "var": 1.31256887251e-17
    },
    "spectral_energy": {
        "dmean": 0.00546340737492,
        "dmean2": 0.00787328649312,
        "dvar": 2.8368051062e-05,
        "dvar2": 6.88467916916e-05,
        "max": 0.0844892859459,
        "mean": 0.0322769321501,
        "median": 0.0325466133654,
        "min": 1.09256511388e-20,
        "var": 0.000210366109968
    },
    "spectral_energyband_high": {
        "dmean": 0.000107886837213,
        "dmean2": 0.000175387918716,
        "dvar": 3.82255898046e-08,
        "dvar2": 9.80277690132e-08,
        "max": 0.00327976094559,
        "mean": 0.000315688259434,
        "median": 0.000211644437513,
        "min": 8.08059169471e-21,
        "var": 1.07694923202e-07
    },
    "spectral_energyband_low": {
        "dmean": 0.00208007032052,
        "dmean2": 0.00257022329606,
        "dvar": 9.47551325226e-06,
        "dvar2": 2.09226764127e-05,
        "max": 0.0550408102572,
        "mean": 0.00954042281955,
        "median": 0.00705170352012,
        "min": 8.03643527496e-23,
        "var": 8.56942278915e-05
    },
    "spectral_energyband_middle_high": {
        "dmean": 0.00328580546193,
        "dmean2": 0.0050350939855,
        "dvar": 1.93213290913e-05,
        "dvar2": 4.60342453152e-05,
        "max": 0.0728464201093,
        "mean": 0.00937896501273,
        "median": 0.00721270870417,
        "min": 1.73213538778e-21,
        "var": 6.63020837237e-05
    },
    "spectral_energyband_middle_low": {
        "dmean": 0.00326825957745,
        "dmean2": 0.0044036465697,
        "dvar": 1.14523281809e-05,
        "dvar2": 2.35960342252e-05,
        "max": 0.0663866251707,
        "mean": 0.0159515663981,
        "median": 0.0151360053569,
        "min": 4.05444011076e-22,
        "var": 7.55471555749e-05
    },
    "spectral_entropy": {
        "dmean": 0.119355328381,
        "dmean2": 0.182518541813,
        "dvar": 0.0206505451351,
        "dvar2": 0.0521785356104,
        "max": 9.80595016479,
        "mean": 6.69979953766,
        "median": 6.71825265884,
        "min": 4.8435087204,
        "var": 0.110655553639
    },
    "spectral_flux": {
        "dmean": 0.0156231271103,
        "dmean2": 0.0263723060489,
        "dvar": 0.000225281808525,
        "dvar2": 0.00059906457318,
        "max": 0.179343447089,
        "mean": 0.0601411759853,
        "median": 0.0583407133818,
        "min": 1.04525839373e-10,
        "var": 0.000557171879336
    },
    "spectral_kurtosis": {
        "dmean": 4.05833768845,
        "dmean2": 7.09832620621,
        "dvar": 26.9093036652,
        "dvar2": 76.3622436523,
        "max": 115.163864136,
        "mean": 9.91241645813,
        "median": 6.64916324615,
        "min": -1.20196044445,
        "var": 100.438102722
    },
    "spectral_rms": {
        "dmean": 0.000476758257719,
        "dmean2": 0.000684242404532,
        "dvar": 1.9295343634e-07,
        "dvar2": 4.60099983002e-07,
        "max": 0.00907901860774,
        "mean": 0.00542348995805,
        "median": 0.00563496164978,
        "min": 3.26483870321e-12,
        "var": 2.0755519472e-06
    },
    "spectral_rolloff": {
        "dmean": 304.517486572,
        "dmean2": 537.252990723,
        "dvar": 187336.984375,
        "dvar2": 440707.90625,
        "max": 19099.9511719,
        "mean": 1307.94543457,
        "median": 1313.52539062,
        "min": 21.533203125,
        "var": 468434.6875
    },
    "spectral_skewness": {
        "dmean": 0.348970681429,
        "dmean2": 0.604644834995,
        "dvar": 0.12437312305,
        "dvar2": 0.35530975461,
        "max": 8.18338489532,
        "mean": 2.0081448555,
        "median": 1.76282322407,
        "min": 0.0104232020676,
        "var": 0.6934030056
    },
    "spectral_spread": {
        "dmean": 239863.8125,
        "dmean2": 400891,
        "dvar": 132014342144,
        "dvar2": 241874518016,
        "max": 39929240,
        "mean": 2798890.25,
        "median": 2866969.25,
        "min": 694293.9375,
        "var": 665935872000
    },
    "spectral_strongpeak": {
        "dmean": 0.87435567379,
        "dmean2": 1.48367834091,
        "dvar": 2.80045104027,
        "dvar2": 6.63584947586,
        "max": 20.0388507843,
        "mean": 1.67428648472,
        "median": 0.756407558918,
        "min": 0,
        "var": 4.56083488464
    },
    "zerocrossingrate": {
        "dmean": 0.00550987944007,
        "dmean2": 0.00671515753493,
        "dvar": 3.79263874493e-05,
        "dvar2": 6.19627535343e-05,
        "max": 0.5078125,
        "mean": 0.0496937297285,
        "median": 0.05078125,
        "min": 0,
        "var": 0.00040286721196
    },
    "barkbands": {
        "dmean": [8.49462867336e-06, 0.000229175857385, 0.00127537571825, 0.00101821508724, 0.00119213270955, 0.0010366482893, 0.000544385402463, 0.000691206892952, 0.000490745704155, 0.000977557036094, 0.00145933660679, 0.000169584789546, 0.000516261323355, 0.000866023008712, 0.000339544465533, 0.000560728018172, 0.000558255298529, 0.00022595693008, 0.000236709063756, 0.000166970392456, 3.24009342876e-05, 3.38680692948e-05, 1.81269333552e-05, 1.62876694958e-05, 8.16567535367e-06, 1.3359760942e-06, 1.12561245658e-07],
        "dmean2": [1.48138278746e-05, 0.000263223133516, 0.00159424648155, 0.00130119733512, 0.00151141837705, 0.00131883157883, 0.000691774999723, 0.000848138763104, 0.00068781466689, 0.0014071156038, 0.00228492333554, 0.000284182868199, 0.000786010990851, 0.0013466316741, 0.000529206474312, 0.000924232765101, 0.000902801693883, 0.000372236070689, 0.000395979441237, 0.000283524219412, 5.50839613425e-05, 5.55277074454e-05, 2.8941052733e-05, 2.34733670368e-05, 1.28249803311e-05, 2.06616846299e-06, 1.85677663467e-07],
        "dvar": [3.32940092163e-10, 2.37939985936e-07, 4.97729843119e-06, 3.29022304868e-06, 3.10328573505e-06, 2.91688684229e-06, 6.75579769904e-07, 1.88577575955e-06, 9.26786754007e-07, 2.82883070213e-06, 1.53449327627e-05, 1.95157724647e-07, 2.02065007215e-06, 3.34134233526e-06, 9.86464783637e-07, 2.52026438829e-06, 1.47126456795e-06, 3.03143480096e-07, 1.436479522e-07, 1.03323536393e-07, 3.24180104982e-09, 9.1528766788e-09, 3.89070287099e-09, 3.36088867847e-09, 1.46256862177e-09, 1.60993426923e-10, 4.00699032331e-13],
        "dvar2": [9.50950207468e-10, 3.61492254797e-07, 1.29680402097e-05, 5.79671086598e-06, 7.24866276869e-06, 5.73661691305e-06, 1.26824352265e-06, 2.85594660454e-06, 2.03739409699e-06, 6.05300374446e-06, 3.66900203517e-05, 5.29292833562e-07, 4.3972727326e-06, 6.97013501849e-06, 2.18857417167e-06, 6.1065279624e-06, 3.61800471183e-06, 7.22065749414e-07, 3.79254544214e-07, 2.81758218534e-07, 8.89200979515e-09, 2.28838814564e-08, 9.47918721295e-09, 6.50442855132e-09, 3.44835204835e-09, 3.30824562189e-10, 9.01856117997e-13],
        "max": [0.000392552348785, 0.011224726215, 0.0459703952074, 0.026452254504, 0.0464856401086, 0.0466416627169, 0.0163302775472, 0.0506843663752, 0.018468465656, 0.0301335602999, 0.0587583296001, 0.0127741992474, 0.0541071258485, 0.0442967303097, 0.0374289341271, 0.0489943213761, 0.0293552372605, 0.0315414220095, 0.0116044608876, 0.00910293310881, 0.00127830798738, 0.00238390942104, 0.00137486204039, 0.000902672531083, 0.000712556997314, 0.000598480226472, 3.11087569571e-05],
        "mean": [8.25438200991e-06, 0.000900182290934, 0.00646055117249, 0.00330650457181, 0.00433223694563, 0.00275867502205, 0.00139844510704, 0.00179340259638, 0.000985530088656, 0.00180265633389, 0.00231379712932, 0.000248537369771, 0.000871011754498, 0.00148112012539, 0.000608911854215, 0.00101491867099, 0.000757160014473, 0.000348289322574, 0.000368813285604, 0.000276733975625, 6.12471121713e-05, 7.30620595277e-05, 4.34445573774e-05, 3.72300601157e-05, 2.37002368522e-05, 2.41455654759e-06, 1.40413916938e-07],
        "median": [2.88872956844e-06, 4.01043580496e-05, 0.003600504715, 0.00221014791168, 0.00304873008281, 0.00170666491613, 0.000901664257981, 0.000732454063836, 0.000439650146291, 0.000844454625621, 0.000523284950759, 0.000102329540823, 0.000176668661879, 0.000352737348294, 0.000152344015078, 0.000153221262735, 0.00017373324954, 0.000132596222102, 0.000180420538527, 0.000127589461044, 3.39138387062e-05, 3.385448872e-05, 1.12181978693e-05, 7.38669859857e-06, 1.28015312839e-06, 3.01675896708e-07, 7.43651717983e-09],
        "min": [1.62903800119e-24, 1.97658029709e-23, 3.21780717752e-23, 3.92093215521e-23, 5.10860453096e-23, 7.99415801024e-23, 7.67056411147e-23, 9.40769072949e-23, 5.40411371932e-23, 7.27052454228e-23, 4.20969216521e-23, 6.421181987e-23, 1.75014774544e-22, 8.35537931201e-23, 1.17391173856e-22, 1.56676522667e-22, 1.45796553062e-22, 2.71428887375e-22, 3.6026058278e-22, 4.05490332989e-22, 3.35869609436e-22, 7.10317874529e-22, 6.48843017036e-22, 9.48370751202e-22, 1.47790094184e-21, 1.53684674914e-21, 2.39427004212e-21],
        "var": [3.33010979903e-10, 3.38889958584e-06, 5.21469119121e-05, 1.48493536472e-05, 1.94046915567e-05, 1.13963369586e-05, 2.74245121545e-06, 1.20703925859e-05, 2.45333694693e-06, 7.06712307874e-06, 3.09358911181e-05, 2.97831434182e-07, 5.20761568623e-06, 1.00505076261e-05, 2.78925176644e-06, 8.07325068308e-06, 2.22851645049e-06, 5.41941403753e-07, 2.39875248553e-07, 1.81183693826e-07, 6.79932110614e-09, 1.67550613384e-08, 1.21957910437e-08, 8.16976708506e-09, 5.23253618212e-09, 2.84377299486e-10, 6.44701252019e-13]
    },
    "erbbands": {
        "dmean": [0.00137994578108, 0.0853730142117, 1.08366787434, 2.98290848732, 3.14968085289, 3.88389277458, 4.73585319519, 9.65043735504, 11.4462423325, 11.9876642227, 11.3642072678, 13.2988710403, 33.2426452637, 23.017742157, 51.4261322021, 9.53141307831, 25.8760948181, 46.4642791748, 16.3146381378, 28.4804401398, 31.0494403839, 15.8004245758, 11.1011991501, 17.9071025848, 4.76030540466, 9.51680278778, 1.43125140667, 1.26405692101, 1.10640513897, 1.1509925127, 0.34101998806, 0.444645851851, 0.166773661971, 0.159167736769, 0.0150429261848, 0.00777371879667, 0.00188580714166, 0.000166031182744, 2.03624458663e-05, 7.27625774744e-06],
        "dmean2": [0.00175688310992, 0.101943455637, 1.38890874386, 3.65288281441, 3.63525605202, 5.32603740692, 6.63956403732, 12.5825376511, 13.6097898483, 15.5939702988, 14.1573123932, 18.5894603729, 47.3843727112, 35.1459274292, 81.6198730469, 15.3566875458, 39.7925643921, 71.7789535522, 24.7171649933, 45.9938468933, 49.6643981934, 25.8255825043, 18.2335891724, 30.0279331207, 7.64708518982, 16.1603183746, 2.4103910923, 2.11077785492, 1.82427227497, 1.8819848299, 0.554736793041, 0.638439774513, 0.250634729862, 0.249763146043, 0.0237954370677, 0.0117508564144, 0.00304240081459, 0.000266207352979, 3.32197778334e-05, 1.06790139398e-05],
        "dvar": [6.45153568257e-06, 0.0279468297958, 4.09104299545, 23.9524288177, 24.711774826, 58.1448249817, 49.1010665894, 316.954040527, 398.989440918, 644.901184082, 509.910522461, 638.617248535, 2882.61157227, 3772.82373047, 14621.2402344, 485.408203125, 5003.34228516, 9126.13476562, 1568.92700195, 5337.58544922, 3477.36303711, 1063.64575195, 1191.44812012, 1086.79431152, 88.7977828979, 346.3543396, 7.17963552475, 6.46812582016, 10.5012521744, 7.31926393509, 1.47731935978, 2.4238243103, 0.365092813969, 0.591555953026, 0.0118606518954, 0.00876108650118, 0.00012975554273, 7.04362037141e-07, 9.65055857449e-09, 7.56259499468e-11],
        "dvar2": [1.24888529172e-05, 0.0551567822695, 11.9591550827, 38.5809631348, 41.5328979492, 152.877639771, 118.179092407, 659.622253418, 682.170043945, 950.338256836, 926.359985352, 1412.67321777, 5670.26318359, 9405.03515625, 35324.2851562, 1274.93530273, 11151.3222656, 18794.4570312, 3264.93457031, 12486.8076172, 8269.83984375, 2698.32543945, 2822.43212891, 2807.78686523, 229.444900513, 946.045288086, 19.0445213318, 17.262878418, 26.0996055603, 18.260761261, 3.79616308212, 4.50261831284, 0.85040807724, 1.4023501873, 0.0261385776103, 0.0172667615116, 0.000318913080264, 1.54579709033e-06, 2.47493741057e-08, 1.76154341114e-10],
        "max": [0.0548029579222, 3.54225635529, 42.4285202026, 88.9089889526, 175.112792969, 231.67628479, 189.005996704, 560.656494141, 420.153533936, 1024.83740234, 686.717712402, 488.14163208, 1117.70629883, 1201.96899414, 1862.38952637, 654.052062988, 2722.73535156, 2340.89355469, 1483.22302246, 2575.28442383, 1412.96398926, 1208.2857666, 2165.51196289, 1615.27001953, 200.729492188, 572.196899414, 62.6986122131, 65.3798904419, 85.4712219238, 56.6179275513, 48.3545036316, 24.9647483826, 18.7989253998, 14.6897764206, 6.8111538887, 4.81668901443, 0.41510862112, 0.0491888895631, 0.00377696380019, 0.000217407025048],
        "mean": [0.00555424578488, 0.349643409252, 4.97787427902, 12.2487783432, 10.7481403351, 13.652718544, 15.9934988022, 24.4362754822, 29.3094902039, 30.9227218628, 28.4261264801, 27.7065505981, 64.2635040283, 39.9310951233, 83.6884689331, 17.0343532562, 44.2194709778, 81.851234436, 32.1980743408, 54.0636978149, 53.3347892761, 23.8395633698, 18.6271533966, 29.7531318665, 8.92722511292, 15.9841222763, 3.099350214, 2.67048239708, 2.31790781021, 2.59403991699, 0.815717637539, 1.04602193832, 0.388652056456, 0.460904657841, 0.0406618416309, 0.0150599209592, 0.0031258626841, 0.000329212925863, 4.20665819547e-05, 3.97461371904e-05],
        "median": [0.00246134633198, 0.140785649419, 3.60688352585, 6.88124799728, 4.79499053955, 8.64035606384, 11.9105396271, 13.9300441742, 16.2829208374, 13.5972480774, 12.7652444839, 15.3543767929, 32.8813247681, 15.8358926773, 20.3079452515, 8.42557621002, 11.5774383545, 24.0769996643, 15.8059425354, 10.8479938507, 19.1472969055, 9.39899730682, 7.78190040588, 14.9920358658, 5.25770902634, 7.65055751801, 2.09081149101, 1.25794899464, 1.16870999336, 1.0147241354, 0.404379010201, 0.205243602395, 0.0869790762663, 0.0214584842324, 0.00769540807232, 0.00220338930376, 0.000521467474755, 7.18554874766e-05, 2.24954274017e-05, 3.91923385905e-05],
        "min": [7.5093938963e-22, 4.17504106498e-21, 2.9246308263e-20, 1.05524044667e-19, 7.78617743519e-20, 2.75104322659e-19, 2.71188191145e-19, 6.58040530356e-19, 6.8514636015e-19, 2.23581791053e-18, 1.9873634602e-18, 1.40244698847e-18, 1.61123275175e-18, 2.2898768519e-18, 2.26291531342e-18, 2.97168357372e-18, 8.05844646705e-18, 5.66153265068e-18, 4.44274571099e-18, 8.29909894984e-18, 6.50007458895e-18, 8.64506227796e-18, 1.75583775742e-17, 1.16464399813e-17, 2.29510492288e-17, 2.00180702632e-17, 1.39791240503e-17, 1.38113039933e-17, 2.67946332806e-17, 2.03656002714e-17, 1.94231603123e-17, 2.14672774615e-17, 1.54352712939e-17, 1.65740078298e-17, 9.16656904849e-18, 4.98628981381e-18, 3.01944518909e-18, 1.23948599715e-18, 3.83137548628e-19, 3.38991055045e-20],
        "var": [7.14385969331e-05, 0.31464278698, 25.7637271881, 175.889389038, 207.095474243, 267.316009521, 220.269119263, 1064.16381836, 1689.61730957, 4128.21191406, 1933.31518555, 1541.01635742, 7478.69726562, 7457.34765625, 31268.0703125, 879.03894043, 12217.1191406, 27942.3339844, 4453.06054688, 15594.5351562, 9734.65429688, 1562.45678711, 2086.97607422, 1876.79150391, 172.55809021, 616.809143066, 16.2038078308, 14.5652084351, 16.7813434601, 24.3304309845, 3.25385093689, 6.30680370331, 0.694154143333, 2.09155988693, 0.0447269901633, 0.0161882415414, 0.000176493413164, 1.41293810429e-06, 1.1200490313e-08, 3.3400318622e-10]
    },
    "gfcc": {
        "mean": [-20.3732585907, 132.88885498, -150.196640015, 21.9029808044, -61.2012672424, -1.43149280548, -40.5932006836, -9.0688495636, -20.8001976013, -17.9752445221, -14.9112939835, -15.0095481873, -10.8803539276],
        "cov": [[5693.00488281, -677.673278809, -217.345001221, 951.43170166, -184.741485596, 5.16664838791, -35.4933319092, 286.775482178, -218.5730896, 228.235580444, -226.242996216, 83.0483322144, 27.2665023804], [-677.673278809, 1404.49401855, 266.815612793, -186.022918701, 392.269012451, -108.77305603, 222.014602661, -105.169258118, 150.304046631, -73.8764419556, -48.8741950989, -235.100616455, 11.5259780884], [-217.345001221, 266.815612793, 447.032562256, 30.0611190796, 135.598358154, 93.0410995483, 10.5319623947, 55.3295440674, -1.62747788429, 41.8645172119, -3.49445223808, -62.2694206238, 11.8534126282], [951.43170166, -186.022918701, 30.0611190796, 509.564880371, 63.2138137817, 17.2336025238, 94.1875762939, 117.839035034, -11.861158371, 77.3014068604, -48.1009559631, 27.0760536194, 24.8357276917], [-184.741485596, 392.269012451, 135.598358154, 63.2138137817, 304.967315674, -6.8365445137, 112.880844116, 9.27924537659, 43.7232131958, 58.6326255798, -80.1093902588, -71.1513824463, 0.211129128933], [5.16664838791, -108.77305603, 93.0410995483, 17.2336025238, -6.8365445137, 218.090377808, -25.7497520447, -23.1410064697, -14.4955720901, -35.7115783691, 73.9544219971, -7.10047626495, -14.9807739258], [-35.4933319092, 222.014602661, 10.5319623947, 94.1875762939, 112.880844116, -25.7497520447, 238.387191772, 36.2343788147, 23.5853652954, 30.729883194, -72.7438278198, 2.84570336342, 9.72721767426], [286.775482178, -105.169258118, 55.3295440674, 117.839035034, 9.27924537659, -23.1410064697, 36.2343788147, 186.198898315, -18.9345436096, 86.4899978638, -52.068271637, 3.00916576385, 46.5179595947], [-218.5730896, 150.304046631, -1.62747788429, -11.861158371, 43.7232131958, -14.4955720901, 23.5853652954, -18.9345436096, 130.471008301, -12.119846344, 0.566737234592, -15.4976034164, -22.7884292603], [228.235580444, -73.8764419556, 41.8645172119, 77.3014068604, 58.6326255798, -35.7115783691, 30.729883194, 86.4899978638, -12.119846344, 212.909133911, -44.2495803833, 6.62142705917, 28.4441452026], [-226.242996216, -48.8741950989, -3.49445223808, -48.1009559631, -80.1093902588, 73.9544219971, -72.7438278198, -52.068271637, 0.566737234592, -44.2495803833, 184.899978638, 3.2571182251, -10.9212303162], [83.0483322144, -235.100616455, -62.2694206238, 27.0760536194, -71.1513824463, -7.10047626495, 2.84570336342, 3.00916576385, -15.4976034164, 6.62142705917, 3.2571182251, 167.3722229, 20.0416736603], [27.2665023804, 11.5259780884, 11.8534126282, 24.8357276917, 0.211129128933, -14.9807739258, 9.72721767426, 46.5179595947, -22.7884292603, 28.4441452026, -10.9212303162, 20.0416736603, 117.692222595]],
        "icov": [[0.000472376443213, -0.000779203604907, 0.000665079860482, -0.00117330090143, 0.00100592186209, -0.000853317498695, 0.00101637921762, -0.000439297145931, 0.000897155783605, -0.000678529264405, 0.0010142516112, -0.000496439111885, 0.000643046572804], [-0.000779203604907, 0.00488404370844, -0.00297236279584, 0.00317092030309, -0.0043459138833, 0.00430299155414, -0.00458000646904, 0.00261674704961, -0.00331662129611, 0.00293420394883, -0.0031032145489, 0.00400114851072, -0.00308842980303], [0.000665079860482, -0.00297236279584, 0.00515349535272, -0.0020500451792, 0.00119826348964, -0.00417063897476, 0.00344028230757, -0.00288122962229, 0.0024117496796, -0.00200683088042, 0.00197514658794, -0.0018850954948, 0.00182832020801], [-0.00117330090143, 0.00317092030309, -0.0020500451792, 0.00588974915445, -0.00390190258622, 0.00253289239481, -0.00413611484692, 0.000203294242965, -0.00268689519726, 0.00207791174762, -0.00302794505842, 0.00181513023563, -0.00209673540667], [0.00100592186209, -0.0043459138833, 0.00119826348964, -0.00390190258622, 0.0104595022276, -0.0040464126505, 0.00220873276703, -0.000316408870276, 0.00179225730244, -0.00425750389695, 0.00515973148867, -0.00133548199665, 0.0023861634545], [-0.000853317498695, 0.00430299155414, -0.00417063897476, 0.00253289239481, -0.0040464126505, 0.0102182077244, -0.00418123416603, 0.00276843435131, -0.00218823878095, 0.00355889159255, -0.00535591831431, 0.00325482920744, -0.00211398745887], [0.00101637921762, -0.00458000646904, 0.00344028230757, -0.00413611484692, 0.00220873276703, -0.00418123416603, 0.0104301776737, -0.00314456690103, 0.00282747019082, -0.0025468817912, 0.00450137723237, -0.00442227907479, 0.0029178308323], [-0.000439297145931, 0.00261674704961, -0.00288122962229, 0.000203294242965, -0.000316408870276, 0.00276843435131, -0.00314456690103, 0.0105147911236, -0.00170379457995, -0.00102481839713, 0.000100904537248, 0.00300001120195, -0.00403406145051], [0.000897155783605, -0.00331662129611, 0.0024117496796, -0.00268689519726, 0.00179225730244, -0.00218823878095, 0.00282747019082, -0.00170379457995, 0.0113782556728, -0.00161404837854, 0.00169757497497, -0.0024877814576, 0.00377343525179], [-0.000678529264405, 0.00293420394883, -0.00200683088042, 0.00207791174762, -0.00425750389695, 0.00355889159255, -0.0025468817912, -0.00102481839713, -0.00161404837854, 0.00830187276006, -0.00227057794109, 0.00159502099268, -0.00209157774225], [0.0010142516112, -0.0031032145489, 0.00197514658794, -0.00302794505842, 0.00515973148867, -0.00535591831431, 0.00450137723237, 0.000100904537248, 0.00169757497497, -0.00227057794109, 0.0108360946178, -0.00190675549675, 0.0016137373168], [-0.000496439111885, 0.00400114851072, -0.0018850954948, 0.00181513023563, -0.00133548199665, 0.00325482920744, -0.00442227907479, 0.00300001120195, -0.0024877814576, 0.00159502099268, -0.00190675549675, 0.0106279114261, -0.00372751266696], [0.000643046572804, -0.00308842980303, 0.00182832020801, -0.00209673540667, 0.0023861634545, -0.00211398745887, 0.0029178308323, -0.00403406145051, 0.00377343525179, -0.00209157774225, 0.0016137373168, -0.00372751266696, 0.012009119615]]
    },
    "melbands": {
        "dmean": [3.42274288414e-05, 0.000418448500568, 0.000502613955177, 0.000229245502851, 0.000186094694072, 0.000228368298849, 0.000158059905516, 0.000136623959406, 9.5012546808e-05, 8.0432415416e-05, 0.000166111698491, 8.39271087898e-05, 0.000206606884603, 3.90178902308e-05, 4.1390710976e-05, 4.23221863457e-05, 0.000104042657767, 2.82285327557e-05, 1.97891477001e-05, 5.90245617786e-05, 3.76961652364e-05, 2.25255716941e-05, 1.02456633613e-05, 1.16369201351e-05, 1.63098666235e-05, 3.69750864593e-06, 5.45994771528e-06, 6.05282320976e-06, 9.52884533945e-07, 9.01541682197e-07, 9.08192873794e-07, 8.75701914538e-07, 4.71929922696e-07, 7.22670733921e-07, 1.89629233205e-07, 1.12431578714e-07, 4.08172354582e-07, 1.39734027016e-07, 1.18881544608e-07, 1.16844724118e-07],
        "dmean2": [4.0171751607e-05, 0.000525354873389, 0.000612660602201, 0.00028430816019, 0.000258894695435, 0.000290706637315, 0.000188734396943, 0.000174895059899, 0.000119885618915, 0.000113757552754, 0.000236715597566, 0.000128406318254, 0.000322175503243, 6.552269042e-05, 6.29861315247e-05, 6.50680012768e-05, 0.000161038638907, 4.34715002484e-05, 3.12476731779e-05, 9.69178508967e-05, 5.97030302742e-05, 3.6729608837e-05, 1.70715120476e-05, 1.9022012566e-05, 2.74869016721e-05, 5.67831966691e-06, 9.23325478652e-06, 1.02679778138e-05, 1.61123921316e-06, 1.53049427354e-06, 1.50118739839e-06, 1.44887553688e-06, 7.83143320859e-07, 1.16888611501e-06, 3.13497338311e-07, 1.8221143705e-07, 5.76485945203e-07, 2.10014007962e-07, 1.86593254625e-07, 1.84572513717e-07],
        "dvar": [5.18735143729e-09, 5.54010853193e-07, 4.99442592172e-07, 1.22172139072e-07, 8.90351259386e-08, 1.57655861699e-07, 7.25650437516e-08, 9.08394071075e-08, 3.14095096599e-08, 2.35611778976e-08, 7.16440169413e-08, 5.69826141827e-08, 3.12274835323e-07, 6.61660148893e-09, 1.42603857611e-08, 1.37218307827e-08, 4.85917759363e-08, 4.02139166411e-09, 3.39240990854e-09, 2.45290010525e-08, 5.61926016829e-09, 2.3258610593e-09, 1.73103409384e-09, 8.25167434382e-10, 9.8795061021e-10, 9.65193688862e-11, 1.25381330318e-10, 1.23353063874e-10, 5.73242278298e-12, 2.35720492604e-12, 5.01994062638e-12, 8.42999801909e-12, 1.19424880141e-12, 4.45027651882e-12, 3.09413302271e-13, 5.58061084323e-13, 2.41567833445e-12, 3.73388115132e-13, 2.96362354145e-13, 3.279278433e-13],
        "dvar2": [7.97862576007e-09, 1.56044416144e-06, 8.8147896804e-07, 2.5186068342e-07, 2.21676046408e-07, 3.12136251068e-07, 1.23256896245e-07, 1.28882305717e-07, 5.89704001186e-08, 5.2826777619e-08, 1.4063309095e-07, 1.43498297689e-07, 7.38080188967e-07, 1.82017725336e-08, 3.04913712057e-08, 2.97769862101e-08, 1.00254752056e-07, 8.50161718802e-09, 7.77254438589e-09, 5.89790971617e-08, 1.33211477404e-08, 5.83648507302e-09, 4.4270387356e-09, 2.02110839176e-09, 2.56522114661e-09, 2.38661868046e-10, 3.37380040571e-10, 3.36874500517e-10, 1.52154833871e-11, 6.76203711081e-12, 1.30783084015e-11, 2.08124992934e-11, 3.11324295336e-12, 1.04994667474e-11, 8.0780483214e-13, 1.4403167244e-12, 4.40241983493e-12, 8.87261618343e-13, 6.96460196372e-13, 7.82267425749e-13],
        "max": [0.00161592941731, 0.0160707235336, 0.0129852993414, 0.0123074939474, 0.00695197051391, 0.0111886523664, 0.00564007600769, 0.0124684032053, 0.00541372783482, 0.00278575019911, 0.00553623633459, 0.00520099326968, 0.00884133856744, 0.00142637209501, 0.00491997785866, 0.00349149643444, 0.00538094528019, 0.00222974573262, 0.00234404229559, 0.00472950330004, 0.00112297188025, 0.000840491906274, 0.00199901987799, 0.00113251700532, 0.0014807182597, 0.000179691953235, 0.000268239586148, 0.000344728119671, 5.89994087932e-05, 4.42161945102e-05, 6.16332399659e-05, 6.69252767693e-05, 4.09442909586e-05, 4.44179786427e-05, 2.02781830012e-05, 3.28265887219e-05, 2.53108064499e-05, 2.1107858629e-05, 1.01991690826e-05, 1.10135333671e-05],
        "mean": [0.000133065259433, 0.00199110084213, 0.00208049290814, 0.000810017168988, 0.000651030510198, 0.000584090594202, 0.000405221187975, 0.000355101685273, 0.00022391420498, 0.000163492484717, 0.000315083860187, 0.000138186718686, 0.000329500442604, 5.98118458583e-05, 6.9166191679e-05, 7.18046721886e-05, 0.000177592315595, 5.15972424182e-05, 3.59937512258e-05, 0.000108697873657, 5.76797028771e-05, 3.10472278215e-05, 1.58522052516e-05, 1.86167744687e-05, 2.61076984316e-05, 6.27855433777e-06, 8.01340502221e-06, 1.03471948023e-05, 1.67399582551e-06, 1.56145438268e-06, 1.71320823483e-06, 1.62098854162e-06, 9.2242601113e-07, 1.6573276298e-06, 4.13369463104e-07, 2.25122263942e-07, 9.44368366618e-07, 2.83921679056e-07, 3.4026618323e-07, 3.28680187067e-07],
        "median": [7.37698110242e-06, 0.00152206979692, 0.00157060881611, 0.000545840943232, 0.000438778719399, 0.000340922968462, 0.00022888823878, 0.00014556646056, 0.000108473745058, 8.50405704114e-05, 0.000156984708156, 4.92306608066e-05, 7.2145347076e-05, 2.10017169593e-05, 1.51196500155e-05, 1.61052284966e-05, 4.0602957597e-05, 2.32368220168e-05, 9.20439742913e-06, 1.33834018925e-05, 1.61420412041e-05, 7.55545670472e-06, 2.71668818641e-06, 5.85443194723e-06, 9.77451600193e-06, 7.7043375768e-07, 3.22463461089e-06, 4.7713301683e-06, 6.34449463632e-07, 6.74794648603e-07, 5.03289641074e-07, 6.37723246655e-07, 2.98179969604e-07, 4.14105727486e-07, 2.20916305693e-07, 7.04638054572e-08, 1.06000889843e-07, 6.44593782795e-08, 2.04430161688e-08, 1.1983195769e-08],
        "min": [5.84652821421e-24, 1.1656631565e-23, 1.66352021576e-23, 1.1442717731e-23, 1.08107738816e-23, 1.62462038012e-23, 1.14221087399e-23, 2.34818900371e-23, 1.51360224943e-23, 7.76328114248e-24, 8.17171072071e-24, 9.53915376826e-24, 6.93500559099e-24, 7.6528374603e-24, 9.60352245154e-24, 1.91176622294e-23, 9.33759191836e-24, 5.66574219955e-24, 1.10834452313e-23, 1.15111238044e-23, 6.76881941953e-24, 6.68539580108e-24, 1.7329888848e-23, 1.10924603337e-23, 8.61998171896e-24, 1.46002250121e-23, 1.83877686768e-23, 1.1971206417e-23, 8.06280689502e-24, 8.74661834894e-24, 7.1502660105e-24, 1.50894008148e-23, 1.41193432928e-23, 9.95647538661e-24, 1.01594319426e-23, 1.18842984e-23, 1.48194683903e-23, 1.12771460822e-23, 1.09079828444e-23, 1.53252702255e-23],
        "var": [7.25310087546e-08, 4.05530727221e-06, 3.71741884919e-06, 8.75794000876e-07, 4.56809232219e-07, 5.81792164667e-07, 3.13425204013e-07, 6.18655917606e-07, 1.06840381875e-07, 5.8850247342e-08, 1.86861882412e-07, 1.13511340771e-07, 6.43738985673e-07, 1.1190021354e-08, 3.77829216802e-08, 3.52188465058e-08, 1.490272723e-07, 1.10628972649e-08, 9.28083476737e-09, 7.87109755152e-08, 1.06829602942e-08, 3.59617069456e-09, 2.50501952515e-09, 1.55427481996e-09, 1.7160525223e-09, 1.90181342896e-10, 1.96952232301e-10, 2.34504915486e-10, 1.19901553963e-11, 4.42362032421e-12, 9.85323454772e-12, 1.27844184891e-11, 4.01396060487e-12, 1.61210680222e-11, 6.49213647251e-13, 1.13193200472e-12, 6.37748057489e-12, 6.31614498117e-13, 1.09175331536e-12, 1.12038091478e-12]
    },
    "mfcc": {
        "mean": [-659.110839844, 157.96206665, -23.6740856171, 15.2872619629, -5.72396707535, -0.805080890656, -13.1332788467, -2.40271019936, -8.42204093933, -3.06273388863, -11.9889612198, -11.5860490799, -9.66047859192],
        "cov": [[4092.96289062, -896.181762695, 31.9944610596, 680.48248291, -75.5378570557, 41.2989425659, 69.0414199829, -6.77729654312, 290.540496826, 1.89194226265, 74.001625061, -100.244689941, 205.487045288], [-896.181762695, 1391.51147461, -9.6972694397, -43.8329544067, 116.26815033, 58.254573822, 4.59761047363, -40.2159309387, 61.7623443604, 56.7952575684, 5.87924671173, 29.4361133575, -125.104545593], [31.9944610596, -9.6972694397, 306.397033691, 52.2364082336, 100.525634766, 20.2489871979, 104.858657837, -8.68832588196, 78.0407791138, -1.10238277912, 37.2860832214, 4.88770437241, 52.066783905], [680.48248291, -43.8329544067, 52.2364082336, 492.590576172, -8.27698421478, 96.1268463135, 39.7541160583, 36.3782272339, 214.467575073, 64.1708221436, 62.0199356079, -7.07590961456, 72.5889968872], [-75.5378570557, 116.26815033, 100.525634766, -8.27698421478, 210.696136475, 20.0502910614, 56.5735855103, -42.6736068726, 2.36459922791, 14.3130950928, 28.5761070251, 13.3855342865, -15.9083938599], [41.2989425659, 58.254573822, 20.2489871979, 96.1268463135, 20.0502910614, 207.548477173, 27.0835018158, 68.2462005615, 22.5003433228, 42.6131362915, 5.30709552765, 6.93039417267, 4.34510374069], [69.0414199829, 4.59761047363, 104.858657837, 39.7541160583, 56.5735855103, 27.0835018158, 179.273208618, -18.6882724762, 64.6576156616, -0.970025002956, 37.9867324829, 5.36065387726, 29.7545604706], [-6.77729654312, -40.2159309387, -8.68832588196, 36.3782272339, -42.6736068726, 68.2462005615, -18.6882724762, 179.440750122, -24.9971084595, 19.1558151245, -34.3634605408, 7.24326515198, -4.7051820755], [290.540496826, 61.7623443604, 78.0407791138, 214.467575073, 2.36459922791, 22.5003433228, 64.6576156616, -24.9971084595, 343.222259521, 4.78942203522, 53.9587860107, -28.2124671936, 91.6576156616], [1.89194226265, 56.7952575684, -1.10238277912, 64.1708221436, 14.3130950928, 42.6131362915, -0.970025002956, 19.1558151245, 4.78942203522, 144.17086792, 21.5923652649, 20.5582256317, -33.5343322754], [74.001625061, 5.87924671173, 37.2860832214, 62.0199356079, 28.5761070251, 5.30709552765, 37.9867324829, -34.3634605408, 53.9587860107, 21.5923652649, 134.205215454, 31.098367691, 9.41542243958], [-100.244689941, 29.4361133575, 4.88770437241, -7.07590961456, 13.3855342865, 6.93039417267, 5.36065387726, 7.24326515198, -28.2124671936, 20.5582256317, 31.098367691, 108.514060974, 9.00163173676], [205.487045288, -125.104545593, 52.066783905, 72.5889968872, -15.9083938599, 4.34510374069, 29.7545604706, -4.7051820755, 91.6576156616, -33.5343322754, 9.41542243958, 9.00163173676, 185.151550293]],
