{
"lowlevel": {
    "average_loudness": 0.230797946453,
    "barkbands_crest": {
        "dmean": 1.86119961739,
        "dmean2": 2.86209392548,
        "dvar": 4.30560922623,
        "dvar2": 10.3561372757,
        "max": 26.8931770325,
        "mean": 13.3055877686,
        "median": 12.5724916458,
        "min": 2.33695340157,
        "var": 22.4646492004
    },
    "barkbands_flatness_db": {
        "dmean": 0.0188355501741,
        "dmean2": 0.0270644463599,
        "dvar": 0.000515131861903,
        "dvar2": 0.00104241736699,
        "max": 0.565127015114,
        "mean": 0.275052547455,
        "median": 0.26822707057,
        "min": 0.0168422516435,
        "var": 0.00676621356979
    },
    "barkbands_kurtosis": {
        "dmean": 3.04178214073,
        "dmean2": 4.4030456543,
        "dvar": 52.3906517029,
        "dvar2": 93.2757415771,
        "max": 441.451599121,
        "mean": 8.40068912506,
        "median": 4.05560159683,
        "min": -1.93987679482,
        "var": 247.869796753
    },
    "barkbands_skewness": {
        "dmean": 0.41273573041,
        "dmean2": 0.586769998074,
        "dvar": 0.267111957073,
        "dvar2": 0.545800924301,
        "max": 11.9856338501,
        "mean": 1.16816878319,
        "median": 1.08100688457,
        "min": -7.88739538193,
        "var": 2.40921163559
    },
    "barkbands_spread": {
        "dmean": 1.51846575737,
        "dmean2": 2.17286205292,
        "dvar": 9.15303516388,
        "dvar2": 15.2848501205,
        "max": 84.3076400757,
        "mean": 7.29340076447,
        "median": 5.15198993683,
        "min": 0.0699283108115,
        "var": 60.4059906006
    },
    "dissonance": {
        "dmean": 0.0369864962995,
        "dmean2": 0.0627310425043,
        "dvar": 0.00156364298891,
        "dvar2": 0.00410424266011,
        "max": 0.499999910593,
        "mean": 0.391951143742,
        "median": 0.404422581196,
        "min": 0.108956545591,
        "var": 0.00486112153158
    },
    "dynamic_complexity": 5.78825998306,
    "erbbands_crest": {
        "dmean": 2.28217959404,
        "dmean2": 3.41728782654,
        "dvar": 6.6601228714,
        "dvar2": 14.9598913193,
        "max": 34.6433029175,
        "mean": 16.0723361969,
        "median": 15.0464887619,
        "min": 2.76004910469,
        "var": 40.2721824646
    },
    "erbbands_flatness_db": {
        "dmean": 0.0169450715184,
        "dmean2": 0.0235784426332,
        "dvar": 0.000436201895354,
        "dvar2": 0.000820821849629,
        "max": 0.596291840076,
        "mean": 0.306571990252,
        "median": 0.299368560314,
        "min": 0.0539301782846,
        "var": 0.00687742326409
    },
    "erbbands_kurtosis": {
        "dmean": 2.42225313187,
        "dmean2": 3.52924823761,
        "dvar": 23.5464630127,
        "dvar2": 44.148147583,
        "max": 203.907730103,
        "mean": 6.7677936554,
        "median": 3.13787841797,
        "min": -1.87917864323,
        "var": 178.049377441
    },
    "erbbands_skewness": {
        "dmean": 0.387754827738,
        "dmean2": 0.552401304245,
        "dvar": 0.228033170104,
        "dvar2": 0.444177120924,
        "max": 8.1382932663,
        "mean": 1.0171391964,
        "median": 0.958689749241,
        "min": -5.43365240097,
        "var": 2.11152386665
    },
    "erbbands_spread": {
        "dmean": 2.83054375648,
        "dmean2": 4.02151012421,
        "dvar": 26.6675758362,
        "dvar2": 45.4344940186,
        "max": 142.855880737,
        "mean": 13.4931716919,
        "median": 10.1739034653,
        "min": 0.257243692875,
        "var": 158.781509399
    },
    "hfc": {
        "dmean": 2.88676166534,
        "dmean2": 3.78962540627,
        "dvar": 32.2375450134,
        "dvar2": 60.4689750671,
        "max": 131.306228638,
        "mean": 11.1717834473,
        "median": 5.27014636993,
        "min": 1.20401088006e-16,
        "var": 223.323257446
    },
    "melbands_crest": {
        "dmean": 2.12020587921,
        "dmean2": 3.24973773956,
        "dvar": 6.11632823944,
        "dvar2": 14.5660591125,
        "max": 34.4686508179,
        "mean": 15.1177043915,
        "median": 14.0914783478,
        "min": 1.75468027592,
        "var": 32.2841835022
    },
    "melbands_flatness_db": {
        "dmean": 0.0200549997389,
        "dmean2": 0.0280004106462,
        "dvar": 0.000659558398183,
        "dvar2": 0.00130210327916,
        "max": 0.614567518234,
        "mean": 0.333025306463,
        "median": 0.324446260929,
        "min": 0.00424708425999,
        "var": 0.0089510474354
    },
    "melbands_kurtosis": {
        "dmean": 3.17530322075,
        "dmean2": 4.58437728882,
        "dvar": 48.3010826111,
        "dvar2": 93.8063659668,
        "max": 216.359832764,
        "mean": 8.67363739014,
        "median": 4.06311702728,
        "min": -1.92598712444,
        "var": 255.252929688
    },
    "melbands_skewness": {
        "dmean": 0.412951827049,
        "dmean2": 0.585799396038,
        "dvar": 0.295260548592,
        "dvar2": 0.554817318916,
        "max": 12.6452236176,
        "mean": 1.15617871284,
        "median": 1.0125348568,
        "min": -5.50560855865,
        "var": 2.54571199417
    },
    "melbands_spread": {
        "dmean": 2.10328578949,
        "dmean2": 3.05662441254,
        "dvar": 16.8489837646,
        "dvar2": 31.4168281555,
        "max": 225.117004395,
        "mean": 11.0314331055,
        "median": 8.12096691132,
        "min": 0.234524413943,
        "var": 152.152267456
    },
    "pitch_salience": {
        "dmean": 0.0471436604857,
        "dmean2": 0.0724561661482,
        "dvar": 0.00275690597482,
        "dvar2": 0.00648748874664,
        "max": 0.889673471451,
        "mean": 0.502893924713,
        "median": 0.507319331169,
        "min": 0.0539140440524,
        "var": 0.0141649805009
    },
    "silence_rate_20dB": {
        "dmean": 0,
        "dmean2": 0,
        "dvar": 0,
        "dvar2": 0,
        "max": 1,
        "mean": 1,
        "median": 1,
        "min": 1,
        "var": 0
    },
    "silence_rate_30dB": {
        "dmean": 0.00209361454472,
        "dmean2": 0.00418754201382,
        "dvar": 0.00208892533556,
        "dvar2": 0.00506716035306,
        "max": 1,
        "mean": 0.997532725334,
        "median": 1,
        "min": 0,
        "var": 0.00246147648431
    },
    "silence_rate_60dB": {
        "dmean": 0.0411245711148,
        "dmean2": 0.0822552889585,
        "dvar": 0.0394305437803,
        "dvar2": 0.0826699882746,
        "max": 1,
        "mean": 0.260485976934,
        "median": 0,
        "min": 0,
        "var": 0.192640095949
    },
    "spectral_centroid": {
        "dmean": 72.5678482056,
        "dmean2": 101.420166016,
        "dvar": 19114.9433594,
        "dvar2": 30697.3945312,
        "max": 11028.7421875,
        "mean": 747.624816895,
        "median": 650.142089844,
        "min": 248.432342529,
        "var": 173927.71875
    },
    "spectral_complexity": {
        "dmean": 1.20711827278,
        "dmean2": 1.86360573769,
        "dvar": 2.3100643158,
        "dvar2": 4.3488278389,
        "max": 33,
        "mean": 8.86213111877,
        "median": 8,
        "min": 0,
        "var": 28.7426967621
    },
    "spectral_decrease": {
        "dmean": 9.67595226165e-10,
        "dmean2": 1.31189359376e-09,
        "dvar": 3.22312187132e-18,
        "dvar2": 6.48456040297e-18,
        "max": 4.65075061578e-19,
        "mean": -4.10286027375e-09,
        "median": -2.40835307252e-09,
        "min": -3.74729260955e-08,
        "var": 2.14471025263e-17
    },
    "spectral_energy": {
        "dmean": 0.00389540125616,
        "dmean2": 0.00527050020173,
        "dvar": 5.2527677326e-05,
        "dvar2": 0.00010515532631,
        "max": 0.149467006326,
        "mean": 0.0164984352887,
        "median": 0.00958826392889,
        "min": 1.06760429266e-20,
        "var": 0.000350479851477
    },
    "spectral_energyband_high": {
        "dmean": 2.79373234662e-05,
        "dmean2": 3.69540139218e-05,
        "dvar": 1.17721352666e-08,
        "dvar2": 1.95432239281e-08,
        "max": 0.00374331418425,
        "mean": 7.01366952853e-05,
        "median": 6.1566183831e-06,
        "min": 8.03002462521e-21,
        "var": 5.33218305065e-08
    },
    "spectral_energyband_low": {
        "dmean": 0.000169183156686,
        "dmean2": 0.000241315879975,
        "dvar": 2.62659654027e-07,
        "dvar2": 5.65278980957e-07,
        "max": 0.0274925734848,
        "mean": 0.000799667730462,
        "median": 0.000203179763048,
        "min": 1.43386198032e-22,
        "var": 2.67587165581e-06
    },
    "spectral_energyband_middle_high": {
        "dmean": 0.00117324234452,
        "dmean2": 0.00150785874575,
        "dvar": 9.2642949312e-06,
        "dvar2": 1.68930109794e-05,
        "max": 0.114345133305,
        "mean": 0.00365606206469,
        "median": 0.000841591448989,
        "min": 1.33555489162e-21,
        "var": 5.07318254677e-05
    },
    "spectral_energyband_middle_low": {
        "dmean": 0.00324023631401,
        "dmean2": 0.00455814739689,
        "dvar": 4.11763794546e-05,
        "dvar2": 8.80424413481e-05,
        "max": 0.146499082446,
        "mean": 0.0123333530501,
        "median": 0.00726094655693,
        "min": 3.62083772861e-22,
        "var": 0.00022016625735
    },
    "spectral_entropy": {
        "dmean": 0.177227050066,
        "dmean2": 0.251027911901,
        "dvar": 0.055044580251,
        "dvar2": 0.110726118088,
        "max": 9.78464508057,
        "mean": 6.13052463531,
        "median": 6.13878393173,
        "min": 3.80995202065,
        "var": 0.493636310101
    },
    "spectral_flux": {
        "dmean": 0.0145082194358,
        "dmean2": 0.0225934498012,
        "dvar": 0.00042221089825,
        "dvar2": 0.000995635171421,
        "max": 0.286325246096,
        "mean": 0.0361148491502,
        "median": 0.0235913433135,
        "min": 1.03324938883e-10,
        "var": 0.00130801240448
    },
    "spectral_kurtosis": {
        "dmean": 12.2298583984,
        "dmean2": 20.8334197998,
        "dvar": 297.000183105,
        "dvar2": 782.287536621,
        "max": 276.077758789,
        "mean": 33.6943626404,
        "median": 18.8388881683,
        "min": -1.47821414471,
        "var": 1393.90917969
    },
    "spectral_rms": {
        "dmean": 0.00041850382695,
        "dmean2": 0.000540145381819,
        "dvar": 3.45746116182e-07,
        "dvar2": 6.39735503682e-07,
        "max": 0.0120756560937,
        "mean": 0.00339672830887,
        "median": 0.00305849709548,
        "min": 3.22732877749e-12,
        "var": 4.55827057522e-06
    },
    "spectral_rolloff": {
        "dmean": 117.412254333,
        "dmean2": 197.085006714,
        "dvar": 235041.921875,
        "dvar2": 463024.65625,
        "max": 19896.6796875,
        "mean": 983.217651367,
        "median": 753.662109375,
        "min": 215.33203125,
        "var": 1937654.375
    },
    "spectral_skewness": {
        "dmean": 0.804230391979,
        "dmean2": 1.3567032814,
        "dvar": 0.873730897903,
        "dvar2": 2.34891223907,
        "max": 14.0591306686,
        "mean": 3.80933594704,
        "median": 3.24481296539,
        "min": -0.151952877641,
        "var": 4.1842675209
    },
    "spectral_spread": {
        "dmean": 401775.09375,
        "dmean2": 598780.25,
        "dvar": 469867397120,
        "dvar2": 640623312896,
        "max": 38656104,
        "mean": 2457302.75,
        "median": 2122444.75,
        "min": 284260.75,
        "var": 3.61528374067e+12
    },
    "spectral_strongpeak": {
        "dmean": 0.460324108601,
        "dmean2": 0.710169494152,
        "dvar": 0.692796885967,
        "dvar2": 1.57124662399,
        "max": 19.3020362854,
        "mean": 1.56856322289,
        "median": 1.11791658401,
        "min": 0,
        "var": 2.43346571922
    },
    "zerocrossingrate": {
        "dmean": 0.0037270965986,
        "dmean2": 0.00431099068373,
        "dvar": 6.93319743732e-05,
        "dvar2": 8.24296512292e-05,
        "max": 0.5185546875,
        "mean": 0.037578817457,
        "median": 0.03125,
        "min": 0.0087890625,
        "var": 0.00141970906407
    },
    "barkbands": {
        "dmean": [3.22755198567e-07, 5.65856462345e-05, 9.29234302021e-05, 0.000101668141724, 0.000449558719993, 0.000741478288546, 0.000572080432903, 0.00114810210653, 0.00122025760356, 0.000628217065241, 0.000133234250825, 0.000290785304969, 0.000204625292099, 0.000169968698174, 8.47861592774e-05, 3.21194238495e-05, 3.42598214047e-05, 7.08684892743e-05, 3.4832592064e-05, 1.18827783808e-05, 4.71596604257e-06, 6.45294358037e-06, 6.02037562203e-06, 4.75781689602e-06, 5.45008742847e-06, 1.36006281082e-06, 1.75819522497e-07],
        "dmean2": [5.5333509863e-07, 7.4250587204e-05, 0.000133628505864, 0.000163172546308, 0.000686089042574, 0.00109615107067, 0.000839678978082, 0.00165164901409, 0.00171192886773, 0.00083180423826, 0.000170994011569, 0.000415522838011, 0.000305747613311, 0.000238136766711, 0.000117266412417, 4.81692077301e-05, 4.82111499878e-05, 0.000100822762761, 5.08303310198e-05, 1.72199834196e-05, 7.01956059856e-06, 9.54866209213e-06, 8.56640508573e-06, 6.48085142529e-06, 7.06795572114e-06, 1.79372580078e-06, 2.46930682124e-07],
        "dvar": [9.87146735881e-12, 4.28046895706e-08, 1.03835468224e-07, 9.04672390334e-08, 1.23678148611e-06, 4.06997423852e-06, 2.7120941013e-06, 1.5612320567e-05, 1.72522341018e-05, 5.93645199842e-06, 3.40948332678e-07, 1.49246034198e-06, 7.62519903219e-07, 5.04197430473e-07, 2.1275700135e-07, 2.11136992334e-08, 3.07930321242e-08, 1.52319202584e-07, 1.84351023336e-08, 1.30326061054e-09, 3.97558985732e-10, 9.42319666741e-10, 8.62177718108e-10, 6.61869614671e-10, 1.46206657892e-09, 7.64502489092e-11, 7.74930900699e-13],
        "dvar2": [2.73056716127e-11, 6.64328965172e-08, 2.22079052037e-07, 2.57274564319e-07, 3.3003639146e-06, 1.10080827653e-05, 6.32399451206e-06, 3.30026814481e-05, 3.54018011421e-05, 1.13835458251e-05, 5.18867409482e-07, 3.08216885969e-06, 1.69157419805e-06, 1.03706099708e-06, 3.41688007666e-07, 4.43518253235e-08, 5.16871310197e-08, 3.0161839959e-07, 3.69086379237e-08, 2.72378608557e-09, 9.05325592271e-10, 1.94868943204e-09, 1.79469816786e-09, 1.21784415885e-09, 2.28574337235e-09, 1.2481728151e-10, 1.3617158616e-12],
        "max": [0.000157862290507, 0.0133871566504, 0.02308431454, 0.00820168759674, 0.0453831776977, 0.0776841938496, 0.0548660382628, 0.103044345975, 0.122402891517, 0.110881857574, 0.0241935905069, 0.0351330079138, 0.0228121057153, 0.020955203101, 0.0432723611593, 0.005827144254, 0.0127814253792, 0.0244756564498, 0.00453673535958, 0.00127022736706, 0.00148160627577, 0.0014421173837, 0.00103490450419, 0.000969813787378, 0.00183988490608, 0.000442055257736, 4.39406940131e-05],
        "mean": [3.03071033159e-07, 0.00031568313716, 0.000350912043359, 0.000292895419989, 0.00160999386571, 0.00231211888604, 0.00216477992944, 0.0027881055139, 0.00264481664635, 0.0017839447828, 0.000342277809978, 0.000548298819922, 0.00038926806883, 0.000273218203802, 0.000194533742615, 6.2389561208e-05, 9.50961039052e-05, 0.00017444480909, 6.9673274993e-05, 2.68343028438e-05, 9.71379085968e-06, 1.3093119378e-05, 1.24398247863e-05, 9.92878085526e-06, 1.07303185359e-05, 2.51923938777e-06, 3.70553692619e-07],
        "median": [8.79748807137e-09, 1.73832868313e-05, 4.44536563009e-05, 7.30894898879e-05, 0.000584396068007, 0.000910770730115, 0.000425168283982, 0.000218439046876, 0.000388608284993, 0.000183299547643, 3.26582521666e-05, 5.02868533658e-05, 3.17202138831e-05, 3.44419859175e-05, 1.60662075359e-05, 9.83400241239e-06, 9.59729095484e-06, 5.06240394316e-06, 3.65776008948e-06, 2.51657979788e-06, 1.65773258232e-06, 7.74062414166e-07, 4.34493529156e-07, 1.73518785118e-07, 9.48975511506e-08, 3.05695770919e-08, 2.994119086e-08],
        "min": [6.6861023049e-23, 4.47794494712e-23, 5.57506177075e-23, 4.12641622152e-24, 9.84717523721e-23, 5.5638372267e-23, 5.85081914422e-23, 7.65873246007e-23, 4.79158815442e-23, 6.45739448909e-23, 6.7089041716e-23, 1.40208174057e-22, 1.1916516426e-22, 7.70393545212e-23, 1.01939641709e-22, 1.73091582145e-22, 2.3108091137e-22, 1.20044106769e-22, 1.1954328738e-22, 2.68765238575e-22, 5.11110528314e-22, 4.09679727132e-22, 4.43105265677e-22, 6.53888495655e-22, 1.42697258667e-21, 1.82313313115e-21, 2.82918488687e-21],
        "var": [6.68184084451e-12, 8.73458645856e-07, 9.02565545857e-07, 3.13310152933e-07, 7.96627227828e-06, 1.69644226844e-05, 2.08332403417e-05, 4.87060424348e-05, 4.97352375533e-05, 2.41715351876e-05, 1.67201471868e-06, 3.62620335181e-06, 2.28614703701e-06, 9.90378339338e-07, 2.2113988507e-06, 5.66567592841e-08, 2.85095808294e-07, 1.04038156223e-06, 5.0660055706e-08, 5.79263437217e-09, 1.743853284e-09, 2.48799403302e-09, 2.45032705237e-09, 2.26450480589e-09, 5.4320410392e-09, 2.63895905128e-10, 2.25594608098e-12]
    },
    "erbbands": {
        "dmean": [0.000552459910978, 0.0168252792209, 0.0928205922246, 0.229017347097, 0.754852592945, 1.80910813808, 3.64001870155, 6.44911193848, 8.811876297, 8.86258888245, 30.1351356506, 24.0419883728, 23.1919670105, 17.1722259521, 8.17551898956, 10.1116476059, 7.84164714813, 9.85240840912, 5.99139356613, 2.38221216202, 1.52961790562, 1.75718545914, 2.6275062561, 3.58805799484, 0.832837104797, 0.655714690685, 0.181611180305, 0.194682657719, 0.225439786911, 0.199438482523, 0.179649814963, 0.111642763019, 0.0783661752939, 0.0696947872639, 0.0356431752443, 0.0102074509487, 0.0015876366524, 0.000254989194218, 3.07164154947e-05, 5.42727002539e-06],
        "dmean2": [0.000754631415475, 0.0220061931759, 0.129058480263, 0.361050784588, 1.16190707684, 2.78731060028, 5.22455072403, 9.50655078888, 13.3995885849, 12.9217853546, 42.7393074036, 33.7835197449, 30.4074649811, 22.8471679688, 10.8284759521, 14.4282207489, 11.2490568161, 14.034986496, 8.00206184387, 3.33762431145, 2.28769874573, 2.38870739937, 3.61698508263, 5.0914144516, 1.1714066267, 0.942089259624, 0.267931997776, 0.282537251711, 0.328515172005, 0.290457874537, 0.256556630135, 0.1540068537, 0.10896679759, 0.0942245796323, 0.0466819293797, 0.0132882250473, 0.00214826664887, 0.0003609060077, 4.23107921961e-05, 7.4128797678e-06],
        "dvar": [4.13307861891e-06, 0.00363844679669, 0.106273397803, 0.465550541878, 6.61594867706, 21.6160049438, 59.6717185974, 375.172058105, 684.61328125, 865.818847656, 11153.0644531, 7135.54443359, 5971.35498047, 6187.93261719, 769.358581543, 2173.09204102, 1184.61865234, 1786.93286133, 994.922241211, 124.152809143, 40.9892463684, 107.361038208, 148.804367065, 301.375610352, 6.49842262268, 4.62633895874, 0.258881866932, 0.823483586311, 1.00419294834, 1.11215305328, 0.836836159229, 0.360004067421, 0.222717091441, 0.2810972929, 0.056247305125, 0.00456060934812, 8.3756436652e-05, 1.53347116338e-06, 2.45541951216e-08, 1.33284661086e-10],
        "dvar2": [7.26477719581e-06, 0.00587903847918, 0.216032356024, 1.28652632236, 17.6617698669, 58.5817070007, 133.997268677, 994.317077637, 1810.71398926, 1905.42810059, 23195.1035156, 15170.9326172, 11405.6386719, 11827.9980469, 1366.73718262, 4584.91699219, 2455.03588867, 3879.79150391, 1541.12805176, 218.031936646, 86.4157104492, 188.796829224, 263.017669678, 593.75958252, 12.3026123047, 9.72504043579, 0.598754584789, 1.83574700356, 1.92081618309, 2.41247463226, 1.77632927895, 0.677093207836, 0.445322245359, 0.49661141634, 0.0845121517777, 0.00685398187488, 0.000136994320201, 2.64148297902e-06, 4.3092441615e-08, 2.77846856633e-10],
        "max": [0.130902528763, 3.66315317154, 24.5100212097, 21.6195068359, 195.677520752, 122.705955505, 245.316879272, 757.963317871, 1009.64849854, 1000.97619629, 2754.51416016, 2796.98754883, 3656.70117188, 4098.51025391, 891.453186035, 1749.27612305, 1112.88232422, 1143.49731445, 2779.22119141, 613.479187012, 251.343795776, 864.747436523, 685.190002441, 1232.53649902, 73.6792221069, 74.0495376587, 12.9759283066, 72.5453796387, 47.8639831543, 50.2483673096, 34.9854507446, 25.4798564911, 22.5608692169, 26.8500614166, 10.5777578354, 3.66296720505, 0.391142576933, 0.0465081259608, 0.00864849984646, 0.000562714529224],
        "mean": [0.00326176406816, 0.0942053869367, 0.408986121416, 0.712484419346, 2.71705174446, 5.94882774353, 11.239074707, 21.0327796936, 32.1466560364, 29.7902374268, 70.4676513672, 51.9104576111, 65.5302963257, 46.4269714355, 20.1317577362, 19.8776912689, 16.3260364532, 17.3435726166, 13.6953458786, 5.09180021286, 3.28445005417, 4.97444152832, 7.37657690048, 8.53280925751, 2.11119604111, 1.4404630661, 0.407982856035, 0.432696640491, 0.498447805643, 0.396530032158, 0.363342225552, 0.233389168978, 0.155056402087, 0.12890355289, 0.0713980793953, 0.0194653905928, 0.00301939737983, 0.000530646124389, 7.03653786331e-05, 2.21681602852e-05],
        "median": [0.000186223711353, 0.00682470435277, 0.0550104118884, 0.26972541213, 0.70391201973, 1.91475534439, 5.57473564148, 6.91782712936, 6.59952831268, 7.48314476013, 6.93765878677, 11.5235052109, 9.73809623718, 6.19267225266, 3.71742391586, 2.35649442673, 1.78610825539, 1.87665510178, 1.32358574867, 0.753596901894, 0.558129668236, 0.521913409233, 0.431305795908, 0.283307641745, 0.167471423745, 0.137218594551, 0.0798432603478, 0.0475693233311, 0.0288010165095, 0.0214625447989, 0.0112994229421, 0.00453595770523, 0.00247553293593, 0.00113907817286, 0.000584112131037, 0.000200926864636, 5.09256387886e-05, 1.03670417957e-05, 9.70250403043e-06, 1.24705975395e-05],
        "min": [2.78474149846e-21, 5.85005312873e-21, 4.88920384504e-20, 4.74492545163e-20, 1.57007875852e-19, 3.40759819226e-19, 4.73134850972e-19, 4.55463274559e-19, 1.05086451905e-18, 6.35257598142e-19, 1.70992439442e-18, 1.44841589665e-18, 1.64831050232e-18, 1.74309226903e-18, 3.83958091116e-18, 6.44757384906e-18, 5.29486457824e-18, 3.16822995907e-18, 5.13284595243e-18, 6.78764723762e-18, 1.06371505938e-17, 1.29394556276e-17, 6.37160227288e-18, 6.96957155128e-18, 7.49332494436e-18, 1.35262120592e-17, 2.09581080898e-17, 1.83167351054e-17, 1.31447668187e-17, 1.48571448377e-17, 1.21846847515e-17, 8.94450000534e-18, 1.34267717147e-17, 1.30554668814e-17, 1.1535940232e-17, 6.60366696655e-18, 3.70483856605e-18, 1.5407339059e-18, 3.79545930408e-19, 3.8804028043e-20],
        "var": [9.21251994441e-05, 0.0687467828393, 1.07297885418, 1.49986219406, 60.5817070007, 100.219802856, 252.598403931, 1658.86779785, 5464.23828125, 3563.4440918, 31703.1230469, 17777.6152344, 29547.4433594, 18524.9238281, 2914.46508789, 4764.80859375, 4127.76904297, 3690.37207031, 9141.48828125, 525.180847168, 144.820251465, 849.132507324, 1304.87805176, 1800.4708252, 32.429019928, 18.7041416168, 0.795255899429, 5.00674295425, 3.66257691383, 2.83902955055, 2.23530125618, 1.2200961113, 0.632866919041, 0.877402722836, 0.221392691135, 0.0176820699126, 0.000281695945887, 4.50920560979e-06, 7.41270795857e-08, 7.01821822879e-10]
    },
    "gfcc": {
        "mean": [-159.122772217, 152.603530884, -138.704315186, -22.1582679749, -68.8322525024, -21.3929748535, -30.2807941437, -10.3425750732, -19.2480125427, -11.3985385895, -11.3346042633, -9.66062545776, -8.66712856293],
        "cov": [[21042.3417969, -2337.79589844, 105.061462402, 1678.06628418, -1348.1619873, 1269.47595215, -724.478637695, 1053.54675293, -478.052947998, 22.6811695099, 97.32762146, 244.688598633, -398.973358154], [-2337.79589844, 3141.46850586, -11.9599571228, -478.863647461, 821.983642578, -656.191040039, 591.344055176, -503.82913208, 259.815155029, -93.9483032227, 11.5843296051, -181.210388184, 257.382598877], [105.061462402, -11.9599571228, 1078.94799805, 159.327423096, 39.6040763855, 304.922515869, -94.6752929688, 214.05809021, -79.2566604614, 87.0366287231, -33.7227706909, 65.8956298828, -37.4704399109], [1678.06628418, -478.863647461, 159.327423096, 680.093994141, 26.3476657867, 234.420959473, -138.765975952, 154.554702759, -14.9950895309, 41.8405685425, 36.3802986145, 70.5927200317, -73.2785797119], [-1348.1619873, 821.983642578, 39.6040763855, 26.3476657867, 582.594421387, -90.5300369263, 157.903594971, -143.716094971, 99.1335906982, 43.1162185669, 31.1628665924, -27.6136703491, 46.8237342834], [1269.47595215, -656.191040039, 304.922515869, 234.420959473, -90.5300369263, 626.030639648, -26.3197994232, 188.66859436, -141.657409668, 33.3154296875, 16.5428714752, 57.1210136414, -52.5290489197], [-724.478637695, 591.344055176, -94.6752929688, -138.765975952, 157.903594971, -26.3197994232, 447.590881348, -42.8887748718, 60.0705528259, -42.9103050232, -17.2898578644, -53.3010444641, 96.1896514893], [1053.54675293, -503.82913208, 214.05809021, 154.554702759, -143.716094971, 188.66859436, -42.8887748718, 383.077575684, -10.2004823685, 17.9464683533, -6.62483882904, 33.1536445618, -43.8663406372], [-478.052947998, 259.815155029, -79.2566604614, -14.9950895309, 99.1335906982, -141.657409668, 60.0705528259, -10.2004823685, 218.347915649, 76.0135040283, 28.9680728912, -28.6791858673, 13.0404863358], [22.6811695099, -93.9483032227, 87.0366287231, 41.8405685425, 43.1162185669, 33.3154296875, -42.9103050232, 17.9464683533, 76.0135040283, 187.812789917, 86.252746582, 14.5958662033, -51.8786621094], [97.32762146, 11.5843296051, -33.7227706909, 36.3802986145, 31.1628665924, 16.5428714752, -17.2898578644, -6.62483882904, 28.9680728912, 86.252746582, 150.650512695, 47.0276985168, -29.9838943481], [244.688598633, -181.210388184, 65.8956298828, 70.5927200317, -27.6136703491, 57.1210136414, -53.3010444641, 33.1536445618, -28.6791858673, 14.5958662033, 47.0276985168, 160.226165771, 36.8115386963], [-398.973358154, 257.382598877, -37.4704399109, -73.2785797119, 46.8237342834, -52.5290489197, 96.1896514893, -43.8663406372, 13.0404863358, -51.8786621094, -29.9838943481, 36.8115386963, 164.69682312]],
        "icov": [[0.000112779918709, -0.000249677133979, 0.000224106363021, -0.000284593930701, 0.000396233954234, -0.000239326429437, 0.000172937696334, -0.000300142855849, 0.00024602029589, -0.000301271822536, 0.000238423162955, -0.000190148755792, 0.000189356680494], [-0.000249677133979, 0.00195645913482, -0.00132014858536, 0.000895288132597, -0.00198391242884, 0.00146760174539, -0.00128810852766, 0.00156007660553, -0.00116826745216, 0.00210514711216, -0.00209845043719, 0.00165362597909, -0.00136041443329], [0.000224106363021, -0.00132014858536, 0.00229585147463, -0.000642070081085, 0.000974533031695, -0.00139159359969, 0.00108338065911, -0.0017683833139, 0.00140728871338, -0.00248716259375, 0.00244485167786, -0.00155580008868, 0.000915953423828], [-0.000284593930701, 0.000895288132597, -0.000642070081085, 0.00286530936137, -0.00176482356619, 5.70584561501e-05, 3.05348294205e-05, 0.0003674152249, -0.00127289223019, 0.00145645986777, -0.000908117624931, -4.57836395071e-05, 4.4674914534e-05], [0.000396233954234, -0.00198391242884, 0.000974533031695, -0.00176482356619, 0.00479622418061, -0.00136569666211, 0.000470638042316, -0.000629293266684, 0.000642655126285, -0.00238932226785, 0.00155315315351, -0.00122673774604, 0.00100854947232], [-0.000239326429437, 0.00146760174539, -0.00139159359969, 5.70584561501e-05, -0.00136569666211, 0.00396421877667, -0.00168872543145, 0.00047019784688, 0.00113010813948, 0.000556072045583, -0.00166109937709, 0.00110233272426, -0.000863457506057], [0.000172937696334, -0.00128810852766, 0.00108338065911, 3.05348294205e-05, 0.000470638042316, -0.00168872543145, 0.00427267653868, -0.00138851103839, -0.000111000619654, -0.000444699457148, 0.000775417953264, 0.000207612087252, -0.0008821610827], [-0.000300142855849, 0.00156007660553, -0.0017683833139, 0.0003674152249, -0.000629293266684, 0.00047019784688, -0.00138851103839, 0.00540168210864, -0.00236252555624, 0.00221091718413, -0.00139042502269, 0.000802310241852, -0.000374405644834], [0.00024602029589, -0.00116826745216, 0.00140728871338, -0.00127289223019, 0.000642655126285, 0.00113010813948, -0.000111000619654, -0.00236252555624, 0.00914022512734, -0.00567355938256, 0.00147980684415, 0.00028183896211, -0.000515597173944], [-0.000301271822536, 0.00210514711216, -0.00248716259375, 0.00145645986777, -0.00238932226785, 0.000556072045583, -0.000444699457148, 0.00221091718413, -0.00567355938256, 0.0130047388375, -0.00718407705426, 0.00177524599712, 0.000608694681432], [0.000238423162955, -0.00209845043719, 0.00244485167786, -0.000908117624931, 0.00155315315351, -0.00166109937709, 0.000775417953264, -0.00139042502269, 0.00147980684415, -0.00718407705426, 0.0136861335486, -0.0058708214201, 0.00363827659748], [-0.000190148755792, 0.00165362597909, -0.00155580008868, -4.57836395071e-05, -0.00122673774604, 0.00110233272426, 0.000207612087252, 0.000802310241852, 0.00028183896211, 0.00177524599712, -0.0058708214201, 0.0112769985572, -0.00567887583748], [0.000189356680494, -0.00136041443329, 0.000915953423828, 4.4674914534e-05, 0.00100854947232, -0.000863457506057, -0.0008821610827, -0.000374405644834, -0.000515597173944, 0.000608694681432, 0.00363827659748, -0.00567887583748, 0.0109023367986]]
    },
    "melbands": {
        "dmean": [1.01395553429e-05, 3.9157068386e-05, 4.72218453069e-05, 9.57990559982e-05, 0.00011305778753, 0.000144911900861, 0.000130639935378, 0.000113829257316, 0.000244096896495, 0.000160633906489, 0.00011873976473, 7.54944267101e-05, 2.47262323683e-05, 3.58093784598e-05, 1.75106142706e-05, 2.06553668249e-05, 1.78064983629e-05, 1.0855538676e-05, 4.26979431722e-06, 2.55042868957e-06, 1.91711819753e-06, 1.80237896075e-06, 2.00802514883e-06, 4.18703848482e-06, 3.14964677273e-06, 8.58848693497e-07, 4.84762438191e-07, 4.3568155661e-07, 1.24908211774e-07, 8.7779504554e-08, 1.39415462286e-07, 1.2979182884e-07, 1.46449650629e-07, 1.09493335287e-07, 1.13945851865e-07, 8.94760532333e-08, 6.64817463303e-08, 5.6746905841e-08, 5.51077121713e-08, 6.53074039292e-08],
        "dmean2": [1.32711638798e-05, 5.37807427463e-05, 7.40973991924e-05, 0.000145980331581, 0.000163421005709, 0.000214796222281, 0.000197186484002, 0.000165786012076, 0.000349609821569, 0.000223898270633, 0.00015564946807, 0.000100916578958, 3.19182545354e-05, 5.10062272951e-05, 2.52260688285e-05, 2.99638286378e-05, 2.54540009337e-05, 1.44669947986e-05, 6.12305166214e-06, 3.68698738384e-06, 2.93175480692e-06, 2.60159617937e-06, 2.73753153124e-06, 5.94813991484e-06, 4.52961921837e-06, 1.26302256831e-06, 7.05111062871e-07, 6.33544516404e-07, 1.93023424799e-07, 1.27694988805e-07, 2.06148158099e-07, 1.92366343299e-07, 2.23039137381e-07, 1.61127630349e-07, 1.65032943755e-07, 1.28863874238e-07, 9.35597483931e-08, 8.14847354036e-08, 7.64386385299e-08, 9.09611230782e-08],
        "dvar": [1.38468125854e-09, 1.77502492704e-08, 1.76444601152e-08, 7.43785477653e-08, 5.30559525203e-08, 1.83669172316e-07, 1.42391613167e-07, 1.37747221629e-07, 7.38544088108e-07, 3.19410133898e-07, 1.5516707208e-07, 1.25554279862e-07, 8.58543547366e-09, 2.29028067622e-08, 8.14814704597e-09, 7.43503925094e-09, 6.23377793829e-09, 3.39133920946e-09, 3.8064681962e-10, 1.96575797307e-10, 7.4932872407e-11, 1.50167364654e-10, 9.51120085468e-11, 4.98006580418e-10, 2.31488231361e-10, 9.16931461314e-12, 2.12363438466e-12, 2.11210974925e-12, 1.43075858778e-13, 8.04030507538e-14, 6.34275401298e-13, 3.08816720026e-13, 6.86821313798e-13, 2.86020501988e-13, 3.34149266416e-13, 2.58300623729e-13, 1.336082937e-13, 1.14047578889e-13, 1.80933718529e-13, 2.65643410047e-13],
        "dvar2": [2.07246664274e-09, 3.53963933719e-08, 4.7220183319e-08, 2.04340025789e-07, 1.18259208648e-07, 4.98432257245e-07, 3.69840421399e-07, 3.03931244616e-07, 1.54171755185e-06, 6.74965065173e-07, 2.97157470186e-07, 2.42155067554e-07, 1.34319799727e-08, 4.7034880879e-08, 1.75402909974e-08, 1.61261866083e-08, 1.36504390014e-08, 5.32388222396e-09, 7.32703342443e-10, 3.8099856603e-10, 1.64270194669e-10, 2.90323487473e-10, 1.67504565773e-10, 9.37227739861e-10, 4.59024984689e-10, 1.90674177836e-11, 4.42344858659e-12, 4.49176286443e-12, 3.53422721861e-13, 1.70239216062e-13, 1.44790939221e-12, 5.89225012098e-13, 1.55651446593e-12, 6.10248505374e-13, 7.17136907583e-13, 5.7891056315e-13, 2.58991287617e-13, 2.53839999151e-13, 3.70262631319e-13, 5.02741077935e-13],
        "max": [0.00256690895185, 0.00900304224342, 0.00787470582873, 0.0117094805464, 0.00740143051371, 0.0161245148629, 0.0130646247417, 0.0112152779475, 0.0228185858577, 0.0157862547785, 0.0180788356811, 0.018242193386, 0.00356420013122, 0.00483961869031, 0.0045489477925, 0.00292421760969, 0.00255703274161, 0.00459582451731, 0.00110230129212, 0.000612067233305, 0.000380850891815, 0.000849712581839, 0.000575637095608, 0.00121359131299, 0.00104086042847, 8.65889378474e-05, 5.13394952577e-05, 4.4894633902e-05, 9.30679016165e-06, 1.34047813845e-05, 6.60024743411e-05, 2.52164172707e-05, 3.52286515408e-05, 2.35772913584e-05, 2.35544739553e-05, 2.33745467995e-05, 1.4983184883e-05, 1.87233454199e-05, 2.19631801883e-05, 2.76978189504e-05],
        "mean": [5.98010046815e-05, 0.000186270219274, 0.000159572635312, 0.000337356090313, 0.00036561046727, 0.000483679090394, 0.000464848184492, 0.000361448270269, 0.000547897827346, 0.000346130982507, 0.000333172851242, 0.000198367328267, 6.26869004918e-05, 6.7953231337e-05, 3.56706223101e-05, 3.75882445951e-05, 2.98878348985e-05, 2.27434193221e-05, 9.20389175008e-06, 4.85802320327e-06, 3.5358873447e-06, 4.36907293988e-06, 5.44838712813e-06, 1.01784080471e-05, 6.77211801303e-06, 1.78625828084e-06, 1.06675258849e-06, 8.90915089258e-07, 2.4376893748e-07, 1.6378487544e-07, 2.92004699531e-07, 2.79020667904e-07, 2.59819358917e-07, 2.08502186183e-07, 2.19589551875e-07, 1.70125545651e-07, 1.31910582013e-07, 1.09757934297e-07, 9.6997858634e-08, 1.1454939397e-07],
        "median": [3.06534957417e-06, 2.45604878728e-05, 5.64529036637e-05, 8.96896890481e-05, 0.000196827066247, 0.000159815084771, 9.87505845842e-05, 6.92035246175e-05, 5.14121893502e-05, 5.83551482123e-05, 4.26090991823e-05, 2.00164286071e-05, 9.50294997892e-06, 5.68929908695e-06, 3.79445350518e-06, 3.64811853615e-06, 3.03878573504e-06, 2.00487397706e-06, 9.86970803751e-07, 7.22730135294e-07, 4.80900894217e-07, 4.21340587309e-07, 4.15217442651e-07, 2.48975453587e-07, 1.8992925277e-07, 1.36282878316e-07, 8.39629592519e-08, 7.5445377945e-08, 3.73179318558e-08, 3.15934620687e-08, 2.2829006241e-08, 1.4223398459e-08, 1.09630908796e-08, 9.28583965276e-09, 6.66819000017e-09, 3.42904016293e-09, 2.00835326147e-09, 1.68331204531e-09, 1.15410225821e-09, 7.91352761098e-10],
        "min": [2.19363237749e-23, 1.96309598209e-23, 9.00661428153e-24, 2.22354030321e-23, 1.48353623598e-23, 1.11876506014e-23, 1.40117426654e-23, 9.17344021918e-24, 1.34928015629e-23, 7.95798069135e-24, 8.32568769194e-24, 6.92456659463e-24, 1.11235193652e-23, 1.72885067826e-23, 1.71148926968e-23, 7.05382776484e-24, 6.07786009695e-24, 8.82601246588e-24, 6.53215247049e-24, 1.26879906791e-23, 1.19887711939e-23, 1.38138348192e-23, 7.98300651471e-24, 5.34375836589e-24, 5.69742245907e-24, 4.24088743305e-24, 7.57592352204e-24, 8.93569568615e-24, 1.118496453e-23, 1.50608708713e-23, 9.93110798649e-24, 7.55203208067e-24, 6.52921001931e-24, 9.21124085604e-24, 7.67516853481e-24, 5.55547916652e-24, 5.29453620642e-24, 8.84838692774e-24, 1.00352210599e-23, 1.23002844768e-23],
        "var": [3.23337125963e-08, 1.94424757183e-07, 1.17360720253e-07, 4.65040045583e-07, 2.46417044991e-07, 8.34469403799e-07, 1.01161174371e-06, 5.7181205193e-07, 1.9462399905e-06, 8.3501493009e-07, 7.63914158597e-07, 3.69252035171e-07, 4.01943545114e-08, 5.81606762751e-08, 2.42467521616e-08, 1.70477374439e-08, 1.20870815579e-08, 2.48281075699e-08, 2.48996778751e-09, 5.24644439004e-10, 1.97864086227e-10, 7.09243053176e-10, 8.20818801817e-10, 3.41869177412e-09, 1.18354059886e-09, 2.80312006246e-11, 8.71839926642e-12, 7.56767738752e-12, 3.55036448374e-13, 1.86110702587e-13, 3.65727326895e-12, 1.21656731997e-12, 1.41477270437e-12, 7.66430593036e-13, 8.30120423356e-13, 6.11488670029e-13, 4.31888926749e-13, 2.81098088599e-13, 4.31231846022e-13, 7.64767318483e-13]
    },
    "mfcc": {
        "mean": [-787.558776855, 174.216369629, -8.06963157654, -10.0522489548, -21.0551433563, -18.065158844, -14.3496055603, -8.27408790588, -12.5936670303, -3.59385204315, -3.78691911697, -9.2983455658, -9.91969776154],
        "cov": [[12670.1201172, 214.283248901, -655.759155273, 1077.73339844, 6.66043615341, 99.3270797729, 287.058807373, 663.279663086, -263.532043457, 373.886932373, 215.213226318, -34.9576072693, 39.6707305908], [214.283248901, 2030.72570801, 30.4546966553, 53.2256278992, 86.8806915283, 46.7424278259, 94.4312362671, -76.0588150024, 178.349761963, -18.5592708588, -84.8656921387, 65.4822387695, 26.9371013641], [-655.759155273, 30.4546966553, 853.960876465, -60.7050247192, 98.4156112671, 111.227355957, 74.2834396362, 76.166229248, 66.9240646362, 32.5419197083, 16.108587265, -1.83041512966, 60.649810791], [1077.73339844, 53.2256278992, -60.7050247192, 555.343200684, 176.691711426, 21.7615890503, 29.5531291962, 81.0993728638, 24.3396320343, 11.9361610413, 55.5584793091, 85.4761276245, 71.2809677124], [6.66043615341, 86.8806915283, 98.4156112671, 176.691711426, 371.918212891, 127.434783936, 16.8048057556, 7.04054021835, 0.559151887894, 10.8683815002, 56.6655387878, 71.6318359375, 54.7327003479], [99.3270797729, 46.7424278259, 111.227355957, 21.7615890503, 127.434783936, 352.411499023, 170.335632324, 32.5982322693, 4.18796539307, 37.375038147, 39.8962249756, 4.59417629242, 19.2531166077], [287.058807373, 94.4312362671, 74.2834396362, 29.5531291962, 16.8048057556, 170.335632324, 280.264892578, 136.043258667, 41.1677284241, 77.0964813232, 33.1173439026, -8.3851852417, -0.974947154522], [663.279663086, -76.0588150024, 76.166229248, 81.0993728638, 7.04054021835, 32.5982322693, 136.043258667, 274.895568848, 87.8921508789, 55.5249099731, 8.65017700195, -29.0756664276, 2.82737922668], [-263.532043457, 178.349761963, 66.9240646362, 24.3396320343, 0.559151887894, 4.18796539307, 41.1677284241, 87.8921508789, 250.538345337, 63.6040496826, -27.6258163452, 5.4230298996, 2.51632738113], [373.886932373, -18.5592708588, 32.5419197083, 11.9361610413, 10.8683815002, 37.375038147, 77.0964813232, 55.5249099731, 63.6040496826, 226.785995483, 93.6869735718, -2.21784901619, -3.55934023857], [215.213226318, -84.8656921387, 16.108587265, 55.5584793091, 56.6655387878, 39.8962249756, 33.1173439026, 8.65017700195, -27.6258163452, 93.6869735718, 201.436309814, 100.254104614, 34.8011856079], [-34.9576072693, 65.4822387695, -1.83041512966, 85.4761276245, 71.6318359375, 4.59417629242, -8.3851852417, -29.0756664276, 5.4230298996, -2.21784901619, 100.254104614, 206.477325439, 99.6023788452], [39.6707305908, 26.9371013641, 60.649810791, 71.2809677124, 54.7327003479, 19.2531166077, -0.974947154522, 2.82737922668, 2.51632738113, -3.55934023857, 34.8011856079, 99.6023788452, 156.587020874]],
