{
"lowlevel": {
    "average_loudness": 0.875332891941,
    "barkbands_crest": {
        "dmean": 3.93518400192,
        "dmean2": 6.00891685486,
        "dvar": 12.6030158997,
        "dvar2": 23.7341690063,
        "max": 26.9117336273,
        "mean": 15.1585149765,
        "median": 15.1021137238,
        "min": 2.20920443535,
        "var": 35.201499939
    },
    "barkbands_flatness_db": {
        "dmean": 0.0401265248656,
        "dmean2": 0.0544361844659,
        "dvar": 0.00152199808508,
        "dvar2": 0.00261355494149,
        "max": 0.661737143993,
        "mean": 0.163606524467,
        "median": 0.152875646949,
        "min": 0.0176306720823,
        "var": 0.00616683159024
    },
    "barkbands_kurtosis": {
        "dmean": 27.4062271118,
        "dmean2": 40.6213760376,
        "dvar": 11251.9599609,
        "dvar2": 27709.6289062,
        "max": 5790.38574219,
        "mean": 34.2551765442,
        "median": 8.96506118774,
        "min": -1.94007778168,
        "var": 21429.6074219
    },
    "barkbands_skewness": {
        "dmean": 1.65205287933,
        "dmean2": 2.2332611084,
        "dvar": 5.69899129868,
        "dvar2": 10.7030677795,
        "max": 71.0711135864,
        "mean": 3.7380771637,
        "median": 2.93946504593,
        "min": -5.80228996277,
        "var": 15.1106443405
    },
    "barkbands_spread": {
        "dmean": 9.92197227478,
        "dmean2": 14.1134405136,
        "dvar": 152.624298096,
        "dvar2": 321.223236084,
        "max": 123.49772644,
        "mean": 24.2676448822,
        "median": 17.2048892975,
        "min": 0.0764500126243,
        "var": 479.782897949
    },
    "dissonance": {
        "dmean": 0.0158818494529,
        "dmean2": 0.0262361466885,
        "dvar": 0.000283161643893,
        "dvar2": 0.00070392829366,
        "max": 0.500000178814,
        "mean": 0.471538454294,
        "median": 0.478034794331,
        "min": 0.212369322777,
        "var": 0.000585577450693
    },
    "dynamic_complexity": 2.86103534698,
    "erbbands_crest": {
        "dmean": 2.36704349518,
        "dmean2": 3.79396820068,
        "dvar": 5.31517934799,
        "dvar2": 12.3389997482,
        "max": 29.1923122406,
        "mean": 7.35114383698,
        "median": 6.37248420715,
        "min": 2.4452214241,
        "var": 11.134727478
    },
    "erbbands_flatness_db": {
        "dmean": 0.0138810062781,
        "dmean2": 0.021032916382,
        "dvar": 0.000223303897656,
        "dvar2": 0.000514234707225,
        "max": 0.314797371626,
        "mean": 0.10747050494,
        "median": 0.100264444947,
        "min": 0.026061091572,
        "var": 0.000861295324285
    },
    "erbbands_kurtosis": {
        "dmean": 0.923858463764,
        "dmean2": 1.46112573147,
        "dvar": 2.67938828468,
        "dvar2": 6.62965250015,
        "max": 37.5277290344,
        "mean": -0.0787127092481,
        "median": -0.623139023781,
        "min": -1.84532809258,
        "var": 3.67268943787
    },
    "erbbands_skewness": {
        "dmean": 0.411240696907,
        "dmean2": 0.611787736416,
        "dvar": 0.211541593075,
        "dvar2": 0.420417308807,
        "max": 4.74468660355,
        "mean": 0.00699247140437,
        "median": 0.0294301174581,
        "min": -4.75475740433,
        "var": 0.752006590366
    },
    "erbbands_spread": {
        "dmean": 12.9685878754,
        "dmean2": 19.60405159,
        "dvar": 158.176864624,
        "dvar2": 374.187225342,
        "max": 173.353668213,
        "mean": 63.292678833,
        "median": 63.476436615,
        "min": 6.61063337326,
        "var": 419.630187988
    },
    "hfc": {
        "dmean": 14.0947065353,
        "dmean2": 19.7765254974,
        "dvar": 1033.78637695,
        "dvar2": 2242.2734375,
        "max": 435.032287598,
        "mean": 26.7751464844,
        "median": 13.9469795227,
        "min": 1.17771672744e-16,
        "var": 1523.66101074
    },
    "melbands_crest": {
        "dmean": 4.30407047272,
        "dmean2": 6.73345804214,
        "dvar": 14.5144071579,
        "dvar2": 34.9989700317,
        "max": 39.994140625,
        "mean": 20.5757102966,
        "median": 21.1865768433,
        "min": 3.147534132,
        "var": 31.1671447754
    },
    "melbands_flatness_db": {
        "dmean": 0.0490864850581,
        "dmean2": 0.0649162828922,
        "dvar": 0.00218696147203,
        "dvar2": 0.00352222775109,
        "max": 0.637682676315,
        "mean": 0.248921409249,
        "median": 0.244862005115,
        "min": 0.011280358769,
        "var": 0.00978005025536
    },
    "melbands_kurtosis": {
        "dmean": 43.9856681824,
        "dmean2": 66.3885726929,
        "dvar": 28217.1269531,
        "dvar2": 69475.984375,
        "max": 10482.75,
        "mean": 72.5628738403,
        "median": 39.0166549683,
        "min": -1.94621491432,
        "var": 54291.8828125
    },
    "melbands_skewness": {
        "dmean": 1.94852519035,
        "dmean2": 2.78470349312,
        "dvar": 5.3418264389,
        "dvar2": 12.0729646683,
        "max": 98.6675033569,
        "mean": 5.95015621185,
        "median": 5.51968193054,
        "min": -2.45425128937,
        "var": 14.1179275513
    },
    "melbands_spread": {
        "dmean": 11.6033163071,
        "dmean2": 17.0838260651,
        "dvar": 505.196350098,
        "dvar2": 1079.08190918,
        "max": 308.406005859,
        "mean": 19.3383731842,
        "median": 9.66276550293,
        "min": 0.0693701729178,
        "var": 819.794311523
    },
    "pitch_salience": {
        "dmean": 0.113192856312,
        "dmean2": 0.167484492064,
        "dvar": 0.011528044939,
        "dvar2": 0.0210250392556,
        "max": 0.877138435841,
        "mean": 0.395737826824,
        "median": 0.397938549519,
        "min": 0.00169001775794,
        "var": 0.0310194306076
    },
    "silence_rate_20dB": {
        "dmean": 0.000318902981235,
        "dmean2": 0.000637856777757,
        "dvar": 0.000318699807394,
        "dvar2": 0.000637519930024,
        "max": 1,
        "mean": 0.999441981316,
        "median": 1,
        "min": 0,
        "var": 0.000557889346965
    },
    "silence_rate_30dB": {
        "dmean": 0.0889739319682,
        "dmean2": 0.177962049842,
        "dvar": 0.0810635313392,
        "dvar2": 0.155684366822,
        "max": 1,
        "mean": 0.827248096466,
        "median": 1,
        "min": 0,
        "var": 0.142886266112
    },
    "silence_rate_60dB": {
        "dmean": 0.035557679832,
        "dmean2": 0.0710413008928,
        "dvar": 0.0342878885567,
        "dvar2": 0.0827451050282,
        "max": 1,
        "mean": 0.0619419626892,
        "median": 0,
        "min": 0,
        "var": 0.0581120811403
    },
    "spectral_centroid": {
        "dmean": 412.691223145,
        "dmean2": 594.787658691,
        "dvar": 271067.125,
        "dvar2": 502616.375,
        "max": 11012.0898438,
        "mean": 1542.56347656,
        "median": 1365.04711914,
        "min": 113.93712616,
        "var": 921723
    },
    "spectral_complexity": {
        "dmean": 5.40141916275,
        "dmean2": 7.73752212524,
        "dvar": 53.923625946,
        "dvar2": 94.6963500977,
        "max": 60,
        "mean": 16.2386798859,
        "median": 13,
        "min": 0,
        "var": 127.836242676
    },
    "spectral_decrease": {
        "dmean": 6.88443746455e-09,
        "dmean2": 9.64358726208e-09,
        "dvar": 6.06729766293e-17,
        "dvar2": 1.13047889112e-16,
        "max": -2.07919785677e-29,
        "mean": -1.49497747515e-08,
        "median": -1.06868913718e-08,
        "min": -1.06176273107e-07,
        "var": 1.91553906983e-16
    },
    "spectral_energy": {
        "dmean": 0.0266264341772,
        "dmean2": 0.0373598076403,
        "dvar": 0.000889577437192,
        "dvar2": 0.00164857460186,
        "max": 0.406689554453,
        "mean": 0.0588527061045,
        "median": 0.0425513535738,
        "min": 1.0760724734e-20,
        "var": 0.00282330904156
    },
    "spectral_energyband_high": {
        "dmean": 0.00142344331834,
        "dmean2": 0.00203075655736,
        "dvar": 1.5674984752e-05,
        "dvar2": 3.49205001839e-05,
        "max": 0.0543549768627,
        "mean": 0.00225383695215,
        "median": 0.000710114079993,
        "min": 7.86541972228e-21,
        "var": 2.14552055695e-05
    },
    "spectral_energyband_low": {
        "dmean": 0.0252655409276,
        "dmean2": 0.0365020856261,
        "dvar": 0.000979132717475,
        "dvar2": 0.00176274217665,
        "max": 0.373583883047,
        "mean": 0.0477017425001,
        "median": 0.0291951298714,
        "min": 2.18179514095e-22,
        "var": 0.00270351395011
    },
    "spectral_energyband_middle_high": {
        "dmean": 0.00140460429247,
        "dmean2": 0.0021064679604,
        "dvar": 5.17987609783e-06,
        "dvar2": 1.11853496492e-05,
        "max": 0.0243676248938,
        "mean": 0.00252606789581,
        "median": 0.00139622786082,
        "min": 1.26519849532e-21,
        "var": 8.4201392383e-06
    },
    "spectral_energyband_middle_low": {
        "dmean": 0.00621308758855,
        "dmean2": 0.00931725185364,
        "dvar": 0.000120209610031,
        "dvar2": 0.000252595375059,
        "max": 0.20613655448,
        "mean": 0.00831682607532,
        "median": 0.00432998640463,
        "min": 3.37157156651e-22,
        "var": 0.000141530748806
    },
    "spectral_entropy": {
        "dmean": 0.176482886076,
        "dmean2": 0.24758683145,
        "dvar": 0.0397728346288,
        "dvar2": 0.0680973231792,
        "max": 9.80013179779,
        "mean": 7.78488779068,
        "median": 7.79137325287,
        "min": 5.73393011093,
        "var": 0.196987897158
    },
    "spectral_flux": {
        "dmean": 0.0546996593475,
        "dmean2": 0.0865258574486,
        "dvar": 0.00294865947217,
        "dvar2": 0.00738680083305,
        "max": 0.626239359379,
        "mean": 0.125568270683,
        "median": 0.103237241507,
        "min": 1.0373391035e-10,
        "var": 0.00635560741648
    },
    "spectral_kurtosis": {
        "dmean": 0.872406184673,
        "dmean2": 1.40632426739,
        "dvar": 3.24323630333,
        "dvar2": 8.45901870728,
        "max": 70.3016204834,
        "mean": 2.57241773605,
        "median": 2.08649420738,
        "min": -1.17865753174,
        "var": 10.1601858139
    },
    "spectral_rms": {
        "dmean": 0.00180188566446,
        "dmean2": 0.00247731967829,
        "dvar": 3.12237716571e-06,
        "dvar2": 5.35079288966e-06,
        "max": 0.0199190936983,
        "mean": 0.00675489101559,
        "median": 0.00644309818745,
        "min": 3.24010306432e-12,
        "var": 1.17885247164e-05
    },
    "spectral_rolloff": {
        "dmean": 836.389282227,
        "dmean2": 1258.62536621,
        "dvar": 2537842.75,
        "dvar2": 4490677.5,
        "max": 19186.0839844,
        "mean": 1344.12658691,
        "median": 258.3984375,
        "min": 21.533203125,
        "var": 5140825
    },
    "spectral_skewness": {
        "dmean": 0.172766402364,
        "dmean2": 0.263969510794,
        "dvar": 0.0495734810829,
        "dvar2": 0.102254167199,
        "max": 6.57374572754,
        "mean": 1.22027957439,
        "median": 1.19547533989,
        "min": -0.387692302465,
        "var": 0.236610084772
    },
    "spectral_spread": {
        "dmean": 539296.375,
        "dmean2": 816721.0625,
        "dvar": 724161658880,
        "dvar2": 1.29465751962e+12,
        "max": 40043400,
        "mean": 6235987,
        "median": 6371800.5,
        "min": 1124858.25,
        "var": 2.26191920333e+12
    },
    "spectral_strongpeak": {
        "dmean": 0.295634657145,
        "dmean2": 0.48286190629,
        "dvar": 0.275879561901,
        "dvar2": 0.773188471794,
        "max": 9.71830463409,
        "mean": 0.542271733284,
        "median": 0.407929301262,
        "min": 0,
        "var": 0.291106015444
    },
    "zerocrossingrate": {
        "dmean": 0.0181159619242,
        "dmean2": 0.0194517895579,
        "dvar": 0.000596950587351,
        "dvar2": 0.000655755517073,
        "max": 0.48681640625,
        "mean": 0.059258248657,
        "median": 0.04345703125,
        "min": 0,
        "var": 0.0027420502156
    },
    "barkbands": {
        "dmean": [0.00150364765432, 0.0211300197989, 0.00880790036172, 0.00379268382676, 0.00274181808345, 0.000617823388893, 0.000253797566984, 0.000468727434054, 0.000401826866437, 0.000199104571948, 0.000220232963329, 0.000213715611608, 0.000256345316302, 0.000186122604646, 0.000195267857634, 0.000136684815516, 0.000140552700032, 0.000119295917102, 0.000127190927742, 0.000249743228778, 0.00025591175654, 0.000321878382238, 0.000456161069451, 0.000246432784479, 0.000135471724207, 5.25698560523e-05, 1.17129648061e-05],
        "dmean2": [0.00256264675409, 0.0311408191919, 0.0132680926472, 0.00653186440468, 0.00464370148256, 0.00112518540118, 0.000360436009942, 0.000700321397744, 0.000666918000206, 0.000319692888297, 0.00034487360972, 0.000347679189872, 0.000433491921285, 0.000291205797112, 0.000337121105986, 0.000211543854675, 0.000229942190344, 0.000187719240785, 0.000208637065953, 0.000385564810131, 0.000404442544095, 0.000444136210717, 0.000713063112926, 0.000335855176672, 0.000199081579922, 7.89534533396e-05, 1.75241784746e-05],
        "dvar": [6.23370124231e-06, 0.000878343184013, 0.00032226840267, 8.46597104101e-05, 4.24889985879e-05, 2.98891427519e-06, 1.78503682946e-07, 1.58162720254e-06, 6.60898081151e-07, 2.00296781827e-07, 3.32110829504e-07, 2.12628918916e-07, 2.81479714204e-07, 9.36203150559e-08, 2.39619737386e-07, 5.73875560406e-08, 6.07383370266e-08, 4.72122501094e-08, 4.00964559333e-08, 3.18717326309e-07, 3.96264397295e-07, 6.99178769992e-07, 2.21108462028e-06, 4.85468945044e-07, 1.65555334775e-07, 5.04164816562e-08, 1.52212964455e-09],
        "dvar2": [1.53127948579e-05, 0.00148210534826, 0.000697294541169, 0.000228639619309, 0.000117366260383, 8.71524662216e-06, 3.34339233632e-07, 3.6189480852e-06, 1.60932938797e-06, 4.53974678294e-07, 7.91423076407e-07, 5.68802818179e-07, 7.61716819397e-07, 2.39044311456e-07, 6.74270097534e-07, 1.28128135657e-07, 1.47079930457e-07, 1.06268501554e-07, 1.00142202086e-07, 6.34978334801e-07, 9.13162296001e-07, 1.47002003814e-06, 5.11750613441e-06, 1.00502006717e-06, 3.83324845643e-07, 1.18714446273e-07, 2.69356825733e-09],
        "max": [0.0342701338232, 0.337510347366, 0.24797296524, 0.156525447965, 0.172298952937, 0.0183053407818, 0.0103654097766, 0.0250518620014, 0.00991384778172, 0.0117343533784, 0.0125227672979, 0.0106004755944, 0.00736593548208, 0.00611854856834, 0.00651593506336, 0.00362419639714, 0.00278956443071, 0.0029842897784, 0.00326085695997, 0.00770109891891, 0.0156351495534, 0.0110410545021, 0.0189681816846, 0.0103902304545, 0.00740663474426, 0.00663904985413, 0.00069620530121],
        "mean": [0.00222606933676, 0.0339522212744, 0.00962691567838, 0.00335753289983, 0.00279715447687, 0.000543962756637, 0.000461824965896, 0.000578899343964, 0.00051140220603, 0.000255893333815, 0.000260043889284, 0.000266877555987, 0.000299303996144, 0.000262961519184, 0.000200512891752, 0.000180623319466, 0.000171182924532, 0.000164387805853, 0.000197991335881, 0.000391879671952, 0.000387778476579, 0.000527897034772, 0.000552855373826, 0.000372934882762, 0.000201484319405, 7.972723688e-05, 2.23255792662e-05],
        "median": [0.000590032199398, 0.0164401866496, 0.00236733956262, 0.000615207303781, 0.00116159184836, 0.000209560908843, 0.00021186171216, 0.000202882511076, 0.000147931830725, 0.000101947414805, 8.42018562253e-05, 0.000117737523396, 0.00012483226601, 0.00013984576799, 5.44103531865e-05, 7.39744427847e-05, 5.02898474224e-05, 4.43787212134e-05, 0.000116089577205, 0.000105581289972, 0.000196754437638, 0.000139133131597, 9.92375789792e-05, 8.65811234689e-05, 3.73908842448e-05, 1.8180360712e-05, 4.3366853788e-06],
        "min": [1.68873678568e-23, 1.63089406468e-22, 2.27253282528e-23, 3.8853703056e-23, 7.78140411737e-23, 7.43036984979e-23, 8.67383488638e-23, 2.13471914068e-23, 2.23836647061e-23, 7.80712098288e-23, 8.03069362975e-23, 4.0561574294e-23, 1.28194857456e-22, 1.46626182299e-22, 1.95750204319e-22, 1.56039148299e-22, 9.51078285912e-23, 1.2105564102e-22, 1.66062515935e-22, 1.66602525934e-22, 5.80998707268e-22, 6.19727511554e-22, 8.28936452845e-22, 7.87282072694e-22, 1.1748258832e-21, 1.69149317297e-21, 2.36902265613e-21],
        "var": [1.12239422378e-05, 0.00201155082323, 0.000371829286451, 6.2952087319e-05, 3.0915492971e-05, 1.74083436377e-06, 5.47721754174e-07, 1.71853855591e-06, 9.30564112878e-07, 2.60501366256e-07, 3.56377114485e-07, 2.07100072203e-07, 2.60172356548e-07, 1.49218365664e-07, 1.84922200219e-07, 7.69694210589e-08, 7.47496358144e-08, 6.81471234998e-08, 5.44910996325e-08, 5.21587480762e-07, 5.21758977357e-07, 1.22512506096e-06, 2.3344755391e-06, 7.3982585036e-07, 2.13437900243e-07, 4.96503886893e-08, 3.10181480501e-09]
    },
    "erbbands": {
        "dmean": [0.547972917557, 4.95395231247, 9.5899105072, 11.8864803314, 8.95024204254, 9.11132621765, 9.60181236267, 3.91546678543, 3.51337981224, 5.4117269516, 9.82518482208, 9.990858078, 5.71494007111, 7.05612277985, 9.34275531769, 8.21716022491, 11.6241617203, 8.06329059601, 8.13859367371, 11.0704565048, 7.2488360405, 7.09858322144, 6.72713375092, 7.44791793823, 7.26689434052, 12.3004179001, 9.31315803528, 9.79126834869, 13.2201299667, 10.0890235901, 14.5057973862, 6.48965454102, 3.74374127388, 1.95131933689, 0.795054495335, 0.302901208401, 0.0945612639189, 0.0126912910491, 0.0023104341235, 0.000153670131112],
        "dmean2": [0.830179452896, 7.23043251038, 14.1127548218, 18.8820934296, 15.3556089401, 15.6423301697, 16.604724884, 6.97420740128, 5.0374546051, 7.95343971252, 15.1551427841, 16.3296432495, 8.84135246277, 11.6696872711, 14.466750145, 13.6993103027, 19.5808849335, 12.4112148285, 13.3703956604, 18.4690799713, 11.3560972214, 11.4023895264, 10.7732181549, 11.8243875504, 11.4062042236, 18.9300403595, 14.4896411896, 14.9979095459, 19.466758728, 15.3984050751, 22.7503471375, 8.75884246826, 5.37383460999, 3.02213716507, 1.15324699879, 0.44660666585, 0.146922931075, 0.0193788222969, 0.00345890969038, 0.000240828376263],
        "dvar": [0.438007563353, 56.5555725098, 297.380950928, 724.965942383, 492.819580078, 454.627288818, 605.230407715, 89.2640151978, 43.0796051025, 121.259796143, 529.591552734, 438.582427979, 188.056488037, 198.594619751, 407.894287109, 223.750595093, 517.393005371, 157.359329224, 220.011581421, 823.58026123, 160.892227173, 152.205490112, 134.650299072, 167.598495483, 187.038391113, 765.147888184, 375.520080566, 644.007629395, 1237.65686035, 878.625305176, 2435.70605469, 345.029449463, 123.260421753, 33.8782920837, 5.74430465698, 1.07497525215, 0.283997476101, 0.00151993299369, 5.89945666434e-05, 1.98181197675e-07],
        "dvar2": [0.951674640179, 90.8794937134, 598.649597168, 1786.22009277, 1335.20581055, 1283.90441895, 1708.63208008, 259.467834473, 79.7636566162, 271.230224609, 1229.59460449, 1057.68249512, 395.549102783, 478.168121338, 997.218322754, 594.984985352, 1405.44006348, 375.730651855, 616.95526123, 2247.13574219, 360.039916992, 346.938751221, 308.602813721, 401.51864624, 359.424102783, 1671.23547363, 815.809020996, 1405.59033203, 2831.53808594, 2147.9543457, 5677.9921875, 699.392944336, 254.648422241, 82.5965270996, 13.0131549835, 2.42954134941, 0.711376905441, 0.00315358070657, 0.000101866258774, 4.00953041435e-07],
        "max": [5.92877006531, 87.0060958862, 271.877838135, 589.003417969, 430.015869141, 563.554931641, 243.494277954, 99.2115097046, 158.937179565, 202.12059021, 413.246673584, 255.625091553, 423.76852417, 313.835235596, 385.1434021, 221.713638306, 326.287689209, 224.586898804, 258.042449951, 428.530609131, 230.194458008, 177.223052979, 161.095245361, 169.749267578, 162.27192688, 391.341583252, 450.735412598, 663.340637207, 499.650024414, 420.953521729, 633.71685791, 280.230682373, 160.255584717, 75.9733200073, 51.6543884277, 28.1663284302, 16.2297286987, 0.827938854694, 0.139308080077, 0.00844461563975],
        "mean": [0.819334685802, 8.07538795471, 13.0338907242, 12.1023187637, 8.38911247253, 9.11660861969, 9.00461292267, 4.10521173477, 6.48826265335, 8.12240409851, 12.5056409836, 12.8413076401, 7.5720911026, 8.97290229797, 11.4758348465, 10.4186983109, 14.0022573471, 12.1216506958, 10.7966432571, 12.0390872955, 9.90961170197, 9.31404876709, 9.35839748383, 11.1266098022, 12.1114215851, 19.3627948761, 14.7987804413, 15.1880607605, 21.2217388153, 14.5870065689, 17.0595569611, 9.83371353149, 5.22067117691, 2.68616819382, 1.18132388592, 0.449136704206, 0.13547809422, 0.0233164541423, 0.00438499310985, 0.000298482686048],
        "median": [0.496642678976, 3.51674604416, 4.16454696655, 3.70837068558, 2.98078465462, 3.48654961586, 2.87104821205, 1.99106669426, 2.73078250885, 4.06254339218, 5.35320281982, 3.61416482925, 3.40458106995, 3.6023452282, 4.65367794037, 4.72748374939, 5.99275588989, 5.57945346832, 5.59051465988, 3.10735797882, 4.16222381592, 3.16560983658, 2.77040290833, 5.29071044922, 5.8084602356, 6.09264755249, 7.68821001053, 4.86408948898, 5.83928775787, 3.54930496216, 2.44368648529, 2.30874872208, 0.896329522133, 0.489316731691, 0.251453518867, 0.100821048021, 0.0294940061867, 0.00509783159941, 0.000809909775853, 0.000115645641927],
        "min": [6.31747924117e-21, 2.97539160469e-20, 3.20454228324e-20, 8.09407861611e-20, 1.65133917244e-19, 2.88840406363e-19, 3.88955756111e-19, 6.50434914816e-19, 7.30263065505e-19, 1.64091840278e-18, 3.09298237272e-19, 7.06659311629e-19, 1.46116812656e-18, 2.55323234058e-18, 3.32614390789e-18, 2.23995133205e-18, 5.74791843077e-18, 7.87404888336e-18, 7.40572569031e-18, 1.00479208922e-17, 8.79288772523e-18, 5.69147162577e-18, 5.11034622618e-18, 9.79732900715e-18, 7.04199369546e-18, 9.5909309007e-18, 2.0495378292e-17, 2.12855822768e-17, 2.49854949823e-17, 2.61543690167e-17, 1.88205840514e-17, 1.977509423e-17, 1.1434867033e-17, 1.02174292248e-17, 9.91722056513e-18, 6.6971838707e-18, 3.24243467746e-18, 1.18006247931e-18, 3.03961009466e-19, 3.75644946639e-20],
        "var": [0.860721588135, 134.156356812, 468.201080322, 662.414855957, 356.229431152, 331.348114014, 406.052093506, 59.5546264648, 134.168563843, 180.877288818, 575.927001953, 621.475830078, 247.703186035, 245.88861084, 455.339080811, 248.063842773, 500.333618164, 271.336547852, 263.572967529, 671.706787109, 220.994216919, 200.340927124, 195.299484253, 223.246047974, 321.385314941, 1147.44787598, 594.330566406, 900.976806641, 1964.92358398, 1086.49645996, 2503.89135742, 536.862548828, 167.310501099, 40.467048645, 7.18274784088, 1.21128833294, 0.236582055688, 0.00258966023102, 0.000121876728372, 3.54703701078e-07]
    },
    "gfcc": {
        "mean": [9.94606399536, 63.2144355774, -81.0833129883, 49.4824562073, -48.7555541992, 27.9415912628, -21.3016300201, 7.64930009842, -18.606710434, 6.20934009552, -13.7894287109, -2.06247854233, -12.4785356522],
        "cov": [[6055.86621094, -623.109130859, -108.336791992, 643.948242188, -16.6778049469, 169.850631714, -135.636108398, 92.5048446655, -36.6725959778, -20.7587909698, -118.027069092, 7.95078134537, -73.6704025269], [-623.109130859, 1627.76464844, 44.0880622864, -6.26435565948, 412.356018066, -59.492855072, 212.253799438, -1.60555410385, 175.21244812, 7.02705955505, 123.62991333, -34.773399353, 73.7029037476], [-108.336791992, 44.0880622864, 495.155578613, 84.2977676392, 106.416046143, 54.4268302917, 99.588104248, 65.8322906494, 83.1096115112, 93.3818969727, 52.4872398376, 21.9407520294, -5.32548856735], [643.948242188, -6.26435565948, 84.2977676392, 493.892242432, 30.2697124481, 173.285522461, 35.5158500671, 93.6158218384, 61.2482757568, 57.6474609375, 45.3471450806, 7.19994115829, 18.5851688385], [-16.6778049469, 412.356018066, 106.416046143, 30.2697124481, 364.888824463, 45.3875350952, 151.510818481, 38.203540802, 87.5751113892, -22.5158481598, 29.5873088837, -11.6752214432, 13.8266210556], [169.850631714, -59.492855072, 54.4268302917, 173.285522461, 45.3875350952, 261.067230225, 92.023223877, 72.7701034546, 22.2592735291, 2.01452732086, 14.8308544159, 0.348425894976, 15.6662092209], [-135.636108398, 212.253799438, 99.588104248, 35.5158500671, 151.510818481, 92.023223877, 173.639694214, 73.6374893188, 80.7543258667, 29.6443557739, 48.9221191406, -0.0871248021722, 18.1318435669], [92.5048446655, -1.60555410385, 65.8322906494, 93.6158218384, 38.203540802, 72.7701034546, 73.6374893188, 120.503395081, 82.4472045898, 43.076084137, 22.194852829, 5.23572301865, -2.23215413094], [-36.6725959778, 175.21244812, 83.1096115112, 61.2482757568, 87.5751113892, 22.2592735291, 80.7543258667, 82.4472045898, 141.945663452, 77.216758728, 59.3126983643, 4.24640464783, 4.67372131348], [-20.7587909698, 7.02705955505, 93.3818969727, 57.6474609375, -22.5158481598, 2.01452732086, 29.6443557739, 43.076084137, 77.216758728, 140.71005249, 80.6537017822, 35.3309173584, 11.9269285202], [-118.027069092, 123.62991333, 52.4872398376, 45.3471450806, 29.5873088837, 14.8308544159, 48.9221191406, 22.194852829, 59.3126983643, 80.6537017822, 103.534942627, 44.1472129822, 28.6331214905], [7.95078134537, -34.773399353, 21.9407520294, 7.19994115829, -11.6752214432, 0.348425894976, -0.0871248021722, 5.23572301865, 4.24640464783, 35.3309173584, 44.1472129822, 72.2810745239, 42.2952728271], [-73.6704025269, 73.7029037476, -5.32548856735, 18.5851688385, 13.8266210556, 15.6662092209, 18.1318435669, -2.23215413094, 4.67372131348, 11.9269285202, 28.6331214905, 42.2952728271, 72.3025588989]],
        "icov": [[0.000226764343097, 4.45771765953e-05, 0.00012408773182, -0.000357189914212, -0.000176649875357, 9.44378098211e-06, 0.000100895973446, 2.39807013713e-05, -1.15607026601e-05, -0.000170236031408, 0.000544383947272, -0.000527572468854, 0.0004156017676], [4.45771765953e-05, 0.00132380961441, 0.00012443959713, -0.0001738237479, -0.000845671747811, 0.000761038041674, -0.000619038997684, 0.000912294606678, -0.00115861569066, 0.000885908026248, -0.00173801032361, 0.0020769238472, -0.00166786566842], [0.00012408773182, 0.00012443959713, 0.00285163614899, -0.000487796525704, -0.000830267323181, -1.1916395124e-05, -0.00123841967434, 0.000383783772122, -3.81159998142e-06, -0.00227127713151, 0.00156406848691, -0.00169539242052, 0.00156606128439], [-0.000357189914212, -0.0001738237479, -0.000487796525704, 0.00398765923455, -0.000462444499135, -0.00233734981157, 0.00295278057456, -0.0027063335292, 0.000622748746537, -0.000588168855757, -0.0026082675904, 0.00290893274359, -0.0020888291765], [-0.000176649875357, -0.000845671747811, -0.000830267323181, -0.000462444499135, 0.0067228032276, 0.00043644948164, -0.00511589413509, 0.00275940261781, -0.00379448733293, 0.00411079218611, 0.000860286701936, -0.00227556144819, 0.00128535588738], [9.44378098211e-06, 0.000761038041674, -1.1916395124e-05, -0.00233734981157, 0.00043644948164, 0.00765737891197, -0.00483893742785, -0.0017931649927, 0.00183970946819, 0.00185519515071, -0.0010390720563, 0.00125599035528, -0.00149890326429], [0.000100895973446, -0.000619038997684, -0.00123841967434, 0.00295278057456, -0.00511589413509, -0.00483893742785, 0.0192752573639, -0.00880744867027, 0.00143116072286, -0.00061038217973, -0.00681198667735, 0.00652622571215, -0.00430712569505], [2.39807013713e-05, 0.000912294606678, 0.000383783772122, -0.0027063335292, 0.00275940261781, -0.0017931649927, -0.00880744867027, 0.024358889088, -0.0143403792754, 0.00037366169272, 0.00832781940699, -0.00802683923393, 0.00490284990519], [-1.15607026601e-05, -0.00115861569066, -3.81159998142e-06, 0.000622748746537, -0.00379448733293, 0.00183970946819, 0.00143116072286, -0.0143403792754, 0.0246632546186, -0.00867632776499, -0.00557032553479, 0.00682359980419, -0.00141441507731], [-0.000170236031408, 0.000885908026248, -0.00227127713151, -0.000588168855757, 0.00411079218611, 0.00185519515071, -0.00061038217973, 0.00037366169272, -0.00867632776499, 0.0216552820057, -0.0127941938117, -0.000616196775809, 0.000299699488096], [0.000544383947272, -0.00173801032361, 0.00156406848691, -0.0026082675904, 0.000860286701936, -0.0010390720563, -0.00681198667735, 0.00832781940699, -0.00557032553479, -0.0127941938117, 0.033703930676, -0.01858712174, 0.00513426447287], [-0.000527572468854, 0.0020769238472, -0.00169539242052, 0.00290893274359, -0.00227556144819, 0.00125599035528, 0.00652622571215, -0.00802683923393, 0.00682359980419, -0.000616196775809, -0.01858712174, 0.0388446450233, -0.0209505222738], [0.0004156017676, -0.00166786566842, 0.00156606128439, -0.0020888291765, 0.00128535588738, -0.00149890326429, -0.00430712569505, 0.00490284990519, -0.00141441507731, 0.000299699488096, 0.00513426447287, -0.0209505222738, 0.0281814299524]]
    },
    "melbands": {
        "dmean": [0.0055669657886, 0.00507968803868, 0.00184266571887, 0.000625059066806, 0.000362966267858, 9.15923010325e-05, 5.10668360221e-05, 7.62108757044e-05, 8.09415287222e-05, 5.7923822169e-05, 2.85892347165e-05, 2.9388389521e-05, 3.27423222188e-05, 2.56542298303e-05, 2.88886003545e-05, 2.02702267416e-05, 1.57455087901e-05, 1.4397315681e-05, 1.47477321661e-05, 1.13327332656e-05, 8.41354540171e-06, 6.72683245284e-06, 8.26359791972e-06, 6.47318847768e-06, 6.3953557401e-06, 4.78057972941e-06, 9.16806038731e-06, 7.25377367417e-06, 6.59797160552e-06, 5.04697845827e-06, 6.15997714704e-06, 7.46665728002e-06, 6.55304120301e-06, 5.75933199798e-06, 9.71685221884e-06, 5.94425364397e-06, 3.09679080601e-06, 2.81234497379e-06, 2.04155526262e-06, 1.55289853865e-06],
        "dmean2": [0.00809565745294, 0.00732291257009, 0.00284052477218, 0.00107675290201, 0.000623365107458, 0.000163684351719, 7.33246706659e-05, 0.000111344677862, 0.000127595456433, 9.46951840888e-05, 4.44217221229e-05, 4.90763413836e-05, 5.09267592861e-05, 4.11076071032e-05, 4.95858039358e-05, 3.33167809003e-05, 2.42489004449e-05, 2.39092023548e-05, 2.53923099081e-05, 1.7774211301e-05, 1.35709788083e-05, 1.07770147224e-05, 1.3513952581e-05, 1.0317984561e-05, 1.02211661215e-05, 7.97096618044e-06, 1.42034350574e-05, 1.12709121822e-05, 1.0367759387e-05, 8.20406239654e-06, 9.38950142881e-06, 1.12717425509e-05, 9.66480001807e-06, 9.24384221435e-06, 1.550829802e-05, 8.72783039085e-06, 4.18629724663e-06, 4.07933657698e-06, 2.96115854326e-06, 2.53300731856e-06],
        "dvar": [5.1702849305e-05, 5.6227978348e-05, 1.52666580107e-05, 2.45372984864e-06, 7.54571374273e-07, 5.24197147911e-08, 8.5335143396e-09, 3.1945539547e-08, 2.91397785901e-08, 1.34441631161e-08, 4.94053820077e-09, 3.3840814595e-09, 6.61028609628e-09, 3.41998585007e-09, 4.07143652126e-09, 1.33235189548e-09, 6.04269689841e-10, 8.15408685018e-10, 1.47352197111e-09, 5.78694703268e-10, 2.27148730381e-10, 1.39861386361e-10, 2.51793474959e-10, 1.6629879418e-10, 1.24039209459e-10, 5.14886709657e-11, 4.77933748133e-10, 2.4631680029e-10, 1.70756311868e-10, 2.23924018217e-10, 2.42817654872e-10, 3.62813667998e-10, 3.1904590081e-10, 2.78888495631e-10, 1.12845122135e-09, 3.37955496921e-10, 7.32515784141e-11, 7.0967225152e-11, 3.47822326496e-11, 2.2518945042e-11],
        "dvar2": [9.45326610235e-05, 9.9575438071e-05, 3.57129429176e-05, 6.87713054504e-06, 2.11689462049e-06, 1.52744561888e-07, 1.61285882427e-08, 7.25414466274e-08, 6.9270640779e-08, 3.22129309893e-08, 1.04876045626e-08, 8.35423730194e-09, 1.60498316859e-08, 9.1928482604e-09, 1.1167192504e-08, 3.34738570196e-09, 1.4467261833e-09, 2.36853869851e-09, 4.1064347478e-09, 1.35998812212e-09, 5.37259403632e-10, 3.23167742566e-10, 6.5132216287e-10, 3.83097692458e-10, 3.0519070604e-10, 1.3046885794e-10, 9.13018494142e-10, 5.67846769606e-10, 3.75603159686e-10, 5.06154285151e-10, 5.22640986045e-10, 8.27698132255e-10, 7.21702586581e-10, 7.06076419554e-10, 2.68111000068e-09, 7.21865678344e-10, 1.4324930131e-10, 1.50985099423e-10, 7.54267551195e-11, 5.71213354394e-11],
        "max": [0.0811659395695, 0.114581689239, 0.0836667120457, 0.0412530377507, 0.00943616125733, 0.00241692946292, 0.00241696531884, 0.00362970423885, 0.00289926165715, 0.00137084641028, 0.00216583069414, 0.0014483074192, 0.00180747802369, 0.00138241471723, 0.000852825585753, 0.000642365135718, 0.000408371270169, 0.000566282484215, 0.00050541292876, 0.000324212218402, 0.000289899355266, 0.000185779979802, 0.000216234431718, 0.000187275334611, 0.000153685788973, 0.000111631270556, 0.000287073024083, 0.000224297022214, 0.000281094427919, 0.000467783451313, 0.000320757302688, 0.000274661870208, 0.000246184383286, 0.000235263956711, 0.000437224080088, 0.000242623951635, 0.0001329495135, 0.000125242266222, 8.01166243036e-05, 7.26871803636e-05],
        "mean": [0.008868759498, 0.0085649555549, 0.00199244357646, 0.000608970003668, 0.000350909191184, 9.33617629926e-05, 9.42886181292e-05, 0.000105930899736, 0.00010247015598, 7.35362409614e-05, 3.62646060239e-05, 3.62223800039e-05, 3.92654001189e-05, 3.10688956233e-05, 3.18767197314e-05, 2.60574197455e-05, 2.25308685913e-05, 1.855647497e-05, 1.48057788465e-05, 1.40746424222e-05, 1.10586588562e-05, 8.50360174809e-06, 1.04158107206e-05, 8.26788891573e-06, 9.18216665013e-06, 7.12048040441e-06, 1.43811930684e-05, 1.09227075882e-05, 1.00102279248e-05, 7.37417713026e-06, 9.04803891899e-06, 1.18783727885e-05, 9.97320421448e-06, 7.65382628742e-06, 1.08146268758e-05, 7.81782728154e-06, 5.01750082549e-06, 3.84188388125e-06, 2.81357961285e-06, 2.05901778827e-06],
        "median": [0.00493910908699, 0.00365525344387, 0.000655558891594, 0.00025388476206, 0.000117071875138, 4.30649888585e-05, 4.1272774979e-05, 4.61323688796e-05, 4.22509547207e-05, 2.10519847315e-05, 1.42072240124e-05, 1.48393173731e-05, 1.43503111758e-05, 1.30686867124e-05, 1.2251737644e-05, 1.23643039842e-05, 1.0500625649e-05, 8.9609548013e-06, 3.60524882126e-06, 4.28691782872e-06, 4.19435582444e-06, 2.82480004898e-06, 2.75454772236e-06, 1.90713808479e-06, 4.25873622589e-06, 4.1708271965e-06, 3.11924395646e-06, 3.5697248677e-06, 4.89195190312e-06, 2.61865284301e-06, 2.52770678344e-06, 3.67709139937e-06, 1.80678421202e-06, 2.13752377931e-06, 1.33880416797e-06, 1.76305115929e-06, 1.07886967271e-06, 6.73877366353e-07, 3.72550630345e-07, 3.94947107907e-07],
        "min": [5.10171682862e-23, 2.46117423795e-23, 1.65348211851e-23, 1.63294538702e-23, 1.4405917527e-23, 1.51305130898e-23, 1.34084013347e-23, 1.54298400494e-23, 2.01153377716e-24, 4.10034397417e-24, 7.6908652891e-24, 1.05300167078e-23, 1.16647016121e-23, 6.04429643201e-24, 8.59526039592e-24, 1.16013284712e-23, 1.59225594153e-23, 1.05371251334e-23, 1.56895914351e-23, 1.20414686801e-23, 9.245439554e-24, 6.00666500582e-24, 4.07115888169e-24, 6.44149381425e-24, 8.30415731125e-24, 5.2317290733e-24, 4.60245196819e-24, 6.18223704433e-24, 1.36027561513e-23, 1.18748202362e-23, 1.13025095381e-23, 1.63959958653e-23, 9.12019999669e-24, 1.77348900367e-23, 9.70078269027e-24, 1.20325853175e-23, 1.29137666144e-23, 8.9610465202e-24, 6.21732242195e-24, 9.07587311356e-24],
        "var": [0.000114787297207, 0.000138994626468, 1.54511435539e-05, 1.69855502463e-06, 5.31953219252e-07, 3.35945173902e-08, 2.57802721393e-08, 3.91964896096e-08, 3.24053175405e-08, 1.93142799532e-08, 6.45098596763e-09, 4.0588203909e-09, 6.94047397332e-09, 3.25327387252e-09, 3.29606564264e-09, 1.63241620221e-09, 1.0107106263e-09, 9.5851104831e-10, 1.13160270043e-09, 6.44769293512e-10, 2.95090618607e-10, 1.77550668612e-10, 2.96435542779e-10, 2.17878617925e-10, 1.60251895087e-10, 7.06137162632e-11, 8.25798984749e-10, 3.43298972583e-10, 2.67895844397e-10, 3.02629782345e-10, 3.36924876887e-10, 5.8207300091e-10, 4.92681728748e-10, 3.08472303256e-10, 1.10267051046e-09, 4.18328399698e-10, 1.29785918124e-10, 9.30455920645e-11, 4.63808227935e-11, 2.49199428454e-11]
    },
    "mfcc": {
        "mean": [-643.342224121, 93.8706588745, 29.6704940796, 31.0824546814, 7.22671127319, 23.8816833496, 10.5833730698, 9.94695472717, 3.83603072166, 9.14684391022, 4.06893777847, 3.99356079102, 0.573238015175],
        "cov": [[5510.01367188, -799.25, -78.6909255981, 332.867004395, 193.419815063, 119.443656921, -28.6990146637, 119.877929688, 16.3946666718, 45.4080848694, -90.4204101562, -37.2926979065, -7.22744464874], [-799.25, 1507.51330566, -162.584686279, 120.069343567, 124.613990784, 45.6523170471, 80.2092819214, 41.6479568481, 76.5814819336, 46.9145774841, 65.6637878418, 87.3966445923, 18.388677597], [-78.6909255981, -162.584686279, 427.019958496, 84.3084411621, 18.6170539856, 60.5699882507, 26.2354927063, 5.81493473053, 26.1771373749, 58.4010620117, 63.1959609985, 61.8866233826, 75.7513427734], [332.867004395, 120.069343567, 84.3084411621, 270.631195068, 112.010879517, 57.1945991516, 26.6749897003, 30.3492908478, 43.5178489685, 54.5593910217, 37.219581604, 62.1027259827, 54.5361099243], [193.419815063, 124.613990784, 18.6170539856, 112.010879517, 162.135955811, 80.6659698486, 55.7938346863, 75.2770233154, 51.9474411011, 42.4759864807, 26.1593647003, 21.1639709473, 11.5532665253], [119.443656921, 45.6523170471, 60.5699882507, 57.1945991516, 80.6659698486, 145.451553345, 94.3787765503, 67.6447753906, 40.0674934387, 46.4605865479, 20.5782985687, 18.5819034576, 23.422328949], [-28.6990146637, 80.2092819214, 26.2354927063, 26.6749897003, 55.7938346863, 94.3787765503, 130.983612061, 80.3491363525, 46.3031539917, 31.2942008972, 22.8051795959, 6.07304668427, 9.06175422668], [119.877929688, 41.6479568481, 5.81493473053, 30.3492908478, 75.2770233154, 67.6447753906, 80.3491363525, 129.15222168, 68.753578186, 42.1825065613, 17.8877334595, 10.2114057541, 7.92384529114], [16.3946666718, 76.5814819336, 26.1771373749, 43.5178489685, 51.9474411011, 40.0674934387, 46.3031539917, 68.753578186, 95.1550369263, 55.6384391785, 33.3329544067, 24.6477165222, 16.3504562378], [45.4080848694, 46.9145774841, 58.4010620117, 54.5593910217, 42.4759864807, 46.4605865479, 31.2942008972, 42.1825065613, 55.6384391785, 105.723114014, 61.7025337219, 45.3216972351, 36.625125885], [-90.4204101562, 65.6637878418, 63.1959609985, 37.219581604, 26.1593647003, 20.5782985687, 22.8051795959, 17.8877334595, 33.3329544067, 61.7025337219, 92.4368591309, 60.9235496521, 32.0434684753], [-37.2926979065, 87.3966445923, 61.8866233826, 62.1027259827, 21.1639709473, 18.5819034576, 6.07304668427, 10.2114057541, 24.6477165222, 45.3216972351, 60.9235496521, 92.583442688, 60.8741760254], [-7.22744464874, 18.388677597, 75.7513427734, 54.5361099243, 11.5532665253, 23.422328949, 9.06175422668, 7.92384529114, 16.3504562378, 36.625125885, 32.0434684753, 60.8741760254, 93.8149871826]],
