{
"lowlevel": {
    "average_loudness": 0.704949855804,
    "barkbands_crest": {
        "dmean": 3.01868534088,
        "dmean2": 4.42124652863,
        "dvar": 7.64963245392,
        "dvar2": 15.5244569778,
        "max": 26.7907810211,
        "mean": 12.4685497284,
        "median": 10.8061742783,
        "min": 1.9817353487,
        "var": 40.8549308777
    },
    "barkbands_flatness_db": {
        "dmean": 0.0369757972658,
        "dmean2": 0.0477620363235,
        "dvar": 0.00170063029509,
        "dvar2": 0.00279637868516,
        "max": 0.763201594353,
        "mean": 0.135947719216,
        "median": 0.115501359105,
        "min": 0.0156688354909,
        "var": 0.00738278217614
    },
    "barkbands_kurtosis": {
        "dmean": 21.5705966949,
        "dmean2": 33.3481712341,
        "dvar": 35251.8398438,
        "dvar2": 93202.9140625,
        "max": 8308.08691406,
        "mean": 23.8267383575,
        "median": 2.63885307312,
        "min": -1.89468491077,
        "var": 28471.2949219
    },
    "barkbands_skewness": {
        "dmean": 1.04274666309,
        "dmean2": 1.4248957634,
        "dvar": 5.86229324341,
        "dvar2": 13.732840538,
        "max": 82.8381729126,
        "mean": 2.60597062111,
        "median": 1.73993992805,
        "min": -4.95212888718,
        "var": 11.266667366
    },
    "barkbands_spread": {
        "dmean": 10.4779891968,
        "dmean2": 14.8663225174,
        "dvar": 184.695800781,
        "dvar2": 377.951263428,
        "max": 140.086532593,
        "mean": 28.1832828522,
        "median": 22.7653141022,
        "min": 0.0197176709771,
        "var": 432.01361084
    },
    "dissonance": {
        "dmean": 0.0181061532348,
        "dmean2": 0.0295662488788,
        "dvar": 0.000298497325275,
        "dvar2": 0.000748292251956,
        "max": 0.500000059605,
        "mean": 0.462620645761,
        "median": 0.467674016953,
        "min": 0.222515150905,
        "var": 0.00067398318788
    },
    "dynamic_complexity": 2.24799203873,
    "erbbands_crest": {
        "dmean": 1.79567909241,
        "dmean2": 2.71540784836,
        "dvar": 4.41781187057,
        "dvar2": 8.93633174896,
        "max": 28.602514267,
        "mean": 6.72026205063,
        "median": 5.90299129486,
        "min": 1.9780600071,
        "var": 11.3754854202
    },
    "erbbands_flatness_db": {
        "dmean": 0.0237024817616,
        "dmean2": 0.0335581116378,
        "dvar": 0.000755148706958,
        "dvar2": 0.00150384567678,
        "max": 0.418557018042,
        "mean": 0.119195275009,
        "median": 0.107742272317,
        "min": 0.0187431238592,
        "var": 0.00307059893385
    },
    "erbbands_kurtosis": {
        "dmean": 0.963523507118,
        "dmean2": 1.52835404873,
        "dvar": 68.6373443604,
        "dvar2": 150.784179688,
        "max": 483.602996826,
        "mean": 0.0829645246267,
        "median": -0.521740674973,
        "min": -1.8519192934,
        "var": 74.8025054932
    },
    "erbbands_skewness": {
        "dmean": 0.342951506376,
        "dmean2": 0.504450380802,
        "dvar": 0.272034049034,
        "dvar2": 0.586861789227,
        "max": 17.7508087158,
        "mean": 0.316173821688,
        "median": 0.337103456259,
        "min": -3.50331783295,
        "var": 0.577052891254
    },
    "erbbands_spread": {
        "dmean": 11.8714895248,
        "dmean2": 16.7511024475,
        "dvar": 180.807846069,
        "dvar2": 383.070343018,
        "max": 203.637268066,
        "mean": 57.6769371033,
        "median": 52.8158912659,
        "min": 1.02520358562,
        "var": 729.332763672
    },
    "hfc": {
        "dmean": 34.0524215698,
        "dmean2": 51.975189209,
        "dvar": 4770.19335938,
        "dvar2": 11489.4707031,
        "max": 736.312011719,
        "mean": 45.744052887,
        "median": 22.1279773712,
        "min": 1.19403667006e-16,
        "var": 5125.50878906
    },
    "melbands_crest": {
        "dmean": 4.09769678116,
        "dmean2": 5.72779083252,
        "dvar": 14.6496191025,
        "dvar2": 30.0665493011,
        "max": 37.3473243713,
        "mean": 17.8030147552,
        "median": 15.9701786041,
        "min": 2.00751304626,
        "var": 70.0132827759
    },
    "melbands_flatness_db": {
        "dmean": 0.0409773141146,
        "dmean2": 0.0511643849313,
        "dvar": 0.00205073715188,
        "dvar2": 0.00330716860481,
        "max": 0.908323228359,
        "mean": 0.206737548113,
        "median": 0.189044967294,
        "min": 0.00712903868407,
        "var": 0.0113111389801
    },
    "melbands_kurtosis": {
        "dmean": 30.2366733551,
        "dmean2": 42.5801811218,
        "dvar": 8768.15136719,
        "dvar2": 18477.0527344,
        "max": 2012.39599609,
        "mean": 53.894985199,
        "median": 12.7046890259,
        "min": -1.79431402683,
        "var": 15472.6796875
    },
    "melbands_skewness": {
        "dmean": 1.30591893196,
        "dmean2": 1.76502168179,
        "dvar": 4.35218000412,
        "dvar2": 8.5669670105,
        "max": 37.5024147034,
        "mean": 4.59368562698,
        "median": 3.08894252777,
        "min": -2.79589080811,
        "var": 15.8858184814
    },
    "melbands_spread": {
        "dmean": 8.31071281433,
        "dmean2": 11.9136095047,
        "dvar": 161.067504883,
        "dvar2": 342.381256104,
        "max": 262.279388428,
        "mean": 22.329492569,
        "median": 17.701461792,
        "min": 0.0919799283147,
        "var": 455.898651123
    },
    "pitch_salience": {
        "dmean": 0.0889834985137,
        "dmean2": 0.128561288118,
        "dvar": 0.00908859912306,
        "dvar2": 0.0174162033945,
        "max": 0.926343619823,
        "mean": 0.456035166979,
        "median": 0.490432202816,
        "min": 0.0074665620923,
        "var": 0.0387577973306
    },
    "silence_rate_20dB": {
        "dmean": 0.000167869729921,
        "dmean2": 0.000335767661454,
        "dvar": 0.000167840000358,
        "dvar2": 0.000335648684995,
        "max": 1,
        "mean": 0.999496459961,
        "median": 1,
        "min": 0,
        "var": 0.000503325660247
    },
    "silence_rate_30dB": {
        "dmean": 0.0710088983178,
        "dmean2": 0.142029717565,
        "dvar": 0.0659716650844,
        "dvar2": 0.130416408181,
        "max": 1,
        "mean": 0.762987852097,
        "median": 1,
        "min": 0,
        "var": 0.18082550168
    },
    "silence_rate_60dB": {
        "dmean": 0.021655196324,
        "dmean2": 0.043230086565,
        "dvar": 0.0211884584278,
        "dvar2": 0.0452180914581,
        "max": 1,
        "mean": 0.0287872422487,
        "median": 0,
        "min": 0,
        "var": 0.0279555767775
    },
    "spectral_centroid": {
        "dmean": 331.078796387,
        "dmean2": 467.689331055,
        "dvar": 137200.40625,
        "dvar2": 252718.734375,
        "max": 10854.3388672,
        "mean": 1439.85351562,
        "median": 1319.7520752,
        "min": 54.0156021118,
        "var": 429258.34375
    },
    "spectral_complexity": {
        "dmean": 6.3944940567,
        "dmean2": 9.04885387421,
        "dvar": 53.5563659668,
        "dvar2": 102.71206665,
        "max": 63,
        "mean": 19.3899288177,
        "median": 17,
        "min": 0,
        "var": 131.569122314
    },
    "spectral_decrease": {
        "dmean": 4.48101822315e-09,
        "dmean2": 6.40435260379e-09,
        "dvar": 4.74283294059e-17,
        "dvar2": 9.68682826522e-17,
        "max": 3.10619224786e-10,
        "mean": -1.43296805533e-08,
        "median": -6.46247233504e-09,
        "min": -9.93219089196e-08,
        "var": 2.487290015e-16
    },
    "spectral_energy": {
        "dmean": 0.0189786143601,
        "dmean2": 0.0277737956494,
        "dvar": 0.000846981653012,
        "dvar2": 0.00181323243305,
        "max": 0.387757956982,
        "mean": 0.0582326315343,
        "median": 0.0282915700227,
        "min": 1.05148242943e-20,
        "var": 0.00384088722058
    },
    "spectral_energyband_high": {
        "dmean": 0.00286020291969,
        "dmean2": 0.00427486142144,
        "dvar": 3.75670424546e-05,
        "dvar2": 8.92055759323e-05,
        "max": 0.0674762874842,
        "mean": 0.00348799885251,
        "median": 0.00115332345013,
        "min": 7.57604060162e-21,
        "var": 4.26056758442e-05
    },
    "spectral_energyband_low": {
        "dmean": 0.0144062498584,
        "dmean2": 0.0198327805847,
        "dvar": 0.000683142163325,
        "dvar2": 0.00133860786445,
        "max": 0.363106846809,
        "mean": 0.0421495437622,
        "median": 0.00401234859601,
        "min": 5.4571560955e-23,
        "var": 0.00365728256293
    },
    "spectral_energyband_middle_high": {
        "dmean": 0.00232368055731,
        "dmean2": 0.00353736663237,
        "dvar": 1.52984230226e-05,
        "dvar2": 3.96092073061e-05,
        "max": 0.066059872508,
        "mean": 0.0045968205668,
        "median": 0.00335107883438,
        "min": 1.57725662232e-21,
        "var": 1.88613448699e-05
    },
    "spectral_energyband_middle_low": {
        "dmean": 0.00477572483942,
        "dmean2": 0.00722441030666,
        "dvar": 6.12605072092e-05,
        "dvar2": 0.000119629781693,
        "max": 0.190197244287,
        "mean": 0.0093117011711,
        "median": 0.00671386346221,
        "min": 2.49011025548e-22,
        "var": 9.25710919546e-05
    },
    "spectral_entropy": {
        "dmean": 0.26716452837,
        "dmean2": 0.381671994925,
        "dvar": 0.113633997738,
        "dvar2": 0.237316548824,
        "max": 9.79672527313,
        "mean": 7.77784585953,
        "median": 7.86442899704,
        "min": 3.59420514107,
        "var": 0.352707207203
    },
    "spectral_flux": {
        "dmean": 0.0397190973163,
        "dmean2": 0.0586782768369,
        "dvar": 0.00229244795628,
        "dvar2": 0.00541654741392,
        "max": 0.486136525869,
        "mean": 0.109161965549,
        "median": 0.0928693041205,
        "min": 1.02541815317e-10,
        "var": 0.00501979840919
    },
    "spectral_kurtosis": {
        "dmean": 1.35413634777,
        "dmean2": 2.18531918526,
        "dvar": 5.71901941299,
        "dvar2": 13.5793294907,
        "max": 43.2013473511,
        "mean": 2.86216759682,
        "median": 2.31290626526,
        "min": -1.21262848377,
        "var": 8.43329620361
    },
    "spectral_rms": {
        "dmean": 0.00124955025967,
        "dmean2": 0.00178086909,
        "dvar": 2.48509309131e-06,
        "dvar2": 4.71223484055e-06,
        "max": 0.0194499474019,
        "mean": 0.006524969358,
        "median": 0.00525371590629,
        "min": 3.20286830911e-12,
        "var": 1.42369299283e-05
    },
    "spectral_rolloff": {
        "dmean": 1169.02905273,
        "dmean2": 1914.9909668,
        "dvar": 5236681,
        "dvar2": 11226309,
        "max": 18841.5527344,
        "mean": 2087.68847656,
        "median": 947.4609375,
        "min": 43.06640625,
        "var": 8365664
    },
    "spectral_skewness": {
        "dmean": 0.216975077987,
        "dmean2": 0.33273011446,
        "dvar": 0.0754014328122,
        "dvar2": 0.167545959353,
        "max": 5.59034252167,
        "mean": 1.37012135983,
        "median": 1.32690155506,
        "min": 0.0245416723192,
        "var": 0.170496985316
    },
    "spectral_spread": {
        "dmean": 1050943.75,
        "dmean2": 1549678.25,
        "dvar": 2.20421213389e+12,
        "dvar2": 4.01952577946e+12,
        "max": 40676608,
        "mean": 6802126,
        "median": 6590711,
        "min": 1572737.375,
        "var": 6.68578453914e+12
    },
    "spectral_strongpeak": {
        "dmean": 0.325657218695,
        "dmean2": 0.538917481899,
        "dvar": 0.248345971107,
        "dvar2": 0.611516296864,
        "max": 15.4465990067,
        "mean": 0.730193853378,
        "median": 0.599622249603,
        "min": 0,
        "var": 0.474144816399
    },
    "zerocrossingrate": {
        "dmean": 0.0224938057363,
        "dmean2": 0.0245685428381,
        "dvar": 0.000717576709576,
        "dvar2": 0.000914698059205,
        "max": 0.5263671875,
        "mean": 0.0811561569571,
        "median": 0.0673828125,
        "min": 0.00146484375,
        "var": 0.00364859122783
    },
    "barkbands": {
        "dmean": [0.00215689232573, 0.0122030712664, 0.00516667449847, 0.00177440955304, 0.00168521981686, 0.00129163719248, 0.000741187133826, 0.00065869721584, 0.000598834711127, 0.000538531749044, 0.000376572163077, 0.000419277872425, 0.000228724209592, 0.000318212376442, 0.000249061209615, 0.000207650678931, 0.000270511314739, 0.000192184787011, 0.000190385137103, 0.000194862965145, 0.000224303468713, 0.000282049411908, 0.000398735806812, 0.000384989980375, 0.000727423990611, 0.00058252341114, 0.00029528158484],
        "dmean2": [0.00289966468699, 0.016201602295, 0.00683741364628, 0.00277578970417, 0.00290196947753, 0.00231117103249, 0.00132354651578, 0.00103169109207, 0.000941113336012, 0.000766749843024, 0.000667103566229, 0.000695285911206, 0.000368044275092, 0.000503046263475, 0.000414121313952, 0.000345438398654, 0.000449424172984, 0.000318784732372, 0.00027521137963, 0.000285311281914, 0.000323729240336, 0.000413244619267, 0.000573239405639, 0.000567731738556, 0.001113594044, 0.000940821075346, 0.000513096048962],
        "dvar": [1.99726546271e-05, 0.000537436339073, 0.000157991307788, 2.96056059597e-05, 1.29911149997e-05, 7.56638337407e-06, 2.77302706309e-06, 1.78564448561e-06, 1.42817123105e-06, 8.14409077066e-07, 1.21292691802e-06, 1.14045292321e-06, 1.29627522938e-07, 2.29143779507e-07, 1.93512988744e-07, 1.12566844734e-07, 2.20957829811e-07, 1.34798739282e-07, 1.62028484851e-07, 1.03855803957e-07, 1.5782347873e-07, 2.65224429086e-07, 6.40290977572e-07, 6.1502328208e-07, 3.6088088109e-06, 2.44169791586e-06, 4.45042701358e-07],
        "dvar2": [3.43266183336e-05, 0.00092458067229, 0.000253994279774, 7.28796221665e-05, 3.61301099474e-05, 2.1401056074e-05, 7.87829503679e-06, 4.91484388476e-06, 3.84244867746e-06, 1.71124293047e-06, 3.52855727215e-06, 3.21306356454e-06, 3.22089448446e-07, 4.97466544402e-07, 4.98272015648e-07, 2.7739869779e-07, 5.60174839848e-07, 3.88731336898e-07, 3.69018067659e-07, 2.2406113942e-07, 3.29076897287e-07, 5.70012787193e-07, 1.41166424328e-06, 1.39846815728e-06, 8.80668540049e-06, 5.86714168094e-06, 1.14123076855e-06],
        "max": [0.0570444427431, 0.346737265587, 0.268720269203, 0.0943877995014, 0.0847285017371, 0.0460891574621, 0.0307584125549, 0.017022639513, 0.0180326253176, 0.0152115989476, 0.0218934509903, 0.0265959687531, 0.00603991374373, 0.00523118115962, 0.00453221146017, 0.00403681583703, 0.00609646178782, 0.00560223124921, 0.00702278502285, 0.00731911696494, 0.00943955220282, 0.0131054548547, 0.0137505745515, 0.0142069896683, 0.0218946803361, 0.0167999174446, 0.00627928413451],
        "mean": [0.00266802078113, 0.0314245223999, 0.00699966493994, 0.00178990594577, 0.00258601899259, 0.00156643521041, 0.00114879501052, 0.00103794597089, 0.000895412114915, 0.00106501556002, 0.000491681683343, 0.000597942620516, 0.000376871670596, 0.000512467813678, 0.000321477215039, 0.00026045832783, 0.00033390999306, 0.000246614945354, 0.00026141127455, 0.000307920359774, 0.000329169124598, 0.000387443084037, 0.00054156704573, 0.000540856737643, 0.000785234209616, 0.000530303223059, 0.000225359006436],
        "median": [0.000325582863297, 0.00127679877914, 0.000206039112527, 0.000165748322615, 0.00141788297333, 0.00072249333607, 0.000659496465232, 0.000576131104026, 0.00046518369345, 0.000692431232892, 0.000261064298684, 0.000231593541685, 0.000150302672409, 0.000204202180612, 0.000151299202116, 0.000131419335958, 0.000182060044608, 0.000124703830807, 0.000108064952656, 0.000154582434334, 0.000149038634845, 0.000156653884915, 0.000159501418239, 0.000150014966493, 0.000116858442198, 5.27289594174e-05, 1.04491482489e-05],
        "min": [6.86444513846e-24, 2.48210539989e-23, 1.7917932588e-23, 9.47508879642e-24, 3.39924991888e-23, 7.11608703406e-23, 7.88365121919e-23, 3.84012787051e-23, 1.49682317798e-23, 1.41123113867e-22, 5.49140464947e-23, 7.04575724446e-23, 2.15097529202e-22, 5.00616052945e-23, 1.96450283663e-22, 1.22537424723e-22, 1.15509469229e-22, 3.09179554626e-22, 1.61060872738e-22, 2.46214646168e-22, 4.29198746013e-22, 5.04880723351e-22, 4.800276416e-22, 7.66273684425e-22, 1.17485203552e-21, 1.7859956297e-21, 2.54355110108e-21],
        "var": [4.06268445658e-05, 0.00265026558191, 0.00030979901203, 2.78760799119e-05, 1.36369799293e-05, 6.28599127594e-06, 2.68219969257e-06, 1.86485738141e-06, 1.60981221597e-06, 1.7041107867e-06, 7.97948587206e-07, 1.16361252367e-06, 2.56600230841e-07, 5.07476784151e-07, 1.99912804533e-07, 1.26227647002e-07, 2.1614347645e-07, 1.34414150921e-07, 2.1069033096e-07, 1.63140157383e-07, 2.76343484984e-07, 4.31739039186e-07, 9.37301706472e-07, 9.22378603718e-07, 3.67703728443e-06, 2.28494945986e-06, 3.4651407077e-07]
    },
    "erbbands": {
        "dmean": [0.565244078636, 2.64522123337, 5.21707773209, 6.4822974205, 4.29909038544, 5.34264373779, 12.5788879395, 7.91112279892, 11.8878850937, 10.2269916534, 14.1237831116, 12.7186136246, 16.1108570099, 13.6512432098, 17.8078422546, 14.5094661713, 9.68921756744, 11.7125663757, 12.3314151764, 12.2875185013, 12.9842329025, 15.2550477982, 11.3018703461, 9.70967578888, 9.50794506073, 8.63022518158, 7.78758525848, 9.96287536621, 8.14986610413, 16.1157836914, 8.88134670258, 7.26812553406, 8.18441009521, 6.84159469604, 5.49973201752, 3.01531052589, 0.87929058075, 0.27749595046, 0.0525576509535, 0.00306587386876],
        "dmean2": [0.709380567074, 3.10721373558, 6.28217983246, 9.08078670502, 7.20048809052, 9.25915527344, 21.8958415985, 14.2334413528, 21.1157855988, 16.9775409698, 22.3092384338, 20.0984249115, 23.3496131897, 21.7867488861, 31.3151283264, 23.8797969818, 15.7864122391, 18.773267746, 19.8249168396, 20.2954158783, 21.2419319153, 25.1748504639, 18.6737918854, 14.6851615906, 14.278717041, 12.3881645203, 11.6675481796, 14.2733039856, 12.1943054199, 22.6710586548, 12.8119001389, 11.276594162, 11.7324485779, 9.84216594696, 9.20428466797, 4.89911460876, 1.38969147205, 0.47119218111, 0.0915987938643, 0.00537913292646],
        "dvar": [1.27394616604, 21.060590744, 134.531616211, 287.711578369, 121.20211792, 131.686172485, 641.992004395, 312.734283447, 617.020935059, 528.789855957, 810.623962402, 715.674926758, 782.803405762, 948.284729004, 3051.49682617, 1265.93859863, 239.685180664, 275.987670898, 326.615509033, 405.05380249, 469.951202393, 661.28527832, 468.43838501, 449.768432617, 344.809936523, 192.911514282, 206.390274048, 308.528198242, 235.90020752, 1182.30932617, 297.514862061, 195.086959839, 312.530670166, 245.867523193, 243.726226807, 75.0824279785, 4.90157175064, 0.447684884071, 0.0142547227442, 4.87127472297e-05],
        "dvar2": [2.18299818039, 31.3434143066, 204.777603149, 543.274291992, 325.35144043, 365.654998779, 1821.00415039, 878.532531738, 1750.00415039, 1504.33190918, 2232.67260742, 1940.3927002, 1692.88183594, 2542.68457031, 8891.52246094, 3459.81103516, 609.763977051, 620.218811035, 774.112426758, 1019.80041504, 1153.28259277, 1664.39111328, 1329.86560059, 1024.56555176, 781.976806641, 402.871063232, 490.873748779, 645.768310547, 491.750152588, 2733.13867188, 637.697021484, 455.341064453, 689.824829102, 524.793884277, 630.934509277, 188.899276733, 11.3438796997, 1.0919034481, 0.0366090536118, 0.000128529936774],
        "max": [14.6487026215, 89.5964355469, 288.590240479, 324.404724121, 385.042816162, 212.637496948, 433.532684326, 244.032363892, 403.271331787, 378.592193604, 405.845581055, 410.306335449, 472.420471191, 668.893371582, 1297.70776367, 832.979980469, 263.36505127, 160.926879883, 178.489547729, 237.851333618, 247.133056641, 334.475128174, 325.220733643, 476.124298096, 373.25100708, 254.095733643, 538.166381836, 276.779541016, 521.561889648, 494.749420166, 359.902587891, 218.717819214, 295.362457275, 180.527236938, 181.201538086, 95.0120925903, 24.4648990631, 6.75007104874, 1.1141769886, 0.0767126530409],
        "mean": [1.14545726776, 6.06205606461, 8.23349666595, 8.63893795013, 6.03788089752, 7.65856313705, 15.5757379532, 10.1411848068, 20.0625896454, 13.2666139603, 23.7303771973, 19.7448272705, 28.1090145111, 29.2458820343, 20.1753139496, 23.9843482971, 16.4209842682, 19.3351669312, 19.7352638245, 16.398563385, 16.5743503571, 19.7301864624, 14.9258890152, 13.0911111832, 13.7459449768, 14.0009965897, 12.4233913422, 13.610209465, 12.207285881, 20.6345024109, 12.1058616638, 10.1568412781, 10.6747703552, 8.36391830444, 5.23532915115, 2.74734950066, 0.826367020607, 0.229170754552, 0.0398139692843, 0.00226849457249],
        "median": [0.0550148785114, 0.241704300046, 0.40243062377, 0.690032064915, 2.25983047485, 4.35768175125, 7.12997150421, 5.48991680145, 12.3265342712, 6.64582872391, 14.1417732239, 10.9226045609, 17.3382930756, 17.5923175812, 11.2920455933, 8.57663726807, 8.08998775482, 8.43407726288, 10.914896965, 8.36627292633, 8.79865455627, 11.3884887695, 8.11404037476, 5.11543178558, 6.52553224564, 6.99314880371, 5.69699573517, 6.44174528122, 5.57026147842, 5.28320837021, 4.0363278389, 3.72356271744, 2.0287168026, 1.43564558029, 0.708021223545, 0.27293035388, 0.0834343284369, 0.0177364125848, 0.00187721347902, 0.000195572109078],
        "min": [6.08595863766e-22, 5.86911948029e-21, 2.39185090233e-20, 2.39017828497e-20, 4.60656818507e-20, 1.80620328048e-19, 3.18404255046e-19, 5.22895968672e-19, 9.44829787293e-19, 1.55408946067e-18, 4.38191278079e-19, 3.48250249866e-19, 2.10830988026e-18, 4.02145972989e-18, 2.47264737133e-18, 4.69492454203e-18, 1.0172198989e-17, 3.32257627791e-18, 5.40418559518e-18, 1.10530272273e-17, 7.50928125838e-18, 6.77767764329e-18, 1.34175751207e-17, 1.30033636018e-17, 9.45517898165e-18, 1.10009876406e-17, 1.09222507996e-17, 2.16025132198e-17, 1.86786812173e-17, 1.42858492389e-17, 1.47917280861e-17, 1.72090145338e-17, 1.20386112728e-17, 9.20417764222e-18, 1.07540072261e-17, 6.63475034602e-18, 3.67939614477e-18, 1.48169647462e-18, 3.49463646276e-19, 3.31207802469e-20],
        "var": [4.81680393219, 106.342407227, 348.207641602, 469.061340332, 117.573783875, 124.984107971, 598.956054688, 237.739364624, 678.915466309, 420.113433838, 866.151428223, 771.771789551, 1490.3996582, 1336.02246094, 1803.72521973, 1771.30554199, 399.484802246, 643.088256836, 532.4921875, 465.520355225, 499.828826904, 666.069152832, 464.400665283, 575.953613281, 466.458587646, 344.504119873, 355.878356934, 473.210021973, 443.804016113, 1578.80322266, 470.301757812, 277.254058838, 445.400787354, 324.116424561, 201.781539917, 65.2193374634, 5.05467367172, 0.390088111162, 0.0110356518999, 3.52684219251e-05]
    },
    "gfcc": {
        "mean": [27.0244464874, 51.2613449097, -97.3867492676, 21.7862129211, -59.2483062744, 15.4829387665, -29.3028640747, 10.7980232239, -14.1178817749, 4.84389591217, -12.751789093, 3.75894260406, -5.24187660217],
        "cov": [[6646.96777344, -1986.38134766, 1268.87524414, 90.2243347168, 143.876907349, 415.685668945, -101.507919312, 268.21496582, -388.308929443, 62.6646499634, -148.021102905, 89.1782073975, -255.152359009], [-1986.38134766, 2273.1171875, -777.856811523, 417.776489258, -42.7971076965, -294.840820312, 174.244613647, -243.629989624, 170.384109497, -275.923858643, -11.4016609192, -172.231277466, 214.833709717], [1268.87524414, -777.856811523, 1804.91772461, 307.802825928, 821.097106934, 453.471008301, 205.611984253, 345.801605225, 46.0407333374, 113.541381836, 13.1556978226, 159.496780396, -91.989982605], [90.2243347168, 417.776489258, 307.802825928, 573.988647461, 225.001190186, 176.667953491, 130.684906006, 57.5610351562, 46.8750305176, -69.5947189331, -14.6246509552, -62.4027938843, 7.71320390701], [143.876907349, -42.7971076965, 821.097106934, 225.001190186, 749.76953125, 325.551086426, 282.565429688, 215.210464478, 181.291290283, 144.260772705, 63.5794448853, 20.6371765137, -69.3858718872], [415.685668945, -294.840820312, 453.471008301, 176.667953491, 325.551086426, 483.568023682, 203.636291504, 239.797592163, 106.999336243, 289.3230896, 145.219238281, 13.307516098, -109.781211853], [-101.507919312, 174.244613647, 205.611984253, 130.684906006, 282.565429688, 203.636291504, 314.151885986, 148.555618286, 160.340255737, 148.136917114, 128.774017334, -6.14181661606, -11.9855995178], [268.21496582, -243.629989624, 345.801605225, 57.5610351562, 215.210464478, 239.797592163, 148.555618286, 237.041122437, 89.5005493164, 149.994186401, 64.1050567627, 40.770690918, -40.0870361328], [-388.308929443, 170.384109497, 46.0407333374, 46.8750305176, 181.291290283, 106.999336243, 160.340255737, 89.5005493164, 199.446365356, 130.525588989, 86.2732391357, -6.42835235596, 8.87512111664], [62.6646499634, -275.923858643, 113.541381836, -69.5947189331, 144.260772705, 289.3230896, 148.136917114, 149.994186401, 130.525588989, 398.077178955, 204.522186279, 23.3032283783, -80.0823440552], [-148.021102905, -11.4016609192, 13.1556978226, -14.6246509552, 63.5794448853, 145.219238281, 128.774017334, 64.1050567627, 86.2732391357, 204.522186279, 197.48046875, 51.4738082886, -0.0943310409784], [89.1782073975, -172.231277466, 159.496780396, -62.4027938843, 20.6371765137, 13.307516098, -6.14181661606, 40.770690918, -6.42835235596, 23.3032283783, 51.4738082886, 121.968589783, 54.9955406189], [-255.152359009, 214.833709717, -91.989982605, 7.71320390701, -69.3858718872, -109.781211853, -11.9855995178, -40.0870361328, 8.87512111664, -80.0823440552, -0.0943310409784, 54.9955406189, 124.597488403]],
        "icov": [[0.000259909807937, 0.00018756512145, -8.93347751116e-05, -0.000136488597491, 0.000107837360702, -5.34708560735e-05, -0.000295321224257, 6.86346447765e-06, 0.000512313330546, -0.00011368747073, 0.000288315641228, 7.90076137491e-06, 2.5245035431e-05], [0.00018756512145, 0.00150746048894, 0.000508425000589, -0.000917269091588, -0.000548846437596, 0.000364063220331, -0.000737239781301, 0.000658425560687, -0.000153431101353, 0.000541757792234, -0.000644017360173, 0.00172957312316, -0.00203166203573], [-8.93347751116e-05, 0.000508425000589, 0.00246959878132, -0.00118305685464, -0.0022842711769, 0.000201502247364, -0.000129473497509, -0.000594428740442, 0.000851214164868, -0.000103629288787, 0.00117700418923, -0.00332330469973, 0.000879243074451], [-0.000136488597491, -0.000917269091588, -0.00118305685464, 0.00466012302786, 0.000373527669581, -0.00345905241556, 0.000580660358537, 0.000116040311696, -8.14878803794e-05, 0.00269544892944, -0.00165719154757, 0.00451023224741, -0.00286014564335], [0.000107837360702, -0.000548846437596, -0.0022842711769, 0.000373527669581, 0.00550946500152, -0.00124646350741, -0.00245577795431, 0.00153858121485, -0.00303721148521, 9.88018873613e-05, 0.00203640013933, -0.00129264371935, 0.00253815785982], [-5.34708560735e-05, 0.000364063220331, 0.000201502247364, -0.00345905241556, -0.00124646350741, 0.0105452798307, -0.000146899794345, -0.00495600467548, 0.00165239488706, -0.00441509345546, -0.00185498315841, -0.000881548330653, 0.0040465076454], [-0.000295321224257, -0.000737239781301, -0.000129473497509, 0.000580660358537, -0.00245577795431, -0.000146899794345, 0.0117533616722, -0.00536632863805, -0.00243795244023, 0.00263593927957, -0.0086380885914, 0.00666073849425, -0.00263669574633], [6.86346447765e-06, 0.000658425560687, -0.000594428740442, 0.000116040311696, 0.00153858121485, -0.00495600467548, -0.00536632863805, 0.0144416242838, -0.00358804943971, -0.00144985469524, 0.00678107328713, -0.0063672978431, 0.00119227787945], [0.000512313330546, -0.000153431101353, 0.000851214164868, -8.14878803794e-05, -0.00303721148521, 0.00165239488706, -0.00243795244023, -0.00358804943971, 0.0145364524797, -0.00422834930941, -5.84619992878e-05, 0.00350771402009, -0.00497861905023], [-0.00011368747073, 0.000541757792234, -0.000103629288787, 0.00269544892944, 9.88018873613e-05, -0.00441509345546, 0.00263593927957, -0.00144985469524, -0.00422834930941, 0.012964068912, -0.0107077118009, 0.00478935521096, 0.0010532484157], [0.000288315641228, -0.000644017360173, 0.00117700418923, -0.00165719154757, 0.00203640013933, -0.00185498315841, -0.0086380885914, 0.00678107328713, -5.84619992878e-05, -0.0107077118009, 0.0245876871049, -0.0164555348456, 0.00392666039988], [7.90076137491e-06, 0.00172957312316, -0.00332330469973, 0.00451023224741, -0.00129264371935, -0.000881548330653, 0.00666073849425, -0.0063672978431, 0.00350771402009, 0.00478935521096, -0.0164555348456, 0.036070138216, -0.0217080879956], [2.5245035431e-05, -0.00203166203573, 0.000879243074451, -0.00286014564335, 0.00253815785982, 0.0040465076454, -0.00263669574633, 0.00119227787945, -0.00497861905023, 0.0010532484157, 0.00392666039988, -0.0217080879956, 0.0281317029148]]
    },
    "melbands": {
        "dmean": [0.00394133990631, 0.00251870020293, 0.000973020505626, 0.000332887138939, 0.000391267152736, 0.000198893831111, 0.000167408841662, 0.000124024227262, 0.000124504818814, 7.40655668778e-05, 8.24753660709e-05, 5.65664486203e-05, 5.63944086025e-05, 4.49344370281e-05, 3.82068865292e-05, 1.6904574295e-05, 2.57706869888e-05, 2.32677721215e-05, 2.16212265514e-05, 1.31096248879e-05, 1.59156843438e-05, 1.74964861799e-05, 1.12920661195e-05, 9.53638027568e-06, 8.13062797533e-06, 6.57511782265e-06, 7.9217579696e-06, 5.46332057638e-06, 5.35252684131e-06, 5.19538616572e-06, 6.19161028226e-06, 4.23704250352e-06, 6.52915696264e-06, 1.014820009e-05, 4.46464264314e-06, 5.23382732354e-06, 4.34517914982e-06, 5.37429741598e-06, 7.37334448786e-06, 5.33239744982e-06],
        "dmean2": [0.00512036634609, 0.00295705953613, 0.00134703610092, 0.000574937439524, 0.000677653180901, 0.000356703210855, 0.000298432802083, 0.000199290792807, 0.000193463056348, 0.000118798168842, 0.000118749550893, 8.85146437213e-05, 9.9425764347e-05, 7.63091229601e-05, 6.27779809292e-05, 2.82172877633e-05, 4.10516913689e-05, 3.70482703147e-05, 3.61009842891e-05, 2.16427652049e-05, 2.62789872068e-05, 2.89830149995e-05, 1.86383786058e-05, 1.61129501066e-05, 1.23762847579e-05, 1.01688337963e-05, 1.14986441986e-05, 8.04705632618e-06, 8.37179777591e-06, 7.69160578784e-06, 8.94721506484e-06, 6.35974674879e-06, 9.82541496342e-06, 1.45868007166e-05, 6.50439142191e-06, 8.02333761385e-06, 6.78823835187e-06, 8.05179661256e-06, 1.03584716271e-05, 7.95474443294e-06],
        "dvar": [5.73428296775e-05, 2.1346284484e-05, 5.72179760638e-06, 6.36227639461e-07, 5.98167048338e-07, 1.82903690416e-07, 1.33340336106e-07, 6.88998156306e-08, 5.66039659589e-08, 2.64177959508e-08, 1.9855171729e-08, 1.44385703393e-08, 2.86420878126e-08, 1.85974400324e-08, 4.45242331892e-09, 7.87419296433e-10, 1.44410294833e-09, 1.15232179354e-09, 1.4543430904e-09, 4.32203078882e-10, 8.42022007674e-10, 8.87773465852e-10, 4.11907175035e-10, 3.83416132177e-10, 3.94370508472e-10, 1.92671878452e-10, 1.93568716611e-10, 8.30655752515e-11, 1.05256914296e-10, 9.73122415981e-11, 1.26108484766e-10, 6.62314855737e-11, 1.65285035658e-10, 5.13261155799e-10, 7.32995053543e-11, 1.05178046828e-10, 6.66663460547e-11, 1.30223248851e-10, 3.14058640205e-10, 1.40165615226e-10],
        "dvar2": [0.000100410434243, 3.14096760121e-05, 1.02220874396e-05, 1.75890204446e-06, 1.68604435657e-06, 5.15429292136e-07, 3.784652165e-07, 1.93120854419e-07, 1.51526947434e-07, 7.30811535732e-08, 4.1730711331e-08, 3.79628204428e-08, 8.34958697737e-08, 5.38033830821e-08, 1.15324274574e-08, 2.01849470471e-09, 3.19289772399e-09, 2.61359089926e-09, 3.78632680764e-09, 1.08804631971e-09, 2.09176498345e-09, 2.25914509322e-09, 1.07970887786e-09, 1.10633646688e-09, 9.11310638063e-10, 4.58877602583e-10, 4.32450214527e-10, 1.82974815854e-10, 2.75242967307e-10, 2.0805908385e-10, 2.72573325022e-10, 1.44351613995e-10, 3.71189912141e-10, 1.21136456421e-09, 1.49240703129e-10, 2.40964442844e-10, 1.5845187662e-10, 2.88748081001e-10, 6.97551905127e-10, 2.90661078539e-10],
        "max": [0.10020634532, 0.10802680999, 0.0477311238647, 0.0234822779894, 0.0131804998964, 0.00630888482556, 0.00647333310917, 0.00419363519177, 0.00349393254146, 0.00254221749492, 0.00246173259802, 0.00262715714052, 0.00368115445599, 0.00358476839028, 0.00102379429154, 0.000420243071858, 0.000399453769205, 0.000363648519851, 0.000437161361333, 0.000274728517979, 0.000336609577062, 0.000399938900955, 0.000243056754698, 0.000322293810314, 0.000477952213259, 0.000231742989854, 0.000224541610805, 0.000173769032699, 0.000385522376746, 0.000287170551019, 0.000126095823362, 0.000284242327325, 0.000277954241028, 0.000281736807665, 0.000201913004275, 0.000184350894415, 0.000119345677376, 0.000196680863155, 0.000227947355597, 0.000142104079714],
        "mean": [0.00956495478749, 0.00570760620758, 0.0013880081242, 0.0004860785848, 0.000505148142111, 0.000261752516963, 0.000272808800219, 0.000158703885972, 0.000213700244785, 0.000110022527224, 0.000141970522236, 0.00012299323862, 6.85991108185e-05, 5.70645279367e-05, 6.75492337905e-05, 2.35944789893e-05, 4.18315212301e-05, 3.8033722376e-05, 2.66792194452e-05, 1.79258913704e-05, 1.89086731552e-05, 2.15859781747e-05, 1.46563816088e-05, 1.19118367365e-05, 1.05528097265e-05, 8.68185270519e-06, 1.1623548744e-05, 8.62653268996e-06, 7.79708989285e-06, 7.8732973634e-06, 7.88101442595e-06, 6.49965932098e-06, 8.2354663391e-06, 1.29376348923e-05, 6.36334425508e-06, 6.45737236482e-06, 6.20900800641e-06, 6.81966821503e-06, 9.27054679778e-06, 6.25511165708e-06],
        "median": [0.000479322683532, 0.000271419121418, 0.000199489222723, 0.000233140977798, 0.000261024513748, 0.00014863134129, 0.000164263881743, 7.22950208001e-05, 0.000126886166981, 5.36581101187e-05, 8.56287297211e-05, 7.59710455895e-05, 3.74803203158e-05, 2.31905869441e-05, 2.47861353273e-05, 1.04213586383e-05, 1.62114629347e-05, 1.92582247109e-05, 1.19384612844e-05, 9.77823492576e-06, 9.38113225857e-06, 1.18725665743e-05, 8.24268681754e-06, 5.56056966161e-06, 3.59576483788e-06, 3.81916515835e-06, 5.82510256208e-06, 4.19768366555e-06, 3.39495886692e-06, 3.61291290574e-06, 3.53969767275e-06, 3.1221638892e-06, 2.85986970994e-06, 2.81392181023e-06, 2.3383813641e-06, 1.79445737558e-06, 2.19378239308e-06, 1.38821746987e-06, 1.26732322769e-06, 1.18071034194e-06],
        "min": [6.47227043361e-24, 1.11456697906e-23, 4.33657783857e-24, 8.45685001693e-24, 1.05161587882e-23, 1.39892932617e-23, 1.38346260372e-23, 1.54323912255e-23, 2.71774040053e-24, 1.95306143472e-24, 1.20590232019e-23, 1.8393858683e-23, 7.79638411264e-24, 8.45682713996e-24, 1.95468956474e-23, 1.7598071579e-23, 4.8218752067e-24, 6.82468181567e-24, 1.46766609006e-23, 1.18410388456e-23, 8.54795792946e-24, 7.06304166021e-24, 6.87744241073e-24, 1.67770030608e-23, 9.63110102879e-24, 6.65486925063e-24, 8.23440228571e-24, 6.75344609821e-24, 5.47834710822e-24, 1.05069772362e-23, 1.26331269808e-23, 1.04905752402e-23, 9.85541441605e-24, 7.39925812232e-24, 8.9728123806e-24, 8.22394041238e-24, 1.12492622158e-23, 8.75015954554e-24, 7.28887833788e-24, 7.21681116102e-24],
        "var": [0.000263734196778, 9.93888897938e-05, 1.01458708741e-05, 6.32468299955e-07, 5.62717275443e-07, 1.42094691569e-07, 1.36414499252e-07, 6.3333445155e-08, 6.96549875556e-08, 2.64567106001e-08, 3.94883592492e-08, 2.19131965906e-08, 1.74360028637e-08, 1.33383615264e-08, 9.68837365889e-09, 1.10683051613e-09, 3.43832895489e-09, 2.24070517696e-09, 1.47607293055e-09, 5.04989383643e-10, 8.00536026357e-10, 8.74626537861e-10, 4.07734679353e-10, 3.75705022648e-10, 4.71132965973e-10, 2.33004365802e-10, 2.71266897833e-10, 1.41332168191e-10, 1.59911708875e-10, 1.55502916099e-10, 1.76207826108e-10, 1.18838203167e-10, 2.43914943798e-10, 6.62014054686e-10, 1.27879082323e-10, 1.46991516181e-10, 9.49239506443e-11, 1.79956827218e-10, 4.24226431761e-10, 1.79372849907e-10]
    },
    "mfcc": {
        "mean": [-624.47869873, 93.4962539673, 13.9072685242, 12.8199653625, -1.11904013157, 5.61505413055, -1.17065536976, 5.44130897522, 5.96021080017, 4.77049207687, 0.462246090174, 1.72435116768, 2.38130831718],
        "cov": [[5668.13964844, -1187.88708496, 464.664306641, -209.43510437, 79.8960342407, -66.3615188599, 200.652954102, 15.0872545242, -154.747695923, -103.61945343, -55.7899169922, -158.481323242, -40.2957229614], [-1187.88708496, 1255.8918457, -295.792663574, 359.209472656, -101.081413269, 37.3219223022, -116.698326111, 31.2942333221, 78.0118179321, 10.406961441, -116.702316284, -48.1904678345, -66.8257751465], [464.664306641, -295.792663574, 769.37121582, 187.291870117, 439.89263916, 158.474975586, 252.821594238, 194.759292603, 103.907493591, 21.3264846802, 87.2404403687, 44.051399231, 105.695571899], [-209.43510437, 359.209472656, 187.291870117, 469.165313721, 200.481155396, 106.505599976, 44.6426773071, 153.790817261, 108.181350708, -2.6146736145, -69.9986419678, -41.4637107849, -40.0562171936], [79.8960342407, -101.081413269, 439.89263916, 200.481155396, 525.079711914, 223.463653564, 229.050674438, 184.963424683, 162.64692688, 74.9269866943, 123.998680115, 92.2035522461, 86.9767837524], [-66.3615188599, 37.3219223022, 158.474975586, 106.505599976, 223.463653564, 270.197113037, 213.580932617, 68.647315979, 91.2467269897, 153.606643677, 170.382385254, 131.424133301, 101.263557434], [200.652954102, -116.698326111, 252.821594238, 44.6426773071, 229.050674438, 213.580932617, 340.478881836, 117.482009888, 98.2872543335, 152.210861206, 217.684463501, 156.151641846, 132.916870117], [15.0872545242, 31.2942333221, 194.759292603, 153.790817261, 184.963424683, 68.647315979, 117.482009888, 215.242507935, 126.853851318, 25.3200721741, 21.1945514679, 25.5403194427, 28.1785030365], [-154.747695923, 78.0118179321, 103.907493591, 108.181350708, 162.64692688, 91.2467269897, 98.2872543335, 126.853851318, 169.784194946, 104.541618347, 73.9008483887, 59.2836303711, 46.3785972595], [-103.61945343, 10.406961441, 21.3264846802, -2.6146736145, 74.9269866943, 153.606643677, 152.210861206, 25.3200721741, 104.541618347, 215.735366821, 198.209609985, 131.606201172, 94.0166168213], [-55.7899169922, -116.702316284, 87.2404403687, -69.9986419678, 123.998680115, 170.382385254, 217.684463501, 21.1945514679, 73.9008483887, 198.209609985, 277.372558594, 183.195083618, 136.11529541], [-158.481323242, -48.1904678345, 44.051399231, -41.4637107849, 92.2035522461, 131.424133301, 156.151641846, 25.5403194427, 59.2836303711, 131.606201172, 183.195083618, 177.800521851, 116.43573761], [-40.2957229614, -66.8257751465, 105.695571899, -40.0562171936, 86.9767837524, 101.263557434, 132.916870117, 28.1785030365, 46.3785972595, 94.0166168213, 136.11529541, 116.43573761, 138.089431763]],
