{
"lowlevel": {
    "average_loudness": 0.88493001461,
    "barkbands_crest": {
        "dmean": 3.41928982735,
        "dmean2": 5.1293053627,
        "dvar": 14.8761167526,
        "dvar2": 27.732624054,
        "max": 26.8476409912,
        "mean": 16.4682865143,
        "median": 17.3487586975,
        "min": 2.10573506355,
        "var": 58.196521759
    },
    "barkbands_flatness_db": {
        "dmean": 0.0423929169774,
        "dmean2": 0.0526975207031,
        "dvar": 0.00213437364437,
        "dvar2": 0.00401818193495,
        "max": 0.730981647968,
        "mean": 0.194683775306,
        "median": 0.188417732716,
        "min": 0.0188341736794,
        "var": 0.0134596303105
    },
    "barkbands_kurtosis": {
        "dmean": 49.8399162292,
        "dmean2": 71.4409637451,
        "dvar": 58887.8710938,
        "dvar2": 146004.859375,
        "max": 6271.99560547,
        "mean": 63.5530662537,
        "median": 9.5588684082,
        "min": -1.95602166653,
        "var": 71446.6953125
    },
    "barkbands_skewness": {
        "dmean": 1.87600398064,
        "dmean2": 2.33839774132,
        "dvar": 8.52715873718,
        "dvar2": 17.8726215363,
        "max": 58.2692680359,
        "mean": 4.13386631012,
        "median": 2.75414323807,
        "min": -4.70306062698,
        "var": 25.9096889496
    },
    "barkbands_spread": {
        "dmean": 12.1436500549,
        "dmean2": 18.0604839325,
        "dvar": 289.958374023,
        "dvar2": 677.267883301,
        "max": 123.213447571,
        "mean": 23.7115192413,
        "median": 12.408370018,
        "min": 0.0100878356025,
        "var": 679.235717773
    },
    "dissonance": {
        "dmean": 0.0206358227879,
        "dmean2": 0.0353383496404,
        "dvar": 0.000851736869663,
        "dvar2": 0.0024605547078,
        "max": 0.500000059605,
        "mean": 0.463952630758,
        "median": 0.477210432291,
        "min": 0.189295306802,
        "var": 0.00185307848733
    },
    "dynamic_complexity": 3.85523462296,
    "erbbands_crest": {
        "dmean": 2.98356413841,
        "dmean2": 4.74745893478,
        "dvar": 10.2698574066,
        "dvar2": 23.7756824493,
        "max": 30.7669239044,
        "mean": 9.22070407867,
        "median": 7.01207828522,
        "min": 1.80889976025,
        "var": 34.3891220093
    },
    "erbbands_flatness_db": {
        "dmean": 0.0227157324553,
        "dmean2": 0.0341870188713,
        "dvar": 0.000782401417382,
        "dvar2": 0.00158401438966,
        "max": 0.430636882782,
        "mean": 0.128278166056,
        "median": 0.105394311249,
        "min": 0.0228691324592,
        "var": 0.00551475863904
    },
    "erbbands_kurtosis": {
        "dmean": 3.14028906822,
        "dmean2": 4.64199638367,
        "dvar": 146.056594849,
        "dvar2": 242.552780151,
        "max": 259.560821533,
        "mean": 4.13401460648,
        "median": -0.483093380928,
        "min": -1.85151827335,
        "var": 640.041564941
    },
    "erbbands_skewness": {
        "dmean": 0.618502318859,
        "dmean2": 0.890257000923,
        "dvar": 0.614981234074,
        "dvar2": 1.1105427742,
        "max": 12.2717599869,
        "mean": 0.433643311262,
        "median": 0.139880865812,
        "min": -3.37221693993,
        "var": 3.10873317719
    },
    "erbbands_spread": {
        "dmean": 15.8895292282,
        "dmean2": 23.3131904602,
        "dvar": 291.954101562,
        "dvar2": 663.989013672,
        "max": 198.818954468,
        "mean": 62.3547477722,
        "median": 59.2634429932,
        "min": 0.759340524673,
        "var": 1198.5715332
    },
    "hfc": {
        "dmean": 28.2587852478,
        "dmean2": 42.2434310913,
        "dvar": 4863.78613281,
        "dvar2": 11796.2197266,
        "max": 860.544250488,
        "mean": 37.677986145,
        "median": 17.5487747192,
        "min": 1.13653477964e-16,
        "var": 4958.85302734
    },
    "melbands_crest": {
        "dmean": 4.31716299057,
        "dmean2": 7.00919771194,
        "dvar": 24.0223407745,
        "dvar2": 55.3308601379,
        "max": 39.9458618164,
        "mean": 21.8357334137,
        "median": 24.4162979126,
        "min": 1.79820096493,
        "var": 67.4816207886
    },
    "melbands_flatness_db": {
        "dmean": 0.052863586694,
        "dmean2": 0.0654107928276,
        "dvar": 0.00312403659336,
        "dvar2": 0.00583699159324,
        "max": 0.891521751881,
        "mean": 0.281747579575,
        "median": 0.287158966064,
        "min": 0.00499000167474,
        "var": 0.0205300301313
    },
    "melbands_kurtosis": {
        "dmean": 76.725730896,
        "dmean2": 118.63129425,
        "dvar": 599556.125,
        "dvar2": 1790849.375,
        "max": 34563.1484375,
        "mean": 117.036628723,
        "median": 38.8227920532,
        "min": -1.89341771603,
        "var": 318832.125
    },
    "melbands_skewness": {
        "dmean": 2.19637131691,
        "dmean2": 2.86661601067,
        "dvar": 18.4823989868,
        "dvar2": 50.6704101562,
        "max": 153.541931152,
        "mean": 6.64439439774,
        "median": 5.37676715851,
        "min": -2.54901266098,
        "var": 32.9512710571
    },
    "melbands_spread": {
        "dmean": 12.4169387817,
        "dmean2": 18.8839263916,
        "dvar": 505.833648682,
        "dvar2": 1131.15673828,
        "max": 275.851837158,
        "mean": 20.9721221924,
        "median": 7.02608680725,
        "min": 0.0121586238965,
        "var": 1059.05541992
    },
    "pitch_salience": {
        "dmean": 0.102091945708,
        "dmean2": 0.148303508759,
        "dvar": 0.0126975756139,
        "dvar2": 0.0248339492828,
        "max": 0.955826938152,
        "mean": 0.36702349782,
        "median": 0.326767891645,
        "min": 0.00863067060709,
        "var": 0.0449346527457
    },
    "silence_rate_20dB": {
        "dmean": 0.0144914882258,
        "dmean2": 0.0289855077863,
        "dvar": 0.0142844272777,
        "dvar2": 0.038632825017,
        "max": 1,
        "mean": 0.989699721336,
        "median": 1,
        "min": 0,
        "var": 0.0101948194206
    },
    "silence_rate_30dB": {
        "dmean": 0.123264953494,
        "dmean2": 0.246551424265,
        "dvar": 0.10806145519,
        "dvar2": 0.194140270352,
        "max": 1,
        "mean": 0.604399442673,
        "median": 1,
        "min": 0,
        "var": 0.239102244377
    },
    "silence_rate_60dB": {
        "dmean": 0.0687909200788,
        "dmean2": 0.137593850493,
        "dvar": 0.0640637129545,
        "dvar2": 0.162132292986,
        "max": 1,
        "mean": 0.112168297172,
        "median": 0,
        "min": 0,
        "var": 0.0995795428753
    },
    "spectral_centroid": {
        "dmean": 473.218231201,
        "dmean2": 673.795898438,
        "dvar": 337674.5,
        "dvar2": 696241.75,
        "max": 11670.2060547,
        "mean": 1479.6907959,
        "median": 1290.21398926,
        "min": 57.7257270813,
        "var": 1054221.375
    },
    "spectral_complexity": {
        "dmean": 5.19214296341,
        "dmean2": 7.65793609619,
        "dvar": 48.6525382996,
        "dvar2": 100.866233826,
        "max": 61,
        "mean": 13.5958452225,
        "median": 12,
        "min": 0,
        "var": 107.519638062
    },
    "spectral_decrease": {
        "dmean": 8.76047323572e-09,
        "dmean2": 9.53169543294e-09,
        "dvar": 1.37677317582e-16,
        "dvar2": 2.31870001825e-16,
        "max": 7.45578760449e-21,
        "mean": -2.29708465582e-08,
        "median": -1.30150841215e-08,
        "min": -1.2181845932e-07,
        "var": 5.96281654593e-16
    },
    "spectral_energy": {
        "dmean": 0.0341658592224,
        "dmean2": 0.0377040952444,
        "dvar": 0.00209361710586,
        "dvar2": 0.00360898231156,
        "max": 0.463976770639,
        "mean": 0.0901147723198,
        "median": 0.05275105685,
        "min": 1.04594912428e-20,
        "var": 0.00881947483867
    },
    "spectral_energyband_high": {
        "dmean": 0.00270691234618,
        "dmean2": 0.00411422969773,
        "dvar": 5.09100354975e-05,
        "dvar2": 0.000122512676171,
        "max": 0.0904509350657,
        "mean": 0.00306377164088,
        "median": 0.000706855906174,
        "min": 7.40171713429e-21,
        "var": 5.18900487805e-05
    },
    "spectral_energyband_low": {
        "dmean": 0.0311693698168,
        "dmean2": 0.0335529409349,
        "dvar": 0.00210905796848,
        "dvar2": 0.00334210251458,
        "max": 0.459551125765,
        "mean": 0.0784916877747,
        "median": 0.0373867638409,
        "min": 3.79793359395e-23,
        "var": 0.00824935268611
    },
    "spectral_energyband_middle_high": {
        "dmean": 0.00123011344112,
        "dmean2": 0.00184806599282,
        "dvar": 8.53108122101e-06,
        "dvar2": 2.09744412132e-05,
        "max": 0.100418306887,
        "mean": 0.00201125000603,
        "median": 0.00117110204883,
        "min": 1.48297176498e-21,
        "var": 9.16813496588e-06
    },
    "spectral_energyband_middle_low": {
        "dmean": 0.00671482738107,
        "dmean2": 0.0111228423193,
        "dvar": 0.000260042550508,
        "dvar2": 0.0006375638186,
        "max": 0.160296246409,
        "mean": 0.00781839620322,
        "median": 0.0039837169461,
        "min": 2.69135637169e-22,
        "var": 0.000215986947296
    },
    "spectral_entropy": {
        "dmean": 0.276040673256,
        "dmean2": 0.394303023815,
        "dvar": 0.125118017197,
        "dvar2": 0.239583209157,
        "max": 9.81528186798,
        "mean": 7.63990402222,
        "median": 7.84354400635,
        "min": 3.57325768471,
        "var": 0.787690043449
    },
    "spectral_flux": {
        "dmean": 0.0592490620911,
        "dmean2": 0.081362888217,
        "dvar": 0.00509150978178,
        "dvar2": 0.011655700393,
        "max": 0.601081132889,
        "mean": 0.126338347793,
        "median": 0.0844625532627,
        "min": 6.52766590781e-11,
        "var": 0.0131927160546
    },
    "spectral_kurtosis": {
        "dmean": 2.23336839676,
        "dmean2": 3.48067140579,
        "dvar": 24.9605026245,
        "dvar2": 56.9727973938,
        "max": 94.7334899902,
        "mean": 5.52266597748,
        "median": 2.21680045128,
        "min": -1.31023061275,
        "var": 112.603027344
    },
    "spectral_rms": {
        "dmean": 0.00198650592938,
        "dmean2": 0.00220922427252,
        "dvar": 5.380174116e-06,
        "dvar2": 8.952250937e-06,
        "max": 0.0212758146226,
        "mean": 0.0077159604989,
        "median": 0.00717387162149,
        "min": 3.19442974676e-12,
        "var": 2.83813224087e-05
    },
    "spectral_rolloff": {
        "dmean": 1179.66210938,
        "dmean2": 1955.25671387,
        "dvar": 5225202.5,
        "dvar2": 11959608,
        "max": 20284.2773438,
        "mean": 1989.30993652,
        "median": 258.3984375,
        "min": 21.533203125,
        "var": 10715313
    },
    "spectral_skewness": {
        "dmean": 0.287304729223,
        "dmean2": 0.432484477758,
        "dvar": 0.198101267219,
        "dvar2": 0.423056781292,
        "max": 8.27605819702,
        "mean": 1.56932723522,
        "median": 1.27320098877,
        "min": -0.0686462149024,
        "var": 1.21838974953
    },
    "spectral_spread": {
        "dmean": 904919.75,
        "dmean2": 1382547.375,
        "dvar": 1.98706161254e+12,
        "dvar2": 4.03185598464e+12,
        "max": 54018520,
        "mean": 6747573.5,
        "median": 6817555.5,
        "min": 982703.25,
        "var": 8.63422486938e+12
    },
    "spectral_strongpeak": {
        "dmean": 0.324165761471,
        "dmean2": 0.487025618553,
        "dvar": 0.262110412121,
        "dvar2": 0.679771840572,
        "max": 23.0441856384,
        "mean": 0.669479548931,
        "median": 0.619574129581,
        "min": 0,
        "var": 0.337098836899
    },
    "zerocrossingrate": {
        "dmean": 0.0211432389915,
        "dmean2": 0.0230442825705,
        "dvar": 0.000724941433873,
        "dvar2": 0.000865474285092,
        "max": 0.52392578125,
        "mean": 0.0725494921207,
        "median": 0.0390625,
        "min": 0,
        "var": 0.00610423833132
    },
    "barkbands": {
        "dmean": [0.00200695241801, 0.0277746189386, 0.00955369509757, 0.00362579105422, 0.00305335596204, 0.000487896119012, 0.000392432557419, 0.000418274925323, 0.000356737204129, 0.000170270242961, 0.000183168434887, 0.00021287718846, 9.44345301832e-05, 0.000158218332217, 0.0001252899674, 0.000121734337881, 0.000162390584592, 9.70145774772e-05, 0.000139574956847, 0.00029492637259, 0.000241908841417, 0.000302751810523, 0.000523355498444, 0.000427749997471, 0.000661693804432, 0.00036675305455, 0.000106665705971],
        "dmean2": [0.00331794843078, 0.0338202156126, 0.0158396027982, 0.00657675461844, 0.00547766219825, 0.000776348926593, 0.000661957077682, 0.000678823969793, 0.000602121755946, 0.000260714121396, 0.00028524294612, 0.000345242966432, 0.000150519321323, 0.000254237849731, 0.00020311276603, 0.000190862396266, 0.000258417683654, 0.000160479117767, 0.000224893781706, 0.00045340435463, 0.000381444959203, 0.000449233979452, 0.00085004826542, 0.000631718954537, 0.00104900216684, 0.000581272121053, 0.000165716119227],
        "dvar": [5.87899667153e-05, 0.0019889685791, 0.000980942160822, 0.000145691505168, 8.63871609909e-05, 1.68157453118e-06, 2.61888908426e-06, 1.16860587696e-06, 6.04423894401e-06, 2.97728860232e-07, 2.20881744895e-07, 2.58486329585e-06, 6.68442510232e-08, 2.45258377163e-07, 7.89907304011e-08, 8.49290699989e-08, 1.43826653698e-07, 3.1930699862e-08, 1.0405005213e-07, 4.61692366116e-07, 3.44398785046e-07, 5.88325519857e-07, 2.26638735512e-06, 1.28226020024e-06, 3.1312572446e-06, 1.47612649926e-06, 1.08585119563e-07],
        "dvar2": [0.000142336022691, 0.0036402256228, 0.00240960181691, 0.00040851382073, 0.000245831877692, 4.0239037844e-06, 7.51661082177e-06, 2.77862068288e-06, 1.70107323356e-05, 7.13152928711e-07, 4.87795375648e-07, 7.37915661375e-06, 1.69233246083e-07, 6.35614753719e-07, 1.94524844233e-07, 1.84475865694e-07, 3.30106217916e-07, 7.1715057004e-08, 2.5862215125e-07, 1.06400852928e-06, 7.81882476986e-07, 1.39597102589e-06, 5.56012037123e-06, 2.658479616e-06, 7.98389100964e-06, 3.77278979613e-06, 2.61081453345e-07],
        "max": [0.150473564863, 0.392788410187, 0.291963905096, 0.115297399461, 0.0805671289563, 0.0479986034334, 0.072243437171, 0.024293012917, 0.0697445869446, 0.0151960626245, 0.00873028673232, 0.0777396410704, 0.0060185897164, 0.0193740110844, 0.00467118714005, 0.00558747584, 0.010290584527, 0.00281699397601, 0.0184504594654, 0.0130398804322, 0.0237677935511, 0.0141763119027, 0.0191029328853, 0.0143911736086, 0.0218321122229, 0.0130847627297, 0.00371017539874],
        "mean": [0.00388675392605, 0.0658282637596, 0.00757604604587, 0.0027278540656, 0.00274750520475, 0.000692889327183, 0.000538813997991, 0.000591419695411, 0.000400020973757, 0.00023006448464, 0.000251128367381, 0.000279274856439, 0.000129447609652, 0.000203094328754, 0.00016732023505, 0.000149224186316, 0.000209577250644, 0.000124628117192, 0.000175441877218, 0.000344456668245, 0.00028316519456, 0.000375269301003, 0.000523058522958, 0.00055700034136, 0.000670146604534, 0.000350482208887, 0.000101921767055],
        "median": [0.000407965388149, 0.0228621419519, 0.000597990001552, 0.000372260023141, 0.000737699912861, 0.00027797248913, 0.000201661008759, 0.000225705560297, 0.00012385417358, 8.63665482029e-05, 9.47356020333e-05, 0.000103348553239, 4.85149575979e-05, 7.76499073254e-05, 6.75952978781e-05, 5.81922649872e-05, 8.32501827972e-05, 5.60837434023e-05, 7.57223897381e-05, 9.17222350836e-05, 8.71841111802e-05, 8.76208359841e-05, 0.000102161546238, 6.82354293531e-05, 0.000105792052636, 3.59583900718e-05, 1.22764868138e-05],
        "min": [3.47551762229e-24, 1.37874395333e-23, 9.43758556013e-24, 3.85997450648e-24, 1.26779476909e-23, 1.64944299291e-23, 3.54424413099e-23, 2.15853011824e-23, 6.64401373571e-23, 4.4765720136e-23, 3.59621302524e-23, 3.5396677911e-23, 4.70555151311e-23, 6.64207313789e-23, 9.15050187955e-23, 1.1255327294e-22, 9.7964458012e-23, 1.44364789451e-22, 1.93601915193e-22, 1.79052177279e-22, 2.54745728785e-22, 4.01647734721e-22, 4.67730297207e-22, 7.79955284068e-22, 1.07070583626e-21, 1.3086758636e-21, 2.24989471349e-21],
        "var": [0.000188675694517, 0.00627286266536, 0.000802577647846, 8.90519440873e-05, 5.23463240825e-05, 2.24579980568e-06, 2.70133932645e-06, 1.60926822446e-06, 3.90222612623e-06, 3.187091977e-07, 2.9529903145e-07, 1.66250299571e-06, 8.29537043501e-08, 2.43095712449e-07, 9.47672162965e-08, 1.09998921971e-07, 1.64885136655e-07, 4.0537035062e-08, 1.13054390738e-07, 5.59504201192e-07, 4.68720315894e-07, 7.19714876141e-07, 2.02488331524e-06, 1.63222864558e-06, 2.79805590253e-06, 1.2383510466e-06, 9.906520404e-08]
    },
    "erbbands": {
        "dmean": [0.859881043434, 6.41717576981, 11.1636304855, 11.0833301544, 11.01820755, 9.68232727051, 4.86552810669, 3.40488767624, 5.64161157608, 7.36866521835, 8.71286392212, 7.00552225113, 7.3834195137, 4.74596500397, 7.54014539719, 9.1228055954, 5.10816717148, 7.70863580704, 5.73804950714, 7.29444360733, 6.66099834442, 8.50401306152, 5.11445045471, 7.28076457977, 8.20914649963, 15.2534894943, 9.15270519257, 10.7241392136, 10.1461601257, 10.9229917526, 16.4723701477, 10.7376327515, 7.04607152939, 6.91979122162, 4.87924575806, 1.79657506943, 0.691064119339, 0.133582025766, 0.0205319672823, 0.000890843803063],
        "dmean2": [1.04716312885, 7.69148540497, 16.6027565002, 18.4063663483, 19.312877655, 17.667848587, 8.0874786377, 5.60358333588, 9.66471862793, 12.3605384827, 13.6609792709, 11.7954845428, 11.9515190125, 7.31935977936, 11.7116413116, 14.9487733841, 8.01449584961, 12.4055786133, 9.14720249176, 11.6416492462, 10.4744491577, 13.5164670944, 8.24998950958, 11.7334976196, 13.1056919098, 23.4548664093, 14.5448856354, 16.8963241577, 15.259349823, 16.7895450592, 26.7986373901, 16.2127437592, 10.6773529053, 10.8734970093, 7.62204885483, 2.85459709167, 1.08884096146, 0.209140062332, 0.0324867069721, 0.00138479948509],
        "dvar": [1.85755944252, 123.705284119, 1067.50048828, 1168.7298584, 1058.90356445, 990.57623291, 145.103363037, 121.448219299, 801.49017334, 381.055114746, 779.494384766, 2182.61010742, 2132.09130859, 285.990234375, 352.676025391, 6591.66064453, 219.234161377, 495.39074707, 200.533615112, 285.129760742, 339.447479248, 351.019958496, 105.682243347, 167.152023315, 371.138153076, 1397.17248535, 610.188598633, 557.724975586, 619.965026855, 765.230407715, 2388.80786133, 879.583068848, 361.094055176, 288.791351318, 176.821426392, 34.5554046631, 5.30651807785, 0.171604469419, 0.00428845733404, 7.78769390308e-06],
        "dvar2": [3.811191082, 217.459091187, 2421.84570312, 2964.99291992, 2912.56567383, 2851.59570312, 387.628082275, 321.882476807, 2341.94848633, 1008.46063232, 1634.53051758, 6192.09765625, 5763.76123047, 640.474182129, 825.341552734, 18991.546875, 566.70123291, 1294.77880859, 500.682037354, 693.701965332, 789.33392334, 785.725341797, 229.309448242, 405.400939941, 915.057617188, 3278.03881836, 1297.89526367, 1386.67614746, 1516.84106445, 1868.37329102, 5758.75, 1992.15527344, 789.555847168, 733.571350098, 432.361450195, 88.8236846924, 13.5299949646, 0.421069383621, 0.0107428906485, 1.93779032998e-05],
        "max": [16.3344326019, 106.212112427, 318.684448242, 378.679595947, 360.163330078, 283.554290771, 155.596343994, 451.196166992, 1292.33984375, 329.283416748, 933.248535156, 1310.33483887, 1343.01452637, 462.234405518, 370.585357666, 3909.32617188, 441.16217041, 874.358581543, 430.515625, 272.929748535, 489.2550354, 545.733154297, 166.057113647, 369.630371094, 1063.03381348, 636.973693848, 993.449768066, 684.562072754, 631.875915527, 398.416656494, 649.415100098, 367.962127686, 255.884048462, 205.056671143, 171.905838013, 62.1255569458, 23.6627902985, 5.19570064545, 0.747537076473, 0.0303661376238],
        "mean": [2.16297006607, 13.5875806808, 12.0888776779, 9.38623905182, 9.71656417847, 8.1756696701, 6.60514259338, 4.73093605042, 7.04179239273, 10.5465841293, 12.4108858109, 8.45597457886, 8.75228977203, 6.68914556503, 10.2879686356, 11.8035154343, 7.3441619873, 10.3383312225, 7.41596651077, 9.9395236969, 8.68198394775, 11.0485086441, 7.06121063232, 8.85069084167, 10.4386978149, 17.4161911011, 11.3811311722, 11.9607315063, 12.5482196808, 12.8104038239, 16.3982963562, 12.5004529953, 8.99479389191, 7.3860912323, 4.91718435287, 1.7637745142, 0.638328969479, 0.125578179955, 0.0188827216625, 0.000933303905185],
        "median": [0.815226435661, 3.87816476822, 2.29079151154, 1.65056276321, 1.9314353466, 2.44866871834, 2.54415297508, 2.32491254807, 2.5307598114, 4.34614849091, 4.79454517365, 2.95069789886, 2.93994045258, 2.73146557808, 3.89007902145, 4.29527950287, 3.03169775009, 4.18372154236, 3.43904709816, 4.49647665024, 3.52769589424, 4.52696704865, 3.29555273056, 3.99928665161, 4.32977390289, 4.2261595726, 3.6680803299, 3.66333150864, 3.32146120071, 3.05582523346, 2.87483549118, 1.56244874001, 1.10067927837, 1.29487943649, 0.714807748795, 0.199405699968, 0.0611170493066, 0.0142796058208, 0.00221129879355, 0.000246789888479],
        "min": [5.23772339066e-22, 2.67094438751e-21, 1.03997129032e-20, 1.66262883071e-20, 2.008499702e-20, 4.14368696158e-20, 9.64426613658e-20, 9.33406888323e-20, 4.49267743469e-19, 4.91016221069e-19, 7.51943365963e-19, 1.02833304975e-18, 1.01006362854e-18, 1.00720602972e-18, 1.39769618002e-18, 1.69527709372e-18, 2.71668343641e-18, 3.53053754891e-18, 3.54155973058e-18, 6.07855368855e-18, 5.58625466545e-18, 6.51891114586e-18, 7.95328947732e-18, 6.80594157764e-18, 7.92003847106e-18, 8.3757455054e-18, 1.03681415325e-17, 1.12915257318e-17, 1.67281694806e-17, 1.54383848018e-17, 1.30185258224e-17, 1.38500838747e-17, 1.40002882934e-17, 1.02548732096e-17, 6.46533424399e-18, 4.8870029113e-18, 2.46879353685e-18, 1.16703810698e-18, 2.90322869117e-19, 3.05248839207e-20],
        "var": [6.88736248016, 333.319366455, 1090.37060547, 911.068725586, 694.76385498, 585.399414062, 183.065643311, 115.851364136, 693.296203613, 491.963287354, 1144.13806152, 1399.08410645, 1513.61975098, 333.87979126, 447.759002686, 4038.80297852, 241.09979248, 499.825927734, 205.032104492, 337.557800293, 358.544372559, 428.18371582, 138.436187744, 194.8800354, 427.672821045, 1601.70666504, 879.630432129, 627.148925781, 725.698730469, 848.485351562, 2175.74169922, 971.969604492, 427.87121582, 272.748901367, 167.024337769, 29.0982265472, 4.44258880615, 0.151281297207, 0.00363848102279, 6.8410968197e-06]
    },
    "gfcc": {
        "mean": [-20.6490821838, 57.9380569458, -73.9737930298, 36.6184463501, -42.7586479187, 20.7812576294, -24.5854282379, 14.1645126343, -14.2936630249, 10.440861702, -9.51044845581, 1.78206789494, -8.59861183167],
        "cov": [[17100.8710938, -3620.54125977, 416.70489502, 1551.93884277, -175.953201294, 1157.73754883, -251.588088989, 179.599655151, -680.252685547, -154.404769897, -482.15145874, 48.2198829651, -110.063392639], [-3620.54125977, 3535.87182617, -404.246124268, -320.978668213, 523.337158203, -402.553131104, 278.529266357, -136.122497559, 187.631759644, -99.0507736206, 228.969528198, -51.9421043396, 199.438583374], [416.70489502, -404.246124268, 1457.02661133, 548.343261719, 311.275238037, 488.520690918, 232.249893188, 93.3795394897, 105.265823364, 40.7522544861, 0.821537852287, 26.8966846466, 39.7522544861], [1551.93884277, -320.978668213, 548.343261719, 743.638427734, 330.733764648, 351.408630371, 177.348434448, 72.499671936, -21.1610221863, -9.69761657715, -44.778881073, -14.7143983841, 48.0833358765], [-175.953201294, 523.337158203, 311.275238037, 330.733764648, 557.118530273, 207.369903564, 230.757034302, 28.0278778076, 97.8866882324, -19.6110134125, 57.8452033997, -12.9899768829, 56.5765457153], [1157.73754883, -402.553131104, 488.520690918, 351.408630371, 207.369903564, 415.76071167, 177.603149414, 91.5455245972, 20.618516922, 22.9210357666, -22.4575080872, 24.22057724, 25.6336650848], [-251.588088989, 278.529266357, 232.249893188, 177.348434448, 230.757034302, 177.603149414, 285.482635498, 115.173851013, 122.508728027, 43.6829719543, 41.8064117432, -2.78586888313, 40.2119941711], [179.599655151, -136.122497559, 93.3795394897, 72.499671936, 28.0278778076, 91.5455245972, 115.173851013, 175.952484131, 112.576950073, 75.2525405884, 5.68979024887, -7.79969263077, -13.4774990082], [-680.252685547, 187.631759644, 105.265823364, -21.1610221863, 97.8866882324, 20.618516922, 122.508728027, 112.576950073, 215.941757202, 100.169555664, 63.5388641357, 2.04182386398, -4.96818447113], [-154.404769897, -99.0507736206, 40.7522544861, -9.69761657715, -19.6110134125, 22.9210357666, 43.6829719543, 75.2525405884, 100.169555664, 144.233474731, 60.0729522705, 34.3721122742, -5.65652227402], [-482.15145874, 228.969528198, 0.821537852287, -44.778881073, 57.8452033997, -22.4575080872, 41.8064117432, 5.68979024887, 63.5388641357, 60.0729522705, 114.020347595, 49.9339408875, 29.8012523651], [48.2198829651, -51.9421043396, 26.8966846466, -14.7143983841, -12.9899768829, 24.22057724, -2.78586888313, -7.79969263077, 2.04182386398, 34.3721122742, 49.9339408875, 90.1230926514, 48.0283050537], [-110.063392639, 199.438583374, 39.7522544861, 48.0833358765, 56.5765457153, 25.6336650848, 40.2119941711, -13.4774990082, -4.96818447113, -5.65652227402, 29.8012523651, 48.0283050537, 99.285369873]],
        "icov": [[0.000131604901981, -1.299656833e-05, 0.000133703331812, -0.000272932316875, 0.000102772733953, -0.000447009748314, 0.000334943877533, -0.000278830790194, 0.00022550826543, 7.43682976463e-05, 0.00011404662655, -0.000268514617346, 0.000245164585067], [-1.299656833e-05, 0.00086669519078, 5.95943083681e-06, 0.000480296323076, -0.000727006059606, 0.00109931430779, -0.00108640210237, 0.000651016482152, -0.000233362545259, 0.000467486213893, -0.000973287096713, 0.00150610110722, -0.00175299646799], [0.000133703331812, 5.95943083681e-06, 0.001477799844, -0.000902489526197, 0.000436649279436, -0.00185988738667, 0.0004365806235, 0.000595148536377, -0.0011514761718, 0.000526607502252, -0.000189168335055, -0.000237842148636, 0.000261183740804], [-0.000272932316875, 0.000480296323076, -0.000902489526197, 0.00418238947168, -0.00237339665182, 0.000545197632164, -0.00106403685641, -0.000468750542495, 0.00187681068201, -0.00153695011977, 0.000662114820443, 0.00244283117354, -0.00272658932954], [0.000102772733953, -0.000727006059606, 0.000436649279436, -0.00237339665182, 0.00564367696643, -0.00269707944244, -0.000664043938741, 0.00185981078539, -0.00284393853508, 0.00274729845114, -0.00270312838256, 0.00063033180777, 0.00107131397817], [-0.000447009748314, 0.00109931430779, -0.00185988738667, 0.000545197632164, -0.00269707944244, 0.0104230307043, -0.00531194731593, -0.000442266406026, 0.00191415823065, -0.00109265372157, 0.00225794571452, -0.00232370244339, -0.000806038442533], [0.000334943877533, -0.00108640210237, 0.0004365806235, -0.00106403685641, -0.000664043938741, -0.00531194731593, 0.0121017238125, -0.00528662698343, -0.001454405603, 0.000474609056255, -0.00145878945477, 0.00149541499559, -0.00130631157663], [-0.000278830790194, 0.000651016482152, 0.000595148536377, -0.000468750542495, 0.00185981078539, -0.000442266406026, -0.00528662698343, 0.0152914524078, -0.00692199449986, -0.00261677196249, 0.00187172519509, 0.00218629278243, -0.000471670209663], [0.00022550826543, -0.000233362545259, -0.0011514761718, 0.00187681068201, -0.00284393853508, 0.00191415823065, -0.001454405603, -0.00692199449986, 0.0150045575574, -0.00627211388201, -0.000811889127363, 0.00058100692695, 0.00140278937761], [7.43682976463e-05, 0.000467486213893, 0.000526607502252, -0.00153695011977, 0.00274729845114, -0.00109265372157, 0.000474609056255, -0.00261677196249, -0.00627211388201, 0.0172584261745, -0.00773463957012, -0.003100638045, 0.00233693863265], [0.00011404662655, -0.000973287096713, -0.000189168335055, 0.000662114820443, -0.00270312838256, 0.00225794571452, -0.00145878945477, 0.00187172519509, -0.000811889127363, -0.00773463957012, 0.0230774972588, -0.0123231625184, 0.00219191703945], [-0.000268514617346, 0.00150610110722, -0.000237842148636, 0.00244283117354, 0.00063033180777, -0.00232370244339, 0.00149541499559, 0.00218629278243, 0.00058100692695, -0.003100638045, -0.0123231625184, 0.029668096453, -0.0152793191373], [0.000245164585067, -0.00175299646799, 0.000261183740804, -0.00272658932954, 0.00107131397817, -0.000806038442533, -0.00130631157663, -0.000471670209663, 0.00140278937761, 0.00233693863265, 0.00219191703945, -0.0152793191373, 0.0220802798867]]
    },
    "melbands": {
        "dmean": [0.00772263249382, 0.00630398048088, 0.00177315890323, 0.000781464856118, 0.000203805175261, 8.50606884342e-05, 8.26510804472e-05, 8.20221175672e-05, 7.33072592993e-05, 4.59499533463e-05, 3.67668471881e-05, 1.82441854122e-05, 2.36934502027e-05, 2.19789126277e-05, 2.13999173866e-05, 8.80858442542e-06, 1.62583801284e-05, 9.33899627853e-06, 1.07868418127e-05, 9.78227490123e-06, 7.94468905951e-06, 9.9270055216e-06, 5.45765715287e-06, 5.11304233441e-06, 6.2821800384e-06, 4.59778402728e-06, 8.10768960946e-06, 1.12489851745e-05, 5.46696492165e-06, 5.66913922739e-06, 6.57444161334e-06, 5.27270822204e-06, 6.7402543209e-06, 6.01324700256e-06, 9.61350178841e-06, 8.50642481964e-06, 6.31907187199e-06, 4.43886710855e-06, 5.52067467652e-06, 6.14223836237e-06],
        "dmean2": [0.0092273009941, 0.00782908778638, 0.00286133238114, 0.00140038726386, 0.000351033813786, 0.000138489864185, 0.000140661009937, 0.000137601295137, 0.00011399021605, 7.90408012108e-05, 5.942876669e-05, 2.80640670098e-05, 3.66578751709e-05, 3.49048204953e-05, 3.52860552084e-05, 1.39038493217e-05, 2.63052716036e-05, 1.49576380863e-05, 1.76934536285e-05, 1.54045410454e-05, 1.26525874293e-05, 1.6000612959e-05, 8.4802022684e-06, 8.5791471065e-06, 1.01580162664e-05, 7.45160559745e-06, 1.27542452901e-05, 1.74282213266e-05, 8.75358546182e-06, 9.26009488467e-06, 1.04489563455e-05, 7.9546298366e-06, 1.01553578133e-05, 9.49261902861e-06, 1.56616933964e-05, 1.3696251699e-05, 9.32091825234e-06, 6.87191550242e-06, 8.23375648906e-06, 1.00055849543e-05],
        "dvar": [0.00013492772996, 0.000183441996342, 2.69450320047e-05, 5.6376206885e-06, 3.17403305417e-07, 7.70920181026e-08, 1.5058300562e-07, 4.63969591635e-08, 6.56192327142e-08, 1.32643549478e-07, 5.2175437304e-08, 4.25078949817e-09, 3.32946825665e-09, 2.02744896427e-08, 1.72330754111e-08, 5.98330718304e-10, 2.46239784119e-09, 7.40373318209e-10, 6.31006025209e-10, 5.14828402132e-10, 6.73944955398e-10, 5.88637305565e-10, 1.09931279357e-10, 9.37679031643e-11, 1.24124141521e-10, 1.70396668997e-10, 3.02263908347e-10, 7.94916688029e-10, 2.15046980223e-10, 2.22912591163e-10, 2.0582013871e-10, 1.55520762934e-10, 3.05665992517e-10, 2.15783751978e-10, 7.62645002705e-10, 6.57747745159e-10, 2.98473662452e-10, 1.37675884582e-10, 2.11611006495e-10, 2.19127091472e-10],
        "dvar2": [0.00024583080085, 0.000351714872522, 6.36916083749e-05, 1.58697184816e-05, 8.97589245596e-07, 2.03778441232e-07, 4.35953694478e-07, 1.22240237488e-07, 1.3394976861e-07, 3.80291112378e-07, 1.4083192923e-07, 9.54646139917e-09, 7.57674722962e-09, 5.68366367304e-08, 4.90893548033e-08, 1.455789711e-09, 6.49029718858e-09, 1.86321980067e-09, 1.54736068403e-09, 1.12471609803e-09, 1.65960978293e-09, 1.34093902648e-09, 2.43176423442e-10, 2.15917533852e-10, 3.07383452025e-10, 4.21090134983e-10, 6.98919311315e-10, 1.88443571858e-09, 4.61641225247e-10, 5.15449016802e-10, 5.01606034486e-10, 3.71890102047e-10, 7.34361960131e-10, 5.49272516359e-10, 1.84967496875e-09, 1.55870616414e-09, 6.77617073563e-10, 3.02007391317e-10, 4.81563566801e-10, 5.74571279444e-10],
        "max": [0.124457024038, 0.130492076278, 0.055886529386, 0.0205091312528, 0.0059685818851, 0.011039186269, 0.0171802975237, 0.00379572343081, 0.0091300252825, 0.0104477768764, 0.00664678914472, 0.00177966582123, 0.00102575623896, 0.00687622837722, 0.00612156977877, 0.000760860973969, 0.00201217643917, 0.00101286161225, 0.000415275950218, 0.000543166766874, 0.000707310100552, 0.000756516645197, 0.00019457063172, 0.000131524720928, 0.00028403342003, 0.000846133101732, 0.000486038159579, 0.000567697279621, 0.000562623492442, 0.000659280456603, 0.000388447660953, 0.000380950601539, 0.000356978271157, 0.000168998245499, 0.000358073390089, 0.000346567452652, 0.000199978647288, 0.000156831942149, 0.000191477927729, 0.000168304512044],
        "mean": [0.0194193273783, 0.0105375880376, 0.00163875974249, 0.000667759974021, 0.000252943689702, 0.000117414158012, 0.000108317246486, 0.000117398529255, 0.000102045443782, 5.15700739925e-05, 4.30300096923e-05, 2.52475183515e-05, 3.23419735651e-05, 2.94183701044e-05, 2.75813836197e-05, 1.25421875055e-05, 2.09036061278e-05, 1.12269390229e-05, 1.40877837111e-05, 1.24980315377e-05, 9.77272520686e-06, 1.2378325664e-05, 7.34127252144e-06, 6.37187122265e-06, 7.28474060452e-06, 5.68003633816e-06, 9.8501704997e-06, 1.23887784866e-05, 6.87619240125e-06, 6.25606753601e-06, 7.20040543456e-06, 6.31417060504e-06, 8.28975953482e-06, 6.58480894344e-06, 9.46322506934e-06, 8.67194557941e-06, 7.54291613703e-06, 5.80571258979e-06, 6.40681446384e-06, 6.22538209427e-06],
        "median": [0.00730133056641, 0.00318958959542, 0.000345993263181, 0.00015216646716, 9.48097222135e-05, 5.49116848561e-05, 3.95080242015e-05, 4.69141959911e-05, 3.60795784218e-05, 1.62570286193e-05, 1.3867744201e-05, 9.59871249506e-06, 1.24433199744e-05, 1.11478038889e-05, 9.84119105851e-06, 3.99559985453e-06, 7.9831606854e-06, 4.59347711512e-06, 5.36662719242e-06, 4.98772715218e-06, 3.1843906072e-06, 4.69127871838e-06, 3.11233361572e-06, 2.87479406325e-06, 3.07570121549e-06, 2.34414437728e-06, 3.4056693039e-06, 2.63676588474e-06, 2.12840996028e-06, 1.90286971247e-06, 2.03413446798e-06, 1.77518631972e-06, 1.62052128871e-06, 1.6018415181e-06, 1.74693673216e-06, 1.05598053324e-06, 8.39208439629e-07, 6.34081061435e-07, 9.4966458164e-07, 1.05668573269e-06],
        "min": [4.4041126151e-24, 4.92096875817e-24, 2.92429988148e-24, 2.32155571848e-24, 2.97689501296e-24, 2.38203018991e-24, 7.75325472037e-24, 5.28826357893e-24, 5.94014746543e-24, 7.3382618194e-24, 4.53174123766e-24, 4.02164918242e-24, 5.19225092373e-24, 4.22115881067e-24, 3.91705332613e-24, 5.56293114107e-24, 6.41437750949e-24, 4.34481157427e-24, 6.28135899479e-24, 7.67333522206e-24, 6.26724706206e-24, 5.28657226115e-24, 8.0991402506e-24, 6.63679250299e-24, 4.82840421398e-24, 6.54857300466e-24, 5.13917833418e-24, 5.22299204434e-24, 5.21679790852e-24, 6.16024596888e-24, 6.02383180241e-24, 1.00110424732e-23, 6.59933620391e-24, 8.85521057457e-24, 8.11887755044e-24, 5.60976462972e-24, 8.85501730365e-24, 8.98782045932e-24, 6.88706730264e-24, 8.25496552293e-24],
        "var": [0.000512636266649, 0.000315169920214, 2.3686368877e-05, 3.46607930624e-06, 2.89769076289e-07, 7.63415286542e-08, 1.38618673873e-07, 5.86627990629e-08, 9.57999120033e-08, 7.94204026988e-08, 3.71795394472e-08, 4.94004792628e-09, 4.30432356424e-09, 1.41492284556e-08, 1.1352449647e-08, 9.79313075078e-10, 2.3975053054e-09, 7.05892844177e-10, 7.7642570151e-10, 7.38899608166e-10, 6.22616680435e-10, 6.64611254919e-10, 1.47386949867e-10, 1.11181279461e-10, 1.40403855209e-10, 1.8213885955e-10, 3.6349004362e-10, 8.97591889704e-10, 3.28838817287e-10, 2.63601085404e-10, 2.42835807018e-10, 1.78267650641e-10, 3.96505828171e-10, 2.09389755534e-10, 6.96453561488e-10, 6.13921358195e-10, 3.43584327656e-10, 1.67566863163e-10, 2.33312674736e-10, 1.93243351876e-10]
    },
    "mfcc": {
        "mean": [-676.275817871, 95.7967300415, 28.7699489594, 27.7859630585, 13.0850696564, 13.055305481, 8.75533294678, 6.95439958572, 7.54751586914, 7.09862756729, 6.90182733536, 6.49961185455, 7.70388412476],
        "cov": [[13482.7646484, -2224.70703125, 146.069580078, 226.309539795, 373.438537598, 522.031005859, 434.351318359, 289.851776123, 11.4277067184, -6.15711259842, -398.358215332, -265.180084229, -241.362243652], [-2224.70703125, 2627.30981445, -508.195678711, 126.800979614, -3.51363897324, -59.5706825256, 38.9163551331, -10.3404388428, -17.3130321503, -2.15620231628, -2.87581062317, 12.1886892319, 10.1794223785], [146.069580078, -508.195678711, 1089.0234375, 165.764144897, 232.487426758, 303.614349365, 163.952133179, 161.149993896, 128.368850708, 104.833961487, 53.5263977051, 15.4157409668, 37.5177268982], [226.309539795, 126.800979614, 165.764144897, 433.353546143, 227.79914856, 217.641860962, 181.001022339, 115.200675964, 106.635749817, 64.5286026001, 33.6477127075, 0.864243686199, 6.49349689484], [373.438537598, -3.51363897324, 232.487426758, 227.79914856, 337.382354736, 259.483856201, 158.68409729, 131.845016479, 71.7211227417, 62.2698097229, 7.74948692322, 1.10049676895, 5.42868232727], [522.031005859, -59.5706825256, 303.614349365, 217.641860962, 259.483856201, 373.173248291, 230.220016479, 169.395111084, 114.436676025, 62.7134780884, 30.623128891, -11.6141834259, 21.3539333344], [434.351318359, 38.9163551331, 163.952133179, 181.001022339, 158.68409729, 230.220016479, 241.758224487, 145.582183838, 92.1045608521, 50.0878067017, 9.49802207947, -3.06727266312, 5.2158331871], [289.851776123, -10.3404388428, 161.149993896, 115.200675964, 131.845016479, 169.395111084, 145.582183838, 179.099014282, 117.505218506, 85.0813369751, 34.0558395386, 13.9237289429, 17.2211761475], [11.4277067184, -17.3130321503, 128.368850708, 106.635749817, 71.7211227417, 114.436676025, 92.1045608521, 117.505218506, 168.633575439, 103.411056519, 83.9088745117, 30.2080554962, 39.7595062256], [-6.15711259842, -2.15620231628, 104.833961487, 64.5286026001, 62.2698097229, 62.7134780884, 50.0878067017, 85.0813369751, 103.411056519, 156.453323364, 84.8573684692, 54.163898468, 34.8820838928], [-398.358215332, -2.87581062317, 53.5263977051, 33.6477127075, 7.74948692322, 30.623128891, 9.49802207947, 34.0558395386, 83.9088745117, 84.8573684692, 156.779922485, 81.3751220703, 68.0846862793], [-265.180084229, 12.1886892319, 15.4157409668, 0.864243686199, 1.10049676895, -11.6141834259, -3.06727266312, 13.9237289429, 30.2080554962, 54.163898468, 81.3751220703, 110.518112183, 73.8863525391], [-241.362243652, 10.1794223785, 37.5177268982, 6.49349689484, 5.42868232727, 21.3539333344, 5.2158331871, 17.2211761475, 39.7595062256, 34.8820838928, 68.0846862793, 73.8863525391, 115.570785522]],
