{
"lowlevel": {
    "average_loudness": 0.90538841486,
    "barkbands_crest": {
        "dmean": 2.45938038826,
        "dmean2": 4.02603578568,
        "dvar": 5.77619695663,
        "dvar2": 15.9428958893,
        "max": 26.3726177216,
        "mean": 14.7196178436,
        "median": 14.4981002808,
        "min": 2.36313605309,
        "var": 19.1344356537
    },
    "barkbands_flatness_db": {
        "dmean": 0.03749268502,
        "dmean2": 0.053672593087,
        "dvar": 0.0014983456349,
        "dvar2": 0.00311522511765,
        "max": 0.810562729836,
        "mean": 0.305855065584,
        "median": 0.28117442131,
        "min": 0.013923689723,
        "var": 0.0143407415599
    },
    "barkbands_kurtosis": {
        "dmean": 12.8010406494,
        "dmean2": 20.5544261932,
        "dvar": 476.790618896,
        "dvar2": 1173.78198242,
        "max": 453.906524658,
        "mean": 24.8035316467,
        "median": 15.8779706955,
        "min": -1.83444404602,
        "var": 1009.46429443
    },
    "barkbands_skewness": {
        "dmean": 0.957375407219,
        "dmean2": 1.51173400879,
        "dvar": 1.07279133797,
        "dvar2": 2.54215836525,
        "max": 18.2260627747,
        "mean": 3.40135550499,
        "median": 3.29352807999,
        "min": -4.30812120438,
        "var": 4.43967866898
    },
    "barkbands_spread": {
        "dmean": 2.3092610836,
        "dmean2": 3.59556460381,
        "dvar": 11.755947113,
        "dvar2": 27.2292041779,
        "max": 79.0957870483,
        "mean": 6.63114690781,
        "median": 4.52817726135,
        "min": 0.20702560246,
        "var": 52.9305763245
    },
    "dissonance": {
        "dmean": 0.0320170558989,
        "dmean2": 0.0543277487159,
        "dvar": 0.00124099582899,
        "dvar2": 0.00351534876972,
        "max": 0.500000059605,
        "mean": 0.442951440811,
        "median": 0.45779594779,
        "min": 0.0868742540479,
        "var": 0.00247102649882
    },
    "dynamic_complexity": 3.7034778595,
    "erbbands_crest": {
        "dmean": 3.15750193596,
        "dmean2": 5.17143964767,
        "dvar": 8.60922050476,
        "dvar2": 22.8167552948,
        "max": 30.6851730347,
        "mean": 10.3369703293,
        "median": 9.15391540527,
        "min": 2.29130935669,
        "var": 26.0960426331
    },
    "erbbands_flatness_db": {
        "dmean": 0.029613180086,
        "dmean2": 0.0429611764848,
        "dvar": 0.000952079135459,
        "dvar2": 0.00195110565983,
        "max": 0.537385880947,
        "mean": 0.205359205604,
        "median": 0.18819501996,
        "min": 0.0536355562508,
        "var": 0.00658879103139
    },
    "erbbands_kurtosis": {
        "dmean": 2.51018285751,
        "dmean2": 4.15523815155,
        "dvar": 30.6921615601,
        "dvar2": 83.8480377197,
        "max": 134.358795166,
        "mean": 2.47768521309,
        "median": 0.0946856737137,
        "min": -1.89544355869,
        "var": 54.6650428772
    },
    "erbbands_skewness": {
        "dmean": 0.537207841873,
        "dmean2": 0.851981163025,
        "dvar": 0.323103606701,
        "dvar2": 0.81764036417,
        "max": 8.55889320374,
        "mean": 0.799109339714,
        "median": 0.59784090519,
        "min": -3.43462991714,
        "var": 1.30992639065
    },
    "erbbands_spread": {
        "dmean": 10.3972291946,
        "dmean2": 15.438621521,
        "dvar": 205.954574585,
        "dvar2": 380.078948975,
        "max": 172.487991333,
        "mean": 34.5281066895,
        "median": 32.0555114746,
        "min": 0.506921410561,
        "var": 520.221496582
    },
    "hfc": {
        "dmean": 5.09126520157,
        "dmean2": 7.92936086655,
        "dvar": 55.3312721252,
        "dvar2": 125.539138794,
        "max": 96.370765686,
        "mean": 15.7648649216,
        "median": 13.2622480392,
        "min": 1.07620624764e-16,
        "var": 169.816818237
    },
    "melbands_crest": {
        "dmean": 3.09126591682,
        "dmean2": 5.00035667419,
        "dvar": 9.77741909027,
        "dvar2": 25.7146224976,
        "max": 39.3408966064,
        "mean": 23.6519126892,
        "median": 23.5402870178,
        "min": 1.59048938751,
        "var": 67.2681350708
    },
    "melbands_flatness_db": {
        "dmean": 0.0426880531013,
        "dmean2": 0.0604685656726,
        "dvar": 0.00200746580958,
        "dvar2": 0.00409407168627,
        "max": 0.957635045052,
        "mean": 0.396786510944,
        "median": 0.372895538807,
        "min": 0.00282574188896,
        "var": 0.0211927220225
    },
    "melbands_kurtosis": {
        "dmean": 30.3061008453,
        "dmean2": 48.2040138245,
        "dvar": 5796.19189453,
        "dvar2": 13475.0371094,
        "max": 2352.89135742,
        "mean": 55.4405860901,
        "median": 29.5303611755,
        "min": -1.79074263573,
        "var": 12184.703125
    },
    "melbands_skewness": {
        "dmean": 1.36040794849,
        "dmean2": 2.13551449776,
        "dvar": 2.8343603611,
        "dvar2": 6.39172458649,
        "max": 38.1079444885,
        "mean": 4.75508975983,
        "median": 4.37363672256,
        "min": -1.90776693821,
        "var": 10.7892742157
    },
    "melbands_spread": {
        "dmean": 2.282558918,
        "dmean2": 3.61307215691,
        "dvar": 16.9648532867,
        "dvar2": 44.0046920776,
        "max": 164.333114624,
        "mean": 8.12227916718,
        "median": 4.05315303802,
        "min": 0.0646814778447,
        "var": 337.095733643
    },
    "pitch_salience": {
        "dmean": 0.073123447597,
        "dmean2": 0.11962416023,
        "dvar": 0.00511486129835,
        "dvar2": 0.0139204887673,
        "max": 0.846008062363,
        "mean": 0.390261083841,
        "median": 0.386951625347,
        "min": 0.0253804866225,
        "var": 0.024145744741
    },
    "silence_rate_20dB": {
        "dmean": 0.00287743913941,
        "dmean2": 0.00575539562851,
        "dvar": 0.0028688327875,
        "dvar2": 0.00823921337724,
        "max": 1,
        "mean": 0.998111844063,
        "median": 1,
        "min": 0,
        "var": 0.00188470608555
    },
    "silence_rate_30dB": {
        "dmean": 0.0820070132613,
        "dmean2": 0.164028778672,
        "dvar": 0.0752739459276,
        "dvar2": 0.168762743473,
        "max": 1,
        "mean": 0.435712993145,
        "median": 0,
        "min": 0,
        "var": 0.245850965381
    },
    "silence_rate_60dB": {
        "dmean": 0.006833917927,
        "dmean2": 0.0136690651998,
        "dvar": 0.00678630219772,
        "dvar2": 0.0161764137447,
        "max": 1,
        "mean": 0.0556554570794,
        "median": 0,
        "min": 0,
        "var": 0.0525578334928
    },
    "spectral_centroid": {
        "dmean": 152.121002197,
        "dmean2": 234.410995483,
        "dvar": 58118.9960938,
        "dvar2": 112085.835938,
        "max": 11870.5292969,
        "mean": 757.868286133,
        "median": 484.529052734,
        "min": 90.2969741821,
        "var": 2030072.5
    },
    "spectral_complexity": {
        "dmean": 2.48394918442,
        "dmean2": 4.06079149246,
        "dvar": 9.50314331055,
        "dvar2": 22.6682796478,
        "max": 51,
        "mean": 13.3445425034,
        "median": 13,
        "min": 0,
        "var": 67.941947937
    },
    "spectral_decrease": {
        "dmean": 8.97234464503e-09,
        "dmean2": 1.39419160661e-08,
        "dvar": 1.37365807981e-16,
        "dvar2": 3.60018728146e-16,
        "max": 2.84801223869e-28,
        "mean": -3.31151177591e-08,
        "median": -3.17902717484e-08,
        "min": -1.28458594872e-07,
        "var": 4.88019726626e-16
    },
    "spectral_energy": {
        "dmean": 0.034115832299,
        "dmean2": 0.0530093461275,
        "dvar": 0.00197906116955,
        "dvar2": 0.00518527487293,
        "max": 0.490065306425,
        "mean": 0.126414105296,
        "median": 0.121474981308,
        "min": 9.84758761582e-21,
        "var": 0.00707266153768
    },
    "spectral_energyband_high": {
        "dmean": 0.000280448497506,
        "dmean2": 0.00041260762373,
        "dvar": 6.38739720671e-07,
        "dvar2": 1.27620194235e-06,
        "max": 0.00896632857621,
        "mean": 0.00029268162325,
        "median": 4.60066876258e-05,
        "min": 6.94461987429e-21,
        "var": 7.99662075224e-07
    },
    "spectral_energyband_low": {
        "dmean": 0.0281858351082,
        "dmean2": 0.0440333224833,
        "dvar": 0.00160523271188,
        "dvar2": 0.00429193815216,
        "max": 0.447378695011,
        "mean": 0.0878278762102,
        "median": 0.0820861458778,
        "min": 1.19808092208e-23,
        "var": 0.0048871031031
    },
    "spectral_energyband_middle_high": {
        "dmean": 0.000787800410762,
        "dmean2": 0.00128107517958,
        "dvar": 2.23193251259e-06,
        "dvar2": 5.71688815398e-06,
        "max": 0.0532292947173,
        "mean": 0.00233681080863,
        "median": 0.00158732687123,
        "min": 1.03518079174e-21,
        "var": 8.21965295472e-06
    },
    "spectral_energyband_middle_low": {
        "dmean": 0.00704933004454,
        "dmean2": 0.0118117984384,
        "dvar": 7.94731386122e-05,
        "dvar2": 0.000220623012865,
        "max": 0.115980096161,
        "mean": 0.0154349794611,
        "median": 0.0121118668467,
        "min": 1.45109562498e-22,
        "var": 0.000183568394277
    },
    "spectral_entropy": {
        "dmean": 0.31019282341,
        "dmean2": 0.446580260992,
        "dvar": 0.113601006567,
        "dvar2": 0.228067740798,
        "max": 9.82235527039,
        "mean": 6.764585495,
        "median": 6.87013339996,
        "min": 3.8155810833,
        "var": 0.783282160759
    },
    "spectral_flux": {
        "dmean": 0.0436687022448,
        "dmean2": 0.0715088248253,
        "dvar": 0.00271546118893,
        "dvar2": 0.00686755543575,
        "max": 0.532787799835,
        "mean": 0.117193929851,
        "median": 0.0986698567867,
        "min": 6.39081496057e-11,
        "var": 0.00659905606881
    },
    "spectral_kurtosis": {
        "dmean": 15.7210655212,
        "dmean2": 25.3619709015,
        "dvar": 1496.41296387,
        "dvar2": 3957.46069336,
        "max": 678.718994141,
        "mean": 29.4885959625,
        "median": 9.04017162323,
        "min": -1.27270209789,
        "var": 4886.171875
    },
    "spectral_rms": {
        "dmean": 0.00141392182559,
        "dmean2": 0.00216884817928,
        "dvar": 2.55464328802e-06,
        "dvar2": 6.57138798488e-06,
        "max": 0.0218657832593,
        "mean": 0.0102065689862,
        "median": 0.0108863301575,
        "min": 3.09958113863e-12,
        "var": 1.91561630345e-05
    },
    "spectral_rolloff": {
        "dmean": 96.12940979,
        "dmean2": 165.913391113,
        "dvar": 131561.46875,
        "dvar2": 321741.96875,
        "max": 19595.2148438,
        "mean": 591.091186523,
        "median": 129.19921875,
        "min": 21.533203125,
        "var": 6507834
    },
    "spectral_skewness": {
        "dmean": 0.870036303997,
        "dmean2": 1.32866632938,
        "dvar": 1.76784193516,
        "dvar2": 4.22780513763,
        "max": 21.2600879669,
        "mean": 3.10484313965,
        "median": 2.25309991837,
        "min": -0.110423058271,
        "var": 8.72861671448
    },
    "spectral_spread": {
        "dmean": 866069.875,
        "dmean2": 1195413.75,
        "dvar": 1.33314340454e+12,
        "dvar2": 2.17333877965e+12,
        "max": 42919296,
        "mean": 3889777,
        "median": 2848604,
        "min": 113702.117188,
        "var": 2.77142306816e+13
    },
    "spectral_strongpeak": {
        "dmean": 0.236084625125,
        "dmean2": 0.413342624903,
        "dvar": 0.12682107091,
        "dvar2": 0.317937284708,
        "max": 4.88235282898,
        "mean": 0.47081938386,
        "median": 0.25839304924,
        "min": 0,
        "var": 0.307642400265
    },
    "zerocrossingrate": {
        "dmean": 0.0049668927677,
        "dmean2": 0.00638761464506,
        "dvar": 8.89039438334e-05,
        "dvar2": 0.00012599027832,
        "max": 0.86376953125,
        "mean": 0.0272922962904,
        "median": 0.01220703125,
        "min": 0,
        "var": 0.00652150111273
    },
    "barkbands": {
        "dmean": [0.0144125241786, 0.0210092850029, 0.00610186904669, 0.00215014186688, 0.00332926982082, 0.00266468874179, 0.0007403663476, 0.000694325892255, 0.000437687791418, 0.000255090504652, 0.000131743610837, 0.00013305216271, 0.000146199367009, 0.000127659499412, 0.000196801367565, 0.000158273658599, 0.000122971221572, 3.75340350729e-05, 4.76847781101e-05, 2.46463496296e-05, 5.50871845917e-05, 0.000104402424768, 7.28697050363e-05, 3.01547133859e-05, 1.32060158649e-05, 3.2704192563e-06, 6.92711978445e-07],
        "dmean2": [0.0208785999566, 0.0338770188391, 0.00993502233177, 0.00362380291335, 0.00571992294863, 0.00458747660741, 0.00126399996225, 0.00104975258, 0.000716524955351, 0.000417362753069, 0.000211330974707, 0.000219390873099, 0.000236376843532, 0.000220741785597, 0.000344237370882, 0.000261192821199, 0.000206044598599, 6.05393070146e-05, 7.90171834524e-05, 3.92418551201e-05, 8.29801138025e-05, 0.000153127271915, 0.000108912783617, 4.58343674836e-05, 1.97220069822e-05, 5.29942690264e-06, 1.20173945106e-06],
        "dvar": [0.000823538692202, 0.00120357656851, 0.00012415459787, 1.72363907041e-05, 2.69438532996e-05, 2.07877255889e-05, 5.0211301641e-06, 2.3956338282e-06, 1.32267689423e-06, 1.32194145408e-06, 7.22444610801e-08, 6.12509154507e-08, 1.29795225234e-07, 1.48481333895e-07, 3.2535578498e-07, 2.14286728806e-07, 1.77074085173e-07, 1.10479980719e-08, 2.23164402513e-08, 3.85828879956e-09, 2.58560746147e-08, 1.03017576691e-07, 5.64032589523e-08, 7.72998198784e-09, 1.24582233418e-09, 7.09056563464e-11, 6.25907572299e-12],
        "dvar2": [0.0021075932309, 0.00337795214728, 0.000323023152305, 4.43377393822e-05, 7.65289369156e-05, 5.93316581217e-05, 1.46255442814e-05, 5.51608081878e-06, 3.47763420905e-06, 3.55902739102e-06, 1.55451658657e-07, 1.59480251227e-07, 2.98138019161e-07, 4.665712936e-07, 9.57864131124e-07, 4.84104873522e-07, 4.49484076626e-07, 2.81729075624e-08, 5.83733736903e-08, 9.14738684799e-09, 5.1381018551e-08, 2.19250580358e-07, 1.23722983858e-07, 1.65314038014e-08, 2.47368392436e-09, 1.73650108182e-10, 1.71387383452e-11],
        "max": [0.290762424469, 0.403920054436, 0.151067271829, 0.0956827774644, 0.0908474028111, 0.0688193887472, 0.0495631359518, 0.036916512996, 0.0372428372502, 0.0540307238698, 0.0107668191195, 0.00454555964097, 0.0121414065361, 0.0117034390569, 0.0107499212027, 0.0229075066745, 0.0114609533921, 0.00246661575511, 0.00237769493833, 0.000763396499678, 0.00172273942735, 0.00476585282013, 0.00303676282056, 0.00108447310049, 0.000424996484071, 7.71175400587e-05, 6.9532172347e-05],
        "mean": [0.0399475991726, 0.0556965880096, 0.012828531675, 0.00295451842248, 0.00528964959085, 0.00381905399263, 0.00104094028939, 0.0013922295766, 0.000720028881915, 0.00049937015865, 0.000224831135711, 0.000286542170215, 0.0002793186286, 0.000221390539082, 0.00030277314363, 0.000262212532107, 0.000207529476029, 6.47625638521e-05, 6.64709077682e-05, 3.32615927618e-05, 5.75922786084e-05, 0.000102392012195, 6.67881540721e-05, 3.1556974136e-05, 1.46158990901e-05, 2.79230926026e-06, 5.39112761544e-07],
        "median": [0.026829931885, 0.0453377887607, 0.00336991250515, 0.000913125346415, 0.00310002500191, 0.00175653654151, 0.000356723205186, 0.000393189257011, 0.000302082655253, 0.000157404283527, 8.87306523509e-05, 9.78537573246e-05, 9.48766974034e-05, 8.09059856692e-05, 9.47444787016e-05, 7.56914523663e-05, 5.14874009241e-05, 2.3794851586e-05, 2.31966496358e-05, 1.18317620945e-05, 9.94596848614e-06, 6.38502024231e-06, 4.04325328418e-06, 3.51298785972e-06, 1.23045060718e-06, 2.10669568901e-07, 3.68586938748e-08],
        "min": [4.72107613795e-25, 1.31408755275e-24, 5.48661634266e-25, 1.08429562511e-24, 1.11547061923e-23, 5.94130196337e-24, 7.17475067527e-24, 3.77513172726e-24, 8.72824735618e-24, 9.31005278416e-24, 1.30136498157e-23, 1.26831991379e-23, 2.22634281047e-23, 2.13254488225e-23, 3.00020494552e-23, 5.72175392706e-23, 5.32212077901e-23, 1.10479262957e-22, 1.18447679489e-22, 1.60484865438e-22, 2.35841768975e-22, 2.41602321606e-22, 3.74661522595e-22, 5.79299311551e-22, 6.67224107217e-22, 1.19789091389e-21, 2.01670167437e-21],
        "var": [0.00166602618992, 0.00299119623378, 0.000442314310931, 3.21851184708e-05, 4.36653062934e-05, 3.05852736346e-05, 6.78740252624e-06, 8.00856469141e-06, 2.42868600253e-06, 3.68412520402e-06, 1.77914657229e-07, 2.29886850889e-07, 3.9179246869e-07, 2.10540932244e-07, 4.51398449286e-07, 4.18648681944e-07, 3.13069989488e-07, 1.90305229353e-08, 2.27211387482e-08, 4.5825458983e-09, 3.23966169447e-08, 1.21598901615e-07, 6.08283414749e-08, 8.95985152738e-09, 1.570592989e-09, 6.17593268193e-11, 4.17623531243e-12]
    },
    "erbbands": {
        "dmean": [0.732940554619, 4.6229929924, 8.21608448029, 6.26617288589, 6.75106334686, 11.8959741592, 26.0494918823, 18.6491794586, 12.2516365051, 8.79471588135, 15.9689846039, 11.0893707275, 8.95749473572, 5.22057628632, 5.4115152359, 5.61189985275, 6.69794034958, 6.35737133026, 10.1942052841, 8.78210258484, 7.62161302567, 5.12038707733, 2.1401746273, 2.22639322281, 2.19215941429, 1.23807454109, 1.73363208771, 2.42772722244, 3.15508556366, 3.41846990585, 2.0727994442, 0.795831441879, 0.454660534859, 0.20338922739, 0.0656016469002, 0.019610458985, 0.00508800009266, 0.000781728478614, 0.000116354312922, 4.18620693381e-05],
        "dmean2": [1.11116576195, 7.68950366974, 13.4686431885, 10.4728841782, 11.5819721222, 20.4226818085, 44.8406066895, 31.9556522369, 21.141166687, 14.7172927856, 23.3778038025, 18.0296020508, 14.9475326538, 8.37604236603, 8.50718402863, 9.26148796082, 10.7570753098, 10.9257116318, 17.8805847168, 14.9763050079, 12.5448093414, 8.47698402405, 3.46831154823, 3.69232344627, 3.57442784309, 1.99742949009, 2.6690132618, 3.60997748375, 4.63649940491, 5.00691127777, 3.09137701988, 1.19213211536, 0.686003983021, 0.305781513453, 0.0998536497355, 0.0313315056264, 0.00830597616732, 0.00129905110225, 0.000196144887013, 6.56790653011e-05],
        "dvar": [1.19507789612, 74.3730163574, 212.745101929, 136.639709473, 171.33164978, 408.220123291, 1980.67565918, 1150.52722168, 1272.50268555, 528.722900391, 1340.45654297, 718.757873535, 1186.19189453, 321.996002197, 119.563148499, 108.88936615, 280.569580078, 364.902679443, 934.893554688, 661.863220215, 332.886413574, 232.998764038, 46.6003799438, 42.5992965698, 47.9623641968, 10.1258296967, 22.9338550568, 56.8412513733, 87.9587173462, 132.618453979, 39.2842979431, 6.09363746643, 1.5493555069, 0.321715086699, 0.0254526846111, 0.00255718431436, 0.000173116495716, 4.81162305732e-06, 1.37435876013e-07, 3.24214366465e-09],
        "dvar2": [3.19700241089, 207.498184204, 574.979919434, 369.785339355, 463.194519043, 1136.48498535, 5603.48242188, 3276.91186523, 3705.12915039, 1476.13818359, 2858.67504883, 1889.22155762, 3297.04638672, 749.015625, 230.624755859, 285.250091553, 645.172607422, 1166.32995605, 2788.35644531, 1870.46386719, 778.631469727, 587.333862305, 116.857551575, 114.904014587, 119.328361511, 24.4465904236, 48.9111022949, 105.599845886, 170.664367676, 290.726470947, 85.893157959, 13.0278282166, 3.16571068764, 0.644735813141, 0.0537105202675, 0.00609044265002, 0.000422571203671, 1.24971547848e-05, 3.70719618559e-07, 8.4071380968e-09],
        "max": [11.6704931259, 108.693840027, 189.589508057, 187.487991333, 225.617645264, 410.147064209, 575.412841797, 561.778747559, 790.224914551, 681.167785645, 973.641662598, 938.418273926, 1691.47485352, 943.595458984, 539.015380859, 208.132598877, 608.945617676, 559.80682373, 638.601623535, 837.241394043, 688.986877441, 416.662445068, 216.05821228, 176.274520874, 128.925308228, 41.9211502075, 59.5902366638, 97.6996841431, 121.300590515, 158.684829712, 80.3024520874, 32.4207229614, 14.3612174988, 7.15950012207, 1.45807218552, 0.414769470692, 0.108973957598, 0.046189494431, 0.0101754358038, 0.00124227278866],
        "mean": [2.28029441833, 9.76686668396, 17.8471183777, 11.3066282272, 10.0482883453, 19.0966567993, 35.4706573486, 27.1550674438, 17.0767536163, 16.5034618378, 32.8589439392, 20.0573291779, 17.8177661896, 10.1906709671, 11.2786626816, 11.6079359055, 13.3324985504, 11.8010816574, 15.8656768799, 15.17552948, 13.6826400757, 9.47802734375, 4.07672595978, 3.53256678581, 2.98943400383, 1.67815244198, 1.89594316483, 2.57513642311, 3.21126508713, 3.22969889641, 1.91618514061, 0.802454292774, 0.470143556595, 0.21669857204, 0.0790809690952, 0.0189165510237, 0.00426452746615, 0.000667466549203, 0.000139101233799, 0.000143998127896],
        "median": [1.47187626362, 4.6472363472, 4.8968334198, 5.09875297546, 4.95348310471, 9.48556137085, 17.0947380066, 12.0923252106, 6.50646734238, 6.89088916779, 9.09527206421, 8.88581562042, 6.35023355484, 4.89810371399, 5.37116909027, 5.70596122742, 5.18214035034, 5.47591686249, 5.24468708038, 5.49492645264, 4.31542682648, 2.72243928909, 1.52710819244, 1.28429734707, 0.981442570686, 0.633906722069, 0.47774258256, 0.353712290525, 0.245915070176, 0.163929209113, 0.124782174826, 0.0751975029707, 0.0477835908532, 0.0194264501333, 0.00660616951063, 0.00171572680119, 0.000378966564313, 7.75054068072e-05, 7.22105905879e-05, 0.000137039663969],
        "min": [2.90171471487e-23, 3.83678316338e-22, 1.11901784904e-21, 4.86457365373e-21, 1.05973767579e-20, 2.78122517306e-20, 3.29540354988e-20, 4.21033574696e-20, 7.98151678308e-20, 1.41393639793e-19, 1.39296271651e-19, 2.52184957343e-19, 5.38443552068e-19, 4.24873489271e-19, 5.32372253167e-19, 8.84396695523e-19, 1.40834354546e-18, 1.5673700522e-18, 2.03061632084e-18, 3.11941989228e-18, 3.52098485361e-18, 3.22019964901e-18, 6.07634098041e-18, 4.90789501203e-18, 6.56705967495e-18, 7.40659588432e-18, 8.5491308336e-18, 8.50851626552e-18, 8.62180609504e-18, 9.97320166745e-18, 1.10197340348e-17, 1.0560983803e-17, 8.74957820272e-18, 6.91872517262e-18, 4.8976392132e-18, 3.88112895256e-18, 2.33474602346e-18, 9.92266217279e-19, 2.55016215634e-19, 2.61756183431e-20],
        "var": [5.61688327789, 179.526565552, 720.621826172, 293.810974121, 233.57093811, 749.586120605, 2778.79223633, 1763.52026367, 1576.82055664, 1217.10595703, 5042.72021484, 1526.1114502, 3713.50146484, 840.849487305, 351.532165527, 272.693634033, 854.427246094, 514.514099121, 1254.89453125, 1210.07946777, 709.895141602, 452.805023193, 84.1524887085, 52.8394737244, 52.2779388428, 11.3295631409, 27.2424640656, 75.3509140015, 114.42993927, 146.2550354, 43.033618927, 7.01751995087, 1.87193882465, 0.394862890244, 0.0349021144211, 0.00243558338843, 0.000148176084622, 3.76536445401e-06, 9.94469360194e-08, 9.6239913816e-09]
    },
    "gfcc": {
        "mean": [-90.8751525879, 157.904205322, -80.032623291, 28.8736114502, -34.7557296753, 11.3813123703, -23.0214881897, -3.4568605423, -1.55110156536, -1.93957746029, -5.22998428345, -2.78424286842, 6.21202087402],
        "cov": [[39837.0976562, 960.8203125, -4033.48266602, 2568.89672852, -1025.4543457, 1316.14697266, -955.896240234, 721.858459473, -235.122924805, 297.893432617, 107.768127441, -316.582214355, -725.102416992], [960.8203125, 2718.35888672, -304.175811768, -819.708007812, 617.143676758, -639.387939453, 276.018310547, -167.265945435, 167.463150024, -166.75100708, 126.994354248, -124.621749878, 209.635009766], [-4033.48266602, -304.175811768, 2133.80029297, -66.6037826538, -97.6362762451, 405.173309326, 79.4451675415, -91.7124099731, 144.599761963, 20.4546947479, -42.2065849304, 150.269073486, 185.005828857], [2568.89672852, -819.708007812, -66.6037826538, 808.554077148, -216.250900269, 350.956512451, -108.268615723, 17.9821853638, -46.6872901917, 32.1143798828, -51.4523773193, -21.2617912292, -92.3792572021], [-1025.4543457, 617.143676758, -97.6362762451, -216.250900269, 629.676696777, -183.524810791, 170.593933105, 19.9788074493, 38.2262115479, -49.3688583374, 90.866394043, -85.9876403809, 16.2802085876], [1316.14697266, -639.387939453, 405.173309326, 350.956512451, -183.524810791, 516.276367188, -65.0801696777, 83.913269043, 34.025062561, 51.6057624817, -22.6672687531, 29.573923111, -44.6796455383], [-955.896240234, 276.018310547, 79.4451675415, -108.268615723, 170.593933105, -65.0801696777, 225.875640869, 1.44558799267, 58.2595863342, -15.7609100342, 15.3721590042, -31.1437644958, 23.8164615631], [721.858459473, -167.265945435, -91.7124099731, 17.9821853638, 19.9788074493, 83.913269043, 1.44558799267, 198.295654297, 11.8154363632, 25.4249649048, 17.6597957611, -26.1488819122, -56.1209869385], [-235.122924805, 167.463150024, 144.599761963, -46.6872901917, 38.2262115479, 34.025062561, 58.2595863342, 11.8154363632, 171.371658325, 18.9135036469, 21.2789268494, -0.871263742447, 25.6314487457], [297.893432617, -166.75100708, 20.4546947479, 32.1143798828, -49.3688583374, 51.6057624817, -15.7609100342, 25.4249649048, 18.9135036469, 116.631095886, 27.8915309906, 24.4379882812, -26.8162155151], [107.768127441, 126.994354248, -42.2065849304, -51.4523773193, 90.866394043, -22.6672687531, 15.3721590042, 17.6597957611, 21.2789268494, 27.8915309906, 147.443466187, 6.34066343307, -9.73985004425], [-316.582214355, -124.621749878, 150.269073486, -21.2617912292, -85.9876403809, 29.573923111, -31.1437644958, -26.1488819122, -0.871263742447, 24.4379882812, 6.34066343307, 108.53515625, 40.4647407532], [-725.102416992, 209.635009766, 185.005828857, -92.3792572021, 16.2802085876, -44.6796455383, 23.8164615631, -56.1209869385, 25.6314487457, -26.8162155151, -9.73985004425, 40.4647407532, 148.301940918]],
        "icov": [[0.000177567693754, -0.000663352722768, 0.000291340256808, -0.000670623790938, 0.000295708799968, -0.000681741337758, 0.000471775565529, -0.000657045398839, 0.000397769879783, -0.000545290065929, 0.000124710815726, -0.000418294745032, 0.000417418312281], [-0.000663352722768, 0.00346422358416, -0.000918509671465, 0.00310377706774, -0.00139403471258, 0.00282265245914, -0.00192189915106, 0.00311830220744, -0.00227193930186, 0.00267024710774, -0.00101157568861, 0.00260998401791, -0.00247203465551], [0.000291340256808, -0.000918509671465, 0.00133555196226, -0.000638425699435, 0.000378594180802, -0.00211198348552, 0.00039884634316, -0.000428651896073, 0.000284252571873, -0.000801383983344, 0.000338665937306, -0.00108437961899, -0.000120961391076], [-0.000670623790938, 0.00310377706774, -0.000638425699435, 0.00515337102115, -0.0010652897181, 0.000867076509167, -0.00171926210169, 0.00379485939629, -0.00153689587023, 0.00229366589338, -0.000508571683895, 0.00299094221555, -0.00173856923357], [0.000295708799968, -0.00139403471258, 0.000378594180802, -0.0010652897181, 0.00326795992441, -0.000759745074902, -0.000532665872015, -0.00160434283316, 0.000970072520431, -0.000386465137126, -0.001215401222, 0.000704881676938, 0.00066160276765], [-0.000681741337758, 0.00282265245914, -0.00211198348552, 0.000867076509167, -0.000759745074902, 0.00747826276347, -0.0012993310811, 0.00058590399567, -0.00257089268416, 0.00203155935742, -0.000691698805895, 0.0014103888534, -0.00100026791915], [0.000471775565529, -0.00192189915106, 0.00039884634316, -0.00171926210169, -0.000532665872015, -0.0012993310811, 0.00767127936706, -0.00202876701951, -0.000451106025139, -0.00158472778276, 0.000834259961266, -0.000146675971337, 0.00100845540874], [-0.000657045398839, 0.00311830220744, -0.000428651896073, 0.00379485939629, -0.00160434283316, 0.00058590399567, -0.00202876701951, 0.00971550121903, -0.00222797342576, 0.00161898229271, -0.00104424369056, 0.00324726826511, -0.000643633131403], [0.000397769879783, -0.00227193930186, 0.000284252571873, -0.00153689587023, 0.000970072520431, -0.00257089268416, -0.000451106025139, -0.00222797342576, 0.00885896570981, -0.00312904152088, -0.000108612490294, -0.000658228003886, 0.000268265721388], [-0.000545290065929, 0.00267024710774, -0.000801383983344, 0.00229366589338, -0.000386465137126, 0.00203155935742, -0.00158472778276, 0.00161898229271, -0.00312904152088, 0.0131325572729, -0.00277076102793, -0.00089153740555, 0.000486159464344], [0.000124710815726, -0.00101157568861, 0.000338665937306, -0.000508571683895, -0.001215401222, -0.000691698805895, 0.000834259961266, -0.00104424369056, -0.000108612490294, -0.00277076102793, 0.00891484785825, -0.0026147866156, 0.00151299906429], [-0.000418294745032, 0.00260998401791, -0.00108437961899, 0.00299094221555, 0.000704881676938, 0.0014103888534, -0.000146675971337, 0.00324726826511, -0.000658228003886, -0.00089153740555, -0.0026147866156, 0.0164365023375, -0.00562273478135], [0.000417418312281, -0.00247203465551, -0.000120961391076, -0.00173856923357, 0.00066160276765, -0.00100026791915, 0.00100845540874, -0.000643633131403, 0.000268265721388, 0.000486159464344, 0.00151299906429, -0.00562273478135, 0.0122418142855]]
    },
    "melbands": {
        "dmean": [0.00631483644247, 0.00486530922353, 0.00108158006333, 0.000591721909586, 0.000832279678434, 0.000429461302701, 0.000176404952072, 0.000102543868707, 0.000120019445603, 6.95348280715e-05, 4.50894112873e-05, 2.26181382459e-05, 1.77796719072e-05, 1.71151332324e-05, 1.36501657835e-05, 1.41819155033e-05, 1.27339899336e-05, 1.64830471476e-05, 1.19952192108e-05, 1.31358001454e-05, 9.49231798586e-06, 6.48509694656e-06, 3.29461772708e-06, 1.71741430677e-06, 1.90233322428e-06, 1.90510979792e-06, 1.15623333841e-06, 7.36883407626e-07, 9.86788904811e-07, 1.1396782611e-06, 1.61118407505e-06, 1.55024918058e-06, 2.66258120973e-06, 1.58098873726e-06, 1.26618272134e-06, 7.6383457781e-07, 3.95264834196e-07, 3.01161918514e-07, 2.76392256637e-07, 1.4800824033e-07],
        "dmean2": [0.00971889682114, 0.0080643100664, 0.00180377683137, 0.00101127510425, 0.00143182231113, 0.000736750022043, 0.000303422857542, 0.000169610109879, 0.000175266875885, 0.000114737769763, 7.50567051e-05, 3.62270984624e-05, 2.83450644929e-05, 2.78398638329e-05, 2.22561266128e-05, 2.29428405873e-05, 2.2114470994e-05, 2.88927785732e-05, 2.09061181522e-05, 2.20449801418e-05, 1.57078011398e-05, 1.08311151052e-05, 5.40767769053e-06, 2.77998742604e-06, 3.18121828968e-06, 3.1435490655e-06, 1.8560922399e-06, 1.20004165183e-06, 1.53657106239e-06, 1.76244873273e-06, 2.39476958086e-06, 2.31180592891e-06, 3.96458881369e-06, 2.37764493249e-06, 1.90531625321e-06, 1.11890278731e-06, 6.09773337601e-07, 4.56885004496e-07, 4.15842094981e-07, 2.24607006771e-07],
        "dvar": [8.34464080981e-05, 7.62378185755e-05, 3.68300948139e-06, 1.00199656572e-06, 1.89995751043e-06, 5.83801636367e-07, 2.62216019564e-07, 6.06536474379e-08, 7.40143377698e-08, 3.19569508633e-08, 3.21390132285e-08, 7.84156117817e-09, 1.23649590567e-09, 9.77572134353e-10, 7.39938166294e-10, 1.50146228783e-09, 1.87524551443e-09, 2.0937116485e-09, 9.88902848498e-10, 2.02082972578e-09, 6.09573946875e-10, 4.58733190323e-10, 1.47291928654e-10, 2.25557662825e-11, 3.54846464712e-11, 3.91021555413e-11, 1.04935400647e-11, 3.24595797289e-12, 6.34557033655e-12, 1.31628406091e-11, 2.58277583348e-11, 2.30026293152e-11, 6.87180173875e-11, 3.47231826625e-11, 1.53065719821e-11, 4.76330043117e-12, 1.99712035104e-12, 7.22967421606e-13, 5.95027933176e-13, 1.61698806471e-13],
        "dvar2": [0.000224041985348, 0.000212143480894, 9.81952234724e-06, 2.75904972113e-06, 5.3833241509e-06, 1.66349354913e-06, 7.64020342103e-07, 1.64406600334e-07, 1.5820870658e-07, 8.59695887812e-08, 8.87088447143e-08, 1.82164185958e-08, 2.63308663762e-09, 2.46872811083e-09, 1.76166714549e-09, 3.45630035703e-09, 6.02079985867e-09, 6.2605050033e-09, 2.83846501858e-09, 4.67877647736e-09, 1.50858903147e-09, 1.21091781047e-09, 3.49698547897e-10, 5.82791523374e-11, 9.64807747583e-11, 1.01002720077e-10, 2.48207808473e-11, 7.98695484749e-12, 1.39039040697e-11, 2.86051980714e-11, 4.79978765067e-11, 4.32791684435e-11, 1.59985802384e-10, 7.72491723366e-11, 3.48848797072e-11, 9.55877911546e-12, 4.75591701438e-12, 1.49914791952e-12, 1.20512454183e-12, 3.26188891436e-13],
        "max": [0.0896715298295, 0.112595960498, 0.0322130545974, 0.0164113715291, 0.0187640916556, 0.0117346793413, 0.0107067814097, 0.00850495230407, 0.00728905759752, 0.00627953745425, 0.00881001725793, 0.00475463131443, 0.00145074981265, 0.000644562707748, 0.00111268146429, 0.0016204752028, 0.00128978549037, 0.000928963709157, 0.000725176243577, 0.00216572382487, 0.00065270246705, 0.000663925136905, 0.000585880829021, 0.000103972124634, 0.00018425694725, 0.000109930086182, 4.16400180256e-05, 2.54870992649e-05, 3.21883962897e-05, 4.06847902923e-05, 7.13493354851e-05, 6.0124322772e-05, 0.000143144308822, 7.3584036727e-05, 5.02738621435e-05, 2.60905471805e-05, 1.9652008632e-05, 1.04496766653e-05, 1.03545207821e-05, 5.07989307152e-06],
        "mean": [0.0189866106957, 0.0109246363863, 0.00199656910263, 0.000969923916273, 0.00120256980881, 0.000629089539871, 0.000246310635703, 0.000196615932509, 0.000249136122875, 0.000114334128739, 8.73790268088e-05, 4.20581709477e-05, 3.37738892995e-05, 3.71439018636e-05, 2.60363140114e-05, 2.72413290077e-05, 2.11809965549e-05, 2.52141635428e-05, 1.90723949345e-05, 2.12071881833e-05, 1.6034946384e-05, 1.10877208499e-05, 5.6479802879e-06, 2.90644379675e-06, 2.79791561297e-06, 2.57866713582e-06, 1.37153631385e-06, 1.03034517451e-06, 1.10509711249e-06, 1.20964853068e-06, 1.66015911418e-06, 1.59610669925e-06, 2.45397382059e-06, 1.47047308019e-06, 1.14364229375e-06, 7.27642088805e-07, 4.02279425771e-07, 3.0587975175e-07, 2.96828233104e-07, 1.54585833911e-07],
        "median": [0.0154134463519, 0.00391806755215, 0.000925783184357, 0.00050737062702, 0.000637104269117, 0.000284000649117, 9.07307985472e-05, 7.69777980167e-05, 6.99732481735e-05, 5.00413007103e-05, 2.78517327388e-05, 1.71286847035e-05, 1.51583381012e-05, 1.30905118567e-05, 1.10561022666e-05, 1.02375688584e-05, 7.5854759416e-06, 8.06872412795e-06, 5.968797268e-06, 6.29672513242e-06, 4.37294329458e-06, 2.79116147794e-06, 1.43834631672e-06, 1.09266193249e-06, 8.25824258754e-07, 7.34079890208e-07, 4.25645168889e-07, 3.54821338533e-07, 2.8861853707e-07, 2.01079132012e-07, 1.6471744857e-07, 1.27977870079e-07, 1.03402186369e-07, 7.2626434644e-08, 7.23861006691e-08, 3.65939847313e-08, 4.38765361821e-08, 2.72127191892e-08, 2.6786091567e-08, 1.02530703927e-08],
        "min": [3.78764735065e-25, 5.10871844247e-25, 1.16416108645e-24, 1.58837202431e-24, 1.41046545056e-24, 9.94646809439e-25, 1.40240556008e-24, 7.30196672359e-25, 1.0244831066e-24, 1.4680336598e-24, 2.14307653032e-24, 1.19935256586e-24, 1.84255740468e-24, 2.18750833195e-24, 2.0143176673e-24, 2.35940132041e-24, 2.70929958885e-24, 2.80214398144e-24, 2.61697150572e-24, 3.90450452128e-24, 3.95753451235e-24, 3.1935856373e-24, 3.90262584904e-24, 3.47248918528e-24, 2.8434546549e-24, 4.13458724278e-24, 3.92156363836e-24, 3.78713030163e-24, 3.77351732342e-24, 4.67072787954e-24, 4.59088450631e-24, 4.17583362407e-24, 4.27400499714e-24, 4.64855142177e-24, 5.12539496201e-24, 4.97828068623e-24, 5.44142881229e-24, 5.47680961832e-24, 6.25596516782e-24, 5.61365016411e-24],
        "var": [0.00028823883622, 0.000223478855332, 8.10936671769e-06, 1.68073540863e-06, 2.78528250419e-06, 9.0099206318e-07, 3.35558837605e-07, 1.45688105135e-07, 2.77811267324e-07, 5.64337341302e-08, 9.94557041167e-08, 1.85584987378e-08, 3.25903526388e-09, 3.90643783987e-09, 2.31704233578e-09, 4.11635392439e-09, 2.40086994729e-09, 2.89541368659e-09, 1.57790081001e-09, 3.79858011712e-09, 1.18500909085e-09, 8.15401801635e-10, 2.48396109237e-10, 3.71830101431e-11, 4.21762104408e-11, 4.05047731467e-11, 1.12405076566e-11, 3.89116907099e-12, 7.54222378996e-12, 1.50675062704e-11, 3.37751215884e-11, 3.0536542045e-11, 7.18024528723e-11, 3.6573244433e-11, 1.57352186836e-11, 5.88519684375e-12, 1.97533222418e-12, 8.654360323e-13, 7.27177432852e-13, 2.01163467394e-13]
    },
    "mfcc": {
        "mean": [-722.709899902, 178.033035278, 25.3954811096, 28.9217662811, 16.6072101593, 18.2622184753, -1.50307559967, 5.40990591049, 7.2471613884, 5.68697118759, 0.536327540874, 0.573581397533, 3.57681703568],
        "cov": [[16384.6191406, 328.724365234, -1913.15075684, 642.207580566, 277.175231934, 257.158325195, -24.8101062775, 229.332077026, -45.82472229, 210.856536865, 386.314819336, 448.866119385, 28.5604686737], [328.724365234, 2953.09106445, -412.198760986, 47.5200309753, 194.931167603, -213.967514038, 148.447921753, -33.0356826782, 70.6548233032, 72.6483459473, 10.9103822708, 84.0457992554, -13.3814296722], [-1913.15075684, -412.198760986, 1971.20996094, -56.7449531555, -65.0542068481, 392.570465088, -109.737342834, 97.5523529053, 83.9032516479, 18.8754405975, -86.0544891357, -201.23008728, 90.2289199829], [642.207580566, 47.5200309753, -56.7449531555, 320.356170654, 88.1459655762, 66.9272918701, 54.2520904541, 12.0622005463, 15.0971488953, 8.56114959717, -16.8297386169, -10.1280422211, -15.4806957245], [277.175231934, 194.931167603, -65.0542068481, 88.1459655762, 246.880859375, 76.5592575073, 59.6765594482, 40.5181388855, 9.0722284317, 27.5186309814, 14.3051156998, 30.3719348907, 2.65820288658], [257.158325195, -213.967514038, 392.570465088, 66.9272918701, 76.5592575073, 318.780944824, -1.45272064209, 58.565448761, 32.1835823059, 23.5750713348, 16.2899951935, -21.9222564697, 31.9056510925], [-24.8101062775, 148.447921753, -109.737342834, 54.2520904541, 59.6765594482, -1.45272064209, 161.494888306, 32.5791015625, 6.81294393539, 20.7651329041, 12.4280204773, 27.820734024, -21.7811756134], [229.332077026, -33.0356826782, 97.5523529053, 12.0622005463, 40.5181388855, 58.565448761, 32.5791015625, 135.300079346, 45.9910430908, 34.4943962097, 13.1853685379, 9.90714740753, 1.91142177582], [-45.82472229, 70.6548233032, 83.9032516479, 15.0971488953, 9.0722284317, 32.1835823059, 6.81294393539, 45.9910430908, 124.882835388, 44.4938201904, -0.058167103678, -24.2180538177, 11.051279068], [210.856536865, 72.6483459473, 18.8754405975, 8.56114959717, 27.5186309814, 23.5750713348, 20.7651329041, 34.4943962097, 44.4938201904, 113.852607727, 36.0290260315, 18.7371845245, 1.34451937675], [386.314819336, 10.9103822708, -86.0544891357, -16.8297386169, 14.3051156998, 16.2899951935, 12.4280204773, 13.1853685379, -0.058167103678, 36.0290260315, 112.988479614, 64.4679412842, 13.916103363], [448.866119385, 84.0457992554, -201.23008728, -10.1280422211, 30.3719348907, -21.9222564697, 27.820734024, 9.90714740753, -24.2180538177, 18.7371845245, 64.4679412842, 125.441711426, 20.3327388763], [28.5604686737, -13.3814296722, 90.2289199829, -15.4806957245, 2.65820288658, 31.9056510925, -21.7811756134, 1.91142177582, 11.051279068, 1.34451937675, 13.916103363, 20.3327388763, 72.1960144043]],
