{
"lowlevel": {
    "average_loudness": 0.736638426781,
    "barkbands_crest": {
        "dmean": 2.93153882027,
        "dmean2": 4.86275148392,
        "dvar": 6.84129047394,
        "dvar2": 17.8723316193,
        "max": 26.9250087738,
        "mean": 12.1775093079,
        "median": 11.3295478821,
        "min": 2.84793686867,
        "var": 21.0950927734
    },
    "barkbands_flatness_db": {
        "dmean": 0.0323418751359,
        "dmean2": 0.0489049479365,
        "dvar": 0.00127433391754,
        "dvar2": 0.00265473825857,
        "max": 0.652233302593,
        "mean": 0.207337453961,
        "median": 0.200149178505,
        "min": 0.0390542037785,
        "var": 0.00755241326988
    },
    "barkbands_kurtosis": {
        "dmean": 12.0282878876,
        "dmean2": 18.8756752014,
        "dvar": 1014.83428955,
        "dvar2": 2605.89526367,
        "max": 1243.51806641,
        "mean": 20.2810211182,
        "median": 9.48564720154,
        "min": -1.88872981071,
        "var": 1574.9942627
    },
    "barkbands_skewness": {
        "dmean": 0.981663942337,
        "dmean2": 1.47219741344,
        "dvar": 1.46123051643,
        "dvar2": 3.40874290466,
        "max": 30.9949359894,
        "mean": 3.05535507202,
        "median": 2.73585271835,
        "min": -5.28788423538,
        "var": 5.53590250015
    },
    "barkbands_spread": {
        "dmean": 5.88287591934,
        "dmean2": 8.62660694122,
        "dvar": 69.0791473389,
        "dvar2": 131.742477417,
        "max": 103.034957886,
        "mean": 16.3884239197,
        "median": 10.4899768829,
        "min": 0.0805802717805,
        "var": 279.391723633
    },
    "dissonance": {
        "dmean": 0.0242073927075,
        "dmean2": 0.0401278883219,
        "dvar": 0.00080070423428,
        "dvar2": 0.00217567873187,
        "max": 0.499999910593,
        "mean": 0.450798362494,
        "median": 0.462053209543,
        "min": 0.144169956446,
        "var": 0.00181763595901
    },
    "dynamic_complexity": 5.00034475327,
    "erbbands_crest": {
        "dmean": 2.98736357689,
        "dmean2": 4.84266614914,
        "dvar": 8.83173179626,
        "dvar2": 21.7720909119,
        "max": 33.7454071045,
        "mean": 10.632393837,
        "median": 9.19282722473,
        "min": 2.66347813606,
        "var": 32.9149665833
    },
    "erbbands_flatness_db": {
        "dmean": 0.0218100249767,
        "dmean2": 0.0327960178256,
        "dvar": 0.000672091264278,
        "dvar2": 0.00147959659807,
        "max": 0.55625218153,
        "mean": 0.165680810809,
        "median": 0.142888084054,
        "min": 0.0545433238149,
        "var": 0.00560142053291
    },
    "erbbands_kurtosis": {
        "dmean": 2.36616134644,
        "dmean2": 3.74870181084,
        "dvar": 67.1483154297,
        "dvar2": 161.813095093,
        "max": 299.306365967,
        "mean": 2.0055308342,
        "median": -0.142581701279,
        "min": -1.90376067162,
        "var": 102.624008179
    },
    "erbbands_skewness": {
        "dmean": 0.530667364597,
        "dmean2": 0.792588710785,
        "dvar": 0.40501460433,
        "dvar2": 0.920819401741,
        "max": 13.7757797241,
        "mean": 0.570328533649,
        "median": 0.462142854929,
        "min": -5.13406848907,
        "var": 1.70457720757
    },
    "erbbands_spread": {
        "dmean": 11.8418340683,
        "dmean2": 17.9933834076,
        "dvar": 163.67616272,
        "dvar2": 362.088470459,
        "max": 184.481246948,
        "mean": 52.2839050293,
        "median": 47.5756607056,
        "min": 0.433310121298,
        "var": 940.311096191
    },
    "hfc": {
        "dmean": 7.79828023911,
        "dmean2": 10.7349348068,
        "dvar": 370.6171875,
        "dvar2": 664.155944824,
        "max": 254.611480713,
        "mean": 15.0918722153,
        "median": 6.97781038284,
        "min": 1.08358178703e-16,
        "var": 787.82635498
    },
    "melbands_crest": {
        "dmean": 3.96106219292,
        "dmean2": 6.4112496376,
        "dvar": 12.4317302704,
        "dvar2": 31.0305938721,
        "max": 38.217502594,
        "mean": 18.3406982422,
        "median": 17.3904495239,
        "min": 1.60311961174,
        "var": 42.7847747803
    },
    "melbands_flatness_db": {
        "dmean": 0.0375318601727,
        "dmean2": 0.0553347989917,
        "dvar": 0.00173114787322,
        "dvar2": 0.00345891993493,
        "max": 0.807782292366,
        "mean": 0.287094771862,
        "median": 0.286688387394,
        "min": 0.00329652335495,
        "var": 0.0114684691653
    },
    "melbands_kurtosis": {
        "dmean": 26.6159610748,
        "dmean2": 40.7854614258,
        "dvar": 2605.71411133,
        "dvar2": 6236.46484375,
        "max": 1551.45996094,
        "mean": 52.706817627,
        "median": 28.6128616333,
        "min": -1.75557279587,
        "var": 5942.41650391
    },
    "melbands_skewness": {
        "dmean": 1.33995831013,
        "dmean2": 1.99191319942,
        "dvar": 2.21781206131,
        "dvar2": 4.92478895187,
        "max": 35.1144714355,
        "mean": 4.82027816772,
        "median": 4.34712409973,
        "min": -6.73439073563,
        "var": 10.1695213318
    },
    "melbands_spread": {
        "dmean": 6.11210393906,
        "dmean2": 8.69786071777,
        "dvar": 114.273963928,
        "dvar2": 201.455413818,
        "max": 173.607772827,
        "mean": 15.2923288345,
        "median": 7.69980335236,
        "min": 0.178237095475,
        "var": 520.227600098
    },
    "pitch_salience": {
        "dmean": 0.0882075428963,
        "dmean2": 0.142966106534,
        "dvar": 0.00628000730649,
        "dvar2": 0.0160001497716,
        "max": 0.991335213184,
        "mean": 0.485014557838,
        "median": 0.498618394136,
        "min": 0.0297062955797,
        "var": 0.0199469160289
    },
    "silence_rate_20dB": {
        "dmean": 0,
        "dmean2": 0,
        "dvar": 0,
        "dvar2": 0,
        "max": 1,
        "mean": 1,
        "median": 1,
        "min": 1,
        "var": 0
    },
    "silence_rate_30dB": {
        "dmean": 0.0476069897413,
        "dmean2": 0.0952220186591,
        "dvar": 0.0453381314874,
        "dvar2": 0.0918986275792,
        "max": 1,
        "mean": 0.924206614494,
        "median": 1,
        "min": 0,
        "var": 0.0700446367264
    },
    "silence_rate_60dB": {
        "dmean": 0.0295433439314,
        "dmean2": 0.0590916760266,
        "dvar": 0.0286687593907,
        "dvar2": 0.068082742393,
        "max": 1,
        "mean": 0.152768403292,
        "median": 0,
        "min": 0,
        "var": 0.129408955574
    },
    "spectral_centroid": {
        "dmean": 265.30380249,
        "dmean2": 385.820373535,
        "dvar": 118538.109375,
        "dvar2": 212670.40625,
        "max": 11731.4785156,
        "mean": 1074.73425293,
        "median": 724.245483398,
        "min": 85.5627822876,
        "var": 1514774.125
    },
    "spectral_complexity": {
        "dmean": 3.04549670219,
        "dmean2": 4.42866802216,
        "dvar": 26.118932724,
        "dvar2": 46.6640434265,
        "max": 60,
        "mean": 10.6218767166,
        "median": 8,
        "min": 0,
        "var": 96.7344894409
    },
    "spectral_decrease": {
        "dmean": 3.7883904902e-09,
        "dmean2": 5.81636516728e-09,
        "dvar": 4.58666984362e-17,
        "dvar2": 9.2158355949e-17,
        "max": 4.09456503477e-20,
        "mean": -9.03312269429e-09,
        "median": -5.14953146791e-09,
        "min": -6.48569340456e-08,
        "var": 1.23944994448e-16
    },
    "spectral_energy": {
        "dmean": 0.0147732160985,
        "dmean2": 0.0226145405322,
        "dvar": 0.000679403077811,
        "dvar2": 0.0013656783849,
        "max": 0.247461825609,
        "mean": 0.0354619659483,
        "median": 0.0206300076097,
        "min": 9.86864517853e-21,
        "var": 0.0018347062869
    },
    "spectral_energyband_high": {
        "dmean": 0.000867626687977,
        "dmean2": 0.00113760645036,
        "dvar": 6.97332689015e-06,
        "dvar2": 1.17179079098e-05,
        "max": 0.0370919667184,
        "mean": 0.00130963674746,
        "median": 0.000194666208699,
        "min": 6.92136592088e-21,
        "var": 1.47069340528e-05
    },
    "spectral_energyband_low": {
        "dmean": 0.011287744157,
        "dmean2": 0.0167271904647,
        "dvar": 0.000605101406109,
        "dvar2": 0.00118118710816,
        "max": 0.244325757027,
        "mean": 0.0222696587443,
        "median": 0.00906161777675,
        "min": 8.61504423856e-24,
        "var": 0.00139015784953
    },
    "spectral_energyband_middle_high": {
        "dmean": 0.000787865894381,
        "dmean2": 0.00116453052033,
        "dvar": 3.71562668988e-06,
        "dvar2": 8.78687023942e-06,
        "max": 0.02646558173,
        "mean": 0.0016721514985,
        "median": 0.000615244032815,
        "min": 1.20692255084e-21,
        "var": 7.34655668566e-06
    },
    "spectral_energyband_middle_low": {
        "dmean": 0.00517551647499,
        "dmean2": 0.0086357081309,
        "dvar": 7.95969826868e-05,
        "dvar2": 0.000207479024539,
        "max": 0.159441620111,
        "mean": 0.0104830525815,
        "median": 0.00643917126581,
        "min": 1.52216946819e-22,
        "var": 0.000179234426469
    },
    "spectral_entropy": {
        "dmean": 0.266390055418,
        "dmean2": 0.403248667717,
        "dvar": 0.100549563766,
        "dvar2": 0.211420834064,
        "max": 9.82558250427,
        "mean": 7.24051809311,
        "median": 7.33880376816,
        "min": 3.42432904243,
        "var": 0.608855426311
    },
    "spectral_flux": {
        "dmean": 0.0333551988006,
        "dmean2": 0.05477585271,
        "dvar": 0.00215841154568,
        "dvar2": 0.00512988911942,
        "max": 0.438248157501,
        "mean": 0.0833383724093,
        "median": 0.067019879818,
        "min": 6.31772134607e-11,
        "var": 0.00455389451236
    },
    "spectral_kurtosis": {
        "dmean": 3.02250146866,
        "dmean2": 4.84639549255,
        "dvar": 36.584072113,
        "dvar2": 86.9163818359,
        "max": 177.329071045,
        "mean": 6.94202804565,
        "median": 2.80741167068,
        "min": -1.27593386173,
        "var": 152.812332153
    },
    "spectral_rms": {
        "dmean": 0.00107380875852,
        "dmean2": 0.00162960530724,
        "dvar": 2.00327644961e-06,
        "dvar2": 3.9399360503e-06,
        "max": 0.0155378943309,
        "mean": 0.00494122970849,
        "median": 0.00448629446328,
        "min": 3.10289315943e-12,
        "var": 1.01813084257e-05
    },
    "spectral_rolloff": {
        "dmean": 398.469177246,
        "dmean2": 650.875061035,
        "dvar": 945024.625,
        "dvar2": 1867707.5,
        "max": 19552.1484375,
        "mean": 1095.58239746,
        "median": 344.53125,
        "min": 43.06640625,
        "var": 5272196.5
    },
    "spectral_skewness": {
        "dmean": 0.34886303544,
        "dmean2": 0.538011848927,
        "dvar": 0.204718396068,
        "dvar2": 0.479007154703,
        "max": 10.3615465164,
        "mean": 1.72411680222,
        "median": 1.45609974861,
        "min": -0.0828865915537,
        "var": 1.31058084965
    },
    "spectral_spread": {
        "dmean": 709917.625,
        "dmean2": 1043879.0625,
        "dvar": 867656269824,
        "dvar2": 1.74143098061e+12,
        "max": 42528728,
        "mean": 5415497.5,
        "median": 5158074.5,
        "min": 483354.21875,
        "var": 1.58955764449e+13
    },
    "spectral_strongpeak": {
        "dmean": 0.286853283644,
        "dmean2": 0.486644774675,
        "dvar": 0.297312855721,
        "dvar2": 0.785632312298,
        "max": 13.4018764496,
        "mean": 0.436861127615,
        "median": 0.254173725843,
        "min": 0,
        "var": 0.368642866611
    },
    "zerocrossingrate": {
        "dmean": 0.0111792786047,
        "dmean2": 0.012216841802,
        "dvar": 0.000194335676497,
        "dvar2": 0.000198487890884,
        "max": 0.5302734375,
        "mean": 0.0493516847491,
        "median": 0.03173828125,
        "min": 0.00146484375,
        "var": 0.00347224250436
    },
    "barkbands": {
        "dmean": [0.00365974404849, 0.00718711316586, 0.00373021536507, 0.00210829544812, 0.00287943333387, 0.000521276379004, 0.000620862701908, 0.000311087962473, 0.000140128366183, 0.000187249126611, 8.57709455886e-05, 0.000152963242726, 0.000110074448457, 0.000106998515548, 0.000130154629005, 0.00010990298324, 8.74144316185e-05, 9.72732887021e-05, 6.68184293318e-05, 0.000113097819849, 0.000243515183683, 0.000317900441587, 0.000163760021678, 6.81958917994e-05, 4.3784846639e-05, 2.50928987953e-05, 1.3944861621e-06],
        "dmean2": [0.00581730762497, 0.010814207606, 0.00625054817647, 0.00370714906603, 0.00483266729861, 0.000763441727031, 0.00103127281182, 0.000483714859001, 0.000228303717449, 0.00026698524016, 0.000122457538964, 0.000247249554377, 0.000182677918929, 0.000173790394911, 0.000209728692425, 0.000170438826899, 0.000138504809001, 0.000157318703714, 0.000105393126432, 0.000163909076946, 0.0003377001849, 0.00045064400183, 0.000232171529206, 9.25160566112e-05, 5.92490760027e-05, 3.47379791492e-05, 2.16296007238e-06],
        "dvar": [6.4433850639e-05, 0.000313638680382, 0.000144987512613, 1.72213822225e-05, 3.40382066497e-05, 1.15326679406e-06, 1.50505793499e-05, 1.33501703203e-06, 4.78595893583e-07, 2.44687015538e-07, 7.24070261526e-08, 1.6774845335e-07, 1.1518958587e-07, 1.33547601422e-07, 1.04767060805e-07, 8.81588277934e-08, 5.21922025598e-08, 1.12546906905e-07, 5.60881652234e-08, 1.55782601041e-07, 5.28451721493e-07, 1.24945381685e-06, 2.92660644163e-07, 3.8636592592e-08, 1.44134641999e-08, 6.68883126664e-09, 2.5233310233e-11],
        "dvar2": [0.000160411247634, 0.000633913092315, 0.000347113877069, 4.59142538602e-05, 8.86133275344e-05, 2.25497001338e-06, 3.90705718019e-05, 2.98781355923e-06, 1.2886806644e-06, 4.3514802428e-07, 1.15169100923e-07, 3.95462393499e-07, 3.04585597632e-07, 3.36633092957e-07, 2.72085259212e-07, 1.8977995353e-07, 1.25205275481e-07, 2.9210028174e-07, 1.31697575512e-07, 3.23563966731e-07, 1.01864588942e-06, 2.35504353441e-06, 6.13654947301e-07, 6.9896010757e-08, 2.82855676659e-08, 1.49962353646e-08, 5.89895354786e-11],
        "max": [0.0945516675711, 0.206930801272, 0.207390666008, 0.0808329880238, 0.121171057224, 0.0462794341147, 0.089947797358, 0.0486615039408, 0.0330330580473, 0.0169912483543, 0.0136667136103, 0.0122497165576, 0.00526290386915, 0.00827966816723, 0.00661874655634, 0.00552969099954, 0.00360851874575, 0.00457778898999, 0.00368382851593, 0.00520266965032, 0.00908165145665, 0.0165405422449, 0.00825361162424, 0.00286503578536, 0.00151980132796, 0.00151933939196, 7.36831498216e-05],
        "mean": [0.00599843356758, 0.0114822015166, 0.00459243217483, 0.00275833206251, 0.00492062233388, 0.00111954484601, 0.000814890780021, 0.000499566842336, 0.000196440203581, 0.000340050377417, 0.00017319417384, 0.000228861070354, 0.000144507779623, 0.000151483662194, 0.000207599761779, 0.000156556736329, 0.000116479517601, 0.000110148561362, 9.04688131413e-05, 0.00014704100613, 0.00036793758045, 0.000423676770879, 0.000233925515204, 9.43983832258e-05, 6.04823981121e-05, 3.10092691507e-05, 1.61384002695e-06],
        "median": [0.000229867262533, 0.00434944871813, 0.0016274532536, 0.00123043172061, 0.00196311669424, 0.000404458376579, 0.000140348027344, 0.000130487329443, 4.47279162472e-05, 9.5007570053e-05, 2.50860648521e-05, 5.43350106454e-05, 2.49735749094e-05, 1.85919070645e-05, 3.37600577041e-05, 2.19004632527e-05, 1.89690399566e-05, 1.77663387149e-05, 1.80855276994e-05, 1.77735819307e-05, 4.43124517915e-05, 3.21568950312e-05, 2.55839404417e-05, 1.4977182218e-05, 9.86194936559e-06, 3.76466005036e-06, 4.06603604119e-08],
        "min": [3.3680659786e-26, 3.88876004091e-24, 6.76606097016e-25, 8.5910610921e-25, 5.11595584685e-24, 4.63937105299e-24, 8.11843894378e-24, 7.16132584039e-24, 1.40179462675e-23, 1.27568606027e-23, 1.36216635695e-23, 3.02670656986e-23, 1.86025108147e-23, 3.49619492879e-23, 4.91348988347e-23, 6.15120159971e-23, 7.03565603834e-23, 1.06065150741e-22, 1.53619958027e-22, 1.89908531544e-22, 2.64426099699e-22, 2.83984145107e-22, 4.00568724464e-22, 5.92255916468e-22, 7.35017929887e-22, 1.2210102687e-21, 1.93931848378e-21],
        "var": [0.000141507276567, 0.000544383015949, 0.000178853733814, 2.45486498898e-05, 7.88419711171e-05, 5.839278856e-06, 1.69865070347e-05, 3.14997600981e-06, 6.73130614359e-07, 7.60658508625e-07, 3.39344722988e-07, 3.18841756553e-07, 1.40198395115e-07, 2.1484162005e-07, 2.05873121217e-07, 1.39474678917e-07, 7.49836175373e-08, 1.03779186134e-07, 7.0238748151e-08, 2.41987663685e-07, 1.06285131096e-06, 2.25883150051e-06, 4.92867570756e-07, 6.95660276051e-08, 2.44447289077e-08, 8.29543278513e-09, 3.04100807036e-11]
    },
    "erbbands": {
        "dmean": [0.3662789464, 1.29920148849, 3.98872923851, 5.56002855301, 10.8441076279, 7.718957901, 4.24092388153, 4.42904424667, 10.1329727173, 5.2477107048, 7.06018781662, 3.44909644127, 5.70357990265, 5.2437620163, 2.86490941048, 7.14678955078, 5.19065952301, 5.48684167862, 6.17769813538, 6.85586690903, 5.47295093536, 4.85324192047, 4.86106204987, 3.88554096222, 3.63598704338, 5.37891626358, 9.30842781067, 10.5416173935, 11.5518436432, 7.80942296982, 4.41021966934, 1.87526679039, 0.949356019497, 0.639209628105, 0.214624837041, 0.115413911641, 0.0406838655472, 0.00941963680089, 0.000186872814083, 2.17245778913e-05],
        "dmean2": [0.541605710983, 2.12336444855, 6.7936706543, 9.30155181885, 18.7626342773, 12.8215484619, 6.29827404022, 6.60123586655, 16.8661937714, 8.26140594482, 10.9679336548, 5.54522037506, 8.32032585144, 7.34011697769, 4.38579797745, 11.6000347137, 8.47762966156, 8.84081935883, 10.2483482361, 10.6752223969, 8.47388648987, 7.58944559097, 7.78993225098, 6.21519374847, 5.56642389297, 7.75820875168, 12.6157035828, 14.9261760712, 16.1261806488, 11.5213222504, 6.39299964905, 2.51146578789, 1.33210897446, 0.864555358887, 0.296092808247, 0.168165907264, 0.0554264560342, 0.0134689556435, 0.000265343900537, 3.19070204569e-05],
        "dvar": [0.981388986111, 10.23869133, 127.165313721, 229.255783081, 498.574737549, 252.104873657, 95.1864852905, 103.171607971, 4106.98291016, 388.140197754, 725.011901855, 222.424942017, 395.894317627, 209.768508911, 56.2236785889, 329.215362549, 234.792037964, 327.506988525, 437.747283936, 321.631103516, 225.997085571, 171.485946655, 253.262283325, 231.953475952, 154.055557251, 346.482116699, 766.705078125, 1204.21057129, 1669.39660645, 701.767211914, 227.736724854, 29.3796825409, 7.41268777847, 3.37072014809, 0.357813119888, 0.20771163702, 0.0156110497192, 0.0013237480307, 4.71202639574e-07, 1.39762013074e-09],
        "dvar2": [2.015812397, 25.9342556, 327.629119873, 486.591766357, 1381.42980957, 640.750732422, 209.863708496, 218.079971313, 10886.7089844, 902.431274414, 1607.66601562, 608.76361084, 804.948486328, 361.705352783, 128.227706909, 795.290649414, 609.076293945, 810.841369629, 1189.64733887, 770.78137207, 484.947998047, 402.142059326, 640.317321777, 612.733825684, 347.559753418, 707.973693848, 1439.33276367, 2326.31176758, 3146.20166016, 1436.0324707, 492.727050781, 51.116104126, 14.2232980728, 6.32887744904, 0.781586766243, 0.510100543499, 0.0304857082665, 0.00300234439783, 1.06509878606e-06, 2.79534262404e-09],
        "max": [10.3641824722, 32.7033081055, 190.521514893, 324.732574463, 555.608947754, 278.561859131, 380.318817139, 413.957336426, 1400.99462891, 936.81072998, 1126.44299316, 562.66986084, 818.923156738, 572.13684082, 195.75289917, 406.312438965, 226.044891357, 448.470733643, 454.869415283, 454.287261963, 252.360092163, 179.890762329, 251.595062256, 264.055114746, 196.25970459, 238.886306763, 427.762329102, 552.203186035, 624.438415527, 329.748291016, 246.829101562, 77.2448501587, 38.0081367493, 25.5038166046, 12.5707616806, 13.5355615616, 1.68536090851, 0.547591567039, 0.0101373614743, 0.000399737240514],
        "mean": [0.542652845383, 1.79542386532, 4.95336151123, 8.2035369873, 17.6652336121, 12.1078414917, 8.36242866516, 8.88753223419, 13.8649215698, 8.52478599548, 10.9159955978, 5.22054672241, 10.1978368759, 9.96493625641, 5.7670788765, 10.7563943863, 7.59523868561, 8.28368473053, 9.10746383667, 10.9535388947, 8.09309482574, 6.68562602997, 5.93660497665, 4.60097360611, 5.16637325287, 7.09948921204, 14.1789083481, 14.9744672775, 15.5451555252, 10.6635103226, 5.97579288483, 2.68751478195, 1.28917014599, 0.861045181751, 0.306725591421, 0.142170667648, 0.0534123107791, 0.0110855614766, 0.000236610081629, 4.83583135065e-05],
        "median": [0.0718901455402, 0.755696296692, 1.88846206665, 3.7455534935, 6.99668312073, 5.04834127426, 3.20343780518, 2.53596019745, 2.59178066254, 1.97478818893, 2.90726947784, 1.6827750206, 2.48142194748, 2.715944767, 1.5869743824, 2.68585848808, 1.50286698341, 1.37095141411, 1.53166484833, 1.56352806091, 1.21702539921, 0.955100178719, 1.01040530205, 0.940186262131, 0.980978608131, 0.829593300819, 1.54469907284, 1.51097011566, 1.25130569935, 0.960571944714, 0.70354449749, 0.403344810009, 0.195832446218, 0.11368662864, 0.0544495657086, 0.0206020399928, 0.00681711453944, 0.000983300502412, 4.15971953771e-05, 2.75944639725e-05],
        "min": [6.83801672041e-23, 4.14143089512e-22, 1.22624234763e-21, 3.35162153928e-21, 8.91003816822e-21, 1.30043778286e-20, 2.82981654105e-20, 6.43737220472e-20, 9.98227992297e-20, 2.19940914228e-19, 2.69465820164e-19, 3.63491492092e-19, 6.28353328364e-19, 5.18308321597e-19, 9.61745320627e-19, 1.38164008734e-18, 1.24643214294e-18, 1.95892416356e-18, 2.65787316961e-18, 2.91315496192e-18, 3.22724557347e-18, 4.82098231789e-18, 5.00356258577e-18, 6.24038537154e-18, 7.48796646835e-18, 9.0105611306e-18, 8.39606023406e-18, 8.48618817925e-18, 1.10586437837e-17, 1.09892681457e-17, 1.11962477601e-17, 9.96358072974e-18, 9.28337439561e-18, 7.82933563535e-18, 5.87634277036e-18, 3.90668428399e-18, 2.25410749426e-18, 9.61507919792e-19, 2.47947362763e-19, 2.61984158932e-20],
        "var": [1.68923711777, 11.6463365555, 148.411529541, 372.50793457, 1194.27404785, 428.777862549, 309.129760742, 434.627960205, 4702.6328125, 857.993896484, 1565.42163086, 293.178100586, 1175.04638672, 723.904296875, 151.849746704, 617.883850098, 320.030212402, 580.251220703, 528.324951172, 669.042419434, 352.237121582, 264.938903809, 258.773956299, 208.545043945, 220.496459961, 546.28515625, 1594.50695801, 2338.55883789, 3080.23535156, 1174.56225586, 335.855255127, 56.304485321, 12.4174308777, 5.90863513947, 0.52888828516, 0.202844947577, 0.0238930713385, 0.00158810731955, 5.75565934469e-07, 3.33494787341e-09]
    },
    "gfcc": {
        "mean": [-82.6962280273, 97.0441513062, -85.4065170288, 40.2472610474, -55.0989456177, 17.032743454, -34.3881416321, -1.59855091572, -20.1830387115, 0.0576047860086, -24.0970821381, 0.21134839952, -11.0624923706],
        "cov": [[28651.40625, -1389.33007812, 270.295227051, 3144.53613281, -951.020690918, 1648.60876465, -149.927200317, 13.4207754135, -799.973937988, 563.224853516, -53.6255950928, 617.686096191, 4.67074871063], [-1389.33007812, 2237.49291992, -204.758224487, -676.411804199, 378.899017334, -208.935134888, 110.106147766, -124.148551941, 333.848266602, -208.892776489, 83.6666030884, -196.940536499, 179.843215942], [270.295227051, -204.758224487, 1319.50158691, 564.526000977, 198.216552734, 342.630737305, 182.841461182, 65.910118103, 7.15052509308, 93.6451873779, -9.99835109711, 85.9033050537, 33.5343742371], [3144.53613281, -676.411804199, 564.526000977, 1226.0480957, 66.907333374, 350.818572998, 91.4676513672, 5.95815372467, -114.882125854, 130.928863525, 15.3383874893, 124.812042236, 22.7636184692], [-951.020690918, 378.899017334, 198.216552734, 66.907333374, 591.617126465, 149.060317993, 90.1910858154, 23.389837265, 113.462226868, -27.6476135254, 67.7832260132, 14.4340381622, 68.4645233154], [1648.60876465, -208.935134888, 342.630737305, 350.818572998, 149.060317993, 482.946014404, 149.947174072, 14.3338270187, -64.9530105591, 37.4820976257, 19.7437000275, 109.948066711, 35.659160614], [-149.927200317, 110.106147766, 182.841461182, 91.4676513672, 90.1910858154, 149.947174072, 331.614532471, 53.1080932617, 30.6032428741, 14.0815000534, 70.552947998, 21.1524848938, 30.7968978882], [13.4207754135, -124.148551941, 65.910118103, 5.95815372467, 23.389837265, 14.3338270187, 53.1080932617, 198.498626709, 38.8221282959, 53.1022796631, 25.5898933411, -0.00844523403794, -12.3854236603], [-799.973937988, 333.848266602, 7.15052509308, -114.882125854, 113.462226868, -64.9530105591, 30.6032428741, 38.8221282959, 310.961120605, 25.0640068054, -9.52049732208, -32.7355804443, 42.4583816528], [563.224853516, -208.892776489, 93.6451873779, 130.928863525, -27.6476135254, 37.4820976257, 14.0815000534, 53.1022796631, 25.0640068054, 165.83895874, 59.3117294312, 32.6426773071, -20.0180587769], [-53.6255950928, 83.6666030884, -9.99835109711, 15.3383874893, 67.7832260132, 19.7437000275, 70.552947998, 25.5898933411, -9.52049732208, 59.3117294312, 203.654495239, 41.3555755615, 25.1882152557], [617.686096191, -196.940536499, 85.9033050537, 124.812042236, 14.4340381622, 109.948066711, 21.1524848938, -0.00844523403794, -32.7355804443, 32.6426773071, 41.3555755615, 151.50718689, 28.3258476257], [4.67074871063, 179.843215942, 33.5343742371, 22.7636184692, 68.4645233154, 35.659160614, 30.7968978882, -12.3854236603, 42.4583816528, -20.0180587769, 25.1882152557, 28.3258476257, 130.02494812]],
        "icov": [[0.000113568225061, -0.000239877947024, 0.000164447526913, -0.000327410467435, 0.000310381321469, -0.000422225799412, 0.000234943814576, -0.000239437445998, 0.000215631545871, -0.000349430047208, 0.00020779260376, -0.000311585521558, 0.000119939511933], [-0.000239877947024, 0.00160051637795, -0.000429171312135, 0.00108919024933, -0.00101970147807, 0.000967373198364, -0.000767201767303, 0.00127975607757, -0.00123445910867, 0.00158732780255, -0.00121878914069, 0.00186106050387, -0.00123173859902], [0.000164447526913, -0.000429171312135, 0.00136702531017, -0.000840079155751, 0.000218777713599, -0.000939255696721, 4.00031512982e-06, -0.000570181349758, 0.000352942413883, -0.000989545369521, 0.000848808151204, -0.000625863787718, 0.000173657477717], [-0.000327410467435, 0.00108919024933, -0.000840079155751, 0.00237089581788, -0.00107935769483, 0.000758240756113, -0.000773399195168, 0.0011943874415, -0.000435815192759, 0.000357680546585, -0.000578665814828, 0.00110183400102, -0.000966374762356], [0.000310381321469, -0.00101970147807, 0.000218777713599, -0.00107935769483, 0.00339871575125, -0.00206206087023, 0.000981249497272, -0.00110178685281, -0.000296939659165, 0.000105514976894, -0.000462330295704, -0.000816498708446, 0.000350991380401], [-0.000422225799412, 0.000967373198364, -0.000939255696721, 0.000758240756113, -0.00206206087023, 0.00552071351558, -0.00228368071839, 0.00105955416802, 0.000167144404259, 0.000769404869061, 0.000213823077502, -0.000635424396023, -0.000838920706883], [0.000234943814576, -0.000767201767303, 4.00031512982e-06, -0.000773399195168, 0.000981249497272, -0.00228368071839, 0.00484326016158, -0.00156516453717, -8.91988966032e-05, 0.000135644077091, -0.00119103700854, -0.000217585577047, 0.000328602967784], [-0.000239437445998, 0.00127975607757, -0.000570181349758, 0.0011943874415, -0.00110178685281, 0.00105955416802, -0.00156516453717, 0.00700569106266, -0.0014062008122, -0.000523282156792, -0.000997498864308, 0.0016689785989, -0.000287667440716], [0.000215631545871, -0.00123445910867, 0.000352942413883, -0.000435815192759, -0.000296939659165, 0.000167144404259, -8.91988966032e-05, -0.0014062008122, 0.00564037123695, -0.00344283040613, 0.0024812486954, -0.000941952806897, -0.000964654958807], [-0.000349430047208, 0.00158732780255, -0.000989545369521, 0.000357680546585, 0.000105514976894, 0.000769404869061, 0.000135644077091, -0.000523282156792, -0.00344283040613, 0.0117110582069, -0.00484296865761, 0.000976218376309, 0.00131380918901], [0.00020779260376, -0.00121878914069, 0.000848808151204, -0.000578665814828, -0.000462330295704, 0.000213823077502, -0.00119103700854, -0.000997498864308, 0.0024812486954, -0.00484296865761, 0.00843039806932, -0.00298937596381, -0.000605143490247], [-0.000311585521558, 0.00186106050387, -0.000625863787718, 0.00110183400102, -0.000816498708446, -0.000635424396023, -0.000217585577047, 0.0016689785989, -0.000941952806897, 0.000976218376309, -0.00298937596381, 0.0113079119474, -0.00320614664815], [0.000119939511933, -0.00123173859902, 0.000173657477717, -0.000966374762356, 0.000350991380401, -0.000838920706883, 0.000328602967784, -0.000287667440716, -0.000964654958807, 0.00131380918901, -0.000605143490247, -0.00320614664815, 0.0107875689864]]
    },
    "melbands": {
        "dmean": [0.00255347625352, 0.00193076266441, 0.001071235165, 0.000743982382119, 0.000150299238157, 0.000104589715193, 0.000144114295836, 5.70537013118e-05, 5.06201758981e-05, 2.18451496039e-05, 2.84982179437e-05, 2.16223379539e-05, 9.47492753767e-06, 1.62513551913e-05, 1.4321521121e-05, 1.13656969916e-05, 1.06199586298e-05, 1.00393235698e-05, 8.49000662129e-06, 9.0420116976e-06, 6.44269175609e-06, 5.45996954315e-06, 4.75497745356e-06, 4.15158547185e-06, 3.12753491016e-06, 2.85923283627e-06, 2.59629155153e-06, 3.93989512304e-06, 5.6128592405e-06, 5.97087773713e-06, 6.30386148259e-06, 6.87467036187e-06, 6.18756348558e-06, 3.86639931094e-06, 3.01728096019e-06, 1.55037639615e-06, 9.76782530415e-07, 6.4505508135e-07, 6.76926447341e-07, 5.04456465933e-07],
        "dmean2": [0.00373220723122, 0.0032473129686, 0.00182588910684, 0.00125422724523, 0.000228775243158, 0.000155965302838, 0.000238425243879, 9.00062659639e-05, 7.90418635006e-05, 3.492736505e-05, 4.17248484155e-05, 3.05589019263e-05, 1.41878363138e-05, 2.62564681179e-05, 2.30507375818e-05, 1.8714044927e-05, 1.72408490471e-05, 1.67574107763e-05, 1.35254176712e-05, 1.41419568536e-05, 1.00885335996e-05, 8.69255200087e-06, 7.69395228417e-06, 6.61321291773e-06, 5.15312194693e-06, 4.60709861727e-06, 3.985605872e-06, 5.87851445744e-06, 7.79684705776e-06, 8.28249085316e-06, 9.30442638492e-06, 1.00178367575e-05, 9.17772104003e-06, 5.76481852477e-06, 4.60411683889e-06, 2.11364408642e-06, 1.36535538786e-06, 9.35761704568e-07, 9.69095253822e-07, 6.93137394592e-07],
        "dvar": [4.03054982598e-05, 2.36857267737e-05, 5.77728087592e-06, 2.23283791456e-06, 1.14126891049e-07, 6.44281570317e-08, 7.827339914e-07, 3.69204613548e-08, 3.35844774213e-08, 1.09401829818e-08, 9.86357129307e-09, 3.52581386309e-09, 6.32772778619e-10, 2.31902674841e-09, 1.52374013407e-09, 1.11285614057e-09, 1.34138622432e-09, 1.42956302351e-09, 4.72433481224e-10, 5.43432021605e-10, 3.13595621693e-10, 2.12466447214e-10, 2.20268400741e-10, 2.02796154869e-10, 1.59175089776e-10, 1.03354914904e-10, 8.89911269675e-11, 2.02806382799e-10, 2.92454477302e-10, 3.33374883255e-10, 4.81057249591e-10, 6.40601183211e-10, 4.7443965423e-10, 1.74850814383e-10, 1.17878484751e-10, 2.08478651009e-11, 8.54590009869e-12, 3.43222238824e-12, 4.0463062588e-12, 2.19941968284e-12],
        "dvar2": [8.0223675468e-05, 6.05415698374e-05, 1.31540864459e-05, 5.89579531152e-06, 2.58609190951e-07, 1.37379373655e-07, 2.05148739951e-06, 8.53677519785e-08, 7.46507211602e-08, 2.94157516123e-08, 2.02979943964e-08, 6.31373398008e-09, 1.26236854303e-09, 5.43431122324e-09, 3.65152685866e-09, 2.95005686546e-09, 3.29518656805e-09, 3.91703558478e-09, 1.21110954598e-09, 1.22242960199e-09, 6.99362956436e-10, 5.06307218373e-10, 5.62898561096e-10, 5.05582520294e-10, 4.28514473905e-10, 2.46396569814e-10, 2.08682432445e-10, 4.31628482955e-10, 5.59759016916e-10, 6.6059080428e-10, 9.7078856065e-10, 1.26370935938e-09, 9.96541960063e-10, 3.74713288176e-10, 2.74170214309e-10, 3.82556798739e-11, 1.59257503018e-11, 6.96107060882e-12, 7.60098841507e-12, 4.39435076868e-12],
        "max": [0.0693851038814, 0.069942958653, 0.0462330542505, 0.0301357489079, 0.00993346050382, 0.01046402473, 0.0200413521379, 0.0100039457902, 0.00746333133429, 0.00465719588101, 0.00406616553664, 0.00212199357338, 0.000881552754436, 0.00183508265764, 0.000851644144859, 0.000504272815306, 0.00102810375392, 0.000907533045392, 0.000621863582637, 0.000451765896287, 0.000278734252788, 0.000230714023928, 0.000218228582526, 0.000201075381483, 0.000225032505114, 0.000155386456754, 0.000184627671842, 0.000187004625332, 0.000242467474891, 0.000297622609651, 0.000350513291778, 0.000405452097766, 0.000305132416543, 0.000183433556231, 0.000175723136635, 6.54818722978e-05, 4.3980195187e-05, 2.7469915949e-05, 2.75947750197e-05, 2.13142902794e-05],
        "mean": [0.00428436556831, 0.00255908886902, 0.00168644171208, 0.00121331284754, 0.00029035838088, 0.000210798913031, 0.000199234578758, 9.26417778828e-05, 7.6728501881e-05, 3.21212137351e-05, 4.99722482346e-05, 3.924702105e-05, 1.8712502424e-05, 2.57221126958e-05, 2.11971891986e-05, 1.51918184201e-05, 1.52709817485e-05, 1.37519200507e-05, 1.40025385917e-05, 1.32112063511e-05, 8.81974119693e-06, 7.22676759324e-06, 5.6117864915e-06, 4.91538958158e-06, 3.47496234099e-06, 3.79649395654e-06, 3.5767254758e-06, 4.85111377202e-06, 8.2692322394e-06, 8.63391505845e-06, 8.76369449543e-06, 9.16492444958e-06, 7.48751926949e-06, 5.42494080946e-06, 3.83375845558e-06, 2.23904544328e-06, 1.32473076064e-06, 8.5061202526e-07, 8.97056679605e-07, 6.64255196625e-07],
        "median": [0.00110128661618, 0.0010926509276, 0.000853881239891, 0.000480055110529, 0.00011936041119, 6.14723248873e-05, 3.77971809939e-05, 2.28213884839e-05, 2.05146570806e-05, 8.02336762717e-06, 1.19162214105e-05, 1.02399708339e-05, 3.73538114218e-06, 6.69012752041e-06, 4.51841060567e-06, 2.67036057267e-06, 2.09341123991e-06, 2.14523652176e-06, 2.12520853893e-06, 1.93574783225e-06, 1.31016736304e-06, 9.69047846411e-07, 8.73654016686e-07, 8.11581912785e-07, 6.53727170175e-07, 6.45470322524e-07, 5.84855172292e-07, 4.54662256288e-07, 8.37697484712e-07, 1.04871469375e-06, 6.85700285885e-07, 6.14219516137e-07, 6.45266823085e-07, 4.8600008995e-07, 4.20357764597e-07, 2.56580676705e-07, 2.08322333606e-07, 1.30215823901e-07, 1.02887980802e-07, 8.61531646024e-08],
        "min": [9.20380091162e-25, 8.5098813885e-25, 1.31366797736e-24, 6.01279692025e-25, 9.49093839251e-25, 1.10145768854e-24, 1.50638235777e-24, 2.53737622924e-24, 1.62519812212e-24, 2.311330109e-24, 2.56087935383e-24, 1.80274694745e-24, 2.63917695412e-24, 2.71033417992e-24, 2.87318031431e-24, 2.38869152861e-24, 3.06385529207e-24, 1.84602563165e-24, 3.47893417887e-24, 3.37722200363e-24, 3.31797894407e-24, 3.72859248372e-24, 3.52279011204e-24, 5.00392813198e-24, 3.84648064626e-24, 4.47976003717e-24, 4.69926531722e-24, 5.26072523359e-24, 4.47637306288e-24, 5.30001760642e-24, 4.57574074351e-24, 5.74564828722e-24, 5.02624106268e-24, 5.42606456287e-24, 5.00487713165e-24, 5.75530118369e-24, 6.02030677746e-24, 5.7059855442e-24, 6.41976306289e-24, 5.46646528527e-24],
        "var": [7.96459644334e-05, 2.85007572529e-05, 9.89937143459e-06, 4.81028973809e-06, 3.23190732843e-07, 2.65511687303e-07, 9.20275624594e-07, 9.31585049102e-08, 7.23580981798e-08, 1.55626818099e-08, 2.8457753487e-08, 1.10786659846e-08, 2.32754415741e-09, 4.52049997435e-09, 2.39302666571e-09, 1.3906138463e-09, 2.4695339107e-09, 1.50942969235e-09, 9.60622803525e-10, 9.81566161684e-10, 4.49115938883e-10, 3.35479727331e-10, 2.21781856768e-10, 2.04430430917e-10, 1.34059652268e-10, 1.31071237197e-10, 1.18807269578e-10, 2.96304564218e-10, 5.63820601318e-10, 6.16237005868e-10, 8.8435853085e-10, 1.13289089221e-09, 6.98613167316e-10, 2.90678425774e-10, 1.49774595504e-10, 3.97000557428e-11, 1.45475628072e-11, 5.34541334807e-12, 6.76169797237e-12, 3.61497789168e-12]
    },
    "mfcc": {
        "mean": [-724.053771973, 119.699928284, 29.8146972656, 29.3134689331, 6.51382827759, 19.332118988, -4.79710865021, 3.58116078377, 4.21953582764, -1.36632359028, -3.17662715912, -2.32800507545, -2.20408701897],
        "cov": [[16371.3466797, -1055.32824707, 552.19732666, 1288.75976562, 223.691146851, 1197.75219727, 513.06817627, 292.480957031, -212.942657471, -95.688949585, -49.8818016052, 193.740905762, 43.9463806152], [-1055.32824707, 2176.51245117, -172.825119019, -304.590026855, 102.981933594, -5.11839580536, -3.34489274025, 23.6754684448, 110.295158386, 68.6094284058, -19.9566364288, -23.2825813293, 70.1361541748], [552.19732666, -172.825119019, 954.427185059, 330.025146484, 102.472869873, 234.393173218, 133.035766602, 90.6326599121, 78.7000198364, 60.5571594238, -7.18272829056, 16.8424015045, 13.1231412888], [1288.75976562, -304.590026855, 330.025146484, 684.599487305, 192.276382446, 206.936538696, 117.854278564, 57.0385894775, 12.4237995148, 24.3385219574, 20.2382030487, 66.2733306885, -12.3154306412], [223.691146851, 102.981933594, 102.472869873, 192.276382446, 437.190734863, 194.957458496, 67.4736709595, 66.7081451416, 56.596321106, 35.8293304443, 1.16015803814, 3.28391623497, 38.2942733765], [1197.75219727, -5.11839580536, 234.393173218, 206.936538696, 194.957458496, 438.237518311, 182.974990845, 137.652755737, 37.5301589966, 0.919038712978, 0.489558309317, 2.75555515289, 28.7995910645], [513.06817627, -3.34489274025, 133.035766602, 117.854278564, 67.4736709595, 182.974990845, 364.089263916, 123.10043335, -15.8927984238, -2.66502046585, 35.4568214417, 47.0813064575, -5.05723047256], [292.480957031, 23.6754684448, 90.6326599121, 57.0385894775, 66.7081451416, 137.652755737, 123.10043335, 196.936447144, 70.5430831909, 8.27781009674, 17.6970653534, 15.0651750565, 7.28487348557], [-212.942657471, 110.295158386, 78.7000198364, 12.4237995148, 56.596321106, 37.5301589966, -15.8927984238, 70.5430831909, 184.296325684, 75.5668182373, 8.10261821747, -7.72042179108, 28.688167572], [-95.688949585, 68.6094284058, 60.5571594238, 24.3385219574, 35.8293304443, 0.919038712978, -2.66502046585, 8.27781009674, 75.5668182373, 128.71055603, 52.4913330078, 21.7478351593, 22.0601272583], [-49.8818016052, -19.9566364288, -7.18272829056, 20.2382030487, 1.16015803814, 0.489558309317, 35.4568214417, 17.6970653534, 8.10261821747, 52.4913330078, 131.967941284, 74.7511749268, 15.3169851303], [193.740905762, -23.2825813293, 16.8424015045, 66.2733306885, 3.28391623497, 2.75555515289, 47.0813064575, 15.0651750565, -7.72042179108, 21.7478351593, 74.7511749268, 133.56413269, 44.2623672485], [43.9463806152, 70.1361541748, 13.1231412888, -12.3154306412, 38.2942733765, 28.7995910645, -5.05723047256, 7.28487348557, 28.688167572, 22.0601272583, 15.3169851303, 44.2623672485, 108.6537323]],
