{
"lowlevel": {
    "average_loudness": 0.910495936871,
    "barkbands_crest": {
        "dmean": 2.46940875053,
        "dmean2": 4.0691242218,
        "dvar": 5.96911287308,
        "dvar2": 15.9582529068,
        "max": 24.0956878662,
        "mean": 12.3422937393,
        "median": 11.878068924,
        "min": 2.34833192825,
        "var": 20.3146800995
    },
    "barkbands_flatness_db": {
        "dmean": 0.028946461156,
        "dmean2": 0.0411517322063,
        "dvar": 0.000820139190182,
        "dvar2": 0.00175946892705,
        "max": 0.458280712366,
        "mean": 0.195763885975,
        "median": 0.188704490662,
        "min": 0.00974449515343,
        "var": 0.00500155519694
    },
    "barkbands_kurtosis": {
        "dmean": 6.32219076157,
        "dmean2": 9.93791007996,
        "dvar": 94.3568572998,
        "dvar2": 254.177703857,
        "max": 203.977355957,
        "mean": 13.5108976364,
        "median": 8.46911621094,
        "min": -1.95197844505,
        "var": 245.173690796
    },
    "barkbands_skewness": {
        "dmean": 0.719837129116,
        "dmean2": 1.09399080276,
        "dvar": 0.627008378506,
        "dvar2": 1.53194725513,
        "max": 12.4202394485,
        "mean": 2.57296037674,
        "median": 2.43979310989,
        "min": -3.77497458458,
        "var": 2.65740323067
    },
    "barkbands_spread": {
        "dmean": 4.64566659927,
        "dmean2": 6.96210575104,
        "dvar": 71.2709121704,
        "dvar2": 142.952941895,
        "max": 120.50730896,
        "mean": 12.9237174988,
        "median": 8.61394500732,
        "min": 0.74196356535,
        "var": 218.506622314
    },
    "dissonance": {
        "dmean": 0.0265244580805,
        "dmean2": 0.0431707836688,
        "dvar": 0.000686133513227,
        "dvar2": 0.00176674220711,
        "max": 0.499999970198,
        "mean": 0.432162880898,
        "median": 0.442448586226,
        "min": 0.169009417295,
        "var": 0.00227716029622
    },
    "dynamic_complexity": 4.78873252869,
    "erbbands_crest": {
        "dmean": 2.25736308098,
        "dmean2": 3.54447984695,
        "dvar": 5.03376436234,
        "dvar2": 12.052148819,
        "max": 28.6109199524,
        "mean": 9.77604579926,
        "median": 9.00062274933,
        "min": 2.00809550285,
        "var": 18.1099815369
    },
    "erbbands_flatness_db": {
        "dmean": 0.0243718381971,
        "dmean2": 0.0315386541188,
        "dvar": 0.000513493199833,
        "dvar2": 0.000911779643502,
        "max": 0.364884763956,
        "mean": 0.166051760316,
        "median": 0.165859252214,
        "min": 0.0392219498754,
        "var": 0.00268448190764
    },
    "erbbands_kurtosis": {
        "dmean": 1.39874720573,
        "dmean2": 2.12738227844,
        "dvar": 4.72308015823,
        "dvar2": 9.92073059082,
        "max": 64.5328292847,
        "mean": 2.01587033272,
        "median": 0.61275434494,
        "min": -1.81521785259,
        "var": 20.1035232544
    },
    "erbbands_skewness": {
        "dmean": 0.410104393959,
        "dmean2": 0.605815351009,
        "dvar": 0.197431236506,
        "dvar2": 0.387343019247,
        "max": 5.66349601746,
        "mean": 0.855091333389,
        "median": 0.827768087387,
        "min": -7.41895389557,
        "var": 1.02033996582
    },
    "erbbands_spread": {
        "dmean": 10.2337293625,
        "dmean2": 14.8673009872,
        "dvar": 171.194122314,
        "dvar2": 376.170837402,
        "max": 161.579833984,
        "mean": 38.3718948364,
        "median": 34.6663818359,
        "min": 3.74962568283,
        "var": 514.677978516
    },
    "hfc": {
        "dmean": 4.57272291183,
        "dmean2": 6.30876636505,
        "dvar": 96.3729553223,
        "dvar2": 167.723846436,
        "max": 324.892089844,
        "mean": 12.6282138824,
        "median": 6.03126096725,
        "min": 1.08217690347e-16,
        "var": 364.315338135
    },
    "melbands_crest": {
        "dmean": 3.03512430191,
        "dmean2": 5.06763839722,
        "dvar": 9.08867168427,
        "dvar2": 25.404253006,
        "max": 33.6306877136,
        "mean": 15.782497406,
        "median": 15.7511873245,
        "min": 1.3750936985,
        "var": 27.0783653259
    },
    "melbands_flatness_db": {
        "dmean": 0.0345583148301,
        "dmean2": 0.0491016246378,
        "dvar": 0.0012420010753,
        "dvar2": 0.00264112045988,
        "max": 0.594231009483,
        "mean": 0.292224168777,
        "median": 0.287782967091,
        "min": 0.002831740072,
        "var": 0.00850043725222
    },
    "melbands_kurtosis": {
        "dmean": 14.1730413437,
        "dmean2": 21.9725627899,
        "dvar": 586.228088379,
        "dvar2": 1443.9609375,
        "max": 469.214355469,
        "mean": 29.9672641754,
        "median": 18.2432365417,
        "min": -1.93226492405,
        "var": 1370.75048828
    },
    "melbands_skewness": {
        "dmean": 0.943490803242,
        "dmean2": 1.43355083466,
        "dvar": 1.20341968536,
        "dvar2": 2.83550477028,
        "max": 18.3095607758,
        "mean": 3.57703876495,
        "median": 3.27176046371,
        "min": -1.19948387146,
        "var": 4.6519818306
    },
    "melbands_spread": {
        "dmean": 4.91215753555,
        "dmean2": 7.43870925903,
        "dvar": 154.12979126,
        "dvar2": 292.78012085,
        "max": 247.808517456,
        "mean": 13.2179851532,
        "median": 7.5673661232,
        "min": 0.747081279755,
        "var": 540.053283691
    },
    "pitch_salience": {
        "dmean": 0.0704519450665,
        "dmean2": 0.114618308842,
        "dvar": 0.00447209505364,
        "dvar2": 0.0113869905472,
        "max": 0.89061743021,
        "mean": 0.519724071026,
        "median": 0.522339880466,
        "min": 0.112795941532,
        "var": 0.016974305734
    },
    "silence_rate_20dB": {
        "dmean": 0,
        "dmean2": 0,
        "dvar": 0,
        "dvar2": 0,
        "max": 1,
        "mean": 1,
        "median": 1,
        "min": 1,
        "var": 0
    },
    "silence_rate_30dB": {
        "dmean": 0.00373798515648,
        "dmean2": 0.00747663574293,
        "dvar": 0.00372426188551,
        "dvar2": 0.0102680791169,
        "max": 1,
        "mean": 0.997686207294,
        "median": 1,
        "min": 0,
        "var": 0.00230864202604
    },
    "silence_rate_60dB": {
        "dmean": 0.0359558574855,
        "dmean2": 0.0719181150198,
        "dvar": 0.034661218524,
        "dvar2": 0.0768931135535,
        "max": 1,
        "mean": 0.10020468384,
        "median": 0,
        "min": 0,
        "var": 0.090168081224
    },
    "spectral_centroid": {
        "dmean": 190.919876099,
        "dmean2": 281.270507812,
        "dvar": 121452.625,
        "dvar2": 227120.484375,
        "max": 11541.4208984,
        "mean": 824.014160156,
        "median": 575.837463379,
        "min": 159.32635498,
        "var": 1208021.5
    },
    "spectral_complexity": {
        "dmean": 2.32751870155,
        "dmean2": 3.64379167557,
        "dvar": 9.50799560547,
        "dvar2": 21.665895462,
        "max": 41,
        "mean": 10.2518463135,
        "median": 9,
        "min": 0,
        "var": 33.2690963745
    },
    "spectral_decrease": {
        "dmean": 2.3631454571e-09,
        "dmean2": 3.68843733334e-09,
        "dvar": 1.13119082893e-17,
        "dvar2": 2.56689810876e-17,
        "max": 1.377084327e-28,
        "mean": -7.23670234848e-09,
        "median": -5.74233638417e-09,
        "min": -3.76871938101e-08,
        "var": 3.37224925951e-17
    },
    "spectral_energy": {
        "dmean": 0.00917643122375,
        "dmean2": 0.0142979091033,
        "dvar": 0.00016774845426,
        "dvar2": 0.000379820936359,
        "max": 0.147222727537,
        "mean": 0.0284583624452,
        "median": 0.0227471198887,
        "min": 9.8018713467e-21,
        "var": 0.000515272957273
    },
    "spectral_energyband_high": {
        "dmean": 0.000297301972751,
        "dmean2": 0.000384993065381,
        "dvar": 1.38619054724e-06,
        "dvar2": 2.17831575355e-06,
        "max": 0.0414226539433,
        "mean": 0.000479230249766,
        "median": 6.2809427618e-05,
        "min": 6.7192470847e-21,
        "var": 4.26859423897e-06
    },
    "spectral_energyband_low": {
        "dmean": 0.00586117012426,
        "dmean2": 0.00962780416012,
        "dvar": 9.67527375906e-05,
        "dvar2": 0.000254596117884,
        "max": 0.113313704729,
        "mean": 0.0135158253834,
        "median": 0.0109949614853,
        "min": 1.49083051723e-23,
        "var": 0.000167828184203
    },
    "spectral_energyband_middle_high": {
        "dmean": 0.000972438196186,
        "dmean2": 0.0014866591664,
        "dvar": 4.77241610497e-06,
        "dvar2": 1.16785804494e-05,
        "max": 0.0735579878092,
        "mean": 0.00214591226541,
        "median": 0.000658119970467,
        "min": 1.23439086426e-21,
        "var": 1.69221475517e-05
    },
    "spectral_energyband_middle_low": {
        "dmean": 0.00478216726333,
        "dmean2": 0.00717452727258,
        "dvar": 7.80021509854e-05,
        "dvar2": 0.0001571582834,
        "max": 0.132515311241,
        "mean": 0.013550998643,
        "median": 0.00582860223949,
        "min": 1.7278135155e-22,
        "var": 0.000285044603515
    },
    "spectral_entropy": {
        "dmean": 0.282478839159,
        "dmean2": 0.379048794508,
        "dvar": 0.0804856345057,
        "dvar2": 0.141229704022,
        "max": 9.82493305206,
        "mean": 7.02870464325,
        "median": 6.96128177643,
        "min": 5.10247564316,
        "var": 0.473348379135
    },
    "spectral_flux": {
        "dmean": 0.0269725229591,
        "dmean2": 0.0410864241421,
        "dvar": 0.00104033853859,
        "dvar2": 0.0023325283546,
        "max": 0.343159496784,
        "mean": 0.069380402565,
        "median": 0.0562349148095,
        "min": 6.39116745638e-11,
        "var": 0.00268197292462
    },
    "spectral_kurtosis": {
        "dmean": 3.43258738518,
        "dmean2": 5.18378782272,
        "dvar": 18.6771640778,
        "dvar2": 43.9388389587,
        "max": 109.875717163,
        "mean": 7.84199857712,
        "median": 6.01474380493,
        "min": -1.25600576401,
        "var": 65.5382919312
    },
    "spectral_rms": {
        "dmean": 0.000828392512631,
        "dmean2": 0.00126053148415,
        "dvar": 1.07547282369e-06,
        "dvar2": 2.26391262004e-06,
        "max": 0.0119846537709,
        "mean": 0.00476565025747,
        "median": 0.00471087172627,
        "min": 3.09237791624e-12,
        "var": 5.0529897635e-06
    },
    "spectral_rolloff": {
        "dmean": 309.374084473,
        "dmean2": 523.152160645,
        "dvar": 786202.0625,
        "dvar2": 1696225.625,
        "max": 19767.4804688,
        "mean": 908.030944824,
        "median": 409.130859375,
        "min": 64.599609375,
        "var": 4527326
    },
    "spectral_skewness": {
        "dmean": 0.391576319933,
        "dmean2": 0.558042943478,
        "dvar": 0.155736908317,
        "dvar2": 0.330910086632,
        "max": 8.76241111755,
        "mean": 2.13428997993,
        "median": 2.07039928436,
        "min": -0.363020628691,
        "var": 0.792893409729
    },
    "spectral_spread": {
        "dmean": 980311.5,
        "dmean2": 1254724.875,
        "dvar": 1.02105002803e+12,
        "dvar2": 1.81021455155e+12,
        "max": 42970444,
        "mean": 4898266.5,
        "median": 4185140.25,
        "min": 875827.4375,
        "var": 1.39994333184e+13
    },
    "spectral_strongpeak": {
        "dmean": 0.336382508278,
        "dmean2": 0.557877480984,
        "dvar": 0.481542468071,
        "dvar2": 1.24873530865,
        "max": 15.3887290955,
        "mean": 0.734221637249,
        "median": 0.390926867723,
        "min": 0,
        "var": 0.945919215679
    },
    "zerocrossingrate": {
        "dmean": 0.00949132535607,
        "dmean2": 0.0108273709193,
        "dvar": 0.000226504693273,
        "dvar2": 0.000228328470257,
        "max": 0.52099609375,
        "mean": 0.040721450001,
        "median": 0.02734375,
        "min": 0.00244140625,
        "var": 0.00351659674197
    },
    "barkbands": {
        "dmean": [0.000233848069911, 0.00395418331027, 0.00199554068968, 0.00136777362786, 0.00190897576977, 0.00139235181268, 0.00139689992648, 0.000711400934961, 0.000550280674361, 0.000347859604517, 0.000267374300165, 0.00022639890085, 0.000114665344881, 9.62222111411e-05, 5.68967225263e-05, 8.18385597086e-05, 7.64787837397e-05, 8.85802219273e-05, 5.13320228492e-05, 2.82111323031e-05, 3.04764416796e-05, 6.10962888459e-05, 0.000112195491965, 6.41572551103e-05, 4.37977469119e-05, 6.43829298497e-06, 2.47049501922e-06],
        "dmean2": [0.000380070996471, 0.00650036847219, 0.00325029483065, 0.00228961650282, 0.0029965264257, 0.00211806083098, 0.00216231681406, 0.0010362121975, 0.00079444993753, 0.000548547308426, 0.000427732098615, 0.000359680707334, 0.000174563989276, 0.000152103384607, 9.51343317865e-05, 0.000127237071865, 0.000122270430438, 0.000138254195917, 8.08835029602e-05, 4.38325369032e-05, 4.45886944362e-05, 8.70756557561e-05, 0.000152042441186, 8.97676727618e-05, 6.06772991887e-05, 9.02487499843e-06, 3.53728887603e-06],
        "dvar": [3.92695625351e-07, 5.23742455698e-05, 1.68554397533e-05, 8.22249057819e-06, 1.08764361357e-05, 1.8788892703e-05, 2.15975196625e-05, 6.17020077698e-06, 4.87041324959e-06, 1.09643929136e-06, 1.39614076033e-06, 9.18709076814e-07, 2.21437147729e-07, 8.22352177465e-08, 2.7829182514e-08, 3.64585233115e-08, 3.93811312449e-08, 6.48414584248e-08, 3.25119273725e-08, 1.22380363621e-08, 1.36686013619e-08, 6.40980957201e-08, 3.6977343143e-07, 1.09190970932e-07, 3.29101652596e-08, 3.62616520144e-10, 2.72533037804e-11],
        "dvar2": [1.05440847165e-06, 0.00014675364946, 4.27535378549e-05, 2.16688131331e-05, 2.40815734287e-05, 4.07760308008e-05, 5.02649745613e-05, 1.26304230434e-05, 1.03185611806e-05, 2.61613422481e-06, 3.43878514286e-06, 2.48580522566e-06, 4.40497558429e-07, 1.85638697303e-07, 7.00013202959e-08, 7.95440939783e-08, 9.53526040348e-08, 1.46757912489e-07, 7.56333591312e-08, 2.67959521238e-08, 3.02971692179e-08, 1.27463849253e-07, 5.95225344568e-07, 2.12904780028e-07, 5.69418077134e-08, 7.05127289891e-10, 5.61097522611e-11],
        "max": [0.020187176764, 0.0948585122824, 0.0832840949297, 0.0711726546288, 0.0689337253571, 0.0972064733505, 0.0835280865431, 0.0559545196593, 0.093681178987, 0.0315113067627, 0.0388078317046, 0.0429857634008, 0.0192777644843, 0.0100760525092, 0.0072482037358, 0.00481063034385, 0.00460351724178, 0.00903889723122, 0.00666956836358, 0.00553116574883, 0.00408290140331, 0.00941447075456, 0.0324625857174, 0.0156852193177, 0.00838728342205, 0.000706392573193, 5.58728715987e-05],
        "mean": [0.000403454643674, 0.00827035028487, 0.00369292660616, 0.00214767595753, 0.00379922264256, 0.00245423032902, 0.00254646316171, 0.00128523365129, 0.0011417925125, 0.000552292447537, 0.000366021733498, 0.000347727735061, 0.000192139530554, 0.000158678099979, 7.52747364459e-05, 0.000176457266207, 0.000121753444546, 0.000150452717207, 7.51563784434e-05, 3.82080907002e-05, 4.15623908339e-05, 8.78653954715e-05, 0.000167398509802, 9.29458183236e-05, 6.16282632109e-05, 8.74238503457e-06, 2.74515582532e-06],
        "median": [0.000117206014693, 0.00619414076209, 0.00176680658478, 0.000797117478214, 0.00201791361906, 0.000402029545512, 0.000569209689274, 0.000169732098584, 0.000134772795718, 7.07735453034e-05, 3.44707732438e-05, 3.97315452574e-05, 2.54804799624e-05, 3.77975047741e-05, 2.32986458286e-05, 5.00102214573e-05, 2.97394253721e-05, 3.04450604744e-05, 1.22821174955e-05, 5.77348737352e-06, 6.08141635894e-06, 1.13715886982e-05, 2.01090824703e-05, 8.08954973763e-06, 4.18594117946e-06, 1.07255004878e-06, 2.63755708829e-07],
        "min": [3.23274829181e-25, 4.02024343229e-24, 6.65463140907e-25, 7.11761190219e-25, 7.94354769223e-24, 4.94598117089e-24, 9.18874175416e-24, 4.93185227765e-24, 1.6714094559e-23, 1.39059264413e-23, 1.39460068861e-23, 1.77701805182e-23, 1.94030736826e-23, 3.29846536518e-23, 5.2731211572e-23, 4.49586912906e-23, 5.92769963478e-23, 7.21023411211e-23, 8.44353483371e-23, 1.27400013829e-22, 2.55304570472e-22, 3.13791500535e-22, 3.94397989407e-22, 5.12116988611e-22, 8.1276503148e-22, 1.36079813766e-21, 1.90362087437e-21],
        "var": [4.98447150221e-07, 8.28059928608e-05, 2.85246969725e-05, 1.34931078719e-05, 3.04620079987e-05, 3.79119264835e-05, 4.01486468036e-05, 1.29996960823e-05, 1.20676731967e-05, 3.08078779199e-06, 1.98319980882e-06, 2.03239574148e-06, 6.64225979108e-07, 1.753088128e-07, 4.32792539584e-08, 1.24757235653e-07, 8.29496258348e-08, 1.43056013258e-07, 6.19236502075e-08, 2.58878820603e-08, 2.47058888903e-08, 1.43776574646e-07, 9.71304643826e-07, 2.58592365299e-07, 9.34740995717e-08, 9.00946428573e-10, 3.67769495413e-11]
    },
    "erbbands": {
        "dmean": [0.142199903727, 0.808372557163, 1.96730613708, 3.80070233345, 5.04104709625, 6.89288043976, 8.26681804657, 12.5235919952, 20.9084968567, 16.506603241, 15.0489292145, 12.5944328308, 10.9881439209, 10.3316898346, 9.88436698914, 8.00600719452, 5.36379480362, 4.66247081757, 3.67640662193, 3.22247338295, 4.70550489426, 4.37101840973, 4.53842878342, 3.77739286423, 1.92709243298, 1.30342113972, 0.999534845352, 1.56706762314, 2.13442468643, 2.40852689743, 3.4539513588, 1.75970196724, 1.01736426353, 0.60290813446, 0.267906874418, 0.0475596152246, 0.00908724498004, 0.00306623545475, 0.000406170409406, 2.48563246714e-05],
        "dmean2": [0.238597095013, 1.31749427319, 3.18583869934, 6.36307096481, 8.02427196503, 10.957818985, 12.8555049896, 19.1703662872, 32.3042678833, 25.4707050323, 21.3665618896, 17.8851280212, 16.5049171448, 16.3570632935, 15.6082010269, 12.5809621811, 7.95413589478, 7.14069652557, 6.00703430176, 5.17981386185, 7.32173395157, 6.92218351364, 7.18915367126, 5.94254493713, 2.95512485504, 2.02554368973, 1.49082612991, 2.29374575615, 3.10120129585, 3.36058974266, 4.73080778122, 2.45477795601, 1.45435893536, 0.848827600479, 0.380077719688, 0.0661539584398, 0.0126735409722, 0.00438424153253, 0.000579753424972, 3.47702261934e-05],
        "dvar": [0.0815142840147, 2.210044384, 14.4817123413, 63.4598274231, 104.084861755, 174.088607788, 455.057769775, 1834.88037109, 5641.56054688, 3008.87280273, 3402.84838867, 3357.15551758, 890.923278809, 2225.60400391, 1547.01818848, 735.678405762, 382.885559082, 197.550979614, 146.686447144, 52.5635414124, 119.720237732, 122.826652527, 150.1146698, 176.166275024, 49.6001319885, 27.534734726, 12.6043539047, 38.9580879211, 79.0707626343, 172.137298584, 394.233032227, 84.805519104, 25.9896869659, 6.61354732513, 1.37686026096, 0.0343179032207, 0.000443167984486, 4.23340898124e-05, 7.1055586659e-07, 1.61155511158e-09],
        "dvar2": [0.238405957818, 5.9860086441, 36.899974823, 168.484115601, 235.46572876, 396.332489014, 973.002075195, 4026.37939453, 12813.1386719, 7266.00244141, 6636.97851562, 7336.60009766, 1946.92089844, 5853.13330078, 3946.27685547, 1854.89807129, 736.93548584, 397.842132568, 356.232513428, 127.206619263, 267.399963379, 291.679718018, 344.197967529, 409.736816406, 104.262519836, 60.7878684998, 28.7967395782, 82.8157958984, 163.441574097, 327.598419189, 627.60168457, 174.502807617, 48.7827606201, 12.0894441605, 2.50628590584, 0.0619293786585, 0.000829961907584, 8.80564766703e-05, 1.45825822528e-06, 3.10870706954e-09],
        "max": [4.42205667496, 17.390335083, 70.0898361206, 162.515838623, 221.499404907, 281.032531738, 615.541503906, 1101.97021484, 1476.18078613, 1948.78491211, 1715.43115234, 2876.3137207, 862.337463379, 2644.96337891, 1193.79992676, 905.177734375, 714.42364502, 646.890808105, 465.270172119, 207.459609985, 313.906921387, 269.485870361, 506.982513428, 540.914978027, 329.659667969, 249.273284912, 122.932769775, 224.980072021, 360.609405518, 587.520690918, 1197.37548828, 394.346466064, 255.320297241, 132.721435547, 40.2557945251, 6.14060592651, 0.627728462219, 0.0773743093014, 0.00875419937074, 0.000446335121524],
        "mean": [0.226124033332, 1.8624368906, 4.24276208878, 6.39109277725, 9.36977481842, 12.9139823914, 15.6618356705, 21.3150062561, 35.8336906433, 34.8256149292, 28.0001811981, 25.2772808075, 21.0067863464, 16.6516933441, 15.2739496231, 13.1319437027, 9.87205791473, 8.31336784363, 5.27340745926, 6.03776597977, 9.08292198181, 7.66798210144, 8.05539608002, 6.02818584442, 2.85518360138, 1.79987049103, 1.36391317844, 2.11549496651, 3.02528500557, 3.66137742996, 5.03303909302, 2.47568655014, 1.45425093174, 0.842219173908, 0.363079816103, 0.0662728101015, 0.0122048435733, 0.00353995407932, 0.000474089989439, 5.31872974534e-05],
        "median": [0.119003154337, 1.44728159904, 2.54643559456, 2.94227576256, 4.54885482788, 6.24991512299, 4.39037656784, 3.45247411728, 5.70416021347, 7.05878925323, 3.52859926224, 2.9905090332, 3.26808857918, 1.89012479782, 1.46287381649, 1.71117770672, 1.64407300949, 1.68759930134, 1.71980309486, 1.58336734772, 3.1125369072, 2.11940312386, 1.76323282719, 1.01806843281, 0.519228935242, 0.277941316366, 0.182497560978, 0.319824844599, 0.423679590225, 0.298823207617, 0.57485806942, 0.34027081728, 0.0978825390339, 0.0595423653722, 0.0213907510042, 0.00570794800296, 0.00169563177042, 0.000399700307753, 6.541213952e-05, 3.50766131305e-05],
        "min": [1.19450328011e-22, 7.70600176282e-22, 1.973721604e-21, 4.35738430685e-21, 8.49628549544e-21, 4.03081138153e-20, 6.27106560386e-20, 5.16047320328e-20, 1.09529918814e-19, 1.60899799408e-19, 2.39028287809e-19, 4.82742812281e-19, 3.62528860654e-19, 5.29614329607e-19, 1.07508715912e-18, 1.08146192991e-18, 1.39794722933e-18, 1.89938721859e-18, 2.68666898109e-18, 2.96073831986e-18, 3.28633749527e-18, 3.70453374999e-18, 4.13293886104e-18, 6.59501134862e-18, 5.38690413782e-18, 7.04277124523e-18, 9.42677773532e-18, 1.0362785538e-17, 1.04711362721e-17, 1.15861732562e-17, 1.03030680608e-17, 1.07331548301e-17, 1.00347141265e-17, 8.23392042629e-18, 6.28861248279e-18, 4.48797015662e-18, 2.44346278496e-18, 9.05989418233e-19, 2.37715707273e-19, 2.61666324475e-20],
        "var": [0.106251716614, 3.91313052177, 27.1637592316, 89.9214248657, 270.695129395, 436.134735107, 1225.65002441, 3414.16503906, 10506.9472656, 5909.23535156, 7357.38671875, 6881.09863281, 3282.8918457, 3503.59960938, 2909.40576172, 1964.21923828, 1377.81225586, 568.939819336, 236.098052979, 129.931411743, 319.304779053, 270.170562744, 349.356536865, 336.371398926, 112.848678589, 56.8633155823, 23.3617286682, 74.7666244507, 171.040374756, 390.891082764, 1007.27362061, 170.518264771, 66.3728256226, 18.0305767059, 3.33364224434, 0.0903586819768, 0.00110856525134, 6.02803047514e-05, 9.92278046397e-07, 3.27298921299e-09]
    },
    "gfcc": {
        "mean": [-71.7863998413, 118.678543091, -79.99634552, 31.1667098999, -51.3254356384, 13.8550271988, -39.4683151245, 6.61491727829, -7.59824895859, -8.85011768341, -9.94478130341, 1.65496408939, -11.2389068604],
        "cov": [[24616.5957031, -24.4024124146, -1977.1138916, 441.947479248, -1126.93444824, 435.980194092, -739.456359863, 410.116943359, -238.245864868, -28.5374851227, -114.00252533, 61.3494110107, -471.218414307], [-24.4024124146, 1894.22412109, -218.443634033, -323.980377197, 250.166000366, -203.660400391, 78.9870529175, -43.3674354553, 158.429092407, -190.275848389, 108.218360901, -65.4350509644, 30.5555877686], [-1977.1138916, -218.443634033, 1065.30688477, 236.568511963, 50.0470428467, 180.387283325, 158.776229858, -51.2218475342, 12.322312355, 90.3490982056, -2.51503491402, 46.8981132507, 98.0458984375], [441.947479248, -323.980377197, 236.568511963, 488.128387451, 65.9944076538, 87.7805709839, -57.7368431091, -13.9381427765, 39.1726913452, 48.978717804, -25.0376644135, 9.79015159607, 12.9385766983], [-1126.93444824, 250.166000366, 50.0470428467, 65.9944076538, 388.534851074, 17.4949054718, 22.6858463287, -17.7328948975, 91.7834243774, -6.32203483582, -2.28487372398, -29.1849327087, 39.3248939514], [435.980194092, -203.660400391, 180.387283325, 87.7805709839, 17.4949054718, 273.714141846, 98.7816925049, -9.58826446533, 7.11194705963, 45.7947387695, -37.6516571045, 33.0970153809, 17.1111621857], [-739.456359863, 78.9870529175, 158.776229858, -57.7368431091, 22.6858463287, 98.7816925049, 264.443725586, 55.0395622253, -12.6313352585, 2.94812059402, 21.3596744537, 3.83828115463, 32.9900283813], [410.116943359, -43.3674354553, -51.2218475342, -13.9381427765, -17.7328948975, -9.58826446533, 55.0395622253, 126.494926453, -2.02655911446, 2.4610042572, 18.7853927612, -13.1050319672, -19.5990505219], [-238.245864868, 158.429092407, 12.322312355, 39.1726913452, 91.7834243774, 7.11194705963, -12.6313352585, -2.02655911446, 145.962158203, 15.3304958344, 5.26546382904, -4.11177301407, -0.638336122036], [-28.5374851227, -190.275848389, 90.3490982056, 48.978717804, -6.32203483582, 45.7947387695, 2.94812059402, 2.4610042572, 15.3304958344, 106.693397522, 5.85540485382, -6.99392175674, -3.01143407822], [-114.00252533, 108.218360901, -2.51503491402, -25.0376644135, -2.28487372398, -37.6516571045, 21.3596744537, 18.7853927612, 5.26546382904, 5.85540485382, 86.9566955566, 3.2549033165, -9.4411907196], [61.3494110107, -65.4350509644, 46.8981132507, 9.79015159607, -29.1849327087, 33.0970153809, 3.83828115463, -13.1050319672, -4.11177301407, -6.99392175674, 3.2549033165, 77.696723938, 23.9754638672], [-471.218414307, 30.5555877686, 98.0458984375, 12.9385766983, 39.3248939514, 17.1111621857, 32.9900283813, -19.5990505219, -0.638336122036, -3.01143407822, -9.4411907196, 23.9754638672, 81.6501617432]],
        "icov": [[0.000137474300573, -0.000284804031253, 0.000242994879954, -0.000309834606014, 0.000412106135627, -0.000677971576806, 0.000603929918725, -0.000739668554161, 0.000429742911365, -0.000302092696074, 0.000215230160393, -0.000265138514806, 0.000274277001154], [-0.000284804031253, 0.00178244814742, -0.000476498273201, 0.00121376523748, -0.00116580713075, 0.00167931534816, -0.00166895356961, 0.00236140261404, -0.00231380620971, 0.00266847852618, -0.00188640726265, 0.00173265638296, -0.00112671265379], [0.000242994879954, -0.000476498273201, 0.00191751157399, -0.00122342957184, 0.000816783984192, -0.00134581932798, 5.78221406613e-05, -0.000471181934699, 0.00074881123146, -0.00139064260293, 0.000151094413013, -0.00070654094452, -0.000596308847889], [-0.000309834606014, 0.00121376523748, -0.00122342957184, 0.00380594073795, -0.00149475643411, 0.000724995334167, 6.92837920724e-06, 0.00125574483536, -0.00189188926015, 0.00132033985574, -0.000977368443273, 0.00121873139869, -0.000946703949012], [0.000412106135627, -0.00116580713075, 0.000816783984192, -0.00149475643411, 0.00492034060881, -0.0024355573114, 0.00164290086832, -0.00193080410827, -0.000525278737769, -0.000553433550522, 0.000567808165215, 0.00113869679626, -0.00120916147716], [-0.000677971576806, 0.00167931534816, -0.00134581932798, 0.000724995334167, -0.0024355573114, 0.00986655801535, -0.00627555465326, 0.00499540939927, -0.0024992628023, -0.000559383828659, 0.00217152875848, -0.00172813748941, 0.000518395449035], [0.000603929918725, -0.00166895356961, 5.78221406613e-05, 6.92837920724e-06, 0.00164290086832, -0.00627555465326, 0.0100098736584, -0.00708257872611, 0.00292980391532, -0.000576051475946, -0.00102746789344, 0.000252820929745, -0.00137255550362], [-0.000739668554161, 0.00236140261404, -0.000471181934699, 0.00125574483536, -0.00193080410827, 0.00499540939927, -0.00708257872611, 0.0149364089593, -0.00355920242146, 0.00229149195366, -0.00292493472807, 0.00271141342819, 0.000466651661554], [0.000429742911365, -0.00231380620971, 0.00074881123146, -0.00189188926015, -0.000525278737769, -0.0024992628023, 0.00292980391532, -0.00355920242146, 0.0115075688809, -0.00461902702227, 0.00187417212874, -0.00304051791318, 0.00251440447755], [-0.000302092696074, 0.00266847852618, -0.00139064260293, 0.00132033985574, -0.000553433550522, -0.000559383828659, -0.000576051475946, 0.00229149195366, -0.00461902702227, 0.0160561949015, -0.00519266352057, 0.00557713396847, -0.00179681542795], [0.000215230160393, -0.00188640726265, 0.000151094413013, -0.000977368443273, 0.000567808165215, 0.00217152875848, -0.00102746789344, -0.00292493472807, 0.00187417212874, -0.00519266352057, 0.0165784861892, -0.00523461401463, 0.00418318901211], [-0.000265138514806, 0.00173265638296, -0.00070654094452, 0.00121873139869, 0.00113869679626, -0.00172813748941, 0.000252820929745, 0.00271141342819, -0.00304051791318, 0.00557713396847, -0.00523461401463, 0.0192106813192, -0.007225160487], [0.000274277001154, -0.00112671265379, -0.000596308847889, -0.000946703949012, -0.00120916147716, 0.000518395449035, -0.00137255550362, 0.000466651661554, 0.00251440447755, -0.00179681542795, 0.00418318901211, -0.007225160487, 0.0188169572502]]
    },
    "melbands": {
        "dmean": [0.00115699204616, 0.000999949639663, 0.000661576515995, 0.000408823485486, 0.000294059427688, 0.000285268528387, 0.000307078385958, 0.00017021819076, 0.000122128534713, 7.60282782721e-05, 5.59633808734e-05, 4.2923456931e-05, 3.64055667887e-05, 2.63799338427e-05, 1.73097669176e-05, 9.80087406788e-06, 8.8312826847e-06, 6.60893556415e-06, 4.08091364079e-06, 4.14110854763e-06, 6.59031320538e-06, 4.77335515825e-06, 4.53327447758e-06, 4.08577170674e-06, 3.21134371006e-06, 1.63960032751e-06, 1.22776782518e-06, 8.12184794086e-07, 6.55222549995e-07, 6.00769226367e-07, 1.07998425847e-06, 1.25469705381e-06, 1.23332426938e-06, 1.42438648254e-06, 1.99998839889e-06, 1.98859856937e-06, 7.98756389031e-07, 7.18026512914e-07, 6.78718549807e-07, 4.94045309551e-07],
        "dmean2": [0.00191960460506, 0.00161251646932, 0.00109202624299, 0.00064297701465, 0.000460853596451, 0.00043286930304, 0.000474969798233, 0.000260053406237, 0.000172960571945, 0.000109026659629, 8.44747482915e-05, 6.81986930431e-05, 5.75088051846e-05, 4.13284033129e-05, 2.6919929951e-05, 1.45964677358e-05, 1.36444332384e-05, 1.08138701762e-05, 6.72947271596e-06, 6.53627284919e-06, 1.02924186649e-05, 7.57487578085e-06, 7.27419592295e-06, 6.44041301712e-06, 5.09710935148e-06, 2.56297926171e-06, 1.90653156551e-06, 1.28838837554e-06, 1.01800867469e-06, 8.9107192025e-07, 1.61448497238e-06, 1.8716212935e-06, 1.77577157956e-06, 2.048828037e-06, 2.74346234619e-06, 2.84495672531e-06, 1.15482612273e-06, 1.02979379335e-06, 9.73889655143e-07, 7.11515269813e-07],
        "dvar": [4.83404301121e-06, 3.26077542923e-06, 1.59711146352e-06, 5.76806655772e-07, 4.3376337544e-07, 8.88451495484e-07, 1.11706492589e-06, 3.09009578814e-07, 2.32167693071e-07, 1.18420992123e-07, 2.29163781285e-08, 3.5944310639e-08, 2.33855619314e-08, 1.43138558784e-08, 4.29779722921e-09, 1.64192948127e-09, 7.53858586666e-10, 5.38142974627e-10, 1.00338237718e-10, 9.9549257726e-11, 2.5258095615e-10, 1.62966362627e-10, 1.60407589989e-10, 1.68319011506e-10, 1.38584102527e-10, 3.44446797473e-11, 2.56347599398e-11, 1.1739792298e-11, 5.22922980958e-12, 8.60540111391e-12, 1.87822014885e-11, 2.88028368517e-11, 2.90676302472e-11, 7.09805894616e-11, 1.52996296188e-10, 1.06544183198e-10, 1.69533120181e-11, 1.3523912025e-11, 1.19357353862e-11, 4.4157112862e-12],
        "dvar2": [1.38836403494e-05, 8.33478407003e-06, 4.17229148297e-06, 1.26022109725e-06, 9.48663569034e-07, 1.92108154806e-06, 2.54306314673e-06, 7.33521687835e-07, 4.51992519857e-07, 2.62443592192e-07, 5.02084169796e-08, 9.32325789904e-08, 5.68056002237e-08, 3.92545693728e-08, 9.21325238323e-09, 3.25313176397e-09, 1.55298596205e-09, 1.30360444661e-09, 2.63447375026e-10, 2.23744717198e-10, 5.78205594515e-10, 3.86260301521e-10, 3.98564348192e-10, 4.0394210199e-10, 3.30345195643e-10, 7.8129003267e-11, 5.67048560884e-11, 2.72016558583e-11, 1.22465908942e-11, 2.07963247317e-11, 4.10015910113e-11, 6.39504144084e-11, 5.78282803587e-11, 1.40925174308e-10, 2.42606323919e-10, 2.13360218382e-10, 3.49382467402e-11, 2.7661260435e-11, 2.29618338232e-11, 9.1690119039e-12],
        "max": [0.0320078544319, 0.028036609292, 0.0261589772999, 0.0189730674028, 0.0159847531468, 0.0221048574895, 0.0194236207753, 0.0186844542623, 0.0159013811499, 0.0172471962869, 0.00416716188192, 0.0103197228163, 0.00504710618407, 0.00545029388741, 0.00393506651744, 0.00190382439177, 0.00129230553284, 0.0007703731535, 0.000288855400868, 0.000447968195658, 0.000348618981661, 0.000336724304361, 0.000474529690109, 0.000531905039679, 0.000464273733087, 0.000220704750973, 0.000265878450591, 0.000130151980557, 7.4923504144e-05, 0.000143320154166, 0.000154382185428, 0.000221161870286, 0.000247514341027, 0.000366843683878, 0.00078862067312, 0.000413630274124, 0.00017045372806, 0.000195004395209, 0.000191433209693, 9.57673182711e-05],
        "mean": [0.00217498233542, 0.00240857014433, 0.00120213325135, 0.000792851322331, 0.000575240061153, 0.000494325533509, 0.000541553192306, 0.000353229901521, 0.000222538321395, 0.000153921384481, 0.000102704885649, 6.73785325489e-05, 5.2942581533e-05, 4.09242493333e-05, 2.95172212645e-05, 1.68678998307e-05, 1.48316867126e-05, 8.71535849001e-06, 6.16019724475e-06, 8.28855081636e-06, 1.1809710486e-05, 7.40326822779e-06, 7.75883017923e-06, 6.71746511216e-06, 4.84812380819e-06, 2.2931701551e-06, 1.66354141129e-06, 1.05079652712e-06, 8.48778427098e-07, 8.04942942523e-07, 1.39409496569e-06, 1.69205213751e-06, 1.75816251158e-06, 2.10951657209e-06, 2.9275011002e-06, 2.56356429418e-06, 1.12943382646e-06, 9.90431772152e-07, 9.20099353152e-07, 6.55192991417e-07],
        "median": [0.00155182741582, 0.00178494607098, 0.000646815868095, 0.000427138176747, 0.000194957829081, 7.47016019886e-05, 0.0001120035231, 6.26340843155e-05, 1.91362814803e-05, 1.88000249182e-05, 1.55438756337e-05, 7.14101724952e-06, 4.98093186252e-06, 3.66864765056e-06, 3.80711435355e-06, 2.89837385026e-06, 2.91210108117e-06, 2.24129166781e-06, 1.96750761461e-06, 2.07777270589e-06, 3.81681775252e-06, 1.862867407e-06, 1.56707505994e-06, 1.30229011575e-06, 7.17254351912e-07, 3.9322000589e-07, 2.65805880417e-07, 1.40165269613e-07, 9.0853397694e-08, 1.15478499652e-07, 2.05990303925e-07, 2.39725210349e-07, 1.87478306657e-07, 1.42878619158e-07, 2.55196084709e-07, 4.23772235081e-07, 1.13720261652e-07, 6.14183264247e-08, 5.40515827652e-08, 4.49253363399e-08],
        "min": [1.31328981716e-24, 1.27907090464e-24, 1.36908387823e-24, 1.68479054845e-24, 2.21784082262e-24, 1.08480473622e-24, 1.69007453601e-24, 1.95902463151e-24, 1.66601467283e-24, 2.95233027881e-24, 1.46241164534e-24, 1.84394619431e-24, 3.66387551835e-24, 2.39341305834e-24, 3.48931401066e-24, 1.89795733112e-24, 2.90689918763e-24, 3.31551020387e-24, 3.37263438303e-24, 3.23391555943e-24, 3.52694622571e-24, 3.14704028009e-24, 2.81361855495e-24, 3.00296942968e-24, 3.84287673522e-24, 3.18254375399e-24, 4.82219430094e-24, 3.57569388535e-24, 4.33830623281e-24, 5.73769380829e-24, 5.37566423964e-24, 5.03702912999e-24, 3.88117159343e-24, 6.38739531109e-24, 4.05720629886e-24, 5.97091816833e-24, 6.3883565381e-24, 6.52156714043e-24, 6.25047509035e-24, 6.39411837816e-24],
        "var": [6.75084811519e-06, 6.32069486528e-06, 2.58179534285e-06, 1.50433584167e-06, 1.22797428048e-06, 1.74800391051e-06, 2.13994826481e-06, 6.16686634203e-07, 5.0269551366e-07, 2.51389280947e-07, 8.26475243798e-08, 6.16428152966e-08, 3.81429003937e-08, 3.21891526767e-08, 1.2998355281e-08, 3.81992215637e-09, 2.17678342018e-09, 8.05754130084e-10, 1.33056995977e-10, 2.90791918323e-10, 5.90526905153e-10, 3.12336712049e-10, 3.29492350071e-10, 3.25551169356e-10, 2.41839770432e-10, 6.46223421996e-11, 5.48949947998e-11, 2.09529459755e-11, 9.05947712682e-12, 1.19070829585e-11, 3.39891864654e-11, 5.57694203318e-11, 6.30373184207e-11, 1.51435017304e-10, 3.91439991532e-10, 1.98753347114e-10, 3.7140672482e-11, 3.09411003763e-11, 2.86350092943e-11, 1.02326012247e-11]
    },
    "mfcc": {
        "mean": [-714.579162598, 146.176864624, 30.4056777954, 22.1866512299, 17.6130447388, 5.71145343781, -10.4914855957, 14.4482955933, -2.63480710983, 0.719798207283, 1.42536771297, 2.65895152092, -1.30169582367],
        "cov": [[10777.578125, 3.00849604607, -240.797973633, -118.690925598, -237.65322876, -320.993713379, -129.305801392, 160.466674805, -224.808776855, -14.6162881851, 212.749069214, 30.7192611694, -23.122297287], [3.00849604607, 2109.65942383, -314.926116943, -86.4331054688, 71.7944107056, -123.93662262, -76.841293335, 136.095825195, -33.6383132935, 8.70879268646, -20.7123508453, 45.8524208069, -3.4633307457], [-240.797973633, -314.926116943, 867.889648438, 110.165214539, -3.58230948448, 219.046463013, 96.9477157593, 8.50068950653, 77.8673324585, 0.81190931797, -9.45485687256, -5.30647993088, 57.1174888611], [-118.690925598, -86.4331054688, 110.165214539, 323.261627197, 173.765075684, 41.3777503967, -19.1729221344, -10.8480863571, 11.6161251068, 21.9207706451, 18.7754802704, -15.3509120941, 1.54588449001], [-237.65322876, 71.7944107056, -3.58230948448, 173.765075684, 345.356964111, 109.696212769, -70.5924606323, -21.3366985321, 30.8804931641, 23.4449367523, 17.5029468536, -8.70633029938, -6.99265909195], [-320.993713379, -123.93662262, 219.046463013, 41.3777503967, 109.696212769, 304.294128418, 42.9374923706, 13.3445091248, 92.5518188477, 8.93625640869, -15.0232524872, 22.113079071, 1.75016093254], [-129.305801392, -76.841293335, 96.9477157593, -19.1729221344, -70.5924606323, 42.9374923706, 228.159667969, 41.3758583069, 53.6001472473, 13.2731361389, -0.429908424616, 16.2509365082, 26.7863903046], [160.466674805, 136.095825195, 8.50068950653, -10.8480863571, -21.3366985321, 13.3445091248, 41.3758583069, 142.407150269, 29.5233058929, -4.87558984756, -2.14709043503, 17.9549503326, 4.96431970596], [-224.808776855, -33.6383132935, 77.8673324585, 11.6161251068, 30.8804931641, 92.5518188477, 53.6001472473, 29.5233058929, 141.694107056, 25.0373096466, -13.4863548279, 20.4582576752, 7.67275238037], [-14.6162881851, 8.70879268646, 0.81190931797, 21.9207706451, 23.4449367523, 8.93625640869, 13.2731361389, -4.87558984756, 25.0373096466, 89.7041625977, 33.5683059692, 9.8558139801, 1.30523908138], [212.749069214, -20.7123508453, -9.45485687256, 18.7754802704, 17.5029468536, -15.0232524872, -0.429908424616, -2.14709043503, -13.4863548279, 33.5683059692, 114.400718689, 40.2785568237, -16.7368164062], [30.7192611694, 45.8524208069, -5.30647993088, -15.3509120941, -8.70633029938, 22.113079071, 16.2509365082, 17.9549503326, 20.4582576752, 9.8558139801, 40.2785568237, 90.205909729, 5.46007537842], [-23.122297287, -3.4633307457, 57.1174888611, 1.54588449001, -6.99265909195, 1.75016093254, 26.7863903046, 4.96431970596, 7.67275238037, 1.30523908138, -16.7368164062, 5.46007537842, 75.0048599243]],
