{
"lowlevel": {
    "average_loudness": 0.88551145792,
    "barkbands_crest": {
        "dmean": 2.16719770432,
        "dmean2": 3.46989965439,
        "dvar": 4.6526684761,
        "dvar2": 11.7329616547,
        "max": 25.9172115326,
        "mean": 13.7963981628,
        "median": 13.2168741226,
        "min": 3.76589393616,
        "var": 18.343952179
    },
    "barkbands_flatness_db": {
        "dmean": 0.0302803050727,
        "dmean2": 0.0394156873226,
        "dvar": 0.00113825045992,
        "dvar2": 0.00195474503562,
        "max": 0.576798498631,
        "mean": 0.300495952368,
        "median": 0.304388672113,
        "min": 0.0388898476958,
        "var": 0.00762840360403
    },
    "barkbands_kurtosis": {
        "dmean": 9.67457866669,
        "dmean2": 14.1791620255,
        "dvar": 185.056167603,
        "dvar2": 412.246765137,
        "max": 336.929992676,
        "mean": 23.157951355,
        "median": 13.6738300323,
        "min": -1.94165182114,
        "var": 973.314941406
    },
    "barkbands_skewness": {
        "dmean": 0.828815042973,
        "dmean2": 1.18604123592,
        "dvar": 0.801013708115,
        "dvar2": 1.65216195583,
        "max": 14.1158514023,
        "mean": 2.54848694801,
        "median": 2.14306879044,
        "min": -2.43939590454,
        "var": 4.32915115356
    },
    "barkbands_spread": {
        "dmean": 1.99207234383,
        "dmean2": 2.93045520782,
        "dvar": 33.372013092,
        "dvar2": 60.4816169739,
        "max": 105.059661865,
        "mean": 5.14855003357,
        "median": 2.71279287338,
        "min": 0.32511600852,
        "var": 91.2168960571
    },
    "dissonance": {
        "dmean": 0.0342283323407,
        "dmean2": 0.0539252497256,
        "dvar": 0.00100689625833,
        "dvar2": 0.00244224816561,
        "max": 0.500000059605,
        "mean": 0.385620117188,
        "median": 0.387957185507,
        "min": 0.147797822952,
        "var": 0.00374531699345
    },
    "dynamic_complexity": 3.80043101311,
    "erbbands_crest": {
        "dmean": 2.52953577042,
        "dmean2": 4.03168201447,
        "dvar": 6.42162895203,
        "dvar2": 14.8736600876,
        "max": 29.9147548676,
        "mean": 13.0450592041,
        "median": 12.3788871765,
        "min": 2.70086479187,
        "var": 23.9383411407
    },
    "erbbands_flatness_db": {
        "dmean": 0.0276263765991,
        "dmean2": 0.03483145684,
        "dvar": 0.0008035475621,
        "dvar2": 0.00128136598505,
        "max": 0.40915158391,
        "mean": 0.226246446371,
        "median": 0.232238471508,
        "min": 0.030051343143,
        "var": 0.00455767055973
    },
    "erbbands_kurtosis": {
        "dmean": 4.45570135117,
        "dmean2": 6.81080913544,
        "dvar": 33.8258323669,
        "dvar2": 75.7072143555,
        "max": 113.803611755,
        "mean": 10.1681079865,
        "median": 7.86856937408,
        "min": -1.88732147217,
        "var": 97.8703918457
    },
    "erbbands_skewness": {
        "dmean": 0.580267250538,
        "dmean2": 0.853602588177,
        "dvar": 0.343943357468,
        "dvar2": 0.723098039627,
        "max": 9.31751346588,
        "mean": 2.17508244514,
        "median": 2.13420820236,
        "min": -5.05780124664,
        "var": 1.52134597301
    },
    "erbbands_spread": {
        "dmean": 7.82327270508,
        "dmean2": 11.1228313446,
        "dvar": 157.767303467,
        "dvar2": 306.96194458,
        "max": 174.803146362,
        "mean": 21.0557937622,
        "median": 12.3320465088,
        "min": 1.19727218151,
        "var": 472.470977783
    },
    "hfc": {
        "dmean": 2.89265036583,
        "dmean2": 4.44019794464,
        "dvar": 41.7844009399,
        "dvar2": 85.1152420044,
        "max": 191.703567505,
        "mean": 8.3761138916,
        "median": 5.26098251343,
        "min": 1.0753014444e-16,
        "var": 126.63533783
    },
    "melbands_crest": {
        "dmean": 2.68534564972,
        "dmean2": 4.29399490356,
        "dvar": 6.99379777908,
        "dvar2": 17.6832809448,
        "max": 34.8501281738,
        "mean": 17.4196147919,
        "median": 16.8985710144,
        "min": 1.00230741501,
        "var": 28.0412807465
    },
    "melbands_flatness_db": {
        "dmean": 0.0336011834443,
        "dmean2": 0.0436071977019,
        "dvar": 0.00150982325431,
        "dvar2": 0.00260098045692,
        "max": 0.734955251217,
        "mean": 0.412467956543,
        "median": 0.418737769127,
        "min": -4.14174309071e-07,
        "var": 0.01168700587
    },
    "melbands_kurtosis": {
        "dmean": 15.2785148621,
        "dmean2": 22.3066177368,
        "dvar": 600.312072754,
        "dvar2": 1251.30834961,
        "max": 477.668731689,
        "mean": 32.1430282593,
        "median": 17.6124629974,
        "min": -1.41341471672,
        "var": 1620.13513184
    },
    "melbands_skewness": {
        "dmean": 0.872880458832,
        "dmean2": 1.27446341515,
        "dvar": 1.11752009392,
        "dvar2": 2.32425642014,
        "max": 15.4800901413,
        "mean": 2.87949156761,
        "median": 2.37207508087,
        "min": -1.31509947777,
        "var": 4.35904407501
    },
    "melbands_spread": {
        "dmean": 1.83049190044,
        "dmean2": 2.78073906898,
        "dvar": 40.0269470215,
        "dvar2": 79.7887954712,
        "max": 201.065872192,
        "mean": 5.91530704498,
        "median": 2.5819542408,
        "min": 0.365209847689,
        "var": 280.659637451
    },
    "pitch_salience": {
        "dmean": 0.0608826875687,
        "dmean2": 0.0980085656047,
        "dvar": 0.00389013579115,
        "dvar2": 0.00947470404208,
        "max": 0.996021389961,
        "mean": 0.504550635815,
        "median": 0.513343036175,
        "min": 0.0854925587773,
        "var": 0.0147611526772
    },
    "silence_rate_20dB": {
        "dmean": 0,
        "dmean2": 0,
        "dvar": 0,
        "dvar2": 0,
        "max": 1,
        "mean": 1,
        "median": 1,
        "min": 1,
        "var": 0
    },
    "silence_rate_30dB": {
        "dmean": 0.00747996428981,
        "dmean2": 0.0149612613022,
        "dvar": 0.00742359785363,
        "dvar2": 0.0184793900698,
        "max": 1,
        "mean": 0.993856310844,
        "median": 1,
        "min": 0,
        "var": 0.00610623555258
    },
    "silence_rate_60dB": {
        "dmean": 0.0158504005522,
        "dmean2": 0.0317036248744,
        "dvar": 0.0155945988372,
        "dvar2": 0.0346186235547,
        "max": 1,
        "mean": 0.0712314099073,
        "median": 0,
        "min": 0,
        "var": 0.0661516562104
    },
    "spectral_centroid": {
        "dmean": 84.0313110352,
        "dmean2": 126.666778564,
        "dvar": 56512.0859375,
        "dvar2": 111242.351562,
        "max": 12127.4238281,
        "mean": 485.865905762,
        "median": 277.961212158,
        "min": 118.347549438,
        "var": 1509967.5
    },
    "spectral_complexity": {
        "dmean": 1.28406059742,
        "dmean2": 2.12414288521,
        "dvar": 3.28462481499,
        "dvar2": 7.50989627838,
        "max": 38,
        "mean": 6.36773204803,
        "median": 6,
        "min": 0,
        "var": 9.7232427597
    },
    "spectral_decrease": {
        "dmean": 2.9999682738e-09,
        "dmean2": 4.8839132738e-09,
        "dvar": 1.75436901552e-17,
        "dvar2": 4.5808143975e-17,
        "max": 1.56877275019e-20,
        "mean": -9.38993682809e-09,
        "median": -8.52871284707e-09,
        "min": -4.67669849513e-08,
        "var": 4.84759238732e-17
    },
    "spectral_energy": {
        "dmean": 0.0115161733702,
        "dmean2": 0.0187496952713,
        "dvar": 0.000256463536061,
        "dvar2": 0.000670054694638,
        "max": 0.182571858168,
        "mean": 0.0361993871629,
        "median": 0.0328063480556,
        "min": 1.00018293351e-20,
        "var": 0.00071740540443
    },
    "spectral_energyband_high": {
        "dmean": 0.00012988942035,
        "dmean2": 0.000181958152098,
        "dvar": 6.27167992207e-07,
        "dvar2": 1.16218416224e-06,
        "max": 0.0258487407118,
        "mean": 0.000188457604963,
        "median": 1.07300256786e-05,
        "min": 7.00527628544e-21,
        "var": 1.39421820222e-06
    },
    "spectral_energyband_low": {
        "dmean": 0.00761990481988,
        "dmean2": 0.0124634644017,
        "dvar": 0.000167886988493,
        "dvar2": 0.000455931061879,
        "max": 0.127825692296,
        "mean": 0.019404232502,
        "median": 0.0167949106544,
        "min": 1.10092702181e-23,
        "var": 0.000320186518366
    },
    "spectral_energyband_middle_high": {
        "dmean": 0.000242430556682,
        "dmean2": 0.000368656095816,
        "dvar": 5.66692676784e-07,
        "dvar2": 1.21945231513e-06,
        "max": 0.0343584045768,
        "mean": 0.000402703270083,
        "median": 6.33105737506e-05,
        "min": 1.13702043745e-21,
        "var": 1.51378878854e-06
    },
    "spectral_energyband_middle_low": {
        "dmean": 0.00688337441534,
        "dmean2": 0.0111016491428,
        "dvar": 0.000103532598587,
        "dvar2": 0.000259876513155,
        "max": 0.175219282508,
        "mean": 0.0191145539284,
        "median": 0.0116750532761,
        "min": 1.74088121727e-22,
        "var": 0.000371724687284
    },
    "spectral_entropy": {
        "dmean": 0.329073309898,
        "dmean2": 0.430294543505,
        "dvar": 0.138257905841,
        "dvar2": 0.218963116407,
        "max": 9.82232761383,
        "mean": 6.08455753326,
        "median": 5.90337085724,
        "min": 4.12279272079,
        "var": 0.879167377949
    },
    "spectral_flux": {
        "dmean": 0.0288300383836,
        "dmean2": 0.046092197299,
        "dvar": 0.00137496204115,
        "dvar2": 0.00306727550924,
        "max": 0.335160374641,
        "mean": 0.0659333020449,
        "median": 0.0520908236504,
        "min": 6.31849364496e-11,
        "var": 0.00285214488395
    },
    "spectral_kurtosis": {
        "dmean": 8.02481651306,
        "dmean2": 11.4582853317,
        "dvar": 99.8055877686,
        "dvar2": 203.673217773,
        "max": 150.815246582,
        "mean": 20.6605548859,
        "median": 13.8102970123,
        "min": -1.29660928249,
        "var": 406.604705811
    },
    "spectral_rms": {
        "dmean": 0.000884796609171,
        "dmean2": 0.00140290218405,
        "dvar": 1.26169493342e-06,
        "dvar2": 3.11560506816e-06,
        "max": 0.0133461188525,
        "mean": 0.00542493164539,
        "median": 0.00565740140155,
        "min": 3.12376079864e-12,
        "var": 5.88653574596e-06
    },
    "spectral_rolloff": {
        "dmean": 116.731880188,
        "dmean2": 199.264404297,
        "dvar": 388308.46875,
        "dvar2": 791263.9375,
        "max": 19659.8144531,
        "mean": 609.928100586,
        "median": 236.865234375,
        "min": 64.599609375,
        "var": 4886132
    },
    "spectral_skewness": {
        "dmean": 0.667604446411,
        "dmean2": 0.894761264324,
        "dvar": 0.467856496572,
        "dvar2": 0.855964303017,
        "max": 10.2508993149,
        "mean": 3.45853972435,
        "median": 3.22488236427,
        "min": -0.2273029387,
        "var": 2.78224802017
    },
    "spectral_spread": {
        "dmean": 906983.5,
        "dmean2": 1127787.375,
        "dvar": 1.06176885555e+12,
        "dvar2": 1.86223519334e+12,
        "max": 51967040,
        "mean": 4233053,
        "median": 3262081,
        "min": 678687.3125,
        "var": 2.10513313137e+13
    },
    "spectral_strongpeak": {
        "dmean": 0.25298884511,
        "dmean2": 0.421127825975,
        "dvar": 0.149600610137,
        "dvar2": 0.356340706348,
        "max": 6.52957010269,
        "mean": 0.710260987282,
        "median": 0.48192730546,
        "min": 0,
        "var": 0.481783300638
    },
    "zerocrossingrate": {
        "dmean": 0.00537061551586,
        "dmean2": 0.00642510131001,
        "dvar": 0.000146434031194,
        "dvar2": 0.000191443687072,
        "max": 0.53125,
        "mean": 0.0243821945041,
        "median": 0.01318359375,
        "min": 0.001953125,
        "var": 0.00343305221759
    },
    "barkbands": {
        "dmean": [0.000313271099003, 0.00430965749547, 0.00284851063043, 0.00334451487288, 0.0030225799419, 0.00169975101016, 0.000511984282639, 0.000390427798266, 0.000137734125019, 7.51854822738e-05, 5.47334275325e-05, 5.26860894752e-05, 2.72172528639e-05, 2.10773814615e-05, 1.31887063617e-05, 1.25782344185e-05, 2.13640250877e-05, 1.8679382265e-05, 1.54512454174e-05, 9.81087214313e-06, 1.18791049317e-05, 3.48572320945e-05, 4.06880426453e-05, 2.29707256949e-05, 2.24497543968e-05, 4.12629697166e-06, 6.65031279823e-07],
        "dmean2": [0.000439052208094, 0.00683562969789, 0.00476338667795, 0.00565693620592, 0.00484194606543, 0.00264500780031, 0.000827554787975, 0.000563487003092, 0.000203037503525, 0.000112332352728, 8.98237194633e-05, 8.88175709406e-05, 4.31537046097e-05, 3.43927276845e-05, 2.17545348278e-05, 2.05579253816e-05, 3.3252123103e-05, 2.93095636152e-05, 2.4165628929e-05, 1.56999085448e-05, 1.75526729436e-05, 5.10339850734e-05, 5.88386537856e-05, 3.36853809131e-05, 3.2073337934e-05, 5.8595005612e-06, 9.62000854088e-07],
        "dvar": [6.01150645707e-07, 5.85928464716e-05, 4.12146109738e-05, 3.39468861057e-05, 2.07999928534e-05, 2.78426159639e-05, 6.39377640255e-06, 4.00923090638e-06, 4.71352933573e-07, 9.80141834361e-08, 8.10133684581e-08, 1.17781809195e-07, 3.4076364841e-08, 8.07706612704e-09, 3.43442296824e-09, 7.60298490832e-09, 1.80146546569e-08, 8.04279309818e-09, 5.73830272188e-09, 2.6446420609e-09, 4.00089827934e-09, 6.11419039842e-08, 1.08039586166e-07, 1.85306117118e-08, 1.79320860383e-08, 4.3670639327e-10, 3.01518684152e-12],
        "dvar2": [1.31647789203e-06, 0.000163556775078, 0.000104809572804, 9.50184912654e-05, 5.07485819981e-05, 6.41253063804e-05, 1.58111943165e-05, 6.7734113145e-06, 7.70401641148e-07, 1.82956242156e-07, 1.83786937669e-07, 2.75656134363e-07, 8.73106742461e-08, 1.91511499992e-08, 8.5701810093e-09, 1.93892653044e-08, 3.91858847593e-08, 1.65283182696e-08, 1.22491057297e-08, 6.32834851189e-09, 9.09971742402e-09, 1.24525683987e-07, 2.17090203591e-07, 3.88155072528e-08, 3.41018804306e-08, 8.37469649184e-10, 6.22018929419e-12],
        "max": [0.0144802415743, 0.0841735005379, 0.0974292084575, 0.0879444330931, 0.0731842070818, 0.153046488762, 0.0866875126958, 0.0852582529187, 0.0491315536201, 0.017863791436, 0.0140575217083, 0.0241849087179, 0.00940264947712, 0.00446015968919, 0.00275032664649, 0.00607490725815, 0.00954990182072, 0.00461295293644, 0.00486857909709, 0.00197992450558, 0.00299932667986, 0.00899384822696, 0.0130545469001, 0.00570253329352, 0.00433050421998, 0.000947676075157, 9.08812216949e-05],
        "mean": [0.000749709375668, 0.0111653795466, 0.00460261432454, 0.00655511580408, 0.00608953647316, 0.00429868232459, 0.000985609134659, 0.000864391506184, 0.000276470906101, 0.00013451842824, 6.53745228192e-05, 5.14473067597e-05, 3.5428092815e-05, 2.84422494587e-05, 1.57977483468e-05, 1.39314870466e-05, 2.82145683741e-05, 2.46913314186e-05, 2.01962739084e-05, 1.06210100057e-05, 1.52668108058e-05, 4.67219178972e-05, 5.60855914955e-05, 2.97073856927e-05, 2.95604331768e-05, 5.26477833773e-06, 7.2171468446e-07],
        "median": [0.000202402239665, 0.00916856154799, 0.00166716356762, 0.00292175007053, 0.00323036615737, 0.000893503194675, 0.000161088086315, 0.000230888079386, 4.47232960141e-05, 1.99292153411e-05, 3.27395696331e-06, 4.10859229305e-06, 4.06129265684e-06, 5.97036887484e-06, 3.25847827298e-06, 9.59524982136e-07, 2.14207943827e-06, 1.88979356608e-06, 1.61828211276e-06, 1.04762796127e-06, 1.52233872086e-06, 1.9087065084e-06, 1.95162078853e-06, 1.76915057182e-06, 8.7639244839e-07, 1.99990665806e-07, 5.40037241592e-08],
        "min": [6.54931354784e-25, 3.13254535539e-24, 9.63674749793e-25, 8.51815160901e-25, 7.32589484699e-24, 4.31389019894e-24, 1.41242168755e-23, 4.57762967095e-24, 1.31286081488e-23, 9.96886681371e-24, 9.27046064419e-24, 2.85007083131e-23, 2.34327724017e-23, 3.29443807248e-23, 4.28579547e-23, 4.85171797252e-23, 3.07699803029e-23, 8.9745120603e-23, 1.03461764603e-22, 1.40756426075e-22, 2.19714473333e-22, 3.00291023356e-22, 4.31407556547e-22, 5.62521085756e-22, 8.09861568965e-22, 1.34089157982e-21, 1.98504000357e-21],
        "var": [1.51753590671e-06, 0.000133381719934, 6.68849752401e-05, 8.16879910417e-05, 5.88585280639e-05, 9.38569428399e-05, 1.15635002658e-05, 1.06962843347e-05, 1.56700264142e-06, 3.38337969197e-07, 1.76364991944e-07, 1.33795026613e-07, 4.83652797811e-08, 1.41870355463e-08, 3.95206400938e-09, 1.00810382264e-08, 2.86819084039e-08, 1.40353098033e-08, 8.68788951891e-09, 3.12543413372e-09, 6.54529941357e-09, 1.14053804623e-07, 2.12122458265e-07, 3.17643298331e-08, 3.78785323107e-08, 8.70353122906e-10, 4.14176809169e-12]
    },
    "erbbands": {
        "dmean": [0.130821615458, 1.00007712841, 3.01502418518, 6.99994087219, 12.8879928589, 7.90560436249, 11.9419240952, 14.5828418732, 10.6638479233, 5.19665956497, 7.93759679794, 3.01910686493, 2.56250333786, 2.10186600685, 2.46596622467, 1.73023915291, 1.21086013317, 1.06286633015, 0.82201063633, 0.622737526894, 0.767294883728, 1.17970860004, 1.01771581173, 0.907851219177, 0.616838276386, 0.472101837397, 0.444453328848, 0.527015805244, 1.09916043282, 1.51587510109, 1.12550294399, 0.614036798477, 0.339182555676, 0.30728366971, 0.127315610647, 0.0307894907892, 0.00550996558741, 0.000824199581984, 0.000103736674646, 1.82308867807e-05],
        "dmean2": [0.192809417844, 1.63777017593, 5.02219772339, 11.8794527054, 21.1432304382, 12.6967353821, 18.5695075989, 22.4255008698, 17.1418190002, 7.62116527557, 11.5242681503, 4.46197128296, 3.75030446053, 3.08956241608, 4.10006332397, 2.84725356102, 1.9128857851, 1.73623180389, 1.32801818848, 1.00990080833, 1.23922359943, 1.81802964211, 1.58236241341, 1.38571560383, 0.974890947342, 0.754875421524, 0.675110936165, 0.767483830452, 1.61472475529, 2.21682500839, 1.62336409092, 0.898274004459, 0.506998002529, 0.445179015398, 0.184082984924, 0.0436449311674, 0.00797344744205, 0.0012041243026, 0.00014974201622, 2.78061852441e-05],
        "dvar": [0.0559434592724, 3.74156236649, 42.9439048767, 154.030136108, 458.216033936, 207.203765869, 1117.52856445, 2861.56787109, 1913.4621582, 858.084533691, 1594.3729248, 207.982406616, 97.5475082397, 114.633125305, 231.929504395, 60.9172515869, 57.0469932556, 21.9619960785, 9.50696277618, 7.45284414291, 30.0638103485, 48.1950187683, 28.3676509857, 25.9181880951, 7.2906165123, 6.68069267273, 5.67512607574, 8.75870132446, 57.7314109802, 137.629837036, 86.6462554932, 13.4377965927, 5.07674455643, 3.55031371117, 0.568861782551, 0.0291189961135, 0.000674506474752, 5.7126030697e-06, 7.80465754247e-08, 7.80209119533e-10],
        "dvar2": [0.149126932025, 10.365655899, 108.607391357, 422.405029297, 1167.16796875, 495.989807129, 2716.65649414, 6344.68017578, 4759.95166016, 1646.30407715, 2723.80981445, 349.143096924, 191.76184082, 217.013000488, 510.719085693, 140.615844727, 144.658798218, 53.1225128174, 23.0898532867, 15.941031456, 77.174407959, 103.118408203, 58.536190033, 47.3717269897, 17.7663192749, 16.2714748383, 13.8225603104, 18.0049953461, 117.720855713, 297.952301025, 169.837768555, 27.043970108, 11.3611335754, 6.88342809677, 1.13177621365, 0.0546689853072, 0.00133219989948, 1.13510313895e-05, 1.55774586119e-07, 1.73766523393e-09],
        "max": [3.01943993568, 23.6868114471, 90.8242797852, 175.445755005, 350.023742676, 334.414337158, 784.368835449, 1897.43835449, 1386.04370117, 1290.37670898, 2160.35571289, 966.663452148, 457.453887939, 677.087585449, 1072.96789551, 334.37411499, 319.35269165, 266.3387146, 130.549865723, 162.025177002, 377.705474854, 482.460174561, 414.022399902, 327.498779297, 98.3277130127, 112.471405029, 104.742759705, 129.422561646, 274.177124023, 528.790344238, 360.340484619, 112.09462738, 111.522117615, 56.3550300598, 31.4295063019, 6.41728448868, 1.13892006874, 0.0842346921563, 0.0144873326644, 0.00112971325871],
        "mean": [0.315225750208, 2.44164919853, 5.72290229797, 13.9416122437, 23.027048111, 16.7747440338, 28.4275341034, 35.2456054688, 23.9935722351, 10.5153636932, 18.422039032, 6.71219444275, 4.87971067429, 3.70174860954, 2.87653779984, 1.94479691982, 1.59168553352, 1.5064073801, 1.06781852245, 0.746668756008, 0.93626999855, 1.6133916378, 1.41928851604, 1.25324118137, 0.751566290855, 0.514401912689, 0.555972516537, 0.687017381191, 1.46400499344, 2.03455901146, 1.53164029121, 0.799370348454, 0.439448744059, 0.397134035826, 0.164872944355, 0.0401323847473, 0.00700139347464, 0.000946040614508, 0.000129185107653, 4.95535605296e-05],
        "median": [0.171136841178, 1.60365378857, 2.86196923256, 7.03068256378, 12.7684850693, 8.08019638062, 6.64552783966, 7.38110399246, 3.95305156708, 2.73550033569, 4.98923206329, 1.4334487915, 0.762146890163, 0.55577147007, 0.17002813518, 0.170176699758, 0.207832887769, 0.335050016642, 0.187577337027, 0.117386505008, 0.072870336473, 0.129470959306, 0.12303545326, 0.0889536514878, 0.0647924467921, 0.0572974681854, 0.0612075999379, 0.0540537200868, 0.0609159730375, 0.0707961842418, 0.0525263622403, 0.0437497906387, 0.0247748941183, 0.0123918959871, 0.00473162531853, 0.00128767057322, 0.000311166688334, 5.41951558262e-05, 3.07243317366e-05, 4.28749444836e-05],
        "min": [1.10030470522e-22, 3.92006036924e-22, 1.06321536846e-21, 4.227726977e-21, 1.38226452469e-20, 1.59487385281e-20, 2.09982399592e-20, 6.34538390449e-20, 1.26030879565e-19, 1.43741695359e-19, 1.57720931389e-19, 3.31138623028e-19, 4.47194725457e-19, 3.41617889865e-19, 6.70545123073e-19, 1.5304943405e-18, 1.1345896727e-18, 1.59400588831e-18, 2.41273778149e-18, 3.60431420134e-18, 4.19753049994e-18, 2.6456838361e-18, 4.78588545809e-18, 5.3472172528e-18, 5.78429245744e-18, 6.49496013122e-18, 8.3361731849e-18, 1.06898775676e-17, 1.07757678665e-17, 1.02286730909e-17, 9.57841069495e-18, 1.04016812247e-17, 9.8994858128e-18, 7.32326819095e-18, 6.1752407624e-18, 4.14529363067e-18, 2.36840999964e-18, 9.09990904447e-19, 2.47706627356e-19, 2.83217917568e-20],
        "var": [0.147452235222, 7.88914060593, 74.8202438354, 311.500061035, 824.545959473, 752.386535645, 4617.51025391, 8335.11425781, 4234.84521484, 1849.36120605, 4213.68798828, 653.513977051, 283.266601562, 434.387908936, 435.540557861, 91.1396789551, 75.3410415649, 36.1060829163, 17.0269489288, 11.0341596603, 42.4727363586, 83.930267334, 49.2577171326, 45.0654411316, 8.65413951874, 7.49404573441, 7.56137943268, 17.0376586914, 110.558708191, 242.085235596, 169.319213867, 25.300409317, 7.88485050201, 7.22395515442, 1.15646350384, 0.0605339184403, 0.00134471291676, 9.92709465208e-06, 1.14229635528e-07, 1.73838099471e-09]
    },
    "gfcc": {
        "mean": [-129.621856689, 145.970504761, -40.0177612305, 37.2577590942, -57.1712265015, 3.44588160515, -37.1484909058, -1.29383111, -11.0684099197, -6.31362009048, -8.28142356873, -9.18092250824, -9.17796039581],
        "cov": [[21089.1347656, 206.110870361, -1391.49462891, 661.7578125, -1307.6114502, 406.151123047, -884.321533203, 410.859161377, -489.554229736, -110.217918396, -197.082183838, 288.801635742, -270.070068359], [206.110870361, 2006.31848145, 36.5413780212, -228.036575317, 176.790603638, -297.036407471, 142.275283813, -153.015274048, 199.708221436, -215.133377075, 168.686294556, -192.018966675, 87.3068389893], [-1391.49462891, 36.5413780212, 750.074707031, 169.541870117, 196.55921936, 95.6712722778, 147.690582275, -15.8745479584, 69.8626861572, 66.7633514404, -26.0728626251, -59.8871421814, 33.8661155701], [661.7578125, -228.036575317, 169.541870117, 419.055084229, 77.8771514893, 108.898651123, 5.62965345383, 22.154335022, 30.8227596283, 61.9595184326, -23.8917179108, 0.949433028698, -5.31885004044], [-1307.6114502, 176.790603638, 196.55921936, 77.8771514893, 376.726531982, 52.4560890198, 114.954284668, -20.5294628143, 86.0494232178, 14.8225927353, 46.5634803772, -35.842048645, 20.3085269928], [406.151123047, -297.036407471, 95.6712722778, 108.898651123, 52.4560890198, 231.661346436, 36.8682899475, 26.0584621429, -36.393951416, 63.8148498535, -32.6243553162, 21.524055481, -27.4381771088], [-884.321533203, 142.275283813, 147.690582275, 5.62965345383, 114.954284668, 36.8682899475, 201.056167603, 6.22541046143, 27.6714801788, 8.34604740143, 30.0851383209, -28.7848033905, 28.6851768494], [410.859161377, -153.015274048, -15.8745479584, 22.154335022, -20.5294628143, 26.0584621429, 6.22541046143, 152.158599854, 31.9788646698, 21.7745361328, 27.6004867554, 60.3545188904, -11.9398498535], [-489.554229736, 199.708221436, 69.8626861572, 30.8227596283, 86.0494232178, -36.393951416, 27.6714801788, 31.9788646698, 157.970184326, 24.0854301453, 49.6771774292, -10.459066391, 12.3794746399], [-110.217918396, -215.133377075, 66.7633514404, 61.9595184326, 14.8225927353, 63.8148498535, 8.34604740143, 21.7745361328, 24.0854301453, 127.550331116, 4.88992595673, 18.0705413818, -3.03693223], [-197.082183838, 168.686294556, -26.0728626251, -23.8917179108, 46.5634803772, -32.6243553162, 30.0851383209, 27.6004867554, 49.6771774292, 4.88992595673, 118.475837708, 34.7726478577, 16.6707839966], [288.801635742, -192.018966675, -59.8871421814, 0.949433028698, -35.842048645, 21.524055481, -28.7848033905, 60.3545188904, -10.459066391, 18.0705413818, 34.7726478577, 123.234550476, 15.1277799606], [-270.070068359, 87.3068389893, 33.8661155701, -5.31885004044, 20.3085269928, -27.4381771088, 28.6851768494, -11.9398498535, 12.3794746399, -3.03693223, 16.6707839966, 15.1277799606, 86.0832290649]],
        "icov": [[0.000239129833062, -0.000662118603941, 0.000308059592498, -0.00069387734402, 0.000586131063756, -0.00080528948456, 0.000857337901834, -0.00103934132494, 0.000972480047494, -0.000411736575188, 0.000549271062482, -0.000459763599792, 0.00025293539511], [-0.000662118603941, 0.00321456906386, -0.000909570138901, 0.00224928604439, -0.00149448879529, 0.0024862899445, -0.00269854837097, 0.00379121629521, -0.00413687108085, 0.00313447392546, -0.00344829657115, 0.0030840979889, -0.00143928511534], [0.000308059592498, -0.000909570138901, 0.00240155821666, -0.00138271483593, 0.000269295967882, -0.00130262947641, 9.71522240434e-05, -0.00127110455651, 0.000764322991017, -0.00120779382996, 0.00169425620697, -0.000213138147956, -0.000271842931397], [-0.00069387734402, 0.00224928604439, -0.00138271483593, 0.00520163495094, -0.00203989678994, 0.00121657061391, -0.00177890853956, 0.00289265019819, -0.00374083360657, 0.00111308693886, -0.00156225601677, 0.00188599794637, -0.00118144683074], [0.000586131063756, -0.00149448879529, 0.000269295967882, -0.00203989678994, 0.00575914932415, -0.00330519978888, 0.000738387927413, -0.00122247484978, 0.000248446682235, 2.27651307796e-05, -0.000351696478901, -0.000465515593532, 0.000409823696828], [-0.00080528948456, 0.0024862899445, -0.00130262947641, 0.00121657061391, -0.00330519978888, 0.0104757323861, -0.0046198470518, 0.00290651037358, -0.000830920995213, -0.00122507545166, -4.04554430133e-06, -0.000276393810054, 0.00172657088842], [0.000857337901834, -0.00269854837097, 9.71522240434e-05, -0.00177890853956, 0.000738387927413, -0.0046198470518, 0.0110697243363, -0.00558928307146, 0.00455913087353, -0.00158869137522, -4.88639634568e-05, 0.00103602302261, -0.0017164706951], [-0.00103934132494, 0.00379121629521, -0.00127110455651, 0.00289265019819, -0.00122247484978, 0.00290651037358, -0.00558928307146, 0.0150963412598, -0.00827369093895, 0.00326776714064, -0.00385438115336, -0.00209585926495, 0.0011640090961], [0.000972480047494, -0.00413687108085, 0.000764322991017, -0.00374083360657, 0.000248446682235, -0.000830920995213, 0.00455913087353, -0.00827369093895, 0.015907920897, -0.00606456538662, 0.00113157823216, -0.00121972628403, 0.0012181319762], [-0.000411736575188, 0.00313447392546, -0.00120779382996, 0.00111308693886, 2.27651307796e-05, -0.00122507545166, -0.00158869137522, 0.00326776714064, -0.00606456538662, 0.0139601649716, -0.00440648477525, 0.00237304484472, -0.00153909029905], [0.000549271062482, -0.00344829657115, 0.00169425620697, -0.00156225601677, -0.000351696478901, -4.04554430133e-06, -4.88639634568e-05, -0.00385438115336, 0.00113157823216, -0.00440648477525, 0.0172872655094, -0.00841083656996, 0.00183289044071], [-0.000459763599792, 0.0030840979889, -0.000213138147956, 0.00188599794637, -0.000465515593532, -0.000276393810054, 0.00103602302261, -0.00209585926495, -0.00121972628403, 0.00237304484472, -0.00841083656996, 0.0177454594523, -0.00621470762417], [0.00025293539511, -0.00143928511534, -0.000271842931397, -0.00118144683074, 0.000409823696828, 0.00172657088842, -0.0017164706951, 0.0011640090961, 0.0012181319762, -0.00153909029905, 0.00183289044071, -0.00621470762417, 0.0155986659229]]
    },
    "melbands": {
        "dmean": [0.00114716636017, 0.00147909880616, 0.0014198286226, 0.000724531186279, 0.000387320527807, 0.000321522064041, 0.000149449653691, 6.26583569101e-05, 5.84814079048e-05, 1.80900533451e-05, 1.29678956e-05, 8.72723376233e-06, 7.7263912317e-06, 6.58171938994e-06, 3.47857894667e-06, 2.39571818383e-06, 2.01662351174e-06, 1.48013020862e-06, 9.09662503545e-07, 7.96161373273e-07, 9.81636389952e-07, 1.25130532069e-06, 1.20864501696e-06, 7.85740326137e-07, 7.7022144751e-07, 5.4593368759e-07, 3.6922043023e-07, 3.01316987361e-07, 2.7960734883e-07, 2.79603170839e-07, 3.10834082029e-07, 5.35059314188e-07, 8.917318155e-07, 8.45426370688e-07, 6.92448622885e-07, 5.18054037002e-07, 3.31055247216e-07, 2.18685030973e-07, 2.82369654769e-07, 2.60282490672e-07],
        "dmean2": [0.00176925223786, 0.00245566479862, 0.00238554296084, 0.00117360847071, 0.000606805318967, 0.000498534471262, 0.000239177083131, 9.10022645257e-05, 8.51835065987e-05, 2.68304738711e-05, 1.9034718207e-05, 1.28055280584e-05, 1.27374232761e-05, 1.09636393972e-05, 5.58838746656e-06, 3.84798067898e-06, 3.30071134158e-06, 2.39142241298e-06, 1.49613686062e-06, 1.29811303395e-06, 1.59709770742e-06, 1.96381461137e-06, 1.88651165445e-06, 1.23481038372e-06, 1.18370485325e-06, 8.73693693393e-07, 5.95664857883e-07, 4.89870672027e-07, 4.32787345517e-07, 4.19793877882e-07, 4.62912367993e-07, 8.0307324879e-07, 1.33816718062e-06, 1.26154861846e-06, 1.0244917803e-06, 7.67736082707e-07, 4.95438996495e-07, 3.25412571556e-07, 4.18798151713e-07, 3.78984424287e-07],
        "dvar": [4.01051920562e-06, 9.2240925369e-06, 5.2217492339e-06, 1.19915750929e-06, 9.82770416158e-07, 1.22477513287e-06, 3.70651179082e-07, 1.18624456036e-07, 7.77936079999e-08, 7.79405073814e-09, 2.51705301046e-09, 2.01216621143e-09, 1.71023328832e-09, 1.6464472008e-09, 4.15096956807e-10, 2.41969999593e-10, 8.11106876109e-11, 3.38662292654e-11, 1.66226702542e-11, 1.6729725244e-11, 6.41762545883e-11, 5.38515065873e-11, 7.74192723818e-11, 1.33691850993e-11, 2.164753099e-11, 6.4523967766e-12, 2.69434669888e-12, 3.47918959268e-12, 2.2361238295e-12, 2.56522103906e-12, 3.65424270704e-12, 1.33663288771e-11, 4.64437759085e-11, 4.64637182895e-11, 3.73029281076e-11, 1.29201597338e-11, 3.78081420338e-12, 2.064456028e-12, 3.68914881282e-12, 2.57689789646e-12],
        "dvar2": [1.12202187665e-05, 2.38977208937e-05, 1.43474098877e-05, 3.01154204863e-06, 2.42230748881e-06, 2.75413026429e-06, 9.14489760362e-07, 2.13077171907e-07, 1.3503613161e-07, 1.33793127688e-08, 4.91258633772e-09, 3.73956021704e-09, 3.9054119938e-09, 3.6931040448e-09, 9.33090271715e-10, 6.42476016832e-10, 1.95211027898e-10, 7.83612341682e-11, 4.18601819874e-11, 3.6798845221e-11, 1.7286877485e-10, 1.22806806391e-10, 1.71446065678e-10, 2.60877274644e-11, 4.01831345975e-11, 1.64370114741e-11, 6.41875094742e-12, 8.61769596655e-12, 5.58375264428e-12, 6.1504161139e-12, 7.56134824892e-12, 2.78448965274e-11, 1.0090878827e-10, 1.06193782934e-10, 7.48852993504e-11, 2.61605719726e-11, 8.11690298308e-12, 4.56978335381e-12, 8.26216959432e-12, 5.02577450143e-12],
        "max": [0.0228170659393, 0.0370375886559, 0.0338572002947, 0.0169495847076, 0.0222871471196, 0.0373543314636, 0.0186494309455, 0.0163515489548, 0.0146765001118, 0.00523453112692, 0.00249733636156, 0.00283741974272, 0.00239241705276, 0.00291860080324, 0.00140155572444, 0.000660541991238, 0.000528241449501, 0.000322418462019, 0.000188279431313, 0.000214519124711, 0.000543343718164, 0.000372580660041, 0.000801717978902, 0.000209688310861, 0.000308404240059, 0.000110855107778, 5.30677316419e-05, 8.79054568941e-05, 7.55575310905e-05, 7.85827069194e-05, 8.64054236445e-05, 0.000112933048513, 0.00025266004377, 0.000348956731614, 0.000231834244914, 0.000142197925015, 5.63746107218e-05, 7.25694189896e-05, 7.12275868864e-05, 5.19447603438e-05],
        "mean": [0.00293444748968, 0.00318682007492, 0.00284272688441, 0.00136806012597, 0.000947600114159, 0.000805404095445, 0.000330501294229, 0.000129268591991, 0.000136435221066, 3.70317065972e-05, 2.39580640482e-05, 1.51589592861e-05, 9.16040244192e-06, 6.5702251959e-06, 4.49121625934e-06, 3.07109098685e-06, 2.75830734608e-06, 1.84117743629e-06, 1.05274204998e-06, 9.03170189304e-07, 1.15088801067e-06, 1.65347523762e-06, 1.61452646807e-06, 1.05157209873e-06, 1.03636568838e-06, 6.61172180116e-07, 4.04583232694e-07, 3.12154213589e-07, 3.35802013751e-07, 3.4850972952e-07, 3.95342738102e-07, 7.04093054082e-07, 1.15598652428e-06, 1.10165422029e-06, 9.19036494906e-07, 6.80317555179e-07, 4.11575058479e-07, 2.76601639371e-07, 3.4858970821e-07, 3.30474676957e-07],
        "median": [0.00225955108181, 0.00200876221061, 0.00163934379816, 0.000827314448543, 0.000244618626311, 0.000164018696523, 5.82696993661e-05, 3.28319256369e-05, 3.65260748367e-05, 6.62434422338e-06, 3.48080038748e-06, 2.23768552132e-06, 4.89072874643e-07, 5.04717604599e-07, 3.44288707765e-07, 5.23495884863e-07, 5.8827453131e-07, 2.81112477296e-07, 1.92861250525e-07, 1.07496575197e-07, 7.46071009416e-08, 1.22079313769e-07, 1.38423217777e-07, 7.27102005271e-08, 6.74902054243e-08, 4.74738399703e-08, 3.78179052518e-08, 3.06299021702e-08, 3.6921303348e-08, 3.1589834748e-08, 2.82951742037e-08, 2.93853972266e-08, 3.98407955515e-08, 3.73133062226e-08, 2.94866104866e-08, 2.82658785267e-08, 2.46391849146e-08, 1.80872774536e-08, 1.23012640074e-08, 8.73968541981e-09],
        "min": [1.2167311716e-24, 6.59358244969e-25, 1.12981704086e-24, 1.2871525874e-24, 4.04718086283e-25, 1.48035763929e-24, 2.35361601175e-24, 1.3621605391e-24, 1.37451104404e-24, 1.85930945765e-24, 2.14233125398e-24, 1.12047584306e-24, 1.40974009295e-24, 2.95592511795e-24, 2.74566370999e-24, 2.95861000604e-24, 2.14817276899e-24, 3.1216202235e-24, 4.00521720976e-24, 3.63213609426e-24, 4.01747255836e-24, 1.74954005433e-24, 3.57395129161e-24, 3.63818902399e-24, 3.23211261783e-24, 2.92844475389e-24, 3.7474454705e-24, 3.73282156704e-24, 3.95135418158e-24, 4.34293487417e-24, 5.88857686705e-24, 4.10134898296e-24, 4.76181173181e-24, 5.02688516761e-24, 4.97735101365e-24, 4.26669738414e-24, 5.782743288e-24, 6.01083610786e-24, 5.87293572745e-24, 5.04830274119e-24],
        "var": [9.34247873374e-06, 1.66744757735e-05, 1.09287775558e-05, 2.48747369369e-06, 4.3370455387e-06, 3.79382913707e-06, 8.06848333923e-07, 2.935946668e-07, 2.1625869806e-07, 2.45140281407e-08, 7.45939576774e-09, 7.55009388342e-09, 3.53348417192e-09, 2.13356710077e-09, 9.67938285079e-10, 2.33512820191e-10, 1.3027745549e-10, 6.24181331621e-11, 1.8476368005e-11, 2.3475400443e-11, 8.30095714388e-11, 8.50997119994e-11, 1.12670116292e-10, 2.70075455056e-11, 3.58486469676e-11, 7.54878971831e-12, 3.25730458231e-12, 3.65805042507e-12, 2.74711763754e-12, 3.79239348258e-12, 6.63822989633e-12, 2.52280332041e-11, 7.65518204382e-11, 7.53550694066e-11, 6.84834203235e-11, 2.52043264731e-11, 6.22937769076e-12, 3.11460969862e-12, 5.91304349234e-12, 5.29255025222e-12]
    },
    "mfcc": {
        "mean": [-785.561096191, 172.25881958, 67.8993835449, 37.0769309998, 14.2182807922, 5.45421218872, -7.77832698822, 1.59392654896, -5.47015953064, 2.575963974, 4.68148326874, -0.75881499052, -7.46326732635],
        "cov": [[8792.18847656, -661.368225098, -245.56980896, -114.877738953, -110.539428711, -293.485595703, -144.662353516, 348.349700928, -188.177139282, -155.295043945, 18.4457130432, -151.258544922, 70.7758712769], [-661.368225098, 2190.55517578, 102.391403198, 68.9768829346, 31.5247859955, -103.606147766, -45.9243888855, 16.9327869415, -67.4095306396, 44.7625579834, 2.89821338654, -29.6139030457, -104.613258362], [-245.56980896, 102.391403198, 584.061462402, 184.873779297, 68.8089141846, 133.110153198, 57.1783332825, -15.9479465485, 86.4077911377, 66.4783706665, 21.5564289093, 33.1616821289, -28.8458557129], [-114.877738953, 68.9768829346, 184.873779297, 298.732513428, 125.634353638, 86.4380493164, 20.6086845398, 5.85202932358, 57.2633895874, 43.1089630127, 22.0128040314, 34.7568740845, 5.14459991455], [-110.539428711, 31.5247859955, 68.8089141846, 125.634353638, 255.169815063, 101.30683136, 12.9506807327, 26.5959224701, 34.4797325134, 42.7316474915, 41.7557182312, 37.8333930969, 15.264166832], [-293.485595703, -103.606147766, 133.110153198, 86.4380493164, 101.30683136, 248.987350464, 102.780967712, -25.340801239, 67.0043563843, 36.6695747375, 10.1885061264, 42.7367706299, 8.84236907959], [-144.662353516, -45.9243888855, 57.1783332825, 20.6086845398, 12.9506807327, 102.780967712, 189.283996582, 27.3442821503, 41.2020606995, 17.4550876617, -9.3964099884, 27.2849712372, 24.7900600433], [348.349700928, 16.9327869415, -15.9479465485, 5.85202932358, 26.5959224701, -25.340801239, 27.3442821503, 145.277526855, 3.39109039307, -8.83839893341, 21.0308151245, 8.74094104767, 27.8316707611], [-188.177139282, -67.4095306396, 86.4077911377, 57.2633895874, 34.4797325134, 67.0043563843, 41.2020606995, 3.39109039307, 113.739379883, 39.8510475159, 1.87835764885, 16.9869785309, 0.735261142254], [-155.295043945, 44.7625579834, 66.4783706665, 43.1089630127, 42.7316474915, 36.6695747375, 17.4550876617, -8.83839893341, 39.8510475159, 105.882827759, 33.2264938354, 14.4558811188, -6.09154319763], [18.4457130432, 2.89821338654, 21.5564289093, 22.0128040314, 41.7557182312, 10.1885061264, -9.3964099884, 21.0308151245, 1.87835764885, 33.2264938354, 100.268135071, 41.4678649902, 16.4743766785], [-151.258544922, -29.6139030457, 33.1616821289, 34.7568740845, 37.8333930969, 42.7367706299, 27.2849712372, 8.74094104767, 16.9869785309, 14.4558811188, 41.4678649902, 98.9393615723, 32.154914856], [70.7758712769, -104.613258362, -28.8458557129, 5.14459991455, 15.264166832, 8.84236907959, 24.7900600433, 27.8316707611, 0.735261142254, -6.09154319763, 16.4743766785, 32.154914856, 107.087966919]],
