{
"lowlevel": {
    "average_loudness": 0.892192006111,
    "barkbands_crest": {
        "dmean": 2.02900385857,
        "dmean2": 3.07638549805,
        "dvar": 4.96990871429,
        "dvar2": 10.5342578888,
        "max": 26.6446018219,
        "mean": 15.4524030685,
        "median": 14.6210689545,
        "min": 3.57872414589,
        "var": 34.9984931946
    },
    "barkbands_flatness_db": {
        "dmean": 0.0212736316025,
        "dmean2": 0.0297723598778,
        "dvar": 0.000645635765977,
        "dvar2": 0.00114770093933,
        "max": 0.582247793674,
        "mean": 0.282781660557,
        "median": 0.275913715363,
        "min": 0.0217834543437,
        "var": 0.00644568679854
    },
    "barkbands_kurtosis": {
        "dmean": 13.6742162704,
        "dmean2": 20.4544296265,
        "dvar": 1901.75976562,
        "dvar2": 4254.78027344,
        "max": 1674.58068848,
        "mean": 35.7938537598,
        "median": 7.78767871857,
        "min": -1.9022424221,
        "var": 9566.85742188
    },
    "barkbands_skewness": {
        "dmean": 0.761619389057,
        "dmean2": 1.10954976082,
        "dvar": 1.24666142464,
        "dvar2": 2.60164690018,
        "max": 32.5883331299,
        "mean": 3.14546084404,
        "median": 2.20853090286,
        "min": -2.40953731537,
        "var": 12.257569313
    },
    "barkbands_spread": {
        "dmean": 2.01278805733,
        "dmean2": 2.94663929939,
        "dvar": 27.8284816742,
        "dvar2": 52.6907997131,
        "max": 125.417755127,
        "mean": 7.46639966965,
        "median": 5.17980909348,
        "min": 0.0815519914031,
        "var": 87.278465271
    },
    "dissonance": {
        "dmean": 0.0317492075264,
        "dmean2": 0.052602570504,
        "dvar": 0.000851896824315,
        "dvar2": 0.00223721843213,
        "max": 0.500000119209,
        "mean": 0.416315704584,
        "median": 0.425332963467,
        "min": 0.163237899542,
        "var": 0.00276861921884
    },
    "dynamic_complexity": 3.76308202744,
    "erbbands_crest": {
        "dmean": 2.36323547363,
        "dmean2": 3.68047332764,
        "dvar": 5.97244977951,
        "dvar2": 14.0520153046,
        "max": 31.2776832581,
        "mean": 11.6720571518,
        "median": 10.5527667999,
        "min": 2.49476051331,
        "var": 25.4783859253
    },
    "erbbands_flatness_db": {
        "dmean": 0.016646578908,
        "dmean2": 0.023745579645,
        "dvar": 0.000343705411069,
        "dvar2": 0.000645660853479,
        "max": 0.370562672615,
        "mean": 0.219697758555,
        "median": 0.223017990589,
        "min": 0.0349340960383,
        "var": 0.00352328573354
    },
    "erbbands_kurtosis": {
        "dmean": 1.70681917667,
        "dmean2": 2.57811880112,
        "dvar": 7.21770429611,
        "dvar2": 15.6943216324,
        "max": 61.9026870728,
        "mean": 3.56808423996,
        "median": 1.70845007896,
        "min": -1.84428977966,
        "var": 33.1255760193
    },
    "erbbands_skewness": {
        "dmean": 0.374805957079,
        "dmean2": 0.553075313568,
        "dvar": 0.182184100151,
        "dvar2": 0.360400080681,
        "max": 7.05755805969,
        "mean": 0.857803106308,
        "median": 0.727049231529,
        "min": -4.69764232635,
        "var": 1.62349498272
    },
    "erbbands_spread": {
        "dmean": 5.42721319199,
        "dmean2": 8.1488904953,
        "dvar": 109.162445068,
        "dvar2": 238.950439453,
        "max": 164.216171265,
        "mean": 23.061000824,
        "median": 17.9392242432,
        "min": 2.82006239891,
        "var": 357.210876465
    },
    "hfc": {
        "dmean": 2.91280055046,
        "dmean2": 4.2175245285,
        "dvar": 37.8199691772,
        "dvar2": 70.9457321167,
        "max": 371.607635498,
        "mean": 11.9245185852,
        "median": 10.0411891937,
        "min": 1.05092231416e-16,
        "var": 176.010848999
    },
    "melbands_crest": {
        "dmean": 2.16045761108,
        "dmean2": 3.27954268456,
        "dvar": 5.67577695847,
        "dvar2": 12.862200737,
        "max": 32.7610664368,
        "mean": 18.0925388336,
        "median": 18.3443946838,
        "min": 1.66017961502,
        "var": 37.7547035217
    },
    "melbands_flatness_db": {
        "dmean": 0.023992497474,
        "dmean2": 0.03280890733,
        "dvar": 0.000870907737408,
        "dvar2": 0.0014959218679,
        "max": 0.712198138237,
        "mean": 0.3878287673,
        "median": 0.383729189634,
        "min": 0.0028738938272,
        "var": 0.0097187589854
    },
    "melbands_kurtosis": {
        "dmean": 12.7399959564,
        "dmean2": 19.2933712006,
        "dvar": 923.371032715,
        "dvar2": 2104.18188477,
        "max": 795.456359863,
        "mean": 34.3837203979,
        "median": 11.9702033997,
        "min": -1.90911209583,
        "var": 3771.77490234
    },
    "melbands_skewness": {
        "dmean": 0.729982972145,
        "dmean2": 1.07105016708,
        "dvar": 1.04051434994,
        "dvar2": 2.19851493835,
        "max": 21.7027416229,
        "mean": 3.22826170921,
        "median": 2.65378904343,
        "min": -0.998918116093,
        "var": 6.59093761444
    },
    "melbands_spread": {
        "dmean": 2.25474691391,
        "dmean2": 3.34635615349,
        "dvar": 52.0832977295,
        "dvar2": 113.006965637,
        "max": 252.802276611,
        "mean": 9.04583263397,
        "median": 5.1938123703,
        "min": 0.241972327232,
        "var": 254.937316895
    },
    "pitch_salience": {
        "dmean": 0.0582819916308,
        "dmean2": 0.0884336978197,
        "dvar": 0.0038053272292,
        "dvar2": 0.00797982513905,
        "max": 0.973124325275,
        "mean": 0.426577448845,
        "median": 0.43643194437,
        "min": 0.0268275160342,
        "var": 0.0280069150031
    },
    "silence_rate_20dB": {
        "dmean": 0,
        "dmean2": 0,
        "dvar": 0,
        "dvar2": 0,
        "max": 1,
        "mean": 1,
        "median": 1,
        "min": 1,
        "var": 0
    },
    "silence_rate_30dB": {
        "dmean": 0.0556346736848,
        "dmean2": 0.111279912293,
        "dvar": 0.0525346435606,
        "dvar2": 0.120905198157,
        "max": 1,
        "mean": 0.922441601753,
        "median": 1,
        "min": 0,
        "var": 0.0715554133058
    },
    "silence_rate_60dB": {
        "dmean": 0.0102534890175,
        "dmean2": 0.0205089244992,
        "dvar": 0.0101499147713,
        "dvar2": 0.0212299153209,
        "max": 1,
        "mean": 0.0749952569604,
        "median": 0,
        "min": 0,
        "var": 0.0693741068244
    },
    "spectral_centroid": {
        "dmean": 90.8046646118,
        "dmean2": 133.753616333,
        "dvar": 62980.34375,
        "dvar2": 117594.265625,
        "max": 11616.9755859,
        "mean": 594.560424805,
        "median": 413.405609131,
        "min": 87.9403381348,
        "var": 1085339.25
    },
    "spectral_complexity": {
        "dmean": 1.41327261925,
        "dmean2": 2.29016327858,
        "dvar": 2.51585650444,
        "dvar2": 5.67953586578,
        "max": 41,
        "mean": 10.070438385,
        "median": 10,
        "min": 0,
        "var": 24.0303001404
    },
    "spectral_decrease": {
        "dmean": 2.97596347565e-09,
        "dmean2": 4.14202228072e-09,
        "dvar": 1.84919336135e-17,
        "dvar2": 3.45830780695e-17,
        "max": 1.28661815149e-21,
        "mean": -1.30516246699e-08,
        "median": -1.133884453e-08,
        "min": -5.24351833064e-08,
        "var": 9.08296590398e-17
    },
    "spectral_energy": {
        "dmean": 0.0114051913843,
        "dmean2": 0.0158990435302,
        "dvar": 0.000267981318757,
        "dvar2": 0.000503541494254,
        "max": 0.199741393328,
        "mean": 0.0503413267434,
        "median": 0.0440737456083,
        "min": 1.0078287804e-20,
        "var": 0.00132034404669
    },
    "spectral_energyband_high": {
        "dmean": 9.11751340027e-05,
        "dmean2": 0.000122812372865,
        "dvar": 4.87603188049e-07,
        "dvar2": 7.83098585089e-07,
        "max": 0.044926725328,
        "mean": 0.000169490289409,
        "median": 8.76860394783e-06,
        "min": 7.08275418982e-21,
        "var": 1.7661449192e-06
    },
    "spectral_energyband_low": {
        "dmean": 0.00950378365815,
        "dmean2": 0.0128819048405,
        "dvar": 0.000253627018537,
        "dvar2": 0.000454156572232,
        "max": 0.195968434215,
        "mean": 0.0340689234436,
        "median": 0.0236052330583,
        "min": 8.17621748306e-24,
        "var": 0.00122243107762
    },
    "spectral_energyband_middle_high": {
        "dmean": 0.000799353758339,
        "dmean2": 0.00118720519822,
        "dvar": 3.56059422302e-06,
        "dvar2": 8.03328202892e-06,
        "max": 0.0366381816566,
        "mean": 0.0022580944933,
        "median": 0.000801616813987,
        "min": 1.14757274579e-21,
        "var": 1.35215077535e-05
    },
    "spectral_energyband_middle_low": {
        "dmean": 0.00422215461731,
        "dmean2": 0.00627635791898,
        "dvar": 5.21173096786e-05,
        "dvar2": 0.00011281848856,
        "max": 0.148450255394,
        "mean": 0.0150658208877,
        "median": 0.0102099804208,
        "min": 1.64035824984e-22,
        "var": 0.000281573622487
    },
    "spectral_entropy": {
        "dmean": 0.187758266926,
        "dmean2": 0.273186177015,
        "dvar": 0.0513477399945,
        "dvar2": 0.0965755358338,
        "max": 9.82356548309,
        "mean": 6.45403718948,
        "median": 6.35376501083,
        "min": 4.91369581223,
        "var": 0.3983284235
    },
    "spectral_flux": {
        "dmean": 0.0260365214199,
        "dmean2": 0.0422631651163,
        "dvar": 0.00120819231961,
        "dvar2": 0.00291939475574,
        "max": 0.348343402147,
        "mean": 0.0631479695439,
        "median": 0.0511899553239,
        "min": 6.3052604804e-11,
        "var": 0.00231224461459
    },
    "spectral_kurtosis": {
        "dmean": 6.4227643013,
        "dmean2": 10.8389959335,
        "dvar": 58.2580337524,
        "dvar2": 171.499404907,
        "max": 154.617675781,
        "mean": 19.1313152313,
        "median": 15.3823957443,
        "min": -1.26457822323,
        "var": 225.680465698
    },
    "spectral_rms": {
        "dmean": 0.00076845777221,
        "dmean2": 0.0010522758821,
        "dvar": 1.01315470147e-06,
        "dvar2": 1.73375303802e-06,
        "max": 0.0139595726505,
        "mean": 0.00640635285527,
        "median": 0.00655734539032,
        "min": 3.13567791524e-12,
        "var": 8.07204742159e-06
    },
    "spectral_rolloff": {
        "dmean": 128.055786133,
        "dmean2": 217.291183472,
        "dvar": 373819.25,
        "dvar2": 808364.25,
        "max": 19401.4160156,
        "mean": 654.000793457,
        "median": 301.46484375,
        "min": 64.599609375,
        "var": 3538444.25
    },
    "spectral_skewness": {
        "dmean": 0.493754893541,
        "dmean2": 0.802774608135,
        "dvar": 0.240366861224,
        "dvar2": 0.65912014246,
        "max": 10.0790691376,
        "mean": 3.21934437752,
        "median": 3.17132425308,
        "min": -0.065423220396,
        "var": 1.44839394093
    },
    "spectral_spread": {
        "dmean": 449279.34375,
        "dmean2": 676882.6875,
        "dvar": 560625221632,
        "dvar2": 1.04249688064e+12,
        "max": 42734868,
        "mean": 3464355,
        "median": 2665421.5,
        "min": 707642,
        "var": 1.48928494305e+13
    },
    "spectral_strongpeak": {
        "dmean": 0.298159718513,
        "dmean2": 0.492739617825,
        "dvar": 0.420711189508,
        "dvar2": 0.991849720478,
        "max": 14.8205909729,
        "mean": 0.868157565594,
        "median": 0.567443132401,
        "min": 0,
        "var": 0.916171491146
    },
    "zerocrossingrate": {
        "dmean": 0.00443704100326,
        "dmean2": 0.00529992859811,
        "dvar": 9.42088008742e-05,
        "dvar2": 0.000101215024188,
        "max": 0.5234375,
        "mean": 0.0239903517067,
        "median": 0.01513671875,
        "min": 0.001953125,
        "var": 0.00254023587331
    },
    "barkbands": {
        "dmean": [0.000114944858069, 0.00784057751298, 0.00263089942746, 0.000821789144538, 0.00230259564705, 0.00106071517803, 0.000811499136034, 0.000477661757031, 0.000756310473662, 0.000283157714875, 0.000142448654515, 0.000344404688803, 0.000190725579159, 0.00011647138308, 5.02375296492e-05, 2.82336841337e-05, 2.95906447718e-05, 1.97177323571e-05, 1.58183011081e-05, 8.95008270163e-06, 1.77603997145e-05, 1.78362643055e-05, 2.46913332376e-05, 1.86793367902e-05, 1.71185656654e-05, 5.72993803871e-06, 4.23412103601e-07],
        "dmean2": [0.000191813727724, 0.0103822154924, 0.00409621698782, 0.00121040886734, 0.00355149363168, 0.00161370111164, 0.0012384558795, 0.000668741005939, 0.00102972809691, 0.000386943633202, 0.000221436785068, 0.000534648832399, 0.000295377307339, 0.000176870438736, 7.57663874538e-05, 4.31606094935e-05, 4.76378227177e-05, 3.02262506011e-05, 2.41481066041e-05, 1.35826376209e-05, 2.53071284533e-05, 2.5763793019e-05, 3.63675462722e-05, 2.76865448541e-05, 2.2783433451e-05, 8.05553736427e-06, 6.86715566189e-07],
        "dvar": [7.04590377154e-08, 0.000215422158362, 3.27358720824e-05, 3.835789812e-06, 1.77295969479e-05, 1.23275922306e-05, 1.33907124109e-05, 1.98042880584e-06, 4.83816438646e-06, 9.92951186163e-07, 3.14794249334e-07, 8.35166304114e-07, 5.93298636886e-07, 1.77232863052e-07, 8.83577442323e-08, 1.28102266572e-08, 6.50931966106e-08, 1.01986614709e-08, 5.71099700863e-09, 2.05942618514e-09, 1.63854192436e-08, 2.43568969438e-08, 7.04080349578e-08, 3.61524463699e-08, 2.23736051908e-08, 1.47914425153e-09, 5.46519730513e-12],
        "dvar2": [1.92892954942e-07, 0.000370630557882, 7.64967771829e-05, 7.73295323597e-06, 3.98293705075e-05, 2.71452900051e-05, 3.32371309923e-05, 3.68394626094e-06, 9.19005560718e-06, 1.68981500792e-06, 7.93914409769e-07, 2.14139322452e-06, 1.46617412611e-06, 4.32770519865e-07, 2.14477211102e-07, 3.07196437177e-08, 1.77332154294e-07, 2.59516959034e-08, 1.40677407501e-08, 4.41087744107e-09, 3.24702860155e-08, 5.40988196462e-08, 1.58641626058e-07, 7.20101027696e-08, 3.5479700955e-08, 2.26062724096e-09, 1.22315560458e-11],
        "max": [0.00600062776357, 0.192381948233, 0.110556833446, 0.051633477211, 0.0788726955652, 0.122583284974, 0.141871482134, 0.0519560649991, 0.0742995589972, 0.0325934365392, 0.0140511151403, 0.0201731715351, 0.0282890480012, 0.0178704969585, 0.0222431235015, 0.00432517100126, 0.0127308163792, 0.00612181331962, 0.00293202884495, 0.00235324958339, 0.00608135620132, 0.00630975142121, 0.0189409889281, 0.0122971283272, 0.0120978662744, 0.00253499019891, 0.00013128190767],
        "mean": [0.000276684731944, 0.0274009462446, 0.00518540665507, 0.00191304925829, 0.00568851083517, 0.0024937146809, 0.00170295161661, 0.00120382581372, 0.00200100964867, 0.000649114954285, 0.000247238960583, 0.000596322177444, 0.000345284526702, 0.000219182067667, 9.4087467005e-05, 5.0513081078e-05, 4.38074239355e-05, 3.19343525916e-05, 2.38614411501e-05, 1.35435602715e-05, 2.81715547317e-05, 2.60604701907e-05, 3.58606484951e-05, 2.95542922686e-05, 3.04764544126e-05, 9.72850557446e-06, 5.24572953964e-07],
        "median": [0.000116059309221, 0.0149569492787, 0.000963013037108, 0.000518113491125, 0.00327820517123, 0.00082551385276, 0.00027512840461, 0.000166537269251, 0.000350802321918, 0.000122047786135, 2.37135063799e-05, 0.000119835596706, 7.3497685662e-05, 3.29851754941e-05, 1.3693668734e-05, 9.6489329735e-06, 4.87287843498e-06, 5.75898638999e-06, 3.50256823367e-06, 2.02209548661e-06, 1.98686097974e-06, 1.81643372343e-06, 1.12993564017e-06, 6.18472313363e-07, 3.79028108455e-07, 3.08805113036e-07, 4.21362109648e-08],
        "min": [6.28407287352e-25, 2.97803314203e-24, 1.85410652555e-24, 7.74161123202e-25, 9.71197347107e-24, 5.18860638635e-24, 7.16097716387e-24, 8.61035524934e-24, 1.35991841892e-23, 1.17390304531e-23, 1.35718138712e-23, 2.04827639377e-23, 3.07716905534e-23, 3.35059297825e-23, 4.24129614188e-23, 7.95116824635e-23, 8.04712213142e-23, 1.03372358264e-22, 9.27210194819e-23, 1.50885816617e-22, 2.21632680132e-22, 3.11077844265e-22, 4.41875399972e-22, 6.17216838661e-22, 8.75723755268e-22, 1.25394512314e-21, 1.90802779217e-21],
        "var": [1.38912682246e-07, 0.00110036402475, 0.000109249769594, 1.78558002517e-05, 6.21022627456e-05, 4.70790473628e-05, 2.77937160718e-05, 8.61199350766e-06, 2.19162393478e-05, 3.51362359652e-06, 5.5543353028e-07, 1.76200489932e-06, 1.00039471818e-06, 3.31521164298e-07, 1.40966804452e-07, 2.14134168175e-08, 5.42075824228e-08, 1.34505491189e-08, 6.95539048579e-09, 3.90784515858e-09, 3.84099045903e-08, 4.36186731179e-08, 1.4164314166e-07, 8.56895567836e-08, 9.66635411714e-08, 6.4042495751e-09, 9.21545565552e-12]
    },
    "erbbands": {
        "dmean": [0.198489919305, 1.8603644371, 2.95923399925, 2.91592478752, 4.4239563942, 8.75226402283, 10.2054204941, 9.67666912079, 13.28236866, 9.08258914948, 9.87125015259, 14.8277854919, 10.1997890472, 9.4647064209, 9.58866786957, 9.83005905151, 9.00786590576, 5.91313552856, 3.6021668911, 1.7506005764, 1.7181712389, 1.62633383274, 1.1178753376, 0.95332711935, 0.568626224995, 0.410491973162, 0.661929726601, 0.727522850037, 0.72955852747, 0.410513103008, 0.765081346035, 0.563539922237, 0.263400018215, 0.213259056211, 0.114734746516, 0.0412242300808, 0.00706609105691, 0.000993755413219, 7.57949746912e-05, 1.43551478686e-05],
        "dmean2": [0.255213081837, 2.50002574921, 4.47892189026, 4.47193813324, 6.80109596252, 13.6039419174, 16.0912952423, 14.3820781708, 20.079832077, 13.0024585724, 13.6560897827, 20.3151264191, 13.8699378967, 12.6144609451, 14.962387085, 15.3088655472, 13.8166036606, 9.12395572662, 5.48202514648, 2.59193515778, 2.64290452003, 2.57201910019, 1.69747555256, 1.42981791496, 0.876851499081, 0.606626868248, 0.957169890404, 1.03618896008, 1.06786930561, 0.597536921501, 1.12730967999, 0.83150357008, 0.39286005497, 0.297514200211, 0.151073873043, 0.0554733015597, 0.0101899057627, 0.00159811985213, 0.00011994302622, 2.02233622986e-05],
        "dvar": [0.13540045917, 12.6629495621, 35.5775527954, 42.9561958313, 89.5291671753, 275.940582275, 701.486938477, 1492.42736816, 3198.03735352, 1163.11621094, 990.321472168, 2174.19482422, 895.891784668, 1399.29345703, 695.631958008, 699.634521484, 1458.03601074, 506.037078857, 176.587783813, 324.410766602, 60.5785140991, 177.459564209, 48.6435012817, 20.5340595245, 6.16400575638, 3.60709309578, 20.9192638397, 29.7988643646, 43.9071426392, 10.8893928528, 62.5255966187, 52.6575241089, 5.84094810486, 4.47250747681, 0.865518569946, 0.0976765453815, 0.00178534328006, 2.5274212021e-05, 1.84028337458e-07, 6.94758472974e-10],
        "dvar2": [0.213801935315, 22.7817344666, 82.2818908691, 92.3182296753, 206.149993896, 585.961853027, 1745.94250488, 3343.03222656, 7752.70166016, 2610.68554688, 1860.10290527, 4126.84228516, 1451.23095703, 2307.77880859, 1819.31689453, 1754.80627441, 3598.44287109, 1204.16906738, 413.690338135, 815.442749023, 154.054214478, 479.649261475, 124.632003784, 48.3566627502, 15.4856405258, 7.41018533707, 40.4390487671, 61.3540267944, 99.9268417358, 20.8622646332, 137.69039917, 117.498092651, 11.7897891998, 7.87377977371, 1.31232202053, 0.154433950782, 0.00252902787179, 5.7006640418e-05, 4.01841361963e-07, 1.3385133002e-09],
        "max": [5.96166229248, 49.7476272583, 106.143577576, 190.909759521, 270.390350342, 394.407836914, 728.205688477, 1484.12158203, 2004.54089355, 1283.51867676, 1374.1159668, 1673.25817871, 809.073242188, 1278.68981934, 542.756347656, 684.696838379, 1413.98876953, 684.793457031, 860.813659668, 1571.25891113, 366.323730469, 685.02331543, 376.169036865, 163.573776245, 92.2740936279, 79.4956970215, 210.003555298, 241.338684082, 272.958831787, 165.729400635, 480.15032959, 632.23046875, 110.732414246, 167.382614136, 51.5498542786, 18.4203529358, 3.03382492065, 0.197424650192, 0.0295941121876, 0.000995161943138],
        "mean": [0.753053665161, 6.22982358932, 6.81456851959, 7.34098672867, 9.75166702271, 19.3392810822, 23.5424251556, 23.646692276, 29.1052455902, 21.6908016205, 27.0593013763, 39.9348487854, 27.4885883331, 23.1280651093, 18.8308296204, 18.7114582062, 17.0951976776, 11.0163507462, 7.50610351562, 3.43514418602, 3.10178971291, 2.57197928429, 1.88842785358, 1.55684196949, 0.869079232216, 0.648876070976, 1.06782126427, 1.10161447525, 1.03308463097, 0.651120901108, 1.10500729084, 0.867647051811, 0.416074365377, 0.36750215292, 0.193223118782, 0.071482732892, 0.0116812512279, 0.00126855249982, 0.00012151656847, 6.01090832788e-05],
        "median": [0.525088250637, 2.86528658867, 2.22929430008, 1.77189064026, 4.81177806854, 9.57156562805, 13.4996643066, 6.17784261703, 6.02797937393, 4.25214099884, 5.1976556778, 7.39525699615, 6.59889793396, 4.01289081573, 4.26703357697, 4.53727149963, 3.61553645134, 2.61336159706, 1.14348363876, 0.635304570198, 0.62383043766, 0.42908424139, 0.354526907206, 0.27222058177, 0.163105294108, 0.104838117957, 0.0866921693087, 0.0720577389002, 0.0681893378496, 0.0483735203743, 0.0293981675059, 0.0167815349996, 0.00790436938405, 0.00457708723843, 0.00249330233783, 0.00151707767509, 0.000520004716236, 8.93615433597e-05, 3.12674455927e-05, 5.10494792252e-05],
        "min": [8.8677918016e-23, 6.06661097199e-22, 1.9826438859e-21, 7.42115183972e-21, 1.57747591808e-20, 3.22075373077e-20, 3.42348665162e-20, 6.18967426276e-20, 1.37493379807e-19, 2.4896637173e-19, 1.84140589016e-19, 3.36088885404e-19, 6.44675618102e-19, 6.38394939109e-19, 8.18664994942e-19, 1.12947056209e-18, 1.59899451119e-18, 2.14319477503e-18, 1.78795854545e-18, 3.42584129878e-18, 4.2628107667e-18, 4.91750685075e-18, 5.18160742236e-18, 6.26981769851e-18, 4.62674252568e-18, 7.56585958509e-18, 8.79682427776e-18, 9.79913970551e-18, 9.47744751093e-18, 1.12855228821e-17, 1.11490322907e-17, 1.13195514381e-17, 1.01610394953e-17, 8.22540129317e-18, 6.18876599259e-18, 3.66234753875e-18, 2.22358556363e-18, 9.64984870099e-19, 2.43626765779e-19, 2.60905980702e-20],
        "var": [0.66552734375, 66.3372650146, 103.163650513, 226.605285645, 335.713226318, 966.431274414, 1426.31188965, 5801.76220703, 8047.76025391, 2822.11474609, 4005.48657227, 9984.23339844, 4191.0234375, 5072.71484375, 1494.17102051, 1666.99975586, 2465.31640625, 830.258850098, 400.483917236, 428.072143555, 84.6051864624, 156.65246582, 56.7391166687, 29.4346351624, 7.26471185684, 7.43239212036, 49.4821548462, 66.3860626221, 74.4792709351, 24.7179069519, 123.760704041, 112.272438049, 14.4454174042, 16.7533416748, 3.45285058022, 0.390600055456, 0.00860245339572, 4.91935898026e-05, 3.61504419288e-07, 2.55325249832e-09]
    },
    "gfcc": {
        "mean": [-100.022163391, 157.765609741, -71.3554840088, 14.8231515884, -44.5086212158, 13.8355751038, -18.997674942, 0.195906743407, -14.8156671524, -0.268706738949, -6.48269462585, 1.27615129948, -4.91984939575],
        "cov": [[19059, 1443.2902832, -1931.89025879, 418.0753479, -446.353607178, 146.583786011, -759.235290527, 147.104492188, -52.4102058411, 86.6716766357, 190.665222168, 101.655250549, -100.239341736], [1443.2902832, 2027.3145752, -715.583068848, -780.24822998, 326.348876953, -45.9801063538, 338.819335938, -181.639450073, 229.654388428, -37.1777839661, 232.215988159, -1.63183641434, 126.374961853], [-1931.89025879, -715.583068848, 1574.00939941, 761.785888672, -174.554260254, 83.9568405151, 69.4031600952, 88.0657730103, -94.3575820923, -4.93243932724, -103.308265686, -32.2517166138, -13.6483221054], [418.0753479, -780.24822998, 761.785888672, 930.928405762, -81.7381973267, 10.5691385269, -97.2524719238, 137.056259155, -56.0779914856, -3.01192164421, -64.166519165, 4.79758548737, -21.0345039368], [-446.353607178, 326.348876953, -174.554260254, -81.7381973267, 381.081420898, 61.1178970337, 119.261413574, -12.3281965256, 147.5184021, 16.4918270111, 83.3854446411, 23.6118106842, 72.6555252075], [146.583786011, -45.9801063538, 83.9568405151, 10.5691385269, 61.1178970337, 224.371826172, 81.0286102295, -9.19445323944, 3.75625824928, 41.6066932678, 1.69980156422, 8.76436138153, 29.9330348969], [-759.235290527, 338.819335938, 69.4031600952, -97.2524719238, 119.261413574, 81.0286102295, 361.771789551, 24.3893795013, 90.3806762695, 28.0471820831, 77.4398574829, 6.10413551331, 55.3685569763], [147.104492188, -181.639450073, 88.0657730103, 137.056259155, -12.3281965256, -9.19445323944, 24.3893795013, 161.063858032, 34.817325592, 7.69352483749, 3.01174783707, -11.3184137344, -29.9457988739], [-52.4102058411, 229.654388428, -94.3575820923, -56.0779914856, 147.5184021, 3.75625824928, 90.3806762695, 34.817325592, 176.358337402, 43.0154342651, 65.7388000488, 7.93613529205, 29.0944805145], [86.6716766357, -37.1777839661, -4.93243932724, -3.01192164421, 16.4918270111, 41.6066932678, 28.0471820831, 7.69352483749, 43.0154342651, 98.9553451538, 42.764503479, 13.9346580505, 3.31230163574], [190.665222168, 232.215988159, -103.308265686, -64.166519165, 83.3854446411, 1.69980156422, 77.4398574829, 3.01174783707, 65.7388000488, 42.764503479, 131.379089355, 26.3879718781, 19.0624370575], [101.655250549, -1.63183641434, -32.2517166138, 4.79758548737, 23.6118106842, 8.76436138153, 6.10413551331, -11.3184137344, 7.93613529205, 13.9346580505, 26.3879718781, 74.1295928955, 37.1962089539], [-100.239341736, 126.374961853, -13.6483221054, -21.0345039368, 72.6555252075, 29.9330348969, 55.3685569763, -29.9457988739, 29.0944805145, 3.31230163574, 19.0624370575, 37.1962089539, 99.0383224487]],
        "icov": [[0.00024822037085, -0.000715330708772, 0.000546531402506, -0.000866212532856, 0.000741612398997, -0.000921581347939, 0.000798083492555, -0.000727791513782, 0.000216953034396, -0.000473401654745, 0.000101523153717, -0.00044969416922, 0.000225046576816], [-0.000715330708772, 0.0035056353081, -0.00143966916949, 0.00311165186577, -0.00207679043524, 0.00294151110575, -0.00301550398581, 0.00340148154646, -0.00183249497786, 0.00310428440571, -0.00216064439155, 0.00241792039014, -0.00144365185406], [0.000546531402506, -0.00143966916949, 0.00253726262599, -0.00298943021335, 0.0021584474016, -0.00227411696687, 0.000874512363225, -0.00108834903222, 0.000433166656876, -0.000945432810113, 0.000575038371608, -0.000377740128897, 0.000326379406033], [-0.000866212532856, 0.00311165186577, -0.00298943021335, 0.0056483456865, -0.00306278979406, 0.00342981750146, -0.00201488588937, 0.00130168767646, -0.000768013414927, 0.00218498311006, -0.00116239942145, 0.00134108716156, -0.00145667290781], [0.000741612398997, -0.00207679043524, 0.0021584474016, -0.00306278979406, 0.00740546826273, -0.00430935015902, 0.00209208554588, -0.00114056526218, -0.00334557937458, 0.000848648836836, -0.00131996755954, -0.000931326008867, -0.00103887740988], [-0.000921581347939, 0.00294151110575, -0.00227411696687, 0.00342981750146, -0.00430935015902, 0.00965897832066, -0.00438359146938, 0.00299127120525, 0.00103609042708, -0.00152419495862, 0.00101274682675, 0.00190210842993, -0.00183659524191], [0.000798083492555, -0.00301550398581, 0.000874512363225, -0.00201488588937, 0.00209208554588, -0.00438359146938, 0.00756197050214, -0.00432027550414, 0.000289288844215, -0.00167386047542, -0.00102903007064, -0.00100415071938, -0.000849426432978], [-0.000727791513782, 0.00340148154646, -0.00108834903222, 0.00130168767646, -0.00114056526218, 0.00299127120525, -0.00432027550414, 0.0123436953872, -0.00478412723169, 0.00353547860868, -0.00171558104921, 0.0022735085804, 0.00189329695422], [0.000216953034396, -0.00183249497786, 0.000433166656876, -0.000768013414927, -0.00334557937458, 0.00103609042708, 0.000289288844215, -0.00478412723169, 0.0131766870618, -0.00641237804666, 0.000529836746864, 0.000101253521279, -0.000809080316685], [-0.000473401654745, 0.00310428440571, -0.000945432810113, 0.00218498311006, 0.000848648836836, -0.00152419495862, -0.00167386047542, 0.00353547860868, -0.00641237804666, 0.0181044172496, -0.00687984470278, 0.000387642183341, 0.000193270796444], [0.000101523153717, -0.00216064439155, 0.000575038371608, -0.00116239942145, -0.00131996755954, 0.00101274682675, -0.00102903007064, -0.00171558104921, 0.000529836746864, -0.00687984470278, 0.0152945583686, -0.00519688054919, 0.00249338918366], [-0.00044969416922, 0.00241792039014, -0.000377740128897, 0.00134108716156, -0.000931326008867, 0.00190210842993, -0.00100415071938, 0.0022735085804, 0.000101253521279, 0.000387642183341, -0.00519688054919, 0.0205468032509, -0.00870981439948], [0.000225046576816, -0.00144365185406, 0.000326379406033, -0.00145667290781, -0.00103887740988, -0.00183659524191, -0.000849426432978, 0.00189329695422, -0.000809080316685, 0.000193270796444, 0.00249338918366, -0.00870981439948, 0.0172896571457]]
    },
    "melbands": {
        "dmean": [0.00207337667234, 0.00178433558904, 0.000501640024595, 0.000468253216241, 0.000371826114133, 0.000212081853533, 0.000189438156667, 0.000102794780105, 8.67062262842e-05, 9.70988330664e-05, 5.16239269928e-05, 4.12626795878e-05, 2.64454738499e-05, 4.53037755506e-05, 2.07430075534e-05, 1.59403989528e-05, 1.07198247861e-05, 6.61075682729e-06, 2.82305200017e-06, 1.92410630007e-06, 2.07438665711e-06, 1.72501529505e-06, 1.46768059039e-06, 9.14486463444e-07, 8.06676723641e-07, 5.69391090721e-07, 2.62089372427e-07, 2.96570703995e-07, 4.17916311335e-07, 4.71284636205e-07, 4.30535720852e-07, 4.64208852691e-07, 2.85098622044e-07, 2.14178115243e-07, 3.81449751785e-07, 5.97690359427e-07, 2.61117037326e-07, 1.54303705813e-07, 2.40215740632e-07, 1.7123450391e-07],
        "dmean2": [0.00269149779342, 0.00255970051512, 0.000773285282776, 0.000717374612577, 0.000582799606491, 0.000317158497637, 0.000285585672827, 0.000144850753713, 0.000120613069157, 0.000131767097628, 6.97836803738e-05, 5.46680748812e-05, 4.11796172557e-05, 7.06275459379e-05, 3.2111092878e-05, 2.44072780333e-05, 1.65283454407e-05, 1.00287234091e-05, 4.24960580858e-06, 2.88644218926e-06, 3.21309971696e-06, 2.75343813883e-06, 2.31181161325e-06, 1.38727091326e-06, 1.22174731132e-06, 8.7427889639e-07, 4.06768123185e-07, 4.47617395594e-07, 6.20710295607e-07, 6.82206575675e-07, 6.18056503754e-07, 6.82966856402e-07, 4.32488945989e-07, 3.19620198752e-07, 5.55622250431e-07, 9.18233467928e-07, 3.76380228317e-07, 2.32560765312e-07, 3.63041095852e-07, 2.36012283494e-07],
        "dvar": [1.47489836309e-05, 1.0364240552e-05, 1.00209229004e-06, 7.65478716858e-07, 8.0961143567e-07, 6.24272274763e-07, 6.63646403609e-07, 1.21451492419e-07, 9.71549027895e-08, 7.57106661808e-08, 2.29154419884e-08, 2.66456421372e-08, 7.27946458667e-09, 1.53850443496e-08, 5.86527404423e-09, 3.27429217073e-09, 1.70746172756e-09, 6.20358542314e-10, 3.64147850762e-10, 2.48147141724e-10, 1.02068770103e-10, 2.09462905354e-10, 1.26910662535e-10, 2.90410525489e-11, 1.55731625512e-11, 6.87551101122e-12, 1.23187311046e-12, 2.16275738638e-12, 9.13525331769e-12, 1.04025885128e-11, 1.16654602644e-11, 1.8682860814e-11, 5.16933718053e-12, 3.08962968057e-12, 1.32022587307e-11, 8.51536133273e-11, 7.72491185602e-12, 1.87822804185e-12, 6.37206650292e-12, 3.13596284357e-12],
        "dvar2": [2.38753891608e-05, 2.17878132389e-05, 2.1902167191e-06, 1.61797890996e-06, 1.97969279725e-06, 1.38983011766e-06, 1.62690059824e-06, 2.61496950316e-07, 1.91024682294e-07, 1.42178450346e-07, 3.68684638374e-08, 4.3306755515e-08, 1.86038260352e-08, 4.00675190804e-08, 1.45329650536e-08, 8.03234811997e-09, 4.06632594263e-09, 1.52798906861e-09, 9.16050291178e-10, 6.07870531688e-10, 2.61458354966e-10, 5.81106607278e-10, 3.22647381035e-10, 7.33900024086e-11, 3.62778036778e-11, 1.71905493312e-11, 2.98390739201e-12, 4.4769721784e-12, 1.92790228226e-11, 2.2143229958e-11, 2.45846086544e-11, 4.36367365853e-11, 1.15322959515e-11, 6.01477331483e-12, 2.79030375194e-11, 2.17232468125e-10, 1.39785908543e-11, 3.80348096768e-12, 1.37331708505e-11, 5.50800854579e-12],
        "max": [0.0567124858499, 0.0455280356109, 0.0263176131994, 0.0197740327567, 0.0214876532555, 0.0286674182862, 0.0282509792596, 0.0144615350291, 0.0139531437308, 0.00898163858801, 0.00404026266187, 0.00557069340721, 0.00213825516403, 0.00289761996828, 0.00251243985258, 0.00190022564493, 0.00139949272852, 0.00130230200011, 0.00153360504191, 0.00133930274751, 0.000502746552229, 0.00080480822362, 0.000616880657617, 0.000374168041162, 0.000148056060425, 0.000100373952591, 3.97775293095e-05, 6.54932227917e-05, 0.000171045190655, 0.000148316044942, 0.000147175291204, 0.000178537738975, 8.89853254193e-05, 9.73051137407e-05, 0.00021040973661, 0.000833732949104, 0.000191016195458, 6.85594495735e-05, 0.000149742671056, 0.000155648638611],
        "mean": [0.0075157135725, 0.00538023887202, 0.00128907815088, 0.00105312291998, 0.000883416912984, 0.000513660314027, 0.000417556293542, 0.000252157828072, 0.000234591701883, 0.000257304462139, 0.000134409114253, 9.69229004113e-05, 5.08239209012e-05, 7.72085913923e-05, 3.80033270631e-05, 2.96353737212e-05, 1.92639981833e-05, 1.33348148665e-05, 5.32035392098e-06, 3.58423812941e-06, 3.47151262758e-06, 2.5492131499e-06, 2.24839800467e-06, 1.46142315316e-06, 1.26917871057e-06, 8.1363202753e-07, 3.82944136845e-07, 4.39300976041e-07, 6.27441920642e-07, 7.05353386365e-07, 6.15484452737e-07, 6.26342171017e-07, 4.20112854727e-07, 3.24598175894e-07, 5.40424082374e-07, 8.43787631766e-07, 3.97325521817e-07, 2.34320481241e-07, 3.67839135151e-07, 2.87034168878e-07],
        "median": [0.00445761159062, 0.00282985670492, 0.000407215149608, 0.00053001602646, 0.00049523205962, 0.000132409244543, 8.72942400747e-05, 4.32270462625e-05, 4.02825789934e-05, 4.58976755908e-05, 2.8837708669e-05, 1.48827502926e-05, 9.63262937148e-06, 1.52889369929e-05, 6.66634150548e-06, 7.03770319888e-06, 3.79432731279e-06, 1.30382341013e-06, 8.40729740048e-07, 5.54992482193e-07, 6.08502205068e-07, 2.41141748347e-07, 2.99401818893e-07, 2.57689691807e-07, 1.85348781656e-07, 1.20433341522e-07, 7.00377569274e-08, 5.83228469964e-08, 4.74869565892e-08, 4.78739252685e-08, 3.57944429652e-08, 3.93806551813e-08, 2.89443402579e-08, 2.44349376288e-08, 1.72837744117e-08, 1.19213918737e-08, 8.98459084908e-09, 5.39508437924e-09, 4.22382973042e-09, 3.54137363878e-09],
        "min": [1.02010246338e-24, 9.24123729196e-25, 1.86826993146e-24, 2.23466860623e-24, 1.13247747427e-24, 1.27660926418e-24, 1.51638531126e-24, 2.48475684028e-24, 1.31112252043e-24, 2.04584232401e-24, 3.10450332236e-24, 2.38515407909e-24, 2.0497836703e-24, 2.44979314445e-24, 3.6689897036e-24, 2.84519448762e-24, 3.24704437426e-24, 2.14533484188e-24, 3.68204140728e-24, 3.86737362734e-24, 3.5234748433e-24, 4.24637593279e-24, 3.57478196215e-24, 4.84194027826e-24, 4.40822139712e-24, 3.20000775393e-24, 4.21489328293e-24, 3.71376781516e-24, 5.38111171862e-24, 4.95597722185e-24, 4.3924516732e-24, 4.03743113369e-24, 5.68632121399e-24, 5.93508376728e-24, 6.08142772039e-24, 5.00685283378e-24, 6.03327880618e-24, 5.81726068577e-24, 6.61279219881e-24, 6.31510054786e-24],
        "var": [7.51807456254e-05, 4.11724504374e-05, 5.24135839441e-06, 3.03986621475e-06, 1.86250929346e-06, 2.46850072472e-06, 1.54895064952e-06, 3.61312004316e-07, 3.69658920363e-07, 3.52006225057e-07, 1.07243998571e-07, 9.66877564679e-08, 1.45318912459e-08, 3.0534039297e-08, 1.09585007735e-08, 5.58216628477e-09, 2.82001866303e-09, 1.40508527036e-09, 4.99478458593e-10, 3.5956576605e-10, 1.30663230236e-10, 1.74121758678e-10, 1.30217128747e-10, 3.51469825466e-11, 2.22268106698e-11, 7.83012283484e-12, 1.69562985614e-12, 4.26109234702e-12, 1.83130680759e-11, 2.29084667902e-11, 2.38686501119e-11, 3.00716430923e-11, 9.43519568031e-12, 6.75786293244e-12, 2.41635288167e-11, 1.47871784262e-10, 1.86287582582e-11, 4.55186582871e-12, 1.39721853878e-11, 1.23364382945e-11]
    },
    "mfcc": {
        "mean": [-753.546569824, 192.671386719, 31.8261547089, 20.3089809418, 2.14348077774, 15.3016777039, 6.38483810425, 8.59053611755, -0.900265097618, 2.48602056503, 4.03397941589, 1.80762124062, -2.19141554832],
        "cov": [[8978.46582031, 1139.24328613, -1045.78894043, -236.054046631, 238.474060059, -188.774093628, -267.84362793, -103.11340332, -269.841461182, -50.1878547668, 72.9462509155, 199.456161499, -18.2127456665], [1139.24328613, 2691.09570312, -854.335021973, -535.650268555, -182.347808838, 160.500167847, 84.1566238403, 47.6489677429, -25.424533844, 52.9786148071, 177.072097778, 37.4435081482, 110.883399963], [-1045.78894043, -854.335021973, 1476.63220215, 604.719055176, 49.2085380554, 42.8334350586, 106.050048828, 57.2171440125, 74.5758972168, -7.30580806732, -87.3338851929, 16.6466732025, -67.910774231], [-236.054046631, -535.650268555, 604.719055176, 636.8125, 152.109634399, -25.7787361145, 15.1530342102, 75.2097854614, 54.0539245605, 4.23180770874, -10.7112121582, 23.082950592, -13.8755397797], [238.474060059, -182.347808838, 49.2085380554, 152.109634399, 288.976654053, 32.2014160156, -42.6050376892, 13.1058607101, 23.2361793518, 9.51125240326, -14.2226009369, 20.0571537018, 6.75983572006], [-188.774093628, 160.500167847, 42.8334350586, -25.7787361145, 32.2014160156, 250.913528442, 94.930229187, 17.4231204987, 51.5167312622, 31.771282196, -2.85623311996, 3.1079647541, 51.9194869995], [-267.84362793, 84.1566238403, 106.050048828, 15.1530342102, -42.6050376892, 94.930229187, 175.874557495, 62.1631774902, 36.2488098145, 40.6754379272, 16.4373893738, 20.9007606506, 27.6626701355], [-103.11340332, 47.6489677429, 57.2171440125, 75.2097854614, 13.1058607101, 17.4231204987, 62.1631774902, 122.197425842, 58.3549957275, 28.7970046997, 28.8163394928, 18.1722984314, 9.72174549103], [-269.841461182, -25.424533844, 74.5758972168, 54.0539245605, 23.2361793518, 51.5167312622, 36.2488098145, 58.3549957275, 124.37752533, 53.4584922791, 14.4849805832, 5.03992938995, 12.5045881271], [-50.1878547668, 52.9786148071, -7.30580806732, 4.23180770874, 9.51125240326, 31.771282196, 40.6754379272, 28.7970046997, 53.4584922791, 105.693641663, 52.2556495667, 13.9550209045, 12.7311944962], [72.9462509155, 177.072097778, -87.3338851929, -10.7112121582, -14.2226009369, -2.85623311996, 16.4373893738, 28.8163394928, 14.4849805832, 52.2556495667, 150.462127686, 60.3302078247, 14.3197202682], [199.456161499, 37.4435081482, 16.6466732025, 23.082950592, 20.0571537018, 3.1079647541, 20.9007606506, 18.1722984314, 5.03992938995, 13.9550209045, 60.3302078247, 116.812965393, 30.439119339], [-18.2127456665, 110.883399963, -67.910774231, -13.8755397797, 6.75983572006, 51.9194869995, 27.6626701355, 9.72174549103, 12.5045881271, 12.7311944962, 14.3197202682, 30.439119339, 94.5920715332]],
