{
"lowlevel": {
    "average_loudness": 0.936192035675,
    "barkbands_crest": {
        "dmean": 2.68573188782,
        "dmean2": 4.43154478073,
        "dvar": 6.68104457855,
        "dvar2": 18.6157817841,
        "max": 25.6540622711,
        "mean": 13.5998544693,
        "median": 13.0434560776,
        "min": 3.11164808273,
        "var": 21.7961368561
    },
    "barkbands_flatness_db": {
        "dmean": 0.0271146930754,
        "dmean2": 0.0400319136679,
        "dvar": 0.000753629603423,
        "dvar2": 0.00159802706912,
        "max": 0.645389437675,
        "mean": 0.238943755627,
        "median": 0.233123287559,
        "min": 0.0205822214484,
        "var": 0.00606484944001
    },
    "barkbands_kurtosis": {
        "dmean": 6.3278169632,
        "dmean2": 10.0279035568,
        "dvar": 157.053939819,
        "dvar2": 367.138549805,
        "max": 1053.80981445,
        "mean": 14.4299373627,
        "median": 7.89011764526,
        "min": -1.81443071365,
        "var": 1079.79040527
    },
    "barkbands_skewness": {
        "dmean": 0.688481926918,
        "dmean2": 1.08425080776,
        "dvar": 0.579496622086,
        "dvar2": 1.40823090076,
        "max": 23.2333984375,
        "mean": 2.52881240845,
        "median": 2.25620651245,
        "min": -1.97889447212,
        "var": 2.64796853065
    },
    "barkbands_spread": {
        "dmean": 2.63482689857,
        "dmean2": 4.15210580826,
        "dvar": 21.1824150085,
        "dvar2": 44.1057472229,
        "max": 94.0298614502,
        "mean": 8.49848079681,
        "median": 6.04788255692,
        "min": 0.162621125579,
        "var": 93.5126495361
    },
    "dissonance": {
        "dmean": 0.0284504350275,
        "dmean2": 0.0462185926735,
        "dvar": 0.000657900585793,
        "dvar2": 0.00169893424027,
        "max": 0.499696075916,
        "mean": 0.420917451382,
        "median": 0.427463918924,
        "min": 0.200000345707,
        "var": 0.00214320933446
    },
    "dynamic_complexity": 3.03539872169,
    "erbbands_crest": {
        "dmean": 2.50245738029,
        "dmean2": 3.95528125763,
        "dvar": 6.18918132782,
        "dvar2": 15.1080255508,
        "max": 30.4142055511,
        "mean": 11.0043983459,
        "median": 9.91217899323,
        "min": 2.32904529572,
        "var": 23.4583816528
    },
    "erbbands_flatness_db": {
        "dmean": 0.0224601197988,
        "dmean2": 0.0284576173872,
        "dvar": 0.000474341650261,
        "dvar2": 0.000802360882517,
        "max": 0.388593226671,
        "mean": 0.197373017669,
        "median": 0.199208751321,
        "min": 0.026293201372,
        "var": 0.00324641168118
    },
    "erbbands_kurtosis": {
        "dmean": 1.1915743351,
        "dmean2": 1.85155248642,
        "dvar": 3.31816077232,
        "dvar2": 7.28529500961,
        "max": 69.0575180054,
        "mean": 1.60894405842,
        "median": 0.473875761032,
        "min": -1.80138194561,
        "var": 15.2202444077
    },
    "erbbands_skewness": {
        "dmean": 0.362446427345,
        "dmean2": 0.54939776659,
        "dvar": 0.121831953526,
        "dvar2": 0.259895563126,
        "max": 6.61086750031,
        "mean": 0.809882819653,
        "median": 0.735857725143,
        "min": -2.74224019051,
        "var": 0.775424361229
    },
    "erbbands_spread": {
        "dmean": 5.80329322815,
        "dmean2": 8.62290287018,
        "dvar": 58.5665054321,
        "dvar2": 114.960594177,
        "max": 170.313720703,
        "mean": 27.6330833435,
        "median": 24.3316459656,
        "min": 2.11903429031,
        "var": 246.052444458
    },
    "hfc": {
        "dmean": 2.85863518715,
        "dmean2": 4.44689941406,
        "dvar": 17.8565425873,
        "dvar2": 39.6549415588,
        "max": 98.7740249634,
        "mean": 10.2980489731,
        "median": 7.81774997711,
        "min": 1.16730761897e-16,
        "var": 83.7115249634
    },
    "melbands_crest": {
        "dmean": 3.43318247795,
        "dmean2": 5.71904277802,
        "dvar": 10.514298439,
        "dvar2": 29.8292751312,
        "max": 37.4512710571,
        "mean": 17.40001297,
        "median": 16.8584957123,
        "min": 2.42258763313,
        "var": 32.4484558105
    },
    "melbands_flatness_db": {
        "dmean": 0.0311909504235,
        "dmean2": 0.046436984092,
        "dvar": 0.00106316956226,
        "dvar2": 0.00222657620907,
        "max": 0.814636170864,
        "mean": 0.349386900663,
        "median": 0.343329519033,
        "min": 0.00493341498077,
        "var": 0.00895424373448
    },
    "melbands_kurtosis": {
        "dmean": 10.4174594879,
        "dmean2": 16.5079250336,
        "dvar": 601.955505371,
        "dvar2": 1513.02587891,
        "max": 1616.64746094,
        "mean": 24.3682746887,
        "median": 14.4871025085,
        "min": -1.76903092861,
        "var": 1654.6895752
    },
    "melbands_skewness": {
        "dmean": 0.790735781193,
        "dmean2": 1.23632586002,
        "dvar": 0.832770287991,
        "dvar2": 1.8943926096,
        "max": 32.7542076111,
        "mean": 3.25519442558,
        "median": 2.89872789383,
        "min": -0.56117784977,
        "var": 3.67872667313
    },
    "melbands_spread": {
        "dmean": 2.67367863655,
        "dmean2": 4.2475605011,
        "dvar": 25.1514205933,
        "dvar2": 57.1360397339,
        "max": 138.127944946,
        "mean": 8.02168178558,
        "median": 5.76022386551,
        "min": 0.149176046252,
        "var": 72.2476348877
    },
    "pitch_salience": {
        "dmean": 0.0676170885563,
        "dmean2": 0.110971882939,
        "dvar": 0.00421593803912,
        "dvar2": 0.0112741403282,
        "max": 0.969736218452,
        "mean": 0.479760229588,
        "median": 0.478759527206,
        "min": 0.0801273658872,
        "var": 0.0161430686712
    },
    "silence_rate_20dB": {
        "dmean": 0,
        "dmean2": 0,
        "dvar": 0,
        "dvar2": 0,
        "max": 1,
        "mean": 1,
        "median": 1,
        "min": 1,
        "var": 0
    },
    "silence_rate_30dB": {
        "dmean": 0.00938967149705,
        "dmean2": 0.0187808629125,
        "dvar": 0.00930229853839,
        "dvar2": 0.0255539324135,
        "max": 1,
        "mean": 0.993767678738,
        "median": 1,
        "min": 0,
        "var": 0.00619311165065
    },
    "silence_rate_60dB": {
        "dmean": 0.0114942528307,
        "dmean2": 0.022990366444,
        "dvar": 0.011363289319,
        "dvar2": 0.0263443253934,
        "max": 1,
        "mean": 0.0370700135827,
        "median": 0,
        "min": 0,
        "var": 0.0356950983405
    },
    "spectral_centroid": {
        "dmean": 121.308120728,
        "dmean2": 183.607376099,
        "dvar": 53445.0820312,
        "dvar2": 102753.726562,
        "max": 11937.1523438,
        "mean": 588.345947266,
        "median": 464.272491455,
        "min": 98.4967498779,
        "var": 211167.421875
    },
    "spectral_complexity": {
        "dmean": 1.77853322029,
        "dmean2": 2.87266254425,
        "dvar": 3.90684628487,
        "dvar2": 9.11115932465,
        "max": 42,
        "mean": 10.8801298141,
        "median": 11,
        "min": 0,
        "var": 19.7738609314
    },
    "spectral_decrease": {
        "dmean": 3.64843355527e-09,
        "dmean2": 5.99584870642e-09,
        "dvar": 2.12913113298e-17,
        "dvar2": 5.72109412156e-17,
        "max": 1.5665422385e-29,
        "mean": -1.03062962609e-08,
        "median": -9.7198169513e-09,
        "min": -4.96080616585e-08,
        "var": 4.16494967541e-17
    },
    "spectral_energy": {
        "dmean": 0.0139718512073,
        "dmean2": 0.0229452271014,
        "dvar": 0.000310846284265,
        "dvar2": 0.000834121077787,
        "max": 0.191602855921,
        "mean": 0.039832316339,
        "median": 0.0375123992562,
        "min": 1.07595631269e-20,
        "var": 0.000618314661551
    },
    "spectral_energyband_high": {
        "dmean": 6.77018033457e-05,
        "dmean2": 9.64243736234e-05,
        "dvar": 9.46526412804e-08,
        "dvar2": 1.67410547647e-07,
        "max": 0.0110945655033,
        "mean": 0.000124831451103,
        "median": 2.87370548904e-05,
        "min": 7.30386263718e-21,
        "var": 2.94783205845e-07
    },
    "spectral_energyband_low": {
        "dmean": 0.0113595034927,
        "dmean2": 0.019084950909,
        "dvar": 0.000242766778683,
        "dvar2": 0.000681737612467,
        "max": 0.141011670232,
        "mean": 0.0241876989603,
        "median": 0.0220004171133,
        "min": 5.70491584881e-23,
        "var": 0.000365868821973
    },
    "spectral_energyband_middle_high": {
        "dmean": 0.000710176711436,
        "dmean2": 0.0010910956189,
        "dvar": 2.20188530875e-06,
        "dvar2": 5.10898780703e-06,
        "max": 0.0728370025754,
        "mean": 0.00197807280347,
        "median": 0.00113704090472,
        "min": 1.59524295388e-21,
        "var": 7.7881541074e-06
    },
    "spectral_energyband_middle_low": {
        "dmean": 0.00499187363312,
        "dmean2": 0.00775244133547,
        "dvar": 6.74107504892e-05,
        "dvar2": 0.000148413557326,
        "max": 0.17348498106,
        "mean": 0.0153585867956,
        "median": 0.0100580742583,
        "min": 2.60925677738e-22,
        "var": 0.000261590350419
    },
    "spectral_entropy": {
        "dmean": 0.22497305274,
        "dmean2": 0.303036630154,
        "dvar": 0.0602507963777,
        "dvar2": 0.103972710669,
        "max": 9.80584526062,
        "mean": 6.64302206039,
        "median": 6.6138958931,
        "min": 4.45562410355,
        "var": 0.390733629465
    },
    "spectral_flux": {
        "dmean": 0.03031822294,
        "dmean2": 0.0481088459492,
        "dvar": 0.00129449961241,
        "dvar2": 0.00299264187925,
        "max": 0.36356061697,
        "mean": 0.0787108317018,
        "median": 0.0669706836343,
        "min": 6.87774698305e-11,
        "var": 0.00267101824284
    },
    "spectral_kurtosis": {
        "dmean": 5.87494325638,
        "dmean2": 9.43128967285,
        "dvar": 55.8804855347,
        "dvar2": 135.551101685,
        "max": 152.063293457,
        "mean": 14.8665847778,
        "median": 10.5230998993,
        "min": -1.18253922462,
        "var": 187.423187256
    },
    "spectral_rms": {
        "dmean": 0.00106389343273,
        "dmean2": 0.0017081075348,
        "dvar": 1.49992558818e-06,
        "dvar2": 3.83209953725e-06,
        "max": 0.0136722205207,
        "mean": 0.00585979502648,
        "median": 0.00604958366603,
        "min": 3.23992807409e-12,
        "var": 4.52347194368e-06
    },
    "spectral_rolloff": {
        "dmean": 157.466827393,
        "dmean2": 273.178070068,
        "dvar": 212557,
        "dvar2": 509902.09375,
        "max": 19035.3515625,
        "mean": 482.15802002,
        "median": 301.46484375,
        "min": 43.06640625,
        "var": 582859.4375
    },
    "spectral_skewness": {
        "dmean": 0.4901252985,
        "dmean2": 0.761547625065,
        "dvar": 0.255309015512,
        "dvar2": 0.606519401073,
        "max": 10.3242473602,
        "mean": 2.75709486008,
        "median": 2.53999900818,
        "min": -0.0858910828829,
        "var": 1.30524432659
    },
    "spectral_spread": {
        "dmean": 570320.3125,
        "dmean2": 759662.125,
        "dvar": 461180731392,
        "dvar2": 802123218944,
        "max": 39689060,
        "mean": 3194472.5,
        "median": 2891458.5,
        "min": 674576.6875,
        "var": 2.39280953754e+12
    },
    "spectral_strongpeak": {
        "dmean": 0.317553371191,
        "dmean2": 0.535239160061,
        "dvar": 0.249368280172,
        "dvar2": 0.598968982697,
        "max": 6.52464008331,
        "mean": 0.708797693253,
        "median": 0.40686249733,
        "min": 0,
        "var": 0.671988129616
    },
    "zerocrossingrate": {
        "dmean": 0.00472309533507,
        "dmean2": 0.00575937097892,
        "dvar": 5.40174805792e-05,
        "dvar2": 6.26005858066e-05,
        "max": 0.49609375,
        "mean": 0.0224272664636,
        "median": 0.017578125,
        "min": 0.001953125,
        "var": 0.00062349869404
    },
    "barkbands": {
        "dmean": [0.000766546581872, 0.00839298032224, 0.00322093162686, 0.00161802850198, 0.00211228244007, 0.00152756751049, 0.00102086598054, 0.000567846291233, 0.000270156364422, 0.000242782218265, 0.000212658269447, 0.000206219337997, 0.000179397771717, 9.34933414101e-05, 6.43447929178e-05, 2.35536281252e-05, 4.61937306682e-05, 3.77565993404e-05, 3.48309185938e-05, 2.14019873965e-05, 2.20378660742e-05, 1.37295710374e-05, 1.29758118419e-05, 1.02392214103e-05, 6.32686624158e-06, 3.87199088436e-06, 1.46806416979e-06],
        "dmean2": [0.00124426442198, 0.0139895221218, 0.00540937483311, 0.00275008031167, 0.00334486877546, 0.00226558977738, 0.00151819665916, 0.00083442038158, 0.000390756729757, 0.000360864476534, 0.000331203686073, 0.000327488349285, 0.000285714748316, 0.000151562155224, 0.000102428013633, 3.8377042074e-05, 7.29575840523e-05, 5.96154568484e-05, 5.58210122108e-05, 3.39856924256e-05, 3.25868859363e-05, 2.02927494684e-05, 1.93683445104e-05, 1.51586164066e-05, 9.47569787968e-06, 5.92353444517e-06, 2.21363734454e-06],
        "dvar": [3.20827302858e-06, 0.00013570462761, 3.5265868064e-05, 8.78142873262e-06, 1.5130994143e-05, 1.91374710994e-05, 8.02181693871e-06, 4.26591986979e-06, 1.29576687868e-06, 5.10807694809e-07, 9.89179739008e-07, 2.44232182922e-07, 2.34432832258e-07, 5.85450337098e-08, 2.47460167913e-08, 9.13137832015e-09, 2.61359165421e-08, 3.66801451435e-08, 3.09908863017e-08, 5.89889737057e-09, 1.69914677883e-08, 5.62513324809e-09, 5.02064345653e-09, 2.00150207519e-09, 8.25687518358e-10, 2.32308297599e-10, 1.55464825041e-11],
        "dvar2": [7.92604532762e-06, 0.000400578574045, 9.64392893366e-05, 2.39223354583e-05, 3.52702045348e-05, 4.14397509303e-05, 1.76603916771e-05, 8.19447905087e-06, 2.43366253017e-06, 1.04558762359e-06, 2.48846117756e-06, 5.68611483232e-07, 4.96369125358e-07, 1.46970265291e-07, 5.5565340773e-08, 2.17203091069e-08, 6.35536778759e-08, 8.11634848219e-08, 8.81084574189e-08, 1.4258209724e-08, 3.43060477803e-08, 1.12379234807e-08, 1.05793978022e-08, 3.97151200815e-09, 1.60344704181e-09, 4.8398846042e-10, 3.31626080763e-11],
        "max": [0.0504753664136, 0.11998899281, 0.0815183445811, 0.0508308038116, 0.0742851793766, 0.139381051064, 0.053315538913, 0.066622748971, 0.0420765466988, 0.0347908474505, 0.0694370791316, 0.0157826691866, 0.0259810909629, 0.00902746804059, 0.00387226860039, 0.00509267067537, 0.0084843756631, 0.0142826745287, 0.011971979402, 0.00285196653567, 0.00675087468699, 0.00331104965881, 0.00294483057223, 0.0013517831685, 0.00105829513632, 0.000688107858878, 0.00013717613183],
        "mean": [0.00103367539123, 0.016350723803, 0.00511988578364, 0.00265033426695, 0.00458483910188, 0.00360629567876, 0.00237958831713, 0.0012876909459, 0.000592829077505, 0.000521923706401, 0.000384771818062, 0.000336020049872, 0.000294581404887, 0.000157320246217, 0.000144008954521, 3.88416265196e-05, 8.46662951517e-05, 6.35752512608e-05, 5.7958484831e-05, 3.40051265084e-05, 3.31449482474e-05, 2.16067874135e-05, 2.20652964344e-05, 1.57673912327e-05, 9.3811431725e-06, 5.26774738319e-06, 1.63956406141e-06],
        "median": [0.000411214627093, 0.0143440980464, 0.00259218132123, 0.00136459688656, 0.00195854948834, 0.00103822979145, 0.000491487677209, 0.000216220607399, 0.00011517405801, 0.000138062838232, 0.000117421317555, 0.000105678533146, 7.78424873715e-05, 4.37744565716e-05, 4.14506721427e-05, 1.49435854837e-05, 2.35032148339e-05, 1.39704197863e-05, 1.86942415894e-05, 8.7873195298e-06, 6.78083915773e-06, 3.24079269376e-06, 2.76436185231e-06, 1.80499546332e-06, 7.14521377176e-07, 4.2691894464e-07, 2.25131771003e-07],
        "min": [1.36248127022e-23, 1.76183910582e-23, 1.83178913778e-23, 1.01727723694e-23, 5.42377465743e-23, 3.45794369459e-23, 1.05899101831e-23, 2.3342056553e-23, 3.56190767329e-23, 1.99312981002e-23, 4.64152913977e-23, 1.22625032459e-22, 1.02612180341e-22, 6.83431349178e-23, 1.16283815093e-22, 1.09673867527e-22, 1.45284967298e-22, 1.4714380127e-22, 2.64214659733e-22, 3.0858764389e-22, 4.22463464226e-22, 4.7205461812e-22, 6.42994490637e-22, 7.09927255853e-22, 1.1963260158e-21, 1.48068086243e-21, 2.49087407479e-21],
        "var": [3.28328565047e-06, 0.000208684388781, 5.20500980201e-05, 1.4462465515e-05, 4.18576782977e-05, 5.17272164871e-05, 2.4557364668e-05, 1.6149797375e-05, 5.37835239811e-06, 1.94490803551e-06, 1.72771910911e-06, 5.23379299011e-07, 5.65405457564e-07, 1.2142857031e-07, 1.04862515116e-07, 1.30817250366e-08, 4.93002119129e-08, 8.01659965077e-08, 2.80186007728e-08, 8.59792415042e-09, 3.4087978662e-08, 1.40246791958e-08, 1.40061358067e-08, 5.06654451726e-09, 2.19437046312e-09, 5.57818458091e-10, 2.45794530562e-11]
    },
    "erbbands": {
        "dmean": [0.333470731974, 1.63636291027, 3.2851755619, 5.22680807114, 4.8308057785, 7.46502590179, 12.4104127884, 11.4961929321, 16.056432724, 10.9784545898, 12.9639492035, 6.35530042648, 7.59187412262, 6.83963060379, 7.57468605042, 9.53081512451, 8.80370521545, 5.05024766922, 3.53243255615, 2.27952647209, 1.43685555458, 2.22785115242, 2.19989490509, 1.70817840099, 1.59495735168, 1.01883876324, 0.887573599815, 0.795170009136, 0.508518457413, 0.420298427343, 0.371952205896, 0.260735303164, 0.152017399669, 0.0855558514595, 0.0379025787115, 0.0208224095404, 0.00616018520668, 0.00162782112602, 0.000240875888267, 2.44076854869e-05],
        "dmean2": [0.551566720009, 2.73614954948, 5.58037900925, 8.82597541809, 7.73500490189, 11.8776865005, 18.6820678711, 17.0887718201, 23.5263214111, 16.4292125702, 18.6045131683, 9.06321525574, 10.8723173141, 10.4688796997, 11.8728570938, 15.0276985168, 14.0534181595, 8.09946250916, 5.58454227448, 3.61157345772, 2.30111908913, 3.50840425491, 3.49001908302, 2.66622948647, 2.58520960808, 1.62583780289, 1.35147333145, 1.17240607738, 0.751534044743, 0.625837683678, 0.555835068226, 0.386743426323, 0.22104409337, 0.124934494495, 0.058233205229, 0.0317921116948, 0.00945681799203, 0.00246041826904, 0.000360797246685, 3.76370480808e-05],
        "dvar": [0.208331078291, 6.06632804871, 36.1249084473, 89.4307327271, 84.5522384644, 256.476379395, 1171.61242676, 1593.60253906, 2369.00976562, 957.784912109, 2616.73095703, 617.389160156, 861.381591797, 612.647949219, 704.136169434, 493.029052734, 551.170288086, 160.505477905, 86.2755203247, 23.7797393799, 35.2743988037, 72.1504898071, 137.291992188, 65.5400085449, 44.6137428284, 12.6491746902, 21.5308055878, 26.0609779358, 8.44599056244, 5.04800653458, 4.3198890686, 1.68256831169, 0.438068985939, 0.163269847631, 0.0288296435028, 0.00789376813918, 0.000629309855867, 2.62550456682e-05, 4.37380975882e-07, 1.56720503242e-09],
        "dvar2": [0.616139650345, 17.7985286713, 99.8603439331, 247.40246582, 198.281204224, 606.889587402, 2498.7097168, 3524.38330078, 5028.19091797, 2047.64074707, 4914.88916016, 1204.45166016, 1595.71411133, 1364.63464355, 1787.87854004, 1181.99926758, 1205.6114502, 394.642120361, 194.185668945, 55.8752593994, 88.727432251, 173.867721558, 337.321533203, 170.280822754, 125.268028259, 30.7280654907, 46.5355834961, 50.6854057312, 17.2823429108, 10.5161743164, 9.14295768738, 3.49692988396, 0.850378870964, 0.299839764833, 0.0634026303887, 0.0168295856565, 0.00131746532861, 5.82512875553e-05, 9.09400739602e-07, 3.54918339163e-09],
        "max": [4.57157278061, 26.7733211517, 67.4540786743, 125.70010376, 216.624511719, 401.153381348, 810.104980469, 1372.5534668, 1221.08215332, 992.650268555, 1682.40661621, 968.84564209, 1258.65600586, 1398.31738281, 1392.31884766, 780.610595703, 1115.8125, 516.987426758, 209.500366211, 155.048660278, 264.345123291, 449.074584961, 828.527648926, 494.490478516, 422.637634277, 140.584686279, 184.717254639, 269.428771973, 128.220031738, 96.6296768188, 88.2840576172, 52.4396629333, 23.9540119171, 16.1900405884, 5.19675683975, 2.64303517342, 1.40619564056, 0.289708971977, 0.0234333034605, 0.00156561424956],
        "mean": [0.550703704357, 3.32123541832, 5.73639726639, 8.98358917236, 9.47136592865, 15.3860902786, 28.8311595917, 25.9596157074, 37.3447875977, 26.6810016632, 30.4709205627, 14.9046573639, 17.5724754333, 15.2132635117, 13.9880752563, 16.7630558014, 15.1419906616, 9.30759143829, 7.62349700928, 4.7038359642, 2.69517183304, 4.18762922287, 3.91424369812, 3.02980518341, 2.61189413071, 1.64139664173, 1.4265024662, 1.18533706665, 0.777887105942, 0.695437073708, 0.626480400562, 0.405014485121, 0.225431665778, 0.128640964627, 0.052933730185, 0.029464058578, 0.00799047574401, 0.00183168845251, 0.00028926905361, 5.94788652961e-05],
        "median": [0.367035090923, 2.92963576317, 3.73537039757, 5.35725879669, 4.89388227463, 5.6060628891, 8.42196655273, 7.53580856323, 7.09440374374, 6.31156253815, 4.79963684082, 3.57870984077, 4.53558683395, 3.82209920883, 5.72223472595, 6.62434339523, 4.9483165741, 3.28660511971, 2.62752175331, 1.44195973873, 1.07489216328, 1.10862159729, 1.01950645447, 0.949222624302, 0.884524703026, 0.434533715248, 0.386258453131, 0.196152418852, 0.110787816346, 0.103897929192, 0.0680440887809, 0.0444828942418, 0.0251198634505, 0.010346122086, 0.0040463572368, 0.00207276665606, 0.000702953897417, 0.00019511692517, 5.49403703189e-05, 4.95436761412e-05],
        "min": [7.893344742e-22, 2.62321025005e-21, 1.89366522255e-20, 2.95618712043e-20, 5.56169554381e-20, 1.69994714866e-19, 3.42921940101e-19, 2.23296734274e-19, 2.96386439049e-19, 2.79709366376e-19, 3.72358066927e-19, 7.66317800455e-19, 1.41856367213e-18, 1.12014823658e-18, 2.10597536978e-18, 5.84949124691e-18, 5.06686795882e-18, 3.73874139063e-18, 4.71226017972e-18, 7.52137298457e-18, 4.38107898274e-18, 1.01154262748e-17, 8.33850087114e-18, 1.24027783647e-17, 1.27063900454e-17, 1.32996017945e-17, 1.26138864375e-17, 1.93114710772e-17, 1.72935738991e-17, 1.9199158148e-17, 1.56670439929e-17, 1.38060960641e-17, 1.36500980724e-17, 1.01313734898e-17, 1.00922106237e-17, 5.44607112627e-18, 2.70553697086e-18, 1.07560973048e-18, 3.60963421345e-19, 3.72973379443e-20],
        "var": [0.341618031263, 9.06437015533, 50.6724891663, 128.03717041, 213.67515564, 715.182373047, 3898.79785156, 3892.69702148, 6747.57421875, 3626.85351562, 9856.17089844, 2437.71508789, 3146.63061523, 2000.76586914, 1283.39306641, 1076.83459473, 1263.1730957, 356.047363281, 316.042266846, 72.5669631958, 54.3883590698, 137.466766357, 244.264465332, 94.9096603394, 42.4679222107, 18.8684482574, 41.0857086182, 53.5360069275, 19.3290634155, 13.704211235, 11.7812891006, 4.01990509033, 1.08500123024, 0.455483913422, 0.0621580220759, 0.0195148419589, 0.00135326012969, 4.0720027755e-05, 7.72141277139e-07, 2.8849305167e-09]
    },
    "gfcc": {
        "mean": [-70.4833831787, 152.080673218, -85.3928146362, 22.2265300751, -37.5772323608, 8.57149028778, -21.2079124451, -3.10352492332, -16.0531139374, -0.190215155482, -0.734346807003, -0.815041065216, -7.8222284317],
        "cov": [[11644.9296875, -271.223083496, -972.636962891, 354.081542969, -635.686584473, -127.508460999, -454.327911377, 339.355499268, -195.870544434, 33.3368339539, -110.820014954, -77.8069381714, -284.563934326], [-271.223083496, 1716.81298828, -162.192657471, -247.424865723, 295.138916016, -188.069869995, 204.492538452, -199.796585083, 173.44303894, -134.575134277, 126.999931335, -108.758071899, 131.236312866], [-972.636962891, -162.192657471, 1089.11376953, 162.202758789, 70.9933776855, 292.778533936, -0.996256411076, -14.2849292755, -53.628742218, -22.4432983398, -57.4772377014, 59.4919052124, -1.36246454716], [354.081542969, -247.424865723, 162.202758789, 393.008544922, 70.4722747803, 82.2134475708, 35.935256958, 35.1691398621, -13.7734222412, 5.13288879395, -14.5998649597, 14.7584762573, -6.6317243576], [-635.686584473, 295.138916016, 70.9933776855, 70.4722747803, 339.591217041, 43.8030090332, 129.860610962, -19.1515197754, 67.8722915649, 12.5941581726, 33.1330223083, -13.0916566849, 54.671043396], [-127.508460999, -188.069869995, 292.778533936, 82.2134475708, 43.8030090332, 254.670272827, 71.1553573608, 8.62031745911, -24.343706131, 22.3698768616, -28.3326950073, 9.26990032196, -9.39580917358], [-454.327911377, 204.492538452, -0.996256411076, 35.935256958, 129.860610962, 71.1553573608, 253.796035767, 13.813542366, 48.5423851013, 18.3637886047, 27.9532394409, -17.7151050568, 45.5129623413], [339.355499268, -199.796585083, -14.2849292755, 35.1691398621, -19.1515197754, 8.62031745911, 13.813542366, 157.362380981, 27.6377429962, 28.8661499023, -3.27528858185, 4.53408479691, -23.9195251465], [-195.870544434, 173.44303894, -53.628742218, -13.7734222412, 67.8722915649, -24.343706131, 48.5423851013, 27.6377429962, 127.522590637, 25.7358951569, 30.7629432678, -11.1979036331, 25.0037307739], [33.3368339539, -134.575134277, -22.4432983398, 5.13288879395, 12.5941581726, 22.3698768616, 18.3637886047, 28.8661499023, 25.7358951569, 108.639122009, 19.1335830688, 6.61130046844, -1.59860384464], [-110.820014954, 126.999931335, -57.4772377014, -14.5998649597, 33.1330223083, -28.3326950073, 27.9532394409, -3.27528858185, 30.7629432678, 19.1335830688, 84.0527114868, 11.1409854889, 11.5326004028], [-77.8069381714, -108.758071899, 59.4919052124, 14.7584762573, -13.0916566849, 9.26990032196, -17.7151050568, 4.53408479691, -11.1979036331, 6.61130046844, 11.1409854889, 75.8121109009, 18.4001140594], [-284.563934326, 131.236312866, -1.36246454716, -6.6317243576, 54.671043396, -9.39580917358, 45.5129623413, -23.9195251465, 25.0037307739, -1.59860384464, 11.5326004028, 18.4001140594, 84.801322937]],
        "icov": [[0.000217454915401, -0.000553967431188, 0.000380763172871, -0.000568840594497, 0.000457771151559, -0.000565390859265, 0.000647225941066, -0.000885966641363, 0.000661959988065, -0.0006849138299, 0.000580477819312, -0.0004321456654, 0.000400340242777], [-0.000553967431188, 0.00357758393511, -0.00137892726343, 0.00249082781374, -0.00204565492459, 0.00278212619014, -0.0027993246913, 0.00419731577858, -0.00351371965371, 0.0044561563991, -0.00374159496278, 0.00371084106155, -0.00208577397279], [0.000380763172871, -0.00137892726343, 0.00228283810429, -0.00141893420368, 0.000639297068119, -0.00303198560141, 0.00192048284225, -0.00178947544191, 0.00142241746653, -0.00109530473128, 0.00182592077181, -0.00223475974053, 0.000850380107295], [-0.000568840594497, 0.00249082781374, -0.00141893420368, 0.00498400907964, -0.00236634747125, 0.00174138753209, -0.00241022300906, 0.00249374564737, -0.00206937687472, 0.00315169407986, -0.00224943971261, 0.00181573885493, -0.00109961337876], [0.000457771151559, -0.00204565492459, 0.000639297068119, -0.00236634747125, 0.00581997819245, -0.00189113093074, 0.00042620417662, -0.00184986763634, 0.000522673246451, -0.00257364078425, 0.00112989079207, -0.000836418650579, -0.000359837635187], [-0.000565390859265, 0.00278212619014, -0.00303198560141, 0.00174138753209, -0.00189113093074, 0.00976686924696, -0.00502695888281, 0.00372276618145, -0.00163910642732, 0.00138756190427, -0.000893669610377, 0.00228445418179, 6.93621550454e-05], [0.000647225941066, -0.0027993246913, 0.00192048284225, -0.00241022300906, 0.00042620417662, -0.00502695888281, 0.00904306396842, -0.00472709350288, 0.00238374248147, -0.00318346498534, 0.00104039115831, -0.000470698578283, -0.00147434032988], [-0.000885966641363, 0.00419731577858, -0.00178947544191, 0.00249374564737, -0.00184986763634, 0.00372276618145, -0.00472709350288, 0.0133637227118, -0.00691739842296, 0.00370329874568, -0.00292312493548, 0.00228681322187, 0.000619923870545], [0.000661959988065, -0.00351371965371, 0.00142241746653, -0.00206937687472, 0.000522673246451, -0.00163910642732, 0.00238374248147, -0.00691739842296, 0.0150329293683, -0.00615500565618, 0.00110851181671, -0.00104890740477, -0.000700680189766], [-0.0006849138299, 0.0044561563991, -0.00109530473128, 0.00315169407986, -0.00257364078425, 0.00138756190427, -0.00318346498534, 0.00370329874568, -0.00615500565618, 0.0165446382016, -0.00684359623119, 0.00352123007178, -0.00210623652674], [0.000580477819312, -0.00374159496278, 0.00182592077181, -0.00224943971261, 0.00112989079207, -0.000893669610377, 0.00104039115831, -0.00292312493548, 0.00110851181671, -0.00684359623119, 0.0196476578712, -0.00814725179225, 0.00402129115537], [-0.0004321456654, 0.00371084106155, -0.00223475974053, 0.00181573885493, -0.000836418650579, 0.00228445418179, -0.000470698578283, 0.00228681322187, -0.00104890740477, 0.00352123007178, -0.00814725179225, 0.021623948589, -0.008605142124], [0.000400340242777, -0.00208577397279, 0.000850380107295, -0.00109961337876, -0.000359837635187, 6.93621550454e-05, -0.00147434032988, 0.000619923870545, -0.000700680189766, -0.00210623652674, 0.00402129115537, -0.008605142124, 0.0189841911197]]
    },
    "melbands": {
        "dmean": [0.00259543466382, 0.00177780468948, 0.000833620259073, 0.000416285445681, 0.000411682849517, 0.000267737952527, 0.000237987696892, 0.000115405389806, 9.85280421446e-05, 3.73144466721e-05, 3.80222372769e-05, 2.78017068922e-05, 2.84760517388e-05, 2.5349228963e-05, 2.23388869927e-05, 1.36416383612e-05, 1.02505828181e-05, 5.83526571063e-06, 3.88061243939e-06, 2.2624765279e-06, 1.87905709481e-06, 2.34051549342e-06, 2.76344235317e-06, 1.74028457423e-06, 1.4262429886e-06, 1.3867781945e-06, 9.07704929887e-07, 6.50030813176e-07, 5.66203482322e-07, 6.07054062129e-07, 4.29854026152e-07, 3.0169388765e-07, 2.59451155671e-07, 2.37779374856e-07, 2.29758654768e-07, 2.0017063207e-07, 1.52500376771e-07, 1.09985990093e-07, 1.03137942631e-07, 6.46730313747e-08],
        "dmean2": [0.0043027177453, 0.00299099599943, 0.0014003344113, 0.000661409227178, 0.000628614099696, 0.00039576596464, 0.000348179688444, 0.000172554297023, 0.000141675191117, 5.35407052666e-05, 5.48115494894e-05, 4.27458944614e-05, 4.43170756625e-05, 4.004249422e-05, 3.54989533662e-05, 2.18689328904e-05, 1.65594501595e-05, 9.27016117203e-06, 6.1427399487e-06, 3.66940184904e-06, 3.02698094856e-06, 3.7277809497e-06, 4.34074263467e-06, 2.73767682302e-06, 2.2359979539e-06, 2.2582200927e-06, 1.46677928115e-06, 1.03873981061e-06, 8.81848620793e-07, 9.12092559702e-07, 6.40880443825e-07, 4.52867197964e-07, 3.87081001918e-07, 3.63235471923e-07, 3.47126444922e-07, 2.97681339134e-07, 2.31039265941e-07, 1.64143528991e-07, 1.49469116195e-07, 9.703004622e-08],
        "dvar": [1.24176158351e-05, 8.65610581968e-06, 2.08814276448e-06, 6.46881233024e-07, 1.04387333977e-06, 7.45750867281e-07, 4.67404078108e-07, 1.0476215806e-07, 1.48526154931e-07, 2.45835707346e-08, 2.1633493219e-08, 1.0090663416e-08, 1.51035006724e-08, 3.86288112608e-09, 2.7843265471e-09, 1.26633392661e-09, 7.11510628193e-10, 2.38832648103e-10, 8.63770791004e-11, 4.49674915359e-11, 6.17237372325e-11, 1.1262207833e-10, 9.27794022165e-11, 1.18358059464e-10, 4.87031595608e-11, 4.55718240921e-11, 8.02525233767e-12, 6.58598002523e-12, 9.47148609542e-12, 1.71210025324e-11, 6.97261692828e-12, 3.09971623022e-12, 2.1728422013e-12, 1.59380950278e-12, 1.73509026157e-12, 1.24620767265e-12, 5.09139822316e-13, 2.15641848995e-13, 2.72267072169e-13, 9.45178044989e-14],
        "dvar2": [3.68756627722e-05, 2.43499252974e-05, 5.74543400944e-06, 1.53056623731e-06, 2.28308977057e-06, 1.61743457738e-06, 9.92795094135e-07, 2.26013710858e-07, 2.89223805794e-07, 4.69352841037e-08, 4.07932034818e-08, 2.2298054958e-08, 3.85154699245e-08, 8.89884699262e-09, 6.0149711878e-09, 2.84702328379e-09, 1.78000914008e-09, 5.47408063323e-10, 1.91415647222e-10, 1.04917352584e-10, 1.58171920006e-10, 2.94458429861e-10, 2.37557695737e-10, 2.48137344006e-10, 1.31267788306e-10, 1.29316848896e-10, 2.11666552341e-11, 1.58251588916e-11, 2.30563814568e-11, 3.75030180522e-11, 1.33735678781e-11, 6.51514649522e-12, 4.61525392556e-12, 3.43678839727e-12, 3.8015172607e-12, 2.62138336211e-12, 1.11956331792e-12, 4.52888404947e-13, 4.98079008593e-13, 1.88656219553e-13],
        "max": [0.0364349782467, 0.0307859778404, 0.0198986586183, 0.0153551306576, 0.0233483910561, 0.0291324183345, 0.0159868616611, 0.00881184916943, 0.0142719233409, 0.00683695310727, 0.00611105095595, 0.00513466447592, 0.00791688356549, 0.0019727665931, 0.00285260635428, 0.00157738185953, 0.000980902230367, 0.000391655717976, 0.000261791108642, 0.000320595456287, 0.000339183665346, 0.000601197010837, 0.000493597937748, 0.000944034429267, 0.000444550765678, 0.00043907595682, 0.000107024061435, 0.000101234902104, 0.00015543209156, 0.000240569832386, 0.000119737502246, 8.11298232293e-05, 8.05788731668e-05, 5.4206000641e-05, 5.05481948494e-05, 5.53870522708e-05, 2.33891987591e-05, 1.43729930642e-05, 3.26281551679e-05, 1.17707595564e-05],
        "mean": [0.00476263742894, 0.00358525873162, 0.00153340923134, 0.000847606337629, 0.000956182018854, 0.000619593891315, 0.000561622728128, 0.000274459103821, 0.00022806187917, 8.35413375171e-05, 8.5937048425e-05, 5.94106932112e-05, 5.07686927449e-05, 4.19873831561e-05, 3.91704925278e-05, 2.30162240769e-05, 1.73187527253e-05, 1.15275433927e-05, 8.76444300957e-06, 3.94769676859e-06, 3.17748231282e-06, 4.10285883845e-06, 4.82086670672e-06, 2.85356031782e-06, 2.38331767832e-06, 2.19503590415e-06, 1.37938218359e-06, 9.96546191345e-07, 8.68155098033e-07, 8.83839163635e-07, 6.11107623172e-07, 4.37621906713e-07, 3.97205127456e-07, 3.80387263021e-07, 3.71777531427e-07, 3.09809479404e-07, 2.21469889539e-07, 1.53538422865e-07, 1.48560928892e-07, 9.27182952637e-08],
        "median": [0.00387339270674, 0.0030538297724, 0.000993695808575, 0.000363919476513, 0.00029307132354, 0.000169634600752, 0.000111643137643, 6.16267570877e-05, 3.49037218257e-05, 1.8856022507e-05, 2.093688272e-05, 1.28575848066e-05, 1.7522390408e-05, 1.46169986692e-05, 1.55353391165e-05, 7.18378396414e-06, 4.51438563687e-06, 3.76286106984e-06, 2.39948963099e-06, 1.34790298034e-06, 1.04393791389e-06, 1.05131016426e-06, 9.94099309537e-07, 6.46114301617e-07, 6.5887297751e-07, 6.58142027987e-07, 3.95102404127e-07, 2.19451493422e-07, 2.34840811686e-07, 1.53416962689e-07, 8.06626019312e-08, 5.76425023269e-08, 5.1643475274e-08, 5.67256464024e-08, 3.82412856936e-08, 3.01116394041e-08, 2.33829524632e-08, 1.74862417879e-08, 1.16914327108e-08, 6.47891518213e-09],
        "min": [7.82286301779e-24, 7.81803361132e-24, 5.16801869444e-24, 6.99345387318e-24, 1.27831123159e-23, 5.09654119111e-24, 3.79361118839e-24, 4.022490897e-24, 2.82225401807e-24, 4.5700364903e-24, 6.91784628858e-24, 3.81859441326e-24, 7.21887955431e-24, 1.15783008325e-23, 1.52648545242e-23, 9.91594213558e-24, 6.65546326289e-24, 6.50810720124e-24, 1.00577887927e-23, 1.0359073705e-23, 3.41682400436e-24, 1.00496808803e-23, 1.04802324849e-23, 5.02371907437e-24, 1.1057369434e-23, 8.80819367576e-24, 1.16498584053e-23, 7.09405493784e-24, 6.31399929804e-24, 1.05177514984e-23, 1.12843223499e-23, 9.8757346841e-24, 8.96343440216e-24, 1.15062928203e-23, 8.61674975583e-24, 9.33106882754e-24, 8.1701290546e-24, 1.06188495454e-23, 7.93115784286e-24, 7.39720945055e-24],
        "var": [1.9278462787e-05, 1.20781623991e-05, 3.11191615765e-06, 1.68945507539e-06, 3.47633090314e-06, 1.97682311409e-06, 1.40276608818e-06, 3.87157399473e-07, 5.34855473688e-07, 9.55198586894e-08, 7.82647617825e-08, 3.37632108938e-08, 2.48382523438e-08, 8.45179215503e-09, 7.12295333827e-09, 2.6981399337e-09, 1.47170886589e-09, 7.38174188442e-10, 3.7993799773e-10, 7.64316110402e-11, 9.08045513781e-11, 1.64300573147e-10, 1.83057763392e-10, 2.48481707432e-10, 5.95535773473e-11, 4.18104474653e-11, 9.8752421171e-12, 9.54514939311e-12, 1.43248069656e-11, 2.92650070843e-11, 1.46693681508e-11, 6.46463958753e-12, 5.09742768828e-12, 4.0579401818e-12, 4.43151982124e-12, 2.89319696672e-12, 1.10040817604e-12, 4.63792741191e-13, 6.96040881182e-13, 2.41991593864e-13]
    },
    "mfcc": {
        "mean": [-722.701171875, 184.194259644, 16.4918174744, 27.5259685516, 9.03023910522, 13.7208204269, 7.98285913467, 4.30211400986, -6.58668613434, 2.28539443016, 0.979412376881, 4.54473638535, 2.01528048515],
        "cov": [[7094.57470703, -311.389862061, -593.846008301, 171.344100952, -290.408111572, -363.173614502, -153.130584717, 5.09575414658, -193.536087036, 99.8028945923, 93.6192932129, 123.695785522, -40.3246116638], [-311.389862061, 1824.53515625, -221.429763794, -70.9712677002, 18.1729755402, 10.5265493393, 3.52485346794, -24.4358119965, 7.36597204208, -9.62278556824, -9.33157634735, -14.1655826569, 18.6489124298], [-593.846008301, -221.429763794, 888.352783203, -3.34039902687, 144.139846802, 167.458618164, 63.5299682617, 92.9220581055, 19.802154541, -35.052646637, -15.8502178192, -44.1245803833, -28.5808410645], [171.344100952, -70.9712677002, -3.34039902687, 304.84576416, 81.6826705933, 42.2362213135, 40.0505943298, 39.5319633484, 31.8937263489, 14.0262556076, 2.96384215355, 6.35800266266, 28.2185230255], [-290.408111572, 18.1729755402, 144.139846802, 81.6826705933, 242.625244141, 77.1922531128, 22.6626319885, 27.2509937286, 25.079164505, 3.34028482437, 10.1237449646, -12.6512641907, 4.67475795746], [-363.173614502, 10.5265493393, 167.458618164, 42.2362213135, 77.1922531128, 253.814498901, 112.111549377, 23.5072574615, 58.1928939819, 1.1493729353, 0.448808372021, 13.2572879791, 14.9027910233], [-153.130584717, 3.52485346794, 63.5299682617, 40.0505943298, 22.6626319885, 112.111549377, 174.764968872, 45.5764770508, 50.8153953552, 25.4536266327, 5.1526889801, 25.635931015, 24.5869960785], [5.09575414658, -24.4358119965, 92.9220581055, 39.5319633484, 27.2509937286, 23.5072574615, 45.5764770508, 120.199203491, 33.2557411194, 11.3668889999, 1.62096810341, 3.65852332115, 2.04723882675], [-193.536087036, 7.36597204208, 19.802154541, 31.8937263489, 25.079164505, 58.1928939819, 50.8153953552, 33.2557411194, 128.478012085, 42.2657775879, 9.98926925659, 4.68871068954, 15.4209213257], [99.8028945923, -9.62278556824, -35.052646637, 14.0262556076, 3.34028482437, 1.1493729353, 25.4536266327, 11.3668889999, 42.2657775879, 107.750816345, 30.2867546082, 13.2990274429, 12.3977394104], [93.6192932129, -9.33157634735, -15.8502178192, 2.96384215355, 10.1237449646, 0.448808372021, 5.1526889801, 1.62096810341, 9.98926925659, 30.2867546082, 89.2636260986, 37.0969276428, -0.203253060579], [123.695785522, -14.1655826569, -44.1245803833, 6.35800266266, -12.6512641907, 13.2572879791, 25.635931015, 3.65852332115, 4.68871068954, 13.2990274429, 37.0969276428, 98.1048660278, 26.1770534515], [-40.3246116638, 18.6489124298, -28.5808410645, 28.2185230255, 4.67475795746, 14.9027910233, 24.5869960785, 2.04723882675, 15.4209213257, 12.3977394104, -0.203253060579, 26.1770534515, 87.3673095703]],
