{
"lowlevel": {
    "average_loudness": 0.945449829102,
    "barkbands_crest": {
        "dmean": 3.73216605186,
        "dmean2": 6.16848230362,
        "dvar": 11.012339592,
        "dvar2": 27.1304512024,
        "max": 26.6534309387,
        "mean": 16.7074584961,
        "median": 17.3544502258,
        "min": 2.43457770348,
        "var": 33.5200653076
    },
    "barkbands_flatness_db": {
        "dmean": 0.047414675355,
        "dmean2": 0.0733986571431,
        "dvar": 0.00223721237853,
        "dvar2": 0.00469625322148,
        "max": 0.677931189537,
        "mean": 0.209004789591,
        "median": 0.193036705256,
        "min": 0.0283695179969,
        "var": 0.0108330827206
    },
    "barkbands_kurtosis": {
        "dmean": 44.0996017456,
        "dmean2": 73.063117981,
        "dvar": 16328.8740234,
        "dvar2": 40363.9570312,
        "max": 2328.20336914,
        "mean": 55.6276931763,
        "median": 9.80636787415,
        "min": -1.92543411255,
        "var": 26586.1914062
    },
    "barkbands_skewness": {
        "dmean": 1.95522046089,
        "dmean2": 3.15019965172,
        "dvar": 7.14422082901,
        "dvar2": 17.107925415,
        "max": 43.6516113281,
        "mean": 4.31739664078,
        "median": 2.94654369354,
        "min": -5.09488868713,
        "var": 21.1593341827
    },
    "barkbands_spread": {
        "dmean": 7.14862394333,
        "dmean2": 11.4804620743,
        "dvar": 94.3476028442,
        "dvar2": 210.603271484,
        "max": 130.014251709,
        "mean": 16.254781723,
        "median": 10.8047351837,
        "min": 0.0585738569498,
        "var": 269.173919678
    },
    "dissonance": {
        "dmean": 0.0250801388174,
        "dmean2": 0.0414396934211,
        "dvar": 0.000715477508493,
        "dvar2": 0.00180916069075,
        "max": 0.499980777502,
        "mean": 0.456984728575,
        "median": 0.467518031597,
        "min": 0.222045466304,
        "var": 0.00145410490222
    },
    "dynamic_complexity": 4.58442115784,
    "erbbands_crest": {
        "dmean": 2.99374914169,
        "dmean2": 4.75200796127,
        "dvar": 8.48623180389,
        "dvar2": 19.3269386292,
        "max": 31.1727695465,
        "mean": 10.168847084,
        "median": 8.98438453674,
        "min": 2.34322404861,
        "var": 26.0967578888
    },
    "erbbands_flatness_db": {
        "dmean": 0.0251042265445,
        "dmean2": 0.0342939458787,
        "dvar": 0.000640097248834,
        "dvar2": 0.00115071039181,
        "max": 0.458114415407,
        "mean": 0.140000671148,
        "median": 0.13643348217,
        "min": 0.0329553931952,
        "var": 0.00253081670962
    },
    "erbbands_kurtosis": {
        "dmean": 1.96126139164,
        "dmean2": 3.11839461327,
        "dvar": 28.5891532898,
        "dvar2": 71.6108551025,
        "max": 153.881591797,
        "mean": 1.80343019962,
        "median": 0.404233932495,
        "min": -1.93427956104,
        "var": 38.039855957
    },
    "erbbands_skewness": {
        "dmean": 0.494881242514,
        "dmean2": 0.775764644146,
        "dvar": 0.39904487133,
        "dvar2": 0.904283821583,
        "max": 11.1298418045,
        "mean": 0.504845619202,
        "median": 0.379252195358,
        "min": -3.08841872215,
        "var": 1.14005732536
    },
    "erbbands_spread": {
        "dmean": 14.7640333176,
        "dmean2": 22.3072566986,
        "dvar": 337.351837158,
        "dvar2": 686.609375,
        "max": 237.983093262,
        "mean": 45.2825088501,
        "median": 39.074005127,
        "min": 1.89967417717,
        "var": 854.832946777
    },
    "hfc": {
        "dmean": 10.357963562,
        "dmean2": 14.6355485916,
        "dvar": 303.417022705,
        "dvar2": 577.791748047,
        "max": 195.954833984,
        "mean": 20.5465221405,
        "median": 11.1476917267,
        "min": 5.66024027648e-07,
        "var": 681.937438965
    },
    "melbands_crest": {
        "dmean": 4.12317180634,
        "dmean2": 6.72226762772,
        "dvar": 14.74629879,
        "dvar2": 35.9135551453,
        "max": 38.249130249,
        "mean": 22.3648338318,
        "median": 21.9369430542,
        "min": 2.98875522614,
        "var": 52.879486084
    },
    "melbands_flatness_db": {
        "dmean": 0.0549609027803,
        "dmean2": 0.0844558924437,
        "dvar": 0.00300784385763,
        "dvar2": 0.00621624710038,
        "max": 0.846889197826,
        "mean": 0.313051372766,
        "median": 0.303007245064,
        "min": 0.022454066202,
        "var": 0.015672231093
    },
    "melbands_kurtosis": {
        "dmean": 73.1424102783,
        "dmean2": 119.03653717,
        "dvar": 36346.9921875,
        "dvar2": 88093.828125,
        "max": 4348.69042969,
        "mean": 106.010749817,
        "median": 27.7237262726,
        "min": -1.77735435963,
        "var": 70888.8671875
    },
    "melbands_skewness": {
        "dmean": 2.2910835743,
        "dmean2": 3.66219830513,
        "dvar": 9.25790214539,
        "dvar2": 22.1282691956,
        "max": 54.2867126465,
        "mean": 5.92763710022,
        "median": 4.56571769714,
        "min": -2.58559465408,
        "var": 26.4884128571
    },
    "melbands_spread": {
        "dmean": 6.33047294617,
        "dmean2": 10.2547769547,
        "dvar": 115.216941833,
        "dvar2": 279.511047363,
        "max": 227.093154907,
        "mean": 13.4648742676,
        "median": 7.39536857605,
        "min": 0.0829460248351,
        "var": 343.804473877
    },
    "pitch_salience": {
        "dmean": 0.101817049086,
        "dmean2": 0.167666345835,
        "dvar": 0.0093160411343,
        "dvar2": 0.0222201347351,
        "max": 0.88384193182,
        "mean": 0.350973814726,
        "median": 0.342165052891,
        "min": 0.0309773217887,
        "var": 0.0279515273869
    },
    "silence_rate_20dB": {
        "dmean": 0.00108489289414,
        "dmean2": 0.00216998183168,
        "dvar": 0.00108363979962,
        "dvar2": 0.00324995932169,
        "max": 1,
        "mean": 0.999457597733,
        "median": 1,
        "min": 0,
        "var": 0.000542105000932
    },
    "silence_rate_30dB": {
        "dmean": 0.121508002281,
        "dmean2": 0.243037968874,
        "dvar": 0.106747202575,
        "dvar2": 0.207308351994,
        "max": 1,
        "mean": 0.744078814983,
        "median": 1,
        "min": 0,
        "var": 0.190443903208
    },
    "silence_rate_60dB": {
        "dmean": 0.0244100894779,
        "dmean2": 0.048734176904,
        "dvar": 0.0238140989095,
        "dvar2": 0.0555865764618,
        "max": 1,
        "mean": 0.0774724259973,
        "median": 0,
        "min": 0,
        "var": 0.0714728161693
    },
    "spectral_centroid": {
        "dmean": 304.934448242,
        "dmean2": 472.167419434,
        "dvar": 168403.734375,
        "dvar2": 355640.34375,
        "max": 10799.2207031,
        "mean": 1197.25341797,
        "median": 1019.85205078,
        "min": 69.5646286011,
        "var": 688763.9375
    },
    "spectral_complexity": {
        "dmean": 3.34888339043,
        "dmean2": 4.69086790085,
        "dvar": 31.7336673737,
        "dvar2": 47.4775047302,
        "max": 66,
        "mean": 12.8599710464,
        "median": 10,
        "min": 0,
        "var": 133.704238892
    },
    "spectral_decrease": {
        "dmean": 1.16530118888e-08,
        "dmean2": 1.96707592437e-08,
        "dvar": 3.11743461745e-16,
        "dvar2": 8.7557636939e-16,
        "max": 1.02537579122e-11,
        "mean": -1.80155392826e-08,
        "median": -1.08646958097e-08,
        "min": -1.28968778768e-07,
        "var": 4.29581282469e-16
    },
    "spectral_energy": {
        "dmean": 0.0446155294776,
        "dmean2": 0.0751253068447,
        "dvar": 0.004508420825,
        "dvar2": 0.0126289697364,
        "max": 0.490710228682,
        "mean": 0.0698583200574,
        "median": 0.04284190014,
        "min": 2.36363262296e-10,
        "var": 0.00627925014123
    },
    "spectral_energyband_high": {
        "dmean": 0.000700706092175,
        "dmean2": 0.000977559015155,
        "dvar": 1.9604406134e-06,
        "dvar2": 3.44960744769e-06,
        "max": 0.0193910654634,
        "mean": 0.0010974482866,
        "median": 0.000246254319791,
        "min": 2.62782625521e-11,
        "var": 4.128728051e-06
    },
    "spectral_energyband_low": {
        "dmean": 0.042114444077,
        "dmean2": 0.0721140503883,
        "dvar": 0.0044665094465,
        "dvar2": 0.0126244816929,
        "max": 0.482406020164,
        "mean": 0.0593260712922,
        "median": 0.0318579301238,
        "min": 1.9144401342e-11,
        "var": 0.00589061761275
    },
    "spectral_energyband_middle_high": {
        "dmean": 0.00186704518273,
        "dmean2": 0.00269558816217,
        "dvar": 1.46581996887e-05,
        "dvar2": 3.18756137858e-05,
        "max": 0.0518266484141,
        "mean": 0.00416626827791,
        "median": 0.00127167091705,
        "min": 3.98288797776e-11,
        "var": 4.17212868342e-05
    },
    "spectral_energyband_middle_low": {
        "dmean": 0.00410130107775,
        "dmean2": 0.00637578032911,
        "dvar": 0.000122344805277,
        "dvar2": 0.000276842562016,
        "max": 0.144578248262,
        "mean": 0.00635578483343,
        "median": 0.00373976258561,
        "min": 1.31431962536e-10,
        "var": 0.000134172471007
    },
    "spectral_entropy": {
        "dmean": 0.292353123426,
        "dmean2": 0.412292003632,
        "dvar": 0.107328101993,
        "dvar2": 0.197618499398,
        "max": 9.81505393982,
        "mean": 7.46662712097,
        "median": 7.49290561676,
        "min": 4.48610258102,
        "var": 0.343094855547
    },
    "spectral_flux": {
        "dmean": 0.0577407367527,
        "dmean2": 0.0902000367641,
        "dvar": 0.0045496923849,
        "dvar2": 0.0101822251454,
        "max": 0.624580919743,
        "mean": 0.124610856175,
        "median": 0.097520083189,
        "min": 2.30091463891e-05,
        "var": 0.00962466187775
    },
    "spectral_kurtosis": {
        "dmean": 1.87887251377,
        "dmean2": 2.85468387604,
        "dvar": 9.06188488007,
        "dvar2": 21.8451347351,
        "max": 88.4627914429,
        "mean": 4.74643993378,
        "median": 3.50209379196,
        "min": -1.23939073086,
        "var": 17.6975955963
    },
    "spectral_rms": {
        "dmean": 0.00226304656826,
        "dmean2": 0.0036448945757,
        "dvar": 6.69117662255e-06,
        "dvar2": 1.76069661393e-05,
        "max": 0.0218801666051,
        "mean": 0.00705414637923,
        "median": 0.00646505784243,
        "min": 4.80206551856e-07,
        "var": 1.839356446e-05
    },
    "spectral_rolloff": {
        "dmean": 399.351226807,
        "dmean2": 680.130126953,
        "dvar": 914218.625,
        "dvar2": 1950332.375,
        "max": 16537.5,
        "mean": 786.293884277,
        "median": 193.798828125,
        "min": 43.06640625,
        "var": 2603652.75
    },
    "spectral_skewness": {
        "dmean": 0.299159258604,
        "dmean2": 0.434432923794,
        "dvar": 0.138290733099,
        "dvar2": 0.285524338484,
        "max": 7.7376332283,
        "mean": 1.65527522564,
        "median": 1.49671578407,
        "min": 0.0165053997189,
        "var": 0.426861405373
    },
    "spectral_spread": {
        "dmean": 1001932.6875,
        "dmean2": 1400068.25,
        "dvar": 1.55922071552e+12,
        "dvar2": 2.84992444826e+12,
        "max": 40931968,
        "mean": 5620016,
        "median": 5122573,
        "min": 1242694.75,
        "var": 5.26885899469e+12
    },
    "spectral_strongpeak": {
        "dmean": 0.311878800392,
        "dmean2": 0.537626326084,
        "dvar": 0.360386908054,
        "dvar2": 0.889540374279,
        "max": 8.06602478027,
        "mean": 0.575524806976,
        "median": 0.390279173851,
        "min": 0,
        "var": 0.504459023476
    },
    "zerocrossingrate": {
        "dmean": 0.0122956288978,
        "dmean2": 0.0145828332752,
        "dvar": 0.00023828810663,
        "dvar2": 0.000282168213744,
        "max": 0.53662109375,
        "mean": 0.0400952547789,
        "median": 0.028564453125,
        "min": 0.00146484375,
        "var": 0.00187521264888
    },
    "barkbands": {
        "dmean": [0.00224514375441, 0.0390950255096, 0.00438399752602, 0.00180282210931, 0.00130022014491, 0.000443881901447, 0.000275483675068, 0.000482059520436, 0.000537049898412, 0.000508298981003, 0.000697057577781, 0.00033803426777, 0.000179645998287, 0.000124482103274, 0.000141729397001, 0.000144228630234, 0.000165344987181, 0.000154107561684, 0.000187987432582, 0.000167568810866, 0.000132047076477, 0.000176246365299, 0.000110451896035, 0.000101206198451, 7.09585001459e-05, 6.87086503603e-05, 4.62352873001e-05],
        "dmean2": [0.00363954296336, 0.0674394741654, 0.00772539060563, 0.00311216758564, 0.00213460880332, 0.000731506559532, 0.00045458774548, 0.000692442990839, 0.000823819485959, 0.000762792595197, 0.00109678332228, 0.000520415080246, 0.000264037051238, 0.000191785133211, 0.000221652982873, 0.000224061572226, 0.000264808477368, 0.000242398265982, 0.000297829392366, 0.000255878141616, 0.000193664280232, 0.000249681441346, 0.000161316318554, 0.000140476680826, 9.90310509223e-05, 0.000104103972262, 7.39590468584e-05],
        "dvar": [1.37220695251e-05, 0.00409904122353, 8.57093691593e-05, 3.01264371956e-05, 2.83877325273e-05, 1.80800861926e-06, 3.65782057088e-07, 7.53057520342e-07, 1.44029263538e-06, 1.69004272266e-06, 4.07465086028e-06, 4.9987966122e-07, 2.84907372361e-07, 8.8301923995e-08, 1.3766643292e-07, 1.23896029436e-07, 1.5326068592e-07, 1.46568041259e-07, 1.95517259272e-07, 1.86502802535e-07, 1.27185359133e-07, 1.42713972195e-07, 5.11567357364e-08, 4.04297217926e-08, 1.45484051473e-08, 1.85935107311e-08, 1.47346499446e-08],
        "dvar2": [3.59061741619e-05, 0.0116824982688, 0.000236758700339, 7.36805814086e-05, 7.40392642911e-05, 4.4853009058e-06, 9.1260511681e-07, 1.56940632223e-06, 3.420115263e-06, 3.85666726288e-06, 1.0080665561e-05, 1.15393220312e-06, 5.92303535996e-07, 1.97132436597e-07, 3.14685820513e-07, 2.87469248406e-07, 3.78245999855e-07, 3.58829737479e-07, 4.75878636053e-07, 4.08660895346e-07, 2.7706516903e-07, 2.88890277034e-07, 1.05750117996e-07, 8.12949210172e-08, 2.68253899094e-08, 3.97785697714e-08, 3.63959316019e-08],
        "max": [0.0341270491481, 0.464967340231, 0.118899673223, 0.0689484030008, 0.0779975280166, 0.0165921282023, 0.009361599572, 0.0157742891461, 0.0191743578762, 0.0217963010073, 0.0368355438113, 0.0102047473192, 0.00777503289282, 0.00432312954217, 0.00996691454202, 0.00534161180258, 0.00664810230955, 0.00564857432619, 0.00531076313928, 0.00727818440646, 0.00393575709313, 0.00552477687597, 0.00303355348296, 0.00179448910058, 0.000987760024145, 0.00102847523522, 0.000951576046646],
        "mean": [0.00297088199295, 0.0507297925651, 0.00483468500897, 0.00167467643041, 0.00124783988576, 0.000491609505843, 0.000424105644925, 0.00101445533801, 0.000942559621762, 0.000791943166405, 0.00119335064664, 0.000594530138187, 0.000248224008828, 0.000195554661332, 0.000224429793889, 0.000217949476792, 0.000286072783638, 0.000258439657046, 0.000324274325976, 0.000250155717367, 0.000178870177479, 0.000292323617032, 0.000164408120327, 0.000119974589325, 8.03310322226e-05, 6.79801742081e-05, 3.89212946175e-05],
        "median": [0.000867469119839, 0.0238894037902, 0.00232139113359, 0.00051381852245, 0.000313453871058, 0.000118624477182, 0.000211558595765, 0.000544641981833, 0.000258939777268, 0.000160208452144, 0.000183572774404, 0.00010563073738, 3.49057445419e-05, 3.68819019059e-05, 2.74623944279e-05, 2.24070736294e-05, 3.52419083356e-05, 4.47087913926e-05, 3.44988729921e-05, 4.19584393967e-05, 3.37232959282e-05, 4.02402874897e-05, 2.60331071331e-05, 1.78807531483e-05, 1.51459425979e-05, 1.09727570816e-05, 2.71850876743e-06],
        "min": [1.52712890077e-12, 2.45044154239e-12, 4.78756314107e-12, 2.68147006335e-12, 4.93333759261e-12, 1.35270865689e-11, 3.92904285496e-11, 2.99571339957e-11, 2.25743399668e-11, 1.72143028998e-12, 1.52117077615e-12, 4.87565716967e-12, 2.36175900885e-12, 5.40387504709e-13, 6.43899126726e-12, 6.8421813354e-12, 3.71854847261e-12, 1.01843360134e-12, 1.01074715004e-12, 7.50639676285e-13, 9.25350616444e-13, 9.60070131034e-13, 2.45869513985e-12, 1.88293239507e-12, 2.42097921571e-12, 4.63188471952e-12, 1.35035689228e-11],
        "var": [2.19778867177e-05, 0.00504063908011, 6.90136803314e-05, 2.53296293522e-05, 2.18847508222e-05, 1.62419394201e-06, 4.49786341505e-07, 1.9598489871e-06, 3.24431675836e-06, 3.61752358913e-06, 9.20268394111e-06, 1.27296902974e-06, 4.37595190306e-07, 1.66109472843e-07, 3.09020123268e-07, 2.58153562527e-07, 4.16065290665e-07, 3.03576968008e-07, 4.25300896723e-07, 2.84710068854e-07, 1.82552597039e-07, 3.97861299462e-07, 1.11016035476e-07, 6.1326453249e-08, 2.26007710324e-08, 2.11442916509e-08, 1.23720615974e-08]
    },
    "erbbands": {
        "dmean": [1.49953663349, 7.62749910355, 6.13687229156, 5.3419046402, 5.66968345642, 3.49993824959, 3.64252281189, 3.37114858627, 3.86472415924, 8.01717376709, 9.309882164, 11.0998353958, 18.6542434692, 12.8377876282, 31.8146324158, 12.354475975, 7.80638551712, 7.70517063141, 6.68057537079, 6.46511936188, 8.23616790771, 7.18633651733, 7.77399206161, 9.5135269165, 9.18819904327, 7.54979753494, 5.69066953659, 5.53212738037, 6.23111629486, 4.72480535507, 2.78130459785, 2.25683617592, 1.58397877216, 0.860064446926, 0.470196694136, 0.303080737591, 0.118815526366, 0.0498618781567, 0.00761848455295, 0.000386258529034],
        "dmean2": [2.53165817261, 13.2848386765, 10.7526922226, 9.3730096817, 9.11815071106, 5.86765384674, 6.27660894394, 5.63300609589, 6.45132160187, 11.4227380753, 13.5424957275, 17.1633396149, 28.0555915833, 20.6103019714, 50.3510322571, 19.1915206909, 11.1166744232, 11.6869983673, 10.3677787781, 10.0922203064, 12.627327919, 11.2847518921, 12.2480869293, 14.8655109406, 14.4232244492, 11.4176635742, 8.3001909256, 8.13943386078, 8.90844726562, 6.55446720123, 4.02551937103, 3.23111534119, 2.21963167191, 1.19825816154, 0.674852252007, 0.451107114553, 0.181394577026, 0.0780167430639, 0.0122345304117, 0.000608756556176],
        "dvar": [5.66482448578, 178.225402832, 159.028167725, 140.874511719, 492.565216064, 182.30380249, 146.493423462, 105.875778198, 104.09311676, 186.035125732, 350.579284668, 590.258911133, 2263.23217773, 1038.28344727, 10698.5849609, 635.250915527, 479.196533203, 392.881744385, 339.366882324, 214.838684082, 292.022888184, 277.455078125, 337.854522705, 486.256164551, 526.384216309, 402.188354492, 267.570373535, 200.092712402, 179.149032593, 95.3231964111, 35.5526008606, 23.6804790497, 9.3482093811, 2.34508395195, 0.652874410152, 0.306242763996, 0.0617323853076, 0.0157654210925, 0.000404796970543, 7.43334339859e-07],
        "dvar2": [15.7179889679, 523.347961426, 442.589294434, 373.493591309, 1184.19140625, 485.611877441, 386.526184082, 253.468383789, 260.537475586, 366.351165771, 754.552734375, 1432.55065918, 5134.38232422, 2673.87890625, 26442.2480469, 1549.03051758, 946.889160156, 854.34564209, 780.48626709, 488.098602295, 643.450256348, 654.543823242, 821.715270996, 1145.04370117, 1268.54162598, 913.15045166, 588.024719238, 431.014648438, 354.863006592, 183.524383545, 73.3428039551, 51.4047737122, 17.9556789398, 4.3192486763, 1.34367930889, 0.640909016132, 0.138031512499, 0.0366087295115, 0.00100451044273, 1.7561956156e-06],
        "max": [16.1320552826, 97.7288208008, 145.045822144, 118.286857605, 320.019256592, 202.27230835, 132.707550049, 143.714004517, 159.648956299, 257.529205322, 465.139678955, 346.687835693, 898.606811523, 467.278137207, 1875.05273438, 437.73538208, 337.660858154, 274.883148193, 514.093383789, 260.083740234, 209.942611694, 378.4765625, 266.431091309, 361.047698975, 386.318359375, 376.208343506, 177.544494629, 161.967681885, 203.031845093, 148.144927979, 88.8209228516, 46.6324615479, 27.8307323456, 14.2687854767, 5.80907583237, 4.23699426651, 2.01604437828, 0.992278218269, 0.152126327157, 0.00638697482646],
        "mean": [1.97271966934, 9.20034408569, 7.71579790115, 5.54384994507, 5.70837306976, 3.14733672142, 3.19024729729, 4.06597089767, 5.58030557632, 17.1838665009, 19.4285373688, 20.5417156219, 29.4046058655, 19.9636974335, 54.6813316345, 23.6435070038, 11.8435001373, 11.9475879669, 11.1567525864, 11.0414943695, 13.7486515045, 13.1666469574, 13.7912416458, 16.2420139313, 15.4264545441, 11.5050535202, 8.3947095871, 7.3543343544, 9.99063873291, 8.81471729279, 3.79597711563, 2.63129663467, 1.86313617229, 1.01617729664, 0.491670697927, 0.305034786463, 0.115953624249, 0.0445309057832, 0.0063878535293, 0.000383019680157],
        "median": [0.774991035461, 4.03842449188, 4.31236934662, 2.6964328289, 1.48981666565, 0.703851819038, 0.603980064392, 0.928775668144, 2.30557894707, 8.98062419891, 9.01224327087, 6.85291576385, 6.06187915802, 6.36313152313, 6.90131759644, 4.56917095184, 2.48787212372, 2.882604599, 1.88896989822, 1.83012390137, 1.95322442055, 1.97303414345, 2.58666753769, 2.2476503849, 2.11129379272, 1.83254361153, 1.59184885025, 1.34974789619, 1.43650186062, 1.21886730194, 0.640364229679, 0.390669584274, 0.27895116806, 0.190827488899, 0.0928700342774, 0.0567731708288, 0.0185267068446, 0.00390729214996, 0.000448920531198, 9.5082752523e-05],
        "min": [1.38022704377e-10, 4.00065258699e-10, 6.42436859266e-09, 5.34611688252e-09, 1.04487174468e-08, 9.21492393502e-09, 3.23330944241e-08, 1.06059403038e-07, 3.49829008428e-07, 1.05671472284e-06, 6.13929387328e-07, 5.45358147974e-07, 1.08661943443e-07, 4.5210772015e-08, 3.83948929539e-07, 1.71092835899e-07, 1.27196031485e-07, 3.5622505834e-08, 2.51743102808e-07, 2.52917800481e-07, 5.09083122324e-07, 2.37911919498e-07, 6.52005240909e-08, 3.24923234984e-08, 6.70563551353e-08, 3.56532119383e-08, 2.8229276694e-08, 4.55875053262e-08, 3.5828865208e-08, 4.50285284614e-08, 7.20873529758e-08, 4.10362481773e-08, 3.5148936206e-08, 2.42939517392e-08, 1.89319386834e-08, 1.42928540114e-08, 8.71309246975e-09, 4.94663954242e-09, 1.63238100814e-09, 2.24423563067e-10],
        "var": [8.07147026062, 185.278945923, 136.985214233, 113.778274536, 433.840576172, 134.484207153, 108.952598572, 104.160186768, 116.361190796, 550.925292969, 1219.01074219, 1259.36462402, 4989.20410156, 1535.54943848, 25245.4257812, 1775.72827148, 816.983642578, 646.279907227, 765.881469727, 513.836364746, 664.249023438, 808.918273926, 715.548706055, 1051.72631836, 1178.84912109, 635.939208984, 372.161102295, 292.18762207, 474.406738281, 340.600646973, 60.9360122681, 31.3933563232, 15.0436420441, 3.7933409214, 0.860803663731, 0.368468463421, 0.0668941512704, 0.0148508017883, 0.000335002405336, 6.96801805589e-07]
    },
    "gfcc": {
        "mean": [-39.2936325073, 82.9559555054, -79.1666488647, 36.9069099426, -37.141330719, 28.3404560089, -5.66419935226, 23.8369045258, -9.03190231323, 5.79883289337, -12.2934055328, 1.22823166847, -14.6594152451],
        "cov": [[18634.4199219, -1932.54064941, -884.161193848, 186.504104614, -1136.20410156, 187.637680054, 19.5971393585, 266.191802979, -286.835906982, 141.366165161, -247.530563354, 407.440002441, -78.0265960693], [-1932.54064941, 1987.59899902, -150.209259033, -183.651611328, 162.19883728, -240.705566406, 86.304069519, -12.0933980942, 194.622253418, -92.4919128418, 70.4595336914, -144.147201538, -33.465007782], [-884.161193848, -150.209259033, 1686.76464844, 38.4823150635, 171.630477905, 115.1822052, 25.507484436, 93.0385742188, -52.0200424194, 11.1289663315, -12.6660718918, 6.74416875839, 106.350067139], [186.504104614, -183.651611328, 38.4823150635, 614.710021973, 61.5904197693, 35.0738716125, -29.382774353, -83.5994644165, -14.5335006714, -31.4089107513, 12.495349884, -9.76495742798, 15.3696317673], [-1136.20410156, 162.19883728, 171.630477905, 61.5904197693, 473.773712158, 39.6487617493, 62.0038261414, -48.7432746887, 22.11369133, -31.8840999603, 58.5892448425, 42.58045578, 16.9314994812], [187.637680054, -240.705566406, 115.1822052, 35.0738716125, 39.6487617493, 241.684432983, 109.150650024, 66.0325698853, -2.73727869987, 2.05654239655, 11.6687164307, 21.0886878967, 56.2209320068], [19.5971393585, 86.304069519, 25.507484436, -29.382774353, 62.0038261414, 109.150650024, 267.184997559, 129.377243042, 101.471305847, 7.08482599258, 31.3354148865, 21.5639190674, 29.0257015228], [266.191802979, -12.0933980942, 93.0385742188, -83.5994644165, -48.7432746887, 66.0325698853, 129.377243042, 190.781616211, 76.3314590454, 44.5161323547, -6.59165382385, 5.50658130646, -2.62296867371], [-286.835906982, 194.622253418, -52.0200424194, -14.5335006714, 22.11369133, -2.73727869987, 101.471305847, 76.3314590454, 154.764663696, 36.9364509583, 31.4612426758, -28.1100463867, -14.6733255386], [141.366165161, -92.4919128418, 11.1289663315, -31.4089107513, -31.8840999603, 2.05654239655, 7.08482599258, 44.5161323547, 36.9364509583, 86.8374633789, 13.1739435196, 8.35696029663, -22.7004528046], [-247.530563354, 70.4595336914, -12.6660718918, 12.495349884, 58.5892448425, 11.6687164307, 31.3354148865, -6.59165382385, 31.4612426758, 13.1739435196, 82.9359970093, 29.9574947357, 20.3133335114], [407.440002441, -144.147201538, 6.74416875839, -9.76495742798, 42.58045578, 21.0886878967, 21.5639190674, 5.50658130646, -28.1100463867, 8.35696029663, 29.9574947357, 112.625656128, 30.046579361], [-78.0265960693, -33.465007782, 106.350067139, 15.3696317673, 16.9314994812, 56.2209320068, 29.0257015228, -2.62296867371, -14.6733255386, -22.7004528046, 20.3133335114, 30.046579361, 103.839073181]],
        "icov": [[8.55804537423e-05, 1.0012947314e-05, 3.17573758366e-05, -6.7028508056e-05, 0.000203803589102, -6.2745573814e-05, -5.15310894116e-05, -5.16839063494e-05, 7.25092395442e-05, -3.93107475247e-05, 0.000245169649133, -0.000438804447185, 0.000139431649586], [1.0012947314e-05, 0.000974063877948, 1.57611175382e-05, 0.000314007833367, -0.000269182201009, 0.001090286416, -0.000283463275991, -0.000185419878107, -0.000759984424803, 0.00145406799857, -0.00106111227069, 0.00122200674377, -0.000148574457853], [3.17573758366e-05, 1.57611175382e-05, 0.000792479782831, -0.00011581495346, -0.000436923000962, 5.74936930207e-05, 0.00021938685677, -0.000952324131504, 0.00074131070869, -0.000524674833287, 0.000252634694334, 0.000428775209002, -0.000994261470623], [-6.7028508056e-05, 0.000314007833367, -0.00011581495346, 0.00198916834779, -0.000253115373198, -0.000217006643652, 6.30936192465e-05, 0.00110619002953, -0.000882482214365, 0.000915481883567, -0.000600425351877, 0.000760986178648, 1.67858615896e-05], [0.000203803589102, -0.000269182201009, -0.000436923000962, -0.000253115373198, 0.00362240942195, -0.00108560745139, -0.000845353177283, 0.00189132569358, -0.000874483899679, 0.000979300122708, -0.000367235275917, -0.00285339378752, 0.00182054168545], [-6.2745573814e-05, 0.001090286416, 5.74936930207e-05, -0.000217006643652, -0.00108560745139, 0.00798819586635, -0.00293717882596, -0.0021790524479, 0.00240906956606, 1.12593497761e-05, -0.00172341347206, 0.00313114118762, -0.00333054247312], [-5.15310894116e-05, -0.000283463275991, 0.00021938685677, 6.30936192465e-05, -0.000845353177283, -0.00293717882596, 0.00928585417569, -0.00442120758817, -0.00449151638895, 0.00307649211027, -0.000692629197147, -0.00187382218428, -0.000627756817266], [-5.16839063494e-05, -0.000185419878107, -0.000952324131504, 0.00110619002953, 0.00189132569358, -0.0021790524479, -0.00442120758817, 0.0132050961256, -0.00426133256406, -0.00336891063489, 0.00395351322368, -0.0023262782488, 0.0017149108462], [7.25092395442e-05, -0.000759984424803, 0.00074131070869, -0.000882482214365, -0.000874483899679, 0.00240906956606, -0.00449151638895, -0.00426133256406, 0.0161506831646, -0.00607467070222, -0.00420150859281, 0.00535286497325, -0.000605688954238], [-3.93107475247e-05, 0.00145406799857, -0.000524674833287, 0.000915481883567, 0.000979300122708, 1.12593497761e-05, 0.00307649211027, -0.00336891063489, -0.00607467070222, 0.0201226957142, -0.00517673930153, -0.00157966068946, 0.00474053435028], [0.000245169649133, -0.00106111227069, 0.000252634694334, -0.000600425351877, -0.000367235275917, -0.00172341347206, -0.000692629197147, 0.00395351322368, -0.00420150859281, -0.00517673930153, 0.0206229351461, -0.00734784081578, -0.00267474981956], [-0.000438804447185, 0.00122200674377, 0.000428775209002, 0.000760986178648, -0.00285339378752, 0.00313114118762, -0.00187382218428, -0.0023262782488, 0.00535286497325, -0.00157966068946, -0.00734784081578, 0.0176467243582, -0.00451039988548], [0.000139431649586, -0.000148574457853, -0.000994261470623, 1.67858615896e-05, 0.00182054168545, -0.00333054247312, -0.000627756817266, 0.0017149108462, -0.000605688954238, 0.00474053435028, -0.00267474981956, -0.00451039988548, 0.0152072813362]]
    },
    "melbands": {
        "dmean": [0.0119533129036, 0.00528397690505, 0.000953026523348, 0.000325391069055, 0.00012488552602, 7.81726339483e-05, 5.79992374696e-05, 9.55242139753e-05, 8.46413604449e-05, 7.08549414412e-05, 9.24508713069e-05, 4.85002856294e-05, 9.00956656551e-05, 5.69306212128e-05, 2.274239705e-05, 1.82237436093e-05, 1.44496352732e-05, 1.01565974546e-05, 9.78470143309e-06, 1.16346218419e-05, 1.0321665286e-05, 8.70465555636e-06, 7.35362073101e-06, 8.09114499134e-06, 8.2723399828e-06, 6.79219192534e-06, 5.81666972721e-06, 5.48666912437e-06, 4.14818714489e-06, 3.59729142474e-06, 3.25825249092e-06, 3.4942381717e-06, 3.8730995584e-06, 2.55495865531e-06, 1.61866410053e-06, 1.60755280376e-06, 1.30166040435e-06, 1.20739844078e-06, 9.11309143703e-07, 6.58496901451e-07],
        "dmean2": [0.020450482145, 0.00925382133573, 0.00163534609601, 0.000537279527634, 0.000212860730244, 0.000130499349325, 9.58709351835e-05, 0.000135200170917, 0.000122902871226, 0.00010995384946, 0.000139074065373, 7.84824878792e-05, 0.000142184988363, 9.02286847122e-05, 3.42607127095e-05, 2.67211053142e-05, 2.24310842896e-05, 1.59138817253e-05, 1.55142806761e-05, 1.81359282578e-05, 1.60000618052e-05, 1.3935113202e-05, 1.20363238238e-05, 1.25609149109e-05, 1.30352918859e-05, 1.08910098788e-05, 9.21061291592e-06, 8.39680797071e-06, 6.24793619863e-06, 5.53616246179e-06, 4.81045572087e-06, 4.99023553857e-06, 5.71803275307e-06, 3.70903580915e-06, 2.36829396272e-06, 2.34614981309e-06, 1.87629336779e-06, 1.71349927314e-06, 1.29914417357e-06, 9.215975183e-07],
        "dvar": [0.000366145017324, 9.7147305496e-05, 5.44576232642e-06, 1.83665690656e-06, 1.68542300116e-07, 5.53527428337e-08, 2.13893418533e-08, 2.93784978567e-08, 3.24457793965e-08, 2.56847663138e-08, 5.63120821084e-08, 1.68482117147e-08, 7.53896003403e-08, 2.15675548532e-08, 4.07930444979e-09, 3.26043414489e-09, 1.24304677662e-09, 7.14914072386e-10, 5.60348989431e-10, 8.83158102205e-10, 4.89062623732e-10, 4.61377436256e-10, 4.2250447585e-10, 4.05918243462e-10, 4.07498063071e-10, 3.34180433326e-10, 2.26245230883e-10, 2.09860226419e-10, 1.6333151498e-10, 1.09394653058e-10, 5.98474880764e-11, 5.94161664313e-11, 8.7664216164e-11, 3.07740777306e-11, 1.36562167824e-11, 1.39983328748e-11, 7.78776348964e-12, 5.57074872343e-12, 3.05885720399e-12, 1.29610764395e-12],
        "dvar2": [0.00102900376078, 0.000282574241282, 1.35090949698e-05, 4.69974429507e-06, 4.36333806419e-07, 1.32557175903e-07, 5.31650776736e-08, 5.66807507596e-08, 6.63049988248e-08, 6.41613127073e-08, 1.2758700052e-07, 4.34069420407e-08, 1.86634181887e-07, 5.28731014526e-08, 8.64215099483e-09, 6.84992418343e-09, 2.82591816614e-09, 1.69068103961e-09, 1.28612231975e-09, 2.11837591912e-09, 1.11284903515e-09, 1.11133069414e-09, 1.09458198061e-09, 1.01239627792e-09, 9.51919765235e-10, 8.20423173842e-10, 5.68804170431e-10, 4.69856820118e-10, 3.93282739708e-10, 2.68260080816e-10, 1.23104623717e-10, 1.1298994379e-10, 2.00567965014e-10, 6.78298320289e-11, 2.84683231849e-11, 3.24357450621e-11, 1.75189984047e-11, 1.08581173566e-11, 6.09982160268e-12, 2.36057766216e-12],
        "max": [0.139216795564, 0.0879060328007, 0.0242114197463, 0.0201757177711, 0.00427048234269, 0.00311074918136, 0.00227720919065, 0.00325146154501, 0.00467137247324, 0.0022384414915, 0.00448556058109, 0.00173539156094, 0.00508403405547, 0.00268681417219, 0.00139400514308, 0.00088292453438, 0.000495229964145, 0.000677698815707, 0.00058576813899, 0.000529282609932, 0.000301660329569, 0.000433013017755, 0.000351286842488, 0.000435340421973, 0.000339663703926, 0.000309958850266, 0.000226889038458, 0.000307465204969, 0.000165761419339, 0.000121134151414, 9.07404100872e-05, 0.000104595063021, 0.000170589555637, 9.67508531176e-05, 7.02835604898e-05, 3.43956344295e-05, 2.8008766094e-05, 2.26348656724e-05, 1.62650376296e-05, 1.0389214367e-05],
        "mean": [0.0157109145075, 0.00686671724543, 0.00100693607237, 0.00031570327701, 0.000111599430966, 9.44898492889e-05, 8.46148905111e-05, 0.000202536568395, 0.000175042878254, 0.000122858647956, 0.000142745382618, 6.86382845743e-05, 0.000156515481649, 0.000100256598671, 3.9836148062e-05, 2.33249975281e-05, 2.21446462092e-05, 1.63098029589e-05, 1.53106993821e-05, 1.82357362064e-05, 1.66035097209e-05, 1.53405690071e-05, 1.11057406684e-05, 1.39160292747e-05, 1.32308705361e-05, 1.05363214971e-05, 8.65080255608e-06, 8.10281017039e-06, 5.63825597055e-06, 4.53407346868e-06, 4.27637314715e-06, 5.00397027281e-06, 6.79984214003e-06, 4.46862895842e-06, 2.1545679374e-06, 1.72026784639e-06, 1.48853064275e-06, 1.37661436383e-06, 1.0770403378e-06, 7.69657617639e-07],
        "median": [0.00713473791257, 0.00373045168817, 0.000462180789327, 7.54219508963e-05, 2.06079312193e-05, 2.22367343667e-05, 3.53380601155e-05, 0.000100081815617, 6.78267533658e-05, 3.84148370358e-05, 2.53934813372e-05, 1.71528117789e-05, 2.20513175009e-05, 1.65770834428e-05, 5.2574032452e-06, 3.39452481057e-06, 4.5239848987e-06, 2.61230479737e-06, 2.05712285606e-06, 1.66048300798e-06, 2.23490928875e-06, 1.87641239791e-06, 1.85246813089e-06, 2.15534601011e-06, 1.62818696481e-06, 1.12921361506e-06, 1.48932895172e-06, 1.08059089143e-06, 1.02699436866e-06, 8.38729192765e-07, 7.31135742171e-07, 7.81894414104e-07, 7.37506240966e-07, 6.42213763058e-07, 3.6204130538e-07, 2.33488805179e-07, 2.0541028789e-07, 1.77892417241e-07, 2.05510616524e-07, 1.51509226498e-07],
        "min": [9.76508912794e-13, 2.38996647993e-12, 1.23448809768e-12, 5.52328311126e-13, 8.96858379663e-13, 2.35941127746e-12, 6.04784234845e-12, 1.07742348029e-11, 5.1648811096e-12, 2.92726303266e-12, 1.29572852556e-13, 1.47872721555e-13, 8.18551173024e-13, 6.08489387349e-13, 5.053638172e-13, 1.34489777171e-13, 4.17222171796e-14, 3.32249039479e-13, 4.55579692894e-13, 3.00159636729e-13, 5.92975213203e-13, 2.17215975025e-13, 4.8048123504e-14, 4.3016764738e-14, 2.17108096908e-14, 4.64243444034e-14, 3.86991464265e-14, 2.17429156277e-14, 1.57811978952e-14, 2.06902654325e-14, 2.69492493778e-14, 2.09304805882e-14, 1.63423250355e-14, 2.89218586688e-14, 3.76743686974e-14, 4.04753880694e-14, 2.13328364847e-14, 2.67258003922e-14, 1.88632373881e-14, 2.10390346366e-14],
        "var": [0.000487964978674, 9.27918881644e-05, 4.77269850307e-06, 1.46344689256e-06, 1.30987714897e-07, 5.4700816321e-08, 2.46385027936e-08, 8.34236004721e-08, 1.25982182908e-07, 4.65856047072e-08, 1.24916780919e-07, 2.28117666978e-08, 1.76867018808e-07, 5.43595497504e-08, 1.08049240666e-08, 4.58924453994e-09, 2.11120410043e-09, 1.50492907025e-09, 1.2427305851e-09, 1.90465643257e-09, 1.12515441408e-09, 1.39165301505e-09, 6.13839423735e-10, 9.76630665228e-10, 8.62347970809e-10, 6.33661678684e-10, 3.27526616939e-10, 3.55572959965e-10, 1.90250787346e-10, 1.25843502286e-10, 9.45927849938e-11, 1.18032097984e-10, 2.83477102903e-10, 8.98530763682e-11, 2.29334953805e-11, 1.60543869865e-11, 1.0075085731e-11, 8.61750081016e-12, 4.75183477636e-12, 2.0885702022e-12]
    },
    "mfcc": {
        "mean": [-693.49621582, 116.620651245, 23.322259903, 29.1962184906, 6.78888463974, 16.3664493561, 16.4881000519, 22.3395004272, 16.0931758881, 11.8916578293, 13.4986200333, 7.984790802, 8.31440067291],
        "cov": [[14673.9228516, -474.158630371, -1075.5526123, -33.1915473938, -857.81060791, -222.575881958, -294.810119629, 137.463180542, -112.826339722, -77.3680114746, -106.907531738, -183.39012146, 288.005950928], [-474.158630371, 1855.58935547, -5.57432460785, -68.5510101318, -1.51631963253, -158.516525269, -25.5951423645, 59.3949356079, 85.4216308594, 32.1460380554, 107.352333069, 60.2266464233, 9.08154964447], [-1075.5526123, -5.57432460785, 1124.93017578, 85.4802322388, 179.915374756, -1.21686089039, 127.224067688, 3.76466584206, 92.6128387451, 45.9012184143, -49.5336647034, 25.8367481232, -145.024291992], [-33.1915473938, -68.5510101318, 85.4802322388, 439.860687256, 135.345779419, 89.5733642578, -18.0172348022, 0.7394348979, -38.9564247131, -41.1348152161, 21.0297412872, -8.36182403564, 42.4823722839], [-857.81060791, -1.51631963253, 179.915374756, 135.345779419, 345.004089355, 113.972366333, 71.7540359497, -26.3937931061, -35.7099876404, -55.7643280029, -27.5788269043, 6.36326026917, -40.5807037354], [-222.575881958, -158.516525269, -1.21686089039, 89.5733642578, 113.972366333, 188.118743896, 81.7867736816, 41.8718566895, -5.18395423889, 0.121439777315, -16.8509693146, -17.0330123901, 15.1957101822], [-294.810119629, -25.5951423645, 127.224067688, -18.0172348022, 71.7540359497, 81.7867736816, 165.261962891, 97.1238021851, 57.5442390442, 33.6428184509, -18.1702327728, -2.77519965172, 7.79865789413], [137.463180542, 59.3949356079, 3.76466584206, 0.7394348979, -26.3937931061, 41.8718566895, 97.1238021851, 179.125305176, 90.8021316528, 64.3519210815, 19.9127826691, -8.09691810608, 62.0594787598], [-112.826339722, 85.4216308594, 92.6128387451, -38.9564247131, -35.7099876404, -5.18395423889, 57.5442390442, 90.8021316528, 137.434280396, 92.9781646729, 30.6852207184, 16.789144516, 3.11669778824], [-77.3680114746, 32.1460380554, 45.9012184143, -41.1348152161, -55.7643280029, 0.121439777315, 33.6428184509, 64.3519210815, 92.9781646729, 126.96698761, 60.0298728943, 22.2970371246, 7.27763938904], [-106.907531738, 107.352333069, -49.5336647034, 21.0297412872, -27.5788269043, -16.8509693146, -18.1702327728, 19.9127826691, 30.6852207184, 60.0298728943, 122.519577026, 52.0841140747, 24.8220767975], [-183.39012146, 60.2266464233, 25.8367481232, -8.36182403564, 6.36326026917, -17.0330123901, -2.77519965172, -8.09691810608, 16.789144516, 22.2970371246, 52.0841140747, 86.9302139282, 17.0364303589], [288.005950928, 9.08154964447, -145.024291992, 42.4823722839, -40.5807037354, 15.1957101822, 7.79865789413, 62.0594787598, 3.11669778824, 7.27763938904, 24.8220767975, 17.0364303589, 146.161407471]],
