{
"lowlevel": {
    "average_loudness": 0.895853340626,
    "barkbands_crest": {
        "dmean": 3.8269007206,
        "dmean2": 6.41580915451,
        "dvar": 9.73759555817,
        "dvar2": 26.6586914062,
        "max": 26.4709835052,
        "mean": 14.5198564529,
        "median": 14.0041589737,
        "min": 2.30244207382,
        "var": 25.5165214539
    },
    "barkbands_flatness_db": {
        "dmean": 0.0379838868976,
        "dmean2": 0.0611642077565,
        "dvar": 0.00134086969774,
        "dvar2": 0.00310375774279,
        "max": 0.512386202812,
        "mean": 0.22895501554,
        "median": 0.228923603892,
        "min": 0.0300472639501,
        "var": 0.00745143555105
    },
    "barkbands_kurtosis": {
        "dmean": 17.4218482971,
        "dmean2": 28.9288959503,
        "dvar": 1171.61962891,
        "dvar2": 3166.29663086,
        "max": 627.75012207,
        "mean": 29.3318405151,
        "median": 16.5800628662,
        "min": -1.89242613316,
        "var": 1958.46643066
    },
    "barkbands_skewness": {
        "dmean": 1.23179936409,
        "dmean2": 2.00042128563,
        "dvar": 1.86403155327,
        "dvar2": 4.79583024979,
        "max": 21.9911594391,
        "mean": 3.83004879951,
        "median": 3.44665336609,
        "min": -2.05961179733,
        "var": 6.06326389313
    },
    "barkbands_spread": {
        "dmean": 4.35993623734,
        "dmean2": 7.11946249008,
        "dvar": 37.5315284729,
        "dvar2": 93.2598114014,
        "max": 132.369735718,
        "mean": 11.4112300873,
        "median": 6.78142213821,
        "min": 0.147463679314,
        "var": 166.770248413
    },
    "dissonance": {
        "dmean": 0.0216461028904,
        "dmean2": 0.0363109633327,
        "dvar": 0.000458579597762,
        "dvar2": 0.00124046893325,
        "max": 0.499909549952,
        "mean": 0.45053601265,
        "median": 0.462476402521,
        "min": 0.202539771795,
        "var": 0.00169221882243
    },
    "dynamic_complexity": 3.86081624031,
    "erbbands_crest": {
        "dmean": 2.38242459297,
        "dmean2": 3.86737751961,
        "dvar": 4.85630369186,
        "dvar2": 11.7489061356,
        "max": 31.1755638123,
        "mean": 8.77695655823,
        "median": 7.7417883873,
        "min": 1.96550869942,
        "var": 17.8508682251
    },
    "erbbands_flatness_db": {
        "dmean": 0.020221317187,
        "dmean2": 0.0293427743018,
        "dvar": 0.00055242178496,
        "dvar2": 0.0010897712782,
        "max": 0.346572518349,
        "mean": 0.161730036139,
        "median": 0.159702196717,
        "min": 0.0210595373064,
        "var": 0.00306825828739
    },
    "erbbands_kurtosis": {
        "dmean": 1.41854166985,
        "dmean2": 2.27808117867,
        "dvar": 6.14743232727,
        "dvar2": 15.4306116104,
        "max": 119.102157593,
        "mean": 1.65416824818,
        "median": 0.086859703064,
        "min": -1.86451566219,
        "var": 21.9629611969
    },
    "erbbands_skewness": {
        "dmean": 0.441516190767,
        "dmean2": 0.688344120979,
        "dvar": 0.19851860404,
        "dvar2": 0.471110910177,
        "max": 8.65955257416,
        "mean": 0.562902152538,
        "median": 0.373973071575,
        "min": -3.22911596298,
        "var": 1.26875400543
    },
    "erbbands_spread": {
        "dmean": 9.12102413177,
        "dmean2": 13.8322782516,
        "dvar": 101.622261047,
        "dvar2": 205.838348389,
        "max": 176.540176392,
        "mean": 42.0442581177,
        "median": 38.6335220337,
        "min": 2.59648990631,
        "var": 488.206878662
    },
    "hfc": {
        "dmean": 6.47437429428,
        "dmean2": 9.85311222076,
        "dvar": 165.10710144,
        "dvar2": 392.797210693,
        "max": 156.822052002,
        "mean": 13.0073032379,
        "median": 8.1907377243,
        "min": 5.05712982601e-09,
        "var": 256.263397217
    },
    "melbands_crest": {
        "dmean": 3.8279311657,
        "dmean2": 6.48756504059,
        "dvar": 9.80133914948,
        "dvar2": 27.299697876,
        "max": 36.0653305054,
        "mean": 18.5774536133,
        "median": 18.4520492554,
        "min": 3.29040718079,
        "var": 23.9134693146
    },
    "melbands_flatness_db": {
        "dmean": 0.0436707027256,
        "dmean2": 0.0703518688679,
        "dvar": 0.00177948828787,
        "dvar2": 0.00404913630337,
        "max": 0.659028887749,
        "mean": 0.342821717262,
        "median": 0.348010122776,
        "min": 0.0252486635,
        "var": 0.0110101560131
    },
    "melbands_kurtosis": {
        "dmean": 27.2754573822,
        "dmean2": 44.4995346069,
        "dvar": 1733.9876709,
        "dvar2": 4383.51074219,
        "max": 825.350891113,
        "mean": 54.6527786255,
        "median": 35.3010864258,
        "min": -1.69998502731,
        "var": 4709.39013672
    },
    "melbands_skewness": {
        "dmean": 1.3637816906,
        "dmean2": 2.18169546127,
        "dvar": 1.82235705853,
        "dvar2": 4.48881959915,
        "max": 21.3359737396,
        "mean": 5.03764629364,
        "median": 4.63339996338,
        "min": -0.658291995525,
        "var": 7.2507019043
    },
    "melbands_spread": {
        "dmean": 3.98006010056,
        "dmean2": 6.54232263565,
        "dvar": 37.1643638611,
        "dvar2": 92.9160079956,
        "max": 159.351135254,
        "mean": 8.9104757309,
        "median": 4.63214206696,
        "min": 0.309668451548,
        "var": 128.119049072
    },
    "pitch_salience": {
        "dmean": 0.110900729895,
        "dmean2": 0.184408962727,
        "dvar": 0.00915419589728,
        "dvar2": 0.0241115186363,
        "max": 0.903074979782,
        "mean": 0.439230769873,
        "median": 0.446963042021,
        "min": 0.0508991517127,
        "var": 0.0220553111285
    },
    "silence_rate_20dB": {
        "dmean": 0.0005353318993,
        "dmean2": 0.00107073551044,
        "dvar": 0.000535167520866,
        "dvar2": 0.00160544528626,
        "max": 1,
        "mean": 0.999732375145,
        "median": 1,
        "min": 0,
        "var": 0.000267530413112
    },
    "silence_rate_30dB": {
        "dmean": 0.124866165221,
        "dmean2": 0.249682128429,
        "dvar": 0.109284065664,
        "dvar2": 0.242051884532,
        "max": 1,
        "mean": 0.843961179256,
        "median": 1,
        "min": 0,
        "var": 0.131666466594
    },
    "silence_rate_60dB": {
        "dmean": 0.00615631695837,
        "dmean2": 0.0122465370223,
        "dvar": 0.00611862028018,
        "dvar2": 0.0146390898153,
        "max": 1,
        "mean": 0.0885915011168,
        "median": 0,
        "min": 0,
        "var": 0.0807447433472
    },
    "spectral_centroid": {
        "dmean": 193.694778442,
        "dmean2": 306.759124756,
        "dvar": 69666.078125,
        "dvar2": 159393.515625,
        "max": 3714.4296875,
        "mean": 738.564147949,
        "median": 557.679382324,
        "min": 110.42666626,
        "var": 311003.28125
    },
    "spectral_complexity": {
        "dmean": 2.97283196449,
        "dmean2": 4.32369661331,
        "dvar": 18.8117637634,
        "dvar2": 30.3814544678,
        "max": 64,
        "mean": 13.5200405121,
        "median": 11,
        "min": 0,
        "var": 97.982170105
    },
    "spectral_decrease": {
        "dmean": 8.0712894146e-09,
        "dmean2": 1.33559661109e-08,
        "dvar": 1.10690437601e-16,
        "dvar2": 2.96578686784e-16,
        "max": 2.77841398165e-17,
        "mean": -1.42009435322e-08,
        "median": -9.48825285008e-09,
        "min": -1.07595560905e-07,
        "var": 1.88442410861e-16
    },
    "spectral_energy": {
        "dmean": 0.0308841913939,
        "dmean2": 0.0510399080813,
        "dvar": 0.00161363137886,
        "dvar2": 0.00430777296424,
        "max": 0.40960291028,
        "mean": 0.054777033627,
        "median": 0.0368226654828,
        "min": 3.80539566872e-13,
        "var": 0.00276002730243
    },
    "spectral_energyband_high": {
        "dmean": 0.000305923778797,
        "dmean2": 0.000468362355605,
        "dvar": 1.18205605304e-06,
        "dvar2": 3.15725765176e-06,
        "max": 0.0156389418989,
        "mean": 0.000396832765546,
        "median": 3.96136529162e-05,
        "min": 2.82246990536e-13,
        "var": 1.25644373838e-06
    },
    "spectral_energyband_low": {
        "dmean": 0.0275332499295,
        "dmean2": 0.0461365617812,
        "dvar": 0.00134451594204,
        "dvar2": 0.00369637389667,
        "max": 0.389036625624,
        "mean": 0.0436862595379,
        "median": 0.0269800759852,
        "min": 1.49485272386e-14,
        "var": 0.00219206348993
    },
    "spectral_energyband_middle_high": {
        "dmean": 0.00106996297836,
        "dmean2": 0.00159403763246,
        "dvar": 7.40798896004e-06,
        "dvar2": 1.70987568708e-05,
        "max": 0.0553308203816,
        "mean": 0.00256144907326,
        "median": 0.00120054802392,
        "min": 3.93896476851e-14,
        "var": 1.54490207933e-05
    },
    "spectral_energyband_middle_low": {
        "dmean": 0.00836708955467,
        "dmean2": 0.0138826211914,
        "dvar": 0.0002864645503,
        "dvar2": 0.000719176896382,
        "max": 0.169030159712,
        "mean": 0.0112190572545,
        "median": 0.00452624959871,
        "min": 1.8999208199e-14,
        "var": 0.00031621119706
    },
    "spectral_entropy": {
        "dmean": 0.226623758674,
        "dmean2": 0.355256050825,
        "dvar": 0.0685696452856,
        "dvar2": 0.15291339159,
        "max": 8.9204492569,
        "mean": 7.08440828323,
        "median": 7.08903980255,
        "min": 4.24204206467,
        "var": 0.438966095448
    },
    "spectral_flux": {
        "dmean": 0.0451437570155,
        "dmean2": 0.0731463804841,
        "dvar": 0.0027920063585,
        "dvar2": 0.00642387103289,
        "max": 0.467084765434,
        "mean": 0.118034161627,
        "median": 0.0992551967502,
        "min": 9.71813733486e-06,
        "var": 0.00672546960413
    },
    "spectral_kurtosis": {
        "dmean": 3.38412904739,
        "dmean2": 5.6212515831,
        "dvar": 27.1164703369,
        "dvar2": 76.5360107422,
        "max": 78.7798309326,
        "mean": 8.75261306763,
        "median": 6.58602237701,
        "min": -0.255105733871,
        "var": 60.8796043396
    },
    "spectral_rms": {
        "dmean": 0.00183981540613,
        "dmean2": 0.00298409722745,
        "dvar": 3.77104038307e-06,
        "dvar2": 9.51932815951e-06,
        "max": 0.0199903119355,
        "mean": 0.00649522943422,
        "median": 0.00599370943382,
        "min": 1.92680591482e-08,
        "var": 1.12531979539e-05
    },
    "spectral_rolloff": {
        "dmean": 254.212432861,
        "dmean2": 447.412841797,
        "dvar": 410540.6875,
        "dvar2": 1241235.875,
        "max": 19745.9472656,
        "mean": 557.633605957,
        "median": 193.798828125,
        "min": 64.599609375,
        "var": 2272489.5
    },
    "spectral_skewness": {
        "dmean": 0.344129800797,
        "dmean2": 0.555077731609,
        "dvar": 0.164233624935,
        "dvar2": 0.435560554266,
        "max": 6.24944972992,
        "mean": 2.14401388168,
        "median": 2.06112074852,
        "min": 0.339156389236,
        "var": 0.687057554722
    },
    "spectral_spread": {
        "dmean": 637739.4375,
        "dmean2": 918106.5625,
        "dvar": 765763059712,
        "dvar2": 1.49341732864e+12,
        "max": 13806068,
        "mean": 4454961,
        "median": 4023089.25,
        "min": 822134,
        "var": 5.142740992e+12
    },
    "spectral_strongpeak": {
        "dmean": 0.261205613613,
        "dmean2": 0.446446090937,
        "dvar": 0.122602432966,
        "dvar2": 0.32796561718,
        "max": 5.99755001068,
        "mean": 0.462208598852,
        "median": 0.34420645237,
        "min": 0,
        "var": 0.192562893033
    },
    "zerocrossingrate": {
        "dmean": 0.00695536099374,
        "dmean2": 0.0085206925869,
        "dvar": 6.61283556838e-05,
        "dvar2": 8.71056836331e-05,
        "max": 0.6259765625,
        "mean": 0.0305586624891,
        "median": 0.02099609375,
        "min": 0.00244140625,
        "var": 0.00186568708159
    },
    "barkbands": {
        "dmean": [0.000819341570605, 0.0215289182961, 0.00874948315322, 0.00496852304786, 0.00302123045549, 0.000981556484476, 0.000454057269963, 0.000277785438811, 0.00021558109438, 0.000267163908575, 0.000213268678635, 0.000126141589135, 0.000171699313796, 0.000230812060181, 0.000151064814418, 0.000112840527436, 0.000120428696391, 0.000135595226311, 7.59349350119e-05, 6.54255054542e-05, 5.88803668506e-05, 7.85691954661e-05, 6.59337456455e-05, 2.67764062301e-05, 2.12808681681e-05, 2.84581929009e-05, 6.07038691669e-06],
        "dmean2": [0.00136651808862, 0.0366539172828, 0.0149038704112, 0.00855271145701, 0.00514401029795, 0.00172216584906, 0.000784793170169, 0.000467618607217, 0.000341818085872, 0.000422528421041, 0.000314383389195, 0.000199751928449, 0.000294282770483, 0.000374097842723, 0.000238139749854, 0.000186270306585, 0.000195273911231, 0.000201403076062, 0.000114308379125, 0.000105192812043, 8.96707861102e-05, 0.000135628448334, 0.000105063954834, 4.07461702707e-05, 3.25228975271e-05, 4.49291037512e-05, 8.74369470694e-06],
        "dvar": [2.33537821259e-06, 0.000918631441891, 0.000228409015108, 0.00010309053323, 6.12500516581e-05, 6.98821440892e-06, 1.79911125997e-06, 5.82327743359e-07, 4.36988642605e-07, 5.59017905744e-07, 1.91966435636e-07, 6.07904908634e-08, 3.69928329746e-07, 3.17185708809e-07, 1.52861403535e-07, 8.10103628623e-08, 1.67141479324e-07, 3.16979281934e-07, 6.68776607426e-08, 6.65554651391e-08, 4.273143972e-08, 1.35198717999e-07, 5.66560984794e-08, 5.53350787413e-09, 3.17165782526e-09, 5.62491209166e-09, 2.27309088219e-10],
        "dvar2": [5.82512757319e-06, 0.00267731631175, 0.000620237027761, 0.000272211560514, 0.000158617054694, 1.96673117898e-05, 4.77855655845e-06, 1.57530394063e-06, 9.20058596421e-07, 1.39755866257e-06, 3.86380719419e-07, 1.40086314104e-07, 1.03291256437e-06, 8.26784742003e-07, 3.10019146355e-07, 2.14947391441e-07, 4.13953131329e-07, 6.05614957294e-07, 1.60084397294e-07, 1.73417831206e-07, 1.01314519441e-07, 3.90782332715e-07, 1.53384306145e-07, 1.32886048831e-08, 7.36294980541e-09, 1.4008232796e-08, 4.76586492493e-10],
        "max": [0.0264264252037, 0.367538303137, 0.151474967599, 0.115298606455, 0.0812424495816, 0.0351901091635, 0.0214331895113, 0.0121271368116, 0.0288126897067, 0.0234591662884, 0.0119970086962, 0.00597716867924, 0.00972188357264, 0.0136287473142, 0.010984593071, 0.0045956177637, 0.0184750966728, 0.0255330689251, 0.00490476191044, 0.00403834320605, 0.00268226489425, 0.00622689258307, 0.00334908138029, 0.000971715140622, 0.00065917824395, 0.00084091728786, 0.000170790881384],
        "mean": [0.00105177471414, 0.0291006043553, 0.0105850808322, 0.00531899789348, 0.00315387174487, 0.00116005458403, 0.000563095789403, 0.000359049154213, 0.000379188219085, 0.00043362667202, 0.000498457055073, 0.000216975764488, 0.000229456622037, 0.00035394448787, 0.000251641031355, 0.000181031049578, 0.000201948205358, 0.000192547697225, 0.000112966401502, 7.87300450611e-05, 8.95699049579e-05, 8.66574191605e-05, 8.08959885035e-05, 3.715413186e-05, 2.6443562092e-05, 2.71378175967e-05, 6.39493373455e-06],
        "median": [0.000343647727277, 0.0156103242189, 0.00477771414444, 0.000938840326853, 0.00076331931632, 0.000424042082159, 0.00020654333639, 0.000146823382238, 0.000113663969387, 0.000105101637018, 0.00011375991744, 7.74142099544e-05, 7.19980162103e-05, 0.000113741873065, 8.01832720754e-05, 5.27942283952e-05, 4.86407152493e-05, 2.54527913057e-05, 1.64211323863e-05, 6.57335658616e-06, 7.00944838172e-06, 7.29512839825e-06, 3.27691986968e-06, 3.12329734697e-06, 2.64645495918e-06, 1.76528749307e-06, 2.42111099169e-07],
        "min": [3.6295827658e-15, 6.84765744406e-15, 4.4229062009e-15, 3.39421687371e-15, 5.70923288097e-15, 1.63063784396e-15, 1.08903429693e-16, 1.29199163642e-15, 4.67858351954e-15, 9.50481335212e-15, 4.81389068012e-15, 3.91887119882e-15, 1.71761446923e-15, 4.2291342852e-15, 3.71152346256e-15, 5.6335668984e-16, 3.56387249085e-15, 3.93748728894e-15, 2.07043693781e-15, 4.45247061537e-15, 3.92138773371e-15, 7.3910028217e-15, 6.23994560924e-15, 6.77869540963e-15, 2.08993301045e-14, 6.05238922131e-14, 1.78095995525e-13],
        "var": [3.68740165868e-06, 0.00129582418595, 0.000250646378845, 0.000106040846731, 5.30265388079e-05, 5.32911553819e-06, 1.59567332503e-06, 5.50520496745e-07, 1.29839202145e-06, 1.13159433113e-06, 1.10628320726e-06, 1.40810016092e-07, 3.20708835488e-07, 4.88482839955e-07, 3.24519419337e-07, 1.28653098841e-07, 2.62333713863e-07, 5.44444390016e-07, 1.01696116417e-07, 6.75892337654e-08, 6.68352342359e-08, 1.03232970616e-07, 5.49829728413e-08, 8.25493273737e-09, 4.21373647086e-09, 5.55217205545e-09, 3.16017351176e-10]
    },
    "erbbands": {
        "dmean": [0.598744928837, 5.02676105499, 9.73499011993, 13.8711585999, 13.9474782944, 8.80152511597, 5.66833353043, 9.45841693878, 8.42213916779, 5.02843523026, 6.28456926346, 4.93924760818, 9.01336860657, 6.0027384758, 8.35332012177, 5.69574260712, 8.08603858948, 11.5170755386, 7.60517072678, 7.5528178215, 5.83019018173, 6.19352579117, 7.09216403961, 4.99670648575, 3.37332844734, 3.16636013985, 2.74939012527, 2.39163446426, 3.09416437149, 2.35300803185, 1.56640517712, 0.756909132004, 0.335275501013, 0.231716066599, 0.153788298368, 0.112749919295, 0.0581909157336, 0.00936681590974, 0.00109311484266, 8.08350741863e-05],
        "dmean2": [1.00003814697, 8.5991191864, 16.5362548828, 23.3442440033, 23.6136016846, 15.0019445419, 9.60678386688, 16.6583080292, 14.7994728088, 8.20123100281, 10.6618919373, 7.83817672729, 14.003534317, 9.37835216522, 12.4368181229, 8.9232711792, 13.8819599152, 18.5845718384, 12.5358076096, 11.5632886887, 9.31335926056, 9.88425731659, 10.6282577515, 7.74670886993, 5.24156856537, 5.07990550995, 4.48363733292, 3.52329349518, 5.36466646194, 3.89446258545, 2.49374055862, 1.13408064842, 0.50771266222, 0.350522905588, 0.23763781786, 0.176182806492, 0.0934716388583, 0.0141418594867, 0.00160274258815, 0.000120828612125],
        "dvar": [0.837368547916, 51.1700210571, 243.006088257, 644.988708496, 1202.55749512, 465.199432373, 162.747497559, 675.852722168, 636.991516113, 115.22820282, 391.768371582, 266.769012451, 620.74597168, 215.875793457, 368.936004639, 144.15385437, 877.541625977, 865.694274902, 305.512420654, 399.562896729, 232.695877075, 437.661346436, 857.682800293, 344.258117676, 138.130752563, 166.779403687, 91.9982528687, 86.9149856567, 223.268417358, 94.9196090698, 28.7821788788, 4.71054172516, 0.818838357925, 0.386356681585, 0.162203654647, 0.0845373123884, 0.0244292337447, 0.000576218648348, 7.24108849681e-06, 2.03107521912e-08],
        "dvar2": [2.38708090782, 148.118179321, 666.354797363, 1688.98681641, 3065.88452148, 1250.64001465, 429.370361328, 1910.38745117, 1738.77001953, 307.596832275, 1032.5345459, 537.067443848, 1484.8605957, 538.307373047, 738.706237793, 325.647796631, 2459.73510742, 2246.36523438, 797.609924316, 733.115905762, 566.035217285, 981.647033691, 1603.94628906, 812.555786133, 352.472869873, 434.429992676, 233.479598999, 213.485702515, 641.819091797, 270.918304443, 77.1161651611, 11.8233671188, 1.80828726292, 0.879712224007, 0.385320395231, 0.205608129501, 0.0619579404593, 0.00132997904439, 1.5965601051e-05, 4.15225862582e-08],
        "max": [10.1173629761, 87.6420211792, 182.695373535, 289.105316162, 363.067108154, 252.188659668, 157.043945312, 326.027587891, 367.970489502, 163.726913452, 581.903625488, 827.606140137, 912.409057617, 378.57409668, 583.977661133, 312.698425293, 481.63079834, 748.651916504, 246.663024902, 684.399414062, 438.331512451, 953.102966309, 1397.35095215, 395.058502197, 188.592254639, 182.798309326, 132.152420044, 143.718582153, 260.495727539, 145.309310913, 76.595993042, 30.9224281311, 10.4815502167, 7.31610202789, 4.64215183258, 3.2124004364, 1.77354705334, 0.261528193951, 0.0286829341203, 0.0016349775251],
        "mean": [0.814785540104, 6.53392744064, 12.4896812439, 16.5398807526, 14.2286663055, 9.52087783813, 7.22579717636, 10.931555748, 9.8426733017, 7.57589149475, 7.80328702927, 9.06310939789, 15.6702871323, 11.4315137863, 18.3891468048, 10.4378814697, 11.4265422821, 17.6294822693, 13.1240434647, 13.4962587357, 10.208527565, 10.8191003799, 10.4631471634, 7.58075761795, 4.72178936005, 3.76039981842, 3.83123755455, 3.33694028854, 3.28493452072, 2.88648748398, 2.00421261787, 1.03065252304, 0.478515177965, 0.303092479706, 0.181339651346, 0.111855939031, 0.0544817522168, 0.00929738394916, 0.00114307086915, 0.000117951291031],
        "median": [0.452527046204, 3.28174877167, 6.86553001404, 4.81332302094, 2.62147808075, 2.62442541122, 3.1295542717, 3.4983189106, 3.92747735977, 3.19769263268, 2.98845243454, 2.55994677544, 4.18947029114, 3.23626661301, 4.23827028275, 3.70825505257, 4.03914499283, 5.9608836174, 4.7420668602, 4.18619394302, 2.99313521385, 2.58989596367, 1.76123952866, 0.989299118519, 0.666924417019, 0.308504492044, 0.296567767859, 0.281377971172, 0.284908950329, 0.161560356617, 0.0896971970797, 0.0758374482393, 0.0480863712728, 0.0327323116362, 0.0195360966027, 0.00908065959811, 0.00323082320392, 0.00045963076991, 6.63901591906e-05, 5.14784042025e-05],
        "min": [2.33338928691e-13, 1.43867665177e-12, 4.66046212039e-12, 9.17032422221e-12, 1.44430639323e-11, 2.00219858054e-11, 1.95517005364e-11, 1.08795247117e-11, 2.85484331487e-12, 6.95229464276e-12, 4.3289503926e-11, 1.01265169861e-10, 2.21549764645e-10, 3.26833310416e-10, 1.20694426675e-10, 1.79794221178e-10, 9.11346970112e-11, 1.72341099725e-10, 2.08606909524e-10, 1.3178512448e-10, 5.93302629248e-11, 1.9869640655e-10, 2.060669968e-10, 1.444036557e-10, 1.31375965662e-10, 1.93446925145e-10, 1.54197127289e-10, 1.94574620305e-10, 2.71650368866e-10, 2.01806862887e-10, 1.98280933339e-10, 1.38255198956e-10, 1.33308225569e-10, 2.25290758271e-10, 1.68701372316e-10, 2.82136480845e-10, 9.59083576446e-11, 3.59457220933e-11, 2.39545987213e-11, 3.30416011392e-12],
        "var": [1.12801647186, 69.9542541504, 265.352752686, 765.666687012, 1105.81481934, 409.078125, 152.284439087, 529.702880859, 493.868896484, 158.667938232, 388.758026123, 849.467224121, 1494.80993652, 583.308837891, 1994.23706055, 343.849884033, 747.435241699, 1183.80004883, 538.593017578, 936.24810791, 425.68057251, 776.089416504, 1542.13208008, 490.173156738, 173.720855713, 167.946884155, 124.852470398, 111.378120422, 164.92250061, 82.9784317017, 30.365896225, 6.47462081909, 1.39384913445, 0.565330564976, 0.196773886681, 0.0872254669666, 0.0232223570347, 0.000686336308718, 9.39235724218e-06, 3.25590150396e-08]
    },
    "gfcc": {
        "mean": [-60.4557495117, 128.945953369, -76.2066574097, 30.9133758545, -30.3031902313, 22.9417648315, -24.3669929504, 4.74379062653, -10.2780447006, 2.02066373825, -11.3359127045, 1.02603292465, -8.55045986176],
        "cov": [[15608.4951172, -762.77355957, -1938.43286133, 790.383056641, 412.318725586, 92.8743972778, -174.748123169, 185.031387329, -200.667526245, 39.0784606934, -246.178451538, 163.874252319, -322.440185547], [-762.77355957, 2216.45849609, -614.831359863, -245.088897705, 801.550537109, -296.112731934, 124.338684082, -134.807266235, 170.696777344, -230.765701294, 161.574005127, -222.557403564, 215.948822021], [-1938.43286133, -614.831359863, 1930.49890137, -158.986862183, -719.83404541, 363.778503418, -93.8784332275, 2.13475227356, -105.532264709, 142.492355347, -179.52041626, 46.7430992126, -79.7200698853], [790.383056641, -245.088897705, -158.986862183, 336.867828369, 45.2824745178, -3.3677687645, 6.32938051224, -14.7995901108, 17.5529594421, -5.21987819672, 20.3592567444, -27.8595752716, -10.8441905975], [412.318725586, 801.550537109, -719.83404541, 45.2824745178, 978.268066406, -220.60357666, 27.9168701172, -18.6098384857, 103.775611877, -102.895957947, 75.8882751465, -130.045440674, 69.4424362183], [92.8743972778, -296.112731934, 363.778503418, -3.3677687645, -220.60357666, 295.748748779, -15.3271665573, 13.4463720322, 1.67146158218, 36.7164993286, -39.5762443542, 37.3977279663, -17.8421077728], [-174.748123169, 124.338684082, -93.8784332275, 6.32938051224, 27.9168701172, -15.3271665573, 181.479797363, 4.48908948898, 17.2105903625, 9.54445075989, 25.3063583374, 10.8592433929, 33.6932182312], [185.031387329, -134.807266235, 2.13475227356, -14.7995901108, -18.6098384857, 13.4463720322, 4.48908948898, 137.314605713, 21.325756073, 14.0513591766, 26.8275814056, 26.130487442, -22.2364234924], [-200.667526245, 170.696777344, -105.532264709, 17.5529594421, 103.775611877, 1.67146158218, 17.2105903625, 21.325756073, 121.02167511, -4.41083478928, 49.8080825806, -21.6740703583, 30.5057067871], [39.0784606934, -230.765701294, 142.492355347, -5.21987819672, -102.895957947, 36.7164993286, 9.54445075989, 14.0513591766, -4.41083478928, 131.299942017, -32.1499023438, 48.1511192322, -27.6626777649], [-246.178451538, 161.574005127, -179.52041626, 20.3592567444, 75.8882751465, -39.5762443542, 25.3063583374, 26.8275814056, 49.8080825806, -32.1499023438, 151.927734375, -9.35760974884, 42.2429428101], [163.874252319, -222.557403564, 46.7430992126, -27.8595752716, -130.045440674, 37.3977279663, 10.8592433929, 26.130487442, -21.6740703583, 48.1511192322, -9.35760974884, 114.058181763, -17.3084754944], [-322.440185547, 215.948822021, -79.7200698853, -10.8441905975, 69.4424362183, -17.8421077728, 33.6932182312, -22.2364234924, 30.5057067871, -27.6626777649, 42.2429428101, -17.3084754944, 85.7099227905]],
        "icov": [[0.000133287860081, -0.000159907038324, 0.000213589737541, -0.000409517961089, 1.63631557371e-05, -0.00030924382736, 0.00021245588141, -0.000362800841685, 0.00043043732876, -0.000172895481228, 0.000337076955475, -0.000270130170975, 0.000366209744243], [-0.000159907038324, 0.00167850393336, -0.000322434003465, 0.00187132111751, -0.000640814891085, 0.000981377903372, -0.00098881078884, 0.0016671307385, -0.00173877505586, 0.0013838019222, -0.00083866744535, 0.00153375091031, -0.00156048650388], [0.000213589737541, -0.000322434003465, 0.0013293127995, -0.00032412094879, 0.000557229737751, -0.00131144875195, 0.000634958618321, -0.000734792090952, 0.00107939797454, -0.00100255990401, 0.00102243945003, 0.000403865939006, 0.000516486819834], [-0.000409517961089, 0.00187132111751, -0.00032412094879, 0.0058701490052, -0.000499028421473, 0.00104582170025, -0.00150096334983, 0.00285338819958, -0.00269560143352, 0.00123132613953, -0.00196770089678, 0.00305081508122, -0.000919173355214], [1.63631557371e-05, -0.000640814891085, 0.000557229737751, -0.000499028421473, 0.00208425521851, 0.000279916246654, 0.00037695953506, -0.000655787473079, -0.000356124190148, -0.000340078637237, 0.00059381115716, 0.000913275813218, 9.12938558031e-05], [-0.00030924382736, 0.000981377903372, -0.00131144875195, 0.00104582170025, 0.000279916246654, 0.0059515167959, -0.000715242640581, 0.00114511046559, -0.00311937672086, 0.00132172764279, -0.000186921242857, -7.08637890057e-05, -0.00151843961794], [0.00021245588141, -0.00098881078884, 0.000634958618321, -0.00150096334983, 0.00037695953506, -0.000715242640581, 0.00699240341783, -0.00161720602773, 0.00129704887513, -0.00194810505491, 0.000615665514488, -0.00162389851175, -0.00165311968885], [-0.000362800841685, 0.0016671307385, -0.000734792090952, 0.00285338819958, -0.000655787473079, 0.00114511046559, -0.00161720602773, 0.0111610228196, -0.00424148421735, 0.00153591751587, -0.00357939046808, -0.000176015790203, 0.00214728666469], [0.00043043732876, -0.00173877505586, 0.00107939797454, -0.00269560143352, -0.000356124190148, -0.00311937672086, 0.00129704887513, -0.00424148421735, 0.0142942564562, -0.0036321261432, -0.00108391826507, 0.000368091044948, -0.000959285476711], [-0.000172895481228, 0.0013838019222, -0.00100255990401, 0.00123132613953, -0.000340078637237, 0.00132172764279, -0.00194810505491, 0.00153591751587, -0.0036321261432, 0.0118773225695, 0.000717157963663, -0.00282043009065, 0.00100438983645], [0.000337076955475, -0.00083866744535, 0.00102243945003, -0.00196770089678, 0.00059381115716, -0.000186921242857, 0.000615665514488, -0.00357939046808, -0.00108391826507, 0.000717157963663, 0.0108209541067, -0.00154143245891, -0.00263475556858], [-0.000270130170975, 0.00153375091031, 0.000403865939006, 0.00305081508122, 0.000913275813218, -7.08637890057e-05, -0.00162389851175, -0.000176015790203, 0.000368091044948, -0.00282043009065, -0.00154143245891, 0.0148854097351, -0.00155650451779], [0.000366209744243, -0.00156048650388, 0.000516486819834, -0.000919173355214, 9.12938558031e-05, -0.00151843961794, -0.00165311968885, 0.00214728666469, -0.000959285476711, 0.00100438983645, -0.00263475556858, -0.00155650451779, 0.0198074448854]]
    },
    "melbands": {
        "dmean": [0.00573521899059, 0.00533580826595, 0.00238878652453, 0.000787542958278, 0.000231653597439, 0.000207641438465, 0.000118385418318, 5.46086848772e-05, 5.24065217178e-05, 3.0679282645e-05, 4.51913074357e-05, 2.39916498685e-05, 2.58484069491e-05, 1.66609297594e-05, 1.65161764016e-05, 1.76080775418e-05, 2.42604146479e-05, 1.32223476612e-05, 1.18421185107e-05, 1.00295374068e-05, 6.89421949573e-06, 6.97986797604e-06, 8.26429823064e-06, 5.04282934344e-06, 4.15559179601e-06, 2.7041839985e-06, 2.11610017686e-06, 2.22239668801e-06, 1.96505652639e-06, 1.32452930757e-06, 1.53215933096e-06, 1.99058968064e-06, 1.28287649659e-06, 1.47672130879e-06, 1.12361226456e-06, 4.74364298952e-07, 4.65031320118e-07, 2.43142039835e-07, 2.02386743808e-07, 1.92127046716e-07],
        "dmean2": [0.00969003885984, 0.009022930637, 0.00398767599836, 0.00133733730763, 0.000392357585952, 0.000365856743883, 0.000206577577046, 8.83021639311e-05, 8.76929261722e-05, 4.83080439153e-05, 7.05223283148e-05, 3.81519821531e-05, 3.88963962905e-05, 2.53417183558e-05, 2.71203007287e-05, 2.99098010146e-05, 3.91221437894e-05, 2.20181373152e-05, 1.84894979611e-05, 1.60108720593e-05, 1.10039882202e-05, 1.13788482849e-05, 1.26413378894e-05, 7.83999803389e-06, 6.56378688291e-06, 4.23781784775e-06, 3.47202148987e-06, 3.61555726158e-06, 3.29324097947e-06, 1.99574174076e-06, 2.35652669289e-06, 3.48294179275e-06, 2.21408458856e-06, 2.45244359576e-06, 1.84347049981e-06, 7.07737797256e-07, 7.18868705007e-07, 3.73840066459e-07, 3.04701728737e-07, 2.96361378105e-07],
        "dvar": [6.86008133925e-05, 5.85273883189e-05, 1.92928491742e-05, 4.00529461331e-06, 2.70923266044e-07, 3.20668078757e-07, 1.18835615126e-07, 1.34466855428e-08, 2.61126871237e-08, 1.09966293849e-08, 1.57107642451e-08, 3.82923737163e-09, 3.12524450763e-09, 1.08725184411e-09, 1.96793803475e-09, 3.33166494393e-09, 4.08492395465e-09, 9.82264380944e-10, 1.04529207512e-09, 6.00611782531e-10, 3.83769210854e-10, 6.32379093535e-10, 1.32484845317e-09, 3.10263204018e-10, 2.45133552346e-10, 9.04458591355e-11, 5.81917118658e-11, 9.23548806875e-11, 4.61693218379e-11, 2.11843233927e-11, 3.72275474336e-11, 9.50692094492e-11, 2.92042189043e-11, 3.68538012607e-11, 1.57752283458e-11, 1.68939374209e-12, 1.95683248251e-12, 4.52323589825e-13, 2.83023469027e-13, 2.6894361304e-13],
        "dvar2": [0.000199013593374, 0.000160532945301, 4.94638479722e-05, 1.03571155705e-05, 7.11900497663e-07, 9.04236401311e-07, 3.21072008092e-07, 3.51144109345e-08, 6.69387318908e-08, 2.16275459763e-08, 3.79184399435e-08, 9.91483606327e-09, 6.51889653369e-09, 2.32696795166e-09, 4.97602137273e-09, 9.23318754786e-09, 1.07283630868e-08, 2.63636623643e-09, 2.0293278169e-09, 1.46418932534e-09, 9.26430265835e-10, 1.60323354592e-09, 2.38637665184e-09, 7.05244473931e-10, 5.90007653845e-10, 2.27905569417e-10, 1.53564910788e-10, 2.4426535794e-10, 1.20192619746e-10, 5.01812827403e-11, 9.35232238874e-11, 2.7278035386e-10, 8.66182334192e-11, 1.03347108649e-10, 4.29597607488e-11, 4.00615781868e-12, 5.11199849812e-12, 1.03110803316e-12, 6.11965231094e-13, 6.14316052455e-13],
        "max": [0.0977631136775, 0.0860754325986, 0.049565512687, 0.0203655958176, 0.00743175670505, 0.00705675827339, 0.00485395360738, 0.00183684716467, 0.00632056128234, 0.0056033921428, 0.00452294200659, 0.00147670786828, 0.00159579934552, 0.000787927303463, 0.000726360070985, 0.000906974601094, 0.00167764909565, 0.000488405581564, 0.000830332981423, 0.000497123925015, 0.000628832378425, 0.00123705773149, 0.00187351717614, 0.000464185199235, 0.000330537877744, 0.000174541957676, 0.000156021225848, 0.000129106949316, 8.91073214007e-05, 7.2609509516e-05, 9.03191030375e-05, 0.000178942122147, 7.97478787717e-05, 8.84875043994e-05, 5.71916498302e-05, 1.92705647351e-05, 2.00912963919e-05, 8.19268188934e-06, 6.25299344392e-06, 5.9743674683e-06],
        "mean": [0.00783560425043, 0.00753190275282, 0.00289105158299, 0.000816726358607, 0.000292793352855, 0.000241546411416, 0.000142306511407, 8.04844821687e-05, 6.45812178846e-05, 5.77109276492e-05, 7.6699492638e-05, 4.15559006797e-05, 5.69862313569e-05, 3.41668928741e-05, 2.51673027378e-05, 2.43179911195e-05, 3.51015332853e-05, 2.10061898542e-05, 1.92209427041e-05, 1.6830759705e-05, 1.11636209112e-05, 1.17412246254e-05, 1.12723409984e-05, 7.40213226891e-06, 6.07934134678e-06, 3.67667848877e-06, 2.80088647742e-06, 2.3976169814e-06, 2.51105029747e-06, 1.95854931917e-06, 1.97341137209e-06, 1.99032024284e-06, 1.42802002756e-06, 1.77182550942e-06, 1.33820378778e-06, 6.80437324263e-07, 6.03012153988e-07, 3.40531641996e-07, 2.74841170267e-07, 2.46101308221e-07],
        "median": [0.00432140752673, 0.00440171035007, 0.000846366689075, 0.000174372282345, 0.000120287528262, 8.45485192258e-05, 5.65293994441e-05, 3.40406913892e-05, 2.38271331909e-05, 1.5227982658e-05, 1.93872547243e-05, 1.06641637103e-05, 1.35372874865e-05, 1.0875443877e-05, 7.65658387536e-06, 7.52798223402e-06, 1.09636466732e-05, 7.24948040443e-06, 5.71243936065e-06, 4.94202186019e-06, 2.959421181e-06, 2.73890373137e-06, 1.79634128017e-06, 1.06118682197e-06, 7.27192286831e-07, 4.71526846013e-07, 3.07778691422e-07, 1.66906531263e-07, 1.80752394385e-07, 1.3479521499e-07, 1.59887093787e-07, 1.59340615369e-07, 1.09024156814e-07, 7.52036442009e-08, 4.90806755238e-08, 4.53054909144e-08, 4.38517382406e-08, 3.38891723572e-08, 3.04278735541e-08, 2.6118348373e-08],
        "min": [2.16683309885e-15, 2.30379112664e-15, 1.74172981488e-15, 1.26240530497e-15, 7.45706207423e-16, 2.50668230493e-16, 3.53386711631e-17, 1.05963887876e-16, 4.02441711564e-16, 6.76119380311e-16, 1.13388446649e-15, 1.37282060245e-15, 5.18764322694e-16, 3.45903003489e-16, 3.97292254171e-16, 1.59509088872e-16, 3.71015253974e-16, 3.47542779865e-16, 3.05077815376e-16, 6.63020862815e-17, 7.09216385397e-17, 2.43087153266e-16, 8.62583413375e-17, 2.81383948031e-16, 9.22713289684e-17, 8.08916001407e-17, 1.36313051906e-16, 1.25167051233e-16, 1.01734209002e-16, 8.12590470037e-17, 1.15138207607e-16, 1.47793802648e-16, 1.56663137578e-16, 9.59993525798e-17, 1.3270238868e-16, 6.92054505269e-17, 9.78657367395e-17, 7.83881611778e-17, 1.58991339983e-16, 1.79255901796e-16],
        "var": [9.56334188231e-05, 7.8208220657e-05, 2.2377964342e-05, 3.53850373358e-06, 2.65262201538e-07, 2.47526713792e-07, 9.66545528058e-08, 1.88914732746e-08, 3.03663725276e-08, 3.73384594354e-08, 3.67278190083e-08, 8.42559177983e-09, 1.59798929644e-08, 4.33260227695e-09, 2.50330911555e-09, 3.28076055212e-09, 5.29114618786e-09, 1.68040270587e-09, 2.3960253781e-09, 1.14745624114e-09, 6.68264998893e-10, 9.04213537378e-10, 2.34655050946e-09, 4.76278516626e-10, 3.3178418346e-10, 1.22445442674e-10, 6.29559737675e-11, 8.50114770246e-11, 5.7038599538e-11, 3.24435443788e-11, 4.31907010157e-11, 6.71700056687e-11, 2.32081992513e-11, 3.20183983493e-11, 1.49512745934e-11, 2.73047491735e-12, 2.3665364373e-12, 7.34372361099e-13, 4.68091928066e-13, 3.77841150295e-13]
    },
    "mfcc": {
        "mean": [-713.560180664, 162.600662231, 21.7849273682, 25.6381416321, 21.6630840302, 21.9947490692, 4.09816503525, 11.2647171021, 6.11658525467, 4.05206489563, 5.47265720367, 1.79129552841, 2.21458148956],
        "cov": [[10462.8710938, -903.242126465, -1789.06262207, 690.00189209, 43.0828971863, 123.303878784, -5.00083208084, 240.343017578, -199.263641357, 158.570831299, -127.676742554, 51.9002761841, -106.012016296], [-903.242126465, 2246.08520508, -525.02520752, 36.0417861938, 425.668548584, -13.0148630142, 88.0622634888, -6.35225868225, 112.645042419, -33.3228988647, 25.6807384491, -75.0541610718, -4.06883525848], [-1789.06262207, -525.02520752, 2165.1328125, -400.715393066, -401.204162598, 109.898025513, -67.8575744629, -53.6300392151, 42.6412582397, -69.2234649658, 20.7587280273, -5.36703634262, 48.0234336853], [690.00189209, 36.0417861938, -400.715393066, 352.044921875, 99.8819580078, 9.06203556061, 32.7511444092, -15.633149147, 1.2719861269, 23.7684078217, 6.52618932724, 10.4745502472, -32.6323661804], [43.0828971863, 425.668548584, -401.204162598, 99.8819580078, 514.711853027, 0.825973212719, 34.133808136, 13.8002729416, 3.2190258503, 73.4295120239, -2.37864732742, -11.1242332458, -29.2728328705], [123.303878784, -13.0148630142, 109.898025513, 9.06203556061, 0.825973212719, 214.90914917, 10.7075195312, -14.011264801, 52.1028251648, -8.70024204254, -9.45355415344, 3.27938461304, 13.2271003723], [-5.00083208084, 88.0622634888, -67.8575744629, 32.7511444092, 34.133808136, 10.7075195312, 116.52948761, 18.0560665131, 9.74352645874, 8.72836589813, -8.92042922974, 7.11953544617, 9.69121837616], [240.343017578, -6.35225868225, -53.6300392151, -15.633149147, 13.8002729416, -14.011264801, 18.0560665131, 114.003448486, 2.1674721241, 14.5049905777, 11.6153926849, 3.87695837021, 8.3033208847], [-199.263641357, 112.645042419, 42.6412582397, 1.2719861269, 3.2190258503, 52.1028251648, 9.74352645874, 2.1674721241, 104.217430115, 5.29359292984, 11.4156551361, 0.191845193505, 10.6581192017], [158.570831299, -33.3228988647, -69.2234649658, 23.7684078217, 73.4295120239, -8.70024204254, 8.72836589813, 14.5049905777, 5.29359292984, 91.8129348755, 14.0157814026, 7.45570707321, -6.72683763504], [-127.676742554, 25.6807384491, 20.7587280273, 6.52618932724, -2.37864732742, -9.45355415344, -8.92042922974, 11.6153926849, 11.4156551361, 14.0157814026, 97.3184051514, 7.82345819473, -3.31819605827], [51.9002761841, -75.0541610718, -5.36703634262, 10.4745502472, -11.1242332458, 3.27938461304, 7.11953544617, 3.87695837021, 0.191845193505, 7.45570707321, 7.82345819473, 78.4302444458, 30.6340522766], [-106.012016296, -4.06883525848, 48.0234336853, -32.6323661804, -29.2728328705, 13.2271003723, 9.69121837616, 8.3033208847, 10.6581192017, -6.72683763504, -3.31819605827, 30.6340522766, 72.7614822388]],
