{
"lowlevel": {
    "average_loudness": 0.889580965042,
    "barkbands_crest": {
        "dmean": 3.27660799026,
        "dmean2": 5.24057435989,
        "dvar": 8.85080814362,
        "dvar2": 21.775850296,
        "max": 26.1646938324,
        "mean": 11.8495168686,
        "median": 10.6814746857,
        "min": 2.20345616341,
        "var": 29.2075328827
    },
    "barkbands_flatness_db": {
        "dmean": 0.0332701914012,
        "dmean2": 0.0488236807287,
        "dvar": 0.00101657118648,
        "dvar2": 0.00200105272233,
        "max": 0.634475111961,
        "mean": 0.152198448777,
        "median": 0.140874192119,
        "min": 0.0200097877532,
        "var": 0.00667116651312
    },
    "barkbands_kurtosis": {
        "dmean": 6.88794517517,
        "dmean2": 10.1228055954,
        "dvar": 157.523620605,
        "dvar2": 341.733825684,
        "max": 146.435745239,
        "mean": 9.64349079132,
        "median": 2.50714969635,
        "min": -1.86032807827,
        "var": 312.220153809
    },
    "barkbands_skewness": {
        "dmean": 0.844756484032,
        "dmean2": 1.2101495266,
        "dvar": 0.828322470188,
        "dvar2": 1.6956319809,
        "max": 11.1507034302,
        "mean": 2.15016579628,
        "median": 1.65083730221,
        "min": -1.98400640488,
        "var": 4.03032827377
    },
    "barkbands_spread": {
        "dmean": 8.52597141266,
        "dmean2": 12.9909191132,
        "dvar": 132.445709229,
        "dvar2": 278.406707764,
        "max": 102.608589172,
        "mean": 21.9505310059,
        "median": 16.4939174652,
        "min": 0.767675340176,
        "var": 321.142852783
    },
    "dissonance": {
        "dmean": 0.0196180511266,
        "dmean2": 0.0323903560638,
        "dvar": 0.000326355046127,
        "dvar2": 0.000851201650221,
        "max": 0.5,
        "mean": 0.457446038723,
        "median": 0.464181363583,
        "min": 0.129598647356,
        "var": 0.000946807849687
    },
    "dynamic_complexity": 4.31270551682,
    "erbbands_crest": {
        "dmean": 2.25967168808,
        "dmean2": 3.61491584778,
        "dvar": 4.07599115372,
        "dvar2": 9.80716514587,
        "max": 26.0848007202,
        "mean": 7.73162031174,
        "median": 6.97919130325,
        "min": 2.07388806343,
        "var": 12.120929718
    },
    "erbbands_flatness_db": {
        "dmean": 0.0218980778009,
        "dmean2": 0.0306243598461,
        "dvar": 0.000495605811011,
        "dvar2": 0.00091999390861,
        "max": 0.474771618843,
        "mean": 0.14590485394,
        "median": 0.124426566064,
        "min": 0.0333905294538,
        "var": 0.00645588058978
    },
    "erbbands_kurtosis": {
        "dmean": 0.730471432209,
        "dmean2": 1.13146471977,
        "dvar": 0.634189367294,
        "dvar2": 1.46781384945,
        "max": 15.0847873688,
        "mean": 0.231962040067,
        "median": -0.230453252792,
        "min": -1.65618658066,
        "var": 2.23030614853
    },
    "erbbands_skewness": {
        "dmean": 0.349326401949,
        "dmean2": 0.534304022789,
        "dvar": 0.0963449031115,
        "dvar2": 0.226593777537,
        "max": 2.34505081177,
        "mean": 0.167290329933,
        "median": 0.197261184454,
        "min": -2.83410525322,
        "var": 0.358048081398
    },
    "erbbands_spread": {
        "dmean": 10.8554401398,
        "dmean2": 15.2640724182,
        "dvar": 123.02532959,
        "dvar2": 229.597213745,
        "max": 122.579818726,
        "mean": 43.2057952881,
        "median": 40.2108306885,
        "min": 2.61173295975,
        "var": 634.639282227
    },
    "hfc": {
        "dmean": 11.1034107208,
        "dmean2": 16.28358078,
        "dvar": 304.810150146,
        "dvar2": 693.018981934,
        "max": 321.883972168,
        "mean": 24.147939682,
        "median": 13.588850975,
        "min": 1.20652087691e-16,
        "var": 755.901489258
    },
    "melbands_crest": {
        "dmean": 3.30669260025,
        "dmean2": 5.36910152435,
        "dvar": 9.66070365906,
        "dvar2": 24.3924465179,
        "max": 32.1483039856,
        "mean": 15.2542314529,
        "median": 14.7228822708,
        "min": 1.81902587414,
        "var": 33.8457756042
    },
    "melbands_flatness_db": {
        "dmean": 0.0399432443082,
        "dmean2": 0.0583209954202,
        "dvar": 0.0015299001243,
        "dvar2": 0.00308996415697,
        "max": 0.82322883606,
        "mean": 0.231749162078,
        "median": 0.220397368073,
        "min": 0.00494437571615,
        "var": 0.0109416069463
    },
    "melbands_kurtosis": {
        "dmean": 16.4988994598,
        "dmean2": 23.8604640961,
        "dvar": 902.64276123,
        "dvar2": 1858.61914062,
        "max": 360.420562744,
        "mean": 29.0755882263,
        "median": 11.6140480042,
        "min": -1.63302302361,
        "var": 1980.36962891
    },
    "melbands_skewness": {
        "dmean": 1.06859707832,
        "dmean2": 1.51666104794,
        "dvar": 1.41598987579,
        "dvar2": 2.64289999008,
        "max": 15.3369216919,
        "mean": 3.61145234108,
        "median": 3.10184526443,
        "min": -1.53922569752,
        "var": 7.68086194992
    },
    "melbands_spread": {
        "dmean": 7.27220821381,
        "dmean2": 11.3801317215,
        "dvar": 103.392562866,
        "dvar2": 237.555679321,
        "max": 162.432617188,
        "mean": 19.5075950623,
        "median": 14.6369657516,
        "min": 0.708537638187,
        "var": 320.87701416
    },
    "pitch_salience": {
        "dmean": 0.0920608565211,
        "dmean2": 0.14403565228,
        "dvar": 0.00734733929858,
        "dvar2": 0.0165187679231,
        "max": 0.942363679409,
        "mean": 0.504157602787,
        "median": 0.518720328808,
        "min": 0.0586282610893,
        "var": 0.0205533541739
    },
    "silence_rate_20dB": {
        "dmean": 0,
        "dmean2": 0,
        "dvar": 0,
        "dvar2": 0,
        "max": 1,
        "mean": 1,
        "median": 1,
        "min": 1,
        "var": 0
    },
    "silence_rate_30dB": {
        "dmean": 0.0776189640164,
        "dmean2": 0.155251964927,
        "dvar": 0.0715990513563,
        "dvar2": 0.140541359782,
        "max": 1,
        "mean": 0.902758955956,
        "median": 1,
        "min": 0,
        "var": 0.087789863348
    },
    "silence_rate_60dB": {
        "dmean": 0.0367287844419,
        "dmean2": 0.0734642148018,
        "dvar": 0.0353750512004,
        "dvar2": 0.0776586160064,
        "max": 1,
        "mean": 0.116236999631,
        "median": 0,
        "min": 0,
        "var": 0.10273258388
    },
    "spectral_centroid": {
        "dmean": 312.794952393,
        "dmean2": 490.85534668,
        "dvar": 155936.0625,
        "dvar2": 353461.28125,
        "max": 10705.6640625,
        "mean": 1313.14904785,
        "median": 1230.3692627,
        "min": 168.525054932,
        "var": 455816.84375
    },
    "spectral_complexity": {
        "dmean": 4.08521795273,
        "dmean2": 6.4695558548,
        "dvar": 25.9874019623,
        "dvar2": 60.038028717,
        "max": 55,
        "mean": 16.6739025116,
        "median": 15,
        "min": 0,
        "var": 68.8262634277
    },
    "spectral_decrease": {
        "dmean": 4.58635751599e-09,
        "dmean2": 6.84971412923e-09,
        "dvar": 4.97405010501e-17,
        "dvar2": 1.05821387817e-16,
        "max": -1.72288531934e-29,
        "mean": -1.07177378084e-08,
        "median": -7.08743330691e-09,
        "min": -6.76642812891e-08,
        "var": 1.24045778134e-16
    },
    "spectral_energy": {
        "dmean": 0.0177662447095,
        "dmean2": 0.0263858214021,
        "dvar": 0.000720276555512,
        "dvar2": 0.00153460016008,
        "max": 0.260399699211,
        "mean": 0.0426412895322,
        "median": 0.029256677255,
        "min": 1.10085267198e-20,
        "var": 0.00183880445547
    },
    "spectral_energyband_high": {
        "dmean": 0.00097065436421,
        "dmean2": 0.0014684451744,
        "dvar": 3.07969958158e-06,
        "dvar2": 7.34941841074e-06,
        "max": 0.0437298044562,
        "mean": 0.00126134953462,
        "median": 0.000310848612571,
        "min": 8.07119624773e-21,
        "var": 6.57147211314e-06
    },
    "spectral_energyband_low": {
        "dmean": 0.0162148978561,
        "dmean2": 0.0237622428685,
        "dvar": 0.000725959485862,
        "dvar2": 0.00149678415619,
        "max": 0.238724336028,
        "mean": 0.0290209464729,
        "median": 0.0139687256888,
        "min": 1.05342907561e-22,
        "var": 0.0015415167436
    },
    "spectral_energyband_middle_high": {
        "dmean": 0.0016299742274,
        "dmean2": 0.0024322909303,
        "dvar": 9.22539766179e-06,
        "dvar2": 1.74165852513e-05,
        "max": 0.0781529918313,
        "mean": 0.00571481790394,
        "median": 0.00194306019694,
        "min": 1.54619786844e-21,
        "var": 8.25891838758e-05
    },
    "spectral_energyband_middle_low": {
        "dmean": 0.00503854639828,
        "dmean2": 0.00839695427567,
        "dvar": 0.000140683390782,
        "dvar2": 0.000373610702809,
        "max": 0.157407581806,
        "mean": 0.00828847661614,
        "median": 0.00577936414629,
        "min": 2.84369134472e-22,
        "var": 0.000120295509987
    },
    "spectral_entropy": {
        "dmean": 0.238833114505,
        "dmean2": 0.342131465673,
        "dvar": 0.0589300170541,
        "dvar2": 0.109362594783,
        "max": 9.80616283417,
        "mean": 7.50295448303,
        "median": 7.56204986572,
        "min": 4.46244859695,
        "var": 0.371442049742
    },
    "spectral_flux": {
        "dmean": 0.0384804792702,
        "dmean2": 0.0604038201272,
        "dvar": 0.00222751894034,
        "dvar2": 0.004822996445,
        "max": 0.420952498913,
        "mean": 0.0973195433617,
        "median": 0.0755096375942,
        "min": 1.04921529798e-10,
        "var": 0.00576420407742
    },
    "spectral_kurtosis": {
        "dmean": 5.00064086914,
        "dmean2": 8.27374839783,
        "dvar": 618.532287598,
        "dvar2": 1833.88928223,
        "max": 751.736694336,
        "mean": 12.2247638702,
        "median": 4.09000635147,
        "min": -1.23128652573,
        "var": 2233.55883789
    },
    "spectral_rms": {
        "dmean": 0.00116801832337,
        "dmean2": 0.00169407052454,
        "dvar": 2.06421714211e-06,
        "dvar2": 3.94994003727e-06,
        "max": 0.0159388985485,
        "mean": 0.00562042975798,
        "median": 0.00534257432446,
        "min": 3.27719774061e-12,
        "var": 1.00121869764e-05
    },
    "spectral_rolloff": {
        "dmean": 802.404724121,
        "dmean2": 1338.39624023,
        "dvar": 2922638,
        "dvar2": 5914224,
        "max": 18927.6855469,
        "mean": 1614.55175781,
        "median": 968.994140625,
        "min": 64.599609375,
        "var": 5840061
    },
    "spectral_skewness": {
        "dmean": 0.369010895491,
        "dmean2": 0.571202933788,
        "dvar": 0.438771247864,
        "dvar2": 1.22012507915,
        "max": 22.3139820099,
        "mean": 1.93770968914,
        "median": 1.57830429077,
        "min": 0.0220868736506,
        "var": 3.62859177589
    },
    "spectral_spread": {
        "dmean": 890026,
        "dmean2": 1164720.25,
        "dvar": 1.00557389824e+12,
        "dvar2": 1.56061912269e+12,
        "max": 41405716,
        "mean": 5119252.5,
        "median": 4886251,
        "min": 113464.132812,
        "var": 5.1572988969e+12
    },
    "spectral_strongpeak": {
        "dmean": 0.441954702139,
        "dmean2": 0.752493858337,
        "dvar": 1.01972460747,
        "dvar2": 2.5588054657,
        "max": 20.2481842041,
        "mean": 0.838624179363,
        "median": 0.409147053957,
        "min": 0,
        "var": 2.02161312103
    },
    "zerocrossingrate": {
        "dmean": 0.0176452677697,
        "dmean2": 0.0204059425741,
        "dvar": 0.000512743077707,
        "dvar2": 0.000642917817459,
        "max": 0.49365234375,
        "mean": 0.0655270367861,
        "median": 0.05322265625,
        "min": 0.001953125,
        "var": 0.00298612914048
    },
    "barkbands": {
        "dmean": [0.000336072931532, 0.013161576353, 0.00744929909706, 0.00256141391583, 0.00216280343011, 0.000705111538991, 0.000397696858272, 0.00017518059758, 0.000295386853395, 0.0002334221208, 0.000383275269996, 0.000426915910793, 0.000351295195287, 0.0003665596887, 0.000371898291633, 0.000142858480103, 0.00019025579968, 0.000124078040244, 0.000124437327031, 0.000177361274837, 0.000184798365808, 0.000169265418663, 0.000144776015077, 0.000168292885064, 8.9517707238e-05, 0.000149364364916, 6.40456200927e-05],
        "dmean2": [0.000558892672416, 0.020620809868, 0.0123445922509, 0.00426460849121, 0.00380391860381, 0.00117724295706, 0.000605279114097, 0.000285694579361, 0.00040556472959, 0.000331463234033, 0.0005588933127, 0.000619963218924, 0.000528454722371, 0.000564346380997, 0.000586350273807, 0.000222813265282, 0.000301636871882, 0.000206970013096, 0.000205640957574, 0.000291441916488, 0.000295899488265, 0.000279050436802, 0.000231264013564, 0.000266719609499, 0.000134090005304, 0.000213210340007, 9.26952488953e-05],
        "dvar": [3.84571592349e-07, 0.000547444738913, 0.000326678913552, 3.90353416151e-05, 3.44835279975e-05, 3.07571508529e-06, 6.75522016991e-07, 1.18595131937e-07, 1.88731945627e-07, 2.15600394426e-07, 9.24184462292e-07, 1.36958533403e-06, 9.94817696665e-07, 1.21346522519e-06, 6.49820321996e-07, 1.08704320212e-07, 1.49181289544e-07, 4.73278873869e-08, 4.23080770418e-08, 1.33874976882e-07, 4.07369071809e-07, 1.12841654243e-07, 6.90440344897e-08, 9.91682682638e-08, 2.8263132279e-08, 1.2910831515e-07, 2.56867842552e-08],
        "dvar2": [1.04225284758e-06, 0.0012632466387, 0.000836338382214, 0.000103059144749, 9.65095459833e-05, 8.53286928759e-06, 1.84353643817e-06, 2.91209886427e-07, 3.7067309222e-07, 4.06210119763e-07, 1.81577922831e-06, 2.31930221162e-06, 1.8622671405e-06, 2.69674842457e-06, 1.52525342401e-06, 2.27976741485e-07, 3.30043121721e-07, 1.22414164139e-07, 1.09895140099e-07, 3.45505043242e-07, 1.07044400011e-06, 2.99425863659e-07, 1.69793452187e-07, 2.4743073368e-07, 6.43169357772e-08, 2.59391526924e-07, 5.58922472749e-08],
        "max": [0.00748263159767, 0.218594521284, 0.180707469583, 0.085103392601, 0.0966678038239, 0.0356450043619, 0.0189319755882, 0.00843110214919, 0.0112248975784, 0.0222603902221, 0.0259266346693, 0.0594999231398, 0.0446754619479, 0.0260565225035, 0.024035397917, 0.01053489279, 0.00924418028444, 0.00500800739974, 0.00307669397444, 0.00634017260745, 0.0288365092129, 0.00723831867799, 0.00561803998426, 0.00254195812158, 0.00185341993347, 0.00317197525874, 0.00145057355985],
        "mean": [0.000346505839843, 0.0198174007237, 0.00732597569004, 0.00309920194559, 0.00229742657393, 0.000929292524233, 0.000803948903922, 0.000281733286101, 0.000649968569633, 0.000565388880204, 0.000809778692201, 0.000969005050138, 0.000757196336053, 0.00082993786782, 0.000753262720536, 0.000252876750892, 0.000390791887185, 0.000203975039767, 0.000186799952644, 0.000223605806241, 0.000254163751379, 0.000193058236619, 0.000167430684087, 0.000171248524566, 0.000103977006802, 0.000181360883289, 7.58680107538e-05],
        "median": [0.000121374221635, 0.0087790582329, 0.00171457417309, 0.00154459616169, 0.000850745476782, 0.000520511181094, 0.000423781108111, 0.000127996230731, 0.000412233319366, 0.000235217768932, 0.000255022197962, 0.000164355558809, 0.000144622303196, 0.000146109465277, 0.000177424546564, 5.95298988628e-05, 0.000124050129671, 8.38410996948e-05, 8.85943954927e-05, 6.33365780232e-05, 5.53610880161e-05, 3.6355399061e-05, 2.33500886679e-05, 2.3212573069e-05, 1.85585940926e-05, 1.38287914524e-05, 2.92133313451e-06],
        "min": [2.38088302838e-23, 2.34444017891e-23, 4.74782057368e-23, 2.17371726839e-23, 3.31802469801e-23, 4.68590288123e-23, 7.36078285162e-23, 5.67647835981e-23, 2.63585707244e-23, 7.98760289166e-23, 3.78654023367e-23, 1.15017081184e-22, 9.55547719365e-23, 1.37676940293e-22, 1.30251032872e-22, 7.87743120873e-23, 2.20210988698e-22, 2.01213387943e-22, 2.64098160755e-22, 3.56973519295e-22, 3.23432567244e-22, 8.9025818297e-22, 7.05810033016e-22, 1.06280874537e-21, 1.21883276016e-21, 1.33170989522e-21, 2.61321501635e-21],
        "var": [3.48091447222e-07, 0.000851667369716, 0.000285351998173, 3.29896938638e-05, 2.44860730163e-05, 2.40621398007e-06, 1.40082113376e-06, 2.53447268506e-07, 6.93504318861e-07, 1.79520554866e-06, 4.04598404202e-06, 8.94148524822e-06, 5.35648405275e-06, 4.84017800773e-06, 2.85530131805e-06, 4.02177306569e-07, 7.56836925575e-07, 1.2203577171e-07, 7.85786653523e-08, 2.00863652822e-07, 1.01369937511e-06, 1.94069599502e-07, 1.73377287638e-07, 1.16509973225e-07, 3.8450792772e-08, 1.86071218877e-07, 3.3978601266e-08]
    },
    "erbbands": {
        "dmean": [0.317086935043, 3.24276256561, 7.77122735977, 8.06929969788, 8.91812896729, 6.70439434052, 5.10663223267, 5.25699567795, 5.08172178268, 6.63447284698, 3.62894487381, 7.54014730453, 6.31488800049, 8.72118854523, 13.3372220993, 20.3772335052, 16.0679550171, 20.6888885498, 11.4178276062, 20.436258316, 7.91894388199, 9.44587898254, 6.31256866455, 6.88527679443, 6.42666769028, 9.15630054474, 8.816822052, 6.68660163879, 5.8668551445, 4.74554252625, 4.22248792648, 3.88209557533, 2.24485039711, 1.04415845871, 0.638060867786, 0.555237650871, 0.319127827883, 0.0559459552169, 0.0104394638911, 0.000861033564433],
        "dmean2": [0.495969176292, 5.05273580551, 12.5452604294, 12.8631496429, 15.6672754288, 11.745965004, 8.68110466003, 8.65198993683, 8.15454483032, 10.1002788544, 5.46011924744, 10.3232984543, 8.85382461548, 12.5644311905, 19.3198356628, 29.5906791687, 24.1685619354, 31.6346206665, 17.9995937347, 32.423576355, 12.6436223984, 14.8962049484, 10.2392835617, 11.6038770676, 10.7420778275, 14.9751596451, 14.5776128769, 10.6806440353, 9.54302310944, 7.64719057083, 6.77312994003, 6.25713205338, 3.49321699142, 1.57603406906, 0.955834805965, 0.802853822708, 0.463084071875, 0.0817709937692, 0.0152451070026, 0.00124209467322],
        "dvar": [0.245449781418, 36.5702438354, 331.439422607, 345.171447754, 638.69543457, 268.3934021, 138.14175415, 163.958374023, 117.693191528, 205.987625122, 47.4487953186, 116.162765503, 124.329483032, 351.797454834, 1085.91003418, 3216.59716797, 2217.02001953, 4163.4765625, 876.603149414, 2605.9987793, 228.212524414, 478.385772705, 118.959213257, 135.031158447, 123.719528198, 334.012176514, 559.266662598, 1045.24133301, 135.143280029, 84.6665420532, 58.5383415222, 52.5801353455, 17.0898952484, 3.82206463814, 1.57583010197, 1.64448702335, 0.618296921253, 0.0189387965947, 0.00068680930417, 4.80788867208e-06],
        "dvar2": [0.537767291069, 84.3706359863, 817.608520508, 844.110900879, 1780.45874023, 751.894042969, 380.297668457, 452.691345215, 328.443054199, 538.092041016, 104.194023132, 231.774017334, 251.884689331, 640.429016113, 2075.28955078, 5445.48144531, 4066.95410156, 9257.7265625, 1865.68798828, 6503.12939453, 517.62487793, 1100.17602539, 284.417999268, 364.257019043, 328.493225098, 879.356567383, 1434.10961914, 2881.07519531, 349.403778076, 225.57232666, 142.318832397, 133.085174561, 41.7118759155, 8.84446620941, 3.58608269691, 3.29237961769, 1.26635432243, 0.0417111925781, 0.00147843605373, 1.04552718767e-05],
        "max": [4.41778898239, 54.6788444519, 175.069854736, 304.645172119, 375.316131592, 244.232849121, 217.66847229, 296.586364746, 199.67678833, 393.398010254, 168.068206787, 304.703369141, 324.433563232, 898.91229248, 820.02142334, 3080.35742188, 2314.27929688, 1521.8112793, 1340.60119629, 1352.66662598, 322.137756348, 556.207702637, 360.716247559, 143.746658325, 195.454772949, 248.377532959, 801.79284668, 1595.40686035, 372.061157227, 188.029037476, 155.39440918, 69.68800354, 37.2445640564, 21.3136310577, 10.3675918579, 11.6990852356, 7.77391386032, 1.32866561413, 0.255771487951, 0.019666031003],
        "mean": [0.502415537834, 4.66577959061, 8.77393341064, 9.80665588379, 9.58563327789, 7.42752981186, 6.29637241364, 7.43665981293, 9.13687133789, 12.7421216965, 7.69732522964, 16.4544353485, 14.45241642, 22.4299564362, 31.6212997437, 48.7928314209, 38.4017677307, 49.7563209534, 25.6422996521, 39.7478027344, 16.3923358917, 20.0891056061, 11.7507600784, 10.3713254929, 9.65827941895, 11.5315589905, 11.9585733414, 8.29103565216, 6.77041721344, 5.62742710114, 4.78641223907, 3.93140697479, 2.35387420654, 1.17044532299, 0.744704663754, 0.679830729961, 0.381220400333, 0.0664035752416, 0.012560644187, 0.00102982204407],
        "median": [0.195490419865, 2.02740931511, 3.39464616776, 4.45524835587, 4.6955242157, 2.99552559853, 3.24220228195, 4.0966925621, 4.45928001404, 6.15770578384, 4.47651958466, 11.3742046356, 6.74725151062, 9.07168102264, 11.4151163101, 10.133690834, 8.4004201889, 7.75831317902, 6.43989849091, 8.32912635803, 5.26334667206, 5.77590370178, 4.92776155472, 5.11054325104, 4.1604809761, 3.48061561584, 2.51184630394, 1.82073235512, 1.17284309864, 1.09318828583, 0.652908086777, 0.498505711555, 0.340140342712, 0.195020645857, 0.118195407093, 0.0623115934432, 0.0276931710541, 0.00429525785148, 0.000539120577741, 0.000116320021334],
        "min": [1.3757299998e-21, 3.25684029279e-21, 3.7454434406e-20, 8.85592294626e-20, 2.19684113422e-20, 9.08911808563e-20, 3.48212044461e-19, 4.30819522008e-19, 1.37623715037e-18, 7.14210643441e-19, 9.51492313537e-19, 7.72177599613e-19, 2.06608851385e-18, 1.78735222207e-18, 2.00105557409e-18, 5.51441527002e-18, 4.75315226689e-18, 5.39307614596e-18, 6.89448092246e-18, 6.34290944538e-18, 6.05406045702e-18, 1.09443017804e-17, 1.22357391661e-17, 1.00059356858e-17, 1.74989562277e-17, 1.5603705119e-17, 1.19152745076e-17, 1.72856379283e-17, 3.28726968646e-17, 1.9251116671e-17, 2.48198603365e-17, 2.18749898223e-17, 1.74890912717e-17, 1.11081083571e-17, 9.44494014003e-18, 4.99259541162e-18, 2.82635083523e-18, 1.31784181804e-18, 3.59781974785e-19, 3.55844343038e-20],
        "var": [0.505595982075, 52.1353111267, 323.928039551, 342.494720459, 448.699554443, 204.056259155, 114.698303223, 139.470397949, 193.761245728, 433.970245361, 143.110565186, 365.71762085, 554.195678711, 3023.94213867, 5016.93261719, 22152.8046875, 13057.3935547, 17587.5605469, 4991.59082031, 9285.61523438, 915.707275391, 2325.33886719, 447.107421875, 200.749099731, 240.301330566, 479.728851318, 1657.7947998, 1474.64855957, 277.16116333, 167.627380371, 133.528625488, 65.3805465698, 20.8498344421, 5.19142055511, 2.0329682827, 2.34051990509, 0.881278336048, 0.0245676748455, 0.000917469908018, 6.31831790088e-06]
    },
    "gfcc": {
        "mean": [-15.5943832397, 83.3617858887, -106.595123291, 18.7446651459, -41.8961219788, 14.1430253983, -22.2793006897, 6.81063222885, -16.6638317108, 5.09814548492, -9.90859031677, 3.16663837433, -9.41351413727],
        "cov": [[18992.1875, -2906.03051758, 2646.06811523, 2472.35913086, 624.304870605, 1392.15808105, -402.468658447, 63.1363716125, -571.325744629, -24.0415000916, -772.339233398, -164.351028442, -495.698791504], [-2906.03051758, 3620.26342773, -3.72763109207, 106.477561951, 539.141906738, -13.695479393, 307.573913574, -287.461883545, 248.435943604, -333.238861084, 131.896759033, -227.391601562, 162.216110229], [2646.06811523, -3.72763109207, 2222.37182617, 675.611206055, 549.798950195, 288.654754639, 110.247543335, 31.5325527191, -207.682128906, -113.173660278, -252.140045166, -169.073532104, -173.822265625], [2472.35913086, 106.477561951, 675.611206055, 1140.0501709, 189.786315918, 411.130554199, 52.8892784119, 27.3057060242, -57.2395858765, -111.543403625, -116.251029968, -111.802185059, -83.0367507935], [624.304870605, 539.141906738, 549.798950195, 189.786315918, 552.786437988, 162.496292114, 106.87411499, -30.8552417755, -10.8940439224, -64.0382919312, -67.3634643555, -66.7565917969, -52.7946891785], [1392.15808105, -13.695479393, 288.654754639, 411.130554199, 162.496292114, 333.846679688, 12.2675676346, 30.9416389465, -10.9958934784, -33.0767555237, -55.622844696, -32.6347312927, -38.3736305237], [-402.468658447, 307.573913574, 110.247543335, 52.8892784119, 106.87411499, 12.2675676346, 157.038772583, 29.6373004913, 36.1745834351, -12.8255167007, 17.1940422058, -20.8888282776, 9.66166687012], [63.1363716125, -287.461883545, 31.5325527191, 27.3057060242, -30.8552417755, 30.9416389465, 29.6373004913, 122.723548889, 9.53350543976, 57.5956268311, 3.45334839821, 29.4690208435, -10.4444589615], [-571.325744629, 248.435943604, -207.682128906, -57.2395858765, -10.8940439224, -10.9958934784, 36.1745834351, 9.53350543976, 125.141273499, 12.4417924881, 55.5975227356, 3.24050045013, 39.0662612915], [-24.0415000916, -333.238861084, -113.173660278, -111.543403625, -64.0382919312, -33.0767555237, -12.8255167007, 57.5956268311, 12.4417924881, 113.739204407, 35.3581085205, 45.6870002747, -1.25221693516], [-772.339233398, 131.896759033, -252.140045166, -116.251029968, -67.3634643555, -55.622844696, 17.1940422058, 3.45334839821, 55.5975227356, 35.3581085205, 99.2678909302, 38.7690467834, 44.0041427612], [-164.351028442, -227.391601562, -169.073532104, -111.802185059, -66.7565917969, -32.6347312927, -20.8888282776, 29.4690208435, 3.24050045013, 45.6870002747, 38.7690467834, 88.6188735962, 28.7765636444], [-495.698791504, 162.216110229, -173.822265625, -83.0367507935, -52.7946891785, -38.3736305237, 9.66166687012, -10.4444589615, 39.0662612915, -1.25221693516, 44.0041427612, 28.7765636444, 78.4035339355]],
        "icov": [[0.000144823337905, 5.81832173339e-05, -3.48821413354e-05, -0.000185366763617, -2.49440636253e-05, -0.000310278555844, 0.000165872348589, 0.000380704092095, 1.11100343929e-05, -0.000435418565758, 0.000723024946637, -0.000208816301893, 4.15647227783e-05], [5.81832173339e-05, 0.00110228650738, 4.02253681386e-05, -9.05818815227e-05, -0.00091581849847, 0.000135475129355, -0.00067166791996, 0.00103229493834, -0.000779556168709, 0.00191232154611, -0.00186033744831, 0.00212197424844, -0.00156534928828], [-3.48821413354e-05, 4.02253681386e-05, 0.000980327255093, -0.00021886957984, -0.000696349423379, 0.000223488197662, -0.00040313260979, -0.000600442232098, 0.00108356704004, 0.000121069875604, 0.000640021637082, 0.000907302775886, 1.78106147359e-05], [-0.000185366763617, -9.05818815227e-05, -0.00021886957984, 0.00225290260278, 0.000639366160613, -0.00187368562911, -0.000727668288164, -0.000772827421315, 0.000331309769535, 0.00165708456188, -0.00116816395894, 0.00121150631458, 0.000488802907057], [-2.49440636253e-05, -0.00091581849847, -0.000696349423379, 0.000639366160613, 0.00432708114386, -0.00194448803086, -0.00193094008137, 0.0015084996121, -0.000357661716407, -0.00156071071979, 0.00261282338761, -0.00260284682736, 0.00291353091598], [-0.000310278555844, 0.000135475129355, 0.000223488197662, -0.00187368562911, -0.00194448803086, 0.00741767324507, 0.00126302917488, -0.00255593331531, -0.00132288073655, 0.00164353393484, -0.00113469408825, 0.000154652341735, -0.000640448823106], [0.000165872348589, -0.00067166791996, -0.00040313260979, -0.000727668288164, -0.00193094008137, 0.00126302917488, 0.0115837901831, -0.00552723696455, -0.00076715258183, 0.000387182459235, -0.00188570620958, 0.00151270383503, -0.00118029816076], [0.000380704092095, 0.00103229493834, -0.000600442232098, -0.000772827421315, 0.0015084996121, -0.00255593331531, -0.00552723696455, 0.017613152042, -0.00311868009157, -0.00688258046284, 0.0043527954258, -0.00447849230841, 0.00155847764108], [1.11100343929e-05, -0.000779556168709, 0.00108356704004, 0.000331309769535, -0.000357661716407, -0.00132288073655, -0.00076715258183, -0.00311868009157, 0.0148264029995, -0.00191589491442, -0.00418519647792, 0.00395082402974, -0.0032922110986], [-0.000435418565758, 0.00191232154611, 0.000121069875604, 0.00165708456188, -0.00156071071979, 0.00164353393484, 0.000387182459235, -0.00688258046284, -0.00191589491442, 0.0225351322442, -0.0118150291964, 0.00134683691431, 0.00155429018196], [0.000723024946637, -0.00186033744831, 0.000640021637082, -0.00116816395894, 0.00261282338761, -0.00113469408825, -0.00188570620958, 0.0043527954258, -0.00418519647792, -0.0118150291964, 0.0309748761356, -0.0110718347132, -0.00080605072435], [-0.000208816301893, 0.00212197424844, 0.000907302775886, 0.00121150631458, -0.00260284682736, 0.000154652341735, 0.00151270383503, -0.00447849230841, 0.00395082402974, 0.00134683691431, -0.0110718347132, 0.0269591193646, -0.0105037819594], [4.15647227783e-05, -0.00156534928828, 1.78106147359e-05, 0.000488802907057, 0.00291353091598, -0.000640448823106, -0.00118029816076, 0.00155847764108, -0.0032922110986, 0.00155429018196, -0.00080605072435, -0.0105037819594, 0.0247875265777]]
    },
    "melbands": {
        "dmean": [0.00331004336476, 0.00365212117322, 0.00139812473208, 0.000552873651031, 0.000195315282326, 0.000123978679767, 7.68551108195e-05, 6.41196165816e-05, 3.48362227669e-05, 4.29840656579e-05, 3.1450377719e-05, 3.44592153851e-05, 5.684595817e-05, 4.87812831125e-05, 4.0489325329e-05, 3.5452987504e-05, 3.88494372601e-05, 1.74790311576e-05, 2.3455142582e-05, 1.94812146219e-05, 9.46016371017e-06, 1.12566749522e-05, 7.3482674452e-06, 6.36714776192e-06, 5.72016188016e-06, 5.2924906413e-06, 4.91255832458e-06, 6.29530723018e-06, 5.86456690144e-06, 4.47977254225e-06, 4.14729265685e-06, 3.50453206011e-06, 3.03569868265e-06, 2.70678583547e-06, 2.69805354947e-06, 2.00014414986e-06, 2.70135637948e-06, 1.86706665772e-06, 1.01358011761e-06, 8.43311227072e-07],
        "dmean2": [0.00519331265241, 0.00558955455199, 0.00222323881462, 0.000980996410362, 0.000330947601469, 0.000204927491723, 0.000121717472211, 9.92628265521e-05, 5.04834897583e-05, 5.92771284573e-05, 4.41008269263e-05, 4.9654248869e-05, 8.28264237498e-05, 7.09137311787e-05, 5.94544835621e-05, 5.35762046638e-05, 5.97139514866e-05, 2.77388735412e-05, 3.68223518308e-05, 3.10641626129e-05, 1.5198798792e-05, 1.76592147909e-05, 1.19293681564e-05, 1.07024625322e-05, 9.71492499957e-06, 8.85746248969e-06, 8.34676484374e-06, 1.02054691524e-05, 9.82201981969e-06, 7.33367278372e-06, 6.75711771692e-06, 5.79721790928e-06, 4.96774919156e-06, 4.3922095756e-06, 4.38316828877e-06, 3.17329613608e-06, 4.43932276539e-06, 2.93567950393e-06, 1.57352951646e-06, 1.28285159917e-06],
        "dvar": [3.11363437504e-05, 5.64977526665e-05, 9.44433031691e-06, 2.41444581661e-06, 1.67992666888e-07, 9.11878998977e-08, 2.60236028282e-08, 1.95835703209e-08, 3.35332694945e-09, 3.76191078288e-09, 3.13883163905e-09, 5.8571094641e-09, 1.99800052059e-08, 1.6773244127e-08, 1.09573061735e-08, 9.79091918651e-09, 1.44943417268e-08, 2.09921058314e-09, 2.55811416494e-09, 2.35919395131e-09, 3.31376343032e-10, 8.56992588005e-10, 1.8496386367e-10, 1.44296075089e-10, 9.49817238749e-11, 8.15350981176e-11, 1.05620061308e-10, 1.54715115719e-10, 3.5156647038e-10, 1.12199013969e-10, 6.78615885708e-10, 4.83523950046e-11, 3.69890507113e-11, 3.4404871313e-11, 2.70545825326e-11, 1.30122397232e-11, 2.79635811035e-11, 1.21081998594e-11, 3.94657787353e-12, 2.57897501098e-12],
        "dvar2": [7.03279074514e-05, 0.000123785081087, 2.26694592129e-05, 6.78415108268e-06, 4.57208557236e-07, 2.51828680575e-07, 7.2180547761e-08, 5.19180751724e-08, 7.41085459666e-09, 7.42614414406e-09, 6.39330011154e-09, 1.05349666768e-08, 3.8716351014e-08, 2.90795618696e-08, 1.88907041121e-08, 2.05757295646e-08, 3.15105168625e-08, 4.5479331412e-09, 6.15153483707e-09, 5.70764591146e-09, 7.51871953586e-10, 1.97914040712e-09, 4.07701150618e-10, 3.63455376906e-10, 2.57379811908e-10, 2.18966608734e-10, 2.8763105786e-10, 3.97166383115e-10, 9.2182367295e-10, 2.83024853553e-10, 1.84722148688e-09, 1.26332250217e-10, 9.75789032909e-11, 9.31471982879e-11, 6.53454790278e-11, 3.18655206388e-11, 7.23230295097e-11, 3.01216933341e-11, 9.41471119814e-12, 5.93817009453e-12],
        "max": [0.0536446496844, 0.0706082731485, 0.0465177968144, 0.0255727432668, 0.00642763404176, 0.00668813567609, 0.00312962778844, 0.00393188046291, 0.00129276036751, 0.00163718732074, 0.00162167323288, 0.0038877944462, 0.00382265867665, 0.00562019459903, 0.00430343579501, 0.00304616196081, 0.00343486922793, 0.00183295609895, 0.0012725830311, 0.00122909480706, 0.00040945757064, 0.000804581970442, 0.000575834477786, 0.000373056333046, 9.95816953946e-05, 0.000157295711688, 0.000145337311551, 0.000190596983884, 0.000702631485183, 0.000336177559802, 0.00130890042055, 0.000164987184689, 0.000124868747662, 0.000142741657328, 0.000126360508148, 5.5679523939e-05, 4.47539387096e-05, 2.88060564344e-05, 2.88970804831e-05, 1.68471578945e-05],
        "mean": [0.00516901817173, 0.00533642806113, 0.0017901743995, 0.000594354525674, 0.000249044853263, 0.000172051775735, 0.000147472179378, 0.000119957832794, 7.58555906941e-05, 9.44873827393e-05, 6.86351777404e-05, 8.56484257383e-05, 0.000122896002722, 0.000108598615043, 9.95348382276e-05, 8.21377034299e-05, 9.10506423679e-05, 3.55918273272e-05, 4.81411007058e-05, 3.69403351215e-05, 1.75280820258e-05, 2.34887593251e-05, 1.32270661197e-05, 1.00795432445e-05, 7.82915867603e-06, 7.64391461416e-06, 6.36373079033e-06, 7.61788942327e-06, 7.94666993897e-06, 5.60267471883e-06, 4.77483581562e-06, 3.8614443838e-06, 3.49595120497e-06, 3.09067900162e-06, 2.99332555187e-06, 2.14773990592e-06, 2.58009299614e-06, 1.84427483418e-06, 1.16305784559e-06, 9.14331053536e-07],
        "median": [0.0021816403605, 0.00238009844907, 0.000852397002745, 0.000258962565567, 0.000127795356093, 9.45498322835e-05, 7.56711233407e-05, 5.92026153754e-05, 4.82377945445e-05, 6.25685643172e-05, 2.97092519759e-05, 3.29739232257e-05, 3.95427632611e-05, 1.94975709746e-05, 2.41880479734e-05, 1.16683750093e-05, 1.5152625565e-05, 8.82978656591e-06, 1.03412203316e-05, 7.86760756455e-06, 5.93286222283e-06, 5.67810093344e-06, 5.24593497175e-06, 4.19014850195e-06, 3.71377927877e-06, 3.44829481946e-06, 1.95061329578e-06, 2.19636626753e-06, 1.40714087138e-06, 1.52238862938e-06, 9.09738844257e-07, 6.37174309759e-07, 6.5247013481e-07, 5.49583432985e-07, 3.97018084186e-07, 2.97884696465e-07, 2.91195505042e-07, 2.39437639493e-07, 1.99417016233e-07, 1.4074514354e-07],
        "min": [1.02409701835e-23, 1.49777201988e-23, 1.302665261e-23, 2.22182595069e-24, 1.1583062397e-23, 1.18384245606e-23, 1.80017096161e-23, 9.01056095263e-24, 6.87927493462e-24, 4.56065180655e-24, 1.05037594725e-23, 7.63738840833e-24, 6.54227118932e-24, 1.01635206087e-23, 1.21311479656e-23, 1.06477802303e-23, 1.01123606124e-23, 1.14971025907e-23, 1.15367247074e-23, 4.97436714728e-24, 8.02892295256e-24, 1.02904798827e-23, 1.38280280046e-23, 9.23955938481e-24, 7.60068823244e-24, 1.14957291839e-23, 1.37771038777e-23, 9.86224042946e-24, 6.91527617975e-24, 7.61935031487e-24, 1.11814280666e-23, 1.74223780559e-23, 1.93655523025e-23, 7.32353536403e-24, 1.46082019735e-23, 1.64362798363e-23, 1.0736862348e-23, 1.22608800857e-23, 1.07223007645e-23, 9.04237097978e-24],
        "var": [5.48993666598e-05, 7.78108806117e-05, 9.95981463348e-06, 1.65719359302e-06, 1.57502839215e-07, 7.60246052778e-08, 4.79368615913e-08, 3.82107394614e-08, 1.06475583905e-08, 1.29917614444e-08, 1.38641444991e-08, 5.25589740619e-08, 9.06718327087e-08, 9.8661232073e-08, 7.85732154895e-08, 4.86584035286e-08, 6.10355996855e-08, 1.04077511054e-08, 1.09580415852e-08, 8.86032935909e-09, 1.28879029671e-09, 4.19647205874e-09, 7.83315246e-10, 3.82728154724e-10, 1.23187640644e-10, 1.57383162058e-10, 1.51023221706e-10, 2.08311548566e-10, 9.97149141035e-10, 2.32942110046e-10, 8.30303437116e-10, 8.49336087572e-11, 6.46336664745e-11, 6.5380978409e-11, 6.01126093347e-11, 2.03347980815e-11, 2.9337823837e-11, 1.31449235177e-11, 5.81389190263e-12, 3.25625637565e-12]
    },
    "mfcc": {
        "mean": [-659.667358398, 120.463386536, 0.303228259087, 17.4868927002, 3.23794388771, 11.3497781754, 4.59023046494, 6.99683618546, 1.5474408865, 4.74230051041, 1.65690815449, 3.83937001228, 1.88599741459],
        "cov": [[10827.2099609, -694.397766113, 468.679901123, 964.900695801, 897.126220703, 810.508117676, 380.402435303, 239.901397705, 173.854690552, 131.795227051, -95.6417007446, 40.1818122864, -28.2021045685], [-694.397766113, 2078.83398438, 33.559261322, 144.288497925, 220.096908569, 232.095932007, 113.521087646, 115.025428772, 67.8461761475, 25.0076408386, 7.87598514557, -21.3905239105, -13.6304359436], [468.679901123, 33.559261322, 1352.96984863, 512.805114746, 353.812164307, 259.59979248, 261.469909668, 129.247879028, 98.7736816406, 68.0865783691, -28.0950088501, -57.1912727356, -80.0812530518], [964.900695801, 144.288497925, 512.805114746, 619.443969727, 305.504669189, 271.652832031, 213.522521973, 151.636535645, 86.7375564575, 55.3912200928, -3.50999069214, -8.48894309998, -27.374414444], [897.126220703, 220.096908569, 353.812164307, 305.504669189, 440.785736084, 296.227935791, 174.327011108, 122.229225159, 84.4531936646, 30.8063488007, -2.25478887558, 0.518698215485, -34.6207084656], [810.508117676, 232.095932007, 259.59979248, 271.652832031, 296.227935791, 310.539031982, 148.114318848, 119.369651794, 69.763633728, 35.9492988586, -7.37848806381, 10.2999362946, -22.2981777191], [380.402435303, 113.521087646, 261.469909668, 213.522521973, 174.327011108, 148.114318848, 185.744659424, 85.430770874, 58.0245285034, 28.9407253265, 2.14523077011, 3.46610927582, 1.99983906746], [239.901397705, 115.025428772, 129.247879028, 151.636535645, 122.229225159, 119.369651794, 85.430770874, 127.803230286, 59.5606803894, 21.8574848175, 5.76067256927, 10.9831590652, -7.45222473145], [173.854690552, 67.8461761475, 98.7736816406, 86.7375564575, 84.4531936646, 69.763633728, 58.0245285034, 59.5606803894, 86.5133285522, 42.8716888428, 8.05496692657, 7.18318939209, 3.38130545616], [131.795227051, 25.0076408386, 68.0865783691, 55.3912200928, 30.8063488007, 35.9492988586, 28.9407253265, 21.8574848175, 42.8716888428, 72.3480834961, 25.1204280853, 7.02066087723, 5.0887260437], [-95.6417007446, 7.87598514557, -28.0950088501, -3.50999069214, -2.25478887558, -7.37848806381, 2.14523077011, 5.76067256927, 8.05496692657, 25.1204280853, 59.8180809021, 30.7740097046, 8.99812030792], [40.1818122864, -21.3905239105, -57.1912727356, -8.48894309998, 0.518698215485, 10.2999362946, 3.46610927582, 10.9831590652, 7.18318939209, 7.02066087723, 30.7740097046, 66.2510604858, 32.3836631775], [-28.2021045685, -13.6304359436, -80.0812530518, -27.374414444, -34.6207084656, -22.2981777191, 1.99983906746, -7.45222473145, 3.38130545616, 5.0887260437, 8.99812030792, 32.3836631775, 64.2470550537]],
