{
"lowlevel": {
    "average_loudness": 0.0588024817407,
    "barkbands_crest": {
        "dmean": 1.72490501404,
        "dmean2": 2.61841464043,
        "dvar": 2.92458558083,
        "dvar2": 7.11045122147,
        "max": 24.9331150055,
        "mean": 10.265124321,
        "median": 9.28588867188,
        "min": 2.84113121033,
        "var": 17.6793441772
    },
    "barkbands_flatness_db": {
        "dmean": 0.0118045266718,
        "dmean2": 0.0178696885705,
        "dvar": 0.000133775291033,
        "dvar2": 0.000309059512801,
        "max": 0.449544548988,
        "mean": 0.21582762897,
        "median": 0.198647096753,
        "min": 0.0338014364243,
        "var": 0.00590438442305
    },
    "barkbands_kurtosis": {
        "dmean": 1.29962575436,
        "dmean2": 2.011510849,
        "dvar": 5.86121892929,
        "dvar2": 14.1010856628,
        "max": 121.123062134,
        "mean": 2.23750424385,
        "median": 1.10964250565,
        "min": -1.85564601421,
        "var": 18.9549751282
    },
    "barkbands_skewness": {
        "dmean": 0.317166358232,
        "dmean2": 0.480867415667,
        "dvar": 0.113370679319,
        "dvar2": 0.255452126265,
        "max": 9.63701438904,
        "mean": 1.07671034336,
        "median": 1.11706066132,
        "min": -6.08672428131,
        "var": 1.0822211504
    },
    "barkbands_spread": {
        "dmean": 2.5081319809,
        "dmean2": 3.89342904091,
        "dvar": 8.3242816925,
        "dvar2": 19.8017673492,
        "max": 103.860733032,
        "mean": 14.4483652115,
        "median": 12.6274967194,
        "min": 0.826865613461,
        "var": 86.930229187
    },
    "dissonance": {
        "dmean": 0.0233582053334,
        "dmean2": 0.0393248088658,
        "dvar": 0.000597545702476,
        "dvar2": 0.0016887052916,
        "max": 0.49999588728,
        "mean": 0.432336717844,
        "median": 0.441667586565,
        "min": 0.05456122756,
        "var": 0.00214135786518
    },
    "dynamic_complexity": 5.90707445145,
    "erbbands_crest": {
        "dmean": 2.33686542511,
        "dmean2": 3.66716742516,
        "dvar": 5.73636627197,
        "dvar2": 14.0598592758,
        "max": 32.0937271118,
        "mean": 11.2345790863,
        "median": 9.92359638214,
        "min": 2.60941314697,
        "var": 28.7141304016
    },
    "erbbands_flatness_db": {
        "dmean": 0.0109360562637,
        "dmean2": 0.0164274852723,
        "dvar": 0.000121934121125,
        "dvar2": 0.000258605257841,
        "max": 0.506541192532,
        "mean": 0.260264664888,
        "median": 0.244050547481,
        "min": 0.0531577691436,
        "var": 0.00578738981858
    },
    "erbbands_kurtosis": {
        "dmean": 0.776380836964,
        "dmean2": 1.19160175323,
        "dvar": 3.15149927139,
        "dvar2": 5.80773925781,
        "max": 176.178939819,
        "mean": 0.660777270794,
        "median": -0.45833158493,
        "min": -1.82122612,
        "var": 55.2752304077
    },
    "erbbands_skewness": {
        "dmean": 0.311312556267,
        "dmean2": 0.476489663124,
        "dvar": 0.105849877,
        "dvar2": 0.245612218976,
        "max": 5.62632131577,
        "mean": 0.171541363001,
        "median": 0.197321489453,
        "min": -5.499106884,
        "var": 0.62592792511
    },
    "erbbands_spread": {
        "dmean": 3.76577162743,
        "dmean2": 5.85653829575,
        "dvar": 13.932144165,
        "dvar2": 33.9052581787,
        "max": 95.5123062134,
        "mean": 25.226934433,
        "median": 24.4429531097,
        "min": 0.4695302248,
        "var": 140.706497192
    },
    "hfc": {
        "dmean": 2.50481891632,
        "dmean2": 3.93043923378,
        "dvar": 22.5006332397,
        "dvar2": 56.740234375,
        "max": 195.178497314,
        "mean": 12.1087255478,
        "median": 5.85256004333,
        "min": 1.06808048852e-16,
        "var": 267.484832764
    },
    "melbands_crest": {
        "dmean": 2.027821064,
        "dmean2": 3.04718732834,
        "dvar": 4.41164445877,
        "dvar2": 11.0468225479,
        "max": 36.1487579346,
        "mean": 13.5134477615,
        "median": 12.427321434,
        "min": 1.54532587528,
        "var": 30.2827892303
    },
    "melbands_flatness_db": {
        "dmean": 0.0126864016056,
        "dmean2": 0.0190013814718,
        "dvar": 0.000179197581019,
        "dvar2": 0.000405859493185,
        "max": 0.552267372608,
        "mean": 0.283694446087,
        "median": 0.263280898333,
        "min": 0.00326947704889,
        "var": 0.00988489203155
    },
    "melbands_kurtosis": {
        "dmean": 2.31317138672,
        "dmean2": 3.57333827019,
        "dvar": 27.4787712097,
        "dvar2": 67.9173355103,
        "max": 238.84765625,
        "mean": 5.58590602875,
        "median": 3.64842844009,
        "min": -1.89635956287,
        "var": 74.4633255005
    },
    "melbands_skewness": {
        "dmean": 0.370621472597,
        "dmean2": 0.555970609188,
        "dvar": 0.172853633761,
        "dvar2": 0.405049711466,
        "max": 13.5914001465,
        "mean": 1.72191858292,
        "median": 1.6627150774,
        "min": -4.998670578,
        "var": 1.43806672096
    },
    "melbands_spread": {
        "dmean": 3.76668429375,
        "dmean2": 5.84527492523,
        "dvar": 22.41705513,
        "dvar2": 55.0805130005,
        "max": 159.838912964,
        "mean": 19.7756900787,
        "median": 15.8550806046,
        "min": 0.78922444582,
        "var": 313.093475342
    },
    "pitch_salience": {
        "dmean": 0.045845810324,
        "dmean2": 0.070950768888,
        "dvar": 0.00183365121484,
        "dvar2": 0.00450586294755,
        "max": 0.977519571781,
        "mean": 0.516209185123,
        "median": 0.517794907093,
        "min": 0.0856928154826,
        "var": 0.0108925001696
    },
    "silence_rate_20dB": {
        "dmean": 0,
        "dmean2": 0,
        "dvar": 0,
        "dvar2": 0,
        "max": 1,
        "mean": 1,
        "median": 1,
        "min": 1,
        "var": 0
    },
    "silence_rate_30dB": {
        "dmean": 0.00774044776335,
        "dmean2": 0.0154821705073,
        "dvar": 0.00768115883693,
        "dvar2": 0.0187008585781,
        "max": 1,
        "mean": 0.988801956177,
        "median": 1,
        "min": 0,
        "var": 0.011072085239
    },
    "silence_rate_60dB": {
        "dmean": 0.0245388671756,
        "dmean2": 0.0490817762911,
        "dvar": 0.0239353049546,
        "dvar2": 0.053417481482,
        "max": 1,
        "mean": 0.293536424637,
        "median": 0,
        "min": 0,
        "var": 0.207386314869
    },
    "spectral_centroid": {
        "dmean": 121.288734436,
        "dmean2": 192.756210327,
        "dvar": 23213.71875,
        "dvar2": 55943.515625,
        "max": 11595.7089844,
        "mean": 1133.8692627,
        "median": 889.020324707,
        "min": 246.905059814,
        "var": 1714724.875
    },
    "spectral_complexity": {
        "dmean": 1.49143612385,
        "dmean2": 2.52557039261,
        "dvar": 2.34696793556,
        "dvar2": 6.31157207489,
        "max": 56,
        "mean": 13.0629892349,
        "median": 12,
        "min": 0,
        "var": 76.9898910522
    },
    "spectral_decrease": {
        "dmean": 9.7704155877e-10,
        "dmean2": 1.47430667674e-09,
        "dvar": 7.14919051258e-18,
        "dvar2": 1.88039395231e-17,
        "max": 1.44207338852e-28,
        "mean": -4.48226078475e-09,
        "median": -2.50583354067e-09,
        "min": -8.52475992019e-08,
        "var": 3.36126363923e-17
    },
    "spectral_energy": {
        "dmean": 0.00385992322117,
        "dmean2": 0.00583585910499,
        "dvar": 0.000105355014966,
        "dvar2": 0.000276273989584,
        "max": 0.327450633049,
        "mean": 0.0180153790861,
        "median": 0.0100850826129,
        "min": 1.00884587328e-20,
        "var": 0.000531878788024
    },
    "spectral_energyband_high": {
        "dmean": 4.1592065827e-05,
        "dmean2": 6.73339454806e-05,
        "dvar": 2.76671165977e-08,
        "dvar2": 7.02125291241e-08,
        "max": 0.0145401582122,
        "mean": 0.000182625983143,
        "median": 1.29434001792e-05,
        "min": 7.00862701315e-21,
        "var": 6.11299697084e-07
    },
    "spectral_energyband_low": {
        "dmean": 0.0017434587935,
        "dmean2": 0.00272617628798,
        "dvar": 8.46933544381e-05,
        "dvar2": 0.000228341261391,
        "max": 0.304381072521,
        "mean": 0.00439504720271,
        "median": 0.00115795363672,
        "min": 8.00125365631e-24,
        "var": 0.00016806225176
    },
    "spectral_energyband_middle_high": {
        "dmean": 0.00136884464882,
        "dmean2": 0.00215875823051,
        "dvar": 1.04696782728e-05,
        "dvar2": 2.49313416134e-05,
        "max": 0.155716091394,
        "mean": 0.00428980961442,
        "median": 0.00161545851734,
        "min": 1.17553098601e-21,
        "var": 4.24584068242e-05
    },
    "spectral_energyband_middle_low": {
        "dmean": 0.00211545266211,
        "dmean2": 0.00300110247917,
        "dvar": 1.60614217748e-05,
        "dvar2": 3.84448940167e-05,
        "max": 0.107385590672,
        "mean": 0.00967343337834,
        "median": 0.0055235857144,
        "min": 1.6344457058e-22,
        "var": 0.000132210290758
    },
    "spectral_entropy": {
        "dmean": 0.0877830684185,
        "dmean2": 0.135128766298,
        "dvar": 0.00861307606101,
        "dvar2": 0.0199873745441,
        "max": 9.82531070709,
        "mean": 6.701649189,
        "median": 6.78821754456,
        "min": 4.72485351562,
        "var": 0.452234685421
    },
    "spectral_flux": {
        "dmean": 0.00973941013217,
        "dmean2": 0.0163957532495,
        "dvar": 0.000253060366958,
        "dvar2": 0.00069230736699,
        "max": 0.378782242537,
        "mean": 0.0405084528029,
        "median": 0.0300321392715,
        "min": 6.33004898498e-11,
        "var": 0.00132745387964
    },
    "spectral_kurtosis": {
        "dmean": 8.78320503235,
        "dmean2": 15.508143425,
        "dvar": 199.045852661,
        "dvar2": 589.976928711,
        "max": 206.027923584,
        "mean": 22.4726371765,
        "median": 9.69102859497,
        "min": -1.26449453831,
        "var": 1050.50708008
    },
    "spectral_rms": {
        "dmean": 0.000343295861967,
        "dmean2": 0.000503416988067,
        "dvar": 2.99425437333e-07,
        "dvar2": 7.24169126443e-07,
        "max": 0.0178735572845,
        "mean": 0.00348422629759,
        "median": 0.00313673471101,
        "min": 3.13725976621e-12,
        "var": 5.43624355487e-06
    },
    "spectral_rolloff": {
        "dmean": 245.202941895,
        "dmean2": 425.364074707,
        "dvar": 250246.03125,
        "dvar2": 557886.5625,
        "max": 19832.0800781,
        "mean": 1417.88659668,
        "median": 925.927734375,
        "min": 64.599609375,
        "var": 5271831
    },
    "spectral_skewness": {
        "dmean": 0.611616134644,
        "dmean2": 1.07506763935,
        "dvar": 0.624049425125,
        "dvar2": 1.87457728386,
        "max": 10.9531812668,
        "mean": 2.59306788445,
        "median": 1.93245947361,
        "min": -0.0907791256905,
        "var": 3.40113019943
    },
    "spectral_spread": {
        "dmean": 202847.21875,
        "dmean2": 345543.4375,
        "dvar": 125276774400,
        "dvar2": 276834222080,
        "max": 42602992,
        "mean": 2783098.25,
        "median": 2262943,
        "min": 383257.65625,
        "var": 2.25030008996e+13
    },
    "spectral_strongpeak": {
        "dmean": 0.394458144903,
        "dmean2": 0.650388836861,
        "dvar": 0.594430446625,
        "dvar2": 1.45889174938,
        "max": 10.5183315277,
        "mean": 1.00631403923,
        "median": 0.570565760136,
        "min": 0,
        "var": 1.32718801498
    },
    "zerocrossingrate": {
        "dmean": 0.00429859571159,
        "dmean2": 0.00537809031084,
        "dvar": 4.74354965263e-05,
        "dvar2": 6.50247529848e-05,
        "max": 0.65869140625,
        "mean": 0.0485887080431,
        "median": 0.0380859375,
        "min": 0.00244140625,
        "var": 0.00364610459656
    },
    "barkbands": {
        "dmean": [0.000135262787808, 0.00124089117162, 0.000509780598804, 0.000365704996511, 0.00096897612093, 0.000481149938423, 0.000516641302966, 0.000570206902921, 0.000488723220769, 0.000508392113261, 0.000326362322085, 0.000290490570478, 0.00016844017955, 0.000208995377761, 0.000292688811896, 0.000295957695926, 0.000161121031852, 0.000159479444847, 0.00010537266644, 3.68488217646e-05, 2.31379672186e-05, 1.13030964712e-05, 8.60276577441e-06, 2.41504267251e-06, 2.14090528061e-06, 1.51395306602e-06, 1.5435473415e-06],
        "dmean2": [0.000222543254495, 0.00200501387008, 0.000720241572708, 0.000582375214435, 0.00150243588723, 0.000612338015344, 0.000616445788182, 0.000714305380825, 0.000700773613062, 0.000769501843024, 0.000493625353556, 0.000458137190435, 0.000275163853075, 0.000340427126503, 0.000495804997627, 0.000512380618602, 0.000277535029454, 0.000274988793535, 0.000180907605682, 6.23560044914e-05, 3.93784030166e-05, 1.88007761608e-05, 1.44216119224e-05, 3.93482787331e-06, 2.97615019917e-06, 2.44358852797e-06, 2.07977655009e-06],
        "dvar": [1.19313779123e-06, 6.82656173012e-05, 2.89395734399e-06, 1.55753411946e-06, 7.34583818485e-06, 9.16833187148e-07, 1.77273420832e-06, 2.37496101363e-06, 2.33713285525e-06, 5.30850365976e-06, 1.62024616657e-06, 1.30124749376e-06, 2.42961817776e-07, 5.98728604473e-07, 6.15902877144e-07, 8.48792637953e-07, 2.18200881363e-07, 2.00074737222e-07, 1.42392551084e-07, 1.69867089284e-08, 9.99415838976e-09, 3.4024558726e-09, 3.529009307e-09, 2.56044990765e-10, 7.94595667042e-10, 1.04655695221e-09, 1.14297449283e-09],
        "dvar2": [3.25909877574e-06, 0.000184586780961, 6.40002599539e-06, 4.73416821478e-06, 2.21796799451e-05, 1.47770822423e-06, 2.11375322579e-06, 3.61075058208e-06, 4.48622131444e-06, 1.24483240143e-05, 3.52260508407e-06, 2.89063927994e-06, 6.50508525268e-07, 1.50396772369e-06, 1.71155818407e-06, 2.47429352385e-06, 6.31023794995e-07, 5.74492332817e-07, 3.94361734379e-07, 4.82956679093e-08, 2.76363572027e-08, 9.63531032738e-09, 9.85543824328e-09, 6.86005585671e-10, 1.52410384313e-09, 2.66932254078e-09, 2.16237805439e-09],
        "max": [0.033792372793, 0.274304181337, 0.0675708949566, 0.0443722903728, 0.073821850121, 0.0441989712417, 0.0850197821856, 0.0689270943403, 0.0530062355101, 0.138084918261, 0.0427876636386, 0.0420944876969, 0.0131863085553, 0.0283076874912, 0.0163343604654, 0.0195673014969, 0.0121899861842, 0.0142906680703, 0.0165402200073, 0.00688741216436, 0.00568542117253, 0.00467231404036, 0.00378900882788, 0.00105364969932, 0.00268757110462, 0.00244939210825, 0.00295864092186],
        "mean": [0.000170375016751, 0.00235456903465, 0.0013901758939, 0.000901893537957, 0.00301198824309, 0.00164519320242, 0.0014060215326, 0.00160561956, 0.00100542849395, 0.000878459890373, 0.000610528106336, 0.00050264748279, 0.000299018254736, 0.000328730529873, 0.000449372164439, 0.000441783864517, 0.000273669487797, 0.000296458747471, 0.000210281155887, 8.86732814251e-05, 6.09489943599e-05, 3.65961495845e-05, 2.84482684947e-05, 8.21262983663e-06, 5.72604631088e-06, 2.45325350079e-06, 2.11193969335e-06],
        "median": [5.50439699509e-06, 0.000263006513705, 0.000306468253257, 0.000389651861042, 0.00120307609905, 0.000647105393, 0.000354509975296, 0.000294320343528, 0.00018939175061, 0.000149352301378, 7.49058890506e-05, 0.00013283129374, 7.80104746809e-05, 6.01029605605e-05, 9.42313854466e-05, 6.22733568889e-05, 4.05933824368e-05, 5.35978942935e-05, 2.32734964811e-05, 1.07256664705e-05, 4.57619080407e-06, 1.76517698947e-06, 6.72573889915e-07, 2.17425878191e-07, 1.04582518645e-07, 2.11697166463e-08, 3.18441095715e-09],
        "min": [2.21582942452e-25, 2.17879220781e-24, 4.36740390964e-26, 6.66743264941e-25, 4.93551614212e-24, 1.09620923916e-23, 5.58296702477e-24, 4.49942239524e-24, 1.27157451723e-23, 1.35150805726e-23, 1.31620534846e-23, 3.05663437488e-23, 2.53418473468e-23, 2.05633634341e-23, 2.5976304507e-23, 4.17487594693e-23, 3.42428299976e-23, 8.49355681925e-23, 9.19851321642e-23, 1.67547997817e-22, 2.06337714787e-22, 3.24800363701e-22, 3.77665782601e-22, 5.9498807626e-22, 8.61311001473e-22, 1.28860926166e-21, 1.91144799014e-21],
        "var": [2.14070041693e-06, 0.000104607679532, 1.31529905048e-05, 2.72865781881e-06, 3.00442679873e-05, 7.21987407815e-06, 1.17196423162e-05, 1.87242621905e-05, 7.42862494008e-06, 9.28646477405e-06, 4.55811823485e-06, 2.64207528744e-06, 4.93834647841e-07, 1.01393334262e-06, 1.07442872377e-06, 1.3763564084e-06, 4.27033342021e-07, 4.71912045441e-07, 4.54796435179e-07, 8.72080079262e-08, 6.09698460607e-08, 3.42457795455e-08, 2.73044200583e-08, 2.32570007697e-09, 2.5970481321e-09, 1.44988587802e-09, 2.15258788572e-09]
    },
    "erbbands": {
        "dmean": [0.0510644540191, 0.224376901984, 0.516674637794, 0.862697303295, 2.37688827515, 3.18029761314, 3.54008245468, 4.64030265808, 6.31246709824, 7.45205831528, 12.5635681152, 10.1916303635, 13.6410608292, 18.361082077, 9.55188179016, 8.83390808105, 7.56792640686, 8.27064323425, 12.4478082657, 12.8005018234, 19.4887180328, 7.92072153091, 9.90580558777, 6.6164188385, 3.06667923927, 1.56373214722, 1.39055860043, 0.477254539728, 0.386788636446, 0.347099661827, 0.209546923637, 0.0768106132746, 0.0327918827534, 0.025779383257, 0.0154187548906, 0.00220921868458, 0.00336144934408, 0.00199676700868, 0.000104620383354, 2.34124854614e-05],
        "dmean2": [0.0849311128259, 0.357136934996, 0.735667288303, 1.32798564434, 3.88939929008, 4.97159194946, 4.25676679611, 5.94186067581, 7.68360567093, 9.01587104797, 15.9444885254, 14.6725635529, 19.8456573486, 28.0171833038, 14.5932340622, 14.0047111511, 12.2940578461, 13.1934099197, 21.0235443115, 21.647983551, 33.810760498, 13.6082210541, 17.0786819458, 11.3894062042, 5.25165176392, 2.67992472649, 2.35315895081, 0.789062917233, 0.644257307053, 0.568342864513, 0.349923998117, 0.127975016832, 0.0517696999013, 0.0353799946606, 0.0222780406475, 0.00337375327945, 0.00515782088041, 0.00309081422165, 0.000156346330186, 3.17021513183e-05],
        "dvar": [0.178592890501, 1.51712620258, 3.4123044014, 4.93072748184, 81.8687744141, 66.2393569946, 62.5704421997, 105.143844604, 208.12890625, 422.423095703, 1055.39697266, 1386.09326172, 2650.96801758, 3132.22167969, 1149.26855469, 1102.44299316, 504.853668213, 1112.30383301, 1126.57543945, 1658.26513672, 3869.73120117, 486.931518555, 804.805725098, 710.429992676, 67.6480407715, 34.0214424133, 38.3365631104, 4.51787900925, 3.33543252945, 6.22507572174, 2.17456483841, 0.28781992197, 0.0521199628711, 0.0799095928669, 0.0711802095175, 0.00055055093253, 0.00642184074968, 0.00241155922413, 4.54229984825e-06, 2.57542211557e-07],
        "dvar2": [0.490689873695, 3.97509813309, 7.35415935516, 13.376042366, 239.501235962, 194.343322754, 97.4547195435, 163.507888794, 275.508880615, 516.99005127, 1752.69567871, 2643.15478516, 5821.64892578, 7339.61425781, 2508.73266602, 2526.50537109, 1344.9387207, 2504.08789062, 3083.46972656, 4675.33544922, 11256.9306641, 1452.77197266, 2310.48339844, 1994.44763184, 188.255126953, 99.446762085, 107.386642456, 11.8810501099, 9.43398952484, 16.3281593323, 6.14862346649, 0.805459082127, 0.130683153868, 0.109985619783, 0.158967316151, 0.00141414080281, 0.0157240629196, 0.00529916910455, 8.93217202247e-06, 4.98932251958e-07],
        "max": [13.2085561752, 40.495639801, 84.6189880371, 69.3523635864, 311.148010254, 268.375030518, 334.175079346, 352.387420654, 661.395812988, 1020.51989746, 1261.24829102, 1497.95593262, 2801.87670898, 2123.96020508, 1118.61413574, 1212.6895752, 550.44543457, 1748.31787109, 746.873474121, 1191.21203613, 1328.05407715, 591.485534668, 969.509338379, 1166.90014648, 366.317657471, 282.519805908, 329.790893555, 161.19972229, 132.681488037, 166.413497925, 91.5902633667, 37.4750595093, 11.4580144882, 30.0232944489, 26.2687206268, 1.39174556732, 6.67062711716, 4.04738807678, 0.226654261351, 0.0532988570631],
        "mean": [0.0754190906882, 0.503438234329, 1.54530656338, 2.53084826469, 5.73892116547, 10.3053741455, 12.8414173126, 14.9036951065, 19.2763805389, 22.6067085266, 35.0900154114, 22.3501319885, 27.0781822205, 33.6499824524, 20.0265159607, 16.7464237213, 14.3944597244, 14.9268684387, 20.1458797455, 21.233757019, 29.9103279114, 15.1389465332, 18.6432514191, 13.2371368408, 7.29781293869, 4.07680559158, 3.35920357704, 1.65127146244, 1.20216321945, 1.15692842007, 0.717957675457, 0.272414982319, 0.104659892619, 0.0757859051228, 0.0321016162634, 0.00592969032004, 0.00493952911347, 0.00305746565573, 0.000173176595126, 4.39258692495e-05],
        "median": [0.00270731793717, 0.0765713974833, 0.342738568783, 1.21040534973, 2.04948878288, 3.46585512161, 4.39274311066, 5.29709196091, 6.89460992813, 4.8939371109, 7.8960776329, 5.14596176147, 6.44198036194, 6.6689248085, 5.44562149048, 5.25671482086, 4.14884710312, 3.93157052994, 5.27983951569, 4.32641792297, 4.77311229706, 2.80183243752, 3.57844924927, 1.80789721012, 1.11863458157, 0.483213663101, 0.266490161419, 0.112997673452, 0.0752271413803, 0.0339456796646, 0.0147530948743, 0.00621296698228, 0.00294979545288, 0.001512086601, 0.000618499063421, 0.000161464820849, 3.42927924066e-05, 5.94643142904e-06, 6.30509339317e-06, 1.25638589452e-05],
        "min": [6.59741793085e-23, 3.06042412578e-22, 1.05480472281e-21, 4.95885204872e-21, 1.11884134614e-20, 1.54002143844e-20, 2.27513135582e-20, 6.0334282461e-20, 4.24129588944e-20, 1.69667409838e-19, 1.83616944914e-19, 3.32836023494e-19, 4.67216580485e-19, 4.60447503038e-19, 1.03797032427e-18, 1.52165074577e-18, 1.78904484039e-18, 1.59683215767e-18, 1.44505340746e-18, 2.99560997974e-18, 3.40619968834e-18, 2.54566818747e-18, 4.04810156306e-18, 6.52451281297e-18, 5.70246651047e-18, 7.84729868953e-18, 7.80711260101e-18, 8.62645650444e-18, 9.14825940563e-18, 1.06659207627e-17, 1.05698586238e-17, 1.04117777913e-17, 9.20997535113e-18, 7.63078250983e-18, 6.16942485551e-18, 3.88534054265e-18, 2.2944674975e-18, 1.00816617962e-18, 2.48514007332e-19, 2.61501017599e-20],
        "var": [0.251049667597, 2.69148254395, 16.8597927094, 16.1884765625, 164.941085815, 390.412139893, 636.489562988, 739.888366699, 1321.27758789, 3350.99780273, 7314.86279297, 4469.9453125, 5403.64013672, 7220.47607422, 3235.83837891, 2201.12109375, 1066.08728027, 2109.28540039, 1941.06384277, 2970.43652344, 6203.69873047, 1050.69836426, 1830.77709961, 1787.36877441, 346.857788086, 185.693130493, 183.823730469, 54.0294685364, 29.9334430695, 47.3272857666, 17.5123786926, 2.57096028328, 0.346090465784, 0.460966438055, 0.131034061313, 0.00153721822426, 0.00785755738616, 0.00427154824138, 9.47485114011e-06, 3.82091798201e-07]
    },
    "gfcc": {
        "mean": [-139.597457886, 166.024368286, -151.325881958, 5.72920656204, -43.1219139099, -16.1808223724, -32.4493331909, -6.76708841324, -17.0932331085, -12.327709198, -8.56535243988, -8.9318819046, -3.53029155731],
        "cov": [[33434.5078125, -170.729980469, -2541.81811523, 3835.40722656, -1954.26269531, 375.478210449, -206.525009155, 948.535644531, -42.2210426331, -104.91947937, -443.625335693, 88.6645050049, -175.324981689], [-170.729980469, 2759.10644531, -115.778152466, -1012.78637695, 511.3984375, -394.169555664, 79.3487854004, -311.736816406, -77.8255844116, -222.561508179, 142.440246582, -143.982192993, 82.5506973267], [-2541.81811523, -115.778152466, 1061.07678223, 38.8642883301, 334.154815674, 217.936141968, 181.109298706, 54.5433959961, 36.8975219727, 21.1558380127, 57.9781799316, 46.9255714417, -19.2115821838], [3835.40722656, -1012.78637695, 38.8642883301, 1407.18493652, -275.425140381, 319.926269531, 86.0665740967, 284.85256958, 82.7759246826, 69.7823486328, -99.0076599121, 76.1062011719, -57.8439559937], [-1954.26269531, 511.3984375, 334.154815674, -275.425140381, 467.375610352, 55.8219642639, 85.713180542, -77.8890686035, 11.9660348892, -8.39161777496, 51.5412979126, -16.7078590393, 19.3335781097], [375.478210449, -394.169555664, 217.936141968, 319.926269531, 55.8219642639, 315.520935059, 99.8399734497, 116.60206604, 34.2042007446, 72.7198944092, 6.59512615204, 52.5581855774, -20.0378723145], [-206.525009155, 79.3487854004, 181.109298706, 86.0665740967, 85.713180542, 99.8399734497, 192.544754028, 79.7527923584, 40.2389373779, 19.6218738556, 49.4080581665, 17.6269512177, -8.25815677643], [948.535644531, -311.736816406, 54.5433959961, 284.85256958, -77.8890686035, 116.60206604, 79.7527923584, 206.836853027, 74.1986236572, 46.8686332703, -10.3432207108, 43.4843139648, -2.75609827042], [-42.2210426331, -77.8255844116, 36.8975219727, 82.7759246826, 11.9660348892, 34.2042007446, 40.2389373779, 74.1986236572, 123.753364563, 72.1267242432, 16.7455463409, 1.39244139194, -2.25923633575], [-104.91947937, -222.561508179, 21.1558380127, 69.7823486328, -8.39161777496, 72.7198944092, 19.6218738556, 46.8686332703, 72.1267242432, 132.554977417, 51.0022544861, 17.1723957062, -17.6942596436], [-443.625335693, 142.440246582, 57.9781799316, -99.0076599121, 51.5412979126, 6.59512615204, 49.4080581665, -10.3432207108, 16.7455463409, 51.0022544861, 129.712417603, 42.052444458, -3.44575071335], [88.6645050049, -143.982192993, 46.9255714417, 76.1062011719, -16.7078590393, 52.5581855774, 17.6269512177, 43.4843139648, 1.39244139194, 17.1723957062, 42.052444458, 100.087203979, 41.7348403931], [-175.324981689, 82.5506973267, -19.2115821838, -57.8439559937, 19.3335781097, -20.0378723145, -8.25815677643, -2.75609827042, -2.25923633575, -17.6942596436, -3.44575071335, 41.7348403931, 107.721199036]],
        "icov": [[0.000129195352201, -0.000337373610819, 0.000174417669768, -0.00033933884697, 0.000402292964282, -0.000272684177617, 0.000347923312802, -0.000499378948007, 0.000336326367687, -0.000239025961491, 0.000302681553876, -0.00026949273888, 0.000290560157737], [-0.000337373610819, 0.00196657562628, -6.84050974087e-05, 0.000999874784611, -0.002015278209, 0.00124960008543, -0.00146699603647, 0.00141877518035, -0.00127917330246, 0.00266849668697, -0.00284871668555, 0.00249855639413, -0.00166112068109], [0.000174417669768, -6.84050974087e-05, 0.00188272539526, -0.000386520376196, -0.000760160270147, -0.000726463331375, -0.000366239139112, -0.000674024573527, 0.000118910924357, 0.000737433903851, -0.000118255979032, -0.000636411248706, 0.000786907912698], [-0.00033933884697, 0.000999874784611, -0.000386520376196, 0.00233370694332, -0.000432279048255, -0.000314814184094, -0.00128685263917, 0.000825758324936, -0.0015157648595, 0.00102668174077, 0.000290218507871, -0.00017989925982, 2.30071600527e-05], [0.000402292964282, -0.002015278209, -0.000760160270147, -0.000432279048255, 0.00642052711919, -0.00305429683067, 0.000453023792943, 0.000643378065433, -0.000435236142948, -0.0012659158092, 0.00198153802194, -0.00103388167918, 0.000409028376453], [-0.000272684177617, 0.00124960008543, -0.000726463331375, -0.000314814184094, -0.00305429683067, 0.00840972550213, -0.00303215091117, -0.000598799728323, 0.00231814524159, -0.00348459836096, 0.00127360108308, -0.00160943996161, 0.000305241148453], [0.000347923312802, -0.00146699603647, -0.000366239139112, -0.00128685263917, 0.000453023792943, -0.00303215091117, 0.0115113509819, -0.00559681048617, 2.50024891102e-06, 0.00195319880731, -0.00432039564475, 0.00212180241942, 0.000388737185858], [-0.000499378948007, 0.00141877518035, -0.000674024573527, 0.000825758324936, 0.000643378065433, -0.000598799728323, -0.00559681048617, 0.0141853922978, -0.00725842034444, 0.00133188779, 0.00223994371481, -0.00349530251697, -0.000377422868041], [0.000336326367687, -0.00127917330246, 0.000118910924357, -0.0015157648595, -0.000435236142948, 0.00231814524159, 2.50024891102e-06, -0.00725842034444, 0.0181657467037, -0.0109279891476, 0.00209181406535, 0.00201016990468, -0.0010671755299], [-0.000239025961491, 0.00266849668697, 0.000737433903851, 0.00102668174077, -0.0012659158092, -0.00348459836096, 0.00195319880731, 0.00133188779, -0.0109279891476, 0.0220667906106, -0.0123940259218, 0.00569142308086, -0.00119436345994], [0.000302681553876, -0.00284871668555, -0.000118255979032, 0.000290218507871, 0.00198153802194, 0.00127360108308, -0.00432039564475, 0.00223994371481, 0.00209181406535, -0.0123940259218, 0.0229908209294, -0.0156579781324, 0.00722771696746], [-0.00026949273888, 0.00249855639413, -0.000636411248706, -0.00017989925982, -0.00103388167918, -0.00160943996161, 0.00212180241942, -0.00349530251697, 0.00201016990468, 0.00569142308086, -0.0156579781324, 0.026881467551, -0.0125426705927], [0.000290560157737, -0.00166112068109, 0.000786907912698, 2.30071600527e-05, 0.000409028376453, 0.000305241148453, 0.000388737185858, -0.000377422868041, -0.0010671755299, -0.00119436345994, 0.00722771696746, -0.0125426705927, 0.0160574056208]]
    },
    "melbands": {
        "dmean": [0.000382244150387, 0.000265953189228, 0.000173255000846, 0.000213707404328, 0.000125421967823, 9.85451988527e-05, 0.00010178975208, 9.22538965824e-05, 9.39356614253e-05, 6.871214282e-05, 7.27080405341e-05, 7.90549820522e-05, 3.64901607099e-05, 3.7273959606e-05, 1.39060803122e-05, 1.93588675756e-05, 1.57027152454e-05, 2.05392134376e-05, 2.17048127524e-05, 1.44704690683e-05, 2.43823888013e-05, 8.04268347565e-06, 1.0419523278e-05, 8.08920867712e-06, 5.79607558393e-06, 3.29309773406e-06, 1.76564378762e-06, 9.93308390207e-07, 1.1533545603e-06, 4.81051017687e-07, 3.27943467937e-07, 2.95479509305e-07, 1.86383246614e-07, 2.35188480247e-07, 1.50702618384e-07, 9.99080498332e-08, 4.05550188987e-08, 3.19539452676e-08, 1.87572286592e-08, 2.49158720322e-08],
        "dmean2": [0.000626085384283, 0.000392562651541, 0.000269996671705, 0.000348904897692, 0.000157163347467, 0.000126177474158, 0.000123276608065, 0.000112137175165, 0.000120684882859, 9.91940833046e-05, 0.000106114013761, 0.000120995595353, 5.53939207748e-05, 5.88292386965e-05, 2.25634794333e-05, 3.13207492582e-05, 2.52232166531e-05, 3.4633310861e-05, 3.69333029084e-05, 2.47866064456e-05, 4.22894299845e-05, 1.39234716698e-05, 1.79695289262e-05, 1.38812947625e-05, 9.98879659164e-06, 5.69253006688e-06, 3.00802412312e-06, 1.70757789419e-06, 1.93912001123e-06, 8.15353416783e-07, 5.40409473615e-07, 5.00346118315e-07, 3.06551896756e-07, 3.80110520837e-07, 2.53640394021e-07, 1.63936093145e-07, 6.82699621279e-08, 5.19543661426e-08, 2.70716729034e-08, 3.51745867988e-08],
        "dvar": [8.3503582573e-06, 9.33420096771e-07, 2.86708512931e-07, 4.57922880059e-07, 8.448092359e-08, 4.39131930818e-08, 5.71551979078e-08, 5.77038328231e-08, 5.66847297989e-08, 5.54732864089e-08, 8.36415452454e-08, 6.52102940535e-08, 2.02967509466e-08, 2.36476864757e-08, 2.48932652269e-09, 4.15466994141e-09, 3.66044905498e-09, 3.974687246e-09, 4.32093827385e-09, 1.6749464038e-09, 6.12529804656e-09, 6.74489464281e-10, 9.78227499004e-10, 5.15286147085e-10, 6.68980482121e-10, 8.04919880748e-11, 3.62551655364e-11, 1.56657690292e-11, 2.75446054854e-11, 6.76451819906e-12, 2.22419370248e-12, 2.47848529894e-12, 9.371060785e-13, 3.0070492537e-12, 1.26531283281e-12, 4.86986102485e-13, 8.87159405183e-14, 5.80806019598e-14, 4.49500598418e-14, 6.59568225232e-14],
        "dvar2": [2.28395147133e-05, 2.19646858568e-06, 7.82749964401e-07, 1.44813839142e-06, 1.52288606614e-07, 6.92951260817e-08, 7.24065358781e-08, 7.47475894514e-08, 9.85365247175e-08, 1.08922215247e-07, 1.86451771356e-07, 1.55053797357e-07, 4.42130989597e-08, 5.2080775248e-08, 5.94231508444e-09, 1.03909147953e-08, 8.48302583734e-09, 1.0958642882e-08, 1.22346719422e-08, 4.8280797138e-09, 1.77632024645e-08, 2.03439776136e-09, 2.73282108054e-09, 1.47797285521e-09, 1.86752768805e-09, 2.29385982431e-10, 1.04935012069e-10, 4.54166218522e-11, 7.67928498568e-11, 1.95432611066e-11, 6.00425048222e-12, 7.05916054777e-12, 2.51413169797e-12, 7.89649162031e-12, 3.45878490779e-12, 1.35698949907e-12, 2.56169434623e-13, 1.53368122239e-13, 5.90653624643e-14, 1.02021337342e-13],
        "max": [0.0948154777288, 0.037126172334, 0.0216227844357, 0.0205805301666, 0.0123979151249, 0.00804361980408, 0.0137509731576, 0.00953308586031, 0.0082266619429, 0.0101712178439, 0.0163489859551, 0.0119343241677, 0.00559344701469, 0.00582001544535, 0.00299831107259, 0.00244779302739, 0.00297584850341, 0.00172871968243, 0.00150157755706, 0.00104824022856, 0.00176375196315, 0.000729199324269, 0.00108723016456, 0.000738173606806, 0.00108109426219, 0.00028824878973, 0.000247426622082, 0.000213301667827, 0.000274103658739, 0.000136695816764, 9.64059436228e-05, 9.40207537496e-05, 6.82819445501e-05, 0.000106119558041, 6.70505542075e-05, 4.625692236e-05, 1.49214811245e-05, 1.07809973997e-05, 2.50910234172e-05, 2.27452928812e-05],
        "mean": [0.000659740297124, 0.000764531141613, 0.000498516310472, 0.000613617477939, 0.000449180486612, 0.000321413652273, 0.000303399603581, 0.000285196118057, 0.000253941427218, 0.000141880023875, 0.000138712217449, 0.000141759417602, 7.44024582673e-05, 6.40825528535e-05, 2.64152713498e-05, 3.35644290317e-05, 2.63379479293e-05, 3.11436051561e-05, 3.32474155584e-05, 2.31055382756e-05, 3.61650963896e-05, 1.37157685458e-05, 1.76892299351e-05, 1.48531189552e-05, 1.04506943899e-05, 6.66438882035e-06, 3.61997126674e-06, 2.37609560827e-06, 2.45023943535e-06, 1.22142682812e-06, 8.95975801996e-07, 7.43211217014e-07, 5.73292027184e-07, 6.61429908178e-07, 4.51467144558e-07, 2.81033749161e-07, 1.19479835803e-07, 8.14950595895e-08, 5.37255750999e-08, 6.56933849541e-08],
        "median": [5.1912094932e-05, 0.000175469598616, 0.000232949794736, 0.000213429317228, 0.000161536794621, 0.000119914686366, 0.000102003927168, 5.71662058064e-05, 5.32340927748e-05, 2.60336873907e-05, 2.93706871162e-05, 2.63726997218e-05, 1.4809041204e-05, 1.69013637787e-05, 6.50828678772e-06, 8.58480416355e-06, 5.65174195799e-06, 6.13703696217e-06, 6.74524790156e-06, 3.67880284102e-06, 4.71823750559e-06, 2.14768897422e-06, 2.48176297646e-06, 2.47579714596e-06, 1.05201968381e-06, 8.9840034434e-07, 4.82473922148e-07, 2.07269252428e-07, 1.58330180966e-07, 8.49695140914e-08, 4.7081485377e-08, 4.33438813729e-08, 2.08538075697e-08, 1.44783705025e-08, 8.14907430424e-09, 4.92227814064e-09, 2.87102563945e-09, 1.96011695763e-09, 1.55652879474e-09, 1.07476949562e-09],
        "min": [1.12551508653e-24, 5.39384580717e-25, 9.0837796692e-25, 1.28716895626e-24, 9.67094856248e-25, 1.70660058033e-24, 9.18318600402e-25, 1.55986495778e-24, 1.53561419026e-24, 2.0994775686e-24, 1.51449224231e-24, 1.8768371581e-24, 2.8512831133e-24, 2.5565321386e-24, 2.59825341416e-24, 3.15321844149e-24, 2.49526407311e-24, 2.05780559685e-24, 2.53639350577e-24, 2.55818854929e-24, 2.84683157122e-24, 1.65837475218e-24, 2.5153620796e-24, 3.32789571451e-24, 4.5083732055e-24, 3.98108201037e-24, 3.82016069659e-24, 4.31568840737e-24, 4.00063944993e-24, 4.70648970539e-24, 3.92711643027e-24, 4.22424996212e-24, 4.12677357551e-24, 4.39965594541e-24, 4.47569622022e-24, 5.57630312227e-24, 5.76549208329e-24, 5.8588210337e-24, 5.05931168955e-24, 5.87542142816e-24],
        "var": [1.2272595086e-05, 3.64485254067e-06, 7.27211329377e-07, 1.75628883881e-06, 7.33778563244e-07, 3.14881248187e-07, 3.70738035826e-07, 5.21695199041e-07, 3.57332936574e-07, 1.72446647184e-07, 1.63248401464e-07, 1.37577657711e-07, 6.13628188262e-08, 4.77432422485e-08, 5.34982902423e-09, 8.07780242695e-09, 6.74772682174e-09, 6.34112007347e-09, 7.12753767118e-09, 2.99538793769e-09, 9.78036940325e-09, 1.24813326341e-09, 2.04451211516e-09, 1.1927272503e-09, 1.4693508632e-09, 2.82933648732e-10, 1.13541960556e-10, 7.66095034632e-11, 9.90060533557e-11, 3.50218257172e-11, 1.6108460052e-11, 1.21010311147e-11, 9.24049985834e-12, 1.69859491056e-11, 7.65941129965e-12, 2.82442277032e-12, 5.16644940805e-13, 2.51494598801e-13, 2.26119185767e-13, 3.46174640602e-13]
    },
    "mfcc": {
        "mean": [-751.514282227, 178.249526978, -28.5436840057, 14.536406517, -1.7851023674, -6.80429649353, -8.53133392334, -1.87556195259, -6.44187116623, -4.31642198563, -4.45560264587, -6.24761104584, -3.07634615898],
        "cov": [[14961.6103516, 303.747070312, -1232.97558594, 2523.02197266, -164.013366699, 175.021347046, -46.7029304504, 682.420837402, 336.984710693, 353.775848389, 51.1239242554, 48.5175285339, 145.198074341], [303.747070312, 2190.50976562, 6.49101018906, -235.347061157, 134.898590088, -51.9657859802, 42.3414382935, -52.5215339661, -57.621181488, -108.124153137, -64.2543945312, -41.1204109192, 7.65822458267], [-1232.97558594, 6.49101018906, 697.60736084, -218.627059937, 141.464553833, 145.213806152, 110.746765137, 61.5299186707, 14.4066143036, -11.0379610062, 32.9283561707, 33.0173912048, -7.99402284622], [2523.02197266, -235.347061157, -218.627059937, 837.235290527, 48.7655906677, 66.7062606812, 48.0647544861, 202.704467773, 109.346076965, 100.40247345, 44.261138916, 39.2011146545, 52.3030548096], [-164.013366699, 134.898590088, 141.464553833, 48.7655906677, 225.141921997, 94.7500534058, 57.1954917908, 32.8028144836, 20.9937152863, 10.6263217926, -6.55459403992, 4.0910859108, 10.7387800217], [175.021347046, -51.9657859802, 145.213806152, 66.7062606812, 94.7500534058, 190.904937744, 93.1493530273, 72.2995529175, 30.5524406433, 24.7017841339, 25.6825561523, 28.4377861023, 10.4319524765], [-46.7029304504, 42.3414382935, 110.746765137, 48.0647544861, 57.1954917908, 93.1493530273, 166.157058716, 90.6602401733, 17.7846755981, 9.45469474792, 45.8615226746, 41.3365592957, 7.14982557297], [682.420837402, -52.5215339661, 61.5299186707, 202.704467773, 32.8028144836, 72.2995529175, 90.6602401733, 188.846466064, 78.3226928711, 37.2139625549, 23.4518299103, 28.1398582458, 34.4842033386], [336.984710693, -57.621181488, 14.4066143036, 109.346076965, 20.9937152863, 30.5524406433, 17.7846755981, 78.3226928711, 131.534317017, 57.7888298035, 3.56132006645, -4.96961355209, 17.3812637329], [353.775848389, -108.124153137, -11.0379610062, 100.40247345, 10.6263217926, 24.7017841339, 9.45469474792, 37.2139625549, 57.7888298035, 135.467941284, 69.2598571777, 22.0478343964, 12.0492038727], [51.1239242554, -64.2543945312, 32.9283561707, 44.261138916, -6.55459403992, 25.6825561523, 45.8615226746, 23.4518299103, 3.56132006645, 69.2598571777, 145.645996094, 80.645072937, 5.3450255394], [48.5175285339, -41.1204109192, 33.0173912048, 39.2011146545, 4.0910859108, 28.4377861023, 41.3365592957, 28.1398582458, -4.96961355209, 22.0478343964, 80.645072937, 131.95930481, 41.9105834961], [145.198074341, 7.65822458267, -7.99402284622, 52.3030548096, 10.7387800217, 10.4319524765, 7.14982557297, 34.4842033386, 17.3812637329, 12.0492038727, 5.3450255394, 41.9105834961, 102.947227478]],
