{
"lowlevel": {
    "average_loudness": 0.28110909462,
    "barkbands_crest": {
        "dmean": 3.73285937309,
        "dmean2": 6.39197492599,
        "dvar": 9.76971149445,
        "dvar2": 27.7984333038,
        "max": 26.2117919922,
        "mean": 16.4056377411,
        "median": 16.9130249023,
        "min": 4.27339982986,
        "var": 26.6429538727
    },
    "barkbands_flatness_db": {
        "dmean": 0.0390461273491,
        "dmean2": 0.0649047493935,
        "dvar": 0.00112235208508,
        "dvar2": 0.0030538092833,
        "max": 0.653252005577,
        "mean": 0.283481329679,
        "median": 0.272340476513,
        "min": 0.0493247434497,
        "var": 0.00983658712357
    },
    "barkbands_kurtosis": {
        "dmean": 25.7683982849,
        "dmean2": 43.4343299866,
        "dvar": 1413.08483887,
        "dvar2": 3894.2878418,
        "max": 596.219360352,
        "mean": 41.9301681519,
        "median": 25.56914711,
        "min": -1.87686383724,
        "var": 2462.65161133
    },
    "barkbands_skewness": {
        "dmean": 1.43505370617,
        "dmean2": 2.38018298149,
        "dvar": 2.06780791283,
        "dvar2": 5.76165390015,
        "max": 18.941696167,
        "mean": 4.39909267426,
        "median": 4.01042509079,
        "min": -2.66220331192,
        "var": 6.2425160408
    },
    "barkbands_spread": {
        "dmean": 2.0603582859,
        "dmean2": 3.43288397789,
        "dvar": 9.0425863266,
        "dvar2": 23.9181900024,
        "max": 109.710250854,
        "mean": 5.59437417984,
        "median": 3.35607743263,
        "min": 0.140541046858,
        "var": 45.998046875
    },
    "dissonance": {
        "dmean": 0.02401153557,
        "dmean2": 0.0406087599695,
        "dvar": 0.000462471303763,
        "dvar2": 0.00130548374727,
        "max": 0.499917805195,
        "mean": 0.441948533058,
        "median": 0.448006510735,
        "min": 0.105201765895,
        "var": 0.00112896703649
    },
    "dynamic_complexity": 5.30792713165,
    "erbbands_crest": {
        "dmean": 2.60039424896,
        "dmean2": 4.15011310577,
        "dvar": 5.21037197113,
        "dvar2": 13.1883277893,
        "max": 30.9013252258,
        "mean": 9.85854721069,
        "median": 8.80747509003,
        "min": 2.65251326561,
        "var": 20.0540370941
    },
    "erbbands_flatness_db": {
        "dmean": 0.0160464774817,
        "dmean2": 0.0248505864292,
        "dvar": 0.000235470637563,
        "dvar2": 0.000576830934733,
        "max": 0.375893503428,
        "mean": 0.168879523873,
        "median": 0.162277117372,
        "min": 0.0457457974553,
        "var": 0.00233447202481
    },
    "erbbands_kurtosis": {
        "dmean": 1.32125842571,
        "dmean2": 2.15711903572,
        "dvar": 4.20744943619,
        "dvar2": 11.4544429779,
        "max": 63.9937896729,
        "mean": 1.46120452881,
        "median": 0.483691334724,
        "min": -1.78160524368,
        "var": 12.0682649612
    },
    "erbbands_skewness": {
        "dmean": 0.375269204378,
        "dmean2": 0.598777830601,
        "dvar": 0.114334799349,
        "dvar2": 0.297130048275,
        "max": 6.5706577301,
        "mean": 0.926777482033,
        "median": 0.867154181004,
        "min": -4.76899957657,
        "var": 0.666207492352
    },
    "erbbands_spread": {
        "dmean": 7.21765947342,
        "dmean2": 11.6240596771,
        "dvar": 49.7575111389,
        "dvar2": 132.78302002,
        "max": 138.051208496,
        "mean": 36.377872467,
        "median": 34.0430107117,
        "min": 3.54880928993,
        "var": 292.515167236
    },
    "hfc": {
        "dmean": 4.46290302277,
        "dmean2": 7.36009311676,
        "dvar": 67.0803909302,
        "dvar2": 174.155975342,
        "max": 158.530700684,
        "mean": 10.8074455261,
        "median": 5.31670475006,
        "min": 1.06018958252e-16,
        "var": 226.598724365
    },
    "melbands_crest": {
        "dmean": 4.67369222641,
        "dmean2": 7.98508644104,
        "dvar": 15.1630601883,
        "dvar2": 42.0837135315,
        "max": 38.5904350281,
        "mean": 23.0639953613,
        "median": 23.1692504883,
        "min": 1.00058209896,
        "var": 47.9009399414
    },
    "melbands_flatness_db": {
        "dmean": 0.0430981889367,
        "dmean2": 0.0716895088553,
        "dvar": 0.00132816086989,
        "dvar2": 0.00361086963676,
        "max": 0.813083827496,
        "mean": 0.395159482956,
        "median": 0.386788666248,
        "min": -4.14174309071e-07,
        "var": 0.0133082643151
    },
    "melbands_kurtosis": {
        "dmean": 35.3357582092,
        "dmean2": 59.3147773743,
        "dvar": 3041.87402344,
        "dvar2": 8579.67578125,
        "max": 1840.70776367,
        "mean": 67.1539916992,
        "median": 46.0549659729,
        "min": -1.42789041996,
        "var": 6008.02148438
    },
    "melbands_skewness": {
        "dmean": 1.48632895947,
        "dmean2": 2.46568918228,
        "dvar": 2.12119340897,
        "dvar2": 5.81614923477,
        "max": 26.0455493927,
        "mean": 5.36036634445,
        "median": 5.00422286987,
        "min": -0.289433389902,
        "var": 7.82823991776
    },
    "melbands_spread": {
        "dmean": 1.9219905138,
        "dmean2": 3.19844460487,
        "dvar": 10.2302417755,
        "dvar2": 24.3977642059,
        "max": 154.957168579,
        "mean": 5.51872873306,
        "median": 2.55641174316,
        "min": 0.11979599297,
        "var": 145.412475586
    },
    "pitch_salience": {
        "dmean": 0.105336308479,
        "dmean2": 0.178910985589,
        "dvar": 0.0078392252326,
        "dvar2": 0.0223051700741,
        "max": 0.996088504791,
        "mean": 0.382273286581,
        "median": 0.379576802254,
        "min": 0.0402866601944,
        "var": 0.0223813168705
    },
    "silence_rate_20dB": {
        "dmean": 0.0461407005787,
        "dmean2": 0.0922901630402,
        "dvar": 0.0440175049007,
        "dvar2": 0.102590017021,
        "max": 1,
        "mean": 0.917410314083,
        "median": 1,
        "min": 0,
        "var": 0.0757781565189
    },
    "silence_rate_30dB": {
        "dmean": 0.0818380340934,
        "dmean2": 0.163691610098,
        "dvar": 0.0751416608691,
        "dvar2": 0.174715414643,
        "max": 1,
        "mean": 0.684355437756,
        "median": 1,
        "min": 0,
        "var": 0.216002270579
    },
    "silence_rate_60dB": {
        "dmean": 0.0148105956614,
        "dmean2": 0.029624003917,
        "dvar": 0.0145903406665,
        "dvar2": 0.0353966169059,
        "max": 1,
        "mean": 0.0674957260489,
        "median": 0,
        "min": 0,
        "var": 0.0629369542003
    },
    "spectral_centroid": {
        "dmean": 127.816223145,
        "dmean2": 213.368637085,
        "dvar": 55503.0390625,
        "dvar2": 121265.867188,
        "max": 11679.1787109,
        "mean": 616.269714355,
        "median": 449.87588501,
        "min": 95.7957077026,
        "var": 843338.5625
    },
    "spectral_complexity": {
        "dmean": 1.49909806252,
        "dmean2": 2.51215338707,
        "dvar": 2.37231302261,
        "dvar2": 5.89901542664,
        "max": 35,
        "mean": 8.59730434418,
        "median": 7,
        "min": 0,
        "var": 26.6766242981
    },
    "spectral_decrease": {
        "dmean": 1.75103025413e-08,
        "dmean2": 2.96850277692e-08,
        "dvar": 1.13199304192e-15,
        "dvar2": 3.17273173405e-15,
        "max": 1.39053796579e-18,
        "mean": -2.82569043719e-08,
        "median": -1.06723039295e-08,
        "min": -5.35791855327e-07,
        "var": 2.08037517538e-15
    },
    "spectral_energy": {
        "dmean": 0.066460929811,
        "dmean2": 0.112655587494,
        "dvar": 0.0162971317768,
        "dvar2": 0.0456648245454,
        "max": 2.03432393074,
        "mean": 0.107627853751,
        "median": 0.0408456549048,
        "min": 1.01051404777e-20,
        "var": 0.0300609357655
    },
    "spectral_energyband_high": {
        "dmean": 3.64719235222e-05,
        "dmean2": 5.75878329983e-05,
        "dvar": 1.81010246791e-08,
        "dvar2": 3.86468954616e-08,
        "max": 0.00799976475537,
        "mean": 0.000103583006421,
        "median": 1.93749219761e-05,
        "min": 7.06969943799e-21,
        "var": 6.32000123346e-08
    },
    "spectral_energyband_low": {
        "dmean": 0.0656944438815,
        "dmean2": 0.111761540174,
        "dvar": 0.0160860139877,
        "dvar2": 0.0453920476139,
        "max": 1.97859227657,
        "mean": 0.0978427529335,
        "median": 0.0338072478771,
        "min": 1.48349553076e-23,
        "var": 0.0272763334215
    },
    "spectral_energyband_middle_high": {
        "dmean": 0.000297056074487,
        "dmean2": 0.000439225841546,
        "dvar": 3.09408477506e-07,
        "dvar2": 6.16982219981e-07,
        "max": 0.0248766615987,
        "mean": 0.000985093531199,
        "median": 0.000400098331738,
        "min": 1.25349912012e-21,
        "var": 2.32277989198e-06
    },
    "spectral_energyband_middle_low": {
        "dmean": 0.00464736064896,
        "dmean2": 0.00762478867546,
        "dvar": 0.000119168667879,
        "dvar2": 0.000320343329804,
        "max": 0.42421117425,
        "mean": 0.0101742520928,
        "median": 0.00421729497612,
        "min": 1.55442630615e-22,
        "var": 0.000290924333967
    },
    "spectral_entropy": {
        "dmean": 0.200558528304,
        "dmean2": 0.330153793097,
        "dvar": 0.0378462485969,
        "dvar2": 0.101326532662,
        "max": 9.82302856445,
        "mean": 6.77000141144,
        "median": 6.80545186996,
        "min": 4.67946481705,
        "var": 0.320217370987
    },
    "spectral_flux": {
        "dmean": 0.0577841848135,
        "dmean2": 0.0966905727983,
        "dvar": 0.0056813894771,
        "dvar2": 0.015319339931,
        "max": 0.958582043648,
        "mean": 0.14087484777,
        "median": 0.0995625033975,
        "min": 6.36657393471e-11,
        "var": 0.0168177187443
    },
    "spectral_kurtosis": {
        "dmean": 3.77577209473,
        "dmean2": 6.45898342133,
        "dvar": 31.9736194611,
        "dvar2": 92.2840423584,
        "max": 209.870803833,
        "mean": 11.2099895477,
        "median": 7.81094074249,
        "min": -1.25395977497,
        "var": 188.663574219
    },
    "spectral_rms": {
        "dmean": 0.00250401278026,
        "dmean2": 0.00416628131643,
        "dvar": 9.95703248918e-06,
        "dvar2": 2.7550255254e-05,
        "max": 0.0445500425994,
        "mean": 0.00809823721647,
        "median": 0.00631263945252,
        "min": 3.13985252728e-12,
        "var": 3.94212765968e-05
    },
    "spectral_rolloff": {
        "dmean": 97.142829895,
        "dmean2": 171.407440186,
        "dvar": 101030.8125,
        "dvar2": 225874.859375,
        "max": 19638.28125,
        "mean": 378.034942627,
        "median": 129.19921875,
        "min": 43.06640625,
        "var": 2629096.5
    },
    "spectral_skewness": {
        "dmean": 0.352380126715,
        "dmean2": 0.593598604202,
        "dvar": 0.152886942029,
        "dvar2": 0.428486555815,
        "max": 11.8255558014,
        "mean": 2.41555500031,
        "median": 2.20957708359,
        "min": -0.0808157920837,
        "var": 1.0988587141
    },
    "spectral_spread": {
        "dmean": 411558.0625,
        "dmean2": 658244.75,
        "dvar": 676875075584,
        "dvar2": 1.26595013018e+12,
        "max": 42500792,
        "mean": 3760051.5,
        "median": 3449684.5,
        "min": 497138.25,
        "var": 9.84094028595e+12
    },
    "spectral_strongpeak": {
        "dmean": 0.274157017469,
        "dmean2": 0.465684235096,
        "dvar": 0.145279914141,
        "dvar2": 0.40766325593,
        "max": 7.31266546249,
        "mean": 0.478254944086,
        "median": 0.326853841543,
        "min": 0,
        "var": 0.249092787504
    },
    "zerocrossingrate": {
        "dmean": 0.00386587274261,
        "dmean2": 0.00536367576569,
        "dvar": 3.59240802936e-05,
        "dvar2": 6.3771927671e-05,
        "max": 0.52734375,
        "mean": 0.0184960514307,
        "median": 0.01123046875,
        "min": 0.0009765625,
        "var": 0.00192841223907
    },
    "barkbands": {
        "dmean": [0.00748028140515, 0.0593811050057, 0.0075074210763, 0.0034611155279, 0.00152881408576, 0.000697357347235, 0.000362822436728, 0.000249341857852, 0.000137448456371, 0.000157688307809, 0.000110822693387, 5.63253415748e-05, 4.11282271671e-05, 3.65861633327e-05, 4.54107939731e-05, 3.26409281115e-05, 4.21797412855e-05, 2.61886216322e-05, 2.84340349026e-05, 2.10403522942e-05, 1.10463834062e-05, 8.41420205688e-06, 6.64346907797e-06, 4.02126534027e-06, 3.43238161804e-06, 3.64327729585e-06, 5.52847768631e-06],
        "dmean2": [0.0122888926417, 0.101551480591, 0.0132173867896, 0.00592465046793, 0.00259034940973, 0.001111372374, 0.000505731848534, 0.000313642201945, 0.000197248882614, 0.000221873386181, 0.000161291871336, 8.52978264447e-05, 6.7428642069e-05, 5.87514114159e-05, 7.59473332437e-05, 5.50954900973e-05, 7.08654770278e-05, 4.46369522251e-05, 4.81062343169e-05, 3.60534286301e-05, 1.87698115042e-05, 1.44752184497e-05, 1.12405787149e-05, 6.63901255393e-06, 5.55679162062e-06, 5.15394458489e-06, 7.67622623243e-06],
        "dvar": [0.00032282655593, 0.0137051288038, 0.000287126895273, 7.5360709161e-05, 1.76487665158e-05, 2.79385540125e-06, 8.30365536331e-07, 7.25555366898e-07, 1.15801384482e-07, 1.66379706457e-07, 1.13032179172e-07, 3.35732508461e-08, 8.83553141762e-09, 1.44144962633e-08, 1.14695870579e-08, 5.71542591032e-09, 8.63178239996e-09, 3.75002784381e-09, 4.35047908809e-09, 2.65640198727e-09, 7.48684503282e-10, 4.51190140804e-10, 3.76715880712e-10, 1.36546191021e-10, 2.4084928496e-10, 1.00917796342e-09, 5.1851487548e-09],
        "dvar2": [0.000897546880879, 0.0386193618178, 0.000828785996418, 0.00021357620426, 5.01022659591e-05, 7.37197024137e-06, 1.31320257424e-06, 6.15574890617e-07, 2.19428230253e-07, 2.89178558432e-07, 2.00380000592e-07, 6.20108622229e-08, 2.17592077689e-08, 3.07905629882e-08, 3.19713571173e-08, 1.63523381502e-08, 2.373018404e-08, 1.06604023387e-08, 1.2148620776e-08, 7.62801555254e-09, 2.12944240019e-09, 1.27363586344e-09, 1.03350139558e-09, 3.61755181366e-10, 6.28253282731e-10, 1.85486837001e-09, 9.49453582422e-09],
        "max": [0.31304526329, 1.77421653271, 0.322097301483, 0.224224582314, 0.173133552074, 0.0403477586806, 0.0598183348775, 0.0881005600095, 0.0146548710763, 0.0129875401035, 0.0213560052216, 0.0139508526772, 0.00245087011717, 0.00526576582342, 0.00200170464814, 0.00176821113564, 0.00144653080497, 0.00148704764433, 0.00135341298301, 0.00111371185631, 0.000615502009168, 0.000441158335889, 0.000659152341541, 0.000286838214379, 0.000544294773135, 0.00210550078191, 0.00471280375496],
        "mean": [0.0106681948528, 0.0772324725986, 0.00852892920375, 0.00444834772497, 0.00243996176869, 0.00123509927653, 0.000968996842857, 0.000670316338073, 0.000272024219157, 0.000280570791801, 0.000223868715693, 0.000106353756564, 6.71504385537e-05, 6.16907636868e-05, 7.49638566049e-05, 5.60957887501e-05, 7.04127378413e-05, 4.67404752271e-05, 5.08930461365e-05, 3.85912935599e-05, 2.22524631681e-05, 1.92025854631e-05, 1.46502407006e-05, 1.09472675831e-05, 7.38781864129e-06, 6.21292110736e-06, 6.00105431658e-06],
        "median": [0.00250915391371, 0.0232951063663, 0.00231367582455, 0.00117165106349, 0.00091753754532, 0.000406393781304, 0.000197095534531, 9.91920969682e-05, 6.33808522252e-05, 5.76429592911e-05, 2.16002135858e-05, 1.83617048606e-05, 1.72352447407e-05, 1.76758076122e-05, 2.07120319828e-05, 1.76059184014e-05, 1.89023267012e-05, 1.19240830827e-05, 1.11964618554e-05, 7.93744948169e-06, 4.90313141199e-06, 2.85230385089e-06, 2.27355030802e-06, 1.73470925802e-06, 1.20484332911e-06, 6.40504197236e-07, 2.7266237268e-08],
        "min": [1.11041185146e-24, 2.35786659152e-24, 1.18614742874e-24, 5.4473986158e-25, 3.3460623923e-24, 6.15969376624e-24, 5.99508965533e-24, 8.41837569286e-24, 1.06639928996e-23, 1.21618669981e-23, 1.88473117085e-23, 2.82097637895e-23, 1.60037568683e-23, 2.89962549565e-23, 3.29717478874e-23, 5.93903020173e-23, 8.47734414993e-23, 1.12924845359e-22, 9.28919814173e-23, 1.47931450485e-22, 2.63722940643e-22, 3.58059774451e-22, 4.02094696999e-22, 5.63492255572e-22, 8.42558225277e-22, 1.38238642074e-21, 1.98387153017e-21],
        "var": [0.000440061936388, 0.0200125593692, 0.000317289639497, 0.000104649821878, 2.53513735515e-05, 5.59039881409e-06, 1.21278635561e-05, 9.10114067665e-06, 4.72322653877e-07, 5.18430113061e-07, 5.81786764542e-07, 1.66917885736e-07, 1.89817903617e-08, 2.54500971408e-08, 2.05905870132e-08, 1.15768763465e-08, 1.72125087516e-08, 7.64396368425e-09, 9.69268310058e-09, 6.17956441573e-09, 1.92350002592e-09, 1.61104063423e-09, 1.46094192299e-09, 6.27716878476e-10, 5.09093822654e-10, 1.77200887297e-09, 7.54437667894e-09]
    },
    "erbbands": {
        "dmean": [2.63805484772, 10.6190500259, 8.90623283386, 10.7019824982, 7.12569141388, 4.87215995789, 5.12349843979, 5.34567499161, 5.19391870499, 5.55522060394, 4.67099905014, 3.21373558044, 5.06282424927, 3.96288490295, 4.04748487473, 2.70457649231, 1.91851210594, 2.04951095581, 1.77420389652, 2.21713924408, 1.95944058895, 1.63624513149, 1.29413080215, 1.95334756374, 1.0261015892, 0.994540154934, 0.545803666115, 0.349037826061, 0.267433941364, 0.284571647644, 0.207256823778, 0.104127526283, 0.0646771788597, 0.042010307312, 0.0240174941719, 0.0141206094995, 0.00686794053763, 0.00343845505267, 0.000828176736832, 0.000138085262734],
        "dmean2": [4.58263063431, 18.0025367737, 15.3738031387, 18.6371326447, 11.9906454086, 8.19669151306, 8.50812149048, 8.51678848267, 7.47892284393, 7.1772403717, 5.99068307877, 4.58983850479, 6.96758985519, 5.90649318695, 5.78599023819, 4.01549243927, 3.09622478485, 3.2846724987, 2.9457616806, 3.70166134834, 3.31563043594, 2.74026560783, 2.17447376251, 3.33633184433, 1.75397670269, 1.69981324673, 0.93389582634, 0.590667665005, 0.456663191319, 0.485848605633, 0.349857747555, 0.174025073647, 0.107209019363, 0.0696728602052, 0.0381393246353, 0.0211129002273, 0.00986157078296, 0.00473093101755, 0.00113481609151, 0.000215067295358],
        "dvar": [27.7902641296, 458.456695557, 369.895721436, 653.516662598, 340.823059082, 180.605316162, 181.706420898, 165.726379395, 126.067855835, 278.907897949, 322.587738037, 70.2576751709, 196.56300354, 108.437767029, 192.622848511, 82.930847168, 17.8508777618, 51.1423568726, 21.3457756042, 31.1215667725, 16.9377937317, 12.9173774719, 9.23330211639, 26.7174739838, 6.2331943512, 6.14411115646, 1.84010088444, 0.862647891045, 0.542241156101, 0.603940069675, 0.339608967304, 0.0873481109738, 0.0389613397419, 0.0366143323481, 0.0115518011153, 0.00961140356958, 0.00419032853097, 0.00205759773962, 9.40990939853e-05, 1.00574425232e-06],
        "dvar2": [82.2505340576, 1223.52148438, 1039.4798584, 1918.64807129, 941.50970459, 495.499725342, 512.633850098, 437.099731445, 243.025848389, 319.864685059, 234.586990356, 136.783859253, 327.471435547, 216.676437378, 325.349945068, 147.82093811, 42.7738189697, 110.104469299, 61.2480430603, 81.6418075562, 47.9965248108, 35.3051338196, 25.6199645996, 76.6665496826, 17.4774475098, 17.5968952179, 5.2952413559, 2.39697790146, 1.51109445095, 1.69869852066, 0.938398659229, 0.242249369621, 0.103965401649, 0.101325578988, 0.0266010761261, 0.0183665081859, 0.00797258969396, 0.00392484059557, 0.000165657198522, 1.96039354705e-06],
        "max": [81.6765823364, 300.432678223, 356.799621582, 465.317352295, 761.575317383, 510.660888672, 441.08001709, 363.304870605, 586.255981445, 1344.94433594, 2411.29467773, 411.362243652, 488.955535889, 476.802032471, 1053.60717773, 712.725585938, 96.4475708008, 351.392822266, 103.286155701, 155.744125366, 113.323120117, 86.9839096069, 85.4491043091, 114.450675964, 58.8951683044, 54.7079391479, 30.5194969177, 19.7866153717, 16.1842021942, 17.9930610657, 24.622543335, 7.62295293808, 4.49336099625, 4.38485813141, 5.61462879181, 6.40085029602, 4.37788105011, 3.09719777107, 0.558923125267, 0.0650107190013],
        "mean": [3.21168589592, 13.3571186066, 11.9620933533, 13.8132667542, 10.9832725525, 7.50255727768, 8.1881275177, 9.58902931213, 11.9703006744, 16.9873428345, 12.2669878006, 6.77467155457, 9.45614624023, 7.59040737152, 8.69025230408, 5.44989347458, 3.4202849865, 3.56748056412, 3.16663384438, 3.87970066071, 3.54611301422, 3.07448363304, 2.57932043076, 3.44979095459, 2.02179932594, 1.88106441498, 1.11860084534, 0.72289532423, 0.589558064938, 0.62031763792, 0.455622553825, 0.262400478125, 0.159546464682, 0.0922249183059, 0.0496110059321, 0.0262216329575, 0.0109298974276, 0.00437168683857, 0.000927344954107, 0.000192192848772],
        "median": [0.942029595375, 3.49219322205, 3.78139996529, 4.03618764877, 3.67759037018, 2.70396232605, 2.6785595417, 3.23710870743, 3.26527070999, 2.50108551979, 2.25266242027, 1.82958102226, 2.17742657661, 1.76833772659, 1.19037437439, 0.993368208408, 0.987502098083, 1.11483621597, 0.961716294289, 1.05817615986, 1.15872752666, 0.982787847519, 0.790976643562, 0.646198630333, 0.566103518009, 0.400441765785, 0.27006265521, 0.136692881584, 0.0949614793062, 0.0813924819231, 0.0680182874203, 0.0413372442126, 0.0271175112575, 0.0153339747339, 0.00800416991115, 0.00335641787387, 0.00102978316136, 0.00015241499932, 3.07558148052e-05, 4.72476640425e-05],
        "min": [1.04057373519e-22, 9.7574576447e-22, 2.17936888248e-21, 2.59591611711e-21, 1.32970196275e-20, 8.0468646977e-21, 3.81765275379e-20, 7.9285869174e-20, 6.7977004806e-20, 1.26169147974e-19, 2.88951713854e-19, 2.52444873001e-19, 4.2085227997e-19, 4.40084229212e-19, 1.19610874922e-18, 1.35713910099e-18, 9.15934817533e-19, 2.1310064755e-18, 2.6314974818e-18, 2.9587737659e-18, 3.7470884702e-18, 4.33114912019e-18, 5.54591141261e-18, 6.12078456754e-18, 8.09235673626e-18, 7.91506546121e-18, 8.6944375159e-18, 9.98429829536e-18, 1.07647175607e-17, 1.02321943988e-17, 1.12180249441e-17, 9.11296112735e-18, 1.01579226788e-17, 9.03540301876e-18, 5.9994533017e-18, 4.26488202696e-18, 2.26143321256e-18, 8.81507974029e-19, 2.61813158727e-19, 2.64591813501e-20],
        "var": [34.5457191467, 702.165771484, 510.936401367, 859.734375, 510.340148926, 289.064941406, 301.17364502, 351.865997314, 901.413513184, 4547.50292969, 4266.31787109, 319.077941895, 613.180175781, 335.461730957, 1104.88830566, 433.085235596, 44.310798645, 82.7652130127, 37.7812919617, 62.7725334167, 35.4600257874, 30.1260318756, 20.6765327454, 58.0423164368, 15.7184400558, 14.5248003006, 4.50863409042, 2.16835784912, 1.7171356678, 1.9839566946, 1.33815932274, 0.416240215302, 0.131525009871, 0.0660813078284, 0.0279138665646, 0.0181425735354, 0.00673228316009, 0.00288662756793, 0.00014666604693, 1.43514080264e-06]
    },
    "gfcc": {
        "mean": [-93.4392776489, 144.72416687, -73.7362976074, 43.3067703247, -30.6225013733, 12.8927221298, -20.1516571045, 12.0872402191, -9.99321651459, 0.515708565712, -4.86463928223, -2.5918006897, -2.04069948196],
        "cov": [[19203.4453125, -640.224609375, -1035.81652832, 822.998291016, -581.102844238, 366.442932129, -440.529724121, 418.995391846, -220.091430664, 288.359558105, -301.624572754, 240.090103149, -434.56262207], [-640.224609375, 1384.90820312, -12.2806072235, -156.865310669, 244.333435059, -129.076431274, 138.85723877, -135.252578735, 137.695556641, -155.618515015, 142.026000977, -187.707946777, 176.575897217], [-1035.81652832, -12.2806072235, 831.228820801, -16.8662605286, 215.745346069, 67.9738235474, 152.680221558, -50.5256996155, 50.5445098877, -5.96105003357, 32.5309143066, 1.13808333874, 7.71837472916], [822.998291016, -156.865310669, -16.8662605286, 234.52015686, -8.73922538757, 22.7020778656, -25.0925369263, 12.2144765854, -4.89948415756, 12.5799760818, -3.30970335007, 1.30000448227, -20.2667560577], [-581.102844238, 244.333435059, 215.745346069, -8.73922538757, 272.421966553, 8.48997306824, 116.96522522, -37.4534912109, 67.7420120239, -33.6847190857, 52.1770935059, -53.6662635803, 51.2027740479], [366.442932129, -129.076431274, 67.9738235474, 22.7020778656, 8.48997306824, 116.28604126, 31.6593322754, 20.6470794678, -12.4219369888, 19.9492511749, -8.32583427429, 24.0528049469, -16.5072383881], [-440.529724121, 138.85723877, 152.680221558, -25.0925369263, 116.96522522, 31.6593322754, 166.426467896, 1.27383065224, 52.8370819092, -30.5922222137, 43.8095550537, -14.6391382217, 41.6830406189], [418.995391846, -135.252578735, -50.5256996155, 12.2144765854, -37.4534912109, 20.6470794678, 1.27383065224, 92.0965957642, 10.184176445, 22.7504310608, -23.0369472504, 20.7120819092, -19.7500324249], [-220.091430664, 137.695556641, 50.5445098877, -4.89948415756, 67.7420120239, -12.4219369888, 52.8370819092, 10.184176445, 111.369941711, 8.147108078, 47.5822181702, -29.9671859741, 24.8353862762], [288.359558105, -155.618515015, -5.96105003357, 12.5799760818, -33.6847190857, 19.9492511749, -30.5922222137, 22.7504310608, 8.147108078, 91.9025650024, 12.5792226791, 22.3288097382, -39.2216911316], [-301.624572754, 142.026000977, 32.5309143066, -3.30970335007, 52.1770935059, -8.32583427429, 43.8095550537, -23.0369472504, 47.5822181702, 12.5792226791, 99.5077285767, -0.276373326778, 26.9202632904], [240.090103149, -187.707946777, 1.13808333874, 1.30000448227, -53.6662635803, 24.0528049469, -14.6391382217, 20.7120819092, -29.9671859741, 22.3288097382, -0.276373326778, 93.9857177734, -3.08320188522], [-434.56262207, 176.575897217, 7.71837472916, -20.2667560577, 51.2027740479, -16.5072383881, 41.6830406189, -19.7500324249, 24.8353862762, -39.2216911316, 26.9202632904, -3.08320188522, 97.2906265259]],
        "icov": [[0.000116655159218, -0.000323187297909, 9.17026627576e-05, -0.000481945462525, -1.70335476923e-06, -0.000343753839843, 9.80193726718e-05, -0.000354626012268, 3.71415044356e-05, -0.000336840894306, 0.000496653374285, -0.000646931759547, 0.000525337411091], [-0.000323187297909, 0.00308733456768, 4.40099283878e-05, 0.00241187121719, -0.000284702429781, 0.00136320572346, -0.000208509183722, 0.00193518085871, -0.000754550157581, 0.00302026770078, -0.00368620944209, 0.00491671171039, -0.00309864268638], [9.17026627576e-05, 4.40099283878e-05, 0.00198608660139, -0.000199320085812, -0.00125055527315, -0.000705611309968, -0.00117172277533, 0.00140343350358, -0.000703429570422, -0.000382556609111, 0.00106807891279, -0.00128563167527, 0.00114504504018], [-0.000481945462525, 0.00241187121719, -0.000199320085812, 0.00708225695416, -0.000476869288832, 0.000404383754358, 0.000911972660106, 0.00127132399939, -0.000565566588193, 0.00281772925518, -0.00386042590253, 0.00450011948124, -0.00236089737155], [-1.70335476923e-06, -0.000284702429781, -0.00125055527315, -0.000476869288832, 0.00748030235991, -0.000485548545839, -0.00265801511705, 0.00111755402759, -0.00114042265341, 8.67198396008e-05, -0.000788521661889, 0.00275656604208, -0.0015129102394], [-0.000343753839843, 0.00136320572346, -0.000705611309968, 0.000404383754358, -0.000485548545839, 0.0130411507562, -0.00421434314921, -8.11437275843e-05, 0.00224233279005, -0.00173660577275, -0.000191503029782, 0.00045056201634, -0.000817227642983], [9.80193726718e-05, -0.000208509183722, -0.00117172277533, 0.000911972660106, -0.00265801511705, -0.00421434314921, 0.0132325328887, -0.00399907445535, -0.00214069359936, 0.00471725175157, -0.00396296475083, -1.48467715917e-05, -0.00115388166159], [-0.000354626012268, 0.00193518085871, 0.00140343350358, 0.00127132399939, 0.00111755402759, -8.11437275843e-05, -0.00399907445535, 0.0187127254903, -0.00624022912234, -0.00106732232962, 0.00439488794655, -0.00107868225314, -0.000120175369375], [3.71415044356e-05, -0.000754550157581, -0.000703429570422, -0.000565566588193, -0.00114042265341, 0.00224233279005, -0.00214069359936, -0.00624022912234, 0.0172031633556, -0.00441308831796, -0.00530857779086, 0.00466887466609, -0.00244932505302], [-0.000336840894306, 0.00302026770078, -0.000382556609111, 0.00281772925518, 8.67198396008e-05, -0.00173660577275, 0.00471725175157, -0.00106732232962, -0.00441308831796, 0.0215549916029, -0.00917528197169, 0.00188082573004, 0.00346777564846], [0.000496653374285, -0.00368620944209, 0.00106807891279, -0.00386042590253, -0.000788521661889, -0.000191503029782, -0.00396296475083, 0.00439488794655, -0.00530857779086, -0.00917528197169, 0.0226068533957, -0.0099555356428, 0.00207763724029], [-0.000646931759547, 0.00491671171039, -0.00128563167527, 0.00450011948124, 0.00275656604208, 0.00045056201634, -1.48467715917e-05, -0.00107868225314, 0.00466887466609, 0.00188082573004, -0.0099555356428, 0.0244682338089, -0.00926408637315], [0.000525337411091, -0.00309864268638, 0.00114504504018, -0.00236089737155, -0.0015129102394, -0.000817227642983, -0.00115388166159, -0.000120175369375, -0.00244932505302, 0.00346777564846, 0.00207763724029, -0.00926408637315, 0.0199484713376]]
    },
    "melbands": {
        "dmean": [0.0193793103099, 0.00716335186735, 0.00166786415502, 0.000405570346629, 0.000170536484802, 0.000123142453958, 7.91766360635e-05, 5.87302856729e-05, 3.53216782969e-05, 2.01334041776e-05, 2.53957241512e-05, 1.61589669005e-05, 1.40421789183e-05, 8.17584805191e-06, 5.21429456057e-06, 4.01475790568e-06, 4.07184825235e-06, 2.71366320703e-06, 2.95147538054e-06, 3.00629289995e-06, 2.58747559201e-06, 1.91454319065e-06, 1.66057213846e-06, 1.30636340145e-06, 1.74319552571e-06, 7.74846512286e-07, 7.93460571913e-07, 6.81261894897e-07, 3.95287457877e-07, 2.8948710451e-07, 2.24082199907e-07, 1.7637705696e-07, 1.71579728203e-07, 1.54145354259e-07, 1.39437133839e-07, 9.34539485797e-08, 6.39553547899e-08, 5.42345155452e-08, 4.27951327708e-08, 3.87960419346e-08],
        "dmean2": [0.0334004499018, 0.0120745068416, 0.00287093105726, 0.000680633238517, 0.000283933826722, 0.000194972875761, 0.000112216192065, 7.51484549255e-05, 4.58557333332e-05, 2.89503786917e-05, 3.49610272679e-05, 2.41805319092e-05, 2.03564286494e-05, 1.19459436974e-05, 8.23106893222e-06, 6.41173664917e-06, 6.58378121443e-06, 4.51049299954e-06, 4.93749257657e-06, 5.05603657075e-06, 4.3941063268e-06, 3.21531956615e-06, 2.78315383184e-06, 2.21880327445e-06, 2.98309373647e-06, 1.31761908051e-06, 1.38044822506e-06, 1.16592480026e-06, 6.79477636822e-07, 4.89797344017e-07, 3.84351210414e-07, 3.03773163068e-07, 2.93684990993e-07, 2.63595836714e-07, 2.36892375938e-07, 1.5709440504e-07, 1.06521873988e-07, 9.14401141472e-08, 7.14364176702e-08, 6.47818936272e-08],
        "dvar": [0.00147548341192, 0.00020551464695, 1.52155598698e-05, 1.31543151838e-06, 1.77422492698e-07, 8.32231492609e-08, 3.11604964054e-08, 3.1622754193e-08, 1.77908425769e-08, 2.65915112152e-09, 4.85727902344e-09, 1.91125870685e-09, 1.88832771642e-09, 6.24788831782e-10, 1.65988667256e-10, 1.43437567379e-10, 1.71629987999e-10, 5.09349264155e-11, 5.8749220766e-11, 5.58769835957e-11, 3.43010897463e-11, 2.03184552516e-11, 1.63832922923e-11, 1.08805403923e-11, 2.32137156719e-11, 4.51238872656e-12, 4.02711154354e-12, 3.18340406119e-12, 9.39671083999e-13, 7.42381254127e-13, 3.67482330373e-13, 2.27829961928e-13, 1.98725720124e-13, 2.05014878771e-13, 1.53407478777e-13, 8.47274927627e-14, 3.41493563841e-14, 2.62066725336e-14, 1.86701121821e-14, 3.47909973942e-14],
        "dvar2": [0.00423304503784, 0.00054717779858, 4.38061833847e-05, 3.63594517694e-06, 5.02851435158e-07, 2.15977308926e-07, 5.65475666292e-08, 3.51991609193e-08, 1.33430839711e-08, 5.23728793667e-09, 8.12158429397e-09, 3.78716569216e-09, 3.32079008736e-09, 1.12727804868e-09, 3.67889746444e-10, 3.18201298644e-10, 3.81577408559e-10, 1.44967898796e-10, 1.63964036792e-10, 1.53253243429e-10, 9.64227794831e-11, 5.51305806562e-11, 4.50481457692e-11, 3.05884380325e-11, 6.654925222e-11, 1.25390687417e-11, 1.17498927255e-11, 9.2598533008e-12, 2.69745011917e-12, 2.13125177229e-12, 1.01981422439e-12, 6.46834799264e-13, 5.57995490091e-13, 5.74465063193e-13, 4.31581555433e-13, 2.36069139497e-13, 9.24165190447e-14, 7.09467952594e-14, 5.08906915361e-14, 9.68018457818e-14],
        "max": [0.597986221313, 0.189491569996, 0.0835869908333, 0.0503984354436, 0.0122902663425, 0.00777700729668, 0.00946752168238, 0.0139176603407, 0.0178817920387, 0.00282231881283, 0.00241188588552, 0.00212606252171, 0.00285891233943, 0.0015422552824, 0.000797568471171, 0.000516996195074, 0.000593843578827, 0.000151000524056, 0.000185420241905, 0.000147911821841, 0.000127297811559, 0.000120837037684, 8.76236881595e-05, 0.000110124019557, 0.000105326471385, 5.52417550352e-05, 4.61107738374e-05, 4.13089037465e-05, 1.92091883946e-05, 2.22305534407e-05, 1.1122727301e-05, 8.44180522108e-06, 1.12211291707e-05, 1.00884808489e-05, 1.70532239281e-05, 7.47571721149e-06, 4.91032551508e-06, 4.25448752139e-06, 3.69918234355e-06, 4.40714802608e-06],
        "mean": [0.0252889264375, 0.0101585993543, 0.00234052725136, 0.000646109168883, 0.000284331006696, 0.000222181130084, 0.000193598505575, 0.000178099435288, 8.81121013663e-05, 4.0748360334e-05, 4.63827309432e-05, 2.94272140309e-05, 2.8809557989e-05, 1.67135458469e-05, 9.36163814913e-06, 6.75685259921e-06, 6.57560258333e-06, 4.63615970148e-06, 4.96308848597e-06, 4.95851509186e-06, 4.22418952439e-06, 3.31454748448e-06, 2.89278932541e-06, 2.28663520829e-06, 2.90198727271e-06, 1.39360531648e-06, 1.37549045576e-06, 1.20357390188e-06, 7.4187039445e-07, 5.29526289483e-07, 4.02932244015e-07, 3.36331737572e-07, 3.57821136276e-07, 3.04826272668e-07, 2.78454450608e-07, 1.93470967247e-07, 1.4759555711e-07, 1.18721715126e-07, 9.1709807748e-08, 7.40297849688e-08],
        "median": [0.00778654310852, 0.0031002596952, 0.000745214871131, 0.000227673168411, 0.000101729572634, 7.53986678319e-05, 4.86631615786e-05, 2.61509921984e-05, 1.59672581503e-05, 1.02597459772e-05, 1.02115718619e-05, 5.7510460465e-06, 3.32338822773e-06, 2.43174395109e-06, 2.0910360945e-06, 1.81260111276e-06, 1.86490638043e-06, 1.33844662287e-06, 1.36634503178e-06, 1.32386617224e-06, 1.13512044209e-06, 8.65294737196e-07, 7.2395442885e-07, 5.07141521666e-07, 4.00871897455e-07, 3.4151116779e-07, 3.16306142167e-07, 2.20189491529e-07, 1.76576023136e-07, 8.46338110705e-08, 6.96731419225e-08, 5.25553076614e-08, 4.83455089295e-08, 3.95694570443e-08, 4.16188221664e-08, 2.7720542306e-08, 2.11019433038e-08, 2.03665031506e-08, 1.45565905996e-08, 1.12083684556e-08],
        "min": [1.43036377664e-24, 1.52319012404e-24, 7.75833853447e-25, 8.58157010934e-25, 1.18358846257e-24, 1.86428066186e-24, 9.27306388518e-25, 1.35123412531e-24, 1.78682280401e-24, 1.34145520832e-24, 2.0219000011e-24, 1.56457869751e-24, 3.29685817941e-24, 3.32262099607e-24, 3.42188296934e-24, 1.5163391629e-24, 3.08666540236e-24, 3.12979597792e-24, 2.66278973038e-24, 3.34998658087e-24, 4.11979452308e-24, 4.39540595729e-24, 5.1117677843e-24, 3.68278293653e-24, 3.98639301641e-24, 2.83946045492e-24, 4.03877653596e-24, 4.74191587092e-24, 5.27885404606e-24, 3.96038308908e-24, 5.05144437974e-24, 5.46196404495e-24, 5.69308569625e-24, 3.67621488063e-24, 5.55288460301e-24, 5.24020104499e-24, 5.61891975495e-24, 5.95716003971e-24, 5.99213142693e-24, 6.49577217769e-24],
        "var": [0.00207759533077, 0.00035384419607, 2.22211965593e-05, 1.97298163584e-06, 3.12076622322e-07, 1.80753644941e-07, 3.07344464545e-07, 4.71290150017e-07, 2.32564431712e-07, 1.18437144536e-08, 1.50411505473e-08, 5.75965497518e-09, 9.82162973173e-09, 3.35832073262e-09, 6.3133875905e-10, 2.68062100295e-10, 2.79728490371e-10, 9.14425271614e-11, 1.06929617938e-10, 1.10736864123e-10, 6.14591780246e-11, 4.38845661199e-11, 3.48988928034e-11, 2.07456447854e-11, 4.9079275366e-11, 1.06023956975e-11, 8.26612389648e-12, 7.09185661585e-12, 2.11020827548e-12, 1.68674427724e-12, 7.70632798026e-13, 5.79051834693e-13, 6.74897637776e-13, 5.67762904833e-13, 5.19009097852e-13, 2.75492194161e-13, 1.40239897603e-13, 7.86402667703e-14, 4.69777957312e-14, 5.27911048209e-14]
    },
    "mfcc": {
        "mean": [-743.269287109, 169.586013794, 26.2664031982, 43.6117324829, 20.7992095947, 11.9581136703, 8.81308078766, 11.419084549, 6.63881826401, 9.34846782684, 2.75041913986, 3.72013020515, 5.08002853394],
        "cov": [[9423.37402344, -412.818511963, -101.773612976, 149.69519043, -197.043899536, 65.7544708252, -139.84576416, 133.399108887, -41.233959198, -0.465299159288, 24.650844574, 84.5439529419, 72.7688980103], [-412.818511963, 1424.65698242, -22.6456871033, 93.8854064941, 149.812225342, 19.8193874359, 75.4862365723, -4.23354387283, 54.2579689026, 40.6915664673, 19.3520965576, 12.0958089828, 4.9016122818], [-101.773612976, -22.6456871033, 429.146026611, 73.0598678589, 73.3574447632, 94.2340927124, 61.7338600159, 46.5618743896, 30.1682662964, 14.9856729507, 14.3867788315, 20.0683002472, 4.47489976883], [149.69519043, 93.8854064941, 73.0598678589, 157.983474731, 60.8739852905, 38.3239555359, 31.3598480225, 16.7160835266, 11.7692546844, 18.9309101105, 9.81157302856, 5.79524421692, 11.5180644989], [-197.043899536, 149.812225342, 73.3574447632, 60.8739852905, 129.276321411, 48.6965179443, 35.6614227295, 7.10156917572, 16.7593421936, 21.0195655823, 12.1434621811, 6.38118219376, -1.23162484169], [65.7544708252, 19.8193874359, 94.2340927124, 38.3239555359, 48.6965179443, 115.105926514, 56.2166290283, 21.6163749695, 12.1294183731, 8.47612380981, 11.7242870331, 17.1163196564, 3.66726303101], [-139.84576416, 75.4862365723, 61.7338600159, 31.3598480225, 35.6614227295, 56.2166290283, 102.699127197, 37.2230148315, 19.9430027008, 7.35000705719, 2.21328639984, 7.11297655106, 5.98557329178], [133.399108887, -4.23354387283, 46.5618743896, 16.7160835266, 7.10156917572, 21.6163749695, 37.2230148315, 86.3232879639, 35.3291778564, 5.60481834412, -4.0775179863, 1.97731292248, 8.71111965179], [-41.233959198, 54.2579689026, 30.1682662964, 11.7692546844, 16.7593421936, 12.1294183731, 19.9430027008, 35.3291778564, 74.0339660645, 27.8448810577, 1.94767844677, -4.27149486542, 0.97056889534], [-0.465299159288, 40.6915664673, 14.9856729507, 18.9309101105, 21.0195655823, 8.47612380981, 7.35000705719, 5.60481834412, 27.8448810577, 72.8711395264, 26.7293453217, 1.6504137516, -3.22513246536], [24.650844574, 19.3520965576, 14.3867788315, 9.81157302856, 12.1434621811, 11.7242870331, 2.21328639984, -4.0775179863, 1.94767844677, 26.7293453217, 76.2345046997, 43.4461174011, 7.60282802582], [84.5439529419, 12.0958089828, 20.0683002472, 5.79524421692, 6.38118219376, 17.1163196564, 7.11297655106, 1.97731292248, -4.27149486542, 1.6504137516, 43.4461174011, 87.2903442383, 36.0610618591], [72.7688980103, 4.9016122818, 4.47489976883, 11.5180644989, -1.23162484169, 3.66726303101, 5.98557329178, 8.71111965179, 0.97056889534, -3.22513246536, 7.60282802582, 36.0610618591, 70.3048095703]],
