{
"lowlevel": {
    "average_loudness": 0.956069648266,
    "barkbands_crest": {
        "dmean": 3.57132649422,
        "dmean2": 5.51462459564,
        "dvar": 13.0675449371,
        "dvar2": 27.4477329254,
        "max": 26.6810321808,
        "mean": 15.1850357056,
        "median": 13.9246835709,
        "min": 2.15732049942,
        "var": 37.4948387146
    },
    "barkbands_flatness_db": {
        "dmean": 0.0840092822909,
        "dmean2": 0.116264030337,
        "dvar": 0.00619949679822,
        "dvar2": 0.0130766769871,
        "max": 0.889287769794,
        "mean": 0.295139759779,
        "median": 0.287974625826,
        "min": 0.0158218406141,
        "var": 0.0206111744046
    },
    "barkbands_kurtosis": {
        "dmean": 66.873374939,
        "dmean2": 100.42325592,
        "dvar": 36663.5703125,
        "dvar2": 68071.7578125,
        "max": 3305.00341797,
        "mean": 87.7844314575,
        "median": 19.0888633728,
        "min": -1.92403662205,
        "var": 70655.203125
    },
    "barkbands_skewness": {
        "dmean": 2.53101873398,
        "dmean2": 3.7960088253,
        "dvar": 9.47455501556,
        "dvar2": 22.3602466583,
        "max": 42.5816192627,
        "mean": 4.40733766556,
        "median": 3.17917895317,
        "min": -3.58096289635,
        "var": 21.5874385834
    },
    "barkbands_spread": {
        "dmean": 9.86751079559,
        "dmean2": 16.8372383118,
        "dvar": 283.165771484,
        "dvar2": 712.823608398,
        "max": 147.846664429,
        "mean": 11.2142086029,
        "median": 3.08973073959,
        "min": 0.0278134122491,
        "var": 343.572265625
    },
    "dissonance": {
        "dmean": 0.036638520658,
        "dmean2": 0.0556829795241,
        "dvar": 0.0016802266473,
        "dvar2": 0.00361248012632,
        "max": 0.5,
        "mean": 0.421175450087,
        "median": 0.451670706272,
        "min": 0.0690990686417,
        "var": 0.00643247226253
    },
    "dynamic_complexity": 3.20184636116,
    "erbbands_crest": {
        "dmean": 3.56409525871,
        "dmean2": 5.48693990707,
        "dvar": 13.4796419144,
        "dvar2": 27.4337673187,
        "max": 27.7845554352,
        "mean": 11.945848465,
        "median": 11.4108753204,
        "min": 2.12791466713,
        "var": 36.9957771301
    },
    "erbbands_flatness_db": {
        "dmean": 0.0502358861268,
        "dmean2": 0.0709862336516,
        "dvar": 0.0028205444105,
        "dvar2": 0.00566789135337,
        "max": 0.617079019547,
        "mean": 0.194352924824,
        "median": 0.173916429281,
        "min": 0.0336286574602,
        "var": 0.010061587207
    },
    "erbbands_kurtosis": {
        "dmean": 10.5548267365,
        "dmean2": 15.9490976334,
        "dvar": 518.645263672,
        "dvar2": 1038.13842773,
        "max": 326.999603271,
        "mean": 12.3390073776,
        "median": 2.65250635147,
        "min": -1.8685811758,
        "var": 875.873840332
    },
    "erbbands_skewness": {
        "dmean": 1.26892805099,
        "dmean2": 1.89207959175,
        "dvar": 2.05895495415,
        "dvar2": 4.33521747589,
        "max": 14.3464422226,
        "mean": 1.62031829357,
        "median": 1.16593635082,
        "min": -3.70150876045,
        "var": 5.45147657394
    },
    "erbbands_spread": {
        "dmean": 22.2776889801,
        "dmean2": 35.5035743713,
        "dvar": 668.162658691,
        "dvar2": 1622.29064941,
        "max": 181.260650635,
        "mean": 40.9667015076,
        "median": 28.6772270203,
        "min": 0.593667149544,
        "var": 1432.36242676
    },
    "hfc": {
        "dmean": 16.252910614,
        "dmean2": 27.9923992157,
        "dvar": 1549.37365723,
        "dvar2": 4181.43603516,
        "max": 394.273071289,
        "mean": 18.4149188995,
        "median": 9.05676651001,
        "min": 9.35148936065e-09,
        "var": 1261.08984375
    },
    "melbands_crest": {
        "dmean": 3.92408752441,
        "dmean2": 6.09250545502,
        "dvar": 15.945728302,
        "dvar2": 35.7265052795,
        "max": 39.8553581238,
        "mean": 20.7311649323,
        "median": 19.3418731689,
        "min": 2.2265124321,
        "var": 56.6770401001
    },
    "melbands_flatness_db": {
        "dmean": 0.0974997654557,
        "dmean2": 0.134797945619,
        "dvar": 0.00848881714046,
        "dvar2": 0.0182907246053,
        "max": 1,
        "mean": 0.408067405224,
        "median": 0.402786672115,
        "min": 0.00953203812242,
        "var": 0.028717443347
    },
    "melbands_kurtosis": {
        "dmean": 82.2966690063,
        "dmean2": 133.566772461,
        "dvar": 31270.7734375,
        "dvar2": 84910.6640625,
        "max": 2716.74951172,
        "mean": 102.456977844,
        "median": 35.5832977295,
        "min": -1.5995965004,
        "var": 37232.9453125
    },
    "melbands_skewness": {
        "dmean": 2.72893071175,
        "dmean2": 4.223736763,
        "dvar": 12.3219871521,
        "dvar2": 30.3065853119,
        "max": 42.8734359741,
        "mean": 5.53975248337,
        "median": 4.05775499344,
        "min": -1.84989738464,
        "var": 28.1764144897
    },
    "melbands_spread": {
        "dmean": 7.80552101135,
        "dmean2": 13.5493497849,
        "dvar": 309.7394104,
        "dvar2": 795.206787109,
        "max": 224.777069092,
        "mean": 8.51084327698,
        "median": 2.68253159523,
        "min": 0.0852748006582,
        "var": 357.186859131
    },
    "pitch_salience": {
        "dmean": 0.111878938973,
        "dmean2": 0.167372196913,
        "dvar": 0.0134624633938,
        "dvar2": 0.0293733663857,
        "max": 0.908523917198,
        "mean": 0.42434617877,
        "median": 0.469280958176,
        "min": 0.00995593797415,
        "var": 0.0419096462429
    },
    "silence_rate_20dB": {
        "dmean": 0,
        "dmean2": 0,
        "dvar": 0,
        "dvar2": 0,
        "max": 1,
        "mean": 1,
        "median": 1,
        "min": 1,
        "var": 0
    },
    "silence_rate_30dB": {
        "dmean": 0.10206297785,
        "dmean2": 0.204141780734,
        "dvar": 0.091643884778,
        "dvar2": 0.188993856311,
        "max": 1,
        "mean": 0.880961596966,
        "median": 1,
        "min": 0,
        "var": 0.104863330722
    },
    "silence_rate_60dB": {
        "dmean": 0.0164417549968,
        "dmean2": 0.0328085012734,
        "dvar": 0.0161738805473,
        "dvar2": 0.0357600040734,
        "max": 1,
        "mean": 0.0422644428909,
        "median": 0,
        "min": 0,
        "var": 0.0404812283814
    },
    "spectral_centroid": {
        "dmean": 441.447418213,
        "dmean2": 727.701416016,
        "dvar": 434260.40625,
        "dvar2": 1085039.75,
        "max": 4978.34765625,
        "mean": 793.000793457,
        "median": 317.259033203,
        "min": 55.2187347412,
        "var": 838739.0625
    },
    "spectral_complexity": {
        "dmean": 4.88149547577,
        "dmean2": 7.66501188278,
        "dvar": 55.4725112915,
        "dvar2": 114.272132874,
        "max": 60,
        "mean": 8.15866661072,
        "median": 5,
        "min": 0,
        "var": 90.6760101318
    },
    "spectral_decrease": {
        "dmean": 6.59200072306e-09,
        "dmean2": 9.77755387765e-09,
        "dvar": 5.60625035055e-17,
        "dvar2": 1.29680254534e-16,
        "max": 2.71934699935e-17,
        "mean": -1.47612233548e-08,
        "median": -1.26247847732e-08,
        "min": -7.41593666476e-08,
        "var": 1.38663793328e-16
    },
    "spectral_energy": {
        "dmean": 0.0256945826113,
        "dmean2": 0.0381337292492,
        "dvar": 0.000809709017631,
        "dvar2": 0.00188448245171,
        "max": 0.28136920929,
        "mean": 0.0573825463653,
        "median": 0.0494686737657,
        "min": 9.26136446179e-13,
        "var": 0.00201355852187
    },
    "spectral_energyband_high": {
        "dmean": 0.00150282145478,
        "dmean2": 0.00266800075769,
        "dvar": 1.94776184799e-05,
        "dvar2": 5.31404839421e-05,
        "max": 0.0461916960776,
        "mean": 0.00118325278163,
        "median": 3.86363280995e-05,
        "min": 6.11968863171e-13,
        "var": 1.51425047079e-05
    },
    "spectral_energyband_low": {
        "dmean": 0.022717256099,
        "dmean2": 0.032526858151,
        "dvar": 0.000803647737484,
        "dvar2": 0.00165557279252,
        "max": 0.280424535275,
        "mean": 0.0410640798509,
        "median": 0.0240780543536,
        "min": 2.26246599851e-14,
        "var": 0.00208031386137
    },
    "spectral_energyband_middle_high": {
        "dmean": 0.00165231223218,
        "dmean2": 0.0029331529513,
        "dvar": 1.84495638678e-05,
        "dvar2": 5.12677252118e-05,
        "max": 0.0438790731132,
        "mean": 0.00126436562277,
        "median": 0.000147426617332,
        "min": 1.88343386568e-13,
        "var": 1.29337304315e-05
    },
    "spectral_energyband_middle_low": {
        "dmean": 0.00690683163702,
        "dmean2": 0.0109202153981,
        "dvar": 0.000136954549816,
        "dvar2": 0.000349716690835,
        "max": 0.120403409004,
        "mean": 0.0164043251425,
        "median": 0.00763065554202,
        "min": 1.19793514979e-14,
        "var": 0.000357987679308
    },
    "spectral_entropy": {
        "dmean": 0.670457422733,
        "dmean2": 0.961771011353,
        "dvar": 0.521875917912,
        "dvar2": 1.10908389091,
        "max": 8.96458721161,
        "mean": 6.64949655533,
        "median": 6.70286750793,
        "min": 3.20576620102,
        "var": 1.67732644081
    },
    "spectral_flux": {
        "dmean": 0.0502350591123,
        "dmean2": 0.0753754377365,
        "dvar": 0.00233389041387,
        "dvar2": 0.00495833344758,
        "max": 0.39250048995,
        "mean": 0.110119499266,
        "median": 0.0937969237566,
        "min": 1.05204235297e-05,
        "var": 0.00505555327982
    },
    "spectral_kurtosis": {
        "dmean": 13.838101387,
        "dmean2": 20.955329895,
        "dvar": 1716.01843262,
        "dvar2": 4346.01367188,
        "max": 2000.70397949,
        "mean": 21.5935344696,
        "median": 5.8013715744,
        "min": -0.547626018524,
        "var": 2605.90893555
    },
    "spectral_rms": {
        "dmean": 0.00167485151906,
        "dmean2": 0.0024658376351,
        "dvar": 2.57490387412e-06,
        "dvar2": 6.00817293162e-06,
        "max": 0.0165682397783,
        "mean": 0.00684281298891,
        "median": 0.00694709457457,
        "min": 3.00590698998e-08,
        "var": 9.15875261853e-06
    },
    "spectral_rolloff": {
        "dmean": 639.166748047,
        "dmean2": 1177.41149902,
        "dvar": 2866716.25,
        "dvar2": 7621699.5,
        "max": 19767.4804688,
        "mean": 727.242370605,
        "median": 215.33203125,
        "min": 21.533203125,
        "var": 2993577.5
    },
    "spectral_skewness": {
        "dmean": 1.0546643734,
        "dmean2": 1.52389240265,
        "dvar": 2.33300352097,
        "dvar2": 4.82137584686,
        "max": 38.3105049133,
        "mean": 2.96790003777,
        "median": 2.08564519882,
        "min": 0.079343341291,
        "var": 6.96015167236
    },
    "spectral_spread": {
        "dmean": 1383963.375,
        "dmean2": 2133389.25,
        "dvar": 2.32970125312e+12,
        "dvar2": 4.91696475341e+12,
        "max": 14720499,
        "mean": 4952913.5,
        "median": 4798778.5,
        "min": 90746.109375,
        "var": 6.50533561958e+12
    },
    "spectral_strongpeak": {
        "dmean": 0.271236419678,
        "dmean2": 0.432204067707,
        "dvar": 0.106848701835,
        "dvar2": 0.280132472515,
        "max": 5.92901945114,
        "mean": 0.607085704803,
        "median": 0.484333753586,
        "min": 0,
        "var": 0.211141601205
    },
    "zerocrossingrate": {
        "dmean": 0.0131339095533,
        "dmean2": 0.0169473700225,
        "dvar": 0.000316844088957,
        "dvar2": 0.000431602878962,
        "max": 0.6396484375,
        "mean": 0.0292531400919,
        "median": 0.01611328125,
        "min": 0.001953125,
        "var": 0.00143197691068
    },
    "barkbands": {
        "dmean": [0.000656020711176, 0.0186226479709, 0.00702070631087, 0.00303816469386, 0.00370173621923, 0.00086172966985, 0.00045480573317, 0.000195119791897, 0.000316315417876, 0.000272831239272, 0.00017097973614, 0.00013995221525, 9.14327683859e-05, 0.000218760716962, 0.000164848737768, 0.000128808635054, 0.000131459761178, 0.000173956417711, 0.000208795318031, 0.000214885178139, 0.000269450712949, 0.000288846262265, 0.000219831897994, 0.000253492617048, 0.000230370846111, 0.000104584185465, 3.51409144059e-05],
        "dmean2": [0.000955364783294, 0.0242387168109, 0.0119115430862, 0.00495526986197, 0.00587869621813, 0.00125794135965, 0.000607373367529, 0.000334604090312, 0.000534762511961, 0.000476746819913, 0.00030904711457, 0.000249905744568, 0.000163227450685, 0.000399337353883, 0.000308324641082, 0.000234596038354, 0.000239031753154, 0.000311486772262, 0.000382842466934, 0.000389366934542, 0.000487455836264, 0.000517075823154, 0.000386155559681, 0.00044740998419, 0.000410837674281, 0.000188654870726, 6.22236329946e-05],
        "dvar": [8.61844910105e-07, 0.000710516818799, 0.000124707745272, 3.02122552966e-05, 4.45902296633e-05, 2.92222580356e-06, 1.00182148799e-06, 2.34713155578e-07, 7.40134623811e-07, 6.58226326777e-07, 1.77395534706e-07, 1.19039306412e-07, 5.06538775369e-08, 4.67536381166e-07, 3.64416877119e-07, 1.26071583395e-07, 1.4452449193e-07, 3.36787735478e-07, 4.5782229563e-07, 6.60427474486e-07, 1.03755678538e-06, 7.15277792551e-07, 5.42345730992e-07, 5.15552756042e-07, 3.20647160379e-07, 9.27545258378e-08, 1.10558318056e-08],
        "dvar2": [1.69084603385e-06, 0.00117516785394, 0.000319951359415, 7.57518864702e-05, 0.000112215340778, 5.69269150219e-06, 1.62257640568e-06, 6.47155104616e-07, 1.9729984615e-06, 1.78940899787e-06, 4.99562474943e-07, 3.32456778551e-07, 1.39643518082e-07, 1.31070078169e-06, 1.0574586895e-06, 3.54931898983e-07, 4.14415239902e-07, 9.51893014189e-07, 1.31071215037e-06, 1.86779277556e-06, 2.92819345304e-06, 1.97038548322e-06, 1.44278590142e-06, 1.38956272622e-06, 8.75738237482e-07, 2.59654029833e-07, 2.95980679965e-08],
        "max": [0.00848460383713, 0.271119147539, 0.105698786676, 0.0729514807463, 0.0954546630383, 0.0374213159084, 0.0263543576002, 0.00607997504994, 0.0124174952507, 0.00773024046794, 0.00401916680858, 0.00581467244774, 0.00314920232631, 0.00708551472053, 0.00670049292967, 0.00474167894572, 0.00735609279945, 0.0067551266402, 0.007826898247, 0.0101751247421, 0.0123387025669, 0.0106366807595, 0.00841634720564, 0.00687706517056, 0.00443709781393, 0.00254500773735, 0.00150959857274],
        "mean": [0.00106417923234, 0.0286273173988, 0.00887790042907, 0.00472418637946, 0.00780680868775, 0.00195596390404, 0.0013201800175, 0.000213625098695, 0.000301518070046, 0.000216581014683, 0.00012767665612, 0.000103110680357, 6.65773332003e-05, 0.000145416634041, 0.000105350714875, 9.14019328775e-05, 9.77723102551e-05, 0.000136041693622, 0.000152152191731, 0.000162961019669, 0.000201405055122, 0.000215199863305, 0.000194415959413, 0.000204632277018, 0.000169460603502, 7.41434123483e-05, 2.66253828158e-05],
        "median": [0.000483561074361, 0.0106143103912, 0.00369536876678, 0.00147173716687, 0.00210965541191, 0.000420495372964, 0.00013647331798, 3.00952724501e-05, 2.97472106467e-05, 1.89602324099e-05, 1.49789630086e-05, 1.14731374197e-05, 6.49755565973e-06, 6.65193374516e-06, 5.54029702471e-06, 5.44837166672e-06, 4.96302845931e-06, 6.85660052113e-06, 4.74086073154e-06, 5.26423718838e-06, 5.60060880161e-06, 6.5292074396e-06, 4.31940497947e-06, 5.37551795787e-06, 4.90130560138e-06, 2.09557811104e-06, 5.06487822349e-07],
        "min": [2.10071031886e-14, 1.06978363884e-14, 1.93213890389e-15, 6.75104846599e-16, 1.69359007375e-15, 2.53245952922e-15, 3.12992268889e-15, 1.14055495683e-15, 2.42736582211e-15, 4.6300108387e-15, 6.33072340075e-15, 3.7157687917e-15, 5.898540086e-15, 1.86355735666e-14, 2.04053675947e-14, 2.69435962799e-14, 1.32142509961e-14, 1.61918157511e-14, 3.85260433852e-14, 4.78085791984e-14, 3.30683221149e-14, 4.58057494658e-14, 2.39219891997e-14, 8.717968025e-14, 1.40457659609e-13, 1.14784036768e-13, 1.65955804329e-13],
        "var": [2.33382729675e-06, 0.0018846251769, 0.000162158205057, 6.19065540377e-05, 0.000127661362058, 1.24817906908e-05, 6.52554444969e-06, 2.35133384763e-07, 7.0022804266e-07, 4.92045899136e-07, 1.14818639929e-07, 7.69409140844e-08, 3.36423475744e-08, 2.9005738611e-07, 2.05861283575e-07, 8.25247212788e-08, 9.43671381037e-08, 2.40457694645e-07, 3.07788411646e-07, 4.4230802132e-07, 6.95442167853e-07, 5.15619205999e-07, 4.7945576398e-07, 4.3364465796e-07, 2.3850617481e-07, 6.27583389701e-08, 1.03235482385e-08]
    },
    "erbbands": {
        "dmean": [0.633608818054, 3.90044951439, 8.01173591614, 8.45803356171, 12.5674724579, 12.5263538361, 7.31603288651, 6.39508581161, 6.59687948227, 5.85310792923, 4.10165023804, 5.94260025024, 10.2184143066, 7.12156581879, 7.15722990036, 5.30082559586, 4.3586063385, 11.2827167511, 8.49525547028, 7.7037358284, 7.63887929916, 7.34754943848, 8.90647697449, 11.3776655197, 9.37571907043, 10.6434049606, 12.3322305679, 8.73013210297, 11.4501914978, 7.74858236313, 5.77900457382, 5.9089012146, 3.98671102524, 2.52036070824, 1.67629098892, 0.548294842243, 0.181214749813, 0.037951041013, 0.00618464080617, 0.000391341047361],
        "dmean2": [0.769315302372, 5.42934894562, 13.5735187531, 13.8808488846, 20.8284282684, 18.9828834534, 11.229309082, 9.37926769257, 8.84115982056, 8.84597301483, 6.60286283493, 10.0894479752, 18.0585727692, 12.5350036621, 12.9510164261, 9.36761474609, 7.66905593872, 20.5996284485, 15.6030139923, 14.3425989151, 13.9285945892, 13.3198394775, 16.00390625, 20.8557376862, 16.8025512695, 19.3269901276, 22.4392528534, 15.5999298096, 20.5923118591, 13.8469171524, 9.82701969147, 10.6547117233, 6.97066783905, 4.41830873489, 3.03157377243, 0.993082404137, 0.327899307013, 0.0675405561924, 0.0109906317666, 0.000684586062562],
        "dvar": [1.13942706585, 28.9408950806, 146.394042969, 199.21635437, 590.469116211, 525.076721191, 211.430847168, 187.766067505, 262.363067627, 200.225296021, 107.676696777, 245.649581909, 997.567260742, 423.141540527, 325.062011719, 139.943832397, 100.226600647, 1090.90270996, 833.298034668, 722.761047363, 463.824737549, 455.28036499, 733.4140625, 1852.27209473, 706.729797363, 1726.54772949, 2167.14233398, 986.805908203, 1353.49841309, 526.620788574, 327.268096924, 295.339233398, 125.120407104, 36.8693580627, 18.0987129211, 2.35264134407, 0.270658373833, 0.0115065304562, 0.000335731630912, 1.25916506022e-06],
        "dvar2": [1.37810444832, 59.5298614502, 365.653198242, 516.417541504, 1543.52636719, 1186.37084961, 471.527648926, 355.903930664, 408.322357178, 415.80166626, 250.74369812, 656.065917969, 2760.61425781, 1172.48486328, 911.004211426, 381.834686279, 271.998382568, 3037.88916016, 2384.71801758, 2090.43115234, 1310.27270508, 1300.94506836, 2088.99438477, 5333.25488281, 1953.60864258, 4883.60742188, 6098.24169922, 2764.71313477, 3757.89819336, 1454.33496094, 827.503479004, 800.384643555, 338.635040283, 98.4445495605, 50.2190666199, 6.56940555573, 0.757705152035, 0.031438279897, 0.000898054917343, 3.31279238708e-06],
        "max": [11.3318662643, 54.5510215759, 111.770774841, 165.346481323, 367.529022217, 370.235046387, 203.209472656, 433.733184814, 473.459289551, 297.522918701, 279.75201416, 185.934204102, 351.963195801, 238.860412598, 220.297943115, 199.115844727, 142.965911865, 380.313049316, 317.492401123, 322.280456543, 325.160644531, 398.997589111, 281.289825439, 529.758666992, 271.677886963, 543.807556152, 531.746398926, 400.263061523, 509.911987305, 249.413146973, 207.661376953, 155.736801147, 106.199310303, 56.2596893311, 29.0500125885, 11.050078392, 4.10137701035, 1.14158093929, 0.273386329412, 0.022727817297],
        "mean": [1.04345536232, 5.56420612335, 10.8131093979, 13.2095060349, 22.3846282959, 28.3657989502, 15.8293790817, 15.7207612991, 19.4851074219, 12.3644952774, 5.0088429451, 5.63133621216, 8.03273010254, 5.70334148407, 5.24676704407, 3.98994612694, 3.24782371521, 7.52520561218, 5.62450313568, 5.06683635712, 5.43477630615, 5.60450029373, 6.90708732605, 8.37661647797, 7.06558418274, 7.98734378815, 8.87061214447, 6.93537044525, 8.3744726181, 6.18596029282, 5.23710155487, 4.77271223068, 3.17100930214, 1.93762671947, 1.1863244772, 0.393186867237, 0.12615814805, 0.0277697425336, 0.00466807559133, 0.000343637919286],
        "median": [0.252406448126, 2.33612155914, 5.14740848541, 6.94952201843, 7.3006067276, 6.6967997551, 5.10708522797, 3.30534005165, 2.082228899, 1.88262045383, 0.790365099907, 0.67453879118, 0.70561414957, 0.686098992825, 0.627271056175, 0.49288854003, 0.346798568964, 0.367456614971, 0.332284927368, 0.287010997534, 0.321141839027, 0.329943060875, 0.367888480425, 0.305257022381, 0.259709537029, 0.248532161117, 0.251607358456, 0.193464651704, 0.222735464573, 0.194600149989, 0.117260530591, 0.113465934992, 0.0874032899737, 0.0536035709083, 0.0335522517562, 0.0120250787586, 0.00321293668821, 0.000721310498193, 0.000104577418824, 7.7125208918e-05],
        "min": [5.93604429933e-13, 1.49380963328e-12, 2.38194598594e-12, 2.4213808042e-12, 3.0081191444e-12, 5.83231206386e-12, 1.20025196379e-11, 2.34237733376e-11, 5.45487231773e-11, 1.80781205977e-11, 4.33900068653e-11, 5.93656651615e-11, 7.09702366319e-11, 2.12686881995e-10, 2.62625865499e-10, 1.37204858586e-10, 3.03553404635e-10, 5.976636408e-10, 1.35265643131e-09, 1.15771559006e-09, 1.2493867052e-09, 7.414838743e-10, 9.32320998182e-10, 1.71941427762e-09, 2.21339080397e-09, 2.21453322347e-09, 9.14671727248e-10, 1.64204538855e-09, 1.75548708903e-09, 6.91852242163e-10, 7.5692885293e-10, 1.37554556634e-09, 1.67431346565e-09, 1.49425560814e-09, 1.09141962135e-09, 4.97460739268e-10, 2.24946131167e-10, 8.93224383347e-11, 2.02555836687e-11, 2.58965743814e-12],
        "var": [3.42097711563, 60.6940803528, 204.541763306, 327.129455566, 1120.8104248, 2308.23461914, 633.437133789, 947.409667969, 1675.81274414, 1150.99157715, 190.511306763, 221.315231323, 688.42590332, 300.824310303, 205.057510376, 97.8210372925, 70.3268432617, 690.057128906, 492.621185303, 419.174285889, 296.653961182, 303.93182373, 523.609191895, 1235.76452637, 512.66583252, 1142.77490234, 1416.13427734, 715.00970459, 934.313598633, 410.632019043, 323.034698486, 247.881317139, 102.179924011, 30.1263065338, 12.4531030655, 1.58066630363, 0.184321969748, 0.00900252349675, 0.000315704179229, 1.21517234675e-06]
    },
    "gfcc": {
        "mean": [-88.6941223145, 107.416694641, -38.8621444702, 46.2763710022, -39.9507598877, 14.8901576996, -25.1678504944, 3.47560834885, -18.8242855072, -1.80387973785, -10.519826889, -1.75579118729, -6.93832588196],
        "cov": [[15967.4599609, -3966.91137695, -2338.65185547, 646.66229248, -981.342468262, 336.754119873, -964.018676758, 109.502410889, -699.201477051, 43.9546012878, -437.501831055, 161.562973022, -242.479415894], [-3966.91137695, 4400.58300781, 1168.10192871, -849.645629883, 81.017036438, -893.722961426, -72.4812393188, -515.682312012, 242.707015991, -287.756408691, 222.890563965, -229.649719238, 165.640472412], [-2338.65185547, 1168.10192871, 2184.99829102, -116.156806946, -10.5062961578, -210.965698242, -125.108428955, -123.419952393, 82.3395767212, -4.99830913544, 148.572845459, -8.51380157471, 68.1320495605], [646.66229248, -849.645629883, -116.156806946, 687.097900391, 162.007003784, 239.117416382, 78.7547225952, 95.4522323608, 1.7880282402, 71.6814956665, 30.6242866516, 75.4275894165, -0.828005552292], [-981.342468262, 81.017036438, -10.5062961578, 162.007003784, 553.882568359, 236.593002319, 263.620605469, 121.789886475, 137.586807251, 18.0268325806, 75.4885482788, -6.35671949387, 45.9404945374], [336.754119873, -893.722961426, -210.965698242, 239.117416382, 236.593002319, 537.011779785, 251.805587769, 236.95022583, 47.2905082703, 89.9500427246, -11.8036661148, 32.1297607422, -13.8777503967], [-964.018676758, -72.4812393188, -125.108428955, 78.7547225952, 263.620605469, 251.805587769, 424.339569092, 156.644271851, 151.429275513, 33.176235199, 44.491607666, 10.2498626709, 40.2636871338], [109.502410889, -515.682312012, -123.419952393, 95.4522323608, 121.789886475, 236.95022583, 156.644271851, 245.840713501, 80.2139358521, 82.5545883179, 12.779132843, 36.1327667236, 4.73067331314], [-699.201477051, 242.707015991, 82.3395767212, 1.7880282402, 137.586807251, 47.2905082703, 151.429275513, 80.2139358521, 196.07649231, 56.6571121216, 83.8544998169, 4.91631937027, 41.8850669861], [43.9546012878, -287.756408691, -4.99830913544, 71.6814956665, 18.0268325806, 89.9500427246, 33.176235199, 82.5545883179, 56.6571121216, 130.578674316, 46.8878631592, 43.7987251282, 7.77827453613], [-437.501831055, 222.890563965, 148.572845459, 30.6242866516, 75.4885482788, -11.8036661148, 44.491607666, 12.779132843, 83.8544998169, 46.8878631592, 122.262886047, 37.4826049805, 42.6848869324], [161.562973022, -229.649719238, -8.51380157471, 75.4275894165, -6.35671949387, 32.1297607422, 10.2498626709, 36.1327667236, 4.91631937027, 43.7987251282, 37.4826049805, 97.7626571655, 24.2774543762], [-242.479415894, 165.640472412, 68.1320495605, -0.828005552292, 45.9404945374, -13.8777503967, 40.2636871338, 4.73067331314, 41.8850669861, 7.77827453613, 42.6848869324, 24.2774543762, 76.263633728]],
        "icov": [[0.000127986160805, 4.30317304563e-05, 0.000114946713438, -7.10809545126e-05, 0.000157878501341, -0.000167535079527, 0.000374299066607, -8.87505884748e-05, 1.35083437272e-05, 0.000161955380463, -3.41233885592e-06, -2.86717422568e-05, -0.000120592623716], [4.30317304563e-05, 0.00107260898221, -0.000182746458449, 0.000668377382681, -0.00030149272061, 0.000831974844914, -0.000134191766847, 0.00107211852446, -0.00101571017876, 0.00133248127531, -0.00150276499335, 0.00149492418859, -0.000897804973647], [0.000114946713438, -0.000182746458449, 0.000692155503202, -0.000164167737239, 0.00023771954875, -0.000377543910872, 0.000645781867206, -0.000169122286025, 4.72839346912e-05, 1.68072256201e-05, -0.000402252539061, -0.000112194626126, -0.00016693030193], [-7.10809545126e-05, 0.000668377382681, -0.000164167737239, 0.00246803229675, -0.000840616063215, -7.88346369518e-05, -0.00016328903439, 0.00107116799336, -0.000269007548923, 0.000336800498189, -0.00126488378737, -0.000269723997917, -8.52114681038e-05], [0.000157878501341, -0.00030149272061, 0.00023771954875, -0.000840616063215, 0.00369966356084, -0.00161149050109, -0.000282521999907, -0.000678815238643, -0.000510740908794, 0.00131715263706, -0.00140016339719, 0.000910832313821, -0.000755430955905], [-0.000167535079527, 0.000831974844914, -0.000377543910872, -7.88346369518e-05, -0.00161149050109, 0.00606232881546, -0.00265663815662, -0.00188384170178, 0.0011678742012, -0.00124837865587, 0.000156178342877, 0.00144630344585, 0.000528191798367], [0.000374299066607, -0.000134191766847, 0.000645781867206, -0.00016328903439, -0.000282521999907, -0.00265663815662, 0.00661716423929, -0.00116972764954, -0.0030715118628, 0.00212775636464, 0.000491136801429, -0.000802449183539, -0.00138094031718], [-8.87505884748e-05, 0.00107211852446, -0.000169122286025, 0.00107116799336, -0.000678815238643, -0.00188384170178, -0.00116972764954, 0.0106297004968, -0.00391489220783, -0.00157140812371, 0.000857810897287, -0.000746781937778, -0.000355746858986], [1.35083437272e-05, -0.00101571017876, 4.72839346912e-05, -0.000269007548923, -0.000510740908794, 0.0011678742012, -0.0030715118628, -0.00391489220783, 0.013730885461, -0.00480657350272, -0.0041321143508, 0.00243190652691, -0.0009238786879], [0.000161955380463, 0.00133248127531, 1.68072256201e-05, 0.000336800498189, 0.00131715263706, -0.00124837865587, 0.00212775636464, -0.00157140812371, -0.00480657350272, 0.0161940082908, -0.00615781825036, -0.00129672931507, 0.000410526292399], [-3.41233885592e-06, -0.00150276499335, -0.000402252539061, -0.00126488378737, -0.00140016339719, 0.000156178342877, 0.000491136801429, 0.000857810897287, -0.0041321143508, -0.00615781825036, 0.020531443879, -0.00749028334394, -0.00205153366551], [-2.86717422568e-05, 0.00149492418859, -0.000112194626126, -0.000269723997917, 0.000910832313821, 0.00144630344585, -0.000802449183539, -0.000746781937778, 0.00243190652691, -0.00129672931507, -0.00749028334394, 0.0187605042011, -0.00603946391493], [-0.000120592623716, -0.000897804973647, -0.00016693030193, -8.52114681038e-05, -0.000755430955905, 0.000528191798367, -0.00138094031718, -0.000355746858986, -0.0009238786879, 0.000410526292399, -0.00205153366551, -0.00603946391493, 0.0196658596396]]
    },
    "melbands": {
        "dmean": [0.00537762511522, 0.00412816507742, 0.00153075158596, 0.000947238178924, 0.000286236696411, 0.000150619351189, 9.40055688261e-05, 5.84168737987e-05, 3.3731921576e-05, 4.24271529482e-05, 5.15160718351e-05, 2.87757902697e-05, 2.41525522142e-05, 1.77643560164e-05, 9.89495219983e-06, 1.10363944259e-05, 2.24116356549e-05, 1.30460848595e-05, 1.22089568322e-05, 9.23455991142e-06, 8.82153017301e-06, 7.89713976701e-06, 7.44356793803e-06, 8.1188400145e-06, 9.57886550168e-06, 7.07010758561e-06, 6.31067132417e-06, 7.39320421417e-06, 8.03945295047e-06, 6.74977809467e-06, 4.23837218477e-06, 6.59568922856e-06, 5.64765696254e-06, 3.94429071093e-06, 2.70974192063e-06, 4.79457821712e-06, 3.07657956e-06, 3.28899545821e-06, 1.69593749888e-06, 2.38058260038e-06],
        "dmean2": [0.0066959746182, 0.00678464863449, 0.00251704477705, 0.0015091043897, 0.000434759655036, 0.0002170415828, 0.000126870872919, 9.1025394795e-05, 5.30164288648e-05, 7.30811734684e-05, 9.10097878659e-05, 5.04694144183e-05, 4.36846858065e-05, 3.22446758219e-05, 1.71789542946e-05, 1.97178742383e-05, 4.09465319535e-05, 2.38371521846e-05, 2.28587086895e-05, 1.69935628946e-05, 1.60907966347e-05, 1.44214855027e-05, 1.33550474857e-05, 1.47953896885e-05, 1.76443136297e-05, 1.27882694869e-05, 1.13241158033e-05, 1.35538030008e-05, 1.46521188071e-05, 1.22531428133e-05, 7.53735321268e-06, 1.1880261809e-05, 1.01533714769e-05, 7.06190212441e-06, 4.49326216767e-06, 8.50135256769e-06, 5.55457882001e-06, 5.82217944611e-06, 2.92034815175e-06, 4.21803542849e-06],
        "dvar": [6.84951010044e-05, 3.08233356918e-05, 6.54559335089e-06, 2.93799780593e-06, 2.76659278597e-07, 9.26720034045e-08, 4.63315608101e-08, 2.04036787466e-08, 8.62459526019e-09, 1.40193199272e-08, 2.53821106355e-08, 7.06674541107e-09, 3.50393314363e-09, 2.14923479014e-09, 4.59671772868e-10, 7.36161354098e-10, 4.55135040767e-09, 1.98972283094e-09, 2.04949501814e-09, 7.78534403612e-10, 6.36364017037e-10, 5.60445911901e-10, 4.34125929649e-10, 7.30217053491e-10, 1.42696210403e-09, 3.73262504239e-10, 3.4313393793e-10, 9.89544113317e-10, 1.02281949577e-09, 6.06513950174e-10, 2.15053155839e-10, 4.85250395421e-10, 2.53751714085e-10, 1.7334347846e-10, 7.94032756213e-11, 1.99807767554e-10, 7.93626969697e-11, 9.52785836339e-11, 1.79539109274e-11, 3.42236274042e-11],
        "dvar2": [9.69067114056e-05, 7.86702512414e-05, 1.71893971128e-05, 7.41081430533e-06, 6.2521178279e-07, 1.75494122345e-07, 7.52950981564e-08, 4.59162130539e-08, 1.81846981917e-08, 3.84477303328e-08, 7.02376397044e-08, 1.95070164466e-08, 9.7862278281e-09, 6.06110228674e-09, 1.22404975045e-09, 2.02131289484e-09, 1.26975292503e-08, 5.67863800427e-09, 5.94300519907e-09, 2.21868612371e-09, 1.8020479553e-09, 1.60700641683e-09, 1.23687859954e-09, 2.07930406226e-09, 4.12774658898e-09, 1.03085540104e-09, 9.58093049341e-10, 2.81885692566e-09, 2.88968760032e-09, 1.70357283835e-09, 6.02273619865e-10, 1.35560973558e-09, 6.95501656267e-10, 4.87568152518e-10, 1.95843119499e-10, 5.34884192493e-10, 2.18174131539e-10, 2.61712207461e-10, 4.67467037302e-11, 9.26093784992e-11],
        "max": [0.0873388946056, 0.0680828168988, 0.0256592184305, 0.0244864467531, 0.00805338378996, 0.00869715586305, 0.00606332952157, 0.00266953161918, 0.00300521659665, 0.00145966908894, 0.00177106342744, 0.000965095532592, 0.000566785922274, 0.000762998417486, 0.00023630852229, 0.000328868278302, 0.000784347765148, 0.000506729120389, 0.00050425180234, 0.000298800994642, 0.000421814213041, 0.000463775504613, 0.000217949986109, 0.000308625021717, 0.000475159235066, 0.000205836025998, 0.000199081696337, 0.000431670428952, 0.000374016410206, 0.000300586369121, 0.000194840540644, 0.000327651883708, 0.000151473082951, 0.000150872030645, 0.000114460999612, 0.000135550930281, 8.37116967887e-05, 9.4810326118e-05, 3.69564040739e-05, 5.85364796279e-05],
        "mean": [0.00847740564495, 0.00619489513338, 0.00254886271432, 0.00197783648036, 0.000670521985739, 0.000375917443307, 0.000272429373581, 0.000107021412987, 3.97213661927e-05, 3.79127959604e-05, 4.0281778638e-05, 2.30589066632e-05, 1.79581220436e-05, 1.25355973069e-05, 7.73928150011e-06, 7.84805160947e-06, 1.48608642121e-05, 8.71359952725e-06, 7.76806791691e-06, 6.35213746136e-06, 6.28333282293e-06, 5.83704877499e-06, 5.95463825448e-06, 6.18162357569e-06, 6.94873870088e-06, 5.39528537047e-06, 4.68844518764e-06, 5.48005391465e-06, 5.68866607864e-06, 4.93288098369e-06, 3.54784810952e-06, 4.82450695927e-06, 4.10767415815e-06, 3.24375764649e-06, 2.65577341452e-06, 3.71745227312e-06, 2.50916309597e-06, 2.54111546383e-06, 1.42565295391e-06, 1.76022592768e-06],
        "median": [0.00264184200205, 0.00395586527884, 0.00147036428098, 0.00057921995176, 0.000197626432055, 7.45351062506e-05, 3.28774513036e-05, 8.33924150356e-06, 4.70510849482e-06, 3.87790532841e-06, 3.4275269627e-06, 2.68660846814e-06, 2.11429869523e-06, 1.37623624141e-06, 9.07084142909e-07, 6.95454616562e-07, 6.60444641198e-07, 5.12713029366e-07, 3.96371632405e-07, 3.6055058672e-07, 3.58229186759e-07, 3.03579895444e-07, 3.24598261159e-07, 3.03107015043e-07, 2.11644575643e-07, 1.76064233415e-07, 1.69315811149e-07, 1.4877255694e-07, 1.54071656766e-07, 1.35006899882e-07, 1.0189069144e-07, 1.17097528118e-07, 1.27588421606e-07, 8.47368113455e-08, 5.55593828722e-08, 8.81634321104e-08, 6.12693398239e-08, 6.57557777117e-08, 4.07906028954e-08, 4.68775382956e-08],
        "min": [5.15291307616e-15, 1.4880555174e-15, 4.28017897876e-16, 3.10526037172e-16, 3.85766915086e-16, 5.61699787516e-16, 7.75881862048e-16, 1.73727714796e-16, 4.16988893628e-16, 3.32002822248e-16, 3.66290424785e-16, 8.52916120469e-16, 8.85357905865e-16, 4.37329092838e-16, 4.28001671902e-16, 6.56984429577e-16, 1.23823087878e-15, 2.33946709559e-15, 1.4375320138e-15, 1.77980743987e-15, 1.43337022329e-15, 5.94903108471e-16, 1.12518109708e-15, 6.60885016299e-16, 1.50728665931e-15, 1.1761628455e-15, 2.1813095272e-15, 1.26141226472e-15, 3.72157424964e-16, 1.06503106403e-15, 8.56750109225e-16, 9.15692273288e-16, 1.00196882583e-15, 1.78830625082e-16, 3.26715377893e-16, 5.67926538469e-16, 1.08925535929e-15, 1.18893874933e-15, 1.05652717088e-15, 1.42124177027e-15],
        "var": [0.000196086664801, 4.64314034616e-05, 1.05360613816e-05, 7.93687195255e-06, 1.13072417207e-06, 4.72290622611e-07, 2.83314591343e-07, 9.67722897371e-08, 1.83101445117e-08, 1.08450652903e-08, 1.74852932133e-08, 5.11417574955e-09, 2.26060170583e-09, 1.32212907289e-09, 3.49323403537e-10, 4.90804286102e-10, 2.86465895449e-09, 1.18976728469e-09, 1.15433262948e-09, 4.86973350533e-10, 4.02891470186e-10, 3.57821383634e-10, 3.25742627316e-10, 5.04368491416e-10, 9.3417351632e-10, 2.81117046308e-10, 2.36301644918e-10, 6.37412345128e-10, 6.53022580455e-10, 4.07079925324e-10, 1.66061442375e-10, 3.31281141408e-10, 1.80299636332e-10, 1.34399436025e-10, 8.56711021568e-11, 1.63436639222e-10, 6.75794767369e-11, 7.31667157416e-11, 1.67435214998e-11, 2.60802022339e-11]
    },
    "mfcc": {
        "mean": [-753.096496582, 138.01423645, 59.4853820801, 42.8363952637, 20.3057594299, 17.654920578, 10.8139705658, 8.52174568176, 2.78080654144, 0.801721811295, -0.302109926939, -0.0668947324157, -0.971266210079],
        "cov": [[14782.5341797, -3649.55517578, -2379.97583008, -449.28729248, -557.747192383, -198.556518555, -239.8515625, -111.453224182, -211.43270874, -145.253814697, -267.551177979, -264.302124023, -233.097686768], [-3649.55517578, 4117.93261719, 1149.24975586, 47.0857086182, 58.0554046631, -312.205108643, -345.747131348, -319.91607666, -214.344818115, -220.209335327, -138.594573975, -67.4429550171, -34.1367263794], [-2379.97583008, 1149.24975586, 1662.1307373, 205.904006958, 135.84703064, -86.7077255249, -104.877227783, -167.169036865, -134.180526733, -115.04322052, -39.2015571594, -33.5422515869, 21.5034370422], [-449.28729248, 47.0857086182, 205.904006958, 437.006500244, 140.097549438, 67.6371994019, 11.0836677551, -1.80075883865, -35.0063819885, -30.8550052643, -18.2817993164, 23.8608341217, 37.198184967], [-557.747192383, 58.0554046631, 135.84703064, 140.097549438, 295.389007568, 102.597099304, 85.462677002, 46.6718063354, 40.8868751526, 38.7895278931, 48.2045059204, 52.4870910645, 28.6606788635], [-198.556518555, -312.205108643, -86.7077255249, 67.6371994019, 102.597099304, 259.564910889, 174.41746521, 134.225128174, 98.3753356934, 87.5859680176, 71.739906311, 60.1886062622, 29.2972621918], [-239.8515625, -345.747131348, -104.877227783, 11.0836677551, 85.462677002, 174.41746521, 243.107086182, 174.221801758, 132.233612061, 105.292266846, 82.8870315552, 58.8805541992, 33.0269584656], [-111.453224182, -319.91607666, -167.169036865, -1.80075883865, 46.6718063354, 134.225128174, 174.221801758, 233.221832275, 152.326171875, 110.677749634, 83.6414871216, 64.9770278931, 35.1191978455], [-211.43270874, -214.344818115, -134.180526733, -35.0063819885, 40.8868751526, 98.3753356934, 132.233612061, 152.326171875, 179.051956177, 131.519943237, 86.7902450562, 55.9759559631, 33.9792366028], [-145.253814697, -220.209335327, -115.04322052, -30.8550052643, 38.7895278931, 87.5859680176, 105.292266846, 110.677749634, 131.519943237, 170.854751587, 103.231147766, 61.4722900391, 29.7962989807], [-267.551177979, -138.594573975, -39.2015571594, -18.2817993164, 48.2045059204, 71.739906311, 82.8870315552, 83.6414871216, 86.7902450562, 103.231147766, 123.571083069, 76.0968170166, 35.7607650757], [-264.302124023, -67.4429550171, -33.5422515869, 23.8608341217, 52.4870910645, 60.1886062622, 58.8805541992, 64.9770278931, 55.9759559631, 61.4722900391, 76.0968170166, 104.399398804, 57.743270874], [-233.097686768, -34.1367263794, 21.5034370422, 37.198184967, 28.6606788635, 29.2972621918, 33.0269584656, 35.1191978455, 33.9792366028, 29.7962989807, 35.7607650757, 57.743270874, 88.9409637451]],
