{
"lowlevel": {
    "average_loudness": 0.797553241253,
    "barkbands_crest": {
        "dmean": 2.38016891479,
        "dmean2": 3.44593429565,
        "dvar": 6.88227653503,
        "dvar2": 11.8581113815,
        "max": 26.9218940735,
        "mean": 16.3324890137,
        "median": 15.6739740372,
        "min": 2.41458320618,
        "var": 39.2379150391
    },
    "barkbands_flatness_db": {
        "dmean": 0.0278328508139,
        "dmean2": 0.0375022031367,
        "dvar": 0.000835395418108,
        "dvar2": 0.00144093029667,
        "max": 0.730922102928,
        "mean": 0.186791613698,
        "median": 0.163274601102,
        "min": 0.0277909580618,
        "var": 0.0116697037593
    },
    "barkbands_kurtosis": {
        "dmean": 30.3317985535,
        "dmean2": 40.1349487305,
        "dvar": 27016.8535156,
        "dvar2": 34093.9765625,
        "max": 12135.3066406,
        "mean": 285.456115723,
        "median": 9.20569992065,
        "min": -1.88979256153,
        "var": 2685737
    },
    "barkbands_skewness": {
        "dmean": 1.15159809589,
        "dmean2": 1.5427185297,
        "dvar": 4.5694565773,
        "dvar2": 5.75377225876,
        "max": 105.718505859,
        "mean": 6.18124866486,
        "median": 2.86091351509,
        "min": -4.85571479797,
        "var": 219.33883667
    },
    "barkbands_spread": {
        "dmean": 7.77719020844,
        "dmean2": 11.5579166412,
        "dvar": 129.456039429,
        "dvar2": 290.383148193,
        "max": 107.91242218,
        "mean": 18.6612415314,
        "median": 13.4255714417,
        "min": 0.0356693826616,
        "var": 304.903320312
    },
    "dissonance": {
        "dmean": 0.0159289948642,
        "dmean2": 0.0258418209851,
        "dvar": 0.000280014559394,
        "dvar2": 0.000628257927019,
        "max": 0.500000119209,
        "mean": 0.464359551668,
        "median": 0.46992534399,
        "min": 0.305436730385,
        "var": 0.000898959406186
    },
    "dynamic_complexity": 2.2372276783,
    "erbbands_crest": {
        "dmean": 2.125395298,
        "dmean2": 3.17472934723,
        "dvar": 4.68591356277,
        "dvar2": 9.14186000824,
        "max": 27.2655067444,
        "mean": 8.56760787964,
        "median": 7.24859762192,
        "min": 2.02921915054,
        "var": 21.0406303406
    },
    "erbbands_flatness_db": {
        "dmean": 0.0126672023907,
        "dmean2": 0.0184994991869,
        "dvar": 0.000192927851458,
        "dvar2": 0.000389953318518,
        "max": 0.326550126076,
        "mean": 0.111404716969,
        "median": 0.105214260519,
        "min": 0.0366604067385,
        "var": 0.00126428203657
    },
    "erbbands_kurtosis": {
        "dmean": 0.628038823605,
        "dmean2": 0.904175400734,
        "dvar": 1.40651464462,
        "dvar2": 2.34284448624,
        "max": 103.81955719,
        "mean": -0.108604982495,
        "median": -0.644487142563,
        "min": -1.83280050755,
        "var": 7.28145599365
    },
    "erbbands_skewness": {
        "dmean": 0.32518067956,
        "dmean2": 0.461191356182,
        "dvar": 0.119849570096,
        "dvar2": 0.242179244757,
        "max": 9.06634140015,
        "mean": 0.392666488886,
        "median": 0.411513209343,
        "min": -4.35466051102,
        "var": 0.594449102879
    },
    "erbbands_spread": {
        "dmean": 11.2858409882,
        "dmean2": 16.200717926,
        "dvar": 165.915664673,
        "dvar2": 347.778076172,
        "max": 189.826629639,
        "mean": 66.255355835,
        "median": 59.3954429626,
        "min": 4.02865505219,
        "var": 954.140625
    },
    "hfc": {
        "dmean": 17.4593105316,
        "dmean2": 24.8174114227,
        "dvar": 906.400390625,
        "dvar2": 1944.4029541,
        "max": 550.590026855,
        "mean": 29.5260334015,
        "median": 15.7261104584,
        "min": 1.21170260096e-16,
        "var": 1389.63122559
    },
    "melbands_crest": {
        "dmean": 2.78456330299,
        "dmean2": 4.16891384125,
        "dvar": 8.27220916748,
        "dvar2": 16.0486660004,
        "max": 39.997718811,
        "mean": 20.9380931854,
        "median": 21.1937217712,
        "min": 2.46564102173,
        "var": 46.8398323059
    },
    "melbands_flatness_db": {
        "dmean": 0.0330384410918,
        "dmean2": 0.0439129844308,
        "dvar": 0.00128102942836,
        "dvar2": 0.00210619554855,
        "max": 0.724002480507,
        "mean": 0.27429780364,
        "median": 0.254860043526,
        "min": 0.00617115013301,
        "var": 0.01286301855
    },
    "melbands_kurtosis": {
        "dmean": 48.7986946106,
        "dmean2": 73.6954040527,
        "dvar": 90701.9765625,
        "dvar2": 159257.0625,
        "max": 25882.0917969,
        "mean": 543.214355469,
        "median": 32.5002670288,
        "min": -1.4803403616,
        "var": 10801497
    },
    "melbands_skewness": {
        "dmean": 1.29947841167,
        "dmean2": 1.80186235905,
        "dvar": 4.5955619812,
        "dvar2": 8.09484767914,
        "max": 155.890823364,
        "mean": 8.74387836456,
        "median": 4.83066558838,
        "min": -2.17468166351,
        "var": 412.664825439
    },
    "melbands_spread": {
        "dmean": 4.15790987015,
        "dmean2": 6.22719669342,
        "dvar": 65.3209609985,
        "dvar2": 144.296554565,
        "max": 241.98034668,
        "mean": 11.7598819733,
        "median": 8.48959732056,
        "min": 0.0361405648291,
        "var": 189.4322052
    },
    "pitch_salience": {
        "dmean": 0.0721374303102,
        "dmean2": 0.102396301925,
        "dvar": 0.00614635180682,
        "dvar2": 0.00967328064144,
        "max": 0.879751801491,
        "mean": 0.373674184084,
        "median": 0.398123413324,
        "min": 0.000795579515398,
        "var": 0.0316347330809
    },
    "silence_rate_20dB": {
        "dmean": 0.00872689951211,
        "dmean2": 0.0174552928656,
        "dvar": 0.00865087192506,
        "dvar2": 0.0198891516775,
        "max": 1,
        "mean": 0.991188287735,
        "median": 1,
        "min": 0,
        "var": 0.00873273611069
    },
    "silence_rate_30dB": {
        "dmean": 0.0946269705892,
        "dmean2": 0.189184561372,
        "dvar": 0.0856794118881,
        "dvar2": 0.17272053659,
        "max": 1,
        "mean": 0.688425004482,
        "median": 1,
        "min": 0,
        "var": 0.214491829276
    },
    "silence_rate_60dB": {
        "dmean": 0.00598904863,
        "dmean2": 0.0118935573846,
        "dvar": 0.00595179572701,
        "dvar2": 0.0119264079258,
        "max": 1,
        "mean": 0.0395243391395,
        "median": 0,
        "min": 0,
        "var": 0.0379569381475
    },
    "spectral_centroid": {
        "dmean": 252.156661987,
        "dmean2": 372.248046875,
        "dvar": 130208.382812,
        "dvar2": 236490.09375,
        "max": 10771.7148438,
        "mean": 1226.21264648,
        "median": 1032.72790527,
        "min": 72.9705886841,
        "var": 647640.875
    },
    "spectral_complexity": {
        "dmean": 4.18771409988,
        "dmean2": 6.12013339996,
        "dvar": 29.532075882,
        "dvar2": 50.7401657104,
        "max": 62,
        "mean": 15.9763021469,
        "median": 15,
        "min": 0,
        "var": 79.957862854
    },
    "spectral_decrease": {
        "dmean": 6.89898227435e-09,
        "dmean2": 9.36251165484e-09,
        "dvar": 8.22998784423e-17,
        "dvar2": 1.87249206136e-16,
        "max": 2.50624649087e-29,
        "mean": -2.0397035172e-08,
        "median": -1.25043415622e-08,
        "min": -1.55792378109e-07,
        "var": 3.86558732073e-16
    },
    "spectral_energy": {
        "dmean": 0.0269180312753,
        "dmean2": 0.0368293002248,
        "dvar": 0.00122045865282,
        "dvar2": 0.00274214101955,
        "max": 0.591428101063,
        "mean": 0.0796610489488,
        "median": 0.0498577915132,
        "min": 1.08959130264e-20,
        "var": 0.00568652618676
    },
    "spectral_energyband_high": {
        "dmean": 0.00166282220744,
        "dmean2": 0.00236926856451,
        "dvar": 1.05375611383e-05,
        "dvar2": 2.23122460739e-05,
        "max": 0.0698740705848,
        "mean": 0.00222025229596,
        "median": 0.000512311526109,
        "min": 7.12888889602e-21,
        "var": 1.60947838594e-05
    },
    "spectral_energyband_low": {
        "dmean": 0.0247987508774,
        "dmean2": 0.0340671464801,
        "dvar": 0.00132620765362,
        "dvar2": 0.00283662090078,
        "max": 0.590818345547,
        "mean": 0.065922178328,
        "median": 0.0323688238859,
        "min": 7.16788932089e-23,
        "var": 0.00552492309362
    },
    "spectral_energyband_middle_high": {
        "dmean": 0.00104805524461,
        "dmean2": 0.00148953578901,
        "dvar": 3.46612978319e-06,
        "dvar2": 7.09536243448e-06,
        "max": 0.0279121808708,
        "mean": 0.00216293428093,
        "median": 0.00142826931551,
        "min": 1.69061994813e-21,
        "var": 6.37580069451e-06
    },
    "spectral_energyband_middle_low": {
        "dmean": 0.00728525966406,
        "dmean2": 0.0116608375683,
        "dvar": 0.000298864819342,
        "dvar2": 0.000695520546287,
        "max": 0.246083214879,
        "mean": 0.0110259922221,
        "median": 0.00671229418367,
        "min": 5.148558127e-22,
        "var": 0.000271754455753
    },
    "spectral_entropy": {
        "dmean": 0.204036846757,
        "dmean2": 0.291631758213,
        "dvar": 0.0545449964702,
        "dvar2": 0.110664218664,
        "max": 9.79757785797,
        "mean": 7.70404863358,
        "median": 7.6930975914,
        "min": 5.14328479767,
        "var": 0.260404378176
    },
    "spectral_flux": {
        "dmean": 0.044149979949,
        "dmean2": 0.065171584487,
        "dvar": 0.00260842568241,
        "dvar2": 0.00428995396942,
        "max": 0.641061127186,
        "mean": 0.109945364296,
        "median": 0.0764895230532,
        "min": 1.04383487964e-10,
        "var": 0.00848974101245
    },
    "spectral_kurtosis": {
        "dmean": 0.964149236679,
        "dmean2": 1.5143238306,
        "dvar": 1.68875026703,
        "dvar2": 3.99254608154,
        "max": 23.1609477997,
        "mean": 2.68642950058,
        "median": 2.1029624939,
        "min": -1.16486203671,
        "var": 6.3471198082
    },
    "spectral_rms": {
        "dmean": 0.00140631909017,
        "dmean2": 0.00191078276839,
        "dvar": 2.4995053991e-06,
        "dvar2": 4.61339368485e-06,
        "max": 0.0240208860487,
        "mean": 0.007842855528,
        "median": 0.00697436369956,
        "min": 3.26039260694e-12,
        "var": 1.62082651514e-05
    },
    "spectral_rolloff": {
        "dmean": 599.038024902,
        "dmean2": 1029.42199707,
        "dvar": 2632815.5,
        "dvar2": 6543743,
        "max": 19552.1484375,
        "mean": 915.394226074,
        "median": 322.998046875,
        "min": 21.533203125,
        "var": 3473493.75
    },
    "spectral_skewness": {
        "dmean": 0.177865803242,
        "dmean2": 0.261482983828,
        "dvar": 0.0477453321218,
        "dvar2": 0.0975919738412,
        "max": 3.94040441513,
        "mean": 1.35077154636,
        "median": 1.29534029961,
        "min": 0.0298859514296,
        "var": 0.224401175976
    },
    "spectral_spread": {
        "dmean": 759272.8125,
        "dmean2": 1085627.75,
        "dvar": 1.2260156375e+12,
        "dvar2": 2.46380075418e+12,
        "max": 40379144,
        "mean": 6557666,
        "median": 6430703,
        "min": 2375961.75,
        "var": 4.13014399386e+12
    },
    "spectral_strongpeak": {
        "dmean": 0.222021088004,
        "dmean2": 0.358682066202,
        "dvar": 0.12343211472,
        "dvar2": 0.297441452742,
        "max": 9.687251091,
        "mean": 0.665003716946,
        "median": 0.592120051384,
        "min": 0,
        "var": 0.222367167473
    },
    "zerocrossingrate": {
        "dmean": 0.0134886857122,
        "dmean2": 0.0155529296026,
        "dvar": 0.0003105958167,
        "dvar2": 0.000391471839976,
        "max": 0.4951171875,
        "mean": 0.0476665496826,
        "median": 0.03125,
        "min": 0,
        "var": 0.00217683776282
    },
    "barkbands": {
        "dmean": [0.000481554976432, 0.0223477110267, 0.00812724139541, 0.00333633855917, 0.00382166635245, 0.000967015570495, 0.000382777361665, 0.000279995845631, 0.000722672324628, 0.000234369275859, 0.000177010224434, 0.000221687660087, 0.000172196945641, 0.000148664024891, 0.000131063949084, 0.000128080777358, 9.48947563302e-05, 0.00011329373956, 0.000134017478558, 0.000159007933689, 0.000162709417054, 0.000261662207777, 0.000303173961584, 0.000383453414543, 0.000230636680499, 0.000281847867882, 1.28479205159e-05],
        "dmean2": [0.000748808961362, 0.0319181568921, 0.0127485552803, 0.0059680598788, 0.00681929523125, 0.00167525641154, 0.000513977895025, 0.000379060395062, 0.000958118878771, 0.00035578769166, 0.00027318240609, 0.000350869639078, 0.000278105406323, 0.000244993658271, 0.000212065890082, 0.000206968485145, 0.000149178187712, 0.000181414419785, 0.000207349701668, 0.000234532752074, 0.000237534302869, 0.000390533707105, 0.000434696790762, 0.000555125938263, 0.000327532441588, 0.00045428366866, 2.14462088479e-05],
        "dvar": [7.29580563075e-07, 0.00134900549892, 0.000425331643783, 0.000119135867862, 0.000141220298246, 3.33832872457e-06, 1.04926664335e-06, 4.50941968211e-07, 2.80130097963e-06, 2.18004544195e-07, 7.09924279363e-08, 1.42336119779e-07, 1.41509033824e-07, 7.34997982477e-08, 8.61272511088e-08, 9.65663105035e-08, 4.90428675448e-08, 7.53295879008e-08, 1.35129226919e-07, 1.38144812922e-07, 1.39822972756e-07, 3.42105352047e-07, 4.24182701408e-07, 7.35567880383e-07, 2.27713684353e-07, 5.7188287883e-07, 1.14842402255e-09],
        "dvar2": [2.13951602746e-06, 0.00313075864688, 0.00103354791645, 0.000324709428241, 0.000394791451981, 9.71801182459e-06, 1.69804638972e-06, 7.10670690296e-07, 4.86600356453e-06, 4.92732510793e-07, 1.58514211535e-07, 3.26008972706e-07, 3.30034168883e-07, 1.7267635144e-07, 1.82738787657e-07, 2.05554002264e-07, 1.04365426523e-07, 1.65954816111e-07, 3.00572480683e-07, 2.80485494386e-07, 2.68986241281e-07, 7.18043395409e-07, 9.43144470966e-07, 1.64062828389e-06, 4.86931241994e-07, 1.44719149375e-06, 3.05189229444e-09],
        "max": [0.0114828990772, 0.587364375591, 0.306996673346, 0.139673560858, 0.129332140088, 0.030650537461, 0.0381923951209, 0.019281109795, 0.0287694912404, 0.00680389720947, 0.00399878714234, 0.00520803499967, 0.00833828561008, 0.00460534309968, 0.00543775735423, 0.00600051647052, 0.00627894327044, 0.0050113722682, 0.00789959728718, 0.00760536361486, 0.00830619595945, 0.0167610775679, 0.0169298201799, 0.0155544402078, 0.00682873185724, 0.00633328268304, 0.000312802731059],
        "mean": [0.000877538463101, 0.0526792779565, 0.0107292551547, 0.00264482852072, 0.00355145148933, 0.00179640890565, 0.000975079659838, 0.000578472274356, 0.00139056530315, 0.000330535171088, 0.000232105492614, 0.000284368783468, 0.000215512074647, 0.000193396379473, 0.000198210283997, 0.000196007706109, 0.000133175301016, 0.000163055781741, 0.000194098218344, 0.000260868051555, 0.000243514034082, 0.000364719453501, 0.000406748178648, 0.00047993552289, 0.000283190049231, 0.000247991003562, 1.10934770419e-05],
        "median": [0.000364913837984, 0.0204344689846, 0.00488838646561, 0.000652352173347, 0.00131118099671, 0.000973023066763, 0.000391586159822, 0.00027206496452, 0.000593725126237, 0.000107918865979, 0.000110336644866, 0.00012632846483, 8.55068064993e-05, 0.000107274972834, 9.79666801868e-05, 9.75525108515e-05, 7.10023305146e-05, 8.43890884425e-05, 9.71266345005e-05, 0.000116050898214, 9.38836092246e-05, 0.000101733297925, 8.44218666316e-05, 7.18421651982e-05, 3.64628358511e-05, 1.43785664477e-05, 1.64625237176e-06],
        "min": [8.93597809835e-24, 1.32690821879e-23, 4.68187117091e-23, 9.67917026805e-24, 5.75246838418e-23, 9.46723963041e-23, 8.35799391259e-23, 1.39712655812e-22, 1.22336650156e-22, 4.16337940364e-23, 1.10385508416e-22, 9.7154430391e-23, 1.04660157914e-22, 1.14293689424e-22, 1.45945994872e-22, 1.50686745989e-22, 1.84083734081e-22, 2.57232167871e-22, 2.65781804497e-22, 4.75541812461e-22, 3.63639179374e-22, 4.55313399367e-22, 7.56347668535e-22, 5.16144546362e-22, 1.14486118473e-21, 1.78954123762e-21, 2.13851452089e-21],
        "var": [1.53852749918e-06, 0.00478348135948, 0.00039484348963, 7.70247715991e-05, 8.69670257089e-05, 6.97364976077e-06, 4.65439779873e-06, 1.59488297413e-06, 6.86531393512e-06, 3.7316488033e-07, 1.14675671625e-07, 2.16260701791e-07, 1.86676274438e-07, 1.0031276787e-07, 1.61687154332e-07, 1.77286437975e-07, 6.82816789777e-08, 9.82613812539e-08, 1.60324120202e-07, 2.37584885099e-07, 2.29076050573e-07, 5.30102909124e-07, 6.1756412606e-07, 9.8912141766e-07, 3.26866512523e-07, 4.80643450373e-07, 8.70791438956e-10]
    },
    "erbbands": {
        "dmean": [0.709251582623, 4.94653987885, 8.18399333954, 10.3537607193, 11.562207222, 14.4126710892, 9.45215129852, 6.78456735611, 4.50528764725, 7.0663228035, 9.06560325623, 13.2777357101, 10.8135681152, 7.35864925385, 7.04415988922, 8.24081420898, 8.51240921021, 7.09287023544, 6.8406701088, 6.74963569641, 6.928855896, 6.00424194336, 5.93763589859, 6.0701546669, 6.43584775925, 8.10707473755, 7.70992279053, 6.81179618835, 9.04060745239, 9.86451625824, 8.1357831955, 9.51131629944, 5.15060901642, 3.00412607193, 1.88131785393, 1.45795285702, 0.334982991219, 0.0264560487121, 0.00180331279989, 0.000231093305047],
        "dmean2": [0.973446130753, 7.07432746887, 11.962433815, 17.1913642883, 20.7086467743, 25.8259277344, 16.6400356293, 11.4162273407, 6.29776287079, 9.21488380432, 11.6900405884, 17.8505516052, 15.7032442093, 10.4160232544, 11.016907692, 13.0861663818, 13.7307653427, 11.662946701, 11.0163393021, 10.7467184067, 11.0779876709, 9.52166843414, 9.48603057861, 9.43323421478, 9.65409755707, 11.9195289612, 11.2616033554, 9.96662998199, 13.5727214813, 13.8781576157, 11.9370250702, 14.4232854843, 7.17583370209, 4.27563905716, 2.81115198135, 2.26572823524, 0.563302218914, 0.0428904928267, 0.00291855772957, 0.00039718777407],
        "dvar": [1.3016679287, 76.1011352539, 347.127716064, 867.666809082, 1580.23803711, 1916.01477051, 367.791442871, 183.963165283, 207.01739502, 228.3331604, 543.273681641, 1107.85546875, 753.374755859, 173.084320068, 119.325569153, 238.186187744, 328.462341309, 163.448806763, 230.816665649, 202.986328125, 252.19229126, 174.673751831, 218.177215576, 286.382629395, 295.193634033, 372.332824707, 300.854736328, 308.865692139, 435.046295166, 493.43270874, 304.802307129, 516.218444824, 112.923454285, 40.8987312317, 13.5211772919, 12.9945640564, 0.851287424564, 0.00383202452213, 1.94615240616e-05, 4.29339337416e-07],
        "dvar2": [2.89886474609, 172.822662354, 693.700439453, 2238.12573242, 4343.45800781, 5498.74316406, 1050.09020996, 502.812957764, 359.355743408, 356.881011963, 918.30847168, 1903.90795898, 1497.88635254, 328.73916626, 276.211334229, 562.938781738, 766.47076416, 369.787872314, 478.593475342, 427.817016602, 527.960388184, 377.320007324, 487.917297363, 604.754516602, 645.495666504, 787.28338623, 616.119689941, 659.999938965, 896.632385254, 1081.0567627, 684.023071289, 1213.87597656, 226.311203003, 86.6620788574, 31.5249118805, 31.9446182251, 2.32059860229, 0.00999849941581, 5.01372269355e-05, 1.18090781598e-06],
        "max": [18.2691764832, 138.340240479, 263.656921387, 411.016601562, 581.023376465, 415.701721191, 251.479064941, 322.677093506, 548.039306641, 509.450256348, 509.156005859, 709.530517578, 498.873931885, 229.23890686, 164.710037231, 244.411392212, 456.120880127, 209.50579834, 335.731719971, 335.145050049, 371.484466553, 277.01965332, 283.206054688, 488.350036621, 357.821868896, 433.852966309, 356.761657715, 364.117919922, 658.916320801, 568.823852539, 438.077850342, 438.38092041, 199.022506714, 95.0745391846, 51.1575088501, 32.0203666687, 7.82307958603, 0.837067186832, 0.0562646277249, 0.00575515720993],
        "mean": [1.68132650852, 11.1740322113, 13.2813262939, 11.769068718, 8.92679309845, 13.783370018, 13.1873207092, 13.9186906815, 12.1670026779, 16.8400440216, 19.4518508911, 25.5365409851, 16.3047161102, 11.6251039505, 9.83798980713, 10.6678886414, 11.3347120285, 9.49925231934, 10.3028011322, 10.4281101227, 10.3126688004, 8.89258575439, 8.59861660004, 9.51028442383, 9.66211128235, 12.0538339615, 12.1275129318, 9.36750030518, 12.3116645813, 13.8288764954, 10.7476844788, 11.031586647, 7.04393768311, 3.75887417793, 2.05603384972, 1.37102007866, 0.28135997057, 0.0242621656507, 0.00171916058753, 0.000246724608587],
        "median": [0.755914390087, 3.99014210701, 6.73585176468, 4.87530374527, 2.13558983803, 5.86382436752, 6.97489452362, 7.55543756485, 5.15590000153, 8.24149894714, 9.33484649658, 10.5249452591, 6.35933160782, 4.77525043488, 4.96924209595, 4.94232702255, 5.11929321289, 5.18766069412, 5.08018064499, 5.47394323349, 5.20913028717, 5.15619421005, 4.63172054291, 5.02982807159, 4.93762207031, 5.17195129395, 4.77609634399, 3.36153149605, 3.45346140862, 2.90896940231, 2.20762991905, 1.79387128353, 0.986395597458, 0.480979889631, 0.25363945961, 0.0928571671247, 0.0199403762817, 0.00273709092289, 0.000337922014296, 0.000100232886325],
        "min": [4.83947661832e-22, 3.90648888196e-21, 4.60913502991e-20, 4.82335897581e-20, 1.51042197575e-19, 1.82221646317e-19, 1.53418545303e-19, 1.04156949051e-18, 1.20053437229e-18, 2.05200348917e-18, 3.3483592908e-18, 2.82925816829e-18, 1.20965135021e-18, 2.7770986404e-18, 3.95557189896e-18, 4.34727914214e-18, 4.05773573565e-18, 5.80471596035e-18, 7.70547940069e-18, 8.44865899486e-18, 6.1780353921e-18, 1.06543054925e-17, 1.37744340718e-17, 1.39543632258e-17, 1.51207739163e-17, 2.15942910445e-17, 1.70258734374e-17, 1.40519788099e-17, 1.43387987242e-17, 1.70118874676e-17, 2.19621068301e-17, 1.47042686256e-17, 8.79415083002e-18, 1.19238399628e-17, 8.29922550848e-18, 6.21627512464e-18, 3.5142098308e-18, 1.18924408071e-18, 2.80605332226e-19, 3.38143291853e-20],
        "var": [4.95149326324, 232.969711304, 473.570678711, 687.087036133, 996.640075684, 1134.55407715, 358.918334961, 497.408538818, 804.10925293, 828.054931641, 1482.83422852, 2949.41455078, 1237.15966797, 414.765838623, 195.383743286, 328.009124756, 446.831512451, 230.173110962, 423.921630859, 369.95401001, 452.365997314, 249.856933594, 268.018554688, 368.875152588, 386.485198975, 566.802856445, 485.008514404, 425.383728027, 671.411437988, 762.496704102, 436.210205078, 574.243469238, 194.899353027, 59.667388916, 16.0981273651, 12.1351966858, 0.609977006912, 0.00317677971907, 1.63734111993e-05, 2.94473807116e-07]
    },
    "gfcc": {
        "mean": [1.73422777653, 74.8955078125, -76.8203353882, 47.7736587524, -51.3619270325, 26.9011650085, -28.1049098969, 15.8124074936, -15.289264679, 8.80571842194, -11.5265083313, 1.85867249966, -8.86914730072],
        "cov": [[26649.2382812, 1676.27258301, -708.628051758, 202.571716309, -1546.03442383, -23.9020786285, -989.02154541, 49.0997390747, -609.92175293, -151.37600708, -737.880126953, -228.690338135, -439.095306396], [1676.27258301, 2080.36914062, -109.199378967, -47.7699890137, 152.745178223, -290.652069092, 28.8499698639, -139.265472412, 136.228561401, -131.106063843, 60.1701698303, -124.152130127, 110.621589661], [-708.628051758, -109.199378967, 753.744689941, 113.718963623, 207.380111694, 122.761451721, 129.946289062, 68.0637054443, 75.6356964111, 70.5785064697, 58.0527992249, 64.8039245605, 37.1192398071], [202.571716309, -47.7699890137, 113.718963623, 255.243988037, 64.2356033325, 64.2436141968, 31.7876319885, 27.3578643799, 31.4911117554, 40.742313385, 71.1906433105, 41.6718788147, 44.4652786255], [-1546.03442383, 152.745178223, 207.380111694, 64.2356033325, 422.108520508, 54.016494751, 171.644973755, 7.4461889267, 94.9323043823, 17.4394683838, 119.556747437, 51.951915741, 82.4625396729], [-23.9020786285, -290.652069092, 122.761451721, 64.2436141968, 54.016494751, 201.002883911, 77.3789215088, 55.7308921814, -17.8108196259, 31.7107391357, 19.9338626862, 42.1736106873, 13.6705141068], [-989.02154541, 28.8499698639, 129.946289062, 31.7876319885, 171.644973755, 77.3789215088, 177.84173584, 55.8266487122, 61.1658058167, 7.8151268959, 55.5058441162, 20.7472305298, 51.6204071045], [49.0997390747, -139.265472412, 68.0637054443, 27.3578643799, 7.4461889267, 55.7308921814, 55.8266487122, 113.705947876, 39.4285621643, 27.2494525909, -13.2691297531, 3.07095813751, -13.1103973389], [-609.92175293, 136.228561401, 75.6356964111, 31.4911117554, 94.9323043823, -17.8108196259, 61.1658058167, 39.4285621643, 116.586158752, 40.6109352112, 47.5873718262, -3.27774715424, 26.1786899567], [-151.37600708, -131.106063843, 70.5785064697, 40.742313385, 17.4394683838, 31.7107391357, 7.8151268959, 27.2494525909, 40.6109352112, 82.5412445068, 49.5296287537, 25.7427406311, -2.66241025925], [-737.880126953, 60.1701698303, 58.0527992249, 71.1906433105, 119.556747437, 19.9338626862, 55.5058441162, -13.2691297531, 47.5873718262, 49.5296287537, 149.523773193, 71.1832199097, 52.4939422607], [-228.690338135, -124.152130127, 64.8039245605, 41.6718788147, 51.951915741, 42.1736106873, 20.7472305298, 3.07095813751, -3.27774715424, 25.7427406311, 71.1832199097, 99.0768280029, 49.0221366882], [-439.095306396, 110.621589661, 37.1192398071, 44.4652786255, 82.4625396729, 13.6705141068, 51.6204071045, -13.1103973389, 26.1786899567, -2.66241025925, 52.4939422607, 49.0221366882, 109.656677246]],
        "icov": [[0.000121006014524, -0.000354227580829, 6.23393571004e-05, -0.000308448856231, 0.000132304179715, -0.00032501653186, 0.000408617546782, -0.000423519988544, 0.00065146619454, -0.000616802775767, 0.000780469505116, -0.000651472655591, 0.000391012232285], [-0.000354227580829, 0.00204437994398, -0.000339496356901, 0.000996435876004, -0.00036850059405, 0.00160112709273, -0.000821883848403, 0.00159431400243, -0.00307222222909, 0.00390382902697, -0.00376399909146, 0.00386452698149, -0.00221244827844], [6.23393571004e-05, -0.000339496356901, 0.00198110681958, -0.000740050221793, -0.000566675502341, -0.000634919328149, -0.000748642429244, 0.000244683440542, -0.000223074821406, -0.00193497654982, 0.0022590092849, -0.0021746691782, 0.00100560160354], [-0.000308448856231, 0.000996435876004, -0.000740050221793, 0.00635176338255, -0.000503399875015, -0.000772541156039, 0.0014699138701, -0.00107523379847, -0.00167283520568, 0.00194119056687, -0.00546580320224, 0.00378673756495, -0.00354088563472], [0.000132304179715, -0.00036850059405, -0.000566675502341, -0.000503399875015, 0.00555654009804, -0.000814759521745, -0.00350213213824, 0.00230694934726, -0.00239710556343, 0.0012839611154, -0.000659512181301, -0.0018614808796, 0.000896257464774], [-0.00032501653186, 0.00160112709273, -0.000634919328149, -0.000772541156039, -0.000814759521745, 0.0117746675387, -0.00628462946042, -0.00145881995559, 0.00515754707158, -0.00278606987558, -0.00105586578138, 0.0013429839164, -0.00185348989908], [0.000408617546782, -0.000821883848403, -0.000748642429244, 0.0014699138701, -0.00350213213824, -0.00628462946042, 0.0197789333761, -0.00973478052765, -0.000875849626027, 0.00565407145768, -0.00491126440465, 0.00461443606764, -0.00430034380406], [-0.000423519988544, 0.00159431400243, 0.000244683440542, -0.00107523379847, 0.00230694934726, -0.00145881995559, -0.00973478052765, 0.022120822221, -0.0121860187501, -0.000237272630329, 0.00633997097611, -0.00526743289083, 0.00494654756039], [0.00065146619454, -0.00307222222909, -0.000223074821406, -0.00167283520568, -0.00239710556343, 0.00515754707158, -0.000875849626027, -0.0121860187501, 0.0298614799976, -0.0167985167354, 0.000921620405279, 0.00450675981119, -0.0034159605857], [-0.000616802775767, 0.00390382902697, -0.00193497654982, 0.00194119056687, 0.0012839611154, -0.00278606987558, 0.00565407145768, -0.000237272630329, -0.0167985167354, 0.0347087830305, -0.0163615513593, 0.00517556024715, 0.000523414288182], [0.000780469505116, -0.00376399909146, 0.0022590092849, -0.00546580320224, -0.000659512181301, -0.00105586578138, -0.00491126440465, 0.00633997097611, 0.000921620405279, -0.0163615513593, 0.0294634141028, -0.0205983351916, 0.00655830418691], [-0.000651472655591, 0.00386452698149, -0.0021746691782, 0.00378673756495, -0.0018614808796, 0.0013429839164, 0.00461443606764, -0.00526743289083, 0.00450675981119, 0.00517556024715, -0.0205983351916, 0.0339619666338, -0.0151484701782], [0.000391012232285, -0.00221244827844, 0.00100560160354, -0.00354088563472, 0.000896257464774, -0.00185348989908, -0.00430034380406, 0.00494654756039, -0.0034159605857, 0.000523414288182, 0.00655830418691, -0.0151484701782, 0.0206460822374]]
    },
    "melbands": {
        "dmean": [0.00628652377054, 0.00442704604939, 0.00169852131512, 0.000941900070757, 0.000384434824809, 0.000157941380166, 7.20573007129e-05, 7.33667839086e-05, 9.06319910428e-05, 8.56025799294e-05, 5.36556763109e-05, 3.03299384541e-05, 2.43774120463e-05, 2.30788209592e-05, 2.49676613748e-05, 1.56855603564e-05, 1.33487628773e-05, 1.15870880109e-05, 1.04060309241e-05, 7.6061173786e-06, 8.74136458151e-06, 6.50320225759e-06, 5.79539300816e-06, 5.21099309481e-06, 5.06317383042e-06, 5.48500929654e-06, 4.0348982111e-06, 6.37821131022e-06, 5.9537596826e-06, 3.50265008819e-06, 4.18519357481e-06, 5.59922682442e-06, 4.91237142342e-06, 5.70609472561e-06, 4.0473869376e-06, 6.89811486154e-06, 5.28483906237e-06, 3.91421917811e-06, 2.94111032417e-06, 2.40234794546e-06],
        "dmean2": [0.00871851481497, 0.00614529894665, 0.00274259899743, 0.00168585567735, 0.000678597716615, 0.000269136100542, 9.90348708001e-05, 9.54569477472e-05, 0.000116643175716, 0.000116056507977, 7.85498268669e-05, 4.31197513535e-05, 3.80111341656e-05, 3.58764082193e-05, 4.11316614191e-05, 2.49761669693e-05, 2.20696838369e-05, 1.87076766451e-05, 1.69206905412e-05, 1.21987077364e-05, 1.41196705954e-05, 1.0424836546e-05, 9.41744565353e-06, 8.11476547824e-06, 7.96890344645e-06, 8.55368853081e-06, 6.05161903877e-06, 9.6352523542e-06, 8.83940720087e-06, 5.44350132259e-06, 6.39602785668e-06, 8.56459337228e-06, 7.29232942831e-06, 7.97262327978e-06, 5.94356515649e-06, 1.0705679415e-05, 8.1042671809e-06, 5.5008858908e-06, 4.2611036406e-06, 3.48251978721e-06],
        "dvar": [9.78223979473e-05, 6.70243607601e-05, 2.19621433644e-05, 9.15065174922e-06, 7.64901813e-07, 9.77658700663e-08, 4.91755223209e-08, 2.28195951024e-08, 5.94936047094e-08, 4.14120684411e-08, 1.86320612272e-08, 3.22861426483e-09, 1.27887578305e-09, 1.85754311932e-09, 2.734401372e-09, 1.01154595811e-09, 6.31159235986e-10, 6.58154586386e-10, 4.72044958677e-10, 4.49085352239e-10, 4.1657161054e-10, 2.38600639246e-10, 2.01572245007e-10, 1.64979002681e-10, 2.22877383216e-10, 2.15820361582e-10, 1.17232223928e-10, 2.41453940175e-10, 2.06013414661e-10, 8.65348279144e-11, 1.31845631635e-10, 1.80044007481e-10, 1.18033902097e-10, 1.7061295432e-10, 8.47335604459e-11, 2.3726345888e-10, 1.68877009599e-10, 6.83456208295e-11, 3.92464047372e-11, 2.63067380379e-11],
        "dvar2": [0.000217378576053, 0.000122866549646, 5.28411073901e-05, 2.53062917182e-05, 2.2171893761e-06, 2.75530283034e-07, 8.3252679417e-08, 3.55443852129e-08, 1.02105111921e-07, 7.32364711098e-08, 3.70147432704e-08, 6.09091665993e-09, 2.94351387709e-09, 4.06856504043e-09, 6.89933221665e-09, 2.25958607381e-09, 1.47680201401e-09, 1.4145506988e-09, 1.06220987561e-09, 9.46379197231e-10, 8.92079021764e-10, 5.27287213892e-10, 4.64585786508e-10, 3.66685209974e-10, 4.81725825896e-10, 4.93647012156e-10, 2.45768155827e-10, 5.41616917982e-10, 4.58143550874e-10, 1.88182996963e-10, 2.96697943991e-10, 3.83300141626e-10, 2.63163740799e-10, 3.7128439212e-10, 1.88122684097e-10, 5.63967206269e-10, 3.97922889084e-10, 1.34938310525e-10, 8.4711189452e-11, 5.62213886557e-11],
        "max": [0.171417742968, 0.125758364797, 0.060294136405, 0.0342081002891, 0.0115657756105, 0.0067403819412, 0.00861551985145, 0.00479839975014, 0.00582929933444, 0.00391114503145, 0.00248178490438, 0.000931638292968, 0.000630796886981, 0.000645415682811, 0.00119304610416, 0.0006120778271, 0.000434313871665, 0.000542320776731, 0.00044144311687, 0.000465881050332, 0.00048408753355, 0.000375410483684, 0.000324482069118, 0.000241468442255, 0.000466584315291, 0.000406371895224, 0.000294619938359, 0.000355317199137, 0.000263452879153, 0.000230441248277, 0.000242847163463, 0.000439986848505, 0.000298854021821, 0.000328065158101, 0.000285869493382, 0.000292625045404, 0.000247094634688, 0.000197168410523, 8.91781455721e-05, 7.26262442186e-05],
        "mean": [0.0152081502602, 0.00980244204402, 0.00198692199774, 0.000813456717879, 0.000505931326188, 0.000313802273013, 0.000197180706891, 0.000170053855982, 0.000187487385119, 0.000158871916938, 7.81293565524e-05, 4.65023658762e-05, 3.31148221449e-05, 2.93955145025e-05, 3.08273774863e-05, 2.03596573556e-05, 1.67377620528e-05, 1.61206389748e-05, 1.52699849423e-05, 1.14292124636e-05, 1.20601971503e-05, 8.65083075041e-06, 8.22766560304e-06, 7.27990482119e-06, 7.66834000387e-06, 7.64733158576e-06, 6.03751595918e-06, 8.78294849826e-06, 9.09166101337e-06, 5.00896294398e-06, 5.42833868167e-06, 7.25753352526e-06, 6.75312730891e-06, 7.83539417171e-06, 5.54788812224e-06, 7.66307948652e-06, 6.16345550952e-06, 5.39603388461e-06, 3.75910030925e-06, 2.90915431833e-06],
        "median": [0.00624215556309, 0.00500555243343, 0.000789560843259, 0.000261424924247, 0.000279091706034, 0.000168094557012, 8.26169489301e-05, 8.43749003252e-05, 8.24839880806e-05, 6.50661750115e-05, 2.78226216324e-05, 1.66617683135e-05, 1.71740230144e-05, 9.21277023735e-06, 1.29627105707e-05, 8.58144994709e-06, 8.58193379827e-06, 7.14267980584e-06, 7.52297955842e-06, 5.16672389494e-06, 5.70011388845e-06, 4.43153430751e-06, 4.50100469607e-06, 3.61446313946e-06, 3.91770117858e-06, 3.74137425752e-06, 2.81213374365e-06, 3.28602391164e-06, 3.22232062899e-06, 1.92889592654e-06, 1.89501270143e-06, 2.00963563657e-06, 1.67135249285e-06, 1.54122687945e-06, 1.18264813409e-06, 1.32560683141e-06, 9.65212962001e-07, 7.06460127731e-07, 5.1853800187e-07, 3.57333931333e-07],
        "min": [4.45468806545e-24, 1.68094173554e-23, 1.0227356022e-23, 1.43436369586e-23, 4.85666002832e-24, 2.09296504851e-23, 1.89007444131e-23, 2.33543627831e-23, 2.90047020791e-23, 1.68817133019e-23, 5.76598512136e-24, 1.060393613e-23, 1.46649557825e-23, 1.14648350242e-23, 9.75047303869e-24, 1.01201332589e-23, 1.04430069276e-23, 1.24856557455e-23, 1.11266527208e-23, 1.22232088221e-23, 5.31027358705e-24, 1.00332575851e-23, 1.25067435752e-23, 1.40552956759e-23, 1.0452918176e-23, 1.12405808016e-23, 1.26408649174e-23, 1.50607604308e-23, 1.13939621828e-23, 8.45998573903e-24, 7.89760285539e-24, 7.09969529331e-24, 1.07084152349e-23, 8.33278744009e-24, 1.09685689397e-23, 1.5717857899e-23, 6.5326356478e-24, 5.72496435429e-24, 7.13075511373e-24, 1.08625002801e-23],
        "var": [0.000394432659959, 0.00016338932619, 1.94965650735e-05, 5.70859492655e-06, 5.63047535707e-07, 2.45604752536e-07, 2.0180269189e-07, 8.35831599488e-08, 1.50572901703e-07, 1.03214816249e-07, 3.04936556006e-08, 7.78272291058e-09, 2.03114769448e-09, 2.93916890826e-09, 3.27826610302e-09, 1.47711121112e-09, 8.3961471109e-10, 1.15074494378e-09, 8.14935896543e-10, 8.04279642885e-10, 6.80149214727e-10, 3.12484538245e-10, 2.43670750244e-10, 2.06260383773e-10, 2.70004019143e-10, 2.52919019061e-10, 1.81230877527e-10, 3.33807675945e-10, 2.95592023081e-10, 1.14689903408e-10, 1.62436536444e-10, 2.73352618319e-10, 1.73297196038e-10, 2.58508520146e-10, 1.29728450204e-10, 2.52330628614e-10, 1.89428223107e-10, 1.20565057937e-10, 5.92393703536e-11, 3.66810158636e-11]
    },
    "mfcc": {
        "mean": [-640.329223633, 104.06312561, 34.1220741272, 30.2875747681, 11.1659164429, 14.4554615021, 5.85759973526, 9.18637752533, 4.95761203766, 9.92257976532, 3.6480858326, 4.65429019928, 1.99399864674],
        "cov": [[8987.56445312, 528.870788574, 811.790710449, 234.865524292, 61.3182868958, 83.6152267456, 1.03594863415, 93.8201675415, -15.4659814835, 56.9738197327, -36.8473930359, -59.0454063416, -151.16595459], [528.870788574, 1855.5859375, -19.0697460175, 264.194122314, 105.021781921, 3.97097754478, -40.6703186035, -4.15581655502, 45.0304946899, 24.8501777649, -4.99608659744, -31.4920330048, -6.00913476944], [811.790710449, -19.0697460175, 525.48236084, 79.7573623657, 58.9918136597, 60.0057907104, 37.4301643372, 35.4475631714, 39.9481201172, 43.723815918, 19.6720561981, 30.7084369659, 13.3328075409], [234.865524292, 264.194122314, 79.7573623657, 245.749038696, 106.296669006, 34.4724884033, 15.425245285, 16.1692047119, 17.733089447, 14.7299804688, 21.3266029358, 33.6591682434, 34.9497680664], [61.3182868958, 105.021781921, 58.9918136597, 106.296669006, 164.679000854, 86.1478500366, 63.8899307251, 33.0035896301, 18.3723564148, 9.12597179413, 24.9133167267, 31.1518516541, 48.3388137817], [83.6152267456, 3.97097754478, 60.0057907104, 34.4724884033, 86.1478500366, 129.407012939, 95.20677948, 36.2635993958, 20.9504756927, -2.71353340149, 4.31900262833, 23.7657203674, 41.1471252441], [1.03594863415, -40.6703186035, 37.4301643372, 15.425245285, 63.8899307251, 95.20677948, 147.216812134, 76.0926589966, 30.7617778778, 4.41044282913, 10.7188539505, 20.4343833923, 32.7280502319], [93.8201675415, -4.15581655502, 35.4475631714, 16.1692047119, 33.0035896301, 36.2635993958, 76.0926589966, 100.88394165, 48.8968658447, 16.611825943, 16.6239070892, 9.97827720642, 9.78084945679], [-15.4659814835, 45.0304946899, 39.9481201172, 17.733089447, 18.3723564148, 20.9504756927, 30.7617778778, 48.8968658447, 103.877334595, 50.6641578674, 5.07856607437, 7.84394454956, 1.02329754829], [56.9738197327, 24.8501777649, 43.723815918, 14.7299804688, 9.12597179413, -2.71353340149, 4.41044282913, 16.611825943, 50.6641578674, 98.8616409302, 34.5986175537, 0.766199946404, 3.44042897224], [-36.8473930359, -4.99608659744, 19.6720561981, 21.3266029358, 24.9133167267, 4.31900262833, 10.7188539505, 16.6239070892, 5.07856607437, 34.5986175537, 86.3636856079, 36.1971473694, 3.7147397995], [-59.0454063416, -31.4920330048, 30.7084369659, 33.6591682434, 31.1518516541, 23.7657203674, 20.4343833923, 9.97827720642, 7.84394454956, 0.766199946404, 36.1971473694, 90.6222305298, 49.4535140991], [-151.16595459, -6.00913476944, 13.3328075409, 34.9497680664, 48.3388137817, 41.1471252441, 32.7280502319, 9.78084945679, 1.02329754829, 3.44042897224, 3.7147397995, 49.4535140991, 104.478286743]],
