{
"lowlevel": {
    "average_loudness": 0.856631815434,
    "barkbands_crest": {
        "dmean": 2.906883955,
        "dmean2": 4.13992214203,
        "dvar": 8.47952747345,
        "dvar2": 16.0323085785,
        "max": 26.9310703278,
        "mean": 15.3872728348,
        "median": 15.5176506042,
        "min": 2.05553007126,
        "var": 37.2896156311
    },
    "barkbands_flatness_db": {
        "dmean": 0.0346930734813,
        "dmean2": 0.0473182238638,
        "dvar": 0.00160400709137,
        "dvar2": 0.00277667841874,
        "max": 0.735074996948,
        "mean": 0.171909794211,
        "median": 0.145718067884,
        "min": 0.0171904526651,
        "var": 0.00949815474451
    },
    "barkbands_kurtosis": {
        "dmean": 21.6638126373,
        "dmean2": 33.9530982971,
        "dvar": 48128.84375,
        "dvar2": 96598.796875,
        "max": 14091.2832031,
        "mean": 119.024620056,
        "median": 5.97619342804,
        "min": -1.92637252808,
        "var": 1240695.125
    },
    "barkbands_skewness": {
        "dmean": 1.19618487358,
        "dmean2": 1.6176763773,
        "dvar": 5.36021614075,
        "dvar2": 9.76184368134,
        "max": 113.231887817,
        "mean": 4.23505067825,
        "median": 2.52117681503,
        "min": -8.41142272949,
        "var": 89.7439422607
    },
    "barkbands_spread": {
        "dmean": 8.90531826019,
        "dmean2": 12.719042778,
        "dvar": 177.755584717,
        "dvar2": 339.549438477,
        "max": 98.2327041626,
        "mean": 23.4002399445,
        "median": 18.1627349854,
        "min": 0.0370381549001,
        "var": 441.405914307
    },
    "dissonance": {
        "dmean": 0.015142516233,
        "dmean2": 0.0249847993255,
        "dvar": 0.000242564681685,
        "dvar2": 0.000608330883551,
        "max": 0.500000178814,
        "mean": 0.469627410173,
        "median": 0.47586157918,
        "min": 0,
        "var": 0.000638723606244
    },
    "dynamic_complexity": 2.20056939125,
    "erbbands_crest": {
        "dmean": 2.06262803078,
        "dmean2": 3.34436583519,
        "dvar": 4.74779748917,
        "dvar2": 11.4100036621,
        "max": 26.8414020538,
        "mean": 6.72934341431,
        "median": 5.71698665619,
        "min": 2.11294102669,
        "var": 11.1177682877
    },
    "erbbands_flatness_db": {
        "dmean": 0.0145272696391,
        "dmean2": 0.0226137712598,
        "dvar": 0.000332453666488,
        "dvar2": 0.000713495479431,
        "max": 0.31638482213,
        "mean": 0.119459316134,
        "median": 0.0976753160357,
        "min": 0.0224334709346,
        "var": 0.00240140524693
    },
    "erbbands_kurtosis": {
        "dmean": 0.576574683189,
        "dmean2": 0.881469070911,
        "dvar": 1.23586452007,
        "dvar2": 2.76458001137,
        "max": 43.706401825,
        "mean": -0.378054767847,
        "median": -0.740621089935,
        "min": -1.81866729259,
        "var": 2.27208590508
    },
    "erbbands_skewness": {
        "dmean": 0.297955304384,
        "dmean2": 0.432691901922,
        "dvar": 0.103858739138,
        "dvar2": 0.213360369205,
        "max": 4.60358190536,
        "mean": -0.0250177644193,
        "median": -0.0122081199661,
        "min": -5.13584518433,
        "var": 0.387990087271
    },
    "erbbands_spread": {
        "dmean": 10.5034599304,
        "dmean2": 16.0899467468,
        "dvar": 119.681442261,
        "dvar2": 263.470428467,
        "max": 182.572219849,
        "mean": 61.4133911133,
        "median": 61.2862091064,
        "min": 3.6965546608,
        "var": 706.942321777
    },
    "hfc": {
        "dmean": 20.7195491791,
        "dmean2": 30.7914772034,
        "dvar": 1358.0513916,
        "dvar2": 2979.44848633,
        "max": 525.230529785,
        "mean": 39.4101905823,
        "median": 25.412322998,
        "min": 1.76202152868e-09,
        "var": 1937.046875
    },
    "melbands_crest": {
        "dmean": 3.78125858307,
        "dmean2": 5.67373037338,
        "dvar": 13.2478094101,
        "dvar2": 28.3112239838,
        "max": 39.9980392456,
        "mean": 21.9057121277,
        "median": 22.22813797,
        "min": 3.41760659218,
        "var": 64.8131790161
    },
    "melbands_flatness_db": {
        "dmean": 0.0416806489229,
        "dmean2": 0.0548844709992,
        "dvar": 0.00218638381921,
        "dvar2": 0.00379326799884,
        "max": 0.709897398949,
        "mean": 0.248441010714,
        "median": 0.227678731084,
        "min": 0.0208994857967,
        "var": 0.0133940363303
    },
    "melbands_kurtosis": {
        "dmean": 53.8067359924,
        "dmean2": 79.8420028687,
        "dvar": 170828.46875,
        "dvar2": 366478.125,
        "max": 29756.0195312,
        "mean": 263.602905273,
        "median": 27.3455886841,
        "min": -1.92948710918,
        "var": 5059942.5
    },
    "melbands_skewness": {
        "dmean": 1.68503904343,
        "dmean2": 2.26642203331,
        "dvar": 8.79931259155,
        "dvar2": 16.1846618652,
        "max": 167.916442871,
        "mean": 7.10046720505,
        "median": 4.70595502853,
        "min": -4.56477737427,
        "var": 182.614883423
    },
    "melbands_spread": {
        "dmean": 8.06812095642,
        "dmean2": 11.5278673172,
        "dvar": 144.613952637,
        "dvar2": 300.51083374,
        "max": 247.874053955,
        "mean": 17.8705711365,
        "median": 11.8113822937,
        "min": 0.031643986702,
        "var": 394.833007812
    },
    "pitch_salience": {
        "dmean": 0.0896219238639,
        "dmean2": 0.131141722202,
        "dvar": 0.00905423797667,
        "dvar2": 0.0168706905097,
        "max": 0.899768769741,
        "mean": 0.391891628504,
        "median": 0.399140059948,
        "min": 0.000763056450523,
        "var": 0.0334494784474
    },
    "silence_rate_20dB": {
        "dmean": 0.0563270412385,
        "dmean2": 0.112662866712,
        "dvar": 0.0531552024186,
        "dvar2": 0.113390043378,
        "max": 1,
        "mean": 0.9220687747,
        "median": 1,
        "min": 0,
        "var": 0.0718719139695
    },
    "silence_rate_30dB": {
        "dmean": 0.12076766789,
        "dmean2": 0.241554185748,
        "dvar": 0.106171093881,
        "dvar2": 0.206607788801,
        "max": 1,
        "mean": 0.637647271156,
        "median": 1,
        "min": 0,
        "var": 0.231063440442
    },
    "silence_rate_60dB": {
        "dmean": 0.00764549849555,
        "dmean2": 0.0152141684666,
        "dvar": 0.00758607499301,
        "dvar2": 0.0196616016328,
        "max": 1,
        "mean": 0.0343240499496,
        "median": 0,
        "min": 0,
        "var": 0.033144697547
    },
    "spectral_centroid": {
        "dmean": 303.159545898,
        "dmean2": 435.186248779,
        "dvar": 139899.5625,
        "dvar2": 256959.203125,
        "max": 7541.74072266,
        "mean": 1492.93469238,
        "median": 1353.63195801,
        "min": 101.486465454,
        "var": 641955.875
    },
    "spectral_complexity": {
        "dmean": 5.70635032654,
        "dmean2": 8.31941986084,
        "dvar": 43.3796081543,
        "dvar2": 81.7585220337,
        "max": 61,
        "mean": 21.28840065,
        "median": 20,
        "min": 0,
        "var": 102.910507202
    },
    "spectral_decrease": {
        "dmean": 9.62149027117e-09,
        "dmean2": 1.2032533192e-08,
        "dvar": 1.59943100613e-16,
        "dvar2": 2.60758536947e-16,
        "max": -1.15342478205e-18,
        "mean": -2.84430559105e-08,
        "median": -1.69363332247e-08,
        "min": -1.57100160436e-07,
        "var": 8.99436969877e-16
    },
    "spectral_energy": {
        "dmean": 0.0368119925261,
        "dmean2": 0.0463511943817,
        "dvar": 0.002255508909,
        "dvar2": 0.003764933208,
        "max": 0.596745193005,
        "mean": 0.110925212502,
        "median": 0.0702339187264,
        "min": 4.51311297361e-12,
        "var": 0.0128871779889
    },
    "spectral_energyband_high": {
        "dmean": 0.00227886415087,
        "dmean2": 0.0033431337215,
        "dvar": 2.00196227524e-05,
        "dvar2": 4.3033316615e-05,
        "max": 0.0651111379266,
        "mean": 0.0033183444757,
        "median": 0.00111768755596,
        "min": 6.29481140607e-14,
        "var": 2.89677809633e-05
    },
    "spectral_energyband_low": {
        "dmean": 0.0354245267808,
        "dmean2": 0.0428330823779,
        "dvar": 0.00253226142377,
        "dvar2": 0.00391631806269,
        "max": 0.584667980671,
        "mean": 0.0939530283213,
        "median": 0.0467270314693,
        "min": 2.10823806329e-12,
        "var": 0.0134075926617
    },
    "spectral_energyband_middle_high": {
        "dmean": 0.00154679990374,
        "dmean2": 0.00231234333478,
        "dvar": 3.98718111683e-06,
        "dvar2": 7.62062654758e-06,
        "max": 0.0524326488376,
        "mean": 0.00381826562807,
        "median": 0.00328565039672,
        "min": 3.24703046568e-13,
        "var": 8.05852778285e-06
    },
    "spectral_energyband_middle_low": {
        "dmean": 0.00627848040313,
        "dmean2": 0.00988490507007,
        "dvar": 0.000129643070977,
        "dvar2": 0.000284787325654,
        "max": 0.116284616292,
        "mean": 0.0108095798641,
        "median": 0.00786093249917,
        "min": 1.11758665473e-13,
        "var": 0.000140158532304
    },
    "spectral_entropy": {
        "dmean": 0.177856504917,
        "dmean2": 0.267401129007,
        "dvar": 0.0496311858296,
        "dvar2": 0.101356588304,
        "max": 8.79921531677,
        "mean": 7.80781507492,
        "median": 7.88891601562,
        "min": 5.6375541687,
        "var": 0.268348664045
    },
    "spectral_flux": {
        "dmean": 0.0599120147526,
        "dmean2": 0.0876888781786,
        "dvar": 0.0050447806716,
        "dvar2": 0.0102587901056,
        "max": 0.660017132759,
        "mean": 0.135674476624,
        "median": 0.0925968512893,
        "min": 2.50277230407e-06,
        "var": 0.0111493803561
    },
    "spectral_kurtosis": {
        "dmean": 1.36852502823,
        "dmean2": 2.2349357605,
        "dvar": 6.95628929138,
        "dvar2": 18.4731273651,
        "max": 39.4874267578,
        "mean": 3.31927514076,
        "median": 1.77081441879,
        "min": -1.17784869671,
        "var": 20.7733459473
    },
    "spectral_rms": {
        "dmean": 0.00177054759115,
        "dmean2": 0.0022657411173,
        "dvar": 3.71295209334e-06,
        "dvar2": 7.02245324646e-06,
        "max": 0.0241286214441,
        "mean": 0.00904897786677,
        "median": 0.00827773474157,
        "min": 6.63553834102e-08,
        "var": 2.63356978394e-05
    },
    "spectral_rolloff": {
        "dmean": 855.98059082,
        "dmean2": 1333.72009277,
        "dvar": 2321453,
        "dvar2": 4692349.5,
        "max": 15869.9707031,
        "mean": 1423.35705566,
        "median": 387.59765625,
        "min": 21.533203125,
        "var": 4346712.5
    },
    "spectral_skewness": {
        "dmean": 0.186930090189,
        "dmean2": 0.297301799059,
        "dvar": 0.0660722032189,
        "dvar2": 0.152313172817,
        "max": 4.70702075958,
        "mean": 1.31357049942,
        "median": 1.15116691589,
        "min": -0.534241259098,
        "var": 0.353318303823
    },
    "spectral_spread": {
        "dmean": 538394.9375,
        "dmean2": 822286.4375,
        "dvar": 502805856256,
        "dvar2": 996607721472,
        "max": 13699053,
        "mean": 6002468.5,
        "median": 6262360.5,
        "min": 1467784.625,
        "var": 3.7020392489e+12
    },
    "spectral_strongpeak": {
        "dmean": 0.293488413095,
        "dmean2": 0.463801711798,
        "dvar": 0.361246079206,
        "dvar2": 0.95044451952,
        "max": 24.3411712646,
        "mean": 0.733496963978,
        "median": 0.554779648781,
        "min": 0,
        "var": 0.571480572224
    },
    "zerocrossingrate": {
        "dmean": 0.0161118712276,
        "dmean2": 0.0174500830472,
        "dvar": 0.000364479783457,
        "dvar2": 0.000418531621108,
        "max": 0.390625,
        "mean": 0.0558765679598,
        "median": 0.04638671875,
        "min": 0,
        "var": 0.00239984947257
    },
    "barkbands": {
        "dmean": [0.0038283849135, 0.0307387206703, 0.00704414118081, 0.00278272316791, 0.00325025129132, 0.00115856411867, 0.000540590437595, 0.000514433428179, 0.000450485007605, 0.000360046047717, 0.000269278214546, 0.000342465005815, 0.000283340516035, 0.00033170892857, 0.000241729299887, 0.000218314191443, 0.000164874290931, 0.000171927764313, 0.000160063893418, 0.000313932658173, 0.000232483187574, 0.000440470554167, 0.000531820580363, 0.000502015522216, 0.000346944929333, 0.000102569611045, 1.4200330952e-05],
        "dmean2": [0.00591409998015, 0.0404031462967, 0.0118426969275, 0.00487649673596, 0.0056366417557, 0.00184618192725, 0.000764773751143, 0.000788723467849, 0.000683531106915, 0.000572506454773, 0.000430917483754, 0.000549394870177, 0.000455235596746, 0.000537475803867, 0.00039921849384, 0.000355357216904, 0.000266141403699, 0.000270904682111, 0.000247581163421, 0.000491492217407, 0.000355837721145, 0.000660796358716, 0.000813731807284, 0.000730370928068, 0.000534729275387, 0.000159664428793, 2.29784582189e-05],
        "dvar": [6.44698739052e-05, 0.00258260127157, 0.000317799800541, 5.58453793928e-05, 5.51610937691e-05, 2.9425343655e-06, 8.47449655339e-07, 1.06672030142e-06, 6.3030478259e-07, 4.15550175603e-07, 1.36071776069e-07, 1.93522026848e-07, 1.6849115525e-07, 1.92674534105e-07, 1.35802750378e-07, 1.53363700406e-07, 8.06785322993e-08, 1.21908300343e-07, 8.8330637027e-08, 3.46185913713e-07, 1.83143157528e-07, 7.16374302101e-07, 1.35774189403e-06, 1.07297933027e-06, 4.8552391263e-07, 4.15384775465e-08, 1.60502711122e-09],
        "dvar2": [0.000155826011905, 0.0034976110328, 0.000833308207802, 0.000159316172358, 0.000154079534695, 8.16253123048e-06, 1.72567774825e-06, 2.54289534496e-06, 1.39820110689e-06, 9.58667669693e-07, 3.21063197362e-07, 4.68579003154e-07, 4.06041777978e-07, 4.63114446347e-07, 3.08176765884e-07, 3.51939803522e-07, 1.80975149533e-07, 2.7020178095e-07, 1.82012783512e-07, 7.20574973911e-07, 4.16738231479e-07, 1.60390140991e-06, 3.06506626657e-06, 2.1999587716e-06, 1.13370742838e-06, 9.51608640776e-08, 3.71266817289e-09],
        "max": [0.171201497316, 0.557897567749, 0.265976905823, 0.088810198009, 0.0727318897843, 0.0234527178109, 0.0409407839179, 0.0346735864878, 0.0238234139979, 0.0368635430932, 0.00840750150383, 0.0078630708158, 0.00789249688387, 0.00958583969623, 0.00992202572525, 0.00951134040952, 0.00700987828895, 0.00618429016322, 0.0057840780355, 0.00858261343092, 0.0113345952705, 0.0165674667805, 0.0174796506763, 0.0173319019377, 0.00860828254372, 0.00279173534364, 0.000584764929954],
        "mean": [0.00732996501029, 0.0777595490217, 0.00796046387404, 0.00272658257745, 0.00378250330687, 0.00192933483049, 0.000897900317796, 0.000695558439475, 0.000660242978483, 0.00050958635984, 0.000363080704119, 0.000529463053681, 0.000428846251452, 0.000512995000463, 0.00035196490353, 0.000329932343448, 0.000255709164776, 0.000239426866756, 0.000243764501647, 0.000482349569211, 0.000350340094883, 0.000710301159415, 0.000681854842696, 0.000655217561871, 0.000400391145376, 0.000122953482787, 1.49985417011e-05],
        "median": [0.000696164614055, 0.0350754410028, 0.00174781994428, 0.00104872556403, 0.00194217218086, 0.00135849171784, 0.000523019116372, 0.000359929836122, 0.000368900713511, 0.000297115824651, 0.000192735169549, 0.000323036307236, 0.000237938336795, 0.000310271861963, 0.000209587466088, 0.00015916704433, 0.000152898515807, 0.000131379929371, 0.000147176499013, 0.000219201130676, 0.000199800197151, 0.00027687929105, 0.000192409352167, 0.000157523492817, 8.78795326571e-05, 2.72492470685e-05, 2.60170622823e-06],
        "min": [6.64212933786e-13, 9.50809635018e-13, 4.09150265446e-17, 6.33895767272e-17, 5.76821009102e-15, 1.01454997561e-14, 3.85791193167e-15, 5.56322642372e-15, 1.03159185499e-14, 1.68218676564e-14, 2.97045069477e-14, 2.26385699602e-14, 6.00732842377e-14, 1.37897946371e-14, 3.7333099123e-14, 1.2253153204e-14, 2.43878488503e-14, 1.76251394935e-14, 1.28108710367e-14, 8.93905378863e-15, 1.08523834789e-14, 7.66040249761e-15, 6.19057798797e-15, 8.428950219e-15, 7.69944817538e-15, 7.90405067785e-15, 8.11126627697e-15],
        "var": [0.00017293728888, 0.0115110650659, 0.000283713452518, 3.62818354915e-05, 4.07616134908e-05, 3.72593717657e-06, 1.41058410463e-06, 1.29470311094e-06, 9.94987658487e-07, 6.22500920144e-07, 2.28121933787e-07, 3.81626108492e-07, 3.238637305e-07, 4.03493231715e-07, 2.29607252322e-07, 2.93746666102e-07, 1.66398976376e-07, 1.63500743611e-07, 1.17688308876e-07, 5.08861660364e-07, 2.58427604649e-07, 1.16328226341e-06, 1.6401774019e-06, 1.56123519446e-06, 5.61336264582e-07, 5.44310481132e-08, 1.72056435765e-09]
    },
    "erbbands": {
        "dmean": [1.61588990688, 5.15176820755, 7.71041345596, 8.68815040588, 7.59949016571, 13.0187540054, 13.2261104584, 8.94719219208, 7.74373626709, 8.81751155853, 11.8290891647, 9.48241710663, 10.1581335068, 11.6951503754, 11.3503694534, 12.4841938019, 13.8361749649, 15.1196746826, 13.1469554901, 12.1881151199, 11.378194809, 9.22233486176, 9.13817691803, 8.3574924469, 7.62698125839, 14.5930347443, 10.3705396652, 11.1743631363, 14.3325109482, 15.4517059326, 14.5199794769, 14.7841892242, 7.07107210159, 4.4800362587, 2.02273225784, 0.623169660568, 0.153906539083, 0.0230358988047, 0.00261499197222, 0.000140220901812],
        "dmean2": [2.13587260246, 7.47190999985, 12.209353447, 14.5309400558, 13.3893060684, 22.9790992737, 21.8387069702, 14.1398744583, 10.9974784851, 12.8441057205, 18.1262969971, 14.3101167679, 15.9638061523, 18.4235229492, 18.1822967529, 19.9538154602, 22.0181446075, 24.6018600464, 21.0371055603, 20.1058979034, 18.381061554, 14.6807203293, 14.3675661087, 12.9517202377, 11.7984390259, 23.1587581635, 15.8667430878, 17.3346233368, 21.4885673523, 21.8012275696, 22.7342510223, 22.7154483795, 10.1136665344, 6.87983751297, 3.17592906952, 0.953247368336, 0.239906460047, 0.0365360155702, 0.00422995351255, 0.000220957532292],
        "dvar": [7.62140989304, 85.3868408203, 316.544067383, 439.982147217, 442.33215332, 979.390136719, 631.552001953, 188.47454834, 182.817840576, 232.448623657, 563.390930176, 344.413085938, 344.430725098, 371.019866943, 197.420684814, 286.767333984, 429.709014893, 452.002624512, 371.270721436, 407.326263428, 370.260955811, 269.606048584, 299.90625, 250.232421875, 194.104293823, 733.004455566, 321.95098877, 461.426147461, 783.07598877, 891.329589844, 985.723205566, 1166.20910645, 197.522003174, 81.3092575073, 16.4735412598, 1.46946573257, 0.0955265983939, 0.00309654232115, 5.21983456565e-05, 9.82135404115e-08],
        "dvar2": [10.5021066666, 149.524703979, 745.71875, 1185.74487305, 1233.65270996, 2810.41064453, 1800.72888184, 516.809570312, 382.458190918, 512.58416748, 1337.39929199, 755.041442871, 836.19342041, 919.397338867, 472.317199707, 673.900512695, 1038.97888184, 1113.7833252, 839.072387695, 940.351013184, 863.396240234, 602.222106934, 664.498657227, 501.563049316, 394.021972656, 1485.6895752, 689.229064941, 1056.21118164, 1669.81237793, 1896.61218262, 2312.62646484, 2596.27685547, 416.157958984, 181.448272705, 40.9122123718, 3.29302787781, 0.217513903975, 0.00689466483891, 0.000122820507386, 2.35765512002e-07],
        "max": [28.0949840546, 126.308815002, 240.797103882, 284.151092529, 238.003005981, 314.581085205, 399.224121094, 146.006286621, 671.012268066, 284.497741699, 642.958007812, 648.85748291, 520.908935547, 1174.88134766, 266.754180908, 367.751434326, 386.737060547, 424.94934082, 501.586517334, 477.771087646, 442.684020996, 401.748138428, 353.292999268, 319.197875977, 267.824188232, 356.839324951, 249.892944336, 630.152404785, 651.183532715, 467.405426025, 457.27822876, 473.495788574, 298.719116211, 111.673820496, 71.0317077637, 18.5035171509, 4.49095439911, 0.802737236023, 0.106260202825, 0.00456870300695],
        "mean": [3.50927019119, 12.4226846695, 10.3150072098, 10.0482540131, 8.23742008209, 14.1450071335, 17.6539802551, 14.6519670486, 13.4043750763, 13.5073242188, 16.6010875702, 14.3660106659, 14.631521225, 17.5517024994, 17.8979129791, 20.6954841614, 22.0894641876, 24.2779369354, 21.3785152435, 19.0846672058, 17.6485118866, 14.7643260956, 13.316195488, 12.1002235413, 12.2796545029, 22.5382423401, 17.1441726685, 16.798866272, 21.3346328735, 24.0713863373, 18.2804756165, 17.7770576477, 9.45034790039, 5.13903045654, 2.3938202858, 0.772628247738, 0.183800697327, 0.0268983580172, 0.00277128373273, 0.000249229167821],
        "median": [1.18667292595, 6.1166601181, 4.66926336288, 4.8712348938, 4.21537780762, 6.69700527191, 10.0291881561, 9.9387922287, 8.16862106323, 7.81550884247, 9.04313278198, 7.71693849564, 8.68244934082, 11.7560939789, 12.6627845764, 13.1710891724, 12.9816207886, 14.7168397903, 13.039894104, 10.5850105286, 9.60025024414, 8.72962856293, 7.50529241562, 6.95220994949, 7.90196418762, 10.6893100739, 9.27167224884, 8.966547966, 8.55843162537, 7.59921979904, 5.24657011032, 4.09645414352, 2.3156208992, 1.12884557247, 0.529481589794, 0.16793911159, 0.0419651456177, 0.00580130144954, 0.000523532915395, 0.000139873838634],
        "min": [3.54440851669e-11, 1.89678620033e-10, 5.95472893217e-10, 1.28630595064e-09, 1.08914988139e-09, 7.29957316814e-10, 5.57419554958e-10, 4.35465358217e-10, 3.75934311458e-10, 4.49964648874e-10, 3.70540209627e-10, 3.24414745068e-10, 6.15523410019e-10, 1.20713883334e-09, 7.754439868e-10, 1.23252996698e-09, 2.67688515798e-09, 1.25719568089e-09, 1.19339771398e-09, 1.75087022658e-09, 7.50529527416e-10, 1.32144706289e-09, 8.39757374749e-10, 7.18844150871e-10, 7.09075631544e-10, 5.55993751039e-10, 4.53557635893e-10, 3.59744845024e-10, 2.82071088709e-10, 2.50820836323e-10, 1.93920046687e-10, 1.8651845346e-10, 1.22006488246e-10, 7.80467218631e-11, 5.66089605747e-11, 3.30385996339e-11, 1.53792135277e-11, 4.46907398241e-12, 1.16971558307e-12, 1.22620785596e-13],
        "var": [29.6232795715, 262.774414062, 340.19631958, 368.41708374, 296.63684082, 670.356567383, 601.014709473, 239.170394897, 289.841186523, 338.183410645, 710.480957031, 552.867370605, 483.067626953, 515.689025879, 345.249267578, 555.014343262, 816.812133789, 896.31439209, 767.379150391, 863.795166016, 686.85333252, 515.618896484, 442.620788574, 346.54598999, 267.261474609, 1086.00415039, 505.156677246, 690.536315918, 1143.72668457, 1567.7121582, 1154.85144043, 1359.07507324, 305.461761475, 95.3283615112, 19.9378452301, 2.02198553085, 0.121976584196, 0.00380054372363, 5.45085422345e-05, 1.15623578267e-07]
    },
    "gfcc": {
        "mean": [29.2362651825, 71.5256881714, -95.5968170166, 39.8657875061, -54.1836280823, 24.4489841461, -31.7558498383, 6.36327314377, -17.2174720764, 8.01150989532, -9.13480949402, 4.6964468956, -4.74944496155],
        "cov": [[13126.984375, -862.653076172, 603.262817383, 1052.20996094, -505.171722412, 796.347961426, -294.909667969, 315.982788086, -223.9765625, 256.4034729, -297.345184326, -45.134979248, -328.56262207], [-862.653076172, 2724.3828125, -108.246742249, -169.285552979, 860.89465332, -183.655517578, 490.510253906, -94.3868408203, 279.663726807, -129.981582642, 242.255813599, -103.832794189, 201.704788208], [603.262817383, -108.246742249, 1085.62670898, 684.40447998, 399.178222656, 504.686950684, 280.809295654, 279.886108398, 136.217712402, 138.319564819, 20.361125946, -12.0170660019, -75.9634246826], [1052.20996094, -169.285552979, 684.40447998, 743.66229248, 311.020996094, 497.711975098, 241.696166992, 243.750793457, 123.903862, 148.072875977, 40.861000061, -2.40397000313, -65.1709289551], [-505.171722412, 860.89465332, 399.178222656, 311.020996094, 777.024719238, 246.562530518, 428.849578857, 137.967697144, 246.364501953, 46.0693893433, 145.909545898, -39.9946365356, 47.242855072], [796.347961426, -183.655517578, 504.686950684, 497.711975098, 246.562530518, 516.185119629, 230.114578247, 215.105361938, 114.122795105, 145.026870728, 46.2212333679, -1.55715990067, -49.5440940857], [-294.909667969, 490.510253906, 280.809295654, 241.696166992, 428.849578857, 230.114578247, 349.578918457, 132.701629639, 171.182189941, 54.104057312, 104.254112244, -16.3854789734, 33.3573913574], [315.982788086, -94.3868408203, 279.886108398, 243.750793457, 137.967697144, 215.105361938, 132.701629639, 177.432907104, 101.002182007, 71.5418548584, 8.97939586639, 1.44712150097, -24.8730449677], [-223.9765625, 279.663726807, 136.217712402, 123.903862, 246.364501953, 114.122795105, 171.182189941, 101.002182007, 165.996551514, 61.1833343506, 60.2166786194, -14.8298950195, 22.0959300995], [256.4034729, -129.981582642, 138.319564819, 148.072875977, 46.0693893433, 145.026870728, 54.104057312, 71.5418548584, 61.1833343506, 109.448974609, 38.9687385559, 12.501115799, -18.6740875244], [-297.345184326, 242.255813599, 20.361125946, 40.861000061, 145.909545898, 46.2212333679, 104.254112244, 8.97939586639, 60.2166786194, 38.9687385559, 108.629951477, 27.085308075, 37.96068573], [-45.134979248, -103.832794189, -12.0170660019, -2.40397000313, -39.9946365356, -1.55715990067, -16.3854789734, 1.44712150097, -14.8298950195, 12.501115799, 27.085308075, 66.6197128296, 32.4492645264], [-328.56262207, 201.704788208, -75.9634246826, -65.1709289551, 47.242855072, -49.5440940857, 33.3573913574, -24.8730449677, 22.0959300995, -18.6740875244, 37.96068573, 32.4492645264, 91.4012145996]],
        "icov": [[0.000143907353049, -0.000223719529458, 0.000158662660397, -0.000238928463659, 2.44246366492e-05, -0.000228985256399, 0.000344105385011, -0.000397168303607, 0.000582158740144, -0.000583497982007, 0.000601660693064, -0.000216539774556, 0.000169152219314], [-0.000223719529458, 0.00158824282698, -0.000347835855791, 0.000379921868443, -0.00051504507428, 0.00090895377798, -0.00133633764926, 0.0015726685524, -0.00192209542729, 0.00248954328708, -0.00273022172041, 0.00254478515126, -0.0014490026515], [0.000158662660397, -0.000347835855791, 0.00285924552009, -0.00174266169779, -0.00102581095416, -0.000403988553444, 0.000304886401864, -0.00214051431976, 0.00219689961523, -0.00158389366698, 0.0020974916406, -0.000881484185811, 0.000676299852785], [-0.000238928463659, 0.000379921868443, -0.00174266169779, 0.00566948205233, -0.000789309386164, -0.00243570911698, -6.42832164885e-05, -0.000709089566953, -4.2627856601e-05, 0.000109709864773, -0.00124721671455, 0.000106596511614, 0.000327895162627], [2.44246366492e-05, -0.00051504507428, -0.00102581095416, -0.000789309386164, 0.00606330297887, -0.000275709287962, -0.00384554965422, 0.00248561985791, -0.00466357683763, 0.00319967791438, -0.00182729412336, 0.000218180590309, 0.00106809905265], [-0.000228985256399, 0.00090895377798, -0.000403988553444, -0.00243570911698, -0.000275709287962, 0.00916964467615, -0.00421801907942, -0.0029695162084, 0.00302853062749, -0.00429840339348, -0.00133930367883, 0.00272789224982, -0.00107983301859], [0.000344105385011, -0.00133633764926, 0.000304886401864, -6.42832164885e-05, -0.00384554965422, -0.00421801907942, 0.0163775291294, -0.00658175908029, -0.000207374614547, 0.00186912470963, -0.00475957198068, 0.00256446748972, -0.00217501097359], [-0.000397168303607, 0.0015726685524, -0.00214051431976, -0.000709089566953, 0.00248561985791, -0.0029695162084, -0.00658175908029, 0.0268717054278, -0.0177233852446, 0.00448932452127, 0.00673491880298, -0.00910426862538, 0.00527425017208], [0.000582158740144, -0.00192209542729, 0.00219689961523, -4.2627856601e-05, -0.00466357683763, 0.00302853062749, -0.000207374614547, -0.0177233852446, 0.0318488031626, -0.0171350184828, 0.000958827033173, 0.0088768331334, -0.00731530180201], [-0.000583497982007, 0.00248954328708, -0.00158389366698, 0.000109709864773, 0.00319967791438, -0.00429840339348, 0.00186912470963, 0.00448932452127, -0.0171350184828, 0.0315271615982, -0.0148247210309, -0.000596182071604, 0.00467841140926], [0.000601660693064, -0.00273022172041, 0.0020974916406, -0.00124721671455, -0.00182729412336, -0.00133930367883, -0.00475957198068, 0.00673491880298, 0.000958827033173, -0.0148247210309, 0.0323450900614, -0.0172083321959, 0.00224527413957], [-0.000216539774556, 0.00254478515126, -0.000881484185811, 0.000106596511614, 0.000218180590309, 0.00272789224982, 0.00256446748972, -0.00910426862538, 0.0088768331334, -0.000596182071604, -0.0172083321959, 0.0372850447893, -0.0174561608583], [0.000169152219314, -0.0014490026515, 0.000676299852785, 0.000327895162627, 0.00106809905265, -0.00107983301859, -0.00217501097359, 0.00527425017208, -0.00731530180201, 0.00467841140926, 0.00224527413957, -0.0174561608583, 0.0246231090277]]
    },
    "melbands": {
        "dmean": [0.0108698336408, 0.00426610605791, 0.00137581094168, 0.000688398082275, 0.000504005409312, 0.000199897316634, 0.00011841905507, 9.63318962022e-05, 9.59223689279e-05, 5.99440645601e-05, 5.14050298079e-05, 4.88141922688e-05, 4.09392196161e-05, 4.34793473687e-05, 2.8390189982e-05, 3.19601531373e-05, 2.76361242868e-05, 2.32163001783e-05, 1.81506275112e-05, 1.409622746e-05, 1.47403643496e-05, 1.01257237475e-05, 8.25087863632e-06, 9.38415450946e-06, 6.68202392262e-06, 6.77791786075e-06, 4.91136643177e-06, 1.19821343105e-05, 7.97927532403e-06, 5.53040945306e-06, 6.79200911691e-06, 8.53079836816e-06, 9.66509924183e-06, 7.90805006545e-06, 7.08437846697e-06, 1.20660915854e-05, 8.0081363194e-06, 5.04094532516e-06, 4.4460684876e-06, 3.5426849081e-06],
        "dmean2": [0.0140273272991, 0.00627045147121, 0.00225111562759, 0.00119853392243, 0.000847506395075, 0.000315831333864, 0.000167450794834, 0.000141923504998, 0.000148203820572, 9.08859001356e-05, 8.10358687886e-05, 7.70147671574e-05, 6.55782714603e-05, 6.95878261467e-05, 4.57213027403e-05, 5.20451285411e-05, 4.49525068689e-05, 3.74159608327e-05, 3.01401796605e-05, 2.2975167667e-05, 2.4088039936e-05, 1.62515152624e-05, 1.32087152451e-05, 1.50707064677e-05, 1.05004719444e-05, 1.04508308141e-05, 7.7922913988e-06, 1.89576949197e-05, 1.23456466099e-05, 8.46031434776e-06, 1.10531073005e-05, 1.33895591716e-05, 1.45008898471e-05, 1.14067770483e-05, 1.11929011837e-05, 1.93479409063e-05, 1.20558070194e-05, 7.26624148228e-06, 6.71640418659e-06, 5.53697827854e-06],
        "dvar": [0.000317098048981, 6.04075030424e-05, 1.02823078123e-05, 2.92564914162e-06, 1.0411168887e-06, 9.07070258904e-08, 4.0401786805e-08, 2.81826064708e-08, 3.66280943354e-08, 1.30104531593e-08, 8.86851214688e-09, 7.14678005664e-09, 3.05014635771e-09, 3.20674775622e-09, 1.64087798904e-09, 1.6501583433e-09, 1.52121315544e-09, 1.21831933431e-09, 8.14372458358e-10, 7.31189941927e-10, 6.52215503827e-10, 3.30043492536e-10, 2.40319542044e-10, 4.48526105146e-10, 1.53247664558e-10, 1.79602679951e-10, 7.55168150235e-11, 5.35256672318e-10, 2.04563810335e-10, 1.06383332699e-10, 1.72691388967e-10, 2.92390445189e-10, 3.42393530195e-10, 2.35745090116e-10, 2.17011228432e-10, 8.92218299242e-10, 3.1338887041e-10, 9.89777287908e-11, 8.20822854131e-11, 5.30872949767e-11],
        "dvar2": [0.000431507185567, 0.000111583569378, 2.60953129327e-05, 8.11810423329e-06, 2.99267276205e-06, 2.50137702551e-07, 8.39877642989e-08, 6.41040571736e-08, 8.90483846661e-08, 2.87886265937e-08, 2.14819735334e-08, 1.75212662157e-08, 7.24310211808e-09, 7.90828558195e-09, 3.75642272843e-09, 4.05637168299e-09, 3.66691099707e-09, 2.85283086043e-09, 1.90859128502e-09, 1.67761493586e-09, 1.58084745294e-09, 7.46740280722e-10, 5.24257803836e-10, 1.0652673188e-09, 3.13825854192e-10, 3.83694909178e-10, 1.61679392097e-10, 1.10073339332e-09, 4.84379758525e-10, 2.19402995771e-10, 4.10722705846e-10, 6.43250563925e-10, 7.75599084957e-10, 4.86055695692e-10, 5.40945566119e-10, 2.11708073294e-09, 6.58311682944e-10, 2.00112149074e-10, 1.81757511819e-10, 1.22743912256e-10],
        "max": [0.185409277678, 0.109714493155, 0.0426131002605, 0.0198732484132, 0.0149419931695, 0.0033951268997, 0.0096491901204, 0.00458937184885, 0.00465274369344, 0.00441404338926, 0.00283168675378, 0.00540154753253, 0.00104202143848, 0.0008657015278, 0.00119103130419, 0.000844025635161, 0.00085792777827, 0.000831665995065, 0.000589595525526, 0.000633551040664, 0.000603232125286, 0.000420028489316, 0.000595940917265, 0.000393596827053, 0.000292075274047, 0.000268060975941, 0.000143512428622, 0.00031402966124, 0.000211023609154, 0.000307661568513, 0.000360016711056, 0.000463129224954, 0.000245836796239, 0.000246900774073, 0.000201546601602, 0.000402481236961, 0.000265941751422, 0.000242865120526, 0.000135877300636, 8.63961759023e-05],
        "mean": [0.0259304828942, 0.00885456707329, 0.00168815848883, 0.000777119596023, 0.000641775433905, 0.000331161310896, 0.000206334705581, 0.000146146529005, 0.000132452027174, 8.85956033017e-05, 7.20763855497e-05, 7.08947627572e-05, 5.91850184719e-05, 6.39934733044e-05, 4.39843461209e-05, 4.91354403493e-05, 4.28751482104e-05, 3.52225179086e-05, 2.69978136203e-05, 2.08945220947e-05, 2.11922197195e-05, 1.52250759129e-05, 1.213431824e-05, 1.20598961075e-05, 9.26519624045e-06, 1.02423437056e-05, 7.47813373891e-06, 1.79464750545e-05, 1.25710294014e-05, 8.4721523308e-06, 9.90071657725e-06, 1.19543010442e-05, 1.44249597724e-05, 1.2082982721e-05, 8.98640428204e-06, 1.3434129869e-05, 1.00124807432e-05, 6.97594259691e-06, 5.28141799805e-06, 3.9254055082e-06],
        "median": [0.0110217723995, 0.00504375714809, 0.000884491368197, 0.000373266084353, 0.000359529542038, 0.000230808582273, 0.000127637191326, 8.81374435266e-05, 7.22571858205e-05, 4.84647571284e-05, 4.18077615905e-05, 4.46664307674e-05, 3.57450771844e-05, 3.74722549168e-05, 2.73418336292e-05, 3.18481033901e-05, 2.50570901699e-05, 1.90486753127e-05, 1.48011240526e-05, 1.0211211702e-05, 1.08690892375e-05, 8.2970072981e-06, 7.25324935047e-06, 6.25874827165e-06, 5.10678410137e-06, 6.0622996898e-06, 4.75350680063e-06, 7.34466675567e-06, 6.2323460952e-06, 4.45907062385e-06, 5.14661678608e-06, 4.98677445648e-06, 4.65785024062e-06, 3.79454081667e-06, 2.85582814286e-06, 2.98950681099e-06, 2.31373292081e-06, 1.67128951034e-06, 1.18259572446e-06, 8.69315556429e-07],
        "min": [3.22035746594e-13, 4.25518085273e-17, 3.01314130354e-16, 4.46498700948e-16, 1.87921861469e-15, 1.55941221985e-15, 1.3496570042e-15, 2.83849168603e-15, 1.22909054625e-15, 1.21900164269e-15, 2.06185585878e-15, 3.52828906025e-15, 3.23143302312e-15, 1.80010658445e-15, 5.34458985586e-15, 5.57869409237e-15, 1.79891967953e-15, 1.41712995471e-15, 3.07983106622e-15, 1.31468767249e-15, 8.84513361077e-16, 1.63156227454e-15, 5.30165809681e-16, 1.03201827255e-15, 4.90690580328e-16, 6.01250085164e-16, 2.88719041596e-16, 4.01186620495e-16, 2.47838478705e-16, 2.26337288492e-16, 2.14142488976e-16, 1.54097170378e-16, 1.42491032291e-16, 1.32824679062e-16, 1.07453580602e-16, 1.2289144428e-16, 1.04302445985e-16, 8.34202184814e-17, 7.52006835531e-17, 6.55434028411e-17],
        "var": [0.00136869039852, 0.000125578459119, 9.55993618845e-06, 2.10173539017e-06, 8.82468953023e-07, 1.14842030996e-07, 6.54982699189e-08, 3.81612821343e-08, 4.41175878052e-08, 2.01071390649e-08, 1.256716331e-08, 9.82221060042e-09, 5.20377785307e-09, 5.88244786215e-09, 3.17533421779e-09, 3.11008885312e-09, 3.1178002402e-09, 2.50808418478e-09, 1.43149225806e-09, 1.45577794264e-09, 1.16405807216e-09, 6.27206342418e-10, 4.00918409582e-10, 4.97134333699e-10, 2.10880396478e-10, 2.26503080181e-10, 9.63356408534e-11, 7.972134064e-10, 2.96838581493e-10, 1.60518043302e-10, 2.48044057516e-10, 3.91690013757e-10, 5.49571776975e-10, 4.04747957372e-10, 2.47673825893e-10, 8.96475838008e-10, 4.09264871992e-10, 1.648354786e-10, 1.05808320439e-10, 5.68282226832e-11]
    },
    "mfcc": {
        "mean": [-614.506958008, 101.545219421, 18.5797386169, 22.1223201752, 6.61354112625, 16.3411922455, 2.41873598099, 4.32524824142, 0.564236104488, 3.8510992527, 0.873490929604, 3.98738265038, 2.40226006508],
        "cov": [[6574.60742188, -1440.62939453, 1160.37194824, 351.072662354, 337.497589111, 492.280609131, 274.038238525, 204.625411987, 148.469818115, 265.732666016, 96.923614502, 135.170410156, 41.9781494141], [-1440.62939453, 2724.23681641, -640.235290527, 264.850219727, 214.605163574, 97.9597473145, 191.887115479, 112.150268555, 132.065460205, -4.58794164658, 79.5768585205, 41.5252037048, 46.9837303162], [1160.37194824, -640.235290527, 928.215026855, 274.390228271, 269.673126221, 294.503662109, 221.022247314, 190.609313965, 155.43107605, 195.752685547, 96.7873001099, 107.222824097, 55.7656707764], [351.072662354, 264.850219727, 274.390228271, 397.049316406, 289.101470947, 254.888168335, 225.34312439, 182.982498169, 158.069900513, 141.581100464, 108.048171997, 103.250770569, 73.0541915894], [337.497589111, 214.605163574, 269.673126221, 289.101470947, 359.115356445, 279.11529541, 235.221969604, 187.79737854, 167.924911499, 159.024520874, 119.785079956, 109.242668152, 73.1772689819], [492.280609131, 97.9597473145, 294.503662109, 254.888168335, 279.11529541, 361.973876953, 270.788452148, 186.873519897, 153.176879883, 173.30921936, 133.925064087, 125.208320618, 80.0126800537], [274.038238525, 191.887115479, 221.022247314, 225.34312439, 235.221969604, 270.788452148, 273.411773682, 186.329666138, 134.609008789, 132.233123779, 107.506454468, 102.666038513, 61.9981079102], [204.625411987, 112.150268555, 190.609313965, 182.982498169, 187.79737854, 186.873519897, 186.329666138, 193.663574219, 145.039733887, 115.481590271, 86.0202865601, 79.6056365967, 53.9461517334], [148.469818115, 132.065460205, 155.43107605, 158.069900513, 167.924911499, 153.176879883, 134.609008789, 145.039733887, 170.552764893, 128.452896118, 78.4057617188, 66.1423187256, 47.5932922363], [265.732666016, -4.58794164658, 195.752685547, 141.581100464, 159.024520874, 173.30921936, 132.233123779, 115.481590271, 128.452896118, 173.345916748, 105.043678284, 73.9130325317, 53.1105690002], [96.923614502, 79.5768585205, 96.7873001099, 108.048171997, 119.785079956, 133.925064087, 107.506454468, 86.0202865601, 78.4057617188, 105.043678284, 123.966011047, 77.8519821167, 41.8456764221], [135.170410156, 41.5252037048, 107.222824097, 103.250770569, 109.242668152, 125.208320618, 102.666038513, 79.6056365967, 66.1423187256, 73.9130325317, 77.8519821167, 104.190971375, 56.1798973083], [41.9781494141, 46.9837303162, 55.7656707764, 73.0541915894, 73.1772689819, 80.0126800537, 61.9981079102, 53.9461517334, 47.5932922363, 53.1105690002, 41.8456764221, 56.1798973083, 72.1865615845]],
