{
"lowlevel": {
    "average_loudness": 0.910131514072,
    "barkbands_crest": {
        "dmean": 3.82160353661,
        "dmean2": 6.47266340256,
        "dvar": 14.6831445694,
        "dvar2": 39.643913269,
        "max": 26.7329616547,
        "mean": 15.0118904114,
        "median": 14.7485675812,
        "min": 2.38570618629,
        "var": 42.3322639465
    },
    "barkbands_flatness_db": {
        "dmean": 0.0469802059233,
        "dmean2": 0.0711634755135,
        "dvar": 0.00247010099702,
        "dvar2": 0.00545111438259,
        "max": 0.732822299004,
        "mean": 0.194541752338,
        "median": 0.183526530862,
        "min": 0.0145421167836,
        "var": 0.00918487645686
    },
    "barkbands_kurtosis": {
        "dmean": 30.8527374268,
        "dmean2": 50.1566390991,
        "dvar": 6821.35791016,
        "dvar2": 17115.1308594,
        "max": 1453.25866699,
        "mean": 39.0469932556,
        "median": 5.74653434753,
        "min": -1.9022974968,
        "var": 8964.96386719
    },
    "barkbands_skewness": {
        "dmean": 1.66016495228,
        "dmean2": 2.64539313316,
        "dvar": 5.97115516663,
        "dvar2": 14.7295503616,
        "max": 33.2559814453,
        "mean": 3.53444862366,
        "median": 2.26573872566,
        "min": -3.90793037415,
        "var": 16.9225559235
    },
    "barkbands_spread": {
        "dmean": 7.96100759506,
        "dmean2": 12.8022575378,
        "dvar": 122.559272766,
        "dvar2": 290.014007568,
        "max": 119.188583374,
        "mean": 17.2962055206,
        "median": 12.2967834473,
        "min": 0.205336898565,
        "var": 321.298492432
    },
    "dissonance": {
        "dmean": 0.0213065166026,
        "dmean2": 0.0360174365342,
        "dvar": 0.000983198406175,
        "dvar2": 0.00263810856268,
        "max": 0.500000178814,
        "mean": 0.463451862335,
        "median": 0.475101977587,
        "min": 0.0781717002392,
        "var": 0.00152028049342
    },
    "dynamic_complexity": 3.31683301926,
    "erbbands_crest": {
        "dmean": 2.564057827,
        "dmean2": 4.06215524673,
        "dvar": 8.66234779358,
        "dvar2": 18.0145797729,
        "max": 28.6094837189,
        "mean": 8.82518577576,
        "median": 7.48573112488,
        "min": 1.97422111034,
        "var": 26.5693283081
    },
    "erbbands_flatness_db": {
        "dmean": 0.0271824952215,
        "dmean2": 0.0379208065569,
        "dvar": 0.000966548279393,
        "dvar2": 0.00174455996603,
        "max": 0.524964809418,
        "mean": 0.150590971112,
        "median": 0.134999930859,
        "min": 0.0357154607773,
        "var": 0.00557565828785
    },
    "erbbands_kurtosis": {
        "dmean": 1.73533952236,
        "dmean2": 2.8280980587,
        "dvar": 75.0737762451,
        "dvar2": 205.688491821,
        "max": 343.256652832,
        "mean": 1.07930874825,
        "median": -0.244379758835,
        "min": -1.80029177666,
        "var": 54.4926986694
    },
    "erbbands_skewness": {
        "dmean": 0.531119763851,
        "dmean2": 0.809597253799,
        "dvar": 0.536403119564,
        "dvar2": 1.25403809547,
        "max": 15.2230138779,
        "mean": 0.262381851673,
        "median": 0.0996895357966,
        "min": -3.80738592148,
        "var": 1.06547570229
    },
    "erbbands_spread": {
        "dmean": 12.6647367477,
        "dmean2": 19.4546070099,
        "dvar": 216.460342407,
        "dvar2": 460.423614502,
        "max": 165.239349365,
        "mean": 44.2004394531,
        "median": 40.8571395874,
        "min": 0.893580079079,
        "var": 612.047485352
    },
    "hfc": {
        "dmean": 14.783121109,
        "dmean2": 21.8039512634,
        "dvar": 1201.66381836,
        "dvar2": 2668.29833984,
        "max": 582.491088867,
        "mean": 24.9521999359,
        "median": 10.0296850204,
        "min": 1.10929724408e-16,
        "var": 2008.89831543
    },
    "melbands_crest": {
        "dmean": 3.9098880291,
        "dmean2": 6.53724193573,
        "dvar": 13.7595825195,
        "dvar2": 35.0118141174,
        "max": 36.043056488,
        "mean": 18.460893631,
        "median": 18.8010139465,
        "min": 1.62843644619,
        "var": 43.3096008301
    },
    "melbands_flatness_db": {
        "dmean": 0.054334897548,
        "dmean2": 0.0818863734603,
        "dvar": 0.00343501381576,
        "dvar2": 0.00739829335362,
        "max": 0.918133020401,
        "mean": 0.285184323788,
        "median": 0.277938097715,
        "min": 0.00318460189737,
        "var": 0.014065625146
    },
    "melbands_kurtosis": {
        "dmean": 38.6448707581,
        "dmean2": 61.7415237427,
        "dvar": 5275.89208984,
        "dvar2": 12374.5400391,
        "max": 1213.22155762,
        "mean": 66.4590530396,
        "median": 20.7998561859,
        "min": -1.88040792942,
        "var": 13963.9101562
    },
    "melbands_skewness": {
        "dmean": 1.71459698677,
        "dmean2": 2.72074699402,
        "dvar": 4.00439882278,
        "dvar2": 9.67251968384,
        "max": 24.63489151,
        "mean": 4.75771331787,
        "median": 3.92186450958,
        "min": -4.00599765778,
        "var": 16.1645393372
    },
    "melbands_spread": {
        "dmean": 8.65012168884,
        "dmean2": 14.1546535492,
        "dvar": 254.674713135,
        "dvar2": 580.508178711,
        "max": 201.545150757,
        "mean": 17.1782894135,
        "median": 10.19444561,
        "min": 0.243969932199,
        "var": 563.09954834
    },
    "pitch_salience": {
        "dmean": 0.115403100848,
        "dmean2": 0.193162366748,
        "dvar": 0.0139478631318,
        "dvar2": 0.0368294529617,
        "max": 0.974746763706,
        "mean": 0.436154782772,
        "median": 0.437533825636,
        "min": 0.0249942354858,
        "var": 0.0326750576496
    },
    "silence_rate_20dB": {
        "dmean": 0,
        "dmean2": 0,
        "dvar": 0,
        "dvar2": 0,
        "max": 1,
        "mean": 1,
        "median": 1,
        "min": 1,
        "var": 0
    },
    "silence_rate_30dB": {
        "dmean": 0.112013928592,
        "dmean2": 0.224049523473,
        "dvar": 0.0994743853807,
        "dvar2": 0.202081650496,
        "max": 1,
        "mean": 0.863526463509,
        "median": 1,
        "min": 0,
        "var": 0.117847666144
    },
    "silence_rate_60dB": {
        "dmean": 0.0366608612239,
        "dmean2": 0.0733288154006,
        "dvar": 0.0353155583143,
        "dvar2": 0.0741376951337,
        "max": 1,
        "mean": 0.096721149981,
        "median": 0,
        "min": 0,
        "var": 0.0873618200421
    },
    "spectral_centroid": {
        "dmean": 364.928741455,
        "dmean2": 558.019714355,
        "dvar": 222415.359375,
        "dvar2": 455745.34375,
        "max": 11405.8505859,
        "mean": 1194.14245605,
        "median": 968.91394043,
        "min": 83.4334182739,
        "var": 747866.8125
    },
    "spectral_complexity": {
        "dmean": 5.49274539948,
        "dmean2": 8.08116436005,
        "dvar": 59.0959320068,
        "dvar2": 114.11491394,
        "max": 68,
        "mean": 14.9382915497,
        "median": 11,
        "min": 0,
        "var": 177.366439819
    },
    "spectral_decrease": {
        "dmean": 6.84449785737e-09,
        "dmean2": 1.1117371912e-08,
        "dvar": 1.00028800806e-16,
        "dvar2": 2.46422821952e-16,
        "max": 1.14151296764e-18,
        "mean": -1.38595934729e-08,
        "median": -1.11646532019e-08,
        "min": -8.15671370447e-08,
        "var": 1.69281572682e-16
    },
    "spectral_energy": {
        "dmean": 0.026693508029,
        "dmean2": 0.042969070375,
        "dvar": 0.00150005077012,
        "dvar2": 0.00363034009933,
        "max": 0.311244994402,
        "mean": 0.054572597146,
        "median": 0.0436872318387,
        "min": 1.06076607778e-20,
        "var": 0.00260528782383
    },
    "spectral_energyband_high": {
        "dmean": 0.00106178293936,
        "dmean2": 0.00155592244118,
        "dvar": 9.18296427699e-06,
        "dvar2": 1.99937658181e-05,
        "max": 0.0524170845747,
        "mean": 0.00130701682065,
        "median": 0.00012414327648,
        "min": 7.67915706603e-21,
        "var": 1.4548976651e-05
    },
    "spectral_energyband_low": {
        "dmean": 0.0239489041269,
        "dmean2": 0.039985395968,
        "dvar": 0.00138332787901,
        "dvar2": 0.00364923314191,
        "max": 0.288394629955,
        "mean": 0.0409366413951,
        "median": 0.0311408378184,
        "min": 6.3726354869e-23,
        "var": 0.00208687735721
    },
    "spectral_energyband_middle_high": {
        "dmean": 0.0022988000419,
        "dmean2": 0.00387716945261,
        "dvar": 1.89527272596e-05,
        "dvar2": 4.84124066134e-05,
        "max": 0.051782105118,
        "mean": 0.00460809841752,
        "median": 0.00173945876304,
        "min": 1.72780803765e-21,
        "var": 4.16558978031e-05
    },
    "spectral_energyband_middle_low": {
        "dmean": 0.00573827279732,
        "dmean2": 0.00964141730219,
        "dvar": 9.33088522288e-05,
        "dvar2": 0.00024368717277,
        "max": 0.0721610561013,
        "mean": 0.00884268991649,
        "median": 0.00509654497728,
        "min": 3.20319759977e-22,
        "var": 0.000102019235783
    },
    "spectral_entropy": {
        "dmean": 0.312524288893,
        "dmean2": 0.438521385193,
        "dvar": 0.135439783335,
        "dvar2": 0.244072914124,
        "max": 9.80486011505,
        "mean": 7.41604995728,
        "median": 7.45267343521,
        "min": 2.87647914886,
        "var": 0.511912286282
    },
    "spectral_flux": {
        "dmean": 0.0495552904904,
        "dmean2": 0.0765536352992,
        "dvar": 0.00331512256525,
        "dvar2": 0.00662008160725,
        "max": 0.490121245384,
        "mean": 0.111726760864,
        "median": 0.0916271135211,
        "min": 1.02993495676e-10,
        "var": 0.00747762108222
    },
    "spectral_kurtosis": {
        "dmean": 3.1220870018,
        "dmean2": 4.9929356575,
        "dvar": 37.4929122925,
        "dvar2": 99.729057312,
        "max": 254.589538574,
        "mean": 6.84508752823,
        "median": 5.01543235779,
        "min": -1.20235168934,
        "var": 56.5728607178
    },
    "spectral_rms": {
        "dmean": 0.00162893999368,
        "dmean2": 0.0025572986342,
        "dvar": 3.76508614863e-06,
        "dvar2": 8.38861524244e-06,
        "max": 0.017425660044,
        "mean": 0.00640774611384,
        "median": 0.00652852887288,
        "min": 3.21697638146e-12,
        "var": 1.21823559311e-05
    },
    "spectral_rolloff": {
        "dmean": 718.602722168,
        "dmean2": 1233.83105469,
        "dvar": 3210209.75,
        "dvar2": 7234386.5,
        "max": 19035.3515625,
        "mean": 1365.91516113,
        "median": 387.59765625,
        "min": 64.599609375,
        "var": 6416802.5
    },
    "spectral_skewness": {
        "dmean": 0.386940568686,
        "dmean2": 0.599818408489,
        "dvar": 0.240574225783,
        "dvar2": 0.567501306534,
        "max": 12.0058755875,
        "mean": 1.85617887974,
        "median": 1.73127496243,
        "min": -0.0614647492766,
        "var": 0.50814473629
    },
    "spectral_spread": {
        "dmean": 1029902,
        "dmean2": 1505232,
        "dvar": 1.78251405722e+12,
        "dvar2": 3.92505301402e+12,
        "max": 40443124,
        "mean": 4865434.5,
        "median": 4624173.5,
        "min": 340160.34375,
        "var": 4.37051195392e+12
    },
    "spectral_strongpeak": {
        "dmean": 0.388862937689,
        "dmean2": 0.651390016079,
        "dvar": 0.584323048592,
        "dvar2": 1.323554039,
        "max": 14.5708837509,
        "mean": 0.786984026432,
        "median": 0.490111351013,
        "min": 0,
        "var": 1.36287641525
    },
    "zerocrossingrate": {
        "dmean": 0.015963839367,
        "dmean2": 0.0172272063792,
        "dvar": 0.000740906165447,
        "dvar2": 0.00074271223275,
        "max": 0.52490234375,
        "mean": 0.0552254654467,
        "median": 0.0322265625,
        "min": 0.00244140625,
        "var": 0.00467874994501
    },
    "barkbands": {
        "dmean": [0.000856693543028, 0.0215503629297, 0.00547698419541, 0.00192179169971, 0.00253101321869, 0.00113670004066, 0.00062211137265, 0.000325439614244, 0.000224983537919, 0.000235113926465, 0.000295159872621, 0.000394497357775, 0.000473576801596, 0.0003272962349, 0.000305040099192, 0.000195847416762, 0.000242037363932, 0.000190227059647, 0.000245385657763, 0.000216356420424, 0.000164656303241, 0.000126812432427, 0.000123371733935, 0.000114286965982, 0.000188447957044, 0.000248600903433, 9.22572144191e-05],
        "dmean2": [0.0014685158385, 0.036818690598, 0.00988452043384, 0.00330584868789, 0.00421523954719, 0.00187532079872, 0.00105026818346, 0.000553122663405, 0.000381024990929, 0.00041231297655, 0.000489940866828, 0.00066769507248, 0.000775425112806, 0.000540599576198, 0.00049843947636, 0.000326713750837, 0.000409072759794, 0.00033350524609, 0.000431779713836, 0.000377499352908, 0.000273924524663, 0.000195522268768, 0.000169131482835, 0.000177036519744, 0.000290408497676, 0.000371897680452, 0.000139254480018],
        "dvar": [1.40685267525e-06, 0.00115677341819, 0.000159390037879, 1.48903936861e-05, 2.05184533115e-05, 5.03908131577e-06, 2.18954232878e-06, 5.15918316069e-07, 1.64132160307e-07, 2.5170555773e-07, 4.09683735825e-07, 7.54937502734e-07, 2.10024404623e-06, 8.62052729644e-07, 6.04030049089e-07, 1.3976601565e-07, 2.49647229111e-07, 2.08293087667e-07, 3.98540919377e-07, 3.30572447638e-07, 1.48578465087e-07, 1.0410541762e-07, 1.34665754103e-07, 1.17869333849e-07, 6.73837121212e-07, 8.04918272479e-07, 1.08981090818e-07],
        "dvar2": [3.89056231143e-06, 0.00326774129644, 0.000456320005469, 4.09772001149e-05, 5.20146495546e-05, 1.19348896988e-05, 5.70633301322e-06, 1.26621080199e-06, 4.29456008533e-07, 7.10664323833e-07, 8.9641514478e-07, 1.76228127202e-06, 4.33633249486e-06, 1.76799653673e-06, 1.3333321931e-06, 3.65322620155e-07, 6.78549952227e-07, 5.93969673446e-07, 1.12325051305e-06, 9.29579755393e-07, 3.80555320589e-07, 2.1676048334e-07, 2.3615869793e-07, 2.84739201106e-07, 1.77710057869e-06, 1.94534823095e-06, 2.55473338484e-07],
        "max": [0.0164067167789, 0.270451486111, 0.131900936365, 0.0419338084757, 0.0399268306792, 0.0271862689406, 0.0281791891903, 0.013574782759, 0.0054920585826, 0.00788579043001, 0.0159068759531, 0.0153109496459, 0.0343600548804, 0.0216555837542, 0.0148021634668, 0.00639700144529, 0.00497996993363, 0.00554499216378, 0.00724237272516, 0.00940823834389, 0.00607921741903, 0.00362362759188, 0.00606341380626, 0.00632358994335, 0.0161182563752, 0.0214998107404, 0.00612561963499],
        "mean": [0.00116335379425, 0.0330545417964, 0.00565920444205, 0.00221825018525, 0.00338683463633, 0.00159209838603, 0.000785113777965, 0.000436729256762, 0.000300707353745, 0.000309849740006, 0.00046649921569, 0.000689175678417, 0.00102860538755, 0.00050411146367, 0.000537034298759, 0.000255285267485, 0.000308771879645, 0.000215027655941, 0.000251770892646, 0.000228511082241, 0.000191751969396, 0.000163052449352, 0.000167729609529, 0.00012746595894, 0.000179673588718, 0.000256802071817, 9.45822466747e-05],
        "median": [0.000554360100068, 0.0223103445023, 0.00189146120101, 0.000725293532014, 0.00110716093332, 0.000466008408694, 0.000160448907991, 9.70692635747e-05, 9.20427482924e-05, 9.25832282519e-05, 0.000123088364489, 0.000149613144458, 0.000151071741129, 9.34334238991e-05, 8.97974969121e-05, 7.97789834905e-05, 9.01155581232e-05, 6.11612194916e-05, 5.22146692674e-05, 3.35174518113e-05, 2.64370046352e-05, 1.33171060952e-05, 1.20184658954e-05, 9.17862507777e-06, 7.60317061577e-06, 8.74620309332e-06, 3.30620849809e-07],
        "min": [3.12734881306e-23, 1.97959847891e-23, 1.88252504244e-23, 7.3083316478e-24, 5.60714316604e-23, 2.37726168351e-23, 6.19574131751e-23, 2.66206161177e-23, 1.13133016286e-22, 7.56322223038e-23, 9.39061599297e-23, 1.06287180376e-22, 1.56323012007e-22, 8.9198313778e-23, 1.16706909596e-22, 2.13274566313e-22, 2.76980928291e-22, 2.15817601436e-22, 2.63214964707e-22, 3.48298144552e-22, 3.88873640663e-22, 6.72662223996e-22, 8.06907215455e-22, 7.87058515825e-22, 1.10233509435e-21, 1.63653766395e-21, 2.2772171192e-21],
        "var": [2.42628470914e-06, 0.00154682260472, 0.000120746430184, 1.48594599523e-05, 2.66065708274e-05, 8.7022626758e-06, 3.03410683955e-06, 1.25318626942e-06, 2.2344978845e-07, 3.06885908685e-07, 9.13980102268e-07, 2.15074578591e-06, 1.05001217889e-05, 2.31522653849e-06, 1.97353551812e-06, 1.99511205778e-07, 3.11760317118e-07, 1.94994285607e-07, 3.60169480018e-07, 3.31734639758e-07, 2.12269910094e-07, 1.98747287072e-07, 2.78062543657e-07, 1.65841925082e-07, 5.91727371102e-07, 9.0361987759e-07, 1.21701148714e-07]
    },
    "erbbands": {
        "dmean": [0.590303897858, 5.1628112793, 7.11878061295, 6.30763721466, 6.87322330475, 9.14555454254, 8.73254299164, 10.0265369415, 9.83193016052, 8.10916996002, 6.3241147995, 5.20229673386, 6.26971483231, 7.84442472458, 13.6999435425, 17.1698169708, 21.0551109314, 17.8465614319, 15.1814985275, 12.5018692017, 10.8650121689, 12.9187602997, 10.8373355865, 10.6664304733, 12.437795639, 9.8668794632, 7.6949338913, 6.08989191055, 4.41534900665, 4.24438667297, 3.75005173683, 3.04102182388, 1.47996449471, 1.60238695145, 1.66510570049, 1.16829037666, 0.411479741335, 0.115954264998, 0.0159233976156, 0.000594264070969],
        "dmean2": [1.02396631241, 8.7729845047, 12.1506233215, 11.1582641602, 11.4472150803, 15.3777990341, 14.5124368668, 16.549861908, 16.1974563599, 13.9458360672, 10.9390926361, 8.816447258, 10.7035932541, 13.9150667191, 22.5437107086, 28.9513435364, 34.2938613892, 29.262802124, 25.3802547455, 20.587305069, 18.0112552643, 21.8407154083, 18.9120998383, 18.7648639679, 22.0160274506, 17.2534561157, 13.0654888153, 9.86882305145, 6.85776615143, 6.05743074417, 5.62273168564, 4.83369255066, 2.16615390778, 2.45183205605, 2.62943840027, 1.76454782486, 0.6213747859, 0.174775391817, 0.0236484482884, 0.000874156423379],
        "dvar": [0.745968222618, 71.2953643799, 199.257781982, 200.452728271, 163.462295532, 297.822845459, 287.806030273, 474.153594971, 479.765136719, 384.781799316, 225.951629639, 90.9009017944, 148.428726196, 305.156280518, 904.311889648, 1586.71459961, 4007.23193359, 2485.07958984, 1079.10083008, 865.74609375, 418.17678833, 751.498901367, 614.010925293, 727.893615723, 1082.00732422, 711.225036621, 333.646881104, 203.434707642, 123.987571716, 135.633346558, 134.200012207, 104.148300171, 15.9907369614, 50.4228439331, 58.0011901855, 24.8188266754, 1.69715833664, 0.15944673121, 0.00316822412424, 3.86267038266e-06],
        "dvar2": [2.3252363205, 194.926315308, 537.112976074, 568.992492676, 426.476501465, 750.731567383, 702.998657227, 1067.83813477, 1189.24145508, 1019.75592041, 545.84954834, 232.558303833, 391.721984863, 863.212341309, 1931.3013916, 3698.83251953, 8427.00292969, 4968.31542969, 2663.54541016, 2033.50048828, 1061.43579102, 2087.4777832, 1747.82141113, 2023.18774414, 3073.34716797, 2017.3671875, 887.170471191, 484.727203369, 268.423706055, 260.091796875, 275.862182617, 266.981628418, 30.7305221558, 135.05116272, 154.202301025, 62.3495864868, 4.00247478485, 0.378434479237, 0.00718100043014, 8.33239664644e-06],
        "max": [6.48591804504, 64.8758163452, 133.576065063, 165.074554443, 122.135475159, 161.81867981, 193.068252563, 312.766937256, 375.006988525, 287.335021973, 367.378723145, 103.217765808, 224.085861206, 407.100067139, 791.58996582, 782.33416748, 1462.11853027, 1139.43884277, 567.655822754, 507.055480957, 377.235534668, 306.158203125, 280.527252197, 315.009246826, 396.255126953, 404.931182861, 210.927505493, 224.262741089, 126.810333252, 153.637359619, 192.457275391, 185.429580688, 57.0377502441, 150.341400146, 143.71786499, 128.597579956, 23.0744743347, 7.19697761536, 0.977173984051, 0.0315009988844],
        "mean": [0.887467324734, 7.48007678986, 8.74936962128, 7.16123771667, 9.15417289734, 11.1580820084, 11.1614990234, 14.7995939255, 14.3189496994, 9.01656246185, 8.82670116425, 7.3915271759, 9.16928958893, 9.90442657471, 22.0241699219, 31.8967571259, 47.7321472168, 33.7462234497, 26.9024333954, 20.239818573, 15.6686706543, 16.3019828796, 12.5809583664, 11.9612436295, 12.324962616, 10.3748416901, 8.80904960632, 7.20885705948, 5.73922967911, 5.23809766769, 4.94815349579, 3.31107854843, 1.83258700371, 1.66391801834, 1.51556563377, 1.17995798588, 0.421404570341, 0.11900704354, 0.0162332952023, 0.00065049395198],
        "median": [0.561175823212, 4.55613565445, 4.26812362671, 2.58535146713, 3.00651907921, 3.25809907913, 2.98943924904, 3.93764019012, 3.25970196724, 2.37282896042, 2.38422513008, 2.40722775459, 3.19018125534, 3.38110613823, 5.82244062424, 8.48460006714, 8.14978694916, 7.06597566605, 6.01375818253, 5.32480764389, 5.45901155472, 4.87110805511, 3.88429355621, 3.33670139313, 1.93212532997, 1.56234121323, 1.25892341137, 0.881856143475, 0.538437128067, 0.345705896616, 0.343103021383, 0.234671875834, 0.141009032726, 0.0850210338831, 0.0556932576001, 0.0387149788439, 0.0159789435565, 0.00225954921916, 8.6737833044e-05, 6.40848593321e-05],
        "min": [1.23839307749e-21, 2.58016656594e-21, 1.77755119809e-20, 2.17770870515e-20, 9.20717743856e-20, 2.71991435219e-19, 1.10488000759e-19, 2.69241188929e-19, 8.56361218118e-19, 6.83226318852e-19, 1.31081088623e-18, 2.53751032547e-18, 2.32830311367e-18, 2.5263562085e-18, 3.01291770008e-18, 5.758302029e-18, 6.43374462999e-18, 3.71693360097e-18, 5.31907201887e-18, 1.0858587671e-17, 1.1217928164e-17, 1.41696667588e-17, 1.16795859356e-17, 1.24325899539e-17, 1.37876929499e-17, 1.51800232092e-17, 1.40490820234e-17, 2.49735736553e-17, 2.02277555854e-17, 1.96230468529e-17, 2.37370941495e-17, 1.96628557471e-17, 1.1424951619e-17, 1.02795215375e-17, 9.61390087913e-18, 5.70666403849e-18, 2.82237085571e-18, 1.54614769961e-18, 3.1765102955e-19, 2.7402975042e-20],
        "var": [1.0658570528, 89.9865570068, 198.165802002, 157.068618774, 215.288375854, 369.65524292, 408.886352539, 963.185791016, 937.494995117, 366.55581665, 659.965637207, 135.503005981, 244.146728516, 326.683807373, 2136.14599609, 4212.15966797, 19280.0292969, 7668.13818359, 2758.55664062, 2219.83325195, 670.274169922, 899.692626953, 591.469116211, 676.168212891, 976.062194824, 685.371826172, 440.533843994, 314.795806885, 231.617752075, 253.94670105, 246.750915527, 130.132278442, 29.4671230316, 44.7296218872, 48.5316123962, 24.668006897, 2.04149460793, 0.185617297888, 0.00365033582784, 4.85606278744e-06]
    },
    "gfcc": {
        "mean": [-36.0864448547, 88.3781280518, -94.9646224976, 33.4459877014, -25.623298645, 19.2112579346, -25.748046875, 6.64739751816, -21.4702739716, 10.2486257553, -9.57751560211, 7.29155397415, -11.1919202805],
        "cov": [[18381.7597656, -330.109313965, 887.019470215, 279.881286621, -300.959686279, 137.896362305, -506.271026611, 96.8902053833, -371.236419678, 146.584976196, -205.95022583, 243.73916626, -118.140403748], [-330.109313965, 3960.82983398, -420.325256348, -177.443481445, 225.323471069, -597.797180176, 208.176193237, -442.129333496, 21.8865814209, -366.085174561, 146.9818573, -165.013534546, 219.008270264], [887.019470215, -420.325256348, 2040.05786133, 646.975952148, 266.535125732, 371.38269043, 25.4401531219, 132.364013672, -67.7663803101, -75.0656890869, -95.7872314453, 58.2731018066, -75.2606506348], [279.881286621, -177.443481445, 646.975952148, 617.142883301, 125.759529114, 136.478118896, 108.841674805, 94.5748214722, -7.26221752167, -45.643951416, -70.5810012817, -4.91182088852, -21.589012146], [-300.959686279, 225.323471069, 266.535125732, 125.759529114, 407.683746338, 138.476593018, 144.213119507, -19.4435768127, 31.0487041473, -54.8407325745, 25.7817993164, -34.9561691284, -26.4599380493], [137.896362305, -597.797180176, 371.38269043, 136.478118896, 138.476593018, 430.367919922, -3.56041169167, 135.292953491, -17.9580097198, 65.3385009766, -9.636926651, 33.9926757812, -79.374961853], [-506.271026611, 208.176193237, 25.4401531219, 108.841674805, 144.213119507, -3.56041169167, 238.695129395, 2.73189306259, 81.7077102661, -28.6117591858, 12.235918045, -36.831653595, 10.6797161102], [96.8902053833, -442.129333496, 132.364013672, 94.5748214722, -19.4435768127, 135.292953491, 2.73189306259, 198.468994141, 45.0026321411, 66.450050354, -20.046995163, 28.5224285126, -28.7805843353], [-371.236419678, 21.8865814209, -67.7663803101, -7.26221752167, 31.0487041473, -17.9580097198, 81.7077102661, 45.0026321411, 117.944984436, 40.0443344116, 29.4369277954, -12.2904825211, 7.36353683472], [146.584976196, -366.085174561, -75.0656890869, -45.643951416, -54.8407325745, 65.3385009766, -28.6117591858, 66.450050354, 40.0443344116, 129.737731934, 34.238822937, 25.8951568604, -24.7188358307], [-205.95022583, 146.9818573, -95.7872314453, -70.5810012817, 25.7817993164, -9.636926651, 12.235918045, -20.046995163, 29.4369277954, 34.238822937, 100.236618042, 30.3816623688, 17.3756542206], [243.73916626, -165.013534546, 58.2731018066, -4.91182088852, -34.9561691284, 33.9926757812, -36.831653595, 28.5224285126, -12.2904825211, 25.8951568604, 30.3816623688, 89.7731704712, 23.3537139893], [-118.140403748, 219.008270264, -75.2606506348, -21.589012146, -26.4599380493, -79.374961853, 10.6797161102, -28.7805843353, 7.36353683472, -24.7188358307, 17.3756542206, 23.3537139893, 78.0504608154]],
        "icov": [[7.11614993634e-05, -5.96519712417e-05, -1.30819789774e-05, -3.0386594517e-05, -3.46304586856e-05, 5.96814934397e-05, 5.47229574295e-05, -6.36136155663e-06, 0.000189257829334, -0.000335966353305, 0.000337513483828, -0.000350742106093, 0.00019874892314], [-5.96519712417e-05, 0.00067422259599, -2.76560967905e-05, 6.30043650744e-05, -6.31846487522e-05, 0.000249464967055, -2.69344400294e-05, 0.000244365510298, -0.000227045500651, 0.00168592645787, -0.0017925305292, 0.00161478063092, -0.00119406776503], [-1.30819789774e-05, -2.76560967905e-05, 0.000939960766118, -0.000815495790448, -0.00034242219408, -0.000402310863137, 0.00044114884804, 9.36565920711e-05, -0.000321431580232, 0.000606529472861, 0.000444070523372, -0.00103020458482, 0.000619351165369], [-3.0386594517e-05, 6.30043650744e-05, -0.000815495790448, 0.00308349798433, -7.36937654437e-05, 7.36707734177e-05, -0.0016399883898, -0.00123755203094, 0.00107899075374, 0.000249353586696, 0.000765591161326, 0.000558561121579, -0.000698614574503], [-3.46304586856e-05, -6.31846487522e-05, -0.00034242219408, -7.36937654437e-05, 0.0050729457289, -0.00224975659512, -0.00195297657046, 0.00123666098807, -0.00135329400655, 0.00289262318984, -0.00260330294259, 0.00139519490767, 0.0011352627771], [5.96814934397e-05, 0.000249464967055, -0.000402310863137, 7.36707734177e-05, -0.00224975659512, 0.00550546497107, -0.000165265228134, -0.00269862660207, 0.00301957852207, -0.00217460328713, -0.000194794352865, -0.0010971063748, 0.00228455476463], [5.47229574295e-05, -2.69344400294e-05, 0.00044114884804, -0.0016399883898, -0.00195297657046, -0.000165265228134, 0.00861367490143, 0.000658014789224, -0.00586706679314, 0.00186229334213, -8.07421893114e-05, 0.000936118070967, -0.000754776294343], [-6.36136155663e-06, 0.000244365510298, 9.36565920711e-05, -0.00123755203094, 0.00123666098807, -0.00269862660207, 0.000658014789224, 0.0109163047746, -0.00624176627025, -0.00140582316089, 0.00349689112045, -0.00324969738722, 0.00100029155146], [0.000189257829334, -0.000227045500651, -0.000321431580232, 0.00107899075374, -0.00135329400655, 0.00301957852207, -0.00586706679314, -0.00624176627025, 0.0201120693237, -0.00766479596496, -0.00268153753132, 0.00385724101216, -0.00285678519867], [-0.000335966353305, 0.00168592645787, 0.000606529472861, 0.000249353586696, 0.00289262318984, -0.00217460328713, 0.00186229334213, -0.00140582316089, -0.00766479596496, 0.0218652710319, -0.0102161662653, 0.00219647749327, 0.0026755661238], [0.000337513483828, -0.0017925305292, 0.000444070523372, 0.000765591161326, -0.00260330294259, -0.000194794352865, -8.07421893114e-05, 0.00349689112045, -0.00268153753132, -0.0102161662653, 0.0233089737594, -0.0123509671539, 0.00192450312898], [-0.000350742106093, 0.00161478063092, -0.00103020458482, 0.000558561121579, 0.00139519490767, -0.0010971063748, 0.000936118070967, -0.00324969738722, 0.00385724101216, 0.00219647749327, -0.0123509671539, 0.025433992967, -0.0123988315463], [0.00019874892314, -0.00119406776503, 0.000619351165369, -0.000698614574503, 0.0011352627771, 0.00228455476463, -0.000754776294343, 0.00100029155146, -0.00285678519867, 0.0026755661238, 0.00192450312898, -0.0123988315463, 0.0244462210685]]
    },
    "melbands": {
        "dmean": [0.00565672898665, 0.00462790066376, 0.00108604424167, 0.000559336040169, 0.000339396909112, 0.000223007416935, 0.000143116674735, 8.46924594953e-05, 5.00595197082e-05, 3.18049314956e-05, 3.16763034789e-05, 3.17728954542e-05, 4.00582175644e-05, 4.14426031057e-05, 5.10487952852e-05, 4.84672418679e-05, 3.36862358381e-05, 2.42811474891e-05, 2.37607455347e-05, 1.45901794895e-05, 1.31077777041e-05, 1.45055801113e-05, 1.17391728054e-05, 8.57739269122e-06, 8.83833308762e-06, 9.81826997304e-06, 7.85149950389e-06, 6.56477322991e-06, 5.51110588276e-06, 4.09215726904e-06, 3.40609972227e-06, 2.44740613198e-06, 2.6179818633e-06, 2.34195749726e-06, 2.08022879633e-06, 2.27439750233e-06, 1.75036052497e-06, 9.88682359093e-07, 1.03641173155e-06, 1.48133335642e-06],
        "dmean2": [0.00974688306451, 0.00768256094307, 0.00189950782806, 0.000945432810113, 0.00055919616716, 0.000367475848179, 0.000236355728703, 0.000144907520735, 8.66312911967e-05, 5.38466883881e-05, 5.42662601219e-05, 5.65953960177e-05, 6.66855921736e-05, 6.97942450643e-05, 8.60699874465e-05, 7.754338003e-05, 5.53295431018e-05, 4.12392873841e-05, 3.86138126487e-05, 2.44109651248e-05, 2.15782984014e-05, 2.44757957262e-05, 2.03595755011e-05, 1.49791640069e-05, 1.55355792231e-05, 1.72532090801e-05, 1.39963358379e-05, 1.14399290396e-05, 9.48561955738e-06, 6.88625641487e-06, 5.36564130016e-06, 3.76622733711e-06, 4.12766166846e-06, 3.25286850966e-06, 3.10048017127e-06, 3.58836518899e-06, 2.85610940409e-06, 1.46719457916e-06, 1.54406654929e-06, 2.33394075622e-06],
        "dvar": [7.44240824133e-05, 6.32175724604e-05, 5.24462120666e-06, 1.03577542632e-06, 4.28452921142e-07, 2.12225373275e-07, 9.99572122851e-08, 3.93214278915e-08, 1.35759670172e-08, 3.30875260524e-09, 3.9102685534e-09, 5.2906465875e-09, 7.72673658389e-09, 7.92500465252e-09, 1.85879063253e-08, 2.98043651981e-08, 1.14226139658e-08, 2.64684940632e-09, 4.86789231147e-09, 8.33685731561e-10, 6.13734896238e-10, 9.35012955949e-10, 7.83754838807e-10, 4.73175887361e-10, 4.92606400115e-10, 6.52903675569e-10, 4.71928496282e-10, 3.09601871917e-10, 1.77957676373e-10, 1.23008297992e-10, 6.08664646462e-11, 3.71935190979e-11, 5.06253233779e-11, 4.58609157594e-11, 3.82252111908e-11, 7.30079399713e-11, 3.01098417033e-11, 6.73896875802e-12, 1.0142275908e-11, 5.56113384509e-11],
        "dvar2": [0.000219484238187, 0.00016027939273, 1.47578239194e-05, 2.76877426586e-06, 1.00807164927e-06, 4.86179601467e-07, 2.50813457114e-07, 1.02896045462e-07, 3.31207310467e-08, 8.37203018023e-09, 1.04322328554e-08, 1.50780596897e-08, 1.70894267626e-08, 1.82084569644e-08, 4.78619739397e-08, 5.30129042886e-08, 2.22442562148e-08, 6.78287115363e-09, 9.76432978916e-09, 2.19307483285e-09, 1.55559987114e-09, 2.58586974056e-09, 2.26677476789e-09, 1.33802491309e-09, 1.36934730222e-09, 1.8457206874e-09, 1.33980804229e-09, 8.79380568364e-10, 4.83921014371e-10, 3.38780475895e-10, 1.33884500708e-10, 7.77725453482e-11, 1.18707918495e-10, 8.82223044618e-11, 7.51818468592e-11, 1.77231854193e-10, 7.96865351482e-11, 1.27702006955e-11, 2.13225461593e-11, 1.54371571082e-10],
        "max": [0.0701828151941, 0.061178766191, 0.0250193662941, 0.00919741019607, 0.00691332854331, 0.00611826730892, 0.00549087813124, 0.0025752778165, 0.00276347459294, 0.000591219577473, 0.00112327560782, 0.0016143451212, 0.00211390084587, 0.00171365123242, 0.00218757032417, 0.00479175336659, 0.00262012262829, 0.000847807095852, 0.00162623473443, 0.000344548228895, 0.000401625031373, 0.000359124678653, 0.000303907756461, 0.000311333104037, 0.000269025564194, 0.00028113037115, 0.000382312166039, 0.000237362284679, 0.000160146548296, 0.00023796048481, 9.02376705199e-05, 7.5260119047e-05, 8.42142180772e-05, 9.04479165911e-05, 8.88110880624e-05, 0.000162155018188, 8.4597406385e-05, 4.04091260862e-05, 4.73951149615e-05, 0.000165368488524],
        "mean": [0.00888280104846, 0.00672498391941, 0.00132345384918, 0.000715884030797, 0.000444632372819, 0.000331002665916, 0.000200976690394, 9.46468062466e-05, 6.92396934028e-05, 4.44657416665e-05, 4.5125001634e-05, 3.72772337869e-05, 6.19911224931e-05, 6.9782952778e-05, 9.32019320317e-05, 0.000112826164695, 5.61586020922e-05, 3.90664063161e-05, 4.18667332269e-05, 1.86666293303e-05, 1.81748546311e-05, 1.79972448677e-05, 1.33636549435e-05, 9.5700906968e-06, 9.58702821663e-06, 9.58194414125e-06, 7.73421652411e-06, 6.79538516124e-06, 6.00267912887e-06, 4.55156623502e-06, 4.00854196414e-06, 3.21318452734e-06, 3.08634412249e-06, 2.79118057733e-06, 2.80762560578e-06, 2.6495486054e-06, 1.772392352e-06, 1.24061125462e-06, 1.24803966628e-06, 1.46212812524e-06],
        "median": [0.00608135480434, 0.00420672120526, 0.000537764455657, 0.000234405233641, 0.000117317409604, 9.03578475118e-05, 4.61375166196e-05, 2.16344324144e-05, 1.81785508175e-05, 1.42233639053e-05, 1.46233032865e-05, 1.06862107714e-05, 1.58305592777e-05, 1.96258206415e-05, 2.07718167076e-05, 1.30400230773e-05, 1.04730497696e-05, 8.70637995831e-06, 6.2099798015e-06, 6.14961300016e-06, 5.63967569178e-06, 4.94080859426e-06, 3.72322438125e-06, 2.65670792032e-06, 2.5825031571e-06, 1.51574749907e-06, 1.08450092284e-06, 9.74737531578e-07, 8.0457311924e-07, 6.11408552231e-07, 4.42906696208e-07, 3.07870720917e-07, 2.04183720598e-07, 1.84797997349e-07, 1.97578359007e-07, 1.71009119754e-07, 1.22137393532e-07, 9.74275309318e-08, 8.44327345817e-08, 6.44415720785e-08],
        "min": [1.066708129e-23, 7.32696769782e-24, 6.31075234655e-24, 1.21572269182e-23, 6.48709746875e-24, 6.05762818131e-24, 1.28835035435e-23, 6.57801960453e-24, 1.51050265716e-23, 1.42386663934e-23, 1.13028029943e-23, 1.00554190545e-23, 1.25670283256e-23, 1.17678672635e-23, 1.4258864388e-23, 1.4519005471e-23, 6.00374977035e-24, 8.61265320115e-24, 1.09170373899e-23, 1.85486836797e-23, 1.19992370116e-23, 1.59490982739e-23, 1.15717240992e-23, 1.02204093128e-23, 9.66632682365e-24, 1.16794659328e-23, 9.08750013444e-24, 1.06240994148e-23, 9.13127087063e-24, 9.57954423546e-24, 1.77447933965e-23, 1.43287479979e-23, 7.21895134066e-24, 1.21518145436e-23, 1.29312698602e-23, 1.61061036821e-23, 9.83629716087e-24, 7.39962809808e-24, 8.13824014136e-24, 8.76493569916e-24],
        "var": [0.000104437218397, 7.99459812697e-05, 4.48186347057e-06, 1.138685775e-06, 6.62956665565e-07, 4.17238510408e-07, 1.75067199848e-07, 4.20939230139e-08, 3.7854618995e-08, 5.08229280882e-09, 6.27634477723e-09, 5.40807221228e-09, 1.64967275396e-08, 1.79723649296e-08, 3.90237069325e-08, 1.89351780477e-07, 3.26912044102e-08, 5.50479217765e-09, 1.79159105329e-08, 1.13702847138e-09, 9.85355796956e-10, 1.1311450665e-09, 7.44821537779e-10, 4.23191121035e-10, 4.48378306706e-10, 5.88520898681e-10, 4.21697704533e-10, 2.9860014461e-10, 2.13320361375e-10, 1.40488190525e-10, 1.00012033377e-10, 7.08327146937e-11, 8.07624592203e-11, 7.940146457e-11, 7.51806603083e-11, 9.33860697105e-11, 3.54837929872e-11, 1.26845599996e-11, 1.60442891611e-11, 4.27359328481e-11]
    },
    "mfcc": {
        "mean": [-686.25390625, 126.056884766, 1.05501902103, 30.3848743439, 19.9606552124, 19.9327259064, 12.3679084778, 6.07979393005, 0.575958609581, 1.52199852467, 3.80554938316, 6.96599340439, 3.57981348038],
        "cov": [[10965.1601562, 308.066680908, 204.876022339, 191.657089233, 23.3510131836, 65.867767334, -58.0761795044, -85.5547103882, -62.8136177063, -49.0271072388, -149.808853149, -82.9231109619, 78.9315948486], [308.066680908, 3025.7253418, -97.8436050415, 205.298965454, 18.5375518799, -94.1302642822, 10.1820583344, -75.882522583, -92.2256393433, -198.007659912, -148.057144165, -62.3256072998, -99.6536026001], [204.876022339, -97.8436050415, 1164.73278809, 372.968444824, 267.965026855, 243.045776367, 102.237663269, 191.782211304, 25.5180130005, 90.8365402222, -38.0041847229, -42.5317077637, -34.1658058167], [191.657089233, 205.298965454, 372.968444824, 522.70513916, 93.3935699463, 93.3938980103, 83.3809051514, 103.838157654, 85.6744918823, 25.4183044434, -12.0860671997, -24.8929786682, -3.68341684341], [23.3510131836, 18.5375518799, 267.965026855, 93.3935699463, 307.23236084, 178.245269775, 113.955223083, 117.377441406, -10.8654785156, 53.7397880554, -1.65699625015, 28.1040210724, -22.491689682], [65.867767334, -94.1302642822, 243.045776367, 93.3938980103, 178.245269775, 243.169906616, 135.13973999, 106.752876282, 13.3265686035, 62.6665267944, 19.3341884613, 14.8704071045, -8.7469701767], [-58.0761795044, 10.1820583344, 102.237663269, 83.3809051514, 113.955223083, 135.13973999, 146.455429077, 89.5278015137, 19.7398948669, 36.1265716553, 15.4481220245, 25.5981903076, -3.44518637657], [-85.5547103882, -75.882522583, 191.782211304, 103.838157654, 117.377441406, 106.752876282, 89.5278015137, 164.659042358, 57.8536949158, 53.0679702759, 11.4628725052, 22.367023468, -0.898783504963], [-62.8136177063, -92.2256393433, 25.5180130005, 85.6744918823, -10.8654785156, 13.3265686035, 19.7398948669, 57.8536949158, 119.328651428, 48.8848953247, 23.322385788, 7.17755651474, 12.2949037552], [-49.0271072388, -198.007659912, 90.8365402222, 25.4183044434, 53.7397880554, 62.6665267944, 36.1265716553, 53.0679702759, 48.8848953247, 122.789756775, 51.6725234985, 25.4093093872, 17.5052051544], [-149.808853149, -148.057144165, -38.0041847229, -12.0860671997, -1.65699625015, 19.3341884613, 15.4481220245, 11.4628725052, 23.322385788, 51.6725234985, 86.900062561, 49.1164703369, 23.4438228607], [-82.9231109619, -62.3256072998, -42.5317077637, -24.8929786682, 28.1040210724, 14.8704071045, 25.5981903076, 22.367023468, 7.17755651474, 25.4093093872, 49.1164703369, 97.5760192871, 39.3240776062], [78.9315948486, -99.6536026001, -34.1658058167, -3.68341684341, -22.491689682, -8.7469701767, -3.44518637657, -0.898783504963, 12.2949037552, 17.5052051544, 23.4438228607, 39.3240776062, 73.6074829102]],
