{
"lowlevel": {
    "average_loudness": 0.828462600708,
    "barkbands_crest": {
        "dmean": 2.51217865944,
        "dmean2": 3.99873113632,
        "dvar": 4.31501197815,
        "dvar2": 9.77177429199,
        "max": 26.385219574,
        "mean": 14.7473287582,
        "median": 14.0480384827,
        "min": 4.5024971962,
        "var": 22.2536582947
    },
    "barkbands_flatness_db": {
        "dmean": 0.0214873105288,
        "dmean2": 0.0327006913722,
        "dvar": 0.000333369302098,
        "dvar2": 0.000760389724746,
        "max": 0.520747542381,
        "mean": 0.307709932327,
        "median": 0.302748799324,
        "min": 0.0676033347845,
        "var": 0.0045331469737
    },
    "barkbands_kurtosis": {
        "dmean": 6.36367177963,
        "dmean2": 9.76742744446,
        "dvar": 79.1203536987,
        "dvar2": 187.162841797,
        "max": 189.433456421,
        "mean": 14.1519117355,
        "median": 8.28997039795,
        "min": -1.83198797703,
        "var": 272.845916748
    },
    "barkbands_skewness": {
        "dmean": 0.6545612216,
        "dmean2": 0.98894071579,
        "dvar": 0.364140808582,
        "dvar2": 0.855695605278,
        "max": 10.8862934113,
        "mean": 2.64624905586,
        "median": 2.37244129181,
        "min": -2.84247136116,
        "var": 2.73484754562
    },
    "barkbands_spread": {
        "dmean": 1.15213894844,
        "dmean2": 1.76285707951,
        "dvar": 2.22147035599,
        "dvar2": 5.1194691658,
        "max": 117.75642395,
        "mean": 4.67555332184,
        "median": 3.85034942627,
        "min": 0.361261457205,
        "var": 18.3825912476
    },
    "dissonance": {
        "dmean": 0.0340232737362,
        "dmean2": 0.057178568095,
        "dvar": 0.000796812702902,
        "dvar2": 0.0022520981729,
        "max": 0.499122679234,
        "mean": 0.393881499767,
        "median": 0.398211598396,
        "min": 0.140875056386,
        "var": 0.00322325993329
    },
    "dynamic_complexity": 3.90319252014,
    "erbbands_crest": {
        "dmean": 2.26819658279,
        "dmean2": 3.52056479454,
        "dvar": 4.48571634293,
        "dvar2": 10.5687551498,
        "max": 32.8528823853,
        "mean": 11.0653533936,
        "median": 10.1938877106,
        "min": 2.69163274765,
        "var": 17.637512207
    },
    "erbbands_flatness_db": {
        "dmean": 0.0138100637123,
        "dmean2": 0.0202217362821,
        "dvar": 0.000183011215995,
        "dvar2": 0.000385845138226,
        "max": 0.439160615206,
        "mean": 0.223789542913,
        "median": 0.219466045499,
        "min": 0.0368232242763,
        "var": 0.00185910984874
    },
    "erbbands_kurtosis": {
        "dmean": 1.30716013908,
        "dmean2": 1.95778822899,
        "dvar": 3.47200059891,
        "dvar2": 6.93700027466,
        "max": 51.6262016296,
        "mean": 2.25762844086,
        "median": 1.25709533691,
        "min": -1.64705812931,
        "var": 14.0544662476
    },
    "erbbands_skewness": {
        "dmean": 0.311669498682,
        "dmean2": 0.464447915554,
        "dvar": 0.0800324678421,
        "dvar2": 0.166924729943,
        "max": 5.91443586349,
        "mean": 0.856551349163,
        "median": 0.806993961334,
        "min": -2.03415417671,
        "var": 0.655321836472
    },
    "erbbands_spread": {
        "dmean": 3.63417959213,
        "dmean2": 5.4805059433,
        "dvar": 11.9508209229,
        "dvar2": 27.1383781433,
        "max": 125.185714722,
        "mean": 18.800245285,
        "median": 17.4432754517,
        "min": 1.25977826118,
        "var": 84.2893829346
    },
    "hfc": {
        "dmean": 1.99257063866,
        "dmean2": 2.9079220295,
        "dvar": 19.8483314514,
        "dvar2": 39.6312713623,
        "max": 162.000045776,
        "mean": 8.55782413483,
        "median": 5.84171390533,
        "min": 1.15666041482e-16,
        "var": 110.87197113
    },
    "melbands_crest": {
        "dmean": 3.3716943264,
        "dmean2": 5.29453802109,
        "dvar": 8.59663105011,
        "dvar2": 20.7048206329,
        "max": 37.1114273071,
        "mean": 22.196231842,
        "median": 22.9561882019,
        "min": 1.97295987606,
        "var": 44.1711730957
    },
    "melbands_flatness_db": {
        "dmean": 0.0254468843341,
        "dmean2": 0.038340754807,
        "dvar": 0.000467227975605,
        "dvar2": 0.0010092430748,
        "max": 0.681800305843,
        "mean": 0.439289540052,
        "median": 0.434610426426,
        "min": 0.0060013323091,
        "var": 0.00626768730581
    },
    "melbands_kurtosis": {
        "dmean": 9.34177970886,
        "dmean2": 14.1829214096,
        "dvar": 170.915267944,
        "dvar2": 395.616088867,
        "max": 248.339126587,
        "mean": 21.5101394653,
        "median": 12.5821800232,
        "min": -1.7463105917,
        "var": 601.900695801
    },
    "melbands_skewness": {
        "dmean": 0.761133372784,
        "dmean2": 1.14290738106,
        "dvar": 0.503455996513,
        "dvar2": 1.13649642467,
        "max": 13.0197944641,
        "mean": 3.22004127502,
        "median": 2.87270617485,
        "min": -1.44614803791,
        "var": 3.7340323925
    },
    "melbands_spread": {
        "dmean": 1.2274954319,
        "dmean2": 1.87739408016,
        "dvar": 3.61568379402,
        "dvar2": 7.81625890732,
        "max": 185.754943848,
        "mean": 4.71628904343,
        "median": 3.74601960182,
        "min": 0.423051953316,
        "var": 20.1647014618
    },
    "pitch_salience": {
        "dmean": 0.061314791441,
        "dmean2": 0.0965456590056,
        "dvar": 0.00269022490829,
        "dvar2": 0.00644199224189,
        "max": 0.924247384071,
        "mean": 0.376366227865,
        "median": 0.376773774624,
        "min": 0.0911174863577,
        "var": 0.0131749287248
    },
    "silence_rate_20dB": {
        "dmean": 0.000921355735045,
        "dmean2": 0.00184283265844,
        "dvar": 0.000920581456739,
        "dvar2": 0.00183958862908,
        "max": 1,
        "mean": 0.998289048672,
        "median": 1,
        "min": 0,
        "var": 0.00170827517286
    },
    "silence_rate_30dB": {
        "dmean": 0.0676538348198,
        "dmean2": 0.135316565633,
        "dvar": 0.0630769580603,
        "dvar2": 0.145832762122,
        "max": 1,
        "mean": 0.872795462608,
        "median": 1,
        "min": 0,
        "var": 0.111048065126
    },
    "silence_rate_60dB": {
        "dmean": 0.00250082253478,
        "dmean2": 0.0050019742921,
        "dvar": 0.00249457545578,
        "dvar2": 0.00668808072805,
        "max": 1,
        "mean": 0.0438273213804,
        "median": 0,
        "min": 0,
        "var": 0.0419063493609
    },
    "spectral_centroid": {
        "dmean": 41.9977302551,
        "dmean2": 61.1409721375,
        "dvar": 6108.3828125,
        "dvar2": 8758.63085938,
        "max": 11184.7929688,
        "mean": 403.383514404,
        "median": 376.19128418,
        "min": 154.19972229,
        "var": 31699.0078125
    },
    "spectral_complexity": {
        "dmean": 1.35412967205,
        "dmean2": 2.30196118355,
        "dvar": 1.59615254402,
        "dvar2": 4.16564750671,
        "max": 23,
        "mean": 8.39108943939,
        "median": 8,
        "min": 0,
        "var": 11.279665947
    },
    "spectral_decrease": {
        "dmean": 4.82749484831e-09,
        "dmean2": 7.25573157112e-09,
        "dvar": 4.24360396375e-17,
        "dvar2": 9.45871832206e-17,
        "max": 4.32295242207e-17,
        "mean": -1.54824650878e-08,
        "median": -1.26796155797e-08,
        "min": -1.51744316668e-07,
        "var": 1.52131167203e-16
    },
    "spectral_energy": {
        "dmean": 0.018367934972,
        "dmean2": 0.0275979153812,
        "dvar": 0.000616600795183,
        "dvar2": 0.00137233932037,
        "max": 0.583796441555,
        "mean": 0.0592104718089,
        "median": 0.0485152751207,
        "min": 1.06402883678e-20,
        "var": 0.00222841906361
    },
    "spectral_energyband_high": {
        "dmean": 2.56501971307e-06,
        "dmean2": 3.59239970749e-06,
        "dvar": 8.91813844994e-11,
        "dvar2": 2.00146121898e-10,
        "max": 0.000363367696991,
        "mean": 8.7215912572e-06,
        "median": 4.16652346757e-06,
        "min": 7.66583897349e-21,
        "var": 2.30437779969e-10
    },
    "spectral_energyband_low": {
        "dmean": 0.0166887268424,
        "dmean2": 0.0253084022552,
        "dvar": 0.000492520397529,
        "dvar2": 0.00111385644414,
        "max": 0.488773614168,
        "mean": 0.0426529459655,
        "median": 0.0329179987311,
        "min": 2.08514933021e-22,
        "var": 0.00149847602006
    },
    "spectral_energyband_middle_high": {
        "dmean": 0.000324973603711,
        "dmean2": 0.000505817879457,
        "dvar": 9.89628119896e-07,
        "dvar2": 2.11528208638e-06,
        "max": 0.0515886694193,
        "mean": 0.000892215291969,
        "median": 0.000484004092868,
        "min": 1.57216954233e-21,
        "var": 2.61257014245e-06
    },
    "spectral_energyband_middle_low": {
        "dmean": 0.00334171229042,
        "dmean2": 0.00448657525703,
        "dvar": 8.21023422759e-05,
        "dvar2": 0.000133189183543,
        "max": 0.461169034243,
        "mean": 0.0148230679333,
        "median": 0.00717754941434,
        "min": 2.44045695197e-22,
        "var": 0.000645693857223
    },
    "spectral_entropy": {
        "dmean": 0.130058065057,
        "dmean2": 0.1915230304,
        "dvar": 0.0186339970678,
        "dvar2": 0.0392916351557,
        "max": 9.79953765869,
        "mean": 6.23234653473,
        "median": 6.276242733,
        "min": 4.16889619827,
        "var": 0.231846630573
    },
    "spectral_flux": {
        "dmean": 0.028978113085,
        "dmean2": 0.0521481260657,
        "dvar": 0.00105142581742,
        "dvar2": 0.00313956663013,
        "max": 0.584803462029,
        "mean": 0.0788079947233,
        "median": 0.0720277354121,
        "min": 1.03151771846e-10,
        "var": 0.00196277839132
    },
    "spectral_kurtosis": {
        "dmean": 6.64335918427,
        "dmean2": 11.1547269821,
        "dvar": 57.5011367798,
        "dvar2": 154.530609131,
        "max": 186.707260132,
        "mean": 29.0354747772,
        "median": 25.0258102417,
        "min": -1.18961656094,
        "var": 270.182739258
    },
    "spectral_rms": {
        "dmean": 0.00109348632395,
        "dmean2": 0.00164302799385,
        "dvar": 1.19577725854e-06,
        "dvar2": 2.62655498773e-06,
        "max": 0.0238654036075,
        "mean": 0.00702279992402,
        "median": 0.00687982328236,
        "min": 3.22192012653e-12,
        "var": 8.44661462907e-06
    },
    "spectral_rolloff": {
        "dmean": 59.4356498718,
        "dmean2": 103.753555298,
        "dvar": 44307.703125,
        "dvar2": 91996,
        "max": 19487.5488281,
        "mean": 270.818695068,
        "median": 258.3984375,
        "min": 43.06640625,
        "var": 360568.375
    },
    "spectral_skewness": {
        "dmean": 0.434110939503,
        "dmean2": 0.717196166515,
        "dvar": 0.195782527328,
        "dvar2": 0.501695334911,
        "max": 11.1209011078,
        "mean": 4.063621521,
        "median": 3.88171005249,
        "min": 0.0280511751771,
        "var": 1.16559970379
    },
    "spectral_spread": {
        "dmean": 196790.625,
        "dmean2": 311786.03125,
        "dvar": 97690451968,
        "dvar2": 160588759040,
        "max": 40346632,
        "mean": 2045150.625,
        "median": 2000303.125,
        "min": 528099.8125,
        "var": 702116528128
    },
    "spectral_strongpeak": {
        "dmean": 0.233688145876,
        "dmean2": 0.407429665327,
        "dvar": 0.242982715368,
        "dvar2": 0.589913189411,
        "max": 8.25441551208,
        "mean": 0.530982792377,
        "median": 0.278130173683,
        "min": 0,
        "var": 0.572082161903
    },
    "zerocrossingrate": {
        "dmean": 0.00211199722253,
        "dmean2": 0.00285490602255,
        "dvar": 1.41659083965e-05,
        "dvar2": 1.88160411199e-05,
        "max": 0.53662109375,
        "mean": 0.0116947470233,
        "median": 0.01025390625,
        "min": 0.0009765625,
        "var": 0.000232777150813
    },
    "barkbands": {
        "dmean": [0.00401720637456, 0.0147926975042, 0.00183196517173, 0.000413524889154, 0.00187047675718, 0.000529723765794, 0.000363141123671, 0.00125384458806, 0.000251898483839, 0.000167548685567, 0.000115866510896, 6.09955895925e-05, 3.22761370626e-05, 0.000108382824692, 2.03902800422e-05, 3.30486836901e-05, 1.48907747644e-05, 4.525177701e-06, 4.66151686851e-06, 2.25537382903e-06, 1.21571645195e-06, 6.00210569246e-07, 3.52859672148e-07, 1.89796210748e-07, 1.50519966269e-07, 1.98905993898e-07, 2.89996933134e-08],
        "dmean2": [0.00681775528938, 0.0224237851799, 0.00288206501864, 0.000670435489155, 0.00222321576439, 0.000682309735566, 0.000555480597541, 0.00188758666627, 0.000390806206269, 0.000270307267783, 0.000179168171599, 9.57285737968e-05, 5.17234766448e-05, 0.000164883109392, 3.38513673341e-05, 5.55088845431e-05, 2.3395734388e-05, 7.53498898121e-06, 7.18285582479e-06, 3.46776755578e-06, 1.78371783477e-06, 8.91664910796e-07, 5.40993880804e-07, 2.80988331269e-07, 2.21425153768e-07, 3.09614705429e-07, 4.73955630298e-08],
        "dvar": [3.25221881212e-05, 0.000358854362275, 8.25489678391e-06, 5.30701811385e-07, 4.93113075208e-05, 3.4031420455e-06, 1.24695259274e-06, 1.88994254131e-05, 1.66982022165e-06, 7.26521818706e-07, 8.02633550734e-08, 2.52468908002e-08, 4.89979878893e-09, 5.26632163655e-07, 2.34504082819e-09, 5.97354166132e-09, 2.69173616729e-09, 6.03405658772e-11, 6.34380881159e-10, 7.7557127387e-11, 3.81823149487e-11, 2.37107642548e-12, 2.82274377483e-12, 5.35767936093e-13, 6.0213790063e-14, 1.09159053595e-13, 2.0332964489e-15],
        "dvar2": [8.89185175765e-05, 0.000813362537883, 1.9447032173e-05, 1.40526719861e-06, 6.55916155665e-05, 6.27529061603e-06, 2.90420848614e-06, 4.08374071412e-05, 3.64297466149e-06, 1.49878428601e-06, 1.88137121881e-07, 5.44985603312e-08, 1.19924452591e-08, 1.11823203497e-06, 6.23707796521e-09, 1.6593896035e-08, 6.45978204261e-09, 1.64032593064e-10, 1.54334589553e-09, 2.07573833122e-10, 9.04037608662e-11, 5.50905718613e-12, 7.77457005025e-12, 1.01666754442e-12, 1.25214278507e-13, 2.66616264656e-13, 5.40466100896e-15],
        "max": [0.117103405297, 0.390110015869, 0.092938631773, 0.0261611714959, 0.449500918388, 0.0680972486734, 0.040061622858, 0.151401609182, 0.0573229826987, 0.0594375655055, 0.00867336802185, 0.0051956595853, 0.00163208961021, 0.0461655445397, 0.00152138923295, 0.00224840990268, 0.0016860968899, 0.000167405421962, 0.00101049419027, 0.000507671327796, 0.000235744621023, 3.85010862374e-05, 6.87137435307e-05, 3.31333831127e-05, 7.98320706963e-06, 1.24546595544e-05, 1.81064967819e-06],
        "mean": [0.0106014385819, 0.0298818014562, 0.00309104891494, 0.000699939322658, 0.00854207761586, 0.00138287094887, 0.000831074314192, 0.00272140069865, 0.000467182340799, 0.000287037197268, 0.000213249571971, 0.000116170158435, 5.88014518144e-05, 0.000171930936631, 3.64880725101e-05, 5.18896667927e-05, 2.75398615486e-05, 8.72654436535e-06, 8.53519577504e-06, 4.64933600597e-06, 2.38742291003e-06, 1.2600306718e-06, 6.70054646434e-07, 4.91398964186e-07, 7.27799886135e-07, 1.02085800791e-06, 1.51119550651e-07],
        "median": [0.0074729854241, 0.0200020577759, 0.00176414404996, 0.000411506363889, 0.00364414369687, 0.00050472363364, 0.000291884294711, 0.000638243276626, 9.54465940595e-05, 0.000111974426545, 8.45019822009e-05, 4.52149070043e-05, 2.74673675449e-05, 2.59610205831e-05, 1.5674635506e-05, 2.2855696443e-05, 9.53375092649e-06, 5.1159454415e-06, 2.2305132461e-06, 1.46170395965e-06, 6.55011831441e-07, 3.81695997476e-07, 1.96351479076e-07, 2.05861155678e-07, 4.89284389005e-07, 6.65531899813e-07, 1.10979144097e-07],
        "min": [1.77168109225e-23, 1.65232255609e-22, 1.88887205952e-23, 1.82850731864e-23, 3.3904030016e-23, 3.72212658531e-23, 1.94232417005e-23, 5.48836090856e-23, 6.70182335611e-23, 5.40864935398e-23, 9.77976107751e-23, 2.10251045479e-22, 1.1512331866e-22, 1.70448569946e-22, 1.75206461433e-22, 1.33391178902e-22, 9.93228891126e-23, 1.23394026691e-22, 3.08111601043e-22, 1.78703702707e-22, 4.28187539928e-22, 3.87731092394e-22, 6.66528142572e-22, 1.04845960532e-21, 1.42807956678e-21, 1.58663894265e-21, 2.2418379824e-21],
        "var": [0.000124021971715, 0.000979812932201, 1.58072580234e-05, 8.58871715081e-07, 0.000386288447771, 1.46229940583e-05, 5.115388376e-06, 6.45533218631e-05, 4.93417246616e-06, 1.52308814449e-06, 1.60735851296e-07, 6.61944810076e-08, 1.10437614609e-08, 9.89615955405e-07, 4.64906246833e-09, 9.93908155777e-09, 4.25104662582e-09, 1.2466634669e-10, 9.45042155642e-10, 1.59031385283e-10, 5.58052735966e-11, 5.9670692866e-12, 3.60217194614e-12, 1.46229090035e-12, 6.19805964365e-13, 1.40872675938e-12, 2.02283394028e-14]
    },
    "erbbands": {
        "dmean": [0.736315310001, 2.21702718735, 2.16199016571, 1.70534825325, 1.35350084305, 8.96612930298, 6.08400154114, 4.8119802475, 7.1171040535, 23.3944568634, 12.9026899338, 4.8772726059, 6.16437959671, 2.93371200562, 4.8446803093, 2.50380778313, 1.62653636932, 5.49681615829, 1.50174462795, 1.36820876598, 1.05512821674, 0.725746273994, 0.386173784733, 0.356711059809, 0.130806013942, 0.0764420703053, 0.0431270673871, 0.0463850833476, 0.0278415605426, 0.0151270860806, 0.0102645531297, 0.00494333729148, 0.00298095541075, 0.00157641503029, 0.00135362893343, 0.000842356996145, 0.000502481358126, 4.67132122139e-05, 1.16136734505e-05, 1.98591806111e-05],
        "dmean2": [1.12719607353, 3.36714458466, 3.33557105064, 2.64628386497, 2.0142929554, 11.0049324036, 7.23353481293, 6.31186389923, 9.41511154175, 34.7835655212, 20.2971134186, 7.63065385818, 9.93492221832, 4.74497795105, 7.37936353683, 3.89282488823, 2.55480980873, 8.36406517029, 2.33188939095, 2.27826547623, 1.75398230553, 1.16372394562, 0.616243898869, 0.559981763363, 0.195216074586, 0.112840630114, 0.061469014734, 0.0694637671113, 0.0416105613112, 0.0221454519778, 0.0157788302749, 0.0075582107529, 0.00442091841251, 0.00231879623607, 0.00203855964355, 0.00125367532019, 0.000816524028778, 7.57019224693e-05, 1.79975650099e-05, 2.98191298498e-05],
        "dvar": [0.878029704094, 8.7721529007, 10.321393013, 8.41632080078, 8.67652606964, 1191.47277832, 541.801147461, 277.783447266, 662.622558594, 6052.89208984, 2293.40332031, 451.145446777, 1103.32580566, 53.9824142456, 149.197174072, 38.7633552551, 15.1447887421, 1262.62561035, 65.2032012939, 7.06322860718, 6.47367429733, 5.10799455643, 1.51288378239, 3.35067677498, 0.187757849693, 0.0455991625786, 0.017550829798, 0.0733295753598, 0.00497826281935, 0.00248025241308, 0.0025863670744, 0.000417193514295, 0.0001543739927, 7.31883346816e-06, 4.59634202343e-06, 1.96166388378e-06, 7.89613579855e-07, 6.13056094778e-09, 1.99896571518e-10, 7.22929771602e-10],
        "dvar2": [1.95950949192, 19.9611129761, 24.1539916992, 20.3566226959, 20.2734012604, 1678.55822754, 727.162109375, 532.912231445, 1263.58056641, 13005.6777344, 5482.59130859, 998.964660645, 2279.93261719, 130.447814941, 340.877410889, 85.50415802, 34.0539894104, 2682.72290039, 139.536636353, 18.8596611023, 17.6916179657, 12.7389354706, 3.44597911835, 8.14055633545, 0.464080661535, 0.114377960563, 0.0386337228119, 0.176757395267, 0.0118034910411, 0.00588946789503, 0.00727947289124, 0.00100476574153, 0.000326531182509, 1.48961435116e-05, 1.04585142253e-05, 4.26849055657e-06, 2.10672283174e-06, 1.61767435003e-08, 4.8197096314e-10, 1.60548474515e-09],
        "max": [16.2083816528, 68.0441894531, 76.7071151733, 127.977119446, 153.530075073, 2141.75976562, 1535.09802246, 599.679931641, 1097.06555176, 2713.84619141, 1589.06384277, 927.080627441, 2384.56225586, 242.034942627, 444.235168457, 263.931060791, 109.992004395, 2244.14257812, 512.157409668, 73.1123809814, 74.7481307983, 79.8528213501, 44.0735397339, 73.9990692139, 22.7395019531, 11.0602483749, 4.51747369766, 10.2660703659, 1.95467281342, 1.67211401463, 2.38005256653, 0.760802805424, 0.631680905819, 0.0860508456826, 0.0723595619202, 0.0527963005006, 0.0300736092031, 0.00262001203373, 0.000475754932268, 0.000640369020402],
        "mean": [1.33755683899, 4.91931295395, 4.32178974152, 3.53832554817, 3.55919408798, 39.2694587708, 27.1851215363, 13.0140104294, 18.8014965057, 50.0392837524, 27.2377529144, 9.53381538391, 10.5667037964, 5.6122174263, 8.90598201752, 5.2868065834, 3.32746481895, 8.97011566162, 2.90800905228, 2.66302156448, 1.91683459282, 1.37956023216, 0.752681910992, 0.623883008957, 0.290969669819, 0.183430999517, 0.101686030626, 0.0853568762541, 0.0561877936125, 0.0314785093069, 0.0195598453283, 0.0109617430717, 0.00762764271349, 0.00634253630415, 0.00621504057199, 0.00423216028139, 0.00222756387666, 0.000240750829107, 5.82325446885e-05, 6.54951290926e-05],
        "median": [0.947953462601, 2.64264893532, 2.89538621902, 1.93911290169, 2.25383043289, 16.0883865356, 11.1270065308, 5.09008598328, 6.25183868408, 12.2766819, 6.48892688751, 2.65748548508, 4.27774333954, 2.40490102768, 3.30326986313, 2.22362923622, 1.46819162369, 1.6097868681, 1.00201225281, 1.44873952866, 0.94216632843, 0.519405841827, 0.381369173527, 0.193568587303, 0.0998925194144, 0.069748044014, 0.0349666401744, 0.0209218896925, 0.0157179161906, 0.0103121157736, 0.00566211435944, 0.00356589909643, 0.00380096398294, 0.00407303590328, 0.00421970430762, 0.00278512854129, 0.00138165662065, 0.000160200288519, 5.01019967487e-05, 5.40353103133e-05],
        "min": [5.41687302066e-21, 3.3274341804e-20, 3.71641327851e-20, 3.44440365824e-20, 6.50379416167e-20, 1.15423270486e-19, 1.94372839042e-19, 3.34284933735e-19, 3.84776917204e-19, 4.50660353729e-19, 1.27422117222e-18, 1.74442692495e-18, 1.38039218199e-18, 3.30023412956e-18, 6.17275177594e-18, 7.62451578951e-18, 5.95242436157e-18, 8.50770480134e-18, 1.02025151584e-17, 6.88741473208e-18, 6.58361445414e-18, 6.37681020202e-18, 7.36245421811e-18, 1.50716890188e-17, 1.2650729062e-17, 7.31238083973e-18, 1.81396969477e-17, 1.30080644692e-17, 1.45517729166e-17, 1.38747057329e-17, 2.21013858472e-17, 1.92388016061e-17, 1.70904812064e-17, 1.41615984391e-17, 1.12842299988e-17, 6.23379439642e-18, 2.7193252445e-18, 1.38292211389e-18, 3.30284326401e-19, 3.00869014799e-20],
        "var": [1.82246482372, 37.1214408875, 21.6091079712, 21.5368728638, 23.9672775269, 8781.87988281, 4186.43115234, 1163.46472168, 3219.95605469, 21149.7304688, 6040.81005859, 1293.07043457, 2289.94189453, 114.710830688, 308.569793701, 105.871292114, 41.3035354614, 2377.96728516, 127.193817139, 15.671962738, 12.0777082443, 8.50763034821, 2.33007836342, 4.92280912399, 0.431793123484, 0.125208795071, 0.0445705465972, 0.0976154953241, 0.0128416586667, 0.0043704546988, 0.00330564030446, 0.000931129907258, 0.000305916852085, 4.99140369357e-05, 4.58014474134e-05, 2.30654513871e-05, 7.62979561841e-06, 7.23721385043e-08, 1.64384017509e-09, 2.64937294325e-09]
    },
    "gfcc": {
        "mean": [-107.898765564, 177.085510254, -66.738609314, 1.06803655624, -19.0430088043, 2.39565634727, -24.7495079041, 11.3633317947, -10.7927932739, 8.51079750061, -7.49945640564, 5.47255945206, -2.23463916779],
        "cov": [[7772.85791016, 36.7065315247, -952.272583008, 256.333648682, -194.434585571, 28.6524410248, -2.42242240906, -54.0378646851, -5.35066366196, 130.39302063, -48.9449958801, -18.1602077484, -136.486099243], [36.7065315247, 578.836242676, 310.876251221, -96.6746444702, 144.24822998, -81.6783676147, -0.053624369204, -40.3915214539, 42.4185218811, -61.1560745239, 79.7411422729, -35.4022789001, 64.3192062378], [-952.272583008, 310.876251221, 477.488067627, -51.5147705078, 125.64150238, -40.9358596802, -6.15328168869, -34.4625167847, 10.5024003983, -68.6077804565, 51.2483901978, 7.16729974747, 85.1143112183], [256.333648682, -96.6746444702, -51.5147705078, 210.177505493, -12.3543405533, 19.6343669891, 38.517616272, -53.5250434875, 30.2167015076, 3.9595656395, 18.3545722961, -6.12536525726, -9.01570987701], [-194.434585571, 144.24822998, 125.64150238, -12.3543405533, 221.994857788, 77.9456634521, 70.6478424072, 49.3705673218, 15.3725767136, -34.0650863647, 4.49043560028, -30.7602024078, 13.6045818329], [28.6524410248, -81.6783676147, -40.9358596802, 19.6343669891, 77.9456634521, 172.987747192, 124.110420227, 60.4625015259, 24.6673164368, -21.0116500854, -25.2169933319, -24.6898956299, -32.4228782654], [-2.42242240906, -0.053624369204, -6.15328168869, 38.517616272, 70.6478424072, 124.110420227, 202.462478638, 83.1885375977, 49.8337478638, -29.1525859833, -26.0360240936, -39.111415863, -15.4210824966], [-54.0378646851, -40.3915214539, -34.4625167847, -53.5250434875, 49.3705673218, 60.4625015259, 83.1885375977, 132.046539307, 25.110326767, -2.98542046547, -50.1302566528, -26.307554245, -24.6320915222], [-5.35066366196, 42.4185218811, 10.5024003983, 30.2167015076, 15.3725767136, 24.6673164368, 49.8337478638, 25.110326767, 93.6897964478, 11.3037786484, 11.6887140274, -37.361125946, -20.7651882172], [130.39302063, -61.1560745239, -68.6077804565, 3.9595656395, -34.0650863647, -21.0116500854, -29.1525859833, -2.98542046547, 11.3037786484, 75.8579940796, 11.1776189804, -7.23500871658, -27.6540412903], [-48.9449958801, 79.7411422729, 51.2483901978, 18.3545722961, 4.49043560028, -25.2169933319, -26.0360240936, -50.1302566528, 11.6887140274, 11.1776189804, 91.7115707397, 7.67139148712, -1.75546395779], [-18.1602077484, -35.4022789001, 7.16729974747, -6.12536525726, -30.7602024078, -24.6898956299, -39.111415863, -26.307554245, -37.361125946, -7.23500871658, 7.67139148712, 74.1080780029, 37.5918807983], [-136.486099243, 64.3192062378, 85.1143112183, -9.01570987701, 13.6045818329, -32.4228782654, -15.4210824966, -24.6320915222, -20.7651882172, -27.6540412903, -1.75546395779, 37.5918807983, 83.0127487183]],
        "icov": [[0.000277705577901, -0.000995539361611, 0.000763728108723, -0.000811072881334, 0.000417716335505, -0.000689364911523, 0.000406243663747, -0.000411798682762, 0.000506930169649, -0.00055130320834, 0.000472199113574, -0.000448983599199, 0.000128819607198], [-0.000995539361611, 0.0100255645812, -0.00344633916393, 0.00750727206469, -0.00564974732697, 0.00820438656956, -0.00475814379752, 0.00620652921498, -0.00563793675974, 0.00580783514306, -0.0046571334824, 0.00461372500286, -0.00163104897365], [0.000763728108723, -0.00344633916393, 0.00621729297563, -0.0013650294859, -0.000545198563486, -0.00105139787775, 0.00106471125036, -0.000278813677141, 0.000272790930467, 0.000564202317037, 3.4898010199e-05, -0.0010468052933, -0.00207226583734], [-0.000811072881334, 0.00750727206469, -0.0013650294859, 0.0132933771238, -0.00520645966753, 0.00683152861893, -0.00707330089062, 0.0112274698913, -0.0071916426532, 0.00438096281141, -0.00238961493596, 0.00208778493106, -0.000103414036857], [0.000417716335505, -0.00564974732697, -0.000545198563486, -0.00520645966753, 0.011862564832, -0.00918929185718, 0.00414542714134, -0.00794532895088, 0.0053433785215, -0.00294575700536, -0.000334234471666, 0.00203304039314, -0.00263532996178], [-0.000689364911523, 0.00820438656956, -0.00105139787775, 0.00683152861893, -0.00918929185718, 0.0208660196513, -0.0115175899118, 0.00740613834932, -0.00536353560165, 0.00683856522664, -0.00133387837559, -0.000396308547352, 0.00513120088726], [0.000406243663747, -0.00475814379752, 0.00106471125036, -0.00707330089062, 0.00414542714134, -0.0115175899118, 0.0162915885448, -0.0107755232602, 0.000913889845833, 5.25940449734e-05, 0.00017963424034, 0.0020297577139, -0.00352333649062], [-0.000411798682762, 0.00620652921498, -0.000278813677141, 0.0112274698913, -0.00794532895088, 0.00740613834932, -0.0107755232602, 0.0248483754694, -0.00835196860135, 0.00217530247755, 0.00621096696705, -0.000942996994127, 0.00477935187519], [0.000506930169649, -0.00563793675974, 0.000272790930467, -0.0071916426532, 0.0053433785215, -0.00536353560165, 0.000913889845833, -0.00835196860135, 0.0207307934761, -0.00632356945425, -0.00187585293315, 0.00496194045991, -0.000345533626387], [-0.00055130320834, 0.00580783514306, 0.000564202317037, 0.00438096281141, -0.00294575700536, 0.00683856522664, 5.25940449734e-05, 0.00217530247755, -0.00632356945425, 0.0228513628244, -0.00547858746722, 0.00295295240358, 0.00287748849951], [0.000472199113574, -0.0046571334824, 3.4898010199e-05, -0.00238961493596, -0.000334234471666, -0.00133387837559, 0.00017963424034, 0.00621096696705, -0.00187585293315, -0.00547858746722, 0.0204592887312, -0.00783759728074, 0.00718713225797], [-0.000448983599199, 0.00461372500286, -0.0010468052933, 0.00208778493106, 0.00203304039314, -0.000396308547352, 0.0020297577139, -0.000942996994127, 0.00496194045991, 0.00295295240358, -0.00783759728074, 0.0280323140323, -0.0140387415886], [0.000128819607198, -0.00163104897365, -0.00207226583734, -0.000103414036857, -0.00263532996178, 0.00513120088726, -0.00352333649062, 0.00477935187519, -0.000345533626387, 0.00287748849951, 0.00718713225797, -0.0140387415886, 0.0262165535241]]
    },
    "melbands": {
        "dmean": [0.00506933825091, 0.00157365016639, 0.000275697966572, 0.000296936719678, 0.000326319190208, 0.000119069685752, 9.76015726337e-05, 0.00028726819437, 9.18257283047e-05, 2.93005268759e-05, 3.07197842631e-05, 1.19744736367e-05, 1.50343485075e-05, 7.73587453295e-06, 7.33479555493e-06, 2.30265595746e-06, 1.24289954329e-05, 2.90318803309e-06, 1.85415660781e-06, 3.18075353789e-06, 7.3413428936e-07, 7.57853058531e-07, 6.7927226155e-07, 2.88224299538e-07, 3.37905532888e-07, 6.25393994369e-08, 1.24976466509e-07, 4.78382844449e-08, 2.8526271123e-08, 4.20890913233e-08, 2.45930262821e-08, 1.55488901754e-08, 1.24945769286e-08, 7.80867903671e-09, 6.58596110981e-09, 4.66911975749e-09, 2.94834823222e-09, 2.74068323591e-09, 1.60413615724e-09, 1.50743262317e-09],
        "dmean2": [0.00770934019238, 0.00238839373924, 0.000432300323155, 0.000377033546101, 0.000377086136723, 0.000154084045789, 0.000129120613565, 0.000427956139902, 0.00014505807485, 4.61727831862e-05, 4.95407803101e-05, 1.9526345568e-05, 2.32673955907e-05, 1.18403650049e-05, 1.15752764032e-05, 3.67716074834e-06, 1.8924514734e-05, 4.47789625468e-06, 3.12566589855e-06, 5.34511354999e-06, 1.20322170005e-06, 1.23429686028e-06, 1.0521338254e-06, 4.80655842239e-07, 5.30739612259e-07, 9.17306053339e-08, 1.96450102408e-07, 6.80724951962e-08, 4.19150474329e-08, 6.24958715889e-08, 3.60735370464e-08, 2.3272503924e-08, 1.9048183475e-08, 1.1643290776e-08, 1.00264854197e-08, 7.34344673958e-09, 4.63780525095e-09, 4.23087342938e-09, 2.49454346068e-09, 2.26347007803e-09],
        "dvar": [4.2384614062e-05, 4.68988764624e-06, 2.15857369312e-07, 1.09093321043e-06, 1.61765694884e-06, 1.77343324026e-07, 1.18958624284e-07, 9.6651763215e-07, 1.53482588416e-07, 1.38845761555e-08, 2.72527902467e-08, 8.85003403894e-10, 1.39171929536e-09, 3.13832931864e-10, 5.28158072832e-10, 4.28711267875e-11, 6.7196594955e-09, 3.46322748257e-10, 2.21553643487e-11, 5.03563267473e-11, 3.33266942688e-12, 4.76101970348e-12, 1.12373209696e-11, 2.62377494948e-13, 3.62969550249e-12, 2.4851858581e-14, 2.80866394595e-13, 9.99142361593e-15, 5.1562228574e-15, 6.30710219295e-14, 9.85586022788e-15, 1.47574812867e-15, 1.81825235952e-15, 7.45044992328e-16, 8.85042068455e-16, 4.67866218773e-16, 1.58197921574e-16, 2.10766123004e-16, 1.23786619139e-17, 6.23251350724e-18],
        "dvar2": [9.56756848609e-05, 1.06046836663e-05, 5.27169049747e-07, 1.5502361066e-06, 2.12516943066e-06, 3.2968796404e-07, 2.25639865903e-07, 2.07554694498e-06, 3.65594189589e-07, 3.04900247272e-08, 5.628101718e-08, 2.20229412484e-09, 3.26921711924e-09, 6.90891344135e-10, 1.14298936982e-09, 9.75819633431e-11, 1.42928442415e-08, 7.37105432247e-10, 6.12676437362e-11, 1.40387784731e-10, 8.83459885109e-12, 1.24505527416e-11, 2.61889052111e-11, 7.12278055547e-13, 8.86242641773e-12, 5.15722752318e-14, 7.67621860173e-13, 1.98805171815e-14, 1.24069498233e-14, 1.51258020865e-13, 2.29309470988e-14, 3.48776848636e-15, 4.56976985549e-15, 1.86615376675e-15, 2.42402385362e-15, 1.32142274909e-15, 3.8049995834e-16, 4.94471735404e-16, 3.00559417381e-17, 1.34378749601e-17],
        "max": [0.129711449146, 0.0489161014557, 0.0194432809949, 0.0649000108242, 0.0830979272723, 0.0159899890423, 0.0146777098998, 0.0345115028322, 0.0163653977215, 0.00506835384294, 0.0118227498606, 0.00078640220454, 0.00116612319835, 0.000632499461062, 0.000828518241178, 0.000221834081458, 0.00518568977714, 0.00119601830374, 0.000135417853016, 0.000202924828045, 5.01519971294e-05, 9.1453512141e-05, 0.000122719458886, 1.12802508738e-05, 7.73089923314e-05, 5.97307598582e-06, 2.94038582069e-05, 4.03938975069e-06, 2.59773787548e-06, 9.79180003924e-06, 3.42801558872e-06, 1.10508256057e-06, 1.45433989474e-06, 9.25412678043e-07, 1.299864266e-06, 1.07932646642e-06, 4.72185575973e-07, 7.22107586171e-07, 1.11268555258e-07, 6.79729836861e-08],
        "mean": [0.0108825042844, 0.00374459242448, 0.000578969717026, 0.00127838458866, 0.00147898704745, 0.000306371424813, 0.00025506890961, 0.000613961485215, 0.000188418518519, 5.41330555279e-05, 5.12475926371e-05, 2.09416411963e-05, 2.72700090136e-05, 1.57084814418e-05, 1.36933113026e-05, 4.28238445238e-06, 1.97082081286e-05, 5.14962630405e-06, 3.08646144731e-06, 4.99778207086e-06, 1.41723819524e-06, 1.39886083161e-06, 1.12139082376e-06, 5.21436220424e-07, 5.32108742846e-07, 1.42832561778e-07, 2.30350863717e-07, 1.0471768519e-07, 6.55595329135e-08, 6.72926034895e-08, 4.27802895331e-08, 3.03196046048e-08, 2.37041444251e-08, 1.52751322702e-08, 1.19324132797e-08, 8.24469736926e-09, 5.97523319712e-09, 5.55699841698e-09, 4.69416194804e-09, 5.50296341828e-09],
        "median": [0.00801208242774, 0.00236854981631, 0.000345972774085, 0.000569298223127, 0.000600092695095, 0.000107063242467, 8.73198150657e-05, 0.000142267876072, 4.05794162361e-05, 1.44305395224e-05, 1.98279958568e-05, 7.79585661803e-06, 1.06069674075e-05, 6.79317327013e-06, 4.66443179903e-06, 2.00940007744e-06, 2.99917132907e-06, 1.38940708894e-06, 1.28447163661e-06, 2.21225536734e-06, 6.76325669247e-07, 5.13223426424e-07, 3.50921823156e-07, 2.88153216843e-07, 1.11640304112e-07, 5.92679860745e-08, 6.20489402081e-08, 3.83939813275e-08, 2.2919895315e-08, 1.40560523221e-08, 1.02511528155e-08, 8.30451263312e-09, 7.00842939239e-09, 5.01154007182e-09, 3.28276250627e-09, 2.27731544733e-09, 1.98080174485e-09, 2.45006948063e-09, 2.80340373138e-09, 3.47289619285e-09],
        "min": [4.81695571232e-23, 2.90784447965e-23, 7.48446772186e-24, 5.59039217804e-24, 6.79970095738e-24, 7.37422835466e-24, 6.01018884749e-24, 7.00683058755e-24, 9.8375072735e-24, 1.10383918072e-23, 6.53422796353e-24, 1.21725103094e-23, 1.79832060947e-23, 2.21712497079e-23, 1.70659202119e-23, 1.00579363097e-23, 1.70370999675e-23, 1.66538666066e-23, 1.08816790664e-23, 8.27304069285e-24, 6.89970879864e-24, 5.98373952462e-24, 6.38836245456e-24, 6.25837356017e-24, 1.3336435132e-23, 1.06838619392e-23, 6.83743769651e-24, 4.13361378842e-24, 9.53131643516e-24, 1.20593363796e-23, 6.62339133393e-24, 6.81980192211e-24, 9.88734750549e-24, 7.52532440586e-24, 1.454239993e-23, 9.55377293855e-24, 1.24834201137e-23, 1.03156011583e-23, 1.2346368942e-23, 1.26443130285e-23],
        "var": [0.00011107519822, 1.66145473486e-05, 5.01402951159e-07, 8.11620793684e-06, 1.26562235891e-05, 7.73800934439e-07, 5.73849320062e-07, 3.35535833074e-06, 3.85197751029e-07, 4.08452081047e-08, 5.65564732824e-08, 1.74831538136e-09, 2.74249756238e-09, 7.37199579159e-10, 1.45953582553e-09, 9.15757955577e-11, 1.25912427151e-08, 6.5343269684e-10, 3.57203953916e-11, 8.39645089568e-11, 7.12989346383e-12, 8.26954130173e-12, 1.43938836544e-11, 5.10984700733e-13, 5.17011390297e-12, 7.53968759713e-14, 5.25153542614e-13, 3.51207913663e-14, 1.49868368448e-14, 8.21355719441e-14, 1.50432932848e-14, 3.80883018403e-15, 2.80745491653e-15, 1.12338221086e-15, 1.21286912415e-15, 6.20821204927e-16, 3.15864250564e-16, 2.99006627317e-16, 3.69628932355e-17, 3.97510709262e-17]
    },
    "mfcc": {
        "mean": [-774.534545898, 225.416870117, 16.9120616913, 24.3433246613, 20.7989292145, 6.80563831329, 3.61612296104, 5.10985803604, 7.25309467316, 2.82499456406, 5.22233915329, 4.33159923553, 7.70628118515],
        "cov": [[5017.82861328, 417.946960449, -819.407104492, 179.264648438, -246.65814209, 26.1749858856, -84.190071106, -103.470291138, -32.7042770386, -25.9008083344, 73.871887207, 46.6188583374, 62.8768157959], [417.946960449, 1048.7121582, 123.342697144, 5.5498008728, 183.111251831, -54.4311981201, 38.4223670959, 7.48200416565, -0.212832912803, -12.9025382996, -13.8334474564, -11.4748926163, 5.34950304031], [-819.407104492, 123.342697144, 374.297454834, 25.2502326965, 58.7715911865, -0.141020208597, -40.1787452698, -14.2044000626, -52.2272911072, -30.0819416046, -41.1604232788, -13.6457653046, -13.8175096512], [179.264648438, 5.5498008728, 25.2502326965, 154.276138306, 9.87460422516, 23.1535758972, -20.9473667145, -38.5533905029, -18.6755752563, -25.8164348602, 0.362757414579, 4.38968372345, 6.88496637344], [-246.65814209, 183.111251831, 58.7715911865, 9.87460422516, 161.625961304, 21.3601264954, 24.9993495941, 9.22373580933, -14.0176448822, 1.33922600746, -6.48744630814, -0.702154934406, 1.42209231853], [26.1749858856, -54.4311981201, -0.141020208597, 23.1535758972, 21.3601264954, 117.68321991, 51.1961898804, 41.8679008484, 15.2669219971, 18.2127456665, 18.3426532745, 12.2124185562, 8.12945270538], [-84.190071106, 38.4223670959, -40.1787452698, -20.9473667145, 24.9993495941, 51.1961898804, 138.556991577, 93.669921875, 61.3265457153, 35.6364364624, 14.1295585632, 3.55752468109, 1.28345322609], [-103.470291138, 7.48200416565, -14.2044000626, -38.5533905029, 9.22373580933, 41.8679008484, 93.669921875, 158.288909912, 91.2758407593, 45.3153953552, 17.0378742218, -4.4018163681, 0.0622617304325], [-32.7042770386, -0.212832912803, -52.2272911072, -18.6755752563, -14.0176448822, 15.2669219971, 61.3265457153, 91.2758407593, 148.961013794, 52.5727577209, 21.9337387085, -7.67665958405, -9.60723686218], [-25.9008083344, -12.9025382996, -30.0819416046, -25.8164348602, 1.33922600746, 18.2127456665, 35.6364364624, 45.3153953552, 52.5727577209, 102.237953186, 51.4691123962, 18.0221138, -4.29781150818], [73.871887207, -13.8334474564, -41.1604232788, 0.362757414579, -6.48744630814, 18.3426532745, 14.1295585632, 17.0378742218, 21.9337387085, 51.4691123962, 83.3424377441, 33.1271362305, 2.46785902977], [46.6188583374, -11.4748926163, -13.6457653046, 4.38968372345, -0.702154934406, 12.2124185562, 3.55752468109, -4.4018163681, -7.67665958405, 18.0221138, 33.1271362305, 66.3377685547, 21.5158176422], [62.8768157959, 5.34950304031, -13.8175096512, 6.88496637344, 1.42209231853, 8.12945270538, 1.28345322609, 0.0622617304325, -9.60723686218, -4.29781150818, 2.46785902977, 21.5158176422, 57.329284668]],
