{
"lowlevel": {
    "average_loudness": 0.813105285168,
    "barkbands_crest": {
        "dmean": 2.33087849617,
        "dmean2": 3.4403924942,
        "dvar": 4.12399339676,
        "dvar2": 9.75343132019,
        "max": 25.8864212036,
        "mean": 12.988366127,
        "median": 12.4255332947,
        "min": 4.41078138351,
        "var": 16.1999034882
    },
    "barkbands_flatness_db": {
        "dmean": 0.0171730183065,
        "dmean2": 0.0246382076293,
        "dvar": 0.000215924374061,
        "dvar2": 0.000509601959493,
        "max": 0.408580899239,
        "mean": 0.243667021394,
        "median": 0.245058774948,
        "min": 0.0281684733927,
        "var": 0.00234810984693
    },
    "barkbands_kurtosis": {
        "dmean": 3.4210934639,
        "dmean2": 5.07248258591,
        "dvar": 18.2301254272,
        "dvar2": 42.2055053711,
        "max": 80.9816055298,
        "mean": 7.95137071609,
        "median": 5.86329221725,
        "min": -1.59390389919,
        "var": 63.4091720581
    },
    "barkbands_skewness": {
        "dmean": 0.494357943535,
        "dmean2": 0.718979120255,
        "dvar": 0.208508715034,
        "dvar2": 0.473104000092,
        "max": 7.89605522156,
        "mean": 2.17230057716,
        "median": 2.09787034988,
        "min": -2.287119627,
        "var": 1.1534320116
    },
    "barkbands_spread": {
        "dmean": 2.15739202499,
        "dmean2": 3.27512359619,
        "dvar": 10.449303627,
        "dvar2": 27.2492198944,
        "max": 95.9890060425,
        "mean": 8.37922954559,
        "median": 6.61120223999,
        "min": 0.759299814701,
        "var": 41.7739868164
    },
    "dissonance": {
        "dmean": 0.0272373016924,
        "dmean2": 0.0447866655886,
        "dvar": 0.000507655669935,
        "dvar2": 0.00136375729926,
        "max": 0.499997586012,
        "mean": 0.407712996006,
        "median": 0.409448862076,
        "min": 0.219012007117,
        "var": 0.0019128076965
    },
    "dynamic_complexity": 3.34664678574,
    "erbbands_crest": {
        "dmean": 3.140614748,
        "dmean2": 4.77013635635,
        "dvar": 7.84120130539,
        "dvar2": 17.9607791901,
        "max": 32.4334106445,
        "mean": 13.0191602707,
        "median": 12.159116745,
        "min": 2.26026391983,
        "var": 26.167798996
    },
    "erbbands_flatness_db": {
        "dmean": 0.0142740104347,
        "dmean2": 0.020078279078,
        "dvar": 0.000143620171002,
        "dvar2": 0.000308205693727,
        "max": 0.381950676441,
        "mean": 0.259737789631,
        "median": 0.264369696379,
        "min": 0.0551625527442,
        "var": 0.00177790445741
    },
    "erbbands_kurtosis": {
        "dmean": 1.27605569363,
        "dmean2": 1.91029894352,
        "dvar": 2.0068769455,
        "dvar2": 4.45152044296,
        "max": 26.0614624023,
        "mean": 1.27039110661,
        "median": 0.708590745926,
        "min": -1.60618686676,
        "var": 4.73593187332
    },
    "erbbands_skewness": {
        "dmean": 0.385987699032,
        "dmean2": 0.557012200356,
        "dvar": 0.110347412527,
        "dvar2": 0.239970386028,
        "max": 4.44564342499,
        "mean": 0.971350312233,
        "median": 0.948565840721,
        "min": -1.51400852203,
        "var": 0.467108249664
    },
    "erbbands_spread": {
        "dmean": 4.98044872284,
        "dmean2": 7.50148391724,
        "dvar": 20.7843532562,
        "dvar2": 49.480304718,
        "max": 110.590965271,
        "mean": 22.7700328827,
        "median": 20.8201980591,
        "min": 3.56249308586,
        "var": 111.858009338
    },
    "hfc": {
        "dmean": 2.5805618763,
        "dmean2": 3.56841397285,
        "dvar": 8.10650348663,
        "dvar2": 17.1801776886,
        "max": 56.0584106445,
        "mean": 12.0421466827,
        "median": 10.9241580963,
        "min": 1.06657118169e-16,
        "var": 60.6632766724
    },
    "melbands_crest": {
        "dmean": 2.72527456284,
        "dmean2": 4.06627464294,
        "dvar": 6.28463363647,
        "dvar2": 15.480764389,
        "max": 37.3620872498,
        "mean": 16.0872516632,
        "median": 15.3062038422,
        "min": 1.83938741684,
        "var": 26.1606349945
    },
    "melbands_flatness_db": {
        "dmean": 0.0176427587867,
        "dmean2": 0.0244772192091,
        "dvar": 0.00023638845596,
        "dvar2": 0.000536048726644,
        "max": 0.521015703678,
        "mean": 0.306363731623,
        "median": 0.307371675968,
        "min": 0.0048698997125,
        "var": 0.00429784646258
    },
    "melbands_kurtosis": {
        "dmean": 5.29474210739,
        "dmean2": 7.89503479004,
        "dvar": 64.1058425903,
        "dvar2": 157.641540527,
        "max": 203.287902832,
        "mean": 12.4258956909,
        "median": 9.46289634705,
        "min": -1.42497444153,
        "var": 159.322875977
    },
    "melbands_skewness": {
        "dmean": 0.600217461586,
        "dmean2": 0.871949911118,
        "dvar": 0.337268739939,
        "dvar2": 0.759866774082,
        "max": 13.1208744049,
        "mean": 2.51210021973,
        "median": 2.34922838211,
        "min": -1.1024119854,
        "var": 1.56586062908
    },
    "melbands_spread": {
        "dmean": 2.61691880226,
        "dmean2": 3.92858481407,
        "dvar": 13.6160974503,
        "dvar2": 32.0688781738,
        "max": 173.114959717,
        "mean": 10.4881877899,
        "median": 7.94088077545,
        "min": 0.845885396004,
        "var": 94.5330200195
    },
    "pitch_salience": {
        "dmean": 0.0610426962376,
        "dmean2": 0.0917362272739,
        "dvar": 0.00293907336891,
        "dvar2": 0.0068410509266,
        "max": 0.941415846348,
        "mean": 0.465817689896,
        "median": 0.463707149029,
        "min": 0.109899632633,
        "var": 0.01089378912
    },
    "silence_rate_20dB": {
        "dmean": 0,
        "dmean2": 0,
        "dvar": 0,
        "dvar2": 0,
        "max": 1,
        "mean": 1,
        "median": 1,
        "min": 1,
        "var": 0
    },
    "silence_rate_30dB": {
        "dmean": 0.00269178999588,
        "dmean2": 0.00538406334817,
        "dvar": 0.00268486421555,
        "dvar2": 0.00607404345647,
        "max": 1,
        "mean": 0.996052384377,
        "median": 1,
        "min": 0,
        "var": 0.00393172539771
    },
    "silence_rate_60dB": {
        "dmean": 0.00610139081255,
        "dmean2": 0.0122038768604,
        "dvar": 0.0060646510683,
        "dvar2": 0.0140305766836,
        "max": 1,
        "mean": 0.0392966084182,
        "median": 0,
        "min": 0,
        "var": 0.0377493798733
    },
    "spectral_centroid": {
        "dmean": 97.000213623,
        "dmean2": 149.586593628,
        "dvar": 24608.2246094,
        "dvar2": 48313.1132812,
        "max": 11443.3955078,
        "mean": 724.079284668,
        "median": 563.292358398,
        "min": 179.669845581,
        "var": 427672.75
    },
    "spectral_complexity": {
        "dmean": 1.50040376186,
        "dmean2": 2.55132818222,
        "dvar": 1.68936395645,
        "dvar2": 4.60021877289,
        "max": 22,
        "mean": 11.1474971771,
        "median": 11,
        "min": 0,
        "var": 14.6212110519
    },
    "spectral_decrease": {
        "dmean": 1.46644429933e-09,
        "dmean2": 1.86924009604e-09,
        "dvar": 2.35978788253e-18,
        "dvar2": 4.76347175862e-18,
        "max": 1.20308017976e-21,
        "mean": -6.88266110771e-09,
        "median": -5.89304161025e-09,
        "min": -4.58622508859e-08,
        "var": 2.41597453922e-17
    },
    "spectral_energy": {
        "dmean": 0.00574591709301,
        "dmean2": 0.00734434043989,
        "dvar": 3.59717560059e-05,
        "dvar2": 7.24883648218e-05,
        "max": 0.17808701098,
        "mean": 0.0270688422024,
        "median": 0.0233202017844,
        "min": 1.005409681e-20,
        "var": 0.000365380896255
    },
    "spectral_energyband_high": {
        "dmean": 1.87665136764e-05,
        "dmean2": 3.23001841025e-05,
        "dvar": 2.53020471241e-09,
        "dvar2": 7.61154961282e-09,
        "max": 0.00162462762091,
        "mean": 6.28082925687e-05,
        "median": 2.24904706556e-05,
        "min": 6.93633837464e-21,
        "var": 1.25228014625e-08
    },
    "spectral_energyband_low": {
        "dmean": 0.00106972188223,
        "dmean2": 0.000889180868398,
        "dvar": 4.2955562094e-06,
        "dvar2": 2.87397983811e-06,
        "max": 0.126720741391,
        "mean": 0.00455926964059,
        "median": 0.000769668258727,
        "min": 9.22389102951e-24,
        "var": 8.67945418577e-05
    },
    "spectral_energyband_middle_high": {
        "dmean": 0.00111914239824,
        "dmean2": 0.00173483951949,
        "dvar": 3.61623574463e-06,
        "dvar2": 8.47480168886e-06,
        "max": 0.0447402745485,
        "mean": 0.00309529271908,
        "median": 0.00217276485637,
        "min": 1.20703584389e-21,
        "var": 1.17771660371e-05
    },
    "spectral_energyband_middle_low": {
        "dmean": 0.00525251263753,
        "dmean2": 0.00683208741248,
        "dvar": 3.50231057382e-05,
        "dvar2": 7.19456002116e-05,
        "max": 0.175420075655,
        "mean": 0.0209832824767,
        "median": 0.0169769898057,
        "min": 1.53579113965e-22,
        "var": 0.000288742623525
    },
    "spectral_entropy": {
        "dmean": 0.124615781009,
        "dmean2": 0.176462247968,
        "dvar": 0.0107630053535,
        "dvar2": 0.0233007706702,
        "max": 9.82414627075,
        "mean": 6.47269201279,
        "median": 6.4684252739,
        "min": 5.07231712341,
        "var": 0.207172706723
    },
    "spectral_flux": {
        "dmean": 0.0137180192396,
        "dmean2": 0.0235634725541,
        "dvar": 0.000167163132573,
        "dvar2": 0.000490020320285,
        "max": 0.189766481519,
        "mean": 0.0508193187416,
        "median": 0.0492779091001,
        "min": 6.32310245829e-11,
        "var": 0.000485047989059
    },
    "spectral_kurtosis": {
        "dmean": 5.3379445076,
        "dmean2": 9.30546665192,
        "dvar": 24.6929626465,
        "dvar2": 71.1317672729,
        "max": 69.1680679321,
        "mean": 11.71966362,
        "median": 9.51118659973,
        "min": -1.23833394051,
        "var": 68.1173858643
    },
    "spectral_rms": {
        "dmean": 0.000539384607691,
        "dmean2": 0.00068982160883,
        "dvar": 2.23715588277e-07,
        "dvar2": 4.75351953355e-07,
        "max": 0.0131811769679,
        "mean": 0.0047975727357,
        "median": 0.00476984493434,
        "min": 3.13191226425e-12,
        "var": 3.39202028954e-06
    },
    "spectral_rolloff": {
        "dmean": 170.334991455,
        "dmean2": 303.189422607,
        "dvar": 135851.03125,
        "dvar2": 313539,
        "max": 19487.5488281,
        "mean": 734.14050293,
        "median": 538.330078125,
        "min": 21.533203125,
        "var": 1030649.5625
    },
    "spectral_skewness": {
        "dmean": 0.43829408288,
        "dmean2": 0.756773173809,
        "dvar": 0.136306598783,
        "dvar2": 0.390636831522,
        "max": 6.42388772964,
        "mean": 2.21232175827,
        "median": 2.08625388145,
        "min": -0.0720912590623,
        "var": 0.584193348885
    },
    "spectral_spread": {
        "dmean": 210312.46875,
        "dmean2": 352579.125,
        "dvar": 198149865472,
        "dvar2": 316799254528,
        "max": 41878372,
        "mean": 2607788,
        "median": 2329656.5,
        "min": 973988.625,
        "var": 4.13459467469e+12
    },
    "spectral_strongpeak": {
        "dmean": 0.471872359514,
        "dmean2": 0.745148062706,
        "dvar": 0.404185205698,
        "dvar2": 0.917259395123,
        "max": 8.41295433044,
        "mean": 1.2866666317,
        "median": 1.00567746162,
        "min": 0,
        "var": 0.981013298035
    },
    "zerocrossingrate": {
        "dmean": 0.00384219735861,
        "dmean2": 0.00486576836556,
        "dvar": 5.42589768884e-05,
        "dvar2": 0.000112604349852,
        "max": 0.5166015625,
        "mean": 0.0305878017098,
        "median": 0.02587890625,
        "min": 0.00537109375,
        "var": 0.000785446260124
    },
    "barkbands": {
        "dmean": [2.20261226787e-05, 1.87999612535e-05, 0.00077491562115, 0.000722264579963, 0.00221974775195, 0.00171444891021, 0.00177602551412, 0.000790144724306, 0.000429447973147, 0.00095804798184, 0.00035673455568, 0.000133458219352, 0.000135903610499, 0.000163869684911, 0.000162635551533, 0.000117090603453, 0.000115963397548, 5.29692697455e-05, 4.67741592729e-05, 2.26551674132e-05, 1.21626890177e-05, 4.38613506049e-06, 1.40879262744e-06, 6.93202764523e-07, 2.88795661163e-07, 7.91855896409e-08, 8.56619164491e-10],
        "dmean2": [3.96362374886e-05, 3.18797938235e-05, 0.000596940808464, 0.00090405845549, 0.00301258871332, 0.00192186643835, 0.00213034660555, 0.00111303664744, 0.000609533046372, 0.00141937239096, 0.000564662797842, 0.000212343016756, 0.000220779154915, 0.000268083997071, 0.000278897932731, 0.000203393748961, 0.000203504678211, 9.14556221687e-05, 8.16972533357e-05, 3.92472466046e-05, 2.10408343264e-05, 7.52184632802e-06, 2.44714624387e-06, 1.19401943266e-06, 4.90922388963e-07, 1.35268990675e-07, 1.53939028191e-09],
        "dvar": [1.05769959458e-09, 1.48107326403e-09, 2.51544656749e-06, 1.74829108346e-06, 1.43266961459e-05, 9.60604575084e-06, 9.89824729913e-06, 3.69532244804e-06, 1.6901753952e-06, 3.39427083418e-06, 1.52577547397e-06, 6.14277553268e-08, 1.1522874388e-07, 1.30599417503e-07, 8.87973996555e-08, 8.44229077757e-08, 4.57118218833e-08, 1.18752288003e-08, 7.67932295531e-09, 2.68269961801e-09, 8.08738909175e-10, 1.14680036301e-10, 1.4990265973e-11, 3.03759404782e-12, 5.44484162618e-13, 4.57852478803e-14, 1.50287064394e-18],
        "dvar2": [3.13683590214e-09, 3.78777054166e-09, 1.48617198192e-06, 3.46940623785e-06, 4.0261529648e-05, 1.19485566756e-05, 1.43013348861e-05, 7.79973470344e-06, 3.35705885846e-06, 7.1517838478e-06, 3.73353282157e-06, 1.44004502545e-07, 2.97295969176e-07, 3.43578108186e-07, 2.58402025111e-07, 2.4425193601e-07, 1.36956728625e-07, 3.39165389107e-08, 2.21292602021e-08, 7.83427633877e-09, 2.40068853685e-09, 3.34025973547e-10, 4.47822785798e-11, 8.90668008097e-12, 1.58872979876e-12, 1.32304865848e-13, 4.6274369438e-18],
        "max": [0.000702374847606, 0.00144753511995, 0.0987961664796, 0.0732344835997, 0.107963941991, 0.0913305580616, 0.0936105102301, 0.0615031123161, 0.0377066284418, 0.0365280322731, 0.0391755774617, 0.00460123969242, 0.00835611764342, 0.00668734870851, 0.00550261698663, 0.00821004807949, 0.00354805379175, 0.00429664738476, 0.0014098987449, 0.00142540340312, 0.000732155691367, 0.000204639334697, 0.000102319318103, 4.39669056504e-05, 1.85954886547e-05, 4.97504470331e-06, 1.93051548081e-08],
        "mean": [2.11373553611e-05, 3.03832730424e-05, 0.00332152587362, 0.00251287198626, 0.00674714241177, 0.00435318937525, 0.00431643379852, 0.00135569646955, 0.000758227019105, 0.00164726912044, 0.000546242052224, 0.000196975743165, 0.000195557047846, 0.00022572906164, 0.000236575811869, 0.000169235863723, 0.000176678397111, 9.02113388292e-05, 8.00127672846e-05, 4.53422799183e-05, 2.55400846072e-05, 1.09304264697e-05, 3.11237749884e-06, 1.95107077161e-06, 8.24612186534e-07, 1.78625256808e-07, 1.84394333136e-09],
        "median": [1.05989292933e-05, 1.40664487844e-05, 0.000165249439306, 0.00110516115092, 0.00343124195933, 0.00138140539639, 0.00137413502671, 0.000255704799201, 0.000193356841919, 0.000599397346377, 9.11325478228e-05, 8.16911342554e-05, 5.06152573507e-05, 7.5119532994e-05, 0.000116232025903, 7.51323532313e-05, 9.25345593714e-05, 5.15900756e-05, 4.18834533775e-05, 2.0481977117e-05, 9.26362736209e-06, 3.03425008497e-06, 1.05673450435e-06, 4.57718869029e-07, 2.42144665208e-07, 3.7694007915e-08, 1.45340051105e-09],
        "min": [1.85646127535e-24, 1.42473594433e-24, 4.24372693787e-24, 8.64071594178e-25, 7.44651246826e-24, 3.70506667938e-24, 1.02624997753e-23, 7.49561669303e-24, 2.36251534884e-23, 2.32515836735e-23, 2.17421898392e-23, 2.9589014507e-23, 2.98069515316e-23, 3.81954932939e-23, 6.33929633178e-23, 6.64977810012e-23, 7.36287743509e-23, 1.06127464442e-22, 1.77641365814e-22, 1.98558587007e-22, 2.69297549292e-22, 2.98068959958e-22, 4.76267261571e-22, 5.84394620936e-22, 9.6484691269e-22, 1.39555264809e-21, 2.08613496457e-21],
        "var": [1.0199886491e-09, 4.26930935049e-09, 5.43116220797e-05, 1.94495751202e-05, 7.94757215772e-05, 5.88860748394e-05, 5.91423522565e-05, 9.75652528723e-06, 4.13376392316e-06, 8.96087567526e-06, 2.96881444228e-06, 1.10135850662e-07, 1.93691661821e-07, 1.89206517121e-07, 1.2986082254e-07, 1.05376052772e-07, 6.53343477097e-08, 1.77423000736e-08, 1.29406370064e-08, 5.46990808203e-09, 2.03586658643e-09, 4.01575689368e-10, 4.39310116063e-11, 1.57308974874e-11, 2.65612380181e-12, 1.76748264462e-13, 1.36658633077e-18]
    },
    "erbbands": {
        "dmean": [0.000827723008115, 0.0130270076916, 0.528779089451, 1.90639042854, 5.54985427856, 7.56089401245, 5.10110759735, 16.9072475433, 29.3034744263, 24.8421592712, 9.39992332458, 11.7909240723, 27.3282222748, 18.2483901978, 15.9492893219, 6.68394231796, 6.46488189697, 9.43456459045, 7.1905002594, 7.73167610168, 5.93375682831, 4.59201383591, 3.01487994194, 3.05552577972, 1.91893839836, 1.15831398964, 0.601435601711, 0.337270259857, 0.149316802621, 0.100382424891, 0.0499938614666, 0.0192314404994, 0.00902207195759, 0.00429587019607, 0.00178397493437, 0.000576222781092, 0.000121156910609, 7.73879128246e-06, 2.73480122814e-06, 6.41693395664e-06],
        "dmean2": [0.00135319679976, 0.0140139777213, 0.43421331048, 1.90743970871, 7.83800840378, 9.99896907806, 5.77883195877, 19.0331993103, 33.4352302551, 34.5888442993, 12.5677366257, 16.6268310547, 39.4864463806, 28.1816387177, 25.191860199, 10.6045455933, 10.434551239, 15.3758888245, 12.2578687668, 13.3680677414, 10.3205757141, 8.04769134521, 5.27551984787, 5.34102725983, 3.38284659386, 2.02480077744, 1.04397392273, 0.581177055836, 0.259182721376, 0.173835173249, 0.087088316679, 0.0328826792538, 0.0154113993049, 0.00728004286066, 0.00310901901685, 0.0009794003563, 0.000210020210943, 1.30864555103e-05, 3.53103268935e-06, 8.22814672574e-06],
        "dvar": [2.3533032163e-06, 0.000709043000825, 1.15971660614, 9.95555973053, 126.923316956, 212.939453125, 90.4059753418, 1044.15429688, 2683.00708008, 3377.27832031, 421.016601562, 1363.19335938, 3018.15380859, 2429.30664062, 3277.81787109, 163.54637146, 242.894622803, 390.941101074, 267.477630615, 207.701431274, 116.47668457, 75.8399581909, 35.7312316895, 46.5455055237, 17.6211643219, 7.13048934937, 2.24691987038, 1.02644753456, 0.120904579759, 0.0790555402637, 0.0244295224547, 0.00235426612198, 0.00045202189358, 0.000106141691504, 2.35330444411e-05, 2.33709170061e-06, 1.39815782063e-07, 8.02124200394e-10, 8.01342152357e-12, 4.45023566609e-11],
        "dvar2": [5.38095218872e-06, 0.000770096317865, 0.770446181297, 10.8928775787, 387.832061768, 508.113250732, 140.528274536, 1250.64111328, 3461.86083984, 7798.90576172, 735.386291504, 2706.72119141, 6023.84326172, 5448.92285156, 8009.07666016, 382.004394531, 618.755493164, 1024.4050293, 771.744689941, 618.662414551, 340.42880249, 228.277191162, 102.812400818, 136.90524292, 52.0297012329, 20.993106842, 6.67047977448, 3.04246425629, 0.360989511013, 0.2327837497, 0.0722038373351, 0.00673366291448, 0.00132737238891, 0.00030359782977, 6.98003350408e-05, 6.84414771968e-06, 4.06743424719e-07, 2.18781304184e-09, 1.61269834292e-11, 8.95820848057e-11],
        "max": [0.0781297460198, 1.82419908047, 65.2401504517, 161.135894775, 435.315429688, 380.999847412, 320.768554688, 1025.1673584, 1420.54772949, 1666.07580566, 1066.64904785, 1098.48535156, 1298.49194336, 1308.66564941, 1975.14611816, 236.92729187, 365.379577637, 365.661468506, 332.47769165, 331.717407227, 218.645507812, 144.154998779, 184.682144165, 143.102645874, 84.3161239624, 86.1474151611, 35.4175605774, 32.8132591248, 7.30414772034, 7.36308479309, 4.33144283295, 1.21989929676, 0.522367238998, 0.283182144165, 0.116410456598, 0.0358708910644, 0.00895323976874, 0.000951209105551, 8.2550701336e-05, 0.000196839100681],
        "mean": [0.00168691575527, 0.0504038184881, 2.23954892159, 7.76055192947, 18.1015224457, 21.4117965698, 15.0337381363, 43.2653923035, 74.1900253296, 48.587726593, 18.4903278351, 21.9017505646, 47.0792160034, 30.9810562134, 25.2246685028, 10.500330925, 9.89104938507, 13.8564186096, 10.8334560394, 11.5591659546, 9.60601234436, 7.79931926727, 5.40747404099, 5.11737346649, 3.44546556473, 2.35893034935, 1.33878421783, 0.804210066795, 0.362608700991, 0.229339763522, 0.114754840732, 0.0504353269935, 0.0241415500641, 0.0115736545995, 0.00451792357489, 0.00138581369538, 0.000267090596026, 1.59360079124e-05, 1.36463067975e-05, 3.05314169964e-05],
        "median": [0.000879699364305, 0.00754214264452, 0.217946395278, 3.15204620361, 6.76140403748, 9.22060012817, 5.07752513885, 13.7588214874, 24.5470619202, 12.3090305328, 6.15965080261, 6.69486999512, 18.0792102814, 9.07393741608, 6.08347511292, 4.99298763275, 3.53382825851, 5.77202796936, 4.78498077393, 6.51430416107, 5.69235038757, 4.43220806122, 3.41901063919, 2.66350078583, 1.74601840973, 1.09986948967, 0.548753142357, 0.263915389776, 0.121310606599, 0.0610422343016, 0.0269560441375, 0.0123904254287, 0.00630540493876, 0.0033263117075, 0.00141414231621, 0.0004249495978, 3.14626086038e-05, 3.42877956427e-06, 1.21266239148e-05, 2.6551540941e-05],
        "min": [8.21923454154e-23, 3.5037851591e-22, 4.64568906206e-21, 7.1120019715e-21, 1.28487095459e-20, 3.30037761955e-20, 3.68524892582e-20, 4.67896813754e-20, 1.31457610898e-19, 2.70163831354e-19, 3.62711770967e-19, 4.79587428437e-19, 8.42618646217e-19, 1.20550738214e-18, 1.12352096213e-18, 1.40600903498e-18, 1.54391844786e-18, 2.59564768085e-18, 3.93822013125e-18, 3.56881822689e-18, 3.93938190643e-18, 4.95217853971e-18, 5.10017066388e-18, 6.2258848954e-18, 8.69913259306e-18, 8.08371352604e-18, 1.08410398615e-17, 1.31417624988e-17, 1.14904965835e-17, 1.29368888862e-17, 1.30953857905e-17, 1.09095957635e-17, 1.03156883554e-17, 1.01305256297e-17, 6.38778730234e-18, 4.13542867468e-18, 2.37044238241e-18, 1.05237164213e-18, 2.63604392494e-19, 2.69268227395e-20],
        "var": [8.13226597529e-06, 0.0124010369182, 24.1644172668, 162.473571777, 851.767822266, 1020.84576416, 666.779052734, 6669.86376953, 16484.0683594, 9158.37207031, 1515.71520996, 3328.6003418, 7516.86474609, 5582.92529297, 6136.28564453, 296.286376953, 401.317901611, 578.591125488, 391.846862793, 271.876861572, 163.795394897, 115.394775391, 54.8057098389, 72.1674118042, 29.4815406799, 14.4681177139, 5.4427280426, 3.34096097946, 0.375078886747, 0.245424330235, 0.0779445171356, 0.0114431967959, 0.00219655758701, 0.000516724016052, 8.33496669657e-05, 7.84983694757e-06, 5.02061652696e-07, 2.15412665483e-09, 8.12169775877e-11, 4.4902248586e-10]
    },
    "gfcc": {
        "mean": [-90.743347168, 155.658676147, -151.126190186, 13.3428316116, -61.2623825073, -22.3428077698, -40.9560661316, -11.6698160172, -24.799325943, -16.8615093231, -13.7326231003, -16.8914432526, -0.847293019295],
        "cov": [[8650.50585938, 760.697021484, -1458.22363281, -11.1425275803, -507.606445312, -367.200714111, -131.397140503, -240.732620239, -148.111694336, -244.265838623, -160.32460022, -106.238166809, -48.8756828308], [760.697021484, 1657.46777344, 310.349517822, -264.553497314, 308.746643066, -406.870422363, -62.2773170471, -238.959716797, 27.2633991241, -110.70552063, 112.369682312, -171.053237915, 22.4717082977], [-1458.22363281, 310.349517822, 756.807800293, 158.185791016, 288.834106445, 106.6717453, 74.7227706909, 21.3707180023, -5.65869140625, -19.7698993683, -19.7533378601, -47.6653366089, -43.8484306335], [-11.1425275803, -264.553497314, 158.185791016, 311.56640625, 54.9503097534, 201.378875732, 69.4478378296, 76.4664230347, -9.62695503235, 1.10485482216, -60.4511032104, -0.954922497272, -64.7886810303], [-507.606445312, 308.746643066, 288.834106445, 54.9503097534, 243.353408813, 44.0196151733, 49.3674850464, -3.7672765255, 8.57595443726, -25.0678882599, -1.38618934155, -45.6083488464, -13.8553314209], [-367.200714111, -406.870422363, 106.6717453, 201.378875732, 44.0196151733, 292.146270752, 109.10269165, 118.848068237, -20.0620727539, 4.15612649918, -80.4504013062, 14.9620161057, -37.30027771], [-131.397140503, -62.2773170471, 74.7227706909, 69.4478378296, 49.3674850464, 109.10269165, 122.462844849, 81.7070541382, 10.1210002899, -5.4524731636, -38.0076942444, -9.54931259155, -20.8008670807], [-240.732620239, -238.959716797, 21.3707180023, 76.4664230347, -3.7672765255, 118.848068237, 81.7070541382, 140.052764893, 31.7199001312, 23.9365024567, -45.2447166443, 4.63468742371, -20.4649429321], [-148.111694336, 27.2633991241, -5.65869140625, -9.62695503235, 8.57595443726, -20.0620727539, 10.1210002899, 31.7199001312, 94.904876709, 54.0457954407, 42.5850372314, -4.60733366013, -9.74350070953], [-244.265838623, -110.70552063, -19.7698993683, 1.10485482216, -25.0678882599, 4.15612649918, -5.4524731636, 23.9365024567, 54.0457954407, 99.4931945801, 60.9097061157, 28.8042964935, -15.6350650787], [-160.32460022, 112.369682312, -19.7533378601, -60.4511032104, -1.38618934155, -80.4504013062, -38.0076942444, -45.2447166443, 42.5850372314, 60.9097061157, 136.704223633, 47.1957931519, 12.8764638901], [-106.238166809, -171.053237915, -47.6653366089, -0.954922497272, -45.6083488464, 14.9620161057, -9.54931259155, 4.63468742371, -4.60733366013, 28.8042964935, 47.1957931519, 109.098449707, 37.4977302551], [-48.8756828308, 22.4717082977, -43.8484306335, -64.7886810303, -13.8553314209, -37.30027771, -20.8008670807, -20.4649429321, -9.74350070953, -15.6350650787, 12.8764638901, 37.4977302551, 85.8439178467]],
        "icov": [[0.000561675406061, -0.00127296405844, 0.00148566288408, -0.00145304889884, 0.00124657002743, -0.000295249134069, -6.75164046697e-05, 0.000187658966752, 0.000412879802752, -9.71595145529e-05, 0.00137285701931, -0.00105665274896, 0.000701318611391], [-0.00127296405844, 0.00582794006914, -0.0038035674952, 0.00375550426543, -0.00554272066802, 0.00423321360722, -0.00197937479243, 0.00150985328946, -0.00160884275101, 0.00279050297104, -0.00514343660325, 0.00513096759096, -0.00167785130907], [0.00148566288408, -0.0038035674952, 0.0066480692476, -0.00473426142707, 0.000555431412067, -0.000937884673476, 0.000137697774335, -0.000145119556691, 0.00209058821201, -0.00128808629233, 0.00405427673832, -0.00335866305977, 0.00220680562779], [-0.00145304889884, 0.00375550426543, -0.00473426142707, 0.010963014327, -0.0036542522721, -0.00308800023049, 0.00101134332363, 0.000192640363821, -0.00247230916284, 0.00183857430238, -0.00286320527084, 0.001333056367, 0.00230629835278], [0.00124657002743, -0.00554272066802, 0.000555431412067, -0.0036542522721, 0.0149494390935, -0.0056574055925, -0.000906780129299, 0.00112782942597, -0.000754505686928, 0.000284523674054, 0.00199394556694, -0.00131344352849, -6.89512962708e-05], [-0.000295249134069, 0.00423321360722, -0.000937884673476, -0.00308800023049, -0.0056574055925, 0.0155407553539, -0.00648457324132, -0.00168642052449, 0.00320823700167, -0.000547109579202, 0.000254774553468, 0.0012802175479, -0.000552616314963], [-6.75164046697e-05, -0.00197937479243, 0.000137697774335, 0.00101134332363, -0.000906780129299, -0.00648457324132, 0.0194976218045, -0.009924730286, -0.000660391175188, 0.00233851792291, -9.87744570011e-05, -0.00168645766098, 0.00181024265476], [0.000187658966752, 0.00150985328946, -0.000145119556691, 0.000192640363821, 0.00112782942597, -0.00168642052449, -0.009924730286, 0.0217154920101, -0.00843740906566, -0.00236669369042, 0.00658432533965, -0.00123792351224, 0.000168557206052], [0.000412879802752, -0.00160884275101, 0.00209058821201, -0.00247230916284, -0.000754505686928, 0.00320823700167, -0.000660391175188, -0.00843740906566, 0.0226713418961, -0.00997275207192, -0.00399013143033, 0.00414782343432, -0.00149749219418], [-9.71595145529e-05, 0.00279050297104, -0.00128808629233, 0.00183857430238, 0.000284523674054, -0.000547109579202, 0.00233851792291, -0.00236669369042, -0.00997275207192, 0.0267452187836, -0.0115119023249, -7.49199534766e-05, 0.00525327306241], [0.00137285701931, -0.00514343660325, 0.00405427673832, -0.00286320527084, 0.00199394556694, 0.000254774553468, -9.87744570011e-05, 0.00658432533965, -0.00399013143033, -0.0115119023249, 0.0256395749748, -0.0139715271071, 0.00372374663129], [-0.00105665274896, 0.00513096759096, -0.00335866305977, 0.001333056367, -0.00131344352849, 0.0012802175479, -0.00168645766098, -0.00123792351224, 0.00414782343432, -7.49199534766e-05, -0.0139715271071, 0.023890638724, -0.0108966231346], [0.000701318611391, -0.00167785130907, 0.00220680562779, 0.00230629835278, -6.89512962708e-05, -0.000552616314963, 0.00181024265476, 0.000168557206052, -0.00149749219418, 0.00525327306241, 0.00372374663129, -0.0108966231346, 0.0205710437149]]
    },
    "melbands": {
        "dmean": [6.16809120402e-06, 0.00020164444868, 0.000416061229771, 0.000496803724673, 0.000225507974392, 0.000390778761357, 0.000431104475865, 0.000252448749961, 6.30369177088e-05, 7.8123928688e-05, 0.000136060436489, 7.60640614317e-05, 5.07751392433e-05, 2.48711166932e-05, 1.16988258014e-05, 1.48066965266e-05, 1.99122823688e-05, 1.12408461064e-05, 8.40690790938e-06, 1.20925233205e-05, 6.68319626129e-06, 5.37526875632e-06, 5.03173714606e-06, 2.1757284685e-06, 2.68310964202e-06, 1.82852909347e-06, 8.30089106785e-07, 7.90562580733e-07, 5.22817913406e-07, 2.64503256631e-07, 2.32811402157e-07, 1.11425748628e-07, 7.80898332664e-08, 4.26965840461e-08, 3.74952833226e-08, 1.83802271181e-08, 1.15983178617e-08, 8.58477644528e-09, 5.80772363534e-09, 4.11935241473e-09],
        "dmean2": [1.0575219676e-05, 0.000161224001204, 0.000479465466924, 0.000695244409144, 0.00026170007186, 0.000439357099822, 0.000495665357448, 0.000355397438398, 8.34573947941e-05, 0.000110457804112, 0.000196777138626, 0.000117438707093, 8.04103183327e-05, 3.92560978071e-05, 1.85895041795e-05, 2.42100777541e-05, 3.2537329389e-05, 1.92006446014e-05, 1.44092273331e-05, 2.09614790947e-05, 1.16382898341e-05, 9.43085069594e-06, 8.87661371962e-06, 3.77722699341e-06, 4.69752376375e-06, 3.21373522638e-06, 1.44378930145e-06, 1.37985409765e-06, 9.06714490156e-07, 4.60031486682e-07, 4.03871410981e-07, 1.94405060938e-07, 1.34685123498e-07, 7.42185690683e-08, 6.56547172184e-08, 3.16941672907e-08, 1.97528073898e-08, 1.47116594462e-08, 1.00336308151e-08, 6.93915191974e-09],
        "dvar": [1.29471100507e-10, 1.72058392423e-07, 3.94693046246e-07, 8.413913406e-07, 1.90130450051e-07, 5.23351388892e-07, 5.69026099129e-07, 3.7095756511e-07, 2.07352357506e-08, 5.81956847157e-08, 7.42549630672e-08, 4.81740336511e-08, 2.94841626669e-08, 4.24450474767e-09, 4.17322676416e-10, 1.78478654078e-09, 1.98183958133e-09, 6.39358010979e-10, 1.95806482139e-10, 8.28082991067e-10, 1.4286957728e-10, 1.00083559496e-10, 1.23282689612e-10, 3.19652394831e-11, 3.85947419856e-11, 1.9380190161e-11, 2.7677404639e-12, 3.93523451672e-12, 2.24460380838e-12, 4.52062893412e-13, 6.40239489029e-13, 7.41602010921e-14, 5.05897204011e-14, 1.17437704594e-14, 1.17595168019e-14, 3.49636608253e-15, 1.02624913115e-15, 4.34777617842e-16, 2.38979731686e-16, 1.00176694083e-16],
        "dvar2": [3.20090565165e-10, 1.10112431173e-07, 8.32044975141e-07, 2.53140001405e-06, 3.46344336322e-07, 6.44801332328e-07, 7.41588678466e-07, 8.57339500726e-07, 3.48525119875e-08, 1.1455978921e-07, 1.48279511336e-07, 1.07908157077e-07, 7.23354176557e-08, 1.02651940281e-08, 9.79743730589e-10, 4.69520777813e-09, 5.20215648336e-09, 1.84889503707e-09, 5.78263825712e-10, 2.40604269841e-09, 4.21861739985e-10, 2.96251106979e-10, 3.7246816742e-10, 9.26154153369e-11, 1.13669441915e-10, 5.74409339538e-11, 8.03144876993e-12, 1.15828171707e-11, 6.66667025404e-12, 1.30033191246e-12, 1.93014267763e-12, 2.2287912889e-13, 1.48832104952e-13, 3.44410643668e-14, 3.50974471383e-14, 1.03779010328e-14, 2.91668129739e-15, 1.2692746363e-15, 6.97530520333e-16, 2.8316999641e-16],
        "max": [0.000508020049892, 0.0254385657609, 0.0241604801267, 0.0269359648228, 0.0102618960664, 0.0216530822217, 0.0217496659607, 0.0161075778306, 0.00790233910084, 0.00738491350785, 0.00642837537453, 0.00585759710521, 0.0052908626385, 0.00236419332214, 0.000351712864358, 0.0011375915492, 0.000837219238747, 0.000503211107571, 0.000287382077659, 0.000815997947939, 0.000216495755012, 0.000187560348422, 0.000184856457054, 0.00033404387068, 0.000131872511702, 8.674950368e-05, 4.45684163424e-05, 5.67286224396e-05, 3.71366731997e-05, 2.80609638139e-05, 2.72248216788e-05, 5.02195280205e-06, 5.75082731302e-06, 3.14894691655e-06, 2.80274070974e-06, 1.87609600744e-06, 9.12479151793e-07, 5.16638181125e-07, 3.74630076294e-07, 2.61273527258e-07],
        "mean": [9.26041320781e-06, 0.000854305573739, 0.0016292410437, 0.00152970594354, 0.000633355521131, 0.000977750634775, 0.00108881306369, 0.000474289176054, 0.000120936841995, 0.000140909600304, 0.000231959755183, 0.000124298996525, 7.87394383224e-05, 3.73071343347e-05, 1.81504656211e-05, 2.10770449485e-05, 2.73037348961e-05, 1.61428761203e-05, 1.25233163999e-05, 1.71729807334e-05, 1.01671485027e-05, 8.28776228445e-06, 7.63079788157e-06, 3.66457402379e-06, 4.11315022575e-06, 2.91278956865e-06, 1.58431487307e-06, 1.49727441112e-06, 1.01342641301e-06, 5.10018935529e-07, 4.8135217412e-07, 2.22535632588e-07, 1.64010572234e-07, 8.89811531124e-08, 7.53068718495e-08, 3.7466318048e-08, 2.68857007768e-08, 1.89859843402e-08, 1.25425598796e-08, 8.92983731404e-09],
        "median": [5.2995274018e-06, 4.37123671873e-05, 0.000862997025251, 0.00071727624163, 0.000226783900871, 0.000306201050989, 0.000370111025404, 0.000103007594589, 3.80312194466e-05, 3.88290791307e-05, 8.76917620189e-05, 2.67164778052e-05, 1.55029229063e-05, 1.37103543238e-05, 8.15085331851e-06, 5.20018966199e-06, 9.03872660274e-06, 6.44373221803e-06, 6.9178549893e-06, 8.9193945314e-06, 5.46282353753e-06, 4.30551972386e-06, 3.64940251529e-06, 1.98663042283e-06, 1.80607707989e-06, 1.15917578114e-06, 8.1732491708e-07, 6.31512079963e-07, 3.7053575852e-07, 1.96415044229e-07, 1.23298406152e-07, 6.86963161911e-08, 4.36995541975e-08, 2.83965952974e-08, 1.61190065739e-08, 9.48392742117e-09, 6.09887473857e-09, 4.4602521676e-09, 3.11956060983e-09, 2.52078358187e-09],
        "min": [8.18837521012e-25, 1.76631419541e-24, 1.66015383073e-24, 1.43448202499e-24, 2.11051925469e-24, 8.50607414855e-25, 2.06051138975e-24, 2.7863014851e-24, 3.35706936851e-24, 3.10027581677e-24, 4.12216465567e-24, 4.59524611825e-24, 3.55488136809e-24, 2.62584283824e-24, 3.22647877046e-24, 2.18966172501e-24, 3.99515016132e-24, 6.07155512616e-24, 3.28082300379e-24, 3.96448634907e-24, 3.95648729949e-24, 3.02255585988e-24, 3.95020796669e-24, 5.32677064073e-24, 4.36508845498e-24, 6.8002050395e-24, 4.82720869528e-24, 4.69123550206e-24, 5.03344454604e-24, 5.13987253177e-24, 6.60763186519e-24, 6.02082584793e-24, 6.16772792013e-24, 5.98971041282e-24, 7.52439276113e-24, 7.02679034617e-24, 6.36045097801e-24, 7.45201871738e-24, 5.86103023867e-24, 8.32739636466e-24],
        "var": [2.7318680651e-10, 3.6365431697e-06, 4.87051238451e-06, 4.83010353491e-06, 1.05247750071e-06, 3.17089779855e-06, 3.5542200294e-06, 9.59359567787e-07, 7.75660069507e-08, 1.44360583931e-07, 1.8456940154e-07, 1.09433486273e-07, 5.78455825462e-08, 7.43146877369e-09, 8.09044831129e-10, 2.88313217744e-09, 2.84135359685e-09, 9.36852706523e-10, 2.86975221364e-10, 1.0000551498e-09, 2.07494743609e-10, 1.51312226637e-10, 1.65126801122e-10, 4.70192079716e-11, 5.89063242629e-11, 3.10704934003e-11, 5.59719111337e-12, 7.71194046123e-12, 4.9897564379e-12, 9.77673237507e-13, 1.98153884794e-12, 1.62025557901e-13, 1.39531005565e-13, 3.3466708815e-14, 3.26015256458e-14, 8.97184412809e-15, 3.96790890075e-15, 1.48471799583e-15, 7.0260874755e-16, 3.39820645183e-16]
    },
    "mfcc": {
        "mean": [-724.452758789, 177.152282715, -32.4785423279, 25.6799354553, -11.0453233719, -13.2199134827, -15.0949430466, -11.006067276, -8.74394798279, -10.0576505661, -15.2501630783, -11.4073858261, -8.04433441162],
        "cov": [[6058.36816406, 426.100860596, -855.47052002, 140.610549927, -568.744934082, -145.010375977, -331.829803467, -68.0153121948, -145.244110107, -116.623809814, -160.730499268, -178.956726074, -153.527099609], [426.100860596, 1961.47729492, -69.9319381714, 114.763168335, 154.42024231, -168.235336304, -66.2197952271, -241.866378784, -158.367752075, -160.426208496, -86.5302124023, 31.441734314, 72.3972320557], [-855.47052002, -69.9319381714, 472.02722168, 93.2252578735, 169.420928955, 122.140411377, 127.000244141, 91.784286499, 70.7369308472, 36.5235099792, 13.7213001251, 7.5946354866, 1.22947633266], [140.610549927, 114.763168335, 93.2252578735, 159.273895264, 66.4706420898, 48.3440513611, 27.7492351532, 20.2540988922, 11.7928094864, 4.86999511719, 10.6080560684, 12.0396003723, 11.0857534409], [-568.744934082, 154.42024231, 169.420928955, 66.4706420898, 199.896636963, 75.552116394, 71.5177154541, 25.4110279083, 20.5821018219, 11.8234195709, 3.68521118164, 2.44992685318, 11.9485044479], [-145.010375977, -168.235336304, 122.140411377, 48.3440513611, 75.552116394, 141.247116089, 78.045539856, 70.8020629883, 39.1331748962, 25.9651641846, 13.309088707, -7.77481126785, -5.99684047699], [-331.829803467, -66.2197952271, 127.000244141, 27.7492351532, 71.5177154541, 78.045539856, 133.592941284, 83.4654159546, 61.7069244385, 34.9151496887, 7.98460149765, -8.92036724091, -16.0510692596], [-68.0153121948, -241.866378784, 91.784286499, 20.2540988922, 25.4110279083, 70.8020629883, 83.4654159546, 147.403625488, 94.1630783081, 49.4406394958, 2.68628978729, -29.5394496918, -24.9496040344], [-145.244110107, -158.367752075, 70.7369308472, 11.7928094864, 20.5821018219, 39.1331748962, 61.7069244385, 94.1630783081, 133.992874146, 76.289024353, 9.48847293854, -31.1036872864, -39.9742622375], [-116.623809814, -160.426208496, 36.5235099792, 4.86999511719, 11.8234195709, 25.9651641846, 34.9151496887, 49.4406394958, 76.289024353, 114.464324951, 50.9852561951, -14.9726667404, -43.0223846436], [-160.730499268, -86.5302124023, 13.7213001251, 10.6080560684, 3.68521118164, 13.309088707, 7.98460149765, 2.68628978729, 9.48847293854, 50.9852561951, 105.871902466, 53.9557914734, -2.30634403229], [-178.956726074, 31.441734314, 7.5946354866, 12.0396003723, 2.44992685318, -7.77481126785, -8.92036724091, -29.5394496918, -31.1036872864, -14.9726667404, 53.9557914734, 126.710662842, 85.3324737549], [-153.527099609, 72.3972320557, 1.22947633266, 11.0857534409, 11.9485044479, -5.99684047699, -16.0510692596, -24.9496040344, -39.9742622375, -43.0223846436, -2.30634403229, 85.3324737549, 158.644790649]],
