{
"lowlevel": {
    "average_loudness": 0.921624720097,
    "barkbands_crest": {
        "dmean": 3.09673404694,
        "dmean2": 5.01072120667,
        "dvar": 10.0648708344,
        "dvar2": 26.5374221802,
        "max": 26.5792484283,
        "mean": 12.1927833557,
        "median": 11.3282756805,
        "min": 2.16119384766,
        "var": 22.5312194824
    },
    "barkbands_flatness_db": {
        "dmean": 0.033078212291,
        "dmean2": 0.0510542653501,
        "dvar": 0.00154209532775,
        "dvar2": 0.00355792464688,
        "max": 0.593772351742,
        "mean": 0.181273207068,
        "median": 0.161722287536,
        "min": 0.0213576816022,
        "var": 0.00658500613645
    },
    "barkbands_kurtosis": {
        "dmean": 8.22145080566,
        "dmean2": 13.7731647491,
        "dvar": 565.250976562,
        "dvar2": 1478.94067383,
        "max": 678.958007812,
        "mean": 11.0630989075,
        "median": 5.2926492691,
        "min": -1.95727133751,
        "var": 649.657775879
    },
    "barkbands_skewness": {
        "dmean": 0.889709234238,
        "dmean2": 1.38851559162,
        "dvar": 1.40585374832,
        "dvar2": 3.5195119381,
        "max": 17.3835639954,
        "mean": 2.08508586884,
        "median": 1.93609583378,
        "min": -8.22724533081,
        "var": 3.1789689064
    },
    "barkbands_spread": {
        "dmean": 7.2302775383,
        "dmean2": 11.6645021439,
        "dvar": 148.968887329,
        "dvar2": 367.686065674,
        "max": 130.029830933,
        "mean": 16.5385894775,
        "median": 12.8731575012,
        "min": 0.14482486248,
        "var": 226.738937378
    },
    "dissonance": {
        "dmean": 0.02740884386,
        "dmean2": 0.0444255173206,
        "dvar": 0.000964018516243,
        "dvar2": 0.00232711690478,
        "max": 0.500000178814,
        "mean": 0.43748497963,
        "median": 0.452306836843,
        "min": 0.127416908741,
        "var": 0.00285382638685
    },
    "dynamic_complexity": 3.52528810501,
    "erbbands_crest": {
        "dmean": 3.13087582588,
        "dmean2": 4.8220038414,
        "dvar": 10.3031845093,
        "dvar2": 22.9892711639,
        "max": 32.8716239929,
        "mean": 11.9236745834,
        "median": 10.9934606552,
        "min": 2.06795310974,
        "var": 36.4099159241
    },
    "erbbands_flatness_db": {
        "dmean": 0.0272600576282,
        "dmean2": 0.0372529067099,
        "dvar": 0.00104079348966,
        "dvar2": 0.00196526059881,
        "max": 0.459496408701,
        "mean": 0.172702103853,
        "median": 0.161692515016,
        "min": 0.0331128127873,
        "var": 0.00541182700545
    },
    "erbbands_kurtosis": {
        "dmean": 2.07021808624,
        "dmean2": 3.24744772911,
        "dvar": 19.8310718536,
        "dvar2": 45.6341934204,
        "max": 110.039512634,
        "mean": 2.45799517632,
        "median": 0.899157762527,
        "min": -1.9069583416,
        "var": 35.9394454956
    },
    "erbbands_skewness": {
        "dmean": 0.504164457321,
        "dmean2": 0.754576981068,
        "dvar": 0.379298269749,
        "dvar2": 0.81798517704,
        "max": 8.28184890747,
        "mean": 0.755508065224,
        "median": 0.703933477402,
        "min": -5.36560773849,
        "var": 1.34754550457
    },
    "erbbands_spread": {
        "dmean": 10.8763856888,
        "dmean2": 16.7384376526,
        "dvar": 246.713668823,
        "dvar2": 583.119873047,
        "max": 183.276107788,
        "mean": 34.3132514954,
        "median": 30.2172031403,
        "min": 0.988041222095,
        "var": 477.560516357
    },
    "hfc": {
        "dmean": 7.87248420715,
        "dmean2": 12.8391971588,
        "dvar": 194.302566528,
        "dvar2": 490.527496338,
        "max": 249.655929565,
        "mean": 17.4905872345,
        "median": 11.4655485153,
        "min": 1.20488517688e-16,
        "var": 304.11114502
    },
    "melbands_crest": {
        "dmean": 4.09246826172,
        "dmean2": 6.65818786621,
        "dvar": 15.2955560684,
        "dvar2": 40.3276023865,
        "max": 39.0142402649,
        "mean": 17.197675705,
        "median": 16.4121017456,
        "min": 1.88510215282,
        "var": 37.8875579834
    },
    "melbands_flatness_db": {
        "dmean": 0.0365945212543,
        "dmean2": 0.0560539551079,
        "dvar": 0.00188628933392,
        "dvar2": 0.00444340566173,
        "max": 0.723813474178,
        "mean": 0.268835783005,
        "median": 0.250782072544,
        "min": 0.00415873946622,
        "var": 0.00795970112085
    },
    "melbands_kurtosis": {
        "dmean": 16.0260562897,
        "dmean2": 26.5820941925,
        "dvar": 2796.83056641,
        "dvar2": 7359.74560547,
        "max": 2652.1706543,
        "mean": 22.9940834045,
        "median": 11.6638526917,
        "min": -1.93883121014,
        "var": 3372.23266602
    },
    "melbands_skewness": {
        "dmean": 1.11121571064,
        "dmean2": 1.72789037228,
        "dvar": 2.25228524208,
        "dvar2": 5.54568386078,
        "max": 39.4178161621,
        "mean": 2.9619204998,
        "median": 2.63720917702,
        "min": -3.19214344025,
        "var": 5.24730443954
    },
    "melbands_spread": {
        "dmean": 7.07078695297,
        "dmean2": 11.1724615097,
        "dvar": 260.129089355,
        "dvar2": 586.582702637,
        "max": 305.104156494,
        "mean": 16.0931930542,
        "median": 11.2060718536,
        "min": 0.119442351162,
        "var": 414.808135986
    },
    "pitch_salience": {
        "dmean": 0.0880511403084,
        "dmean2": 0.144946932793,
        "dvar": 0.00853626523167,
        "dvar2": 0.0221501011401,
        "max": 0.979824662209,
        "mean": 0.504615843296,
        "median": 0.514816343784,
        "min": 0.0525781661272,
        "var": 0.0188798177987
    },
    "silence_rate_20dB": {
        "dmean": 0,
        "dmean2": 0,
        "dvar": 0,
        "dvar2": 0,
        "max": 1,
        "mean": 1,
        "median": 1,
        "min": 1,
        "var": 0
    },
    "silence_rate_30dB": {
        "dmean": 0.0300780497491,
        "dmean2": 0.0601618289948,
        "dvar": 0.029175022617,
        "dvar2": 0.0738637894392,
        "max": 1,
        "mean": 0.978205025196,
        "median": 1,
        "min": 0,
        "var": 0.021318456158
    },
    "silence_rate_60dB": {
        "dmean": 0.0190367400646,
        "dmean2": 0.0379819124937,
        "dvar": 0.0186773631722,
        "dvar2": 0.04110397771,
        "max": 1,
        "mean": 0.046254877001,
        "median": 0,
        "min": 0,
        "var": 0.0441128835082
    },
    "spectral_centroid": {
        "dmean": 234.455764771,
        "dmean2": 349.18637085,
        "dvar": 182194.25,
        "dvar2": 358760.4375,
        "max": 11092.859375,
        "mean": 985.788024902,
        "median": 759.946655273,
        "min": 124.082176208,
        "var": 513213.9375
    },
    "spectral_complexity": {
        "dmean": 3.69388914108,
        "dmean2": 5.82732009888,
        "dvar": 34.5723266602,
        "dvar2": 81.2493515015,
        "max": 60,
        "mean": 12.927857399,
        "median": 12,
        "min": 0,
        "var": 59.1281509399
    },
    "spectral_decrease": {
        "dmean": 3.94103993884e-09,
        "dmean2": 6.51165743548e-09,
        "dvar": 4.7503086681e-17,
        "dvar2": 1.28099942517e-16,
        "max": -2.79675662248e-29,
        "mean": -8.50938253194e-09,
        "median": -6.99142788108e-09,
        "min": -7.3471738915e-08,
        "var": 5.35744831893e-17
    },
    "spectral_energy": {
        "dmean": 0.015281480737,
        "dmean2": 0.025156321004,
        "dvar": 0.000693798006978,
        "dvar2": 0.00186407461297,
        "max": 0.27972561121,
        "mean": 0.0337029621005,
        "median": 0.0276174154133,
        "min": 1.10342226332e-20,
        "var": 0.000802146270871
    },
    "spectral_energyband_high": {
        "dmean": 0.000569345487747,
        "dmean2": 0.000956519099418,
        "dvar": 2.16755461224e-06,
        "dvar2": 5.49748210688e-06,
        "max": 0.0295726712793,
        "mean": 0.000595588120632,
        "median": 0.000173527645529,
        "min": 7.73550551409e-21,
        "var": 2.14529654841e-06
    },
    "spectral_energyband_low": {
        "dmean": 0.0123623553663,
        "dmean2": 0.0209131315351,
        "dvar": 0.000679243297782,
        "dvar2": 0.0018382210983,
        "max": 0.269457101822,
        "mean": 0.0144638698548,
        "median": 0.00669762911275,
        "min": 5.9587327917e-23,
        "var": 0.000612155534327
    },
    "spectral_energyband_middle_high": {
        "dmean": 0.0015427111648,
        "dmean2": 0.00227639172226,
        "dvar": 8.40527718537e-06,
        "dvar2": 1.80996048584e-05,
        "max": 0.0771094188094,
        "mean": 0.00418134406209,
        "median": 0.00189530837815,
        "min": 1.81154815971e-21,
        "var": 4.48339596915e-05
    },
    "spectral_energyband_middle_low": {
        "dmean": 0.00488643581048,
        "dmean2": 0.00766444159672,
        "dvar": 4.75162632938e-05,
        "dvar2": 0.000117099516501,
        "max": 0.102038286626,
        "mean": 0.0147825265303,
        "median": 0.0110038258135,
        "min": 2.94494195745e-22,
        "var": 0.000176399364136
    },
    "spectral_entropy": {
        "dmean": 0.284384608269,
        "dmean2": 0.403576850891,
        "dvar": 0.137064620852,
        "dvar2": 0.275904864073,
        "max": 9.78479957581,
        "mean": 7.1435508728,
        "median": 7.21271705627,
        "min": 3.73104429245,
        "var": 0.557780504227
    },
    "spectral_flux": {
        "dmean": 0.0397853031754,
        "dmean2": 0.0626400336623,
        "dvar": 0.00238518603146,
        "dvar2": 0.00476861186326,
        "max": 0.470568865538,
        "mean": 0.0907558724284,
        "median": 0.0712434276938,
        "min": 1.05043911069e-10,
        "var": 0.0044734524563
    },
    "spectral_kurtosis": {
        "dmean": 3.34130382538,
        "dmean2": 5.28548717499,
        "dvar": 63.0775680542,
        "dvar2": 150.252670288,
        "max": 309.232971191,
        "mean": 7.95648574829,
        "median": 5.53829956055,
        "min": -1.33760595322,
        "var": 112.226577759
    },
    "spectral_rms": {
        "dmean": 0.00115770765115,
        "dmean2": 0.00181169691496,
        "dvar": 2.36258188124e-06,
        "dvar2": 5.83157498113e-06,
        "max": 0.0165197774768,
        "mean": 0.00529158394784,
        "median": 0.00519074359909,
        "min": 3.28102042063e-12,
        "var": 4.87997340315e-06
    },
    "spectral_rolloff": {
        "dmean": 532.932678223,
        "dmean2": 935.00390625,
        "dvar": 2245378.75,
        "dvar2": 5277333,
        "max": 19164.5507812,
        "mean": 1004.46899414,
        "median": 538.330078125,
        "min": 21.533203125,
        "var": 2595279.25
    },
    "spectral_skewness": {
        "dmean": 0.375131517649,
        "dmean2": 0.5748462677,
        "dvar": 0.302962899208,
        "dvar2": 0.665479421616,
        "max": 12.824965477,
        "mean": 2.01591968536,
        "median": 1.89479732513,
        "min": -0.838576734066,
        "var": 0.909247279167
    },
    "spectral_spread": {
        "dmean": 940683.0625,
        "dmean2": 1361085.75,
        "dvar": 2.38380987187e+12,
        "dvar2": 4.49583041741e+12,
        "max": 41592696,
        "mean": 4771096.5,
        "median": 4354160.5,
        "min": 385671.71875,
        "var": 5.29122879078e+12
    },
    "spectral_strongpeak": {
        "dmean": 0.517534077168,
        "dmean2": 0.851839601994,
        "dvar": 0.669253885746,
        "dvar2": 1.53388607502,
        "max": 14.2151269913,
        "mean": 1.14447784424,
        "median": 0.603780686855,
        "min": 0,
        "var": 1.96244335175
    },
    "zerocrossingrate": {
        "dmean": 0.0116609334946,
        "dmean2": 0.0141528118402,
        "dvar": 0.000394986156607,
        "dvar2": 0.000478759349789,
        "max": 0.4970703125,
        "mean": 0.0428752489388,
        "median": 0.037109375,
        "min": 0.00048828125,
        "var": 0.00131426076405
    },
    "barkbands": {
        "dmean": [0.0017231561942, 0.0090407487005, 0.00314885145053, 0.0007590057794, 0.00159853918012, 0.00241947313771, 0.000509040895849, 0.000491957936902, 0.000757507863455, 0.000743921089452, 0.000404956488637, 0.000286882190267, 0.000165577075677, 0.000212831204408, 0.000180598188308, 0.000119431300845, 0.00015936892305, 0.000139171097544, 9.97873212327e-05, 8.7806933152e-05, 7.84511503298e-05, 8.59480569488e-05, 0.000105347928184, 9.50945759541e-05, 7.80207701609e-05, 7.67750534578e-05, 2.19666526391e-05],
        "dmean2": [0.00257323868573, 0.0155569491908, 0.00544775463641, 0.0013256376842, 0.00245277187787, 0.00370771880262, 0.000759750721045, 0.000697569630574, 0.00115700915921, 0.00108181522228, 0.000603728869464, 0.000416966620833, 0.000255832419498, 0.000335554563208, 0.000269019743428, 0.00019174964109, 0.000238114982494, 0.000221632799366, 0.000156221532961, 0.000146629055962, 0.000132773348014, 0.000144521894981, 0.000177574445843, 0.000158562426805, 0.000130137748783, 0.000133291890961, 3.79098673875e-05],
        "dvar": [7.29698786017e-06, 0.000436190894106, 6.51293375995e-05, 3.12217434839e-06, 8.73759108799e-06, 2.51600868069e-05, 1.68256406141e-06, 2.73526347883e-06, 6.30387148703e-06, 6.06604680797e-06, 2.6216025617e-06, 1.084612677e-06, 4.47242399559e-07, 7.17275838724e-07, 4.48160250244e-07, 1.2736786914e-07, 2.94418157409e-07, 1.23583845379e-07, 5.66098030674e-08, 7.06254468241e-08, 4.53482869034e-08, 7.27719040583e-08, 8.22075989504e-08, 1.22503706734e-07, 6.4706654257e-08, 5.18991427612e-08, 3.48155926311e-09],
        "dvar2": [1.56343357958e-05, 0.0011822587112, 0.000185158074601, 8.77132242749e-06, 2.02963638003e-05, 5.82639186177e-05, 3.72395402337e-06, 5.70856673221e-06, 1.46847096403e-05, 1.32029363158e-05, 6.19162392468e-06, 2.171759661e-06, 9.41047687775e-07, 1.63157540101e-06, 8.25115364478e-07, 2.53531680983e-07, 5.43827070487e-07, 2.82700653997e-07, 1.17165377844e-07, 1.85074071624e-07, 1.17205061656e-07, 1.84417231708e-07, 2.06063944574e-07, 3.01723332541e-07, 1.43244960782e-07, 1.3826648626e-07, 9.23776077855e-09],
        "max": [0.0313248336315, 0.224695771933, 0.111091442406, 0.0260459259152, 0.0574615225196, 0.0955830514431, 0.0312799178064, 0.0629601180553, 0.0653212964535, 0.071938380599, 0.060099363327, 0.0518776997924, 0.024019787088, 0.0265562739223, 0.0308288447559, 0.01452078484, 0.021088719368, 0.0114875733852, 0.00618317630142, 0.00455233687535, 0.00217955419794, 0.0036936593242, 0.00492314482108, 0.0156804453582, 0.0101029891521, 0.00383065245114, 0.00105507019907],
        "mean": [0.00244384515099, 0.00886687450111, 0.00331637286581, 0.000892867334187, 0.00351296667941, 0.00585409253836, 0.00111729535274, 0.000912006711587, 0.0014519423712, 0.00150218838826, 0.000811918464024, 0.000560428656172, 0.00026723742485, 0.000338656740496, 0.000275424390566, 0.000168374783243, 0.000344577623764, 0.000243670350756, 0.000174185493961, 0.000114247588499, 9.96330636553e-05, 8.4693885583e-05, 0.000100037788798, 9.27199580474e-05, 7.19871459296e-05, 5.97234611632e-05, 2.49271452049e-05],
        "median": [0.00063711090479, 0.00254665920511, 0.00124095915817, 0.000315211887937, 0.0012897788547, 0.00170361809433, 0.000292792683467, 0.00016842847981, 0.00025914964499, 0.000244171591476, 0.00012129994866, 0.000121516663057, 8.12389043858e-05, 7.42844786146e-05, 7.2415539762e-05, 5.16287909704e-05, 5.6981571106e-05, 4.88463629154e-05, 4.90343409183e-05, 3.14261051244e-05, 2.88596675091e-05, 2.07508783205e-05, 2.31552348851e-05, 1.72499439941e-05, 8.37475818116e-06, 6.26813380222e-06, 2.90814045911e-06],
        "min": [7.97087304513e-24, 2.71457134906e-23, 1.1980014049e-23, 2.61947732238e-23, 4.77751740023e-23, 4.73708480785e-23, 5.80715474649e-23, 4.0224670734e-23, 6.59656280563e-23, 7.56774145673e-23, 5.5515859013e-23, 1.76695477413e-22, 1.55292734421e-22, 8.73937408147e-23, 1.59552974584e-22, 3.21262253121e-22, 1.94224269649e-22, 1.23015789976e-22, 3.44478593645e-22, 3.25227787472e-22, 3.85587359728e-22, 5.24641676405e-22, 6.70297206381e-22, 9.62124446421e-22, 1.45841534542e-21, 1.32189035662e-21, 2.54596398047e-21],
        "var": [1.4378601918e-05, 0.000363807339454, 4.5159853471e-05, 2.6675954814e-06, 3.21461920976e-05, 9.03826439753e-05, 6.16579245616e-06, 6.17016212345e-06, 1.62957585417e-05, 2.15934196603e-05, 9.55901305133e-06, 4.97508290209e-06, 8.19804313323e-07, 1.66587801687e-06, 1.02435626559e-06, 3.06013333784e-07, 1.65459073287e-06, 3.83322429798e-07, 1.54302938427e-07, 6.94965720527e-08, 4.71825707393e-08, 6.66587212095e-08, 8.33827371594e-08, 1.34103842697e-07, 9.72324869508e-08, 3.7321701285e-08, 3.05186387273e-09]
    },
    "erbbands": {
        "dmean": [0.316628426313, 1.92675411701, 3.99135828018, 2.77477431297, 3.00611972809, 5.95434951782, 14.6168518066, 20.3040542603, 9.47229671478, 8.91417503357, 9.39454841614, 16.179895401, 26.7563304901, 12.0139169693, 17.0584392548, 12.1473608017, 7.21801137924, 9.49929141998, 8.60286235809, 8.94487857819, 7.31945228577, 7.52222967148, 6.42081308365, 6.78664779663, 3.36872673035, 4.30250120163, 3.70129966736, 2.67071676254, 3.27290272713, 3.2891895771, 2.75432467461, 2.40694117546, 1.28634107113, 0.860424458981, 0.558893203735, 0.369687885046, 0.139139711857, 0.0268553998321, 0.00373029639013, 0.000205708638532],
        "dmean2": [0.548953592777, 3.30490756035, 6.90488910675, 4.80417346954, 4.95510387421, 9.00004959106, 22.0159931183, 31.2481174469, 14.1149129868, 13.0070676804, 13.5191059113, 24.1602802277, 38.7757644653, 17.6914730072, 25.0936965942, 17.7764949799, 10.9595537186, 14.8827867508, 13.0306415558, 13.2560148239, 11.572306633, 11.1268396378, 10.0057439804, 10.5833206177, 5.41458845139, 7.18714761734, 6.3800444603, 4.41341495514, 5.58966732025, 5.47112226486, 4.6387386322, 4.02207708359, 2.12112283707, 1.40864908695, 0.949211239815, 0.641214728355, 0.241927832365, 0.0466233752668, 0.00642453320324, 0.000340508384397],
        "dvar": [0.387175858021, 25.0112495422, 106.579124451, 41.6694221497, 39.6925315857, 164.50062561, 1053.1237793, 2156.01000977, 661.229797363, 736.894226074, 1524.19714355, 2488.20922852, 9169.83398438, 1081.24438477, 5188.00927734, 2327.83032227, 663.702636719, 1006.51196289, 1214.35949707, 1474.89501953, 384.559753418, 648.817749023, 265.461578369, 255.275527954, 68.2692184448, 178.297103882, 108.814964294, 54.7309341431, 100.910209656, 94.4083709717, 58.8577613831, 72.496963501, 24.2744464874, 11.5408887863, 2.82171416283, 1.2212613821, 0.16923545301, 0.00611115666106, 0.000103338650661, 2.21487212571e-07],
        "dvar2": [1.09295809269, 68.468788147, 303.498687744, 117.848342896, 105.532043457, 364.507751465, 2229.24731445, 5004.86523438, 1504.98059082, 1626.62280273, 3528.06176758, 5478.75585938, 20013.7265625, 2426.93505859, 12459, 4532.19238281, 1401.99865723, 2356.15698242, 2542.60107422, 2760.72729492, 819.755065918, 1223.36706543, 573.13671875, 542.227539062, 158.906448364, 467.831604004, 290.783355713, 134.85369873, 259.261413574, 233.817611694, 145.865539551, 179.689559937, 59.4546127319, 24.2709312439, 6.90165996552, 3.22753000259, 0.452437311411, 0.0162606351078, 0.000273185025435, 5.63484945815e-07],
        "max": [5.54599285126, 52.833782196, 123.315444946, 75.0665435791, 148.191360474, 318.716827393, 803.747131348, 743.811279297, 658.192626953, 1116.44885254, 1753.32836914, 1806.79675293, 2778.26611328, 1105.50671387, 3136.89501953, 2326.51464844, 1278.68383789, 1017.15228271, 1244.99511719, 1839.98083496, 709.12512207, 1096.08227539, 487.995361328, 429.601165771, 228.35194397, 220.966934204, 118.833236694, 73.4424667358, 98.7029190063, 194.855911255, 140.710739136, 360.726654053, 224.354034424, 142.239685059, 53.4618492126, 18.3850154877, 7.02579832077, 1.32738268375, 0.186738580465, 0.00856141094118],
        "mean": [0.313834041357, 1.78021013737, 4.07119035721, 3.29139232635, 4.38780117035, 13.5053920746, 35.2805557251, 46.8356704712, 23.9795093536, 17.5377388, 18.5956096649, 34.6952171326, 58.5678100586, 24.5340805054, 35.176776886, 24.7631225586, 13.3198642731, 16.4407272339, 13.9776697159, 15.2445735931, 12.607293129, 16.8663482666, 12.9424829483, 12.8503465652, 5.93917798996, 5.72238445282, 4.67360115051, 3.20789146423, 3.14901971817, 3.21309351921, 2.63491296768, 2.31673502922, 1.26957571507, 0.833956778049, 0.48111563921, 0.285761892796, 0.107321366668, 0.0229133907706, 0.00377391837537, 0.000348426401615],
        "median": [0.100383669138, 0.464261412621, 1.4679942131, 1.48092973232, 2.19101929665, 4.108710289, 10.164525032, 12.838716507, 6.63174247742, 4.46154975891, 5.51339435577, 7.20341682434, 8.47798156738, 7.95270299911, 6.68005084991, 5.66162347794, 4.55534601212, 4.38034677505, 4.39552640915, 3.86861729622, 3.46531367302, 3.03436970711, 2.76846504211, 3.16505169868, 1.9742436409, 1.61168324947, 1.2578369379, 0.997818052769, 0.747200250626, 0.75823456049, 0.631363928318, 0.444605737925, 0.23341473937, 0.110990732908, 0.0517661571503, 0.0259110033512, 0.0117420172319, 0.00349385617301, 0.000504895346239, 7.89607074694e-05],
        "min": [2.96143331556e-22, 7.66889808773e-21, 2.03137463867e-20, 6.0123170459e-20, 1.31389471895e-19, 1.73279449079e-19, 9.30435241973e-20, 4.82314384423e-19, 9.24079961628e-19, 7.88740288717e-19, 1.118969711e-18, 1.43825873911e-18, 1.67488523046e-18, 2.69363260108e-18, 4.03907454103e-18, 6.15557206179e-18, 6.69971090747e-18, 6.37613977213e-18, 6.22528312151e-18, 1.1738058506e-17, 1.66143345391e-17, 1.2127672155e-17, 7.25069715427e-18, 1.49824842072e-17, 1.34481071843e-17, 1.58258246202e-17, 1.43423357485e-17, 1.92613340059e-17, 1.7898271051e-17, 2.25617780326e-17, 1.79541851517e-17, 1.96707569763e-17, 1.59539366991e-17, 1.5421078529e-17, 1.1105859253e-17, 4.28400933785e-18, 2.2870183225e-18, 1.27778663086e-18, 3.25487169987e-19, 3.9080907366e-20],
        "var": [0.359371215105, 18.5238018036, 71.9074935913, 31.6813468933, 46.701335907, 714.50378418, 4155.90429688, 7165.14794922, 3129.56030273, 1788.92114258, 2816.85375977, 8666.07519531, 35096.3710938, 3811.09277344, 18276.0136719, 10505.0976562, 1496.22766113, 2643.80859375, 2711.87451172, 3930.44873047, 1119.62097168, 3921.56665039, 1188.25061035, 864.059875488, 139.530807495, 174.333328247, 109.236701965, 55.0128898621, 86.7602005005, 97.9750289917, 60.709941864, 76.8003387451, 27.1840286255, 17.8006954193, 3.42094993591, 0.932953298092, 0.119015038013, 0.00438294606283, 8.27167386888e-05, 3.55822152187e-07]
    },
    "gfcc": {
        "mean": [-29.6863288879, 99.1782913208, -90.3561935425, 18.8684616089, -48.2111473083, 5.97528934479, -27.3257713318, 6.27573490143, -17.9834537506, -0.20590184629, -6.79025888443, 5.00125455856, -3.54974722862],
        "cov": [[10386.5361328, -1928.95739746, -16.0567035675, 163.528564453, -147.583648682, 126.090171814, -226.686721802, 119.775772095, -55.7378120422, 77.5551757812, -246.973388672, 259.66317749, -149.8490448], [-1928.95739746, 2310.52636719, -376.991638184, -185.158691406, 260.231140137, -290.775726318, 251.337966919, -59.6268806458, 77.3139190674, -73.0386352539, 178.720947266, -243.559936523, 119.855888367], [-16.0567035675, -376.991638184, 1292.24047852, 10.6012496948, -80.8013916016, 225.194152832, -79.5359420776, -51.4904289246, 26.6563014984, 2.2376408577, -106.823127747, 51.1590766907, -125.702301025], [163.528564453, -185.158691406, 10.6012496948, 688.078308105, 162.530319214, -22.2322750092, 36.4372749329, 30.0139808655, 83.7195739746, -55.2448883057, -41.3644371033, 11.7747468948, 7.22493171692], [-147.583648682, 260.231140137, -80.8013916016, 162.530319214, 397.590667725, 34.9629669189, 121.50957489, -20.4258022308, 34.0829277039, 3.74652123451, -22.6672458649, -47.4982948303, -34.0489616394], [126.090171814, -290.775726318, 225.194152832, -22.2322750092, 34.9629669189, 421.071899414, 87.3411178589, 9.12413024902, -31.435251236, 79.2187576294, -43.4431800842, -12.6608142853, -72.263923645], [-226.686721802, 251.337966919, -79.5359420776, 36.4372749329, 121.50957489, 87.3411178589, 300.997039795, -4.28101062775, 8.54275798798, 24.8061714172, 17.4407711029, -67.8939285278, -30.8026638031], [119.775772095, -59.6268806458, -51.4904289246, 30.0139808655, -20.4258022308, 9.12413024902, -4.28101062775, 229.8543396, 37.9032363892, 4.90614461899, 2.12131953239, 17.5781478882, 37.2424087524], [-55.7378120422, 77.3139190674, 26.6563014984, 83.7195739746, 34.0829277039, -31.435251236, 8.54275798798, 37.9032363892, 145.353469849, 14.7456026077, -5.20588254929, 5.07204198837, 20.0477161407], [77.5551757812, -73.0386352539, 2.2376408577, -55.2448883057, 3.74652123451, 79.2187576294, 24.8061714172, 4.90614461899, 14.7456026077, 134.210266113, 31.677904129, -7.48944807053, -18.3881778717], [-246.973388672, 178.720947266, -106.823127747, -41.3644371033, -22.6672458649, -43.4431800842, 17.4407711029, 2.12131953239, -5.20588254929, 31.677904129, 126.377532959, 11.8719978333, 28.7661685944], [259.66317749, -243.559936523, 51.1590766907, 11.7747468948, -47.4982948303, -12.6608142853, -67.8939285278, 17.5781478882, 5.07204198837, -7.48944807053, 11.8719978333, 132.05821228, 18.984287262], [-149.8490448, 119.855888367, -125.702301025, 7.22493171692, -34.0489616394, -72.263923645, -30.8026638031, 37.2424087524, 20.0477161407, -18.3881778717, 28.7661685944, 18.984287262, 123.171508789]],
        "icov": [[0.000121030097944, 6.58639910398e-05, 4.82031537103e-05, -9.49532295635e-06, 9.53290236794e-06, 4.50539228041e-05, 4.82336417917e-06, -4.88911937282e-05, 3.43068750226e-05, -0.000109845641418, 0.00021272378217, -0.000163162010722, 0.000131445136503], [6.58639910398e-05, 0.00113385810982, -0.00010298955749, 0.000558840634767, -0.000747696671169, 0.000501728267409, -0.000495018088259, 0.000186426317669, -0.000714734313078, 0.00103634176776, -0.001528425375, 0.00180519872811, -0.000903813284822], [4.82031537103e-05, -0.00010298955749, 0.00111328763887, -8.37317566038e-05, 0.000395750772441, -0.000623289262876, 0.000378279975848, 0.000219684457988, -0.000510230602231, 0.000147717408254, 0.00070442823926, -0.000656155752949, 0.0011135453824], [-9.49532295635e-06, 0.000558840634767, -8.37317566038e-05, 0.00211553950794, -0.00107767758891, 0.000209576624911, -0.000339878286468, -2.44692018896e-05, -0.00128686812241, 0.00139170244802, -0.000594207609538, 0.000615921628196, -0.00055637920741], [9.53290236794e-06, -0.000747696671169, 0.000395750772441, -0.00107767758891, 0.00391123956069, -0.000445742014563, -0.000649687659461, 0.000237631131313, -0.000113046982733, -0.000825004186481, 0.00164774991572, -0.000853235949762, 0.00143354921602], [4.50539228041e-05, 0.000501728267409, -0.000623289262876, 0.000209576624911, -0.000445742014563, 0.0039779371582, -0.00136802904308, -0.000492431630846, 0.00111197284423, -0.00200144178234, 0.000872551987413, 0.000380348385079, 0.00019340372819], [4.82336417917e-06, -0.000495018088259, 0.000378279975848, -0.000339878286468, -0.000649687659461, -0.00136802904308, 0.00495592597872, -0.000146089587361, -0.00022820266895, -8.24300877866e-05, -0.000716978916898, 0.00105639011599, 0.00122435053345], [-4.88911937282e-05, 0.000186426317669, 0.000219684457988, -2.44692018896e-05, 0.000237631131313, -0.000492431630846, -0.000146089587361, 0.00498860422522, -0.00142205879092, 0.000230776626267, -0.000147610742715, -5.07931181346e-05, -0.00147515791468], [3.43068750226e-05, -0.000714734313078, -0.000510230602231, -0.00128686812241, -0.000113046982733, 0.00111197284423, -0.00022820266895, -0.00142205879092, 0.00936237070709, -0.00326538505033, 0.00222029164433, -0.00153493368998, -0.00100724527147], [-0.000109845641418, 0.00103634176776, 0.000147717408254, 0.00139170244802, -0.000825004186481, -0.00200144178234, -8.24300877866e-05, 0.000230776626267, -0.00326538505033, 0.0117080602795, -0.00536940712482, 0.00257436977699, 0.000570938282181], [0.00021272378217, -0.001528425375, 0.00070442823926, -0.000594207609538, 0.00164774991572, 0.000872551987413, -0.000716978916898, -0.000147610742715, 0.00222029164433, -0.00536940712482, 0.0135269286111, -0.0046974606812, -0.000265532406047], [-0.000163162010722, 0.00180519872811, -0.000656155752949, 0.000615921628196, -0.000853235949762, 0.000380348385079, 0.00105639011599, -5.07931181346e-05, -0.00153493368998, 0.00257436977699, -0.0046974606812, 0.0127054164186, -0.00262109423056], [0.000131445136503, -0.000903813284822, 0.0011135453824, -0.00055637920741, 0.00143354921602, 0.00019340372819, 0.00122435053345, -0.00147515791468, -0.00100724527147, 0.000570938282181, -0.000265532406047, -0.00262109423056, 0.0123043665662]]
    },
    "melbands": {
        "dmean": [0.00262752710842, 0.00225675967522, 0.000491038605105, 0.000296904327115, 0.000459923816379, 0.000448255625088, 0.000135022142786, 9.98082759907e-05, 8.18482949398e-05, 0.000108881562483, 0.000132081710035, 4.75599626952e-05, 5.80585947318e-05, 3.86369865737e-05, 2.05525211641e-05, 1.80755087058e-05, 1.88801150216e-05, 1.56281657837e-05, 1.2999739738e-05, 9.96269227471e-06, 9.66162770055e-06, 9.4901997727e-06, 7.29095609131e-06, 6.33965828456e-06, 5.91957996221e-06, 2.841556352e-06, 2.36010714616e-06, 3.12430029226e-06, 2.8270455914e-06, 1.74397359842e-06, 1.42574651818e-06, 1.71875910837e-06, 2.03041054192e-06, 1.96532437258e-06, 1.69818633822e-06, 1.43837655742e-06, 1.56567023168e-06, 1.00732063402e-06, 6.75877515732e-07, 7.33120828045e-07],
        "dmean2": [0.00452354876325, 0.00387818366289, 0.000843208807055, 0.00046346153249, 0.000693887181114, 0.000690312008373, 0.000200613038032, 0.000144435849506, 0.000118745861982, 0.000163569449796, 0.000190888036741, 6.96996357874e-05, 8.42791778268e-05, 5.69241092307e-05, 2.87756447506e-05, 2.78636998701e-05, 2.9593184081e-05, 2.3569798941e-05, 1.93513624254e-05, 1.50930691234e-05, 1.52880202222e-05, 1.4002658645e-05, 1.12634406833e-05, 1.02704962046e-05, 9.2345126177e-06, 4.59533566755e-06, 3.83400492865e-06, 5.28296504854e-06, 4.9679492804e-06, 2.90824323201e-06, 2.35148104366e-06, 2.93447897093e-06, 3.47703621628e-06, 3.30044122165e-06, 2.91295282295e-06, 2.34742083194e-06, 2.67410950983e-06, 1.69700444985e-06, 1.092681714e-06, 1.20204583709e-06],
        "dvar": [3.02341777569e-05, 3.3002357668e-05, 1.25854023736e-06, 3.65376564559e-07, 8.41698351906e-07, 9.5648158549e-07, 1.26541934264e-07, 9.85865113989e-08, 1.27261643001e-07, 1.12648066874e-07, 2.24927802606e-07, 1.82508355095e-08, 5.57873676144e-08, 2.0457921579e-08, 4.7539892023e-09, 5.95934368519e-09, 4.40282965641e-09, 5.60920287995e-09, 3.15824144614e-09, 1.02239494648e-09, 7.24299176191e-10, 1.45526291018e-09, 5.23249610307e-10, 2.67611599547e-10, 2.14927103892e-10, 4.55798072896e-11, 4.50890297321e-11, 9.89074516733e-11, 6.46808925864e-11, 2.22194866673e-11, 1.46796186318e-11, 2.63605422213e-11, 4.81452343271e-11, 2.96954752455e-11, 2.17318836537e-11, 2.10067119949e-11, 3.24882898362e-11, 1.68655697047e-11, 8.81760636728e-12, 7.98696872528e-12],
        "dvar2": [8.26879550004e-05, 9.25722488319e-05, 3.5491136714e-06, 8.97855784388e-07, 1.81228915608e-06, 2.23290521717e-06, 2.8840057098e-07, 2.12141515021e-07, 3.00767510453e-07, 2.49401750807e-07, 4.89567753448e-07, 4.00157631475e-08, 1.29533390236e-07, 4.48637180739e-08, 8.20456858008e-09, 1.27192825161e-08, 1.03241957206e-08, 1.17208269756e-08, 5.64888358312e-09, 1.99271488199e-09, 1.55655732748e-09, 2.68516386903e-09, 1.09228326384e-09, 6.19039708383e-10, 4.44545567024e-10, 1.04984694549e-10, 1.13619925968e-10, 2.62385668748e-10, 1.75739506281e-10, 5.4948285505e-11, 3.54692178406e-11, 6.69365604611e-11, 1.26209320772e-10, 7.33891281079e-11, 5.4657146864e-11, 5.18276151162e-11, 8.07326289154e-11, 4.23436043173e-11, 1.98695677966e-11, 1.65696952686e-11],
        "max": [0.0580293312669, 0.0577535443008, 0.013101298362, 0.012075452134, 0.0222019832581, 0.0163255520165, 0.00845365785062, 0.0125194005668, 0.0155845927075, 0.0101480549201, 0.0138482069597, 0.00464823516086, 0.00812696479261, 0.00721900444478, 0.00297018932179, 0.00245110527612, 0.00233646878041, 0.00280721625313, 0.00274644605815, 0.00101168814581, 0.000821403285954, 0.0016063892981, 0.000997519353405, 0.000422311160946, 0.000449060316896, 0.000114028844109, 0.000219600347918, 0.000142151358887, 0.000117950316053, 8.24440576253e-05, 5.11101607117e-05, 5.42800044059e-05, 0.000107070867671, 0.000108026550151, 0.000100056138763, 0.000126534941955, 0.000252533325693, 0.000187450379599, 0.000153857734404, 0.00012076405983],
        "mean": [0.00277462601662, 0.00223878840916, 0.000603745225817, 0.000577274186071, 0.00114787858911, 0.0010662979912, 0.000329008325934, 0.000191317740246, 0.000161447271239, 0.000224421091843, 0.000285927439108, 8.89358489076e-05, 0.000118095842481, 7.56717854529e-05, 3.83404440072e-05, 2.81618340523e-05, 3.11720141326e-05, 2.3588007025e-05, 2.0023649995e-05, 1.62670039572e-05, 1.57380036399e-05, 1.98981852009e-05, 1.36758553708e-05, 1.07336172732e-05, 1.07569185275e-05, 4.61432455268e-06, 3.66277095054e-06, 3.7525735479e-06, 3.23940389535e-06, 2.21571986003e-06, 1.63898323535e-06, 1.65343840308e-06, 1.88028525372e-06, 1.85623673588e-06, 1.55508871558e-06, 1.44852060657e-06, 1.42961880556e-06, 9.50480227857e-07, 6.85822726609e-07, 6.95458879818e-07],
        "median": [0.00095832394436, 0.000793108367361, 0.000313885917421, 0.000217448410694, 0.00036363984691, 0.000307576090563, 8.3882267063e-05, 3.77272808691e-05, 3.95813294745e-05, 4.21613804065e-05, 3.43660867657e-05, 2.72976194537e-05, 1.92191491806e-05, 1.57798331202e-05, 1.02144049379e-05, 8.43419184093e-06, 7.20966454537e-06, 6.44129522698e-06, 4.876480034e-06, 4.19976458943e-06, 3.82174357583e-06, 3.04064110423e-06, 2.52010318036e-06, 2.29383931583e-06, 2.5185472623e-06, 1.47408104567e-06, 1.07510197722e-06, 1.00400598058e-06, 7.53858955704e-07, 6.36785671304e-07, 4.61153746301e-07, 3.8371601363e-07, 4.09595230622e-07, 4.04799948228e-07, 3.56080107622e-07, 3.22737406577e-07, 2.40408155605e-07, 1.68040983795e-07, 1.19071337679e-07, 8.12891727264e-08],
        "min": [5.54298834295e-24, 1.06098794081e-23, 1.11432282661e-23, 1.23908543862e-23, 3.58242878533e-24, 1.07207198873e-23, 1.40912898213e-23, 8.46372178427e-24, 1.08963211137e-23, 8.19621826245e-24, 8.47664805907e-24, 1.13219273492e-23, 1.02257641007e-23, 1.65664418857e-23, 1.904118532e-23, 1.2967777554e-23, 1.1813377438e-23, 7.94747543068e-24, 1.31199472449e-23, 2.10939844112e-23, 1.74219788923e-23, 1.38943443855e-23, 5.21223671476e-24, 7.51272077518e-24, 1.2440531324e-23, 1.36715558663e-23, 5.9662496895e-24, 1.16464166051e-23, 9.91238200632e-24, 6.80606548717e-24, 1.33289141321e-23, 1.06945565265e-23, 7.87150102576e-24, 1.45649581964e-23, 9.96734904533e-24, 1.06255461857e-23, 1.194781748e-23, 9.8107932878e-24, 1.23845474433e-23, 1.37008368054e-23],
        "var": [2.82747005258e-05, 2.29147372011e-05, 9.51894662649e-07, 1.06433856217e-06, 3.48696789843e-06, 3.34941955771e-06, 5.87748559155e-07, 2.53050217225e-07, 2.5291396355e-07, 3.59479116696e-07, 8.67933010795e-07, 6.40465671609e-08, 2.07436926303e-07, 8.52700594578e-08, 1.71829022122e-08, 1.01720765144e-08, 1.18798544335e-08, 1.23296883814e-08, 7.09193948012e-09, 3.10377279433e-09, 2.12556150458e-09, 7.45132844315e-09, 2.41896969122e-09, 6.58306575918e-10, 7.21524451297e-10, 9.68337493523e-11, 6.59776122625e-11, 8.78665334936e-11, 6.18960646626e-11, 2.55676851219e-11, 1.52371570222e-11, 2.29273960928e-11, 4.09285036418e-11, 3.11764503103e-11, 2.16263690983e-11, 2.23078396033e-11, 3.39200958988e-11, 1.71477346211e-11, 1.13801693763e-11, 1.29481243435e-11]
    },
    "mfcc": {
        "mean": [-685.644470215, 137.200897217, 14.0766820908, 21.5176696777, 5.86102342606, 3.21811723709, 3.4049115181, 7.01139116287, -2.3349146843, 2.81677865982, -4.12155342102, 0.324779093266, -0.547845780849],
        "cov": [[8174.94091797, -945.84753418, -491.758331299, 191.908203125, -95.9344100952, 129.9506073, -221.495620728, 119.596786499, -44.314868927, -130.206924438, -87.0633087158, 9.60537052155, -40.9563179016], [-945.84753418, 1965.50366211, -161.930343628, -106.682991028, -30.3871955872, -112.240959167, 142.776535034, -109.083984375, -27.913936615, 92.9432525635, 53.9823493958, -8.30532741547, -16.2606182098], [-491.758331299, -161.930343628, 1073.92248535, -90.9539871216, 36.2253875732, 141.746795654, -79.7214355469, 51.2997817993, 20.7118835449, -45.3141593933, 57.5353469849, 9.44491577148, -10.1470346451], [191.908203125, -106.682991028, -90.9539871216, 539.56842041, 126.071151733, -30.8954105377, -33.7513084412, 69.7368621826, 66.9332580566, -28.6216926575, -13.8654165268, 64.1300125122, -21.1667499542], [-95.9344100952, -30.3871955872, 36.2253875732, 126.071151733, 262.031219482, 30.4825687408, -28.0051841736, 37.883895874, 53.2787437439, -0.727379083633, 1.97768294811, 29.5179481506, 4.17859888077], [129.9506073, -112.240959167, 141.746795654, -30.8954105377, 30.4825687408, 382.150115967, 96.862159729, 14.8040781021, 22.9746818542, 23.2435264587, 71.2527999878, -18.4266834259, 50.4819107056], [-221.495620728, 142.776535034, -79.7214355469, -33.7513084412, -28.0051841736, 96.862159729, 254.159713745, 22.8042793274, 5.94820928574, 71.600769043, 50.7382926941, -23.1105728149, 37.020740509], [119.596786499, -109.083984375, 51.2997817993, 69.7368621826, 37.883895874, 14.8040781021, 22.8042793274, 155.693252563, 62.8345832825, -11.1377773285, 1.2524805069, 14.739159584, 11.8246660233], [-44.314868927, -27.913936615, 20.7118835449, 66.9332580566, 53.2787437439, 22.9746818542, 5.94820928574, 62.8345832825, 154.688476562, 52.8894424438, 13.6932420731, -4.22698640823, -3.40599036217], [-130.206924438, 92.9432525635, -45.3141593933, -28.6216926575, -0.727379083633, 23.2435264587, 71.600769043, -11.1377773285, 52.8894424438, 149.557601929, 41.5178451538, -19.6604290009, 7.11816072464], [-87.0633087158, 53.9823493958, 57.5353469849, -13.8654165268, 1.97768294811, 71.2527999878, 50.7382926941, 1.2524805069, 13.6932420731, 41.5178451538, 125.125358582, 31.4470443726, 20.0632324219], [9.60537052155, -8.30532741547, 9.44491577148, 64.1300125122, 29.5179481506, -18.4266834259, -23.1105728149, 14.739159584, -4.22698640823, -19.6604290009, 31.4470443726, 113.792739868, 24.5353431702], [-40.9563179016, -16.2606182098, -10.1470346451, -21.1667499542, 4.17859888077, 50.4819107056, 37.020740509, 11.8246660233, -3.40599036217, 7.11816072464, 20.0632324219, 24.5353431702, 122.140731812]],
